SubmitTime,StartTime,EndTime,QueuedTime,RunTime,NodesRequested,walltime,bslowdown
5,155,3364,150,3209,2,7200,1.04674353381
57,160,3389,103,3229,2,7200,1.03189842056
84,228,3557,144,3329,2,7200,1.0432562331
108,248,3413,140,3165,2,7200,1.04423380727
144,388,3595,244,3207,2,7200,1.0760835672
146,409,3723,263,3314,2,7200,1.07936028968
173,426,3646,253,3220,2,7200,1.07857142857
218,436,3671,218,3235,2,7200,1.06738794436
237,443,3621,206,3178,2,7200,1.06482064191
252,449,3705,197,3256,2,7200,1.0605036855
273,456,3470,183,3014,2,7200,1.06071665561
311,339,3509,28,3170,2,7200,1.00883280757
324,488,3715,164,3227,2,7200,1.05082119616
339,495,3803,156,3308,2,7200,1.04715840387
508,514,3775,6,3261,2,7200,1.0018399264
560,566,3885,6,3319,2,7200,1.00180777343
562,572,3689,10,3117,2,7200,1.00320821303
577,583,3899,6,3316,2,7200,1.00180940893
578,589,3854,11,3265,2,7200,1.00336906585
584,595,4099,11,3504,2,7200,1.00313926941
593,601,3897,8,3296,2,7200,1.00242718447
595,607,4123,12,3516,2,7200,1.00341296928
610,616,3910,6,3294,2,7200,1.00182149362
625,631,3755,6,3124,2,7200,1.0019206146
626,637,3881,11,3244,2,7200,1.00339087546
628,642,3832,14,3190,2,7200,1.00438871473
643,648,3893,5,3245,2,7200,1.00154083205
658,664,3960,6,3296,2,7200,1.00182038835
659,670,3777,11,3107,2,7200,1.00354039266
680,686,4053,6,3367,2,7200,1.00178200178
695,701,3940,6,3239,2,7200,1.00185242359
710,716,3919,6,3203,2,7200,1.00187324383
792,798,4200,6,3402,2,7200,1.00176366843
793,804,4066,11,3262,2,7200,1.00337216432
827,833,4006,6,3173,2,7200,1.00189095493
841,848,4538,7,3690,2,7200,1.00189701897
981,987,993,6,6,16,36600,1.2
1008,1014,4714,6,3700,2,7200,1.00162162162
1038,1044,4207,6,3163,2,7200,1.00189693329
1053,1059,4195,6,3136,2,7200,1.00191326531
1068,1073,4567,5,3494,2,7200,1.00143102461
1083,1089,4364,6,3275,2,7200,1.00183206107
1167,1174,4356,7,3182,2,7200,1.00219987429
1183,1189,4404,6,3215,2,7200,1.00186625194
1184,1195,4446,11,3251,2,7200,1.00338357428
1186,1200,4420,14,3220,2,7200,1.00434782609
1187,1206,4595,19,3389,2,7200,1.00560637356
1202,1212,4623,10,3411,2,7200,1.00293169159
1220,1226,4417,6,3191,2,7200,1.00188028831
1235,1242,4649,7,3407,2,7200,1.00205459348
1237,1248,4577,11,3329,2,7200,1.00330429558
1291,1297,4707,6,3410,2,7200,1.00175953079
1306,1312,4531,6,3219,2,7200,1.0018639329
1321,1327,4761,6,3434,2,7200,1.00174723355
1363,1370,4493,7,3123,2,7200,1.00224143452
1385,1392,4629,7,3237,2,7200,1.00216249614
1400,1407,4651,7,3244,2,7200,1.00215782984
1415,1421,4619,6,3198,2,7200,1.00187617261
1436,1442,4607,6,3165,2,7200,1.0018957346
1451,1457,4972,6,3515,2,7200,1.00170697013
1497,1503,5206,6,3703,2,7200,1.00162030786
1512,1518,4909,6,3391,2,7200,1.00176938956
1551,1557,4701,6,3144,2,7200,1.00190839695
1566,1572,4661,6,3089,2,7200,1.00194237617
1596,1602,4679,6,3077,2,7200,1.00194995125
1635,1641,5019,6,3378,2,7200,1.00177619893
1650,1656,5044,6,3388,2,7200,1.00177095632
1665,1671,4949,6,3278,2,7200,1.00183038438
1759,1765,5260,6,3495,2,7200,1.0017167382
1774,1780,5022,6,3242,2,7200,1.00185070944
1792,1798,4924,6,3126,2,7200,1.0019193858
1807,1814,5100,7,3286,2,7200,1.00213024954
1931,1938,5066,7,3128,2,7200,1.00223785166
2082,2089,5331,7,3242,2,7200,1.00215916101
2513,2519,6043,6,3524,2,7200,1.00170261067
2542,2548,5774,6,3226,2,7200,1.00185988841
2604,3190,3201,586,11,16,600,54.2727272727
2765,2771,6015,6,3244,2,7200,1.00184956843
2898,2904,6266,6,3362,2,7200,1.00178465199
2913,2919,6116,6,3197,2,7200,1.00187675946
2915,2925,6113,10,3188,2,7200,1.00313676286
2916,2930,6057,14,3127,2,7200,1.00447713463
2934,2940,6370,6,3430,2,7200,1.00174927114
2976,2983,6249,7,3266,2,7200,1.00214329455
2998,3004,6302,6,3298,2,7200,1.00181928441
3004,3011,6510,7,3499,2,7200,1.00200057159
3019,3025,6276,6,3251,2,7200,1.00184558597
3020,3031,6727,11,3696,2,7200,1.00297619048
3067,3073,6871,6,3798,2,7200,1.00157977883
3087,3093,6233,6,3140,2,7200,1.00191082803
3114,3120,6493,6,3373,2,7200,1.0017788319
3153,3159,6395,6,3236,2,7200,1.00185414091
3168,3174,6536,6,3362,2,7200,1.00178465199
3169,3180,6358,11,3178,2,7200,1.00346129641
3184,3196,6429,12,3233,2,7200,1.00371172286
3199,3205,6461,6,3256,2,7200,1.00184275184
3206,3212,6452,6,3240,1,7200,1.00185185185
3366,3372,6778,6,3406,2,7200,1.00176159718
3390,3396,6498,6,3102,2,7200,1.00193423598
3414,3420,6951,6,3531,2,7200,1.00169923534
3472,3478,6677,6,3199,2,7200,1.00187558612
3512,3518,7013,6,3495,2,7200,1.0017167382
3556,3563,6855,7,3292,2,7200,1.00212636695
3596,3602,6749,6,3147,2,7200,1.00190657769
3620,3626,7081,6,3455,2,7200,1.0017366136
3621,3632,7013,11,3381,2,7200,1.0032534753
3649,3655,6900,6,3245,2,7200,1.00184899846
3673,3679,7135,6,3456,2,7200,1.00173611111
3691,3697,6891,6,3194,2,7200,1.00187852223
3706,3712,7228,6,3516,2,7200,1.00170648464
3721,3727,6836,6,3109,2,7200,1.00192988099
3736,3742,6822,6,3080,2,7200,1.00194805195
3757,3763,6830,6,3067,2,7200,1.0019563091
3775,3781,7027,6,3246,2,7200,1.00184842884
3790,3796,7118,6,3322,2,7200,1.00180614088
3805,3811,7257,6,3446,2,7200,1.00174114916
3833,3839,7158,6,3319,2,7200,1.00180777343
3854,3860,7128,6,3268,2,7200,1.00183598531
3881,3887,7083,6,3196,2,7200,1.00187734668
3896,3902,7261,6,3359,2,7200,1.00178624591
3897,3908,6990,11,3082,2,7200,1.00356911097
3899,3913,7390,14,3477,2,7200,1.00402645959
3914,3920,7330,6,3410,2,7200,1.00175953079
3915,3926,7205,11,3279,2,7200,1.00335468131
3930,3937,7277,7,3340,2,7200,1.00209580838
3945,3951,7701,6,3750,2,7200,1.0016
3960,3967,7142,7,3175,2,7200,1.00220472441
4006,4012,7231,6,3219,2,7200,1.0018639329
4054,4060,7186,6,3126,2,7200,1.0019193858
4069,4075,7325,6,3250,2,7200,1.00184615385
4103,4110,7806,7,3696,2,7200,1.00189393939
4123,4130,7668,7,3538,2,7200,1.00197851894
4193,4199,7613,6,3414,2,7200,1.00175746924
4208,4214,7466,6,3252,2,7200,1.00184501845
4210,4220,7289,10,3069,2,7200,1.00325839036
4358,4364,7678,6,3314,2,7200,1.00181050091
4373,4379,7300,6,2921,2,7200,1.00205409106
4403,4409,7755,6,3346,2,7200,1.00179318589
4418,4424,7815,6,3391,2,7200,1.00176938956
4419,4430,7730,11,3300,2,7200,1.00333333333
4447,4453,8015,6,3562,2,7200,1.00168444694
4495,4501,7914,6,3413,2,7200,1.00175798418
4531,4537,7985,6,3448,2,7200,1.00174013921
4546,4552,7818,6,3266,2,7200,1.00183710961
4567,4573,7859,6,3286,2,7200,1.00182592818
4582,4588,7974,6,3386,2,7200,1.00177200236
4597,4603,7794,6,3191,2,7200,1.00188028831
4612,4618,8154,6,3536,2,7200,1.00169683258
4628,4634,7662,6,3028,2,7200,1.00198150594
4629,4640,8222,11,3582,2,7200,1.00307091011
4644,4650,8103,6,3453,2,7200,1.00173761946
4659,4665,7926,6,3261,2,7200,1.0018399264
4661,4671,8101,10,3430,2,7200,1.0029154519
4676,4682,8160,6,3478,2,7200,1.00172512938
4691,4697,8139,6,3442,2,7200,1.00174317257
4706,4712,8133,6,3421,2,7200,1.00175387314
4721,4727,8124,6,3397,2,7200,1.00176626435
4722,4733,8001,11,3268,2,7200,1.00336597307
4765,4771,8225,6,3454,2,7200,1.00173711639
4910,4916,8153,6,3237,2,7200,1.00185356812
4925,4931,8321,6,3390,2,7200,1.0017699115
4949,4955,8207,6,3252,2,7200,1.00184501845
4973,4980,8234,7,3254,2,7200,1.00215119852
5019,5025,8170,6,3145,2,7200,1.00190779014
5034,5040,8197,6,3157,2,7200,1.00190053849
5049,5055,8315,6,3260,2,7200,1.0018404908
5067,5073,8223,6,3150,2,7200,1.0019047619
5103,5109,8353,6,3244,2,7200,1.00184956843
5209,5215,8568,6,3353,2,7200,1.00178944229
5260,5266,8487,6,3221,2,7200,1.00186277554
5333,5339,8505,6,3166,2,7200,1.00189513582
5775,5781,9032,6,3251,2,7200,1.00184558597
6017,6023,9267,6,3244,2,7200,1.00184956843
6047,6054,9514,7,3460,2,7200,1.00202312139
6059,6065,9507,6,3442,2,7200,1.00174317257
6099,6791,6836,692,45,16,600,16.3777777778
6113,6120,9710,7,3590,2,7200,1.00194986072
6128,6134,9291,6,3157,2,7200,1.00190053849
6234,6240,9738,6,3498,2,7200,1.00171526587
6249,6255,9578,6,3323,2,7200,1.00180559735
6267,6273,9492,6,3219,2,7200,1.0018639329
6282,6288,9432,6,3144,2,7200,1.00190839695
6305,6311,9692,6,3381,2,7200,1.00177462289
6358,6364,9833,6,3469,2,7200,1.00172960507
6373,6379,9547,6,3168,2,7200,1.00189393939
6397,6403,9628,6,3225,2,7200,1.00186046512
6430,6436,9600,6,3164,2,7200,1.00189633375
6463,6470,9629,7,3159,2,7200,1.0022158911
6478,6484,13693,6,7209,1,7200,1.00083229297
6494,6500,9609,6,3109,2,7200,1.00192988099
6509,6515,9863,6,3348,2,7200,1.0017921147
6510,6521,9688,11,3167,2,7200,1.0034733186
6537,6543,9860,6,3317,2,7200,1.00180886343
6676,6683,9866,7,3183,2,7200,1.00219918316
6728,6734,10088,6,3354,2,7200,1.00178890877
6749,6755,9762,6,3007,2,7200,1.0019953442
6779,6785,9902,6,3117,2,7200,1.00192492782
6822,6828,10020,6,3192,2,7200,1.00187969925
6837,6843,10053,6,3210,2,7200,1.00186915888
6838,6849,10092,11,3243,2,7200,1.00339192106
6856,6862,10095,6,3233,2,7200,1.00185586143
6874,6880,10131,6,3251,2,7200,1.00184558597
6892,6899,10120,7,3221,2,7200,1.00217323812
6907,6913,10363,6,3450,2,7200,1.00173913043
6952,6959,10122,7,3163,2,7200,1.00221308884
6989,6995,10213,6,3218,2,7200,1.00186451212
7016,7022,10365,6,3343,2,7200,1.00179479509
7016,7027,10468,11,3441,2,7200,1.00319674513
7031,7037,10420,6,3383,2,7200,1.00177357375
7082,7088,10299,6,3211,2,7200,1.00186857677
7084,7094,10392,10,3298,2,7200,1.00303214069
7120,7126,10374,6,3248,2,7200,1.00184729064
7135,7141,10446,6,3305,2,7200,1.00181543116
7136,7147,10367,11,3220,2,7200,1.00341614907
7152,7158,10443,6,3285,2,7200,1.00182648402
7167,7173,10389,6,3216,2,7200,1.00186567164
7188,7194,10662,6,3468,2,7200,1.00173010381
7206,7212,10414,6,3202,2,7200,1.00187382886
7227,7233,10447,6,3214,2,7200,1.00186683261
7242,7248,10438,6,3190,2,7200,1.00188087774
7257,7263,10354,6,3091,2,7200,1.00194111938
7272,7278,10562,6,3284,2,7200,1.00182704019
7287,7293,10525,6,3232,2,7200,1.00185643564
7302,7308,10504,6,3196,2,7200,1.00187734668
7304,7314,10465,10,3151,2,7200,1.00317359568
7328,7334,10424,6,3090,2,7200,1.00194174757
7343,7349,10549,6,3200,2,7200,1.001875
7391,7398,10954,7,3556,2,7200,1.00196850394
7467,7473,10744,6,3271,2,7200,1.00183430144
7584,7819,7859,235,40,16,600,6.875
7612,7618,11015,6,3397,2,7200,1.00176626435
7664,7670,10992,6,3322,2,7200,1.00180614088
7679,7685,10815,6,3130,2,7200,1.00191693291
7680,7691,11216,11,3525,2,7200,1.00312056738
7701,7708,10980,7,3272,2,7200,1.0021393643
7732,7738,10941,6,3203,2,7200,1.00187324383
7756,7762,10894,6,3132,2,7200,1.00191570881
7795,7801,10995,6,3194,2,7200,1.00187852223
7807,7813,11350,6,3537,2,7200,1.00169635284
7816,7825,10967,9,3142,2,7200,1.00286441757
7831,7838,11288,7,3450,2,7200,1.00202898551
7862,7868,11423,6,3555,2,7200,1.00168776371
7916,7922,11165,6,3243,2,7200,1.00185013876
7931,7937,11095,6,3158,2,7200,1.00189993667
7976,7982,11300,6,3318,2,7200,1.00180831826
7991,7997,10988,6,2991,2,7200,1.00200601805
8006,8012,11372,6,3360,2,7200,1.00178571429
8021,8027,11598,6,3571,2,7200,1.00168020162
8103,8109,11333,6,3224,2,7200,1.00186104218
8105,8115,11644,10,3529,2,7200,1.00283366393
8126,8132,11556,6,3424,2,7200,1.00175233645
8141,8147,11561,6,3414,2,7200,1.00175746924
8142,8153,11386,11,3233,2,7200,1.00340241262
8158,8163,11477,5,3314,2,7200,1.00150875075
8159,8169,11532,10,3363,2,7200,1.00297353553
8160,8175,11224,15,3049,2,7200,1.00491964579
8175,8182,11500,7,3318,2,7200,1.00210970464
8200,8206,11541,6,3335,2,7200,1.00179910045
8215,8221,11492,6,3271,2,7200,1.00183430144
8230,8236,11414,6,3178,2,7200,1.00188797986
8231,8247,11709,16,3462,2,7200,1.00462160601
8232,8242,8565,10,323,16,600,1.03095975232
8233,8252,11446,19,3194,2,7200,1.00594865373
8248,8259,11794,11,3535,2,7200,1.00311173975
8317,8324,11559,7,3235,2,7200,1.00216383308
8332,8338,11621,6,3283,2,7200,1.00182759671
8353,8360,12021,7,3661,2,7200,1.00191204589
8487,8493,11561,6,3068,2,7200,1.00195567145
8505,8511,11862,6,3351,2,7200,1.0017905103
8568,8574,11746,6,3172,2,7200,1.00189155107
8646,8652,8992,6,340,16,600,1.01764705882
8950,8956,9125,6,169,1,3600,1.03550295858
9034,9040,12342,6,3302,2,7200,1.00181708056
9267,9273,12490,6,3217,2,7200,1.0018650917
9291,9297,12303,6,3006,2,7200,1.00199600798
9301,9307,9661,6,354,1,3600,1.01694915254
9433,9439,12924,6,3485,2,7200,1.00172166428
9493,9500,13086,7,3586,2,7200,1.00195203569
9509,9515,12826,6,3311,2,7200,1.00181214135
9516,9523,12992,7,3469,2,7200,1.00201787259
9548,9554,12996,6,3442,2,7200,1.00174317257
9578,9584,12741,6,3157,2,7200,1.00190053849
9602,9608,12807,6,3199,2,7200,1.00187558612
9617,9623,12900,6,3277,2,7200,1.00183094294
9632,9638,13032,6,3394,2,7200,1.00176782557
9633,9644,12860,11,3216,2,7200,1.00342039801
9688,9694,12972,6,3278,2,7200,1.00183038438
9695,9701,13226,6,3525,2,7200,1.00170212766
9709,9715,13082,6,3367,2,7200,1.00178200178
9739,9745,13195,6,3450,2,7200,1.00173913043
9763,9770,12875,7,3105,2,7200,1.00225442834
9833,9839,12988,6,3149,2,7200,1.00190536678
9860,9866,13411,6,3545,2,7200,1.00169252468
9875,9881,13247,6,3366,2,7200,1.00178253119
9877,9887,13191,10,3304,2,7200,1.00302663438
9901,9907,13326,6,3419,2,7200,1.00175489909
9975,10104,10112,129,8,16,600,13.7
10013,10019,10875,6,856,1,3600,1.00700934579
10019,10025,13293,6,3268,2,7200,1.00183598531
10052,10058,13491,6,3433,2,7200,1.0017477425
10088,10095,13398,7,3303,2,7200,1.0021192855
10104,10110,13649,6,3539,2,7200,1.00169539418
10105,10116,13348,11,3232,2,7200,1.00340346535
10120,10126,13232,6,3106,2,7200,1.00193174501
10122,10132,13238,10,3106,2,7200,1.00321957502
10133,10139,13766,6,3627,2,7200,1.00165425972
10216,10222,13480,6,3258,2,7200,1.00184162063
10300,10307,13467,7,3160,2,7200,1.00221518987
10355,10361,13551,6,3190,2,7200,1.00188087774
10369,10374,13826,5,3452,2,7200,1.00144843569
10370,10380,13579,10,3199,2,7200,1.00312597687
10372,10386,13967,14,3581,2,7200,1.00390952248
10387,10392,13571,5,3179,2,7200,1.00157282164
10402,10408,13642,6,3234,2,7200,1.00185528757
10403,10414,13669,11,3255,2,7200,1.00337941628
10418,10425,13866,7,3441,2,7200,1.00203429236
10420,10431,13775,11,3344,2,7200,1.00328947368
10435,10441,13576,6,3135,2,7200,1.0019138756
10451,10457,13673,6,3216,2,7200,1.00186567164
10452,10463,13737,11,3274,2,7200,1.00335980452
10453,10469,13650,16,3181,2,7200,1.00502986482
10455,10474,13653,19,3179,2,7200,1.00597672224
10470,10480,13524,10,3044,2,7200,1.00328515112
10471,10485,13582,14,3097,2,7200,1.00452050371
10505,10511,13794,6,3283,2,7200,1.00182759671
10526,10532,13822,6,3290,2,7200,1.00182370821
10550,10556,14034,6,3478,2,7200,1.00172512938
10565,10571,13963,6,3392,2,7200,1.00176886792
10662,10668,13915,6,3247,2,7200,1.00184785956
10744,10750,14171,6,3421,2,7200,1.00175387314
10816,10823,14054,7,3231,2,7200,1.00216651192
10856,11345,11899,489,554,16,600,1.88267148014
10895,10901,14183,6,3282,2,7200,1.00182815356
10944,10950,14137,6,3187,2,7200,1.00188264826
10959,10965,14243,6,3278,2,7200,1.00183038438
10974,10980,14333,6,3353,2,7200,1.00178944229
10989,10996,14573,7,3577,2,7200,1.00195694716
10991,11002,14338,11,3336,2,7200,1.00329736211
11006,11012,14191,6,3179,2,7200,1.00188738597
11007,11019,14288,12,3269,2,7200,1.00367084735
11022,11028,14244,6,3216,2,7200,1.00186567164
11098,11104,14575,6,3471,2,7200,1.00172860847
11164,11170,14643,6,3473,2,7200,1.00172761301
11216,11222,14359,6,3137,2,7200,1.0019126554
11231,11237,14540,6,3303,2,7200,1.00181653043
11288,11294,14569,6,3275,2,7200,1.00183206107
11303,11309,14527,6,3218,2,7200,1.00186451212
11333,11339,14889,6,3550,2,7200,1.00169014085
11351,11357,14900,6,3543,2,7200,1.0016934801
11373,11379,14600,6,3221,2,7200,1.00186277554
11388,11394,14782,6,3388,2,7200,1.00177095632
11415,11421,14684,6,3263,2,7200,1.00183879865
11430,11436,14679,6,3243,2,7200,1.00185013876
11448,11454,14821,6,3367,2,7200,1.00178200178
11479,11485,14698,6,3213,2,7200,1.00186741363
11494,11500,14697,6,3197,2,7200,1.00187675946
11508,11515,14728,7,3213,2,7200,1.00217864924
11533,11539,15062,6,3523,2,7200,1.00170309395
11547,11554,14975,7,3421,2,7200,1.00204618533
11563,11569,14845,6,3276,2,7200,1.00183150183
11564,11575,14833,11,3258,2,7200,1.00337630448
11566,11580,14790,14,3210,2,7200,1.00436137072
11567,11586,15015,19,3429,2,7200,1.00554097404
11597,11603,15059,6,3456,2,7200,1.00173611111
11618,11625,14995,7,3370,2,7200,1.00207715134
11646,11652,15121,6,3469,2,7200,1.00172960507
11709,11715,15327,6,3612,2,7200,1.00166112957
11726,11732,11847,6,115,1,3600,1.05217391304
11749,11755,14876,6,3121,2,7200,1.00192246075
11797,11803,15075,6,3272,2,7200,1.00183374083
11864,11870,15161,6,3291,2,7200,1.00182315406
11959,11965,12567,6,602,16,600,1.00996677741
12021,12028,15193,7,3165,2,7200,1.00221169036
12031,12037,12398,6,361,1,3600,1.01662049861
12303,12309,15537,6,3228,2,7200,1.00185873606
12342,12349,15518,7,3169,2,7200,1.00220889871
12490,12496,15871,6,3375,2,7200,1.00177777778
12744,12750,16220,6,3470,2,7200,1.00172910663
12808,12814,16037,6,3223,2,7200,1.00186161961
12829,12835,16153,6,3318,2,7200,1.00180831826
12862,12868,16008,6,3140,2,7200,1.00191082803
12877,12883,16108,6,3225,2,7200,1.00186046512
12887,12893,13517,6,624,1,3600,1.00961538462
12888,13249,49885,361,36636,16,36600,1.00985369582
12901,12907,16133,6,3226,2,7200,1.00185988841
12925,12932,16129,7,3197,2,7200,1.00218955271
12966,13008,13169,42,161,1,3600,1.26086956522
12974,12980,16218,6,3238,2,7200,1.00185299568
12989,12995,16474,6,3479,2,7200,1.00172463352
12995,13001,16517,6,3516,2,7200,1.00170648464
13004,13014,16260,10,3246,2,7200,1.00308071473
13034,13040,16304,6,3264,2,7200,1.00183823529
13069,13590,13594,521,4,16,36600,52.5
13083,13089,16282,6,3193,2,7200,1.00187911055
13098,13104,16423,6,3319,2,7200,1.00180777343
13194,13200,16586,6,3386,2,7200,1.00177200236
13209,13215,16511,6,3296,2,7200,1.00182038835
13228,13235,16769,7,3534,2,7200,1.00198075835
13234,13241,16731,7,3490,2,7200,1.00200573066
13249,13256,16469,7,3213,2,7200,1.00217864924
13250,13261,16628,11,3367,2,7200,1.00326700327
13295,13302,16502,7,3200,2,7200,1.0021875
13329,13335,16727,6,3392,2,7200,1.00176886792
13350,13362,13856,12,494,1,3600,1.02429149798
13350,13357,16594,7,3237,2,7200,1.00216249614
13398,13404,16681,6,3277,2,7200,1.00183094294
13413,13419,16831,6,3412,2,7200,1.00175849941
13468,13474,16643,6,3169,2,7200,1.00189334175
13482,13502,16750,20,3248,2,7200,1.00615763547
13497,13597,16896,100,3299,2,7200,1.03031221582
13525,13605,16910,80,3305,2,7200,1.02420574887
13552,13610,16888,58,3278,2,7200,1.01769371568
13573,13616,16946,43,3330,2,7200,1.01291291291
13588,13621,16986,33,3365,2,7200,1.00980683507
13590,13626,16953,36,3327,2,7200,1.01082055906
13591,13631,16850,40,3219,2,7200,1.01242621932
13642,13648,17051,6,3403,2,7200,1.00176315016
13658,13664,16873,6,3209,2,7200,1.00186974135
13659,13670,16945,11,3275,2,7200,1.00335877863
13660,13675,16893,15,3218,2,7200,1.0046612803
13676,13681,16949,5,3268,2,7200,1.00152998776
13677,13687,17002,10,3315,2,7200,1.00301659125
13738,13744,16892,6,3148,2,7200,1.00190597205
13768,13774,17387,6,3613,2,7200,1.0016606698
13777,13783,17122,6,3339,2,7200,1.00179694519
13795,13801,17128,6,3327,2,7200,1.00180342651
13822,13828,17183,6,3355,2,7200,1.00178837556
13829,13835,17401,6,3566,2,7200,1.00168255749
13865,13871,17078,6,3207,2,7200,1.00187090739
13916,13922,17206,6,3284,2,7200,1.00182704019
13962,13968,17316,6,3348,2,7200,1.0017921147
13963,13974,17176,11,3202,2,7200,1.0034353529
14036,14042,17524,6,3482,2,7200,1.00172314762
14057,14063,17518,6,3455,2,7200,1.0017366136
14139,14145,17320,6,3175,2,7200,1.00188976378
14172,14178,17408,6,3230,2,7200,1.00185758514
14187,14193,17478,6,3285,2,7200,1.00182648402
14202,14208,17336,6,3128,2,7200,1.00191815857
14225,14231,15194,6,963,1,3600,1.0062305296
14245,14251,17428,6,3177,2,7200,1.00188857413
14246,14257,17482,11,3225,2,7200,1.00341085271
14288,14294,17606,6,3312,2,7200,1.0018115942
14334,14340,17606,6,3266,2,7200,1.00183710961
14349,14355,17673,6,3318,2,7200,1.00180831826
14364,14370,17796,6,3426,2,7200,1.00175131349
14530,14537,17855,7,3318,2,7200,1.00210970464
14545,14551,17850,6,3299,2,7200,1.00181873295
14570,14576,17967,6,3391,2,7200,1.00176938956
14585,14591,18021,6,3430,2,7200,1.00174927114
14586,14597,17890,11,3293,2,7200,1.00334041907
14601,14608,18015,7,3407,2,7200,1.00205459348
14644,14650,17909,6,3259,2,7200,1.00184105554
14680,14686,18005,6,3319,2,7200,1.00180777343
14695,14701,17962,6,3261,2,7200,1.0018399264
14696,14707,17958,11,3251,2,7200,1.00338357428
14712,14718,17903,6,3185,2,7200,1.00188383046
14730,14736,17975,6,3239,2,7200,1.00185242359
14781,14787,18042,6,3255,2,7200,1.00184331797
14796,14802,17915,6,3113,2,7200,1.00192740122
14823,14829,18101,6,3272,2,7200,1.00183374083
14838,14844,18011,6,3167,2,7200,1.00189453742
14853,14859,18373,6,3514,2,7200,1.00170745589
14877,14883,18311,6,3428,2,7200,1.00175029172
14892,14898,18127,6,3229,2,7200,1.00185816042
14903,14909,18352,6,3443,2,7200,1.00174266628
14976,14983,18658,7,3675,2,7200,1.0019047619
14998,15004,18202,6,3198,2,7200,1.00187617261
15016,15022,18544,6,3522,2,7200,1.00170357751
15061,15067,18441,6,3374,2,7200,1.00177830468
15076,15082,18487,6,3405,2,7200,1.00176211454
15077,15088,18442,11,3354,2,7200,1.00327966607
15123,15129,18273,6,3144,2,7200,1.00190839695
15162,15168,18512,6,3344,2,7200,1.00179425837
15195,15201,18754,6,3553,2,7200,1.00168871376
15328,15335,18743,7,3408,2,7200,1.00205399061
15519,15525,18732,6,3207,2,7200,1.00187090739
15537,15543,18767,6,3224,2,7200,1.00186104218
15872,15879,19115,7,3236,2,7200,1.0021631644
16011,16017,19421,6,3404,2,7200,1.0017626322
16029,16036,19225,7,3189,2,7200,1.00219504547
16108,16114,19331,6,3217,2,7200,1.0018650917
16129,16135,19268,6,3133,2,7200,1.00191509735
16144,16150,19531,6,3381,2,7200,1.00177462289
16154,16164,16289,10,125,1,1800,1.08
16159,16170,19450,11,3280,2,7200,1.00335365854
16218,16224,19478,6,3254,2,7200,1.00184388445
16219,16230,19467,11,3237,2,7200,1.00339820822
16262,16268,19729,6,3461,2,7200,1.001733603
16286,16292,19542,6,3250,2,7200,1.00184615385
16301,16307,19425,6,3118,2,7200,1.00192431046
16411,16597,16711,186,114,1,3600,2.63157894737
16425,16432,19673,7,3241,2,7200,1.00215982721
16471,16477,19730,6,3253,2,7200,1.00184445128
16486,16492,19624,6,3132,2,7200,1.00191570881
16504,16510,19771,6,3261,2,7200,1.0018399264
16518,16530,19863,12,3333,2,7200,1.00360036004
16519,16525,20008,6,3483,2,7200,1.00172265289
16585,16591,19789,6,3198,2,7200,1.00187617261
16596,16721,16827,125,106,1,1800,2.17924528302
16600,16606,20083,6,3477,2,7200,1.00172562554
16630,16636,20035,6,3399,2,7200,1.00176522507
16645,16651,20313,6,3662,2,7200,1.00163844894
16682,16688,20059,6,3371,2,7200,1.00177988727
16730,16736,19784,6,3048,2,7200,1.00196850394
16745,16751,20012,6,3261,2,7200,1.0018399264
16760,16766,20033,6,3267,2,7200,1.00183654729
16770,16776,20133,6,3357,2,7200,1.0017873101
16833,16839,20105,6,3266,2,7200,1.00183710961
16851,16857,20111,6,3254,2,7200,1.00184388445
16872,16878,19997,6,3119,2,7200,1.00192369349
16889,16895,17227,6,332,1,3600,1.01807228916
16890,16901,20172,11,3271,2,7200,1.00336288597
16906,16912,20270,6,3358,2,7200,1.00178677784
16907,16918,20007,11,3089,2,7200,1.00356102298
16909,16923,19917,14,2994,2,7200,1.0046760187
16924,16929,20294,5,3365,2,7200,1.0014858841
16945,16951,20195,6,3244,2,7200,1.00184956843
16960,16966,20343,6,3377,2,7200,1.0017767249
16961,16972,20392,11,3420,2,7200,1.00321637427
16963,16977,20155,14,3178,2,7200,1.00440528634
16987,16993,20150,6,3157,2,7200,1.00190053849
17005,17011,20484,6,3473,2,7200,1.00172761301
17053,17059,20067,6,3008,2,7200,1.00199468085
17080,17087,20574,7,3487,2,7200,1.00200745627
17123,17129,20451,6,3322,2,7200,1.00180614088
17138,17144,20286,6,3142,2,7200,1.00190961171
17174,17180,20559,6,3379,2,7200,1.00177567328
17189,17195,20460,6,3265,2,7200,1.00183767228
17207,17213,20654,6,3441,2,7200,1.00174367916
17319,17325,20654,6,3329,2,7200,1.00180234305
17334,17341,20623,7,3282,2,7200,1.00213284583
17336,17347,20685,11,3338,2,7200,1.00329538646
17389,17396,20716,7,3320,2,7200,1.00210843373
17405,17411,20808,6,3397,2,7200,1.00176626435
17408,17417,20729,9,3312,2,7200,1.0027173913
17430,17436,20877,6,3441,2,7200,1.00174367916
17481,17487,20653,6,3166,2,7200,1.00189513582
17496,17502,20978,6,3476,2,7200,1.00172612198
17500,17533,18113,33,580,1,1800,1.05689655172
17520,17527,20738,7,3211,2,7200,1.00218000623
17535,17542,20832,7,3290,2,7200,1.00212765957
17605,17611,21141,6,3530,2,7200,1.00169971671
17606,17617,21109,11,3492,2,7200,1.00315005727
17676,17682,21031,6,3349,2,7200,1.00179157958
17721,17918,18525,197,607,1,3600,1.32454695222
17797,17804,21063,7,3259,2,7200,1.00214789813
17852,17858,21235,6,3377,2,7200,1.0017767249
17867,17873,21190,6,3317,2,7200,1.00180886343
17891,17897,21126,6,3229,2,7200,1.00185816042
17906,17912,20974,6,3062,2,7200,1.00195950359
17921,17927,21335,6,3408,2,7200,1.00176056338
17922,17933,21186,11,3253,2,7200,1.00338149401
17959,17965,21256,6,3291,2,7200,1.00182315406
17974,17980,21073,6,3093,2,7200,1.00193986421
17976,17986,21187,10,3201,2,7200,1.00312402374
17991,17997,21195,6,3198,2,7200,1.00187617261
18006,18012,21297,6,3285,2,7200,1.00182648402
18021,18027,21180,6,3153,2,7200,1.00190294957
18022,18033,21422,11,3389,2,7200,1.00324579522
18024,18039,21204,15,3165,2,7200,1.00473933649
18044,18050,21330,6,3280,2,7200,1.00182926829
18102,18108,21233,6,3125,2,7200,1.00192
18129,18135,21380,6,3245,2,7200,1.00184899846
18204,18211,21393,7,3182,2,7200,1.00219987429
18274,18280,21423,6,3143,2,7200,1.00190900414
18313,18319,21930,6,3611,2,7200,1.00166158959
18355,18361,22000,6,3639,2,7200,1.00164880462
18374,18380,21651,6,3271,2,7200,1.00183430144
18444,18450,21803,6,3353,2,7200,1.00178944229
18445,18456,21867,11,3411,2,7200,1.00322486074
18485,18492,21911,7,3419,2,7200,1.00204738228
18513,18519,21777,6,3258,2,7200,1.00184162063
18546,18552,21864,6,3312,2,7200,1.0018115942
18661,18667,22034,6,3367,2,7200,1.00178200178
18734,18740,21960,6,3220,2,7200,1.00186335404
18749,18754,22037,5,3283,2,7200,1.00152299726
18764,18770,21903,6,3133,2,7200,1.00191509735
18779,18785,21981,6,3196,2,7200,1.00187734668
19117,19123,22442,6,3319,2,7200,1.00180777343
19226,19232,22467,6,3235,2,7200,1.00185471406
19268,19274,22363,6,3089,2,7200,1.00194237617
19331,19338,22731,7,3393,2,7200,1.00206307103
19367,19373,19426,6,53,1,1800,1.11320754717
19422,19428,22853,6,3425,2,7200,1.00175182482
19437,19443,22721,6,3278,2,7200,1.00183038438
19452,19458,22762,6,3304,2,7200,1.00181598063
19467,19473,22781,6,3308,2,7200,1.00181378476
19482,19488,22762,6,3274,2,7200,1.00183262065
19531,19537,22697,6,3160,2,7200,1.00189873418
19546,19552,22910,6,3358,2,7200,1.00178677784
19624,19631,23122,7,3491,2,7200,1.00200515612
19673,19679,23102,6,3423,2,7200,1.00175284838
19730,19736,22817,6,3081,2,7200,1.00194741967
19732,19742,22997,10,3255,2,7200,1.00307219662
19738,19748,19829,10,81,1,1800,1.12345679012
19774,19780,22926,6,3146,2,7200,1.00190718373
19789,19795,22953,6,3158,2,7200,1.00189993667
19790,19801,23108,11,3307,2,7200,1.00332627759
19863,19870,23112,7,3242,2,7200,1.00215916101
19918,19924,23340,6,3416,2,7200,1.00175644028
20000,20006,23222,6,3216,2,7200,1.00186567164
20010,20016,23675,6,3659,2,7200,1.00163979229
20015,20022,23180,7,3158,2,7200,1.00221659278
20016,20028,23456,12,3428,2,7200,1.00350058343
20035,20041,23376,6,3335,2,7200,1.00179910045
20036,20047,22891,11,2844,2,7200,1.00386779184
20060,20066,23302,6,3236,2,7200,1.00185414091
20075,20082,23357,7,3275,2,7200,1.00213740458
20091,20097,23576,6,3479,2,7200,1.00172463352
20106,20112,23373,6,3261,2,7200,1.0018399264
20121,20127,23469,6,3342,2,7200,1.00179533214
20134,20140,23662,6,3522,2,7200,1.00170357751
20151,20157,23333,6,3176,2,7200,1.00188916877
20166,20172,23449,6,3277,2,7200,1.00183094294
20181,20187,23318,6,3131,2,7200,1.00191632066
20196,20202,23265,6,3063,2,7200,1.00195886386
20265,20271,20387,6,116,1,1800,1.05172413793
20272,20278,23467,6,3189,2,7200,1.00188146754
20287,20293,23407,6,3114,2,7200,1.00192678227
20302,20308,23684,6,3376,2,7200,1.00177725118
20317,20323,23598,6,3275,2,7200,1.00183206107
20344,20350,23514,6,3164,2,7200,1.00189633375
20392,20399,23613,7,3214,2,7200,1.00217797138
20450,20456,23692,6,3236,2,7200,1.00185414091
20465,20471,23653,6,3182,2,7200,1.00188560654
20486,20492,23952,6,3460,2,7200,1.00173410405
20562,20568,23923,6,3355,2,7200,1.00178837556
20577,20583,23942,6,3359,2,7200,1.00178624591
20625,20631,23969,6,3338,2,7200,1.00179748352
20648,20654,24046,6,3392,2,7200,1.00176886792
20649,20660,23949,11,3289,2,7200,1.00334448161
20664,20670,23735,6,3065,2,7200,1.00195758564
20686,20692,23859,6,3167,2,7200,1.00189453742
20705,20711,20815,6,104,1,1800,1.05769230769
20717,20723,23920,6,3197,2,7200,1.00187675946
20731,20737,23937,6,3200,2,7200,1.001875
20746,20752,24039,6,3287,2,7200,1.00182537268
20795,20801,21085,6,284,1,1800,1.02112676056
20811,20818,24326,7,3508,2,7200,1.001995439
20834,20840,24164,6,3324,2,7200,1.00180505415
20879,20885,24311,6,3426,2,7200,1.00175131349
20976,20982,24203,6,3221,2,7200,1.00186277554
20991,20997,24288,6,3291,2,7200,1.00182315406
21033,21039,24419,6,3380,2,7200,1.00177514793
21063,21069,24347,6,3278,2,7200,1.00183038438
21078,21084,24290,6,3206,2,7200,1.00187149095
21112,21118,24537,6,3419,2,7200,1.00175489909
21127,21133,24315,6,3182,2,7200,1.00188560654
21145,21151,24542,6,3391,2,7200,1.00176938956
21181,21187,24733,6,3546,2,7200,1.00169204738
21196,21202,24662,6,3460,2,7200,1.00173410405
21198,21208,24456,10,3248,2,7200,1.00307881773
21199,21213,24492,14,3279,2,7200,1.00426959439
21200,21219,24262,19,3043,2,7200,1.00624383832
21216,21225,24462,9,3237,2,7200,1.00278035218
21234,21240,24786,6,3546,2,7200,1.00169204738
21235,21246,24584,11,3338,2,7200,1.00329538646
21257,21264,24890,7,3626,2,7200,1.00193050193
21300,21306,24546,6,3240,2,7200,1.00185185185
21330,21336,24655,6,3319,2,7200,1.00180777343
21345,21351,24510,6,3159,2,7200,1.00189933523
21381,21388,24612,7,3224,2,7200,1.00217121588
21396,21403,24739,7,3336,2,7200,1.00209832134
21424,21430,24954,6,3524,2,7200,1.00170261067
21425,21436,25059,11,3623,2,7200,1.00303615788
21524,21530,22122,6,592,1,1800,1.01013513514
21652,21658,24778,6,3120,2,7200,1.00192307692
21779,21785,25120,6,3335,2,7200,1.00179910045
21804,21810,25003,6,3193,2,7200,1.00187911055
21864,21870,24959,6,3089,2,7200,1.00194237617
21879,21885,25278,6,3393,2,7200,1.0017683466
21903,21910,25501,7,3591,2,7200,1.00194931774
21919,21925,25265,6,3340,2,7200,1.00179640719
21934,21940,25280,6,3340,2,7200,1.00179640719
21961,21967,25319,6,3352,2,7200,1.00178997613
21982,21988,25245,6,3257,2,7200,1.00184218606
22003,22009,25573,6,3564,2,7200,1.00168350168
22037,22043,25035,6,2992,2,7200,1.00200534759
22052,22058,25329,6,3271,2,7200,1.00183430144
22364,22370,25646,6,3276,2,7200,1.00183150183
22442,22449,25450,7,3001,2,7200,1.00233255581
22470,22476,25609,6,3133,2,7200,1.00191509735
22699,22706,25993,7,3287,2,7200,1.00212960146
22720,22727,25989,7,3262,2,7200,1.00214592275
22735,22741,25970,6,3229,2,7200,1.00185816042
22763,22769,26024,6,3255,2,7200,1.00184331797
22764,22775,26174,11,3399,2,7200,1.00323624595
22782,22788,26030,6,3242,2,7200,1.00185070944
22818,22825,25854,7,3029,2,7200,1.00231099373
22855,22861,26217,6,3356,2,7200,1.00178784267
22891,22897,26129,6,3232,2,7200,1.00185643564
22912,22918,25992,6,3074,2,7200,1.00195185426
22927,22933,26125,6,3192,2,7200,1.00187969925
22945,22951,26307,6,3356,2,7200,1.00178784267
23000,23006,26383,6,3377,2,7200,1.0017767249
23105,23111,26348,6,3237,2,7200,1.00185356812
23121,23127,26300,6,3173,2,7200,1.00189095493
23122,23133,26313,11,3180,2,7200,1.0034591195
23123,23138,26416,15,3278,2,7200,1.00457596095
23181,23187,26387,6,3200,2,7200,1.001875
23223,23230,26428,7,3198,2,7200,1.00218886804
23266,23272,26462,6,3190,2,7200,1.00188087774
23302,23308,26489,6,3181,2,7200,1.00188619931
23320,23327,26675,7,3348,2,7200,1.00209080048
23336,23342,26636,6,3294,2,7200,1.00182149362
23350,23357,26519,7,3162,2,7200,1.00221378874
23365,23372,26670,7,3298,2,7200,1.00212249848
23381,23387,26734,6,3347,2,7200,1.00179265013
23382,23393,26484,11,3091,2,7200,1.00355871886
23409,23415,27133,6,3718,2,7200,1.00161377084
23452,23458,26643,6,3185,2,7200,1.00188383046
23467,23473,26491,6,3018,2,7200,1.00198807157
23468,23479,26770,11,3291,2,7200,1.0033424491
23483,23490,27268,7,3778,2,7200,1.00185283219
23514,23520,26710,6,3190,2,7200,1.00188087774
23577,23583,26788,6,3205,2,7200,1.00187207488
23599,23605,26909,6,3304,2,7200,1.00181598063
23614,23620,26725,6,3105,2,7200,1.00193236715
23653,23659,26897,6,3238,2,7200,1.00185299568
23666,23672,27308,6,3636,2,7200,1.00165016502
23681,23687,27230,6,3543,2,7200,1.0016934801
23686,23693,26955,7,3262,2,7200,1.00214592275
23701,23708,26955,7,3247,2,7200,1.00215583616
23735,23741,27013,6,3272,2,7200,1.00183374083
23862,23868,27179,6,3311,2,7200,1.00181214135
23922,23929,27117,7,3188,2,7200,1.002195734
23925,23935,27250,10,3315,2,7200,1.00301659125
23940,23946,27272,6,3326,2,7200,1.00180396873
23956,23962,27196,6,3234,2,7200,1.00185528757
23957,23968,27206,11,3238,2,7200,1.00339715874
23958,23973,27481,15,3508,2,7200,1.00427594071
23973,23980,27288,7,3308,2,7200,1.00211608222
24040,24046,27405,6,3359,2,7200,1.00178624591
24055,24062,27516,7,3454,2,7200,1.00202663578
24063,24069,24123,6,54,1,1800,1.11111111111
24165,24171,27751,6,3580,2,7200,1.00167597765
24204,24210,27467,6,3257,2,7200,1.00184218606
24262,24268,27510,6,3242,2,7200,1.00185070944
24289,24295,27586,6,3291,2,7200,1.00182315406
24304,24310,27526,6,3216,2,7200,1.00186567164
24319,24325,27529,6,3204,2,7200,1.00187265918
24321,24331,27728,10,3397,2,7200,1.00294377392
24328,24337,27740,9,3403,2,7200,1.00264472524
24348,24354,27612,6,3258,2,7200,1.00184162063
24421,24427,27904,6,3477,2,7200,1.00172562554
24457,24463,27855,6,3392,2,7200,1.00176886792
24465,24471,24551,6,80,1,1800,1.075
24472,24478,27726,6,3248,2,7200,1.00184729064
24493,24499,28084,6,3585,2,7200,1.00167364017
24511,24518,27959,7,3441,2,7200,1.00203429236
24539,24545,27645,6,3100,2,7200,1.00193548387
24554,24561,28142,7,3581,2,7200,1.00195476124
24555,24567,27818,12,3251,2,7200,1.00369117195
24585,24592,27863,7,3271,2,7200,1.00214001834
24613,24619,27788,6,3169,2,7200,1.00189334175
24658,24664,27836,6,3172,2,7200,1.00189155107
24673,24679,28034,6,3355,2,7200,1.00178837556
24734,24740,27874,6,3134,2,7200,1.00191448628
24749,24755,28131,6,3376,2,7200,1.00177725118
24779,24785,28057,6,3272,2,7200,1.00183374083
24794,24800,28125,6,3325,2,7200,1.00180451128
24891,24897,28125,6,3228,2,7200,1.00185873606
24954,24961,28205,7,3244,2,7200,1.00215782984
24970,24976,28409,6,3433,2,7200,1.0017477425
25006,25012,28361,6,3349,2,7200,1.00179157958
25036,25042,28432,6,3390,2,7200,1.0017699115
25060,25066,28272,6,3206,2,7200,1.00187149095
25118,25124,28524,6,3400,2,7200,1.00176470588
25248,25254,28664,6,3410,2,7200,1.00175953079
25263,25269,28692,6,3423,2,7200,1.00175284838
25278,25285,28568,7,3283,2,7200,1.00213219616
25294,25300,28706,6,3406,2,7200,1.00176159718
25321,25327,28409,6,3082,2,7200,1.0019467878
25336,25342,28532,6,3190,2,7200,1.00188087774
25451,25457,28437,6,2980,2,7200,1.00201342282
25502,25508,28820,6,3312,2,7200,1.0018115942
25577,25583,29088,6,3505,2,7200,1.00171184023
25599,25605,25901,6,296,1,1800,1.02027027027
25611,25617,28803,6,3186,2,7200,1.00188323917
25648,25654,28769,6,3115,2,7200,1.00192616372
25857,25863,29231,6,3368,2,7200,1.00178147268
25972,25978,29183,6,3205,2,7200,1.00187207488
25990,25997,29475,7,3478,2,7200,1.00201265095
26006,26012,29299,6,3287,2,7200,1.00182537268
26007,26018,29326,11,3308,2,7200,1.00332527207
26025,26031,29257,6,3226,2,7200,1.00185988841
26040,26046,29303,6,3257,2,7200,1.00184218606
26128,26135,29352,7,3217,2,7200,1.00217594032
26130,26140,29341,10,3201,2,7200,1.00312402374
26175,26181,29564,6,3383,2,7200,1.00177357375
26217,26223,29442,6,3219,2,7200,1.0018639329
26302,26308,29457,6,3149,2,7200,1.00190536678
26317,26323,29537,6,3214,2,7200,1.00186683261
26318,26329,29632,11,3303,2,7200,1.00333030578
26351,26358,29788,7,3430,2,7200,1.00204081633
26385,26391,29643,6,3252,2,7200,1.00184501845
26400,26406,29639,6,3233,2,7200,1.00185586143
26415,26421,29743,6,3322,2,7200,1.00180614088
26430,26436,29566,6,3130,2,7200,1.00191693291
26463,26470,29852,7,3382,2,7200,1.00206978119
26485,26491,29573,6,3082,2,7200,1.0019467878
26500,26506,29820,6,3314,2,7200,1.00181050091
26501,26512,29981,11,3469,2,7200,1.00317094263
26519,26526,29841,7,3315,2,7200,1.00211161388
26638,26644,29884,6,3240,2,7200,1.00185185185
26653,26659,29903,6,3244,2,7200,1.00184956843
26671,26677,29809,6,3132,2,7200,1.00191570881
26686,26692,29972,6,3280,2,7200,1.00182926829
26710,26716,29930,6,3214,2,7200,1.00186683261
26728,26734,29957,6,3223,2,7200,1.00186161961
26743,26749,29935,6,3186,2,7200,1.00188323917
26762,26768,139721,6,112953,3,604800,1.00005311944
26770,26776,30131,6,3355,2,7200,1.00178837556
26785,26791,30021,6,3230,2,7200,1.00185758514
26900,26907,30228,7,3321,2,7200,1.00210779886
26915,26921,30102,6,3181,2,7200,1.00188619931
26958,26964,30405,6,3441,2,7200,1.00174367916
26959,26970,30280,11,3310,2,7200,1.00332326284
27014,27020,30294,6,3274,2,7200,1.00183262065
27118,27124,30449,6,3325,2,7200,1.00180451128
27135,27141,30484,6,3343,2,7200,1.00179479509
27181,27187,30252,6,3065,2,7200,1.00195758564
27196,27202,30247,6,3045,2,7200,1.00197044335
27211,27217,30512,6,3295,2,7200,1.00182094082
27233,27239,30630,6,3391,2,7200,1.00176938956
27253,27259,30631,6,3372,2,7200,1.00177935943
27268,27275,30374,7,3099,2,7200,1.00225879316
27283,27289,30592,6,3303,2,7200,1.00181653043
27298,27305,30495,7,3190,2,7200,1.00219435737
27309,27315,30768,6,3453,2,7200,1.00173761946
27408,27414,30588,6,3174,2,7200,1.00189035917
27468,27474,30821,6,3347,2,7200,1.00179265013
27483,27489,30857,6,3368,2,7200,1.00178147268
27511,27517,30964,6,3447,2,7200,1.00174064404
27526,27532,30865,6,3333,2,7200,1.00180018002
27527,27538,30865,11,3327,2,7200,1.00330628194
27542,27548,30732,6,3184,2,7200,1.00188442211
27588,27594,30907,6,3313,2,7200,1.00181104739
27612,27618,30896,6,3278,2,7200,1.00183038438
27645,27651,30695,6,3044,2,7200,1.00197109067
27727,27733,31252,6,3519,2,7200,1.00170502984
27742,27748,31288,6,3540,2,7200,1.00169491525
27743,27754,31155,11,3401,2,7200,1.00323434284
27757,27763,30967,6,3204,2,7200,1.00187265918
27787,27794,31086,7,3292,2,7200,1.00212636695
27818,27824,31153,6,3329,2,7200,1.00180234305
27836,27842,31117,6,3275,2,7200,1.00183206107
27854,27860,30961,6,3101,2,7200,1.00193485972
27869,27875,31083,6,3208,2,7200,1.00187032419
27884,27890,31131,6,3241,2,7200,1.00185128047
27905,27912,31408,7,3496,2,7200,1.00200228833
27960,27966,31205,6,3239,2,7200,1.00185242359
28035,28042,31302,7,3260,2,7200,1.00214723926
28060,28066,31400,6,3334,2,7200,1.00179964007
28084,28090,31320,6,3230,2,7200,1.00185758514
28127,28133,30954,6,2821,2,7200,1.00212690535
28128,28139,31362,11,3223,2,7200,1.00341296928
28143,28149,31402,6,3253,2,7200,1.00184445128
28145,28155,31350,10,3195,2,7200,1.00312989045
28205,28211,31615,6,3404,2,7200,1.0017626322
28272,28278,32026,6,3748,2,7200,1.00160085379
28363,28369,31499,6,3130,2,7200,1.00191693291
28411,28417,31968,6,3551,2,7200,1.00168966488
28413,28423,31519,10,3096,2,7200,1.00322997416
28434,28440,31884,6,3444,2,7200,1.00174216028
28449,28455,31870,6,3415,2,7200,1.00175695461
28524,28531,31834,7,3303,2,7200,1.0021192855
28539,28545,31698,6,3153,2,7200,1.00190294957
28570,28576,31794,6,3218,2,7200,1.00186451212
28664,28670,31762,6,3092,2,7200,1.00194049159
28694,28700,32016,6,3316,2,7200,1.00180940893
28709,28715,31843,6,3128,2,7200,1.00191815857
28770,28776,32101,6,3325,2,7200,1.00180451128
28803,28809,31955,6,3146,2,7200,1.00190718373
28821,28828,32113,7,3285,2,7200,1.00213089802
29090,29096,32685,6,3589,2,7200,1.00167177487
29186,29192,32597,6,3405,2,7200,1.00176211454
29231,29238,32563,7,3325,2,7200,1.00210526316
29259,29265,32547,6,3282,2,7200,1.00182815356
29301,29307,32512,6,3205,2,7200,1.00187207488
29316,29322,32599,6,3277,2,7200,1.00183094294
29331,29337,32621,6,3284,2,7200,1.00182704019
29346,29352,32811,6,3459,2,7200,1.00173460538
29361,29368,32974,7,3606,2,7200,1.0019412091
29443,29449,32904,6,3455,2,7200,1.0017366136
29458,29464,32676,6,3212,2,7200,1.00186799502
29476,29482,32777,6,3295,2,7200,1.00182094082
29540,29546,32955,6,3409,2,7200,1.00176004693
29568,29574,33031,6,3457,2,7200,1.00173560891
29569,29580,32726,11,3146,2,7200,1.0034965035
29584,29590,33079,6,3489,2,7200,1.00171969046
29633,29639,32896,6,3257,2,7200,1.00184218606
29648,29654,32894,6,3240,2,7200,1.00185185185
29649,29660,32881,11,3221,2,7200,1.00341508848
29743,29750,33209,7,3459,2,7200,1.00202370627
29789,29795,33204,6,3409,2,7200,1.00176004693
29810,29816,33256,6,3440,2,7200,1.00174418605
29825,29831,33166,6,3335,2,7200,1.00179910045
29844,29850,33119,6,3269,2,7200,1.00183542368
29859,29865,33182,6,3317,2,7200,1.00180886343
29886,29892,33139,6,3247,2,7200,1.00184785956
29904,29910,33091,6,3181,2,7200,1.00188619931
29932,29938,33131,6,3193,2,7200,1.00187911055
29947,29953,33787,6,3834,2,7200,1.00156494523
29962,29968,33183,6,3215,2,7200,1.00186625194
29977,29983,33100,6,3117,2,7200,1.00192492782
29992,29998,33395,6,3397,2,7200,1.00176626435
30022,30028,33520,6,3492,2,7200,1.00171821306
30104,30110,33318,6,3208,2,7200,1.00187032419
30131,30137,33332,6,3195,2,7200,1.00187793427
30231,30237,33797,6,3560,2,7200,1.00168539326
30249,30256,33691,7,3435,2,7200,1.00203784571
30264,30271,33907,7,3636,2,7200,1.00192519252
30283,30289,33622,6,3333,2,7200,1.00180018002
30298,30304,33774,6,3470,2,7200,1.00172910663
30378,30384,33661,6,3277,2,7200,1.00183094294
30406,30412,33625,6,3213,2,7200,1.00186741363
30452,30458,34112,6,3654,2,7200,1.00164203612
30484,30491,33690,7,3199,2,7200,1.00218818381
30500,30505,33697,5,3192,2,7200,1.00156641604
30515,30521,33746,6,3225,2,7200,1.00186046512
30590,30597,34057,7,3460,2,7200,1.00202312139
30605,30612,33853,7,3241,2,7200,1.00215982721
30631,30637,34122,6,3485,2,7200,1.00172166428
30633,30643,33907,10,3264,2,7200,1.00306372549
30694,30700,33775,6,3075,2,7200,1.00195121951
30733,30739,33842,6,3103,2,7200,1.00193361263
30770,30776,34385,6,3609,2,7200,1.00166251039
30821,30827,34101,6,3274,2,7200,1.00183262065
30858,30864,34093,6,3229,2,7200,1.00185816042
30873,30879,34140,6,3261,2,7200,1.0018399264
30874,30885,34309,11,3424,2,7200,1.00321261682
30898,30904,34364,6,3460,2,7200,1.00173410405
30913,30919,34018,6,3099,2,7200,1.00193610842
30956,30962,34269,6,3307,2,7200,1.00181433323
30971,30977,34150,6,3173,2,7200,1.00189095493
30973,30983,34321,10,3338,2,7200,1.00299580587
30974,30988,34412,14,3424,2,7200,1.00408878505
31083,31089,34279,6,3190,2,7200,1.00188087774
31098,31104,34254,6,3150,2,7200,1.0019047619
31116,31122,34204,6,3082,2,7200,1.0019467878
31131,31137,34310,6,3173,2,7200,1.00189095493
31157,31163,34516,6,3353,2,7200,1.00178944229
31158,31169,34341,11,3172,2,7200,1.00346784363
31206,31212,34252,6,3040,2,7200,1.00197368421
31254,31260,34539,6,3279,2,7200,1.00182982617
31291,31297,34392,6,3095,2,7200,1.00193861066
31306,31312,34339,6,3027,2,7200,1.00198216056
31321,31327,34895,6,3568,2,7200,1.00168161435
31351,31357,34718,6,3361,2,7200,1.00178518298
31366,31372,34689,6,3317,2,7200,1.00180886343
31403,31409,34652,6,3243,2,7200,1.00185013876
31404,31415,34765,11,3350,2,7200,1.00328358209
31419,31426,34760,7,3334,2,7200,1.00209958008
31501,31508,34972,7,3464,2,7200,1.00202078522
31511,32611,37047,1100,4436,12,21600,1.24797114518
31519,31525,34784,6,3259,2,7200,1.00184105554
31616,31622,34992,6,3370,2,7200,1.00178041543
31698,31704,34779,6,3075,2,7200,1.00195121951
31765,31771,34955,6,3184,2,7200,1.00188442211
31795,31801,35116,6,3315,2,7200,1.00180995475
31835,31841,34978,6,3137,2,7200,1.0019126554
31850,31856,34831,6,2975,2,7200,1.00201680672
31871,31877,35318,6,3441,2,7200,1.00174367916
31886,31892,34884,6,2992,2,7200,1.00200534759
31956,31962,35366,6,3404,2,7200,1.0017626322
31971,31977,35381,6,3404,2,7200,1.0017626322
32020,32026,35285,6,3259,2,7200,1.00184105554
32035,32041,35378,6,3337,2,7200,1.00179802218
32104,32111,35199,7,3088,2,7200,1.00226683938
32119,32126,35694,7,3568,2,7200,1.00196188341
32513,32519,35721,6,3202,2,7200,1.00187382886
32550,32556,35862,6,3306,2,7200,1.00181488203
32565,32571,35985,6,3414,2,7200,1.00175746924
32598,32604,35837,6,3233,2,7200,1.00185586143
32600,32617,36055,17,3438,2,7200,1.00494473531
32624,32630,36093,6,3463,2,7200,1.00173260179
32678,32685,35958,7,3273,2,7200,1.00213871066
32686,32693,36063,7,3370,2,7200,1.00207715134
32727,32733,35836,6,3103,2,7200,1.00193361263
32778,32784,36173,6,3389,2,7200,1.00177043376
32812,32818,36059,6,3241,2,7200,1.00185128047
32882,32888,36241,6,3353,2,7200,1.00178944229
32897,32903,36169,6,3266,2,7200,1.00183710961
32898,32909,36211,11,3302,2,7200,1.00333131435
32913,32919,36021,6,3102,2,7200,1.00193423598
32956,32962,36189,6,3227,2,7200,1.00185931205
32974,32980,36242,6,3262,2,7200,1.00183936235
33031,33037,36385,6,3348,2,7200,1.0017921147
33080,33086,36588,6,3502,2,7200,1.00171330668
33095,33101,36334,6,3233,2,7200,1.00185586143
33110,33116,36174,6,3058,2,7200,1.00196206671
33125,33131,36592,6,3461,2,7200,1.001733603
33141,33147,36477,6,3330,2,7200,1.0018018018
33142,33153,36343,11,3190,2,7200,1.00344827586
33166,33172,36550,6,3378,2,7200,1.00177619893
33185,33191,36600,6,3409,2,7200,1.00176004693
33186,33197,36651,11,3454,2,7200,1.00318471338
33207,33213,36389,6,3176,2,7200,1.00188916877
33222,33228,36935,6,3707,2,7200,1.00161855948
33259,33265,36544,6,3279,2,7200,1.00182982617
33319,33326,36547,7,3221,2,7200,1.00217323812
33334,33341,36514,7,3173,2,7200,1.00220611409
33396,33402,36620,6,3218,2,7200,1.00186451212
33520,33527,37098,7,3571,2,7200,1.00196023523
33624,33630,36997,6,3367,2,7200,1.00178200178
33639,33645,36961,6,3316,2,7200,1.00180940893
33663,33669,36927,6,3258,2,7200,1.00184162063
33691,33697,36949,6,3252,2,7200,1.00184501845
33692,33703,36896,11,3193,2,7200,1.00344503602
33707,33714,37140,7,3426,2,7200,1.00204319907
33747,33753,36884,6,3131,2,7200,1.00191632066
33770,33776,60356,6,26580,1,28800,1.00022573363
33774,33782,37008,8,3226,2,7200,1.00247985121
33776,33787,37006,11,3219,2,7200,1.00341721031
33791,33797,37163,6,3366,2,7200,1.00178253119
33806,33812,37164,6,3352,2,7200,1.00178997613
33842,33849,37120,7,3271,2,7200,1.00214001834
33857,33864,37080,7,3216,2,7200,1.00217661692
33909,33916,37423,7,3507,2,7200,1.00199600798
33911,33922,37182,11,3260,2,7200,1.00337423313
34020,34026,37414,6,3388,2,7200,1.00177095632
34059,34066,37127,7,3061,2,7200,1.00228683437
34096,34102,37280,6,3178,2,7200,1.00188797986
34111,34117,37319,6,3202,2,7200,1.00187382886
34115,34123,37469,8,3346,2,7200,1.00239091452
34130,34137,37551,7,3414,2,7200,1.00205038079
34141,34147,37442,6,3295,2,7200,1.00182094082
34156,34162,37513,6,3351,2,7200,1.0017905103
34205,34211,37618,6,3407,2,7200,1.00176108013
34254,34260,37213,6,2953,2,7200,1.00203183204
34269,34275,37415,6,3140,2,7200,1.00191082803
34270,34281,37586,11,3305,2,7200,1.00332829047
34286,34292,37469,6,3177,2,7200,1.00188857413
34310,34316,37598,6,3282,2,7200,1.00182815356
34312,34322,37723,10,3401,2,7200,1.00294031167
34327,34333,37568,6,3235,2,7200,1.00185471406
34342,34348,37723,6,3375,2,7200,1.00177777778
34342,34353,37597,11,3244,2,7200,1.00339087546
34366,34372,37648,6,3276,2,7200,1.00183150183
34388,34394,37907,6,3513,2,7200,1.00170794193
34393,34400,37661,7,3261,2,7200,1.0021465808
34412,34418,37609,6,3191,2,7200,1.00188028831
34518,34524,37891,6,3367,2,7200,1.00178200178
34539,34546,37752,7,3206,2,7200,1.00218340611
34652,34658,37896,6,3238,2,7200,1.00185299568
34691,34697,38045,6,3348,2,7200,1.0017921147
34719,34725,37943,6,3218,2,7200,1.00186451212
34761,34767,38113,6,3346,2,7200,1.00179318589
34776,34782,38283,6,3501,2,7200,1.00171379606
34791,34798,37949,7,3151,2,7200,1.00222151698
34793,34804,38096,11,3292,2,7200,1.00334143378
34829,34835,38513,6,3678,2,7200,1.00163132137
34887,34893,38168,6,3275,2,7200,1.00183206107
34902,34908,38194,6,3286,2,7200,1.00182592818
34957,34962,34995,5,33,3,36000,1.15151515152
34957,34968,38053,11,3085,2,7200,1.00356564019
34975,34981,38260,6,3279,2,7200,1.00182982617
34990,34996,38094,6,3098,2,7200,1.00193673338
35005,35011,38397,6,3386,2,7200,1.00177200236
35117,35123,38490,6,3367,2,7200,1.00178200178
35158,35299,35348,141,49,3,36000,3.87755102041
35199,35205,38462,6,3257,2,7200,1.00184218606
35287,35293,38731,6,3438,2,7200,1.0017452007
35320,35326,38648,6,3322,2,7200,1.00180614088
35369,35375,38644,6,3269,2,7200,1.00183542368
35384,35390,38665,6,3275,2,7200,1.00183206107
35385,35396,38553,11,3157,2,7200,1.00348432056
35414,35737,48222,323,12485,3,36000,1.02587104525
35695,35701,38848,6,3147,2,7200,1.00190657769
35725,35731,39195,6,3464,2,7200,1.00173210162
35837,35843,39420,6,3577,2,7200,1.00167738328
35839,35849,39050,10,3201,2,7200,1.00312402374
35860,35866,39104,6,3238,2,7200,1.00185299568
35960,35966,39295,6,3329,2,7200,1.00180234305
35987,35993,39196,6,3203,2,7200,1.00187324383
36023,36029,39590,6,3561,2,7200,1.00168491997
36059,36065,39636,6,3571,2,7200,1.00168020162
36060,36071,39220,11,3149,2,7200,1.00349317244
36066,36077,39762,11,3685,2,7200,1.00298507463
36094,36100,39499,6,3399,2,7200,1.00176522507
36169,36175,39501,6,3326,2,7200,1.00180396873
36184,36191,39820,7,3629,2,7200,1.00192890603
36186,36197,39699,11,3502,2,7200,1.00314106225
36201,36207,39654,6,3447,2,7200,1.00174064404
36216,36222,39461,6,3239,2,7200,1.00185242359
36243,36250,39426,7,3176,2,7200,1.00220403023
36245,36256,39537,11,3281,2,7200,1.00335263639
36266,36273,40418,7,4145,2,10800,1.00168878166
36336,36342,39571,6,3229,2,7200,1.00185816042
36351,36357,39599,6,3242,2,7200,1.00185070944
36387,36393,39627,6,3234,2,7200,1.00185528757
36402,36408,39637,6,3229,2,7200,1.00185816042
36478,36484,39724,6,3240,2,7200,1.00185185185
36514,36520,39899,6,3379,2,7200,1.00177567328
36545,36551,40157,6,3606,2,7200,1.00166389351
36560,36566,39981,6,3415,2,7200,1.00175695461
36561,36572,39909,11,3337,2,7200,1.00329637399
36588,36595,40190,7,3595,2,7200,1.00194714882
36604,36610,39658,6,3048,2,7200,1.00196850394
36605,36616,40049,11,3433,2,7200,1.00320419458
36620,36626,39917,6,3291,2,7200,1.00182315406
36651,36657,39618,6,2961,2,7200,1.00202634245
36885,36891,40189,6,3298,2,7200,1.00181928441
36900,36906,40171,6,3265,2,7200,1.00183767228
36927,36934,39983,7,3049,2,7200,1.0022958347
36942,36949,40208,7,3259,2,7200,1.00214789813
36957,36964,40284,7,3320,2,7200,1.00210843373
36972,36979,40115,7,3136,2,7200,1.00223214286
37000,37006,40227,6,3221,2,7200,1.00186277554
37015,37021,40680,6,3659,2,7200,1.00163979229
37016,37027,40420,11,3393,2,7200,1.00324196876
37080,37086,40304,6,3218,2,7200,1.00186451212
37101,37107,40170,6,3063,2,7200,1.00195886386
37122,37129,40226,7,3097,2,7200,1.00226025186
37138,37144,40684,6,3540,2,7200,1.00169491525
37153,37164,40867,11,3703,2,7200,1.00297056441
37168,37174,40506,6,3332,2,7200,1.00180072029
37169,37180,40625,11,3445,2,7200,1.00319303338
37184,37190,40546,6,3356,2,7200,1.00178784267
37214,37221,40525,7,3304,2,7200,1.00211864407
37278,37284,40664,6,3380,2,7200,1.00177514793
37320,37326,40801,6,3475,2,7200,1.00172661871
37411,37417,40809,6,3392,2,7200,1.00176886792
37426,37433,40650,7,3217,2,7200,1.00217594032
37428,37439,40483,11,3044,2,7200,1.00361366623
37443,37449,40797,6,3348,2,7200,1.0017921147
37470,37476,40717,6,3241,2,7200,1.00185128047
37471,37482,40768,11,3286,2,7200,1.003347535
37516,37522,40876,6,3354,2,7200,1.00178890877
37552,37558,40972,6,3414,2,7200,1.00175746924
37570,37576,40836,6,3260,2,7200,1.0018404908
37585,37591,40659,6,3068,2,7200,1.00195567145
37600,37607,40787,7,3180,2,7200,1.00220125786
37602,37613,40880,11,3267,2,7200,1.00336700337
37617,37623,40831,6,3208,2,7200,1.00187032419
37632,37638,40954,6,3316,2,7200,1.00180940893
37650,37656,40796,6,3140,2,7200,1.00191082803
37665,37671,40896,6,3225,2,7200,1.00186046512
37724,37730,41096,6,3366,2,7200,1.00178253119
37726,37736,41065,10,3329,2,7200,1.00300390508
37753,37759,41158,6,3399,2,7200,1.00176522507
37890,37896,41549,6,3653,2,7200,1.00164248563
37905,37911,41124,6,3213,2,7200,1.00186741363
37909,37917,41626,8,3709,2,7200,1.00215691561
37944,37951,41183,7,3232,2,7200,1.00216584158
37960,37966,41254,6,3288,2,7200,1.00182481752
38048,38054,41399,6,3345,2,7200,1.00179372197
38063,38069,41228,6,3159,2,7200,1.00189933523
38096,38107,41332,11,3225,2,7200,1.00341085271
38098,38113,41225,15,3112,2,7200,1.00482005141
38116,38122,41139,6,3017,2,7200,1.00198873053
38167,38173,41407,6,3234,2,7200,1.00185528757
38198,38204,41674,6,3470,2,7200,1.00172910663
38261,38267,41528,6,3261,2,7200,1.0018399264
38285,38291,41450,6,3159,2,7200,1.00189933523
38397,38403,42003,6,3600,2,7200,1.00166666667
38403,38409,48222,6,9813,3,36000,1.00061143381
38461,38467,41630,6,3163,2,7200,1.00189693329
38491,38497,41756,6,3259,2,7200,1.00184105554
38512,38519,41651,7,3132,2,7200,1.00223499361
38555,38561,41779,6,3218,2,7200,1.00186451212
38643,38649,42111,6,3462,2,7200,1.00173310225
38658,38664,41931,6,3267,2,7200,1.00183654729
38673,38679,42016,6,3337,2,7200,1.00179802218
38730,38737,41989,7,3252,2,7200,1.00215252153
38848,38855,41976,7,3121,2,7200,1.00224287087
39049,39055,42247,6,3192,2,7200,1.00187969925
39083,39089,39131,6,42,3,36000,1.14285714286
39104,39110,42248,6,3138,2,7200,1.00191204589
39195,39201,42318,6,3117,2,7200,1.00192492782
39210,39216,42536,6,3320,2,7200,1.00180722892
39225,39231,42221,6,2990,2,7200,1.00200668896
39232,39238,39241,6,3,3,36000,1.0
39234,39252,39776,18,524,3,36000,1.03435114504
39298,39304,42914,6,3610,2,7200,1.00166204986
39419,39425,42757,6,3332,2,7200,1.00180072029
39434,39440,42650,6,3210,2,7200,1.00186915888
39458,39464,42691,6,3227,2,7200,1.00185931205
39497,39504,42750,7,3246,2,7200,1.00215650031
39512,39518,42676,6,3158,2,7200,1.00189993667
39537,39543,42751,6,3208,2,7200,1.00187032419
39573,39579,42769,6,3190,2,7200,1.00188087774
39591,39597,42765,6,3168,2,7200,1.00189393939
39606,39613,42932,7,3319,2,7200,1.002109069
39622,39628,42702,6,3074,2,7200,1.00195185426
39637,39643,42957,6,3314,2,7200,1.00181050091
39639,39649,42841,10,3192,2,7200,1.00313283208
39640,39654,42788,14,3134,2,7200,1.00446713465
39655,39661,43122,6,3461,2,7200,1.001733603
39670,39677,42878,7,3201,2,7200,1.00218681662
39701,39707,42955,6,3248,2,7200,1.00184729064
39725,39731,43040,6,3309,2,7200,1.00181323663
39765,39771,43208,6,3437,2,7200,1.00174570847
39795,39801,39840,6,39,3,36000,1.15384615385
39822,39828,43061,6,3233,2,7200,1.00185586143
39901,39907,43130,6,3223,2,7200,1.00186161961
39916,39922,43123,6,3201,2,7200,1.00187441425
39918,39928,43270,10,3342,2,7200,1.00299222023
39981,39988,43152,7,3164,2,7200,1.00221238938
39983,39994,43408,11,3414,2,7200,1.00322202695
40050,40056,43416,6,3360,2,7200,1.00178571429
40116,40123,43198,7,3075,2,7200,1.00227642276
40121,40171,40203,50,32,3,36000,2.5625
40159,40165,43421,6,3256,2,7200,1.00184275184
40174,40180,43583,6,3403,2,7200,1.00176315016
40175,40186,43318,11,3132,2,7200,1.00351213282
40191,40197,43502,6,3305,2,7200,1.00181543116
40192,40203,43491,11,3288,2,7200,1.00334549878
40207,40213,43705,6,3492,2,7200,1.00171821306
40226,40232,43537,6,3305,2,7200,1.00181543116
40241,40247,43477,6,3230,2,7200,1.00185758514
40286,40292,43532,6,3240,2,7200,1.00185185185
40300,40306,45047,6,4741,3,36000,1.00126555579
40304,40312,43726,8,3414,2,7200,1.00234329233
40419,40425,43530,6,3105,2,7200,1.00193236715
40422,40431,46226,9,5795,2,10800,1.00155306299
40483,40489,43573,6,3084,2,7200,1.00194552529
40507,40513,43898,6,3385,2,7200,1.00177252585
40525,40532,43685,7,3153,2,7200,1.00222010783
40543,40550,43725,7,3175,2,7200,1.00220472441
40626,40632,43956,6,3324,2,7200,1.00180505415
40653,40659,43978,6,3319,2,7200,1.00180777343
40666,40752,40758,86,6,16,300,9.2
40668,40674,43895,6,3221,2,7200,1.00186277554
40669,40680,43903,11,3223,2,7200,1.00341296928
40685,40691,44330,6,3639,2,7200,1.00164880462
40686,40697,43802,11,3105,2,7200,1.00354267311
40720,40726,44038,6,3312,2,7200,1.0018115942
40770,40777,44068,7,3291,2,7200,1.00212701307
40789,40795,44146,6,3351,2,7200,1.0017905103
40805,40811,43968,6,3157,2,7200,1.00190053849
40806,40817,44527,11,3710,2,7200,1.00296495957
40807,40822,44197,15,3375,2,7200,1.00444444444
40823,40828,44133,5,3305,2,7200,1.0015128593
40838,40844,44142,6,3298,2,7200,1.00181928441
40839,40850,44155,11,3305,2,7200,1.00332829047
40866,40873,44320,7,3447,2,7200,1.00203075138
40882,40888,44217,6,3329,2,7200,1.00180234305
40883,40894,44110,11,3216,2,7200,1.00342039801
40898,40905,44129,7,3224,2,7200,1.00217121588
40956,40962,44225,6,3263,2,7200,1.00183879865
40973,40979,44082,6,3103,2,7200,1.00193361263
41038,41044,41048,6,4,16,300,1.0
41065,41071,44416,6,3345,2,7200,1.00179372197
41097,41103,44393,6,3290,2,7200,1.00182370821
41126,41132,44339,6,3207,2,7200,1.00187090739
41141,41147,44555,6,3408,2,7200,1.00176056338
41159,41166,44779,7,3613,2,7200,1.0019374481
41184,41190,44586,6,3396,2,7200,1.00176678445
41226,41232,44781,6,3549,2,7200,1.00169061708
41241,41247,44461,6,3214,2,7200,1.00186683261
41256,41263,44498,7,3235,2,7200,1.00216383308
41265,41543,41860,278,317,16,300,1.87697160883
41332,41338,44717,6,3379,2,7200,1.00177567328
41399,41405,44538,6,3133,2,7200,1.00191509735
41414,41420,44640,6,3220,2,7200,1.00186335404
41451,41457,44721,6,3264,2,7200,1.00183823529
41529,41536,44742,7,3206,2,7200,1.00218340611
41551,41557,44838,6,3281,2,7200,1.00182871076
41627,41633,45177,6,3544,2,7200,1.00169300226
41630,41639,44724,9,3085,2,7200,1.00291734198
41654,41660,44866,6,3206,2,7200,1.00187149095
41675,41681,45127,6,3446,2,7200,1.00174114916
41757,41763,45047,6,3284,2,7200,1.00182704019
41778,41784,45160,6,3376,2,7200,1.00177725118
41932,41939,45438,7,3499,2,7200,1.00200057159
41978,41984,45046,6,3062,2,7200,1.00195950359
41993,41999,45121,6,3122,2,7200,1.00192184497
42008,42014,45109,6,3095,2,7200,1.00193861066
42023,42030,45408,7,3378,2,7200,1.00207223209
42114,42120,45742,6,3622,2,7200,1.00165654335
42169,42549,42857,380,308,16,300,2.23376623377
42223,42229,45514,6,3285,2,7200,1.00182648402
42248,42254,45868,6,3614,2,7200,1.00166021029
42249,42260,45639,11,3379,2,7200,1.00325540101
42319,42325,45462,6,3137,2,7200,1.0019126554
42536,42543,45716,7,3173,2,7200,1.00220611409
42652,42658,46111,6,3453,2,7200,1.00173761946
42676,42682,46138,6,3456,2,7200,1.00173611111
42691,42697,45901,6,3204,2,7200,1.00187265918
42706,42712,45799,6,3087,2,7200,1.0019436346
42752,42758,46073,6,3315,2,7200,1.00180995475
42753,42764,46415,11,3651,2,7200,1.00301287319
42769,42775,46025,6,3250,2,7200,1.00184615385
42770,42781,46024,11,3243,2,7200,1.00339192106
42771,42787,45907,16,3120,2,7200,1.00512820513
42790,42796,45913,6,3117,2,7200,1.00192492782
42841,42848,46302,7,3454,2,7200,1.00202663578
42881,42887,46136,6,3249,2,7200,1.00184672207
42911,42917,46215,6,3298,2,7200,1.00181928441
42932,42938,46358,6,3420,2,7200,1.00175438596
42957,42963,46216,6,3253,2,7200,1.00184445128
42958,42969,46294,11,3325,2,7200,1.00330827068
43043,43049,46410,6,3361,2,7200,1.00178518298
43061,43067,46393,6,3326,2,7200,1.00180396873
43122,43128,46457,6,3329,2,7200,1.00180234305
43137,43143,46711,6,3568,2,7200,1.00168161435
43139,43149,46595,10,3446,2,7200,1.00290191526
43149,43155,75562,6,32407,8,32400,1.00018514518
43154,43161,46387,7,3226,2,7200,1.00216986981
43199,43205,46390,6,3185,2,7200,1.00188383046
43210,43216,46949,6,3733,2,7200,1.00160728636
43223,43513,81316,290,37803,16,37800,1.00767134883
43272,43278,46537,6,3259,2,7200,1.00184105554
43321,43327,46460,6,3133,2,7200,1.00191509735
43375,43585,56283,210,12698,8,21600,1.01653803749
43420,43426,46854,6,3428,2,7200,1.00175029172
43422,43432,46593,10,3161,2,7200,1.00316355584
43423,43438,46683,15,3245,2,7200,1.00462249615
43481,43487,46725,6,3238,2,7200,1.00185299568
43496,43502,46573,6,3071,2,7200,1.00195376099
43511,43519,46803,8,3284,2,7200,1.00243605359
43532,43538,47066,6,3528,2,7200,1.00170068027
43533,43544,46479,11,2935,2,7200,1.00374787053
43549,43555,46705,6,3150,2,7200,1.0019047619
43573,43579,47080,6,3501,2,7200,1.00171379606
43575,43912,65544,337,21632,8,21600,1.01557877219
43588,43594,46879,6,3285,2,7200,1.00182648402
43688,43694,47300,6,3606,2,7200,1.00166389351
43707,43713,47118,6,3405,2,7200,1.00176211454
43725,43737,46586,12,2849,2,7200,1.00421200421
43740,43813,47049,73,3236,2,7200,1.02255871446
43804,43906,47060,102,3154,2,7200,1.03233988586
43895,43918,47316,23,3398,2,7200,1.00676868746
43910,43967,47379,57,3412,2,7200,1.01670574443
43911,44050,47432,139,3382,2,7200,1.04109994086
43957,44341,47698,384,3357,2,7200,1.11438784629
43970,44140,47711,170,3571,12,43200,1.04760571269
43972,44472,47593,500,3121,2,7200,1.16020506248
43987,44509,47691,522,3182,2,7200,1.1640477687
44020,44166,54086,146,9920,8,21600,1.01471774194
44039,44538,47677,499,3139,2,7200,1.15896782415
44040,44427,45487,387,1060,8,14400,1.36509433962
44071,44209,47455,138,3246,2,7200,1.04251386322
44086,44228,47604,142,3376,2,7200,1.04206161137
44112,44550,47782,438,3232,2,7200,1.13551980198
44133,44566,47905,433,3339,2,7200,1.12967954477
44134,44597,47851,463,3254,2,7200,1.14228641672
44150,44651,47745,501,3094,2,7200,1.16192630899
44151,44729,48100,578,3371,2,7200,1.17146247404
44166,44736,48016,570,3280,2,7200,1.1737804878
44196,44742,47995,546,3253,2,7200,1.16784506609
44218,44753,47688,535,2935,2,7200,1.18228279387
44233,44790,48297,557,3507,2,7200,1.15882520673
44320,44797,47804,477,3007,2,7200,1.15862986365
44336,44849,48319,513,3470,2,7200,1.14783861671
44351,44877,48425,526,3548,2,7200,1.14825253664
44396,44402,47960,6,3558,2,7200,1.00168634064
44415,45139,48299,724,3160,2,7200,1.22911392405
44460,45172,48448,712,3276,2,7200,1.21733821734
44496,45473,48890,977,3417,2,7200,1.28592332455
44527,45503,48821,976,3318,2,7200,1.29415310428
44542,45509,48826,967,3317,2,7200,1.2915284896
44557,45514,48834,957,3320,2,7200,1.28825301205
44587,45525,49047,938,3522,2,7200,1.26632595116
44642,45650,48840,1008,3190,2,7200,1.31598746082
44718,45728,49008,1010,3280,2,7200,1.30792682927
44733,45754,49164,1021,3410,2,7200,1.29941348974
44734,45810,49302,1076,3492,2,7200,1.30813287514
44749,45880,49283,1131,3403,2,7200,1.33235380547
44780,45912,49152,1132,3240,2,7200,1.34938271605
44781,45919,49258,1138,3339,2,7200,1.34082060497
44839,45926,49236,1087,3310,2,7200,1.32839879154
44866,45959,49094,1093,3135,2,7200,1.34864433812
44881,45120,80904,239,35784,12,43200,1.00667896266
44889,45498,50978,609,5480,8,21600,1.11113138686
45045,46037,49182,992,3145,2,7200,1.31542130366
45047,46122,49497,1075,3375,2,7200,1.31851851852
45110,46131,49535,1021,3404,2,7200,1.29994124559
45126,46136,49772,1010,3636,2,7200,1.27777777778
45127,46147,49220,1020,3073,2,7200,1.33192320208
45160,46154,49689,994,3535,2,7200,1.28118811881
45179,45185,48698,6,3513,2,7200,1.00170794193
45406,46314,49573,908,3259,2,7200,1.27861307149
45439,46398,49548,959,3150,2,7200,1.30444444444
45464,46405,49752,941,3347,2,7200,1.28114729609
45515,46411,49481,896,3070,2,7200,1.29185667752
45640,46427,49955,787,3528,2,7200,1.22307256236
45719,46469,49794,750,3325,2,7200,1.22556390977
45743,46476,49590,733,3114,2,7200,1.23538856776
45801,46491,49982,690,3491,2,7200,1.19765110284
45868,46548,50157,680,3609,2,7200,1.18841784428
45901,46584,50000,683,3416,2,7200,1.19994145199
45916,46597,50246,681,3649,2,7200,1.18662647301
45918,46604,49656,686,3052,2,7200,1.2247706422
46024,46694,50190,670,3496,2,7200,1.19164759725
46025,46716,50066,691,3350,2,7200,1.20626865672
46074,46736,49641,662,2905,2,7200,1.22788296041
46110,46815,50214,705,3399,2,7200,1.20741394528
46138,46865,50709,727,3844,2,7200,1.18912591051
46139,46890,50116,751,3226,2,7200,1.23279603224
46179,46960,228479,781,181519,18,216000,1.0043025799
46215,47071,50413,856,3342,2,7200,1.25613405147
46216,47078,50412,862,3334,2,7200,1.25854829034
46295,47091,50471,796,3380,2,7200,1.23550295858
46310,47311,50517,1001,3206,2,7200,1.31222707424
46359,47327,50771,968,3444,2,7200,1.28106852497
46386,47391,50800,1005,3409,2,7200,1.29480786154
46401,47443,50982,1042,3539,2,7200,1.29443345578
46403,47706,51263,1303,3557,2,7200,1.36631993253
46418,47712,50847,1294,3135,2,7200,1.41275917065
46419,47728,51142,1309,3414,2,7200,1.3834212068
46456,47756,51349,1300,3593,2,7200,1.36181463958
46457,47793,51173,1336,3380,2,7200,1.39526627219
46479,47815,51411,1336,3596,2,7200,1.37152391546
46539,47862,51299,1323,3437,2,7200,1.3849287169
46573,47916,51362,1343,3446,2,7200,1.38972721997
46588,48007,51330,1419,3323,2,7200,1.4270237737
46597,47723,210459,1126,162736,18,198000,1.00691918199
46603,48027,51389,1424,3362,2,7200,1.42355740631
46604,48111,51403,1507,3292,2,7200,1.4577764277
46683,48238,51742,1555,3504,2,7200,1.44377853881
46705,48243,51565,1538,3322,2,7200,1.46297411198
46720,48309,51590,1589,3281,2,7200,1.48430356599
46735,48315,51946,1580,3631,2,7200,1.43514183421
46805,48330,51322,1525,2992,2,7200,1.50969251337
46853,48436,51909,1583,3473,2,7200,1.45580190037
46880,48459,51905,1579,3446,2,7200,1.4582124202
46951,47060,50521,109,3461,2,7200,1.03149378792
47050,48832,52150,1782,3318,2,7200,1.53707052441
47065,48839,52319,1774,3480,2,7200,1.50977011494
47067,48846,52047,1779,3201,2,7200,1.55576382381
47082,48853,52427,1771,3574,2,7200,1.49552322328
47118,48901,52300,1783,3399,2,7200,1.52456604884
47301,49019,52307,1718,3288,2,7200,1.52250608273
47319,49058,52155,1739,3097,2,7200,1.56151113981
47383,49106,52259,1723,3153,2,7200,1.54646368538
47429,49163,52496,1734,3333,2,7200,1.5202520252
47458,47689,51063,231,3374,2,7200,1.06846473029
47590,49175,52421,1585,3246,2,7200,1.48829328404
47606,47699,51243,93,3544,2,7200,1.02624153499
47678,49193,52372,1515,3179,2,7200,1.47656495753
47693,49247,52695,1554,3448,2,7200,1.45069605568
47694,49295,52506,1601,3211,2,7200,1.49859856742
47710,49313,52949,1603,3636,2,7200,1.44086908691
47746,49493,52532,1747,3039,2,7200,1.57486015137
47783,49508,52870,1725,3362,2,7200,1.51308744795
47804,49559,52970,1755,3411,2,7200,1.51451187335
47849,49584,52725,1735,3141,2,7200,1.5523718561
47904,49601,53087,1697,3486,2,7200,1.4868043603
47963,47971,51365,8,3394,2,7200,1.00235710077
47995,49653,53043,1658,3390,2,7200,1.48908554572
48016,49667,52882,1651,3215,2,7200,1.51353032659
48101,49701,53127,1600,3426,2,7200,1.46701692936
48222,48233,120277,11,72044,3,72000,1.00015268447
48241,49269,121296,1028,72027,3,72000,1.01427242562
48289,49763,53212,1474,3449,2,7200,1.42737025225
48305,49783,53233,1478,3450,2,7200,1.4284057971
48320,49805,53306,1485,3501,2,7200,1.42416452442
48426,49902,53079,1476,3177,2,7200,1.46458923513
48450,49908,53212,1458,3304,2,7200,1.44128329298
48700,48709,52187,9,3478,2,7200,1.00258769408
48823,49913,53054,1090,3141,2,7200,1.34702324101
48838,49918,53072,1080,3154,2,7200,1.34242232086
48839,49923,53363,1084,3440,2,7200,1.31511627907
48841,49929,53402,1088,3473,2,7200,1.31327382666
48889,49967,53583,1078,3616,2,7200,1.29811946903
49008,49993,53360,985,3367,2,7200,1.29254529255
49047,50011,53242,964,3231,2,7200,1.29835964098
49093,50077,53265,984,3188,2,7200,1.3086574655
49154,50127,53626,973,3499,2,7200,1.27807945127
49169,50168,53349,999,3181,2,7200,1.31405218485
49184,50201,53597,1017,3396,2,7200,1.29946996466
49220,50225,53612,1005,3387,2,7200,1.29672276351
49238,50257,53539,1019,3282,2,7200,1.31048141377
49257,50423,53702,1166,3279,2,7200,1.35559621836
49284,50430,53599,1146,3169,2,7200,1.3616282739
49302,50482,54055,1180,3573,2,7200,1.33025468794
49484,50528,53923,1044,3395,2,7200,1.30751104566
49499,50720,53863,1221,3143,2,7200,1.38848234171
49535,50782,53945,1247,3163,2,7200,1.39424596902
49550,50812,54318,1262,3506,2,7200,1.35995436395
49575,50859,54406,1284,3547,2,7200,1.361996053
49590,50988,54502,1398,3514,2,7200,1.39783722254
49642,50993,54570,1351,3577,2,7200,1.37769080235
49657,50999,54437,1342,3438,2,7200,1.3903432228
49687,51004,54554,1317,3550,2,7200,1.37098591549
49754,51011,54304,1257,3293,2,7200,1.38171879745
49772,51153,54464,1381,3311,2,7200,1.41709453337
49796,51184,54292,1388,3108,2,7200,1.44658944659
49955,51274,54515,1319,3241,2,7200,1.40697315643
49982,51310,54700,1328,3390,2,7200,1.39174041298
50000,51333,54470,1333,3137,2,7200,1.42492827542
50061,51341,54823,1280,3482,2,7200,1.36760482481
50116,51360,54835,1244,3475,2,7200,1.35798561151
50155,51381,54775,1226,3394,2,7200,1.3612256924
50191,51400,54901,1209,3501,2,7200,1.34532990574
50216,51414,54558,1198,3144,2,7200,1.381043257
50246,51422,54682,1176,3260,2,7200,1.36073619632
50414,51576,54750,1162,3174,2,7200,1.36609955892
50415,51602,54795,1187,3193,2,7200,1.37175070467
50473,51753,55184,1280,3431,2,7200,1.37306907607
50515,51884,55052,1369,3168,2,7200,1.43213383838
50525,50535,53809,10,3274,2,7200,1.00305436775
50709,51889,55347,1180,3458,2,7200,1.34123770966
50773,51895,55330,1122,3435,2,7200,1.32663755459
50803,51900,55122,1097,3222,2,7200,1.34047175667
50849,51905,55115,1056,3210,2,7200,1.32897196262
50983,51910,55618,927,3708,2,7200,1.25
51064,51074,54545,10,3471,2,7200,1.00288101412
51141,51917,55236,776,3319,2,7200,1.23380536306
51175,51923,55223,748,3300,2,7200,1.22666666667
51245,51254,54726,9,3472,2,7200,1.0025921659
51265,51957,55371,692,3414,2,7200,1.20269478617
51302,52058,55602,756,3544,2,7200,1.21331828442
51320,52161,55472,841,3311,2,7200,1.25400181214
51335,52167,55446,832,3279,2,7200,1.25373589509
51350,52271,55249,921,2978,2,7200,1.30926796508
51366,51374,54990,8,3616,2,7200,1.00221238938
51366,52311,55760,945,3449,2,7200,1.27399246158
51387,52319,55994,932,3675,2,7200,1.25360544218
51405,52330,55524,925,3194,2,7200,1.28960551033
51420,52383,55341,963,2958,2,7200,1.32555780933
51566,52433,55962,867,3529,2,7200,1.24567866251
51591,52440,55694,849,3254,2,7200,1.26090964966
51742,52507,55752,765,3245,2,7200,1.23574730354
51907,52517,55911,610,3394,2,7200,1.17972893341
51922,52543,55899,621,3356,2,7200,1.18504171633
51949,52707,55987,758,3280,2,7200,1.23109756098
52047,52736,55923,689,3187,2,7200,1.21619077502
52146,52881,56223,735,3342,2,7200,1.21992818671
52162,52893,56422,731,3529,2,7200,1.2071408331
52187,52198,55354,11,3156,2,7200,1.00348542459
52262,52960,56191,698,3231,2,7200,1.21603218818
52301,52981,56175,680,3194,2,7200,1.21289918597
52316,53054,56699,738,3645,2,7200,1.2024691358
52332,53065,56323,733,3258,2,7200,1.22498465316
52374,53083,56355,709,3272,2,7200,1.21668704156
52423,53091,56287,668,3196,2,7200,1.20901126408
52424,53098,56459,674,3361,2,7200,1.20053555489
52497,53138,56266,641,3128,2,7200,1.20492327366
52512,53223,56204,711,2981,2,7200,1.23851056692
52531,53228,56694,697,3466,2,7200,1.20109636469
52698,53244,56536,546,3292,2,7200,1.16585662211
52726,53253,56578,527,3325,2,7200,1.1584962406
52871,53276,56396,405,3120,2,7200,1.12980769231
52886,53360,56899,474,3539,2,7200,1.13393614015
52950,53372,56853,422,3481,2,7200,1.12122953174
52971,53550,56862,579,3312,2,7200,1.17481884058
53044,53609,57014,565,3405,2,7200,1.16593245228
53059,53616,57047,557,3431,2,7200,1.16234334013
53074,53623,57065,549,3442,2,7200,1.15950029053
53090,53638,56816,548,3178,2,7200,1.17243549402
53091,53713,57083,622,3370,2,7200,1.18456973294
53127,53874,57068,747,3194,2,7200,1.23387601753
53212,53935,57167,723,3232,2,7200,1.22370049505
53214,53956,57586,742,3630,2,7200,1.2044077135
53219,54097,54848,878,751,12,43200,2.16910785619
53235,54066,57408,831,3342,2,7200,1.2486535009
53250,54304,57636,1054,3332,2,7200,1.31632653061
53265,54316,57531,1051,3215,2,7200,1.32690513219
53305,54329,57655,1024,3326,2,7200,1.30787733013
53327,54569,68170,1242,13601,12,43200,1.09131681494
53350,54417,57891,1067,3474,2,7200,1.30713874496
53366,54476,57967,1110,3491,2,7200,1.31796046978
53367,54483,57852,1116,3369,2,7200,1.33125556545
53404,54527,57734,1123,3207,2,7200,1.35017149984
53540,54581,57860,1041,3279,2,7200,1.31747483989
53585,54693,58248,1108,3555,2,7200,1.31167369902
53601,54711,57987,1110,3276,2,7200,1.33882783883
53602,54761,57983,1159,3222,2,7200,1.35971446307
53617,54787,58355,1170,3568,2,7200,1.32791479821
53632,54807,58045,1175,3238,2,7200,1.36287831995
53702,54834,58118,1132,3284,2,7200,1.34470158343
53813,53820,57443,7,3623,2,7200,1.00193210047
53863,54846,58026,983,3180,2,7200,1.30911949686
53923,54859,58195,936,3336,2,7200,1.28057553957
53947,54864,58198,917,3334,2,7200,1.275044991
54053,54870,58285,817,3415,2,7200,1.239238653
54293,54875,58209,582,3334,2,7200,1.17456508698
54308,54880,58171,572,3291,2,7200,1.17380735339
54323,54885,57961,562,3076,2,7200,1.18270481144
54408,54912,58405,504,3493,2,7200,1.14428857715
54438,55063,58426,625,3363,2,7200,1.18584597086
54465,55127,58354,662,3227,2,7200,1.20514409668
54480,55134,58552,654,3418,2,7200,1.19133996489
54501,55196,58344,695,3148,2,7200,1.2207750953
54517,55234,58758,717,3524,2,7200,1.20346197503
54548,54556,57995,8,3439,2,7200,1.00232625763
54553,55247,58496,694,3249,2,7200,1.2136041859
54568,55260,58806,692,3546,2,7200,1.19514946418
54570,55341,58612,771,3271,2,7200,1.23570773464
54682,55353,58588,671,3235,2,7200,1.20741885626
54701,55367,58968,666,3601,2,7200,1.18494862538
54729,54738,58274,9,3536,2,7200,1.00254524887
54752,55382,58669,630,3287,2,7200,1.19166413143
54776,55458,58705,682,3247,2,7200,1.21004003696
54795,55483,59013,688,3530,2,7200,1.19490084986
54825,55535,58912,710,3377,2,7200,1.21024578028
54840,55613,58949,773,3336,2,7200,1.2317146283
54901,55630,59023,729,3393,2,7200,1.21485411141
54992,55001,58398,9,3397,2,7200,1.00264939653
55053,55706,59115,653,3409,2,7200,1.19155177471
55116,55764,59293,648,3529,2,7200,1.1836214225
55131,55771,58957,640,3186,2,7200,1.20087884495
55186,55910,59041,724,3131,2,7200,1.23123602683
55225,55922,59305,697,3383,2,7200,1.20603015075
55240,55934,59334,694,3400,2,7200,1.20411764706
55256,55973,59656,717,3683,2,7200,1.19467825143
55329,55999,59457,670,3458,2,7200,1.19375361481
55344,56006,59352,662,3346,2,7200,1.19784817693
55345,56186,59594,841,3408,2,7200,1.24677230047
55354,55360,58658,6,3298,2,7200,1.00181928441
55373,56203,59654,830,3451,2,7200,1.2405099971
55449,56214,59408,765,3194,2,7200,1.23951158422
55473,56234,59500,761,3266,2,7200,1.23300673607
55525,56277,59501,752,3224,2,7200,1.23325062035
55604,56295,59485,691,3190,2,7200,1.21661442006
55619,56301,59572,682,3271,2,7200,1.20849892999
55692,56306,60031,614,3725,2,7200,1.16483221477
55753,56311,59624,558,3313,2,7200,1.16842740718
55768,56318,59790,550,3472,2,7200,1.15841013825
55899,56334,59858,435,3524,2,7200,1.12343927355
55914,56366,59849,452,3483,2,7200,1.12977318404
55929,56407,59890,478,3483,2,7200,1.13723801321
55963,56433,59852,470,3419,2,7200,1.13746709564
55990,56471,59895,481,3424,2,7200,1.14047897196
56005,56548,60058,543,3510,2,7200,1.1547008547
56175,56589,60033,414,3444,2,7200,1.12020905923
56193,56705,60078,512,3373,2,7200,1.1517936555
56208,56712,59922,504,3210,2,7200,1.15700934579
56223,56827,60203,604,3376,2,7200,1.17890995261
56266,56865,60028,599,3163,2,7200,1.18937717357
56287,56873,60230,586,3357,2,7200,1.1745606196
56324,56910,60436,586,3526,2,7200,1.16619398752
56358,57025,60158,667,3133,2,7200,1.21289498883
56397,57058,60179,661,3121,2,7200,1.2117910926
56425,57076,60528,651,3452,2,7200,1.18858632677
56461,57083,60431,622,3348,2,7200,1.18578255675
56537,57094,60329,557,3235,2,7200,1.17217928903
56580,57178,60515,598,3337,2,7200,1.17920287684
56692,57419,60832,727,3413,2,7200,1.21300908292
56707,57542,60746,835,3204,2,7200,1.26061173533
56819,57597,60840,778,3243,2,7200,1.23990132593
56856,57647,60829,791,3182,2,7200,1.2485857951
56871,57666,61076,795,3410,2,7200,1.23313782991
56901,57745,61033,844,3288,2,7200,1.25669099757
57016,57864,61431,848,3567,2,7200,1.23773479114
57050,57871,61052,821,3181,2,7200,1.2580949387
57065,57902,61153,837,3251,2,7200,1.25745924331
57080,57972,61734,892,3762,2,7200,1.23710792132
57095,57979,61487,884,3508,2,7200,1.251995439
57168,57994,61375,826,3381,2,7200,1.24430641822
57408,58000,61566,592,3566,2,7200,1.16601233875
57447,57454,61076,7,3622,2,7200,1.0019326339
57532,58038,60941,506,2903,2,7200,1.17430244575
57587,58056,61480,469,3424,2,7200,1.13697429907
57636,58130,61268,494,3138,2,7200,1.15742511154
57654,58183,61496,529,3313,2,7200,1.15967401147
57736,58207,61199,471,2992,2,7200,1.1574197861
57854,58214,61354,360,3140,2,7200,1.11464968153
57869,58221,61635,352,3414,2,7200,1.10310486233
57894,58260,61290,366,3030,2,7200,1.12079207921
57960,58296,61676,336,3380,2,7200,1.09940828402
57975,58355,61512,380,3157,2,7200,1.12036743744
57991,58365,61802,374,3437,2,7200,1.10881582776
57992,58372,61540,380,3168,2,7200,1.11994949495
57995,58007,61340,12,3333,2,7200,1.00360036004
58028,58417,61920,389,3503,2,7200,1.11104767342
58046,58437,61548,391,3111,2,7200,1.12568306011
58276,58285,61590,9,3305,2,7200,1.00272314675
58401,58409,61858,8,3449,2,7200,1.0023195129
58615,58621,61900,6,3279,2,7200,1.00182982617
58661,58667,62099,6,3432,2,7200,1.00174825175
58669,58676,61924,7,3248,2,7200,1.00215517241
58706,58712,61979,6,3267,2,7200,1.00183654729
58758,58764,61952,6,3188,2,7200,1.00188205772
58809,58815,62317,6,3502,2,7200,1.00171330668
58913,58919,62150,6,3231,2,7200,1.00185701021
58953,58959,62231,6,3272,2,7200,1.00183374083
58968,58974,62551,6,3577,2,7200,1.00167738328
58969,58980,62170,11,3190,2,7200,1.00344827586
59015,59021,62496,6,3475,2,7200,1.00172661871
59030,59036,61958,6,2922,2,7200,1.00205338809
59045,59051,62289,6,3238,2,7200,1.00185299568
59118,59124,62388,6,3264,2,7200,1.00183823529
59294,59301,62781,7,3480,2,7200,1.00201149425
59310,59316,62519,6,3203,2,7200,1.00187324383
59337,59343,62402,6,3059,2,7200,1.0019614253
59352,59358,62501,6,3143,2,7200,1.00190900414
59410,59416,62937,6,3521,2,7200,1.00170406135
59459,59465,62814,6,3349,2,7200,1.00179157958
59483,59489,62726,6,3237,2,7200,1.00185356812
59501,59508,62795,7,3287,2,7200,1.00212960146
59503,59514,62734,11,3220,2,7200,1.00341614907
59573,59579,62841,6,3262,2,7200,1.00183936235
59594,59600,62754,6,3154,2,7200,1.00190234623
59624,59630,63292,6,3662,2,7200,1.00163844894
59655,59661,62925,6,3264,2,7200,1.00183823529
59656,59667,62839,11,3172,2,7200,1.00346784363
59790,59797,62934,7,3137,2,7200,1.0022314313
59851,59858,63075,7,3217,2,7200,1.00217594032
59853,61044,70923,1191,9879,16,37800,1.12055876101
59853,59864,63065,11,3201,2,7200,1.00343642612
59868,59874,63297,6,3423,2,7200,1.00175284838
59889,59901,63194,12,3293,2,7200,1.00364409353
59905,59911,63164,6,3253,2,7200,1.00184445128
59923,59934,63384,11,3450,2,7200,1.0031884058
60029,60039,63591,10,3552,2,7200,1.00281531532
60031,60045,63422,14,3377,2,7200,1.00414569144
60046,60169,63427,123,3258,2,7200,1.03775322284
60061,60190,63631,129,3441,2,7200,1.03748910201
60080,60214,63801,134,3587,2,7200,1.03735712294
60159,60241,63743,82,3502,2,7200,1.02341519132
60180,60340,63724,160,3384,2,7200,1.04728132388
60201,60442,63669,241,3227,2,7200,1.07468236752
60227,61302,97320,1075,36018,3,36000,1.02984618802
60233,60449,63862,216,3413,2,7200,1.06328743041
60330,60527,63611,197,3084,2,7200,1.06387808042
60433,60539,63987,106,3448,2,7200,1.0307424594
60448,60757,63957,309,3200,2,7200,1.0965625
60518,60841,64000,323,3159,2,7200,1.10224754669
60533,60848,64296,315,3448,2,7200,1.09135730858
60742,60748,71058,6,10310,1,28800,1.00058195926
60746,60855,64090,109,3235,2,7200,1.03369397218
60831,61092,64494,261,3402,2,7200,1.07671957672
60847,61098,64171,251,3073,2,7200,1.0816791409
60848,61165,64735,317,3570,2,7200,1.08879551821
60942,61279,64518,337,3239,2,7200,1.10404445817
61034,61308,64535,274,3227,2,7200,1.08490858382
61052,61365,64583,313,3218,2,7200,1.09726538222
61076,61387,64872,311,3485,2,7200,1.08923959828
61078,61085,64592,7,3507,2,7200,1.00199600798
61155,61442,64781,287,3339,2,7200,1.08595387841
61201,61491,64713,290,3222,2,7200,1.09000620732
61271,61498,64777,227,3279,2,7200,1.0692284233
61289,61507,64681,218,3174,2,7200,1.06868304978
61342,61352,64750,10,3398,2,7200,1.00294290759
61356,61523,64821,167,3298,2,7200,1.05063674955
61377,61551,64898,174,3347,2,7200,1.0519868539
61432,61559,64795,127,3236,2,7200,1.03924598269
61481,61578,64796,97,3218,2,7200,1.03014294593
61496,61646,65095,150,3449,2,7200,1.04349086692
61497,61687,64949,190,3262,2,7200,1.05824647456
61513,61745,65011,232,3266,2,7200,1.07103490508
61540,61813,65234,273,3421,2,7200,1.07980122771
61555,61911,65155,356,3244,2,7200,1.10974106042
61570,61931,65249,361,3318,2,7200,1.10880048222
61592,61601,65132,9,3531,2,7200,1.00254885302
61637,61938,65314,301,3376,2,7200,1.08915876777
61673,61964,65354,291,3390,2,7200,1.08584070796
61734,61971,65497,237,3526,2,7200,1.06721497448
61801,61990,65354,189,3364,2,7200,1.05618311534
61861,61869,65367,8,3498,2,7200,1.00228702115
61901,62181,65440,280,3259,2,7200,1.08591592513
61922,62243,65462,321,3219,2,7200,1.09972041007
61937,62300,65701,363,3401,2,7200,1.10673331373
61953,62329,65556,376,3227,2,7200,1.11651688875
61968,62399,65458,431,3059,2,7200,1.14089571755
61983,62413,65890,430,3477,2,7200,1.12366983031
62061,62161,66357,100,4196,2,10800,1.02383222116
62100,62110,65387,10,3277,2,7200,1.00305157156
62152,62507,65817,355,3310,2,7200,1.10725075529
62170,62514,65705,344,3191,2,7200,1.10780319649
62234,62530,65801,296,3271,2,7200,1.09049220422
62288,62563,65795,275,3232,2,7200,1.08508663366
62315,62738,65878,423,3140,2,7200,1.1347133758
62388,62745,66036,357,3291,2,7200,1.10847766636
62403,62765,66111,362,3346,2,7200,1.10818888225
62495,62792,65848,297,3056,2,7200,1.09718586387
62510,62806,66253,296,3447,2,7200,1.08587177256
62525,62825,66104,300,3279,2,7200,1.09149130833
62552,62851,66037,299,3186,2,7200,1.09384808537
62729,62857,66250,128,3393,2,7200,1.03772472738
62744,62936,66139,192,3203,2,7200,1.05994380268
62759,62946,66126,187,3180,2,7200,1.05880503145
62781,62952,66183,171,3231,2,7200,1.05292479109
62796,63076,66295,280,3219,2,7200,1.08698353526
62817,63086,66564,269,3478,2,7200,1.07734330075
62842,63176,66395,334,3219,2,7200,1.10375893135
62843,63206,66350,363,3144,2,7200,1.11545801527
62925,63303,66654,378,3351,2,7200,1.11280214861
62941,63310,66552,369,3242,2,7200,1.11381863048
62942,63396,66821,454,3425,2,7200,1.13255474453
63067,63433,66753,366,3320,2,7200,1.11024096386
63082,63440,66726,358,3286,2,7200,1.10894704808
63167,63603,67181,436,3578,2,7200,1.12185578535
63195,63622,66928,427,3306,2,7200,1.12915910466
63295,63642,66931,347,3289,2,7200,1.10550319246
63310,63680,67187,370,3507,2,7200,1.10550327916
63386,63735,67003,349,3268,2,7200,1.10679314565
63419,63754,67110,335,3356,2,7200,1.09982121573
63435,63812,67288,377,3476,2,7200,1.1084579977
63593,63873,67097,280,3224,2,7200,1.08684863524
63611,63968,67390,357,3422,2,7200,1.10432495617
63632,63998,67478,366,3480,2,7200,1.10517241379
63669,64011,67225,342,3214,2,7200,1.10640945862
63726,64101,67683,375,3582,2,7200,1.10469011725
63745,64182,67422,437,3240,2,7200,1.13487654321
63799,64307,67499,508,3192,2,7200,1.15914786967
63863,64505,67739,642,3234,2,7200,1.19851576994
63958,64529,67770,571,3241,2,7200,1.1761801913
63988,64747,67911,759,3164,2,7200,1.23988621997
64003,64794,68080,791,3286,2,7200,1.24071819842
64092,64800,68327,708,3527,2,7200,1.2007371704
64171,64807,68074,636,3267,2,7200,1.19467401286
64296,64833,68316,537,3483,2,7200,1.15417743325
64405,64788,65361,383,573,8,14400,1.66841186736
64430,65382,65894,952,512,8,14400,2.859375
64495,64883,68179,388,3296,2,7200,1.1177184466
64520,64960,68077,440,3117,2,7200,1.14116137312
64535,65022,68191,487,3169,2,7200,1.15367623856
64584,65106,68377,522,3271,2,7200,1.15958422501
64593,64599,68202,6,3603,2,7200,1.00166527893
64681,65147,68659,466,3512,2,7200,1.13268792711
64714,65166,68386,452,3220,2,7200,1.14037267081
64735,65246,68651,511,3405,2,7200,1.15007342144
64750,64757,68443,7,3686,2,7200,1.00189907759
64778,65260,68413,482,3153,2,7200,1.15287028227
64794,65326,68508,532,3182,2,7200,1.16719044626
64795,65365,68550,570,3185,2,7200,1.17896389325
64810,65371,68740,561,3369,2,7200,1.16651825467
64825,65389,68484,564,3095,2,7200,1.18222940226
64874,65451,68782,577,3331,2,7200,1.17322125488
64898,65469,68619,571,3150,2,7200,1.18126984127
64950,65476,69160,526,3684,2,7200,1.1427795874
65008,65508,68831,500,3323,2,7200,1.15046644598
65096,65556,68608,460,3052,2,7200,1.15072083879
65134,65140,68572,6,3432,2,7200,1.00174825175
65156,65562,68657,406,3095,2,7200,1.13117932149
65236,65567,68709,331,3142,2,7200,1.10534691279
65251,65572,68993,321,3421,2,7200,1.0938322128
65315,65579,68824,264,3245,2,7200,1.0813559322
65355,65712,68840,357,3128,2,7200,1.11413043478
65356,65719,69022,363,3303,2,7200,1.10990009083
65369,65377,68491,8,3114,2,7200,1.00256904303
65387,65398,68744,11,3346,2,7200,1.00328750747
65439,65806,68938,367,3132,2,7200,1.11717752235
65457,65813,68923,356,3110,2,7200,1.11446945338
65472,65828,68977,356,3149,2,7200,1.11305176246
65494,65859,69323,365,3464,2,7200,1.10536951501
65557,65889,69383,332,3494,2,7200,1.09502003434
65704,65902,69135,198,3233,2,7200,1.06124342716
65705,65909,69192,204,3283,2,7200,1.06213828815
65794,65915,69189,121,3274,2,7200,1.03695784973
65809,65920,69187,111,3267,2,7200,1.03397612489
65824,65925,69278,101,3353,2,7200,1.03012227856
65849,66047,69203,198,3156,2,7200,1.06273764259
65879,66053,69192,174,3139,2,7200,1.05543166614
65894,66115,69404,221,3289,2,7200,1.06719367589
66038,66122,69516,84,3394,2,7200,1.02474955804
66039,66137,69766,98,3629,2,7200,1.02700468449
66106,66150,69403,44,3253,2,7200,1.01352597602
66121,66194,69735,73,3541,2,7200,1.0206156453
66136,66261,69665,125,3404,2,7200,1.03672150411
66151,66267,69596,116,3329,2,7200,1.03484529889
66182,66307,69737,125,3430,2,7200,1.03644314869
66252,66362,69584,110,3222,2,7200,1.03414028554
66253,66406,69714,153,3308,2,7200,1.04625151149
66296,66563,69887,267,3324,2,7200,1.08032490975
66350,66575,69891,225,3316,2,7200,1.06785283474
66351,66368,67832,17,1464,1,3600,1.01161202186
66396,66665,69890,269,3225,2,7200,1.08341085271
66554,66737,70355,183,3618,2,7200,1.05058043118
66569,66764,70077,195,3313,2,7200,1.05885904014
66654,66832,69921,178,3089,2,7200,1.05762382648
66727,66940,70411,213,3471,2,7200,1.06136560069
66755,66946,70233,191,3287,2,7200,1.05810769699
66822,67015,70332,193,3317,2,7200,1.05818510702
66931,67108,70408,177,3300,2,7200,1.05363636364
66932,67121,70395,189,3274,2,7200,1.0577275504
67005,67192,70436,187,3244,2,7200,1.05764488286
67096,67199,70508,103,3309,2,7200,1.03112722877
67111,67236,70506,125,3270,2,7200,1.03822629969
67181,67299,70566,118,3267,2,7200,1.03611876339
67196,67401,70651,205,3250,2,7200,1.06307692308
67227,67434,70865,207,3431,2,7200,1.06033226465
67291,67489,70809,198,3320,2,7200,1.05963855422
67391,67510,70774,119,3264,2,7200,1.03645833333
67424,67694,70949,270,3255,2,7200,1.08294930876
67479,67750,71049,271,3299,2,7200,1.08214610488
67494,67782,70971,288,3189,2,7200,1.09031044214
67535,68181,73542,646,5361,8,14400,1.12049990673
67592,68186,68482,594,296,8,14400,3.00675675676
67685,67923,71233,238,3310,2,7200,1.07190332326
67740,68091,71219,351,3128,2,7200,1.11221227621
67770,68192,71385,422,3193,2,7200,1.13216410899
67913,68198,71314,285,3116,2,7200,1.09146341463
68077,68204,71174,127,2970,2,7200,1.04276094276
68078,68328,71585,250,3257,2,7200,1.07675775253
68093,68338,71598,245,3260,2,7200,1.07515337423
68178,68388,71609,210,3221,2,7200,1.06519714374
68194,68397,71633,203,3236,2,7200,1.06273176761
68205,68213,71677,8,3464,2,7200,1.00230946882
68315,68425,71655,110,3230,2,7200,1.03405572755
68330,68493,71740,163,3247,2,7200,1.05020018479
68379,68499,71796,120,3297,2,7200,1.03639672429
68394,68504,72106,110,3602,2,7200,1.03053858967
68416,68509,72037,93,3528,2,7200,1.02636054422
68444,68454,71856,10,3402,2,7200,1.00293944738
68482,68522,71646,40,3124,2,7200,1.01280409731
68492,68516,72029,24,3513,2,7200,1.00683176772
68507,68528,72032,21,3504,2,7200,1.00599315068
68553,68562,71969,9,3407,2,7200,1.00264162019
68574,68583,71956,9,3373,2,7200,1.00266824785
68607,68619,71777,12,3158,2,7200,1.00379987334
68622,68630,71945,8,3315,2,7200,1.002413273
68653,68662,71862,9,3200,2,7200,1.0028125
68668,68674,71859,6,3185,2,7200,1.00188383046
68670,68680,71945,10,3265,2,7200,1.00306278714
68712,68721,71892,9,3171,2,7200,1.00283822138
68743,68751,71998,8,3247,2,7200,1.00246381275
68746,68757,72327,11,3570,2,7200,1.00308123249
68782,68793,72364,11,3571,2,7200,1.00308036964
68825,68835,72005,10,3170,2,7200,1.00315457413
68840,68846,72272,6,3426,2,7200,1.00175131349
68841,68852,72346,11,3494,2,7200,1.00314825415
68924,68934,72761,10,3827,2,7200,1.0026130128
68939,68950,72173,11,3223,2,7200,1.00341296928
68979,68988,72201,9,3213,2,7200,1.00280112045
68994,69004,72346,10,3342,2,7200,1.00299222023
69024,69033,72323,9,3290,2,7200,1.00273556231
69137,69146,72344,9,3198,2,7200,1.00281425891
69161,69171,72417,10,3246,2,7200,1.00308071473
69186,69198,72826,12,3628,2,7200,1.0033076075
69201,69207,72440,6,3233,2,7200,1.00185586143
69203,69213,72800,10,3587,2,7200,1.002787845
69204,69218,72741,14,3523,2,7200,1.00397388589
69219,69225,72467,6,3242,2,7200,1.00185070944
69277,69289,72640,12,3351,2,7200,1.00358102059
69325,69334,72616,9,3282,2,7200,1.00274223035
69363,69608,70632,245,1024,8,14400,1.2392578125
69383,69394,72589,11,3195,2,7200,1.0034428795
69404,69595,72968,191,3373,2,7200,1.05662614883
69406,69677,72784,271,3107,2,7200,1.08722240103
69518,69725,72920,207,3195,2,7200,1.06478873239
69585,69747,72997,162,3250,2,7200,1.04984615385
69600,69754,73143,154,3389,2,7200,1.04544113308
69667,69777,72880,110,3103,2,7200,1.03544956494
69715,69898,73200,183,3302,2,7200,1.055420957
69737,69904,73419,167,3515,2,7200,1.04751066856
69738,69909,73299,171,3390,2,7200,1.05044247788
69769,69932,73345,163,3413,2,7200,1.04775857017
69888,70088,73211,200,3123,2,7200,1.06404098623
69903,70244,73586,341,3342,2,7200,1.10203470975
69904,70344,73564,440,3220,2,7200,1.13664596273
69922,70366,73766,444,3400,2,7200,1.13058823529
70077,70406,73553,329,3147,2,7200,1.10454401017
70235,70419,73680,184,3261,2,7200,1.05642440969
70335,70426,73672,91,3246,2,7200,1.028034504
70356,70448,73462,92,3014,2,7200,1.03052422031
70396,70517,73714,121,3197,2,7200,1.03784798248
70411,70524,73786,113,3262,2,7200,1.03464132434
70413,70577,74004,164,3427,2,7200,1.047855267
70437,70643,73859,206,3216,2,7200,1.06405472637
70507,70648,74012,141,3364,2,7200,1.04191438763
70508,70654,73851,146,3197,2,7200,1.04566781358
70566,70659,73897,93,3238,2,7200,1.02872143298
70651,70665,73829,14,3164,2,7200,1.00442477876
70776,70785,74156,9,3371,2,7200,1.00266983091
70799,70934,70935,135,1,1,86400,13.6
70810,70821,74408,11,3587,2,7200,1.0030666295
70865,70876,74190,11,3314,2,7200,1.00331925166
70950,70956,74235,6,3279,2,7200,1.00182982617
70971,70977,74193,6,3216,2,7200,1.00186567164
71050,71056,73992,6,2936,2,7200,1.00204359673
71172,71178,74491,6,3313,2,7200,1.00181104739
71221,71227,74623,6,3396,2,7200,1.00176678445
71236,71242,74354,6,3112,2,7200,1.00192802057
71238,71248,71266,10,18,1,86400,1.55555555556
71315,71321,74574,6,3253,2,7200,1.00184445128
71385,71391,74585,6,3194,2,7200,1.00187852223
71586,71592,74839,6,3247,2,7200,1.00184785956
71601,71608,74826,7,3218,2,7200,1.00217526414
71617,71623,75004,6,3381,2,7200,1.00177462289
71635,71641,75002,6,3361,2,7200,1.00178518298
71650,71656,75045,6,3389,2,7200,1.00177043376
71665,71672,74763,7,3091,2,7200,1.00226463928
71680,71686,75096,6,3410,2,7200,1.00175953079
71741,71748,75201,7,3453,2,7200,1.0020272227
71778,71784,74872,6,3088,2,7200,1.00194300518
71796,71802,75048,6,3246,2,7200,1.00184842884
71859,71865,75207,6,3342,2,7200,1.00179533214
71860,71871,75087,11,3216,2,7200,1.00342039801
71875,71881,74951,6,3070,2,7200,1.00195439739
71893,71899,75258,6,3359,2,7200,1.00178624591
71945,71951,75307,6,3356,2,7200,1.00178784267
71946,71957,75294,11,3337,2,7200,1.00329637399
71959,71965,75237,6,3272,2,7200,1.00183374083
71971,71977,75376,6,3399,2,7200,1.00176522507
71998,72004,75568,6,3564,2,7200,1.00168350168
72014,72020,75204,6,3184,2,7200,1.00188442211
72031,72037,75637,6,3600,2,7200,1.00166666667
72032,72043,75282,11,3239,2,7200,1.00339610991
72047,72053,75328,6,3275,2,7200,1.00183206107
72108,72114,75521,6,3407,2,7200,1.00176108013
72175,72181,75457,6,3276,2,7200,1.00183150183
72203,72209,75539,6,3330,2,7200,1.0018018018
72276,72282,75507,6,3225,2,7200,1.00186046512
72324,72330,75572,6,3242,2,7200,1.00185070944
72327,72336,75928,9,3592,2,7200,1.00250556793
72347,72353,75679,6,3326,2,7200,1.00180396873
72349,72359,75628,10,3269,2,7200,1.00305903946
72350,72364,75573,14,3209,2,7200,1.00436272982
72365,72371,75534,6,3163,2,7200,1.00189693329
72420,72426,75629,6,3203,2,7200,1.00187324383
72438,72445,75781,7,3336,2,7200,1.00209832134
72469,72475,75859,6,3384,2,7200,1.00177304965
72591,72597,75752,6,3155,2,7200,1.00190174326
72618,72625,75923,7,3298,2,7200,1.00212249848
72643,72649,75799,6,3150,2,7200,1.0019047619
72740,72746,76002,6,3256,2,7200,1.00184275184
72762,72768,76427,6,3659,2,7200,1.00163979229
72786,72792,76161,6,3369,2,7200,1.0017809439
72801,72807,76169,6,3362,2,7200,1.00178465199
72828,72835,76172,7,3337,2,7200,1.00209769254
72880,72886,76464,6,3578,2,7200,1.00167691448
72920,72926,76167,6,3241,2,7200,1.00185128047
72921,72932,602858,11,529926,3,604800,1.00002075762
72969,72975,76293,6,3318,2,7200,1.00180831826
72999,73005,76337,6,3332,2,7200,1.00180072029
73139,73145,76367,6,3222,2,7200,1.00186219739
73200,73206,76467,6,3261,2,7200,1.0018399264
73215,73221,76472,6,3251,2,7200,1.00184558597
73300,73306,76402,6,3096,2,7200,1.0019379845
73346,73352,76589,6,3237,2,7200,1.00185356812
73419,73425,76489,6,3064,2,7200,1.00195822454
73462,73468,76672,6,3204,2,7200,1.00187265918
73556,73562,76887,6,3325,2,7200,1.00180451128
73571,73577,76638,6,3061,2,7200,1.00196014374
73586,73592,77083,6,3491,2,7200,1.00171870524
73674,73680,76956,6,3276,2,7200,1.00183150183
73689,73696,76798,7,3102,2,7200,1.00225660864
73714,73720,76930,6,3210,2,7200,1.00186915888
73769,73775,77013,6,3238,2,7200,1.00185299568
73787,73793,77118,6,3325,2,7200,1.00180451128
73830,73836,77152,6,3316,2,7200,1.00180940893
73851,73857,77065,6,3208,2,7200,1.00187032419
73866,73873,77471,7,3598,2,7200,1.00194552529
73884,73891,73904,7,13,1,86400,1.53846153846
73900,73906,77316,6,3410,2,7200,1.00175953079
73991,73997,77364,6,3367,2,7200,1.00178200178
74006,74013,77297,7,3284,2,7200,1.00213154689
74021,74028,77251,7,3223,2,7200,1.00217188954
74156,74162,77494,6,3332,2,7200,1.00180072029
74167,74205,77376,38,3171,1,86400,1.01198360139
74192,74199,77580,7,3381,2,7200,1.00207039337
74194,74210,77413,16,3203,2,7200,1.00499531689
74237,74243,77492,6,3249,2,7200,1.00184672207
74355,74361,77723,6,3362,2,7200,1.00178465199
74410,74416,77700,6,3284,2,7200,1.00182704019
74492,74498,77634,6,3136,2,7200,1.00191326531
74573,74580,77760,7,3180,2,7200,1.00220125786
74589,74595,77777,6,3182,2,7200,1.00188560654
74625,74631,78200,6,3569,2,7200,1.00168114318
74765,74771,78050,6,3279,2,7200,1.00182982617
74826,74832,78140,6,3308,2,7200,1.00181378476
74841,74847,77986,6,3139,2,7200,1.00191143676
74871,74877,78272,6,3395,2,7200,1.00176730486
74950,74956,78062,6,3106,2,7200,1.00193174501
75005,75011,78145,6,3134,2,7200,1.00191448628
75006,75017,78023,11,3006,2,7200,1.00365934797
75046,75052,78541,6,3489,2,7200,1.00171969046
75061,75067,78308,6,3241,2,7200,1.00185128047
75089,75095,78396,6,3301,2,7200,1.00181763102
75097,75103,78615,6,3512,2,7200,1.00170842825
75201,75207,78567,6,3360,2,7200,1.00178571429
75209,75215,78318,6,3103,2,7200,1.00193361263
75216,75222,78196,6,2974,2,7200,1.00201748487
75239,75246,78930,7,3684,2,7200,1.00190010858
75258,75265,78425,7,3160,2,7200,1.00221518987
75283,75289,78825,6,3536,2,7200,1.00169683258
75298,75304,78610,6,3306,2,7200,1.00181488203
75313,75319,78403,6,3084,2,7200,1.00194552529
75328,75335,78601,7,3266,2,7200,1.00214329455
75377,75383,78658,6,3275,2,7200,1.00183206107
75459,75465,78659,6,3194,2,7200,1.00187852223
75508,75514,78699,6,3185,2,7200,1.00188383046
75523,75529,78969,6,3440,2,7200,1.00174418605
75538,75545,78871,7,3326,2,7200,1.00210463019
75553,75560,78851,7,3291,2,7200,1.00212701307
75569,75574,78725,5,3151,2,7200,1.00158679784
75584,75590,78776,6,3186,2,7200,1.00188323917
75585,75596,78672,11,3076,2,7200,1.00357607282
75628,75634,79120,6,3486,2,7200,1.0017211704
75636,75643,78963,7,3320,2,7200,1.00210843373
75643,75649,78947,6,3298,2,7200,1.00181928441
75677,75683,79117,6,3434,2,7200,1.00174723355
75753,75759,78948,6,3189,2,7200,1.00188146754
75783,75789,78718,6,2929,2,7200,1.00204848071
75798,75805,79039,7,3234,2,7200,1.00216450216
75859,75865,79420,6,3555,2,7200,1.00168776371
75923,75929,79284,6,3355,2,7200,1.00178837556
75930,75936,79261,6,3325,2,7200,1.00180451128
76005,76011,79168,6,3157,2,7200,1.00190053849
76163,76170,79401,7,3231,2,7200,1.00216651192
76179,76185,79659,6,3474,2,7200,1.00172711572
76180,76191,79571,11,3380,2,7200,1.00325443787
76182,76196,79619,14,3423,2,7200,1.00408997955
76294,76301,79452,7,3151,2,7200,1.00222151698
76337,76344,79552,7,3208,2,7200,1.00218204489
76368,76374,79705,6,3331,2,7200,1.00180126088
76404,76410,79622,6,3212,2,7200,1.00186799502
76418,76971,79792,553,2821,8,14400,1.19602977667
76429,76435,79713,6,3278,2,7200,1.00183038438
76465,76472,79633,7,3161,2,7200,1.00221448909
76467,76478,79600,11,3122,2,7200,1.00352338245
76482,76488,79840,6,3352,2,7200,1.00178997613
76497,76503,79988,6,3485,2,7200,1.00172166428
76501,78211,78531,1710,320,8,14400,6.34375
76592,76598,80020,6,3422,2,7200,1.00175336061
76637,76643,79889,6,3246,2,7200,1.00184842884
76674,76680,79931,6,3251,2,7200,1.00184558597
76798,76804,80081,6,3277,2,7200,1.00183094294
76823,76830,78994,7,2164,1,3600,1.00323475046
76883,76889,79136,6,2247,1,3600,1.00267022697
76886,76895,80464,9,3569,2,7200,1.00252171477
76932,76939,80061,7,3122,2,7200,1.00224215247
76959,76965,80627,6,3662,2,7200,1.00163844894
77014,77020,80563,6,3543,2,7200,1.0016934801
77065,77072,80423,7,3351,2,7200,1.00208892868
77084,77090,80120,6,3030,2,7200,1.00198019802
77120,77126,80509,6,3383,2,7200,1.00177357375
77154,77160,80550,6,3390,2,7200,1.0017699115
77254,77260,80408,6,3148,2,7200,1.00190597205
77297,77303,80551,6,3248,2,7200,1.00184729064
77318,77324,80374,6,3050,2,7200,1.00196721311
77367,77373,80485,6,3112,2,7200,1.00192802057
77415,77422,80647,7,3225,2,7200,1.00217054264
77470,77476,80677,6,3201,2,7200,1.00187441425
77492,77498,80724,6,3226,2,7200,1.00185988841
77507,77513,80688,6,3175,2,7200,1.00188976378
77580,77586,80828,6,3242,2,7200,1.00185070944
77634,77641,81077,7,3436,2,7200,1.00203725262
77701,77708,81356,7,3648,2,7200,1.00191885965
77726,77732,81037,6,3305,2,7200,1.00181543116
77762,77768,80918,6,3150,2,7200,1.0019047619
77777,77784,80847,7,3063,2,7200,1.00228534117
77987,77993,81294,6,3301,2,7200,1.00181763102
78023,78030,81465,7,3435,2,7200,1.00203784571
78051,78057,81228,6,3171,2,7200,1.00189214759
78066,78072,81238,6,3166,2,7200,1.00189513582
78142,78148,81430,6,3282,2,7200,1.00182815356
78157,78164,81314,7,3150,2,7200,1.00222222222
78197,78203,81640,6,3437,2,7200,1.00174570847
78212,78218,81546,6,3328,2,7200,1.00180288462
78273,78279,81665,6,3386,2,7200,1.00177200236
78310,78316,81463,6,3147,2,7200,1.00190657769
78321,78328,81796,7,3468,2,7200,1.00201845444
78398,78404,81528,6,3124,2,7200,1.0019206146
78413,78419,81892,6,3473,2,7200,1.00172761301
78428,78434,81828,6,3394,2,7200,1.00176782557
78544,78550,81837,6,3287,2,7200,1.00182537268
78568,78574,81677,6,3103,2,7200,1.00193361263
78602,78608,82238,6,3630,2,7200,1.00165289256
78617,78623,81831,6,3208,2,7200,1.00187032419
78618,78629,82186,11,3557,2,7200,1.00309249367
78660,78666,81934,6,3268,2,7200,1.00183598531
78661,78672,82119,11,3447,2,7200,1.00319118074
78676,78682,81947,6,3265,2,7200,1.00183767228
78701,78707,81855,6,3148,2,7200,1.00190597205
78719,78725,81956,6,3231,2,7200,1.00185701021
78734,78744,82283,10,3539,2,7200,1.00282565697
78777,78783,81933,6,3150,2,7200,1.0019047619
78826,78832,82009,6,3177,2,7200,1.00188857413
78853,78859,82091,6,3232,2,7200,1.00185643564
78872,78878,82113,6,3235,2,7200,1.00185471406
78930,78936,82514,6,3578,2,7200,1.00167691448
78948,78954,82294,6,3340,2,7200,1.00179640719
78949,78960,82156,11,3196,2,7200,1.00344180225
78963,78969,82167,6,3198,2,7200,1.00187617261
78970,78977,82095,7,3118,2,7200,1.00224502886
79040,79047,82136,7,3089,2,7200,1.00226610554
79119,79125,82628,6,3503,2,7200,1.00171281758
79121,79131,82438,10,3307,2,7200,1.00302388872
79169,79176,82563,7,3387,2,7200,1.00206672572
79264,79270,82601,6,3331,2,7200,1.00180126088
79285,79291,82598,6,3307,2,7200,1.00181433323
79403,79409,82758,6,3349,2,7200,1.00179157958
79422,79428,82713,6,3285,2,7200,1.00182648402
79455,79461,82619,6,3158,2,7200,1.00189993667
79555,79561,82782,6,3221,2,7200,1.00186277554
79573,79580,82929,7,3349,2,7200,1.00209017617
79601,79607,82848,6,3241,2,7200,1.00185128047
79619,79626,82860,7,3234,2,7200,1.00216450216
79621,79632,82995,11,3363,2,7200,1.00327088909
79636,79642,83148,6,3506,2,7200,1.00171135197
79660,79667,83193,7,3526,2,7200,1.00198525241
79706,79712,83011,6,3299,2,7200,1.00181873295
79721,79727,83033,6,3306,2,7200,1.00181488203
79840,79846,83183,6,3337,2,7200,1.00179802218
79888,79894,83089,6,3195,2,7200,1.00187793427
79931,79937,83170,6,3233,2,7200,1.00185586143
79989,79995,83567,6,3572,2,7200,1.00167973124
80022,80028,83669,6,3641,2,7200,1.00164789893
80062,80068,83313,6,3245,2,7200,1.00184899846
80083,80089,83319,6,3230,2,7200,1.00185758514
80123,80129,83517,6,3388,2,7200,1.00177095632
80272,81332,82407,1060,1075,8,14400,1.98604651163
80375,80381,83564,6,3183,2,7200,1.00188501414
80408,80415,83656,7,3241,2,7200,1.00215982721
80424,80430,83634,6,3204,2,7200,1.00187265918
80467,80473,83940,6,3467,2,7200,1.00173060283
80485,80491,83723,6,3232,2,7200,1.00185643564
80509,80515,83743,6,3228,2,7200,1.00185873606
80546,80552,83730,6,3178,2,7200,1.00188797986
80561,80567,83707,6,3140,2,7200,1.00191082803
80562,80573,83714,11,3141,2,7200,1.0035020694
80626,80632,83976,6,3344,2,7200,1.00179425837
80648,80654,83888,6,3234,2,7200,1.00185528757
80678,80684,83727,6,3043,2,7200,1.00197173842
80693,80699,83902,6,3203,2,7200,1.00187324383
80727,80733,83876,6,3143,2,7200,1.00190900414
80831,80837,84106,6,3269,2,7200,1.00183542368
80849,80856,84118,7,3262,2,7200,1.00214592275
80919,80925,84502,6,3577,2,7200,1.00167738328
80956,81327,91897,371,10570,12,86400,1.03509933775
81038,81045,84243,7,3198,2,7200,1.00218886804
81078,81084,84401,6,3317,2,7200,1.00180886343
81229,81236,84563,7,3327,2,7200,1.0021039976
81245,81251,84736,6,3485,2,7200,1.00172166428
81296,81303,84808,7,3505,2,7200,1.00199714693
81315,81321,84731,6,3410,2,7200,1.00175953079
81357,81364,84646,7,3282,2,7200,1.00213284583
81430,81436,84629,6,3193,2,7200,1.00187911055
81464,81470,84670,6,3200,2,7200,1.001875
81465,81476,84720,11,3244,2,7200,1.00339087546
81529,81535,84650,6,3115,2,7200,1.00192616372
81548,81554,84800,6,3246,2,7200,1.00184842884
81641,81648,85032,7,3384,2,7200,1.00206855792
81666,81672,84968,6,3296,2,7200,1.00182038835
81681,81687,84949,6,3262,2,7200,1.00183936235
81798,81805,85136,7,3331,2,7200,1.00210147103
81830,81836,85075,6,3239,2,7200,1.00185242359
81845,81851,84850,6,2999,2,7200,1.00200066689
81846,81857,85268,11,3411,2,7200,1.00322486074
81862,81868,85182,6,3314,2,7200,1.00181050091
81892,81898,85254,6,3356,2,7200,1.00178784267
81935,81942,85165,7,3223,2,7200,1.00217188954
81937,81947,85332,10,3385,2,7200,1.00295420975
81952,81958,85315,6,3357,2,7200,1.0017873101
81967,81973,85152,6,3179,2,7200,1.00188738597
82010,82016,85350,6,3334,2,7200,1.00179964007
82089,82096,85336,7,3240,2,7200,1.00216049383
82104,82111,85450,7,3339,2,7200,1.00209643606
82120,82126,85357,6,3231,2,7200,1.00185701021
82121,82132,85550,11,3418,2,7200,1.00321825629
82137,82143,85314,6,3171,2,7200,1.00189214759
82158,82164,85475,6,3311,2,7200,1.00181214135
82169,82176,85738,7,3562,2,7200,1.0019651881
82188,82194,85407,6,3213,2,7200,1.00186741363
82240,82246,85453,6,3207,2,7200,1.00187090739
82283,82289,85550,6,3261,2,7200,1.0018399264
82298,82304,85601,6,3297,2,7200,1.00181983621
82438,82444,85845,6,3401,2,7200,1.001764187
82514,82520,86154,6,3634,2,7200,1.0016510732
82566,82572,85537,6,2965,2,7200,1.00202360877
82599,82605,86044,6,3439,2,7200,1.00174469322
82605,82611,85953,6,3342,2,7200,1.00179533214
82620,82627,85991,7,3364,2,7200,1.00208085612
82636,82642,85965,6,3323,2,7200,1.00180559735
82714,82721,85934,7,3213,2,7200,1.00217864924
82760,82766,85937,6,3171,2,7200,1.00189214759
82784,82791,86145,7,3354,2,7200,1.00208706023
82848,82854,86036,6,3182,2,7200,1.00188560654
82864,82870,86642,6,3772,2,7200,1.00159066808
82930,82936,86131,6,3195,2,7200,1.00187793427
82998,83003,86232,5,3229,2,7200,1.00154846702
83013,83019,86271,6,3252,2,7200,1.00184501845
83034,83040,86309,6,3269,2,7200,1.00183542368
83089,83095,86234,6,3139,2,7200,1.00191143676
83147,83153,86483,6,3330,2,7200,1.0018018018
83171,83178,86436,7,3258,2,7200,1.0021485574
83187,83193,86383,6,3190,2,7200,1.00188087774
83202,83208,86439,6,3231,2,7200,1.00185701021
83315,83321,87027,6,3706,2,7200,1.00161899622
83330,83336,86571,6,3235,2,7200,1.00185471406
83416,83422,89807,6,6385,1,86400,1.00093970243
83518,83524,86778,6,3254,2,7200,1.00184388445
83564,83570,86834,6,3264,2,7200,1.00183823529
83565,83576,86797,11,3221,2,7200,1.00341508848
83635,83642,86788,7,3146,2,7200,1.00222504768
83657,83663,86972,6,3309,2,7200,1.00181323663
83672,83678,86891,6,3213,2,7200,1.00186741363
83709,83715,86942,6,3227,2,7200,1.00185931205
83724,83730,87153,6,3423,2,7200,1.00175284838
83725,83736,86948,11,3212,2,7200,1.00342465753
83741,83747,87202,6,3455,2,7200,1.0017366136
83742,83753,86944,11,3191,2,7200,1.00344719524
83757,83764,86999,7,3235,2,7200,1.00216383308
83876,83882,87288,6,3406,2,7200,1.00176159718
83891,83898,87313,7,3415,2,7200,1.00204978038
83907,83913,87424,6,3511,2,7200,1.00170891484
83943,83949,87476,6,3527,2,7200,1.00170116246
83977,83983,87228,6,3245,2,7200,1.00184899846
84108,84114,87365,6,3251,2,7200,1.00184558597
84124,84129,87771,5,3642,2,7200,1.00137287205
84245,84252,87301,7,3049,2,7200,1.0022958347
84324,84814,93403,490,8589,16,37800,1.05704971475
84401,84407,87651,6,3244,2,7200,1.00184956843
84504,84510,87793,6,3283,2,7200,1.00182759671
84565,84571,87921,6,3350,2,7200,1.00179104478
84629,84635,87981,6,3346,2,7200,1.00179318589
84647,84653,87955,6,3302,2,7200,1.00181708056
84662,84668,87944,6,3276,2,7200,1.00183150183
84678,84684,87968,6,3284,2,7200,1.00182704019
84720,84727,88056,7,3329,2,7200,1.00210273355
84736,84742,88103,6,3361,2,7200,1.00178518298
84751,84757,88007,6,3250,2,7200,1.00184615385
84802,84808,88122,6,3314,2,7200,1.00181050091
84817,84823,88091,6,3268,2,7200,1.00183598531
84851,84857,88208,6,3351,2,7200,1.0017905103
84948,84954,88219,6,3265,2,7200,1.00183767228
84970,84976,88195,6,3219,2,7200,1.0018639329
85033,85040,88203,7,3163,2,7200,1.00221308884
85076,85082,88461,6,3379,2,7200,1.00177567328
85140,85146,88994,6,3848,2,7200,1.00155925156
85152,85158,88464,6,3306,2,7200,1.00181488203
85167,85173,88249,6,3076,2,7200,1.00195058518
85185,85191,88420,6,3229,2,7200,1.00185816042
85255,85261,88587,6,3326,2,7200,1.00180396873
85270,85276,88504,6,3228,2,7200,1.00185873606
85316,85322,88484,6,3162,2,7200,1.00189753321
85317,85328,88718,11,3390,2,7200,1.00324483776
85332,85338,88619,6,3281,2,7200,1.00182871076
85347,85354,88979,7,3625,2,7200,1.00193103448
85363,85369,88657,6,3288,2,7200,1.00182481752
85364,85375,88644,11,3269,2,7200,1.00336494341
85408,85415,88720,7,3305,2,7200,1.00211800303
85449,85456,88883,7,3427,2,7200,1.00204260286
85464,85471,88441,7,2970,2,7200,1.00235690236
85480,85486,88762,6,3276,2,7200,1.00183150183
85538,85544,88795,6,3251,2,7200,1.00184558597
85553,85559,88665,6,3106,2,7200,1.00193174501
85554,85565,88672,11,3107,2,7200,1.00354039266
85595,85946,85953,351,7,8,14400,35.8
85603,85609,88848,6,3239,2,7200,1.00185242359
85741,85747,89082,6,3335,2,7200,1.00179910045
85846,85852,89059,6,3207,2,7200,1.00187090739
85934,85940,89233,6,3293,2,7200,1.00182204677
85949,85955,89369,6,3414,2,7200,1.00175746924
85956,85962,89319,6,3357,2,7200,1.0017873101
85964,85970,89284,6,3314,2,7200,1.00181050091
85992,85998,89034,6,3036,2,7200,1.00197628458
86034,86041,89145,7,3104,2,7200,1.00225515464
86050,86056,89335,6,3279,2,7200,1.00182982617
86132,86138,89544,6,3406,2,7200,1.00176159718
86147,86153,89510,6,3357,2,7200,1.0017873101
86155,86161,89882,6,3721,2,7200,1.00161246977
86232,86238,89566,6,3328,2,7200,1.00180288462
86247,86253,89482,6,3229,2,7200,1.00185816042
86274,86280,89493,6,3213,2,7200,1.00186741363
86310,86317,89608,7,3291,2,7200,1.00212701307
86383,86389,89697,6,3308,2,7200,1.00181378476
86438,86445,89617,7,3172,2,7200,1.00220680958
86440,86450,89736,10,3286,2,7200,1.00304321363
86482,86489,89801,7,3312,2,7200,1.00211352657
86574,86580,89771,6,3191,2,7200,1.00188028831
86644,86650,89858,6,3208,2,7200,1.00187032419
86777,86783,89790,6,3007,2,7200,1.0019953442
86792,86798,90413,6,3615,2,7200,1.00165975104
86807,86813,90033,6,3220,2,7200,1.00186335404
86835,86841,90381,6,3540,2,7200,1.00169491525
86892,86899,90406,7,3507,2,7200,1.00199600798
86941,86948,90089,7,3141,2,7200,1.00222858962
86957,86963,90276,6,3313,2,7200,1.00181104739
86958,86969,90428,11,3459,2,7200,1.00318010986
86974,86980,90374,6,3394,2,7200,1.00176782557
87001,87007,90289,6,3282,2,7200,1.00182815356
87026,87032,90294,6,3262,2,7200,1.00183936235
87156,87162,90462,6,3300,2,7200,1.00181818182
87202,87208,90375,6,3167,2,7200,1.00189453742
87230,87236,90478,6,3242,2,7200,1.00185070944
87290,87297,90687,7,3390,2,7200,1.00206489676
87306,87312,90539,6,3227,2,7200,1.00185931205
87322,87328,90857,6,3529,2,7200,1.00170019836
87367,87374,90736,7,3362,2,7200,1.00208209399
87425,87431,90823,6,3392,2,7200,1.00176886792
87477,87483,90840,6,3357,2,7200,1.0017873101
87653,87659,90915,6,3256,2,7200,1.00184275184
87771,87778,90994,7,3216,2,7200,1.00217661692
87796,87802,91032,6,3230,2,7200,1.00185758514
87923,87929,91118,6,3189,2,7200,1.00188146754
87945,87951,91309,6,3358,2,7200,1.00178677784
87960,87966,91294,6,3328,2,7200,1.00180288462
87975,87981,91189,6,3208,2,7200,1.00187032419
87990,87996,91239,6,3243,2,7200,1.00185013876
88008,88015,91386,7,3371,2,7200,1.00207653515
88057,88063,91469,6,3406,2,7200,1.00176159718
88094,88100,91521,6,3421,2,7200,1.00175387314
88109,88115,91342,6,3227,2,7200,1.00185931205
88124,88130,91854,6,3724,2,7200,1.00161117078
88197,88203,91296,6,3093,2,7200,1.00193986421
88213,88219,91651,6,3432,2,7200,1.00174825175
88214,88225,91395,11,3170,2,7200,1.00347003155
88229,88236,91345,7,3109,2,7200,1.00225152782
88251,88257,91487,6,3230,2,7200,1.00185758514
88421,88427,91615,6,3188,2,7200,1.00188205772
88443,88449,91797,6,3348,2,7200,1.0017921147
88461,88467,91750,6,3283,2,7200,1.00182759671
88476,88483,91574,7,3091,2,7200,1.00226463928
88492,88498,91599,6,3101,2,7200,1.00193485972
88507,88513,91859,6,3346,2,7200,1.00179318589
88589,88595,91782,6,3187,2,7200,1.00188264826
88620,88626,91832,6,3206,2,7200,1.00187149095
88647,88653,91810,6,3157,2,7200,1.00190053849
88663,88668,91811,5,3143,2,7200,1.00159083678
88664,88674,92171,10,3497,2,7200,1.00285959394
88680,88686,91963,6,3277,2,7200,1.00183094294
88716,88722,92212,6,3490,2,7200,1.00171919771
88723,88729,92298,6,3569,2,7200,1.00168114318
88765,88771,92042,6,3271,2,7200,1.00183430144
88796,88802,92098,6,3296,2,7200,1.00182038835
88850,88856,92256,6,3400,2,7200,1.00176470588
88884,88890,92043,6,3153,2,7200,1.00190294957
88978,88984,92219,6,3235,2,7200,1.00185471406
88996,89002,92471,6,3469,2,7200,1.00172960507
89036,89042,91991,6,2949,2,7200,1.002034588
89060,89066,92235,6,3169,2,7200,1.00189334175
89083,89090,92750,7,3660,2,7200,1.00191256831
89145,89152,92589,7,3437,2,7200,1.00203665988
89234,89240,92474,6,3234,2,7200,1.00185528757
89285,89292,92628,7,3336,2,7200,1.00209832134
89322,89328,92937,6,3609,2,7200,1.00166251039
89337,89343,92592,6,3249,2,7200,1.00184672207
89371,89377,92423,6,3046,2,7200,1.00196979645
89483,89490,92772,7,3282,2,7200,1.00213284583
89499,89504,92840,5,3336,2,7200,1.00149880096
89514,89520,92900,6,3380,2,7200,1.00177514793
89544,89550,92809,6,3259,2,7200,1.00184105554
89566,89572,92656,6,3084,2,7200,1.00194552529
89608,89615,92883,7,3268,2,7200,1.00214198286
89624,89630,92642,6,3012,2,7200,1.00199203187
89700,89706,92871,6,3165,2,7200,1.0018957346
89739,89745,93002,6,3257,2,7200,1.00184218606
89773,89779,93085,6,3306,2,7200,1.00181488203
89791,89797,93035,6,3238,2,7200,1.00185299568
89807,89812,93069,5,3257,2,7200,1.00153515505
89859,89865,93088,6,3223,2,7200,1.00186161961
89884,89890,93372,6,3482,2,7200,1.00172314762
90035,90041,93146,6,3105,2,7200,1.00193236715
90090,90096,93311,6,3215,2,7200,1.00186625194
90278,90284,93573,6,3289,2,7200,1.00182426269
90293,90299,93612,6,3313,2,7200,1.00181104739
90295,90305,93820,10,3515,2,7200,1.00284495021
90374,90380,93671,6,3291,2,7200,1.00182315406
90375,90386,93672,11,3286,2,7200,1.003347535
90391,90397,93446,6,3049,2,7200,1.00196785831
90406,90412,93645,6,3233,2,7200,1.00185586143
90422,90428,93665,6,3237,2,7200,1.00185356812
90437,90443,93707,6,3264,2,7200,1.00183823529
90464,90471,93978,7,3507,2,7200,1.00199600798
90480,90486,93673,6,3187,2,7200,1.00188264826
90541,90547,93765,6,3218,2,7200,1.00186451212
90689,90695,93974,6,3279,2,7200,1.00182982617
90737,90744,94001,7,3257,2,7200,1.00214921707
90825,90832,94474,7,3642,2,7200,1.00192202087
90841,90847,94037,6,3190,2,7200,1.00188087774
90859,90865,94122,6,3257,2,7200,1.00184218606
90917,90923,94290,6,3367,2,7200,1.00178200178
90994,91000,94334,6,3334,2,7200,1.00179964007
91033,91039,94392,6,3353,2,7200,1.00178944229
91121,91127,94439,6,3312,2,7200,1.0018115942
91191,91198,94602,7,3404,2,7200,1.00205640423
91240,91246,94395,6,3149,2,7200,1.00190536678
91295,91301,94380,6,3079,2,7200,1.00194868464
91311,91317,94707,6,3390,2,7200,1.0017699115
91312,91323,94737,11,3414,2,7200,1.00322202695
91343,91349,94629,6,3280,2,7200,1.00182926829
91358,91364,94594,6,3230,2,7200,1.00185758514
91386,91392,94712,6,3320,2,7200,1.00180722892
91401,91407,94810,6,3403,2,7200,1.00176315016
91468,91474,94585,6,3111,2,7200,1.00192864031
91489,91495,94858,6,3363,2,7200,1.00178412132
91510,91821,92138,311,317,16,300,1.98107255521
91523,91529,94915,6,3386,2,7200,1.00177200236
91575,91581,95001,6,3420,2,7200,1.00175438596
91602,91608,95012,6,3404,2,7200,1.0017626322
91618,91624,94892,6,3268,2,7200,1.00183598531
91654,91660,94992,6,3332,2,7200,1.00180072029
91751,91757,95005,6,3248,2,7200,1.00184729064
91785,91791,95390,6,3599,2,7200,1.00166712976
91800,91806,94951,6,3145,2,7200,1.00190779014
91816,91827,94970,11,3143,2,7200,1.00349984092
91817,91833,95297,16,3464,2,7200,1.00461893764
91833,91839,95152,6,3313,2,7200,1.00181104739
91854,91860,95219,6,3359,2,7200,1.00178624591
91869,91875,95316,6,3441,2,7200,1.00174367916
91964,91970,95301,6,3331,2,7200,1.00180126088
91992,91998,95254,6,3256,2,7200,1.00184275184
92044,92050,95208,6,3158,2,7200,1.00189993667
92045,92056,95315,11,3259,2,7200,1.00337526849
92100,92106,95566,6,3460,2,7200,1.00173410405
92173,92179,95605,6,3426,2,7200,1.00175131349
92181,92187,92196,6,9,16,300,1.5
92212,92219,95343,7,3124,2,7200,1.00224071703
92228,92234,95449,6,3215,2,7200,1.00186625194
92243,92249,95492,6,3243,2,7200,1.00185013876
92258,92264,95639,6,3375,2,7200,1.00177777778
92301,92307,95999,6,3692,2,7200,1.00162513543
92422,92429,92433,7,4,16,300,1.1
92423,92434,95464,11,3030,2,7200,1.00363036304
92473,92479,95771,6,3292,2,7200,1.00182260024
92475,92485,95681,10,3196,2,7200,1.00312891114
92481,92491,92498,10,7,16,43500,1.7
92590,92597,96125,7,3528,2,7200,1.00198412698
92606,92612,95960,6,3348,2,7200,1.0017921147
92627,92633,95911,6,3278,2,7200,1.00183038438
92642,92648,96071,6,3423,2,7200,1.00175284838
92651,92658,136194,7,43536,16,43500,1.00016078648
92658,92664,96323,6,3659,2,7200,1.00163979229
92710,92899,92903,189,4,16,300,19.3
92753,92759,96135,6,3376,2,7200,1.00177725118
92771,92777,95919,6,3142,2,7200,1.00190961171
92811,92817,96079,6,3262,2,7200,1.00183936235
92841,92848,96087,7,3239,2,7200,1.00216116085
92872,92878,95995,6,3117,2,7200,1.00192492782
92887,92893,96155,6,3262,2,7200,1.00183936235
92903,92909,96304,6,3395,2,7200,1.00176730486
92938,92944,96618,6,3674,2,7200,1.00163309744
93003,93015,96134,12,3119,2,7200,1.00384738698
93004,93010,93108,6,98,16,300,1.0612244898
93037,93043,96209,6,3166,2,7200,1.00189513582
93071,93077,96518,6,3441,2,7200,1.00174367916
93086,93092,96297,6,3205,2,7200,1.00187207488
93101,93108,96341,7,3233,2,7200,1.00216517167
93135,93141,136676,6,43535,16,43500,1.00013782014
93147,93153,96432,6,3279,2,7200,1.00182982617
93312,93319,96580,7,3261,2,7200,1.0021465808
93329,93414,93418,85,4,16,43500,8.9
93376,93382,96759,6,3377,2,7200,1.0017767249
93447,93453,96607,6,3154,2,7200,1.00190234623
93575,93580,96828,5,3248,2,7200,1.00153940887
93612,93623,96751,11,3128,2,7200,1.00351662404
93612,93618,138640,6,45022,16,45000,1.00013326818
93645,93652,96748,7,3096,2,7200,1.00226098191
93667,93673,97083,6,3410,2,7200,1.00175953079
93682,93689,97271,7,3582,2,7200,1.00195421552
93684,93695,96915,11,3220,2,7200,1.00341614907
93685,93700,96953,15,3253,2,7200,1.00461112819
93697,94605,94609,908,4,16,43500,91.2
93710,93716,97132,6,3416,2,7200,1.00175644028
93767,93774,97096,7,3322,2,7200,1.00210716436
93823,93829,97259,6,3430,2,7200,1.00174927114
93975,93982,97314,7,3332,2,7200,1.00210084034
93991,93997,97235,6,3238,2,7200,1.00185299568
94006,94012,97242,6,3230,2,7200,1.00185758514
94037,94048,97458,11,3410,2,7200,1.00322580645
94125,94345,97568,220,3223,2,7200,1.06825938567
94292,94392,97743,100,3351,2,7200,1.02984183826
94334,94403,97572,69,3169,2,7200,1.0217734301
94380,94410,97739,30,3329,2,7200,1.00901171523
94395,94450,97522,55,3072,2,7200,1.01790364583
94397,94485,97823,88,3338,2,7200,1.02636309167
94442,94597,97824,155,3227,2,7200,1.04803222808
94476,94613,98030,137,3417,2,7200,1.0400936494
94586,94620,97825,34,3205,2,7200,1.01060842434
94601,94625,97706,24,3081,2,7200,1.00778967868
94602,94630,97923,28,3293,2,7200,1.00850288491
94630,94637,97921,7,3284,2,7200,1.00213154689
94710,94716,97962,6,3246,2,7200,1.00184842884
94725,94732,98014,7,3282,2,7200,1.00213284583
94741,94747,97897,6,3150,2,7200,1.0019047619
94811,94817,97964,6,3147,2,7200,1.00190657769
94860,94866,98083,6,3217,2,7200,1.0018650917
94890,94897,98287,7,3390,2,7200,1.00206489676
94915,94921,97976,6,3055,2,7200,1.00196399345
94951,94958,98282,7,3324,2,7200,1.00210589651
94970,94976,97975,6,2999,2,7200,1.00200066689
94991,94997,98082,6,3085,2,7200,1.00194489465
95007,95013,98271,6,3258,2,7200,1.00184162063
95008,95019,98542,11,3523,2,7200,1.00312233892
95023,95030,98473,7,3443,2,7200,1.00203311066
95154,95161,98532,7,3371,2,7200,1.00207653515
95209,95215,98430,6,3215,2,7200,1.00186625194
95224,95231,98527,7,3296,2,7200,1.00212378641
95255,95261,98458,6,3197,2,7200,1.00187675946
95298,95304,98675,6,3371,2,7200,1.00177988727
95313,95319,98561,6,3242,2,7200,1.00185070944
95315,95325,98793,10,3468,2,7200,1.00288350634
95330,95336,98893,6,3557,2,7200,1.00168681473
95345,95351,98638,6,3287,2,7200,1.00182537268
95388,95394,98689,6,3295,2,7200,1.00182094082
95431,95437,95610,6,173,1,3600,1.03468208092
95452,95458,98947,6,3489,2,7200,1.00171969046
95467,95473,98693,6,3220,2,7200,1.00186335404
95492,95498,99119,6,3621,2,7200,1.00165700083
95568,95574,98929,6,3355,2,7200,1.00178837556
95605,95611,98882,6,3271,2,7200,1.00183430144
95638,95645,98879,7,3234,2,7200,1.00216450216
95681,95687,99239,6,3552,2,7200,1.00168918919
95775,95781,99167,6,3386,2,7200,1.00177200236
95790,95796,96153,6,357,1,3600,1.01680672269
95914,95920,99238,6,3318,2,7200,1.00180831826
95929,95936,99361,7,3425,2,7200,1.00204379562
95960,95966,99467,6,3501,2,7200,1.00171379606
95997,96003,99182,6,3179,2,7200,1.00188738597
95999,96009,99352,10,3343,2,7200,1.00299132516
96073,96079,99623,6,3544,2,7200,1.00169300226
96088,96094,99471,6,3377,2,7200,1.0017767249
96090,96100,99370,10,3270,2,7200,1.00305810398
96126,96133,99553,7,3420,2,7200,1.00204678363
96135,96141,99762,6,3621,2,7200,1.00165700083
96142,96148,99460,6,3312,2,7200,1.0018115942
96157,96163,99381,6,3218,2,7200,1.00186451212
96212,96218,99514,6,3296,2,7200,1.00182038835
96297,96303,99522,6,3219,2,7200,1.0018639329
96312,96318,99634,6,3316,2,7200,1.00180940893
96328,96334,99377,6,3043,2,7200,1.00197173842
96343,96349,99589,6,3240,2,7200,1.00185185185
96431,96437,99608,6,3171,2,7200,1.00189214759
96515,96521,97291,6,770,1,3600,1.00779220779
96520,96527,99707,7,3180,2,7200,1.00220125786
96581,96587,99804,6,3217,2,7200,1.0018650917
96609,96615,99918,6,3303,2,7200,1.00181653043
96621,96627,100191,6,3564,2,7200,1.00168350168
96749,96755,100017,6,3262,2,7200,1.00183936235
96760,96766,100105,6,3339,2,7200,1.00179694519
96765,96772,99986,7,3214,2,7200,1.00217797138
96829,96835,99996,6,3161,2,7200,1.0018981335
96917,96923,100083,6,3160,2,7200,1.00189873418
96954,96960,100207,6,3247,2,7200,1.00184785956
97084,97090,100335,6,3245,2,7200,1.00184899846
97100,97106,100586,6,3480,2,7200,1.00172413793
97133,97139,100426,6,3287,2,7200,1.00182537268
97237,97243,100467,6,3224,2,7200,1.00186104218
97253,97259,100496,6,3237,2,7200,1.00185356812
97268,97274,100626,6,3352,2,7200,1.00178997613
97283,97289,100713,6,3424,2,7200,1.00175233645
97314,97320,100488,6,3168,2,7200,1.00189393939
97458,97464,100888,6,3424,2,7200,1.00175233645
97522,97528,100646,6,3118,2,7200,1.00192431046
97568,97574,100864,6,3290,2,7200,1.00182370821
97583,97589,100843,6,3254,2,7200,1.00184388445
97707,97714,100846,7,3132,2,7200,1.00223499361
97741,97747,101015,6,3268,2,7200,1.00183598531
97743,97753,101203,10,3450,2,7200,1.00289855072
97825,97831,101244,6,3413,2,7200,1.00175798418
97826,97837,101079,11,3242,2,7200,1.0033929673
97828,97843,101099,15,3256,2,7200,1.00460687961
97899,97905,101112,6,3207,2,7200,1.00187090739
97923,97929,101222,6,3293,2,7200,1.00182204677
97925,97935,101040,10,3105,2,7200,1.00322061192
97965,97971,101132,6,3161,2,7200,1.0018981335
97966,97977,101072,11,3095,2,7200,1.00355411955
97982,97988,101197,6,3209,2,7200,1.00186974135
97983,97994,101211,11,3217,2,7200,1.00341933478
98017,98023,101241,6,3218,2,7200,1.00186451212
98032,98038,101130,6,3092,2,7200,1.00194049159
98081,98087,101314,6,3227,2,7200,1.00185931205
98083,98093,101228,10,3135,2,7200,1.00318979266
98146,98152,98322,6,170,1,3600,1.03529411765
98268,98274,101307,6,3033,2,7200,1.00197823937
98283,98290,101603,7,3313,2,7200,1.00211288862
98299,98305,101579,6,3274,2,7200,1.00183262065
98433,98439,101887,6,3448,2,7200,1.00174013921
98454,99372,126127,918,26755,32,28800,1.03431134367
98461,98467,101871,6,3404,2,7200,1.0017626322
98476,98482,101666,6,3184,2,7200,1.00188442211
98508,98514,98954,6,440,1,3600,1.01363636364
98528,98534,101974,6,3440,2,7200,1.00174418605
98544,98550,101782,6,3232,2,7200,1.00185643564
98545,98556,101683,11,3127,2,7200,1.00351774864
98563,98569,101833,6,3264,2,7200,1.00183823529
98640,98646,102130,6,3484,2,7200,1.00172215844
98676,98682,101820,6,3138,2,7200,1.00191204589
98692,98698,101937,6,3239,2,7200,1.00185242359
98693,98704,101864,11,3160,2,7200,1.00348101266
98794,98804,102053,10,3249,2,7200,1.00307787011
98879,98958,102513,79,3555,2,7200,1.02222222222
98894,99389,102858,495,3469,2,7200,1.14269241856
98896,99395,102711,499,3316,2,7200,1.15048250905
98929,99471,102695,542,3224,2,7200,1.16811414392
98948,99478,102665,530,3187,2,7200,1.16630059617
99122,99484,102727,362,3243,2,7200,1.11162503854
99168,99363,102904,195,3541,2,7200,1.05506918949
99183,99525,102829,342,3304,2,7200,1.10351089588
99238,99534,102769,296,3235,2,7200,1.0914992272
99253,99564,102985,311,3421,2,7200,1.09090909091
99352,99381,102825,29,3444,2,7200,1.00842044135
99363,99600,102850,237,3250,2,7200,1.07292307692
99378,99619,102962,241,3343,2,7200,1.07209093628
99379,99634,102998,255,3364,2,7200,1.07580261593
99386,101881,102050,2495,169,1,3600,15.7633136095
99395,99645,103020,250,3375,2,7200,1.07407407407
99443,102060,102701,2617,641,1,3600,5.08268330733
99459,99719,102871,260,3152,2,7200,1.08248730964
99474,99815,102891,341,3076,2,7200,1.11085825748
99476,99929,103179,453,3250,2,7200,1.13938461538
99515,99997,103223,482,3226,2,7200,1.14941103534
99531,100008,103230,477,3222,2,7200,1.14804469274
99555,100029,103681,474,3652,2,7200,1.12979189485
99592,100094,103527,502,3433,2,7200,1.14622778911
99610,100218,103512,608,3294,2,7200,1.18457802064
99625,100347,103497,722,3150,2,7200,1.22920634921
99641,100437,103694,796,3257,2,7200,1.24439668407
99708,100478,103684,770,3206,2,7200,1.24017467249
99764,99773,103133,9,3360,2,7200,1.00267857143
99805,100499,103727,694,3228,2,7200,1.21499380421
99918,100507,103958,589,3451,2,7200,1.17067516662
99988,100597,104119,609,3522,2,7200,1.17291311755
100004,100637,103890,633,3253,2,7200,1.19458960959
100019,100657,103639,638,2982,2,7200,1.21395036888
100083,100725,104172,642,3447,2,7200,1.1862489121
100108,100116,103660,8,3544,2,7200,1.00225733634
100193,100202,103459,9,3257,2,7200,1.00276327909
100209,100855,104088,646,3233,2,7200,1.19981441386
100337,100862,104360,525,3498,2,7200,1.15008576329
100428,100875,104096,447,3221,2,7200,1.1387767774
100467,100900,104179,433,3279,2,7200,1.13205245502
100489,101027,104397,538,3370,2,7200,1.15964391691
100504,101051,104198,547,3147,2,7200,1.17381633302
100589,101084,104383,495,3299,2,7200,1.15004546832
100626,101090,104261,464,3171,2,7200,1.1463260801
100647,101110,104619,463,3509,2,7200,1.13194642348
100715,101123,104511,408,3388,2,7200,1.12042502952
100843,101142,104204,299,3062,2,7200,1.09764859569
100859,101149,104670,290,3521,2,7200,1.08236296507
100874,101208,104560,334,3352,2,7200,1.09964200477
100889,101215,104430,326,3215,2,7200,1.10139968896
101014,101222,104569,208,3347,2,7200,1.06214520466
101042,101233,104403,191,3170,2,7200,1.06025236593
101072,101239,104428,167,3189,2,7200,1.05236751333
101088,101253,104589,165,3336,2,7200,1.04946043165
101103,101259,104470,156,3211,2,7200,1.04858299595
101118,101318,104546,200,3228,2,7200,1.06195786865
101134,101325,104574,191,3249,2,7200,1.05878731918
101135,101590,104803,455,3213,2,7200,1.14161220044
101196,101614,104675,418,3061,2,7200,1.13655668082
101212,101677,104898,465,3221,2,7200,1.144365104
101213,101694,104840,481,3146,2,7200,1.15289256198
101228,101793,105076,565,3283,2,7200,1.17209869022
101230,101831,105231,601,3400,2,7200,1.17676470588
101245,101844,105254,599,3410,2,7200,1.17565982405
101246,101875,105507,629,3632,2,7200,1.17318281938
101307,101886,104957,579,3071,2,7200,1.18853793553
101323,101898,105307,575,3409,2,7200,1.16867116456
101579,101948,105177,369,3229,2,7200,1.1142768659
101603,101985,105134,382,3149,2,7200,1.12130835186
101667,102067,105585,400,3518,2,7200,1.11370096646
101686,102141,105466,455,3325,2,7200,1.13684210526
101783,102524,105965,741,3441,2,7200,1.21534437663
101820,102676,106111,856,3435,2,7200,1.24919941776
101835,102706,106024,871,3318,2,7200,1.26250753466
101865,102722,105862,857,3140,2,7200,1.27292993631
101881,102738,105867,857,3129,2,7200,1.27388942154
101896,102780,106167,884,3387,2,7200,1.26099793327
101936,102843,106230,907,3387,2,7200,1.26778860348
101975,102861,106244,886,3383,2,7200,1.26189772391
102055,102869,106058,814,3189,2,7200,1.25525243023
102131,102882,106081,751,3199,2,7200,1.23476086277
102228,102714,103065,486,351,1,3600,2.38461538462
102516,102903,105959,387,3056,2,7200,1.12663612565
102658,103075,103199,417,124,1,1800,4.36290322581
102665,102973,106296,308,3323,2,7200,1.09268733073
102696,102998,106189,302,3191,2,7200,1.09464117831
102711,103009,106603,298,3594,2,7200,1.08291597106
102727,103031,106217,304,3186,2,7200,1.09541745135
102770,103190,106408,420,3218,2,7200,1.13051584835
102828,102836,106242,8,3406,2,7200,1.00234879624
102828,103235,106441,407,3206,2,7200,1.12694946974
102849,103242,106541,393,3299,2,7200,1.11912700818
102865,103509,106717,644,3208,2,7200,1.20074812968
102880,103524,106808,644,3284,2,7200,1.19610231425
102895,103538,107265,643,3727,2,7200,1.17252481889
102906,102915,106373,9,3458,2,7200,1.0026026605
102962,103650,106782,688,3132,2,7200,1.21966794381
102987,103692,106962,705,3270,2,7200,1.21559633028
103002,103698,106935,696,3237,2,7200,1.21501390176
103021,103706,106910,685,3204,2,7200,1.21379525593
103133,103144,106437,11,3293,2,7200,1.00334041907
103180,103738,107272,558,3534,2,7200,1.15789473684
103226,103901,107188,675,3287,2,7200,1.20535442653
103241,103969,107308,728,3339,2,7200,1.2180293501
103437,103445,104283,8,838,1,3600,1.00954653938
103459,103470,106980,11,3510,2,7200,1.00313390313
103497,104099,107330,602,3231,2,7200,1.18632002476
103511,104293,104412,782,119,1,1800,7.57142857143
103513,104107,107582,594,3475,2,7200,1.1709352518
103528,104130,107430,602,3300,2,7200,1.18242424242
103638,104183,107429,545,3246,2,7200,1.16789895256
103662,103671,107120,9,3449,2,7200,1.00260945202
103684,104190,107474,506,3284,2,7200,1.15408038977
103686,104209,107457,523,3248,2,7200,1.16102216749
103701,104216,107295,515,3079,2,7200,1.16726209808
103729,104272,107245,543,2973,2,7200,1.18264379415
103889,104371,107655,482,3284,2,7200,1.14677222899
103960,104394,107651,434,3257,2,7200,1.1332514584
104088,104409,107562,321,3153,2,7200,1.10180780209
104103,104416,107612,313,3196,2,7200,1.09793491865
104118,104439,107636,321,3197,2,7200,1.10040663122
104173,104445,107772,272,3327,2,7200,1.08175533514
104189,104481,107706,292,3225,2,7200,1.09054263566
104204,104522,107739,318,3217,2,7200,1.09884986012
104206,104558,107702,352,3144,2,7200,1.11195928753
104260,104572,107782,312,3210,2,7200,1.09719626168
104361,104580,108004,219,3424,2,7200,1.06396028037
104382,104587,107744,205,3157,2,7200,1.06493506494
104401,104600,107731,199,3131,2,7200,1.0635579687
104416,104630,107906,214,3276,2,7200,1.06532356532
104431,104681,107963,250,3282,2,7200,1.0761730652
104433,104687,107892,254,3205,2,7200,1.07925117005
104472,104814,107971,342,3157,2,7200,1.1083306937
104509,104851,108141,342,3290,2,7200,1.10395136778
104549,104909,108268,360,3359,2,7200,1.10717475439
104564,104968,108487,404,3519,2,7200,1.11480534243
104580,105090,108454,510,3364,2,7200,1.15160523187
104581,105145,108311,564,3166,2,7200,1.1781427669
104596,105188,108476,592,3288,2,7200,1.1800486618
104618,105242,108685,624,3443,2,7200,1.18123729306
104673,105265,108768,592,3503,2,7200,1.16899800171
104688,105319,108613,631,3294,2,7200,1.19156041287
104804,105477,108813,673,3336,2,7200,1.20173860911
104841,105519,109060,678,3541,2,7200,1.19147133578
104899,105596,108870,697,3274,2,7200,1.21288943189
104957,105873,109016,916,3143,2,7200,1.29144129812
105077,105084,105665,7,581,1,1800,1.01204819277
105078,105880,109151,802,3271,2,7200,1.24518495873
105133,105971,109178,838,3207,2,7200,1.26130339882
105179,105977,109552,798,3575,2,7200,1.22321678322
105231,106035,109387,804,3352,2,7200,1.23985680191
105253,106070,109235,817,3165,2,7200,1.25813586098
105308,106092,109286,784,3194,2,7200,1.24546023795
105466,106123,109557,657,3434,2,7200,1.19132207338
105506,106178,109451,672,3273,2,7200,1.20531622365
105579,105675,105795,96,120,1,3600,1.8
105586,106200,109379,614,3179,2,7200,1.19314249764
105865,106229,109329,364,3100,2,7200,1.11741935484
105880,106242,109712,362,3470,2,7200,1.10432276657
105939,105945,106258,6,313,1,3600,1.01916932907
105959,106259,109411,300,3152,2,7200,1.09517766497
105975,106307,109585,332,3278,2,7200,1.10128126907
106026,106420,109662,394,3242,2,7200,1.1215299198
106060,106455,109529,395,3074,2,7200,1.12849707222
106081,106554,110142,473,3588,2,7200,1.13182831661
106112,106615,109834,503,3219,2,7200,1.15625970798
106167,106728,110066,561,3338,2,7200,1.16806470941
106191,106793,110103,602,3310,2,7200,1.18187311178
106219,106819,110273,600,3454,2,7200,1.17371163868
106234,106921,109929,687,3008,2,7200,1.22839095745
106247,106253,109667,6,3414,2,7200,1.00175746924
106249,106946,110348,697,3402,2,7200,1.20487948266
106298,106973,110108,675,3135,2,7200,1.21531100478
106374,106384,109920,10,3536,2,7200,1.0028280543
106409,107199,110355,790,3156,2,7200,1.25031685678
106438,106448,109867,10,3419,2,7200,1.00292483182
106442,107256,110689,814,3433,2,7200,1.23711039907
106542,107277,110525,735,3248,2,7200,1.22629310345
106542,106548,106665,6,117,1,1800,1.05128205128
106603,107284,110358,681,3074,2,7200,1.22153545869
106655,106675,107290,20,615,1,3600,1.0325203252
106706,107300,107353,594,53,1,1800,12.2075471698
106719,107306,110707,587,3401,2,7200,1.17259629521
106783,107319,110563,536,3244,2,7200,1.16522811344
106810,107341,110539,531,3198,2,7200,1.1660412758
106911,107440,110673,529,3233,2,7200,1.16362511599
106938,107447,110661,509,3214,2,7200,1.15836963286
106960,107468,110725,508,3257,2,7200,1.15597175315
106983,106991,110578,8,3587,2,7200,1.002230276
106999,107363,107476,364,113,1,1800,4.22123893805
107122,107131,110548,9,3417,2,7200,1.00263388938
107189,107485,110927,296,3442,2,7200,1.08599651365
107247,107571,110793,324,3222,2,7200,1.10055865922
107265,107576,110705,311,3129,2,7200,1.09939277725
107280,107582,110657,302,3075,2,7200,1.09821138211
107296,107588,110816,292,3228,2,7200,1.09045848823
107311,107594,110755,283,3161,2,7200,1.08952863018
107332,107623,110680,291,3057,2,7200,1.09519136408
107430,107647,111071,217,3424,2,7200,1.06337616822
107432,107662,110923,230,3261,2,7200,1.07053051211
107459,107669,111125,210,3456,2,7200,1.06076388889
107474,107713,111211,239,3498,2,7200,1.068324757
107563,107720,110943,157,3223,2,7200,1.04871237977
107584,107743,111222,159,3479,2,7200,1.04570278816
107612,107750,111067,138,3317,2,7200,1.04160385891
107636,107756,110949,120,3193,2,7200,1.03758221109
107652,107783,110908,131,3125,2,7200,1.04192
107667,107793,111147,126,3354,2,7200,1.03756708408
107683,107689,107771,6,82,1,1800,1.07317073171
107704,107903,111251,199,3348,2,7200,1.05943847073
107719,107918,111434,199,3516,2,7200,1.05659840728
107735,107974,111389,239,3415,2,7200,1.06998535871
107751,107983,111366,232,3383,2,7200,1.06857818504
107752,108015,111149,263,3134,2,7200,1.08391831525
107773,108152,111383,379,3231,2,7200,1.11730114516
107789,108279,111572,490,3293,2,7200,1.14880048588
107892,108322,111571,430,3249,2,7200,1.1323484149
107908,108465,111585,557,3120,2,7200,1.17852564103
107965,108487,111742,522,3255,2,7200,1.16036866359
107981,108498,111883,517,3385,2,7200,1.15273264402
108006,108625,111864,619,3239,2,7200,1.19110836678
108143,108697,111803,554,3106,2,7200,1.17836445589
108194,108201,108789,7,588,1,1800,1.0119047619
108270,108779,112001,509,3222,2,7200,1.15797641217
108313,108825,112038,512,3213,2,7200,1.15935262994
108456,108882,112090,426,3208,2,7200,1.13279301746
108477,109071,112215,594,3144,2,7200,1.18893129771
108492,109076,112207,584,3131,2,7200,1.18652187799
108614,109297,112448,683,3151,2,7200,1.21675658521
108687,109340,112538,653,3198,2,7200,1.20419011882
108769,109391,112676,622,3285,2,7200,1.18934550989
108791,108799,109081,8,282,1,1800,1.02836879433
108815,109398,112700,583,3302,2,7200,1.17655966081
108873,109422,112690,549,3268,2,7200,1.16799265606
109019,109462,112848,443,3386,2,7200,1.13083284111
109059,109540,112738,481,3198,2,7200,1.15040650407
109154,109564,112813,410,3249,2,7200,1.12619267467
109181,109570,112690,389,3120,2,7200,1.12467948718
109236,109596,112973,360,3377,2,7200,1.10660349423
109288,109673,112888,385,3215,2,7200,1.11975116641
109331,109723,112718,392,2995,2,7200,1.13088480801
109380,109846,113124,466,3278,2,7200,1.14215985357
109395,109941,113449,546,3508,2,7200,1.15564424173
109414,110078,113303,664,3225,2,7200,1.20589147287
109453,110115,113399,662,3284,2,7200,1.20158343484
109530,110122,113568,592,3446,2,7200,1.17179338363
109554,110154,113587,600,3433,2,7200,1.17477424993
109570,110284,113455,714,3171,2,7200,1.22516556291
109588,110359,113701,771,3342,2,7200,1.23070017953
109664,110366,113975,702,3609,2,7200,1.19451371571
109671,109680,113311,9,3631,2,7200,1.00247865602
109713,110373,113800,660,3427,2,7200,1.19258826962
109836,110536,113874,700,3338,2,7200,1.20970641102
109868,109878,113409,10,3531,2,7200,1.00283205891
109923,109932,113582,9,3650,2,7200,1.00246575342
109931,110550,113827,619,3277,2,7200,1.18889227952
109988,217612,246442,107624,28830,6,28800,4.73305584461
110006,275296,304129,165290,28833,6,28800,6.73266742968
110006,246455,275285,136449,28830,6,28800,5.73288241415
110007,330302,359119,220295,28817,6,28800,8.64461949544
110008,366388,395225,256380,28837,6,28800,9.89066130319
110009,424415,453222,314406,28807,6,28800,11.9142222377
110009,395231,424063,285222,28832,6,28800,10.8925499445
110010,453234,482064,343224,28830,6,28800,12.9050988554
110068,110574,113845,506,3271,2,7200,1.15469275451
110107,110668,113986,561,3318,2,7200,1.16907775769
110109,110675,114089,566,3414,2,7200,1.16578793204
110146,110685,113780,539,3095,2,7200,1.17415185784
110273,110691,114282,418,3591,2,7200,1.1164021164
110350,110700,113766,350,3066,2,7200,1.11415525114
110365,110716,113998,351,3282,2,7200,1.10694698355
110367,110723,113817,356,3094,2,7200,1.11506140918
110525,110737,113886,212,3149,2,7200,1.06732295967
110542,110767,113719,225,2952,2,7200,1.0762195122
110551,110559,114124,8,3565,2,7200,1.00224403927
110563,110804,114081,241,3277,2,7200,1.07354287458
110578,110589,114273,11,3684,2,7200,1.00298588491
110663,110827,114165,164,3338,2,7200,1.0491312163
110664,110920,114145,256,3225,2,7200,1.07937984496
110679,110935,114526,256,3591,2,7200,1.07128933445
110681,110942,114349,261,3407,2,7200,1.07660698562
110696,110954,114176,258,3222,2,7200,1.0800744879
110712,110961,114095,249,3134,2,7200,1.0794511806
110713,111079,114624,366,3545,2,7200,1.10324400564
110728,111086,114177,358,3091,2,7200,1.11582012294
110741,110748,110797,7,49,1,1800,1.14285714286
110757,111136,114536,379,3400,2,7200,1.11147058824
110794,111158,114434,364,3276,2,7200,1.11111111111
110815,111165,114428,350,3263,2,7200,1.10726325467
110910,111222,114397,312,3175,2,7200,1.09826771654
110926,111233,114320,307,3087,2,7200,1.09944930353
110927,111263,114778,336,3515,2,7200,1.09559032717
110946,111377,114589,431,3212,2,7200,1.13418430884
110961,111395,114609,434,3214,2,7200,1.13503422526
111068,111401,114883,333,3482,2,7200,1.09563469271
111083,111446,114788,363,3342,2,7200,1.10861759425
111126,111583,114829,457,3246,2,7200,1.14078866297
111137,111144,111218,7,74,1,1800,1.09459459459
111147,111588,114772,441,3184,2,7200,1.13850502513
111163,111596,114806,433,3210,2,7200,1.13489096573
111212,111753,114936,541,3183,2,7200,1.16996544141
111227,111814,114936,587,3122,2,7200,1.18802049968
111251,111875,114936,624,3061,2,7200,1.20385494936
111368,111894,114936,526,3042,2,7200,1.17291255753
111386,112012,114936,626,2924,2,7200,1.21409028728
111402,112049,114936,647,2887,2,7200,1.22410807066
111435,112101,114936,666,2835,2,7200,1.23492063492
111573,112219,114936,646,2717,2,7200,1.23776223776
111575,112226,114936,651,2710,2,7200,1.24022140221
111590,112459,114936,869,2477,2,7200,1.35082761405
111743,112549,114936,806,2387,2,7200,1.33766233766
111804,112687,114936,883,2249,2,7200,1.39261894175
111865,112701,114936,836,2235,2,7200,1.374049217
111883,112706,114936,823,2230,2,7200,1.36905829596
112002,112713,114936,711,2223,2,7200,1.31983805668
112039,112729,114936,690,2207,2,7200,1.31264159493
112091,112749,114937,658,2188,2,7200,1.30073126143
112210,112825,114936,615,2111,2,7200,1.29133112269
112225,112859,114937,634,2078,2,7200,1.30510105871
112260,112267,112545,7,278,1,1800,1.02517985612
112450,112900,114937,450,2037,2,7200,1.22091310751
112539,112984,114937,445,1953,2,7200,1.22785458269
112677,113136,114937,459,1801,2,7200,1.25485841199
112692,113315,114937,623,1622,2,7200,1.38409371147
112694,113410,114937,716,1527,2,7200,1.46889325475
112709,113460,114937,751,1477,2,7200,1.50846310088
112724,113467,114937,743,1470,2,7200,1.50544217687
112740,113579,114937,839,1358,2,7200,1.61782032401
112816,113599,114937,783,1338,2,7200,1.58520179372
112849,113713,114937,864,1224,2,7200,1.70588235294
112889,113730,114937,841,1207,2,7200,1.69676884838
112975,113777,114937,802,1160,2,7200,1.69137931034
113126,113792,114937,666,1145,2,7200,1.58165938865
113304,113811,114938,507,1127,2,7200,1.44986690328
113313,113322,116553,9,3231,2,7200,1.00278551532
113402,113828,114937,426,1109,2,7200,1.38412984671
113410,113421,116772,11,3351,2,7200,1.00328260221
113451,113838,114937,387,1099,2,7200,1.35213830755
113467,113856,114937,389,1081,2,7200,1.3598519889
113567,113885,114937,318,1052,2,7200,1.30228136882
113586,113593,117073,7,3480,2,7200,1.00201149425
113588,113897,114937,309,1040,2,7200,1.29711538462
113705,113986,114937,281,951,2,7200,1.29547844374
113720,113997,114937,277,940,2,7200,1.29468085106
113769,114009,114937,240,928,2,7200,1.25862068966
113784,114092,114937,308,845,2,7200,1.36449704142
113803,114101,114937,298,836,2,7200,1.35645933014
113819,114108,114937,289,829,2,7200,1.34861278649
113834,114156,114937,322,781,2,7200,1.41229193342
113850,114187,114937,337,750,2,7200,1.44933333333
113877,114360,114937,483,577,2,7200,1.83708838821
113893,114408,114937,515,529,2,7200,1.97353497164
113976,114439,114937,463,498,2,7200,1.9297188755
113991,114446,114937,455,491,2,7200,1.9266802444
114006,114537,114937,531,400,2,7200,2.3275
114083,114547,114937,464,390,2,7200,2.18974358974
114098,114601,114937,503,336,2,7200,2.49702380952
114100,114621,114937,521,316,2,7200,2.64873417722
114127,114136,117335,9,3199,2,7200,1.00281337918
114144,114293,132265,149,17972,8,32400,1.00829067438
114145,114635,114937,490,302,2,7200,2.62251655629
114167,114783,114937,616,154,2,7200,5.0
114182,114790,114937,608,147,2,7200,5.13605442177
114184,114800,114937,616,137,2,7200,5.49635036496
114275,114331,117925,56,3594,2,7200,1.01558152476
114284,114817,114937,533,120,2,7200,5.44166666667
114321,114840,114937,519,97,2,7200,6.35051546392
114352,114894,114937,542,43,2,7200,13.6046511628
115412,115418,118755,6,3337,2,7200,1.00179802218
115413,115424,118700,11,3276,2,7200,1.00335775336
115415,115429,118753,14,3324,2,7200,1.00421179302
115416,115435,118760,19,3325,2,7200,1.00571428571
115417,115440,118951,23,3511,2,7200,1.00655084022
115419,115445,118754,26,3309,2,7200,1.00785735872
115420,115451,118990,31,3539,2,7200,1.00875953659
115421,115456,118611,35,3155,2,7200,1.01109350238
115423,115462,119008,39,3546,2,7200,1.01099830795
115424,115467,118795,43,3328,2,7200,1.01292067308
115425,115472,118807,47,3335,2,7200,1.01409295352
115427,115478,118722,51,3244,2,7200,1.01572133169
115428,115483,118685,55,3202,2,7200,1.01717676452
115430,115488,118640,58,3152,2,7200,1.01840101523
115431,115494,118914,63,3420,2,7200,1.01842105263
115433,115499,118871,66,3372,2,7200,1.01957295374
115434,115504,118670,70,3166,2,7200,1.02210991788
115435,115509,119158,74,3649,2,7200,1.02027952864
115437,115515,119065,78,3550,2,7200,1.02197183099
115438,115520,118777,82,3257,2,7200,1.02517654283
115439,115525,118962,86,3437,2,7200,1.02502182136
115441,115531,119227,90,3696,2,7200,1.02435064935
115442,115536,118992,94,3456,2,7200,1.02719907407
115444,115541,119098,97,3557,2,7200,1.02727017149
115445,115547,118908,102,3361,2,7200,1.03034811068
115446,115553,119197,107,3644,2,7200,1.02936333699
115448,115558,119049,110,3491,2,7200,1.0315095961
115449,115564,118788,115,3224,2,7200,1.03566997519
115451,115569,119090,118,3521,2,7200,1.03351320648
115452,115574,119016,122,3442,2,7200,1.03544450901
115453,115580,119029,127,3449,2,7200,1.03682226732
115455,115585,119193,130,3608,2,7200,1.03603104213
115456,115590,118681,134,3091,2,7200,1.04335166613
115458,115596,119244,138,3648,2,7200,1.03782894737
115459,115601,119250,142,3649,2,7200,1.03891477117
115460,115606,119181,146,3575,2,7200,1.04083916084
115462,115612,118749,150,3137,2,7200,1.04781638508
115463,115617,119055,154,3438,2,7200,1.04479348458
115465,115622,119281,157,3659,2,7200,1.04290789833
115466,115628,119275,162,3647,2,7200,1.04442007129
116558,116564,120133,6,3569,2,7200,1.00168114318
116773,116779,120123,6,3344,2,7200,1.00179425837
117075,117082,120631,7,3549,2,7200,1.00197238659
117335,117342,120921,7,3579,2,7200,1.00195585359
117639,118765,122506,1126,3741,12,21600,1.30098904036
117893,118979,205385,1086,86406,12,86400,1.01256857163
117928,117934,121457,6,3523,2,7200,1.00170309395
117932,118700,125144,768,6444,2,21600,1.11918063315
118582,119002,134608,420,15606,3,21600,1.02691272587
118610,118617,122101,7,3484,2,7200,1.00200918485
118643,118649,121872,6,3223,2,7200,1.00186161961
118669,118676,120625,7,1949,1,3600,1.00359158543
118673,118684,122094,11,3410,2,7200,1.00322580645
118688,118694,121991,6,3297,2,7200,1.00181983621
118689,118706,122109,17,3403,2,7200,1.00499559212
118704,118712,122123,8,3411,2,7200,1.00234535327
118722,118728,122023,6,3295,2,7200,1.00182094082
118749,118755,122031,6,3276,2,7200,1.00183150183
118764,118772,121842,8,3070,2,7200,1.00260586319
118765,118778,122481,13,3703,2,7200,1.00351066703
118766,118783,121935,17,3152,2,7200,1.00539340102
118768,118789,122121,21,3332,2,7200,1.00630252101
118782,118795,122227,13,3432,2,7200,1.00378787879
118797,118804,122183,7,3379,2,7200,1.00207161882
118799,118810,122350,11,3540,2,7200,1.00310734463
118813,118819,122138,6,3319,2,7200,1.00180777343
118873,118879,122233,6,3354,2,7200,1.00178890877
118886,118893,118895,7,2,1,18000,1.0
118909,118915,122405,6,3490,2,7200,1.00171919771
118924,118930,122154,6,3224,2,7200,1.00186104218
118951,118957,122247,6,3290,2,7200,1.00182370821
118965,118972,122385,7,3413,2,7200,1.00205098154
118971,118985,118986,14,1,1,18000,1.5
118989,118996,122355,7,3359,2,7200,1.00208395356
119004,119010,122203,6,3193,2,7200,1.00187911055
119019,119025,122245,6,3220,2,7200,1.00186335404
119020,119031,122327,11,3296,2,7200,1.00333737864
119035,119041,122607,6,3566,2,7200,1.00168255749
119050,119056,122501,6,3445,2,7200,1.00174165457
119065,119071,122187,6,3116,2,7200,1.00192554557
119066,119077,122428,11,3351,2,7200,1.00328260221
119087,119093,122604,6,3511,2,7200,1.00170891484
119102,119108,122689,6,3581,2,7200,1.00167550963
119159,119165,122420,6,3255,2,7200,1.00184331797
119182,119189,122883,7,3694,2,7200,1.00189496481
119197,119203,122506,6,3303,2,7200,1.00181653043
119199,119209,122490,10,3281,2,7200,1.00304785126
119228,119235,122596,7,3361,2,7200,1.00208271348
119246,119252,122639,6,3387,2,7200,1.00177147919
119261,119267,122629,6,3362,2,7200,1.00178465199
119276,119282,122545,6,3263,2,7200,1.00183879865
119290,119296,122485,6,3189,2,7200,1.00188146754
119312,122443,134609,3131,12166,3,25200,1.25735656748
119394,122168,165707,2774,43539,16,43500,1.06371299295
119413,122431,127690,3018,5259,1,18000,1.57387335995
120124,120131,123833,7,3702,2,7200,1.0018908698
120139,120146,123637,7,3491,2,7200,1.00200515612
120213,122417,373159,2204,250742,6,604800,1.00878991154
120633,120639,124100,6,3461,2,7200,1.001733603
120927,120932,124073,5,3141,2,7200,1.00159184973
121099,121308,121715,209,407,8,3600,1.51351351351
121459,121466,124775,7,3309,2,7200,1.00211544273
121715,122518,127102,803,4584,2,21600,1.17517452007
121843,121849,125379,6,3530,2,7200,1.00169971671
121873,121879,125191,6,3312,2,7200,1.0018115942
121933,121940,125457,7,3517,2,7200,1.00199033267
121990,121996,125438,6,3442,2,7200,1.00174317257
122020,122026,125581,6,3555,2,7200,1.00168776371
122035,122041,125429,6,3388,2,7200,1.00177095632
122095,122101,125434,6,3333,2,7200,1.00180018002
122109,122116,125239,7,3123,2,7200,1.00224143452
122111,122122,125522,11,3400,2,7200,1.00323529412
122126,122132,125933,6,3801,2,7200,1.00157853197
122127,122139,125575,12,3436,2,7200,1.00349243306
122142,122148,125586,6,3438,2,7200,1.0017452007
122156,122162,125672,6,3510,2,7200,1.00170940171
122183,122189,125772,6,3583,2,7200,1.00167457438
122198,122204,125557,6,3353,2,7200,1.00178944229
122212,122219,125490,7,3271,2,7200,1.00214001834
122227,122238,125526,11,3288,2,7200,1.00334549878
122242,122248,125540,6,3292,2,7200,1.00182260024
122257,122263,125674,6,3411,2,7200,1.00175901495
122258,122339,125737,81,3398,2,7200,1.0238375515
122330,122361,125839,31,3478,2,7200,1.00891316849
122351,122368,125754,17,3386,2,7200,1.00502067336
122365,122396,125501,31,3105,2,7200,1.00998389694
122386,122437,125905,51,3468,2,7200,1.01470588235
122407,122492,125977,85,3485,2,7200,1.0243902439
122422,122499,125834,77,3335,2,7200,1.02308845577
122436,122505,125985,69,3480,2,7200,1.01982758621
122478,122512,126022,34,3510,2,7200,1.00968660969
122493,122523,125746,30,3223,2,7200,1.00930809805
122495,122529,125764,34,3235,2,7200,1.01051004637
122510,122534,125846,24,3312,2,7200,1.00724637681
122511,122539,125651,28,3112,2,7200,1.00899742931
122547,122553,125900,6,3347,2,7200,1.00179265013
122598,122605,126050,7,3445,2,7200,1.00203193033
122613,122620,126089,7,3469,2,7200,1.00201787259
122615,122625,126018,10,3393,2,7200,1.00294724433
122632,122639,126123,7,3484,2,7200,1.00200918485
122647,122653,126407,6,3754,2,7200,1.00159829515
122689,122695,126015,6,3320,2,7200,1.00180722892
122812,122894,126780,82,3886,2,14400,1.0211013896
122882,122888,126379,6,3491,2,7200,1.00171870524
123249,126146,702253,2897,576107,10,576000,1.00502857976
123640,123647,126972,7,3325,2,7200,1.00210526316
123834,123840,127167,6,3327,2,7200,1.00180342651
123980,125912,159655,1932,33743,8,86400,1.05725631983
124075,124081,127569,6,3488,2,7200,1.00172018349
124092,126141,158612,2049,32471,12,57600,1.06310246066
124102,124108,127510,6,3402,2,7200,1.00176366843
124211,125155,134453,944,9298,2,21600,1.10152721015
124739,126156,135402,1417,9246,8,172800,1.15325546182
124777,124783,128154,6,3371,2,7200,1.00177988727
125129,126419,134609,1290,8190,3,18000,1.15750915751
125191,125198,128551,7,3353,2,7200,1.00208768267
125239,125245,128655,6,3410,2,7200,1.00175953079
125380,125386,128837,6,3451,2,7200,1.00173862649
125431,125438,128875,7,3437,2,7200,1.00203665988
125446,125452,128918,6,3466,2,7200,1.00173110214
125447,125458,128866,11,3408,2,7200,1.00322769953
125462,125469,129004,7,3535,2,7200,1.00198019802
125492,125498,128706,6,3208,2,7200,1.00187032419
125507,125512,128979,5,3467,2,7200,1.00144216902
125521,125527,129005,6,3478,2,7200,1.00172512938
125536,125542,129059,6,3517,2,7200,1.00170599943
125551,125557,129051,6,3494,2,7200,1.00171722954
125565,125572,129040,7,3468,2,7200,1.00201845444
125580,125587,128770,7,3183,2,7200,1.00219918316
125595,125601,128925,6,3324,2,7200,1.00180505415
125597,125609,128859,12,3250,2,7200,1.00369230769
125645,126162,131949,517,5787,2,21600,1.08933817176
125651,125658,128939,7,3281,2,7200,1.00213349589
125672,125684,129061,12,3377,2,7200,1.00355344981
125686,125692,129202,6,3510,2,7200,1.00170940171
125737,125749,129115,12,3366,2,7200,1.00356506239
125752,125765,129160,13,3395,2,7200,1.00382916053
125767,125783,129318,16,3535,2,7200,1.0045261669
125768,125846,129605,78,3759,2,7200,1.02075019952
125770,125852,129552,82,3700,2,7200,1.02216216216
125836,125918,129320,82,3402,2,7200,1.02410346855
125851,125944,129442,93,3498,2,7200,1.02658662093
125852,125988,129469,136,3481,2,7200,1.03906923298
125903,125996,129533,93,3537,2,7200,1.02629346904
125904,126027,129435,123,3408,2,7200,1.0360915493
125931,126034,129436,103,3402,2,7200,1.03027630805
125977,126039,129272,62,3233,2,7200,1.01917723477
125991,126061,129441,70,3380,2,7200,1.02071005917
126015,126101,129615,86,3514,2,7200,1.02447353443
126030,126134,129054,104,2920,2,7200,1.03561643836
126031,126390,129793,359,3403,2,7200,1.10549515134
126049,126791,130245,742,3454,2,7200,1.21482339317
126088,127113,130674,1025,3561,2,7200,1.28784049424
126124,127701,130885,1577,3184,2,7200,1.49528894472
126381,128563,131944,2182,3381,2,7200,1.64537119196
126408,128667,132095,2259,3428,2,7200,1.65898483081
126888,136692,157662,9804,20970,8,172800,1.46752503577
126957,141981,157664,15024,15683,8,172800,1.95797997832
126975,126983,130398,8,3415,2,7200,1.00234260615
127022,136205,136214,9183,9,16,3600,919.2
127168,127178,130614,10,3436,2,7200,1.00291036088
127511,127521,131137,10,3616,2,7200,1.00276548673
127571,127580,131060,9,3480,2,7200,1.0025862069
128156,128166,131754,10,3588,2,7200,1.002787068
128173,130257,134908,2084,4651,2,21600,1.44807568265
128552,128719,132202,167,3483,2,7200,1.04794717198
128654,128781,132085,127,3304,2,7200,1.03843825666
128673,128871,128902,198,31,2,7200,7.38709677419
128673,128850,128881,177,31,2,7200,6.70967741935
128674,128877,128910,203,33,2,7200,7.15151515152
128674,128886,128918,212,32,2,7200,7.625
128674,128893,128925,219,32,2,7200,7.84375
128674,128913,128945,239,32,2,7200,8.46875
128675,128922,128953,247,31,2,7200,8.96774193548
128675,128936,128968,261,32,2,7200,9.15625
128675,128942,128973,267,31,2,7200,9.61290322581
128676,128947,128979,271,32,2,7200,9.46875
128676,128952,128983,276,31,2,7200,9.90322580645
128709,128959,132336,250,3377,2,7200,1.07403020432
128772,128964,132483,192,3519,2,7200,1.05456095482
128838,128971,131999,133,3028,2,7200,1.04392338177
128861,128980,132667,119,3687,2,7200,1.03227556279
128876,128986,132173,110,3187,2,7200,1.03451521807
128877,128994,132248,117,3254,2,7200,1.03595574677
128919,128999,132567,80,3568,2,7200,1.02242152466
128934,129005,132457,71,3452,2,7200,1.02056778679
128949,129015,132492,66,3477,2,7200,1.01898188093
128982,129022,132536,40,3514,2,7200,1.01138303927
129006,129052,132346,46,3294,2,7200,1.01396478446
129007,129063,132531,56,3468,2,7200,1.01614763552
129018,129082,132478,64,3396,2,7200,1.01884570082
129018,129076,132315,58,3239,2,7200,1.01790676135
129018,129069,132406,51,3337,2,7200,1.01528318849
129019,129214,132462,195,3248,2,7200,1.06003694581
129019,129126,132493,107,3367,2,7200,1.03177903178
129019,129171,132515,152,3344,2,7200,1.04545454545
129020,129329,132835,309,3506,2,7200,1.08813462635
129020,129285,132708,265,3423,2,7200,1.07741747006
129020,129337,132578,317,3241,2,7200,1.09780931811
129021,129453,132590,432,3137,2,7200,1.13771118903
129021,129446,132635,425,3189,2,7200,1.13327061775
129040,129459,132924,419,3465,2,7200,1.12092352092
129055,129464,133059,409,3595,2,7200,1.11376912378
129057,129481,132846,424,3365,2,7200,1.12600297177
129072,129545,132799,473,3254,2,7200,1.14535955747
129073,129564,133056,491,3492,2,7200,1.14060710195
129115,129617,132924,502,3307,2,7200,1.15179921379
129126,136231,141970,7105,5739,16,36000,2.23802056107
129160,129627,132886,467,3259,2,7200,1.14329548941
129205,129805,133180,600,3375,2,7200,1.17777777778
129246,134920,140448,5674,5528,2,36000,2.02641099855
129274,130898,134477,1624,3579,2,7200,1.45375803297
129319,131955,135132,2636,3177,2,7200,1.82971356626
129333,132011,135447,2678,3436,2,7200,1.77939464494
129436,132096,135593,2660,3497,2,7200,1.76065198742
129437,132106,135397,2669,3291,2,7200,1.81099969614
129452,132185,135576,2733,3391,2,7200,1.80595694485
129453,132214,135352,2761,3138,2,7200,1.8798597833
129468,132259,135911,2791,3652,2,7200,1.76423877327
129534,132327,135562,2793,3235,2,7200,1.86336939722
129552,132347,135685,2795,3338,2,7200,1.83732774116
129606,132357,135778,2751,3421,2,7200,1.80415083309
129621,132417,136128,2796,3711,2,7200,1.75343573161
129795,132470,135577,2675,3107,2,7200,1.86095912456
129837,138657,145058,8820,6401,2,21600,2.37790970161
130244,132476,135813,2232,3337,2,7200,1.66886424933
130402,130410,133975,8,3565,2,7200,1.00224403927
130506,136687,145236,6181,8549,16,36000,1.72300853901
130514,138662,156688,8148,18026,3,18000,1.45201375791
130571,135415,146162,4844,10747,24,36000,1.4507304364
130617,130626,134291,9,3665,2,7200,1.00245566166
130673,132489,135850,1816,3361,2,7200,1.54031538233
130862,134620,465830,3758,331210,1,331200,1.01134627578
130887,132496,135907,1609,3411,2,7200,1.47170917619
131063,131072,134426,9,3354,2,7200,1.00268336315
131139,131149,134550,10,3401,2,7200,1.00294031167
131755,131766,135358,11,3592,2,7200,1.0030623608
131943,132504,135832,561,3328,2,7200,1.16856971154
132000,132509,135910,509,3401,2,7200,1.14966186416
132087,132527,136115,440,3588,2,7200,1.1226309922
132102,132543,135899,441,3356,2,7200,1.13140643623
132174,132550,136110,376,3560,2,7200,1.10561797753
132204,132580,135801,376,3221,2,7200,1.11673393356
132249,132590,135856,341,3266,2,7200,1.10440906307
132336,132601,135996,265,3395,2,7200,1.07805596465
132351,132646,136042,295,3396,2,7200,1.08686690224
132459,132679,135931,220,3252,2,7200,1.06765067651
132483,132720,136238,237,3518,2,7200,1.06736782263
132497,132811,136159,314,3348,2,7200,1.09378733572
132533,132847,136151,314,3304,2,7200,1.09503631961
132548,132858,136435,310,3577,2,7200,1.08666480291
132566,132899,136210,333,3311,2,7200,1.10057384476
132668,132937,136697,269,3760,2,7200,1.07154255319
132801,132942,136427,141,3485,2,7200,1.04045911047
132846,133069,136659,223,3590,2,7200,1.06211699164
132888,133075,136420,187,3345,2,7200,1.05590433483
132927,133192,136549,265,3357,2,7200,1.07893952934
132928,135143,138508,2215,3365,2,7200,1.65824665676
133058,135363,138574,2305,3211,2,7200,1.71784490813
133059,135409,138576,2350,3167,2,7200,1.74202715504
133182,135459,138748,2277,3289,2,7200,1.69230769231
133339,135574,137128,2235,1554,2,7200,2.43822393822
133340,135589,137206,2249,1617,2,7200,2.39084724799
133340,135606,137214,2266,1608,2,7200,2.4092039801
133340,135594,137216,2254,1622,2,7200,2.38964241677
133341,135696,137306,2355,1610,2,7200,2.46273291925
133341,135812,137400,2471,1588,2,7200,2.55604534005
133341,135790,137392,2449,1602,2,7200,2.52871410737
133342,135861,137470,2519,1609,2,7200,2.5655686762
133342,135844,137448,2502,1604,2,7200,2.55985037406
133342,135825,137390,2483,1565,2,7200,2.58658146965
133343,135868,137464,2525,1596,2,7200,2.5820802005
133560,139738,157505,6178,17767,1,86400,1.34772330726
133979,134303,137798,324,3495,2,7200,1.09270386266
134294,134438,137924,144,3486,2,7200,1.0413080895
134427,134488,137787,61,3299,2,7200,1.01849045165
134474,135911,139201,1437,3290,2,7200,1.4367781155
134550,134562,138057,12,3495,2,7200,1.00343347639
134711,145068,146758,10357,1690,2,21600,7.12840236686
134847,154570,179796,19723,25226,3,25200,1.7818520574
135360,135371,138913,11,3542,2,7200,1.00310559006
135626,154864,190869,19238,36005,3,36000,1.53431467852
135802,135919,139309,117,3390,2,7200,1.03451327434
135817,135926,139497,109,3571,2,7200,1.03052366284
135834,135931,139162,97,3231,2,7200,1.03002166512
135852,135943,139280,91,3337,2,7200,1.027270003
135866,136009,139249,143,3240,2,7200,1.04413580247
135899,136053,139673,154,3620,2,7200,1.04254143646
135914,136122,139482,208,3360,2,7200,1.0619047619
135915,136129,139718,214,3589,2,7200,1.05962663695
135917,136139,139556,222,3417,2,7200,1.06496927129
135931,136162,139541,231,3379,2,7200,1.06836342113
135997,136171,139299,174,3128,2,7200,1.05562659847
136039,136224,139577,185,3353,2,7200,1.05517447062
136111,136250,139728,139,3478,2,7200,1.03996549741
136126,136432,139910,306,3478,2,7200,1.08798159862
136137,148882,156022,12745,7140,16,21600,2.7850140056
136141,136439,139622,298,3183,2,7200,1.09362236883
136155,136446,139773,291,3327,2,7200,1.08746618575
136170,136560,140026,390,3466,2,7200,1.11252163878
136191,139733,139862,3542,129,1,3600,28.4573643411
136212,136670,140331,458,3661,2,7200,1.12510243103
136239,136709,140260,470,3551,2,7200,1.13235708251
136278,138668,146626,2390,7958,1,14400,1.30032671526
136420,137139,140475,719,3336,2,7200,1.21552757794
136435,137218,140602,783,3384,2,7200,1.23138297872
136436,137226,140767,790,3541,2,7200,1.22310081898
136505,146771,149423,10266,2652,2,21600,4.87104072398
136551,137232,140545,681,3313,2,7200,1.20555387866
136590,138651,147347,2061,8696,16,36000,1.23700551978
136659,137318,140782,659,3464,2,7200,1.19024249423
136698,137402,140642,704,3240,2,7200,1.21728395062
137084,149435,151859,12351,2424,2,21600,6.0952970297
137541,145493,148588,7952,3095,4,36000,3.56930533118
137559,152388,158363,14829,5975,4,36000,3.48184100418
137567,152393,160132,14826,7739,4,36000,2.91575138907
137792,137798,141484,6,3686,2,7200,1.00162778079
137807,137814,141203,7,3389,2,7200,1.00206550605
137926,137932,141219,6,3287,2,7200,1.00182537268
138023,156038,192069,18015,36031,3,36000,1.49998612306
138059,138065,141401,6,3336,2,7200,1.00179856115
138468,158655,170355,20187,11700,1,86400,2.72538461538
138473,158660,224991,20187,66331,1,86400,1.3043373385
138511,138517,141947,6,3430,2,7200,1.00174927114
138574,138581,142119,7,3538,2,7200,1.00197851894
138589,138596,142053,7,3457,2,7200,1.00202487706
138748,138755,142193,7,3438,2,7200,1.00203606748
138914,138920,142576,6,3656,2,7200,1.00164113786
139163,139170,142573,7,3403,2,7200,1.00205700852
139202,139208,142403,6,3195,2,7200,1.00187793427
139250,139256,142319,6,3063,2,7200,1.00195886386
139280,139286,142722,6,3436,2,7200,1.00174621653
139301,139307,142933,6,3626,2,7200,1.00165471594
139315,139321,142890,6,3569,2,7200,1.00168114318
139480,139487,142973,7,3486,2,7200,1.00200803213
139498,139505,143006,7,3501,2,7200,1.00199942873
139543,139550,142807,7,3257,2,7200,1.00214921707
139558,139564,142903,6,3339,2,7200,1.00179694519
139579,139585,142916,6,3331,2,7200,1.00180126088
139623,139630,142921,7,3291,2,7200,1.00212701307
139674,139682,143158,8,3476,2,7200,1.00230149597
139719,139726,143388,7,3662,2,7200,1.00191152376
139734,139745,143311,11,3566,2,7200,1.00308468873
139773,139780,143053,7,3273,2,7200,1.00213871066
139911,139917,143445,6,3528,2,7200,1.00170068027
139980,139986,142568,6,2582,2,7200,1.00232378002
139980,139992,142559,12,2567,2,7200,1.00467471757
139981,140009,142666,28,2657,2,7200,1.01053820098
139981,139998,142587,17,2589,2,7200,1.00656624179
139981,140003,142411,22,2408,2,7200,1.00913621262
139982,140272,142828,290,2556,2,7200,1.11345852895
139982,140014,142553,32,2539,2,7200,1.01260338716
139982,140038,142505,56,2467,2,7200,1.02269963518
139983,140344,142893,361,2549,2,7200,1.14162416634
139983,140487,143007,504,2520,2,7200,1.2
139983,140460,143040,477,2580,2,7200,1.18488372093
140006,151872,163323,11866,11451,2,21600,2.0362413763
140026,140556,143902,530,3346,2,7200,1.15839808727
140261,140613,144228,352,3615,2,7200,1.09737206086
140333,140655,143993,322,3338,2,7200,1.09646494907
140477,140779,144237,302,3458,2,7200,1.08733371891
140546,140794,144306,248,3512,2,7200,1.07061503417
140603,141960,145108,1357,3148,2,7200,1.43106734435
140642,141992,145096,1350,3104,2,7200,1.43492268041
140762,156044,160064,15282,4020,2,21600,4.80149253731
140768,141997,145221,1229,3224,2,7200,1.38120347395
140783,142003,145374,1220,3371,2,7200,1.36191041234
141206,141214,144643,8,3429,2,7200,1.0023330417
141221,141231,144541,10,3310,2,7200,1.00302114804
141354,141987,144864,633,2877,2,10800,1.22002085506
141403,141412,145192,9,3780,2,7200,1.00238095238
141488,141495,144993,7,3498,2,7200,1.00200114351
141948,142065,145543,117,3478,2,7200,1.033640023
142053,142131,145611,78,3480,2,7200,1.0224137931
142119,142205,145548,86,3343,2,7200,1.02572539635
142143,156049,161715,13906,5666,2,21600,3.45428873985
142194,142331,145862,137,3531,2,7200,1.03879920702
142320,142415,145895,95,3480,2,7200,1.02729885057
142404,142423,145917,19,3494,2,7200,1.00543789353
142570,142577,145961,7,3384,2,7200,1.00206855792
142577,142583,146128,6,3545,2,7200,1.00169252468
142721,142727,146138,6,3411,2,7200,1.00175901495
142805,142811,146191,6,3380,2,7200,1.00177514793
142892,142898,146263,6,3365,2,7200,1.00178306092
142907,142913,146251,6,3338,2,7200,1.00179748352
142922,142928,146136,6,3208,2,7200,1.00187032419
142923,142935,146285,12,3350,2,7200,1.00358208955
142938,142945,146490,7,3545,2,7200,1.00197461213
142974,142980,146396,6,3416,2,7200,1.00175644028
143007,143014,146535,7,3521,2,7200,1.00198807157
143042,143054,145675,12,2621,2,7200,1.00457840519
143042,143059,145523,17,2464,2,7200,1.00689935065
143042,143048,145501,6,2453,2,7200,1.00244598451
143043,143066,145482,23,2416,2,7200,1.00951986755
143054,143071,146417,17,3346,2,7200,1.00508069337
143160,143166,146599,6,3433,2,7200,1.0017477425
143313,143319,146845,6,3526,2,7200,1.00170164492
143388,143394,146746,6,3352,2,7200,1.00178997613
143445,143451,146702,6,3251,2,7200,1.00184558597
143881,145248,148871,1367,3623,16,3600,1.3773116202
143904,143911,147248,7,3337,2,7200,1.00209769254
143994,144000,147566,6,3566,2,7200,1.00168255749
144229,144235,147624,6,3389,2,7200,1.00177043376
144243,144250,147571,7,3321,2,7200,1.00210779886
144306,144314,147655,8,3341,2,7200,1.00239449267
144545,144551,148019,6,3468,2,7200,1.00173010381
144557,157511,157656,12954,145,8,3600,90.3379310345
144645,144651,148009,6,3358,2,7200,1.00178677784
144995,145001,148562,6,3561,2,7200,1.00168491997
145095,145102,148585,7,3483,2,7200,1.0020097617
145110,145116,148739,6,3623,2,7200,1.00165608612
145195,145201,148700,6,3499,2,7200,1.00171477565
145221,145227,148574,6,3347,2,7200,1.00179265013
145375,145381,148745,6,3364,2,7200,1.00178359096
145546,145552,149006,6,3454,2,7200,1.00173711639
145561,145567,148946,6,3379,2,7200,1.00177567328
145612,145618,149130,6,3512,2,7200,1.00170842825
145675,145687,148026,12,2339,2,7200,1.00513039761
145675,145681,148278,6,2597,2,7200,1.00231035811
145676,145699,148075,23,2376,2,7200,1.00968013468
145676,145694,148195,18,2501,2,7200,1.00719712115
145739,147074,147081,1335,7,16,72000,134.2
145762,147092,147096,1330,4,16,72000,133.4
145777,147107,160878,1330,13771,16,72000,1.09657976908
145782,154870,222421,9088,67551,4,604800,1.13453538808
145862,145869,149211,7,3342,2,7200,1.00209455416
145895,145902,148995,7,3093,2,7200,1.00226317491
145919,145926,149304,7,3378,2,7200,1.00207223209
145961,145967,149742,6,3775,2,7200,1.00158940397
145983,145990,149423,7,3433,2,7200,1.00203903292
145985,145996,149188,11,3192,2,7200,1.00344611529
145986,146001,149341,15,3340,2,7200,1.00449101796
145987,146007,149374,20,3367,2,7200,1.00594000594
145989,146149,149659,160,3510,2,7200,1.04558404558
145990,146154,149649,164,3495,2,7200,1.0469241774
145992,151989,154853,5997,2864,8,36000,3.09392458101
146003,156033,222428,10030,66395,4,604800,1.15106559229
146025,146637,146838,612,201,1,3600,4.0447761194
146133,146139,149593,6,3454,2,7200,1.00173711639
146137,146203,149521,66,3318,2,7200,1.0198915009
146139,146263,149836,124,3573,2,7200,1.03470472992
146190,146274,149821,84,3547,2,7200,1.02368198478
146253,146297,150004,44,3707,2,7200,1.0118694362
146267,146408,149910,141,3502,2,7200,1.04026270702
146285,146429,149787,144,3358,2,7200,1.04288266825
146396,146501,149942,105,3441,2,7200,1.03051438535
146417,146547,150057,130,3510,2,7200,1.03703703704
146490,146611,149830,121,3219,2,7200,1.03758931345
146534,146714,150355,180,3641,2,7200,1.04943696787
146595,146758,150248,163,3490,2,7200,1.04670487106
146703,146857,150511,154,3654,2,7200,1.04214559387
146748,147260,150855,512,3595,2,7200,1.14242002782
146847,147578,151087,731,3509,2,7200,1.20832145911
147083,157674,158269,10591,595,2,28800,18.8
147248,147584,151430,336,3846,2,7200,1.08736349454
147554,148259,151954,705,3695,16,36000,1.19079837618
147567,147636,151011,69,3375,2,7200,1.02044444444
147582,147667,151284,85,3617,2,7200,1.02350013824
147608,148599,148609,991,10,16,72000,100.1
147624,148031,151568,407,3537,2,7200,1.11506926774
147633,158374,158986,10741,612,2,28800,18.5506535948
147657,148087,151472,430,3385,2,7200,1.1270310192
147671,148620,148624,949,4,16,72000,95.3
147804,148635,175626,831,26991,16,72000,1.03078804046
147936,158623,159443,10687,820,2,28800,14.0329268293
148012,148021,151508,9,3487,2,7200,1.0025810152
148027,148037,151394,10,3357,2,7200,1.00297885016
148279,148286,150699,7,2413,2,7200,1.00290095317
148279,148293,150825,14,2532,2,7200,1.00552922591
148280,148605,151043,325,2438,2,7200,1.13330598852
148280,148757,151202,477,2445,2,7200,1.19509202454
148300,158628,159224,10328,596,2,28800,18.3288590604
148565,148585,152043,20,3458,2,7200,1.00578368999
148572,148888,152289,316,3401,2,7200,1.09291384887
148587,148957,152179,370,3222,2,7200,1.1148355059
148703,148711,152126,8,3415,2,7200,1.00234260615
148740,149006,152547,266,3541,2,7200,1.07512002259
148755,149017,152565,262,3548,2,7200,1.07384441939
148779,151994,152377,3215,383,8,14400,9.39425587467
148948,149142,152468,194,3326,2,7200,1.05832832231
148996,149201,152604,205,3403,2,7200,1.06024096386
149011,149222,152675,211,3453,2,7200,1.06110628439
149128,149316,152855,188,3539,2,7200,1.05312235095
149188,149353,152803,165,3450,2,7200,1.04782608696
149209,149385,152971,176,3586,2,7200,1.0490797546
149305,149440,152977,135,3537,2,7200,1.03816793893
149341,149534,153028,193,3494,2,7200,1.05523755009
149374,149660,153115,286,3455,2,7200,1.08277858177
149422,149671,153600,249,3929,2,7200,1.06337490456
149522,149753,153141,231,3388,2,7200,1.06818181818
149597,149604,152984,7,3380,2,7200,1.00207100592
149645,149798,153151,153,3353,2,7200,1.04563077841
149660,149833,153086,173,3253,2,7200,1.05318167845
149741,149842,153254,101,3412,2,7200,1.0296014068
149789,149848,153315,59,3467,2,7200,1.01701759446
149822,149923,153467,101,3544,2,7200,1.02849887133
149837,149953,153256,116,3303,2,7200,1.03511958825
149838,150016,153608,178,3592,2,7200,1.0495545657
149910,150068,153341,158,3273,2,7200,1.04827375496
149914,151965,151978,2051,13,16,144000,158.769230769
149940,150259,153627,319,3368,2,7200,1.09471496437
150006,150368,153870,362,3502,2,7200,1.10336950314
150060,150523,153994,463,3471,2,7200,1.13339095362
150147,158634,159732,8487,1098,2,21600,8.72950819672
150247,150711,154182,464,3471,2,7200,1.13367905503
150355,150836,154204,481,3368,2,7200,1.14281472684
150512,150866,154444,354,3578,2,7200,1.09893795416
150856,151023,154395,167,3372,2,7200,1.04952550415
151013,151056,154559,43,3503,2,7200,1.01227519269
151088,151099,154491,11,3392,2,7200,1.00324292453
151201,151213,153731,12,2518,2,7200,1.00476568705
151205,151296,153791,91,2495,2,7200,1.03647294589
151206,151483,154126,277,2643,2,7200,1.10480514567
151206,151442,153867,236,2425,2,7200,1.09731958763
151285,151579,155103,294,3524,2,7200,1.08342792281
151399,151405,154961,6,3556,2,7200,1.00168728909
151429,152190,155591,761,3401,2,7200,1.22375771832
151474,152480,155776,1006,3296,2,7200,1.3052184466
151511,151520,154995,9,3475,2,7200,1.00258992806
151567,152558,156318,991,3760,2,7200,1.26356382979
151639,158639,164710,7000,6071,1,18000,2.1530225663
151940,158644,165567,6704,6923,1,18000,1.96836631518
152046,152054,155474,8,3420,2,7200,1.00233918129
152128,152137,155540,9,3403,2,7200,1.00264472524
152144,158650,163399,6506,4749,1,18000,2.36997262582
152181,152577,155902,396,3325,2,7200,1.11909774436
152200,152301,154199,101,1898,1,3600,1.05321390938
152292,152615,155738,323,3123,2,7200,1.10342619276
152466,152686,156202,220,3516,2,7200,1.06257110353
152548,152815,156188,267,3373,2,7200,1.07915801957
152565,152867,156002,302,3135,2,7200,1.09633173844
152604,152983,156414,379,3431,2,7200,1.11046342174
152671,152990,156457,319,3467,2,7200,1.09201038362
152803,153002,156505,199,3503,2,7200,1.0568084499
152857,153039,156418,182,3379,2,7200,1.05386208938
152971,153097,156582,126,3485,2,7200,1.03615494978
152985,152996,156539,11,3543,2,7200,1.00310471352
152986,153127,156654,141,3527,2,7200,1.03997731783
153028,153152,156449,124,3297,2,7200,1.03760994844
153086,153163,156661,77,3498,2,7200,1.02201257862
153115,153266,156669,151,3403,2,7200,1.0443726124
153142,153273,156538,131,3265,2,7200,1.04012251149
153157,153327,156863,170,3536,2,7200,1.04807692308
153257,153352,156746,95,3394,2,7200,1.0279905716
153258,153478,156899,220,3421,2,7200,1.06430868167
153315,153611,157128,296,3517,2,7200,1.08416263861
153342,153620,157029,278,3409,2,7200,1.0815488413
153468,153638,157030,170,3392,2,7200,1.05011792453
153601,153742,157368,141,3626,2,7200,1.0388858246
153616,153802,157266,186,3464,2,7200,1.05369515012
153630,153879,157204,249,3325,2,7200,1.07488721805
153868,153886,157356,18,3470,2,7200,1.00518731988
153995,154138,157579,143,3441,2,7200,1.04155768672
154126,154193,156418,67,2225,2,7200,1.03011235955
154126,154216,156615,90,2399,2,7200,1.03751563151
154127,154456,156812,329,2356,2,7200,1.1396434635
154127,154407,156805,280,2398,2,7200,1.11676396997
154179,154503,158107,324,3604,2,7200,1.08990011099
154202,154576,157932,374,3356,2,7200,1.11144219309
154392,155114,158514,722,3400,2,7200,1.21235294118
154443,155602,159016,1159,3414,2,7200,1.33948447569
154494,155751,159201,1257,3450,2,7200,1.36434782609
154560,155788,159196,1228,3408,2,7200,1.3603286385
154962,154972,158593,10,3621,2,7200,1.00276166805
154998,155006,158573,8,3567,2,7200,1.00224278105
155103,155914,159263,811,3349,2,7200,1.24216183936
155475,155485,158960,10,3475,2,7200,1.00287769784
155542,155551,159003,9,3452,2,7200,1.00260718424
155590,156014,159414,424,3400,2,7200,1.12470588235
155737,156200,159609,463,3409,2,7200,1.13581695512
155773,156213,159709,440,3496,2,7200,1.12585812357
155903,156330,159556,427,3226,2,7200,1.13236205828
156002,156426,159968,424,3542,2,7200,1.11970638058
156188,156432,159965,244,3533,2,7200,1.06906311916
156203,156438,160014,235,3576,2,7200,1.06571588367
156314,156461,159622,147,3161,2,7200,1.0465042708
156414,156469,159889,55,3420,2,7200,1.01608187135
156428,156517,160125,89,3608,2,7200,1.02466740576
156449,156553,160146,104,3593,2,7200,1.02894517117
156464,156559,160042,95,3483,2,7200,1.02727533735
156506,156593,160142,87,3549,2,7200,1.02451394759
156539,156628,160216,89,3588,2,7200,1.02480490524
156541,156547,160242,6,3695,2,7200,1.00162381597
156584,156665,160147,81,3482,2,7200,1.02326249282
156656,156674,159925,18,3251,2,7200,1.00553675792
156671,156680,160101,9,3421,2,7200,1.0026308097
156672,156758,160419,86,3661,2,7200,1.02349084949
156748,156816,160245,68,3429,2,7200,1.01983085448
156813,156912,159442,99,2530,2,7200,1.03913043478
156813,156823,159396,10,2573,2,7200,1.0038865138
156813,156875,159448,62,2573,2,7200,1.02409638554
156814,157041,159395,227,2354,2,7200,1.09643160578
156865,157046,160362,181,3316,2,7200,1.05458383595
156901,157140,160674,239,3534,2,7200,1.06762874929
157027,157215,160663,188,3448,2,7200,1.05452436195
157042,157277,160624,235,3347,2,7200,1.07021213027
157129,157368,160718,239,3350,2,7200,1.07134328358
157204,157378,160823,174,3445,2,7200,1.05050798258
157267,157591,160861,324,3270,2,7200,1.09908256881
157358,157945,161406,587,3461,2,7200,1.16960416065
157372,158119,161577,747,3458,2,7200,1.21602082128
157580,158380,161769,800,3389,2,7200,1.23605783417
157687,158576,302604,889,144028,16,144000,1.00617241092
157932,158385,161513,453,3128,2,7200,1.14482097187
158107,158526,162124,419,3598,2,7200,1.11645358533
158514,158998,162417,484,3419,2,7200,1.14156186019
158576,158584,161980,8,3396,2,7200,1.0023557126
158594,158604,162215,10,3611,2,7200,1.00276931598
158961,158971,162251,10,3280,2,7200,1.00304878049
159006,159014,162590,8,3576,2,7200,1.00223713647
159014,159027,162481,13,3454,2,7200,1.00376375217
159197,159207,162659,10,3452,2,7200,1.00289687138
159212,159218,162730,6,3512,2,7200,1.00170842825
159263,159269,162916,6,3647,2,7200,1.00164518783
159416,159422,162956,6,3534,2,7200,1.00169779287
159448,159459,161954,11,2495,2,7200,1.00440881764
159448,159453,162081,5,2628,2,7200,1.00190258752
159448,159464,161966,16,2502,2,7200,1.00639488409
159449,159470,161977,21,2507,2,7200,1.00837654567
159557,159564,163238,7,3674,2,7200,1.00190528035
159608,159615,163205,7,3590,2,7200,1.00194986072
159623,159629,163150,6,3521,2,7200,1.00170406135
159710,159717,163125,7,3408,2,7200,1.00205399061
159891,159897,163241,6,3344,2,7200,1.00179425837
159924,159930,163354,6,3424,2,7200,1.00175233645
159960,159966,163431,6,3465,2,7200,1.00173160173
159974,159981,163560,7,3579,2,7200,1.00195585359
160013,160020,163473,7,3453,2,7200,1.0020272227
160040,160047,163532,7,3485,2,7200,1.00200860832
160100,160107,163521,7,3414,2,7200,1.00205038079
160124,160131,163664,7,3533,2,7200,1.00198131899
160142,160148,163517,6,3369,2,7200,1.0017809439
160157,160163,163700,6,3537,2,7200,1.00169635284
160158,160169,163680,11,3511,2,7200,1.00313301054
160215,160222,163697,7,3475,2,7200,1.00201438849
160245,160256,163782,11,3526,2,7200,1.00311968236
160245,160251,163597,6,3346,2,7200,1.00179318589
160363,160369,163751,6,3382,2,7200,1.00177409817
160420,160426,163907,6,3481,2,7200,1.00172364263
160625,160631,164182,6,3551,2,7200,1.00168966488
160664,160670,164112,6,3442,2,7200,1.00174317257
160678,160684,164067,6,3383,2,7200,1.00177357375
160720,160726,164127,6,3401,2,7200,1.001764187
160825,160832,164138,7,3306,2,7200,1.00211736237
160861,160867,164170,6,3303,2,7200,1.00181653043
161378,161384,165109,6,3725,12,57600,1.00161073826
161409,161416,164862,7,3446,2,7200,1.00203134068
161442,161726,162520,284,794,8,14400,1.35768261965
161511,161518,164883,7,3365,2,7200,1.00208023774
161577,161584,165055,7,3471,2,7200,1.00201670988
161770,161776,165285,6,3509,2,7200,1.00170988886
161983,161989,165573,6,3584,2,7200,1.00167410714
162081,162092,164600,11,2508,2,7200,1.00438596491
162081,162087,164259,6,2172,2,7200,1.00276243094
162082,162098,164580,16,2482,2,7200,1.00644641418
162082,162104,164550,22,2446,2,7200,1.00899427637
162122,162129,165667,7,3538,2,7200,1.00197851894
162216,162223,165855,7,3632,2,7200,1.00192731278
162252,162259,165746,7,3487,2,7200,1.00200745627
162418,162424,165627,6,3203,2,7200,1.00187324383
162481,162487,165812,6,3325,2,7200,1.00180451128
162592,162598,166116,6,3518,2,7200,1.0017055145
162661,162668,166235,7,3567,2,7200,1.00196243342
162727,162733,166290,6,3557,2,7200,1.00168681473
162917,162923,166287,6,3364,2,7200,1.00178359096
162956,162962,166248,6,3286,2,7200,1.00182592818
163124,163130,166397,6,3267,2,7200,1.00183654729
163151,163157,166678,6,3521,2,7200,1.00170406135
163202,163208,166674,6,3466,2,7200,1.00173110214
163235,163241,166422,6,3181,2,7200,1.00188619931
163249,163256,166677,7,3421,2,7200,1.00204618533
163351,163358,167075,7,3717,2,7200,1.00188323917
163430,163436,166891,6,3455,2,7200,1.0017366136
163475,163481,167192,6,3711,2,7200,1.00161681487
163516,163523,166965,7,3442,2,7200,1.00203370134
163531,163537,166858,6,3321,2,7200,1.00180668473
163533,163543,166904,10,3361,2,7200,1.00297530497
163556,163563,167130,7,3567,2,7200,1.00196243342
163600,163606,166974,6,3368,2,7200,1.00178147268
163665,163671,167016,6,3345,2,7200,1.00179372197
163683,163689,167148,6,3459,2,7200,1.00173460538
163698,163704,167305,6,3601,2,7200,1.00166620383
163712,163718,166982,6,3264,2,7200,1.00183823529
163751,163758,167118,7,3360,2,7200,1.00208333333
163781,163788,167290,7,3502,2,7200,1.0019988578
163908,163914,167360,6,3446,2,7200,1.00174114916
164070,164077,167756,7,3679,2,7200,1.00190269095
164112,164119,167680,7,3561,2,7200,1.00196573996
164127,164133,167621,6,3488,2,7200,1.00172018349
164142,164148,167720,6,3572,2,7200,1.00167973124
164169,164175,167623,6,3448,2,7200,1.00174013921
164184,164190,167711,6,3521,2,7200,1.00170406135
164600,164616,165780,16,1164,2,7200,1.01374570447
164600,164606,165780,6,1174,2,7200,1.00511073254
164600,164611,165780,11,1169,2,7200,1.00940975192
164601,164628,165780,27,1152,2,7200,1.0234375
164601,164634,165780,33,1146,2,7200,1.02879581152
164601,164623,165780,22,1157,2,7200,1.01901469317
164602,164649,165780,47,1131,2,7200,1.041556145
164602,164644,165780,42,1136,2,7200,1.03697183099
164602,164639,165780,37,1141,2,7200,1.032427695
164603,164655,165780,52,1125,2,7200,1.04622222222
164603,164660,165780,57,1120,2,7200,1.05089285714
164861,164867,168381,6,3514,2,7200,1.00170745589
164885,164891,168223,6,3332,2,7200,1.00180072029
165056,165062,168586,6,3524,2,7200,1.00170261067
165285,165291,168711,6,3420,2,7200,1.00175438596
165573,165580,169071,7,3491,2,7200,1.00200515612
165628,165634,169116,6,3482,2,7200,1.00172314762
165667,165673,169005,6,3332,2,7200,1.00180072029
165749,165755,169208,6,3453,2,7200,1.00173761946
165811,165817,169254,6,3437,2,7200,1.00174570847
165830,165836,169341,6,3505,2,7200,1.00171184023
165831,165842,169213,11,3371,2,7200,1.00326312667
165832,165847,169073,15,3226,2,7200,1.00464972102
165834,165853,169493,19,3640,2,7200,1.00521978022
165857,165863,169503,6,3640,2,7200,1.00164835165
166117,166124,169409,7,3285,2,7200,1.00213089802
166237,166244,169767,7,3523,2,7200,1.00198694295
166252,166258,169927,6,3669,2,7200,1.00163532298
166288,166294,169639,6,3345,2,7200,1.00179372197
166289,166300,169924,11,3624,2,7200,1.00303532009
166395,166401,169671,6,3270,2,7200,1.00183486239
166422,166428,169926,6,3498,2,7200,1.00171526587
166675,166681,169989,6,3308,2,7200,1.00181378476
166689,166696,170008,7,3312,2,7200,1.00211352657
166691,166702,170298,11,3596,2,7200,1.00305895439
166860,166866,170324,6,3458,2,7200,1.001735107
166889,166896,170384,7,3488,2,7200,1.00200688073
166904,166910,170543,6,3633,2,7200,1.00165152766
166964,166970,170369,6,3399,2,7200,1.00176522507
166977,166983,170474,6,3491,2,7200,1.00171870524
166982,166989,170496,7,3507,2,7200,1.00199600798
167015,167021,170470,6,3449,2,7200,1.00173963468
167075,167081,170545,6,3464,2,7200,1.00173210162
167120,167126,170551,6,3425,2,7200,1.00175182482
167135,167141,170555,6,3414,2,7200,1.00175746924
167150,167156,170695,6,3539,2,7200,1.00169539418
167192,167198,170666,6,3468,2,7200,1.00173010381
167291,167297,170902,6,3605,2,7200,1.00166435506
167306,167312,170656,6,3344,2,7200,1.00179425837
167360,167366,170649,6,3283,2,7200,1.00182759671
167622,167628,171106,6,3478,2,7200,1.00172512938
167636,167643,171288,7,3645,2,7200,1.00192043896
167681,167688,171085,7,3397,2,7200,1.00206064174
167711,167717,171299,6,3582,2,7200,1.00167504188
167726,167732,170953,6,3221,2,7200,1.00186277554
167753,167759,171124,6,3365,2,7200,1.00178306092
168223,168229,171535,6,3306,2,7200,1.00181488203
168379,168386,171793,7,3407,2,7200,1.00205459348
168587,168593,172161,6,3568,2,7200,1.00168161435
168710,168716,172091,6,3375,2,7200,1.00177777778
168816,169092,169302,276,210,8,14400,2.31428571429
169005,169011,172340,6,3329,2,7200,1.00180234305
169074,169080,172371,6,3291,2,7200,1.00182315406
169076,169086,172368,10,3282,2,7200,1.00304692261
169113,169119,172686,6,3567,2,7200,1.00168208579
169209,169215,172706,6,3491,2,7200,1.00171870524
169212,169221,172785,9,3564,2,7200,1.00252525253
169251,169257,172626,6,3369,2,7200,1.0017809439
169342,169348,172808,6,3460,2,7200,1.00173410405
169411,169418,172689,7,3271,2,7200,1.00214001834
169495,169501,172992,6,3491,2,7200,1.00171870524
169502,169508,173201,6,3693,2,7200,1.00162469537
169639,169646,172970,7,3324,2,7200,1.00210589651
169669,169676,173036,7,3360,2,7200,1.00208333333
169766,169772,172819,6,3047,2,7200,1.00196914998
169925,169931,173411,6,3480,2,7200,1.00172413793
169940,169946,173264,6,3318,2,7200,1.00180831826
169941,169952,173140,11,3188,2,7200,1.00345043915
169989,169995,173594,6,3599,2,7200,1.00166712976
170007,170013,173365,6,3352,2,7200,1.00178997613
170299,170305,173683,6,3378,2,7200,1.00177619893
170326,170332,173645,6,3313,2,7200,1.00181104739
170368,170374,173928,6,3554,2,7200,1.0016882386
170383,170389,173681,6,3292,2,7200,1.00182260024
170470,170476,173782,6,3306,2,7200,1.00181488203
170474,170482,173959,8,3477,2,7200,1.00230083405
170497,170503,174136,6,3633,2,7200,1.00165152766
170542,170548,174043,6,3495,2,7200,1.0017167382
170557,170562,174072,5,3510,2,7200,1.00142450142
170558,170568,174170,10,3602,2,7200,1.00277623542
170559,170573,174107,14,3534,2,7200,1.00396151669
170649,170656,174334,7,3678,2,7200,1.00190320827
170664,170670,173951,6,3281,2,7200,1.00182871076
170679,170685,174341,6,3656,2,7200,1.00164113786
170694,170700,174273,6,3573,2,7200,1.00167926113
170904,170911,174518,7,3607,2,7200,1.00194067092
170955,170962,174346,7,3384,2,7200,1.00206855792
171082,171088,174432,6,3344,2,7200,1.00179425837
171106,171112,174311,6,3199,2,7200,1.00187558612
171124,171130,174772,6,3642,2,7200,1.00164744646
171289,171295,174725,6,3430,2,7200,1.00174927114
171304,171310,174802,6,3492,2,7200,1.00171821306
171533,171539,174965,6,3426,2,7200,1.00175131349
171795,171801,175319,6,3518,2,7200,1.0017055145
172094,172100,175748,6,3648,2,7200,1.00164473684
172160,172166,175694,6,3528,2,7200,1.00170068027
172341,172347,175861,6,3514,2,7200,1.00170745589
172370,172376,175970,6,3594,2,7200,1.00166944908
172370,172381,175681,11,3300,2,7200,1.00333333333
172626,172633,176089,7,3456,2,7200,1.00202546296
172686,172693,176086,7,3393,2,7200,1.00206307103
172690,172699,176448,9,3749,2,7200,1.00240064017
172708,172715,176432,7,3717,2,7200,1.00188323917
172785,172792,176098,7,3306,2,7200,1.00211736237
172806,172812,176200,6,3388,2,7200,1.00177095632
172821,172827,176165,6,3338,2,7200,1.00179748352
172971,172978,176348,7,3370,2,7200,1.00207715134
172992,172998,176291,6,3293,2,7200,1.00182204677
173037,173043,176560,6,3517,2,7200,1.00170599943
173139,173145,176549,6,3404,2,7200,1.0017626322
173203,173210,176689,7,3479,2,7200,1.00201207243
173262,173269,176712,7,3443,2,7200,1.00203311066
173365,173371,176910,6,3539,2,7200,1.00169539418
173410,173416,176761,6,3345,2,7200,1.00179372197
173593,173599,176978,6,3379,2,7200,1.00177567328
173644,173650,177009,6,3359,2,7200,1.00178624591
173680,173686,177071,6,3385,2,7200,1.00177252585
173682,173692,176866,10,3174,2,7200,1.00315059861
173781,173787,177247,6,3460,2,7200,1.00173410405
173928,173934,177134,6,3200,2,7200,1.001875
173952,173958,177413,6,3455,2,7200,1.0017366136
173960,173967,177221,7,3254,2,7200,1.00215119852
174045,174052,177540,7,3488,2,7200,1.00200688073
174072,174078,177745,6,3667,2,7200,1.00163621489
174105,174111,177621,6,3510,2,7200,1.00170940171
174135,174141,177541,6,3400,2,7200,1.00176470588
174171,174177,177846,6,3669,2,7200,1.00163532298
174270,174276,177660,6,3384,2,7200,1.00177304965
174312,174318,177959,6,3641,2,7200,1.00164789893
174333,174339,177721,6,3382,2,7200,1.00177409817
174348,174354,177645,6,3291,2,7200,1.00182315406
174349,174360,177777,11,3417,2,7200,1.00321919813
174434,174440,177977,6,3537,2,7200,1.00169635284
174518,174524,178007,6,3483,2,7200,1.00172265289
174722,174729,178288,7,3559,2,7200,1.00196684462
174774,174780,177970,6,3190,2,7200,1.00188087774
174803,174809,178376,6,3567,2,7200,1.00168208579
174963,174969,178517,6,3548,2,7200,1.00169109357
175321,175327,178791,6,3464,2,7200,1.00173210162
175683,175689,179207,6,3518,2,7200,1.0017055145
175698,175704,179305,6,3601,2,7200,1.00166620383
175749,175755,179451,6,3696,2,7200,1.00162337662
175863,175869,179388,6,3519,2,7200,1.00170502984
175974,175980,179716,6,3736,2,7200,1.00160599572
176085,176092,179424,7,3332,2,7200,1.00210084034
176100,176106,179475,6,3369,2,7200,1.0017809439
176102,176112,179539,10,3427,2,7200,1.00291800409
176165,176171,179647,6,3476,2,7200,1.00172612198
176198,176204,179767,6,3563,2,7200,1.00168397418
176294,176300,179610,6,3310,2,7200,1.00181268882
176348,176354,179729,6,3375,2,7200,1.00177777778
176432,176439,179476,7,3037,2,7200,1.00230490616
176451,176457,180063,6,3606,2,7200,1.00166389351
176549,176555,179841,6,3286,2,7200,1.00182592818
176564,176570,180237,6,3667,2,7200,1.00163621489
176692,176698,180044,6,3346,2,7200,1.00179318589
176711,176718,180284,7,3566,2,7200,1.00196298374
176762,176769,180317,7,3548,2,7200,1.0019729425
176869,176875,180186,6,3311,2,7200,1.00181214135
176911,176917,180425,6,3508,2,7200,1.00171037628
176980,176986,180416,6,3430,2,7200,1.00174927114
177010,177016,180453,6,3437,2,7200,1.00174570847
177073,177079,180613,6,3534,2,7200,1.00169779287
177136,177142,180649,6,3507,2,7200,1.00171086399
177225,177231,180672,6,3441,2,7200,1.00174367916
177244,177251,180780,7,3529,2,7200,1.00198356475
177413,177419,180773,6,3354,2,7200,1.00178890877
177543,177549,180845,6,3296,2,7200,1.00182038835
177544,177555,181126,11,3571,2,7200,1.00308036964
177619,177625,181290,6,3665,2,7200,1.00163710778
177643,177649,181118,6,3469,2,7200,1.00172960507
177661,177667,180878,6,3211,2,7200,1.00186857677
177721,177727,181112,6,3385,2,7200,1.00177252585
177745,177751,181455,6,3704,2,7200,1.00161987041
177781,177787,181163,6,3376,2,7200,1.00177725118
177847,177853,181572,6,3719,2,7200,1.00161333692
177961,177967,181816,6,3849,2,7200,1.00155884645
177976,177982,181428,6,3446,2,7200,1.00174114916
177977,177988,181462,11,3474,2,7200,1.00316637881
178010,178016,181403,6,3387,2,7200,1.00177147919
178285,178291,181860,6,3569,2,7200,1.00168114318
178378,178384,181953,6,3569,2,7200,1.00168114318
178513,178520,181945,7,3425,2,7200,1.00204379562
178790,178797,182331,7,3534,2,7200,1.00198075835
179205,179212,182509,7,3297,2,7200,1.00212314225
179305,179311,182962,6,3651,2,7200,1.00164338537
179392,179398,182804,6,3406,2,7200,1.00176159718
179425,179431,183002,6,3571,2,7200,1.00168020162
179452,179458,182933,6,3475,2,7200,1.00172661871
179475,179487,182843,12,3356,2,7200,1.00357568534
179476,179482,183070,6,3588,2,7200,1.0016722408
179539,179545,182987,6,3442,2,7200,1.00174317257
179611,179617,182805,6,3188,2,7200,1.00188205772
179647,179653,183278,6,3625,2,7200,1.00165517241
179718,179724,183137,6,3413,2,7200,1.00175798418
179731,179737,183291,6,3554,2,7200,1.0016882386
179770,179776,183297,6,3521,2,7200,1.00170406135
179842,179848,183328,6,3480,2,7200,1.00172413793
180047,180053,183344,6,3291,2,7200,1.00182315406
180065,180071,183697,6,3626,2,7200,1.00165471594
180188,180194,183687,6,3493,2,7200,1.00171772116
180236,180242,183450,6,3208,2,7200,1.00187032419
180284,180290,183728,6,3438,2,7200,1.0017452007
180317,180323,184156,6,3833,2,7200,1.00156535351
180416,180422,183636,6,3214,2,7200,1.00186683261
180431,180437,183919,6,3482,2,7200,1.00172314762
180455,180461,184023,6,3562,2,7200,1.00168444694
180614,180620,183922,6,3302,2,7200,1.00181708056
180650,180656,184202,6,3546,2,7200,1.00169204738
180672,180679,184454,7,3775,2,7200,1.00185430464
180774,180780,184376,6,3596,2,7200,1.00166852058
180788,180794,184248,6,3454,2,7200,1.00173711639
180845,180851,184215,6,3364,2,7200,1.00178359096
180878,180884,184601,6,3717,2,7200,1.001614205
181110,181116,184358,6,3242,2,7200,1.00185070944
181125,181131,184599,6,3468,2,7200,1.00173010381
181140,181146,184803,6,3657,2,7200,1.00164068909
181164,181170,184770,6,3600,2,7200,1.00166666667
181290,181296,184834,6,3538,2,7200,1.00169587337
181404,181411,184919,7,3508,2,7200,1.001995439
181428,181434,184931,6,3497,2,7200,1.00171575636
181455,181461,184865,6,3404,2,7200,1.0017626322
181470,181476,185033,6,3557,2,7200,1.00168681473
181572,181578,184708,6,3130,2,7200,1.00191693291
181727,181733,181903,6,170,1,3600,1.03529411765
181816,181822,185228,6,3406,2,7200,1.00176159718
181861,181867,185465,6,3598,2,7200,1.00166759311
181946,181952,185327,6,3375,2,7200,1.00177777778
181960,181967,185513,7,3546,2,7200,1.00197405527
182078,182084,182441,6,357,1,3600,1.01680672269
182331,182337,185825,6,3488,2,7200,1.00172018349
182508,182514,185827,6,3313,2,7200,1.00181104739
182805,182811,183614,6,803,1,3600,1.00747198007
182806,182817,185952,11,3135,2,7200,1.00350877193
182808,182822,186242,14,3420,2,7200,1.00409356725
182841,182847,186546,6,3699,2,7200,1.00162206002
182931,182937,186484,6,3547,2,7200,1.00169157034
182964,182970,186369,6,3399,2,7200,1.00176522507
182988,182994,186463,6,3469,2,7200,1.00172960507
183005,183012,186683,7,3671,2,7200,1.00190683737
183069,183935,199005,866,15070,32,28800,1.05746516257
183072,183078,186501,6,3423,2,7200,1.00175284838
183138,183144,186493,6,3349,2,7200,1.00179157958
183279,183285,186832,6,3547,2,7200,1.00169157034
183294,183300,186671,6,3371,2,7200,1.00177988727
183309,183315,186830,6,3515,2,7200,1.00170697013
183326,183332,186895,6,3563,2,7200,1.00168397418
183347,183353,186871,6,3518,2,7200,1.0017055145
183450,183456,186921,6,3465,2,7200,1.00173160173
183636,183643,186873,7,3230,2,7200,1.00216718266
183687,183694,187220,7,3526,2,7200,1.00198525241
183698,183704,187219,6,3515,2,7200,1.00170697013
183730,183736,186826,6,3090,2,7200,1.00194174757
183922,183929,187322,7,3393,2,7200,1.00206307103
183924,183940,187349,16,3409,2,7200,1.00469345849
184023,184029,187440,6,3411,2,7200,1.00175901495
184156,184162,187692,6,3530,2,7200,1.00169971671
184201,184207,187656,6,3449,2,7200,1.00173963468
184216,184222,187652,6,3430,2,7200,1.00174927114
184248,184255,187870,7,3615,2,7200,1.00193637621
184360,184366,187852,6,3486,2,7200,1.0017211704
184378,184384,187604,6,3220,2,7200,1.00186335404
184448,184454,184565,6,111,1,3600,1.05405405405
184455,184461,188061,6,3600,2,7200,1.00166666667
184594,184601,188126,7,3525,2,7200,1.0019858156
184609,184615,188170,6,3555,2,7200,1.00168776371
184709,184715,188161,6,3446,2,7200,1.00174114916
184746,184752,185069,6,317,1,3600,1.01892744479
184772,184778,188165,6,3387,2,7200,1.00177147919
184805,184811,188007,6,3196,2,7200,1.00187734668
184835,184841,188319,6,3478,2,7200,1.00172512938
184865,184871,188302,6,3431,2,7200,1.00174876129
184919,184925,188232,6,3307,2,7200,1.00181433323
184934,184940,188507,6,3567,2,7200,1.00168208579
185033,185039,188579,6,3540,2,7200,1.00169491525
185226,185232,188662,6,3430,2,7200,1.00174927114
185328,185334,188754,6,3420,2,7200,1.00175438596
185467,185473,188909,6,3436,2,7200,1.00174621653
185515,185521,189035,6,3514,2,7200,1.00170745589
185539,185545,186196,6,651,1,3600,1.00921658986
185699,185705,185880,6,175,1,3600,1.03428571429
185825,185831,189234,6,3403,2,7200,1.00176315016
185826,185837,189206,11,3369,2,7200,1.00326506382
185953,185959,189387,6,3428,2,7200,1.00175029172
186059,186065,186441,6,376,1,3600,1.01595744681
186242,186248,189867,6,3619,2,7200,1.00165791655
186368,186374,189893,6,3519,2,7200,1.00170502984
186464,186470,189986,6,3516,2,7200,1.00170648464
186482,186488,190114,6,3626,2,7200,1.00165471594
186495,186501,189950,6,3449,2,7200,1.00173963468
186510,186516,189950,6,3434,2,7200,1.00174723355
186548,186554,190108,6,3554,2,7200,1.0016882386
186671,186677,190276,6,3599,2,7200,1.00166712976
186686,186692,190081,6,3389,2,7200,1.00177043376
186813,186819,187726,6,907,1,3600,1.00661521499
186824,186830,190429,6,3599,2,7200,1.00166712976
186839,186845,190143,6,3298,2,7200,1.00181928441
186841,186851,190334,10,3483,2,7200,1.00287108814
186870,186877,190426,7,3549,2,7200,1.00197238659
186873,186883,190059,10,3176,2,7200,1.00314861461
186894,186901,190407,7,3506,2,7200,1.0019965773
186921,186927,190078,6,3151,2,7200,1.00190415741
187220,187226,190629,6,3403,2,7200,1.00176315016
187220,187231,190704,11,3473,2,7200,1.00316729053
187322,187328,190929,6,3601,2,7200,1.00166620383
187349,187355,190748,6,3393,2,7200,1.0017683466
187439,187445,190987,6,3542,2,7200,1.00169395822
187605,187611,190921,6,3310,2,7200,1.00181268882
187653,187659,190900,6,3241,2,7200,1.00185128047
187667,187674,191184,7,3510,2,7200,1.00199430199
187694,187700,191388,6,3688,2,7200,1.00162689805
187851,187857,191115,6,3258,2,7200,1.00184162063
187872,187878,191458,6,3580,2,7200,1.00167597765
188007,188013,191611,6,3598,2,7200,1.00166759311
188062,188068,191613,6,3545,2,7200,1.00169252468
188128,188134,191461,6,3327,2,7200,1.00180342651
188161,188167,191679,6,3512,2,7200,1.00170842825
188175,188181,191587,6,3406,2,7200,1.00176159718
188177,188187,191603,10,3416,2,7200,1.00292740047
188231,188237,191851,6,3614,2,7200,1.00166021029
188303,188309,191698,6,3389,2,7200,1.00177043376
188318,188324,191803,6,3479,2,7200,1.00172463352
188507,188513,192125,6,3612,2,7200,1.00166112957
188579,188585,192260,6,3675,2,7200,1.00163265306
188660,188667,192127,7,3460,2,7200,1.00202312139
188757,188763,192392,6,3629,2,7200,1.00165334803
188907,188913,192359,6,3446,2,7200,1.00174114916
188973,188979,189088,6,109,1,1800,1.05504587156
189014,189020,189136,6,116,1,3600,1.05172413793
189034,189040,192576,6,3536,2,7200,1.00169683258
189208,189215,192593,7,3378,2,7200,1.00207223209
189235,189242,192939,7,3697,2,7200,1.0018934271
189320,189327,189658,7,331,1,3600,1.02114803625
189388,189394,189512,6,118,1,1800,1.05084745763
189389,189400,192841,11,3441,2,7200,1.00319674513
189865,189871,193040,6,3169,2,7200,1.00189334175
189895,189901,193455,6,3554,2,7200,1.0016882386
189952,189958,193301,6,3343,2,7200,1.00179479509
189954,189964,193501,10,3537,2,7200,1.00282725474
189985,189991,193502,6,3511,2,7200,1.00170891484
190063,190069,193447,6,3378,2,7200,1.00177619893
190078,190085,193533,7,3448,2,7200,1.00203016241
190093,190099,193589,6,3490,2,7200,1.00171919771
190111,190117,193621,6,3504,2,7200,1.00171232877
190126,190132,193504,6,3372,2,7200,1.00177935943
190144,190150,193699,6,3549,2,7200,1.00169061708
190147,190156,190761,9,605,1,3600,1.01487603306
190183,190440,191032,257,592,1,1800,1.43412162162
190230,191472,191477,1242,5,16,5400,124.7
190273,190279,193780,6,3501,2,7200,1.00171379606
190333,190339,193773,6,3434,2,7200,1.00174723355
190408,190414,193759,6,3345,2,7200,1.00179372197
190426,190432,193909,6,3477,2,7200,1.00172562554
190441,190447,193685,6,3238,2,7200,1.00185299568
190631,190637,194119,6,3482,2,7200,1.00172314762
190703,190709,194114,6,3405,2,7200,1.00176211454
190748,190755,194044,7,3289,2,7200,1.00212830648
190900,190906,194557,6,3651,2,7200,1.00164338537
190921,190927,194260,6,3333,2,7200,1.00180018002
190936,190942,194411,6,3469,2,7200,1.00172960507
190990,190996,194474,6,3478,2,7200,1.00172512938
191116,191122,194397,6,3275,2,7200,1.00183206107
191185,191191,194610,6,3419,2,7200,1.00175489909
191390,191396,194678,6,3282,2,7200,1.00182815356
191459,191465,194910,6,3445,2,7200,1.00174165457
191473,191480,195020,7,3540,2,7200,1.00197740113
191588,191594,195015,6,3421,2,7200,1.00175387314
191603,191609,195094,6,3485,2,7200,1.00172166428
191604,191615,195188,11,3573,2,7200,1.0030786454
191614,191621,195081,7,3460,2,7200,1.00202312139
191682,191688,194954,6,3266,2,7200,1.00183710961
191700,191706,195283,6,3577,2,7200,1.00167738328
191802,191809,195244,7,3435,2,7200,1.00203784571
191854,191860,195419,6,3559,2,7200,1.00168586682
192125,192131,195505,6,3374,2,7200,1.00177830468
192126,192137,195639,11,3502,2,7200,1.00314106225
192258,192264,195740,6,3476,2,7200,1.00172612198
192313,192320,192369,7,49,1,1800,1.14285714286
192358,192364,195824,6,3460,2,7200,1.00173410405
192391,192397,195760,6,3363,2,7200,1.00178412132
192574,192580,196100,6,3520,2,7200,1.00170454545
192595,192601,196134,6,3533,2,7200,1.00169827342
192681,192687,192762,6,75,1,1800,1.08
192842,192848,196409,6,3561,2,7200,1.00168491997
192938,192944,196357,6,3413,2,7200,1.00175798418
193040,193047,196658,7,3611,2,7200,1.00193852119
193057,193063,193180,6,117,1,1800,1.05128205128
193303,193309,196752,6,3443,2,7200,1.00174266628
193448,193454,196992,6,3538,2,7200,1.00169587337
193456,193462,196988,6,3526,2,7200,1.00170164492
193501,193507,197243,6,3736,2,7200,1.00160599572
193502,193513,196983,11,3470,2,7200,1.00317002882
193504,193519,193631,15,112,1,1800,1.13392857143
193516,193525,196785,9,3260,2,7200,1.0027607362
193534,193540,196954,6,3414,2,7200,1.00175746924
193588,193594,197002,6,3408,2,7200,1.00176056338
193621,193627,197118,6,3491,2,7200,1.00171870524
193687,193693,197049,6,3356,2,7200,1.00178784267
193701,193708,196871,7,3163,2,7200,1.00221308884
193748,193754,194037,6,283,1,1800,1.02120141343
193762,193768,197205,6,3437,2,7200,1.00174570847
193776,193782,197241,6,3459,2,7200,1.00173460538
193791,193797,197369,6,3572,2,7200,1.00167973124
193911,193917,197361,6,3444,2,7200,1.00174216028
194044,194050,197518,6,3468,2,7200,1.00173010381
194113,194119,197545,6,3426,2,7200,1.00175131349
194120,194125,197525,5,3400,2,7200,1.00147058824
194261,194267,197787,6,3520,2,7200,1.00170454545
194339,194345,194933,6,588,1,1800,1.01020408163
194399,194405,197970,6,3565,2,7200,1.00168302945
194414,194420,197937,6,3517,2,7200,1.00170599943
194474,194480,198009,6,3529,2,7200,1.00170019836
194558,194564,198051,6,3487,2,7200,1.0017206768
194609,194615,198193,6,3578,2,7200,1.00167691448
194672,194678,197737,6,3059,2,7200,1.0019614253
194910,194916,198478,6,3562,2,7200,1.00168444694
194952,194958,198528,6,3570,2,7200,1.00168067227
195015,195021,198624,6,3603,2,7200,1.00166527893
195030,195036,198366,6,3330,2,7200,1.0018018018
195084,195090,198582,6,3492,2,7200,1.00171821306
195093,195099,198762,6,3663,2,7200,1.00163800164
195186,195192,198677,6,3485,2,7200,1.00172166428
195246,195252,198659,6,3407,2,7200,1.00176108013
195285,195291,198729,6,3438,2,7200,1.0017452007
195418,195424,199018,6,3594,2,7200,1.00166944908
195505,195511,199079,6,3568,2,7200,1.00168161435
195640,195646,199209,6,3563,2,7200,1.00168397418
195739,195745,199067,6,3322,2,7200,1.00180614088
195760,195766,199274,6,3508,2,7200,1.00171037628
195826,195832,199159,6,3327,2,7200,1.00180342651
196100,196107,199541,7,3434,2,7200,1.00203843914
196133,196140,199746,7,3606,2,7200,1.0019412091
196356,196362,199945,6,3583,2,7200,1.00167457438
196407,196413,200016,6,3603,2,7200,1.00166527893
196657,196663,200023,6,3360,2,7200,1.00178571429
196755,196761,200359,6,3598,2,7200,1.00166759311
196784,196790,200374,6,3584,2,7200,1.00167410714
196871,196877,200327,6,3450,2,7200,1.00173913043
196897,196903,196953,6,50,1,1800,1.12
196955,196963,200396,8,3433,2,7200,1.00233032333
196985,196991,200457,6,3466,2,7200,1.00173110214
196990,196997,200594,7,3597,2,7200,1.00194606617
197000,197006,200430,6,3424,2,7200,1.00175233645
197005,197012,200335,7,3323,2,7200,1.00210653024
197050,197056,200575,6,3519,2,7200,1.00170502984
197116,197122,200572,6,3450,2,7200,1.00173913043
197207,197213,200408,6,3195,2,7200,1.00187793427
197240,197246,200462,6,3216,2,7200,1.00186567164
197254,197260,200621,6,3361,2,7200,1.00178518298
197293,197299,197380,6,81,1,1800,1.07407407407
197362,197369,200884,7,3515,2,7200,1.00199146515
197377,197383,200703,6,3320,2,7200,1.00180722892
197519,197525,200849,6,3324,2,7200,1.00180505415
197528,197535,201207,7,3672,2,7200,1.00190631808
197546,197552,200811,6,3259,2,7200,1.00184105554
197738,197744,201296,6,3552,2,7200,1.00168918919
197789,197795,201318,6,3523,2,7200,1.00170309395
197937,197943,201182,6,3239,2,7200,1.00185242359
197970,197976,201396,6,3420,2,7200,1.00175438596
198009,198015,201520,6,3505,2,7200,1.00171184023
198048,198054,201352,6,3298,2,7200,1.00181928441
198192,198199,201798,7,3599,2,7200,1.00194498472
198367,198373,201694,6,3321,2,7200,1.00180668473
198413,198419,198709,6,290,1,1800,1.02068965517
198478,198484,201926,6,3442,2,7200,1.00174317257
198529,198535,201856,6,3321,2,7200,1.00180668473
198585,198591,202119,6,3528,2,7200,1.00170068027
198622,198628,201717,6,3089,2,7200,1.00194237617
198658,198664,202056,6,3392,2,7200,1.00176886792
198676,198682,202144,6,3462,2,7200,1.00173310225
198727,198733,202170,6,3437,2,7200,1.00174570847
198760,198766,202179,6,3413,2,7200,1.00175798418
199017,199023,202472,6,3449,2,7200,1.00173963468
199068,199074,202423,6,3349,2,7200,1.00179157958
199082,199088,202385,6,3297,2,7200,1.00181983621
199161,199167,202709,6,3542,2,7200,1.00169395822
199209,199215,202826,6,3611,2,7200,1.00166158959
199275,199281,202906,6,3625,2,7200,1.00165517241
199540,199546,203129,6,3583,2,7200,1.00167457438
199745,199751,202952,6,3201,2,7200,1.00187441425
199943,199950,203444,7,3494,2,7200,1.00200343446
200016,200022,203565,6,3543,2,7200,1.0016934801
200030,200036,203559,6,3523,2,7200,1.00170309395
200247,200253,204733,6,4480,16,5400,1.00133928571
200329,200335,203495,6,3160,2,7200,1.00189873418
200344,200350,203890,6,3540,2,7200,1.00169491525
200361,200367,203953,6,3586,2,7200,1.00167317345
200374,200380,203784,6,3404,2,7200,1.0017626322
200398,200404,203802,6,3398,2,7200,1.00176574456
200412,200418,203944,6,3526,2,7200,1.00170164492
200430,200437,203966,7,3529,2,7200,1.00198356475
200458,200464,204153,6,3689,2,7200,1.00162645703
200463,200470,203783,7,3313,2,7200,1.00211288862
200575,200581,203768,6,3187,2,7200,1.00188264826
200576,200587,204097,11,3510,2,7200,1.00313390313
200594,200600,203942,6,3342,2,7200,1.00179533214
200621,200627,204166,6,3539,2,7200,1.00169539418
200702,200708,204146,6,3438,2,7200,1.0017452007
200811,200817,204132,6,3315,2,7200,1.00180995475
200850,200856,204270,6,3414,2,7200,1.00175746924
200883,200889,204595,6,3706,2,7200,1.00161899622
201179,201185,204815,6,3630,2,7200,1.00165289256
201209,201215,204663,6,3448,2,7200,1.00174013921
201296,201302,204822,6,3520,2,7200,1.00170454545
201317,201323,204869,6,3546,2,7200,1.00169204738
201350,201356,204578,6,3222,2,7200,1.00186219739
201398,201404,204915,6,3511,2,7200,1.00170891484
201521,201527,204848,6,3321,2,7200,1.00180668473
201693,201700,205141,7,3441,2,7200,1.00203429236
201717,201724,205142,7,3418,2,7200,1.00204798128
201796,201802,205317,6,3515,2,7200,1.00170697013
201859,201865,205062,6,3197,2,7200,1.00187675946
201923,201929,205268,6,3339,2,7200,1.00179694519
202058,202064,205534,6,3470,2,7200,1.00172910663
202120,202126,205553,6,3427,2,7200,1.00175080245
202145,202151,205594,6,3443,2,7200,1.00174266628
202169,202175,205463,6,3288,2,7200,1.00182481752
202184,202190,205691,6,3501,2,7200,1.00171379606
202383,202389,205794,6,3405,2,7200,1.00176211454
202422,202428,205953,6,3525,2,7200,1.00170212766
202473,202479,205797,6,3318,2,7200,1.00180831826
202708,202714,206128,6,3414,2,7200,1.00175746924
202772,202778,225927,6,23149,4,32400,1.00025919046
202829,202835,206162,6,3327,2,7200,1.00180342651
202907,202913,206534,6,3621,2,7200,1.00165700083
202952,202958,206318,6,3360,2,7200,1.00178571429
203109,203115,206374,6,3259,2,21600,1.00184105554
203130,203136,206784,6,3648,2,7200,1.00164473684
203309,203315,205972,6,2657,2,21600,1.00225818592
203444,203450,206707,6,3257,2,7200,1.00184218606
203494,203501,206724,7,3223,2,7200,1.00217188954
203555,203561,206906,6,3345,2,7200,1.00179372197
203569,203575,206804,6,3229,2,7200,1.00185816042
203680,204744,205060,1064,316,8,14400,4.36708860759
203769,203775,207167,6,3392,2,7200,1.00176886792
203783,203790,207288,7,3498,2,7200,1.00200114351
203785,203797,207040,12,3243,2,7200,1.00370027752
203803,203809,207213,6,3404,2,7200,1.0017626322
203890,203896,207290,6,3394,2,7200,1.00176782557
203941,203948,207414,7,3466,2,7200,1.00201961916
203943,203954,207452,11,3498,2,7200,1.00314465409
203956,203962,207275,6,3313,2,7200,1.00181104739
203971,203977,207507,6,3530,2,7200,1.00169971671
204097,204103,207366,6,3263,2,7200,1.00183879865
204113,204120,207090,7,2970,2,21600,1.00235690236
204130,204136,207570,6,3434,2,7200,1.00174723355
204145,204151,207683,6,3532,2,7200,1.00169875425
204156,204162,207612,6,3450,2,7200,1.00173913043
204166,204172,207737,6,3565,2,7200,1.00168302945
204268,204274,207725,6,3451,2,7200,1.00173862649
204307,204313,205843,6,1530,2,21600,1.00392156863
204579,204585,207987,6,3402,2,7200,1.00176366843
204594,204600,207982,6,3382,2,7200,1.00177409817
204666,204672,208029,6,3357,2,7200,1.0017873101
204814,204820,208208,6,3388,2,7200,1.00177095632
204829,204835,208148,6,3313,2,7200,1.00181104739
204847,204853,208011,6,3158,2,7200,1.00189993667
204868,204874,208172,6,3298,2,7200,1.00181928441
204916,204922,208303,6,3381,2,7200,1.00177462289
205061,205067,208731,6,3664,2,7200,1.00163755459
205139,205145,208425,6,3280,2,7200,1.00182926829
205154,205160,208967,6,3807,2,7200,1.00157604413
205224,205231,209101,7,3870,8,172800,1.00180878553
205257,205397,209105,140,3708,8,172800,1.0377562028
205265,205272,208826,7,3554,2,7200,1.00196961171
205317,205323,208832,6,3509,2,7200,1.00170988886
205464,205470,208864,6,3394,2,7200,1.00176782557
205527,205717,551528,190,345811,16,345600,1.00054943307
205533,205540,209091,7,3551,2,7200,1.0019712757
205555,205562,208852,7,3290,2,7200,1.00212765957
205567,205722,208988,155,3266,2,21600,1.04745866503
205594,205600,208966,6,3366,2,7200,1.00178253119
205693,205699,209200,6,3501,2,7200,1.00171379606
205748,205754,207255,6,1501,2,21600,1.00399733511
205795,205801,208995,6,3194,2,7200,1.00187852223
205796,205807,209031,11,3224,2,7200,1.00341191067
205953,205959,209341,6,3382,2,7200,1.00177409817
206005,206011,223088,6,17077,3,36000,1.00035134977
206102,207303,216417,1201,9114,32,28800,1.13177529076
206131,206137,209656,6,3519,2,7200,1.00170502984
206161,206167,209510,6,3343,2,7200,1.00179479509
206320,206326,209808,6,3482,2,7200,1.00172314762
206534,206540,210133,6,3593,2,7200,1.00166991372
206545,207780,210735,1235,2955,2,21600,1.4179357022
206706,206712,210104,6,3392,2,7200,1.00176886792
206724,206730,210240,6,3510,2,7200,1.00170940171
206765,207832,209474,1067,1642,2,21600,1.64981729598
206784,206791,210145,7,3354,2,7200,1.00208706023
206805,206811,210233,6,3422,2,7200,1.00175336061
206892,207815,207829,923,14,16,144000,66.9285714286
206907,206914,210346,7,3432,2,7200,1.00203962704
207043,207049,210464,6,3415,2,7200,1.00175695461
207166,207173,210477,7,3304,2,7200,1.00211864407
207214,207221,210760,7,3539,2,7200,1.00197795988
207279,207285,210795,6,3510,2,7200,1.00170940171
207290,207296,210587,6,3291,2,7200,1.00182315406
207291,207309,210683,18,3374,2,7200,1.00533491405
207369,207375,210823,6,3448,2,7200,1.00174013921
207414,207421,210929,7,3508,2,7200,1.001995439
207454,207460,211063,6,3603,2,7200,1.00166527893
207526,207532,210855,6,3323,2,7200,1.00180559735
207548,207840,212738,292,4898,2,28800,1.05961616987
207574,207581,211071,7,3490,2,7200,1.00200573066
207615,207621,211067,6,3446,2,7200,1.00174114916
207667,207673,207734,6,61,2,1800,1.09836065574
207668,207701,207803,33,102,2,1800,1.32352941176
207668,207695,207798,27,103,2,1800,1.26213592233
207668,207690,207781,22,91,2,1800,1.24175824176
207668,207684,207757,16,73,2,1800,1.21917808219
207668,207679,207752,11,73,2,1800,1.15068493151
207669,207706,207821,37,115,2,1800,1.32173913043
207669,207722,207843,53,121,2,1800,1.43801652893
207669,207711,207834,42,123,2,1800,1.34146341463
207669,207716,207839,47,123,2,1800,1.38211382114
207670,207737,207851,67,114,2,1800,1.58771929825
207670,207748,207859,78,111,2,1800,1.7027027027
207670,207732,207856,62,124,2,1800,1.5
207670,207743,207855,73,112,2,1800,1.65178571429
207670,207727,207849,57,122,2,1800,1.46721311475
207671,207774,207867,103,93,2,1800,2.10752688172
207671,207764,207866,93,102,2,1800,1.91176470588
207671,207769,207863,98,94,2,1800,2.04255319149
207671,207758,207861,87,103,2,1800,1.84466019417
207671,207753,207856,82,103,2,1800,1.79611650485
207686,207845,211279,159,3434,2,7200,1.04630168899
207735,207850,211219,115,3369,2,7200,1.03413475809
207763,207856,211389,93,3533,2,7200,1.02632323804
207842,208160,208451,318,291,16,144000,2.09278350515
207980,207986,211291,6,3305,2,7200,1.00181543116
207995,208001,211609,6,3608,2,7200,1.00166297118
208010,208016,211350,6,3334,2,7200,1.00179964007
208032,208038,211350,6,3312,2,7200,1.0018115942
208148,208154,211553,6,3399,2,7200,1.00176522507
208172,208179,211954,7,3775,2,7200,1.00185430464
208208,208215,211465,7,3250,2,7200,1.00215384615
208301,208308,211654,7,3346,2,7200,1.00209205021
208425,208431,211839,6,3408,2,7200,1.00176056338
208529,208535,208537,6,2,2,18000,1.0
208574,208580,208604,6,24,2,18000,1.25
208663,208669,212966,6,4297,2,28800,1.00139632302
208713,208743,208770,30,27,2,18000,2.11111111111
208731,208737,211936,6,3199,2,7200,1.00187558612
208736,209354,212980,618,3626,16,72000,1.17043574186
208762,209363,212242,601,2879,16,72000,1.20875303925
208820,210013,210833,1193,820,8,36000,2.45487804878
208827,208833,212179,6,3346,2,7200,1.00179318589
208842,208848,212071,6,3223,2,7200,1.00186161961
208858,208864,212197,6,3333,2,7200,1.00180018002
208866,208873,212084,7,3211,2,7200,1.00218000623
208948,210019,222152,1071,12133,2,18000,1.08827165581
208966,208973,212401,7,3428,2,7200,1.002042007
208980,208987,212340,7,3353,2,7200,1.00208768267
208995,209002,212609,7,3607,2,7200,1.00194067092
209031,209038,212389,7,3351,2,7200,1.00208892868
209094,209100,212595,6,3495,2,7200,1.0017167382
209200,209207,212597,7,3390,2,7200,1.00206489676
209326,210249,215823,923,5574,2,28800,1.1655902404
209341,209348,212663,7,3315,2,7200,1.00211161388
209510,209516,212870,6,3354,2,7200,1.00178890877
209581,210254,215384,673,5130,2,28800,1.13118908382
209614,209620,209992,6,372,1,3600,1.01612903226
209653,210025,210238,372,213,8,3600,2.74647887324
209658,209665,213097,7,3432,2,7200,1.00203962704
209809,209815,213219,6,3404,2,7200,1.0017626322
210009,210260,214923,251,4663,2,28800,1.05382800772
210104,210110,213291,6,3181,2,7200,1.00188619931
210134,210140,213490,6,3350,2,7200,1.00179104478
210149,210155,213479,6,3324,2,7200,1.00180505415
210233,210239,213646,6,3407,2,7200,1.00176108013
210248,210266,213503,18,3237,2,7200,1.00556070436
210338,210345,213850,7,3505,2,7200,1.00199714693
210341,210351,210373,10,22,2,1800,1.45454545455
210342,210357,210378,15,21,2,1800,1.71428571429
210342,210384,210405,42,21,2,1800,3.0
210342,210391,210412,49,21,2,1800,3.33333333333
210342,210416,210438,74,22,2,1800,4.36363636364
210343,210456,210477,113,21,2,1800,6.38095238095
210343,210449,210470,106,21,2,1800,6.04761904762
210343,210423,210445,80,22,2,1800,4.63636363636
210343,210476,210520,133,44,2,1800,4.02272727273
210343,210470,210504,127,34,2,1800,4.73529411765
210344,210481,210532,137,51,2,1800,3.6862745098
210344,210486,210548,142,62,2,1800,3.29032258065
210344,210491,210553,147,62,2,1800,3.37096774194
210344,210496,210564,152,68,2,1800,3.23529411765
210345,210524,210577,179,53,2,1800,4.37735849057
210345,210502,210563,157,61,2,1800,3.5737704918
210345,210512,210568,167,56,2,1800,3.98214285714
210345,210507,210568,162,61,2,1800,3.65573770492
210345,210519,210578,174,59,2,1800,3.94915254237
210346,210530,210577,184,47,2,1800,4.91489361702
210462,210540,214054,78,3514,2,7200,1.02219692658
210477,210535,213972,58,3437,2,7200,1.01687518184
210588,210594,213948,6,3354,2,7200,1.00178890877
210624,210630,214340,6,3710,2,28800,1.00161725067
210682,210688,214197,6,3509,2,7200,1.00170988886
210760,210766,214111,6,3345,2,7200,1.00179372197
210797,210803,214287,6,3484,2,7200,1.00172215844
210826,210832,214319,6,3487,2,7200,1.0017206768
210857,210863,214501,6,3638,2,7200,1.00164925783
210928,210935,214360,7,3425,2,7200,1.00204379562
211064,211070,214605,6,3535,2,7200,1.00169731259
211069,211076,214598,7,3522,2,7200,1.0019875071
211079,211085,214303,6,3218,2,7200,1.00186451212
211186,211192,215659,6,4467,2,28800,1.00134318334
211220,211227,214612,7,3385,2,7200,1.00206794682
211278,211284,214803,6,3519,2,7200,1.00170502984
211293,211299,214754,6,3455,2,7200,1.0017366136
211350,211356,214658,6,3302,2,7200,1.00181708056
211354,211362,214851,8,3489,2,7200,1.00229292061
211390,211396,214614,6,3218,2,7200,1.00186451212
211469,211475,215019,6,3544,2,7200,1.00169300226
211554,211560,214685,6,3125,2,7200,1.00192
211612,211618,215005,6,3387,2,7200,1.00177147919
211651,211657,215053,6,3396,2,7200,1.00176678445
211685,211691,215699,6,4008,2,28800,1.00149700599
211802,212258,385064,456,172806,8,172800,1.00263879726
211838,211844,215460,6,3616,2,7200,1.00165929204
211862,211869,211901,7,32,1,14400,1.21875
211935,211941,215454,6,3513,2,7200,1.00170794193
211953,211959,215416,6,3457,2,7200,1.00173560891
212043,212049,212845,6,796,1,14400,1.00753768844
212070,212076,215308,6,3232,2,7200,1.00185643564
212085,212091,215444,6,3353,2,7200,1.00178944229
212178,212185,215613,7,3428,2,7200,1.002042007
212200,212206,215621,6,3415,2,7200,1.00175695461
212238,212253,212262,15,9,8,72000,2.4
212289,212295,212302,6,7,8,36000,1.3
212343,212349,215777,6,3428,2,7200,1.00175029172
212388,212394,215812,6,3418,2,7200,1.00175541252
212403,212409,215830,6,3421,2,7200,1.00175387314
212462,212977,223978,515,11001,8,36000,1.04681392601
212596,212602,216093,6,3491,2,7200,1.00171870524
212611,212617,216133,6,3516,2,7200,1.00170648464
212612,212623,215939,11,3316,2,7200,1.0033172497
212664,212670,216149,6,3479,2,7200,1.00172463352
212755,212991,223979,236,10988,8,36000,1.02147797597
212873,212879,216222,6,3343,2,7200,1.00179479509
212977,212983,213020,6,37,1,14400,1.16216216216
213097,213103,216442,6,3339,2,7200,1.00179694519
213162,213168,213484,6,316,1,14400,1.01898734177
213220,213226,216625,6,3399,2,7200,1.00176522507
213292,213298,216654,6,3356,2,7200,1.00178784267
213479,213485,216708,6,3223,2,7200,1.00186161961
213494,213500,216708,6,3208,2,7200,1.00187032419
213509,213514,216706,5,3192,2,7200,1.00156641604
213628,216434,378721,2806,162287,18,198000,1.01729035597
213648,213654,216708,6,3054,2,7200,1.00196463654
213677,214372,214392,695,20,16,5400,35.75
213793,214404,214490,611,86,16,36000,8.10465116279
213850,213856,216708,6,2852,2,7200,1.00210378682
213950,213956,216708,6,2752,2,7200,1.00218023256
213974,213980,216708,6,2728,2,7200,1.00219941349
214055,214061,216709,6,2648,2,7200,1.00226586103
214114,214120,216709,6,2589,2,7200,1.0023174971
214124,214502,218121,378,3619,16,72000,1.10444874275
214137,214823,217994,686,3171,16,72000,1.21633554084
214199,214206,216709,7,2503,2,7200,1.00279664403
214290,214297,217625,7,3328,2,7200,1.00210336538
214305,214311,216709,6,2398,2,7200,1.00250208507
214320,214327,216709,7,2382,2,7200,1.00293870697
214359,214366,216709,7,2343,2,7200,1.00298762271
214448,214454,214817,6,363,1,14400,1.01652892562
214502,214508,217849,6,3341,2,7200,1.0017958695
214602,214608,218210,6,3602,2,7200,1.00166574125
214606,214614,216709,8,2095,2,7200,1.00381861575
214621,214627,216709,6,2082,2,7200,1.00288184438
214622,214633,216709,11,2076,2,7200,1.00529865125
214652,215671,215760,1019,89,16,36000,12.4494382022
214658,214665,216709,7,2044,2,7200,1.00342465753
214685,214692,216709,7,2017,2,7200,1.00347050074
214699,216440,223389,1741,6949,2,21600,1.25053964599
214755,214761,216709,6,1948,2,7200,1.00308008214
214806,214813,216709,7,1896,2,7200,1.00369198312
214854,214860,218280,6,3420,2,7200,1.00175438596
214911,215771,216689,860,918,16,36000,1.93681917211
215005,215011,216709,6,1698,2,7200,1.0035335689
215020,215026,216709,6,1683,2,7200,1.00356506239
215050,215057,216709,7,1652,2,7200,1.00423728814
215063,217617,217630,2554,13,2,172800,197.461538462
215309,215316,216709,7,1393,2,7200,1.00502512563
215415,215421,216709,6,1288,2,7200,1.00465838509
215445,215452,216709,7,1257,2,7200,1.00556881464
215460,215466,216709,6,1243,2,7200,1.00482703138
215461,215474,216709,13,1235,2,7200,1.01052631579
215617,215624,216709,7,1085,2,7200,1.0064516129
215623,215631,219052,8,3421,2,7200,1.00233849752
215778,215784,216709,6,925,2,7200,1.00648648649
215811,215817,216710,6,893,2,7200,1.00671892497
215832,215838,216710,6,872,2,7200,1.00688073394
215940,215946,216710,6,764,2,7200,1.00785340314
216094,216100,216710,6,610,2,7200,1.00983606557
216133,216139,216710,6,571,2,7200,1.01050788091
216136,216429,218704,293,2275,16,5400,1.12879120879
216151,216157,216710,6,553,2,7200,1.01084990958
216223,216229,216710,6,481,2,7200,1.01247401247
216432,217601,253631,1169,36030,16,36000,1.03244518457
216443,216449,216710,6,261,2,7200,1.02298850575
216627,216633,216710,6,77,2,7200,1.07792207792
216654,216660,216710,6,50,2,7200,1.12
216689,218005,254025,1316,36020,16,36000,1.03653525819
216705,216711,216712,6,1,2,7200,1.0
217069,217606,217611,537,5,3,540000,54.2
217629,217636,221059,7,3423,2,7200,1.00204498978
217852,217858,221103,6,3245,2,7200,1.00184899846
217946,217953,217963,7,10,1,130,1.7
217948,217959,217968,11,9,1,130,2.0
217949,217965,217975,16,10,1,130,2.6
217950,217971,217975,21,4,1,130,2.5
218002,218011,218015,9,4,2,600,1.3
218041,218047,218049,6,2,2,600,1.0
218045,218053,218062,8,9,1,130,1.7
218046,218058,218068,12,10,1,130,2.2
218047,218070,218080,23,10,1,130,3.3
218047,218064,218073,17,9,1,130,2.6
218048,218076,218085,28,9,1,130,3.7
218049,218082,218092,33,10,1,130,4.3
218049,218088,218097,39,9,1,130,4.8
218050,218094,218104,44,10,1,130,5.4
218050,218100,218109,50,9,1,130,5.9
218051,218112,218122,61,10,1,130,7.1
218095,218106,218194,11,88,2,600,1.125
218213,218219,221624,6,3405,2,7200,1.00176211454
218214,218224,218260,10,36,2,7200,1.27777777778
218214,218230,218263,16,33,2,7200,1.48484848485
218215,218246,218281,31,35,2,7200,1.88571428571
218215,218235,218268,20,33,2,7200,1.60606060606
218215,218241,218276,26,35,2,7200,1.74285714286
218216,218251,218285,35,34,2,7200,2.02941176471
218216,218256,218290,40,34,2,7200,2.17647058824
218217,218262,218294,45,32,2,7200,2.40625
218217,218267,218300,50,33,2,7200,2.51515151515
218218,218272,218307,54,35,2,7200,2.54285714286
218218,218277,218313,59,36,2,7200,2.63888888889
218219,218288,218324,69,36,2,7200,2.91666666667
218219,218282,218316,63,34,2,7200,2.85294117647
218220,218293,218329,73,36,2,7200,3.02777777778
218220,218298,218334,78,36,2,7200,3.16666666667
218221,218303,218338,82,35,2,7200,3.34285714286
218221,218309,218343,88,34,2,7200,3.58823529412
218222,218314,218350,92,36,2,7200,3.55555555556
218222,218319,218356,97,37,2,7200,3.62162162162
218223,218324,218360,101,36,2,7200,3.80555555556
218223,218330,218363,107,33,2,7200,4.24242424242
218224,218340,218375,116,35,2,7200,4.31428571429
218224,218335,218368,111,33,2,7200,4.36363636364
218225,218357,218391,132,34,2,7200,4.88235294118
218226,218363,218395,137,32,2,7200,5.28125
218226,218368,218400,142,32,2,7200,5.4375
218227,218373,218406,146,33,2,7200,5.42424242424
218227,218378,218411,151,33,2,7200,5.57575757576
218228,218389,218421,161,32,2,7200,6.03125
218228,218384,218416,156,32,2,7200,5.875
218229,218399,218431,170,32,2,7200,6.3125
218229,218394,218426,165,32,2,7200,6.15625
218230,218405,218437,175,32,2,7200,6.46875
218230,218410,218442,180,32,2,7200,6.625
218231,218415,218447,184,32,2,7200,6.75
218231,218420,218453,189,33,2,7200,6.72727272727
218232,218425,218459,193,34,2,7200,6.67647058824
218232,218431,218464,199,33,2,7200,7.0303030303
218233,218441,218475,208,34,2,7200,7.11764705882
218233,218436,218469,203,33,2,7200,7.15151515152
218241,218446,218456,205,10,1,130,21.5
218242,218459,218468,217,9,1,130,22.6
218243,218464,218473,221,9,1,130,23.0
218244,218469,218479,225,10,1,130,23.5
218245,218475,218484,230,9,1,130,23.9
218283,218347,221576,64,3229,2,7200,1.01982037783
218303,218352,218355,49,3,2,600,5.2
218400,218453,218513,53,60,2,600,1.88333333333
218576,218582,218601,6,19,1,130,1.31578947368
218577,218588,218607,11,19,1,130,1.57894736842
218578,218593,218612,15,19,1,130,1.78947368421
218578,218599,218607,21,8,1,130,2.9
218579,218604,218622,25,18,1,130,2.38888888889
218679,218686,218704,7,18,16,5400,1.38888888889
218811,219616,220389,805,773,16,5400,2.04139715395
218817,218824,218859,7,35,2,7200,1.2
218818,218829,218862,11,33,2,7200,1.33333333333
218818,218835,218869,17,34,2,7200,1.5
218819,218845,218880,26,35,2,7200,1.74285714286
218819,218840,218874,21,34,2,7200,1.61764705882
218820,218851,218886,31,35,2,7200,1.88571428571
218820,218856,218890,36,34,2,7200,2.05882352941
218821,218866,218907,45,41,2,7200,2.09756097561
218821,218861,218895,40,34,2,7200,2.17647058824
218822,218877,218910,55,33,2,7200,2.66666666667
218822,218872,218909,50,37,2,7200,2.35135135135
218823,218887,218922,64,35,2,7200,2.82857142857
218823,218882,218917,59,35,2,7200,2.68571428571
218824,218898,218933,74,35,2,7200,3.11428571429
218824,218893,218927,69,34,2,7200,3.02941176471
218825,218908,218942,83,34,2,7200,3.44117647059
218825,218903,218940,78,37,2,7200,3.10810810811
218826,218913,218948,87,35,2,7200,3.48571428571
218826,218919,218951,93,32,2,7200,3.90625
218827,218924,218957,97,33,2,7200,3.93939393939
218827,218929,218962,102,33,2,7200,4.09090909091
218828,218934,218966,106,32,2,7200,4.3125
218828,218940,218973,112,33,2,7200,4.39393939394
218829,218945,218977,116,32,2,7200,4.625
218829,218950,219021,121,71,2,7200,2.70422535211
218830,218962,218994,132,32,2,7200,5.125
218830,218957,219021,127,64,2,7200,2.984375
218831,218967,218997,136,30,2,7200,5.53333333333
218831,218973,219005,142,32,2,7200,5.4375
218832,218983,219021,151,38,2,7200,4.97368421053
218832,218978,219021,146,43,2,7200,4.39534883721
218833,218994,219021,161,27,2,7200,6.96296296296
218833,218988,219021,155,33,2,7200,5.69696969697
218834,219004,219022,170,18,2,7200,10.4444444444
218834,218999,219021,165,22,2,7200,8.5
218835,219009,219022,174,13,2,7200,14.3846153846
218835,219015,219022,180,7,2,7200,18.7
218836,219020,219022,184,2,2,7200,18.6
218836,219025,219026,189,1,2,7200,19.0
218837,219030,219031,193,1,2,7200,19.4
219054,219060,222597,6,3537,2,7200,1.00169635284
219120,219126,219131,6,5,2,7200,1.1
219120,219131,219132,11,1,2,7200,1.2
219380,219386,222714,6,3328,2,7200,1.00180288462
219381,219392,222691,11,3299,2,7200,1.00333434374
219381,219397,223046,16,3649,2,7200,1.00438476295
219382,219408,222928,26,3520,2,7200,1.00738636364
219382,219402,222487,20,3085,2,7200,1.00648298217
219383,219413,222885,30,3472,2,7200,1.008640553
219383,219418,222879,35,3461,2,7200,1.0101126842
219384,219423,222910,39,3487,2,7200,1.0111843992
219384,219429,222567,45,3138,2,7200,1.01434034417
219385,219439,222741,54,3302,2,7200,1.01635372502
219385,219434,222843,49,3409,2,7200,1.01437371663
219386,219444,222750,58,3306,2,7200,1.01754385965
219386,219449,222425,63,2976,2,7200,1.02116935484
219387,219461,222562,74,3101,2,7200,1.02386326991
219387,219456,222865,69,3409,2,7200,1.02024053975
219388,219467,222621,79,3154,2,7200,1.02504755866
219388,219472,222691,84,3219,2,7200,1.02609506058
219389,219482,222746,93,3264,2,7200,1.02849264706
219389,219477,222993,88,3516,2,7200,1.02502844141
219390,219488,222742,98,3254,2,7200,1.03011677935
219390,219493,222807,103,3314,2,7200,1.03108026554
219391,219503,222709,112,3206,2,7200,1.03493449782
219391,219498,222776,107,3278,2,7200,1.03264185479
219392,219509,222795,117,3286,2,7200,1.03560559951
219392,219514,223038,122,3524,2,7200,1.03461975028
219393,219524,222622,131,3098,2,7200,1.04228534538
219393,219519,222724,126,3205,2,7200,1.03931357254
219394,219535,223113,141,3578,2,7200,1.03940749022
219394,219529,222563,135,3034,2,7200,1.04449571523
219395,219545,223254,150,3709,2,7200,1.0404421677
219395,219540,223507,145,3967,2,7200,1.03655155029
219396,219550,222522,154,2972,2,7200,1.05181695828
219396,219556,222835,160,3279,2,7200,1.04879536444
219397,219561,222961,164,3400,2,7200,1.04823529412
219397,219566,222683,169,3117,2,7200,1.05421880013
219398,219577,223169,179,3592,2,7200,1.04983296214
219398,219571,222590,173,3019,2,7200,1.05730374296
219399,219582,222765,183,3183,2,7200,1.0574929312
219399,219587,222984,188,3397,2,7200,1.05534294966
219400,219622,223168,222,3546,2,7200,1.06260575296
219901,219908,219910,7,2,8,1801,1.0
220044,220050,220349,6,299,2,600,1.02006688963
220467,221095,221100,628,5,16,5400,63.3
220691,220697,220716,6,19,2,3600,1.31578947368
220733,221111,293151,378,72040,16,72000,1.00524708495
221056,221062,221084,6,22,2,3600,1.27272727273
221064,221118,224677,54,3559,2,7200,1.01517280135
221104,221301,224962,197,3661,2,7200,1.05381043431
221498,221504,221562,6,58,2,7200,1.10344827586
221579,221585,225056,6,3471,2,7200,1.00172860847
221627,221633,225101,6,3468,2,7200,1.00173010381
221721,849655,849656,627934,1,1,604800,62793.5
221881,221887,221984,6,97,2,7200,1.0618556701
222295,222301,222537,6,236,2,7200,1.02542372881
222495,222501,225948,6,3447,2,7200,1.00174064404
222496,222507,225580,11,3073,2,7200,1.00357956394
222511,222517,222892,6,375,1,14400,1.016
222519,222525,225829,6,3304,2,7200,1.00181598063
222562,222568,226108,6,3540,2,7200,1.00169491525
222563,222574,226137,11,3563,2,7200,1.00308728599
222568,222579,225921,11,3342,2,7200,1.00329144225
222591,222602,225880,11,3278,2,7200,1.0033557047
222591,222597,223018,6,421,2,7200,1.01425178147
222599,222609,225903,10,3294,2,7200,1.00303582271
222622,222634,225878,12,3244,2,7200,1.00369913687
222622,222628,226050,6,3422,2,7200,1.00175336061
222679,222685,226142,6,3457,2,7200,1.00173560891
222691,222697,225830,6,3133,2,7200,1.00191509735
222696,222703,225861,7,3158,2,7200,1.00221659278
222708,222714,226097,6,3383,2,7200,1.00177357375
222717,222723,226094,6,3371,2,7200,1.00177988727
222726,222732,225840,6,3108,2,7200,1.00193050193
222744,222755,225966,11,3211,2,7200,1.00342572407
222744,222750,225789,6,3039,2,7200,1.00197433366
222749,222763,226142,14,3379,2,7200,1.00414323764
222754,222768,226047,14,3279,2,7200,1.00426959439
222763,222774,226142,11,3368,2,7200,1.00326603325
222775,222781,226142,6,3361,2,7200,1.00178518298
222795,222801,226119,6,3318,2,7200,1.00180831826
222808,222814,226102,6,3288,2,7200,1.00182481752
222836,222842,226050,6,3208,2,7200,1.00187032419
222844,222851,226142,7,3291,2,7200,1.00212701307
222864,222871,225833,7,2962,2,7200,1.00236326806
222881,222887,226142,6,3255,2,7200,1.00184331797
222886,222893,226142,7,3249,2,7200,1.00215450908
222913,222919,226142,6,3223,2,7200,1.00186161961
222929,222935,226142,6,3207,2,7200,1.00187090739
222935,223029,223045,94,16,2,172800,6.875
222961,222967,226142,6,3175,2,7200,1.00188976378
222984,222990,226099,6,3109,2,7200,1.00192988099
222993,222999,226143,6,3144,2,7200,1.00190839695
223039,223045,226142,6,3097,2,7200,1.00193735873
223048,223055,226142,7,3087,2,7200,1.0022675737
223088,223094,259102,6,36008,3,36000,1.00016662964
223112,223118,226142,6,3024,2,7200,1.00198412698
223121,224890,239601,1769,14711,16,36000,1.12025015295
223167,223173,226142,6,2969,2,7200,1.00202088245
223172,223179,226142,7,2963,2,7200,1.00236247047
223255,223262,226142,7,2880,2,7200,1.00243055556
223261,226362,237961,3101,11599,1,86400,1.26735063368
223509,223515,226142,6,2627,2,7200,1.00228397411
223905,225591,228574,1686,2983,16,72000,1.56520281596
223946,225937,228598,1991,2661,16,72000,1.74821495678
224004,225892,225925,1888,33,2,7200,58.2121212121
224013,226155,226233,2142,78,16,36000,28.4615384615
224092,226245,226340,2153,95,8,36000,23.6631578947
224112,226250,228601,2138,2351,8,36000,1.90940025521
224351,225919,225977,1568,58,2,7200,28.0344827586
224687,224693,228242,6,3549,2,7200,1.00169061708
224702,226351,226463,1649,112,2,7200,15.7232142857
224965,224971,228358,6,3387,2,7200,1.00177147919
225058,225066,228715,8,3649,2,7200,1.00219238147
225068,226356,226557,1288,201,2,7200,7.407960199
225104,225110,228546,6,3436,2,7200,1.00174621653
225579,225585,226142,6,557,2,7200,1.01077199282
225789,225795,226142,6,347,2,7200,1.01729106628
225828,225834,226142,6,308,2,7200,1.01948051948
225833,225846,226142,13,296,2,7200,1.04391891892
225833,225841,226142,8,301,2,7200,1.02657807309
225842,225852,226142,10,290,2,7200,1.03448275862
225862,225870,226142,8,272,2,7200,1.02941176471
225879,225885,226142,6,257,2,7200,1.0233463035
225884,225897,226142,13,245,2,7200,1.05306122449
225906,225913,229426,7,3513,2,7200,1.00199259892
225923,225929,226142,6,213,2,7200,1.02816901408
225948,225954,226142,6,188,2,7200,1.03191489362
225968,225974,226142,6,168,2,7200,1.03571428571
226049,226055,226142,6,87,2,7200,1.06896551724
226054,226061,226142,7,81,2,7200,1.08641975309
226055,226067,226142,12,75,2,7200,1.16
226088,226367,226556,279,189,2,21600,2.47619047619
226099,226105,226142,6,37,2,7200,1.16216216216
226100,226112,226142,12,30,2,7200,1.4
226105,226131,226142,26,11,2,7200,3.36363636364
226105,226119,226142,14,23,2,7200,1.60869565217
226865,226872,228125,7,1253,2,21600,1.00558659218
226883,226889,227558,6,669,1,14400,1.00896860987
226919,226925,763210,6,536285,3,540000,1.00001118808
226923,226931,227104,8,173,2,7200,1.04624277457
226923,226941,227104,18,163,2,7200,1.11042944785
226923,226936,227104,13,168,2,7200,1.07738095238
226924,226947,227104,23,157,2,7200,1.14649681529
226924,226952,227104,28,152,2,7200,1.18421052632
226925,226957,227104,32,147,2,7200,1.21768707483
226925,226962,227104,37,142,2,7200,1.26056338028
226925,226968,227104,43,136,2,7200,1.31617647059
226926,226974,227104,48,130,2,7200,1.36923076923
226926,226979,227104,53,125,2,7200,1.424
226926,226984,227104,58,120,2,7200,1.48333333333
226927,226995,227104,68,109,2,7200,1.62385321101
226927,227000,227104,73,104,2,7200,1.70192307692
226927,226990,227104,63,114,2,7200,1.55263157895
226928,227006,227104,78,98,2,7200,1.79591836735
226928,227011,227104,83,93,2,7200,1.89247311828
226928,227016,227104,88,88,2,7200,2.0
226929,227022,227104,93,82,2,7200,2.13414634146
226929,227027,227104,98,77,2,7200,2.27272727273
226929,227032,227104,103,72,2,7200,2.43055555556
226930,227043,227104,113,61,2,7200,2.85245901639
226930,227038,227104,108,66,2,7200,2.63636363636
226930,227048,227104,118,56,2,7200,3.10714285714
226931,227054,227104,123,50,2,7200,3.46
226931,227064,227104,133,40,2,7200,4.325
226931,227059,227104,128,45,2,7200,3.84444444444
226932,227080,227104,148,24,2,7200,7.16666666667
226932,227075,227104,143,29,2,7200,5.93103448276
226932,227069,227104,137,35,2,7200,4.91428571429
226933,227096,227104,163,8,2,7200,17.1
226933,227091,227104,158,13,2,7200,13.1538461538
226933,227101,227104,168,3,2,7200,17.1
226933,227085,227104,152,19,2,7200,9.0
226934,227107,227108,173,1,2,7200,17.4
226934,227112,227113,178,1,2,7200,17.9
226934,227117,227123,183,6,2,7200,18.9
226968,227132,227139,164,7,2,7200,17.1
226968,227137,227140,169,3,2,7200,17.2
226968,227126,227140,158,14,2,7200,12.2857142857
226969,227142,227145,173,3,2,7200,17.6
226969,227147,227148,178,1,2,7200,17.9
226970,227158,227159,188,1,2,7200,18.9
226970,227153,227154,183,1,2,7200,18.4
226970,227168,227169,198,1,2,7200,19.9
226970,227163,227167,193,4,2,7200,19.7
226971,227179,227180,208,1,2,7200,20.9
226971,227184,227206,213,22,2,7200,10.6818181818
226971,227174,227175,203,1,2,7200,20.4
226972,227189,227190,217,1,2,7200,21.8
226972,227195,227196,223,1,2,7200,22.4
226972,227200,227201,228,1,2,7200,22.9
226973,227205,227211,232,6,2,7200,23.8
226973,227211,227216,238,5,2,7200,24.3
226973,227216,227217,243,1,2,7200,24.4
226974,227221,227222,247,1,2,7200,24.8
226974,227227,227228,253,1,2,7200,25.4
226974,227232,227233,258,1,2,7200,25.9
226975,227237,227238,262,1,2,7200,26.3
227498,227504,230855,6,3351,2,7200,1.0017905103
227498,227509,230657,11,3148,2,7200,1.00349428208
227499,227516,230808,17,3292,2,7200,1.00516403402
227499,227521,231282,22,3761,2,7200,1.00584950811
227499,227527,230942,28,3415,2,7200,1.00819912152
227500,227532,230508,32,2976,2,7200,1.01075268817
227500,227537,231056,37,3519,2,7200,1.01051435067
227501,227543,230806,42,3263,2,7200,1.01287159056
227501,227553,230968,52,3415,2,7200,1.01522693997
227501,227548,230454,47,2906,2,7200,1.01617343427
227502,227564,230814,62,3250,2,7200,1.01907692308
227502,227559,230937,57,3378,2,7200,1.01687388988
227502,227569,230722,67,3153,2,7200,1.02124960355
227503,227580,230890,77,3310,2,7200,1.02326283988
227503,227575,230966,72,3391,2,7200,1.02123267473
227503,227585,230977,82,3392,2,7200,1.0241745283
227504,227596,231189,92,3593,2,7200,1.02560534372
227504,227590,230923,86,3333,2,7200,1.02580258026
227505,227606,230840,101,3234,2,7200,1.03123067409
227505,227612,230864,107,3252,2,7200,1.03290282903
227505,227601,230560,96,2959,2,7200,1.03244339304
227506,227622,230825,116,3203,2,7200,1.03621604746
227506,227628,230773,122,3145,2,7200,1.03879173291
227506,227617,230844,111,3227,2,7200,1.03439727301
227507,227638,231059,131,3421,2,7200,1.03829289681
227507,227633,231137,126,3504,2,7200,1.03595890411
227507,227644,230992,137,3348,2,7200,1.04091995221
227508,227654,230875,146,3221,2,7200,1.04532753803
227508,227649,230853,141,3204,2,7200,1.04400749064
227509,227670,230739,161,3069,2,7200,1.05246008472
227509,227665,230727,156,3062,2,7200,1.0509470934
227509,227660,230686,151,3026,2,7200,1.04990085922
227510,228080,231686,570,3606,2,7200,1.15806988353
227510,227676,230867,166,3191,2,7200,1.05202130993
227510,228052,231434,542,3382,2,7200,1.16026020106
227511,228118,231363,607,3245,2,7200,1.18705701079
227511,228126,231393,615,3267,2,7200,1.18824609734
227512,228618,231919,1106,3301,2,7200,1.33504998485
227512,228502,231802,990,3300,2,7200,1.3
227512,228612,231909,1100,3297,2,7200,1.33363663937
227513,228628,231748,1115,3120,2,7200,1.35737179487
227513,228623,231578,1110,2955,2,7200,1.37563451777
227513,229492,232662,1979,3170,2,7200,1.62429022082
227514,229497,232930,1983,3433,2,7200,1.57762889601
227514,229507,232561,1993,3054,2,7200,1.65258677145
227514,229502,232682,1988,3180,2,7200,1.6251572327
227515,229514,232812,1999,3298,2,7200,1.6061249242
227515,229519,232607,2004,3088,2,7200,1.64896373057
227516,229535,232815,2019,3280,2,7200,1.61554878049
227516,229524,232767,2008,3243,2,7200,1.61917977182
227516,229529,232800,2013,3271,2,7200,1.61540813207
227517,229541,232786,2024,3245,2,7200,1.62372881356
227517,229546,233213,2029,3667,2,7200,1.55331333515
227517,229551,233017,2034,3466,2,7200,1.58684362377
227518,229567,232665,2049,3098,2,7200,1.66139444803
227518,229556,233055,2038,3499,2,7200,1.58245212918
227518,229562,232943,2044,3381,2,7200,1.60455486542
227519,229583,232655,2064,3072,2,7200,1.671875
227519,229577,232903,2058,3326,2,7200,1.6187612748
227519,229572,232977,2053,3405,2,7200,1.60293685756
227520,229588,232573,2068,2985,2,7200,1.69279731993
227520,229593,232917,2073,3324,2,7200,1.62364620939
227521,230465,234067,2944,3602,2,7200,1.81732370905
227521,230519,233769,2998,3250,2,7200,1.92246153846
227521,230571,233792,3050,3221,2,7200,1.94691089724
227522,230733,234016,3211,3283,2,7200,1.97806883948
227522,230697,234029,3175,3332,2,7200,1.95288115246
227522,230668,233938,3146,3270,2,7200,1.9620795107
227523,230751,234383,3228,3632,2,7200,1.88876651982
227523,230740,233683,3217,2943,2,7200,2.09310227659
227523,230784,233863,3261,3079,2,7200,2.05911010068
227524,230817,234248,3293,3431,2,7200,1.95977849024
227524,230823,234274,3299,3451,2,7200,1.95595479571
227525,230852,234339,3327,3487,2,7200,1.95411528535
227525,230830,234086,3305,3256,2,7200,2.01504914005
227525,230836,234176,3311,3340,2,7200,1.99131736527
227526,230872,234256,3346,3384,2,7200,1.98877068558
227526,230860,234064,3334,3204,2,7200,2.04057428215
227526,230867,234188,3341,3321,2,7200,2.00602228245
227527,230878,234197,3351,3319,2,7200,2.00964145827
227860,232589,405431,4729,172842,2,172800,1.02736024809
228113,232667,233815,4554,1148,2,21600,4.9668989547
228155,228496,228608,341,112,8,36000,4.04464285714
228178,232698,232960,4520,262,2,21600,18.2519083969
228246,228254,231602,8,3348,2,7200,1.00238948626
228285,228491,252806,206,24315,8,32400,1.00847213654
228361,228369,231848,8,3479,2,7200,1.00229951135
228549,228557,232231,8,3674,2,7200,1.00217746326
228718,228726,232001,8,3275,2,7200,1.00244274809
228863,229037,239015,174,9978,2,28800,1.0174383644
229075,229486,229494,411,8,8,36000,41.9
229427,229437,232919,10,3482,2,7200,1.00287191269
230255,231761,244249,1506,12488,2,28800,1.12059577194
230344,231143,231496,799,353,1,900,3.26345609065
230352,232727,268759,2375,36032,3,36000,1.06591363233
230367,230884,231131,517,247,1,900,3.09311740891
230773,232732,238138,1959,5406,3,39600,1.36237513873
230843,231860,243147,1017,11287,2,28800,1.09010365908
231072,232685,232695,1613,10,8,36000,162.3
231162,232706,232716,1544,10,8,36000,155.4
231581,231588,235182,7,3594,2,7200,1.0019476906
231604,231610,235275,6,3665,2,7200,1.00163710778
231640,231931,242017,291,10086,2,28800,1.02885187388
231748,231755,234884,7,3129,2,7200,1.00223713647
231849,231855,235315,6,3460,2,7200,1.00173410405
232003,232009,235244,6,3235,2,7200,1.00185471406
232136,232575,233191,439,616,2,21600,1.71266233766
232232,232239,235729,7,3490,2,7200,1.00200573066
232562,232568,235699,6,3131,2,7200,1.00191632066
232574,232582,235995,8,3413,2,7200,1.0023439789
232609,232616,236074,7,3458,2,7200,1.0020242915
232655,232661,236211,6,3550,2,7200,1.00169014085
232664,232679,236093,15,3414,2,7200,1.00439367311
232664,232674,235730,10,3056,2,7200,1.00327225131
232685,232692,235872,7,3180,2,7200,1.00220125786
232769,232775,236004,6,3229,2,7200,1.00185816042
232786,232792,236333,6,3541,2,7200,1.0016944366
232802,232808,236086,6,3278,2,7200,1.00183038438
232810,232817,236071,7,3254,2,7200,1.00215119852
232815,232823,236094,8,3271,2,7200,1.00244573525
232906,232913,236181,7,3268,2,7200,1.00214198286
232919,232925,235929,6,3004,2,7200,1.00199733688
232923,232931,236249,8,3318,2,7200,1.00241109102
232931,232937,236129,6,3192,2,7200,1.00187969925
232948,232954,236031,6,3077,2,7200,1.00194995125
232976,232983,236671,7,3688,2,7200,1.00189804772
233011,233071,235596,60,2525,8,36000,1.02376237624
233019,233025,236656,6,3631,2,7200,1.00165243735
233028,235291,238015,2263,2724,8,36000,1.83076358297
233057,233064,236386,7,3322,2,7200,1.00210716436
233214,233221,236471,7,3250,2,7200,1.00215384615
233685,233691,236816,6,3125,2,7200,1.00192
233769,233776,237115,7,3339,2,7200,1.00209643606
233793,233799,237182,6,3383,2,7200,1.00177357375
233862,233868,237284,6,3416,2,7200,1.00175644028
233935,234898,235196,963,298,1,18000,4.23154362416
233939,233945,237218,6,3273,2,7200,1.00183318057
234016,234022,237627,6,3605,2,7200,1.00166435506
234032,234039,237228,7,3189,2,7200,1.00219504547
234064,234070,237298,6,3228,2,7200,1.00185873606
234068,234077,237229,9,3152,2,7200,1.00285532995
234085,234091,237160,6,3069,2,7200,1.00195503421
234108,235207,239936,1099,4729,1,18000,1.23239585536
234180,234187,237345,7,3158,2,7200,1.00221659278
234189,234195,237402,6,3207,2,7200,1.00187090739
234201,234207,237605,6,3398,2,7200,1.00176574456
234232,235329,272994,1097,37665,1,54000,1.02912518253
234251,234257,237799,6,3542,2,7200,1.00169395822
234256,234263,237716,7,3453,2,7200,1.0020272227
234275,234282,237806,7,3524,2,7200,1.00198637911
234341,234347,237818,6,3471,2,7200,1.00172860847
234385,234391,237524,6,3133,2,7200,1.00191509735
234884,234892,238629,8,3737,2,7200,1.00214075462
235182,235188,238507,6,3319,2,7200,1.00180777343
235248,235254,238868,6,3614,2,7200,1.00166021029
235278,235284,238540,6,3256,2,7200,1.00184275184
235317,235323,238551,6,3228,2,7200,1.00185873606
235477,235608,408428,131,172820,8,172800,1.00075801412
235700,235707,238682,7,2975,2,7200,1.00235294118
235731,235737,239126,6,3389,2,7200,1.00177043376
235732,235743,238871,11,3128,2,7200,1.00351662404
235873,235941,236766,68,825,2,21600,1.08242424242
235874,235880,239335,6,3455,2,7200,1.0017366136
235928,235934,239404,6,3470,2,7200,1.00172910663
235996,236002,239348,6,3346,2,7200,1.00179318589
236004,236011,239077,7,3066,2,7200,1.00228310502
236033,236039,239307,6,3268,2,7200,1.00183598531
236073,236079,239644,6,3565,2,7200,1.00168302945
236078,236085,239477,7,3392,2,7200,1.00206367925
236087,236093,239283,6,3190,2,7200,1.00188087774
236095,236102,239693,7,3591,2,7200,1.00194931774
236096,236107,239298,11,3191,2,7200,1.00344719524
236132,236139,239608,7,3469,2,7200,1.00201787259
236181,236187,239161,6,2974,2,7200,1.00201748487
236213,236219,239731,6,3512,2,7200,1.00170842825
236253,236260,239624,7,3364,2,7200,1.00208085612
236331,236337,239723,6,3386,2,7200,1.00177200236
236353,236360,279458,7,43098,1,54000,1.00016242053
236389,236395,239797,6,3402,2,7200,1.00176366843
236474,236480,239967,6,3487,2,7200,1.0017206768
236657,236663,240265,6,3602,2,7200,1.00166574125
236673,236679,239955,6,3276,2,7200,1.00183150183
236814,236821,240334,7,3513,2,7200,1.00199259892
237116,237122,240178,6,3056,2,7200,1.00196335079
237159,237165,240526,6,3361,2,7200,1.00178518298
237184,237190,240873,6,3683,2,7200,1.00162910671
237221,237227,240419,6,3192,2,7200,1.00187969925
237221,237232,240841,11,3609,2,7200,1.00304793572
237230,237238,240525,8,3287,2,7200,1.00243383024
237282,237288,240691,6,3403,2,7200,1.00176315016
237298,237304,240549,6,3245,2,7200,1.00184899846
237345,237351,240767,6,3416,2,7200,1.00175644028
237405,237412,240804,7,3392,2,7200,1.00206367925
237524,237530,240791,6,3261,2,7200,1.0018399264
237606,237612,241284,6,3672,2,7200,1.00163398693
237630,237636,241058,6,3422,2,7200,1.00175336061
237718,237724,241156,6,3432,2,7200,1.00174825175
237800,237806,241458,6,3652,2,7200,1.00164293538
237808,237814,241031,6,3217,2,7200,1.0018650917
237817,237824,241195,7,3371,2,7200,1.00207653515
238508,238514,241916,6,3402,2,7200,1.00176366843
238543,238549,242020,6,3471,2,7200,1.00172860847
238558,238564,241958,6,3394,2,7200,1.00176782557
238628,238634,241932,6,3298,2,7200,1.00181928441
238685,238691,242076,6,3385,2,7200,1.00177252585
238686,239027,278646,341,39619,3,39600,1.0086069815
238869,238875,242347,6,3472,2,7200,1.0017281106
238873,238881,241985,8,3104,2,7200,1.00257731959
239077,239083,242459,6,3376,2,7200,1.00177725118
239126,239132,242636,6,3504,2,7200,1.00171232877
239160,239166,242342,6,3176,2,7200,1.00188916877
239282,239288,242937,6,3649,2,7200,1.00164428611
239299,239305,242606,6,3301,2,7200,1.00181763102
239307,239314,242619,7,3305,2,7200,1.00211800303
239336,239342,242518,6,3176,2,7200,1.00188916877
239349,239355,242994,6,3639,2,7200,1.00164880462
239404,239410,242490,6,3080,2,7200,1.00194805195
239478,239484,242753,6,3269,2,7200,1.00183542368
239610,239617,243101,7,3484,2,7200,1.00200918485
239625,239632,243084,7,3452,2,7200,1.00202780997
239646,239652,243034,6,3382,2,7200,1.00177409817
239695,239701,243230,6,3529,2,7200,1.00170019836
239723,239730,243098,7,3368,2,7200,1.0020783848
239732,239738,243379,6,3641,2,7200,1.00164789893
239795,239801,242897,6,3096,2,7200,1.0019379845
239957,239963,243372,6,3409,2,7200,1.00176004693
239966,239972,243391,6,3419,2,7200,1.00175489909
240178,240184,243794,6,3610,2,7200,1.00166204986
240267,240274,243542,7,3268,2,7200,1.00214198286
240335,240341,243680,6,3339,2,7200,1.00179694519
240421,240427,243696,6,3269,2,7200,1.00183542368
240528,240539,243608,11,3069,2,7200,1.00358422939
240528,240534,243948,6,3414,2,7200,1.00175746924
240549,240555,243961,6,3406,2,7200,1.00176159718
240694,240700,244343,6,3643,2,7200,1.00164699424
240768,240774,244108,6,3334,2,7200,1.00179964007
240793,240799,244095,6,3296,2,7200,1.00182038835
240805,240811,244185,6,3374,2,7200,1.00177830468
240841,240847,244590,6,3743,2,7200,1.00160299225
240872,240879,244262,7,3383,2,7200,1.00206916938
241034,241040,244296,6,3256,2,7200,1.00184275184
241059,241065,244510,6,3445,2,7200,1.00174165457
241157,241164,244442,7,3278,2,7200,1.00213544844
241197,241203,244872,6,3669,2,7200,1.00163532298
241285,241291,244634,6,3343,2,7200,1.00179479509
241459,241465,244804,6,3339,2,7200,1.00179694519
241915,241921,245326,6,3405,2,7200,1.00176211454
241935,241942,245292,7,3350,2,7200,1.00208955224
241958,241964,245282,6,3318,2,7200,1.00180831826
241987,241993,245344,6,3351,2,7200,1.0017905103
242022,242028,245265,6,3237,2,7200,1.00185356812
242075,242081,245342,6,3261,2,7200,1.0018399264
242342,242348,245702,6,3354,2,7200,1.00178890877
242349,242355,245946,6,3591,2,7200,1.00167084378
242459,242465,245599,6,3134,2,7200,1.00191448628
242491,242497,246018,6,3521,2,7200,1.00170406135
242519,242526,245847,7,3321,2,7200,1.00210779886
242606,242612,245811,6,3199,2,7200,1.00187558612
242619,242625,246088,6,3463,2,7200,1.00173260179
242637,242643,246331,6,3688,2,7200,1.00162689805
242757,242763,246174,6,3411,2,7200,1.00175901495
242899,242905,246024,6,3119,2,7200,1.00192369349
242939,242945,246152,6,3207,2,7200,1.00187090739
242997,243003,246416,6,3413,2,7200,1.00175798418
243035,243041,246374,6,3333,2,7200,1.00180018002
243086,243092,246440,6,3348,2,7200,1.0017921147
243098,243104,246265,6,3161,2,7200,1.0018981335
243103,243110,246764,7,3654,2,7200,1.00191570881
243231,243237,246602,6,3365,2,7200,1.00178306092
243354,243697,263532,343,19835,16,21600,1.01729266448
243373,243379,246779,6,3400,2,7200,1.00176470588
243382,243388,246751,6,3363,2,7200,1.00178412132
243394,243401,246767,7,3366,2,7200,1.00207961973
243540,243546,247007,6,3461,2,7200,1.001733603
243608,243614,247137,6,3523,2,7200,1.00170309395
243684,243690,247275,6,3585,2,7200,1.00167364017
243697,243703,247199,6,3496,2,7200,1.00171624714
243792,243798,247269,6,3471,2,7200,1.00172860847
243813,243819,247432,6,3613,1,3600,1.0016606698
243947,243953,247239,6,3286,2,7200,1.00182592818
243960,243966,247346,6,3380,2,7200,1.00177514793
244095,244102,247672,7,3570,2,7200,1.00196078431
244109,244115,247657,6,3542,2,7200,1.00169395822
244185,244191,247354,6,3163,2,7200,1.00189693329
244264,244270,247940,6,3670,2,7200,1.00163487738
244296,244303,247659,7,3356,2,7200,1.00208581645
244340,244347,247939,7,3592,2,7200,1.00194877506
244439,244445,247689,6,3244,2,7200,1.00184956843
244510,244516,247881,6,3365,2,7200,1.00178306092
244590,244596,247840,6,3244,2,7200,1.00184956843
244637,244644,248045,7,3401,2,7200,1.00205821817
244741,244747,244819,6,72,1,18000,1.08333333333
244803,244809,248094,6,3285,2,7200,1.00182648402
244874,244880,248240,6,3360,2,7200,1.00178571429
245156,245307,247270,151,1963,4,86400,1.07692307692
245267,245273,248725,6,3452,2,7200,1.00173812283
245285,245291,248767,6,3476,2,7200,1.00172612198
245294,245300,248626,6,3326,2,7200,1.00180396873
245328,245334,248948,6,3614,2,7200,1.00166021029
245341,245347,248686,6,3339,2,7200,1.00179694519
245342,245353,248685,11,3332,2,7200,1.00330132053
245599,245605,249228,6,3623,2,7200,1.00165608612
245702,245708,249199,6,3491,2,7200,1.00171870524
245813,245819,249379,6,3560,2,7200,1.00168539326
245846,245852,249395,6,3543,2,7200,1.0016934801
245875,246166,247276,291,1110,4,86400,1.26216216216
245950,245956,249419,6,3463,2,7200,1.00173260179
246020,246026,249081,6,3055,2,7200,1.00196399345
246025,246032,249319,7,3287,2,7200,1.00212960146
246089,246095,249319,6,3224,2,7200,1.00186104218
246154,246160,249499,6,3339,2,7200,1.00179694519
246174,246180,249444,6,3264,2,7200,1.00183823529
246267,246273,250039,6,3766,2,7200,1.00159320234
246334,246340,249813,6,3473,2,7200,1.00172761301
246378,246384,249887,6,3503,2,7200,1.00171281758
246420,246427,250020,7,3593,2,7200,1.00194823267
246443,246449,249784,6,3335,2,7200,1.00179910045
246599,246606,249952,7,3346,2,7200,1.00209205021
246751,246757,250149,6,3392,2,7200,1.00176886792
246764,246771,250131,7,3360,2,7200,1.00208333333
246769,246777,250169,8,3392,2,7200,1.00235849057
246779,246785,249905,6,3120,2,7200,1.00192307692
247007,247014,250395,7,3381,2,7200,1.00207039337
247136,247142,250936,6,3794,2,7200,1.00158144439
247201,247207,250574,6,3367,2,7200,1.00178200178
247239,247246,250618,7,3372,2,7200,1.00207591934
247270,247276,250551,6,3275,2,7200,1.00183206107
247275,247282,250809,7,3527,2,7200,1.00198468954
247349,247355,250897,6,3542,2,7200,1.00169395822
247354,247361,250805,7,3444,2,7200,1.00203252033
247375,247443,250826,68,3383,4,86400,1.02010050251
247659,247665,251015,6,3350,2,7200,1.00179104478
247660,247671,251175,11,3504,2,7200,1.00313926941
247673,247679,251457,6,3778,2,7200,1.00158814187
247690,247696,251090,6,3394,2,7200,1.00176782557
247841,247847,251275,6,3428,2,7200,1.00175029172
247878,247884,251076,6,3192,2,7200,1.00187969925
247931,247937,251483,6,3546,2,7200,1.00169204738
247940,247946,251173,6,3227,2,7200,1.00185931205
248047,248053,251378,6,3325,2,7200,1.00180451128
248095,248101,251559,6,3458,2,7200,1.001735107
248241,248247,251532,6,3285,2,7200,1.00182648402
248385,248391,284431,6,36040,1,36000,1.00016648169
248628,248634,251827,6,3193,2,7200,1.00187911055
248689,248695,252379,6,3684,2,7200,1.0016286645
248689,248700,252437,11,3737,2,7200,1.0029435376
248729,248735,252357,6,3622,2,7200,1.00165654335
248769,248775,252097,6,3322,2,7200,1.00180614088
248949,248955,252509,6,3554,2,7200,1.0016882386
249081,249087,252428,6,3341,2,7200,1.0017958695
249200,249206,252331,6,3125,2,7200,1.00192
249223,249243,250531,20,1288,4,86400,1.01552795031
249231,249237,252938,6,3701,2,7200,1.00162118346
249319,249325,252627,6,3302,2,7200,1.00181708056
249319,249330,252884,11,3554,2,7200,1.00309510411
249320,253649,269247,4329,15598,8,57600,1.27753558148
249376,249383,252629,7,3246,2,7200,1.00215650031
249398,249405,252881,7,3476,2,7200,1.00201380898
249420,249426,253272,6,3846,2,7200,1.0015600624
249444,249450,252937,6,3487,2,7200,1.0017206768
249450,250543,266073,1093,15530,12,57600,1.07037990985
249500,249508,252973,8,3465,2,7200,1.00230880231
249786,249792,253324,6,3532,2,7200,1.00169875425
249813,249819,253278,6,3459,2,7200,1.00173460538
249884,252816,263636,2932,10820,12,57600,1.27097966728
249888,249894,253198,6,3304,2,7200,1.00181598063
249892,254036,269275,4144,15239,8,57600,1.27193385393
249906,249913,253129,7,3216,2,7200,1.00217661692
249954,249960,253522,6,3562,2,7200,1.00168444694
250023,250029,253419,6,3390,2,7200,1.0017699115
250041,250047,253252,6,3205,2,7200,1.00187207488
250134,250140,253451,6,3311,2,7200,1.00181214135
250152,250158,253593,6,3435,2,7200,1.00174672489
250170,250176,253545,6,3369,2,7200,1.0017809439
250397,250403,253735,6,3332,2,7200,1.00180072029
250542,254042,256467,3500,2425,8,57600,2.44329896907
250551,250557,254123,6,3566,2,7200,1.00168255749
250576,250582,254160,6,3578,2,7200,1.00167691448
250618,250624,253944,6,3320,2,7200,1.00180722892
250633,253643,259011,3010,5368,12,57600,1.56073025335
250805,250812,254137,7,3325,2,7200,1.00210526316
250810,250819,254183,9,3364,2,7200,1.00267538644
250898,250904,254336,6,3432,2,7200,1.00174825175
250938,254540,287384,3602,32844,4,86400,1.10966995494
250939,250945,254368,6,3423,2,7200,1.00175284838
250944,254756,287385,3812,32629,4,86400,1.11682858807
251014,251021,254439,7,3418,2,7200,1.00204798128
251079,251085,254593,6,3508,2,7200,1.00171037628
251092,251099,254635,7,3536,2,7200,1.00197963801
251180,251186,254529,6,3343,2,7200,1.00179479509
251180,251191,254658,11,3467,2,7200,1.00317277185
251275,251281,254637,6,3356,2,7200,1.00178784267
251378,251385,254745,7,3360,2,7200,1.00208333333
251459,251465,254876,6,3411,2,7200,1.00175901495
251484,251490,254957,6,3467,2,7200,1.00173060283
251534,251540,254820,6,3280,2,7200,1.00182926829
251563,251569,254640,6,3071,2,7200,1.00195376099
251826,251832,255157,6,3325,2,7200,1.00180451128
252100,252106,255617,6,3511,2,7200,1.00170891484
252331,252337,255688,6,3351,2,7200,1.0017905103
252359,252366,255946,7,3580,2,7200,1.00195530726
252380,252386,256176,6,3790,2,7200,1.00158311346
252429,252437,256153,8,3716,2,7200,1.00215285253
252439,252446,255806,7,3360,2,7200,1.00208333333
252497,252503,468533,6,216030,1,216000,1.00002777392
252515,252521,255784,6,3263,2,7200,1.00183879865
252590,253286,496145,696,242859,1,288000,1.00286586044
252621,253654,509437,1033,255783,1,288000,1.00403857958
252629,252640,255843,11,3203,2,7200,1.00343428036
252629,252635,255889,6,3254,2,7200,1.00184388445
252638,253750,489620,1112,235870,1,288000,1.00471446136
252678,253954,469987,1276,216033,1,216000,1.00590650502
252734,254762,481462,2028,226700,1,252000,1.00894574327
252884,252896,256278,12,3382,2,7200,1.00354819633
252884,252891,256182,7,3291,2,7200,1.00212701307
252935,252941,256432,6,3491,2,7200,1.00171870524
252936,252947,256255,11,3308,2,7200,1.00332527207
252975,252982,256492,7,3510,2,7200,1.00199430199
253131,253137,256727,6,3590,2,7200,1.00167130919
253202,253208,256553,6,3345,2,7200,1.00179372197
253251,253257,256573,6,3316,2,7200,1.00180940893
253273,253279,256695,6,3416,2,7200,1.00175644028
253288,253294,256769,6,3475,2,7200,1.00172661871
253327,253334,256768,7,3434,2,7200,1.00203843914
253421,253427,256897,6,3470,2,7200,1.00172910663
253450,253456,256881,6,3425,2,7200,1.00175182482
253523,253529,256878,6,3349,2,7200,1.00179157958
253549,253555,256944,6,3389,2,7200,1.00177043376
253596,253602,257040,6,3438,2,7200,1.0017452007
253737,253743,257129,6,3386,2,7200,1.00177200236
253949,253960,257499,11,3539,2,7200,1.00310822266
254126,254133,257609,7,3476,2,7200,1.00201380898
254140,254146,257526,6,3380,2,7200,1.00177514793
254158,254164,257701,6,3537,2,7200,1.00169635284
254180,254186,257933,6,3747,2,7200,1.00160128102
254337,254343,257737,6,3394,2,7200,1.00176782557
254367,254373,257483,6,3110,2,7200,1.00192926045
254443,254450,257786,7,3336,2,7200,1.00209832134
254533,254604,258022,71,3418,2,7200,1.02077238151
254594,254646,258315,52,3669,2,7200,1.01417279913
254635,254653,258329,18,3676,2,7200,1.00489662677
254640,254831,258250,191,3419,2,7200,1.0558642878
254640,254670,258159,30,3489,2,7200,1.00859845228
254658,254891,258424,233,3533,2,7200,1.06594961789
254747,254968,258354,221,3386,2,7200,1.06526875369
254821,255169,258664,348,3495,2,7200,1.09957081545
254880,255700,259266,820,3566,2,7200,1.22994952328
254960,255795,259078,835,3283,2,7200,1.25434054219
255158,255817,259075,659,3258,2,7200,1.20227133211
255619,255629,259234,10,3605,2,7200,1.0027739251
255689,255854,259025,165,3171,2,7200,1.05203405866
255783,255900,259248,117,3348,2,7200,1.03494623656
255809,256164,259655,355,3491,2,7200,1.10169006015
255843,256187,259590,344,3403,2,7200,1.10108727593
255891,256194,259522,303,3328,2,7200,1.09104567308
255949,255957,259572,8,3615,2,7200,1.00221300138
256153,256266,259780,113,3514,2,7200,1.03215708594
256176,256289,259546,113,3257,2,7200,1.03469450414
256185,256443,259660,258,3217,2,7200,1.08019894311
256255,256478,259868,223,3390,2,7200,1.06578171091
256281,256484,260135,203,3651,2,7200,1.05560120515
256435,256489,259816,54,3327,2,7200,1.01623083859
256496,256502,259889,6,3387,2,7200,1.00177147919
256555,256561,259976,6,3415,2,7200,1.00175695461
256574,256580,259864,6,3284,2,7200,1.00182704019
256697,256704,260143,7,3439,2,7200,1.00203547543
256723,256729,260313,6,3584,2,7200,1.00167410714
256770,256776,260223,6,3447,2,7200,1.00174064404
256772,256782,259964,10,3182,2,7200,1.00314267756
256879,256885,260298,6,3413,2,7200,1.00175798418
256885,256891,260021,6,3130,2,7200,1.00191693291
256899,256905,260186,6,3281,2,7200,1.00182871076
256945,256951,260304,6,3353,2,7200,1.00178944229
257039,257046,260289,7,3243,2,7200,1.00215849522
257130,257136,260649,6,3513,2,7200,1.00170794193
257485,257491,260912,6,3421,2,7200,1.00175387314
257502,257509,260863,7,3354,2,7200,1.00208706023
257525,257531,260822,6,3291,2,7200,1.00182315406
257611,257618,261122,7,3504,2,7200,1.00199771689
257701,257708,261157,7,3449,2,7200,1.00202957379
257738,257744,261193,6,3449,2,7200,1.00173963468
257790,257797,260999,7,3202,2,7200,1.00218613367
257936,257942,261056,6,3114,2,7200,1.00192678227
258022,258029,261219,7,3190,2,7200,1.00219435737
258159,258165,261263,6,3098,2,7200,1.00193673338
258249,258255,261721,6,3466,2,7200,1.00173110214
258318,258324,261954,6,3630,2,7200,1.00165289256
258333,258339,261474,6,3135,2,7200,1.0019138756
258355,258361,261568,6,3207,2,7200,1.00187090739
258425,258431,261801,6,3370,2,7200,1.00178041543
258664,258670,262059,6,3389,2,7200,1.00177043376
259025,259031,262442,6,3411,2,7200,1.00175901495
259075,259081,262428,6,3347,2,7200,1.00179265013
259080,259087,262258,7,3171,2,7200,1.00220750552
259238,259244,262967,6,3723,2,7200,1.00161160355
259249,259255,263234,6,3979,2,7200,1.00150791656
259267,259273,262706,6,3433,2,7200,1.0017477425
259523,259529,262958,6,3429,2,7200,1.00174978128
259550,259556,262918,6,3362,2,7200,1.00178465199
259573,259580,263030,7,3450,2,7200,1.00202898551
259591,259597,263074,6,3477,2,7200,1.00172562554
259656,259662,262852,6,3190,2,7200,1.00188087774
259662,259669,263114,7,3445,2,7200,1.00203193033
259779,259785,263080,6,3295,2,7200,1.00182094082
259819,259825,263092,6,3267,2,7200,1.00183654729
259864,259871,263375,7,3504,2,7200,1.00199771689
259869,259877,263181,8,3304,2,7200,1.00242130751
259888,259894,263499,6,3605,2,7200,1.00166435506
259967,259974,263426,7,3452,2,7200,1.00202780997
259980,259987,263408,7,3421,2,7200,1.00204618533
260022,260029,263202,7,3173,2,7200,1.00220611409
260137,260143,263329,6,3186,2,7200,1.00188323917
260143,260149,263513,6,3364,2,7200,1.00178359096
260188,260195,263697,7,3502,2,7200,1.0019988578
260225,260231,263744,6,3513,2,7200,1.00170794193
260292,260298,263653,6,3355,2,7200,1.00178837556
260302,260308,263787,6,3479,2,7200,1.00172463352
260307,260314,263699,7,3385,2,7200,1.00206794682
260312,260321,263614,9,3293,2,7200,1.00273307015
260650,260656,263886,6,3230,2,7200,1.00185758514
260822,260832,264072,10,3240,2,7200,1.00308641975
260864,260870,263929,6,3059,2,7200,1.0019614253
260915,260921,264576,6,3655,2,7200,1.00164158687
261002,261008,264238,6,3230,2,7200,1.00185758514
261058,261064,264703,6,3639,2,7200,1.00164880462
261121,261127,264477,6,3350,2,7200,1.00179104478
261160,261166,264355,6,3189,2,7200,1.00188146754
261194,261201,264336,7,3135,2,7200,1.00223285486
261220,261226,264628,6,3402,2,7200,1.00176366843
261267,261273,264691,6,3418,2,7200,1.00175541252
261476,261482,265074,6,3592,2,7200,1.00167037862
261567,261573,264900,6,3327,2,7200,1.00180342651
261721,261727,265002,6,3275,2,7200,1.00183206107
261800,261806,265211,6,3405,2,7200,1.00176211454
261978,261985,265408,7,3423,2,7200,1.00204498978
262061,262068,265361,7,3293,2,7200,1.00212572123
262257,262263,265590,6,3327,2,7200,1.00180342651
262428,262435,265632,7,3197,2,7200,1.00218955271
262442,262449,265918,7,3469,2,7200,1.00201787259
262704,262710,266152,6,3442,2,7200,1.00174317257
262855,262861,266123,6,3262,2,7200,1.00183936235
262918,262924,266424,6,3500,2,7200,1.00171428571
262957,262963,266621,6,3658,2,7200,1.00164024057
262967,262973,266259,6,3286,2,7200,1.00182592818
263031,263037,266258,6,3221,2,7200,1.00186277554
263071,263078,266495,7,3417,2,7200,1.00204858063
263081,263087,266262,6,3175,2,7200,1.00188976378
263095,263101,266565,6,3464,2,7200,1.00173210162
263117,263123,266561,6,3438,2,7200,1.0017452007
263185,263190,266455,5,3265,2,7200,1.00153139357
263203,263209,266518,6,3309,2,7200,1.00181323663
263234,263240,266591,6,3351,2,7200,1.0017905103
263329,263335,266893,6,3558,2,7200,1.00168634064
263377,263383,266813,6,3430,2,7200,1.00174927114
263410,263416,267004,6,3588,2,7200,1.0016722408
263428,263434,266802,6,3368,2,7200,1.00178147268
263504,263510,266875,6,3365,2,7200,1.00178306092
263515,263521,267055,6,3534,2,7200,1.00169779287
263616,263622,266848,6,3226,2,7200,1.00185988841
263653,263659,267300,6,3641,2,7200,1.00164789893
263695,263701,267250,6,3549,2,7200,1.00169061708
263700,263707,267258,7,3551,2,7200,1.0019712757
263745,263751,267134,6,3383,2,7200,1.00177357375
263789,263795,267082,6,3287,2,7200,1.00182537268
263887,263893,267060,6,3167,2,7200,1.00189453742
263930,263936,267415,6,3479,2,7200,1.00172463352
264071,264077,267309,6,3232,2,7200,1.00185643564
264240,264246,267525,6,3279,2,7200,1.00182982617
264339,264345,267604,6,3259,2,7200,1.00184105554
264358,264364,267978,6,3614,2,7200,1.00166021029
264474,264480,267744,6,3264,2,7200,1.00183823529
264579,264585,267875,6,3290,2,7200,1.00182370821
264628,264634,268110,6,3476,2,7200,1.00172612198
264693,264699,268201,6,3502,2,7200,1.00171330668
264703,264709,268149,6,3440,2,7200,1.00174418605
264904,264910,268249,6,3339,2,7200,1.00179694519
265002,265009,268315,7,3306,2,7200,1.00211736237
265074,265080,268275,6,3195,2,7200,1.00187793427
265213,265220,268492,7,3272,2,7200,1.0021393643
265363,265369,268492,6,3123,2,7200,1.00192122959
265407,265413,268779,6,3366,2,7200,1.00178253119
265591,265597,268799,6,3202,2,7200,1.00187382886
265634,265640,268881,6,3241,2,7200,1.00185128047
265920,265926,269288,6,3362,2,7200,1.00178465199
266123,266129,269464,6,3335,2,7200,1.00179910045
266152,266158,269620,6,3462,2,7200,1.00173310225
266259,266265,269720,6,3455,2,7200,1.0017366136
266262,266271,269733,9,3462,2,7200,1.00259965338
266274,266280,269606,6,3326,2,7200,1.00180396873
266426,266432,269691,6,3259,2,7200,1.00184105554
266457,266463,269884,6,3421,2,7200,1.00175387314
266496,266502,269710,6,3208,2,7200,1.00187032419
266520,266526,269912,6,3386,2,7200,1.00177200236
266564,266570,269900,6,3330,2,7200,1.0018018018
266569,266576,270166,7,3590,2,7200,1.00194986072
266593,266599,270078,6,3479,2,7200,1.00172463352
266625,266632,270302,7,3670,2,7200,1.00190735695
266804,266810,270272,6,3462,2,7200,1.00173310225
266816,266822,270592,6,3770,2,7200,1.00159151194
266847,266854,270253,7,3399,2,7200,1.00205942924
266878,266885,270184,7,3299,2,7200,1.00212185511
266897,266903,270186,6,3283,2,7200,1.00182759671
267005,267012,270469,7,3457,2,7200,1.00202487706
267055,267061,270465,6,3404,2,7200,1.0017626322
267062,267068,270216,6,3148,2,7200,1.00190597205
267085,267091,270336,6,3245,2,7200,1.00184899846
267137,267143,270691,6,3548,2,7200,1.00169109357
267250,267256,270750,6,3494,2,7200,1.00171722954
267260,267266,270653,6,3387,2,7200,1.00177147919
267302,267308,270952,6,3644,2,7200,1.00164654226
267312,267318,270634,6,3316,2,7200,1.00180940893
267414,267420,270503,6,3083,2,7200,1.00194615634
267524,267530,271111,6,3581,2,7200,1.00167550963
267602,267608,271152,6,3544,2,7200,1.00169300226
267744,267750,271324,6,3574,2,7200,1.00167879127
267873,267880,271171,7,3291,2,7200,1.00212701307
267979,267986,271566,7,3580,2,7200,1.00195530726
268111,268117,271482,6,3365,2,7200,1.00178306092
268140,268146,268301,6,155,1,3600,1.03870967742
268150,268156,271520,6,3364,2,7200,1.00178359096
268204,268210,271528,6,3318,2,7200,1.00180831826
268249,268255,271601,6,3346,2,7200,1.00179318589
268278,268284,271634,6,3350,2,7200,1.00179104478
268317,268323,271473,6,3150,2,7200,1.0019047619
268480,268486,268867,6,381,1,3600,1.0157480315
268493,268504,272005,11,3501,2,7200,1.00314195944
268493,268499,271790,6,3291,2,7200,1.00182315406
268779,268785,272161,6,3376,2,7200,1.00177725118
268799,268805,271981,6,3176,2,7200,1.00188916877
268886,268892,272185,6,3293,2,7200,1.00182204677
269231,269237,269480,6,243,1,3600,1.02469135802
269284,269291,272602,7,3311,2,7200,1.0021141649
269466,269472,272960,6,3488,2,7200,1.00172018349
269607,269613,273240,6,3627,2,7200,1.00165425972
269618,269624,272980,6,3356,2,7200,1.00178784267
269692,269698,273016,6,3318,2,7200,1.00180831826
269712,269718,273079,6,3361,2,7200,1.00178518298
269722,269728,273104,6,3376,2,7200,1.00177725118
269732,269738,273241,6,3503,2,7200,1.00171281758
269884,269890,273037,6,3147,2,7200,1.00190657769
269898,269904,273261,6,3357,2,7200,1.0017873101
269913,269919,273189,6,3270,2,7200,1.00183486239
270076,270082,273360,6,3278,2,7200,1.00183038438
270169,270175,273792,6,3617,2,7200,1.00165883329
270184,270190,273629,6,3439,2,7200,1.00174469322
270189,270196,273433,7,3237,2,7200,1.00216249614
270218,270224,273619,6,3395,2,7200,1.00176730486
270254,270260,273725,6,3465,2,7200,1.00173160173
270274,270280,273806,6,3526,2,7200,1.00170164492
270303,270309,273495,6,3186,2,7200,1.00188323917
270339,270345,273515,6,3170,2,7200,1.00189274448
270355,270361,270476,6,115,1,3600,1.05217391304
270468,270474,273952,6,3478,2,7200,1.00172512938
270469,270480,273993,11,3513,2,7200,1.00313122687
270504,270510,273953,6,3443,2,7200,1.00174266628
270594,270601,273895,7,3294,2,7200,1.0021250759
270634,270640,274149,6,3509,2,7200,1.00170988886
270658,270664,274342,6,3678,2,7200,1.00163132137
270661,270670,271024,9,354,1,3600,1.02542372881
270692,270699,274087,7,3388,2,7200,1.0020661157
270753,270759,274398,6,3639,2,7200,1.00164880462
270950,270956,274434,6,3478,2,7200,1.00172512938
271062,271124,271167,62,43,12,504000,2.44186046512
271111,271117,274516,6,3399,2,7200,1.00176522507
271149,271155,274514,6,3359,2,7200,1.00178624591
271168,271174,274628,6,3454,2,7200,1.00173711639
271327,271333,274774,6,3441,2,7200,1.00174367916
271472,271493,271537,21,44,16,504000,1.47727272727
271475,271481,275074,6,3593,2,7200,1.00166991372
271480,271487,274719,7,3232,2,7200,1.00216584158
271520,271526,274738,6,3212,2,7200,1.00186799502
271525,271532,274937,7,3405,2,7200,1.00205580029
271541,271547,271744,6,197,1,3600,1.03045685279
271569,271576,274919,7,3343,2,7200,1.00209392761
271605,271611,275077,6,3466,2,7200,1.00173110214
271637,271643,274806,6,3163,2,7200,1.00189693329
271788,271794,274977,6,3183,2,7200,1.00188501414
271980,271987,275508,7,3521,2,7200,1.00198807157
272005,272011,275501,6,3490,2,7200,1.00171919771
272119,272125,272294,6,169,1,3600,1.03550295858
272162,272168,275238,6,3070,2,7200,1.00195439739
272186,272192,275660,6,3468,2,7200,1.00173010381
272474,272480,272830,6,350,1,3600,1.01714285714
272603,272609,276038,6,3429,2,7200,1.00174978128
272964,272970,276322,6,3352,2,7200,1.00178997613
272978,272985,276394,7,3409,2,7200,1.00205338809
273021,273027,276769,6,3742,2,7200,1.00160342063
273039,273045,276084,6,3039,2,7200,1.00197433366
273079,273085,276529,6,3444,2,7200,1.00174216028
273105,273111,276472,6,3361,2,7200,1.00178518298
273193,273200,276814,7,3614,2,7200,1.00193691201
273195,273206,273941,11,735,1,3600,1.01496598639
273241,273247,276880,6,3633,2,7200,1.00165152766
273242,273253,276670,11,3417,2,7200,1.00321919813
273262,273268,276668,6,3400,2,7200,1.00176470588
273363,273369,276599,6,3230,2,7200,1.00185758514
273438,273444,276841,6,3397,2,7200,1.00176626435
273495,273502,276762,7,3260,2,7200,1.00214723926
273519,273525,276691,6,3166,2,7200,1.00189513582
273568,273741,273783,173,42,10,504000,5.11904761905
273622,273628,277112,6,3484,2,7200,1.00172215844
273632,273638,277052,6,3414,2,7200,1.00175746924
273728,273734,277145,6,3411,2,7200,1.00175901495
273795,273801,277187,6,3386,2,7200,1.00177200236
273806,273813,277174,7,3361,2,7200,1.00208271348
273896,273902,277257,6,3355,2,7200,1.00178837556
273954,273960,277289,6,3329,2,7200,1.00180234305
273955,273966,277377,11,3411,2,7200,1.00322486074
273995,274001,277135,6,3134,2,7200,1.00191448628
274088,274094,277527,6,3433,2,7200,1.0017477425
274152,274158,277592,6,3434,2,7200,1.00174723355
274343,274350,278029,7,3679,2,7200,1.00190269095
274401,274407,277948,6,3541,2,7200,1.0016944366
274436,274442,277929,6,3487,2,7200,1.0017206768
274512,274518,278083,6,3565,2,7200,1.00168302945
274518,274524,277931,6,3407,2,7200,1.00176108013
274628,274634,277955,6,3321,2,7200,1.00180668473
274717,274724,278010,7,3286,2,7200,1.00213024954
274736,274743,278151,7,3408,2,7200,1.00205399061
274775,274781,278138,6,3357,2,7200,1.0017873101
274805,274811,278060,6,3249,2,7200,1.00184672207
274917,274923,278368,6,3445,2,7200,1.00174165457
274937,274943,278309,6,3366,2,7200,1.00178253119
274975,274981,278275,6,3294,2,7200,1.00182149362
275074,275081,278656,7,3575,2,7200,1.00195804196
275075,275086,278682,11,3596,2,7200,1.00305895439
275209,275214,275329,5,115,1,3600,1.04347826087
275242,275248,278960,6,3712,2,7200,1.00161637931
275409,275415,275533,6,118,1,1800,1.05084745763
275503,275509,279080,6,3571,2,7200,1.00168020162
275508,275515,278750,7,3235,2,7200,1.00216383308
275519,275525,275847,6,322,1,3600,1.01863354037
275661,275667,278852,6,3185,2,7200,1.00188383046
275842,275849,275967,7,118,1,1800,1.0593220339
276043,276049,279417,6,3368,2,7200,1.00178147268
276083,276089,279481,6,3392,2,7200,1.00176886792
276325,276331,279681,6,3350,2,7200,1.00179104478
276344,276350,277010,6,660,1,3600,1.00909090909
276398,276404,279696,6,3292,2,7200,1.00182260024
276473,276479,279844,6,3365,2,7200,1.00178306092
276534,276540,279916,6,3376,2,7200,1.00177725118
276599,276605,279766,6,3161,2,7200,1.0018981335
276670,276676,279776,6,3100,2,7200,1.00193548387
276676,276682,280086,6,3404,2,7200,1.0017626322
276677,276689,276791,12,102,1,1800,1.11764705882
276697,276703,280054,6,3351,2,7200,1.0017905103
276766,276773,280120,7,3347,2,7200,1.00209142516
276772,276779,280234,7,3455,2,7200,1.0020260492
276814,276820,280283,6,3463,2,7200,1.00173260179
276844,276850,280031,6,3181,2,7200,1.00188619931
276881,276887,280339,6,3452,2,7200,1.00173812283
277054,277060,280452,6,3392,2,7200,1.00176886792
277114,277120,280476,6,3356,2,7200,1.00178784267
277147,277154,280383,7,3229,2,7200,1.00216785382
277148,277159,280384,11,3225,2,7200,1.00341085271
277174,277180,280468,6,3288,2,7200,1.00182481752
277189,277195,280626,6,3431,2,7200,1.00174876129
277258,277265,280322,7,3057,2,7200,1.00228982663
277288,277294,280698,6,3404,2,7200,1.0017626322
277378,277384,280962,6,3578,2,7200,1.00167691448
277529,277536,280952,7,3416,2,7200,1.00204918033
277592,277598,280936,6,3338,2,7200,1.00179748352
277929,277935,281108,6,3173,2,7200,1.00189095493
277930,277940,281548,10,3608,2,7200,1.00277161863
277950,277956,281368,6,3412,2,7200,1.00175849941
277955,277962,281162,7,3200,2,7200,1.0021875
278011,278017,281271,6,3254,2,7200,1.00184388445
278016,278023,278073,7,50,1,1800,1.14
278031,278037,281200,6,3163,2,7200,1.00189693329
278063,278069,281454,6,3385,2,7200,1.00177252585
278081,278087,281682,6,3595,2,7200,1.0016689847
278137,278143,281592,6,3449,2,7200,1.00173963468
278152,278158,281515,6,3357,2,7200,1.0017873101
278276,278282,281671,6,3389,2,7200,1.00177043376
278312,278318,281610,6,3292,2,7200,1.00182260024
278371,278377,281532,6,3155,2,7200,1.00190174326
278387,278393,278474,6,81,1,1800,1.07407407407
278660,278666,282061,6,3395,2,7200,1.00176730486
278684,278691,282040,7,3349,2,7200,1.00209017617
278751,278757,282073,6,3316,2,7200,1.00180940893
278857,278863,282353,6,3490,2,7200,1.00171919771
278960,278966,282470,6,3504,2,7200,1.00171232877
279085,279091,282441,6,3350,2,7200,1.00179104478
279421,279427,282690,6,3263,2,7200,1.00183879865
279427,279433,279515,6,82,1,1800,1.07317073171
279484,279490,282988,6,3498,2,7200,1.00171526587
279683,279689,283070,6,3381,2,7200,1.00177462289
279699,279706,282889,7,3183,2,7200,1.00219918316
279772,279777,283216,5,3439,2,7200,1.00145391102
279778,279784,283230,6,3446,2,7200,1.00174114916
279846,279851,283144,5,3293,2,7200,1.0015183723
279874,279880,279997,6,117,1,1800,1.05128205128
279921,279927,283271,6,3344,2,7200,1.00179425837
280030,280037,283511,7,3474,2,7200,1.00201496834
280055,280061,283362,6,3301,2,7200,1.00181763102
280090,280096,283323,6,3227,2,7200,1.00185931205
280126,280132,283348,6,3216,2,7200,1.00186567164
280235,280241,283741,6,3500,2,7200,1.00171428571
280284,280290,283563,6,3273,2,7200,1.00183318057
280321,280327,280442,6,115,1,1800,1.05217391304
280325,280333,283500,8,3167,2,7200,1.00252604989
280339,280346,283843,7,3497,2,7200,1.00200171576
280384,280390,284018,6,3628,2,7200,1.00165380375
280385,280396,283854,11,3458,2,7200,1.0031810295
280457,280463,283744,6,3281,2,7200,1.00182871076
280470,280476,284087,6,3611,2,7200,1.00166158959
280477,280483,283794,6,3311,2,7200,1.00181214135
280630,280636,283770,6,3134,2,7200,1.00191448628
280698,280705,284034,7,3329,2,7200,1.00210273355
280938,280944,284403,6,3459,2,7200,1.00173460538
280954,280961,284490,7,3529,2,7200,1.00198356475
280969,280976,284206,7,3230,2,7200,1.00216718266
281110,281116,284526,6,3410,2,7200,1.00175953079
281144,281150,281740,6,590,1,1800,1.01016949153
281165,281171,284361,6,3190,2,7200,1.00188087774
281201,281208,284694,7,3486,2,7200,1.00200803213
281270,281276,284677,6,3401,2,7200,1.001764187
281369,281375,285010,6,3635,2,7200,1.00165061898
281458,281464,284810,6,3346,2,7200,1.00179318589
281516,281522,284832,6,3310,2,7200,1.00181268882
281532,281539,284892,7,3353,2,7200,1.00208768267
281552,281558,284927,6,3369,2,7200,1.0017809439
281573,282089,284355,516,2266,16,21600,1.22771403354
281593,281600,284816,7,3216,2,7200,1.00217661692
281615,281622,284765,7,3143,2,7200,1.00222717149
281672,281678,285191,6,3513,2,7200,1.00170794193
281683,281689,285262,6,3573,2,7200,1.00167926113
282041,282047,285517,6,3470,2,7200,1.00172910663
282062,282068,285413,6,3345,2,7200,1.00179372197
282077,282083,285575,6,3492,2,7200,1.00171821306
282358,282364,285721,6,3357,2,7200,1.0017873101
282441,282448,286020,7,3572,2,7200,1.00195968645
282471,282477,286041,6,3564,2,7200,1.00168350168
282691,282697,286218,6,3521,2,7200,1.00170406135
282892,282898,286397,6,3499,2,7200,1.00171477565
282991,282997,286454,6,3457,2,7200,1.00173560891
283070,283077,286480,7,3403,2,7200,1.00205700852
283147,283153,286546,6,3393,2,7200,1.0017683466
283218,283224,286536,6,3312,2,7200,1.0018115942
283234,283240,286432,6,3192,2,7200,1.00187969925
283270,283276,286674,6,3398,2,7200,1.00176574456
283324,283330,286762,6,3432,2,7200,1.00174825175
283348,283354,286409,6,3055,2,7200,1.00196399345
283362,283368,286803,6,3435,2,7200,1.00174672489
283505,283512,287013,7,3501,2,7200,1.00199942873
283511,283518,286911,7,3393,2,7200,1.00206307103
283562,283568,286984,6,3416,2,7200,1.00175644028
283608,283614,283665,6,51,1,1800,1.11764705882
283745,283751,286980,6,3229,2,7200,1.00185816042
283746,283757,287217,11,3460,2,7200,1.00317919075
283772,283778,287226,6,3448,2,7200,1.00174013921
283797,283803,287274,6,3471,2,7200,1.00172860847
283843,283849,287376,6,3527,2,7200,1.00170116246
283860,283865,287194,5,3329,2,7200,1.00150195254
283996,284002,284081,6,79,1,1800,1.07594936709
284023,284029,287339,6,3310,2,7200,1.00181268882
284039,284045,287291,6,3246,2,7200,1.00184842884
284088,284094,287487,6,3393,2,7200,1.0017683466
284206,284212,287342,6,3130,2,7200,1.00191693291
284365,284371,287740,6,3369,2,7200,1.0017809439
284403,284410,287804,7,3394,2,7200,1.00206246317
284487,284493,287767,6,3274,2,7200,1.00183262065
284526,284532,287938,6,3406,2,7200,1.00176159718
284678,284685,288033,7,3348,2,7200,1.00209080048
284699,284705,288365,6,3660,2,7200,1.00163934426
284765,284771,288041,6,3270,2,7200,1.00183486239
284814,284820,288326,6,3506,2,7200,1.00171135197
284820,284826,287977,6,3151,2,7200,1.00190415741
284834,284841,288292,7,3451,2,7200,1.00202839757
284895,284901,288068,6,3167,2,7200,1.00189453742
284926,284932,288320,6,3388,2,7200,1.00177095632
285013,285019,288279,6,3260,2,7200,1.0018404908
285118,285124,285403,6,279,1,1800,1.02150537634
285196,285202,288630,6,3428,2,7200,1.00175029172
285265,285271,288695,6,3424,2,7200,1.00175233645
285413,285419,288948,6,3529,2,7200,1.00170019836
285418,285425,321434,7,36009,1,36000,1.00019439585
285519,285525,288881,6,3356,2,7200,1.00178784267
285579,285586,288955,7,3369,2,7200,1.00207776788
285724,285730,289124,6,3394,2,7200,1.00176782557
286024,286030,289514,6,3484,2,7200,1.00172215844
286041,286047,289340,6,3293,2,7200,1.00182204677
286215,286221,289584,6,3363,2,7200,1.00178412132
286398,286405,289773,7,3368,2,7200,1.0020783848
286410,286416,289646,6,3230,2,7200,1.00185758514
286436,286442,289862,6,3420,2,7200,1.00175438596
286458,286464,289910,6,3446,2,7200,1.00174114916
286480,286486,289883,6,3397,2,7200,1.00176626435
286538,286544,289880,6,3336,2,7200,1.00179856115
286548,286554,290230,6,3676,2,7200,1.00163220892
286676,286681,289917,5,3236,2,7200,1.00154511743
286765,286771,290068,6,3297,2,7200,1.00181983621
286807,286813,290217,6,3404,2,7200,1.0017626322
286823,288049,288056,1226,7,8,21600,123.3
286867,287027,339964,160,52937,12,86400,1.00302246066
286910,286916,290274,6,3358,2,7200,1.00178677784
286950,288067,296028,1117,7961,8,57600,1.14030900641
286988,286999,290352,11,3353,2,7200,1.0032806442
286988,286994,290365,6,3371,2,7200,1.00177988727
287014,287020,290456,6,3436,2,7200,1.00174621653
287021,288297,288305,1276,8,8,21600,128.4
287082,288316,291050,1234,2734,8,57600,1.45135332846
287196,287202,290444,6,3242,2,7200,1.00185070944
287201,287355,289229,154,1874,12,57600,1.08217716115
287218,287224,290880,6,3656,2,7200,1.00164113786
287228,287234,290527,6,3293,2,7200,1.00182204677
287277,287283,290867,6,3584,2,7200,1.00167410714
287293,287299,290789,6,3490,2,7200,1.00171919771
287295,287781,367182,486,79401,12,172800,1.00612082971
287343,287349,290738,6,3389,2,7200,1.00177043376
287345,287361,290792,16,3431,2,7200,1.00466336345
287378,287384,290928,6,3544,2,7200,1.00169300226
287487,287493,290890,6,3397,2,7200,1.00176626435
287580,288322,291805,742,3483,4,86400,1.21303474017
287741,287747,291102,6,3355,2,7200,1.00178837556
287769,287775,291173,6,3398,2,7200,1.00176574456
287807,287813,290922,6,3109,2,7200,1.00192988099
287936,287942,291509,6,3567,2,7200,1.00168208579
287978,287984,291328,6,3344,2,7200,1.00179425837
288037,288043,291455,6,3412,2,7200,1.00175849941
288042,288055,291484,13,3429,2,7200,1.00379119277
288068,288074,291364,6,3290,2,7200,1.00182370821
288284,288290,291721,6,3431,2,7200,1.00174876129
288289,288303,291745,14,3442,2,7200,1.00406740267
288319,288328,291530,9,3202,2,7200,1.00281074329
288324,288334,291755,10,3421,2,7200,1.00292312189
288366,288372,291661,6,3289,2,7200,1.00182426269
288631,288637,291936,6,3299,2,7200,1.00181873295
288698,288704,292144,6,3440,2,7200,1.00174418605
288885,288891,292063,6,3172,2,7200,1.00189155107
288946,288953,292167,7,3214,2,7200,1.00217797138
288957,288963,292228,6,3265,2,7200,1.00183767228
289125,289131,292373,6,3242,2,7200,1.00185070944
289344,289350,292637,6,3287,2,7200,1.00182537268
289518,289524,293179,6,3655,2,7200,1.00164158687
289535,289541,290027,6,486,1,18000,1.01234567901
289584,289590,293000,6,3410,2,7200,1.00175953079
289650,289656,292826,6,3170,2,7200,1.00189274448
289777,289783,293137,6,3354,2,7200,1.00178890877
289865,289871,293103,6,3232,2,7200,1.00185643564
289881,289887,293340,6,3453,2,7200,1.00173761946
289887,289894,293272,7,3378,2,7200,1.00207223209
289914,289920,292947,6,3027,2,7200,1.00198216056
289920,289926,293180,6,3254,2,7200,1.00184388445
290067,290074,293462,7,3388,2,7200,1.0020661157
290140,290146,290149,6,3,4,32400,1.0
290153,290159,322672,6,32513,8,32400,1.00018454157
290220,290226,293544,6,3318,2,7200,1.00180831826
290234,290240,293675,6,3435,2,7200,1.00174672489
290276,290283,293424,7,3141,2,7200,1.00222858962
290351,290357,293775,6,3418,2,7200,1.00175541252
290370,290376,293765,6,3389,2,7200,1.00177043376
290448,291061,299535,613,8474,8,21600,1.07233891905
290449,290455,293667,6,3212,2,7200,1.00186799502
290460,290467,293879,7,3412,2,7200,1.00205158265
290531,290538,294028,7,3490,2,7200,1.00200573066
290739,290745,294455,6,3710,2,7200,1.00161725067
290793,290805,293995,12,3190,2,7200,1.00376175549
290793,290799,294212,6,3413,2,7200,1.00175798418
290866,290872,294346,6,3474,2,7200,1.00172711572
290881,290888,294127,7,3239,2,7200,1.00216116085
290893,290899,294134,6,3235,2,7200,1.00185471406
290920,290927,294573,7,3646,2,7200,1.00191991223
290930,290936,294310,6,3374,2,7200,1.00177830468
291101,291107,294654,6,3547,2,7200,1.00169157034
291175,291181,294407,6,3226,2,7200,1.00185988841
291331,291337,294447,6,3110,2,7200,1.00192926045
291365,291371,294677,6,3306,2,7200,1.00181488203
291460,291466,294974,6,3508,2,7200,1.00171037628
291485,291491,294886,6,3395,2,7200,1.00176730486
291509,291515,295083,6,3568,2,7200,1.00168161435
291531,291537,295007,6,3470,2,7200,1.00172910663
291648,293013,301425,1365,8412,8,21600,1.1622681883
291665,291672,295161,7,3489,2,7200,1.00200630553
291696,291703,293644,7,1941,1,3600,1.00360638846
291720,291727,294936,7,3209,2,7200,1.00218136491
291745,291751,295127,6,3376,2,7200,1.00177725118
291756,291763,294970,7,3207,2,7200,1.00218272529
291761,291769,293762,8,1993,1,3600,1.00401404917
291816,291822,293507,6,1685,1,3600,1.00356083086
291938,291944,295426,6,3482,2,7200,1.00172314762
292064,292070,295437,6,3367,2,7200,1.00178200178
292146,292153,295395,7,3242,2,7200,1.00215916101
292169,292175,295171,6,2996,2,7200,1.00200267023
292230,292236,295431,6,3195,2,7200,1.00187793427
292375,292381,295696,6,3315,2,7200,1.00180995475
292639,292646,296200,7,3554,2,7200,1.00196961171
292828,292834,296114,6,3280,2,7200,1.00182926829
292949,292955,296239,6,3284,2,7200,1.00182704019
293000,293006,296452,6,3446,2,7200,1.00174114916
293104,293111,296375,7,3264,2,7200,1.00214460784
293137,293143,296272,6,3129,2,7200,1.00191754554
293177,293183,296557,6,3374,2,7200,1.00177830468
293183,293189,296413,6,3224,2,7200,1.00186104218
293263,293269,295049,6,1780,3,21600,1.00337078652
293270,293276,296677,6,3401,2,7200,1.001764187
293342,293348,296605,6,3257,2,7200,1.00184218606
293425,293431,296843,6,3412,2,7200,1.00175849941
293464,293470,296654,6,3184,2,7200,1.00188442211
293548,293555,297245,7,3690,2,7200,1.00189701897
293672,293678,297115,6,3437,2,7200,1.00174570847
293678,293684,297136,6,3452,2,7200,1.00173812283
293771,293777,297125,6,3348,2,7200,1.0017921147
293778,293784,297206,6,3422,2,7200,1.00175336061
293880,293886,297122,6,3236,2,7200,1.00185414091
293997,294004,297446,7,3442,2,7200,1.00203370134
294028,294035,297407,7,3372,2,7200,1.00207591934
294133,294139,297520,6,3381,2,7200,1.00177462289
294135,294145,297473,10,3328,2,7200,1.00300480769
294214,294220,297580,6,3360,2,7200,1.00178571429
294289,294295,546322,6,252027,1,252000,1.00002380697
294311,294317,297859,6,3542,2,7200,1.00169395822
294322,294328,390174,6,95846,1,288000,1.00006260042
294339,295060,390181,721,95121,1,288000,1.00757981939
294353,294359,297611,6,3252,2,7200,1.00184501845
294411,294417,298018,6,3601,2,7200,1.00166620383
294450,294456,297651,6,3195,2,7200,1.00187793427
294456,294462,298052,6,3590,2,7200,1.00167130919
294574,294581,297992,7,3411,2,7200,1.00205218411
294660,294666,297775,6,3109,2,7200,1.00192988099
294675,294681,297981,6,3300,2,7200,1.00181818182
294886,294892,298369,6,3477,2,7200,1.00172562554
294939,294945,298359,6,3414,2,7200,1.00175746924
294973,294980,298396,7,3416,2,7200,1.00204918033
294979,294986,298441,7,3455,2,7200,1.0020260492
295012,295018,298433,6,3415,2,7200,1.00175695461
295083,295089,298447,6,3358,2,7200,1.00178677784
295131,295137,298523,6,3386,2,7200,1.00177200236
295161,295167,298608,6,3441,2,7200,1.00174367916
295167,295438,297561,271,2123,3,21600,1.12764955252
295172,295178,298424,6,3246,2,7200,1.00184842884
295288,295294,300893,6,5599,2,21600,1.00107161993
295396,295402,298643,6,3241,2,7200,1.00185128047
295425,295431,298679,6,3248,2,7200,1.00184729064
295431,295443,298542,12,3099,2,7200,1.00387221684
295438,295449,298862,11,3413,2,7200,1.00322297099
295495,297128,325267,1633,28139,32,28800,1.05803333452
295699,295705,299244,6,3539,2,7200,1.00169539418
296116,298479,306694,2363,8215,2,21600,1.28764455265
296117,296123,299537,6,3414,2,7200,1.00175746924
296202,296208,299403,6,3195,2,7200,1.00187793427
296241,296247,299633,6,3386,2,7200,1.00177200236
296269,296276,299573,7,3297,2,7200,1.00212314225
296377,296383,299782,6,3399,2,7200,1.00176522507
296418,296424,299822,6,3398,2,7200,1.00176574456
296428,299547,302923,3119,3376,3,21600,1.92387440758
296457,296463,300002,6,3539,2,7200,1.00169539418
296551,318778,369372,22227,50594,1,72000,1.43932086809
296554,325294,353834,28740,28540,1,72000,2.00700770848
296557,296563,299976,6,3413,2,7200,1.00175798418
296558,325300,347202,28742,21902,1,72000,2.31230024655
296561,325305,347165,28744,21860,1,72000,2.31491308326
296565,317032,339270,20467,22238,2,43200,1.9203615433
296569,321373,341000,24804,19627,2,43200,2.2637692974
296572,308187,331762,11615,23575,4,43200,1.49268292683
296574,310068,333004,13494,22936,4,43200,1.58833275201
296577,297219,322976,642,25757,8,43200,1.02492526304
296581,297486,323330,905,25844,8,43200,1.0350177991
296610,296617,300067,7,3450,2,7200,1.00202898551
296654,296660,299962,6,3302,2,7200,1.00181708056
296680,296687,300109,7,3422,2,7200,1.00204558738
296787,297723,441736,936,144013,1,144000,1.00649941325
296847,296853,300121,6,3268,2,7200,1.00183598531
296871,301636,589671,4765,288035,1,288000,1.01654312844
297116,297122,300199,6,3077,2,7200,1.00194995125
297123,297134,300393,11,3259,2,7200,1.00337526849
297128,297140,300462,12,3322,2,7200,1.00361228176
297138,297147,300586,9,3439,2,7200,1.00261703984
297206,297213,300588,7,3375,2,7200,1.00207407407
297247,297253,300725,6,3472,2,7200,1.0017281106
297412,297418,300984,6,3566,2,7200,1.00168255749
297448,297454,300717,6,3263,2,7200,1.00183879865
297474,297480,301019,6,3539,2,7200,1.00169539418
297519,297525,300924,6,3399,2,7200,1.00176522507
297586,297591,301055,5,3464,2,7200,1.00144341801
297606,325278,325860,27672,582,2,180000,48.5463917526
297613,297622,300944,9,3322,2,7200,1.00270921132
297646,325283,325307,27637,24,2,180000,1152.54166667
297655,297663,300816,8,3153,2,7200,1.0025372661
297717,302615,358235,4898,55620,12,86400,1.08806184826
297753,302620,305109,4867,2489,8,57600,2.95540377662
297783,297789,301072,6,3283,2,7200,1.00182759671
297862,297870,301426,8,3556,2,7200,1.00224971879
297862,298459,298519,597,60,2,3600,10.95
297986,297992,301404,6,3412,2,7200,1.00175849941
297992,298003,301221,11,3218,2,7200,1.00341827222
298020,298029,301671,9,3642,2,7200,1.00247116969
298037,304792,315438,6755,10646,12,28799,1.63451061432
298058,298064,301470,6,3406,2,7200,1.00176159718
298199,298473,298524,274,51,2,3600,6.37254901961
298360,298370,301694,10,3324,2,7200,1.00300842359
298371,298380,301912,9,3532,2,7200,1.00254813137
298396,298407,301642,11,3235,2,7200,1.00340030912
298426,298435,301893,9,3458,2,7200,1.0026026605
298432,298444,301844,12,3400,2,7200,1.00352941176
298443,298452,301759,9,3307,2,7200,1.00272149985
298450,298534,301896,84,3362,2,7200,1.0249851279
298528,298554,301839,26,3285,2,7200,1.00791476408
298530,300904,300968,2374,64,2,7200,38.09375
298543,298619,301774,76,3155,2,7200,1.02408874802
298610,298655,302138,45,3483,2,7200,1.01291989664
298640,301436,323075,2796,21639,16,21600,1.12921114654
298642,298690,301820,48,3130,2,7200,1.01533546326
298680,299415,302874,735,3459,2,7200,1.21248915872
298800,300979,301083,2179,104,2,7200,21.9519230769
298864,299553,302940,689,3387,2,7200,1.20342485976
299215,301094,301183,1879,89,2,7200,22.1123595506
299247,299559,302922,312,3363,2,7200,1.09277430865
299405,299585,302943,180,3358,2,7200,1.05360333532
299498,301194,301364,1696,170,2,7200,10.9764705882
299542,299644,302981,102,3337,2,7200,1.03056637699
299571,299794,303059,223,3265,2,7200,1.06830015314
299640,299834,303335,194,3501,2,7200,1.05541273922
299784,299973,303451,189,3478,2,7200,1.05434157562
299822,299987,303302,165,3315,2,7200,1.04977375566
299966,300013,303338,47,3325,2,7200,1.01413533835
299977,300080,303086,103,3006,2,7200,1.03426480373
300004,300120,303723,116,3603,2,7200,1.03219539273
300045,301375,301622,1330,247,2,7200,6.38461538462
300075,300133,303375,58,3242,2,7200,1.01789019124
300114,300210,303631,96,3421,2,7200,1.02806197018
300121,300405,304083,284,3678,2,7200,1.07721587819
300200,300473,303658,273,3185,2,7200,1.08571428571
300331,314777,315276,14446,499,2,7200,29.9498997996
300397,300603,303810,206,3207,2,7200,1.06423448706
300467,300729,304117,262,3388,2,7200,1.07733175915
300590,300597,304174,7,3577,2,7200,1.00195694716
300593,300737,304133,144,3396,2,7200,1.04240282686
300720,300828,304266,108,3438,2,7200,1.03141361257
300727,300935,304122,208,3187,2,7200,1.06526513963
300816,300956,304163,140,3207,2,7200,1.04365450577
300913,304147,304171,3234,24,2,3600,135.75
300926,300996,304238,70,3242,2,7200,1.02159161012
300946,301083,304287,137,3204,2,7200,1.04275905119
300947,305120,310056,4173,4936,8,21600,1.84542139384
300990,301232,304410,242,3178,2,7200,1.07614852108
301020,301031,304337,11,3306,2,7200,1.00332728373
301057,301067,304387,10,3320,2,7200,1.00301204819
301074,301415,304795,341,3380,2,7200,1.10088757396
301221,301481,304977,260,3496,2,7200,1.07437070938
301400,304178,304208,2778,30,2,3600,93.6
301410,301653,304888,243,3235,2,7200,1.07511591963
301427,301442,304855,15,3413,2,7200,1.00439496045
301472,312082,643332,10610,331250,1,331200,1.03203018868
301474,301705,304930,231,3225,2,7200,1.07162790698
301644,301770,305232,126,3462,2,7200,1.03639514731
301672,301682,305188,10,3506,2,7200,1.00285225328
301700,301785,305241,85,3456,2,7200,1.02459490741
301761,301832,305120,71,3288,2,7200,1.02159367397
301781,301851,305449,70,3598,2,7200,1.01945525292
301822,301857,305220,35,3363,2,7200,1.01040737437
301845,301904,305201,59,3297,2,7200,1.01789505611
301846,301911,304960,65,3049,2,7200,1.02131846507
301897,301924,305460,27,3536,2,7200,1.00763574661
301898,302149,305352,251,3203,2,7200,1.07836403372
301914,302885,306303,971,3418,2,7200,1.2840842598
301934,315287,315343,13353,56,2,7200,239.446428571
302143,302934,306234,791,3300,2,7200,1.2396969697
302301,315354,315461,13053,107,2,7200,122.990654206
302874,302954,306100,80,3146,2,7200,1.02542911634
302928,302994,306490,66,3496,2,7200,1.01887871854
302940,303070,306701,130,3631,2,7200,1.03580280914
302946,303098,306556,152,3458,2,7200,1.04395604396
302985,303313,306672,328,3359,2,7200,1.09764810956
303058,303346,306486,288,3140,2,7200,1.09171974522
303089,303352,306499,263,3147,2,7200,1.08357165554
303303,303387,306532,84,3145,2,7200,1.026709062
303334,303462,306789,128,3327,2,7200,1.03847309889
303340,303644,306934,304,3290,2,7200,1.09240121581
303377,303669,306719,292,3050,2,7200,1.09573770492
303458,303735,307441,277,3706,2,7200,1.07474365893
303533,303835,303879,302,44,3,60,7.86363636364
303636,303822,307372,186,3550,2,7200,1.0523943662
303660,304095,307544,435,3449,2,7200,1.12612351406
303726,304129,307575,403,3446,2,7200,1.11694718514
303814,304135,307526,321,3391,2,7200,1.09466234149
303928,304142,304222,214,80,3,60,3.675
303988,303994,304168,6,174,1,3600,1.03448275862
304089,304153,307520,64,3367,2,7200,1.01900801901
304119,304183,307641,64,3458,2,7200,1.01850780798
304126,304249,307911,123,3662,2,7200,1.03358820317
304138,304279,307611,141,3332,2,7200,1.04231692677
304165,304299,307478,134,3179,2,7200,1.04215162001
304177,304189,307803,12,3614,2,7200,1.00332042059
304243,304349,307734,106,3385,2,7200,1.03131462334
304268,304899,308272,631,3373,2,7200,1.18707382152
304290,304941,308293,651,3352,2,7200,1.1942124105
304305,304312,304673,7,361,1,3600,1.01939058172
304343,304422,307798,79,3376,2,7200,1.02340047393
304389,304806,308078,417,3272,2,7200,1.12744498778
304413,304972,307964,559,2992,2,7200,1.1868315508
304568,310074,313864,5506,3790,3,10800,2.45277044855
304798,304989,308199,191,3210,2,7200,1.05950155763
304858,304867,308079,9,3212,2,7200,1.00280199253
304888,305131,308538,243,3407,2,7200,1.07132374523
304893,306706,307569,1813,863,1,3600,3.10081112399
304930,305213,308567,283,3354,2,7200,1.08437686345
304965,305233,308515,268,3282,2,7200,1.0816575259
304983,305243,308600,260,3357,2,7200,1.07745010426
305123,305253,308520,130,3267,2,7200,1.03979185797
305191,305199,308806,8,3607,2,7200,1.00221790962
305202,305364,308758,162,3394,2,7200,1.04773129051
305222,305460,308708,238,3248,2,7200,1.07327586207
305235,305471,308784,236,3313,2,7200,1.07123453064
305241,306111,309749,870,3638,2,7200,1.23914238593
305355,306246,309701,891,3455,2,7200,1.25788712012
305450,306314,309629,864,3315,2,7200,1.26063348416
305466,306498,310015,1032,3517,2,7200,1.29343190219
306102,306505,309948,403,3443,2,7200,1.1170490851
306238,306512,309724,274,3212,2,7200,1.08530510585
306302,306543,309912,241,3369,2,7200,1.07153457999
306490,306568,310046,78,3478,2,7200,1.022426682
306491,306683,309972,192,3289,2,7200,1.0583764062
306502,306711,310181,209,3470,2,7200,1.06023054755
306535,306730,309906,195,3176,2,7200,1.06139798489
306559,306801,310252,242,3451,2,7200,1.07012460156
306674,306945,310036,271,3091,2,7200,1.08767389194
306702,307383,310718,681,3335,2,7200,1.20419790105
306725,307453,310844,728,3391,2,7200,1.21468593335
306795,307489,311098,694,3609,2,7200,1.19229703519
306934,322991,333066,16057,10075,8,57600,2.59374689826
306939,307531,310852,592,3321,2,7200,1.17825956037
307007,323346,330716,16339,7370,8,57600,3.21696065129
307375,307537,310863,162,3326,2,7200,1.04870715574
307443,307555,310964,112,3409,2,7200,1.03285420945
307479,307586,311071,107,3485,2,7200,1.03070301291
307526,307623,310953,97,3330,2,7200,1.02912912913
307526,307652,311092,126,3440,2,7200,1.03662790698
307548,307745,311012,197,3267,2,7200,1.06029996939
307575,307923,311607,348,3684,2,7200,1.09446254072
307618,307976,311378,358,3402,2,7200,1.10523221634
307643,308283,311723,640,3440,2,7200,1.18604651163
307736,308305,311716,569,3411,2,7200,1.16681325125
307794,314309,336062,6515,21753,1,86400,1.29949891969
307804,307810,311133,6,3323,2,7200,1.00180559735
307805,307816,311169,11,3353,2,7200,1.0032806442
307913,308526,311963,613,3437,2,7200,1.17835321501
307967,308532,311915,565,3383,2,7200,1.16701152823
308057,308063,308177,6,114,1,3600,1.05263157895
308080,308089,311696,9,3607,2,7200,1.00249514832
308082,308210,311717,128,3507,2,7200,1.03649843171
308200,308549,312075,349,3526,2,7200,1.09897901305
308265,314782,315112,6517,330,1,3600,20.7484848485
308277,308578,312000,301,3422,2,7200,1.08796025716
308294,308611,312176,317,3565,2,7200,1.0889200561
308517,308719,312070,202,3351,2,7200,1.06028051328
308523,308769,312279,246,3510,2,7200,1.07008547009
308542,308795,312230,253,3435,2,7200,1.07365356623
308572,309641,313080,1069,3439,2,7200,1.31084617621
308604,309713,313005,1109,3292,2,7200,1.33687727825
308710,309735,313110,1025,3375,2,7200,1.3037037037
308765,309761,313067,996,3306,2,7200,1.30127041742
308789,309917,313156,1128,3239,2,7200,1.34825563446
308812,308817,312339,5,3522,2,7200,1.00141964793
309635,309923,313346,288,3423,2,7200,1.08413672217
309701,309959,313205,258,3246,2,7200,1.07948243993
309728,309986,313424,258,3438,2,7200,1.07504363002
309751,310026,313404,275,3378,2,7200,1.08140911782
309869,315472,315494,5603,22,2,3600,255.681818182
309870,319284,327493,9414,8209,3,21600,2.14679010842
309913,310057,313444,144,3387,2,7200,1.04251550044
309913,310047,313391,134,3344,2,7200,1.04007177033
309950,310079,313331,129,3252,2,7200,1.03966789668
309972,310193,313503,221,3310,2,7200,1.0667673716
310019,310263,313598,244,3335,2,7200,1.07316341829
310036,310730,314035,694,3305,2,7200,1.20998487141
310053,310855,314028,802,3173,2,7200,1.25275764261
310141,315505,315537,5364,32,2,3600,168.625
310183,310863,314091,680,3228,2,7200,1.21065675341
310257,310874,314287,617,3413,2,7200,1.18077937299
310880,325289,330291,14409,5002,8,21600,3.8806477409
311137,311143,314506,6,3363,2,7200,1.00178412132
311170,311176,314821,6,3645,2,7200,1.00164609053
311187,311193,311254,6,61,2,1800,1.09836065574
311187,311198,311259,11,61,2,1800,1.18032786885
311187,311203,311264,16,61,2,1800,1.26229508197
311188,311221,311282,33,61,2,1800,1.54098360656
311188,311215,311276,27,61,2,1800,1.44262295082
311188,311210,311271,22,61,2,1800,1.3606557377
311189,311292,311357,103,65,2,1800,2.58461538462
311189,311273,311333,84,60,2,1800,2.4
311189,311266,311326,77,60,2,1800,2.28333333333
311189,311286,311347,97,61,2,1800,2.59016393443
311189,311279,311340,90,61,2,1800,2.47540983607
311190,311299,311359,109,60,2,1800,2.81666666667
311190,311338,311399,148,61,2,1800,3.4262295082
311190,311345,311406,155,61,2,1800,3.54098360656
311190,311352,311412,162,60,2,1800,3.7
311191,311390,311450,199,60,2,1800,4.31666666667
311191,311375,311435,184,60,2,1800,4.06666666667
311191,311368,311429,177,61,2,1800,3.90163934426
311191,311358,311419,167,61,2,1800,3.73770491803
311192,311411,311471,219,60,2,1800,4.65
311504,311515,311536,11,21,2,1800,1.52380952381
311504,311521,311542,17,21,2,1800,1.80952380952
311504,311510,311531,6,21,2,1800,1.28571428571
311505,311527,311548,22,21,2,1800,2.04761904762
311505,311538,311559,33,21,2,1800,2.57142857143
311505,311533,311553,28,20,2,1800,2.4
311506,311550,311570,44,20,2,1800,3.2
311506,311561,311582,55,21,2,1800,3.61904761905
311506,311543,311564,37,21,2,1800,2.7619047619
311506,311555,311576,49,21,2,1800,3.33333333333
311507,311567,311588,60,21,2,1800,3.85714285714
311507,311574,311595,67,21,2,1800,4.19047619048
311507,311579,311600,72,21,2,1800,4.42857142857
311508,311603,311624,95,21,2,1800,5.52380952381
311508,311591,311612,83,21,2,1800,4.95238095238
311508,311597,311618,89,21,2,1800,5.2380952381
311508,311586,311606,78,20,2,1800,4.9
311509,311610,311631,101,21,2,1800,5.80952380952
311509,311622,311642,113,20,2,1800,6.65
311509,311615,311636,106,21,2,1800,6.04761904762
311564,315548,315618,3984,70,2,7200,57.9142857143
311701,311707,315178,6,3471,2,7200,1.00172860847
311719,311725,315300,6,3575,2,7200,1.00167832168
311938,315629,315758,3691,129,2,7200,29.6124031008
312345,312351,315931,6,3580,2,7200,1.00167597765
312530,312536,312607,6,71,2,3600,1.08450704225
312588,315769,315801,3181,32,2,7200,100.40625
312761,312767,313313,6,546,32,36000,1.01098901099
312771,313324,313407,553,83,32,36000,7.66265060241
312811,315449,319272,2638,3823,12,57600,1.69003400471
312918,312924,313206,6,282,2,3600,1.02127659574
313015,318751,318766,5736,15,1,72000,383.4
313067,315812,315863,2745,51,2,7200,54.8235294118
313272,313342,313397,70,55,8,1500,2.27272727273
313272,313278,313395,6,117,8,1500,1.05128205128
313815,313831,313896,16,65,2,1800,1.24615384615
313815,313821,313882,6,61,2,1800,1.09836065574
313815,313826,313887,11,61,2,1800,1.18032786885
313816,313849,313910,33,61,2,1800,1.54098360656
313816,313844,313905,28,61,2,1800,1.45901639344
313816,313838,313900,22,62,2,1800,1.35483870968
313817,313859,313920,42,61,2,1800,1.68852459016
313817,313854,313915,37,61,2,1800,1.60655737705
313817,313865,313926,48,61,2,1800,1.7868852459
313817,313870,313931,53,61,2,1800,1.86885245902
313817,313875,313936,58,61,2,1800,1.95081967213
313818,313880,313941,62,61,2,1800,2.01639344262
313818,313886,313947,68,61,2,1800,2.11475409836
313818,313891,313952,73,61,2,1800,2.19672131148
313818,313896,313957,78,61,2,1800,2.27868852459
313819,313917,313978,98,61,2,1800,2.60655737705
313819,313912,313973,93,61,2,1800,2.52459016393
313819,313901,313962,82,61,2,1800,2.34426229508
313819,313906,313968,87,62,2,1800,2.40322580645
313820,313922,313983,102,61,2,1800,2.67213114754
314006,314012,315037,6,1025,16,14400,1.00585365854
314016,314022,314660,6,638,16,36000,1.00940438871
314031,314043,314064,12,21,2,1800,1.57142857143
314031,314037,314058,6,21,2,1800,1.28571428571
314032,314054,314075,22,21,2,1800,2.04761904762
314032,314060,314081,28,21,2,1800,2.33333333333
314032,314048,314069,16,21,2,1800,1.7619047619
314032,314065,314086,33,21,2,1800,2.57142857143
314033,314070,314092,37,22,2,1800,2.68181818182
314033,314091,314112,58,21,2,1800,3.7619047619
314033,314086,314107,53,21,2,1800,3.52380952381
314033,314081,314102,48,21,2,1800,3.28571428571
314033,314075,314097,42,22,2,1800,2.90909090909
314034,314114,314135,80,21,2,1800,4.80952380952
314034,314109,314130,75,21,2,1800,4.57142857143
314034,314102,314123,68,21,2,1800,4.2380952381
314034,314096,314117,62,21,2,1800,3.95238095238
314035,314119,314140,84,21,2,1800,5.0
314035,314130,314150,95,20,2,1800,5.75
314035,314135,314156,100,21,2,1800,5.7619047619
314035,314124,314145,89,21,2,1800,5.2380952381
314036,314140,314161,104,21,2,1800,5.95238095238
314281,315874,315978,1593,104,2,7200,16.3173076923
314313,314319,314680,6,361,4,3600,1.01662049861
314510,314516,317899,6,3383,2,7200,1.00177357375
314561,330417,341249,15856,10832,3,10800,2.46381093058
314564,314571,314811,7,240,2,3600,1.02916666667
314707,315989,316185,1282,196,2,7200,7.54081632653
314824,314830,318391,6,3561,2,7200,1.00168491997
314997,315003,315066,6,63,2,3600,1.09523809524
315089,315095,315360,6,265,2,3600,1.02264150943
315179,315185,318738,6,3553,2,7200,1.00168871376
315200,316196,316265,996,69,2,7200,15.4347826087
315300,315306,318686,6,3380,2,7200,1.00177514793
315560,316277,316397,717,120,2,7200,6.975
315714,315720,315741,6,21,2,1800,1.28571428571
315926,315932,315957,6,25,2,1800,1.24
315932,315938,319467,6,3529,2,7200,1.00170019836
315982,316408,316602,426,194,2,7200,3.19587628866
315992,315998,316004,6,6,2,1800,1.2
316027,316033,316058,6,25,2,1800,1.24
316182,316188,316213,6,25,2,1800,1.24
316354,316613,316968,259,355,2,7200,1.72957746479
316425,316431,316455,6,24,2,1800,1.25
316524,316530,316551,6,21,2,1800,1.28571428571
316567,316574,316599,7,25,2,1800,1.28
316829,316980,317021,151,41,2,7200,4.68292682927
317159,319289,319365,2130,76,2,7200,29.0263157895
317600,319376,319510,1776,134,2,7200,14.2537313433
317724,322678,329819,4954,7141,16,10800,1.6937403725
317902,317908,321373,6,3465,2,7200,1.00173160173
317904,319522,319760,1618,238,2,7200,7.79831932773
318336,319771,319831,1435,60,2,7200,24.9166666667
318393,318399,321679,6,3280,2,7200,1.00182926829
318422,323086,344727,4664,21641,16,21600,1.21551684303
318439,344738,366370,26299,21632,16,21600,2.21574519231
318647,319842,319952,1195,110,2,7200,11.8636363636
318688,318695,322010,7,3315,2,7200,1.00211161388
318739,318745,322328,6,3583,2,7200,1.00167457438
318986,319964,320170,978,206,2,7200,5.74757281553
319328,320181,320548,853,367,2,7200,3.3242506812
319468,319474,322843,6,3369,2,7200,1.0017809439
319689,320560,320625,871,65,2,7200,14.4
319852,326762,383816,6910,57054,1,72000,1.12111333123
320090,320636,320749,546,113,2,7200,5.83185840708
320380,320760,320978,380,218,2,7200,2.74311926606
320653,320990,321362,337,372,2,7200,1.90591397849
321378,321384,324953,6,3569,2,7200,1.00168114318
321682,321688,325190,6,3502,2,7200,1.00171330668
321802,321808,322513,6,705,8,1500,1.0085106383
321803,321819,322525,16,706,8,1500,1.02266288952
321803,321813,322523,10,710,8,1500,1.01408450704
321803,321830,322569,27,739,8,1500,1.03653585927
321803,321825,322538,22,713,8,1500,1.03085553997
321804,321835,322543,31,708,8,1500,1.04378531073
321804,321840,322548,36,708,8,1500,1.05084745763
321804,321846,322556,42,710,8,1500,1.05915492958
321804,322524,323228,720,704,8,1500,2.02272727273
321805,322535,323270,730,735,8,1500,1.99319727891
321805,322542,323251,737,709,8,1500,2.0394922426
321805,322556,323266,751,710,8,1500,2.05774647887
321805,322550,323255,745,705,8,1500,2.05673758865
321806,322581,323285,775,704,8,1500,2.10085227273
321806,323240,323943,1434,703,8,1500,3.03982930299
321806,322569,323273,763,704,8,1500,2.08380681818
321806,322562,323283,756,721,8,1500,2.04854368932
321807,323284,323997,1477,713,8,1500,3.07152875175
321807,323277,323987,1470,710,8,1500,3.07042253521
321807,323262,323979,1455,717,8,1500,3.02928870293
321807,323268,323977,1461,709,8,1500,3.06064880113
321808,323295,324006,1487,711,8,1500,3.09142053446
321808,323301,324007,1493,706,8,1500,3.11473087819
321808,323289,323996,1481,707,8,1500,3.09476661952
321809,323988,324700,2179,712,8,1500,4.06039325843
321809,324001,324714,2192,713,8,1500,4.07433380084
321809,323955,324661,2146,706,8,1500,4.03966005666
321809,323995,324708,2186,713,8,1500,4.06591865358
321810,324020,324730,2210,710,8,1500,4.11267605634
321810,324025,324729,2215,704,8,1500,4.14630681818
321810,324008,324718,2198,710,8,1500,4.09577464789
321810,324013,324722,2203,709,8,1500,4.1071932299
321811,324725,325444,2914,719,8,1500,5.0528511822
321811,324719,325435,2908,716,8,1500,5.06145251397
321811,324711,325420,2900,709,8,1500,5.09026798307
321811,324672,325394,2861,722,8,1500,4.96260387812
321812,324750,325465,2938,715,8,1500,5.10909090909
321812,324745,325456,2933,711,8,1500,5.12517580872
321812,324738,325454,2926,716,8,1500,5.08659217877
321812,324732,325441,2920,709,8,1500,5.11847672779
321813,325310,326021,3497,711,8,1500,5.91842475387
321813,325322,326029,3509,707,8,1500,5.96322489392
321813,325316,326046,3503,730,8,1500,5.79863013699
321813,325405,326114,3592,709,8,1500,6.06629055007
321814,325459,326168,3645,709,8,1500,6.14104372355
321814,325431,326156,3617,725,8,1500,5.98896551724
321814,325453,326165,3639,712,8,1500,6.11095505618
321814,325446,326157,3632,711,8,1500,6.10829817159
321815,325466,326179,3651,713,8,1500,6.1206171108
321815,325473,326187,3658,714,8,1500,6.12324929972
321815,325480,326191,3665,711,8,1500,6.1547116737
321815,326032,326747,4217,715,8,1500,6.8979020979
321816,326041,326751,4225,710,8,1500,6.95070422535
321816,326058,326789,4242,731,8,1500,6.80300957592
321816,326126,326833,4310,707,8,1500,7.09618104668
321816,326167,326879,4351,712,8,1500,7.11095505618
321817,326179,326888,4362,709,8,1500,7.15232722144
321817,326173,326896,4356,723,8,1500,7.02489626556
321817,326191,326907,4374,716,8,1500,7.10893854749
321817,326185,326892,4368,707,8,1500,7.17821782178
321818,326198,326916,4380,718,8,1500,7.10027855153
321818,326845,327555,5027,710,8,1500,8.08028169014
321818,326805,327516,4987,711,8,1500,8.01406469761
321818,326205,326918,4387,713,8,1500,7.15287517532
321819,326890,327598,5071,708,8,1500,8.16242937853
321819,326900,327603,5081,703,8,1500,8.22759601707
321819,326906,327615,5087,709,8,1500,8.17489421721
321819,326913,327627,5094,714,8,1500,8.13445378151
321820,326928,327630,5108,702,8,1500,8.27635327635
321820,326919,327635,5099,716,8,1500,8.12150837989
321820,326934,327658,5114,724,8,1500,8.0635359116
321821,327609,328345,5788,736,8,1500,8.86413043478
321821,327527,328238,5706,711,8,1500,9.0253164557
321821,327567,328274,5746,707,8,1500,9.12729844413
321821,327616,328323,5795,707,8,1500,9.19660537482
321822,327638,328344,5816,706,8,1500,9.23796033994
321822,327651,328357,5829,706,8,1500,9.25637393768
321822,327645,328369,5823,724,8,1500,9.04281767956
321822,327669,328376,5847,707,8,1500,9.27015558699
321822,327627,328354,5805,727,8,1500,8.984869326
321823,328249,328965,6426,716,8,1500,9.9748603352
321823,328285,328998,6462,713,8,1500,10.0631136045
321823,328334,329041,6511,707,8,1500,10.2093352192
321824,328368,329075,6544,707,8,1500,10.2560113154
321824,328381,329095,6557,714,8,1500,10.1834733894
321824,328375,329083,6551,708,8,1500,10.2528248588
321824,328361,329067,6537,706,8,1500,10.2592067989
321824,328355,329069,6531,714,8,1500,10.1470588235
321825,329009,329717,7184,708,8,1500,11.1468926554
321825,328387,329095,6562,708,8,1500,10.2683615819
321825,328977,329692,7152,715,8,1500,11.0027972028
321826,329052,329760,7226,708,8,1500,11.2062146893
321833,329091,329800,7258,709,8,1500,11.2369534556
321833,329085,329793,7252,708,8,1500,11.2429378531
321833,329078,329784,7245,706,8,1500,11.2620396601
321833,329097,329818,7264,721,8,1500,11.0748959778
321834,329111,329823,7277,712,8,1500,11.220505618
321834,329703,330406,7869,703,8,1500,12.1934566145
321834,329728,330438,7894,710,8,1500,12.1183098592
321834,329106,329813,7272,707,8,1500,11.2857142857
321835,329804,330513,7969,709,8,1500,12.23977433
321835,329771,330480,7936,709,8,1500,12.1932299013
321835,329795,330504,7960,709,8,1500,12.2270803949
321836,329825,330551,7989,726,8,1500,12.0041322314
321836,329838,330547,8002,709,8,1500,12.2863187588
321836,329832,330546,7996,714,8,1500,12.1988795518
321836,329811,330519,7975,708,8,1500,12.2641242938
322012,322018,325480,6,3462,2,7200,1.00173310225
322330,322336,325713,6,3377,2,7200,1.0017767249
322845,322851,326518,6,3667,2,7200,1.00163621489
324955,324961,328311,6,3350,2,7200,1.00179104478
325193,325199,328847,6,3648,2,7200,1.00164473684
325483,325492,328855,9,3363,2,7200,1.00267618198
325716,325725,329336,9,3611,2,7200,1.00249238438
326521,326527,330010,6,3483,2,7200,1.00172265289
326582,326800,510235,218,183435,18,216000,1.00118843187
326665,330563,366567,3898,36004,1,36000,1.10826574825
327649,330734,373952,3085,43218,3,43200,1.07138229441
328313,328322,332133,9,3811,2,7200,1.00236158489
328848,328867,332486,19,3619,2,7200,1.00525006908
328863,328983,332432,120,3449,2,7200,1.03479269353
329337,329344,333034,7,3690,2,7200,1.00189701897
329837,329850,332348,13,2498,5,3600,1.00520416333
329837,329844,332248,7,2404,5,3600,1.00291181364
329848,329856,332261,8,2405,5,3600,1.00332640333
329859,330422,332858,563,2436,5,3600,1.23111658456
330011,330017,333657,6,3640,2,7200,1.00164835165
330409,330428,332908,19,2480,5,3600,1.00766129032
330429,330449,333082,20,2633,5,3600,1.00759589821
330450,330491,332897,41,2406,5,3600,1.0170407315
330481,330496,333109,15,2613,5,3600,1.00574052813
330492,330515,332929,23,2414,5,3600,1.00952775476
330513,330521,333176,8,2655,5,3600,1.00301318267
330523,330529,332909,6,2380,5,3600,1.0025210084
330524,330535,333177,11,2642,5,3600,1.00416351249
330534,330541,332951,7,2410,5,3600,1.00290456432
330545,330557,332956,12,2399,5,3600,1.0050020842
330555,330569,333053,14,2484,5,3600,1.00563607085
330556,330575,333016,19,2441,5,3600,1.00778369521
330566,330581,333080,15,2499,5,3600,1.00600240096
330577,330728,333132,151,2404,5,3600,1.06281198003
330730,331778,334284,1048,2506,5,3600,1.41819632881
331779,332260,334618,481,2358,5,3600,1.20398642918
332135,332142,335842,7,3700,2,7200,1.00189189189
332257,332273,334670,16,2397,5,3600,1.00667501043
332278,332361,334780,83,2419,5,3600,1.03431169905
332360,332869,335257,509,2388,5,3600,1.21314907873
332436,332442,335907,6,3465,2,7200,1.00173160173
332487,332493,335888,6,3395,2,7200,1.00176730486
332590,332970,382334,380,49364,8,57600,1.00769791751
332870,332908,335368,38,2460,5,3600,1.01544715447
332911,332919,335297,8,2378,5,3600,1.00336417157
332921,332928,335384,7,2456,5,3600,1.00285016287
332932,332941,335326,9,2385,5,3600,1.00377358491
332943,332963,335515,20,2552,5,3600,1.0078369906
332963,333027,335446,64,2419,5,3600,1.02645721372
333025,333064,335670,39,2606,5,3600,1.01496546431
333035,333043,336698,8,3655,2,7200,1.00218878249
333066,333077,335506,11,2429,5,3600,1.0045286126
333077,333083,335554,6,2471,5,3600,1.00242816673
333087,333093,335616,6,2523,5,3600,1.00237812128
333098,333104,335539,6,2435,5,3600,1.00246406571
333109,333120,335732,11,2612,5,3600,1.00421133231
333119,333143,335588,24,2445,5,3600,1.00981595092
333140,333187,335703,47,2516,5,3600,1.01868044515
333191,333198,335702,7,2504,5,3600,1.00279552716
333202,334295,336676,1093,2381,5,3600,1.45905081898
333659,333665,337101,6,3436,2,7200,1.00174621653
334292,334629,337095,337,2466,5,3600,1.13665855637
334630,334681,337097,51,2416,5,3600,1.02110927152
334681,334791,337281,110,2490,5,3600,1.04417670683
334794,335268,337652,474,2384,5,3600,1.19882550336
335272,335309,337730,37,2421,5,3600,1.01528294093
335314,335337,337805,23,2468,5,3600,1.00931928687
335334,335379,337945,45,2566,5,3600,1.0175370226
335376,335396,337769,20,2373,5,3600,1.00842815002
335396,335458,338093,62,2635,5,3600,1.02352941176
335458,335517,337930,59,2413,5,3600,1.02445089101
335519,335526,338180,7,2654,5,3600,1.00263752826
335530,335551,337924,21,2373,5,3600,1.00884955752
335551,335567,338232,16,2665,5,3600,1.00600375235
335572,335600,338048,28,2448,5,3600,1.0114379085
335603,335628,338080,25,2452,5,3600,1.01019575856
335624,335682,338058,58,2376,5,3600,1.02441077441
335685,335713,338157,28,2444,5,3600,1.01145662848
335716,335722,338238,6,2516,5,3600,1.00238473768
335727,335743,338143,16,2400,5,3600,1.00666666667
335747,336687,339179,940,2492,5,3600,1.3772070626
335843,335849,339090,6,3241,2,7200,1.00185128047
335891,335897,339416,6,3519,2,7200,1.00170502984
335909,335915,339349,6,3434,2,7200,1.00174723355
336140,337941,342652,1801,4711,1,18000,1.38229675228
336684,337106,339473,422,2367,5,3600,1.17828474863
336701,336707,340307,6,3600,2,7200,1.00166666667
336751,336757,336839,6,82,1,3600,1.07317073171
336853,336859,340485,6,3626,1,3600,1.00165471594
337102,337118,339510,16,2392,5,3600,1.00668896321
337102,337113,340448,11,3335,2,7200,1.00329835082
337123,337292,339747,169,2455,5,3600,1.06883910387
337296,337663,340018,367,2355,5,3600,1.15583864119
337663,337741,340200,78,2459,5,3600,1.03172021147
337745,337780,340117,35,2337,5,3600,1.01497646555
337776,337816,340256,40,2440,5,3600,1.01639344262
337817,337935,340327,118,2392,5,3600,1.04933110368
337940,337948,340506,8,2558,5,3600,1.00312744332
337951,337957,340346,6,2389,5,3600,1.00251151109
337962,338059,340585,97,2526,5,3600,1.03840063341
338064,338070,340551,6,2481,5,3600,1.00241837969
338074,338091,340527,17,2436,5,3600,1.00697865353
338095,338104,340608,9,2504,5,3600,1.0035942492
338106,338154,340574,48,2420,5,3600,1.01983471074
338157,338168,340758,11,2590,5,3600,1.00424710425
338168,338191,340653,23,2462,5,3600,1.00934199838
338189,338243,340736,54,2493,5,3600,1.02166064982
338240,338249,340751,9,2502,5,3600,1.0035971223
338251,339190,341638,939,2448,5,3600,1.38357843137
339092,339102,342552,10,3450,2,7200,1.00289855072
339188,339484,341945,296,2461,5,3600,1.12027631044
339352,339358,342671,6,3313,2,7200,1.00181104739
339418,339424,342863,6,3439,2,7200,1.00174469322
339483,339521,342034,38,2513,5,3600,1.01512136888
339524,339759,342161,235,2402,5,3600,1.09783513739
339759,339975,342328,216,2353,5,3600,1.09179770506
339973,339981,342331,8,2350,5,3600,1.00340425532
339984,339990,342496,6,2506,5,3600,1.00239425379
339994,340030,342469,36,2439,5,3600,1.0147601476
340035,340129,342451,94,2322,5,3600,1.04048234281
340128,340211,342774,83,2563,5,3600,1.03238392509
340210,340268,342957,58,2689,5,3600,1.02156935664
340271,340338,342797,67,2459,5,3600,1.02724684831
340310,340318,343765,8,3447,2,7200,1.00232085872
340343,340357,342844,14,2487,5,3600,1.00562927222
340354,340517,342913,163,2396,5,3600,1.06803005008
340452,340459,343717,7,3258,2,7200,1.0021485574
340517,340538,343025,21,2487,5,3600,1.00844390832
340538,340562,343015,24,2453,5,3600,1.00978393804
340559,340585,343076,26,2491,5,3600,1.01043757527
340590,340596,343148,6,2552,5,3600,1.00235109718
340600,340619,343097,19,2478,5,3600,1.00766747377
340621,340664,343133,43,2469,5,3600,1.01741595788
340662,340747,343243,85,2496,5,3600,1.03405448718
340744,340762,343197,18,2435,5,3600,1.00739219713
340765,340771,343206,6,2435,5,3600,1.00246406571
340776,341260,343762,484,2502,5,3600,1.1934452438
341265,341650,344249,385,2599,5,3600,1.14813389765
341652,341956,344460,304,2504,5,3600,1.1214057508
341958,342045,344527,87,2482,5,3600,1.03505237712
342050,342172,344616,122,2444,5,3600,1.04991816694
342173,342339,344881,166,2542,5,3600,1.06530291109
342337,342463,373488,126,31025,8,160500,1.00406124093
342460,342480,345005,20,2525,5,3600,1.00792079208
342481,342507,344969,26,2462,5,3600,1.0105605199
342512,342785,345119,273,2334,5,3600,1.11696658098
342554,342560,346032,6,3472,2,7200,1.0017281106
342672,342678,346028,6,3350,2,7200,1.00179104478
342788,342808,345111,20,2303,5,3600,1.00868432479
342809,342855,345358,46,2503,5,3600,1.01837794646
342860,342924,345307,64,2383,5,3600,1.02685690306
342866,342872,346133,6,3261,2,7200,1.0018399264
342922,342968,345335,46,2367,5,3600,1.01943388255
342973,343026,345455,53,2429,5,3600,1.02181967888
343025,343036,345428,11,2392,5,3600,1.00459866221
343035,343088,345519,53,2431,5,3600,1.02180172768
343087,343109,345578,22,2469,5,3600,1.00891049008
343108,343144,345517,36,2373,5,3600,1.01517067004
343149,343161,345613,12,2452,5,3600,1.00489396411
343159,343208,345576,49,2368,5,3600,1.02069256757
343211,343217,345570,6,2353,5,3600,1.00254993625
343221,343254,345661,33,2407,5,3600,1.01371001246
343252,343779,346345,527,2566,5,3600,1.20537802027
343717,343723,347155,6,3432,2,7200,1.00174825175
343765,343772,347280,7,3508,2,7200,1.001995439
343782,344260,346617,478,2357,5,3600,1.20280016971
344261,344471,346841,210,2370,5,3600,1.08860759494
344475,344539,346954,64,2415,5,3600,1.0265010352
344537,344627,346947,90,2320,5,3600,1.03879310345
344629,344892,347370,263,2478,5,3600,1.10613397902
344894,344980,347474,86,2494,5,3600,1.03448275862
344986,345016,347445,30,2429,5,3600,1.01235076163
345016,345122,347528,106,2406,5,3600,1.04405652535
345119,345130,347526,11,2396,5,3600,1.00459098497
345129,345318,347710,189,2392,5,3600,1.07901337793
345323,345346,347772,23,2426,5,3600,1.00948062655
345344,345369,347841,25,2472,5,3600,1.01011326861
345365,345440,347855,75,2415,5,3600,1.03105590062
345436,345466,347755,30,2289,5,3600,1.0131061599
345467,345528,347898,61,2370,5,3600,1.02573839662
345529,345535,347841,6,2306,5,3600,1.00260190807
345540,345582,348106,42,2524,5,3600,1.01664025357
345581,345588,347992,7,2404,5,3600,1.00291181364
345591,345598,348112,7,2514,5,3600,1.00278440732
345602,345624,348103,22,2479,5,3600,1.00887454619
345623,345673,348146,50,2473,5,3600,1.02021835827
345675,346043,348608,368,2565,5,3600,1.14346978558
346029,346035,349641,6,3606,2,7200,1.00166389351
346042,346628,349154,586,2526,5,3600,1.23198733175
346044,346144,349641,100,3497,2,7200,1.02859593938
346135,346357,349850,222,3493,2,7200,1.06355568279
346633,346852,349197,219,2345,5,3600,1.0933901919
346857,346958,349304,101,2346,5,3600,1.04305200341
346960,346966,349325,6,2359,5,3600,1.00254345061
346970,347181,349734,211,2553,5,3600,1.08264786526
347156,347162,350658,6,3496,2,7200,1.00171624714
347185,347381,349870,196,2489,5,3600,1.07874648453
347283,347291,350926,8,3635,2,7200,1.00220082531
347379,347456,349920,77,2464,5,3600,1.03125
347461,347485,350017,24,2532,5,3600,1.00947867299
347481,347538,350129,57,2591,5,3600,1.0219992281
347543,347549,350013,6,2464,5,3600,1.00243506494
347553,347721,350276,168,2555,5,3600,1.06575342466
347727,347766,350276,39,2510,5,3600,1.01553784861
347768,347783,350237,15,2454,5,3600,1.00611246944
347789,347852,350400,63,2548,5,3600,1.02472527473
347850,347858,350157,8,2299,5,3600,1.00347977381
347861,347867,350231,6,2364,5,3600,1.00253807107
347871,347910,350188,39,2278,5,3600,1.01712028095
347913,348003,350464,90,2461,5,3600,1.0365704998
348005,348114,350459,109,2345,5,3600,1.04648187633
348117,348123,350481,6,2358,5,3600,1.00254452926
348128,348134,350418,6,2284,5,3600,1.00262697023
348138,348157,350596,19,2439,5,3600,1.0077900779
348159,348619,351120,460,2501,5,3600,1.18392642943
348617,349165,351578,548,2413,5,3600,1.22710319105
349168,349208,351721,40,2513,5,3600,1.0159172304
349209,349315,351768,106,2453,5,3600,1.04321239299
349311,349336,351847,25,2511,5,3600,1.00995619275
349332,349745,352196,413,2451,5,3600,1.16850265198
349643,349652,353011,9,3359,2,7200,1.00267936886
349644,349658,352870,14,3212,2,7200,1.00435865504
349749,349881,352197,132,2316,5,3600,1.05699481865
349853,349861,353371,8,3510,2,7200,1.00227920228
349882,349932,352402,50,2470,5,3600,1.02024291498
349934,350024,352445,90,2421,5,3600,1.03717472119
350026,350032,352450,6,2418,5,3600,1.00248138958
350036,350140,352559,104,2419,5,3600,1.0429929723
350139,350168,352677,29,2509,5,3600,1.0115583898
350171,350199,352634,28,2435,5,3600,1.01149897331
350202,350242,352536,40,2294,5,3600,1.01743679163
350243,350249,352682,6,2433,5,3600,1.00246609125
350254,350287,352856,33,2569,5,3600,1.01284546516
350285,350293,352871,8,2578,5,3600,1.00310318076
350295,350411,353012,116,2601,5,3600,1.04459823145
350408,350429,352838,21,2409,5,3600,1.00871731009
350429,350471,352955,42,2484,5,3600,1.01690821256
350470,350477,352933,7,2456,5,3600,1.00285016287
350480,350492,352842,12,2350,5,3600,1.00510638298
350491,350608,353090,117,2482,5,3600,1.04713940371
350613,351131,353518,518,2387,5,3600,1.21700879765
350659,350669,354013,10,3344,2,7200,1.00299043062
350929,350937,354316,8,3379,2,7200,1.00236756437
351133,351589,354036,456,2447,5,3600,1.18635063343
351592,351732,354203,140,2471,5,3600,1.0566572238
351735,351779,354288,44,2509,5,3600,1.01753686728
351776,351859,354284,83,2425,5,3600,1.03422680412
351858,352208,354622,350,2414,5,3600,1.14498757249
352204,352214,354589,10,2375,5,3600,1.00421052632
352215,352413,354831,198,2418,5,3600,1.08188585608
352409,352457,354895,48,2438,5,3600,1.01968826907
352460,352466,354859,6,2393,5,3600,1.002507313
352471,352547,354934,76,2387,5,3600,1.03183912861
352553,352570,354992,17,2422,5,3600,1.00701899257
352573,352645,355043,72,2398,5,3600,1.03002502085
352645,352688,355025,43,2337,5,3600,1.01839965768
352686,352694,355094,8,2400,5,3600,1.00333333333
352697,352850,355286,153,2436,5,3600,1.06280788177
352850,352857,355226,7,2369,5,3600,1.00295483326
352860,352867,355260,7,2393,5,3600,1.0029251985
352871,352882,356354,11,3472,2,7200,1.00316820276
352871,352888,355256,17,2368,5,3600,1.00717905405
352892,352944,355373,52,2429,5,3600,1.02140798683
352943,352966,355433,23,2467,5,3600,1.00932306445
352964,353028,355588,64,2560,5,3600,1.025
353014,353023,356488,9,3465,2,7200,1.0025974026
353025,353101,355551,76,2450,5,3600,1.03102040816
353097,354047,373488,950,19441,8,160500,1.04886579908
353373,353382,356784,9,3402,2,7200,1.00264550265
354016,354022,357352,6,3330,2,7200,1.0018018018
354045,354214,357816,169,3602,5,3600,1.04691837868
354218,354295,357905,77,3610,5,3600,1.02132963989
354300,354307,357918,7,3611,5,3600,1.00193852119
354311,354600,358221,289,3621,5,3600,1.07981220657
354319,354325,357889,6,3564,2,7200,1.00168350168
354571,354577,354749,6,172,1,3600,1.03488372093
354597,354634,358266,37,3632,5,3600,1.01018722467
354638,354842,358469,204,3627,5,3600,1.05624483044
354842,354870,358505,28,3635,5,3600,1.00770288858
354873,354906,358519,33,3613,5,3600,1.00913368392
354904,354945,358557,41,3612,5,3600,1.01135105205
354924,354930,355317,6,387,1,3600,1.01550387597
354945,355003,358609,58,3606,5,3600,1.01608430394
355006,355036,358647,30,3611,5,3600,1.00830794794
355038,355054,358680,16,3626,5,3600,1.00441257584
355058,355105,358720,47,3615,5,3600,1.01300138313
355110,355237,358863,127,3626,5,3600,1.03502482074
355233,355268,358874,35,3606,5,3600,1.00970604548
355264,355274,358883,10,3609,5,3600,1.00277085065
355274,355298,358919,24,3621,5,3600,1.00662800331
355295,355384,359014,89,3630,5,3600,1.02451790634
355387,355444,359090,57,3646,5,3600,1.01563357104
355449,355562,359202,113,3640,5,3600,1.03104395604
355562,355599,359239,37,3640,5,3600,1.01016483516
355603,357916,361550,2313,3634,5,3600,1.63648871767
355674,355680,356515,6,835,1,3600,1.00718562874
355967,358874,372993,2907,14119,32,28800,1.20589276861
356357,356363,359903,6,3540,2,7200,1.00169491525
356490,356496,359530,6,3034,2,7200,1.00197758734
356787,356793,360072,6,3279,2,7200,1.00182982617
357353,357360,360801,7,3441,2,7200,1.00203429236
357362,357828,357945,466,117,1,3600,4.98290598291
357890,357900,361270,10,3370,2,7200,1.00296735905
357914,357929,361563,15,3634,5,3600,1.00412768299
357925,358232,361879,307,3647,5,3600,1.08417877708
358130,358136,358455,6,319,1,3600,1.01880877743
358231,358480,362107,249,3627,5,3600,1.06865177833
358485,358516,362150,31,3634,5,3600,1.00853054485
358516,358531,362164,15,3633,5,3600,1.00412881916
358527,358568,362202,41,3634,5,3600,1.01128233352
358538,364489,364663,5951,174,1,3600,35.2011494253
358568,358658,362267,90,3609,5,3600,1.02493765586
358660,358691,362323,31,3632,5,3600,1.00853524229
358691,358732,362365,41,3633,5,3600,1.01128543903
358732,358885,362519,153,3634,5,3600,1.04210236654
358885,358894,362528,9,3634,5,3600,1.0024766098
358896,358930,362564,34,3634,5,3600,1.00935608145
358927,359025,362659,98,3634,5,3600,1.02696752889
358972,364673,365284,5701,611,1,3600,10.3306055646
359029,359101,362735,72,3634,5,3600,1.01981287837
359100,359130,362762,30,3632,5,3600,1.00825991189
359131,359138,362775,7,3637,5,3600,1.00192466318
359142,359213,362847,71,3634,5,3600,1.0195376995
359214,359250,362884,36,3634,5,3600,1.00990643919
359255,361562,365195,2307,3633,5,3600,1.63501238646
359533,359541,363092,8,3551,2,7200,1.00225288651
359904,359914,363321,10,3407,2,7200,1.00293513355
360074,360083,363602,9,3519,2,7200,1.00255754476
360803,360813,364475,10,3662,2,7200,1.00273074823
361272,361281,364719,9,3438,2,7200,1.00261780105
361565,361574,365208,9,3634,5,3600,1.0024766098
361576,361890,365523,314,3633,5,3600,1.0864299477
361826,365294,365411,3468,117,1,1800,30.641025641
361892,362118,365758,226,3640,5,3600,1.06208791209
362116,362161,365795,45,3634,5,3600,1.01238304898
362157,362175,365809,18,3634,5,3600,1.00495321959
362178,362213,365847,35,3634,5,3600,1.00963126032
362209,362278,365916,69,3638,5,3600,1.01896646509
362281,362334,365968,53,3634,5,3600,1.01458447991
362332,362377,366010,45,3633,5,3600,1.01238645747
362373,362530,366164,157,3634,5,3600,1.043203082
362526,362539,366173,13,3634,5,3600,1.00357732526
362537,362575,366209,38,3634,5,3600,1.01045679692
362578,362670,366304,92,3634,5,3600,1.0253164557
362670,362746,366380,76,3634,5,3600,1.02091359384
362742,362773,366407,31,3634,5,3600,1.00853054485
362773,362786,366420,13,3634,5,3600,1.00357732526
362783,362858,366492,75,3634,5,3600,1.02063841497
362855,362895,366529,40,3634,5,3600,1.01100715465
362896,365206,368840,2310,3634,5,3600,1.63566318107
363096,363104,366535,8,3431,2,7200,1.00233168173
363323,363333,366750,10,3417,2,7200,1.00292654375
364476,364482,367871,6,3389,2,7200,1.00177043376
364722,364730,368164,8,3434,2,7200,1.00232964473
364849,365421,365777,572,356,1,3600,2.60674157303
365207,365219,368853,12,3634,5,3600,1.0033021464
365217,365534,369168,317,3634,5,3600,1.08723170061
365533,365769,369397,236,3628,5,3600,1.06504961411
365715,365787,365901,72,114,1,1800,1.63157894737
365768,365807,369440,39,3633,5,3600,1.01073492981
365809,365821,369454,12,3633,5,3600,1.00330305533
365820,365858,369492,38,3634,5,3600,1.01045679692
365861,365927,369557,66,3630,5,3600,1.01818181818
365895,365911,366027,16,116,1,1800,1.13793103448
365923,365979,369613,56,3634,5,3600,1.01541001651
365984,366021,369655,37,3634,5,3600,1.01018161805
366025,366175,369809,150,3634,5,3600,1.04127682994
366129,366136,366977,7,841,1,3600,1.00832342449
366179,366184,369818,5,3634,5,3600,1.00137589433
366189,366221,369854,32,3633,5,3600,1.00880814754
366220,366315,369949,95,3634,5,3600,1.02614199229
366312,366382,370011,70,3629,5,3600,1.01928906035
366352,366393,366510,41,117,1,1800,1.35042735043
366384,366399,370025,15,3626,5,3600,1.00413678985
366395,366405,370018,10,3613,5,3600,1.00276778301
366405,366418,370052,13,3634,5,3600,1.00357732526
366416,366431,370065,15,3634,5,3600,1.00412768299
366427,366503,370137,76,3634,5,3600,1.02091359384
366509,366541,370182,32,3641,5,3600,1.00878879429
366538,366547,369938,9,3391,2,7200,1.00265408434
366540,368851,372456,2311,3605,5,3600,1.64105409154
366564,366578,367166,14,588,1,1800,1.02380952381
366753,366761,370090,8,3329,2,7200,1.00240312406
366849,369408,391012,2559,21604,16,21600,1.11845028698
366875,391023,412657,24148,21634,16,21600,2.11620597208
366879,412668,434302,45789,21634,16,21600,3.11652953684
366884,436890,458514,70006,21624,16,21600,4.23742138365
366889,458525,480159,91636,21634,16,21600,5.23574003883
367221,367227,367750,6,523,1,1800,1.01147227533
367873,367879,371478,6,3599,2,7200,1.00166712976
367886,370030,409590,2144,39560,1,43200,1.05419615774
368162,370035,370148,1873,113,1,3600,17.5752212389
368167,368173,371601,6,3428,2,7200,1.00175029172
368394,370041,370092,1647,51,1,1800,33.2941176471
368851,368865,372498,14,3633,5,3600,1.00385356455
368861,369179,372813,318,3634,5,3600,1.08750687947
369177,369413,373048,236,3635,5,3600,1.06492434663
369412,369451,373085,39,3634,5,3600,1.01073197578
369453,369466,373099,13,3633,5,3600,1.00357830994
369463,369503,373137,40,3634,5,3600,1.01100715465
369504,369569,373202,65,3633,5,3600,1.01789154968
369560,370046,370096,486,50,1,1800,10.72
369566,369624,373258,58,3634,5,3600,1.01596037424
369627,369666,373300,39,3634,5,3600,1.01073197578
369669,369820,373454,151,3634,5,3600,1.04155200881
369822,369829,373463,7,3634,5,3600,1.00192625206
369832,369865,373499,33,3634,5,3600,1.00908090259
369863,369960,373528,97,3568,5,3600,1.02718609865
369939,369949,373375,10,3426,2,7200,1.00291885581
369965,370023,373528,58,3505,5,3600,1.01654778887
370027,370052,373528,25,3476,5,3600,1.00719217491
370048,370063,373528,15,3465,5,3600,1.00432900433
370068,370076,373528,8,3452,5,3600,1.0023174971
370080,370148,373528,68,3380,5,3600,1.0201183432
370093,370102,373544,9,3442,2,7200,1.00261475886
370152,370193,373528,41,3335,5,3600,1.01229385307
370193,372467,373528,2274,1061,5,3600,3.14326107446
370314,371494,371809,1180,315,1,3600,4.74603174603
370399,371819,371901,1420,82,1,1800,18.3170731707
370429,371911,371991,1482,80,1,1800,19.525
371482,371488,374945,6,3457,2,7200,1.00173560891
371604,371611,375300,7,3689,2,7200,1.00189753321
371851,484238,513069,112387,28831,6,28800,4.89813048455
371864,513080,542026,141216,28946,6,28800,5.87860153389
371864,542038,570848,170174,28810,6,28800,6.90676848317
371865,599677,620824,227812,21147,6,28800,11.7727810091
371865,570854,599666,198989,28812,6,28800,7.90646258503
371866,620882,620884,249016,2,6,28800,24901.8
371866,620839,620844,248973,5,6,28800,24897.8
371866,620860,620862,248994,2,6,28800,24899.6
371867,620899,620901,249032,2,6,28800,24903.4
371867,620916,620918,249049,2,6,28800,24905.1
371872,620933,620935,249061,2,6,28800,24906.3
372266,372272,372865,6,593,1,3600,1.01011804384
372464,372509,373528,45,1019,5,3600,1.0441609421
372505,372824,373528,319,704,5,3600,1.453125
372821,373004,373528,183,524,5,3600,1.34923664122
372849,372875,373168,26,293,1,1800,1.08873720137
372942,373010,373290,68,280,1,1800,1.24285714286
373004,373016,373529,12,513,5,3600,1.02339181287
373015,373022,373528,7,506,5,3600,1.01383399209
373026,373032,373528,6,496,5,3600,1.01209677419
373378,373384,376712,6,3328,2,7200,1.00180288462
373383,373390,373488,7,98,8,160500,1.07142857143
373394,373400,373488,6,88,8,160500,1.06818181818
373549,373555,377046,6,3491,2,7200,1.00171870524
373617,373623,373627,6,4,8,321000,1.0
373678,373684,378290,6,4606,5,10800,1.00130264872
373689,373700,378245,11,4545,5,10800,1.00242024202
373689,373695,378003,6,4308,5,10800,1.00139275766
373700,373706,378327,6,4621,5,10800,1.00129842026
373700,373711,378417,11,4706,5,10800,1.00233744156
373711,373722,378381,11,4659,5,10800,1.00236102168
373711,373717,378447,6,4730,5,10800,1.00126849894
373722,373734,378209,12,4475,5,10800,1.00268156425
373722,373729,378501,7,4772,5,10800,1.00146689019
373733,373746,378267,13,4521,5,10800,1.00287547003
373733,373741,378303,8,4562,5,10800,1.00175361683
373744,373752,378327,8,4575,5,10800,1.00174863388
373744,373757,378340,13,4583,5,10800,1.00283656993
373755,373768,378350,13,4582,5,10800,1.002837189
373755,373763,378275,8,4512,5,10800,1.00177304965
373766,373775,378343,9,4568,5,10800,1.00197022767
373766,373780,378206,14,4426,5,10800,1.00316312698
373777,373787,378407,10,4620,5,10800,1.00216450216
373788,373794,378477,6,4683,5,10800,1.00128122998
373798,373804,378410,6,4606,5,10800,1.00130264872
373809,373815,378410,6,4595,5,10800,1.00130576714
373819,373826,378287,7,4461,5,10800,1.0015691549
373830,373836,378411,6,4575,5,10800,1.00131147541
373841,373847,378268,6,4421,5,10800,1.00135715901
373851,378362,405596,4511,27234,32,28800,1.16563854006
373851,373857,378441,6,4584,5,10800,1.00130890052
373862,373868,378339,6,4471,5,10800,1.00134198166
373872,373879,378410,7,4531,5,10800,1.00154491282
373883,373889,378452,6,4563,5,10800,1.00131492439
373894,373900,378492,6,4592,5,10800,1.00130662021
373904,373910,378397,6,4487,5,10800,1.00133719634
373915,373964,378466,49,4502,5,10800,1.01088405153
373966,375317,379826,1351,4509,5,10800,1.29962297627
374946,374953,378550,7,3597,2,7200,1.00194606617
375304,375310,378548,6,3238,2,7200,1.00185299568
375321,378229,382685,2908,4456,5,10800,1.6526032316
375646,378286,408468,2640,30182,2,32400,1.08746935259
376714,376723,380097,9,3374,2,7200,1.00266745702
376748,378217,378221,1469,4,2,3600,147.3
376780,378223,378227,1443,4,2,3600,144.7
376788,378236,378240,1448,4,2,3600,145.2
377046,377058,380320,12,3262,2,7200,1.00367872471
377180,378015,378025,835,10,2,1200,84.5
378241,378251,382746,10,4495,5,10800,1.0022246941
378252,378278,382800,26,4522,5,10800,1.00574966829
378277,378292,547970,15,169678,2,180000,1.00008840274
378283,378298,382697,15,4399,5,10800,1.00340986588
378294,378304,382796,10,4492,5,10800,1.00222617988
378304,378315,383243,11,4928,5,10800,1.00223214286
378315,378356,382862,41,4506,5,10800,1.00909897914
378337,378343,378358,6,15,2,3600,1.4
378340,378350,378358,10,8,2,3600,1.8
378356,378367,382779,11,4412,5,10800,1.00249320036
378364,378373,378549,9,176,2,3600,1.05113636364
378372,378380,378557,8,177,2,3600,1.04519774011
378377,378392,382922,15,4530,5,10800,1.00331125828
378379,378408,378578,29,170,2,3600,1.17058823529
378409,378418,382911,9,4493,5,10800,1.00200311596
378420,378426,382888,6,4462,5,10800,1.00134468848
378430,378437,382996,7,4559,5,10800,1.00153542444
378441,378447,382947,6,4500,5,10800,1.00133333333
378452,378458,382907,6,4449,5,10800,1.00134861767
378463,378469,383022,6,4553,5,10800,1.00131781243
378474,378480,383173,6,4693,5,10800,1.00127849989
378485,378491,383326,6,4835,5,10800,1.0012409514
378496,378502,383072,6,4570,5,10800,1.00131291028
378507,378513,383093,6,4580,5,10800,1.00131004367
378518,378524,383067,6,4543,5,10800,1.00132071319
378529,378535,383031,6,4496,5,10800,1.00133451957
378540,378546,383010,6,4464,5,10800,1.00134408602
378551,378572,383025,21,4453,5,10800,1.00471592185
378553,378559,382059,6,3500,2,7200,1.00171428571
378555,378566,382075,11,3509,2,7200,1.00313479624
378572,378590,383575,18,4985,5,10800,1.0036108325
378594,378732,383570,138,4838,5,10800,1.02852418355
378730,378738,383159,8,4421,5,10800,1.00180954535
378740,378746,383195,6,4449,5,10800,1.00134861767
378751,379877,384245,1126,4368,5,10800,1.25778388278
378822,378828,380038,6,1210,2,1200,1.00495867769
378850,379837,379865,987,28,2,3600,36.25
379873,382776,387322,2903,4546,5,10800,1.63858337
379899,383156,384475,3257,1319,3,43200,3.46929492039
379928,382709,382765,2781,56,2,3600,50.6607142857
380100,380106,383605,6,3499,2,7200,1.00171477565
380244,380251,381483,7,1232,2,1200,1.00568181818
380321,380331,383936,10,3605,2,7200,1.0027739251
380851,383104,383116,2253,12,8,36000,188.75
380951,383127,383134,2176,7,8,36000,218.3
381764,381770,383012,6,1242,2,1200,1.00483091787
381912,382696,418706,784,36010,16,36000,1.02177173007
382064,382346,385907,282,3561,2,7200,1.07919123842
382080,382714,385914,634,3200,2,7200,1.198125
382353,382934,393198,581,10264,16,36000,1.05660561185
382781,382808,387216,27,4408,5,10800,1.00612522686
382812,382819,387328,7,4509,5,10800,1.00155245065
382823,382873,387476,50,4603,5,10800,1.01086248099
382874,382899,387602,25,4703,5,10800,1.0053157559
382895,382923,387600,28,4677,5,10800,1.00598674364
382926,382958,387524,32,4566,5,10800,1.00700832238
382957,383025,387608,68,4583,5,10800,1.01483744272
383029,383035,387515,6,4480,5,10800,1.00133928571
383040,383046,387577,6,4531,5,10800,1.00132421099
383050,383057,387708,7,4651,5,10800,1.00150505268
383061,383078,387803,17,4725,5,10800,1.0035978836
383082,383088,387678,6,4590,5,10800,1.00130718954
383092,383133,387636,41,4503,5,10800,1.00910504108
383134,383145,387720,11,4575,5,10800,1.00240437158
383144,383170,387601,26,4431,5,10800,1.00586774994
383175,383185,387794,10,4609,5,10800,1.00216966804
383186,383206,387727,20,4521,5,10800,1.00442380004
383207,383255,387734,48,4479,5,10800,1.01071667783
383258,383339,387726,81,4387,5,10800,1.01846364258
383340,383581,388181,241,4600,5,10800,1.05239130435
383585,383591,388207,6,4616,5,10800,1.00129982669
383595,384257,388869,662,4612,5,10800,1.14353859497
383606,383616,387098,10,3482,2,7200,1.00287191269
383939,383945,387346,6,3401,2,7200,1.001764187
383975,385918,457928,1943,72010,1,72000,1.02698236356
384258,384486,389094,228,4608,5,10800,1.04947916667
384483,385086,389560,603,4474,5,10800,1.1347787215
384564,385081,385417,517,336,1,3600,2.53869047619
384637,385075,385083,438,8,1,4500,44.6
384869,389182,393997,4313,4815,12,14400,1.89574247144
385086,387333,392047,2247,4714,5,10800,1.47666525244
385184,387746,389149,2562,1403,3,18000,2.82608695652
385350,385424,385468,74,44,3,3600,2.68181818182
385394,392303,478726,6909,86423,12,86400,1.07994399639
385475,392454,478896,6979,86442,12,86400,1.08073621619
385514,385520,389171,6,3651,3,3600,1.00164338537
385909,385925,389402,16,3477,2,7200,1.0046016681
385924,387232,390745,1308,3513,2,7200,1.37233134073
386043,386050,386057,7,7,1,4500,1.4
386137,387227,387281,1090,54,2,3600,21.1851851852
387101,387292,390736,191,3444,2,7200,1.05545876887
387337,387344,391903,7,4559,5,10800,1.00153542444
387347,387357,390540,10,3183,2,7200,1.00314169023
387348,387487,392270,139,4783,5,10800,1.02906125862
387491,387526,392159,35,4633,5,10800,1.00755450032
387522,387535,392053,13,4518,5,10800,1.00287737937
387533,387588,392068,55,4480,5,10800,1.01227678571
387584,387611,392023,27,4412,5,10800,1.00611967362
387615,387622,392312,7,4690,5,10800,1.00149253731
387626,387632,392205,6,4573,5,10800,1.00131204898
387636,387648,392371,12,4723,5,10800,1.00254075799
387647,387689,392249,42,4560,5,10800,1.00921052632
387688,387719,392322,31,4603,5,10800,1.00673473821
387719,387731,392242,12,4511,5,10800,1.00266016404
387730,387738,392377,8,4639,5,10800,1.00172450959
387740,387752,392292,12,4540,5,10800,1.00264317181
387751,387805,392443,54,4638,5,10800,1.01164294955
387802,387814,392238,12,4424,5,10800,1.0027124774
387813,388194,392714,381,4520,5,10800,1.0842920354
387833,387840,388018,7,178,2,3600,1.0393258427
388191,388218,392752,27,4534,5,10800,1.00595500662
388222,388882,393572,660,4690,5,10800,1.1407249467
388356,390186,390194,1830,8,1,4500,183.8
388885,389419,394248,534,4829,5,10800,1.11058190101
389030,389036,389406,6,370,2,3600,1.01621621622
389214,390061,393697,847,3636,3,3600,1.23294829483
389405,389412,392743,7,3331,2,7200,1.00210147103
389415,389571,394101,156,4530,5,10800,1.03443708609
389537,392725,396358,3188,3633,3,3600,1.87751169832
390268,390274,678288,6,288014,1,288000,1.00002083232
390326,390333,678336,7,288003,1,288000,1.0000243053
390543,390552,393868,9,3316,2,7200,1.00271411339
390739,390747,394324,8,3577,2,7200,1.00223651104
390754,390761,394040,7,3279,2,7200,1.00213479719
392449,392461,462206,12,69745,2,180000,1.00017205534
392747,392754,396375,7,3621,2,7200,1.00193316763
393868,393874,397257,6,3383,2,7200,1.00177357375
394043,394049,397404,6,3355,2,7200,1.00178837556
394324,394330,397754,6,3424,2,7200,1.00175233645
396045,396051,398161,6,2110,1,14400,1.0028436019
396141,396147,404256,6,8109,16,36000,1.00073991861
396378,396384,399871,6,3487,2,7200,1.0017206768
396455,396462,398969,7,2507,12,14400,1.00279218189
396579,396585,400740,6,4155,8,36000,1.00144404332
396626,400751,401067,4125,316,3,10800,14.0537974684
396719,398987,402890,2268,3903,8,36000,1.5810914681
396875,409853,573299,12978,163446,18,198000,1.07940237143
397260,397266,400651,6,3385,2,7200,1.00177252585
397406,397412,400926,6,3514,2,7200,1.00170745589
397628,400762,458365,3134,57603,1,57600,1.05440688853
397632,400767,428769,3135,28002,1,57600,1.11195628884
397635,399887,440825,2252,40938,1,57600,1.05501001514
397638,399892,422616,2254,22724,1,57600,1.0991902834
397641,399004,440478,1363,41474,1,57600,1.03286396296
397644,399010,423736,1366,24726,1,57600,1.05524549058
397648,398992,421807,1344,22815,1,57600,1.05890861275
397651,398998,422392,1347,23394,1,57600,1.05757886638
397654,398162,409867,508,11705,1,57600,1.0434002563
397658,398168,408645,510,10477,1,57600,1.0486780567
397755,397761,401158,6,3397,2,7200,1.00176626435
397881,406110,409068,8229,2958,16,36000,3.78194726166
397890,406115,409306,8225,3191,16,72000,3.57756189282
397896,406883,409744,8987,2861,16,72000,4.14120936735
398076,398982,398987,906,5,3,3600,91.1
398167,404735,406098,6568,1363,25,10799,5.81878209831
399256,400757,400849,1501,92,3,3600,17.3152173913
399874,399880,403325,6,3445,2,7200,1.00174165457
399975,405607,406870,5632,1263,25,10799,5.45922406968
400654,400661,404039,7,3378,2,7200,1.00207223209
400930,400936,404367,6,3431,2,7200,1.00174876129
400990,400997,401703,7,706,1,3600,1.00991501416
401082,401761,402505,679,744,3,10800,1.9126344086
401160,401166,404397,6,3231,2,7200,1.00185701021
401730,401736,401739,6,3,1,3600,1.0
402228,402234,402283,6,49,1,3600,1.12244897959
402279,402286,402294,7,8,1,1200,1.5
402342,402349,402364,7,15,1,1200,1.46666666667
402515,402521,402584,6,63,3,10800,1.09523809524
402600,402607,402618,7,11,1,1200,1.63636363636
402713,402902,410850,189,7948,3,10800,1.02377956719
402855,402862,402938,7,76,1,1200,1.09210526316
403328,403334,406771,6,3437,2,7200,1.00174570847
403393,403399,410839,6,7440,3,10800,1.00080645161
403418,403424,403497,6,73,1,1200,1.08219178082
403647,403653,403828,6,175,1,1200,1.03428571429
403998,404004,404722,6,718,8,3000,1.00835654596
404008,404015,404723,7,708,8,3000,1.00988700565
404009,404020,404727,11,707,8,3000,1.01555869873
404019,404026,404732,7,706,8,3000,1.00991501416
404020,404032,404740,12,708,8,3000,1.01694915254
404031,404038,404745,7,707,8,3000,1.0099009901
404031,404043,404749,12,706,8,3000,1.01699716714
404040,404061,407421,21,3360,2,7200,1.00625
404042,404050,404759,8,709,8,3000,1.01128349788
404042,404055,404761,13,706,8,3000,1.01841359773
404053,404067,404779,14,712,8,3000,1.01966292135
404053,404741,405448,688,707,8,3000,1.97312588402
404368,404374,407918,6,3544,2,7200,1.00169300226
404398,404404,407857,6,3453,2,7200,1.00173761946
404727,404747,405452,20,705,8,3000,1.02836879433
404737,404758,405465,21,707,8,3000,1.0297029703
404748,404769,405479,21,710,8,3000,1.02957746479
404748,404764,405476,16,712,8,3000,1.02247191011
404769,404776,405490,7,714,8,3000,1.00980392157
404770,404781,405495,11,714,8,3000,1.01540616246
404780,404787,405511,7,724,8,3000,1.00966850829
404781,404794,405505,13,711,8,3000,1.01828410689
404791,405460,406197,669,737,8,3000,1.90773405699
404792,405467,406173,675,706,8,3000,1.95609065156
405464,405476,406182,12,706,8,3000,1.01699716714
405464,405487,406202,23,715,8,3000,1.03216783217
405475,405494,406203,19,709,8,3000,1.02679830748
405486,405501,406210,15,709,8,3000,1.02115655853
405496,405508,406218,12,710,8,3000,1.01690140845
405507,405524,406229,17,705,8,3000,1.02411347518
405507,405516,406248,9,732,8,3000,1.01229508197
405518,406184,406896,666,712,8,3000,1.93539325843
405528,406193,406904,665,711,8,3000,1.935302391
405545,408439,408496,2894,57,16,3600,51.7719298246
406180,406208,406916,28,708,8,3000,1.0395480226
406191,406215,406919,24,704,8,3000,1.03409090909
406212,406226,406938,14,712,8,3000,1.01966292135
406212,406221,406952,9,731,8,3000,1.0123119015
406223,406240,406945,17,705,8,3000,1.02411347518
406223,406232,406949,9,717,8,3000,1.01255230126
406234,406259,406965,25,706,8,3000,1.03541076487
406245,406782,407517,537,735,8,3000,1.7306122449
406255,406908,407619,653,711,8,3000,1.91842475387
406301,411762,621683,5461,209921,2,360000,1.02601454833
406775,406968,410417,193,3449,2,7200,1.05595824877
406813,408507,412618,1694,4111,16,36000,1.41206519095
406897,406915,407620,18,705,8,3000,1.02553191489
406907,406927,407663,20,736,8,3000,1.02717391304
406918,406934,407652,16,718,8,3000,1.02228412256
406929,406950,407660,21,710,8,3000,1.02957746479
406939,406956,407664,17,708,8,3000,1.02401129944
406950,406963,407678,13,715,8,3000,1.01818181818
406961,407528,408237,567,709,8,3000,1.79971791255
406961,406977,407685,16,708,8,3000,1.02259887006
406982,407630,408338,648,708,8,3000,1.91525423729
407008,412633,415364,5625,2731,8,36000,3.05968509703
407391,409756,413350,2365,3594,16,36000,1.65804117974
407423,407429,410865,6,3436,2,7200,1.00174621653
407533,407636,408341,103,705,8,3000,1.14609929078
407565,411461,771507,3896,360046,9,360000,1.01082083956
407635,407671,408377,36,706,8,3000,1.05099150142
407635,407663,408367,28,704,8,3000,1.03977272727
407666,407678,408383,12,705,8,3000,1.0170212766
407667,407683,408393,16,710,8,3000,1.02253521127
407677,407689,408414,12,725,8,3000,1.01655172414
407688,407696,408400,8,704,8,3000,1.01136363636
407689,408248,408981,559,733,8,3000,1.76261937244
407699,408349,409059,650,710,8,3000,1.91549295775
407859,407865,411175,6,3310,2,7200,1.00181268882
407919,407925,411622,6,3697,2,7200,1.00162293752
408250,408355,409068,105,713,8,3000,1.14726507714
408263,412638,416514,4375,3876,8,36000,2.12874097007
408286,413361,417403,5075,4042,8,36000,2.25556655121
408352,408378,409084,26,706,8,3000,1.03682719547
408352,408389,409100,37,711,8,3000,1.05203938115
408383,408395,409107,12,712,8,3000,1.01685393258
408394,408412,409126,18,714,8,3000,1.02521008403
408394,408405,409111,11,706,8,3000,1.01558073654
408405,408425,409132,20,707,8,3000,1.02828854314
408416,408478,409206,62,728,8,3000,1.08516483516
408426,408992,409697,566,705,8,3000,1.80283687943
408504,409317,411445,813,2128,25,7199,1.38204887218
408987,409070,409779,83,709,8,3000,1.11706629055
409069,409079,409781,10,702,8,3000,1.01424501425
409069,409095,409808,26,713,8,3000,1.03646563815
409090,409112,409820,22,708,8,3000,1.03107344633
409101,409119,409838,18,719,8,3000,1.02503477051
409111,409125,409836,14,711,8,3000,1.01969057665
409122,409137,409850,15,713,8,3000,1.02103786816
409133,409708,410441,575,733,8,3000,1.78444747613
409133,409143,409874,10,731,8,3000,1.01367989056
409215,409796,410500,581,704,8,3000,1.82528409091
409704,409790,409796,86,6,16,36000,9.2
409705,409802,410512,97,710,8,3000,1.13661971831
409797,409819,410529,22,710,8,3000,1.03098591549
409798,411467,420130,1669,8663,1,43200,1.19265843241
409807,409831,410539,24,708,8,3000,1.03389830508
409818,409847,410561,29,714,8,3000,1.0406162465
409828,409859,410567,31,708,8,3000,1.04378531073
409849,409865,410579,16,714,8,3000,1.02240896359
409860,409886,410591,26,705,8,3000,1.03687943262
409870,410453,411177,583,724,8,3000,1.80524861878
409885,411456,414054,1571,2598,16,72000,1.60469591994
409891,410511,411235,620,724,8,3000,1.85635359116
410421,410429,413965,8,3536,2,7200,1.00226244344
410452,410523,411254,71,731,8,3000,1.09712722298
410513,410540,411249,27,709,8,3000,1.03808180536
410524,410551,411257,27,706,8,3000,1.03824362606
410545,410572,411279,27,707,8,3000,1.03818953324
410555,410578,411289,23,711,8,3000,1.0323488045
410576,410590,411303,14,713,8,3000,1.01963534362
410577,410603,411313,26,710,8,3000,1.03661971831
410587,411193,411900,606,707,8,3000,1.85714285714
410608,411246,411970,638,724,8,3000,1.88121546961
410865,410876,414196,11,3320,2,7200,1.00331325301
410931,411752,422585,821,10833,3,10800,1.07578694729
411177,411186,414803,9,3617,2,7200,1.00248824993
411189,411262,411969,73,707,8,3000,1.10325318246
411219,411768,411921,549,153,1,3600,4.58823529412
411250,411268,411978,18,710,8,3000,1.02535211268
411261,411273,411981,12,708,8,3000,1.01694915254
411271,411291,412005,20,714,8,3000,1.02801120448
411272,411300,412025,28,725,8,3000,1.03862068966
411293,411314,412021,21,707,8,3000,1.0297029703
411304,411324,412048,20,724,8,3000,1.02762430939
411314,411911,412616,597,705,8,3000,1.84680851064
411325,411980,412688,655,708,8,3000,1.92514124294
411623,411633,415400,10,3767,2,7200,1.00265463233
411916,411986,412691,70,705,8,3000,1.09929078014
411977,411993,412699,16,706,8,3000,1.02266288952
411988,412016,412728,28,712,8,3000,1.0393258427
411988,411999,412703,11,704,8,3000,1.015625
411999,412032,413442,33,1410,8,6000,1.02340425532
412020,412039,413457,19,1418,8,6000,1.01339915374
412031,412059,413465,28,1406,8,6000,1.01991465149
412041,412627,414043,586,1416,8,6000,1.41384180791
412062,412700,414098,638,1398,8,6000,1.45636623748
412633,412706,414139,73,1433,8,6000,1.05094207955
412704,412713,414133,9,1420,8,6000,1.00633802817
412705,412719,414166,14,1447,8,6000,1.00967519005
412715,412739,414140,24,1401,8,6000,1.01713062099
412716,413367,414784,651,1417,8,6000,1.45942131263
412737,413453,414864,716,1411,8,6000,1.50744153083
413415,414072,416735,657,2663,1,18000,1.24671423207
413450,413468,414915,18,1447,8,6000,1.01243953006
413460,413481,414887,21,1406,8,6000,1.01493598862
413471,414054,415477,583,1423,8,6000,1.4096978215
413967,413976,417115,9,3139,2,7200,1.00286715514
414052,414066,415476,14,1410,8,6000,1.00992907801
414062,414078,415485,16,1407,8,6000,1.01137171286
414083,414109,415526,26,1417,8,6000,1.01834862385
414114,414144,415599,30,1455,8,6000,1.0206185567
414145,414151,415558,6,1407,8,6000,1.00426439232
414156,414162,415632,6,1470,8,6000,1.00408163265
414167,414178,415620,11,1442,8,6000,1.00762829404
414177,414795,416209,618,1414,8,6000,1.43705799151
414197,414207,417392,10,3185,2,7200,1.00313971743
414798,414876,416282,78,1406,8,6000,1.05547652916
414805,414814,418192,9,3378,2,7200,1.0026642984
414880,414899,416308,19,1409,8,6000,1.01348474095
414901,414926,416335,25,1409,8,6000,1.0177430802
414922,415375,416784,453,1409,8,6000,1.3215046132
415381,415487,416901,106,1414,8,6000,1.07496463932
415401,415411,419017,10,3606,2,7200,1.00277315585
415483,415493,416904,10,1411,8,6000,1.00708717222
415494,415499,416911,5,1412,8,6000,1.00354107649
415504,415537,416955,33,1418,8,6000,1.02327221439
415535,415569,416984,34,1415,8,6000,1.02402826855
415566,415610,417025,44,1415,8,6000,1.03109540636
415607,415631,417041,24,1410,8,6000,1.0170212766
415628,415643,417051,15,1408,8,6000,1.01065340909
415639,416220,417621,581,1401,8,6000,1.41470378301
416225,416293,417693,68,1400,8,6000,1.04857142857
416297,416319,417722,22,1403,8,6000,1.01568068425
416317,416346,417758,29,1412,8,6000,1.02053824363
416348,416525,417931,177,1406,8,6000,1.12588904694
416522,416795,418204,273,1409,8,6000,1.19375443577
416797,416913,418315,116,1402,8,6000,1.08273894437
416910,416919,418368,9,1449,8,6000,1.00621118012
416920,416926,418331,6,1405,8,6000,1.00427046263
416931,416966,418397,35,1431,8,6000,1.02445842068
416962,416995,418406,33,1411,8,6000,1.02338766832
416993,417036,418452,43,1416,8,6000,1.03036723164
417034,417052,418452,18,1400,8,6000,1.01285714286
417055,417062,418470,7,1408,8,6000,1.00497159091
417065,417415,418841,350,1426,8,6000,1.24544179523
417117,417126,420314,9,3188,2,7200,1.00282308657
417393,417404,420917,11,3513,2,7200,1.00313122687
417412,417633,419086,221,1453,8,6000,1.1520991053
417637,417711,419123,74,1412,8,6000,1.05240793201
417715,417733,419140,18,1407,8,6000,1.01279317697
417736,417769,419179,33,1410,8,6000,1.02340425532
417767,417943,419347,176,1404,8,6000,1.12535612536
417941,418215,419635,274,1420,8,6000,1.19295774648
418192,418203,421682,11,3479,2,7200,1.00316182811
418216,418326,419737,110,1411,8,6000,1.0779588944
418329,418342,419757,13,1415,8,6000,1.00918727915
418339,418379,419795,40,1416,8,6000,1.02824858757
418380,418408,419814,28,1406,8,6000,1.01991465149
418411,418417,419836,6,1419,8,6000,1.00422832981
418422,418463,419875,41,1412,8,6000,1.0290368272
418463,418469,419887,6,1418,8,6000,1.00423131171
418474,418482,419890,8,1408,8,6000,1.00568181818
418484,418718,420125,234,1407,8,6000,1.16631130064
418719,418725,420128,6,1403,8,6000,1.00427655025
418730,418852,420268,122,1416,8,6000,1.08615819209
418852,419097,420503,245,1406,8,6000,1.17425320057
419020,419029,422489,9,3460,2,7200,1.00260115607
419098,419135,420545,37,1410,8,6000,1.02624113475
419139,419151,420568,12,1417,8,6000,1.00846859562
419149,419190,420644,41,1454,8,6000,1.02819807428
419191,419359,420815,168,1456,8,6000,1.11538461538
419364,419646,421058,282,1412,8,6000,1.19971671388
419650,419748,421203,98,1455,8,6000,1.06735395189
419752,419769,421194,17,1425,8,6000,1.01192982456
419773,419806,421232,33,1426,8,6000,1.02314165498
419804,419825,421237,21,1412,8,6000,1.01487252125
419825,419847,421274,22,1427,8,6000,1.01541695865
419846,419886,421292,40,1406,8,6000,1.02844950213
419887,419898,421313,11,1415,8,6000,1.00777385159
419898,419904,421313,6,1409,8,6000,1.00425833925
419908,420136,421556,228,1420,8,6000,1.16056338028
420133,420143,421552,10,1409,8,6000,1.00709723208
420143,420279,421702,136,1423,8,6000,1.09557273366
420276,420514,421933,238,1419,8,6000,1.16772374912
420317,420323,423716,6,3393,2,7200,1.0017683466
420511,420556,421977,45,1421,8,6000,1.03166783955
420552,420580,422009,28,1429,8,6000,1.01959412176
420583,420655,422070,72,1415,8,6000,1.05088339223
420655,420826,422232,171,1406,8,6000,1.12162162162
420828,421069,422472,241,1403,8,6000,1.17177476835
420919,420926,424275,7,3349,2,7200,1.00209017617
421073,421244,422647,171,1403,8,6000,1.12188168211
421097,421563,423711,466,2148,25,7199,1.21694599628
421247,421253,422663,6,1410,8,6000,1.00425531915
421257,421286,422727,29,1441,8,6000,1.02012491325
421288,421303,422715,15,1412,8,6000,1.01062322946
421299,421324,422744,25,1420,8,6000,1.0176056338
421320,421330,422747,10,1417,8,6000,1.00705716302
421330,421569,422989,239,1420,8,6000,1.16830985915
421565,421713,423117,148,1404,8,6000,1.10541310541
421685,421694,425137,9,3443,2,7200,1.00261399942
421718,421988,423430,270,1442,8,6000,1.18723994452
421762,422483,424710,721,2227,25,7199,1.32375392905
421993,422021,423441,28,1420,8,6000,1.01971830986
422024,422082,423502,58,1420,8,6000,1.04084507042
422086,422658,424072,572,1414,8,6000,1.4045261669
422491,422497,426014,6,3517,2,7200,1.00170599943
422656,422674,424075,18,1401,8,6000,1.01284796574
422676,422726,424150,50,1424,8,6000,1.03511235955
422728,422738,424159,10,1421,8,6000,1.00703729768
422738,422755,424151,17,1396,8,6000,1.01217765043
422749,422761,424167,12,1406,8,6000,1.00853485064
422760,423000,424403,240,1403,8,6000,1.17106200998
422811,422817,425983,6,3166,2,7200,1.00189513582
422812,422823,426216,11,3393,2,7200,1.00324196876
422813,422829,425924,16,3095,2,7200,1.00516962843
422815,423128,426750,313,3622,2,7200,1.08641634456
422816,423133,426619,317,3486,2,7200,1.09093516925
422817,423139,426474,322,3335,2,7200,1.09655172414
422819,423144,426271,325,3127,2,7200,1.10393348257
422820,423442,426826,622,3384,2,7200,1.18380614657
422821,423447,427027,626,3580,2,7200,1.1748603352
422823,423453,426476,630,3023,2,7200,1.20840224942
422824,423458,427252,634,3794,2,7200,1.16710595677
422825,423464,426607,639,3143,2,7200,1.2033089405
422826,423470,426867,644,3397,2,7200,1.18957904033
422828,423475,426589,647,3114,2,7200,1.20777135517
422829,423480,426807,651,3327,2,7200,1.19567177638
422830,423513,426938,683,3425,2,7200,1.19941605839
422832,423519,427111,687,3592,2,7200,1.19125835189
422833,423524,427254,691,3730,2,7200,1.18525469169
422834,423529,426995,695,3466,2,7200,1.20051933064
422836,423722,427073,886,3351,2,7200,1.26439868696
422837,423727,427263,890,3536,2,7200,1.25169683258
422838,423733,427195,895,3462,2,7200,1.25852108608
422840,423738,427078,898,3340,2,7200,1.26886227545
422841,423743,427344,902,3601,2,7200,1.25048597612
422842,423748,426869,906,3121,2,7200,1.29029157321
422844,423754,427473,910,3719,2,7200,1.24468943264
422845,423759,427074,914,3315,2,7200,1.27571644042
422846,423764,427342,918,3578,2,7200,1.25656791504
422847,423769,427119,922,3350,2,7200,1.2752238806
422849,423775,426874,926,3099,2,7200,1.29880606647
422850,423780,426768,930,2988,2,7200,1.31124497992
422851,423792,427307,941,3515,2,7200,1.26770981508
422853,424074,427422,1221,3348,2,7200,1.3646953405
422854,424080,427454,1226,3374,2,7200,1.36336692353
422855,424085,427611,1230,3526,2,7200,1.3488372093
422857,424091,427723,1234,3632,2,7200,1.33975770925
422858,424098,427296,1240,3198,2,7200,1.38774233896
422859,424103,427216,1244,3113,2,7200,1.39961451976
422861,424108,427534,1247,3426,2,7200,1.36398131932
422862,424114,427484,1252,3370,2,7200,1.37151335312
423720,423787,427205,67,3418,2,7200,1.0196021065
424276,424282,427644,6,3362,2,7200,1.00178465199
425138,425144,428788,6,3644,2,7200,1.00164654226
425924,425930,429567,6,3637,2,7200,1.0016497113
425980,425987,429452,7,3465,2,7200,1.00202020202
426015,426022,429510,7,3488,2,7200,1.00200688073
426217,426224,429677,7,3453,2,7200,1.0020272227
426271,426277,429290,6,3013,2,7200,1.00199137073
426475,426481,429953,6,3472,2,7200,1.0017281106
426476,426487,429934,11,3447,2,7200,1.00319118074
426587,426593,430056,6,3463,2,7200,1.00173260179
426605,426611,429883,6,3272,2,7200,1.00183374083
426619,426626,429916,7,3290,2,7200,1.00212765957
426748,426754,430128,6,3374,2,7200,1.00177830468
426766,426772,429944,6,3172,2,7200,1.00189155107
426808,426814,430109,6,3295,2,7200,1.00182094082
426825,426831,430065,6,3234,2,7200,1.00185528757
426867,426873,430473,6,3600,2,7200,1.00166666667
426882,426888,430660,6,3772,2,7200,1.00159066808
426883,426894,430364,11,3470,2,7200,1.00317002882
426940,426946,430395,6,3449,2,7200,1.00173963468
426993,427000,430208,7,3208,2,7200,1.00218204489
427026,427032,430251,6,3219,2,7200,1.0018639329
427074,427080,430443,6,3363,2,7200,1.00178412132
427088,427094,430401,6,3307,2,7200,1.00181433323
427090,427100,430627,10,3527,2,7200,1.00283527077
427111,427117,430488,6,3371,2,7200,1.00177988727
427125,427131,430825,6,3694,2,7200,1.00162425555
427194,427200,431003,6,3803,2,7200,1.00157770181
427207,427213,430583,6,3370,2,7200,1.00178041543
427215,427221,430552,6,3331,2,7200,1.00180126088
427250,427257,430465,7,3208,2,7200,1.00218204489
427265,427271,430453,6,3182,2,7200,1.00188560654
427266,427277,430651,11,3374,2,7200,1.00326022525
427296,427302,430949,6,3647,2,7200,1.00164518783
427310,427317,430441,7,3124,2,7200,1.00224071703
427340,427346,430988,6,3642,2,7200,1.00164744646
427355,427361,430641,6,3280,2,7200,1.00182926829
427420,427427,430534,7,3107,2,7200,1.00225297715
427456,427462,430935,6,3473,2,7200,1.00172761301
427474,427480,430807,6,3327,2,7200,1.00180342651
427488,427494,431053,6,3559,2,7200,1.00168586682
427533,427539,430907,6,3368,2,7200,1.00178147268
427611,427617,430822,6,3205,2,7200,1.00187207488
427645,427651,431071,6,3420,2,7200,1.00175438596
427722,427728,430951,6,3223,2,7200,1.00186161961
428789,428795,432121,6,3326,2,7200,1.00180396873
429289,429295,433016,6,3721,2,7200,1.00161246977
429451,429458,432431,7,2973,2,7200,1.00235452405
429512,429518,432832,6,3314,2,7200,1.00181050091
429565,429571,433132,6,3561,2,7200,1.00168491997
429676,429682,433206,6,3524,2,7200,1.00170261067
429880,429886,432973,6,3087,2,7200,1.0019436346
429913,429919,433087,6,3168,2,7200,1.00189393939
429934,429940,433056,6,3116,2,7200,1.00192554557
429948,429954,433599,6,3645,2,7200,1.00164609053
429963,429969,433359,6,3390,2,7200,1.0017699115
430056,430062,433503,6,3441,2,7200,1.00174367916
430070,430076,432892,6,2816,2,7200,1.00213068182
430109,430115,433613,6,3498,2,7200,1.00171526587
430130,430136,433329,6,3193,2,7200,1.00187911055
430207,430214,433873,7,3659,2,7200,1.00191309101
430249,430255,433670,6,3415,2,7200,1.00175695461
430363,430369,433988,6,3619,2,7200,1.00165791655
430393,430399,433767,6,3368,2,7200,1.00178147268
430407,430414,433836,7,3422,2,7200,1.00204558738
430440,430446,433624,6,3178,2,7200,1.00188797986
430442,430452,433878,10,3426,2,7200,1.00291885581
430456,430462,433687,6,3225,2,7200,1.00186046512
430471,430477,433925,6,3448,2,7200,1.00174013921
430472,430484,433713,12,3229,2,7200,1.00371632084
430487,430493,434157,6,3664,2,7200,1.00163755459
430535,430541,434093,6,3552,2,7200,1.00168918919
430552,430558,433962,6,3404,2,7200,1.0017626322
430586,430593,433954,7,3361,2,7200,1.00208271348
430627,430633,433836,6,3203,2,7200,1.00187324383
430642,430648,433989,6,3341,2,7200,1.0017958695
430657,430662,434197,5,3535,2,7200,1.00141442716
430671,430677,434146,6,3469,2,7200,1.00172960507
430803,430809,434141,6,3332,2,7200,1.00180072029
430821,430827,434498,6,3671,2,7200,1.00163443203
430836,430842,434171,6,3329,2,7200,1.00180234305
430907,430914,434103,7,3189,2,7200,1.00219504547
430931,430937,434438,6,3501,2,7200,1.00171379606
430949,430955,434337,6,3382,2,7200,1.00177409817
430950,430961,434549,11,3588,2,7200,1.0030657748
430989,430995,434252,6,3257,2,7200,1.00184218606
431004,431010,434443,6,3433,2,7200,1.0017477425
431054,431060,434261,6,3201,2,7200,1.00187441425
431073,431079,434639,6,3560,2,7200,1.00168539326
432124,432130,435357,6,3227,2,7200,1.00185931205
432431,432437,435919,6,3482,2,7200,1.00172314762
432476,438992,438996,6516,4,8,36000,652.0
432484,434313,434319,1829,6,16,36000,183.5
432491,434330,436577,1839,2247,16,36000,1.81842456609
432500,434512,436629,2012,2117,16,72000,1.95040151157
432507,436588,438981,4081,2393,16,72000,2.70539072294
432817,436640,471139,3823,34499,16,36000,1.11081480623
432833,432839,436353,6,3514,2,7200,1.00170745589
432894,432900,436462,6,3562,2,7200,1.00168444694
432974,432981,436407,7,3426,2,7200,1.00204319907
433016,433022,436316,6,3294,2,7200,1.00182149362
433058,433064,436177,6,3113,2,7200,1.00192740122
433087,433094,436473,7,3379,2,7200,1.00207161882
433132,433138,436712,6,3574,2,7200,1.00167879127
433207,433213,436420,6,3207,2,7200,1.00187090739
433330,433336,436704,6,3368,2,7200,1.00178147268
433360,433366,437051,6,3685,2,7200,1.00162822252
433504,433511,437165,7,3654,2,7200,1.00191570881
433603,433609,436905,6,3296,2,7200,1.00182038835
433617,433624,436874,7,3250,2,7200,1.00215384615
433632,433638,437052,6,3414,2,7200,1.00175746924
433670,433677,437125,7,3448,2,7200,1.00203016241
433688,433695,437018,7,3323,2,7200,1.00210653024
433715,433721,436998,6,3277,2,7200,1.00183094294
433768,433775,437266,7,3491,2,7200,1.00200515612
433834,433841,437463,7,3622,2,7200,1.0019326339
433849,433855,436920,6,3065,2,7200,1.00195758564
433873,433879,437600,6,3721,2,7200,1.00161246977
433887,433893,437132,6,3239,2,7200,1.00185242359
433926,433932,437227,6,3295,2,7200,1.00182094082
433954,433960,437392,6,3432,2,7200,1.00174825175
433962,433968,437169,6,3201,2,7200,1.00187441425
433989,433995,437154,6,3159,2,7200,1.00189933523
433990,434002,437466,12,3464,2,7200,1.00346420323
434092,434099,435874,7,1775,2,7200,1.00394366197
434107,434113,437534,6,3421,2,7200,1.00175387314
434143,434149,437578,6,3429,2,7200,1.00174978128
434157,434164,437843,7,3679,2,7200,1.00190269095
434159,434169,437524,10,3355,2,7200,1.00298062593
434173,434179,437552,6,3373,2,7200,1.0017788319
434197,434203,437685,6,3482,2,7200,1.00172314762
434251,434257,437538,6,3281,2,7200,1.00182871076
434265,434271,437760,6,3489,2,7200,1.00171969046
434337,434343,437436,6,3093,2,7200,1.00193986421
434439,434447,437933,8,3486,2,7200,1.00229489386
434454,434460,437739,6,3279,2,7200,1.00182982617
434498,434505,438075,7,3570,2,7200,1.00196078431
434547,434553,438079,6,3526,2,7200,1.00170164492
434640,434646,437972,6,3326,2,7200,1.00180396873
435359,435365,438664,6,3299,2,7200,1.00181873295
435876,435882,439323,6,3441,2,7200,1.00174367916
435918,435924,439298,6,3374,2,7200,1.00177830468
436176,436183,439719,7,3536,2,7200,1.00197963801
436314,436321,439695,7,3374,2,7200,1.0020746888
436355,436361,439988,6,3627,2,7200,1.00165425972
436404,436410,439661,6,3251,2,7200,1.00184558597
436422,436428,439958,6,3530,2,7200,1.00169971671
436461,436468,439568,7,3100,2,7200,1.00225806452
436475,436481,439648,6,3167,2,7200,1.00189453742
436706,436713,440290,7,3577,2,7200,1.00195694716
436721,436727,439999,6,3272,2,7200,1.00183374083
436877,436883,439698,6,2815,2,7200,1.00213143872
436904,436910,440149,6,3239,2,7200,1.00185242359
436918,436925,440394,7,3469,2,7200,1.00201787259
436999,437005,440473,6,3468,2,7200,1.00173010381
437017,437023,440437,6,3414,2,7200,1.00175746924
437050,437056,440219,6,3163,2,7200,1.00189693329
437064,437071,440714,7,3643,2,7200,1.00192149327
437127,437134,440595,7,3461,2,7200,1.00202253684
437142,437148,440515,6,3367,2,7200,1.00178200178
437157,437163,440415,6,3252,2,7200,1.00184501845
437172,437178,440554,6,3376,2,7200,1.00177725118
437173,437185,440712,12,3527,2,7200,1.00340232492
437227,437233,440459,6,3226,2,7200,1.00185988841
437265,437272,440519,7,3247,2,7200,1.00215583616
437394,437400,440501,6,3101,2,7200,1.00193485972
437437,437443,440901,6,3458,2,7200,1.001735107
437464,437470,440630,6,3160,2,7200,1.00189873418
437478,437484,440887,6,3403,2,7200,1.00176315016
437526,437533,440746,7,3213,2,7200,1.00217864924
437541,437547,440630,6,3083,2,7200,1.00194615634
437542,437553,440771,11,3218,2,7200,1.00341827222
437557,437563,440509,6,2946,2,7200,1.00203665988
437578,437584,441405,6,3821,2,7200,1.00157026956
437598,437604,441270,6,3666,2,7200,1.00163666121
437685,437691,440749,6,3058,2,7200,1.00196206671
437742,437748,441169,6,3421,2,7200,1.00175387314
437760,437766,441059,6,3293,2,7200,1.00182204677
437844,437850,441228,6,3378,2,7200,1.00177619893
437934,437940,441460,6,3520,2,7200,1.00170454545
437974,437980,441342,6,3362,2,7200,1.00178465199
438076,438082,441507,6,3425,2,7200,1.00175182482
438077,438088,441273,11,3185,2,7200,1.00345368917
438668,438674,442201,6,3527,2,7200,1.00170116246
439298,439304,442776,6,3472,2,7200,1.0017281106
439322,439328,442696,6,3368,2,7200,1.00178147268
439568,439574,442801,6,3227,2,7200,1.00185931205
439649,439655,443153,6,3498,2,7200,1.00171526587
439664,439670,442933,6,3263,2,7200,1.00183879865
439697,439703,442935,6,3232,2,7200,1.00185643564
439698,439709,442773,11,3064,2,7200,1.00359007833
439717,439723,443262,6,3539,2,7200,1.00169539418
439960,439967,443337,7,3370,2,7200,1.00207715134
439990,439996,443453,6,3457,2,7200,1.00173560891
439999,440005,443194,6,3189,2,7200,1.00188146754
440149,440156,443758,7,3602,2,7200,1.0019433648
440221,440227,443581,6,3354,2,7200,1.00178890877
440287,440293,443663,6,3370,2,7200,1.00178041543
440395,440401,443960,6,3559,2,7200,1.00168586682
440416,440422,443754,6,3332,2,7200,1.00180072029
440440,440446,443724,6,3278,2,7200,1.00183038438
440460,440466,443662,6,3196,2,7200,1.00187734668
440475,440481,444071,6,3590,2,7200,1.00167130919
440504,440510,443966,6,3456,2,7200,1.00173611111
440511,440517,444219,6,3702,2,7200,1.00162074554
440527,440533,444027,6,3494,2,7200,1.00171722954
440528,440539,444175,11,3636,2,7200,1.00302530253
440552,440558,443985,6,3427,2,7200,1.00175080245
440594,440600,443869,6,3269,2,7200,1.00183542368
440629,440636,444090,7,3454,2,7200,1.00202663578
440631,440642,444023,11,3381,2,7200,1.0032534753
440712,440718,443986,6,3268,2,7200,1.00183598531
440727,440733,444205,6,3472,2,7200,1.0017281106
440747,440754,444044,7,3290,2,7200,1.00212765957
440749,440760,443873,11,3113,2,7200,1.0035335689
440773,440779,444241,6,3462,2,7200,1.00173310225
440886,440893,444219,7,3326,2,7200,1.00210463019
440901,440907,444317,6,3410,2,7200,1.00175953079
440962,440968,441147,6,179,1,3600,1.03351955307
441057,441064,444485,7,3421,2,7200,1.00204618533
441169,441175,444612,6,3437,2,7200,1.00174570847
441225,441232,444497,7,3265,2,7200,1.002143951
441270,441276,444447,6,3171,2,7200,1.00189214759
441285,441291,444779,6,3488,2,7200,1.00172018349
441329,441475,441816,146,341,1,3600,1.42815249267
441345,441351,444936,6,3585,2,7200,1.00167364017
441405,441411,444708,6,3297,2,7200,1.00181983621
441462,441468,444665,6,3197,2,7200,1.00187675946
441509,441516,444903,7,3387,2,7200,1.00206672572
442186,442192,443021,6,829,1,3600,1.00723763571
442201,442207,445520,6,3313,2,7200,1.00181104739
442696,442702,445979,6,3277,2,7200,1.00183094294
442773,442779,446298,6,3519,2,7200,1.00170502984
442788,442794,446017,6,3223,2,7200,1.00186161961
442803,442809,446120,6,3311,2,7200,1.00181214135
442932,442938,446576,6,3638,2,7200,1.00164925783
442946,442953,446320,7,3367,2,7200,1.00207900208
443154,443160,446305,6,3145,2,7200,1.00190779014
443195,443202,446639,7,3437,2,7200,1.00203665988
443264,443270,446381,6,3111,2,7200,1.00192864031
443338,443344,446382,6,3038,2,7200,1.00197498354
443454,443460,446823,6,3363,2,7200,1.00178412132
443581,443587,446815,6,3228,2,7200,1.00185873606
443662,443669,446968,7,3299,2,7200,1.00212185511
443664,443675,447005,11,3330,2,7200,1.0033033033
443727,443733,447215,6,3482,2,7200,1.00172314762
443753,443760,447263,7,3503,2,7200,1.00199828718
443768,443774,447020,6,3246,2,7200,1.00184842884
443854,443880,443997,26,117,1,3600,1.22222222222
443867,443873,446886,6,3013,2,7200,1.00199137073
443884,443890,447080,6,3190,2,7200,1.00188087774
443958,443965,447161,7,3196,2,7200,1.0021902378
443969,443975,447229,6,3254,2,7200,1.00184388445
443985,443992,447341,7,3349,2,7200,1.00209017617
443987,443998,447417,11,3419,2,7200,1.003217315
444023,444029,447379,6,3350,2,7200,1.00179104478
444037,444043,447540,6,3497,2,7200,1.00171575636
444052,444058,447361,6,3303,2,7200,1.00181653043
444073,444079,447542,6,3463,2,7200,1.00173260179
444090,444096,447503,6,3407,2,7200,1.00176108013
444177,444183,447605,6,3422,2,7200,1.00175336061
444182,444189,444513,7,324,1,3600,1.02160493827
444204,444210,447439,6,3229,2,7200,1.00185816042
444219,444225,447428,6,3203,2,7200,1.00187324383
444233,444239,447341,6,3102,2,7200,1.00193423598
444248,444254,447400,6,3146,2,7200,1.00190718373
444317,444323,447365,6,3042,2,7200,1.00197238659
444449,444455,447779,6,3324,2,7200,1.00180505415
444485,444491,447913,6,3422,2,7200,1.00175336061
444500,444506,448026,6,3520,2,7200,1.00170454545
444611,444617,447963,6,3346,2,7200,1.00179318589
444665,444671,447943,6,3272,2,7200,1.00183374083
444707,444713,448398,6,3685,2,7200,1.00162822252
444779,444785,447763,6,2978,2,7200,1.00201477502
444902,444908,448298,6,3390,2,7200,1.0017699115
444908,444914,445088,6,174,1,3600,1.03448275862
444937,444943,448551,6,3608,2,7200,1.00166297118
445005,445098,445720,93,622,1,3600,1.14951768489
445275,445534,445889,259,355,1,3600,1.72957746479
445520,445527,448855,7,3328,2,7200,1.00210336538
445982,445988,449572,6,3584,2,7200,1.00167410714
446018,446024,449362,6,3338,2,7200,1.00179748352
446120,446126,449516,6,3390,2,7200,1.0017699115
446263,446270,447056,7,786,1,3600,1.00890585242
446300,446306,449935,6,3629,2,7200,1.00165334803
446314,446320,449682,6,3362,2,7200,1.00178465199
446329,446335,449676,6,3341,2,7200,1.0017958695
446383,446389,450036,6,3647,2,7200,1.00164518783
446384,446395,450042,11,3647,2,7200,1.00301617768
446577,446582,450008,5,3426,2,7200,1.0014594279
446642,446648,450000,6,3352,2,7200,1.00178997613
446814,446820,450136,6,3316,2,7200,1.00180940893
446826,446832,450273,6,3441,2,7200,1.00174367916
446885,446892,450296,7,3404,2,7200,1.00205640423
446969,446976,450290,7,3314,2,7200,1.00211225106
447005,447011,450594,6,3583,2,7200,1.00167457438
447020,447026,450459,6,3433,2,7200,1.0017477425
447080,447086,450757,6,3671,2,7200,1.00163443203
447161,447167,450788,6,3621,2,7200,1.00165700083
447218,447224,450693,6,3469,2,7200,1.00172960507
447231,447237,450799,6,3562,2,7200,1.00168444694
447265,447271,450530,6,3259,2,7200,1.00184105554
447340,447347,450571,7,3224,2,7200,1.00217121588
447355,447361,450742,6,3381,2,7200,1.00177462289
447370,447376,450799,6,3423,2,7200,1.00175284838
447371,447382,450245,11,2863,2,7200,1.00384212365
447386,447392,450843,6,3451,2,7200,1.00173862649
447401,447407,450431,6,3024,2,7200,1.00198412698
447418,447424,450595,6,3171,2,7200,1.00189214759
447433,447439,450758,6,3319,2,7200,1.00180777343
447448,447454,450980,6,3526,2,7200,1.00170164492
447504,447511,450863,7,3352,2,7200,1.00208830549
447537,447543,450899,6,3356,2,7200,1.00178784267
447552,447558,450762,6,3204,2,7200,1.00187265918
447606,447612,451253,6,3641,2,7200,1.00164789893
447763,447769,450919,6,3150,2,7200,1.0019047619
447781,447787,451130,6,3343,2,7200,1.00179479509
447910,447916,451546,6,3630,2,7200,1.00165289256
447943,447949,451479,6,3530,2,7200,1.00169971671
447964,447970,451538,6,3568,2,7200,1.00168161435
448027,448033,451276,6,3243,2,7200,1.00185013876
448206,449528,449644,1322,116,1,1800,12.3965517241
448300,448306,451599,6,3293,2,7200,1.00182204677
448329,449534,449650,1205,116,1,3600,11.3879310345
448399,448405,451463,6,3058,2,7200,1.00196206671
448552,448558,452056,6,3498,2,7200,1.00171526587
448858,448864,452400,6,3536,2,7200,1.00169683258
449360,449366,452893,6,3527,2,7200,1.00170116246
449516,449522,453036,6,3514,2,7200,1.00170745589
449573,449579,452914,6,3335,2,7200,1.00179910045
449675,449681,453132,6,3451,2,7200,1.00173862649
449689,449696,453188,7,3492,2,7200,1.0020045819
449831,449837,450165,6,328,1,3600,1.01829268293
449936,449942,453296,6,3354,2,7200,1.00178890877
449954,449960,450077,6,117,1,1800,1.05128205128
449999,450005,453347,6,3342,2,7200,1.00179533214
450014,450019,453261,5,3242,2,7200,1.00154225787
450034,450041,453234,7,3193,2,7200,1.00219229565
450049,450055,453214,6,3159,2,7200,1.00189933523
450136,450142,453137,6,2995,2,7200,1.0020033389
450247,450253,453706,6,3453,2,7200,1.00173761946
450275,450281,453581,6,3300,2,7200,1.00181818182
450292,450298,453581,6,3283,2,7200,1.00182759671
450307,450313,453552,6,3239,2,7200,1.00185242359
450430,450436,453864,6,3428,2,7200,1.00175029172
450460,450466,454090,6,3624,2,7200,1.00165562914
450531,450538,454010,7,3472,2,7200,1.00201612903
450573,450579,453796,6,3217,2,7200,1.0018650917
450594,450600,454124,6,3524,2,7200,1.00170261067
450595,450606,454176,11,3570,2,7200,1.00308123249
450663,450704,451325,41,621,1,3600,1.06602254428
450691,450698,454207,7,3509,2,7200,1.00199487033
450742,450748,453894,6,3146,2,7200,1.00190718373
450748,450754,451346,6,592,1,1800,1.01013513514
450757,450763,454083,6,3320,2,7200,1.00180722892
450772,450778,454276,6,3498,2,7200,1.00171526587
450773,450784,454369,11,3585,2,7200,1.00306834031
450788,450794,454209,6,3415,2,7200,1.00175695461
450800,450806,454245,6,3439,2,7200,1.00174469322
450803,450812,454042,9,3230,2,7200,1.00278637771
450844,450851,454544,7,3693,2,7200,1.00189547793
450865,450871,454217,6,3346,2,7200,1.00179318589
450901,450907,454478,6,3571,2,7200,1.00168020162
450919,450925,454344,6,3419,2,7200,1.00175489909
450979,450985,454313,6,3328,2,7200,1.00180288462
451132,451138,454499,6,3361,2,7200,1.00178518298
451252,451258,454088,6,2830,2,7200,1.00212014134
451276,451282,454575,6,3293,2,7200,1.00182204677
451462,451469,455044,7,3575,2,7200,1.00195804196
451480,451486,454554,6,3068,2,7200,1.00195567145
451540,451546,454616,6,3070,2,7200,1.00195439739
451554,451561,455135,7,3574,2,7200,1.00195858982
451599,451605,454830,6,3225,2,7200,1.00186046512
452057,452063,455382,6,3319,2,7200,1.00180777343
452292,453145,453265,853,120,1,1800,8.10833333333
452401,452407,455877,6,3470,2,7200,1.00172910663
452533,453151,453206,618,55,1,1800,12.2363636364
452890,452897,456477,7,3580,2,7200,1.00195530726
452911,452917,456686,6,3769,2,7200,1.0015919342
453037,453044,456467,7,3423,2,7200,1.00204498978
453133,453139,456745,6,3606,2,7200,1.00166389351
453148,453157,456458,9,3301,2,7200,1.00272644653
453190,453196,456505,6,3309,2,7200,1.00181323663
453213,453220,456559,7,3339,2,7200,1.00209643606
453234,453240,456740,6,3500,2,7200,1.00171428571
453264,453270,456460,6,3190,2,7200,1.00188087774
453294,453300,456724,6,3424,2,7200,1.00175233645
453345,453351,456667,6,3316,2,7200,1.00180940893
453521,453527,453611,6,84,1,1800,1.07142857143
453552,453558,456888,6,3330,2,7200,1.0018018018
453579,453585,457015,6,3430,2,7200,1.00174927114
453581,453591,457215,10,3624,2,7200,1.0027593819
453599,453605,453724,6,119,1,1800,1.05042016807
453705,453711,457214,6,3503,2,7200,1.00171281758
453798,453804,457287,6,3483,2,7200,1.00172265289
453864,453870,457373,6,3503,2,7200,1.00171281758
453894,453900,457176,6,3276,2,7200,1.00183150183
454011,454017,457482,6,3465,2,7200,1.00173160173
454044,454050,457431,6,3381,2,7200,1.00177462289
454085,454092,457888,7,3796,2,7200,1.00184404636
454100,454106,457463,6,3357,2,7200,1.0017873101
454101,454112,457390,11,3278,2,7200,1.0033557047
454122,454128,457602,6,3474,2,7200,1.00172711572
454176,454182,457638,6,3456,2,7200,1.00173611111
454206,454212,457922,6,3710,2,7200,1.00161725067
454221,454227,457703,6,3476,2,7200,1.00172612198
454222,454233,457391,11,3158,2,7200,1.00348321723
454248,454254,457620,6,3366,2,7200,1.00178253119
454276,454282,457592,6,3310,2,7200,1.00181268882
454312,454318,457247,6,2929,2,7200,1.00204848071
454345,454351,457772,6,3421,2,7200,1.00175387314
454368,454374,457739,6,3365,2,7200,1.00178306092
454433,454440,454957,7,517,1,1800,1.01353965184
454479,454485,457987,6,3502,2,7200,1.00171330668
454500,454506,457714,6,3208,2,7200,1.00187032419
454542,454548,457717,6,3169,2,7200,1.00189334175
454556,454563,458178,7,3615,2,7200,1.00193637621
454577,454583,458052,6,3469,2,7200,1.00172960507
454600,454606,454901,6,295,1,1800,1.02033898305
454616,454622,458198,6,3576,2,7200,1.00167785235
454830,454836,458131,6,3295,2,7200,1.00182094082
455046,455052,458562,6,3510,2,7200,1.00170940171
455136,455143,458361,7,3218,2,7200,1.00217526414
455383,455390,458664,7,3274,2,7200,1.00213805742
455879,455885,459551,6,3666,2,7200,1.00163666121
456459,456465,459890,6,3425,2,7200,1.00175182482
456460,456471,459691,11,3220,2,7200,1.00341614907
456475,456482,459438,7,2956,2,7200,1.00236806495
456477,456488,458535,11,2047,2,7200,1.00537371764
456504,456510,459858,6,3348,2,7200,1.0017921147
456558,456564,459934,6,3370,2,7200,1.00178041543
456669,456675,459950,6,3275,2,7200,1.00183206107
456686,456692,460017,6,3325,2,7200,1.00180451128
456725,456731,460090,6,3359,2,7200,1.00178624591
456740,456746,460253,6,3507,2,7200,1.00171086399
456754,456761,459975,7,3214,2,7200,1.00217797138
456889,456896,460245,7,3349,2,7200,1.00209017617
456906,456912,456963,6,51,1,1800,1.11764705882
457013,457019,460334,6,3315,2,7200,1.00180995475
457175,457182,460408,7,3226,2,7200,1.00216986981
457214,457220,460609,6,3389,2,7200,1.00177043376
457214,457226,460796,12,3570,2,7200,1.00336134454
457247,457253,460492,6,3239,2,7200,1.00185242359
457289,457295,460617,6,3322,2,7200,1.00180614088
457306,457312,457393,6,81,1,1800,1.07407407407
457376,457382,460689,6,3307,2,7200,1.00181433323
457391,457397,460622,6,3225,2,7200,1.00186046512
457392,457403,460863,11,3460,2,7200,1.00317919075
457431,457437,460917,6,3480,2,7200,1.00172413793
457464,457470,460790,6,3320,2,7200,1.00180722892
457485,457491,461061,6,3570,2,7200,1.00168067227
457593,457599,460732,6,3133,2,7200,1.00191509735
457607,457613,461363,6,3750,2,7200,1.0016
457621,457627,461055,6,3428,2,7200,1.00175029172
457640,457646,460650,6,3004,2,7200,1.00199733688
457703,457709,460950,6,3241,2,7200,1.00185128047
457718,457724,460926,6,3202,2,7200,1.00187382886
457719,457730,461170,11,3440,2,7200,1.00319767442
457737,457743,460998,6,3255,2,7200,1.00184331797
457772,457779,461054,7,3275,2,7200,1.00213740458
457890,457896,461208,6,3312,2,7200,1.0018115942
457922,457928,461290,6,3362,2,7200,1.00178465199
457986,457992,461520,6,3528,2,7200,1.00170068027
458052,458058,461355,6,3297,2,7200,1.00181983621
458133,458139,461517,6,3378,2,7200,1.00177619893
458177,458184,461401,7,3217,2,7200,1.00217594032
458198,458204,461305,6,3101,2,7200,1.00193485972
458362,458368,461820,6,3452,2,7200,1.00173812283
458400,458406,458701,6,295,1,1800,1.02033898305
458536,458542,462289,6,3747,2,7200,1.00160128102
458563,458569,460524,6,1955,2,7200,1.00306905371
458666,458673,461935,7,3262,2,7200,1.00214592275
459439,459445,462650,6,3205,2,7200,1.00187207488
459551,459557,463026,6,3469,2,7200,1.00172960507
459689,459695,463116,6,3421,2,7200,1.00175387314
459860,459866,462971,6,3105,2,7200,1.00193236715
459889,459895,463095,6,3200,2,7200,1.001875
459934,459940,463374,6,3434,2,7200,1.00174723355
459952,459958,463521,6,3563,2,7200,1.00168397418
459976,459982,463390,6,3408,2,7200,1.00176056338
460017,460024,463458,7,3434,2,7200,1.00203843914
460089,460096,463771,7,3675,2,7200,1.0019047619
460226,491294,493875,31068,2581,25,7199,13.0371948857
460245,460252,463630,7,3378,2,7200,1.00207223209
460260,460266,463602,6,3336,2,7200,1.00179856115
460302,492046,494156,31744,2110,25,7199,16.044549763
460335,460341,463794,6,3453,2,7200,1.00173761946
460385,484945,492499,24560,7554,12,21600,4.25125761186
460410,460416,463719,6,3303,2,7200,1.00181653043
460491,460497,463588,6,3091,2,7200,1.00194111938
460524,460530,463634,6,3104,2,7200,1.00193298969
460610,460616,463990,6,3374,2,7200,1.00177830468
460617,460622,463968,5,3346,2,7200,1.00149432158
460631,460638,464346,7,3708,2,7200,1.00188781014
460632,492514,494745,31882,2231,25,7199,15.2904527118
460652,460658,464184,6,3526,2,7200,1.00170164492
460688,460694,464315,6,3621,2,7200,1.00165700083
460733,460739,464282,6,3543,2,7200,1.0016934801
460790,460796,464416,6,3620,2,7200,1.00165745856
460804,460811,464060,7,3249,2,7200,1.00215450908
460864,460871,464392,7,3521,2,7200,1.00198807157
460918,460924,464305,6,3381,2,7200,1.00177462289
460933,460939,464133,6,3194,2,7200,1.00187852223
460951,460957,464304,6,3347,2,7200,1.00179265013
460999,461005,464464,6,3459,2,7200,1.00173460538
461053,461059,464383,6,3324,2,7200,1.00180505415
461056,461065,464363,9,3298,2,7200,1.00272892662
461067,461073,464086,6,3013,2,7200,1.00199137073
461169,461176,464612,7,3436,2,7200,1.00203725262
461211,461217,464639,6,3422,2,7200,1.00175336061
461292,461299,464769,7,3470,2,7200,1.00201729107
461307,461313,464560,6,3247,2,7200,1.00184785956
461358,461364,464796,6,3432,2,7200,1.00174825175
461372,461378,464745,6,3367,2,7200,1.00178200178
461402,461408,464881,6,3473,2,7200,1.00172761301
461519,461525,464928,6,3403,2,7200,1.00176315016
461534,461540,464710,6,3170,2,7200,1.00189274448
461823,461829,464934,6,3105,2,7200,1.00193236715
461887,461894,465061,7,3167,1,3540,1.00221029365
461936,461942,465391,6,3449,2,7200,1.00173963468
462293,462299,465213,6,2914,2,7200,1.00205902539
462475,462481,804525,6,342044,3,342000,1.0000175416
462648,462654,466204,6,3550,2,7200,1.00169014085
462970,462976,466414,6,3438,2,7200,1.0017452007
463028,463035,466564,7,3529,2,7200,1.00198356475
463096,463102,466499,6,3397,2,7200,1.00176626435
463117,463123,466399,6,3276,2,7200,1.00183150183
463375,463382,466625,7,3243,2,7200,1.00215849522
463390,463396,466930,6,3534,2,7200,1.00169779287
463396,463403,473565,7,10162,4,32400,1.00068884078
463459,463465,466540,6,3075,2,7200,1.00195121951
463522,463528,467088,6,3560,2,7200,1.00168539326
463588,463594,467123,6,3529,2,7200,1.00170019836
463602,463609,467178,7,3569,2,7200,1.00196133371
463632,463638,467121,6,3483,2,7200,1.00172265289
463647,463653,467180,6,3527,2,7200,1.00170116246
463719,463725,466847,6,3122,2,7200,1.00192184497
463770,463776,466970,6,3194,2,7200,1.00187852223
463794,463800,467033,6,3233,2,7200,1.00185586143
463968,463975,467174,7,3199,2,7200,1.00218818381
463990,463996,467358,6,3362,2,7200,1.00178465199
464061,464067,467489,6,3422,2,7200,1.00175336061
464086,464092,467515,6,3423,2,7200,1.00175284838
464134,464140,467711,6,3571,2,7200,1.00168020162
464184,464191,467568,7,3377,2,7200,1.00207284572
464236,464244,472488,8,8244,3,10800,1.00097040272
464283,464290,467579,7,3289,2,7200,1.00212830648
464304,464310,467993,6,3683,2,7200,1.00162910671
464319,464325,467892,6,3567,2,7200,1.00168208579
464320,464331,467377,11,3046,2,7200,1.0036112935
464347,464353,467732,6,3379,2,7200,1.00177567328
464365,464371,467732,6,3361,2,7200,1.00178518298
464383,464391,467861,8,3470,2,7200,1.0023054755
464398,464404,467632,6,3228,2,7200,1.00185873606
464419,464425,467638,6,3213,2,7200,1.00186741363
464464,464471,467843,7,3372,2,7200,1.00207591934
464560,464566,467971,6,3405,2,7200,1.00176211454
464611,464617,467611,6,2994,2,7200,1.00200400802
464638,464644,468027,6,3383,2,7200,1.00177357375
464710,464718,468137,8,3419,2,7200,1.00233986546
464746,464752,468035,6,3283,2,7200,1.00182759671
464753,464758,466327,5,1569,2,324000,1.00318674315
464770,464776,468242,6,3466,2,7200,1.00173110214
464797,464803,468422,6,3619,2,7200,1.00165791655
464881,464887,468395,6,3508,2,7200,1.00171037628
464929,464935,468176,6,3241,2,7200,1.00185128047
464943,464949,467600,6,2651,2,7200,1.00226329687
465214,465221,468126,7,2905,2,7200,1.00240963855
465394,465400,468978,6,3578,2,7200,1.00167691448
465628,478737,709179,13109,230442,8,230400,1.05688633148
465927,466217,477045,290,10828,3,10800,1.02678241596
466204,466211,469762,7,3551,2,7200,1.0019712757
466400,466407,469630,7,3223,2,7200,1.00217188954
466414,466421,469466,7,3045,2,7200,1.00229885057
466498,466505,469779,7,3274,2,7200,1.00213805742
466540,466546,469893,6,3347,2,7200,1.00179265013
466566,466572,470277,6,3705,2,7200,1.0016194332
466627,466633,470069,6,3436,2,7200,1.00174621653
466848,466854,469614,6,2760,2,7200,1.00217391304
466929,466935,470147,6,3212,2,7200,1.00186799502
466971,466977,470075,6,3098,2,7200,1.00193673338
467034,467040,470303,6,3263,2,7200,1.00183879865
467088,467094,470420,6,3326,2,7200,1.00180396873
467121,467127,470475,6,3348,2,7200,1.0017921147
467135,467141,470578,6,3437,2,7200,1.00174570847
467174,467180,470363,6,3183,2,7200,1.00188501414
467189,467195,470029,6,2834,2,7200,1.00211714891
467190,467202,470575,12,3373,2,7200,1.0035576638
467360,467366,470701,6,3335,2,7200,1.00179910045
467377,467383,470779,6,3396,2,7200,1.00176678445
467488,472052,472064,4564,12,16,18000,381.333333333
467491,467497,470617,6,3120,2,7200,1.00192307692
467515,467521,470592,6,3071,2,7200,1.00195376099
467571,467578,471107,7,3529,2,7200,1.00198356475
467582,472075,472086,4493,11,16,18000,409.454545455
467586,467592,470900,6,3308,2,7200,1.00181378476
467601,467607,471012,6,3405,2,7200,1.00176211454
467615,467622,471001,7,3379,2,7200,1.00207161882
467633,467639,471085,6,3446,2,7200,1.00174114916
467648,467654,471178,6,3524,2,7200,1.00170261067
467711,467717,471429,6,3712,2,7200,1.00161637931
467728,467734,471359,6,3625,2,7200,1.00165517241
467733,467740,471059,7,3319,2,7200,1.002109069
467843,467849,471189,6,3340,2,7200,1.00179640719
467860,467866,471034,6,3168,2,7200,1.00189393939
467893,467899,470949,6,3050,2,7200,1.00196721311
467971,467977,471096,6,3119,2,7200,1.00192369349
467995,468001,471336,6,3335,2,7200,1.00179910045
468028,468034,471839,6,3805,2,7200,1.00157687254
468043,468049,471542,6,3493,2,7200,1.00171772116
468127,468133,471508,6,3375,2,7200,1.00177777778
468142,468148,471608,6,3460,2,7200,1.00173410405
468177,468184,471673,7,3489,2,7200,1.00200630553
468240,468246,468255,6,9,1,900,1.5
468243,468253,469986,10,1733,2,7200,1.00577034045
468394,468400,471792,6,3392,2,7200,1.00176886792
468424,468430,471718,6,3288,2,7200,1.00182481752
468980,468986,472253,6,3267,2,7200,1.00183654729
469029,469035,470802,6,1767,3,10800,1.00339558574
469354,480170,484693,10816,4523,8,7200,3.39133318594
469412,480176,484053,10764,3877,8,7200,3.77637348465
469465,469471,472685,6,3214,2,7200,1.00186683261
469615,469622,472913,7,3291,2,7200,1.00212701307
469630,469636,472845,6,3209,2,7200,1.00186974135
469762,469769,472939,7,3170,2,7200,1.00220820189
469780,469786,473121,6,3335,2,7200,1.00179910045
469894,469900,473373,6,3473,2,7200,1.00172761301
469922,472097,474102,2175,2005,16,7200,2.08478802993
469941,474113,476076,4172,1963,16,7200,3.12531839022
469984,469991,473237,7,3246,2,7200,1.00215650031
470029,470036,473208,7,3172,2,7200,1.00220680958
470064,484065,656868,14001,172803,8,172800,1.08102289891
470068,470074,473559,6,3485,2,7200,1.00172166428
470083,470089,473542,6,3453,2,7200,1.00173761946
470149,470154,473410,5,3256,2,7200,1.00153562654
470278,470285,473795,7,3510,2,7200,1.00199430199
470305,470311,473832,6,3521,2,7200,1.00170406135
470365,470371,473842,6,3471,2,7200,1.00172860847
470422,470428,473550,6,3122,2,7200,1.00192184497
470430,470436,556847,6,86411,2,86400,1.0000694356
470473,470479,473962,6,3483,2,7200,1.00172265289
470575,470581,473982,6,3401,2,7200,1.001764187
470590,470596,473970,6,3374,2,7200,1.00177830468
470604,470610,473870,6,3260,2,7200,1.0018404908
470619,470625,474152,6,3527,2,7200,1.00170116246
470702,470709,474405,7,3696,2,7200,1.00189393939
470778,470784,474339,6,3555,2,7200,1.00168776371
470898,470905,474532,7,3627,2,7200,1.00192996967
470949,470956,474200,7,3244,2,7200,1.00215782984
471000,471006,474257,6,3251,2,7200,1.00184558597
471015,471021,474378,6,3357,2,7200,1.0017873101
471033,471039,474383,6,3344,2,7200,1.00179425837
471062,471068,474379,6,3311,2,7200,1.00181214135
471087,471093,474690,6,3597,2,7200,1.00166805671
471101,471107,474404,6,3297,2,7200,1.00181983621
471116,471122,474538,6,3416,2,7200,1.00175644028
471179,471185,474549,6,3364,2,7200,1.00178359096
471194,471200,474512,6,3312,2,7200,1.0018115942
471335,471341,474647,6,3306,2,7200,1.00181488203
471359,471365,474994,6,3629,2,7200,1.00165334803
471428,471434,475114,6,3680,2,7200,1.00163043478
471509,471515,474858,6,3343,2,7200,1.00179479509
471542,471548,474844,6,3296,2,7200,1.00182038835
471611,471623,475031,12,3408,2,7200,1.00352112676
471611,471618,482435,7,10817,3,10800,1.00064712952
471671,471677,475193,6,3516,2,7200,1.00170648464
471719,471725,475327,6,3602,2,7200,1.00166574125
471794,471800,475086,6,3286,2,7200,1.00182592818
471839,471845,475000,6,3155,2,7200,1.00190174326
471962,476087,478038,4125,1951,16,7200,3.11430035879
472254,472260,475699,6,3439,2,7200,1.00174469322
472685,472691,475957,6,3266,2,7200,1.00183710961
472686,478049,490749,5363,12700,16,18000,1.42228346457
472723,478907,492034,6184,13127,16,18000,1.4710901196
472840,473404,477013,564,3609,3,3600,1.15627597672
472844,472850,476498,6,3648,2,7200,1.00164473684
472913,472919,476461,6,3542,2,7200,1.00169395822
472940,472946,476432,6,3486,2,7200,1.0017211704
473121,473127,476623,6,3496,2,7200,1.00171624714
473208,473214,476321,6,3107,2,7200,1.00193112327
473238,473244,476605,6,3361,2,7200,1.00178518298
473308,473315,476260,7,2945,2,14400,1.00237691002
473399,473411,476960,12,3549,2,7200,1.00338123415
473414,473420,476607,6,3187,2,7200,1.00188264826
473547,473553,476978,6,3425,2,7200,1.00175182482
473561,473568,477205,7,3637,2,7200,1.00192466318
473563,473580,476780,17,3200,2,7200,1.0053125
473568,473575,494007,7,20432,4,32400,1.00034259984
473800,473806,477354,6,3548,2,7200,1.00169109357
473835,473841,477303,6,3462,2,7200,1.00173310225
473850,473856,477325,6,3469,2,7200,1.00172960507
473871,473877,477169,6,3292,2,7200,1.00182260024
473965,473971,477338,6,3367,2,7200,1.00178200178
473980,473986,477707,6,3721,2,7200,1.00161246977
473981,473992,477324,11,3332,2,7200,1.00330132053
474150,474156,477187,6,3031,2,7200,1.0019795447
474201,474207,477739,6,3532,2,7200,1.00169875425
474258,474264,477441,6,3177,2,7200,1.00188857413
474339,474345,477793,6,3448,2,7200,1.00174013921
474382,474388,478002,6,3614,2,7200,1.00166021029
474382,474393,477714,11,3321,2,7200,1.00331225534
474383,474400,477942,17,3542,2,7200,1.00479954828
474406,474412,477818,6,3406,2,7200,1.00176159718
474407,474418,477863,11,3445,2,7200,1.00319303338
474512,474518,478036,6,3518,2,7200,1.0017055145
474527,474533,477783,6,3250,2,7200,1.00184615385
474541,474548,477909,7,3361,2,7200,1.00208271348
474556,474562,478083,6,3521,2,7200,1.00170406135
474648,474654,478182,6,3528,2,7200,1.00170068027
474691,474697,477940,6,3243,2,7200,1.00185013876
474845,474851,478268,6,3417,2,7200,1.00175592625
474860,474866,478112,6,3246,2,7200,1.00184842884
474995,475001,478441,6,3440,2,7200,1.00174418605
475009,475016,478152,7,3136,2,7200,1.00223214286
475033,475039,478495,6,3456,2,7200,1.00173611111
475087,475093,478609,6,3516,2,7200,1.00170648464
475114,475120,478552,6,3432,2,7200,1.00174825175
475195,475201,478581,6,3380,2,7200,1.00177514793
475327,475335,478709,8,3374,2,7200,1.00237107291
475461,475467,482679,6,7212,3,7200,1.00083194676
475702,475708,479261,6,3553,2,7200,1.00168871376
475958,475964,479170,6,3206,2,7200,1.00187149095
476284,476290,476347,6,57,2,180000,1.10526315789
476324,476330,479726,6,3396,2,7200,1.00176678445
476432,476438,479672,6,3234,2,7200,1.00185528757
476462,476468,480049,6,3581,2,7200,1.00167550963
476487,476493,656510,6,180017,2,180000,1.00003333019
476495,476501,479977,6,3476,2,7200,1.00172612198
476606,476613,480026,7,3413,2,7200,1.00205098154
476607,476620,479599,13,2979,2,7200,1.0043638805
476622,476628,479651,6,3023,2,7200,1.00198478333
476656,476990,484227,334,7237,3,7200,1.04615172033
476782,476788,480036,6,3248,2,7200,1.00184729064
476960,476966,480109,6,3143,2,7200,1.00190900414
476975,476981,480446,6,3465,2,7200,1.00173160173
477039,477057,485478,18,8421,3,10800,1.00213751336
477168,477175,480805,7,3630,2,7200,1.00192837466
477185,477192,480581,7,3389,2,7200,1.00206550605
477203,477209,480761,6,3552,2,7200,1.00168918919
477302,477308,480559,6,3251,2,7200,1.00184558597
477326,477332,480692,6,3360,2,7200,1.00178571429
477327,477338,480630,11,3292,2,7200,1.00334143378
477342,477348,480504,6,3156,2,7200,1.00190114068
477356,477362,480611,6,3249,2,7200,1.00184672207
477444,477450,480735,6,3285,2,7200,1.00182648402
477706,477713,480639,7,2926,2,7200,1.0023923445
477721,477727,481059,6,3332,2,7200,1.00180072029
477739,477745,481161,6,3416,2,7200,1.00175644028
477783,477790,481364,7,3574,2,7200,1.00195858982
477798,477804,481074,6,3270,2,7200,1.00183486239
477819,477825,480918,6,3093,2,7200,1.00193986421
477866,477872,481217,6,3345,2,7200,1.00179372197
477909,477915,481279,6,3364,2,7200,1.00178359096
477942,477948,481425,6,3477,2,7200,1.00172562554
477943,477955,481366,12,3411,2,7200,1.0035180299
478002,478008,481461,6,3453,2,7200,1.00173761946
478033,478040,481603,7,3563,2,7200,1.00196463654
478081,478088,481620,7,3532,2,7200,1.00198187995
478114,478120,481736,6,3616,2,7200,1.00165929204
478153,478159,481397,6,3238,2,7200,1.00185299568
478183,478189,481410,6,3221,2,7200,1.00186277554
478270,478276,481610,6,3334,2,7200,1.00179964007
478441,478448,481919,7,3471,2,7200,1.00201670988
478495,478502,482017,7,3515,2,7200,1.00199146515
478552,478558,481809,6,3251,2,7200,1.00184558597
478582,478588,481858,6,3270,2,7200,1.00183486239
478609,478615,481943,6,3328,2,7200,1.00180288462
478711,478717,482048,6,3331,2,7200,1.00180126088
479144,482076,482354,2932,278,6,36000,11.5467625899
479169,479175,482393,6,3218,2,7200,1.00186451212
479263,479269,482634,6,3365,2,7200,1.00178306092
479599,479605,482964,6,3359,2,7200,1.00178624591
479650,479656,483096,6,3440,2,7200,1.00174418605
479671,479677,482639,6,2962,2,7200,1.00202565834
479728,479734,483121,6,3387,2,7200,1.00177147919
479978,479985,483497,7,3512,2,7200,1.00199316629
480026,480032,483428,6,3396,2,7200,1.00176678445
480040,480047,483194,7,3147,2,7200,1.00222434064
480055,480061,483558,6,3497,2,7200,1.00171575636
480109,480115,483709,6,3594,2,7200,1.00166944908
480449,480455,483646,6,3191,2,7200,1.00188028831
480506,480512,483936,6,3424,2,7200,1.00175233645
480560,480566,483749,6,3183,2,7200,1.00188501414
480584,480590,483887,6,3297,2,7200,1.00181983621
480614,480620,484165,6,3545,2,7200,1.00169252468
480632,480638,484360,6,3722,2,7200,1.00161203654
480647,480653,483776,6,3123,2,7200,1.00192122959
480692,480698,483875,6,3177,2,7200,1.00188857413
480733,480740,484092,7,3352,2,7200,1.00208830549
480760,480767,484178,7,3411,2,7200,1.00205218411
480805,480811,484219,6,3408,2,7200,1.00176056338
480919,480926,484245,7,3319,2,7200,1.002109069
481058,481064,484382,6,3318,2,7200,1.00180831826
481076,481082,484702,6,3620,2,7200,1.00165745856
481160,481166,484488,6,3322,2,7200,1.00180614088
481218,481224,484573,6,3349,2,7200,1.00179157958
481280,481286,484994,6,3708,2,7200,1.00161812298
481364,481370,484689,6,3319,2,7200,1.00180777343
481379,481385,485152,6,3767,2,7200,1.0015927794
481396,481402,484535,6,3133,2,7200,1.00191509735
481411,481417,484597,6,3180,2,7200,1.00188679245
481425,481432,484799,7,3367,2,7200,1.00207900208
481464,481470,484769,6,3299,2,7200,1.00181873295
481606,481612,485060,6,3448,2,7200,1.00174013921
481621,481627,484933,6,3306,2,7200,1.00181488203
481622,481634,485073,12,3439,2,7200,1.00348938645
481737,481743,484929,6,3186,2,7200,1.00188323917
481812,481819,485155,7,3336,2,7200,1.00209832134
481860,481866,485129,6,3263,2,7200,1.00183879865
481919,481926,485188,7,3262,2,7200,1.00214592275
481943,481949,485376,6,3427,2,7200,1.00175080245
481978,490760,490786,8782,26,16,3600,338.769230769
482018,482024,485438,6,3414,2,7200,1.00175746924
482048,482054,485069,6,3015,2,7200,1.00199004975
482352,482365,485413,13,3048,6,36000,1.00426509186
482394,482400,485639,6,3239,2,7200,1.00185242359
482636,482642,486165,6,3523,2,7200,1.00170309395
482638,482648,486105,10,3457,2,7200,1.00289268152
482964,482970,486282,6,3312,2,7200,1.0018115942
483099,483105,486409,6,3304,2,7200,1.00181598063
483120,483126,486328,6,3202,2,7200,1.00187382886
483195,483201,486761,6,3560,2,7200,1.00168539326
483430,483436,486910,6,3474,2,7200,1.00172711572
483496,483502,487018,6,3516,2,7200,1.00170648464
483556,483562,487003,6,3441,2,7200,1.00174367916
483649,483655,487062,6,3407,2,7200,1.00176108013
483709,483715,486803,6,3088,2,7200,1.00194300518
483750,483756,487256,6,3500,2,7200,1.00171428571
483774,483780,487254,6,3474,2,7200,1.00172711572
483873,483879,487048,6,3169,2,7200,1.00189334175
483888,483894,487071,6,3177,2,7200,1.00188857413
483936,483942,487314,6,3372,2,7200,1.00177935943
484092,484098,487608,6,3510,2,7200,1.00170940171
484165,484171,487796,6,3625,2,7200,1.00165517241
484179,484186,487487,7,3301,2,7200,1.00212056952
484221,484227,487712,6,3485,2,7200,1.00172166428
484233,484395,538421,162,54026,4,54000,1.00299855625
484245,484251,487717,6,3466,2,7200,1.00173110214
484359,484366,487687,7,3321,2,7200,1.00210779886
484383,484389,487683,6,3294,2,7200,1.00182149362
484488,484495,488218,7,3723,2,7200,1.00188020414
484536,484542,487943,6,3401,2,7200,1.001764187
484576,484582,488268,6,3686,2,7200,1.00162778079
484596,484602,487867,6,3265,2,7200,1.00183767228
484689,484696,488008,7,3312,2,7200,1.00211352657
484704,484710,488083,6,3373,2,7200,1.0017788319
484770,484776,488115,6,3339,2,7200,1.00179694519
484800,484806,488042,6,3236,2,7200,1.00185414091
484929,484936,488532,7,3596,2,7200,1.00194660734
484944,484951,488165,7,3214,2,7200,1.00217797138
484995,485001,488317,6,3316,2,7200,1.00180940893
485061,485067,488402,6,3335,2,7200,1.00179910045
485076,485082,488552,6,3470,2,7200,1.00172910663
485077,485088,488447,11,3359,2,7200,1.00327478416
485131,485137,488806,6,3669,2,7200,1.00163532298
485152,485158,488312,6,3154,2,7200,1.00190234623
485167,485173,488604,6,3431,2,7200,1.00174876129
485187,485194,488612,7,3418,2,7200,1.00204798128
485377,485383,488776,6,3393,2,7200,1.0017683466
485414,485424,521438,10,36014,6,36000,1.0002776698
485437,485443,488450,6,3007,2,7200,1.0019953442
485555,486391,497205,836,10814,3,10800,1.07730719438
485561,493886,496314,8325,2428,25,3599,4.42874794069
485639,485645,489071,6,3426,2,7200,1.00175131349
486107,486113,489495,6,3382,2,7200,1.00177409817
486167,494762,526175,8595,31413,6,36000,1.27361283545
486168,486175,489587,7,3412,2,7200,1.00205158265
486282,486288,489755,6,3467,2,7200,1.00173060283
486330,486337,489480,7,3143,2,7200,1.00222717149
486408,486414,490052,6,3638,2,7200,1.00164925783
486761,486767,490140,6,3373,2,7200,1.0017788319
486806,486812,490089,6,3277,2,7200,1.00183094294
486908,486914,490387,6,3473,2,7200,1.00172761301
487004,487010,490288,6,3278,2,7200,1.00183038438
487019,487025,490486,6,3461,2,7200,1.001733603
487049,487055,490204,6,3149,2,7200,1.00190536678
487064,487070,490540,6,3470,2,7200,1.00172910663
487078,487085,490502,7,3417,2,7200,1.00204858063
487256,487262,490579,6,3317,2,7200,1.00180886343
487258,487268,490634,10,3366,2,7200,1.00297088532
487315,487321,490945,6,3624,2,7200,1.00165562914
487486,487492,490804,6,3312,2,7200,1.0018115942
487607,487613,490719,6,3106,2,7200,1.00193174501
487685,487691,490994,6,3303,2,7200,1.00181653043
487700,487706,491282,6,3576,2,7200,1.00167785235
487714,487721,491068,7,3347,2,7200,1.00209142516
487729,487735,490862,6,3127,2,7200,1.00191877199
487799,487805,491045,6,3240,2,7200,1.00185185185
487868,487874,491153,6,3279,2,7200,1.00182982617
487943,487954,491410,11,3456,2,7200,1.00318287037
488009,488015,491461,6,3446,2,7200,1.00174114916
488042,488048,491445,6,3397,2,7200,1.00176626435
488084,488090,491567,6,3477,2,7200,1.00172562554
488116,488122,491414,6,3292,2,7200,1.00182260024
488168,488174,491619,6,3445,2,7200,1.00174165457
488219,488225,491686,6,3461,2,7200,1.001733603
488271,488277,491673,6,3396,2,7200,1.00176678445
488312,488318,491714,6,3396,2,7200,1.00176678445
488327,488333,491505,6,3172,2,7200,1.00189155107
488402,488408,490863,6,2455,2,7200,1.00244399185
488447,488453,491806,6,3353,2,7200,1.00178944229
488462,488468,491867,6,3399,2,7200,1.00176522507
488531,488537,491748,6,3211,2,7200,1.00186857677
488552,488558,491956,6,3398,2,7200,1.00176574456
488603,488609,492112,6,3503,2,7200,1.00171281758
488617,488624,491864,7,3240,2,7200,1.00216049383
488777,488783,492065,6,3282,2,7200,1.00182815356
488807,488814,492190,7,3376,2,7200,1.00207345972
488983,494516,585200,5533,90684,16,144000,1.06101407084
489072,489078,492615,6,3537,2,7200,1.00169635284
489255,489261,489550,6,289,2,10800,1.02076124567
489481,489487,492849,6,3362,2,7200,1.00178465199
489496,489502,492848,6,3346,2,7200,1.00179318589
489531,489537,489565,6,28,1,1800,1.21428571429
489550,489560,490420,10,860,2,10800,1.01162790698
489591,489597,493219,6,3622,2,7200,1.00165654335
489722,489728,489752,6,24,1,1800,1.25
489755,489762,493007,7,3245,2,7200,1.00215716487
490053,490060,493776,7,3716,2,7200,1.00188374596
490089,490097,493535,8,3438,2,7200,1.00232693426
490140,490147,493840,7,3693,2,7200,1.00189547793
490203,490210,493580,7,3370,2,7200,1.00207715134
490288,490294,493606,6,3312,2,7200,1.0018115942
490390,490397,493401,7,3004,2,7200,1.00233022636
490486,490492,493706,6,3214,2,7200,1.00186683261
490504,490510,494004,6,3494,2,7200,1.00171722954
490545,490551,493551,6,3000,2,7200,1.002
490581,490587,493804,6,3217,2,7200,1.0018650917
490635,490641,493864,6,3223,2,7200,1.00186161961
490719,490725,494353,6,3628,2,7200,1.00165380375
490803,490809,494046,6,3237,2,7200,1.00185356812
490863,490869,494210,6,3341,2,7200,1.0017958695
490864,490876,494060,12,3184,2,7200,1.00376884422
490945,490951,494622,6,3671,2,7200,1.00163443203
490996,491002,494460,6,3458,2,7200,1.001735107
491048,491054,494636,6,3582,2,7200,1.00167504188
491065,491072,494690,7,3618,2,7200,1.00193477059
491155,491162,494480,7,3318,2,7200,1.00210970464
491282,491288,494452,6,3164,2,7200,1.00189633375
491498,491510,494839,12,3329,2,7200,1.00360468609
491498,491504,494984,6,3480,2,7200,1.00172413793
491513,491520,494933,7,3413,2,7200,1.00205098154
491514,491526,495165,12,3639,2,7200,1.00329760923
491516,491532,494828,16,3296,2,7200,1.00485436893
491567,491573,494799,6,3226,2,7200,1.00185988841
491621,491627,495071,6,3444,2,7200,1.00174216028
491677,491684,495298,7,3614,2,7200,1.00193691201
491687,491693,494993,6,3300,2,7200,1.00181818182
491716,491723,495485,7,3762,2,7200,1.00186071239
491749,491756,495217,7,3461,2,7200,1.00202253684
491765,494522,502828,2757,8306,12,21600,1.33192872622
491806,491814,495334,8,3520,2,7200,1.00227272727
491863,491870,495510,7,3640,2,7200,1.00192307692
491878,491884,495488,6,3604,2,7200,1.00166481687
491956,491963,495506,7,3543,2,7200,1.00197572679
492065,492071,495284,6,3213,2,7200,1.00186741363
492106,494767,512468,2661,17701,6,36000,1.1503304898
492113,492119,495526,6,3407,2,7200,1.00176108013
492191,492197,495885,6,3688,2,7200,1.00162689805
492615,492622,496043,7,3421,2,7200,1.00204618533
492850,492856,496402,6,3546,2,7200,1.00169204738
492852,492862,496412,10,3550,2,7200,1.00281690141
492929,494167,494505,1238,338,16,3600,4.66272189349
493008,493014,496541,6,3527,2,7200,1.00170116246
493221,493227,496732,6,3505,2,7200,1.00171184023
493403,493409,496671,6,3262,2,7200,1.00183936235
493535,493541,497234,6,3693,2,7200,1.00162469537
493550,493556,496955,6,3399,2,7200,1.00176522507
493580,493586,497265,6,3679,2,7200,1.00163087796
493607,493614,496772,7,3158,2,7200,1.00221659278
493709,493716,497001,7,3285,2,7200,1.00213089802
493778,493784,497077,6,3293,2,7200,1.00182204677
493778,493892,508504,114,14612,4,36000,1.00780180673
493805,493811,497127,6,3316,2,7200,1.00180940893
493841,493847,497579,6,3732,2,7200,1.00160771704
493865,493876,496480,11,2604,2,7200,1.00422427035
494006,494013,497482,7,3469,2,7200,1.00201787259
494048,494054,497127,6,3073,2,7200,1.00195248942
494063,494070,497352,7,3282,2,7200,1.00213284583
494210,494217,497944,7,3727,2,7200,1.00187818621
494355,494361,497948,6,3587,2,7200,1.001672707
494454,494460,497785,6,3325,2,7200,1.00180451128
494469,494475,497989,6,3514,2,7200,1.00170745589
494483,494490,497826,7,3336,2,7200,1.00209832134
494577,494756,494853,179,97,12,21600,2.84536082474
494622,494628,498145,6,3517,2,7200,1.00170599943
494637,494643,497866,6,3223,2,7200,1.00186161961
494691,494697,498230,6,3533,2,7200,1.00169827342
494799,494805,498164,6,3359,2,7200,1.00178624591
494826,494832,498155,6,3323,2,7200,1.00180559735
494841,494847,498089,6,3242,2,7200,1.00185070944
494934,494940,498144,6,3204,2,7200,1.00187265918
494987,494994,498562,7,3568,2,7200,1.00196188341
494994,495000,498477,6,3477,2,7200,1.00172562554
495072,495078,498684,6,3606,2,7200,1.00166389351
495112,500835,507477,5723,6642,12,21600,1.86163806083
495165,495171,498255,6,3084,2,7200,1.00194552529
495216,495222,498398,6,3176,2,7200,1.00188916877
495285,495292,498589,7,3297,2,7200,1.00212314225
495299,495305,498857,6,3552,2,7200,1.00168918919
495333,495339,498664,6,3325,2,7200,1.00180451128
495395,500841,512332,5446,11491,12,57600,1.47393612392
495487,495493,498987,6,3494,2,7200,1.00171722954
495489,495500,498880,11,3380,2,7200,1.00325443787
495506,495513,498989,7,3476,2,7200,1.00201380898
495521,495527,498696,6,3169,2,7200,1.00189334175
495536,495542,498898,6,3356,2,7200,1.00178784267
495833,502840,514871,7007,12031,12,57600,1.58241210207
495885,495891,499346,6,3455,2,7200,1.0017366136
496045,496051,499287,6,3236,2,7200,1.00185414091
496250,496325,498424,75,2099,25,7199,1.03573130062
496403,496409,499618,6,3209,2,7200,1.00186974135
496418,496424,499601,6,3177,2,7200,1.00188857413
496481,496487,500046,6,3559,2,7200,1.00168586682
496541,496547,499909,6,3362,2,7200,1.00178465199
496672,496678,499872,6,3194,2,7200,1.00187852223
496721,498435,500824,1714,2389,25,3599,1.71745500209
496736,496742,500138,6,3396,2,7200,1.00176678445
496774,496781,499996,7,3215,2,7200,1.00217729393
496954,496962,500165,8,3203,2,7200,1.00249765845
497002,497009,500674,7,3665,2,7200,1.00190995907
497078,497084,500607,6,3523,2,7200,1.00170309395
497129,497135,500584,6,3449,2,7200,1.00173963468
497130,497141,500615,11,3474,2,7200,1.00316637881
497235,497241,500400,6,3159,2,7200,1.00189933523
497265,497271,500629,6,3358,2,7200,1.00178677784
497352,497358,500522,6,3164,2,7200,1.00189633375
497482,497487,501201,5,3714,2,7200,1.0013462574
497581,497587,501014,6,3427,2,7200,1.00175080245
497786,497792,501217,6,3425,2,7200,1.00175182482
497828,497834,500968,6,3134,2,7200,1.00191448628
497867,497873,501461,6,3588,2,7200,1.0016722408
497945,497951,501490,6,3539,2,7200,1.00169539418
497960,497966,501045,6,3079,2,7200,1.00194868464
497989,497996,501281,7,3285,2,7200,1.00213089802
498089,498095,501386,6,3291,2,7200,1.00182315406
498146,498152,501952,6,3800,2,7200,1.00157894737
498147,498160,501847,13,3687,2,7200,1.00352590182
498162,498168,498711,6,543,2,7200,1.01104972376
498163,498175,501692,12,3517,2,7200,1.00341199886
498230,498236,501713,6,3477,2,7200,1.00172562554
498256,498263,501592,7,3329,2,7200,1.00210273355
498398,498404,501761,6,3357,2,7200,1.0017873101
498479,498485,502068,6,3583,2,7200,1.00167457438
498566,498572,502164,6,3592,2,7200,1.00167037862
498590,498596,501828,6,3232,2,7200,1.00185643564
498666,498672,502082,6,3410,2,7200,1.00175953079
498686,498693,502198,7,3505,2,7200,1.00199714693
498701,498707,501974,6,3267,2,7200,1.00183654729
498716,498722,502221,6,3499,2,7200,1.00171477565
498859,498865,502428,6,3563,2,7200,1.00168397418
498882,498888,502152,6,3264,2,7200,1.00183823529
498900,498906,500226,6,1320,2,7200,1.00454545455
498987,498993,502175,6,3182,2,7200,1.00188560654
499002,499008,502404,6,3396,2,7200,1.00176678445
499285,499291,502575,6,3284,2,7200,1.00182704019
499345,499352,502150,7,2798,2,7200,1.00250178699
499601,499607,503001,6,3394,2,7200,1.00176782557
499616,499622,503292,6,3670,2,7200,1.00163487738
499875,499881,503412,6,3531,2,7200,1.00169923534
499911,499917,503098,6,3181,2,7200,1.00188619931
499995,500001,502896,6,2895,2,7200,1.00207253886
500046,500052,503544,6,3492,2,7200,1.00171821306
500141,500147,503504,6,3357,2,7200,1.0017873101
500166,500172,503669,6,3497,2,7200,1.00171575636
500226,500232,503564,6,3332,2,7200,1.00180072029
500401,500407,503864,6,3457,2,7200,1.00173560891
500521,500527,504028,6,3501,2,7200,1.00171379606
500584,500590,503774,6,3184,2,7200,1.00188442211
500601,507488,547081,6887,39593,12,57600,1.17394488925
500608,500614,504004,6,3390,2,7200,1.0017699115
500623,500629,503768,6,3139,2,7200,1.00191143676
500637,500643,503904,6,3261,2,7200,1.0018399264
500676,500682,504402,6,3720,2,7200,1.00161290323
500747,510246,526666,9499,16420,12,57600,1.57850182704
500968,500974,504637,6,3663,2,7200,1.00163800164
501013,501019,504249,6,3230,2,7200,1.00185758514
501043,501049,504380,6,3331,2,7200,1.00180126088
501203,501209,504596,6,3387,2,7200,1.00177147919
501218,501224,504434,6,3210,2,7200,1.00186915888
501284,501290,504445,6,3155,2,7200,1.00190174326
501386,501392,504805,6,3413,2,7200,1.00175798418
501463,501469,504953,6,3484,2,7200,1.00172215844
501488,501494,505126,6,3632,2,7200,1.00165198238
501593,501600,505106,7,3506,2,7200,1.0019965773
501693,501699,502330,6,631,2,7200,1.00950871632
501714,501720,504872,6,3152,2,7200,1.0019035533
501762,501768,505285,6,3517,2,7200,1.00170599943
501828,501834,505402,6,3568,2,7200,1.00168161435
501846,501852,505074,6,3222,2,7200,1.00186219739
501951,501957,505524,6,3567,2,7200,1.00168208579
501975,501981,505286,6,3305,2,7200,1.00181543116
502068,502074,505455,6,3381,2,7200,1.00177462289
502083,502089,505378,6,3289,2,7200,1.00182426269
502149,502155,505658,6,3503,2,7200,1.00171281758
502150,502162,505459,12,3297,2,7200,1.00363967243
502166,502172,505683,6,3511,2,7200,1.00170891484
502177,502184,505557,7,3373,2,7200,1.00207530388
502198,502204,505796,6,3592,2,7200,1.00167037862
502219,502225,505632,6,3407,2,7200,1.00176108013
502330,502337,505562,7,3225,2,7200,1.00217054264
502405,502412,505623,7,3211,2,7200,1.00218000623
502429,502436,505645,7,3209,2,7200,1.00218136491
502577,502583,505919,6,3336,2,7200,1.00179856115
502897,502903,505372,6,2469,2,7200,1.00243013366
503002,503008,506506,6,3498,2,7200,1.00171526587
503098,503104,506453,6,3349,2,7200,1.00179157958
503294,503300,506713,6,3413,2,7200,1.00175798418
503414,503421,506990,7,3569,2,7200,1.00196133371
503507,503514,506898,7,3384,2,7200,1.00206855792
503544,503550,506799,6,3249,2,7200,1.00184672207
503562,503568,506744,6,3176,2,7200,1.00188916877
503670,503676,506989,6,3313,2,7200,1.00181104739
503769,503775,507237,6,3462,2,7200,1.00173310225
503784,503790,507390,6,3600,2,7200,1.00166666667
503865,503871,507556,6,3685,2,7200,1.00162822252
503904,503910,507236,6,3326,2,7200,1.00180396873
504006,504012,507351,6,3339,2,7200,1.00179694519
504030,504036,507350,6,3314,2,7200,1.00181050091
504250,504256,507382,6,3126,2,7200,1.0019193858
504382,504388,507709,6,3321,2,7200,1.00180668473
504403,504409,507717,6,3308,2,7200,1.00181378476
504436,504442,507880,6,3438,2,7200,1.0017452007
504451,504456,507782,5,3326,2,7200,1.00150330728
504598,504604,507805,6,3201,2,7200,1.00187441425
504637,504643,508137,6,3494,2,7200,1.00171722954
504806,504812,508041,6,3229,2,7200,1.00185816042
504872,504878,507873,6,2995,2,7200,1.0020033389
504954,504960,508169,6,3209,2,7200,1.00186974135
505074,505080,508694,6,3614,2,7200,1.00166021029
505107,505113,508527,6,3414,2,7200,1.00175746924
505128,505134,508385,6,3251,2,7200,1.00184558597
505287,505293,508733,6,3440,2,7200,1.00174418605
505288,505300,508668,12,3368,2,7200,1.00356294537
505373,505379,508868,6,3489,2,7200,1.00171969046
505388,505394,508452,6,3058,2,7200,1.00196206671
505403,505409,509000,6,3591,2,7200,1.00167084378
505457,505463,508456,6,2993,2,7200,1.00200467758
505471,505478,509065,7,3587,2,7200,1.0019514915
505525,505532,508739,7,3207,2,7200,1.00218272529
505558,505565,508838,7,3273,2,7200,1.00213871066
505573,505579,509003,6,3424,2,7200,1.00175233645
505624,505630,509153,6,3523,2,7200,1.00170309395
505639,505645,508933,6,3288,2,7200,1.00182481752
505647,505653,509139,6,3486,2,7200,1.0017211704
505657,505663,508949,6,3286,2,7200,1.00182592818
505687,505693,509041,6,3348,2,7200,1.0017921147
505798,505804,509384,6,3580,2,7200,1.00167597765
505922,505928,509340,6,3412,2,7200,1.00175849941
506453,506459,509835,6,3376,2,7200,1.00177725118
506507,506513,509882,6,3369,2,7200,1.0017809439
506715,506721,510100,6,3379,2,7200,1.00177567328
506745,506751,510285,6,3534,2,7200,1.00169779287
506799,506805,510253,6,3448,2,7200,1.00174013921
506901,506907,510196,6,3289,2,7200,1.00182426269
506991,506998,510493,7,3495,2,7200,1.00200286123
506993,507004,510653,11,3649,2,7200,1.00301452453
507237,507243,510783,6,3540,2,7200,1.00169491525
507238,507249,510754,11,3505,2,7200,1.00313837375
507350,507356,510554,6,3198,2,7200,1.00187617261
507364,507371,510909,7,3538,2,7200,1.00197851894
507379,507385,510986,6,3601,2,7200,1.00166620383
507394,507400,510452,6,3052,2,7200,1.00196592398
507557,507563,510879,6,3316,2,7200,1.00180940893
507710,507716,511276,6,3560,2,7200,1.00168539326
507725,507731,510996,6,3265,2,7200,1.00183767228
507782,507788,511203,6,3415,2,7200,1.00175695461
507806,507812,511399,6,3587,2,7200,1.001672707
507875,507881,511446,6,3565,2,7200,1.00168302945
507890,507896,511470,6,3574,2,7200,1.00167879127
508043,508049,511719,6,3670,2,7200,1.00163487738
508139,508146,511376,7,3230,2,7200,1.00216718266
508172,508178,511471,6,3293,2,7200,1.00182204677
508386,508392,511880,6,3488,2,7200,1.00172018349
508452,508459,511983,7,3524,2,7200,1.00198637911
508467,508473,511867,6,3394,2,7200,1.00176782557
508527,508533,511918,6,3385,2,7200,1.00177252585
508666,508672,511914,6,3242,2,7200,1.00185070944
508693,508699,511922,6,3223,2,7200,1.00186161961
508735,508741,511945,6,3204,2,7200,1.00187265918
508750,508756,512307,6,3551,2,7200,1.00168966488
508840,508847,512152,7,3305,2,7200,1.00211800303
508870,508876,512420,6,3544,2,7200,1.00169300226
508933,508939,512234,6,3295,2,7200,1.00182094082
508951,508957,512319,6,3362,2,7200,1.00178465199
509002,509008,512422,6,3414,2,7200,1.00175746924
509017,509023,512378,6,3355,2,7200,1.00178837556
509042,509048,512403,6,3355,2,7200,1.00178837556
509065,509071,512268,6,3197,2,7200,1.00187675946
509139,509145,512662,6,3517,2,7200,1.00170599943
509152,509158,512566,6,3408,2,7200,1.00176056338
509342,509347,512984,5,3637,2,7200,1.00137475942
509384,509390,512848,6,3458,2,7200,1.001735107
509836,509842,513022,6,3180,2,7200,1.00188679245
509884,509891,513003,7,3112,2,7200,1.00224935733
510101,510107,513415,6,3308,2,7200,1.00181378476
510196,510203,513605,7,3402,2,7200,1.00205761317
510254,510260,513558,6,3298,2,7200,1.00181928441
510287,510293,513764,6,3471,2,7200,1.00172860847
510453,510459,513964,6,3505,2,7200,1.00171184023
510495,510501,513807,6,3306,2,7200,1.00181488203
510552,510558,514029,6,3471,2,7200,1.00172860847
510654,510660,514249,6,3589,2,7200,1.00167177487
510756,510763,514196,7,3433,2,7200,1.00203903292
510783,510789,514097,6,3308,2,7200,1.00181378476
510880,510886,514357,6,3471,2,7200,1.00172860847
510910,510916,513971,6,3055,2,7200,1.00196399345
510985,510991,514001,6,3010,2,7200,1.00199335548
511000,511011,514415,11,3404,2,7200,1.00323149236
511202,511208,514577,6,3369,2,7200,1.0017809439
511274,511280,514447,6,3167,2,7200,1.00189453742
511376,511382,514926,6,3544,2,7200,1.00169300226
511400,511406,515026,6,3620,2,7200,1.00165745856
511448,511454,514686,6,3232,2,7200,1.00185643564
511472,511478,514970,6,3492,2,7200,1.00171821306
511473,511485,514871,12,3386,2,7200,1.00354400473
511719,511725,515057,6,3332,2,7200,1.00180072029
511869,511875,515143,6,3268,2,7200,1.00183598531
511884,511890,515173,6,3283,2,7200,1.00182759671
511914,511920,515281,6,3361,2,7200,1.00178518298
511929,511935,515150,6,3215,2,7200,1.00186625194
511930,511941,514913,11,2972,2,7200,1.00370121131
511945,511951,515382,6,3431,2,7200,1.00174876129
511984,511990,515537,6,3547,2,7200,1.00169157034
512153,512159,515487,6,3328,2,7200,1.00180288462
512237,512243,515603,6,3360,2,7200,1.00178571429
512267,512273,515595,6,3322,2,7200,1.00180614088
512309,512315,515525,6,3210,2,7200,1.00186915888
512324,512330,515633,6,3303,2,7200,1.00181653043
512326,514209,515435,1883,1226,16,3600,2.53588907015
512378,512384,515746,6,3362,2,7200,1.00178465199
512404,512410,515672,6,3262,2,7200,1.00183936235
512420,512426,516011,6,3585,2,7200,1.00167364017
512435,512441,515968,6,3527,2,7200,1.00170116246
512500,512506,547918,6,35412,6,36000,1.00016943409
512568,512574,515907,6,3333,2,7200,1.00180018002
512664,512671,516127,7,3456,2,7200,1.00202546296
512848,512854,516041,6,3187,2,7200,1.00188264826
512944,517670,517678,4726,8,12,21600,473.4
512984,512990,516437,6,3447,2,7200,1.00174064404
513005,513011,516318,6,3307,2,7200,1.00181433323
513023,513029,516312,6,3283,2,7200,1.00182759671
513044,517689,523228,4645,5539,12,21600,1.83859902509
513097,520005,526648,6908,6643,12,21600,2.03989161523
513417,513424,516617,7,3193,2,7200,1.00219229565
513559,513565,517125,6,3560,2,7200,1.00168539326
513607,513613,517140,6,3527,2,7200,1.00170116246
513764,513770,517112,6,3342,2,7200,1.00179533214
513782,515447,517653,1665,2206,25,3599,1.75475974615
513809,513815,517394,6,3579,2,7200,1.00167644593
513913,517664,519994,3751,2330,25,3599,2.60987124464
513965,513972,517337,7,3365,2,7200,1.00208023774
513980,513986,517350,6,3364,2,7200,1.00178359096
514001,514007,517610,6,3603,2,7200,1.00166527893
514031,514037,517569,6,3532,2,7200,1.00169875425
514097,514103,517667,6,3564,2,7200,1.00168350168
514196,514202,517623,6,3421,2,7200,1.00175387314
514247,514253,517468,6,3215,2,7200,1.00186625194
514358,514366,517559,8,3193,2,7200,1.00250548074
514416,514422,517799,6,3377,2,7200,1.0017767249
514448,514455,517533,7,3078,2,7200,1.00227420403
514578,514584,518068,6,3484,2,7200,1.00172215844
514686,514693,518026,7,3333,2,7200,1.00210021002
514874,514880,518428,6,3548,2,7200,1.00169109357
514912,514918,518423,6,3505,2,7200,1.00171184023
514928,514934,518465,6,3531,2,7200,1.00169923534
514970,514976,518229,6,3253,2,7200,1.00184445128
515027,515033,517292,6,2259,2,7200,1.0026560425
515057,515064,518424,7,3360,2,7200,1.00208333333
515144,515150,518552,6,3402,2,7200,1.00176366843
515158,515165,518667,7,3502,2,7200,1.0019988578
515173,515180,518763,7,3583,2,7200,1.00195367011
515282,515288,518671,6,3383,2,7200,1.00177357375
515384,515390,518619,6,3229,2,7200,1.00185816042
515489,515495,518672,6,3177,2,7200,1.00188857413
515525,515531,518850,6,3319,2,7200,1.00180777343
515540,515546,518579,6,3033,2,7200,1.00197823937
515597,515603,519171,6,3568,2,7200,1.00168161435
515612,515618,518982,6,3364,2,7200,1.00178359096
515633,515639,519005,6,3366,2,7200,1.00178253119
515675,515681,519175,6,3494,2,7200,1.00171722954
515747,515753,519029,6,3276,2,7200,1.00183150183
515906,515913,519282,7,3369,2,7200,1.00207776788
515970,515976,519556,6,3580,2,7200,1.00167597765
516012,516018,519454,6,3436,2,7200,1.00174621653
516042,516048,519580,6,3532,2,7200,1.00169875425
516129,516135,519345,6,3210,2,7200,1.00186915888
516313,516319,519937,6,3618,2,7200,1.00165837479
516328,516334,519596,6,3262,2,7200,1.00183936235
516439,516445,520070,6,3625,2,7200,1.00165517241
516617,516623,520089,6,3466,2,7200,1.00173110214
516921,520011,520025,3090,14,12,21600,221.714285714
517111,517117,520431,6,3314,2,7200,1.00181050091
517126,517132,520425,6,3293,2,7200,1.00182204677
517143,517149,520718,6,3569,2,7200,1.00168114318
517292,517298,520784,6,3486,2,7200,1.0017211704
517337,517343,520940,6,3597,2,7200,1.00166805671
517351,517357,520778,6,3421,2,7200,1.00175387314
517393,517400,520926,7,3526,2,7200,1.00198525241
517468,517476,520604,8,3128,2,7200,1.00255754476
517535,517541,520898,6,3357,2,7200,1.0017873101
517559,517565,520806,6,3241,2,7200,1.00185128047
517573,517580,521036,7,3456,2,7200,1.00202546296
517609,517616,521166,7,3550,2,7200,1.00197183099
517624,517630,520498,6,2868,2,7200,1.00209205021
517666,517676,521282,10,3606,2,7200,1.00277315585
517799,517805,521067,6,3262,2,7200,1.00183936235
518028,518034,521181,6,3147,2,7200,1.00190657769
518069,518076,521484,7,3408,2,7200,1.00205399061
518229,518235,521716,6,3481,2,7200,1.00172364263
518423,518429,521903,6,3474,2,7200,1.00172711572
518430,518437,521830,7,3393,2,7200,1.00206307103
518437,518443,521968,6,3525,2,7200,1.00170212766
518464,518470,521976,6,3506,2,7200,1.00171135197
518554,518561,522041,7,3480,2,7200,1.00201149425
518578,518584,522151,6,3567,2,7200,1.00168208579
518620,518626,521792,6,3166,2,7200,1.00189513582
518668,518675,522059,7,3384,2,7200,1.00206855792
518683,518689,522321,6,3632,2,7200,1.00165198238
518685,518695,522119,10,3424,2,7200,1.00292056075
518763,518769,522193,6,3424,2,7200,1.00175233645
518853,518859,522067,6,3208,2,7200,1.00187032419
518983,518989,522301,6,3312,2,7200,1.0018115942
519007,519013,522519,6,3506,2,7200,1.00171135197
519031,519037,522358,6,3321,2,7200,1.00180668473
519172,519179,522418,7,3239,2,7200,1.00216116085
519177,519185,522644,8,3459,2,7200,1.00231280717
519281,519287,522546,6,3259,2,7200,1.00184105554
519346,519352,522772,6,3420,2,7200,1.00175438596
519456,519462,522452,6,2990,2,7200,1.00200668896
519555,519561,523210,6,3649,2,7200,1.00164428611
519582,519588,523251,6,3663,2,7200,1.00163800164
519597,519603,522817,6,3214,2,7200,1.00186683261
519938,519944,523546,6,3602,2,7200,1.00166574125
520070,520077,523456,7,3379,2,7200,1.00207161882
520091,520097,523307,6,3210,2,7200,1.00186915888
520425,520432,523930,7,3498,2,7200,1.00200114351
520440,520446,523769,6,3323,2,7200,1.00180559735
520482,520488,528329,6,7841,12,21600,1.00076520852
520497,520503,523817,6,3314,2,7200,1.00181050091
520606,520612,524173,6,3561,2,7200,1.00168491997
520608,523239,527367,2631,4128,12,21600,1.63735465116
520720,520727,524169,7,3442,2,7200,1.00203370134
520777,520784,523833,7,3049,2,7200,1.0022958347
520792,520798,523912,6,3114,2,7200,1.00192678227
520807,520813,524203,6,3390,2,7200,1.0017699115
520900,520906,524420,6,3514,2,7200,1.00170745589
520927,520933,524479,6,3546,2,7200,1.00169204738
520942,520948,524365,6,3417,2,7200,1.00175592625
521035,521042,524706,7,3664,2,7200,1.00191048035
521068,521075,524276,7,3201,2,7200,1.00218681662
521168,521174,524445,6,3271,2,7200,1.00183430144
521183,521189,524440,6,3251,2,7200,1.00184558597
521282,521288,524775,6,3487,2,7200,1.0017206768
521484,521490,524787,6,3297,2,7200,1.00181983621
521716,521722,524838,6,3116,2,7200,1.00192554557
521794,521800,524999,6,3199,2,7200,1.00187558612
521834,521840,525386,6,3546,2,7200,1.00169204738
521903,521908,525118,5,3210,2,7200,1.0015576324
521966,521972,524880,6,2908,2,7200,1.00206327373
521980,521987,525379,7,3392,2,7200,1.00206367925
522043,522050,525045,7,2995,2,7200,1.00233722871
522061,522068,525434,7,3366,2,7200,1.00207961973
522076,522082,525634,6,3552,2,7200,1.00168918919
522121,522127,525692,6,3565,2,7200,1.00168302945
522145,522151,525426,6,3275,2,7200,1.00183206107
522193,522199,525681,6,3482,2,7200,1.00172314762
522302,522308,525794,6,3486,2,7200,1.0017211704
522323,522329,525649,6,3320,2,7200,1.00180722892
522358,522365,525371,7,3006,2,7200,1.00232867598
522419,522425,525712,6,3287,2,7200,1.00182537268
522451,522458,525842,7,3384,2,7200,1.00206855792
522521,522527,525914,6,3387,2,7200,1.00177147919
522548,522554,525978,6,3424,2,7200,1.00175233645
522647,522653,526154,6,3501,2,7200,1.00171379606
522774,522780,526377,6,3597,2,7200,1.00166805671
522816,522822,526344,6,3522,2,7200,1.00170357751
523212,523218,526643,6,3425,2,7200,1.00175182482
523251,523257,526587,6,3330,2,7200,1.0018018018
523308,523314,526389,6,3075,2,7200,1.00195121951
523455,523462,526858,7,3396,2,7200,1.00206124853
523549,523555,527150,6,3595,2,7200,1.0016689847
523769,523775,527018,6,3243,2,7200,1.00185013876
523817,523823,527284,6,3461,2,7200,1.001733603
523832,523838,527451,6,3613,2,7200,1.0016606698
523889,526659,533487,2770,6828,12,21600,1.40568248389
523913,523919,527006,6,3087,2,7200,1.0019436346
523931,523937,527044,6,3107,2,7200,1.00193112327
524170,524176,527882,6,3706,2,7200,1.00161899622
524176,524183,527638,7,3455,2,7200,1.0020260492
524205,524212,527653,7,3441,2,7200,1.00203429236
524278,524284,527861,6,3577,2,7200,1.00167738328
524368,524374,527894,6,3520,2,7200,1.00170454545
524422,524428,527775,6,3347,2,7200,1.00179265013
524440,524446,528136,6,3690,2,7200,1.00162601626
524454,524461,527630,7,3169,2,7200,1.00220889871
524478,524484,527935,6,3451,2,7200,1.00173862649
524708,524714,527962,6,3248,2,7200,1.00184729064
524777,524783,528340,6,3557,2,7200,1.00168681473
524792,524798,528314,6,3516,2,7200,1.00170648464
524837,524843,528210,6,3367,2,7200,1.00178200178
524882,524888,527961,6,3073,2,7200,1.00195248942
525000,525006,528291,6,3285,2,7200,1.00182648402
525048,525054,528558,6,3504,2,7200,1.00171232877
525120,525126,528709,6,3583,2,7200,1.00167457438
525370,525376,528505,6,3129,2,7200,1.00191754554
525385,525391,528672,6,3281,2,7200,1.00182871076
525389,525398,528865,9,3467,2,7200,1.00259590424
525427,525434,528857,7,3423,2,7200,1.00204498978
525443,525449,528771,6,3322,2,7200,1.00180614088
525635,525643,529087,8,3444,2,7200,1.00232288037
525650,525656,528935,6,3279,2,7200,1.00182982617
525683,525689,529256,6,3567,2,7200,1.00168208579
525698,525704,528999,6,3295,2,7200,1.00182094082
525713,525719,529022,6,3303,2,7200,1.00181653043
525794,525801,529185,7,3384,2,7200,1.00206855792
525843,525849,529384,6,3535,2,7200,1.00169731259
525915,525921,529111,6,3190,2,7200,1.00188087774
525978,525984,529279,6,3295,2,7200,1.00182094082
526156,526162,529797,6,3635,2,7200,1.00165061898
526346,526353,529826,7,3473,2,7200,1.00201554852
526379,526385,529863,6,3478,2,7200,1.00172512938
526391,526398,529805,7,3407,2,7200,1.00205459348
526588,526594,529835,6,3241,2,7200,1.00185128047
526642,526649,529715,7,3066,2,7200,1.00228310502
526856,526863,530315,7,3452,2,7200,1.00202780997
527007,527014,530386,7,3372,2,7200,1.00207591934
527022,527028,530514,6,3486,2,7200,1.0017211704
527046,527052,530449,6,3397,2,7200,1.00176626435
527151,527157,530694,6,3537,2,7200,1.00169635284
527284,527290,530523,6,3233,2,7200,1.00185586143
527325,527332,527532,7,200,1,3600,1.035
527452,527459,530873,7,3414,2,7200,1.00205038079
527478,527484,534289,6,6805,12,57600,1.00088170463
527630,527636,531031,6,3395,2,7200,1.00176730486
527639,528340,531517,701,3177,12,21600,1.22064841045
527645,527651,530949,6,3298,2,7200,1.00181928441
527660,527666,528192,6,526,2,7200,1.01140684411
527721,527727,528323,6,596,1,3600,1.01006711409
527775,527781,531181,6,3400,2,7200,1.00176470588
527826,531528,617959,3702,86431,12,86400,1.04283185431
527862,527868,530839,6,2971,2,7200,1.00201952205
527886,527893,531314,7,3421,2,7200,1.00204618533
527895,527901,531004,6,3103,2,7200,1.00193361263
527937,527943,531211,6,3268,2,7200,1.00183598531
527961,527967,531299,6,3332,2,7200,1.00180072029
527962,527974,531388,12,3414,2,7200,1.00351493849
528137,528143,531756,6,3613,2,7200,1.0016606698
528191,528197,531773,6,3576,2,7200,1.00167785235
528212,528218,531643,6,3425,2,7200,1.00175182482
528294,528300,530773,6,2473,2,7200,1.00242620299
528315,528321,531881,6,3560,2,7200,1.00168539326
528341,528348,531508,7,3160,2,7200,1.00221518987
528504,528510,531641,6,3131,2,7200,1.00191632066
528558,528564,532187,6,3623,2,7200,1.00165608612
528673,528679,532325,6,3646,2,7200,1.00164563906
528699,528705,529622,6,917,1,3600,1.00654307525
528706,528712,531830,6,3118,2,7200,1.00192431046
528774,528780,532257,6,3477,2,7200,1.00172562554
528858,528864,532502,6,3638,2,7200,1.00164925783
528867,528873,532435,6,3562,2,7200,1.00168444694
528936,528942,532489,6,3547,2,7200,1.00169157034
528999,529005,532427,6,3422,2,7200,1.00175336061
529023,529029,532389,6,3360,2,7200,1.00178571429
529089,529096,532394,7,3298,2,7200,1.00212249848
529113,529120,532681,7,3561,2,7200,1.00196573996
529186,529192,532625,6,3433,2,7200,1.0017477425
529258,529264,532563,6,3299,2,7200,1.00181873295
529282,529288,532393,6,3105,2,7200,1.00193236715
529284,533499,537539,4215,4040,12,57600,2.04331683168
529285,534301,543354,5016,9053,12,57600,1.55407047388
529384,529390,532579,6,3189,2,7200,1.00188146754
529716,529722,532912,6,3190,2,7200,1.00188087774
529798,529805,533477,7,3672,2,7200,1.00190631808
529803,529812,533155,9,3343,2,7200,1.00269219264
529824,529831,533325,7,3494,2,7200,1.00200343446
529826,529837,533100,11,3263,2,7200,1.00337113086
529864,529871,533307,7,3436,2,7200,1.00203725262
530315,530321,533885,6,3564,2,7200,1.00168350168
530387,530393,533692,6,3299,2,7200,1.00181873295
530450,530456,533765,6,3309,2,7200,1.00181323663
530513,530519,533866,6,3347,2,7200,1.00179265013
530528,530534,533973,6,3439,2,7200,1.00174469322
530589,530595,530715,6,120,1,3600,1.05
530696,530703,533977,7,3274,2,7200,1.00213805742
530774,530781,534110,7,3329,2,7200,1.00210273355
530838,530844,534299,6,3455,2,7200,1.0017366136
530874,530880,534175,6,3295,2,7200,1.00182094082
530896,530902,531369,6,467,1,3600,1.01284796574
530949,530955,534509,6,3554,2,7200,1.0016882386
531006,531012,534495,6,3483,2,7200,1.00172265289
531027,531033,534392,6,3359,2,7200,1.00178624591
531181,531187,534288,6,3101,2,7200,1.00193485972
531211,531217,534843,6,3626,2,7200,1.00165471594
531301,531307,534726,6,3419,2,7200,1.00175489909
531315,531321,534696,6,3375,2,7200,1.00177777778
531328,531334,531566,6,232,1,3600,1.02586206897
531388,531394,534899,6,3505,2,7200,1.00171184023
531508,531515,534520,7,3005,2,7200,1.00232945092
531641,531647,535302,6,3655,2,7200,1.00164158687
531656,531662,535299,6,3637,2,7200,1.0016497113
531743,531749,532189,6,440,1,3600,1.01363636364
531755,531761,535106,6,3345,2,7200,1.00179372197
531776,531782,535180,6,3398,2,7200,1.00176574456
531830,531836,535384,6,3548,2,7200,1.00169109357
531870,531876,532705,6,829,1,3600,1.00723763571
531881,531887,535382,6,3495,2,7200,1.0017167382
532189,532195,535702,6,3507,2,7200,1.00171086399
532258,532264,535689,6,3425,2,7200,1.00175182482
532327,532333,535469,6,3136,2,7200,1.00191326531
532390,532396,535782,6,3386,2,7200,1.00177200236
532405,532411,536103,6,3692,2,7200,1.00162513543
532406,532417,535860,11,3443,2,7200,1.00319488818
532427,532433,535576,6,3143,2,7200,1.00190900414
532438,532444,535951,6,3507,2,7200,1.00171086399
532490,532497,535764,7,3267,2,7200,1.00214263851
532505,532511,535819,6,3308,2,7200,1.00181378476
532561,532567,534165,6,1598,1,3600,1.00375469337
532562,532573,535929,11,3356,2,7200,1.00327771156
532581,532587,536269,6,3682,2,7200,1.00162954916
532626,532632,535856,6,3224,2,7200,1.00186104218
532683,532689,536282,6,3593,2,7200,1.00166991372
532834,537550,541538,4716,3988,12,21600,2.18254764293
532912,532918,536244,6,3326,2,7200,1.00180396873
532939,541549,587548,8610,45999,12,86400,1.18717798213
533071,533777,534338,706,561,6,1800,2.25846702317
533099,533106,536541,7,3435,2,7200,1.00203784571
533156,533163,536449,7,3286,2,7200,1.00213024954
533310,533316,536892,6,3576,2,7200,1.00167785235
533325,533331,536921,6,3590,2,7200,1.00167130919
533480,533486,536965,6,3479,2,7200,1.00172463352
533690,533697,536689,7,2992,2,7200,1.00233957219
533796,533802,536797,6,2995,2,7200,1.0020033389
533868,533874,537386,6,3512,2,7200,1.00170842825
533882,533889,537299,7,3410,2,7200,1.00205278592
533973,533979,537246,6,3267,2,7200,1.00183654729
533988,533994,537280,6,3286,2,7200,1.00182592818
534111,534117,537567,6,3450,2,7200,1.00173913043
534174,534180,537643,6,3463,2,7200,1.00173260179
534288,534295,537825,7,3530,2,7200,1.00198300283
534303,534309,537611,6,3302,2,7200,1.00181708056
534394,534400,537397,6,2997,2,7200,1.002002002
534496,534502,537712,6,3210,2,7200,1.00186915888
534511,534517,537850,6,3333,2,7200,1.00180018002
534525,534532,537941,7,3409,2,7200,1.00205338809
534699,534705,538410,6,3705,2,7200,1.0016194332
534727,534734,538187,7,3453,2,7200,1.0020272227
534842,534848,538360,6,3512,2,7200,1.00170842825
534899,534905,538510,6,3605,2,7200,1.00166435506
535107,535113,538695,6,3582,2,7200,1.00167504188
535182,535188,538744,6,3556,2,7200,1.00168728909
535217,535223,535832,6,609,1,1800,1.00985221675
535300,535306,538328,6,3022,2,7200,1.00198544011
535301,535312,538712,11,3400,2,7200,1.00323529412
535382,535388,539061,6,3673,2,7200,1.00163354206
535397,535403,538781,6,3378,2,7200,1.00177619893
535469,535475,538671,6,3196,2,7200,1.00187734668
535578,535584,539071,6,3487,2,7200,1.0017206768
535689,535695,539017,6,3322,2,7200,1.00180614088
535704,535710,539258,6,3548,2,7200,1.00169109357
535761,535767,539012,6,3245,2,7200,1.00184899846
535782,535788,539038,6,3250,2,7200,1.00184615385
535821,535827,538892,6,3065,2,7200,1.00195758564
535857,535863,539014,6,3151,2,7200,1.00190415741
535872,535878,539398,6,3520,2,7200,1.00170454545
535929,535935,539691,6,3756,2,7200,1.00159744409
535953,535959,539328,6,3369,2,7200,1.0017809439
535994,537196,566047,1202,28851,6,28800,1.04166233406
536101,536107,539978,6,3871,2,7200,1.00154998708
536246,536252,539337,6,3085,2,7200,1.00194489465
536252,536259,537075,7,816,1,1800,1.00857843137
536270,536276,539670,6,3394,2,7200,1.00176782557
536285,536291,539538,6,3247,2,7200,1.00184785956
536451,536457,540064,6,3607,2,7200,1.00166343222
536541,536547,539990,6,3443,2,7200,1.00174266628
536689,536695,540179,6,3484,2,7200,1.00172215844
536800,536806,540374,6,3568,2,7200,1.00168161435
536879,536885,537190,6,305,1,3600,1.01967213115
536894,536900,540402,6,3502,2,7200,1.00171330668
536921,536927,540306,6,3379,2,7200,1.00177567328
536966,536973,540496,7,3523,2,7200,1.00198694295
537247,537253,540789,6,3536,2,7200,1.00169683258
537280,537286,540896,6,3610,2,7200,1.00166204986
537301,537307,540971,6,3664,2,7200,1.00163755459
537374,537381,538662,7,1281,1,3600,1.00546448087
537385,537392,540762,7,3370,2,7200,1.00207715134
537400,537406,540808,6,3402,2,7200,1.00176366843
537566,537572,541113,6,3541,2,7200,1.0016944366
537611,537617,540899,6,3282,2,7200,1.00182815356
537643,537650,540881,7,3231,2,7200,1.00216651192
537713,537719,541106,6,3387,2,7200,1.00177147919
537827,537833,541223,6,3390,2,7200,1.0017699115
537828,537839,539765,11,1926,1,1800,1.0057113188
537851,537857,540951,6,3094,2,7200,1.00193923723
537941,537948,541762,7,3814,2,7200,1.00183534347
538189,538195,541512,6,3317,2,7200,1.00180886343
538327,538333,541653,6,3320,2,7200,1.00180722892
538360,538366,541871,6,3505,2,7200,1.00171184023
538413,538419,541961,6,3542,2,7200,1.00169395822
538511,538517,541563,6,3046,2,7200,1.00196979645
538670,538676,542230,6,3554,2,7200,1.0016882386
538697,538703,542329,6,3626,2,7200,1.00165471594
538712,538718,541842,6,3124,2,7200,1.0019206146
538742,538748,542472,6,3724,2,7200,1.00161117078
538781,538787,542129,6,3342,2,7200,1.00179533214
538892,538898,542186,6,3288,2,7200,1.00182481752
539013,539019,542603,6,3584,2,7200,1.00167410714
539028,539034,542359,6,3325,2,7200,1.00180451128
539029,539040,542421,11,3381,2,7200,1.0032534753
539044,539050,542431,6,3381,2,7200,1.00177462289
539062,539068,542656,6,3588,2,7200,1.0016722408
539077,539083,542564,6,3481,2,7200,1.00172364263
539204,539210,539760,6,550,1,1800,1.01090909091
539259,539265,542232,6,2967,2,7200,1.00202224469
539330,539337,542679,7,3342,2,7200,1.00209455416
539336,539350,541139,14,1789,1,3600,1.00782560089
539337,539344,542707,7,3363,2,7200,1.00208147487
539397,539403,542493,6,3090,2,7200,1.00194174757
539539,539545,543144,6,3599,2,7200,1.00166712976
539671,539677,543143,6,3466,2,7200,1.00173110214
539692,539698,543298,6,3600,2,7200,1.00166666667
539979,539985,542938,6,2953,2,7200,1.00203183204
539994,540000,543333,6,3333,2,7200,1.00180018002
540060,540066,543787,6,3721,2,7200,1.00161246977
540149,540155,541034,6,879,1,1800,1.00682593857
540177,540183,543750,6,3567,2,7200,1.00168208579
540307,540312,543697,5,3385,2,7200,1.00147710487
540373,540379,543776,6,3397,2,7200,1.00176626435
540404,540410,543784,6,3374,2,7200,1.00177830468
540498,540504,543908,6,3404,2,7200,1.0017626322
540761,540768,543735,7,2967,2,7200,1.00235928547
540789,540795,544350,6,3555,2,7200,1.00168776371
540810,540816,543886,6,3070,2,7200,1.00195439739
540882,540888,544097,6,3209,2,7200,1.00186974135
540897,540903,543810,6,2907,2,7200,1.00206398349
540912,540918,544385,6,3467,2,7200,1.00173060283
540951,540957,544471,6,3514,2,7200,1.00170745589
540972,540978,544454,6,3476,2,7200,1.00172612198
541108,541114,544250,6,3136,2,7200,1.00191326531
541123,541129,544472,6,3343,2,7200,1.00179479509
541225,541231,544751,6,3520,2,7200,1.00170454545
541512,541518,545017,6,3499,2,7200,1.00171477565
541563,541569,545097,6,3528,2,7200,1.00170068027
541637,541643,542186,6,543,1,1800,1.01104972376
541653,541659,545115,6,3456,2,7200,1.00173611111
541762,541768,544825,6,3057,2,7200,1.00196270854
541843,541849,545499,6,3650,2,7200,1.00164383562
541870,541876,545462,6,3586,2,7200,1.00167317345
541963,541969,545178,6,3209,2,7200,1.00186974135
542129,542135,545847,6,3712,2,7200,1.00161637931
542186,542196,545358,10,3162,2,7200,1.00316255534
542229,542235,545628,6,3393,2,7200,1.0017683466
542243,542250,545654,7,3404,2,7200,1.00205640423
542259,542265,543370,6,1105,1,1800,1.00542986425
542331,542337,545944,6,3607,2,7200,1.00166343222
542361,542367,545910,6,3543,2,7200,1.0016934801
542421,542427,545972,6,3545,2,7200,1.00169252468
542436,542442,545621,6,3179,2,7200,1.00188738597
542472,542478,546035,6,3557,2,7200,1.00168681473
542495,542502,545768,7,3266,2,7200,1.00214329455
542565,542570,545957,5,3387,2,7200,1.00147623265
542574,542580,542662,6,82,1,1800,1.07317073171
542604,542610,545932,6,3322,2,7200,1.00180614088
542655,542661,546198,6,3537,2,7200,1.00169635284
542680,542686,546030,6,3344,2,7200,1.00179425837
542709,542715,545913,6,3198,2,7200,1.00187617261
542939,542945,546225,6,3280,2,7200,1.00182926829
543144,543150,546328,6,3178,2,7200,1.00188797986
543145,543158,546542,13,3384,2,7200,1.00384160757
543299,543305,546910,6,3605,2,7200,1.00166435506
543332,543338,546526,6,3188,2,7200,1.00188205772
543700,543706,546911,6,3205,2,7200,1.00187207488
543733,543739,546875,6,3136,2,7200,1.00191326531
543748,543754,546995,6,3241,2,7200,1.00185128047
543775,543781,546784,6,3003,2,7200,1.001998002
543787,543793,547187,6,3394,2,7200,1.00176782557
543790,543800,547360,10,3560,2,7200,1.00280898876
543811,543817,547092,6,3275,2,7200,1.00183206107
543886,543893,547392,7,3499,2,7200,1.00200057159
543911,543917,547602,6,3685,2,7200,1.00162822252
544097,544103,547288,6,3185,2,7200,1.00188383046
544251,544257,547192,6,2935,2,7200,1.00204429302
544350,544356,547500,6,3144,2,7200,1.00190839695
544386,544392,547805,6,3413,2,7200,1.00175798418
544456,544462,548084,6,3622,2,7200,1.00165654335
544471,544477,548021,6,3544,2,7200,1.00169300226
544472,544483,547773,11,3290,2,7200,1.00334346505
544648,544654,545104,6,450,1,1800,1.01333333333
544753,544759,548085,6,3326,2,7200,1.00180396873
544828,544835,548217,7,3382,2,7200,1.00206978119
545019,545025,548337,6,3312,2,7200,1.0018115942
545097,545104,548273,7,3169,2,7200,1.00220889871
545115,545121,548440,6,3319,2,7200,1.00180777343
545181,545187,548680,6,3493,2,7200,1.00171772116
545359,545366,548717,7,3351,2,7200,1.00208892868
545462,545468,548845,6,3377,2,7200,1.0017767249
545501,545507,548934,6,3427,2,7200,1.00175080245
545621,545628,548821,7,3193,2,7200,1.00219229565
545636,545642,549139,6,3497,2,7200,1.00171575636
545654,545660,549124,6,3464,2,7200,1.00173210162
545768,545775,549174,7,3399,2,7200,1.00205942924
545847,545853,549047,6,3194,2,7200,1.00187852223
545910,545916,549366,6,3450,2,7200,1.00173913043
545925,545931,549248,6,3317,2,7200,1.00180886343
545940,545946,549392,6,3446,2,7200,1.00174114916
545955,545961,549220,6,3259,2,7200,1.00184105554
545970,545976,549149,6,3173,2,7200,1.00189095493
545985,545991,549607,6,3616,2,7200,1.00165929204
546019,546025,546420,6,395,1,1800,1.01518987342
546032,546038,549418,6,3380,2,7200,1.00177514793
546036,546044,549278,8,3234,2,7200,1.00247371676
546199,546205,549744,6,3539,2,7200,1.00169539418
546226,546232,549305,6,3073,2,7200,1.00195248942
546355,546361,549578,6,3217,2,7200,1.0018650917
546527,546533,550074,6,3541,2,7200,1.0016944366
546542,546548,549833,6,3285,2,7200,1.00182648402
546761,546767,546848,6,81,1,1800,1.07407407407
546786,546792,550149,6,3357,2,7200,1.0017873101
546873,546879,550426,6,3547,2,7200,1.00169157034
546909,546915,550458,6,3543,2,7200,1.0016934801
546911,546921,550347,10,3426,2,7200,1.00291885581
546995,547001,550570,6,3569,2,7200,1.00168114318
547091,547098,550411,7,3313,2,7200,1.00211288862
547188,547194,550626,6,3432,2,7200,1.00174825175
547194,547200,550788,6,3588,2,7200,1.0016722408
547288,547294,550319,6,3025,2,7200,1.00198347107
547360,547366,550891,6,3525,2,7200,1.00170212766
547393,547399,551007,6,3608,2,7200,1.00166297118
547498,547505,550898,7,3393,2,7200,1.00206307103
547605,547611,550987,6,3376,2,7200,1.00177725118
547774,547780,551361,6,3581,2,7200,1.00167550963
547807,547813,551081,6,3268,2,7200,1.00183598531
547866,547872,548148,6,276,1,1800,1.02173913043
548021,548027,551526,6,3499,2,7200,1.00171477565
548084,548090,551559,6,3469,2,7200,1.00172960507
548086,548098,551304,12,3206,2,7200,1.00374298191
548218,548225,551203,7,2978,2,7200,1.00235057085
548273,548279,551537,6,3258,2,7200,1.00184162063
548339,548345,551843,6,3498,2,7200,1.00171526587
548441,548448,551890,7,3442,2,7200,1.00203370134
548683,548689,552025,6,3336,2,7200,1.00179856115
548719,548725,551892,6,3167,2,7200,1.00189453742
548824,548830,552324,6,3494,2,7200,1.00171722954
548845,548851,552037,6,3186,2,7200,1.00188323917
548935,548941,552099,6,3158,2,7200,1.00189993667
549047,549053,552428,6,3375,2,7200,1.00177777778
549125,549131,552264,6,3133,2,7200,1.00191509735
549140,549146,552221,6,3075,2,7200,1.00195121951
549155,549161,552645,6,3484,2,7200,1.00172215844
549176,549182,552284,6,3102,2,7200,1.00193423598
549221,549227,552600,6,3373,2,7200,1.0017788319
549248,549254,552843,6,3589,2,7200,1.00167177487
549278,549284,552788,6,3504,2,7200,1.00171232877
549305,549311,552456,6,3145,2,7200,1.00190779014
549368,549374,552628,6,3254,2,7200,1.00184388445
549392,549399,552689,7,3290,2,7200,1.00212765957
549420,549426,552803,6,3377,2,7200,1.0017767249
549579,549585,553203,6,3618,2,7200,1.00165837479
549609,549615,552871,6,3256,2,7200,1.00184275184
549745,549751,553266,6,3515,2,7200,1.00170697013
549832,549838,553194,6,3356,2,7200,1.00178784267
550077,550083,553342,6,3259,2,7200,1.00184105554
550149,550155,553506,6,3351,2,7200,1.0017905103
550321,550327,553934,6,3607,2,7200,1.00166343222
550348,550354,553463,6,3109,2,7200,1.00192988099
550411,550417,554026,6,3609,2,7200,1.00166251039
550426,550432,553720,6,3288,2,7200,1.00182481752
550459,550465,553888,6,3423,2,7200,1.00175284838
550570,550576,554108,6,3532,2,7200,1.00169875425
550628,550634,554297,6,3663,2,7200,1.00163800164
550785,550791,554334,6,3543,2,7200,1.0016934801
550890,550896,554238,6,3342,2,7200,1.00179533214
550905,550911,553986,6,3075,2,7200,1.00195121951
550989,550995,554353,6,3358,2,7200,1.00178677784
551008,551014,554452,6,3438,2,7200,1.0017452007
551083,551089,554492,6,3403,2,7200,1.00176315016
551204,551210,554672,6,3462,2,7200,1.00173310225
551306,551312,554567,6,3255,2,7200,1.00184331797
551357,551542,553359,185,1817,16,3600,1.10181618052
551360,551366,554478,6,3112,2,7200,1.00192802057
551463,553370,555191,1907,1821,16,3600,2.04722679846
551528,551534,555138,6,3604,2,7200,1.00166481687
551542,551548,554904,6,3356,2,7200,1.00178784267
551560,551567,554800,7,3233,2,7200,1.00216517167
551844,551850,555263,6,3413,2,7200,1.00175798418
551889,551895,555169,6,3274,2,7200,1.00183262065
551904,551910,555174,6,3264,2,7200,1.00183823529
552028,552035,555424,7,3389,2,7200,1.00206550605
552039,552046,555339,7,3293,2,7200,1.00212572123
552099,552107,555175,8,3068,2,7200,1.00260756193
552223,552229,555487,6,3258,2,7200,1.00184162063
552262,552269,555773,7,3504,2,7200,1.00199771689
552286,552293,555590,7,3297,2,7200,1.00212314225
552322,552329,555677,7,3348,2,7200,1.00209080048
552425,552431,555913,6,3482,2,7200,1.00172314762
552458,552464,556093,6,3629,2,7200,1.00165334803
552602,552609,555855,7,3246,2,7200,1.00215650031
552629,552636,555965,7,3329,2,7200,1.00210273355
552644,552650,555964,6,3314,2,7200,1.00181050091
552689,552695,556174,6,3479,2,7200,1.00172463352
552789,552795,556116,6,3321,2,7200,1.00180668473
552805,552812,556216,7,3404,2,7200,1.00205640423
552840,552846,555929,6,3083,2,7200,1.00194615634
552873,552879,556070,6,3191,2,7200,1.00188028831
552946,573310,575593,20364,2283,25,3599,9.91984231275
553012,574480,576807,21468,2327,25,3599,10.2256123765
553192,553198,556618,6,3420,2,7200,1.00175438596
553207,553213,556666,6,3453,2,7200,1.00173761946
553267,553274,556566,7,3292,2,7200,1.00212636695
553343,553349,556706,6,3357,2,7200,1.0017873101
553460,553466,556822,6,3356,2,7200,1.00178784267
553505,553512,557149,7,3637,2,7200,1.00192466318
553719,553725,556836,6,3111,2,7200,1.00192864031
553888,553894,557107,6,3213,2,7200,1.00186741363
553933,553939,557009,6,3070,2,7200,1.00195439739
553984,553990,557546,6,3556,2,7200,1.00168728909
554026,554032,557337,6,3305,2,7200,1.00181543116
554111,554117,557600,6,3483,2,7200,1.00172265289
554237,554243,557802,6,3559,2,7200,1.00168586682
554299,554305,557694,6,3389,2,7200,1.00177043376
554334,554340,557586,6,3246,2,7200,1.00184842884
554353,554359,557752,6,3393,2,7200,1.0017683466
554390,555202,563130,812,7928,12,57600,1.10242179617
554453,554459,558132,6,3673,2,7200,1.00163354206
554480,554486,557767,6,3281,2,7200,1.00182871076
554489,563142,645239,8653,82097,12,86400,1.1053997101
554495,554501,557950,6,3449,2,7200,1.00173963468
554567,554573,557981,6,3408,2,7200,1.00176056338
554672,554678,558158,6,3480,2,7200,1.00172413793
554802,554808,557838,6,3030,2,7200,1.00198019802
554904,554911,558409,7,3498,2,7200,1.00200114351
554967,574491,578505,19524,4014,12,57600,5.86397608371
555050,574496,626511,19446,52015,12,86400,1.37385369605
555140,555147,558718,7,3571,2,7200,1.00196023523
555171,555177,558708,6,3531,2,7200,1.00169923534
555172,555184,558560,12,3376,2,7200,1.00355450237
555173,555189,558764,16,3575,2,7200,1.00447552448
555264,555270,558646,6,3376,2,7200,1.00177725118
555342,555348,558703,6,3355,2,7200,1.00178837556
555426,555432,558706,6,3274,2,7200,1.00183262065
555484,555490,558933,6,3443,2,7200,1.00174266628
555592,555598,558760,6,3162,2,7200,1.00189753321
555679,555686,559104,7,3418,2,7200,1.00204798128
555776,555782,559134,6,3352,2,7200,1.00178997613
555854,555860,559222,6,3362,2,7200,1.00178465199
555914,555920,559214,6,3294,2,7200,1.00182149362
555929,555935,559740,6,3805,2,7200,1.00157687254
555965,555971,559530,6,3559,2,7200,1.00168586682
555967,555977,559391,10,3414,2,7200,1.00292911541
556072,556078,559449,6,3371,2,7200,1.00177988727
556096,556102,559152,6,3050,2,7200,1.00196721311
556103,574502,580215,18399,5713,12,57600,4.22054962367
556117,556123,559415,6,3292,2,7200,1.00182260024
556121,575604,581081,19483,5477,12,57600,4.55723936462
556174,556180,559704,6,3524,2,7200,1.00170261067
556218,556224,559757,6,3533,2,7200,1.00169827342
556566,556573,559975,7,3402,2,7200,1.00205761317
556619,556625,560061,6,3436,2,7200,1.00174621653
556667,556673,560254,6,3581,2,7200,1.00167550963
556709,556715,560022,6,3307,2,7200,1.00181433323
556823,556830,560284,7,3454,2,7200,1.00202663578
556838,556844,557464,6,620,2,7200,1.00967741935
557010,557016,560233,6,3217,2,7200,1.0018650917
557107,557113,560525,6,3412,2,7200,1.00175849941
557146,557152,560459,6,3307,2,7200,1.00181433323
557339,557345,560555,6,3210,2,7200,1.00186915888
557466,557472,561089,6,3617,2,7200,1.00165883329
557547,557553,560974,6,3421,2,7200,1.00175387314
557586,557592,561014,6,3422,2,7200,1.00175336061
557601,557607,560681,6,3074,2,7200,1.00195185426
557695,557702,561082,7,3380,2,7200,1.00207100592
557753,557759,561351,6,3592,2,7200,1.00167037862
557767,557773,561116,6,3343,2,7200,1.00179479509
557803,557809,561290,6,3481,2,7200,1.00172364263
557839,557845,561063,6,3218,2,7200,1.00186451212
557951,557957,561120,6,3163,2,7200,1.00189693329
557981,557987,560971,6,2984,2,7200,1.00201072386
558132,558138,561374,6,3236,2,7200,1.00185414091
558156,558162,561355,6,3193,2,7200,1.00187911055
558409,558415,561746,6,3331,2,7200,1.00180126088
558560,558566,562156,6,3590,2,7200,1.00167130919
558644,558650,561929,6,3279,2,7200,1.00182982617
558704,558710,562122,6,3412,2,7200,1.00175849941
558709,558716,562264,7,3548,2,7200,1.0019729425
558719,558725,562323,6,3598,2,7200,1.00166759311
558721,558732,562409,11,3677,2,7200,1.00299156921
558757,558763,561987,6,3224,2,7200,1.00186104218
558771,558777,562283,6,3506,2,7200,1.00171135197
558932,558938,562149,6,3211,2,7200,1.00186857677
559104,559110,562318,6,3208,2,7200,1.00187032419
559134,559140,562343,6,3203,2,7200,1.00187324383
559152,559158,562600,6,3442,2,7200,1.00174317257
559216,559222,562602,6,3380,2,7200,1.00177514793
559230,559237,562530,7,3293,2,7200,1.00212572123
559393,559399,562792,6,3393,2,7200,1.0017683466
559417,559423,562910,6,3487,2,7200,1.0017206768
559447,559453,562543,6,3090,2,7200,1.00194174757
559532,559538,562717,6,3179,2,7200,1.00188738597
559703,559709,563312,6,3603,2,7200,1.00166527893
559739,559746,563198,7,3452,2,7200,1.00202780997
559758,559764,563208,6,3444,2,7200,1.00174216028
559974,559981,563539,7,3558,2,7200,1.00196739741
560023,560029,563282,6,3253,2,7200,1.00184445128
560059,560065,563570,6,3505,2,7200,1.00171184023
560234,560240,563559,6,3319,2,7200,1.00180777343
560255,560261,563301,6,3040,2,7200,1.00197368421
560285,560291,563636,6,3345,2,7200,1.00179372197
560460,560466,563882,6,3416,2,7200,1.00175644028
560526,560533,564029,7,3496,2,7200,1.00200228833
560556,560563,564177,7,3614,2,7200,1.00193691201
560680,560686,564078,6,3392,2,7200,1.00176886792
560973,560979,564435,6,3456,2,7200,1.00173611111
560974,560985,564321,11,3336,2,7200,1.00329736211
561015,561021,564528,6,3507,2,7200,1.00171086399
561063,561069,564500,6,3431,2,7200,1.00174876129
561085,561091,564560,6,3469,2,7200,1.00172960507
561090,561098,564643,8,3545,2,7200,1.00225669958
561117,561123,564644,6,3521,2,7200,1.00170406135
561132,561138,564386,6,3248,2,7200,1.00184729064
561292,561298,564652,6,3354,2,7200,1.00178890877
561352,561358,564558,6,3200,2,7200,1.001875
561355,561364,564992,9,3628,2,7200,1.00248070562
561376,561382,564582,6,3200,2,7200,1.001875
561748,561754,564993,6,3239,2,7200,1.00185242359
561929,561935,565542,6,3607,2,7200,1.00166343222
561986,561992,565449,6,3457,2,7200,1.00173560891
562125,562131,565716,6,3585,2,7200,1.00167364017
562152,562158,565463,6,3305,2,7200,1.00181543116
562153,562165,565515,12,3350,2,7200,1.00358208955
562267,562273,565745,6,3472,2,7200,1.0017281106
562283,562289,565774,6,3485,2,7200,1.00172166428
562316,562322,565773,6,3451,2,7200,1.00173862649
562331,562337,565883,6,3546,2,7200,1.00169204738
562346,562352,565474,6,3122,2,7200,1.00192184497
562409,562415,565696,6,3281,2,7200,1.00182871076
562533,562539,566315,6,3776,2,7200,1.00158898305
562548,562554,565876,6,3322,2,7200,1.00180614088
562602,562608,566071,6,3463,2,7200,1.00173260179
562604,562615,566050,11,3435,2,7200,1.00320232897
562718,562726,566155,8,3429,2,7200,1.0023330417
562791,562797,566297,6,3500,2,7200,1.00171428571
562911,562917,566430,6,3513,2,7200,1.00170794193
563198,563204,566240,6,3036,2,7200,1.00197628458
563210,563216,566520,6,3304,2,7200,1.00181598063
563282,563289,567025,7,3736,2,7200,1.00187366167
563300,563307,566545,7,3238,2,7200,1.00216182829
563315,563321,566380,6,3059,2,7200,1.0019614253
563541,563548,566957,7,3409,2,7200,1.00205338809
563545,574485,756345,10940,181860,18,216000,1.06015616408
563559,563565,566567,6,3002,2,7200,1.00199866755
563574,563580,567041,6,3461,2,7200,1.001733603
563634,563640,567005,6,3365,2,7200,1.00178306092
563884,563890,566961,6,3071,2,7200,1.00195376099
564029,564035,567248,6,3213,2,7200,1.00186741363
564080,564086,567656,6,3570,2,7200,1.00168067227
564177,564183,567537,6,3354,2,7200,1.00178890877
564325,564332,567704,7,3372,2,7200,1.00207591934
564388,564394,567625,6,3231,2,7200,1.00185701021
564436,564442,567969,6,3527,2,7200,1.00170116246
564502,564508,567754,6,3246,2,7200,1.00184842884
564529,564535,567856,6,3321,2,7200,1.00180668473
564560,564567,567906,7,3339,2,7200,1.00209643606
564576,564582,567846,6,3264,2,7200,1.00183823529
564583,564590,567849,7,3259,2,7200,1.00214789813
564641,564647,568143,6,3496,2,7200,1.00171624714
564642,564653,568154,11,3501,2,7200,1.00314195944
564657,564663,568037,6,3374,2,7200,1.00177830468
564995,565002,568505,7,3503,2,7200,1.00199828718
564996,565008,568710,12,3702,2,7200,1.00324149109
565449,565455,569191,6,3736,2,7200,1.00160599572
565464,565470,568842,6,3372,2,7200,1.00177935943
565479,565485,568968,6,3483,2,7200,1.00172265289
565515,565521,568871,6,3350,2,7200,1.00179104478
565542,565552,569103,10,3551,2,7200,1.00281610814
565696,565702,569250,6,3548,2,7200,1.00169109357
565717,565723,569198,6,3475,2,7200,1.00172661871
565746,565752,569336,6,3584,2,7200,1.00167410714
565774,565781,568835,7,3054,2,7200,1.00229207597
565776,565788,569200,12,3412,2,7200,1.00351699883
565876,565882,569463,6,3581,2,7200,1.00167550963
565890,565897,569330,7,3433,2,7200,1.00203903292
566051,566057,569333,6,3276,2,7200,1.00183150183
566069,566075,569326,6,3251,2,7200,1.00184558597
566153,566159,569784,6,3625,2,7200,1.00165517241
566240,566246,569572,6,3326,2,7200,1.00180396873
566298,566304,569507,6,3203,2,7200,1.00187324383
566316,566322,569840,6,3518,2,7200,1.0017055145
566382,566388,569518,6,3130,2,7200,1.00191693291
566430,566436,569459,6,3023,2,7200,1.00198478333
566521,566527,569933,6,3406,2,7200,1.00176159718
566547,566554,569755,7,3201,2,7200,1.00218681662
566568,566575,570161,7,3586,2,7200,1.00195203569
566960,566966,570147,6,3181,2,7200,1.00188619931
566975,566981,570354,6,3373,2,7200,1.0017788319
567005,567011,570379,6,3368,2,7200,1.00178147268
567026,567032,570267,6,3235,2,7200,1.00185471406
567041,567047,570520,6,3473,2,7200,1.00172761301
567246,567252,570402,6,3150,2,7200,1.0019047619
567539,567545,570899,6,3354,2,7200,1.00178890877
567627,567633,570871,6,3238,2,7200,1.00185299568
567657,567663,571218,6,3555,2,7200,1.00168776371
567705,567711,571189,6,3478,2,7200,1.00172512938
567756,567762,570906,6,3144,2,7200,1.00190839695
567849,567860,571256,11,3396,2,7200,1.00323910483
567849,567855,571503,6,3648,2,7200,1.00164473684
567864,567870,571410,6,3540,2,7200,1.00169491525
567906,567913,571245,7,3332,2,7200,1.00210084034
567969,567975,571581,6,3606,2,7200,1.00166389351
568038,568045,571566,7,3521,2,7200,1.00198807157
568144,568150,571348,6,3198,2,7200,1.00187617261
568159,568165,571388,6,3223,2,7200,1.00186161961
568506,568512,571948,6,3436,2,7200,1.00174621653
568711,568718,572066,7,3348,2,7200,1.00209080048
568835,568841,571995,6,3154,2,7200,1.00190234623
568850,568857,572183,7,3326,2,7200,1.00210463019
568871,568877,572000,6,3123,2,7200,1.00192122959
568971,568977,572126,6,3149,2,7200,1.00190536678
569103,569109,572600,6,3491,2,7200,1.00171870524
569194,569200,572615,6,3415,2,7200,1.00175695461
569209,569215,572708,6,3493,2,7200,1.00171772116
569210,569221,572780,11,3559,2,7200,1.00309075583
569249,569255,572750,6,3495,2,7200,1.0017167382
569327,569334,572605,7,3271,2,7200,1.00214001834
569340,569346,572809,6,3463,2,7200,1.00173260179
569342,569352,572710,10,3358,2,7200,1.00297796307
569344,569358,572641,14,3283,2,7200,1.00426439232
569459,569465,573053,6,3588,2,7200,1.0016722408
569474,569480,572643,6,3163,2,7200,1.00189693329
569507,569514,572967,7,3453,2,7200,1.0020272227
569522,569528,572775,6,3247,2,7200,1.00184785956
569573,569579,573072,6,3493,2,7200,1.00171772116
569757,569763,573389,6,3626,2,7200,1.00165471594
569787,569793,573279,6,3486,2,7200,1.0017211704
569839,569845,572947,6,3102,2,7200,1.00193423598
569935,569941,573263,6,3322,2,7200,1.00180614088
570147,570153,573765,6,3612,2,7200,1.00166112957
570162,570168,573628,6,3460,2,7200,1.00173410405
570267,570273,573769,6,3496,2,7200,1.00171624714
570352,570358,573885,6,3527,2,7200,1.00170116246
570379,570385,574034,6,3649,2,7200,1.00164428611
570403,570409,573761,6,3352,2,7200,1.00178997613
570520,570526,573735,6,3209,2,7200,1.00186974135
570873,570879,574415,6,3536,2,7200,1.00169683258
570897,570903,574360,6,3457,2,7200,1.00173560891
570912,570918,574453,6,3535,2,7200,1.00169731259
571189,571195,574408,6,3213,2,7200,1.00186741363
571219,571226,574006,7,2780,2,7200,1.00251798561
571246,571253,574477,7,3224,2,7200,1.00217121588
571256,571262,574465,6,3203,2,7200,1.00187324383
571349,571355,574465,6,3110,2,7200,1.00192926045
571388,571394,574466,6,3072,2,7200,1.001953125
571409,571415,574466,6,3051,2,7200,1.00196656834
571504,571510,575138,6,3628,2,7200,1.00165380375
571566,571572,574466,6,2894,2,7200,1.00207325501
571584,571590,574466,6,2876,2,7200,1.00208623088
571946,571953,574466,7,2513,2,7200,1.00278551532
571994,572001,574466,7,2465,2,7200,1.00283975659
572009,572015,574466,6,2451,2,7200,1.00244798042
572064,572070,574466,6,2396,2,7200,1.00250417362
572127,572133,574466,6,2333,2,7200,1.00257179597
572181,572187,574466,6,2279,2,7200,1.00263273366
572600,572606,574466,6,1860,2,7200,1.00322580645
572615,572621,574466,6,1845,2,7200,1.00325203252
572616,572628,574466,12,1838,2,7200,1.00652883569
572643,572650,574466,7,1816,2,7200,1.00385462555
572645,572657,574466,12,1809,2,7200,1.00663349917
572708,572714,574466,6,1752,2,7200,1.00342465753
572723,572729,574466,6,1737,2,7200,1.00345423143
572750,572756,574466,6,1710,2,7200,1.00350877193
572777,572783,574466,6,1683,2,7200,1.00356506239
572792,572798,574466,6,1668,2,7200,1.0035971223
572812,572818,576215,6,3397,2,7200,1.00176626435
572945,572952,574466,7,1514,2,7200,1.00462351387
572970,572976,574466,6,1490,2,7200,1.00402684564
573051,573058,574466,7,1408,2,7200,1.00497159091
573072,573078,574466,6,1388,2,7200,1.00432276657
573265,573271,576833,6,3562,2,7200,1.00168444694
573277,573283,574466,6,1183,2,7200,1.00507185123
573389,573395,574466,6,1071,2,7200,1.0056022409
573628,573634,574466,6,832,2,7200,1.00721153846
573736,573742,574466,6,724,2,7200,1.00828729282
573763,573769,574466,6,697,2,7200,1.00860832138
573778,573784,574466,6,682,2,7200,1.00879765396
573779,573790,574466,11,676,2,7200,1.01627218935
573888,573894,574466,6,572,2,7200,1.01048951049
574008,574014,574466,6,452,2,7200,1.01327433628
574035,574041,574466,6,425,2,7200,1.01411764706
574361,574367,574466,6,99,2,7200,1.06060606061
574410,574416,574466,6,50,2,7200,1.12
574424,574431,574466,7,35,2,7200,1.2
574454,574461,574466,7,5,2,7200,1.2
574476,574507,578085,31,3578,2,7200,1.00866405813
574673,574679,578296,6,3617,2,7200,1.00165883329
574675,574685,578081,10,3396,2,7200,1.00294464075
574676,574691,578307,15,3616,2,7200,1.00414823009
574677,574696,578175,19,3479,2,7200,1.00546133947
574678,574701,577974,23,3273,2,7200,1.00702719218
574680,574707,578126,27,3419,2,7200,1.00789704592
574681,574712,577930,31,3218,2,7200,1.00963331262
574682,574717,578222,35,3505,2,7200,1.00998573466
574684,574723,578187,39,3464,2,7200,1.01125866051
574685,574728,578264,43,3536,2,7200,1.01216063348
574686,574733,578377,47,3644,2,7200,1.01289791438
574688,574738,577970,50,3232,2,7200,1.01547029703
574689,574744,578204,55,3460,2,7200,1.01589595376
574690,574749,578161,59,3412,2,7200,1.0172919109
574692,574754,578142,62,3388,2,7200,1.01829988194
574693,574759,578017,66,3258,2,7200,1.02025782689
574694,574765,578181,71,3416,2,7200,1.02078454333
574696,574770,578285,74,3515,2,7200,1.02105263158
574697,574775,578056,78,3281,2,7200,1.02377323987
574698,574780,577968,82,3188,2,7200,1.02572145546
574700,574786,578131,86,3345,2,7200,1.02571001495
574701,574791,578181,90,3390,2,7200,1.02654867257
574703,574797,578300,94,3503,2,7200,1.02683414216
574704,574802,578236,98,3434,2,7200,1.02853814793
574705,574808,578238,103,3430,2,7200,1.03002915452
574707,574813,578163,106,3350,2,7200,1.03164179104
574708,574818,578170,110,3352,2,7200,1.03281622912
574709,574823,578365,114,3542,2,7200,1.0321852061
574711,574829,578380,118,3551,2,7200,1.03323007603
574712,574834,578330,122,3496,2,7200,1.03489702517
574713,574839,578295,126,3456,2,7200,1.03645833333
574715,574844,578501,129,3657,2,7200,1.03527481542
574716,574849,578066,133,3217,2,7200,1.04134286602
574717,574855,578133,138,3278,2,7200,1.04209884076
574719,574860,578083,141,3223,2,7200,1.04374806081
574720,574865,578159,145,3294,2,7200,1.04401942927
574721,574870,578301,149,3431,2,7200,1.04342757214
574722,574876,578367,154,3491,2,7200,1.04411343455
574724,574881,578370,157,3489,2,7200,1.04499856692
574725,574886,578455,161,3569,2,7200,1.04511067526
575140,575149,578502,9,3353,2,7200,1.00268416344
576216,576223,579524,7,3301,2,7200,1.00212056952
576833,576840,580269,7,3429,2,7200,1.00204141149
576904,576910,577184,6,274,1,7200,1.02189781022
577205,577211,577345,6,134,2,7200,1.0447761194
577368,577374,581963,6,4589,1,14400,1.0013074744
577932,577939,581495,7,3556,2,7200,1.00196850394
577970,577976,581187,6,3211,2,7200,1.00186857677
577971,577982,581465,11,3483,2,7200,1.00315819696
577986,577992,581038,6,3046,2,7200,1.00196979645
578020,578027,581489,7,3462,2,7200,1.00202195263
578057,578064,581475,7,3411,2,7200,1.00205218411
578072,578078,581623,6,3545,2,7200,1.00169252468
578088,578100,581467,12,3367,2,7200,1.00356400356
578088,578094,581463,6,3369,2,7200,1.0017809439
578090,578106,581346,16,3240,2,7200,1.0049382716
578127,578133,581762,6,3629,2,7200,1.00165334803
578142,578148,581410,6,3262,2,7200,1.00183936235
578143,578154,581677,11,3523,2,7200,1.00312233892
578144,580227,582539,2083,2312,25,7199,1.90095155709
578145,578160,581651,15,3491,2,7200,1.00429676311
578161,578167,581776,6,3609,2,7200,1.00166251039
578162,578174,581788,12,3614,2,7200,1.00332042059
578177,578184,581538,7,3354,2,7200,1.00208706023
578179,578190,581506,11,3316,2,7200,1.0033172497
578180,578196,581451,16,3255,2,7200,1.00491551459
578195,578202,581435,7,3233,2,7200,1.00216517167
578197,578208,581408,11,3200,2,7200,1.0034375
578198,578214,581599,16,3385,2,7200,1.0047267356
578213,578220,581336,7,3116,2,7200,1.00224646983
578214,578226,581486,12,3260,2,7200,1.0036809816
578239,578245,581438,6,3193,2,7200,1.00187911055
578240,578251,581475,11,3224,2,7200,1.00341191067
578253,582550,584946,4297,2396,25,7199,2.79340567613
578264,578270,581647,6,3377,2,7200,1.0017767249
578286,578292,581839,6,3547,2,7200,1.00169157034
578301,578307,581738,6,3431,2,7200,1.00174876129
578302,578314,581856,12,3542,2,7200,1.00338791643
578303,578320,581553,17,3233,2,7200,1.00525827405
578305,578325,581534,20,3209,2,7200,1.00623247117
578320,578331,581907,11,3576,2,7200,1.00307606264
578335,578341,581682,6,3341,2,7200,1.0017958695
578366,578372,581542,6,3170,2,7200,1.00189274448
578381,578387,581790,6,3403,2,7200,1.00176315016
578382,578394,581678,12,3284,2,7200,1.00365408039
578384,578400,581878,16,3478,2,7200,1.00460034503
578385,578405,581892,20,3487,2,7200,1.00573558933
578458,578464,581906,6,3442,2,7200,1.00174317257
578501,578507,581810,6,3303,2,7200,1.00181653043
578504,578514,581936,10,3422,2,7200,1.00292226768
579528,579535,583047,7,3512,2,7200,1.00199316629
580271,580278,583472,7,3194,2,7200,1.00219160927
581039,581045,584511,6,3466,2,7200,1.00173110214
581186,581192,584540,6,3348,2,7200,1.0017921147
581336,581342,584611,6,3269,2,7200,1.00183542368
581351,581357,584884,6,3527,2,7200,1.00170116246
581408,581414,584848,6,3434,2,7200,1.00174723355
581423,581429,584834,6,3405,2,7200,1.00176211454
581437,581444,584911,7,3467,2,7200,1.00201903663
581452,581458,584737,6,3279,2,7200,1.00182982617
581454,581464,584853,10,3389,2,7200,1.00295072293
581465,581471,584736,6,3265,2,7200,1.00183767228
581469,581479,584951,10,3472,2,7200,1.00288018433
581470,581484,584724,14,3240,2,7200,1.00432098765
581485,581491,584826,6,3335,2,7200,1.00179910045
581486,581497,584797,11,3300,2,7200,1.00333333333
581488,581503,584940,15,3437,2,7200,1.00436427117
581503,581510,585074,7,3564,2,7200,1.0019640853
581504,581516,585104,12,3588,2,7200,1.00334448161
581519,581525,584894,6,3369,2,7200,1.0017809439
581536,581543,584880,7,3337,2,7200,1.00209769254
581538,581548,584854,10,3306,2,7200,1.00302480339
581553,581559,584885,6,3326,2,7200,1.00180396873
581554,581566,584852,12,3286,2,7200,1.00365185636
581599,581605,584986,6,3381,2,7200,1.00177462289
581623,581629,585431,6,3802,2,7200,1.00157811678
581646,581652,585062,6,3410,2,7200,1.00175953079
581661,581667,584989,6,3322,2,7200,1.00180614088
581676,581682,585219,6,3537,2,7200,1.00169635284
581678,581688,585118,10,3430,2,7200,1.0029154519
581679,581693,585143,14,3450,2,7200,1.00405797101
581739,581745,585187,6,3442,2,7200,1.00174317257
581763,581769,585179,6,3410,2,7200,1.00175953079
581777,581784,585220,7,3436,2,7200,1.00203725262
581792,581799,585170,7,3371,2,7200,1.00207653515
581794,581805,585157,11,3352,2,7200,1.00328162291
581808,581814,585344,6,3530,2,7200,1.00169971671
581841,581847,585370,6,3523,2,7200,1.00170309395
581856,581862,584937,6,3075,2,7200,1.00195121951
581880,581886,585247,6,3361,2,7200,1.00178518298
581894,581901,585186,7,3285,2,7200,1.00213089802
581909,581915,584915,6,3000,2,7200,1.002
581911,581922,585472,11,3550,2,7200,1.00309859155
581937,581943,585310,6,3367,2,7200,1.00178200178
583049,583055,586602,6,3547,2,7200,1.00169157034
583275,583282,656609,7,73327,6,198000,1.00009546279
583476,583482,587042,6,3560,2,7200,1.00168539326
584511,584517,588066,6,3549,2,7200,1.00169061708
584541,584547,587931,6,3384,2,7200,1.00177304965
584613,584619,588103,6,3484,2,7200,1.00172215844
584724,584730,588001,6,3271,2,7200,1.00183430144
584738,584750,588382,12,3632,2,7200,1.00330396476
584739,584745,588094,6,3349,2,7200,1.00179157958
584795,584802,588165,7,3363,2,7200,1.00208147487
584825,584831,588419,6,3588,2,7200,1.0016722408
584840,584846,588389,6,3543,2,7200,1.0016934801
584855,584861,588260,6,3399,2,7200,1.00176522507
584856,584867,588211,11,3344,2,7200,1.00328947368
584858,584873,588247,15,3374,2,7200,1.00444576171
584859,584878,587987,19,3109,2,7200,1.0061112898
584880,584886,588032,6,3146,2,7200,1.00190718373
584895,584901,588251,6,3350,2,7200,1.00179104478
584896,584907,588414,11,3507,2,7200,1.00313658397
584897,584913,588291,16,3378,2,7200,1.00473653049
584912,584919,588066,7,3147,2,7200,1.00222434064
584927,584933,588505,6,3572,2,7200,1.00167973124
584942,584948,588499,6,3551,2,7200,1.00168966488
584943,584954,588283,11,3329,2,7200,1.00330429558
584958,584964,588558,6,3594,2,7200,1.00166944908
584987,584994,588313,7,3319,2,7200,1.002109069
585002,585008,588204,6,3196,2,7200,1.00187734668
585065,585071,588221,6,3150,2,7200,1.0019047619
585080,585086,588429,6,3343,2,7200,1.00179479509
585104,585110,588782,6,3672,2,7200,1.00163398693
585119,585125,588511,6,3386,2,7200,1.00177200236
585139,585145,588735,6,3590,2,7200,1.00167130919
585157,585163,588812,6,3649,2,7200,1.00164428611
585172,585178,588658,6,3480,2,7200,1.00172413793
585186,585193,588741,7,3548,2,7200,1.0019729425
585188,585199,588689,11,3490,2,7200,1.00315186246
585189,585205,588510,16,3305,2,7200,1.00484114977
585219,585225,588648,6,3423,2,7200,1.00175284838
585234,585240,588623,6,3383,2,7200,1.00177357375
585248,585254,588619,6,3365,2,7200,1.00178306092
585312,585319,588666,7,3347,2,7200,1.00209142516
585344,585351,588829,7,3478,2,7200,1.00201265095
585371,585377,588727,6,3350,2,7200,1.00179104478
585431,585437,589029,6,3592,2,7200,1.00167037862
585473,585479,588946,6,3467,2,7200,1.00173060283
585646,586117,729237,471,143120,16,144000,1.00329094466
586604,586610,590195,6,3585,2,7200,1.00167364017
587045,587051,590389,6,3338,2,7200,1.00179748352
587932,587938,591408,6,3470,2,7200,1.00172910663
587986,587992,591579,6,3587,2,7200,1.001672707
588000,588006,591337,6,3331,2,7200,1.00180126088
588033,588039,591486,6,3447,2,7200,1.00174064404
588066,588072,591420,6,3348,2,7200,1.0017921147
588067,588078,591306,11,3228,2,7200,1.00340768278
588095,588101,591615,6,3514,2,7200,1.00170745589
588105,588111,591342,6,3231,2,7200,1.00185701021
588168,588174,591637,6,3463,2,7200,1.00173260179
588204,588210,591339,6,3129,2,7200,1.00191754554
588218,588224,591728,6,3504,2,7200,1.00171232877
588233,588239,591826,6,3587,2,7200,1.001672707
588248,588254,591493,6,3239,2,7200,1.00185242359
588263,588269,591777,6,3508,2,7200,1.00171037628
588264,588276,591775,12,3499,2,7200,1.0034295513
588285,588291,591628,6,3337,2,7200,1.00179802218
588299,588306,591728,7,3422,2,7200,1.00204558738
588314,588320,591719,6,3399,2,7200,1.00176522507
588383,588389,591754,6,3365,2,7200,1.00178306092
588397,588404,591902,7,3498,2,7200,1.00200114351
588415,588421,591516,6,3095,2,7200,1.00193861066
588431,588437,591733,6,3296,2,7200,1.00182038835
588432,588443,591703,11,3260,2,7200,1.00337423313
588501,588507,592098,6,3591,2,7200,1.00167084378
588503,588513,591988,10,3475,2,7200,1.00287769784
588517,588523,592313,6,3790,2,7200,1.00158311346
588519,588530,591956,11,3426,2,7200,1.00321074139
588561,588567,592011,6,3444,2,7200,1.00174216028
588621,588627,591851,6,3224,2,7200,1.00186104218
588635,588641,591890,6,3249,2,7200,1.00184672207
588650,588656,592009,6,3353,2,7200,1.00178944229
588665,588671,592253,6,3582,2,7200,1.00167504188
588669,588678,592144,9,3466,2,7200,1.0025966532
588689,588695,592141,6,3446,2,7200,1.00174114916
588728,588734,591966,6,3232,2,7200,1.00185643564
588742,588749,592329,7,3580,2,7200,1.00195530726
588744,588756,592190,12,3434,2,7200,1.00349446709
588783,588789,592268,6,3479,2,7200,1.00172463352
588810,588816,592192,6,3376,2,7200,1.00177725118
588828,588834,592349,6,3515,2,7200,1.00170697013
588948,588954,592454,6,3500,2,7200,1.00171428571
589029,589035,592568,6,3533,2,7200,1.00169827342
590197,590203,593639,6,3436,2,7200,1.00174621653
590391,590397,593836,6,3439,2,7200,1.00174469322
591308,591314,594744,6,3430,2,7200,1.00174927114
591338,591344,594760,6,3416,2,7200,1.00175644028
591340,591351,594894,11,3543,2,7200,1.00310471352
591354,591360,594858,6,3498,2,7200,1.00171526587
591408,591414,594697,6,3283,2,7200,1.00182759671
591423,591429,594886,6,3457,2,7200,1.00173560891
591486,591492,594823,6,3331,2,7200,1.00180126088
591501,591507,594868,6,3361,2,7200,1.00178518298
591515,591521,594678,6,3157,2,7200,1.00190053849
591581,591588,594967,7,3379,2,7200,1.00207161882
591618,591624,595197,6,3573,2,7200,1.00167926113
591626,591633,595202,7,3569,2,7200,1.00196133371
591641,591647,595136,6,3489,2,7200,1.00171969046
591702,591708,595073,6,3365,2,7200,1.00178306092
591720,591726,595204,6,3478,2,7200,1.00172512938
591734,591740,595108,6,3368,2,7200,1.00178147268
591736,591746,594858,10,3112,2,7200,1.00321336761
591737,591752,595368,15,3616,2,7200,1.00414823009
591755,591761,595347,6,3586,2,7200,1.00167317345
591776,591782,595329,6,3547,2,7200,1.00169157034
591790,591796,595376,6,3580,2,7200,1.00167597765
591823,591829,595290,6,3461,2,7200,1.001733603
591853,591859,595426,6,3567,2,7200,1.00168208579
591892,591898,595253,6,3355,2,7200,1.00178837556
591906,591913,595550,7,3637,2,7200,1.00192466318
591954,591961,595470,7,3509,2,7200,1.00199487033
591969,591975,595479,6,3504,2,7200,1.00171232877
591990,591996,595575,6,3579,2,7200,1.00167644593
592008,592014,595450,6,3436,2,7200,1.00174621653
592009,592020,595358,11,3338,2,7200,1.00329538646
592096,592103,595663,7,3560,2,7200,1.00196629213
592139,592145,595557,6,3412,2,7200,1.00175849941
592147,592152,595728,5,3576,2,7200,1.00139821029
592152,639933,642373,47781,2440,25,3599,20.5823770492
592193,592199,595837,6,3638,2,7200,1.00164925783
592194,592205,595641,11,3436,2,7200,1.00320139697
592254,592261,595648,7,3387,2,7200,1.00206672572
592269,592275,595570,6,3295,2,7200,1.00182094082
592314,592320,595680,6,3360,2,7200,1.00178571429
592329,592335,595916,6,3581,2,7200,1.00167550963
592350,592357,595571,7,3214,2,7200,1.00217797138
592451,640400,643872,47949,3472,25,3599,14.8101958525
592455,592461,595602,6,3141,2,7200,1.00191021968
592569,592575,595974,6,3399,2,7200,1.00176522507
593562,605906,675012,12344,69106,12,86400,1.17862414262
593571,593578,593583,7,5,1,3540,1.2
593598,593604,593841,6,237,1,14400,1.0253164557
593642,593648,597057,6,3409,2,7200,1.00176004693
593839,593845,597438,6,3593,2,7200,1.00166991372
594075,622288,629251,28213,6963,12,57600,5.05184546891
594099,626523,633469,32424,6946,12,57600,5.66801036568
594550,594869,594871,319,2,4,3600,32.1
594677,594683,598164,6,3481,2,7200,1.00172364263
594698,594704,598310,6,3606,2,7200,1.00166389351
594740,594746,598366,6,3620,2,7200,1.00165745856
594758,594764,598213,6,3449,2,7200,1.00173963468
594824,594830,598491,6,3661,2,7200,1.00163889648
594857,594863,598324,6,3461,2,7200,1.001733603
594858,594874,598263,16,3389,2,7200,1.00472115668
594872,594881,598241,9,3360,2,7200,1.00267857143
594887,594893,598417,6,3524,2,7200,1.00170261067
594902,594908,598098,6,3190,2,7200,1.00188087774
594968,594973,598436,5,3463,2,7200,1.00144383483
595073,595079,598746,6,3667,2,7200,1.00163621489
595109,595115,598510,6,3395,2,7200,1.00176730486
595136,595142,598725,6,3583,2,7200,1.00167457438
595198,595204,598687,6,3483,2,7200,1.00172265289
595202,595210,598681,8,3471,2,7200,1.00230481129
595216,595223,598623,7,3400,2,7200,1.00205882353
595252,595258,598681,6,3423,2,7200,1.00175284838
595288,595294,598871,6,3577,2,7200,1.00167738328
595330,595336,598754,6,3418,2,7200,1.00175541252
595348,595354,598928,6,3574,2,7200,1.00167879127
595362,595369,598805,7,3436,2,7200,1.00203725262
595377,595383,598916,6,3533,2,7200,1.00169827342
595378,595389,599028,11,3639,2,7200,1.00302280846
595426,595432,599013,6,3581,2,7200,1.00167550963
595450,595456,598955,6,3499,2,7200,1.00171477565
595471,595477,598946,6,3469,2,7200,1.00172960507
595486,595492,598894,6,3402,2,7200,1.00176366843
595552,595557,598666,5,3109,2,7200,1.00160823416
595566,595572,599223,6,3651,2,7200,1.00164338537
595581,595587,598964,6,3377,2,7200,1.0017767249
595583,595594,598977,11,3383,2,7200,1.00325155188
595584,595599,599175,15,3576,2,7200,1.00419463087
595605,595611,599085,6,3474,2,7200,1.00172711572
595643,595649,599142,6,3493,2,7200,1.00171772116
595658,595664,599132,6,3468,2,7200,1.00173010381
595673,595679,599221,6,3542,2,7200,1.00169395822
595687,595694,599014,7,3320,2,7200,1.00210843373
595731,595737,599124,6,3387,2,7200,1.00177147919
595838,595844,599357,6,3513,2,7200,1.00170794193
595916,595922,599515,6,3593,2,7200,1.00166991372
595973,595979,599502,6,3523,2,7200,1.00170309395
596762,629682,653650,32920,23968,16,86400,2.37349799733
597060,597066,600492,6,3426,2,7200,1.00175131349
597415,597421,598000,6,579,1,14400,1.0103626943
597440,597446,600971,6,3525,2,7200,1.00170212766
598097,598103,601651,6,3548,2,7200,1.00169109357
598163,598169,601710,6,3541,2,7200,1.0016944366
598214,598220,601581,6,3361,2,7200,1.00178518298
598244,598250,601638,6,3388,2,7200,1.00177095632
598261,598268,601858,7,3590,2,7200,1.00194986072
598309,598315,601888,6,3573,2,7200,1.00167926113
598324,598330,601933,6,3603,2,7200,1.00166527893
598366,598372,601787,6,3415,2,7200,1.00175695461
598417,598423,601806,6,3383,2,7200,1.00177357375
598438,598444,601740,6,3296,2,7200,1.00182038835
598491,598498,602030,7,3532,2,7200,1.00198187995
598509,598515,602162,6,3647,2,7200,1.00164518783
598623,598630,602002,7,3372,2,7200,1.00207591934
598668,598674,602199,6,3525,2,7200,1.00170212766
598683,598689,602037,6,3348,2,7200,1.0017921147
598684,598702,602018,18,3316,2,7200,1.00542822678
598688,598696,602274,8,3578,2,7200,1.00223588597
598726,598732,601976,6,3244,2,7200,1.00184956843
598747,598753,602314,6,3561,2,7200,1.00168491997
598762,598768,602316,6,3548,2,7200,1.00169109357
598806,598813,602171,7,3358,2,7200,1.00208457415
598873,598879,602284,6,3405,2,7200,1.00176211454
598897,598903,602284,6,3381,2,7200,1.00177462289
598917,598924,602494,7,3570,2,7200,1.00196078431
598932,598938,602475,6,3537,2,7200,1.00169635284
598947,598953,602363,6,3410,2,7200,1.00175953079
598962,598968,602560,6,3592,2,7200,1.00167037862
598976,598983,602361,7,3378,2,7200,1.00207223209
598978,598989,602547,11,3558,2,7200,1.00309162451
599014,599020,602483,6,3463,2,7200,1.00173260179
599015,599026,602445,11,3419,2,7200,1.003217315
599030,599036,602476,6,3440,2,7200,1.00174418605
599084,599090,602476,6,3386,2,7200,1.00177200236
599128,599134,602557,6,3423,2,7200,1.00175284838
599132,599140,602587,8,3447,2,7200,1.00232085872
599147,599153,602607,6,3454,2,7200,1.00173711639
599174,599180,602875,6,3695,2,7200,1.00162381597
599222,599228,602777,6,3549,2,7200,1.00169061708
599236,599242,602599,6,3357,2,7200,1.0017873101
599353,599359,602670,6,3311,2,7200,1.00181214135
599501,599508,603104,7,3596,2,7200,1.00194660734
599516,599522,603133,6,3611,2,7200,1.00166158959
600494,600500,603976,6,3476,2,7200,1.00172612198
600971,600977,604357,6,3380,2,7200,1.00177514793
601584,601590,605043,6,3453,2,7200,1.00173761946
601638,601644,605233,6,3589,2,7200,1.00167177487
601653,601659,605369,6,3710,2,7200,1.00161725067
601713,601719,605046,6,3327,2,7200,1.00180342651
601743,601749,605230,6,3481,2,7200,1.00172364263
601785,601791,605316,6,3525,2,7200,1.00170212766
601808,601815,605352,7,3537,2,7200,1.00197907831
601859,601865,605363,6,3498,2,7200,1.00171526587
601889,601895,605482,6,3587,2,7200,1.001672707
601934,601940,605560,6,3620,2,7200,1.00165745856
601976,601982,605707,6,3725,2,7200,1.00161073826
602003,602009,605494,6,3485,2,7200,1.00172166428
602021,602027,605448,6,3421,2,7200,1.00175387314
602035,602042,605521,7,3479,2,7200,1.00201207243
602050,602056,605419,6,3363,2,7200,1.00178412132
602161,602168,605466,7,3298,2,7200,1.00212249848
602176,602182,605791,6,3609,2,7200,1.00166251039
602200,602206,605687,6,3481,2,7200,1.00172364263
602270,602276,605796,6,3520,2,7200,1.00170454545
602284,602291,605816,7,3525,2,7200,1.0019858156
602286,602298,605758,12,3460,2,7200,1.00346820809
602316,602322,605883,6,3561,2,7200,1.00168491997
602317,602328,605742,11,3414,2,7200,1.00322202695
602363,602369,605894,6,3525,2,7200,1.00170212766
602364,602376,605732,12,3356,2,7200,1.00357568534
602445,602452,606037,7,3585,2,7200,1.0019525802
602476,602482,606047,6,3565,2,7200,1.00168302945
602477,602488,606106,11,3618,2,7200,1.00304035379
602478,602494,605960,16,3466,2,7200,1.00461627236
602493,602500,606014,7,3514,2,7200,1.00199203187
602508,602514,606008,6,3494,2,7200,1.00171722954
602550,602556,606171,6,3615,2,7200,1.00165975104
602560,602567,605728,7,3161,2,7200,1.00221448909
602564,602573,605939,9,3366,2,7200,1.00267379679
602588,602594,606126,6,3532,2,7200,1.00169875425
602603,602609,605996,6,3387,2,7200,1.00177147919
602618,602624,606097,6,3473,2,7200,1.00172761301
602672,602678,605891,6,3213,2,7200,1.00186741363
602777,602784,606304,7,3520,2,7200,1.00198863636
602876,602882,606146,6,3264,2,7200,1.00183823529
603099,603105,606670,6,3565,2,7200,1.00168302945
603135,603141,606693,6,3552,2,7200,1.00168918919
603981,603987,607331,6,3344,2,7200,1.00179425837
604357,604363,607802,6,3439,2,7200,1.00174469322
