SubmitTime,StartTime,EndTime,QueuedTime,RunTime,NodesRequested,walltime,bslowdown
415,421,1815,6,1394,2,36000,1.00430416069
416,427,1786,11,1359,2,36000,1.0080941869
417,432,1973,15,1541,2,36000,1.009733939
419,437,1787,18,1350,2,36000,1.01333333333
420,443,1786,23,1343,2,36000,1.01712583768
422,448,1781,26,1333,2,36000,1.01950487622
423,454,1928,31,1474,2,36000,1.0210312076
424,459,1767,35,1308,2,36000,1.02675840979
426,465,1817,39,1352,2,36000,1.02884615385
428,470,2056,42,1586,2,36000,1.02648171501
430,475,1933,45,1458,2,36000,1.03086419753
431,480,2034,49,1554,2,36000,1.03153153153
432,486,1780,54,1294,2,36000,1.04173106646
433,491,1811,58,1320,2,36000,1.04393939394
435,496,1809,61,1313,2,36000,1.046458492
436,501,1782,65,1281,2,36000,1.05074160812
438,506,1810,68,1304,2,36000,1.05214723926
439,512,1945,73,1433,2,36000,1.05094207955
440,517,1957,77,1440,2,36000,1.05347222222
441,522,1913,81,1391,2,36000,1.05823148814
443,527,2292,84,1765,2,36000,1.04759206799
444,532,1816,88,1284,2,36000,1.06853582555
446,538,1903,92,1365,2,36000,1.0673992674
447,543,1818,96,1275,2,36000,1.07529411765
449,549,2178,100,1629,2,36000,1.06138735421
450,555,1834,105,1279,2,36000,1.08209538702
452,560,1947,108,1387,2,36000,1.07786589762
453,565,1935,112,1370,2,36000,1.08175182482
454,570,1876,116,1306,2,36000,1.08882082695
456,575,1785,119,1210,2,36000,1.09834710744
457,581,1825,124,1244,2,36000,1.09967845659
458,586,1941,128,1355,2,36000,1.09446494465
460,591,1990,131,1399,2,36000,1.09363831308
461,596,1966,135,1370,2,36000,1.09854014599
462,601,2264,139,1663,2,36000,1.08358388455
464,607,1812,143,1205,2,36000,1.11867219917
468,612,2287,144,1675,2,36000,1.08597014925
469,617,1884,148,1267,2,36000,1.11681136543
471,622,2190,151,1568,2,36000,1.09630102041
476,627,1964,151,1337,2,36000,1.1129394166
477,633,1973,156,1340,2,36000,1.11641791045
479,638,1909,159,1271,2,36000,1.12509834776
480,643,2052,163,1409,2,36000,1.1156848829
482,648,1815,166,1167,2,36000,1.14224507284
483,653,1908,170,1255,2,36000,1.13545816733
484,659,2196,175,1537,2,36000,1.11385816526
486,664,1930,178,1266,2,36000,1.14060031596
489,669,2488,180,1819,2,36000,1.09895547004
490,674,2022,184,1348,2,36000,1.13649851632
491,679,1866,188,1187,2,36000,1.15838247683
494,685,2314,191,1629,2,36000,1.11724984653
496,690,2188,194,1498,2,36000,1.12950600801
497,695,2053,198,1358,2,36000,1.14580265096
499,700,2489,201,1789,2,36000,1.11235326998
500,705,1867,205,1162,2,36000,1.17641996558
502,711,2051,209,1340,2,36000,1.15597014925
504,716,2035,212,1319,2,36000,1.16072782411
505,721,2193,216,1472,2,36000,1.14673913043
507,728,1974,221,1246,2,36000,1.17736757624
508,757,2007,249,1250,2,36000,1.1992
510,863,2054,353,1191,2,36000,1.29638958858
511,898,2525,387,1627,2,36000,1.23786109404
513,913,2490,400,1577,2,36000,1.2536461636
514,929,2435,415,1506,2,36000,1.27556440903
515,1060,2613,545,1553,2,36000,1.35093367675
517,1065,2458,548,1393,2,36000,1.39339554917
1111,1117,2295,6,1178,2,36000,1.00509337861
1113,1124,2368,11,1244,2,36000,1.00884244373
1114,1129,2415,15,1286,2,36000,1.01166407465
1116,1134,2460,18,1326,2,36000,1.01357466063
1117,1140,2652,23,1512,2,36000,1.01521164021
1118,1146,2414,28,1268,2,36000,1.02208201893
1120,1151,2549,31,1398,2,36000,1.02217453505
1121,1156,2557,35,1401,2,36000,1.0249821556
1123,1161,2426,38,1265,2,36000,1.03003952569
1125,1166,2586,41,1420,2,36000,1.02887323944
1126,1172,2556,46,1384,2,36000,1.03323699422
1127,1177,2363,50,1186,2,36000,1.04215851602
1129,1182,2528,53,1346,2,36000,1.03937592868
1130,1187,2551,57,1364,2,36000,1.0417888563
1132,1192,2592,60,1400,2,36000,1.04285714286
1133,1198,2361,65,1163,2,36000,1.05588993981
1134,1203,2736,69,1533,2,36000,1.04500978474
1136,1208,2643,72,1435,2,36000,1.05017421603
1137,1213,2594,76,1381,2,36000,1.05503258508
1138,1218,2527,80,1309,2,36000,1.06111535523
1140,1224,2627,84,1403,2,36000,1.05987170349
1141,1230,2673,89,1443,2,36000,1.06167706168
1143,1236,2563,93,1327,2,36000,1.07008289375
1144,1241,2619,97,1378,2,36000,1.07039187228
1145,1247,2534,102,1287,2,36000,1.07925407925
1147,1252,2665,105,1413,2,36000,1.07430997877
1148,1257,2407,109,1150,2,36000,1.0947826087
1149,1262,2484,113,1222,2,36000,1.09247135843
1151,1267,2517,116,1250,2,36000,1.0928
1152,1558,2523,406,965,2,36000,1.4207253886
1153,1575,2610,422,1035,2,36000,1.4077294686
1155,1779,3305,624,1526,2,36000,1.40891218873
1156,1812,3295,656,1483,2,36000,1.44234659474
1158,1817,3327,659,1510,2,36000,1.43642384106
1159,1822,3330,663,1508,2,36000,1.43965517241
1160,1827,3302,667,1475,2,36000,1.45220338983
1162,1833,3325,671,1492,2,36000,1.44973190349
1163,1838,3326,675,1488,2,36000,1.45362903226
1876,1882,32111,6,30229,2,36000,1.0001984849
1882,1888,3336,6,1448,2,36000,1.00414364641
1884,1894,3329,10,1435,2,36000,1.00696864111
1885,1899,3348,14,1449,2,36000,1.00966183575
1887,1904,3325,17,1421,2,36000,1.01196340605
1888,1909,3346,21,1437,2,36000,1.01461377871
1890,1916,3315,26,1399,2,36000,1.01858470336
1891,1921,3323,30,1402,2,36000,1.02139800285
1893,1926,3329,33,1403,2,36000,1.02352102637
1894,1931,3344,37,1413,2,36000,1.02618542109
1896,1936,3299,40,1363,2,36000,1.02934702861
1897,1942,3349,45,1407,2,36000,1.03198294243
1899,1947,3328,48,1381,2,36000,1.03475742216
1902,1952,3347,50,1395,2,36000,1.03584229391
1903,1957,3316,54,1359,2,36000,1.03973509934
1905,1962,3294,57,1332,2,36000,1.04279279279
1907,1968,3330,61,1362,2,36000,1.04478707783
1908,2034,3332,126,1298,2,36000,1.09707241911
1910,1975,3331,65,1356,2,36000,1.04793510324
1911,1980,3314,69,1334,2,36000,1.05172413793
1913,1985,2801,72,816,2,36000,1.08823529412
1914,1990,3313,76,1323,2,36000,1.0574452003
1916,1996,3332,80,1336,2,36000,1.05988023952
1917,2001,3345,84,1344,2,36000,1.0625
1919,2006,3324,87,1318,2,36000,1.0660091047
1920,2011,3298,91,1287,2,36000,1.07070707071
1922,2017,3346,95,1329,2,36000,1.07148231753
1923,2022,3339,99,1317,2,36000,1.07517084282
1924,2027,3343,103,1316,2,36000,1.0782674772
2565,2572,4030,7,1458,2,36000,1.00480109739
2567,2578,3817,11,1239,2,36000,1.00887812752
2568,2583,4258,15,1675,2,36000,1.00895522388
2570,2588,4074,18,1486,2,36000,1.01211305518
2571,2594,3843,23,1249,2,36000,1.01841473179
2572,2599,3845,27,1246,2,36000,1.02166934189
2574,2605,4091,31,1486,2,36000,1.02086137281
2575,2610,4032,35,1422,2,36000,1.02461322082
2577,2616,4100,39,1484,2,36000,1.02628032345
2578,2621,4060,43,1439,2,36000,1.0298818624
2579,2626,4029,47,1403,2,36000,1.03349964362
2581,2631,4109,50,1478,2,36000,1.03382949932
2582,2636,4106,54,1470,2,36000,1.03673469388
2584,2642,3922,58,1280,2,36000,1.0453125
2585,2647,4017,62,1370,2,36000,1.04525547445
2587,2652,3910,65,1258,2,36000,1.05166931638
2588,2657,4061,69,1404,2,36000,1.04914529915
2590,2662,4037,72,1375,2,36000,1.05236363636
2592,2668,4049,76,1381,2,36000,1.05503258508
2594,2673,4019,79,1346,2,36000,1.05869242199
2596,2678,4034,82,1356,2,36000,1.0604719764
2597,2683,4036,86,1353,2,36000,1.06356245381
2598,2688,3852,90,1164,2,36000,1.07731958763
2600,2694,3920,94,1226,2,36000,1.0766721044
2601,2701,4068,100,1367,2,36000,1.07315288954
2602,2706,4015,104,1309,2,36000,1.0794499618
2604,2711,4088,107,1377,2,36000,1.07770515614
2605,2716,3858,111,1142,2,36000,1.09719789842
2607,2721,4015,114,1294,2,36000,1.08809891808
2608,2727,3867,119,1140,2,36000,1.10438596491
2610,2732,4026,122,1294,2,36000,1.0942812983
2612,2737,3786,125,1049,2,36000,1.11916110582
2613,2742,3824,129,1082,2,36000,1.11922365989
2614,2747,4121,133,1374,2,36000,1.09679767103
2616,2753,3860,137,1107,2,36000,1.12375790425
2617,2758,4033,141,1275,2,36000,1.11058823529
2619,2763,4098,144,1335,2,36000,1.10786516854
2620,2768,4016,148,1248,2,36000,1.11858974359
2622,2773,4142,151,1369,2,36000,1.11029948868
2623,2779,4889,156,2110,2,36000,1.07393364929
2624,2784,4016,160,1232,2,36000,1.12987012987
2626,2789,4033,163,1244,2,36000,1.13102893891
2628,2794,4253,166,1459,2,36000,1.11377655929
2629,2799,4166,170,1367,2,36000,1.12435991222
2630,2805,4036,175,1231,2,36000,1.14216084484
2632,2810,4277,178,1467,2,36000,1.12133605999
2633,2815,4182,182,1367,2,36000,1.13313825896
2635,2820,4037,185,1217,2,36000,1.15201314708
2636,2825,4122,189,1297,2,36000,1.14572089437
2637,2831,4016,194,1185,2,36000,1.16371308017
2639,2836,4203,197,1367,2,36000,1.14411119239
2640,2841,4908,201,2067,2,36000,1.09724238026
2641,2846,4125,205,1279,2,36000,1.1602814699
2643,2851,4320,208,1469,2,36000,1.14159292035
2645,2857,4912,212,2055,2,36000,1.10316301703
2646,2862,4282,216,1420,2,36000,1.15211267606
2647,2867,4233,220,1366,2,36000,1.16105417277
2649,2872,4096,223,1224,2,36000,1.18218954248
2650,2877,4039,227,1162,2,36000,1.19535283993
2652,2883,4285,231,1402,2,36000,1.16476462197
2653,2889,4245,236,1356,2,36000,1.17404129794
2655,2895,4134,240,1239,2,36000,1.19370460048
2656,3319,4898,663,1579,2,36000,1.4198860038
3373,3379,4895,6,1516,2,36000,1.00395778364
3375,3385,4897,10,1512,2,36000,1.00661375661
3376,3390,4906,14,1516,2,36000,1.0092348285
3377,3396,4921,19,1525,2,36000,1.01245901639
3379,3401,4909,22,1508,2,36000,1.01458885942
3380,3407,4914,27,1507,2,36000,1.01791639018
3381,3412,4903,31,1491,2,36000,1.02079141516
3383,3417,4907,34,1490,2,36000,1.02281879195
3384,3422,4327,38,905,2,36000,1.04198895028
3385,3428,4902,43,1474,2,36000,1.02917232022
3387,3433,4927,46,1494,2,36000,1.03078982597
3388,3438,4920,50,1482,2,36000,1.03373819163
3389,3443,4910,54,1467,2,36000,1.03680981595
3391,3448,4906,57,1458,2,36000,1.03909465021
3392,3454,4906,62,1452,2,36000,1.04269972452
3393,3459,4906,66,1447,2,36000,1.04561161023
3395,3464,4387,69,923,2,36000,1.07475622969
3396,3469,4916,73,1447,2,36000,1.05044920525
3397,3474,4917,77,1443,2,36000,1.05336105336
3399,3480,4883,81,1403,2,36000,1.05773342837
3400,3485,4892,85,1407,2,36000,1.06041222459
3401,3490,4922,89,1432,2,36000,1.06215083799
3403,3496,4904,93,1408,2,36000,1.06605113636
3404,3501,4927,97,1426,2,36000,1.06802244039
3405,3507,4926,102,1419,2,36000,1.07188160677
3406,3512,4913,106,1401,2,36000,1.07566024268
3408,3517,5016,109,1499,2,36000,1.07271514343
3409,3522,4913,113,1391,2,36000,1.08123652049
3410,3527,4906,117,1379,2,36000,1.08484408992
3412,3533,4926,121,1393,2,36000,1.08686288586
3413,3538,4917,125,1379,2,36000,1.09064539521
3414,3543,4929,129,1386,2,36000,1.09307359307
3416,3548,4930,132,1382,2,36000,1.09551374819
3417,3802,4919,385,1117,2,36000,1.34467323187
3418,3829,4947,411,1118,2,36000,1.36762075134
3420,3835,5124,415,1289,2,36000,1.32195500388
3421,3856,4929,435,1073,2,36000,1.40540540541
3422,3863,4923,441,1060,2,36000,1.41603773585
3424,3868,4948,444,1080,2,36000,1.41111111111
3425,3875,5640,450,1765,2,36000,1.25495750708
3426,3881,4924,455,1043,2,36000,1.43624161074
3428,3887,4922,459,1035,2,36000,1.44347826087
3429,3924,5649,495,1725,2,36000,1.28695652174
3430,3957,5644,527,1687,2,36000,1.31238885596
3431,3963,5075,532,1112,2,36000,1.47841726619
3433,4028,5646,595,1618,2,36000,1.36773794808
3434,4033,5643,599,1610,2,36000,1.37204968944
4146,4153,6264,7,2111,2,36000,1.003315964
4148,4159,5649,11,1490,2,36000,1.00738255034
4149,4164,5649,15,1485,2,36000,1.0101010101
4151,4169,5649,18,1480,2,36000,1.01216216216
4152,4175,5653,23,1478,2,36000,1.01556156969
4153,4180,5748,27,1568,2,36000,1.01721938776
4155,4186,5666,31,1480,2,36000,1.02094594595
4156,4191,5662,35,1471,2,36000,1.02379333787
4157,4197,5661,40,1464,2,36000,1.02732240437
4159,4202,5655,43,1453,2,36000,1.02959394357
4160,4207,5657,47,1450,2,36000,1.0324137931
4161,4212,5649,51,1437,2,36000,1.03549060543
4163,4217,5658,54,1441,2,36000,1.03747397641
4164,4223,5663,59,1440,2,36000,1.04097222222
4166,4228,5651,62,1423,2,36000,1.0435699227
4168,4233,5649,65,1416,2,36000,1.0459039548
4169,4238,5650,69,1412,2,36000,1.04886685552
4170,4244,5649,74,1405,2,36000,1.05266903915
4172,4249,5649,77,1400,2,36000,1.055
4173,4254,5649,81,1395,2,36000,1.05806451613
4174,4259,6312,85,2053,2,36000,1.04140282513
4176,4264,5654,88,1390,2,36000,1.06330935252
4177,4270,5649,93,1379,2,36000,1.06744017404
4178,4275,5834,97,1559,2,36000,1.06221937139
4180,4280,5706,100,1426,2,36000,1.07012622721
4182,4286,5660,104,1374,2,36000,1.07569141194
4183,4292,5649,109,1357,2,36000,1.08032424466
4184,4297,5661,113,1364,2,36000,1.08284457478
4186,4302,5649,116,1347,2,36000,1.0861172977
4187,4307,5665,120,1358,2,36000,1.088365243
4189,4313,5653,124,1340,2,36000,1.09253731343
4190,4318,5669,128,1351,2,36000,1.0947446336
4191,4323,5844,132,1521,2,36000,1.08678500986
4193,4328,5652,135,1324,2,36000,1.10196374622
4195,4334,5664,139,1330,2,36000,1.1045112782
4196,4339,6329,143,1990,2,36000,1.07185929648
4198,4344,5649,146,1305,2,36000,1.11187739464
4199,4349,5655,150,1306,2,36000,1.11485451761
4200,4354,6142,154,1788,2,36000,1.08612975391
4203,4360,5674,157,1314,2,36000,1.11948249619
4205,4365,5654,160,1289,2,36000,1.12412723041
4206,4371,5698,165,1327,2,36000,1.12434061794
4208,4377,5664,169,1287,2,36000,1.13131313131
4216,4382,5666,166,1284,2,36000,1.1292834891
4217,4387,5658,170,1271,2,36000,1.13375295043
4218,4392,5656,174,1264,2,36000,1.13765822785
4221,4407,5649,186,1242,2,36000,1.14975845411
4223,4900,7211,677,2311,2,36000,1.29294677629
4936,4941,6441,5,1500,2,36000,1.00333333333
4937,4947,6582,10,1635,2,36000,1.00611620795
4938,4952,6453,14,1501,2,36000,1.00932711526
4940,4957,6388,17,1431,2,36000,1.01187980433
4941,4963,6572,22,1609,2,36000,1.01367308888
4942,4969,6465,27,1496,2,36000,1.01804812834
4943,4974,6439,31,1465,2,36000,1.02116040956
4945,4980,6363,35,1383,2,36000,1.02530730296
4946,4985,6366,39,1381,2,36000,1.0282404055
4948,4990,6351,42,1361,2,36000,1.03085966201
4949,4995,6573,46,1578,2,36000,1.02915082383
4950,5000,6401,50,1401,2,36000,1.03568879372
4952,5006,6359,54,1353,2,36000,1.0399113082
4953,5011,6362,58,1351,2,36000,1.0429311621
4954,5016,6361,62,1345,2,36000,1.04609665428
4955,5021,6360,66,1339,2,36000,1.04929051531
4957,5026,6477,69,1451,2,36000,1.04755341144
4958,5032,6471,74,1439,2,36000,1.05142460042
4959,5037,7176,78,2139,2,36000,1.03646563815
4961,5042,6345,81,1303,2,36000,1.06216423638
4962,5047,6407,85,1360,2,36000,1.0625
4964,5052,6366,88,1314,2,36000,1.06697108067
4965,5059,6377,94,1318,2,36000,1.07132018209
4966,5064,6366,98,1302,2,36000,1.0752688172
4968,5069,6367,101,1298,2,36000,1.07781201849
4969,5075,6352,106,1277,2,36000,1.08300704777
4970,5080,7179,110,2099,2,36000,1.05240590758
4972,5085,6396,113,1311,2,36000,1.08619374523
4973,5090,6376,117,1286,2,36000,1.09097978227
4975,5095,7181,120,2086,2,36000,1.05752636625
4976,5101,6628,125,1527,2,36000,1.08185985593
4977,5106,6383,129,1277,2,36000,1.10101801096
4979,5112,7176,133,2064,2,36000,1.0644379845
4980,5117,6368,137,1251,2,36000,1.10951239009
4981,5122,6485,141,1363,2,36000,1.10344827586
4983,5128,6358,145,1230,2,36000,1.11788617886
4984,5133,6353,149,1220,2,36000,1.12213114754
4985,5138,7209,153,2071,2,36000,1.07387735394
4987,5143,6354,156,1211,2,36000,1.12881915772
4988,5148,6364,160,1216,2,36000,1.13157894737
4989,5154,6374,165,1220,2,36000,1.13524590164
4990,5160,6470,170,1310,2,36000,1.12977099237
4992,5219,6467,227,1248,2,36000,1.18189102564
4993,5651,7190,658,1539,2,36000,1.42755035737
4994,5658,7180,664,1522,2,36000,1.43626806833
4996,5664,7227,668,1563,2,36000,1.42738323736
4997,5669,7205,672,1536,2,36000,1.4375
4998,5677,7195,679,1518,2,36000,1.44729907773
5000,5683,7195,683,1512,2,36000,1.45171957672
5001,5688,7191,687,1503,2,36000,1.45708582834
5002,5693,7187,691,1494,2,36000,1.4625167336
5004,5698,7211,694,1513,2,36000,1.45869134171
5689,5705,7228,16,1523,2,36000,1.01050558109
5690,5710,7206,20,1496,2,36000,1.01336898396
5691,5715,7178,24,1463,2,36000,1.01640464798
5693,5720,7185,27,1465,2,36000,1.01843003413
5694,5725,7229,31,1504,2,36000,1.02061170213
5695,5731,7226,36,1495,2,36000,1.02408026756
5697,5736,7218,39,1482,2,36000,1.02631578947
5698,5741,7193,43,1452,2,36000,1.02961432507
5699,5747,7194,48,1447,2,36000,1.03317208017
5701,5752,7219,51,1467,2,36000,1.03476482618
5702,5758,7193,56,1435,2,36000,1.03902439024
5703,5763,7204,60,1441,2,36000,1.04163775156
5705,5768,7204,63,1436,2,36000,1.0438718663
5706,5773,7183,67,1410,2,36000,1.0475177305
5707,5778,7221,71,1443,2,36000,1.0492030492
5709,5784,7190,75,1406,2,36000,1.0533428165
5710,5789,7224,79,1435,2,36000,1.05505226481
5711,5794,7219,83,1425,2,36000,1.05824561404
5713,5799,7247,86,1448,2,36000,1.05939226519
5714,5804,7193,90,1389,2,36000,1.06479481641
5715,5810,7197,95,1387,2,36000,1.06849315068
5717,5815,7201,98,1386,2,36000,1.07070707071
5718,5820,7202,102,1382,2,36000,1.07380607815
5720,5825,7198,105,1373,2,36000,1.07647487254
5721,5830,7217,109,1387,2,36000,1.07858687815
5722,5836,7224,114,1388,2,36000,1.08213256484
5724,5841,7226,117,1385,2,36000,1.0844765343
5725,5846,7216,121,1370,2,36000,1.08832116788
5726,5851,7261,125,1410,2,36000,1.08865248227
5728,5856,7381,128,1525,2,36000,1.08393442623
5729,5862,7213,133,1351,2,36000,1.09844559585
5730,5867,7208,137,1341,2,36000,1.10216256525
5732,5872,7306,140,1434,2,36000,1.09762900976
5733,5877,7225,144,1348,2,36000,1.10682492582
5735,5883,7214,148,1331,2,36000,1.11119459053
5736,5888,7189,152,1301,2,36000,1.11683320523
5737,6157,7842,420,1685,2,36000,1.24925816024
5739,6298,7814,559,1516,2,36000,1.36873350923
5740,6333,7842,593,1509,2,36000,1.39297548045
5742,5894,7301,152,1407,2,36000,1.10803127221
5743,5900,7311,157,1411,2,36000,1.11126860383
5744,5905,7188,161,1283,2,36000,1.12548713952
5746,6342,7636,596,1294,2,36000,1.46058732612
5748,6363,7829,615,1466,2,36000,1.41950886767
5750,6370,7832,620,1462,2,36000,1.42407660739
5751,6376,7884,625,1508,2,36000,1.41445623342
5753,6381,7816,628,1435,2,36000,1.43763066202
5754,6386,7815,632,1429,2,36000,1.4422673198
6454,6461,8075,7,1614,2,36000,1.00433705081
6456,6467,7861,11,1394,2,36000,1.00789096126
6457,6472,8023,15,1551,2,36000,1.00967117988
6458,6478,8041,20,1563,2,36000,1.01279590531
6460,6483,8193,23,1710,2,36000,1.0134502924
6461,6488,8369,27,1881,2,36000,1.01435406699
6462,6494,7830,32,1336,2,36000,1.02395209581
6464,6500,7897,36,1397,2,36000,1.02576950608
6465,6505,7855,40,1350,2,36000,1.02962962963
6466,6510,7874,44,1364,2,36000,1.03225806452
6468,6515,7839,47,1324,2,36000,1.03549848943
6469,6521,7948,52,1427,2,36000,1.03644008409
6470,6526,7856,56,1330,2,36000,1.04210526316
6472,6531,8110,59,1579,2,36000,1.03736542115
6473,6536,7836,63,1300,2,36000,1.04846153846
6474,6541,7831,67,1290,2,36000,1.0519379845
6476,6547,7952,71,1405,2,36000,1.05053380783
6477,6552,7909,75,1357,2,36000,1.05526897568
6478,6557,7837,79,1280,2,36000,1.06171875
6480,6562,8075,82,1513,2,36000,1.05419695968
6481,6567,7840,86,1273,2,36000,1.06755695208
6482,6573,7834,91,1261,2,36000,1.07216494845
6483,6578,7833,95,1255,2,36000,1.07569721116
6485,6583,8523,98,1940,2,36000,1.05051546392
6486,6588,8174,102,1586,2,36000,1.06431273644
6487,6593,7841,106,1248,2,36000,1.08493589744
6489,6600,7984,111,1384,2,36000,1.08020231214
6490,6606,7835,116,1229,2,36000,1.09438567941
6491,6611,8583,120,1972,2,36000,1.06085192698
6493,6616,7839,123,1223,2,36000,1.10057236304
6494,6621,8619,127,1998,2,36000,1.06356356356
6496,6626,7835,130,1209,2,36000,1.10752688172
6497,6749,8407,252,1658,2,36000,1.15199034982
6498,7187,8630,689,1443,2,36000,1.47747747748
6500,7193,8624,693,1431,2,36000,1.48427672956
6501,7199,8634,698,1435,2,36000,1.48641114983
6503,7204,8620,701,1416,2,36000,1.49505649718
7198,7211,8621,13,1410,2,36000,1.00921985816
7200,7216,8604,16,1388,2,36000,1.01152737752
7201,7222,8589,21,1367,2,36000,1.0153621068
7203,7227,8638,24,1411,2,36000,1.01700921332
7204,7232,8600,28,1368,2,36000,1.02046783626
7206,7240,8592,34,1352,2,36000,1.02514792899
7207,7245,9008,38,1763,2,36000,1.02155416903
7208,7250,8598,42,1348,2,36000,1.03115727003
7210,7255,8594,45,1339,2,36000,1.03360716953
7211,7260,8597,49,1337,2,36000,1.03664921466
7212,7266,8596,54,1330,2,36000,1.04060150376
7213,7271,8595,58,1324,2,36000,1.04380664653
7215,7276,8636,61,1360,2,36000,1.04485294118
7216,7281,8613,65,1332,2,36000,1.0487987988
7218,7286,8616,68,1330,2,36000,1.05112781955
7219,7292,8722,73,1430,2,36000,1.05104895105
7220,7297,8608,77,1311,2,36000,1.058733791
7221,7302,8640,81,1338,2,36000,1.06053811659
7223,7307,8603,84,1296,2,36000,1.06481481481
7224,7313,8730,89,1417,2,36000,1.06280875088
7225,7318,8622,93,1304,2,36000,1.0713190184
7227,7323,8623,96,1300,2,36000,1.07384615385
7228,7328,8618,100,1290,2,36000,1.07751937984
7229,7333,8607,104,1274,2,36000,1.08163265306
7231,7339,8608,108,1269,2,36000,1.08510638298
7232,7344,8625,112,1281,2,36000,1.08743169399
7233,7350,8615,117,1265,2,36000,1.09249011858
7235,7356,8628,121,1272,2,36000,1.09512578616
7236,7361,8648,125,1287,2,36000,1.09712509713
7237,7367,8636,130,1269,2,36000,1.1024428684
7239,7372,8614,133,1242,2,36000,1.10708534622
7240,7377,8627,137,1250,2,36000,1.1096
7242,7382,8693,140,1311,2,36000,1.10678871091
7246,7387,8612,141,1225,2,36000,1.11510204082
7248,7393,8593,145,1200,2,36000,1.12083333333
7249,7398,8604,149,1206,2,36000,1.12354892206
7251,7403,8626,152,1223,2,36000,1.1242845462
7252,7408,8631,156,1223,2,36000,1.12755519215
7254,7413,8651,159,1238,2,36000,1.12843295638
7255,7419,8610,164,1191,2,36000,1.13769941226
7256,7424,8633,168,1209,2,36000,1.13895781638
7258,7429,8635,171,1206,2,36000,1.14179104478
7260,7434,8640,174,1206,2,36000,1.14427860697
7262,7439,8695,177,1256,2,36000,1.14092356688
7266,7446,8638,180,1192,2,36000,1.15100671141
7267,7451,8646,184,1195,2,36000,1.1539748954
7269,7456,8639,187,1183,2,36000,1.15807269653
7270,7462,8617,192,1155,2,36000,1.16623376623
7272,7467,8725,195,1258,2,36000,1.15500794913
7273,7473,8628,200,1155,2,36000,1.17316017316
7274,7649,9172,375,1523,2,36000,1.2462245568
7276,7827,9228,551,1401,2,36000,1.39329050678
7277,7834,9157,557,1323,2,36000,1.42101284958
7278,7839,8996,561,1157,2,36000,1.48487467589
7280,7846,9255,566,1409,2,36000,1.4017033357
7928,7934,9181,6,1247,2,36000,1.00481154771
7929,7940,9231,11,1291,2,36000,1.00852052672
7931,7945,9128,14,1183,2,36000,1.01183431953
7932,7951,9127,19,1176,2,36000,1.01615646259
7933,7956,9205,23,1249,2,36000,1.01841473179
7935,7961,9067,26,1106,2,36000,1.02350813743
7936,7967,9168,31,1201,2,36000,1.02581182348
7937,7972,9412,35,1440,2,36000,1.02430555556
7939,7978,9086,39,1108,2,36000,1.03519855596
7940,7983,9304,43,1321,2,36000,1.03255109765
7941,7988,9234,47,1246,2,36000,1.03772070626
7943,7993,9174,50,1181,2,36000,1.04233700254
7944,7999,9449,55,1450,2,36000,1.03793103448
7945,8004,9475,59,1471,2,36000,1.04010876954
7947,8009,9220,62,1211,2,36000,1.05119735756
7948,8014,9173,66,1159,2,36000,1.0569456428
7950,8019,9313,69,1294,2,36000,1.05332302937
7951,8025,9180,74,1155,2,36000,1.06406926407
7952,8030,10064,78,2034,2,36000,1.0383480826
7954,8035,9220,81,1185,2,36000,1.06835443038
7955,8040,9384,85,1344,2,36000,1.06324404762
7956,8045,9209,89,1164,2,36000,1.0764604811
7958,8051,9327,93,1276,2,36000,1.07288401254
7959,8056,9217,97,1161,2,36000,1.08354866494
7960,8074,9295,114,1221,2,36000,1.09336609337
7962,8062,9293,100,1231,2,36000,1.08123476848
7963,8068,9673,105,1605,2,36000,1.06542056075
7964,8107,9202,143,1095,2,36000,1.13059360731
7965,8112,9480,147,1368,2,36000,1.10745614035
7967,8131,9219,164,1088,2,36000,1.15073529412
7968,8198,9492,230,1294,2,36000,1.17774343122
7970,8210,9523,240,1313,2,36000,1.18278750952
7971,8412,9472,441,1060,2,36000,1.41603773585
7972,8442,9342,470,900,2,36000,1.52222222222
7974,8566,9459,592,893,2,36000,1.66293393057
7975,8595,9491,620,896,2,36000,1.69196428571
8482,8601,8603,119,2,2,3540,12.1
8617,8623,9620,6,997,2,36000,1.00601805416
8618,8629,9414,11,785,2,36000,1.01401273885
8619,8634,9561,15,927,2,36000,1.01618122977
8621,8640,9439,19,799,2,36000,1.02377972466
8622,8645,9512,23,867,2,36000,1.02652825836
8623,8650,9463,27,813,2,36000,1.0332103321
8625,8658,9626,33,968,2,36000,1.03409090909
8626,8663,9880,37,1217,2,36000,1.03040262942
8627,8668,9855,41,1187,2,36000,1.03454085931
8629,8673,9496,44,823,2,36000,1.05346294046
8630,8679,9638,49,959,2,36000,1.05109489051
8631,8684,9811,53,1127,2,36000,1.04702750665
8633,8689,9562,56,873,2,36000,1.06414662085
8634,8694,9825,60,1131,2,36000,1.05305039788
8635,8700,9726,65,1026,2,36000,1.06335282651
8637,8705,9936,68,1231,2,36000,1.05523964257
8638,8710,9651,72,941,2,36000,1.07651434644
8639,8715,9712,76,997,2,36000,1.07622868606
8640,8720,9481,80,761,2,36000,1.10512483574
8642,8726,9757,84,1031,2,36000,1.0814742968
8643,8731,9731,88,1000,2,36000,1.088
8644,8736,9792,92,1056,2,36000,1.08712121212
8646,8741,9634,95,893,2,36000,1.10638297872
8647,8746,9746,99,1000,2,36000,1.099
8648,8752,9866,104,1114,2,36000,1.0933572711
8650,8757,9787,107,1030,2,36000,1.10388349515
8651,8764,10046,113,1282,2,36000,1.08814352574
8652,8769,9625,117,856,2,36000,1.13668224299
8654,8774,9636,120,862,2,36000,1.13921113689
8655,8779,9591,124,812,2,36000,1.15270935961
8656,8784,10053,128,1269,2,36000,1.10086682427
8658,8790,9624,132,834,2,36000,1.15827338129
8659,8795,9828,136,1033,2,36000,1.1316553727
8660,8800,10006,140,1206,2,36000,1.11608623549
8662,8805,9959,143,1154,2,36000,1.12391681109
8663,8810,9859,147,1049,2,36000,1.14013346044
8664,8816,9788,152,972,2,36000,1.15637860082
8666,8821,9803,155,982,2,36000,1.15784114053
8667,8826,10023,159,1197,2,36000,1.1328320802
8668,8831,9964,163,1133,2,36000,1.14386584289
8669,8836,9916,167,1080,2,36000,1.15462962963
8671,8842,9772,171,930,2,36000,1.18387096774
8672,8847,9940,175,1093,2,36000,1.16010978957
8673,8852,9801,179,949,2,36000,1.18861959958
8675,8857,9699,182,842,2,36000,1.216152019
8676,8862,9809,186,947,2,36000,1.19640971489
8677,8868,9690,191,822,2,36000,1.23236009732
8679,8873,9829,194,956,2,36000,1.20292887029
8680,8878,9949,198,1071,2,36000,1.18487394958
8681,8883,9722,202,839,2,36000,1.24076281287
8683,8888,10002,205,1114,2,36000,1.18402154399
8684,8894,9608,210,714,2,36000,1.29411764706
8685,8899,9826,214,927,2,36000,1.23085221143
8687,8904,9939,217,1035,2,36000,1.20966183575
8688,9007,9880,319,873,2,36000,1.36540664376
8689,9019,10009,330,990,2,36000,1.33333333333
8690,9078,10132,388,1054,2,36000,1.36812144213
8692,9097,9978,405,881,2,36000,1.45970488082
8744,9138,10021,394,883,2,36000,1.44620611552
8746,9145,10010,399,865,2,36000,1.4612716763
8747,9168,9934,421,766,2,36000,1.54960835509
8748,9179,10364,431,1185,2,36000,1.36371308017
8750,9186,10198,436,1012,2,36000,1.43083003953
8751,9192,10273,441,1081,2,36000,1.40795559667
8752,9197,10199,445,1002,2,36000,1.44411177645
8753,9203,10100,450,897,2,36000,1.5016722408
8755,9208,10359,453,1151,2,36000,1.39357080799
8756,9215,10107,459,892,2,36000,1.51457399103
8998,9221,10345,223,1124,2,36000,1.19839857651
9014,9227,10279,213,1052,2,36000,1.20247148289
9068,9233,10100,165,867,2,36000,1.19031141869
9086,9239,10176,153,937,2,36000,1.16328708645
9128,9244,10120,116,876,2,36000,1.13242009132
9129,9249,10423,120,1174,2,36000,1.10221465077
9159,9256,10280,97,1024,2,36000,1.0947265625
9177,9261,10352,84,1091,2,36000,1.07699358387
9178,9267,10029,89,762,2,36000,1.11679790026
9179,9273,10398,94,1125,2,36000,1.08355555556
9181,9304,10106,123,802,2,36000,1.15336658354
9197,9310,10434,113,1124,2,36000,1.10053380783
9198,9317,10168,119,851,2,36000,1.13983548766
9218,9325,10191,107,866,2,36000,1.12355658199
9220,9338,10376,118,1038,2,36000,1.11368015414
9221,9353,10403,132,1050,2,36000,1.12571428571
9222,9395,10517,173,1122,2,36000,1.15418894831
9224,9424,10266,200,842,2,36000,1.23752969121
9240,9431,10714,191,1283,2,36000,1.14886983632
9241,9451,10648,210,1197,2,36000,1.17543859649
9243,9461,10326,218,865,2,36000,1.25202312139
9244,9471,10583,227,1112,2,36000,1.20413669065
9245,9477,10580,232,1103,2,36000,1.21033544878
9261,9484,10487,223,1003,2,36000,1.222333001
9296,9490,10595,194,1105,2,36000,1.17556561086
9297,9497,10532,200,1035,2,36000,1.19323671498
9312,9502,10742,190,1240,2,36000,1.15322580645
9314,9509,10554,195,1045,2,36000,1.18660287081
9329,9514,10410,185,896,2,36000,1.20647321429
9344,9520,11450,176,1930,2,36000,1.09119170984
9384,9526,10249,142,723,2,36000,1.19640387275
9412,9535,10646,123,1111,2,36000,1.11071107111
9428,9573,10394,145,821,2,36000,1.17661388551
9443,9578,10863,135,1285,2,36000,1.10505836576
9458,9602,10668,144,1066,2,36000,1.13508442777
9475,9619,10683,144,1064,2,36000,1.13533834586
9476,9631,10661,155,1030,2,36000,1.15048543689
9478,9638,10438,160,800,2,36000,1.2
9479,9643,10547,164,904,2,36000,1.1814159292
9496,9649,10732,153,1083,2,36000,1.14127423823
9497,9655,10555,158,900,2,36000,1.17555555556
9499,9660,10617,161,957,2,36000,1.16823406479
9500,9666,10752,166,1086,2,36000,1.15285451197
9501,9672,10846,171,1174,2,36000,1.14565587734
9517,9684,10952,167,1268,2,36000,1.13170347003
9533,9701,10468,168,767,2,36000,1.21903520209
9564,9710,10556,146,846,2,36000,1.17257683215
9565,9723,10519,158,796,2,36000,1.19849246231
9592,9733,10548,141,815,2,36000,1.17300613497
9608,9740,10928,132,1188,2,36000,1.11111111111
9621,18768,18935,9147,167,1,3600,55.7724550898
9623,9747,10633,124,886,2,36000,1.13995485327
9624,9757,10613,133,856,2,36000,1.15537383178
9643,9768,10591,125,823,2,36000,1.15188335358
9644,9783,10909,139,1126,2,36000,1.12344582593
9646,9798,10726,152,928,2,36000,1.16379310345
9647,9805,10544,158,739,2,36000,1.21380243572
9648,9811,10831,163,1020,2,36000,1.15980392157
9663,9817,10711,154,894,2,36000,1.17225950783
9679,9822,10644,143,822,2,36000,1.17396593674
9695,9829,10886,134,1057,2,36000,1.12677388836
9711,9834,10680,123,846,2,36000,1.14539007092
9727,9841,10572,114,731,2,36000,1.15595075239
9728,9846,10988,118,1142,2,36000,1.10332749562
9730,9852,10842,122,990,2,36000,1.12323232323
9745,9857,10875,112,1018,2,36000,1.11001964637
9747,9866,10788,119,922,2,36000,1.12906724512
9762,9873,11089,111,1216,2,36000,1.09128289474
9778,9879,10746,101,867,2,36000,1.11649365629
9794,9891,10904,97,1013,2,36000,1.09575518263
9796,9896,10994,100,1098,2,36000,1.09107468124
9797,9928,11014,131,1086,2,36000,1.12062615101
9814,9945,10707,131,762,2,36000,1.1719160105
9815,9952,10800,137,848,2,36000,1.16155660377
9816,9957,11122,141,1165,2,36000,1.12103004292
9817,9963,10743,146,780,2,36000,1.18717948718
9834,9969,10949,135,980,2,36000,1.13775510204
9835,9976,11060,141,1084,2,36000,1.13007380074
9836,9982,10779,146,797,2,36000,1.18318695107
9838,9990,11154,152,1164,2,36000,1.13058419244
9857,10013,11028,156,1015,2,36000,1.15369458128
9872,10020,10876,148,856,2,36000,1.17289719626
9874,10025,10962,151,937,2,36000,1.16115261473
9889,10032,11041,143,1009,2,36000,1.14172447968
9890,10037,10955,147,918,2,36000,1.16013071895
9919,10043,10879,124,836,2,36000,1.14832535885
9935,10048,11048,113,1000,2,36000,1.113
9952,10057,11153,105,1096,2,36000,1.09580291971
9954,10065,11018,111,953,2,36000,1.11647429171
9955,10075,11183,120,1108,2,36000,1.1083032491
9956,10111,10938,155,827,2,36000,1.18742442563
9972,10116,11155,144,1039,2,36000,1.13859480269
9974,10123,11206,149,1083,2,36000,1.13758079409
9989,10128,11031,139,903,2,36000,1.15393133998
10005,10134,11076,129,942,2,36000,1.13694267516
10022,10143,11043,121,900,2,36000,1.13444444444
10024,10179,11042,155,863,2,36000,1.17960602549
10025,10187,11123,162,936,2,36000,1.17307692308
10026,10203,11257,177,1054,2,36000,1.1679316888
10028,10210,10861,182,651,2,36000,1.27956989247
10044,10216,11137,172,921,2,36000,1.18675352877
10060,10260,11374,200,1114,2,36000,1.17953321364
10061,10277,11297,216,1020,2,36000,1.21176470588
10077,10284,11258,207,974,2,36000,1.21252566735
10099,10291,11390,192,1099,2,36000,1.17470427662
10116,10296,11256,180,960,2,36000,1.1875
10117,10338,11161,221,823,2,36000,1.26852976914
10118,10356,11524,238,1168,2,36000,1.20376712329
10135,10363,11246,228,883,2,36000,1.25821064553
10136,10370,11581,234,1211,2,36000,1.19322873658
10171,10377,11209,206,832,2,36000,1.24759615385
10186,10387,11557,201,1170,2,36000,1.17179487179
10202,10406,11455,204,1049,2,36000,1.19447092469
10204,10413,11477,209,1064,2,36000,1.19642857143
10205,10420,11473,215,1053,2,36000,1.20417853751
10249,10426,11386,177,960,2,36000,1.184375
10268,10434,11583,166,1149,2,36000,1.14447345518
10284,10445,11208,161,763,2,36000,1.21100917431
10285,10452,11531,167,1079,2,36000,1.15477293791
10287,10479,11447,192,968,2,36000,1.19834710744
10327,10498,11441,171,943,2,36000,1.18133616119
10346,10528,11618,182,1090,2,36000,1.16697247706
10362,10535,11628,173,1093,2,36000,1.1582799634
10363,10543,11582,180,1039,2,36000,1.17324350337
10379,10555,11277,176,722,2,36000,1.24376731302
10380,10562,11649,182,1087,2,36000,1.16743330267
10396,10568,11448,172,880,2,36000,1.19545454545
10412,10575,11764,163,1189,2,36000,1.13708999159
10413,10580,11364,167,784,2,36000,1.21301020408
10414,10585,11434,171,849,2,36000,1.20141342756
10430,10591,11454,161,863,2,36000,1.1865585168
10445,10596,11646,151,1050,2,36000,1.14380952381
10446,10603,11433,157,830,2,36000,1.18915662651
10468,10609,11424,141,815,2,36000,1.17300613497
10490,10615,11766,125,1151,2,36000,1.10860121633
10518,10624,11409,106,785,2,36000,1.13503184713
10534,10631,11657,97,1026,2,36000,1.09454191033
10535,10645,11568,110,923,2,36000,1.11917659805
10551,10655,11759,104,1104,2,36000,1.09420289855
10552,10662,11566,110,904,2,36000,1.12168141593
10554,10667,11725,113,1058,2,36000,1.10680529301
10555,10674,11657,119,983,2,36000,1.12105798576
10571,10680,11807,109,1127,2,36000,1.09671694765
10573,10691,11842,118,1151,2,36000,1.10251954822
10574,10698,11665,124,967,2,36000,1.12823164426
10590,10718,11611,128,893,2,36000,1.14333706607
10591,10725,11556,134,831,2,36000,1.16125150421
10607,10730,11522,123,792,2,36000,1.1553030303
10609,10737,11745,128,1008,2,36000,1.12698412698
10624,10743,11512,119,769,2,36000,1.15474642393
10625,10753,11960,128,1207,2,36000,1.10604805302
10642,10760,11875,118,1115,2,36000,1.10582959641
10658,10765,11659,107,894,2,36000,1.11968680089
10659,10772,11850,113,1078,2,36000,1.10482374768
10661,10791,11683,130,892,2,36000,1.14573991031
10677,10799,11834,122,1035,2,36000,1.11787439614
10678,10811,11730,133,919,2,36000,1.14472252448
10694,10842,11930,148,1088,2,36000,1.13602941176
10696,10853,11726,157,873,2,36000,1.17983963345
10711,10860,12052,149,1192,2,36000,1.125
10713,10872,11720,159,848,2,36000,1.1875
10729,10878,11987,149,1109,2,36000,1.13435527502
10730,10887,11700,157,813,2,36000,1.19311193112
10748,10892,11765,144,873,2,36000,1.16494845361
10750,10899,11716,149,817,2,36000,1.182374541
10751,10904,11950,153,1046,2,36000,1.14627151052
10752,10916,11686,164,770,2,36000,1.21298701299
10768,10923,11748,155,825,2,36000,1.18787878788
10783,10939,11767,156,828,2,36000,1.1884057971
10799,10949,11843,150,894,2,36000,1.1677852349
10800,10961,12119,161,1158,2,36000,1.1390328152
10832,10968,11836,136,868,2,36000,1.15668202765
10849,10973,11825,124,852,2,36000,1.1455399061
10850,10980,11824,130,844,2,36000,1.15402843602
10866,10999,12087,133,1088,2,36000,1.12224264706
10867,11006,11799,139,793,2,36000,1.17528373266
10883,11025,11776,142,751,2,36000,1.18908122503
10885,11031,12001,146,970,2,36000,1.15051546392
10886,11039,12088,153,1049,2,36000,1.14585319352
10902,11046,12203,144,1157,2,36000,1.12445980985
10918,11053,12107,135,1054,2,36000,1.12808349146
10919,11058,12162,139,1104,2,36000,1.1259057971
10934,11065,11827,131,762,2,36000,1.1719160105
10950,11070,12172,120,1102,2,36000,1.10889292196
10952,11078,11832,126,754,2,36000,1.16710875332
10968,11088,11909,120,821,2,36000,1.14616321559
10969,11100,12315,131,1215,2,36000,1.10781893004
10971,11133,11957,162,824,2,36000,1.19660194175
10989,11140,12247,151,1107,2,36000,1.13640469738
11004,11148,11973,144,825,2,36000,1.17454545455
11020,11164,12267,144,1103,2,36000,1.13055303717
11022,11171,12171,149,1000,2,36000,1.149
11038,11177,12138,139,961,2,36000,1.14464099896
11039,11183,12290,144,1107,2,36000,1.13008130081
11056,11194,12100,138,906,2,36000,1.15231788079
11058,11217,11930,159,713,2,36000,1.22300140252
11059,11224,12114,165,890,2,36000,1.18539325843
11060,11230,12183,170,953,2,36000,1.17838405037
11077,11257,12386,180,1129,2,36000,1.15943312666
11079,11267,12030,188,763,2,36000,1.24639580603
11095,11273,12134,178,861,2,36000,1.20673635308
11124,11279,12127,155,848,2,36000,1.18278301887
11125,11288,12161,163,873,2,36000,1.18671248568
11140,11309,12140,169,831,2,36000,1.20336943442
11157,11376,12512,219,1136,2,36000,1.19278169014
11158,11385,12489,227,1104,2,36000,1.20561594203
11159,11397,12206,238,809,2,36000,1.29419035847
11176,11404,12444,228,1040,2,36000,1.21923076923
11191,11421,12254,230,833,2,36000,1.27611044418
11207,11435,12240,228,805,2,36000,1.28322981366
11208,11444,12574,236,1130,2,36000,1.20884955752
11224,11451,12361,227,910,2,36000,1.24945054945
11248,11457,12432,209,975,2,36000,1.21435897436
11265,11464,12695,199,1231,2,36000,1.16165718928
11266,11470,12375,204,905,2,36000,1.22541436464
11267,11475,12624,208,1149,2,36000,1.18102697998
11283,11482,12349,199,867,2,36000,1.22952710496
11299,11487,12430,188,943,2,36000,1.19936373277
11364,11494,12468,130,974,2,36000,1.13347022587
11379,11500,12428,121,928,2,36000,1.13038793103
11395,11523,12372,128,849,2,36000,1.1507656066
11396,11533,12580,137,1047,2,36000,1.13085004776
11412,11540,12529,128,989,2,36000,1.12942366026
11428,11547,12392,119,845,2,36000,1.14082840237
11444,11567,12679,123,1112,2,36000,1.11061151079
11445,11573,12354,128,781,2,36000,1.16389244558
11446,11580,12434,134,854,2,36000,1.15690866511
11463,11586,12530,123,944,2,36000,1.13029661017
11465,11592,12738,127,1146,2,36000,1.11082024433
11466,11599,12459,133,860,2,36000,1.15465116279
11467,11605,12678,138,1073,2,36000,1.12861136999
11469,11622,12550,153,928,2,36000,1.16487068966
11485,11630,12938,145,1308,2,36000,1.11085626911
11486,11640,12582,154,942,2,36000,1.16348195329
11514,11658,12616,144,958,2,36000,1.1503131524
11531,11665,12768,134,1103,2,36000,1.12148685403
11533,11672,12622,139,950,2,36000,1.14631578947
11534,11678,12752,144,1074,2,36000,1.13407821229
11559,11683,12774,124,1091,2,36000,1.11365719523
11560,11689,12668,129,979,2,36000,1.1317671093
11576,11695,12694,119,999,2,36000,1.11911911912
11578,11701,12619,123,918,2,36000,1.1339869281
11594,11712,12422,118,710,2,36000,1.1661971831
11595,11728,12886,133,1158,2,36000,1.11485319516
11597,11735,12534,138,799,2,36000,1.17271589487
11612,11742,12807,130,1065,2,36000,1.1220657277
11627,11748,12821,121,1073,2,36000,1.11276794035
11629,11753,12626,124,873,2,36000,1.14203894616
11648,11759,12762,111,1003,2,36000,1.11066799601
11664,11764,12948,100,1184,2,36000,1.08445945946
11665,11771,12557,106,786,2,36000,1.13486005089
11667,11777,12610,110,833,2,36000,1.13205282113
11668,11782,12686,114,904,2,36000,1.12610619469
11683,11788,12737,105,949,2,36000,1.11064278188
11685,11794,12661,109,867,2,36000,1.12572087659
11700,11800,12656,100,856,2,36000,1.11682242991
11702,11810,12881,108,1071,2,36000,1.10084033613
11718,11818,12655,100,837,2,36000,1.11947431302
11735,11835,12677,100,842,2,36000,1.11876484561
11737,11842,13077,105,1235,2,36000,1.08502024291
11738,11847,12910,109,1063,2,36000,1.10253998119
11739,11854,12635,115,781,2,36000,1.14724711908
11756,11860,13009,104,1149,2,36000,1.09051348999
11757,11865,12777,108,912,2,36000,1.11842105263
11777,11870,13007,93,1137,2,36000,1.08179419525
11778,11875,12982,97,1107,2,36000,1.08762420958
11779,11882,13052,103,1170,2,36000,1.08803418803
11781,11888,12689,107,801,2,36000,1.13358302122
11782,11920,12741,138,821,2,36000,1.16808769793
11783,11941,13106,158,1165,2,36000,1.1356223176
11799,11948,12915,149,967,2,36000,1.15408479835
11814,11961,12724,147,763,2,36000,1.19266055046
11830,11968,13139,138,1171,2,36000,1.11784799317
11831,11975,12809,144,834,2,36000,1.1726618705
11833,11984,12876,151,892,2,36000,1.16928251121
11850,11999,13064,149,1065,2,36000,1.13990610329
11852,12012,12871,160,859,2,36000,1.18626309662
11853,12041,12833,188,792,2,36000,1.23737373737
11854,12063,12873,209,810,2,36000,1.25802469136
11855,12098,13074,243,976,2,36000,1.24897540984
11857,12105,13063,248,958,2,36000,1.25887265136
11876,12111,13008,235,897,2,36000,1.26198439242
11911,12118,13144,207,1026,2,36000,1.20175438596
11933,12126,13268,193,1142,2,36000,1.16900175131
11935,12133,13213,198,1080,2,36000,1.18333333333
11953,12140,13243,187,1103,2,36000,1.16953762466
11970,12147,13285,177,1138,2,36000,1.15553602812
11971,12154,13250,183,1096,2,36000,1.16697080292
11987,12159,13158,172,999,2,36000,1.17217217217
11988,12172,13096,184,924,2,36000,1.19913419913
12003,12179,13415,176,1236,2,36000,1.14239482201
12031,12186,13079,155,893,2,36000,1.17357222844
12053,12191,13279,138,1088,2,36000,1.12683823529
12088,12197,13385,109,1188,2,36000,1.09175084175
12090,12214,13050,124,836,2,36000,1.14832535885
12106,12221,13235,115,1014,2,36000,1.1134122288
12122,12252,13110,130,858,2,36000,1.15151515152
12124,12259,13262,135,1003,2,36000,1.13459621137
12125,12266,13129,141,863,2,36000,1.16338354577
12141,12279,13398,138,1119,2,36000,1.12332439678
12143,12301,13424,158,1123,2,36000,1.14069456812
12144,12326,13444,182,1118,2,36000,1.16279069767
12145,12360,13494,215,1134,2,36000,1.18959435626
12162,12367,13345,205,978,2,36000,1.20961145194
12163,12374,13466,211,1092,2,36000,1.19322344322
12180,12383,13525,203,1142,2,36000,1.17775831874
12181,12390,13248,209,858,2,36000,1.24358974359
12196,12397,13221,201,824,2,36000,1.24393203883
12212,12403,13563,191,1160,2,36000,1.16465517241
12214,12433,13573,219,1140,2,36000,1.19210526316
12242,12440,13272,198,832,2,36000,1.23798076923
12257,12447,13228,190,781,2,36000,1.24327784891
12259,12452,13202,193,750,2,36000,1.25733333333
12274,12458,13358,184,900,2,36000,1.20444444444
12292,12465,13676,173,1211,2,36000,1.14285714286
12317,12472,13393,155,921,2,36000,1.16829533116
12352,12479,13609,127,1130,2,36000,1.11238938053
12367,12500,13579,133,1079,2,36000,1.12326227989
12369,12526,13859,157,1333,2,36000,1.11777944486
12385,12540,13475,155,935,2,36000,1.16577540107
12386,12546,13852,160,1306,2,36000,1.12251148545
12402,12551,13375,149,824,2,36000,1.18082524272
12403,12561,13695,158,1134,2,36000,1.139329806
12422,12568,13671,146,1103,2,36000,1.1323662738
12439,12586,13586,147,1000,2,36000,1.147
12440,12593,13453,153,860,2,36000,1.17790697674
12442,12598,13456,156,858,2,36000,1.18181818182
12443,12622,13377,179,755,2,36000,1.23708609272
12460,12628,13819,168,1191,2,36000,1.14105793451
12461,12634,13373,173,739,2,36000,1.23410013532
12476,12639,13763,163,1124,2,36000,1.14501779359
12492,12647,13752,155,1105,2,36000,1.14027149321
12513,12652,13641,139,989,2,36000,1.14054600607
12533,12658,13412,125,754,2,36000,1.16578249337
12535,12666,13666,131,1000,2,36000,1.131
12551,12673,13434,122,761,2,36000,1.16031537451
12553,12678,13592,125,914,2,36000,1.13676148796
12568,12685,13718,117,1033,2,36000,1.11326234269
12584,12692,13739,108,1047,2,36000,1.10315186246
12585,12698,13922,113,1224,2,36000,1.09232026144
12586,12703,13647,117,944,2,36000,1.12394067797
12613,12710,13651,97,941,2,36000,1.10308182784
12629,12715,13722,86,1007,2,36000,1.08540218471
12631,12720,13784,89,1064,2,36000,1.08364661654
12632,12725,13838,93,1113,2,36000,1.08355795148
12633,12735,13856,102,1121,2,36000,1.09099018733
12635,12748,13881,113,1133,2,36000,1.09973521624
12650,12755,13754,105,999,2,36000,1.10510510511
12669,12760,13578,91,818,2,36000,1.11124694377
12670,12767,13867,97,1100,2,36000,1.08818181818
12672,12773,13667,101,894,2,36000,1.1129753915
12673,12779,13662,106,883,2,36000,1.12004530011
12695,12786,13846,91,1060,2,36000,1.0858490566
12696,12792,13780,96,988,2,36000,1.0971659919
12697,12818,13704,121,886,2,36000,1.13656884876
12698,12825,13884,127,1059,2,36000,1.11992445703
12700,12832,13899,132,1067,2,36000,1.12371134021
12701,12844,13776,143,932,2,36000,1.15343347639
12702,12882,13602,180,720,2,36000,1.25
12726,12889,13773,163,884,2,36000,1.18438914027
12742,12895,13882,153,987,2,36000,1.15501519757
12744,12901,13929,157,1028,2,36000,1.15272373541
12745,12906,14054,161,1148,2,36000,1.14024390244
12761,12921,13919,160,998,2,36000,1.16032064128
12777,12927,14056,150,1129,2,36000,1.13286093888
12779,12950,14127,171,1177,2,36000,1.14528462192
12780,12959,13961,179,1002,2,36000,1.17864271457
12781,12993,13841,212,848,2,36000,1.25
12810,13018,14134,208,1116,2,36000,1.18637992832
12811,13024,13870,213,846,2,36000,1.25177304965
12827,13030,13900,203,870,2,36000,1.23333333333
12843,13062,14235,219,1173,2,36000,1.18670076726
12875,13068,14087,193,1019,2,36000,1.1894013739
12877,13075,14162,198,1087,2,36000,1.18215271389
12878,13080,14213,202,1133,2,36000,1.17828773169
12894,13087,13980,193,893,2,36000,1.21612541993
12895,13094,13960,199,866,2,36000,1.22979214781
12911,13099,14072,188,973,2,36000,1.19321685509
12927,13108,14205,181,1097,2,36000,1.16499544211
12942,13117,14186,175,1069,2,36000,1.16370439663
12958,13124,14045,166,921,2,36000,1.18023887079
12983,13140,14211,157,1071,2,36000,1.14659197012
13007,13150,14228,143,1078,2,36000,1.13265306122
13009,13157,14242,148,1085,2,36000,1.13640552995
13024,13169,13973,145,804,2,36000,1.18034825871
13056,13214,14144,158,930,2,36000,1.16989247312
13057,13224,14258,167,1034,2,36000,1.16150870406
13074,13233,14148,159,915,2,36000,1.1737704918
13075,13240,14024,165,784,2,36000,1.21045918367
13076,13247,14205,171,958,2,36000,1.17849686848
13092,13255,14476,163,1221,2,36000,1.1334971335
13094,13262,14101,168,839,2,36000,1.20023837902
13110,13268,14061,158,793,2,36000,1.19924337957
13111,13274,14251,163,977,2,36000,1.16683725691
13113,13281,14255,168,974,2,36000,1.17248459959
13122,18801,18964,5679,163,1,3600,35.8404907975
13131,13288,14327,157,1039,2,36000,1.15110683349
13147,13296,14008,149,712,2,36000,1.20926966292
13149,13302,14045,153,743,2,36000,1.20592193809
13164,13356,14139,192,783,2,36000,1.24521072797
13205,13370,14490,165,1120,2,36000,1.14732142857
13221,13384,14500,163,1116,2,36000,1.14605734767
13222,13391,14532,169,1141,2,36000,1.14811568799
13238,13396,14496,158,1100,2,36000,1.14363636364
13240,13403,14542,163,1139,2,36000,1.14310798946
13255,13410,14531,155,1121,2,36000,1.13826940232
13257,13415,14326,158,911,2,36000,1.17343578485
13258,13424,14259,166,835,2,36000,1.19880239521
13274,13431,14471,157,1040,2,36000,1.15096153846
13276,13438,14328,162,890,2,36000,1.18202247191
13277,13445,14564,168,1119,2,36000,1.15013404826
13293,13455,14453,162,998,2,36000,1.1623246493
13295,13464,14417,169,953,2,36000,1.17733473242
13346,13471,14625,125,1154,2,36000,1.10831889081
13362,13478,14512,116,1034,2,36000,1.11218568665
13378,13486,14356,108,870,2,36000,1.12413793103
13379,13505,14546,126,1041,2,36000,1.12103746398
13380,13536,14645,156,1109,2,36000,1.14066726781
13397,13574,14685,177,1111,2,36000,1.15931593159
13398,13585,14669,187,1084,2,36000,1.17250922509
13414,13592,14708,178,1116,2,36000,1.15949820789
13415,13598,14700,183,1102,2,36000,1.16606170599
13431,13604,14707,173,1103,2,36000,1.15684496827
13432,13609,14636,177,1027,2,36000,1.1723466407
13449,13616,14650,167,1034,2,36000,1.16150870406
13451,13622,14782,171,1160,2,36000,1.1474137931
13467,13652,14512,185,860,2,36000,1.21511627907
13468,13659,14798,191,1139,2,36000,1.16769095698
13470,13666,14508,196,842,2,36000,1.23277909739
13485,13674,14666,189,992,2,36000,1.19052419355
13500,13681,14538,181,857,2,36000,1.21120186698
13526,13686,14638,160,952,2,36000,1.16806722689
13566,13693,14604,127,911,2,36000,1.13940724479
13582,13699,14543,117,844,2,36000,1.13862559242
13584,13706,14663,122,957,2,36000,1.12748171369
13585,13715,14548,130,833,2,36000,1.15606242497
13601,13730,14922,129,1192,2,36000,1.10822147651
13602,13737,14802,135,1065,2,36000,1.12676056338
13603,13750,14598,147,848,2,36000,1.1733490566
13619,13763,14664,144,901,2,36000,1.15982241953
13641,13770,14518,129,748,2,36000,1.17245989305
13657,13777,14852,120,1075,2,36000,1.11162790698
13658,13784,14655,126,871,2,36000,1.14466130884
13675,13790,14777,115,987,2,36000,1.11651469098
13676,13797,14772,121,975,2,36000,1.1241025641
13678,13802,15015,124,1213,2,36000,1.10222588623
13679,13831,14658,152,827,2,36000,1.18379685611
13680,13850,14821,170,971,2,36000,1.17507723996
13696,13857,14668,161,811,2,36000,1.19852034525
13711,13862,14996,151,1134,2,36000,1.13315696649
13727,13868,15034,141,1166,2,36000,1.12092624357
13728,13873,14864,145,991,2,36000,1.14631685166
13744,13880,14880,136,1000,2,36000,1.136
13760,13885,14758,125,873,2,36000,1.14318442153
13761,13892,14787,131,895,2,36000,1.14636871508
13778,13897,14896,119,999,2,36000,1.11911911912
13779,13904,14843,125,939,2,36000,1.13312034079
13780,13909,14963,129,1054,2,36000,1.12239089184
13796,13916,15103,120,1187,2,36000,1.10109519798
13797,13922,14795,125,873,2,36000,1.14318442153
13823,13930,15031,107,1101,2,36000,1.09718437784
13850,13937,14629,87,692,2,36000,1.12572254335
13852,13944,14875,92,931,2,36000,1.09881847476
13854,13971,14722,117,751,2,36000,1.15579227696
13871,13977,14891,106,914,2,36000,1.11597374179
13872,13985,15126,113,1141,2,36000,1.09903593339
13873,13992,15013,119,1021,2,36000,1.11655239961
13875,14019,14929,144,910,2,36000,1.15824175824
13876,14036,14861,160,825,2,36000,1.19393939394
13894,14056,15075,162,1019,2,36000,1.15897939156
13895,14061,14926,166,865,2,36000,1.19190751445
13896,14068,14881,172,813,2,36000,1.21156211562
13912,14073,15030,161,957,2,36000,1.16823406479
13913,14080,14947,167,867,2,36000,1.19261822376
13929,14087,15156,158,1069,2,36000,1.14780168382
13930,14098,15286,168,1188,2,36000,1.14141414141
13932,14113,15017,181,904,2,36000,1.20022123894
13963,14139,15215,176,1076,2,36000,1.16356877323
13965,14146,15065,181,919,2,36000,1.19695321001
13981,14153,15017,172,864,2,36000,1.19907407407
13982,14159,14940,177,781,2,36000,1.22663252241
14010,14164,15191,154,1027,2,36000,1.14995131451
14026,14173,14948,147,775,2,36000,1.18967741935
14049,14197,15418,148,1221,2,36000,1.12121212121
14050,14217,15150,167,933,2,36000,1.17899249732
14066,14222,15007,156,785,2,36000,1.19872611465
14067,14228,15557,161,1329,2,36000,1.12114371708
14069,14233,15396,164,1163,2,36000,1.14101461737
14084,14240,15343,156,1103,2,36000,1.14143245694
14099,14247,15368,148,1121,2,36000,1.1320249777
14115,14254,15054,139,800,2,36000,1.17375
14130,14262,15190,132,928,2,36000,1.14224137931
14147,14269,15114,122,845,2,36000,1.14437869822
14148,14274,15062,126,788,2,36000,1.15989847716
14150,14281,15302,131,1021,2,36000,1.12830558276
14151,14338,15350,187,1012,2,36000,1.1847826087
14167,14343,15354,176,1011,2,36000,1.17408506429
14189,14350,15296,161,946,2,36000,1.17019027484
14207,14367,15476,160,1109,2,36000,1.14427412083
14209,14428,15512,219,1084,2,36000,1.2020295203
14225,14465,15335,240,870,2,36000,1.27586206897
14227,14482,15579,255,1097,2,36000,1.23245214221
14243,14489,15345,246,856,2,36000,1.28738317757
14244,14502,15416,258,914,2,36000,1.28227571116
14246,14509,15630,263,1121,2,36000,1.23461195361
14262,14516,15501,254,985,2,36000,1.2578680203
14263,14523,15684,260,1161,2,36000,1.22394487511
14265,14528,15645,263,1117,2,36000,1.23545210385
14266,14535,15673,269,1138,2,36000,1.23637961336
14328,14540,15579,212,1039,2,36000,1.20404234841
14330,14547,15306,217,759,2,36000,1.28590250329
14331,14553,15707,222,1154,2,36000,1.19237435009
14359,14559,15653,200,1094,2,36000,1.18281535649
14419,14565,15492,146,927,2,36000,1.15749730313
14456,14570,15510,114,940,2,36000,1.12127659574
14472,14575,15448,103,873,2,36000,1.11798396334
14488,14580,15680,92,1100,2,36000,1.08363636364
14505,14586,15520,81,934,2,36000,1.08672376874
14506,14591,15590,85,999,2,36000,1.08508508509
14507,14596,15381,89,785,2,36000,1.11337579618
14526,14601,15621,75,1020,2,36000,1.07352941176
14527,14608,15617,81,1009,2,36000,1.08027750248
14529,14615,15615,86,1000,2,36000,1.086
14530,14620,15664,90,1044,2,36000,1.08620689655
14547,14636,15507,89,871,2,36000,1.10218140069
14549,14643,15654,94,1011,2,36000,1.09297725025
14550,14650,15790,100,1140,2,36000,1.08771929825
14551,14655,15725,104,1070,2,36000,1.09719626168
14553,14662,15679,109,1017,2,36000,1.10717797443
14554,14667,15800,113,1133,2,36000,1.09973521624
14570,14674,15761,104,1087,2,36000,1.09567617295
14572,14679,15738,107,1059,2,36000,1.10103871577
14599,14685,15671,86,986,2,36000,1.08722109533
14615,14691,15568,76,877,2,36000,1.08665906499
14630,14697,15560,67,863,2,36000,1.07763615295
14632,14702,15437,70,735,2,36000,1.09523809524
14648,14707,15759,59,1052,2,36000,1.05608365019
14650,14714,15825,64,1111,2,36000,1.05760576058
14651,14720,15781,69,1061,2,36000,1.06503298775
14668,14726,15832,58,1106,2,36000,1.05244122966
14669,14731,15689,62,958,2,36000,1.06471816284
14670,14738,15771,68,1033,2,36000,1.06582768635
14672,14770,15951,98,1181,2,36000,1.08298052498
14673,14784,15579,111,795,2,36000,1.13962264151
14674,14791,15870,117,1079,2,36000,1.10843373494
14675,14797,16077,122,1280,2,36000,1.0953125
14693,14803,15974,110,1171,2,36000,1.09393680615
14694,14809,15770,115,961,2,36000,1.11966701353
14711,14815,15835,104,1020,2,36000,1.10196078431
14712,14821,15998,109,1177,2,36000,1.09260832625
14713,14832,15885,119,1053,2,36000,1.11301044634
14729,14855,15872,126,1017,2,36000,1.12389380531
14760,14863,15899,103,1036,2,36000,1.09942084942
14776,14872,15927,96,1055,2,36000,1.09099526066
14793,14879,15681,86,802,2,36000,1.1072319202
14794,14886,16039,92,1153,2,36000,1.07979184735
14795,14892,15742,97,850,2,36000,1.11411764706
14812,14898,15756,86,858,2,36000,1.10023310023
14813,14904,15781,91,877,2,36000,1.10376282782
14815,14910,15921,95,1011,2,36000,1.09396636993
14831,14933,15969,102,1036,2,36000,1.09845559846
14846,14940,15871,94,931,2,36000,1.10096670247
14862,14945,15826,83,881,2,36000,1.09421112372
14864,14952,15836,88,884,2,36000,1.09954751131
14881,14959,15857,78,898,2,36000,1.0868596882
14883,14964,15934,81,970,2,36000,1.08350515464
14884,14974,15747,90,773,2,36000,1.11642949547
14902,15007,15977,105,970,2,36000,1.10824742268
14904,15018,16036,114,1018,2,36000,1.11198428291
14905,15025,16018,120,993,2,36000,1.12084592145
14925,15031,16000,106,969,2,36000,1.10939112487
14941,15036,15836,95,800,2,36000,1.11875
14943,15042,15951,99,909,2,36000,1.10891089109
14944,15048,16127,104,1079,2,36000,1.09638554217
14960,15054,16085,94,1031,2,36000,1.09117361785
14961,15059,16314,98,1255,2,36000,1.0780876494
14977,15065,16054,88,989,2,36000,1.08897876643
14999,15073,16050,74,977,2,36000,1.07574206755
15016,15080,15856,64,776,2,36000,1.0824742268
15018,15087,16092,69,1005,2,36000,1.06865671642
15019,15115,15987,96,872,2,36000,1.11009174312
15020,15125,16189,105,1064,2,36000,1.09868421053
15021,15137,16039,116,902,2,36000,1.12860310421
15038,15161,16109,123,948,2,36000,1.12974683544
15039,15168,16148,129,980,2,36000,1.13163265306
15041,15202,16373,161,1171,2,36000,1.13748932536
15057,15208,16113,151,905,2,36000,1.16685082873
15072,15226,16258,154,1032,2,36000,1.1492248062
15073,15297,16351,224,1054,2,36000,1.21252371917
15089,15307,16228,218,921,2,36000,1.23669923996
15105,15313,16489,208,1176,2,36000,1.1768707483
15120,15320,16333,200,1013,2,36000,1.19743336624
15136,15347,16554,211,1207,2,36000,1.17481358741
15151,15354,16494,203,1140,2,36000,1.17807017544
15166,15360,16190,194,830,2,36000,1.23373493976
15191,15366,16440,175,1074,2,36000,1.16294227188
15193,15372,16192,179,820,2,36000,1.21829268293
15215,15379,16126,164,747,2,36000,1.21954484605
15289,15393,16352,104,959,2,36000,1.10844629823
15304,15407,16317,103,910,2,36000,1.11318681319
15306,15427,16443,121,1016,2,36000,1.11909448819
15322,15434,16548,112,1114,2,36000,1.10053859964
15337,15448,16480,111,1032,2,36000,1.10755813953
15353,15459,16387,106,928,2,36000,1.11422413793
15355,15487,16670,132,1183,2,36000,1.11158072697
15356,15503,16473,147,970,2,36000,1.15154639175
15357,15513,16652,156,1139,2,36000,1.13696224759
15373,15520,16534,147,1014,2,36000,1.1449704142
15390,15527,16434,137,907,2,36000,1.15104740904
15405,15532,16397,127,865,2,36000,1.14682080925
15421,15539,16446,118,907,2,36000,1.13009922822
15423,15568,16669,145,1101,2,36000,1.13169845595
15438,15575,16621,137,1046,2,36000,1.1309751434
15453,15581,16447,128,866,2,36000,1.14780600462
15478,15590,16443,112,853,2,36000,1.13130128957
15494,15595,16363,101,768,2,36000,1.13151041667
15511,15602,16614,91,1012,2,36000,1.08992094862
15512,15609,16516,97,907,2,36000,1.10694597574
15513,15626,16714,113,1088,2,36000,1.10386029412
15529,15633,16494,104,861,2,36000,1.12078977933
15531,15638,16635,107,997,2,36000,1.1073219659
15558,15645,16718,87,1073,2,36000,1.08108108108
15574,15656,16822,82,1166,2,36000,1.07032590051
15575,15665,16743,90,1078,2,36000,1.08348794063
15598,15670,16612,72,942,2,36000,1.07643312102
15599,15676,16619,77,943,2,36000,1.0816542948
15601,15683,16694,82,1011,2,36000,1.08110781405
15602,15690,16754,88,1064,2,36000,1.08270676692
15618,15696,16638,78,942,2,36000,1.08280254777
15620,15702,16579,82,877,2,36000,1.09350057013
15635,15707,16605,72,898,2,36000,1.08017817372
15636,15713,16441,77,728,2,36000,1.10576923077
15652,15718,16821,66,1103,2,36000,1.0598368087
15654,15725,16564,71,839,2,36000,1.08462455304
15655,15736,16716,81,980,2,36000,1.08265306122
15671,15749,16750,78,1001,2,36000,1.07792207792
15673,15756,16770,83,1014,2,36000,1.08185404339
15690,15763,16628,73,865,2,36000,1.08439306358
15691,15770,16496,79,726,2,36000,1.108815427
15692,15775,16712,83,937,2,36000,1.08858057631
15694,15782,17005,88,1223,2,36000,1.07195421096
15695,15788,16909,93,1121,2,36000,1.08296164139
15696,15793,16801,97,1008,2,36000,1.09623015873
15712,15799,16853,87,1054,2,36000,1.0825426945
15728,15804,16493,76,689,2,36000,1.11030478955
15744,15811,16673,67,862,2,36000,1.0777262181
15745,15817,16750,72,933,2,36000,1.07717041801
15762,15836,16601,74,765,2,36000,1.09673202614
15763,15843,16713,80,870,2,36000,1.09195402299
15764,15848,16714,84,866,2,36000,1.09699769053
15766,15855,16679,89,824,2,36000,1.10800970874
15783,15860,16966,77,1106,2,36000,1.06962025316
15784,15865,16707,81,842,2,36000,1.09619952494
15785,15872,16648,87,776,2,36000,1.11211340206
15787,15877,16666,90,789,2,36000,1.11406844106
15803,15884,17011,81,1127,2,36000,1.07187222715
15805,15889,16608,84,719,2,36000,1.11682892907
15827,15895,16953,68,1058,2,36000,1.06427221172
15828,15901,16637,73,736,2,36000,1.09918478261
15845,15911,17021,66,1110,2,36000,1.05945945946
15847,15933,17122,86,1189,2,36000,1.07232968881
15848,15939,16823,91,884,2,36000,1.10294117647
15849,15946,16989,97,1043,2,36000,1.09300095877
15865,15962,16886,97,924,2,36000,1.10497835498
15866,15967,16878,101,911,2,36000,1.11086717892
15882,15981,17519,99,1538,2,36000,1.06436931079
15884,15988,17121,104,1133,2,36000,1.09179170344
15885,15993,16723,108,730,2,36000,1.14794520548
15901,16000,16850,99,850,2,36000,1.11647058824
15902,16009,17115,107,1106,2,36000,1.09674502712
15925,16016,17220,91,1204,2,36000,1.07558139535
15940,16029,17090,89,1061,2,36000,1.08388312912
15942,16047,17151,105,1104,2,36000,1.09510869565
15960,16053,16987,93,934,2,36000,1.09957173448
15962,16059,16872,97,813,2,36000,1.11931119311
15978,16065,16925,87,860,2,36000,1.1011627907
15979,16070,17004,91,934,2,36000,1.09743040685
15981,16088,17189,107,1101,2,36000,1.09718437784
15996,16096,17109,100,1013,2,36000,1.09871668312
16013,16103,17113,90,1010,2,36000,1.08910891089
16014,16120,17072,106,952,2,36000,1.11134453782
16030,16127,17201,97,1074,2,36000,1.09031657356
16046,16137,17238,91,1101,2,36000,1.08265213442
16047,16144,17373,97,1229,2,36000,1.07892595606
16049,16159,16955,110,796,2,36000,1.13819095477
16065,16200,17060,135,860,2,36000,1.15697674419
16066,16207,17022,141,815,2,36000,1.17300613497
16082,16213,17248,131,1035,2,36000,1.12657004831
16097,16239,17105,142,866,2,36000,1.16397228637
16099,16269,17402,170,1133,2,36000,1.15004413063
16114,16325,17104,211,779,2,36000,1.27086007702
16115,16332,17158,217,826,2,36000,1.26271186441
16131,16344,17385,213,1041,2,36000,1.20461095101
16133,16362,17391,229,1029,2,36000,1.22254616132
16148,16368,17233,220,865,2,36000,1.25433526012
16193,16375,17464,182,1089,2,36000,1.16712580349
16194,16384,17467,190,1083,2,36000,1.17543859649
16195,16398,17499,203,1101,2,36000,1.18437783833
16231,16408,17466,177,1058,2,36000,1.16729678639
16259,16445,17480,186,1035,2,36000,1.17971014493
16316,16451,17199,135,748,2,36000,1.18048128342
16331,16459,17644,128,1185,2,36000,1.10801687764
16347,16464,17564,117,1100,2,36000,1.10636363636
16363,16469,17379,106,910,2,36000,1.11648351648
16365,16474,17277,109,803,2,36000,1.13574097136
16366,16479,17240,113,761,2,36000,1.14848883049
16382,16486,17531,104,1045,2,36000,1.0995215311
16397,16492,17619,95,1127,2,36000,1.0842945874
16399,16500,17395,101,895,2,36000,1.11284916201
16438,16506,17311,68,805,2,36000,1.08447204969
16456,16512,17528,56,1016,2,36000,1.05511811024
16457,16517,17591,60,1074,2,36000,1.05586592179
16459,16524,17300,65,776,2,36000,1.0837628866
16460,16531,17614,71,1083,2,36000,1.06555863343
16461,16545,17581,84,1036,2,36000,1.08108108108
16463,16559,17729,96,1170,2,36000,1.08205128205
16479,16566,17441,87,875,2,36000,1.09942857143
16496,16575,17466,79,891,2,36000,1.088664422
16498,16590,17299,92,709,2,36000,1.12976022567
16499,16613,17453,114,840,2,36000,1.13571428571
16500,16620,17720,120,1100,2,36000,1.10909090909
16501,16626,17415,125,789,2,36000,1.15842839037
16503,16632,17601,129,969,2,36000,1.13312693498
16521,16637,18638,116,2001,2,36000,1.05797101449
16528,18806,18923,2278,117,1,1800,20.4700854701
16537,16643,17783,106,1140,2,36000,1.09298245614
16553,16648,17427,95,779,2,36000,1.12195121951
16569,16654,17681,85,1027,2,36000,1.08276533593
16571,16660,17435,89,775,2,36000,1.11483870968
16586,16665,17472,79,807,2,36000,1.09789343247
16601,16670,17474,69,804,2,36000,1.08582089552
16618,16677,17763,59,1086,2,36000,1.05432780847
16620,16683,17446,63,763,2,36000,1.08256880734
16621,16689,17725,68,1036,2,36000,1.06563706564
16622,16694,17546,72,852,2,36000,1.08450704225
16623,16700,17505,77,805,2,36000,1.09565217391
16641,16705,17921,64,1216,2,36000,1.05263157895
16643,16712,17801,69,1089,2,36000,1.06336088154
16644,16718,17742,74,1024,2,36000,1.072265625
16645,16724,17663,79,939,2,36000,1.08413205538
16647,16730,17703,83,973,2,36000,1.08530318602
16663,16735,17514,72,779,2,36000,1.09242618742
16665,16743,17470,78,727,2,36000,1.10729023384
16681,16748,17933,67,1185,2,36000,1.05654008439
16683,16753,17615,70,862,2,36000,1.08120649652
16684,16758,17696,74,938,2,36000,1.078891258
16685,16763,17634,78,871,2,36000,1.08955223881
16687,16770,17638,83,868,2,36000,1.09562211982
16703,16775,17719,72,944,2,36000,1.07627118644
16722,16781,18045,59,1264,2,36000,1.04667721519
16723,16786,17792,63,1006,2,36000,1.06262425447
16725,16793,17644,68,851,2,36000,1.07990599295
16726,16812,17827,86,1015,2,36000,1.08472906404
16727,16833,17878,106,1045,2,36000,1.1014354067
16729,16838,17577,109,739,2,36000,1.14749661705
16730,16844,17771,114,927,2,36000,1.12297734628
16731,16861,17788,130,927,2,36000,1.1402373247
16748,16868,18573,120,1705,2,36000,1.07038123167
16764,16884,17589,120,705,2,36000,1.17021276596
16765,16891,18009,126,1118,2,36000,1.11270125224
16767,16898,17839,131,941,2,36000,1.13921360255
16784,16920,18189,136,1269,2,36000,1.10717100079
16802,16936,17825,134,889,2,36000,1.15073115861
16825,16965,17759,140,794,2,36000,1.17632241814
16826,16972,18129,146,1157,2,36000,1.12618841832
16827,16979,17871,152,892,2,36000,1.17040358744
16853,16998,17992,145,994,2,36000,1.14587525151
16854,17005,18124,151,1119,2,36000,1.13494191242
16875,17015,18013,140,998,2,36000,1.14028056112
16890,17022,17823,132,801,2,36000,1.16479400749
16892,17027,18070,135,1043,2,36000,1.12943432407
16910,17034,18095,124,1061,2,36000,1.11687087653
16926,17040,18230,114,1190,2,36000,1.09579831933
16954,17071,17847,117,776,2,36000,1.15077319588
16970,17083,18180,113,1097,2,36000,1.10300820419
16971,17101,18057,130,956,2,36000,1.1359832636
16987,17115,18094,128,979,2,36000,1.13074565884
17003,17122,17805,119,683,2,36000,1.17423133236
17019,17128,18018,109,890,2,36000,1.12247191011
17020,17134,18410,114,1276,2,36000,1.08934169279
17021,17140,18136,119,996,2,36000,1.11947791165
17037,17145,17973,108,828,2,36000,1.13043478261
17039,17150,18069,111,919,2,36000,1.12078346028
17057,17163,18175,106,1012,2,36000,1.104743083
17073,17169,18110,96,941,2,36000,1.10201912859
17091,17200,18308,109,1108,2,36000,1.09837545126
17108,17210,18225,102,1015,2,36000,1.10049261084
17109,17217,18050,108,833,2,36000,1.12965186074
17126,17232,18369,106,1137,2,36000,1.09322779244
17127,17244,18216,117,972,2,36000,1.12037037037
17128,17251,18123,123,872,2,36000,1.14105504587
17130,17256,18350,126,1094,2,36000,1.11517367459
17131,17263,18310,132,1047,2,36000,1.12607449857
17153,17288,18378,135,1090,2,36000,1.12385321101
17169,17311,18277,142,966,2,36000,1.14699792961
17191,17316,18323,125,1007,2,36000,1.12413108242
17206,17324,18150,118,826,2,36000,1.14285714286
17208,17385,18306,177,921,2,36000,1.19218241042
17223,17392,18337,169,945,2,36000,1.17883597884
17241,17399,18328,158,929,2,36000,1.17007534984
17242,17405,18526,163,1121,2,36000,1.1454058876
17244,17411,18179,167,768,2,36000,1.21744791667
17260,17418,18403,158,985,2,36000,1.16040609137
17278,17427,18333,149,906,2,36000,1.16445916115
17300,17438,18290,138,852,2,36000,1.16197183099
17301,17446,18420,145,974,2,36000,1.14887063655
17317,17453,18639,136,1186,2,36000,1.11467116358
17376,17459,18295,83,836,2,36000,1.09928229665
17393,17466,18543,73,1077,2,36000,1.06778087279
17394,17475,18594,81,1119,2,36000,1.07238605898
17395,17483,18348,88,865,2,36000,1.10173410405
17414,17488,18559,74,1071,2,36000,1.06909430439
17415,17494,18398,79,904,2,36000,1.08738938053
17431,17499,18684,68,1185,2,36000,1.05738396624
17433,17507,18351,74,844,2,36000,1.08767772512
17452,17512,18394,60,882,2,36000,1.06802721088
17454,17517,18321,63,804,2,36000,1.07835820896
17455,17524,18449,69,925,2,36000,1.07459459459
17456,17529,18743,73,1214,2,36000,1.06013179572
17477,17536,18316,59,780,2,36000,1.07564102564
17478,17541,18675,63,1134,2,36000,1.05555555556
17479,17548,18706,69,1158,2,36000,1.05958549223
17481,17554,18602,73,1048,2,36000,1.06965648855
17482,17560,18642,78,1082,2,36000,1.07208872458
17483,17575,18428,92,853,2,36000,1.10785463072
17485,17589,18311,104,722,2,36000,1.14404432133
17501,17595,18517,94,922,2,36000,1.10195227766
17503,17602,18475,99,873,2,36000,1.11340206186
17519,17607,18590,88,983,2,36000,1.08952187182
17520,17614,18718,94,1104,2,36000,1.08514492754
17521,17626,18673,105,1047,2,36000,1.10028653295
17538,17631,18491,93,860,2,36000,1.10813953488
17539,17638,18935,99,1297,2,36000,1.07632999229
17555,17646,18654,91,1008,2,36000,1.09027777778
17571,17653,18693,82,1040,2,36000,1.07884615385
17587,17660,18771,73,1111,2,36000,1.06570657066
17588,17666,18756,78,1090,2,36000,1.07155963303
17604,17674,18675,70,1001,2,36000,1.06993006993
17605,17692,18769,87,1077,2,36000,1.08077994429
17607,17707,18626,100,919,2,36000,1.10881392818
17623,17714,18646,91,932,2,36000,1.09763948498
17624,17730,18833,106,1103,2,36000,1.09610154125
17626,17737,18828,111,1091,2,36000,1.10174152154
17642,17743,18798,101,1055,2,36000,1.09573459716
17643,17749,19322,106,1573,2,36000,1.0673871583
17659,17756,18792,97,1036,2,36000,1.09362934363
17660,17770,18735,110,965,2,36000,1.11398963731
17676,17777,18736,101,959,2,36000,1.10531803962
17691,17784,18582,93,798,2,36000,1.11654135338
17707,17795,18733,88,938,2,36000,1.09381663113
17709,17802,18612,93,810,2,36000,1.11481481481
17725,17809,19224,84,1415,2,36000,1.0593639576
17726,17816,19017,90,1201,2,36000,1.07493755204
17728,17821,18816,93,995,2,36000,1.09346733668
17744,17834,19210,90,1376,2,36000,1.06540697674
17746,17840,18841,94,1001,2,36000,1.09390609391
17761,17846,19129,85,1283,2,36000,1.06625097428
17777,17852,18713,75,861,2,36000,1.08710801394
17779,17859,18936,80,1077,2,36000,1.07428040854
17795,17882,18878,87,996,2,36000,1.08734939759
17797,17889,19034,92,1145,2,36000,1.08034934498
17798,17932,18694,134,762,2,36000,1.17585301837
17814,17945,18951,131,1006,2,36000,1.13021868787
17815,17984,19183,169,1199,2,36000,1.14095079233
17832,18003,19216,171,1213,2,36000,1.14097279472
17833,18021,18827,188,806,2,36000,1.23325062035
17835,18027,18931,192,904,2,36000,1.21238938053
17850,18034,19211,184,1177,2,36000,1.15632965166
17852,18056,19044,204,988,2,36000,1.20647773279
17873,18062,19176,189,1114,2,36000,1.16965888689
17889,18069,18996,180,927,2,36000,1.19417475728
17922,18080,18890,158,810,2,36000,1.1950617284
17937,18087,19254,150,1167,2,36000,1.12853470437
17976,18105,19307,129,1202,2,36000,1.10732113145
17991,18112,19198,121,1086,2,36000,1.11141804788
18011,18121,19299,110,1178,2,36000,1.09337860781
18027,18134,19258,107,1124,2,36000,1.09519572954
18029,18141,19097,112,956,2,36000,1.11715481172
18048,18146,18972,98,826,2,36000,1.1186440678
18064,18153,19234,89,1081,2,36000,1.08233117484
18065,18162,19344,97,1182,2,36000,1.0820642978
18080,18186,18961,106,775,2,36000,1.13677419355
18082,18193,19186,111,993,2,36000,1.11178247734
18098,18198,19336,100,1138,2,36000,1.08787346221
18099,18205,19179,106,974,2,36000,1.10882956879
18115,18227,19045,112,818,2,36000,1.1369193154
18132,18237,19075,105,838,2,36000,1.12529832936
18133,18244,19170,111,926,2,36000,1.11987041037
18134,18288,19315,154,1027,2,36000,1.14995131451
18150,18301,19510,151,1209,2,36000,1.12489660877
18152,18308,19338,156,1030,2,36000,1.15145631068
18177,18317,19134,140,817,2,36000,1.17135862913
18193,18324,19231,131,907,2,36000,1.14443219405
18194,18330,19329,136,999,2,36000,1.13613613614
18195,18335,19159,140,824,2,36000,1.16990291262
18217,18342,19169,125,827,2,36000,1.15114873035
18233,18347,19456,114,1109,2,36000,1.10279531109
18234,18352,19251,118,899,2,36000,1.13125695217
18281,18358,19394,77,1036,2,36000,1.07432432432
18297,18364,19330,67,966,2,36000,1.06935817805
18298,18370,19398,72,1028,2,36000,1.07003891051
18315,18375,19504,60,1129,2,36000,1.05314437555
18316,18380,19350,64,970,2,36000,1.06597938144
18318,18385,19137,67,752,2,36000,1.08909574468
18319,18392,19569,73,1177,2,36000,1.06202209006
18336,18398,19200,62,802,2,36000,1.07730673317
18337,18405,19225,68,820,2,36000,1.08292682927
18339,18412,19435,73,1023,2,36000,1.07135874878
18340,18419,19322,79,903,2,36000,1.08748615725
18341,18425,19577,84,1152,2,36000,1.07291666667
18358,18432,19626,74,1194,2,36000,1.06197654941
18359,18439,19176,80,737,2,36000,1.10854816825
18360,18461,19562,101,1101,2,36000,1.09173478656
18362,18486,20227,124,1741,2,36000,1.07122343481
18377,18502,19331,125,829,2,36000,1.1507840772
18378,18529,19474,151,945,2,36000,1.15978835979
18395,18537,19528,142,991,2,36000,1.14328960646
18411,18554,19765,143,1211,2,36000,1.11808422791
18412,18570,19337,158,767,2,36000,1.20599739244
18414,18584,19567,170,983,2,36000,1.17293997965
18429,18593,19578,164,985,2,36000,1.16649746193
18431,18601,19414,170,813,2,36000,1.20910209102
18453,18608,19806,155,1198,2,36000,1.12938230384
18478,18615,19688,137,1073,2,36000,1.12767940354
18493,18624,19496,131,872,2,36000,1.1502293578
18518,18637,19533,119,896,2,36000,1.1328125
18534,18649,19721,115,1072,2,36000,1.1072761194
18550,18656,19747,106,1091,2,36000,1.09715857012
18565,18661,19668,96,1007,2,36000,1.0953326713
18581,18668,19484,87,816,2,36000,1.10661764706
18582,18673,19620,91,947,2,36000,1.09609292503
18599,18684,19521,85,837,2,36000,1.10155316607
18600,18691,19728,91,1037,2,36000,1.08775313404
18616,18696,19669,80,973,2,36000,1.08221993834
18617,18703,20708,86,2005,2,36000,1.04289276808
18633,18710,19760,77,1050,2,36000,1.07333333333
18651,18715,19700,64,985,2,36000,1.06497461929
18652,18722,19539,70,817,2,36000,1.08567931457
18653,18729,19941,76,1212,2,36000,1.06270627063
18655,18734,19679,79,945,2,36000,1.0835978836
18671,18741,19856,70,1115,2,36000,1.06278026906
18687,18746,19756,59,1010,2,36000,1.05841584158
18689,18751,19820,62,1069,2,36000,1.05799812909
18690,18757,19895,67,1138,2,36000,1.05887521968
18691,18762,19743,71,981,2,36000,1.07237512742
18707,18773,20019,66,1246,2,36000,1.05296950241
18708,18778,19767,70,989,2,36000,1.07077856421
18709,18784,19708,75,924,2,36000,1.08116883117
18725,18789,19791,64,1002,2,36000,1.06387225549
18727,18794,19661,67,867,2,36000,1.07727797001
18744,18813,19839,69,1026,2,36000,1.06725146199
18745,18818,19646,73,828,2,36000,1.08816425121
18746,18823,20011,77,1188,2,36000,1.06481481481
18748,18828,19938,80,1110,2,36000,1.07207207207
18763,18834,19910,71,1076,2,36000,1.06598513011
18780,18839,19998,59,1159,2,36000,1.05090595341
18781,18844,19667,63,823,2,36000,1.07654921021
18797,18849,19746,52,897,2,36000,1.05797101449
18798,18854,20009,56,1155,2,36000,1.04848484848
18817,18861,19696,44,835,2,36000,1.05269461078
18834,18866,19776,32,910,2,36000,1.03516483516
18835,18871,19860,36,989,2,36000,1.03640040445
18836,18876,20206,40,1330,2,36000,1.03007518797
18852,18881,19953,29,1072,2,36000,1.02705223881
18881,18887,19835,6,948,2,36000,1.00632911392
18896,18902,19985,6,1083,2,36000,1.0055401662
18934,18940,20142,6,1202,2,36000,1.00499168053
18936,18946,20109,10,1163,2,36000,1.00859845228
18954,18960,19831,6,871,2,36000,1.00688863375
18955,18966,19854,11,888,2,36000,1.01238738739
18971,18977,19701,6,724,2,36000,1.00828729282
18987,18993,20072,6,1079,2,36000,1.00556070436
19003,19008,19896,5,888,2,36000,1.00563063063
19018,19025,19877,7,852,2,36000,1.00821596244
19034,19040,19808,6,768,2,36000,1.0078125
19051,19057,19995,6,938,2,36000,1.00639658849
19052,19063,20020,11,957,2,36000,1.01149425287
19077,19084,20094,7,1010,2,36000,1.00693069307
19099,19105,20220,6,1115,2,36000,1.00538116592
19099,19111,19455,12,344,1,3600,1.03488372093
19126,19132,19476,6,344,1,3600,1.01744186047
19131,19138,19994,7,856,2,36000,1.00817757009
19146,19153,20335,7,1182,2,36000,1.00592216582
19148,19159,20133,11,974,2,36000,1.0112936345
19163,19170,20160,7,990,2,36000,1.00707070707
19180,19186,20040,6,854,2,36000,1.00702576112
19182,19192,20113,10,921,2,36000,1.0108577633
19183,19197,20198,14,1001,2,36000,1.01398601399
19184,19203,20276,19,1073,2,36000,1.01770736253
19186,19208,20255,22,1047,2,36000,1.02101241643
19203,19214,20443,11,1229,2,36000,1.00895036615
19204,19220,20117,16,897,2,36000,1.01783723523
19205,19225,20306,20,1081,2,36000,1.0185013876
19206,19230,20225,24,995,2,36000,1.02412060302
19208,19341,19451,133,110,1,1800,2.20909090909
19223,19236,20138,13,902,2,36000,1.01441241685
19224,19241,20234,17,993,2,36000,1.01711983887
19226,19247,20462,21,1215,2,36000,1.01728395062
19227,19252,20043,25,791,2,36000,1.03160556258
19228,19257,20025,29,768,2,36000,1.03776041667
19245,19263,20056,18,793,2,36000,1.02269861286
19247,19268,20189,21,921,2,36000,1.02280130293
19263,19275,20227,12,952,2,36000,1.01260504202
19265,19280,20385,15,1105,2,36000,1.01357466063
19266,19285,20222,19,937,2,36000,1.02027748132
19301,19307,20495,6,1188,2,36000,1.00505050505
19317,19323,20263,6,940,2,36000,1.00638297872
19318,19329,20101,11,772,2,36000,1.01424870466
19336,19347,20449,11,1102,2,36000,1.00998185118
19338,19352,20387,14,1035,2,36000,1.01352657005
19339,19357,20400,18,1043,2,36000,1.01725790988
19340,19363,20294,23,931,2,36000,1.02470461869
19342,19369,20440,27,1071,2,36000,1.02521008403
19343,19374,20499,31,1125,2,36000,1.02755555556
19344,19379,20164,35,785,2,36000,1.04458598726
19362,19385,20191,23,806,2,36000,1.02853598015
19363,19390,20423,27,1033,2,36000,1.0261374637
19364,19396,20579,32,1183,2,36000,1.0270498732
19396,19402,20447,6,1045,2,36000,1.00574162679
19412,19418,20176,6,758,2,36000,1.00791556728
19434,19441,20153,7,712,2,36000,1.00983146067
19436,19447,20227,11,780,2,36000,1.0141025641
19458,19464,20565,6,1101,2,36000,1.00544959128
19475,19481,20350,6,869,2,36000,1.00690448792
19491,19497,20364,6,867,2,36000,1.00692041522
19507,19513,20637,6,1124,2,36000,1.00533807829
19509,19519,20640,10,1121,2,36000,1.0089206066
19525,19531,20534,6,1003,2,36000,1.00598205384
19526,19537,20326,11,789,2,36000,1.01394169835
19542,19549,20561,7,1012,2,36000,1.00691699605
19544,19554,20508,10,954,2,36000,1.01048218029
19545,19560,20475,15,915,2,36000,1.01639344262
19561,19567,20817,6,1250,2,36000,1.0048
19577,19583,20542,6,959,2,36000,1.00625651721
19578,19589,20534,11,945,2,36000,1.01164021164
19579,19594,20635,15,1041,2,36000,1.0144092219
19595,19601,20710,6,1109,2,36000,1.00541027953
19620,19626,20738,6,1112,2,36000,1.00539568345
19636,19642,20658,6,1016,2,36000,1.00590551181
19652,19658,20555,6,897,2,36000,1.00668896321
19667,19674,20465,7,791,2,36000,1.00884955752
19669,19680,20831,11,1151,2,36000,1.00955690704
19670,19685,20821,15,1136,2,36000,1.01320422535
19671,19691,20586,20,895,2,36000,1.02234636872
19689,19697,20824,8,1127,2,36000,1.00709849157
19690,19702,20614,12,912,2,36000,1.01315789474
19707,19712,20783,5,1071,2,36000,1.00466853408
19708,19718,20884,10,1166,2,36000,1.00857632933
19709,19723,20758,14,1035,2,36000,1.01352657005
19725,19731,20615,6,884,2,36000,1.00678733032
19726,19737,20691,11,954,2,36000,1.01153039832
19743,19749,20575,6,826,2,36000,1.00726392252
19745,19755,20684,10,929,2,36000,1.01076426265
19763,19769,20570,6,801,2,36000,1.0074906367
19764,19775,20944,11,1169,2,36000,1.00940975192
19765,19780,20735,15,955,2,36000,1.01570680628
19767,19786,20849,19,1063,2,36000,1.01787394167
19777,19808,20525,31,717,1,3600,1.04323570432
19783,19792,21055,9,1263,2,36000,1.00712589074
19785,19797,20629,12,832,2,36000,1.01442307692
19786,19802,20589,16,787,2,36000,1.02033036849
19793,19819,20647,26,828,1,3600,1.03140096618
19803,19814,20875,11,1061,2,36000,1.01036757776
19820,19826,20738,6,912,2,36000,1.00657894737
19821,19832,20900,11,1068,2,36000,1.01029962547
19822,19837,20869,15,1032,2,36000,1.01453488372
19838,19844,20985,6,1141,2,36000,1.00525854514
19840,19850,20649,10,799,2,36000,1.01251564456
19841,19855,20973,14,1118,2,36000,1.01252236136
19858,19864,20949,6,1085,2,36000,1.00552995392
19859,19870,20937,11,1067,2,36000,1.01030927835
19875,19881,20823,6,942,2,36000,1.00636942675
19876,19887,20786,11,899,2,36000,1.01223581758
19896,19902,20787,6,885,2,36000,1.00677966102
19897,19908,21109,11,1201,2,36000,1.00915903414
19912,19919,20794,7,875,2,36000,1.008
19941,19947,20812,6,865,2,36000,1.00693641618
19942,19953,20759,11,806,2,36000,1.01364764268
19958,19964,20834,6,870,2,36000,1.00689655172
19986,19992,20952,6,960,2,36000,1.00625
20003,20009,20883,6,874,2,36000,1.00686498856
20004,20015,21128,11,1113,2,36000,1.00988319856
20005,20020,21042,15,1022,2,36000,1.01467710372
20022,20028,21109,6,1081,2,36000,1.00555041628
20023,20034,20816,11,782,2,36000,1.01406649616
20025,20039,21037,14,998,2,36000,1.01402805611
20026,20045,20998,19,953,2,36000,1.01993704092
20042,20051,21027,9,976,2,36000,1.00922131148
20044,20056,20871,12,815,2,36000,1.01472392638
20060,20066,20841,6,775,2,36000,1.00774193548
20061,20072,21199,11,1127,2,36000,1.00976042591
20077,20083,21192,6,1109,2,36000,1.00541027953
20079,20112,20681,33,569,1,1800,1.05799648506
20095,20101,21034,6,933,2,36000,1.00643086817
20112,20118,21036,6,918,2,36000,1.00653594771
20113,20124,21180,11,1056,2,36000,1.01041666667
20129,20135,20952,6,817,2,36000,1.00734394125
20130,20141,21153,11,1012,2,36000,1.01086956522
20147,20153,21295,6,1142,2,36000,1.00525394046
20148,20159,21248,11,1089,2,36000,1.0101010101
20150,20164,21341,14,1177,2,36000,1.01189464741
20166,20172,21294,6,1122,2,36000,1.00534759358
20168,20178,21255,10,1077,2,36000,1.00928505107
20169,20183,21084,14,901,2,36000,1.01553829079
20185,20190,20912,5,722,2,36000,1.00692520776
20201,20207,21135,6,928,2,36000,1.00646551724
20203,20213,21375,10,1162,2,36000,1.00860585198
20204,20218,21426,14,1208,2,36000,1.01158940397
20207,20224,20343,17,119,1,1800,1.14285714286
20220,20230,21492,10,1262,2,36000,1.00792393027
20221,20235,21313,14,1078,2,36000,1.01298701299
20239,20245,21463,6,1218,2,36000,1.00492610837
20240,20251,21438,11,1187,2,36000,1.00926705981
20242,20256,21209,14,953,2,36000,1.01469045121
20243,20261,21460,18,1199,2,36000,1.01501251043
20244,20267,21193,23,926,2,36000,1.02483801296
20246,20273,21235,27,962,2,36000,1.02806652807
20261,20278,21055,17,777,2,36000,1.02187902188
20277,20284,21304,7,1020,2,36000,1.0068627451
20279,20289,21680,10,1391,2,36000,1.00718907261
20298,20304,21386,6,1082,2,36000,1.00554528651
20314,20320,21385,6,1065,2,36000,1.00563380282
20330,20336,21187,6,851,2,36000,1.00705052879
20345,20352,21039,7,687,2,36000,1.01018922853
20362,20368,21439,6,1071,2,36000,1.0056022409
20378,20384,21205,6,821,2,36000,1.00730816078
20394,20399,21467,5,1068,2,36000,1.00468164794
20395,20405,21305,10,900,2,36000,1.01111111111
20411,20417,21558,6,1141,2,36000,1.00525854514
20426,20432,21243,6,811,2,36000,1.00739827374
20443,20449,21490,6,1041,2,36000,1.00576368876
20444,20456,21507,12,1051,2,36000,1.01141769743
20460,20467,21363,7,896,2,36000,1.0078125
20462,20473,21458,11,985,2,36000,1.01116751269
20479,20485,21192,6,707,2,36000,1.00848656294
20480,20491,21470,11,979,2,36000,1.01123595506
20481,20496,21568,15,1072,2,36000,1.01399253731
20497,20503,21575,6,1072,2,36000,1.00559701493
20513,20519,21326,6,807,2,36000,1.00743494424
20514,20525,21558,11,1033,2,36000,1.01064859632
20537,20543,21328,6,785,2,36000,1.0076433121
20538,20549,21456,11,907,2,36000,1.01212789416
20554,20561,21537,7,976,2,36000,1.00717213115
20570,20576,21431,6,855,2,36000,1.00701754386
20572,20582,21683,10,1101,2,36000,1.00908265213
20573,20588,21435,15,847,2,36000,1.01770956316
20574,20593,21583,19,990,2,36000,1.01919191919
20592,20599,21443,7,844,2,36000,1.00829383886
20593,20604,21674,11,1070,2,36000,1.01028037383
20595,20610,21509,15,899,2,36000,1.01668520578
20596,20615,21462,19,847,2,36000,1.02243211334
20615,20622,21536,7,914,2,36000,1.00765864333
20616,20627,21555,11,928,2,36000,1.01185344828
20633,20639,21373,6,734,2,36000,1.00817438692
20650,20656,21510,6,854,2,36000,1.00702576112
20651,20662,21802,11,1140,2,36000,1.00964912281
20652,20667,21800,15,1133,2,36000,1.013239188
20653,20678,20785,25,107,1,1800,1.23364485981
20654,20672,21707,18,1035,2,36000,1.01739130435
20670,20684,21841,14,1157,2,36000,1.01210025929
20686,20692,21854,6,1162,2,36000,1.00516351119
20701,20708,21769,7,1061,2,36000,1.00659754948
20717,20723,21528,6,805,2,36000,1.00745341615
20718,20729,21741,11,1012,2,36000,1.01086956522
20738,20744,21670,6,926,2,36000,1.00647948164
20739,20750,21628,11,878,2,36000,1.0125284738
20740,20755,21601,15,846,2,36000,1.01773049645
20761,20768,21761,7,993,2,36000,1.00704934542
20763,20773,21739,10,966,2,36000,1.01035196687
20785,20791,21628,6,837,2,36000,1.00716845878
20802,20808,21715,6,907,2,36000,1.00661521499
20804,20814,21717,10,903,2,36000,1.01107419712
20805,20819,21740,14,921,2,36000,1.01520086862
20822,20827,21723,5,896,2,36000,1.00558035714
20823,20833,21682,10,849,2,36000,1.01177856302
20824,20839,21740,15,901,2,36000,1.0166481687
20826,20844,22119,18,1275,2,36000,1.01411764706
20843,20850,21736,7,886,2,36000,1.0079006772
20844,20856,21918,12,1062,2,36000,1.01129943503
20846,20862,21679,16,817,2,36000,1.01958384333
20847,20868,21758,21,890,2,36000,1.02359550562
20848,20873,21829,25,956,2,36000,1.02615062762
20864,20879,21696,15,817,2,36000,1.01835985312
20880,20886,21714,6,828,2,36000,1.00724637681
20882,20892,21697,10,805,2,36000,1.01242236025
20883,20897,21794,14,897,2,36000,1.01560758082
20899,20905,22048,6,1143,2,36000,1.00524934383
20900,20911,21660,11,749,2,36000,1.01468624833
20916,20922,22084,6,1162,2,36000,1.00516351119
20918,20928,21831,10,903,2,36000,1.01107419712
20940,20946,21967,6,1021,2,36000,1.00587659158
20958,20964,21939,6,975,2,36000,1.00615384615
20959,20970,21956,11,986,2,36000,1.01115618661
20961,20975,21884,14,909,2,36000,1.01540154015
20962,20981,21840,19,859,2,36000,1.02211874272
20977,20987,22110,10,1123,2,36000,1.0089047195
20993,20999,22024,6,1025,2,36000,1.00585365854
21009,21015,22079,6,1064,2,36000,1.00563909774
21028,21034,21878,6,844,2,36000,1.00710900474
21047,21053,22201,6,1148,2,36000,1.00522648084
21048,21059,21915,11,856,2,36000,1.01285046729
21049,21064,22091,15,1027,2,36000,1.01460564752
21051,21070,21812,19,742,2,36000,1.025606469
21052,21075,22038,23,963,2,36000,1.02388369678
21070,21081,21900,11,819,2,36000,1.01343101343
21072,21086,22092,14,1006,2,36000,1.01391650099
21088,21094,21979,6,885,2,36000,1.00677966102
21111,21117,22275,6,1158,2,36000,1.00518134715
21112,21123,22008,11,885,2,36000,1.01242937853
21128,21135,22239,7,1104,2,36000,1.00634057971
21144,21150,22160,6,1010,2,36000,1.00594059406
21160,21166,21948,6,782,2,36000,1.00767263427
21182,21188,22257,6,1069,2,36000,1.00561272217
21199,21205,22170,6,965,2,36000,1.00621761658
21201,21211,22206,10,995,2,36000,1.01005025126
21202,21216,22276,14,1060,2,36000,1.01320754717
21203,21222,22106,19,884,2,36000,1.02149321267
21205,21227,22152,22,925,2,36000,1.02378378378
21220,21233,22192,13,959,2,36000,1.01355578728
21222,21238,22050,16,812,2,36000,1.0197044335
21237,21244,22245,7,1001,2,36000,1.00699300699
21254,21260,22149,6,889,2,36000,1.00674915636
21255,21266,22073,11,807,2,36000,1.0136307311
21257,21271,22374,14,1103,2,36000,1.01269265639
21295,21301,22125,6,824,2,36000,1.0072815534
21296,21307,22211,11,904,2,36000,1.01216814159
21313,21319,22391,6,1072,2,36000,1.00559701493
21314,21325,22244,11,919,2,36000,1.0119695321
21315,21330,22295,15,965,2,36000,1.01554404145
21332,21337,22600,5,1263,2,36000,1.00395882819
21333,21343,22279,10,936,2,36000,1.01068376068
21349,21355,22253,6,898,2,36000,1.00668151448
21365,21371,22485,6,1114,2,36000,1.00538599641
21381,21387,22317,6,930,2,36000,1.0064516129
21383,21393,22317,10,924,2,36000,1.01082251082
21398,21404,22255,6,851,2,36000,1.00705052879
21400,21410,22452,10,1042,2,36000,1.00959692898
21428,21434,22510,6,1076,2,36000,1.00557620818
21436,21442,22018,6,576,1,1800,1.01041666667
21445,21451,22412,6,961,2,36000,1.00624349636
21446,21457,22214,11,757,2,36000,1.01453104359
21448,21462,22285,14,823,2,36000,1.0170109356
21449,21467,22220,18,753,2,36000,1.02390438247
21450,21473,23040,23,1567,2,36000,1.01467772814
21467,21479,22468,12,989,2,36000,1.01213346815
21468,21485,22296,17,811,2,36000,1.02096177559
21470,21490,22614,20,1124,2,36000,1.01779359431
21471,21495,22266,24,771,2,36000,1.03112840467
21472,21500,22528,28,1028,2,36000,1.02723735409
21473,21505,22294,32,789,2,36000,1.04055766793
21490,21512,22620,22,1108,2,36000,1.01985559567
21491,21517,22338,26,821,2,36000,1.03166869671
21508,21524,22600,16,1076,2,36000,1.01486988848
21509,21529,22300,20,771,2,36000,1.02594033722
21511,21535,22506,24,971,2,36000,1.02471678682
21527,21541,22728,14,1187,2,36000,1.01179443976
21543,21549,22340,6,791,2,36000,1.00758533502
21545,21555,22442,10,887,2,36000,1.01127395716
21546,21560,22527,14,967,2,36000,1.01447776629
21562,21569,22395,7,826,2,36000,1.00847457627
21564,21575,22403,11,828,2,36000,1.01328502415
21565,21580,22679,15,1099,2,36000,1.01364877161
21581,21587,22389,6,802,2,36000,1.00748129676
21582,21593,22689,11,1096,2,36000,1.01003649635
21598,21604,22602,6,998,2,36000,1.00601202405
21614,21621,22799,7,1178,2,36000,1.00594227504
21631,21637,22729,6,1092,2,36000,1.00549450549
21632,21643,22618,11,975,2,36000,1.01128205128
21664,21670,22591,6,921,2,36000,1.00651465798
21681,21687,22562,6,875,2,36000,1.00685714286
21683,21693,22875,10,1182,2,36000,1.00846023689
21684,21699,22781,15,1082,2,36000,1.01386321627
21685,21704,22472,19,768,2,36000,1.02473958333
21686,21709,22611,23,902,2,36000,1.02549889135
21695,21715,21825,20,110,1,3600,1.18181818182
21713,21721,22617,8,896,2,36000,1.00892857143
21715,21726,22652,11,926,2,36000,1.01187904968
21716,21732,22775,16,1043,2,36000,1.01534036433
21718,21737,22882,19,1145,2,36000,1.01659388646
21719,21743,22861,24,1118,2,36000,1.02146690519
21738,21749,22660,11,911,2,36000,1.01207464325
21739,21754,22643,15,889,2,36000,1.01687289089
21741,21760,22773,19,1013,2,36000,1.01875616979
21742,21765,22650,23,885,2,36000,1.02598870056
21759,21772,22944,13,1172,2,36000,1.01109215017
21760,21777,22696,17,919,2,36000,1.01849836779
21762,21782,22886,20,1104,2,36000,1.01811594203
21763,21792,22917,29,1125,2,36000,1.02577777778
21764,21797,22636,33,839,2,36000,1.03933253874
21781,21803,22674,22,871,2,36000,1.02525832377
21783,21809,22617,26,808,2,36000,1.03217821782
21798,21815,22717,17,902,2,36000,1.01884700665
21802,21821,21931,19,110,1,3600,1.17272727273
21815,21827,22997,12,1170,2,36000,1.01025641026
21817,21832,22895,15,1063,2,36000,1.01411100659
21818,21838,22706,20,868,2,36000,1.02304147465
21834,21844,22838,10,994,2,36000,1.01006036217
21836,21849,23031,13,1182,2,36000,1.01099830795
21852,21858,22813,6,955,2,36000,1.00628272251
21853,21864,22960,11,1096,2,36000,1.01003649635
21869,21875,22907,6,1032,2,36000,1.00581395349
21886,21892,22585,6,693,2,36000,1.00865800866
21887,21898,23047,11,1149,2,36000,1.00957354221
21902,21908,22884,6,976,2,36000,1.00614754098
21919,21925,23180,6,1255,2,36000,1.00478087649
21920,21931,22720,11,789,2,36000,1.01394169835
21940,21946,22953,6,1007,2,36000,1.00595829196
21956,21963,22994,7,1031,2,36000,1.00678952473
21958,21969,22769,11,800,2,36000,1.01375
21973,21979,23175,6,1196,2,36000,1.00501672241
21985,21991,22303,6,312,1,3600,1.01923076923
21989,21997,22793,8,796,2,36000,1.01005025126
22012,22018,22849,6,831,2,36000,1.00722021661
22028,22034,22909,6,875,2,36000,1.00685714286
22046,22052,23261,6,1209,2,36000,1.00496277916
22062,22068,23144,6,1076,2,36000,1.00557620818
22064,22074,23016,10,942,2,36000,1.01061571125
22080,22086,23173,6,1087,2,36000,1.00551977921
22081,22092,22930,11,838,2,36000,1.01312649165
22097,22103,22419,6,316,1,3600,1.01898734177
22098,22109,23025,11,916,2,36000,1.01200873362
22099,22115,22978,16,863,2,36000,1.01853997683
22100,22120,23138,20,1018,2,36000,1.01964636542
22118,22126,22882,8,756,2,36000,1.01058201058
22119,22131,22956,12,825,2,36000,1.01454545455
22121,22137,23279,16,1142,2,36000,1.01401050788
22136,22143,22999,7,856,2,36000,1.00817757009
22152,22159,23403,7,1244,2,36000,1.00562700965
22154,22165,23184,11,1019,2,36000,1.01079489696
22170,22176,23146,6,970,2,36000,1.00618556701
22172,22182,23303,10,1121,2,36000,1.0089206066
22194,22200,23355,6,1155,2,36000,1.00519480519
22210,22216,23361,6,1145,2,36000,1.00524017467
22212,22222,23166,10,944,2,36000,1.01059322034
22213,22227,23045,14,818,2,36000,1.01711491443
22229,22236,23243,7,1007,2,36000,1.00695134062
22231,22242,23489,11,1247,2,36000,1.00882117081
22247,22253,23370,6,1117,2,36000,1.00537153089
22248,22259,23358,11,1099,2,36000,1.01000909918
22250,22265,23364,15,1099,2,36000,1.01364877161
22267,22273,23077,6,804,2,36000,1.00746268657
22268,22279,23356,11,1077,2,36000,1.01021355617
22269,22284,23511,15,1227,2,36000,1.01222493888
22271,22290,23179,19,889,2,36000,1.02137232846
22272,22295,22346,23,51,1,1800,1.45098039216
22291,22302,23081,11,779,2,36000,1.01412066752
22292,22307,23359,15,1052,2,36000,1.01425855513
22293,22312,23281,19,969,2,36000,1.01960784314
22295,22317,23436,22,1119,2,36000,1.01966041108
22312,22324,23376,12,1052,2,36000,1.01140684411
22313,22329,23230,16,901,2,36000,1.01775804661
22315,22334,23404,19,1070,2,36000,1.01775700935
22316,22339,23158,23,819,2,36000,1.02808302808
22332,22345,23305,13,960,2,36000,1.01354166667
22334,22350,23281,16,931,2,36000,1.0171858217
22350,22357,23436,7,1079,2,36000,1.00648748842
22351,22362,23320,11,958,2,36000,1.0114822547
22376,22382,23086,6,704,2,36000,1.00852272727
22392,22398,23460,6,1062,2,36000,1.00564971751
22394,22404,23241,10,837,2,36000,1.0119474313
22410,22416,23379,6,963,2,36000,1.0062305296
22411,22422,23468,11,1046,2,36000,1.01051625239
22427,22433,23426,6,993,2,36000,1.00604229607
22445,22451,23538,6,1087,2,36000,1.00551977921
22461,22467,23470,6,1003,2,36000,1.00598205384
22477,22483,23599,6,1116,2,36000,1.00537634409
22479,22489,23594,10,1105,2,36000,1.00904977376
22494,22500,23719,6,1219,2,36000,1.00492206727
22511,22517,23401,6,884,2,36000,1.00678733032
22512,22523,23399,11,876,2,36000,1.01255707763
22530,22536,23348,6,812,2,36000,1.00738916256
22531,22542,23559,11,1017,2,36000,1.01081612586
22564,22570,23482,6,912,2,36000,1.00657894737
22585,22591,23361,6,770,2,36000,1.00779220779
22602,22608,23517,6,909,2,36000,1.00660066007
22603,22614,23874,11,1260,2,36000,1.00873015873
22605,22620,23634,15,1014,2,36000,1.01479289941
22606,22625,23638,19,1013,2,36000,1.01875616979
22626,22632,23393,6,761,2,36000,1.00788436268
22628,22638,23654,10,1016,2,36000,1.00984251969
22629,22643,23572,14,929,2,36000,1.01506996771
22630,22649,23704,19,1055,2,36000,1.01800947867
22632,22654,23394,22,740,2,36000,1.02972972973
22633,22660,23443,27,783,2,36000,1.03448275862
22641,22681,22752,40,71,1,1800,1.56338028169
22650,22665,23848,15,1183,2,36000,1.01267962806
22651,22671,23706,20,1035,2,36000,1.0193236715
22653,22676,23732,23,1056,2,36000,1.02178030303
22670,22687,23803,17,1116,2,36000,1.01523297491
22671,22693,23732,22,1039,2,36000,1.02117420597
22688,22699,23750,11,1051,2,36000,1.01046622265
22689,22704,23837,15,1133,2,36000,1.013239188
22705,22711,23690,6,979,2,36000,1.00612870276
22707,22717,23854,10,1137,2,36000,1.00879507476
22708,22722,23836,14,1114,2,36000,1.01256732496
22725,22731,23582,6,851,2,36000,1.00705052879
22727,22737,23806,10,1069,2,36000,1.00935453695
22743,22749,23605,6,856,2,36000,1.00700934579
22744,22755,23754,11,999,2,36000,1.01101101101
22747,22760,23357,13,597,1,3600,1.02177554439
22774,22780,23823,6,1043,2,36000,1.00575263663
22775,22786,23750,11,964,2,36000,1.01141078838
22791,22797,23730,6,933,2,36000,1.00643086817
22792,22803,23983,11,1180,2,36000,1.0093220339
22809,22815,23924,6,1109,2,36000,1.00541027953
22810,22821,23597,11,776,2,36000,1.01417525773
22826,22832,23710,6,878,2,36000,1.00683371298
22841,22848,23834,7,986,2,36000,1.00709939148
22856,22868,23461,12,593,1,3600,1.02023608769
22857,22863,23787,6,924,2,36000,1.00649350649
22873,22879,23870,6,991,2,36000,1.00605449041
22890,22896,23761,6,865,2,36000,1.00693641618
22891,22902,24068,11,1166,2,36000,1.00943396226
22893,22907,24005,14,1098,2,36000,1.01275045537
22894,22913,23852,19,939,2,36000,1.0202342918
22895,22918,24079,23,1161,2,36000,1.01981050818
22912,22924,23855,12,931,2,36000,1.01288936627
22913,22930,24061,17,1131,2,36000,1.01503094607
22914,22935,24036,21,1101,2,36000,1.01907356948
22930,22941,24037,11,1096,2,36000,1.01003649635
22931,22946,23800,15,854,2,36000,1.01756440281
22948,22954,23977,6,1023,2,36000,1.00586510264
22964,22971,23933,7,962,2,36000,1.00727650728
22966,22977,23755,11,778,2,36000,1.01413881748
22967,22982,24178,15,1196,2,36000,1.01254180602
22982,22989,23865,7,876,2,36000,1.00799086758
22999,23005,23914,6,909,2,36000,1.00660066007
23001,23011,24191,10,1180,2,36000,1.00847457627
23002,23016,23928,14,912,2,36000,1.01535087719
23018,23025,23873,7,848,2,36000,1.00825471698
23035,23041,24026,6,985,2,36000,1.00609137056
23036,23047,23817,11,770,2,36000,1.01428571429
23053,23059,23883,6,824,2,36000,1.0072815534
23054,23065,24202,11,1137,2,36000,1.00967458223
23056,23070,24096,14,1026,2,36000,1.01364522417
23078,23084,24233,6,1149,2,36000,1.00522193211
23094,23100,24129,6,1029,2,36000,1.00583090379
23095,23106,24301,11,1195,2,36000,1.00920502092
23139,23145,23974,6,829,2,36000,1.00723763571
23156,23162,24263,6,1101,2,36000,1.00544959128
23157,23168,23970,11,802,2,36000,1.01371571072
23174,23180,24243,6,1063,2,36000,1.00564440263
23175,23186,24033,11,847,2,36000,1.01298701299
23177,23191,24119,14,928,2,36000,1.0150862069
23178,23196,24384,18,1188,2,36000,1.01515151515
23196,23203,24374,7,1171,2,36000,1.00597779675
23197,23209,24308,12,1099,2,36000,1.01091901729
23199,23215,24369,16,1154,2,36000,1.01386481802
23233,23239,24278,6,1039,2,36000,1.00577478345
23250,23255,24117,5,862,2,36000,1.00580046404
23251,23261,24317,10,1056,2,36000,1.00946969697
23266,23272,24145,6,873,2,36000,1.00687285223
23284,23290,24371,6,1081,2,36000,1.00555041628
23285,23296,24259,11,963,2,36000,1.01142263759
23286,23302,24333,16,1031,2,36000,1.01551891368
23306,23312,24382,6,1070,2,36000,1.00560747664
23307,23318,24025,11,707,2,36000,1.01555869873
23323,23329,24293,6,964,2,36000,1.00622406639
23349,23355,24217,6,862,2,36000,1.00696055684
23368,23374,24224,6,850,2,36000,1.00705882353
23370,23380,24232,10,852,2,36000,1.0117370892
23371,23385,24531,14,1146,2,36000,1.01221640489
23372,23391,24394,19,1003,2,36000,1.01894317049
23374,23396,24205,22,809,2,36000,1.02719406675
23375,23402,24373,27,971,2,36000,1.02780638517
23376,23407,24147,31,740,2,36000,1.04189189189
23394,23413,24464,19,1051,2,36000,1.01807802093
23396,23418,24331,22,913,2,36000,1.02409638554
23397,23425,24353,28,928,2,36000,1.03017241379
23398,23430,24350,32,920,2,36000,1.0347826087
23400,23435,24199,35,764,2,36000,1.04581151832
23419,23440,24499,21,1059,2,36000,1.01983002833
23420,23447,24336,27,889,2,36000,1.0303712036
23421,23452,24699,31,1247,2,36000,1.02485966319
23423,23457,24532,34,1075,2,36000,1.03162790698
23439,23462,24252,23,790,2,36000,1.02911392405
23441,23469,24489,28,1020,2,36000,1.02745098039
23443,23474,24570,31,1096,2,36000,1.02828467153
23458,23480,24583,22,1103,2,36000,1.0199456029
23475,23486,24673,11,1187,2,36000,1.00926705981
23476,23492,24428,16,936,2,36000,1.01709401709
23478,23497,24606,19,1109,2,36000,1.01713255185
23494,23503,24546,9,1043,2,36000,1.00862895494
23495,23509,24585,14,1076,2,36000,1.01301115242
23514,23520,24567,6,1047,2,36000,1.00573065903
23530,23536,24477,6,941,2,36000,1.00637619554
23545,23552,24445,7,893,2,36000,1.0078387458
23561,23567,24344,6,777,2,36000,1.00772200772
23577,23583,24607,6,1024,2,36000,1.005859375
23593,23599,24618,6,1019,2,36000,1.00588812561
23597,23605,23879,8,274,1,1800,1.02919708029
23609,23615,24829,6,1214,2,36000,1.00494233937
23610,23621,24781,11,1160,2,36000,1.00948275862
23612,23626,24695,14,1069,2,36000,1.01309635173
23613,23632,24706,19,1074,2,36000,1.01769087523
23635,23641,24436,6,795,2,36000,1.00754716981
23640,23647,23696,7,49,1,1800,1.14285714286
23651,23657,24515,6,858,2,36000,1.00699300699
23668,23674,24614,6,940,2,36000,1.00638297872
23690,23697,24813,7,1116,2,36000,1.00627240143
23707,23713,24801,6,1088,2,36000,1.00551470588
23709,23719,24527,10,808,2,36000,1.01237623762
23725,23731,24577,6,846,2,36000,1.00709219858
23726,23737,24577,11,840,2,36000,1.0130952381
23744,23750,24972,6,1222,2,36000,1.00490998363
23745,23756,24648,11,892,2,36000,1.01233183857
23746,23761,24904,15,1143,2,36000,1.01312335958
23763,23769,24784,6,1015,2,36000,1.00591133005
23764,23775,25026,11,1251,2,36000,1.00879296563
23766,23780,24845,14,1065,2,36000,1.01314553991
23767,23785,24830,18,1045,2,36000,1.01722488038
23768,23791,24997,23,1206,2,36000,1.01907131012
23791,23797,24623,6,826,2,36000,1.00726392252
23808,23814,24947,6,1133,2,36000,1.0052956752
23809,23820,25058,11,1238,2,36000,1.00888529887
23810,23826,24745,16,919,2,36000,1.01741022851
23829,23835,24660,6,825,2,36000,1.00727272727
23831,23841,24641,10,800,2,36000,1.0125
23848,23854,24652,6,798,2,36000,1.00751879699
23849,23860,25018,11,1158,2,36000,1.00949913644
23851,23865,24735,14,870,2,36000,1.01609195402
23852,23871,24799,19,928,2,36000,1.02047413793
23870,23877,24820,7,943,2,36000,1.00742311771
23871,23882,24878,11,996,2,36000,1.01104417671
23873,23889,24767,16,878,2,36000,1.01822323462
23874,23895,24768,21,873,2,36000,1.02405498282
23875,23900,24752,25,852,2,36000,1.029342723
23894,23906,24798,12,892,2,36000,1.0134529148
23895,23911,25014,16,1103,2,36000,1.01450589302
23896,23917,25020,21,1103,2,36000,1.01903898459
23915,23923,24731,8,808,2,36000,1.0099009901
23933,23939,24748,6,809,2,36000,1.00741656366
23934,23945,25123,11,1178,2,36000,1.00933786078
23935,23950,24845,15,895,2,36000,1.01675977654
23973,23979,24972,6,993,2,36000,1.00604229607
23975,23985,24972,10,987,2,36000,1.01013171226
23992,23998,25026,6,1028,2,36000,1.00583657588
23993,24004,24991,11,987,2,36000,1.01114488349
24009,24015,24841,6,826,2,36000,1.00726392252
24029,24035,24901,6,866,2,36000,1.00692840647
24030,24042,24979,12,937,2,36000,1.01280683031
24033,24047,24127,14,80,1,1800,1.175
24047,24054,24860,7,806,2,36000,1.00868486352
24048,24059,25144,11,1085,2,36000,1.01013824885
24049,24065,24974,16,909,2,36000,1.01760176018
24065,24071,25079,6,1008,2,36000,1.00595238095
24081,24087,25295,6,1208,2,36000,1.00496688742
24082,24093,25206,11,1113,2,36000,1.00988319856
24098,24104,25216,6,1112,2,36000,1.00539568345
24121,24128,25401,7,1273,2,36000,1.00549882168
24123,24137,25205,14,1068,2,36000,1.01310861423
24139,24145,24951,6,806,2,36000,1.00744416873
24156,24162,25049,6,887,2,36000,1.0067643743
24157,24168,25177,11,1009,2,36000,1.01090188305
24181,24187,25334,6,1147,2,36000,1.00523103749
24198,24204,25069,6,865,2,36000,1.00693641618
24215,24221,24977,6,756,2,36000,1.00793650794
24217,24227,25259,10,1032,2,36000,1.00968992248
24218,24232,25407,14,1175,2,36000,1.01191489362
24236,24242,25050,6,808,2,36000,1.00742574257
24237,24248,25179,11,931,2,36000,1.01181525242
24238,24254,25323,16,1069,2,36000,1.01496725912
24239,24259,25311,20,1052,2,36000,1.01901140684
24257,24265,25113,8,848,2,36000,1.00943396226
24259,24271,25260,12,989,2,36000,1.01213346815
24275,24281,25168,6,887,2,36000,1.0067643743
24276,24287,25280,11,993,2,36000,1.0110775428
24292,24298,25327,6,1029,2,36000,1.00583090379
24309,24315,25203,6,888,2,36000,1.00675675676
24310,24321,25184,11,863,2,36000,1.01274623407
24311,24326,25464,15,1138,2,36000,1.01318101933
24328,24334,25695,6,1361,2,36000,1.00440852314
24345,24351,25405,6,1054,2,36000,1.00569259962
24346,24357,25185,11,828,2,36000,1.01328502415
24347,24362,25359,15,997,2,36000,1.01504513541
24349,24368,25210,19,842,2,36000,1.02256532067
24365,24374,25438,9,1064,2,36000,1.00845864662
24367,24379,25256,12,877,2,36000,1.01368301026
24384,24390,25301,6,911,2,36000,1.00658616905
24385,24396,25258,11,862,2,36000,1.01276102088
24386,24401,25323,15,922,2,36000,1.01626898048
24388,24407,25206,19,799,2,36000,1.02377972466
24389,24412,25306,23,894,2,36000,1.02572706935
24390,24417,25206,27,789,2,36000,1.03422053232
24406,24423,25483,17,1060,2,36000,1.01603773585
24428,24434,25684,6,1250,2,36000,1.0048
24444,24450,25468,6,1018,2,36000,1.00589390963
24445,24456,25466,11,1010,2,36000,1.01089108911
24464,24470,25166,6,696,2,36000,1.00862068966
24480,24486,25273,6,787,2,36000,1.00762388818
24496,24502,25520,6,1018,2,36000,1.00589390963
24512,24518,25539,6,1021,2,36000,1.00587659158
24529,24535,25478,6,943,2,36000,1.00636267232
24530,24541,25451,11,910,2,36000,1.01208791209
24547,24553,25588,6,1035,2,36000,1.00579710145
24548,24559,25568,11,1009,2,36000,1.01090188305
24549,24565,25931,16,1366,2,36000,1.01171303075
24569,24575,25512,6,937,2,36000,1.00640341515
24586,24593,25610,7,1017,2,36000,1.00688298918
24588,24599,25716,11,1117,2,36000,1.00984780662
24589,24605,25357,16,752,2,36000,1.02127659574
24590,24610,25434,20,824,2,36000,1.02427184466
24592,24615,25439,23,824,2,36000,1.02791262136
24608,24622,25697,14,1075,2,36000,1.01302325581
24610,24627,25842,17,1215,2,36000,1.01399176955
24626,24634,25637,8,1003,2,36000,1.00797607178
24627,24640,25824,13,1184,2,36000,1.01097972973
24629,24645,25621,16,976,2,36000,1.01639344262
24646,24651,25633,5,982,2,36000,1.00509164969
24647,24657,25477,10,820,2,36000,1.01219512195
24663,24669,25713,6,1044,2,36000,1.00574712644
24664,24675,25731,11,1056,2,36000,1.01041666667
24680,24686,25718,6,1032,2,36000,1.00581395349
24696,24702,25730,6,1028,2,36000,1.00583657588
24712,24718,25651,6,933,2,36000,1.00643086817
24713,24724,25922,11,1198,2,36000,1.00918196995
24732,24738,25552,6,814,2,36000,1.00737100737
24748,24754,25586,6,832,2,36000,1.00721153846
24749,24760,25789,11,1029,2,36000,1.01068999028
24751,24765,25572,14,807,2,36000,1.01734820322
24767,24773,25717,6,944,2,36000,1.0063559322
24768,24779,25600,11,821,2,36000,1.01339829476
24769,24784,25787,15,1003,2,36000,1.0149551346
24786,24792,25671,6,879,2,36000,1.00682593857
24787,24798,25740,11,942,2,36000,1.01167728238
24804,24809,26061,5,1252,2,36000,1.00399361022
24805,24816,25754,11,938,2,36000,1.01172707889
24806,24821,25944,15,1123,2,36000,1.01335707925
24823,24829,25908,6,1079,2,36000,1.00556070436
24824,24835,25722,11,887,2,36000,1.01240135287
24843,24849,25992,6,1143,2,36000,1.00524934383
24845,24855,25991,10,1136,2,36000,1.0088028169
24846,24860,25971,14,1111,2,36000,1.01260126013
24847,24866,25924,19,1058,2,36000,1.0179584121
24864,24872,25894,8,1022,2,36000,1.00782778865
24865,24878,25782,13,904,2,36000,1.01438053097
24881,24887,25939,6,1052,2,36000,1.00570342205
24903,24910,25878,7,968,2,36000,1.00723140496
24905,24915,26032,10,1117,2,36000,1.00895255148
24949,24955,25662,6,707,2,36000,1.00848656294
24964,24970,25979,6,1009,2,36000,1.00594648167
24982,24988,25748,6,760,2,36000,1.00789473684
24984,24994,26110,10,1116,2,36000,1.00896057348
24985,24999,26072,14,1073,2,36000,1.01304753029
24986,25005,25867,19,862,2,36000,1.02204176334
24988,25010,25876,22,866,2,36000,1.02540415704
24989,25016,26031,27,1015,2,36000,1.02660098522
25005,25021,26214,16,1193,2,36000,1.01341156748
25007,25027,25734,20,707,2,36000,1.02828854314
25023,25033,26048,10,1015,2,36000,1.00985221675
25025,25039,26179,14,1140,2,36000,1.01228070175
25026,25044,25975,18,931,2,36000,1.01933404941
25042,25050,26109,8,1059,2,36000,1.00755429651
25043,25055,25750,12,695,2,36000,1.01726618705
25059,25066,26028,7,962,2,36000,1.00727650728
25061,25071,25970,10,899,2,36000,1.01112347052
25062,25078,26064,16,986,2,36000,1.01622718053
25064,25083,25356,19,273,1,1800,1.0695970696
25079,25090,26002,11,912,2,36000,1.01206140351
25095,25101,26112,6,1011,2,36000,1.0059347181
25114,25120,26040,6,920,2,36000,1.00652173913
25129,25135,26264,6,1129,2,36000,1.00531443756
25145,25151,26312,6,1161,2,36000,1.00516795866
25164,25170,26043,6,873,2,36000,1.00687285223
25181,25188,26004,7,816,2,36000,1.00857843137
25183,25194,26041,11,847,2,36000,1.01298701299
25184,25199,26445,15,1246,2,36000,1.01203852327
25201,25207,26219,6,1012,2,36000,1.00592885375
25202,25213,26075,11,862,2,36000,1.01276102088
25220,25226,25949,6,723,2,36000,1.00829875519
25222,25232,26278,10,1046,2,36000,1.00956022945
25223,25237,26049,14,812,2,36000,1.01724137931
25224,25242,26071,18,829,2,36000,1.02171290712
25226,25248,26338,22,1090,2,36000,1.02018348624
25227,25254,26073,27,819,2,36000,1.03296703297
25228,25259,26215,31,956,2,36000,1.03242677824
25257,25265,26308,8,1043,2,36000,1.00767018217
25258,25270,26448,12,1178,2,36000,1.01018675722
25277,25283,26367,6,1084,2,36000,1.00553505535
25278,25289,26153,11,864,2,36000,1.01273148148
25280,25294,26472,14,1178,2,36000,1.01188455008
25296,25302,26191,6,889,2,36000,1.00674915636
25297,25308,26393,11,1085,2,36000,1.01013824885
25314,25320,26366,6,1046,2,36000,1.00573613767
25315,25326,26141,11,815,2,36000,1.01349693252
25316,25331,26386,15,1055,2,36000,1.01421800948
25333,25340,26255,7,915,2,36000,1.00765027322
25335,25345,26203,10,858,2,36000,1.01165501166
25336,25352,26151,16,799,2,36000,1.02002503129
25337,25357,26044,20,687,2,36000,1.02911208151
25361,25367,26528,6,1161,2,36000,1.00516795866
25362,25373,26202,11,829,2,36000,1.01326899879
25404,25410,26595,6,1185,2,36000,1.00506329114
25420,25426,26568,6,1142,2,36000,1.00525394046
25421,25432,26334,11,902,2,36000,1.01219512195
25438,25444,26384,6,940,2,36000,1.00638297872
25439,25450,26318,11,868,2,36000,1.01267281106
25456,25462,26430,6,968,2,36000,1.00619834711
25458,25468,26554,10,1086,2,36000,1.00920810313
25475,25481,26452,6,971,2,36000,1.0061791967
25476,25487,26532,11,1045,2,36000,1.01052631579
25477,25492,26652,15,1160,2,36000,1.01293103448
25493,25499,26375,6,876,2,36000,1.00684931507
25494,25505,26466,11,961,2,36000,1.01144640999
25496,25510,26408,14,898,2,36000,1.01559020045
25515,25521,26400,6,879,2,36000,1.00682593857
25531,25537,26706,6,1169,2,36000,1.00513259196
25547,25553,26785,6,1232,2,36000,1.00487012987
25563,25569,26641,6,1072,2,36000,1.00559701493
25579,25585,26433,6,848,2,36000,1.0070754717
25580,25591,26355,11,764,2,36000,1.01439790576
25597,25603,26356,6,753,2,36000,1.00796812749
25598,25610,26581,12,971,2,36000,1.01235839341
25614,25620,26504,6,884,2,36000,1.00678733032
25615,25626,26662,11,1036,2,36000,1.01061776062
25631,25637,26656,6,1019,2,36000,1.00588812561
25649,25655,26756,6,1101,2,36000,1.00544959128
25651,25661,26535,10,874,2,36000,1.0114416476
25667,25673,26572,6,899,2,36000,1.00667408231
25669,25679,26718,10,1039,2,36000,1.00962463908
25685,25691,26595,6,904,2,36000,1.00663716814
25686,25697,26824,11,1127,2,36000,1.00976042591
25703,25709,26820,6,1111,2,36000,1.00540054005
25704,25715,26523,11,808,2,36000,1.01361386139
25721,25727,26547,6,820,2,36000,1.00731707317
25723,25733,26660,10,927,2,36000,1.01078748652
25724,25739,27031,15,1292,2,36000,1.01160990712
25725,25744,26972,19,1228,2,36000,1.0154723127
25744,25750,26521,6,771,2,36000,1.00778210117
25745,25756,26731,11,975,2,36000,1.01128205128
25746,25761,26831,15,1070,2,36000,1.01401869159
25748,25767,26931,19,1164,2,36000,1.01632302405
25749,25772,26678,23,906,2,36000,1.02538631347
25766,25778,26782,12,1004,2,36000,1.01195219124
25767,25784,27160,17,1376,2,36000,1.01235465116
25768,25789,26631,21,842,2,36000,1.02494061758
25784,25795,26851,11,1056,2,36000,1.01041666667
25800,25806,26528,6,722,2,36000,1.00831024931
25801,25812,27012,11,1200,2,36000,1.00916666667
25827,25833,27062,6,1229,2,36000,1.0048820179
25842,25849,26993,7,1144,2,36000,1.00611888112
25871,25877,26650,6,773,2,36000,1.00776196636
25890,25896,27039,6,1143,2,36000,1.00524934383
25891,25902,26922,11,1020,2,36000,1.01078431373
25907,25913,26740,6,827,2,36000,1.00725513906
25924,25930,26977,6,1047,2,36000,1.00573065903
25925,25936,26806,11,870,2,36000,1.01264367816
25926,25942,26907,16,965,2,36000,1.01658031088
25943,25948,27248,5,1300,2,36000,1.00384615385
25944,25954,26768,10,814,2,36000,1.01228501229
25960,25966,26880,6,914,2,36000,1.00656455142
25961,25972,26913,11,941,2,36000,1.01168969182
25978,25984,27130,6,1146,2,36000,1.00523560209
25979,25990,26983,11,993,2,36000,1.0110775428
25981,25995,27131,14,1136,2,36000,1.01232394366
25997,26003,27159,6,1156,2,36000,1.00519031142
25999,26009,27152,10,1143,2,36000,1.00874890639
26000,26015,26926,15,911,2,36000,1.01646542261
26017,26023,26875,6,852,2,36000,1.00704225352
26018,26029,26996,11,967,2,36000,1.0113753878
26034,26040,27101,6,1061,2,36000,1.00565504241
26036,26046,27141,10,1095,2,36000,1.00913242009
26037,26052,26858,15,806,2,36000,1.01861042184
26056,26062,26905,6,843,2,36000,1.00711743772
26057,26068,27125,11,1057,2,36000,1.01040681173
26059,26073,26956,14,883,2,36000,1.01585503964
26060,26079,27239,19,1160,2,36000,1.01637931034
26062,26084,27266,22,1182,2,36000,1.01861252115
26063,26090,27351,27,1261,2,36000,1.02141157811
26081,26095,27159,14,1064,2,36000,1.01315789474
26083,26101,27254,18,1153,2,36000,1.0156114484
26084,26106,27240,22,1134,2,36000,1.01940035273
26085,26112,27204,27,1092,2,36000,1.02472527473
26087,26117,27302,30,1185,2,36000,1.0253164557
26088,26122,27221,34,1099,2,36000,1.03093721565
26111,26129,27007,18,878,2,36000,1.02050113895
26113,26135,27237,22,1102,2,36000,1.01996370236
26114,26140,26997,26,857,2,36000,1.03033838973
26143,26149,27377,6,1228,2,36000,1.00488599349
26159,26166,26967,7,801,2,36000,1.00873907615
26161,26171,27028,10,857,2,36000,1.01166861144
26180,26186,27023,6,837,2,36000,1.00716845878
26196,26202,27008,6,806,2,36000,1.00744416873
26212,26218,27042,6,824,2,36000,1.0072815534
26214,26224,27474,10,1250,2,36000,1.008
26215,26229,27027,14,798,2,36000,1.01754385965
26216,26234,27916,18,1682,2,36000,1.01070154578
26234,26240,27254,6,1014,2,36000,1.00591715976
26256,26263,27146,7,883,2,36000,1.00792751982
26273,26279,27062,6,783,2,36000,1.00766283525
26289,26295,27377,6,1082,2,36000,1.00554528651
26311,26317,27437,6,1120,2,36000,1.00535714286
26327,26333,27212,6,879,2,36000,1.00682593857
26328,26339,27478,11,1139,2,36000,1.00965759438
26345,26352,27206,7,854,2,36000,1.00819672131
26347,26357,27413,10,1056,2,36000,1.00946969697
26364,26370,27575,6,1205,2,36000,1.00497925311
26365,26376,27504,11,1128,2,36000,1.00975177305
26382,26388,27454,6,1066,2,36000,1.00562851782
26383,26394,27338,11,944,2,36000,1.01165254237
26385,26399,27533,14,1134,2,36000,1.01234567901
26403,26409,27252,6,843,2,36000,1.00711743772
26404,26415,27425,11,1010,2,36000,1.01089108911
26405,26420,27685,15,1265,2,36000,1.01185770751
26406,26426,27240,20,814,2,36000,1.02457002457
26408,26431,27453,23,1022,2,36000,1.02250489237
26430,26437,27290,7,853,2,36000,1.0082063306
26431,26442,27573,11,1131,2,36000,1.00972590628
26448,26454,27221,6,767,2,36000,1.00782268579
26464,26470,27559,6,1089,2,36000,1.00550964187
26465,26476,27449,11,973,2,36000,1.01130524152
26481,26487,27434,6,947,2,36000,1.00633579725
26482,26493,27338,11,845,2,36000,1.01301775148
26505,26512,27407,7,895,2,36000,1.00782122905
26522,26528,27425,6,897,2,36000,1.00668896321
26541,26547,27600,6,1053,2,36000,1.0056980057
26542,26553,27431,11,878,2,36000,1.0125284738
26544,26558,27511,14,953,2,36000,1.01469045121
26545,26564,27585,19,1021,2,36000,1.01860920666
26546,26569,27640,23,1071,2,36000,1.02147525677
26562,26575,27433,13,858,2,36000,1.01515151515
26564,26580,27377,16,797,2,36000,1.02007528231
26580,26587,27678,7,1091,2,36000,1.00641613199
26582,26592,27576,10,984,2,36000,1.01016260163
26583,26599,27654,16,1055,2,36000,1.01516587678
26600,26606,27544,6,938,2,36000,1.00639658849
26601,26613,27522,12,909,2,36000,1.01320132013
26633,26639,27650,6,1011,2,36000,1.0059347181
26649,26655,27493,6,838,2,36000,1.00715990453
26650,26661,27444,11,783,2,36000,1.01404853129
26674,26680,27540,6,860,2,36000,1.00697674419
26676,26686,27525,10,839,2,36000,1.01191895113
26677,26691,27927,14,1236,2,36000,1.01132686084
26678,26696,27803,18,1107,2,36000,1.0162601626
26694,26702,27535,8,833,2,36000,1.00960384154
26711,26717,27513,6,796,2,36000,1.00753768844
26727,26733,27573,6,840,2,36000,1.00714285714
26744,26750,27893,6,1143,2,36000,1.00524934383
26745,26756,27962,11,1206,2,36000,1.00912106136
26761,26767,27549,6,782,2,36000,1.00767263427
26777,26783,27905,6,1122,2,36000,1.00534759358
26793,26799,27835,6,1036,2,36000,1.00579150579
26794,26805,28123,11,1318,2,36000,1.00834597876
26810,26816,27570,6,754,2,36000,1.00795755968
26826,26833,27687,7,854,2,36000,1.00819672131
26828,26839,27618,11,779,2,36000,1.01412066752
26844,26850,27924,6,1074,2,36000,1.00558659218
26860,26866,28111,6,1245,2,36000,1.00481927711
26862,26872,27736,10,864,2,36000,1.01157407407
26878,26884,27837,6,953,2,36000,1.00629590766
26894,26900,27747,6,847,2,36000,1.00708382527
26911,26916,28028,5,1112,2,36000,1.00449640288
26912,26922,27872,10,950,2,36000,1.01052631579
26930,26936,27862,6,926,2,36000,1.00647948164
26931,26942,27860,11,918,2,36000,1.01198257081
26932,26947,27794,15,847,2,36000,1.01770956316
26950,26956,27853,6,897,2,36000,1.00668896321
26966,26972,28138,6,1166,2,36000,1.0051457976
26968,26978,28120,10,1142,2,36000,1.00875656743
26985,26991,28197,6,1206,2,36000,1.00497512438
26987,26997,27909,10,912,2,36000,1.01096491228
26988,27002,28058,14,1056,2,36000,1.01325757576
27008,27015,27802,7,787,2,36000,1.00889453621
27010,27021,28044,11,1023,2,36000,1.01075268817
27011,27026,27934,15,908,2,36000,1.01651982379
27013,27032,27876,19,844,2,36000,1.02251184834
27014,27037,27905,23,868,2,36000,1.02649769585
27032,27043,27881,11,838,2,36000,1.01312649165
27033,27049,27942,16,893,2,36000,1.01791713326
27034,27054,28206,20,1152,2,36000,1.01736111111
27036,27059,27933,23,874,2,36000,1.02631578947
27037,27064,27988,27,924,2,36000,1.02922077922
27055,27070,28000,15,930,2,36000,1.01612903226
27057,27075,28052,18,977,2,36000,1.01842374616
27074,27081,28281,7,1200,2,36000,1.00583333333
27075,27086,27871,11,785,2,36000,1.01401273885
27105,27111,28311,6,1200,2,36000,1.005
27128,27134,27926,6,792,2,36000,1.00757575758
27145,27151,28457,6,1306,2,36000,1.0045941807
27147,27157,27975,10,818,2,36000,1.01222493888
27148,27162,28381,14,1219,2,36000,1.01148482363
27149,27168,28246,19,1078,2,36000,1.01762523191
27167,27174,28119,7,945,2,36000,1.00740740741
27168,27179,28011,11,832,2,36000,1.01322115385
27170,27186,28061,16,875,2,36000,1.01828571429
27171,27191,28193,20,1002,2,36000,1.01996007984
27211,27217,27999,6,782,2,36000,1.00767263427
27213,27223,28346,10,1123,2,36000,1.0089047195
27214,27228,28241,14,1013,2,36000,1.01382033564
27233,27239,28245,6,1006,2,36000,1.00596421471
27234,27245,28374,11,1129,2,36000,1.00974313552
27252,27258,28280,6,1022,2,36000,1.00587084149
27253,27264,28221,11,957,2,36000,1.01149425287
27255,27269,28155,14,886,2,36000,1.0158013544
27256,27275,28274,19,999,2,36000,1.01901901902
27257,27280,28234,23,954,2,36000,1.02410901468
27258,27285,28395,27,1110,2,36000,1.02432432432
27277,27291,28175,14,884,2,36000,1.01583710407
27278,27296,28155,18,859,2,36000,1.02095459837
27280,27302,28084,22,782,2,36000,1.02813299233
27296,27308,28361,12,1053,2,36000,1.0113960114
27313,27319,28469,6,1150,2,36000,1.0052173913
27340,27347,28579,7,1232,2,36000,1.00568181818
27342,27352,28306,10,954,2,36000,1.01048218029
27359,27365,28397,6,1032,2,36000,1.00581395349
27380,27386,28203,6,817,2,36000,1.00734394125
27381,27392,28388,11,996,2,36000,1.01104417671
27382,27398,28502,16,1104,2,36000,1.01449275362
27409,27415,28564,6,1149,2,36000,1.00522193211
27427,27433,28487,6,1054,2,36000,1.00569259962
27429,27439,28457,10,1018,2,36000,1.00982318271
27430,27444,28420,14,976,2,36000,1.0143442623
27452,27459,28255,7,796,2,36000,1.00879396985
27454,27465,28258,11,793,2,36000,1.01387137453
27455,27470,28390,15,920,2,36000,1.01630434783
27456,27476,28697,20,1221,2,36000,1.01638001638
27458,27481,28265,23,784,2,36000,1.02933673469
27459,27486,28398,27,912,2,36000,1.02960526316
27460,27492,28760,32,1268,2,36000,1.02523659306
27462,27497,28511,35,1014,2,36000,1.03451676529
27481,27503,28704,22,1201,2,36000,1.01831806828
27482,27508,28663,26,1155,2,36000,1.02251082251
27499,27514,28401,15,887,2,36000,1.01691093574
27517,27523,28627,6,1104,2,36000,1.00543478261
27518,27529,28457,11,928,2,36000,1.01185344828
27519,27534,28609,15,1075,2,36000,1.01395348837
27536,27543,28435,7,892,2,36000,1.00784753363
27538,27549,28655,11,1106,2,36000,1.00994575045
27539,27555,28657,16,1102,2,36000,1.01451905626
27540,27560,28491,20,931,2,36000,1.02148227712
27558,27566,28773,8,1207,2,36000,1.00662800331
27559,27571,28442,12,871,2,36000,1.01377726751
27561,27577,28577,16,1000,2,36000,1.016
27562,27583,28622,21,1039,2,36000,1.02021174206
27582,27589,28431,7,842,2,36000,1.00831353919
27583,27595,28748,12,1153,2,36000,1.01040763226
27585,27601,28646,16,1045,2,36000,1.01531100478
27586,27606,28769,20,1163,2,36000,1.01719690456
27587,27612,28601,25,989,2,36000,1.02527805865
27604,27618,28710,14,1092,2,36000,1.01282051282
27606,27623,28764,17,1141,2,36000,1.01489921122
27622,27629,28725,7,1096,2,36000,1.00638686131
27642,27648,28766,6,1118,2,36000,1.0053667263
27659,27665,28623,6,958,2,36000,1.00626304802
27660,27671,28597,11,926,2,36000,1.01187904968
27680,27686,28576,6,890,2,36000,1.00674157303
27698,27704,28759,6,1055,2,36000,1.00568720379
27699,27710,28824,11,1114,2,36000,1.00987432675
27739,27745,28634,6,889,2,36000,1.00674915636
27756,27762,28545,6,783,2,36000,1.00766283525
27800,27806,28618,6,812,2,36000,1.00738916256
27817,27823,28671,6,848,2,36000,1.0070754717
27818,27829,28932,11,1103,2,36000,1.00997280145
27838,27844,28683,6,839,2,36000,1.00715137068
27840,27850,28846,10,996,2,36000,1.01004016064
27856,27862,28836,6,974,2,36000,1.00616016427
27874,27880,28743,6,863,2,36000,1.00695249131
27875,27886,28774,11,888,2,36000,1.01238738739
27876,27891,28764,15,873,2,36000,1.01718213058
27878,27897,29227,19,1330,2,36000,1.01428571429
27896,27903,28786,7,883,2,36000,1.00792751982
27897,27908,29007,11,1099,2,36000,1.01000909918
27899,27914,29047,15,1133,2,36000,1.013239188
27918,27924,29091,6,1167,2,36000,1.00514138817
27919,27930,28746,11,816,2,36000,1.01348039216
27921,27935,28721,14,786,2,36000,1.01781170483
27922,27941,28684,19,743,2,36000,1.02557200538
27941,27947,29072,6,1125,2,36000,1.00533333333
27943,27953,29063,10,1110,2,36000,1.00900900901
27944,27958,28755,14,797,2,36000,1.01756587202
27945,27964,28856,19,892,2,36000,1.02130044843
27947,27969,29092,22,1123,2,36000,1.0195903829
27948,27975,29013,27,1038,2,36000,1.02601156069
27965,27980,29036,15,1056,2,36000,1.01420454545
27982,27988,29063,6,1075,2,36000,1.00558139535
28004,28010,29346,6,1336,2,36000,1.00449101796
28006,28016,29096,10,1080,2,36000,1.00925925926
28007,28021,29018,14,997,2,36000,1.01404212638
28025,28031,28918,6,887,2,36000,1.0067643743
28042,28048,28739,6,691,2,36000,1.00868306802
28059,28065,29149,6,1084,2,36000,1.00553505535
28060,28071,28834,11,763,2,36000,1.01441677588
28061,28076,28824,15,748,2,36000,1.02005347594
28062,28082,29112,20,1030,2,36000,1.01941747573
28087,28093,29282,6,1189,2,36000,1.00504625736
28113,28119,28977,6,858,2,36000,1.00699300699
28140,28146,28937,6,791,2,36000,1.00758533502
28141,28152,29146,11,994,2,36000,1.01106639839
28143,28157,29408,14,1251,2,36000,1.01119104716
28144,28163,29034,19,871,2,36000,1.02181400689
28161,28168,29102,7,934,2,36000,1.00749464668
28163,28174,29198,11,1024,2,36000,1.0107421875
28179,28185,29070,6,885,2,36000,1.00677966102
28204,28211,29378,7,1167,2,36000,1.0059982862
28206,28217,29063,11,846,2,36000,1.01300236407
28207,28223,29150,16,927,2,36000,1.01725997843
28209,28228,29151,19,923,2,36000,1.02058504875
28226,28234,29369,8,1135,2,36000,1.00704845815
28242,28248,29361,6,1113,2,36000,1.00539083558
28243,28254,29214,11,960,2,36000,1.01145833333
28260,28266,29222,6,956,2,36000,1.00627615063
28262,28272,29267,10,995,2,36000,1.01005025126
28263,28277,29385,14,1108,2,36000,1.01263537906
28264,28282,29342,18,1060,2,36000,1.01698113208
28282,28289,29153,7,864,2,36000,1.00810185185
28283,28294,29546,11,1252,2,36000,1.00878594249
28284,28300,29439,16,1139,2,36000,1.01404741001
28286,28305,29434,19,1129,2,36000,1.01682905226
28308,28314,29535,6,1221,2,36000,1.00491400491
28324,28330,29454,6,1124,2,36000,1.00533807829
28350,28356,29576,6,1220,2,36000,1.00491803279
28366,28372,29237,6,865,2,36000,1.00693641618
28381,28387,29247,6,860,2,36000,1.00697674419
28383,28393,29509,10,1116,2,36000,1.00896057348
28401,28406,29301,5,895,2,36000,1.00558659218
28402,28413,29351,11,938,2,36000,1.01172707889
28403,28418,29584,15,1166,2,36000,1.012864494
28405,28424,29324,19,900,2,36000,1.02111111111
28406,28429,29375,23,946,2,36000,1.02431289641
28407,28434,29742,27,1308,2,36000,1.02064220183
28424,28440,29486,16,1046,2,36000,1.01529636711
28440,28446,29636,6,1190,2,36000,1.00504201681
28441,28452,29406,11,954,2,36000,1.01153039832
28457,28463,29226,6,763,2,36000,1.00786369594
28458,28469,29559,11,1090,2,36000,1.01009174312
28459,28475,29534,16,1059,2,36000,1.01510859301
28461,28480,29273,19,793,2,36000,1.02395964691
28480,28486,29452,6,966,2,36000,1.00621118012
28497,28503,29488,6,985,2,36000,1.00609137056
28498,28509,29557,11,1048,2,36000,1.01049618321
28515,28521,29474,6,953,2,36000,1.00629590766
28516,28527,29585,11,1058,2,36000,1.01039697543
28547,28554,29453,7,899,2,36000,1.00778642937
28572,28578,29708,6,1130,2,36000,1.00530973451
28589,28595,29653,6,1058,2,36000,1.0056710775
28590,28601,29521,11,920,2,36000,1.01195652174
28592,28606,29764,14,1158,2,36000,1.01208981002
28608,28614,29604,6,990,2,36000,1.00606060606
28609,28620,29691,11,1071,2,36000,1.01027077498
28626,28632,29787,6,1155,2,36000,1.00519480519
28627,28638,29564,11,926,2,36000,1.01187904968
28629,28643,29467,14,824,2,36000,1.01699029126
28630,28648,29766,18,1118,2,36000,1.01610017889
28647,28654,29816,7,1162,2,36000,1.00602409639
28648,28659,29514,11,855,2,36000,1.01286549708
28650,28665,29591,15,926,2,36000,1.0161987041
28667,28673,29834,6,1161,2,36000,1.00516795866
28668,28679,29585,11,906,2,36000,1.01214128035
28670,28684,29477,14,793,2,36000,1.01765447667
28686,28693,29528,7,835,2,36000,1.00838323353
28688,28699,29780,11,1081,2,36000,1.01017576318
28689,28704,29585,15,881,2,36000,1.0170261067
28707,28713,29767,6,1054,2,36000,1.00569259962
28708,28719,29615,11,896,2,36000,1.01227678571
28725,28731,29720,6,989,2,36000,1.00606673407
28726,28737,29780,11,1043,2,36000,1.01054650048
28728,28742,29681,14,939,2,36000,1.01490947817
28744,28749,29884,5,1135,2,36000,1.00440528634
28745,28755,29750,10,995,2,36000,1.01005025126
28763,28769,30063,6,1294,2,36000,1.00463678516
28764,28775,29833,11,1058,2,36000,1.01039697543
28765,28781,29583,16,802,2,36000,1.01995012469
28767,28786,29938,19,1152,2,36000,1.01649305556
28768,28791,29718,23,927,2,36000,1.02481121899
28786,28797,29690,11,893,2,36000,1.01231802912
28787,28803,29644,16,841,2,36000,1.01902497027
28789,28808,29953,19,1145,2,36000,1.01659388646
28790,28813,29832,23,1019,2,36000,1.02257114818
28791,28818,29749,27,931,2,36000,1.02900107411
28793,28824,30044,31,1220,2,36000,1.02540983607
28794,28829,29779,35,950,2,36000,1.03684210526
28830,28835,29759,5,924,2,36000,1.00541125541
28831,28841,29925,10,1084,2,36000,1.00922509225
28847,28853,29776,6,923,2,36000,1.00650054171
28848,28859,29685,11,826,2,36000,1.01331719128
28849,28864,29702,15,838,2,36000,1.01789976134
28867,28873,29701,6,828,2,36000,1.00724637681
28925,28931,30124,6,1193,2,36000,1.0050293378
28941,28947,30039,6,1092,2,36000,1.00549450549
28943,28953,29961,10,1008,2,36000,1.00992063492
28980,28987,30195,7,1208,2,36000,1.00579470199
29009,29015,30194,6,1179,2,36000,1.00508905852
29026,29032,30066,6,1034,2,36000,1.00580270793
29027,29038,30312,11,1274,2,36000,1.00863422292
29043,29049,30131,6,1082,2,36000,1.00554528651
29045,29055,29878,10,823,2,36000,1.01215066829
29060,29066,30083,6,1017,2,36000,1.00589970501
29076,29083,30062,7,979,2,36000,1.00715015322
29078,29089,30092,11,1003,2,36000,1.0109670987
29079,29094,30225,15,1131,2,36000,1.01326259947
29080,29099,29996,19,897,2,36000,1.02118171683
29082,29105,29942,23,837,2,36000,1.027479092
29098,29111,29972,13,861,2,36000,1.01509872242
29100,29117,29908,17,791,2,36000,1.02149178255
29101,29122,30188,21,1066,2,36000,1.01969981238
29118,29128,29998,10,870,2,36000,1.01149425287
29119,29134,30148,15,1014,2,36000,1.01479289941
29148,29154,29942,6,788,2,36000,1.0076142132
29165,29171,30275,6,1104,2,36000,1.00543478261
29166,29177,29901,11,724,2,36000,1.01519337017
29168,29182,30068,14,886,2,36000,1.0158013544
29169,29187,30249,18,1062,2,36000,1.01694915254
29200,29207,30367,7,1160,2,36000,1.00603448276
29216,29223,30349,7,1126,2,36000,1.00621669627
29238,29244,30098,6,854,2,36000,1.00702576112
29239,29250,30091,11,841,2,36000,1.01307966706
29240,29255,30297,15,1042,2,36000,1.01439539347
29242,29261,30044,19,783,2,36000,1.02426564496
29259,29268,30302,9,1034,2,36000,1.0087040619
29280,29286,29954,6,668,2,36000,1.00898203593
29282,29292,30443,10,1151,2,36000,1.00868809731
29298,29304,30343,6,1039,2,36000,1.00577478345
29314,29320,30251,6,931,2,36000,1.00644468314
29331,29337,30374,6,1037,2,36000,1.00578592093
29348,29354,30171,6,817,2,36000,1.00734394125
29349,29360,30226,11,866,2,36000,1.01270207852
29365,29371,30451,6,1080,2,36000,1.00555555556
29367,29377,30189,10,812,2,36000,1.01231527094
29383,29389,30491,6,1102,2,36000,1.0054446461
29385,29395,30567,10,1172,2,36000,1.00853242321
29386,29400,30442,14,1042,2,36000,1.01343570058
29402,29408,30626,6,1218,2,36000,1.00492610837
29418,29424,30521,6,1097,2,36000,1.00546946217
29419,29430,30465,11,1035,2,36000,1.01062801932
29436,29442,30439,6,997,2,36000,1.00601805416
29451,29458,30532,7,1074,2,36000,1.00651769088
29453,29464,30409,11,945,2,36000,1.01164021164
29470,29476,30270,6,794,2,36000,1.00755667506
29471,29482,30606,11,1124,2,36000,1.00978647687
29473,29487,30219,14,732,2,36000,1.01912568306
29490,29496,30389,6,893,2,36000,1.00671892497
29491,29502,30599,11,1097,2,36000,1.01002734731
29492,29508,30713,16,1205,2,36000,1.0132780083
29494,29513,30476,19,963,2,36000,1.01973001038
29512,29519,30669,7,1150,2,36000,1.00608695652
29529,29535,30744,6,1209,2,36000,1.00496277916
29530,29541,30623,11,1082,2,36000,1.0101663586
29531,29546,30517,15,971,2,36000,1.01544799176
29548,29554,30361,6,807,2,36000,1.00743494424
29549,29560,30414,11,854,2,36000,1.01288056206
29551,29565,30631,14,1066,2,36000,1.01313320826
29567,29573,30719,6,1146,2,36000,1.00523560209
29568,29579,30481,11,902,2,36000,1.01219512195
29570,29585,30481,15,896,2,36000,1.01674107143
29589,29595,30636,6,1041,2,36000,1.00576368876
29590,29602,30528,12,926,2,36000,1.01295896328
29592,29607,30731,15,1124,2,36000,1.01334519573
29593,29612,30440,19,828,2,36000,1.0229468599
29594,29617,30738,23,1121,2,36000,1.02051739518
29596,29622,30682,26,1060,2,36000,1.02452830189
29612,29629,30405,17,776,2,36000,1.02190721649
29614,29635,30667,21,1032,2,36000,1.02034883721
29615,29640,30634,25,994,2,36000,1.02515090543
29637,29646,30746,9,1100,2,36000,1.00818181818
29653,29660,30801,7,1141,2,36000,1.00613496933
29655,29665,30552,10,887,2,36000,1.01127395716
29683,29690,30777,7,1087,2,36000,1.00643974241
29701,29707,31190,6,1483,2,36000,1.004045853
29702,29713,30572,11,859,2,36000,1.01280558789
29704,29718,30676,14,958,2,36000,1.01461377871
29705,29724,30427,19,703,2,36000,1.02702702703
29723,29730,30896,7,1166,2,36000,1.00600343053
29724,29735,30516,11,781,2,36000,1.01408450704
29725,29741,30717,16,976,2,36000,1.01639344262
29727,29746,30971,19,1225,2,36000,1.01551020408
29746,29752,30688,6,936,2,36000,1.00641025641
29763,29769,30640,6,871,2,36000,1.00688863375
29764,29775,30800,11,1025,2,36000,1.01073170732
29766,29780,30645,14,865,2,36000,1.0161849711
29767,29786,30628,19,842,2,36000,1.02256532067
29785,29793,30753,8,960,2,36000,1.00833333333
29786,29798,30808,12,1010,2,36000,1.01188118812
29788,29804,30946,16,1142,2,36000,1.01401050788
29789,29809,30706,20,897,2,36000,1.02229654404
29790,29815,30938,25,1123,2,36000,1.02226179875
29792,29820,30661,28,841,2,36000,1.03329369798
29808,29826,30806,18,980,2,36000,1.01836734694
29823,29832,30670,9,838,2,36000,1.0107398568
29841,29847,30841,6,994,2,36000,1.0060362173
29842,29853,30970,11,1117,2,36000,1.00984780662
29843,29858,30899,15,1041,2,36000,1.0144092219
29881,29887,30708,6,821,2,36000,1.00730816078
29897,29903,30765,6,862,2,36000,1.00696055684
29913,29919,30675,6,756,2,36000,1.00793650794
29915,29925,30847,10,922,2,36000,1.01084598698
29931,29937,30849,6,912,2,36000,1.00657894737
29948,29954,31061,6,1107,2,36000,1.0054200542
29949,29960,31024,11,1064,2,36000,1.01033834586
29950,29965,30989,15,1024,2,36000,1.0146484375
29967,29972,31029,5,1057,2,36000,1.00473036897
29968,29979,31030,11,1051,2,36000,1.01046622265
29970,29984,31019,14,1035,2,36000,1.01352657005
29985,29991,30898,6,907,2,36000,1.00661521499
30002,30008,31193,6,1185,2,36000,1.00506329114
30003,30014,31214,11,1200,2,36000,1.00916666667
30041,30047,30810,6,763,2,36000,1.00786369594
30057,30063,31189,6,1126,2,36000,1.0053285968
30058,30069,30880,11,811,2,36000,1.01356350185
30075,30081,31285,6,1204,2,36000,1.0049833887
30077,30087,31167,10,1080,2,36000,1.00925925926
30078,30092,31224,14,1132,2,36000,1.01236749117
30079,30098,31000,19,902,2,36000,1.02106430155
30096,30104,30914,8,810,2,36000,1.00987654321
30098,30110,30913,12,803,2,36000,1.01494396015
30099,30116,30918,17,802,2,36000,1.02119700748
30115,30122,30929,7,807,2,36000,1.00867410161
30130,30137,30980,7,843,2,36000,1.00830367734
30132,30143,30921,11,778,2,36000,1.01413881748
30151,30158,31060,7,902,2,36000,1.00776053215
30173,30180,31202,7,1022,2,36000,1.00684931507
30190,30196,31458,6,1262,2,36000,1.00475435816
30192,30202,31383,10,1181,2,36000,1.00846740051
30208,30214,31434,6,1220,2,36000,1.00491803279
30209,30220,31301,11,1081,2,36000,1.01017576318
30225,30231,31077,6,846,2,36000,1.00709219858
30227,30237,31316,10,1079,2,36000,1.00926784059
30228,30242,31206,14,964,2,36000,1.01452282158
30252,30258,31091,6,833,2,36000,1.00720288115
30253,30264,31397,11,1133,2,36000,1.00970873786
30272,30278,31514,6,1236,2,36000,1.00485436893
30287,30293,31423,6,1130,2,36000,1.00530973451
30303,30310,31305,7,995,2,36000,1.00703517588
30305,30316,31213,11,897,2,36000,1.01226309922
30320,30327,31325,7,998,2,36000,1.00701402806
30344,30350,31312,6,962,2,36000,1.00623700624
30361,30367,31397,6,1030,2,36000,1.00582524272
30378,30384,31416,6,1032,2,36000,1.00581395349
30379,30390,31269,11,879,2,36000,1.01251422071
30380,30395,31409,15,1014,2,36000,1.01479289941
30396,30402,31312,6,910,2,36000,1.00659340659
30413,30419,31515,6,1096,2,36000,1.00547445255
30414,30425,31522,11,1097,2,36000,1.01002734731
30430,30436,31286,6,850,2,36000,1.00705882353
30431,30442,31469,11,1027,2,36000,1.01071080818
30451,30457,31559,6,1102,2,36000,1.0054446461
30452,30463,31298,11,835,2,36000,1.01317365269
30453,30468,31394,15,926,2,36000,1.0161987041
30455,30474,31576,19,1102,2,36000,1.01724137931
30456,30479,31252,23,773,2,36000,1.0297542044
30473,30485,31480,12,995,2,36000,1.01206030151
30490,30496,31637,6,1141,2,36000,1.00525854514
30491,30502,31491,11,989,2,36000,1.0111223458
30493,30507,31717,14,1210,2,36000,1.01157024793
30512,30518,31746,6,1228,2,36000,1.00488599349
30529,30535,31473,6,938,2,36000,1.00639658849
30530,30541,31487,11,946,2,36000,1.01162790698
30532,30546,31616,14,1070,2,36000,1.01308411215
30533,30552,31408,19,856,2,36000,1.02219626168
30549,30558,31620,9,1062,2,36000,1.00847457627
30565,30571,31600,6,1029,2,36000,1.00583090379
30581,30587,31779,6,1192,2,36000,1.00503355705
30582,30593,31393,11,800,2,36000,1.01375
30601,30607,31745,6,1138,2,36000,1.00527240773
30617,30624,31482,7,858,2,36000,1.00815850816
30635,30641,31632,6,991,2,36000,1.00605449041
30637,30647,31612,10,965,2,36000,1.0103626943
30638,30653,31765,15,1112,2,36000,1.01348920863
30640,30658,31627,18,969,2,36000,1.01857585139
30641,30663,31468,22,805,2,36000,1.02732919255
30658,30669,31367,11,698,2,36000,1.01575931232
30659,30675,31498,16,823,2,36000,1.01944106926
30661,30680,31478,19,798,2,36000,1.02380952381
30679,30686,31454,7,768,2,36000,1.00911458333
30681,30692,31520,11,828,2,36000,1.01328502415
30682,30697,31526,15,829,2,36000,1.01809408926
30684,30702,31843,18,1141,2,36000,1.01577563541
30685,30708,31758,23,1050,2,36000,1.0219047619
30686,30713,31604,27,891,2,36000,1.0303030303
30702,30719,31694,17,975,2,36000,1.01743589744
30704,30725,31626,21,901,2,36000,1.02330743618
30720,30731,31433,11,702,2,36000,1.01566951567
30722,30737,31800,15,1063,2,36000,1.01411100659
30723,30742,31743,19,1001,2,36000,1.01898101898
30724,30747,31548,23,801,2,36000,1.02871410737
30726,30752,31900,26,1148,2,36000,1.02264808362
30743,30759,31623,16,864,2,36000,1.01851851852
30745,30764,31699,19,935,2,36000,1.02032085561
30761,30770,31606,9,836,2,36000,1.01076555024
30763,30775,31856,12,1081,2,36000,1.01110083256
30764,30780,31953,16,1173,2,36000,1.0136402387
30781,30786,31844,5,1058,2,36000,1.00472589792
30782,30792,31997,10,1205,2,36000,1.00829875519
30801,30807,31862,6,1055,2,36000,1.00568720379
30803,30813,31744,10,931,2,36000,1.01074113856
30820,30826,31666,6,840,2,36000,1.00714285714
30821,30832,31838,11,1006,2,36000,1.01093439364
30822,30837,31759,15,922,2,36000,1.01626898048
30845,30851,31792,6,941,2,36000,1.00637619554
30862,30868,32104,6,1236,2,36000,1.00485436893
30863,30874,31952,11,1078,2,36000,1.01020408163
30882,30888,31999,6,1111,2,36000,1.00540054005
30898,30904,31932,6,1028,2,36000,1.00583657588
30899,30910,31853,11,943,2,36000,1.01166489926
30916,30922,32018,6,1096,2,36000,1.00547445255
30917,30928,31815,11,887,2,36000,1.01240135287
30918,30933,31766,15,833,2,36000,1.01800720288
30935,30941,32080,6,1139,2,36000,1.00526777875
30936,31074,32206,138,1132,32,356400,1.12190812721
30937,30947,31901,10,954,2,36000,1.01048218029
30938,30957,31951,19,994,2,36000,1.01911468813
30955,30964,31956,9,992,2,36000,1.00907258065
30963,30970,31948,7,978,2,36000,1.00715746421
30979,30985,31833,6,848,2,36000,1.0070754717
30981,30991,31902,10,911,2,36000,1.01097694841
30997,31003,31865,6,862,2,36000,1.00696055684
30998,31009,32079,11,1070,2,36000,1.01028037383
31015,31021,32036,6,1015,2,36000,1.00591133005
31031,31037,31962,6,925,2,36000,1.00648648649
31033,31043,32181,10,1138,2,36000,1.00878734622
31034,31048,31936,14,888,2,36000,1.01576576577
31035,31054,31988,19,934,2,36000,1.02034261242
31062,31068,31933,6,865,2,36000,1.00693641618
31063,31080,32100,17,1020,2,36000,1.01666666667
31079,31088,31934,9,846,2,36000,1.01063829787
31095,31102,32194,7,1092,2,36000,1.00641025641
31170,31178,32112,8,934,2,36000,1.00856531049
31190,31200,32385,10,1185,2,36000,1.00843881857
31207,31212,32586,5,1374,2,36000,1.00363901019
31208,31218,32257,10,1039,2,36000,1.00962463908
31209,31224,32237,15,1013,2,36000,1.01480750247
31211,31229,32195,18,966,2,36000,1.01863354037
31228,31235,32343,7,1108,2,36000,1.00631768953
31229,31245,32081,16,836,2,36000,1.01913875598
31230,31251,32575,21,1324,2,36000,1.01586102719
31256,31263,32050,7,787,2,36000,1.00889453621
31272,31285,32318,13,1033,2,36000,1.01258470474
31288,31296,32394,8,1098,2,36000,1.0072859745
31289,31302,32337,13,1035,2,36000,1.01256038647
31306,31312,32587,6,1275,2,36000,1.00470588235
31308,31318,32559,10,1241,2,36000,1.00805801773
31309,31324,32482,15,1158,2,36000,1.01295336788
31326,31332,32398,6,1066,2,36000,1.00562851782
31327,31338,32208,11,870,2,36000,1.01264367816
31329,31343,32355,14,1012,2,36000,1.01383399209
31330,31349,32438,19,1089,2,36000,1.01744719927
31368,31378,32301,10,923,2,36000,1.01083423619
31384,31394,32293,10,899,2,36000,1.01112347052
31401,31407,32204,6,797,2,36000,1.00752823087
31403,31413,32333,10,920,2,36000,1.01086956522
31404,31419,32433,15,1014,2,36000,1.01479289941
31405,31424,32500,19,1076,2,36000,1.01765799257
31422,31430,32239,8,809,2,36000,1.00988875155
31423,31435,32497,12,1062,2,36000,1.01129943503
31424,31441,32479,17,1038,2,36000,1.01637764933
31441,31447,32544,6,1097,2,36000,1.00546946217
31442,31453,32534,11,1081,2,36000,1.01017576318
31444,31458,32516,14,1058,2,36000,1.01323251418
31459,31466,32530,7,1064,2,36000,1.00657894737
31461,31472,32465,11,993,2,36000,1.0110775428
31478,31484,32674,6,1190,2,36000,1.00504201681
31480,31490,32288,10,798,2,36000,1.01253132832
31481,31495,32284,14,789,2,36000,1.01774397972
31482,31501,32396,19,895,2,36000,1.02122905028
31500,31507,32287,7,780,2,36000,1.00897435897
31501,31513,32498,12,985,2,36000,1.01218274112
31502,31519,32723,17,1204,2,36000,1.01411960133
31504,31524,32410,20,886,2,36000,1.02257336343
31505,31530,32419,25,889,2,36000,1.02812148481
31525,31537,32540,12,1003,2,36000,1.01196410768
31527,31542,32424,15,882,2,36000,1.01700680272
31528,31547,32421,19,874,2,36000,1.02173913043
31529,31552,32472,23,920,2,36000,1.025
31546,31558,32517,12,959,2,36000,1.01251303441
31562,31568,32420,6,852,2,36000,1.00704225352
31564,31574,32456,10,882,2,36000,1.01133786848
31579,31587,32382,8,795,2,36000,1.01006289308
31602,31611,32458,9,847,2,36000,1.0106257379
31619,31625,32760,6,1135,2,36000,1.00528634361
31621,31631,32655,10,1024,2,36000,1.009765625
31622,31636,32445,14,809,2,36000,1.0173053152
31623,31642,32475,19,833,2,36000,1.02280912365
31641,31648,32799,7,1151,2,36000,1.00608166811
31643,31654,32467,11,813,2,36000,1.0135301353
31644,31660,32560,16,900,2,36000,1.01777777778
31645,31665,32430,20,765,2,36000,1.02614379085
31647,31671,32490,24,819,2,36000,1.0293040293
31648,31676,32486,28,810,2,36000,1.03456790123
31670,31682,32705,12,1023,2,36000,1.01173020528
31695,31706,32475,11,769,2,36000,1.01430429129
31711,31718,32860,7,1142,2,36000,1.0061295972
31728,31735,32836,7,1101,2,36000,1.00635785649
31745,31754,32771,9,1017,2,36000,1.00884955752
31747,31760,32542,13,782,2,36000,1.01662404092
31748,31766,32663,18,897,2,36000,1.02006688963
31750,31771,32605,21,834,2,36000,1.02517985612
31769,31777,32951,8,1174,2,36000,1.00681431005
31770,31782,32797,12,1015,2,36000,1.0118226601
31771,31788,32672,17,884,2,36000,1.01923076923
31773,31793,32770,20,977,2,36000,1.02047082907
31789,31800,32643,11,843,2,36000,1.01304863582
31805,31811,32945,6,1134,2,36000,1.00529100529
31807,31817,32947,10,1130,2,36000,1.00884955752
31823,31829,32867,6,1038,2,36000,1.00578034682
31840,31846,32969,6,1123,2,36000,1.0053428317
31841,31852,32784,11,932,2,36000,1.01180257511
31858,31864,32740,6,876,2,36000,1.00684931507
31859,31870,33429,11,1559,2,36000,1.007055805
31861,31876,32857,15,981,2,36000,1.01529051988
31862,31881,32619,19,738,2,36000,1.02574525745
31879,31887,32885,8,998,2,36000,1.00801603206
31880,31892,33012,12,1120,2,36000,1.01071428571
31903,31911,33137,8,1226,2,36000,1.00652528548
31904,31917,32932,13,1015,2,36000,1.01280788177
31906,31922,32868,16,946,2,36000,1.01691331924
31933,31944,32868,11,924,2,36000,1.0119047619
31935,31949,32672,14,723,2,36000,1.0193637621
31936,31955,33131,19,1176,2,36000,1.01615646259
31937,31960,33208,23,1248,2,36000,1.01842948718
31956,31967,32921,11,954,2,36000,1.01153039832
31957,31972,32717,15,745,2,36000,1.02013422819
31959,31977,32964,18,987,2,36000,1.01823708207
31960,31982,33104,22,1122,2,36000,1.01960784314
31961,31988,33140,27,1152,2,36000,1.0234375
31978,31994,32960,16,966,2,36000,1.016563147
31995,32001,32764,6,763,2,36000,1.00786369594
32012,32018,32880,6,862,2,36000,1.00696055684
32013,32024,32884,11,860,2,36000,1.01279069767
32029,32035,33158,6,1123,2,36000,1.0053428317
32045,32051,32813,6,762,2,36000,1.00787401575
32061,32067,33055,6,988,2,36000,1.00607287449
32081,32091,32993,10,902,2,36000,1.0110864745
32082,32096,33157,14,1061,2,36000,1.01319509896
32084,32102,33497,18,1395,2,36000,1.01290322581
32102,32112,33055,10,943,2,36000,1.01060445387
32119,32125,33206,6,1081,2,36000,1.00555041628
32120,32131,33052,11,921,2,36000,1.01194353963
32183,32189,33067,6,878,2,36000,1.00683371298
32200,32205,33172,5,967,2,36000,1.00517063082
32201,32211,33226,10,1015,2,36000,1.00985221675
32217,32223,33394,6,1171,2,36000,1.00512382579
32218,32229,33446,11,1217,2,36000,1.00903861956
32240,32246,33391,6,1145,2,36000,1.00524017467
32241,32252,33036,11,784,2,36000,1.01403061224
32261,32267,33350,6,1083,2,36000,1.0055401662
32287,32293,33111,6,818,2,36000,1.00733496333
32288,32299,33324,11,1025,2,36000,1.01073170732
32305,32312,33222,7,910,2,36000,1.00769230769
32307,32318,33493,11,1175,2,36000,1.00936170213
32308,32323,33261,15,938,2,36000,1.01599147122
32324,32330,33328,6,998,2,36000,1.00601202405
32341,32347,33229,6,882,2,36000,1.00680272109
32342,32353,33401,11,1048,2,36000,1.01049618321
32359,32365,33546,6,1181,2,36000,1.0050804403
32360,32371,33277,11,906,2,36000,1.01214128035
32386,32392,33471,6,1079,2,36000,1.00556070436
32387,32398,33495,11,1097,2,36000,1.01002734731
32406,32412,33284,6,872,2,36000,1.00688073394
32407,32418,33305,11,887,2,36000,1.01240135287
32408,32423,33479,15,1056,2,36000,1.01420454545
32427,32432,33340,5,908,2,36000,1.00550660793
32428,32438,33553,10,1115,2,36000,1.00896860987
32429,32443,33560,14,1117,2,36000,1.01253357207
32431,32449,33622,18,1173,2,36000,1.01534526854
32432,32454,33462,22,1008,2,36000,1.02182539683
32449,32461,33424,12,963,2,36000,1.01246105919
32451,32466,33320,15,854,2,36000,1.01756440281
32452,32471,33308,19,837,2,36000,1.02270011947
32453,32476,33637,23,1161,2,36000,1.01981050818
32470,32482,33347,12,865,2,36000,1.01387283237
32472,32488,33473,16,985,2,36000,1.01624365482
32473,32493,33589,20,1096,2,36000,1.01824817518
32474,32498,33323,24,825,2,36000,1.02909090909
32493,32505,33651,12,1146,2,36000,1.01047120419
32495,32510,33582,15,1072,2,36000,1.01399253731
32496,32515,33452,19,937,2,36000,1.02027748132
32498,32521,33681,23,1160,2,36000,1.01982758621
32499,32526,33474,27,948,2,36000,1.02848101266
32500,32532,33306,32,774,2,36000,1.04134366925
32503,32537,33624,34,1087,2,36000,1.03127874885
32521,32542,33416,21,874,2,36000,1.02402745995
32522,32548,33483,26,935,2,36000,1.02780748663
32523,32554,33369,31,815,2,36000,1.03803680982
32525,32559,33376,34,817,2,36000,1.04161566707
32526,32564,33355,38,791,2,36000,1.04804045512
32543,32571,33566,28,995,2,36000,1.02814070352
32544,32576,33632,32,1056,2,36000,1.0303030303
32546,32581,33611,35,1030,2,36000,1.03398058252
32547,32586,33420,39,834,2,36000,1.04676258993
32564,32591,33432,27,841,2,36000,1.03210463734
32566,32598,33765,32,1167,2,36000,1.02742073693
32567,32603,33456,36,853,2,36000,1.04220398593
32584,32609,33748,25,1139,2,36000,1.02194907814
32600,32615,33749,15,1134,2,36000,1.01322751323
32601,32620,33678,19,1058,2,36000,1.0179584121
32618,32627,33501,9,874,2,36000,1.01029748284
32633,32640,33835,7,1195,2,36000,1.00585774059
32650,32656,33592,6,936,2,36000,1.00641025641
32666,32672,33489,6,817,2,36000,1.00734394125
32667,32678,33763,11,1085,2,36000,1.01013824885
32685,32691,33617,6,926,2,36000,1.00647948164
32686,32697,33658,11,961,2,36000,1.01144640999
32687,32702,33717,15,1015,2,36000,1.01477832512
32706,32712,33719,6,1007,2,36000,1.00595829196
32722,32728,33625,6,897,2,36000,1.00668896321
32738,32744,33821,6,1077,2,36000,1.00557103064
32754,32760,33574,6,814,2,36000,1.00737100737
32770,32777,33873,7,1096,2,36000,1.00638686131
32772,32783,33661,11,878,2,36000,1.0125284738
32773,32789,33739,16,950,2,36000,1.01684210526
32774,32794,33803,20,1009,2,36000,1.01982160555
32791,32800,33871,9,1071,2,36000,1.00840336134
32807,32813,33771,6,958,2,36000,1.00626304802
32809,32819,33723,10,904,2,36000,1.0110619469
32824,32831,33792,7,961,2,36000,1.00728407908
32840,32847,33706,7,859,2,36000,1.00814901048
32859,32866,33935,7,1069,2,36000,1.00654817587
32861,32872,33845,11,973,2,36000,1.01130524152
32877,32884,33810,7,926,2,36000,1.00755939525
32879,32890,33920,11,1030,2,36000,1.01067961165
32880,32895,33983,15,1088,2,36000,1.01378676471
32897,32903,33705,6,802,2,36000,1.00748129676
32899,32909,33937,10,1028,2,36000,1.00972762646
32900,32914,33769,14,855,2,36000,1.01637426901
32922,32928,34095,6,1167,2,36000,1.00514138817
32938,32944,34043,6,1099,2,36000,1.00545950864
32955,32961,33942,6,981,2,36000,1.00611620795
32956,32967,33850,11,883,2,36000,1.01245753114
32958,32972,33904,14,932,2,36000,1.01502145923
32975,32980,33914,5,934,2,36000,1.00535331906
32976,32986,34067,10,1081,2,36000,1.0092506938
32977,32991,33921,14,930,2,36000,1.01505376344
32997,33003,33954,6,951,2,36000,1.00630914826
33015,33022,33887,7,865,2,36000,1.00809248555
33037,33044,34041,7,997,2,36000,1.00702106319
33053,33060,34100,7,1040,2,36000,1.00673076923
33070,33076,33977,6,901,2,36000,1.00665926748
33071,33082,33895,11,813,2,36000,1.0135301353
33073,33087,33987,14,900,2,36000,1.01555555556
33108,33114,33951,6,837,2,36000,1.00716845878
33125,33131,33992,6,861,2,36000,1.00696864111
33142,33148,34006,6,858,2,36000,1.00699300699
33144,33155,33981,11,826,2,36000,1.01331719128
33145,33160,34370,15,1210,2,36000,1.01239669421
33162,33167,34440,5,1273,2,36000,1.00392772977
33163,33174,34281,11,1107,2,36000,1.00993676603
33179,33185,34034,6,849,2,36000,1.00706713781
33208,33214,33986,6,772,2,36000,1.00777202073
33209,33220,34409,11,1189,2,36000,1.00925147183
33225,33232,34269,7,1037,2,36000,1.00675024108
33242,33248,34132,6,884,2,36000,1.00678733032
33243,33254,34119,11,865,2,36000,1.01271676301
33262,33269,34487,7,1218,2,36000,1.00574712644
33278,33285,34064,7,779,2,36000,1.00898587933
33294,33300,34458,6,1158,2,36000,1.00518134715
33311,33317,34282,6,965,2,36000,1.00621761658
33312,33323,34320,11,997,2,36000,1.0110330993
33313,33329,34450,16,1121,2,36000,1.01427297056
33330,33337,34279,7,942,2,36000,1.00743099788
33332,33343,34573,11,1230,2,36000,1.00894308943
33333,33348,34563,15,1215,2,36000,1.01234567901
33334,33354,34573,20,1219,2,36000,1.01640689089
33351,33360,34658,9,1298,2,36000,1.00693374422
33352,33365,34488,13,1123,2,36000,1.01157613535
33353,33371,34451,18,1080,2,36000,1.01666666667
33370,33377,34605,7,1228,2,36000,1.00570032573
33371,33382,34424,11,1042,2,36000,1.01055662188
33388,33394,34299,6,905,2,36000,1.00662983425
33389,33400,34402,11,1002,2,36000,1.01097804391
33405,33411,34205,6,794,2,36000,1.00755667506
33407,33418,34134,11,716,2,36000,1.01536312849
33423,33430,34287,7,857,2,36000,1.008168028
33425,33436,34569,11,1133,2,36000,1.00970873786
33442,33448,34328,6,880,2,36000,1.00681818182
33444,33454,34283,10,829,2,36000,1.01206272618
33445,33459,34399,14,940,2,36000,1.01489361702
33462,33469,34522,7,1053,2,36000,1.00664767331
33464,33474,34264,10,790,2,36000,1.01265822785
33465,33480,34612,15,1132,2,36000,1.01325088339
33466,33486,34346,20,860,2,36000,1.02325581395
33484,33492,34524,8,1032,2,36000,1.00775193798
33485,33497,34656,12,1159,2,36000,1.01035375324
33487,33504,34508,17,1004,2,36000,1.01693227092
33488,33510,34504,22,994,2,36000,1.02213279678
33490,33515,34700,25,1185,2,36000,1.02109704641
33508,33521,34461,13,940,2,36000,1.01382978723
33509,33526,34496,17,970,2,36000,1.0175257732
33511,33532,34491,21,959,2,36000,1.02189781022
33512,33537,34444,25,907,2,36000,1.02756339581
33513,33542,34647,29,1105,2,36000,1.02624434389
33549,33555,34532,6,977,2,36000,1.00614124872
33565,33571,34648,6,1077,2,36000,1.00557103064
33566,33577,34542,11,965,2,36000,1.01139896373
33582,33588,34714,6,1126,2,36000,1.0053285968
33583,33594,34446,11,852,2,36000,1.01291079812
33585,33599,34468,14,869,2,36000,1.01611047181
33602,33608,34583,6,975,2,36000,1.00615384615
33603,33614,34472,11,858,2,36000,1.01282051282
33620,33626,34815,6,1189,2,36000,1.00504625736
33622,33632,34764,10,1132,2,36000,1.00883392226
33639,33645,34784,6,1139,2,36000,1.00526777875
33640,33651,34445,11,794,2,36000,1.01385390428
33642,33656,34488,14,832,2,36000,1.01682692308
33643,33662,34649,19,987,2,36000,1.01925025329
33644,33667,34526,23,859,2,36000,1.02677532014
33661,33673,34527,12,854,2,36000,1.01405152225
33662,33679,34617,17,938,2,36000,1.01812366738
33663,33684,34682,21,998,2,36000,1.02104208417
33679,33690,34726,11,1036,2,36000,1.01061776062
33695,33701,34733,6,1032,2,36000,1.00581395349
33711,33717,34922,6,1205,2,36000,1.00497925311
33713,33723,34919,10,1196,2,36000,1.00836120401
33729,33735,34864,6,1129,2,36000,1.00531443756
33731,33741,34525,10,784,2,36000,1.01275510204
33732,33746,34579,14,833,2,36000,1.01680672269
33748,33754,34501,6,747,2,36000,1.00803212851
33749,33760,34663,11,903,2,36000,1.01218161683
33751,33765,34876,14,1111,2,36000,1.01260126013
33768,33774,34606,6,832,2,36000,1.00721153846
33769,33780,34751,11,971,2,36000,1.01132852729
33785,33792,34607,7,815,2,36000,1.00858895706
33787,33797,34614,10,817,2,36000,1.01223990208
33803,33809,34680,6,871,2,36000,1.00688863375
33804,33815,34780,11,965,2,36000,1.01139896373
33821,33827,35023,6,1196,2,36000,1.00501672241
33822,33833,34715,11,882,2,36000,1.01247165533
33838,33845,34840,7,995,2,36000,1.00703517588
33855,33861,35109,6,1248,2,36000,1.00480769231
33856,33867,34990,11,1123,2,36000,1.00979519145
33872,33878,34787,6,909,2,36000,1.00660066007
33874,33884,34868,10,984,2,36000,1.01016260163
33892,33898,34892,6,994,2,36000,1.0060362173
33908,33914,34981,6,1067,2,36000,1.00562324274
33910,33920,34841,10,921,2,36000,1.0108577633
33926,33931,34757,5,826,2,36000,1.00605326877
33927,33937,34792,10,855,2,36000,1.01169590643
33928,33942,34969,14,1027,2,36000,1.01363193768
33946,33952,35016,6,1064,2,36000,1.00563909774
33947,33958,34785,11,827,2,36000,1.01330108827
33948,33963,34903,15,940,2,36000,1.01595744681
33965,33971,34781,6,810,2,36000,1.00740740741
33966,33977,34710,11,733,2,36000,1.01500682128
33982,33988,34833,6,845,2,36000,1.00710059172
33983,33994,35076,11,1082,2,36000,1.0101663586
33985,33999,34951,14,952,2,36000,1.01470588235
34002,34008,34771,6,763,2,36000,1.00786369594
34004,34014,35097,10,1083,2,36000,1.00923361034
34005,34019,34906,14,887,2,36000,1.01578354002
34020,34027,35363,7,1336,2,36000,1.00523952096
34036,34042,34817,6,775,2,36000,1.00774193548
34052,34058,35194,6,1136,2,36000,1.00528169014
34053,34064,34931,11,867,2,36000,1.01268742791
34070,34075,35061,5,986,2,36000,1.00507099391
34071,34081,35034,10,953,2,36000,1.01049317943
34097,34103,34904,6,801,2,36000,1.0074906367
34112,34119,35267,7,1148,2,36000,1.00609756098
34129,34135,35170,6,1035,2,36000,1.00579710145
34145,34151,35239,6,1088,2,36000,1.00551470588
34146,34157,35222,11,1065,2,36000,1.0103286385
34206,34213,35299,7,1086,2,36000,1.00644567219
34266,34272,35157,6,885,2,36000,1.00677966102
34284,34290,35295,6,1005,2,36000,1.00597014925
34286,34296,35161,10,865,2,36000,1.01156069364
34287,34301,35472,14,1171,2,36000,1.01195559351
34288,34307,35347,19,1040,2,36000,1.01826923077
34290,34312,35195,22,883,2,36000,1.02491506229
34307,34318,35149,11,831,2,36000,1.01323706378
34308,34323,35367,15,1044,2,36000,1.01436781609
34325,34331,35157,6,826,2,36000,1.00726392252
34342,34348,35164,6,816,2,36000,1.00735294118
34358,34364,35189,6,825,2,36000,1.00727272727
34374,34380,35525,6,1145,2,36000,1.00524017467
34400,34406,35527,6,1121,2,36000,1.00535236396
34416,34422,35286,6,864,2,36000,1.00694444444
34417,34428,35624,11,1196,2,36000,1.00919732441
34433,34439,35227,6,788,2,36000,1.0076142132
34450,34456,35393,6,937,2,36000,1.00640341515
34451,34462,35494,11,1032,2,36000,1.01065891473
34453,34467,35377,14,910,2,36000,1.01538461538
34454,34472,35334,18,862,2,36000,1.02088167053
34455,34477,35319,22,842,2,36000,1.02612826603
34457,34483,35343,26,860,2,36000,1.03023255814
34473,34488,35535,15,1047,2,36000,1.01432664756
34474,34494,35436,20,942,2,36000,1.02123142251
34476,34499,35520,23,1021,2,36000,1.02252693438
34477,34504,35360,27,856,2,36000,1.03154205607
34495,34510,35555,15,1045,2,36000,1.01435406699
34497,34516,35633,19,1117,2,36000,1.01700984781
34498,34521,35736,23,1215,2,36000,1.01893004115
34499,34526,35719,27,1193,2,36000,1.02263202012
34516,34532,35589,16,1057,2,36000,1.0151371807
34518,34538,35671,20,1133,2,36000,1.01765225066
34519,34543,35586,24,1043,2,36000,1.0230105465
34520,34548,35335,28,787,2,36000,1.03557814485
34537,34555,35614,18,1059,2,36000,1.01699716714
34539,34560,35329,21,769,2,36000,1.02730819246
34540,34565,35534,25,969,2,36000,1.0257997936
34541,34570,35546,29,976,2,36000,1.02971311475
34543,34575,35752,32,1177,2,36000,1.02718776551
34544,34581,35751,37,1170,2,36000,1.03162393162
34560,34587,35745,27,1158,2,36000,1.02331606218
34577,34592,35672,15,1080,2,36000,1.01388888889
34578,34597,35723,19,1126,2,36000,1.01687388988
34579,34602,35431,23,829,2,36000,1.02774427021
34581,34607,35641,26,1034,2,36000,1.0251450677
34599,34614,35630,15,1016,2,36000,1.01476377953
34600,34619,35717,19,1098,2,36000,1.01730418944
34621,34627,35392,6,765,2,36000,1.00784313725
34622,34633,35302,11,669,2,36000,1.01644245142
34624,34638,35540,14,902,2,36000,1.0155210643
34625,34643,35760,18,1117,2,36000,1.01611459266
34626,34649,35642,23,993,2,36000,1.02316213494
34628,34654,35820,26,1166,2,36000,1.02229845626
34652,34660,35595,8,935,2,36000,1.00855614973
34654,34666,35638,12,972,2,36000,1.01234567901
34655,34672,35759,17,1087,2,36000,1.01563937443
34672,34678,35576,6,898,2,36000,1.00668151448
34673,34684,35494,11,810,2,36000,1.01358024691
34675,34689,35926,14,1237,2,36000,1.01131770412
34691,34698,35816,7,1118,2,36000,1.00626118068
34693,34704,35817,11,1113,2,36000,1.00988319856
34709,34715,35488,6,773,2,36000,1.00776196636
34710,34721,35533,11,812,2,36000,1.01354679803
34727,34734,35523,7,789,2,36000,1.00887198986
34729,34740,35828,11,1088,2,36000,1.01011029412
34730,34745,35504,15,759,2,36000,1.01976284585
34746,34752,35658,6,906,2,36000,1.00662251656
34763,34769,35894,6,1125,2,36000,1.00533333333
34764,34775,35785,11,1010,2,36000,1.01089108911
34782,34788,35698,6,910,2,36000,1.00659340659
34783,34794,35651,11,857,2,36000,1.01283547258
34784,34799,35616,15,817,2,36000,1.01835985312
34786,34805,35692,19,887,2,36000,1.0214205186
34804,34811,35908,7,1097,2,36000,1.0063810392
34806,34817,35924,11,1107,2,36000,1.00993676603
34807,34823,35778,16,955,2,36000,1.0167539267
34808,34828,35925,20,1097,2,36000,1.01823154057
34836,34842,35883,6,1041,2,36000,1.00576368876
34837,34848,36053,11,1205,2,36000,1.00912863071
34838,34853,35705,15,852,2,36000,1.0176056338
34855,34861,35717,6,856,2,36000,1.00700934579
34856,34867,35828,11,961,2,36000,1.01144640999
34873,34878,35738,5,860,2,36000,1.00581395349
34874,34885,35937,11,1052,2,36000,1.01045627376
34889,34895,36026,6,1131,2,36000,1.00530503979
34906,34912,35670,6,758,2,36000,1.00791556728
34907,34918,36034,11,1116,2,36000,1.00985663082
34909,34924,35737,15,813,2,36000,1.0184501845
34910,34929,35978,19,1049,2,36000,1.01811248808
34928,34935,35772,7,837,2,36000,1.00836320191
34929,34940,36040,11,1100,2,36000,1.01
34945,34951,35829,6,878,2,36000,1.00683371298
34960,34967,36155,7,1188,2,36000,1.00589225589
34976,34982,35783,6,801,2,36000,1.0074906367
34993,34999,35829,6,830,2,36000,1.00722891566
34994,35005,36168,11,1163,2,36000,1.00945829751
35017,35023,35881,6,858,2,36000,1.00699300699
35032,35039,36216,7,1177,2,36000,1.0059473237
35048,35054,36109,6,1055,2,36000,1.00568720379
35064,35071,35920,7,849,2,36000,1.00824499411
35080,35086,35939,6,853,2,36000,1.00703399766
35099,35105,35988,6,883,2,36000,1.00679501699
35116,35122,36313,6,1191,2,36000,1.00503778338
35150,35157,35987,7,830,2,36000,1.00843373494
35168,35174,36319,6,1145,2,36000,1.00524017467
35169,35180,36211,11,1031,2,36000,1.01066925315
35171,35185,35925,14,740,2,36000,1.01891891892
35172,35191,36252,19,1061,2,36000,1.01790763431
35188,35197,36053,9,856,2,36000,1.01051401869
35205,35211,36375,6,1164,2,36000,1.00515463918
35206,35217,36122,11,905,2,36000,1.01215469613
35207,35222,36354,15,1132,2,36000,1.01325088339
35223,35229,36101,6,872,2,36000,1.00688073394
35240,35246,36349,6,1103,2,36000,1.00543970988
35241,35252,36186,11,934,2,36000,1.01177730193
35270,35276,36287,6,1011,2,36000,1.0059347181
35289,35295,36169,6,874,2,36000,1.00686498856
35305,35311,36030,6,719,2,36000,1.0083449235
35307,35317,36455,10,1138,2,36000,1.00878734622
35308,35322,36091,14,769,2,36000,1.01820546164
35324,35330,36182,6,852,2,36000,1.00704225352
35341,35346,36312,5,966,2,36000,1.00517598344
35342,35352,36079,10,727,2,36000,1.01375515818
35343,35357,36118,14,761,2,36000,1.01839684625
35363,35369,36395,6,1026,2,36000,1.00584795322
35364,35375,36484,11,1109,2,36000,1.00991884581
35366,35380,36509,14,1129,2,36000,1.0124003543
35367,35386,36411,19,1025,2,36000,1.01853658537
35368,35391,36664,23,1273,2,36000,1.01806755695
35385,35397,36523,12,1126,2,36000,1.01065719361
35401,35407,36453,6,1046,2,36000,1.00573613767
35402,35413,36471,11,1058,2,36000,1.01039697543
35434,35440,36407,6,967,2,36000,1.00620475698
35450,35456,36269,6,813,2,36000,1.0073800738
35476,35482,36274,6,792,2,36000,1.00757575758
35492,35498,36327,6,829,2,36000,1.00723763571
35508,35514,36437,6,923,2,36000,1.00650054171
35510,35520,36372,10,852,2,36000,1.0117370892
35511,35525,36507,14,982,2,36000,1.01425661914
35529,35535,36627,6,1092,2,36000,1.00549450549
35530,35541,36840,11,1299,2,36000,1.00846805235
35532,35546,36650,14,1104,2,36000,1.01268115942
35533,35552,36458,19,906,2,36000,1.02097130243
35551,35558,36652,7,1094,2,36000,1.00639853748
35552,35563,36674,11,1111,2,36000,1.0099009901
35553,35570,36383,17,813,2,36000,1.0209102091
35555,35575,36461,20,886,2,36000,1.02257336343
35556,35580,36776,24,1196,2,36000,1.02006688963
35572,35586,36624,14,1038,2,36000,1.01348747592
35588,35594,36633,6,1039,2,36000,1.00577478345
35589,35600,36441,11,841,2,36000,1.01307966706
35605,35612,36503,7,891,2,36000,1.00785634119
35607,35617,36997,10,1380,2,36000,1.00724637681
35622,35629,107656,7,72027,1,72000,1.00009718578
35623,35634,36521,11,887,2,36000,1.01240135287
35624,35640,36915,16,1275,2,36000,1.01254901961
35642,35648,36458,6,810,2,36000,1.00740740741
35643,35654,36435,11,781,2,36000,1.01408450704
35645,35659,36401,14,742,2,36000,1.01886792453
35646,35665,36599,19,934,2,36000,1.02034261242
35647,35670,36721,23,1051,2,36000,1.02188392008
35649,35675,36618,26,943,2,36000,1.02757158006
35666,35681,36712,15,1031,2,36000,1.01454898157
35668,35686,36485,18,799,2,36000,1.0225281602
35688,35694,36726,6,1032,2,36000,1.00581395349
35689,35700,36730,11,1030,2,36000,1.01067961165
35691,35705,36579,14,874,2,36000,1.01601830664
35707,35713,36541,6,828,2,36000,1.00724637681
35708,35719,36929,11,1210,2,36000,1.00909090909
35709,35724,36861,15,1137,2,36000,1.01319261214
35727,35733,36656,6,923,2,36000,1.00650054171
35728,35739,36639,11,900,2,36000,1.01222222222
35729,35744,36744,15,1000,2,36000,1.015
35731,35749,36601,18,852,2,36000,1.02112676056
35748,35756,36867,8,1111,2,36000,1.00720072007
35750,35761,36865,11,1104,2,36000,1.00996376812
35751,35768,36609,17,841,2,36000,1.02021403092
35753,35773,36864,20,1091,2,36000,1.01833180568
35771,35780,36736,9,956,2,36000,1.00941422594
35773,35785,36831,12,1046,2,36000,1.01147227533
35774,35790,37009,16,1219,2,36000,1.01312551272
35776,35796,36837,20,1041,2,36000,1.01921229587
35792,35802,36599,10,797,2,36000,1.01254705144
35794,35807,36986,13,1179,2,36000,1.01102629347
35795,35812,36674,17,862,2,36000,1.01972157773
35796,35818,36975,22,1157,2,36000,1.01901469317
35820,35826,36832,6,1006,2,36000,1.00596421471
35821,35832,36799,11,967,2,36000,1.0113753878
35822,35838,36749,16,911,2,36000,1.01756311745
35845,35851,36963,6,1112,2,36000,1.00539568345
35846,35857,36945,11,1088,2,36000,1.01011029412
35848,35862,36927,14,1065,2,36000,1.01314553991
35849,35868,36747,19,879,2,36000,1.02161547213
35878,35884,37775,6,1891,8,356400,1.00317292438
35883,35890,36922,7,1032,2,36000,1.00678294574
35884,35895,37035,11,1140,2,36000,1.00964912281
35901,35907,36923,6,1016,2,36000,1.00590551181
35916,35923,36959,7,1036,2,36000,1.00675675676
35935,35941,36801,6,860,2,36000,1.00697674419
35936,35947,37096,11,1149,2,36000,1.00957354221
35938,35952,37099,14,1147,2,36000,1.01220575414
35939,35957,36802,18,845,2,36000,1.02130177515
35940,35963,36844,23,881,2,36000,1.02610669694
35957,35969,36859,12,890,2,36000,1.01348314607
35958,35975,37151,17,1176,2,36000,1.01445578231
35981,35987,36803,6,816,2,36000,1.00735294118
35998,36004,36934,6,930,2,36000,1.0064516129
35999,36010,36804,11,794,2,36000,1.01385390428
36031,36037,37146,6,1109,2,36000,1.00541027953
36033,36043,37080,10,1037,2,36000,1.00964320154
36050,36056,37060,6,1004,2,36000,1.00597609562
36051,36062,37202,11,1140,2,36000,1.00964912281
36067,36074,37171,7,1097,2,36000,1.0063810392
36069,36080,36812,11,732,2,36000,1.0150273224
36085,36090,37138,5,1048,2,36000,1.00477099237
36101,36107,37058,6,951,2,36000,1.00630914826
36102,36113,37729,11,1616,2,36000,1.00680693069
36119,36125,37240,6,1115,2,36000,1.00538116592
36120,36131,37186,11,1055,2,36000,1.01042654028
36136,36142,37140,6,998,2,36000,1.00601202405
36155,36161,37099,6,938,2,36000,1.00639658849
36172,36178,37003,6,825,2,36000,1.00727272727
36173,36184,36933,11,749,2,36000,1.01468624833
36190,36196,36978,6,782,2,36000,1.00767263427
36191,36202,37345,11,1143,2,36000,1.00962379703
36213,36220,37096,7,876,2,36000,1.00799086758
36229,36235,37174,6,939,2,36000,1.00638977636
36252,36258,37578,6,1320,2,36000,1.00454545455
36271,36277,37417,6,1140,2,36000,1.00526315789
36287,36293,37112,6,819,2,36000,1.00732600733
36288,36299,37232,11,933,2,36000,1.01178992497
36314,36321,37341,7,1020,2,36000,1.0068627451
36316,36326,37230,10,904,2,36000,1.0110619469
36333,36338,37567,5,1229,2,36000,1.00406834825
36334,36345,37470,11,1125,2,36000,1.00977777778
36350,36356,37122,6,766,2,36000,1.00783289817
36365,36371,37315,6,944,2,36000,1.0063559322
36382,36388,37556,6,1168,2,36000,1.0051369863
36383,36394,37650,11,1256,2,36000,1.00875796178
36397,36516,42146,119,5630,32,356400,1.02113676732
36399,36405,37658,6,1253,2,36000,1.00478850758
36401,36411,37201,10,790,2,36000,1.01265822785
36418,36424,37479,6,1055,2,36000,1.00568720379
36419,36430,37530,11,1100,2,36000,1.01
36420,36435,37540,15,1105,2,36000,1.01357466063
36436,36442,37523,6,1081,2,36000,1.00555041628
36437,36448,37360,11,912,2,36000,1.01206140351
36454,36460,37237,6,777,2,36000,1.00772200772
36455,36466,37337,11,871,2,36000,1.01262916188
36482,36488,37671,6,1183,2,36000,1.00507185123
36483,36494,37364,11,870,2,36000,1.01264367816
36485,36499,37417,14,918,2,36000,1.01525054466
36486,36505,37381,19,876,2,36000,1.02168949772
36487,36510,37544,23,1034,2,36000,1.02224371373
36504,36521,37421,17,900,2,36000,1.01888888889
36505,36527,37522,22,995,2,36000,1.02211055276
36507,36532,37662,25,1130,2,36000,1.02212389381
36525,36538,37659,13,1121,2,36000,1.01159678858
36527,36544,37573,17,1029,2,36000,1.01652089407
36528,36549,37441,21,892,2,36000,1.0235426009
36529,36554,37332,25,778,2,36000,1.03213367609
36545,36560,37732,15,1172,2,36000,1.01279863481
36583,36589,37511,6,922,2,36000,1.00650759219
36599,36605,37757,6,1152,2,36000,1.00520833333
36601,36611,37676,10,1065,2,36000,1.00938967136
36617,36623,39112,6,2489,2,36000,1.00241060667
36618,36629,37693,11,1064,2,36000,1.01033834586
36620,36634,37657,14,1023,2,36000,1.01368523949
36636,36642,37727,6,1085,2,36000,1.00552995392
36637,36648,37801,11,1153,2,36000,1.00954032958
36639,36653,37788,14,1135,2,36000,1.01233480176
36656,36662,39053,6,2391,2,36000,1.00250941029
36657,36668,37799,11,1131,2,36000,1.00972590628
36659,36673,37641,14,968,2,36000,1.01446280992
36660,36679,37492,19,813,2,36000,1.0233702337
36678,36685,37529,7,844,2,36000,1.00829383886
36679,36691,37539,12,848,2,36000,1.0141509434
36680,36696,39078,16,2382,2,36000,1.0067170445
36716,36722,37527,6,805,2,36000,1.00745341615
36733,36739,39081,6,2342,2,36000,1.00256191289
36734,36745,39099,11,2354,2,36000,1.0046728972
36736,36750,39092,14,2342,2,36000,1.00597779675
36737,36755,39092,18,2337,2,36000,1.00770218228
36753,36762,37721,9,959,2,36000,1.00938477581
36755,36767,37667,12,900,2,36000,1.01333333333
36756,36773,37749,17,976,2,36000,1.01741803279
36779,36785,37651,6,866,2,36000,1.00692840647
36801,36807,37744,6,937,2,36000,1.00640341515
36803,36813,37647,10,834,2,36000,1.01199040767
36821,36827,37763,6,936,2,36000,1.00641025641
36822,36833,37721,11,888,2,36000,1.01238738739
36824,36838,39093,14,2255,2,36000,1.00620842572
36825,36844,39071,19,2227,2,36000,1.00853165694
36843,36850,39021,7,2171,2,36000,1.00322432059
36845,36856,37776,11,920,2,36000,1.01195652174
36846,36862,37760,16,898,2,36000,1.01781737194
36847,36867,39122,20,2255,2,36000,1.0088691796
36848,36873,39092,25,2219,2,36000,1.01126633619
36867,36879,39045,12,2166,2,36000,1.0055401662
36868,36884,39137,16,2253,2,36000,1.00710164225
36869,36889,39107,20,2218,2,36000,1.00901713255
36871,36894,39093,23,2199,2,36000,1.01045929968
36887,36900,38160,13,1260,2,36000,1.01031746032
36919,36926,37759,7,833,2,36000,1.00840336134
36937,36943,37786,6,843,2,36000,1.00711743772
36939,36949,39092,10,2143,2,36000,1.00466635558
36940,36955,37711,15,756,2,36000,1.01984126984
36941,36960,39082,19,2122,2,36000,1.00895381715
36942,36965,39104,23,2139,2,36000,1.01075268817
36944,36971,39121,27,2150,2,36000,1.01255813953
36961,36977,39069,16,2092,2,36000,1.00764818356
36962,36982,39092,20,2110,2,36000,1.00947867299
36979,36988,39024,9,2036,2,36000,1.00442043222
36980,36993,39077,13,2084,2,36000,1.00623800384
36982,36999,39092,17,2093,2,36000,1.00812231247
36999,37005,37794,6,789,2,36000,1.00760456274
37000,37011,39109,11,2098,2,36000,1.00524308866
37017,37023,39127,6,2104,2,36000,1.00285171103
37019,37029,39134,10,2105,2,36000,1.00475059382
37038,37044,39106,6,2062,2,36000,1.00290979631
37060,37066,39131,6,2065,2,36000,1.00290556901
37062,37072,39130,10,2058,2,36000,1.00485908649
37081,37087,39117,6,2030,2,36000,1.00295566502
37097,37103,39124,6,2021,2,36000,1.00296882731
37098,37109,39108,11,1999,2,36000,1.00550275138
37116,37122,39092,6,1970,2,36000,1.00304568528
37118,37128,39120,10,1992,2,36000,1.00502008032
37119,37134,39119,15,1985,2,36000,1.00755667506
37135,37141,39124,6,1983,2,36000,1.00302571861
37152,37158,39092,6,1934,2,36000,1.00310237849
37154,37164,39135,10,1971,2,36000,1.00507356672
37155,37169,39083,14,1914,2,36000,1.00731452456
37156,37174,39100,18,1926,2,36000,1.00934579439
37173,37181,39133,8,1952,2,36000,1.00409836066
37189,37195,39116,6,1921,2,36000,1.00312337324
37190,37201,39118,11,1917,2,36000,1.0057381325
37207,37213,39114,6,1901,2,36000,1.00315623356
37208,37219,39093,11,1874,2,36000,1.00586979723
37235,37241,39098,6,1857,2,36000,1.00323101777
37236,37247,39084,11,1837,2,36000,1.00598802395
37252,37258,39122,6,1864,2,36000,1.00321888412
37253,37264,39099,11,1835,2,36000,1.00599455041
37317,37323,39128,6,1805,2,36000,1.00332409972
37333,37340,39138,7,1798,2,36000,1.00389321468
37350,37356,39329,6,1973,2,36000,1.00304105423
37352,37362,39126,10,1764,2,36000,1.00566893424
37353,37367,39138,14,1771,2,36000,1.00790513834
37369,37375,39129,6,1754,2,36000,1.00342075257
37370,37381,39160,11,1779,2,36000,1.00618324902
37386,37392,39139,6,1747,2,36000,1.00343445907
37419,37425,39185,6,1760,2,36000,1.00340909091
37420,37431,39114,11,1683,2,36000,1.00653594771
37439,37446,39132,7,1686,2,36000,1.00415183867
37456,37462,39136,6,1674,2,36000,1.00358422939
37473,37479,39875,6,2396,2,36000,1.00250417362
37490,37496,39149,6,1653,2,36000,1.00362976407
37508,37514,39435,6,1921,2,36000,1.00312337324
37524,37530,40111,6,2581,2,36000,1.00232468036
37526,37536,39843,10,2307,2,36000,1.00433463372
37527,37541,39844,14,2303,2,36000,1.00607902736
37545,37551,39111,6,1560,2,36000,1.00384615385
37547,37557,39140,10,1583,2,36000,1.00631711939
37554,37563,39966,9,2403,2,36000,1.00374531835
37556,37568,39877,12,2309,2,36000,1.005197055
37558,37575,39802,17,2227,2,36000,1.00763358779
37559,37580,39694,21,2114,2,36000,1.00993377483
37725,37731,39802,6,2071,2,36000,1.00289715113
37727,37737,40198,10,2461,2,36000,1.00406338887
37728,37742,39908,14,2166,2,36000,1.00646352724
37730,37748,39757,18,2009,2,36000,1.00895968143
37731,37753,39851,22,2098,2,36000,1.01048617731
37733,37759,39688,26,1929,2,36000,1.01347848626
37734,37764,39791,30,2027,2,36000,1.01480019734
37736,37769,40062,33,2293,2,36000,1.01439162669
37737,37774,40024,37,2250,2,36000,1.01644444444
37738,37779,39752,41,1973,2,36000,1.02078053725
37740,37785,39860,45,2075,2,36000,1.02168674699
37741,37790,39687,49,1897,2,36000,1.0258302583
37743,37795,39865,52,2070,2,36000,1.02512077295
37745,37800,39690,55,1890,2,36000,1.0291005291
37747,37806,39849,59,2043,2,36000,1.02887909936
37748,37811,39820,63,2009,2,36000,1.03135888502
37750,37816,39816,66,2000,2,36000,1.033
37752,37821,39767,69,1946,2,36000,1.03545734841
37753,37826,39689,73,1863,2,36000,1.03918411165
39122,39128,40603,6,1475,2,36000,1.00406779661
39123,39134,40626,11,1492,2,36000,1.00737265416
39124,39140,40571,16,1431,2,36000,1.01118099231
39126,39145,40265,19,1120,2,36000,1.01696428571
39127,39150,40142,23,992,2,36000,1.02318548387
39128,39155,40571,27,1416,2,36000,1.01906779661
39130,39162,40286,32,1124,2,36000,1.02846975089
39131,39168,40564,37,1396,2,36000,1.02650429799
39132,39173,40595,41,1422,2,36000,1.0288326301
39134,39178,40579,44,1401,2,36000,1.03140613847
39135,39183,40630,48,1447,2,36000,1.03317208017
39136,39188,40576,52,1388,2,36000,1.03746397695
39137,39194,40609,57,1415,2,36000,1.04028268551
39139,39199,40531,60,1332,2,36000,1.04504504505
39140,39204,40639,64,1435,2,36000,1.04459930314
39141,39209,40587,68,1378,2,36000,1.04934687954
39143,39215,40621,72,1406,2,36000,1.05120910384
39144,39220,40584,76,1364,2,36000,1.05571847507
39145,39225,40579,80,1354,2,36000,1.05908419498
39146,39230,40605,84,1375,2,36000,1.06109090909
39148,39235,40598,87,1363,2,36000,1.06382978723
39149,39241,40628,92,1387,2,36000,1.06633020908
39151,39246,40641,95,1395,2,36000,1.06810035842
39152,39251,40593,99,1342,2,36000,1.0737704918
39153,39256,40579,103,1323,2,36000,1.07785336357
39154,39261,40579,107,1318,2,36000,1.08118361153
39156,39268,40574,112,1306,2,36000,1.08575803982
39157,39273,40580,116,1307,2,36000,1.08875286917
39158,39279,40625,121,1346,2,36000,1.08989598811
39160,39284,40616,124,1332,2,36000,1.09309309309
39161,39289,40589,128,1300,2,36000,1.09846153846
39162,39294,40643,132,1349,2,36000,1.09785025945
39164,39299,40611,135,1312,2,36000,1.10289634146
39165,39305,40606,140,1301,2,36000,1.10760953113
39166,39311,40637,145,1326,2,36000,1.10935143288
39167,39316,40636,149,1320,2,36000,1.11287878788
39169,39321,40588,152,1267,2,36000,1.11996842936
39170,39327,40611,157,1284,2,36000,1.1222741433
39171,39332,40618,161,1286,2,36000,1.12519440124
39173,39337,41207,164,1870,2,36000,1.08770053476
39174,39342,40650,168,1308,2,36000,1.12844036697
39176,39348,40614,172,1266,2,36000,1.13586097946
39177,39353,40627,176,1274,2,36000,1.13814756672
39178,39358,40646,180,1288,2,36000,1.1397515528
39180,39363,40622,183,1259,2,36000,1.14535345512
39181,39368,40607,187,1239,2,36000,1.15092816788
39184,39374,40616,190,1242,2,36000,1.15297906602
39185,39379,40602,194,1223,2,36000,1.1586263287
39187,39384,40624,197,1240,2,36000,1.15887096774
39188,39389,40649,201,1260,2,36000,1.15952380952
39190,39394,40713,204,1319,2,36000,1.1546626232
39191,39400,40625,209,1225,2,36000,1.1706122449
39193,39405,40583,212,1178,2,36000,1.17996604414
39194,39410,40662,216,1252,2,36000,1.17252396166
39196,39415,40636,219,1221,2,36000,1.17936117936
39198,39420,40717,222,1297,2,36000,1.17116422513
39199,39426,40633,227,1207,2,36000,1.18806959403
39201,39431,40611,230,1180,2,36000,1.19491525424
39202,39436,40636,234,1200,2,36000,1.195
39203,39441,40619,238,1178,2,36000,1.20203735144
39204,39446,41140,242,1694,2,36000,1.14285714286
39206,39452,40612,246,1160,2,36000,1.21206896552
39207,39457,40622,250,1165,2,36000,1.21459227468
39209,39462,41138,253,1676,2,36000,1.15095465394
39210,39467,40646,257,1179,2,36000,1.21798134012
39211,39473,40616,262,1143,2,36000,1.22922134733
39213,39478,41094,265,1616,2,36000,1.16398514851
39214,39483,40604,269,1121,2,36000,1.23996431757
39215,39488,40623,273,1135,2,36000,1.24052863436
39217,39493,40666,276,1173,2,36000,1.23529411765
39218,39499,40632,281,1133,2,36000,1.2480141218
39219,39504,41307,285,1803,2,36000,1.15806988353
39221,39509,40597,288,1088,2,36000,1.26470588235
39222,39514,41097,292,1583,2,36000,1.18445988629
39223,39519,40590,296,1071,2,36000,1.27637721755
39225,39525,40672,300,1147,2,36000,1.26155187446
39226,39530,41060,304,1530,2,36000,1.19869281046
39227,39535,40600,308,1065,2,36000,1.28920187793
39868,39874,41291,6,1417,2,36000,1.00423429781
39869,39880,41316,11,1436,2,36000,1.00766016713
39870,39885,41307,15,1422,2,36000,1.01054852321
39872,39890,41318,18,1428,2,36000,1.01260504202
39873,39896,41872,23,1976,2,36000,1.01163967611
39874,39901,41317,27,1416,2,36000,1.01906779661
39875,39907,41301,32,1394,2,36000,1.02295552367
39877,39913,41309,36,1396,2,36000,1.02578796562
39878,39918,41309,40,1391,2,36000,1.02875629044
39879,39923,41330,44,1407,2,36000,1.03127221038
39881,39928,41309,47,1381,2,36000,1.0340333092
39882,39933,41389,51,1456,2,36000,1.03502747253
39883,39939,41317,56,1378,2,36000,1.04063860668
39884,39944,41317,60,1373,2,36000,1.04369992717
39886,39949,41397,63,1448,2,36000,1.04350828729
39887,39954,41989,67,2035,2,36000,1.03292383292
39888,39959,41346,71,1387,2,36000,1.05118961788
39889,39965,41360,76,1395,2,36000,1.05448028674
39891,39970,41317,79,1347,2,36000,1.05864884929
39892,39975,41309,83,1334,2,36000,1.06221889055
39893,39980,41375,87,1395,2,36000,1.0623655914
39895,39985,41383,90,1398,2,36000,1.0643776824
39896,39991,41317,95,1326,2,36000,1.07164404223
39897,39996,42000,99,2004,2,36000,1.0494011976
39967,40002,40256,35,254,8,356400,1.13779527559
40271,40278,40365,7,87,8,356400,1.08045977011
40599,40605,42107,6,1502,2,36000,1.00399467377
40600,40611,42050,11,1439,2,36000,1.00764419736
40601,40617,42067,16,1450,2,36000,1.01103448276
40603,40622,42052,19,1430,2,36000,1.01328671329
40604,40627,42179,23,1552,2,36000,1.01481958763
40605,40632,42060,27,1428,2,36000,1.01890756303
40607,40640,42088,33,1448,2,36000,1.02279005525
40608,40645,42050,37,1405,2,36000,1.02633451957
40609,40650,42726,41,2076,2,36000,1.0197495183
40610,40655,42049,45,1394,2,36000,1.03228120516
40612,40661,42068,49,1407,2,36000,1.03482587065
40613,40666,42172,53,1506,2,36000,1.03519256308
40614,40671,42066,57,1395,2,36000,1.04086021505
40616,40676,42048,60,1372,2,36000,1.04373177843
40617,40681,42120,64,1439,2,36000,1.04447533009
40618,40687,42058,69,1371,2,36000,1.05032822757
40619,40692,42105,73,1413,2,36000,1.0516631281
40621,40697,42179,76,1482,2,36000,1.05128205128
40622,40702,42059,80,1357,2,36000,1.05895357406
40623,40708,42047,85,1339,2,36000,1.06348020911
40625,40713,42050,88,1337,2,36000,1.06581899776
40626,40718,42056,92,1338,2,36000,1.0687593423
40627,40723,42063,96,1340,2,36000,1.07164179104
40629,40728,42053,99,1325,2,36000,1.07471698113
40630,40734,42184,104,1450,2,36000,1.07172413793
40631,40739,42501,108,1762,2,36000,1.06129398411
40632,40744,42050,112,1306,2,36000,1.08575803982
40634,40752,42050,118,1298,2,36000,1.09090909091
40635,40757,42498,122,1741,2,36000,1.07007466973
40636,40762,42170,126,1408,2,36000,1.08948863636
40637,40767,42168,130,1401,2,36000,1.09279086367
40639,40772,42231,133,1459,2,36000,1.09115832762
40641,40778,42133,137,1355,2,36000,1.10110701107
40643,40783,42051,140,1268,2,36000,1.11041009464
40644,40788,42050,144,1262,2,36000,1.11410459588
40646,40793,42145,147,1352,2,36000,1.10872781065
40647,40798,42502,151,1704,2,36000,1.08861502347
40648,40804,42067,156,1263,2,36000,1.12351543943
40649,40809,42109,160,1300,2,36000,1.12307692308
40651,40814,42507,163,1693,2,36000,1.09627879504
40652,40819,42505,167,1686,2,36000,1.0990510083
40654,40824,42500,170,1676,2,36000,1.10143198091
40655,40830,42095,175,1265,2,36000,1.13833992095
40656,40835,42495,179,1660,2,36000,1.1078313253
40657,40840,42050,183,1210,2,36000,1.15123966942
40659,40845,42179,186,1334,2,36000,1.13943028486
40661,40851,42167,190,1316,2,36000,1.1443768997
40664,40856,42769,192,1913,2,36000,1.10036591741
40666,40861,42513,195,1652,2,36000,1.11803874092
40667,40866,42803,199,1937,2,36000,1.10273618998
40669,40871,42168,202,1297,2,36000,1.15574402467
40671,40877,42233,206,1356,2,36000,1.15191740413
40672,40882,42223,210,1341,2,36000,1.15659955257
40674,40887,42668,213,1781,2,36000,1.11959573273
40675,40892,42179,217,1287,2,36000,1.16860916861
40677,40897,42721,220,1824,2,36000,1.12061403509
40678,40903,42779,225,1876,2,36000,1.11993603412
40680,40908,42119,228,1211,2,36000,1.18827415359
40681,40913,42504,232,1591,2,36000,1.14582023884
40682,40918,42143,236,1225,2,36000,1.19265306122
40684,40923,42517,239,1594,2,36000,1.14993726474
40685,40929,42802,244,1873,2,36000,1.13027229044
40686,40934,42111,248,1177,2,36000,1.21070518267
40687,40939,42642,252,1703,2,36000,1.14797416324
40689,40944,42060,255,1116,2,36000,1.22849462366
40690,40949,42230,259,1281,2,36000,1.20218579235
41361,41368,42921,7,1553,2,36000,1.00450740502
41363,41374,42783,11,1409,2,36000,1.00780695529
41364,41379,42752,15,1373,2,36000,1.01092498179
41365,41385,42810,20,1425,2,36000,1.01403508772
41367,41390,42507,23,1117,2,36000,1.0205908684
41368,41395,42806,27,1411,2,36000,1.01913536499
41369,41401,42799,32,1398,2,36000,1.02288984263
41370,41407,42750,37,1343,2,36000,1.02755026061
41372,41412,42639,40,1227,2,36000,1.032599837
41373,41417,42751,44,1334,2,36000,1.03298350825
41375,41422,42919,47,1497,2,36000,1.03139612558
41376,41427,43438,51,2011,2,36000,1.02536051716
41377,41433,42641,56,1208,2,36000,1.04635761589
41378,41438,42853,60,1415,2,36000,1.04240282686
41380,41443,42956,63,1513,2,36000,1.04163912756
41381,41448,42882,67,1434,2,36000,1.04672245467
41382,41454,43613,72,2159,2,36000,1.03334877258
41384,41459,42972,75,1513,2,36000,1.04957038995
41385,41464,42845,79,1381,2,36000,1.05720492397
41388,41469,42678,81,1209,2,36000,1.06699751861
41390,41474,42937,84,1463,2,36000,1.05741626794
41391,41480,42922,89,1442,2,36000,1.06171983356
41393,41485,42914,92,1429,2,36000,1.06438068579
41395,41490,42670,95,1180,2,36000,1.08050847458
41396,41496,42842,100,1346,2,36000,1.07429420505
41398,41501,42933,103,1432,2,36000,1.0719273743
41400,41507,42781,107,1274,2,36000,1.08398744113
41401,41512,42719,111,1207,2,36000,1.09196354598
41402,41517,42778,115,1261,2,36000,1.09119746233
41404,41522,42872,118,1350,2,36000,1.08740740741
41405,41527,42978,122,1451,2,36000,1.08407994487
41407,41533,42856,126,1323,2,36000,1.09523809524
41408,41538,42826,130,1288,2,36000,1.10093167702
41410,41543,43575,133,2032,2,36000,1.06545275591
41411,41548,42988,137,1440,2,36000,1.09513888889
41415,41553,42964,138,1411,2,36000,1.09780297661
41416,41559,42916,143,1357,2,36000,1.10537951363
42125,42130,43609,5,1479,2,36000,1.00338066261
42126,42136,43615,10,1479,2,36000,1.00676132522
42127,42141,43591,14,1450,2,36000,1.00965517241
42129,42146,43585,17,1439,2,36000,1.01181375956
42130,42152,43599,22,1447,2,36000,1.01520387008
42131,42163,43588,32,1425,2,36000,1.02245614035
42133,42169,43584,36,1415,2,36000,1.02544169611
42134,42174,43585,40,1411,2,36000,1.02834868887
42135,42179,43612,44,1433,2,36000,1.03070481507
42137,42184,43671,47,1487,2,36000,1.03160726295
42138,42190,43587,52,1397,2,36000,1.0372226199
42139,42195,43617,56,1422,2,36000,1.03938115331
42140,42200,43604,60,1404,2,36000,1.04273504274
42142,42205,43602,63,1397,2,36000,1.04509663565
42143,42210,43593,67,1383,2,36000,1.04844540853
42144,42158,119634,14,77476,8,356400,1.00018070112
42145,42216,43611,71,1395,2,36000,1.05089605735
42146,42221,43607,75,1386,2,36000,1.05411255411
42147,42226,43612,79,1386,2,36000,1.056998557
42149,42231,43702,82,1471,2,36000,1.05574439157
42150,42236,43636,86,1400,2,36000,1.06142857143
42151,42242,43645,91,1403,2,36000,1.06486101212
42153,42249,43588,96,1339,2,36000,1.071695295
42154,42254,43618,100,1364,2,36000,1.07331378299
42156,42259,43722,103,1463,2,36000,1.07040328093
42157,42265,43639,108,1374,2,36000,1.07860262009
42158,42270,43606,112,1336,2,36000,1.08383233533
42160,42275,44624,115,2349,2,36000,1.04895700298
42161,42280,43598,119,1318,2,36000,1.09028831563
42162,42285,43621,123,1336,2,36000,1.09206586826
42164,42291,43606,127,1315,2,36000,1.09657794677
42165,42296,43748,131,1452,2,36000,1.09022038567
42166,42301,43836,135,1535,2,36000,1.08794788274
42168,42306,43619,138,1313,2,36000,1.10510281797
42169,42312,43674,143,1362,2,36000,1.10499265786
42170,42317,43907,147,1590,2,36000,1.09245283019
42172,42322,43596,150,1274,2,36000,1.11773940345
42173,42327,43597,154,1270,2,36000,1.12125984252
42175,42332,43888,157,1556,2,36000,1.10089974293
42893,42899,44441,6,1542,2,36000,1.00389105058
42894,42905,44309,11,1404,2,36000,1.00783475783
42895,42910,44443,15,1533,2,36000,1.00978473581
42897,42915,44309,18,1394,2,36000,1.01291248207
42898,42920,44302,22,1382,2,36000,1.01591895803
42899,42926,44408,27,1482,2,36000,1.01821862348
42901,42932,44305,31,1373,2,36000,1.0225782957
42902,42937,44409,35,1472,2,36000,1.02377717391
42903,42943,44379,40,1436,2,36000,1.0278551532
42905,42948,44542,43,1594,2,36000,1.0269761606
42906,42953,44301,47,1348,2,36000,1.03486646884
42908,42958,44284,50,1326,2,36000,1.03770739065
42909,42963,44427,54,1464,2,36000,1.0368852459
42910,42969,44296,59,1327,2,36000,1.04446119066
42912,42974,44317,62,1343,2,36000,1.04616530156
42914,42979,44609,65,1630,2,36000,1.03987730061
42915,42984,44497,69,1513,2,36000,1.04560475876
42917,42990,44296,73,1306,2,36000,1.05589586524
42918,42995,44258,77,1263,2,36000,1.06096595408
42919,43000,44320,81,1320,2,36000,1.06136363636
42921,43005,44442,84,1437,2,36000,1.05845511482
42922,43010,44382,88,1372,2,36000,1.06413994169
42924,43016,44304,92,1288,2,36000,1.07142857143
42925,43021,44418,96,1397,2,36000,1.06871868289
42926,43026,44609,100,1583,2,36000,1.06317119394
42928,43033,44307,105,1274,2,36000,1.08241758242
42929,43038,44300,109,1262,2,36000,1.08637083994
42931,43043,44605,112,1562,2,36000,1.07170294494
42932,43048,44297,116,1249,2,36000,1.09287429944
42933,43053,45149,120,2096,2,36000,1.0572519084
42934,43059,44300,125,1241,2,36000,1.1007252216
42936,43064,44606,128,1542,2,36000,1.08300907912
42937,43069,44313,132,1244,2,36000,1.10610932476
42939,43074,44399,135,1325,2,36000,1.10188679245
42940,43079,44508,139,1429,2,36000,1.09727081875
42941,43085,44303,144,1218,2,36000,1.11822660099
42943,43090,44398,147,1308,2,36000,1.1123853211
42944,43095,44627,151,1532,2,36000,1.09856396867
42945,43100,44607,155,1507,2,36000,1.10285335103
42947,43106,44434,159,1328,2,36000,1.11972891566
42948,43111,44877,163,1766,2,36000,1.09229898075
42950,43116,44312,166,1196,2,36000,1.13879598662
42951,43121,44298,170,1177,2,36000,1.14443500425
42953,43126,44314,173,1188,2,36000,1.14562289562
42954,43132,44296,178,1164,2,36000,1.1529209622
42956,43137,44608,181,1471,2,36000,1.12304554725
42958,43142,44633,184,1491,2,36000,1.12340710932
42959,43147,44623,188,1476,2,36000,1.12737127371
42961,43153,44628,192,1475,2,36000,1.13016949153
42962,43158,45174,196,2016,2,36000,1.09722222222
42964,43163,44632,199,1469,2,36000,1.13546630361
42966,43168,44304,202,1136,2,36000,1.17781690141
42967,43173,44311,206,1138,2,36000,1.18101933216
42969,43179,44310,210,1131,2,36000,1.18567639257
42971,43184,44444,213,1260,2,36000,1.16904761905
42973,43189,44314,216,1125,2,36000,1.192
42974,43194,44370,220,1176,2,36000,1.18707482993
43558,43610,45908,52,2298,32,356400,1.0226283725
43632,43638,45158,6,1520,2,36000,1.00394736842
43633,43644,45170,11,1526,2,36000,1.00720838794
43634,43649,45157,15,1508,2,36000,1.0099469496
43636,43654,45156,18,1502,2,36000,1.0119840213
43637,43660,45160,23,1500,2,36000,1.01533333333
43639,43665,45180,26,1515,2,36000,1.01716171617
43640,43671,45150,31,1479,2,36000,1.02096010818
43641,43676,44635,35,959,2,36000,1.03649635036
43642,43681,45156,39,1475,2,36000,1.02644067797
43644,43687,44629,43,942,2,36000,1.04564755839
43645,43692,44631,47,939,2,36000,1.05005324814
43646,43697,44634,51,937,2,36000,1.05442902882
43648,43702,45179,54,1477,2,36000,1.0365605958
43649,43707,45153,58,1446,2,36000,1.04011065007
43650,43713,45154,63,1441,2,36000,1.04371963914
43652,43718,45176,66,1458,2,36000,1.04526748971
43653,43723,45172,70,1449,2,36000,1.04830917874
43655,43728,45151,73,1423,2,36000,1.05130007027
43657,43734,45172,77,1438,2,36000,1.05354659249
43658,43739,45152,81,1413,2,36000,1.05732484076
43659,43744,45167,85,1423,2,36000,1.05973295854
43661,43749,45178,88,1429,2,36000,1.06158152554
43662,43754,45183,92,1429,2,36000,1.06438068579
43664,43760,45150,96,1390,2,36000,1.0690647482
43665,43765,45180,100,1415,2,36000,1.07067137809
43667,43771,45176,104,1405,2,36000,1.07402135231
43669,43777,45178,108,1401,2,36000,1.07708779443
43674,43782,45159,108,1377,2,36000,1.07843137255
43676,43787,44646,111,859,2,36000,1.12922002328
43677,43792,45175,115,1383,2,36000,1.08315256688
43678,43797,45168,119,1371,2,36000,1.0867979577
43680,43803,45163,123,1360,2,36000,1.09044117647
43681,43808,45177,127,1369,2,36000,1.09276844412
43683,43813,45154,130,1341,2,36000,1.09694258016
43684,43818,45167,134,1349,2,36000,1.09933283914
43686,43823,45162,137,1339,2,36000,1.10231516057
43687,43829,45189,142,1360,2,36000,1.10441176471
43688,43834,45161,146,1327,2,36000,1.11002260739
43690,43839,45180,149,1341,2,36000,1.11111111111
43691,43845,45167,154,1322,2,36000,1.11649016641
43692,43850,45165,158,1315,2,36000,1.12015209125
44115,44317,44394,202,77,32,356400,3.62337662338
44333,44339,45938,6,1599,2,36000,1.00375234522
44334,44345,45941,11,1596,2,36000,1.00689223058
44335,44350,45951,15,1601,2,36000,1.00936914428
44337,44356,46009,19,1653,2,36000,1.01149425287
44338,44361,45945,23,1584,2,36000,1.01452020202
44339,44366,45944,27,1578,2,36000,1.01711026616
44341,44372,46096,31,1724,2,36000,1.01798143852
44342,44377,45921,35,1544,2,36000,1.02266839378
44344,44383,45954,39,1571,2,36000,1.02482495226
44345,44388,45937,43,1549,2,36000,1.02775984506
44346,44393,45938,47,1545,2,36000,1.03042071197
44348,44398,45999,50,1601,2,36000,1.03123048095
44349,44403,45950,54,1547,2,36000,1.0349062702
44351,44409,46012,58,1603,2,36000,1.03618215845
44352,44414,45950,62,1536,2,36000,1.04036458333
44353,44419,46070,66,1651,2,36000,1.03997577226
44355,44424,45952,69,1528,2,36000,1.04515706806
44356,44429,45940,73,1511,2,36000,1.04831237591
44357,44435,45949,78,1514,2,36000,1.05151915456
44359,44440,45941,81,1501,2,36000,1.05396402398
44360,44445,45946,85,1501,2,36000,1.05662891406
44361,44450,45944,89,1494,2,36000,1.05957161981
44363,44511,46018,148,1507,2,36000,1.09820836098
44364,44516,46049,152,1533,2,36000,1.09915198956
44365,44522,46300,157,1778,2,36000,1.08830146232
44367,44458,46064,91,1606,2,36000,1.05666251557
44368,44463,45947,95,1484,2,36000,1.06401617251
44369,44468,45940,99,1472,2,36000,1.06725543478
44371,44474,45942,103,1468,2,36000,1.07016348774
44372,44479,45999,107,1520,2,36000,1.07039473684
44373,44484,45974,111,1490,2,36000,1.0744966443
44375,44489,46198,114,1709,2,36000,1.06670567583
44376,44494,45949,118,1455,2,36000,1.08109965636
44377,44500,45951,123,1451,2,36000,1.08476912474
44379,44505,45939,126,1434,2,36000,1.08786610879
44380,44527,46028,147,1501,2,36000,1.09793471019
44382,44533,45979,151,1446,2,36000,1.10442600277
45157,45162,46727,5,1565,2,36000,1.00319488818
45158,45169,46203,11,1034,2,36000,1.01063829787
45159,45174,46245,15,1071,2,36000,1.01400560224
45161,45179,46363,18,1184,2,36000,1.0152027027
45162,45184,46263,22,1079,2,36000,1.0203892493
45164,45192,46256,28,1064,2,36000,1.02631578947
45165,45197,46205,32,1008,2,36000,1.03174603175
45166,45202,46646,36,1444,2,36000,1.02493074792
45168,45207,46202,39,995,2,36000,1.0391959799
45169,45213,46334,44,1121,2,36000,1.03925066905
45170,45218,46265,48,1047,2,36000,1.04584527221
45172,45223,46346,51,1123,2,36000,1.04541406946
45173,45228,46197,55,969,2,36000,1.05675954592
45174,45233,46568,59,1335,2,36000,1.04419475655
45176,45239,46396,63,1157,2,36000,1.05445116681
45177,45244,46615,67,1371,2,36000,1.04886943837
45178,45249,46518,71,1269,2,36000,1.05594956659
45180,45254,46636,74,1382,2,36000,1.05354558611
45181,45260,46694,79,1434,2,36000,1.05509065551
45183,45265,46368,82,1103,2,36000,1.07434270172
45184,45270,46521,86,1251,2,36000,1.068745004
45186,45276,46565,90,1289,2,36000,1.06982156711
45187,45282,46649,95,1367,2,36000,1.06949524506
45188,45287,46725,99,1438,2,36000,1.06884561892
45190,45292,46692,102,1400,2,36000,1.07285714286
45191,45297,46616,106,1319,2,36000,1.08036391205
45192,45302,46555,110,1253,2,36000,1.08778930567
45194,45308,46820,114,1512,2,36000,1.0753968254
45195,45313,46817,118,1504,2,36000,1.07845744681
45196,45318,46507,122,1189,2,36000,1.10260723297
45198,45323,46539,125,1216,2,36000,1.10279605263
45199,45329,46732,130,1403,2,36000,1.09265858874
45200,45334,46644,134,1310,2,36000,1.10229007634
45202,45339,46823,137,1484,2,36000,1.0923180593
45203,45344,47005,141,1661,2,36000,1.08488862131
45204,45350,46589,146,1239,2,36000,1.11783696529
45206,45355,47124,149,1769,2,36000,1.08422837761
45207,45360,46618,153,1258,2,36000,1.12162162162
45208,45365,46557,157,1192,2,36000,1.1317114094
45209,45370,46663,161,1293,2,36000,1.124516628
45211,45376,46541,165,1165,2,36000,1.14163090129
45212,45381,46614,169,1233,2,36000,1.13706407137
45213,45386,46830,173,1444,2,36000,1.11980609418
45215,45391,46655,176,1264,2,36000,1.13924050633
45216,45396,46827,180,1431,2,36000,1.12578616352
45217,45402,46823,185,1421,2,36000,1.13019000704
45219,45407,46540,188,1133,2,36000,1.16593115622
45220,45412,46727,192,1315,2,36000,1.14600760456
45221,45417,46730,196,1313,2,36000,1.14927646611
45223,45422,46856,199,1434,2,36000,1.13877266388
45224,45428,46803,204,1375,2,36000,1.14836363636
45225,45433,46663,208,1230,2,36000,1.16910569106
45227,45438,46821,211,1383,2,36000,1.15256688359
45229,45443,46775,214,1332,2,36000,1.16066066066
45230,45448,46762,218,1314,2,36000,1.16590563166
45232,45454,46640,222,1186,2,36000,1.18718381113
45233,45459,46676,226,1217,2,36000,1.18570254725
45235,45464,46765,229,1301,2,36000,1.17601844735
45236,45469,46708,233,1239,2,36000,1.18805488297
45237,45476,46781,239,1305,2,36000,1.18314176245
45239,45482,46648,243,1166,2,36000,1.20840480274
45240,45487,46827,247,1340,2,36000,1.18432835821
45241,45492,46616,251,1124,2,36000,1.22330960854
45243,45497,46827,254,1330,2,36000,1.19097744361
45244,45502,46478,258,976,2,36000,1.2643442623
45246,45508,46801,262,1293,2,36000,1.2026295437
45247,45513,47123,266,1610,2,36000,1.1652173913
45249,45518,46811,269,1293,2,36000,1.20804331013
45250,45523,46829,273,1306,2,36000,1.20903522205
45481,45529,45617,48,88,8,356400,1.54545454545
45972,45978,47139,6,1161,2,36000,1.00516795866
45973,45984,47586,11,1602,2,36000,1.00686641698
45975,45989,47587,14,1598,2,36000,1.00876095119
45976,45995,47003,19,1008,2,36000,1.01884920635
45977,46000,47267,23,1267,2,36000,1.0181531176
45979,46006,47565,27,1559,2,36000,1.0173187941
45980,46011,47004,31,993,2,36000,1.03121852971
45981,46017,46928,36,911,2,36000,1.03951701427
45983,46022,47581,39,1559,2,36000,1.02501603592
45984,46027,47603,43,1576,2,36000,1.02728426396
45986,46032,47146,46,1114,2,36000,1.04129263914
45987,46038,47129,51,1091,2,36000,1.04674610449
45988,46043,47139,55,1096,2,36000,1.05018248175
45990,46048,47124,58,1076,2,36000,1.05390334572
45991,46053,47606,62,1553,2,36000,1.0399227302
45992,46058,47581,66,1523,2,36000,1.043335522
45994,46064,46878,70,814,2,36000,1.085995086
45995,46069,47139,74,1070,2,36000,1.0691588785
45996,46074,47605,78,1531,2,36000,1.0509470934
45998,46079,47606,81,1527,2,36000,1.05304518664
45999,46084,47124,85,1040,2,36000,1.08173076923
46000,46090,47587,90,1497,2,36000,1.06012024048
46002,46097,47138,95,1041,2,36000,1.09125840538
46003,46102,47606,99,1504,2,36000,1.06582446809
46004,46107,47581,103,1474,2,36000,1.06987788331
46006,46112,47609,106,1497,2,36000,1.07080828323
46007,46118,47609,111,1491,2,36000,1.07444668008
46745,46751,48013,6,1262,2,36000,1.00475435816
46746,46757,47913,11,1156,2,36000,1.00951557093
46748,46762,47911,14,1149,2,36000,1.01218450827
46749,46767,48417,18,1650,2,36000,1.01090909091
46750,46773,48090,23,1317,2,36000,1.01746393318
46753,46779,48478,26,1699,2,36000,1.01530311948
46754,46784,48440,30,1656,2,36000,1.01811594203
46755,46790,48064,35,1274,2,36000,1.02747252747
46757,46795,48390,38,1595,2,36000,1.02382445141
46758,46800,48415,42,1615,2,36000,1.02600619195
46759,46805,48078,46,1273,2,36000,1.0361351139
46761,46811,47930,50,1119,2,36000,1.04468275246
46763,46816,47969,53,1153,2,36000,1.0459670425
46764,46821,48078,57,1257,2,36000,1.04534606205
46766,46826,48148,60,1322,2,36000,1.04538577912
46767,46832,48355,65,1523,2,36000,1.04267892318
46769,46837,48425,68,1588,2,36000,1.04282115869
46770,46842,48367,72,1525,2,36000,1.04721311475
46771,46847,48379,76,1532,2,36000,1.04960835509
46773,46853,48743,80,1890,2,36000,1.04232804233
46775,46860,48350,85,1490,2,36000,1.05704697987
46776,46865,48441,89,1576,2,36000,1.05647208122
46777,46870,48485,93,1615,2,36000,1.05758513932
46779,46876,48433,97,1557,2,36000,1.06229929351
46780,46881,48478,101,1597,2,36000,1.06324358172
46782,46886,47938,104,1052,2,36000,1.09885931559
46783,46891,48443,108,1552,2,36000,1.06958762887
46784,46897,48487,113,1590,2,36000,1.07106918239
46786,46902,48438,116,1536,2,36000,1.07552083333
46787,46907,48436,120,1529,2,36000,1.07848266841
46788,46912,48103,124,1191,2,36000,1.10411418976
46790,46918,48470,128,1552,2,36000,1.0824742268
46791,46923,48481,132,1558,2,36000,1.08472400513
46792,46928,48350,136,1422,2,36000,1.09563994374
46794,46933,48263,139,1330,2,36000,1.1045112782
46795,46939,48469,144,1530,2,36000,1.09411764706
46796,46944,48390,148,1446,2,36000,1.10235131397
46798,46949,48493,151,1544,2,36000,1.09779792746
46799,46954,48444,155,1490,2,36000,1.10402684564
46801,46959,48483,158,1524,2,36000,1.10367454068
46802,46965,48535,163,1570,2,36000,1.10382165605
46803,46970,48490,167,1520,2,36000,1.10986842105
46805,46975,48488,170,1513,2,36000,1.11235955056
46806,46980,48490,174,1510,2,36000,1.11523178808
46807,46985,48489,178,1504,2,36000,1.11835106383
46809,46991,48392,182,1401,2,36000,1.12990720914
46810,46996,48456,186,1460,2,36000,1.12739726027
46812,47001,48525,189,1524,2,36000,1.12401574803
46813,47006,48488,193,1482,2,36000,1.1302294197
46814,47011,48380,197,1369,2,36000,1.14390065741
46816,47017,48416,201,1399,2,36000,1.14367405289
46817,47022,48484,205,1462,2,36000,1.14021887825
46818,47027,48460,209,1433,2,36000,1.1458478716
46820,47032,48470,212,1438,2,36000,1.14742698192
46821,47038,48480,217,1442,2,36000,1.15048543689
46823,47043,48503,220,1460,2,36000,1.15068493151
46824,47048,48479,224,1431,2,36000,1.15653389238
46825,47053,48438,228,1385,2,36000,1.16462093863
46827,47058,48602,231,1544,2,36000,1.14961139896
46828,47064,48485,236,1421,2,36000,1.16608022519
46829,47069,48470,240,1401,2,36000,1.17130620985
46831,47074,48581,243,1507,2,36000,1.16124751161
47076,47150,53724,74,6574,32,356400,1.01125646486
47081,47620,50627,539,3007,32,356400,1.17924842035
47653,47660,48760,7,1100,2,36000,1.00636363636
47655,47665,49061,10,1396,2,36000,1.00716332378
47656,47671,49256,15,1585,2,36000,1.0094637224
47657,47676,49258,19,1582,2,36000,1.01201011378
47659,47681,49255,22,1574,2,36000,1.01397712834
47660,47687,48703,27,1016,2,36000,1.02657480315
47661,47692,49264,31,1572,2,36000,1.01972010178
47662,47697,48928,35,1231,2,36000,1.02843216897
47664,47702,48922,38,1220,2,36000,1.03114754098
47665,47707,49265,42,1558,2,36000,1.026957638
47666,47713,49256,47,1543,2,36000,1.03046014258
47668,47718,49263,50,1545,2,36000,1.03236245955
47669,47724,48756,55,1032,2,36000,1.05329457364
47670,47729,48957,59,1228,2,36000,1.04804560261
47672,47734,49261,62,1527,2,36000,1.04060248854
47673,47739,48925,66,1186,2,36000,1.05564924115
47674,47744,49269,70,1525,2,36000,1.04590163934
47676,47750,48922,74,1172,2,36000,1.06313993174
47677,47755,49277,78,1522,2,36000,1.05124835742
47678,47760,49079,82,1319,2,36000,1.06216830933
47680,47765,48922,85,1157,2,36000,1.07346585998
47681,47770,48929,89,1159,2,36000,1.0767903365
47682,47776,49256,94,1480,2,36000,1.06351351351
47683,47781,48929,98,1148,2,36000,1.08536585366
47685,47786,49211,101,1425,2,36000,1.07087719298
47686,47791,49373,105,1582,2,36000,1.06637168142
47687,47797,49150,110,1353,2,36000,1.08130081301
47689,47802,49263,113,1461,2,36000,1.07734428474
47690,47807,49319,117,1512,2,36000,1.07738095238
47691,47812,48938,121,1126,2,36000,1.10746003552
47693,47817,48929,124,1112,2,36000,1.11151079137
47694,47823,49257,129,1434,2,36000,1.089958159
47695,47828,49060,133,1232,2,36000,1.10795454545
47697,47833,49265,136,1432,2,36000,1.09497206704
47698,47922,48939,224,1017,2,36000,1.22025565388
47699,47929,49258,230,1329,2,36000,1.17306245297
47701,47941,49341,240,1400,2,36000,1.17142857143
47702,47962,49291,260,1329,2,36000,1.1956358164
47706,47980,49267,274,1287,2,36000,1.2128982129
47708,48024,49278,316,1254,2,36000,1.25199362041
47709,48075,49260,366,1185,2,36000,1.30886075949
47710,48089,49354,379,1265,2,36000,1.29960474308
47712,48096,49268,384,1172,2,36000,1.32764505119
47713,48103,49266,390,1163,2,36000,1.33533963887
47714,48115,49259,401,1144,2,36000,1.35052447552
47716,48166,49365,450,1199,2,36000,1.37531276063
47717,48308,49471,591,1163,2,36000,1.50816852966
47726,48372,49986,646,1614,2,36000,1.40024783147
48501,48508,50075,7,1567,2,36000,1.00446713465
48503,48514,49994,11,1480,2,36000,1.00743243243
48504,48519,50050,15,1531,2,36000,1.00979751796
48506,48524,50028,18,1504,2,36000,1.01196808511
48507,48529,49490,22,961,2,36000,1.02289281998
48508,48535,50076,27,1541,2,36000,1.0175210902
48510,48541,50047,31,1506,2,36000,1.02058432935
48511,48546,50094,35,1548,2,36000,1.02260981912
48512,48551,50046,39,1495,2,36000,1.02608695652
48513,48557,49839,44,1282,2,36000,1.03432137285
48515,48562,50103,47,1541,2,36000,1.03049967554
48516,48567,50051,51,1484,2,36000,1.03436657682
48518,48572,50010,54,1438,2,36000,1.03755215577
48519,48578,50045,59,1467,2,36000,1.04021813224
48520,48583,50051,63,1468,2,36000,1.04291553134
48521,48588,50051,67,1463,2,36000,1.04579630895
48523,48593,50011,70,1418,2,36000,1.04936530324
48525,48599,50063,74,1464,2,36000,1.05054644809
48526,48604,50001,78,1397,2,36000,1.05583392985
48527,48609,50090,82,1481,2,36000,1.0553679946
48529,48614,50107,85,1493,2,36000,1.05693235097
48530,48619,50051,89,1432,2,36000,1.06215083799
48531,48625,50065,94,1440,2,36000,1.06527777778
48532,48630,50021,98,1391,2,36000,1.07045291157
48534,48635,50047,101,1412,2,36000,1.07152974504
48536,48641,50051,105,1410,2,36000,1.07446808511
48537,48646,50135,109,1489,2,36000,1.07320349228
48538,48652,50093,114,1441,2,36000,1.07911172797
48540,48657,50098,117,1441,2,36000,1.08119361554
48541,48662,50012,121,1350,2,36000,1.08962962963
48542,48667,50064,125,1397,2,36000,1.08947745168
48544,48672,50051,128,1379,2,36000,1.0928208847
48545,48678,50100,133,1422,2,36000,1.0935302391
48546,48683,50071,137,1388,2,36000,1.09870317003
48548,48688,50048,140,1360,2,36000,1.10294117647
48549,48693,50095,144,1402,2,36000,1.10271041369
48550,48698,50095,148,1397,2,36000,1.10594130279
48552,48704,50101,152,1397,2,36000,1.10880458125
48553,48709,50154,156,1445,2,36000,1.10795847751
48554,48714,50070,160,1356,2,36000,1.11799410029
48556,48719,50051,163,1332,2,36000,1.12237237237
48557,48725,50045,168,1320,2,36000,1.12727272727
48558,48730,50020,172,1290,2,36000,1.13333333333
48560,48735,50097,175,1362,2,36000,1.12848751836
48561,48740,50103,179,1363,2,36000,1.13132795304
48562,48745,50074,183,1329,2,36000,1.13769751693
48564,48751,50103,187,1352,2,36000,1.13831360947
48565,48757,50099,192,1342,2,36000,1.14307004471
48567,48762,50136,195,1374,2,36000,1.14192139738
48568,48769,50132,201,1363,2,36000,1.14746881878
48570,48776,50072,206,1296,2,36000,1.15895061728
48571,48934,50096,363,1162,2,36000,1.31239242685
48573,48939,50103,366,1164,2,36000,1.31443298969
48574,48944,50088,370,1144,2,36000,1.32342657343
48576,48952,50157,376,1205,2,36000,1.31203319502
48577,48957,50089,380,1132,2,36000,1.33568904594
49328,49334,50891,6,1557,2,36000,1.00385356455
49329,49340,50883,11,1543,2,36000,1.00712896954
49330,49345,50697,15,1352,2,36000,1.01109467456
49332,49351,50614,19,1263,2,36000,1.01504354711
49333,49356,50674,23,1318,2,36000,1.01745068285
49334,49361,50709,27,1348,2,36000,1.02002967359
49336,49367,50517,31,1150,2,36000,1.02695652174
49337,49372,50882,35,1510,2,36000,1.02317880795
49339,49378,50667,39,1289,2,36000,1.03025601241
49340,49383,50706,43,1323,2,36000,1.03250188964
49341,49388,50889,47,1501,2,36000,1.03131245836
49343,49393,50912,50,1519,2,36000,1.03291639236
49344,49398,50893,54,1495,2,36000,1.03612040134
49346,49404,50589,58,1185,2,36000,1.04894514768
49347,49409,50650,62,1241,2,36000,1.04995970991
49348,49414,50910,66,1496,2,36000,1.04411764706
49350,49419,50528,69,1109,2,36000,1.06221821461
49351,49424,50708,73,1284,2,36000,1.05685358255
49352,49430,50886,78,1456,2,36000,1.05357142857
49354,49435,50926,81,1491,2,36000,1.05432595573
49355,49440,50521,85,1081,2,36000,1.07863089732
49357,49445,50562,88,1117,2,36000,1.078782453
49358,49450,50921,92,1471,2,36000,1.0625424881
49359,49456,50885,97,1429,2,36000,1.06787963611
49360,49461,50575,101,1114,2,36000,1.09066427289
49362,49467,50575,105,1108,2,36000,1.09476534296
49363,49473,50887,110,1414,2,36000,1.07779349364
49365,49478,50610,113,1132,2,36000,1.09982332155
49366,49483,50619,117,1136,2,36000,1.10299295775
49367,49488,50668,121,1180,2,36000,1.10254237288
49369,49493,50888,124,1395,2,36000,1.08888888889
49370,49499,50592,129,1093,2,36000,1.11802378774
49371,49504,50901,133,1397,2,36000,1.09520400859
49373,49509,50639,136,1130,2,36000,1.1203539823
49374,49514,50911,140,1397,2,36000,1.10021474588
49376,49519,50953,143,1434,2,36000,1.09972105997
49377,49525,50520,148,995,2,36000,1.14874371859
49379,49530,50884,151,1354,2,36000,1.11152141802
49380,49536,50914,156,1378,2,36000,1.11320754717
49381,49541,50950,160,1409,2,36000,1.11355571327
49383,49866,51019,483,1153,2,36000,1.41890719861
49384,50002,51715,618,1713,2,36000,1.36077057793
49385,50017,51261,632,1244,2,36000,1.50803858521
49387,50024,51715,637,1691,2,36000,1.37670017741
49388,50032,51260,644,1228,2,36000,1.52442996743
49390,50038,50980,648,942,2,36000,1.68789808917
49391,50043,51318,652,1275,2,36000,1.51137254902
49392,50049,51258,657,1209,2,36000,1.54342431762
50165,50171,51240,6,1069,2,36000,1.00561272217
50166,50177,51708,11,1531,2,36000,1.00718484651
50167,50182,51743,15,1561,2,36000,1.00960922486
50168,50187,51726,19,1539,2,36000,1.01234567901
50170,50192,51734,22,1542,2,36000,1.01426718547
50171,50197,51706,26,1509,2,36000,1.01722995361
50172,50204,51263,32,1059,2,36000,1.03021718602
50174,50209,51737,35,1528,2,36000,1.02290575916
50175,50215,51264,40,1049,2,36000,1.03813155386
50176,50220,51282,44,1062,2,36000,1.04143126177
50178,50225,51259,47,1034,2,36000,1.04545454545
50179,50230,51682,51,1452,2,36000,1.03512396694
50180,50235,51265,55,1030,2,36000,1.05339805825
50182,50241,51717,59,1476,2,36000,1.03997289973
50183,50246,51294,63,1048,2,36000,1.06011450382
50184,50251,51693,67,1442,2,36000,1.04646324549
50186,50256,51713,70,1457,2,36000,1.04804392588
50187,50261,51283,74,1022,2,36000,1.07240704501
50188,50267,51239,79,972,2,36000,1.08127572016
50190,50272,51721,82,1449,2,36000,1.05659075224
50191,50277,51737,86,1460,2,36000,1.05890410959
50192,50282,51707,90,1425,2,36000,1.06315789474
50193,50287,51663,94,1376,2,36000,1.06831395349
50195,50293,51720,98,1427,2,36000,1.0686755431
50196,50298,51729,102,1431,2,36000,1.071278826
50197,50303,51766,106,1463,2,36000,1.07245386193
50199,50309,51712,110,1403,2,36000,1.07840342124
50200,50314,51700,114,1386,2,36000,1.08225108225
50201,50320,51705,119,1385,2,36000,1.08592057762
50203,50326,51683,123,1357,2,36000,1.09064112012
50204,50331,51694,127,1363,2,36000,1.09317681585
50205,50336,51739,131,1403,2,36000,1.09337134711
50207,50341,51280,134,939,2,36000,1.14270500532
50208,50347,51742,139,1395,2,36000,1.09964157706
50210,50352,51238,142,886,2,36000,1.16027088036
50211,50357,51723,146,1366,2,36000,1.10688140556
50212,50362,51745,150,1383,2,36000,1.10845986985
50214,50367,51743,153,1376,2,36000,1.11119186047
50215,50373,51269,158,896,2,36000,1.17633928571
50216,50378,51719,162,1341,2,36000,1.12080536913
50218,50383,51714,165,1331,2,36000,1.12396694215
50219,50388,51762,169,1374,2,36000,1.1229985444
50220,50393,51715,173,1322,2,36000,1.1308623298
50221,50399,51262,178,863,2,36000,1.20625724218
50223,50404,51276,181,872,2,36000,1.20756880734
50224,50409,51727,185,1318,2,36000,1.14036418816
50225,50414,51744,189,1330,2,36000,1.14210526316
50227,50420,51728,193,1308,2,36000,1.14755351682
50228,50529,51809,301,1280,2,36000,1.23515625
50229,50536,51738,307,1202,2,36000,1.25540765391
50231,50542,51787,311,1245,2,36000,1.24979919679
50232,50548,51762,316,1214,2,36000,1.26029654036
50233,50573,51731,340,1158,2,36000,1.29360967185
50235,50586,51735,351,1149,2,36000,1.30548302872
50236,50591,51733,355,1142,2,36000,1.31085814361
50237,50600,51787,363,1187,2,36000,1.30581297388
50239,50607,51742,368,1135,2,36000,1.32422907489
50240,50623,51724,383,1101,2,36000,1.34786557675
50241,50629,51732,388,1103,2,36000,1.35176790571
50243,50635,51740,392,1105,2,36000,1.35475113122
50244,50641,51722,397,1081,2,36000,1.36725254394
50245,50646,51736,401,1090,2,36000,1.36788990826
50980,50987,52220,7,1233,2,36000,1.00567721006
50982,50993,52572,11,1579,2,36000,1.00696643445
50983,50998,52196,15,1198,2,36000,1.01252086811
50984,51003,52197,19,1194,2,36000,1.01591289782
50986,51008,52593,22,1585,2,36000,1.01388012618
50987,51014,52195,27,1181,2,36000,1.02286198137
50989,51019,52590,30,1571,2,36000,1.01909611712
50990,51025,52237,35,1212,2,36000,1.02887788779
50991,51031,52568,40,1537,2,36000,1.02602472349
50993,51036,52577,43,1541,2,36000,1.02790395847
50994,51041,52198,47,1157,2,36000,1.04062229905
50995,51046,52195,51,1149,2,36000,1.04438642298
50996,51051,52551,55,1500,2,36000,1.03666666667
50998,51057,52573,59,1516,2,36000,1.0389182058
50999,51062,52593,63,1531,2,36000,1.04114957544
51000,51067,52582,67,1515,2,36000,1.04422442244
51002,51072,52586,70,1514,2,36000,1.04623513871
51003,51077,52558,74,1481,2,36000,1.04996623903
51004,51083,52561,79,1478,2,36000,1.05345060893
51006,51088,52549,82,1461,2,36000,1.05612594114
51007,51093,52563,86,1470,2,36000,1.05850340136
51008,51098,52566,90,1468,2,36000,1.06130790191
51010,51104,52580,94,1476,2,36000,1.06368563686
51011,51109,52569,98,1460,2,36000,1.06712328767
51012,51114,52588,102,1474,2,36000,1.06919945726
51014,51119,52588,105,1469,2,36000,1.07147719537
51015,51125,52581,110,1456,2,36000,1.07554945055
51016,51130,52588,114,1458,2,36000,1.07818930041
51018,51136,52574,118,1438,2,36000,1.08205841446
51019,51141,52584,122,1443,2,36000,1.08454608455
51020,51146,52586,126,1440,2,36000,1.0875
51022,51151,52572,129,1421,2,36000,1.09078114004
51023,51156,52594,133,1438,2,36000,1.09248956885
51025,51162,52593,137,1431,2,36000,1.09573724668
51026,51167,52561,141,1394,2,36000,1.10114777618
51027,51172,52584,145,1412,2,36000,1.10269121813
51029,51177,52570,148,1393,2,36000,1.10624551328
51030,51182,52576,152,1394,2,36000,1.10903873745
51031,51188,52579,157,1391,2,36000,1.11286843997
51033,51193,52624,160,1431,2,36000,1.11180992313
51034,51198,52553,164,1355,2,36000,1.12103321033
51753,51759,53360,6,1601,2,36000,1.00374765771
51754,51765,53342,11,1577,2,36000,1.0069752695
51756,51770,53358,14,1588,2,36000,1.00881612091
51757,51775,52655,18,880,2,36000,1.02045454545
51758,51781,52921,23,1140,2,36000,1.0201754386
51759,51786,52923,27,1137,2,36000,1.02374670185
51761,51792,53333,31,1541,2,36000,1.02011680727
51762,51797,52595,35,798,2,36000,1.04385964912
51763,51802,52657,39,855,2,36000,1.04561403509
51765,51807,53357,42,1550,2,36000,1.02709677419
51766,51813,53355,47,1542,2,36000,1.03047989624
51767,51818,52616,51,798,2,36000,1.06390977444
51769,51823,53344,54,1521,2,36000,1.03550295858
51770,51828,53354,58,1526,2,36000,1.0380078637
51771,51833,54165,62,2332,2,36000,1.02658662093
51773,51839,52916,66,1077,2,36000,1.06128133705
51774,51844,52804,70,960,2,36000,1.07291666667
51775,51849,53337,74,1488,2,36000,1.0497311828
51777,51854,52806,77,952,2,36000,1.08088235294
51778,51860,53339,82,1479,2,36000,1.0554428668
51779,51865,53354,86,1489,2,36000,1.05775688381
51780,51870,53334,90,1464,2,36000,1.06147540984
51782,51875,52924,93,1049,2,36000,1.08865586273
51783,51880,53346,97,1466,2,36000,1.06616643929
51785,51886,52950,101,1064,2,36000,1.09492481203
51786,51891,52926,105,1035,2,36000,1.10144927536
51787,51897,53361,110,1464,2,36000,1.07513661202
51789,51902,53360,113,1458,2,36000,1.07750342936
51790,51908,52926,118,1018,2,36000,1.11591355599
51791,51913,53358,122,1445,2,36000,1.08442906574
51793,51918,53370,125,1452,2,36000,1.08608815427
51794,51923,53347,129,1424,2,36000,1.09058988764
51795,51928,53357,133,1429,2,36000,1.09307207838
51797,51934,53325,137,1391,2,36000,1.09849029475
51798,51939,53343,141,1404,2,36000,1.10042735043
51799,51944,53338,145,1394,2,36000,1.10401721664
51800,51949,53406,149,1457,2,36000,1.10226492793
51802,51955,53349,153,1394,2,36000,1.10975609756
51803,51960,53336,157,1376,2,36000,1.11409883721
51804,51965,53341,161,1376,2,36000,1.11700581395
51806,51970,52946,164,976,2,36000,1.16803278689
51807,51975,53349,168,1374,2,36000,1.12227074236
51808,51981,53960,173,1979,2,36000,1.08741788782
51810,51986,53345,176,1359,2,36000,1.12950699043
51811,51991,53342,180,1351,2,36000,1.13323464101
51812,51996,52924,184,928,2,36000,1.19827586207
51814,52001,52923,187,922,2,36000,1.20281995662
51815,52007,53346,192,1339,2,36000,1.14339058999
51816,52012,52922,196,910,2,36000,1.21538461538
51818,52017,53416,199,1399,2,36000,1.14224446033
51819,52022,53423,203,1401,2,36000,1.1448965025
51820,52027,53351,207,1324,2,36000,1.15634441088
51822,52033,53380,211,1347,2,36000,1.15664439495
51823,52038,53373,215,1335,2,36000,1.16104868914
51824,52043,53335,219,1292,2,36000,1.16950464396
51825,52048,53352,223,1304,2,36000,1.17101226994
51827,52053,53405,226,1352,2,36000,1.16715976331
51829,52059,53901,230,1842,2,36000,1.12486427796
51830,52064,53423,234,1359,2,36000,1.17218543046
51832,52069,53348,237,1279,2,36000,1.18530101642
51833,52074,53358,241,1284,2,36000,1.18769470405
51834,52079,53350,245,1271,2,36000,1.19276160504
51836,52085,53347,249,1262,2,36000,1.19730586371
52595,52601,54181,6,1580,2,36000,1.00379746835
52596,52607,54117,11,1510,2,36000,1.00728476821
52597,52613,54161,16,1548,2,36000,1.01033591731
52599,52618,54139,19,1521,2,36000,1.01249178172
52600,52623,54169,23,1546,2,36000,1.0148771022
52601,52628,54186,27,1558,2,36000,1.01732991014
52603,52634,54159,31,1525,2,36000,1.02032786885
52604,52639,53909,35,1270,2,36000,1.02755905512
52605,52644,54152,39,1508,2,36000,1.02586206897
52607,52650,54173,43,1523,2,36000,1.02823374918
52608,52655,54141,47,1486,2,36000,1.03162853297
52609,52660,54140,51,1480,2,36000,1.03445945946
52611,52665,54183,54,1518,2,36000,1.03557312253
52612,52670,54117,58,1447,2,36000,1.0400829302
52613,52676,54157,63,1481,2,36000,1.04253882512
52615,52681,54190,66,1509,2,36000,1.04373757455
52616,52686,53963,70,1277,2,36000,1.05481597494
52617,52691,54164,74,1473,2,36000,1.05023761032
52619,52697,54178,78,1481,2,36000,1.05266711681
52620,52702,53960,82,1258,2,36000,1.06518282989
52621,52707,53900,86,1193,2,36000,1.07208717519
52623,52712,54155,89,1443,2,36000,1.06167706168
52624,52717,54193,93,1476,2,36000,1.06300813008
52625,52723,54189,98,1466,2,36000,1.06684856753
52627,52728,54195,101,1467,2,36000,1.06884798909
52628,52733,54166,105,1433,2,36000,1.07327285415
52630,52739,54185,109,1446,2,36000,1.07538035961
52631,52745,54172,114,1427,2,36000,1.07988787666
52633,52750,54176,117,1426,2,36000,1.08204768583
52634,52755,54531,121,1776,2,36000,1.06813063063
52635,52760,54228,125,1468,2,36000,1.08514986376
52637,52765,54192,128,1427,2,36000,1.08969866854
52638,52771,54166,133,1395,2,36000,1.09534050179
52640,52776,54176,136,1400,2,36000,1.09714285714
52641,52781,54158,140,1377,2,36000,1.10167029775
52643,52786,54254,143,1468,2,36000,1.09741144414
52644,52791,54171,147,1380,2,36000,1.10652173913
52646,52797,54179,151,1382,2,36000,1.10926193922
52647,52802,54175,155,1373,2,36000,1.11289147851
52648,52807,54248,159,1441,2,36000,1.11034004164
52653,52812,54177,159,1365,2,36000,1.11648351648
52656,52817,54175,161,1358,2,36000,1.11855670103
52658,52823,54208,165,1385,2,36000,1.11913357401
52660,52828,54230,168,1402,2,36000,1.11982881598
52661,52833,54156,172,1323,2,36000,1.13000755858
52663,52838,54188,175,1350,2,36000,1.12962962963
52664,52844,54238,180,1394,2,36000,1.12912482066
53381,53387,54725,6,1338,2,36000,1.00448430493
53382,53393,54862,11,1469,2,36000,1.00748808713
53383,53398,54876,15,1478,2,36000,1.0101488498
53385,53403,54640,18,1237,2,36000,1.01455133387
53386,53409,54653,23,1244,2,36000,1.01848874598
53388,53414,54610,26,1196,2,36000,1.02173913043
53389,53420,54511,31,1091,2,36000,1.02841429881
53390,53425,54818,35,1393,2,36000,1.02512562814
53392,53431,54982,39,1551,2,36000,1.0251450677
53393,53436,54581,43,1145,2,36000,1.03755458515
53394,53441,54605,47,1164,2,36000,1.04037800687
53396,53446,54621,50,1175,2,36000,1.04255319149
53397,53451,54667,54,1216,2,36000,1.04440789474
53398,53457,54639,59,1182,2,36000,1.04991539763
53400,53462,54702,62,1240,2,36000,1.05
53401,53467,54755,66,1288,2,36000,1.05124223602
53402,53472,54816,70,1344,2,36000,1.05208333333
53403,53477,54528,74,1051,2,36000,1.07040913416
53405,53483,54620,78,1137,2,36000,1.06860158311
53406,53488,54820,82,1332,2,36000,1.06156156156
53408,53493,54885,85,1392,2,36000,1.06106321839
53409,53498,54683,89,1185,2,36000,1.07510548523
53410,53503,54743,93,1240,2,36000,1.075
53412,53509,55002,97,1493,2,36000,1.06496985934
53413,53514,54611,101,1097,2,36000,1.09206927985
53415,53519,55029,104,1510,2,36000,1.06887417219
53416,53525,54918,109,1393,2,36000,1.07824838478
53417,53530,54892,113,1362,2,36000,1.08296622614
53419,53536,54930,117,1394,2,36000,1.08393113343
53420,53541,54872,121,1331,2,36000,1.09090909091
53421,53547,54658,126,1111,2,36000,1.11341134113
53423,53552,54733,129,1181,2,36000,1.10922946655
53424,53558,54919,134,1361,2,36000,1.0984570169
53426,53563,54979,137,1416,2,36000,1.09675141243
53427,53568,54959,141,1391,2,36000,1.1013659238
53428,53573,54795,145,1222,2,36000,1.11865793781
53430,53579,54878,149,1299,2,36000,1.11470361817
53431,53584,54970,153,1386,2,36000,1.11038961039
53432,53589,54728,157,1139,2,36000,1.13784021071
53434,53594,54671,160,1077,2,36000,1.14856081708
53435,53600,54682,165,1082,2,36000,1.15249537893
53436,53605,54817,169,1212,2,36000,1.13943894389
53438,53610,54822,172,1212,2,36000,1.14191419142
53439,53615,54783,176,1168,2,36000,1.15068493151
53441,53620,54595,179,975,2,36000,1.18358974359
53442,53626,54798,184,1172,2,36000,1.15699658703
53443,53631,55074,188,1443,2,36000,1.13028413028
53445,53636,55020,191,1384,2,36000,1.13800578035
53446,53641,54859,195,1218,2,36000,1.16009852217
53447,53646,54792,199,1146,2,36000,1.17364746946
53449,53652,54797,203,1145,2,36000,1.17729257642
53450,53657,54804,207,1147,2,36000,1.18047079337
53452,53662,54685,210,1023,2,36000,1.20527859238
53453,53667,54762,214,1095,2,36000,1.19543378995
53455,53672,55114,217,1442,2,36000,1.15048543689
54202,54208,55457,6,1249,2,36000,1.00480384307
54204,54214,55269,10,1055,2,36000,1.00947867299
54205,54219,55372,14,1153,2,36000,1.01214223764
54206,54225,55306,19,1081,2,36000,1.01757631822
54208,54230,55297,22,1067,2,36000,1.0206185567
54209,54236,55471,27,1235,2,36000,1.02186234818
54210,54241,55332,31,1091,2,36000,1.02841429881
54212,54246,55282,34,1036,2,36000,1.03281853282
54213,54252,55257,39,1005,2,36000,1.03880597015
54214,54257,55191,43,934,2,36000,1.0460385439
54216,54262,55250,46,988,2,36000,1.04655870445
54217,54267,55350,50,1083,2,36000,1.04616805171
54218,54272,55036,54,764,2,36000,1.07068062827
54220,54278,55285,58,1007,2,36000,1.05759682224
54221,54283,55454,62,1171,2,36000,1.05294619983
54222,54288,55383,66,1095,2,36000,1.0602739726
54224,54293,55232,69,939,2,36000,1.07348242812
54225,54298,55385,73,1087,2,36000,1.06715731371
54226,54304,55277,78,973,2,36000,1.08016443988
54228,54309,55423,81,1114,2,36000,1.07271095153
54229,54314,55367,85,1053,2,36000,1.08072174739
54230,54319,55418,89,1099,2,36000,1.08098271156
54232,54325,55449,93,1124,2,36000,1.08274021352
54233,54331,55279,98,948,2,36000,1.10337552743
54234,54336,55178,102,842,2,36000,1.12114014252
54236,54341,55416,105,1075,2,36000,1.0976744186
54237,54346,55440,109,1094,2,36000,1.09963436929
54239,54351,55575,112,1224,2,36000,1.09150326797
54240,54357,55598,117,1241,2,36000,1.09427880741
54241,54362,55457,121,1095,2,36000,1.11050228311
54243,54367,55251,124,884,2,36000,1.14027149321
54244,54372,55270,128,898,2,36000,1.1425389755
54245,54377,55147,132,770,2,36000,1.17142857143
54247,54383,55645,136,1262,2,36000,1.10776545166
54249,54388,55337,139,949,2,36000,1.14646996839
54250,54393,55464,143,1071,2,36000,1.1335200747
54251,54398,55417,147,1019,2,36000,1.14425907753
54253,54403,55290,150,887,2,36000,1.16910935738
54255,54409,55310,154,901,2,36000,1.17092119867
54256,54414,55203,158,789,2,36000,1.20025348542
54258,54419,55324,161,905,2,36000,1.17790055249
54259,54424,55447,165,1023,2,36000,1.16129032258
54260,54430,55446,170,1016,2,36000,1.16732283465
54262,54435,55256,173,821,2,36000,1.21071863581
54263,54440,55487,177,1047,2,36000,1.16905444126
54264,54445,55525,181,1080,2,36000,1.16759259259
54265,54450,55501,185,1051,2,36000,1.17602283539
54267,54456,55382,189,926,2,36000,1.20410367171
54318,54461,55393,143,932,2,36000,1.15343347639
54319,54466,55378,147,912,2,36000,1.16118421053
54321,54472,55448,151,976,2,36000,1.15471311475
54322,54477,55478,155,1001,2,36000,1.15484515485
54323,54483,55637,160,1154,2,36000,1.13864818024
54325,54488,55537,163,1049,2,36000,1.15538608198
54512,54518,55392,6,874,2,36000,1.00686498856
54552,54559,55692,7,1133,2,36000,1.00617828773
54554,54565,55412,11,847,2,36000,1.01298701299
54584,54590,55449,6,859,2,36000,1.00698486612
54602,54608,55761,6,1153,2,36000,1.00520381613
54621,54627,55853,6,1226,2,36000,1.00489396411
54622,54633,55505,11,872,2,36000,1.0126146789
54623,54639,55592,16,953,2,36000,1.01678908709
54624,54644,55785,20,1141,2,36000,1.01752848379
54626,54649,55832,23,1183,2,36000,1.01944209637
54670,54676,55703,6,1027,2,36000,1.00584225901
54671,54682,55852,11,1170,2,36000,1.0094017094
54672,54688,55537,16,849,2,36000,1.01884570082
54674,54693,55578,19,885,2,36000,1.02146892655
54675,54698,55627,23,929,2,36000,1.02475780409
54696,54704,55802,8,1098,2,36000,1.0072859745
54698,54709,55730,11,1021,2,36000,1.01077375122
54699,54716,55670,17,954,2,36000,1.0178197065
54700,54721,55726,21,1005,2,36000,1.02089552239
54717,54728,55635,11,907,2,36000,1.01212789416
54735,54741,55851,6,1110,2,36000,1.00540540541
54736,54747,55569,11,822,2,36000,1.01338199513
54738,54752,55899,14,1147,2,36000,1.01220575414
54755,54761,55544,6,783,2,36000,1.00766283525
54756,54767,55512,11,745,2,36000,1.01476510067
54774,54781,55641,7,860,2,36000,1.00813953488
54793,54799,55740,6,941,2,36000,1.00637619554
54795,54805,56005,10,1200,2,36000,1.00833333333
54831,54837,55698,6,861,2,36000,1.00696864111
54832,54843,56119,11,1276,2,36000,1.00862068966
54834,54848,55637,14,789,2,36000,1.01774397972
54835,54854,55581,19,727,2,36000,1.02613480055
54836,54859,55734,23,875,2,36000,1.02628571429
54838,54865,55950,27,1085,2,36000,1.02488479263
54839,54870,55945,31,1075,2,36000,1.0288372093
54840,54875,55747,35,872,2,36000,1.04013761468
54842,54881,55920,39,1039,2,36000,1.0375360924
54867,54887,55664,20,777,2,36000,1.02574002574
54869,54892,55986,23,1094,2,36000,1.021023766
54891,54898,55752,7,854,2,36000,1.00819672131
54892,54904,55738,12,834,2,36000,1.01438848921
54894,54910,55898,16,988,2,36000,1.01619433198
54895,54915,55919,20,1004,2,36000,1.01992031873
54913,54921,55692,8,771,2,36000,1.01037613489
54932,54938,55838,6,900,2,36000,1.00666666667
54934,54944,56100,10,1156,2,36000,1.00865051903
54935,54949,56137,14,1188,2,36000,1.01178451178
54963,54969,56063,6,1094,2,36000,1.00548446069
54981,54987,56527,6,1540,2,36000,1.0038961039
54982,54993,55888,11,895,2,36000,1.01229050279
55000,55006,56157,6,1151,2,36000,1.00521285838
55018,55024,55892,6,868,2,36000,1.0069124424
55037,55043,55888,6,845,2,36000,1.00710059172
55038,55049,56437,11,1388,2,36000,1.00792507205
55039,55054,55933,15,879,2,36000,1.01706484642
55077,55083,56028,6,945,2,36000,1.00634920635
55118,55124,56096,6,972,2,36000,1.00617283951
55149,55156,56218,7,1062,2,36000,1.0065913371
55181,55187,56360,6,1173,2,36000,1.00511508951
55198,55204,55956,6,752,2,36000,1.0079787234
55216,55222,56354,6,1132,2,36000,1.00530035336
55233,55239,56302,6,1063,2,36000,1.00564440263
55254,55260,56348,6,1088,2,36000,1.00551470588
55255,55266,56415,11,1149,2,36000,1.00957354221
55274,55280,56053,6,773,2,36000,1.00776196636
55275,55286,56371,11,1085,2,36000,1.01013824885
55277,55291,56126,14,835,2,36000,1.01676646707
55278,55296,56188,18,892,2,36000,1.0201793722
55304,55310,56157,6,847,2,36000,1.00708382527
55306,55316,56162,10,846,2,36000,1.01182033097
55307,55321,56222,14,901,2,36000,1.01553829079
55308,55326,56128,18,802,2,36000,1.02244389027
55310,55331,56093,21,762,2,36000,1.02755905512
55312,55338,56134,26,796,2,36000,1.03266331658
55332,55343,56189,11,846,2,36000,1.01300236407
55333,55349,56166,16,817,2,36000,1.01958384333
55334,55354,56159,20,805,2,36000,1.0248447205
55336,55360,56195,24,835,2,36000,1.02874251497
55354,55366,56510,12,1144,2,36000,1.01048951049
55356,55371,56270,15,899,2,36000,1.01668520578
55372,55378,56459,6,1081,2,36000,1.00555041628
55373,55384,56661,11,1277,2,36000,1.00861393892
55397,55403,56657,6,1254,2,36000,1.004784689
55398,55409,56392,11,983,2,36000,1.01119023398
55399,55414,56456,15,1042,2,36000,1.01439539347
55401,55420,56108,19,688,2,36000,1.02761627907
55402,55425,56370,23,945,2,36000,1.02433862434
55403,55430,56359,27,929,2,36000,1.02906350915
55423,55437,56612,14,1175,2,36000,1.01191489362
55425,55442,56424,17,982,2,36000,1.01731160896
55426,55447,56604,21,1157,2,36000,1.01815038894
55427,55452,56221,25,769,2,36000,1.03250975293
55429,55457,56299,28,842,2,36000,1.03325415677
55446,55463,56237,17,774,2,36000,1.02196382429
55470,55477,56433,7,956,2,36000,1.00732217573
55472,55483,56305,11,822,2,36000,1.01338199513
55473,55488,56681,15,1193,2,36000,1.01257334451
55474,55493,56601,19,1108,2,36000,1.01714801444
55476,55498,56541,22,1043,2,36000,1.02109300096
55477,55504,56589,27,1085,2,36000,1.02488479263
55478,55510,56294,32,784,2,36000,1.04081632653
55480,55515,56409,35,894,2,36000,1.03914988814
55481,55520,56661,39,1141,2,36000,1.03418054338
55482,55526,56292,44,766,2,36000,1.05744125326
55503,55531,56710,28,1179,2,36000,1.02374893978
55504,55536,56534,32,998,2,36000,1.03206412826
55506,55542,56475,36,933,2,36000,1.038585209
55543,55549,56688,6,1139,2,36000,1.00526777875
55545,55555,56770,10,1215,2,36000,1.00823045267
55546,55560,56499,14,939,2,36000,1.01490947817
55548,55565,56590,17,1025,2,36000,1.01658536585
55549,55570,56368,21,798,2,36000,1.02631578947
55568,55577,56731,9,1154,2,36000,1.00779896014
55585,55592,56617,7,1025,2,36000,1.00682926829
55587,55598,56745,11,1147,2,36000,1.0095902354
55588,55603,56516,15,913,2,36000,1.01642935378
55589,55609,56857,20,1248,2,36000,1.01602564103
55606,55615,56590,9,975,2,36000,1.00923076923
55608,55621,56830,13,1209,2,36000,1.01075268817
55631,55637,56669,6,1032,2,36000,1.00581395349
55649,55655,56715,6,1060,2,36000,1.00566037736
55650,55661,56510,11,849,2,36000,1.01295641932
55651,55666,56714,15,1048,2,36000,1.0143129771
55653,55672,56687,19,1015,2,36000,1.01871921182
55654,55677,56498,23,821,2,36000,1.02801461632
55671,55683,56825,12,1142,2,36000,1.01050788091
55672,55688,56706,16,1018,2,36000,1.01571709234
55696,55702,56773,6,1071,2,36000,1.0056022409
55697,55708,56826,11,1118,2,36000,1.00983899821
55713,55720,56472,7,752,2,36000,1.00930851064
55715,55726,56550,11,824,2,36000,1.01334951456
55731,55738,56888,7,1150,2,36000,1.00608695652
55733,55744,56733,11,989,2,36000,1.0111223458
55750,55756,56834,6,1078,2,36000,1.00556586271
55752,55762,56691,10,929,2,36000,1.01076426265
55753,55767,56579,14,812,2,36000,1.01724137931
55754,55773,56962,19,1189,2,36000,1.01597981497
55774,55779,56624,5,845,2,36000,1.00591715976
55775,55785,56657,10,872,2,36000,1.01146788991
55795,55802,56746,7,944,2,36000,1.00741525424
55817,55823,57052,6,1229,2,36000,1.0048820179
55835,55841,56685,6,844,2,36000,1.00710900474
55852,55858,56760,6,902,2,36000,1.0066518847
55853,55864,56745,11,881,2,36000,1.01248581158
55855,55869,56751,14,882,2,36000,1.01587301587
55873,55879,56869,6,990,2,36000,1.00606060606
55893,55899,56830,6,931,2,36000,1.00644468314
55894,55905,56697,11,792,2,36000,1.01388888889
55895,55910,57012,15,1102,2,36000,1.01361161525
55954,55960,57051,6,1091,2,36000,1.0054995417
55956,55966,57092,10,1126,2,36000,1.00888099467
55957,55971,56708,14,737,2,36000,1.01899592944
55958,55976,56901,18,925,2,36000,1.01945945946
55960,55982,57018,22,1036,2,36000,1.02123552124
55961,55987,56783,26,796,2,36000,1.03266331658
55962,55993,57142,31,1149,2,36000,1.02697998259
55982,55998,57111,16,1113,2,36000,1.01437556155
55998,56004,56980,6,976,2,36000,1.00614754098
56014,56020,57105,6,1085,2,36000,1.00552995392
56030,56037,56689,7,652,2,36000,1.01073619632
56055,56061,57289,6,1228,2,36000,1.00488599349
56072,56078,56765,6,687,2,36000,1.00873362445
56095,56101,57128,6,1027,2,36000,1.00584225901
56113,56119,57149,6,1030,2,36000,1.00582524272
56114,56125,57173,11,1048,2,36000,1.01049618321
56115,56130,56904,15,774,2,36000,1.01937984496
56133,56139,57000,6,861,2,36000,1.00696864111
56134,56145,57220,11,1075,2,36000,1.01023255814
56136,56150,57297,14,1147,2,36000,1.01220575414
56152,56158,57145,6,987,2,36000,1.00607902736
56154,56164,57196,10,1032,2,36000,1.00968992248
56171,56177,56998,6,821,2,36000,1.00730816078
56172,56183,57308,11,1125,2,36000,1.00977777778
56174,56188,56995,14,807,2,36000,1.01734820322
56175,56193,57234,18,1041,2,36000,1.01729106628
56176,56199,57160,23,961,2,36000,1.02393340271
56193,56205,57151,12,946,2,36000,1.01268498943
56195,56211,57134,16,923,2,36000,1.0173347779
56211,56216,57126,5,910,2,36000,1.00549450549
56227,56233,57123,6,890,2,36000,1.00674157303
56228,56239,120341,11,64102,6,356400,1.00017160151
56229,56244,57395,15,1151,2,36000,1.01303214596
56230,56249,57022,19,773,2,36000,1.02457956016
56246,56255,57287,9,1032,2,36000,1.00872093023
56276,56282,57170,6,888,2,36000,1.00675675676
56296,56302,57492,6,1190,2,36000,1.00504201681
56298,56308,57088,10,780,2,36000,1.01282051282
56327,56333,57201,6,868,2,36000,1.0069124424
56329,56339,57485,10,1146,2,36000,1.00872600349
56330,56344,57191,14,847,2,36000,1.01652892562
56353,56359,57327,6,968,2,36000,1.00619834711
56372,56378,57306,6,928,2,36000,1.00646551724
56373,56384,57410,11,1026,2,36000,1.01072124756
56374,56390,57255,16,865,2,36000,1.01849710983
56376,56395,57201,19,806,2,36000,1.02357320099
56377,56400,57379,23,979,2,36000,1.02349336057
56378,56405,57475,27,1070,2,36000,1.02523364486
56395,56411,57527,16,1116,2,36000,1.01433691756
56413,56419,57478,6,1059,2,36000,1.00566572238
56429,56435,57383,6,948,2,36000,1.00632911392
56431,56441,57298,10,857,2,36000,1.01166861144
56448,56454,57613,6,1159,2,36000,1.00517687662
56449,56460,57583,11,1123,2,36000,1.00979519145
56466,56472,57296,6,824,2,36000,1.0072815534
56467,56478,57435,11,957,2,36000,1.01149425287
56484,56490,57290,6,800,2,36000,1.0075
56485,56496,57260,11,764,2,36000,1.01439790576
56502,56508,57516,6,1008,2,36000,1.00595238095
56504,56514,57393,10,879,2,36000,1.01137656428
56521,56527,57590,6,1063,2,36000,1.00564440263
56522,56533,57369,11,836,2,36000,1.01315789474
56523,56538,57459,15,921,2,36000,1.01628664495
56541,56547,57760,6,1213,2,36000,1.00494641385
56543,56553,57551,10,998,2,36000,1.01002004008
56544,56558,57362,14,804,2,36000,1.01741293532
56562,56569,57519,7,950,2,36000,1.00736842105
56582,56588,57798,6,1210,2,36000,1.00495867769
56599,56606,57950,7,1344,2,36000,1.00520833333
56601,56612,57676,11,1064,2,36000,1.01033834586
56602,56617,57616,15,999,2,36000,1.01501501502
56621,56627,57701,6,1074,2,36000,1.00558659218
56622,56633,57756,11,1123,2,36000,1.00979519145
56623,56638,57486,15,848,2,36000,1.01768867925
56625,56644,57552,19,908,2,36000,1.02092511013
56641,56650,57661,9,1011,2,36000,1.00890207715
56658,56664,57612,6,948,2,36000,1.00632911392
56659,56670,57586,11,916,2,36000,1.01200873362
56682,56688,57542,6,854,2,36000,1.00702576112
56684,56694,57553,10,859,2,36000,1.01164144354
56685,56699,57602,14,903,2,36000,1.01550387597
56686,56705,57789,19,1084,2,36000,1.01752767528
56706,56713,57629,7,916,2,36000,1.0076419214
56708,56719,57497,11,778,2,36000,1.01413881748
56709,56724,57864,15,1140,2,36000,1.01315789474
56710,56729,57804,19,1075,2,36000,1.0176744186
56712,56734,57918,22,1184,2,36000,1.01858108108
56713,56740,57624,27,884,2,36000,1.03054298643
56715,56746,57617,31,871,2,36000,1.0355912744
56735,56751,57813,16,1062,2,36000,1.01506591337
56736,56756,57983,20,1227,2,36000,1.0162999185
56737,56762,57766,25,1004,2,36000,1.02490039841
56739,56767,57715,28,948,2,36000,1.02953586498
56740,56772,58005,32,1233,2,36000,1.02595296026
56741,56778,57624,37,846,2,36000,1.04373522459
56760,56784,57897,24,1113,2,36000,1.02156334232
56761,56789,57489,28,700,2,36000,1.04
56763,56794,58081,31,1287,2,36000,1.02408702409
56764,56799,57900,35,1101,2,36000,1.03178928247
56765,56805,57984,40,1179,2,36000,1.03392705683
56783,56811,57967,28,1156,2,36000,1.02422145329
56785,56817,57562,32,745,2,36000,1.04295302013
56786,56822,57593,36,771,2,36000,1.046692607
56788,56827,57875,39,1048,2,36000,1.03721374046
56828,56834,57647,6,813,2,36000,1.0073800738
56829,56840,57772,11,932,2,36000,1.01180257511
56846,56852,57642,6,790,2,36000,1.00759493671
56848,56858,57999,10,1141,2,36000,1.00876424189
56849,56863,57723,14,860,2,36000,1.01627906977
56866,56872,57815,6,943,2,36000,1.00636267232
56882,56888,57691,6,803,2,36000,1.00747198007
56901,56907,57717,6,810,2,36000,1.00740740741
56902,56913,58034,11,1121,2,36000,1.00981266726
56922,56928,57933,6,1005,2,36000,1.00597014925
56965,56971,58011,6,1040,2,36000,1.00576923077
56986,56992,57872,6,880,2,36000,1.00681818182
57002,57009,58102,7,1093,2,36000,1.00640439158
57004,57015,57917,11,902,2,36000,1.01219512195
57005,57020,57972,15,952,2,36000,1.01575630252
57022,57028,57928,6,900,2,36000,1.00666666667
57023,57034,57845,11,811,2,36000,1.01356350185
57025,57039,57857,14,818,2,36000,1.01711491443
57056,57062,58163,6,1101,2,36000,1.00544959128
57057,57068,58064,11,996,2,36000,1.01104417671
57092,57098,57827,6,729,2,36000,1.00823045267
57093,57104,58138,11,1034,2,36000,1.01063829787
57113,57119,58349,6,1230,2,36000,1.00487804878
57114,57125,57928,11,803,2,36000,1.01369863014
57132,57138,58041,6,903,2,36000,1.00664451827
57133,57144,58004,11,860,2,36000,1.01279069767
57135,57149,58115,14,966,2,36000,1.01449275362
57151,57157,57920,6,763,2,36000,1.00786369594
57153,57163,58078,10,915,2,36000,1.01092896175
57154,57168,58454,14,1286,2,36000,1.01088646967
57155,57174,58149,19,975,2,36000,1.01948717949
57157,57179,58120,22,941,2,36000,1.02337938363
57158,57185,131025,27,73840,6,356400,1.00036565547
57173,57191,58119,18,928,2,36000,1.01939655172
57175,57196,58299,21,1103,2,36000,1.01903898459
57176,57201,58268,25,1067,2,36000,1.02343017807
57192,57207,58040,15,833,2,36000,1.01800720288
57194,57212,58086,18,874,2,36000,1.02059496568
57212,57218,58328,6,1110,2,36000,1.00540540541
57213,57224,58006,11,782,2,36000,1.01406649616
57230,57236,58219,6,983,2,36000,1.00610376399
57246,57252,58303,6,1051,2,36000,1.00570884872
57263,57270,58390,7,1120,2,36000,1.00625
57265,57276,58405,11,1129,2,36000,1.00974313552
57288,57294,58201,6,907,2,36000,1.00661521499
57307,57313,58376,6,1063,2,36000,1.00564440263
57308,57319,58077,11,758,2,36000,1.01451187335
57309,57324,58156,15,832,2,36000,1.01802884615
57311,57330,58147,19,817,2,36000,1.02325581395
57312,57335,58221,23,886,2,36000,1.02595936795
57313,57340,58235,27,895,2,36000,1.03016759777
57332,57346,58590,14,1244,2,36000,1.01125401929
57333,57352,58325,19,973,2,36000,1.01952723535
57363,57369,58279,6,910,2,36000,1.00659340659
57380,57386,58647,6,1261,2,36000,1.00475812847
57381,57392,58546,11,1154,2,36000,1.00953206239
57398,57404,58176,6,772,2,36000,1.00777202073
57399,57410,58635,11,1225,2,36000,1.00897959184
57401,57415,58389,14,974,2,36000,1.01437371663
57417,57423,58468,6,1045,2,36000,1.00574162679
57437,57443,58622,6,1179,2,36000,1.00508905852
57460,57466,58412,6,946,2,36000,1.00634249471
57477,57483,58596,6,1113,2,36000,1.00539083558
57478,57489,58319,11,830,2,36000,1.01325301205
57496,57502,58591,6,1089,2,36000,1.00550964187
57497,57508,58559,11,1051,2,36000,1.01046622265
57499,57514,58363,15,849,2,36000,1.01766784452
57500,57519,58544,19,1025,2,36000,1.01853658537
57517,57525,58242,8,717,2,36000,1.01115760112
57518,57530,58426,12,896,2,36000,1.01339285714
57535,57542,58403,7,861,2,36000,1.0081300813
57537,57547,58827,10,1280,2,36000,1.0078125
57553,57559,58367,6,808,2,36000,1.00742574257
57555,57565,58665,10,1100,2,36000,1.00909090909
57556,57571,58772,15,1201,2,36000,1.01248959201
57557,57576,58531,19,955,2,36000,1.01989528796
57574,57582,58756,8,1174,2,36000,1.00681431005
57592,57598,58515,6,917,2,36000,1.00654307525
57593,57604,58423,11,819,2,36000,1.01343101343
57594,57609,58446,15,837,2,36000,1.01792114695
57614,57620,58614,6,994,2,36000,1.0060362173
57616,57626,58842,10,1216,2,36000,1.00822368421
57617,57632,58429,15,797,2,36000,1.01882057716
57618,57637,58699,19,1062,2,36000,1.01789077213
57637,57643,58528,6,885,2,36000,1.00677966102
57638,57649,58692,11,1043,2,36000,1.01054650048
57640,57654,58533,14,879,2,36000,1.01592718999
57641,57659,58516,18,857,2,36000,1.02100350058
57642,57665,58735,23,1070,2,36000,1.0214953271
57659,57671,58477,12,806,2,36000,1.01488833747
57660,57677,58831,17,1154,2,36000,1.01473136915
57678,57684,58781,6,1097,2,36000,1.00546946217
57679,57690,58478,11,788,2,36000,1.01395939086
57695,57701,58615,6,914,2,36000,1.00656455142
57711,57718,58539,7,821,2,36000,1.00852618758
57730,57735,58618,5,883,2,36000,1.00566251416
57731,57741,58603,10,862,2,36000,1.01160092807
57732,57746,58823,14,1077,2,36000,1.01299907149
57759,57765,58702,6,937,2,36000,1.00640341515
57775,57781,58746,6,965,2,36000,1.00621761658
57776,57787,58647,11,860,2,36000,1.01279069767
57778,57792,58731,14,939,2,36000,1.01490947817
57794,57800,58656,6,856,2,36000,1.00700934579
57811,57817,59046,6,1229,2,36000,1.0048820179
57813,57823,58656,10,833,2,36000,1.01200480192
57829,57835,58810,6,975,2,36000,1.00615384615
57830,57841,58708,11,867,2,36000,1.01268742791
57831,57846,58728,15,882,2,36000,1.01700680272
57848,57854,58699,6,845,2,36000,1.00710059172
57864,57871,58653,7,782,2,36000,1.00895140665
57866,57876,59103,10,1227,2,36000,1.00814995925
57882,57888,58971,6,1083,2,36000,1.0055401662
57884,57894,58973,10,1079,2,36000,1.00926784059
57900,57907,58905,7,998,2,36000,1.00701402806
57902,57913,59049,11,1136,2,36000,1.00968309859
57921,57927,58930,6,1003,2,36000,1.00598205384
57922,57933,59205,11,1272,2,36000,1.00864779874
57923,57939,58852,16,913,2,36000,1.01752464403
57941,57947,59018,6,1071,2,36000,1.0056022409
57942,57953,58999,11,1046,2,36000,1.01051625239
57943,57958,58903,15,945,2,36000,1.01587301587
57960,57966,58879,6,913,2,36000,1.00657174151
57977,57983,58986,6,1003,2,36000,1.00598205384
57979,57989,58862,10,873,2,36000,1.01145475372
57997,58003,58869,6,866,2,36000,1.00692840647
57998,58009,59022,11,1013,2,36000,1.01085883514
57999,58014,58980,15,966,2,36000,1.01552795031
58018,58024,59075,6,1051,2,36000,1.00570884872
58019,58030,59122,11,1092,2,36000,1.01007326007
58021,58035,59223,14,1188,2,36000,1.01178451178
58022,58040,58868,18,828,2,36000,1.02173913043
58038,58047,58795,9,748,2,36000,1.01203208556
58054,58061,58933,7,872,2,36000,1.00802752294
58055,58067,59009,12,942,2,36000,1.0127388535
58072,58078,59045,6,967,2,36000,1.00620475698
58088,58094,58894,6,800,2,36000,1.0075
58089,58100,58873,11,773,2,36000,1.01423027167
58091,58105,58951,14,846,2,36000,1.01654846336
58092,58111,59196,19,1085,2,36000,1.01751152074
58108,58117,59086,9,969,2,36000,1.0092879257
58125,58131,59175,6,1044,2,36000,1.00574712644
58127,58137,58992,10,855,2,36000,1.01169590643
58128,58142,59066,14,924,2,36000,1.01515151515
58144,58150,59081,6,931,2,36000,1.00644468314
58161,58167,59119,6,952,2,36000,1.00630252101
58162,58173,59373,11,1200,2,36000,1.00916666667
58164,58178,59177,14,999,2,36000,1.01401401401
58180,58186,59060,6,874,2,36000,1.00686498856
58181,58192,58982,11,790,2,36000,1.01392405063
58201,58207,59113,6,906,2,36000,1.00662251656
58220,58227,59440,7,1213,2,36000,1.00577081616
58222,58232,59385,10,1153,2,36000,1.00867302689
58229,58434,66388,205,7954,32,356400,1.02577319588
58238,58244,59248,6,1004,2,36000,1.00597609562
58255,58262,59016,7,754,2,36000,1.00928381963
58273,58279,59364,6,1085,2,36000,1.00552995392
58289,58295,59419,6,1124,2,36000,1.00533807829
58306,58311,59689,5,1378,2,36000,1.00362844702
58307,58317,59498,10,1181,2,36000,1.00846740051
58323,58329,59354,6,1025,2,36000,1.00585365854
58340,58346,59203,6,857,2,36000,1.00700116686
58341,58352,59262,11,910,2,36000,1.01208791209
58357,58363,59202,6,839,2,36000,1.00715137068
58374,58381,59397,7,1016,2,36000,1.00688976378
58376,58387,59497,11,1110,2,36000,1.00990990991
58392,58398,59234,6,836,2,36000,1.00717703349
58393,58404,59646,11,1242,2,36000,1.00885668277
58395,58409,59327,14,918,2,36000,1.01525054466
58411,58440,59346,29,906,2,36000,1.03200883002
58412,58445,59455,33,1010,2,36000,1.03267326733
58430,58457,59445,27,988,2,36000,1.02732793522
58431,58465,59465,34,1000,2,36000,1.034
58432,58479,59146,47,667,2,36000,1.07046476762
58434,58489,59426,55,937,2,36000,1.05869797225
58450,58494,59400,44,906,2,36000,1.04856512141
58466,58526,59488,60,962,2,36000,1.06237006237
58484,58532,59647,48,1115,2,36000,1.04304932735
58485,58540,59523,55,983,2,36000,1.05595116989
58486,58547,59309,61,762,2,36000,1.08005249344
58520,58552,59511,32,959,2,36000,1.03336809176
58522,58560,59359,38,799,2,36000,1.04755944931
58539,58565,59590,26,1025,2,36000,1.02536585366
58540,58570,59706,30,1136,2,36000,1.0264084507
58541,58576,59383,35,807,2,36000,1.04337050805
58543,58601,59694,58,1093,2,36000,1.05306495883
58561,58607,59668,46,1061,2,36000,1.04335532516
58562,58613,59524,51,911,2,36000,1.05598243688
58563,58620,59738,57,1118,2,36000,1.05098389982
58590,58627,59560,37,933,2,36000,1.03965702036
58591,58632,59434,41,802,2,36000,1.05112219451
58608,58638,59691,30,1053,2,36000,1.02849002849
58609,58643,59381,34,738,2,36000,1.0460704607
58627,58650,59822,23,1172,2,36000,1.01962457338
58628,58659,59713,31,1054,2,36000,1.02941176471
58630,58664,59582,34,918,2,36000,1.03703703704
58631,58671,59614,40,943,2,36000,1.04241781548
58648,58677,59524,29,847,2,36000,1.03423848878
58649,58682,59806,33,1124,2,36000,1.0293594306
58650,58688,59871,38,1183,2,36000,1.03212172443
58667,58703,59564,36,861,2,36000,1.04181184669
58668,58710,59694,42,984,2,36000,1.04268292683
58670,58715,59738,45,1023,2,36000,1.04398826979
58671,58722,59769,51,1047,2,36000,1.04871060172
58694,58727,59514,33,787,2,36000,1.04193138501
58711,58739,59627,28,888,2,36000,1.03153153153
58712,58745,59909,33,1164,2,36000,1.02835051546
58713,58751,59606,38,855,2,36000,1.04444444444
58715,58758,59706,43,948,2,36000,1.04535864979
58731,58768,59872,37,1104,2,36000,1.03351449275
58732,58784,59719,52,935,2,36000,1.05561497326
58750,58792,59539,42,747,2,36000,1.0562248996
58751,58806,59943,55,1137,2,36000,1.04837291117
58767,58821,59656,54,835,2,36000,1.06467065868
58785,58834,59862,49,1028,2,36000,1.04766536965
58787,58841,59936,54,1095,2,36000,1.04931506849
58804,58847,59900,43,1053,2,36000,1.0408357075
58820,58854,59945,34,1091,2,36000,1.03116406966
58838,58863,59796,25,933,2,36000,1.02679528403
58839,58874,59893,35,1019,2,36000,1.03434739941
58841,58881,59780,40,899,2,36000,1.04449388209
58857,58887,60088,30,1201,2,36000,1.02497918401
58859,58893,59853,34,960,2,36000,1.03541666667
58876,58898,59905,22,1007,2,36000,1.02184707051
58878,58905,59995,27,1090,2,36000,1.0247706422
58879,58914,59852,35,938,2,36000,1.03731343284
58880,58920,60012,40,1092,2,36000,1.03663003663
58900,58941,60080,41,1139,2,36000,1.03599648815
58901,58948,60818,47,1870,2,36000,1.02513368984
58918,58962,60081,44,1119,2,36000,1.03932082216
58920,58982,59752,62,770,2,36000,1.08051948052
58937,58989,59714,52,725,2,36000,1.07172413793
58938,58996,60137,58,1141,2,36000,1.05083260298
58954,59002,59896,48,894,2,36000,1.05369127517
58974,59008,60180,34,1172,2,36000,1.02901023891
58975,59014,60093,39,1079,2,36000,1.03614457831
58991,59020,59896,29,876,2,36000,1.03310502283
58993,59025,59931,32,906,2,36000,1.0353200883
58994,59031,60136,37,1105,2,36000,1.0334841629
59011,59036,59894,25,858,2,36000,1.02913752914
59013,59043,59849,30,806,2,36000,1.03722084367
59014,59056,60108,42,1052,2,36000,1.03992395437
59031,59063,59950,32,887,2,36000,1.03607666291
59032,59068,60062,36,994,2,36000,1.03621730382
59034,59075,60280,41,1205,2,36000,1.03402489627
59050,59081,59811,31,730,2,36000,1.04246575342
59052,59087,60160,35,1073,2,36000,1.03261882572
59053,59094,59935,41,841,2,36000,1.04875148633
59071,59101,60172,30,1071,2,36000,1.02801120448
59072,59114,60043,42,929,2,36000,1.04520990312
59090,59124,59934,34,810,2,36000,1.04197530864
59092,59131,59887,39,756,2,36000,1.05158730159
59093,59137,60024,44,887,2,36000,1.0496054115
59110,59158,60261,48,1103,2,36000,1.04351767906
59127,59186,60023,59,837,2,36000,1.07048984468
59128,59192,60084,64,892,2,36000,1.07174887892
59129,59208,60400,79,1192,2,36000,1.06627516779
59149,59215,60095,66,880,2,36000,1.075
59180,59221,60374,41,1153,2,36000,1.03555941023
59181,59227,59945,46,718,2,36000,1.06406685237
59198,59234,60220,36,986,2,36000,1.03651115619
59215,59246,60011,31,765,2,36000,1.04052287582
59216,59260,60184,44,924,2,36000,1.04761904762
59217,59273,60321,56,1048,2,36000,1.0534351145
59234,59320,60217,86,897,2,36000,1.09587513935
59250,59338,60549,88,1211,2,36000,1.07266721718
59252,59359,60351,107,992,2,36000,1.10786290323
59268,59365,60400,97,1035,2,36000,1.09371980676
59310,59372,60308,62,936,2,36000,1.06623931624
59329,59379,60440,50,1061,2,36000,1.04712535344
59348,59386,60281,38,895,2,36000,1.04245810056
59364,59393,60316,29,923,2,36000,1.03141928494
59365,59400,60276,35,876,2,36000,1.0399543379
59367,59406,60262,39,856,2,36000,1.04556074766
59384,59412,60192,28,780,2,36000,1.0358974359
59385,59417,60226,32,809,2,36000,1.03955500618
59386,59431,60686,45,1255,2,36000,1.03585657371
59388,59438,60226,50,788,2,36000,1.06345177665
59405,59446,60480,41,1034,2,36000,1.03965183752
59407,59452,60477,45,1025,2,36000,1.04390243902
59423,59459,60347,36,888,2,36000,1.04054054054
59440,59466,60277,26,811,2,36000,1.03205918619
59441,59476,60580,35,1104,2,36000,1.03170289855
59442,59499,60306,57,807,2,36000,1.07063197026
59459,59508,60530,49,1022,2,36000,1.04794520548
59460,59515,60670,55,1155,2,36000,1.04761904762
59476,59522,60597,46,1075,2,36000,1.04279069767
59493,59529,60491,36,962,2,36000,1.03742203742
59509,59536,60295,27,759,2,36000,1.03557312253
59511,59542,60617,31,1075,2,36000,1.0288372093
59528,59547,60595,19,1048,2,36000,1.01812977099
59529,59571,60638,42,1067,2,36000,1.03936269916
59530,59578,60395,48,817,2,36000,1.05875152999
59532,59553,60583,21,1030,2,36000,1.02038834951
59533,59593,60503,60,910,2,36000,1.06593406593
59549,59601,60633,52,1032,2,36000,1.0503875969
59566,59617,60818,51,1201,2,36000,1.04246461282
59567,59625,60499,58,874,2,36000,1.06636155606
59583,59639,60632,56,993,2,36000,1.05639476334
59600,59657,60487,57,830,2,36000,1.0686746988
59616,59664,60872,48,1208,2,36000,1.03973509934
59617,59670,60687,53,1017,2,36000,1.05211406096
59633,59679,60533,46,854,2,36000,1.05386416862
59650,59701,60584,51,883,2,36000,1.05775764439
59651,59708,60837,57,1129,2,36000,1.05048715678
59668,59714,60754,46,1040,2,36000,1.04423076923
59669,59719,60778,50,1059,2,36000,1.04721435316
59692,59725,60833,33,1108,2,36000,1.0297833935
59694,59730,60806,36,1076,2,36000,1.03345724907
59695,59736,60614,41,878,2,36000,1.04669703872
59714,59741,60887,27,1146,2,36000,1.02356020942
59715,59747,60618,32,871,2,36000,1.03673938002
59716,59754,60579,38,825,2,36000,1.04606060606
59717,59759,60821,42,1062,2,36000,1.0395480226
59736,59766,60620,30,854,2,36000,1.03512880562
59738,59781,60803,43,1022,2,36000,1.04207436399
59754,59792,60773,38,981,2,36000,1.03873598369
59756,59808,61105,52,1297,2,36000,1.0400925212
59757,59818,61072,61,1254,2,36000,1.04864433812
59773,59825,60991,52,1166,2,36000,1.04459691252
59789,59834,60878,45,1044,2,36000,1.04310344828
59805,59860,60941,55,1081,2,36000,1.05087881591
59822,59867,60977,45,1110,2,36000,1.04054054054
59824,59873,60960,49,1087,2,36000,1.04507819687
59825,59879,60840,54,961,2,36000,1.05619146722
59851,59886,61029,35,1143,2,36000,1.03062117235
59868,59892,60734,24,842,2,36000,1.02850356295
59870,59898,60989,28,1091,2,36000,1.02566452796
59871,59905,60953,34,1048,2,36000,1.03244274809
59888,59911,61006,23,1095,2,36000,1.02100456621
59889,59917,60942,28,1025,2,36000,1.02731707317
59891,59923,61041,32,1118,2,36000,1.02862254025
59909,59928,60951,19,1023,2,36000,1.01857282502
59910,59933,60784,23,851,2,36000,1.02702702703
59912,59939,60837,27,898,2,36000,1.03006681514
59913,59946,60913,33,967,2,36000,1.03412616339
59914,59952,60855,38,903,2,36000,1.04208194906
59916,59957,60792,41,835,2,36000,1.04910179641
59917,59964,61117,47,1153,2,36000,1.04076322637
59934,59969,61100,35,1131,2,36000,1.03094606543
59935,59974,60872,39,898,2,36000,1.0434298441
59937,59979,60849,42,870,2,36000,1.04827586207
59961,59985,60849,24,864,2,36000,1.02777777778
59962,60007,61058,45,1051,2,36000,1.04281636537
59964,60022,60813,58,791,2,36000,1.07332490518
59965,60029,60907,64,878,2,36000,1.0728929385
59967,60035,61047,68,1012,2,36000,1.06719367589
59997,60040,61058,43,1018,2,36000,1.04223968566
60014,60054,60914,40,860,2,36000,1.04651162791
60015,60074,60929,59,855,2,36000,1.06900584795
60032,60092,61131,60,1039,2,36000,1.05774783446
60033,60097,60858,64,761,2,36000,1.08409986859
60049,60104,61170,55,1066,2,36000,1.05159474672
60065,60109,61318,44,1209,2,36000,1.03639371381
60082,60114,61110,32,996,2,36000,1.03212851406
60084,60121,61689,37,1568,2,36000,1.02359693878
60102,60127,61178,25,1051,2,36000,1.02378686965
60103,60147,61025,44,878,2,36000,1.05011389522
60104,60153,61094,49,941,2,36000,1.05207226355
60106,60171,61209,65,1038,2,36000,1.06262042389
60122,60184,61675,62,1491,2,36000,1.04158283032
60138,60191,61387,53,1196,2,36000,1.04431438127
60139,60197,61097,58,900,2,36000,1.06444444444
60161,60203,61058,42,855,2,36000,1.04912280702
60178,60229,61253,51,1024,2,36000,1.0498046875
60195,60236,61176,41,940,2,36000,1.04361702128
60196,60243,61322,47,1079,2,36000,1.04355885079
60198,60248,61240,50,992,2,36000,1.05040322581
60220,60273,61307,53,1034,2,36000,1.05125725338
60221,60278,61153,57,875,2,36000,1.06514285714
60238,60287,61341,49,1054,2,36000,1.04648956357
60239,60294,61427,55,1133,2,36000,1.04854368932
60262,60299,61470,37,1171,2,36000,1.0315969257
60264,60305,61136,41,831,2,36000,1.04933814681
60281,60311,61412,30,1101,2,36000,1.0272479564
60282,60318,61315,36,997,2,36000,1.03610832497
60284,60324,61429,40,1105,2,36000,1.03619909502
60285,60330,61400,45,1070,2,36000,1.04205607477
60302,60336,61604,34,1268,2,36000,1.02681388013
60320,60358,61244,38,886,2,36000,1.04288939052
60321,60365,61231,44,866,2,36000,1.05080831409
60323,60385,61259,62,874,2,36000,1.0709382151
60339,60406,61355,67,949,2,36000,1.07060063224
60356,60413,61636,57,1223,2,36000,1.04660670482
60357,60419,61271,62,852,2,36000,1.07276995305
60377,60451,61254,74,803,2,36000,1.09215442092
60398,60487,61358,89,871,2,36000,1.10218140069
60415,60494,61518,79,1024,2,36000,1.0771484375
60416,60500,61577,84,1077,2,36000,1.07799442897
60441,60506,61677,65,1171,2,36000,1.05550811272
60480,60513,61692,33,1179,2,36000,1.02798982188
60481,60520,61968,39,1448,2,36000,1.02693370166
60499,60541,61420,42,879,2,36000,1.04778156997
60500,60547,61639,47,1092,2,36000,1.04304029304
60502,60561,61444,59,883,2,36000,1.06681766704
60518,60590,61786,72,1196,2,36000,1.0602006689
60535,60596,61497,61,901,2,36000,1.06770255272
60536,60602,61471,66,869,2,36000,1.07594936709
60553,60607,61704,54,1097,2,36000,1.04922515953
60582,60613,61874,31,1261,2,36000,1.02458366376
60583,60619,61613,36,994,2,36000,1.03621730382
60585,60625,61492,40,867,2,36000,1.0461361015
60602,60632,61645,30,1013,2,36000,1.02961500494
60603,60637,61795,34,1158,2,36000,1.02936096718
60604,60643,61576,39,933,2,36000,1.04180064309
60621,60649,61715,28,1066,2,36000,1.02626641651
60623,60654,61615,31,961,2,36000,1.03225806452
60624,60659,61875,35,1216,2,36000,1.02878289474
60625,60682,61708,57,1026,2,36000,1.05555555556
60642,60697,61996,55,1299,2,36000,1.04234026174
60643,60704,61905,61,1201,2,36000,1.05079100749
60645,60745,62026,100,1281,2,36000,1.07806401249
60671,60765,61543,94,778,2,36000,1.12082262211
60689,60784,62001,95,1217,2,36000,1.07806080526
60690,60791,61670,101,879,2,36000,1.1149032992
60735,60797,61566,62,769,2,36000,1.08062418726
60755,60803,61903,48,1100,2,36000,1.04363636364
60775,60814,61640,39,826,2,36000,1.04721549637
60793,60820,61641,27,821,2,36000,1.03288672351
60794,60826,61632,32,806,2,36000,1.03970223325
60795,60833,61709,38,876,2,36000,1.04337899543
60814,60838,61977,24,1139,2,36000,1.02107111501
60816,60844,61988,28,1144,2,36000,1.02447552448
60817,60850,61966,33,1116,2,36000,1.02956989247
60835,60856,61725,21,869,2,36000,1.02416570771
60836,60861,61714,25,853,2,36000,1.02930832356
60838,60867,61685,29,818,2,36000,1.03545232274
60839,60872,61997,33,1125,2,36000,1.02933333333
60857,60878,61999,21,1121,2,36000,1.01873327386
60858,60883,61658,25,775,2,36000,1.03225806452
60860,60889,61965,29,1076,2,36000,1.02695167286
60861,60894,61959,33,1065,2,36000,1.03098591549
60862,60900,61701,38,801,2,36000,1.04744069913
60864,60906,62097,42,1191,2,36000,1.03526448363
60882,60911,61862,29,951,2,36000,1.03049421661
60883,60918,62000,35,1082,2,36000,1.03234750462
60884,60924,61686,40,762,2,36000,1.05249343832
60886,60931,61943,45,1012,2,36000,1.04446640316
60902,60941,61979,39,1038,2,36000,1.03757225434
60919,60952,62003,33,1051,2,36000,1.03139866794
60920,60958,61695,38,737,2,36000,1.05156037992
60921,60964,61767,43,803,2,36000,1.05354919054
60938,60969,62071,31,1102,2,36000,1.02813067151
60956,60976,61689,20,713,2,36000,1.02805049088
60958,60988,61897,30,909,2,36000,1.03300330033
60959,61000,62025,41,1025,2,36000,1.04
60960,61006,62040,46,1034,2,36000,1.04448742747
60977,61017,61859,40,842,2,36000,1.04750593824
60978,61037,61860,59,823,2,36000,1.07168894289
60995,61044,62122,49,1078,2,36000,1.04545454545
60996,61052,62059,56,1007,2,36000,1.05561072493
61013,61058,62208,45,1150,2,36000,1.03913043478
61029,61069,62051,40,982,2,36000,1.04073319756
61030,61074,61942,44,868,2,36000,1.05069124424
61048,61080,62165,32,1085,2,36000,1.02949308756
61049,61086,62083,37,997,2,36000,1.037111334
61066,61105,61999,39,894,2,36000,1.04362416107
61068,61111,62197,43,1086,2,36000,1.03959484346
61069,61116,62244,47,1128,2,36000,1.04166666667
61085,61123,62280,38,1157,2,36000,1.03284356093
61102,61129,62218,27,1089,2,36000,1.02479338843
61103,61135,62178,32,1043,2,36000,1.03068072867
61104,61142,62227,38,1085,2,36000,1.03502304147
61121,61149,61996,28,847,2,36000,1.03305785124
61122,61164,62114,42,950,2,36000,1.04421052632
61124,61181,61983,57,802,2,36000,1.0710723192
61141,61188,62273,47,1085,2,36000,1.04331797235
61142,61195,62322,53,1127,2,36000,1.04702750665
61158,61220,62120,62,900,2,36000,1.06888888889
61175,61243,62151,68,908,2,36000,1.07488986784
61191,61252,62152,61,900,2,36000,1.06777777778
61193,61258,62381,65,1123,2,36000,1.05788067676
61212,61265,62302,53,1037,2,36000,1.05110896818
61235,61270,62287,35,1017,2,36000,1.03441494592
61253,61276,62328,23,1052,2,36000,1.02186311787
61254,61282,62312,28,1030,2,36000,1.02718446602
61255,61319,62148,64,829,2,36000,1.07720144753
61272,61327,62187,55,860,2,36000,1.06395348837
61274,61334,62232,60,898,2,36000,1.06681514477
61275,61339,62382,64,1043,2,36000,1.06136145733
61311,61352,62370,41,1018,2,36000,1.04027504912
61332,61366,62474,34,1108,2,36000,1.03068592058
61334,61373,62262,39,889,2,36000,1.04386951631
61335,61398,62377,63,979,2,36000,1.06435137896
61351,61411,62621,60,1210,2,36000,1.04958677686
61368,61423,62434,55,1011,2,36000,1.05440158259
61369,61432,62352,63,920,2,36000,1.06847826087
61389,61439,62301,50,862,2,36000,1.05800464037
61405,61445,62335,40,890,2,36000,1.04494382022
61421,61455,62516,34,1061,2,36000,1.03204524034
61422,61482,62594,60,1112,2,36000,1.05395683453
61440,61487,62701,47,1214,2,36000,1.03871499176
61441,61504,62283,63,779,2,36000,1.08087291399
61458,61511,62539,53,1028,2,36000,1.05155642023
61474,61529,62601,55,1072,2,36000,1.05130597015
61475,61554,62668,79,1114,2,36000,1.07091561939
61495,61577,62664,82,1087,2,36000,1.07543698252
61511,61587,62700,76,1113,2,36000,1.06828391734
61527,61593,62524,66,931,2,36000,1.0708915145
61546,61617,62655,71,1038,2,36000,1.06840077071
61568,61624,62745,56,1121,2,36000,1.04995539697
61585,61631,62513,46,882,2,36000,1.05215419501
61586,61644,62442,58,798,2,36000,1.07268170426
61606,61650,62562,44,912,2,36000,1.04824561404
61623,61655,62532,32,877,2,36000,1.03648802737
61624,61662,62488,38,826,2,36000,1.04600484262
61642,61667,62613,25,946,2,36000,1.02642706131
61643,61673,62779,30,1106,2,36000,1.02712477396
61644,61679,62602,35,923,2,36000,1.03791982665
61646,61686,62522,40,836,2,36000,1.04784688995
61647,61691,62443,44,752,2,36000,1.0585106383
61666,61698,62850,32,1152,2,36000,1.02777777778
61667,61703,62841,36,1138,2,36000,1.0316344464
61687,61709,62567,22,858,2,36000,1.02564102564
61689,61715,62740,26,1025,2,36000,1.02536585366
61690,61720,62849,30,1129,2,36000,1.02657218778
61691,61726,62913,35,1187,2,36000,1.02948609941
61693,61731,62729,38,998,2,36000,1.0380761523
61715,61737,62560,22,823,2,36000,1.02673147023
61716,61743,62727,27,984,2,36000,1.02743902439
61718,61748,62759,30,1011,2,36000,1.0296735905
61719,61753,62666,34,913,2,36000,1.03723986857
61720,61758,62907,38,1149,2,36000,1.03307223673
61722,61763,62743,41,980,2,36000,1.04183673469
61723,61769,62647,46,878,2,36000,1.05239179954
61724,61778,62621,54,843,2,36000,1.0640569395
61726,61797,62691,71,894,2,36000,1.07941834452
61727,61806,63027,79,1221,2,36000,1.0647010647
61745,61870,62901,125,1031,2,36000,1.12124151309
61770,61876,62739,106,863,2,36000,1.12282734647
61789,61882,62757,93,875,2,36000,1.10628571429
61806,61889,62738,83,849,2,36000,1.09776207303
61861,61894,63020,33,1126,2,36000,1.02930728242
61863,61908,62844,45,936,2,36000,1.04807692308
61880,61915,62799,35,884,2,36000,1.03959276018
61882,61921,63104,39,1183,2,36000,1.03296703297
61883,61953,63066,70,1113,2,36000,1.06289308176
61899,61960,62827,61,867,2,36000,1.07035755479
61916,61970,62701,54,731,2,36000,1.07387140903
61917,61977,62818,60,841,2,36000,1.07134363853
61947,61983,62954,36,971,2,36000,1.03707518023
61948,61989,62809,41,820,2,36000,1.05
61965,61994,62937,29,943,2,36000,1.03075291622
61966,62001,62822,35,821,2,36000,1.04263093788
61994,62006,62761,12,755,2,36000,1.01589403974
61995,62012,62909,17,897,2,36000,1.01895206243
61997,62019,63313,22,1294,2,36000,1.0170015456
61998,62024,62765,26,741,2,36000,1.0350877193
61999,62029,62843,30,814,2,36000,1.03685503686
62001,62034,63101,33,1067,2,36000,1.03092783505
62020,62040,63036,20,996,2,36000,1.02008032129
62022,62045,63186,23,1141,2,36000,1.02015775635
62023,62051,63126,28,1075,2,36000,1.02604651163
62024,62056,63077,32,1021,2,36000,1.03134182174
62026,62061,63159,35,1098,2,36000,1.03187613843
62027,62066,62908,39,842,2,36000,1.04631828979
62028,62073,62829,45,756,2,36000,1.05952380952
62030,62078,63151,48,1073,2,36000,1.04473438956
62047,62084,63256,37,1172,2,36000,1.03156996587
62048,62090,62945,42,855,2,36000,1.04912280702
62050,62097,63290,47,1193,2,36000,1.03939647946
62066,62108,63296,42,1188,2,36000,1.03535353535
62067,62125,62876,58,751,2,36000,1.07723035952
62085,62132,63264,47,1132,2,36000,1.04151943463
62086,62139,63356,53,1217,2,36000,1.04354971241
62102,62159,62940,57,781,2,36000,1.07298335467
62118,62166,63032,48,866,2,36000,1.05542725173
62134,62172,63193,38,1021,2,36000,1.03721841332
62135,62178,63185,43,1007,2,36000,1.04270109235
62152,62189,63431,37,1242,2,36000,1.02979066023
62153,62198,62928,45,730,2,36000,1.06164383562
62155,62208,63177,53,969,2,36000,1.05469556244
62172,62220,63022,48,802,2,36000,1.05985037406
62189,62229,63226,40,997,2,36000,1.04012036108
62190,62238,63121,48,883,2,36000,1.0543601359
62206,62245,63083,39,838,2,36000,1.04653937947
62223,62255,63093,32,838,2,36000,1.03818615752
62224,62273,63335,49,1062,2,36000,1.0461393597
62241,62286,63474,45,1188,2,36000,1.03787878788
62242,62293,63118,51,825,2,36000,1.06181818182
62259,62299,63487,40,1188,2,36000,1.03367003367
62275,62304,63173,29,869,2,36000,1.0333716916
62277,62313,63152,36,839,2,36000,1.04290822408
62293,62318,63448,25,1130,2,36000,1.02212389381
62295,62324,63397,29,1073,2,36000,1.02702702703
62296,62333,63449,37,1116,2,36000,1.03315412186
62313,62340,63532,27,1192,2,36000,1.02265100671
62314,62346,63539,32,1193,2,36000,1.02682313495
62315,62363,63315,48,952,2,36000,1.05042016807
62333,62381,63493,48,1112,2,36000,1.04316546763
62334,62388,63194,54,806,2,36000,1.06699751861
62350,62395,63263,45,868,2,36000,1.05184331797
62367,62400,63496,33,1096,2,36000,1.03010948905
62384,62445,63313,61,868,2,36000,1.0702764977
62385,62453,63263,68,810,2,36000,1.08395061728
62387,62459,63356,72,897,2,36000,1.08026755853
62388,62485,63735,97,1250,2,36000,1.0776
62436,62499,63249,63,750,2,36000,1.084
62453,62525,63455,72,930,2,36000,1.07741935484
62454,62532,63325,78,793,2,36000,1.09836065574
62480,62538,63526,58,988,2,36000,1.05870445344
62496,62544,63414,48,870,2,36000,1.05517241379
62516,62550,63581,34,1031,2,36000,1.03297769156
62532,62572,63692,40,1120,2,36000,1.03571428571
62534,62555,63483,21,928,2,36000,1.02262931034
62535,62578,63589,43,1011,2,36000,1.04253214639
62552,62583,63570,31,987,2,36000,1.031408308
62569,62605,63906,36,1301,2,36000,1.02767102229
62570,62613,63595,43,982,2,36000,1.04378818737
62572,62618,63486,46,868,2,36000,1.05299539171
62598,62625,63740,27,1115,2,36000,1.02421524664
62617,62638,63471,21,833,2,36000,1.02521008403
62618,62659,63580,41,921,2,36000,1.04451682953
62619,62632,63621,13,989,2,36000,1.0131445905
62636,62667,63625,31,958,2,36000,1.03235908142
62637,62676,63840,39,1164,2,36000,1.03350515464
62653,62683,63585,30,902,2,36000,1.0332594235
62671,62688,63924,17,1236,2,36000,1.01375404531
62672,62703,63679,31,976,2,36000,1.03176229508
62673,62711,63449,38,738,2,36000,1.05149051491
62675,62718,63887,43,1169,2,36000,1.03678357571
62694,62723,63534,29,811,2,36000,1.03575832306
62711,62740,63844,29,1104,2,36000,1.02626811594
62712,62745,63876,33,1131,2,36000,1.02917771883
62714,62753,63843,39,1090,2,36000,1.03577981651
62730,62758,63567,28,809,2,36000,1.03461063041
62732,62763,63772,31,1009,2,36000,1.0307234886
62749,62769,63541,20,772,2,36000,1.02590673575
62751,62775,63954,24,1179,2,36000,1.0203562341
62752,62780,63980,28,1200,2,36000,1.02333333333
62753,62786,63864,33,1078,2,36000,1.0306122449
62754,62792,63937,38,1145,2,36000,1.03318777293
62772,62797,63963,25,1166,2,36000,1.02144082333
62773,62803,63671,30,868,2,36000,1.03456221198
62775,62810,63926,35,1116,2,36000,1.03136200717
62776,62820,63873,44,1053,2,36000,1.04178537512
62792,62830,63893,38,1063,2,36000,1.03574788335
62808,62836,63633,28,797,2,36000,1.03513174404
62825,62849,63750,24,901,2,36000,1.02663706992
62827,62855,63687,28,832,2,36000,1.03365384615
62829,62860,63855,31,995,2,36000,1.03115577889
62830,62843,63706,13,863,2,36000,1.01506373117
62849,62867,63691,18,824,2,36000,1.02184466019
62851,62872,63978,21,1106,2,36000,1.01898734177
62852,62878,63774,26,896,2,36000,1.02901785714
62853,62888,64037,35,1149,2,36000,1.03046127067
62855,62912,63845,57,933,2,36000,1.06109324759
62856,62919,63852,63,933,2,36000,1.06752411576
62879,62924,63778,45,854,2,36000,1.05269320843
62905,62930,64105,25,1175,2,36000,1.02127659574
62907,62935,64140,28,1205,2,36000,1.02323651452
62925,62942,63809,17,867,2,36000,1.01960784314
62926,62949,63948,23,999,2,36000,1.02302302302
62928,62955,63827,27,872,2,36000,1.03096330275
62945,62962,63773,17,811,2,36000,1.02096177559
62946,62969,63898,23,929,2,36000,1.02475780409
62947,63031,63757,84,726,2,36000,1.11570247934
62949,63037,63999,88,962,2,36000,1.09147609148
62966,63044,64070,78,1026,2,36000,1.07602339181
63023,63049,64183,26,1134,2,36000,1.02292768959
63024,63056,64075,32,1019,2,36000,1.0314033366
63043,63078,64080,35,1002,2,36000,1.03493013972
63044,63088,63859,44,771,2,36000,1.05706874189
63045,63094,63827,49,733,2,36000,1.06684856753
63069,63105,64135,36,1030,2,36000,1.03495145631
63085,63112,64003,27,891,2,36000,1.0303030303
63087,63119,64097,32,978,2,36000,1.0327198364
63104,63130,64134,26,1004,2,36000,1.02589641434
63105,63136,64256,31,1120,2,36000,1.02767857143
63107,63143,64025,36,882,2,36000,1.04081632653
63124,63163,63995,39,832,2,36000,1.046875
63125,63168,64024,43,856,2,36000,1.05023364486
63142,63175,64031,33,856,2,36000,1.03855140187
63159,63184,64143,25,959,2,36000,1.02606882169
63160,63191,64303,31,1112,2,36000,1.02787769784
63161,63198,64212,37,1014,2,36000,1.03648915187
63179,63203,64114,24,911,2,36000,1.02634467618
63180,63210,64283,30,1073,2,36000,1.02795899348
63198,63215,64347,17,1132,2,36000,1.01501766784
63199,63237,64061,38,824,2,36000,1.04611650485
63201,63260,64204,59,944,2,36000,1.0625
63202,63267,64492,65,1225,2,36000,1.05306122449
63228,63274,64218,46,944,2,36000,1.04872881356
63251,63280,64158,29,878,2,36000,1.03302961276
63267,63285,64232,18,947,2,36000,1.01900739176
63268,63302,64398,34,1096,2,36000,1.03102189781
63270,63309,64222,39,913,2,36000,1.04271631982
63271,63324,64416,53,1092,2,36000,1.04853479853
63294,63329,64277,35,948,2,36000,1.03691983122
63310,63336,64408,26,1072,2,36000,1.02425373134
63311,63342,64350,31,1008,2,36000,1.03075396825
63329,63348,64551,19,1203,2,36000,1.01579384871
63330,63367,64415,37,1048,2,36000,1.03530534351
63331,63372,64329,41,957,2,36000,1.04284221526
63348,63408,64343,60,935,2,36000,1.06417112299
63364,63426,64420,62,994,2,36000,1.06237424547
63366,63442,64551,76,1109,2,36000,1.06853020739
63401,63460,64236,59,776,2,36000,1.07603092784
63417,63482,64606,65,1124,2,36000,1.05782918149
63433,63496,64214,63,718,2,36000,1.08774373259
63437,63489,66239,52,2750,8,7200,1.01890909091
63450,63503,64551,53,1048,2,36000,1.05057251908
63452,63509,64572,57,1063,2,36000,1.05362182502
63453,63515,64265,62,750,2,36000,1.08266666667
63470,63521,64645,51,1124,2,36000,1.04537366548
63495,63537,64726,42,1189,2,36000,1.03532380151
63496,63543,64612,47,1069,2,36000,1.04396632367
63498,63550,64568,52,1018,2,36000,1.0510805501
63499,63555,64813,56,1258,2,36000,1.04451510334
63500,63562,64404,62,842,2,36000,1.07363420428
63502,63578,64682,76,1104,2,36000,1.06884057971
63519,63585,64384,66,799,2,36000,1.08260325407
63538,63592,64380,54,788,2,36000,1.06852791878
63539,63597,64370,58,773,2,36000,1.07503234153
63541,63603,64228,62,625,2,36000,1.0992
63558,63608,64656,50,1048,2,36000,1.04770992366
63560,63615,64430,55,815,2,36000,1.06748466258
63587,63632,64559,45,927,2,36000,1.04854368932
63589,63639,64693,50,1054,2,36000,1.04743833017
63590,63645,64455,55,810,2,36000,1.06790123457
63591,63682,64727,91,1045,2,36000,1.08708133971
63593,63690,64660,97,970,2,36000,1.1
63610,63698,64755,88,1057,2,36000,1.08325449385
63612,63705,64549,93,844,2,36000,1.11018957346
63630,63710,64741,80,1031,2,36000,1.07759456838
63632,63717,64687,85,970,2,36000,1.08762886598
63652,63747,64913,95,1166,2,36000,1.08147512864
63675,63754,64750,79,996,2,36000,1.07931726908
63693,63761,64576,68,815,2,36000,1.08343558282
63694,63768,64642,74,874,2,36000,1.08466819222
63696,63783,64857,87,1074,2,36000,1.08100558659
63697,63790,64969,93,1179,2,36000,1.07888040712
63715,63795,64890,80,1095,2,36000,1.07305936073
63739,63801,64728,62,927,2,36000,1.0668824164
63759,63820,64988,61,1168,2,36000,1.0522260274
63760,63838,64870,78,1032,2,36000,1.07558139535
63761,63843,64653,82,810,2,36000,1.1012345679
63782,63852,64983,70,1131,2,36000,1.06189213086
63783,63859,64834,76,975,2,36000,1.07794871795
63784,63864,64797,80,933,2,36000,1.0857449089
63786,63869,64895,83,1026,2,36000,1.08089668616
63814,63876,64765,62,889,2,36000,1.06974128234
63832,63882,65068,50,1186,2,36000,1.04215851602
63833,63887,64867,54,980,2,36000,1.05510204082
63853,63892,64720,39,828,2,36000,1.04710144928
63854,63899,64835,45,936,2,36000,1.04807692308
63856,63905,64774,49,869,2,36000,1.05638665132
63857,63910,64820,53,910,2,36000,1.05824175824
63858,63917,64790,59,873,2,36000,1.06758304696
63879,63922,64786,43,864,2,36000,1.04976851852
63881,63928,64673,47,745,2,36000,1.06308724832
63882,63936,64905,54,969,2,36000,1.05572755418
63883,63943,65072,60,1129,2,36000,1.05314437555
63884,63950,64753,66,803,2,36000,1.08219178082
63903,63959,64762,56,803,2,36000,1.0697384807
63905,63966,65065,61,1099,2,36000,1.05550500455
63906,63975,64885,69,910,2,36000,1.07582417582
63923,63989,64946,66,957,2,36000,1.06896551724
63924,63996,65057,72,1061,2,36000,1.06786050895
63941,64006,64761,65,755,2,36000,1.08609271523
63943,64013,64972,70,959,2,36000,1.07299270073
63961,64019,64964,58,945,2,36000,1.06137566138
63962,64035,65067,73,1032,2,36000,1.07073643411
63979,64042,65193,63,1151,2,36000,1.05473501303
63980,64048,65024,68,976,2,36000,1.06967213115
63982,64054,64891,72,837,2,36000,1.08602150538
64004,64072,64896,68,824,2,36000,1.08252427184
64005,64081,64984,76,903,2,36000,1.08416389812
64006,64088,65090,82,1002,2,36000,1.08183632735
64031,64095,65111,64,1016,2,36000,1.06299212598
64033,64109,65020,76,911,2,36000,1.0834248079
64034,64117,64969,83,852,2,36000,1.09741784038
64052,64125,65264,73,1139,2,36000,1.06409130817
64069,64145,65465,76,1320,2,36000,1.05757575758
64070,64152,65250,82,1098,2,36000,1.07468123862
64088,64157,65170,69,1013,2,36000,1.06811451135
64090,64163,65287,73,1124,2,36000,1.06494661922
64107,64170,65174,63,1004,2,36000,1.06274900398
64109,64195,65376,86,1181,2,36000,1.07281964437
64126,64215,65057,89,842,2,36000,1.10570071259
64145,64223,65407,78,1184,2,36000,1.06587837838
64146,64230,65113,84,883,2,36000,1.09513023783
64147,64235,65057,88,822,2,36000,1.10705596107
64148,64242,65404,94,1162,2,36000,1.08089500861
64165,64248,65394,83,1146,2,36000,1.07242582897
64187,64254,65235,67,981,2,36000,1.06829765545
64207,64259,65408,52,1149,2,36000,1.045256745
64228,64268,65439,40,1171,2,36000,1.0341588386
64230,64276,65234,46,958,2,36000,1.04801670146
64231,64288,65195,57,907,2,36000,1.06284454245
64232,64295,65515,63,1220,2,36000,1.05163934426
64234,64314,65180,80,866,2,36000,1.09237875289
64252,64341,65479,89,1138,2,36000,1.07820738137
64253,64354,65226,101,872,2,36000,1.11582568807
64272,64361,65288,89,927,2,36000,1.09600862999
64273,64366,65526,93,1160,2,36000,1.08017241379
64291,64381,65328,90,947,2,36000,1.09503695882
64292,64391,65372,99,981,2,36000,1.10091743119
64309,64398,65136,89,738,2,36000,1.12059620596
64332,64410,65517,78,1107,2,36000,1.07046070461
64352,64417,65203,65,786,2,36000,1.08269720102
64353,64423,65389,70,966,2,36000,1.07246376812
64354,64430,65746,76,1316,2,36000,1.05775075988
64374,64435,65472,61,1037,2,36000,1.05882352941
64392,64442,65238,50,796,2,36000,1.06281407035
64393,64448,65504,55,1056,2,36000,1.05208333333
64413,64466,65573,53,1107,2,36000,1.04787714544
64415,64503,65323,88,820,2,36000,1.10731707317
64416,64561,65514,145,953,2,36000,1.15215110178
64436,64568,65735,132,1167,2,36000,1.11311053985
64438,64574,65362,136,788,2,36000,1.17258883249
64439,64579,65581,140,1002,2,36000,1.13972055888
64441,64585,65536,144,951,2,36000,1.15141955836
64457,64590,65687,133,1097,2,36000,1.12123974476
64497,64596,65688,99,1092,2,36000,1.09065934066
64551,64602,65388,51,786,2,36000,1.06488549618
64553,64617,65475,64,858,2,36000,1.07459207459
64554,64623,65734,69,1111,2,36000,1.06210621062
64555,64654,65557,99,903,2,36000,1.1096345515
64579,64661,65554,82,893,2,36000,1.09182530795
64580,64668,65731,88,1063,2,36000,1.08278457197
64582,64674,65749,92,1075,2,36000,1.08558139535
64583,64680,65676,97,996,2,36000,1.09738955823
64608,64687,65627,79,940,2,36000,1.08404255319
64625,64694,65536,69,842,2,36000,1.08194774347
64645,64701,65804,56,1103,2,36000,1.05077062557
64646,64707,65790,61,1083,2,36000,1.05632502308
64666,64731,65642,65,911,2,36000,1.07135016465
64667,64738,65779,71,1041,2,36000,1.06820365034
64669,64744,65486,75,742,2,36000,1.10107816712
64686,64750,65935,64,1185,2,36000,1.05400843882
64687,64757,65809,70,1052,2,36000,1.06653992395
64705,64764,65808,59,1044,2,36000,1.05651340996
64706,64769,66025,63,1256,2,36000,1.05015923567
64724,64776,65748,52,972,2,36000,1.05349794239
64742,64781,65689,39,908,2,36000,1.04295154185
64744,64787,65701,43,914,2,36000,1.04704595186
64745,64792,65847,47,1055,2,36000,1.04454976303
64746,64798,65703,52,905,2,36000,1.05745856354
64765,64804,66002,39,1198,2,36000,1.0325542571
64767,64810,66142,43,1332,2,36000,1.03228228228
64768,64816,65776,48,960,2,36000,1.05
64769,64825,65851,56,1026,2,36000,1.05458089669
64770,64831,66246,61,1415,2,36000,1.04310954064
64772,64845,66031,73,1186,2,36000,1.06155143339
64790,64852,65654,62,802,2,36000,1.07730673317
64791,64868,65665,77,797,2,36000,1.09661229611
64793,64878,65950,85,1072,2,36000,1.07929104478
64810,64885,65778,75,893,2,36000,1.08398656215
64827,64896,65961,69,1065,2,36000,1.06478873239
64828,64903,65833,75,930,2,36000,1.08064516129
64845,64909,66033,64,1124,2,36000,1.05693950178
64846,64915,65612,69,697,2,36000,1.09899569584
64864,64920,65937,56,1017,2,36000,1.05506391347
64881,64927,65834,46,907,2,36000,1.05071664829
64882,64932,65791,50,859,2,36000,1.05820721769
64902,64958,65814,56,856,2,36000,1.06542056075
64904,64975,65780,71,805,2,36000,1.08819875776
64905,64982,66031,77,1049,2,36000,1.07340324118
64906,64988,66140,82,1152,2,36000,1.07118055556
64908,64994,65756,86,762,2,36000,1.11286089239
64925,64999,65767,74,768,2,36000,1.09635416667
64927,65006,65979,79,973,2,36000,1.08119218911
64950,65012,66019,62,1007,2,36000,1.06156901688
64967,65031,66277,64,1246,2,36000,1.05136436597
64987,65038,66094,51,1056,2,36000,1.04829545455
64988,65069,66154,81,1085,2,36000,1.07465437788
64990,65074,66285,84,1211,2,36000,1.06936416185
64991,65079,65882,88,803,2,36000,1.1095890411
64992,65087,66292,95,1205,2,36000,1.07883817427
64994,65092,65964,98,872,2,36000,1.1123853211
65035,65097,66233,62,1136,2,36000,1.05457746479
65036,65102,66139,66,1037,2,36000,1.06364513018
65064,65108,66093,44,985,2,36000,1.04467005076
65065,65124,66106,59,982,2,36000,1.0600814664
65067,65130,66043,63,913,2,36000,1.06900328587
65090,65147,65908,57,761,2,36000,1.07490144547
65091,65181,65969,90,788,2,36000,1.11421319797
65093,65188,66115,95,927,2,36000,1.1024811219
65094,65195,66114,101,919,2,36000,1.10990206746
65095,65204,66252,109,1048,2,36000,1.10400763359
65115,65211,66137,96,926,2,36000,1.10367170626
65116,65218,66209,102,991,2,36000,1.10292633703
65139,65237,66037,98,800,2,36000,1.1225
65172,65245,66027,73,782,2,36000,1.09335038363
65190,65252,66319,62,1067,2,36000,1.05810684161
65191,65257,66155,66,898,2,36000,1.07349665924
65208,65264,65978,56,714,2,36000,1.07843137255
65209,65275,66219,66,944,2,36000,1.06991525424
65211,65298,66418,87,1120,2,36000,1.07767857143
65227,65305,66245,78,940,2,36000,1.0829787234
65246,65334,66503,88,1169,2,36000,1.0752780154
65248,65340,66247,92,907,2,36000,1.10143329658
65249,65373,66440,124,1067,2,36000,1.11621368322
65266,65384,66292,118,908,2,36000,1.12995594714
65268,65390,66260,122,870,2,36000,1.14022988506
65291,65399,66601,108,1202,2,36000,1.08985024958
65293,65406,66506,113,1100,2,36000,1.10272727273
65326,65412,66348,86,936,2,36000,1.09188034188
65342,65418,66339,76,921,2,36000,1.08251900109
65365,65423,66425,58,1002,2,36000,1.05788423154
65382,65430,66598,48,1168,2,36000,1.04109589041
65384,65450,66216,66,766,2,36000,1.0861618799
65404,65476,66348,72,872,2,36000,1.08256880734
65406,65483,66484,77,1001,2,36000,1.07692307692
65407,65490,66553,83,1063,2,36000,1.0780809031
65408,65495,66702,87,1207,2,36000,1.07207953604
65427,65502,66404,75,902,2,36000,1.08314855876
65429,65516,66566,87,1050,2,36000,1.08285714286
65445,65526,66728,81,1202,2,36000,1.06738768719
65468,65531,66662,63,1131,2,36000,1.05570291777
65487,65538,66536,51,998,2,36000,1.05110220441
65488,65543,66732,55,1189,2,36000,1.04625735913
65490,65550,66707,60,1157,2,36000,1.05185825411
65491,65555,66404,64,849,2,36000,1.0753828033
65508,65565,66420,57,855,2,36000,1.06666666667
65526,65572,66463,46,891,2,36000,1.05162738496
65527,65584,66406,57,822,2,36000,1.06934306569
65528,65621,66493,93,872,2,36000,1.10665137615
65529,65628,66433,99,805,2,36000,1.12298136646
65548,65639,66490,91,851,2,36000,1.10693301998
65549,65653,66547,104,894,2,36000,1.1163310962
65566,65666,66691,100,1025,2,36000,1.09756097561
65568,65676,66894,108,1218,2,36000,1.08866995074
65584,65687,66821,103,1134,2,36000,1.09082892416
65585,65698,66714,113,1016,2,36000,1.11122047244
65614,65705,66517,91,812,2,36000,1.11206896552
65631,65711,66813,80,1102,2,36000,1.07259528131
65648,65717,66504,69,787,2,36000,1.0876747141
65665,65722,66899,57,1177,2,36000,1.04842820731
65666,65744,66687,78,943,2,36000,1.08271474019
65684,65751,66904,67,1153,2,36000,1.05810928014
65701,65756,66670,55,914,2,36000,1.0601750547
65703,65763,66667,60,904,2,36000,1.06637168142
65704,65769,66914,65,1145,2,36000,1.05676855895
65705,65774,66756,69,982,2,36000,1.07026476578
65707,65780,66699,73,919,2,36000,1.07943416757
65735,65785,66701,50,916,2,36000,1.05458515284
65736,65792,67000,56,1208,2,36000,1.04635761589
65738,65797,66599,59,802,2,36000,1.07356608479
65758,65802,66939,44,1137,2,36000,1.03869832894
65759,65808,66811,49,1003,2,36000,1.04885343968
65761,65814,66874,53,1060,2,36000,1.05
65762,65819,66756,57,937,2,36000,1.06083244397
65781,65827,67040,46,1213,2,36000,1.03792250618
65782,65832,66557,50,725,2,36000,1.06896551724
65783,65837,66800,54,963,2,36000,1.05607476636
65785,65842,66966,57,1124,2,36000,1.05071174377
65786,65849,66659,63,810,2,36000,1.07777777778
65806,65855,66663,49,808,2,36000,1.06064356436
65807,65861,66744,54,883,2,36000,1.06115515289
65808,65867,66820,59,953,2,36000,1.06190975866
65828,65894,67045,66,1151,2,36000,1.05734144222
65829,65919,66877,90,958,2,36000,1.09394572025
65831,65946,66713,115,767,2,36000,1.14993481095
65849,65952,67154,103,1202,2,36000,1.08569051581
65850,65961,66894,111,933,2,36000,1.11897106109
65852,65972,66986,120,1014,2,36000,1.11834319527
65870,65979,67162,109,1183,2,36000,1.0921386306
65886,65986,66927,100,941,2,36000,1.10626992561
65913,65992,66717,79,725,2,36000,1.10896551724
65940,65998,66910,58,912,2,36000,1.06359649123
65942,66013,67223,71,1210,2,36000,1.05867768595
65958,66031,66749,73,718,2,36000,1.10167130919
65978,66038,66925,60,887,2,36000,1.06764374295
65979,66043,66971,64,928,2,36000,1.06896551724
65980,66050,67205,70,1155,2,36000,1.06060606061
65999,66055,67022,56,967,2,36000,1.05791106515
66000,66060,67107,60,1047,2,36000,1.05730659026
66018,66066,66894,48,828,2,36000,1.05797101449
66040,66072,66888,32,816,2,36000,1.03921568627
66042,66104,67322,62,1218,2,36000,1.05090311987
66043,66111,67191,68,1080,2,36000,1.06296296296
66044,66117,67244,73,1127,2,36000,1.06477373558
66045,66126,67171,81,1045,2,36000,1.07751196172
66047,66131,66976,84,845,2,36000,1.09940828402
66048,66148,67335,100,1187,2,36000,1.08424599832
66066,66155,67145,89,990,2,36000,1.0898989899
66096,66161,67354,65,1193,2,36000,1.05448449288
66098,66166,67358,68,1192,2,36000,1.05704697987
66115,66172,67309,57,1137,2,36000,1.05013192612
66116,66177,67110,61,933,2,36000,1.06538049303
66118,66220,67229,102,1009,2,36000,1.10109018831
66143,66227,67238,84,1011,2,36000,1.08308605341
66144,66234,67080,90,846,2,36000,1.10638297872
66145,66244,67378,99,1134,2,36000,1.0873015873
66147,66251,67176,104,925,2,36000,1.11243243243
66166,66256,67356,90,1100,2,36000,1.08181818182
66167,66261,67187,94,926,2,36000,1.10151187905
66210,66266,67373,56,1107,2,36000,1.05058717254
66227,66274,67177,47,903,2,36000,1.05204872647
66228,66279,67439,51,1160,2,36000,1.04396551724
66245,66284,67243,39,959,2,36000,1.04066736184
66246,66289,67317,43,1028,2,36000,1.04182879377
66265,66294,67064,29,770,2,36000,1.03766233766
66266,66313,67204,47,891,2,36000,1.05274971942
66268,66301,67121,33,820,2,36000,1.04024390244
66269,66307,67191,38,884,2,36000,1.04298642534
66286,66319,67238,33,919,2,36000,1.0359085963
66288,66330,67207,42,877,2,36000,1.04789053592
66306,66350,67577,44,1227,2,36000,1.0358598207
66307,66359,67328,52,969,2,36000,1.05366357069
66325,66364,67117,39,753,2,36000,1.05179282869
66343,66415,67714,72,1299,2,36000,1.05542725173
66360,66429,67325,69,896,2,36000,1.07700892857
66361,66435,67459,74,1024,2,36000,1.072265625
66401,66702,82694,301,15992,32,356400,1.01882191096
66407,66474,67474,67,1000,2,36000,1.067
66408,66504,67532,96,1028,2,36000,1.09338521401
66409,66515,67579,106,1064,2,36000,1.09962406015
66428,66521,67534,93,1013,2,36000,1.0918065153
66429,66547,67440,118,893,2,36000,1.13213885778
66430,66558,67731,128,1173,2,36000,1.10912190963
66447,66564,67411,117,847,2,36000,1.13813459268
66448,66577,67593,129,1016,2,36000,1.12696850394
66464,66610,67677,146,1067,2,36000,1.13683223993
66488,66617,67729,129,1112,2,36000,1.11600719424
66507,66674,67721,167,1047,2,36000,1.15950334288
66508,66682,67854,174,1172,2,36000,1.14846416382
66510,66710,67719,200,1009,2,36000,1.1982160555
66511,66716,67888,205,1172,2,36000,1.17491467577
66512,66721,67905,209,1184,2,36000,1.17652027027
66530,66728,67740,198,1012,2,36000,1.19565217391
66552,66733,67847,181,1114,2,36000,1.16247755835
66553,66738,67470,185,732,2,36000,1.25273224044
66571,66743,67698,172,955,2,36000,1.18010471204
66573,66750,67655,177,905,2,36000,1.1955801105
66574,66755,67589,181,834,2,36000,1.2170263789
66606,66762,67866,156,1104,2,36000,1.14130434783
66608,66768,67928,160,1160,2,36000,1.13793103448
66609,66774,67837,165,1063,2,36000,1.15522107244
66663,66780,67904,117,1124,2,36000,1.10409252669
66664,66812,67954,148,1142,2,36000,1.1295971979
66666,66822,67923,156,1101,2,36000,1.1416893733
66684,66829,67724,145,895,2,36000,1.16201117318
66685,66836,67605,151,769,2,36000,1.19635890767
66708,66842,67747,134,905,2,36000,1.14806629834
66709,66886,68006,177,1120,2,36000,1.15803571429
66711,66893,67971,182,1078,2,36000,1.16883116883
66712,66900,67792,188,892,2,36000,1.21076233184
66713,66907,68094,194,1187,2,36000,1.16343723673
66715,66912,67642,197,730,2,36000,1.2698630137
66736,66917,68056,181,1139,2,36000,1.15891132572
66737,66924,68035,187,1111,2,36000,1.16831683168
66739,66930,67944,191,1014,2,36000,1.18836291913
66740,66935,67856,195,921,2,36000,1.21172638436
66741,66941,67801,200,860,2,36000,1.23255813953
66762,66946,68052,184,1106,2,36000,1.16636528029
66763,66952,67815,189,863,2,36000,1.21900347625
66765,66958,67987,193,1029,2,36000,1.18756073858
66766,66977,67842,211,865,2,36000,1.24393063584
66802,66983,67948,181,965,2,36000,1.18756476684
66821,66990,68089,169,1099,2,36000,1.15377616015
66822,66997,67710,175,713,2,36000,1.24544179523
66823,67011,67725,188,714,2,36000,1.26330532213
66825,67034,68133,209,1099,2,36000,1.19017288444
66877,67051,68080,174,1029,2,36000,1.16909620991
66879,67057,68064,178,1007,2,36000,1.17676266137
66899,67075,68242,176,1167,2,36000,1.15081405313
66900,67091,68161,191,1070,2,36000,1.1785046729
66901,67119,68179,218,1060,2,36000,1.20566037736
66903,67126,68225,223,1099,2,36000,1.20291173794
66923,67132,68038,209,906,2,36000,1.23068432671
66924,67137,68032,213,895,2,36000,1.23798882682
66925,67157,68146,232,989,2,36000,1.23458038423
66927,67165,67989,238,824,2,36000,1.28883495146
66928,67174,68088,246,914,2,36000,1.26914660832
66946,67183,68271,237,1088,2,36000,1.21783088235
66948,67190,68045,242,855,2,36000,1.28304093567
66968,67195,68031,227,836,2,36000,1.27153110048
66984,67202,68251,218,1049,2,36000,1.20781696854
66986,67207,68307,221,1100,2,36000,1.20090909091
67004,67213,68199,209,986,2,36000,1.21196754564
67006,67220,68119,214,899,2,36000,1.23804226919
67026,67226,68176,200,950,2,36000,1.21052631579
67043,67231,68047,188,816,2,36000,1.23039215686
67060,67237,68096,177,859,2,36000,1.20605355064
67081,67243,68478,162,1235,2,36000,1.13117408907
67082,67250,68280,168,1030,2,36000,1.16310679612
67111,67255,68355,144,1100,2,36000,1.13090909091
67112,67262,68267,150,1005,2,36000,1.14925373134
67130,67267,68390,137,1123,2,36000,1.12199465717
67132,67300,68172,168,872,2,36000,1.19266055046
67149,67305,68018,156,713,2,36000,1.21879382889
67165,67310,68143,145,833,2,36000,1.17406962785
67167,67316,68371,149,1055,2,36000,1.14123222749
67185,67321,68462,136,1141,2,36000,1.11919368975
67186,67326,68216,140,890,2,36000,1.15730337079
67188,67331,68138,143,807,2,36000,1.17719950434
67206,67337,68526,131,1189,2,36000,1.11017661901
67208,67342,68335,134,993,2,36000,1.13494461229
67209,67347,68497,138,1150,2,36000,1.12
67210,67352,68438,142,1086,2,36000,1.13075506446
67212,67357,68273,145,916,2,36000,1.15829694323
67213,67363,68258,150,895,2,36000,1.16759776536
67232,67368,68630,136,1262,2,36000,1.10776545166
67233,67373,68619,140,1246,2,36000,1.11235955056
67253,67378,68457,125,1079,2,36000,1.11584800741
67254,67385,68741,131,1356,2,36000,1.09660766962
67255,67390,68383,135,993,2,36000,1.13595166163
67257,67396,68412,139,1016,2,36000,1.13681102362
67313,67401,68353,88,952,2,36000,1.09243697479
67333,67406,68351,73,945,2,36000,1.07724867725
67334,67411,68255,77,844,2,36000,1.09123222749
67335,67417,68482,82,1065,2,36000,1.07699530516
67337,67422,68238,85,816,2,36000,1.10416666667
67355,67427,68423,72,996,2,36000,1.07228915663
67357,67432,68265,75,833,2,36000,1.09003601441
67358,67439,68538,81,1099,2,36000,1.0737033667
67378,67451,68448,73,997,2,36000,1.07321965898
67379,67445,68480,66,1035,2,36000,1.06376811594
67380,67456,68467,76,1011,2,36000,1.07517309594
67415,67470,68505,55,1035,2,36000,1.05314009662
67443,67481,68522,38,1041,2,36000,1.03650336215
67444,67488,68540,44,1052,2,36000,1.04182509506
67462,67544,68389,82,845,2,36000,1.09704142012
67479,67550,68511,71,961,2,36000,1.07388137357
67480,67588,68809,108,1221,2,36000,1.08845208845
67533,67594,68772,61,1178,2,36000,1.05178268251
67551,67600,68531,49,931,2,36000,1.05263157895
67580,67606,68535,26,929,2,36000,1.02798708288
67581,67616,68606,35,990,2,36000,1.03535353535
67601,67653,68372,52,719,2,36000,1.07232267038
67602,67666,68712,64,1046,2,36000,1.06118546845
67619,67689,68599,70,910,2,36000,1.07692307692
67643,67708,68745,65,1037,2,36000,1.06268081003
67659,67721,68575,62,854,2,36000,1.07259953162
67680,67727,68673,47,946,2,36000,1.04968287526
67702,67733,68848,31,1115,2,36000,1.02780269058
67721,67739,68727,18,988,2,36000,1.01821862348
67722,67745,68639,23,894,2,36000,1.02572706935
67724,67750,68820,26,1070,2,36000,1.02429906542
67725,67756,68630,31,874,2,36000,1.03546910755
67747,67762,68865,15,1103,2,36000,1.01359927471
67749,67768,68839,19,1071,2,36000,1.01774042951
67750,67773,68806,23,1033,2,36000,1.02226524685
67751,67804,68574,53,770,2,36000,1.06883116883
67753,67813,69033,60,1220,2,36000,1.04918032787
67754,67826,68773,72,947,2,36000,1.07602956705
67798,67848,68678,50,830,2,36000,1.06024096386
67816,67855,68918,39,1063,2,36000,1.03668861712
67818,67861,68729,43,868,2,36000,1.04953917051
67841,67867,68912,26,1045,2,36000,1.02488038278
67859,67872,68930,13,1058,2,36000,1.01228733459
67860,67878,68734,18,856,2,36000,1.02102803738
67862,67899,68973,37,1074,2,36000,1.03445065177
67863,67915,69006,52,1091,2,36000,1.04766269478
67881,67921,69052,40,1131,2,36000,1.03536693192
67898,67934,68937,36,1003,2,36000,1.03589232303
67915,67941,69169,26,1228,2,36000,1.02117263844
67916,67955,68915,39,960,2,36000,1.040625
67937,67961,68809,24,848,2,36000,1.02830188679
67938,67967,68836,29,869,2,36000,1.0333716916
67956,67982,68911,26,929,2,36000,1.02798708288
67958,67998,69142,40,1144,2,36000,1.03496503497
67959,68005,68856,46,851,2,36000,1.05405405405
67976,68017,69140,41,1123,2,36000,1.03650934996
67993,68029,68946,36,917,2,36000,1.03925845147
67995,68042,68953,47,911,2,36000,1.05159165752
68011,68048,68989,37,941,2,36000,1.03931987248
68031,68053,68771,22,718,2,36000,1.03064066852
68032,68060,69251,28,1191,2,36000,1.02350965575
68053,68066,69141,13,1075,2,36000,1.01209302326
68055,68071,69107,16,1036,2,36000,1.01544401544
68056,68077,69045,21,968,2,36000,1.02169421488
68057,68082,69104,25,1022,2,36000,1.02446183953
68059,68088,68866,29,778,2,36000,1.03727506427
68060,68094,69178,34,1084,2,36000,1.03136531365
68078,68100,68843,22,743,2,36000,1.02960969044
68079,68105,68910,26,805,2,36000,1.03229813665
68098,68111,69154,13,1043,2,36000,1.01246404602
68100,68117,68935,17,818,2,36000,1.02078239609
68101,68131,68862,30,731,2,36000,1.04103967168
68103,68144,69189,41,1045,2,36000,1.03923444976
68104,68151,69343,47,1192,2,36000,1.0394295302
68121,68158,69128,37,970,2,36000,1.0381443299
68139,68164,68924,25,760,2,36000,1.03289473684
68140,68172,69044,32,872,2,36000,1.03669724771
68156,68183,69099,27,916,2,36000,1.02947598253
68158,68189,69309,31,1120,2,36000,1.02767857143
68177,68196,68895,19,699,2,36000,1.02718168813
68178,68210,69178,32,968,2,36000,1.03305785124
68179,68228,69315,49,1087,2,36000,1.04507819687
68198,68236,69298,38,1062,2,36000,1.03578154426
68200,68250,69240,50,990,2,36000,1.05050505051
68222,68257,69383,35,1126,2,36000,1.03108348135
68239,68263,69109,24,846,2,36000,1.02836879433
68240,68269,69193,29,924,2,36000,1.03138528139
68259,68274,69331,15,1057,2,36000,1.01419110691
68260,68281,69123,21,842,2,36000,1.02494061758
68262,68286,69397,24,1111,2,36000,1.02160216022
68263,68293,69308,30,1015,2,36000,1.02955665025
68280,68299,69543,19,1244,2,36000,1.0152733119
68282,68304,69483,22,1179,2,36000,1.01865988126
68283,68319,69142,36,823,2,36000,1.04374240583
68284,68347,69434,63,1087,2,36000,1.05795768169
68286,68362,69360,76,998,2,36000,1.07615230461
68309,68368,69225,59,857,2,36000,1.06884480747
68339,68374,69511,35,1137,2,36000,1.03078276165
68356,68387,69170,31,783,2,36000,1.03959131545
68357,68392,69306,35,914,2,36000,1.03829321663
68359,68399,69261,40,862,2,36000,1.0464037123
68385,68406,69408,21,1002,2,36000,1.02095808383
68387,68411,69245,24,834,2,36000,1.02877697842
68388,68423,69287,35,864,2,36000,1.04050925926
68407,68434,69358,27,924,2,36000,1.02922077922
68409,68449,69724,40,1275,2,36000,1.03137254902
68426,68459,69470,33,1011,2,36000,1.03264094955
68427,68468,69427,41,959,2,36000,1.04275286757
68444,68474,69486,30,1012,2,36000,1.02964426877
68462,68481,69250,19,769,2,36000,1.02470741222
68464,68489,69267,25,778,2,36000,1.03213367609
68465,68496,69313,31,817,2,36000,1.03794369645
68484,68502,69763,18,1261,2,36000,1.01427438541
68485,68508,69323,23,815,2,36000,1.0282208589
68487,68517,69379,30,862,2,36000,1.03480278422
68488,68523,69606,35,1083,2,36000,1.0323176362
68505,68533,69411,28,878,2,36000,1.03189066059
68507,68539,69630,32,1091,2,36000,1.02933088909
68526,68546,69598,20,1052,2,36000,1.01901140684
68528,68551,69603,23,1052,2,36000,1.02186311787
68529,68557,69645,28,1088,2,36000,1.02573529412
68549,68563,69385,14,822,2,36000,1.01703163017
68550,68585,69558,35,973,2,36000,1.03597122302
68552,68591,69563,39,972,2,36000,1.04012345679
68553,68610,69619,57,1009,2,36000,1.05649157582
68578,68617,69740,39,1123,2,36000,1.03472840606
68580,68630,69897,50,1267,2,36000,1.03946329913
68604,68641,69460,37,819,2,36000,1.04517704518
68625,68646,69534,21,888,2,36000,1.02364864865
68626,68652,69842,26,1190,2,36000,1.0218487395
68644,68685,69780,41,1095,2,36000,1.03744292237
68646,68692,69611,46,919,2,36000,1.05005440696
68647,68723,69456,76,733,2,36000,1.1036834925
68678,68739,69970,61,1231,2,36000,1.04955320877
68679,68745,69724,66,979,2,36000,1.06741573034
68719,68751,69651,32,900,2,36000,1.03555555556
68742,68757,69793,15,1036,2,36000,1.01447876448
68743,68762,70209,19,1447,2,36000,1.01313061507
68744,68783,69642,39,859,2,36000,1.0454016298
68746,68788,69739,42,951,2,36000,1.04416403785
68763,68795,69811,32,1016,2,36000,1.03149606299
68782,68817,69631,35,814,2,36000,1.042997543
68783,68824,69629,41,805,2,36000,1.05093167702
68785,68830,69689,45,859,2,36000,1.05238649593
68809,68836,70103,27,1267,2,36000,1.02131018153
68810,68847,69805,37,958,2,36000,1.03862212944
68812,68853,69926,41,1073,2,36000,1.03821062442
68833,68859,69757,26,898,2,36000,1.0289532294
68854,68865,69898,11,1033,2,36000,1.01064859632
68856,68872,70040,16,1168,2,36000,1.01369863014
68857,68878,69998,21,1120,2,36000,1.01875
68858,68884,69896,26,1012,2,36000,1.0256916996
68885,68891,69881,6,990,2,36000,1.00606060606
68886,68906,69922,20,1016,2,36000,1.01968503937
68888,68921,69775,33,854,2,36000,1.03864168618
68889,68928,70071,39,1143,2,36000,1.03412073491
68909,68933,69755,24,822,2,36000,1.02919708029
68933,68940,69836,7,896,2,36000,1.0078125
68934,68945,69769,11,824,2,36000,1.01334951456
68935,68951,69851,16,900,2,36000,1.01777777778
68937,68957,69886,20,929,2,36000,1.0215285253
68938,68962,70186,24,1224,2,36000,1.01960784314
68939,68967,70076,28,1109,2,36000,1.02524797115
68941,68973,70180,32,1207,2,36000,1.02651201326
68963,68979,69795,16,816,2,36000,1.01960784314
68964,68985,69885,21,900,2,36000,1.02333333333
68965,69000,69827,35,827,2,36000,1.0423216445
68967,69017,69893,50,876,2,36000,1.05707762557
68983,69044,69929,61,885,2,36000,1.06892655367
69000,69055,69847,55,792,2,36000,1.06944444444
69017,69061,70002,44,941,2,36000,1.04675876727
69037,69067,70243,30,1176,2,36000,1.02551020408
69056,69110,69924,54,814,2,36000,1.06633906634
69057,69117,70151,60,1034,2,36000,1.0580270793
69059,69124,69992,65,868,2,36000,1.07488479263
69103,69129,70117,26,988,2,36000,1.02631578947
69121,69136,69899,15,763,2,36000,1.01965923984
69123,69142,70297,19,1155,2,36000,1.01645021645
69124,69151,70239,27,1088,2,36000,1.02481617647
69142,69157,70235,15,1078,2,36000,1.01391465677
69144,69162,70269,18,1107,2,36000,1.0162601626
69145,69174,70055,29,881,2,36000,1.03291713961
69146,69168,69941,22,773,2,36000,1.02846054334
69148,69180,70294,32,1114,2,36000,1.02872531418
69149,69186,70250,37,1064,2,36000,1.03477443609
69177,69192,70193,15,1001,2,36000,1.01498501499
69178,69197,70098,19,901,2,36000,1.02108768036
69180,69204,70113,24,909,2,36000,1.02640264026
69201,69210,70404,9,1194,2,36000,1.00753768844
69203,69236,70245,33,1009,2,36000,1.03270564916
69204,69252,70147,48,895,2,36000,1.05363128492
69205,69259,70272,54,1013,2,36000,1.05330700888
69229,69265,70369,36,1104,2,36000,1.03260869565
69247,69270,70100,23,830,2,36000,1.02771084337
69248,69277,70348,29,1071,2,36000,1.02707749767
69268,69298,70094,30,796,2,36000,1.03768844221
69269,69309,70160,40,851,2,36000,1.04700352526
69270,69317,70388,47,1071,2,36000,1.04388422035
69272,69283,70520,11,1237,2,36000,1.00889248181
69293,69323,70279,30,956,2,36000,1.03138075314
69312,69329,70459,17,1130,2,36000,1.01504424779
69313,69335,70428,22,1093,2,36000,1.02012808783
69314,69341,70411,27,1070,2,36000,1.02523364486
69316,69346,70426,30,1080,2,36000,1.02777777778
69334,69352,70271,18,919,2,36000,1.01958650707
69336,69359,70137,23,778,2,36000,1.02956298201
69337,69369,70535,32,1166,2,36000,1.02744425386
69338,69375,70123,37,748,2,36000,1.04946524064
69356,69391,70356,35,965,2,36000,1.03626943005
69374,69398,70555,24,1157,2,36000,1.02074330164
69376,69403,70323,27,920,2,36000,1.02934782609
69394,69409,70339,15,930,2,36000,1.01612903226
69395,69419,70652,24,1233,2,36000,1.01946472019
69397,69425,70199,28,774,2,36000,1.03617571059
69415,69438,70716,23,1278,2,36000,1.01799687011
69416,69445,70511,29,1066,2,36000,1.02720450281
69418,69467,70556,49,1089,2,36000,1.04499540863
69435,69473,70382,38,909,2,36000,1.04180418042
69436,69482,70436,46,954,2,36000,1.04821802935
69459,69494,70552,35,1058,2,36000,1.03308128544
69477,69500,70362,23,862,2,36000,1.02668213457
69478,69522,70437,44,915,2,36000,1.04808743169
69495,69545,71241,50,1696,2,36000,1.02948113208
69496,69554,70598,58,1044,2,36000,1.05555555556
69513,69570,70512,57,942,2,36000,1.06050955414
69540,69577,70625,37,1048,2,36000,1.03530534351
69561,69609,70413,48,804,2,36000,1.05970149254
69563,69616,70653,53,1037,2,36000,1.05110896818
69580,69623,70561,43,938,2,36000,1.04584221748
69601,69628,70495,27,867,2,36000,1.03114186851
69620,69634,70723,14,1089,2,36000,1.01285583104
69621,69641,70572,20,931,2,36000,1.02148227712
69623,69646,70516,23,870,2,36000,1.02643678161
69624,69652,70806,28,1154,2,36000,1.02426343154
69645,69658,70696,13,1038,2,36000,1.01252408478
69647,69664,70706,17,1042,2,36000,1.01631477927
69648,69670,70536,22,866,2,36000,1.02540415704
69650,69700,70604,50,904,2,36000,1.05530973451
69651,69736,70634,85,898,2,36000,1.09465478842
69670,69741,70572,71,831,2,36000,1.08543922984
69690,69751,70821,61,1070,2,36000,1.05700934579
69728,69756,70689,28,933,2,36000,1.03001071811
69729,69766,70953,37,1187,2,36000,1.03117101938
69748,69772,70777,24,1005,2,36000,1.02388059701
69749,69778,70739,29,961,2,36000,1.03017689906
69766,69785,70589,19,804,2,36000,1.0236318408
69767,69791,70671,24,880,2,36000,1.02727272727
69769,69796,71040,27,1244,2,36000,1.02170418006
69789,69804,70745,15,941,2,36000,1.01594048884
69790,69810,70603,20,793,2,36000,1.02522068096
69791,69816,70884,25,1068,2,36000,1.0234082397
69809,69822,70753,13,931,2,36000,1.01396348013
69811,69838,70951,27,1113,2,36000,1.02425876011
69812,69847,70965,35,1118,2,36000,1.0313059034
69830,69853,70632,23,779,2,36000,1.02952503209
69832,69859,71080,27,1221,2,36000,1.02211302211
69850,69865,70678,15,813,2,36000,1.0184501845
69852,69892,70958,40,1066,2,36000,1.03752345216
69853,69898,71086,45,1188,2,36000,1.03787878788
69854,69903,70695,49,792,2,36000,1.06186868687
69886,69910,70823,24,913,2,36000,1.02628696605
69887,69915,70854,28,939,2,36000,1.02981895634
69888,69920,71046,32,1126,2,36000,1.02841918295
69908,69927,71215,19,1288,2,36000,1.0147515528
69909,69932,70894,23,962,2,36000,1.02390852391
69917,69939,70923,22,984,2,36000,1.02235772358
69919,69944,71883,25,1939,2,36000,1.01289324394
69920,69950,70791,30,841,2,36000,1.03567181926
69940,69956,71076,16,1120,2,36000,1.01428571429
69941,69961,71072,20,1111,2,36000,1.01800180018
69942,69981,70875,39,894,2,36000,1.04362416107
69944,70004,71884,60,1880,2,36000,1.03191489362
69945,70010,70834,65,824,2,36000,1.07888349515
69973,70016,71832,43,1816,2,36000,1.0236784141
69996,70051,71053,55,1002,2,36000,1.05489021956
70014,70087,70924,73,837,2,36000,1.08721624851
70015,70117,71048,102,931,2,36000,1.10955961332
70033,70110,139306,77,69196,8,356400,1.00111278109
70042,70123,72555,81,2432,2,36000,1.03330592105
70059,70129,72549,70,2420,2,36000,1.02892561983
70076,70134,72550,58,2416,2,36000,1.02400662252
70078,70141,70920,63,779,2,36000,1.08087291399
70099,70148,72565,49,2417,2,36000,1.02027306578
70101,70159,71239,58,1080,2,36000,1.0537037037
70102,70166,71050,64,884,2,36000,1.07239819005
70122,70173,72613,51,2440,2,36000,1.02090163934
70124,70191,72517,67,2326,2,36000,1.02880481513
70125,70197,72459,72,2262,2,36000,1.03183023873
70126,70204,72559,78,2355,2,36000,1.03312101911
70143,70211,72550,68,2339,2,36000,1.0290722531
70161,70220,72573,59,2353,2,36000,1.02507437314
70163,70246,71886,83,1640,2,36000,1.0506097561
70164,70253,71225,89,972,2,36000,1.09156378601
70182,70260,72524,78,2264,2,36000,1.03445229682
70200,70266,72572,66,2306,2,36000,1.02862098873
70202,70272,72570,70,2298,2,36000,1.03046127067
70203,70280,72551,77,2271,2,36000,1.03390576838
70221,70287,72518,66,2231,2,36000,1.02958314657
70238,70293,72593,55,2300,2,36000,1.02391304348
70240,70299,72538,59,2239,2,36000,1.02635104958
70260,70306,71234,46,928,2,36000,1.04956896552
70261,70313,72557,52,2244,2,36000,1.02317290553
70263,70334,72540,71,2206,2,36000,1.03218495014
70282,70350,72516,68,2166,2,36000,1.03139427516
70283,70359,71218,76,859,2,36000,1.0884749709
70285,70367,72588,82,2221,2,36000,1.03692030617
70286,70374,71226,88,852,2,36000,1.10328638498
70304,70380,71215,76,835,2,36000,1.09101796407
70305,70394,72521,89,2127,2,36000,1.04184297132
70327,70401,72553,74,2152,2,36000,1.0343866171
70345,70415,72600,70,2185,2,36000,1.03203661327
70363,70422,72526,59,2104,2,36000,1.0280418251
70365,70429,72615,64,2186,2,36000,1.02927721866
70366,70437,72561,71,2124,2,36000,1.03342749529
70383,70443,71235,60,792,2,36000,1.07575757576
70385,70450,72574,65,2124,2,36000,1.03060263653
70404,70456,72618,52,2162,2,36000,1.02405180389
70406,70472,72554,66,2082,2,36000,1.03170028818
70425,70507,72556,82,2049,2,36000,1.04001952172
70427,70522,72614,95,2092,2,36000,1.04541108987
70428,70529,72581,101,2052,2,36000,1.0492202729
70446,70535,72585,89,2050,2,36000,1.04341463415
70448,70541,72553,93,2012,2,36000,1.04622266402
70449,70548,72571,99,2023,2,36000,1.04893722195
70466,70553,72520,87,1967,2,36000,1.04422979156
70498,70563,72596,65,2033,2,36000,1.0319724545
70517,70570,72595,53,2025,2,36000,1.02617283951
70518,70576,72548,58,1972,2,36000,1.02941176471
70519,70582,72622,63,2040,2,36000,1.03088235294
70537,70588,72550,51,1962,2,36000,1.02599388379
70538,70594,72620,56,2026,2,36000,1.02764067127
70540,70601,72553,61,1952,2,36000,1.03125
70560,70610,72604,50,1994,2,36000,1.02507522568
70562,70617,72593,55,1976,2,36000,1.0278340081
70563,70623,72583,60,1960,2,36000,1.0306122449
70581,70636,72569,55,1933,2,36000,1.02845318158
70582,70643,72623,61,1980,2,36000,1.03080808081
70584,70650,72603,66,1953,2,36000,1.03379416283
70602,70663,72562,61,1899,2,36000,1.03212216956
70603,70670,72598,67,1928,2,36000,1.03475103734
70621,70683,72588,62,1905,2,36000,1.03254593176
70622,70690,72583,68,1893,2,36000,1.03592181722
70640,70700,72611,60,1911,2,36000,1.03139717425
70641,70707,72606,66,1899,2,36000,1.03475513428
70642,70712,72580,70,1868,2,36000,1.0374732334
70661,70719,72558,58,1839,2,36000,1.03153887983
70662,70727,72566,65,1839,2,36000,1.03534529636
70681,70734,72575,53,1841,2,36000,1.02878870179
70682,70750,72581,68,1831,2,36000,1.03713817586
70701,70757,72602,56,1845,2,36000,1.03035230352
70702,70764,72552,62,1788,2,36000,1.03467561521
70703,70788,72552,85,1764,2,36000,1.04818594104
70721,70802,72616,81,1814,2,36000,1.04465270121
70722,70817,72617,95,1800,2,36000,1.05277777778
70740,70832,72622,92,1790,2,36000,1.05139664804
70742,70839,72583,97,1744,2,36000,1.05561926606
70760,70846,72588,86,1742,2,36000,1.04936854191
70761,70865,72902,104,2037,2,36000,1.05105547374
70778,70887,72597,109,1710,2,36000,1.06374269006
70796,70895,73016,99,2121,2,36000,1.04667609618
70814,70905,73222,91,2317,2,36000,1.03927492447
70832,70931,72973,99,2042,2,36000,1.04848188051
70833,70938,73278,105,2340,2,36000,1.04487179487
70850,70943,73332,93,2389,2,36000,1.03892842193
70867,70962,73469,95,2507,2,36000,1.03789389709
70885,70969,72994,84,2025,2,36000,1.04148148148
70886,70976,73168,90,2192,2,36000,1.04105839416
70905,70981,73448,76,2467,2,36000,1.03080664775
70923,71058,72985,135,1927,2,36000,1.07005708355
70924,71065,73138,141,2073,2,36000,1.06801736614
70946,71070,73433,124,2363,2,36000,1.05247566653
70965,71075,73423,110,2348,2,36000,1.0468483816
70966,71080,73013,114,1933,2,36000,1.05897568546
70968,71087,73330,119,2243,2,36000,1.05305394561
70969,71093,73135,124,2042,2,36000,1.06072477963
71240,71246,73220,6,1974,2,36000,1.00303951368
71881,71888,73217,7,1329,2,36000,1.00526711813
72458,72464,73704,6,1240,2,36000,1.00483870968
72499,72505,72536,6,31,1,172800,1.1935483871
72561,72566,73711,5,1145,2,36000,1.00436681223
72563,72572,73676,9,1104,2,36000,1.00815217391
72564,72577,73477,13,900,2,36000,1.01444444444
72566,72583,73449,17,866,2,36000,1.01963048499
72567,72595,73672,28,1077,2,36000,1.02599814299
72569,72600,73671,31,1071,2,36000,1.0289449113
72570,72605,73388,35,783,2,36000,1.04469987229
72571,72611,73457,40,846,2,36000,1.04728132388
72573,72616,73838,43,1222,2,36000,1.03518821604
72574,72621,73586,47,965,2,36000,1.04870466321
72576,72626,73617,50,991,2,36000,1.05045408678
72577,72631,73677,54,1046,2,36000,1.05162523901
72577,72590,159010,13,86420,1,86400,1.00015042814
73101,73107,74042,6,935,2,36000,1.0064171123
73102,73113,74014,11,901,2,36000,1.01220865705
73103,73118,74016,15,898,2,36000,1.01670378619
73105,73123,74364,18,1241,2,36000,1.01450443191
73106,73128,74105,22,977,2,36000,1.02251791198
73107,73134,73993,27,859,2,36000,1.03143189756
73109,73140,74064,31,924,2,36000,1.03354978355
73110,73145,73971,35,826,2,36000,1.04237288136
73112,73150,74186,38,1036,2,36000,1.03667953668
73113,73156,74427,43,1271,2,36000,1.03383162864
73115,73161,74242,46,1081,2,36000,1.04255319149
73116,73166,74259,50,1093,2,36000,1.04574565416
73117,73171,74029,54,858,2,36000,1.06293706294
73119,73176,74364,57,1188,2,36000,1.04797979798
73120,73182,74340,62,1158,2,36000,1.05354058722
73122,73187,74033,65,846,2,36000,1.0768321513
73123,73192,74187,69,995,2,36000,1.06934673367
73124,73197,74141,73,944,2,36000,1.07733050847
73126,73202,74346,76,1144,2,36000,1.06643356643
73127,73208,74203,81,995,2,36000,1.08140703518
73128,73213,74336,85,1123,2,36000,1.07569011576
73130,73218,74112,88,894,2,36000,1.09843400447
73131,73223,74514,92,1291,2,36000,1.07126258714
73132,73228,74337,96,1109,2,36000,1.0865644725
73134,73234,74125,100,891,2,36000,1.11223344557
73135,73240,74274,105,1034,2,36000,1.10154738878
73136,73246,74257,110,1011,2,36000,1.10880316518
73138,73251,74039,113,788,2,36000,1.14340101523
73139,73256,74475,117,1219,2,36000,1.09598031173
73140,73261,74202,121,941,2,36000,1.12858660999
73142,73266,74429,124,1163,2,36000,1.10662080825
73143,73272,74430,129,1158,2,36000,1.11139896373
73144,73277,74166,133,889,2,36000,1.14960629921
73146,73282,74268,136,986,2,36000,1.13793103448
73147,73287,74250,140,963,2,36000,1.14537902388
73148,73292,74582,144,1290,2,36000,1.11162790698
73150,73298,74315,148,1017,2,36000,1.14552605703
73151,73303,74281,152,978,2,36000,1.1554192229
73152,73308,74342,156,1034,2,36000,1.15087040619
73154,73313,74571,159,1258,2,36000,1.12639109698
73155,73319,74213,164,894,2,36000,1.18344519016
73156,73324,74579,168,1255,2,36000,1.13386454183
73158,73329,74500,171,1171,2,36000,1.14602903501
73159,73334,74764,175,1430,2,36000,1.12237762238
73160,73339,74467,179,1128,2,36000,1.15868794326
73162,73345,74197,183,852,2,36000,1.21478873239
73163,73350,74266,187,916,2,36000,1.20414847162
73164,73355,74334,191,979,2,36000,1.19509703779
73165,73360,74498,195,1138,2,36000,1.17135325132
73167,73365,74177,198,812,2,36000,1.24384236453
73168,73371,74349,203,978,2,36000,1.20756646217
73170,73376,74367,206,991,2,36000,1.20787083754
73171,73381,74508,210,1127,2,36000,1.18633540373
73172,73386,74498,214,1112,2,36000,1.19244604317
73174,73392,74503,218,1111,2,36000,1.19621962196
73175,73397,74471,222,1074,2,36000,1.20670391061
73176,73402,74491,226,1089,2,36000,1.20752984389
73178,73407,74363,229,956,2,36000,1.23953974895
73179,73412,74264,233,852,2,36000,1.2734741784
73180,73418,74201,238,783,2,36000,1.30395913155
73181,73423,74453,242,1030,2,36000,1.23495145631
73183,73428,74333,245,905,2,36000,1.27071823204
73184,73433,74575,249,1142,2,36000,1.2180385289
73185,73438,74782,253,1344,2,36000,1.18824404762
73187,73444,74372,257,928,2,36000,1.27693965517
73188,73449,74289,261,840,2,36000,1.31071428571
73189,73454,74624,265,1170,2,36000,1.2264957265
73191,73459,74566,268,1107,2,36000,1.24209575429
73192,73465,74427,273,962,2,36000,1.28378378378
73194,73470,74365,276,895,2,36000,1.30837988827
73195,73475,74581,280,1106,2,36000,1.25316455696
73196,73480,75213,284,1733,2,36000,1.16387766878
73198,73485,74726,287,1241,2,36000,1.23126510878
73199,73491,74451,292,960,2,36000,1.30416666667
73200,73496,74732,296,1236,2,36000,1.23948220065
73202,73501,74494,299,993,2,36000,1.30110775428
73203,73506,74621,303,1115,2,36000,1.27174887892
73204,73511,74635,307,1124,2,36000,1.2731316726
73206,73517,74653,311,1136,2,36000,1.27376760563
73207,73522,74585,315,1063,2,36000,1.29633113829
73215,73527,74328,312,801,2,36000,1.38951310861
73216,73532,74517,316,985,2,36000,1.32081218274
73218,73581,74753,363,1172,2,36000,1.30972696246
73395,73682,73684,287,2,2,3540,28.9
73445,73539,74656,94,1117,2,36000,1.08415398389
73447,73544,74517,97,973,2,36000,1.09969167523
73449,73549,74795,100,1246,2,36000,1.08025682183
73450,73555,74883,105,1328,2,36000,1.07906626506
73451,73560,74516,109,956,2,36000,1.1140167364
73453,73565,74573,112,1008,2,36000,1.11111111111
73454,73570,74520,116,950,2,36000,1.12210526316
73457,73575,74576,118,1001,2,36000,1.11788211788
73458,73586,74711,128,1125,2,36000,1.11377777778
73460,73591,74772,131,1181,2,36000,1.11092294666
73461,73622,74567,161,945,2,36000,1.17037037037
73462,73640,74757,178,1117,2,36000,1.15935541629
73695,73701,74603,6,902,2,36000,1.0066518847
73696,73707,74884,11,1177,2,36000,1.00934579439
73698,73712,74588,14,876,2,36000,1.01598173516
73699,73717,74551,18,834,2,36000,1.02158273381
73700,73724,74799,24,1075,2,36000,1.0223255814
73702,73729,74586,27,857,2,36000,1.03150525088
73703,73849,74982,146,1133,2,36000,1.12886142983
73705,73983,74999,278,1016,2,36000,1.27362204724
73706,74005,75163,299,1158,2,36000,1.25820379965
73707,74026,74959,319,933,2,36000,1.34190782422
73709,74033,75276,324,1243,2,36000,1.26065969429
73736,74040,75297,304,1257,2,36000,1.24184566428
73738,74046,75275,308,1229,2,36000,1.25061025224
73879,74053,74827,174,774,2,36000,1.22480620155
74075,74081,75048,6,967,2,36000,1.00620475698
74076,74087,75220,11,1133,2,36000,1.00970873786
74078,74116,75164,38,1048,2,36000,1.03625954198
74079,74125,75391,46,1266,2,36000,1.03633491311
74080,74136,75267,56,1131,2,36000,1.04951370469
74082,74152,75305,70,1153,2,36000,1.0607111882
74083,74178,75293,95,1115,2,36000,1.08520179372
74084,74190,75362,106,1172,2,36000,1.09044368601
74086,74198,75290,112,1092,2,36000,1.10256410256
74209,74215,75292,6,1077,2,36000,1.00557103064
74210,74221,75408,11,1187,2,36000,1.00926705981
74212,74226,75296,14,1070,2,36000,1.01308411215
74213,74232,75352,19,1120,2,36000,1.01696428571
74215,74237,75457,22,1220,2,36000,1.01803278689
74216,74243,75301,27,1058,2,36000,1.02551984877
74217,74254,75301,37,1047,2,36000,1.03533906399
74219,74262,75287,43,1025,2,36000,1.04195121951
74220,74269,75168,49,899,2,36000,1.05450500556
74221,74275,75295,54,1020,2,36000,1.05294117647
74223,74282,75562,59,1280,2,36000,1.04609375
74224,74287,75410,63,1123,2,36000,1.05609973286
74225,74293,75300,68,1007,2,36000,1.06752730884
74260,74299,75306,39,1007,2,36000,1.03872889772
74262,74304,75303,42,999,2,36000,1.04204204204
74263,74311,75308,48,997,2,36000,1.0481444333
74264,74330,75287,66,957,2,36000,1.06896551724
74565,74571,75307,6,736,2,36000,1.00815217391
74566,74577,75503,11,926,2,36000,1.01187904968
74568,74582,75337,14,755,2,36000,1.01854304636
74573,74589,75765,16,1176,2,36000,1.01360544218
74575,74594,75907,19,1313,2,36000,1.01447067784
74576,74599,75601,23,1002,2,36000,1.02295409182
74578,74604,75628,26,1024,2,36000,1.025390625
74579,74609,75917,30,1308,2,36000,1.02293577982
74581,74615,75629,34,1014,2,36000,1.03353057199
74583,74620,75569,37,949,2,36000,1.03898840885
74585,74627,75691,42,1064,2,36000,1.03947368421
74587,74632,75704,45,1072,2,36000,1.04197761194
74588,74637,75600,49,963,2,36000,1.05088265836
74589,74642,75637,53,995,2,36000,1.05326633166
74591,74647,75550,56,903,2,36000,1.06201550388
74592,74653,75868,61,1215,2,36000,1.05020576132
74593,74658,75696,65,1038,2,36000,1.06262042389
74595,74663,75611,68,948,2,36000,1.07172995781
74596,74668,75936,72,1268,2,36000,1.05678233438
74598,74673,75602,75,929,2,36000,1.08073196986
74599,74679,75555,80,876,2,36000,1.09132420091
74600,74684,75899,84,1215,2,36000,1.06913580247
74602,74689,75763,87,1074,2,36000,1.08100558659
74603,74694,75653,91,959,2,36000,1.09489051095
74605,74699,75759,94,1060,2,36000,1.08867924528
74606,74705,75440,99,735,2,36000,1.13469387755
74608,74710,75746,102,1036,2,36000,1.09845559846
74609,74715,75938,106,1223,2,36000,1.08667211774
74610,74720,75759,110,1039,2,36000,1.10587102984
74612,74725,75799,113,1074,2,36000,1.1052141527
74613,74731,75883,118,1152,2,36000,1.10243055556
74614,74736,76415,122,1679,2,36000,1.07266229899
74616,74741,75549,125,808,2,36000,1.1547029703
74617,74746,75880,129,1134,2,36000,1.11375661376
74619,74752,75768,133,1016,2,36000,1.13090551181
74621,74757,75556,136,799,2,36000,1.17021276596
74623,74764,75747,141,983,2,36000,1.14343845371
74624,74769,75663,145,894,2,36000,1.16219239374
74626,74774,75654,148,880,2,36000,1.16818181818
74627,74779,75807,152,1028,2,36000,1.14785992218
74629,74784,75858,155,1074,2,36000,1.14432029795
74630,74790,75758,160,968,2,36000,1.1652892562
74631,74795,76350,164,1555,2,36000,1.10546623794
74854,74860,75926,6,1066,2,36000,1.00562851782
74855,74866,76067,11,1201,2,36000,1.00915903414
74857,74871,76128,14,1257,2,36000,1.01113762928
74858,74876,76271,18,1395,2,36000,1.01290322581
74859,74882,76416,23,1534,2,36000,1.0149934811
74861,74887,75919,26,1032,2,36000,1.02519379845
74862,74893,76418,31,1525,2,36000,1.02032786885
74863,74898,76354,35,1456,2,36000,1.02403846154
74865,74903,76350,38,1447,2,36000,1.02626123013
74866,74909,76349,43,1440,2,36000,1.02986111111
74867,74914,75850,47,936,2,36000,1.05021367521
74869,74921,76417,52,1496,2,36000,1.03475935829
74870,74926,75934,56,1008,2,36000,1.05555555556
74872,74931,76413,59,1482,2,36000,1.03981106613
74873,74936,76138,63,1202,2,36000,1.05241264559
74874,74941,76352,67,1411,2,36000,1.04748405386
74876,74947,75923,71,976,2,36000,1.07274590164
74877,74952,76143,75,1191,2,36000,1.06297229219
74878,74957,76360,79,1403,2,36000,1.05630791162
74881,74962,75949,81,987,2,36000,1.0820668693
74883,74967,76409,84,1442,2,36000,1.05825242718
74884,74973,76412,89,1439,2,36000,1.06184850591
74886,74978,75924,92,946,2,36000,1.09725158562
74891,74984,75969,93,985,2,36000,1.09441624365
74892,74990,76352,98,1362,2,36000,1.07195301028
74894,74996,75974,102,978,2,36000,1.10429447853
74895,75001,76113,106,1112,2,36000,1.09532374101
74896,75018,75869,122,851,2,36000,1.14336075206
74898,75068,76341,170,1273,2,36000,1.13354281225
74899,75178,76459,279,1281,2,36000,1.21779859485
75352,75359,76445,7,1086,2,36000,1.00644567219
75354,75365,76418,11,1053,2,36000,1.01044634378
75355,75370,76470,15,1100,2,36000,1.01363636364
75357,75375,76521,18,1146,2,36000,1.01570680628
75358,75380,76339,22,959,2,36000,1.02294056309
75359,75386,76434,27,1048,2,36000,1.02576335878
75361,75392,76465,31,1073,2,36000,1.02889095993
75362,75397,76492,35,1095,2,36000,1.03196347032
75364,75402,76447,38,1045,2,36000,1.03636363636
75365,75408,76414,43,1006,2,36000,1.04274353877
75366,75413,76615,47,1202,2,36000,1.0391014975
75368,75418,76451,50,1033,2,36000,1.04840271055
75369,75423,76419,54,996,2,36000,1.05421686747
75370,75428,76478,58,1050,2,36000,1.05523809524
75372,75434,76445,62,1011,2,36000,1.06132542038
75373,75439,76685,66,1246,2,36000,1.05296950241
75374,75444,76449,70,1005,2,36000,1.06965174129
75376,75449,76766,73,1317,2,36000,1.05542900532
75377,75455,76453,78,998,2,36000,1.07815631263
75378,75460,76440,82,980,2,36000,1.08367346939
75380,75465,76448,85,983,2,36000,1.08646998983
75381,75470,76524,89,1054,2,36000,1.0844402277
75382,75475,76514,93,1039,2,36000,1.08950914341
75384,75481,76455,97,974,2,36000,1.09958932238
75385,75486,76458,101,972,2,36000,1.10390946502
75386,75491,76775,105,1284,2,36000,1.08177570093
75388,75497,76444,109,947,2,36000,1.11510031679
75389,75503,76450,114,947,2,36000,1.12038014784
75391,75508,76433,117,925,2,36000,1.12648648649
75392,75513,76454,121,941,2,36000,1.12858660999
75393,75518,76775,125,1257,2,36000,1.09944311854
75394,75524,76571,130,1047,2,36000,1.12416427889
75875,75882,77095,7,1213,2,36000,1.00577081616
75877,75888,77198,11,1310,2,36000,1.00839694656
75879,75893,77113,14,1220,2,36000,1.01147540984
75880,75898,77013,18,1115,2,36000,1.01614349776
75882,75904,77109,22,1205,2,36000,1.01825726141
75883,75910,77103,27,1193,2,36000,1.02263202012
75885,75915,77097,30,1182,2,36000,1.02538071066
75886,75920,77223,34,1303,2,36000,1.02609363008
75887,75925,77094,38,1169,2,36000,1.03250641574
75889,75931,77093,42,1162,2,36000,1.03614457831
75890,75936,77098,46,1162,2,36000,1.0395869191
75891,75941,77099,50,1158,2,36000,1.04317789292
75893,75946,77097,53,1151,2,36000,1.04604691573
75894,75952,77102,58,1150,2,36000,1.05043478261
75896,75957,77105,61,1148,2,36000,1.0531358885
75897,75962,77111,65,1149,2,36000,1.05657093124
75899,75967,77370,68,1403,2,36000,1.04846756949
75900,75972,77111,72,1139,2,36000,1.06321334504
75901,75978,77254,77,1276,2,36000,1.06034482759
75903,75983,77369,80,1386,2,36000,1.05772005772
75904,75988,77135,84,1147,2,36000,1.07323452485
75906,75995,77595,89,1600,2,36000,1.055625
75907,76000,77146,93,1146,2,36000,1.08115183246
75908,76005,77107,97,1102,2,36000,1.08802177858
75910,76011,77108,101,1097,2,36000,1.09206927985
75911,76016,77238,105,1222,2,36000,1.08592471358
75912,76021,77110,109,1089,2,36000,1.10009182736
75914,76026,77115,112,1089,2,36000,1.1028466483
75915,76031,77220,116,1189,2,36000,1.09756097561
75917,76037,77112,120,1075,2,36000,1.11162790698
75918,76042,77290,124,1248,2,36000,1.09935897436
75920,76047,77252,127,1205,2,36000,1.10539419087
75921,76052,77381,131,1329,2,36000,1.09857035365
75922,76057,77144,135,1087,2,36000,1.1241950322
75924,76063,77106,139,1043,2,36000,1.13326941515
75925,76068,77114,143,1046,2,36000,1.13671128107
75926,76073,77251,147,1178,2,36000,1.12478777589
75928,76078,77100,150,1022,2,36000,1.14677103718
75929,76083,77381,154,1298,2,36000,1.1186440678
75930,76089,77379,159,1290,2,36000,1.12325581395
76502,76508,77992,6,1484,2,36000,1.00404312668
76504,76514,77488,10,974,2,36000,1.01026694045
76505,76519,77690,14,1171,2,36000,1.01195559351
76506,76524,77860,18,1336,2,36000,1.01347305389
76508,76530,78035,22,1505,2,36000,1.0146179402
76509,76536,77788,27,1252,2,36000,1.02156549521
76510,76541,77895,31,1354,2,36000,1.02289512555
76512,76547,77457,35,910,2,36000,1.03846153846
76513,76552,77499,39,947,2,36000,1.04118268215
76515,76557,77519,42,962,2,36000,1.04365904366
76516,76562,77612,46,1050,2,36000,1.04380952381
76517,76568,77894,51,1326,2,36000,1.03846153846
76519,76573,77734,54,1161,2,36000,1.04651162791
76520,76578,77713,58,1135,2,36000,1.05110132159
76521,76583,78018,62,1435,2,36000,1.04320557491
76523,76588,77959,65,1371,2,36000,1.04741064916
76524,76594,77933,70,1339,2,36000,1.05227781927
76525,76599,78067,74,1468,2,36000,1.05040871935
76527,76604,77724,77,1120,2,36000,1.06875
76528,76609,77992,81,1383,2,36000,1.05856832972
76529,76614,78043,85,1429,2,36000,1.05948215535
76531,76621,77968,90,1347,2,36000,1.06681514477
76532,76626,77613,94,987,2,36000,1.09523809524
76533,76631,77933,98,1302,2,36000,1.0752688172
76535,76637,77696,102,1059,2,36000,1.09631728045
76536,76642,78240,106,1598,2,36000,1.06633291615
76537,76647,77688,110,1041,2,36000,1.10566762728
76539,76652,77742,113,1090,2,36000,1.10366972477
76540,76657,77646,117,989,2,36000,1.11830131446
76541,76663,78046,122,1383,2,36000,1.08821402748
76543,76668,77697,125,1029,2,36000,1.12147716229
76544,76673,77726,129,1053,2,36000,1.12250712251
76545,76678,77900,133,1222,2,36000,1.10883797054
76547,76684,78206,137,1522,2,36000,1.0900131406
76548,76689,77990,141,1301,2,36000,1.10837817064
76549,76694,78061,145,1367,2,36000,1.10607168983
76551,76699,77679,148,980,2,36000,1.15102040816
76552,76704,77967,152,1263,2,36000,1.12034837688
76553,76710,77673,157,963,2,36000,1.16303219107
76555,76715,77533,160,818,2,36000,1.195599022
76556,76720,77819,164,1099,2,36000,1.14922656961
76557,76725,78025,168,1300,2,36000,1.12923076923
76559,76730,77861,171,1131,2,36000,1.15119363395
76560,76736,77944,176,1208,2,36000,1.14569536424
76561,76741,78285,180,1544,2,36000,1.11658031088
76563,76746,77753,183,1007,2,36000,1.18172790467
76564,76751,77959,187,1208,2,36000,1.1548013245
76566,76756,77645,190,889,2,36000,1.21372328459
76567,76762,77751,195,989,2,36000,1.19716885743
76569,76767,77795,198,1028,2,36000,1.19260700389
76570,76772,77951,202,1179,2,36000,1.17133163698
76572,76777,77752,205,975,2,36000,1.21025641026
76573,76782,77692,209,910,2,36000,1.22967032967
76575,76788,77750,213,962,2,36000,1.22141372141
76576,76793,77687,217,894,2,36000,1.24272930649
76577,76798,77896,221,1098,2,36000,1.20127504554
76579,76804,77718,225,914,2,36000,1.24617067834
76580,76810,77827,230,1017,2,36000,1.2261553589
76582,76816,77976,234,1160,2,36000,1.20172413793
76583,76821,77920,238,1099,2,36000,1.21656050955
77135,77141,78456,6,1315,2,36000,1.00456273764
77137,77147,78198,10,1051,2,36000,1.00951474786
77138,77152,78086,14,934,2,36000,1.01498929336
77139,77158,78060,19,902,2,36000,1.02106430155
77141,77163,77955,22,792,2,36000,1.02777777778
77142,77169,78479,27,1310,2,36000,1.02061068702
77143,77174,78238,31,1064,2,36000,1.02913533835
77145,77179,77997,34,818,2,36000,1.04156479218
77146,77184,78073,38,889,2,36000,1.04274465692
77147,77190,78239,43,1049,2,36000,1.0409914204
77149,77195,78279,46,1084,2,36000,1.04243542435
77150,77200,78017,50,817,2,36000,1.0611995104
77151,77205,78096,54,891,2,36000,1.06060606061
77153,77210,78377,57,1167,2,36000,1.04884318766
77154,77216,78192,62,976,2,36000,1.06352459016
77155,77221,78392,66,1171,2,36000,1.05636208369
77156,77226,78056,70,830,2,36000,1.0843373494
77158,77231,78036,73,805,2,36000,1.09068322981
77159,77236,78325,77,1089,2,36000,1.07070707071
77160,77242,78235,82,993,2,36000,1.08257804632
77162,77247,78490,85,1243,2,36000,1.06838294449
77163,77252,78212,89,960,2,36000,1.09270833333
77164,77258,78122,94,864,2,36000,1.1087962963
77166,77264,78414,98,1150,2,36000,1.0852173913
77167,77269,78324,102,1055,2,36000,1.09668246445
77168,77274,78163,106,889,2,36000,1.11923509561
77170,77279,78206,109,927,2,36000,1.11758360302
77171,77284,78262,113,978,2,36000,1.11554192229
77172,77290,78189,118,899,2,36000,1.13125695217
77174,77295,78380,121,1085,2,36000,1.11152073733
77175,77300,78519,125,1219,2,36000,1.10254306809
77176,77305,78251,129,946,2,36000,1.13636363636
77178,77311,78276,133,965,2,36000,1.1378238342
77650,77656,78681,6,1025,2,36000,1.00585365854
77651,77662,78524,11,862,2,36000,1.01276102088
77653,77667,78932,14,1265,2,36000,1.01106719368
77654,77673,78543,19,870,2,36000,1.02183908046
77655,77678,78888,23,1210,2,36000,1.01900826446
77657,77683,78500,26,817,2,36000,1.03182374541
77658,77689,78628,31,939,2,36000,1.03301384452
77659,77694,79163,35,1469,2,36000,1.02382573179
77661,77700,78621,39,921,2,36000,1.04234527687
77662,77705,79005,43,1300,2,36000,1.03307692308
77663,77710,78736,47,1026,2,36000,1.04580896686
77665,77715,78681,50,966,2,36000,1.05175983437
77666,77720,78601,54,881,2,36000,1.06129398411
77667,77726,78781,59,1055,2,36000,1.05592417062
77669,77731,78746,62,1015,2,36000,1.06108374384
77670,77736,78566,66,830,2,36000,1.07951807229
77671,77741,78681,70,940,2,36000,1.07446808511
77673,77746,78903,73,1157,2,36000,1.06309420916
77674,77752,78739,78,987,2,36000,1.07902735562
77676,77759,78694,83,935,2,36000,1.08877005348
77677,77764,78825,87,1061,2,36000,1.08199811499
77679,77770,78705,91,935,2,36000,1.09732620321
77680,77775,79099,95,1324,2,36000,1.07175226586
77681,77780,78702,99,922,2,36000,1.10737527115
77683,77785,78811,102,1026,2,36000,1.09941520468
77727,77790,78779,63,989,2,36000,1.06370070779
77728,77796,78644,68,848,2,36000,1.08018867925
77729,77801,78834,72,1033,2,36000,1.06969990319
77731,77806,79207,75,1401,2,36000,1.05353319058
77732,77811,78750,79,939,2,36000,1.08413205538
77733,77816,79002,83,1186,2,36000,1.06998313659
77735,77822,78913,87,1091,2,36000,1.07974335472
77736,77829,78708,93,879,2,36000,1.10580204778
77737,77834,79004,97,1170,2,36000,1.08290598291
77739,77839,78848,100,1009,2,36000,1.09910802775
77740,77844,78696,104,852,2,36000,1.1220657277
77742,77850,78699,108,849,2,36000,1.12720848057
78052,78058,79271,6,1213,2,36000,1.00494641385
78054,78064,78912,10,848,2,36000,1.01179245283
78055,78069,78908,14,839,2,36000,1.01668653159
78059,78075,79001,16,926,2,36000,1.01727861771
78060,78081,79218,21,1137,2,36000,1.01846965699
78062,78086,79210,24,1124,2,36000,1.02135231317
78063,78091,79176,28,1085,2,36000,1.02580645161
78067,78096,79217,29,1121,2,36000,1.02586975914
78068,78101,79003,33,902,2,36000,1.03658536585
78069,78107,79349,38,1242,2,36000,1.0305958132
78072,78113,78855,41,742,2,36000,1.05525606469
78076,78119,79157,43,1038,2,36000,1.04142581888
78079,78124,79177,45,1053,2,36000,1.04273504274
78080,78129,79347,49,1218,2,36000,1.04022988506
78081,78134,79212,53,1078,2,36000,1.04916512059
78083,78139,79318,56,1179,2,36000,1.04749787956
78086,78145,79344,59,1199,2,36000,1.04920767306
78088,78150,79314,62,1164,2,36000,1.05326460481
78089,78155,79215,66,1060,2,36000,1.06226415094
78090,78160,79350,70,1190,2,36000,1.05882352941
78092,78166,79351,74,1185,2,36000,1.06244725738
78093,78171,79207,78,1036,2,36000,1.07528957529
78095,78176,79405,81,1229,2,36000,1.06590724166
78096,78181,79316,85,1135,2,36000,1.07488986784
78098,78186,79382,88,1196,2,36000,1.07357859532
78101,78192,79423,91,1231,2,36000,1.07392363932
78102,78197,79439,95,1242,2,36000,1.07648953301
78104,78202,79158,98,956,2,36000,1.10251046025
78113,78208,79245,95,1037,2,36000,1.09161041466
78114,78213,79318,99,1105,2,36000,1.08959276018
78116,78219,79214,103,995,2,36000,1.10351758794
78117,78224,79502,107,1278,2,36000,1.08372456964
78118,78229,79555,111,1326,2,36000,1.08371040724
78121,78234,79219,113,985,2,36000,1.11472081218
78123,78240,79274,117,1034,2,36000,1.11315280464
78286,78292,79253,6,961,2,36000,1.00624349636
78288,78298,79430,10,1132,2,36000,1.00883392226
78289,78303,79387,14,1084,2,36000,1.01291512915
78290,78309,79460,19,1151,2,36000,1.01650738488
78291,78314,79442,23,1128,2,36000,1.02039007092
78293,78320,79447,27,1127,2,36000,1.02395740905
78294,78325,79318,31,993,2,36000,1.03121852971
78295,78330,79276,35,946,2,36000,1.03699788584
78297,78335,79218,38,883,2,36000,1.04303510759
78298,78340,79347,42,1007,2,36000,1.04170804369
78299,78346,79443,47,1097,2,36000,1.04284412033
78301,78351,79388,50,1037,2,36000,1.04821600771
78302,78356,79352,54,996,2,36000,1.05421686747
78303,78361,79272,58,911,2,36000,1.06366630077
78305,78366,79317,61,951,2,36000,1.06414300736
78306,78372,79315,66,943,2,36000,1.06998939555
78307,78377,79346,70,969,2,36000,1.07223942208
78309,78382,79762,73,1380,2,36000,1.05289855072
78310,78387,79270,77,883,2,36000,1.08720271801
78311,78392,79275,81,883,2,36000,1.09173272933
78313,78421,79358,108,937,2,36000,1.11526147279
78314,78399,79345,85,946,2,36000,1.08985200846
78318,78405,79357,87,952,2,36000,1.09138655462
78319,78410,79753,91,1343,2,36000,1.06775874907
78320,78415,79383,95,968,2,36000,1.09814049587
78322,78429,79765,107,1336,2,36000,1.08008982036
78324,78472,79367,148,895,2,36000,1.16536312849
78761,78767,80169,6,1402,2,36000,1.00427960057
78762,78773,80075,11,1302,2,36000,1.00844854071
78764,78778,79913,14,1135,2,36000,1.01233480176
78765,78784,80005,19,1221,2,36000,1.01556101556
78767,78789,80197,22,1408,2,36000,1.015625
78768,78795,79901,27,1106,2,36000,1.02441229656
78769,78800,80144,31,1344,2,36000,1.02306547619
78771,78806,79832,35,1026,2,36000,1.03411306043
78772,78811,79797,39,986,2,36000,1.03955375254
78773,78816,79764,43,948,2,36000,1.04535864979
78774,78821,79908,47,1087,2,36000,1.04323827047
78776,78826,80199,50,1373,2,36000,1.03641660597
78777,78832,80132,55,1300,2,36000,1.04230769231
78779,78837,80165,58,1328,2,36000,1.0436746988
78780,78842,79900,62,1058,2,36000,1.05860113422
78781,78847,80226,66,1379,2,36000,1.04786076867
78783,78852,80045,69,1193,2,36000,1.05783738474
78784,78858,79787,74,929,2,36000,1.0796555436
78785,78863,79811,78,948,2,36000,1.08227848101
78787,78868,79869,81,1001,2,36000,1.08091908092
78788,78873,79834,85,961,2,36000,1.08844953174
78789,78878,80176,89,1298,2,36000,1.06856702619
78791,78886,79868,95,982,2,36000,1.0967413442
78792,78891,79842,99,951,2,36000,1.10410094637
78793,78896,79922,103,1026,2,36000,1.10038986355
78795,78901,79997,106,1096,2,36000,1.09671532847
78796,78906,79843,110,937,2,36000,1.1173959445
78797,78912,79988,115,1076,2,36000,1.10687732342
78799,78917,79987,118,1070,2,36000,1.11028037383
78800,78922,80041,122,1119,2,36000,1.109025916
78801,78927,79975,126,1048,2,36000,1.12022900763
78850,78934,79823,84,889,2,36000,1.09448818898
78851,78940,80111,89,1171,2,36000,1.07600341588
78852,78945,80132,93,1187,2,36000,1.07834877843
78854,78950,79968,96,1018,2,36000,1.09430255403
78855,78955,80177,100,1222,2,36000,1.08183306056
78856,78962,79949,106,987,2,36000,1.10739614995
79174,79180,80240,6,1060,2,36000,1.00566037736
79206,79212,80540,6,1328,2,36000,1.00451807229
79269,79275,80321,6,1046,2,36000,1.00573613767
79314,79321,80672,7,1351,2,36000,1.00518134715
79344,79350,80606,6,1256,2,36000,1.00477707006
79345,79356,80356,11,1000,2,36000,1.011
79347,79361,80510,14,1149,2,36000,1.01218450827
79349,79367,80509,18,1142,2,36000,1.01576182137
79350,79372,80435,22,1063,2,36000,1.02069614299
79351,79379,80564,28,1185,2,36000,1.02362869198
79353,79384,80381,31,997,2,36000,1.03109327984
79354,79389,80242,35,853,2,36000,1.04103165299
79355,79394,80788,39,1394,2,36000,1.02797704448
79425,79431,79440,6,9,1,172800,1.5
79460,79466,80500,6,1034,2,36000,1.00580270793
79461,79472,80477,11,1005,2,36000,1.01094527363
79462,79477,80684,15,1207,2,36000,1.01242750621
79464,79483,80701,19,1218,2,36000,1.01559934319
79465,79488,80619,23,1131,2,36000,1.02033598585
79466,79493,80450,27,957,2,36000,1.02821316614
79468,79499,80527,31,1028,2,36000,1.03015564202
79469,79504,80483,35,979,2,36000,1.03575076609
79470,79510,80396,40,886,2,36000,1.04514672686
79472,79515,80479,43,964,2,36000,1.04460580913
79473,79520,80416,47,896,2,36000,1.05245535714
79474,79525,80533,51,1008,2,36000,1.0505952381
79476,79530,80984,54,1454,2,36000,1.0371389271
79479,79536,80860,57,1324,2,36000,1.04305135952
79480,79541,80415,61,874,2,36000,1.06979405034
79482,79546,80434,64,888,2,36000,1.07207207207
79483,79551,80426,68,875,2,36000,1.07771428571
79485,79557,80405,72,848,2,36000,1.08490566038
79486,79562,80382,76,820,2,36000,1.09268292683
79487,79567,80570,80,1003,2,36000,1.07976071785
79488,79572,80383,84,811,2,36000,1.10357583231
79490,79577,80551,87,974,2,36000,1.08932238193
79491,79583,80511,92,928,2,36000,1.09913793103
79493,79588,80698,95,1110,2,36000,1.08558558559
79495,79594,80541,99,947,2,36000,1.1045406547
79497,79599,80546,102,947,2,36000,1.10770855333
79499,79605,80634,106,1029,2,36000,1.10301263362
79500,79610,80625,110,1015,2,36000,1.10837438424
79502,79615,80512,113,897,2,36000,1.1259754738
79507,79620,80567,113,947,2,36000,1.11932418163
79509,79625,80756,116,1131,2,36000,1.10256410256
79510,79631,80695,121,1064,2,36000,1.11372180451
79518,79636,80808,118,1172,2,36000,1.10068259386
79519,79641,80584,122,943,2,36000,1.12937433722
79520,79646,80590,126,944,2,36000,1.13347457627
79522,79651,80587,129,936,2,36000,1.13782051282
79523,79657,80708,134,1051,2,36000,1.12749762131
79524,79662,80617,138,955,2,36000,1.1445026178
79526,79667,80629,141,962,2,36000,1.14656964657
79527,79672,80573,145,901,2,36000,1.16093229745
79528,79677,80981,149,1304,2,36000,1.11426380368
79530,79683,80671,153,988,2,36000,1.1548582996
79531,79688,80650,157,962,2,36000,1.1632016632
79533,79693,80676,160,983,2,36000,1.16276703967
79534,79698,80561,164,863,2,36000,1.19003476246
79541,79703,80571,162,868,2,36000,1.1866359447
79543,79709,80788,166,1079,2,36000,1.15384615385
79544,79714,80681,170,967,2,36000,1.17580144778
79545,79719,80582,174,863,2,36000,1.20162224797
79547,79766,80590,219,824,2,36000,1.26577669903
79549,79774,80826,225,1052,2,36000,1.213878327
79550,79781,81072,231,1291,2,36000,1.17893106119
79551,79787,80847,236,1060,2,36000,1.22264150943
79553,79798,80918,245,1120,2,36000,1.21875
79946,79952,81022,6,1070,2,36000,1.00560747664
79947,79958,80983,11,1025,2,36000,1.01073170732
79949,79963,81042,14,1079,2,36000,1.01297497683
79950,79968,81063,18,1095,2,36000,1.01643835616
79952,79974,81075,22,1101,2,36000,1.0199818347
79953,79980,80851,27,871,2,36000,1.03099885189
79954,79986,80979,32,993,2,36000,1.03222557905
79956,79991,81272,35,1281,2,36000,1.02732240437
79957,79996,80827,39,831,2,36000,1.04693140794
79958,80001,80865,43,864,2,36000,1.04976851852
79960,80006,81161,46,1155,2,36000,1.03982683983
79961,80012,80831,51,819,2,36000,1.06227106227
79962,80017,81129,55,1112,2,36000,1.04946043165
79964,80022,80980,58,958,2,36000,1.06054279749
79965,80027,81028,62,1001,2,36000,1.06193806194
79966,80032,81019,66,987,2,36000,1.06686930091
79968,80039,81213,71,1174,2,36000,1.0604770017
79969,80050,81168,81,1118,2,36000,1.07245080501
79971,80055,81266,84,1211,2,36000,1.06936416185
79972,80060,81239,88,1179,2,36000,1.07463952502
79973,80066,80993,93,927,2,36000,1.1003236246
80027,80045,80987,18,942,2,36000,1.01910828025
80028,80089,81367,61,1278,2,36000,1.04773082942
80029,80134,81029,105,895,2,36000,1.11731843575
80031,80148,81705,117,1557,2,36000,1.07514450867
80032,80154,81236,122,1082,2,36000,1.11275415896
80033,80167,81043,134,876,2,36000,1.15296803653
80035,80071,81030,36,959,2,36000,1.03753910323
80200,80206,81221,6,1015,2,36000,1.00591133005
80201,80218,81099,17,881,2,36000,1.01929625426
80201,80212,80313,11,101,1,172800,1.10891089109
80203,80223,80952,20,729,2,36000,1.02743484225
80204,80228,81473,24,1245,2,36000,1.01927710843
80205,80241,81104,36,863,2,36000,1.04171494786
80207,80234,81103,27,869,2,36000,1.03107019563
80208,80251,81191,43,940,2,36000,1.04574468085
80209,80258,81322,49,1064,2,36000,1.04605263158
80211,80323,81139,112,816,2,36000,1.13725490196
80212,80333,81199,121,866,2,36000,1.13972286374
80213,80369,81711,156,1342,2,36000,1.11624441133
80505,80511,81522,6,1011,2,36000,1.0059347181
80506,80517,81442,11,925,2,36000,1.01189189189
80508,80522,81732,14,1210,2,36000,1.01157024793
80509,80527,81658,18,1131,2,36000,1.01591511936
80511,80533,81702,22,1169,2,36000,1.01881950385
80512,80539,81819,27,1280,2,36000,1.02109375
80514,80544,81713,30,1169,2,36000,1.02566295979
80515,80550,81526,35,976,2,36000,1.03586065574
80516,80555,81732,39,1177,2,36000,1.03313508921
80518,80560,81754,42,1194,2,36000,1.0351758794
80519,80565,81655,46,1090,2,36000,1.04220183486
80520,80570,81461,50,891,2,36000,1.05611672278
80522,80576,81373,54,797,2,36000,1.06775407779
80523,80581,81725,58,1144,2,36000,1.0506993007
80524,80586,81968,62,1382,2,36000,1.04486251809
80526,80591,81723,65,1132,2,36000,1.0574204947
80527,80596,82242,69,1646,2,36000,1.04191980559
80529,80602,81775,73,1173,2,36000,1.06223358909
80530,80607,81727,77,1120,2,36000,1.06875
80532,80612,81726,80,1114,2,36000,1.07181328546
80533,80619,81782,86,1163,2,36000,1.0739466896
80599,80625,81621,26,996,2,36000,1.02610441767
80600,80630,81988,30,1358,2,36000,1.02209131075
80602,80635,81720,33,1085,2,36000,1.03041474654
80603,80640,81717,37,1077,2,36000,1.03435468895
80605,80646,81720,41,1074,2,36000,1.03817504655
80607,80651,81973,44,1322,2,36000,1.03328290469
80608,80656,81982,48,1326,2,36000,1.03619909502
80609,80661,81728,52,1067,2,36000,1.04873477038
80611,80666,81723,55,1057,2,36000,1.05203405866
80613,80672,81720,59,1048,2,36000,1.05629770992
80614,80679,81718,65,1039,2,36000,1.06256015399
80616,80684,81748,68,1064,2,36000,1.06390977444
80618,80689,81975,71,1286,2,36000,1.05520995334
80620,80694,81487,74,793,2,36000,1.09331651955
80624,80699,81728,75,1029,2,36000,1.07288629738
80626,80705,81731,79,1026,2,36000,1.07699805068
80629,80710,81730,81,1020,2,36000,1.07941176471
80631,80715,81747,84,1032,2,36000,1.08139534884
80632,80720,81724,88,1004,2,36000,1.08764940239
80633,80725,81729,92,1004,2,36000,1.09163346614
80635,80731,81734,96,1003,2,36000,1.09571286142
80636,80736,82099,100,1363,2,36000,1.07336757153
81054,81060,81974,6,914,2,36000,1.00656455142
81056,81066,82010,10,944,2,36000,1.01059322034
81057,81071,82293,14,1222,2,36000,1.01145662848
81058,81076,82178,18,1102,2,36000,1.01633393829
81060,81082,82241,22,1159,2,36000,1.01898188093
81062,81093,82179,31,1086,2,36000,1.02854511971
81063,81098,82175,35,1077,2,36000,1.03249767874
81065,81103,81987,38,884,2,36000,1.04298642534
81066,81088,181644,22,100556,1,172800,1.00021878356
81066,81109,82280,43,1171,2,36000,1.03672075149
81068,81114,82633,46,1519,2,36000,1.03028308097
81069,81119,82176,50,1057,2,36000,1.04730368969
81071,81124,82140,53,1016,2,36000,1.05216535433
81072,81129,82751,57,1622,2,36000,1.03514180025
81074,81135,82160,61,1025,2,36000,1.05951219512
81075,81140,82162,65,1022,2,36000,1.06360078278
81076,81145,82229,69,1084,2,36000,1.06365313653
81078,81150,82454,72,1304,2,36000,1.05521472393
81079,81155,82462,76,1307,2,36000,1.05814843152
81080,81161,82331,81,1170,2,36000,1.06923076923
81082,81166,82307,84,1141,2,36000,1.0736196319
81083,81173,82158,90,985,2,36000,1.09137055838
81085,81178,82324,93,1146,2,36000,1.08115183246
81086,81183,82337,97,1154,2,36000,1.08405545927
81087,81188,82456,101,1268,2,36000,1.07965299685
81089,81193,82569,104,1376,2,36000,1.07558139535
81090,81199,82609,109,1410,2,36000,1.07730496454
81091,81204,82159,113,955,2,36000,1.11832460733
81093,81209,82230,116,1021,2,36000,1.11361410382
81094,81214,82157,120,943,2,36000,1.12725344645
81095,81219,82176,124,957,2,36000,1.12957157785
81097,81225,82346,128,1121,2,36000,1.1141837645
81099,81230,82335,131,1105,2,36000,1.1185520362
81100,81235,82446,135,1211,2,36000,1.11147811726
81101,81240,82186,139,946,2,36000,1.14693446089
81103,81246,82528,143,1282,2,36000,1.11154446178
81104,81251,82532,147,1281,2,36000,1.11475409836
81106,81256,82332,150,1076,2,36000,1.13940520446
81107,81261,82325,154,1064,2,36000,1.14473684211
81108,81266,82523,158,1257,2,36000,1.12569610183
81110,81272,82326,162,1054,2,36000,1.15370018975
81111,81277,82565,166,1288,2,36000,1.12888198758
81112,81282,82263,170,981,2,36000,1.17329255861
81114,81287,82743,173,1456,2,36000,1.11881868132
81292,81298,82413,6,1115,2,36000,1.00538116592
81293,81304,82726,11,1422,2,36000,1.00773558368
81295,81309,82196,14,887,2,36000,1.01578354002
81296,81315,82320,19,1005,2,36000,1.01890547264
81297,81320,82343,23,1023,2,36000,1.02248289345
81310,81326,82344,16,1018,2,36000,1.01571709234
81312,81331,82351,19,1020,2,36000,1.01862745098
81313,81337,82305,24,968,2,36000,1.02479338843
81314,81342,82424,28,1082,2,36000,1.0258780037
81315,81347,82286,32,939,2,36000,1.03407880724
81317,81353,82427,36,1074,2,36000,1.03351955307
81318,81379,82658,61,1279,2,36000,1.04769351056
81319,81386,82452,67,1066,2,36000,1.06285178236
81321,81454,82683,133,1229,2,36000,1.10821806347
81323,81478,82512,155,1034,2,36000,1.1499032882
81324,81490,82615,166,1125,2,36000,1.14755555556
81326,81501,82418,175,917,2,36000,1.19083969466
81737,81743,82911,6,1168,2,36000,1.0051369863
81738,81749,82895,11,1146,2,36000,1.00959860384
81740,81754,82707,14,953,2,36000,1.01469045121
81741,81760,82764,19,1004,2,36000,1.01892430279
81742,81765,83002,23,1237,2,36000,1.01859337106
81744,81770,82633,26,863,2,36000,1.03012746234
81745,81776,82709,31,933,2,36000,1.0332261522
81747,81782,82809,35,1027,2,36000,1.03407984421
81748,81787,82632,39,845,2,36000,1.04615384615
81749,81792,83447,43,1655,2,36000,1.02598187311
81751,81797,82710,46,913,2,36000,1.05038335159
81752,81802,82724,50,922,2,36000,1.05422993492
81753,81808,82901,55,1093,2,36000,1.05032021958
81755,81813,82953,58,1140,2,36000,1.05087719298
81756,81818,82616,62,798,2,36000,1.07769423559
81757,81823,83121,66,1298,2,36000,1.05084745763
81759,81828,82676,69,848,2,36000,1.08136792453
81760,81834,82915,74,1081,2,36000,1.06845513414
81761,81839,82943,78,1104,2,36000,1.07065217391
81763,81844,82981,81,1137,2,36000,1.07124010554
81764,81849,82926,85,1077,2,36000,1.07892293408
81765,81855,83074,90,1219,2,36000,1.07383100902
81767,81860,82821,93,961,2,36000,1.09677419355
81768,81865,82794,97,929,2,36000,1.10441334769
81769,81870,82942,101,1072,2,36000,1.09421641791
81771,81875,83122,104,1247,2,36000,1.08340016038
81772,81881,82786,109,905,2,36000,1.12044198895
81773,81887,82853,114,966,2,36000,1.11801242236
81775,81892,83291,117,1399,2,36000,1.08363116512
81776,81897,82924,121,1027,2,36000,1.11781888997
81777,81902,83076,125,1174,2,36000,1.10647359455
81779,81907,83137,128,1230,2,36000,1.10406504065
81781,81913,83151,132,1238,2,36000,1.10662358643
81782,81918,82830,136,912,2,36000,1.14912280702
81784,81979,82955,195,976,2,36000,1.19979508197
81785,81985,83390,200,1405,2,36000,1.14234875445
82215,82221,131290,6,49069,1,576000,1.00012227679
82293,82299,83443,6,1144,2,36000,1.00524475524
82294,82305,83119,11,814,2,36000,1.01351351351
82296,82310,83416,14,1106,2,36000,1.01265822785
82297,82315,83415,18,1100,2,36000,1.01636363636
82298,82321,83458,23,1137,2,36000,1.02022867194
82300,82327,83427,27,1100,2,36000,1.02454545455
82302,82332,83124,30,792,2,36000,1.03787878788
82303,82337,83391,34,1054,2,36000,1.03225806452
82305,82342,83404,37,1062,2,36000,1.03483992467
82306,82347,83553,41,1206,2,36000,1.03399668325
82307,82353,83457,46,1104,2,36000,1.04166666667
82309,82358,83120,49,762,2,36000,1.06430446194
82310,82363,83393,53,1030,2,36000,1.05145631068
82311,82368,83385,57,1017,2,36000,1.05604719764
82313,82374,83554,61,1180,2,36000,1.05169491525
82314,82379,83438,65,1059,2,36000,1.06137865911
82315,82384,83227,69,843,2,36000,1.08185053381
82317,82389,83440,72,1051,2,36000,1.06850618459
82318,82394,83446,76,1052,2,36000,1.07224334601
82319,82400,83476,81,1076,2,36000,1.07527881041
82321,82405,83197,84,792,2,36000,1.10606060606
82322,82417,83434,95,1017,2,36000,1.09341199607
82323,82423,83434,100,1011,2,36000,1.09891196835
82325,82428,83452,103,1024,2,36000,1.1005859375
82326,82433,83437,107,1004,2,36000,1.10657370518
82327,82438,83445,111,1007,2,36000,1.11022840119
82329,82444,83392,115,948,2,36000,1.12130801688
82330,82449,83488,119,1039,2,36000,1.114533205
82332,82454,83439,122,985,2,36000,1.12385786802
82333,82459,83693,126,1234,2,36000,1.10210696921
82334,82464,83432,130,968,2,36000,1.13429752066
82336,82470,83416,134,946,2,36000,1.14164904863
82337,82475,83439,138,964,2,36000,1.14315352697
82338,82480,83430,142,950,2,36000,1.14947368421
82340,82485,83684,145,1199,2,36000,1.12093411176
82341,82490,83561,149,1071,2,36000,1.13912231559
82383,82412,131317,29,48905,1,576000,1.0005929864
82794,82801,112265,7,29464,32,356400,1.00023757806
82888,82894,84129,6,1235,2,36000,1.0048582996
82889,82900,84033,11,1133,2,36000,1.00970873786
82890,82905,84161,15,1256,2,36000,1.01194267516
82892,82911,84045,19,1134,2,36000,1.01675485009
82893,82916,84032,23,1116,2,36000,1.020609319
82895,82921,84028,26,1107,2,36000,1.02348690154
82896,82927,84047,31,1120,2,36000,1.02767857143
82897,82932,84472,35,1540,2,36000,1.02272727273
82899,82938,84194,39,1256,2,36000,1.03105095541
82900,82943,83759,43,816,2,36000,1.05269607843
82901,82948,84025,47,1077,2,36000,1.04363974002
82903,82953,84033,50,1080,2,36000,1.0462962963
82904,82959,84038,55,1079,2,36000,1.05097312326
82905,82964,84037,59,1073,2,36000,1.0549860205
82907,82970,84496,63,1526,2,36000,1.04128440367
82908,82975,84047,67,1072,2,36000,1.0625
82910,82980,84495,70,1515,2,36000,1.04620462046
82911,82985,84475,74,1490,2,36000,1.04966442953
82912,82990,84035,78,1045,2,36000,1.07464114833
82914,82996,84470,82,1474,2,36000,1.05563093623
82915,83001,84048,86,1047,2,36000,1.08213944604
82916,83006,84031,90,1025,2,36000,1.08780487805
82918,83011,84500,93,1489,2,36000,1.06245802552
82919,83016,84039,97,1023,2,36000,1.09481915934
82921,83022,84469,101,1447,2,36000,1.06979958535
82922,83029,84481,107,1452,2,36000,1.07369146006
82923,83034,84033,111,999,2,36000,1.11111111111
82925,83039,84043,114,1004,2,36000,1.11354581673
82926,83044,84041,118,997,2,36000,1.1183550652
82928,83050,84432,122,1382,2,36000,1.08827785818
82929,83055,84081,126,1026,2,36000,1.12280701754
82930,83060,84044,130,984,2,36000,1.13211382114
82932,83065,84059,133,994,2,36000,1.1338028169
82933,83070,84498,137,1428,2,36000,1.09593837535
82934,83076,84216,142,1140,2,36000,1.12456140351
82936,83081,84049,145,968,2,36000,1.14979338843
82937,83086,84043,149,957,2,36000,1.15569487983
82938,83091,84039,153,948,2,36000,1.16139240506
82940,83096,84174,156,1078,2,36000,1.14471243043
82941,83102,84495,161,1393,2,36000,1.11557788945
82943,83108,84049,165,941,2,36000,1.17534537726
82944,83114,84148,170,1034,2,36000,1.16441005803
82945,83141,84033,196,892,2,36000,1.2197309417
82947,83146,84197,199,1051,2,36000,1.1893434824
82948,83151,84086,203,935,2,36000,1.21711229947
82949,83156,84098,207,942,2,36000,1.21974522293
82952,83162,84060,210,898,2,36000,1.23385300668
82954,83168,84041,214,873,2,36000,1.24513172967
82955,83174,84051,219,877,2,36000,1.24971493729
82957,83232,84521,275,1289,2,36000,1.21334367727
82959,83255,84604,296,1349,2,36000,1.21942179392
82960,83316,84631,356,1315,2,36000,1.27072243346
83487,83493,84501,6,1008,2,36000,1.00595238095
83488,83499,84678,11,1179,2,36000,1.00932994063
83490,83504,84510,14,1006,2,36000,1.01391650099
83491,83509,84643,18,1134,2,36000,1.01587301587
83492,83515,84679,23,1164,2,36000,1.01975945017
83494,83520,84952,26,1432,2,36000,1.01815642458
83495,83526,84580,31,1054,2,36000,1.02941176471
83496,83531,84517,35,986,2,36000,1.0354969574
83497,83536,84772,39,1236,2,36000,1.03155339806
83499,83541,84532,42,991,2,36000,1.0423814329
83500,83547,84855,47,1308,2,36000,1.03593272171
83501,83552,84664,51,1112,2,36000,1.04586330935
83503,83557,84569,54,1012,2,36000,1.05335968379
83504,83562,84944,58,1382,2,36000,1.04196816208
83505,83567,84558,62,991,2,36000,1.06256306761
83507,83573,84636,66,1063,2,36000,1.06208842897
83508,83578,84647,70,1069,2,36000,1.06548175865
83509,83583,85138,74,1555,2,36000,1.04758842444
83511,83588,84593,77,1005,2,36000,1.07661691542
83512,83593,84721,81,1128,2,36000,1.07180851064
83513,83599,84506,86,907,2,36000,1.09481808159
83515,83604,84784,89,1180,2,36000,1.07542372881
83516,83609,84646,93,1037,2,36000,1.08968177435
83517,83614,84942,97,1328,2,36000,1.07304216867
83519,83619,84626,100,1007,2,36000,1.09930486594
83520,83625,84661,105,1036,2,36000,1.10135135135
83521,83631,85201,110,1570,2,36000,1.07006369427
83525,83637,84816,112,1179,2,36000,1.09499575912
83526,83642,84818,116,1176,2,36000,1.09863945578
83527,83647,84639,120,992,2,36000,1.12096774194
83529,83652,84659,123,1007,2,36000,1.1221449851
83530,83657,84623,127,966,2,36000,1.1314699793
83532,83663,84673,131,1010,2,36000,1.1297029703
83533,83668,84735,135,1067,2,36000,1.12652296157
83534,83673,84634,139,961,2,36000,1.14464099896
83538,83678,84688,140,1010,2,36000,1.13861386139
83539,83684,84941,145,1257,2,36000,1.1153540175
83541,83689,84670,148,981,2,36000,1.15086646279
83542,83694,84676,152,982,2,36000,1.15478615071
83543,83699,84695,156,996,2,36000,1.15662650602
83545,83704,84665,159,961,2,36000,1.16545265349
83546,83710,84604,164,894,2,36000,1.18344519016
83548,83715,85033,167,1318,2,36000,1.12670713202
83549,83720,84727,171,1007,2,36000,1.16981132075
83552,83725,85158,173,1433,2,36000,1.12072575017
83553,83730,84857,177,1127,2,36000,1.157054126
83555,83736,84556,181,820,2,36000,1.22073170732
83556,83742,85193,186,1451,2,36000,1.12818745693
83558,83748,84821,190,1073,2,36000,1.17707362535
83560,83797,85163,237,1366,2,36000,1.17349926794
83571,84037,85210,466,1173,2,36000,1.39727195226
83573,84044,85252,471,1208,2,36000,1.38990066225
84011,84049,84051,38,2,2,3540,4.0
84075,84081,85468,6,1387,2,36000,1.0043258832
84077,84087,85466,10,1379,2,36000,1.00725163162
84078,84092,85413,14,1321,2,36000,1.01059803179
84079,84097,85466,18,1369,2,36000,1.01314828342
84081,84103,85181,22,1078,2,36000,1.02040816327
84082,84109,85243,27,1134,2,36000,1.02380952381
84083,84114,85279,31,1165,2,36000,1.02660944206
84085,84119,85207,34,1088,2,36000,1.03125
84086,84124,85196,38,1072,2,36000,1.03544776119
84087,84130,85400,43,1270,2,36000,1.03385826772
84089,84135,85194,46,1059,2,36000,1.04343720491
84090,84140,85198,50,1058,2,36000,1.04725897921
84091,84145,85208,54,1063,2,36000,1.05079962371
84093,84150,85384,57,1234,2,36000,1.04619124797
84094,84156,85307,62,1151,2,36000,1.0538662033
84095,84161,85209,66,1048,2,36000,1.06297709924
84097,84166,85199,69,1033,2,36000,1.06679574056
84098,84171,85171,73,1000,2,36000,1.073
84099,84176,85229,77,1053,2,36000,1.07312440646
84101,84182,85219,81,1037,2,36000,1.0781099325
84102,84187,85216,85,1029,2,36000,1.08260447036
84103,84193,85331,90,1138,2,36000,1.07908611599
84105,84198,85473,93,1275,2,36000,1.07294117647
84106,84204,85217,98,1013,2,36000,1.09674234946
84107,84209,85415,102,1206,2,36000,1.08457711443
84109,84214,85467,105,1253,2,36000,1.08379888268
84110,84219,85188,109,969,2,36000,1.1124871001
84112,84224,85527,112,1303,2,36000,1.08595548734
84113,84230,85232,117,1002,2,36000,1.11676646707
84114,84235,85319,121,1084,2,36000,1.11162361624
84116,84240,85468,124,1228,2,36000,1.1009771987
84117,84245,85221,128,976,2,36000,1.13114754098
84118,84252,85220,134,968,2,36000,1.13842975207
84664,84670,85524,6,854,2,36000,1.00702576112
84665,84676,86105,11,1429,2,36000,1.00769769069
84667,84681,85761,14,1080,2,36000,1.01296296296
84668,84687,85687,19,1000,2,36000,1.019
84669,84692,85845,23,1153,2,36000,1.01994796184
84671,84697,85757,26,1060,2,36000,1.02452830189
84672,84703,85811,31,1108,2,36000,1.02797833935
84673,84709,86096,36,1387,2,36000,1.02595529921
84675,84714,86162,39,1448,2,36000,1.02693370166
84676,84719,86094,43,1375,2,36000,1.03127272727
84677,84724,85875,47,1151,2,36000,1.04083405734
84679,84730,85937,51,1207,2,36000,1.04225352113
84680,84735,85650,55,915,2,36000,1.06010928962
84681,84740,85975,59,1235,2,36000,1.04777327935
84683,84745,85751,62,1006,2,36000,1.06163021869
84684,84750,85815,66,1065,2,36000,1.06197183099
84686,84756,86069,70,1313,2,36000,1.05331302361
84687,84761,85864,74,1103,2,36000,1.06708975521
84688,84766,86164,78,1398,2,36000,1.05579399142
84690,84771,86286,81,1515,2,36000,1.05346534653
84691,84776,85817,85,1041,2,36000,1.08165225744
84692,84782,85778,90,996,2,36000,1.09036144578
84694,84787,85850,93,1063,2,36000,1.08748824083
84695,84792,85754,97,962,2,36000,1.10083160083
84696,84797,86315,101,1518,2,36000,1.06653491436
84698,84802,85817,104,1015,2,36000,1.10246305419
84699,84810,85855,111,1045,2,36000,1.10622009569
84700,84815,86261,115,1446,2,36000,1.07952973721
84702,84820,85822,118,1002,2,36000,1.11776447106
84703,84825,86033,122,1208,2,36000,1.10099337748
84704,84830,85879,126,1049,2,36000,1.12011439466
84706,84836,85809,130,973,2,36000,1.13360739979
84707,84841,86175,134,1334,2,36000,1.10044977511
84708,84846,86014,138,1168,2,36000,1.11815068493
84710,84851,85922,141,1071,2,36000,1.13165266106
84711,84856,85779,145,923,2,36000,1.1570964247
84712,84862,86105,150,1243,2,36000,1.12067578439
84714,84867,85793,153,926,2,36000,1.16522678186
84715,84872,85849,157,977,2,36000,1.16069600819
84716,84877,86100,161,1223,2,36000,1.13164349959
84719,84882,85831,163,949,2,36000,1.1717597471
84721,84888,85927,167,1039,2,36000,1.16073147257
84722,84893,85938,171,1045,2,36000,1.16363636364
84725,84898,85752,173,854,2,36000,1.20257611241
84727,84903,86275,176,1372,2,36000,1.12827988338
84728,84908,86091,180,1183,2,36000,1.15215553677
84729,84914,85875,185,961,2,36000,1.19250780437
85280,85286,86285,6,999,2,36000,1.00600600601
85281,85292,86179,11,887,2,36000,1.01240135287
85282,85297,86133,15,836,2,36000,1.01794258373
85284,85302,86187,18,885,2,36000,1.02033898305
85285,85308,86283,23,975,2,36000,1.02358974359
85287,85314,86276,27,962,2,36000,1.02806652807
85288,85319,86287,31,968,2,36000,1.03202479339
85289,85324,86461,35,1137,2,36000,1.03078276165
85291,85330,86288,39,958,2,36000,1.04070981211
85292,85335,86598,43,1263,2,36000,1.03404592241
85294,85340,86459,46,1119,2,36000,1.04110813226
85295,85345,86091,50,746,2,36000,1.06702412869
85296,85350,86281,54,931,2,36000,1.05800214823
85298,85356,86332,58,976,2,36000,1.05942622951
85299,85361,86259,62,898,2,36000,1.06904231626
85300,85366,86262,66,896,2,36000,1.07366071429
85302,85371,86512,69,1141,2,36000,1.06047326906
85303,85376,86313,73,937,2,36000,1.07790821772
85304,85382,86458,78,1076,2,36000,1.07249070632
85306,85387,86285,81,898,2,36000,1.09020044543
85307,85392,86522,85,1130,2,36000,1.07522123894
85308,85398,86171,90,773,2,36000,1.11642949547
85310,85404,86752,94,1348,2,36000,1.06973293769
85311,85410,86349,99,939,2,36000,1.1054313099
85313,85415,86354,102,939,2,36000,1.10862619808
85314,85420,86310,106,890,2,36000,1.1191011236
85315,85425,86290,110,865,2,36000,1.12716763006
85317,85430,86355,113,925,2,36000,1.12216216216
85319,85436,86597,117,1161,2,36000,1.1007751938
85320,85441,86580,121,1139,2,36000,1.10623353819
85322,85446,86333,124,887,2,36000,1.13979706877
85323,85451,86352,128,901,2,36000,1.14206437292
85324,85456,86421,132,965,2,36000,1.13678756477
85326,85462,86466,136,1004,2,36000,1.13545816733
85327,85467,86848,140,1381,2,36000,1.10137581463
85330,85472,86840,142,1368,2,36000,1.10380116959
85332,85477,86841,145,1364,2,36000,1.10630498534
85334,85483,86596,149,1113,2,36000,1.13387241689
85336,85488,86457,152,969,2,36000,1.1568627451
85337,85494,86372,157,878,2,36000,1.17881548975
85343,85499,86475,156,976,2,36000,1.15983606557
85345,85504,86331,159,827,2,36000,1.19226118501
85346,85509,86394,163,885,2,36000,1.18418079096
85355,85514,86387,159,873,2,36000,1.18213058419
85356,85522,86324,166,802,2,36000,1.20698254364
85358,85527,86397,169,870,2,36000,1.19425287356
85359,85532,86581,173,1049,2,36000,1.16491897045
85360,85537,86228,177,691,2,36000,1.25615050651
85832,85839,86963,7,1124,2,36000,1.00622775801
85834,85845,86960,11,1115,2,36000,1.00986547085
85835,85850,86970,15,1120,2,36000,1.01339285714
85837,85855,87070,18,1215,2,36000,1.01481481481
85838,85860,86956,22,1096,2,36000,1.0200729927
85839,85866,87139,27,1273,2,36000,1.02120974077
85840,85872,86969,32,1097,2,36000,1.0291704649
85842,85877,87037,35,1160,2,36000,1.03017241379
85843,85882,87064,39,1182,2,36000,1.03299492386
85844,85888,86960,44,1072,2,36000,1.04104477612
85846,85893,87047,47,1154,2,36000,1.04072790295
85847,85898,87032,51,1134,2,36000,1.04497354497
85849,85903,87021,54,1118,2,36000,1.04830053667
85850,85908,86968,58,1060,2,36000,1.05471698113
85851,85914,87052,63,1138,2,36000,1.0553602812
85853,85919,87092,66,1173,2,36000,1.05626598465
85854,85924,86953,70,1029,2,36000,1.06802721088
85855,85929,86963,74,1034,2,36000,1.07156673114
85857,85934,86938,77,1004,2,36000,1.07669322709
85858,85940,86948,82,1008,2,36000,1.08134920635
85859,85945,87128,86,1183,2,36000,1.07269653423
85860,85950,86975,90,1025,2,36000,1.08780487805
85862,85955,86964,93,1009,2,36000,1.09217046581
85863,85961,86974,98,1013,2,36000,1.09674234946
85865,85966,86976,101,1010,2,36000,1.1
85866,85971,87001,105,1030,2,36000,1.10194174757
85867,85978,86973,111,995,2,36000,1.11155778894
85869,85983,87059,114,1076,2,36000,1.10594795539
85870,85988,86962,118,974,2,36000,1.12114989733
85871,85993,87225,122,1232,2,36000,1.09902597403
85873,85999,86961,126,962,2,36000,1.13097713098
85874,86004,87132,130,1128,2,36000,1.11524822695
86383,86389,87586,6,1197,2,36000,1.00501253133
86385,86395,87571,10,1176,2,36000,1.00850340136
86387,86400,87778,13,1378,2,36000,1.00943396226
86388,86406,87579,18,1173,2,36000,1.01534526854
86389,86411,87765,22,1354,2,36000,1.01624815362
86391,86417,87769,26,1352,2,36000,1.01923076923
86392,86422,88041,30,1619,2,36000,1.01852995676
86393,86428,87581,35,1153,2,36000,1.0303555941
86395,86433,87585,38,1152,2,36000,1.03298611111
86396,86438,87761,42,1323,2,36000,1.03174603175
86398,86443,87589,45,1146,2,36000,1.03926701571
86399,86448,87671,49,1223,2,36000,1.04006541292
86400,86454,87877,54,1423,2,36000,1.03794799719
86402,86459,87640,57,1181,2,36000,1.0482641829
86403,86464,87588,61,1124,2,36000,1.05427046263
86405,86469,87780,64,1311,2,36000,1.04881769641
86406,86475,87578,69,1103,2,36000,1.06255666364
86408,86480,87767,72,1287,2,36000,1.05594405594
86409,86485,87591,76,1106,2,36000,1.06871609403
86410,86490,87840,80,1350,2,36000,1.05925925926
86411,86495,87584,84,1089,2,36000,1.07713498623
86413,86501,87580,88,1079,2,36000,1.08155699722
86414,86507,87612,93,1105,2,36000,1.08416289593
86415,86512,87650,97,1138,2,36000,1.08523725835
86417,86517,87592,100,1075,2,36000,1.09302325581
86418,86523,87621,105,1098,2,36000,1.0956284153
86420,86528,87589,108,1061,2,36000,1.10179076343
86421,86533,87633,112,1100,2,36000,1.10181818182
86422,86538,87656,116,1118,2,36000,1.10375670841
86424,86543,87595,119,1052,2,36000,1.11311787072
86425,86549,87628,124,1079,2,36000,1.11492122335
86426,86554,87584,128,1030,2,36000,1.12427184466
86428,86559,87591,131,1032,2,36000,1.1269379845
86429,86564,87592,135,1028,2,36000,1.1313229572
86430,86569,87613,139,1044,2,36000,1.13314176245
86431,86575,87609,144,1034,2,36000,1.13926499033
86433,86580,87614,147,1034,2,36000,1.14216634429
86434,86585,87770,151,1185,2,36000,1.12742616034
86436,86590,87626,154,1036,2,36000,1.14864864865
86437,86595,87606,158,1011,2,36000,1.15628090999
86438,86601,87867,163,1266,2,36000,1.12875197472
86440,86606,87631,166,1025,2,36000,1.16195121951
86441,86611,87634,170,1023,2,36000,1.16617790811
86442,86616,87590,174,974,2,36000,1.17864476386
86444,86621,87595,177,974,2,36000,1.181724846
86445,86627,87895,182,1268,2,36000,1.14353312303
86448,86632,87629,184,997,2,36000,1.18455366098
86449,86637,87593,188,956,2,36000,1.19665271967
86451,86642,87610,191,968,2,36000,1.19731404959
86452,86647,87624,195,977,2,36000,1.19959058342
86455,86653,87582,198,929,2,36000,1.21313240043
86457,86658,87888,201,1230,2,36000,1.16341463415
86459,86663,87802,204,1139,2,36000,1.17910447761
86460,86668,87772,208,1104,2,36000,1.1884057971
86462,86673,87779,211,1106,2,36000,1.19077757685
86463,86679,87824,216,1145,2,36000,1.18864628821
86982,86988,117749,6,30761,20,540000,1.00019505218
87016,87022,88138,6,1116,2,36000,1.00537634409
87017,87028,89395,11,2367,2,36000,1.00464723278
87019,87033,88645,14,1612,2,36000,1.00868486352
87020,87039,88033,19,994,2,36000,1.01911468813
87021,87044,88118,23,1074,2,36000,1.02141527002
87023,87049,88447,26,1398,2,36000,1.01859799714
87024,87055,88226,31,1171,2,36000,1.02647309991
87025,87061,88146,36,1085,2,36000,1.0331797235
87026,87066,88257,40,1191,2,36000,1.0335852225
87028,87071,88193,43,1122,2,36000,1.03832442068
87029,87076,88331,47,1255,2,36000,1.0374501992
87030,87081,88144,51,1063,2,36000,1.04797742239
87032,87087,88244,55,1157,2,36000,1.04753673293
87033,87092,88266,59,1174,2,36000,1.05025553663
87034,87097,88408,63,1311,2,36000,1.04805491991
87036,87102,88323,66,1221,2,36000,1.05405405405
87037,87107,88220,70,1113,2,36000,1.06289308176
87038,87113,88859,75,1746,2,36000,1.04295532646
87040,87118,88456,78,1338,2,36000,1.05829596413
87041,87123,88288,82,1165,2,36000,1.07038626609
87042,87128,88247,86,1119,2,36000,1.07685433423
87044,87133,88213,89,1080,2,36000,1.08240740741
87046,87139,88187,93,1048,2,36000,1.08874045802
87048,87144,88230,96,1086,2,36000,1.08839779006
87049,87149,88118,100,969,2,36000,1.10319917441
87051,87156,88453,105,1297,2,36000,1.08095605243
87053,87161,88144,108,983,2,36000,1.10986775178
87054,87166,88361,112,1195,2,36000,1.09372384937
87056,87171,88840,115,1669,2,36000,1.06890353505
87058,87177,88778,119,1601,2,36000,1.07432854466
87060,87182,88454,122,1272,2,36000,1.09591194969
87061,87187,88314,126,1127,2,36000,1.11180124224
87063,87192,88301,129,1109,2,36000,1.11632100992
87064,87198,88422,134,1224,2,36000,1.10947712418
87066,87236,88143,170,907,2,36000,1.18743109151
87067,87583,88870,516,1287,2,36000,1.40093240093
87069,87590,88839,521,1249,2,36000,1.41713370697
87070,87597,88842,527,1245,2,36000,1.42329317269
87072,87602,88874,530,1272,2,36000,1.41666666667
87082,87607,88845,525,1238,2,36000,1.42407108239
87658,87664,88863,6,1199,2,36000,1.00500417014
87659,87670,88848,11,1178,2,36000,1.00933786078
87660,87675,88856,15,1181,2,36000,1.01270110076
87662,87680,88851,18,1171,2,36000,1.01537147737
87663,87685,88843,22,1158,2,36000,1.01899827288
87664,87691,88848,27,1157,2,36000,1.02333621435
87666,87696,88872,30,1176,2,36000,1.02551020408
87667,87702,88861,35,1159,2,36000,1.03019844694
87668,87707,88918,39,1211,2,36000,1.03220478943
87670,87712,88850,42,1138,2,36000,1.03690685413
87671,87718,88878,47,1160,2,36000,1.04051724138
87672,87723,88870,51,1147,2,36000,1.04446381866
87674,87728,88864,54,1136,2,36000,1.04753521127
87675,87734,88852,59,1118,2,36000,1.05277280859
87677,87739,88901,62,1162,2,36000,1.05335628227
87678,87744,88975,66,1231,2,36000,1.0536149472
87679,87749,88875,70,1126,2,36000,1.0621669627
87681,87755,88879,74,1124,2,36000,1.06583629893
87683,87760,88856,77,1096,2,36000,1.07025547445
87684,87765,88846,81,1081,2,36000,1.0749306198
87685,87770,88862,85,1092,2,36000,1.07783882784
87687,87775,88866,88,1091,2,36000,1.080659945
87688,87781,88941,93,1160,2,36000,1.08017241379
87689,87786,88849,97,1063,2,36000,1.09125117592
87691,87791,88860,100,1069,2,36000,1.0935453695
87692,87798,88877,106,1079,2,36000,1.09823911029
87694,87803,88887,109,1084,2,36000,1.10055350554
87695,87808,88885,113,1077,2,36000,1.10492107707
87696,87814,88882,118,1068,2,36000,1.11048689139
87698,87819,88868,121,1049,2,36000,1.11534795043
87699,87824,88858,125,1034,2,36000,1.12088974855
87700,87829,89051,129,1222,2,36000,1.10556464812
87702,87834,88904,132,1070,2,36000,1.12336448598
87703,87840,89078,137,1238,2,36000,1.11066235864
87705,87845,88889,140,1044,2,36000,1.13409961686
87706,87850,88890,144,1040,2,36000,1.13846153846
87707,87855,89148,148,1293,2,36000,1.11446249033
87715,87860,88883,145,1023,2,36000,1.14173998045
87716,87866,88874,150,1008,2,36000,1.14880952381
87718,87871,89046,153,1175,2,36000,1.13021276596
87719,87876,89050,157,1174,2,36000,1.13373083475
87720,87881,88884,161,1003,2,36000,1.16051844467
87722,87886,88853,164,967,2,36000,1.1695966908
87723,87892,89050,169,1158,2,36000,1.14594127807
87724,87899,88873,175,974,2,36000,1.17967145791
87726,87904,88876,178,972,2,36000,1.18312757202
87758,87909,88880,151,971,2,36000,1.15550978373
87764,87914,89051,150,1137,2,36000,1.13192612137
87766,87919,88926,153,1007,2,36000,1.15193644489
87775,87925,89385,150,1460,2,36000,1.10273972603
87777,87930,88891,153,961,2,36000,1.15920915713
88211,88475,104681,264,16206,32,36000,1.01629026287
88269,88275,89461,6,1186,2,36000,1.00505902192
88271,88281,89873,10,1592,2,36000,1.00628140704
88272,88287,89440,15,1153,2,36000,1.01300954033
88273,88292,89478,19,1186,2,36000,1.01602023609
88275,88297,89519,22,1222,2,36000,1.01800327332
88276,88303,89442,27,1139,2,36000,1.02370500439
88277,88308,89522,31,1214,2,36000,1.0255354201
88279,88313,89943,34,1630,2,36000,1.02085889571
88280,88319,89457,39,1138,2,36000,1.03427065026
88281,88324,89523,43,1199,2,36000,1.03586321935
88283,88329,89501,46,1172,2,36000,1.03924914676
88284,88334,89907,50,1573,2,36000,1.03178639542
88285,88339,89424,54,1085,2,36000,1.04976958525
88287,88346,89872,59,1526,2,36000,1.03866317169
88288,88351,89394,63,1043,2,36000,1.06040268456
88289,88356,89503,67,1147,2,36000,1.05841325196
88291,88369,89441,78,1072,2,36000,1.07276119403
88292,88374,89442,82,1068,2,36000,1.07677902622
88293,88379,89502,86,1123,2,36000,1.07658058771
88295,88385,89450,90,1065,2,36000,1.08450704225
88296,88419,89889,123,1470,2,36000,1.08367346939
88297,88363,89872,66,1509,2,36000,1.04373757455
88298,88438,89862,140,1424,2,36000,1.09831460674
88300,88480,89563,180,1083,2,36000,1.16620498615
88302,88694,89534,392,840,2,36000,1.46666666667
88303,88801,89864,498,1063,2,36000,1.46848541863
88304,88851,89888,547,1037,2,36000,1.5274831244
88306,88859,89951,553,1092,2,36000,1.50641025641
88307,88864,89964,557,1100,2,36000,1.50636363636
88310,88869,89944,559,1075,2,36000,1.52
88312,88874,89861,562,987,2,36000,1.56940222898
88314,88879,89968,565,1089,2,36000,1.51882460973
88315,88887,90160,572,1273,2,36000,1.44933228594
88316,88892,90089,576,1197,2,36000,1.48120300752
88319,88897,89870,578,973,2,36000,1.59403905447
88321,88903,89962,582,1059,2,36000,1.54957507082
88908,88914,90015,6,1101,2,36000,1.00544959128
88909,88920,89871,11,951,2,36000,1.01156677182
88911,88925,89946,14,1021,2,36000,1.01371204701
88912,88931,90055,19,1124,2,36000,1.01690391459
88913,88936,90020,23,1084,2,36000,1.02121771218
88915,88942,89965,27,1023,2,36000,1.02639296188
88916,88947,90052,31,1105,2,36000,1.02805429864
88917,88952,90027,35,1075,2,36000,1.03255813953
88919,88957,89893,38,936,2,36000,1.0405982906
88920,88962,89863,42,901,2,36000,1.04661487236
88921,88968,89966,47,998,2,36000,1.04709418838
88923,88973,89988,50,1015,2,36000,1.04926108374
88924,88978,89963,54,985,2,36000,1.05482233503
88925,88983,89981,58,998,2,36000,1.05811623246
88927,88989,90078,62,1089,2,36000,1.05693296602
88928,88994,90090,66,1096,2,36000,1.0602189781
88929,88999,90168,70,1169,2,36000,1.05988023952
88931,89004,89993,73,989,2,36000,1.07381193124
88932,89009,90084,77,1075,2,36000,1.07162790698
88933,89015,90132,82,1117,2,36000,1.07341092211
88934,89020,90013,86,993,2,36000,1.08660624371
88936,89025,89927,89,902,2,36000,1.09866962306
88937,89031,90032,94,1001,2,36000,1.09390609391
88938,89036,90118,98,1082,2,36000,1.09057301294
88940,89042,90045,102,1003,2,36000,1.10169491525
88942,89047,89992,105,945,2,36000,1.11111111111
88943,89052,90051,109,999,2,36000,1.10910910911
88944,89057,90479,113,1422,2,36000,1.07946554149
88946,89063,90283,117,1220,2,36000,1.09590163934
88947,89068,90087,121,1019,2,36000,1.11874386654
88949,89073,90284,124,1211,2,36000,1.10239471511
88950,89078,90095,128,1017,2,36000,1.12586037365
88951,89083,89973,132,890,2,36000,1.14831460674
88953,89089,90153,136,1064,2,36000,1.12781954887
88954,89094,90329,140,1235,2,36000,1.11336032389
88955,89099,90112,144,1013,2,36000,1.14215202369
88958,89104,90053,146,949,2,36000,1.15384615385
88959,89109,90031,150,922,2,36000,1.16268980477
88961,89115,89971,154,856,2,36000,1.17990654206
88962,89120,90061,158,941,2,36000,1.16790648247
88963,89153,90009,190,856,2,36000,1.22196261682
88965,89159,90109,194,950,2,36000,1.20421052632
88971,89405,90677,434,1272,2,36000,1.34119496855
88972,89411,90681,439,1270,2,36000,1.34566929134
88974,89416,90478,442,1062,2,36000,1.41619585687
89041,89127,90420,86,1293,2,36000,1.06651198763
89043,89132,90249,89,1117,2,36000,1.07967770815
89044,89137,90047,93,910,2,36000,1.1021978022
89054,89142,90030,88,888,2,36000,1.0990990991
89055,89147,90334,92,1187,2,36000,1.07750631845
89057,89435,90338,378,903,2,36000,1.41860465116
89058,89452,90646,394,1194,2,36000,1.32998324958
89059,89459,90688,400,1229,2,36000,1.32546786005
89061,89464,90686,403,1222,2,36000,1.32978723404
89062,89470,90672,408,1202,2,36000,1.33943427621
89064,89476,90511,412,1035,2,36000,1.39806763285
89065,89481,90681,416,1200,2,36000,1.34666666667
89067,89487,90841,420,1354,2,36000,1.31019202363
89068,89493,90766,425,1273,2,36000,1.33385703064
89070,89513,90682,443,1169,2,36000,1.37895637297
89513,89519,90798,6,1279,2,36000,1.00469116497
89514,89525,90686,11,1161,2,36000,1.00947459087
89515,89532,90680,17,1148,2,36000,1.01480836237
89517,89538,90682,21,1144,2,36000,1.01835664336
89518,89543,90659,25,1116,2,36000,1.02240143369
89519,89550,90679,31,1129,2,36000,1.02745792737
89521,89574,90451,53,877,2,36000,1.06043329532
89522,89876,91002,354,1126,2,36000,1.31438721137
89523,89881,90756,358,875,2,36000,1.40914285714
89525,89889,91303,364,1414,2,36000,1.25742574257
89526,89894,90834,368,940,2,36000,1.3914893617
89527,89899,91001,372,1102,2,36000,1.33756805808
89529,89904,90699,375,795,2,36000,1.47169811321
89530,89909,90768,379,859,2,36000,1.44121071013
89531,89917,91000,386,1083,2,36000,1.35641735919
89533,89922,90715,389,793,2,36000,1.49054224464
89534,89927,91006,393,1079,2,36000,1.36422613531
89535,89932,91005,397,1073,2,36000,1.36999068034
89536,89937,91004,401,1067,2,36000,1.37582005623
89538,89944,90727,406,783,2,36000,1.51851851852
89539,89950,91150,411,1200,2,36000,1.3425
89540,89956,91288,416,1332,2,36000,1.31231231231
89542,89962,91324,420,1362,2,36000,1.30837004405
89543,89967,90904,424,937,2,36000,1.45250800427
89544,89974,91003,430,1029,2,36000,1.41788143829
89546,89979,91007,433,1028,2,36000,1.42120622568
90097,90103,91290,6,1187,2,36000,1.0050547599
90098,90109,91277,11,1168,2,36000,1.00941780822
90100,90114,91043,14,929,2,36000,1.01506996771
90101,90120,91356,19,1236,2,36000,1.01537216828
90102,90125,91518,23,1393,2,36000,1.01651112706
90104,90130,91331,26,1201,2,36000,1.02164862614
90105,90136,91295,31,1159,2,36000,1.02674719586
90106,90142,91309,36,1167,2,36000,1.03084832905
90108,90147,91302,39,1155,2,36000,1.03376623377
90109,90152,91496,43,1344,2,36000,1.03199404762
90111,90157,91311,46,1154,2,36000,1.03986135182
90112,90162,91315,50,1153,2,36000,1.04336513443
90113,90168,91305,55,1137,2,36000,1.04837291117
90115,90173,91503,58,1330,2,36000,1.04360902256
90116,90178,91301,62,1123,2,36000,1.05520926091
90117,90183,91293,66,1110,2,36000,1.05945945946
90119,90188,91578,69,1390,2,36000,1.04964028777
90120,90194,91320,74,1126,2,36000,1.06571936057
90121,90199,91279,78,1080,2,36000,1.07222222222
90123,90204,91304,81,1100,2,36000,1.07363636364
90124,90209,91329,85,1120,2,36000,1.07589285714
90125,90215,91523,90,1308,2,36000,1.06880733945
90127,90220,91551,93,1331,2,36000,1.06987227648
90128,90225,91325,97,1100,2,36000,1.08818181818
90129,90230,91475,101,1245,2,36000,1.08112449799
90131,90235,91407,104,1172,2,36000,1.08873720137
90132,90241,91324,109,1083,2,36000,1.10064635272
90133,90247,91520,114,1273,2,36000,1.08955223881
90134,90252,91518,118,1266,2,36000,1.09320695103
90136,90257,91321,121,1064,2,36000,1.11372180451
90137,90262,91307,125,1045,2,36000,1.11961722488
90138,90267,91314,129,1047,2,36000,1.12320916905
90140,90273,91402,133,1129,2,36000,1.11780336581
90141,90278,91327,137,1049,2,36000,1.13060057197
90142,90283,91317,141,1034,2,36000,1.13636363636
90144,90288,91417,144,1129,2,36000,1.12754650133
90145,90293,91325,148,1032,2,36000,1.14341085271
90146,90299,91333,153,1034,2,36000,1.14796905222
90148,90304,91327,156,1023,2,36000,1.15249266862
90149,90310,91517,161,1207,2,36000,1.13338856669
90150,90315,91519,165,1204,2,36000,1.13704318937
90152,90321,91332,169,1011,2,36000,1.16716122651
90153,90341,91522,188,1181,2,36000,1.15918712955
90154,90347,91413,193,1066,2,36000,1.18105065666
90155,90354,91313,199,959,2,36000,1.20750782065
90157,90432,91976,275,1544,2,36000,1.17810880829
90158,90471,91515,313,1044,2,36000,1.29980842912
90160,90490,91361,330,871,2,36000,1.37887485649
90161,90497,91521,336,1024,2,36000,1.328125
90162,90522,91358,360,836,2,36000,1.43062200957
90164,90661,91574,497,913,2,36000,1.5443592552
90165,90674,91972,509,1298,2,36000,1.39214175655
90167,90683,91956,516,1273,2,36000,1.40534171249
90168,90690,91968,522,1278,2,36000,1.40845070423
90170,90695,91960,525,1265,2,36000,1.41501976285
90171,90703,91958,532,1255,2,36000,1.42390438247
90737,90743,91959,6,1216,2,36000,1.00493421053
90739,90749,91963,10,1214,2,36000,1.00823723229
90740,90754,91977,14,1223,2,36000,1.01144726083
90741,90759,92261,18,1502,2,36000,1.0119840213
90743,90765,91974,22,1209,2,36000,1.01819685691
90744,90771,91962,27,1191,2,36000,1.02267002519
90745,90776,92079,31,1303,2,36000,1.02379125096
90746,90781,91957,35,1176,2,36000,1.02976190476
90748,90787,92035,39,1248,2,36000,1.03125
90749,90792,91973,43,1181,2,36000,1.03640982218
90751,90797,91966,46,1169,2,36000,1.03934987169
90752,90816,91972,64,1156,2,36000,1.0553633218
90753,90848,91970,95,1122,2,36000,1.08467023173
90755,90855,92019,100,1164,2,36000,1.08591065292
90756,90915,91979,159,1064,2,36000,1.14943609023
90758,91011,92267,253,1256,2,36000,1.20143312102
90759,91019,91973,260,954,2,36000,1.27253668763
90760,91024,92269,264,1245,2,36000,1.21204819277
90761,91029,91969,268,940,2,36000,1.28510638298
90763,91034,91969,271,935,2,36000,1.28983957219
90764,91039,91978,275,939,2,36000,1.29286474973
90765,91046,91964,281,918,2,36000,1.30610021786
90767,90804,92022,37,1218,2,36000,1.03037766831
90768,90810,91975,42,1165,2,36000,1.03605150215
90769,91051,92187,282,1136,2,36000,1.24823943662
90771,91063,91980,292,917,2,36000,1.31842966194
90772,91171,93187,399,2016,2,36000,1.19791666667
90773,91292,92693,519,1401,2,36000,1.3704496788
90775,91298,92265,523,967,2,36000,1.54084798345
90776,91304,92679,528,1375,2,36000,1.384
90777,91309,92664,532,1355,2,36000,1.3926199262
90779,91317,92599,538,1282,2,36000,1.41965678627
90780,91322,92618,542,1296,2,36000,1.41820987654
90781,91327,92784,546,1457,2,36000,1.37474262183
91341,91347,93140,6,1793,2,36000,1.0033463469
91342,91353,92713,11,1360,2,36000,1.00808823529
91344,91358,92429,14,1071,2,36000,1.01307189542
91345,91364,92667,19,1303,2,36000,1.01458173446
91346,91369,92646,23,1277,2,36000,1.01801096319
91348,91374,92519,26,1145,2,36000,1.02270742358
91349,91380,92522,31,1142,2,36000,1.02714535902
91350,91385,92852,35,1467,2,36000,1.02385821404
91351,91391,92858,40,1467,2,36000,1.02726653033
91353,91396,92864,43,1468,2,36000,1.02929155313
91354,91401,92537,47,1136,2,36000,1.04137323944
91355,91406,92700,51,1294,2,36000,1.03941267388
91357,91411,92707,54,1296,2,36000,1.04166666667
91358,91417,92556,59,1139,2,36000,1.05179982441
91359,91422,92561,63,1139,2,36000,1.05531167691
91361,91427,92861,66,1434,2,36000,1.0460251046
91362,91432,92697,70,1265,2,36000,1.05533596838
91363,91437,92855,74,1418,2,36000,1.05218617772
91365,91443,92583,78,1140,2,36000,1.06842105263
91366,91448,92683,82,1235,2,36000,1.06639676113
91367,91453,92814,86,1361,2,36000,1.06318883174
91369,91458,92459,89,1001,2,36000,1.08891108891
91370,91464,92853,94,1389,2,36000,1.06767458603
91371,91469,92814,98,1345,2,36000,1.07286245353
91373,91474,92527,101,1053,2,36000,1.09591642925
91374,91479,92526,105,1047,2,36000,1.10028653295
91375,91485,92601,110,1116,2,36000,1.09856630824
91377,91491,92609,114,1118,2,36000,1.10196779964
91378,91496,93117,118,1621,2,36000,1.07279457125
91379,91501,92637,122,1136,2,36000,1.1073943662
91381,91508,93135,127,1627,2,36000,1.07805777505
91382,91516,92731,134,1215,2,36000,1.11028806584
91383,91521,92571,138,1050,2,36000,1.13142857143
91384,91528,92791,144,1263,2,36000,1.11401425178
91386,91533,92608,147,1075,2,36000,1.13674418605
91387,91540,92563,153,1023,2,36000,1.1495601173
91388,91545,92573,157,1028,2,36000,1.15272373541
91390,91550,92596,160,1046,2,36000,1.15296367113
91391,91555,92568,164,1013,2,36000,1.16189536032
91392,91560,92862,168,1302,2,36000,1.12903225806
91394,91566,92676,172,1110,2,36000,1.15495495495
91395,91571,92853,176,1282,2,36000,1.13728549142
91397,91577,92636,180,1059,2,36000,1.16997167139
91398,91585,92630,187,1045,2,36000,1.17894736842
91399,91591,92595,192,1004,2,36000,1.19123505976
91402,91967,93239,565,1272,2,36000,1.44418238994
91406,91974,93160,568,1186,2,36000,1.47892074199
91988,91994,93128,6,1134,2,36000,1.00529100529
91989,92000,93259,11,1259,2,36000,1.00873709293
91990,92005,92851,15,846,2,36000,1.01773049645
91992,92010,93251,18,1241,2,36000,1.01450443191
91993,92015,93116,22,1101,2,36000,1.0199818347
91994,92021,93199,27,1178,2,36000,1.02292020374
91996,92027,93134,31,1107,2,36000,1.02800361337
91997,92032,93252,35,1220,2,36000,1.02868852459
91998,92037,93123,39,1086,2,36000,1.03591160221
92000,92043,93131,43,1088,2,36000,1.03952205882
92001,92048,93130,47,1082,2,36000,1.04343807763
92002,92053,93272,51,1219,2,36000,1.04183757178
92004,92058,93156,54,1098,2,36000,1.04918032787
92005,92063,93241,58,1178,2,36000,1.04923599321
92006,92069,92863,63,794,2,36000,1.07934508816
92008,92074,93266,66,1192,2,36000,1.05536912752
92009,92079,93133,70,1054,2,36000,1.06641366224
92010,92084,93188,74,1104,2,36000,1.06702898551
92011,92089,93157,78,1068,2,36000,1.07303370787
92013,92095,93119,82,1024,2,36000,1.080078125
92014,92100,93247,86,1147,2,36000,1.07497820401
92015,92105,93238,90,1133,2,36000,1.07943512798
92017,92202,93320,185,1118,2,36000,1.16547406082
92018,92272,93502,254,1230,2,36000,1.20650406504
92020,92279,93240,259,961,2,36000,1.26951092612
92022,92112,93248,90,1136,2,36000,1.07922535211
92023,92118,93241,95,1123,2,36000,1.08459483526
92024,92123,93362,99,1239,2,36000,1.0799031477
92026,92128,93152,102,1024,2,36000,1.099609375
92027,92284,93241,257,957,2,36000,1.26854754441
92029,92291,93245,262,954,2,36000,1.27463312369
92031,92443,93719,412,1276,2,36000,1.32288401254
92032,92471,93402,439,931,2,36000,1.47153598281
92034,92530,93929,496,1399,2,36000,1.3545389564
92037,92537,93817,500,1280,2,36000,1.390625
92039,92544,93985,505,1441,2,36000,1.35045107564
92040,92549,93910,509,1361,2,36000,1.37398971345
92041,92556,93733,515,1177,2,36000,1.4375531011
92043,92567,93941,524,1374,2,36000,1.38136826783
92044,92573,94067,529,1494,2,36000,1.35408299866
92046,92580,93884,534,1304,2,36000,1.40950920245
92053,92585,93933,532,1348,2,36000,1.39465875371
92055,92593,93939,538,1346,2,36000,1.39970282318
92056,92598,93873,542,1275,2,36000,1.42509803922
92057,92604,93816,547,1212,2,36000,1.45132013201
92059,92611,93938,552,1327,2,36000,1.41597588546
92597,92616,93942,19,1326,2,36000,1.01432880845
92599,92622,93909,23,1287,2,36000,1.01787101787
92600,92628,93948,28,1320,2,36000,1.02121212121
92601,92634,93732,33,1098,2,36000,1.03005464481
92603,92639,93945,36,1306,2,36000,1.02756508423
92604,92645,93934,41,1289,2,36000,1.03180760279
92605,92651,93947,46,1296,2,36000,1.03549382716
92607,92657,93952,50,1295,2,36000,1.03861003861
92608,92662,93930,54,1268,2,36000,1.04258675079
92609,92667,93950,58,1283,2,36000,1.04520654716
92611,92676,93944,65,1268,2,36000,1.05126182965
92612,92683,94023,71,1340,2,36000,1.05298507463
92613,92690,94000,77,1310,2,36000,1.05877862595
92615,92697,93929,82,1232,2,36000,1.06655844156
92616,92702,93943,86,1241,2,36000,1.06929895246
92617,92709,93931,92,1222,2,36000,1.07528641571
92619,92715,93953,96,1238,2,36000,1.07754442649
92620,92721,94048,101,1327,2,36000,1.07611152977
92621,92726,93815,105,1089,2,36000,1.09641873278
92623,92733,93946,110,1213,2,36000,1.09068425392
92624,92743,93920,119,1177,2,36000,1.10110450297
92625,92796,93936,171,1140,2,36000,1.15
92626,92803,93935,177,1132,2,36000,1.15636042403
92628,92834,93949,206,1115,2,36000,1.18475336323
92629,92848,93940,219,1092,2,36000,1.20054945055
93283,93289,94547,6,1258,2,36000,1.00476947536
93284,93295,94551,11,1256,2,36000,1.00875796178
93286,93300,94554,14,1254,2,36000,1.01116427432
93287,93306,94593,19,1287,2,36000,1.01476301476
93288,93311,94585,23,1274,2,36000,1.0180533752
93290,93317,94560,27,1243,2,36000,1.02172164119
93291,93322,94553,31,1231,2,36000,1.02518277823
93293,93327,94555,34,1228,2,36000,1.02768729642
93294,93332,94588,38,1256,2,36000,1.03025477707
93295,93338,94678,43,1340,2,36000,1.03208955224
93297,93343,94586,46,1243,2,36000,1.03700724055
93298,93348,94550,50,1202,2,36000,1.04159733777
93299,93353,94584,54,1231,2,36000,1.04386677498
93301,93359,94559,58,1200,2,36000,1.04833333333
93302,93364,94588,62,1224,2,36000,1.05065359477
93303,93369,94662,66,1293,2,36000,1.05104408353
93305,93374,94559,69,1185,2,36000,1.0582278481
93306,93379,94591,73,1212,2,36000,1.0602310231
93307,93385,94585,78,1200,2,36000,1.065
93309,93390,94591,81,1201,2,36000,1.06744379684
93310,93395,94552,85,1157,2,36000,1.07346585998
93311,93400,94556,89,1156,2,36000,1.07698961938
93313,93406,94576,93,1170,2,36000,1.07948717949
93314,93411,94557,97,1146,2,36000,1.08464223386
93315,93417,94596,102,1179,2,36000,1.08651399491
93317,93422,94649,105,1227,2,36000,1.08557457213
93318,93427,94592,109,1165,2,36000,1.09356223176
93319,93432,94589,113,1157,2,36000,1.09766637857
93321,93437,94562,116,1125,2,36000,1.10311111111
93322,93443,94614,121,1171,2,36000,1.10333048676
93323,93448,94821,125,1373,2,36000,1.09104151493
93324,93453,94581,129,1128,2,36000,1.11436170213
93326,93458,94678,132,1220,2,36000,1.10819672131
93327,93464,94792,137,1328,2,36000,1.1031626506
93328,93469,94728,141,1259,2,36000,1.11199364575
93330,93474,94787,144,1313,2,36000,1.10967250571
93331,93479,94598,148,1119,2,36000,1.13226094727
93333,93484,94587,151,1103,2,36000,1.13689936537
93334,93490,94581,156,1091,2,36000,1.14298808433
93335,93495,94579,160,1084,2,36000,1.14760147601
93337,93500,94584,163,1084,2,36000,1.15036900369
93338,93505,94581,167,1076,2,36000,1.15520446097
93339,93510,94836,171,1326,2,36000,1.12895927602
93341,93516,94758,175,1242,2,36000,1.14090177134
93342,93522,94683,180,1161,2,36000,1.15503875969
93343,93527,94598,184,1071,2,36000,1.17180205415
93345,93736,95234,391,1498,2,36000,1.26101468625
93346,93747,95266,401,1519,2,36000,1.26398946675
93347,93754,94790,407,1036,2,36000,1.39285714286
93349,93833,95006,484,1173,2,36000,1.4126172208
93350,93853,95255,503,1402,2,36000,1.35877318117
93352,93859,95246,507,1387,2,36000,1.3655371305
93353,93898,95008,545,1110,2,36000,1.49099099099
93354,93907,95212,553,1305,2,36000,1.42375478927
93356,93926,95005,570,1079,2,36000,1.52826691381
93357,93931,95145,574,1214,2,36000,1.47281713344
93358,93938,95333,580,1395,2,36000,1.41577060932
93360,93946,95378,586,1432,2,36000,1.40921787709
93367,93951,95225,584,1274,2,36000,1.45839874411
93368,93956,95226,588,1270,2,36000,1.46299212598
93370,93961,95003,591,1042,2,36000,1.56717850288
93371,93966,95062,595,1096,2,36000,1.54288321168
93373,93972,95245,599,1273,2,36000,1.47054202671
93374,93979,95006,605,1027,2,36000,1.58909444985
93376,93984,95208,608,1224,2,36000,1.49673202614
93377,93990,95204,613,1214,2,36000,1.50494233937
93996,94003,95200,7,1197,2,36000,1.00584795322
93998,94009,95293,11,1284,2,36000,1.00856697819
93999,94014,95211,15,1197,2,36000,1.01253132832
94000,94019,95205,19,1186,2,36000,1.01602023609
94002,94025,95385,23,1360,2,36000,1.01691176471
94003,94030,95203,27,1173,2,36000,1.02301790281
94004,94036,95416,32,1380,2,36000,1.0231884058
94006,94041,95206,35,1165,2,36000,1.03004291845
94008,94046,95229,38,1183,2,36000,1.03212172443
94009,94052,95396,43,1344,2,36000,1.03199404762
94010,94057,95212,47,1155,2,36000,1.04069264069
94012,94062,95218,50,1156,2,36000,1.04325259516
94013,94067,95454,54,1387,2,36000,1.03893294881
94014,94072,95444,58,1372,2,36000,1.04227405248
94015,94078,95384,63,1306,2,36000,1.0482388974
94017,94083,95210,66,1127,2,36000,1.05856255546
94018,94088,95217,70,1129,2,36000,1.06200177148
94020,94563,95911,543,1348,2,36000,1.4028189911
94022,94568,95790,546,1222,2,36000,1.44680851064
94023,94573,95453,550,880,2,36000,1.625
94024,94581,95803,557,1222,2,36000,1.4558101473
94026,94586,95780,560,1194,2,36000,1.46901172529
94027,94591,95678,564,1087,2,36000,1.51885924563
94029,94596,95866,567,1270,2,36000,1.44645669291
94030,94095,95207,65,1112,2,36000,1.05845323741
94032,94100,95209,68,1109,2,36000,1.06131650135
94033,94602,95791,569,1189,2,36000,1.47855340622
94034,94607,95521,573,914,2,36000,1.62691466083
94036,94612,95836,576,1224,2,36000,1.47058823529
94037,94617,95615,580,998,2,36000,1.58116232465
94038,94622,95900,584,1278,2,36000,1.45696400626
94040,94628,95860,588,1232,2,36000,1.47727272727
94041,94635,95762,594,1127,2,36000,1.52706299911
94042,94641,95779,599,1138,2,36000,1.52636203866
94044,94646,95772,602,1126,2,36000,1.53463587922
94045,94651,95795,606,1144,2,36000,1.52972027972
94047,94656,95684,609,1028,2,36000,1.59241245136
94057,94661,95845,604,1184,2,36000,1.51013513514
94058,94667,95792,609,1125,2,36000,1.54133333333
94628,94672,95808,44,1136,2,36000,1.03873239437
94630,94678,95903,48,1225,2,36000,1.03918367347
94631,94683,95722,52,1039,2,36000,1.0500481232
94632,94689,95969,57,1280,2,36000,1.04453125
94634,94694,95878,60,1184,2,36000,1.05067567568
94635,94699,95677,64,978,2,36000,1.0654396728
94636,94704,95861,68,1157,2,36000,1.05877268799
94637,94710,95723,73,1013,2,36000,1.07206317868
94639,94715,95788,76,1073,2,36000,1.07082945014
94640,94720,95767,80,1047,2,36000,1.07640878701
94641,94725,95732,84,1007,2,36000,1.08341608739
94643,94730,95789,87,1059,2,36000,1.0821529745
94644,94736,95961,92,1225,2,36000,1.07510204082
94645,94741,95786,96,1045,2,36000,1.09186602871
94647,94746,96096,99,1350,2,36000,1.07333333333
94648,94751,95793,103,1042,2,36000,1.09884836852
94650,94756,95776,106,1020,2,36000,1.10392156863
94651,94786,96036,135,1250,2,36000,1.108
94652,94798,95787,146,989,2,36000,1.14762386249
94654,94805,95812,151,1007,2,36000,1.14995034757
94655,94810,95835,155,1025,2,36000,1.1512195122
94656,94837,95872,181,1035,2,36000,1.17487922705
94658,94847,95898,189,1051,2,36000,1.17982873454
94659,95020,95902,361,882,2,36000,1.40929705215
94660,95026,96096,366,1070,2,36000,1.34205607477
94662,95031,95977,369,946,2,36000,1.39006342495
94663,95036,96243,373,1207,2,36000,1.30903065452
94664,95041,95921,377,880,2,36000,1.42840909091
94666,95083,95980,417,897,2,36000,1.46488294314
94667,95163,96393,496,1230,2,36000,1.40325203252
94668,95213,96362,545,1149,2,36000,1.47432550044
94670,95220,96304,550,1084,2,36000,1.5073800738
94671,95225,96141,554,916,2,36000,1.60480349345
94672,94764,95686,92,922,2,36000,1.09978308026
94673,94769,95794,96,1025,2,36000,1.09365853659
94675,94774,95948,99,1174,2,36000,1.08432708688
94676,94779,95804,103,1025,2,36000,1.10048780488
94677,95230,96488,553,1258,2,36000,1.43958664547
94679,95235,96457,556,1222,2,36000,1.45499181669
95275,95281,96211,6,930,2,36000,1.0064516129
95276,95287,96567,11,1280,2,36000,1.00859375
95277,95292,96486,15,1194,2,36000,1.01256281407
95279,95297,96323,18,1026,2,36000,1.01754385965
95280,95302,96108,22,806,2,36000,1.02729528536
95281,95308,96453,27,1145,2,36000,1.02358078603
95283,95314,96212,31,898,2,36000,1.03452115813
95284,95319,96181,35,862,2,36000,1.04060324826
95285,95325,96474,40,1149,2,36000,1.03481288077
95287,95330,96491,43,1161,2,36000,1.03703703704
95288,95335,96290,47,955,2,36000,1.04921465969
95289,95340,96392,51,1052,2,36000,1.04847908745
95291,95345,96490,54,1145,2,36000,1.04716157205
95292,95351,96592,59,1241,2,36000,1.04754230459
95293,95356,96642,63,1286,2,36000,1.04898911353
95295,95361,96454,66,1093,2,36000,1.06038426349
95296,95366,96495,70,1129,2,36000,1.06200177148
95297,95372,96361,75,989,2,36000,1.07583417594
95298,95390,96301,92,911,2,36000,1.10098792536
95300,95397,96279,97,882,2,36000,1.10997732426
95301,95404,96543,103,1139,2,36000,1.09043020193
95302,95411,96375,109,964,2,36000,1.11307053942
95304,95427,96481,123,1054,2,36000,1.11669829222
95305,95458,96631,153,1173,2,36000,1.13043478261
95306,95468,96455,162,987,2,36000,1.1641337386
95308,95473,96480,165,1007,2,36000,1.1638530288
95309,95378,96525,69,1147,2,36000,1.06015693112
95310,95533,96456,223,923,2,36000,1.24160346696
95312,95639,96995,327,1356,2,36000,1.24115044248
95313,95693,96591,380,898,2,36000,1.42316258352
95314,95698,96572,384,874,2,36000,1.43935926773
95315,95705,96584,390,879,2,36000,1.44368600683
95317,95710,96813,393,1103,2,36000,1.35630099728
95318,95737,96650,419,913,2,36000,1.45892661555
95319,95744,96546,425,802,2,36000,1.52992518703
95321,95752,96837,431,1085,2,36000,1.39723502304
95322,95778,96840,456,1062,2,36000,1.42937853107
95323,95785,96911,462,1126,2,36000,1.41030195382
95325,95790,96896,465,1106,2,36000,1.42043399638
95326,95797,97148,471,1351,2,36000,1.34863064397
95327,95803,96738,476,935,2,36000,1.50909090909
95915,95921,96836,6,915,2,36000,1.00655737705
95916,95927,97097,11,1170,2,36000,1.0094017094
95918,95932,97209,14,1277,2,36000,1.01096319499
95919,95938,96850,19,912,2,36000,1.02083333333
95920,95943,96902,23,959,2,36000,1.02398331595
95922,95948,96909,26,961,2,36000,1.02705515088
95923,95954,96900,31,946,2,36000,1.03276955603
95924,95959,97078,35,1119,2,36000,1.03127792672
95926,95964,97213,38,1249,2,36000,1.03042433947
95927,95969,97190,42,1221,2,36000,1.0343980344
95928,95975,97031,47,1056,2,36000,1.04450757576
95930,95980,96826,50,846,2,36000,1.05910165485
95931,95985,97187,54,1202,2,36000,1.04492512479
95932,95990,96941,58,951,2,36000,1.06098843323
95933,95995,96907,62,912,2,36000,1.06798245614
95935,96001,96913,66,912,2,36000,1.07236842105
95936,96006,97213,70,1207,2,36000,1.057995029
95937,96011,97215,74,1204,2,36000,1.06146179402
95939,96016,96790,77,774,2,36000,1.09948320413
95940,96021,97213,81,1192,2,36000,1.06795302013
95941,96027,97213,86,1186,2,36000,1.07251264755
95943,96032,97053,89,1021,2,36000,1.08716944172
95944,96037,97319,93,1282,2,36000,1.07254290172
95945,96042,97212,97,1170,2,36000,1.08290598291
95947,96047,97184,100,1137,2,36000,1.08795074758
95948,96053,97184,105,1131,2,36000,1.09283819629
95950,96059,97184,109,1125,2,36000,1.09688888889
95951,96065,96911,114,846,2,36000,1.13475177305
95952,96070,97140,118,1070,2,36000,1.11028037383
95953,96075,97275,122,1200,2,36000,1.10166666667
95955,96080,97328,125,1248,2,36000,1.10016025641
95956,96085,97188,129,1103,2,36000,1.11695376247
95957,96091,97211,134,1120,2,36000,1.11964285714
95959,96096,97348,137,1252,2,36000,1.10942492013
95960,96101,97452,141,1351,2,36000,1.10436713546
95961,96108,97026,147,918,2,36000,1.16013071895
95963,96113,97288,150,1175,2,36000,1.12765957447
95964,96132,97263,168,1131,2,36000,1.14854111406
95965,96152,97401,187,1249,2,36000,1.14971977582
95967,96192,97379,225,1187,2,36000,1.18955349621
95968,96223,97186,255,963,2,36000,1.26479750779
95969,96228,97186,259,958,2,36000,1.27035490605
95971,96259,97213,288,954,2,36000,1.30188679245
95972,96291,97658,319,1367,2,36000,1.23335771763
95973,96304,97397,331,1093,2,36000,1.30283623056
95975,96317,97236,342,919,2,36000,1.37214363439
95976,96324,97288,348,964,2,36000,1.36099585062
95977,96352,97254,375,902,2,36000,1.41574279379
95979,96374,97532,395,1158,2,36000,1.34110535406
95980,96380,97277,400,897,2,36000,1.44593088071
95982,96388,97210,406,822,2,36000,1.49391727494
95983,96412,97280,429,868,2,36000,1.49423963134
96367,96466,96718,99,252,1,3600,1.39285714286
96606,96612,97590,6,978,2,36000,1.00613496933
96608,96618,97934,10,1316,2,36000,1.00759878419
96609,96623,97509,14,886,2,36000,1.0158013544
96610,96629,97999,19,1370,2,36000,1.01386861314
96612,96634,97971,22,1337,2,36000,1.01645474944
96613,96640,97668,27,1028,2,36000,1.02626459144
96614,96645,97920,31,1275,2,36000,1.02431372549
96615,96650,97925,35,1275,2,36000,1.02745098039
96617,96656,97685,39,1029,2,36000,1.03790087464
96618,96661,98095,43,1434,2,36000,1.029986053
96619,96666,97710,47,1044,2,36000,1.04501915709
96621,96671,98104,50,1433,2,36000,1.03489183531
96622,96676,97569,54,893,2,36000,1.06047032475
96623,96682,97707,59,1025,2,36000,1.05756097561
96625,96687,97551,62,864,2,36000,1.07175925926
96626,96692,97914,66,1222,2,36000,1.05400981997
96627,96697,97923,70,1226,2,36000,1.05709624796
96629,96703,97946,74,1243,2,36000,1.05953338697
96630,96708,97770,78,1062,2,36000,1.07344632768
96631,96713,97926,82,1213,2,36000,1.06760098928
96633,96718,97911,85,1193,2,36000,1.07124895222
96634,96728,97759,94,1031,2,36000,1.09117361785
96635,96733,98107,98,1374,2,36000,1.07132459971
96637,96739,97696,102,957,2,36000,1.1065830721
96638,96744,97870,106,1126,2,36000,1.09413854352
96639,96750,98001,111,1251,2,36000,1.08872901679
96641,96801,97912,160,1111,2,36000,1.14401440144
96642,96825,97726,183,901,2,36000,1.20310765816
96643,96838,97933,195,1095,2,36000,1.17808219178
96645,96848,97925,203,1077,2,36000,1.18848653668
96646,96854,97961,208,1107,2,36000,1.18789521229
96647,96860,98643,213,1783,2,36000,1.1194615816
96648,96883,97940,235,1057,2,36000,1.22232734153
96650,96912,97922,262,1010,2,36000,1.25940594059
96651,96917,97991,266,1074,2,36000,1.24767225326
96652,96924,97937,272,1013,2,36000,1.26850937808
96654,96930,98637,276,1707,2,36000,1.16168717047
96655,96935,97929,280,994,2,36000,1.28169014085
96657,96944,97931,287,987,2,36000,1.29078014184
96658,96950,97791,292,841,2,36000,1.34720570749
96659,96955,97929,296,974,2,36000,1.30390143737
96661,97000,97938,339,938,2,36000,1.36140724947
96662,97013,98107,351,1094,2,36000,1.32084095064
96663,97043,97922,380,879,2,36000,1.43230944255
96666,97050,98103,384,1053,2,36000,1.36467236467
96668,97072,98102,404,1030,2,36000,1.39223300971
96956,97097,97739,141,642,1,3600,1.21962616822
97293,97298,98674,5,1376,2,36000,1.00363372093
97294,97304,98110,10,806,2,36000,1.01240694789
97295,97309,98692,14,1383,2,36000,1.01012292119
97297,97315,98634,18,1319,2,36000,1.01364670205
97298,97320,98664,22,1344,2,36000,1.01636904762
97299,97326,98636,27,1310,2,36000,1.02061068702
97301,97331,98659,30,1328,2,36000,1.02259036145
97302,97336,98660,34,1324,2,36000,1.02567975831
97303,97342,98651,39,1309,2,36000,1.02979373568
97305,97347,98681,42,1334,2,36000,1.03148425787
97306,97352,98637,46,1285,2,36000,1.03579766537
97307,97357,98693,50,1336,2,36000,1.0374251497
97308,97362,98648,54,1286,2,36000,1.04199066874
97310,97368,98655,58,1287,2,36000,1.04506604507
97311,97373,98689,62,1316,2,36000,1.04711246201
97312,97378,98645,66,1267,2,36000,1.05209155485
97314,97383,98677,69,1294,2,36000,1.05332302937
97315,97388,98673,73,1285,2,36000,1.05680933852
97316,97394,98656,78,1262,2,36000,1.0618066561
97318,97399,98671,81,1272,2,36000,1.06367924528
97319,97404,98667,85,1263,2,36000,1.06730007918
97320,97409,98830,89,1421,2,36000,1.06263194933
97322,97416,98690,94,1274,2,36000,1.0737833595
97323,97421,98837,98,1416,2,36000,1.06920903955
97324,97426,98662,102,1236,2,36000,1.08252427184
97326,97431,98654,105,1223,2,36000,1.08585445626
97327,97436,98647,109,1211,2,36000,1.09000825764
97328,97442,98691,114,1249,2,36000,1.09127301841
97330,97447,98688,117,1241,2,36000,1.09427880741
97331,97452,98665,121,1213,2,36000,1.09975267931
97332,97457,98649,125,1192,2,36000,1.10486577181
97334,97462,98664,128,1202,2,36000,1.10648918469
97335,97468,98676,133,1208,2,36000,1.11009933775
97337,97473,98663,136,1190,2,36000,1.11428571429
97338,97478,98696,140,1218,2,36000,1.11494252874
97339,97485,98996,146,1511,2,36000,1.09662475182
97342,97521,98668,179,1147,2,36000,1.15605928509
97343,97543,98670,200,1127,2,36000,1.17746228926
97344,97563,98669,219,1106,2,36000,1.19801084991
97346,97580,98705,234,1125,2,36000,1.208
97347,97601,98679,254,1078,2,36000,1.23562152134
97349,97672,98681,323,1009,2,36000,1.32011892963
97350,97679,98681,329,1002,2,36000,1.32834331337
97353,97699,98666,346,967,2,36000,1.35780765253
97354,97708,98684,354,976,2,36000,1.36270491803
97356,97719,98661,363,942,2,36000,1.38535031847
97357,97725,98680,368,955,2,36000,1.38534031414
97358,97737,98976,379,1239,2,36000,1.30589184826
97360,97749,98827,389,1078,2,36000,1.36085343228
97361,97771,98694,410,923,2,36000,1.44420368364
97362,97782,98673,420,891,2,36000,1.47138047138
97364,97808,99215,444,1407,2,36000,1.31556503198
97365,97882,99523,517,1641,2,36000,1.31505179768
97366,97925,99345,559,1420,2,36000,1.39366197183
97965,97971,99272,6,1301,2,36000,1.00461183705
97966,97977,99346,11,1369,2,36000,1.00803506209
97967,97982,99382,15,1400,2,36000,1.01071428571
97969,97987,99369,18,1382,2,36000,1.01302460203
97970,97993,99343,23,1350,2,36000,1.01703703704
97971,97998,99436,27,1438,2,36000,1.01877607789
97973,98004,99339,31,1335,2,36000,1.02322097378
97974,98010,99406,36,1396,2,36000,1.02578796562
97975,98015,99535,40,1520,2,36000,1.02631578947
97977,98020,99371,43,1351,2,36000,1.03182827535
97978,98025,99428,47,1403,2,36000,1.03349964362
97979,98030,99370,51,1340,2,36000,1.03805970149
97980,98036,99623,56,1587,2,36000,1.03528670447
97982,98041,99553,59,1512,2,36000,1.03902116402
97983,98046,99899,63,1853,2,36000,1.03399892067
97984,98051,99385,67,1334,2,36000,1.05022488756
97986,98056,99346,70,1290,2,36000,1.05426356589
97987,98062,99438,75,1376,2,36000,1.05450581395
97988,98067,99366,79,1299,2,36000,1.06081601232
97990,98072,99385,82,1313,2,36000,1.06245239909
97991,98077,99383,86,1306,2,36000,1.06584992343
97992,98107,99557,115,1450,2,36000,1.07931034483
97994,98114,99377,120,1263,2,36000,1.09501187648
97995,98121,99381,126,1260,2,36000,1.1
97996,98127,99375,131,1248,2,36000,1.10496794872
97998,98132,99535,134,1403,2,36000,1.09550962224
97999,98084,99375,85,1291,2,36000,1.06584043377
98000,98089,99378,89,1289,2,36000,1.06904577192
98002,98137,99341,135,1204,2,36000,1.11212624585
98003,98142,99389,139,1247,2,36000,1.11146752205
98004,98648,99944,644,1296,2,36000,1.49691358025
98006,98654,100048,648,1394,2,36000,1.46484935438
98007,98660,99984,653,1324,2,36000,1.49320241692
98008,98666,99979,658,1313,2,36000,1.50114242193
98010,98671,99942,661,1271,2,36000,1.52006294256
98011,98676,100145,665,1469,2,36000,1.45268890402
98012,98681,99994,669,1313,2,36000,1.50952018279
98013,98686,100052,673,1366,2,36000,1.49267935578
98015,98695,99939,680,1244,2,36000,1.54662379421
98016,98701,100004,685,1303,2,36000,1.52570990023
98017,98706,100074,689,1368,2,36000,1.50365497076
98019,98711,100000,692,1289,2,36000,1.53685027153
98020,98716,100024,696,1308,2,36000,1.53211009174
98329,98742,100316,413,1574,1,3600,1.2623888183
98683,98721,100050,38,1329,2,36000,1.02859292701
98684,98727,99927,43,1200,2,36000,1.03583333333
98686,98732,99934,46,1202,2,36000,1.03826955075
98687,98737,100127,50,1390,2,36000,1.03597122302
98688,98749,99990,61,1241,2,36000,1.04915390814
98690,98754,100054,64,1300,2,36000,1.04923076923
98691,98759,100039,68,1280,2,36000,1.053125
98692,98764,100006,72,1242,2,36000,1.05797101449
98694,98770,99995,76,1225,2,36000,1.06204081633
98695,98775,100175,80,1400,2,36000,1.05714285714
98696,98780,100081,84,1301,2,36000,1.06456571868
98698,98785,100121,87,1336,2,36000,1.06511976048
98699,98790,100025,91,1235,2,36000,1.07368421053
98700,98796,100049,96,1253,2,36000,1.07661612131
98701,98801,100065,100,1264,2,36000,1.07911392405
98703,98806,100331,103,1525,2,36000,1.06754098361
98704,98811,99978,107,1167,2,36000,1.09168808912
98706,98816,99992,110,1176,2,36000,1.09353741497
98707,98822,100168,115,1346,2,36000,1.08543833581
98708,98827,100016,119,1189,2,36000,1.10008410429
98710,98832,100005,122,1173,2,36000,1.10400682012
98711,98837,100065,126,1228,2,36000,1.10260586319
98712,98842,100201,130,1359,2,36000,1.09565857248
98714,98848,100064,134,1216,2,36000,1.11019736842
98715,98853,100065,138,1212,2,36000,1.11386138614
98716,98858,100074,142,1216,2,36000,1.11677631579
98718,98863,100065,145,1202,2,36000,1.12063227953
98719,98869,100063,150,1194,2,36000,1.1256281407
98720,98874,100071,154,1197,2,36000,1.12865497076
98722,98879,100711,157,1832,2,36000,1.08569868996
98723,98884,100053,161,1169,2,36000,1.1377245509
98725,98889,100070,164,1181,2,36000,1.13886536833
98726,98895,100068,169,1173,2,36000,1.14407502131
98728,98990,100217,262,1227,2,36000,1.21352893236
98729,99011,100063,282,1052,2,36000,1.2680608365
98730,99263,100822,533,1559,2,36000,1.34188582425
98732,99292,100821,560,1529,2,36000,1.36625245258
98734,99352,100843,618,1491,2,36000,1.41448692153
98735,99357,100330,622,973,2,36000,1.63926002055
98736,99364,100841,628,1477,2,36000,1.42518618822
98739,99371,100332,632,961,2,36000,1.65764828304
98740,99377,100837,637,1460,2,36000,1.43630136986
98742,99382,100855,640,1473,2,36000,1.4344874406
98743,98901,100072,158,1171,2,36000,1.13492741247
98744,98907,100065,163,1158,2,36000,1.14075993092
98746,98912,100065,166,1153,2,36000,1.14397224631
98747,99389,100816,642,1427,2,36000,1.44989488437
98748,99394,100332,646,938,2,36000,1.68869936034
98750,99399,100844,649,1445,2,36000,1.4491349481
98751,99404,100842,653,1438,2,36000,1.45410292072
98752,99410,100860,658,1450,2,36000,1.45379310345
98754,99415,100840,661,1425,2,36000,1.46385964912
98755,99420,100864,665,1444,2,36000,1.46052631579
98756,99427,100852,671,1425,2,36000,1.47087719298
98758,99432,100839,674,1407,2,36000,1.47903340441
98759,99437,100845,678,1408,2,36000,1.48153409091
98760,99442,100857,682,1415,2,36000,1.48197879859
99424,99448,100838,24,1390,2,36000,1.01726618705
99425,99453,100862,28,1409,2,36000,1.01987224982
99427,99459,100858,32,1399,2,36000,1.02287348106
99428,99464,100864,36,1400,2,36000,1.02571428571
99429,99469,100848,40,1379,2,36000,1.02900652647
99431,99474,100846,43,1372,2,36000,1.03134110787
99432,99481,100850,49,1369,2,36000,1.03579254931
99434,99539,100863,105,1324,2,36000,1.07930513595
99435,99546,100853,111,1307,2,36000,1.08492731446
99436,99551,100851,115,1300,2,36000,1.08846153846
99438,99564,100861,126,1297,2,36000,1.09714726291
99439,99573,100853,134,1280,2,36000,1.1046875
99440,99676,100859,236,1183,2,36000,1.19949281488
99442,99921,101110,479,1189,2,36000,1.40285954584
99443,99943,101109,500,1166,2,36000,1.42881646655
99444,99950,101908,506,1958,2,36000,1.25842696629
99446,99957,101383,511,1426,2,36000,1.35834502104
99447,99962,101281,515,1319,2,36000,1.39044730857
99448,99968,101375,520,1407,2,36000,1.36958066809
99449,99995,101699,546,1704,2,36000,1.32042253521
99451,100000,101107,549,1107,2,36000,1.49593495935
99452,100006,101325,554,1319,2,36000,1.420015163
99453,100011,101234,558,1223,2,36000,1.45625511038
99455,100018,101235,563,1217,2,36000,1.46261298274
99456,100023,101623,567,1600,2,36000,1.354375
99457,100029,101646,572,1617,2,36000,1.3537414966
99459,100035,101542,576,1507,2,36000,1.38221632382
99460,100041,101399,581,1358,2,36000,1.42783505155
99463,100046,101541,583,1495,2,36000,1.38996655518
100127,100133,101539,6,1406,2,36000,1.00426742532
100129,100139,101343,10,1204,2,36000,1.00830564784
100130,100144,101635,14,1491,2,36000,1.00938967136
100131,100150,101285,19,1135,2,36000,1.01674008811
100132,100155,101631,23,1476,2,36000,1.01558265583
100134,100161,101647,27,1486,2,36000,1.01816958277
100135,100166,101627,31,1461,2,36000,1.0212183436
100136,100172,101620,36,1448,2,36000,1.02486187845
100138,100177,101603,39,1426,2,36000,1.02734922861
100139,100182,101615,43,1433,2,36000,1.03000697837
100140,100187,101531,47,1344,2,36000,1.0349702381
100142,100192,101632,50,1440,2,36000,1.03472222222
100143,100198,101631,55,1433,2,36000,1.03838101884
100145,100203,101629,58,1426,2,36000,1.04067321178
100146,100208,101711,62,1503,2,36000,1.04125083167
100147,100213,101623,66,1410,2,36000,1.04680851064
100149,100218,101616,69,1398,2,36000,1.04935622318
100150,100224,101634,74,1410,2,36000,1.0524822695
100151,100229,101643,78,1414,2,36000,1.05516265912
100153,100234,101636,81,1402,2,36000,1.0577746077
100154,100240,101644,86,1404,2,36000,1.06125356125
100155,100245,101541,90,1296,2,36000,1.06944444444
100157,100251,101577,94,1326,2,36000,1.07088989442
100158,100257,101530,99,1273,2,36000,1.07776904949
100159,100262,101538,103,1276,2,36000,1.08072100313
100161,100267,101637,106,1370,2,36000,1.07737226277
100162,100272,101619,110,1347,2,36000,1.08166295471
100163,100277,101626,114,1349,2,36000,1.08450704225
100165,100283,101639,118,1356,2,36000,1.08702064897
100168,100288,101648,120,1360,2,36000,1.08823529412
100170,100293,101617,123,1324,2,36000,1.09290030211
100171,100298,101622,127,1324,2,36000,1.09592145015
100172,100303,101775,131,1472,2,36000,1.08899456522
100174,100309,101638,135,1329,2,36000,1.10158013544
100175,100326,101685,151,1359,2,36000,1.11111111111
100177,100352,101633,175,1281,2,36000,1.13661202186
100178,100358,101797,180,1439,2,36000,1.12508686588
100181,100363,101645,182,1282,2,36000,1.14196567863
100182,100368,101750,186,1382,2,36000,1.13458755427
100183,100735,102270,552,1535,2,36000,1.35960912052
100185,100828,102120,643,1292,2,36000,1.49767801858
100186,100835,101953,649,1118,2,36000,1.58050089445
100188,100841,102021,653,1180,2,36000,1.55338983051
100189,100849,101989,660,1140,2,36000,1.57894736842
100190,100856,102099,666,1243,2,36000,1.5358004827
100192,100861,101997,669,1136,2,36000,1.5889084507
100193,100866,101958,673,1092,2,36000,1.6163003663
100194,100873,101787,679,914,2,36000,1.74288840263
100196,100878,101963,682,1085,2,36000,1.62857142857
100197,100883,101996,686,1113,2,36000,1.61635220126
100198,100889,101788,691,899,2,36000,1.76863181313
100200,100894,102270,694,1376,2,36000,1.50436046512
100201,100901,101806,700,905,2,36000,1.77348066298
100320,100917,101374,597,457,1,3600,2.30634573304
100893,100906,101983,13,1077,2,36000,1.01207056639
100895,100912,101947,17,1035,2,36000,1.01642512077
100896,100923,102106,27,1183,2,36000,1.02282333052
100897,100928,103136,31,2208,2,36000,1.01403985507
100899,100933,102543,34,1610,2,36000,1.02111801242
100900,100939,102269,39,1330,2,36000,1.02932330827
100901,100944,102093,43,1149,2,36000,1.03742384682
100903,100949,102267,46,1318,2,36000,1.03490136571
100904,100954,102029,50,1075,2,36000,1.04651162791
100905,100959,102177,54,1218,2,36000,1.04433497537
100907,100965,102271,58,1306,2,36000,1.04441041348
100908,100970,101986,62,1016,2,36000,1.06102362205
100909,100975,102273,66,1298,2,36000,1.05084745763
100911,100980,101982,69,1002,2,36000,1.06886227545
100912,100986,101981,74,995,2,36000,1.0743718593
100913,101118,102535,205,1417,2,36000,1.14467184192
100915,101125,102264,210,1139,2,36000,1.18437225637
100916,101130,102272,214,1142,2,36000,1.18739054291
100917,101245,102263,328,1018,2,36000,1.32220039293
100919,101251,102319,332,1068,2,36000,1.31086142322
100920,101293,102261,373,968,2,36000,1.38533057851
100921,101299,102395,378,1096,2,36000,1.34489051095
100922,101341,102621,419,1280,2,36000,1.32734375
100924,101354,102294,430,940,2,36000,1.45744680851
100941,101384,103055,443,1671,2,36000,1.26511071215
101102,101391,102534,289,1143,2,36000,1.25284339458
101103,101397,102265,294,868,2,36000,1.33870967742
101104,101460,103118,356,1658,2,36000,1.21471652593
101117,101542,102609,425,1067,2,36000,1.39831302718
101118,101562,103108,444,1546,2,36000,1.2871927555
101120,101567,102608,447,1041,2,36000,1.42939481268
101229,101573,102536,344,963,2,36000,1.35721703011
101276,101578,102651,302,1073,2,36000,1.28145386766
101277,101583,103101,306,1518,2,36000,1.20158102767
101279,101588,103096,309,1508,2,36000,1.2049071618
101280,101606,103107,326,1501,2,36000,1.21718854097
101282,101619,102648,337,1029,2,36000,1.32750242954
101283,101627,102702,344,1075,2,36000,1.32
101285,101634,102709,349,1075,2,36000,1.32465116279
101286,101639,103120,353,1481,2,36000,1.23835246455
101672,101679,103103,7,1424,2,36000,1.00491573034
101674,101685,103119,11,1434,2,36000,1.00767085077
101675,101690,102638,15,948,2,36000,1.01582278481
101677,101695,102639,18,944,2,36000,1.01906779661
101678,101701,103128,23,1427,2,36000,1.0161177295
101679,101706,103105,27,1399,2,36000,1.01929949964
101681,101712,102639,31,927,2,36000,1.0334412082
101682,101717,102613,35,896,2,36000,1.0390625
101683,101723,103138,40,1415,2,36000,1.02826855124
101685,101728,102647,43,919,2,36000,1.04678998912
101686,101733,102633,47,900,2,36000,1.05222222222
101687,101738,102654,51,916,2,36000,1.0556768559
101689,101743,102680,54,937,2,36000,1.05763073639
101690,101749,103114,59,1365,2,36000,1.04322344322
101691,101754,103102,63,1348,2,36000,1.04673590504
101693,101759,102708,66,949,2,36000,1.06954689146
101694,101764,103126,70,1362,2,36000,1.05139500734
101695,101769,103116,74,1347,2,36000,1.05493689681
101695,101811,102409,116,598,1,3600,1.19397993311
101697,101775,102992,78,1217,2,36000,1.06409202958
101698,101780,103117,82,1337,2,36000,1.06133133882
101699,101785,103109,86,1324,2,36000,1.06495468278
101701,101790,103095,89,1305,2,36000,1.06819923372
101702,101795,103105,93,1310,2,36000,1.07099236641
101703,101801,102706,98,905,2,36000,1.10828729282
101707,101806,103115,99,1309,2,36000,1.0756302521
101708,101818,103110,110,1292,2,36000,1.08513931889
101709,101823,103123,114,1300,2,36000,1.08769230769
101711,101828,103106,117,1278,2,36000,1.09154929577
101712,101834,103139,122,1305,2,36000,1.09348659004
101714,101839,103129,125,1290,2,36000,1.09689922481
101716,101844,103140,128,1296,2,36000,1.0987654321
101718,101850,103093,132,1243,2,36000,1.10619469027
101719,101919,103097,200,1178,2,36000,1.16977928693
101720,101965,103130,245,1165,2,36000,1.21030042918
101722,101970,103141,248,1171,2,36000,1.21178479932
101723,101977,103132,254,1155,2,36000,1.21991341991
101724,101983,103259,259,1276,2,36000,1.20297805643
101729,101993,103260,264,1267,2,36000,1.20836621942
101730,101998,103129,268,1131,2,36000,1.23695844385
101732,102004,103659,272,1655,2,36000,1.16435045317
101733,102010,103142,277,1132,2,36000,1.24469964664
101734,102021,103169,287,1148,2,36000,1.25
101736,102027,103121,291,1094,2,36000,1.26599634369
101737,102032,103133,295,1101,2,36000,1.26793823797
101738,102039,103333,301,1294,2,36000,1.23261205564
101740,102070,103135,330,1065,2,36000,1.30985915493
101741,102104,103134,363,1030,2,36000,1.35242718447
101742,102110,103122,368,1012,2,36000,1.36363636364
102374,102380,103618,6,1238,2,36000,1.00484652666
102376,102386,103331,10,945,2,36000,1.01058201058
102377,102391,103616,14,1225,2,36000,1.01142857143
102378,102397,103711,19,1314,2,36000,1.01445966514
102379,102402,103630,23,1228,2,36000,1.01872964169
102381,102408,103619,27,1211,2,36000,1.02229562345
102382,102413,103812,31,1399,2,36000,1.02215868477
102383,102418,103807,35,1389,2,36000,1.02519798416
102385,102423,103813,38,1390,2,36000,1.0273381295
102386,102428,103318,42,890,2,36000,1.04719101124
102387,102434,103903,47,1469,2,36000,1.03199455412
102389,102439,103622,50,1183,2,36000,1.04226542688
102390,102444,104025,54,1581,2,36000,1.03415559772
102391,102449,103757,58,1308,2,36000,1.04434250765
102393,102454,103820,61,1366,2,36000,1.04465592972
102394,102460,103805,66,1345,2,36000,1.04907063197
102395,102465,103816,70,1351,2,36000,1.0518134715
102397,102545,103812,148,1267,2,36000,1.11681136543
102398,102552,103917,154,1365,2,36000,1.11282051282
102399,102558,104034,159,1476,2,36000,1.10772357724
102401,102588,103824,187,1236,2,36000,1.15129449838
102402,102471,103912,69,1441,2,36000,1.0478834143
102403,102619,103811,216,1192,2,36000,1.18120805369
102404,102626,103961,222,1335,2,36000,1.16629213483
102406,102632,104029,226,1397,2,36000,1.16177523264
102407,102638,104509,231,1871,2,36000,1.12346338856
102408,102645,103819,237,1174,2,36000,1.20187393526
102410,102652,103814,242,1162,2,36000,1.2082616179
102411,102658,103808,247,1150,2,36000,1.2147826087
102412,102663,103815,251,1152,2,36000,1.21788194444
102414,102671,104002,257,1331,2,36000,1.19308790383
102415,102676,103931,261,1255,2,36000,1.20796812749
102416,102681,103817,265,1136,2,36000,1.23327464789
102418,102686,103879,268,1193,2,36000,1.22464375524
102419,102702,103819,283,1117,2,36000,1.2533572068
102420,102713,103821,293,1108,2,36000,1.26444043321
102422,102720,103821,298,1101,2,36000,1.27066303361
102423,102725,103817,302,1092,2,36000,1.27655677656
102436,102731,104576,295,1845,2,36000,1.15989159892
102444,103107,103444,663,337,1,3600,2.96735905045
102528,103021,104584,493,1563,2,36000,1.3154190659
102601,103071,104503,470,1432,2,36000,1.3282122905
103061,103114,104573,53,1459,1,3600,1.03632625086
103152,103158,104607,6,1449,2,36000,1.00414078675
103153,103164,104554,11,1390,2,36000,1.00791366906
103155,103169,104488,14,1319,2,36000,1.01061410159
103156,103174,104551,18,1377,2,36000,1.01307189542
103158,103180,104606,22,1426,2,36000,1.01542776999
103159,103186,104582,27,1396,2,36000,1.01934097421
103160,103191,104550,31,1359,2,36000,1.02281089036
103162,103196,104486,34,1290,2,36000,1.02635658915
103163,103202,104613,39,1411,2,36000,1.02763997165
103164,103207,104097,43,890,2,36000,1.04831460674
103167,103212,105257,45,2045,2,36000,1.02200488998
103169,103217,104582,48,1365,2,36000,1.03516483516
103170,103223,104601,53,1378,2,36000,1.03846153846
103171,103228,104578,57,1350,2,36000,1.04222222222
103173,103233,104594,60,1361,2,36000,1.04408523145
103176,103238,104505,62,1267,2,36000,1.04893449092
103177,103243,104604,66,1361,2,36000,1.04849375459
103179,103249,104613,70,1364,2,36000,1.05131964809
103180,103254,104628,74,1374,2,36000,1.0538573508
103183,103260,104603,77,1343,2,36000,1.05733432614
103184,103265,104619,81,1354,2,36000,1.05982274742
103185,103270,104582,85,1312,2,36000,1.06478658537
103187,103276,104621,89,1345,2,36000,1.06617100372
103188,103281,104592,93,1311,2,36000,1.0709382151
103189,103286,104603,97,1317,2,36000,1.07365223994
103191,103291,104604,100,1313,2,36000,1.0761614623
103192,103296,104604,104,1308,2,36000,1.07951070336
103194,103302,104585,108,1283,2,36000,1.0841777085
103195,103307,104612,112,1305,2,36000,1.08582375479
103196,103312,104600,116,1288,2,36000,1.0900621118
103204,103317,104623,113,1306,2,36000,1.0865237366
103205,103322,104614,117,1292,2,36000,1.09055727554
103206,103328,104596,122,1268,2,36000,1.09621451104
103208,103333,104587,125,1254,2,36000,1.09968102073
103209,103338,104616,129,1278,2,36000,1.10093896714
103210,103343,104801,133,1458,2,36000,1.09122085048
103212,103349,104608,137,1259,2,36000,1.10881652105
103213,103354,104609,141,1255,2,36000,1.11235059761
103214,103359,104579,145,1220,2,36000,1.11885245902
103216,103366,104607,150,1241,2,36000,1.12087026591
103217,103372,104618,155,1246,2,36000,1.12439807384
103218,103377,104589,159,1212,2,36000,1.13118811881
103220,103382,104780,162,1398,2,36000,1.11587982833
103221,103436,104622,215,1186,2,36000,1.18128161889
103222,103634,105258,412,1624,2,36000,1.25369458128
103224,103641,105320,417,1679,2,36000,1.24836212031
103225,103646,104620,421,974,2,36000,1.43223819302
103227,103653,104605,426,952,2,36000,1.4474789916
103228,103660,105339,432,1679,2,36000,1.25729600953
103229,103687,105332,458,1645,2,36000,1.27841945289
103231,103725,104633,494,908,2,36000,1.54405286344
103232,103775,104733,543,958,2,36000,1.56680584551
103233,103817,104756,584,939,2,36000,1.62193823216
103308,103824,105343,516,1519,2,36000,1.33969716919
103325,103829,104722,504,893,2,36000,1.56438969765
103326,103834,105326,508,1492,2,36000,1.34048257373
103328,103840,104778,512,938,2,36000,1.54584221748
103331,103845,104756,514,911,2,36000,1.56421514819
103332,103850,105326,518,1476,2,36000,1.35094850949
103334,103858,105318,524,1460,2,36000,1.35890410959
103335,103863,105328,528,1465,2,36000,1.36040955631
103497,103868,104771,371,903,2,36000,1.41085271318
103607,103874,104825,267,951,2,36000,1.28075709779
103784,103879,104858,95,979,1,3600,1.09703779367
103915,103921,105342,6,1421,2,36000,1.00422237861
103917,103927,105330,10,1403,2,36000,1.00712758375
103918,103932,105337,14,1405,2,36000,1.00996441281
103919,103937,105400,18,1463,2,36000,1.01230348599
103921,103943,105326,22,1383,2,36000,1.01590744758
103923,103949,105342,26,1393,2,36000,1.01866475233
103924,103954,105328,30,1374,2,36000,1.02183406114
103925,103960,105648,35,1688,2,36000,1.02073459716
103927,103965,105366,38,1401,2,36000,1.02712348323
103928,103970,105336,42,1366,2,36000,1.03074670571
103929,103975,105343,46,1368,2,36000,1.03362573099
103931,103980,105321,49,1341,2,36000,1.0365398956
103933,104022,105326,89,1304,2,36000,1.06825153374
103934,104037,105322,103,1285,2,36000,1.08015564202
103935,104044,105340,109,1296,2,36000,1.08410493827
103937,104050,105331,113,1281,2,36000,1.08821233411
103938,104108,105326,170,1218,2,36000,1.13957307061
103939,104508,105948,569,1440,2,36000,1.39513888889
103942,104514,105951,572,1437,2,36000,1.39805149617
103943,103987,105327,44,1340,2,36000,1.0328358209
103945,104543,106495,598,1952,2,36000,1.30635245902
103946,104548,106056,602,1508,2,36000,1.39920424403
103947,104554,105943,607,1389,2,36000,1.4370050396
103949,104576,105811,627,1235,2,36000,1.50769230769
103950,104582,105998,632,1416,2,36000,1.44632768362
103951,104587,105865,636,1278,2,36000,1.49765258216
103953,104600,105947,647,1347,2,36000,1.48032665182
103954,104605,106236,651,1631,2,36000,1.3991416309
103955,104610,106022,655,1412,2,36000,1.46388101983
103956,104616,106222,660,1606,2,36000,1.41095890411
103958,104621,106238,663,1617,2,36000,1.41001855288
103960,104626,106148,666,1522,2,36000,1.43758212878
103961,104631,105999,670,1368,2,36000,1.48976608187
103963,104636,105963,673,1327,2,36000,1.50715900528
103964,104642,106002,678,1360,2,36000,1.49852941176
104293,104593,104755,300,162,1,1800,2.85185185185
104627,104650,106096,23,1446,2,36000,1.01590594744
104629,104656,106232,27,1576,2,36000,1.0171319797
104630,104661,105962,31,1301,2,36000,1.02382782475
104632,104666,105749,34,1083,2,36000,1.03139427516
104633,104671,105979,38,1308,2,36000,1.02905198777
104635,104676,106101,41,1425,2,36000,1.02877192982
104636,104682,106033,46,1351,2,36000,1.0340488527
104637,104687,106193,50,1506,2,36000,1.03320053121
104638,104692,106379,54,1687,2,36000,1.03200948429
104640,104697,105982,57,1285,2,36000,1.04435797665
104641,104703,106552,62,1849,2,36000,1.03353163872
104642,104708,106099,66,1391,2,36000,1.04744787922
104644,104714,106289,70,1575,2,36000,1.04444444444
104645,104719,106010,74,1291,2,36000,1.05731990705
104646,104724,106271,78,1547,2,36000,1.05042016807
104648,104730,106021,82,1291,2,36000,1.06351665376
104649,104735,105945,86,1210,2,36000,1.07107438017
104650,104740,106081,90,1341,2,36000,1.06711409396
104652,104745,106008,93,1263,2,36000,1.07363420428
104653,104750,106170,97,1420,2,36000,1.06830985915
104654,104756,106535,102,1779,2,36000,1.05733558179
104656,104761,106006,105,1245,2,36000,1.0843373494
104657,104766,106052,109,1286,2,36000,1.08475894246
104659,104771,106056,112,1285,2,36000,1.08715953307
104660,104776,105965,116,1189,2,36000,1.09756097561
104661,104782,106012,121,1230,2,36000,1.09837398374
104662,104787,105938,125,1151,2,36000,1.10860121633
104664,104792,106016,128,1224,2,36000,1.1045751634
104665,104797,105961,132,1164,2,36000,1.11340206186
104666,104803,106120,137,1317,2,36000,1.10402429765
104668,104808,105942,140,1134,2,36000,1.12345679012
104669,104813,106000,144,1187,2,36000,1.12131423757
104671,104818,105941,147,1123,2,36000,1.13089937667
104672,104823,106054,151,1231,2,36000,1.12266450041
104673,104829,106077,156,1248,2,36000,1.125
104675,104834,105972,159,1138,2,36000,1.13971880492
104678,104839,105939,161,1100,2,36000,1.14636363636
104679,104844,106007,165,1163,2,36000,1.1418744626
104680,104849,106092,169,1243,2,36000,1.13596138375
104682,104855,106018,173,1163,2,36000,1.14875322442
104683,104860,106102,177,1242,2,36000,1.14251207729
104685,104865,105978,180,1113,2,36000,1.16172506739
104686,104870,105821,184,951,2,36000,1.19348054679
104687,104875,106100,188,1225,2,36000,1.15346938776
104689,104881,106195,192,1314,2,36000,1.14611872146
104690,104886,106230,196,1344,2,36000,1.14583333333
104691,104893,106240,202,1347,2,36000,1.14996288048
104693,104898,106518,205,1620,2,36000,1.12654320988
104694,104903,106093,209,1190,2,36000,1.1756302521
104695,104908,106253,213,1345,2,36000,1.15836431227
104697,104914,106086,217,1172,2,36000,1.18515358362
104698,104919,106202,221,1283,2,36000,1.17225253313
104699,104924,105997,225,1073,2,36000,1.20969245107
104700,104929,106061,229,1132,2,36000,1.20229681979
105351,105358,106485,7,1127,2,36000,1.00621118012
105353,105363,106464,10,1101,2,36000,1.00908265213
105354,105369,106705,15,1336,2,36000,1.01122754491
105355,105374,106599,19,1225,2,36000,1.01551020408
105357,105379,106709,22,1330,2,36000,1.01654135338
105358,105385,106467,27,1082,2,36000,1.02495378928
105359,105390,106712,31,1322,2,36000,1.02344931921
105361,105395,106301,34,906,2,36000,1.03752759382
105362,105400,106640,38,1240,2,36000,1.03064516129
105363,105405,106633,42,1228,2,36000,1.0342019544
105365,105411,106465,46,1054,2,36000,1.04364326376
105366,105416,106933,50,1517,2,36000,1.03295978906
105367,105422,106678,55,1256,2,36000,1.04378980892
105369,105427,106626,58,1199,2,36000,1.0483736447
105370,105432,106643,62,1211,2,36000,1.05119735756
105371,105437,106692,66,1255,2,36000,1.05258964143
105373,105442,106463,69,1021,2,36000,1.06758080313
105374,105448,106776,74,1328,2,36000,1.05572289157
105375,105453,106466,78,1013,2,36000,1.07699901283
105376,105458,106494,82,1036,2,36000,1.07915057915
105378,105463,106739,85,1276,2,36000,1.06661442006
105379,105468,106634,89,1166,2,36000,1.07632933105
105380,105474,106496,94,1022,2,36000,1.09197651663
105382,105479,106707,97,1228,2,36000,1.07899022801
105383,105484,106609,101,1125,2,36000,1.08977777778
105385,105489,106749,104,1260,2,36000,1.08253968254
105386,105494,106680,108,1186,2,36000,1.0910623946
105387,105500,106689,113,1189,2,36000,1.09503784693
105390,105505,106688,115,1183,2,36000,1.09721048183
105392,105660,106801,268,1141,2,36000,1.23488168273
105393,105760,106706,367,946,2,36000,1.38794926004
105395,105847,106717,452,870,2,36000,1.51954022989
105396,105852,106987,456,1135,2,36000,1.40176211454
105397,105885,107001,488,1116,2,36000,1.43727598566
105400,105950,106741,550,791,2,36000,1.69532237674
105461,105957,106270,496,313,1,1800,2.58466453674
105552,105963,107563,411,1600,1,3600,1.256875
106069,106075,107369,6,1294,2,36000,1.00463678516
106070,106081,107432,11,1351,2,36000,1.00814211695
106072,106086,107171,14,1085,2,36000,1.01290322581
106073,106092,107147,19,1055,2,36000,1.01800947867
106074,106097,107000,23,903,2,36000,1.02547065338
106076,106102,107423,26,1321,2,36000,1.01968205905
106077,106109,107180,32,1071,2,36000,1.02987861811
106079,106114,107178,35,1064,2,36000,1.03289473684
106080,106119,107172,39,1053,2,36000,1.03703703704
106081,106124,107249,43,1125,2,36000,1.03822222222
106083,106129,107176,46,1047,2,36000,1.04393505253
106084,106135,107147,51,1012,2,36000,1.05039525692
106085,106140,107483,55,1343,2,36000,1.0409530901
106087,106145,107256,58,1111,2,36000,1.05220522052
106088,106150,107181,62,1031,2,36000,1.06013579049
106089,106155,107564,66,1409,2,36000,1.04684173172
106091,106161,107184,70,1023,2,36000,1.06842619746
106092,106166,107174,74,1008,2,36000,1.07341269841
106093,106171,107219,78,1048,2,36000,1.07442748092
106095,106176,107235,81,1059,2,36000,1.07648725212
106096,106182,107184,86,1002,2,36000,1.08582834331
106097,106187,107406,90,1219,2,36000,1.07383100902
106099,106192,107427,93,1235,2,36000,1.07530364372
106100,106198,107179,98,981,2,36000,1.0998980632
106101,106203,107255,102,1052,2,36000,1.0969581749
106103,106208,107519,105,1311,2,36000,1.08009153318
106104,106215,107175,111,960,2,36000,1.115625
106105,106220,107177,115,957,2,36000,1.12016718913
106107,106225,107180,118,955,2,36000,1.12356020942
106108,106230,107323,122,1093,2,36000,1.11161939616
106109,106236,107426,127,1190,2,36000,1.10672268908
106111,106241,107490,130,1249,2,36000,1.10408326661
106112,106246,107468,134,1222,2,36000,1.10965630115
106113,106251,107543,138,1292,2,36000,1.10681114551
106115,106256,107381,141,1125,2,36000,1.12533333333
106116,106262,107359,146,1097,2,36000,1.13309024613
106118,106267,107183,149,916,2,36000,1.16266375546
106119,106272,107440,153,1168,2,36000,1.13099315068
106121,106277,107273,156,996,2,36000,1.15662650602
106122,106282,107283,160,1001,2,36000,1.15984015984
106124,106288,107401,164,1113,2,36000,1.14734950584
106125,106293,107465,168,1172,2,36000,1.1433447099
106127,106298,107420,171,1122,2,36000,1.15240641711
106128,106303,107350,175,1047,2,36000,1.16714422159
106679,106685,106861,6,176,1,3600,1.03409090909
106793,106799,108326,6,1527,2,36000,1.00392927308
106794,106805,108313,11,1508,2,36000,1.00729442971
106796,106810,108322,14,1512,2,36000,1.00925925926
106797,106815,108309,18,1494,2,36000,1.01204819277
106798,106821,108296,23,1475,2,36000,1.01559322034
106800,106826,107749,26,923,2,36000,1.02816901408
106801,106832,108335,31,1503,2,36000,1.02062541583
106802,106837,107848,35,1011,2,36000,1.03461918892
106803,106842,107838,39,996,2,36000,1.03915662651
106805,106847,108299,42,1452,2,36000,1.02892561983
106806,106853,107953,47,1100,2,36000,1.04272727273
106807,106858,108270,51,1412,2,36000,1.03611898017
106809,106863,108299,54,1436,2,36000,1.03760445682
106810,106868,108299,58,1431,2,36000,1.04053109713
106811,106873,108299,62,1426,2,36000,1.04347826087
106813,106879,108300,66,1421,2,36000,1.04644616467
106814,106884,108003,70,1119,2,36000,1.06255585344
106815,106889,107937,74,1048,2,36000,1.07061068702
106817,106894,107765,77,871,2,36000,1.08840413318
106818,106899,108348,81,1449,2,36000,1.05590062112
106819,106905,108300,86,1395,2,36000,1.06164874552
106821,106910,108297,89,1387,2,36000,1.06416726748
106822,106915,108307,93,1392,2,36000,1.06681034483
106823,106920,107848,97,928,2,36000,1.10452586207
106825,106925,108298,100,1373,2,36000,1.07283321194
106826,106931,108300,105,1369,2,36000,1.07669831994
106827,106937,107742,110,805,2,36000,1.13664596273
106829,106942,108339,113,1397,2,36000,1.08088761632
106830,106948,108316,118,1368,2,36000,1.08625730994
106831,106953,108315,122,1362,2,36000,1.08957415565
106832,106958,108300,126,1342,2,36000,1.09388971684
106834,106963,108340,129,1377,2,36000,1.09368191721
106835,106968,108325,133,1357,2,36000,1.09801031688
106836,106974,108323,138,1349,2,36000,1.10229799852
106838,106979,108346,141,1367,2,36000,1.10314557425
106839,106984,108322,145,1338,2,36000,1.10837070254
106841,106989,108322,148,1333,2,36000,1.11102775694
106842,106995,108348,153,1353,2,36000,1.11308203991
106843,107000,108334,157,1334,2,36000,1.11769115442
106845,107005,108301,160,1296,2,36000,1.12345679012
106846,107010,108299,164,1289,2,36000,1.12723041117
106847,107015,108301,168,1286,2,36000,1.13063763608
106849,107021,108332,172,1311,2,36000,1.13119755912
106850,107026,108304,176,1278,2,36000,1.13771517997
106851,107031,108376,180,1345,2,36000,1.13382899628
106852,107036,108328,184,1292,2,36000,1.14241486068
106854,107041,108337,187,1296,2,36000,1.14429012346
106857,107047,108324,190,1277,2,36000,1.1487862177
106858,107052,108299,194,1247,2,36000,1.1555733761
106859,107057,108337,198,1280,2,36000,1.1546875
106861,107062,108334,201,1272,2,36000,1.15801886792
106862,107067,108313,205,1246,2,36000,1.16452648475
106863,107073,108342,210,1269,2,36000,1.16548463357
106865,107079,108351,214,1272,2,36000,1.16823899371
106866,107085,108303,219,1218,2,36000,1.17980295567
106867,107090,108453,223,1363,2,36000,1.16360968452
106869,107095,108341,226,1246,2,36000,1.18138041734
106870,107166,108412,296,1246,2,36000,1.23756019262
106871,107171,108329,300,1158,2,36000,1.25906735751
106872,107183,108306,311,1123,2,36000,1.27693677649
106874,107190,108573,316,1383,2,36000,1.22848879248
107161,107195,107971,34,776,1,3600,1.04381443299
107535,107547,108330,12,783,1,1800,1.0153256705
107537,107542,108574,5,1032,2,36000,1.00484496124
107538,107553,109015,15,1462,2,36000,1.01025991792
107539,107558,108736,19,1178,2,36000,1.01612903226
107541,107563,108632,22,1069,2,36000,1.02057998129
107542,107569,108976,27,1407,2,36000,1.01918976546
107543,107574,109408,31,1834,2,36000,1.01690294438
107545,107579,108572,34,993,2,36000,1.03423967774
107546,107584,108687,38,1103,2,36000,1.03445149592
107547,107589,108961,42,1372,2,36000,1.0306122449
107549,107596,109016,47,1420,2,36000,1.03309859155
107550,107601,108950,51,1349,2,36000,1.03780578206
107551,107606,109511,55,1905,2,36000,1.02887139108
107553,107612,108949,59,1337,2,36000,1.04412864622
107554,107617,109562,63,1945,2,36000,1.0323907455
107555,107622,108974,67,1352,2,36000,1.04955621302
107557,107627,109423,70,1796,2,36000,1.03897550111
107558,107632,108997,74,1365,2,36000,1.05421245421
107559,107638,108706,79,1068,2,36000,1.07397003745
107561,107647,108954,86,1307,2,36000,1.06579954093
107562,107652,109067,90,1415,2,36000,1.06360424028
107563,107657,109103,94,1446,2,36000,1.06500691563
107565,107662,108952,97,1290,2,36000,1.07519379845
107566,107668,108995,102,1327,2,36000,1.07686510927
107567,107673,108969,106,1296,2,36000,1.08179012346
107569,107678,108838,109,1160,2,36000,1.09396551724
107570,107683,109560,113,1877,2,36000,1.06020245072
107572,107688,108968,116,1280,2,36000,1.090625
107573,107694,108979,121,1285,2,36000,1.09416342412
107574,107699,109000,125,1301,2,36000,1.09607993851
107576,107704,108953,128,1249,2,36000,1.10248198559
107577,107709,108967,132,1258,2,36000,1.10492845787
107578,107714,109504,136,1790,2,36000,1.07597765363
107579,107720,109030,141,1310,2,36000,1.10763358779
107581,107725,109011,144,1286,2,36000,1.11197511664
107582,107730,108707,148,977,2,36000,1.15148413511
107583,107735,109507,152,1772,2,36000,1.08577878104
107585,107740,108972,155,1232,2,36000,1.12581168831
107586,107746,109018,160,1272,2,36000,1.12578616352
107587,107751,108892,164,1141,2,36000,1.14373356705
107589,107763,109006,174,1243,2,36000,1.1399839099
107590,107757,108999,167,1242,2,36000,1.1344605475
107591,107776,108980,185,1204,2,36000,1.15365448505
107593,107850,108951,257,1101,2,36000,1.23342415985
107594,107865,108965,271,1100,2,36000,1.24636363636
107595,107870,109419,275,1549,2,36000,1.17753389283
107597,107958,109423,361,1465,2,36000,1.24641638225
108067,108073,108301,6,228,1,1800,1.02631578947
108328,108334,109547,6,1213,2,36000,1.00494641385
108329,108340,109569,11,1229,2,36000,1.00895036615
108331,108346,109749,15,1403,2,36000,1.01069137562
108332,108351,109288,19,937,2,36000,1.02027748132
108333,108356,109494,23,1138,2,36000,1.02021089631
108335,108361,109442,26,1081,2,36000,1.02405180389
108336,108368,109493,32,1125,2,36000,1.02844444444
108337,108373,109760,36,1387,2,36000,1.02595529921
108339,108378,109624,39,1246,2,36000,1.03130016051
108340,108384,109508,44,1124,2,36000,1.03914590747
108341,108389,109736,48,1347,2,36000,1.03563474388
108343,108394,109628,51,1234,2,36000,1.04132901135
108344,108399,109750,55,1351,2,36000,1.04071058475
108345,108405,109749,60,1344,2,36000,1.04464285714
108347,108410,109729,63,1319,2,36000,1.04776345716
108348,108415,109509,67,1094,2,36000,1.06124314442
108349,108420,109649,71,1229,2,36000,1.05777054516
108351,108425,109585,74,1160,2,36000,1.06379310345
108352,108431,109590,79,1159,2,36000,1.0681622088
108353,108436,109503,83,1067,2,36000,1.07778819119
108355,108441,109766,86,1325,2,36000,1.06490566038
108356,108446,109756,90,1310,2,36000,1.06870229008
108357,108451,109671,94,1220,2,36000,1.07704918033
108359,108457,109543,98,1086,2,36000,1.09023941068
108360,108462,109772,102,1310,2,36000,1.07786259542
108361,108467,109734,106,1267,2,36000,1.08366219416
108363,108473,109673,110,1200,2,36000,1.09166666667
108364,108479,109747,115,1268,2,36000,1.09069400631
108365,108484,109763,119,1279,2,36000,1.09304143862
108367,108490,109722,123,1232,2,36000,1.09983766234
108370,108495,109731,125,1236,2,36000,1.10113268608
108371,108500,109756,129,1256,2,36000,1.10270700637
108372,108505,109752,133,1247,2,36000,1.10665597434
108374,108510,109745,136,1235,2,36000,1.11012145749
108376,108516,109753,140,1237,2,36000,1.11317704123
108378,108521,109742,143,1221,2,36000,1.11711711712
108379,108526,109768,147,1242,2,36000,1.11835748792
108380,108531,110103,151,1572,2,36000,1.09605597964
108382,108536,109932,154,1396,2,36000,1.11031518625
108383,108542,109634,159,1092,2,36000,1.1456043956
108384,108547,109777,163,1230,2,36000,1.1325203252
108391,108552,109781,161,1229,2,36000,1.13100081367
108392,108557,109786,165,1229,2,36000,1.13425549227
108394,108562,109744,168,1182,2,36000,1.1421319797
108395,108568,109740,173,1172,2,36000,1.1476109215
108396,108573,109854,177,1281,2,36000,1.13817330211
108398,108578,109770,180,1192,2,36000,1.15100671141
108399,108583,110105,184,1522,2,36000,1.1208935611
108401,108588,109797,187,1209,2,36000,1.15467328371
108402,108594,109782,192,1188,2,36000,1.16161616162
108403,108599,109648,196,1049,2,36000,1.18684461392
108405,108604,109778,199,1174,2,36000,1.16950596252
108406,108609,109776,203,1167,2,36000,1.17395029991
108407,108614,109730,207,1116,2,36000,1.18548387097
108409,108621,109783,212,1162,2,36000,1.18244406196
108411,108627,109760,216,1133,2,36000,1.19064430715
108412,108632,109795,220,1163,2,36000,1.18916595013
108413,108643,110102,230,1459,2,36000,1.1576422207
108745,108751,109757,6,1006,1,3600,1.00596421471
108798,108804,109065,6,261,1,1800,1.02298850575
109053,109059,110202,6,1143,2,36000,1.00524934383
109054,109065,110526,11,1461,2,36000,1.00752908966
109056,109070,110176,14,1106,2,36000,1.01265822785
109057,109076,110353,19,1277,2,36000,1.01487862177
109058,109081,110186,23,1105,2,36000,1.02081447964
109060,109086,110149,26,1063,2,36000,1.02445907808
109061,109092,110614,31,1522,2,36000,1.02036793693
109062,109097,110282,35,1185,2,36000,1.02953586498
109064,109103,110238,39,1135,2,36000,1.03436123348
109065,109108,110369,43,1261,2,36000,1.0340999207
109066,109113,110531,47,1418,2,36000,1.03314527504
109067,109118,110177,51,1059,2,36000,1.04815864023
109069,109123,110523,54,1400,2,36000,1.03857142857
109070,109129,110511,59,1382,2,36000,1.04269175109
109071,109134,110629,63,1495,2,36000,1.04214046823
109073,109139,110516,66,1377,2,36000,1.04793028322
109074,109146,110425,72,1279,2,36000,1.05629397967
109075,109151,110503,76,1352,2,36000,1.05621301775
109077,109156,110511,79,1355,2,36000,1.05830258303
109078,109162,110527,84,1365,2,36000,1.06153846154
109079,109167,110526,88,1359,2,36000,1.06475349522
109081,109172,110559,91,1387,2,36000,1.06560922855
109082,109177,110509,95,1332,2,36000,1.07132132132
109083,109182,110519,99,1337,2,36000,1.07404637248
109085,109188,110924,103,1736,2,36000,1.05933179724
109086,109193,110588,107,1395,2,36000,1.07670250896
109087,109199,110187,112,988,2,36000,1.11336032389
109089,109204,110709,115,1505,2,36000,1.07641196013
109090,109210,110680,120,1470,2,36000,1.08163265306
109091,109215,110515,124,1300,2,36000,1.09538461538
109093,109220,110584,127,1364,2,36000,1.0931085044
109094,109225,110529,131,1304,2,36000,1.1004601227
109095,109230,110522,135,1292,2,36000,1.10448916409
109097,109236,110530,139,1294,2,36000,1.10741885626
109098,109358,110623,260,1265,2,36000,1.20553359684
109099,109423,110826,324,1403,2,36000,1.23093371347
109101,109442,110565,341,1123,2,36000,1.303650935
109103,109448,110517,345,1069,2,36000,1.32273152479
109105,109454,110462,349,1008,2,36000,1.34623015873
109106,109468,110596,362,1128,2,36000,1.32092198582
109785,109792,110956,7,1164,2,36000,1.0060137457
109787,109798,110928,11,1130,2,36000,1.00973451327
109788,109803,110939,15,1136,2,36000,1.01320422535
109789,109808,110936,19,1128,2,36000,1.01684397163
109791,109814,111046,23,1232,2,36000,1.01866883117
109792,109819,110951,27,1132,2,36000,1.02385159011
109794,109825,110953,31,1128,2,36000,1.0274822695
109795,109831,110922,36,1091,2,36000,1.03299725023
109796,109836,110580,40,744,2,36000,1.05376344086
109798,109841,110932,43,1091,2,36000,1.03941338222
109799,109846,110925,47,1079,2,36000,1.04355885079
109800,109851,110937,51,1086,2,36000,1.04696132597
109802,109857,110948,55,1091,2,36000,1.05041246563
109803,109862,111044,59,1182,2,36000,1.04991539763
109804,109867,110929,63,1062,2,36000,1.0593220339
109806,109872,111028,66,1156,2,36000,1.05709342561
109807,109878,111266,71,1388,2,36000,1.05115273775
109808,109883,110934,75,1051,2,36000,1.07136060894
109810,109888,111300,78,1412,2,36000,1.0552407932
109811,109893,110941,82,1048,2,36000,1.07824427481
109812,109898,111297,86,1399,2,36000,1.06147248034
109814,109904,111270,90,1366,2,36000,1.06588579795
109815,109909,111063,94,1154,2,36000,1.08145580589
109816,109914,111082,98,1168,2,36000,1.08390410959
109818,109919,110951,101,1032,2,36000,1.09786821705
109819,109925,111045,106,1120,2,36000,1.09464285714
109821,109931,111255,110,1324,2,36000,1.083081571
109822,109936,111392,114,1456,2,36000,1.0782967033
109823,109942,111252,119,1310,2,36000,1.09083969466
109825,109947,111264,122,1317,2,36000,1.09263477601
109826,109952,111310,126,1358,2,36000,1.09278350515
109827,109957,111304,130,1347,2,36000,1.09651076466
109828,109962,111263,134,1301,2,36000,1.10299769408
109830,109968,111315,138,1347,2,36000,1.10244988864
109831,109973,111310,142,1337,2,36000,1.1062079282
109832,109978,111094,146,1116,2,36000,1.13082437276
109834,109983,111337,149,1354,2,36000,1.11004431315
109835,109989,111102,154,1113,2,36000,1.13836477987
109836,109994,111271,158,1277,2,36000,1.1237274863
109838,109999,111275,161,1276,2,36000,1.12617554859
109839,110004,111307,165,1303,2,36000,1.12663085188
109840,110010,111042,170,1032,2,36000,1.16472868217
109842,110015,111302,173,1287,2,36000,1.13442113442
109843,110020,111038,177,1018,2,36000,1.17387033399
109844,110025,110955,181,930,2,36000,1.19462365591
109846,110030,110947,184,917,2,36000,1.20065430752
109847,110036,111296,189,1260,2,36000,1.15
109849,110041,111126,192,1085,2,36000,1.17695852535
109852,110046,110931,194,885,2,36000,1.21920903955
109854,110051,111211,197,1160,2,36000,1.16982758621
109855,110056,111299,201,1243,2,36000,1.16170555109
109857,110062,111041,205,979,2,36000,1.20939734423
109858,110067,111279,209,1212,2,36000,1.17244224422
109859,110072,111052,213,980,2,36000,1.21734693878
109861,110077,111080,216,1003,2,36000,1.21535393819
110002,110083,111283,81,1200,1,1800,1.0675
110080,110089,111446,9,1357,2,36000,1.00663227708
110108,110114,111278,6,1164,2,36000,1.00515463918
110110,110120,110990,10,870,2,36000,1.01149425287
110111,110125,111104,14,979,2,36000,1.01430030644
110112,110131,111054,19,923,2,36000,1.02058504875
110114,110136,111262,22,1126,2,36000,1.01953818828
110115,110165,111369,50,1204,2,36000,1.0415282392
110593,110599,112049,6,1450,2,36000,1.00413793103
110594,110605,111697,11,1092,2,36000,1.01007326007
110596,110610,111547,14,937,2,36000,1.01494130203
110597,110615,111694,18,1079,2,36000,1.01668211307
110598,110621,111579,23,958,2,36000,1.02400835073
110600,110627,111778,27,1151,2,36000,1.02345786273
110601,110632,112063,31,1431,2,36000,1.02166317261
110602,110637,112065,35,1428,2,36000,1.02450980392
110604,110642,112072,38,1430,2,36000,1.02657342657
110605,110648,112060,43,1412,2,36000,1.03045325779
110606,110653,111842,47,1189,2,36000,1.03952901598
110608,110658,112017,50,1359,2,36000,1.03679175865
110609,110663,112019,54,1356,2,36000,1.03982300885
110610,110668,111895,58,1227,2,36000,1.04726976365
110612,110674,112045,62,1371,2,36000,1.04522246535
110614,110679,111795,65,1116,2,36000,1.0582437276
110615,110684,111698,69,1014,2,36000,1.06804733728
110617,110689,112021,72,1332,2,36000,1.05405405405
110618,110694,111956,76,1262,2,36000,1.06022187005
110619,110700,111834,81,1134,2,36000,1.07142857143
110621,110705,112041,84,1336,2,36000,1.0628742515
110627,110711,112174,84,1463,2,36000,1.05741626794
110628,110716,111692,88,976,2,36000,1.09016393443
110630,110722,112054,92,1332,2,36000,1.06906906907
110631,110727,112061,96,1334,2,36000,1.07196401799
110632,110732,112064,100,1332,2,36000,1.07507507508
110634,110737,112059,103,1322,2,36000,1.07791225416
110636,110743,112059,107,1316,2,36000,1.08130699088
110637,110748,112050,111,1302,2,36000,1.08525345622
110638,110753,111955,115,1202,2,36000,1.09567387687
110640,110758,111797,118,1039,2,36000,1.1135707411
110641,110763,111695,122,932,2,36000,1.13090128755
110643,110769,112052,126,1283,2,36000,1.09820732658
110644,110774,112246,130,1472,2,36000,1.08831521739
110646,110779,112047,133,1268,2,36000,1.10488958991
110647,110784,111895,137,1111,2,36000,1.12331233123
110648,110789,112018,141,1229,2,36000,1.11472742067
110650,110796,112056,146,1260,2,36000,1.11587301587
110651,110911,112054,260,1143,2,36000,1.22747156605
110652,110935,112043,283,1108,2,36000,1.25541516245
110979,110986,111167,7,181,1,1800,1.03867403315
111333,111339,112896,6,1557,2,36000,1.00385356455
111334,111345,112889,11,1544,2,36000,1.00712435233
111335,111350,112882,15,1532,2,36000,1.00979112272
111337,111355,112375,18,1020,2,36000,1.01764705882
111338,111360,112300,22,940,2,36000,1.02340425532
111339,111366,112925,27,1559,2,36000,1.0173187941
111341,111371,112962,30,1591,2,36000,1.01885606537
111342,111377,112888,35,1511,2,36000,1.0231634679
111343,111382,112887,39,1505,2,36000,1.02591362126
111344,111387,112371,43,984,2,36000,1.04369918699
111346,111392,112898,46,1506,2,36000,1.03054448871
111347,111398,112923,51,1525,2,36000,1.03344262295
111348,111403,112900,55,1497,2,36000,1.03674014696
111350,111408,112944,58,1536,2,36000,1.03776041667
111351,111413,112946,62,1533,2,36000,1.04044357469
111352,111418,112894,66,1476,2,36000,1.04471544715
111354,111424,112934,70,1510,2,36000,1.04635761589
111355,111429,112921,74,1492,2,36000,1.04959785523
111356,111435,112927,79,1492,2,36000,1.05294906166
111358,111440,112916,82,1476,2,36000,1.05555555556
111359,111445,112959,86,1514,2,36000,1.05680317041
111360,111450,112901,90,1451,2,36000,1.06202618884
111362,111456,112911,94,1455,2,36000,1.064604811
111363,111461,112905,98,1444,2,36000,1.06786703601
111364,111466,112907,102,1441,2,36000,1.07078417765
111366,111471,112904,105,1433,2,36000,1.07327285415
111367,111477,112897,110,1420,2,36000,1.07746478873
111369,111483,112958,114,1475,2,36000,1.07728813559
111370,111488,112886,118,1398,2,36000,1.08440629471
111371,111493,112519,122,1026,2,36000,1.11890838207
111373,111498,112956,125,1458,2,36000,1.08573388203
111374,111503,112915,129,1412,2,36000,1.09135977337
111375,111509,112883,134,1374,2,36000,1.09752547307
111377,111514,112913,137,1399,2,36000,1.09792709078
111378,111519,112910,141,1391,2,36000,1.1013659238
111379,111524,112914,145,1390,2,36000,1.10431654676
111381,111529,112928,148,1399,2,36000,1.10578984989
111382,111535,112930,153,1395,2,36000,1.10967741935
111384,111540,112932,156,1392,2,36000,1.11206896552
111389,111545,112920,156,1375,2,36000,1.11345454545
111391,111550,112892,159,1342,2,36000,1.11847988077
111393,111555,112970,162,1415,2,36000,1.11448763251
111394,111561,112902,167,1341,2,36000,1.1245339299
111396,111566,112942,170,1376,2,36000,1.12354651163
111397,111571,112909,174,1338,2,36000,1.13004484305
111399,111576,112941,177,1365,2,36000,1.12967032967
111400,111582,112951,182,1369,2,36000,1.13294375457
111401,111587,112966,186,1379,2,36000,1.13488034808
111403,111592,112972,189,1380,2,36000,1.13695652174
111404,111597,112936,193,1339,2,36000,1.14413741598
111405,111602,112908,197,1306,2,36000,1.15084226646
111411,111608,112938,197,1330,2,36000,1.14812030075
111413,111613,112977,200,1364,2,36000,1.14662756598
111414,111618,112954,204,1336,2,36000,1.15269461078
111416,111623,112953,207,1330,2,36000,1.15563909774
111417,111628,112961,211,1333,2,36000,1.15828957239
111418,111634,112963,216,1329,2,36000,1.1625282167
111420,111639,112952,219,1313,2,36000,1.16679360244
111421,111644,112971,223,1327,2,36000,1.16804822909
111422,111649,112949,227,1300,2,36000,1.17461538462
111423,111654,112937,231,1283,2,36000,1.18004676539
111425,111661,112929,236,1268,2,36000,1.18611987382
111426,111666,112935,240,1269,2,36000,1.18912529551
111427,111703,112975,276,1272,2,36000,1.21698113208
111429,111709,112999,280,1290,2,36000,1.21705426357
111541,111672,112081,131,409,1,1800,1.32029339853
112130,112136,113651,6,1515,2,36000,1.00396039604
112131,112142,113709,11,1567,2,36000,1.00701978302
112133,112147,113254,14,1107,2,36000,1.01264679313
112134,112152,113363,18,1211,2,36000,1.01486374897
112135,112158,113458,23,1300,2,36000,1.01769230769
112137,112164,113596,27,1432,2,36000,1.0188547486
112138,112169,113506,31,1337,2,36000,1.02318623785
112139,112174,113610,35,1436,2,36000,1.02437325905
112141,112179,113711,38,1532,2,36000,1.02480417755
112142,112185,113529,43,1344,2,36000,1.03199404762
112143,112190,113785,47,1595,2,36000,1.02946708464
112145,112195,113624,50,1429,2,36000,1.03498950315
112146,112200,113544,54,1344,2,36000,1.04017857143
112148,112205,113568,57,1363,2,36000,1.04181951577
112149,112211,113536,62,1325,2,36000,1.04679245283
112150,112216,113555,66,1339,2,36000,1.04929051531
112152,112221,113667,69,1446,2,36000,1.04771784232
112153,112226,113609,73,1383,2,36000,1.05278380333
112154,112232,113575,78,1343,2,36000,1.05807892777
112156,112237,113445,81,1208,2,36000,1.06705298013
112157,112242,113565,85,1323,2,36000,1.06424792139
112158,112247,113816,89,1569,2,36000,1.05672402804
112160,112253,113618,93,1365,2,36000,1.06813186813
112161,112258,113498,97,1240,2,36000,1.07822580645
112162,112264,113590,102,1326,2,36000,1.07692307692
112164,112269,113537,105,1268,2,36000,1.08280757098
112165,112274,113634,109,1360,2,36000,1.08014705882
112166,112279,113779,113,1500,2,36000,1.07533333333
112167,112284,113505,117,1221,2,36000,1.09582309582
112169,112290,113558,121,1268,2,36000,1.09542586751
112170,112295,113588,125,1293,2,36000,1.09667440062
112171,112300,113685,129,1385,2,36000,1.09314079422
112173,112305,113749,132,1444,2,36000,1.09141274238
112174,112310,113910,136,1600,2,36000,1.085
112175,112316,113453,141,1137,2,36000,1.12401055409
112177,112322,113518,145,1196,2,36000,1.12123745819
112178,112327,113516,149,1189,2,36000,1.12531539108
112179,112579,114316,400,1737,2,36000,1.23028209557
112181,112896,114104,715,1208,2,36000,1.59188741722
112182,112903,114109,721,1206,2,36000,1.59784411277
112183,112909,113751,726,842,2,36000,1.8622327791
112185,112916,114130,731,1214,2,36000,1.6021416804
112358,112926,132154,568,19228,32,356400,1.0295402538
112927,112932,114153,5,1221,2,36000,1.0040950041
112928,112939,113908,11,969,2,36000,1.01135190918
112929,112944,114329,15,1385,2,36000,1.01083032491
112931,112950,114380,19,1430,2,36000,1.01328671329
112932,112955,113905,23,950,2,36000,1.02421052632
112933,112960,114107,27,1147,2,36000,1.0235396687
112935,112967,113907,32,940,2,36000,1.03404255319
112936,112973,114412,37,1439,2,36000,1.02571230021
112937,112978,114402,41,1424,2,36000,1.02879213483
112939,112983,114113,44,1130,2,36000,1.0389380531
112940,112988,114394,48,1406,2,36000,1.03413940256
112941,112993,114408,52,1415,2,36000,1.03674911661
112943,112999,114108,56,1109,2,36000,1.05049594229
112944,113004,114374,60,1370,2,36000,1.04379562044
112945,113009,114392,64,1383,2,36000,1.04627621114
112947,113015,114218,68,1203,2,36000,1.05652535328
112948,113020,114383,72,1363,2,36000,1.0528246515
112949,113025,113907,76,882,2,36000,1.08616780045
112951,113030,114126,79,1096,2,36000,1.07208029197
112952,113035,113916,83,881,2,36000,1.09421112372
112954,113041,114424,87,1383,2,36000,1.06290672451
112955,113046,114124,91,1078,2,36000,1.08441558442
112956,113051,114415,95,1364,2,36000,1.06964809384
112958,113056,113909,98,853,2,36000,1.11488862837
112959,113062,114342,103,1280,2,36000,1.08046875
112961,113069,114112,108,1043,2,36000,1.10354745925
112962,113074,114099,112,1025,2,36000,1.10926829268
112964,113080,114131,116,1051,2,36000,1.11037107517
112966,113085,114105,119,1020,2,36000,1.11666666667
112967,113090,114224,123,1134,2,36000,1.10846560847
112968,113095,114406,127,1311,2,36000,1.09687261632
112969,113100,114430,131,1330,2,36000,1.0984962406
112971,113106,114414,135,1308,2,36000,1.10321100917
112974,113111,114174,137,1063,2,36000,1.12888052681
112976,113116,114347,140,1231,2,36000,1.11372867587
112977,113121,114425,144,1304,2,36000,1.11042944785
112978,113126,114426,148,1300,2,36000,1.11384615385
112980,113132,114171,152,1039,2,36000,1.14629451396
112981,113137,114398,156,1261,2,36000,1.12371134021
112982,113142,114399,160,1257,2,36000,1.12728719173
112984,113147,114559,163,1412,2,36000,1.11543909348
112985,113152,114390,167,1238,2,36000,1.13489499192
112986,113158,114316,172,1158,2,36000,1.14853195164
112988,113177,114387,189,1210,2,36000,1.15619834711
112989,113182,114434,193,1252,2,36000,1.15415335463
112990,113188,114385,198,1197,2,36000,1.16541353383
112992,113193,114421,201,1228,2,36000,1.16368078176
112993,113198,114437,205,1239,2,36000,1.16545601291
112994,113203,114397,209,1194,2,36000,1.17504187605
112996,113208,114373,212,1165,2,36000,1.18197424893
112997,113214,114422,217,1208,2,36000,1.17963576159
112999,113219,114412,220,1193,2,36000,1.18440905281
113000,113224,114440,224,1216,2,36000,1.18421052632
113001,113229,114416,228,1187,2,36000,1.19208087616
113003,113235,114401,232,1166,2,36000,1.19897084048
113004,113240,114419,236,1179,2,36000,1.20016963528
113006,113245,114453,239,1208,2,36000,1.19784768212
113007,113250,114403,243,1153,2,36000,1.21075455334
113008,113255,114387,247,1132,2,36000,1.21819787986
113010,113266,114657,256,1391,2,36000,1.18404025881
113017,113375,114410,358,1035,2,36000,1.34589371981
113018,113457,114761,439,1304,2,36000,1.33665644172
113020,113465,114655,445,1190,2,36000,1.37394957983
113022,113474,114404,452,930,2,36000,1.48602150538
113120,113165,114157,45,992,1,1800,1.04536290323
113187,113509,114427,322,918,2,36000,1.35076252723
113739,113745,114811,6,1066,2,36000,1.00562851782
113740,113751,115204,11,1453,2,36000,1.0075705437
113742,113756,114997,14,1241,2,36000,1.01128122482
113743,113761,114871,18,1110,2,36000,1.01621621622
113745,113767,115214,22,1447,2,36000,1.01520387008
113746,113773,115119,27,1346,2,36000,1.02005943536
113747,113779,115216,32,1437,2,36000,1.02226861517
113749,113784,115264,35,1480,2,36000,1.02364864865
113750,113789,115212,39,1423,2,36000,1.02740688686
113751,113794,115207,43,1413,2,36000,1.03043170559
113753,113799,115213,46,1414,2,36000,1.03253182461
113754,113805,115116,51,1311,2,36000,1.03890160183
113755,113810,115261,55,1451,2,36000,1.03790489318
113757,113815,115215,58,1400,2,36000,1.04142857143
113758,113820,115901,62,2081,2,36000,1.02979336857
113759,113825,115270,66,1445,2,36000,1.04567474048
113761,113831,115298,70,1467,2,36000,1.04771642808
113762,113836,115205,74,1369,2,36000,1.05405405405
113763,113841,115205,78,1364,2,36000,1.05718475073
113765,113846,115250,81,1404,2,36000,1.05769230769
113766,113852,115208,86,1356,2,36000,1.06342182891
113767,113857,115802,90,1945,2,36000,1.04627249357
113769,113863,115203,94,1340,2,36000,1.07014925373
113770,113868,115223,98,1355,2,36000,1.07232472325
113771,113874,115118,103,1244,2,36000,1.08279742765
113773,113879,115329,106,1450,2,36000,1.07310344828
113774,113884,115199,110,1315,2,36000,1.08365019011
113775,113889,115156,114,1267,2,36000,1.08997632202
113777,113895,115211,118,1316,2,36000,1.0896656535
113779,113900,115200,121,1300,2,36000,1.09307692308
113780,113905,115202,125,1297,2,36000,1.09637625289
113782,113916,115219,134,1303,2,36000,1.10283960092
113783,113922,114993,139,1071,2,36000,1.12978524743
113789,113927,115201,138,1274,2,36000,1.10832025118
114018,114025,114234,7,209,1,1800,1.03349282297
114472,114479,115921,7,1442,2,36000,1.00485436893
114474,114485,115889,11,1404,2,36000,1.00783475783
114475,114490,115903,15,1413,2,36000,1.01061571125
114476,114495,115791,19,1296,2,36000,1.01466049383
114478,114500,115900,22,1400,2,36000,1.01571428571
114479,114506,115896,27,1390,2,36000,1.01942446043
114480,114511,115965,31,1454,2,36000,1.02132049519
114482,114516,115991,34,1475,2,36000,1.02305084746
114483,114522,115993,39,1471,2,36000,1.02651257648
114484,114527,115916,43,1389,2,36000,1.0309575234
114486,114532,115801,46,1269,2,36000,1.03624901497
114487,114537,115990,50,1453,2,36000,1.03441156228
114488,114543,115903,55,1360,2,36000,1.04044117647
114490,114548,115906,58,1358,2,36000,1.04270986745
114491,114553,115910,62,1357,2,36000,1.0456890199
114492,114558,115933,66,1375,2,36000,1.048
114494,114563,115988,69,1425,2,36000,1.04842105263
114495,114569,115466,74,897,2,36000,1.08249721293
114496,114574,115957,78,1383,2,36000,1.05639913232
114498,114579,115994,81,1415,2,36000,1.05724381625
114499,114584,115925,85,1341,2,36000,1.06338553318
114500,114589,115942,89,1353,2,36000,1.06577974871
114502,114595,115947,93,1352,2,36000,1.06878698225
114503,114600,115297,97,697,2,36000,1.13916786227
114504,114605,116006,101,1401,2,36000,1.07209136331
114506,114610,115953,104,1343,2,36000,1.07743857036
114507,114616,115966,109,1350,2,36000,1.08074074074
114508,114621,116000,113,1379,2,36000,1.08194343727
114510,114626,115945,116,1319,2,36000,1.08794541319
114511,114632,115942,121,1310,2,36000,1.09236641221
114512,114637,115920,125,1283,2,36000,1.09742790335
114514,114642,115983,128,1341,2,36000,1.09545115585
114515,114647,115980,132,1333,2,36000,1.09902475619
114516,114652,116072,136,1420,2,36000,1.09577464789
114518,114658,116027,140,1369,2,36000,1.10226442659
114519,114663,115979,144,1316,2,36000,1.1094224924
114520,114668,116002,148,1334,2,36000,1.11094452774
114522,114673,115933,151,1260,2,36000,1.11984126984
114523,114679,115991,156,1312,2,36000,1.11890243902
114525,114684,115971,159,1287,2,36000,1.12354312354
114526,114689,116010,163,1321,2,36000,1.12339137017
114528,114694,115993,166,1299,2,36000,1.12779060816
114529,114700,116043,171,1343,2,36000,1.12732688012
114530,114705,116020,175,1315,2,36000,1.13307984791
114532,114710,116016,178,1306,2,36000,1.13629402757
114535,114715,116012,180,1297,2,36000,1.13878180416
114536,114721,116072,185,1351,2,36000,1.13693560326
114538,114726,115991,188,1265,2,36000,1.14861660079
114539,114731,115946,192,1215,2,36000,1.15802469136
114540,114736,116023,196,1287,2,36000,1.15229215229
114544,114741,115993,197,1252,2,36000,1.15734824281
114545,114747,116044,202,1297,2,36000,1.15574402467
114547,114752,116017,205,1265,2,36000,1.16205533597
114548,114757,116013,209,1256,2,36000,1.16640127389
114549,114762,116014,213,1252,2,36000,1.17012779553
114550,114767,116072,217,1305,2,36000,1.1662835249
114552,114773,115997,221,1224,2,36000,1.18055555556
114553,114778,116022,225,1244,2,36000,1.1808681672
114554,114783,115990,229,1207,2,36000,1.18972659486
114556,114788,116028,232,1240,2,36000,1.18709677419
114557,114793,115999,236,1206,2,36000,1.19568822554
114741,114800,116021,59,1221,2,36000,1.04832104832
114824,114830,116004,6,1174,2,36000,1.00511073254
114826,114837,116072,11,1235,2,36000,1.00890688259
114835,114844,116026,9,1182,2,36000,1.0076142132
114837,114849,116002,12,1153,2,36000,1.01040763226
114838,114854,116072,16,1218,2,36000,1.013136289
114839,114860,115998,21,1138,2,36000,1.01845342707
114841,114883,116007,42,1124,2,36000,1.03736654804
114842,115035,116072,193,1037,2,36000,1.18611378978
114843,115052,116073,209,1021,2,36000,1.20470127326
114935,114941,115165,6,224,1,1800,1.02678571429
115291,115297,116072,6,775,2,36000,1.00774193548
115292,115303,116072,11,769,2,36000,1.01430429129
115294,115308,116072,14,764,2,36000,1.01832460733
115297,115314,116072,17,758,2,36000,1.02242744063
115298,115320,116072,22,752,2,36000,1.02925531915
115300,115325,116072,25,747,2,36000,1.03346720214
115301,115330,116072,29,742,2,36000,1.03908355795
115303,115335,116072,32,737,2,36000,1.0434192673
115304,115341,116072,37,731,2,36000,1.05061559508
115305,115346,116072,41,726,2,36000,1.0564738292
115307,115351,116072,44,721,2,36000,1.06102635229
115308,115356,116072,48,716,2,36000,1.06703910615
115310,115362,116072,52,710,2,36000,1.07323943662
115311,115367,116072,56,705,2,36000,1.07943262411
115312,115372,116072,60,700,2,36000,1.08571428571
115314,115377,116072,63,695,2,36000,1.09064748201
115315,115383,116072,68,689,2,36000,1.09869375907
115316,115388,116072,72,684,2,36000,1.10526315789
115318,115394,116072,76,678,2,36000,1.11209439528
115319,115399,116072,80,673,2,36000,1.11887072808
115320,115404,116072,84,668,2,36000,1.12574850299
115322,115409,116072,87,663,2,36000,1.13122171946
115323,115414,116072,91,658,2,36000,1.13829787234
115324,115420,116072,96,652,2,36000,1.1472392638
115326,115425,116072,99,647,2,36000,1.15301391036
115328,115430,116073,102,643,2,36000,1.15863141524
115329,115435,116072,106,637,2,36000,1.16640502355
115333,115440,116072,107,632,2,36000,1.16930379747
115335,115446,116072,111,626,2,36000,1.17731629393
115336,115494,116072,158,578,2,36000,1.27335640138
115337,115815,116072,478,257,2,36000,2.85992217899
115339,115823,116072,484,249,2,36000,2.9437751004
115340,115830,116072,490,242,2,36000,3.02479338843
115342,115908,116072,566,164,2,36000,4.4512195122
116259,116265,116872,6,607,1,1800,1.00988467875
117293,117299,118347,6,1048,2,36000,1.00572519084
117299,117305,118277,6,972,2,36000,1.00617283951
117309,117315,118484,6,1169,2,36000,1.00513259196
117320,117326,118316,6,990,2,36000,1.00606060606
117335,117341,119099,6,1758,2,36000,1.00341296928
117344,117350,118280,6,930,2,36000,1.0064516129
117356,117362,118989,6,1627,2,36000,1.0036877689
117365,117372,118365,7,993,2,36000,1.00704934542
117378,117385,118599,7,1214,2,36000,1.0057660626
117391,117397,118399,6,1002,2,36000,1.00598802395
117439,117445,118453,6,1008,2,36000,1.00595238095
117448,117454,118553,6,1099,2,36000,1.00545950864
117458,117465,119002,7,1537,2,36000,1.00455432661
117474,117480,118416,6,936,2,36000,1.00641025641
117482,117488,118516,6,1028,2,36000,1.00583657588
117490,117496,119086,6,1590,2,36000,1.00377358491
117503,117509,118450,6,941,2,36000,1.00637619554
117518,117524,119045,6,1521,2,36000,1.00394477318
117523,117530,119052,7,1522,2,36000,1.00459921156
117532,117538,118623,6,1085,2,36000,1.00552995392
117538,117544,118335,6,791,2,36000,1.00758533502
117543,117550,118850,7,1300,2,36000,1.00538461538
117550,117556,119131,6,1575,2,36000,1.00380952381
117556,117562,118369,6,807,2,36000,1.00743494424
117565,117571,119115,6,1544,2,36000,1.00388601036
117573,117579,119115,6,1536,2,36000,1.00390625
117580,117586,119115,6,1529,2,36000,1.00392413342
117585,117592,119128,7,1536,2,36000,1.00455729167
117592,117598,119115,6,1517,2,36000,1.00395517469
117596,117604,119102,8,1498,2,36000,1.00534045394
117600,117610,119100,10,1490,2,36000,1.0067114094
117605,117615,119090,10,1475,2,36000,1.00677966102
117609,117621,119069,12,1448,2,36000,1.00828729282
117613,117626,118949,13,1323,2,36000,1.00982615268
117617,117632,119141,15,1509,2,36000,1.00994035785
117619,117637,119109,18,1472,2,36000,1.01222826087
117621,117642,119024,21,1382,2,36000,1.01519536903
117624,117648,119073,24,1425,2,36000,1.01684210526
117627,117654,119144,27,1490,2,36000,1.01812080537
117630,117659,119168,29,1509,2,36000,1.01921802518
117632,117664,119115,32,1451,2,36000,1.02205375603
117634,117669,119116,35,1447,2,36000,1.02418797512
117637,117675,119104,38,1429,2,36000,1.02659202239
117639,117680,119146,41,1466,2,36000,1.02796725784
117641,117685,119124,44,1439,2,36000,1.03057678944
117643,117691,119119,48,1428,2,36000,1.03361344538
117646,117696,119097,50,1401,2,36000,1.03568879372
117648,117701,119140,53,1439,2,36000,1.03683113273
117650,117707,119138,57,1431,2,36000,1.03983228512
117652,117712,119133,60,1421,2,36000,1.04222378607
117655,117718,119130,63,1412,2,36000,1.04461756374
117657,117723,119115,66,1392,2,36000,1.0474137931
117659,117728,119115,69,1387,2,36000,1.04974765681
117661,117733,119148,72,1415,2,36000,1.05088339223
117663,117739,119098,76,1359,2,36000,1.05592347314
117665,117744,119135,79,1391,2,36000,1.05679367362
117668,117749,119139,81,1390,2,36000,1.05827338129
117670,117754,119106,84,1352,2,36000,1.06213017751
117677,117760,119105,83,1345,2,36000,1.06171003717
117738,117766,119121,28,1355,2,36000,1.02066420664
118102,118109,119130,7,1021,2,36000,1.00685602351
118162,118168,119198,6,1030,2,36000,1.00582524272
118175,118182,119225,7,1043,2,36000,1.0067114094
118204,118210,119147,6,937,2,36000,1.00640341515
118213,118220,119300,7,1080,2,36000,1.00648148148
118223,118229,119215,6,986,2,36000,1.0060851927
118240,118246,119317,6,1071,2,36000,1.0056022409
118265,118271,119270,6,999,2,36000,1.00600600601
118274,118280,119219,6,939,2,36000,1.00638977636
118298,118304,119322,6,1018,2,36000,1.00589390963
118315,118321,119138,6,817,2,36000,1.00734394125
118344,118351,119244,7,893,2,36000,1.0078387458
118349,118357,119240,8,883,2,36000,1.00906002265
118362,118369,119279,7,910,2,36000,1.00769230769
118367,118375,119363,8,988,2,36000,1.00809716599
118372,118381,119548,9,1167,2,36000,1.00771208226
118382,118388,119276,6,888,2,36000,1.00675675676
118387,118394,119275,7,881,2,36000,1.00794551646
118390,118400,120031,10,1631,2,36000,1.00613120785
118395,118406,119946,11,1540,2,36000,1.00714285714
118403,118412,119953,9,1541,2,36000,1.0058403634
118413,118419,119949,6,1530,2,36000,1.00392156863
118418,118425,119379,7,954,2,36000,1.00733752621
118422,118431,119702,9,1271,2,36000,1.00708103855
118427,118437,119994,10,1557,2,36000,1.00642260758
118431,118442,119929,11,1487,2,36000,1.00739744452
118435,118448,119980,13,1532,2,36000,1.00848563969
118437,118453,119950,16,1497,2,36000,1.01068804275
118440,118458,119847,18,1389,2,36000,1.01295896328
118443,118464,119870,21,1406,2,36000,1.01493598862
118445,118470,119758,25,1288,2,36000,1.01940993789
118448,118475,119999,27,1524,2,36000,1.01771653543
118450,118481,119989,31,1508,2,36000,1.02055702918
118453,118486,119925,33,1439,2,36000,1.02293259208
118455,118491,119928,36,1437,2,36000,1.02505219207
118457,118496,120024,39,1528,2,36000,1.02552356021
118458,118501,119954,43,1453,2,36000,1.02959394357
118460,118507,120016,47,1509,2,36000,1.03114645461
118461,118512,119973,51,1461,2,36000,1.03490759754
118463,118517,120003,54,1486,2,36000,1.03633916555
118464,118522,119873,58,1351,2,36000,1.0429311621
118466,118529,119856,63,1327,2,36000,1.04747550867
118467,118535,120011,68,1476,2,36000,1.0460704607
118469,118540,120026,71,1486,2,36000,1.04777927322
118470,118545,119992,75,1447,2,36000,1.05183137526
118472,118550,120037,78,1487,2,36000,1.05245460659
118473,118555,120001,82,1446,2,36000,1.05670816044
118475,118561,120015,86,1454,2,36000,1.05914718019
118476,118566,120044,90,1478,2,36000,1.06089309878
118478,118571,120024,93,1453,2,36000,1.06400550585
118496,118576,120044,80,1468,2,36000,1.05449591281
118497,118582,120014,85,1432,2,36000,1.0593575419
118499,118587,120006,88,1419,2,36000,1.06201550388
118500,118592,120028,92,1436,2,36000,1.06406685237
118501,118599,120025,98,1426,2,36000,1.06872370266
118503,118624,120000,121,1376,2,36000,1.08793604651
118504,118649,120035,145,1386,2,36000,1.10461760462
118506,118661,119999,155,1338,2,36000,1.1158445441
118507,118667,120010,160,1343,2,36000,1.1191362621
118509,118672,120011,163,1339,2,36000,1.1217326363
118510,118677,119997,167,1320,2,36000,1.12651515152
118511,118682,120040,171,1358,2,36000,1.12592047128
118870,118877,120045,7,1168,2,36000,1.00599315068
119055,119061,120959,6,1898,2,36000,1.00316122234
119115,119122,120050,7,928,2,36000,1.00754310345
119118,119128,120036,10,908,2,36000,1.01101321586
119282,119288,120977,6,1689,2,36000,1.00355239787
119283,119294,121026,11,1732,2,36000,1.00635103926
119285,119299,121021,14,1722,2,36000,1.0081300813
119286,119305,120268,19,963,2,36000,1.01973001038
119287,119310,120963,23,1653,2,36000,1.01391409558
119289,119316,120349,27,1033,2,36000,1.0261374637
119290,119322,120991,32,1669,2,36000,1.01917315758
119291,119327,120951,36,1624,2,36000,1.02216748768
119293,119332,121022,39,1690,2,36000,1.02307692308
119294,119337,120992,43,1655,2,36000,1.02598187311
119295,119342,120993,47,1651,2,36000,1.0284675954
119297,119348,120957,51,1609,2,36000,1.03169670603
119298,119353,121030,55,1677,2,36000,1.0327966607
119300,119358,121003,58,1645,2,36000,1.03525835866
119301,119363,121016,62,1653,2,36000,1.03750756201
119302,119369,121024,67,1655,2,36000,1.04048338369
119304,119374,120972,70,1598,2,36000,1.04380475594
119305,119379,120354,74,975,2,36000,1.0758974359
119306,119384,121030,78,1646,2,36000,1.04738760632
119308,119390,120981,82,1591,2,36000,1.05153991201
119309,119395,120996,86,1601,2,36000,1.05371642723
119311,119400,120966,89,1566,2,36000,1.05683269476
119312,119417,121017,105,1600,2,36000,1.065625
119314,119422,120977,108,1555,2,36000,1.06945337621
119316,119427,121019,111,1592,2,36000,1.06972361809
119317,119433,120981,116,1548,2,36000,1.07493540052
119319,119438,121015,119,1577,2,36000,1.07545973367
119320,119443,121005,123,1562,2,36000,1.07874519846
119322,119448,121006,126,1558,2,36000,1.08087291399
119323,119454,120979,131,1525,2,36000,1.08590163934
119325,119459,121002,134,1543,2,36000,1.08684381076
119326,119464,121009,138,1545,2,36000,1.08932038835
119328,119469,121008,141,1539,2,36000,1.09161793372
119329,119475,120961,146,1486,2,36000,1.09825033647
119330,119480,121004,150,1524,2,36000,1.09842519685
119332,119485,121024,153,1539,2,36000,1.09941520468
119333,119490,120984,157,1494,2,36000,1.10508701473
119334,119496,121007,162,1511,2,36000,1.10721376572
119336,119501,120975,165,1474,2,36000,1.11194029851
119337,119506,120985,169,1479,2,36000,1.11426639621
119339,119511,121033,172,1522,2,36000,1.11300919842
119340,119517,120968,177,1451,2,36000,1.12198483804
119342,119522,120970,180,1448,2,36000,1.12430939227
119343,119527,121001,184,1474,2,36000,1.12483039349
119344,119532,121020,188,1488,2,36000,1.12634408602
119346,119538,120990,192,1452,2,36000,1.13223140496
119347,119412,121203,65,1791,2,21600,1.03629257398
119347,119543,120987,196,1444,2,36000,1.13573407202
119348,119548,120969,200,1421,2,36000,1.14074595355
119350,119553,121009,203,1456,2,36000,1.13942307692
119351,119559,120985,208,1426,2,36000,1.14586255259
119354,119564,120984,210,1420,2,36000,1.14788732394
119356,119569,120981,213,1412,2,36000,1.15084985836
119357,119574,120989,217,1415,2,36000,1.15335689046
119358,119580,120999,222,1419,2,36000,1.15644820296
119360,119585,121029,225,1444,2,36000,1.15581717452
119362,119590,120998,228,1408,2,36000,1.16193181818
119363,119595,121010,232,1415,2,36000,1.16395759717
119375,119406,185620,31,66214,2,93600,1.00046817893
119437,119602,154797,165,35195,2,93600,1.00468816593
119781,119787,163978,6,44191,2,93600,1.00013577425
119930,119971,724810,41,604839,14,604800,1.00006778663
120028,120036,121228,8,1192,2,36000,1.0067114094
120029,120042,121370,13,1328,2,36000,1.00978915663
120031,120048,121264,17,1216,2,36000,1.01398026316
120032,120054,121287,22,1233,2,36000,1.01784266018
120034,120059,121245,25,1186,2,36000,1.02107925801
120035,120064,121405,29,1341,2,36000,1.0216256525
120036,120069,121250,33,1181,2,36000,1.02794242168
120038,120075,121300,37,1225,2,36000,1.03020408163
120039,120080,121306,41,1226,2,36000,1.03344208809
120041,120085,121242,44,1157,2,36000,1.03802938634
120042,120090,121401,48,1311,2,36000,1.03661327231
120044,120102,121491,58,1389,2,36000,1.04175665947
120045,120107,121515,62,1408,2,36000,1.04403409091
120046,120112,121185,66,1073,2,36000,1.06150978565
120048,120117,121768,69,1651,2,36000,1.04179285282
120049,120122,121695,73,1573,2,36000,1.04640813732
120051,120128,121232,77,1104,2,36000,1.06974637681
120052,120133,121620,81,1487,2,36000,1.05447209146
120053,120138,121595,85,1457,2,36000,1.05833905285
120053,120096,130432,43,10336,2,50400,1.00416021672
120055,120143,121309,88,1166,2,36000,1.07547169811
120056,120148,121777,92,1629,2,36000,1.05647636587
120057,120154,121775,97,1621,2,36000,1.05983960518
120059,120159,121766,100,1607,2,36000,1.06222775358
120060,120164,121772,104,1608,2,36000,1.06467661692
120061,120169,121678,108,1509,2,36000,1.07157057654
120063,120175,121840,112,1665,2,36000,1.06726726727
120064,120180,121409,116,1229,2,36000,1.09438567941
120065,120185,121554,120,1369,2,36000,1.08765522279
120067,120190,121775,123,1585,2,36000,1.07760252366
120068,120195,121774,127,1579,2,36000,1.08043065231
120069,120201,121315,132,1114,2,36000,1.11849192101
120071,120206,121746,135,1540,2,36000,1.08766233766
120072,120211,121330,139,1119,2,36000,1.12421805183
120073,120216,121781,143,1565,2,36000,1.09137380192
120075,120221,121773,146,1552,2,36000,1.09407216495
120076,120227,121776,151,1549,2,36000,1.09748224661
120077,120232,121756,155,1524,2,36000,1.10170603675
120079,120237,121765,158,1528,2,36000,1.10340314136
120080,120242,121805,162,1563,2,36000,1.10364683301
120081,120247,121782,166,1535,2,36000,1.10814332248
120082,120253,121687,171,1434,2,36000,1.11924686192
120084,120258,121658,174,1400,2,36000,1.12428571429
120085,120263,121777,178,1514,2,36000,1.11756935271
120086,120268,121861,182,1593,2,36000,1.11424984306
120088,120274,121765,186,1491,2,36000,1.12474849095
120089,120293,122102,204,1809,2,36000,1.1127694859
120090,120359,121899,269,1540,2,36000,1.17467532468
120092,120364,121791,272,1427,2,36000,1.19060967064
120093,120370,121832,277,1462,2,36000,1.18946648427
120094,120376,121808,282,1432,2,36000,1.1969273743
120096,120382,121772,286,1390,2,36000,1.20575539568
120459,120983,603120,524,482137,20,540000,1.00108682802
121269,121275,122629,6,1354,2,36000,1.00443131462
121270,121281,122442,11,1161,2,36000,1.00947459087
121272,121286,122234,14,948,2,36000,1.01476793249
121273,121291,122266,18,975,2,36000,1.01846153846
121274,121296,122213,22,917,2,36000,1.0239912759
121276,121303,122450,27,1147,2,36000,1.0235396687
121277,121308,122304,31,996,2,36000,1.03112449799
121279,121313,122336,34,1023,2,36000,1.03323558162
121280,121318,122309,38,991,2,36000,1.03834510595
121281,121323,122452,42,1129,2,36000,1.03720106289
121283,121329,122472,46,1143,2,36000,1.04024496938
121284,121334,122431,50,1097,2,36000,1.04557885141
121286,121339,122482,53,1143,2,36000,1.04636920385
121287,121344,122470,57,1126,2,36000,1.05062166963
121288,121349,122415,61,1066,2,36000,1.05722326454
121290,121355,122268,65,913,2,36000,1.07119386637
121291,121360,122529,69,1169,2,36000,1.05902480753
121292,121365,122355,73,990,2,36000,1.07373737374
121294,121370,122475,76,1105,2,36000,1.06877828054
121295,121376,122490,81,1114,2,36000,1.07271095153
121297,121381,122646,84,1265,2,36000,1.06640316206
121298,121387,122458,89,1071,2,36000,1.08309990663
121299,121393,122287,94,894,2,36000,1.10514541387
121301,121398,122300,97,902,2,36000,1.10753880266
121303,121403,122537,100,1134,2,36000,1.08818342152
121305,121409,122538,104,1129,2,36000,1.09211691763
121306,121414,122521,108,1107,2,36000,1.09756097561
121308,121419,122279,111,860,2,36000,1.12906976744
121309,121424,122422,115,998,2,36000,1.11523046092
121310,121429,122474,119,1045,2,36000,1.11387559809
121312,121435,122488,123,1053,2,36000,1.11680911681
121314,121440,122383,126,943,2,36000,1.13361611877
121315,121445,122534,130,1089,2,36000,1.11937557392
121316,121450,122566,134,1116,2,36000,1.12007168459
121318,121455,122518,137,1063,2,36000,1.12888052681
121319,121461,122523,142,1062,2,36000,1.13370998117
121321,121466,122601,145,1135,2,36000,1.12775330396
121322,121471,122566,149,1095,2,36000,1.13607305936
121323,121476,122460,153,984,2,36000,1.15548780488
121325,121482,122261,157,779,2,36000,1.20154043646
121326,121487,122518,161,1031,2,36000,1.15615906887
121327,121492,122594,165,1102,2,36000,1.1497277677
121329,121497,122534,168,1037,2,36000,1.16200578592
121330,121502,122481,172,979,2,36000,1.17568947906
121332,121508,122470,176,962,2,36000,1.18295218295
121333,121513,122463,180,950,2,36000,1.18947368421
121334,121518,122441,184,923,2,36000,1.19934994583
121336,121523,122473,187,950,2,36000,1.19684210526
121337,121528,122482,191,954,2,36000,1.20020964361
121338,121534,122370,196,836,2,36000,1.23444976077
121340,121539,122461,199,922,2,36000,1.215835141
121341,121544,122381,203,837,2,36000,1.24253285544
121342,121549,122586,207,1037,2,36000,1.19961427194
121344,121554,122602,210,1048,2,36000,1.20038167939
121345,121560,122631,215,1071,2,36000,1.20074696545
121347,121565,122576,218,1011,2,36000,1.215628091
121348,121570,122668,222,1098,2,36000,1.20218579235
121349,121575,122575,226,1000,2,36000,1.226
121351,121580,122614,229,1034,2,36000,1.22147001934
121352,121586,122643,234,1057,2,36000,1.22138126774
121353,121598,122480,245,882,2,36000,1.27777777778
121355,121603,122527,248,924,2,36000,1.2683982684
121356,121608,122552,252,944,2,36000,1.26694915254
121357,121613,122641,256,1028,2,36000,1.24902723735
121359,121619,122475,260,856,2,36000,1.30373831776
121360,121625,122644,265,1019,2,36000,1.26005888126
121397,121592,122214,195,622,2,64800,1.31350482315
121835,121841,122841,6,1000,2,36000,1.006
121836,121847,122652,11,805,2,36000,1.01366459627
121837,121853,122824,16,971,2,36000,1.01647785788
121839,121858,122808,19,950,2,36000,1.02
121840,121863,122874,23,1011,2,36000,1.02274975272
121841,121868,122758,27,890,2,36000,1.03033707865
121843,121874,122896,31,1022,2,36000,1.03033268102
121844,121880,122722,36,842,2,36000,1.04275534442
121846,121885,122879,39,994,2,36000,1.03923541247
121847,121890,122839,43,949,2,36000,1.04531085353
121848,121895,122922,47,1027,2,36000,1.04576436222
121849,121900,122856,51,956,2,36000,1.05334728033
121851,121906,122893,55,987,2,36000,1.05572441743
121852,121911,122919,59,1008,2,36000,1.05853174603
121860,121916,122813,56,897,2,36000,1.0624303233
121862,121921,122911,59,990,2,36000,1.0595959596
121863,121926,122834,63,908,2,36000,1.06938325991
121864,121932,122838,68,906,2,36000,1.07505518764
121866,121937,122963,71,1026,2,36000,1.06920077973
121867,121942,122846,75,904,2,36000,1.08296460177
121868,121947,122826,79,879,2,36000,1.08987485779
121870,121958,122921,88,963,2,36000,1.09138110073
121871,121963,122943,92,980,2,36000,1.09387755102
121872,121969,122727,97,758,2,36000,1.12796833773
121874,121974,122977,100,1003,2,36000,1.09970089731
121875,122224,123052,349,828,2,36000,1.42149758454
121876,122231,123193,355,962,2,36000,1.36902286902
121878,122245,123236,367,991,2,36000,1.37033299697
121879,122272,123064,393,792,2,36000,1.49621212121
121880,122279,123229,399,950,2,36000,1.42
121882,122284,123252,402,968,2,36000,1.4152892562
121883,122291,123202,408,911,2,36000,1.44785949506
121884,122297,123323,413,1026,2,36000,1.40253411306
121885,122311,123265,426,954,2,36000,1.4465408805
121887,122318,123186,431,868,2,36000,1.4965437788
121888,122325,123051,437,726,2,36000,1.60192837466
121889,122381,123318,492,937,2,36000,1.52508004269
121891,122393,123137,502,744,2,36000,1.6747311828
121892,122453,123416,561,963,2,36000,1.58255451713
121893,122472,123360,579,888,2,36000,1.65202702703
121914,121953,124757,39,2804,8,3600,1.01390870185
121938,122479,123426,541,947,2,36000,1.57127771911
121939,122484,123414,545,930,2,36000,1.58602150538
121940,122491,123203,551,712,2,36000,1.77387640449
121971,122113,128335,142,6222,2,21600,1.02282224365
122105,122496,123282,391,786,2,36000,1.49745547074
122214,122501,123517,287,1016,2,36000,1.28248031496
122236,122509,123354,273,845,2,36000,1.32307692308
122262,122514,123442,252,928,2,36000,1.27155172414
122278,122530,123463,252,933,2,36000,1.27009646302
122280,122539,123527,259,988,2,36000,1.26214574899
122281,122545,123469,264,924,2,36000,1.28571428571
122297,122563,123443,266,880,2,36000,1.30227272727
122313,122586,123533,273,947,2,36000,1.28827877508
122315,122592,123472,277,880,2,36000,1.31477272727
122316,122599,123406,283,807,2,36000,1.35068153656
122329,125945,133169,3616,7224,64,7200,1.50055370986
122337,122614,123445,277,831,2,36000,1.33333333333
122357,122626,123552,269,926,2,36000,1.29049676026
122372,122640,123508,268,868,2,36000,1.30875576037
122389,122647,123433,258,786,2,36000,1.32824427481
122390,122654,123620,264,966,2,36000,1.27329192547
122405,134344,141573,11939,7229,64,7200,2.65154239867
122417,122659,123610,242,951,2,36000,1.25446898002
122436,122667,123645,231,978,2,36000,1.23619631902
122437,122672,123741,235,1069,2,36000,1.21983161833
122459,122677,123617,218,940,2,36000,1.23191489362
122460,122683,123663,223,980,2,36000,1.22755102041
122462,122735,123504,273,769,2,36000,1.35500650195
122463,122769,123647,306,878,2,36000,1.34851936219
122464,122819,123812,355,993,2,36000,1.35750251762
122466,122826,123912,360,1086,2,36000,1.33149171271
122491,122835,123695,344,860,2,36000,1.4
122493,122841,123669,348,828,2,36000,1.42028985507
122494,122848,123779,354,931,2,36000,1.38023630505
122495,122856,123864,361,1008,2,36000,1.35813492063
122497,122861,123790,364,929,2,36000,1.39181916039
122498,122866,123843,368,977,2,36000,1.37666325486
122499,122872,123868,373,996,2,36000,1.37449799197
122501,122878,123797,377,919,2,36000,1.41022850925
122502,122886,123855,384,969,2,36000,1.39628482972
122503,122892,123961,389,1069,2,36000,1.36389148737
122505,122904,123901,399,997,2,36000,1.40020060181
122506,122910,123900,404,990,2,36000,1.40808080808
122507,122922,123814,415,892,2,36000,1.46524663677
122509,122930,123968,421,1038,2,36000,1.40558766859
122510,122937,123878,427,941,2,36000,1.45377258236
122532,122943,123732,411,789,2,36000,1.52091254753
122534,122954,123978,420,1024,2,36000,1.41015625
122535,122974,123736,439,762,2,36000,1.57611548556
122537,122988,123999,451,1011,2,36000,1.44609297725
122538,123062,123799,524,737,2,36000,1.71099050204
122539,123069,123824,530,755,2,36000,1.70198675497
122556,123076,123951,520,875,2,36000,1.59428571429
122558,123148,124162,590,1014,2,36000,1.58185404339
122559,123198,124182,639,984,2,36000,1.6493902439
122560,123206,124184,646,978,2,36000,1.66053169734
122562,123216,124046,654,830,2,36000,1.78795180723
122580,123221,124227,641,1006,2,36000,1.63717693837
122581,123241,124371,660,1130,2,36000,1.58407079646
122583,123265,124106,682,841,2,36000,1.81093935791
122584,123277,124251,693,974,2,36000,1.71149897331
122602,123294,124167,692,873,2,36000,1.79266895762
122604,123329,124152,725,823,2,36000,1.88092345079
122605,123337,124281,732,944,2,36000,1.77542372881
122624,123367,124340,743,973,2,36000,1.76361767729
122625,123374,124221,749,847,2,36000,1.88429752066
122643,123418,124309,775,891,2,36000,1.86980920314
122644,123425,124448,781,1023,2,36000,1.76344086022
122645,123433,124351,788,918,2,36000,1.85838779956
122647,123440,124366,793,926,2,36000,1.85637149028
122648,123447,124406,799,959,2,36000,1.83315954119
122662,122741,133338,79,10597,2,64800,1.00745494008
122667,123454,124405,787,951,2,36000,1.82754994742
122668,123461,124328,793,867,2,36000,1.91464821223
122669,123466,124289,797,823,2,36000,1.96840826245
122725,123476,124211,751,735,2,36000,2.02176870748
122741,123483,124381,742,898,2,36000,1.82628062361
122764,123489,124273,725,784,2,36000,1.92474489796
122812,123516,124398,704,882,2,36000,1.79818594104
122813,123523,124387,710,864,2,36000,1.82175925926
122832,123530,124455,698,925,2,36000,1.75459459459
122833,123539,124485,706,946,2,36000,1.74630021142
122854,123546,124264,692,718,2,36000,1.96378830084
122855,123565,124462,710,897,2,36000,1.79152731327
122857,123622,124570,765,948,2,36000,1.80696202532
122858,123629,124769,771,1140,2,36000,1.67631578947
122859,123636,124691,777,1055,2,36000,1.736492891
122878,123657,124630,779,973,2,36000,1.80061664954
122879,123664,124725,785,1061,2,36000,1.73986804901
122880,123676,124629,796,953,2,36000,1.8352570829
122896,123683,124596,787,913,2,36000,1.86199342826
122897,123707,124496,810,789,2,36000,2.02661596958
122914,123744,124647,830,903,2,36000,1.91915836102
122932,123751,124652,819,901,2,36000,1.9089900111
122933,123758,124633,825,875,2,36000,1.94285714286
122935,123792,124723,857,931,2,36000,1.92051557465
122953,123802,124849,849,1047,2,36000,1.81088825215
122972,123809,124815,837,1006,2,36000,1.83200795229
122990,123816,124922,826,1106,2,36000,1.74683544304
122992,122998,123725,6,727,1,600,1.00825309491
123051,123825,124604,774,779,2,36000,1.99358151476
123052,123832,124763,780,931,2,36000,1.83780880773
123069,123839,124911,770,1072,2,36000,1.71828358209
123138,123855,124820,717,965,2,36000,1.74300518135
123186,123867,124713,681,846,2,36000,1.80496453901
123204,123876,124788,672,912,2,36000,1.73684210526
123206,123883,124828,677,945,2,36000,1.7164021164
123207,123891,124687,684,796,2,36000,1.85929648241
123230,123912,124943,682,1031,2,36000,1.66149369544
123246,123918,124741,672,823,2,36000,1.81652490887
123263,123925,124893,662,968,2,36000,1.68388429752
123265,123964,124855,699,891,2,36000,1.78451178451
123284,123973,124934,689,961,2,36000,1.71696149844
123321,123980,124959,659,979,2,36000,1.67313585291
123337,123990,125008,653,1018,2,36000,1.64145383104
123338,123345,195369,7,72024,1,72000,1.00009718983
123357,124011,124889,654,878,2,36000,1.74487471526
123373,124058,124943,685,885,2,36000,1.77401129944
123407,124118,125254,711,1136,2,36000,1.62588028169
123423,124165,125112,742,947,2,36000,1.78352692714
123424,124175,125113,751,938,2,36000,1.80063965885
123441,124182,124876,741,694,2,36000,2.06772334294
123442,124194,124993,752,799,2,36000,1.94117647059
123444,124200,124980,756,780,2,36000,1.96923076923
123445,124224,125117,779,893,2,36000,1.87234042553
123463,124233,125384,770,1151,2,36000,1.66898349262
123464,124240,125242,776,1002,2,36000,1.7744510978
123480,124263,125150,783,887,2,36000,1.88275084555
123481,124276,125139,795,863,2,36000,1.92120509849
123504,124285,125228,781,943,2,36000,1.8282078473
123521,124294,125034,773,740,2,36000,2.04459459459
123523,124301,124950,778,649,2,36000,2.19876733436
123539,124321,125283,782,962,2,36000,1.81288981289
123540,124341,125273,801,932,2,36000,1.85944206009
123556,124351,125315,795,964,2,36000,1.82468879668
123563,125131,413155,1568,288024,18,288000,1.00544399078
123611,124364,125385,753,1021,2,36000,1.7375122429
123627,124378,125316,751,938,2,36000,1.80063965885
123628,124385,125486,757,1101,2,36000,1.68755676658
123648,124394,125324,746,930,2,36000,1.80215053763
123649,124402,125569,753,1167,2,36000,1.64524421594
123665,124421,125489,756,1068,2,36000,1.70786516854
123681,124428,125379,747,951,2,36000,1.78548895899
123698,124433,125456,735,1023,2,36000,1.71847507331
123735,124460,125361,725,901,2,36000,1.80466148724
123736,124468,125509,732,1041,2,36000,1.70317002882
123752,124475,125379,723,904,2,36000,1.79977876106
123781,124497,125541,716,1044,2,36000,1.68582375479
123799,124507,125432,708,925,2,36000,1.76540540541
123800,124583,125515,783,932,2,36000,1.84012875536
123802,124609,125495,807,886,2,36000,1.91083521445
123819,124617,125562,798,945,2,36000,1.84444444444
123820,124641,125590,821,949,2,36000,1.86512118019
123836,124649,125418,813,769,2,36000,2.05721716515
123853,124654,125505,801,851,2,36000,1.94124559342
123871,124661,125634,790,973,2,36000,1.81192189106
123872,124668,125533,796,865,2,36000,1.92023121387
123874,124699,125790,825,1091,2,36000,1.75618698442
123889,124706,125728,817,1022,2,36000,1.79941291585
123906,124726,125767,820,1041,2,36000,1.78770413064
123908,124735,125671,827,936,2,36000,1.88354700855
123923,124742,125588,819,846,2,36000,1.96808510638
123954,124753,125715,799,962,2,36000,1.83056133056
123973,124770,125705,797,935,2,36000,1.85240641711
123974,124944,125865,970,921,2,36000,2.05320304017
123990,124775,125554,785,779,2,36000,2.00770218228
124006,124780,125560,774,780,2,36000,1.99230769231
124048,124786,125714,738,928,2,36000,1.79525862069
124107,124791,125627,684,836,2,36000,1.81818181818
124153,124796,125637,643,841,2,36000,1.76456599287
124170,124801,125765,631,964,2,36000,1.65456431535
124172,124807,125911,635,1104,2,36000,1.57518115942
124189,124812,125646,623,834,2,36000,1.74700239808
124190,124817,125725,627,908,2,36000,1.69052863436
124213,124822,125699,609,877,2,36000,1.69441277081
124230,124827,125896,597,1069,2,36000,1.55846585594
124231,124833,125740,602,907,2,36000,1.66372657111
124250,124838,125871,588,1033,2,36000,1.56921587609
124266,124843,125654,577,811,2,36000,1.71146732429
124283,124848,125713,565,865,2,36000,1.65317919075
124284,124853,125702,569,849,2,36000,1.67020023557
124302,124859,125850,557,991,2,36000,1.56205852674
124319,124864,125741,545,877,2,36000,1.62143671608
124336,124869,125750,533,881,2,36000,1.60499432463
124352,124874,125841,522,967,2,36000,1.53981385729
124353,124880,125835,527,955,2,36000,1.55183246073
124370,124885,125823,515,938,2,36000,1.54904051173
124372,124890,125727,518,837,2,36000,1.61887694146
124390,124895,125889,505,994,2,36000,1.50804828974
124391,124900,125822,509,922,2,36000,1.55206073753
124404,124416,125032,12,616,1,600,1.01948051948
124408,124906,125771,498,865,2,36000,1.57572254335
124409,124911,126012,502,1101,2,36000,1.45594913715
124411,124916,125873,505,957,2,36000,1.5276907001
124449,124921,125844,472,923,2,36000,1.511375948
124465,124926,125857,461,931,2,36000,1.49516648765
124466,124932,125754,466,822,2,36000,1.56690997567
124486,124937,125930,451,993,2,36000,1.45417925478
124501,124949,125872,448,923,2,36000,1.48537378115
124505,124991,134413,486,9422,2,14400,1.05158140522
124572,124955,125877,383,922,2,36000,1.41540130152
124597,124960,125987,363,1027,2,36000,1.35345666991
124614,124965,125867,351,902,2,36000,1.38913525499
124632,124970,125705,338,735,2,36000,1.45986394558
124633,124975,125937,342,962,2,36000,1.35550935551
124650,124998,125966,348,968,2,36000,1.35950413223
124652,125003,125949,351,946,2,36000,1.3710359408
124669,125008,125983,339,975,2,36000,1.34769230769
124688,125013,125927,325,914,2,36000,1.35557986871
124704,125124,126180,420,1056,2,36000,1.39772727273
124720,125136,126035,416,899,2,36000,1.46273637375
124739,125152,126206,413,1054,2,36000,1.39184060721
124740,125241,126132,501,891,2,36000,1.56228956229
124757,125284,126213,527,929,2,36000,1.56727664155
124775,124981,125942,206,961,2,36000,1.21436004162
124776,124986,125771,210,785,2,36000,1.26751592357
124793,125294,126135,501,841,2,36000,1.59571938169
124817,125372,126337,555,965,2,36000,1.57512953368
124833,125392,126312,559,920,2,36000,1.60760869565
124835,125397,126328,562,931,2,36000,1.60365198711
124851,125403,126439,552,1036,2,36000,1.53281853282
124868,125444,126456,576,1012,2,36000,1.56916996047
124881,125328,144939,447,19611,10,57600,1.02279333027
124884,125468,126445,584,977,2,36000,1.5977482088
124902,125500,126340,598,840,2,36000,1.7119047619
124904,125506,126379,602,873,2,36000,1.68957617411
124920,125516,126368,596,852,2,36000,1.69953051643
124937,125523,126577,586,1054,2,36000,1.5559772296
124938,125530,126529,592,999,2,36000,1.59259259259
124956,125545,126574,589,1029,2,36000,1.57240038873
124957,125573,126542,616,969,2,36000,1.63570691434
124958,125580,126676,622,1096,2,36000,1.56751824818
124977,125599,126319,622,720,2,36000,1.86388888889
124994,125606,126499,612,893,2,36000,1.68533034714
124995,125645,126505,650,860,2,36000,1.75581395349
125012,125682,126916,670,1234,2,36000,1.54294975689
125034,125042,125750,8,708,1,600,1.01129943503
125035,125716,126625,681,909,2,36000,1.74917491749
125116,125721,126651,605,930,2,36000,1.65053763441
125117,125727,126659,610,932,2,36000,1.65450643777
125119,125739,126646,620,907,2,36000,1.6835722161
125142,125778,126744,636,966,2,36000,1.65838509317
125158,125785,126752,627,967,2,36000,1.64839710445
125230,125802,126692,572,890,2,36000,1.64269662921
125246,125877,126684,631,807,2,36000,1.78190830235
125262,125884,126575,622,691,2,36000,1.9001447178
125279,125889,126841,610,952,2,36000,1.64075630252
125286,125552,179466,266,53914,10,57600,1.00493378343
125296,125896,126859,600,963,2,36000,1.6230529595
125318,125938,126824,620,886,2,36000,1.69977426637
125320,125952,126874,632,922,2,36000,1.68546637744
125335,125959,126747,624,788,2,36000,1.79187817259
125363,125965,126886,602,921,2,36000,1.65363735071
125385,125978,126824,593,846,2,36000,1.70094562648
125387,125994,127059,607,1065,2,36000,1.56995305164
125388,126001,126854,613,853,2,36000,1.71864009379
125389,126046,126968,657,922,2,36000,1.7125813449
125419,126143,127138,724,995,2,36000,1.72763819095
125435,126149,126949,714,800,2,36000,1.8925
125457,126191,127134,734,943,2,36000,1.7783669141
125487,126218,127238,731,1020,2,36000,1.71666666667
125506,126225,127032,719,807,2,36000,1.89095415118
125508,126323,127280,815,957,2,36000,1.85161964472
125509,126331,127249,822,918,2,36000,1.8954248366
125526,126339,127256,813,917,2,36000,1.88658669575
125527,126348,127253,821,905,2,36000,1.90718232044
125546,126355,127321,809,966,2,36000,1.83747412008
125548,126379,127195,831,816,2,36000,2.01838235294
125567,126390,127298,823,908,2,36000,1.9063876652
125568,126450,127174,882,724,2,36000,2.2182320442
125569,126457,127310,888,853,2,36000,2.04103165299
125586,126467,127225,881,758,2,36000,2.16226912929
125603,126510,127235,907,725,2,36000,2.25103448276
125603,131038,174268,5435,43230,10,43200,1.12572287763
125604,126517,127578,913,1061,2,36000,1.86050895382
125626,126541,127519,915,978,2,36000,1.93558282209
125642,126553,127492,911,939,2,36000,1.97018104366
125643,126586,127552,943,966,2,36000,1.97619047619
125658,126592,127336,934,744,2,36000,2.25537634409
125660,126598,127462,938,864,2,36000,2.08564814815
125676,126637,127296,961,659,2,36000,2.45827010622
125699,126657,127553,958,896,2,36000,2.06919642857
125717,126664,127498,947,834,2,36000,2.13549160671
125719,126671,127502,952,831,2,36000,2.14560770156
125720,126687,127517,967,830,2,36000,2.16506024096
125721,126695,127535,974,840,2,36000,2.15952380952
125723,126703,127700,980,997,2,36000,1.98294884654
125724,126755,127513,1031,758,2,36000,2.36015831135
125743,126762,127853,1019,1091,2,36000,1.93400549954
125745,126769,127661,1024,892,2,36000,2.14798206278
125746,126836,127675,1090,839,2,36000,2.29916567342
125747,126841,127778,1094,937,2,36000,2.16755602988
125749,126852,127656,1103,804,2,36000,2.37189054726
125766,126865,127775,1099,910,2,36000,2.20769230769
125768,126872,127933,1104,1061,2,36000,2.04052780396
125769,126885,127762,1116,877,2,36000,2.27251995439
125770,126897,127580,1127,683,2,36000,2.65007320644
125788,126927,127865,1139,938,2,36000,2.21428571429
125790,126961,128065,1171,1104,2,36000,2.0606884058
125806,126979,127845,1173,866,2,36000,2.3545034642
125822,127043,127883,1221,840,2,36000,2.45357142857
125823,127071,128088,1248,1017,2,36000,2.22713864307
125839,127145,128078,1306,933,2,36000,2.39978563773
125858,127152,128192,1294,1040,2,36000,2.24423076923
125859,127186,128164,1327,978,2,36000,2.35685071575
125861,127207,127939,1346,732,2,36000,2.83879781421
125862,127236,128241,1374,1005,2,36000,2.3671641791
125883,127246,128251,1363,1005,2,36000,2.35621890547
125884,127253,128104,1369,851,2,36000,2.60869565217
125886,127260,128255,1374,995,2,36000,2.38090452261
125887,127267,128167,1380,900,2,36000,2.53333333333
125889,127272,128256,1383,984,2,36000,2.40548780488
125890,127291,128265,1401,974,2,36000,2.43839835729
125906,127307,128332,1401,1025,2,36000,2.36682926829
125908,127314,128252,1406,938,2,36000,2.49893390192
125923,127323,128246,1400,923,2,36000,2.51679306609
125940,127332,128218,1392,886,2,36000,2.57110609481
125942,127348,128102,1406,754,2,36000,2.86472148541
125943,127473,128478,1530,1005,2,36000,2.5223880597
125959,127504,128375,1545,871,2,36000,2.77382319173
125960,127511,128615,1551,1104,2,36000,2.40489130435
125977,127517,128370,1540,853,2,36000,2.80539273154
125992,127525,128614,1533,1089,2,36000,2.40771349862
125994,127531,128505,1537,974,2,36000,2.57802874743
126014,127537,128635,1523,1098,2,36000,2.38706739526
126036,127548,128579,1512,1031,2,36000,2.46653734239
126042,126053,126779,11,726,1,600,1.01515151515
126134,127564,128461,1430,897,2,36000,2.59420289855
126137,134015,140725,7878,6710,2,21600,2.1740685544
126149,127570,128384,1421,814,2,36000,2.7457002457
126180,127589,128558,1409,969,2,36000,2.45407636739
126208,127596,128439,1388,843,2,36000,2.64650059312
126224,127667,128764,1443,1097,2,36000,2.31540565178
126316,127673,128581,1357,908,2,36000,2.49449339207
126333,127686,128572,1353,886,2,36000,2.52708803612
126335,127711,128767,1376,1056,2,36000,2.30303030303
126351,127774,128755,1423,981,2,36000,2.4505606524
126353,127786,128743,1433,957,2,36000,2.4973876698
126369,127792,128785,1423,993,2,36000,2.43303121853
126385,127857,128782,1472,925,2,36000,2.59135135135
126439,127864,128826,1425,962,2,36000,2.48128898129
126455,127878,128826,1423,948,2,36000,2.50105485232
126457,127894,129231,1437,1337,2,36000,2.07479431563
126501,127946,128862,1445,916,2,36000,2.57751091703
126519,127952,128873,1433,921,2,36000,2.555917481
126533,133202,179772,6669,46570,8,57600,1.14320377926
126536,128077,129067,1541,990,2,36000,2.55656565657
126552,128090,128955,1538,865,2,36000,2.77803468208
126576,128100,128997,1524,897,2,36000,2.69899665552
126578,128113,129103,1535,990,2,36000,2.55050505051
126579,128121,129109,1542,988,2,36000,2.56072874494
126629,128176,129159,1547,983,2,36000,2.57375381485
126649,128183,129124,1534,941,2,36000,2.63018065887
126668,128204,129160,1536,956,2,36000,2.60669456067
126669,128230,129203,1561,973,2,36000,2.60431654676
126686,128253,129127,1567,874,2,36000,2.79290617849
126687,128259,129418,1572,1159,2,36000,2.35634167386
126703,128266,128968,1563,702,2,36000,3.2264957265
126746,128271,129240,1525,969,2,36000,2.5737874097
126763,128278,129084,1515,806,2,36000,2.87965260546
126764,128283,129075,1519,792,2,36000,2.91792929293
126825,128288,129235,1463,947,2,36000,2.54487856389
126826,128345,129281,1519,936,2,36000,2.62286324786
126843,128382,129398,1539,1016,2,36000,2.51476377953
126859,128389,129332,1530,943,2,36000,2.62248144221
126860,128396,129407,1536,1011,2,36000,2.51928783383
126876,128451,129404,1575,953,2,36000,2.65267576076
126892,128472,129464,1580,992,2,36000,2.59274193548
126916,128491,129209,1575,718,2,36000,3.19359331476
126951,128570,129298,1619,728,2,36000,3.2239010989
126971,128585,129405,1614,820,2,36000,2.96829268293
126992,126998,128853,6,1855,1,1800,1.00323450135
127033,128592,129537,1559,945,2,36000,2.64973544974
127059,128599,129522,1540,923,2,36000,2.6684723727
127134,128626,129540,1492,914,2,36000,2.63238512035
127152,128647,129495,1495,848,2,36000,2.76297169811
127173,128755,129818,1582,1063,2,36000,2.48824082785
127198,128767,129740,1569,973,2,36000,2.6125385406
127226,128776,129702,1550,926,2,36000,2.67386609071
127243,128784,129745,1541,961,2,36000,2.60353798127
127244,128793,129908,1549,1115,2,36000,2.38923766816
127265,128800,129616,1535,816,2,36000,2.88112745098
127266,128838,129756,1572,918,2,36000,2.71241830065
127267,128843,129704,1576,861,2,36000,2.83042973287
127284,128874,129729,1590,855,2,36000,2.85964912281
127302,128886,129877,1584,991,2,36000,2.59838546922
127303,128968,129904,1665,936,2,36000,2.77884615385
127319,128980,130012,1661,1032,2,36000,2.60949612403
127335,129009,129954,1674,945,2,36000,2.77142857143
127351,129080,130109,1729,1029,2,36000,2.68027210884
127359,135692,179024,8333,43332,10,57600,1.19230591711
127463,129086,129985,1623,899,2,36000,2.80533926585
127493,129096,130114,1603,1018,2,36000,2.57465618861
127509,129116,129964,1607,848,2,36000,2.89504716981
127511,129123,130106,1612,983,2,36000,2.63987792472
127529,129136,129846,1607,710,2,36000,3.26338028169
127530,129143,129954,1613,811,2,36000,2.9889025894
127531,129170,130174,1639,1004,2,36000,2.63247011952
127547,129178,129986,1631,808,2,36000,3.01856435644
127563,129215,130178,1652,963,2,36000,2.71547248183
127564,129222,129875,1658,653,2,36000,3.53905053599
127581,129243,130224,1662,981,2,36000,2.69418960245
127582,129249,130798,1667,1549,2,36000,2.07617817947
127661,129257,130017,1596,760,2,36000,3.1
127678,129292,130177,1614,885,2,36000,2.82372881356
127679,129310,130092,1631,782,2,36000,3.08567774936
127692,133072,137199,5380,4127,2,36000,2.30361037073
127702,129344,130317,1642,973,2,36000,2.68756423433
127764,129410,130417,1646,1007,2,36000,2.63455809335
127780,129417,130426,1637,1009,2,36000,2.62239841427
127782,129422,130469,1640,1047,2,36000,2.56638013372
127842,129429,130151,1587,722,2,36000,3.19806094183
127858,129436,130196,1578,760,2,36000,3.07631578947
127873,129476,130549,1603,1073,2,36000,2.49394221808
127890,129508,130243,1618,735,2,36000,3.20136054422
127935,129534,130523,1599,989,2,36000,2.61678463094
127940,141694,178288,13754,36594,2,43200,1.37585396513
127952,129549,130271,1597,722,2,36000,3.21191135734
128067,129555,130639,1488,1084,2,36000,2.37269372694
128084,129628,130572,1544,944,2,36000,2.63559322034
128100,129714,130470,1614,756,2,36000,3.13492063492
128116,129720,130702,1604,982,2,36000,2.633401222
128118,129741,130550,1623,809,2,36000,3.00618046972
128155,133066,135681,4911,2615,8,3600,2.87801147228
128163,129753,130690,1590,937,2,36000,2.69690501601
128165,129760,130691,1595,931,2,36000,2.71321160043
128195,129768,130607,1573,839,2,36000,2.87485101311
128217,129830,130756,1613,926,2,36000,2.74190064795
128240,129859,130618,1619,759,2,36000,3.13306982872
128260,129887,130686,1627,799,2,36000,3.03629536921
128261,129894,130801,1633,907,2,36000,2.80044101433
128262,129916,130819,1654,903,2,36000,2.83167220377
128264,129923,130851,1659,928,2,36000,2.78771551724
128265,129966,130841,1701,875,2,36000,2.944
128282,129971,130704,1689,733,2,36000,3.30422919509
128335,129978,130906,1643,928,2,36000,2.77047413793
128363,141699,306864,13336,165165,2,172800,1.08074349893
128372,129997,130930,1625,933,2,36000,2.74169346195
128389,130003,130980,1614,977,2,36000,2.65199590583
128390,130024,130758,1634,734,2,36000,3.22615803815
128442,130036,130932,1594,896,2,36000,2.77901785714
128466,130104,130996,1638,892,2,36000,2.83632286996
128482,130119,130935,1637,816,2,36000,3.00612745098
128506,130126,130905,1620,779,2,36000,3.07958921694
128559,130131,131137,1572,1006,2,36000,2.56262425447
128569,133187,202047,4618,68860,1,72000,1.06706360732
128575,130163,130971,1588,808,2,36000,2.96534653465
128591,130185,131124,1594,939,2,36000,2.69755058573
128593,130193,131030,1600,837,2,36000,2.91158900836
128615,130198,131148,1583,950,2,36000,2.66631578947
128617,130208,131125,1591,917,2,36000,2.73500545256
128636,130236,130998,1600,762,2,36000,3.09973753281
128742,130255,131400,1513,1145,2,36000,2.32139737991
128762,130284,131230,1522,946,2,36000,2.6088794926
128787,130330,131050,1543,720,2,36000,3.14305555556
128788,130429,131207,1641,778,2,36000,3.10925449871
128790,130439,131423,1649,984,2,36000,2.67581300813
128791,130482,131376,1691,894,2,36000,2.89149888143
128835,130487,131379,1652,892,2,36000,2.85201793722
128837,130535,131593,1698,1058,2,36000,2.60491493384
128854,128862,130766,8,1904,1,1800,1.00420168067
128864,130561,131479,1697,918,2,36000,2.848583878
128881,130568,131570,1687,1002,2,36000,2.68363273453
128968,130584,131428,1616,844,2,36000,2.91469194313
128969,130619,131469,1650,850,2,36000,2.94117647059
129000,130630,131641,1630,1011,2,36000,2.61226508408
129006,133392,479016,4386,345624,2,345600,1.01269009097
129013,133181,478822,4168,345641,2,345600,1.0120587546
129074,130651,131533,1577,882,2,36000,2.78798185941
129075,130698,131591,1623,893,2,36000,2.81746920493
129096,130705,131608,1609,903,2,36000,2.78183831672
129116,130710,131714,1594,1004,2,36000,2.58764940239
129118,130717,131636,1599,919,2,36000,2.73993471164
129139,130722,131643,1583,921,2,36000,2.71878393051
129140,130768,131701,1628,933,2,36000,2.74490889603
129162,130775,131716,1613,941,2,36000,2.71413390011
129163,130811,131602,1648,791,2,36000,3.08343868521
129210,130818,131556,1608,738,2,36000,3.17886178862
129212,130831,131928,1619,1097,2,36000,2.47584320875
129240,130853,131584,1613,731,2,36000,3.20656634747
129242,130864,131718,1622,854,2,36000,2.89929742389
129243,130917,131814,1674,897,2,36000,2.86622073579
129286,130924,131876,1638,952,2,36000,2.72058823529
129305,130941,131892,1636,951,2,36000,2.72029442692
129333,130948,131894,1615,946,2,36000,2.70718816068
129405,130953,131899,1548,946,2,36000,2.63636363636
129406,130983,131797,1577,814,2,36000,2.93734643735
129407,130992,131932,1585,940,2,36000,2.68617021277
129434,131009,132045,1575,1036,2,36000,2.52027027027
129435,131016,131992,1581,976,2,36000,2.61987704918
129470,131046,132055,1576,1009,2,36000,2.56194251734
129509,131062,132205,1553,1143,2,36000,2.35870516185
129532,131136,132073,1604,937,2,36000,2.71184631804
129548,131143,132148,1595,1005,2,36000,2.58706467662
129549,131149,132112,1600,963,2,36000,2.66147455867
129595,129602,129620,7,18,2,1800,1.38888888889
129618,131161,132052,1543,891,2,36000,2.7317620651
129703,131219,132226,1516,1007,2,36000,2.50546176763
129705,131242,131965,1537,723,2,36000,3.12586445367
129732,131387,132329,1655,942,2,36000,2.75690021231
129748,131395,132365,1647,970,2,36000,2.69793814433
129750,131412,132174,1662,762,2,36000,3.1811023622
129765,131435,132639,1670,1204,2,36000,2.38704318937
129818,131442,132357,1624,915,2,36000,2.77486338798
129849,131481,132404,1632,923,2,36000,2.76814734561
129877,131491,132369,1614,878,2,36000,2.83826879271
129878,131545,132392,1667,847,2,36000,2.9681227863
129909,131568,132624,1659,1056,2,36000,2.57102272727
129910,131581,132475,1671,894,2,36000,2.86912751678
129960,131596,132421,1636,825,2,36000,2.98303030303
129962,131604,132618,1642,1014,2,36000,2.61932938856
129977,131611,132582,1634,971,2,36000,2.68280123584
129993,131618,132412,1625,794,2,36000,3.04659949622
129995,131625,132533,1630,908,2,36000,2.79515418502
130016,131648,132570,1632,922,2,36000,2.77006507592
130024,130030,130054,6,24,2,1800,1.25
130032,131655,132420,1623,765,2,36000,3.12156862745
130066,141595,487216,11529,345621,4,345600,1.03335734808
130093,131661,132592,1568,931,2,36000,2.68421052632
130110,131713,132755,1603,1042,2,36000,2.53838771593
130111,131725,132649,1614,924,2,36000,2.74675324675
130127,141600,487218,11473,345618,4,345600,1.03319560902
130128,131733,132671,1605,938,2,36000,2.71108742004
130150,131738,132717,1588,979,2,36000,2.62206332993
130178,131810,132845,1632,1035,2,36000,2.5768115942
130180,131827,132662,1647,835,2,36000,2.97245508982
130181,131889,132764,1708,875,2,36000,2.952
130197,131905,132912,1708,1007,2,36000,2.69612711023
130227,131912,132874,1685,962,2,36000,2.75155925156
130246,131917,132857,1671,940,2,36000,2.77765957447
130273,131941,132900,1668,959,2,36000,2.73931178311
130325,131948,132927,1623,979,2,36000,2.65781409602
130418,131977,132937,1559,960,2,36000,2.62395833333
130434,132004,133034,1570,1030,2,36000,2.52427184466
130470,132057,132944,1587,887,2,36000,2.78917700113
130472,132064,132998,1592,934,2,36000,2.70449678801
130526,132071,133120,1545,1049,2,36000,2.47283126787
130549,132085,132840,1536,755,2,36000,3.03443708609
130551,132125,133076,1574,951,2,36000,2.65509989485
130573,132160,133015,1587,855,2,36000,2.85614035088
130607,132186,133079,1579,893,2,36000,2.76819708847
130623,132217,133145,1594,928,2,36000,2.71767241379
130639,132238,132972,1599,734,2,36000,3.17847411444
130688,132347,133394,1659,1047,2,36000,2.58452722063
130709,132369,133199,1660,830,2,36000,3.0
130710,132378,133269,1668,891,2,36000,2.87205387205
130712,132385,133178,1673,793,2,36000,3.10970996217
130713,132404,133332,1691,928,2,36000,2.82219827586
130762,132416,133182,1654,766,2,36000,3.1592689295
130764,132425,133574,1661,1149,2,36000,2.4456048738
130800,132432,133500,1632,1068,2,36000,2.52808988764
130817,132439,133390,1622,951,2,36000,2.70557308097
130833,132488,133390,1655,902,2,36000,2.83481152993
130849,132545,133515,1696,970,2,36000,2.74845360825
130865,132582,133647,1717,1065,2,36000,2.61220657277
130907,132594,133586,1687,992,2,36000,2.70060483871
130908,132605,133491,1697,886,2,36000,2.91534988713
130941,132630,133779,1689,1149,2,36000,2.46997389034
130942,132637,133524,1695,887,2,36000,2.91093573844
130944,132652,133511,1708,859,2,36000,2.98835855646
130955,133192,145000,2237,11808,8,356400,1.18944783198
130974,132662,133559,1688,897,2,36000,2.88182831661
130989,132674,133573,1685,899,2,36000,2.87430478309
131005,132684,133641,1679,957,2,36000,2.75444096134
131007,132729,133754,1722,1025,2,36000,2.68
131030,132767,133532,1737,765,2,36000,3.27058823529
131053,132776,133857,1723,1081,2,36000,2.59389454209
131125,132852,133836,1727,984,2,36000,2.75508130081
131127,132859,133764,1732,905,2,36000,2.9138121547
131143,132869,133557,1726,688,2,36000,3.50872093023
131159,132886,133762,1727,876,2,36000,2.97146118721
131204,133197,136923,1993,3726,1,3600,1.53488996243
131209,132912,133663,1703,751,2,36000,3.26764314248
131232,132924,133756,1692,832,2,36000,3.03365384615
131379,132939,133962,1560,1023,2,36000,2.52492668622
131380,132949,134138,1569,1189,2,36000,2.31959629941
131402,132957,133899,1555,942,2,36000,2.65074309979
131425,132984,133998,1559,1014,2,36000,2.53747534517
131440,133010,133804,1570,794,2,36000,2.97732997481
131469,133028,133950,1559,922,2,36000,2.69088937093
131485,133046,133863,1561,817,2,36000,2.91064871481
131535,133077,134041,1542,964,2,36000,2.59958506224
131558,133082,134062,1524,980,2,36000,2.55510204082
131575,133089,133912,1514,823,2,36000,2.83961117861
131592,133095,134075,1503,980,2,36000,2.53367346939
131593,133132,134120,1539,988,2,36000,2.55769230769
131652,133156,133922,1504,766,2,36000,2.9634464752
131654,133208,134192,1554,984,2,36000,2.57926829268
131655,133213,134004,1558,791,2,36000,2.96965865992
131657,133218,134311,1561,1093,2,36000,2.42817932296
131658,133223,134082,1565,859,2,36000,2.82188591385
131659,133229,134262,1570,1033,2,36000,2.51984511133
131709,133234,134211,1525,977,2,36000,2.56090071648
131729,133239,134186,1510,947,2,36000,2.59450897571
131730,133244,134217,1514,973,2,36000,2.55601233299
131731,133249,134325,1518,1076,2,36000,2.41078066914
131800,133255,134135,1455,880,2,36000,2.65340909091
131817,133260,134154,1443,894,2,36000,2.61409395973
131880,133265,134170,1385,905,2,36000,2.53038674033
131898,133270,134051,1372,781,2,36000,2.75672215109
131900,133276,134328,1376,1052,2,36000,2.30798479087
131917,133281,134200,1364,919,2,36000,2.48422198041
131935,133286,134222,1351,936,2,36000,2.44337606838
131937,133291,134141,1354,850,2,36000,2.59294117647
131966,133296,134303,1330,1007,2,36000,2.32075471698
131995,133302,134135,1307,833,2,36000,2.56902761104
132048,133307,134136,1259,829,2,36000,2.51869722557
132069,133312,134086,1243,774,2,36000,2.60594315245
132070,133317,134232,1247,915,2,36000,2.36284153005
132088,133322,134321,1234,999,2,36000,2.23523523524
132115,133328,134274,1213,946,2,36000,2.2822410148
132153,133333,134131,1180,798,2,36000,2.47869674185
132177,133338,134062,1161,724,2,36000,2.60359116022
132205,133343,134380,1138,1037,2,36000,2.09739633558
132228,133348,134381,1120,1033,2,36000,2.08422071636
132332,133354,134127,1022,773,2,36000,2.32212160414
132357,133359,134295,1002,936,2,36000,2.07051282051
132373,133364,134304,991,940,2,36000,2.05425531915
132375,133369,134320,994,951,2,36000,2.04521556257
132394,133375,134313,981,938,2,36000,2.04584221748
132410,133380,134329,970,949,2,36000,2.02212855638
132428,133385,134323,957,938,2,36000,2.02025586354
132429,133397,134399,968,1002,2,36000,1.96606786427
132431,133402,134215,971,813,2,36000,2.19434194342
132478,133407,134367,929,960,2,36000,1.96770833333
132535,133413,134483,878,1070,2,36000,1.82056074766
132571,133418,134326,847,908,2,36000,1.93281938326
132587,133425,134447,838,1022,2,36000,1.81996086106
132603,133430,134401,827,971,2,36000,1.85169927909
132619,133435,134314,816,879,2,36000,1.92832764505
132634,133503,134430,869,927,2,36000,1.93743257821
132650,133512,134280,862,768,2,36000,2.12239583333
132652,133522,134306,870,784,2,36000,2.10969387755
132668,133529,134446,861,917,2,36000,1.93893129771
132683,133536,134462,853,926,2,36000,1.9211663067
132717,133544,134561,827,1017,2,36000,1.81317600787
132755,133568,134486,813,918,2,36000,1.88562091503
132771,133575,134496,804,921,2,36000,1.87296416938
132842,133584,134547,742,963,2,36000,1.77050882658
132857,133591,134800,734,1209,2,36000,1.60711331679
132859,133597,134551,738,954,2,36000,1.77358490566
132875,133653,134602,778,949,2,36000,1.81981032666
132900,133660,134576,760,916,2,36000,1.82969432314
132916,133675,134604,759,929,2,36000,1.81700753498
132933,133766,134858,833,1092,2,36000,1.76282051282
132949,133772,134552,823,780,2,36000,2.05512820513
132951,133779,134582,828,803,2,36000,2.03113325031
132974,133784,134720,810,936,2,36000,1.86538461538
132998,133791,134728,793,937,2,36000,1.84631803629
133017,133816,134816,799,1000,2,36000,1.799
133036,133848,134722,812,874,2,36000,1.9290617849
133081,133869,134885,788,1016,2,36000,1.77559055118
133082,133875,134933,793,1058,2,36000,1.74952741021
133121,133911,134714,790,803,2,36000,1.98381070984
133146,133924,134882,778,958,2,36000,1.8121085595
133181,133934,134865,753,931,2,36000,1.80880773362
133183,133961,134965,778,1004,2,36000,1.77490039841
133199,133973,134885,774,912,2,36000,1.84868421053
133268,134009,135019,741,1010,2,36000,1.73366336634
133334,134052,135081,718,1029,2,36000,1.69776482021
133395,134073,135043,678,970,2,36000,1.69896907216
133396,134091,135139,695,1048,2,36000,1.66316793893
133398,134134,135125,736,991,2,36000,1.74268415742
133493,134149,135232,656,1083,2,36000,1.60572483841
133510,134227,135222,717,995,2,36000,1.72060301508
133527,134292,135147,765,855,2,36000,1.89473684211
133529,134318,135235,789,917,2,36000,1.86041439477
133530,134325,135168,795,843,2,36000,1.94306049822
133546,134337,135334,791,997,2,36000,1.79338014042
133563,134379,135346,816,967,2,36000,1.84384694933
133565,134410,135398,845,988,2,36000,1.85526315789
133585,134417,135225,832,808,2,36000,2.0297029703
133586,134441,135456,855,1015,2,36000,1.84236453202
133601,134457,135287,856,830,2,36000,2.0313253012
133642,134463,135167,821,704,2,36000,2.16619318182
133660,134473,135278,813,805,2,36000,2.0099378882
133676,134495,135452,819,957,2,36000,1.85579937304
133756,134502,135421,746,919,2,36000,1.81175190424
133772,134509,135364,737,855,2,36000,1.86198830409
133773,134559,135464,786,905,2,36000,1.86850828729
133775,134566,135533,791,967,2,36000,1.81799379524
133790,134572,135593,782,1021,2,36000,1.76591576885
133806,134578,135504,772,926,2,36000,1.83369330454
133838,134588,135712,750,1124,2,36000,1.66725978648
133857,134594,135544,737,950,2,36000,1.77578947368
133872,134613,135591,741,978,2,36000,1.75766871166
133902,134619,135397,717,778,2,36000,1.92159383033
133918,134726,135544,808,818,2,36000,1.98777506112
133934,134733,135541,799,808,2,36000,1.98886138614
133951,134738,135462,787,724,2,36000,2.08701657459
133967,134746,135643,779,897,2,36000,1.86845039019
134001,134811,135744,810,933,2,36000,1.86816720257
134016,134828,135700,812,872,2,36000,1.93119266055
134038,134869,135653,831,784,2,36000,2.05994897959
134055,134877,135704,822,827,2,36000,1.99395405079
134070,134893,135659,823,766,2,36000,2.07441253264
134072,134899,135901,827,1002,2,36000,1.8253493014
134078,134084,134105,6,21,2,1800,1.28571428571
134091,134905,135759,814,854,2,36000,1.95316159251
134093,134945,135812,852,867,2,36000,1.98269896194
134094,134976,135761,882,785,2,36000,2.12356687898
134124,135031,135909,907,878,2,36000,2.03302961276
134125,135054,136064,929,1010,2,36000,1.9198019802
134143,135093,135815,950,722,2,36000,2.31578947368
134144,135136,135917,992,781,2,36000,2.27016645327
134146,135150,135998,1004,848,2,36000,2.18396226415
134147,135159,136120,1012,961,2,36000,2.05306971904
134148,135178,136205,1030,1027,2,36000,2.0029211295
134149,135185,136238,1036,1053,2,36000,1.98385565052
134165,135234,136194,1069,960,2,36000,2.11354166667
134182,135241,136095,1059,854,2,36000,2.24004683841
134198,135248,136291,1050,1043,2,36000,2.0067114094
134200,135254,136252,1054,998,2,36000,2.05611222445
134217,135289,136292,1072,1003,2,36000,2.06879361914
134218,135299,136305,1081,1006,2,36000,2.0745526839
134219,135346,136192,1127,846,2,36000,2.33215130024
134221,135357,136243,1136,886,2,36000,2.28216704289
134229,142490,146247,8261,3757,32,356400,3.19882885281
134237,135376,136286,1139,910,2,36000,2.25164835165
134238,135408,136338,1170,930,2,36000,2.25806451613
134263,135415,136328,1152,913,2,36000,2.26177437021
134280,135432,136366,1152,934,2,36000,2.23340471092
134281,135463,136464,1182,1001,2,36000,2.18081918082
134299,135470,136241,1171,771,2,36000,2.51880674449
134320,135477,136490,1157,1013,2,36000,2.14215202369
134321,135483,136207,1162,724,2,36000,2.60497237569
134322,135516,136416,1194,900,2,36000,2.32666666667
134324,135546,136568,1222,1022,2,36000,2.19569471624
134325,135552,136473,1227,921,2,36000,2.332247557
134326,135560,136648,1234,1088,2,36000,2.13419117647
134343,135565,136512,1222,947,2,36000,2.2903907075
134344,135602,136676,1258,1074,2,36000,2.17132216015
134346,135608,136598,1262,990,2,36000,2.27474747475
134347,135655,136622,1308,967,2,36000,2.35263702172
134348,135665,136640,1317,975,2,36000,2.35076923077
134350,135671,136443,1321,772,2,36000,2.71113989637
134351,135697,136572,1346,875,2,36000,2.53828571429
134371,135703,136589,1332,886,2,36000,2.50338600451
134388,135711,136734,1323,1023,2,36000,2.29325513196
134390,135718,136724,1328,1006,2,36000,2.32007952286
134406,135725,136693,1319,968,2,36000,2.36260330579
134407,135755,136606,1348,851,2,36000,2.58401880141
134430,135770,136699,1340,929,2,36000,2.44241119483
134447,135777,136594,1330,817,2,36000,2.62790697674
134448,135823,136690,1375,867,2,36000,2.58592848904
134484,135830,136730,1346,900,2,36000,2.49555555556
134486,135912,136657,1426,745,2,36000,2.91409395973
134502,135921,136883,1419,962,2,36000,2.47505197505
134504,135930,136936,1426,1006,2,36000,2.41749502982
134550,136010,136843,1460,833,2,36000,2.75270108043
134552,136107,136983,1555,876,2,36000,2.77511415525
134570,136132,137125,1562,993,2,36000,2.57301107754
134571,136204,137117,1633,913,2,36000,2.78860898138
134587,136210,137270,1623,1060,2,36000,2.53113207547
134589,136217,136975,1628,758,2,36000,3.14775725594
134607,136224,137337,1617,1113,2,36000,2.45283018868
134608,136249,137281,1641,1032,2,36000,2.59011627907
134716,136256,138493,1540,2237,2,36000,1.68842199374
134733,136262,137057,1529,795,2,36000,2.92327044025
134735,136269,137301,1534,1032,2,36000,2.48643410853
134736,136298,137541,1562,1243,2,36000,2.25663716814
134802,136306,137280,1504,974,2,36000,2.54414784394
134818,136311,137092,1493,781,2,36000,2.91165172855
134860,136317,137283,1457,966,2,36000,2.5082815735
134877,136339,137307,1462,968,2,36000,2.51033057851
134895,136349,137343,1454,994,2,36000,2.46277665996
134896,136377,137546,1481,1169,2,36000,2.26689478186
134897,136429,137572,1532,1143,2,36000,2.34033245844
134933,136454,137316,1521,862,2,36000,2.76450116009
134964,136475,137349,1511,874,2,36000,2.72883295195
135019,136485,137569,1466,1084,2,36000,2.35239852399
135045,136503,137567,1458,1064,2,36000,2.37030075188
135082,136523,138224,1441,1701,2,36000,1.84714873604
135126,136579,137571,1453,992,2,36000,2.46471774194
135142,136601,138214,1459,1613,2,36000,1.90452572846
135157,136607,137565,1450,958,2,36000,2.51356993737
135173,136614,137585,1441,971,2,36000,2.48403707518
135175,136622,137563,1447,941,2,36000,2.53772582359
135222,136633,137564,1411,931,2,36000,2.51557465091
135230,139323,139378,4093,55,8,3600,75.4181818182
135239,136651,138207,1412,1556,2,36000,1.90745501285
135240,136660,137566,1420,906,2,36000,2.56732891832
135241,136669,138215,1428,1546,2,36000,1.92367399741
135279,136687,138224,1408,1537,2,36000,1.91607026675
135294,136701,137570,1407,869,2,36000,2.61910241657
135335,136708,138323,1373,1615,2,36000,1.85015479876
135351,136714,138222,1363,1508,2,36000,1.90384615385
135367,136736,138218,1369,1482,2,36000,1.92375168691
135399,136743,138208,1344,1465,2,36000,1.91740614334
135400,136749,138223,1349,1474,2,36000,1.91519674355
135423,136855,138211,1432,1356,2,36000,2.05604719764
135452,136894,138209,1442,1315,2,36000,2.09657794677
135470,136948,138217,1478,1269,2,36000,2.16469661151
135471,136987,138221,1516,1234,2,36000,2.22852512156
135473,136994,138212,1521,1218,2,36000,2.24876847291
135506,137071,138913,1565,1842,2,36000,1.84961997828
135535,137120,139128,1585,2008,2,36000,1.78934262948
135552,137130,139107,1578,1977,2,36000,1.79817905918
135554,137137,138812,1583,1675,2,36000,1.94507462687
135555,137283,139130,1728,1847,2,36000,1.93557119653
135594,137292,139094,1698,1802,2,36000,1.9422863485
135595,137298,139064,1703,1766,2,36000,1.96432616082
135645,137304,139039,1659,1735,2,36000,1.95619596542
135661,137316,138907,1655,1591,2,36000,2.04022627278
135662,137324,139047,1662,1723,2,36000,1.96459663378
135701,137330,139220,1629,1890,2,36000,1.8619047619
135718,137349,139237,1631,1888,2,36000,1.86387711864
135719,137356,139045,1637,1689,2,36000,1.96921255181
135745,137363,139298,1618,1935,2,36000,1.83617571059
135752,144176,145434,8424,1258,3,72000,7.69634340223
135761,137559,139103,1798,1544,2,36000,2.16450777202
135762,137575,139098,1813,1523,2,36000,2.19041365726
135813,137582,139246,1769,1664,2,36000,2.06310096154
135828,137587,139171,1759,1584,2,36000,2.11047979798
135845,136076,147974,231,11898,2,50400,1.01941502774
135904,137594,139177,1690,1583,2,36000,2.06759317751
135920,137599,139415,1679,1816,2,36000,1.92455947137
135921,137604,139224,1683,1620,2,36000,2.03888888889
136001,137610,139328,1609,1718,2,36000,1.93655413271
136064,137615,139110,1551,1495,2,36000,2.03745819398
136099,137622,139341,1523,1719,2,36000,1.88598022106
136120,137627,139368,1507,1741,2,36000,1.86559448593
136195,137700,139375,1505,1675,2,36000,1.89850746269
136197,138220,139385,2023,1165,2,36000,2.7364806867
136214,138227,139121,2013,894,2,36000,3.25167785235
136215,138232,139783,2017,1551,2,36000,2.30045132173
136238,138237,139389,1999,1152,2,36000,2.73524305556
136255,138242,139445,1987,1203,2,36000,2.65170407315
136256,138248,139324,1992,1076,2,36000,2.85130111524
136258,138255,139343,1997,1088,2,36000,2.83547794118
136352,138260,139250,1908,990,2,36000,2.92727272727
136353,136586,148122,233,11536,2,93600,1.02019764216
136354,138266,139681,1912,1415,2,36000,2.35123674912
136355,138271,139409,1916,1138,2,36000,2.68365553603
136356,138276,139268,1920,992,2,36000,2.93548387097
136358,138281,139369,1923,1088,2,36000,2.76746323529
136359,138286,139673,1927,1387,2,36000,2.3893294881
136377,138428,139301,2051,873,2,36000,3.34936998855
136420,138505,139356,2085,851,2,36000,3.45005875441
136445,138824,139824,2379,1000,2,36000,3.379
136465,138918,139850,2453,932,2,36000,3.63197424893
136481,138925,139918,2444,993,2,36000,3.4612286002
136498,139051,139997,2553,946,2,36000,3.69873150106
136516,139058,140060,2542,1002,2,36000,3.5369261477
136572,139064,140132,2492,1068,2,36000,3.33333333333
136573,139076,140181,2503,1105,2,36000,3.26515837104
136595,139106,139995,2511,889,2,36000,3.82452193476
136597,139113,139853,2516,740,2,36000,4.4
136617,139120,140183,2503,1063,2,36000,3.35465663217
136618,139125,140103,2507,978,2,36000,3.56339468303
136637,139131,140117,2494,986,2,36000,3.52941176471
136656,139139,140084,2483,945,2,36000,3.62751322751
136657,139145,140080,2488,935,2,36000,3.66096256684
136675,139151,139848,2476,697,2,36000,4.55236728838
136676,139183,139942,2507,759,2,36000,4.30303030303
136695,139190,140119,2495,929,2,36000,3.68568353068
136696,139232,140109,2536,877,2,36000,3.89167616876
136713,139239,140254,2526,1015,2,36000,3.48866995074
136734,139249,140233,2515,984,2,36000,3.55589430894
136735,139258,140171,2523,913,2,36000,3.76341730559
136736,139265,140004,2529,739,2,36000,4.42219215156
136844,139280,140411,2436,1131,2,36000,3.15384615385
136885,139310,140143,2425,833,2,36000,3.91116446579
136937,139317,140363,2380,1046,2,36000,3.27533460803
136976,139328,140296,2352,968,2,36000,3.42975206612
136992,139336,140101,2344,765,2,36000,4.06405228758
137121,139344,140094,2223,750,2,36000,3.964
137123,139353,140256,2230,903,2,36000,3.46954595792
137124,139360,140579,2236,1219,2,36000,2.83429040197
137279,139367,140360,2088,993,2,36000,3.10271903323
137281,139380,140473,2099,1093,2,36000,2.92040256176
138446,139386,140299,940,913,2,36000,2.0295728368
138447,139391,140287,944,896,2,36000,2.05357142857
138449,139399,140446,950,1047,2,36000,1.90735434575
138450,139404,140452,954,1048,2,36000,1.91030534351
138452,139409,140347,957,938,2,36000,2.02025586354
138453,139414,140444,961,1030,2,36000,1.93300970874
138454,139419,140341,965,922,2,36000,2.04663774403
138456,139426,140413,970,987,2,36000,1.98277608916
138753,141589,158324,2836,16735,6,356400,1.16946519271
139377,139431,140464,54,1033,2,36000,1.0522749274
139378,139436,140375,58,939,2,36000,1.06176783813
139379,139457,140463,78,1006,2,36000,1.07753479125
139381,139686,140709,305,1023,2,36000,1.2981427175
139382,139692,140612,310,920,2,36000,1.33695652174
139383,139795,140580,412,785,2,36000,1.52484076433
139385,139836,140620,451,784,2,36000,1.57525510204
139386,139862,140892,476,1030,2,36000,1.46213592233
139387,139867,140741,480,874,2,36000,1.54919908467
139389,139873,140676,484,803,2,36000,1.60273972603
139390,139930,140793,540,863,2,36000,1.62572421784
139391,139954,140970,563,1016,2,36000,1.55413385827
139441,140007,140988,566,981,2,36000,1.57696228338
139442,140013,141099,571,1086,2,36000,1.52578268877
139444,140020,140847,576,827,2,36000,1.69649334946
139445,140072,140906,627,834,2,36000,1.75179856115
139478,140092,141044,614,952,2,36000,1.64495798319
139683,140098,140775,415,677,2,36000,1.6129985229
139684,140106,140862,422,756,2,36000,1.5582010582
139784,140113,141112,329,999,2,36000,1.32932932933
139827,140120,140922,293,802,2,36000,1.36533665835
139851,140126,141160,275,1034,2,36000,1.26595744681
139853,140134,141056,281,922,2,36000,1.30477223427
139871,140139,141205,268,1066,2,36000,1.25140712946
139920,140145,141103,225,958,2,36000,1.23486430063
139943,140154,141050,211,896,2,36000,1.23549107143
140002,140182,141101,180,919,2,36000,1.19586507073
140003,140192,141210,189,1018,2,36000,1.18565815324
140032,140199,141134,167,935,2,36000,1.17860962567
140063,140245,141179,182,934,2,36000,1.1948608137
140087,140266,141023,179,757,2,36000,1.23645970938
140089,140273,141202,184,929,2,36000,1.19806243272
140111,140299,141198,188,899,2,36000,1.20912124583
140112,140308,141102,196,794,2,36000,1.24685138539
140113,140315,141018,202,703,2,36000,1.28733997155
140115,140353,141308,238,955,2,36000,1.24921465969
140139,140365,141293,226,928,2,36000,1.24353448276
140140,140370,141429,230,1059,2,36000,1.21718602455
140142,140378,141277,236,899,2,36000,1.26251390434
140160,140388,141633,228,1245,2,36000,1.18313253012
140178,140422,141493,244,1071,2,36000,1.22782446312
140198,140434,141212,236,778,2,36000,1.30334190231
140200,140455,141321,255,866,2,36000,1.29445727483
140240,140462,141239,222,777,2,36000,1.28571428571
140259,140468,141213,209,745,2,36000,1.28053691275
140261,140475,141412,214,937,2,36000,1.22838847385
140292,140480,141499,188,1019,2,36000,1.18449460255
140313,140487,141496,174,1009,2,36000,1.17244796829
140315,140596,141613,281,1017,2,36000,1.27630285152
140345,140601,141565,256,964,2,36000,1.26556016598
140363,140625,141589,262,964,2,36000,1.27178423237
140365,140632,141430,267,798,2,36000,1.33458646617
140366,140688,141567,322,879,2,36000,1.36632536974
140385,140722,141790,337,1068,2,36000,1.31554307116
140414,140754,141714,340,960,2,36000,1.35416666667
140416,140805,141718,389,913,2,36000,1.426067908
140447,140860,141827,413,967,2,36000,1.42709410548
140448,140875,141639,427,764,2,36000,1.55890052356
140473,140904,141662,431,758,2,36000,1.56860158311
140475,140918,141791,443,873,2,36000,1.50744558992
140476,140934,141977,458,1043,2,36000,1.43911792905
140477,140982,142150,505,1168,2,36000,1.4323630137
140611,141000,141996,389,996,2,36000,1.390562249
140613,141030,141925,417,895,2,36000,1.46592178771
140637,141037,142164,400,1127,2,36000,1.35492457853
140638,141056,141797,418,741,2,36000,1.5641025641
140678,141063,141830,385,767,2,36000,1.50195567145
140735,141070,141934,335,864,2,36000,1.38773148148
140737,141584,144157,847,2573,8,3600,1.32918771862
140784,144171,159739,3387,15568,32,36000,1.21756166495
140788,141121,142092,333,971,2,36000,1.3429454171
140790,141128,142179,338,1051,2,36000,1.32159847764
140810,141133,142193,323,1060,2,36000,1.30471698113
140854,141138,142022,284,884,2,36000,1.32126696833
140871,141146,142137,275,991,2,36000,1.2774974773
140895,141173,142169,278,996,2,36000,1.27911646586
140912,141192,142214,280,1022,2,36000,1.27397260274
140930,141210,142076,280,866,2,36000,1.3233256351
140973,141217,142222,244,1005,2,36000,1.24278606965
140990,141222,142301,232,1079,2,36000,1.21501390176
141021,141229,142283,208,1054,2,36000,1.19734345351
141040,141234,142098,194,864,2,36000,1.22453703704
141060,141239,142311,179,1072,2,36000,1.16697761194
141061,141252,142203,191,951,2,36000,1.20084121977
141063,141290,142348,227,1058,2,36000,1.2145557656
141102,141305,142304,203,999,2,36000,1.2032032032
141103,141321,142303,218,982,2,36000,1.22199592668
141105,141334,142351,229,1017,2,36000,1.22517207473
141106,141425,142275,319,850,2,36000,1.37529411765
141125,141440,142220,315,780,2,36000,1.40384615385
141142,141447,142362,305,915,2,36000,1.33333333333
141162,141506,142307,344,801,2,36000,1.42946317104
141174,159766,217414,18592,57648,10,57600,1.32250902026
141183,141513,142276,330,763,2,36000,1.43250327654
141202,141518,142459,316,941,2,36000,1.33581296493
141203,141578,142552,375,974,2,36000,1.38501026694
141230,141605,142712,375,1107,2,36000,1.33875338753
141232,141610,142585,378,975,2,36000,1.38769230769
141233,141615,142430,382,815,2,36000,1.46871165644
141234,141621,142484,387,863,2,36000,1.44843568946
141250,141626,142408,376,782,2,36000,1.48081841432
141280,141631,142476,351,845,2,36000,1.41538461538
141296,141636,142508,340,872,2,36000,1.38990825688
141312,141641,142552,329,911,2,36000,1.36114160263
141329,141647,142628,318,981,2,36000,1.32415902141
141415,141652,142367,237,715,2,36000,1.33146853147
141432,141657,142334,225,677,2,36000,1.33234859675
141433,141662,142601,229,939,2,36000,1.24387646432
141495,141668,142634,173,966,2,36000,1.17908902692
141497,141673,142465,176,792,2,36000,1.22222222222
141515,141678,142636,163,958,2,36000,1.17014613779
141567,141683,142602,116,919,2,36000,1.12622415669
141568,141688,142667,120,979,2,36000,1.12257405516
141592,141706,142494,114,788,2,36000,1.14467005076
141616,141711,142665,95,954,2,36000,1.09958071279
141636,141716,142849,80,1133,2,36000,1.07060900265
141653,141721,142572,68,851,2,36000,1.07990599295
141670,141727,142554,57,827,2,36000,1.06892382104
141717,141738,142552,21,814,2,36000,1.0257985258
141735,141746,142651,11,905,2,36000,1.01215469613
141822,141829,142547,7,718,2,36000,1.00974930362
141824,141835,142646,11,811,2,36000,1.01356350185
141825,141840,142798,15,958,2,36000,1.01565762004
141855,141861,142814,6,953,2,36000,1.00629590766
141857,141867,142769,10,902,2,36000,1.0110864745
141931,141937,143000,6,1063,2,36000,1.00564440263
141947,141954,142855,7,901,2,36000,1.00776914539
141984,141991,142899,7,908,2,36000,1.0077092511
142024,142030,143054,6,1024,2,36000,1.005859375
142042,142048,143153,6,1105,2,36000,1.00542986425
142043,144181,200764,2138,56583,1,244800,1.0377852005
142091,142097,143055,6,958,2,36000,1.00626304802
142125,142132,143047,7,915,2,36000,1.00765027322
142127,142139,143038,12,899,2,36000,1.01334816463
142147,142153,143219,6,1066,2,36000,1.00562851782
142165,142171,143158,6,987,2,36000,1.00607902736
142166,142178,143187,12,1009,2,36000,1.01189296333
142184,142191,142963,7,772,2,36000,1.00906735751
142185,142198,143125,13,927,2,36000,1.01402373247
142209,142217,143200,8,983,2,36000,1.00813835198
142211,142224,143071,13,847,2,36000,1.01534828808
142238,142245,143178,7,933,2,36000,1.00750267953
142239,142251,143193,12,942,2,36000,1.0127388535
142241,142256,143211,15,955,2,36000,1.01570680628
142345,142351,143421,6,1070,2,36000,1.00560747664
142347,142358,143430,11,1072,2,36000,1.01026119403
142348,142363,143316,15,953,2,36000,1.01573976915
142350,142369,143356,19,987,2,36000,1.01925025329
142351,142374,143420,23,1046,2,36000,1.02198852772
142353,142381,143092,28,711,2,36000,1.03938115331
142354,142386,143196,32,810,2,36000,1.03950617284
142356,142391,143277,35,886,2,36000,1.039503386
142357,142396,143218,39,822,2,36000,1.04744525547
142478,142484,143525,6,1041,2,36000,1.00576368876
142479,142506,143335,27,829,2,36000,1.03256936068
142480,142558,143541,78,983,2,36000,1.07934893184
142482,142566,143586,84,1020,2,36000,1.08235294118
142483,142571,143489,88,918,2,36000,1.09586056645
142485,142577,143537,92,960,2,36000,1.09583333333
142486,142584,143563,98,979,2,36000,1.10010214505
142488,142658,143610,170,952,2,36000,1.17857142857
142489,142664,143495,175,831,2,36000,1.21058965102
142626,142676,143593,50,917,2,36000,1.05452562704
142627,142780,143591,153,811,2,36000,1.18865598027
142628,142811,143549,183,738,2,36000,1.24796747967
142630,142827,143758,197,931,2,36000,1.21160042965
142631,142861,143601,230,740,2,36000,1.31081081081
142633,142869,143595,236,726,2,36000,1.32506887052
142634,142910,143814,276,904,2,36000,1.30530973451
142635,142975,143823,340,848,2,36000,1.40094339623
142637,143012,143757,375,745,2,36000,1.5033557047
142638,143049,143928,411,879,2,36000,1.46757679181
142639,143059,143800,420,741,2,36000,1.56680161943
142641,143067,144022,426,955,2,36000,1.44607329843
142673,143072,143993,399,921,2,36000,1.4332247557
142674,143082,144169,408,1087,2,36000,1.3753449862
142676,143103,144305,427,1202,2,36000,1.35524126456
142677,143137,144052,460,915,2,36000,1.50273224044
142678,143166,144195,488,1029,2,36000,1.47424684159
142680,143173,144344,493,1171,2,36000,1.42100768574
142681,143190,144106,509,916,2,36000,1.5556768559
142713,143199,144004,486,805,2,36000,1.60372670807
142773,143205,144152,432,947,2,36000,1.45617740232
142812,143212,143970,400,758,2,36000,1.52770448549
142825,144954,154672,2129,9718,1,86400,1.21907799959
142837,143217,144171,380,954,2,36000,1.39832285115
142853,143224,144254,371,1030,2,36000,1.36019417476
142873,143230,144167,357,937,2,36000,1.38100320171
142903,143236,144058,333,822,2,36000,1.40510948905
142972,143290,144354,318,1064,2,36000,1.29887218045
143009,143328,144229,319,901,2,36000,1.35405105438
143039,143348,144314,309,966,2,36000,1.3198757764
143056,143369,144281,313,912,2,36000,1.34320175439
143058,143435,144274,377,839,2,36000,1.44934445769
143059,143443,144436,384,993,2,36000,1.38670694864
143076,143501,144467,425,966,2,36000,1.43995859213
143092,143507,144265,415,758,2,36000,1.54749340369
143126,143536,144482,410,946,2,36000,1.4334038055
143195,143548,144403,353,855,2,36000,1.41286549708
143196,143555,144547,359,992,2,36000,1.36189516129
143197,143563,144575,366,1012,2,36000,1.36166007905
143199,143575,144508,376,933,2,36000,1.40300107181
143200,143598,144610,398,1012,2,36000,1.39328063241
143224,143604,144392,380,788,2,36000,1.48223350254
143225,143610,144549,385,939,2,36000,1.41001064963
143227,143617,144623,390,1006,2,36000,1.38767395626
143228,143622,144648,394,1026,2,36000,1.38401559454
143229,143629,144565,400,936,2,36000,1.42735042735
143281,143769,144807,488,1038,2,36000,1.47013487476
143328,143776,144824,448,1048,2,36000,1.42748091603
143346,143812,144799,466,987,2,36000,1.47213779129
143375,143825,144550,450,725,2,36000,1.62068965517
143420,143835,144688,415,853,2,36000,1.48651817116
143422,143940,144947,518,1007,2,36000,1.51439920556
143441,143983,144950,542,967,2,36000,1.56049638056
143528,144005,144857,477,852,2,36000,1.55985915493
143529,144015,144981,486,966,2,36000,1.50310559006
143531,144035,145047,504,1012,2,36000,1.49802371542
143552,144064,144979,512,915,2,36000,1.55956284153
143553,144071,145005,518,934,2,36000,1.55460385439
143555,144118,145001,563,883,2,36000,1.637599094
143573,144165,145164,592,999,2,36000,1.59259259259
143596,144188,145303,592,1115,2,36000,1.53094170404
143597,144194,145036,597,842,2,36000,1.70902612827
143598,144199,145096,601,897,2,36000,1.67001114827
143600,144208,145067,608,859,2,36000,1.70779976717
143674,144240,145202,566,962,2,36000,1.58835758836
143675,144267,145412,592,1145,2,36000,1.51703056769
143783,144276,145311,493,1035,2,36000,1.47632850242
143785,144286,145293,501,1007,2,36000,1.49751737835
143819,144292,145302,473,1010,2,36000,1.46831683168
143820,144316,145025,496,709,2,36000,1.69957686883
143842,144325,145411,483,1086,2,36000,1.44475138122
143940,144355,145040,415,685,2,36000,1.60583941606
143999,144366,145212,367,846,2,36000,1.43380614657
144000,144405,145152,405,747,2,36000,1.5421686747
144051,144414,145398,363,984,2,36000,1.36890243902
144052,144447,145409,395,962,2,36000,1.4106029106
144071,144479,145238,408,759,2,36000,1.53754940711
144073,144494,145443,421,949,2,36000,1.44362486828
144107,144519,145413,412,894,2,36000,1.46085011186
144162,144560,145428,398,868,2,36000,1.45852534562
144165,147165,159020,3000,11855,32,18000,1.25305778153
144180,144566,145546,386,980,2,36000,1.39387755102
144181,144572,145505,391,933,2,36000,1.41907824223
144183,144578,145399,395,821,2,36000,1.48112058465
144203,144586,145697,383,1111,2,36000,1.34473447345
144268,144621,145422,353,801,2,36000,1.44069912609
144269,144635,145634,366,999,2,36000,1.36636636637
144301,144700,145729,399,1029,2,36000,1.38775510204
144302,144706,145448,404,742,2,36000,1.54447439353
144304,144811,145780,507,969,2,36000,1.52321981424
144321,144818,145829,497,1011,2,36000,1.49159248269
144322,144836,145848,514,1012,2,36000,1.50790513834
144354,144871,145717,517,846,2,36000,1.61111111111
144355,144960,145879,605,919,2,36000,1.65832426551
144440,144966,145906,526,940,2,36000,1.55957446809
144441,144991,146040,550,1049,2,36000,1.52430886559
144443,144998,145860,555,862,2,36000,1.64385150812
144479,145013,145967,534,954,2,36000,1.55974842767
144499,159798,299112,15299,139314,2,172800,1.10981667313
144502,145019,146007,517,988,2,36000,1.52327935223
144520,145036,146147,516,1111,2,36000,1.46444644464
144569,145047,146085,478,1038,2,36000,1.46050096339
144570,145055,145858,485,803,2,36000,1.60398505604
144572,145061,146112,489,1051,2,36000,1.46527117031
144573,145078,146099,505,1021,2,36000,1.49461312439
144601,145109,146047,508,938,2,36000,1.54157782516
144651,145165,146157,514,992,2,36000,1.51814516129
144652,145176,146197,524,1021,2,36000,1.51322233105
144653,145213,145959,560,746,2,36000,1.75067024129
144696,145219,146275,523,1056,2,36000,1.49526515152
144787,159772,167074,14985,7302,8,356400,3.05217748562
144800,145224,146101,424,877,2,36000,1.4834663626
144823,145229,146333,406,1104,2,36000,1.36775362319
144842,145234,145974,392,740,2,36000,1.52972972973
144859,145240,146146,381,906,2,36000,1.42052980132
144989,145245,146127,256,882,2,36000,1.29024943311
144990,145250,146269,260,1019,2,36000,1.25515210991
144991,145255,146139,264,884,2,36000,1.29864253394
144993,145262,146156,269,894,2,36000,1.30089485459
145016,145267,146301,251,1034,2,36000,1.24274661509
145018,145305,146037,287,732,2,36000,1.39207650273
145036,145315,146400,279,1085,2,36000,1.25714285714
145037,145321,146186,284,865,2,36000,1.32832369942
145063,145328,146228,265,900,2,36000,1.29444444444
145064,145409,146236,345,827,2,36000,1.41717049577
145099,145417,146286,318,869,2,36000,1.36593785961
145101,145424,146219,323,795,2,36000,1.40628930818
145168,145429,146446,261,1017,2,36000,1.25663716814
145170,145436,146380,266,944,2,36000,1.28177966102
145208,145441,146440,233,999,2,36000,1.23323323323
145230,145446,146435,216,989,2,36000,1.21840242669
145254,145453,146285,199,832,2,36000,1.23918269231
145408,214678,221015,69270,6337,32,36000,11.9310399243
145421,145458,146473,37,1015,2,36000,1.03645320197
145423,145463,146403,40,940,2,36000,1.04255319149
145424,145470,146493,46,1023,2,36000,1.0449657869
145426,145475,146524,49,1049,2,36000,1.04671115348
145427,145517,146343,90,826,2,36000,1.10895883777
145428,145560,146387,132,827,2,36000,1.15961305925
145430,145647,146574,217,927,2,36000,1.23408845739
145431,145709,146741,278,1032,2,36000,1.26937984496
145432,145729,146528,297,799,2,36000,1.3717146433
145434,145740,146757,306,1017,2,36000,1.30088495575
145529,145792,146652,263,860,2,36000,1.30581395349
145531,145842,146842,311,1000,2,36000,1.311
145532,145860,146862,328,1002,2,36000,1.32734530938
145533,145871,146608,338,737,2,36000,1.45861601085
145535,145878,146792,343,914,2,36000,1.37527352298
145554,167101,294539,21547,127438,2,172800,1.1690782969
145577,145891,146935,314,1044,2,36000,1.30076628352
145645,145917,147096,272,1179,2,36000,1.23070398643
145696,145972,146996,276,1024,2,36000,1.26953125
145719,145979,146793,260,814,2,36000,1.31941031941
145737,145986,146770,249,784,2,36000,1.31760204082
145782,146018,146836,236,818,2,36000,1.28850855746
145833,146048,146947,215,899,2,36000,1.23915461624
145849,146056,146798,207,742,2,36000,1.27897574124
145867,146063,147186,196,1123,2,36000,1.17453250223
145868,146097,146986,229,889,2,36000,1.2575928009
145886,146111,147185,225,1074,2,36000,1.2094972067
145906,146119,147048,213,929,2,36000,1.2292787944
145966,146126,147189,160,1063,2,36000,1.15051740357
145983,146139,147252,156,1113,2,36000,1.14016172507
145985,146152,147073,167,921,2,36000,1.18132464712
146012,146158,146895,146,737,2,36000,1.19810040706
146059,146163,147255,104,1092,2,36000,1.09523809524
146060,146171,146985,111,814,2,36000,1.13636363636
146062,146176,146909,114,733,2,36000,1.15552523874
146085,146199,147274,114,1075,2,36000,1.10604651163
146102,146209,147172,107,963,2,36000,1.11111111111
146103,146231,147118,128,887,2,36000,1.14430665163
146121,146240,147354,119,1114,2,36000,1.10682226212
146140,146249,147203,109,954,2,36000,1.1142557652
146141,146282,147191,141,909,2,36000,1.15511551155
146164,146289,147315,125,1026,2,36000,1.12183235867
146166,146297,147400,131,1103,2,36000,1.11876699909
146167,146302,147121,135,819,2,36000,1.16483516484
146169,146314,147280,145,966,2,36000,1.15010351967
146189,146345,147396,156,1051,2,36000,1.1484300666
146205,146355,147352,150,997,2,36000,1.15045135406
146222,146392,147142,170,750,2,36000,1.22666666667
146239,146398,147288,159,890,2,36000,1.17865168539
146241,146413,147401,172,988,2,36000,1.17408906883
146283,146420,147209,137,789,2,36000,1.17363751584
146284,146447,147392,163,945,2,36000,1.17248677249
146303,146454,147333,151,879,2,36000,1.17178612059
146304,146461,147425,157,964,2,36000,1.16286307054
146305,146487,147475,182,988,2,36000,1.18421052632
146342,146506,147432,164,926,2,36000,1.17710583153
146360,146536,147492,176,956,2,36000,1.18410041841
146375,167107,297274,20732,130167,2,172800,1.15927231941
146383,146543,147441,160,898,2,36000,1.17817371938
146395,167112,256487,20717,89375,2,172800,1.2317986014
146404,146586,147630,182,1044,2,36000,1.17432950192
146405,146620,148049,215,1429,2,36000,1.15045486354
146407,146665,147606,258,941,2,36000,1.27417640808
146435,146753,147575,318,822,2,36000,1.38686131387
146453,146769,147557,316,788,2,36000,1.40101522843
146454,146802,147769,348,967,2,36000,1.35987590486
146490,146809,147650,319,841,2,36000,1.37931034483
146493,146783,146790,290,7,2,21600,29.7
146508,146814,147767,306,953,2,36000,1.32109129066
146525,146820,147815,295,995,2,36000,1.29648241206
146542,146848,147608,306,760,2,36000,1.40263157895
146580,146855,147759,275,904,2,36000,1.30420353982
146612,146874,147725,262,851,2,36000,1.30787309048
146655,146908,147891,253,983,2,36000,1.25737538149
146742,146922,147689,180,767,2,36000,1.23468057366
146759,146948,147741,189,793,2,36000,1.23833543506
146807,146959,147796,152,837,2,36000,1.18160095579
146808,146998,148051,190,1053,2,36000,1.1804368471
146809,147004,148053,195,1049,2,36000,1.18589132507
146811,147012,148136,201,1124,2,36000,1.17882562278
146842,147060,147821,218,761,2,36000,1.2864651774
146843,147085,147939,242,854,2,36000,1.28337236534
146862,147110,148187,248,1077,2,36000,1.23026926648
146888,167117,311082,20229,143965,2,172800,1.14051331921
146899,147131,148123,232,992,2,36000,1.23387096774
146954,147138,147649,184,511,2,36000,1.36007827789
146955,147154,147747,199,593,2,36000,1.33558178752
146957,147185,147793,228,608,2,36000,1.375
146958,147198,147674,240,476,2,36000,1.50420168067
146959,147203,147517,244,314,2,36000,1.77707006369
146961,147210,147680,249,470,2,36000,1.52978723404
146962,147215,147907,253,692,2,36000,1.36560693642
146963,147222,147632,259,410,2,36000,1.63170731707
146965,147227,147916,262,689,2,36000,1.38026124819
146966,147264,147832,298,568,2,36000,1.52464788732
146968,147271,147809,303,538,2,36000,1.56319702602
146969,147286,147681,317,395,2,36000,1.80253164557
146970,147293,148117,323,824,2,36000,1.39199029126
146971,159777,176680,12806,16903,2,64800,1.75761699107
146972,147300,147877,328,577,2,36000,1.56845753899
146973,147345,148067,372,722,2,36000,1.51523545706
146974,147364,147913,390,549,2,36000,1.71038251366
146976,147371,147946,395,575,2,36000,1.68695652174
146977,147404,147760,427,356,2,36000,2.19943820225
146978,147413,147976,435,563,2,36000,1.77264653641
146980,147438,147987,458,549,2,36000,1.83424408015
146981,147445,148028,464,583,2,36000,1.79588336192
146982,147453,148036,471,583,2,36000,1.80789022298
146984,147487,147895,503,408,2,36000,2.23284313725
146985,147503,148206,518,703,2,36000,1.73684210526
146986,147529,147960,543,431,2,36000,2.25986078886
146988,147569,148041,581,472,2,36000,2.23093220339
146989,147587,148000,598,413,2,36000,2.44794188862
146990,147618,148148,628,530,2,36000,2.18490566038
146992,147625,148107,633,482,2,36000,2.3132780083
146993,147642,148131,649,489,2,36000,2.32719836401
146994,147649,148042,655,393,2,36000,2.66666666667
146997,147661,148371,664,710,2,36000,1.93521126761
146998,147668,148149,670,481,2,36000,2.39293139293
147004,147686,148212,682,526,2,36000,2.29657794677
147006,147693,148192,687,499,2,36000,2.37675350701
147007,147698,148252,691,554,2,36000,2.24729241877
147011,147705,148154,694,449,2,36000,2.54565701559
147016,147737,148403,721,666,2,36000,2.08258258258
147018,147753,148355,735,602,2,36000,2.22093023256
147019,147759,148232,740,473,2,36000,2.5644820296
147020,147771,148242,751,471,2,36000,2.59447983015
147022,147778,148333,756,555,2,36000,2.36216216216
147023,147785,148598,762,813,2,36000,1.93726937269
147024,147804,148475,780,671,2,36000,2.16244411326
147026,147811,148464,785,653,2,36000,2.202143951
147027,147822,148405,795,583,2,36000,2.36363636364
147028,147829,148365,801,536,2,36000,2.49440298507
147030,147844,148581,814,737,2,36000,2.10447761194
147031,147889,148384,858,495,2,36000,2.73333333333
147032,147907,148324,875,417,2,36000,3.09832134293
148041,207317,214548,59276,7231,64,7200,9.19748305905
148817,148823,148859,6,36,2,36000,1.16666666667
148819,148829,148867,10,38,2,36000,1.26315789474
148820,148835,148872,15,37,2,36000,1.40540540541
148821,148840,148876,19,36,2,36000,1.52777777778
148823,148845,148882,22,37,2,36000,1.59459459459
148824,148851,148888,27,37,2,36000,1.72972972973
148825,148856,148894,31,38,2,36000,1.81578947368
148826,148861,148898,35,37,2,36000,1.94594594595
148828,148866,148901,38,35,2,36000,2.08571428571
148829,148872,148911,43,39,2,36000,2.10256410256
148830,148877,148913,47,36,2,36000,2.30555555556
148832,148882,148920,50,38,2,36000,2.31578947368
148833,148887,148924,54,37,2,36000,2.45945945946
148834,148892,148929,58,37,2,36000,2.56756756757
148836,148898,148935,62,37,2,36000,2.67567567568
148837,148903,148940,66,37,2,36000,2.78378378378
148838,148908,148947,70,39,2,36000,2.79487179487
148840,148913,148950,73,37,2,36000,2.97297297297
148841,148919,148955,78,36,2,36000,3.16666666667
148842,148924,148962,82,38,2,36000,3.15789473684
148844,148929,148967,85,38,2,36000,3.23684210526
148845,148934,148971,89,37,2,36000,3.40540540541
148847,148941,148976,94,35,2,36000,3.68571428571
148848,148947,148981,99,34,2,36000,3.91176470588
148849,148952,148987,103,35,2,36000,3.94285714286
148851,148957,148992,106,35,2,36000,4.02857142857
148852,148962,148997,110,35,2,36000,4.14285714286
148853,148967,149002,114,35,2,36000,4.25714285714
148855,148973,149007,118,34,2,36000,4.47058823529
148856,148978,149012,122,34,2,36000,4.58823529412
148857,148983,149017,126,34,2,36000,4.70588235294
148859,148988,149023,129,35,2,36000,4.68571428571
148860,148993,149028,133,35,2,36000,4.8
148861,148999,149033,138,34,2,36000,5.05882352941
148863,149004,149039,141,35,2,36000,5.02857142857
148864,149009,149044,145,35,2,36000,5.14285714286
148865,149014,149051,149,37,2,36000,5.02702702703
148867,149019,149057,152,38,2,36000,5.0
148868,149025,149063,157,38,2,36000,5.13157894737
148869,149030,149067,161,37,2,36000,5.35135135135
148871,149035,149071,164,36,2,36000,5.55555555556
148872,149040,149079,168,39,2,36000,5.30769230769
148874,149045,149084,171,39,2,36000,5.38461538462
148875,149051,149089,176,38,2,36000,5.63157894737
148876,149056,149092,180,36,2,36000,6.0
148878,149061,149101,183,40,2,36000,5.575
148879,149066,149105,187,39,2,36000,5.79487179487
148880,149071,149109,191,38,2,36000,6.02631578947
148882,149077,149115,195,38,2,36000,6.13157894737
148883,149082,149119,199,37,2,36000,6.37837837838
149315,167122,339933,17807,172811,2,172800,1.10304320905
149754,159782,216654,10028,56872,10,57600,1.17632578422
149850,159787,178560,9937,18773,2,64800,1.52932402919
150203,150211,156377,8,6166,1,36000,1.00129743756
150215,154816,161844,4601,7028,1,72000,1.6546670461
150343,154810,157954,4467,3144,2,36000,2.42080152672
150431,150437,150547,6,110,2,21600,1.05454545455
150514,150521,150538,7,17,2,21600,1.41176470588
150543,159751,168017,9208,8266,2,93600,2.11396080329
150547,159756,159763,9209,7,2,93600,921.6
150703,159761,159764,9058,3,2,93600,906.1
152439,159016,159025,6577,9,32,1800,658.6
154070,154076,154113,6,37,2,36000,1.16216216216
154472,154478,155672,6,1194,2,36000,1.00502512563
154473,154485,155906,12,1421,2,36000,1.00844475721
154475,154490,155842,15,1352,2,36000,1.01109467456
154476,154495,155769,19,1274,2,36000,1.01491365777
154477,154500,155656,23,1156,2,36000,1.01989619377
154478,154505,155676,27,1171,2,36000,1.02305721605
154480,154512,155697,32,1185,2,36000,1.02700421941
154481,154517,155919,36,1402,2,36000,1.02567760342
154482,154522,155727,40,1205,2,36000,1.03319502075
154484,154527,155602,43,1075,2,36000,1.04
154485,154532,155728,47,1196,2,36000,1.03929765886
154486,154538,155718,52,1180,2,36000,1.04406779661
154488,154543,155620,55,1077,2,36000,1.05106778087
154489,154548,155739,59,1191,2,36000,1.04953820319
154490,154553,155719,63,1166,2,36000,1.05403087479
154492,154558,155740,66,1182,2,36000,1.05583756345
154493,154564,155733,71,1169,2,36000,1.06073567151
154494,154569,155925,75,1356,2,36000,1.05530973451
154496,154574,155760,78,1186,2,36000,1.06576728499
154497,154579,155694,82,1115,2,36000,1.0735426009
154498,154584,155979,86,1395,2,36000,1.06164874552
154499,154590,155637,91,1047,2,36000,1.08691499522
154501,154595,155915,94,1320,2,36000,1.07121212121
154502,154600,155776,98,1176,2,36000,1.08333333333
154503,154605,155705,102,1100,2,36000,1.09272727273
154505,154610,155733,105,1123,2,36000,1.09349955476
154506,154618,155868,112,1250,2,36000,1.0896
154507,154623,156039,116,1416,2,36000,1.08192090395
154509,154628,155828,119,1200,2,36000,1.09916666667
154510,154633,155799,123,1166,2,36000,1.10548885077
154511,154638,155840,127,1202,2,36000,1.10565723794
154513,154644,155895,131,1251,2,36000,1.10471622702
154514,154649,155844,135,1195,2,36000,1.1129707113
154515,154654,155855,139,1201,2,36000,1.11573688593
154517,154659,155890,142,1231,2,36000,1.11535337124
154518,154664,155838,146,1174,2,36000,1.12436115843
154519,154670,155935,151,1265,2,36000,1.11936758893
154521,154675,155747,154,1072,2,36000,1.14365671642
154522,154680,155784,158,1104,2,36000,1.14311594203
154523,154685,155909,162,1224,2,36000,1.13235294118
154525,155614,156916,1089,1302,2,36000,1.83640552995
154526,155632,157027,1106,1395,2,36000,1.79283154122
154527,155648,157078,1121,1430,2,36000,1.78391608392
154529,155668,156720,1139,1052,2,36000,2.08269961977
154530,155683,156930,1153,1247,2,36000,1.92461908581
154531,155690,156979,1159,1289,2,36000,1.89914662529
154533,155706,157004,1173,1298,2,36000,1.90369799692
154534,155713,156851,1179,1138,2,36000,2.03602811951
154535,155719,156855,1184,1136,2,36000,2.04225352113
154537,155729,157136,1192,1407,2,36000,1.84719260839
155602,155736,156951,134,1215,2,36000,1.11028806584
155619,155743,156914,124,1171,2,36000,1.10589239966
155637,155748,156962,111,1214,2,36000,1.09143327842
155655,155755,156988,100,1233,2,36000,1.08110300081
155673,155760,156999,87,1239,2,36000,1.07021791768
155688,155765,157028,77,1263,2,36000,1.06096595408
155702,155771,157001,69,1230,2,36000,1.05609756098
155704,155777,157198,73,1421,2,36000,1.05137227305
155719,155783,156970,64,1187,2,36000,1.05391743892
155720,155790,157133,70,1343,2,36000,1.05212211467
155722,155795,156923,73,1128,2,36000,1.06471631206
155737,155802,157230,65,1428,2,36000,1.04551820728
155739,155811,157010,72,1199,2,36000,1.0600500417
155740,155840,157116,100,1276,2,36000,1.07836990596
155741,155850,157011,109,1161,2,36000,1.09388458226
155743,155857,157168,114,1311,2,36000,1.08695652174
155744,155862,157208,118,1346,2,36000,1.08766716196
155758,155867,157103,109,1236,2,36000,1.08818770227
155773,155874,157022,101,1148,2,36000,1.08797909408
155775,155881,157138,106,1257,2,36000,1.08432776452
155776,155902,156941,126,1039,2,36000,1.12127045236
155791,155909,157215,118,1306,2,36000,1.09035222052
155809,155918,157104,109,1186,2,36000,1.09190556492
155828,155925,157073,97,1148,2,36000,1.08449477352
155844,155931,157020,87,1089,2,36000,1.07988980716
155845,155936,157225,91,1289,2,36000,1.0705973623
155846,155943,157223,97,1280,2,36000,1.07578125
155848,155949,157026,101,1077,2,36000,1.09377901578
155862,155991,157197,129,1206,2,36000,1.10696517413
155878,156052,157234,174,1182,2,36000,1.14720812183
155892,156732,158050,840,1318,2,36000,1.6373292868
155907,156863,158104,956,1241,2,36000,1.77034649476
155908,156870,158213,962,1343,2,36000,1.71630677587
155923,156925,158209,1002,1284,2,36000,1.78037383178
155925,156933,158169,1008,1236,2,36000,1.81553398058
155926,156940,158043,1014,1103,2,36000,1.91931097008
155942,156947,158130,1005,1183,2,36000,1.8495350803
155943,156954,158080,1011,1126,2,36000,1.89786856128
155979,156963,158140,984,1177,2,36000,1.83602378929
156040,156973,158436,933,1463,2,36000,1.63773069036
156719,156982,158192,263,1210,2,36000,1.2173553719
156851,156991,158335,140,1344,2,36000,1.10416666667
156866,156999,158244,133,1245,2,36000,1.10682730924
156914,157011,158295,97,1284,2,36000,1.07554517134
156928,157017,158472,89,1455,2,36000,1.06116838488
156930,157023,158481,93,1458,2,36000,1.06378600823
156944,157030,158266,86,1236,2,36000,1.06957928803
156945,157035,158473,90,1438,2,36000,1.06258692629
156961,157042,158412,81,1370,2,36000,1.05912408759
156976,157047,158657,71,1610,2,36000,1.04409937888
156977,157052,158279,75,1227,2,36000,1.06112469438
156992,157057,158499,65,1442,2,36000,1.04507628294
156994,157062,158236,68,1174,2,36000,1.05792163543
157008,157085,158491,77,1406,2,36000,1.05476529161
157010,157091,158730,81,1639,2,36000,1.04942037828
157011,157115,158349,104,1234,2,36000,1.08427876823
157012,157121,158223,109,1102,2,36000,1.09891107078
157028,157129,158241,101,1112,2,36000,1.09082733813
157030,157144,158357,114,1213,2,36000,1.09398186315
157031,157151,158365,120,1214,2,36000,1.09884678748
157032,157156,158429,124,1273,2,36000,1.09740769835
157033,157180,158605,147,1425,2,36000,1.10315789474
157035,157210,158344,175,1134,2,36000,1.15432098765
157074,157216,158410,142,1194,2,36000,1.1189279732
157088,157223,158345,135,1122,2,36000,1.12032085561
157103,157230,158606,127,1376,2,36000,1.09229651163
157105,157236,158724,131,1488,2,36000,1.08803763441
157119,157241,158593,122,1352,2,36000,1.09023668639
157139,157249,158285,110,1036,2,36000,1.10617760618
157140,157254,158437,114,1183,2,36000,1.09636517329
157141,158055,159479,914,1424,2,36000,1.64185393258
157168,158063,159264,895,1201,2,36000,1.74521232306
157208,158092,159297,884,1205,2,36000,1.73360995851
157209,158116,159230,907,1114,2,36000,1.81418312388
157210,158142,159589,932,1447,2,36000,1.64409122322
157227,158151,159493,924,1342,2,36000,1.68852459016
157229,158180,159563,951,1383,2,36000,1.68763557484
157230,158203,159396,973,1193,2,36000,1.81559094719
157245,158221,159478,976,1257,2,36000,1.77645186953
157246,158228,159701,982,1473,2,36000,1.66666666667
158044,158234,159414,190,1180,2,36000,1.16101694915
158058,158253,159273,195,1020,2,36000,1.19117647059
158080,158258,159641,178,1383,2,36000,1.12870571222
158104,158265,159522,161,1257,2,36000,1.12808273667
158131,158278,159466,147,1188,2,36000,1.12373737374
158150,158292,159512,142,1220,2,36000,1.11639344262
158170,158299,159403,129,1104,2,36000,1.11684782609
158194,158307,159469,113,1162,2,36000,1.09724612737
158209,158347,159616,138,1269,2,36000,1.10874704492
158223,158355,159554,132,1199,2,36000,1.11009174312
158225,158363,159599,138,1236,2,36000,1.11165048544
158240,158368,159717,128,1349,2,36000,1.09488510007
158241,158375,159807,134,1432,2,36000,1.09357541899
158256,158382,159808,126,1426,2,36000,1.08835904628
158280,158425,159464,145,1039,2,36000,1.1395572666
158281,158431,159519,150,1088,2,36000,1.13786764706
158298,158440,159734,142,1294,2,36000,1.10973724884
158300,158447,159867,147,1420,2,36000,1.10352112676
158336,158454,159783,118,1329,2,36000,1.08878856283
158351,158483,159429,132,946,2,36000,1.13953488372
158352,158491,159649,139,1158,2,36000,1.12003454231
158354,158497,159716,143,1219,2,36000,1.11730926989
158369,158505,159864,136,1359,2,36000,1.10007358352
158371,158512,159755,141,1243,2,36000,1.11343523733
158392,159792,199210,1400,39418,6,356400,1.03551676899
158424,158604,159948,180,1344,2,36000,1.13392857143
158425,158616,159754,191,1138,2,36000,1.16783831283
158440,158622,159827,182,1205,2,36000,1.1510373444
158442,158670,159732,228,1062,2,36000,1.21468926554
158443,158736,160168,293,1432,2,36000,1.20460893855
158473,158742,160295,269,1553,2,36000,1.17321313587
158475,159243,160662,768,1419,2,36000,1.54122621564
158490,159276,160485,786,1209,2,36000,1.65012406948
158491,159285,160409,794,1124,2,36000,1.70640569395
158506,159310,160575,804,1265,2,36000,1.63557312253
158595,159408,160595,813,1187,2,36000,1.6849199663
158609,159415,160606,806,1191,2,36000,1.67674223342
158611,159427,160458,816,1031,2,36000,1.79146459748
158659,159440,160548,781,1108,2,36000,1.70487364621
158727,159475,160892,748,1417,2,36000,1.52787579393
158742,159483,160665,741,1182,2,36000,1.6269035533
159232,159488,160747,256,1259,2,36000,1.20333598094
159267,159495,160852,228,1357,2,36000,1.16801768607
159281,159500,160936,219,1436,2,36000,1.15250696379
159299,159507,160678,208,1171,2,36000,1.17762596072
159398,159523,160716,125,1193,2,36000,1.10477787091
159413,159531,160792,118,1261,2,36000,1.09357652657
159414,159538,160742,124,1204,2,36000,1.10299003322
159430,159566,161084,136,1518,2,36000,1.08959156785
159464,159576,160762,112,1186,2,36000,1.09443507589
159482,159601,160739,119,1138,2,36000,1.10456942004
159483,159611,160937,128,1326,2,36000,1.09653092006
159485,159628,160778,143,1150,2,36000,1.12434782609
159486,159654,160822,168,1168,2,36000,1.14383561644
159502,159662,161036,160,1374,2,36000,1.11644832606
159517,159712,160987,195,1275,2,36000,1.15294117647
159532,159728,160978,196,1250,2,36000,1.1568
159533,159734,161042,201,1308,2,36000,1.15366972477
159555,159744,161137,189,1393,2,36000,1.13567839196
159570,159803,161180,233,1377,2,36000,1.16920842411
159591,159808,161006,217,1198,2,36000,1.18113522538
159615,159813,160901,198,1088,2,36000,1.18198529412
159616,159819,161345,203,1526,2,36000,1.13302752294
159641,159824,161182,183,1358,2,36000,1.13475699558
159656,159829,161024,173,1195,2,36000,1.14476987448
159678,159684,159687,6,3,2,3540,1.0
159706,159834,161177,128,1343,2,36000,1.09530900968
159727,159839,161005,112,1166,2,36000,1.09605488851
159729,159845,161154,116,1309,2,36000,1.08861726509
159744,159850,161064,106,1214,2,36000,1.08731466227
159746,159857,161289,111,1432,2,36000,1.07751396648
159761,159862,161217,101,1355,2,36000,1.07453874539
159762,159867,161160,105,1293,2,36000,1.08120649652
159785,159873,160904,88,1031,2,36000,1.08535402522
159809,159878,161360,69,1482,2,36000,1.04655870445
159811,159883,161178,72,1295,2,36000,1.0555984556
159841,159890,160973,49,1083,2,36000,1.04524469067
159870,159895,161256,25,1361,2,36000,1.01836884644
159872,159960,161150,88,1190,2,36000,1.07394957983
159948,160180,161170,232,990,2,36000,1.23434343434
160169,160306,161595,137,1289,2,36000,1.10628394104
160298,160420,161730,122,1310,2,36000,1.09312977099
160409,160470,161812,61,1342,2,36000,1.04545454545
160458,160497,162049,39,1552,2,36000,1.02512886598
160485,160560,161897,75,1337,2,36000,1.05609573672
160548,160588,161753,40,1165,2,36000,1.03433476395
160582,160608,161725,26,1117,2,36000,1.02327663384
160597,160618,162272,21,1654,2,36000,1.01269649335
160613,160674,162062,61,1388,2,36000,1.0439481268
160661,160681,161898,20,1217,2,36000,1.01643385374
160677,160690,161830,13,1140,2,36000,1.01140350877
160678,160728,161900,50,1172,2,36000,1.04266211604
160719,160751,162040,32,1289,2,36000,1.02482544608
160740,160758,162023,18,1265,2,36000,1.01422924901
160741,160766,161956,25,1190,2,36000,1.02100840336
160756,160774,161904,18,1130,2,36000,1.01592920354
160771,160790,162084,19,1294,2,36000,1.01468315301
160786,160803,162366,17,1563,2,36000,1.01087651951
160801,160834,162025,33,1191,2,36000,1.02770780856
160824,160864,162122,40,1258,2,36000,1.03179650238
160851,160903,162198,52,1295,2,36000,1.04015444015
160894,160915,162154,21,1239,2,36000,1.01694915254
160909,160948,162195,39,1247,2,36000,1.03127506014
160910,160954,162372,44,1418,2,36000,1.03102961918
160940,160985,162227,45,1242,2,36000,1.03623188406
160941,160991,162197,50,1206,2,36000,1.04145936982
160974,160999,162253,25,1254,2,36000,1.01993620415
160992,161048,162189,56,1141,2,36000,1.0490797546
160993,161055,162318,62,1263,2,36000,1.04908946952
161008,161076,162264,68,1188,2,36000,1.05723905724
161009,161096,162298,87,1202,2,36000,1.07237936772
161024,161148,162331,124,1183,2,36000,1.10481825866
161039,161161,162463,122,1302,2,36000,1.09370199693
161054,161173,162344,119,1171,2,36000,1.10162254483
161073,161183,162453,110,1270,2,36000,1.08661417323
161091,161190,162577,99,1387,2,36000,1.07137707282
161140,161229,162683,89,1454,2,36000,1.06121045392
161166,161268,162483,102,1215,2,36000,1.08395061728
161168,161301,162506,133,1205,2,36000,1.11037344398
161169,161372,162647,203,1275,2,36000,1.15921568627
161188,161608,162714,420,1106,2,36000,1.37974683544
161190,161736,162875,546,1139,2,36000,1.47936786655
161191,161743,163100,552,1357,2,36000,1.40677966102
161192,161766,163050,574,1284,2,36000,1.44704049844
161194,161824,163008,630,1184,2,36000,1.53209459459
161218,161842,163108,624,1266,2,36000,1.49289099526
161263,161908,163397,645,1489,2,36000,1.43317662861
161289,161915,163198,626,1283,2,36000,1.48791893998
161347,161920,163141,573,1221,2,36000,1.46928746929
161364,161927,163069,563,1142,2,36000,1.49299474606
161596,161968,163274,372,1306,2,36000,1.28483920368
161726,162036,163280,310,1244,2,36000,1.24919614148
161742,162042,163231,300,1189,2,36000,1.25231286796
161757,162052,163174,295,1122,2,36000,1.26292335116
161811,162061,163395,250,1334,2,36000,1.18740629685
161829,162074,163450,245,1376,2,36000,1.17805232558
161902,162095,163305,193,1210,2,36000,1.15950413223
161903,162134,163463,231,1329,2,36000,1.17381489842
161905,162166,163619,261,1453,2,36000,1.17962835513
161919,162200,163257,281,1057,2,36000,1.26584673605
161955,162208,163785,253,1577,2,36000,1.16043119848
162026,162214,163442,188,1228,2,36000,1.15309446254
162027,162219,163684,192,1465,2,36000,1.13105802048
162042,162238,163415,196,1177,2,36000,1.16652506372
162058,162265,163708,207,1443,2,36000,1.14345114345
162073,162276,163472,203,1196,2,36000,1.16973244147
162087,162285,163426,198,1141,2,36000,1.17353198948
162121,162310,163455,189,1145,2,36000,1.16506550218
162154,162330,163409,176,1079,2,36000,1.16311399444
162191,162343,163878,152,1535,2,36000,1.0990228013
162205,162355,163606,150,1251,2,36000,1.11990407674
162207,162379,163578,172,1199,2,36000,1.1434528774
162208,162386,164388,178,2002,2,36000,1.08891108891
162227,162465,163686,238,1221,2,36000,1.19492219492
162252,162474,163497,222,1023,2,36000,1.21700879765
162267,162495,163846,228,1351,2,36000,1.16876387861
162281,162517,163675,236,1158,2,36000,1.20379965458
162300,162589,163912,289,1323,2,36000,1.21844293273
162317,162659,163987,342,1328,2,36000,1.25753012048
162334,162695,163886,361,1191,2,36000,1.30310663308
162349,162725,163897,376,1172,2,36000,1.32081911263
162368,162888,164019,520,1131,2,36000,1.45977011494
162384,163019,164228,635,1209,2,36000,1.52522746071
162453,163061,164243,608,1182,2,36000,1.51438240271
162468,163080,164346,612,1266,2,36000,1.48341232227
162485,163112,164473,627,1361,2,36000,1.46069066863
162507,163121,164281,614,1160,2,36000,1.52931034483
162577,163153,164185,576,1032,2,36000,1.55813953488
162647,163186,164537,539,1351,2,36000,1.39896373057
162683,163210,164804,527,1594,2,36000,1.33061480552
162716,163243,164583,527,1340,2,36000,1.39328358209
162875,163269,164468,394,1199,2,36000,1.32860717264
163010,163286,164384,276,1098,2,36000,1.25136612022
163052,163293,164305,241,1012,2,36000,1.23814229249
163070,163318,164840,248,1522,2,36000,1.1629434954
163100,163408,164680,308,1272,2,36000,1.24213836478
163117,163415,165026,298,1611,2,36000,1.18497827436
163141,163422,164560,281,1138,2,36000,1.24692442882
163175,163429,164702,254,1273,2,36000,1.19952867243
163200,163437,164700,237,1263,2,36000,1.18764845606
163231,163455,164793,224,1338,2,36000,1.16741405082
163258,163462,164709,204,1247,2,36000,1.16359262229
163273,163469,164790,196,1321,2,36000,1.14837244512
163290,163476,164728,186,1252,2,36000,1.14856230032
163304,163484,164967,180,1483,2,36000,1.12137559002
163398,163509,165092,111,1583,2,36000,1.07012002527
163399,163590,164989,191,1399,2,36000,1.13652609006
163414,163618,164817,204,1199,2,36000,1.17014178482
163416,163631,165059,215,1428,2,36000,1.15056022409
163431,163687,164863,256,1176,2,36000,1.21768707483
163446,163696,165053,250,1357,2,36000,1.18422991894
163461,163703,164888,242,1185,2,36000,1.20421940928
163462,163720,165175,258,1455,2,36000,1.17731958763
163478,163797,165076,319,1279,2,36000,1.24941360438
163480,163858,165113,378,1255,2,36000,1.30119521912
163497,163890,165073,393,1183,2,36000,1.33220625528
163523,167086,168019,3563,933,3,72000,4.81886387996
163579,163898,165235,319,1337,2,36000,1.23859386687
163606,163909,165215,303,1306,2,36000,1.23200612557
163621,163924,164961,303,1037,2,36000,1.29218900675
163675,164000,165095,325,1095,2,36000,1.29680365297
163690,164031,165335,341,1304,2,36000,1.26150306748
163691,164197,165511,506,1314,2,36000,1.38508371385
163712,164241,165564,529,1323,2,36000,1.39984882842
163784,164255,165463,471,1208,2,36000,1.38990066225
163845,164294,165361,449,1067,2,36000,1.42080599813
163879,164317,165708,438,1391,2,36000,1.3148813803
163894,164358,165732,464,1374,2,36000,1.33770014556
163909,164396,165613,487,1217,2,36000,1.40016433854
163925,164403,165625,478,1222,2,36000,1.39116202946
163987,164480,165969,493,1489,2,36000,1.33109469443
164021,164487,165623,466,1136,2,36000,1.41021126761
164188,164549,165819,361,1270,2,36000,1.2842519685
164230,164572,165601,342,1029,2,36000,1.33236151603
164252,164596,165656,344,1060,2,36000,1.32452830189
164283,164692,165881,409,1189,2,36000,1.34398654331
164304,164713,165868,409,1155,2,36000,1.35411255411
164353,164720,166214,367,1494,2,36000,1.24564926372
164385,164727,166184,342,1457,2,36000,1.23472889499
164401,164739,166015,338,1276,2,36000,1.26489028213
164469,164802,166197,333,1395,2,36000,1.23870967742
164485,164809,166308,324,1499,2,36000,1.21614409606
164538,164815,166587,277,1772,2,36000,1.15632054176
164559,164829,166122,270,1293,2,36000,1.20881670534
164583,164852,166152,269,1300,2,36000,1.20692307692
164680,164876,166540,196,1664,2,36000,1.11778846154
164702,164899,166071,197,1172,2,36000,1.1680887372
164704,164973,166340,269,1367,2,36000,1.19678127286
164718,164980,166354,262,1374,2,36000,1.19068413392
164733,165001,166218,268,1217,2,36000,1.2202136401
164790,165039,166116,249,1077,2,36000,1.23119777159
164805,165065,166418,260,1353,2,36000,1.19216555802
164807,165072,166494,265,1422,2,36000,1.18635724332
164821,165085,166700,264,1615,2,36000,1.16346749226
164839,165092,166463,253,1371,2,36000,1.18453683443
164863,165104,166668,241,1564,2,36000,1.15409207161
164887,165111,166448,224,1337,2,36000,1.16753926702
164961,165125,166224,164,1099,2,36000,1.14922656961
164975,165188,166499,213,1311,2,36000,1.16247139588
164990,165227,166588,237,1361,2,36000,1.17413666422
165029,165247,166473,218,1226,2,36000,1.17781402936
165053,165347,166893,294,1546,2,36000,1.19016817594
165068,165373,166496,305,1123,2,36000,1.27159394479
165083,165475,166689,392,1214,2,36000,1.32289950577
165085,165523,166705,438,1182,2,36000,1.37055837563
165099,165576,166850,477,1274,2,36000,1.37441130298
165100,165613,166791,513,1178,2,36000,1.43548387097
165115,165625,166696,510,1071,2,36000,1.47619047619
165176,165635,166806,459,1171,2,36000,1.39197267293
165214,165642,167006,428,1364,2,36000,1.3137829912
165235,165668,166824,433,1156,2,36000,1.37456747405
165335,165721,166908,386,1187,2,36000,1.3251895535
165362,165745,167038,383,1293,2,36000,1.2962103635
165462,165831,167321,369,1490,2,36000,1.24765100671
165513,165880,167091,367,1211,2,36000,1.30305532618
165564,165892,167213,328,1321,2,36000,1.24829674489
165590,167096,253515,1506,86419,1,86400,1.01742672329
165600,165981,167077,381,1096,2,36000,1.34762773723
165615,166027,167290,412,1263,2,36000,1.3262074426
165631,166083,167246,452,1163,2,36000,1.38865004299
165632,166128,167333,496,1205,2,36000,1.41161825726
165657,166135,167443,478,1308,2,36000,1.36544342508
165708,166165,167548,457,1383,2,36000,1.33044107014
165733,166196,167562,463,1366,2,36000,1.33894582723
165819,166210,167506,391,1296,2,36000,1.30169753086
165871,166226,167376,355,1150,2,36000,1.30869565217
165886,166233,167532,347,1299,2,36000,1.26712856043
165976,166240,167459,264,1219,2,36000,1.2165709598
166017,166320,168076,303,1756,2,36000,1.17255125285
166071,166352,167399,281,1047,2,36000,1.26838586437
166116,166366,167594,250,1228,2,36000,1.20358306189
166131,166431,167627,300,1196,2,36000,1.2508361204
166152,166460,167679,308,1219,2,36000,1.25266611977
166185,166475,168170,290,1695,2,36000,1.17109144543
166200,166484,167635,284,1151,2,36000,1.24674196351
166219,166506,167699,287,1193,2,36000,1.24056999162
166220,166512,167715,292,1203,2,36000,1.24272651704
166235,166518,167804,283,1286,2,36000,1.2200622084
166308,166552,167795,244,1243,2,36000,1.19629927595
166342,166599,168045,257,1446,2,36000,1.17773167358
166357,166605,167812,248,1207,2,36000,1.20546810273
166418,166680,167920,262,1240,2,36000,1.21129032258
166448,166701,167758,253,1057,2,36000,1.23935666982
166463,166708,167859,245,1151,2,36000,1.21285838401
166474,167091,167100,617,9,8,10800,62.6
166478,166715,167881,237,1166,2,36000,1.20325900515
166496,166721,167740,225,1019,2,36000,1.2208047105
166497,166803,168157,306,1354,2,36000,1.22599704579
166512,166818,168100,306,1282,2,36000,1.23868954758
166543,166836,167938,293,1102,2,36000,1.26588021779
166588,166862,168001,274,1139,2,36000,1.2405618964
166589,166910,168129,321,1219,2,36000,1.26333059885
166668,166921,168277,253,1356,2,36000,1.18657817109
166688,167018,168266,330,1248,2,36000,1.26442307692
166703,167051,168337,348,1286,2,36000,1.27060653188
166704,167127,168203,423,1076,2,36000,1.39312267658
166719,167133,168656,414,1523,2,36000,1.2718319107
166791,167138,168180,347,1042,2,36000,1.3330134357
166807,167143,168839,336,1696,2,36000,1.19811320755
166824,167148,168232,324,1084,2,36000,1.29889298893
166858,167153,168538,295,1385,2,36000,1.21299638989
166895,167159,168313,264,1154,2,36000,1.2287694974
166898,166904,166912,6,8,32,1800,1.4
166910,167164,168325,254,1161,2,36000,1.21877691645
167007,167169,168321,162,1152,2,36000,1.140625
167042,167174,168444,132,1270,2,36000,1.10393700787
167078,167180,168345,102,1165,2,36000,1.08755364807
167093,167187,168395,94,1208,2,36000,1.07781456954
167216,167227,168449,11,1222,2,36000,1.00900163666
167246,167253,169490,7,2237,2,36000,1.00312919088
167289,167296,168749,7,1453,2,36000,1.00481761872
167323,167329,168423,6,1094,2,36000,1.00548446069
167337,167344,168681,7,1337,2,36000,1.00523560209
167372,174286,291286,6914,117000,8,356400,1.05909401709
167377,167383,168997,6,1614,2,36000,1.00371747212
167398,167404,168536,6,1132,2,36000,1.00530035336
167443,167449,168932,6,1483,2,36000,1.004045853
167457,168192,168199,735,7,32,1800,74.2
167458,167464,168808,6,1344,2,36000,1.00446428571
167506,167514,168857,8,1343,2,36000,1.0059568131
167534,167540,168743,6,1203,2,36000,1.00498753117
167549,167555,168769,6,1214,2,36000,1.00494233937
167564,167571,168923,7,1352,2,36000,1.00517751479
167594,167600,169050,6,1450,2,36000,1.00413793103
167628,167635,168752,7,1117,2,36000,1.00626678603
167643,167650,169079,7,1429,2,36000,1.00489853044
167680,167687,169218,7,1531,2,36000,1.00457217505
167699,167705,168895,6,1190,2,36000,1.00504201681
167717,167723,168861,6,1138,2,36000,1.00527240773
167740,167747,169254,7,1507,2,36000,1.00464499005
167758,167766,169235,8,1469,2,36000,1.00544588155
167795,167802,168880,7,1078,2,36000,1.00649350649
167810,167816,168994,6,1178,2,36000,1.00509337861
167824,167830,169104,6,1274,2,36000,1.00470957614
167861,167868,169064,7,1196,2,36000,1.00585284281
167882,167888,169293,6,1405,2,36000,1.00427046263
167921,167927,169446,6,1519,2,36000,1.00394996708
167939,167946,169130,7,1184,2,36000,1.00591216216
168003,168009,169193,6,1184,2,36000,1.00506756757
168045,168052,169616,7,1564,2,36000,1.00447570332
168075,168082,169501,7,1419,2,36000,1.00493305144
168099,168106,169213,7,1107,2,36000,1.00632339657
168129,168135,169399,6,1264,2,36000,1.00474683544
168159,168165,169582,6,1417,2,36000,1.00423429781
168174,168180,169443,6,1263,2,36000,1.00475059382
168189,168199,169645,10,1446,2,36000,1.00691562932
168203,168210,169335,7,1125,2,36000,1.00622222222
168234,168240,169477,6,1237,2,36000,1.00485044462
168263,168278,169294,15,1016,2,36000,1.01476377953
168278,168289,169531,11,1242,2,36000,1.00885668277
168311,168348,169617,37,1269,2,36000,1.02915681639
168326,168434,169663,108,1229,2,36000,1.08787632221
168327,168548,169604,221,1056,2,36000,1.20928030303
168342,168693,169938,351,1245,2,36000,1.28192771084
168357,168755,169939,398,1184,2,36000,1.33614864865
168396,168761,170130,365,1369,2,36000,1.26661796932
168423,168769,169989,346,1220,2,36000,1.28360655738
168444,168780,170197,336,1417,2,36000,1.23712067749
168459,168820,170259,361,1439,2,36000,1.25086865879
168535,168869,169974,334,1105,2,36000,1.30226244344
168550,168875,169943,325,1068,2,36000,1.3043071161
168656,168891,170472,235,1581,2,36000,1.1486401012
168682,168906,170166,224,1260,2,36000,1.17777777778
168743,168935,170250,192,1315,2,36000,1.14600760456
168758,168944,170141,186,1197,2,36000,1.15538847118
168759,169006,170365,247,1359,2,36000,1.18175128771
168774,169012,170205,238,1193,2,36000,1.19949706622
168810,169062,170481,252,1419,2,36000,1.17758985201
168837,169076,170509,239,1433,2,36000,1.16678297278
168858,169091,170232,233,1141,2,36000,1.20420683611
168873,169115,170630,242,1515,2,36000,1.1597359736
168888,169142,172169,254,3027,2,36000,1.0839114635
168904,169205,170552,301,1347,2,36000,1.22345953972
168925,169226,170344,301,1118,2,36000,1.26923076923
168939,169232,170302,293,1070,2,36000,1.2738317757
168994,169247,170415,253,1168,2,36000,1.21660958904
169009,169266,170556,257,1290,2,36000,1.1992248062
169054,169304,170499,250,1195,2,36000,1.20920502092
169069,169311,170455,242,1144,2,36000,1.21153846154
169085,169347,172189,262,2842,2,36000,1.09218859958
169106,169412,170614,306,1202,2,36000,1.25457570715
169130,169455,172184,325,2729,2,36000,1.11909124221
169193,169461,172207,268,2746,2,36000,1.09759650401
169214,169489,170649,275,1160,2,36000,1.23706896552
169230,169503,172196,273,2693,2,36000,1.10137393242
169245,169513,172114,268,2601,2,36000,1.10303729335
169260,169542,172210,282,2668,2,36000,1.10569715142
169290,169594,172183,304,2589,2,36000,1.11741985323
169305,169617,172187,312,2570,2,36000,1.12140077821
169335,169627,172168,292,2541,2,36000,1.11491538764
169402,169633,172185,231,2552,2,36000,1.09051724138
169439,169656,172201,217,2545,2,36000,1.08526522593
169454,169674,172177,220,2503,2,36000,1.08789452657
169478,169950,172212,472,2262,2,36000,1.20866489832
169493,169957,172202,464,2245,2,36000,1.20668151448
169508,169962,172205,454,2243,2,36000,1.20240748997
169533,169986,172186,453,2200,2,36000,1.20590909091
169581,170001,172213,420,2212,2,36000,1.18987341772
169605,170142,172206,537,2064,2,36000,1.2601744186
169620,170152,172924,532,2772,2,36000,1.19191919192
169622,170178,173084,556,2906,2,36000,1.1913282863
169646,170210,172982,564,2772,2,36000,1.20346320346
169664,170216,172867,552,2651,2,36000,1.20822331196
169940,170244,172927,304,2683,2,36000,1.11330600075
169941,170262,172916,321,2654,2,36000,1.12094951017
169956,170271,172211,315,1940,2,36000,1.16237113402
169974,170313,172970,339,2657,2,36000,1.1275875047
169990,170355,172983,365,2628,2,36000,1.13888888889
170131,170377,172922,246,2545,2,36000,1.09666011788
170146,170427,172974,281,2547,2,36000,1.11032587358
170167,170466,172985,299,2519,2,36000,1.11869789599
170197,170485,172985,288,2500,2,36000,1.1152
170212,170492,172935,280,2443,2,36000,1.11461318052
170234,170511,173085,277,2574,2,36000,1.10761460761
170252,170520,172950,268,2430,2,36000,1.11028806584
170266,170563,173000,297,2437,2,36000,1.12187115306
170299,170569,172929,270,2360,2,36000,1.11440677966
170344,170625,173100,281,2475,2,36000,1.11353535354
170367,170642,173025,275,2383,2,36000,1.11540075535
170410,170416,170417,6,1,2,3540,1.0
170415,170666,172985,251,2319,2,36000,1.10823630875
170455,172133,173533,1678,1400,2,36000,2.19857142857
170474,172186,173398,1712,1212,2,36000,2.41254125413
170490,172191,173485,1701,1294,2,36000,2.31452859351
170506,172198,173435,1692,1237,2,36000,2.36782538399
170507,172205,173280,1698,1075,2,36000,2.57953488372
170552,172210,173932,1658,1722,2,36000,1.96283391405
170571,172216,173565,1645,1349,2,36000,2.21942179392
170622,172221,173393,1599,1172,2,36000,2.36433447099
172201,172228,173387,27,1159,2,36000,1.02329594478
172202,172234,173502,32,1268,2,36000,1.02523659306
172204,172239,173516,35,1277,2,36000,1.02740798747
172205,172244,173410,39,1166,2,36000,1.03344768439
172207,172249,173392,42,1143,2,36000,1.03674540682
172208,172255,173345,47,1090,2,36000,1.04311926606
172209,172260,173486,51,1226,2,36000,1.04159869494
172211,172265,173465,54,1200,2,36000,1.045
172212,172270,173640,58,1370,2,36000,1.04233576642
172213,172275,173396,62,1121,2,36000,1.05530776093
172215,172281,173571,66,1290,2,36000,1.0511627907
172216,172286,173546,70,1260,2,36000,1.05555555556
172217,172880,174028,663,1148,2,36000,1.5775261324
172219,172929,174663,710,1734,2,36000,1.40945790081
172220,172935,174390,715,1455,2,36000,1.49140893471
172221,172941,174192,720,1251,2,36000,1.57553956835
172222,172948,174152,726,1204,2,36000,1.60299003322
172224,172953,174551,729,1598,2,36000,1.45619524406
172225,172958,174538,733,1580,2,36000,1.46392405063
172226,172965,174224,739,1259,2,36000,1.58697378872
172228,172983,174211,755,1228,2,36000,1.61482084691
172229,172990,174245,761,1255,2,36000,1.60637450199
172874,172996,174202,122,1206,2,36000,1.10116086235
172928,173001,174188,73,1187,2,36000,1.06149957877
172930,173007,174462,77,1455,2,36000,1.0529209622
172931,173014,174531,83,1517,2,36000,1.05471324984
172932,174281,206403,1349,32122,32,36000,1.04199613972
172933,173019,174214,86,1195,2,36000,1.0719665272
172934,173024,174453,90,1429,2,36000,1.06298110567
172981,173064,174658,83,1594,2,36000,1.05207026349
172983,173100,174534,117,1434,2,36000,1.08158995816
172984,173107,174474,123,1367,2,36000,1.08997805413
172986,173114,174912,128,1798,2,36000,1.07119021135
172987,173292,174681,305,1389,2,36000,1.21958243341
172988,173357,174683,369,1326,2,36000,1.27828054299
172990,173399,174623,409,1224,2,36000,1.3341503268
173181,173406,174542,225,1136,2,36000,1.19806338028
173182,173411,174958,229,1547,2,36000,1.14802844215
173184,173418,174673,234,1255,2,36000,1.18645418327
173185,173423,174616,238,1193,2,36000,1.19949706622
173187,173430,174836,243,1406,2,36000,1.17283072546
173188,173447,174581,259,1134,2,36000,1.22839506173
173189,173478,174739,289,1261,2,36000,1.22918318795
173306,173497,174679,191,1182,2,36000,1.16159052453
173345,173503,174841,158,1338,2,36000,1.11808669656
173390,173514,174837,124,1323,2,36000,1.09372637944
173391,173528,175028,137,1500,2,36000,1.09133333333
173392,173546,174708,154,1162,2,36000,1.13253012048
173409,173558,175008,149,1450,2,36000,1.10275862069
173410,173581,174868,171,1287,2,36000,1.13286713287
173411,173588,175146,177,1558,2,36000,1.1136071887
173436,173652,175186,216,1534,2,36000,1.1408083442
173463,173944,175208,481,1264,2,36000,1.38053797468
173487,174040,175809,553,1769,2,36000,1.31260599209
173489,174164,175353,675,1189,2,36000,1.5677039529
173504,174199,175458,695,1259,2,36000,1.552025417
173519,174207,175517,688,1310,2,36000,1.52519083969
173540,174214,175732,674,1518,2,36000,1.44400527009
173570,174223,175487,653,1264,2,36000,1.51661392405
173571,174237,175775,666,1538,2,36000,1.43302990897
173573,174246,175725,673,1479,2,36000,1.45503718729
173644,174291,175447,647,1156,2,36000,1.55968858131
173934,174296,175714,362,1418,2,36000,1.25528913963
174029,174302,175453,273,1151,2,36000,1.23718505647
174152,174307,176464,155,2157,2,36000,1.07185906351
174194,174312,175704,118,1392,2,36000,1.08477011494
174195,174317,175745,122,1428,2,36000,1.08543417367
174224,174323,175464,99,1141,2,36000,1.08676599474
174226,174328,175839,102,1511,2,36000,1.0675049636
174227,174333,175469,106,1136,2,36000,1.09330985915
174228,174338,175643,110,1305,2,36000,1.08429118774
174329,174345,175748,16,1403,2,36000,1.011404134
174397,174404,175760,7,1356,2,36000,1.00516224189
174458,174464,175741,6,1277,2,36000,1.00469851214
174527,174533,175827,6,1294,2,36000,1.00463678516
174528,174539,175657,11,1118,2,36000,1.00983899821
174551,174558,176086,7,1528,2,36000,1.00458115183
174553,174564,175795,11,1231,2,36000,1.00893582453
174554,174570,176271,16,1701,2,36000,1.00940623163
174555,174575,176367,20,1792,2,36000,1.01116071429
174557,174580,176022,23,1442,2,36000,1.01595006935
174584,174591,176274,7,1683,2,36000,1.00415923945
174617,174624,175798,7,1174,2,36000,1.00596252129
174632,174639,175850,7,1211,2,36000,1.00578034682
174660,174666,175987,6,1321,2,36000,1.00454201363
174675,174681,176064,6,1383,2,36000,1.00433839479
174677,174687,176021,10,1334,2,36000,1.00749625187
174693,174700,175820,7,1120,2,36000,1.00625
174695,174706,176085,11,1379,2,36000,1.00797679478
174696,174711,175937,15,1226,2,36000,1.01223491028
174711,174718,176040,7,1322,2,36000,1.00529500756
174831,174839,176044,8,1205,2,36000,1.00663900415
174882,174888,176389,6,1501,2,36000,1.00399733511
174883,174895,176005,12,1110,2,36000,1.01081081081
174884,174900,175984,16,1084,2,36000,1.0147601476
174886,174905,176543,19,1638,2,36000,1.0115995116
174941,174948,176511,7,1563,2,36000,1.00447856686
174976,174983,176091,7,1108,2,36000,1.00631768953
175022,175028,176161,6,1133,2,36000,1.0052956752
175054,175060,176334,6,1274,2,36000,1.00470957614
175148,175154,176589,6,1435,2,36000,1.00418118467
175189,175195,176817,6,1622,2,36000,1.00369913687
175210,175216,176509,6,1293,2,36000,1.00464037123
175359,175365,176972,6,1607,2,36000,1.00373366521
175447,175453,176839,6,1386,2,36000,1.00432900433
175472,175478,176698,6,1220,2,36000,1.00491803279
175473,175485,177029,12,1544,2,36000,1.00777202073
175475,175490,176519,15,1029,2,36000,1.01457725948
175476,175495,176939,19,1444,2,36000,1.01315789474
175520,175527,176594,7,1067,2,36000,1.00656044986
175521,175534,176884,13,1350,2,36000,1.00962962963
175652,175658,176854,6,1196,2,36000,1.00501672241
175668,175674,176826,6,1152,2,36000,1.00520833333
175707,175713,176891,6,1178,2,36000,1.00509337861
175729,175735,176981,6,1246,2,36000,1.00481540931
175731,175742,177433,11,1691,2,36000,1.00650502661
175764,175770,177040,6,1270,2,36000,1.00472440945
175765,175777,176942,12,1165,2,36000,1.01030042918
175766,175782,177338,16,1556,2,36000,1.01028277635
175768,175787,177620,19,1833,2,36000,1.010365521
175769,175792,177070,23,1278,2,36000,1.01799687011
175785,175800,177112,15,1312,2,36000,1.01143292683
175800,175806,177330,6,1524,2,36000,1.00393700787
175802,175814,176959,12,1145,2,36000,1.01048034934
175817,175823,177296,6,1473,2,36000,1.00407331976
175833,175839,176982,6,1143,2,36000,1.00524934383
175834,175846,177109,12,1263,2,36000,1.00950118765
175853,175859,176952,6,1093,2,36000,1.0054894785
175855,175866,177013,11,1147,2,36000,1.0095902354
175941,175949,177117,8,1168,2,36000,1.00684931507
175986,175997,177084,11,1087,2,36000,1.01011959522
175987,176004,177252,17,1248,2,36000,1.01362179487
176012,176019,177089,7,1070,2,36000,1.00654205607
176045,176052,177618,7,1566,2,36000,1.00446998723
176047,176059,177300,12,1241,2,36000,1.00966962127
176048,176064,177485,16,1421,2,36000,1.01125967628
176049,176069,177622,20,1553,2,36000,1.01287830006
176073,176080,177595,7,1515,2,36000,1.00462046205
176108,176115,177369,7,1254,2,36000,1.00558213716
176109,176122,177577,13,1455,2,36000,1.0089347079
176110,176127,177627,17,1500,2,36000,1.01133333333
176174,176181,177590,7,1409,2,36000,1.00496806246
176275,176283,177576,8,1293,2,36000,1.00618716164
176277,176290,177754,13,1464,2,36000,1.00887978142
176337,176345,177641,8,1296,2,36000,1.00617283951
176368,176379,177673,11,1294,2,36000,1.0085007728
176392,176401,177629,9,1228,2,36000,1.00732899023
176469,176475,178203,6,1728,2,36000,1.00347222222
176511,176522,178370,11,1848,2,36000,1.00595238095
176512,176529,177690,17,1161,2,36000,1.01464254953
176527,176536,177910,9,1374,2,36000,1.00655021834
176543,176555,177889,12,1334,2,36000,1.00899550225
176606,176613,177804,7,1191,2,36000,1.00587741394
176608,176620,178019,12,1399,2,36000,1.0085775554
176704,176710,177704,6,994,2,36000,1.0060362173
176834,176840,178177,6,1337,2,36000,1.00448765894
176835,176847,178218,12,1371,2,36000,1.00875273523
176859,176866,178410,7,1544,2,36000,1.00453367876
176860,176872,178173,12,1301,2,36000,1.0092236741
176907,176913,178194,6,1281,2,36000,1.00468384075
176908,176920,178102,12,1182,2,36000,1.01015228426
176947,176954,178377,7,1423,2,36000,1.00491918482
176949,176961,178338,12,1377,2,36000,1.00871459695
176967,176974,178149,7,1175,2,36000,1.00595744681
176969,176980,178323,11,1343,2,36000,1.00819061802
176995,177003,178339,8,1336,2,36000,1.00598802395
176997,177008,178321,11,1313,2,36000,1.00837776085
176998,177014,178268,16,1254,2,36000,1.01275917065
177017,177024,178351,7,1327,2,36000,1.00527505652
177035,177041,178257,6,1216,2,36000,1.00493421053
177052,177058,178366,6,1308,2,36000,1.00458715596
177073,177080,178467,7,1387,2,36000,1.00504686373
177089,177096,178406,7,1310,2,36000,1.00534351145
177091,177102,178368,11,1266,2,36000,1.00868878357
177109,177116,178392,7,1276,2,36000,1.00548589342
177126,177132,178478,6,1346,2,36000,1.0044576523
177127,177139,178449,12,1310,2,36000,1.00916030534
177267,177273,178476,6,1203,2,36000,1.00498753117
177328,177335,178479,7,1144,2,36000,1.00611888112
177330,177342,178839,12,1497,2,36000,1.00801603206
177368,177374,178804,6,1430,2,36000,1.0041958042
177369,177381,178482,12,1101,2,36000,1.01089918256
177371,177386,178809,15,1423,2,36000,1.01054111033
177622,177628,178791,6,1163,2,36000,1.00515907137
177623,177635,178916,12,1281,2,36000,1.0093676815
177625,177640,178924,15,1284,2,36000,1.01168224299
177627,177645,178989,18,1344,2,36000,1.01339285714
177628,177650,179410,22,1760,2,36000,1.0125
177630,177657,178905,27,1248,2,36000,1.02163461538
177631,177662,178840,31,1178,2,36000,1.02631578947
177632,177667,178961,35,1294,2,36000,1.02704791345
177633,177673,178976,40,1303,2,36000,1.03069838833
177673,177679,178841,6,1162,2,36000,1.00516351119
177674,177686,179394,12,1708,2,36000,1.00702576112
177675,177691,178814,16,1123,2,36000,1.0142475512
177677,177696,178951,19,1255,2,36000,1.01513944223
177694,177703,179030,9,1327,2,36000,1.00678221552
177709,177716,178797,7,1081,2,36000,1.00647548566
177760,177766,178869,6,1103,2,36000,1.00543970988
177805,177811,178866,6,1055,2,36000,1.00568720379
177889,177896,179044,7,1148,2,36000,1.00609756098
177953,177961,179423,8,1462,2,36000,1.00547195622
178020,178026,179413,6,1387,2,36000,1.0043258832
178109,178117,179417,8,1300,2,36000,1.00615384615
178154,178160,179410,6,1250,2,36000,1.0048
178197,178203,179482,6,1279,2,36000,1.00469116497
178198,178210,179362,12,1152,2,36000,1.01041666667
178199,178215,179812,16,1597,2,36000,1.01001878522
178221,178227,179604,6,1377,2,36000,1.00435729847
178222,178234,179614,12,1380,2,36000,1.00869565217
178259,178266,180052,7,1786,2,36000,1.0039193729
178277,178283,179543,6,1260,2,36000,1.00476190476
178323,178331,179488,8,1157,2,36000,1.00691443388
178325,178338,179733,13,1395,2,36000,1.00931899642
178340,178346,179554,6,1208,2,36000,1.00496688742
178341,178353,179650,12,1297,2,36000,1.00925212028
178356,178362,179810,6,1448,2,36000,1.00414364641
178375,178382,179728,7,1346,2,36000,1.00520059435
178377,178389,179928,12,1539,2,36000,1.00779727096
178378,178394,179795,16,1401,2,36000,1.01142041399
178393,178401,179594,8,1193,2,36000,1.00670578374
178395,178408,179567,13,1159,2,36000,1.01121656601
178412,178420,179561,8,1141,2,36000,1.00701139351
178414,178425,179564,11,1139,2,36000,1.00965759438
178458,178465,179575,7,1110,2,36000,1.00630630631
178498,178505,179801,7,1296,2,36000,1.00540123457
178500,178512,179731,12,1219,2,36000,1.00984413454
178501,178517,179730,16,1213,2,36000,1.01319043693
178502,178522,179733,20,1211,2,36000,1.01651527663
178504,178527,179751,23,1224,2,36000,1.01879084967
178797,178804,180099,7,1295,2,36000,1.00540540541
178799,178811,180783,12,1972,2,36000,1.0060851927
178834,178840,180101,6,1261,2,36000,1.00475812847
178835,178847,180228,12,1381,2,36000,1.00868935554
178836,178854,180220,18,1366,2,36000,1.01317715959
178862,178869,180674,7,1805,2,36000,1.00387811634
178863,178875,180095,12,1220,2,36000,1.00983606557
178865,178882,180210,17,1328,2,36000,1.01280120482
178893,178899,180460,6,1561,2,36000,1.00384368994
178894,178917,180441,23,1524,2,36000,1.01509186352
178911,178937,180247,26,1310,2,36000,1.01984732824
178930,178963,180201,33,1238,2,36000,1.02665589661
178931,178974,180314,43,1340,2,36000,1.03208955224
178952,178988,180187,36,1199,2,36000,1.03002502085
178967,179000,180264,33,1264,2,36000,1.02610759494
178983,179044,180276,61,1232,2,36000,1.04951298701
178998,179056,180384,58,1328,2,36000,1.0436746988
179047,179410,180649,363,1239,2,36000,1.29297820823
179051,179422,180799,371,1377,2,36000,1.26942628903
179419,179428,181133,9,1705,2,36000,1.00527859238
179420,179435,180999,15,1564,2,36000,1.00959079284
179422,179440,180802,18,1362,2,36000,1.01321585903
179423,179447,180777,24,1330,2,36000,1.01804511278
179425,179500,180621,75,1121,2,36000,1.06690454951
179426,179566,181104,140,1538,2,36000,1.09102730819
179470,179573,180898,103,1325,2,36000,1.07773584906
179490,179580,180780,90,1200,2,36000,1.075
179491,179585,180901,94,1316,2,36000,1.07142857143
179545,179606,180781,61,1175,2,36000,1.05191489362
179560,179626,180937,66,1311,2,36000,1.05034324943
179561,179741,181099,180,1358,2,36000,1.13254786451
179577,179749,180985,172,1236,2,36000,1.13915857605
179579,179754,181032,175,1278,2,36000,1.13693270736
179580,179759,180836,179,1077,2,36000,1.16620241411
179597,179765,181044,168,1279,2,36000,1.13135261923
179611,179807,180996,196,1189,2,36000,1.16484440706
179627,179814,181487,187,1673,2,36000,1.11177525403
179725,179828,181249,103,1421,2,36000,1.07248416608
179777,179941,181364,164,1423,2,36000,1.11524947294
179778,180068,181974,290,1906,2,36000,1.15215110178
179779,180107,181411,328,1304,2,36000,1.25153374233
179781,180114,182012,333,1898,2,36000,1.17544783983
179793,180119,181960,326,1841,2,36000,1.17707767518
179795,180198,181409,403,1211,2,36000,1.33278282411
179853,180213,181431,360,1218,2,36000,1.29556650246
179854,180222,181614,368,1392,2,36000,1.26436781609
179855,180231,182019,376,1788,2,36000,1.21029082774
179857,180240,181402,383,1162,2,36000,1.32960413081
179946,180259,181415,313,1156,2,36000,1.27076124567
180054,180276,181437,222,1161,2,36000,1.19121447028
180167,180288,181970,121,1682,2,36000,1.07193816885
180168,180330,181998,162,1668,2,36000,1.09712230216
180169,180403,181632,234,1229,2,36000,1.19039869813
180192,180453,181970,261,1517,2,36000,1.17205009888
180207,180474,181970,267,1496,2,36000,1.17847593583
180222,180633,181977,411,1344,2,36000,1.30580357143
180224,180660,181976,436,1316,2,36000,1.33130699088
180242,180741,182032,499,1291,2,36000,1.38652207591
180257,180789,182113,532,1324,2,36000,1.40181268882
180277,180796,182317,519,1521,2,36000,1.34122287968
180278,180801,182041,523,1240,2,36000,1.42177419355
180315,180806,181993,491,1187,2,36000,1.41364785173
180407,180812,182508,405,1696,2,36000,1.23879716981
180471,180820,182061,349,1241,2,36000,1.28122481869
180472,180849,182313,377,1464,2,36000,1.2575136612
180640,180910,182310,270,1400,2,36000,1.19285714286
180661,180917,182109,256,1192,2,36000,1.21476510067
180776,180949,182315,173,1366,2,36000,1.12664714495
180777,180997,182327,220,1330,2,36000,1.16541353383
180779,181008,182538,229,1530,2,36000,1.14967320261
180795,181015,182316,220,1301,2,36000,1.16910069178
180796,181043,182710,247,1667,2,36000,1.14817036593
180814,181057,182622,243,1565,2,36000,1.1552715655
180816,181111,182673,295,1562,2,36000,1.18886043534
180837,181117,182154,280,1037,2,36000,1.2700096432
180900,181145,182789,245,1644,2,36000,1.14902676399
180902,181264,182692,362,1428,2,36000,1.25350140056
180943,181376,182794,433,1418,2,36000,1.3053596615
180992,181415,182797,423,1382,2,36000,1.30607814761
181019,181422,182781,403,1359,2,36000,1.29654157469
181021,181429,182802,408,1373,2,36000,1.29715950473
181038,181434,182791,396,1357,2,36000,1.2918201916
181067,181442,182811,375,1369,2,36000,1.27392257122
181112,181449,182963,337,1514,2,36000,1.22258916777
181113,181499,183172,386,1673,2,36000,1.23072325164
181133,181673,183138,540,1465,2,36000,1.36860068259
181160,181166,181169,6,3,2,3540,1.0
181275,181713,183148,438,1435,2,36000,1.30522648084
181363,181977,183279,614,1302,2,36000,1.47158218126
181406,181983,183364,577,1381,2,36000,1.41781317886
181424,181988,183704,564,1716,2,36000,1.32867132867
181426,181993,183316,567,1323,2,36000,1.42857142857
181427,182000,183209,573,1209,2,36000,1.47394540943
181443,182005,183174,562,1169,2,36000,1.48075278015
181444,182010,183451,566,1441,2,36000,1.39278278973
181487,182017,183208,530,1191,2,36000,1.44500419815
181971,182022,183175,51,1153,2,36000,1.04423243712
181973,182028,183286,55,1258,2,36000,1.04372019078
181974,182036,183336,62,1300,2,36000,1.04769230769
181975,182043,183482,68,1439,2,36000,1.04725503822
181977,182052,183442,75,1390,2,36000,1.05395683453
181978,182073,183444,95,1371,2,36000,1.06929248724
181997,182121,183412,124,1291,2,36000,1.09604957397
181998,182129,183667,131,1538,2,36000,1.08517555267
181999,182167,183660,168,1493,2,36000,1.11252511721
182001,182321,183816,320,1495,2,36000,1.21404682274
182002,182329,183822,327,1493,2,36000,1.21902210315
182017,182334,183680,317,1346,2,36000,1.23551263001
182018,182339,183825,321,1486,2,36000,1.21601615074
182033,182344,184167,311,1823,2,36000,1.17059791552
182048,182350,183792,302,1442,2,36000,1.20943134535
182063,182520,183748,457,1228,2,36000,1.37214983713
182111,182550,183787,439,1237,2,36000,1.354890865
182113,182634,183830,521,1196,2,36000,1.4356187291
182310,182684,184235,374,1551,2,36000,1.24113475177
182312,182704,184455,392,1751,2,36000,1.2238720731
182347,182722,184485,375,1763,2,36000,1.21270561543
182348,182793,183944,445,1151,2,36000,1.38662033015
182350,182800,183955,450,1155,2,36000,1.38961038961
182351,182807,184450,456,1643,2,36000,1.27754108338
182353,182812,184316,459,1504,2,36000,1.30518617021
182526,182819,184533,293,1714,2,36000,1.17094515753
182542,182824,184559,282,1735,2,36000,1.16253602305
182624,182831,184108,207,1277,2,36000,1.16209866875
182672,182976,184473,304,1497,2,36000,1.20307281229
182695,183150,184454,455,1304,2,36000,1.34892638037
182699,182711,183053,12,342,1,3600,1.0350877193
182710,183159,184546,449,1387,2,36000,1.32372025955
182794,183184,184805,390,1621,2,36000,1.24059222702
182795,183191,184573,396,1382,2,36000,1.28654124457
182797,183196,184457,399,1261,2,36000,1.31641554322
182798,183219,184508,421,1289,2,36000,1.32660977502
182856,183227,184480,371,1253,2,36000,1.29608938547
182858,183291,184537,433,1246,2,36000,1.34751203852
182859,183298,185097,439,1799,2,36000,1.24402445803
182973,183328,184476,355,1148,2,36000,1.30923344948
183148,183348,184536,200,1188,2,36000,1.16835016835
183149,183401,185093,252,1692,2,36000,1.14893617021
183172,183423,184909,251,1486,2,36000,1.16890982503
183189,183462,185098,273,1636,2,36000,1.16687041565
183190,183467,184648,277,1181,2,36000,1.23454699407
183209,183473,184771,264,1298,2,36000,1.20338983051
183210,183518,184982,308,1464,2,36000,1.21038251366
183264,183270,183827,6,557,1,3600,1.01077199282
183279,183673,185099,394,1426,2,36000,1.2762973352
183301,183680,184948,379,1268,2,36000,1.29889589905
183329,183715,185041,386,1326,2,36000,1.29110105581
183352,183720,185066,368,1346,2,36000,1.27340267459
183409,183760,185102,351,1342,2,36000,1.26154992548
183430,183798,185120,368,1322,2,36000,1.27836611195
183678,183805,185096,127,1291,2,36000,1.09837335399
183680,183828,185092,148,1264,2,36000,1.11708860759
183681,183835,185094,154,1259,2,36000,1.12231930103
183682,183841,185075,159,1234,2,36000,1.12884927066
183684,183847,185101,163,1254,2,36000,1.12998405104
183685,183956,185850,271,1894,2,36000,1.14308342133
183709,183967,185685,258,1718,2,36000,1.15017462165
183710,184123,185465,413,1342,2,36000,1.30774962742
183751,184184,185387,433,1203,2,36000,1.35993349958
183787,184248,185491,461,1243,2,36000,1.3708769107
183803,184328,185723,525,1395,2,36000,1.37634408602
183820,184461,185862,641,1401,2,36000,1.45753033547
183835,184468,186237,633,1769,2,36000,1.35782928208
183837,184473,185888,636,1415,2,36000,1.44946996466
183838,184479,185992,641,1513,2,36000,1.42366159947
183945,184486,185910,541,1424,2,36000,1.37991573034
184107,184493,185760,386,1267,2,36000,1.3046566693
184109,184498,185929,389,1431,2,36000,1.27183787561
184180,184505,186332,325,1827,2,36000,1.17788724685
184256,184520,186306,264,1786,2,36000,1.14781634938
184294,184302,185353,8,1051,1,3600,1.00761179829
184450,184544,185797,94,1253,2,36000,1.07501995211
184470,184552,185936,82,1384,2,36000,1.05924855491
184471,184557,186306,86,1749,2,36000,1.04917095483
184472,184563,186411,91,1848,2,36000,1.04924242424
184474,184572,185847,98,1275,2,36000,1.0768627451
184489,184585,185961,96,1376,2,36000,1.06976744186
184490,184664,186195,174,1531,2,36000,1.11365120836
184492,184788,186321,296,1533,2,36000,1.19308545336
184493,184818,186205,325,1387,2,36000,1.2343186734
184508,184922,186124,414,1202,2,36000,1.34442595674
184533,184960,186382,427,1422,2,36000,1.30028129395
184550,184993,186307,443,1314,2,36000,1.33713850837
184552,185052,186419,500,1367,2,36000,1.3657644477
184553,185079,186779,526,1700,2,36000,1.30941176471
184568,185089,186807,521,1718,2,36000,1.30325960419
184583,185104,186212,521,1108,2,36000,1.4702166065
184648,185111,186280,463,1169,2,36000,1.39606501283
184773,185116,186395,343,1279,2,36000,1.26817826427
184828,185121,186726,293,1605,2,36000,1.18255451713
184922,185127,186305,205,1178,2,36000,1.1740237691
184967,185132,186472,165,1340,2,36000,1.12313432836
185089,185137,186412,48,1275,2,36000,1.03764705882
185091,185144,186559,53,1415,2,36000,1.03745583039
185093,185149,186386,56,1237,2,36000,1.04527081649
185095,185154,186655,59,1501,2,36000,1.03930712858
185119,185398,186644,279,1246,2,36000,1.22391653291
185120,185480,187337,360,1857,2,36000,1.19386106624
185122,185503,186611,381,1108,2,36000,1.34386281588
185123,185632,186647,509,1015,2,36000,1.50147783251
185124,185637,186867,513,1230,2,36000,1.41707317073
185126,185642,186934,516,1292,2,36000,1.39938080495
185127,185647,187510,520,1863,2,36000,1.27911969941
185128,185653,186937,525,1284,2,36000,1.40887850467
185130,185658,186969,528,1311,2,36000,1.40274599542
185131,185663,186940,532,1277,2,36000,1.41660140955
185389,185668,186923,279,1255,2,36000,1.22231075697
185479,185673,188201,194,2528,2,36000,1.07674050633
185497,185679,187082,182,1403,2,36000,1.12972202423
185686,185698,187100,12,1402,2,36000,1.00855920114
185756,185763,186981,7,1218,2,36000,1.00574712644
185772,185778,187064,6,1286,2,36000,1.00466562986
185799,185809,187109,10,1300,2,36000,1.00769230769
185848,185858,187174,10,1316,2,36000,1.00759878419
185864,185870,187350,6,1480,2,36000,1.00405405405
185865,185877,187110,12,1233,2,36000,1.0097323601
185890,185901,187352,11,1451,2,36000,1.00758097864
185936,185942,187228,6,1286,2,36000,1.00466562986
185937,185948,187617,11,1669,2,36000,1.00659077292
185975,185981,187536,6,1555,2,36000,1.0038585209
185976,185988,187369,12,1381,2,36000,1.00868935554
186014,186021,187988,7,1967,2,36000,1.00355871886
186138,186144,187556,6,1412,2,36000,1.00424929178
186231,186237,187412,6,1175,2,36000,1.00510638298
186232,186243,187513,11,1270,2,36000,1.00866141732
186234,186249,187624,15,1375,2,36000,1.01090909091
186236,186255,187941,19,1686,2,36000,1.01126927639
186302,186308,188414,6,2106,2,36000,1.00284900285
186381,186387,188386,6,1999,2,36000,1.00300150075
186382,186393,187984,11,1591,2,36000,1.00691389063
186384,186398,188333,14,1935,2,36000,1.00723514212
186385,186404,187619,19,1215,2,36000,1.01563786008
186387,186409,187979,22,1570,2,36000,1.01401273885
186388,186416,188422,28,2006,2,36000,1.01395812562
186426,186433,187574,7,1141,2,36000,1.00613496933
186427,186444,186666,17,222,1,3600,1.07657657658
186428,186439,187844,11,1405,2,36000,1.00782918149
186429,186450,187614,21,1164,2,36000,1.01804123711
186430,186455,187784,25,1329,2,36000,1.01881113619
186432,186461,188304,29,1843,2,36000,1.01573521432
186433,186466,188433,33,1967,2,36000,1.01677681749
186474,186484,187736,10,1252,2,36000,1.00798722045
186569,186575,187697,6,1122,2,36000,1.00534759358
186611,186622,187975,11,1353,2,36000,1.0081300813
186671,186677,188125,6,1448,2,36000,1.00414364641
186673,186684,187776,11,1092,2,36000,1.01007326007
186674,186690,187711,16,1021,2,36000,1.01567091087
186730,186738,188304,8,1566,2,36000,1.00510855683
186796,186802,188051,6,1249,2,36000,1.00480384307
186820,186826,188416,6,1590,2,36000,1.00377358491
186867,186879,188383,12,1504,2,36000,1.0079787234
186938,186945,188934,7,1989,2,36000,1.00351935646
186940,186953,188419,13,1466,2,36000,1.00886766712
186941,186958,188217,17,1259,2,36000,1.01350277998
186971,186977,187551,6,574,1,3600,1.01045296167
186972,186984,188384,12,1400,2,36000,1.00857142857
186974,186989,188383,15,1394,2,36000,1.01076040172
187019,187025,188431,6,1406,2,36000,1.00426742532
187066,187076,188547,10,1471,2,36000,1.00679809653
187090,187096,188332,6,1236,2,36000,1.00485436893
187121,187127,188525,6,1398,2,36000,1.00429184549
187122,187133,188420,11,1287,2,36000,1.00854700855
187124,187138,188990,14,1852,2,36000,1.00755939525
187175,187186,188716,11,1530,2,36000,1.00718954248
187231,187241,189284,10,2043,2,36000,1.0048947626
187343,187350,188548,7,1198,2,36000,1.00584307179
187382,187389,188687,7,1298,2,36000,1.00539291217
187384,187395,188690,11,1295,2,36000,1.00849420849
187385,187400,189046,15,1646,2,36000,1.00911300122
187416,187423,187739,7,316,1,3600,1.02215189873
187433,187439,189101,6,1662,2,36000,1.0036101083
187535,187541,188873,6,1332,2,36000,1.0045045045
187536,187549,188975,13,1426,2,36000,1.00911640954
187574,187580,189276,6,1696,2,36000,1.00353773585
187575,187586,189294,11,1708,2,36000,1.00644028103
187609,187615,188775,6,1160,2,36000,1.00517241379
187679,187686,189110,7,1424,2,36000,1.00491573034
187680,187692,189199,12,1507,2,36000,1.00796284008
187682,187698,189181,16,1483,2,36000,1.01078894134
187683,187703,189205,20,1502,2,36000,1.01331557923
187700,187710,189217,10,1507,2,36000,1.00663570007
187724,187731,189278,7,1547,2,36000,1.00452488688
187742,187748,189214,6,1466,2,36000,1.00409276944
187775,187788,189247,13,1459,2,36000,1.00891021247
187790,187797,189752,7,1955,2,36000,1.00358056266
187845,187855,189264,10,1409,2,36000,1.00709723208
187927,187933,188550,6,617,1,3600,1.00972447326
187939,187952,189245,13,1293,2,36000,1.01005413766
187997,188003,189312,6,1309,2,36000,1.00458365164
187999,188009,189300,10,1291,2,36000,1.00774593338
188000,188014,189164,14,1150,2,36000,1.01217391304
188001,188020,189380,19,1360,2,36000,1.01397058824
188133,188139,189452,6,1313,1,3600,1.00456968774
188347,188354,189756,7,1402,2,36000,1.00499286733
188412,188418,189746,6,1328,2,36000,1.00451807229
188414,188424,190261,10,1837,2,36000,1.00544365814
188416,188430,189757,14,1327,2,36000,1.01055011304
188417,188435,189691,18,1256,2,36000,1.01433121019
188419,188440,189801,21,1361,2,36000,1.01542983101
188489,188495,190071,6,1576,2,36000,1.0038071066
188490,188502,189854,12,1352,2,36000,1.00887573964
188492,188507,190538,15,2031,2,36000,1.00738552437
188493,188513,189808,20,1295,2,36000,1.01544401544
188494,188518,189807,24,1289,2,36000,1.01861908456
188495,188523,189754,28,1231,2,36000,1.02274573517
188497,188530,189845,33,1315,2,36000,1.02509505703
188498,188535,189901,37,1366,2,36000,1.0270863836
188499,188540,189751,41,1211,2,36000,1.03385631709
188501,188545,189853,44,1308,2,36000,1.03363914373
188502,188550,189856,48,1306,2,36000,1.03675344564
188503,188556,190687,53,2131,2,36000,1.0248709526
188505,188561,190641,56,2080,2,36000,1.02692307692
188526,188568,189962,42,1394,2,36000,1.03012912482
188548,188573,190572,25,1999,2,36000,1.01250625313
188549,188578,189915,29,1337,2,36000,1.02169035153
188720,188726,190039,6,1313,2,36000,1.00456968774
188721,188732,190354,11,1622,2,36000,1.00678175092
188722,188738,189887,16,1149,2,36000,1.01392515231
188900,188906,190638,6,1732,2,36000,1.00346420323
188901,188912,190426,11,1514,2,36000,1.0072655218
188984,188991,190951,7,1960,2,36000,1.00357142857
188986,188997,190600,11,1603,2,36000,1.0068621335
189013,189019,190471,6,1452,2,36000,1.0041322314
189053,189060,190618,7,1558,2,36000,1.00449293967
189105,189113,190564,8,1451,2,36000,1.00551343901
189126,189132,190583,6,1451,2,36000,1.00413507926
189166,189175,190752,9,1577,2,36000,1.00570703868
189182,189192,191063,10,1871,2,36000,1.00534473544
189190,189199,190114,9,915,1,3600,1.00983606557
189200,189210,190613,10,1403,2,36000,1.00712758375
189215,189221,190775,6,1554,2,36000,1.00386100386
189217,189228,190530,11,1302,2,36000,1.00844854071
189232,189238,190676,6,1438,2,36000,1.00417246175
189247,189257,190681,10,1424,2,36000,1.00702247191
189248,189264,191192,16,1928,2,36000,1.00829875519
189266,189276,191030,10,1754,2,36000,1.00570125428
189281,189290,190598,9,1308,2,36000,1.00688073394
189283,189295,190668,12,1373,2,36000,1.00873998543
189335,189341,190648,6,1307,2,36000,1.00459066565
189336,189347,191106,11,1759,2,36000,1.00625355316
189337,189352,190757,15,1405,2,36000,1.01067615658
189339,189358,190765,19,1407,2,36000,1.01350390903
189396,189403,190979,7,1576,2,36000,1.00444162437
189807,189813,191035,6,1222,2,36000,1.00490998363
189808,189819,191093,11,1274,2,36000,1.00863422292
189810,189824,191104,14,1280,2,36000,1.0109375
189844,189851,191143,7,1292,2,36000,1.00541795666
189846,189858,191159,12,1301,2,36000,1.0092236741
189847,189863,191213,16,1350,2,36000,1.01185185185
189848,189868,191314,20,1446,2,36000,1.01383125864
189850,189874,191221,24,1347,2,36000,1.01781737194
189916,189922,191823,6,1901,2,36000,1.00315623356
189918,189929,191211,11,1282,2,36000,1.00858034321
189919,189934,191564,15,1630,2,36000,1.00920245399
189920,189939,191246,19,1307,2,36000,1.01453710788
189922,189944,191507,22,1563,2,36000,1.01407549584
189923,189951,191369,28,1418,2,36000,1.0197461213
189924,189956,191717,32,1761,2,36000,1.01817149347
189926,189961,191134,35,1173,2,36000,1.02983802217
189927,189966,191317,39,1351,2,36000,1.02886750555
189965,189975,191906,10,1931,2,36000,1.0051786639
190044,190050,191961,6,1911,2,36000,1.00313971743
190069,190083,192002,14,1919,2,36000,1.00729546639
190290,190296,192047,6,1751,2,36000,1.00342661336
190374,190381,192165,7,1784,2,36000,1.00392376682
190430,190438,191632,8,1194,2,36000,1.0067001675
190487,190494,191942,7,1448,2,36000,1.00483425414
190532,190542,191833,10,1291,2,36000,1.00774593338
190565,190571,192056,6,1485,2,36000,1.00404040404
190566,190579,191984,13,1405,2,36000,1.00925266904
190585,190591,192564,6,1973,2,36000,1.00304105423
190587,190603,190724,16,121,1,1800,1.13223140496
190587,190598,192559,11,1961,2,36000,1.00560938297
190606,190612,193159,6,2547,2,36000,1.0023557126
190608,190619,191974,11,1355,2,36000,1.00811808118
190627,190634,192284,7,1650,2,36000,1.00424242424
190628,190640,192747,12,2107,2,36000,1.00569530138
190643,190649,191917,6,1268,2,36000,1.0047318612
190644,190657,191988,13,1331,2,36000,1.00976709241
190659,190665,192116,6,1451,2,36000,1.00413507926
190674,190682,192589,8,1907,2,36000,1.00419507079
190689,190696,192014,7,1318,2,36000,1.00531107739
190691,190703,192147,12,1444,2,36000,1.00831024931
190692,190708,192814,16,2106,2,36000,1.00759734093
190753,190765,192063,12,1298,2,36000,1.0092449923
190861,190867,191957,6,1090,2,36000,1.00550458716
190862,190874,192078,12,1204,2,36000,1.00996677741
190864,190879,192127,15,1248,2,36000,1.01201923077
190979,190986,192548,7,1562,2,36000,1.00448143406
190981,190993,192924,12,1931,2,36000,1.00621439669
191042,191049,192786,7,1737,2,36000,1.00402993667
191044,191055,192619,11,1564,2,36000,1.00703324808
191069,191076,192578,7,1502,2,36000,1.00466045273
191098,191104,192595,6,1491,2,36000,1.00402414487
191124,191131,191347,7,216,1,1800,1.03240740741
191130,191137,193112,7,1975,2,36000,1.0035443038
191133,191144,192560,11,1416,2,36000,1.00776836158
191154,191161,192579,7,1418,2,36000,1.00493653032
191155,191167,192748,12,1581,2,36000,1.00759013283
191173,191180,192611,7,1431,2,36000,1.00489168414
191217,191223,192630,6,1407,2,36000,1.00426439232
191218,191230,192608,12,1378,2,36000,1.00870827286
191220,191235,193441,15,2206,2,36000,1.00679963735
191249,191255,192597,6,1342,2,36000,1.0044709389
191250,191262,192609,12,1347,2,36000,1.00890868597
191320,191328,192674,8,1346,2,36000,1.0059435364
191322,191335,192607,13,1272,2,36000,1.01022012579
191370,191381,192891,11,1510,2,36000,1.00728476821
191557,191564,193408,7,1844,2,36000,1.00379609544
191576,191582,192836,6,1254,2,36000,1.004784689
191663,191669,191894,6,225,1,3600,1.02666666667
191674,191682,192859,8,1177,2,36000,1.00679694138
191721,191729,193030,8,1301,2,36000,1.00614911606
191824,191835,193193,11,1358,2,36000,1.00810014728
191879,191886,193223,7,1337,2,36000,1.00523560209
191916,191923,193232,7,1309,2,36000,1.00534759358
191939,191946,193400,7,1454,2,36000,1.00481430536
191967,191974,193695,7,1721,2,36000,1.00406740267
191968,191979,193389,11,1410,2,36000,1.00780141844
191970,191987,193397,17,1410,2,36000,1.01205673759
191987,191993,193650,6,1657,2,36000,1.00362100181
191988,192000,193800,12,1800,2,36000,1.00666666667
192003,192010,194002,7,1992,2,36000,1.00351405622
192005,192017,193399,12,1382,2,36000,1.00868306802
192022,192029,193402,7,1373,2,36000,1.00509832484
192046,192059,193576,13,1517,2,36000,1.00856954515
192062,192068,193453,6,1385,2,36000,1.00433212996
192077,192083,193374,6,1291,2,36000,1.00464756003
192092,192098,193490,6,1392,2,36000,1.00431034483
192116,192132,193404,16,1272,2,36000,1.01257861635
192118,192125,192721,7,596,1,3600,1.01174496644
192131,192143,192912,12,769,1,1800,1.0156046814
192131,192138,193969,7,1831,2,36000,1.00382304752
192147,192159,193878,12,1719,2,36000,1.00698080279
192162,192177,193373,15,1196,2,36000,1.01254180602
192597,192603,194474,6,1871,2,36000,1.00320684126
192613,192621,194046,8,1425,2,36000,1.00561403509
192615,192628,194132,13,1504,2,36000,1.00864361702
192616,192633,193905,17,1272,2,36000,1.01336477987
192618,192638,193949,20,1311,2,36000,1.01525553013
192619,192643,194058,24,1415,2,36000,1.01696113074
192621,192649,194193,28,1544,2,36000,1.01813471503
192622,192656,194253,34,1597,2,36000,1.0212899186
192623,192661,194190,38,1529,2,36000,1.024852845
192625,192666,194198,41,1532,2,36000,1.02676240209
192727,192733,193944,6,1211,2,36000,1.00495458299
192728,192740,194776,12,2036,2,36000,1.00589390963
192730,192745,193955,15,1210,2,36000,1.01239669421
192731,192750,194271,19,1521,2,36000,1.01249178172
192732,192755,194076,23,1321,2,36000,1.01741105223
192734,192761,194229,27,1468,2,36000,1.01839237057
192735,192768,194154,33,1386,2,36000,1.02380952381
192757,192773,194416,16,1643,2,36000,1.00973828363
192758,192778,194709,20,1931,2,36000,1.01035732781
192790,192799,194362,9,1563,2,36000,1.00575815739
192815,192827,194185,12,1358,2,36000,1.0088365243
192836,192848,194423,12,1575,2,36000,1.00761904762
192861,192871,194569,10,1698,2,36000,1.00588928151
192891,192904,194859,13,1955,2,36000,1.00664961637
192944,192951,194215,7,1264,2,36000,1.00553797468
193045,193052,194274,7,1222,2,36000,1.00572831424
193193,193201,194667,8,1466,2,36000,1.00545702592
193195,193206,194418,11,1212,2,36000,1.00907590759
193196,193212,194559,16,1347,2,36000,1.01187824796
193245,193252,194751,7,1499,2,36000,1.00466977985
193246,193259,194836,13,1577,2,36000,1.00824350032
193386,193392,194238,6,846,1,3600,1.00709219858
193397,193403,194787,6,1384,2,36000,1.00433526012
193398,193410,194638,12,1228,2,36000,1.00977198697
193400,193415,194722,15,1307,2,36000,1.01147666412
193431,193438,194723,7,1285,2,36000,1.00544747082
193433,193444,195033,11,1589,2,36000,1.00692259283
193434,193450,194685,16,1235,2,36000,1.01295546559
193435,193455,194800,20,1345,2,36000,1.01486988848
193437,193460,194732,23,1272,2,36000,1.01808176101
193438,193465,194971,27,1506,2,36000,1.01792828685
193469,193477,194881,8,1404,2,36000,1.0056980057
193471,193482,195526,11,2044,2,36000,1.0053816047
193491,193502,194808,11,1306,2,36000,1.00842266462
193578,193589,195079,11,1490,2,36000,1.00738255034
193659,193665,195335,6,1670,2,36000,1.00359281437
193659,193670,194053,11,383,1,1800,1.02872062663
193733,193740,195745,7,2005,2,36000,1.00349127182
193802,193812,195522,10,1710,2,36000,1.00584795322
193901,193908,196067,7,2159,2,36000,1.00324224178
193943,193949,195113,6,1164,2,36000,1.00515463918
193983,193989,195617,6,1628,2,36000,1.00368550369
193985,193995,195387,10,1392,2,36000,1.00718390805
193986,194000,195491,14,1491,2,36000,1.00938967136
193987,194006,195504,19,1498,2,36000,1.0126835781
194044,194051,196153,7,2102,2,36000,1.00333016175
194075,194081,195834,6,1753,2,36000,1.00342270394
194076,194088,195560,12,1472,2,36000,1.00815217391
194078,194093,195441,15,1348,2,36000,1.01112759644
194141,194148,196045,7,1897,2,36000,1.0036900369
194167,194175,195529,8,1354,2,36000,1.0059084195
194187,194197,195632,10,1435,2,36000,1.00696864111
194211,194218,195709,7,1491,2,36000,1.00469483568
194213,194224,195787,11,1563,2,36000,1.00703774792
194214,194229,195698,15,1469,2,36000,1.01021102791
194230,194236,196068,6,1832,2,36000,1.00327510917
194231,194243,195582,12,1339,2,36000,1.00896191187
194253,194265,195528,12,1263,2,36000,1.00950118765
194272,194283,195894,11,1611,2,36000,1.00682805711
194289,194295,195853,6,1558,2,36000,1.00385109114
194396,194403,195573,7,1170,2,36000,1.00598290598
194428,194434,195554,6,1120,2,36000,1.00535714286
194430,194442,196336,12,1894,2,36000,1.00633579725
194431,194447,195660,16,1213,2,36000,1.01319043693
194477,194485,195781,8,1296,2,36000,1.00617283951
194521,194527,194941,6,414,1,1800,1.01449275362
194606,194613,195773,7,1160,2,36000,1.00603448276
194608,194620,196124,12,1504,2,36000,1.0079787234
194657,194663,196839,6,2176,2,36000,1.00275735294
194674,194682,196400,8,1718,2,36000,1.00465657742
194693,194700,196174,7,1474,2,36000,1.00474898236
194732,194739,195977,7,1238,2,36000,1.0056542811
194733,194746,196334,13,1588,2,36000,1.00818639798
194735,194751,196041,16,1290,2,36000,1.01240310078
194736,194756,196335,20,1579,2,36000,1.01266624446
194797,194804,195939,7,1135,2,36000,1.00616740088
194799,194811,196363,12,1552,2,36000,1.00773195876
194800,194816,196721,16,1905,2,36000,1.00839895013
194879,194885,196362,6,1477,2,36000,1.00406228842
194880,194891,196364,11,1473,2,36000,1.00746775289
194882,194896,196161,14,1265,2,36000,1.01106719368
194883,194902,196767,19,1865,2,36000,1.01018766756
194901,194909,196335,8,1426,2,36000,1.00561009818
194972,194983,196244,11,1261,2,36000,1.00872323553
195035,195044,196936,9,1892,2,36000,1.00475687104
195080,195091,196726,11,1635,2,36000,1.00672782875
195138,195146,196738,8,1592,2,36000,1.00502512563
195354,195361,197129,7,1768,2,36000,1.00395927602
195409,195415,196816,6,1401,2,36000,1.00428265525
195449,195455,197592,6,2137,2,36000,1.00280767431
195535,195542,196939,7,1397,2,36000,1.00501073729
195536,195548,197302,12,1754,2,36000,1.00684150513
195537,195553,196999,16,1446,2,36000,1.01106500692
195539,195558,196739,19,1181,2,36000,1.01608806097
195541,195563,197022,22,1459,2,36000,1.01507882111
195542,195569,196953,27,1384,2,36000,1.01950867052
195565,195576,195656,11,80,1,1800,1.1375
195585,195591,196923,6,1332,2,36000,1.0045045045
195587,195598,197002,11,1404,2,36000,1.00783475783
195588,195603,197127,15,1524,2,36000,1.00984251969
195590,195608,197111,18,1503,2,36000,1.0119760479
195628,195634,197142,6,1508,2,36000,1.00397877984
195643,195650,197112,7,1462,2,36000,1.0047879617
195662,195668,197477,6,1809,2,36000,1.00331674959
195699,195705,197105,6,1400,2,36000,1.00428571429
195714,195720,196979,6,1259,2,36000,1.00476568705
195745,195752,197654,7,1902,2,36000,1.00368033649
195798,195804,196928,6,1124,1,1800,1.00533807829
195822,195829,197157,7,1328,2,36000,1.00527108434
195823,195835,197724,12,1889,2,36000,1.0063525675
195825,195840,197190,15,1350,2,36000,1.01111111111
195846,195852,197412,6,1560,2,36000,1.00384615385
195887,195893,197696,6,1803,2,36000,1.00332778702
195902,195910,197647,8,1737,2,36000,1.00460564191
195942,195950,197252,8,1302,2,36000,1.00614439324
195997,196005,197268,8,1263,2,36000,1.0063341251
196035,196042,196305,7,263,1,1800,1.02661596958
196046,196053,197559,7,1506,2,36000,1.00464807437
196047,196060,197704,13,1644,2,36000,1.00790754258
196105,196113,198110,8,1997,2,36000,1.00400600901
196107,196120,197486,13,1366,2,36000,1.00951683748
196137,196144,197737,7,1593,2,36000,1.00439422473
196327,196334,197691,7,1357,2,36000,1.00515843773
196329,196340,197777,11,1437,2,36000,1.00765483646
196331,196345,198300,14,1955,2,36000,1.00716112532
196332,196351,197547,19,1196,2,36000,1.01588628763
196352,196360,197826,8,1466,2,36000,1.00545702592
196354,196365,197837,11,1472,2,36000,1.00747282609
196355,196372,197651,17,1279,2,36000,1.01329163409
196356,196377,198156,21,1779,2,36000,1.01180438449
196377,196384,197808,7,1424,2,36000,1.00491573034
196378,196390,198323,12,1933,2,36000,1.00620796689
196380,196395,198294,15,1899,2,36000,1.00789889415
196401,196409,197652,8,1243,2,36000,1.00643604183
196742,196748,198146,6,1398,2,36000,1.00429184549
196743,196754,197978,11,1224,2,36000,1.0089869281
196745,196759,198644,14,1885,2,36000,1.0074270557
196746,196767,198448,21,1681,2,36000,1.01249256395
196817,196823,198237,6,1414,2,36000,1.00424328147
196818,196830,198320,12,1490,2,36000,1.00805369128
196853,196859,198310,6,1451,2,36000,1.00413507926
196931,196937,198383,6,1446,2,36000,1.00414937759
196956,196962,198232,6,1270,2,36000,1.00472440945
196958,196969,198922,11,1953,2,36000,1.00563236047
196959,196974,198700,15,1726,2,36000,1.00869061414
197001,197009,198649,8,1640,2,36000,1.00487804878
197003,197016,198319,13,1303,2,36000,1.00997697621
197004,197021,199101,17,2080,2,36000,1.00817307692
197071,197078,198588,7,1510,2,36000,1.00463576159
197106,197112,198845,6,1733,2,36000,1.00346220427
197122,197129,199044,7,1915,2,36000,1.00365535248
197124,197136,199049,12,1913,2,36000,1.00627286984
197139,197146,199096,7,1950,2,36000,1.00358974359
197140,197152,198555,12,1403,2,36000,1.0085531005
197156,197162,198891,6,1729,2,36000,1.003470214
197157,197169,198972,12,1803,2,36000,1.00665557404
197191,197198,198488,7,1290,2,36000,1.00542635659
197262,197268,198945,6,1677,2,36000,1.00357781753
197292,197298,199090,6,1792,2,36000,1.00334821429
197338,197344,198490,6,1146,2,36000,1.00523560209
197434,197440,199242,6,1802,2,36000,1.00332963374
197485,197492,199048,7,1556,2,36000,1.00449871465
197486,197499,198564,13,1065,2,36000,1.01220657277
197518,197525,198327,7,802,1,1800,1.00872817955
197557,197563,198836,6,1273,2,36000,1.00471327573
197593,197600,199038,7,1438,2,36000,1.00486787204
197595,197607,199076,12,1469,2,36000,1.00816882233
197682,197689,198940,7,1251,2,36000,1.00559552358
197683,197696,199442,13,1746,2,36000,1.00744558992
197684,197701,199105,17,1404,2,36000,1.01210826211
197686,197706,198979,20,1273,2,36000,1.01571091909
197726,197732,199321,6,1589,2,36000,1.00377595972
197727,197739,199205,12,1466,2,36000,1.00818553888
197729,197744,198999,15,1255,2,36000,1.01195219124
197730,197749,199288,19,1539,2,36000,1.01234567901
197771,197778,199212,7,1434,2,36000,1.00488145049
197786,197792,199144,6,1352,2,36000,1.00443786982
197811,197818,199171,7,1353,2,36000,1.0051736881
197828,197834,199777,6,1943,2,36000,1.00308800823
197843,197851,199230,8,1379,2,36000,1.00580130529
197981,197988,199767,7,1779,2,36000,1.00393479483
198112,198119,199769,7,1650,2,36000,1.00424242424
198157,198163,200149,6,1986,2,36000,1.00302114804
198159,198170,199328,11,1158,2,36000,1.00949913644
198318,198324,199785,6,1461,2,36000,1.00410677618
198319,198330,199894,11,1564,2,36000,1.00703324808
198320,198335,200654,15,2319,2,36000,1.0064683053
198322,198340,199835,18,1495,2,36000,1.01204013378
198323,198346,200190,23,1844,2,36000,1.01247288503
198365,198371,199784,6,1413,2,36000,1.0042462845
198367,198378,199787,11,1409,2,36000,1.00780695529
198368,198383,199947,15,1564,2,36000,1.00959079284
198393,198399,199900,6,1501,2,36000,1.00399733511
198483,198490,200616,7,2126,2,36000,1.0032925682
198499,198505,199947,6,1442,2,36000,1.00416088766
198500,198511,200030,11,1519,2,36000,1.00724160632
198560,198567,199872,7,1305,2,36000,1.00536398467
198577,198583,199923,6,1340,2,36000,1.00447761194
198593,198599,200032,6,1433,2,36000,1.00418702024
198703,198710,200611,7,1901,2,36000,1.00368227249
198704,198717,200120,13,1403,2,36000,1.00926585887
198705,198722,200031,17,1309,2,36000,1.01298701299
198849,198855,200578,6,1723,2,36000,1.00348229832
198850,198862,200037,12,1175,2,36000,1.01021276596
198900,198907,200143,7,1236,2,36000,1.00566343042
198927,198933,200591,6,1658,2,36000,1.00361881785
198943,198950,200555,7,1605,2,36000,1.00436137072
198968,198974,200664,6,1690,2,36000,1.00355029586
199079,199085,200477,6,1392,2,36000,1.00431034483
199081,199092,200528,11,1436,2,36000,1.00766016713
199089,199099,200670,10,1571,2,36000,1.00636537237
199090,199104,200806,14,1702,2,36000,1.00822561692
199092,199109,201020,17,1911,2,36000,1.00889586604
199093,199116,200494,23,1378,2,36000,1.01669085631
199094,199121,200563,27,1442,2,36000,1.01872399445
199096,199126,200568,30,1442,2,36000,1.02080443828
199166,199173,200875,7,1702,2,36000,1.00411280846
199167,199180,200590,13,1410,2,36000,1.00921985816
199169,199185,200577,16,1392,2,36000,1.01149425287
199171,199190,201001,19,1811,2,36000,1.01049144119
199172,199195,200797,23,1602,2,36000,1.01435705368
199192,199203,201023,11,1820,2,36000,1.00604395604
199197,199226,231635,29,32409,8,32400,1.00089481317
199212,199219,200555,7,1336,2,36000,1.00523952096
199213,199231,200671,18,1440,2,36000,1.0125
199232,199241,200553,9,1312,2,36000,1.0068597561
199246,199253,213669,7,14416,8,14400,1.00048557159
199247,199258,200605,11,1347,2,36000,1.00816629547
199289,199300,200579,11,1279,2,36000,1.00860046912
199321,199333,200551,12,1218,2,36000,1.00985221675
199336,199342,200783,6,1441,2,36000,1.00416377516
199539,199546,199735,7,189,1,1800,1.03703703704
199786,199792,201252,6,1460,2,36000,1.00410958904
199787,199799,201656,12,1857,2,36000,1.00646203554
199788,199804,201412,16,1608,2,36000,1.00995024876
199790,199809,201495,19,1686,2,36000,1.01126927639
199791,199814,201483,23,1669,2,36000,1.01378070701
199793,199820,201125,27,1305,2,36000,1.02068965517
199794,199827,201425,33,1598,2,36000,1.02065081352
199859,199867,201280,8,1413,2,36000,1.00566171267
199886,199892,201233,6,1341,2,36000,1.00447427293
199903,199909,201593,6,1684,2,36000,1.00356294537
199905,199916,201257,11,1341,2,36000,1.00820283371
199923,199935,201264,12,1329,2,36000,1.00902934537
199948,199959,201365,11,1406,2,36000,1.00782361309
199949,199964,201373,15,1409,2,36000,1.01064584812
200039,200045,201727,6,1682,2,36000,1.00356718193
200040,200053,201566,13,1513,2,36000,1.00859220093
200041,200058,201392,17,1334,2,36000,1.01274362819
200043,200063,201896,20,1833,2,36000,1.01091107474
200134,200142,201839,8,1697,2,36000,1.00471420153
200163,200170,201567,7,1397,2,36000,1.00501073729
200164,200175,201449,11,1274,2,36000,1.00863422292
200171,200182,200472,11,290,1,1800,1.03793103448
200405,200413,202214,8,1801,2,36000,1.00444197668
200493,200499,201991,6,1492,2,36000,1.00402144772
200522,200528,202645,6,2117,2,36000,1.00283419934
200545,200552,202572,7,2020,2,36000,1.00346534653
200594,200600,201964,6,1364,2,36000,1.00439882698
200596,200607,202051,11,1444,2,36000,1.00761772853
200597,200612,201817,15,1205,2,36000,1.01244813278
200598,200617,201701,19,1084,2,36000,1.01752767528
200600,200622,201990,22,1368,2,36000,1.01608187135
200601,200629,201886,28,1257,2,36000,1.02227525855
200603,200634,202417,31,1783,2,36000,1.01738642737
200604,200639,202269,35,1630,2,36000,1.02147239264
200605,200644,202178,39,1534,2,36000,1.02542372881
200607,200649,201897,42,1248,2,36000,1.03365384615
200608,200655,202179,47,1524,2,36000,1.03083989501
200638,200661,202361,23,1700,2,36000,1.01352941176
200640,200666,202001,26,1335,2,36000,1.01947565543
200641,200672,201972,31,1300,2,36000,1.02384615385
200663,200679,201928,16,1249,2,36000,1.0128102482
200665,200684,202639,19,1955,2,36000,1.00971867008
200683,200691,202190,8,1499,2,36000,1.00533689126
200685,200696,202050,11,1354,2,36000,1.00812407681
200784,200794,202551,10,1757,2,36000,1.00569151964
200799,200809,202139,10,1330,2,36000,1.00751879699
200815,200822,202176,7,1354,2,36000,1.00516986706
200896,200902,202216,6,1314,2,36000,1.00456621005
201000,201013,202709,13,1696,2,36000,1.00766509434
201028,201034,202607,6,1573,2,36000,1.00381436745
201029,201042,202313,13,1271,2,36000,1.0102281668
201151,201158,202364,7,1206,2,36000,1.00580431177
201267,201275,202553,8,1278,2,36000,1.00625978091
201269,201282,202606,13,1324,2,36000,1.00981873112
201270,201287,203406,17,2119,2,36000,1.00802265219
201271,201292,202934,21,1642,2,36000,1.01278928136
201390,201398,202636,8,1238,2,36000,1.00646203554
201392,201405,202936,13,1531,2,36000,1.00849118223
201393,201410,203063,17,1653,2,36000,1.01028433152
201426,201434,202961,8,1527,2,36000,1.00523903078
201428,201440,202635,12,1195,2,36000,1.010041841
201429,201446,203423,17,1977,2,36000,1.0085988872
201455,201461,202763,6,1302,2,36000,1.00460829493
201484,201494,202824,10,1330,2,36000,1.00751879699
201498,201508,202966,10,1458,2,36000,1.00685871056
201574,201581,203125,7,1544,2,36000,1.00453367876
201575,201587,203015,12,1428,2,36000,1.00840336134
201612,201618,202936,6,1318,2,36000,1.00455235205
201667,201673,202849,6,1176,2,36000,1.00510204082
201712,201720,203422,8,1702,2,36000,1.00470035253
201738,201744,202275,6,531,1,1800,1.01129943503
201751,201758,203757,7,1999,2,36000,1.00350175088
201832,201839,203023,7,1184,2,36000,1.00591216216
201848,201854,203433,6,1579,2,36000,1.00379987334
201923,201930,203449,7,1519,2,36000,1.00460829493
201924,201938,203167,14,1229,2,36000,1.0113913751
201926,201944,203655,18,1711,2,36000,1.01052016365
201960,201966,203595,6,1629,2,36000,1.00368324125
202020,202027,203455,7,1428,2,36000,1.00490196078
202021,202033,204107,12,2074,2,36000,1.00578592093
202023,202038,203450,15,1412,2,36000,1.01062322946
202024,202044,203587,20,1543,2,36000,1.0129617628
202026,202049,204133,23,2084,2,36000,1.01103646833
202111,202117,206755,6,4638,1,72000,1.00129366106
202193,202199,203654,6,1455,2,36000,1.00412371134
202195,202206,204206,11,2000,2,36000,1.0055
202196,202211,203724,15,1513,2,36000,1.00991407799
202197,202216,204030,19,1814,2,36000,1.01047409041
202199,202221,203972,22,1751,2,36000,1.012564249
202200,202228,204420,28,2192,2,36000,1.01277372263
202201,202233,203453,32,1220,2,36000,1.0262295082
202233,202239,203563,6,1324,2,36000,1.00453172205
202235,202247,204306,12,2059,2,36000,1.00582807188
202272,202281,204395,9,2114,2,36000,1.00425733207
202314,202325,203671,11,1346,2,36000,1.00817236256
202400,202407,204414,7,2007,2,36000,1.00348779273
202402,202413,203666,11,1253,2,36000,1.00877893057
202451,202458,204160,7,1702,2,36000,1.00411280846
202552,202563,203856,11,1293,2,36000,1.00850734725
202553,202569,204520,16,1951,2,36000,1.0082009226
202607,202613,203714,6,1101,2,36000,1.00544959128
202608,202620,203951,12,1331,2,36000,1.00901577761
202609,202625,204446,16,1821,2,36000,1.00878638111
202673,202679,204480,6,1801,2,36000,1.00333148251
202674,202685,204426,11,1741,2,36000,1.00631820793
202676,202690,204397,14,1707,2,36000,1.00820152314
202677,202696,204577,19,1881,2,36000,1.0101010101
202735,202742,204392,7,1650,2,36000,1.00424242424
202781,202787,204398,6,1611,2,36000,1.00372439479
202824,202836,204415,12,1579,2,36000,1.00759974668
202868,202875,204766,7,1891,2,36000,1.00370174511
202955,202962,204388,7,1426,2,36000,1.0049088359
202957,202969,205163,12,2194,2,36000,1.00546946217
202958,202974,204393,16,1419,2,36000,1.01127554616
202975,202981,204449,6,1468,2,36000,1.00408719346
202976,202987,204390,11,1403,2,36000,1.00784034212
203016,203027,204392,11,1365,2,36000,1.00805860806
203033,203040,204976,7,1936,2,36000,1.00361570248
203064,203075,205217,11,2142,2,36000,1.00513538749
203463,203469,204812,6,1343,2,36000,1.00446760983
203465,203476,204928,11,1452,2,36000,1.00757575758
203468,203481,204974,13,1493,2,36000,1.00870730074
203469,203486,204898,17,1412,2,36000,1.01203966006
203487,203493,205356,6,1863,2,36000,1.00322061192
203498,203505,204771,7,1266,2,36000,1.00552922591
203616,203623,205180,7,1557,2,36000,1.00449582531
203618,203630,205154,12,1524,2,36000,1.00787401575
203619,203635,205766,16,2131,2,36000,1.00750821211
203621,203641,205157,20,1516,2,36000,1.01319261214
203622,203646,205190,24,1544,2,36000,1.01554404145
203623,203651,204966,28,1315,2,36000,1.02129277567
203625,203657,205547,32,1890,2,36000,1.01693121693
203662,203668,205253,6,1585,2,36000,1.00378548896
203664,203674,205288,10,1614,2,36000,1.00619578686
203680,203687,205784,7,2097,2,36000,1.00333810205
203682,203694,205194,12,1500,2,36000,1.008
203716,203726,205159,10,1433,2,36000,1.00697836706
203731,203738,205154,7,1416,2,36000,1.00494350282
203756,203769,205162,13,1393,2,36000,1.00933237617
203920,203927,205186,7,1259,2,36000,1.00555996823
203983,203990,205636,7,1646,2,36000,1.0042527339
203984,203996,205235,12,1239,2,36000,1.00968523002
204031,204041,205442,10,1401,2,36000,1.00713775874
204136,204143,205793,7,1650,2,36000,1.00424242424
204138,204149,205993,11,1844,2,36000,1.00596529284
204432,204438,205990,6,1552,2,36000,1.00386597938
204434,204445,205741,11,1296,2,36000,1.00848765432
204435,204450,206401,15,1951,2,36000,1.00768836494
204436,204456,206312,20,1856,2,36000,1.01077586207
204438,204461,206017,23,1556,2,36000,1.014781491
204439,204466,206012,27,1546,2,36000,1.01746442432
204440,204473,206231,33,1758,2,36000,1.01877133106
204442,204478,206389,36,1911,2,36000,1.01883830455
204443,204483,205957,40,1474,2,36000,1.02713704206
204444,204488,206567,44,2079,2,36000,1.02116402116
204446,204494,206215,48,1721,2,36000,1.02789076119
204448,204499,206391,51,1892,2,36000,1.02695560254
204449,204504,205524,55,1020,2,36000,1.05392156863
204451,204509,206419,58,1910,2,36000,1.03036649215
204452,204515,205794,63,1279,2,36000,1.04925723221
204500,204522,205960,22,1438,2,36000,1.01529902643
204502,204527,205955,25,1428,2,36000,1.0175070028
204503,204532,206342,29,1810,2,36000,1.01602209945
204522,204539,206019,17,1480,2,36000,1.01148648649
204577,204589,205885,12,1296,2,36000,1.00925925926
204768,204779,206603,11,1824,2,36000,1.00603070175
204784,204790,205979,6,1189,2,36000,1.00504625736
204845,204851,206113,6,1262,2,36000,1.00475435816
204916,204923,206794,7,1871,2,36000,1.0037413148
204935,204942,206429,7,1487,2,36000,1.00470746469
205170,205177,206561,7,1384,2,36000,1.00505780347
205171,205183,206908,12,1725,2,36000,1.00695652174
205173,205188,206935,15,1747,2,36000,1.00858614768
205174,205194,206602,20,1408,2,36000,1.01420454545
205175,205199,206466,24,1267,2,36000,1.01894238358
205177,205204,206632,27,1428,2,36000,1.01890756303
205178,205211,206565,33,1354,2,36000,1.02437223043
205180,205216,207196,36,1980,2,36000,1.01818181818
205181,205221,206563,40,1342,2,36000,1.02980625931
205220,205228,207088,8,1860,2,36000,1.00430107527
205221,205233,206802,12,1569,2,36000,1.00764818356
205222,205240,207089,18,1849,2,36000,1.00973499189
205224,205245,206709,21,1464,2,36000,1.0143442623
205225,205250,206735,25,1485,2,36000,1.01683501684
205243,205257,207230,14,1973,2,36000,1.00709579321
205260,205266,206938,6,1672,2,36000,1.00358851675
205290,205299,207091,9,1792,2,36000,1.00502232143
205356,205368,207249,12,1881,2,36000,1.00637958533
205443,205454,206717,11,1263,2,36000,1.00870942201
205565,205572,206690,7,1118,2,36000,1.00626118068
205566,205578,206831,12,1253,2,36000,1.00957701516
205652,205658,207400,6,1742,2,36000,1.00344431688
205762,205768,207307,6,1539,2,36000,1.00389863548
205785,205791,207598,6,1807,2,36000,1.00332042059
205787,205798,207897,11,2099,2,36000,1.00524059076
205831,205837,207372,6,1535,2,36000,1.00390879479
205833,205843,207472,10,1629,2,36000,1.00613873542
205895,205905,207526,10,1621,2,36000,1.00616903146
205976,205982,207391,6,1409,2,36000,1.00425833925
205977,205988,207411,11,1423,2,36000,1.00773014758
205979,205994,208077,15,2083,2,36000,1.00720115218
206013,206020,207491,7,1471,2,36000,1.00475866757
206015,206027,207968,12,1941,2,36000,1.00618238022
206016,206032,207202,16,1170,2,36000,1.01367521368
206017,206037,207503,20,1466,2,36000,1.0136425648
206035,206044,207530,9,1486,2,36000,1.00605652759
206037,206049,207284,12,1235,2,36000,1.00971659919
206115,206125,207568,10,1443,2,36000,1.00693000693
206230,206237,208066,7,1829,2,36000,1.00382722799
206232,206244,207558,12,1314,2,36000,1.00913242009
206315,206324,208377,9,2053,2,36000,1.00438382854
206377,206383,208043,6,1660,2,36000,1.00361445783
206401,206408,208442,7,2034,2,36000,1.00344149459
206403,206415,208208,12,1793,2,36000,1.00669269381
206404,206420,208323,16,1903,2,36000,1.00840777719
206440,206447,207972,7,1525,2,36000,1.00459016393
206442,206453,208327,11,1874,2,36000,1.00586979723
206559,206565,208259,6,1694,2,36000,1.00354191263
206621,206628,207978,7,1350,2,36000,1.00518518519
206623,206634,208330,11,1696,2,36000,1.00648584906
206624,206640,208062,16,1422,2,36000,1.01125175809
206625,206645,208324,20,1679,2,36000,1.01191185229
206627,206650,207981,23,1331,2,36000,1.01728024042
206628,206655,208016,27,1361,2,36000,1.01983835415
206685,206691,208435,6,1744,2,36000,1.00344036697
206702,206709,208073,7,1364,2,36000,1.00513196481
206734,206741,207936,7,1195,2,36000,1.00585774059
206735,206748,208503,13,1755,2,36000,1.00740740741
206752,206759,207919,7,1160,2,36000,1.00603448276
206797,206807,208729,10,1922,2,36000,1.00520291363
206812,206819,208724,7,1905,2,36000,1.00367454068
206830,206843,208193,13,1350,2,36000,1.00962962963
206911,206919,208469,8,1550,2,36000,1.00516129032
207084,207091,209058,7,1967,2,36000,1.00355871886
207086,207097,208712,11,1615,2,36000,1.00681114551
207129,207135,208325,6,1190,2,36000,1.00504201681
207131,207141,208456,10,1315,2,36000,1.00760456274
207132,207147,208922,15,1775,2,36000,1.00845070423
207218,207224,208532,6,1308,2,36000,1.00458715596
207219,207231,208622,12,1391,2,36000,1.00862688713
207252,207258,208850,6,1592,2,36000,1.00376884422
207253,207265,208398,12,1133,2,36000,1.0105913504
207311,207322,209299,11,1977,2,36000,1.00556398584
207313,207328,209022,15,1694,2,36000,1.00885478158
207394,207400,208706,6,1306,2,36000,1.0045941807
207395,207406,208766,11,1360,2,36000,1.00808823529
207413,207419,209222,6,1803,2,36000,1.00332778702
207414,207425,208713,11,1288,2,36000,1.00854037267
207490,207496,208715,6,1219,2,36000,1.00492206727
207520,207526,209203,6,1677,2,36000,1.00357781753
207521,207532,208992,11,1460,2,36000,1.00753424658
207540,207546,208863,6,1317,2,36000,1.00455580866
207541,207552,208864,11,1312,2,36000,1.00838414634
207562,207568,209598,6,2030,2,36000,1.00295566502
207577,207583,208784,6,1201,2,36000,1.0049958368
207599,207605,209032,6,1427,2,36000,1.00420462509
207916,207922,209234,6,1312,2,36000,1.00457317073
207942,207948,209185,6,1237,2,36000,1.00485044462
207944,207954,209194,10,1240,2,36000,1.00806451613
208000,208006,209837,6,1831,2,36000,1.00327689787
208001,208012,209810,11,1798,2,36000,1.00611790879
208003,208017,209154,14,1137,2,36000,1.01231310466
208004,208022,209874,18,1852,2,36000,1.00971922246
208044,208050,209959,6,1909,2,36000,1.00314300681
208045,208056,209638,11,1582,2,36000,1.00695322377
208097,208103,209871,6,1768,2,36000,1.00339366516
208099,208109,209735,10,1626,2,36000,1.0061500615
208100,208114,209521,14,1407,2,36000,1.00995024876
208101,208119,210015,18,1896,2,36000,1.00949367089
208194,208201,209957,7,1756,2,36000,1.00398633257
208221,208227,210601,6,2374,2,36000,1.00252737995
208285,208291,221219,6,12928,1,72000,1.00046410891
208319,208325,210114,6,1789,2,36000,1.00335382895
208346,208353,209586,7,1233,2,36000,1.00567721006
208348,208359,210281,11,1922,2,36000,1.00572320499
208349,208364,210111,15,1747,2,36000,1.00858614768
208351,208369,209580,18,1211,2,36000,1.01486374897
208352,208375,209802,23,1427,2,36000,1.0161177295
208379,208386,209916,7,1530,2,36000,1.0045751634
208398,208404,209928,6,1524,2,36000,1.00393700787
208419,208733,280757,314,72024,1,72000,1.00435965789
208439,208445,209808,6,1363,2,36000,1.00440205429
208454,208460,210301,6,1841,2,36000,1.00325909832
208472,208478,209957,6,1479,2,36000,1.00405679513
208473,208485,209912,12,1427,2,36000,1.00840925018
208505,208512,210430,7,1918,2,36000,1.00364963504
208583,208589,210358,6,1769,2,36000,1.00339174675
208707,208713,209986,6,1273,2,36000,1.00471327573
208708,208719,210516,11,1797,2,36000,1.0061213133
208738,208744,209969,6,1225,2,36000,1.00489795918
208740,208750,210793,10,2043,2,36000,1.0048947626
208741,208755,210505,14,1750,2,36000,1.008
208742,208761,210419,19,1658,2,36000,1.01145958987
208744,208766,210574,22,1808,2,36000,1.01216814159
208794,208801,210783,7,1982,2,36000,1.00353178607
208796,208807,210446,11,1639,2,36000,1.0067114094
208859,208865,210279,6,1414,2,36000,1.00424328147
208922,208928,210158,6,1230,2,36000,1.00487804878
208924,208934,210773,10,1839,2,36000,1.0054377379
208925,208939,210860,14,1921,2,36000,1.0072878709
209011,209017,210944,6,1927,2,36000,1.00311364816
209047,209053,210436,6,1383,2,36000,1.00433839479
209048,209059,210249,11,1190,2,36000,1.00924369748
209068,209074,210529,6,1455,2,36000,1.00412371134
209160,209166,211295,6,2129,2,36000,1.00281822452
209192,209197,210819,5,1622,2,36000,1.00308261406
209212,209218,210761,6,1543,2,36000,1.00388852884
209213,209224,210668,11,1444,2,36000,1.00761772853
209228,209234,211263,6,2029,2,36000,1.00295712173
209244,209250,210725,6,1475,2,36000,1.00406779661
209299,209305,210630,6,1325,2,36000,1.00452830189
209546,209552,211123,6,1571,2,36000,1.00381922342
209621,209627,211359,6,1732,2,36000,1.00346420323
209622,209633,211136,11,1503,2,36000,1.00731869594
209624,209638,211576,14,1938,2,36000,1.00722394221
209675,209681,211518,6,1837,2,36000,1.00326619488
209747,209753,211621,6,1868,2,36000,1.00321199143
209820,209826,211878,6,2052,2,36000,1.00292397661
209821,209832,211663,11,1831,2,36000,1.0060076461
209823,209837,211208,14,1371,2,36000,1.01021152443
209847,209854,211513,7,1659,2,36000,1.00421940928
209874,209880,211516,6,1636,2,36000,1.00366748166
209875,209886,211231,11,1345,2,36000,1.00817843866
209937,209943,211642,6,1699,2,36000,1.00353148911
209938,209949,211339,11,1390,2,36000,1.00791366906
209940,209954,211660,14,1706,2,36000,1.0082063306
209981,209987,211524,6,1537,2,36000,1.00390370852
209982,209993,211617,11,1624,2,36000,1.00677339901
209984,209998,211518,14,1520,2,36000,1.00921052632
209985,210003,212457,18,2454,2,36000,1.00733496333
210010,210017,211237,7,1220,2,36000,1.00573770492
210026,210032,212399,6,2367,2,36000,1.00253485425
210111,210118,211381,7,1263,2,36000,1.00554235946
210127,210133,211395,6,1262,2,36000,1.00475435816
210225,210231,211599,6,1368,2,36000,1.00438596491
210250,210256,212467,6,2211,2,36000,1.00271370421
210304,210310,211543,6,1233,2,36000,1.00486618005
210305,210316,212486,11,2170,2,36000,1.00506912442
210307,210321,212479,14,2158,2,36000,1.00648748842
210383,210389,211684,6,1295,2,36000,1.00463320463
210454,210460,229091,6,18631,2,36000,1.00032204391
210456,210466,212493,10,2027,2,36000,1.00493339911
210457,210471,211929,14,1458,2,36000,1.00960219479
210458,210476,212469,18,1993,2,36000,1.00903161064
210527,210533,211587,6,1054,2,36000,1.00569259962
210529,210539,211977,10,1438,2,36000,1.00695410292
210559,210566,212487,7,1921,2,36000,1.00364393545
210610,210617,212572,7,1955,2,36000,1.00358056266
210612,210623,212456,11,1833,2,36000,1.00600109111
210652,210659,212452,7,1793,2,36000,1.00390407139
210678,210684,212490,6,1806,2,36000,1.00332225914
210742,210749,212655,7,1906,2,36000,1.0036726128
210763,210769,212450,6,1681,2,36000,1.00356930399
210779,210784,212488,5,1704,2,36000,1.0029342723
210797,210804,212496,7,1692,2,36000,1.00413711584
210799,210810,212907,11,2097,2,36000,1.00524558894
210822,210828,212489,6,1661,2,36000,1.00361228176
210860,210866,212453,6,1587,2,36000,1.00378071834
210945,210951,212594,6,1643,2,36000,1.00365185636
211137,211143,212474,6,1331,2,36000,1.00450788881
211138,211149,213256,11,2107,2,36000,1.00522069293
211238,211244,212871,6,1627,2,36000,1.0036877689
211239,211250,212495,11,1245,2,36000,1.00883534137
211241,211255,213323,14,2068,2,36000,1.00676982592
211290,211306,213142,16,1836,2,36000,1.00871459695
211324,211350,213245,26,1895,2,36000,1.01372031662
211349,211371,212532,22,1161,2,36000,1.01894918174
211373,214566,272212,3193,57646,10,57600,1.05538979287
211383,211392,213422,9,2030,2,36000,1.00443349754
211384,211409,213333,25,1924,2,36000,1.01299376299
211512,211528,213296,16,1768,2,36000,1.00904977376
211573,211580,218353,7,6773,2,36000,1.00103351543
211636,211642,213249,6,1607,2,36000,1.00373366521
211638,211649,213284,11,1635,2,36000,1.00672782875
211639,211655,213444,16,1789,2,36000,1.00894354388
211641,211660,213492,19,1832,2,36000,1.01037117904
211642,211665,213430,23,1765,2,36000,1.01303116147
211643,211670,213241,27,1571,2,36000,1.01718650541
211645,211676,213267,31,1591,2,36000,1.01948460088
211646,211682,213965,36,2283,2,36000,1.01576872536
211648,211687,214017,39,2330,2,36000,1.01673819742
211649,211692,213247,43,1555,2,36000,1.02765273312
211650,211698,213962,48,2264,2,36000,1.02120141343
211687,211941,213964,254,2023,2,36000,1.12555610479
211689,212026,213230,337,1204,2,36000,1.27990033223
211690,212449,214141,759,1692,2,36000,1.44858156028
211692,212471,214556,779,2085,2,36000,1.37362110312
211808,214582,270354,2774,55772,10,57600,1.0497382199
211883,211889,340927,6,129038,2,345600,1.00004649793
211913,212476,214868,563,2392,2,36000,1.23536789298
211947,212500,232002,553,19502,2,36000,1.02835606604
211952,212481,214871,529,2390,2,36000,1.22133891213
212124,212130,215838,6,3708,1,3600,1.00161812298
212352,212533,215486,181,2953,2,36000,1.06129359973
212359,214571,245462,2212,30891,2,345600,1.07160661681
212362,214577,245981,2215,31404,2,345600,1.07053241625
212485,212493,213961,8,1468,2,36000,1.00544959128
212487,212505,214018,18,1513,2,36000,1.01189689359
212488,212510,214915,22,2405,2,36000,1.00914760915
212490,212515,214120,25,1605,2,36000,1.01557632399
212491,212520,214428,29,1908,2,36000,1.01519916143
212492,212526,214146,34,1620,2,36000,1.02098765432
212494,212538,214863,44,2325,2,36000,1.01892473118
212495,212543,214118,48,1575,2,36000,1.03047619048
212496,212549,214144,53,1595,2,36000,1.03322884013
212498,212554,214367,56,1813,2,36000,1.03088803089
212499,212559,214145,60,1586,2,36000,1.03783102144
212500,212564,214871,64,2307,2,36000,1.02774165583
212501,212571,214876,70,2305,2,36000,1.03036876356
212503,212584,214331,81,1747,2,36000,1.04636519748
212504,212607,214144,103,1537,2,36000,1.06701366298
212505,212728,214874,223,2146,2,36000,1.10391425909
212507,212883,214295,376,1412,2,36000,1.26628895184
212508,212919,214877,411,1958,2,36000,1.20990806946
212542,213192,214928,650,1736,2,36000,1.37442396313
212543,213243,215325,700,2082,2,36000,1.33621517771
212571,213253,215322,682,2069,2,36000,1.32962783954
212597,213260,215323,663,2063,2,36000,1.32137663597
212902,213265,214915,363,1650,2,36000,1.22
212903,213271,215072,368,1801,2,36000,1.20433092726
212925,213277,214976,352,1699,2,36000,1.20718069453
213238,213284,214936,46,1652,2,36000,1.02784503632
213239,213296,214962,57,1666,2,36000,1.03421368547
213274,213308,215603,34,2295,2,36000,1.01481481481
213276,213336,214870,60,1534,2,36000,1.03911342894
213277,213345,214951,68,1606,2,36000,1.04234122042
213279,213434,215622,155,2188,2,36000,1.07084095064
213280,213443,214872,163,1429,2,36000,1.11406578027
213281,213456,215702,175,2246,2,36000,1.07791629564
213303,213511,215644,208,2133,2,36000,1.09751523676
213304,214024,215671,720,1647,2,36000,1.43715846995
213326,214029,215705,703,1676,2,36000,1.41945107399
213341,214034,216202,693,2168,2,36000,1.31964944649
213423,214039,216188,616,2149,2,36000,1.28664495114
213443,214061,215992,618,1931,2,36000,1.32004142931
213444,214066,215656,622,1590,2,36000,1.39119496855
213534,213540,213578,6,38,5,600,1.15789473684
213914,213921,214258,7,337,5,600,1.02077151335
214108,214114,214208,6,94,2,93600,1.06382978723
214143,214149,216183,6,2034,2,36000,1.00294985251
214144,214156,216184,12,2028,2,36000,1.00591715976
214145,214161,216191,16,2030,2,36000,1.0078817734
214147,214166,216215,19,2049,2,36000,1.00927281601
214148,214171,215676,23,1505,2,36000,1.01528239203
214149,214178,215762,29,1584,2,36000,1.01830808081
214151,214183,216186,32,2003,2,36000,1.01597603595
214152,214188,215659,36,1471,2,36000,1.02447314752
214153,214220,215693,67,1473,2,36000,1.04548540394
214155,214308,216563,153,2255,2,36000,1.06784922395
214161,217425,220899,3264,3474,32,36000,1.93955094991
214179,214343,215684,164,1341,2,36000,1.12229679344
214180,214384,216278,204,1894,2,36000,1.10770855333
214181,214541,216828,360,2287,2,36000,1.15741145606
214183,214587,215944,404,1357,2,36000,1.29771554901
214303,214592,216112,289,1520,2,36000,1.19013157895
214368,214597,216420,229,1823,2,36000,1.12561711465
214369,214603,216799,234,2196,2,36000,1.10655737705
214408,214561,214875,153,314,2,93600,1.4872611465
214469,214475,215115,6,640,5,600,1.009375
214874,214880,216399,6,1519,2,36000,1.00394996708
214876,214887,216399,11,1512,2,36000,1.00727513228
214877,214892,216400,15,1508,2,36000,1.0099469496
214878,214897,216400,19,1503,2,36000,1.0126413839
214880,214902,216905,22,2003,2,36000,1.01098352471
214881,214908,216817,27,1909,2,36000,1.01414353064
214882,214914,216755,32,1841,2,36000,1.01738185769
214884,214919,216398,35,1479,2,36000,1.02366463827
214885,214926,216816,41,1890,2,36000,1.02169312169
214886,214931,216831,45,1900,2,36000,1.02368421053
214888,214939,216571,51,1632,2,36000,1.03125
214933,214949,216421,16,1472,2,36000,1.01086956522
214934,214962,216403,28,1441,2,36000,1.01943095073
214935,214973,217036,38,2063,2,36000,1.01841977702
214951,214987,217127,36,2140,2,36000,1.01682242991
214952,215083,216447,131,1364,2,36000,1.09604105572
214968,215333,217151,365,1818,2,36000,1.20077007701
214983,215340,217057,357,1717,2,36000,1.20792079208
215114,215346,217518,232,2172,2,36000,1.10681399632
215330,215559,217099,229,1540,2,36000,1.1487012987
215331,215564,216869,233,1305,2,36000,1.1785440613
215332,215569,216967,237,1398,2,36000,1.169527897
215611,215617,217141,6,1524,2,36000,1.00393700787
215627,215633,217423,6,1790,2,36000,1.00335195531
215646,215656,217094,10,1438,2,36000,1.00695410292
215662,215668,217912,6,2244,2,36000,1.00267379679
215664,215674,217904,10,2230,2,36000,1.00448430493
215679,215685,217917,6,2232,2,36000,1.00268817204
215681,215691,217190,10,1499,2,36000,1.00667111408
215696,215702,216943,6,1241,2,36000,1.00483481064
215697,215708,216881,11,1173,2,36000,1.00937766411
215715,215721,217432,6,1711,2,36000,1.00350672122
215716,215727,217114,11,1387,2,36000,1.00793078587
215772,215778,217022,6,1244,2,36000,1.00482315113
215798,215955,224056,157,8101,2,50400,1.01938032342
215965,216003,217920,38,1917,2,36000,1.01982263954
215997,216124,218013,127,1889,2,36000,1.06723133933
216123,216195,218028,72,1833,2,36000,1.03927986907
216267,216273,217921,6,1648,2,36000,1.0036407767
216270,216279,218012,9,1733,2,36000,1.00519330641
216271,216284,218184,13,1900,2,36000,1.00684210526
216272,216290,218035,18,1745,2,36000,1.01031518625
216274,216295,218238,21,1943,2,36000,1.01080802882
216275,216301,217572,26,1271,2,36000,1.0204563336
216277,216306,217914,29,1608,2,36000,1.01803482587
216394,216409,217910,15,1501,2,36000,1.00999333777
216415,216421,218394,6,1973,2,36000,1.00304105423
216416,216427,229091,11,12664,2,36000,1.00086860392
216418,216433,217916,15,1483,2,36000,1.0101146325
216419,216438,217918,19,1480,2,36000,1.01283783784
216420,216443,218006,23,1563,2,36000,1.01471529111
216422,216455,218399,33,1944,2,36000,1.01697530864
216438,216461,217922,23,1461,2,36000,1.01574264203
216439,216576,218341,137,1765,2,36000,1.0776203966
216442,216449,229537,7,13088,2,43200,1.00053484108
216458,216583,218747,125,2164,2,36000,1.05776340111
216493,219014,221434,2521,2420,12,2400,2.04173553719
216597,216766,217993,169,1227,2,36000,1.13773431133
216599,216827,218585,228,1758,2,36000,1.12969283276
216761,216834,219054,73,2220,2,36000,1.03288288288
216811,216842,218751,31,1909,2,36000,1.01623886852
216875,216881,218320,6,1439,2,36000,1.0041695622
216877,216921,218644,44,1723,2,36000,1.02553685432
216879,216955,218395,76,1440,2,36000,1.05277777778
216880,216982,218708,102,1726,2,36000,1.05909617613
216882,217033,219002,151,1969,2,36000,1.07668867445
216931,217052,218899,121,1847,2,36000,1.0655116405
216933,217068,218151,135,1083,2,36000,1.12465373961
216975,217108,218576,133,1468,2,36000,1.09059945504
216976,217115,218716,139,1601,2,36000,1.08682073704
217059,217126,218443,67,1317,2,36000,1.05087319666
217060,217138,218726,78,1588,2,36000,1.04911838791
217062,217153,219178,91,2025,2,36000,1.0449382716
217103,217163,218553,60,1390,2,36000,1.04316546763
217104,217201,218679,97,1478,2,36000,1.06562922869
217129,217434,218806,305,1372,2,36000,1.222303207
217133,217444,218725,311,1281,2,36000,1.24277907884
217150,217529,219513,379,1984,2,36000,1.19102822581
217151,217676,219342,525,1666,2,36000,1.31512605042
217190,217915,219251,725,1336,2,36000,1.54266467066
217359,217365,217920,6,555,1,3600,1.01081081081
217453,217922,219503,469,1581,2,36000,1.29664769133
217455,217930,219848,475,1918,2,36000,1.24765380605
217532,217935,219873,403,1938,2,36000,1.20794633643
217849,218029,221689,180,3660,3,72000,1.04918032787
217915,217940,219875,25,1935,2,36000,1.01291989664
217917,217945,219225,28,1280,2,36000,1.021875
217918,217951,219614,33,1663,2,36000,1.01984365604
217919,217957,219574,38,1617,2,36000,1.02350030921
217949,217963,219354,14,1391,2,36000,1.01006470165
217950,217968,219880,18,1912,2,36000,1.00941422594
217951,218006,219881,55,1875,2,36000,1.02933333333
217953,218017,219426,64,1409,2,36000,1.04542228531
217954,218023,219615,69,1592,2,36000,1.04334170854
217955,218039,219974,84,1935,2,36000,1.04341085271
217957,218047,219325,90,1278,2,36000,1.07042253521
217970,217976,218018,6,42,1,60,1.14285714286
218003,218162,220068,159,1906,2,36000,1.0834207765
218005,218195,220334,190,2139,2,36000,1.08882655446
218022,218249,219460,227,1211,2,36000,1.18744838976
218023,218332,219830,309,1498,2,36000,1.20627503338
218043,218352,220159,309,1807,2,36000,1.17100166021
218044,218405,220025,361,1620,2,36000,1.22283950617
218188,218413,219924,225,1511,2,36000,1.14890800794
218190,218418,220290,228,1872,2,36000,1.12179487179
218252,218455,220256,203,1801,2,36000,1.11271515825
218280,222000,272149,3720,50149,10,57600,1.07417894674
218319,218565,220429,246,1864,2,36000,1.13197424893
218368,218590,220607,222,2017,2,36000,1.11006445216
218426,218597,219934,171,1337,2,36000,1.12789827973
218428,218656,220725,228,2069,2,36000,1.11019816336
218429,218690,220324,261,1634,2,36000,1.15973072215
218453,218461,220370,8,1909,1,3600,1.00419067575
218455,218736,220502,281,1766,2,36000,1.15911664779
218577,218742,220724,165,1982,2,36000,1.08324924319
218579,218759,220988,180,2229,2,36000,1.08075370121
218631,218765,220723,134,1958,2,36000,1.0684371808
218654,218818,220721,164,1903,2,36000,1.08617971624
218682,218912,220389,230,1477,2,36000,1.15572105619
218711,219065,220952,354,1887,2,36000,1.18759936407
218730,219189,220768,459,1579,2,36000,1.29069031032
218731,219236,220841,505,1605,2,36000,1.31464174455
218733,219266,220782,533,1516,2,36000,1.35158311346
218734,222005,273404,3271,51399,10,57600,1.06363937042
218748,219342,220909,594,1567,2,36000,1.37906828334
218763,219355,221084,592,1729,2,36000,1.34239444766
218806,219365,221036,559,1671,2,36000,1.33453022142
218973,219439,221000,466,1561,2,36000,1.29852658552
219037,219472,220793,435,1321,2,36000,1.32929598789
219074,219514,221302,440,1788,2,36000,1.24608501119
219195,219524,221380,329,1856,2,36000,1.17726293103
219266,219585,220783,319,1198,2,36000,1.26627712855
219267,219626,221495,359,1869,2,36000,1.19208132691
219327,219631,221140,304,1509,2,36000,1.20145791915
219352,219842,221690,490,1848,2,36000,1.26515151515
219385,219860,221172,475,1312,2,36000,1.36204268293
219442,219886,221789,444,1903,2,36000,1.23331581713
219468,219893,221718,425,1825,2,36000,1.23287671233
219507,219898,221682,391,1784,2,36000,1.21917040359
219524,219904,221063,380,1159,2,36000,1.32786885246
219568,221931,228539,2363,6608,10,57600,1.3575968523
219576,219937,221176,361,1239,2,36000,1.29136400323
219622,219947,221195,325,1248,2,36000,1.26041666667
219623,219987,221345,364,1358,2,36000,1.26804123711
219829,220037,221902,208,1865,2,36000,1.11152815013
219862,220080,221851,218,1771,2,36000,1.12309429701
219889,220171,221783,282,1612,2,36000,1.17493796526
219891,220268,221800,377,1532,2,36000,1.24608355091
219892,220302,222304,410,2002,2,36000,1.2047952048
219893,220335,222111,442,1776,2,36000,1.24887387387
219934,220345,222129,411,1784,2,36000,1.23038116592
219935,220401,222377,466,1976,2,36000,1.23582995951
220011,221811,221821,1800,10,16,1800,181.0
220024,220442,221625,418,1183,2,36000,1.35333896872
220043,220515,222339,472,1824,2,36000,1.25877192982
220076,220697,222146,621,1449,2,36000,1.42857142857
220171,220734,222564,563,1830,2,36000,1.30765027322
220257,220741,222408,484,1667,2,36000,1.29034193161
220294,220746,223397,452,2651,2,36000,1.17050169747
220325,220751,221912,426,1161,2,36000,1.3669250646
220340,220783,222537,443,1754,2,36000,1.25256556442
220393,220794,222206,401,1412,2,36000,1.28399433428
220439,220800,222128,361,1328,2,36000,1.2718373494
220535,220808,222655,273,1847,2,36000,1.14780725501
220718,220852,222633,134,1781,2,36000,1.07523862998
220736,220920,222103,184,1183,2,36000,1.15553677092
220737,220964,222470,227,1506,2,36000,1.15073041169
220738,221001,222454,263,1453,2,36000,1.18100481762
220740,221012,222731,272,1719,2,36000,1.15823152996
220769,221049,222333,280,1284,2,36000,1.21806853583
220770,220777,221987,7,1210,1,3600,1.00578512397
220784,221074,222338,290,1264,2,36000,1.22943037975
220786,221095,222897,309,1802,2,36000,1.17147613762
220802,221151,222481,349,1330,2,36000,1.26240601504
220841,221184,222574,343,1390,2,36000,1.24676258993
220914,221190,223040,276,1850,2,36000,1.14918918919
220952,221207,222216,255,1009,2,36000,1.25272547076
220989,221231,223072,242,1841,2,36000,1.13145029875
221007,221314,222841,307,1527,2,36000,1.20104780616
221038,221356,223097,318,1741,2,36000,1.18265364733
221063,221392,222662,329,1270,2,36000,1.25905511811
221081,221445,222631,364,1186,2,36000,1.30691399663
221142,221506,222853,364,1347,2,36000,1.27023014105
221173,221636,224073,463,2437,2,36000,1.18998768978
221188,221693,223250,505,1557,2,36000,1.32434168272
221203,221701,223608,498,1907,2,36000,1.26114315679
221304,221706,223033,402,1327,2,36000,1.30293896006
221345,221936,222053,591,117,1,72000,6.05128205128
221346,221713,222917,367,1204,2,36000,1.30481727575
221380,221730,223454,350,1724,2,36000,1.2030162413
221497,221795,223677,298,1882,2,36000,1.15834218916
221625,221803,223218,178,1415,2,36000,1.125795053
221678,221817,223622,139,1805,2,36000,1.07700831025
221690,221941,259812,251,37871,8,57600,1.00662776267
221693,221822,223155,129,1333,2,36000,1.09677419355
221722,221827,223065,105,1238,2,36000,1.08481421648
221786,221832,223017,46,1185,2,36000,1.0388185654
221802,221863,223701,61,1838,2,36000,1.0331882481
221803,221838,223419,35,1581,2,36000,1.02213788741
221849,221951,222614,102,663,2,43200,1.15384615385
221853,221914,223696,61,1782,2,36000,1.0342312009
221905,221923,223251,18,1328,2,36000,1.01355421687
221921,221946,223374,25,1428,2,36000,1.0175070028
222000,222012,227524,12,5512,1,5400,1.00217706821
222104,222111,223944,7,1833,2,36000,1.00381887616
222120,222126,223766,6,1640,2,36000,1.00365853659
222135,222141,223894,6,1753,2,36000,1.00342270394
222137,222147,223540,10,1393,2,36000,1.0071787509
222152,222159,223779,7,1620,2,36000,1.00432098765
222207,222213,223597,6,1384,2,36000,1.00433526012
222223,222229,223823,6,1594,2,36000,1.00376411543
222234,225167,229830,2933,4663,32,18000,1.62899420974
222241,231842,243044,9601,11202,32,18000,1.85707909302
222252,223614,237270,1362,13656,1,72000,1.09973637961
222306,222313,223652,7,1339,2,36000,1.00522778193
222334,222340,224030,6,1690,2,36000,1.00355029586
222352,222358,224002,6,1644,2,36000,1.00364963504
222353,222365,224318,12,1953,2,36000,1.00614439324
222379,222385,223950,6,1565,2,36000,1.00383386581
222410,222416,223647,6,1231,2,36000,1.00487408611
222456,222463,224351,7,1888,2,36000,1.00370762712
222471,222478,224282,7,1804,2,36000,1.00388026608
222488,222495,224186,7,1691,2,36000,1.00413956239
222491,223032,223085,541,53,16,1800,11.2075471698
222539,222545,223861,6,1316,2,36000,1.00455927052
222566,222572,224161,6,1589,2,36000,1.00377595972
222582,222589,223855,7,1266,2,36000,1.00552922591
222631,222638,224809,7,2171,2,36000,1.00322432059
222647,222654,224151,7,1497,2,36000,1.0046760187
222664,222670,224320,6,1650,2,36000,1.00363636364
222665,222677,224453,12,1776,2,36000,1.00675675676
222689,223609,231370,920,7761,2,72000,1.11854142507
222732,222738,224109,6,1371,2,36000,1.00437636761
222842,222850,224701,8,1851,2,36000,1.00432198811
222858,222864,224286,6,1422,2,36000,1.00421940928
222898,222905,224762,7,1857,2,36000,1.00376952073
222916,222923,224143,7,1220,2,36000,1.00573770492
223018,223026,224960,8,1934,2,36000,1.00413650465
223032,223048,233875,16,10827,1,10800,1.00147778701
223034,223041,224487,7,1446,2,36000,1.00484094053
223053,223097,223103,44,6,16,1800,5.0
223053,223059,224321,6,1262,2,36000,1.00475435816
223068,223074,224424,6,1350,2,36000,1.00444444444
223083,223091,224497,8,1406,2,36000,1.00568990043
223099,223105,225005,6,1900,2,36000,1.00315789474
223114,223121,223153,7,32,2,3600,1.21875
223157,223164,224492,7,1328,2,36000,1.00527108434
223163,223170,223195,7,25,2,3600,1.28
223218,223224,224876,6,1652,2,36000,1.00363196126
223247,223254,225060,7,1806,2,36000,1.00387596899
223263,223270,224998,7,1728,2,36000,1.00405092593
223265,223276,223315,11,39,4,7200,1.28205128205
223266,223281,223324,15,43,4,7200,1.3488372093
223266,223297,223337,31,40,4,7200,1.775
223266,223292,223334,26,42,4,7200,1.61904761905
223266,223287,223331,21,44,4,7200,1.47727272727
223267,223383,223418,116,35,4,7200,4.31428571429
223267,223378,223412,111,34,4,7200,4.26470588235
223267,223373,223412,106,39,4,7200,3.71794871795
223267,223367,223402,100,35,4,7200,3.85714285714
223267,223327,223361,60,34,4,7200,2.76470588235
223268,223415,223452,147,37,4,7200,4.97297297297
223268,223389,223429,121,40,4,7200,4.025
223268,223395,223431,127,36,4,7200,4.52777777778
223268,223424,223461,156,37,4,7200,5.21621621622
223327,223349,223356,22,7,16,1800,2.9
223375,223400,224838,25,1438,2,36000,1.0173852573
223393,223409,225203,16,1794,2,36000,1.00891861761
223418,223430,225051,12,1621,2,36000,1.00740283775
223450,223465,224606,15,1141,2,36000,1.01314636284
223592,223620,225495,28,1875,2,36000,1.01493333333
223611,223635,225640,24,2005,2,36000,1.01197007481
223613,223658,225464,45,1806,2,36000,1.02491694352
223632,223665,225525,33,1860,2,36000,1.01774193548
223649,223692,225720,43,2028,2,36000,1.02120315582
223666,223714,224975,48,1261,2,36000,1.03806502776
223683,223719,225479,36,1760,2,36000,1.02045454545
223700,223779,225655,79,1876,2,36000,1.0421108742
223701,223790,225479,89,1689,2,36000,1.05269390172
223775,223835,225155,60,1320,2,36000,1.04545454545
223793,223866,225687,73,1821,2,36000,1.04008786381
223829,223873,225588,44,1715,2,36000,1.02565597668
223858,223964,225793,106,1829,2,36000,1.05795516676
223874,224015,225343,141,1328,2,36000,1.1061746988
223895,224043,225327,148,1284,2,36000,1.11526479751
223904,223910,224409,6,499,4,7200,1.0120240481
223904,223915,224416,11,501,4,7200,1.02195608782
223904,223920,224448,16,528,4,7200,1.0303030303
223905,223938,224508,33,570,4,7200,1.05789473684
223905,223956,224369,51,413,4,7200,1.12348668281
223905,223933,224400,28,467,4,7200,1.05995717345
223905,223927,224388,22,461,4,7200,1.04772234273
223906,224411,224739,505,328,4,7200,2.53963414634
223906,224400,224758,494,358,4,7200,2.37988826816
223906,224381,224782,475,401,4,7200,2.18453865337
223907,225506,225828,1599,322,4,7200,5.96583850932
223907,226218,226708,2311,490,4,7200,5.71632653061
223907,226719,227210,2812,491,4,7200,6.72708757637
223907,225840,226206,1933,366,4,7200,6.28142076503
223945,224085,225828,140,1743,2,36000,1.08032128514
223962,224121,225968,159,1847,2,36000,1.08608554413
224006,224155,225556,149,1401,2,36000,1.10635260528
224028,224163,225398,135,1235,2,36000,1.10931174089
224068,224519,224559,451,40,16,1800,12.275
224071,224173,225386,102,1213,2,36000,1.08408903545
224109,224198,225929,89,1731,2,36000,1.05141536684
224143,224298,225628,155,1330,2,36000,1.11654135338
224160,224303,225958,143,1655,2,36000,1.08640483384
224161,224330,226201,169,1871,2,36000,1.09032602886
224186,224337,226042,151,1705,2,36000,1.08856304985
224285,224343,226283,58,1940,2,36000,1.02989690722
224287,224363,225781,76,1418,2,36000,1.05359661495
224319,224436,225712,117,1276,2,36000,1.09169278997
224321,224465,226257,144,1792,2,36000,1.08035714286
224337,224498,226162,161,1664,2,36000,1.09675480769
224353,224506,226429,153,1923,2,36000,1.07956318253
224424,224513,226086,89,1573,2,36000,1.05657978385
224461,224618,226418,157,1800,2,36000,1.08722222222
224491,224713,225980,222,1267,2,36000,1.17521704815
224507,224775,226764,268,1989,2,36000,1.13474107592
224508,224821,226819,313,1998,2,36000,1.15665665666
224605,224850,226535,245,1685,2,36000,1.14540059347
224679,224793,224859,114,66,30,300,2.72727272727
224705,224888,226605,183,1717,2,36000,1.10658124636
224764,224972,226862,208,1890,2,36000,1.11005291005
224811,224986,226357,175,1371,2,36000,1.12764405543
224839,225010,226906,171,1896,2,36000,1.09018987342
224880,225017,226845,137,1828,2,36000,1.0749452954
224960,225063,226565,103,1502,2,36000,1.06857523302
224975,225072,226967,97,1895,2,36000,1.05118733509
224998,225214,227250,216,2036,2,36000,1.10609037328
225015,225339,226654,324,1315,2,36000,1.2463878327
225053,225354,226942,301,1588,2,36000,1.1895465995
225069,225399,226928,330,1529,2,36000,1.21582733813
225155,225410,227120,255,1710,2,36000,1.14912280702
225204,225477,226926,273,1449,2,36000,1.1884057971
225339,225490,226827,151,1337,2,36000,1.1129394166
225355,225536,226937,181,1401,2,36000,1.12919343326
225388,225574,227256,186,1682,2,36000,1.11058263971
225404,225600,227401,196,1801,2,36000,1.10882842865
225468,225640,226847,172,1207,2,36000,1.14250207125
225486,225653,227033,167,1380,2,36000,1.12101449275
225487,225668,227465,181,1797,2,36000,1.10072342794
225504,225699,227498,195,1799,2,36000,1.10839355197
225526,225724,227483,198,1759,2,36000,1.11256395679
225571,225732,227512,161,1780,2,36000,1.0904494382
225587,225792,227982,205,2190,2,36000,1.09360730594
225631,225804,227915,173,2111,2,36000,1.08195168167
225647,225845,227027,198,1182,2,36000,1.16751269036
225663,225940,227558,277,1618,2,36000,1.17119901112
225688,225970,227674,282,1704,2,36000,1.16549295775
225715,225980,227333,265,1353,2,36000,1.19586104952
225731,225996,227866,265,1870,2,36000,1.14171122995
225782,226053,227422,271,1369,2,36000,1.19795471147
225798,226097,227828,299,1731,2,36000,1.17273252455
225826,226174,227443,348,1269,2,36000,1.27423167849
225932,226225,227316,293,1091,2,36000,1.26856095325
225959,226269,227706,310,1437,2,36000,1.21572720946
226018,226296,227604,278,1308,2,36000,1.2125382263
226020,226370,227974,350,1604,2,36000,1.21820448878
226045,226429,227631,384,1202,2,36000,1.31946755408
226087,226441,228099,354,1658,2,36000,1.21351025332
226164,226546,227888,382,1342,2,36000,1.28464977645
226216,226577,228342,361,1765,2,36000,1.2045325779
226259,226616,228399,357,1783,2,36000,1.200224341
226290,226667,228469,377,1802,2,36000,1.20921198668
226360,226775,228704,415,1929,2,36000,1.21513737688
226420,226831,228760,411,1929,2,36000,1.21306376361
226435,226840,228060,405,1220,2,36000,1.33196721311
226536,226857,228607,321,1750,2,36000,1.18342857143
226571,226863,227913,292,1050,2,36000,1.2780952381
226611,226874,228234,263,1360,2,36000,1.19338235294
226659,226919,228148,260,1229,2,36000,1.21155410903
226767,226937,228092,170,1155,2,36000,1.14718614719
226820,226944,228888,124,1944,2,36000,1.06378600823
226842,226951,229003,109,2052,2,36000,1.05311890838
226843,226957,228805,114,1848,2,36000,1.06168831169
226845,226978,229053,133,2075,2,36000,1.06409638554
226864,227039,228398,175,1359,2,36000,1.12877115526
226925,227047,228957,122,1910,2,36000,1.06387434555
226926,227131,228498,205,1367,2,36000,1.14996342356
226973,227222,228563,249,1341,2,36000,1.18568232662
226974,227227,228606,253,1379,2,36000,1.18346627991
226975,227262,228828,287,1566,2,36000,1.18326947637
226976,227269,228929,293,1660,2,36000,1.1765060241
227029,227328,228712,299,1384,2,36000,1.21604046243
227044,227344,228568,300,1224,2,36000,1.24509803922
227121,227413,229091,292,1678,2,36000,1.17401668653
227252,227433,228690,181,1257,2,36000,1.14399363564
227268,227455,229013,187,1558,2,36000,1.12002567394
227299,227476,229091,177,1615,2,36000,1.10959752322
227334,227496,229091,162,1595,2,36000,1.10156739812
227402,227510,229046,108,1536,2,36000,1.0703125
227424,227523,229091,99,1568,2,36000,1.0631377551
227443,227570,229091,127,1521,2,36000,1.08349769888
227466,227615,229091,149,1476,2,36000,1.10094850949
227488,227643,229091,155,1448,2,36000,1.1070441989
227503,227685,229091,182,1406,2,36000,1.12944523471
227522,227718,229091,196,1373,2,36000,1.14275309541
227545,231647,231649,4102,2,32,3600,410.4
227559,227839,229091,280,1252,2,36000,1.22364217252
227606,227878,229091,272,1213,2,36000,1.22423742786
227631,227900,229091,269,1191,2,36000,1.22586062133
227674,227925,229091,251,1166,2,36000,1.21526586621
227706,227931,229091,225,1160,2,36000,1.19396551724
227832,227986,229091,154,1105,2,36000,1.13936651584
227870,227994,229091,124,1097,2,36000,1.1130355515
227882,227889,227893,7,4,1,3600,1.1
227896,228071,229091,175,1020,2,36000,1.17156862745
227915,228103,229091,188,988,2,36000,1.19028340081
227916,228110,229091,194,981,2,36000,1.19775739042
227975,228160,229091,185,931,2,36000,1.19871106337
227991,228246,229091,255,845,2,36000,1.30177514793
228062,228353,229091,291,738,2,36000,1.39430894309
228071,228078,228099,7,21,1,3600,1.33333333333
228093,228410,229091,317,681,2,36000,1.46549192364
228108,228417,229091,309,674,2,36000,1.45845697329
228151,228481,229091,330,610,2,36000,1.54098360656
228236,228510,229091,274,581,2,36000,1.47160068847
228269,228275,228416,6,141,1,3600,1.04255319149
228332,243114,287059,14782,43945,10,57600,1.33637501422
228343,228580,229091,237,511,2,36000,1.4637964775
228397,228620,229091,223,471,2,36000,1.47346072187
228398,228702,229091,304,389,2,36000,1.78149100257
228473,228716,229091,243,375,2,36000,1.648
228501,228723,229091,222,368,2,36000,1.60326086957
228565,228772,229091,207,319,2,36000,1.64890282132
228581,228817,229091,236,274,2,36000,1.86131386861
228606,228839,229091,233,252,2,36000,1.9246031746
228607,228900,229091,293,191,2,36000,2.53403141361
228691,228941,229091,250,150,2,36000,2.66666666667
228707,229016,229091,309,75,2,36000,5.12
228722,229025,229091,303,66,2,36000,5.59090909091
228762,229058,229091,296,33,2,36000,9.9696969697
228780,231732,234800,2952,3068,2,36000,1.96219035202
228807,229065,229091,258,26,2,36000,10.9230769231
228989,228995,229080,6,85,2,3600,1.07058823529
229103,229110,230003,7,893,8,6000,1.0078387458
229113,229119,230125,6,1006,8,6000,1.00596421471
229113,229125,229984,12,859,8,6000,1.01396973225
229124,229137,230052,13,915,8,6000,1.01420765027
229124,229132,230008,8,876,8,6000,1.00913242009
229135,229148,230014,13,866,8,6000,1.01501154734
229135,229143,230016,8,873,8,6000,1.00916380298
229147,229155,230056,8,901,8,6000,1.00887902331
229148,229160,230025,12,865,8,6000,1.01387283237
229159,229173,230037,14,864,8,6000,1.0162037037
229159,229167,230026,8,859,8,6000,1.00931315483
229170,229180,230138,10,958,8,6000,1.01043841336
229180,229996,230882,816,886,8,6000,1.92099322799
229502,230001,230059,499,58,4,3600,9.60344827586
229503,230006,230491,503,485,4,3600,2.03711340206
229504,230015,230297,511,282,4,3600,2.81205673759
229505,230020,230270,515,250,4,3600,3.06
229507,230077,230344,570,267,4,3600,3.13483146067
229508,231678,231758,2170,80,4,3600,28.125
229509,231683,231764,2174,81,4,3600,27.8395061728
229511,231688,231776,2177,88,4,3600,25.7386363636
229512,231696,231762,2184,66,4,3600,34.0909090909
229513,231701,231768,2188,67,4,3600,33.6567164179
229514,231706,231755,2192,49,4,3600,45.7346938776
229515,231711,231801,2196,90,4,3600,25.4
229517,231717,231810,2200,93,4,3600,24.6559139785
229518,231722,231807,2204,85,4,3600,26.9294117647
229519,231727,231804,2208,77,4,3600,29.6753246753
229996,230032,232906,36,2874,5,14400,1.01252609603
230017,230027,230881,10,854,8,6000,1.01170960187
230027,230039,231007,12,968,8,6000,1.01239669421
230028,230044,231072,16,1028,8,6000,1.01556420233
230038,230051,230910,13,859,8,6000,1.0151338766
230049,230065,230922,16,857,8,6000,1.0186697783
230049,230058,230932,9,874,8,6000,1.01029748284
230060,230149,231008,89,859,8,6000,1.1036088475
230060,230072,230931,12,859,8,6000,1.01396973225
230130,230893,233759,763,2866,5,14400,1.26622470342
230151,230898,234433,747,3535,5,14400,1.21131541726
230346,231738,253388,1392,21650,1,21600,1.06429561201
230474,231652,232160,1178,508,2,3600,3.3188976378
230488,230494,231051,6,557,2,1200,1.01077199282
230511,230518,230569,7,51,16,1800,1.13725490196
230724,231662,234873,938,3211,2,93600,1.29212083463
230861,231779,231831,918,52,16,1800,18.6538461538
230895,230948,233811,53,2863,5,14400,1.0185120503
230895,230905,231760,10,855,8,6000,1.01169590643
230906,230922,231791,16,869,8,6000,1.01841196778
230910,231657,232182,747,525,2,3600,2.42285714286
230926,230934,231818,8,884,8,6000,1.00904977376
230937,230943,231835,6,892,8,6000,1.0067264574
230948,231019,232040,71,1021,8,6000,1.06953966699
230948,231026,231898,78,872,8,6000,1.08944954128
231020,231083,232031,63,948,8,6000,1.0664556962
231030,231667,232527,637,860,8,6000,1.74069767442
231082,231673,232553,591,880,8,6000,1.67159090909
231672,231771,232645,99,874,8,6000,1.11327231121
231774,231785,232639,11,854,8,6000,1.01288056206
231785,231802,232663,17,861,8,6000,1.01974448316
231806,231830,232691,24,861,8,6000,1.02787456446
231827,231848,232726,21,878,8,6000,1.02391799544
231847,231909,232798,62,889,8,6000,1.06974128234
231909,232043,232922,134,879,8,6000,1.15244596132
232042,232051,232954,9,903,8,6000,1.00996677741
232052,232172,233167,120,995,8,6000,1.12060301508
232176,232657,233563,481,906,8,6000,1.53090507726
232185,232698,232749,513,51,16,1800,11.0588235294
232185,232564,232617,379,53,16,1800,8.15094339623
232185,232628,232687,443,59,16,1800,8.50847457627
232186,232760,232810,574,50,16,1800,12.48
232186,232821,232873,635,52,16,1800,13.2115384615
232186,233071,233122,885,51,16,1800,18.3529411765
232186,233008,233060,822,52,16,1800,16.8076923077
232186,232946,232997,760,51,16,1800,15.9019607843
232186,232884,232935,698,51,16,1800,14.6862745098
232187,236633,236684,4446,51,16,1800,88.1764705882
232187,236638,236686,4451,48,16,1800,93.7291666667
232187,236695,236748,4508,53,16,1800,86.0566037736
232187,236702,236750,4515,48,16,1800,95.0625
232187,236759,236807,4572,48,16,1800,96.25
232187,236765,236815,4578,50,16,1800,92.56
232187,233133,233182,946,49,16,1800,20.306122449
232188,236952,237000,4764,48,16,1800,100.25
232188,236940,236991,4752,51,16,1800,94.1764705882
232188,236880,236929,4692,49,16,1800,96.7551020408
232188,236826,236878,4638,52,16,1800,90.1923076923
232188,236889,236941,4701,52,16,1800,91.4038461538
232188,236819,236869,4631,50,16,1800,93.62
232189,237196,237247,5007,51,16,1800,99.1764705882
232189,237130,237186,4941,56,16,1800,89.2321428571
232189,237062,237119,4873,57,16,1800,86.4912280702
232189,237070,237121,4881,51,16,1800,96.7058823529
232189,237012,237059,4823,47,16,1800,103.617021277
232189,237002,237051,4813,49,16,1800,99.2244897959
232189,237137,237185,4948,48,16,1800,104.083333333
232190,237203,237254,5013,51,16,1800,99.2941176471
232190,237258,237311,5068,53,16,1800,96.6226415094
232190,237322,237371,5132,49,16,1800,105.734693878
232190,237329,237376,5139,47,16,1800,110.340425532
232190,237386,237439,5196,53,16,1800,99.0377358491
232190,237265,237314,5075,49,16,1800,104.571428571
232191,237393,237442,5202,49,16,1800,107.163265306
232191,237451,237506,5260,55,16,1800,96.6363636364
232191,237458,237509,5267,51,16,1800,104.274509804
232191,237518,237572,5327,54,16,1800,99.6481481481
232191,237525,237574,5334,49,16,1800,109.857142857
232191,237583,237632,5392,49,16,1800,111.040816327
232192,237767,237815,5575,48,16,1800,117.145833333
232192,237589,237644,5397,55,16,1800,99.1272727273
232192,237778,237827,5586,49,16,1800,115.0
232192,237718,237767,5526,49,16,1800,113.775510204
232192,237643,237697,5451,54,16,1800,101.944444444
232192,237655,237707,5463,52,16,1800,106.057692308
232192,237708,237756,5516,48,16,1800,115.916666667
232193,237826,237876,5633,50,16,1800,113.66
232193,237840,237894,5647,54,16,1800,105.574074074
232193,237887,237943,5694,56,16,1800,102.678571429
232193,237906,237956,5713,50,16,1800,115.26
232193,237955,238002,5762,47,16,1800,123.595744681
232193,237967,238022,5774,55,16,1800,105.981818182
232194,238013,238068,5819,55,16,1800,106.8
232194,238034,238087,5840,53,16,1800,111.188679245
232194,238098,238147,5904,49,16,1800,121.489795918
232194,238080,238129,5886,49,16,1800,121.12244898
232194,238158,238206,5964,48,16,1800,125.25
232194,238141,238192,5947,51,16,1800,117.607843137
232195,238276,238327,6081,51,16,1800,120.235294118
232195,238338,238386,6143,48,16,1800,128.979166667
232195,238327,238377,6132,50,16,1800,123.64
232195,238264,238315,6069,51,16,1800,120.0
232195,238388,238441,6193,53,16,1800,117.849056604
232195,238203,238253,6008,50,16,1800,121.16
232195,238218,238265,6023,47,16,1800,129.14893617
232196,238460,238509,6264,49,16,1800,128.836734694
232196,238512,238566,6316,54,16,1800,117.962962963
232196,238521,238572,6325,51,16,1800,125.019607843
232196,238452,238501,6256,49,16,1800,128.673469388
232196,238577,238626,6381,49,16,1800,131.224489796
232196,238398,238448,6202,50,16,1800,125.04
232197,238764,238813,6567,49,16,1800,135.020408163
232197,238772,238820,6575,48,16,1800,137.979166667
232197,238702,238753,6505,51,16,1800,128.549019608
232197,238644,238695,6447,51,16,1800,127.411764706
232197,238637,238691,6440,54,16,1800,120.259259259
232197,238709,238761,6512,52,16,1800,126.230769231
232197,238584,238632,6387,48,16,1800,134.0625
232198,238950,238999,6752,49,16,1800,138.795918367
232198,238896,238945,6698,49,16,1800,137.693877551
232198,238957,239006,6759,49,16,1800,138.93877551
232198,238831,238883,6633,52,16,1800,128.557692308
232198,238824,238878,6626,54,16,1800,123.703703704
232198,238889,238939,6691,50,16,1800,134.82
232199,239017,239069,6818,52,16,1800,132.115384615
232199,239197,239251,6998,54,16,1800,130.592592593
232199,239139,239188,6940,49,16,1800,142.632653061
232199,239132,239185,6933,53,16,1800,131.811320755
232199,239080,239127,6881,47,16,1800,147.404255319
232199,239072,239121,6873,49,16,1800,141.265306122
232199,239010,239061,6811,51,16,1800,134.549019608
232200,239328,239379,7128,51,16,1800,140.764705882
232200,239204,239254,7004,50,16,1800,141.08
232200,239262,239309,7062,47,16,1800,151.255319149
232200,239268,239317,7068,49,16,1800,145.244897959
232200,239321,239372,7121,51,16,1800,140.62745098
232200,239383,239438,7183,55,16,1800,131.6
232478,236644,238978,4166,2334,4,21600,2.78491859469
232479,238990,241006,6511,2016,4,21600,4.22966269841
232480,241017,242583,8537,1566,4,21600,6.45146871009
232481,242595,244174,10114,1579,4,21600,7.40531982267
232482,243057,244634,10575,1577,4,21600,7.70577045022
232484,243062,244758,10578,1696,4,21600,7.23702830189
232485,243067,244674,10582,1607,4,21600,7.58494088363
232486,243072,244648,10586,1576,4,21600,7.71700507614
232487,243078,244706,10591,1628,4,21600,7.50552825553
232488,243083,244689,10595,1606,4,21600,7.59713574097
232490,243088,244672,10598,1584,4,21600,7.69065656566
232491,243093,244668,10602,1575,4,21600,7.73142857143
232492,243098,244860,10606,1762,4,21600,7.01929625426
232493,243104,245112,10611,2008,4,21600,6.2843625498
232494,243109,244691,10615,1582,4,21600,7.70986093552
232646,232675,233599,29,924,8,6000,1.03138528139
232667,232706,233577,39,871,8,6000,1.0447761194
232698,232738,233604,40,866,8,6000,1.04618937644
232729,232811,233782,82,971,8,6000,1.08444902163
232746,243119,244464,10373,1345,10,57600,8.71226765799
232801,232934,233813,133,879,8,6000,1.15130830489
232914,232967,233870,53,903,8,6000,1.05869324474
232926,233888,236622,962,2734,32,2700,1.35186539868
232935,233179,234090,244,911,8,6000,1.26783754116
232966,233575,234592,609,1017,8,6000,1.598820059
233181,233589,234455,408,866,8,6000,1.47113163972
233580,233610,234467,30,857,8,6000,1.03500583431
233590,233616,234477,26,861,8,6000,1.03019744483
233611,233795,234677,184,882,8,6000,1.20861678005
233622,233822,234723,200,901,8,6000,1.22197558269
233796,233829,234695,33,866,8,6000,1.03810623557
233827,233881,235349,54,1468,8,6000,1.03678474114
233828,234102,235061,274,959,8,6000,1.28571428571
233879,234445,235304,566,859,8,6000,1.65890570431
234106,234466,236034,360,1568,8,6000,1.22959183673
234465,234479,235346,14,867,8,6000,1.01614763552
234475,234488,235365,13,877,8,6000,1.01482326112
234486,234604,235526,118,922,8,6000,1.12798264642
234599,234688,235539,89,851,8,6000,1.10458284371
234681,234707,235575,26,868,8,6000,1.02995391705
234702,234735,235609,33,874,8,6000,1.03775743707
234733,235073,235950,340,877,8,6000,1.38768529076
235070,235316,236183,246,867,8,6000,1.28373702422
235121,237282,237289,2161,7,1,356400,216.8
235306,235358,236251,52,893,8,6000,1.05823068309
235347,235366,236223,19,857,8,6000,1.02217036173
235358,235378,236258,20,880,8,6000,1.02272727273
235368,235538,236410,170,872,8,6000,1.19495412844
235532,235552,236491,20,939,8,6000,1.02129925453
235543,235587,236463,44,876,8,6000,1.0502283105
235552,239450,239722,3898,272,32,3600,15.3308823529
235557,237301,240274,1744,2973,1,356400,1.58661284897
235584,235622,236485,38,863,8,6000,1.04403244496
235615,235962,236847,347,885,8,6000,1.39209039548
235718,244187,248747,8469,4560,2,43200,2.85723684211
235953,236046,236909,93,863,8,6000,1.1077636153
236035,236196,237978,161,1782,8,6000,1.09034792368
236162,247088,255782,10926,8694,32,18000,2.25672877847
236190,236235,237127,45,892,8,6000,1.05044843049
236231,236263,237818,32,1555,8,6000,1.02057877814
236252,236271,237145,19,874,8,6000,1.02173913043
236262,236422,237280,160,858,8,6000,1.18648018648
236416,236474,237334,58,860,8,6000,1.06744186047
236468,236497,237792,29,1295,8,6000,1.02239382239
236488,236504,237368,16,864,8,6000,1.01851851852
236499,236859,237899,360,1040,8,6000,1.34615384615
236764,244476,248872,7712,4396,2,36000,2.75432211101
236857,236921,237781,64,860,8,6000,1.07441860465
236919,237145,238023,226,878,8,6000,1.25740318907
237134,237156,238016,22,860,8,6000,1.02558139535
237154,237292,238165,138,873,8,6000,1.15807560137
237287,237345,238221,58,876,8,6000,1.06621004566
237339,237380,238364,41,984,8,6000,1.04166666667
237370,237794,238661,424,867,8,6000,1.48904267589
237514,240286,259717,2772,19431,1,72000,1.14265863826
237789,237803,238676,14,873,8,6000,1.01603665521
237799,237833,238788,34,955,8,6000,1.03560209424
237820,237914,238771,94,857,8,6000,1.10968494749
237902,237990,238855,88,865,8,6000,1.10173410405
237984,238027,238893,43,866,8,6000,1.04965357968
238025,238039,239073,14,1034,8,6000,1.01353965184
238026,238177,239423,151,1246,8,6000,1.12118780096
238169,238232,239135,63,903,8,6000,1.06976744186
238231,238376,239238,145,862,8,6000,1.16821345708
238374,238672,239544,298,872,8,6000,1.34174311927
238670,238687,239570,17,883,8,6000,1.01925254813
238680,238783,239665,103,882,8,6000,1.11678004535
238772,238799,239653,27,854,8,6000,1.03161592506
238793,238867,239758,74,891,8,6000,1.08305274972
238865,238905,239771,40,866,8,6000,1.04618937644
238896,239086,239973,190,887,8,6000,1.21420518602
239080,239147,240007,67,860,8,6000,1.07790697674
239141,239249,240140,108,891,8,6000,1.12121212121
239244,239434,240305,190,871,8,6000,1.21814006889
239427,239556,240414,129,858,8,6000,1.15034965035
239550,239583,240435,33,852,8,6000,1.03873239437
239571,239665,240666,94,1001,8,6000,1.09390609391
239663,239676,240557,13,881,8,6000,1.01475595914
239673,239734,240615,61,881,8,6000,1.06923950057
239735,239742,240609,7,867,8,6000,1.00807381776
239745,239753,240624,8,871,8,6000,1.00918484501
239758,239769,242713,11,2944,5,14400,1.00373641304
239768,239783,242689,15,2906,5,14400,1.00516173434
239779,239790,242627,11,2837,5,14400,1.00387733521
239790,239986,242906,196,2920,5,14400,1.06712328767
239984,240020,242927,36,2907,5,14400,1.01238390093
240025,240031,242855,6,2824,5,14400,1.00212464589
240035,240153,243121,118,2968,5,14400,1.0397574124
240158,240164,243076,6,2912,5,14400,1.00206043956
240169,240317,243227,148,2910,5,14400,1.05085910653
240324,240426,243230,102,2804,5,14400,1.03637660485
240426,240433,243327,7,2894,5,14400,1.00241879751
240437,240447,243399,10,2952,5,14400,1.00338753388
240448,240570,243492,122,2922,5,14400,1.0417522245
240570,240577,243436,7,2859,5,14400,1.00244840853
240581,240678,243857,97,3179,5,14400,1.03051273986
240619,244486,249985,3867,5499,1,356400,1.70321876705
240632,240683,243636,51,2953,5,14400,1.0172705723
240673,242640,245597,1967,2957,5,14400,1.66520121745
240772,244492,249945,3720,5453,1,356400,1.6821932881
241325,259828,292261,18503,32433,16,32400,1.57049918293
242628,242701,245604,73,2903,5,14400,1.02514640028
242690,242725,245763,35,3038,5,14400,1.01152073733
242721,242867,245819,146,2952,5,14400,1.04945799458
242864,242918,245840,54,2922,5,14400,1.01848049281
242915,242939,245853,24,2914,5,14400,1.00823610158
242936,243125,246044,189,2919,5,14400,1.06474820144
243079,243133,246106,54,2973,5,14400,1.01816347124
243130,243238,246207,108,2969,5,14400,1.03637588414
243232,243245,246168,13,2923,5,14400,1.00444748546
243243,243340,247078,97,3738,5,14400,1.02594970572
243335,243412,246382,77,2970,5,14400,1.02592592593
243407,243448,246382,41,2934,5,14400,1.0139740968
243438,243503,246339,65,2836,5,14400,1.02291960508
243499,243647,246539,148,2892,5,14400,1.05117565698
243543,244497,250093,954,5596,1,356400,1.17047891351
243642,243869,246929,227,3060,5,14400,1.07418300654
243867,244481,247085,614,2604,5,14400,1.23579109063
244478,244646,247079,168,2433,5,14400,1.06905055487
244651,244659,247077,8,2418,5,14400,1.00330851944
244662,244685,247079,23,2394,5,14400,1.00960735171
244683,244691,247079,8,2388,5,14400,1.00335008375
244693,245609,247081,916,1472,5,14400,1.6222826087
245610,245616,247079,6,1463,5,14400,1.004101162
245620,245776,247079,156,1303,5,14400,1.1197237145
245774,245832,247081,58,1249,5,14400,1.04643714972
245835,245852,247086,17,1234,5,14400,1.01377633712
245856,245865,247079,9,1214,5,14400,1.00741350906
245867,246056,247079,189,1023,5,14400,1.18475073314
246005,246011,246016,6,5,2,3540,1.1
246052,246117,247079,65,962,5,14400,1.06756756757
246114,246180,247079,66,899,5,14400,1.07341490545
246175,246219,247079,44,860,5,14400,1.0511627907
246216,246351,247085,135,734,5,14400,1.18392370572
246351,246393,247079,42,686,5,14400,1.0612244898
246392,246400,247082,8,682,5,14400,1.01173020528
246403,246551,247079,148,528,5,14400,1.2803030303
246547,246941,247079,394,138,5,14400,3.85507246377
246719,249997,301939,3278,51942,1,259200,1.06310885218
246789,305240,400540,58451,95300,72,259200,1.61333683106
247032,259833,302040,12801,42207,1,259200,1.30329092331
247159,247165,275980,6,28815,1,28800,1.00020822488
247270,247277,247278,7,1,8,6000,1.0
247300,247306,247384,6,78,8,6000,1.07692307692
247654,247660,248521,6,861,8,6000,1.00696864111
247665,247671,248534,6,863,8,6000,1.00695249131
247665,247677,248620,12,943,8,6000,1.01272534464
247676,247689,248546,13,857,8,6000,1.01516919487
247676,247683,248555,7,872,8,6000,1.00802752294
247687,247992,248842,305,850,8,6000,1.35882352941
247687,247997,248841,310,844,8,6000,1.3672985782
247993,248004,248842,11,838,8,6000,1.01312649165
247994,248009,248842,15,833,8,6000,1.01800720288
248004,248015,248842,11,827,8,6000,1.01330108827
248005,248021,248842,16,821,8,6000,1.01948842875
248026,248033,248841,7,808,8,6000,1.00866336634
248036,248533,248841,497,308,8,6000,2.61363636364
248401,248854,248885,453,31,2,3600,15.6129032258
248402,248903,248933,501,30,2,3600,17.7
248402,248896,248927,494,31,2,3600,16.935483871
248402,248883,248913,481,30,2,3600,17.0333333333
248402,248859,248891,457,32,2,3600,15.28125
248403,248946,248973,543,27,2,3600,21.1111111111
248403,248938,248966,535,28,2,3600,20.1071428571
248403,248924,248953,521,29,2,3600,18.9655172414
248403,248978,249002,575,24,2,3600,24.9583333333
248403,248966,248992,563,26,2,3600,22.6538461538
248404,248984,249013,580,29,2,3600,21.0
248404,249004,249030,600,26,2,3600,24.0769230769
248404,249014,249041,610,27,2,3600,23.5925925926
248404,249047,249077,643,30,2,3600,22.4333333333
248404,249024,249052,620,28,2,3600,23.1428571429
248405,249246,249271,841,25,2,3600,34.64
248405,249165,249197,760,32,2,3600,24.75
248405,249128,249154,723,26,2,3600,28.8076923077
248405,249283,249310,878,27,2,3600,33.5185185185
248405,249209,249233,804,24,2,3600,34.5
248405,249088,249116,683,28,2,3600,25.3928571429
248406,249411,249441,1005,30,2,3600,34.5
248406,249452,249482,1046,30,2,3600,35.8666666667
248406,249326,249357,920,31,2,3600,30.6774193548
248406,249369,249399,963,30,2,3600,33.1
248406,249494,249523,1088,29,2,3600,38.5172413793
248407,249540,249574,1133,34,2,3600,34.3235294118
248407,249587,249615,1180,28,2,3600,43.1428571429
248407,249627,249654,1220,27,2,3600,46.1851851852
248407,249666,249724,1259,58,2,3600,22.7068965517
248533,248546,248841,13,295,8,6000,1.04406779661
248544,248558,248841,14,283,8,6000,1.04946996466
248555,248567,248841,12,274,8,6000,1.04379562044
248565,248633,248842,68,209,8,6000,1.32535885167
248637,248759,248843,122,84,8,6000,2.45238095238
249034,249041,249930,7,889,8,6000,1.00787401575
249045,249054,250732,9,1678,8,6000,1.00536352801
249045,249060,249937,15,877,8,6000,1.01710376283
249056,249067,250032,11,965,8,6000,1.01139896373
249056,249754,250650,698,896,8,6000,1.77901785714
249067,249759,250721,692,962,8,6000,1.71933471933
249759,249766,250635,7,869,8,6000,1.0080552359
249760,249772,250645,12,873,8,6000,1.01374570447
249770,249779,250722,9,943,8,6000,1.00954400848
249771,249784,250799,13,1015,8,6000,1.01280788177
249782,249790,250735,8,945,8,6000,1.00846560847
249792,249798,250658,6,860,8,6000,1.00697674419
249803,249809,250678,6,869,8,6000,1.00690448792
249813,249942,250890,129,948,8,6000,1.13607594937
249896,249902,250074,6,172,1,600,1.03488372093
249946,249953,250842,7,889,8,6000,1.00787401575
249957,250044,250905,87,861,8,6000,1.10104529617
250020,259849,296299,9829,36450,1,356400,1.26965706447
250049,250647,251509,598,862,8,6000,1.69373549884
250537,259855,265546,9318,5691,32,7200,2.63732208751
250565,272162,278153,21597,5991,64,14400,4.60490736104
250649,250656,251662,7,1006,8,6000,1.0069582505
250660,250666,251540,6,874,8,6000,1.00686498856
250671,250677,251559,6,882,8,6000,1.00680272109
250681,250690,251578,9,888,8,6000,1.01013513514
250692,250733,251661,41,928,8,6000,1.04418103448
250733,250739,251602,6,863,8,6000,1.00695249131
250744,250751,251605,7,854,8,6000,1.00819672131
250754,250761,251639,7,878,8,6000,1.00797266515
250765,250811,251693,46,882,8,6000,1.05215419501
250806,250855,251708,49,853,8,6000,1.05744431419
250857,250902,251812,45,910,8,6000,1.04945054945
250899,250916,251965,17,1049,8,6000,1.01620591039
250920,251521,252386,601,865,8,6000,1.69479768786
251493,252496,253468,1003,972,2,3600,2.03189300412
251520,251552,252415,32,863,8,6000,1.03707995365
251551,251571,252534,20,963,8,6000,1.02076843198
251572,251590,252478,18,888,8,6000,1.02027027027
251593,251614,252484,21,870,8,6000,1.02413793103
251614,251620,252484,6,864,8,6000,1.00694444444
251624,251653,252506,29,853,8,6000,1.03399765533
251656,251673,252536,17,863,8,6000,1.01969872538
251677,251684,252548,7,864,8,6000,1.00810185185
251687,251705,252586,18,881,8,6000,1.02043132804
251708,251720,252585,12,865,8,6000,1.01387283237
251719,251824,252710,105,886,8,6000,1.11851015801
251821,251978,252944,157,966,8,6000,1.16252587992
251974,252397,253415,423,1018,8,6000,1.41552062868
252402,252427,253528,25,1101,8,6000,1.02270663034
252433,252490,253360,57,870,8,6000,1.06551724138
252494,252503,253427,9,924,8,6000,1.00974025974
252505,252512,253421,7,909,8,6000,1.00770077008
252516,252522,253402,6,880,8,6000,1.00681818182
252526,252546,253406,20,860,8,6000,1.02325581395
252547,252553,253445,6,892,8,6000,1.0067264574
252558,252564,253443,6,879,8,6000,1.00682593857
252568,252597,253457,29,860,8,6000,1.03372093023
252599,252605,253467,6,862,8,6000,1.00696055684
252610,252722,253592,112,870,8,6000,1.12873563218
252723,252956,253841,233,885,8,6000,1.26327683616
252958,253372,254247,414,875,8,6000,1.47314285714
253044,253051,253058,7,7,1,600,1.4
253129,253135,253204,6,69,1,600,1.08695652174
253182,253457,257997,275,4540,8,7200,1.06057268722
253291,253297,253652,6,355,1,600,1.01690140845
253368,253413,254273,45,860,8,6000,1.0523255814
253410,253420,254327,10,907,8,6000,1.01102535832
253420,253427,254310,7,883,8,6000,1.00792751982
253431,253437,254337,6,900,8,6000,1.00666666667
253442,253448,254391,6,943,8,6000,1.00636267232
253453,253464,254344,11,880,8,6000,1.0125
253464,253470,254346,6,876,8,6000,1.00684931507
253474,253480,254515,6,1035,8,6000,1.00579710145
253485,253540,254419,55,879,8,6000,1.06257110353
253506,253526,253711,20,185,1,3600,1.10810810811
253536,253604,254580,68,976,8,6000,1.06967213115
253608,253853,254816,245,963,8,6000,1.2544132918
253675,253681,254299,6,618,1,600,1.00970873786
253698,253722,257338,24,3616,1,3600,1.00663716814
253853,254258,255118,405,860,8,6000,1.47093023256
253999,259843,489440,5844,229597,2,360000,1.02545329425
254260,254285,255161,25,876,8,6000,1.02853881279
254261,256499,260117,2238,3618,2,3600,1.61857379768
254269,256694,257924,2425,1230,2,1200,2.97154471545
254281,254322,255193,41,871,8,6000,1.04707233065
254326,254338,255213,12,875,8,6000,1.01371428571
254336,254348,255219,12,871,8,6000,1.01377726751
254347,254356,255232,9,876,8,6000,1.0102739726
254358,254364,255224,6,860,8,6000,1.00697674419
254368,254403,255283,35,880,8,6000,1.03977272727
254399,254430,255285,31,855,8,6000,1.03625730994
254430,254527,255445,97,918,8,6000,1.10566448802
254533,254593,255461,60,868,8,6000,1.06912442396
254594,254828,255711,234,883,8,6000,1.26500566251
254606,254612,254637,6,25,1,120,1.24
254710,254716,254727,6,11,1,14400,1.54545454545
254750,255303,259816,553,4513,8,7200,1.12253489918
254779,254786,254813,7,27,1,32400,1.25925925926
254829,255129,256001,300,872,8,6000,1.34403669725
254835,254842,254893,7,51,1,32400,1.13725490196
255135,255174,256074,39,900,8,6000,1.04333333333
255176,255205,256083,29,878,8,6000,1.03302961276
255207,255225,256084,18,859,8,6000,1.02095459837
255228,255234,256108,6,874,8,6000,1.00686498856
255238,255244,256134,6,890,8,6000,1.00674157303
255249,255255,256163,6,908,8,6000,1.00660792952
255259,255295,256930,36,1635,8,6000,1.02201834862
255291,255458,256470,167,1012,8,6000,1.16501976285
255455,255473,256475,18,1002,8,6000,1.01796407186
255459,255465,255517,6,52,1,32400,1.11538461538
255475,255723,256609,248,886,8,6000,1.27990970655
255720,256012,256957,292,945,8,6000,1.30899470899
255758,256983,258027,1225,1044,32,3600,2.17337164751
256016,256085,256969,69,884,8,6000,1.07805429864
256087,256095,257069,8,974,8,6000,1.00821355236
256088,256101,256958,13,857,8,6000,1.01516919487
256098,256119,257012,21,893,8,6000,1.0235162374
256119,256146,257010,27,864,8,6000,1.03125
256150,256175,257051,25,876,8,6000,1.02853881279
256171,256481,257367,310,886,8,6000,1.34988713318
256477,256488,257351,11,863,8,6000,1.01274623407
256488,256621,257481,133,860,8,6000,1.15465116279
256620,256942,258035,322,1093,8,6000,1.29460201281
256947,256968,257879,21,911,8,6000,1.02305159166
256968,256975,257858,7,883,8,6000,1.00792751982
256979,256989,257951,10,962,8,6000,1.0103950104
256989,257022,258064,33,1042,8,6000,1.03166986564
257020,257028,257903,8,875,8,6000,1.00914285714
257031,257062,257923,31,861,8,6000,1.03600464576
257062,257363,258247,301,884,8,6000,1.34049773756
257126,257132,257134,6,2,2,3540,1.0
257358,257379,258401,21,1022,8,6000,1.02054794521
257368,257493,258357,125,864,8,6000,1.14467592593
257491,257871,258795,380,924,8,6000,1.41125541126
257868,257890,258767,22,877,8,6000,1.02508551881
257889,257915,258784,26,869,8,6000,1.02991944764
257910,257935,258793,25,858,8,6000,1.02913752914
257931,257963,258827,32,864,8,6000,1.03703703704
257962,258047,259048,85,1001,8,6000,1.08491508492
258045,258076,258948,31,872,8,6000,1.03555045872
258066,258259,261161,193,2902,5,14400,1.06650585803
258250,258369,261332,119,2963,5,14400,1.04016199798
258260,258374,261266,114,2892,5,14400,1.03941908714
258373,258413,261382,40,2969,5,14400,1.01347254968
258373,258779,261687,406,2908,5,14400,1.13961485557
258414,258784,261584,370,2800,5,14400,1.13214285714
258503,258510,259535,7,1025,32,3600,1.00682926829
258781,258801,261750,20,2949,5,14400,1.00678195999
258781,258795,261795,14,3000,5,14400,1.00466666667
258792,258808,261699,16,2891,5,14400,1.00553441716
258803,258820,261721,17,2901,5,14400,1.00586004826
258803,258814,261577,11,2763,5,14400,1.00398117988
258814,258839,261734,25,2895,5,14400,1.00863557858
258824,258959,262018,135,3059,5,14400,1.0441320693
258835,258964,261830,129,2866,5,14400,1.04501046755
258958,259060,262397,102,3337,5,14400,1.03056637699
258968,259065,262000,97,2935,5,14400,1.03304940375
259060,259838,262808,778,2970,5,14400,1.26195286195
259618,259625,259627,7,2,2,615,1.0
259624,259631,259634,7,3,2,615,1.0
259834,261172,264087,1338,2915,5,14400,1.4590051458
259860,259867,259899,7,32,2,615,1.21875
259869,259875,259896,6,21,2,615,1.28571428571
260303,260309,260322,6,13,2,615,1.46153846154
260306,260316,260326,10,10,2,615,2.0
260309,260322,260323,13,1,2,615,1.4
260908,260914,260916,6,2,2,615,1.0
261178,261277,264315,99,3038,5,14400,1.03258722844
261251,261257,261259,6,2,2,615,1.0
261280,261343,264329,63,2986,5,14400,1.02109845948
261341,261393,264303,52,2910,5,14400,1.01786941581
261392,261588,264480,196,2892,5,14400,1.06777316736
261462,261473,261474,11,1,2,615,1.2
261462,261468,261469,6,1,2,615,1.0
261463,261478,261479,15,1,2,615,1.6
261463,261484,261485,21,1,2,615,2.2
261463,261489,261492,26,3,2,615,2.9
261463,261495,261496,32,1,2,615,3.3
261464,261505,261518,41,13,2,615,4.15384615385
261464,261500,261509,36,9,2,615,4.5
261586,261595,264495,9,2900,5,14400,1.00310344828
261597,261698,264720,101,3022,5,14400,1.03342157512
261699,261710,264685,11,2975,5,14400,1.00369747899
261710,261732,264615,22,2883,5,14400,1.00763093999
261731,261745,264659,14,2914,5,14400,1.00480439259
261741,261790,264932,49,3142,5,14400,1.01559516232
261743,261756,261758,13,2,2,615,1.5
261743,261751,261752,8,1,2,615,1.0
261744,261762,261763,18,1,2,615,1.9
261744,261783,261792,39,9,2,615,4.8
261744,261777,261779,33,2,2,615,3.5
261744,261772,261773,28,1,2,615,2.9
261744,261767,261768,23,1,2,615,2.4
261745,261795,261807,50,12,2,615,5.16666666667
261793,261807,264719,14,2912,5,14400,1.00480769231
261803,261841,264689,38,2848,5,14400,1.01334269663
261844,262012,264863,168,2851,5,14400,1.05892669239
261854,261860,261861,6,1,2,615,1.0
261854,261865,261866,11,1,2,615,1.2
261855,261871,261872,16,1,2,615,1.7
261855,261877,261878,22,1,2,615,2.3
261855,261882,261883,27,1,2,615,2.8
261856,261892,261905,36,13,2,615,3.76923076923
261856,261887,261889,31,2,2,615,3.3
261856,261900,261911,44,11,2,615,5.0
261868,278210,296458,16342,18248,32,54000,1.89555019728
262008,262030,265141,22,3111,5,14400,1.00707168113
262028,262409,265456,381,3047,5,14400,1.12504102396
262087,262093,262095,6,2,2,615,1.0
262363,262374,262375,11,1,4,3600,1.2
262363,262380,262381,17,1,2,3600,1.8
262364,278189,278192,15825,3,64,3600,1582.8
262364,262369,262371,5,2,8,3600,1.0
262364,262820,262822,456,2,16,3600,45.8
262364,265558,265565,3194,7,32,3600,320.1
262365,302288,302309,39923,21,128,3600,1902.0952381
262405,262825,265722,420,2897,5,14400,1.144977563
262823,262835,266555,12,3720,2,3600,1.00322580645
262823,264099,267124,1276,3025,5,14400,1.42181818182
264096,264316,267121,220,2805,5,14400,1.07843137255
264320,264327,267327,7,3000,5,14400,1.00233333333
264331,264341,267224,10,2883,5,14400,1.00346860909
264341,264492,267533,151,3041,5,14400,1.04965471884
264495,264508,267369,13,2861,5,14400,1.00454386578
264505,264627,267535,122,2908,5,14400,1.04195323246
264628,264671,267618,43,2947,5,14400,1.0145911096
264669,264697,267791,28,3094,5,14400,1.00904977376
264690,264704,267554,14,2850,5,14400,1.0049122807
264700,264732,267640,32,2908,5,14400,1.01100412655
264721,264737,267822,16,3085,5,14400,1.00518638574
264742,264875,267741,133,2866,5,14400,1.04640614096
264875,264944,267938,69,2994,5,14400,1.02304609218
264946,265153,268120,207,2967,5,14400,1.06976744186
265150,265467,268518,317,3051,5,14400,1.10390036054
265466,265734,268746,268,3012,5,14400,1.08897742364
265732,267133,270169,1401,3036,5,14400,1.46146245059
267127,267140,270073,13,2933,5,14400,1.00443232185
267137,267236,270323,99,3087,5,14400,1.03206997085
267239,267339,270220,100,2881,5,14400,1.03471017008
267342,267381,270297,39,2916,5,14400,1.0133744856
267383,267548,270640,165,3092,5,14400,1.05336351876
267495,267503,267506,8,3,2,3540,1.1
267536,267554,270544,18,2990,5,14400,1.00602006689
267557,267566,270367,9,2801,5,14400,1.00321313816
267567,267631,270540,64,2909,5,14400,1.02200068752
267629,267653,270568,24,2915,5,14400,1.00823327616
267649,267753,270705,104,2952,5,14400,1.0352303523
267752,267803,270798,51,2995,5,14400,1.01702838063
267803,267835,270873,32,3038,5,14400,1.01053324556
267834,267950,270945,116,2995,5,14400,1.0387312187
267946,268132,271211,186,3079,5,14400,1.06040922377
268130,268531,272052,401,3521,5,14400,1.11388809997
268526,268537,268713,11,176,1,3600,1.0625
268527,268758,272107,231,3349,5,14400,1.06897581368
268563,268569,268600,6,31,1,10,1.1935483871
268762,270085,272932,1323,2847,5,14400,1.46469968388
268897,268904,269240,7,336,1,3600,1.02083333333
269611,269618,270445,7,827,1,3600,1.0084643289
270085,270182,273275,97,3093,5,14400,1.03136113805
270187,270232,273186,45,2954,5,14400,1.01523358158
270228,270309,273838,81,3529,5,14400,1.02295267781
270310,270336,273293,26,2957,5,14400,1.0087926953
270341,270379,273200,38,2821,5,14400,1.01347040057
270382,270552,273476,170,2924,5,14400,1.05813953488
270545,270559,273561,14,3002,5,14400,1.00466355763
270556,270581,273732,25,3151,5,14400,1.00793398921
270587,270652,273844,65,3192,5,14400,1.02036340852
270648,270717,273808,69,3091,5,14400,1.02232287286
270720,270811,273775,91,2964,5,14400,1.03070175439
270812,270885,273815,73,2930,5,14400,1.02491467577
270883,270957,273939,74,2982,5,14400,1.02481556003
270955,271223,274133,268,2910,5,14400,1.09209621993
270988,270995,271294,7,299,2,3600,1.02341137124
271125,271132,271160,7,28,2,615,1.25
271220,272065,275085,845,3020,5,14400,1.2798013245
271228,271234,271235,6,1,2,615,1.0
271228,271267,271268,39,1,2,615,4.0
271228,271239,271241,11,2,2,615,1.3
271229,271256,271259,27,3,2,615,3.0
271229,271251,271276,22,25,2,615,1.88
271229,271262,271263,33,1,2,615,3.4
271229,271246,271252,17,6,2,615,2.3
271496,271503,271504,7,1,2,615,1.0
271547,271553,271558,6,5,2,615,1.1
271650,271658,271768,8,110,1,3600,1.07272727273
271666,271881,271882,215,1,2,615,21.6
271667,271828,271830,161,2,2,615,16.3
271667,271868,271869,201,1,2,615,20.2
271667,271855,271856,188,1,2,615,18.9
271667,271842,271843,175,1,2,615,17.6
271668,271793,271816,125,23,2,615,6.4347826087
271668,271778,271781,110,3,2,615,11.3
271941,271948,272256,7,308,1,3600,1.02272727273
271990,272307,272309,317,2,2,615,31.9
271990,272315,272316,325,1,2,615,32.6
271991,272291,272292,300,1,2,615,30.1
271991,272299,272301,308,2,2,615,31.0
271991,272239,272242,248,3,2,615,25.1
271991,272255,272256,264,1,2,615,26.5
271991,272234,272278,243,44,2,615,6.52272727273
271992,272229,272287,237,58,2,615,5.08620689655
272039,272046,272217,7,171,1,3600,1.04093567251
272065,272119,275075,54,2956,5,14400,1.01826792963
272116,272224,275188,108,2964,5,14400,1.03643724696
272202,278225,278227,6023,2,8,3600,602.5
272202,278220,278222,6018,2,16,3600,602.0
272202,278205,278207,6003,2,32,3600,600.5
272202,272328,272330,126,2,4,3600,12.8
272203,278166,278176,5963,10,64,3600,597.3
272203,302321,302328,30118,7,128,3600,3012.5
272229,272269,275261,40,2992,5,14400,1.01336898396
272270,272945,275864,675,2919,5,14400,1.23124357657
272361,272370,272371,9,1,2,3600,1.0
272408,272415,272752,7,337,1,3600,1.02077151335
272761,272768,273379,7,611,1,3600,1.01145662848
272942,273199,276337,257,3138,5,14400,1.08189929892
273130,273137,273944,7,807,1,3600,1.00867410161
273197,273213,276143,16,2930,5,14400,1.00546075085
273217,273288,276401,71,3113,5,14400,1.02280758111
273289,273305,276366,16,3061,5,14400,1.00522704998
273310,273417,276388,107,2971,5,14400,1.03601480983
273412,273424,276191,12,2767,5,14400,1.00433682689
273423,273490,276456,67,2966,5,14400,1.02258934592
273495,273573,276535,78,2962,5,14400,1.02633355841
273576,273746,276865,170,3119,5,14400,1.05450464893
273750,273789,276664,39,2875,5,14400,1.01356521739
273791,273822,276819,31,2997,5,14400,1.01034367701
273822,273829,276849,7,3020,5,14400,1.00231788079
273833,273851,276881,18,3030,5,14400,1.00594059406
273853,273861,276871,8,3010,5,14400,1.00265780731
273864,273955,276974,91,3019,5,14400,1.03014243127
273956,274147,276994,191,2847,5,14400,1.06708816298
274150,275087,278094,937,3007,5,14400,1.31160625208
275087,275098,278066,11,2968,5,14400,1.00370619946
275097,275202,278141,105,2939,5,14400,1.03572643756
275160,275279,275399,119,120,1,3600,1.99166666667
275200,275274,278313,74,3039,5,14400,1.02435011517
275271,275877,279006,606,3129,5,14400,1.19367209971
275591,275599,275915,8,316,1,3600,1.0253164557
275714,275722,275841,8,119,1,1800,1.06722689076
275873,275994,278908,121,2914,5,14400,1.04152367879
275995,276156,279159,161,3003,5,14400,1.05361305361
276149,277533,277672,1384,139,1,1800,10.9568345324
276159,276204,279438,45,3234,5,14400,1.01391465677
276200,276350,279548,150,3198,5,14400,1.0469043152
276353,276379,279237,26,2858,5,14400,1.00909727082
276384,276401,279430,17,3029,5,14400,1.00561241334
276405,276416,279429,11,3013,5,14400,1.00365084633
276415,276469,279451,54,2982,5,14400,1.01810865191
276421,277682,278305,1261,623,1,3600,3.02407704655
276468,276549,276553,81,4,5,14400,8.5
276550,276566,276570,16,4,5,14400,2.0
276571,276583,276587,12,4,5,14400,1.6
276582,276600,276603,18,3,5,14400,2.1
276602,276617,276620,15,3,5,14400,1.8
276613,276634,276638,21,4,5,14400,2.5
276634,276651,276654,17,3,5,14400,2.0
276654,276668,276672,14,4,5,14400,1.8
276665,276678,276682,13,4,5,14400,1.7
276676,276686,276689,10,3,5,14400,1.3
276686,276695,276698,9,3,5,14400,1.2
276697,276706,276709,9,3,5,14400,1.2
276707,276717,276720,10,3,5,14400,1.3
276718,276728,276732,10,4,5,14400,1.4
276729,276736,276739,7,3,5,14400,1.0
276739,276746,276749,7,3,5,14400,1.0
276750,276758,276761,8,3,5,14400,1.1
276760,276768,276772,8,4,5,14400,1.2
276771,276779,276783,8,4,5,14400,1.2
276782,276790,276793,8,3,5,14400,1.1
276792,276801,276804,9,3,5,14400,1.2
276803,276812,276815,9,3,5,14400,1.2
276813,276823,276826,10,3,5,14400,1.3
276824,276832,276835,8,3,5,14400,1.1
276835,276842,276845,7,3,5,14400,1.0
276845,276852,276855,7,3,5,14400,1.0
276856,276866,276869,10,3,5,14400,1.3
276866,276874,276877,8,3,5,14400,1.1
276877,276884,276888,7,4,5,14400,1.1
276888,276897,276900,9,3,5,14400,1.2
276898,276906,276909,8,3,5,14400,1.1
276909,276917,276921,8,4,5,14400,1.2
276919,276928,276931,9,3,5,14400,1.2
276930,276938,276942,8,4,5,14400,1.2
276940,276948,276951,8,3,5,14400,1.1
276951,276958,276961,7,3,5,14400,1.0
276962,276969,276973,7,4,5,14400,1.1
276962,276975,276978,13,3,5,14400,1.6
276973,276983,276986,10,3,5,14400,1.3
276983,276991,276995,8,4,5,14400,1.2
276984,276999,277002,15,3,5,14400,1.8
276994,277007,277010,13,3,5,14400,1.6
276995,277012,277015,17,3,5,14400,2.0
277005,277020,277023,15,3,5,14400,1.8
277016,277028,277032,12,4,5,14400,1.6
277016,277033,277038,17,5,5,14400,2.2
277027,277041,277044,14,3,5,14400,1.7
277037,277049,277052,12,3,5,14400,1.5
277038,277054,277058,16,4,5,14400,2.0
277048,277062,277065,14,3,5,14400,1.7
277061,277075,277078,14,3,5,14400,1.7
277061,277069,277073,8,4,5,14400,1.2
277072,277082,277086,10,4,5,14400,1.4
277072,277087,277091,15,4,5,14400,1.9
277083,277096,277099,13,3,5,14400,1.6
277083,277101,277105,18,4,5,14400,2.2
277094,277109,277113,15,4,5,14400,1.9
277104,277117,277120,13,3,5,14400,1.6
277105,277122,277126,17,4,5,14400,2.1
277115,277130,277133,15,3,5,14400,1.8
277126,277137,277141,11,4,5,14400,1.5
277126,277142,277146,16,4,5,14400,2.0
277137,277150,277153,13,3,5,14400,1.6
277147,277158,277162,11,4,5,14400,1.5
277148,277163,277167,15,4,5,14400,1.9
277159,277176,277180,17,4,5,14400,2.1
277159,277171,277174,12,3,5,14400,1.5
277170,277184,277188,14,4,5,14400,1.8
277180,277192,277195,12,3,5,14400,1.5
277181,277197,277201,16,4,5,14400,2.0
277191,277204,277208,13,4,5,14400,1.7
277202,277212,277215,10,3,5,14400,1.3
277202,277217,277221,15,4,5,14400,1.9
277213,277225,277229,12,4,5,14400,1.6
277213,277230,277234,17,4,5,14400,2.1
277224,277238,277241,14,3,5,14400,1.7
277234,277246,277249,12,3,5,14400,1.5
277235,277251,277255,16,4,5,14400,2.0
277245,277258,277262,13,4,5,14400,1.7
277256,277267,277270,11,3,5,14400,1.4
277256,277272,277275,16,3,5,14400,1.9
277267,277279,277283,12,4,5,14400,1.6
277267,277284,277288,17,4,5,14400,2.1
277278,277292,277295,14,3,5,14400,1.7
277289,277300,277303,11,3,5,14400,1.4
277289,277305,277309,16,4,5,14400,2.0
277300,277313,277316,13,3,5,14400,1.6
277310,277321,277324,11,3,5,14400,1.4
277311,277326,277330,15,4,5,14400,1.9
277321,277334,277337,13,3,5,14400,1.6
277322,277339,277343,17,4,5,14400,2.1
277332,277346,277350,14,4,5,14400,1.8
277343,277354,277357,11,3,5,14400,1.4
277343,277359,277363,16,4,5,14400,2.0
277354,277367,277370,13,3,5,14400,1.6
277364,277375,277378,11,3,5,14400,1.4
277365,277380,277384,15,4,5,14400,1.9
277375,277388,277391,13,3,5,14400,1.6
277376,277393,277396,17,3,5,14400,2.0
277386,277401,277405,15,4,5,14400,1.9
277397,277414,277417,17,3,5,14400,2.0
277397,277409,277412,12,3,5,14400,1.5
277408,277422,277426,14,4,5,14400,1.8
277418,277429,277433,11,4,5,14400,1.5
277419,277434,277438,15,4,5,14400,1.9
277429,277441,277444,12,3,5,14400,1.5
277430,277446,277453,16,7,5,14400,2.3
277440,277454,277457,14,3,5,14400,1.7
277451,277462,277465,11,3,5,14400,1.4
277451,277467,277471,16,4,5,14400,2.0
277462,277475,277479,13,4,5,14400,1.7
277462,277480,277484,18,4,5,14400,2.2
277473,277488,277491,15,3,5,14400,1.8
277484,277501,277505,17,4,5,14400,2.1
277484,277496,277500,12,4,5,14400,1.6
277495,277509,277512,14,3,5,14400,1.7
277505,277517,277520,12,3,5,14400,1.5
278356,278363,278863,7,500,1,1800,1.014
279480,279486,279601,6,115,1,1800,1.05217391304
279917,279923,280028,6,105,1,1800,1.05714285714
280468,280474,280538,6,64,1,1800,1.09375
280717,280724,281244,7,520,1,1800,1.01346153846
280850,280858,280948,8,90,1,1800,1.08888888889
281822,281828,282146,6,318,1,1800,1.01886792453
283161,283168,283219,7,51,1,1800,1.13725490196
283568,283574,283656,6,82,1,1800,1.07317073171
284392,284398,285260,6,862,8,6000,1.00696055684
284403,284409,285264,6,855,8,6000,1.00701754386
284403,284414,285274,11,860,8,6000,1.01279069767
284414,284422,285291,8,869,8,6000,1.00920598389
284414,284428,285307,14,879,8,6000,1.01592718999
284425,284442,285331,17,889,8,6000,1.01912260967
284425,284435,285355,10,920,8,6000,1.01086956522
284436,284454,285438,18,984,8,6000,1.01829268293
284436,284449,285324,13,875,8,6000,1.01485714286
284447,284460,285419,13,959,8,6000,1.01355578728
284457,284468,285330,11,862,8,6000,1.01276102088
284468,284475,285344,7,869,8,6000,1.0080552359
284479,284486,285465,7,979,8,6000,1.00715015322
284489,284496,285423,7,927,8,6000,1.00755124056
284500,284507,285441,7,934,8,6000,1.00749464668
284510,284517,285389,7,872,8,6000,1.00802752294
284521,284528,285388,7,860,8,6000,1.00813953488
284531,285272,286199,741,927,8,6000,1.79935275081
284707,284714,284998,7,284,1,1800,1.02464788732
285275,285283,286170,8,887,8,6000,1.00901916573
285285,285292,286227,7,935,8,6000,1.00748663102
285296,285303,286182,7,879,8,6000,1.00796359499
285306,285321,286191,15,870,8,6000,1.01724137931
285317,285336,286195,19,859,8,6000,1.02211874272
285338,285346,286207,8,861,8,6000,1.00929152149
285348,285355,286217,7,862,8,6000,1.00812064965
285359,285366,286226,7,860,8,6000,1.00813953488
285370,285377,286256,7,879,8,6000,1.00796359499
285380,285401,286281,21,880,8,6000,1.02386363636
285401,285408,286266,7,858,8,6000,1.00815850816
285412,285433,286296,21,863,8,6000,1.02433371958
285433,285440,286385,7,945,8,6000,1.00740740741
285443,285450,286311,7,861,8,6000,1.0081300813
285454,285461,286326,7,865,8,6000,1.00809248555
285464,285477,286334,13,857,8,6000,1.01516919487
285475,286183,287179,708,996,8,6000,1.71084337349
285565,292276,292334,6711,58,16,1800,116.706896552
285571,296481,302198,10910,5717,32,7200,2.90834353682
286188,286195,287088,7,893,8,6000,1.0078387458
286198,286206,287143,8,937,8,6000,1.00853788687
286209,286216,287320,7,1104,8,6000,1.00634057971
286220,286227,287548,7,1321,8,6000,1.0052990159
286230,286237,287106,7,869,8,6000,1.0080552359
286241,286248,287119,7,871,8,6000,1.00803673938
286253,286261,287142,8,881,8,6000,1.00908059024
286264,286271,287125,7,854,8,6000,1.00819672131
286274,286282,287141,8,859,8,6000,1.00931315483
286285,286293,287207,8,914,8,6000,1.00875273523
286296,286303,287160,7,857,8,6000,1.008168028
286306,286315,287168,9,853,8,6000,1.01055099648
286317,286324,287209,7,885,8,6000,1.00790960452
286328,286339,287195,11,856,8,6000,1.01285046729
286339,286347,287375,8,1028,8,6000,1.00778210117
286350,286398,287421,48,1023,8,6000,1.04692082111
286401,287073,287946,672,873,8,6000,1.76975945017
286759,286766,286852,7,86,1,32400,1.08139534884
286984,286991,293558,7,6567,1,32400,1.00106593574
287073,287080,287958,7,878,8,6000,1.00797266515
287084,287101,287954,17,853,8,6000,1.01992966002
287104,287119,288009,15,890,8,6000,1.01685393258
287115,287131,288088,16,957,8,6000,1.01671891327
287136,287143,288015,7,872,8,6000,1.00802752294
287147,287154,288015,7,861,8,6000,1.0081300813
287157,287164,288055,7,891,8,6000,1.00785634119
287168,287176,288029,8,853,8,6000,1.00937866354
287178,287186,288085,8,899,8,6000,1.00889877642
287189,287196,288279,7,1083,8,6000,1.00646352724
287200,287208,288065,8,857,8,6000,1.00933488915
287211,287219,288078,8,859,8,6000,1.00931315483
287222,287230,288113,8,883,8,6000,1.00906002265
287232,287239,288099,7,860,8,6000,1.00813953488
287243,287333,288196,90,863,8,6000,1.10428736964
287335,287389,288317,54,928,8,6000,1.05818965517
287386,287435,288303,49,868,8,6000,1.0564516129
287438,287562,288916,124,1354,8,6000,1.09158050222
287560,287960,288818,400,858,8,6000,1.4662004662
287957,287967,288834,10,867,8,6000,1.01153402537
287968,287977,288859,9,882,8,6000,1.01020408163
287979,288022,289102,43,1080,8,6000,1.03981481481
288020,288029,288963,9,934,8,6000,1.0096359743
288031,288038,288980,7,942,8,6000,1.00743099788
288041,288049,289007,8,958,8,6000,1.00835073069
288052,288068,289837,16,1769,8,6000,1.009044658
288073,288081,288945,8,864,8,6000,1.00925925926
288084,288091,288977,7,886,8,6000,1.0079006772
288095,288102,288980,7,878,8,6000,1.00797266515
288105,288115,289143,10,1028,8,6000,1.00972762646
288116,288124,289007,8,883,8,6000,1.00906002265
288126,288134,288996,8,862,8,6000,1.00928074246
288137,288208,289190,71,982,8,6000,1.07230142566
288209,288292,289155,83,863,8,6000,1.09617612978
288291,288316,289180,25,864,8,6000,1.02893518519
288312,288330,289194,18,864,8,6000,1.02083333333
288332,288831,289787,499,956,8,6000,1.5219665272
288831,288848,290356,17,1508,8,6000,1.01127320955
288852,288872,289781,20,909,8,6000,1.02200220022
288873,288929,289887,56,958,8,6000,1.05845511482
288924,288958,289818,34,860,8,6000,1.03953488372
288955,288976,289837,21,861,8,6000,1.0243902439
288976,288990,290690,14,1700,8,6000,1.00823529412
288987,288998,290006,11,1008,8,6000,1.01091269841
288998,289006,289886,8,880,8,6000,1.00909090909
289008,289017,289877,9,860,8,6000,1.01046511628
289019,289027,289895,8,868,8,6000,1.00921658986
289030,289038,289952,8,914,8,6000,1.00875273523
289040,289115,289974,75,859,8,6000,1.08731082654
289112,289156,290020,44,864,8,6000,1.05092592593
289153,289169,290069,16,900,8,6000,1.01777777778
289174,289193,290220,19,1027,8,6000,1.01850048685
289195,289203,290062,8,859,8,6000,1.00931315483
289206,289214,290071,8,857,8,6000,1.00933488915
289217,289794,290647,577,853,8,6000,1.67643610785
289797,289805,290683,8,878,8,6000,1.00911161731
289808,289831,290729,23,898,8,6000,1.02561247216
289829,289850,290741,21,891,8,6000,1.02356902357
289850,289856,290720,6,864,8,6000,1.00694444444
289861,289891,290771,30,880,8,6000,1.03409090909
289892,289902,290783,10,881,8,6000,1.0113507378
289902,289910,290770,8,860,8,6000,1.00930232558
289913,289920,290775,7,855,8,6000,1.0081871345
289924,289964,290921,40,957,8,6000,1.04179728318
289965,289987,290929,22,942,8,6000,1.02335456476
289989,290019,290884,30,865,8,6000,1.03468208092
290020,290033,290906,13,873,8,6000,1.01489117984
290031,290075,290954,44,879,8,6000,1.05005688282
290072,290083,291872,11,1789,8,6000,1.00614868642
290083,290091,291045,8,954,8,6000,1.00838574423
290093,290232,291241,139,1009,8,6000,1.13776015857
290236,290371,291229,135,858,8,6000,1.15734265734
290369,290660,291713,291,1053,8,6000,1.27635327635
290632,290754,298186,122,7432,2,10800,1.01641550054
290665,290696,291574,31,878,8,6000,1.03530751708
290696,290704,291580,8,876,8,6000,1.00913242009
290706,290733,291609,27,876,8,6000,1.03082191781
290738,290746,291608,8,862,8,6000,1.00928074246
290748,290783,291642,35,859,8,6000,1.04074505239
290779,290791,291765,12,974,8,6000,1.01232032854
290790,290799,291663,9,864,8,6000,1.01041666667
290801,290808,291665,7,857,8,6000,1.008168028
290811,290896,291764,85,868,8,6000,1.09792626728
290893,290920,291860,27,940,8,6000,1.02872340426
290925,290936,291890,11,954,8,6000,1.01153039832
290936,290944,291823,8,879,8,6000,1.00910125142
290947,290966,291842,19,876,8,6000,1.02168949772
290968,291058,291926,90,868,8,6000,1.10368663594
291060,291243,292123,183,880,8,6000,1.20795454545
291063,291629,299494,566,7865,2,14400,1.07196439924
291070,291634,298722,564,7088,2,12000,1.07957110609
291243,291255,292173,12,918,8,6000,1.01307189542
291254,291298,292255,44,957,8,6000,1.04597701149
291295,291587,292453,292,866,8,6000,1.33718244804
291401,291732,311308,331,19576,1,72000,1.01690845934
291591,291599,292462,8,863,8,6000,1.00926998841
291602,291621,292478,19,857,8,6000,1.02217036173
291623,291641,292500,18,859,8,6000,1.02095459837
291644,291655,292551,11,896,8,6000,1.01227678571
291654,291676,292541,22,865,8,6000,1.02543352601
291675,291683,292607,8,924,8,6000,1.00865800866
291686,291727,292598,41,871,8,6000,1.04707233065
291727,291777,292678,50,901,8,6000,1.05549389567
291779,291787,292666,8,879,8,6000,1.00910125142
291789,291835,292688,46,853,8,6000,1.05392731536
291841,291856,292768,15,912,8,6000,1.01644736842
291851,291873,292737,22,864,8,6000,1.02546296296
291872,291886,292755,14,869,8,6000,1.01611047181
291883,291903,292807,20,904,8,6000,1.02212389381
291904,291939,292806,35,867,8,6000,1.04036908881
291935,292136,293051,201,915,8,6000,1.21967213115
292038,292353,292944,315,591,2,10800,1.53299492386
292139,292187,293073,48,886,8,6000,1.05417607223
292191,292268,293365,77,1097,8,6000,1.07019143118
292273,292348,293240,75,892,8,6000,1.08408071749
292344,292466,293329,122,863,8,6000,1.14136732329
292467,292475,293342,8,867,8,6000,1.0092272203
292478,292492,293358,14,866,8,6000,1.01616628176
292489,292513,293402,24,889,8,6000,1.02699662542
292510,292554,293441,44,887,8,6000,1.0496054115
292552,292565,293452,13,887,8,6000,1.01465614431
292562,292611,293493,49,882,8,6000,1.05555555556
292614,292623,293481,9,858,8,6000,1.01048951049
292625,292679,293554,54,875,8,6000,1.06171428571
292677,292692,293604,15,912,8,6000,1.01644736842
292688,292702,293608,14,906,8,6000,1.01545253863
292698,292749,293610,51,861,8,6000,1.05923344948
292749,292758,295770,9,3012,5,14400,1.00298804781
292760,292768,295702,8,2934,5,14400,1.00272665303
292771,292779,295899,8,3120,5,14400,1.00256410256
292782,292789,295761,7,2972,5,14400,1.00235531629
292792,292819,295718,27,2899,5,14400,1.0093135564
292845,292852,295898,7,3046,5,14400,1.00229809586
292855,292863,296074,8,3211,5,14400,1.00249143569
292866,292958,295819,92,2861,5,14400,1.03215658861
292959,293064,296061,105,2997,5,14400,1.03503503504
293061,293087,296073,26,2986,5,14400,1.00870730074
293092,293099,296118,7,3019,5,14400,1.00231864856
293103,293253,296276,150,3023,5,14400,1.0496195832
293256,293263,296138,7,2875,5,14400,1.00243478261
293267,293342,296372,75,3030,5,14400,1.02475247525
293338,293355,296329,17,2974,5,14400,1.00571620713
293359,293367,296446,8,3079,5,14400,1.00259824618
293370,293378,296317,8,2939,5,14400,1.00272201429
293381,293389,296449,8,3060,5,14400,1.00261437908
293391,293399,296296,8,2897,5,14400,1.00276147739
293402,293416,296357,14,2941,5,14400,1.00476028562
293413,293423,296378,10,2955,5,14400,1.00338409475
293423,293454,296479,31,3025,5,14400,1.01024793388
293454,293466,296447,12,2981,5,14400,1.0040254948
293465,293477,297271,12,3794,5,14400,1.00316288877
293476,293495,296686,19,3191,5,14400,1.00595424632
293496,293507,296468,11,2961,5,14400,1.00371496116
293507,293514,296455,7,2941,5,14400,1.00238014281
293518,293567,296572,49,3005,5,14400,1.01630615641
293569,293577,296513,8,2936,5,14400,1.00272479564
293580,293618,296541,38,2923,5,14400,1.01300034211
293621,293628,296575,7,2947,5,14400,1.00237529691
293632,293640,296564,8,2924,5,14400,1.00273597811
293642,293649,296532,7,2883,5,14400,1.00242802636
293653,293661,296651,8,2990,5,14400,1.00267558528
293663,295716,298661,2053,2945,5,14400,1.69711375212
293713,294552,297481,839,2929,2,10800,1.28644588597
294057,296486,298834,2429,2348,2,10800,2.03449744463
294441,296465,299616,2024,3151,4,21600,1.64233576642
294442,309592,312774,15150,3182,4,21600,5.76115650534
294443,309597,312622,15154,3025,4,21600,6.00958677686
294445,309602,312779,15157,3177,4,21600,5.77085300598
294446,310507,313634,16061,3127,4,21600,6.136232811
294447,310512,313688,16065,3176,4,21600,6.05824937028
294448,312786,315900,18338,3114,4,21600,6.88888888889
294449,312793,315978,18344,3185,4,21600,6.75949764521
294450,313646,316708,19196,3062,4,21600,7.26910516003
294452,313700,317971,19248,4271,4,21600,5.50667291033
294453,315990,319174,21537,3184,4,21600,7.76413316583
294454,316720,319842,22266,3122,4,21600,8.13196668802
294455,319186,322385,24731,3199,4,21600,8.73085339168
294456,319855,322927,25399,3072,4,21600,9.26790364583
294458,322397,325691,27939,3294,4,21600,9.48178506375
294459,322941,326053,28482,3112,4,21600,10.1523136247
294460,325750,328961,31290,3211,4,21600,10.7446278418
294461,325771,329198,31310,3427,4,21600,10.1362707908
294462,325776,328865,31314,3089,4,21600,11.1372612496
294464,325933,329021,31469,3088,4,21600,11.190738342
294465,325975,329044,31510,3069,4,21600,11.2671880091
294466,326139,329479,31673,3340,4,21600,10.4829341317
294467,326315,329499,31848,3184,4,21600,11.0025125628
294468,329056,332347,34588,3291,4,21600,11.5098754178
294470,329210,332415,34740,3205,4,21600,11.8393135725
294471,329491,332666,35020,3175,4,21600,12.0299212598
294472,329511,332621,35039,3110,4,21600,12.2665594855
294473,331971,334936,37498,2965,4,21600,13.6468802698
294474,332067,337620,37593,5553,4,21600,7.7698541329
294848,302367,339277,7519,36910,10,57600,1.20371173124
294922,302372,353214,7450,50842,10,57600,1.14653239448
295696,296494,303130,798,6636,2,10800,1.12025316456
295712,295731,298687,19,2956,5,14400,1.00642760487
295733,295775,298610,42,2835,5,14400,1.01481481481
295774,295783,298635,9,2852,5,14400,1.00315568022
295785,295831,298756,46,2925,5,14400,1.01572649573
295837,295912,298900,75,2988,5,14400,1.02510040161
295908,295919,298901,11,2982,5,14400,1.00368879946
295919,296075,299079,156,3004,5,14400,1.05193075899
295967,296318,297527,351,1209,1,1200,1.29032258065
296072,296088,298907,16,2819,5,14400,1.00567577155
296083,296095,299075,12,2980,5,14400,1.00402684564
296094,296131,298961,37,2830,5,14400,1.01307420495
296135,296151,298993,16,2842,5,14400,1.00562983814
296156,296289,299147,133,2858,5,14400,1.04653603919
296289,296309,299327,20,3018,5,14400,1.00662690524
296310,296330,299377,20,3047,5,14400,1.00656383328
296331,296342,299345,11,3003,5,14400,1.00366300366
296342,296370,299259,28,2889,5,14400,1.00969193493
296373,296385,299375,12,2990,5,14400,1.00401337793
296383,296393,299372,10,2979,5,14400,1.00335683115
296390,353226,404356,56836,51130,32,54000,2.11159788774
296394,296460,299491,66,3031,5,14400,1.02177499175
296456,296473,299562,17,3089,5,14400,1.00550339916
296477,296499,299397,22,2898,5,14400,1.00759144237
296497,296526,299721,29,3195,5,14400,1.00907668232
296528,296544,299953,16,3409,5,14400,1.00469345849
296549,296577,299444,28,2867,5,14400,1.00976630624
296581,296588,299482,7,2894,5,14400,1.00241879751
296591,296664,299571,73,2907,5,14400,1.02511179911
296663,296700,299419,37,2719,5,14400,1.0136079441
296704,298648,301503,1944,2855,5,14400,1.68091068301
297117,297287,340528,170,43241,2,43200,1.00393145394
297439,353236,410865,55797,57629,10,57600,1.9682104496
297718,409367,467012,111649,57645,10,57600,2.93683754012
298218,299125,299392,907,267,1,18000,4.39700374532
298270,409372,463647,111102,54275,10,57600,3.04701980654
298411,298419,298839,8,420,2,10800,1.01904761905
298615,298622,298632,7,10,2,10800,1.7
298645,298656,302277,11,3621,16,3600,1.00303783485
298653,298769,301925,116,3156,5,14400,1.03675538657
298765,298915,301950,150,3035,5,14400,1.04942339374
298919,298926,301855,7,2929,5,14400,1.00238989416
298930,298975,301805,45,2830,5,14400,1.01590106007
298971,299089,301953,118,2864,5,14400,1.04120111732
299042,299050,299058,8,8,2,10800,1.6
299094,299339,302365,245,3026,5,14400,1.08096497026
299248,299256,299432,8,176,2,10800,1.04545454545
299309,309586,309606,10277,20,9,36000,514.85
299339,299384,302244,45,2860,5,14400,1.01573426573
299381,299404,302183,23,2779,5,14400,1.0082763584
299402,299411,302376,9,2965,5,14400,1.00303541315
299412,299433,303108,21,3675,5,14400,1.00571428571
299433,299463,302389,30,2926,5,14400,1.01025290499
299447,299454,299762,7,308,1,300,1.02272727273
299464,299494,302571,30,3077,5,14400,1.00974975626
299495,299583,302842,88,3259,5,14400,1.0270021479
299577,299733,302523,156,2790,5,14400,1.05591397849
299603,299628,299674,25,46,2,10800,1.54347826087
299671,299684,300780,13,1096,2,10800,1.01186131387
299728,299740,299762,12,22,1,600,1.54545454545
299730,299965,303083,235,3118,5,14400,1.07536882617
299915,299921,300015,6,94,1,600,1.06382978723
299955,301516,304487,1561,2971,5,14400,1.52541231908
300029,300036,300662,7,626,1,600,1.01118210863
300683,302341,309567,1658,7226,32,7200,1.22944921118
300818,300825,304139,7,3314,1,3300,1.00211225106
300919,302351,303606,1432,1255,2,10800,2.14103585657
300967,302377,648021,1410,345644,2,345600,1.00407934175
300971,320934,666548,19963,345614,2,345600,1.05776097033
301259,301267,308243,8,6976,1,14400,1.00114678899
301514,301817,305252,303,3435,5,14400,1.08820960699
301683,302361,302414,678,53,1,3300,13.7924528302
301810,301867,304794,57,2927,5,14400,1.01947386402
301861,301938,304886,77,2948,5,14400,1.02611940299
301916,301952,877977,36,576025,1,576000,1.00006249729
301933,301963,304858,30,2895,5,14400,1.0103626943
301953,301970,305100,17,3130,5,14400,1.0054313099
301964,302195,305116,231,2921,5,14400,1.07908250599
301976,302356,306592,380,4236,2,10800,1.08970727101
302024,302053,307640,29,5587,1,259200,1.00519062108
302085,302121,306353,36,4232,1,259200,1.00850661626
302189,302256,305125,67,2869,5,14400,1.0233530847
302250,302346,305228,96,2882,5,14400,1.03331020125
302342,302389,305342,47,2953,5,14400,1.01591601761
302377,302384,302407,7,23,1,3600,1.30434782609
302384,302397,305575,13,3178,5,14400,1.00409062303
302394,302404,305395,10,2991,5,14400,1.00334336342
302405,302535,305543,130,3008,5,14400,1.04321808511
302456,332366,346798,29910,14432,4,14400,3.07247782705
302538,302583,305510,45,2927,5,14400,1.01537410318
302577,302591,302712,14,121,1,3300,1.11570247934
302579,302854,305840,275,2986,5,14400,1.0920964501
302600,302607,303463,7,856,1,3600,1.00817757009
302680,353247,491588,50567,138341,2,172800,1.36552432034
302712,302720,306032,8,3312,1,3300,1.00241545894
302855,303095,305931,240,2836,5,14400,1.08462623413
303086,306045,313533,2959,7488,1,28800,1.39516559829
303100,303120,306011,20,2891,5,14400,1.00691802145
303121,304500,307357,1379,2857,5,14400,1.48267413371
303126,359068,472607,55942,113539,2,172800,1.49271175543
303154,303161,303755,7,594,1,3300,1.01178451178
303787,303794,307117,7,3323,1,3300,1.00210653024
304137,306876,314822,2739,7946,2,12000,1.34470173672
304142,309568,317306,5426,7738,2,14400,1.70121478418
304496,304806,307830,310,3024,5,14400,1.10251322751
304802,304871,307785,69,2914,5,14400,1.02367879204
304874,304899,307784,25,2885,5,14400,1.00866551127
304895,305112,308169,217,3057,5,14400,1.07098462545
305107,305119,308467,12,3348,1,3300,1.00358422939
305109,305128,308148,19,3020,5,14400,1.00629139073
305130,305137,308288,7,3151,5,14400,1.00222151698
305141,305264,308286,123,3022,5,14400,1.04070152217
305253,305355,308330,102,2975,5,14400,1.03428571429
305346,305407,308703,61,3296,5,14400,1.01850728155
305397,305522,308680,125,3158,5,14400,1.03958201393
305520,305555,308500,35,2945,5,14400,1.01188455008
305551,305587,309256,36,3669,5,14400,1.00981193786
305582,305853,308697,271,2844,5,14400,1.0952883263
305847,305943,308917,96,2974,5,14400,1.0322797579
305939,306023,308991,84,2968,5,14400,1.02830188679
306022,306602,309556,580,2954,5,14400,1.19634394042
306603,307369,310877,766,3508,5,14400,1.21835803877
307367,307796,310701,429,2905,5,14400,1.14767641997
307622,307653,311425,31,3772,1,28800,1.00821845175
307786,307803,310771,17,2968,5,14400,1.0057277628
307807,307842,311090,35,3248,5,14400,1.01077586207
307838,308160,311177,322,3017,5,14400,1.10672853828
308002,309607,315544,1605,5937,2,10800,1.27033855483
308157,308299,309301,142,1002,8,6000,1.14171656687
308290,308305,309196,15,891,8,6000,1.01683501684
308301,308512,309384,211,872,8,6000,1.24197247706
308462,308479,314301,17,5822,1,14400,1.00291995878
308505,308693,309609,188,916,8,6000,1.20524017467
308689,308715,309668,26,953,8,6000,1.02728226653
308710,309003,309901,293,898,8,6000,1.32628062361
308843,308929,308941,86,12,1,600,8.16666666667
308948,340540,359056,31592,18516,2,72000,2.70620004321
308995,309209,310130,214,921,8,6000,1.23235613464
309200,309270,310152,70,882,8,6000,1.07936507937
309261,309313,310175,52,862,8,6000,1.06032482599
309302,309396,310272,94,876,8,6000,1.10730593607
309384,309581,310618,197,1037,8,6000,1.1899710704
309454,309574,314301,120,4727,1,7200,1.02538607997
309579,309616,310495,37,879,8,6000,1.04209328783
309610,309626,310481,16,855,8,6000,1.01871345029
309621,309680,310650,59,970,8,6000,1.06082474227
309626,311189,314434,1563,3245,1,10800,1.48166409861
309682,309913,310790,231,877,8,6000,1.26339794755
309907,313546,313547,3639,1,1,1800,364.0
309918,310142,311037,224,895,8,6000,1.25027932961
310142,310164,311051,22,887,8,6000,1.02480270575
310151,311320,323719,1169,12399,1,18000,1.09428179692
310163,310187,311048,24,861,8,6000,1.02787456446
310169,311094,321903,925,10809,2,10800,1.08557683412
310184,310284,311697,100,1413,8,6000,1.07077140835
310287,310493,311360,206,867,8,6000,1.23760092272
310583,310630,311489,47,859,8,6000,1.05471478463
310635,310662,311525,27,863,8,6000,1.03128621089
310657,311437,314782,780,3345,1,3300,1.2331838565
310666,310713,311612,47,899,8,6000,1.05228031146
310689,321280,321315,10591,35,8,28800,303.6
310717,310802,311684,85,882,8,6000,1.09637188209
310799,310889,312184,90,1295,8,6000,1.0694980695
310844,315210,315267,4366,57,1,300,77.5964912281
310892,311049,312204,157,1155,8,6000,1.13593073593
311045,311060,311988,15,928,8,6000,1.0161637931
311056,311067,311970,11,903,8,6000,1.01218161683
311066,311102,312024,36,922,8,6000,1.03904555315
311098,311373,312362,275,989,8,6000,1.2780586451
311375,311501,312367,126,866,8,6000,1.1454965358
311497,311537,312409,40,872,8,6000,1.04587155963
311539,311624,312483,85,859,8,6000,1.09895227008
311621,311696,312556,75,860,8,6000,1.08720930233
311695,311709,312563,14,854,8,6000,1.01639344262
311705,311983,312859,278,876,8,6000,1.31735159817
311754,332430,332572,20676,142,4,300,146.605633803
311983,312000,312908,17,908,8,6000,1.01872246696
312001,314313,314338,2312,25,2,3600,93.48
312004,312037,312907,33,870,8,6000,1.03793103448
312025,332633,332711,20608,78,8,300,265.205128205
312035,312196,313059,161,863,8,6000,1.1865585168
312137,375467,541590,63330,166123,2,172800,1.38122355122
312219,312225,313076,6,851,8,6000,1.00705052879
312230,312374,313233,144,859,8,6000,1.16763678696
312274,312381,316862,107,4481,8,7200,1.02387859853
312274,339833,343451,27559,3618,16,3600,8.61719181868
312345,314835,315192,2490,357,2,3600,7.97478991597
312373,312421,313294,48,873,8,6000,1.05498281787
312414,312496,313367,82,871,8,6000,1.09414466131
312486,312568,313525,82,957,8,6000,1.08568443051
312558,312575,313438,17,863,8,6000,1.01969872538
312569,312635,313547,66,912,8,6000,1.07236842105
312596,314446,314487,1850,41,1,72000,46.1219512195
312640,312871,313755,231,884,8,6000,1.26131221719
312875,312921,313777,46,856,8,6000,1.05373831776
312917,312928,313786,11,858,8,6000,1.01282051282
312927,313071,313943,144,872,8,6000,1.16513761468
313072,313089,313965,17,876,8,6000,1.01940639269
313093,313245,314133,152,888,8,6000,1.17117117117
313246,313306,314258,60,952,8,6000,1.06302521008
313308,313379,314393,71,1014,8,6000,1.07001972387
313380,313450,314331,70,881,8,6000,1.07945516459
313452,313537,314491,85,954,8,6000,1.08909853249
313534,313559,314475,25,916,8,6000,1.02729257642
313555,313767,314655,212,888,8,6000,1.23873873874
313698,315279,316299,1581,1020,1,1800,2.55
313769,313789,314653,20,864,8,6000,1.02314814815
313790,313799,314665,9,866,8,6000,1.0103926097
313802,313956,314831,154,875,8,6000,1.176
313955,313978,314843,23,865,8,6000,1.02658959538
313976,314145,315019,169,874,8,6000,1.19336384439
314132,315204,319671,1072,4467,1,18000,1.23998209089
314226,314270,315135,44,865,8,6000,1.05086705202
314282,314344,317283,62,2939,5,14400,1.02109561075
314340,314351,317329,11,2978,5,14400,1.0036937542
314350,314405,317264,55,2859,5,14400,1.01923749563
314379,314499,320922,120,6423,1,7200,1.01868285848
314386,314794,320922,408,6128,1,7200,1.06657963446
314402,314412,317233,10,2821,5,14400,1.00354484225
314412,314487,317641,75,3154,5,14400,1.02377932784
314468,317488,320487,3020,2999,1,72000,2.00700233411
314484,314506,317475,22,2969,5,14400,1.00740990232
314505,314513,317465,8,2952,5,14400,1.0027100271
314516,314665,317523,149,2858,5,14400,1.05213435969
314659,314672,317719,13,3047,5,14400,1.00426649163
314670,314684,317590,14,2906,5,14400,1.00481761872
314670,314679,317553,9,2874,5,14400,1.00313152401
314681,314690,317678,9,2988,5,14400,1.00301204819
314692,314843,317701,151,2858,5,14400,1.05283414976
314845,314856,318182,11,3326,5,14400,1.00330727601
314856,314863,317808,7,2945,5,14400,1.00237691002
314866,315032,318044,166,3012,5,14400,1.05511288181
315030,315148,318040,118,2892,5,14400,1.040802213
315154,315161,318178,7,3017,5,14400,1.00232018561
315164,315912,318819,748,2907,5,14400,1.25730994152
315671,320499,339788,4828,19289,1,72000,1.25029809736
315918,316888,317746,970,858,8,6000,2.13053613054
316286,316312,321804,26,5492,2,10800,1.00473415878
316358,317341,318856,983,1515,1,1800,1.64884488449
316660,316875,316876,215,1,8,1,21.6
316676,317318,322782,642,5464,2,10800,1.11749633968
316888,317277,318152,389,875,8,6000,1.44457142857
317113,317346,317364,233,18,1,120,13.9444444444
317276,317295,318346,19,1051,8,6000,1.01807802093
317297,317477,318335,180,858,8,6000,1.20979020979
317481,317536,318390,55,854,8,6000,1.0644028103
317533,317565,318543,32,978,8,6000,1.0327198364
317564,317654,318541,90,887,8,6000,1.10146561443
317579,400557,427049,82978,26492,8,57600,4.13219085007
317617,318868,330356,1251,11488,1,28800,1.10889623955
317656,317713,319324,57,1611,8,6000,1.03538175047
317697,319684,321307,1987,1623,1,28800,2.22427603204
317718,317731,318616,13,885,8,6000,1.01468926554
317729,317758,318628,29,870,8,6000,1.03333333333
317760,317984,318861,224,877,8,6000,1.25541619156
317984,318056,318944,72,888,8,6000,1.08108108108
318057,318165,319094,108,929,8,6000,1.1162540366
318169,318190,319195,21,1005,8,6000,1.02089552239
318190,318347,319203,157,856,8,6000,1.18341121495
318228,318640,318641,412,1,8,1,41.3
318240,321816,328218,3576,6402,2,10800,1.55857544517
318344,318358,319309,14,951,8,6000,1.01472134595
318354,318403,319256,49,853,8,6000,1.05744431419
318406,318553,319441,147,888,8,6000,1.16554054054
318549,318560,319426,11,866,8,6000,1.01270207852
318559,318628,319494,69,866,8,6000,1.07967667436
318631,318654,319519,23,865,8,6000,1.02658959538
318652,318831,319707,179,876,8,6000,1.20433789954
318737,321913,325927,3176,4014,2,10800,1.79123069258
318779,332601,332605,13822,4,4,21600,1382.6
318836,318875,319735,39,860,8,6000,1.04534883721
318877,318956,319969,79,1013,8,6000,1.07798617966
318959,319106,319971,147,865,8,6000,1.16994219653
319102,319207,320096,105,889,8,6000,1.11811023622
319204,319216,320075,12,859,8,6000,1.01396973225
319215,319269,320134,54,865,8,6000,1.06242774566
319267,319321,320196,54,875,8,6000,1.06171428571
319318,319337,320217,19,880,8,6000,1.02159090909
319339,319438,320299,99,861,8,6000,1.1149825784
319441,319453,320329,12,876,8,6000,1.01369863014
319452,319507,320725,55,1218,8,6000,1.04515599343
319503,319531,320396,28,865,8,6000,1.0323699422
319534,319719,320578,185,859,8,6000,1.21536670547
319718,319747,320633,29,886,8,6000,1.03273137698
319749,319981,320845,232,864,8,6000,1.26851851852
319983,319989,320842,6,853,8,6000,1.00703399766
319994,320087,321024,93,937,8,6000,1.0992529349
320086,320108,321095,22,987,8,6000,1.02228976697
320104,323934,323935,3830,1,2,615,383.1
320105,323820,323822,3715,2,2,615,371.7
320105,323848,323849,3743,1,2,615,374.4
320105,323906,323907,3801,1,2,615,380.2
320105,323875,323876,3770,1,2,615,377.1
320106,323717,323765,3611,48,2,615,76.2291666667
320106,323793,323795,3687,2,2,615,368.9
320106,323570,323624,3464,54,2,615,65.1481481481
320107,320146,321007,39,861,8,6000,1.04529616725
320120,323861,323862,3741,1,2,615,374.2
320120,323920,323921,3800,1,2,615,380.1
320120,323834,323836,3714,2,2,615,371.6
320120,323888,323889,3768,1,2,615,376.9
320121,323636,323705,3515,69,2,615,51.9420289855
320121,323777,323779,3656,2,2,615,365.8
320121,323507,323558,3386,51,2,615,67.3921568627
320148,320208,321068,60,860,8,6000,1.06976744186
320210,320229,321098,19,869,8,6000,1.02186421174
320230,320311,321291,81,980,8,6000,1.08265306122
320312,320341,321259,29,918,8,6000,1.03159041394
320343,320409,321267,66,858,8,6000,1.07692307692
320352,323807,323809,3455,2,2,615,345.7
320411,320590,321488,179,898,8,6000,1.19933184855
320595,320645,321508,50,863,8,6000,1.05793742758
320646,320737,321598,91,861,8,6000,1.10569105691
320738,320854,321710,116,856,8,6000,1.13551401869
320851,320861,321851,10,990,8,6000,1.0101010101
320861,321019,321881,158,862,8,6000,1.18329466357
320976,321114,328366,138,7252,1,7200,1.01902923331
321015,321037,322122,22,1085,8,6000,1.0202764977
321036,321080,321943,44,863,8,6000,1.05098493627
321077,321107,322092,30,985,8,6000,1.03045685279
321108,321120,321988,12,868,8,6000,1.01382488479
321118,321273,322349,155,1076,8,6000,1.14405204461
321272,321303,322187,31,884,8,6000,1.0350678733
321303,321327,322189,24,862,8,6000,1.02784222738
321324,321500,322502,176,1002,8,6000,1.17564870259
321475,322794,323097,1319,303,2,10800,5.35313531353
321497,321521,322391,24,870,8,6000,1.0275862069
321518,321610,322472,92,862,8,6000,1.10672853828
321610,321722,322590,112,868,8,6000,1.12903225806
321663,322206,322212,543,6,8,1,54.9
321723,321863,322729,140,866,8,6000,1.16166281755
321866,321893,322923,27,1030,8,6000,1.02621359223
321897,321955,322900,58,945,8,6000,1.06137566138
321958,322000,322856,42,856,8,6000,1.04906542056
322000,322104,322976,104,872,8,6000,1.11926605505
322102,322134,323531,32,1397,8,6000,1.02290622763
322133,322199,323145,66,946,8,6000,1.06976744186
322195,322225,323090,30,865,8,6000,1.03468208092
322226,322362,323220,136,858,8,6000,1.15850815851
322359,322404,323342,45,938,8,6000,1.04797441365
322400,322485,323368,85,883,8,6000,1.09626274066
322473,323109,323495,636,386,2,10800,2.64766839378
322482,322514,323381,32,867,8,6000,1.0369088812
322513,322603,323475,90,872,8,6000,1.10321100917
322605,322742,323610,137,868,8,6000,1.15783410138
322738,322868,323736,130,868,8,6000,1.14976958525
322871,322913,323773,42,860,8,6000,1.0488372093
322912,322935,323887,23,952,8,6000,1.02415966387
322933,322988,323948,55,960,8,6000,1.05729166667
322985,323102,323962,117,860,8,6000,1.13604651163
323107,323157,324035,50,878,8,6000,1.0569476082
323159,323232,324118,73,886,8,6000,1.08239277652
323231,323354,324305,123,951,8,6000,1.12933753943
323353,323381,324371,28,990,8,6000,1.02828282828
323385,323393,324279,8,886,8,6000,1.00902934537
323395,323487,324361,92,874,8,6000,1.10526315789
323487,323543,324403,56,860,8,6000,1.06511627907
323495,353242,371832,29747,18590,2,72000,2.60016137708
323539,323622,324483,83,861,8,6000,1.09639953542
323621,323748,324628,127,880,8,6000,1.14431818182
323754,323786,324668,32,882,8,6000,1.03628117914
323785,323899,324764,114,865,8,6000,1.13179190751
323897,323961,324822,64,861,8,6000,1.07433217189
323904,323912,325043,8,1131,1,54000,1.00707338638
323959,323974,324885,15,911,8,6000,1.01646542261
323980,324047,324921,67,874,8,6000,1.0766590389
324051,324130,324998,79,868,8,6000,1.09101382488
324075,332695,332697,8620,2,4,2700,862.2
324133,324292,325156,159,864,8,6000,1.18402777778
324182,325055,325061,873,6,1,54000,87.9
324297,324317,325198,20,881,8,6000,1.0227014756
324318,324373,325272,55,899,8,6000,1.06117908788
324369,324383,325545,14,1162,8,6000,1.01204819277
324380,324415,325293,35,878,8,6000,1.03986332574
324411,324495,326047,84,1552,8,6000,1.05412371134
324493,324640,325499,147,859,8,6000,1.17112922002
324636,324680,325568,44,888,8,6000,1.04954954955
324677,324777,325636,100,859,8,6000,1.11641443539
324779,324835,325722,56,887,8,6000,1.06313416009
324831,324898,325755,67,857,8,6000,1.07817969662
324902,324933,325791,31,858,8,6000,1.03613053613
324933,325011,325899,78,888,8,6000,1.08783783784
325016,325168,326031,152,863,8,6000,1.17612977984
325123,325131,331706,8,6575,1,54000,1.00121673004
325169,325211,326067,42,856,8,6000,1.04906542056
325210,325284,326279,74,995,8,6000,1.0743718593
325235,325710,330909,475,5199,1,54000,1.09136372379
325282,325306,326393,24,1087,8,6000,1.02207911684
325303,325511,326373,208,862,8,6000,1.24129930394
325507,325557,326451,50,894,8,6000,1.05592841163
325558,325581,326437,23,856,8,6000,1.02686915888
325580,325648,325655,68,7,8,6000,7.5
325652,325667,325676,15,9,8,6000,2.4
325673,325688,325696,15,8,8,6000,2.3
325683,325703,325711,20,8,8,6000,2.8
325696,415478,421170,89782,5692,16,356400,16.7733661279
325704,325716,325725,12,9,8,6000,2.1
325715,325724,325732,9,8,8,6000,1.7
325725,325734,325742,9,8,8,6000,1.7
325736,325743,325751,7,8,8,6000,1.5
325746,325757,325765,11,8,8,6000,1.9
325757,325764,325772,7,8,8,6000,1.5
325768,325783,325791,15,8,8,6000,2.3
325788,325796,325804,8,8,8,6000,1.6
325799,325806,325814,7,8,8,6000,1.5
325810,325818,325826,8,8,8,6000,1.6
325820,325828,325836,8,8,8,6000,1.6
325831,325838,325845,7,7,8,6000,1.4
325842,325848,325856,6,8,8,6000,1.4
325852,325860,325868,8,8,8,6000,1.6
325863,325869,325878,6,9,8,6000,1.5
325873,325879,325889,6,10,8,6000,1.6
325884,325891,325898,7,7,8,6000,1.4
325894,325901,325908,7,7,8,6000,1.4
325905,325912,325921,7,9,8,6000,1.6
325906,325918,325930,12,12,8,6000,2.0
325916,325926,325934,10,8,8,6000,1.8
325927,325940,325958,13,18,8,6000,1.72222222222
325937,325947,325955,10,8,8,6000,1.8
325938,325952,325960,14,8,8,6000,2.2
325948,325959,325968,11,9,8,6000,2.0
325959,325968,325976,9,8,8,6000,1.7
325970,325987,325996,17,9,8,6000,2.6
325970,325982,325991,12,9,8,6000,2.1
325981,325996,326003,15,7,8,6000,2.2
325991,326002,326010,11,8,8,6000,1.9
326002,326010,326019,8,9,8,6000,1.7
326012,326020,326028,8,8,8,6000,1.6
326013,326027,326035,14,8,8,6000,2.2
326024,326033,326042,9,9,8,6000,1.8
326034,326041,326049,7,8,8,6000,1.5
326035,326053,326061,18,8,8,6000,2.6
326045,326058,326067,13,9,8,6000,2.2
326056,326065,326075,9,10,8,6000,1.9
326056,326071,326085,15,14,8,6000,2.07142857143
326067,326083,326092,16,9,8,6000,2.5
326067,326078,326085,11,7,8,6000,1.8
326078,326090,326098,12,8,8,6000,2.0
326078,326095,326106,17,11,8,6000,2.54545454545
326089,326102,326111,13,9,8,6000,2.2
326100,326110,326119,10,9,8,6000,1.9
326100,326115,326123,15,8,8,6000,2.3
326111,326122,326130,11,8,8,6000,1.9
326111,326127,326136,16,9,8,6000,2.5
326122,326134,326143,12,9,8,6000,2.1
326132,326147,326155,15,8,8,6000,2.3
326133,326152,326161,19,9,8,6000,2.8
326143,326160,326169,17,9,8,6000,2.6
326154,326168,326177,14,9,8,6000,2.3
326164,326176,326184,12,8,8,6000,2.0
326165,326181,326189,16,8,8,6000,2.4
326176,326188,326196,12,8,8,6000,2.0
326186,326195,326202,9,7,8,6000,1.6
326187,326200,326209,13,9,8,6000,2.2
326197,326207,326215,10,8,8,6000,1.8
326198,326212,326220,14,8,8,6000,2.2
326208,326220,326229,12,9,8,6000,2.1
326209,326226,326234,17,8,8,6000,2.5
326219,326233,326242,14,9,8,6000,2.3
326230,326239,326248,9,9,8,6000,1.8
326230,326245,326253,15,8,8,6000,2.3
326241,326252,326261,11,9,8,6000,2.0
326241,326258,326266,17,8,8,6000,2.5
326252,326265,326274,13,9,8,6000,2.2
326262,326272,326280,10,8,8,6000,1.8
326263,326277,326291,14,14,8,6000,2.0
326273,326284,326293,11,9,8,6000,2.0
326274,326289,326298,15,9,8,6000,2.4
326284,326297,326306,13,9,8,6000,2.2
326285,326303,326311,18,8,8,6000,2.6
326295,326310,326318,15,8,8,6000,2.3
326306,326322,326331,16,9,8,6000,2.5
326306,326327,326336,21,9,8,6000,3.0
326327,326335,326343,8,8,8,6000,1.6
326328,326340,326347,12,7,8,6000,1.9
326338,326347,326357,9,10,8,6000,1.9
326339,326352,326361,13,9,8,6000,2.2
326349,326359,326368,10,9,8,6000,1.9
326350,326365,326373,15,8,8,6000,2.3
326360,326372,326380,12,8,8,6000,2.0
326361,326378,326386,17,8,8,6000,2.5
326371,326385,326393,14,8,8,6000,2.2
326382,326398,326406,16,8,8,6000,2.4
326382,326393,326401,11,8,8,6000,1.9
326393,326406,326415,13,9,8,6000,2.2
326404,326419,326432,15,13,8,6000,2.15384615385
326404,326414,326422,10,8,8,6000,1.8
326415,326427,326435,12,8,8,6000,2.0
326415,326432,326441,17,9,8,6000,2.6
326426,326439,326448,13,9,8,6000,2.2
326436,326446,326454,10,8,8,6000,1.8
326437,326451,326460,14,9,8,6000,2.3
326447,326459,326468,12,9,8,6000,2.1
326448,326464,326472,16,8,8,6000,2.4
326458,326471,326484,13,13,8,6000,2.0
326469,326484,326492,15,8,8,6000,2.3
326469,326479,326487,10,8,8,6000,1.8
326480,326492,326501,12,9,8,6000,2.1
326480,326497,326505,17,8,8,6000,2.5
326491,326505,326513,14,8,8,6000,2.2
326501,326512,326521,11,9,8,6000,2.0
326502,326518,326526,16,8,8,6000,2.4
326513,326525,326534,12,9,8,6000,2.1
326513,326530,326538,17,8,8,6000,2.5
326524,326538,326545,14,7,8,6000,2.1
326534,326545,326555,11,10,8,6000,2.1
326535,326550,326559,15,9,8,6000,2.4
326545,326558,326566,13,8,8,6000,2.1
326556,326564,326577,8,13,8,6000,1.61538461538
326557,326570,326578,13,8,8,6000,2.1
326568,326583,326591,15,8,8,6000,2.3
326568,326577,326585,9,8,8,6000,1.7
326578,326590,326599,12,9,8,6000,2.1
326579,326595,326603,16,8,8,6000,2.4
326589,326602,326610,13,8,8,6000,2.1
326600,326609,326617,9,8,8,6000,1.7
326600,326614,326622,14,8,8,6000,2.2
326611,326622,326629,11,7,8,6000,1.8
326611,326627,326635,16,8,8,6000,2.4
326622,326634,326642,12,8,8,6000,2.0
326623,326639,326648,16,9,8,6000,2.5
326633,326647,326655,14,8,8,6000,2.2
326644,326659,326669,15,10,8,6000,2.5
326644,326654,326661,10,7,8,6000,1.7
326655,326671,326679,16,8,8,6000,2.4
326655,326666,326674,11,8,8,6000,1.9
326666,326679,326686,13,7,8,6000,2.0
326676,326686,326694,10,8,8,6000,1.8
326677,326691,326699,14,8,8,6000,2.2
326687,326699,326708,12,9,8,6000,2.1
326688,326705,326713,17,8,8,6000,2.5
326698,326712,326720,14,8,8,6000,2.2
326709,326724,326732,15,8,8,6000,2.3
326709,326718,326727,9,9,8,6000,1.8
326720,326731,326740,11,9,8,6000,2.0
326720,326736,326748,16,12,8,6000,2.33333333333
326731,326744,326752,13,8,8,6000,2.1
326742,326756,326764,14,8,8,6000,2.2
326742,326750,326758,8,8,8,6000,1.6
326753,326763,326774,10,11,8,6000,1.90909090909
326753,326768,326777,15,9,8,6000,2.4
326764,326781,326789,17,8,8,6000,2.5
326764,326776,326783,12,7,8,6000,1.9
326775,326788,326795,13,7,8,6000,2.0
326785,326795,326803,10,8,8,6000,1.8
326786,326800,326808,14,8,8,6000,2.2
326796,326807,326816,11,9,8,6000,2.0
326797,326812,326820,15,8,8,6000,2.3
326807,326819,326828,12,9,8,6000,2.1
326818,326832,326841,14,9,8,6000,2.3
326818,326827,326837,9,10,8,6000,1.9
326829,326844,326852,15,8,8,6000,2.3
326829,326839,326848,10,9,8,6000,1.9
326840,326857,326865,17,8,8,6000,2.5
326840,326852,326861,12,9,8,6000,2.1
326851,326864,326873,13,9,8,6000,2.2
326861,326872,326880,11,8,8,6000,1.9
326862,326877,326886,15,9,8,6000,2.4
326872,326884,326893,12,9,8,6000,2.1
326873,326889,326898,16,9,8,6000,2.5
326883,326897,326905,14,8,8,6000,2.2
326894,326904,326912,10,8,8,6000,1.8
326894,326909,326918,15,9,8,6000,2.4
326905,326917,326925,12,8,8,6000,2.0
326905,326922,326931,17,9,8,6000,2.6
326916,326929,326937,13,8,8,6000,2.1
326927,326941,326949,14,8,8,6000,2.2
326927,326936,326945,9,9,8,6000,1.8
326938,326953,326962,15,9,8,6000,2.4
326938,326948,326957,10,9,8,6000,1.9
326949,326966,326975,17,9,8,6000,2.6
326949,326961,326971,12,10,8,6000,2.2
326960,326973,326981,13,8,8,6000,2.1
326970,326980,326989,10,9,8,6000,1.9
326971,326986,326993,15,7,8,6000,2.2
326981,326993,327001,12,8,8,6000,2.0
326982,326999,327007,17,8,8,6000,2.5
326992,327006,327014,14,8,8,6000,2.2
327003,327013,327021,10,8,8,6000,1.8
327003,327018,327026,15,8,8,6000,2.3
327014,327025,327033,11,8,8,6000,1.9
327014,327030,327038,16,8,8,6000,2.4
327025,327038,327046,13,8,8,6000,2.1
327035,327046,327054,11,8,8,6000,1.9
327036,327051,327059,15,8,8,6000,2.3
327046,327058,327067,12,9,8,6000,2.1
327047,327063,327071,16,8,8,6000,2.4
327057,327071,327079,14,8,8,6000,2.2
327068,327083,327092,15,9,8,6000,2.4
327068,327078,327086,10,8,8,6000,1.8
327079,327095,327102,16,7,8,6000,2.3
327079,327089,327097,10,8,8,6000,1.8
327090,327107,327115,17,8,8,6000,2.5
327090,327102,327111,12,9,8,6000,2.1
327101,327115,327124,14,9,8,6000,2.3
327111,327123,327132,12,9,8,6000,2.1
327112,327128,327136,16,8,8,6000,2.4
327122,327135,327144,13,9,8,6000,2.2
327133,327147,327158,14,11,8,6000,2.27272727273
327133,327142,327150,9,8,8,6000,1.7
327145,327160,327169,15,9,8,6000,2.4
327145,327155,327165,10,10,8,6000,2.0
327156,327168,327180,12,12,8,6000,2.0
327156,327173,327182,17,9,8,6000,2.6
327167,327180,327189,13,9,8,6000,2.2
327178,327187,327195,9,8,8,6000,1.7
327178,327193,327201,15,8,8,6000,2.3
327189,327200,327208,11,8,8,6000,1.9
327189,327206,327214,17,8,8,6000,2.5
327200,327213,327221,13,8,8,6000,2.1
327210,327220,327228,10,8,8,6000,1.8
327211,327225,327239,14,14,8,6000,2.0
327221,327233,327242,12,9,8,6000,2.1
327221,327238,327247,17,9,8,6000,2.6
327232,327246,327254,14,8,8,6000,2.2
327243,327258,327267,15,9,8,6000,2.4
327243,327253,327266,10,13,8,6000,1.76923076923
327254,327270,327284,16,14,8,6000,2.14285714286
327254,327265,327273,11,8,8,6000,1.9
327265,327277,327286,12,9,8,6000,2.1
327275,327284,327293,9,9,8,6000,1.8
327276,327289,327298,13,9,8,6000,2.2
327286,327297,327308,11,11,8,6000,2.0
327287,327302,327312,15,10,8,6000,2.5
327297,327310,327317,13,7,8,6000,2.0
327298,327315,327323,17,8,8,6000,2.5
327306,327322,330302,16,2980,5,14400,1.00536912752
327317,327329,330192,12,2863,5,14400,1.00419140761
327317,327334,330141,17,2807,5,14400,1.00605628785
327328,327342,330358,14,3016,5,14400,1.00464190981
327339,327354,330330,15,2976,5,14400,1.00504032258
327339,327349,330299,10,2950,5,14400,1.00338983051
327350,327367,330364,17,2997,5,14400,1.00567233901
327350,327362,330362,12,3000,5,14400,1.004
327361,327374,330280,13,2906,5,14400,1.0044735031
327371,327381,330276,10,2895,5,14400,1.00345423143
327372,327387,330388,15,3001,5,14400,1.00499833389
327382,327394,330210,12,2816,5,14400,1.00426136364
327383,327399,331070,16,3671,5,14400,1.00435848543
327393,327406,330368,13,2962,5,14400,1.0043889264
327404,327418,330302,14,2884,5,14400,1.00485436893
327404,327412,330373,8,2961,5,14400,1.00270178994
327415,327424,333685,9,6261,5,14400,1.00143747005
327426,327432,330610,6,3178,5,14400,1.00188797986
327436,328878,331910,1442,3032,5,14400,1.47559366755
328883,328973,331936,90,2963,5,14400,1.03037462032
328975,329033,332034,58,3001,5,14400,1.01932689104
329036,330153,333221,1117,3068,5,14400,1.36408083442
330157,330204,333082,47,2878,5,14400,1.01633078527
330208,330222,333225,14,3003,5,14400,1.00466200466
330219,330288,333123,69,2835,5,14400,1.02433862434
330291,330297,333209,6,2912,5,14400,1.00206043956
330301,330311,333253,10,2942,5,14400,1.00339904827
330312,330320,333273,8,2953,5,14400,1.00270910938
330323,330329,333192,6,2863,5,14400,1.00209570381
330333,330342,333270,9,2928,5,14400,1.00307377049
330344,330371,333230,27,2859,5,14400,1.00944386149
330375,330382,333319,7,2937,5,14400,1.00238338441
330385,330393,333267,8,2874,5,14400,1.0027835769
330396,330403,333215,7,2812,5,14400,1.00248933144
330407,330414,333415,7,3001,5,14400,1.00233255581
330417,330423,333322,6,2899,5,14400,1.0020696792
330428,330623,334086,195,3463,5,14400,1.05630955819
330622,331083,333974,461,2891,5,14400,1.15946039433
330855,332727,334563,1872,1836,12,1800,2.01960784314
331255,331718,331841,463,123,1,54000,4.76422764228
331262,331922,331926,660,4,5,14400,66.4
331738,331853,331880,115,27,1,54000,5.25925925926
331895,331901,336538,6,4637,1,54000,1.00129394005
331924,331938,331942,14,4,5,14400,1.8
331935,331948,331952,13,4,5,14400,1.7
331946,331955,331959,9,4,5,14400,1.3
331956,331964,331967,8,3,5,14400,1.1
331967,331980,331984,13,4,5,14400,1.7
331977,331996,332000,19,4,5,14400,2.3
331998,332012,332016,14,4,5,14400,1.8
332009,332028,332032,19,4,5,14400,2.3
332013,333986,336551,1973,2565,1,54000,1.76920077973
332030,332044,332048,14,4,5,14400,1.8
332040,332051,332055,11,4,5,14400,1.5
332051,332060,332064,9,4,5,14400,1.3
332061,332076,332080,15,4,5,14400,1.9
332072,332092,332096,20,4,5,14400,2.4
332093,332108,332112,15,4,5,14400,1.9
332114,332124,332128,10,4,5,14400,1.4
332124,332140,332144,16,4,5,14400,2.0
332145,332156,332160,11,4,5,14400,1.5
332155,332172,332176,17,4,5,14400,2.1
332176,332188,332192,12,4,5,14400,1.6
332187,332204,332208,17,4,5,14400,2.1
332208,332220,332223,12,3,5,14400,1.5
332218,332235,332238,17,3,5,14400,2.0
332239,332251,332255,12,4,5,14400,1.6
332250,332267,332271,17,4,5,14400,2.1
332270,332283,332287,13,4,5,14400,1.7
332281,332299,332303,18,4,5,14400,2.2
332302,332315,332319,13,4,5,14400,1.7
332312,332331,332335,19,4,5,14400,2.3
332333,332347,332351,14,4,5,14400,1.8
332344,332359,332363,15,4,5,14400,1.9
332365,332375,332379,10,4,5,14400,1.4
332375,332391,332395,16,4,5,14400,2.0
332377,336551,337432,4174,881,1,54000,5.73779795687
332396,332407,332411,11,4,5,14400,1.5
332407,332423,332427,16,4,5,14400,2.0
332424,332437,332439,13,2,2,3540,1.5
332427,332444,332448,17,4,5,14400,2.1
332448,332460,332464,12,4,5,14400,1.6
332459,332476,332480,17,4,5,14400,2.1
332479,332492,332496,13,4,5,14400,1.7
332490,332508,332512,18,4,5,14400,2.2
332511,332524,332528,13,4,5,14400,1.7
332521,332540,332544,19,4,5,14400,2.3
332542,332556,332560,14,4,5,14400,1.8
332553,332572,332576,19,4,5,14400,2.3
332574,332585,332589,11,4,5,14400,1.5
332584,332592,332596,8,4,5,14400,1.2
332595,332608,332612,13,4,5,14400,1.7
332605,332617,332621,12,4,5,14400,1.6
332616,332624,332628,8,4,5,14400,1.2
332627,332640,332644,13,4,5,14400,1.7
332637,332656,332660,19,4,5,14400,2.3
332658,332672,332676,14,4,5,14400,1.8
332669,332679,332683,10,4,5,14400,1.4
332679,332688,332692,9,4,5,14400,1.3
332690,332704,332708,14,4,5,14400,1.8
332700,332711,332715,11,4,5,14400,1.5
332711,332720,332724,9,4,5,14400,1.3
332722,332736,332740,14,4,5,14400,1.8
332732,332752,332756,20,4,5,14400,2.4
332753,332768,332772,15,4,5,14400,1.9
332774,332784,332788,10,4,5,14400,1.4
332784,332800,332804,16,4,5,14400,2.0
332805,332816,332820,11,4,5,14400,1.5
332816,332832,332836,16,4,5,14400,2.0
332836,332848,332852,12,4,5,14400,1.6
332847,332864,332867,17,3,5,14400,2.0
332868,332879,332883,11,4,5,14400,1.5
332878,332895,332899,17,4,5,14400,2.1
332899,332911,332915,12,4,5,14400,1.6
332910,332927,332931,17,4,5,14400,2.1
332930,332943,332947,13,4,5,14400,1.7
332941,332959,332963,18,4,5,14400,2.2
332962,332975,332979,13,4,5,14400,1.7
332972,332991,332995,19,4,5,14400,2.3
332993,333007,333010,14,3,5,14400,1.7
333004,333023,333027,19,4,5,14400,2.3
333025,333039,333043,14,4,5,14400,1.8
333035,333055,333059,20,4,5,14400,2.4
333056,333071,333075,15,4,5,14400,1.9
333077,333087,333091,10,4,5,14400,1.4
333087,333094,333098,7,4,5,14400,1.1
333098,333105,333113,7,8,5,14400,1.5
333108,333114,333118,6,4,5,14400,1.0
333119,333127,333131,8,4,5,14400,1.2
333129,333136,333140,7,4,5,14400,1.1
333140,333146,333150,6,4,5,14400,1.0
333151,333157,333162,6,5,5,14400,1.1
333161,333167,333171,6,4,5,14400,1.0
333172,333178,333182,6,4,5,14400,1.0
333183,333190,333194,7,4,5,14400,1.1
333193,333199,333203,6,4,5,14400,1.0
333204,333210,333214,6,4,5,14400,1.0
333204,333215,333220,11,5,5,14400,1.6
333215,333228,333232,13,4,5,14400,1.7
333215,333223,333227,8,4,5,14400,1.2
333226,333244,333248,18,4,5,14400,2.2
333226,333236,333240,10,4,5,14400,1.4
333237,333257,333260,20,3,5,14400,2.3
333237,333251,333255,14,4,5,14400,1.8
333248,333264,333268,16,4,5,14400,2.0
333258,333271,333275,13,4,5,14400,1.7
333269,333278,333282,9,4,5,14400,1.3
333269,333283,333287,14,4,5,14400,1.8
333280,333290,333294,10,4,5,14400,1.4
333281,333296,333299,15,3,5,14400,1.8
333291,333303,333307,12,4,5,14400,1.6
333292,333308,333317,16,9,5,14400,2.5
333302,333315,333319,13,4,5,14400,1.7
333313,333322,333326,9,4,5,14400,1.3
333313,333328,333331,15,3,5,14400,1.8
333324,333335,333339,11,4,5,14400,1.5
333324,333340,333344,16,4,5,14400,2.0
333335,333348,333352,13,4,5,14400,1.7
333345,333355,333359,10,4,5,14400,1.4
333346,333360,333364,14,4,5,14400,1.8
333356,333367,333371,11,4,5,14400,1.5
333357,333372,333376,15,4,5,14400,1.9
333368,333385,334250,17,865,8,6000,1.01965317919
333368,333380,334235,12,855,8,6000,1.01403508772
333379,333393,334350,14,957,8,6000,1.01462904911
333389,333400,334387,11,987,8,6000,1.01114488349
333390,333405,334281,15,876,8,6000,1.01712328767
333401,333411,334269,10,858,8,6000,1.01165501166
333401,333417,334464,16,1047,8,6000,1.0152817574
333412,333423,334288,11,865,8,6000,1.01271676301
333412,333429,334423,17,994,8,6000,1.01710261569
333423,333436,334297,13,861,8,6000,1.01509872242
333434,333697,334677,263,980,8,6000,1.26836734694
333699,334098,335056,399,958,8,6000,1.41649269311
334096,334247,335193,151,946,8,6000,1.15961945032
334249,334263,335131,14,868,8,6000,1.01612903226
334260,334281,335135,21,854,8,6000,1.02459016393
334281,334293,335148,12,855,8,6000,1.01403508772
334292,334300,336098,8,1798,8,6000,1.00444938821
334302,334309,335375,7,1066,8,6000,1.00656660413
334313,334363,335348,50,985,8,6000,1.05076142132
334364,334399,336194,35,1795,8,6000,1.01949860724
334395,334435,335306,40,871,8,6000,1.04592422503
334436,334477,335440,41,963,8,6000,1.04257528557
334477,334575,335576,98,1001,8,6000,1.0979020979
334580,334689,335651,109,962,8,6000,1.11330561331
334692,334948,335907,256,959,8,6000,1.2669447341
334949,335068,335924,119,856,8,6000,1.13901869159
335073,335143,336012,70,869,8,6000,1.08055235903
335145,335151,336049,6,898,8,6000,1.00668151448
335155,335162,336074,7,912,8,6000,1.0076754386
335166,335205,336093,39,888,8,6000,1.04391891892
335207,335318,336189,111,871,8,6000,1.12743972445
335320,335360,336305,40,945,8,6000,1.04232804233
335361,335388,336249,27,861,8,6000,1.03135888502
335393,335452,336303,59,851,8,6000,1.06933019976
335454,335588,336547,134,959,8,6000,1.13972888425
335587,335663,336531,76,868,8,6000,1.08755760369
335659,335919,336920,260,1001,8,6000,1.25974025974
335924,335937,336817,13,880,8,6000,1.01477272727
335935,336024,336974,89,950,8,6000,1.09368421053
336027,336061,336917,34,856,8,6000,1.03971962617
336059,336087,337035,28,948,8,6000,1.02953586498
336090,336104,336983,14,879,8,6000,1.01592718999
336101,336112,336968,11,856,8,6000,1.01285046729
336111,336201,337135,90,934,8,6000,1.09635974304
336203,336210,337072,7,862,8,6000,1.00812064965
336214,336261,337126,47,865,8,6000,1.05433526012
336265,336316,337228,51,912,8,6000,1.05592105263
336317,336323,337202,6,879,8,6000,1.00682593857
336327,336544,337398,217,854,8,6000,1.25409836066
336542,336559,337418,17,859,8,6000,1.01979045402
336563,336829,337684,266,855,8,6000,1.31111111111
336828,336930,337795,102,865,8,6000,1.11791907514
336858,336996,337475,138,479,4,2700,1.28810020877
336896,339943,342660,3047,2717,16,2700,2.12145748988
336930,336937,337797,7,860,8,6000,1.00813953488
336941,336980,337846,39,866,8,6000,1.04503464203
336982,336989,337969,7,980,8,6000,1.00714285714
336992,337047,337923,55,876,8,6000,1.06278538813
337044,337085,337953,41,868,8,6000,1.04723502304
337085,337139,337999,54,860,8,6000,1.06279069767
337136,337148,338009,12,861,8,6000,1.01393728223
337147,337215,338083,68,868,8,6000,1.07834101382
337219,337240,338121,21,881,8,6000,1.02383654938
337240,337410,338268,170,858,8,6000,1.19813519814
337413,337431,338288,18,857,8,6000,1.02100350058
337434,337444,338327,10,883,8,6000,1.01132502831
337444,337633,338796,189,1163,8,6000,1.16251074807
337639,337696,338558,57,862,8,6000,1.06612529002
337701,337807,338670,106,863,8,6000,1.12282734647
337804,337814,338698,10,884,8,6000,1.01131221719
337815,337859,338716,44,857,8,6000,1.05134189032
337856,337935,338787,79,852,8,6000,1.09272300469
337938,337966,338819,28,853,8,6000,1.03282532239
337969,337981,338869,12,888,8,6000,1.01351351351
337979,338012,338867,33,855,8,6000,1.03859649123
338010,338021,338889,11,868,8,6000,1.01267281106
338021,338095,338997,74,902,8,6000,1.08203991131
338037,339231,340310,1194,1079,1,54000,2.10658016682
338094,338133,339004,39,871,8,6000,1.0447761194
338135,338281,339205,146,924,8,6000,1.15800865801
338234,339440,341486,1206,2046,1,54000,1.58944281525
338279,338300,339150,21,850,8,6000,1.02470588235
338299,338339,339212,40,873,8,6000,1.04581901489
338341,338570,339423,229,853,8,6000,1.26846424385
338575,338683,339976,108,1293,8,6000,1.08352668213
338688,338710,339709,22,999,8,6000,1.02202202202
338708,338728,339587,20,859,8,6000,1.02328288708
338729,338799,339726,70,927,8,6000,1.07551240561
338801,338808,339816,7,1008,8,6000,1.00694444444
338811,338831,339694,20,863,8,6000,1.02317497103
338832,338879,339839,47,960,8,6000,1.04895833333
338884,338891,339750,7,859,8,6000,1.00814901048
338894,338902,339772,8,870,8,6000,1.0091954023
338905,339009,339869,104,860,8,6000,1.12093023256
339007,339016,340613,9,1597,8,6000,1.00563556669
339018,339163,340091,145,928,8,6000,1.15625
339162,339217,339221,55,4,5,14400,5.9
339213,339224,339228,11,4,5,14400,1.5
339224,339238,339242,14,4,5,14400,1.8
339235,339245,339249,10,4,5,14400,1.4
339246,339252,339256,6,4,5,14400,1.0
339256,339263,339267,7,4,5,14400,1.1
339267,339273,339277,6,4,5,14400,1.0
339277,339283,339287,6,4,5,14400,1.0
339288,339295,339299,7,4,5,14400,1.1
339298,339306,339310,8,4,5,14400,1.2
339309,339315,339319,6,4,5,14400,1.0
339320,339326,339330,6,4,5,14400,1.0
339330,339338,339342,8,4,5,14400,1.2
339341,339347,339351,6,4,5,14400,1.0
339352,339358,339362,6,4,5,14400,1.0
339362,339369,339373,7,4,5,14400,1.1
339373,339380,339383,7,3,5,14400,1.0
339383,339390,339394,7,4,5,14400,1.1
339394,339400,339404,6,4,5,14400,1.0
339405,339411,339415,6,4,5,14400,1.0
339415,339422,339426,7,4,5,14400,1.1
339426,339432,339436,6,4,5,14400,1.0
339436,339446,339450,10,4,5,14400,1.4
339447,339454,339457,7,3,5,14400,1.0
339458,339465,339469,7,4,5,14400,1.1
339468,339475,339479,7,4,5,14400,1.1
339479,339486,339490,7,4,5,14400,1.1
339489,339497,339501,8,4,5,14400,1.2
339500,339506,339510,6,4,5,14400,1.0
339511,339517,339521,6,4,5,14400,1.0
339521,339528,339532,7,4,5,14400,1.1
339532,339539,339543,7,4,5,14400,1.1
339543,339549,339553,6,4,5,14400,1.0
339553,339560,339564,7,4,5,14400,1.1
339564,339570,339574,6,4,5,14400,1.0
339575,339581,339585,6,4,5,14400,1.0
339585,339591,339595,6,4,5,14400,1.0
339596,339603,339606,7,3,5,14400,1.0
339606,339613,339617,7,4,5,14400,1.1
339617,339624,339632,7,8,5,14400,1.5
339628,339634,339638,6,4,5,14400,1.0
339638,339646,339649,8,3,5,14400,1.1
339649,339655,339659,6,4,5,14400,1.0
339660,339667,339671,7,4,5,14400,1.1
339670,339676,339680,6,4,5,14400,1.0
339681,339687,339691,6,4,5,14400,1.0
339692,339698,339702,6,4,5,14400,1.0
339702,339708,339712,6,4,5,14400,1.0
339713,339719,339723,6,4,5,14400,1.0
339713,339724,339729,11,5,5,14400,1.6
339724,339732,339736,8,4,5,14400,1.2
339724,339737,339741,13,4,5,14400,1.7
339735,339745,339749,10,4,5,14400,1.4
339736,339751,339754,15,3,5,14400,1.8
339746,339758,339762,12,4,5,14400,1.6
339747,339763,339767,16,4,5,14400,2.0
339757,339770,339774,13,4,5,14400,1.7
339768,339782,339785,14,3,5,14400,1.7
339768,339777,339780,9,3,5,14400,1.2
339779,339794,339798,15,4,5,14400,1.9
339779,339789,339792,10,3,5,14400,1.3
339790,339801,339805,11,4,5,14400,1.5
339790,339806,339810,16,4,5,14400,2.0
339801,339814,339818,13,4,5,14400,1.7
339812,339821,339825,9,4,5,14400,1.3
339812,339826,339830,14,4,5,14400,1.8
339823,339838,339842,15,4,5,14400,1.9
339823,339844,339848,21,4,5,14400,2.5
339834,339851,339854,17,3,5,14400,2.0
339845,339858,339861,13,3,5,14400,1.6
339855,339865,339869,10,4,5,14400,1.4
339856,339870,339874,14,4,5,14400,1.8
339867,339878,339882,11,4,5,14400,1.5
339867,339883,339887,16,4,5,14400,2.0
339878,339890,339893,12,3,5,14400,1.5
339888,339897,339901,9,4,5,14400,1.3
339889,339902,339906,13,4,5,14400,1.7
339899,339910,339914,11,4,5,14400,1.5
339900,339915,339919,15,4,5,14400,1.9
339910,339922,339926,12,4,5,14400,1.6
339911,339927,339931,16,4,5,14400,2.0
339921,339935,339939,14,4,5,14400,1.8
339932,339948,339952,16,4,5,14400,2.0
339932,339953,339957,21,4,5,14400,2.5
339953,339960,339963,7,3,5,14400,1.0
339954,339967,339971,13,4,5,14400,1.7
339964,339974,339978,10,4,5,14400,1.4
339965,339981,339985,16,4,5,14400,2.0
339975,339988,339992,13,4,5,14400,1.7
339976,339993,339997,17,4,5,14400,2.1
339986,340001,340005,15,4,5,14400,1.9
339997,340008,340012,11,4,5,14400,1.5
339997,340013,340017,16,4,5,14400,2.0
340008,340020,340024,12,4,5,14400,1.6
340019,340027,340031,8,4,5,14400,1.2
340019,340032,340036,13,4,5,14400,1.7
340030,340039,340042,9,3,5,14400,1.2
340030,340044,340052,14,8,5,14400,2.2
340041,340056,340060,15,4,5,14400,1.9
340041,340051,340055,10,4,5,14400,1.4
340052,340064,340067,12,3,5,14400,1.5
340052,340069,340072,17,3,5,14400,2.0
340063,340076,340080,13,4,5,14400,1.7
340074,340083,340087,9,4,5,14400,1.3
340074,340088,340092,14,4,5,14400,1.8
340085,340095,340099,10,4,5,14400,1.4
340085,340100,340104,15,4,5,14400,1.9
340096,340107,340111,11,4,5,14400,1.5
340096,340112,340116,16,4,5,14400,2.0
340107,340119,340123,12,4,5,14400,1.6
340117,340126,340130,9,4,5,14400,1.3
340118,340131,340135,13,4,5,14400,1.7
340128,340138,340142,10,4,5,14400,1.4
340129,340143,340147,14,4,5,14400,1.8
340139,340150,340154,11,4,5,14400,1.5
340140,340155,340159,15,4,5,14400,1.9
340150,340167,340170,17,3,5,14400,2.0
340152,340161,341139,9,978,8,6000,1.00920245399
340162,340174,341037,12,863,8,6000,1.01390498262
340163,340179,341049,16,870,8,6000,1.0183908046
340173,340186,341041,13,855,8,6000,1.01520467836
340184,340193,341233,9,1040,8,6000,1.00865384615
340184,340198,341058,14,860,8,6000,1.01627906977
340195,340210,341071,15,861,8,6000,1.01742160279
340195,340204,341073,9,869,8,6000,1.01035673188
340206,340217,341076,11,859,8,6000,1.01280558789
340206,340222,341080,16,858,8,6000,1.01864801865
340227,340233,341098,6,865,8,6000,1.00693641618
340238,340626,341549,388,923,8,6000,1.42036836403
340625,341050,341999,425,949,8,6000,1.4478398314
340891,340898,342595,7,1697,1,54000,1.00412492634
340972,340979,342071,7,1092,1,54000,1.00641025641
341053,341060,341922,7,862,8,6000,1.00812064965
341064,341070,341930,6,860,8,6000,1.00697674419
341074,341080,341941,6,861,8,6000,1.00696864111
341075,341088,341945,13,857,8,6000,1.01516919487
341086,341095,341957,9,862,8,6000,1.01044083527
341086,341100,341957,14,857,8,6000,1.01633605601
341097,341107,341970,10,863,8,6000,1.01158748552
341107,341114,341973,7,859,8,6000,1.00814901048
341118,341152,342016,34,864,8,6000,1.03935185185
341149,341246,342121,97,875,8,6000,1.11085714286
341205,341499,343305,294,1806,1,54000,1.16279069767
341251,341561,342414,310,853,8,6000,1.36342321219
341557,341935,342861,378,926,8,6000,1.40820734341
341935,341942,342801,7,859,8,6000,1.00814901048
341945,341954,343003,9,1049,8,6000,1.00857959962
341956,341962,342845,6,883,8,6000,1.00679501699
341966,341973,342881,7,908,8,6000,1.0077092511
341977,341989,342843,12,854,8,6000,1.01405152225
341977,341983,342841,6,858,8,6000,1.00699300699
341988,341996,342906,8,910,8,6000,1.00879120879
341999,342011,342865,12,854,8,6000,1.01405152225
342009,342028,342897,19,869,8,6000,1.02186421174
342030,342133,343073,103,940,8,6000,1.10957446809
342132,342426,343282,294,856,8,6000,1.34345794393
342340,342607,345871,267,3264,1,54000,1.08180147059
342428,342673,343549,245,876,8,6000,1.2796803653
342663,342873,342875,210,2,1,54000,21.2
342672,342680,343534,8,854,8,6000,1.0093676815
342683,342813,343677,130,864,8,6000,1.15046296296
342816,342853,343709,37,856,8,6000,1.04322429907
342857,342864,343730,7,866,8,6000,1.00808314088
342868,342880,343819,12,939,8,6000,1.01277955272
342878,342886,343753,8,867,8,6000,1.0092272203
342889,342896,343923,7,1027,8,6000,1.00681596884
342900,342907,343774,7,867,8,6000,1.00807381776
342910,342917,343782,7,865,8,6000,1.00809248555
342921,342927,344087,6,1160,8,6000,1.00517241379
342931,343015,343878,84,863,8,6000,1.09733487833
343013,343085,343977,72,892,8,6000,1.08071748879
343085,343294,344500,209,1206,8,6000,1.17330016584
343168,343468,343470,300,2,2,3540,30.2
343299,343463,344450,164,987,8,6000,1.16616008105
343462,343474,344445,12,971,8,6000,1.01235839341
343473,343546,344409,73,863,8,6000,1.08458864426
343545,343562,344450,17,888,8,6000,1.01914414414
343565,343689,344764,124,1075,8,6000,1.11534883721
343688,343722,344585,34,863,8,6000,1.03939745075
343719,343742,344629,23,887,8,6000,1.02593010147
343740,343766,344644,26,878,8,6000,1.02961275626
343771,343786,344677,15,891,8,6000,1.01683501684
343781,343794,344711,13,917,8,6000,1.01417666303
343792,343831,344700,39,869,8,6000,1.04487917146
343833,343890,344782,57,892,8,6000,1.06390134529
343895,343936,345696,41,1760,8,6000,1.02329545455
343936,343990,344851,54,861,8,6000,1.06271777003
343987,344099,344953,112,854,8,6000,1.13114754098
344100,344422,345280,322,858,8,6000,1.37529137529
344404,353231,361333,8827,8102,18,32400,2.08948407801
344426,344457,345376,31,919,8,6000,1.03373231774
344457,344464,345332,7,868,8,6000,1.00806451613
344468,344475,345330,7,855,8,6000,1.0081871345
344478,344513,345579,35,1066,8,6000,1.03283302064
344509,344598,345537,89,939,8,6000,1.09478168264
344601,344642,345507,41,865,8,6000,1.04739884393
344643,344657,345533,14,876,8,6000,1.01598173516
344653,344689,345580,36,891,8,6000,1.0404040404
344694,344713,345577,19,864,8,6000,1.02199074074
344715,344723,345607,8,884,8,6000,1.00904977376
344726,344777,345652,51,875,8,6000,1.05828571429
344777,344794,345763,17,969,8,6000,1.01754385965
344798,344863,345794,65,931,8,6000,1.06981740064
344859,344965,345906,106,941,8,6000,1.11264612115
344962,345292,346493,330,1201,8,6000,1.27477102415
345288,345342,346198,54,856,8,6000,1.06308411215
345319,345883,350504,564,4621,1,72000,1.122051504
345339,345349,346209,10,860,8,6000,1.01162790698
345350,345387,346260,37,873,8,6000,1.04238258877
345391,345519,346379,128,860,8,6000,1.1488372093
345514,345546,346558,32,1012,8,6000,1.03162055336
345545,345553,346646,8,1093,8,6000,1.00731930467
345556,345589,346538,33,949,8,6000,1.03477344573
345587,345596,346457,9,861,8,6000,1.01045296167
345597,345603,346480,6,877,8,6000,1.00684150513
345609,345620,346586,11,966,8,6000,1.01138716356
345619,345664,346520,45,856,8,6000,1.05257009346
345660,345709,346560,49,851,8,6000,1.05757931845
345698,346692,346748,994,56,1,28800,18.75
345712,345775,346673,63,898,8,6000,1.070155902
345773,345806,346674,33,868,8,6000,1.03801843318
345804,345918,346834,114,916,8,6000,1.12445414847
345917,346210,347069,293,859,8,6000,1.34109429569
346060,346761,346762,701,1,1,100800,70.2
346212,346221,347080,9,859,8,6000,1.01047729919
346223,346273,347130,50,857,8,6000,1.05834305718
346274,346391,347275,117,884,8,6000,1.13235294118
346387,346469,347323,82,854,8,6000,1.09601873536
346468,346492,347380,24,888,8,6000,1.02702702703
346490,346505,347398,15,893,8,6000,1.01679731243
346510,346533,347452,23,919,8,6000,1.02502720348
346531,346551,347488,20,937,8,6000,1.02134471718
346552,346571,347536,19,965,8,6000,1.01968911917
346573,346579,347467,6,888,8,6000,1.00675675676
346584,346598,347452,14,854,8,6000,1.01639344262
346594,346658,347518,64,860,8,6000,1.07441860465
346656,346685,347539,29,854,8,6000,1.03395784543
346687,346699,347668,12,969,8,6000,1.01238390093
346698,346810,347675,112,865,8,6000,1.12947976879
346810,346846,347715,36,869,8,6000,1.0414269275
346841,347081,347952,240,871,8,6000,1.27554535017
347086,347094,348114,8,1020,8,6000,1.00784313725
347097,347143,348029,46,886,8,6000,1.05191873589
347148,347288,348141,140,853,8,6000,1.16412661196
347291,347335,348351,44,1016,8,6000,1.04330708661
347332,347392,348269,60,877,8,6000,1.06841505131
347394,347410,348461,16,1051,8,6000,1.01522359657
347415,347464,348324,49,860,8,6000,1.05697674419
347466,347473,348362,7,889,8,6000,1.00787401575
347477,347483,349159,6,1676,8,6000,1.00357995227
347487,347501,348367,14,866,8,6000,1.01616628176
347498,347531,348407,33,876,8,6000,1.03767123288
347529,347548,348435,19,887,8,6000,1.0214205186
347550,347557,348423,7,866,8,6000,1.00808314088
347561,347680,348626,119,946,8,6000,1.12579281184
347683,347690,349343,7,1653,8,6000,1.00423472474
347694,347727,348587,33,860,8,6000,1.03837209302
347725,347965,348823,240,858,8,6000,1.27972027972
347970,348041,348901,71,860,8,6000,1.08255813953
348041,348126,349010,85,884,8,6000,1.09615384615
348123,348153,349016,30,863,8,6000,1.03476245655
348154,348281,349175,127,894,8,6000,1.14205816555
348277,348337,349197,60,860,8,6000,1.06976744186
348338,348363,349222,25,859,8,6000,1.02910360885
348359,348374,349286,15,912,8,6000,1.01644736842
348370,348381,349242,11,861,8,6000,1.01277584204
348381,348420,349431,39,1011,8,6000,1.03857566766
348422,348435,349296,13,861,8,6000,1.01509872242
348433,348448,349496,15,1048,8,6000,1.0143129771
348452,348599,351549,147,2950,5,14400,1.04983050847
348595,348605,351522,10,2917,5,14400,1.00342817964
348605,348638,351527,33,2889,5,14400,1.01142263759
348636,348914,351891,278,2977,5,14400,1.09338259993
348911,349029,354469,118,5440,5,14400,1.02169117647
349034,349172,352132,138,2960,5,14400,1.04662162162
349177,349184,352046,7,2862,5,14400,1.00244584207
349188,349194,352231,6,3037,5,14400,1.00197563385
349198,349234,352105,36,2871,5,14400,1.01253918495
349240,349246,352176,6,2930,5,14400,1.00204778157
349251,349298,352290,47,2992,5,14400,1.01570855615
349302,349310,352367,8,3057,5,14400,1.00261694472
349302,349315,352546,13,3231,5,14400,1.00402352213
349313,349355,352324,42,2969,5,14400,1.01414617716
349354,349443,352385,89,2942,5,14400,1.03025152957
349436,349508,352384,72,2876,5,14400,1.02503477051
349498,350516,353562,1018,3046,5,14400,1.33420879842
350516,351539,354465,1023,2926,5,14400,1.34962406015
351533,351556,354627,23,3071,5,14400,1.00748941713
351554,351582,354431,28,2849,5,14400,1.00982800983
351585,351926,354977,341,3051,5,14400,1.11176663389
351931,352079,355192,148,3113,5,14400,1.04754256344
352075,352117,354997,42,2880,5,14400,1.01458333333
352116,352144,355149,28,3005,5,14400,1.00931780366
352147,352188,355086,41,2898,5,14400,1.01414768806
352189,352243,355163,54,2920,5,14400,1.01849315068
352240,352302,355243,62,2941,5,14400,1.02108126488
352301,352337,355870,36,3533,5,14400,1.01018964053
352332,352379,355390,47,3011,5,14400,1.01560943208
352384,352396,356729,12,4333,5,14400,1.0027694438
352394,352403,355207,9,2804,5,14400,1.00320970043
352405,352559,355510,154,2951,5,14400,1.05218569976
352558,353574,356467,1016,2893,5,14400,1.3511925337
353579,354443,357312,864,2869,5,14400,1.30115022656
354446,354477,357392,31,2915,5,14400,1.01063464837
354477,354484,357365,7,2881,5,14400,1.00242971191
354488,354642,357734,154,3092,5,14400,1.04980595084
354641,354989,357908,348,2919,5,14400,1.11921891059
354987,355009,358001,22,2992,5,14400,1.00735294118
355008,355098,358008,90,2910,5,14400,1.03092783505
355100,355161,358152,61,2991,5,14400,1.02039451688
355161,355176,358198,15,3022,5,14400,1.00496360026
355172,355204,358076,32,2872,5,14400,1.01114206128
355203,355220,358221,17,3001,5,14400,1.00566477841
355224,355256,358146,32,2890,5,14400,1.01107266436
355246,359404,359695,4158,291,1,3600,15.2886597938
355255,355402,358354,147,2952,5,14400,1.04979674797
355398,355522,358402,124,2880,5,14400,1.04305555556
355524,355882,358740,358,2858,5,14400,1.12526242127
355883,356479,359392,596,2913,5,14400,1.20460006866
356484,356741,359835,257,3094,5,14400,1.08306399483
356738,357324,360356,586,3032,5,14400,1.19327176781
357324,357378,360212,54,2834,5,14400,1.01905434016
357375,357405,360326,30,2921,5,14400,1.01027045532
357406,357746,360811,340,3065,5,14400,1.11092985318
357527,407116,409309,49589,2193,128,3600,23.6124031008
357578,409320,409348,51742,28,128,3600,1848.92857143
357742,357921,360995,179,3074,5,14400,1.0582303188
357926,358013,360914,87,2901,5,14400,1.02998965874
358018,358024,360975,6,2951,5,14400,1.00203320908
358028,358092,360916,64,2824,5,14400,1.02266288952
358090,358158,361037,68,2879,5,14400,1.02361931226
358162,358169,361224,7,3055,5,14400,1.0022913257
358173,358233,359085,60,852,8,6000,1.07042253521
358224,358414,359510,190,1096,8,6000,1.17335766423
358357,358753,359615,396,862,8,6000,1.45939675174
358744,359097,359999,353,902,8,6000,1.39135254989
359091,359523,360458,432,935,8,6000,1.46203208556
359147,359705,360158,558,453,1,3600,2.23178807947
359396,359627,360628,231,1001,8,6000,1.23076923077
359519,359850,360765,331,915,8,6000,1.36174863388
359632,360011,360974,379,963,8,6000,1.39356178609
360009,360339,361226,330,887,8,6000,1.37204058625
360025,360168,360812,143,644,1,3600,1.22204968944
360213,360368,361366,155,998,8,6000,1.15531062124
360366,360471,361381,105,910,8,6000,1.11538461538
360468,360641,361836,173,1195,8,6000,1.14476987448
360469,360822,361701,353,879,1,3600,1.401592719
360631,360777,361651,146,874,8,6000,1.16704805492
360774,360926,361947,152,1021,8,6000,1.14887365328
360815,360933,361997,118,1064,8,6000,1.11090225564
360928,360986,361867,58,881,8,6000,1.06583427923
360980,361012,361913,32,901,8,6000,1.03551609323
360990,361237,362295,247,1058,8,6000,1.23345935728
361042,361244,362178,202,934,8,6000,1.21627408994
361235,361346,362307,111,961,8,6000,1.11550468262
361348,361354,362321,6,967,8,6000,1.00620475698
361358,361378,362465,20,1087,8,6000,1.01839926403
361379,361393,362302,14,909,8,6000,1.01540154015
361390,361663,362519,273,856,8,6000,1.31892523364
361414,361711,363186,297,1475,1,3600,1.2013559322
361665,361849,362787,184,938,8,6000,1.19616204691
361849,361879,362856,30,977,8,6000,1.0307062436
361880,361925,362980,45,1055,8,6000,1.04265402844
361921,361959,362944,38,985,8,6000,1.0385786802
361962,362009,363347,47,1338,8,6000,1.03512705531
362014,362191,363140,177,949,8,6000,1.18651211802
362187,362308,363169,121,861,8,6000,1.14053426249
362310,362317,363497,7,1180,8,6000,1.00593220339
362319,362326,363629,7,1303,1,3600,1.00537221796
362320,362333,363193,13,860,8,6000,1.01511627907
362331,362340,363372,9,1032,8,6000,1.00872093023
362341,362477,363486,136,1009,8,6000,1.13478691774
362474,362531,363511,57,980,8,6000,1.05816326531
362536,362799,363706,263,907,8,6000,1.28996692393
362801,362868,363800,67,932,8,6000,1.07188841202
362873,362957,363815,84,858,8,6000,1.0979020979
362955,362992,363998,37,1006,8,6000,1.03677932406
362996,363152,364038,156,886,8,6000,1.17607223476
363113,363196,363801,83,605,1,1800,1.13719008264
363149,363181,364053,32,872,8,6000,1.03669724771
363180,363205,364120,25,915,8,6000,1.02732240437
363201,363359,364343,158,984,8,6000,1.16056910569
363354,363384,364282,30,898,8,6000,1.03340757238
363385,363498,364366,113,868,8,6000,1.1301843318
363498,363509,364372,11,863,8,6000,1.01274623407
363508,363523,364711,15,1188,8,6000,1.01262626263
363519,363719,364783,200,1064,8,6000,1.18796992481
363723,363812,364688,89,876,8,6000,1.10159817352
363815,363828,364728,13,900,8,6000,1.01444444444
363826,364010,364945,184,935,8,6000,1.19679144385
364010,364051,364951,41,900,8,6000,1.04555555556
364051,364066,364945,15,879,8,6000,1.01706484642
364072,364132,365223,60,1091,8,6000,1.05499541705
364133,364295,365259,162,964,8,6000,1.16804979253
364234,364240,364404,6,164,1,1800,1.03658536585
364296,364355,365348,59,993,8,6000,1.05941591138
364358,364379,365311,21,932,8,6000,1.02253218884
364379,364386,365317,7,931,8,6000,1.00751879699
364389,364700,365684,311,984,8,6000,1.31605691057
364706,364733,365601,27,868,8,6000,1.03110599078
364737,364744,365610,7,866,8,6000,1.00808314088
364748,364795,365675,47,880,8,6000,1.05340909091
364800,364957,365964,157,1007,8,6000,1.15590863952
364953,364964,365897,11,933,8,6000,1.01178992497
364963,364970,365997,7,1027,8,6000,1.00681596884
364974,365236,366149,262,913,8,6000,1.286966046
365238,365271,366169,33,898,8,6000,1.03674832962
365269,365323,366185,54,862,8,6000,1.0626450116
365316,365328,366300,12,972,1,1800,1.01234567901
365326,365335,366237,9,902,8,6000,1.00997782705
365336,365360,366296,24,936,8,6000,1.02564102564
365357,365614,366543,257,929,8,6000,1.27664155005
365508,366310,366961,802,651,1,3600,2.23195084485
365612,365623,366613,11,990,8,6000,1.01111111111
365622,365688,366589,66,901,8,6000,1.07325194229
365678,366971,367377,1293,406,1,3600,4.18472906404
365684,365697,366634,13,937,8,6000,1.01387406617
365695,365909,366862,214,953,8,6000,1.22455403987
365909,365976,366952,67,976,8,6000,1.06864754098
365981,366010,366900,29,890,8,6000,1.03258426966
366012,366162,367157,150,995,8,6000,1.15075376884
366165,366181,367132,16,951,8,6000,1.01682439537
366186,366197,367280,11,1083,8,6000,1.01015697138
366197,366249,367214,52,965,8,6000,1.05388601036
366248,366316,367490,68,1174,8,6000,1.05792163543
366320,366556,367478,236,922,8,6000,1.25596529284
366555,366601,367488,46,887,8,6000,1.05186020293
366606,366625,367517,19,892,8,6000,1.02130044843
366627,366646,367518,19,872,8,6000,1.02178899083
366648,366874,367839,226,965,8,6000,1.23419689119
366875,366912,368114,37,1202,8,6000,1.03078202995
366916,366964,367915,48,951,8,6000,1.05047318612
366968,367144,368036,176,892,8,6000,1.19730941704
367145,367169,368084,24,915,8,6000,1.0262295082
367166,367226,368123,60,897,8,6000,1.06688963211
367227,367292,368371,65,1079,8,6000,1.06024096386
367279,367387,368133,108,746,1,3600,1.14477211796
367285,368145,368277,860,132,1,1800,7.51515151515
367296,367490,368469,194,979,8,6000,1.19816138917
367492,367501,368479,9,978,8,6000,1.00920245399
367503,367510,368476,7,966,8,6000,1.00724637681
367514,367529,368477,15,948,8,6000,1.01582278481
367534,367542,368512,8,970,8,6000,1.00824742268
367545,367851,368803,306,952,8,6000,1.32142857143
367618,368287,369488,669,1201,1,3600,1.5570358035
367857,367927,368795,70,868,8,6000,1.08064516129
367923,368048,368934,125,886,8,6000,1.14108352144
368046,368097,368982,51,885,8,6000,1.05762711864
368099,368126,369125,27,999,8,6000,1.02702702703
368131,368138,369167,7,1029,8,6000,1.00680272109
368141,368384,369257,243,873,8,6000,1.27835051546
368387,368481,369469,94,988,8,6000,1.0951417004
368485,368498,369410,13,912,8,6000,1.01425438596
368485,368492,369385,7,893,8,6000,1.0078387458
368496,368505,369428,9,923,8,6000,1.00975081257
368507,368525,369526,18,1001,8,6000,1.01798201798
368528,368807,369778,279,971,8,6000,1.28733264676
368805,368815,369760,10,945,8,6000,1.01058201058
368819,368825,371673,6,2848,5,14400,1.00210674157
368824,368952,370178,128,1226,1,3600,1.1044045677
368830,368947,371789,117,2842,5,14400,1.04116819141
368944,368960,369492,16,532,1,1800,1.03007518797
368952,368994,371782,42,2788,5,14400,1.01506456241
368993,369001,371871,8,2870,5,14400,1.00278745645
369012,369137,371955,125,2818,5,14400,1.0443577005
369136,369179,371890,43,2711,5,14400,1.01586130579
369177,369185,371907,8,2722,5,14400,1.00293901543
369188,369269,371967,81,2698,5,14400,1.0300222387
369273,369397,372484,124,3087,5,14400,1.04016844833
369397,369403,372128,6,2725,5,14400,1.00220183486
369408,369422,372204,14,2782,5,14400,1.00503235083
369419,369429,372081,10,2652,5,14400,1.00377073906
369429,369440,372193,11,2753,5,14400,1.00399564112
369440,369482,372455,42,2973,5,14400,1.0141271443
369441,369498,369553,57,55,1,1800,2.03636363636
369482,369489,372204,7,2715,5,14400,1.00257826888
369492,369539,372364,47,2825,5,14400,1.01663716814
369544,369551,372269,7,2718,5,14400,1.00257542311
369554,369773,372522,219,2749,5,14400,1.07966533285
369770,369802,372483,32,2681,5,14400,1.01193584483
369805,369813,372546,8,2733,5,14400,1.00292718624
369816,371685,374427,1869,2742,5,14400,1.68161925602
370013,370020,370156,7,136,1,1800,1.05147058824
370088,370166,372200,78,2034,1,3600,1.0383480826
370471,370478,371506,7,1028,1,1800,1.00680933852
371364,371517,372171,153,654,1,1800,1.23394495413
371687,371795,374703,108,2908,5,14400,1.0371389271
371795,371802,374701,7,2899,5,14400,1.00241462573
371806,371884,374861,78,2977,5,14400,1.02620087336
371888,371902,374647,14,2745,5,14400,1.00510018215
371899,371923,374827,24,2904,5,14400,1.00826446281
371923,371968,375067,45,3099,5,14400,1.01452081317
371965,371980,374915,15,2935,5,14400,1.00511073254
371976,372093,375176,117,3083,5,14400,1.03795004865
372089,372140,374953,51,2813,5,14400,1.0181301102
372141,372205,374981,64,2776,5,14400,1.02305475504
372202,372212,375048,10,2836,5,14400,1.00352609309
372213,372221,375144,8,2923,5,14400,1.00273691413
372224,372230,375057,6,2827,5,14400,1.00212239123
372234,372281,375149,47,2868,5,14400,1.01638772664
372286,372376,375300,90,2924,5,14400,1.03077975376
372372,372472,375369,100,2897,5,14400,1.03451846738
372475,372497,375427,22,2930,5,14400,1.00750853242
372496,372504,375453,8,2949,5,14400,1.00271278399
372506,372534,375731,28,3197,5,14400,1.00875821082
372538,372558,375448,20,2890,5,14400,1.00692041522
372559,374440,377399,1881,2959,5,14400,1.63568773234
373693,374731,374755,1038,24,2,4215,44.25
373723,374768,374790,1045,22,2,4215,48.5
374006,374720,376293,714,1573,1,3300,1.45390972664
374451,374659,377545,208,2886,5,14400,1.07207207207
374592,374725,374797,133,72,1,1800,2.84722222222
374656,374713,377712,57,2999,5,14400,1.01900633545
374719,374839,377821,120,2982,5,14400,1.04024144869
374842,374873,377844,31,2971,5,14400,1.01043419724
374873,374927,377747,54,2820,5,14400,1.01914893617
374925,374965,377859,40,2894,5,14400,1.01382170007
374966,374994,377994,28,3000,5,14400,1.00933333333
374998,375069,378087,71,3018,5,14400,1.02352551359
375070,375078,377926,8,2848,5,14400,1.00280898876
375080,375087,377950,7,2863,5,14400,1.00244498778
375091,375156,378234,65,3078,5,14400,1.02111760884
375153,375164,378071,11,2907,5,14400,1.00378396973
375164,375189,378057,25,2868,5,14400,1.00871687587
375185,375313,378191,128,2878,5,14400,1.04447533009
375285,375291,375492,6,201,1,1800,1.02985074627
375319,375381,378211,62,2830,5,14400,1.02190812721
375381,375439,378572,58,3133,5,14400,1.01851260772
375443,375460,378308,17,2848,5,14400,1.00596910112
375464,375474,378307,10,2833,5,14400,1.00352982704
375475,375743,378656,268,2913,5,14400,1.09200137315
375740,377411,380281,1671,2870,5,14400,1.58222996516
376730,376737,377650,7,913,2,10800,1.00766703176
376732,380728,381325,3996,597,1,1800,7.69346733668
377327,377662,378494,335,832,2,10800,1.40264423077
377412,377557,380474,145,2917,5,14400,1.04970860473
377562,377725,380552,163,2827,5,14400,1.05765829501
377588,378506,380714,918,2208,1,3300,1.41576086957
377722,377765,380629,43,2864,5,14400,1.01501396648
377732,380336,399015,2604,18679,1,72000,1.13940789121
377764,377833,381002,69,3169,5,14400,1.0217734301
377836,377856,380676,20,2820,5,14400,1.00709219858
377858,377872,380709,14,2837,5,14400,1.00493479027
377869,377938,380906,69,2968,5,14400,1.02324797844
377942,377962,380806,20,2844,5,14400,1.0070323488
377964,378006,381010,42,3004,5,14400,1.01398135819
378006,378069,381067,63,2998,5,14400,1.02101400934
378068,378083,381005,15,2922,5,14400,1.00513347023
378084,378099,381011,15,2912,5,14400,1.0051510989
378095,378203,381347,108,3144,5,14400,1.03435114504
378207,378223,382463,16,4240,5,14400,1.00377358491
378216,378512,380319,296,1807,1,1800,1.16380741561
378232,378247,381141,15,2894,5,14400,1.00518313753
378243,378319,381529,76,3210,5,14400,1.02367601246
378317,378326,381271,9,2945,5,14400,1.00305602716
378328,378585,381404,257,2819,5,14400,1.09116708053
378584,378668,381519,84,2851,5,14400,1.02946334619
378673,380293,383159,1620,2866,5,14400,1.56524773203
379095,412984,420449,33889,7465,2,14400,5.53971868721
379814,410877,416745,31063,5868,32,7200,6.29362644853
379866,409361,415459,29495,6098,64,14400,5.83683174811
380297,380486,383512,189,3026,5,14400,1.06245869134
380461,413172,415095,32711,1923,2,14400,18.010400416
380487,380564,383428,77,2864,5,14400,1.02688547486
380569,380641,383708,72,3067,5,14400,1.02347570916
380641,380688,383420,47,2732,5,14400,1.01720351391
380689,380721,383630,32,2909,5,14400,1.01100034376
380728,380818,383847,90,3029,5,14400,1.02971277649
380820,380918,383814,98,2896,5,14400,1.03383977901
380922,381015,383941,93,2926,5,14400,1.03178400547
380959,395179,399683,14220,4504,8,7200,4.15719360568
381015,381022,384161,7,3139,5,14400,1.00223000956
381027,381034,384013,7,2979,5,14400,1.00234978181
381039,381046,384005,7,2959,5,14400,1.00236566408
381050,381079,384029,29,2950,5,14400,1.00983050847
381080,381153,383958,73,2805,5,14400,1.02602495544
381152,381283,384086,131,2803,5,14400,1.04673564039
381285,381359,384491,74,3132,5,14400,1.02362707535
381294,413177,414204,31883,1027,2,14400,32.0447906524
381358,381417,384521,59,3104,5,14400,1.01900773196
381415,381532,384403,117,2871,5,14400,1.0407523511
381536,381542,384570,6,3028,5,14400,1.00198150594
381546,382477,385441,931,2964,5,14400,1.3141025641
381751,413183,415163,31432,1980,2,14400,16.8747474747
382478,383171,386053,693,2882,5,14400,1.24045801527
383173,383432,386390,259,2958,5,14400,1.0875591616
383432,383441,386326,9,2885,5,14400,1.00311958406
383448,383524,386328,76,2804,5,14400,1.02710413695
383520,383646,386400,126,2754,5,14400,1.04575163399
383643,383721,386591,78,2870,5,14400,1.02717770035
383725,383826,386792,101,2966,5,14400,1.03405259609
383831,383860,386748,29,2888,5,14400,1.01004155125
383836,415483,469561,31647,54078,10,57600,1.58521025186
383862,383956,387000,94,3044,5,14400,1.0308804205
383954,383971,387048,17,3077,5,14400,1.00552486188
383975,384017,386859,42,2842,5,14400,1.01477832512
384016,384025,386979,9,2954,5,14400,1.00304671632
384028,384041,386792,13,2751,5,14400,1.00472555434
384038,384098,387048,60,2950,5,14400,1.02033898305
384100,384173,387139,73,2966,5,14400,1.02461227242
384117,429200,430315,45083,1115,2,43200,41.4331838565
384174,384416,387258,242,2842,5,14400,1.0851513019
384419,384503,387359,84,2856,5,14400,1.02941176471
384503,384534,389396,31,4862,5,14400,1.00637597696
384539,384582,387536,43,2954,5,14400,1.01455653351
384542,415753,435229,31211,19476,2,72000,2.60253645512
384579,385464,388515,885,3051,5,14400,1.29006882989
385461,386066,389057,605,2991,5,14400,1.20227348713
386072,386339,389190,267,2851,5,14400,1.0936513504
386297,420798,446053,34501,25255,2,72000,2.36610572164
386339,386346,389228,7,2882,5,14400,1.00242886884
386344,386402,389364,58,2962,5,14400,1.01958136394
386372,472620,600440,86248,127820,2,345600,1.6747613832
386406,386414,389205,8,2791,5,14400,1.00286635614
386417,386603,389455,186,2852,5,14400,1.0652173913
386459,478900,620561,92441,141661,2,345600,1.65255080791
386601,386765,389689,164,2924,5,14400,1.0560875513
386767,386804,389795,37,2991,5,14400,1.01237044467
386802,386811,389813,9,3002,5,14400,1.00299800133
386813,386871,389884,58,3013,5,14400,1.01924991703
386876,386991,389853,115,2862,5,14400,1.04018169113
386988,387012,389938,24,2926,5,14400,1.00820232399
387010,387060,389969,50,2909,5,14400,1.01718803713
387061,387067,389888,6,2821,5,14400,1.00212690535
387072,387151,390107,79,2956,5,14400,1.02672530447
387154,387270,390116,116,2846,5,14400,1.04075895994
387226,392900,394418,5674,1518,1,10800,4.73781291173
387266,387371,390310,105,2939,5,14400,1.03572643756
387370,387548,390593,178,3045,5,14400,1.05845648604
387544,388527,391400,983,2873,5,14400,1.34215106161
387592,392894,403714,5302,10820,2,10800,1.49001848429
387631,399027,399107,11396,80,1,72000,143.45
387639,487241,531978,99602,44737,10,57600,3.22638978921
387736,413188,415128,25452,1940,2,14400,14.1195876289
388146,399119,399485,10973,366,1,28800,30.9808743169
388194,487067,519188,98873,32121,2,172800,4.07814202547
388523,389070,392062,547,2992,5,14400,1.18282085561
388803,409377,420785,20574,11408,18,21600,2.80347124825
389034,611444,613725,222410,2281,14,86400,98.5054800526
389069,413193,415062,24124,1869,2,14400,13.9074371322
389074,389202,392106,128,2904,5,14400,1.04407713499
389207,389217,392160,10,2943,5,14400,1.00339789331
389218,389240,392050,22,2810,5,14400,1.00782918149
389239,389377,392297,138,2920,5,14400,1.04726027397
389372,389408,392334,36,2926,5,14400,1.01230348599
389413,389467,392378,54,2911,5,14400,1.01855032635
389465,389701,392492,236,2791,5,14400,1.08455750627
389699,389807,392586,108,2779,5,14400,1.03886290032
389813,389825,392818,12,2993,5,14400,1.00400935516
389823,389865,392734,42,2869,5,14400,1.01463924712
389865,389896,392793,31,2897,5,14400,1.01070072489
389896,389903,393084,7,3181,5,14400,1.00220056586
389906,389950,392882,44,2932,5,14400,1.01500682128
389947,389981,392894,34,2913,5,14400,1.011671816
389978,390119,393003,141,2884,5,14400,1.04889042996
390122,390128,393119,6,2991,5,14400,1.00200601805
390132,390323,393365,191,3042,5,14400,1.06278763971
390326,390605,393630,279,3025,5,14400,1.09223140496
390602,391412,394301,810,2889,5,14400,1.28037383178
391407,392905,394713,1498,1808,1,1800,1.82853982301
391408,392062,394998,654,2936,5,14400,1.2227520436
391483,393017,395688,1534,2671,1,3300,1.57431673531
391863,395414,396038,3551,624,8,600,6.69070512821
392061,392074,395157,13,3083,5,14400,1.00421667207
392072,392118,395053,46,2935,5,14400,1.01567291312
392123,392172,395011,49,2839,5,14400,1.01725959845
392175,392310,395167,135,2857,5,14400,1.04725236262
392308,392347,395402,39,3055,5,14400,1.01276595745
392349,392392,395205,43,2813,5,14400,1.01528617135
392390,392504,395345,114,2841,5,14400,1.04012671595
392503,392599,395427,96,2828,5,14400,1.03394625177
392595,392746,395829,151,3083,5,14400,1.04897826792
392698,399695,400932,6997,1237,16,1200,6.65642683913
392717,403128,404948,10411,1820,32,1800,6.72032967033
392731,400552,402969,7821,2417,64,2400,4.23582954075
392749,392806,395698,57,2892,5,14400,1.01970954357
392779,393377,393730,598,353,1,1800,2.6940509915
392810,392830,395701,20,2871,5,14400,1.00696621386
392831,392912,395839,81,2927,5,14400,1.02767338572
392913,393022,395854,109,2832,5,14400,1.03848870056
392924,393383,394063,459,680,1,3300,1.675
393026,393097,396031,71,2934,5,14400,1.02419904567
393098,393131,396022,33,2891,5,14400,1.01141473539
393129,393388,396267,259,2879,5,14400,1.08996179229
393384,393643,396573,259,2930,5,14400,1.08839590444
393432,413198,415741,19766,2543,2,14400,8.77270939835
393640,395011,397957,1371,2946,5,14400,1.46537678208
393858,393865,394752,7,887,1,1800,1.00789177001
393924,423383,429676,29459,6293,4,21600,5.68123311616
393925,423408,429651,29483,6243,4,21600,5.72256927759
393926,426207,432401,32281,6194,4,21600,6.21165644172
393927,426230,432378,32303,6148,4,21600,6.25422901757
393928,429670,435824,35742,6154,4,21600,6.80792980175
393930,429689,436018,35759,6329,4,21600,6.65002370043
393931,432414,438892,38483,6478,4,21600,6.94056807657
393932,433135,439538,39203,6403,4,21600,7.12259878182
393933,433393,439622,39460,6229,4,21600,7.33488521432
393934,433398,439514,39464,6116,4,21600,7.45258338784
393936,433404,439551,39468,6147,4,21600,7.42069302099
393937,433678,439874,39741,6196,4,21600,7.4139767592
393938,433683,439962,39745,6279,4,21600,7.3298295907
393939,438905,445090,44966,6185,4,21600,8.27016976556
393940,439255,445465,45315,6210,4,21600,8.29710144928
393941,439551,445662,45610,6111,4,21600,8.4635902471
393943,439564,445684,45621,6120,4,21600,8.45441176471
393944,439635,445781,45691,6146,4,21600,8.43426618939
393945,439888,446089,45943,6201,4,21600,8.40896629576
393946,439977,446155,46031,6178,4,21600,8.45079313694
393947,442897,449068,48950,6171,4,21600,8.93226381462
393948,442933,449094,48985,6161,4,21600,8.95081967213
393950,445171,451393,51221,6222,4,21600,9.23224043716
393951,445675,451866,51724,6191,4,21600,9.35470844775
393952,445697,451856,51745,6159,4,21600,9.40152622179
393953,445719,452001,51766,6282,4,21600,9.24036930914
393954,445794,452049,51840,6255,4,21600,9.28776978417
393956,446057,452391,52101,6334,4,21600,9.22560783075
393957,446102,452203,52145,6101,4,21600,9.54695951483
394012,394075,394191,63,116,1,3300,1.54310344828
394208,394216,394752,8,536,1,3300,1.01492537313
394467,394473,394477,6,4,2,600,1.0
394776,394782,395688,6,906,1,3300,1.00662251656
394910,394917,395688,7,771,1,1800,1.00907911803
395007,395023,397939,16,2916,5,14400,1.00548696845
395028,395169,397974,141,2805,5,14400,1.05026737968
395050,395057,395688,7,631,1,5400,1.01109350238
395172,395217,398038,45,2821,5,14400,1.01595179015
395213,395357,398657,144,3300,5,14400,1.04363636364
395346,395420,398258,74,2838,5,14400,1.02607470049
395408,395439,398268,31,2829,5,14400,1.01095793567
395429,395711,398623,282,2912,5,14400,1.09684065934
395464,487246,832873,91782,345627,4,345600,1.2655521704
395705,395718,398597,13,2879,5,14400,1.00451545676
395715,395841,398836,126,2995,5,14400,1.04207011686
395791,537036,882641,141245,345605,4,345600,1.4086891104
395838,395852,399261,14,3409,5,14400,1.00410677618
395849,395867,398806,18,2939,5,14400,1.00612453215
395859,396034,399386,175,3352,5,14400,1.05220763723
395906,395913,397671,7,1758,1,1800,1.0039817975
395990,395996,397560,6,1564,1,3300,1.00383631714
396023,396043,399156,20,3113,5,14400,1.00642467074
396034,396280,399128,246,2848,5,14400,1.08637640449
396266,396273,398025,7,1752,1,3300,1.00399543379
396269,396585,399519,316,2934,5,14400,1.10770279482
396289,396296,398030,7,1734,1,1800,1.00403690888
396435,396442,401005,7,4563,1,6900,1.00153407846
396456,396463,398213,7,1750,1,5400,1.004
396576,397951,401053,1375,3102,5,14400,1.44326241135
397456,423389,423551,25933,162,2,36000,161.080246914
397522,400944,400980,3422,36,16,60,96.0555555556
397576,397583,397617,7,34,4,120,1.20588235294
397944,397969,400924,25,2955,5,14400,1.00846023689
397965,397987,400808,22,2821,5,14400,1.00779865296
397976,398050,400969,74,2919,5,14400,1.02535114765
398048,398271,401127,223,2856,5,14400,1.07808123249
398108,398115,398170,7,55,2,120,1.12727272727
398262,398280,401091,18,2811,5,14400,1.00640341515
398273,398609,401433,336,2824,5,14400,1.11898016997
398349,398356,398410,7,54,2,600,1.12962962963
398413,426235,428160,27822,1925,2,43200,15.452987013
398586,398592,399237,6,645,2,600,1.00930232558
398600,398636,401717,36,3081,5,14400,1.01168451801
398610,398618,398620,8,2,8,1,1.0
398631,398670,401476,39,2806,5,14400,1.01389878831
398662,398818,401889,156,3071,5,14400,1.05079778574
398816,398849,401854,33,3005,5,14400,1.01098169717
398837,399140,402358,303,3218,5,14400,1.09415786203
399134,399168,402044,34,2876,5,14400,1.01182197497
399165,399273,402346,108,3073,5,14400,1.03514480963
399178,399185,399241,7,56,1,120,1.125
399268,399398,402464,130,3066,5,14400,1.04240052185
399381,399387,400002,6,615,1,600,1.00975609756
399390,399531,402511,141,2980,5,14400,1.04731543624
399524,400820,403732,1296,2912,5,14400,1.44505494505
399867,399874,419910,7,20036,1,72000,1.00034937113
400109,400115,400243,6,128,1,1800,1.046875
400429,413284,413323,12855,39,1,28800,330.615384615
400476,413204,433151,12728,19947,1,72000,1.63809094099
400571,400579,400718,8,139,1,1800,1.05755395683
400624,413337,422514,12713,9177,1,100800,2.38531110385
400810,400937,403738,127,2801,5,14400,1.04534094966
400816,415075,417289,14259,2214,1,100800,7.44037940379
400933,400981,403850,48,2869,5,14400,1.01673056814
400974,401066,404074,92,3008,5,14400,1.03058510638
400998,479029,488063,78031,9034,2,72000,9.63748062874
401056,401104,403916,48,2812,5,14400,1.01706970128
401098,401139,404012,41,2873,5,14400,1.01427079708
401129,401445,404370,316,2925,5,14400,1.10803418803
401401,427801,429186,26400,1385,2,36000,20.0613718412
401426,401432,402957,6,1525,1,1800,1.00393442623
401436,401489,404435,53,2946,5,14400,1.01799049559
401477,401729,404854,252,3125,5,14400,1.08064
401633,428172,430963,26539,2791,2,43200,10.5087782157
401674,401681,407104,7,5423,1,5400,1.00129079845
401679,401687,401733,8,46,8,1,1.17391304348
401720,401866,404842,146,2976,5,14400,1.04905913978
401863,401901,404833,38,2932,5,14400,1.01296043656
401895,402056,404845,161,2789,5,14400,1.05772678379
402065,402358,405178,293,2820,5,14400,1.10390070922
402302,402308,402814,6,506,2,600,1.01185770751
402399,402411,405295,12,2884,5,14400,1.00416088766
402399,402405,403156,6,751,12,2400,1.00798934754
402400,402477,405407,77,2930,5,14400,1.02627986348
402471,402523,405484,52,2961,5,14400,1.01756163458
402513,403744,406549,1231,2805,5,14400,1.43885918004
402873,415473,499273,12600,83800,36,259200,1.15035799523
402930,402981,403116,51,135,64,601,1.37777777778
403039,403045,403668,6,623,2,600,1.00963081862
403734,403751,407050,17,3299,5,14400,1.00515307669
403745,403863,406957,118,3094,5,14400,1.03813833226
403854,403928,406914,74,2986,5,14400,1.02478231748
403926,404024,407050,98,3026,5,14400,1.0323859881
404019,404092,406843,73,2751,5,14400,1.02653580516
404078,404382,407338,304,2956,5,14400,1.10284167794
404079,404085,404225,6,140,1,120,1.04285714286
404357,404364,404440,7,76,16,120,1.09210526316
404378,404447,407399,69,2952,5,14400,1.02337398374
404446,404845,408571,399,3726,5,14400,1.10708534622
404613,404620,405236,7,616,12,2400,1.01136363636
404846,404862,407872,16,3010,5,14400,1.00531561462
404846,404855,407749,9,2894,5,14400,1.00310988252
404857,404869,408251,12,3382,5,14400,1.00354819633
404858,405190,408162,332,2972,5,14400,1.11170928668
405186,405308,408221,122,2913,5,14400,1.04188122211
405301,405420,408340,119,2920,5,14400,1.04075342466
405414,405496,408354,82,2858,5,14400,1.02869139258
405441,405448,405468,7,20,16,601,1.35
405486,406561,409330,1075,2769,5,14400,1.38822679668
405746,405752,406002,6,250,2,600,1.024
405955,409468,409734,3513,266,1,1800,14.2067669173
406228,406234,406881,6,647,16,601,1.00927357032
406557,406855,410124,298,3269,5,14400,1.09115937596
406860,406926,409906,66,2980,5,14400,1.02214765101
406921,406970,409997,49,3027,5,14400,1.01618764453
406964,407062,410114,98,3052,5,14400,1.03211009174
407057,407069,409958,12,2889,5,14400,1.0041536864
407057,407350,410181,293,2831,5,14400,1.10349699753
407348,407410,410274,62,2864,5,14400,1.02164804469
407403,407761,410527,358,2766,5,14400,1.12942877802
407755,407884,410646,129,2762,5,14400,1.04670528602
407820,409438,409456,1618,18,2,2400,90.8888888889
407878,408174,411184,296,3010,5,14400,1.09833887043
408164,408232,411282,68,3050,5,14400,1.02229508197
408225,408263,411206,38,2943,5,14400,1.01291199456
408257,408353,408357,96,4,5,14400,10.0
408343,408367,408371,24,4,5,14400,2.8
408364,408383,408386,19,3,5,14400,2.2
408364,408374,408378,10,4,5,14400,1.4
408375,408390,408394,15,4,5,14400,1.9
408385,408399,408403,14,4,5,14400,1.8
408396,408415,408419,19,4,5,14400,2.3
408396,408406,408410,10,4,5,14400,1.4
408407,408422,408426,15,4,5,14400,1.9
408418,408431,408435,13,4,5,14400,1.7
408428,408438,408442,10,4,5,14400,1.4
408429,408446,408450,17,4,5,14400,2.1
408439,408454,408458,15,4,5,14400,1.9
408450,408471,408475,21,4,5,14400,2.5
408450,408462,408470,12,8,5,14400,2.0
408461,408482,408486,21,4,5,14400,2.5
408472,408489,408493,17,4,5,14400,2.1
408482,408498,408501,16,3,5,14400,1.9
408493,408505,408509,12,4,5,14400,1.6
408494,408514,408517,20,3,5,14400,2.3
408504,408521,408524,17,3,5,14400,2.0
408515,408530,408534,15,4,5,14400,1.9
408525,408537,408540,12,3,5,14400,1.5
408526,408546,408550,20,4,5,14400,2.4
408536,408553,408556,17,3,5,14400,2.0
408547,408562,408567,15,5,5,14400,2.0
408558,408569,408575,11,6,5,14400,1.7
408558,408580,408589,22,9,5,14400,3.1
408569,408587,408599,18,12,5,14400,2.5
408580,408592,408604,12,12,5,14400,2.0
408591,408601,408605,10,4,5,14400,1.4
408591,408611,408620,20,9,5,14400,2.9
408603,408619,408627,16,8,5,14400,2.4
408628,408634,408638,6,4,5,14400,1.0
408628,408639,408647,11,8,5,14400,1.9
408639,408646,408650,7,4,5,14400,1.1
408640,408653,408658,13,5,5,14400,1.8
408655,408667,408683,12,16,5,14400,1.75
408655,408662,408665,7,3,5,14400,1.0
408666,408681,408685,15,4,5,14400,1.9
408666,408674,408691,8,17,5,14400,1.47058823529
408677,408695,408699,18,4,5,14400,2.2
408688,408702,408705,14,3,5,14400,1.7
408699,408709,408713,10,4,5,14400,1.4
408699,408716,408720,17,4,5,14400,2.1
408710,408723,408727,13,4,5,14400,1.7
408721,408737,408753,16,16,5,14400,2.0
408721,408730,408734,9,4,5,14400,1.3
408732,408744,408761,12,17,5,14400,1.70588235294
408742,408751,408767,9,16,5,14400,1.5625
408743,408766,408770,23,4,5,14400,2.7
408767,408775,408779,8,4,5,14400,1.2
408767,408782,408786,15,4,5,14400,1.9
408778,408796,408815,18,19,5,14400,1.94736842105
408778,408789,408793,11,4,5,14400,1.5
408789,408803,408822,14,19,5,14400,1.73684210526
408799,408810,408814,11,4,5,14400,1.5
408800,408826,408829,26,3,5,14400,2.9
408821,408833,408837,12,4,5,14400,1.6
408822,408840,408843,18,3,5,14400,2.1
408833,408847,408860,14,13,5,14400,2.07692307692
408843,408854,408858,11,4,5,14400,1.5
408844,408861,408865,17,4,5,14400,2.1
408855,408870,408874,15,4,5,14400,1.9
408866,408877,408882,11,5,5,14400,1.6
408866,408882,408886,16,4,5,14400,2.0
408877,408889,408893,12,4,5,14400,1.6
408888,408896,408900,8,4,5,14400,1.2
408888,408903,408907,15,4,5,14400,1.9
408899,408910,408914,11,4,5,14400,1.5
408899,408917,408921,18,4,5,14400,2.2
408910,408924,408929,14,5,5,14400,1.9
408921,408931,408935,10,4,5,14400,1.4
408921,408938,408942,17,4,5,14400,2.1
408932,408945,408949,13,4,5,14400,1.7
408942,408952,408957,10,5,5,14400,1.5
408943,408959,408969,16,10,5,14400,2.6
408955,408966,408972,11,6,5,14400,1.7
408955,408973,408976,18,3,5,14400,2.1
408966,408981,408986,15,5,5,14400,2.0
408977,408988,408993,11,5,5,14400,1.6
408979,408993,408998,14,5,5,14400,1.9
408989,409000,409004,11,4,5,14400,1.5
408990,409007,409017,17,10,5,14400,2.7
409001,409014,409018,13,4,5,14400,1.7
409011,409021,409025,10,4,5,14400,1.4
409012,409029,409033,17,4,5,14400,2.1
409022,409036,409040,14,4,5,14400,1.8
409033,409043,409047,10,4,5,14400,1.4
409033,409050,409060,17,10,5,14400,2.7
409044,409057,409061,13,4,5,14400,1.7
409055,409064,409067,9,3,5,14400,1.2
409056,409072,409076,16,4,5,14400,2.0
409066,409079,409088,13,9,5,14400,2.2
409079,409086,409089,7,3,5,14400,1.0
409080,409093,409097,13,4,5,14400,1.7
409090,409100,409103,10,3,5,14400,1.3
409091,409107,409114,16,7,5,14400,2.3
409101,409114,409119,13,5,5,14400,1.8
409112,409121,409125,9,4,5,14400,1.3
409112,409128,409131,16,3,5,14400,1.9
409123,409135,409139,12,4,5,14400,1.6
409123,409142,409146,19,4,5,14400,2.3
409134,409149,409153,15,4,5,14400,1.9
409145,409156,409160,11,4,5,14400,1.5
409145,409163,409167,18,4,5,14400,2.2
409156,409170,409174,14,4,5,14400,1.8
409166,409177,409180,11,3,5,14400,1.4
409167,409184,409187,17,3,5,14400,2.0
409177,409191,409195,14,4,5,14400,1.8
409188,409198,409202,10,4,5,14400,1.4
409188,409205,409209,17,4,5,14400,2.1
409199,409212,409215,13,3,5,14400,1.6
409210,409219,409222,9,3,5,14400,1.2
409210,409226,409230,16,4,5,14400,2.0
409221,409233,409237,12,4,5,14400,1.6
409231,409240,409244,9,4,5,14400,1.3
409239,409443,411222,204,1779,1,3300,1.11467116358
409244,409256,412032,12,2776,5,14400,1.00432276657
409244,409251,412062,7,2811,5,14400,1.002490217
409255,409343,412115,88,2772,5,14400,1.03174603175
409255,409263,412346,8,3083,5,14400,1.00259487512
409263,409453,411349,190,1896,1,1800,1.10021097046
409337,409919,415464,582,5545,5,14400,1.1049594229
409431,410943,416117,1512,5174,1,6900,1.29223038268
409909,409971,412766,62,2795,5,14400,1.02218246869
409961,410009,412699,48,2690,5,14400,1.01784386617
410002,410126,412760,124,2634,5,14400,1.04707668945
410118,410136,413015,18,2879,5,14400,1.00625217089
410129,410194,412905,65,2711,5,14400,1.02397639248
410190,410286,413204,96,2918,5,14400,1.03289924606
410283,410540,413247,257,2707,5,14400,1.09493904692
410489,410497,410608,8,111,1,1800,1.07207207207
410528,410658,413439,130,2781,5,14400,1.0467457749
410651,411197,413895,546,2698,5,14400,1.2023721275
411192,411219,413988,27,2769,5,14400,1.00975081257
411213,411296,413921,83,2625,5,14400,1.03161904762
411287,412044,414698,757,2654,5,14400,1.28522984175
411982,411989,412632,7,643,1,1800,1.01088646967
412040,412074,414874,34,2800,5,14400,1.01214285714
412057,487448,540356,75391,52908,10,57600,2.42494518787
412072,412128,414773,56,2645,5,14400,1.02117202268
412123,412358,415066,235,2708,5,14400,1.08677991137
412348,412710,415350,362,2640,5,14400,1.13712121212
412620,417302,417323,4682,21,1,31200,223.952380952
412703,412772,415376,69,2604,5,14400,1.02649769585
412765,412779,415399,14,2620,5,14400,1.00534351145
412776,412918,415646,142,2728,5,14400,1.05205278592
412875,412995,413254,120,259,1,7200,1.46332046332
412908,413027,415626,119,2599,5,14400,1.04578684109
413021,413167,415954,146,2787,5,14400,1.05238607822
413164,413219,415852,55,2633,5,14400,1.02088872009
413216,413259,415910,43,2651,5,14400,1.01622029423
413257,413451,416144,194,2693,5,14400,1.07203861864
413452,413907,416694,455,2787,5,14400,1.16325798349
413911,413933,416581,22,2648,5,14400,1.0083081571
413932,414000,416651,68,2651,5,14400,1.02565069785
414000,414717,417451,717,2734,5,14400,1.262253109
414639,416757,420095,2118,3338,8,3300,1.63451168364
414715,414785,417459,70,2674,5,14400,1.02617801047
414787,414887,417619,100,2732,5,14400,1.03660322108
414889,415083,417987,194,2904,5,14400,1.06680440771
415084,415108,417854,24,2746,5,14400,1.00873998543
415104,415363,418112,259,2749,5,14400,1.09421607857
415362,415388,419196,26,3808,5,14400,1.00682773109
415393,415412,418744,19,3332,5,14400,1.00570228091
415414,415488,418241,74,2753,5,14400,1.02687976753
415486,415496,418184,10,2688,5,14400,1.0037202381
415497,415638,418354,141,2716,5,14400,1.05191458027
415640,415659,418485,19,2826,5,14400,1.00672328379
415661,415864,418500,203,2636,5,14400,1.07701062215
415866,415922,418719,56,2797,5,14400,1.02002145156
415927,415967,418684,40,2717,5,14400,1.01472211999
415969,416156,418956,187,2800,5,14400,1.06678571429
416153,416594,419463,441,2869,5,14400,1.15371209481
416593,416663,419361,70,2698,5,14400,1.02594514455
416665,416706,419364,41,2658,5,14400,1.01542513168
416706,417463,420202,757,2739,5,14400,1.27637824023
416940,416945,427791,5,10846,2,10800,1.00046099945
417468,417475,420305,7,2830,5,14400,1.00247349823
417478,417632,420366,154,2734,5,14400,1.05632772495
417505,487235,507562,69730,20327,18,72000,4.43041275151
417593,417601,417839,8,238,1,7200,1.03361344538
417638,417999,420680,361,2681,5,14400,1.13465124953
417712,432639,432653,14927,14,9,36000,1067.21428571
417998,418124,420868,126,2744,5,14400,1.04591836735
418120,418196,421002,76,2806,5,14400,1.02708481825
418192,418366,421040,174,2674,5,14400,1.0650710546
418367,418497,421288,130,2791,5,14400,1.04657828735
418500,418515,422068,15,3553,5,14400,1.00422178441
418511,418732,421619,221,2887,5,14400,1.07655005196
418660,418668,429555,8,10887,8,10800,1.00073482135
418730,418756,421354,26,2598,5,14400,1.01000769823
418751,418968,421715,217,2747,5,14400,1.07899526756
418785,418792,418795,7,3,2,3540,1.0
418793,418800,429634,7,10834,8,10800,1.00064611409
418966,419208,421951,242,2743,5,14400,1.08822457164
419132,419139,429990,7,10851,8,10800,1.00064510183
419183,419191,430042,8,10851,8,10800,1.00073725924
419198,419374,422149,176,2775,5,14400,1.06342342342
419364,419381,422009,17,2628,5,14400,1.00646879756
419379,419475,422226,96,2751,5,14400,1.03489640131
419391,420107,430975,716,10868,8,10800,1.06588148693
419464,420214,423086,750,2872,5,14400,1.26114206128
420205,420317,422949,112,2632,5,14400,1.04255319149
420308,420378,423052,70,2674,5,14400,1.02617801047
420370,420462,423366,92,2904,5,14400,1.03168044077
420463,420693,423304,230,2611,5,14400,1.08808885484
420678,479670,738907,58992,259237,64,259200,1.22756010909
420692,420880,423571,188,2691,5,14400,1.06986250465
420877,421015,423621,138,2606,5,14400,1.05295471988
421014,421091,423897,77,2806,5,14400,1.02744119743
421018,421024,421324,6,300,2,3600,1.02
421018,421030,421326,12,296,2,3600,1.04054054054
421019,421053,421362,34,309,2,3600,1.11003236246
421019,421042,421331,23,289,2,3600,1.07958477509
421019,421048,421351,29,303,2,3600,1.09570957096
421019,421037,421302,18,265,2,3600,1.0679245283
421020,421068,421327,48,259,2,3600,1.18532818533
421020,421078,421348,58,270,2,3600,1.21481481481
421020,421073,421359,53,286,2,3600,1.18531468531
421020,421083,421371,63,288,2,3600,1.21875
421020,421058,421328,38,270,2,3600,1.14074074074
421021,421367,421685,346,318,2,3600,2.08805031447
421021,421360,421654,339,294,2,3600,2.15306122449
421021,421315,421602,294,287,2,3600,2.0243902439
421021,421337,421600,316,263,2,3600,2.20152091255
421022,421380,421652,358,272,2,3600,2.31617647059
421022,421385,421661,363,276,2,3600,2.3152173913
421022,421393,421706,371,313,2,3600,2.18530351438
421022,421613,421902,591,289,2,3600,3.04498269896
421023,421678,421998,655,320,2,3600,3.046875
421023,421664,421956,641,292,2,3600,3.19520547945
421023,421621,421912,598,291,2,3600,3.05498281787
421023,421671,421959,648,288,2,3600,3.25
421024,421915,422216,891,301,2,3600,3.96013289037
421024,421972,422264,948,292,2,3600,4.24657534247
421024,421719,422026,695,307,2,3600,3.26384364821
421024,421697,421995,673,298,2,3600,3.25838926174
421024,421924,422201,900,277,2,3600,4.24909747292
421025,422007,422287,982,280,2,3600,4.50714285714
421025,421978,422287,953,309,2,3600,4.08414239482
421096,421301,423926,205,2625,5,14400,1.0780952381
421105,421344,421658,239,314,8,3300,1.76114649682
421302,421373,424334,71,2961,5,14400,1.02397838568
421374,421631,424848,257,3217,5,14400,1.0798880945
421632,421727,424471,95,2744,5,14400,1.03462099125
421725,421965,424579,240,2614,5,14400,1.09181331293
421961,422022,424681,61,2659,5,14400,1.02294095525
422008,423360,423365,1352,5,8,36000,135.7
422023,422086,424784,63,2698,5,14400,1.0233506301
422085,422162,424928,77,2766,5,14400,1.02783803326
422157,422238,425000,81,2762,5,14400,1.02932657495
422242,422968,425843,726,2875,5,14400,1.25252173913
422385,422397,422557,12,160,2,3600,1.075
422385,422402,422585,17,183,2,3600,1.09289617486
422385,422414,422586,29,172,2,3600,1.16860465116
422385,422409,422592,24,183,2,3600,1.13114754098
422385,422392,422544,7,152,2,3600,1.04605263158
422386,422419,422584,33,165,2,3600,1.2
422386,422430,422611,44,181,2,3600,1.24309392265
422386,422424,422604,38,180,2,3600,1.21111111111
422387,422445,422581,58,136,2,3600,1.42647058824
422387,422440,422587,53,147,2,3600,1.36054421769
422387,422435,422577,48,142,2,3600,1.33802816901
422388,422450,422610,62,160,2,3600,1.3875
422388,422461,422597,73,136,2,3600,1.53676470588
422388,422456,422612,68,156,2,3600,1.4358974359
422389,422466,422602,77,136,2,3600,1.56617647059
422389,422556,422700,167,144,2,3600,2.15972222222
422389,422590,422744,201,154,2,3600,2.30519480519
422389,422569,422729,180,160,2,3600,2.125
422390,422613,422755,223,142,2,3600,2.57042253521
422390,422634,422804,244,170,2,3600,2.43529411765
422390,422713,422875,323,162,2,3600,2.99382716049
422390,422750,422936,360,186,2,3600,2.93548387097
422391,422757,422933,366,176,2,3600,3.07954545455
422391,422768,422915,377,147,2,3600,3.56462585034
422391,422820,423003,429,183,2,3600,3.34426229508
422393,422887,423037,494,150,2,3600,4.29333333333
422394,423050,423206,656,156,2,3600,5.20512820513
422394,423027,423181,633,154,2,3600,5.11038961039
422394,422926,423079,532,153,2,3600,4.47712418301
422395,423095,423257,700,162,2,3600,5.32098765432
422450,422629,422722,179,93,4,3600,2.9247311828
422450,422621,422712,171,91,4,3600,2.87912087912
422450,422606,422694,156,88,4,3600,2.77272727273
422451,422813,422919,362,106,4,3600,4.41509433962
422451,422730,422829,279,99,4,3600,3.81818181818
422451,422706,422801,255,95,4,3600,3.68421052632
422451,422742,422832,291,90,4,3600,4.23333333333
422452,422934,423012,482,78,4,3600,7.17948717949
422452,422848,422958,396,110,4,3600,4.6
422452,422855,422926,403,71,4,3600,6.67605633803
422452,422942,423191,490,249,4,3600,2.96787148594
422453,423034,423112,581,78,4,3600,8.44871794872
422453,422976,423055,523,79,4,3600,7.62025316456
422453,422951,423029,498,78,4,3600,7.38461538462
422453,423042,423127,589,85,4,3600,7.92941176471
422454,423125,423209,671,84,4,3600,8.9880952381
422454,423189,423264,735,75,4,3600,10.8
422454,423068,423176,614,108,4,3600,6.68518518519
422454,423144,423235,690,91,4,3600,8.58241758242
422455,423219,423301,764,82,4,3600,10.3170731707
422455,423210,423287,755,77,4,3600,10.8051948052
422455,423231,423316,776,85,4,3600,10.1294117647
422456,423248,423323,792,75,4,3600,11.56
422456,463371,463450,40915,79,4,3600,518.911392405
422456,463289,463377,40833,88,4,3600,465.011363636
422456,464145,464217,41689,72,4,3600,580.013888889
422457,464231,464312,41774,81,4,3600,516.728395062
422457,463029,463114,40572,85,4,3600,478.317647059
422457,464164,464240,41707,76,4,3600,549.776315789
422458,463393,463473,40935,80,4,3600,512.6875
422489,422642,422724,153,82,8,3600,2.86585365854
422489,422577,422620,88,43,8,3600,3.04651162791
422489,422652,422712,163,60,8,3600,3.71666666667
422489,422598,422640,109,42,8,3600,3.59523809524
422490,422725,422765,235,40,8,3600,6.875
422490,422737,422809,247,72,8,3600,4.43055555556
422490,422777,422824,287,47,8,3600,7.10638297872
422490,422834,422901,344,67,8,3600,6.13432835821
422491,422900,422948,409,48,8,3600,9.52083333333
422491,422986,423056,495,70,8,3600,8.07142857143
422491,422960,423008,469,48,8,3600,10.7708333333
422491,422913,422974,422,61,8,3600,7.91803278689
422491,422842,422887,351,45,8,3600,8.8
422492,423087,423138,595,51,8,3600,12.6666666667
422492,423075,423120,583,45,8,3600,13.9555555556
422492,423022,423068,530,46,8,3600,12.5217391304
422493,423151,423209,658,58,8,3600,12.3448275862
422493,423226,423272,733,46,8,3600,16.9347826087
422493,423139,423188,646,49,8,3600,14.1836734694
422493,423202,423250,709,48,8,3600,15.7708333333
422494,423285,423328,791,43,8,3600,19.3953488372
422494,423300,423345,806,45,8,3600,18.9111111111
422494,423262,423310,768,48,8,3600,17.0
422494,423326,423372,832,46,8,3600,19.0869565217
422495,449251,449293,26756,42,8,3600,638.047619048
422495,462955,463003,40460,48,8,3600,843.916666667
422495,423334,423375,839,41,8,3600,21.4634146341
422495,423342,423379,847,37,8,3600,23.8918918919
422496,462978,463021,40482,43,8,3600,942.441860465
422496,462963,463008,40467,45,8,3600,900.266666667
422752,463467,463620,40715,153,4,3600,267.111111111
422752,463486,463635,40734,149,4,3600,274.382550336
422752,463633,463789,40881,156,4,3600,263.057692308
422752,463648,463812,40896,164,4,3600,250.365853659
422753,464253,464403,41500,150,4,3600,277.666666667
422760,464416,464567,41656,151,4,3600,276.867549669
422760,464325,464470,41565,145,4,3600,287.655172414
422760,464344,464492,41584,148,4,3600,281.972972973
422761,463807,463951,41046,144,4,3600,286.041666667
422761,463829,463973,41068,144,4,3600,286.194444444
422761,464489,464655,41728,166,4,3600,252.373493976
422761,464505,464650,41744,145,4,3600,288.889655172
422762,464585,464731,41823,146,4,3600,287.45890411
422762,463127,463276,40365,149,4,3600,271.906040268
422762,463964,464132,41202,168,4,3600,246.25
422762,463989,464151,41227,162,4,3600,255.487654321
422763,464671,464816,41908,145,4,3600,290.020689655
422763,464663,464803,41900,140,4,3600,300.285714286
422763,464744,464907,41981,163,4,3600,258.552147239
422763,464816,464965,42053,149,4,3600,283.234899329
422764,464829,464974,42065,145,4,3600,291.103448276
422764,464920,465096,42156,176,4,3600,240.522727273
422764,464978,465136,42214,158,4,3600,268.17721519
422764,464987,465144,42223,157,4,3600,269.936305732
422765,465109,465262,42344,153,4,3600,277.758169935
422765,465149,465284,42384,135,4,3600,314.955555556
422765,465157,465296,42392,139,4,3600,305.978417266
422766,465274,465432,42508,158,4,3600,270.037974684
422766,465296,465432,42530,136,4,3600,313.720588235
422766,465313,465463,42547,150,4,3600,284.646666667
422795,463016,463101,40221,85,8,3600,474.188235294
422796,463043,463124,40247,81,8,3600,497.87654321
422796,463061,463153,40265,92,8,3600,438.663043478
422796,463114,463192,40318,78,8,3600,517.897435897
422796,463137,463220,40341,83,8,3600,487.036144578
422797,463206,463290,40409,84,8,3600,482.05952381
422797,463165,463245,40368,80,8,3600,505.6
422797,463238,463322,40441,84,8,3600,482.44047619
422797,463176,463260,40379,84,8,3600,481.702380952
422798,463247,463331,40449,84,8,3600,482.535714286
422798,463258,463351,40460,93,8,3600,436.053763441
422798,463273,463362,40475,89,8,3600,455.775280899
422798,463281,463362,40483,81,8,3600,500.790123457
422799,463366,463446,40567,80,8,3600,508.0875
422799,463344,463429,40545,85,8,3600,478.0
422799,463303,463387,40504,84,8,3600,483.19047619
422799,463334,463419,40535,85,8,3600,477.882352941
422800,463459,463543,40659,84,8,3600,485.035714286
422800,463437,463521,40637,84,8,3600,484.773809524
422800,463445,463523,40645,78,8,3600,522.08974359
422800,463401,463490,40601,89,8,3600,457.191011236
422801,463504,463580,40703,76,8,3600,536.565789474
422801,463557,463647,40756,90,8,3600,453.844444444
422801,463593,463680,40792,87,8,3600,469.873563218
422801,463659,463743,40858,84,8,3600,487.404761905
422802,463667,463755,40865,88,8,3600,465.375
422802,463757,463834,40955,77,8,3600,532.883116883
422802,463767,463851,40965,84,8,3600,488.678571429
422802,463692,463786,40890,94,8,3600,436.0
422803,463799,463882,40996,83,8,3600,494.927710843
422845,423397,423448,552,51,16,3600,11.8235294118
422846,423614,423664,768,50,16,3600,16.36
422846,423460,423528,614,68,16,3600,10.0294117647
422846,423677,423729,831,52,16,3600,16.9807692308
422846,423541,423600,695,59,16,3600,12.7796610169
422847,423872,423921,1025,49,16,3600,21.9183673469
422847,423807,423859,960,52,16,3600,19.4615384615
422847,423742,423794,895,52,16,3600,18.2115384615
422847,424143,424196,1296,53,16,3600,25.4528301887
422847,423936,424129,1089,193,16,3600,6.64248704663
422848,424406,424459,1558,53,16,3600,30.3962264151
422848,424336,424393,1488,57,16,3600,27.1052631579
422848,424271,424323,1423,52,16,3600,28.3653846154
422848,424209,424258,1361,49,16,3600,28.7755102041
422849,424617,424667,1768,50,16,3600,36.36
422849,424551,424604,1702,53,16,3600,33.1132075472
422849,424472,424538,1623,66,16,3600,25.5909090909
422850,424681,424750,1831,69,16,3600,27.5362318841
422850,424762,424817,1912,55,16,3600,35.7636363636
422850,424830,424887,1980,57,16,3600,35.7368421053
422851,424900,424956,2049,56,16,3600,37.5892857143
422851,425326,425380,2475,54,16,3600,46.8333333333
422851,424969,425024,2118,55,16,3600,39.5090909091
422851,425037,425097,2186,60,16,3600,37.4333333333
422851,425112,425313,2261,201,16,3600,12.2487562189
422852,425803,425978,2951,175,16,3600,17.8628571429
422852,425393,425729,2541,336,16,3600,8.5625
422852,425742,425790,2890,48,16,3600,61.2083333333
422853,425991,426049,3138,58,16,3600,55.1034482759
422853,426062,426116,3209,54,16,3600,60.4259259259
422916,465476,465768,42560,292,4,3600,146.753424658
422917,466943,467229,44026,286,4,3600,154.937062937
422917,465780,466062,42863,282,4,3600,152.996453901
422917,466076,466359,43159,283,4,3600,153.505300353
422917,466658,466930,43741,272,4,3600,161.8125
422917,466372,466646,43455,274,4,3600,159.594890511
422918,467045,467329,44127,284,4,3600,156.376760563
422918,467053,467334,44135,281,4,3600,158.06405694
422918,467058,467328,44140,270,4,3600,164.481481481
422918,467040,467330,44122,290,4,3600,153.144827586
422919,467246,467521,44327,275,4,3600,162.189090909
422919,467063,467369,44144,306,4,3600,145.261437908
422919,467180,467468,44261,288,4,3600,154.684027778
422919,467175,467459,44256,284,4,3600,156.830985915
422920,467267,467586,44347,319,4,3600,140.018808777
422920,467254,467533,44334,279,4,3600,159.903225806
422920,467262,467556,44342,294,4,3600,151.823129252
422920,467280,467586,44360,306,4,3600,145.967320261
422923,467299,467597,44376,298,4,3600,149.912751678
422923,467304,467575,44381,271,4,3600,164.767527675
422923,467291,467605,44368,314,4,3600,142.299363057
422924,467330,467609,44406,279,4,3600,160.161290323
422924,467314,467589,44390,275,4,3600,162.418181818
422924,467335,467619,44411,284,4,3600,157.376760563
422924,467319,467609,44395,290,4,3600,154.086206897
422925,467348,467645,44423,297,4,3600,150.572390572
422925,467359,467640,44434,281,4,3600,159.128113879
422925,467353,467650,44428,297,4,3600,150.589225589
422925,467343,467631,44418,288,4,3600,155.229166667
422925,467364,467666,44439,302,4,3600,148.149006623
422956,463847,464008,40891,161,8,3600,254.98136646
422956,463864,464014,40908,150,8,3600,273.72
422957,464242,464406,41285,164,8,3600,252.737804878
422957,464077,464230,41120,153,8,3600,269.758169935
422957,464424,464586,41467,162,8,3600,256.969135802
422957,463896,464065,40939,169,8,3600,243.24260355
422958,464599,464749,41641,150,8,3600,278.606666667
422958,464762,464927,41804,165,8,3600,254.357575758
422958,465117,465293,42159,176,8,3600,240.539772727
422958,464944,465100,41986,156,8,3600,270.141025641
422959,465439,465590,42480,151,8,3600,282.324503311
422959,465447,465604,42488,157,8,3600,271.624203822
422959,465305,465467,42346,162,8,3600,262.395061728
422960,465768,465925,42808,157,8,3600,273.662420382
422960,465651,465815,42691,164,8,3600,261.31097561
422960,465483,465639,42523,156,8,3600,273.583333333
422960,465603,465756,42643,153,8,3600,279.712418301
422960,465616,465775,42656,159,8,3600,269.27672956
422961,462419,462590,39458,171,8,3600,231.748538012
422961,462230,462387,39269,157,8,3600,251.121019108
422961,462400,462558,39439,158,8,3600,250.613924051
422961,465788,465956,42827,168,8,3600,255.922619048
422962,465937,466107,42975,170,8,3600,253.794117647
422962,465968,466129,43006,161,8,3600,268.118012422
422962,466003,466151,43041,148,8,3600,291.817567568
422962,465827,465987,42865,160,8,3600,268.90625
422963,462571,462722,39608,151,8,3600,263.304635762
422963,466119,466260,43156,141,8,3600,307.070921986
422963,466141,466292,43178,151,8,3600,286.947019868
422963,462479,462630,39516,151,8,3600,262.695364238
422972,423081,425787,109,2706,5,14400,1.04028085735
422998,426243,426347,3245,104,16,3600,32.2019230769
422998,426129,426218,3131,89,16,3600,36.1797752809
422999,426575,426672,3576,97,16,3600,37.8659793814
422999,426685,426769,3686,84,16,3600,44.880952381
422999,426470,426559,3471,89,16,3600,40.0
422999,426360,426457,3361,97,16,3600,35.6494845361
423000,426783,426879,3783,96,16,3600,40.40625
423000,427238,427333,4238,95,16,3600,45.6105263158
423000,426892,427225,3892,333,16,3600,12.6876876877
423001,427589,427683,4588,94,16,3600,49.8085106383
423001,427478,427576,4477,98,16,3600,46.6836734694
423001,427347,427465,4346,118,16,3600,37.8305084746
423001,427696,427793,4695,97,16,3600,49.4020618557
423002,427928,428029,4926,101,16,3600,49.7722772277
423002,428043,428139,5041,96,16,3600,53.5104166667
423002,427809,427914,4807,105,16,3600,46.780952381
423003,428518,428610,5515,92,16,3600,60.9456521739
423003,428152,428263,5149,111,16,3600,47.3873873874
423003,428414,428506,5411,92,16,3600,59.8152173913
423003,428276,428396,5273,120,16,3600,44.9416666667
423004,428623,428731,5619,108,16,3600,53.0277777778
423005,428971,429074,5966,103,16,3600,58.9223300971
423005,428856,428958,5851,102,16,3600,58.362745098
423005,428745,428842,5740,97,16,3600,60.175257732
423006,429314,429408,6308,94,16,3600,68.1063829787
423006,429087,429179,6081,92,16,3600,67.097826087
423006,429192,429301,6186,109,16,3600,57.752293578
423007,429420,429523,6413,103,16,3600,63.2621359223
423007,429536,429634,6529,98,16,3600,67.6224489796
423076,467544,467600,44468,56,32,3600,795.071428571
423076,467602,467659,44526,57,32,3600,782.157894737
423076,467473,467529,44397,56,32,3600,793.803571429
423077,467672,467727,44595,55,32,3600,811.818181818
423077,467658,467720,44581,62,32,3600,720.048387097
423077,467612,467673,44535,61,32,3600,731.081967213
423078,467685,467736,44607,51,32,3600,875.647058824
423078,467732,467789,44654,57,32,3600,784.403508772
423078,467740,467800,44662,60,32,3600,745.366666667
423079,467801,467856,44722,55,32,3600,814.127272727
423079,467812,467868,44733,56,32,3600,799.803571429
423079,467819,467871,44740,52,32,3600,861.384615385
423079,467748,467803,44669,55,32,3600,813.163636364
423080,467868,467925,44788,57,32,3600,786.754385965
423080,467887,467945,44807,58,32,3600,773.534482759
423080,467937,467992,44857,55,32,3600,816.581818182
423080,467880,467933,44800,53,32,3600,846.283018868
423081,468012,468064,44931,52,32,3600,865.057692308
423081,467945,467998,44864,53,32,3600,847.490566038
423081,467957,468010,44876,53,32,3600,847.716981132
423081,468004,468062,44923,58,32,3600,775.534482759
423082,468097,468148,45015,51,32,3600,883.647058824
423082,468081,468139,44999,58,32,3600,776.844827586
423082,468074,468135,44992,61,32,3600,738.573770492
423082,468022,468080,44940,58,32,3600,775.827586207
423083,468147,468211,45064,64,32,3600,705.125
423083,470080,470137,46997,57,32,3600,825.50877193
423083,468154,468213,45071,59,32,3600,764.915254237
423083,468161,468218,45078,57,32,3600,791.842105263
423084,423111,425863,27,2752,5,14400,1.00981104651
423084,470149,470203,47065,54,32,3600,872.574074074
423112,462579,462889,39467,310,8,3600,128.312903226
423113,462603,462931,39490,328,8,3600,121.396341463
423113,462611,462946,39498,335,8,3600,118.904477612
423113,462629,462941,39516,312,8,3600,127.653846154
423114,462735,463048,39621,313,8,3600,127.584664537
423114,462645,462965,39531,320,8,3600,124.534375
423114,466163,466479,43049,316,8,3600,137.231012658
423114,462659,463006,39545,347,8,3600,114.962536023
423115,466272,466588,43157,316,8,3600,137.57278481
423115,462851,463164,39736,313,8,3600,127.952076677
423115,462901,463223,39786,322,8,3600,124.559006211
423115,423319,425845,204,2526,5,14400,1.08076009501
423116,462944,463262,39828,318,8,3600,126.245283019
423116,466492,466818,43376,326,8,3600,134.055214724
423116,466305,466629,43189,324,8,3600,134.299382716
423117,466641,466962,43524,321,8,3600,136.588785047
423117,466696,467006,43579,310,8,3600,141.577419355
423117,466600,466914,43483,314,8,3600,139.48089172
423117,466701,467019,43584,318,8,3600,138.056603774
423118,466717,467028,43599,311,8,3600,141.189710611
423118,466831,467161,43713,330,8,3600,133.463636364
423118,466711,467017,43593,306,8,3600,143.460784314
423118,466908,467228,43790,320,8,3600,137.84375
423119,466913,467243,43794,330,8,3600,133.709090909
423119,466927,467253,43808,326,8,3600,135.380368098
423119,466975,467301,43856,326,8,3600,135.527607362
423119,466986,467317,43867,331,8,3600,133.528700906
423120,466991,467283,43871,292,8,3600,151.243150685
423120,467019,467343,43899,324,8,3600,136.490740741
423120,467027,467354,43907,327,8,3600,135.272171254
423121,467035,467320,43914,285,8,3600,155.084210526
423149,429647,429820,6498,173,16,3600,38.5606936416
423149,429832,430021,6683,189,16,3600,36.3597883598
423149,430034,430220,6885,186,16,3600,38.0161290323
423150,430842,431022,7692,180,16,3600,43.7333333333
423150,430234,430416,7084,182,16,3600,39.9230769231
423150,430613,430829,7463,216,16,3600,35.5509259259
423150,430430,430600,7280,170,16,3600,43.8235294118
423151,431232,431428,8081,196,16,3600,42.2295918367
423151,431035,431219,7884,184,16,3600,43.847826087
423151,431441,431656,8290,215,16,3600,39.5581395349
423152,431668,431845,8516,177,16,3600,49.1129943503
423152,432290,432477,9138,187,16,3600,49.8663101604
423152,431859,432047,8707,188,16,3600,47.3138297872
423152,432065,432278,8913,213,16,3600,42.8450704225
423153,432490,432687,9337,197,16,3600,48.3959390863
423153,432700,432910,9547,210,16,3600,46.4619047619
423153,432923,433117,9770,194,16,3600,51.3608247423
423153,463024,463219,39871,195,16,3600,205.466666667
423154,463385,463569,40231,184,16,3600,219.64673913
423154,463233,463419,40079,186,16,3600,216.478494624
423154,463535,463727,40381,192,16,3600,211.317708333
423154,463432,463611,40278,179,16,3600,226.016759777
423155,463625,463808,40470,183,16,3600,222.147540984
423155,463583,463771,40428,188,16,3600,216.042553191
423155,463740,463927,40585,187,16,3600,218.032085561
423156,463784,463968,40628,184,16,3600,221.804347826
423156,463821,464007,40665,186,16,3600,219.629032258
423157,463940,464120,40783,180,16,3600,227.572222222
423157,464020,464192,40863,172,16,3600,238.575581395
423157,463981,464163,40824,182,16,3600,225.307692308
423178,470216,470321,47038,105,32,3600,448.980952381
423179,470562,470667,47383,105,32,3600,452.266666667
423179,470679,470781,47500,102,32,3600,466.68627451
423179,470446,470549,47267,103,32,3600,459.902912621
423179,470333,470434,47154,101,32,3600,467.871287129
423180,470794,470901,47614,107,32,3600,445.990654206
423180,471041,471141,47861,100,32,3600,479.61
423180,470913,471029,47733,116,32,3600,412.49137931
423180,471153,471258,47973,105,32,3600,457.885714286
423181,471510,471613,48329,103,32,3600,470.213592233
423181,471391,471498,48210,107,32,3600,451.560747664
423181,471270,471379,48089,109,32,3600,442.183486239
423181,471625,471729,48444,104,32,3600,466.807692308
423182,472110,472211,48928,101,32,3600,485.435643564
423182,471865,471971,48683,106,32,3600,460.273584906
423182,471747,471852,48565,105,32,3600,463.523809524
423182,471983,472097,48801,114,32,3600,429.078947368
423184,472334,472443,49150,109,32,3600,451.917431193
423184,472223,472322,49039,99,32,3600,496.343434343
423184,472572,472674,49388,102,32,3600,485.196078431
423184,472455,472560,49271,105,32,3600,470.247619048
423185,483490,483592,60305,102,32,3600,592.225490196
423185,472687,472792,49502,105,32,3600,472.447619048
423185,483373,483478,60188,105,32,3600,574.219047619
423185,483682,483791,60497,109,32,3600,556.018348624
423185,483378,483480,60193,102,32,3600,591.12745098
423186,483918,484020,60732,102,32,3600,596.411764706
423186,483808,483906,60622,98,32,3600,619.591836735
423186,483800,483908,60614,108,32,3600,562.240740741
423186,483687,483789,60501,102,32,3600,594.147058824
423215,470735,470794,47520,59,64,3600,806.423728814
423215,470658,470723,47443,65,64,3600,730.892307692
423216,471048,471108,47832,60,64,3600,798.2
423216,470960,471031,47744,71,64,3600,673.450704225
423216,470806,470872,47590,66,64,3600,722.060606061
423216,470884,470948,47668,64,64,3600,745.8125
423217,471278,471347,48061,69,64,3600,697.536231884
423217,471205,471266,47988,61,64,3600,787.68852459
423217,471359,471423,48142,64,64,3600,753.21875
423217,471121,471192,47904,71,64,3600,675.704225352
423218,471594,471655,48376,61,64,3600,794.049180328
423218,471668,471729,48450,61,64,3600,795.262295082
423218,471517,471581,48299,64,64,3600,755.671875
423218,471741,471800,48523,59,64,3600,823.423728814
423218,471436,471499,48218,63,64,3600,766.365079365
423219,471812,471877,48593,65,64,3600,748.584615385
423219,471889,471950,48670,61,64,3600,798.868852459
423219,471962,472025,48743,63,64,3600,774.698412698
423219,472038,472104,48819,66,64,3600,740.681818182
423220,472343,472407,49123,64,64,3600,768.546875
423220,472272,472331,49052,59,64,3600,832.389830508
423220,472195,472259,48975,64,64,3600,766.234375
423220,472117,472183,48897,66,64,3600,741.863636364
423221,472713,472780,49492,67,64,3600,739.686567164
423221,472564,472625,49343,61,64,3600,809.901639344
423221,472420,472480,49199,60,64,3600,820.983333333
423221,472492,472552,49271,60,64,3600,822.183333333
423221,472638,472701,49417,63,64,3600,785.396825397
423222,479603,479668,56381,65,64,3600,868.4
423222,479598,479658,56376,60,64,3600,940.6
423250,464028,464381,40778,353,16,3600,116.518413598
423251,464175,464516,40924,341,16,3600,121.011730205
423251,464394,464757,41143,363,16,3600,114.341597796
423251,464133,464471,40882,338,16,3600,121.952662722
423251,464205,464564,40954,359,16,3600,115.077994429
423252,464484,464831,41232,347,16,3600,119.824207493
423252,464530,464875,41278,345,16,3600,120.646376812
423252,464845,465194,41593,349,16,3600,120.17765043
423252,464577,464923,41325,346,16,3600,120.436416185
423252,464770,465119,41518,349,16,3600,119.962750716
423253,464936,465272,41683,336,16,3600,125.056547619
423253,465132,465454,41879,322,16,3600,131.059006211
423253,465211,465550,41958,339,16,3600,124.769911504
423253,464888,465240,41635,352,16,3600,119.28125
423254,465253,465613,41999,360,16,3600,117.663888889
423254,465284,465624,42030,340,16,3600,124.617647059
423254,465466,465806,42212,340,16,3600,125.152941176
423254,465562,465895,42308,333,16,3600,128.051051051
423255,465908,466251,42653,343,16,3600,125.352769679
423255,465632,465975,42377,343,16,3600,124.548104956
423255,465818,466180,42563,362,16,3600,118.577348066
423255,465639,465982,42384,343,16,3600,124.56851312
423256,466263,466618,43007,355,16,3600,122.146478873
423256,465995,466338,42739,343,16,3600,125.603498542
423256,465987,466324,42731,337,16,3600,127.798219585
423256,466191,466544,42935,353,16,3600,122.628895184
423257,466351,466683,43094,332,16,3600,130.801204819
423257,466338,466699,43081,361,16,3600,120.337950139
423257,466631,466972,43374,341,16,3600,128.196480938
423257,466557,466895,43300,338,16,3600,129.106508876
423278,483925,484121,60647,196,32,3600,310.423469388
423279,484236,484429,60957,193,32,3600,316.839378238
423279,484133,484331,60854,198,32,3600,308.343434343
423279,484032,484224,60753,192,32,3600,317.421875
423280,484344,484539,61064,195,32,3600,314.148717949
423280,484649,484854,61369,205,32,3600,300.36097561
423280,484441,484637,61161,196,32,3600,313.045918367
423280,484552,484745,61272,193,32,3600,318.471502591
423281,484757,484950,61476,193,32,3600,319.528497409
423281,484866,485059,61585,193,32,3600,320.093264249
423281,484961,485159,61680,198,32,3600,312.515151515
423281,485073,485271,61792,198,32,3600,313.080808081
423281,485171,485356,61890,185,32,3600,335.540540541
423282,485283,485484,62001,201,32,3600,309.462686567
423282,485368,485563,62086,195,32,3600,319.38974359
423282,485575,485764,62293,189,32,3600,330.592592593
423282,485496,485686,62214,190,32,3600,328.442105263
423283,485776,485975,62493,199,32,3600,315.035175879
423283,485906,486112,62623,206,32,3600,304.995145631
423283,485698,485894,62415,196,32,3600,319.443877551
423283,485988,486192,62705,204,32,3600,308.37745098
423284,486529,486725,63245,196,32,3600,323.678571429
423284,486124,486310,62840,186,32,3600,338.849462366
423284,486413,486613,63129,200,32,3600,316.645
423284,486205,486400,62921,195,32,3600,323.671794872
423284,486321,486517,63037,196,32,3600,322.617346939
423285,486626,486827,63341,201,32,3600,316.129353234
423285,487230,487431,63945,201,32,3600,319.134328358
423285,486839,487050,63554,211,32,3600,302.203791469
423285,486737,486929,63452,192,32,3600,331.479166667
423302,479805,479912,56503,107,64,3600,529.065420561
423302,479681,479793,56379,112,64,3600,504.383928571
423302,479924,480031,56622,107,64,3600,530.177570093
423303,480043,480153,56740,110,64,3600,516.818181818
423303,480165,480276,56862,111,64,3600,513.27027027
423303,480288,480402,56985,114,64,3600,500.868421053
423303,480415,480528,57112,113,64,3600,506.415929204
423304,480908,481016,57604,108,64,3600,534.37037037
423304,480785,480896,57481,111,64,3600,518.846846847
423304,480539,480648,57235,109,64,3600,526.091743119
423304,480661,480772,57357,111,64,3600,517.72972973
423305,481150,481262,57845,112,64,3600,517.473214286
423305,481394,481499,58089,105,64,3600,554.228571429
423305,481028,481138,57723,110,64,3600,525.754545455
423305,481510,481617,58205,107,64,3600,544.971962617
423305,481274,481381,57969,107,64,3600,542.76635514
423306,481629,481735,58323,106,64,3600,551.216981132
423307,481995,482100,58688,105,64,3600,559.933333333
423307,481746,481856,58439,110,64,3600,532.263636364
423307,481867,481984,58560,117,64,3600,501.512820513
423307,482112,482216,58805,104,64,3600,566.432692308
423308,482584,482698,59276,114,64,3600,520.964912281
423308,482462,482572,59154,110,64,3600,538.763636364
423308,482345,482450,59037,105,64,3600,563.257142857
423308,482228,482333,58920,105,64,3600,562.142857143
423309,482945,483048,59636,103,64,3600,579.990291262
423309,482710,482812,59401,102,64,3600,583.362745098
423309,482824,482933,59515,109,64,3600,547.009174312
423310,483184,483293,59874,109,64,3600,550.302752294
423310,483060,483171,59750,111,64,3600,539.288288288
423324,423349,426097,25,2748,5,14400,1.00909752547
423336,476382,476473,53046,91,128,3600,583.923076923
423337,476485,476564,53148,79,128,3600,673.759493671
423337,476576,476657,53239,81,128,3600,658.271604938
423337,476669,476750,53332,81,128,3600,659.419753086
423337,476762,476842,53425,80,128,3600,668.8125
423338,476853,476926,53515,73,128,3600,734.082191781
423338,476938,477016,53600,78,128,3600,688.179487179
423338,477029,477107,53691,78,128,3600,689.346153846
423338,477119,477192,53781,73,128,3600,737.726027397
423339,477302,477374,53963,72,128,3600,750.486111111
423339,477480,477568,54141,88,128,3600,616.238636364
423339,477580,477658,54241,78,128,3600,696.397435897
423339,477205,477284,53866,79,128,3600,682.848101266
423339,477386,477468,54047,82,128,3600,660.109756098
423340,477841,477917,54501,76,128,3600,718.118421053
423340,477929,478008,54589,79,128,3600,692.0
423340,477754,477829,54414,75,128,3600,726.52
423340,477670,477741,54330,71,128,3600,766.211267606
423341,478285,478365,54944,80,128,3600,687.8
423341,478198,478273,54857,75,128,3600,732.426666667
423341,478108,478186,54767,78,128,3600,703.141025641
423341,478020,478096,54679,76,128,3600,720.460526316
423342,478556,478626,55214,70,128,3600,789.771428571
423342,478639,478712,55297,73,128,3600,758.493150685
423342,478470,478544,55128,74,128,3600,745.972972973
423342,478378,478459,55036,81,128,3600,680.456790123
423343,478989,479068,55646,79,128,3600,705.379746835
423343,478723,478797,55380,74,128,3600,749.378378378
423343,478809,478883,55466,74,128,3600,750.540540541
423343,478895,478976,55552,81,128,3600,686.827160494
423346,423378,426217,32,2839,5,14400,1.0112715745
423379,423402,426193,23,2791,5,14400,1.00824077392
423400,423564,426347,164,2783,5,14400,1.05892921308
423570,423584,426448,14,2864,5,14400,1.00488826816
423581,423634,426333,53,2699,5,14400,1.01963690256
423637,423911,426534,274,2623,5,14400,1.10446054136
423822,539936,733594,116114,193658,16,356400,1.59958276962
423913,423944,426554,31,2610,5,14400,1.01187739464
423925,431398,431481,7473,83,8,36000,91.0361445783
423947,424483,425473,536,990,8,6000,1.54141414141
424479,424694,425590,215,896,8,6000,1.23995535714
424692,424798,425695,106,897,8,6000,1.11817168339
424802,424941,425872,139,931,8,6000,1.14930182599
424940,425014,426007,74,993,8,6000,1.07452165156
425014,425486,426407,472,921,8,6000,1.5124864278
425490,425604,426491,114,887,8,6000,1.12852311161
425607,425708,427313,101,1605,8,6000,1.06292834891
425714,425861,426938,147,1077,8,6000,1.1364902507
425861,425908,426905,47,997,8,6000,1.04714142427
425928,425938,427057,10,1119,8,6000,1.00893655049
425940,426043,426965,103,922,8,6000,1.11171366594
426045,426110,428005,65,1895,8,6000,1.03430079156
426116,426365,427228,249,863,8,6000,1.28852838934
426350,426420,427277,70,857,8,6000,1.08168028005
426414,426462,427618,48,1156,8,6000,1.04152249135
426468,426505,427475,37,970,8,6000,1.0381443299
426511,426567,427626,56,1059,8,6000,1.05288007554
426565,426918,427873,353,955,8,6000,1.36963350785
426885,433164,437327,6279,4163,1,72000,2.50828729282
426886,437339,439949,10453,2610,1,72000,5.00498084291
426887,439962,445060,13075,5098,1,72000,3.56473126716
426888,448618,456086,21730,7468,1,72000,3.90974825924
426888,445073,448606,18185,3533,1,72000,6.14718369658
426889,456106,462904,29217,6798,1,72000,5.29788172992
426890,462918,467949,36028,5031,1,72000,8.16120055655
426891,472907,486240,46016,13333,1,72000,4.45128628216
426891,467964,472890,41073,4926,1,72000,9.33800243605
426892,486252,493245,59360,6993,1,72000,9.48848848849
426893,487186,491587,60293,4401,1,72000,14.6998409452
426894,491599,496157,64705,4558,1,72000,15.1959192628
426895,493259,495934,66364,2675,1,72000,25.8089719626
426895,495946,498509,69051,2563,1,72000,27.9414748342
426896,496169,501280,69273,5111,1,72000,14.5537076893
426897,498521,502527,71624,4006,1,72000,18.8791812282
426914,426952,427868,38,916,8,6000,1.04148471616
426957,426978,427927,21,949,8,6000,1.02212855638
426979,427063,427966,84,903,8,6000,1.09302325581
427071,427078,427979,7,901,8,6000,1.00776914539
427083,427247,428440,164,1193,8,6000,1.13746856664
427249,427290,428220,41,930,8,6000,1.04408602151
427292,427326,428381,34,1055,8,6000,1.03222748815
427324,427488,428586,164,1098,8,6000,1.14936247723
427499,427632,428550,133,918,8,6000,1.14488017429
427637,427645,428577,8,932,8,6000,1.00858369099
427648,427881,428781,233,900,8,6000,1.25888888889
427877,427889,428755,12,866,8,6000,1.01385681293
427889,427940,428841,51,901,8,6000,1.05660377358
427937,427979,428835,42,856,8,6000,1.04906542056
427984,427992,428843,8,851,8,6000,1.00940070505
427995,428018,428884,23,866,8,6000,1.02655889145
428017,428233,429367,216,1134,8,6000,1.19047619048
428087,446168,446174,18081,6,4,21600,1808.7
428319,428405,429316,86,911,8,6000,1.09440175631
428404,428454,429569,50,1115,8,6000,1.04484304933
428458,428564,429467,106,903,8,6000,1.11738648948
428568,428590,429577,22,987,8,6000,1.02228976697
428589,428600,429503,11,903,8,6000,1.01218161683
428601,428768,429634,167,866,8,6000,1.19284064665
428771,428794,429659,23,865,8,6000,1.02658959538
428793,428848,429699,55,851,8,6000,1.06462984724
428846,428862,430008,16,1146,8,6000,1.01396160558
428857,428869,429733,12,864,8,6000,1.01388888889
428869,428897,429879,28,982,8,6000,1.02851323829
428902,429330,430265,428,935,8,6000,1.4577540107
429328,429380,430274,52,894,8,6000,1.0581655481
429382,429481,430347,99,866,8,6000,1.1143187067
429483,429523,430403,40,880,8,6000,1.04545454545
429536,429568,430440,32,872,8,6000,1.03669724771
429569,429582,430450,13,868,8,6000,1.01497695853
429580,429590,430447,10,857,8,6000,1.01166861144
429591,429652,430573,61,921,8,6000,1.06623235613
429655,429662,430541,7,879,8,6000,1.00796359499
429667,429678,430635,11,957,8,6000,1.01149425287
429678,429712,430831,34,1119,8,6000,1.03038427167
429710,429746,430791,36,1045,8,6000,1.03444976077
429743,429892,430883,149,991,8,6000,1.15035317861
429781,479080,479585,49299,505,128,3600,98.6217821782
429896,430004,431035,108,1031,8,6000,1.10475266731
430007,430025,431025,18,1000,8,6000,1.018
430028,430055,431052,27,997,8,6000,1.02708124373
430061,430278,431163,217,885,8,6000,1.24519774011
430197,430328,430337,131,9,2,3540,14.0
430282,430289,431167,7,878,8,6000,1.00797266515
430296,430361,431376,65,1015,8,6000,1.06403940887
430360,430416,431588,56,1172,8,6000,1.04778156997
430414,430453,431384,39,931,8,6000,1.04189044039
430457,430464,431509,7,1045,8,6000,1.00669856459
430468,430475,431393,7,918,8,6000,1.00762527233
430479,430555,431551,76,996,8,6000,1.07630522088
430553,430586,431529,33,943,8,6000,1.03499469777
430590,430648,431634,58,986,8,6000,1.05882352941
430654,430804,431820,150,1016,8,6000,1.14763779528
430802,430851,431739,49,888,8,6000,1.05518018018
430856,430896,431801,40,905,8,6000,1.04419889503
430900,430989,431887,89,898,8,6000,1.0991091314
430986,431043,431950,57,907,8,6000,1.06284454245
431040,431052,431978,12,926,8,6000,1.01295896328
431051,431065,432234,14,1169,8,6000,1.0119760479
431062,431176,432179,114,1003,8,6000,1.11365902293
431179,431189,432181,10,992,8,6000,1.01008064516
431190,431390,432456,200,1066,8,6000,1.18761726079
431392,431406,432438,14,1032,8,6000,1.01356589147
431403,431494,432435,91,941,8,6000,1.09670563231
431498,431522,432434,24,912,8,6000,1.02631578947
431520,431543,432526,23,983,8,6000,1.02339776195
431542,431564,432466,22,902,8,6000,1.0243902439
431563,431601,432569,38,968,8,6000,1.03925619835
431607,431648,432617,41,969,8,6000,1.04231166151
431653,431752,432622,99,870,8,6000,1.11379310345
431754,431814,432675,60,861,8,6000,1.06968641115
431818,431833,432697,15,864,8,6000,1.01736111111
431829,431900,432750,71,850,8,6000,1.08352941176
431903,431964,432941,61,977,8,6000,1.06243602866
431967,431992,432886,25,894,8,6000,1.02796420582
431989,432191,433092,202,901,8,6000,1.22419533851
432191,432199,433088,8,889,8,6000,1.00899887514
432202,432246,433165,44,919,8,6000,1.0478781284
432245,432391,433371,146,980,8,6000,1.14897959184
432394,432447,433375,53,928,8,6000,1.05711206897
432447,432455,433360,8,905,8,6000,1.00883977901
432459,432466,433358,7,892,8,6000,1.00784753363
432472,432479,433347,7,868,8,6000,1.00806451613
432484,432498,433363,14,865,8,6000,1.0161849711
432495,432539,433395,44,856,8,6000,1.05140186916
432538,432582,433665,44,1083,8,6000,1.0406278855
432581,432631,433734,50,1103,8,6000,1.04533091568
432634,432663,433659,29,996,8,6000,1.02911646586
432667,432688,433669,21,981,8,6000,1.02140672783
432689,432710,433607,21,897,8,6000,1.02341137124
432711,432763,433656,52,893,8,6000,1.05823068309
432764,432899,433906,135,1007,8,6000,1.13406156902
432903,432954,433928,51,974,8,6000,1.0523613963
432956,433101,434284,145,1183,8,6000,1.12256973795
433062,433130,476370,68,43240,13,43200,1.00157261795
433104,433111,434017,7,906,8,6000,1.00772626932
433115,433179,434071,64,892,8,6000,1.07174887892
433177,433360,436153,183,2793,5,14400,1.06552094522
433364,433372,436345,8,2973,5,14400,1.00269088463
433375,433384,436219,9,2835,5,14400,1.00317460317
433387,433413,436279,26,2866,5,14400,1.00907187718
433419,433426,437037,7,3611,5,14400,1.00193852119
433430,433438,436594,8,3156,5,14400,1.00253485425
433441,433450,436668,9,3218,5,14400,1.00279676818
433453,433460,436277,7,2817,5,14400,1.00248491303
433464,433471,436333,7,2862,5,14400,1.00244584207
433475,433628,436472,153,2844,5,14400,1.05379746835
433633,433670,436598,37,2928,5,14400,1.01263661202
433676,433692,436747,16,3055,5,14400,1.00523731588
433698,433705,436734,7,3029,5,14400,1.00231099373
433709,433717,436746,8,3029,5,14400,1.00264113569
433720,433728,436671,8,2943,5,14400,1.00271831464
433731,433751,436788,20,3037,5,14400,1.00658544616
433753,433762,436688,9,2926,5,14400,1.0030758715
433765,433919,436984,154,3065,5,14400,1.05024469821
433922,433941,436941,19,3000,5,14400,1.00633333333
433949,433957,436872,8,2915,5,14400,1.00274442539
433960,434029,437007,69,2978,5,14400,1.02316991269
434025,434084,436999,59,2915,5,14400,1.02024013722
434089,434097,437143,8,3046,5,14400,1.00262639527
434100,434296,437392,196,3096,5,14400,1.06330749354
434300,434308,437120,8,2812,5,14400,1.00284495021
434312,435841,439140,1529,3299,5,14400,1.46347377993
435844,436031,439065,187,3034,5,14400,1.06163480554
436031,436165,439157,134,2992,5,14400,1.04478609626
436169,436233,439167,64,2934,5,14400,1.02181322427
436237,436290,439225,53,2935,5,14400,1.01805792164
436291,436298,439238,7,2940,5,14400,1.00238095238
436302,436347,439234,45,2887,5,14400,1.01558711465
436351,436358,439273,7,2915,5,14400,1.00240137221
436362,436486,439398,124,2912,5,14400,1.04258241758
436488,436607,439473,119,2866,5,14400,1.04152128402
436604,436615,439455,11,2840,5,14400,1.00387323944
436616,436681,439515,65,2834,5,14400,1.02293577982
436679,436689,439660,10,2971,5,14400,1.00336587008
436690,436701,439800,11,3099,5,14400,1.00354953211
436701,436747,439772,46,3025,5,14400,1.01520661157
436744,436760,439735,16,2975,5,14400,1.00537815126
436755,436767,439857,12,3090,5,14400,1.00388349515
436766,436810,439694,44,2884,5,14400,1.01525658807
436809,436885,439887,76,3002,5,14400,1.0253164557
436883,436954,440073,71,3119,5,14400,1.02276370632
436958,436998,439819,40,2821,5,14400,1.01417936902
437001,437012,439953,11,2941,5,14400,1.00374022441
437012,437020,439921,8,2901,5,14400,1.00275766977
437023,437051,440681,28,3630,5,14400,1.00771349862
437056,437134,439982,78,2848,5,14400,1.02738764045
437130,437157,440079,27,2922,5,14400,1.00924024641
437162,437405,440542,243,3137,5,14400,1.07746254383
437412,439079,441998,1667,2919,5,14400,1.57108598835
439079,439153,442332,74,3179,5,14400,1.0232777603
439153,439170,442170,17,3000,5,14400,1.00566666667
439175,439183,442224,8,3041,5,14400,1.00263071358
439186,439238,442166,52,2928,5,14400,1.01775956284
439239,439247,442225,8,2978,5,14400,1.00268636669
439250,439286,442927,36,3641,5,14400,1.00988739357
439282,439411,442330,129,2919,5,14400,1.04419321686
439408,439468,442288,60,2820,5,14400,1.02127659574
439471,439486,442394,15,2908,5,14400,1.00515818432
439483,439528,442372,45,2844,5,14400,1.01582278481
439525,439536,442539,11,3003,5,14400,1.00366300366
439536,439673,442509,137,2836,5,14400,1.04830747532
439673,439708,442606,35,2898,5,14400,1.01207729469
439705,439749,442794,44,3045,5,14400,1.0144499179
439747,439785,442739,38,2954,5,14400,1.01286391334
439790,439812,442530,22,2718,5,14400,1.0080941869
439811,439833,442881,22,3048,5,14400,1.00721784777
439833,439870,442774,37,2904,5,14400,1.01274104683
439875,439900,442849,25,2949,5,14400,1.00847744998
439897,439934,442804,37,2870,5,14400,1.01289198606
439939,439970,442919,31,2949,5,14400,1.01051203798
439971,439995,442876,24,2881,5,14400,1.00833044082
439993,440085,442896,92,2811,5,14400,1.03272856635
440088,440095,442889,7,2794,5,14400,1.00250536865
440099,440556,443593,457,3037,5,14400,1.15047744485
440559,440694,443552,135,2858,5,14400,1.04723582925
440695,442011,445064,1316,3053,5,14400,1.43105142483
441313,442902,443067,1589,165,1,3600,10.6303030303
442013,442180,445028,167,2848,5,14400,1.05863764045
442181,442188,445992,7,3804,5,14400,1.00184016824
442192,442238,445021,46,2783,5,14400,1.01652892562
442234,442245,445151,11,2906,5,14400,1.00378527185
442245,442301,445154,56,2853,5,14400,1.01962846127
442298,442343,445221,45,2878,5,14400,1.01563585823
442341,442350,445176,9,2826,5,14400,1.00318471338
442352,442385,445371,33,2986,5,14400,1.01105157401
442384,442407,445410,23,3003,5,14400,1.00765900766
442406,442522,445420,116,2898,5,14400,1.04002760524
442521,442543,445434,22,2891,5,14400,1.00760982359
442543,442554,445508,11,2954,5,14400,1.00372376439
442554,442618,445537,64,2919,5,14400,1.02192531689
442617,442754,445595,137,2841,5,14400,1.04822245688
442754,442787,445600,33,2813,5,14400,1.01173124778
442786,442807,445706,21,2899,5,14400,1.0072438772
442808,442819,445887,11,3068,5,14400,1.00358539765
442819,442863,445733,44,2870,5,14400,1.01533101045
442861,442889,445711,28,2822,5,14400,1.00992204111
442893,442910,446044,17,3134,5,14400,1.00542437779
442915,442923,446053,8,3130,5,14400,1.00255591054
442926,442941,445930,15,2989,5,14400,1.0050184008
442937,443565,446505,628,2940,5,14400,1.21360544218
443249,443257,443599,8,342,1,3600,1.02339181287
443565,443605,446535,40,2930,5,14400,1.01365187713
443608,445035,447960,1427,2925,5,14400,1.48786324786
443926,443934,444743,8,809,1,3600,1.00988875155
444868,444875,445043,7,168,1,3600,1.04166666667
445040,445048,447906,8,2858,5,14400,1.00279916025
445051,445080,448197,29,3117,5,14400,1.00930381777
445083,445103,448327,20,3224,5,14400,1.00620347395
445105,445163,448353,58,3190,5,14400,1.01818181818
445168,445189,448057,21,2868,5,14400,1.00732217573
445190,445234,448250,44,3016,5,14400,1.01458885942
445206,445214,445557,8,343,1,3600,1.02332361516
445232,445384,448314,152,2930,5,14400,1.05187713311
445389,445423,448358,34,2935,5,14400,1.01158432709
445421,445434,448211,13,2777,5,14400,1.00468131077
445433,445447,448291,14,2844,5,14400,1.00492264416
445444,445478,448324,34,2846,5,14400,1.01194659171
445476,445521,448342,45,2821,5,14400,1.01595179015
445519,445608,446479,89,871,8,6000,1.10218140069
445613,445621,446583,8,962,8,6000,1.00831600832
445624,445746,446602,122,856,8,6000,1.14252336449
445750,445900,446755,150,855,8,6000,1.17543859649
445889,445943,446799,54,856,1,3600,1.06308411215
445897,446006,446875,109,869,8,6000,1.12543153049
445991,445998,446109,7,111,1,3600,1.06306306306
446002,446066,446929,64,863,8,6000,1.0741599073
446065,446494,447390,429,896,8,6000,1.47879464286
446291,446299,446608,8,309,1,3600,1.02588996764
446493,446518,447393,25,875,8,6000,1.02857142857
446515,446596,447538,81,942,8,6000,1.08598726115
446599,446615,447480,16,865,8,6000,1.01849710983
446620,446768,447623,148,855,8,6000,1.1730994152
446767,446809,447672,42,863,8,6000,1.04866743917
446809,446888,447745,79,857,8,6000,1.09218203034
446893,446942,447793,49,851,8,6000,1.05757931845
446946,447403,448255,457,852,8,6000,1.53638497653
447046,447411,448010,365,599,1,3600,1.60934891486
447406,447494,448365,88,871,8,6000,1.10103329506
447490,447551,448412,61,861,8,6000,1.07084785134
447554,447636,448712,82,1076,8,6000,1.07620817844
447638,447685,448700,47,1015,8,6000,1.04630541872
447691,447759,448630,68,871,8,6000,1.07807118255
447764,447807,448668,43,861,8,6000,1.04994192799
447807,447920,448847,113,927,8,6000,1.12189859763
447922,447972,448831,50,859,8,6000,1.05820721769
447975,448210,449074,235,864,8,6000,1.27199074074
447990,447998,448103,8,105,1,3600,1.07619047619
448216,448226,449095,10,869,8,6000,1.01150747986
448227,448269,449149,42,880,8,6000,1.04772727273
448269,448277,448581,8,304,1,3600,1.02631578947
448270,448304,449175,34,871,8,6000,1.03903559127
448302,448338,449238,36,900,8,6000,1.04
448334,448346,449264,12,918,8,6000,1.01307189542
448345,448366,449475,21,1109,8,6000,1.01893597836
448367,448374,449230,7,856,8,6000,1.00817757009
448378,448385,449269,7,884,8,6000,1.00791855204
448389,448425,449281,36,856,8,6000,1.04205607477
448421,448644,449512,223,868,8,6000,1.2569124424
448532,448591,448695,59,104,1,1800,1.56730769231
448641,448681,449561,40,880,8,6000,1.04545454545
448683,448713,449582,30,869,8,6000,1.03452243959
448716,448727,449593,11,866,8,6000,1.01270207852
448727,448844,449801,117,957,8,6000,1.12225705329
448843,448861,449845,18,984,8,6000,1.01829268293
448864,449089,449950,225,861,8,6000,1.26132404181
448988,448996,449086,8,90,1,1800,1.08888888889
449018,449081,449694,63,613,1,3600,1.10277324633
449094,449107,449959,13,852,8,6000,1.01525821596
449105,449114,450056,9,942,8,6000,1.00955414013
449116,449163,450037,47,874,8,6000,1.05377574371
449159,449188,450049,29,861,8,6000,1.03368176539
449191,449243,450245,52,1002,8,6000,1.05189620758
449244,449277,450299,33,1022,8,6000,1.03228962818
449276,449285,450207,9,922,8,6000,1.00976138829
449287,449294,450160,7,866,8,6000,1.00808314088
449298,449306,450176,8,870,8,6000,1.0091954023
449309,449488,450423,179,935,8,6000,1.19144385027
449487,449525,451292,38,1767,8,6000,1.02150537634
449529,449575,450488,46,913,8,6000,1.05038335159
449571,449595,450494,24,899,8,6000,1.02669632925
449593,449606,450504,13,898,8,6000,1.0144766147
449604,449815,450687,211,872,8,6000,1.24197247706
449770,449777,450264,7,487,1,1800,1.01437371663
449814,449858,450714,44,856,8,6000,1.05140186916
449856,449963,450827,107,864,8,6000,1.12384259259
449961,449973,450891,12,918,8,6000,1.01307189542
449972,450051,450905,79,854,8,6000,1.0925058548
450056,450065,450958,9,893,8,6000,1.01007838746
450068,450076,450939,8,863,8,6000,1.00926998841
450079,450174,451024,95,850,8,6000,1.11176470588
450173,450189,451051,16,862,8,6000,1.01856148492
450195,450221,451396,26,1175,8,6000,1.02212765957
450217,450258,451428,41,1170,8,6000,1.03504273504
450259,450312,451250,53,938,8,6000,1.05650319829
450312,450436,451315,124,879,8,6000,1.14106939704
450438,450502,451386,64,884,8,6000,1.07239819005
450501,450509,451513,8,1004,8,6000,1.00796812749
450512,450521,451388,9,867,8,6000,1.01038062284
450523,450700,451640,177,940,8,6000,1.18829787234
450701,450728,451586,27,858,8,6000,1.03146853147
450733,450841,451902,108,1061,8,6000,1.10179076343
450838,450904,451755,66,851,8,6000,1.07755581669
450901,450918,451806,17,888,8,6000,1.01914414414
450923,450953,451821,30,868,8,6000,1.03456221198
450955,450972,451844,17,872,8,6000,1.01949541284
450977,451037,451979,60,942,8,6000,1.06369426752
451040,451064,451921,24,857,8,6000,1.02800466744
451062,451263,452148,201,885,8,6000,1.22711864407
451260,451305,452466,45,1161,8,6000,1.03875968992
451303,451328,452396,25,1068,8,6000,1.0234082397
451324,451402,452679,78,1277,8,6000,1.06108065779
451398,451411,452366,13,955,8,6000,1.01361256545
451409,451419,452272,10,853,8,6000,1.01172332943
451420,451442,452387,22,945,8,6000,1.02328042328
451442,451526,452413,84,887,8,6000,1.09470124014
451526,451599,452470,73,871,8,6000,1.08381171068
451599,451653,452508,54,855,8,6000,1.06315789474
451653,451769,452633,116,864,8,6000,1.13425925926
451768,451819,452684,51,865,8,6000,1.05895953757
451821,451834,452705,13,871,8,6000,1.01492537313
451832,451857,452734,25,877,8,6000,1.02850627138
451853,451870,453037,17,1167,8,6000,1.0145672665
451866,451878,451928,12,50,1,1800,1.24
451875,451915,452791,40,876,8,6000,1.04566210046
451918,451934,452783,16,849,8,6000,1.01884570082
451939,451992,452865,53,873,8,6000,1.06071019473
451992,452014,452880,22,866,8,6000,1.02540415704
452013,452161,453090,148,929,8,6000,1.15931108719
452160,452216,453509,56,1293,8,6000,1.04331013148
452174,452181,452298,7,117,1,1800,1.05982905983
452212,452285,453205,73,920,8,6000,1.07934782609
452229,452308,452385,79,77,1,1800,2.02597402597
452286,452380,453246,94,866,8,6000,1.10854503464
452381,452400,453310,19,910,8,6000,1.02087912088
452402,452411,453266,9,855,8,6000,1.01052631579
452414,452426,453295,12,869,8,6000,1.01380897583
452425,452479,453345,54,866,8,6000,1.0623556582
452478,452486,453337,8,851,8,6000,1.00940070505
452489,452521,453391,32,870,8,6000,1.0367816092
452521,452646,453502,125,856,8,6000,1.14602803738
452625,452898,453028,273,130,1,1800,3.1
452647,452691,453548,44,857,8,6000,1.05134189032
452689,452699,453550,10,851,8,6000,1.01175088132
452700,452718,453579,18,861,8,6000,1.02090592334
452722,452747,453961,25,1214,8,6000,1.02059308072
452743,452796,453671,53,875,8,6000,1.06057142857
452797,452803,453725,6,922,8,6000,1.00650759219
452808,452878,453745,70,867,8,6000,1.08073817762
452881,452893,453834,12,941,8,6000,1.01275239107
452893,453036,455817,143,2781,5,14400,1.05142035239
453040,453050,455907,10,2857,5,14400,1.00350017501
453051,453103,456115,52,3012,5,14400,1.01726427623
453104,453112,455910,8,2798,5,14400,1.00285918513
453115,453219,456277,104,3058,5,14400,1.03400915631
453220,453259,456166,39,2907,5,14400,1.01341589267
453262,453270,456412,8,3142,5,14400,1.00254614895
453274,453281,456249,7,2968,5,14400,1.00235849057
453285,453292,456278,7,2986,5,14400,1.00234427328
453296,453308,456087,12,2779,5,14400,1.00431810004
453307,453323,456445,16,3122,5,14400,1.00512491992
453328,453337,456159,9,2822,5,14400,1.0031892275
453340,453350,456394,10,3044,5,14400,1.00328515112
453351,453361,456860,10,3499,5,14400,1.00285795942
453356,453520,453818,164,298,1,1800,1.55033557047
453362,453371,456312,9,2941,5,14400,1.00306018361
453374,453404,456203,30,2799,5,14400,1.01071811361
453407,453416,456533,9,3117,5,14400,1.00288739172
453419,453515,456538,96,3023,5,14400,1.03175653325
453513,453529,456589,16,3060,5,14400,1.00522875817
453535,453543,456385,8,2842,5,14400,1.00281491907
453546,453561,456358,15,2797,5,14400,1.00536288881
453557,453570,456560,13,2990,5,14400,1.00434782609
453568,453579,456535,11,2956,5,14400,1.00372124493
453579,453593,456550,14,2957,5,14400,1.00473452824
453590,453684,456544,94,2860,5,14400,1.03286713287
453685,453692,456621,7,2929,5,14400,1.00238989416
453696,453738,456689,42,2951,5,14400,1.01423246357
453739,453747,456702,8,2955,5,14400,1.0027072758
453750,453758,456621,8,2863,5,14400,1.00279427174
453756,453828,454396,72,568,1,1800,1.12676056338
453761,453847,456816,86,2969,5,14400,1.02896598181
453845,453855,456708,10,2853,5,14400,1.00350508237
453856,453974,457161,118,3187,5,14400,1.03702541575
453972,454406,457262,434,2856,5,14400,1.15196078431
454401,455830,458862,1429,3032,5,14400,1.4713060686
455834,455922,458937,88,3015,5,14400,1.02918739635
455918,455930,458925,12,2995,5,14400,1.0040066778
455930,456100,459060,170,2960,5,14400,1.05743243243
456098,456129,459086,31,2957,5,14400,1.01048359824
456129,456172,459162,43,2990,5,14400,1.0143812709
456172,456181,459204,9,3023,5,14400,1.00297717499
456183,456217,459217,34,3000,5,14400,1.01133333333
456215,456262,459348,47,3086,5,14400,1.01523007129
456268,456290,459180,22,2890,5,14400,1.00761245675
456289,456300,459166,11,2866,5,14400,1.00383810188
456292,456561,456610,269,49,1,1800,6.48979591837
456301,456325,459382,24,3057,5,14400,1.00785083415
456322,456371,459598,49,3227,5,14400,1.01518438178
456376,456398,459210,22,2812,5,14400,1.00782361309
456397,456408,459405,11,2997,5,14400,1.003670337
456408,456425,459284,17,2859,5,14400,1.00594613501
456430,456458,459639,28,3181,5,14400,1.00880226344
456462,456547,459740,85,3193,5,14400,1.02662073285
456546,456555,459587,9,3032,5,14400,1.00296833773
456557,456570,459550,13,2980,5,14400,1.00436241611
456569,456578,459535,9,2957,5,14400,1.0030436253
456580,456588,459513,8,2925,5,14400,1.00273504274
456591,456602,459656,11,3054,5,14400,1.00360183366
456602,456620,459481,18,2861,5,14400,1.00629150647
456623,456635,459675,12,3040,5,14400,1.00394736842
456635,456643,459495,8,2852,5,14400,1.00280504909
456646,456703,459560,57,2857,5,14400,1.01995099755
456699,456715,459629,16,2914,5,14400,1.00549073439
456720,456729,459675,9,2946,5,14400,1.00305498982
456731,456829,459937,98,3108,5,14400,1.03153153153
456826,456873,460077,47,3204,5,14400,1.01466916355
456879,457173,460138,294,2965,5,14400,1.09915682968
456943,459584,459664,2641,80,1,1800,34.0125
457172,457275,460377,103,3102,5,14400,1.03320438427
457277,458876,461783,1599,2907,5,14400,1.55005159959
458503,462116,465426,3613,3310,8,3300,2.0915407855
458875,458938,462058,63,3120,5,14400,1.02019230769
458939,458951,462103,12,3152,5,14400,1.0038071066
458950,459073,461878,123,2805,5,14400,1.04385026738
459076,459100,462079,24,2979,5,14400,1.00805639476
459097,459175,462407,78,3232,5,14400,1.02413366337
459171,459184,462064,13,2880,5,14400,1.00451388889
459183,459195,461989,12,2794,5,14400,1.00429491768
459194,459218,462649,24,3431,5,14400,1.00699504518
459215,459226,462290,11,3064,5,14400,1.00359007833
459226,459234,462348,8,3114,5,14400,1.00256904303
459238,459299,462170,61,2871,5,14400,1.02124695228
459301,459362,462217,61,2855,5,14400,1.02136602452
459361,459573,459896,212,323,1,3300,1.65634674923
459364,459395,462412,31,3017,5,14400,1.01027510772
459396,459419,462449,23,3030,5,14400,1.00759075908
459418,459494,462329,76,2835,5,14400,1.02680776014
459491,459578,459896,87,318,1,1800,1.27358490566
459492,459508,462631,16,3123,5,14400,1.0051232789
459513,459525,462578,12,3053,5,14400,1.0039305601
459524,459548,462407,24,2859,5,14400,1.00839454355
459546,459563,462466,17,2903,5,14400,1.00585601102
459568,459600,462561,32,2961,5,14400,1.01080715974
459600,459612,462593,12,2981,5,14400,1.0040254948
459610,459620,459896,10,276,1,6900,1.03623188406
459611,459642,462561,31,2919,5,14400,1.01062007537
459643,459654,462618,11,2964,5,14400,1.00371120108
459654,459669,462615,15,2946,5,14400,1.00509164969
459665,459688,462633,23,2945,5,14400,1.0078098472
459687,459696,462615,9,2919,5,14400,1.00308324769
459698,459754,462607,56,2853,5,14400,1.01962846127
459751,459909,463007,158,3098,5,14400,1.05100064558
459909,459950,462837,41,2887,5,14400,1.01420159335
459915,462071,467685,2156,5614,1,6900,1.38403990025
459951,460090,463156,139,3066,5,14400,1.0453359426
459963,462077,464331,2114,2254,1,3300,1.93788819876
459981,462082,463901,2101,1819,1,1800,2.15503023639
460088,460151,463184,63,3033,5,14400,1.02077151335
460151,460390,463351,239,2961,5,14400,1.08071597433
460392,461796,464816,1404,3020,5,14400,1.46490066225
460658,462087,462395,1429,308,1,1800,5.63961038961
461801,461892,464674,91,2782,5,14400,1.03271028037
461895,462003,464920,108,2917,5,14400,1.03702434008
462000,462094,465182,94,3088,5,14400,1.03044041451
462095,462303,465107,208,2804,5,14400,1.07417974322
462305,462344,465381,39,3037,5,14400,1.01284162002
462347,462425,465297,78,2872,5,14400,1.02715877437
462421,462433,465660,12,3227,5,14400,1.00371862411
462432,462463,465540,31,3077,5,14400,1.01007474813
462453,503879,539924,41426,36045,9,36000,2.1492856152
462464,462585,465535,121,2950,5,14400,1.04101694915
462590,462621,465610,31,2989,5,14400,1.01037136166
462622,462637,465579,15,2942,5,14400,1.0050985724
462633,462650,465543,17,2893,5,14400,1.00587625302
462655,463035,466151,380,3116,5,14400,1.12195121951
463030,463198,466172,168,2974,5,14400,1.05648957633
463187,463377,466338,190,2961,5,14400,1.06416751098
463354,464692,467525,1338,2833,5,14400,1.47229085775
464650,464687,466524,37,1837,1,1800,1.02014153511
464683,464834,467954,151,3120,5,14400,1.0483974359
465187,465195,468085,8,2890,5,14400,1.00276816609
465188,465203,468077,15,2874,5,14400,1.00521920668
465199,465216,468077,17,2861,5,14400,1.00594197833
465200,465319,468225,119,2906,5,14400,1.04094975912
465304,465394,468290,90,2896,5,14400,1.03107734807
465387,465548,469101,161,3553,5,14400,1.04531381931
465543,465555,468697,12,3142,5,14400,1.00381922342
465544,465567,468526,23,2959,5,14400,1.00777289625
465555,465593,468439,38,2846,5,14400,1.01335207309
465586,465625,468403,39,2778,5,14400,1.01403887689
465618,465673,468574,55,2901,5,14400,1.01895897966
465640,488076,504098,22436,16022,2,72000,2.40032455374
465660,466168,469097,508,2929,5,14400,1.17343803346
465702,611968,652350,146266,40382,8,356400,4.62205933337
466157,466184,469142,27,2958,5,14400,1.00912778905
466178,466356,469184,178,2828,5,14400,1.06294200849
466344,467971,471219,1627,3248,5,14400,1.50092364532
466712,467536,470060,824,2524,5,14400,1.3264659271
466887,466895,466897,8,2,2,2400,1.0
466982,466999,467029,17,30,2,2400,1.56666666667
467079,504110,523120,37031,19010,2,72000,2.94797475013
467215,467240,467277,25,37,4,7200,1.67567567568
467265,467275,467319,10,44,2,7200,1.22727272727
467851,467858,467897,7,39,2,7200,1.17948717949
467963,468089,470981,126,2892,5,14400,1.04356846473
468087,468102,470991,15,2889,5,14400,1.005192108
468088,468107,470928,19,2821,5,14400,1.00673520028
468098,468238,471221,140,2983,5,14400,1.04693261817
468157,468167,468775,10,608,8,600,1.01644736842
468176,468230,470646,54,2416,64,2400,1.02235099338
468177,468223,470066,46,1843,32,1800,1.02495930548
468177,470086,471295,1909,1209,16,1200,2.57899090157
468222,468786,468815,564,29,2,7200,20.4482758621
468222,543005,615044,74783,72039,2,72000,2.03809047877
468223,487453,537002,19230,49549,10,57600,1.38810066803
468234,468302,471195,68,2893,5,14400,1.0235050121
468262,612600,684620,144338,72020,2,72000,3.00413773952
468297,468415,471225,118,2810,5,14400,1.04199288256
468316,611963,683999,143647,72036,2,72000,2.99410017214
468337,487061,502058,18724,14997,4,36000,2.24851636994
468338,499296,514737,30958,15441,4,36000,3.00492196101
468339,503908,519446,35569,15538,4,36000,3.28916205432
468340,540677,555951,72337,15274,4,36000,5.73595652743
468342,542995,558488,74653,15493,4,36000,5.81849867682
468343,543000,558761,74657,15761,4,36000,5.73681872978
468344,551226,567056,82882,15830,4,36000,6.23575489577
468345,551231,566482,82886,15251,4,36000,6.43479116124
468346,558501,573769,90155,15268,4,36000,6.90483363898
468348,558869,574255,90521,15386,4,36000,6.88333549981
468349,564603,580060,96254,15457,4,36000,7.22721097237
468350,564811,580535,96461,15724,4,36000,7.13463495294
468351,566494,581818,98143,15324,4,36000,7.40452884364
468352,567068,583011,98716,15943,4,36000,7.19180831713
468354,573781,588913,105427,15132,4,36000,7.96715569654
468355,574267,589359,105912,15092,4,36000,8.01775775245
468356,580072,595237,111716,15165,4,36000,8.36669963732
468357,580547,595920,112190,15373,4,36000,8.29785988421
468358,588926,604391,120568,15465,4,36000,8.79618493372
468359,595253,610262,126894,15009,4,36000,9.45452728363
468361,595932,611322,127571,15390,4,36000,9.28921377518
468362,611407,626895,143045,15488,4,36000,10.2358600207
468363,611412,627160,143049,15748,4,36000,10.0836296673
468364,611418,626937,143054,15519,4,36000,10.2179908499
468365,611423,628416,143058,16993,4,36000,9.41864297063
468367,611428,626629,143061,15201,4,36000,10.411288731
468368,611433,626466,143065,15033,4,36000,10.516729861
468369,611438,626819,143069,15381,4,36000,10.3016708927
468370,611449,627569,143079,16120,4,36000,9.87586848635
468410,468451,471347,41,2896,5,14400,1.01415745856
468438,523133,868761,54695,345628,2,345600,1.15824817434
468442,468538,471505,96,2967,5,14400,1.03235591507
468535,468586,471452,51,2866,5,14400,1.01779483601
468570,540671,582267,72101,41596,8,57600,2.73336378498
468577,468709,471486,132,2777,5,14400,1.04753330933
468701,469109,472003,408,2894,5,14400,1.1409813407
469005,469011,469046,6,35,1,600,1.17142857143
469103,469116,472075,13,2959,5,14400,1.00439337614
469114,469155,472073,41,2918,5,14400,1.01405071967
469145,469196,472026,51,2830,5,14400,1.01802120141
469160,469167,469239,7,72,1,600,1.09722222222
469187,470073,473269,886,3196,5,14400,1.27722152691
469291,469298,469784,7,486,8,3600,1.01440329218
469378,469573,470066,195,493,4,3600,1.39553752535
469740,493607,551209,23867,57602,10,57600,1.41434325197
469868,469874,469986,6,112,1,600,1.05357142857
470042,470050,470322,8,272,1,600,1.02941176471
470062,470940,473876,878,2936,5,14400,1.29904632153
470184,539942,593463,69758,53521,10,57600,2.30337624484
470344,470350,470593,6,243,1,600,1.02469135802
470397,488265,517095,17868,28830,1,28800,1.6197710718
470651,470663,470867,12,204,1,600,1.05882352941
470704,470711,470713,7,2,1,240,1.0
470937,470993,473910,56,2917,5,14400,1.01919780597
470986,494475,537706,23489,43231,2,43200,1.54333695728
470989,470999,471372,10,373,1,600,1.02680965147
470989,471006,473890,17,2884,5,14400,1.00589459085
471000,471213,474258,213,3045,5,14400,1.06995073892
471005,471012,471154,7,142,1,240,1.04929577465
471153,471160,471307,7,147,1,240,1.04761904762
471196,471231,474137,35,2906,5,14400,1.0120440468
471228,471243,474184,15,2941,5,14400,1.00510030602
471228,471238,474133,10,2895,5,14400,1.00345423143
471240,471372,474226,132,2854,5,14400,1.04625087596
471304,471310,471422,6,112,2,240,1.05357142857
471353,471365,471466,12,101,2,240,1.11881188119
471353,471463,474431,110,2968,5,14400,1.03706199461
471457,471499,474459,42,2960,5,14400,1.01418918919
471488,471523,474342,35,2819,5,14400,1.01241575027
471509,472015,475106,506,3091,5,14400,1.16370106762
471527,471533,471596,6,63,4,120,1.09523809524
471529,471540,471632,11,92,1,3300,1.11956521739
471602,471610,471669,8,59,4,120,1.13559322034
471670,471678,472215,8,537,1,3300,1.01489757914
471762,471768,471841,6,73,8,120,1.08219178082
471807,471820,471951,13,131,1,120,1.09923664122
471987,471994,472429,7,435,4,3600,1.01609195402
472013,472043,475011,30,2968,5,14400,1.01010781671
472034,472085,475022,51,2937,5,14400,1.01736465781
472076,472092,474942,16,2850,5,14400,1.00561403509
472087,473282,476136,1195,2854,5,14400,1.41871058164
472232,472239,472812,7,573,1,3300,1.01221640489
472693,611402,681631,138709,70229,18,86400,2.97509575816
472895,472901,472932,6,31,1,3300,1.1935483871
473276,473888,476939,612,3051,5,14400,1.2005899705
473539,473546,473588,7,42,8,120,1.16666666667
473665,473673,473732,8,59,16,120,1.13559322034
473696,473702,473764,6,62,16,120,1.09677419355
473884,473902,476820,18,2918,5,14400,1.00616860864
473895,473922,476808,27,2886,5,14400,1.00935550936
473916,474145,476988,229,2843,5,14400,1.08054871614
474142,474152,477112,10,2960,5,14400,1.00337837838
474143,474196,477061,53,2865,5,14400,1.0184991274
474185,474238,477230,53,2992,5,14400,1.01771390374
474237,474270,477210,33,2940,5,14400,1.0112244898
474268,474355,477283,87,2928,5,14400,1.02971311475
474351,474444,477323,93,2879,5,14400,1.03230288295
474434,474472,477405,38,2933,5,14400,1.01295601773
474465,474954,478077,489,3123,5,14400,1.15658021134
474517,474524,474527,7,3,16,120,1.0
474742,474748,474789,6,41,16,120,1.14634146341
474780,474786,474819,6,33,16,120,1.18181818182
474871,474878,475610,7,732,1,600,1.00956284153
474948,475024,477938,76,2914,5,14400,1.02608098833
474971,474977,474988,6,11,32,120,1.54545454545
475020,475039,477953,19,2914,5,14400,1.00652024708
475028,475034,475066,6,32,32,120,1.1875
475031,475119,478057,88,2938,5,14400,1.02995234854
475075,475081,475109,6,28,32,120,1.21428571429
475114,476149,479327,1035,3178,5,14400,1.32567652612
475135,475141,475196,6,55,32,120,1.10909090909
476140,476820,479730,680,2910,5,14400,1.23367697595
476622,483497,483537,6875,40,32,120,172.875
476664,483549,483579,6885,30,32,120,230.5
476817,476832,480009,15,3177,5,14400,1.00472143532
476828,476951,479970,123,3019,5,14400,1.04074196754
476920,483305,483361,6385,56,64,120,115.017857143
476942,477000,480035,58,3035,5,14400,1.01911037891
476957,483604,483670,6647,66,64,120,101.712121212
476994,477073,480002,79,2929,5,14400,1.02697166268
477066,477126,480041,60,2915,5,14400,1.02058319039
477118,477223,480104,105,2881,5,14400,1.03644567858
477221,477242,480110,21,2868,5,14400,1.00732217573
477232,477295,480574,63,3279,5,14400,1.01921317475
477284,477336,480314,52,2978,5,14400,1.01746138348
477326,477417,480240,91,2823,5,14400,1.03223521077
477408,477950,480825,542,2875,5,14400,1.18852173913
477941,477966,480993,25,3027,5,14400,1.00825900231
477962,478069,480951,107,2882,5,14400,1.03712699514
478065,478089,480910,24,2821,5,14400,1.00850762141
478086,479339,482229,1253,2890,5,14400,1.43356401384
479335,479741,482826,406,3085,5,14400,1.13160453809
479379,537041,594249,57662,57208,2,345600,2.00793595301
479382,594261,935814,114879,341553,2,345600,1.33634311512
479735,479982,482896,247,2914,5,14400,1.08476321208
479971,480014,482934,43,2920,5,14400,1.0147260274
480012,480021,483268,9,3247,5,14400,1.00277178934
480013,480050,482912,37,2862,5,14400,1.01292802236
480044,480057,483011,13,2954,5,14400,1.00440081246
480055,480116,482976,61,2860,5,14400,1.02132867133
480107,480123,483000,16,2877,5,14400,1.00556134863
480118,480253,483251,135,2998,5,14400,1.04503002001
480241,480326,483190,85,2864,5,14400,1.02967877095
480324,480586,483597,262,3011,5,14400,1.08701428097
480580,480838,483798,258,2960,5,14400,1.08716216216
480827,480922,483774,95,2852,5,14400,1.03330995792
480916,578642,578654,97726,12,1,432000,8144.83333333
480920,480963,483870,43,2907,5,14400,1.01479188166
480961,481005,484144,44,3139,5,14400,1.01401720293
481003,482241,485054,1238,2813,5,14400,1.44009953786
482054,490353,493802,8299,3449,2,14400,3.40620469701
482232,482838,485749,606,2911,5,14400,1.20817588458
482450,491606,492726,9156,1120,2,14400,9.175
482836,482908,486251,72,3343,5,14400,1.02153754113
482899,482924,485960,25,3036,5,14400,1.0082345191
482920,482952,485996,32,3044,5,14400,1.01051248357
482941,482988,486336,47,3348,5,14400,1.01403823178
482982,483013,485951,31,2938,5,14400,1.01055139551
483003,483024,486138,21,3114,5,14400,1.00674373796
483014,483202,486061,188,2859,5,14400,1.06575725778
483199,483264,486149,65,2885,5,14400,1.02253032929
483261,483281,486526,20,3245,5,14400,1.0061633282
483272,483611,486584,339,2973,5,14400,1.11402623613
483600,483786,486576,186,2790,5,14400,1.06666666667
483775,483815,486732,40,2917,5,14400,1.01371271855
483808,483881,486980,73,3099,5,14400,1.0235559858
483880,484156,487054,276,2898,5,14400,1.09523809524
483931,486941,486942,3010,1,4,600,301.1
484146,485066,488016,920,2950,5,14400,1.31186440678
485056,485761,488784,705,3023,5,14400,1.23321204102
485232,486946,487179,1714,233,1,600,8.35622317597
485257,487443,493595,2186,6152,12,18000,1.35533159948
485705,492738,494403,7033,1665,2,14400,5.22402402402
485751,485962,488995,211,3033,5,14400,1.0695680844
485955,485972,489050,17,3078,5,14400,1.00552306693
485966,486008,489025,42,3017,5,14400,1.01392111369
485998,486073,489445,75,3372,5,14400,1.02224199288
486071,486150,489016,79,2866,5,14400,1.0275645499
486092,493612,499679,7520,6067,2,14400,2.23949233559
486143,486161,488974,18,2813,5,14400,1.00639886242
486742,486951,488254,209,1303,1,1200,1.16039907905
487480,611974,957583,124494,345609,4,345600,1.36021631381
487530,611979,957602,124449,345623,4,345600,1.36007152302
488806,488813,489673,7,860,8,6000,1.00813953488
488807,488818,489690,11,872,8,6000,1.0126146789
488817,488826,489734,9,908,8,6000,1.00991189427
488818,488831,489695,13,864,8,6000,1.0150462963
488828,488838,489707,10,869,8,6000,1.01150747986
488829,488843,489693,14,850,8,6000,1.01647058824
488839,489007,490017,168,1010,8,6000,1.16633663366
488840,489028,489968,188,940,8,6000,1.2
489004,489062,489935,58,873,8,6000,1.06643757159
489025,489458,490219,433,761,8,6000,1.56898817346
489067,489685,490219,618,534,8,6000,2.15730337079
489123,493878,493916,4755,38,2,7200,126.131578947
489123,493817,493865,4694,48,2,7200,98.7916666667
489123,493928,493964,4805,36,2,7200,134.472222222
489124,494416,494463,5292,47,2,7200,113.595744681
489124,494073,494116,4949,43,2,7200,116.093023256
489124,494028,494061,4904,33,2,7200,149.606060606
489124,493976,494016,4852,40,2,7200,122.3
489142,499351,499352,10209,1,1,36000,1021.0
490536,490542,490551,6,9,8,6000,1.5
490571,490577,491426,6,849,8,6000,1.00706713781
490582,490588,491449,6,861,8,6000,1.00696864111
490582,490593,491462,11,869,8,6000,1.01265822785
490593,490609,491564,16,955,8,6000,1.0167539267
490593,490604,491502,11,898,8,6000,1.01224944321
490604,490616,491603,12,987,8,6000,1.01215805471
490616,490629,491519,13,890,8,6000,1.01460674157
490616,490624,492199,8,1575,8,6000,1.00507936508
490627,490636,491512,9,876,8,6000,1.0102739726
490627,490641,491512,14,871,8,6000,1.01607347876
490638,491438,492287,800,849,8,6000,1.94228504122
491427,491474,493090,47,1616,2,36000,1.02908415842
491428,491461,492363,33,902,8,6000,1.03658536585
491465,491479,493019,14,1540,2,36000,1.00909090909
491469,491515,492947,46,1432,8,6000,1.03212290503
491477,491485,492978,8,1493,2,36000,1.00535833891
491484,491492,493018,8,1526,2,36000,1.00524246396
491506,491524,493127,18,1603,2,36000,1.01122894573
491513,491529,493136,16,1607,2,36000,1.00995644057
491519,491536,493536,17,2000,2,36000,1.0085
491526,491541,493065,15,1524,2,36000,1.00984251969
491533,491548,493101,15,1553,2,36000,1.00965872505
491540,491553,493198,13,1645,2,36000,1.00790273556
491546,491565,493109,19,1544,2,36000,1.01230569948
491552,491560,492438,8,878,8,6000,1.00911161731
491559,491572,493236,13,1664,2,36000,1.0078125
491562,491579,492487,17,908,8,6000,1.01872246696
491571,492212,493728,641,1516,2,36000,1.422823219
491604,491616,492481,12,865,8,6000,1.01387283237
491947,539931,611951,47984,72020,32,72000,1.6662593724
492203,492217,493798,14,1581,2,36000,1.00885515497
492207,492299,493172,92,873,8,6000,1.10538373425
492215,492224,493756,9,1532,2,36000,1.00587467363
492222,492231,493869,9,1638,2,36000,1.00549450549
492290,492375,493232,85,857,8,6000,1.0991831972
492337,499302,499339,6965,37,2,3600,189.243243243
492364,492450,494008,86,1558,2,36000,1.05519897304
492438,492455,493957,17,1502,2,36000,1.01131824234
492450,492462,494074,12,1612,2,36000,1.00744416873
492452,492467,494035,15,1568,2,36000,1.00956632653
492464,492494,493364,30,870,8,6000,1.03448275862
492485,492501,493379,16,878,8,6000,1.01822323462
492496,492959,494115,463,1156,8,6000,1.40051903114
492956,493113,493969,157,856,8,6000,1.18341121495
492983,492989,494577,6,1588,2,36000,1.00377833753
493024,493032,494754,8,1722,2,36000,1.00464576074
493028,493184,494042,156,858,8,6000,1.18181818182
493110,493245,494199,135,954,8,6000,1.14150943396
493182,493191,494772,9,1581,2,36000,1.00569259962
493182,493252,494113,70,861,8,6000,1.08130081301
493243,493375,494250,132,875,8,6000,1.15085714286
493365,493392,494931,27,1539,2,36000,1.01754385965
493383,493397,495211,14,1814,2,36000,1.00771775083
493389,493403,495219,14,1816,2,36000,1.0077092511
493396,493409,495005,13,1596,2,36000,1.00814536341
493403,493548,495195,145,1647,2,36000,1.08803885853
493498,600452,633470,106954,33018,2,172800,4.23926343207
493540,493740,495377,200,1637,2,36000,1.12217470984
493540,493983,494851,443,868,8,6000,1.51036866359
493761,493767,495416,6,1649,2,36000,1.00363856883
493799,493810,495450,11,1640,2,36000,1.00670731707
493873,493885,495474,12,1589,2,36000,1.00755191945
493958,493969,495518,11,1549,2,36000,1.00710135571
493969,494020,495589,51,1569,2,36000,1.03250478011
494009,494055,494912,46,857,8,6000,1.0536756126
494039,494048,495781,9,1733,2,36000,1.00519330641
494045,494086,495640,41,1554,2,36000,1.02638352638
494079,494125,495645,46,1520,2,36000,1.03026315789
494117,494130,495884,13,1754,2,36000,1.00741163056
494122,494137,495009,15,872,8,6000,1.01720183486
494129,494142,495739,13,1597,2,36000,1.00814026299
494133,494211,495120,78,909,8,6000,1.08580858086
494141,494149,495633,8,1484,2,36000,1.00539083558
494205,494262,495114,57,852,8,6000,1.06690140845
494256,494863,495723,607,860,8,6000,1.70581395349
494278,603132,646057,108854,42925,2,172800,3.5359114735
494583,494590,496281,7,1691,2,36000,1.00413956239
494757,494764,496367,7,1603,2,36000,1.00436681223
494778,494786,496411,8,1625,2,36000,1.00492307692
494860,494924,495794,64,870,8,6000,1.07356321839
494922,495021,495956,99,935,8,6000,1.10588235294
494932,495127,495989,195,862,8,6000,1.22621809745
495020,495027,496613,7,1586,2,36000,1.00441361917
495025,495134,496081,109,947,8,6000,1.11510031679
495126,495139,496685,13,1546,2,36000,1.0084087969
495137,495736,496590,599,854,8,6000,1.70140515222
495198,495205,496741,7,1536,2,36000,1.00455729167
495213,495221,496792,8,1571,2,36000,1.0050922979
495228,495235,496763,7,1528,2,36000,1.00458115183
495379,495386,496869,7,1483,2,36000,1.00472016183
495418,495425,497037,7,1612,2,36000,1.00434243176
495447,611335,653666,115888,42331,2,172800,3.73766270582
495451,495458,496975,7,1517,2,36000,1.00461437047
495476,495482,497006,6,1524,2,36000,1.00393700787
495521,495527,497162,6,1635,2,36000,1.00366972477
495596,495602,497167,6,1565,2,36000,1.00383386581
495635,495642,497274,7,1632,2,36000,1.00428921569
495648,495793,496652,145,859,8,6000,1.16880093132
495735,495743,497436,8,1693,2,36000,1.00472533963
495740,495806,496653,66,847,8,6000,1.07792207792
495799,495897,497456,98,1559,2,36000,1.06286080821
495894,495968,497022,74,1054,8,6000,1.07020872865
495961,496000,497533,39,1533,2,36000,1.02544031311
495993,496010,497590,17,1580,2,36000,1.01075949367
495996,496093,496960,97,867,8,6000,1.11188004614
496005,496016,497591,11,1575,2,36000,1.00698412698
496088,496423,497362,335,939,8,6000,1.35676251331
496282,496602,497460,320,858,8,6000,1.37296037296
496595,496625,498171,30,1546,2,36000,1.01940491591
496601,499291,503867,2690,4576,12,18000,1.58784965035
496626,496664,498392,38,1728,2,36000,1.02199074074
496654,496669,498331,15,1662,2,36000,1.00902527076
496660,496676,497524,16,848,8,6000,1.01886792453
496666,496681,498270,15,1589,2,36000,1.00943989931
496681,496805,498116,124,1311,8,6000,1.0945842868
496689,496697,498307,8,1610,2,36000,1.0049689441
496743,496972,497939,229,967,8,6000,1.23681489142
496811,499286,508522,2475,9236,18,14400,1.26797314855
496965,496977,498640,12,1663,2,36000,1.00721587492
496977,496987,498525,10,1538,2,36000,1.00650195059
496983,497019,498691,36,1672,2,36000,1.02153110048
497016,497034,498564,18,1530,2,36000,1.01176470588
497029,497180,498039,151,859,8,6000,1.17578579744
497032,497041,498625,9,1584,2,36000,1.00568181818
497039,497048,498558,9,1510,2,36000,1.0059602649
497049,497375,498433,326,1058,8,6000,1.30812854442
497366,497472,498371,106,899,8,6000,1.11790878754
497438,497536,498391,98,855,8,6000,1.11461988304
497469,497602,498463,133,861,8,6000,1.15447154472
497535,497542,499175,7,1633,2,36000,1.0042865891
497541,497956,498806,415,850,8,6000,1.48823529412
497942,497949,499690,7,1741,2,36000,1.00402067777
497949,498129,499810,180,1681,2,36000,1.10707911957
497949,498051,499545,102,1494,8,6000,1.06827309237
498116,499357,501460,1241,2103,1,3600,1.59010936757
498117,498134,499732,17,1598,2,36000,1.01063829787
498133,498319,499310,186,991,8,6000,1.18768920283
498134,498141,499761,7,1620,2,36000,1.00432098765
498134,502540,505400,4406,2860,1,104400,2.54055944056
498134,498388,499317,254,929,8,6000,1.27341227126
498374,498381,500053,7,1672,2,36000,1.00418660287
498379,498403,499256,24,853,8,6000,1.02813599062
498392,498410,499969,18,1559,2,36000,1.01154586273
498409,498445,499925,36,1480,2,36000,1.02432432432
498436,498450,500004,14,1554,2,36000,1.00900900901
498440,498475,499392,35,917,8,6000,1.03816793893
498451,498703,499561,252,858,8,6000,1.29370629371
498472,498481,500052,9,1571,2,36000,1.00572883514
498530,498537,500147,7,1610,2,36000,1.00434782609
498563,498570,500259,7,1689,2,36000,1.00414446418
498570,498577,500256,7,1679,2,36000,1.0041691483
498625,498819,499877,194,1058,8,6000,1.18336483932
498737,505424,843695,6687,338271,1,576000,1.01976817404
498742,514074,1090112,15332,576038,1,576000,1.02661629962
498810,499272,500146,462,874,8,6000,1.52860411899
499239,519205,585478,19966,66273,1,576000,1.30126899341
499242,519458,585252,20216,65794,1,576000,1.30726206037
499259,499265,500964,6,1699,2,36000,1.00353148911
499269,499323,500193,54,870,8,6000,1.06206896552
499294,527007,583577,27713,56570,1,151200,1.48988863355
499318,499330,500834,12,1504,2,36000,1.0079787234
499319,499335,501050,16,1715,2,36000,1.00932944606
499326,499342,501001,16,1659,2,36000,1.00964436407
499331,499406,500302,75,896,8,6000,1.08370535714
499393,499560,500430,167,870,8,6000,1.19195402299
499547,499553,501124,6,1571,2,36000,1.00381922342
499547,499573,500500,26,927,8,6000,1.02804746494
499564,499691,501266,127,1575,2,36000,1.08063492063
499690,499822,500773,132,951,8,6000,1.13880126183
499762,499889,501204,127,1315,8,6000,1.09657794677
499878,499937,501525,59,1588,2,36000,1.03715365239
499936,500158,501017,222,859,8,6000,1.25844004657
500057,500064,501668,7,1604,2,36000,1.00436408978
500059,500165,501042,106,877,8,6000,1.12086659065
500158,500205,501852,47,1647,2,36000,1.02853673345
500196,500210,501792,14,1582,2,36000,1.00884955752
500202,500315,501164,113,849,8,6000,1.13309776207
500260,500267,501846,7,1579,2,36000,1.00443318556
500264,500444,501310,180,866,8,6000,1.207852194
500314,500321,501867,7,1546,2,36000,1.00452781371
500436,500449,501917,13,1468,2,36000,1.00885558583
500448,500455,501983,7,1528,2,36000,1.00458115183
500454,500512,502145,58,1633,2,36000,1.03551745254
500503,500517,502133,14,1616,2,36000,1.00866336634
500510,500525,502118,15,1593,2,36000,1.00941619586
500510,500785,501648,275,863,8,6000,1.31865585168
500776,501029,501883,253,854,8,6000,1.2962529274
500966,500972,502567,6,1595,2,36000,1.00376175549
501001,501060,501928,59,868,8,6000,1.06797235023
501029,501036,502716,7,1680,2,36000,1.00416666667
501046,501053,502607,7,1554,2,36000,1.0045045045
501053,501065,502672,12,1607,2,36000,1.00746733043
501053,501176,502119,123,943,8,6000,1.13043478261
501166,501220,502074,54,854,8,6000,1.06323185012
501206,501212,502748,6,1536,2,36000,1.00390625
501213,501225,502825,12,1600,2,36000,1.0075
501228,501326,502181,98,855,8,6000,1.11461988304
501312,501319,502945,7,1626,2,36000,1.00430504305
501319,501331,502849,12,1518,2,36000,1.00790513834
501331,501666,502787,335,1121,8,6000,1.29884032114
501651,501658,503263,7,1605,2,36000,1.00436137072
501658,501681,503260,23,1579,2,36000,1.01456618113
501658,501880,502785,222,905,8,6000,1.2453038674
501872,501895,503595,23,1700,2,36000,1.01352941176
501884,501900,503424,16,1524,2,36000,1.01049868766
501897,501907,503705,10,1798,2,36000,1.00556173526
501904,501944,502852,40,908,8,6000,1.04405286344
501930,501937,503513,7,1576,2,36000,1.00444162437
501935,502071,502967,136,896,8,6000,1.15178571429
502004,502958,502960,954,2,1,7200,95.6
502015,502963,502964,948,1,1,1800,94.9
502067,502085,503628,18,1543,2,36000,1.01166558652
502083,502093,503696,10,1603,2,36000,1.00623830318
502089,502135,503089,46,954,8,6000,1.04821802935
502121,502127,503649,6,1522,2,36000,1.00394218134
502130,502158,503020,28,862,8,6000,1.03248259861
502159,502194,503737,35,1543,2,36000,1.0226830849
502192,502619,503511,427,892,8,6000,1.47869955157
502192,502201,503774,9,1573,2,36000,1.00572155118
502561,537718,538143,35157,425,1,72000,83.7223529412
502562,538155,538985,35593,830,1,72000,43.8831325301
502563,538997,539311,36434,314,1,72000,117.031847134
502564,543011,544043,40447,1032,1,72000,40.1928294574
502564,539952,540271,37388,319,1,72000,118.203761755
502565,548357,549387,45792,1030,1,72000,45.4582524272
502565,549400,553801,46835,4401,1,72000,11.6418995683
502565,556016,560039,53451,4023,1,72000,14.2863534676
502566,558603,559167,56037,564,1,72000,100.356382979
502566,559179,560888,56613,1709,1,72000,34.1263897016
502567,560900,561287,58333,387,1,72000,151.73126615
502567,561766,562675,59199,909,1,72000,66.1254125413
502567,561300,562986,58733,1686,1,72000,35.8357058126
502568,562687,563223,60119,536,1,72000,113.162313433
502568,564609,565201,62041,592,1,72000,105.798986486
502569,565213,565815,62644,602,1,72000,105.059800664
502615,502684,504160,69,1476,2,36000,1.04674796748
502683,502797,503677,114,880,8,6000,1.12954545455
502786,502804,503729,18,925,8,6000,1.01945945946
502793,502809,504542,16,1733,2,36000,1.00923254472
502805,502817,504386,12,1569,2,36000,1.00764818356
502817,502868,503731,51,863,8,6000,1.05909617613
502854,502861,504486,7,1625,2,36000,1.00430769231
502868,502983,503896,115,913,8,6000,1.12595837897
502969,502976,504573,7,1597,2,36000,1.00438321853
502981,502989,504630,8,1641,2,36000,1.00487507617
502987,503032,504586,45,1554,2,36000,1.02895752896
503026,503275,505119,249,1844,1,1800,1.13503253796
503031,503039,504661,8,1622,2,36000,1.00493218249
503043,503107,503975,64,868,8,6000,1.07373271889
503093,503100,504681,7,1581,2,36000,1.00442757748
503104,503436,504386,332,950,8,6000,1.34947368421
503432,503524,504409,92,885,8,6000,1.10395480226
503524,503531,505213,7,1682,2,36000,1.00416171225
503530,503607,505263,77,1656,2,36000,1.04649758454
503605,503640,505387,35,1747,2,36000,1.02003434459
503637,503688,505394,51,1706,8,6000,1.02989449004
503685,503696,505408,11,1712,2,36000,1.00642523364
503699,503741,504991,42,1250,8,6000,1.0336
503730,503748,504758,18,1010,8,6000,1.01782178218
503741,503787,504729,46,942,8,6000,1.04883227176
503787,503884,505546,97,1662,2,36000,1.05836341757
503882,503913,505561,31,1648,2,36000,1.01881067961
503910,503920,505548,10,1628,2,36000,1.00614250614
503916,503988,505648,72,1660,2,36000,1.04337349398
503986,503995,505710,9,1715,2,36000,1.00524781341
503993,504002,505572,9,1570,2,36000,1.00573248408
503999,504009,505649,10,1640,2,36000,1.00609756098
504007,504402,505387,395,985,8,6000,1.40101522843
504388,504395,506062,7,1667,2,36000,1.00419916017
504395,504407,506060,12,1653,2,36000,1.00725952813
504406,504420,505416,14,996,8,6000,1.0140562249
504416,504598,505642,182,1044,8,6000,1.17432950192
504601,504744,505723,143,979,8,6000,1.14606741573
504614,628457,800664,123843,172207,36,280800,1.71915195085
504730,504737,506311,7,1574,2,36000,1.00444726811
504734,504770,505733,36,963,8,6000,1.03738317757
504763,504775,506676,12,1901,2,36000,1.00631246712
504775,504781,506408,6,1627,2,36000,1.0036877689
504782,505003,506675,221,1672,2,36000,1.13217703349
505001,505131,506068,130,937,8,6000,1.13874066169
505128,505225,507068,97,1843,2,36000,1.05263157895
505227,505399,506330,172,931,8,6000,1.18474758324
505341,505558,505561,217,3,2,3540,22.0
505389,505406,507239,17,1833,8,6000,1.00927441353
505395,505411,507107,16,1696,2,36000,1.00943396226
505407,505419,507137,12,1718,2,36000,1.00698486612
505419,505431,507137,12,1706,2,36000,1.00703399766
505430,505443,506473,13,1030,8,6000,1.01262135922
505441,505584,506821,143,1237,8,6000,1.11560226354
505583,505656,507350,73,1694,2,36000,1.04309327037
505653,505663,507270,10,1607,2,36000,1.00622277536
505659,505669,507282,10,1613,2,36000,1.00619962802
505667,505724,506668,57,944,8,6000,1.06038135593
505729,505736,506649,7,913,8,6000,1.00766703176
505740,505746,506674,6,928,8,6000,1.00646551724
505751,506080,507081,329,1001,8,6000,1.32867132867
506073,506085,507763,12,1678,2,36000,1.00715137068
506085,506092,507695,7,1603,2,36000,1.00436681223
506089,506342,507251,253,909,8,6000,1.27832783278
506340,506349,508084,9,1735,2,36000,1.00518731988
506347,506419,507970,72,1551,2,36000,1.04642166344
506417,506491,508102,74,1611,2,36000,1.04593420236
506491,506498,508053,7,1555,2,36000,1.00450160772
506495,506666,507526,171,860,8,6000,1.1988372093
506652,506680,507635,28,955,8,6000,1.02931937173
506653,506659,508197,6,1538,2,36000,1.00390117035
506684,506692,507561,8,869,8,6000,1.00920598389
506685,506833,507828,148,995,8,6000,1.14874371859
506825,506838,508617,13,1779,2,36000,1.00730747611
506837,506845,508561,8,1716,2,36000,1.00466200466
506844,506852,508532,8,1680,2,36000,1.00476190476
506849,507093,507983,244,890,8,6000,1.27415730337
507091,507100,508639,9,1539,2,36000,1.00584795322
507096,507256,509258,160,2002,8,6000,1.07992007992
507240,507263,508154,23,891,8,6000,1.02581369248
507241,507248,508903,7,1655,2,36000,1.00422960725
507253,507268,509104,15,1836,2,36000,1.00816993464
507272,507362,508248,90,886,8,6000,1.10158013544
507358,507538,509037,180,1499,2,36000,1.12008005337
507537,507545,509204,8,1659,2,36000,1.00482218204
507540,507579,510670,39,3091,5,14400,1.01261727596
507565,507572,509208,7,1636,2,36000,1.00427872861
507577,507587,509226,10,1639,2,36000,1.00610128127
507584,507594,509195,10,1601,2,36000,1.00624609619
507591,507600,509324,9,1724,2,36000,1.00522041763
507602,507609,510866,7,3257,5,14400,1.00214921707
507614,507621,510653,7,3032,5,14400,1.00230870712
507625,507631,510606,6,2975,5,14400,1.00201680672
507635,507649,511324,14,3675,5,14400,1.00380952381
507635,507642,509241,7,1599,2,36000,1.00437773609
507646,507707,511771,61,4064,5,14400,1.01500984252
507703,507840,510758,137,2918,5,14400,1.04694996573
507836,507848,510835,12,2987,5,14400,1.00401740877
507847,507995,511098,148,3103,5,14400,1.04769577828
507997,508004,511082,7,3078,5,14400,1.00227420403
508007,508114,510964,107,2850,5,14400,1.03754385965
508111,508167,509825,56,1658,2,36000,1.03377563329
508164,508174,511120,10,2946,5,14400,1.00339443313
508170,508181,509879,11,1698,2,36000,1.00647820966
508177,508210,509893,33,1683,2,36000,1.01960784314
508206,508260,511149,54,2889,5,14400,1.01869158879
508257,508535,511536,278,3001,5,14400,1.09263578807
508536,508543,511585,7,3042,5,14400,1.00230111769
508546,508553,511600,7,3047,5,14400,1.00229734165
508549,508560,510175,11,1615,2,36000,1.00681114551
508556,508567,510116,11,1549,2,36000,1.00710135571
508564,508578,510227,14,1649,2,36000,1.00848999394
508576,508629,510318,53,1689,2,36000,1.03137951451
508626,508651,510256,25,1605,2,36000,1.01557632399
508650,508915,511822,265,2907,5,14400,1.09115927073
508917,509049,510731,132,1682,2,36000,1.07847800238
509045,509117,510656,72,1539,2,36000,1.04678362573
509115,509216,512120,101,2904,5,14400,1.03477961433
509213,509231,510947,18,1716,2,36000,1.01048951049
509228,509271,512440,43,3169,5,14400,1.0135689492
509270,509278,512259,8,2981,5,14400,1.0026836632
509281,509837,512928,556,3091,5,14400,1.17987706244
509834,509906,512865,72,2959,5,14400,1.02433254478
509906,510268,513106,362,2838,5,14400,1.12755461593
509906,510134,511812,228,1678,2,36000,1.13587604291
510264,510330,512131,66,1801,2,36000,1.03664630761
510327,510618,513633,291,3015,5,14400,1.09651741294
510614,510665,513681,51,3016,5,14400,1.01690981432
510661,510672,512352,11,1680,2,36000,1.00654761905
510668,510744,512298,76,1554,2,36000,1.04890604891
510743,510774,512526,31,1752,2,36000,1.01769406393
510771,510782,512495,11,1713,2,36000,1.00642148278
510777,510847,512434,70,1587,2,36000,1.04410838059
510847,510855,512527,8,1672,2,36000,1.004784689
510861,510868,513785,7,2917,5,14400,1.00239972575
510871,510878,513790,7,2912,5,14400,1.00240384615
510882,510965,513986,83,3021,5,14400,1.02747434624
510965,510976,513926,11,2950,5,14400,1.00372881356
510972,511094,512814,122,1720,2,36000,1.07093023256
511090,511101,512709,11,1608,2,36000,1.00684079602
511097,511110,512811,13,1701,2,36000,1.0076425632
511109,511118,512702,9,1584,2,36000,1.00568181818
511116,511132,512916,16,1784,2,36000,1.00896860987
511128,511139,512727,11,1588,2,36000,1.00692695214
511135,511146,512677,11,1531,2,36000,1.00718484651
511143,511161,514042,18,2881,5,14400,1.00624783061
511157,511336,512874,179,1538,2,36000,1.11638491547
511336,511343,512947,7,1604,2,36000,1.00436408978
511343,511783,513384,440,1601,2,36000,1.27482823235
511784,511790,513377,6,1587,2,36000,1.00378071834
511788,511798,514042,10,2244,5,14400,1.00445632799
511799,511805,514042,6,2237,5,14400,1.00268216361
511806,511813,513414,7,1601,2,36000,1.00437226733
511810,511820,514043,10,2223,5,14400,1.00449842555
511820,511834,514043,14,2209,5,14400,1.00633770937
511831,512132,514043,301,1911,5,14400,1.15750915751
512128,512143,514043,15,1900,5,14400,1.00789473684
512139,512271,514043,132,1772,5,14400,1.07449209932
512272,512310,513901,38,1591,2,36000,1.02388434947
512309,512365,513983,56,1618,2,36000,1.03461063041
512362,512447,514013,85,1566,2,36000,1.05427841635
512447,512454,514043,7,1589,5,14400,1.00440528634
512452,512507,514042,55,1535,2,36000,1.03583061889
512506,512538,514042,32,1504,2,36000,1.02127659574
512538,512546,514042,8,1496,2,36000,1.00534759358
512545,512689,514042,144,1353,2,36000,1.10643015521
512687,512715,514042,28,1327,2,36000,1.02110022607
512713,512725,514042,12,1317,2,36000,1.00911161731
512724,512827,514043,103,1216,5,14400,1.08470394737
512824,512878,514042,54,1164,2,36000,1.04639175258
512878,512928,514043,50,1115,5,14400,1.04484304933
512879,512885,514043,6,1158,2,36000,1.00518134715
512928,512941,514043,13,1102,2,36000,1.01179673321
512940,513119,514043,179,924,5,14400,1.19372294372
512940,512948,514043,8,1095,2,36000,1.00730593607
513115,513389,514043,274,654,5,14400,1.41896024465
513379,514003,517396,624,3393,1,9000,1.18390804598
513386,513396,514043,10,647,2,36000,1.01545595054
513392,513646,514043,254,397,5,14400,1.63979848866
513644,513653,514043,9,390,2,36000,1.02307692308
513650,513693,514043,43,350,5,14400,1.12285714286
513692,513797,514043,105,246,5,14400,1.42682926829
513795,513804,514043,9,239,5,14400,1.03765690377
513803,513913,514043,110,130,2,36000,1.84615384615
513918,513995,514043,77,48,2,36000,2.60416666667
513918,513938,514043,20,105,5,14400,1.19047619048
513993,514009,514043,16,34,2,36000,1.47058823529
514005,514016,514043,11,27,2,36000,1.40740740741
514012,514025,514043,13,18,2,36000,1.72222222222
514042,514054,516924,12,2870,5,14400,1.00418118467
514053,514063,517074,10,3011,5,14400,1.00332115576
514054,514068,516981,14,2913,5,14400,1.00480604188
514072,514086,517021,14,2935,5,14400,1.00477001704
514072,514081,517248,9,3167,5,14400,1.00284180613
514247,514254,514292,7,38,2,36000,1.18421052632
514249,514262,514299,13,37,2,36000,1.35135135135
514250,514267,514302,17,35,2,36000,1.48571428571
514257,514273,514312,16,39,2,36000,1.41025641026
514264,514279,514316,15,37,2,36000,1.40540540541
514338,514345,516563,7,2218,2,36000,1.00315599639
514340,514353,516111,13,1758,2,36000,1.00739476678
514341,514358,516099,17,1741,2,36000,1.00976450316
514353,514365,516210,12,1845,2,36000,1.00650406504
514355,514371,516087,16,1716,2,36000,1.00932400932
514362,514377,516063,15,1686,2,36000,1.00889679715
514368,514383,516302,15,1919,2,36000,1.00781657113
514375,514390,516201,15,1811,2,36000,1.00828271673
514382,514395,516786,13,2391,2,36000,1.00543705563
514389,514403,516457,14,2054,2,36000,1.00681596884
514396,514408,516807,12,2399,2,36000,1.0050020842
514403,514416,516472,13,2056,2,36000,1.0063229572
514404,514421,516256,17,1835,2,36000,1.00926430518
514411,514428,516261,17,1833,2,36000,1.00927441353
514418,514434,516477,16,2043,2,36000,1.00783162017
514425,514441,516257,16,1816,2,36000,1.00881057269
514432,514446,516444,14,1998,2,36000,1.00700700701
514439,514453,516604,14,2151,2,36000,1.00650860065
514445,514458,516067,13,1609,2,36000,1.00807955252
514452,514466,516598,14,2132,2,36000,1.00656660413
514467,514475,517390,8,2915,5,14400,1.00274442539
514468,514480,517618,12,3138,5,14400,1.00382409178
514479,514487,517353,8,2866,5,14400,1.00279134682
514479,514492,517348,13,2856,5,14400,1.00455182073
514490,514499,517431,9,2932,5,14400,1.00306957708
514500,514507,517478,7,2971,5,14400,1.00235610905
514511,514749,517650,238,2901,5,14400,1.08204067563
514747,514956,517971,209,3015,5,14400,1.06932006633
514952,514963,517965,11,3002,5,14400,1.00366422385
514963,514971,517985,8,3014,5,14400,1.00265428003
514974,514980,519548,6,4568,5,14400,1.00131348511
514984,514990,518116,6,3126,5,14400,1.0019193858
514995,516075,518904,1080,2829,5,14400,1.38176033934
515904,516936,516939,1032,3,2,3540,103.5
516073,516111,520964,38,4853,5,14400,1.00783020812
516108,516122,518163,14,2041,2,36000,1.00685938266
516120,516213,517912,93,1699,2,36000,1.05473808122
516211,516222,518188,11,1966,2,36000,1.00559511699
516222,516269,517972,47,1703,2,36000,1.02759835584
516268,516276,519245,8,2969,5,14400,1.00269450994
516277,516314,518318,37,2004,2,36000,1.01846307385
516315,516456,518176,141,1720,2,36000,1.08197674419
516453,516470,518358,17,1888,2,36000,1.00900423729
516453,516575,519477,122,2902,5,14400,1.04203997243
516574,516610,518370,36,1760,2,36000,1.02045454545
516608,516820,519885,212,3065,5,14400,1.0691680261
516608,516617,518596,9,1979,2,36000,1.00454775139
516819,517360,519232,541,1872,2,36000,1.2889957265
517356,517367,520228,11,2861,5,14400,1.00384480951
517367,517374,520459,7,3085,5,14400,1.00226904376
517376,517383,519169,7,1786,2,36000,1.0039193729
517383,517390,519210,7,1820,2,36000,1.00384615385
517388,517396,520346,8,2950,5,14400,1.00271186441
517395,517404,519330,9,1926,2,36000,1.0046728972
517402,517411,519611,9,2200,2,36000,1.00409090909
517409,517418,520513,9,3095,5,14400,1.00290791599
517409,517423,519456,14,2033,2,36000,1.00688637482
517419,517431,520355,12,2924,5,14400,1.00410396717
517430,517437,520552,7,3115,5,14400,1.00224719101
517437,517445,519369,8,1924,2,36000,1.00415800416
517441,517490,520513,49,3023,5,14400,1.01620906384
517485,517497,519449,12,1952,2,36000,1.00614754098
517492,517631,520647,139,3016,5,14400,1.04608753316
517628,517662,519850,34,2188,2,36000,1.0155393053
517661,517924,519735,263,1811,2,36000,1.14522363335
517920,517985,519849,65,1864,2,36000,1.03487124464
517982,518129,520097,147,1968,2,36000,1.07469512195
518125,518135,520026,10,1891,2,36000,1.0052882073
518137,518144,520991,7,2847,5,14400,1.00245872849
518148,518155,521163,7,3008,5,14400,1.00232712766
518159,518165,521167,6,3002,5,14400,1.00199866755
518164,518176,519856,12,1680,2,36000,1.00714285714
518179,518185,521136,6,2951,5,14400,1.00203320908
518179,518193,519976,14,1783,2,36000,1.00785193494
518190,518370,521267,180,2897,5,14400,1.06213324128
518368,518382,520279,14,1897,2,36000,1.0073800738
518380,518609,520867,229,2258,2,36000,1.10141718335
518606,518917,520955,311,2038,2,36000,1.15260058881
518916,518924,520639,8,1715,2,36000,1.00466472303
518928,519200,522059,272,2859,5,14400,1.0951381602
519197,519222,521035,25,1813,2,36000,1.0137892995
519220,519244,521088,24,1844,2,36000,1.01301518438
519240,519258,521313,18,2055,2,36000,1.00875912409
519255,519342,522260,87,2918,5,14400,1.02981494174
519341,519382,521592,41,2210,2,36000,1.0185520362
519378,519466,522340,88,2874,5,14400,1.03061934586
519467,519475,521210,8,1735,2,36000,1.00461095101
519471,519489,522452,18,2963,5,14400,1.00607492406
519490,519561,521611,71,2050,2,36000,1.03463414634
519559,519623,521230,64,1607,2,36000,1.03982576229
519623,519748,521600,125,1852,2,36000,1.06749460043
519747,519861,522976,114,3115,5,14400,1.03659711075
519858,519868,521582,10,1714,2,36000,1.00583430572
519865,519875,521493,10,1618,2,36000,1.00618046972
519880,519898,521434,18,1536,2,36000,1.01171875
519897,519905,521763,8,1858,2,36000,1.00430570506
519901,520038,523003,137,2965,5,14400,1.04620573356
520034,520109,521917,75,1808,2,36000,1.04148230088
520106,520240,523217,134,2977,5,14400,1.0450117568
520237,520291,522138,54,1847,2,36000,1.02923659989
520291,520358,523496,67,3138,5,14400,1.02135117909
520291,520525,521993,234,1468,2,36000,1.15940054496
520521,520532,522264,11,1732,2,36000,1.00635103926
520536,520542,523808,6,3266,5,14400,1.00183710961
520536,520565,522661,29,2096,2,36000,1.01383587786
520567,520574,523521,7,2947,5,14400,1.00237529691
520578,520585,523497,7,2912,5,14400,1.00240384615
520589,520651,523692,62,3041,5,14400,1.02038803025
520649,520660,522679,11,2019,2,36000,1.0054482417
520661,520880,523786,219,2906,5,14400,1.0753613214
520880,520968,522864,88,1896,2,36000,1.04641350211
520966,520976,522884,10,1908,2,36000,1.00524109015
520978,521003,523988,25,2985,5,14400,1.00837520938
520999,521047,524042,48,2995,5,14400,1.01602671119
521046,521101,522982,55,1881,2,36000,1.02923976608
521099,521148,523030,49,1882,2,36000,1.02603613177
521152,521175,524171,23,2996,5,14400,1.00767690254
521173,521183,524195,10,3012,5,14400,1.00332005312
521184,521223,524163,39,2940,5,14400,1.01326530612
521221,521243,523132,22,1889,2,36000,1.01164637374
521241,521280,523321,39,2041,2,36000,1.01910828025
521277,521326,524208,49,2882,5,14400,1.01700208189
521324,521446,523159,122,1713,2,36000,1.07122008173
521446,521506,523647,60,2141,2,36000,1.02802428772
521502,521604,524570,102,2966,5,14400,1.03438975051
521604,521775,524697,171,2922,5,14400,1.05852156057
521772,521930,524047,158,2117,2,36000,1.07463391592
521929,522006,523791,77,1785,2,36000,1.0431372549
522003,522071,525124,68,3053,5,14400,1.02227317393
522072,522151,524291,79,2140,2,36000,1.03691588785
522151,522273,523763,122,1490,2,36000,1.08187919463
522269,522280,525209,11,2929,5,14400,1.00375554797
522280,522353,525230,73,2877,5,14400,1.02537365311
522352,522464,525521,112,3057,5,14400,1.03663722604
522464,522876,525693,412,2817,5,14400,1.14625488108
522465,522673,525157,208,2484,2,36000,1.08373590982
522872,522896,524675,24,1779,2,36000,1.01349072513
522894,522988,526116,94,3128,5,14400,1.0300511509
522986,523015,526058,29,3043,5,14400,1.00953006901
523014,523022,524590,8,1568,2,36000,1.00510204082
523021,523042,524730,21,1688,2,36000,1.01244075829
523038,523145,524934,107,1789,2,36000,1.05980994969
523038,523230,526251,192,3021,5,14400,1.0635551142
523227,523236,525114,9,1878,2,36000,1.00479233227
523232,523508,526453,276,2945,5,14400,1.09371816638
523508,523515,526432,7,2917,5,14400,1.00239972575
523515,523522,525794,7,2272,2,36000,1.00308098592
523519,523533,526536,14,3003,5,14400,1.00466200466
523530,523704,526576,174,2872,5,14400,1.06058495822
523700,523710,525455,10,1745,2,36000,1.00573065903
523706,523775,526172,69,2397,2,36000,1.02878598248
523775,523798,526695,23,2897,5,14400,1.0079392475
523797,523805,525745,8,1940,2,36000,1.00412371134
523803,524055,525727,252,1672,2,36000,1.15071770335
524053,524062,524918,9,856,8,6000,1.01051401869
524060,524069,525800,9,1731,2,36000,1.00519930676
524067,524076,525858,9,1782,2,36000,1.00505050505
524073,524220,526510,147,2290,2,36000,1.06419213974
524074,524175,525036,101,861,8,6000,1.11730545877
524215,524227,525947,12,1720,2,36000,1.00697674419
524228,524234,525087,6,853,8,6000,1.00703399766
524231,524303,526127,72,1824,2,36000,1.03947368421
524299,524584,525438,285,854,8,6000,1.3337236534
524582,524602,526526,20,1924,2,36000,1.0103950104
524599,524687,526580,88,1893,2,36000,1.04648705758
524684,524710,526687,26,1977,2,36000,1.01315123925
524709,524930,525796,221,866,8,6000,1.25519630485
524930,524937,526800,7,1863,2,36000,1.00375738057
524934,525048,525910,114,862,8,6000,1.13225058005
525046,525055,526676,9,1621,2,36000,1.00555212832
525052,525062,526835,10,1773,2,36000,1.00564015792
525059,525126,526792,67,1666,2,36000,1.04021608643
525126,525136,526995,10,1859,2,36000,1.00537923615
525133,525143,526819,10,1676,2,36000,1.00596658711
525149,525156,526001,7,845,8,6000,1.00828402367
525157,525164,527058,7,1894,2,36000,1.00369588173
525170,525242,526103,72,861,8,6000,1.08362369338
525242,525451,526301,209,850,8,6000,1.24588235294
525446,525534,526472,88,938,8,6000,1.09381663113
525534,525541,527589,7,2048,2,36000,1.00341796875
525539,525739,526656,200,917,8,6000,1.21810250818
525739,525758,527694,19,1936,2,36000,1.00981404959
525754,525809,526673,55,864,8,6000,1.06365740741
525805,525923,526775,118,852,8,6000,1.13849765258
525921,525930,527781,9,1851,2,36000,1.00486223663
525928,525937,527806,9,1869,2,36000,1.00481540931
525935,525943,527943,8,2000,2,36000,1.004
525949,526014,526873,65,859,8,6000,1.075669383
526010,526115,527003,105,888,8,6000,1.11824324324
526112,526121,527824,9,1703,2,36000,1.00528479154
526119,526129,527952,10,1823,2,36000,1.00548546352
526134,526147,527906,13,1759,2,36000,1.00739056282
526134,526142,527019,8,877,8,6000,1.00912200684
526145,526313,527172,168,859,8,6000,1.19557625146
526309,526444,527349,135,905,8,6000,1.14917127072
526442,526465,527338,23,873,8,6000,1.02634593356
526463,526484,527654,21,1170,8,6000,1.01794871795
526481,526522,528385,41,1863,2,36000,1.02200751476
526523,526538,528249,15,1711,2,36000,1.00876680304
526535,526588,527522,53,934,8,6000,1.05674518201
526587,526668,528247,81,1579,8,6000,1.05129829006
526587,526595,528343,8,1748,2,36000,1.00457665904
526666,526676,528537,10,1861,2,36000,1.00537345513
526679,526687,527534,8,847,8,6000,1.00944510035
526687,526694,528638,7,1944,2,36000,1.00360082305
526690,526707,527601,17,894,8,6000,1.01901565996
526704,526792,528619,88,1827,2,36000,1.04816639299
526734,526787,526789,53,2,2,3540,5.5
526793,526804,527661,11,857,8,6000,1.01283547258
526803,526885,527820,82,935,8,6000,1.08770053476
526884,526893,528479,9,1586,2,36000,1.00567465322
526891,526900,528864,9,1964,2,36000,1.00458248473
526896,527015,527879,119,864,8,6000,1.13773148148
527012,527022,528866,10,1844,2,36000,1.00542299349
527019,527032,527902,13,870,8,6000,1.01494252874
527019,527070,528908,51,1838,2,36000,1.02774755169
527070,527184,528927,114,1743,8,6000,1.06540447504
527070,527350,529049,280,1699,2,36000,1.16480282519
527347,527361,528229,14,868,8,6000,1.01612903226
527357,527534,528831,177,1297,8,6000,1.13646877409
527530,527542,529248,12,1706,2,36000,1.00703399766
527541,527549,528648,8,1099,8,6000,1.00727934486
527552,527613,528474,61,861,8,6000,1.07084785134
527612,527620,529321,8,1701,2,36000,1.00470311581
527624,527666,528519,42,853,8,6000,1.04923798359
527666,527673,528524,7,851,8,6000,1.00822561692
527676,527793,528652,117,859,8,6000,1.13620488941
527729,528660,528829,931,169,1,3600,6.50887573964
527789,527832,528729,43,897,8,6000,1.04793756968
527831,527891,528757,60,866,8,6000,1.06928406467
527891,527897,529591,6,1694,2,36000,1.00354191263
527897,527904,529716,7,1812,2,36000,1.00386313466
527902,527914,528832,12,918,8,6000,1.01307189542
527913,528242,529114,329,872,8,6000,1.37729357798
528240,528259,529176,19,917,8,6000,1.02071973828
528258,528266,530167,8,1901,2,36000,1.00420831142
528265,528273,530033,8,1760,2,36000,1.00454545455
528272,528398,529267,126,869,8,6000,1.14499424626
528394,528486,529441,92,955,8,6000,1.09633507853
528486,528493,530497,7,2004,2,36000,1.00349301397
528493,528531,530146,38,1615,2,36000,1.02352941176
528528,528538,529404,10,866,8,6000,1.01154734411
528536,528545,530333,9,1788,2,36000,1.00503355705
528543,528552,530518,9,1966,2,36000,1.00457782299
528549,528650,529507,101,857,8,6000,1.1178529755
528649,528667,530596,18,1929,2,36000,1.00933125972
528666,528674,531178,8,2504,2,36000,1.00319488818
528672,528682,529547,10,865,8,6000,1.01156069364
528682,528741,529601,59,860,8,6000,1.06860465116
528682,528689,530285,7,1596,2,36000,1.00438596491
528741,528747,530390,6,1643,2,36000,1.00365185636
528744,528769,529630,25,861,8,6000,1.02903600465
528765,528843,529716,78,873,8,6000,1.08934707904
528841,528850,530423,9,1573,2,36000,1.00572155118
528847,528877,529739,30,862,8,6000,1.03480278422
528874,528884,530650,10,1766,2,36000,1.00566251416
528888,528939,529808,51,869,8,6000,1.0586881473
528936,528946,530793,10,1847,2,36000,1.00541418517
528942,529061,530871,119,1810,2,36000,1.06574585635
529002,529126,529474,124,348,1,3600,1.35632183908
529062,529188,531137,126,1949,2,36000,1.06464853771
529185,529195,530090,10,895,8,6000,1.01117318436
529193,529202,531153,9,1951,2,36000,1.00461301896
529206,529279,530249,73,970,8,6000,1.07525773196
529276,529286,531162,10,1876,2,36000,1.00533049041
529288,529416,530397,128,981,8,6000,1.13047910296
529415,529423,531086,8,1663,2,36000,1.00481058328
529421,529453,530407,32,954,8,6000,1.03354297694
529452,529519,530379,67,860,8,6000,1.07790697674
529524,529559,530413,35,854,8,6000,1.04098360656
529555,529614,530469,59,855,8,6000,1.06900584795
529614,529620,531586,6,1966,2,36000,1.00305188199
529617,529642,530503,25,861,8,6000,1.02903600465
529638,529728,530652,90,924,8,6000,1.0974025974
529727,529734,531382,7,1648,2,36000,1.00424757282
529730,529751,530617,21,866,8,6000,1.02424942263
529751,529820,530671,69,851,8,6000,1.08108108108
529823,530102,530970,279,868,8,6000,1.32142857143
529825,530426,531267,601,841,1,3600,1.7146254459
530099,530159,531008,60,849,8,6000,1.07067137809
530161,530262,531353,101,1091,8,6000,1.0925756187
530161,530179,531696,18,1517,2,36000,1.01186552406
530262,530297,532577,35,2280,2,36000,1.01535087719
530295,530392,531352,97,960,8,6000,1.10104166667
530392,530399,532515,7,2116,2,36000,1.00330812854
530397,530409,531268,12,859,8,6000,1.01396973225
530408,530419,531268,11,849,8,6000,1.01295641932
530415,530432,532173,17,1741,2,36000,1.00976450316
530429,530439,531293,10,854,8,6000,1.01170960187
530437,530447,532320,10,1873,2,36000,1.0053390283
530444,530509,532385,65,1876,2,36000,1.03464818763
530507,530516,532165,9,1649,2,36000,1.00545785324
530514,530523,532249,9,1726,2,36000,1.00521436848
530521,530530,531472,9,942,8,6000,1.00955414013
530530,530537,532314,7,1777,2,36000,1.00393922341
530542,530630,531542,88,912,8,6000,1.09649122807
530627,530637,532299,10,1662,2,36000,1.00601684717
530635,530665,531533,30,868,8,6000,1.03456221198
530662,530671,532432,9,1761,2,36000,1.00511073254
530676,530682,531539,6,857,8,6000,1.00700116686
530687,530883,531753,196,870,8,6000,1.22528735632
530881,530982,531832,101,850,8,6000,1.11882352941
530983,531021,532883,38,1862,2,36000,1.02040816327
531021,531028,532944,7,1916,2,36000,1.00365344468
531025,531150,532025,125,875,8,6000,1.14285714286
531148,531280,532129,132,849,8,6000,1.1554770318
531281,531294,533104,13,1810,2,36000,1.00718232044
531281,531289,532178,8,889,8,6000,1.00899887514
531292,531484,531659,192,175,1,3600,2.09714285714
531292,531305,532162,13,857,8,6000,1.01516919487
531303,531364,532217,61,853,8,6000,1.0715123095
531360,531371,533209,11,1838,2,36000,1.00598476605
531367,531379,533314,12,1935,2,36000,1.00620155039
531379,531386,533190,7,1804,2,36000,1.00388026608
531385,531394,532271,9,877,8,6000,1.0102622577
531391,531551,533343,160,1792,2,36000,1.08928571429
531548,531558,532416,10,858,8,6000,1.01165501166
531557,531598,533569,41,1971,2,36000,1.02080162354
531598,531709,533462,111,1753,2,36000,1.06332002282
531708,531766,533409,58,1643,2,36000,1.03530127815
531763,531772,532698,9,926,8,6000,1.00971922246
531774,531781,532631,7,850,8,6000,1.00823529412
531784,531791,532713,7,922,8,6000,1.00759219089
531795,531844,532745,49,901,8,6000,1.05438401776
531825,531990,532342,165,352,1,3600,1.46875
531847,532037,532893,190,856,8,6000,1.22196261682
532041,532177,533232,136,1055,8,6000,1.12890995261
532174,532190,533150,16,960,8,6000,1.01666666667
532191,532198,533756,7,1558,2,36000,1.00449293967
532195,532261,533230,66,969,8,6000,1.06811145511
532257,532283,533234,26,951,8,6000,1.02733964248
532282,532312,534112,30,1800,2,36000,1.01666666667
532308,532444,533298,136,854,8,6000,1.15925058548
532441,532725,533586,284,861,8,6000,1.32984901278
532531,532537,532652,6,115,1,3600,1.05217391304
532692,532698,533563,6,865,1,3600,1.00693641618
532726,532895,534709,169,1814,2,36000,1.09316427784
532837,532843,533170,6,327,1,3600,1.01834862385
532889,532905,534814,16,1909,2,36000,1.00838135149
532895,532910,534641,15,1731,2,36000,1.00866551127
532901,533162,534027,261,865,8,6000,1.30173410405
532907,532917,534606,10,1689,2,36000,1.00592066311
532914,532924,534389,10,1465,2,36000,1.00682593857
532947,532957,534877,10,1920,2,36000,1.00520833333
533106,533242,534115,136,873,8,6000,1.15578465063
533157,533249,534106,92,857,8,6000,1.1073512252
533239,533254,534916,15,1662,2,36000,1.00902527076
533246,533267,535114,21,1847,2,36000,1.01136978885
533250,533262,534119,12,857,8,6000,1.01400233372
533260,533310,534160,50,850,8,6000,1.05882352941
533263,533273,535152,10,1879,2,36000,1.00532197978
533301,533326,535170,25,1844,2,36000,1.01355748373
533318,533355,535301,37,1946,2,36000,1.01901336074
533346,533421,535419,75,1998,2,36000,1.03753753754
533410,533474,535269,64,1795,2,36000,1.0356545961
533465,533598,534463,133,865,8,6000,1.15375722543
533573,533582,535778,9,2196,2,36000,1.00409836066
533588,534039,534893,451,854,8,6000,1.5281030445
533638,533645,534246,7,601,1,3600,1.01164725458
533756,533768,535467,12,1699,2,36000,1.00706297822
534027,534119,534979,92,860,8,6000,1.10697674419
534109,534133,535029,24,896,8,6000,1.02678571429
534116,534126,536223,10,2097,2,36000,1.00476871722
534123,534139,535847,16,1708,2,36000,1.0093676815
534130,534146,536518,16,2372,2,36000,1.00674536256
534140,534173,535036,33,863,8,6000,1.0382387022
534145,534152,536031,7,1879,2,36000,1.00372538584
534151,534475,535353,324,878,8,6000,1.36902050114
534172,534721,535591,549,870,8,6000,1.63103448276
534474,534482,536530,8,2048,2,36000,1.00390625
534478,534906,535758,428,852,8,6000,1.50234741784
534759,537026,537139,2267,113,1,3600,21.0619469027
534815,534991,535900,176,909,8,6000,1.19361936194
534905,534912,536663,7,1751,2,36000,1.00399771559
534908,535041,535922,133,881,8,6000,1.15096481271
534929,534935,535053,6,118,1,1800,1.05084745763
534990,534997,536671,7,1674,2,36000,1.00418160096
534990,535048,536013,58,965,8,6000,1.06010362694
535038,535053,536739,15,1686,2,36000,1.00889679715
535045,535126,536974,81,1848,2,36000,1.04383116883
535119,535164,537093,45,1929,2,36000,1.0233281493
535154,535367,536217,213,850,8,6000,1.25058823529
535174,535603,536463,429,860,8,6000,1.4988372093
535353,535360,535467,7,107,1,1800,1.06542056075
535365,535373,537144,8,1771,2,36000,1.00451722191
535372,535380,537368,8,1988,2,36000,1.00402414487
535378,535387,537745,9,2358,2,36000,1.00381679389
535420,535771,536796,351,1025,8,6000,1.34243902439
535598,535609,537662,11,2053,2,36000,1.00535801266
535605,535616,537593,11,1977,2,36000,1.00556398584
535762,535791,537479,29,1688,2,36000,1.01718009479
535779,535859,537694,80,1835,2,36000,1.04359673025
535849,535912,536812,63,900,8,6000,1.07
535905,535934,537554,29,1620,2,36000,1.01790123457
535928,535939,537819,11,1880,2,36000,1.00585106383
535931,536025,536884,94,859,8,6000,1.10942956927
535939,535946,537932,7,1986,2,36000,1.00352467271
535946,535953,537644,7,1691,2,36000,1.00413956239
536023,536229,537156,206,927,8,6000,1.22222222222
536034,536476,537450,442,974,8,6000,1.45379876797
536133,537031,537601,898,570,1,1800,2.57543859649
536228,536808,537763,580,955,8,6000,1.60732984293
536474,536483,539419,9,2936,5,14400,1.0030653951
536522,536531,538543,9,2012,2,36000,1.00447316103
536534,536543,538333,9,1790,2,36000,1.00502793296
536668,536675,538173,7,1498,2,36000,1.0046728972
536669,536829,539898,160,3069,5,14400,1.05213424568
536805,536815,538861,10,2046,2,36000,1.00488758553
536812,536822,538531,10,1709,2,36000,1.00585137507
536812,536896,539764,84,2868,5,14400,1.02928870293
536827,536835,538690,8,1855,2,36000,1.00431266846
536886,536901,538656,15,1755,2,36000,1.00854700855
536894,537015,539937,121,2922,5,14400,1.04140999316
536905,537020,539899,115,2879,5,14400,1.03994442515
537017,537105,540107,88,3002,5,14400,1.02931379081
537101,537156,539428,55,2272,2,36000,1.02420774648
537153,537169,538775,16,1606,2,36000,1.0099626401
537165,537175,539216,10,2041,2,36000,1.00489955904
537171,537183,540193,12,3010,5,14400,1.00398671096
537181,537462,540428,281,2966,5,14400,1.0947403911
537327,537334,537653,7,319,1,3600,1.02194357367
537460,537469,539438,9,1969,2,36000,1.00457084815
537467,537492,540511,25,3019,5,14400,1.00828088771
537488,537656,540665,168,3009,5,14400,1.05583250249
537652,537706,540508,54,2802,5,14400,1.01927194861
537704,537775,540758,71,2983,5,14400,1.02380154207
537774,537781,539492,7,1711,2,36000,1.00409117475
537780,537789,539674,9,1885,2,36000,1.00477453581
537786,537944,540776,158,2832,5,14400,1.05579096045
537939,538543,541445,604,2902,5,14400,1.20813232254
538116,538122,538722,6,600,1,3600,1.01
538541,538555,540530,14,1975,2,36000,1.00708860759
538552,538702,541663,150,2961,5,14400,1.0506585613
538618,538626,538745,8,119,1,1800,1.06722689076
538699,538787,540731,88,1944,2,36000,1.04526748971
538787,539326,542295,539,2969,5,14400,1.18154260694
539076,539082,539196,6,114,1,1800,1.05263157895
539311,539318,539384,7,66,1,1800,1.10606060606
539321,539431,541411,110,1980,2,36000,1.05555555556
539427,539438,541324,11,1886,2,36000,1.00583244963
539434,539445,541277,11,1832,2,36000,1.00600436681
539446,539452,541198,6,1746,2,36000,1.00343642612
539451,539686,542596,235,2910,5,14400,1.08075601375
539686,539777,542670,91,2893,5,14400,1.03145523678
539706,539713,539794,7,81,1,1800,1.08641975309
539774,539911,542020,137,2109,2,36000,1.06495969654
539909,539918,540527,9,609,1,1800,1.01477832512
539910,539947,542948,37,3001,5,14400,1.01232922359
539941,540123,543101,182,2978,5,14400,1.06111484218
540108,540116,542526,8,2410,2,36000,1.00331950207
540120,540206,542232,86,2026,2,36000,1.04244817374
540205,540212,542306,7,2094,2,36000,1.00334288443
540212,540220,542033,8,1813,2,36000,1.00441257584
540217,540441,543430,224,2989,5,14400,1.07494145199
540437,540527,542258,90,1731,2,36000,1.05199306759
540514,540520,543437,6,2917,5,14400,1.00205690778
540524,540542,543357,18,2815,5,14400,1.00639431616
540542,540682,542621,140,1939,2,36000,1.07220216606
540678,540689,543756,11,3067,5,14400,1.00358656668
540679,540694,542467,15,1773,2,36000,1.00846023689
540699,540771,543769,72,2998,5,14400,1.02401601067
540767,540789,542537,22,1748,2,36000,1.01258581236
540785,540795,542775,10,1980,2,36000,1.00505050505
540791,541337,544182,546,2845,5,14400,1.19191564148
540791,540803,543002,12,2199,2,36000,1.00545702592
540801,540809,541115,8,306,1,1800,1.02614379085
541332,541458,544478,126,3020,5,14400,1.0417218543
541454,541465,543229,11,1764,2,36000,1.00623582766
541460,541675,543445,215,1770,2,36000,1.12146892655
541675,541681,543750,6,2069,2,36000,1.00289995167
541680,542045,545069,365,3024,5,14400,1.1207010582
542045,542244,544420,199,2176,2,36000,1.09145220588
542242,542308,545219,66,2911,5,14400,1.02267262109
542308,542314,544357,6,2043,2,36000,1.00293685756
542314,542538,545406,224,2868,5,14400,1.07810320781
542479,542487,542543,8,56,1,1800,1.14285714286
542538,542548,544482,10,1934,2,36000,1.00517063082
542545,542609,544388,64,1779,2,36000,1.035975267
542608,542616,544797,8,2181,2,36000,1.00366804218
542615,542622,544381,7,1759,2,36000,1.00397953383
542620,542682,545524,62,2842,5,14400,1.0218156228
542679,542689,544858,10,2169,2,36000,1.00461041955
542686,542787,544798,101,2011,2,36000,1.05022376927
542784,542990,546104,206,3114,5,14400,1.06615285806
542890,542897,542983,7,86,1,1800,1.08139534884
542989,543114,546024,125,2910,5,14400,1.04295532646
543112,543370,546607,258,3237,5,14400,1.0797034291
543367,543442,546578,75,3136,5,14400,1.02391581633
543439,543449,546423,10,2974,5,14400,1.00336247478
543447,543455,545624,8,2169,2,36000,1.00368833564
543460,543763,546699,303,2936,5,14400,1.10320163488
543762,543770,545633,8,1863,2,36000,1.00429414922
543767,543782,548459,15,4677,5,14400,1.00320718409
543778,544056,547263,278,3207,5,14400,1.08668537574
543980,565280,565573,21300,293,1,1800,73.6962457338
544054,544194,547116,140,2922,5,14400,1.04791238877
544194,544369,546266,175,1897,2,36000,1.09225092251
544368,544393,546314,25,1921,2,36000,1.01301405518
544390,544400,546677,10,2277,2,36000,1.00439174352
544396,544433,546673,37,2240,2,36000,1.01651785714
544429,544490,546342,61,1852,2,36000,1.03293736501
544488,544497,546428,9,1931,2,36000,1.00466079751
544493,544809,547710,316,2901,5,14400,1.10892795588
544807,544815,546791,8,1976,2,36000,1.004048583
544813,544870,547117,57,2247,2,36000,1.02536715621
544867,545081,547113,214,2032,2,36000,1.10531496063
545082,545089,546987,7,1898,2,36000,1.00368809273
545085,545231,548313,146,3082,5,14400,1.04737183647
545228,545419,548324,191,2905,5,14400,1.06574870912
545423,545636,547460,213,1824,2,36000,1.11677631579
545423,545536,548537,113,3001,5,14400,1.03765411529
545632,545645,548071,13,2426,2,36000,1.005358615
545644,546035,547874,391,1839,2,36000,1.21261555193
546035,546043,547984,8,1941,2,36000,1.00412158681
546035,546116,549176,81,3060,5,14400,1.02647058824
546115,546123,548008,8,1885,2,36000,1.00424403183
546121,546278,548224,157,1946,2,36000,1.08067831449
546278,546327,548807,49,2480,2,36000,1.01975806452
546327,546355,548538,28,2183,2,36000,1.01282638571
546352,546435,549444,83,3009,5,14400,1.02758391492
546431,546442,548562,11,2120,2,36000,1.00518867925
546443,546591,548345,148,1754,2,36000,1.08437856328
546587,546619,549566,32,2947,5,14400,1.01085850017
546616,546625,548499,9,1874,2,36000,1.00480256137
546623,546685,548738,62,2053,2,36000,1.03019970774
546681,546692,548660,11,1968,2,36000,1.00558943089
546690,546711,549649,21,2938,5,14400,1.00714771954
546710,546999,549889,289,2890,5,14400,1.1
546996,547128,550149,132,3021,5,14400,1.04369414101
547130,547276,550536,146,3260,5,14400,1.04478527607
547273,547473,551470,200,3997,5,14400,1.05003752815
547469,547723,549634,254,1911,2,36000,1.13291470434
547720,547730,549662,10,1932,2,36000,1.00517598344
547726,547737,549912,11,2175,2,36000,1.00505747126
547733,547887,550100,154,2213,2,36000,1.06958879349
547733,548083,551021,350,2938,5,14400,1.11912865895
548080,548325,551200,245,2875,5,14400,1.0852173913
548322,548331,550954,9,2623,2,36000,1.00343118567
548329,548339,550369,10,2030,2,36000,1.00492610837
548335,548345,550101,10,1756,2,36000,1.00569476082
548336,548472,551432,136,2960,5,14400,1.04594594595
548469,548511,551336,42,2825,5,14400,1.01486725664
548510,548549,551642,39,3093,5,14400,1.01260911736
548551,548750,551769,199,3019,5,14400,1.06591586618
548551,548558,550676,7,2118,2,36000,1.00330500472
548746,549188,552250,442,3062,5,14400,1.14435009798
549184,549456,552458,272,3002,5,14400,1.09060626249
549457,549464,551164,7,1700,2,36000,1.00411764706
549460,549578,552537,118,2959,5,14400,1.03987833728
549578,549647,551366,69,1719,2,36000,1.04013961606
549645,549661,552607,16,2946,5,14400,1.00543109301
549657,549674,551643,17,1969,2,36000,1.00863382428
549674,549901,552192,227,2291,2,36000,1.09908336971
549899,549908,551936,9,2028,2,36000,1.00443786982
549906,549915,552077,9,2162,2,36000,1.00416281221
549911,550114,553011,203,2897,5,14400,1.07007248878
550110,550161,552022,51,1861,2,36000,1.02740462117
550158,550168,552175,10,2007,2,36000,1.00498256104
550166,550548,553469,382,2921,5,14400,1.13077713112
550544,550688,553703,144,3015,5,14400,1.04776119403
550687,551033,553905,346,2872,5,14400,1.1204735376
551033,551040,552978,7,1938,2,36000,1.0036119711
551040,551176,553258,136,2082,2,36000,1.06532180596
551176,551212,553377,36,2165,2,36000,1.01662817552
551209,551218,553372,9,2154,2,36000,1.00417827298
551215,551238,553173,23,1935,2,36000,1.01188630491
551232,551245,553025,13,1780,2,36000,1.00730337079
551244,551348,553460,104,2112,2,36000,1.04924242424
551345,551355,553541,10,2186,2,36000,1.00457456542
551351,551379,553227,28,1848,2,36000,1.01515151515
551379,551445,553391,66,1946,2,36000,1.03391572456
551442,551482,554449,40,2967,5,14400,1.01348163128
551479,551489,554094,10,2605,2,36000,1.00383877159
551494,551654,554849,160,3195,5,14400,1.05007824726
551651,551661,553611,10,1950,2,36000,1.00512820513
551657,551781,554611,124,2830,5,14400,1.04381625442
551777,551787,554051,10,2264,2,36000,1.00441696113
551784,551948,554024,164,2076,2,36000,1.07899807322
551945,552034,553905,89,1871,2,36000,1.04756814538
552035,552262,555251,227,2989,5,14400,1.07594513215
552035,552089,554026,54,1937,2,36000,1.02787816211
552260,552470,556247,210,3777,5,14400,1.05559968229
552471,552478,554326,7,1848,2,36000,1.00378787879
552474,552549,555615,75,3066,5,14400,1.02446183953
552545,552556,554543,11,1987,2,36000,1.0055359839
552552,552619,554608,67,1989,2,36000,1.03368526898
552616,552625,554783,9,2158,2,36000,1.00417052827
552628,553023,556131,395,3108,5,14400,1.12709137709
553020,553030,555389,10,2359,2,36000,1.00423908436
553026,553185,556128,159,2943,5,14400,1.05402650357
553186,553239,555500,53,2261,2,36000,1.02344095533
553240,553270,555319,30,2049,2,36000,1.01464128843
553271,553385,555423,114,2038,2,36000,1.05593719333
553382,553392,555288,10,1896,2,36000,1.0052742616
553394,553481,556393,87,2912,5,14400,1.02987637363
553481,553487,555406,6,1919,2,36000,1.00312662845
553486,553623,556669,137,3046,5,14400,1.04497701904
553619,553715,556646,96,2931,5,14400,1.03275332651
553711,553813,556004,102,2191,2,36000,1.04655408489
553811,553918,555793,107,1875,2,36000,1.05706666667
553916,553924,556961,8,3037,5,14400,1.00263417847
553922,554036,556116,114,2080,2,36000,1.05480769231
554038,554044,556294,6,2250,2,36000,1.00266666667
554045,554063,556163,18,2100,2,36000,1.00857142857
554059,554461,557344,402,2883,5,14400,1.13943808533
554294,565616,578630,11322,13014,1,72000,1.86998616874
554458,554467,556768,9,2301,2,36000,1.00391134289
554464,554474,556579,10,2105,2,36000,1.00475059382
554471,554556,556517,85,1961,2,36000,1.04334523202
554555,554620,556601,65,1981,2,36000,1.03281171126
554619,554627,556449,8,1822,2,36000,1.00439077936
554626,554633,556893,7,2260,2,36000,1.00309734513
554632,554861,557910,229,3049,5,14400,1.07510659233
554781,555805,571988,1024,16183,1,54000,1.06327627758
554857,555264,558205,407,2941,5,14400,1.1383883033
555262,555271,557631,9,2360,2,36000,1.00381355932
555276,555331,558298,55,2967,5,14400,1.01853724301
555327,555435,558436,108,3001,5,14400,1.035988004
555434,555512,558384,78,2872,2,36000,1.02715877437
555508,555628,557559,120,1931,2,36000,1.06214396686
555624,555635,557763,11,2128,2,36000,1.00516917293
555624,555963,558856,339,2893,5,14400,1.11717939855
555961,556128,558994,167,2866,5,14400,1.05826936497
556124,556147,558424,23,2277,2,36000,1.0101010101
556124,556140,559338,16,3198,5,14400,1.00500312695
556145,556175,559446,30,3271,5,14400,1.00917150718
556172,556259,558375,87,2116,2,36000,1.04111531191
556257,556266,558341,9,2075,2,36000,1.0043373494
556263,556306,558330,43,2024,2,36000,1.02124505929
556306,556405,558589,99,2184,2,36000,1.04532967033
556401,556412,558462,11,2050,2,36000,1.00536585366
556410,556530,559518,120,2988,5,14400,1.04016064257
556527,556591,558766,64,2175,2,36000,1.02942528736
556591,556613,558676,22,2063,2,36000,1.01066408143
556613,556658,559603,45,2945,2,36000,1.01528013582
556656,556664,558584,8,1920,2,36000,1.00416666667
556656,556682,559622,26,2940,5,14400,1.00884353741
556683,556690,558474,7,1784,2,36000,1.00392376682
556687,556974,559939,287,2965,5,14400,1.09679595278
556749,582636,582732,25887,96,16,3600,270.65625
556970,556981,560249,11,3268,2,36000,1.00336597307
556977,556988,559687,11,2699,2,36000,1.00407558355
556989,557356,559706,367,2350,2,36000,1.15617021277
557353,557362,559859,9,2497,2,36000,1.00360432519
557359,557571,559473,212,1902,2,36000,1.11146161935
557572,557644,559554,72,1910,2,36000,1.03769633508
557642,557776,560032,134,2256,2,36000,1.05939716312
557773,557922,560317,149,2395,2,36000,1.06221294363
557921,558217,561223,296,3006,5,14400,1.09846972721
558217,558311,561413,94,3102,5,14400,1.0303030303
558310,558343,561601,33,3258,5,14400,1.01012891344
558341,558388,561399,47,3011,5,14400,1.01560943208
558384,558397,560969,13,2572,2,36000,1.00505443235
558396,558436,560276,40,1840,2,36000,1.02173913043
558433,558449,561369,16,2920,5,14400,1.00547945205
558448,558475,560507,27,2032,2,36000,1.01328740157
558471,558487,560296,16,1809,2,36000,1.00884466556
558483,558596,560422,113,1826,2,36000,1.06188389923
558597,558774,561904,177,3130,5,14400,1.05654952077
558770,558781,560729,11,1948,2,36000,1.00564681725
558777,558787,560893,10,2106,2,36000,1.00474833808
558783,559006,560941,223,1935,2,36000,1.11524547804
559003,559013,561035,10,2022,2,36000,1.00494559842
559016,559350,563720,334,4370,5,14400,1.07643020595
559352,559359,561570,7,2211,2,36000,1.00316598824
559359,559459,562218,100,2759,2,36000,1.03624501631
559455,559485,562595,30,3110,5,14400,1.00964630225
559484,559530,561393,46,1863,2,36000,1.02469135802
559527,559567,562354,40,2787,5,14400,1.0143523502
559568,559634,562605,66,2971,5,14400,1.02221474251
559568,559616,561502,48,1886,2,36000,1.02545068929
559630,559871,562890,241,3019,5,14400,1.07982775754
559870,559951,562313,81,2362,2,36000,1.03429297206
559947,560044,563021,97,2977,5,14400,1.03258313739
560042,560051,561754,9,1703,2,36000,1.00528479154
560049,560329,563298,280,2969,5,14400,1.09430784776
560049,560261,562123,212,1862,2,36000,1.11385606874
560325,560519,563387,194,2868,5,14400,1.06764295676
560518,560741,562986,223,2245,2,36000,1.09933184855
560743,560907,562969,164,2062,2,36000,1.07953443259
560905,560953,563045,48,2092,2,36000,1.02294455067
560949,560981,563210,32,2229,2,36000,1.01435621355
560978,561236,564591,258,3355,5,14400,1.07690014903
561233,561381,564504,148,3123,5,14400,1.04739032981
561377,561411,564458,34,3047,5,14400,1.01115851657
561407,561417,563352,10,1935,2,36000,1.00516795866
561408,561425,564314,17,2889,5,14400,1.00588438906
561425,561432,563879,7,2447,2,36000,1.00286064569
561429,561613,564586,184,2973,5,14400,1.06189034645
561613,561916,564799,303,2883,5,14400,1.10509885536
561613,561620,563850,7,2230,2,36000,1.00313901345
561915,561923,563635,8,1712,2,36000,1.0046728972
561919,562230,565168,311,2938,5,14400,1.10585432267
562228,562367,565272,139,2905,5,14400,1.04784853701
562366,562373,564495,7,2122,2,36000,1.00329877474
562371,562607,565737,236,3130,5,14400,1.07539936102
562606,562618,565502,12,2884,5,14400,1.00416088766
562606,562902,564803,296,1901,2,36000,1.15570752236
562898,562908,564998,10,2090,2,36000,1.004784689
562905,562981,565112,76,2131,2,36000,1.03566400751
562979,562998,565601,19,2603,2,36000,1.00729927007
562994,563033,565918,39,2885,5,14400,1.01351819757
563032,563040,565674,8,2634,2,36000,1.00303720577
563036,563235,566141,199,2906,5,14400,1.06847900895
563232,563311,565265,79,1954,2,36000,1.04042988741
563311,563318,565376,7,2058,2,36000,1.00340136054
563318,563364,565152,46,1788,2,36000,1.02572706935
563361,563399,565442,38,2043,2,36000,1.0186000979
563399,563405,565541,6,2136,2,36000,1.00280898876
563404,563733,566721,329,2988,5,14400,1.11010709505
563733,563739,565815,6,2076,2,36000,1.00289017341
563740,563746,565779,6,2033,2,36000,1.00295130349
563746,563862,565842,116,1980,2,36000,1.05858585859
563862,563891,566189,29,2298,2,36000,1.01261966928
563890,564326,566178,436,1852,2,36000,1.23542116631
564322,564333,566627,11,2294,2,36000,1.0047951177
564328,564471,566523,143,2052,2,36000,1.06968810916
564470,564478,566756,8,2278,2,36000,1.0035118525
564477,564485,566423,8,1938,2,36000,1.00412796698
564498,564508,566374,10,1866,2,36000,1.00535905681
564803,564816,567019,13,2203,2,36000,1.00590104403
564999,565006,567629,7,2623,2,36000,1.00266869996
565115,565122,567196,7,2074,2,36000,1.00337512054
565154,565160,567275,6,2115,2,36000,1.00283687943
565265,565272,567463,7,2191,2,36000,1.00319488818
565378,565385,567598,7,2213,2,36000,1.00316312698
565442,565448,567375,6,1927,2,36000,1.00311364816
565542,565548,567438,6,1890,2,36000,1.00317460317
565602,565608,567481,6,1873,2,36000,1.00320341698
565675,565682,567510,7,1828,2,36000,1.00382932166
565783,565789,567751,6,1962,2,36000,1.00305810398
565819,565825,567738,6,1913,2,36000,1.00313643492
565843,565850,567909,7,2059,2,36000,1.0033997086
565872,566154,566435,282,281,1,18000,2.00355871886
565873,566733,567392,860,659,1,18000,2.30500758725
565873,566738,567291,865,553,1,18000,2.56419529837
565873,566447,566784,574,337,1,18000,2.70326409496
565874,566797,567107,923,310,1,18000,3.97741935484
565874,567119,567458,1245,339,1,18000,4.67256637168
565874,567303,567850,1429,547,1,18000,3.61243144424
565875,567404,568803,1529,1399,1,18000,2.0929235168
565875,567612,567906,1737,294,1,18000,6.90816326531
565875,567495,567829,1620,334,1,18000,5.8502994012
565876,567925,568447,2049,522,1,18000,4.92528735632
565876,567841,568083,1965,242,1,18000,9.11983471074
565876,567862,568248,1986,386,1,18000,6.14507772021
565877,568095,568377,2218,282,1,18000,8.86524822695
565877,568261,568522,2384,261,1,18000,10.1340996169
565877,568389,569191,2512,802,1,18000,4.13216957606
566178,566186,568161,8,1975,2,36000,1.00405063291
566194,566201,568437,7,2236,2,36000,1.00313059034
566376,566383,568526,7,2143,2,36000,1.0032664489
566424,566431,568233,7,1802,2,36000,1.0038845727
566524,566531,568446,7,1915,2,36000,1.00365535248
566630,566637,568457,7,1820,2,36000,1.00384615385
566757,566764,568773,7,2009,2,36000,1.00348432056
567019,567026,568885,7,1859,2,36000,1.0037654653
567197,567204,568939,7,1735,2,36000,1.00403458213
567276,567283,569648,7,2365,2,36000,1.00295983087
567375,567382,569475,7,2093,2,36000,1.00334448161
567438,567446,569283,8,1837,2,36000,1.00435492651
567463,567470,569550,7,2080,2,36000,1.00336538462
567481,567488,569594,7,2106,2,36000,1.00332383666
567511,567518,569463,7,1945,2,36000,1.00359897172
567598,567605,569943,7,2338,2,36000,1.00299401198
567629,567635,569740,6,2105,2,36000,1.00285035629
567738,567745,569761,7,2016,2,36000,1.00347222222
567754,567761,569648,7,1887,2,36000,1.00370959194
567911,567918,570181,7,2263,2,36000,1.00309323906
568161,568167,570309,6,2142,2,36000,1.00280112045
568234,568241,570271,7,2030,2,36000,1.00344827586
568436,568443,570357,7,1914,2,36000,1.00365726228
568451,568458,570439,7,1981,2,36000,1.0035335689
568466,568473,570361,7,1888,2,36000,1.00370762712
568527,568534,570759,7,2225,2,36000,1.00314606742
568775,568782,570926,7,2144,2,36000,1.00326492537
568887,568893,571605,6,2712,2,36000,1.00221238938
568941,568947,570668,6,1721,2,36000,1.00348634515
569285,569293,571130,8,1837,2,36000,1.00435492651
569463,569471,571725,8,2254,2,36000,1.00354924579
569478,569486,571340,8,1854,2,36000,1.00431499461
569551,569558,571441,7,1883,2,36000,1.00371747212
569593,569600,571631,7,2031,2,36000,1.00344657804
569649,569656,571425,7,1769,2,36000,1.00395703787
569651,569665,571687,14,2022,2,36000,1.00692383778
569741,569749,571726,8,1977,2,36000,1.00404653515
569763,569770,571650,7,1880,2,36000,1.00372340426
569946,569954,572109,8,2155,2,36000,1.00371229698
570181,570188,572190,7,2002,2,36000,1.0034965035
570272,570279,572156,7,1877,2,36000,1.00372935535
570311,570318,573153,7,2835,2,36000,1.0024691358
570359,570367,572356,8,1989,2,36000,1.00402212167
570361,570376,572371,15,1995,2,36000,1.00751879699
570439,570447,572680,8,2233,2,36000,1.00358262427
570668,570676,572600,8,1924,2,36000,1.00415800416
570759,570765,572863,6,2098,2,36000,1.00285986654
570928,570935,572978,7,2043,2,36000,1.00342633382
571012,571145,574480,133,3335,1,3300,1.03988005997
571130,571137,573085,7,1948,2,36000,1.00359342916
571341,571348,573321,7,1973,2,36000,1.0035478966
571425,571431,573299,6,1868,2,36000,1.00321199143
571443,571450,573259,7,1809,2,36000,1.00386954118
571605,571612,574574,7,2962,2,36000,1.00236326806
571630,571636,573570,6,1934,2,36000,1.00310237849
571652,571659,573692,7,2033,2,36000,1.00344318741
571688,571696,573989,8,2293,2,36000,1.0034888792
571725,571732,573664,7,1932,2,36000,1.00362318841
571726,571739,573775,13,2036,2,36000,1.00638506876
572110,572117,573834,7,1717,2,36000,1.00407687828
572159,572165,574033,6,1868,2,36000,1.00321199143
572192,572199,574467,7,2268,2,36000,1.00308641975
572358,572366,574335,8,1969,2,36000,1.00406297613
572374,572381,574341,7,1960,2,36000,1.00357142857
572600,572608,574829,8,2221,2,36000,1.00360198109
572680,572687,574824,7,2137,2,36000,1.00327562003
572864,572871,574844,7,1973,2,36000,1.0035478966
572980,572987,574970,7,1983,2,36000,1.00353000504
573086,573093,575145,7,2052,2,36000,1.00341130604
573156,573164,575439,8,2275,2,36000,1.00351648352
573262,573269,575143,7,1874,2,36000,1.00373532551
573299,573306,575626,7,2320,2,36000,1.00301724138
573324,573330,575562,6,2232,2,36000,1.00268817204
573573,573580,575906,7,2326,2,36000,1.0030094583
573664,573671,575593,7,1922,2,36000,1.00364203954
573693,573700,575658,7,1958,2,36000,1.00357507661
573776,573789,575757,13,1968,2,36000,1.00660569106
573836,573843,576004,7,2161,2,36000,1.00323924109
573990,573997,575996,7,1999,2,36000,1.00350175088
574033,574040,576393,7,2353,2,36000,1.00297492563
574336,574343,577017,7,2674,2,36000,1.00261780105
574351,574358,576320,7,1962,2,36000,1.00356778797
574470,574477,576431,7,1954,2,36000,1.00358239509
574499,574506,585849,7,11343,1,17700,1.00061712069
574575,574583,576470,8,1887,2,36000,1.00423953365
574826,574833,576671,7,1838,2,36000,1.00380848749
574841,574848,577152,7,2304,2,36000,1.00303819444
574856,574863,576795,7,1932,2,36000,1.00362318841
574970,574978,577715,8,2737,2,36000,1.00292290829
575146,575153,577378,7,2225,2,36000,1.00314606742
575147,575162,576995,15,1833,2,36000,1.00818330606
575159,575608,578728,449,3120,1,36000,1.14391025641
575440,575448,578409,8,2961,2,36000,1.00270178994
575563,575570,577418,7,1848,2,36000,1.00378787879
575593,575600,577675,7,2075,2,36000,1.00337349398
575627,575634,578124,7,2490,2,36000,1.00281124498
575660,575667,578079,7,2412,2,36000,1.00290215589
575759,575766,577907,7,2141,2,36000,1.00326950023
575907,575914,577702,7,1788,2,36000,1.00391498881
575998,576005,578075,7,2070,2,36000,1.00338164251
576013,576020,578088,7,2068,2,36000,1.00338491296
576322,576330,578191,8,1861,2,36000,1.00429876411
576396,576403,578474,7,2071,2,36000,1.00338000966
576432,576439,578699,7,2260,2,36000,1.00309734513
576469,576476,578184,7,1708,2,36000,1.00409836066
576673,576680,578924,7,2244,2,36000,1.00311942959
576797,576804,578951,7,2147,2,36000,1.0032603633
576998,577005,579036,7,2031,2,36000,1.00344657804
577019,577026,578929,7,1903,2,36000,1.00367840252
577152,577159,579357,7,2198,2,36000,1.00318471338
577378,577385,579543,7,2158,2,36000,1.00324374421
577418,577425,579355,7,1930,2,36000,1.00362694301
577678,577685,579745,7,2060,2,36000,1.00339805825
577702,577708,579758,6,2050,2,36000,1.00292682927
577718,577724,580196,6,2472,2,36000,1.00242718447
577908,577915,580157,7,2242,2,36000,1.00312221231
578077,578085,580183,8,2098,2,36000,1.00381315539
578093,578100,580107,7,2007,2,36000,1.00348779273
578095,578106,579949,11,1843,2,36000,1.00596852957
578125,578132,580619,7,2487,2,36000,1.00281463611
578186,578193,580424,7,2231,2,36000,1.00313760645
578201,578208,580453,7,2245,2,36000,1.00311804009
578410,578417,580677,7,2260,2,36000,1.00309734513
578474,578482,580747,8,2265,2,36000,1.00353200883
578701,578708,581476,7,2768,2,36000,1.00252890173
578796,579560,579561,764,1,1,36000,76.5
578925,578932,581083,7,2151,2,36000,1.00325430033
578940,578947,580884,7,1937,2,36000,1.00361383583
578955,578962,581004,7,2042,2,36000,1.00342801175
579036,579043,580962,7,1919,2,36000,1.00364773319
579355,579363,581345,8,1982,2,36000,1.00403632694
579371,579378,581266,7,1888,2,36000,1.00370762712
579545,579552,581935,7,2383,2,36000,1.00293747377
579747,579754,581667,7,1913,2,36000,1.00365917407
579762,579770,581704,8,1934,2,36000,1.00413650465
579949,579957,582009,8,2052,2,36000,1.00389863548
580109,580116,583159,7,3043,2,36000,1.00230036149
580157,580164,582090,7,1926,2,36000,1.0036344756
580184,580191,581966,7,1775,2,36000,1.00394366197
580199,580205,581905,6,1700,2,36000,1.00352941176
580426,580432,583191,6,2759,2,36000,1.00217470098
580456,580463,582762,7,2299,2,36000,1.00304480209
580621,580629,582778,8,2149,2,36000,1.0037226617
580679,580686,583080,7,2394,2,36000,1.00292397661
580748,580754,582716,6,1962,2,36000,1.00305810398
580887,580894,583373,7,2479,2,36000,1.00282371924
580962,580969,582739,7,1770,2,36000,1.00395480226
581004,581011,582929,7,1918,2,36000,1.00364963504
581086,581093,582979,7,1886,2,36000,1.00371155885
581267,581274,583429,7,2155,2,36000,1.00324825986
581348,581355,583687,7,2332,2,36000,1.00300171527
581478,581484,583666,6,2182,2,36000,1.00274977085
581667,581675,583919,8,2244,2,36000,1.00356506239
581707,581713,583682,6,1969,2,36000,1.0030472321
581906,581913,584164,7,2251,2,36000,1.00310972901
581936,581943,584629,7,2686,2,36000,1.00260610573
581966,581973,584483,7,2510,2,36000,1.00278884462
582009,582015,583960,6,1945,2,36000,1.0030848329
582023,582030,582623,7,593,2,7200,1.01180438449
582091,582097,584207,6,2110,2,36000,1.0028436019
582656,582744,586029,88,3285,2,7200,1.02678843227
582717,582723,584770,6,2047,2,36000,1.00293111871
582741,582751,584586,10,1835,2,36000,1.00544959128
582766,582774,584774,8,2000,2,36000,1.004
582782,582789,585500,7,2711,2,36000,1.00258207304
582930,582936,584960,6,2024,2,36000,1.00296442688
582981,582988,584870,7,1882,2,36000,1.0037194474
583081,583088,585535,7,2447,2,36000,1.00286064569
583159,583166,585429,7,2263,2,36000,1.00309323906
583193,583200,585554,7,2354,2,36000,1.00297366185
583373,583379,585271,6,1892,2,36000,1.00317124736
583431,583438,585677,7,2239,2,36000,1.00312639571
583666,583673,585868,7,2195,2,36000,1.00318906606
583684,583691,585996,7,2305,2,36000,1.00303687636
583699,583705,585711,6,2006,2,36000,1.00299102692
583919,583926,585924,7,1998,2,36000,1.0035035035
583962,583968,586175,6,2207,2,36000,1.00271862256
584167,584174,585944,7,1770,2,36000,1.00395480226
584208,584215,586517,7,2302,2,36000,1.00304083406
584486,584493,586555,7,2062,2,36000,1.00339476237
584589,584596,587315,7,2719,2,36000,1.00257447591
584631,584638,586721,7,2083,2,36000,1.00336053769
584770,584777,587155,7,2378,2,36000,1.00294365013
584785,584791,586698,6,1907,2,36000,1.00314630309
584872,584880,587017,8,2137,2,36000,1.00374356575
584960,584967,587252,7,2285,2,36000,1.00306345733
585004,585011,585028,7,17,12,1800,1.41176470588
585155,585161,585854,6,693,12,1800,1.00865800866
585274,585280,587065,6,1785,2,36000,1.00336134454
585430,585437,588468,7,3031,2,36000,1.00230946882
585457,585490,944474,33,358984,1,576000,1.0000919261
585492,585883,1153611,391,567728,1,576000,1.00068871009
585503,585510,587720,7,2210,2,36000,1.00316742081
585536,585543,587366,7,1823,2,36000,1.00383982447
585554,585561,587490,7,1929,2,36000,1.00362882322
585679,585685,587862,6,2177,2,36000,1.00275608636
585713,585719,588094,6,2375,2,36000,1.00252631579
585869,585875,588389,6,2514,2,36000,1.00238663484
585924,585930,587764,6,1834,2,36000,1.00327153762
585945,585952,587921,7,1969,2,36000,1.00355510411
585996,586003,588114,7,2111,2,36000,1.003315964
586058,586064,586864,6,800,4,3600,1.0075
586080,586086,589214,6,3128,8,3600,1.00191815857
586177,586184,588082,7,1898,2,36000,1.00368809273
586434,586441,586466,7,25,1,9000,1.28
586518,586526,588857,8,2331,2,36000,1.00343200343
586557,586563,586969,6,406,6,3540,1.01477832512
586558,586571,588456,13,1885,2,36000,1.00689655172
586696,586981,587108,285,127,12,1800,3.24409448819
586700,586707,589552,7,2845,2,36000,1.00246045694
586722,586728,589717,6,2989,2,36000,1.00200736032
587021,587028,589385,7,2357,2,36000,1.00296987696
587067,587074,589085,7,2011,2,36000,1.0034808553
587078,587085,587639,7,554,1,3540,1.01263537906
587157,587164,589959,7,2795,2,36000,1.00250447227
587183,587190,601612,7,14422,1,14400,1.00048536957
587254,587260,589163,6,1903,2,36000,1.00315291645
587315,587321,589710,6,2389,2,36000,1.00251151109
587366,587374,589740,8,2366,2,36000,1.00338123415
587490,587497,589621,7,2124,2,36000,1.00329566855
587663,587670,588141,7,471,1,3540,1.01486199575
587685,588404,624445,719,36041,1,36000,1.01994950196
587723,587730,590634,7,2904,2,36000,1.00241046832
587765,587771,590026,6,2255,2,36000,1.00266075388
587865,587871,589855,6,1984,2,36000,1.00302419355
587923,587930,589687,7,1757,2,36000,1.00398406375
588089,588097,590406,8,2309,2,36000,1.00346470333
588107,588113,589856,6,1743,2,36000,1.00344234079
588123,588131,590014,8,1883,2,36000,1.00424853956
588390,588396,590815,6,2419,2,36000,1.00248036379
588457,588464,591617,7,3153,2,36000,1.00222010783
588472,588479,590513,7,2034,2,36000,1.00344149459
588861,588868,590687,7,1819,2,36000,1.00384826828
589087,589094,591088,7,1994,2,36000,1.00351053159
589164,589171,590994,7,1823,2,36000,1.00383982447
589388,589394,591384,6,1990,2,36000,1.00301507538
589554,589561,591862,7,2301,2,36000,1.00304215558
589623,589630,591703,7,2073,2,36000,1.00337674867
589689,589695,591885,6,2190,2,36000,1.00273972603
589710,589717,592405,7,2688,2,36000,1.00260416667
589725,589732,591592,7,1860,2,36000,1.00376344086
589742,589749,591773,7,2024,2,36000,1.00345849802
589858,589866,591784,8,1918,2,36000,1.00417101147
589860,589873,592049,13,2176,2,36000,1.00597426471
589962,589969,592370,7,2401,2,36000,1.0029154519
590015,590022,592101,7,2079,2,36000,1.00336700337
590030,590036,592455,6,2419,2,36000,1.00248036379
590409,590417,592578,8,2161,2,36000,1.00370198982
590515,590522,592628,7,2106,2,36000,1.00332383666
590640,590647,592985,7,2338,2,36000,1.00299401198
590690,590697,593149,7,2452,2,36000,1.0028548124
590818,590824,593077,6,2253,2,36000,1.00266311585
590996,591002,592795,6,1793,2,36000,1.0033463469
591091,591098,592971,7,1873,2,36000,1.00373731981
591386,591394,593122,8,1728,2,36000,1.00462962963
591435,591442,591444,7,2,2,3540,1.0
591595,591602,593593,7,1991,2,36000,1.0035158212
591619,591626,594091,7,2465,2,36000,1.00283975659
591704,591711,593986,7,2275,2,36000,1.00307692308
591774,591781,594190,7,2409,2,36000,1.00290577003
591789,591796,593979,7,2183,2,36000,1.00320659643
591867,591874,593797,7,1923,2,36000,1.00364014561
591886,591893,594170,7,2277,2,36000,1.00307422047
592052,592059,594090,7,2031,2,36000,1.00344657804
592105,592111,594076,6,1965,2,36000,1.00305343511
592371,592377,594973,6,2596,2,36000,1.00231124807
592408,592415,594455,7,2040,2,36000,1.00343137255
592457,592464,594716,7,2252,2,36000,1.00310834813
592580,592587,594719,7,2132,2,36000,1.00328330206
592629,592636,594466,7,1830,2,36000,1.00382513661
592796,592802,595207,6,2405,2,36000,1.00249480249
592971,592979,594988,8,2009,2,36000,1.00398208064
592986,592993,595059,7,2066,2,36000,1.00338818974
593077,593083,595113,6,2030,2,36000,1.00295566502
593122,593130,595239,8,2109,2,36000,1.00379326695
593152,593158,595724,6,2566,2,36000,1.00233826968
593593,593600,595584,7,1984,2,36000,1.00352822581
593798,593805,596328,7,2523,2,36000,1.00277447483
593980,593987,596540,7,2553,2,36000,1.00274187231
593998,594004,596427,6,2423,2,36000,1.00247626909
594078,594085,596103,7,2018,2,36000,1.00346878097
594093,594099,596029,6,1930,2,36000,1.00310880829
594095,594107,596517,12,2410,2,36000,1.00497925311
594170,594177,596129,7,1952,2,36000,1.00358606557
594193,594200,596492,7,2292,2,36000,1.00305410122
594456,594462,596888,6,2426,2,36000,1.00247320692
594471,594478,597233,7,2755,2,36000,1.00254083485
594718,594726,597675,8,2949,2,36000,1.00271278399
594720,594733,596913,13,2180,2,36000,1.00596330275
594974,594982,597355,8,2373,2,36000,1.00337126001
594991,594997,597319,6,2322,2,36000,1.00258397933
595060,595067,597249,7,2182,2,36000,1.00320806599
595115,595122,597499,7,2377,2,36000,1.00294488851
595209,595216,597231,7,2015,2,36000,1.00347394541
595239,595245,597312,6,2067,2,36000,1.00290275762
595584,595591,597385,7,1794,2,36000,1.00390189521
595727,595734,597925,7,2191,2,36000,1.00319488818
596032,596039,597928,7,1889,2,36000,1.00370566437
596105,596112,597965,7,1853,2,36000,1.00377765785
596131,596138,598397,7,2259,2,36000,1.00309871625
596330,596337,598851,7,2514,2,36000,1.00278440732
596429,596436,598731,7,2295,2,36000,1.00305010893
596493,596499,598337,6,1838,2,36000,1.00326441785
596521,596529,598549,8,2020,2,36000,1.00396039604
596542,596550,598718,8,2168,2,36000,1.0036900369
596890,596897,598854,7,1957,2,36000,1.00357690342
596917,596923,599026,6,2103,2,36000,1.00285306705
597232,597239,599435,7,2196,2,36000,1.00318761384
597247,597254,599904,7,2650,2,36000,1.00264150943
597263,597269,599118,6,1849,2,36000,1.0032449973
597312,597319,599755,7,2436,2,36000,1.00287356322
597327,597334,599554,7,2220,2,36000,1.00315315315
597355,597362,599145,7,1783,2,36000,1.00392596747
597385,597391,600068,6,2677,2,36000,1.0022413149
597500,597507,599491,7,1984,2,36000,1.00352822581
597675,597682,599532,7,1850,2,36000,1.00378378378
597926,597932,600236,6,2304,2,36000,1.00260416667
597941,597948,600150,7,2202,2,36000,1.00317892825
597967,597974,600255,7,2281,2,36000,1.00306882946
598339,598347,600244,8,1897,2,36000,1.00421718503
598397,598403,600700,6,2297,2,36000,1.00261210274
598551,598558,600640,7,2082,2,36000,1.00336215178
598718,598725,600641,7,1916,2,36000,1.00365344468
598734,598741,600749,7,2008,2,36000,1.00348605578
598852,598859,600943,7,2084,2,36000,1.00335892514
598867,598874,600701,7,1827,2,36000,1.00383141762
599031,599038,600873,7,1835,2,36000,1.0038147139
599119,599126,601149,7,2023,2,36000,1.00346020761
599146,599153,601289,7,2136,2,36000,1.00327715356
599436,599443,601785,7,2342,2,36000,1.00298889838
599491,599497,601641,6,2144,2,36000,1.00279850746
599533,599539,601654,6,2115,2,36000,1.00283687943
599554,599561,602115,7,2554,2,36000,1.00274079875
599754,599761,602107,7,2346,2,36000,1.00298380222
599905,599911,602209,6,2298,2,36000,1.00261096606
600068,600074,602086,6,2012,2,36000,1.00298210736
600152,600159,602262,7,2103,2,36000,1.00332857822
600236,600243,602352,7,2109,2,36000,1.00331910858
600251,600258,602742,7,2484,2,36000,1.00281803543
600268,600275,602267,7,1992,2,36000,1.00351405622
600641,600648,603015,7,2367,2,36000,1.00295732995
600643,600655,603111,12,2456,2,36000,1.00488599349
600700,600707,602639,7,1932,2,36000,1.00362318841
600715,600722,602932,7,2210,2,36000,1.00316742081
600749,600756,603135,7,2379,2,36000,1.00294241278
600872,600880,602891,8,2011,2,36000,1.00397812034
600945,600952,602787,7,1835,2,36000,1.0038147139
601150,601157,604248,7,3091,2,36000,1.00226463928
601289,601296,603333,7,2037,2,36000,1.00343642612
601642,601649,603736,7,2087,2,36000,1.00335409679
601657,601663,603634,6,1971,2,36000,1.00304414003
601787,601793,604078,6,2285,2,36000,1.00262582057
602088,602094,604221,6,2127,2,36000,1.00282087447
602109,602117,604064,8,1947,2,36000,1.00410888546
602124,602132,603918,8,1786,2,36000,1.00447928331
602209,602215,603859,6,1644,2,36000,1.00364963504
602263,602269,604598,6,2329,2,36000,1.00257621297
602278,602285,604298,7,2013,2,36000,1.00347739692
602336,602342,602345,6,3,2,3540,1.0
602351,602358,604327,7,1969,2,36000,1.00355510411
602640,602647,605096,7,2449,2,36000,1.00285830951
602742,602749,605263,7,2514,2,36000,1.00278440732
602788,602794,605191,6,2397,2,36000,1.00250312891
602893,602901,604864,8,1963,2,36000,1.0040753948
602933,602940,605279,7,2339,2,36000,1.00299273194
603017,603024,605461,7,2437,2,36000,1.00287238408
603114,603121,605444,7,2323,2,36000,1.00301334481
603138,603144,605076,6,1932,2,36000,1.00310559006
603334,603340,605793,6,2453,2,36000,1.00244598451
603635,603642,605567,7,1925,2,36000,1.00363636364
603738,603745,605751,7,2006,2,36000,1.00348953141
603861,603867,607115,6,3248,2,36000,1.00184729064
603919,603925,605909,6,1984,2,36000,1.00302419355
604066,604072,606133,6,2061,2,36000,1.00291120815
604081,604087,606518,6,2431,2,36000,1.00246812012
604223,604229,606122,6,1893,2,36000,1.00316957211
604250,604256,606211,6,1955,2,36000,1.00306905371
604299,604305,606666,6,2361,2,36000,1.00254129606
604329,604335,606346,6,2011,2,36000,1.00298359025
604600,604607,606708,7,2101,2,36000,1.00333174679
