SubmitTime,StartTime,EndTime,QueuedTime,RunTime,NodesRequested,walltime,bslowdown
112,118,2928,6,2810,5,3600,1.00213523132
122,128,2536,6,2408,5,3600,1.00249169435
133,154,2915,21,2761,5,3600,1.00760593988
154,208,2698,54,2490,5,3600,1.02168674699
205,264,2992,59,2728,5,3600,1.02162756598
267,379,2937,112,2558,5,3600,1.04378420641
379,500,2905,121,2405,5,3600,1.05031185031
502,729,3264,227,2535,5,3600,1.08954635108
726,782,2960,56,2178,5,3600,1.02571166208
778,814,3231,36,2417,5,3600,1.01489449731
819,905,3277,86,2372,5,3600,1.03625632378
901,991,3500,90,2509,5,3600,1.03587086489
993,1003,3572,10,2569,5,3600,1.0038925652
1004,1031,3388,27,2357,5,3600,1.01145523971
1035,1076,3292,41,2216,5,3600,1.01850180505
1076,1104,3279,28,2175,5,3600,1.01287356322
1107,1139,4011,32,2872,5,3600,1.01114206128
1138,1286,4071,148,2785,5,3600,1.05314183124
1291,1297,3695,6,2398,5,3600,1.00250208507
1302,1325,3687,23,2362,5,3600,1.00973751058
1323,1359,3807,36,2448,5,3600,1.01470588235
1364,1453,3913,89,2460,5,3600,1.03617886179
1456,1462,3865,6,2403,5,3600,1.0024968789
1467,1515,3773,48,2258,5,3600,1.02125775022
1518,1565,3921,47,2356,5,3600,1.01994906621
1570,1622,4101,52,2479,5,3600,1.02097620008
1621,1705,4365,84,2660,5,3600,1.03157894737
1703,1713,3958,10,2245,5,3600,1.00445434298
1714,1762,4214,48,2452,5,3600,1.01957585644
1765,1785,4385,20,2600,5,3600,1.00769230769
1786,1816,4208,30,2392,5,3600,1.01254180602
1817,1824,4245,7,2421,5,3600,1.0028913672
1828,1852,4176,24,2324,5,3600,1.01032702238
1849,1892,4212,43,2320,5,3600,1.01853448276
1890,1926,4282,36,2356,5,3600,1.01528013582
1931,1937,4270,6,2333,5,3600,1.00257179597
1942,2129,4445,187,2316,5,3600,1.08074265976
2125,2135,4860,10,2725,5,3600,1.00366972477
2136,2191,4339,55,2148,5,3600,1.02560521415
2187,2491,5230,304,2739,5,3600,1.11098941219
2494,2548,5110,54,2562,5,3600,1.02107728337
2545,2667,5065,122,2398,5,3600,1.05087572977
2668,2709,5501,41,2792,5,3600,1.01468481375
2709,2809,5367,100,2558,5,3600,1.03909304144
2811,2827,5259,16,2432,5,3600,1.00657894737
2832,2916,5223,84,2307,5,3600,1.03641092328
2914,2927,5295,13,2368,5,3600,1.00548986486
2925,2939,5306,14,2367,5,3600,1.00591465991
2935,2948,5163,13,2215,5,3600,1.00586907449
2946,2971,5696,25,2725,5,3600,1.00917431193
2967,3003,5368,36,2365,5,3600,1.01522198732
3008,3242,6016,234,2774,5,3600,1.08435472242
3243,3275,5514,32,2239,5,3600,1.01429209469
3274,3288,5460,14,2172,5,3600,1.00644567219
3285,3294,5981,9,2687,5,3600,1.00334946036
3295,3303,5555,8,2252,5,3600,1.00355239787
3306,3399,5773,93,2374,5,3600,1.03917438922
3398,3511,6290,113,2779,5,3600,1.04066210867
3511,3583,5895,72,2312,5,3600,1.03114186851
3583,3699,5993,116,2294,5,3600,1.05056669573
3695,3706,6149,11,2443,5,3600,1.00450266066
3706,3784,6349,78,2565,5,3600,1.03040935673
3788,3818,6075,30,2257,5,3600,1.01329198051
3819,3876,6128,57,2252,5,3600,1.02531083481
3881,3924,6315,43,2391,5,3600,1.01798410707
3922,3932,6419,10,2487,5,3600,1.00402090873
3932,3969,6439,37,2470,5,3600,1.01497975709
3974,4022,6451,48,2429,5,3600,1.01976121861
4025,4082,6764,57,2682,5,3600,1.02125279642
4087,4112,6486,25,2374,5,3600,1.01053074979
4107,4187,6627,80,2440,5,3600,1.03278688525
4189,4219,6573,30,2354,5,3600,1.01274426508
4220,4226,6581,6,2355,5,3600,1.0025477707
4231,4237,6681,6,2444,5,3600,1.00245499182
4241,4256,6935,15,2679,5,3600,1.00559910414
4252,4281,6678,29,2397,5,3600,1.0120984564
4283,4293,6665,10,2372,5,3600,1.0042158516
4294,4351,6748,57,2397,5,3600,1.02377972466
4355,4376,6863,21,2487,5,3600,1.00844390832
4376,4396,7067,20,2671,5,3600,1.00748783227
4398,4456,6772,58,2316,5,3600,1.02504317789
4460,4871,7224,411,2353,5,3600,1.17467063323
4868,5077,7463,209,2386,5,3600,1.08759430008
5073,5121,7892,48,2771,5,3600,1.01732226633
5124,5174,7505,50,2331,5,3600,1.02145002145
5175,5234,8038,59,2804,5,3600,1.02104136947
5237,5243,7950,6,2707,5,3600,1.0022164758
5247,5270,8001,23,2731,5,3600,1.00842182351
5268,5306,8136,38,2830,5,3600,1.01342756184
5309,5317,8123,8,2806,5,3600,1.0028510335
5320,5378,8341,58,2963,5,3600,1.01957475532
5382,5388,8167,6,2779,5,3600,1.00215905002
5392,5471,8228,79,2757,5,3600,1.02865433442
5474,5512,8399,38,2887,5,3600,1.01316245237
5516,5526,8227,10,2701,5,3600,1.00370233247
5526,5566,8320,40,2754,5,3600,1.01452432825
5567,5707,8422,140,2715,5,3600,1.05156537753
5710,5785,8515,75,2730,5,3600,1.02747252747
5782,5906,8864,124,2958,5,3600,1.04192021636
5905,5992,8475,87,2483,5,3600,1.03503826017
5997,6004,8667,7,2663,5,3600,1.00262861434
6008,6027,8780,19,2753,5,3600,1.00690156193
6029,6086,9060,57,2974,5,3600,1.01916610625
6090,6140,8951,50,2811,5,3600,1.01778726432
6141,6161,9048,20,2887,5,3600,1.00692760651
6162,6301,8932,139,2631,5,3600,1.05283162296
6305,6327,8726,22,2399,5,3600,1.0091704877
6326,6360,9334,34,2974,5,3600,1.01143241426
6357,6430,9142,73,2712,5,3600,1.02691740413
6429,6451,9256,22,2805,5,3600,1.00784313725
6450,6463,9125,13,2662,5,3600,1.00488354621
6460,6498,8884,38,2386,5,3600,1.01592623638
6502,6538,9316,36,2778,5,3600,1.01295896328
6543,6584,9232,41,2648,5,3600,1.01548338369
6584,6592,8910,8,2318,5,3600,1.00345125108
6595,6638,9490,43,2852,5,3600,1.01507713885
6636,6677,9019,41,2342,5,3600,1.01750640478
6677,6689,9488,12,2799,5,3600,1.00428724544
6688,6695,9195,7,2500,5,3600,1.0028
6698,6759,9433,61,2674,5,3600,1.02281226627
6760,6775,9635,15,2860,5,3600,1.00524475524
6770,6784,9280,14,2496,5,3600,1.00560897436
6781,6874,9731,93,2857,5,3600,1.03255162758
6873,6946,9793,73,2847,5,3600,1.02564102564
6945,7079,9943,134,2864,5,3600,1.0467877095
7078,7235,10055,157,2820,5,3600,1.05567375887
7231,7475,9772,244,2297,5,3600,1.10622551154
7476,7516,10177,40,2661,5,3600,1.01503194288
7518,7903,10848,385,2945,5,3600,1.13073005093
7905,7961,10293,56,2332,5,3600,1.02401372213
7957,8012,10877,55,2865,5,3600,1.01919720768
8008,8049,10777,41,2728,5,3600,1.01502932551
8049,8134,10502,85,2368,5,3600,1.03589527027
8133,8147,10712,14,2565,5,3600,1.00545808967
8143,8178,11122,35,2944,5,3600,1.01188858696
8174,8238,10573,64,2335,5,3600,1.02740899358
8238,8245,10531,7,2286,5,3600,1.00306211724
8248,8332,11060,84,2728,5,3600,1.03079178886
8330,8352,11187,22,2835,5,3600,1.00776014109
8351,8411,11265,60,2854,5,3600,1.02102312544
8413,8433,11029,20,2596,5,3600,1.00770416025
8433,8487,11287,54,2800,5,3600,1.01928571429
8485,8526,11375,41,2849,5,3600,1.01439101439
8526,8679,11550,153,2871,5,3600,1.05329153605
8679,8737,11473,58,2736,5,3600,1.02119883041
8741,8791,11414,50,2623,5,3600,1.01906214258
8792,8875,11719,83,2844,5,3600,1.02918424754
8874,8895,11618,21,2723,5,3600,1.00771208226
8895,8922,11321,27,2399,5,3600,1.01125468945
8926,8943,11755,17,2812,5,3600,1.0060455192
8947,8962,11384,15,2422,5,3600,1.00619322874
8958,9030,11767,72,2737,5,3600,1.02630617464
9029,9059,12244,30,3185,5,3600,1.00941915228
9061,9071,12001,10,2930,5,3600,1.00341296928
9071,9137,11960,66,2823,5,3600,1.02337938363
9133,9153,12225,20,3072,5,3600,1.00651041667
9154,9206,11578,52,2372,5,3600,1.02192242833
9205,9244,11723,39,2479,5,3600,1.01573215006
9246,9267,11939,21,2672,5,3600,1.00785928144
9267,9291,12148,24,2857,5,3600,1.00840042002
9288,9328,11832,40,2504,5,3600,1.01597444089
9329,9345,12015,16,2670,5,3600,1.00599250936
9350,9444,12233,94,2789,5,3600,1.0337038365
9442,9499,12222,57,2723,5,3600,1.02093279471
9504,9510,12035,6,2525,5,3600,1.00237623762
9514,9646,12411,132,2765,5,3600,1.04773960217
9647,9743,12179,96,2436,5,3600,1.039408867
9739,9784,12806,45,3022,5,3600,1.01489080079
9780,9805,12676,25,2871,5,3600,1.00870776733
9801,9954,12663,153,2709,5,3600,1.05647840532
9955,10066,12743,111,2677,5,3600,1.04146432574
10067,10188,12694,121,2506,5,3600,1.04828411812
10190,10304,13158,114,2854,5,3600,1.03994393833
10302,10513,12980,211,2467,5,3600,1.08552898257
10517,10542,13271,25,2729,5,3600,1.00916086479
10537,10584,13079,47,2495,5,3600,1.01883767535
10589,10723,13144,134,2421,5,3600,1.05534902933
10722,10788,13721,66,2933,5,3600,1.02250255711
10784,10859,13668,75,2809,5,3600,1.0266998932
10855,10889,13594,34,2705,5,3600,1.01256931608
10886,11041,13613,155,2572,5,3600,1.06026438569
11040,11071,13494,31,2423,5,3600,1.01279405695
11071,11133,13683,62,2550,5,3600,1.02431372549
11132,11198,14084,66,2886,5,3600,1.02286902287
11194,11276,14056,82,2780,5,3600,1.02949640288
11276,11299,14098,23,2799,5,3600,1.00821722044
11297,11333,14007,36,2674,5,3600,1.01346297681
11338,11386,14004,48,2618,5,3600,1.01833460657
11389,11395,14159,6,2764,5,3600,1.002170767
11400,11425,13762,25,2337,5,3600,1.0106974754
11421,11485,14144,64,2659,5,3600,1.02406919895
11482,11561,14145,79,2584,5,3600,1.03057275542
11564,11590,14398,26,2808,5,3600,1.00925925926
11595,11629,14499,34,2870,5,3600,1.0118466899
11626,11730,14003,104,2273,5,3600,1.04575450946
11730,11736,14581,6,2845,5,3600,1.00210896309
11741,11766,14552,25,2786,5,3600,1.00897343862
11762,11778,14309,16,2531,5,3600,1.00632161201
11782,11844,14631,62,2787,5,3600,1.02224614281
11845,11950,14678,105,2728,5,3600,1.03848973607
11947,11971,14979,24,3008,5,3600,1.0079787234
11968,12012,14796,44,2784,5,3600,1.0158045977
12009,12026,14789,17,2763,5,3600,1.00615273254
12030,12046,14709,16,2663,5,3600,1.00600826136
12051,12160,14742,109,2582,5,3600,1.04221533695
12163,12191,14980,28,2789,5,3600,1.01003944066
12194,12234,15005,40,2771,5,3600,1.01443522194
12236,12242,15122,6,2880,5,3600,1.00208333333
12246,12252,15248,6,2996,5,3600,1.00200267023
12257,12263,14659,6,2396,5,3600,1.00250417362
12268,12422,15216,154,2794,5,3600,1.05511811024
12422,12674,15447,252,2773,5,3600,1.09087630725
12677,12688,15756,11,3068,5,3600,1.00358539765
12688,12705,15482,17,2777,5,3600,1.00612171408
12709,12755,15546,46,2791,5,3600,1.01648154783
12760,12817,15364,57,2547,5,3600,1.02237926973
12822,12992,15530,170,2538,5,3600,1.06698187549
12996,13090,15958,94,2868,5,3600,1.03277545328
13088,13155,15923,67,2768,5,3600,1.02420520231
13150,13169,15861,19,2692,5,3600,1.00705794948
13171,13257,16052,86,2795,5,3600,1.03076923077
13253,13263,15673,10,2410,5,3600,1.00414937759
13264,13282,16084,18,2802,5,3600,1.00642398287
13285,13505,16047,220,2542,5,3600,1.08654602675
13509,13606,15831,97,2225,5,3600,1.04359550562
13602,13624,16451,22,2827,5,3600,1.00778210117
13623,13679,16002,56,2323,5,3600,1.0241067585
13674,13694,16316,20,2622,5,3600,1.00762776506
13695,13732,16113,37,2381,5,3600,1.01553968921
13736,13773,16478,37,2705,5,3600,1.01367837338
13778,14014,16819,236,2805,5,3600,1.08413547237
14014,14020,16754,6,2734,5,3600,1.00219458669
14024,14030,16738,6,2708,5,3600,1.00221565731
14035,14067,17068,32,3001,5,3600,1.0106631123
14066,14095,17106,29,3011,5,3600,1.00963135171
14097,14109,16909,12,2800,5,3600,1.00428571429
14108,14155,16533,47,2378,5,3600,1.01976450799
14159,14166,16860,7,2694,5,3600,1.00259836674
14170,14176,17051,6,2875,5,3600,1.00208695652
14181,14320,16654,139,2334,5,3600,1.05955441302
14324,14409,17223,85,2814,5,3600,1.0302061123
14406,14511,17006,105,2495,5,3600,1.04208416834
14509,14563,16831,54,2268,5,3600,1.02380952381
14560,14592,17017,32,2425,5,3600,1.01319587629
14591,14642,17677,51,3035,5,3600,1.01680395387
14642,14670,16965,28,2295,5,3600,1.01220043573
14673,14689,17011,16,2322,5,3600,1.00689061154
14694,14720,17435,26,2715,5,3600,1.00957642726
14725,14754,17536,29,2782,5,3600,1.01042415528
14756,14801,17646,45,2845,5,3600,1.0158172232
14798,14807,17606,9,2799,5,3600,1.00321543408
14808,14991,17948,183,2957,5,3600,1.06188704768
14993,14999,17680,6,2681,5,3600,1.00223797091
15004,15016,17885,12,2869,5,3600,1.00418264204
15014,15133,17972,119,2839,5,3600,1.04191616766
15137,15227,18024,90,2797,5,3600,1.03217733286
15229,15259,17833,30,2574,5,3600,1.01165501166
15260,15375,18017,115,2642,5,3600,1.04352763058
15373,15458,17800,85,2342,5,3600,1.03629376601
15455,15493,18192,38,2699,5,3600,1.01407928863
15496,15542,18264,46,2722,5,3600,1.01689933872
15547,15557,18263,10,2706,5,3600,1.0036954915
15558,15684,18662,126,2978,5,3600,1.04231027535
15681,15767,18514,86,2747,5,3600,1.03130688023
15763,15842,18518,79,2676,5,3600,1.02952167414
15845,15872,18946,27,3074,5,3600,1.00878334418
15876,15934,18416,58,2482,5,3600,1.02336825141
15938,15969,18384,31,2415,5,3600,1.01283643892
15969,16014,18819,45,2805,5,3600,1.01604278075
16010,16058,18933,48,2875,5,3600,1.01669565217
16062,16070,18658,8,2588,5,3600,1.00309119011
16072,16095,18796,23,2701,5,3600,1.00851536468
16093,16125,18846,32,2721,5,3600,1.01176038221
16124,16327,19169,203,2842,5,3600,1.07142857143
16328,16463,18944,135,2481,5,3600,1.05441354293
16462,16489,19248,27,2759,5,3600,1.0097861544
16493,16544,18952,51,2408,5,3600,1.02117940199
16544,16665,19742,121,3077,5,3600,1.0393240169
16667,16749,19350,82,2601,5,3600,1.03152633602
16750,16765,19560,15,2795,5,3600,1.0053667263
16760,16830,19568,70,2738,5,3600,1.02556610665
16832,16842,19394,10,2552,5,3600,1.0039184953
16843,16871,20060,28,3189,5,3600,1.00878018188
16874,16921,19460,47,2539,5,3600,1.01851122489
16925,16977,19817,52,2840,5,3600,1.01830985915
16977,17017,19646,40,2629,5,3600,1.01521491061
17018,17024,19337,6,2313,5,3600,1.00259403372
17029,17035,19902,6,2867,5,3600,1.00209277991
17039,17062,19778,23,2716,5,3600,1.00846833579
17060,17079,19918,19,2839,5,3600,1.00669249736
17081,17117,19702,36,2585,5,3600,1.01392649903
17112,17234,19748,122,2514,5,3600,1.04852824185
17235,17446,20070,211,2624,5,3600,1.08041158537
17450,17547,20452,97,2905,5,3600,1.03339070568
17552,17617,20416,65,2799,5,3600,1.02322257949
17614,17657,20504,43,2847,5,3600,1.01510361784
17655,17688,20281,33,2593,5,3600,1.01272657154
17686,17694,20417,8,2723,5,3600,1.0029379361
17697,17811,20700,114,2889,5,3600,1.03946002077
17810,17844,20235,34,2391,5,3600,1.01421999164
17841,17896,20700,55,2804,5,3600,1.01961483595
17892,17959,20669,67,2710,5,3600,1.02472324723
17964,17983,20749,19,2766,5,3600,1.00686912509
17985,18028,20847,43,2819,5,3600,1.01525363604
18026,18035,20399,9,2364,5,3600,1.0038071066
18037,18204,20945,167,2741,5,3600,1.0609266691
18200,18274,20822,74,2548,5,3600,1.02904238619
18272,18280,20676,8,2396,5,3600,1.00333889816
18282,18396,21172,114,2776,5,3600,1.04106628242
18395,18427,21084,32,2657,5,3600,1.01204365826
18426,18526,21302,100,2776,5,3600,1.03602305476
18528,18534,21316,6,2782,5,3600,1.00215672178
18539,18669,21418,130,2749,5,3600,1.04728992361
18672,18678,21231,6,2553,5,3600,1.00235017626
18682,18807,21495,125,2688,5,3600,1.04650297619
18805,18830,21660,25,2830,5,3600,1.00883392226
18826,18857,21592,31,2735,5,3600,1.0113345521
18857,18944,21776,87,2832,5,3600,1.03072033898
18949,18955,21855,6,2900,5,3600,1.00206896552
18960,18966,21388,6,2422,5,3600,1.00247729149
18970,18977,21718,7,2741,5,3600,1.00255381248
18981,19181,22010,200,2829,5,3600,1.07069635914
19186,19259,22363,73,3104,5,3600,1.02351804124
19258,19349,22176,91,2827,5,3600,1.03218960028
19350,19361,22132,11,2771,5,3600,1.00396968603
19361,19405,21841,44,2436,5,3600,1.01806239737
19402,19471,21764,69,2293,5,3600,1.03009158308
19474,19571,22355,97,2784,5,3600,1.03484195402
19576,19582,22259,6,2677,5,3600,1.0022413149
19587,19658,22614,71,2956,5,3600,1.02401894452
19659,19713,22442,54,2729,5,3600,1.01978746794
19711,19753,22101,42,2348,5,3600,1.01788756388
19752,19759,22486,7,2727,5,3600,1.00256692336
19762,19789,22298,27,2509,5,3600,1.01076125947
19794,19828,22193,34,2365,5,3600,1.01437632135
19825,19914,22854,89,2940,5,3600,1.03027210884
19917,19930,22297,13,2367,5,3600,1.0054921842
19927,19936,19976,9,40,1,1800,1.225
19928,20071,22527,143,2456,5,3600,1.0582247557
20071,20081,22452,10,2371,5,3600,1.00421762969
20082,20246,22946,164,2700,5,3600,1.06074074074
20219,20226,20340,7,114,1,1800,1.06140350877
20246,20292,23134,46,2842,5,3600,1.01618578466
20262,20350,20425,88,75,1,1800,2.17333333333
20297,20410,22856,113,2446,5,3600,1.04619787408
20410,20427,23183,17,2756,5,3600,1.00616835994
20431,20437,23432,6,2995,5,3600,1.0020033389
20442,20464,23276,22,2812,5,3600,1.00782361309
20462,20515,23265,53,2750,5,3600,1.01927272727
20514,20680,22983,166,2303,5,3600,1.07207989579
20648,20655,20752,7,97,1,1800,1.07216494845
20677,20688,23221,11,2533,5,3600,1.00434267667
20688,20711,23658,23,2947,5,3600,1.007804547
20709,20717,23100,8,2383,5,3600,1.00335711288
20720,20760,23645,40,2885,5,3600,1.01386481802
20761,20834,23331,73,2497,5,3600,1.0292350821
20833,20858,23090,25,2232,5,3600,1.01120071685
20854,20960,23447,106,2487,5,3600,1.04262163249
20948,20954,21188,6,234,1,1800,1.02564102564
20956,21095,23858,139,2763,5,3600,1.05030763663
21100,21183,23500,83,2317,5,3600,1.03582218386
21182,21242,23543,60,2301,5,3600,1.0260756193
21244,21314,23972,70,2658,5,3600,1.02633559067
21316,21327,23989,11,2662,5,3600,1.0041322314
21327,21399,24205,72,2806,5,3600,1.0256593015
21399,21429,23879,30,2450,5,3600,1.01224489796
21414,21420,21991,6,571,1,1800,1.01050788091
21430,21507,24362,77,2855,5,3600,1.02697022767
21512,21604,24392,92,2788,5,3600,1.03299856528
21604,21670,24422,66,2752,5,3600,1.02398255814
21666,21730,24480,64,2750,5,3600,1.02327272727
21727,21775,24607,48,2832,5,3600,1.01694915254
21779,21787,24103,8,2316,5,3600,1.00345423143
21789,21852,24537,63,2685,5,3600,1.02346368715
21851,21866,24281,15,2415,5,3600,1.00621118012
21862,22021,24700,159,2679,5,3600,1.05935050392
22026,22113,24540,87,2427,5,3600,1.03584672435
22118,22143,24841,25,2698,5,3600,1.00926612305
22139,22187,25249,48,3062,5,3600,1.01567602874
22190,22204,24854,14,2650,5,3600,1.00528301887
22201,22270,24891,69,2621,5,3600,1.02632582984
22273,22308,25352,35,3044,5,3600,1.01149802891
22304,22314,24681,10,2367,5,3600,1.00422475708
22315,22366,25170,51,2804,5,3600,1.01818830243
22366,22374,25131,8,2757,5,3600,1.00290170475
22377,22453,25228,76,2775,5,3600,1.02738738739
22459,22465,24859,6,2394,5,3600,1.00250626566
22469,22497,25083,28,2586,5,3600,1.01082753287
22500,22538,25280,38,2742,5,3600,1.01385849745
22512,22518,22546,6,28,1,1800,1.21428571429
22541,22625,25362,84,2737,5,3600,1.03069053708
22624,22866,25248,242,2382,5,3600,1.10159529807
22845,22851,22911,6,60,1,1800,1.1
22869,22875,25717,6,2842,5,3600,1.0021111893
22879,22958,25320,79,2362,5,3600,1.03344623201
22961,22994,26018,33,3024,5,3600,1.01091269841
22992,23101,25923,109,2822,5,3600,1.03862508859
23105,23111,25699,6,2588,5,3600,1.00231839258
23116,23145,25819,29,2674,5,3600,1.01084517577
23147,23195,25567,48,2372,5,3600,1.02023608769
23198,23233,26008,35,2775,5,3600,1.01261261261
23229,23276,25607,47,2331,5,3600,1.02016302016
23281,23287,26083,6,2796,5,3600,1.00214592275
23291,23342,25955,51,2613,5,3600,1.01951779564
23343,23444,25683,101,2239,5,3600,1.04510942385
23445,23458,26216,13,2758,5,3600,1.00471356055
23456,23511,26338,55,2827,5,3600,1.01945525292
23507,23554,26406,47,2852,5,3600,1.01647966339
23559,23656,26025,97,2369,5,3600,1.04094554664
23617,23623,23746,6,123,1,1800,1.0487804878
23661,23669,26115,8,2446,5,3600,1.00327064595
23672,23869,26283,197,2414,5,3600,1.0816072908
23806,23813,23859,7,46,1,1800,1.15217391304
23866,23890,26693,24,2803,5,3600,1.00856225473
23887,23983,26573,96,2590,5,3600,1.03706563707
23979,24000,26815,21,2815,5,3600,1.00746003552
24000,24114,26436,114,2322,5,3600,1.04909560724
24113,24217,26979,104,2762,5,3600,1.037653874
24184,24191,24261,7,70,1,1800,1.1
24215,24292,27066,77,2774,5,3600,1.02775775054
24297,24373,26780,76,2407,5,3600,1.03157457416
24369,24404,26991,35,2587,5,3600,1.01352918438
24400,24433,26890,33,2457,5,3600,1.01343101343
24432,24491,27321,59,2830,5,3600,1.02084805654
24493,24548,27328,55,2780,5,3600,1.01978417266
24545,24554,26756,9,2202,5,3600,1.00408719346
24555,24618,27000,63,2382,5,3600,1.02644836272
24617,24693,27307,76,2614,5,3600,1.02907421576
24689,24711,26971,22,2260,5,3600,1.00973451327
24709,24853,27493,144,2640,5,3600,1.05454545455
24853,24865,27237,12,2372,5,3600,1.00505902192
24863,24871,27449,8,2578,5,3600,1.00310318076
24874,24903,27530,29,2627,5,3600,1.01103920822
24905,25094,27735,189,2641,5,3600,1.07156380159
25099,25142,27887,43,2745,5,3600,1.01566484517
25140,25181,27547,41,2366,5,3600,1.01732882502
25182,25239,27903,57,2664,5,3600,1.0213963964
25237,25245,25518,8,273,1,1800,1.0293040293
25243,25260,27991,17,2731,5,3600,1.00622482607
25264,25270,27987,6,2717,5,3600,1.002208318
25275,25291,27918,16,2627,5,3600,1.00609059764
25295,25331,27743,36,2412,5,3600,1.01492537313
25326,25363,27659,37,2296,5,3600,1.01611498258
25368,25374,28051,6,2677,5,3600,1.0022413149
25378,25578,28419,200,2841,5,3600,1.07039774727
25583,25618,27966,35,2348,5,3600,1.01490630324
25614,25695,28238,81,2543,5,3600,1.03185214314
25696,25710,28045,14,2335,5,3600,1.00599571734
25706,25729,28045,23,2316,5,3600,1.00993091537
25727,25831,28272,104,2441,5,3600,1.04260548955
25830,25935,28416,105,2481,5,3600,1.0423216445
25932,25967,28143,35,2176,5,3600,1.01608455882
25963,26019,28515,56,2496,5,3600,1.02243589744
26014,26029,28239,15,2210,5,3600,1.00678733032
26025,26036,28661,11,2625,5,3600,1.00419047619
26036,26094,28409,58,2315,5,3600,1.02505399568
26097,26126,28182,29,2056,5,3600,1.01410505837
26128,26227,29007,99,2780,5,3600,1.03561151079
26231,26294,28588,63,2294,5,3600,1.02746294682
26292,26349,28901,57,2552,5,3600,1.0223354232
26354,26417,28791,63,2374,5,3600,1.02653748947
26415,26447,28838,32,2391,5,3600,1.01338352154
26446,26585,29120,139,2535,5,3600,1.05483234714
26589,26704,28946,115,2242,5,3600,1.05129348796
26702,26767,29545,65,2778,5,3600,1.02339812815
26763,26791,29601,28,2810,5,3600,1.00996441281
26795,26826,29586,31,2760,5,3600,1.01123188406
26826,26901,29218,75,2317,5,3600,1.03236944325
26897,26982,29284,85,2302,5,3600,1.03692441355
26979,26990,29456,11,2466,5,3600,1.00446066504
26990,27002,29843,12,2841,5,3600,1.00422386484
27000,27011,29247,11,2236,5,3600,1.00491949911
27011,27077,29951,66,2874,5,3600,1.02296450939
27073,27248,29545,175,2297,5,3600,1.07618633
27246,27318,29492,72,2174,5,3600,1.03311867525
27318,27333,29669,15,2336,5,3600,1.00642123288
27329,27339,29790,10,2451,5,3600,1.00407996736
27339,27460,29542,121,2082,5,3600,1.058117195
27462,27505,29752,43,2247,5,3600,1.01913662661
27503,27541,29938,38,2397,5,3600,1.01585314977
27545,27559,30074,14,2515,5,3600,1.0055666004
27555,27670,30191,115,2521,5,3600,1.04561681872
27668,27747,30062,79,2315,5,3600,1.03412526998
27750,27756,30124,6,2368,5,3600,1.00253378378
27760,27899,30285,139,2386,5,3600,1.05825649623
27904,27914,30320,10,2406,5,3600,1.00415627598
27914,27929,30273,15,2344,5,3600,1.00639931741
27925,27977,30483,52,2506,5,3600,1.02075019952
27976,27998,30276,22,2278,5,3600,1.00965759438
27997,28004,30342,7,2338,5,3600,1.00299401198
28008,28056,30414,48,2358,5,3600,1.0203562341
28059,28065,30375,6,2310,5,3600,1.0025974026
28070,28076,30381,6,2305,5,3600,1.00260303688
28081,28154,30414,73,2260,5,3600,1.03230088496
28152,28193,31017,41,2824,5,3600,1.0145184136
28193,28249,30654,56,2405,5,3600,1.02328482328
28245,28255,30865,10,2610,5,3600,1.00383141762
28255,28284,30705,29,2421,5,3600,1.01197852127
28286,28420,30659,134,2239,5,3600,1.05984814649
28419,28428,30760,9,2332,5,3600,1.0038593482
28430,28436,31261,6,2825,5,3600,1.00212389381
28441,28526,31251,85,2725,5,3600,1.03119266055
28523,28599,31053,76,2454,5,3600,1.03096984515
28594,28672,31121,78,2449,5,3600,1.03184973459
28676,28802,31560,126,2758,5,3600,1.04568527919
28799,28849,31242,50,2393,5,3600,1.02089427497
28851,28912,31211,61,2299,5,3600,1.02653327534
28912,28957,31283,45,2326,5,3600,1.01934651763
28953,29018,31296,65,2278,5,3600,1.02853380158
29015,29131,31765,116,2634,5,3600,1.04403948368
29128,29229,31557,101,2328,5,3600,1.04338487973
29230,29258,31688,28,2430,5,3600,1.01152263374
29261,29295,31706,34,2411,5,3600,1.01410203235
29292,29467,32128,175,2661,5,3600,1.06576475009
29466,29503,31918,37,2415,5,3600,1.01532091097
29507,29553,31898,46,2345,5,3600,1.01961620469
29558,29564,32357,6,2793,5,3600,1.00214822771
29569,29575,31951,6,2376,5,3600,1.00252525253
29580,29598,31817,18,2219,5,3600,1.00811176205
29600,29613,32527,13,2914,5,3600,1.00446122169
29611,29680,32481,69,2801,5,3600,1.02463405926
29683,29764,32050,81,2286,5,3600,1.03543307087
29765,29801,32141,36,2340,5,3600,1.01538461538
29806,29855,32258,49,2403,5,3600,1.02039117769
29857,29949,32348,92,2399,5,3600,1.03834931221
29949,29963,32942,14,2979,5,3600,1.00469956361
29960,30074,32411,114,2337,5,3600,1.0487804878
30073,30085,32727,12,2642,5,3600,1.00454201363
30083,30135,32458,52,2323,5,3600,1.02238484718
30135,30202,32556,67,2354,5,3600,1.02846219201
30207,30284,32878,77,2594,5,3600,1.02968388589
30289,30295,32439,6,2144,5,3600,1.00279850746
30299,30305,32550,6,2245,5,3600,1.00267260579
30310,30332,32524,22,2192,5,3600,1.01003649635
30331,30354,33087,23,2733,5,3600,1.00841566045
38096,38102,40352,6,2250,2,36000,1.00266666667
38098,38108,41308,10,3200,2,36000,1.003125
38099,38113,41365,14,3252,2,36000,1.00430504305
38100,38118,40758,18,2640,2,36000,1.00681818182
38101,38123,41901,22,3778,2,36000,1.00582318687
38103,38129,41536,26,3407,2,36000,1.00763134723
38104,38134,41278,30,3144,2,36000,1.00954198473
38105,38139,41904,34,3765,2,36000,1.00903054449
38107,38144,40903,37,2759,2,36000,1.01341065603
38108,38150,42300,42,4150,2,36000,1.01012048193
38109,38155,41276,46,3121,2,36000,1.01473886575
38111,38160,41309,49,3149,2,36000,1.0155604954
38112,38165,41799,53,3634,2,36000,1.01458447991
38113,38170,40794,57,2624,2,36000,1.02172256098
38115,38176,40607,61,2431,2,36000,1.0250925545
38116,38181,41079,65,2898,2,36000,1.02242926156
38117,38186,41205,69,3019,2,36000,1.02285525008
38118,38191,40959,73,2768,2,36000,1.02637283237
38120,38196,42094,76,3898,2,36000,1.01949717804
38121,38201,42419,80,4218,2,36000,1.01896633476
38122,38207,40986,85,2779,2,36000,1.03058654192
38124,38212,41932,88,3720,2,36000,1.02365591398
38125,38218,40682,93,2464,2,36000,1.03774350649
38126,38223,41255,97,3032,2,36000,1.03199208443
38127,38228,41310,101,3082,2,36000,1.03277092797
38129,38233,41986,104,3753,2,36000,1.0277111644
38130,38239,41410,109,3171,2,36000,1.03437401451
38131,38244,42850,113,4606,2,36000,1.02453321754
38133,38249,40983,116,2734,2,36000,1.04242867593
38134,38254,42019,120,3765,2,36000,1.03187250996
38135,38260,41053,125,2793,2,36000,1.044754744
38137,38265,40547,128,2282,2,36000,1.05609114812
38138,38270,41123,132,2853,2,36000,1.04626708728
38139,38275,40656,136,2381,2,36000,1.05711885762
38140,38280,43294,140,5014,2,36000,1.02792181891
38142,38286,42075,144,3789,2,36000,1.03800475059
38143,38291,40800,148,2509,2,36000,1.05898764448
38144,38296,41431,152,3135,2,36000,1.04848484848
38146,38301,42100,155,3799,2,36000,1.04080021058
38147,38306,40797,159,2491,2,36000,1.06382978723
40352,40364,43546,12,3182,2,36000,1.00377121307
40547,40558,43678,11,3120,2,36000,1.00352564103
40607,40618,44590,11,3972,2,36000,1.0027693857
40657,40667,43226,10,2559,2,36000,1.00390777648
40684,40693,45752,9,5059,2,36000,1.00177900771
40759,40769,43338,10,2569,2,36000,1.0038925652
40795,40805,43455,10,2650,2,36000,1.00377358491
40810,40816,43939,6,3123,2,36000,1.00192122959
40811,40822,43547,11,2725,2,36000,1.00403669725
40904,40915,45517,11,4602,2,36000,1.0023902651
40955,40970,44247,15,3277,2,36000,1.00457735734
40985,40994,45617,9,4623,2,36000,1.0019467878
40986,41000,43986,14,2986,2,36000,1.00468854655
41052,41064,45081,12,4017,2,36000,1.00298730396
41079,41090,43853,11,2763,2,36000,1.00398117988
41124,41134,45943,10,4809,2,36000,1.00207943439
41205,41216,43780,11,2564,2,36000,1.00429017161
41256,41266,45009,10,3743,2,36000,1.00267165375
41277,41287,44356,10,3069,2,36000,1.00325839036
41291,41297,46601,6,5304,2,36000,1.00113122172
41309,41320,46271,11,4951,2,36000,1.00222177338
41310,41325,43749,15,2424,2,36000,1.00618811881
41325,41331,46564,6,5233,2,36000,1.00114656985
41367,41376,44071,9,2695,2,36000,1.00333951763
41409,41421,44658,12,3237,2,36000,1.00370713624
41433,41442,44201,9,2759,2,36000,1.00326205147
41538,41547,46120,9,4573,2,36000,1.00196807347
41799,41810,44166,11,2356,2,36000,1.00466893039
41902,41912,45308,10,3396,2,36000,1.00294464075
41916,41923,45050,7,3127,2,36000,1.00223856732
41931,41943,44631,12,2688,2,36000,1.00446428571
41988,41997,45573,9,3576,2,36000,1.00251677852
42021,42030,45085,9,3055,2,36000,1.00294599018
42075,42086,44635,11,2549,2,36000,1.00431541781
42095,42105,47252,10,5147,2,36000,1.00194287935
42110,42116,45656,6,3540,2,36000,1.00169491525
42302,42312,47077,10,4765,2,36000,1.00209863589
42420,42430,45054,10,2624,2,36000,1.00381097561
42850,42861,45453,11,2592,2,36000,1.00424382716
43226,43237,46171,11,2934,2,36000,1.00374914792
43295,43306,46920,11,3614,2,36000,1.00304371887
43340,43349,48457,9,5108,2,36000,1.00176194205
43455,43466,46238,11,2772,2,36000,1.00396825397
43547,43557,47104,10,3547,2,36000,1.0028192839
43549,43563,48509,14,4946,2,36000,1.00283057016
43678,43689,47918,11,4229,2,36000,1.00260108773
43750,43760,46092,10,2332,2,36000,1.00428816467
43780,43791,46867,11,3076,2,36000,1.00357607282
43852,43864,47562,12,3698,2,36000,1.0032449973
43940,43950,46533,10,2583,2,36000,1.00387146729
43988,43997,46836,9,2839,2,36000,1.00317013033
44072,44082,47363,10,3281,2,36000,1.00304785126
44168,44177,48336,9,4159,2,36000,1.00216398173
44201,44212,48744,11,4532,2,36000,1.00242718447
44249,44258,49404,9,5146,2,36000,1.00174893121
44357,44368,48838,11,4470,2,36000,1.00246085011
44592,44602,47653,10,3051,2,36000,1.0032776139
44630,44642,46870,12,2228,2,36000,1.00538599641
44645,44651,47601,6,2950,2,36000,1.00203389831
44660,44669,49503,9,4834,2,36000,1.00186181216
45009,45020,49950,11,4930,2,36000,1.00223123732
45051,45061,47749,10,2688,2,36000,1.0037202381
45066,45072,49259,6,4187,2,36000,1.00143300693
45084,45093,47596,9,2503,2,36000,1.00359568518
45098,45104,50244,6,5140,2,36000,1.00116731518
45309,45320,47495,11,2175,2,36000,1.00505747126
45456,45464,49621,8,4157,2,36000,1.00192446476
45516,45528,50182,12,4654,2,36000,1.00257842716
45573,45584,47825,11,2241,2,36000,1.00490852298
45617,45629,49286,12,3657,2,36000,1.00328137818
45656,45668,49806,12,4138,2,36000,1.00289995167
45752,45763,50516,11,4753,2,36000,1.00231432779
45945,45954,48354,9,2400,2,36000,1.00375
46092,46103,48545,11,2442,2,36000,1.0045045045
46122,46131,51305,9,5174,2,36000,1.00173946656
46170,46182,49554,12,3372,2,36000,1.00355871886
46239,46249,49858,10,3609,2,36000,1.00277085065
46272,46282,48997,10,2715,2,36000,1.00368324125
46535,46544,49405,9,2861,2,36000,1.00314575323
46564,46575,49435,11,2860,2,36000,1.00384615385
46603,46612,49096,9,2484,2,36000,1.00362318841
46838,46848,51554,10,4706,2,36000,1.00212494688
46868,46878,49188,10,2310,2,36000,1.00432900433
46883,46889,49662,6,2773,2,36000,1.0021637216
46921,46932,51954,11,5022,2,36000,1.00219036241
47077,47089,52323,12,5234,2,36000,1.00229270157
47104,47115,50294,11,3179,2,36000,1.00346020761
47252,47263,50977,11,3714,2,36000,1.00296176629
47363,47374,52554,11,5180,2,36000,1.00212355212
47496,47506,51667,10,4161,2,36000,1.00240326845
47562,47573,51616,11,4043,2,36000,1.00272075192
47598,47607,51462,9,3855,2,36000,1.00233463035
47613,47619,52284,6,4665,2,36000,1.00128617363
47654,47664,50423,10,2759,2,36000,1.00362450163
47751,47760,50533,9,2773,2,36000,1.0032455824
47826,47836,50981,10,3145,2,36000,1.00317965024
47920,47929,53180,9,5251,2,36000,1.00171395925
48335,48347,51196,12,2849,2,36000,1.00421200421
48356,48365,53711,9,5346,2,36000,1.00168350168
48458,48468,51774,10,3306,2,36000,1.00302480339
48509,48521,53426,12,4905,2,36000,1.00244648318
48545,48556,53664,11,5108,2,36000,1.00215348473
48744,48755,51940,11,3185,2,36000,1.00345368917
48838,48849,52376,11,3527,2,36000,1.00311879785
48998,49008,52218,10,3210,2,36000,1.0031152648
49097,49107,52975,10,3868,2,36000,1.00258531541
49190,49200,51394,10,2194,2,36000,1.00455788514
49259,49270,52664,11,3394,2,36000,1.00324101355
49289,49298,54285,9,4987,2,36000,1.0018046922
49406,49415,52587,9,3172,2,36000,1.00283732661
49407,49421,52242,14,2821,2,36000,1.00496277916
49437,49447,52711,10,3264,2,36000,1.00306372549
49503,49514,52189,11,2675,2,36000,1.00411214953
49554,49566,54145,12,4579,2,36000,1.00262065953
49623,49632,53320,9,3688,2,36000,1.00244034707
49662,49674,54713,12,5039,2,36000,1.00238142489
49806,49817,54747,11,4930,2,36000,1.00223123732
49861,49869,52064,8,2195,2,36000,1.00364464692
49952,49961,54748,9,4787,2,36000,1.00188009192
50184,50193,55377,9,5184,2,36000,1.00173611111
50244,50255,55202,11,4947,2,36000,1.00222356984
50295,50305,55560,10,5255,2,36000,1.00190294957
50425,50435,53833,10,3398,2,36000,1.00294290759
50518,50527,55347,9,4820,2,36000,1.00186721992
50535,50544,54461,9,3917,2,36000,1.00229767679
50978,50989,53958,11,2969,2,36000,1.00370495116
50993,50999,56346,6,5347,2,36000,1.00112212456
51198,51207,56101,9,4894,2,36000,1.00183898651
51306,51317,56652,11,5335,2,36000,1.00206185567
51396,51405,55908,9,4503,2,36000,1.00199866755
51462,51473,56573,11,5100,2,36000,1.00215686275
51555,51565,56323,10,4758,2,36000,1.00210172341
51618,51627,56172,9,4545,2,36000,1.00198019802
51669,51679,54537,10,2858,2,36000,1.00349895031
51775,51785,55597,10,3812,2,36000,1.00262329486
51940,51951,57057,11,5106,2,36000,1.00215432824
51955,51965,56822,10,4857,2,36000,1.00205888408
52066,52076,54838,10,2762,2,36000,1.00362056481
52190,52200,55376,10,3176,2,36000,1.00314861461
52221,52229,55613,8,3384,2,36000,1.00236406619
52242,52253,56613,11,4360,2,36000,1.00252293578
52284,52295,57234,11,4939,2,36000,1.00222717149
52326,52335,57545,9,5210,2,36000,1.00172744722
52377,52388,57645,11,5257,2,36000,1.00209244816
52555,52565,57711,10,5146,2,36000,1.0019432569
52588,52598,56848,10,4250,2,36000,1.00235294118
52665,52676,57770,11,5094,2,36000,1.00215940322
52711,52722,55196,11,2474,2,36000,1.00444624091
52975,52987,55724,12,2737,2,36000,1.00438436244
53180,53191,58393,11,5202,2,36000,1.00211457132
53321,53332,58197,11,4865,2,36000,1.0022610483
53426,53437,55828,11,2391,2,36000,1.00460058553
53665,53676,55680,11,2004,2,36000,1.00548902196
53712,53722,56606,10,2884,2,36000,1.00346740638
53833,53844,57563,11,3719,2,36000,1.00295778435
53959,53969,59156,10,5187,2,36000,1.00192789666
54146,54156,58877,10,4721,2,36000,1.0021181953
54285,54296,57282,11,2986,2,36000,1.003683858
54463,54472,59638,9,5166,2,36000,1.00174216028
54538,54548,59914,10,5366,2,36000,1.00186358554
54716,54725,59862,9,5137,2,36000,1.00175199533
54749,54758,59067,9,4309,2,36000,1.00208865166
54750,54764,59343,14,4579,2,36000,1.00305743612
54841,54850,60018,9,5168,2,36000,1.00174148607
55196,55207,58028,11,2821,2,36000,1.00389932648
55212,55218,60385,6,5167,2,36000,1.00116121541
55347,55358,60486,11,5128,2,36000,1.0021450858
55378,55387,59500,9,4113,2,36000,1.00218818381
55379,55393,60664,14,5271,2,36000,1.0026560425
55560,55571,60772,11,5201,2,36000,1.00211497789
55599,55608,57937,9,2329,2,36000,1.00386431945
55614,55625,60736,11,5111,2,36000,1.0021522207
55680,55692,60964,12,5272,2,36000,1.00227617602
55725,55735,58678,10,2943,2,36000,1.00339789331
55831,55840,61150,9,5310,2,36000,1.00169491525
55910,55919,61109,9,5190,2,36000,1.00173410405
56103,56113,58731,10,2618,2,36000,1.0038197097
56175,56183,61209,8,5026,2,36000,1.00159172304
56325,56334,59831,9,3497,2,36000,1.00257363454
56346,56357,61687,11,5330,2,36000,1.00206378987
56575,56584,61434,9,4850,2,36000,1.0018556701
56608,56617,60300,9,3683,2,36000,1.00244366006
56618,56624,56625,6,1,2,3600,1.0
56623,56630,61830,7,5200,2,36000,1.00134615385
56653,56663,61718,10,5055,2,36000,1.00197823937
56756,56762,56763,6,1,2,3600,1.0
56823,56833,62023,10,5190,2,36000,1.00192678227
56850,56860,62014,10,5154,2,36000,1.00194024059
56913,56919,56920,6,1,2,3600,1.0
56995,57001,57002,6,1,2,3600,1.0
57058,57068,59644,10,2576,2,36000,1.00388198758
57236,57245,62474,9,5229,2,36000,1.0017211704
57284,57293,60590,9,3297,2,36000,1.00272975432
57305,57311,57312,6,1,2,3600,1.0
57546,57556,62786,10,5230,2,36000,1.00191204589
57564,57574,62724,10,5150,2,36000,1.00194174757
57608,57614,57615,6,1,2,3600,1.0
57645,57656,62811,11,5155,2,36000,1.00213385063
57711,57722,62919,11,5197,2,36000,1.00211660573
57771,57781,63069,10,5288,2,36000,1.00189107413
57940,57949,63092,9,5143,2,36000,1.00174995139
58030,58039,63188,9,5149,2,36000,1.00174791222
58199,58208,61864,9,3656,2,36000,1.00246170678
58395,58405,62361,10,3956,2,36000,1.00252780586
58678,58689,63930,11,5241,2,36000,1.0020988361
58732,58743,63570,11,4827,2,36000,1.00227884815
58877,58888,62095,11,3207,2,36000,1.00342999688
59067,59078,62483,11,3405,2,36000,1.00323054332
59158,59167,63532,9,4365,2,36000,1.00206185567
59344,59355,64414,11,5059,2,36000,1.00217434276
59501,59511,64741,10,5230,2,36000,1.00191204589
59640,59650,64505,10,4855,2,36000,1.00205973223
59655,59661,61815,6,2154,2,36000,1.00278551532
59832,59842,64988,10,5146,2,36000,1.0019432569
59862,59873,64827,11,4954,2,36000,1.00222042794
59916,59925,64992,9,5067,2,36000,1.00177619893
60018,60029,63245,11,3216,2,36000,1.00342039801
60301,60312,65129,11,4817,2,36000,1.00228357899
60323,60329,65459,6,5130,2,36000,1.00116959064
60324,60335,65427,11,5092,2,36000,1.00216025137
60325,60340,65243,15,4903,2,36000,1.00305935142
60327,60345,62924,18,2579,2,36000,1.0069794494
60328,60350,65631,22,5281,2,36000,1.00416587767
60329,60355,65293,26,4938,2,36000,1.00526528959
60331,60362,65508,31,5146,2,36000,1.00602409639
60332,60367,65301,35,4934,2,36000,1.007093636
60333,60372,65348,39,4976,2,36000,1.00783762058
60334,60377,65262,43,4885,2,36000,1.0088024565
60336,60383,65214,47,4831,2,36000,1.00972883461
60337,60388,65486,51,5098,2,36000,1.01000392311
60338,60393,65731,55,5338,2,36000,1.01030348445
60340,60398,65375,58,4977,2,36000,1.01165360659
60341,60403,64102,62,3699,2,36000,1.01676128683
60376,60409,62942,33,2533,2,36000,1.01302803
60378,60414,64860,36,4446,2,36000,1.00809716599
60379,60419,63336,40,2917,2,36000,1.01371271855
60380,60425,63982,45,3557,2,36000,1.01265111049
60382,60430,63762,48,3332,2,36000,1.0144057623
60383,60435,64909,52,4474,2,36000,1.01162270899
60384,60440,65468,56,5028,2,36000,1.01113762928
60385,60445,62919,60,2474,2,36000,1.02425222312
60387,60450,65702,63,5252,2,36000,1.01199543031
60388,60456,65559,68,5103,2,36000,1.01332549481
60389,60461,65691,72,5230,2,36000,1.0137667304
60391,60466,65571,75,5105,2,36000,1.01469147894
60392,60471,65704,79,5233,2,36000,1.01509650296
60393,60476,63387,83,2911,2,36000,1.02851253865
60395,60481,65752,86,5271,2,36000,1.01631568962
60396,60488,65109,92,4621,2,36000,1.01990911058
60397,60493,63043,96,2550,2,36000,1.03764705882
60398,60498,63580,100,3082,2,36000,1.03244646334
60400,60503,65554,103,5051,2,36000,1.02039200158
60401,60508,65865,107,5357,2,36000,1.01997386597
60402,60514,64089,112,3575,2,36000,1.03132867133
60404,60519,65775,115,5256,2,36000,1.02187975647
60405,60525,65865,120,5340,2,36000,1.02247191011
60406,60530,65621,124,5091,2,36000,1.02435670792
60407,60535,65819,128,5284,2,36000,1.02422407267
60409,60540,65694,131,5154,2,36000,1.02541715173
60410,60546,65390,136,4844,2,36000,1.02807597027
60411,60551,63755,140,3204,2,36000,1.04369538077
60412,60556,65183,144,4627,2,36000,1.03112167711
60415,60561,64311,146,3750,2,36000,1.03893333333
60416,60566,65163,150,4597,2,36000,1.03262997607
60417,60572,64888,155,4316,2,36000,1.0359128823
60419,60577,65546,158,4969,2,36000,1.03179714228
60420,60582,65744,162,5162,2,36000,1.03138318481
60421,60587,64247,166,3660,2,36000,1.04535519126
60423,60592,65891,169,5299,2,36000,1.03189280996
60424,60597,65754,173,5157,2,36000,1.03354663564
60425,60602,63779,177,3177,2,36000,1.05571293673
60426,60608,65507,182,4899,2,36000,1.03715043887
60428,60613,65707,185,5094,2,36000,1.03631723596
60429,60618,65370,189,4752,2,36000,1.03977272727
60430,60623,65722,193,5099,2,36000,1.03785055893
60432,60628,64299,196,3671,2,36000,1.05339144647
60433,60633,65821,200,5188,2,36000,1.03855050116
60434,60639,64202,205,3563,2,36000,1.05753578445
60449,60644,65948,195,5304,2,36000,1.03676470588
60487,60649,65749,162,5100,2,36000,1.03176470588
60593,60655,65823,62,5168,2,36000,1.01199690402
60665,60671,64045,6,3374,2,36000,1.00177830468
60737,60743,65931,6,5188,2,36000,1.00115651503
60774,60780,65830,6,5050,2,36000,1.00118811881
60966,60973,65687,7,4714,2,36000,1.00148493848
61112,61118,65785,6,4667,2,36000,1.00128562246
61151,61157,64639,6,3482,2,36000,1.00172314762
61212,61218,66509,6,5291,2,36000,1.00113400113
61435,61441,66467,6,5026,2,36000,1.00119379228
61689,61695,66944,6,5249,2,36000,1.00114307487
61719,61729,64522,10,2793,2,36000,1.00358037952
61815,61821,65002,6,3181,2,36000,1.00188619931
61830,61836,64293,6,2457,2,36000,1.00244200244
61866,61873,65463,7,3590,2,36000,1.00194986072
61972,61978,62188,6,210,14,1740,1.02857142857
62015,62021,67221,6,5200,2,36000,1.00115384615
62029,62036,67348,7,5312,2,36000,1.00131777108
62096,62101,67276,5,5175,2,36000,1.00096618357
62362,62368,67574,6,5206,2,36000,1.00115251633
62478,62484,67422,6,4938,2,36000,1.00121506683
62493,62500,67354,7,4854,2,36000,1.0014421096
62726,62732,67848,6,5116,2,36000,1.00117279124
62786,62793,65562,7,2769,2,36000,1.00252798844
62813,62819,67949,6,5130,2,36000,1.00116959064
62919,62925,66113,6,3188,2,36000,1.00188205772
62920,62931,68087,11,5156,2,36000,1.00213343677
62935,62941,68083,6,5142,2,36000,1.00116686114
62950,62956,68103,6,5147,2,36000,1.00116572761
63044,63050,65573,6,2523,2,36000,1.00237812128
63071,63077,68241,6,5164,2,36000,1.00116189001
63096,63102,65458,6,2356,2,36000,1.0025466893
63189,63195,68444,6,5249,2,36000,1.00114307487
63246,63252,68151,6,4899,2,36000,1.00122473974
63337,63343,66433,6,3090,2,36000,1.00194174757
63388,63394,68616,6,5222,2,36000,1.00114898506
63533,63539,66808,6,3269,2,36000,1.00183542368
63572,63578,67644,6,4066,2,36000,1.00147565175
63587,63593,68879,6,5286,2,36000,1.00113507378
63731,63738,64377,7,639,14,8940,1.01095461659
63756,63763,68739,7,4976,2,36000,1.00140675241
63771,63778,69151,7,5373,2,36000,1.00130281035
63786,63793,68513,7,4720,2,36000,1.00148305085
63931,63938,69069,7,5131,2,36000,1.00136425648
63983,63989,66895,6,2906,2,36000,1.00206469374
64046,64052,69326,6,5274,2,36000,1.00113765643
64091,64097,68253,6,4156,2,36000,1.00144369586
64106,64112,69381,6,5269,2,36000,1.001138736
64202,64209,69513,7,5304,2,36000,1.00131975867
64248,64254,69185,6,4931,2,36000,1.00121679173
64296,64302,67473,6,3171,2,36000,1.00189214759
64311,64317,69215,6,4898,2,36000,1.00122498979
64312,64323,69386,11,5063,2,36000,1.00217262493
64418,64424,68520,6,4096,2,36000,1.00146484375
64507,64513,69485,6,4972,2,36000,1.00120675784
64525,64531,69345,6,4814,2,36000,1.00124636477
64640,64646,69272,6,4626,2,36000,1.00129701686
64742,64749,69918,7,5169,2,36000,1.00135422712
64827,64834,69953,7,5119,2,36000,1.00136745458
64860,64866,70094,6,5228,2,36000,1.00114766641
64890,64897,68075,7,3178,2,36000,1.00220264317
64911,64917,67944,6,3027,2,36000,1.00198216056
64989,64996,68030,7,3034,2,36000,1.00230718523
65004,65011,70258,7,5247,2,36000,1.00133409567
65006,65017,70142,11,5125,2,36000,1.00214634146
65111,65118,69931,7,4813,2,36000,1.00145439435
65129,65135,70353,6,5218,2,36000,1.00114986585
65165,65171,67829,6,2658,2,36000,1.00225733634
65186,65192,69343,6,4151,2,36000,1.00144543483
65216,65223,70152,7,4929,2,36000,1.00142016636
65244,65250,67705,6,2455,2,36000,1.00244399185
65265,65271,70445,6,5174,2,36000,1.00115964438
65295,65301,69143,6,3842,2,36000,1.00156168662
65310,65316,70157,6,4841,2,36000,1.00123941334
65349,65355,67939,6,2584,2,36000,1.00232198142
65370,65376,69790,6,4414,2,36000,1.00135931128
65385,65391,68852,6,3461,2,36000,1.001733603
65399,65405,70462,6,5057,2,36000,1.00118647419
65429,65436,70565,7,5129,2,36000,1.00136478846
65460,65466,70605,6,5139,2,36000,1.00116754232
65461,65472,70009,11,4537,2,36000,1.00242450959
65476,65482,67976,6,2494,2,36000,1.00240577386
65478,65488,70740,10,5252,2,36000,1.00190403656
65493,65499,70773,6,5274,2,36000,1.00113765643
65508,65514,70665,6,5151,2,36000,1.00116482236
65509,65520,69254,11,3734,2,36000,1.00294590252
65549,65555,69615,6,4060,2,36000,1.00147783251
65564,65570,70780,6,5210,2,36000,1.00115163148
65565,65576,70758,11,5182,2,36000,1.00212273254
65567,65581,70769,14,5188,2,36000,1.00269853508
65582,65588,70890,6,5302,2,36000,1.00113164843
65583,65594,68195,11,2601,2,36000,1.00422914264
65622,65628,67894,6,2266,2,36000,1.0026478376
65637,65643,68290,6,2647,2,36000,1.00226671704
65688,65694,69940,6,4246,2,36000,1.00141309468
65703,65709,70630,6,4921,2,36000,1.00121926438
65705,65715,70653,10,4938,2,36000,1.00202511138
65706,65720,70746,14,5026,2,36000,1.00278551532
65721,65726,68317,5,2591,2,36000,1.00192975685
65722,65732,70928,10,5196,2,36000,1.00192455735
65737,65743,70376,6,4633,2,36000,1.0012950572
65738,65749,71009,11,5260,2,36000,1.00209125475
65753,65760,71028,7,5268,2,36000,1.00132877752
65755,65766,68161,11,2395,2,36000,1.00459290188
65756,65771,70587,15,4816,2,36000,1.00311461794
65771,65777,69210,6,3433,2,36000,1.0017477425
65785,65792,68329,7,2537,2,36000,1.00275916437
65787,65798,70043,11,4245,2,36000,1.00259128386
65820,65826,71160,6,5334,2,36000,1.00112485939
65835,65841,70844,6,5003,2,36000,1.00119928043
65836,65847,70757,11,4910,2,36000,1.00224032587
65837,65852,68789,15,2937,2,36000,1.0051072523
65868,65874,71053,6,5179,2,36000,1.00115852481
65870,65880,69147,10,3267,2,36000,1.00306091215
65894,65900,71053,6,5153,2,36000,1.00116437027
65933,65939,71201,6,5262,2,36000,1.00114025086
65948,65955,70938,7,4983,2,36000,1.00140477624
66115,66121,71469,6,5348,2,36000,1.00112191473
66434,66440,71287,6,4847,2,36000,1.0012378791
66470,66476,69341,6,2865,2,36000,1.00209424084
66512,66518,71757,6,5239,2,36000,1.00114525673
66810,66816,71898,6,5082,2,36000,1.00118063754
66898,66904,69529,6,2625,2,36000,1.00228571429
66946,66952,72171,6,5219,2,36000,1.00114964553
67222,67228,70344,6,3116,2,36000,1.00192554557
67279,67286,72530,7,5244,2,36000,1.00133485889
67349,67355,72601,6,5246,2,36000,1.00114372856
67364,67370,70331,6,2961,2,36000,1.00202634245
67424,67431,72216,7,4785,2,36000,1.00146290491
67476,67482,72505,6,5023,2,36000,1.00119450528
67576,67582,72743,6,5161,2,36000,1.00116256539
67645,67652,71794,7,4142,2,36000,1.00169000483
67706,67712,70091,6,2379,2,36000,1.0025220681
67830,67836,73008,6,5172,2,36000,1.00116009281
67850,67857,73112,7,5255,2,36000,1.0013320647
67895,67902,71073,7,3171,2,36000,1.00220750552
67941,67947,73003,6,5056,2,36000,1.00118670886
67956,67962,72523,6,4561,2,36000,1.00131550099
67957,67968,73224,11,5256,2,36000,1.00209284627
67978,67985,73007,7,5022,2,36000,1.00139386699
68033,68039,72938,6,4899,2,36000,1.00122473974
68075,68081,73160,6,5079,2,36000,1.00118133491
68090,68097,73225,7,5128,2,36000,1.0013650546
68092,68103,70608,11,2505,2,36000,1.00439121756
68107,68113,73336,6,5223,2,36000,1.00114876508
68153,68159,73134,6,4975,2,36000,1.00120603015
68168,68174,73515,6,5341,2,36000,1.00112338513
68195,68201,71618,6,3417,2,36000,1.00175592625
68240,68246,72953,6,4707,2,36000,1.00127469726
68256,68263,73183,7,4920,2,36000,1.00142276423
68293,68299,71650,6,3351,2,36000,1.0017905103
68320,68326,73614,6,5288,2,36000,1.00113464448
68335,68341,73437,6,5096,2,36000,1.00117739403
68444,68450,72255,6,3805,2,36000,1.00157687254
68514,68520,73434,6,4914,2,36000,1.00122100122
68529,68535,73874,6,5339,2,36000,1.00112380596
68617,68623,73821,6,5198,2,36000,1.00115429011
68741,68747,73945,6,5198,2,36000,1.00115429011
68790,68796,73395,6,4599,2,36000,1.00130463144
68854,68860,73840,6,4980,2,36000,1.00120481928
68881,68887,74121,6,5234,2,36000,1.00114635078
69070,69075,72278,5,3203,2,36000,1.00156103653
69146,69152,74511,6,5359,2,36000,1.00111961187
69162,69168,74279,6,5111,2,36000,1.00117393856
69163,69174,74478,11,5304,2,36000,1.00207390649
69187,69193,74507,6,5314,2,36000,1.00112909296
69211,69218,74515,7,5297,2,36000,1.00132150274
69227,69233,74419,6,5186,2,36000,1.00115696105
69257,69263,74436,6,5173,2,36000,1.00115986855
69272,69278,74533,6,5255,2,36000,1.00114176974
69327,69333,74575,6,5242,2,36000,1.0011446013
69341,69348,74608,7,5260,2,36000,1.00133079848
69356,69362,74482,6,5120,2,36000,1.001171875
69358,69368,74510,10,5142,2,36000,1.00194476857
69382,69388,74721,6,5333,2,36000,1.00112507032
69396,69403,74693,7,5290,2,36000,1.00132325142
69488,69494,73111,6,3617,2,36000,1.00165883329
69515,69521,74353,6,4832,2,36000,1.00124172185
69530,69536,74881,6,5345,2,36000,1.00112254443
69615,69622,74959,7,5337,2,36000,1.00131159828
69791,69797,75081,6,5284,2,36000,1.00113550341
69918,69924,74945,6,5021,2,36000,1.00119498108
69935,69941,75192,6,5251,2,36000,1.0011426395
69949,69956,75322,7,5366,2,36000,1.00130450988
69964,69970,74902,6,4932,2,36000,1.00121654501
70010,70016,75235,6,5219,2,36000,1.00114964553
70043,70049,75320,6,5271,2,36000,1.00113830393
70092,70098,75314,6,5216,2,36000,1.00115030675
70106,70113,74318,7,4205,2,36000,1.0016646849
70143,70149,75362,6,5213,2,36000,1.00115096873
70158,70164,75448,6,5284,2,36000,1.00113550341
70159,70170,75140,11,4970,2,36000,1.00221327968
70259,70265,75515,6,5250,2,36000,1.00114285714
70334,70340,75582,6,5242,2,36000,1.0011446013
70349,70355,75587,6,5232,2,36000,1.00114678899
70363,70369,75330,6,4961,2,36000,1.00120943358
70379,70385,75358,6,4973,2,36000,1.00120651518
70448,70455,75684,7,5229,2,36000,1.00133868809
70463,70469,75784,6,5315,2,36000,1.00112888053
70567,70573,75718,6,5145,2,36000,1.00116618076
70588,70594,75885,6,5291,2,36000,1.00113400113
70606,70612,75656,6,5044,2,36000,1.00118953212
70621,70627,76000,6,5373,2,36000,1.00111669458
70635,70641,73667,6,3026,2,36000,1.0019828156
70653,70659,75673,6,5014,2,36000,1.00119664938
70668,70675,75895,7,5220,2,36000,1.00134099617
70741,70747,76015,6,5268,2,36000,1.00113895216
70757,70763,76108,6,5345,2,36000,1.00112254443
70758,70769,76111,11,5342,2,36000,1.00205915387
70774,70779,74075,5,3296,2,36000,1.00151699029
70775,70786,75775,11,4989,2,36000,1.00220485067
70776,70791,76131,15,5340,2,36000,1.00280898876
70791,70797,76124,6,5327,2,36000,1.00112633753
70846,70852,76043,6,5191,2,36000,1.00115584666
70891,70897,75666,6,4769,2,36000,1.00125812539
70930,70936,76119,6,5183,2,36000,1.00115763072
70945,70951,75606,6,4655,2,36000,1.00128893663
71012,71018,76306,6,5288,2,36000,1.00113464448
71031,71037,76332,6,5295,2,36000,1.00113314448
71055,71061,76225,6,5164,2,36000,1.00116189001
71056,71067,76317,11,5250,2,36000,1.0020952381
71075,71081,76326,6,5245,2,36000,1.00114394662
71163,71169,76480,6,5311,2,36000,1.00112973075
71202,71208,76522,6,5314,2,36000,1.00112909296
71290,71296,76513,6,5217,2,36000,1.00115008626
71471,71478,76710,7,5232,2,36000,1.00133792049
71620,71626,76822,6,5196,2,36000,1.00115473441
71653,71660,76836,7,5176,2,36000,1.00135239567
71759,71766,76839,7,5073,2,36000,1.00137985413
71796,71802,76818,6,5016,2,36000,1.00119617225
71901,71908,77215,7,5307,2,36000,1.00131901262
72172,72178,76630,6,4452,2,36000,1.00134770889
72217,72224,77358,7,5134,2,36000,1.00136345929
72257,72263,76461,6,4198,2,36000,1.00142925202
72278,72284,77583,6,5299,2,36000,1.00113228911
72507,72513,77824,6,5311,2,36000,1.00112973075
72525,72531,77845,6,5314,2,36000,1.00112909296
72540,72546,77807,6,5261,2,36000,1.00114046759
72588,72594,74746,6,2152,4,28800,1.00278810409
72603,72610,77702,7,5092,2,36000,1.00137470542
72746,72752,77879,6,5127,2,36000,1.00117027501
72814,73017,73019,203,2,16,3600,20.5
72940,72947,77922,7,4975,2,36000,1.00140703518
72956,72962,78179,6,5217,2,36000,1.00115008626
72984,72990,72991,6,1,2,3540,1.0
73005,73011,78328,6,5317,2,36000,1.0011284559
73020,73026,78260,6,5234,2,36000,1.00114635078
73021,73032,78291,11,5259,2,36000,1.00209165241
73113,73119,78476,6,5357,2,36000,1.00112002987
73114,73125,76007,11,2882,2,36000,1.00381679389
73135,73142,78469,7,5327,2,36000,1.00131406045
73163,73169,78411,6,5242,2,36000,1.0011446013
73184,73190,78456,6,5266,2,36000,1.00113938473
73228,73234,77964,6,4730,2,36000,1.00126849894
73229,73240,78450,11,5210,2,36000,1.00211132438
73338,73344,78567,6,5223,2,36000,1.00114876508
73396,73402,78678,6,5276,2,36000,1.00113722517
73435,73441,78534,6,5093,2,36000,1.00117808757
73450,73456,78701,6,5245,2,36000,1.00114394662
73516,73522,78703,6,5181,2,36000,1.00115807759
73616,73622,78624,6,5002,2,36000,1.00119952019
73670,73676,78441,6,4765,2,36000,1.00125918153
73822,73828,79074,6,5246,2,36000,1.00114372856
73840,73846,79233,6,5387,2,36000,1.00111379246
73876,73882,79084,6,5202,2,36000,1.00115340254
73946,73952,79067,6,5115,2,36000,1.00117302053
74076,74082,79359,6,5277,2,36000,1.00113700966
74121,74127,79475,6,5348,2,36000,1.00112191473
74279,74285,79410,6,5125,2,36000,1.00117073171
74318,74325,79609,7,5284,2,36000,1.00132475397
74355,74361,79663,6,5302,2,36000,1.00113164843
74373,74380,74381,7,1,1,600,1.0
74421,74427,79440,6,5013,2,36000,1.00119688809
74437,74443,79678,6,5235,2,36000,1.00114613181
74479,74485,79532,6,5047,2,36000,1.00118882504
74494,74500,79686,6,5186,2,36000,1.00115696105
74509,74515,79700,6,5185,2,36000,1.00115718419
74524,74530,79742,6,5212,2,36000,1.00115118956
74526,74536,79602,10,5066,2,36000,1.00197394394
74527,74541,79734,14,5193,2,36000,1.00269593684
74542,74548,79713,6,5165,2,36000,1.00116166505
74575,74581,79741,6,5160,2,36000,1.0011627907
74609,74615,79797,6,5182,2,36000,1.00115785411
74693,74700,79878,7,5178,2,36000,1.00135187331
74724,74730,79845,6,5115,2,36000,1.00117302053
74881,74887,80136,6,5249,2,36000,1.00114307487
74902,74908,80209,6,5301,2,36000,1.00113186191
74948,74954,80155,6,5201,2,36000,1.0011536243
74963,74969,80193,6,5224,2,36000,1.00114854518
75084,75090,79387,6,4297,2,36000,1.00139632302
75141,75147,80316,6,5169,2,36000,1.00116076611
75193,75199,80473,6,5274,2,36000,1.00113765643
75238,75244,80298,6,5054,2,36000,1.00118717847
75317,75323,80453,6,5130,2,36000,1.00116959064
75333,75339,80580,6,5241,2,36000,1.00114481969
75334,75345,80553,11,5208,2,36000,1.00211213518
75335,75350,80562,15,5212,2,36000,1.00287797391
75360,75366,80616,6,5250,2,36000,1.00114285714
75375,75381,80626,6,5245,2,36000,1.00114394662
75451,75457,80659,6,5202,2,36000,1.00115340254
75518,75523,80735,5,5212,2,36000,1.00095932464
75582,75588,80890,6,5302,2,36000,1.00113164843
75597,75604,80813,7,5209,2,36000,1.00134382799
75612,75618,80621,6,5003,2,36000,1.00119928043
75658,75664,80907,6,5243,2,36000,1.00114438299
75673,75679,80876,6,5197,2,36000,1.00115451222
75674,75685,80910,11,5225,2,36000,1.00210526316
75689,75695,81006,6,5311,2,36000,1.00112973075
75719,75725,80899,6,5174,2,36000,1.00115964438
75777,75783,81148,6,5365,2,36000,1.00111835974
75792,75798,81015,6,5217,2,36000,1.00115008626
75886,75892,81076,6,5184,2,36000,1.00115740741
75901,75907,81185,6,5278,2,36000,1.00113679424
76001,76007,81218,6,5211,2,36000,1.00115141048
76016,76022,81358,6,5336,2,36000,1.00112443778
76017,76028,81244,11,5216,2,36000,1.00210889571
76045,76051,81286,6,5235,2,36000,1.00114613181
76108,76114,81175,6,5061,2,36000,1.00118553646
76124,76130,81340,6,5210,2,36000,1.00115163148
76125,76136,80903,11,4767,2,36000,1.00230753094
76126,76141,81417,15,5276,2,36000,1.00284306293
76141,76147,81310,6,5163,2,36000,1.00116211505
76226,76232,81399,6,5167,2,36000,1.00116121541
76308,76314,81570,6,5256,2,36000,1.00114155251
76323,76329,81437,6,5108,2,36000,1.00117462803
76338,76344,81617,6,5273,2,36000,1.00113787218
76340,76350,81616,10,5266,2,36000,1.00189897455
76462,76468,81709,6,5241,2,36000,1.00114481969
76483,76489,81799,6,5310,2,36000,1.0011299435
76513,76519,81724,6,5205,2,36000,1.00115273775
76528,76534,81786,6,5252,2,36000,1.00114242193
76632,76638,81914,6,5276,2,36000,1.00113722517
76710,76716,82009,6,5293,2,36000,1.00113357264
76819,76825,81992,6,5167,2,36000,1.00116121541
76834,76840,82035,6,5195,2,36000,1.00115495669
76850,76856,82130,6,5274,2,36000,1.00113765643
76851,76862,81578,11,4716,2,36000,1.00233248516
77217,77223,82518,6,5295,2,36000,1.00113314448
77359,77365,82195,6,4830,2,36000,1.00124223602
77584,77590,82774,6,5184,2,36000,1.00115740741
77705,77711,82856,6,5145,2,36000,1.00116618076
77808,77814,83122,6,5308,2,36000,1.00113036925
77827,77833,83133,6,5300,2,36000,1.00113207547
77848,77854,83063,6,5209,2,36000,1.00115185256
77882,77888,83101,6,5213,2,36000,1.00115096873
77924,77930,83113,6,5183,2,36000,1.00115763072
77967,77973,83155,6,5182,2,36000,1.00115785411
78180,78187,83381,7,5194,2,36000,1.00134770889
78262,78268,83489,6,5221,2,36000,1.00114920513
78292,78298,83601,6,5303,2,36000,1.00113143504
78329,78335,83467,6,5132,2,36000,1.00116913484
78414,78420,83613,6,5193,2,36000,1.0011554015
78441,78447,83637,6,5190,2,36000,1.00115606936
78456,78462,83696,6,5234,2,36000,1.00114635078
78457,78468,83381,11,4913,2,36000,1.00223895787
78473,78479,83641,6,5162,2,36000,1.00116234018
78488,78494,83725,6,5231,2,36000,1.00114700822
78537,78543,83649,6,5106,2,36000,1.00117508813
78568,78574,83645,6,5071,2,36000,1.00118319858
78626,78632,83825,6,5193,2,36000,1.0011554015
78680,78687,84045,7,5358,2,36000,1.00130645763
78702,78708,83984,6,5276,2,36000,1.00113722517
78717,78723,83931,6,5208,2,36000,1.00115207373
79069,79075,84359,6,5284,2,36000,1.00113550341
79085,79091,84238,6,5147,2,36000,1.00116572761
79086,79097,84293,11,5196,2,36000,1.00211701309
79235,79242,84561,7,5319,2,36000,1.00131603685
79359,79366,84577,7,5211,2,36000,1.00134331222
79390,79396,84653,6,5257,2,36000,1.00114133536
79411,79417,84563,6,5146,2,36000,1.00116595414
79441,79448,84725,7,5277,2,36000,1.00132651128
79475,79481,84701,6,5220,2,36000,1.00114942529
79533,79539,84874,6,5335,2,36000,1.00112464855
79606,79612,84931,6,5319,2,36000,1.00112803158
79621,79627,85003,6,5376,2,36000,1.00111607143
79663,79669,84947,6,5278,2,36000,1.00113679424
79678,79685,84879,7,5194,2,36000,1.00134770889
79694,79700,82058,6,2358,2,36000,1.00254452926
79709,79715,85040,6,5325,2,36000,1.00112676056
79724,79730,84558,6,4828,2,36000,1.00124275062
79739,79745,83633,6,3888,2,36000,1.00154320988
79754,79761,85029,7,5268,2,36000,1.00132877752
79756,79766,85104,10,5338,2,36000,1.00187336081
79798,79804,85072,6,5268,2,36000,1.00113895216
79847,79853,85132,6,5279,2,36000,1.0011365789
79880,79886,85115,6,5229,2,36000,1.00114744693
80138,80144,85337,6,5193,2,36000,1.0011554015
80156,80163,85251,7,5088,2,36000,1.00137578616
80196,80202,85542,6,5340,2,36000,1.00112359551
80211,80217,85419,6,5202,2,36000,1.00115340254
80299,80306,85460,7,5154,2,36000,1.00135816841
80318,80324,85547,6,5223,2,36000,1.00114876508
80454,80460,85519,6,5059,2,36000,1.00118600514
80475,80482,85681,7,5199,2,36000,1.00134641277
80554,80560,85764,6,5204,2,36000,1.00115295926
80569,80575,85792,6,5217,2,36000,1.00115008626
80585,80591,85879,6,5288,2,36000,1.00113464448
80618,80624,85821,6,5197,2,36000,1.00115451222
80633,80639,85897,6,5258,2,36000,1.0011411183
80634,80645,84639,11,3994,2,36000,1.0027541312
80662,80668,85989,6,5321,2,36000,1.00112760759
80737,80744,86086,7,5342,2,36000,1.00131037065
80813,80819,86160,6,5341,2,36000,1.00112338513
80876,80883,86124,7,5241,2,36000,1.00133562297
80892,80898,86136,6,5238,2,36000,1.00114547537
80907,80913,86155,6,5242,2,36000,1.0011446013
80909,80919,86049,10,5130,2,36000,1.00194931774
80910,80924,86102,14,5178,2,36000,1.00270374662
80925,80932,86186,7,5254,2,36000,1.00133231823
81008,81014,86298,6,5284,2,36000,1.00113550341
81023,81029,86250,6,5221,2,36000,1.00114920513
81077,81083,86365,6,5282,2,36000,1.00113593336
81149,81155,86406,6,5251,2,36000,1.0011426395
81177,81183,86489,6,5306,2,36000,1.00113079533
81192,81199,86210,7,5011,2,36000,1.00139692676
81220,81226,86466,6,5240,2,36000,1.00114503817
81247,81253,86355,6,5102,2,36000,1.00117600941
81287,81293,86586,6,5293,2,36000,1.00113357264
81312,81318,86171,6,4853,2,36000,1.00123634865
81342,81348,86665,6,5317,2,36000,1.0011284559
81360,81366,86384,6,5018,2,36000,1.0011956955
81403,81409,86655,6,5246,2,36000,1.00114372856
81418,81424,86243,6,4819,2,36000,1.00124507159
81439,81445,86579,6,5134,2,36000,1.00116867939
81572,81579,86529,7,4950,2,36000,1.00141414141
81587,81593,86900,6,5307,2,36000,1.00113058225
81618,81624,86870,6,5246,2,36000,1.00114372856
81619,81630,86526,11,4896,2,36000,1.00224673203
81710,81717,86905,7,5188,2,36000,1.00134926754
81726,81732,87050,6,5318,2,36000,1.0011282437
81786,81793,85746,7,3953,2,36000,1.00177080698
81801,81807,87125,6,5318,2,36000,1.0011282437
81917,81923,87148,6,5225,2,36000,1.00114832536
81996,82002,87317,6,5315,2,36000,1.00112888053
82011,82017,87007,6,4990,2,36000,1.00120240481
82038,82044,87237,6,5193,2,36000,1.0011554015
82059,82065,87290,6,5225,2,36000,1.00114832536
82133,82139,87281,6,5142,2,36000,1.00116686114
82197,82203,87503,6,5300,2,36000,1.00113207547
82521,82527,87841,6,5314,2,36000,1.00112909296
82777,82783,87955,6,5172,2,36000,1.00116009281
82859,82865,87936,6,5071,2,36000,1.00118319858
83064,83070,88410,6,5340,2,36000,1.00112359551
83103,83109,88331,6,5222,2,36000,1.00114898506
83118,83124,88390,6,5266,2,36000,1.00113938473
83134,83140,88287,6,5147,2,36000,1.00116572761
83135,83146,88200,11,5054,2,36000,1.00217649387
83156,83162,88422,6,5260,2,36000,1.00114068441
83382,83388,88687,6,5299,2,36000,1.00113228911
83384,83394,88584,10,5190,2,36000,1.00192678227
83469,83475,88761,6,5286,2,36000,1.00113507378
83490,83496,88731,6,5235,2,36000,1.00114613181
83603,83609,88883,6,5274,2,36000,1.00113765643
83618,83624,88829,6,5205,2,36000,1.00115273775
83637,83643,88778,6,5135,2,36000,1.0011684518
83652,83658,88937,6,5279,2,36000,1.0011365789
83653,83664,89008,11,5344,2,36000,1.00205838323
83655,83669,88723,14,5054,2,36000,1.0027700831
83656,83674,88961,18,5287,2,36000,1.00340457726
83699,83705,89059,6,5354,2,36000,1.00112065745
83723,83729,89074,6,5345,2,36000,1.00112254443
83826,83833,89048,7,5215,2,36000,1.00134228188
83933,83939,89141,6,5202,2,36000,1.00115340254
83987,83993,89181,6,5188,2,36000,1.00115651503
84045,84051,89265,6,5214,2,36000,1.00115074799
84239,84246,89565,7,5319,2,36000,1.00131603685
84294,84300,89382,6,5082,2,36000,1.00118063754
84361,84366,89526,5,5160,2,36000,1.00096899225
84394,84400,84581,6,181,1,900,1.03314917127
84559,84565,89639,6,5074,2,36000,1.00118249901
84574,84580,89715,6,5135,2,36000,1.0011684518
84575,84586,88818,11,4232,2,36000,1.00259924386
84590,84597,89741,7,5144,2,36000,1.00136080871
84642,84648,89582,6,4934,2,36000,1.00121605188
84657,84663,89886,6,5223,2,36000,1.00114876508
84703,84709,89881,6,5172,2,36000,1.00116009281
84727,84733,89990,6,5257,2,36000,1.00114133536
84876,84883,90029,7,5146,2,36000,1.00136027983
84891,84898,90207,7,5309,2,36000,1.00131851573
84931,84937,90337,6,5400,2,36000,1.00111111111
84939,84945,84946,6,1,1,600,1.0
84949,84955,90209,6,5254,2,36000,1.00114198706
85004,85010,90363,6,5353,2,36000,1.0011208668
85031,85038,90169,7,5131,2,36000,1.00136425648
85046,85053,90299,7,5246,2,36000,1.00133434998
85074,85080,90353,6,5273,2,36000,1.00113787218
85104,85110,90420,6,5310,2,36000,1.0011299435
85119,85125,90299,6,5174,2,36000,1.00115964438
85135,85141,90493,6,5352,2,36000,1.00112107623
85254,85260,90537,6,5277,2,36000,1.00113700966
85339,85345,90408,6,5063,2,36000,1.00118506814
85421,85427,90627,6,5200,2,36000,1.00115384615
85464,85470,90741,6,5271,2,36000,1.00113830393
85522,85528,90766,6,5238,2,36000,1.00114547537
85543,85549,90698,6,5149,2,36000,1.00116527481
85558,85564,90909,6,5345,2,36000,1.00112254443
85562,85570,85571,8,1,1,600,1.0
85683,85689,90909,6,5220,2,36000,1.00114942529
85747,85753,91056,6,5303,2,36000,1.00113143504
85765,85772,90632,7,4860,2,36000,1.00144032922
85793,85799,90884,6,5085,2,36000,1.001179941
85824,85830,91093,6,5263,2,36000,1.0011400342
85881,85887,91176,6,5289,2,36000,1.00113442995
85899,85906,91083,7,5177,2,36000,1.00135213444
85990,85997,91242,7,5245,2,36000,1.00133460439
86051,86057,91190,6,5133,2,36000,1.00116890707
86087,86093,91403,6,5310,2,36000,1.0011299435
86103,86109,91266,6,5157,2,36000,1.00116346713
86127,86133,91219,6,5086,2,36000,1.00117970901
86142,86148,91237,6,5089,2,36000,1.00117901356
86157,86163,90982,6,4819,2,36000,1.00124507159
86173,86179,91553,6,5374,2,36000,1.00111648679
86175,86185,91520,10,5335,2,36000,1.00187441425
86190,86196,91360,6,5164,2,36000,1.00116189001
86211,86217,91511,6,5294,2,36000,1.00113335852
86244,86251,91524,7,5273,2,36000,1.00132751754
86259,86266,91174,7,4908,2,36000,1.00142624287
86299,86306,91481,7,5175,2,36000,1.001352657
86357,86364,91582,7,5218,2,36000,1.00134151016
86373,86379,91673,6,5294,2,36000,1.00113335852
86388,86394,91773,6,5379,2,36000,1.00111544897
86409,86415,91545,6,5130,2,36000,1.00116959064
86467,86473,91769,6,5296,2,36000,1.00113293051
86491,86497,91767,6,5270,2,36000,1.00113851992
86528,86534,91641,6,5107,2,36000,1.00117485804
86543,86549,91878,6,5329,2,36000,1.00112591481
86579,86585,91727,6,5142,2,36000,1.00116686114
86594,86601,91724,7,5123,2,36000,1.00136638688
86658,86664,91903,6,5239,2,36000,1.00114525673
86673,86680,91877,7,5197,2,36000,1.00134693092
86762,86768,86769,6,1,1,600,1.0
86872,86878,92127,6,5249,2,36000,1.00114307487
86902,86908,92300,6,5392,2,36000,1.00111275964
86917,86923,92089,6,5166,2,36000,1.00116144019
87009,87015,92253,6,5238,2,36000,1.00114547537
87051,87057,92265,6,5208,2,36000,1.00115207373
87127,87133,92212,6,5079,2,36000,1.00118133491
87151,87158,92400,7,5242,2,36000,1.00133536818
87240,87246,92423,6,5177,2,36000,1.00115897238
87282,87288,92609,6,5321,2,36000,1.00112760759
87297,87303,92445,6,5142,2,36000,1.00116686114
87318,87325,92136,7,4811,2,36000,1.00145499896
87504,87511,92637,7,5126,2,36000,1.0013655872
87841,87847,93152,6,5305,2,36000,1.00113100848
87939,87945,93188,6,5243,2,36000,1.00114438299
87957,87963,93252,6,5289,2,36000,1.00113442995
88203,88209,93399,6,5190,2,36000,1.00115606936
88289,88295,93564,6,5269,2,36000,1.001138736
88331,88338,93521,7,5183,2,36000,1.00135056917
88392,88398,93715,6,5317,2,36000,1.0011284559
88410,88417,93654,7,5237,2,36000,1.00133664312
88426,88432,93734,6,5302,2,36000,1.00113164843
88587,88593,93906,6,5313,2,36000,1.00112930548
88676,88682,88700,6,18,1,900,1.33333333333
88690,88696,93930,6,5234,2,36000,1.00114635078
88723,88730,93855,7,5125,2,36000,1.00136585366
88739,88745,93931,6,5186,2,36000,1.00115696105
88763,88769,94117,6,5348,2,36000,1.00112191473
88778,88784,93952,6,5168,2,36000,1.00116099071
88818,88824,94065,6,5241,2,36000,1.00114481969
88833,88839,94032,6,5193,2,36000,1.0011554015
88885,88891,94160,6,5269,2,36000,1.001138736
88939,88946,94102,7,5156,2,36000,1.00135764158
88964,88970,94246,6,5276,2,36000,1.00113722517
89010,89016,91889,6,2873,2,36000,1.00208840933
89049,89055,91307,6,2252,2,36000,1.0026642984
89064,89071,94300,7,5229,2,36000,1.00133868809
89080,89085,94444,5,5359,2,36000,1.00093300989
89144,89150,94418,6,5268,2,36000,1.00113895216
89183,89189,94492,6,5303,2,36000,1.00113143504
89268,89274,94492,6,5218,2,36000,1.00114986585
89384,89390,94769,6,5379,2,36000,1.00111544897
89527,89533,94767,6,5234,2,36000,1.00114635078
89566,89573,94772,7,5199,2,36000,1.00134641277
89585,89591,94810,6,5219,2,36000,1.00114964553
89643,89649,94778,6,5129,2,36000,1.00116981868
89716,89722,95066,6,5344,2,36000,1.00112275449
89742,89749,95092,7,5343,2,36000,1.0013101254
89882,89888,95150,6,5262,2,36000,1.00114025086
89897,89903,95021,6,5118,2,36000,1.00117233294
89991,89998,95344,7,5346,2,36000,1.0013093902
90031,90037,95305,6,5268,2,36000,1.00113895216
90171,90177,95432,6,5255,2,36000,1.00114176974
90208,90214,95302,6,5088,2,36000,1.00117924528
90223,90229,95587,6,5358,2,36000,1.00111982083
90302,90308,95262,6,4954,2,36000,1.00121114251
90303,90314,95731,11,5417,2,36000,1.00203064427
90340,90346,95659,6,5313,2,36000,1.00112930548
90355,90361,95495,6,5134,2,36000,1.00116867939
90370,90376,95635,6,5259,2,36000,1.00114090131
90410,90416,95732,6,5316,2,36000,1.00112866817
90425,90431,95651,6,5220,2,36000,1.00114942529
90495,90501,95733,6,5232,2,36000,1.00114678899
90537,90544,95670,7,5126,2,36000,1.0013655872
90629,90635,95673,6,5038,2,36000,1.00119094879
90644,90650,95985,6,5335,2,36000,1.00112464855
90699,90705,95840,6,5135,2,36000,1.0011684518
90742,90748,96021,6,5273,2,36000,1.00113787218
90766,90772,95831,6,5059,2,36000,1.00118600514
90887,90893,96111,6,5218,2,36000,1.00114986585
90909,90915,96162,6,5247,2,36000,1.00114351058
90910,90921,96290,11,5369,2,36000,1.00204879866
90983,90989,96284,6,5295,2,36000,1.00113314448
91059,91065,96161,6,5096,2,36000,1.00117739403
91084,91090,96213,6,5123,2,36000,1.00117118876
91099,91105,96176,6,5071,2,36000,1.00118319858
91175,91181,96440,6,5259,2,36000,1.00114090131
91190,91196,96242,6,5046,2,36000,1.00118906064
91191,91202,96277,11,5075,2,36000,1.00216748768
91222,91228,96504,6,5276,2,36000,1.00113722517
91241,91247,96552,6,5305,2,36000,1.00113100848
91256,91262,96701,6,5439,2,36000,1.00110314396
91271,91277,96514,6,5237,2,36000,1.0011456941
91308,91314,96591,6,5277,2,36000,1.00113700966
91363,91369,96728,6,5359,2,36000,1.00111961187
91403,91409,96554,6,5145,2,36000,1.00116618076
91483,91489,96292,6,4803,2,36000,1.00124921924
91513,91520,96727,7,5207,2,36000,1.00134434415
91529,91535,96889,6,5354,2,36000,1.00112065745
91530,91541,96817,11,5276,2,36000,1.00208491281
91546,91552,96752,6,5200,2,36000,1.00115384615
91561,91567,96813,6,5246,2,36000,1.00114372856
91582,91589,96731,7,5142,2,36000,1.001361338
91644,91650,96956,6,5306,2,36000,1.00113079533
91674,91680,96757,6,5077,2,36000,1.00118180028
91726,91732,97010,6,5278,2,36000,1.00113679424
91741,91748,96897,7,5149,2,36000,1.00135948728
91769,91775,96979,6,5204,2,36000,1.00115295926
91770,91781,96993,11,5212,2,36000,1.0021105142
91785,91791,97143,6,5352,2,36000,1.00112107623
91880,91886,97109,6,5223,2,36000,1.00114876508
91882,91892,97090,10,5198,2,36000,1.00192381685
91897,91904,97130,7,5226,2,36000,1.00133945656
91913,91919,97072,6,5153,2,36000,1.00116437027
92089,92095,97364,6,5269,2,36000,1.001138736
92129,92135,97401,6,5266,2,36000,1.00113938473
92144,92150,97508,6,5358,2,36000,1.00111982083
92214,92220,97478,6,5258,2,36000,1.0011411183
92254,92260,97383,6,5123,2,36000,1.00117118876
92269,92275,97563,6,5288,2,36000,1.00113464448
92300,92306,97374,6,5068,2,36000,1.00118389897
92403,92409,95236,6,2827,2,36000,1.00212239123
92424,92430,97649,6,5219,2,36000,1.00114964553
92446,92452,97764,6,5312,2,36000,1.00112951807
92610,92616,97776,6,5160,2,36000,1.0011627907
92640,92646,97917,6,5271,2,36000,1.00113830393
93154,93160,98419,6,5259,2,36000,1.00114090131
93191,93197,98182,6,4985,2,36000,1.00120361083
93255,93261,98534,6,5273,2,36000,1.00113787218
93401,93408,98600,7,5192,2,36000,1.00134822804
93524,93530,98865,6,5335,2,36000,1.00112464855
93566,93572,98757,6,5185,2,36000,1.00115718419
93654,93661,98933,7,5272,2,36000,1.00132776935
93719,93725,98946,6,5221,2,36000,1.00114920513
93737,93743,98700,6,4957,2,36000,1.00121040952
93856,93862,99090,6,5228,2,36000,1.00114766641
93908,93914,99165,6,5251,2,36000,1.0011426395
93933,93939,99248,6,5309,2,36000,1.00113015634
93934,93945,99135,11,5190,2,36000,1.0021194605
93953,93959,99241,6,5282,2,36000,1.00113593336
94035,94041,99272,6,5231,2,36000,1.00114700822
94065,94072,99362,7,5290,2,36000,1.00132325142
94102,94109,99475,7,5366,2,36000,1.00130450988
94118,94124,99322,6,5198,2,36000,1.00115429011
94160,94166,99263,6,5097,2,36000,1.00117716304
94248,94254,99619,6,5365,2,36000,1.00111835974
94303,94309,99557,6,5248,2,36000,1.00114329268
94419,94425,99732,6,5307,2,36000,1.00113058225
94447,94453,99564,6,5111,2,36000,1.00117393856
94493,94499,99520,6,5021,2,36000,1.00119498108
94495,94505,98751,10,4246,2,36000,1.0023551578
94772,94778,99851,6,5073,2,36000,1.00118273211
94774,94784,100027,10,5243,2,36000,1.00190730498
94775,94789,100079,14,5290,2,36000,1.00264650284
94791,94797,100071,6,5274,2,36000,1.00113765643
94812,94818,100029,6,5211,2,36000,1.00115141048
95023,95030,100227,7,5197,2,36000,1.00134693092
95069,95075,100293,6,5218,2,36000,1.00114986585
95094,95100,100337,6,5237,2,36000,1.0011456941
95152,95158,100340,6,5182,2,36000,1.00115785411
95238,95244,100482,6,5238,2,36000,1.00114547537
95263,95269,100395,6,5126,2,36000,1.00117050332
95306,95312,100627,6,5315,2,36000,1.00112888053
95307,95318,100575,11,5257,2,36000,1.00209244816
95344,95350,100353,6,5003,2,36000,1.00119928043
95433,95442,100781,9,5339,2,36000,1.00168570893
95497,95503,100765,6,5262,2,36000,1.00114025086
95589,95595,98201,6,2606,2,36000,1.00230237913
95638,95644,100756,6,5112,2,36000,1.00117370892
95653,95659,101023,6,5364,2,36000,1.00111856823
95668,95674,101003,6,5329,2,36000,1.00112591481
95683,95690,100869,7,5179,2,36000,1.00135161228
95685,95696,100835,11,5139,2,36000,1.00214049426
95734,95740,100955,6,5215,2,36000,1.00115052733
95735,95746,101031,11,5285,2,36000,1.00208136235
95737,95751,100896,14,5145,2,36000,1.00272108844
95834,95840,101122,6,5282,2,36000,1.00113593336
95849,95855,101048,6,5193,2,36000,1.0011554015
95987,95993,101262,6,5269,2,36000,1.001138736
96023,96030,101294,7,5264,2,36000,1.00132978723
96112,96118,101218,6,5100,2,36000,1.00117647059
96164,96170,101527,6,5357,2,36000,1.00112002987
96165,96176,101354,11,5178,2,36000,1.00212437234
96180,96186,101488,6,5302,2,36000,1.00113164843
96214,96220,101503,6,5283,2,36000,1.00113571834
96245,96251,101467,6,5216,2,36000,1.00115030675
96278,96284,101425,6,5141,2,36000,1.00116708812
96294,96301,101551,7,5250,2,36000,1.00133333333
96296,96307,101569,11,5262,2,36000,1.0020904599
96297,96312,101362,15,5050,2,36000,1.00297029703
96440,96447,101624,7,5177,2,36000,1.00135213444
96505,96511,101742,6,5231,2,36000,1.00114700822
96520,96526,101781,6,5255,2,36000,1.00114176974
96554,96560,101747,6,5187,2,36000,1.001156738
96555,96566,101669,11,5103,2,36000,1.00215559475
96592,96599,101835,7,5236,2,36000,1.0013368984
96702,96709,101656,7,4947,2,36000,1.00141499899
96728,96734,101762,6,5028,2,36000,1.00119331742
96743,96749,102044,6,5295,2,36000,1.00113314448
96744,96755,101970,11,5215,2,36000,1.0021093001
96760,96766,101872,6,5106,2,36000,1.00117508813
96761,96772,101666,11,4894,2,36000,1.00224765018
96816,96822,101816,6,4994,2,36000,1.00120144173
96817,96828,102110,11,5282,2,36000,1.00208254449
96891,96897,102038,6,5141,2,36000,1.00116708812
96906,96912,102178,6,5266,2,36000,1.00113938473
96958,96964,102099,6,5135,2,36000,1.0011684518
96982,96988,102254,6,5266,2,36000,1.00113938473
96997,97003,102304,6,5301,2,36000,1.00113186191
97012,97018,102297,6,5279,2,36000,1.0011365789
97073,97079,101945,6,4866,2,36000,1.00123304562
97091,97097,102331,6,5234,2,36000,1.00114635078
97110,97116,102332,6,5216,2,36000,1.00115030675
97131,97137,102279,6,5142,2,36000,1.00116686114
97146,97153,102410,7,5257,2,36000,1.00133155792
97365,97371,102589,6,5218,2,36000,1.00114986585
97380,97386,102362,6,4976,2,36000,1.00120578778
97395,97401,102746,6,5345,2,36000,1.00112254443
97411,97417,102527,6,5110,2,36000,1.0011741683
97481,97487,102814,6,5327,2,36000,1.00112633753
97509,97515,102746,6,5231,2,36000,1.00114700822
97564,97570,102826,6,5256,2,36000,1.00114155251
97652,97658,102946,6,5288,2,36000,1.00113464448
97765,97771,103057,6,5286,2,36000,1.00113507378
97780,97786,102975,6,5189,2,36000,1.00115629216
97918,97924,103242,6,5318,2,36000,1.0011282437
98190,98196,103454,6,5258,2,36000,1.0011411183
98205,98211,103443,6,5232,2,36000,1.00114678899
98427,98433,103431,6,4998,2,36000,1.00120048019
98536,98542,103758,6,5216,2,36000,1.00115030675
98604,98609,103870,5,5261,2,36000,1.00095038966
98701,98707,104038,6,5331,2,36000,1.0011254924
98753,98760,103935,7,5175,2,36000,1.001352657
98769,98775,104021,6,5246,2,36000,1.00114372856
98866,98872,104163,6,5291,2,36000,1.00113400113
98936,98942,104253,6,5311,2,36000,1.00112973075
98951,98957,104240,6,5283,2,36000,1.00113571834
99092,99098,104237,6,5139,2,36000,1.00116754232
99137,99144,104417,7,5273,2,36000,1.00132751754
99168,99174,104310,6,5136,2,36000,1.0011682243
99245,99251,104551,6,5300,2,36000,1.00113207547
99260,99266,104516,6,5250,2,36000,1.00114285714
99275,99281,104606,6,5325,2,36000,1.00112676056
99277,99287,104460,10,5173,2,36000,1.00193311425
99323,99329,104568,6,5239,2,36000,1.00114525673
99362,99368,104527,6,5159,2,36000,1.00116301609
99478,99484,102842,6,3358,2,36000,1.00178677784
99520,99527,104638,7,5111,2,36000,1.00136959499
99560,99566,104683,6,5117,2,36000,1.00117256205
99575,99582,104997,7,5415,2,36000,1.00129270545
99621,99627,104978,6,5351,2,36000,1.00112128574
99734,99741,104904,7,5163,2,36000,1.00135580089
99853,99859,103822,6,3963,2,36000,1.00151400454
100027,100033,105316,6,5283,2,36000,1.00113571834
100042,100049,105276,7,5227,2,36000,1.00133920031
100074,100080,105183,6,5103,2,36000,1.00117577895
100089,100095,105278,6,5183,2,36000,1.00115763072
100230,100236,105402,6,5166,2,36000,1.00116144019
100294,100300,105457,6,5157,2,36000,1.00116346713
100340,100346,105559,6,5213,2,36000,1.00115096873
100341,100352,105657,11,5305,2,36000,1.00207351555
100357,100363,105574,6,5211,2,36000,1.00115141048
100396,100402,105717,6,5315,2,36000,1.00112888053
100485,100491,105796,6,5305,2,36000,1.00113100848
100577,100583,105610,6,5027,2,36000,1.0011935548
100628,100635,105825,7,5190,2,36000,1.00134874759
100760,100766,106030,6,5264,2,36000,1.00113981763
100775,100781,105993,6,5212,2,36000,1.00115118956
100790,100797,106134,7,5337,2,36000,1.00131159828
100836,100842,106175,6,5333,2,36000,1.00112507032
100870,100876,106107,6,5231,2,36000,1.00114700822
100897,100904,106100,7,5196,2,36000,1.00134719015
100955,100962,106225,7,5263,2,36000,1.0013300399
101004,101011,106223,7,5212,2,36000,1.00134305449
101026,101032,106242,6,5210,2,36000,1.00115163148
101041,101047,106200,6,5153,2,36000,1.00116437027
101057,101063,106305,6,5242,2,36000,1.0011446013
101124,101130,106377,6,5247,2,36000,1.00114351058
101219,101225,106093,6,4868,2,36000,1.00123253903
101265,101271,104534,6,3263,2,36000,1.00183879865
101295,101301,106524,6,5223,2,36000,1.00114876508
101360,101366,106562,6,5196,2,36000,1.00115473441
101375,101381,106370,6,4989,2,36000,1.00120264582
101427,101433,106689,6,5256,2,36000,1.00114155251
101470,101476,106779,6,5303,2,36000,1.00113143504
101488,101495,106667,7,5172,2,36000,1.00135344161
101504,101510,106759,6,5249,2,36000,1.00114307487
101528,101534,106808,6,5274,2,36000,1.00113765643
101552,101559,106883,7,5324,2,36000,1.0013148009
101571,101577,106585,6,5008,2,36000,1.00119808307
101626,101632,106906,6,5274,2,36000,1.00113765643
101659,101665,106979,6,5314,2,36000,1.00112909296
101675,101681,106707,6,5026,2,36000,1.00119379228
101676,101687,106852,11,5165,2,36000,1.00212971926
101743,101749,107033,6,5284,2,36000,1.00113550341
101758,101765,106800,7,5035,2,36000,1.00139026812
101774,101780,106965,6,5185,2,36000,1.00115718419
101789,101796,107119,7,5323,2,36000,1.00131504791
101817,101823,107041,6,5218,2,36000,1.00114986585
101839,101845,106819,6,4974,2,36000,1.00120627262
101872,101878,107138,6,5260,2,36000,1.00114068441
101948,101954,107225,6,5271,2,36000,1.00113830393
101973,101979,107156,6,5177,2,36000,1.00115897238
102045,102051,107165,6,5114,2,36000,1.0011732499
102060,102066,106243,6,4177,2,36000,1.00143643763
102100,102106,105215,6,3109,2,36000,1.00192988099
102115,102120,107176,5,5056,2,36000,1.00098892405
102179,102185,107371,6,5186,2,36000,1.00115696105
102258,102265,107447,7,5182,2,36000,1.0013508298
102280,102286,107378,6,5092,2,36000,1.00117831893
102298,102304,107560,6,5256,2,36000,1.00114155251
102313,102320,107659,7,5339,2,36000,1.00131110695
102332,102338,107625,6,5287,2,36000,1.00113485909
102333,102344,107611,11,5267,2,36000,1.00208847541
102364,102370,107654,6,5284,2,36000,1.00113550341
102411,102417,107665,6,5248,2,36000,1.00114329268
102527,102533,107816,6,5283,2,36000,1.00113571834
102591,102597,107817,6,5220,2,36000,1.00114942529
102747,102753,108020,6,5267,2,36000,1.00113916841
102749,102759,107742,10,4983,2,36000,1.0020068232
102816,102822,108053,6,5231,2,36000,1.00114700822
102831,102842,107829,11,4987,2,36000,1.00220573491
102846,102853,108073,7,5220,2,36000,1.00134099617
102947,102953,108047,6,5094,2,36000,1.0011778563
102978,102984,108165,6,5181,2,36000,1.00115807759
103060,103066,108200,6,5134,2,36000,1.00116867939
103249,103256,108559,7,5303,2,36000,1.00132000754
103432,103438,106582,6,3144,2,36000,1.00190839695
103448,103454,108699,6,5245,2,36000,1.00114394662
103463,103469,108522,6,5053,2,36000,1.00118741342
103761,103767,109094,6,5327,2,36000,1.00112633753
103825,103831,109042,6,5211,2,36000,1.00115141048
103871,103877,106638,6,2761,2,36000,1.00217312568
103938,103943,109306,5,5363,2,36000,1.000932314
104023,104029,109228,6,5199,2,36000,1.00115406809
104039,104045,109169,6,5124,2,36000,1.00117096019
104167,104172,109445,5,5273,2,36000,1.00094822682
104240,104246,109459,6,5213,2,36000,1.00115096873
104241,104252,109512,11,5260,2,36000,1.00209125475
104257,104263,109487,6,5224,2,36000,1.00114854518
104316,104322,109601,6,5279,2,36000,1.0011365789
104420,104426,109747,6,5321,2,36000,1.00112760759
104463,104469,109620,6,5151,2,36000,1.00116482236
104518,104524,109769,6,5245,2,36000,1.00114394662
104533,104539,109743,6,5204,2,36000,1.00115295926
104549,104555,109724,6,5169,2,36000,1.00116076611
104564,104570,109786,6,5216,2,36000,1.00115030675
104579,104585,109561,6,4976,2,36000,1.00120578778
104606,104612,109886,6,5274,2,36000,1.00113765643
104640,104646,109904,6,5258,2,36000,1.0011411183
104685,104691,109570,6,4879,2,36000,1.0012297602
104905,104911,110244,6,5333,2,36000,1.00112507032
104979,104985,110279,6,5294,2,36000,1.00113335852
104997,105003,110029,6,5026,2,36000,1.00119379228
105184,105190,110482,6,5292,2,36000,1.00113378685
105218,105224,110371,6,5147,2,36000,1.00116572761
105279,105286,110542,7,5256,2,36000,1.00133181126
105281,105291,108887,10,3596,2,36000,1.00278086763
105318,105324,110450,6,5126,2,36000,1.00117050332
105403,105409,110519,6,5110,2,36000,1.0011741683
105458,105464,110598,6,5134,2,36000,1.00116867939
105563,105569,110666,6,5097,2,36000,1.00117716304
105579,105584,110736,5,5152,2,36000,1.00097049689
105612,105618,110787,6,5169,2,36000,1.00116076611
105658,105664,110845,6,5181,2,36000,1.00115807759
105719,105725,110919,6,5194,2,36000,1.00115517905
105799,105806,111088,7,5282,2,36000,1.00132525559
105827,105834,111072,7,5238,2,36000,1.00133638793
105996,106002,111136,6,5134,2,36000,1.00116867939
106033,106039,111176,6,5137,2,36000,1.00116799689
106095,106102,111242,7,5140,2,36000,1.0013618677
106111,106117,111447,6,5330,2,36000,1.00112570356
106113,106123,111515,10,5392,2,36000,1.00185459941
106137,106143,111476,6,5333,2,36000,1.00112507032
106177,106183,111542,6,5359,2,36000,1.00111961187
106201,106207,111235,6,5028,2,36000,1.00119331742
106227,106233,111524,6,5291,2,36000,1.00113400113
106228,106239,111377,11,5138,2,36000,1.00214091086
106244,106250,111608,6,5358,2,36000,1.00111982083
106245,106256,111459,11,5203,2,36000,1.0021141649
106306,106312,111558,6,5246,2,36000,1.00114372856
106372,106378,111485,6,5107,2,36000,1.00117485804
106387,106393,111656,6,5263,2,36000,1.0011400342
106426,106432,106471,6,39,1,1800,1.15384615385
106526,106533,111780,7,5247,2,36000,1.00133409567
106564,106570,111867,6,5297,2,36000,1.00113271663
106585,106592,111861,7,5269,2,36000,1.00132852534
106587,106597,111949,10,5352,2,36000,1.00186846039
106642,106648,111853,6,5205,2,36000,1.00115273775
106670,106676,111881,6,5205,2,36000,1.00115273775
106691,106697,111887,6,5190,2,36000,1.00115606936
106709,106715,111897,6,5182,2,36000,1.00115785411
106725,106731,106846,6,115,1,1800,1.05217391304
106761,106768,111959,7,5191,2,36000,1.00134848777
106776,106783,106858,7,75,1,1800,1.09333333333
106780,106789,112071,9,5282,2,36000,1.00170390004
106802,106808,111963,6,5155,2,36000,1.00116391853
106817,106823,112102,6,5279,2,36000,1.0011365789
106832,106838,112064,6,5226,2,36000,1.00114810563
106853,106859,112074,6,5215,2,36000,1.00115052733
106884,106890,112214,6,5324,2,36000,1.0011269722
106908,106915,112123,7,5208,2,36000,1.00134408602
106967,106973,112290,6,5317,2,36000,1.0011284559
106983,106989,112208,6,5219,2,36000,1.00114964553
107035,107041,112282,6,5241,2,36000,1.00114481969
107050,107056,112336,6,5280,2,36000,1.00113636364
107121,107127,112381,6,5254,2,36000,1.00114198706
107139,107145,112364,6,5219,2,36000,1.00114964553
107155,107161,107261,6,100,1,1800,1.06
107158,107167,112457,9,5290,2,36000,1.00170132325
107173,107179,112390,6,5211,2,36000,1.00115141048
107188,107195,112411,7,5216,2,36000,1.00134202454
107228,107234,112565,6,5331,2,36000,1.0011254924
107372,107378,112565,6,5187,2,36000,1.001156738
107384,107390,107616,6,226,1,1800,1.02654867257
107388,107399,112647,11,5248,2,36000,1.00209603659
107449,107455,112816,6,5361,2,36000,1.00111919418
107563,107569,112875,6,5306,2,36000,1.00113079533
107612,107618,112703,6,5085,2,36000,1.001179941
107627,107633,112957,6,5324,2,36000,1.0011269722
107655,107661,112873,6,5212,2,36000,1.00115118956
107670,107676,112695,6,5019,2,36000,1.00119545726
107671,107682,113030,11,5348,2,36000,1.00205684368
107745,107752,113046,7,5294,2,36000,1.00132225161
107819,107825,113007,6,5182,2,36000,1.00115785411
107820,107831,113013,11,5182,2,36000,1.00212273254
107836,107842,113142,6,5300,2,36000,1.00113207547
107914,107920,108480,6,560,1,1800,1.01071428571
108023,108029,113259,6,5230,2,36000,1.00114722753
108048,108054,113180,6,5126,2,36000,1.00117050332
108063,108070,113291,7,5221,2,36000,1.00134073932
108078,108084,113115,6,5031,2,36000,1.00119260584
108167,108173,113321,6,5148,2,36000,1.00116550117
108201,108207,113488,6,5281,2,36000,1.00113614846
108529,108535,113706,6,5171,2,36000,1.00116031715
108560,108566,113775,6,5209,2,36000,1.00115185256
108703,108709,114078,6,5369,2,36000,1.00111752654
108889,108895,113934,6,5039,2,36000,1.00119071244
108974,108980,109009,6,29,1,1800,1.20689655172
109042,109049,114298,7,5249,2,36000,1.00133358735
109098,109104,114315,6,5211,2,36000,1.00115141048
109171,109177,114488,6,5311,2,36000,1.00112973075
109229,109235,114510,6,5275,2,36000,1.00113744076
109308,109314,114556,6,5242,2,36000,1.0011446013
109310,109320,109387,10,67,1,1800,1.14925373134
109446,109452,114121,6,4669,2,36000,1.00128507175
109462,109468,114928,6,5460,2,36000,1.0010989011
109490,109496,114669,6,5173,2,36000,1.00115986855
109514,109520,114719,6,5199,2,36000,1.00115406809
109563,109569,114610,6,5041,2,36000,1.00119024003
109579,109585,114704,6,5119,2,36000,1.00117210393
109603,109609,114849,6,5240,2,36000,1.00114503817
109621,109627,114874,6,5247,2,36000,1.00114351058
109725,109731,114794,6,5063,2,36000,1.00118506814
109747,109753,115025,6,5272,2,36000,1.00113808801
109762,109768,114867,6,5099,2,36000,1.00117670131
109777,109784,115057,7,5273,2,36000,1.00132751754
109793,109799,115045,6,5246,2,36000,1.00114372856
109891,109896,114984,5,5088,2,36000,1.0009827044
109906,109912,115264,6,5352,2,36000,1.00112107623
110031,110037,115186,6,5149,2,36000,1.00116527481
110081,110087,110218,6,131,1,1800,1.04580152672
110245,110252,110299,7,47,1,1800,1.14893617021
110247,110258,115579,11,5321,2,36000,1.00206728059
110281,110287,115480,6,5193,2,36000,1.0011554015
110373,110379,115629,6,5250,2,36000,1.00114285714
110453,110459,115721,6,5262,2,36000,1.00114025086
110484,110490,115869,6,5379,2,36000,1.00111544897
110521,110527,115396,6,4869,2,36000,1.00123228589
110542,110548,115859,6,5311,2,36000,1.00112973075
110601,110607,115820,6,5213,2,36000,1.00115096873
110623,110629,110707,6,78,1,1800,1.07692307692
110668,110675,115972,7,5297,2,36000,1.00132150274
110739,110745,116198,6,5453,2,36000,1.00110031175
110788,110794,116098,6,5304,2,36000,1.00113122172
110846,110852,116066,6,5214,2,36000,1.00115074799
110920,110926,114609,6,3683,2,36000,1.00162910671
111073,111079,116426,6,5347,2,36000,1.00112212456
111088,111094,116187,6,5093,2,36000,1.00117808757
111138,111144,116475,6,5331,2,36000,1.0011254924
111177,111183,116556,6,5373,2,36000,1.00111669458
111236,111242,116605,6,5363,2,36000,1.0011187768
111251,111257,116499,6,5242,2,36000,1.0011446013
111380,111387,116600,7,5213,2,36000,1.00134279685
111448,111453,116693,5,5240,2,36000,1.00095419847
111463,111469,116648,6,5179,2,36000,1.00115852481
111478,111485,116700,7,5215,2,36000,1.00134228188
111494,111500,116669,6,5169,2,36000,1.00116076611
111518,111524,116431,6,4907,2,36000,1.00122274302
111534,111540,116638,6,5098,2,36000,1.00117693213
111549,111555,116694,6,5139,2,36000,1.00116754232
111565,111571,116903,6,5332,2,36000,1.00112528132
111592,111598,111871,6,273,1,1800,1.02197802198
111610,111617,116813,7,5196,2,36000,1.00134719015
111660,111666,116803,6,5137,2,36000,1.00116799689
111781,111787,117219,6,5432,2,36000,1.00110456554
111855,111861,116976,6,5115,2,36000,1.00117302053
111872,111878,117115,6,5237,2,36000,1.0011456941
111873,111884,117116,11,5232,2,36000,1.00210244648
111892,111898,117198,6,5300,2,36000,1.00113207547
111893,111904,117100,11,5196,2,36000,1.00211701309
111909,111915,117176,6,5261,2,36000,1.00114046759
111951,111957,117176,6,5219,2,36000,1.00114964553
111967,111973,117270,6,5297,2,36000,1.00113271663
111968,111979,116195,11,4216,2,36000,1.00260910816
112067,112073,117328,6,5255,2,36000,1.00114176974
112083,112089,117315,6,5226,2,36000,1.00114810563
112084,112095,117348,11,5253,2,36000,1.0020940415
112103,112109,117353,6,5244,2,36000,1.00114416476
112125,112131,117309,6,5178,2,36000,1.00115874855
112211,112217,117210,6,4993,2,36000,1.00120168236
112226,112232,117374,6,5142,2,36000,1.00116686114
112284,112290,117370,6,5080,2,36000,1.00118110236
112300,112306,117445,6,5139,2,36000,1.00116754232
112339,112345,117521,6,5176,2,36000,1.00115919629
112367,112373,117687,6,5314,2,36000,1.00112909296
112382,112388,117604,6,5216,2,36000,1.00115030675
112398,112404,116914,6,4510,2,36000,1.00133037694
112413,112419,117658,6,5239,2,36000,1.00114525673
112459,112465,117733,6,5268,2,36000,1.00113895216
112572,112578,117638,6,5060,2,36000,1.00118577075
112574,112584,117701,10,5117,2,36000,1.00195427008
112648,112654,117953,6,5299,2,36000,1.00113228911
112700,112706,117673,6,4967,2,36000,1.00120797262
112716,112722,117950,6,5228,2,36000,1.00114766641
112817,112823,118078,6,5255,2,36000,1.00114176974
112876,112882,118129,6,5247,2,36000,1.00114351058
112877,112888,117898,11,5010,2,36000,1.00219560878
112960,112966,118229,6,5263,2,36000,1.0011400342
113009,113015,118268,6,5253,2,36000,1.00114220445
113024,113031,118335,7,5304,2,36000,1.00131975867
113041,113047,118175,6,5128,2,36000,1.0011700468
113056,113062,118041,6,4979,2,36000,1.00120506126
113117,113123,118422,6,5299,2,36000,1.00113228911
113145,113151,118321,6,5170,2,36000,1.00116054159
113182,113188,118462,6,5274,2,36000,1.00113765643
113259,113265,118484,6,5219,2,36000,1.00114964553
113293,113300,118300,7,5000,2,36000,1.0014
113324,113330,118507,6,5177,2,36000,1.00115897238
113489,113495,118750,6,5255,2,36000,1.00114176974
113709,113715,118989,6,5274,2,36000,1.00113765643
113776,113782,119117,6,5335,2,36000,1.00112464855
113934,113941,119072,7,5131,2,36000,1.00136425648
114079,114085,119271,6,5186,2,36000,1.00115696105
114124,114131,118180,7,4049,2,36000,1.00172882193
114302,114308,119518,6,5210,2,36000,1.00115163148
114317,114323,119511,6,5188,2,36000,1.00115651503
114490,114496,119869,6,5373,2,36000,1.00111669458
114511,114517,119709,6,5192,2,36000,1.00115562404
114557,114564,119677,7,5113,2,36000,1.00136905926
114609,114615,119925,6,5310,2,36000,1.0011299435
114625,114631,119871,6,5240,2,36000,1.00114503817
114670,114677,119965,7,5288,2,36000,1.00132375189
114707,114713,119875,6,5162,2,36000,1.00116234018
114722,114729,120011,7,5282,2,36000,1.00132525559
114796,114802,120106,6,5304,2,36000,1.00113122172
114851,114857,119288,6,4431,2,36000,1.00135409614
114867,114873,120041,6,5168,2,36000,1.00116099071
114882,114888,118514,6,3626,2,36000,1.00165471594
114931,114937,120251,6,5314,2,36000,1.00112909296
114986,114992,120219,6,5227,2,36000,1.00114788598
115027,115033,120267,6,5234,2,36000,1.00114635078
115028,115039,120242,11,5203,2,36000,1.0021141649
115030,115044,120259,14,5215,2,36000,1.00268456376
115031,115050,120264,19,5214,2,36000,1.00364403529
115032,115055,120364,23,5309,2,36000,1.00433226596
115034,115060,120305,26,5245,2,36000,1.004957102
115035,115066,120253,31,5187,2,36000,1.00597647966
115036,115071,119936,35,4865,2,36000,1.0071942446
115038,115076,120427,38,5351,2,36000,1.00710147636
115039,115081,120278,42,5197,2,36000,1.00808158553
115040,115087,120307,47,5220,2,36000,1.00900383142
115041,115092,120326,51,5234,2,36000,1.00974398166
115043,115097,120263,54,5166,2,36000,1.01045296167
115045,115102,120354,57,5252,2,36000,1.01085300838
115046,115107,120364,61,5257,2,36000,1.01160357618
115048,115112,120451,64,5339,2,36000,1.01198726353
115049,115118,120317,69,5199,2,36000,1.01327178304
115050,115123,120393,73,5270,2,36000,1.01385199241
115052,115128,120253,76,5125,2,36000,1.01482926829
115053,115133,120226,80,5093,2,36000,1.01570783428
115054,115138,120448,84,5310,2,36000,1.01581920904
115069,115144,120449,75,5305,2,36000,1.01413760603
115071,115149,119848,78,4699,2,36000,1.01659927644
115195,115201,120582,6,5381,2,36000,1.00111503438
115266,115272,120516,6,5244,2,36000,1.00114416476
115398,115404,120608,6,5204,2,36000,1.00115295926
115481,115487,120781,6,5294,2,36000,1.00113335852
115588,115594,120548,6,4954,2,36000,1.00121114251
115628,115634,119354,6,3720,2,36000,1.00161290323
115723,115729,121029,6,5300,2,36000,1.00113207547
115821,115827,121151,6,5324,2,36000,1.0011269722
115861,115867,121091,6,5224,2,36000,1.00114854518
115876,115883,121255,7,5372,2,36000,1.00130305287
115975,115981,121108,6,5127,2,36000,1.00117027501
116067,116073,121104,6,5031,2,36000,1.00119260584
116100,116106,121349,6,5243,2,36000,1.00114438299
116190,116196,121354,6,5158,2,36000,1.00116324157
116205,116211,121257,6,5046,2,36000,1.00118906064
116207,116217,121354,10,5137,2,36000,1.00194666148
116427,116433,121354,6,4921,2,36000,1.00121926438
116443,116449,121184,6,4735,2,36000,1.00126715945
116476,116482,121355,6,4873,2,36000,1.00123127437
116501,116507,121354,6,4847,2,36000,1.0012378791
116559,116565,121354,6,4789,2,36000,1.00125287116
116602,116608,121355,6,4747,2,36000,1.00126395618
116617,116623,121354,6,4731,2,36000,1.00126823082
116641,116648,121355,7,4707,2,36000,1.0014871468
116657,116663,121354,6,4691,2,36000,1.00127904498
116672,116679,121354,7,4675,2,36000,1.0014973262
116694,116700,121355,6,4655,2,36000,1.00128893663
116695,116706,121354,11,4648,2,36000,1.00236660929
116711,116717,121355,6,4638,2,36000,1.00129366106
116803,116809,121355,6,4546,2,36000,1.00131984162
116819,116825,121355,6,4530,2,36000,1.00132450331
116904,116910,121355,6,4445,2,36000,1.00134983127
116920,116925,121355,5,4430,2,36000,1.00112866817
116978,116984,121355,6,4371,2,36000,1.0013726836
117105,117111,121355,6,4244,2,36000,1.0014137606
117121,117127,121355,6,4228,2,36000,1.00141911069
117123,117133,121355,10,4222,2,36000,1.00236854571
117178,117184,121355,6,4171,2,36000,1.00143850396
117180,117190,120744,10,3554,2,36000,1.00281373101
117201,117207,121355,6,4148,2,36000,1.00144648023
117217,117223,121355,6,4132,2,36000,1.00145208132
117232,117239,121355,7,4116,2,36000,1.00170068027
117272,117278,121355,6,4077,2,36000,1.00147167035
117309,117315,121355,6,4040,2,36000,1.00148514851
117325,117331,121355,6,4024,2,36000,1.00149105368
117340,117346,121355,6,4009,2,36000,1.00149663258
117356,117362,121355,6,3993,2,36000,1.0015026296
117357,117368,121355,11,3987,2,36000,1.00275896664
117373,117379,121355,6,3976,2,36000,1.00150905433
117388,117394,121355,6,3961,2,36000,1.001514769
117449,117455,121355,6,3900,2,36000,1.00153846154
117522,117528,121355,6,3827,2,36000,1.00156780768
117605,117611,121355,6,3744,2,36000,1.0016025641
117639,117645,121355,6,3710,2,36000,1.00161725067
117661,117667,121355,6,3688,2,36000,1.00162689805
117676,117682,121355,6,3673,2,36000,1.00163354206
117692,117697,121355,5,3658,2,36000,1.00136686714
117707,117713,121355,6,3642,2,36000,1.00164744646
117735,117741,121355,6,3614,2,36000,1.00166021029
117751,117757,118863,6,1106,1,288000,1.00542495479
117901,117907,121355,6,3448,2,36000,1.00174013921
117953,117960,121355,7,3395,2,36000,1.00206185567
117955,117966,121355,11,3389,2,36000,1.00324579522
118044,118050,121355,6,3305,2,36000,1.00181543116
118081,118087,121355,6,3268,2,36000,1.00183598531
118130,118137,121355,7,3218,2,36000,1.00217526414
118177,118183,121355,6,3172,2,36000,1.00189155107
118193,118199,121355,6,3156,2,36000,1.00190114068
118230,118236,121355,6,3119,2,36000,1.00192369349
118270,118276,121355,6,3079,2,36000,1.00194868464
118301,118307,121355,6,3048,2,36000,1.00196850394
118323,118329,121355,6,3026,2,36000,1.0019828156
118338,118344,121355,6,3011,2,36000,1.00199269346
118424,118430,121355,6,2925,2,36000,1.00205128205
118464,118471,121355,7,2884,2,36000,1.00242718447
118486,118492,121355,6,2863,2,36000,1.00209570381
118508,118514,121355,6,2841,2,36000,1.00211193242
118523,118529,121355,6,2826,2,36000,1.00212314225
118751,118757,121355,6,2598,2,36000,1.00230946882
118992,118998,121355,6,2357,2,36000,1.00254560882
119074,119081,121355,7,2274,2,36000,1.00307827617
119121,119127,121355,6,2228,2,36000,1.0026929982
119148,119155,119163,7,8,8,3600,1.5
119247,119253,123262,6,4009,4,72000,1.00149663258
119274,119280,121355,6,2075,2,36000,1.00289156627
119290,119296,121355,6,2059,2,36000,1.00291403594
119357,119362,121355,5,1993,2,36000,1.00250878073
119384,119390,122934,6,3544,4,72000,1.00169300226
119494,119691,122999,197,3308,8,3600,1.05955259976
119513,119519,121355,6,1836,2,36000,1.00326797386
119528,119534,121355,6,1821,2,36000,1.00329489292
119679,119685,121355,6,1670,2,36000,1.00359281437
119713,119719,121355,6,1636,2,36000,1.00366748166
119794,119800,407813,6,288013,1,288000,1.00002083239
119805,119811,407840,6,288029,1,288000,1.00002083124
119809,120266,160439,457,40173,8,43200,1.01137579967
119814,119820,407858,6,288038,1,288000,1.00002083058
119823,119885,407904,62,288019,1,288000,1.00021526358
119851,119857,121355,6,1498,2,36000,1.00400534045
119873,119879,121355,6,1476,2,36000,1.00406504065
119874,119890,121355,16,1465,2,36000,1.01092150171
119890,119896,121355,6,1459,2,36000,1.00411240576
119927,119933,121355,6,1422,2,36000,1.00421940928
119942,119947,121355,5,1408,2,36000,1.00355113636
119966,119972,121355,6,1383,2,36000,1.00433839479
120013,120019,121355,6,1336,2,36000,1.00449101796
120043,120050,121355,7,1305,2,36000,1.00536398467
120108,120115,121355,7,1240,2,36000,1.00564516129
120222,120228,121355,6,1127,2,36000,1.00532386868
120238,120244,121355,6,1111,2,36000,1.00540054005
120254,120260,121355,6,1095,2,36000,1.00547945205
120256,120271,121355,15,1084,2,36000,1.01383763838
120258,120277,121355,19,1078,2,36000,1.01762523191
120259,120282,121355,23,1073,2,36000,1.02143522833
120276,120288,121355,12,1067,2,36000,1.01124648547
120277,120293,121355,16,1062,2,36000,1.01506591337
120278,120299,121355,21,1056,2,36000,1.01988636364
120280,120304,121355,24,1051,2,36000,1.02283539486
120295,120310,121355,15,1045,2,36000,1.01435406699
120312,120318,121355,6,1037,2,36000,1.00578592093
120314,120324,121355,10,1031,2,36000,1.00969932105
120330,120336,121355,6,1019,2,36000,1.00588812561
120331,120342,121355,11,1013,2,36000,1.01085883514
120356,120362,121355,6,993,2,36000,1.00604229607
120372,120378,121355,6,977,2,36000,1.00614124872
120373,120384,121355,11,971,2,36000,1.01132852729
120395,120401,121355,6,954,2,36000,1.00628930818
120430,120436,121355,6,919,2,36000,1.00652883569
120452,120458,121355,6,897,2,36000,1.00668896321
120453,120464,121355,11,891,2,36000,1.01234567901
120454,120469,121355,15,886,2,36000,1.01693002257
120519,120525,121355,6,830,2,36000,1.00722891566
120550,120556,121355,6,799,2,36000,1.00750938673
120585,120591,121355,6,764,2,36000,1.00785340314
120610,120616,121355,6,739,2,36000,1.00811907984
120762,120768,121355,6,587,2,36000,1.01022146508
120785,120792,121355,7,563,2,36000,1.01243339254
121028,121034,121355,6,321,2,36000,1.01869158879
121092,121099,121355,7,256,2,36000,1.02734375
121108,121114,121355,6,241,2,36000,1.02489626556
121109,121120,121355,11,235,2,36000,1.04680851064
121153,121159,121355,6,196,2,36000,1.0306122449
121187,121193,121355,6,162,2,36000,1.03703703704
121258,121264,121355,6,91,2,36000,1.06593406593
121259,121270,121355,11,85,2,36000,1.12941176471
121390,121396,123510,6,2114,2,36000,1.00283822138
121391,121402,124315,11,2913,2,36000,1.00377617576
121393,121407,125096,14,3689,2,36000,1.00379506641
121394,121412,125557,18,4145,2,36000,1.00434258142
121395,121417,124249,22,2832,2,36000,1.00776836158
121397,121424,124268,27,2844,2,36000,1.00949367089
121398,121429,124711,31,3282,2,36000,1.00944546009
121400,121434,123830,34,2396,2,36000,1.0141903172
121402,121439,124321,37,2882,2,36000,1.01283830673
121403,121445,123656,42,2211,2,36000,1.01899592944
121405,121450,124106,45,2656,2,36000,1.01694277108
121406,121455,123880,49,2425,2,36000,1.02020618557
121407,121460,123672,53,2212,2,36000,1.023960217
121409,121465,123824,56,2359,2,36000,1.0237388724
121410,121470,124674,60,3204,2,36000,1.01872659176
121412,121476,123902,64,2426,2,36000,1.02638087387
121413,121481,126526,68,5045,2,36000,1.01347869177
121414,121486,125242,72,3756,2,36000,1.01916932907
121416,121491,126505,75,5014,2,36000,1.01495811727
121417,121496,125019,79,3523,2,36000,1.02242407039
121419,121501,126204,82,4703,2,36000,1.01743567935
121420,121507,123822,87,2315,2,36000,1.03758099352
121421,121512,124481,91,2969,2,36000,1.03065005052
121423,121517,124704,94,3187,2,36000,1.02949482272
121424,121523,125676,99,4153,2,36000,1.02383818926
121425,121528,124982,103,3454,2,36000,1.02982049797
121427,121533,124108,106,2575,2,36000,1.04116504854
121428,121538,124639,110,3101,2,36000,1.03547242825
121429,121543,124174,114,2631,2,36000,1.0433295325
121431,121549,123836,118,2287,2,36000,1.05159597726
121432,121554,124144,122,2590,2,36000,1.0471042471
121434,121559,124526,125,2967,2,36000,1.04213009774
121435,121564,124583,129,3019,2,36000,1.04272938059
121437,121569,124412,132,2843,2,36000,1.04642982765
121438,121574,126364,136,4790,2,36000,1.02839248434
121439,121579,124010,140,2431,2,36000,1.05758946935
121441,121585,123975,144,2390,2,36000,1.06025104603
121442,121590,124177,148,2587,2,36000,1.05720912254
121443,121595,124007,152,2412,2,36000,1.06301824212
121445,121600,124703,155,3103,2,36000,1.04995165968
121446,121605,124803,159,3198,2,36000,1.04971857411
121447,121610,123837,163,2227,2,36000,1.07319263583
121449,121616,125203,167,3587,2,36000,1.04655701143
121450,121621,126795,171,5174,2,36000,1.03304986471
121451,121626,124483,175,2857,2,36000,1.06125306265
121453,121631,124483,178,2852,2,36000,1.06241234222
121454,121636,124252,182,2616,2,36000,1.06957186544
121455,121641,124110,186,2469,2,36000,1.07533414338
121457,121647,126671,190,5024,2,36000,1.03781847134
121458,121652,124546,194,2894,2,36000,1.06703524534
121459,121657,125312,198,3655,2,36000,1.05417236662
121461,121662,123967,201,2305,2,36000,1.08720173536
121462,121667,124084,205,2417,2,36000,1.08481588746
121464,121672,124867,208,3195,2,36000,1.06510172144
121465,121677,124447,212,2770,2,36000,1.07653429603
121467,121683,124382,216,2699,2,36000,1.08002964061
121468,121688,125556,220,3868,2,36000,1.05687693899
121469,121693,124483,224,2790,2,36000,1.08028673835
121471,121698,124155,227,2457,2,36000,1.09238909239
121472,121703,126328,231,4625,2,36000,1.04994594595
121473,121709,125323,236,3614,2,36000,1.06530160487
121475,121714,124791,239,3077,2,36000,1.07767305817
121476,121719,124463,243,2744,2,36000,1.08855685131
121477,121724,124211,247,2487,2,36000,1.09931644552
121479,121729,124156,250,2427,2,36000,1.10300782859
121480,121734,124706,254,2972,2,36000,1.08546433378
121481,121739,124968,258,3229,2,36000,1.07990089811
121483,121745,124705,262,2960,2,36000,1.08851351351
121484,121750,124498,266,2748,2,36000,1.09679767103
121485,121755,126845,270,5090,2,36000,1.05304518664
121486,121760,125424,274,3664,2,36000,1.07478165939
121488,121765,125253,277,3488,2,36000,1.07941513761
121490,121770,124722,280,2952,2,36000,1.09485094851
121491,121776,126697,285,4921,2,36000,1.05791505792
121492,121781,124553,289,2772,2,36000,1.10425685426
121494,121786,124104,292,2318,2,36000,1.12597066437
121495,121791,126399,296,4608,2,36000,1.06423611111
121496,121796,124937,300,3141,2,36000,1.09551098376
121497,121802,125481,305,3679,2,36000,1.08290296276
121499,121807,124544,308,2737,2,36000,1.11253196931
121500,121812,125108,312,3296,2,36000,1.09466019417
121502,121817,126777,315,4960,2,36000,1.06350806452
121503,121823,124627,320,2804,2,36000,1.11412268188
121504,121828,124406,324,2578,2,36000,1.12567882079
121506,121833,125981,327,4148,2,36000,1.07883317261
121507,121838,124181,331,2343,2,36000,1.14127187367
121508,121843,124378,335,2535,2,36000,1.13214990138
121510,121849,126681,339,4832,2,36000,1.07015728477
121511,121854,125009,343,3155,2,36000,1.1087163233
121512,121859,126289,347,4430,2,36000,1.07832957111
121514,121864,126390,350,4526,2,36000,1.07733097658
121515,121870,126559,355,4689,2,36000,1.07570910642
121516,121875,124614,359,2739,2,36000,1.13106973348
121518,121880,124645,362,2765,2,36000,1.13092224231
121519,121885,125335,366,3450,2,36000,1.10608695652
121520,121890,124471,370,2581,2,36000,1.14335528865
121522,121895,126619,373,4724,2,36000,1.07895850974
121523,121900,124811,377,2911,2,36000,1.12950875988
121524,121906,124155,382,2249,2,36000,1.16985326812
121526,121911,126505,385,4594,2,36000,1.083804963
121527,121916,124608,389,2692,2,36000,1.14450222883
121529,121921,124487,392,2566,2,36000,1.15276695246
121530,121926,124440,396,2514,2,36000,1.15751789976
121531,121931,124837,400,2906,2,36000,1.13764624914
121533,121937,125011,404,3074,2,36000,1.13142485361
121534,121942,124623,408,2681,2,36000,1.15218202163
121535,121947,126910,412,4963,2,36000,1.08301430586
121537,121952,124926,415,2974,2,36000,1.13954270343
121539,121957,125715,418,3758,2,36000,1.11122937733
121540,121962,125655,422,3693,2,36000,1.114270241
121541,121967,125816,426,3849,2,36000,1.11067809821
121544,121973,124162,429,2189,2,36000,1.1959798995
121545,121978,124890,433,2912,2,36000,1.14869505495
121546,121983,124158,437,2175,2,36000,1.20091954023
121548,121990,125466,442,3476,2,36000,1.12715765247
121549,121995,125043,446,3048,2,36000,1.14632545932
121550,122000,124463,450,2463,2,36000,1.18270401949
121552,122005,124257,453,2252,2,36000,1.20115452931
121553,122010,124946,457,2936,2,36000,1.15565395095
121554,122016,124736,462,2720,2,36000,1.16985294118
123003,123010,124708,7,1698,4,72000,1.00412249706
123319,123325,124831,6,1506,4,72000,1.00398406375
123511,123517,126353,6,2836,2,36000,1.00211565585
123657,123663,126330,6,2667,2,36000,1.00224971879
123671,123678,126132,7,2454,2,36000,1.00285248574
123823,123830,126397,7,2567,2,36000,1.00272691858
123839,123845,127850,6,4005,2,36000,1.00149812734
123840,123851,126760,11,2909,2,36000,1.00378136817
123841,123856,127141,15,3285,2,36000,1.00456621005
123842,123862,126195,20,2333,2,36000,1.00857265324
123881,123888,128883,7,4995,2,36000,1.0014014014
123902,123908,127094,6,3186,2,36000,1.00188323917
123969,123975,126926,6,2951,2,36000,1.00203320908
123984,123991,126294,7,2303,2,36000,1.00303951368
124009,124015,126676,6,2661,2,36000,1.00225479143
124024,124030,128425,6,4395,2,36000,1.00136518771
124084,124090,127067,6,2977,2,36000,1.0020154518
124105,124111,127808,6,3697,2,36000,1.00162293752
124107,124117,127365,10,3248,2,36000,1.00307881773
124122,124128,127370,6,3242,2,36000,1.00185070944
124123,124134,127444,11,3310,2,36000,1.00332326284
124147,124153,127588,6,3435,2,36000,1.00174672489
124162,124168,127531,6,3363,2,36000,1.00178412132
124164,124175,126610,11,2435,2,36000,1.0045174538
124165,124180,127140,15,2960,2,36000,1.00506756757
124166,124185,126851,19,2666,2,36000,1.0071267817
124168,124190,126743,22,2553,2,36000,1.00861731297
124183,124198,127637,15,3439,2,36000,1.00436173306
124184,124203,127044,19,2841,2,36000,1.00668778599
124186,124208,127163,22,2955,2,36000,1.00744500846
124213,124219,126722,6,2503,2,36000,1.00239712345
124252,124259,126987,7,2728,2,36000,1.0025659824
124254,124265,126633,11,2368,2,36000,1.00464527027
124269,124275,126823,6,2548,2,36000,1.00235478807
124270,124281,127564,11,3283,2,36000,1.00335059397
124318,124324,128521,6,4197,2,36000,1.00142959257
124326,124420,124421,94,1,14,43200,9.5
124333,124339,126505,6,2166,2,36000,1.0027700831
124378,124385,127372,7,2987,2,36000,1.00234348845
124393,124399,127390,6,2991,2,36000,1.00200601805
124408,124414,127257,6,2843,2,36000,1.00211044671
124423,124429,129424,6,4995,2,36000,1.0012012012
124441,124447,126815,6,2368,2,36000,1.00253378378
124456,124462,128925,6,4463,2,36000,1.00134438718
124473,124479,126658,6,2179,2,36000,1.00275355668
124474,124485,127203,11,2718,2,36000,1.00404709345
124476,124490,127778,14,3288,2,36000,1.00425790754
124492,124498,128032,6,3534,2,36000,1.00169779287
124493,124504,127748,11,3244,2,36000,1.00339087546
124494,124509,127844,15,3335,2,36000,1.00449775112
124496,124514,127358,18,2844,2,36000,1.00632911392
124497,124519,127067,22,2548,2,36000,1.00863422292
124512,124526,127666,14,3140,2,36000,1.00445859873
124526,124533,126995,7,2462,2,36000,1.0028432169
124545,124551,127632,6,3081,2,36000,1.00194741967
124560,124566,127269,6,2703,2,36000,1.00221975583
124561,124572,127900,11,3328,2,36000,1.00330528846
124585,124591,127617,6,3026,2,36000,1.0019828156
124609,124615,129924,6,5309,2,36000,1.00113015634
124624,124630,129954,6,5324,2,36000,1.0011269722
124625,124636,127799,11,3163,2,36000,1.00347771103
124640,124647,127731,7,3084,2,36000,1.00226977951
124642,124652,128260,10,3608,2,36000,1.00277161863
124656,124663,127682,7,3019,2,36000,1.00231864856
124675,124682,128902,7,4220,2,36000,1.00165876777
124705,124711,127332,6,2621,2,36000,1.00228920259
124707,124717,127664,10,2947,2,36000,1.0033932813
124708,124722,127539,14,2817,2,36000,1.00496982606
124724,124730,127206,6,2476,2,36000,1.00242326333
124725,124736,129048,11,4312,2,36000,1.00255102041
124727,124741,127981,14,3240,2,36000,1.00432098765
124742,124747,127549,5,2802,2,36000,1.00178443969
124768,124775,127766,7,2991,4,72000,1.0023403544
124793,124799,128244,6,3445,2,36000,1.00174165457
124808,124813,128917,5,4104,2,36000,1.00121832359
124823,124829,129557,6,4728,2,36000,1.00126903553
124838,124844,127474,6,2630,2,36000,1.00228136882
124845,125043,125044,198,1,10,43200,19.9
124868,124874,127887,6,3013,2,36000,1.00199137073
124870,124880,127855,10,2975,4,72000,1.00336134454
124893,124899,127237,6,2338,2,36000,1.00256629598
124926,124933,129702,7,4769,2,36000,1.00146781296
124941,124947,128432,6,3485,2,36000,1.00172166428
124956,124962,127691,6,2729,2,36000,1.00219860755
124971,124977,127662,6,2685,2,36000,1.00223463687
124975,125030,125031,55,1,14,43200,5.6
124986,124992,127935,6,2943,2,36000,1.00203873598
125010,125017,127594,7,2577,2,36000,1.00271633683
125012,125022,127534,10,2512,2,36000,1.00398089172
125027,125036,128281,9,3245,2,36000,1.00277349769
125044,125050,129080,6,4030,2,36000,1.00148883375
125099,125105,127962,6,2857,2,36000,1.00210010501
125114,125120,129779,6,4659,2,36000,1.00128783001
125184,125191,125192,7,1,14,43200,1.0
125205,125211,129280,6,4069,2,36000,1.00147456377
125245,125251,128737,6,3486,2,36000,1.0017211704
125260,125266,129458,6,4192,2,36000,1.00143129771
125314,125320,130427,6,5107,2,36000,1.00117485804
125329,125335,128582,6,3247,2,36000,1.00184785956
125344,125350,130018,6,4668,2,36000,1.00128534704
125426,125432,128198,6,2766,2,36000,1.0021691974
125469,125475,128981,6,3506,2,36000,1.00171135197
125483,125490,128532,7,3042,2,36000,1.00230111769
125558,125564,127775,6,2211,2,36000,1.00271370421
125559,125570,128168,11,2598,2,36000,1.00423402617
125656,125662,129109,6,3447,2,36000,1.00174064404
125677,125683,128792,6,3109,2,36000,1.00192988099
125717,125723,129249,6,3526,2,36000,1.00170164492
125818,125824,128585,6,2761,2,36000,1.00217312568
125982,125988,130452,6,4464,2,36000,1.00134408602
126134,126140,129013,6,2873,2,36000,1.00208840933
126195,126202,131258,7,5056,2,36000,1.00138449367
126211,126217,129860,6,3643,2,36000,1.00164699424
126289,126295,130046,6,3751,2,36000,1.00159957345
126304,126310,128678,6,2368,2,36000,1.00253378378
126314,126320,133561,6,7241,2,7200,1.00082861483
126332,126338,128979,6,2641,2,36000,1.00227186672
126333,126349,129543,16,3194,2,36000,1.00500939261
126338,126344,126347,6,3,4,7200,1.0
126354,126360,129115,6,2755,2,36000,1.00217785844
126369,126374,129520,5,3146,2,36000,1.00158931977
126390,126396,129342,6,2946,2,36000,1.00203665988
126405,126411,129037,6,2626,2,36000,1.00228484387
126407,126417,129454,10,3037,2,36000,1.00329272308
126507,126514,129175,7,2661,2,36000,1.00263059
126509,126520,131181,11,4661,2,36000,1.00236000858
126510,126525,130210,15,3685,2,36000,1.00407055631
126528,126534,129674,6,3140,2,36000,1.00191082803
126561,126567,128958,6,2391,2,36000,1.00250941029
126567,126573,168173,6,41600,1,43200,1.00014423077
126613,126619,131004,6,4385,2,36000,1.00136830103
126619,126625,133871,6,7246,4,7200,1.00082804306
126628,126634,130102,6,3468,2,36000,1.00173010381
126643,126649,129711,6,3062,2,36000,1.00195950359
126661,126667,129506,6,2839,2,36000,1.00211342022
126676,126682,130364,6,3682,2,36000,1.00162954916
126678,126688,130565,10,3877,2,36000,1.0025793139
126693,126699,129508,6,2809,2,36000,1.00213599146
126705,126711,126712,6,1,4,7200,1.0
126708,126717,131775,9,5058,2,36000,1.00177935943
126723,126774,133986,51,7212,8,7200,1.00707154742
126723,126729,129839,6,3110,2,36000,1.00192926045
126744,126750,131700,6,4950,2,36000,1.00121212121
126762,126768,131862,6,5094,2,36000,1.0011778563
126780,126786,129448,6,2662,2,36000,1.0022539444
126798,126804,129449,6,2645,2,36000,1.002268431
126815,126822,130867,7,4045,1,7200,1.00173053152
126817,126827,129607,10,2780,2,36000,1.0035971223
126831,126838,131920,7,5082,2,36000,1.00137741047
126846,126853,130975,7,4122,2,36000,1.00169820475
126861,126868,129820,7,2952,2,36000,1.00237127371
126913,126919,130496,6,3577,2,36000,1.00167738328
126928,126934,129376,6,2442,2,36000,1.00245700246
126988,126995,129872,7,2877,2,36000,1.00243309002
127003,127009,129643,6,2634,2,36000,1.00227790433
127045,127052,129863,7,2811,2,36000,1.002490217
127070,127076,130654,6,3578,2,36000,1.00167691448
127072,127082,130336,10,3254,2,36000,1.00307314075
127096,127102,130438,6,3336,2,36000,1.00179856115
127142,127148,130380,6,3232,2,36000,1.00185643564
127143,127154,130730,11,3576,2,36000,1.00307606264
127164,127170,132187,6,5017,2,36000,1.00119593382
127203,127209,129660,6,2451,2,36000,1.00244798042
127218,127224,129978,6,2754,2,36000,1.00217864924
127244,127251,131036,7,3785,2,36000,1.00184940555
127260,127266,130797,6,3531,2,36000,1.00169923534
127275,127281,130288,6,3007,2,36000,1.0019953442
127338,127343,130726,5,3383,2,36000,1.00147797813
127359,127365,129978,6,2613,2,36000,1.00229621125
127375,127381,130091,6,2710,2,36000,1.00221402214
127376,127387,131122,11,3735,2,36000,1.00294511379
127377,127392,132155,15,4763,2,36000,1.00314927567
127392,127399,130629,7,3230,2,36000,1.00216718266
127447,127453,131234,6,3781,2,36000,1.00158688178
127477,127483,130260,6,2777,2,36000,1.00216060497
127535,127541,130285,6,2744,2,36000,1.00218658892
127536,127547,131019,11,3472,2,36000,1.00316820276
127551,127557,130427,6,2870,2,36000,1.00209059233
127552,127563,130116,11,2553,2,36000,1.00430865648
127567,127574,131015,7,3441,2,36000,1.00203429236
127589,127595,130409,6,2814,2,36000,1.00213219616
127604,127610,130648,6,3038,2,36000,1.00197498354
127619,127625,130738,6,3113,2,36000,1.00192740122
127635,127641,130709,6,3068,2,36000,1.00195567145
127650,127656,130216,6,2560,2,36000,1.00234375
127665,127672,130332,7,2660,2,36000,1.00263157895
127667,127678,130777,11,3099,2,36000,1.00354953211
127683,127689,132475,6,4786,2,36000,1.0012536565
127684,127695,130463,11,2768,2,36000,1.00397398844
127699,127705,131221,6,3516,2,36000,1.00170648464
127732,127738,130420,6,2682,2,36000,1.00223713647
127750,127756,130937,6,3181,2,36000,1.00188619931
127777,127783,132571,6,4788,2,36000,1.00125313283
127794,127800,131694,6,3894,2,36000,1.00154083205
127809,127816,130439,7,2623,2,36000,1.00266869996
127815,127822,131924,7,4102,2,36000,1.00170648464
127846,127852,132215,6,4363,2,36000,1.00137520055
127861,127866,131624,5,3758,2,36000,1.00133049494
127888,127894,131649,6,3755,2,36000,1.00159786951
127903,127909,131723,6,3814,2,36000,1.00157315155
127936,127942,131035,6,3093,2,36000,1.00193986421
127964,127970,132861,6,4891,2,36000,1.001226743
127982,127988,130524,6,2536,2,36000,1.0023659306
128033,128039,132821,6,4782,2,36000,1.00125470514
128170,128176,133068,6,4892,2,36000,1.00122649223
128200,128206,130717,6,2511,2,36000,1.00238948626
128246,128252,131752,6,3500,2,36000,1.00171428571
128261,128267,133147,6,4880,2,36000,1.0012295082
128281,128288,132852,7,4564,2,36000,1.00153374233
128427,128434,133639,7,5205,2,36000,1.00134486071
128443,128449,131584,6,3135,2,36000,1.0019138756
128523,128529,131859,6,3330,2,36000,1.0018018018
128538,128543,131475,5,2932,2,36000,1.0017053206
128583,128590,132057,7,3467,2,36000,1.00201903663
128599,128605,132469,6,3864,2,36000,1.00155279503
128678,128684,131288,6,2604,2,36000,1.00230414747
128739,128745,131962,6,3217,2,36000,1.0018650917
128794,128800,131399,6,2599,2,36000,1.00230858022
128885,128891,132845,6,3954,2,36000,1.00151745068
128903,128909,131758,6,2849,2,36000,1.00210600211
128917,128924,131203,7,2279,2,36000,1.0030715226
128932,128938,132105,6,3167,2,36000,1.00189453742
128960,128966,133563,6,4597,2,36000,1.00130519904
128981,128987,131518,6,2531,2,36000,1.0023706045
128982,128993,132360,11,3367,2,36000,1.00326700327
129016,129022,131838,6,2816,2,36000,1.00213068182
129040,129046,132603,6,3557,2,36000,1.00168681473
129055,129061,132273,6,3212,2,36000,1.00186799502
129082,129088,132079,6,2991,2,36000,1.00200601805
129109,129115,132009,6,2894,2,36000,1.00207325501
129124,129130,132180,6,3050,2,36000,1.00196721311
129613,129629,129636,16,7,8,84000,2.3
129613,129619,129625,6,6,8,84000,1.2
129613,129624,129630,11,6,8,84000,1.7
129635,129641,129646,6,5,5,3600,1.1
129646,129652,129657,6,5,5,3600,1.1
129657,129663,129667,6,4,5,3600,1.0
129667,129673,129678,6,5,5,3600,1.1
129678,129684,129690,6,6,5,3600,1.2
129689,129695,129700,6,5,5,3600,1.1
129699,129706,129710,7,4,5,3600,1.1
129710,129716,129721,6,5,5,3600,1.1
129721,129727,129732,6,5,5,3600,1.1
129731,129738,129744,7,6,5,3600,1.3
129742,129748,129753,6,5,5,3600,1.1
129753,129759,129764,6,5,5,3600,1.1
129763,129770,129776,7,6,5,3600,1.3
129774,129780,129786,6,6,5,3600,1.2
129785,129790,129795,5,5,5,3600,1.0
129795,129801,129806,6,5,5,3600,1.1
129806,129812,129818,6,6,5,3600,1.2
129817,129823,129829,6,6,5,3600,1.2
129827,129833,129838,6,5,5,3600,1.1
129942,129958,199181,16,69223,8,84000,1.00023113705
129942,129953,200043,11,70090,8,84000,1.00015694108
129942,129948,200512,6,70564,8,84000,1.00008502919
129957,129964,130110,7,146,5,3600,1.04794520548
129968,129974,130110,6,136,5,3600,1.04411764706
129979,129985,130110,6,125,5,3600,1.048
129989,129995,130111,6,116,5,3600,1.05172413793
130000,130006,130111,6,105,5,3600,1.05714285714
130011,130017,130111,6,94,5,3600,1.06382978723
130021,130027,130111,6,84,5,3600,1.07142857143
130032,130038,130111,6,73,5,3600,1.08219178082
130043,130049,130111,6,62,5,3600,1.09677419355
130053,130059,130111,6,52,5,3600,1.11538461538
130064,130070,130111,6,41,5,3600,1.14634146341
130075,130081,130111,6,30,5,3600,1.2
130085,130092,130111,7,19,5,3600,1.36842105263
130141,130147,132924,6,2777,5,3600,1.00216060497
130151,130158,132975,7,2817,5,3600,1.00248491303
130162,130168,132959,6,2791,5,3600,1.00214976711
130173,130179,133005,6,2826,5,3600,1.00212314225
130183,130190,132964,7,2774,5,3600,1.00252343187
130194,130200,133181,6,2981,5,3600,1.0020127474
130205,130216,133194,11,2978,5,3600,1.0036937542
130216,130221,132594,5,2373,5,3600,1.00210703751
130226,130232,132734,6,2502,5,3600,1.00239808153
130237,130243,133134,6,2891,5,3600,1.00207540643
130248,130254,132509,6,2255,5,3600,1.00266075388
130258,130264,133159,6,2895,5,3600,1.00207253886
130269,130275,132837,6,2562,5,3600,1.00234192037
130280,130286,133005,6,2719,5,3600,1.00220669364
130290,130296,133047,6,2751,5,3600,1.00218102508
130301,130307,133133,6,2826,5,3600,1.00212314225
130312,130318,133087,6,2769,5,3600,1.00216684724
130322,130375,133002,53,2627,5,3600,1.02017510468
130374,130420,133191,46,2771,5,3600,1.01660050523
130415,130438,133192,23,2754,5,3600,1.00835148874
130436,130450,132956,14,2506,5,3600,1.00558659218
130447,130507,133018,60,2511,5,3600,1.0238948626
130509,130576,133344,67,2768,5,3600,1.02420520231
130581,130800,133477,219,2677,5,3600,1.08180799402
130609,130788,130789,179,1,14,43200,18.0
130796,130806,133434,10,2628,5,3600,1.00380517504
130807,130813,133652,6,2839,5,3600,1.00211342022
130817,130824,133515,7,2691,5,3600,1.00260126347
130828,130986,133353,158,2367,5,3600,1.06675116181
130982,131030,134150,48,3120,5,3600,1.01538461538
131033,131047,133327,14,2280,5,3600,1.00614035088
131044,131214,134063,170,2849,5,3600,1.05967005967
131218,131245,133585,27,2340,5,3600,1.01153846154
131249,131410,133780,161,2370,5,3600,1.06793248945
131413,131529,134304,116,2775,5,3600,1.0418018018
131423,131711,135107,288,3396,2,36000,1.08480565371
131477,131751,135802,274,4051,2,36000,1.06763762034
131519,131756,134697,237,2941,2,36000,1.08058483509
131539,131734,131740,195,6,10,43200,20.1
131586,131761,136113,175,4352,2,36000,1.04021139706
131625,131766,135551,141,3785,2,36000,1.03725231176
131652,131772,135149,120,3377,2,36000,1.03553449808
131694,131778,134120,84,2342,2,36000,1.03586678053
131709,131783,134580,74,2797,2,36000,1.02645691813
131724,131789,134162,65,2373,2,36000,1.02739148757
131754,131849,134567,95,2718,2,36000,1.03495217071
131769,131870,135455,101,3585,2,36000,1.02817294282
131784,131876,135382,92,3506,2,36000,1.02624073018
131838,131931,134583,93,2652,2,36000,1.0350678733
131859,131937,134755,78,2818,2,36000,1.02767920511
131874,131973,135172,99,3199,2,36000,1.03094717099
131922,132021,136085,99,4064,2,36000,1.02436023622
131936,132068,135517,132,3449,2,36000,1.03827196289
131963,132080,135176,117,3096,2,36000,1.03779069767
132011,132085,136455,74,4370,2,36000,1.01693363844
132060,132091,135090,31,2999,2,36000,1.01033677893
132081,132116,134882,35,2766,2,36000,1.01265365148
132105,132166,137126,61,4960,2,36000,1.0122983871
132156,132191,134687,35,2496,2,36000,1.0140224359
132180,132199,136400,19,4201,2,36000,1.00452273268
132195,132226,136483,31,4257,2,36000,1.00728212356
132216,132284,135585,68,3301,2,36000,1.02059981824
132273,132371,135849,98,3478,2,36000,1.02817711328
132361,132481,135065,120,2584,2,36000,1.04643962848
132470,132487,136106,17,3619,2,36000,1.00469743023
132484,132520,136858,36,4338,2,36000,1.00829875519
132517,132583,135241,66,2658,5,3600,1.02483069977
132572,132605,137511,33,4906,2,36000,1.0067264574
132605,132611,137272,6,4661,2,36000,1.00128727741
132609,132746,135509,137,2763,5,3600,1.04958378574
132742,132832,135618,90,2786,5,3600,1.03230437904
132823,132848,135990,25,3142,2,36000,1.00795671547
132845,132856,135625,11,2769,5,3600,1.00397255327
132847,132863,135153,16,2290,2,36000,1.00698689956
132862,132872,135447,10,2575,2,36000,1.00388349515
132864,132935,137838,71,4903,2,36000,1.01448093004
132937,132968,135765,31,2797,5,3600,1.01108330354
132968,132974,135665,6,2691,5,3600,1.0022296544
132979,132985,135801,6,2816,5,3600,1.00213068182
132989,132995,135836,6,2841,5,3600,1.00211193242
133000,133013,135803,13,2790,5,3600,1.00465949821
133010,133020,135769,10,2749,5,3600,1.00363768643
133021,133027,135797,6,2770,5,3600,1.00216606498
133032,133038,135744,6,2706,5,3600,1.0022172949
133042,133058,135837,16,2779,5,3600,1.00575746671
133063,133079,135911,16,2832,5,3600,1.00564971751
133069,133098,137352,29,4254,2,36000,1.00681711331
133094,133145,135833,51,2688,5,3600,1.01897321429
133146,133152,135897,6,2745,5,3600,1.00218579235
133148,133158,136487,10,3329,2,36000,1.00300390508
133156,133170,136065,14,2895,5,3600,1.00483592401
133167,133193,136158,26,2965,5,3600,1.00876897133
133198,133204,135592,6,2388,5,3600,1.00251256281
133209,133215,136090,6,2875,5,3600,1.00208695652
133219,133226,136164,7,2938,5,3600,1.00238257318
133230,133338,136153,108,2815,5,3600,1.03836589698
133343,133355,135998,12,2643,5,3600,1.00454029512
133353,133364,136123,11,2759,5,3600,1.00398695179
133364,133445,135863,81,2418,5,3600,1.03349875931
133446,133488,135932,42,2444,5,3600,1.01718494272
133487,133526,136375,39,2849,5,3600,1.01368901369
133511,133572,133574,61,2,2,3600,6.3
133529,133578,136382,49,2804,5,3600,1.01747503566
133565,133585,136306,20,2721,2,36000,1.00735023888
133590,133596,136202,6,2606,5,3600,1.00230237913
133601,133663,136318,62,2655,5,3600,1.02335216573
133641,133668,136460,27,2792,2,36000,1.00967048711
133673,133792,136376,119,2584,5,3600,1.04605263158
133796,133997,136756,201,2759,5,3600,1.07285248278
134000,134006,136784,6,2778,5,3600,1.00215982721
134011,134074,136735,63,2661,5,3600,1.02367531003
134073,134161,136850,88,2689,5,3600,1.03272592042
134122,134128,139010,6,4882,2,36000,1.00122900451
134164,134170,136780,6,2610,2,36000,1.00229885057
134175,134317,137110,142,2793,5,3600,1.05084138919
134319,134591,137453,272,2862,5,3600,1.09503843466
134570,134597,139365,27,4768,2,36000,1.00566275168
134585,134699,139089,114,4390,2,36000,1.02596810934
134586,134708,139895,122,5187,2,36000,1.02352033931
134689,134767,139880,78,5113,2,36000,1.01525523176
134704,134894,138764,190,3870,2,36000,1.04909560724
134758,135118,138316,360,3198,2,36000,1.11257035647
134882,135165,138507,283,3342,2,36000,1.08467983244
134975,135187,135188,212,1,10,43200,21.3
135067,135199,138596,132,3397,2,36000,1.03885781572
135091,135204,137849,113,2645,2,36000,1.0427221172
135108,135209,137531,101,2322,2,36000,1.04349698536
135151,135215,138962,64,3747,2,36000,1.01708033093
135165,135220,138000,55,2780,2,36000,1.01978417266
135180,135252,137933,72,2681,2,36000,1.02685565088
135182,135257,140011,75,4754,2,36000,1.01577618847
135259,135521,138189,262,2668,5,3600,1.09820089955
135385,135391,138321,6,2930,2,36000,1.00204778157
135449,135458,137996,9,2538,2,36000,1.00354609929
135463,135470,140136,7,4666,2,36000,1.00150021432
135518,135527,139032,9,3505,2,36000,1.00256776034
135525,135596,138336,71,2740,5,3600,1.02591240876
135554,135603,138808,49,3205,2,36000,1.01528861154
135587,135608,138380,21,2772,2,36000,1.00757575758
135607,135629,138559,22,2930,5,3600,1.00750853242
135628,135637,138462,9,2825,5,3600,1.00318584071
135639,135677,138437,38,2760,5,3600,1.01376811594
135680,135755,138416,75,2661,5,3600,1.0281848929
135752,135776,138477,24,2701,5,3600,1.00888559793
135759,135819,135820,60,1,1,7200,6.1
135773,135782,138470,9,2688,5,3600,1.00334821429
135784,135807,138164,23,2357,5,3600,1.00975816716
135802,135813,140541,11,4728,2,36000,1.00232656514
135815,135825,138576,10,2751,5,3600,1.0036350418
135825,135832,138729,7,2897,5,3600,1.00241629272
135836,135844,138108,8,2264,5,3600,1.0035335689
135847,135853,138823,6,2970,5,3600,1.00202020202
135850,135859,138339,9,2480,2,36000,1.00362903226
135857,135865,138622,8,2757,5,3600,1.00290170475
135868,135874,138804,6,2930,5,3600,1.00204778157
135879,135908,138711,29,2803,5,3600,1.0103460578
135910,135922,138827,12,2905,5,3600,1.00413080895
135921,135943,138299,22,2356,5,3600,1.00933786078
135942,136009,138760,67,2751,5,3600,1.02435478008
135994,136000,139463,6,3463,2,36000,1.00173260179
136005,136077,138373,72,2296,5,3600,1.03135888502
136078,136101,138534,23,2433,5,3600,1.00945334977
136088,136094,139323,6,3229,2,36000,1.00185816042
136099,136134,138865,35,2731,5,3600,1.01281581838
136106,136112,139555,6,3443,2,36000,1.00174266628
136121,136145,139564,24,3419,2,36000,1.00701959637
136141,136164,139073,23,2909,5,3600,1.00790649708
136162,136170,138834,8,2664,5,3600,1.003003003
136172,136178,138914,6,2736,5,3600,1.00219298246
136183,136213,139062,30,2849,5,3600,1.01053001053
136214,136330,139178,116,2848,5,3600,1.04073033708
136309,136315,139821,6,3506,2,36000,1.00171135197
136327,136387,139168,60,2781,5,3600,1.02157497303
136389,136395,138767,6,2372,5,3600,1.00252951096
136400,136406,139048,6,2642,5,3600,1.00227100681
136403,136412,138533,9,2121,2,36000,1.00424328147
136410,136747,139570,337,2823,5,3600,1.11937654977
136457,136463,138956,6,2493,2,36000,1.00240673887
136472,136478,140103,6,3625,2,36000,1.00165517241
136486,136493,139075,7,2582,2,36000,1.00271107668
136501,136507,139337,6,2830,2,36000,1.00212014134
136748,136768,139526,20,2758,5,3600,1.00725163162
136769,136797,139146,28,2349,5,3600,1.01191996594
136782,136791,141198,9,4407,2,36000,1.00204220558
136800,136861,139678,61,2817,5,3600,1.0216542421
136861,136867,139345,6,2478,2,36000,1.00242130751
136872,137121,140573,249,3452,5,3600,1.07213209733
137118,137363,140134,245,2771,5,3600,1.08841573439
137127,137137,141173,10,4036,2,36000,1.00247770069
137273,137464,141723,191,4259,2,36000,1.04484620803
137354,137469,142460,115,4991,2,36000,1.02304147465
137466,137861,140155,395,2294,5,3600,1.17218831735
137514,137520,141794,6,4274,2,36000,1.00140383715
137529,137535,141813,6,4278,2,36000,1.00140252454
137838,137945,142632,107,4687,2,36000,1.02282910177
137853,138007,140870,154,2863,2,36000,1.05378973105
137934,138013,140785,79,2772,2,36000,1.0284992785
137998,138120,140432,122,2312,2,36000,1.05276816609
138013,138125,140880,112,2755,2,36000,1.04065335753
138130,138176,140474,46,2298,5,3600,1.02001740644
138172,138200,141040,28,2840,5,3600,1.00985915493
138203,138310,140618,107,2308,5,3600,1.04636048527
138305,138348,141219,43,2871,5,3600,1.0149773598
138319,138325,141944,6,3619,2,36000,1.00165791655
138334,138340,140767,6,2427,2,36000,1.00247218789
138347,138384,140617,37,2233,5,3600,1.01656963726
138348,138354,143246,6,4892,2,36000,1.00122649223
138381,138390,141937,9,3547,2,36000,1.00253735551
138388,138427,141256,39,2829,5,3600,1.01378579003
138429,138448,141145,19,2697,5,3600,1.00704486466
138450,138473,141244,23,2771,5,3600,1.00830025262
138472,138482,141204,10,2722,5,3600,1.00367376929
138483,138490,141093,7,2603,5,3600,1.00268920476
138494,138550,141323,56,2773,5,3600,1.02019473494
138508,138515,141353,7,2838,2,36000,1.00246652572
138535,138544,141591,9,3047,2,36000,1.00295372498
138546,138570,141331,24,2761,5,3600,1.00869250272
138567,138587,141029,20,2442,5,3600,1.00819000819
138588,138634,141044,46,2410,5,3600,1.01908713693
138596,138602,141615,6,3013,2,36000,1.00199137073
138630,138722,141537,92,2815,5,3600,1.03268206039
138722,138740,141620,18,2880,5,3600,1.00625
138743,138770,141617,27,2847,5,3600,1.00948366702
138765,138776,141858,11,3082,2,36000,1.00356911097
138774,138782,141607,8,2825,5,3600,1.00283185841
138785,138816,141545,31,2729,5,3600,1.01135947233
138810,138821,141551,11,2730,2,36000,1.00402930403
138826,138835,141132,9,2297,5,3600,1.00391815411
138837,138843,141636,6,2793,5,3600,1.00214822771
138847,138853,141216,6,2363,5,3600,1.00253914515
138858,138877,141808,19,2931,5,3600,1.00648242921
138879,138925,141247,46,2322,5,3600,1.01981050818
138920,139059,141446,139,2387,5,3600,1.05823209049
138959,138965,144183,6,5218,2,36000,1.00114986585
138974,138980,143348,6,4368,2,36000,1.00137362637
139010,139021,144012,11,4991,2,36000,1.00220396714
139034,139043,141915,9,2872,2,36000,1.00313370474
139064,139073,141848,9,2775,5,3600,1.00324324324
139074,139089,141386,15,2297,5,3600,1.00653025686
139076,139082,142800,6,3718,2,36000,1.00161377084
139085,139157,142010,72,2853,5,3600,1.02523659306
139090,139097,142886,7,3789,2,36000,1.00184745315
139157,139180,141936,23,2756,5,3600,1.00834542816
139178,139189,141902,11,2713,5,3600,1.00405455216
139188,139537,142233,349,2696,5,3600,1.12945103858
139326,139332,144562,6,5230,2,36000,1.00114722753
139340,139347,143183,7,3836,2,36000,1.00182481752
139355,139361,142541,6,3180,2,36000,1.00188679245
139407,139413,144143,6,4730,2,36000,1.00126849894
139536,139575,142272,39,2697,5,3600,1.01446051168
139549,139555,142926,6,3371,2,36000,1.00177988727
139577,139584,142357,7,2773,5,3600,1.00252434187
139588,139689,142487,101,2798,5,3600,1.03609721229
139691,139906,142710,215,2804,5,3600,1.07667617689
139691,139832,143489,141,3657,2,36000,1.0385561936
139693,140022,144877,329,4855,2,36000,1.06776519053
139832,140114,145160,282,5046,2,36000,1.05588585018
140110,140145,142849,35,2704,5,3600,1.01294378698
140141,140167,142973,26,2806,5,3600,1.00926585887
140162,140485,143192,323,2707,5,3600,1.11932028075
140278,140284,143479,6,3195,2,36000,1.00187793427
140436,140490,142922,54,2432,2,36000,1.02220394737
140437,140553,143562,116,3009,2,36000,1.03855101363
140496,140639,140640,143,1,10,43200,14.4
140523,140628,143901,105,3273,2,36000,1.03208065995
140525,140633,143966,108,3333,2,36000,1.03240324032
140526,140651,143612,125,2961,2,36000,1.04221546775
140527,140656,144890,129,4234,2,36000,1.03046764289
140542,140661,143333,119,2672,2,36000,1.04453592814
140664,140670,143256,6,2586,5,3600,1.00232018561
140674,141068,143841,394,2773,5,3600,1.14208438514
140768,140778,144972,10,4194,2,36000,1.00238435861
140786,140796,146123,10,5327,2,36000,1.00187722921
140794,141051,141052,257,1,10,43200,25.8
140870,140891,145909,21,5018,2,36000,1.00418493424
140885,141056,146164,171,5108,2,36000,1.03347689898
141030,141063,141666,33,603,8,43200,1.05472636816
141073,141104,143749,31,2645,5,3600,1.01172022684
141105,141143,143710,38,2567,5,3600,1.0148032723
141146,141156,143945,10,2789,5,3600,1.00358551452
141157,141216,144249,59,3033,5,3600,1.01945268711
141175,141185,144999,10,3814,2,36000,1.00262191924
141198,141210,146113,12,4903,2,36000,1.00244748113
141218,141227,143508,9,2281,5,3600,1.00394563788
141229,141235,144222,6,2987,5,3600,1.00200870439
141240,141255,143829,15,2574,5,3600,1.00582750583
141250,141261,144063,11,2802,5,3600,1.00392576731
141261,141267,143846,6,2579,5,3600,1.00232648313
141272,141334,143670,62,2336,5,3600,1.02654109589
141334,141342,143709,8,2367,5,3600,1.00337980566
141344,141397,143757,53,2360,5,3600,1.02245762712
141355,141364,145069,9,3705,2,36000,1.0024291498
141396,141457,144129,61,2672,5,3600,1.02282934132
141458,141548,144661,90,3113,5,3600,1.02891101831
141462,141631,144906,169,3275,8,43200,1.05160305344
141526,141618,175066,92,33448,10,43200,1.00275053815
141550,141647,144150,97,2503,5,3600,1.03875349581
141552,141558,144232,6,2674,2,36000,1.00224382947
141594,141600,144555,6,2955,2,36000,1.00203045685
141614,141624,144246,10,2622,2,36000,1.00381388253
141642,141677,144067,35,2390,5,3600,1.01464435146
141673,141683,144054,10,2371,5,3600,1.00421762969
141684,141819,144408,135,2589,5,3600,1.05214368482
141724,141730,144032,6,2302,2,36000,1.00260642919
141796,141802,146921,6,5119,2,36000,1.00117210393
141814,141824,144448,10,2624,2,36000,1.00381097561
141828,141860,144678,32,2818,5,3600,1.01135557133
141859,141866,144212,7,2346,2,36000,1.00298380222
141859,141913,144597,54,2684,5,3600,1.02011922504
141910,141947,144659,37,2712,5,3600,1.01364306785
141916,141922,144568,6,2646,2,36000,1.0022675737
141937,141952,145428,15,3476,2,36000,1.00431530495
141951,141958,145118,7,3160,2,36000,1.00221518987
141962,142021,144759,59,2738,5,3600,1.0215485756
141995,142368,174937,373,32569,14,43200,1.01145260831
142023,142471,145254,448,2783,5,3600,1.16097736256
142234,142721,143313,487,592,8,43200,1.82263513514
142462,142552,145023,90,2471,2,36000,1.03642250101
142541,142726,146703,185,3977,2,36000,1.04651747548
142634,142731,146885,97,4154,2,36000,1.023350987
142729,142860,145152,131,2292,5,3600,1.05715532286
142801,142865,146054,64,3189,2,36000,1.02006898714
142862,142985,145718,123,2733,5,3600,1.04500548847
142888,142897,147837,9,4940,2,36000,1.00182186235
142924,142933,147416,9,4483,2,36000,1.00200758421
142944,142950,145821,6,2871,2,36000,1.00208986416
142985,143203,146217,218,3014,5,3600,1.07232913072
143183,143194,146138,11,2944,2,36000,1.00373641304
143200,143267,146038,67,2771,5,3600,1.02417899675
143246,143258,146446,12,3188,2,36000,1.00376411543
143272,143324,146063,52,2739,5,3600,1.01898503103
143324,143344,145884,20,2540,5,3600,1.00787401575
143334,143359,146729,25,3370,2,36000,1.00741839763
143348,143490,148533,142,5043,2,36000,1.02815784255
143481,143500,146577,19,3077,2,36000,1.00617484563
143496,143519,147030,23,3511,2,36000,1.00655084022
143518,143574,146232,56,2658,5,3600,1.02106847254
143570,143681,146451,111,2770,5,3600,1.04007220217
143614,143686,148467,72,4781,2,36000,1.01505961096
143683,143720,146132,37,2412,5,3600,1.01533996683
143724,143730,146557,6,2827,5,3600,1.00212239123
143735,143761,146574,26,2813,5,3600,1.00924280128
143766,143772,146074,6,2302,5,3600,1.00260642919
143776,143840,146734,64,2894,5,3600,1.02211472011
143838,143852,146541,14,2689,5,3600,1.00520639643
143849,143858,146872,9,3014,5,3600,1.00298606503
143859,143957,146763,98,2806,5,3600,1.03492516037
143902,143912,146659,10,2747,2,36000,1.00364033491
143962,144074,146896,112,2822,5,3600,1.03968816442
143966,143977,146698,11,2721,2,36000,1.00404263139
144014,144024,147000,10,2976,2,36000,1.00336021505
144032,144043,147114,11,3071,2,36000,1.00358189515
144051,144080,146764,29,2684,8,43200,1.010804769
144075,144140,146476,65,2336,5,3600,1.02782534247
144137,144161,146899,24,2738,5,3600,1.00876552228
144144,144150,149404,6,5254,2,36000,1.00114198706
144158,144233,146474,75,2241,5,3600,1.03346720214
144186,144192,147591,6,3399,2,36000,1.00176522507
144212,144219,147357,7,3138,2,36000,1.0022307202
144230,144239,147432,9,3193,2,36000,1.00281866583
144230,144260,147044,30,2784,5,3600,1.01077586207
144248,144254,147675,6,3421,2,36000,1.00175387314
144261,144419,147191,158,2772,5,3600,1.056998557
144415,144574,147431,159,2857,5,3600,1.05565278264
144448,144459,149617,11,5158,2,36000,1.00213260954
144557,144580,147335,23,2755,2,36000,1.00834845735
144571,144609,148778,38,4169,2,36000,1.00911489566
144573,144614,147894,41,3280,2,36000,1.0125
144620,144671,147362,51,2691,5,3600,1.01895206243
144671,144677,147390,6,2713,5,3600,1.0022115739
144682,144689,147560,7,2871,5,3600,1.00243817485
144693,144770,147624,77,2854,5,3600,1.02697967765
144775,144917,147604,142,2687,5,3600,1.05284704131
144880,144886,147561,6,2675,2,36000,1.00224299065
144894,144900,147905,6,3005,2,36000,1.00199667221
144919,144925,147223,6,2298,5,3600,1.00261096606
144929,145164,147600,235,2436,5,3600,1.09646962233
144973,144984,149736,11,4752,2,36000,1.00231481481
145000,145011,150106,11,5095,2,36000,1.00215897939
145023,145080,147951,57,2871,2,36000,1.01985370951
145072,145129,147813,57,2684,2,36000,1.02123695976
145120,145169,147640,49,2471,2,36000,1.01983002833
145164,145175,147773,11,2598,2,36000,1.00423402617
145176,145266,147742,90,2476,5,3600,1.03634894992
145268,145729,148175,461,2446,5,3600,1.18847097302
145432,145439,149826,7,4387,2,36000,1.00159562343
145729,146049,148177,320,2128,5,3600,1.15037593985
145796,145895,146819,99,924,4,900,1.10714285714
145824,145900,149806,76,3906,2,36000,1.01945724526
145911,145921,148629,10,2708,2,36000,1.00369276219
146046,146074,148787,28,2713,5,3600,1.01032067822
146057,146065,150958,8,4893,2,36000,1.00163498876
146077,146085,148792,8,2707,5,3600,1.00295530107
146088,146144,148650,56,2506,5,3600,1.02234636872
146114,146124,151263,10,5139,2,36000,1.00194590387
146129,146135,150271,6,4136,2,36000,1.00145067698
146144,146150,149809,6,3659,2,36000,1.00163979229
146149,146228,148323,79,2095,5,3600,1.03770883055
146165,146175,148989,10,2814,2,36000,1.00355366027
146231,146243,148558,12,2315,5,3600,1.00518358531
146242,146463,149400,221,2937,5,3600,1.07524685053
146447,146457,151655,10,5198,2,36000,1.00192381685
146467,146485,148714,18,2229,5,3600,1.00807537012
146488,146494,149167,6,2673,5,3600,1.00224466891
146499,146552,148900,53,2348,5,3600,1.02257240204
146550,146568,149008,18,2440,5,3600,1.00737704918
146571,146585,149445,14,2860,5,3600,1.0048951049
146577,146591,151420,14,4829,2,36000,1.00289915096
146592,146746,149085,154,2339,5,3600,1.06584010261
146662,146670,150087,8,3417,2,36000,1.002341235
146701,146710,151519,9,4809,2,36000,1.00187149095
146716,146722,151836,6,5114,2,36000,1.0011732499
146730,146740,149331,10,2591,2,36000,1.0038595137
146746,146775,149185,29,2410,5,3600,1.01203319502
146777,146783,149058,6,2275,5,3600,1.00263736264
146787,146831,149396,44,2565,5,3600,1.0171539961
146828,146883,149464,55,2581,5,3600,1.02130956993
146880,146896,149254,16,2358,5,3600,1.00678541137
146885,146908,152180,23,5272,2,36000,1.00436267071
146911,146917,149387,6,2470,5,3600,1.0024291498
146922,147056,149532,134,2476,5,3600,1.05411954766
146924,146930,150129,6,3199,2,36000,1.00187558612
147002,147008,152072,6,5064,2,36000,1.00118483412
147032,147038,152092,6,5054,2,36000,1.00118717847
147055,147203,149774,148,2571,5,3600,1.05756514975
147116,147123,152254,7,5131,2,36000,1.00136425648
147198,147235,149398,37,2163,5,3600,1.01710587147
147240,147373,149789,133,2416,5,3600,1.05504966887
147335,147341,150885,6,3544,2,36000,1.00169300226
147359,147365,150434,6,3069,2,36000,1.00195503421
147373,147402,150018,29,2616,5,3600,1.01108562691
147404,147446,149774,42,2328,5,3600,1.01804123711
147416,147423,151168,7,3745,2,36000,1.00186915888
147434,147440,151855,6,4415,2,36000,1.0013590034
147446,147573,149987,127,2414,5,3600,1.0526097763
147561,147567,152285,6,4718,2,36000,1.00127172531
147579,147612,149976,33,2364,5,3600,1.01395939086
147591,147597,152858,6,5261,2,36000,1.00114046759
147610,147618,149991,8,2373,5,3600,1.00337126001
147620,147636,149680,16,2044,5,3600,1.00782778865
147640,147646,150861,6,3215,2,36000,1.00186625194
147641,147753,150002,112,2249,5,3600,1.04979991107
147676,147682,152538,6,4856,2,36000,1.00123558484
147754,147916,150237,162,2321,5,3600,1.06979750108
147775,147781,151176,6,3395,2,36000,1.00176730486
147815,147821,151622,6,3801,2,36000,1.00157853197
147839,147845,150730,6,2885,2,36000,1.0020797227
147896,147902,153285,6,5383,2,36000,1.0011146201
147911,147962,152869,51,4907,2,36000,1.01039331567
147953,148186,150652,233,2466,2,36000,1.09448499594
148184,148192,150559,8,2367,5,3600,1.00337980566
148194,148334,150639,140,2305,5,3600,1.06073752711
148337,148569,150979,232,2410,5,3600,1.09626556017
148383,148661,149260,278,599,8,43200,1.46410684474
148467,148478,152706,11,4228,2,36000,1.00260170293
148533,148545,153613,12,5068,2,36000,1.00236779795
148573,148725,151196,152,2471,5,3600,1.06151355726
148630,148640,151591,10,2951,2,36000,1.0033886818
148727,148798,151205,71,2407,5,3600,1.02949729954
148778,148789,152309,11,3520,2,36000,1.003125
148798,148804,151303,6,2499,5,3600,1.00240096038
148809,148911,151507,102,2596,5,3600,1.03929121726
148911,149019,151731,108,2712,5,3600,1.03982300885
148989,149000,152823,11,3823,2,36000,1.00287732148
149024,149178,151582,154,2404,5,3600,1.06405990017
149058,149410,192626,352,43216,40,43199,1.00814513143
149178,149417,151901,239,2484,5,3600,1.096215781
149333,149339,154438,6,5099,2,36000,1.00117670131
149406,149422,154571,16,5149,2,36000,1.0031073995
149423,149457,152126,34,2669,5,3600,1.0127388535
149454,149475,151808,21,2333,5,3600,1.0090012859
149480,149543,151941,63,2398,5,3600,1.02627189324
149542,149691,152092,149,2401,5,3600,1.06205747605
149617,149624,152404,7,2780,2,36000,1.00251798561
149695,149785,152240,90,2455,5,3600,1.0366598778
149736,149742,152852,6,3110,2,36000,1.00192926045
149787,149793,152233,6,2440,5,3600,1.00245901639
149798,149804,152022,6,2218,5,3600,1.00270513977
149808,149817,152533,9,2716,5,3600,1.00331369661
149808,149823,154922,15,5099,2,36000,1.00294175328
149809,149837,153974,28,4137,2,36000,1.00676818951
149827,149987,153009,160,3022,2,36000,1.05294506949
149992,149998,152304,6,2306,5,3600,1.00260190807
150003,150009,152491,6,2482,5,3600,1.00241740532
150014,150020,152459,6,2439,5,3600,1.0024600246
150024,150030,152448,6,2418,5,3600,1.00248138958
150035,150098,152549,63,2451,5,3600,1.02570379437
150089,150117,153781,28,3664,2,36000,1.0076419214
150107,150140,153158,33,3018,2,36000,1.01093439364
150131,150248,153077,117,2829,2,36000,1.0413573701
150250,150570,152912,320,2342,5,3600,1.1366353544
150274,150280,155520,6,5240,2,36000,1.00114503817
150435,150441,153312,6,2871,2,36000,1.00208986416
150567,150650,152834,83,2184,5,3600,1.038003663
150649,150741,152883,92,2142,5,3600,1.04295051354
150653,150659,155987,6,5328,2,36000,1.00112612613
150732,150872,156026,140,5154,2,36000,1.02716336826
150746,151207,151215,461,8,8,43200,46.9
150863,150896,154817,33,3921,2,36000,1.00841622035
150887,150969,154403,82,3434,2,36000,1.02387885847
150960,150991,154391,31,3400,2,36000,1.00911764706
150986,151216,153901,230,2685,5,3600,1.08566108007
151169,151179,156506,10,5327,2,36000,1.00187722921
151184,151190,156032,6,4842,2,36000,1.00123915737
151211,151226,154048,15,2822,5,3600,1.00531537916
151222,151314,153539,92,2225,5,3600,1.04134831461
151266,151272,156475,6,5203,2,36000,1.00115318086
151314,151518,153901,204,2383,5,3600,1.08560637851
151421,151427,154051,6,2624,2,36000,1.00228658537
151519,151593,154146,74,2553,5,3600,1.02898550725
151521,151527,156571,6,5044,2,36000,1.00118953212
151591,151742,154164,151,2422,5,3600,1.06234516928
151593,151599,154605,6,3006,2,36000,1.00199600798
151624,151630,155739,6,4109,2,36000,1.0014602093
151657,151663,156440,6,4777,2,36000,1.00125601842
151744,151750,168842,6,17092,1,43200,1.00035104142
151745,151819,154205,74,2386,5,3600,1.03101424979
151817,151912,154194,95,2282,5,3600,1.04163014899
151838,151844,155915,6,4071,2,36000,1.00147383935
151856,151866,156218,10,4352,2,36000,1.00229779412
151909,151952,154240,43,2288,5,3600,1.01879370629
151950,152033,154368,83,2335,5,3600,1.03554603854
152032,152107,154605,75,2498,5,3600,1.03002401922
152074,152080,155385,6,3305,2,36000,1.00181543116
152095,152101,155961,6,3860,2,36000,1.00155440415
152104,152137,154788,33,2651,5,3600,1.01244813278
152135,152244,154609,109,2365,5,3600,1.04608879493
152182,152188,157372,6,5184,2,36000,1.00115740741
152248,152254,154834,6,2580,5,3600,1.0023255814
152255,152261,155472,6,3211,2,36000,1.00186857677
152259,152315,154963,56,2648,5,3600,1.02114803625
152288,152297,157579,9,5282,2,36000,1.00170390004
152309,152320,157300,11,4980,2,36000,1.00220883534
152320,152459,154886,139,2427,5,3600,1.0572723527
152406,152415,156176,9,3761,2,36000,1.00239298059
152463,152470,154865,7,2395,5,3600,1.00292275574
152474,152502,154724,28,2222,5,3600,1.01260126013
152505,152544,154627,39,2083,5,3600,1.01872299568
152539,152550,157771,11,5221,2,36000,1.00210687608
152546,152560,154771,14,2211,5,3600,1.00633197648
152557,152845,155135,288,2290,5,3600,1.12576419214
152707,152713,156733,6,4020,2,36000,1.00149253731
152825,152831,156075,6,3244,2,36000,1.00184956843
152843,152894,155609,51,2715,5,3600,1.01878453039
152852,152858,158211,6,5353,2,36000,1.0011208668
152867,152873,157530,6,4657,2,36000,1.00128838308
152882,152888,156571,6,3683,2,36000,1.00162910671
152895,152923,155023,28,2100,5,3600,1.01333333333
152926,153550,156256,624,2706,5,3600,1.23059866962
153012,153018,156429,6,3411,2,36000,1.00175901495
153078,153085,155928,7,2843,2,36000,1.00246218783
153160,153166,156252,6,3086,2,36000,1.00194426442
153288,153293,156008,5,2715,2,36000,1.00184162063
153315,153321,158428,6,5107,2,36000,1.00117485804
153549,153912,156469,363,2557,5,3600,1.14196323817
153615,153621,157456,6,3835,2,36000,1.00156453716
153782,153788,156995,6,3207,2,36000,1.00187090739
153916,153923,156332,7,2409,5,3600,1.00290577003
153927,154059,156670,132,2611,5,3600,1.05055534278
153977,153983,158763,6,4780,2,36000,1.00125523013
154053,154064,159151,11,5087,2,36000,1.00216237468
154060,154157,156634,97,2477,5,3600,1.03916027453
154152,154175,156577,23,2402,5,3600,1.00957535387
154173,154206,156458,33,2252,5,3600,1.01465364121
154205,154217,156524,12,2307,5,3600,1.00520156047
154215,154252,156578,37,2326,5,3600,1.01590713672
154257,154380,156699,123,2319,5,3600,1.05304010349
154380,154616,157223,236,2607,5,3600,1.09052550825
154391,154402,158296,11,3894,2,36000,1.00282485876
154406,154414,157478,8,3064,2,36000,1.00261096606
154439,154449,159478,10,5029,2,36000,1.00198846689
154573,154582,159740,9,5158,2,36000,1.00174486235
154606,154621,159726,15,5105,2,36000,1.00293829579
154625,154631,157057,6,2426,5,3600,1.00247320692
154636,154642,157136,6,2494,5,3600,1.00240577386
154646,154735,156971,89,2236,5,3600,1.03980322004
154739,154783,157147,44,2364,5,3600,1.01861252115
154780,154799,157253,19,2454,5,3600,1.00774246129
154801,154845,157143,44,2298,5,3600,1.01914708442
154819,154826,160138,7,5312,2,36000,1.00131777108
154922,154929,160105,7,5176,2,36000,1.00135239567
155388,155394,158781,6,3387,2,36000,1.00177147919
155473,155479,158463,6,2984,2,36000,1.00201072386
155521,155528,158712,7,3184,2,36000,1.00219849246
155740,155746,159401,6,3655,2,36000,1.00164158687
155916,155922,158335,6,2413,2,36000,1.00248653129
155931,155937,160188,6,4251,2,36000,1.0014114326
155961,155967,160857,6,4890,2,36000,1.00122699387
155988,155994,160966,6,4972,2,36000,1.00120675784
156009,156015,159219,6,3204,2,36000,1.00187265918
156027,156033,158788,6,2755,2,36000,1.00217785844
156042,156048,159927,6,3879,2,36000,1.00154679041
156078,156084,161368,6,5284,2,36000,1.00113550341
156178,156184,158594,6,2410,2,36000,1.00248962656
156220,156227,161469,7,5242,2,36000,1.00133536818
156254,156260,159173,6,2913,2,36000,1.00205973223
156429,156436,160631,7,4195,2,36000,1.00166865316
156444,156450,159174,6,2724,2,36000,1.00220264317
156478,156484,161649,6,5165,2,36000,1.00116166505
156508,156514,161618,6,5104,2,36000,1.00117554859
156572,156578,159502,6,2924,2,36000,1.00205198358
156573,156584,160584,11,4000,2,36000,1.00275
156735,156741,161742,6,5001,2,36000,1.00119976005
156996,157003,160882,7,3879,2,36000,1.00180458881
157300,157306,159920,6,2614,2,36000,1.00229533282
157373,157379,159850,6,2471,2,36000,1.00242816673
157458,157464,160970,6,3506,2,36000,1.00171135197
157479,157485,161143,6,3658,2,36000,1.00164024057
157531,157537,160305,6,2768,2,36000,1.00216763006
157580,157586,162632,6,5046,2,36000,1.00118906064
157774,157780,162931,6,5151,2,36000,1.00116482236
158212,158218,163470,6,5252,2,36000,1.00114242193
158298,158304,162334,6,4030,2,36000,1.00148883375
158337,158343,163728,6,5385,2,36000,1.00111420613
158429,158435,162452,6,4017,2,36000,1.00149365198
158465,158472,161177,7,2705,2,36000,1.00258780037
158594,158600,161618,6,3018,2,36000,1.00198807157
158713,158719,161169,6,2450,2,36000,1.00244897959
158764,158771,161650,7,2879,2,36000,1.00243139979
158783,158789,161887,6,3098,2,36000,1.00193673338
158798,158804,163360,6,4556,2,36000,1.00131694469
159152,159158,161881,6,2723,2,36000,1.00220345207
159173,159179,163464,6,4285,2,36000,1.00140023337
159188,159194,162446,6,3252,2,36000,1.00184501845
159221,159227,164138,6,4911,2,36000,1.0012217471
159402,159408,163924,6,4516,2,36000,1.00132860939
159478,159484,163358,6,3874,2,36000,1.00154878678
159505,159511,163907,6,4396,2,36000,1.00136487716
159603,159609,159610,6,1,2,3540,1.0
159623,159629,159833,6,204,16,3600,1.02941176471
159733,159739,165043,6,5304,2,36000,1.00113122172
159748,159754,164436,6,4682,2,36000,1.00128150363
159852,159858,162871,6,3013,2,36000,1.00199137073
159922,159928,164985,6,5057,2,36000,1.00118647419
159937,159943,164462,6,4519,2,36000,1.00132772737
160105,160111,164442,6,4331,2,36000,1.00138536135
160138,160144,165047,6,4903,2,36000,1.00122374057
160190,160196,165109,6,4913,2,36000,1.00122124975
160306,160312,164034,6,3722,2,36000,1.00161203654
160586,160592,163318,6,2726,2,36000,1.00220102715
160631,160637,165850,6,5213,2,36000,1.00115096873
160856,160863,165742,7,4879,2,36000,1.00143472023
160884,160890,164415,6,3525,2,36000,1.00170212766
160956,160962,161130,6,168,14,8940,1.03571428571
160967,160973,163647,6,2674,2,36000,1.00224382947
160982,160988,164340,6,3352,2,36000,1.00178997613
161144,161150,165524,6,4374,2,36000,1.00137174211
161168,161175,166224,7,5049,2,36000,1.00138641315
161183,161190,166164,7,4974,2,36000,1.00140731805
161369,161375,165411,6,4036,2,36000,1.00148662042
161472,161478,163979,6,2501,2,36000,1.00239904038
161619,161625,164297,6,2672,2,36000,1.00224550898
161620,161631,165661,11,4030,2,36000,1.00272952854
161651,161657,166603,6,4946,2,36000,1.0012131015
161652,161663,165934,11,4271,2,36000,1.00257550925
161744,161750,166647,6,4897,2,36000,1.00122523994
161888,161894,166055,6,4161,2,36000,1.00144196107
161890,161900,167124,10,5224,2,36000,1.00191424196
162179,162185,166579,6,4394,2,36000,1.00136549841
162180,162191,164396,11,2205,2,36000,1.00498866213
162182,162196,165966,14,3770,2,36000,1.00371352785
162183,162201,167370,18,5169,2,36000,1.00348229832
162184,162206,164983,22,2777,2,36000,1.00792221822
162185,162211,167406,26,5195,2,36000,1.00500481232
162187,162218,167348,31,5130,2,36000,1.00604288499
162188,162223,167434,35,5211,2,36000,1.00671656112
162189,162228,164675,39,2447,2,36000,1.01593788312
162191,162233,167556,42,5323,2,36000,1.00789028743
162192,162239,167375,47,5136,2,36000,1.00915109034
162193,162244,165935,51,3691,2,36000,1.01381739366
162194,162249,166025,55,3776,2,36000,1.01456567797
162196,162254,165184,58,2930,2,36000,1.01979522184
162197,162259,167561,62,5302,2,36000,1.01169370049
162198,162264,165161,66,2897,2,36000,1.02278218847
162200,162270,165657,70,3387,2,36000,1.02066725716
162201,162275,164662,74,2387,2,36000,1.03100125681
162202,162280,167365,78,5085,2,36000,1.01533923304
162204,162285,167200,81,4915,2,36000,1.01648016277
162205,162290,166402,85,4112,2,36000,1.02067120623
162206,162295,167120,89,4825,2,36000,1.01844559585
162208,162300,167356,92,5056,2,36000,1.01819620253
162209,162306,166497,97,4191,2,36000,1.02314483417
162210,162311,166879,101,4568,2,36000,1.02211033275
162211,162316,165307,105,2991,2,36000,1.03510531595
162213,162322,165682,109,3360,2,36000,1.03244047619
162214,162327,167512,113,5185,2,36000,1.02179363549
162215,162332,167714,117,5382,2,36000,1.02173913043
162217,162337,164934,120,2597,2,36000,1.04620716211
162218,162343,165364,125,3021,2,36000,1.04137702747
162219,162348,167469,129,5121,2,36000,1.0251903925
162221,162353,167621,132,5268,2,36000,1.02505694761
162222,162358,167606,136,5248,2,36000,1.02591463415
162223,162363,167694,140,5331,2,36000,1.0262614894
162224,162368,165459,144,3091,2,36000,1.04658686509
162226,162374,165422,148,3048,2,36000,1.04855643045
162227,162379,167283,152,4904,2,36000,1.03099510604
162228,162384,167523,156,5139,2,36000,1.03035610041
162230,162389,167399,159,5010,2,36000,1.03173652695
162338,162395,165719,57,3324,2,36000,1.01714801444
162448,162454,167288,6,4834,2,36000,1.00124120811
162463,162469,167365,6,4896,2,36000,1.0012254902
162575,162581,232571,6,69990,8,84000,1.00008572653
162576,162586,232892,10,70306,8,84000,1.00014223537
162634,162640,167805,6,5165,2,36000,1.00116166505
162645,162651,165428,6,2777,5,3600,1.00216060497
162655,162661,165443,6,2782,5,3600,1.00215672178
162666,162672,165581,6,2909,5,3600,1.00206256446
162677,162683,165235,6,2552,5,3600,1.00235109718
162687,162694,165340,7,2646,5,3600,1.00264550265
162698,162882,165693,184,2811,5,3600,1.06545713269
162884,163329,166061,445,2732,5,3600,1.16288433382
163335,163475,165761,140,2286,5,3600,1.06124234471
163478,163658,166058,180,2400,5,3600,1.075
163663,163936,166660,273,2724,5,3600,1.10022026432
163939,164045,166258,106,2213,5,3600,1.04789877994
164042,164351,167089,309,2738,5,3600,1.11285609934
164349,164426,166917,77,2491,5,3600,1.03091128061
164431,164473,167152,42,2679,5,3600,1.0156774916
164473,164686,167337,213,2651,5,3600,1.08034703885
164688,164997,167613,309,2616,5,3600,1.11811926606
164995,165059,167623,64,2564,5,3600,1.02496099844
165057,165196,167887,139,2691,5,3600,1.05165366035
165200,165246,167771,46,2525,5,3600,1.01821782178
165241,165351,168199,110,2848,5,3600,1.03862359551
165354,165375,167813,21,2438,5,3600,1.00861361772
165375,165447,167852,72,2405,5,3600,1.02993762994
165447,165454,167905,7,2451,5,3600,1.00285597715
165458,165471,168165,13,2694,5,3600,1.00482553823
165468,165592,168194,124,2602,5,3600,1.0476556495
165591,165669,168412,78,2743,5,3600,1.02843601896
165673,165705,168427,32,2722,5,3600,1.01175606172
165705,165730,167985,25,2255,5,3600,1.0110864745
165725,165772,168505,47,2733,5,3600,1.01719721917
165730,165777,171085,47,5308,2,36000,1.00885455916
165745,165861,171133,116,5272,2,36000,1.0220030349
165850,165946,168731,96,2785,2,36000,1.03447037702
165935,165951,170631,16,4680,2,36000,1.00341880342
165937,165977,169909,40,3932,2,36000,1.01017293998
165967,166036,168294,69,2258,2,36000,1.03055801594
166025,166066,171027,41,4961,2,36000,1.00826446281
166056,166072,171035,16,4963,2,36000,1.00322385654
166073,166079,168500,6,2421,5,3600,1.00247831475
166084,166269,169103,185,2834,5,3600,1.06527875794
166164,166170,171424,6,5254,2,36000,1.00114198706
166225,166231,171523,6,5292,2,36000,1.00113378685
166268,166413,168630,145,2217,5,3600,1.06540369869
166403,166508,170436,105,3928,2,36000,1.0267311609
166498,166591,171529,93,4938,2,36000,1.01883353584
166580,166614,170400,34,3786,2,36000,1.00898045431
166605,166658,170655,53,3997,2,36000,1.01325994496
166647,166672,171549,25,4877,2,36000,1.00512610211
166677,166928,169196,251,2268,5,3600,1.110670194
166881,166887,171322,6,4435,2,36000,1.00135287486
166933,167100,169611,167,2511,5,3600,1.06650736758
167097,167135,169631,38,2496,5,3600,1.01522435897
167120,167126,170960,6,3834,2,36000,1.00156494523
167135,167164,170508,29,3344,2,36000,1.0086722488
167169,167211,169978,42,2767,5,3600,1.01517889411
167200,167294,169643,94,2349,2,36000,1.04001702852
167283,167300,172480,17,5180,2,36000,1.00328185328
167298,167348,170236,50,2888,2,36000,1.01731301939
167350,167356,170239,6,2883,2,36000,1.00208116545
167353,167367,169979,14,2612,5,3600,1.00535987749
167364,167376,170079,12,2703,5,3600,1.00443951165
167366,167382,171110,16,3728,2,36000,1.00429184549
167367,167388,172755,21,5367,2,36000,1.00391280045
167368,167410,172679,42,5269,2,36000,1.00797115202
167384,167417,172355,33,4938,2,36000,1.00668286756
167385,167446,172790,61,5344,2,36000,1.01141467066
167400,167480,172708,80,5228,2,36000,1.01530221882
167415,167523,171085,108,3562,2,36000,1.03032004492
167436,167533,170333,97,2800,2,36000,1.03464285714
167470,167567,172525,97,4958,2,36000,1.01956434046
167512,167573,172634,61,5061,2,36000,1.01205295396
167527,167617,172665,90,5048,2,36000,1.01782884311
167558,167625,170611,67,2986,2,36000,1.02243804421
167573,167630,170532,57,2902,2,36000,1.01964162646
167607,167636,171170,29,3534,2,36000,1.00820599887
167622,167641,170842,19,3201,2,36000,1.00593564511
167640,167783,170350,143,2567,5,3600,1.05570705103
167696,167703,172938,7,5235,2,36000,1.00133715377
167715,167721,170814,6,3093,2,36000,1.00193986421
167783,167826,170550,43,2724,5,3600,1.0157856094
167807,167813,171647,6,3834,2,36000,1.00156494523
167825,167863,170562,38,2699,5,3600,1.01407928863
167866,167898,170764,32,2866,5,3600,1.0111653873
167897,167916,170781,19,2865,5,3600,1.00663176265
167918,167996,170592,78,2596,5,3600,1.03004622496
168000,168176,171051,176,2875,5,3600,1.0612173913
168097,168103,172518,6,4415,1,7200,1.0013590034
168173,168187,173312,14,5125,1,7200,1.00273170732
168173,168182,174281,9,6099,1,7200,1.00147565175
168174,168524,173745,350,5221,1,7200,1.0670369661
168174,168518,175742,344,7224,1,7200,1.04761904762
168174,168205,171124,31,2919,5,3600,1.01062007537
168174,168192,173662,18,5470,1,7200,1.00329067642
168175,168534,175256,359,6722,1,7200,1.05340672419
168175,168529,172973,354,4444,1,7200,1.0796579658
168175,168539,175741,364,7202,1,7200,1.05054151625
168206,168211,170906,5,2695,5,3600,1.00185528757
168216,168423,171212,207,2789,5,3600,1.07422015059
168295,168428,173762,133,5334,2,36000,1.0249343832
168431,168438,171266,7,2828,5,3600,1.00247524752
168442,168512,171059,70,2547,5,3600,1.0274833137
168514,169654,172249,1140,2595,5,3600,1.43930635838
168562,170251,180172,1689,9921,40,14400,1.17024493499
168642,171135,185371,2493,14236,40,14400,1.17511941557
168719,175461,189638,6742,14177,40,14400,1.47555900402
168731,169920,175162,1189,5242,2,36000,1.22682182373
168742,180184,191692,11442,11508,40,14400,1.99426485923
169643,169990,174541,347,4551,2,36000,1.07624697869
169911,169995,175073,84,5078,2,36000,1.01654194565
169996,170361,173188,365,2827,5,3600,1.129112133
170239,170344,175582,105,5238,2,36000,1.02004581901
170256,170448,175578,192,5130,2,36000,1.03742690058
170333,170562,173820,229,3258,2,36000,1.07028852056
170375,171277,171455,902,178,14,8940,6.06741573034
170405,170567,175545,162,4978,2,36000,1.03254319004
170438,170572,175556,134,4984,2,36000,1.02688603531
170512,170608,175810,96,5202,2,36000,1.0184544406
170537,170792,175982,255,5190,2,36000,1.04913294798
170613,170797,173947,184,3150,2,36000,1.05841269841
170634,170802,173972,168,3170,2,36000,1.05299684543
170655,170826,175078,171,4252,2,36000,1.04021636877
170815,170919,175515,104,4596,2,36000,1.0226283725
170845,170924,174426,79,3502,2,36000,1.02255853798
170931,171062,173507,131,2445,5,3600,1.05357873211
170961,171067,174677,106,3610,2,36000,1.02936288089
171029,171096,176450,67,5354,2,36000,1.01251400822
171046,171140,173877,94,2737,2,36000,1.03434417245
171091,171223,175734,132,4511,2,36000,1.02926180448
171093,171436,176678,343,5242,2,36000,1.06543304082
171110,171466,176620,356,5154,2,36000,1.069072565
171138,171471,176692,333,5221,2,36000,1.06378088489
171178,171476,174824,298,3348,2,36000,1.0890083632
171326,171658,177080,332,5422,2,36000,1.06123201771
171429,171686,176949,257,5263,2,36000,1.04883146494
171445,171452,171530,7,78,1,900,1.08974358974
171492,171540,171675,48,135,14,8940,1.35555555556
171537,171691,176796,154,5105,2,36000,1.03016650343
171539,172260,177451,721,5191,2,36000,1.13889424003
171556,172265,177082,709,4817,2,36000,1.14718704588
171652,172492,177621,840,5129,2,36000,1.16377461493
171664,171670,172580,6,910,1,900,1.00659340659
172004,172367,172857,363,490,14,8940,1.74081632653
172508,172529,177566,21,5037,2,36000,1.0041691483
172515,172651,175371,136,2720,5,3600,1.05
172592,172676,177744,84,5068,2,36000,1.01657458564
172661,172690,177989,29,5299,2,36000,1.0054727307
172702,172950,175477,248,2527,5,3600,1.09814008706
172747,172772,177989,25,5217,2,36000,1.00479202607
172824,173199,178460,375,5261,2,36000,1.07127922448
172846,173204,178499,358,5295,2,36000,1.06761095373
172855,172861,173777,6,916,1,900,1.00655021834
173033,173518,176559,485,3041,2,36000,1.15948701085
173115,173523,178497,408,4974,2,36000,1.082026538
173164,173528,178668,364,5140,2,36000,1.07081712062
173336,173775,179028,439,5253,2,36000,1.08357129259
173502,173769,174056,267,287,14,8940,1.93031358885
173796,173802,176497,6,2695,5,3600,1.00222634508
173798,173832,179141,34,5309,2,36000,1.00640421925
173826,173888,179013,62,5125,2,36000,1.01209756098
173882,173959,179206,77,5247,2,36000,1.01467505241
173953,173983,177616,30,3633,2,36000,1.00825763832
173975,174437,179314,462,4877,2,36000,1.09473036703
174053,174059,175000,6,941,1,900,1.00637619554
174360,174366,175450,6,1084,14,8940,1.00553505535
174536,174688,177199,152,2511,5,3600,1.06053365193
174575,174949,180139,374,5190,2,36000,1.07206165703
174820,175084,180266,264,5182,2,36000,1.05094558086
175063,175090,180231,27,5141,2,36000,1.00525189652
175100,175466,178101,366,2635,5,3600,1.13889943074
175150,175471,180426,321,4955,2,36000,1.06478304743
175283,175488,180764,205,5276,2,36000,1.03885519333
175439,175493,180638,54,5145,2,36000,1.01049562682
175520,175557,178033,37,2476,5,3600,1.01494345719
175520,175567,179603,47,4036,2,36000,1.01164519326
175562,175589,180991,27,5402,2,36000,1.00499814883
175563,175752,176137,189,385,1,900,1.49090909091
175563,175595,179369,32,3774,2,36000,1.0084790673
175565,175745,178398,180,2653,2,36000,1.06784771956
175576,181457,181706,5881,249,14,8940,24.6184738956
175583,175821,179148,238,3327,2,36000,1.07153591824
175587,175993,180706,406,4713,2,36000,1.08614470613
175741,176461,181380,720,4919,2,36000,1.14637121366
176038,176570,179885,532,3315,2,36000,1.1604826546
176103,176807,181737,704,4930,2,36000,1.14279918864
176455,176960,181997,505,5037,2,36000,1.10025809013
176563,177092,182318,529,5226,2,36000,1.101224646
176623,177098,182263,475,5165,2,36000,1.09196515005
176679,177210,182309,531,5099,2,36000,1.10413806629
176696,177215,182407,519,5192,2,36000,1.0999614792
176797,177463,182598,666,5135,2,36000,1.12969814995
176953,177577,180778,624,3201,2,36000,1.19493908154
177091,177627,182697,536,5070,2,36000,1.1057199211
177092,177633,182873,541,5240,2,36000,1.10324427481
177458,177755,182962,297,5207,2,36000,1.05703860188
177572,178000,183449,428,5449,2,36000,1.0785465223
177621,178005,181591,384,3586,2,36000,1.10708310095
177624,178044,183832,420,5788,2,36000,1.07256392536
177752,178049,182922,297,4873,2,36000,1.06094808126
177997,178112,183079,115,4967,2,36000,1.02315280854
177998,178411,181689,413,3278,2,36000,1.12599145821
178406,178471,182070,65,3599,2,36000,1.01806057238
178447,182005,212925,3558,30920,15,36000,1.11507115136
178466,178509,183670,43,5161,2,36000,1.00833171866
178507,178515,180888,8,2373,5,3600,1.00337126001
178507,178520,182147,13,3627,2,36000,1.00358422939
178509,178679,183532,170,4853,2,36000,1.03502987843
178675,179024,183177,349,4153,2,36000,1.08403563689
178675,178685,181447,10,2762,5,3600,1.00362056481
178936,185387,185517,6451,130,15,54000,50.6230769231
179018,179039,182746,21,3707,2,36000,1.00566495819
179035,179152,184299,117,5147,2,36000,1.02273168836
179144,179159,184288,15,5129,2,36000,1.0029245467
179155,179165,181994,10,2829,5,3600,1.00353481796
179165,179218,184532,53,5314,2,36000,1.0099736545
179208,179325,184513,117,5188,2,36000,1.02255204318
179318,179380,183656,62,4276,2,36000,1.01449953227
179372,179614,184991,242,5377,2,36000,1.04500650921
179607,179896,184812,289,4916,2,36000,1.05878763222
179886,180150,185440,264,5290,2,36000,1.04990548204
180138,180189,185524,51,5335,2,36000,1.00955951265
180194,182275,184762,2081,2487,5,3600,1.83675110575
180237,180243,183229,6,2986,2,36000,1.00200937709
180265,180277,184020,12,3743,2,36000,1.0032059845
180428,180438,185114,10,4676,2,36000,1.00213857998
180644,180650,184180,6,3530,2,36000,1.00169971671
180711,180719,185859,8,5140,2,36000,1.00155642023
180771,181002,184244,231,3242,2,36000,1.07125231339
180791,181392,186722,601,5330,2,36000,1.11275797373
181030,181613,186986,583,5373,2,36000,1.10850549042
181532,181700,185560,168,3860,2,36000,1.04352331606
181669,181749,187119,80,5370,2,36000,1.01489757914
181692,182010,187398,318,5388,2,36000,1.05902004454
181704,181717,182632,13,915,1,900,1.01420765027
181954,182015,187303,61,5288,2,36000,1.01153555219
182132,182138,185544,6,3406,2,36000,1.00176159718
182290,182320,187227,30,4907,2,36000,1.0061137151
182367,182609,185101,242,2492,5,3600,1.09711075441
182383,182389,187556,6,5167,2,36000,1.00116121541
182594,185382,185614,2788,232,14,8940,13.0172413793
182625,182708,187991,83,5283,2,36000,1.0157107704
182641,184774,187485,2133,2711,5,3600,1.78679454076
182650,182757,187924,107,5167,2,36000,1.0207083414
182651,182884,188077,233,5193,2,36000,1.04486809166
182653,182933,187926,280,4993,2,36000,1.05607850991
182672,182973,188076,301,5103,2,36000,1.05898491084
182702,183090,188406,388,5316,2,36000,1.07298720843
182749,183187,188420,438,5233,2,36000,1.0836995987
182877,183240,185998,363,2758,2,36000,1.13161711385
182923,183461,186265,538,2804,2,36000,1.19186875892
182964,183543,188751,579,5208,2,36000,1.11117511521
183086,183667,188889,581,5222,2,36000,1.11126005362
183182,183681,189056,499,5375,2,36000,1.0928372093
183230,183870,189587,640,5717,2,36000,1.11194682526
183457,184031,189263,574,5232,2,36000,1.10970948012
183535,184191,189335,656,5144,2,36000,1.12752721617
183662,184256,189428,594,5172,2,36000,1.11484918794
183681,184300,189409,619,5109,2,36000,1.12115873948
183882,184311,189503,429,5192,2,36000,1.08262711864
184022,184524,189498,502,4974,2,36000,1.10092480901
184182,184544,189622,362,5078,2,36000,1.07128790863
184247,184824,188118,577,3294,2,36000,1.17516697025
184297,185002,190051,705,5049,2,36000,1.13963161022
184315,185113,190021,798,4908,2,36000,1.16259168704
184526,185118,188569,592,3451,2,36000,1.17154447986
184552,185126,187912,574,2786,2,36000,1.20603015075
184857,185392,189337,535,3945,2,36000,1.13561470215
184999,185397,190630,398,5233,2,36000,1.07605579973
185126,185403,190731,277,5328,2,36000,1.05198948949
185404,185410,188107,6,2697,5,3600,1.0022246941
185416,185528,188290,112,2762,5,3600,1.04055032585
185449,185533,190947,84,5414,2,36000,1.01551533062
185536,185542,188169,6,2627,5,3600,1.00228397411
185536,185547,190500,11,4953,2,36000,1.00222087624
185547,185553,188356,6,2803,5,3600,1.00214056368
185555,185561,190423,6,4862,2,36000,1.00123406006
185558,185625,188326,67,2701,5,3600,1.02480562755
185577,185583,190764,6,5181,2,36000,1.00115807759
185613,185619,186544,6,925,1,900,1.00648648649
185798,185804,188827,6,3023,5,3600,1.00198478333
186048,186054,188707,6,2653,5,3600,1.00226159065
186121,186127,191398,6,5271,2,36000,1.00113830393
186296,186560,189454,264,2894,5,3600,1.09122322046
186382,186733,191923,351,5190,2,36000,1.0676300578
186559,188301,188509,1742,208,14,8940,9.375
186559,186997,192191,438,5194,2,36000,1.08432807085
186731,187130,192413,399,5283,2,36000,1.07552526973
186997,187238,192520,241,5282,2,36000,1.04562665657
187135,187318,192510,183,5192,2,36000,1.03524653313
187237,187420,192642,183,5222,2,36000,1.03504404443
187471,187496,190992,25,3496,2,36000,1.00715102975
187510,187938,190931,428,2993,5,3600,1.14300033411
187548,187554,190997,6,3443,2,36000,1.00174266628
187572,187578,192868,6,5290,2,36000,1.0011342155
187926,187932,193249,6,5317,2,36000,1.0011284559
187927,188002,192996,75,4994,2,36000,1.01501802163
187930,188087,193218,157,5131,2,36000,1.03059832391
187999,188093,193516,94,5423,2,36000,1.0173335792
188095,188337,191176,242,2839,5,3600,1.08524128214
188123,188342,193333,219,4991,2,36000,1.04387898217
188127,188368,193642,241,5274,2,36000,1.04569586651
188128,188373,193578,245,5205,2,36000,1.04707012488
188371,188718,191370,347,2652,5,3600,1.13084464555
188419,188427,193426,8,4999,2,36000,1.00160032006
188449,188455,193712,6,5257,2,36000,1.00114133536
188506,188513,189432,7,919,1,900,1.00761697497
188787,188793,193941,6,5148,2,36000,1.00116550117
188820,188838,191420,18,2582,5,3600,1.00697134005
188979,188985,191686,6,2701,5,3600,1.00222139948
189021,189067,192634,46,3567,2,36000,1.01289599103
189158,189426,191163,268,1737,1,5400,1.15428900403
189267,189420,192194,153,2774,5,3600,1.05515501081
189324,189330,194505,6,5175,2,36000,1.00115942029
189458,189472,194786,14,5314,2,36000,1.00263455024
189458,189467,191865,9,2398,5,3600,1.00375312761
189460,189650,189867,190,217,14,8940,1.87557603687
189471,189478,192181,7,2703,5,3600,1.00258971513
189484,189490,192271,6,2781,5,3600,1.0021574973
189495,189501,191831,6,2330,5,3600,1.0025751073
189497,189509,193437,12,3928,2,36000,1.00305498982
189499,189515,192467,16,2952,2,36000,1.0054200542
189500,189609,194710,109,5101,2,36000,1.02136835915
189505,189633,194849,128,5216,2,36000,1.0245398773
189507,189655,194253,148,4598,2,36000,1.03218790779
189527,189660,194890,133,5230,2,36000,1.02543021033
189529,189665,194794,136,5129,2,36000,1.02651589004
189589,189671,194897,82,5226,2,36000,1.01569077688
189625,189676,194923,51,5247,2,36000,1.00971983991
189681,189687,192583,6,2896,5,3600,1.0020718232
189691,189697,192519,6,2822,5,3600,1.00212615167
189702,189708,192455,6,2747,5,3600,1.00218420095
189713,189878,192608,165,2730,5,3600,1.06043956044
189866,189872,189930,6,58,1,900,1.10344827586
189925,190062,192820,137,2758,5,3600,1.04967367658
189926,190742,190941,816,199,14,8940,5.10050251256
190059,190775,193098,716,2323,5,3600,1.30822212656
190073,190942,194546,869,3604,2,36000,1.24112097669
190075,190947,196312,872,5365,2,36000,1.16253494874
190431,190958,194793,527,3835,2,36000,1.13741851369
190513,190963,196117,450,5154,2,36000,1.08731082654
190633,190968,194257,335,3289,2,36000,1.10185466707
190737,190974,196044,237,5070,2,36000,1.04674556213
190775,190979,195904,204,4925,2,36000,1.0414213198
190940,190953,191012,13,59,1,900,1.22033898305
191006,191012,193784,6,2772,5,3600,1.00216450216
191007,191432,191620,425,188,14,8940,3.26063829787
191008,191018,194001,10,2983,2,36000,1.00335232987
191009,191023,196232,14,5209,2,36000,1.00268765598
191011,191174,196408,163,5234,2,36000,1.03114252961
191177,191631,193984,454,2353,5,3600,1.19294517637
191412,191636,194209,224,2573,2,36000,1.08705790906
191619,191625,191630,6,5,1,900,1.1
191627,191704,191897,77,193,14,8940,1.39896373057
191641,191647,193887,6,2240,5,3600,1.00267857143
191652,191698,194443,46,2745,5,3600,1.01675774135
191703,191710,194600,7,2890,5,3600,1.00242214533
191714,191720,194443,6,2723,5,3600,1.00220345207
191724,191731,194448,7,2717,5,3600,1.002576371
191735,191741,194649,6,2908,5,3600,1.00206327373
191746,191752,194503,6,2751,5,3600,1.00218102508
191756,191762,194325,6,2563,5,3600,1.00234100663
191767,191842,194242,75,2400,5,3600,1.03125
191839,191876,194617,37,2741,5,3600,1.01349872309
191880,191908,194632,28,2724,5,3600,1.01027900147
191894,191901,191906,7,5,1,900,1.2
191903,192638,192850,735,212,14,8940,4.46698113208
191911,191917,194560,6,2643,5,3600,1.00227014756
191922,192192,194548,270,2356,5,3600,1.11460101868
191943,191950,197059,7,5109,2,36000,1.00137013114
192188,192205,194890,17,2685,5,3600,1.00633147114
192201,192521,199592,320,7071,1,7200,1.045255268
192202,192599,199743,397,7144,1,7200,1.05557110862
192202,192526,199745,324,7219,1,7200,1.04488156254
192202,192594,199640,392,7046,1,7200,1.0556344025
192203,192604,199821,401,7217,1,7200,1.05556325343
192203,192615,199842,412,7227,1,7200,1.05700844057
192203,192621,199691,418,7070,1,7200,1.05912305516
192203,192610,199659,407,7049,1,7200,1.05773868634
192204,192643,199829,439,7186,1,7200,1.0610910103
192205,192649,199801,444,7152,1,7200,1.06208053691
192209,192284,194938,75,2654,5,3600,1.02825923135
192210,192216,196974,6,4758,2,36000,1.00126103405
192264,192654,199900,390,7246,1,7200,1.05382279879
192281,192466,195154,185,2688,5,3600,1.06882440476
192431,192438,196681,7,4243,2,36000,1.0016497761
192465,192533,194821,68,2288,5,3600,1.02972027972
192469,192478,197485,9,5007,2,36000,1.00179748352
192513,192538,195104,25,2566,2,36000,1.00974279034
192529,192659,197086,130,4427,2,36000,1.02936525864
192636,192665,195839,29,3174,2,36000,1.00913673598
192652,192670,196305,18,3635,2,36000,1.00495185695
192670,192676,194958,6,2282,5,3600,1.00262927257
192681,192687,195177,6,2490,5,3600,1.00240963855
192691,192697,194937,6,2240,5,3600,1.00267857143
192702,192708,195698,6,2990,5,3600,1.00200668896
192713,192719,195044,6,2325,5,3600,1.00258064516
192724,192730,195463,6,2733,5,3600,1.00219538968
192735,192831,195625,96,2794,5,3600,1.03435934145
192827,192866,195653,39,2787,5,3600,1.01399354144
192836,192843,192882,7,39,1,1800,1.17948717949
192849,192861,192865,12,4,1,900,1.6
192861,193795,193988,934,193,14,8940,5.83937823834
192869,193109,195691,240,2582,5,3600,1.09295120062
192886,192892,196915,6,4023,2,36000,1.00149142431
193000,193007,197459,7,4452,2,36000,1.00157232704
193105,193448,196133,343,2685,5,3600,1.12774674115
193129,193260,193375,131,115,1,1800,2.13913043478
193163,193344,193423,181,79,1,1800,3.29113924051
193174,193349,193351,175,2,1,1800,17.7
193222,193230,198545,8,5315,2,36000,1.00150517404
193250,193265,198046,15,4781,2,36000,1.00313741895
193333,193381,198609,48,5228,2,36000,1.00918133129
193446,193528,197767,82,4239,2,36000,1.01934418495
193448,193602,196960,154,3358,2,36000,1.04586063133
193519,193723,197273,204,3550,2,36000,1.05746478873
193538,193590,193591,52,1,1,1800,5.3
193580,193801,199073,221,5272,2,36000,1.04191957511
193643,193898,198670,255,4772,2,36000,1.05343671417
193689,193695,193793,6,98,1,1800,1.0612244898
193713,193903,199032,190,5129,2,36000,1.03704425814
193904,194001,196697,97,2696,5,3600,1.03597922849
193954,194013,194246,59,233,1,1800,1.25321888412
193957,193963,198556,6,4593,2,36000,1.00130633573
193985,193996,193999,11,3,1,900,1.4
193994,194007,194214,13,207,14,8940,1.06280193237
194004,194018,199269,14,5251,2,36000,1.00266615883
194017,194256,197111,239,2855,5,3600,1.08371278459
194211,194220,194224,9,4,1,900,1.3
194220,194226,194415,6,189,14,8940,1.03174603175
194227,194261,199194,34,4933,2,36000,1.00689235759
194259,194267,199500,8,5233,2,36000,1.00152875979
194260,194273,197762,13,3489,2,36000,1.00372599599
194274,194336,196627,62,2291,5,3600,1.02706241816
194336,194427,196934,91,2507,5,3600,1.03629836458
194413,194419,194423,6,4,1,900,1.0
194422,194454,194648,32,194,14,8940,1.16494845361
194429,194459,196958,30,2499,5,3600,1.01200480192
194456,194465,195025,9,560,1,1800,1.01607142857
194460,194471,197071,11,2600,5,3600,1.00423076923
194471,194514,197124,43,2610,5,3600,1.01647509579
194487,194810,194811,323,1,1,1800,32.4
194512,194563,197340,51,2777,5,3600,1.01836514224
194525,194531,197701,6,3170,2,36000,1.00189274448
194546,194557,199719,11,5162,2,36000,1.00213095699
194564,194571,197048,7,2477,5,3600,1.00282599919
194574,194612,196846,38,2234,5,3600,1.01700984781
194616,194629,197504,13,2875,5,3600,1.00452173913
194626,194643,197327,17,2684,5,3600,1.0063338301
194644,194665,194669,21,4,1,900,2.5
194647,194681,197355,34,2674,5,3600,1.01271503366
194650,194659,194861,9,202,14,8940,1.04455445545
194678,194804,197075,126,2271,5,3600,1.05548216645
194710,194815,200089,105,5274,2,36000,1.01990898749
194789,194832,200050,43,5218,2,36000,1.00824070525
194804,194837,199188,33,4351,2,36000,1.00758446334
194805,194842,199922,37,5080,2,36000,1.00728346457
194842,194906,197201,64,2295,5,3600,1.02788671024
194850,194860,200010,10,5150,2,36000,1.00194174757
194856,194901,194905,45,4,1,900,4.9
194862,194872,195061,10,189,14,8940,1.05291005291
194894,194912,200072,18,5160,2,36000,1.00348837209
194910,194918,198599,8,3681,2,36000,1.00217332247
194914,194948,197424,34,2476,5,3600,1.01373182553
194925,194953,200165,28,5212,2,36000,1.00537221796
194955,194962,197207,7,2245,5,3600,1.00311804009
194966,194972,197804,6,2832,5,3600,1.00211864407
194977,195056,197772,79,2716,5,3600,1.02908689249
195059,195065,195069,6,4,1,900,1.0
195059,195073,197771,14,2698,5,3600,1.00518902891
195063,195078,195200,15,122,1,1800,1.12295081967
195069,195165,195360,96,195,14,8940,1.49230769231
195070,195188,197898,118,2710,5,3600,1.04354243542
195125,195131,199170,6,4039,2,36000,1.00148551622
195193,195371,198121,178,2750,5,3600,1.06472727273
195359,195365,195371,6,6,1,900,1.2
195367,195475,198219,108,2744,5,3600,1.03935860058
195367,195664,195862,297,198,14,8940,2.5
195480,195637,198434,157,2797,5,3600,1.05613156954
195561,196060,196094,499,34,1,1800,15.6764705882
195634,195702,198463,68,2761,5,3600,1.0246287577
195703,195709,198347,6,2638,5,3600,1.00227445034
195713,195915,198822,202,2907,5,3600,1.0694874441
195857,196100,201257,243,5157,2,36000,1.04712041885
195859,195865,195869,6,4,1,900,1.0
195867,195873,195944,6,71,14,8940,1.08450704225
195907,196144,201287,237,5143,2,36000,1.04608205328
195942,196055,196059,113,4,1,900,11.7
195947,195955,196121,8,166,14,8940,1.04819277108
196056,196149,199186,93,3037,2,36000,1.03062232466
196119,196129,196134,10,5,1,900,1.5
196120,196154,201324,34,5170,2,36000,1.00657640232
196130,196135,196239,5,104,14,8940,1.04807692308
196153,196476,199216,323,2740,5,3600,1.11788321168
196237,196243,196248,6,5,1,900,1.1
196241,196249,200955,8,4706,2,36000,1.0016999575
196244,196255,196464,11,209,14,8940,1.05263157895
196307,196316,201454,9,5138,2,36000,1.00175165434
196322,196328,201566,6,5238,2,36000,1.00114547537
196398,196420,196488,22,68,1,1800,1.32352941176
196411,196481,200359,70,3878,2,36000,1.01805054152
196462,196468,196472,6,4,1,900,1.0
196474,196638,196832,164,194,14,8940,1.84536082474
196481,196712,199278,231,2566,5,3600,1.0900233827
196700,196706,200498,6,3792,2,36000,1.00158227848
196717,196862,199584,145,2722,5,3600,1.05326965467
196810,196950,196998,140,48,1,1800,3.91666666667
196829,196857,196861,28,4,1,900,3.2
196837,196843,197038,6,195,14,8940,1.03076923077
196860,196945,199608,85,2663,5,3600,1.03191888847
196917,196926,202210,9,5284,2,36000,1.00170325511
196942,196969,199597,27,2628,5,3600,1.0102739726
196961,196975,202177,14,5202,2,36000,1.00269127259
196974,197050,199890,76,2840,5,3600,1.02676056338
196977,196985,202256,8,5271,2,36000,1.00151773857
197036,197042,197047,6,5,1,900,1.1
197046,197059,197249,13,190,14,8940,1.06842105263
197046,197085,199945,39,2860,5,3600,1.01363636364
197072,197079,202447,7,5368,2,36000,1.00130402385
197087,197094,199412,7,2318,5,3600,1.00301984469
197088,197100,202243,12,5143,2,36000,1.00233326852
197098,197122,199879,24,2757,5,3600,1.00870511425
197119,197135,199478,16,2343,5,3600,1.0068288519
197140,197212,199918,72,2706,5,3600,1.0266075388
197182,197188,197323,6,135,1,1800,1.04444444444
197212,197218,199917,6,2699,5,3600,1.00222304557
197223,197345,199583,122,2238,5,3600,1.054512958
197246,197333,197337,87,4,1,900,9.1
197254,197259,197460,5,201,14,8940,1.02487562189
197275,197339,202615,64,5276,2,36000,1.01213040182
197313,197351,197430,38,79,1,1800,1.48101265823
197348,197357,199625,9,2268,5,3600,1.00396825397
197359,197366,199783,7,2417,5,3600,1.00289615225
197369,197436,199970,67,2534,5,3600,1.02644041042
197441,197470,200191,29,2721,5,3600,1.01065784638
197457,197463,197467,6,4,1,900,1.0
197467,197515,197710,48,195,14,8940,1.24615384615
197473,197778,200271,305,2493,5,3600,1.12234255917
197480,197486,202648,6,5162,2,36000,1.00116234018
197495,197502,200413,7,2911,2,36000,1.00240467193
197702,197712,203058,10,5346,2,36000,1.00187055743
197708,197718,197723,10,5,1,900,1.5
197714,197724,197914,10,190,14,8940,1.05263157895
197765,197784,202953,19,5169,2,36000,1.00367575933
197780,197790,200121,10,2331,5,3600,1.00429000429
197781,197795,202862,14,5067,2,36000,1.00276297612
197801,197815,200146,14,2331,5,3600,1.00600600601
197811,197909,200600,98,2691,5,3600,1.03641768859
197911,197917,197923,6,6,1,900,1.2
197914,198033,200616,119,2583,5,3600,1.0460704607
197919,197925,198021,6,96,14,8940,1.0625
198037,198043,200437,6,2394,5,3600,1.00250626566
198048,198054,200757,6,2703,5,3600,1.00221975583
198049,198060,201459,11,3399,2,36000,1.00323624595
198058,198132,200689,74,2557,5,3600,1.02894016425
198130,198231,201075,101,2844,5,3600,1.03551336146
198233,198359,200740,126,2381,5,3600,1.05291894162
198336,198625,198906,289,281,1,1800,2.02846975089
198356,198445,201062,89,2617,5,3600,1.03400840657
198448,198474,201376,26,2902,5,3600,1.00895933839
198480,198610,201441,130,2831,5,3600,1.04592016955
198542,198620,200169,78,1549,2,21600,1.05035506779
198548,198681,203983,133,5302,2,36000,1.02508487363
198563,198833,204152,270,5319,2,36000,1.05076142132
198601,198838,204172,237,5334,2,36000,1.04443194601
198617,198912,202391,295,3479,2,36000,1.08479448117
198670,199043,204162,373,5119,2,36000,1.0728657941
199041,199084,199189,43,105,2,14400,1.40952380952
199042,199198,202030,156,2832,5,3600,1.05508474576
199045,199193,199194,148,1,2,14400,14.9
199047,199181,201686,134,2505,2,36000,1.05349301397
199075,199204,203025,129,3821,2,36000,1.0337607956
199174,199209,204350,35,5141,2,36000,1.00680801401
199190,199214,204246,24,5032,2,36000,1.00476947536
199191,199220,204444,29,5224,2,36000,1.00555130168
199208,199225,204518,17,5293,2,36000,1.00321178916
199227,199233,201530,6,2297,5,3600,1.00261210274
199237,199289,201922,52,2633,5,3600,1.01974933536
199272,199294,201967,22,2673,2,36000,1.00823045267
199299,199424,202149,125,2725,5,3600,1.04587155963
199422,199489,201794,67,2305,5,3600,1.02906724512
199494,199594,202251,100,2657,5,3600,1.03763643207
199502,199600,204773,98,5173,2,36000,1.01894451962
199597,199606,202298,9,2692,5,3600,1.00334323923
199607,199614,202029,7,2415,5,3600,1.00289855072
199618,199624,202446,6,2822,5,3600,1.00212615167
199629,199636,202439,7,2803,5,3600,1.0024973243
199639,199703,202504,64,2801,5,3600,1.02284898251
199701,199794,202618,93,2824,5,3600,1.03293201133
199722,199799,203357,77,3558,2,36000,1.02164137156
199804,199840,202606,36,2766,5,3600,1.01301518438
199845,199890,202274,45,2384,5,3600,1.01887583893
199886,199901,202497,15,2596,5,3600,1.00577812018
199897,199928,202084,31,2156,5,3600,1.01437847866
199923,199934,204771,11,4837,2,36000,1.00227413686
199938,199944,202329,6,2385,5,3600,1.00251572327
199949,199956,202700,7,2744,5,3600,1.00255102041
199960,199981,202653,21,2672,5,3600,1.00785928144
199980,200054,202641,74,2587,5,3600,1.02860456127
200011,200017,204941,6,4924,2,36000,1.00121852153
200052,200066,203417,14,3351,2,36000,1.00417785736
200052,200060,202811,8,2751,5,3600,1.00290803344
200063,200132,202886,69,2754,5,3600,1.02505446623
200074,200137,203327,63,3190,2,36000,1.0197492163
200090,200142,205390,52,5248,2,36000,1.00990853659
200145,200158,202669,13,2511,5,3600,1.00517722023
200156,200202,202938,46,2736,5,3600,1.0168128655
200166,200176,205424,10,5248,2,36000,1.0019054878
200197,200282,202502,85,2220,5,3600,1.03828828829
200280,200523,202875,243,2352,5,3600,1.10331632653
200309,200370,201464,61,1094,2,7200,1.05575868373
200343,200448,201465,105,1017,4,3600,1.10324483776
200362,200375,205629,13,5254,2,36000,1.00247430529
200415,200424,205712,9,5288,2,36000,1.00170196672
200427,200453,207699,26,7246,1,7200,1.00358818659
200502,200509,205895,7,5386,2,36000,1.0012996658
200525,200611,203098,86,2487,5,3600,1.03457981504
200607,200627,203079,20,2452,5,3600,1.00815660685
200628,200700,202735,72,2035,5,3600,1.03538083538
200700,200751,203367,51,2616,5,3600,1.01949541284
200752,200768,203522,16,2754,5,3600,1.0058097313
200773,200967,203362,194,2395,5,3600,1.08100208768
200957,201073,205818,116,4745,2,36000,1.02444678609
201069,201086,203158,17,2072,5,3600,1.0082046332
201090,201268,203531,178,2263,5,3600,1.07865665046
201258,201298,206557,40,5259,2,36000,1.00760600875
201290,201336,204527,46,3191,2,36000,1.01441554372
201328,201392,205499,64,4107,2,36000,1.01558315072
201360,201387,204903,27,3516,1,7200,1.00767918089
201397,201452,204121,55,2669,5,3600,1.0206069689
201448,201475,203717,27,2242,5,3600,1.01204281891
201457,201463,206039,6,4576,2,36000,1.00131118881
201472,201481,206307,9,4826,2,36000,1.00186489847
201480,201541,204262,61,2721,5,3600,1.02241822859
201543,201697,203996,154,2299,5,3600,1.06698564593
201566,201573,206902,7,5329,2,36000,1.00131356727
201571,201805,202977,234,1172,2,7200,1.19965870307
201690,201810,207184,120,5374,2,36000,1.02232973576
201809,201934,204272,125,2338,5,3600,1.05346449957
201932,202040,204496,108,2456,5,3600,1.04397394137
201970,201978,207200,8,5222,2,36000,1.00153198008
202045,202051,204208,6,2157,5,3600,1.00278164117
202056,202095,204418,39,2323,5,3600,1.01678863539
202092,202188,209396,96,7208,1,7200,1.01331853496
202097,202160,204294,63,2134,5,3600,1.02952202437
202159,202262,204595,103,2333,5,3600,1.04414916417
202180,202193,207460,13,5267,2,36000,1.00246819822
202211,202221,207414,10,5193,2,36000,1.00192566917
202246,202255,207057,9,4802,2,36000,1.00187421908
202262,202285,204805,23,2520,5,3600,1.00912698413
202262,202290,207424,28,5134,2,36000,1.00545383716
202293,202309,204504,16,2195,5,3600,1.00728929385
202313,202340,204655,27,2315,5,3600,1.01166306695
202345,202450,204729,105,2279,5,3600,1.04607283896
202393,202402,207426,9,5024,2,36000,1.00179140127
202447,202457,204873,10,2416,5,3600,1.00413907285
202450,202463,206907,13,4444,2,36000,1.00292529253
202468,202509,204590,41,2081,5,3600,1.01970206631
202510,202515,204766,5,2251,5,3600,1.00222123501
202520,202527,204981,7,2454,5,3600,1.00285248574
202531,202618,204898,87,2280,5,3600,1.03815789474
202613,202633,204994,20,2361,5,3600,1.00847098687
202618,202627,207306,9,4679,2,36000,1.00192348792
202635,202652,205048,17,2396,5,3600,1.0070951586
202650,202659,207882,9,5223,2,36000,1.00172314762
202655,202665,204977,10,2312,5,3600,1.00432525952
202666,202680,204671,14,1991,5,3600,1.00703164239
202677,202711,204778,34,2067,5,3600,1.01644895985
202708,202746,204911,38,2165,5,3600,1.01755196305
202749,202822,205122,73,2300,5,3600,1.03173913043
202821,202886,205148,65,2262,5,3600,1.02873563218
202864,202873,207889,9,5016,2,36000,1.00179425837
202883,202897,205127,14,2230,5,3600,1.00627802691
202894,202949,205237,55,2288,5,3600,1.02403846154
202945,203090,205478,145,2388,5,3600,1.06072026801
202955,202988,208035,33,5047,2,36000,1.00653853775
203027,203036,208227,9,5191,2,36000,1.00173376999
203062,203070,208431,8,5361,2,36000,1.00149225891
203089,203109,205437,20,2328,5,3600,1.00859106529
203110,203169,205972,59,2803,5,3600,1.0210488762
203172,203374,205769,202,2395,5,3600,1.08434237996
203328,203334,206672,6,3338,2,36000,1.00179748352
203360,203368,208619,8,5251,2,36000,1.00152351933
203377,203383,205863,6,2480,5,3600,1.00241935484
203387,203533,205956,146,2423,5,3600,1.06025588114
203419,203425,208581,6,5156,2,36000,1.00116369279
203531,203542,206218,11,2676,5,3600,1.00411061286
203541,203728,206158,187,2430,5,3600,1.07695473251
203726,204007,206283,281,2276,5,3600,1.12346221441
203984,203994,209084,10,5090,2,36000,1.00196463654
204012,204133,206396,121,2263,5,3600,1.05346884666
204135,204219,206741,84,2522,5,3600,1.03330689929
204154,204160,208861,6,4701,2,36000,1.00127632419
204170,204176,209263,6,5087,2,36000,1.0011794771
204186,204192,207329,6,3137,2,36000,1.0019126554
204217,204273,206578,56,2305,5,3600,1.02429501085
204248,204254,209303,6,5049,2,36000,1.00118835413
204269,204283,206634,14,2351,5,3600,1.0059549128
204279,204306,206868,27,2562,5,3600,1.01053864169
204311,204429,206845,118,2416,5,3600,1.0488410596
204352,204434,207369,82,2935,2,36000,1.02793867121
204434,204508,206923,74,2415,5,3600,1.03064182195
204447,204513,209848,66,5335,2,36000,1.01237113402
204516,204522,206748,6,2226,5,3600,1.00269541779
204520,204528,209387,8,4859,2,36000,1.00164642931
204526,204601,207116,75,2515,5,3600,1.02982107356
204536,204542,209568,6,5026,2,36000,1.00119379228
204598,204607,206962,9,2355,5,3600,1.00382165605
204609,204667,207014,58,2347,5,3600,1.02471239881
204671,204682,206845,11,2163,5,3600,1.00508552936
204681,204741,206942,60,2201,5,3600,1.02726033621
204743,204778,207350,35,2572,5,3600,1.01360808709
204772,204783,209885,11,5102,2,36000,1.00215601725
204784,204791,207478,7,2687,5,3600,1.00260513584
204788,204797,207984,9,3187,2,36000,1.00282397239
204795,204817,207055,22,2238,5,3600,1.00983020554
204816,204884,207227,68,2343,5,3600,1.02902262057
204888,204909,207329,21,2420,5,3600,1.00867768595
204909,204922,207349,13,2427,5,3600,1.00535640709
204919,204953,207227,34,2274,5,3600,1.01495162709
204943,204988,210061,45,5073,2,36000,1.00887049083
204991,204998,207360,7,2362,5,3600,1.00296359018
205002,205008,207281,6,2273,5,3600,1.00263968324
205013,205059,207400,46,2341,5,3600,1.01964972234
205064,205134,207871,70,2737,5,3600,1.02557544757
205136,205142,207518,6,2376,5,3600,1.00252525253
205147,205159,207628,12,2469,5,3600,1.00486026731
205158,205248,207993,90,2745,5,3600,1.03278688525
205250,205401,207856,151,2455,5,3600,1.06150712831
205404,205448,207779,44,2331,5,3600,1.01887601888
205446,205489,207679,43,2190,5,3600,1.0196347032
205487,205640,207910,153,2270,5,3600,1.06740088106
205641,205780,207982,139,2202,5,3600,1.06312443233
205784,205830,208109,46,2279,5,3600,1.02018429136
205825,205874,208070,49,2196,5,3600,1.0223132969
205877,205967,208639,90,2672,5,3600,1.03368263473
205969,205983,208082,14,2099,5,3600,1.00666984278
205980,206169,208861,189,2692,5,3600,1.07020802377
206175,206230,208873,55,2643,5,3600,1.02080968596
206226,206294,208665,68,2371,5,3600,1.02867988191
206298,206318,208809,20,2491,5,3600,1.00802890405
206319,206408,208902,89,2494,5,3600,1.03568564555
206411,206589,208884,178,2295,5,3600,1.07755991285
206585,206646,208928,61,2282,5,3600,1.02673093777
206647,206683,208848,36,2165,5,3600,1.01662817552
206688,206752,209140,64,2388,5,3600,1.02680067002
206750,206759,209049,9,2290,5,3600,1.003930131
206761,206856,209493,95,2637,5,3600,1.03602578688
206853,206862,209286,9,2424,5,3600,1.00371287129
206864,206879,209323,15,2444,5,3600,1.00613747954
206874,206934,208996,60,2062,5,3600,1.02909796314
206936,206954,209133,18,2179,5,3600,1.00826067003
206957,206974,209483,17,2509,5,3600,1.00677560781
206978,207025,209093,47,2068,5,3600,1.02272727273
207427,207433,212626,6,5193,2,36000,1.0011554015
207428,207439,211056,11,3617,2,36000,1.00304119436
207463,207469,212404,6,4935,2,36000,1.00121580547
207659,207665,250884,6,43219,40,43199,1.00013882783
207885,207892,213211,7,5319,2,36000,1.00131603685
207901,207907,212651,6,4744,2,36000,1.00126475548
207985,207991,213067,6,5076,2,36000,1.0011820331
208036,208042,213257,6,5215,2,36000,1.00115052733
208229,208236,213389,7,5153,2,36000,1.00135843198
208428,208435,213706,7,5271,2,36000,1.00132802125
208582,208588,213888,6,5300,2,36000,1.00113207547
208620,208626,211059,6,2433,2,36000,1.00246609125
208862,208868,211871,6,3003,2,36000,1.001998002
209087,209093,213961,6,4868,2,36000,1.00123253903
209265,209271,213643,6,4372,2,36000,1.00137236962
209305,209311,214032,6,4721,2,36000,1.00127091718
209387,209393,214537,6,5144,2,36000,1.00116640747
209569,209576,214525,7,4949,2,36000,1.00141442716
209854,209860,214995,6,5135,2,36000,1.0011684518
209887,209893,213582,6,3689,2,36000,1.00162645703
210063,210069,215258,6,5189,2,36000,1.00115629216
210169,210176,242173,7,31997,10,43200,1.00021877051
210443,210450,241697,7,31247,14,43200,1.00022402151
211057,211063,214341,6,3278,2,36000,1.00183038438
211058,211069,216256,11,5187,2,36000,1.00212068633
211875,211881,217195,6,5314,2,36000,1.00112909296
212408,212414,216357,6,3943,2,36000,1.001521684
212629,212635,215658,6,3023,2,36000,1.00198478333
212655,212661,215931,6,3270,2,36000,1.00183486239
213069,213075,218498,6,5423,2,36000,1.00110639867
213070,213081,213100,11,19,15,54000,1.57894736842
213215,213221,218064,6,4843,2,36000,1.00123890151
213260,213266,218358,6,5092,2,36000,1.00117831893
213393,213399,216865,6,3466,2,36000,1.00173110214
213585,213591,218603,6,5012,2,36000,1.0011971269
213645,213651,218754,6,5103,2,36000,1.00117577895
213708,213714,218978,6,5264,2,36000,1.00113981763
213889,213895,216721,6,2826,2,36000,1.00212314225
213955,213961,224891,6,10930,15,54000,1.00054894785
213962,213968,219280,6,5312,2,36000,1.00112951807
214033,214039,219119,6,5080,2,36000,1.00118110236
214344,214349,219612,5,5263,2,36000,1.0009500285
214528,214534,219441,6,4907,2,36000,1.00122274302
214544,214551,219816,7,5265,2,36000,1.00132953466
215023,215029,219009,6,3980,2,36000,1.00150753769
215261,215267,218850,6,3583,2,36000,1.00167457438
215661,215668,220531,7,4863,2,36000,1.00143944067
215956,215962,221192,6,5230,2,36000,1.00114722753
216044,216050,224807,6,8757,15,36000,1.00068516615
216259,216265,219040,6,2775,2,36000,1.00216216216
216358,216364,218662,6,2298,2,36000,1.00261096606
216724,216730,219812,6,3082,2,36000,1.0019467878
216869,216876,221858,7,4982,2,36000,1.00140505821
217197,217204,222585,7,5381,2,36000,1.00130087344
218067,218073,222884,6,4811,2,36000,1.00124714197
218360,218366,223247,6,4881,2,36000,1.0012292563
218501,218507,223794,6,5287,2,36000,1.00113485909
218595,218600,221708,5,3108,2,36000,1.00160875161
218596,218606,223850,10,5244,2,36000,1.00190694127
218597,218611,223705,14,5094,2,36000,1.00274833137
218599,218616,223767,17,5151,2,36000,1.00330033003
218600,218621,222397,21,3776,2,36000,1.00556144068
218601,218627,223741,26,5114,2,36000,1.00508408291
218603,218633,223815,30,5182,2,36000,1.00578927055
218604,218638,222768,34,4130,2,36000,1.00823244552
218605,218643,223857,38,5214,2,36000,1.00728807058
218606,218648,222560,42,3912,2,36000,1.01073619632
218608,218653,223538,45,4885,2,36000,1.00921187308
218610,218658,223776,48,5118,2,36000,1.00937866354
218611,218664,221315,53,2651,2,36000,1.01999245568
218613,218669,223973,56,5304,2,36000,1.01055806938
218614,218674,222705,60,4031,2,36000,1.01488464401
218615,218679,223968,64,5289,2,36000,1.01210058612
218617,218684,223513,67,4829,2,36000,1.01387450818
218618,218689,223917,71,5228,2,36000,1.0135807192
218619,218695,223959,76,5264,2,36000,1.01443768997
218620,218700,223979,80,5279,2,36000,1.0151543853
218622,218705,224002,83,5297,2,36000,1.01566924674
218623,218716,224080,93,5364,2,36000,1.01733780761
218624,218721,223951,97,5230,2,36000,1.01854684512
218626,218726,223562,100,4836,2,36000,1.02067824648
218627,218732,223463,105,4731,2,36000,1.02219403932
218628,218737,223919,109,5182,2,36000,1.02103434967
218630,218742,223992,112,5250,2,36000,1.02133333333
218631,218747,224147,116,5400,2,36000,1.02148148148
218632,218752,221715,120,2963,2,36000,1.04049949376
218634,218757,223993,123,5236,2,36000,1.02349121467
218635,218763,221475,128,2712,2,36000,1.04719764012
218636,218768,223949,132,5181,2,36000,1.02547770701
218638,218773,221642,135,2869,2,36000,1.0470547229
218639,218778,222295,139,3517,2,36000,1.03952232016
218640,218783,223812,143,5029,2,36000,1.02843507656
218641,218788,223952,147,5164,2,36000,1.02846630519
218643,218793,223086,150,4293,2,36000,1.03494060098
218645,218799,223986,154,5187,2,36000,1.02968960864
218646,218804,223793,158,4989,2,36000,1.03166967328
218647,218809,223711,162,4902,2,36000,1.03304773562
218648,218814,223904,166,5090,2,36000,1.0326129666
218650,218819,223762,169,4943,2,36000,1.0341897633
218651,218825,224062,174,5237,2,36000,1.03322512889
218652,218830,224118,178,5288,2,36000,1.03366111952
218654,218835,222106,181,3271,2,36000,1.05533476001
218655,218840,224090,185,5250,2,36000,1.03523809524
218656,218845,224235,189,5390,2,36000,1.03506493506
218658,218851,223969,193,5118,2,36000,1.03771004299
218659,218856,223940,197,5084,2,36000,1.03874901652
218660,218861,223799,201,4938,2,36000,1.04070473876
218662,218866,224222,204,5356,2,36000,1.03808812547
218663,218872,224059,209,5187,2,36000,1.04029304029
218664,218877,221480,213,2603,2,36000,1.08182865924
218665,218882,223271,217,4389,2,36000,1.04944178628
218667,218887,221572,220,2685,2,36000,1.08193668529
218668,218892,222117,224,3225,2,36000,1.06945736434
218669,218897,223781,228,4884,2,36000,1.04668304668
218671,218903,224238,232,5335,2,36000,1.0434864105
218673,218908,224063,235,5155,2,36000,1.04558680892
218674,218913,224123,239,5210,2,36000,1.04587332054
218712,218919,224104,207,5185,2,36000,1.03992285439
218714,218924,221733,210,2809,2,36000,1.07475970096
218757,218929,224217,172,5288,2,36000,1.03252647504
218848,218935,222712,87,3777,2,36000,1.02303415409
218982,218988,223891,6,4903,2,36000,1.00122374057
219010,219017,224228,7,5211,2,36000,1.00134331222
219043,219049,224317,6,5268,2,36000,1.00113895216
219141,219147,224479,6,5332,2,36000,1.00112528132
219186,219192,219193,6,1,1,3600,1.0
219282,219288,224613,6,5325,2,36000,1.00112676056
219390,219397,223020,7,3623,1,3600,1.00193210047
219453,219459,224289,6,4830,2,36000,1.00124223602
219612,219619,224928,7,5309,2,36000,1.00131851573
219815,219821,225118,6,5297,2,36000,1.00113271663
219832,219838,223280,6,3442,2,36000,1.00174317257
220535,220541,225324,6,4783,2,36000,1.00125444282
221194,221200,224299,6,3099,2,36000,1.00193610842
221318,221324,226316,6,4992,2,36000,1.00120192308
221342,221349,231611,7,10262,1,36000,1.00068212824
221479,221485,226792,6,5307,2,36000,1.00113058225
221495,221501,226321,6,4820,2,36000,1.00124481328
221573,221580,226739,7,5159,2,36000,1.0013568521
221644,221650,227010,6,5360,2,36000,1.00111940299
221711,221716,224808,5,3092,2,36000,1.00161707633
221727,221733,226964,6,5231,2,36000,1.00114700822
221744,221750,227061,6,5311,2,36000,1.00112973075
221859,221865,226081,6,4216,2,36000,1.00142314991
222107,222113,227338,6,5225,2,36000,1.00114832536
222123,222129,225382,6,3253,2,36000,1.00184445128
222298,222304,226291,6,3987,2,36000,1.0015048909
222401,222407,227700,6,5293,2,36000,1.00113357264
222562,222569,227972,7,5403,2,36000,1.00129557653
222586,222592,227762,6,5170,2,36000,1.00116054159
222709,222715,227894,6,5179,2,36000,1.00115852481
222725,222731,228017,6,5286,2,36000,1.00113507378
222770,222776,227937,6,5161,2,36000,1.00116256539
222887,222894,226454,7,3560,2,36000,1.00196629213
223089,223095,227793,6,4698,2,36000,1.00127713921
223251,223257,226396,6,3139,2,36000,1.00191143676
223273,223280,228493,7,5213,2,36000,1.00134279685
223290,223296,228032,6,4736,2,36000,1.00126689189
223466,223472,228720,6,5248,2,36000,1.00114329268
223514,223520,228629,6,5109,2,36000,1.00117439812
223540,223546,225765,6,2219,2,36000,1.00270392068
223566,223572,228774,6,5202,2,36000,1.00115340254
223708,223714,229036,6,5322,2,36000,1.00112739572
223723,223730,228334,7,4604,2,36000,1.00152041703
223743,223749,228894,6,5145,2,36000,1.00116618076
223766,223773,227946,7,4173,2,36000,1.00167745028
223768,223779,228870,11,5091,2,36000,1.0021606757
223784,223790,229121,6,5331,2,36000,1.0011254924
223785,223796,229074,11,5278,2,36000,1.00208412277
223802,223808,228939,6,5131,2,36000,1.0011693627
223803,223814,229194,11,5380,2,36000,1.00204460967
223804,223819,228911,15,5092,2,36000,1.00294579733
223821,223827,229096,6,5269,2,36000,1.001138736
223822,223833,229215,11,5382,2,36000,1.00204384987
223852,223858,229092,6,5234,2,36000,1.00114635078
223868,223875,229161,7,5286,2,36000,1.00132425274
223895,223901,229258,6,5357,2,36000,1.00112002987
223911,223916,227740,5,3824,2,36000,1.00130753138
223927,223933,229297,6,5364,2,36000,1.00111856823
223928,223939,228871,11,4932,2,36000,1.00223033252
223945,223951,229102,6,5151,2,36000,1.00116482236
223962,223968,229285,6,5317,2,36000,1.0011284559
223963,223974,229230,11,5256,2,36000,1.00209284627
223964,223979,229193,15,5214,2,36000,1.00287686997
223966,223984,228735,18,4751,2,36000,1.00378867607
223982,223990,229324,8,5334,2,36000,1.00149981252
223983,223995,228956,12,4961,2,36000,1.00241886716
223984,224000,227283,16,3283,2,36000,1.00487359123
223986,224007,229265,21,5258,2,36000,1.00399391404
224002,224013,229229,11,5216,2,36000,1.00210889571
224003,224018,226478,15,2460,2,36000,1.00609756098
224004,224023,229080,19,5057,2,36000,1.00375716828
224006,224029,227730,23,3701,2,36000,1.00621453661
224064,224069,229394,5,5325,2,36000,1.00093896714
224065,224075,229320,10,5245,2,36000,1.00190657769
224066,224081,229283,15,5202,2,36000,1.00288350634
224083,224089,229263,6,5174,2,36000,1.00115964438
224104,224110,228413,6,4303,2,36000,1.00139437602
224121,224127,229205,6,5078,2,36000,1.00118156755
224123,224133,229472,10,5339,2,36000,1.00187300993
224139,224145,227684,6,3539,2,36000,1.00169539418
224155,224162,229449,7,5287,2,36000,1.00132400227
224220,224226,229259,6,5033,2,36000,1.00119213193
224237,224243,229404,6,5161,2,36000,1.00116256539
224238,224249,227120,11,2871,2,36000,1.00383141762
224239,224254,229532,15,5278,2,36000,1.0028419856
224255,224261,229597,6,5336,2,36000,1.00112443778
224291,224297,229475,6,5178,2,36000,1.00115874855
224307,224314,229608,7,5294,2,36000,1.00132225161
224324,224330,229500,6,5170,2,36000,1.00116054159
224482,224489,229695,7,5206,2,36000,1.00134460238
224615,224622,229582,7,4960,2,36000,1.00141129032
224809,224815,230101,6,5286,2,36000,1.00113507378
224932,224939,230065,7,5126,2,36000,1.0013655872
224979,224985,256822,6,31837,15,54000,1.00018845997
225139,225145,245768,6,20623,15,36000,1.0002909373
225143,225151,230068,8,4917,2,36000,1.00162700834
225326,225332,230632,6,5300,2,36000,1.00113207547
225384,225391,230423,7,5032,2,36000,1.00139109698
225768,225774,230876,6,5102,2,36000,1.00117600941
226083,226089,231429,6,5340,2,36000,1.00112359551
226294,226301,231198,7,4897,2,36000,1.0014294466
226321,226327,231346,6,5019,2,36000,1.00119545726
226322,226333,230080,11,3747,2,36000,1.00293568188
226398,226404,231608,6,5204,2,36000,1.00115295926
226458,226464,229625,6,3161,2,36000,1.0018981335
226481,226487,231700,6,5213,2,36000,1.00115096873
226743,226749,231800,6,5051,2,36000,1.00118788359
226796,226802,231800,6,4998,2,36000,1.00120048019
226965,226972,231801,7,4829,2,36000,1.00144957548
227013,227019,230055,6,3036,2,36000,1.00197628458
227065,227071,231801,6,4730,2,36000,1.00126849894
227122,227128,231800,6,4672,2,36000,1.00128424658
227286,227292,231801,6,4509,2,36000,1.00133067199
227341,227348,231801,7,4453,2,36000,1.00157197395
227688,227694,231801,6,4107,2,36000,1.00146092038
227704,227710,231430,6,3720,2,36000,1.00161290323
227734,227740,231801,6,4061,2,36000,1.0014774686
227750,227756,231801,6,4045,2,36000,1.00148331273
227766,227773,231801,7,4028,2,36000,1.00173783515
227795,227802,231565,7,3763,2,36000,1.00186021791
227897,227903,231801,6,3898,2,36000,1.0015392509
227939,227946,231801,7,3855,2,36000,1.00181582361
227956,227962,231801,6,3839,2,36000,1.00156290701
227975,227981,231801,6,3820,2,36000,1.00157068063
228021,228027,231801,6,3774,2,36000,1.00158982512
228037,228043,231801,6,3758,2,36000,1.00159659393
228339,228345,231801,6,3456,2,36000,1.00173611111
228415,228421,231801,6,3380,2,36000,1.00177514793
228495,228501,231801,6,3300,2,36000,1.00181818182
228512,228518,358132,6,129614,2,129600,1.0000462913
228633,228640,231801,7,3161,2,36000,1.00221448909
228723,228730,231801,7,3071,2,36000,1.00227938782
228740,228746,231801,6,3055,2,36000,1.00196399345
228777,228783,231801,6,3018,2,36000,1.00198807157
228875,228881,231801,6,2920,2,36000,1.00205479452
228876,228887,231801,11,2914,2,36000,1.00377487989
228896,228902,231801,6,2899,2,36000,1.0020696792
228916,228922,231801,6,2879,2,36000,1.00208405696
228942,228948,231801,6,2853,2,36000,1.00210304942
228959,228965,231801,6,2836,2,36000,1.00211565585
229038,229045,231801,7,2756,2,36000,1.00253991292
229077,229084,231801,7,2717,2,36000,1.002576371
229094,229100,231394,6,2294,2,36000,1.00261551874
229095,229106,231801,11,2695,2,36000,1.00408163265
229113,229119,231801,6,2682,2,36000,1.00223713647
229114,229125,231801,11,2676,2,36000,1.00411061286
229130,229136,231805,6,2669,2,36000,1.00224803297
229162,229169,231805,7,2636,2,36000,1.00265553869
229195,229202,231805,7,2603,2,36000,1.00268920476
229197,229208,231805,11,2597,2,36000,1.00423565653
229214,229220,231805,6,2585,2,36000,1.00232108317
229230,229236,231805,6,2569,2,36000,1.00233553912
229232,229242,231805,10,2563,2,36000,1.00390167772
229233,229247,231805,14,2558,2,36000,1.0054730258
229263,229269,231805,6,2536,2,36000,1.0023659306
229264,229275,231805,11,2530,2,36000,1.00434782609
229266,229280,231805,14,2525,2,36000,1.00554455446
229283,229289,231805,6,2516,2,36000,1.00238473768
229284,229295,231805,11,2510,2,36000,1.00438247012
229301,229307,231805,6,2498,2,36000,1.00240192154
229302,229313,231805,11,2492,2,36000,1.0044141252
229322,229328,231806,6,2478,2,36000,1.00242130751
229338,229345,231805,7,2460,2,36000,1.00284552846
229396,229402,231805,6,2403,2,36000,1.0024968789
229412,229418,231805,6,2387,2,36000,1.00251361542
229454,229460,231805,6,2345,2,36000,1.00255863539
229474,229480,231805,6,2325,2,36000,1.00258064516
229490,229497,231805,7,2308,2,36000,1.00303292894
229507,229513,231805,6,2292,2,36000,1.00261780105
229537,229543,231805,6,2262,2,36000,1.00265251989
229583,229589,231805,6,2216,2,36000,1.00270758123
229599,229605,231805,6,2200,2,36000,1.00272727273
229616,229622,231806,6,2184,2,36000,1.00274725275
229632,229639,231806,7,2167,2,36000,1.00323027227
229693,229699,316144,6,86445,1,86400,1.00006940829
229698,229705,231806,7,2101,2,36000,1.00333174679
230059,230065,231806,6,1741,2,36000,1.00344629523
230076,230082,231806,6,1724,2,36000,1.00348027842
230077,230088,231806,11,1718,2,36000,1.00640279395
230094,230100,231806,6,1706,2,36000,1.00351699883
230111,230117,231806,6,1689,2,36000,1.00355239787
230419,230425,360071,6,129646,2,129600,1.00004627987
230425,230431,231806,6,1375,2,36000,1.00436363636
230634,230640,231806,6,1166,2,36000,1.0051457976
230880,230886,231806,6,920,2,36000,1.00652173913
231202,231208,231806,6,598,2,36000,1.01003344482
231349,231355,231806,6,451,2,36000,1.0133037694
231398,231404,231806,6,402,2,36000,1.01492537313
231431,231437,231806,6,369,2,36000,1.0162601626
231433,231443,231806,10,363,2,36000,1.02754820937
231493,231499,317923,6,86424,1,86400,1.00006942516
231544,231550,317953,6,86403,1,86400,1.00006944203
231569,231575,231806,6,231,2,36000,1.02597402597
231611,231617,231806,6,189,2,36000,1.03174603175
231695,231701,318122,6,86421,1,86400,1.00006942757
231701,231707,231806,6,99,2,36000,1.06060606061
231963,231969,234922,6,2953,2,36000,1.00203183204
231964,231975,236547,11,4572,2,36000,1.00240594926
231965,231980,234999,15,3019,2,36000,1.00496853263
231967,231985,235050,18,3065,2,36000,1.00587275693
231968,231990,234835,22,2845,2,36000,1.00773286467
231969,231995,234715,26,2720,2,36000,1.00955882353
231971,232002,236498,31,4496,2,36000,1.00689501779
231972,232007,234428,35,2421,2,36000,1.01445683602
231974,232012,236701,38,4689,2,36000,1.00810407336
231975,232017,236994,42,4977,2,36000,1.00843881857
231977,232022,236728,45,4706,2,36000,1.00956226094
231978,232028,236961,50,4933,2,36000,1.01013581999
231979,232033,236381,54,4348,2,36000,1.01241950322
231981,232038,237172,57,5134,2,36000,1.01110245423
231982,232043,237258,61,5215,2,36000,1.0116970278
231984,232048,235052,64,3004,2,36000,1.02130492676
231985,232053,234370,68,2317,2,36000,1.02934829521
231987,232059,234517,72,2458,2,36000,1.0292921074
231988,232064,234812,76,2748,2,36000,1.02765647744
231989,232069,235093,80,3024,2,36000,1.02645502646
231991,232074,235270,83,3196,2,36000,1.02596996245
231992,232079,235007,87,2928,2,36000,1.02971311475
231994,232085,237236,91,5151,2,36000,1.01766647253
231995,232090,234604,95,2514,2,36000,1.03778838504
231996,232095,235772,99,3677,2,36000,1.02692412293
231998,232101,235071,103,2970,2,36000,1.03468013468
231999,232106,234897,107,2791,2,36000,1.03833751344
232001,232111,237234,110,5123,2,36000,1.02147179387
232002,232116,237055,114,4939,2,36000,1.02308159546
232003,232121,235274,118,3153,2,36000,1.03742467491
232005,232127,235377,122,3250,2,36000,1.03753846154
232007,232132,235798,125,3666,2,36000,1.03409710857
232008,232137,237054,129,4917,2,36000,1.02623550946
232010,232142,237051,132,4909,2,36000,1.02688938684
232011,232147,236875,136,4728,2,36000,1.02876480541
232012,232153,234579,141,2426,2,36000,1.05812036274
232014,232158,236627,144,4469,2,36000,1.0322219736
232015,232163,237440,148,5277,2,36000,1.02804623839
232017,232168,235399,151,3231,2,36000,1.04673475704
232018,232173,235587,155,3414,2,36000,1.04540128881
232020,232178,234808,158,2630,2,36000,1.06007604563
232021,232184,236947,163,4763,2,36000,1.03422212891
232023,232189,234785,166,2596,2,36000,1.06394453005
232024,232194,235767,170,3573,2,36000,1.04757906521
232026,232199,235068,173,2869,2,36000,1.06029975601
232027,232204,237204,177,5000,2,36000,1.0354
232029,232209,235587,180,3378,2,36000,1.05328596803
232030,232215,235463,185,3248,2,36000,1.05695812808
232032,232220,234934,188,2714,2,36000,1.06927044952
232033,232225,237431,192,5206,2,36000,1.03688052247
232034,232230,235841,196,3611,2,36000,1.05427859319
232036,232235,234812,199,2577,2,36000,1.07722157548
232037,232240,234637,203,2397,2,36000,1.08468919483
232038,232246,237239,208,4993,2,36000,1.04165832165
232040,232251,235224,211,2973,2,36000,1.07097208207
232041,232256,237643,215,5387,2,36000,1.0399108966
232043,232261,234644,218,2383,2,36000,1.09148132606
232044,232266,235855,222,3589,2,36000,1.0618556701
232045,232271,237238,226,4967,2,36000,1.04550030199
232047,232277,236118,230,3841,2,36000,1.05988023952
232048,232282,237112,234,4830,2,36000,1.04844720497
232049,232287,234981,238,2694,2,36000,1.08834446919
232051,232292,236089,241,3797,2,36000,1.06347116144
232052,232297,234803,245,2506,2,36000,1.09776536313
232053,232302,235250,249,2948,2,36000,1.08446404342
232055,232307,237413,252,5106,2,36000,1.04935370153
232056,232313,235168,257,2855,2,36000,1.09001751313
232058,232318,234960,260,2642,2,36000,1.09841029523
232059,232323,234952,264,2629,2,36000,1.10041841004
232060,232328,234943,268,2615,2,36000,1.10248565966
232062,232333,235275,271,2942,2,36000,1.09211420802
232063,232339,236517,276,4178,2,36000,1.06606031594
232064,232344,237201,280,4857,2,36000,1.05764875438
232066,232349,237495,283,5146,2,36000,1.05499417023
232067,232354,237172,287,4818,2,36000,1.0595682856
232069,232359,235859,290,3500,2,36000,1.08285714286
232070,232364,236523,294,4159,2,36000,1.07069006973
232072,232369,236404,297,4035,2,36000,1.07360594796
232073,232375,236551,302,4176,2,36000,1.07231800766
232075,232380,236376,305,3996,2,36000,1.07632632633
232862,232868,234641,6,1773,8,84000,1.00338409475
232885,232891,233180,6,289,2,21600,1.02076124567
233100,233106,234641,6,1535,5,3600,1.00390879479
233111,233117,234641,6,1524,5,3600,1.00393700787
233122,233128,234641,6,1513,5,3600,1.0039656312
233132,233138,234641,6,1503,5,3600,1.00399201597
233143,233191,234641,48,1450,5,3600,1.03310344828
233302,233309,319740,7,86431,1,86400,1.00008098946
233467,234647,321078,1180,86431,1,86400,1.01365250894
233552,234380,234673,828,293,2,21600,3.82593856655
234080,234439,234715,359,276,2,21600,2.30072463768
234372,234653,237967,281,3314,2,36000,1.0847917924
234423,234528,320957,105,86429,2,86400,1.00121487001
234429,234658,238407,229,3749,2,36000,1.06108295545
234518,234664,237879,146,3215,2,36000,1.04541213064
234580,234669,239139,89,4470,2,36000,1.01991051454
234597,234603,234887,6,284,2,21600,1.02112676056
234608,234674,239583,66,4909,2,36000,1.01344469342
234638,234679,239501,41,4822,2,36000,1.00850269598
234652,234686,239512,34,4826,2,36000,1.00704517199
234703,234709,234887,6,178,8,84000,1.03370786517
234707,234715,234887,8,172,5,3600,1.04651162791
234717,234723,237773,6,3050,2,36000,1.00196721311
234728,234735,234887,7,152,5,3600,1.04605263158
234739,234745,234887,6,142,5,3600,1.04225352113
234750,234756,234887,6,131,5,3600,1.04580152672
234761,234819,234887,58,68,5,3600,1.85294117647
234786,234825,237864,39,3039,2,36000,1.01283316881
234805,234830,239127,25,4297,2,36000,1.00581801257
234820,234846,238617,26,3771,2,36000,1.00689472289
234821,234898,239775,77,4877,2,36000,1.0157883945
234823,234904,239134,81,4230,2,36000,1.01914893617
234838,234909,239817,71,4908,2,36000,1.01446617767
234898,234915,239567,17,4652,2,36000,1.00365434222
234923,234929,240186,6,5257,2,36000,1.00114133536
234937,234944,240064,7,5120,2,36000,1.0013671875
234953,234959,239968,6,5009,2,36000,1.00119784388
234954,234965,238196,11,3231,2,36000,1.00340451872
234969,234975,239238,6,4263,2,36000,1.00140745954
234984,234990,237749,6,2759,2,36000,1.00217470098
234999,235005,237554,6,2549,2,36000,1.00235386426
235014,235020,240265,6,5245,2,36000,1.00114394662
235051,235057,238777,6,3720,2,36000,1.00161290323
235066,235072,238245,6,3173,2,36000,1.00189095493
235081,235087,238228,6,3141,2,36000,1.00191021968
235082,235093,237671,11,2578,2,36000,1.00426687355
235097,235103,239302,6,4199,2,36000,1.00142891165
235168,235174,239915,6,4741,2,36000,1.00126555579
235226,235233,238354,7,3121,2,36000,1.00224287087
235251,235257,240174,6,4917,2,36000,1.00122025625
235273,235279,239705,6,4426,2,36000,1.00135562585
235287,235294,239837,7,4543,2,36000,1.00154083205
235289,235300,237701,11,2401,2,36000,1.00458142441
235380,235387,239918,7,4531,2,36000,1.00154491282
235399,235405,238095,6,2690,2,36000,1.00223048327
235463,235470,239009,7,3539,2,36000,1.00197795988
235490,235496,235665,6,169,2,21600,1.03550295858
235590,235596,240025,6,4429,2,36000,1.00135470761
235591,235602,240637,11,5035,2,36000,1.00218470705
235768,235774,240817,6,5043,2,36000,1.001189768
235783,235789,240885,6,5096,2,36000,1.00117739403
235801,235807,239061,6,3254,2,36000,1.00184388445
235841,235848,240542,7,4694,2,36000,1.00149126545
235857,235863,240794,6,4931,2,36000,1.00121679173
235872,235878,238541,6,2663,2,36000,1.00225309801
236089,236095,238545,6,2450,2,36000,1.00244897959
236098,245779,245811,9681,32,70,32399,303.53125
236119,236125,239448,6,3323,2,36000,1.00180559735
236377,236383,241630,6,5247,2,36000,1.00114351058
236391,236398,241843,7,5445,2,36000,1.0012855831
236407,236413,240290,6,3877,2,36000,1.00154758834
236499,236505,241598,6,5093,2,36000,1.00117808757
236520,236526,239837,6,3311,2,36000,1.00181214135
236535,236541,241680,6,5139,2,36000,1.00116754232
236550,236556,241634,6,5078,2,36000,1.00118156755
236551,236562,239230,11,2668,2,36000,1.00412293853
236625,236631,239838,6,3207,2,36000,1.00187090739
236702,236709,241788,7,5079,2,36000,1.00137822406
236730,236736,241912,6,5176,2,36000,1.00115919629
236875,236881,242104,6,5223,2,36000,1.00114876508
236948,236954,239631,6,2677,2,36000,1.0022413149
236963,236969,241972,6,5003,2,36000,1.00119928043
236996,237002,241563,6,4561,2,36000,1.00131550099
237051,237058,239543,7,2485,2,36000,1.00281690141
237066,237072,240733,6,3661,2,36000,1.00163889648
237067,237078,242320,11,5242,2,36000,1.00209843571
237113,237119,241442,6,4323,2,36000,1.00138792505
237175,237181,241798,6,4617,2,36000,1.00129954516
237176,237187,240254,11,3067,2,36000,1.00358656668
237204,237210,239550,6,2340,2,36000,1.00256410256
237205,237216,239747,11,2531,2,36000,1.00434610826
237237,237243,240077,6,2834,2,36000,1.00211714891
237238,237249,242349,11,5100,2,36000,1.00215686275
237254,237260,242329,6,5069,2,36000,1.00118366542
237255,237266,242253,11,4987,2,36000,1.00220573491
237271,237277,242100,6,4823,2,36000,1.00124403898
237416,237422,240139,6,2717,2,36000,1.002208318
237432,237438,242379,6,4941,2,36000,1.00121432908
237447,237452,240341,5,2889,2,36000,1.00173070267
237497,237503,242058,6,4555,2,36000,1.00131723381
237557,237563,240253,6,2690,2,36000,1.00223048327
237644,237650,242564,6,4914,2,36000,1.00122100122
237674,237680,242167,6,4487,2,36000,1.00133719634
237703,237709,240559,6,2850,2,36000,1.00210526316
237750,237757,242937,7,5180,2,36000,1.00135135135
237776,237782,242933,6,5151,2,36000,1.00116482236
237866,237872,242519,6,4647,2,36000,1.00129115558
237881,237887,242873,6,4986,2,36000,1.00120336943
237967,237973,242821,6,4848,2,36000,1.00123762376
238091,238097,240888,6,2791,2,36000,1.00214976711
238198,238204,240434,6,2230,2,36000,1.00269058296
238229,238235,240865,6,2630,2,36000,1.00228136882
238248,238254,241244,6,2990,2,36000,1.00200668896
238354,238361,241534,7,3173,2,36000,1.00220611409
238409,238416,242743,7,4327,2,36000,1.00161774902
238542,238549,241814,7,3265,2,36000,1.002143951
238557,238563,243507,6,4944,2,36000,1.00121359223
238619,238625,243373,6,4748,2,36000,1.00126368997
238778,238784,242574,6,3790,2,36000,1.00158311346
239010,239020,242020,10,3000,2,36000,1.00333333333
239064,239072,241744,8,2672,2,36000,1.00299401198
239128,239138,241960,10,2822,2,36000,1.00354358611
239144,239150,243942,6,4792,2,36000,1.00125208681
239146,239156,244123,10,4967,2,36000,1.0020132877
239218,239224,239335,6,111,2,10800,1.05405405405
239233,239241,242669,8,3428,2,36000,1.00233372229
239249,239255,244084,6,4829,2,36000,1.00124249327
239305,239314,241917,9,2603,2,36000,1.00345754898
239320,239326,239648,6,322,2,10800,1.01863354037
239452,239460,244132,8,4672,2,36000,1.00171232877
239505,239512,244474,7,4962,2,36000,1.00141072148
239527,239533,242599,6,3066,2,36000,1.00195694716
239546,239554,243138,8,3584,2,36000,1.00223214286
239562,239568,242981,6,3413,2,36000,1.00175798418
239578,239584,244946,6,5362,2,36000,1.00111898545
239594,239600,242427,6,2827,2,36000,1.00212239123
239634,239642,244180,8,4538,2,36000,1.00176289114
239707,239716,243842,9,4126,2,36000,1.00218128938
239749,239759,243076,10,3317,2,36000,1.00301477238
239776,239787,242511,11,2724,2,36000,1.00403817915
239825,239831,244386,6,4555,2,36000,1.00131723381
239842,239848,244837,6,4989,2,36000,1.00120264582
239843,239854,244954,11,5100,2,36000,1.00215686275
239844,239859,244916,15,5057,2,36000,1.00296618549
239920,239927,243634,7,3707,2,36000,1.0018883194
239922,239933,245145,11,5212,2,36000,1.0021105142
239969,239979,245194,10,5215,2,36000,1.00191754554
240026,240036,245332,10,5296,2,36000,1.00188821752
240065,240088,244456,23,4368,2,36000,1.00526556777
240081,240150,245438,69,5288,2,36000,1.0130484115
240141,240186,243015,45,2829,2,36000,1.01590668081
240176,240198,243947,22,3749,2,36000,1.00586823153
240192,240264,245490,72,5226,2,36000,1.01377726751
240257,240270,245405,13,5135,2,36000,1.00253164557
240259,240302,242723,43,2421,2,36000,1.01776125568
240275,240353,243925,78,3572,2,36000,1.02183650616
240295,240445,245543,150,5098,2,36000,1.02942330326
240342,240553,245569,211,5016,2,36000,1.04206539075
240437,240571,244298,134,3727,2,36000,1.03595385028
240542,240648,243472,106,2824,2,36000,1.03753541076
240563,240744,243340,181,2596,2,36000,1.06972265023
240640,240828,245662,188,4834,2,36000,1.03889118742
240734,240876,245989,142,5113,2,36000,1.027772345
240755,240806,327233,51,86427,1,86400,1.00059009337
240796,240896,245891,100,4995,2,36000,1.02002002002
240817,240902,243641,85,2739,2,36000,1.0310332238
240867,241260,246442,393,5182,2,36000,1.07583944423
240888,241453,244137,565,2684,2,36000,1.21050670641
240889,241545,246519,656,4974,2,36000,1.13188580619
241230,241255,327661,25,86406,1,86400,1.00028933176
241248,241574,244958,326,3384,2,36000,1.0963356974
241442,241610,246491,168,4881,2,36000,1.0344191764
241534,241641,246529,107,4888,2,36000,1.0218903437
241566,241647,244095,81,2448,2,36000,1.03308823529
241600,241691,246862,91,5171,2,36000,1.01759814349
241631,241709,245419,78,3710,2,36000,1.02102425876
241646,241714,246601,68,4887,2,36000,1.01391446695
241683,241720,245009,37,3289,2,36000,1.01124961995
241744,241755,247126,11,5371,2,36000,1.00204803575
241790,241799,244482,9,2683,2,36000,1.00335445397
241805,241811,244994,6,3183,2,36000,1.00188501414
241820,241826,244812,6,2986,2,36000,1.00200937709
241844,241854,244361,10,2507,2,36000,1.00398883127
241912,241923,246939,11,5016,2,36000,1.00219298246
241928,241934,245377,6,3443,2,36000,1.00174266628
241962,241971,247172,9,5201,2,36000,1.00173043645
241977,241983,247142,6,5159,2,36000,1.00116301609
242020,242031,247295,11,5264,2,36000,1.00208966565
242059,242069,247343,10,5274,2,36000,1.00189609405
242102,242111,245767,9,3656,2,36000,1.00246170678
242116,242123,247222,7,5099,2,36000,1.0013728182
242169,242179,247417,10,5238,2,36000,1.00190912562
242254,242260,246878,6,4618,2,36000,1.00129926375
242321,242326,246672,5,4346,2,36000,1.0011504832
242336,242342,247397,6,5055,2,36000,1.00118694362
242351,242357,247182,6,4825,2,36000,1.00124352332
242382,242388,247674,6,5286,2,36000,1.00113507378
242428,242434,247629,6,5195,2,36000,1.00115495669
242512,242518,246597,6,4079,2,36000,1.00147094876
242527,242533,247136,6,4603,2,36000,1.00130349772
242567,242579,246206,12,3627,2,36000,1.00330851944
242583,242589,245297,6,2708,2,36000,1.00221565731
242598,242604,245983,6,3379,2,36000,1.00177567328
242671,242678,247746,7,5068,2,36000,1.00138121547
242726,242733,247894,7,5161,2,36000,1.00135632629
242745,242751,247708,6,4957,2,36000,1.00121040952
242823,242829,248104,6,5275,2,36000,1.00113744076
242875,242881,247993,6,5112,2,36000,1.00117370892
242934,242941,247807,7,4866,2,36000,1.00143855323
242950,242956,247668,6,4712,2,36000,1.00127334465
242984,242990,248037,6,5047,2,36000,1.00118882504
243018,243024,248398,6,5374,2,36000,1.00111648679
243077,243083,248341,6,5258,2,36000,1.0011411183
243139,243145,248139,6,4994,2,36000,1.00120144173
243341,243347,248015,6,4668,2,36000,1.00128534704
243374,243381,248343,7,4962,2,36000,1.00141072148
243472,243478,246064,6,2586,2,36000,1.00232018561
243509,243515,246313,6,2798,2,36000,1.00214438885
243635,243641,247215,6,3574,2,36000,1.00167879127
243650,243656,245987,6,2331,2,36000,1.00257400257
243844,243850,248342,6,4492,2,36000,1.00133570793
243927,243933,247304,6,3371,2,36000,1.00177988727
243945,243951,248970,6,5019,2,36000,1.00119545726
243960,243966,249170,6,5204,2,36000,1.00115295926
244086,244092,249328,6,5236,2,36000,1.00114591291
244101,244107,249371,6,5264,2,36000,1.00113981763
244126,244132,247812,6,3680,2,36000,1.00163043478
244144,244150,249008,6,4858,2,36000,1.00123507616
244145,244156,246663,11,2507,2,36000,1.0043877144
244182,244188,248089,6,3901,2,36000,1.00153806716
244299,244305,249110,6,4805,2,36000,1.00124869927
244349,244355,244393,6,38,2,36000,1.15789473684
244362,244368,247711,6,3343,2,36000,1.00179479509
244386,244393,246819,7,2426,2,36000,1.00288540808
244457,244463,249539,6,5076,2,36000,1.0011820331
244475,244482,248630,7,4148,2,36000,1.00168756027
244491,244497,248364,6,3867,2,36000,1.00155159038
244654,244660,248037,6,3377,2,36000,1.0017767249
244655,244666,248700,11,4034,2,36000,1.00272682201
244656,244671,249356,15,4685,2,36000,1.00320170758
244658,244676,248156,18,3480,2,36000,1.00517241379
244659,244965,248081,306,3116,2,36000,1.09820282413
244660,244927,249307,267,4380,2,36000,1.06095890411
244662,245157,251287,495,6130,2,36000,1.08075040783
244663,245343,249159,680,3816,2,36000,1.17819706499
244664,245449,251094,785,5645,2,36000,1.13906111603
244665,245501,251533,836,6032,2,36000,1.13859416446
244755,246453,249643,1698,3190,2,36000,1.53228840125
244758,244971,250681,213,5710,2,36000,1.03730297723
244759,246502,252157,1743,5655,2,36000,1.30822281167
244761,246540,250365,1779,3825,2,36000,1.46509803922
244762,246874,252116,2112,5242,2,36000,1.40289965662
244763,245005,251207,242,6202,2,36000,1.03901967107
244765,246950,250220,2185,3270,2,36000,1.66819571865
244766,247233,250784,2467,3551,2,36000,1.69473387778
244767,247430,252330,2663,4900,2,36000,1.54346938776
244768,246218,249402,1450,3184,2,36000,1.45540201005
244770,245308,251388,538,6080,2,36000,1.08848684211
244771,245994,251926,1223,5932,2,36000,1.20616992583
244772,247908,251911,3136,4003,2,36000,1.78341244067
244774,247721,252585,2947,4864,2,36000,1.60587993421
244775,248049,253719,3274,5670,2,36000,1.57742504409
244776,248007,253779,3231,5772,2,36000,1.55977130977
244778,248054,252665,3276,4611,2,36000,1.7104749512
244779,248093,251091,3314,2998,2,36000,2.1054036024
244780,248117,254007,3337,5890,2,36000,1.56655348048
244781,248028,251230,3247,3202,2,36000,2.01405371643
244783,248167,253987,3384,5820,2,36000,1.58144329897
244784,246075,248835,1291,2760,2,36000,1.46775362319
244785,247315,253260,2530,5945,2,36000,1.42556770395
244787,248409,253349,3622,4940,2,36000,1.73319838057
244788,247823,252593,3035,4770,2,36000,1.63626834382
244789,248356,252810,3567,4454,2,36000,1.80085316569
244790,246674,249987,1884,3313,2,36000,1.56866888017
244792,248361,252021,3569,3660,2,36000,1.97513661202
244793,246830,252272,2037,5442,2,36000,1.3743109151
245820,245827,245828,7,1,2,3540,1.0
247137,247144,252507,7,5363,2,36000,1.0013052396
247139,247150,250745,11,3595,2,36000,1.00305980529
247154,247160,252277,6,5117,2,36000,1.00117256205
247172,247178,252208,6,5030,2,36000,1.00119284294
247187,247193,249925,6,2732,2,36000,1.00219619327
247217,247224,250279,7,3055,2,36000,1.0022913257
247233,247239,251766,6,4527,2,36000,1.00132538105
247297,247303,252408,6,5105,2,36000,1.00117531832
247312,247321,252532,9,5211,2,36000,1.00172711572
247345,247352,250741,7,3389,2,36000,1.00206550605
247397,247403,251413,6,4010,2,36000,1.00149625935
247418,247424,252424,6,5000,2,36000,1.0012
247630,247636,252688,6,5052,2,36000,1.00118764846
247670,247676,251413,6,3737,2,36000,1.00160556596
247685,247691,252905,6,5214,2,36000,1.00115074799
247709,247715,252671,6,4956,2,36000,1.00121065375
247724,247730,252540,6,4810,2,36000,1.00124740125
247749,247755,253010,6,5255,2,36000,1.00114176974
247810,247816,252250,6,4434,2,36000,1.00135317997
247825,247831,252511,6,4680,2,36000,1.00128205128
247896,247902,253362,6,5460,2,36000,1.0010989011
247995,248001,253183,6,5182,2,36000,1.00115785411
248016,248022,251129,6,3107,2,36000,1.00193112327
248037,248642,252220,605,3578,2,36000,1.16908887647
248037,248043,252752,6,4709,2,36000,1.00127415587
248079,248105,251573,26,3468,2,36000,1.00749711649
248090,248099,252857,9,4758,2,36000,1.00189155107
248105,248111,252982,6,4871,2,36000,1.00123177992
248141,248147,252663,6,4516,2,36000,1.00132860939
248157,248711,251738,554,3027,2,36000,1.18301949125
248344,248350,253545,6,5195,2,36000,1.00115495669
248345,248366,253271,21,4905,2,36000,1.00428134557
248347,248372,251208,25,2836,2,36000,1.00881523272
248365,248378,253547,13,5169,2,36000,1.00251499323
248395,248401,250990,6,2589,2,36000,1.0023174971
248630,248636,251082,6,2446,2,36000,1.00245298446
248701,248846,252055,145,3209,2,36000,1.04518541602
248835,249023,253469,188,4446,2,36000,1.04228520018
248974,248980,252203,6,3223,2,36000,1.00186161961
249010,249017,252803,7,3786,2,36000,1.00184891706
249111,249118,253098,7,3980,2,36000,1.00175879397
249160,249170,252156,10,2986,2,36000,1.00334896182
249170,249176,252375,6,3199,2,36000,1.00187558612
249307,249318,252997,11,3679,2,36000,1.00298994292
249330,249336,254440,6,5104,2,36000,1.00117554859
249357,249367,252901,10,3534,2,36000,1.00282965478
249372,249378,251983,6,2605,2,36000,1.00230326296
249402,249408,252594,6,3186,2,36000,1.00188323917
249542,249548,254781,6,5233,2,36000,1.00114656985
249644,249650,252635,6,2985,2,36000,1.00201005025
249929,249935,253274,6,3339,2,36000,1.00179694519
249989,249995,252942,6,2947,2,36000,1.00203596878
250221,250227,253993,6,3766,2,36000,1.00159320234
250281,250287,255243,6,4956,2,36000,1.00121065375
250365,250371,255621,6,5250,2,36000,1.00114285714
250684,250690,255715,6,5025,2,36000,1.00119402985
250745,250751,254397,6,3646,2,36000,1.00164563906
250746,250757,255856,11,5099,2,36000,1.00215728574
250786,250792,256660,6,5868,2,36000,1.00102249489
250993,250999,254350,6,3351,2,36000,1.0017905103
251084,251090,255923,6,4833,2,36000,1.00124146493
251093,251100,255085,7,3985,2,36000,1.0017565872
251095,251106,254079,11,2973,2,36000,1.00369996636
251131,251137,256281,6,5144,2,36000,1.00116640747
251209,251215,255237,6,4022,2,36000,1.00149179513
251211,251221,256419,10,5198,2,36000,1.00192381685
251226,251233,256212,7,4979,2,36000,1.0014059048
251290,251296,255840,6,4544,2,36000,1.00132042254
251389,251395,255001,6,3606,2,36000,1.00166389351
251415,251421,253823,6,2402,2,36000,1.0024979184
251416,251427,253543,11,2116,2,36000,1.00519848771
251536,251542,255259,6,3717,2,36000,1.001614205
251575,251581,254630,6,3049,2,36000,1.00196785831
251740,251746,254827,6,3081,2,36000,1.00194741967
251768,251774,257110,6,5336,2,36000,1.00112443778
251911,251917,255415,6,3498,2,36000,1.00171526587
251927,251933,257788,6,5855,2,36000,1.00102476516
251983,251990,257361,7,5371,2,36000,1.00130329548
252022,252029,255126,7,3097,2,36000,1.00226025186
252055,252061,255665,6,3604,2,36000,1.00166481687
252118,252124,257811,6,5687,2,36000,1.00105503781
252156,252163,255812,7,3649,2,36000,1.00191833379
252158,252169,257680,11,5511,2,36000,1.00199600798
252204,252210,256536,6,4326,2,36000,1.00138696255
252219,252225,257118,6,4893,2,36000,1.00122624157
252220,252231,257882,11,5651,2,36000,1.00194655813
252253,252259,257406,6,5147,2,36000,1.00116572761
252271,252278,258208,7,5930,2,36000,1.00118043845
252278,252284,257611,6,5327,2,36000,1.00112633753
252331,252337,257143,6,4806,2,36000,1.00124843945
252377,252383,254945,6,2562,2,36000,1.00234192037
252411,252417,257243,6,4826,2,36000,1.00124326564
252425,252432,257469,7,5037,2,36000,1.0013897161
252502,252508,256844,6,4336,2,36000,1.00138376384
252517,252523,257749,6,5226,2,36000,1.00114810563
252535,252541,255764,6,3223,2,36000,1.00186161961
252538,252547,284982,9,32435,70,32399,1.00027747803
252550,252556,257160,6,4604,2,36000,1.0013032146
252587,252593,255694,6,3101,2,36000,1.00193485972
252602,252608,256064,6,3456,2,36000,1.00173611111
252603,252614,257366,11,4752,2,36000,1.00231481481
252636,252642,255495,6,2853,2,36000,1.00210304942
252663,252669,256347,6,3678,2,36000,1.00163132137
252665,252675,255643,10,2968,2,36000,1.00336927224
252678,252684,257996,6,5312,2,36000,1.00112951807
252693,252699,256563,6,3864,2,36000,1.00155279503
252712,256833,297394,4121,40561,40,43199,1.10160005917
252751,252758,257794,7,5036,2,36000,1.00138999206
252803,252809,257425,6,4616,2,36000,1.00129982669
252813,252819,255733,6,2914,2,36000,1.00205902539
252858,252864,257919,6,5055,2,36000,1.00118694362
252903,252909,256999,6,4090,2,36000,1.00146699267
252907,252915,257794,8,4879,2,36000,1.00163968026
252944,252951,255845,7,2894,2,36000,1.00241879751
252983,252989,256840,6,3851,2,36000,1.00155803687
252999,253005,257478,6,4473,2,36000,1.00134138162
253011,253017,256636,6,3619,2,36000,1.00165791655
253098,253104,258399,6,5295,2,36000,1.00113314448
253183,253189,258175,6,4986,2,36000,1.00120336943
253261,253267,256680,6,3413,2,36000,1.00175798418
253272,253278,258492,6,5214,2,36000,1.00115074799
253287,253293,258453,6,5160,2,36000,1.0011627907
253350,253357,257212,7,3855,2,36000,1.00181582361
253363,253369,257228,6,3859,2,36000,1.00155480694
253471,253477,257176,6,3699,2,36000,1.00162206002
253545,253551,258428,6,4877,2,36000,1.00123026451
253546,253557,256764,11,3207,2,36000,1.00342999688
253561,253568,259050,7,5482,2,36000,1.00127690624
253720,253726,259101,6,5375,2,36000,1.00111627907
253780,253786,257506,6,3720,2,36000,1.00161290323
253824,253830,258057,6,4227,2,36000,1.00141944642
253988,253994,258262,6,4268,2,36000,1.00140581068
254002,254008,258002,6,3994,2,36000,1.00150225338
254017,254023,257760,6,3737,2,36000,1.00160556596
254081,254087,257088,6,3001,2,36000,1.00199933356
254355,254361,259241,6,4880,2,36000,1.0012295082
254397,254404,259199,7,4795,2,36000,1.00145985401
254442,254448,259048,6,4600,2,36000,1.00130434783
254633,254639,260245,6,5606,2,36000,1.00107028184
254782,254788,260213,6,5425,2,36000,1.00110599078
254829,254835,259759,6,4924,2,36000,1.00121852153
254946,254952,257984,6,3032,2,36000,1.00197889182
255003,255010,259114,7,4104,2,36000,1.00170565302
255088,255094,260821,6,5727,2,36000,1.00104766894
255126,255133,260845,7,5712,2,36000,1.0012254902
255238,255244,259172,6,3928,2,36000,1.00152749491
255246,255252,260165,6,4913,2,36000,1.00122124975
255259,255265,258723,6,3458,2,36000,1.001735107
255415,255422,258927,7,3505,2,36000,1.00199714693
255496,255502,259387,6,3885,2,36000,1.00154440154
255623,255629,260459,6,4830,2,36000,1.00124223602
255643,255649,261139,6,5490,2,36000,1.00109289617
255667,255673,259057,6,3384,2,36000,1.00177304965
255694,255700,259573,6,3873,2,36000,1.00154918668
255719,255725,259933,6,4208,2,36000,1.00142585551
255734,255740,261792,6,6052,2,36000,1.0009914078
255768,255774,260983,6,5209,2,36000,1.00115185256
255812,255823,261306,11,5483,2,36000,1.00200620098
255842,255851,261165,9,5314,2,36000,1.00169363944
255856,255863,260453,7,4590,2,36000,1.00152505447
255857,255868,261247,11,5379,2,36000,1.00204498978
255926,255932,261345,6,5413,2,36000,1.00110844264
256064,256075,259713,11,3638,2,36000,1.00302363936
256214,256224,259529,10,3305,2,36000,1.00302571861
256284,256289,261194,5,4905,2,36000,1.00101936799
256348,256354,259084,6,2730,2,36000,1.0021978022
256420,256426,260716,6,4290,2,36000,1.0013986014
256537,256543,261304,6,4761,2,36000,1.00126023945
256565,256571,261804,6,5233,2,36000,1.00114656985
256638,256644,261631,6,4987,2,36000,1.00120312813
256660,256672,261791,12,5119,2,36000,1.00234420785
256681,256692,259483,11,2791,2,36000,1.0039412397
256766,256772,260351,6,3579,2,36000,1.00167644593
256843,256849,262066,6,5217,2,36000,1.00115008626
256858,256864,261922,6,5058,2,36000,1.00118623962
257000,257010,259742,10,2732,2,36000,1.00366032211
257091,257099,261035,8,3936,2,36000,1.00203252033
257113,257119,262434,6,5315,2,36000,1.00112888053
257128,257134,261926,6,4792,2,36000,1.00125208681
257145,257154,262571,9,5417,2,36000,1.00166143622
257162,257168,260139,6,2971,2,36000,1.00201952205
257177,257187,260693,10,3506,2,36000,1.00285225328
257213,257224,260566,11,3342,2,36000,1.00329144225
257230,257236,262156,6,4920,2,36000,1.0012195122
257245,257252,262466,7,5214,2,36000,1.00134253932
257363,257369,262533,6,5164,2,36000,1.00116189001
257367,257377,263095,10,5718,2,36000,1.00174886324
257406,257413,262606,7,5193,2,36000,1.00134796842
257428,257434,262525,6,5091,2,36000,1.00117855038
257470,257477,262118,7,4641,2,36000,1.00150829563
257478,257489,260998,11,3509,2,36000,1.00313479624
257508,257517,260895,9,3378,2,36000,1.0026642984
257612,257618,262664,6,5046,2,36000,1.00118906064
257682,257691,260735,9,3044,2,36000,1.00295663601
257751,257756,262718,5,4962,2,36000,1.0010076582
257760,257771,263010,11,5239,2,36000,1.00209963734
257790,257800,262935,10,5135,2,36000,1.00194741967
257796,257806,261826,10,4020,2,36000,1.00248756219
257798,257811,262872,13,5061,2,36000,1.00256866232
257811,257822,260945,11,3123,2,36000,1.00352225424
257880,257893,263470,13,5577,2,36000,1.00233100233
257921,257927,262733,6,4806,2,36000,1.00124843945
257986,257992,261541,6,3549,2,36000,1.00169061708
258002,258008,263170,6,5162,2,36000,1.00116234018
258003,258014,264114,11,6100,2,36000,1.00180327869
258058,258064,263231,6,5167,2,36000,1.00116121541
258175,258181,262485,6,4304,2,36000,1.00139405204
258208,258219,262253,11,4034,2,36000,1.00272682201
258265,258273,262584,8,4311,2,36000,1.00185571793
258401,258407,263670,6,5263,2,36000,1.0011400342
258428,258434,262597,6,4163,2,36000,1.00144126832
258453,258460,263796,7,5336,2,36000,1.00131184408
258493,258499,263829,6,5330,2,36000,1.00112570356
258723,258734,261934,11,3200,2,36000,1.0034375
258928,258938,262616,10,3678,2,36000,1.00271886895
259050,259056,262447,6,3391,2,36000,1.00176938956
259051,259062,263471,11,4409,2,36000,1.0024948968
259057,259068,262315,11,3247,2,36000,1.00338774253
259086,259092,264225,6,5133,2,36000,1.00116890707
259102,259112,262808,10,3696,2,36000,1.00270562771
259117,259125,262275,8,3150,2,36000,1.00253968254
259174,259183,263404,9,4221,2,36000,1.00213219616
259202,259208,264190,6,4982,2,36000,1.00120433561
259243,259249,264592,6,5343,2,36000,1.00112296463
259388,259399,265340,11,5941,2,36000,1.00185154014
259484,259494,264006,10,4512,2,36000,1.00221631206
259529,259540,262854,11,3314,2,36000,1.00331925166
259574,259585,263091,11,3506,2,36000,1.00313747861
259713,259724,265263,11,5539,2,36000,1.00198591804
259742,259753,262931,11,3178,2,36000,1.00346129641
259760,259770,262853,10,3083,2,36000,1.0032435939
259935,259944,263441,9,3497,2,36000,1.00257363454
260139,260145,265264,6,5119,2,36000,1.00117210393
260166,260173,263194,7,3021,2,36000,1.00231711354
260214,260220,265453,6,5233,2,36000,1.00114656985
260246,260257,263848,11,3591,2,36000,1.00306321359
260351,260357,264467,6,4110,2,36000,1.00145985401
260454,260464,265584,10,5120,2,36000,1.001953125
260469,260475,266426,6,5951,2,36000,1.00100823391
260568,260578,264812,10,4234,2,36000,1.00236183278
260694,260704,265643,10,4939,2,36000,1.00202470136
260717,260723,265480,6,4757,2,36000,1.00126129914
260736,260746,264433,10,3687,2,36000,1.00271223217
260820,260833,265644,13,4811,2,36000,1.00270214093
260847,260856,264381,9,3525,2,36000,1.00255319149
260898,260906,264191,8,3285,2,36000,1.00243531202
260946,260956,266908,10,5952,2,36000,1.00168010753
260983,260990,264873,7,3883,2,36000,1.00180272985
261000,261009,266445,9,5436,2,36000,1.00165562914
261036,261047,264421,11,3374,2,36000,1.00326022525
261141,261151,264563,10,3412,2,36000,1.00293083236
261165,261176,266851,11,5675,2,36000,1.00193832599
261194,261201,266477,7,5276,2,36000,1.0013267627
261249,261255,266111,6,4856,2,36000,1.00123558484
261304,261310,263917,6,2607,2,36000,1.00230149597
261306,261316,267066,10,5750,2,36000,1.00173913043
261347,261353,266559,6,5206,2,36000,1.00115251633
261543,261549,266803,6,5254,2,36000,1.00114198706
261631,261637,265344,6,3707,2,36000,1.00161855948
261791,261797,264642,6,2845,2,36000,1.00210896309
261806,261811,264986,5,3175,2,36000,1.00157480315
261806,261816,267014,10,5198,2,36000,1.00192381685
261827,261834,267122,7,5288,2,36000,1.00132375189
261924,261930,267187,6,5257,2,36000,1.00114133536
261935,261941,265095,6,3154,2,36000,1.00190234623
261939,261947,267065,8,5118,2,36000,1.00156311059
262069,262074,267239,5,5165,2,36000,1.00096805421
262121,262127,267280,6,5153,2,36000,1.00116437027
262157,262163,267420,6,5257,2,36000,1.00114133536
262255,262262,266301,7,4039,2,36000,1.00173310225
262276,262282,265417,6,3135,2,36000,1.0019138756
262315,262321,267722,6,5401,2,36000,1.00111090539
262436,262442,267902,6,5460,2,36000,1.0010989011
262451,262457,264841,6,2384,2,36000,1.00251677852
262469,262475,267516,6,5041,2,36000,1.00119024003
262487,262493,267521,6,5028,2,36000,1.00119331742
262528,262534,266267,6,3733,2,36000,1.00160728636
262543,262549,267859,6,5310,2,36000,1.0011299435
262572,262578,266485,6,3907,2,36000,1.00153570514
262587,262593,266458,6,3865,2,36000,1.00155239327
262598,262604,267778,6,5174,2,36000,1.00115964438
262613,262619,267603,6,4984,2,36000,1.00120385233
262617,262625,268692,8,6067,2,36000,1.00131860887
262665,262671,267946,6,5275,2,36000,1.00113744076
262720,262726,267412,6,4686,2,36000,1.00128040973
262735,262742,268047,7,5305,2,36000,1.0013195099
262810,262816,266196,6,3380,2,36000,1.00177514793
262855,262861,268589,6,5728,2,36000,1.00104748603
262856,262867,268161,11,5294,2,36000,1.00207782395
262874,262880,268281,6,5401,2,36000,1.00111090539
262931,262937,266278,6,3341,2,36000,1.0017958695
262946,262952,268920,6,5968,2,36000,1.00100536193
263012,263017,267101,5,4084,2,36000,1.00122428991
263093,263100,268587,7,5487,2,36000,1.00127574266
263108,263114,267913,6,4799,2,36000,1.00125026047
263171,263177,266654,6,3477,2,36000,1.00172562554
263195,263202,266297,7,3095,2,36000,1.00226171244
263232,263238,268422,6,5184,2,36000,1.00115740741
263406,263412,266685,6,3273,2,36000,1.00183318057
263441,263447,268267,6,4820,2,36000,1.00124481328
263471,263477,267272,6,3795,2,36000,1.00158102767
263471,263482,265914,11,2432,2,36000,1.00452302632
263670,263676,268844,6,5168,2,36000,1.00116099071
263798,263804,269223,6,5419,2,36000,1.00110721535
263831,263838,268891,7,5053,2,36000,1.00138531565
263850,263856,269216,6,5360,2,36000,1.00111940299
263920,263926,268613,6,4687,2,36000,1.00128013655
264007,264013,266728,6,2715,2,36000,1.00220994475
264115,264121,267980,6,3859,2,36000,1.00155480694
264190,264196,267467,6,3271,2,36000,1.00183430144
264192,264202,268510,10,4308,2,36000,1.00232126277
264226,264232,269442,6,5210,2,36000,1.00115163148
264383,264389,270412,6,6023,2,36000,1.0009961813
264422,264428,267856,6,3428,2,36000,1.00175029172
264437,264443,268830,6,4387,2,36000,1.00136767723
264467,264474,267937,7,3463,2,36000,1.00202136876
264564,264570,267857,6,3287,2,36000,1.00182537268
264593,264599,269279,6,4680,2,36000,1.00128205128
264645,264651,270067,6,5416,2,36000,1.00110782866
264814,264820,267793,6,2973,2,36000,1.00201816347
264843,264849,270133,6,5284,2,36000,1.00113550341
264874,264881,268413,7,3532,2,36000,1.00198187995
264987,264993,267859,6,2866,2,36000,1.00209351012
265095,265102,271028,7,5926,2,36000,1.00118123523
265263,265269,269040,6,3771,2,36000,1.0015910899
265264,265275,268490,11,3215,2,36000,1.0034214619
265342,265348,268742,6,3394,2,36000,1.00176782557
265345,265354,270736,9,5382,2,36000,1.0016722408
265417,265423,271366,6,5943,2,36000,1.00100959112
265454,265460,270099,6,4639,2,36000,1.00129338219
265482,265488,269954,6,4466,2,36000,1.0013434841
265587,265593,271309,6,5716,2,36000,1.00104968509
265644,265650,268831,6,3181,2,36000,1.00188619931
265645,265656,270686,11,5030,2,36000,1.00218687873
265915,265921,271209,6,5288,2,36000,1.00113464448
266113,266119,271138,6,5019,2,36000,1.00119545726
266196,266202,269539,6,3337,2,36000,1.00179802218
266268,266274,271673,6,5399,2,36000,1.00111131691
266280,266286,270196,6,3910,2,36000,1.00153452685
266297,266303,270021,6,3718,2,36000,1.00161377084
266304,266310,270765,6,4455,2,36000,1.00134680135
266428,266435,269873,7,3438,2,36000,1.00203606748
266446,266453,269196,7,2743,2,36000,1.00255195042
266461,266467,270368,6,3901,2,36000,1.00153806716
266478,266484,271693,6,5209,2,36000,1.00115185256
266488,266494,271905,6,5411,2,36000,1.00110885234
266561,266567,271472,6,4905,2,36000,1.00122324159
266656,266662,270265,6,3603,2,36000,1.00166527893
266687,266693,270564,6,3871,2,36000,1.00154998708
266730,266736,272252,6,5516,2,36000,1.00108774474
266805,266812,271745,7,4933,2,36000,1.0014190148
266853,266859,270079,6,3220,2,36000,1.00186335404
266910,266916,270010,6,3094,2,36000,1.00193923723
267015,267021,270462,6,3441,2,36000,1.00174367916
267066,267072,271303,6,4231,2,36000,1.00141810447
267067,267078,270475,11,3397,2,36000,1.00323815131
267103,267109,271385,6,4276,2,36000,1.00140318054
267123,267129,272476,6,5347,2,36000,1.00112212456
267187,267193,272575,6,5382,2,36000,1.0011148272
267241,267247,272509,6,5262,2,36000,1.00114025086
267275,267281,270359,6,3078,2,36000,1.00194931774
267281,267287,272479,6,5192,2,36000,1.00115562404
267419,267426,271362,7,3936,2,36000,1.00177845528
267438,267444,271521,6,4077,2,36000,1.00147167035
267472,267478,273659,6,6181,2,36000,1.00097071671
267518,267524,270889,6,3365,2,36000,1.00178306092
267534,267540,272487,6,4947,2,36000,1.00121285628
267605,267611,272751,6,5140,2,36000,1.00116731518
267724,267730,271489,6,3759,2,36000,1.00159616919
267782,267788,272720,6,4932,2,36000,1.00121654501
267793,267799,273236,6,5437,2,36000,1.00110354975
267857,267863,272810,6,4947,2,36000,1.00121285628
267857,267868,272367,11,4499,2,36000,1.00244498778
267859,267874,271390,15,3516,2,36000,1.0042662116
267874,267880,271006,6,3126,2,36000,1.0019193858
267902,267908,272545,6,4637,2,36000,1.00129394005
267913,267919,271409,6,3490,2,36000,1.00171919771
267940,267946,273305,6,5359,2,36000,1.00111961187
267956,267962,271009,6,3047,2,36000,1.00196914998
267982,267988,271147,6,3159,2,36000,1.00189933523
268049,268054,273062,5,5008,2,36000,1.00099840256
268163,268169,274292,6,6123,2,36000,1.00097991181
268269,268275,274290,6,6015,2,36000,1.00099750623
268282,268288,272102,6,3814,2,36000,1.00157315155
268415,268421,273501,6,5080,2,36000,1.00118110236
268430,268436,273734,6,5298,2,36000,1.00113250283
268491,268497,272788,6,4291,2,36000,1.00139827546
268513,268519,273833,6,5314,2,36000,1.00112909296
268588,268595,273115,7,4520,2,36000,1.00154867257
268590,268601,273258,11,4657,2,36000,1.00236203565
268613,268620,273807,7,5187,2,36000,1.00134952767
268692,268698,274020,6,5322,2,36000,1.00112739572
268743,268750,272227,7,3477,2,36000,1.0020132298
268831,268837,272481,6,3644,2,36000,1.00164654226
268832,268843,271840,11,2997,2,36000,1.003670337
268845,268851,271671,6,2820,2,36000,1.00212765957
268893,268899,274267,6,5368,2,36000,1.00111773472
268923,268929,272276,6,3347,2,36000,1.00179265013
269040,269046,271924,6,2878,2,36000,1.0020847811
269197,269203,275329,6,6126,2,36000,1.00097943193
269215,269221,271919,6,2698,2,36000,1.00222386953
269223,269230,274503,7,5273,2,36000,1.00132751754
269282,269288,274337,6,5049,2,36000,1.00118835413
269444,269451,272940,7,3489,2,36000,1.00200630553
269541,269547,275600,6,6053,2,36000,1.00099124401
269875,269882,275366,7,5484,2,36000,1.00127644055
269954,269961,273265,7,3304,2,36000,1.00211864407
270011,270017,273945,6,3928,2,36000,1.00152749491
270023,270029,275447,6,5418,2,36000,1.00110741971
270068,270075,276107,7,6032,2,36000,1.00116047745
270083,270089,275344,6,5255,2,36000,1.00114176974
270100,270106,275030,6,4924,2,36000,1.00121852153
270134,270140,275434,6,5294,2,36000,1.00113335852
270199,270205,273187,6,2982,2,36000,1.00201207243
270266,270271,275561,5,5290,2,36000,1.00094517958
270361,270367,276386,6,6019,2,36000,1.00099684333
270376,270382,274665,6,4283,2,36000,1.00140088723
270415,270421,276514,6,6093,2,36000,1.00098473658
270463,270469,273388,6,2919,2,36000,1.00205549846
270475,270481,274679,6,4198,2,36000,1.00142925202
270565,270571,274750,6,4179,2,36000,1.00143575018
270688,270694,274659,6,3965,2,36000,1.00151324086
270734,270740,275490,6,4750,2,36000,1.00126315789
270767,270773,275141,6,4368,2,36000,1.00137362637
270891,270897,275731,6,4834,2,36000,1.00124120811
271011,271017,276432,6,5415,2,36000,1.00110803324
271014,271023,276284,9,5261,2,36000,1.00171070139
271029,271035,274373,6,3338,2,36000,1.00179748352
271140,271146,276246,6,5100,2,36000,1.00117647059
271150,271156,274614,6,3458,2,36000,1.001735107
271210,271216,276507,6,5291,2,36000,1.00113400113
271304,271310,276557,6,5247,2,36000,1.00114351058
271310,271316,274935,6,3619,2,36000,1.00165791655
271363,271369,274713,6,3344,2,36000,1.00179425837
271367,271375,274536,8,3161,2,36000,1.00253084467
271389,271395,274582,6,3187,2,36000,1.00188264826
271390,271401,275326,11,3925,2,36000,1.00280254777
271410,271417,277141,7,5724,2,36000,1.00122292103
271473,271479,276811,6,5332,2,36000,1.00112528132
271492,271498,277583,6,6085,2,36000,1.00098603122
271525,271531,275117,6,3586,2,36000,1.00167317345
271674,271680,276964,6,5284,2,36000,1.00113550341
271676,271686,276778,10,5092,2,36000,1.00196386489
271694,271701,277070,7,5369,2,36000,1.00130378096
271746,271752,277042,6,5290,2,36000,1.0011342155
271843,271849,275857,6,4008,2,36000,1.00149700599
271907,271913,274847,6,2934,2,36000,1.00204498978
271922,271928,275953,6,4025,2,36000,1.00149068323
271937,271943,277168,6,5225,2,36000,1.00114832536
272107,272113,277495,6,5382,2,36000,1.0011148272
272226,272232,277693,6,5461,2,36000,1.00109869987
272253,272259,275279,6,3020,2,36000,1.00198675497
272277,272283,278162,6,5879,2,36000,1.00102058173
272369,272376,277493,7,5117,2,36000,1.00136798906
272483,272489,277724,6,5235,2,36000,1.00114613181
272483,272494,277732,11,5238,2,36000,1.00210003818
272485,272500,276411,15,3911,2,36000,1.00383533623
272500,272506,277350,6,4844,2,36000,1.00123864575
272514,272520,275384,6,2864,2,36000,1.00209497207
272548,272554,277812,6,5258,2,36000,1.0011411183
272576,272582,277866,6,5284,2,36000,1.00113550341
272720,272726,277508,6,4782,2,36000,1.00125470514
272754,272760,278194,6,5434,2,36000,1.001104159
272791,272797,278272,6,5475,2,36000,1.00109589041
272811,272817,276448,6,3631,2,36000,1.00165243735
272943,272949,276274,6,3325,2,36000,1.00180451128
273066,273072,278141,6,5069,2,36000,1.00118366542
273116,273122,276337,6,3215,2,36000,1.00186625194
273189,273195,278379,6,5184,2,36000,1.00115740741
273236,273243,278122,7,4879,2,36000,1.00143472023
273257,273263,278992,6,5729,2,36000,1.00104730319
273267,273273,278402,6,5129,2,36000,1.00116981868
273307,273313,278566,6,5253,2,36000,1.00114220445
273390,273396,276621,6,3225,2,36000,1.00186046512
273507,273513,278927,6,5414,2,36000,1.0011082379
273660,273666,277781,6,4115,2,36000,1.00145808019
273735,273742,278928,7,5186,2,36000,1.00134978789
273810,273816,278648,6,4832,2,36000,1.00124172185
273835,273842,279150,7,5308,2,36000,1.00131876413
273947,273953,279947,6,5994,2,36000,1.001001001
274022,274028,278378,6,4350,2,36000,1.00137931034
274274,274280,279220,6,4940,2,36000,1.0012145749
274292,274299,278473,7,4174,2,36000,1.00167704839
274294,274305,277845,11,3540,2,36000,1.00310734463
274337,274344,279808,7,5464,2,36000,1.00128111274
274376,274382,279147,6,4765,2,36000,1.00125918153
274506,274512,279840,6,5328,2,36000,1.00112612613
274539,274546,280593,7,6047,2,36000,1.00115759881
274582,274588,280741,6,6153,2,36000,1.00097513408
274615,274621,277655,6,3034,2,36000,1.00197758734
274660,274666,280327,6,5661,2,36000,1.00105988341
274675,274681,280607,6,5926,2,36000,1.00101248734
274690,274696,278159,6,3463,2,36000,1.00173260179
274714,274720,279446,6,4726,2,36000,1.00126957258
274753,274759,278775,6,4016,2,36000,1.0014940239
274851,274857,278475,6,3618,2,36000,1.00165837479
274935,274941,278878,6,3937,2,36000,1.00152400305
275036,275041,280349,5,5308,2,36000,1.00094197438
275118,275124,278138,6,3014,2,36000,1.00199071002
275144,275155,277883,11,2728,2,36000,1.00403225806
275280,275286,280881,6,5595,2,36000,1.00107238606
275329,275335,279061,6,3726,2,36000,1.00161030596
275330,275341,281488,11,6147,2,36000,1.00178949081
275345,275351,278271,6,2920,2,36000,1.00205479452
275366,275372,279174,6,3802,2,36000,1.00157811678
275388,275394,278846,6,3452,2,36000,1.00173812283
275435,275441,280506,6,5065,2,36000,1.0011846002
275450,275456,278814,6,3358,2,36000,1.00178677784
275490,275496,278107,6,2611,2,36000,1.00229797013
275563,275569,280577,6,5008,2,36000,1.00119808307
275601,275607,281717,6,6110,2,36000,1.00098199673
275735,275741,280885,6,5144,2,36000,1.00116640747
275858,275864,280504,6,4640,2,36000,1.00129310345
275955,275961,279278,6,3317,2,36000,1.00180886343
276108,276114,279909,6,3795,2,36000,1.00158102767
276252,276258,281640,6,5382,2,36000,1.0011148272
276277,276283,281609,6,5326,2,36000,1.001126549
276292,276298,281416,6,5118,2,36000,1.00117233294
276338,276344,280109,6,3765,2,36000,1.0015936255
276386,276392,281282,6,4890,2,36000,1.00122699387
276413,276419,281838,6,5419,2,36000,1.00110721535
276431,276438,279791,7,3353,2,36000,1.00208768267
276449,276455,282317,6,5862,2,36000,1.00102354145
276507,276514,279348,7,2834,2,36000,1.00247000706
276515,276522,282250,7,5728,2,36000,1.00122206704
276558,276565,281797,7,5232,2,36000,1.00133792049
276621,276627,281373,6,4746,2,36000,1.0012642225
276778,276785,282055,7,5270,2,36000,1.00132827324
276812,276818,282122,6,5304,2,36000,1.00113122172
276968,276974,282173,6,5199,2,36000,1.00115406809
277045,277051,282042,6,4991,2,36000,1.0012021639
277070,277076,280507,6,3431,2,36000,1.00174876129
277143,277149,281136,6,3987,2,36000,1.0015048909
277170,277176,280531,6,3355,2,36000,1.00178837556
277362,277368,282346,6,4978,2,36000,1.00120530333
277496,277502,282811,6,5309,2,36000,1.00113015634
277497,277508,282552,11,5044,2,36000,1.00218080888
277514,277519,282480,5,4961,2,36000,1.00100786132
277585,277591,280510,6,2919,2,36000,1.00205549846
277659,277665,283716,6,6051,2,36000,1.00099157164
277693,277699,282338,6,4639,2,36000,1.00129338219
277726,277733,281296,7,3563,2,36000,1.00196463654
277735,277741,282311,6,4570,2,36000,1.00131291028
277781,277788,282639,7,4851,2,36000,1.00144300144
277818,277825,283193,7,5368,2,36000,1.00130402385
277845,277851,284055,6,6204,2,36000,1.00096711799
277869,277875,282931,6,5056,2,36000,1.00118670886
277884,277890,281695,6,3805,2,36000,1.00157687254
278109,278115,283528,6,5413,2,36000,1.00110844264
278122,278129,284209,7,6080,2,36000,1.00115131579
278140,278146,283616,6,5470,2,36000,1.00109689214
278157,278164,283521,7,5357,2,36000,1.00130670151
278163,278170,283096,7,4926,2,36000,1.00142103126
278165,278175,282298,10,4123,2,36000,1.00242541838
278189,279457,279459,1268,2,16,3600,127.0
278204,278210,283318,6,5108,2,36000,1.00117462803
278272,278278,282315,6,4037,2,36000,1.00148625217
278277,278284,283424,7,5140,2,36000,1.0013618677
278380,278386,283167,6,4781,2,36000,1.00125496758
278381,278392,284279,11,5887,2,36000,1.00186852387
278402,278408,281990,6,3582,2,36000,1.00167504188
278475,278481,282094,6,3613,2,36000,1.0016606698
278476,278487,282264,11,3777,2,36000,1.00291236431
278543,279471,279473,928,2,16,3600,93.0
278551,279485,279489,934,4,16,3600,93.8
278566,278572,282121,6,3549,2,36000,1.00169061708
278648,278654,283993,6,5339,2,36000,1.00112380596
278776,278781,283148,5,4367,2,36000,1.00114495077
278815,278821,283642,6,4821,2,36000,1.00124455507
278847,278853,284099,6,5246,2,36000,1.00114372856
278878,278884,284939,6,6055,2,36000,1.0009909166
278928,278934,284020,6,5086,2,36000,1.00117970901
278929,278940,283931,11,4991,2,36000,1.00220396714
278993,279004,282383,11,3379,2,36000,1.00325540101
279063,279072,283536,9,4464,2,36000,1.00201612903
279147,279158,282106,11,2948,2,36000,1.00373134328
279158,279164,284342,6,5178,2,36000,1.00115874855
279174,279186,282305,12,3119,2,36000,1.00384738698
279180,279191,279231,11,40,1,1800,1.275
279222,279228,284126,6,4898,2,36000,1.00122498979
279279,279289,282462,10,3173,2,36000,1.00315159155
279350,279355,284066,5,4711,2,36000,1.00106134579
279448,279505,284829,57,5324,2,36000,1.01070623591
279453,279500,279614,47,114,1,1800,1.41228070175
279522,279528,279605,6,77,1,1800,1.07792207792
279796,279801,283825,5,4024,2,36000,1.00124254473
279816,279822,285192,6,5370,2,36000,1.00111731844
279840,279846,284909,6,5063,2,36000,1.00118506814
279910,279920,285261,10,5341,2,36000,1.00187230856
279925,279931,280044,6,113,1,1800,1.05309734513
279949,279959,286023,10,6064,2,36000,1.00164907652
280110,280120,284305,10,4185,2,36000,1.00238948626
280135,280141,280370,6,229,1,1800,1.02620087336
280327,280338,284827,11,4489,2,36000,1.0024504344
280328,280376,282170,48,1794,16,3600,1.02675585284
280357,280521,285798,164,5277,2,36000,1.03107826417
280508,280515,284008,7,3493,2,36000,1.00200400802
280513,280588,285613,75,5025,2,36000,1.01492537313
280515,281384,283819,869,2435,2,36000,1.3568788501
280523,280543,286154,20,5611,2,36000,1.00356442702
280538,280604,284943,66,4339,2,36000,1.01521087808
280577,281428,286529,851,5101,2,36000,1.16683003333
280596,280753,284213,157,3460,2,36000,1.04537572254
280610,280618,283540,8,2922,2,36000,1.00273785079
280716,280722,281296,6,574,1,1800,1.01045296167
280743,280892,285378,149,4486,2,36000,1.03321444494
280882,281147,287013,265,5866,2,36000,1.04517558814
280886,281621,286720,735,5099,2,36000,1.14414591096
281137,281294,285036,157,3742,2,36000,1.04195617317
281284,281308,284484,24,3176,2,36000,1.00755667506
281299,281500,284962,201,3462,2,36000,1.05805892548
281381,281651,286814,270,5163,2,36000,1.05229517722
281418,281787,286997,369,5210,2,36000,1.07082533589
281492,281707,287748,215,6041,2,36000,1.03559013408
281616,281792,284209,176,2417,2,36000,1.07281754241
281642,281797,285189,155,3392,2,36000,1.04569575472
281697,281728,285159,31,3431,2,36000,1.00903526669
281718,282106,286267,388,4161,2,36000,1.09324681567
281789,281808,281838,19,30,1,1800,1.63333333333
281800,281848,286844,48,4996,2,36000,1.00960768615
281838,281854,287377,16,5523,2,36000,1.00289697628
281993,282001,285380,8,3379,2,36000,1.00236756437
282042,282053,287359,11,5306,2,36000,1.00207312476
282058,282066,285470,8,3404,2,36000,1.00235017626
282097,282117,287334,20,5217,2,36000,1.00383362085
282112,282276,286583,164,4307,2,36000,1.03807754818
282122,282132,287432,10,5300,2,36000,1.00188679245
282123,282138,285241,15,3103,2,36000,1.00483403158
282140,282184,282254,44,70,1,1800,1.62857142857
282174,282264,286570,90,4306,2,36000,1.02090106828
282251,282270,285968,19,3698,2,36000,1.00513791239
282266,282309,285157,43,2848,2,36000,1.01509831461
282301,282316,288424,15,6108,2,36000,1.00245579568
282317,282326,285803,9,3477,2,36000,1.00258843831
282318,282337,286479,19,4142,2,36000,1.00458715596
282319,282395,288119,76,5724,2,36000,1.01327742837
282320,282331,286884,11,4553,2,36000,1.00241598946
282340,282350,287491,10,5141,2,36000,1.00194514686
282349,282357,286732,8,4375,2,36000,1.00182857143
282386,282473,288590,87,6117,2,36000,1.01422265817
282461,283107,286782,646,3675,2,36000,1.17578231293
282475,283083,284855,608,1772,16,3600,1.34311512415
282480,282822,288129,342,5307,2,36000,1.06444318824
282554,283093,286368,539,3275,2,36000,1.16458015267
282640,282650,288033,10,5383,2,36000,1.00185770017
282813,283099,288564,286,5465,2,36000,1.05233302836
282932,283240,288500,308,5260,2,36000,1.05855513308
282985,283088,283230,103,142,1,1800,1.72535211268
283098,283160,286984,62,3824,2,36000,1.01621338912
283122,283128,283178,6,50,1,1800,1.12
283150,283178,289054,28,5876,2,36000,1.00476514636
283169,283547,288334,378,4787,2,36000,1.07896386046
283200,283329,288515,129,5186,2,36000,1.02487466255
283320,283435,287517,115,4082,2,36000,1.02817246448
283427,283622,288900,195,5278,2,36000,1.03694581281
283523,283532,283612,9,80,1,1800,1.1125
283524,283628,288472,104,4844,2,36000,1.02146985962
283536,283553,287011,17,3458,2,36000,1.0049161365
283540,283654,287046,114,3392,2,36000,1.03360849057
283551,283727,287236,176,3509,2,36000,1.05015673981
283617,283831,289020,214,5189,2,36000,1.04124108691
283643,283942,289137,299,5195,2,36000,1.05755534167
283717,283837,289300,120,5463,2,36000,1.02196595277
283821,284005,287141,184,3136,2,36000,1.05867346939
283827,284019,289976,192,5957,2,36000,1.03223098875
283932,284031,287619,99,3588,2,36000,1.02759197324
283995,284078,289514,83,5436,2,36000,1.01526857984
284010,284066,288763,56,4697,2,36000,1.01192250373
284022,284110,289002,88,4892,2,36000,1.01798855274
284056,284220,287135,164,2915,2,36000,1.05626072041
284067,284137,289422,70,5285,2,36000,1.01324503311
284100,284354,289713,254,5359,2,36000,1.04739690241
284129,284850,289281,721,4431,2,36000,1.16271721959
284209,284226,290195,17,5969,2,36000,1.00284804825
284211,284855,288874,644,4019,2,36000,1.16023886539
284224,284290,289113,66,4823,2,36000,1.01368442878
284279,284316,288808,37,4492,2,36000,1.00823686554
284305,284495,288832,190,4337,2,36000,1.04380908462
284343,284860,289944,517,5084,2,36000,1.10169158143
284483,284839,289233,356,4394,2,36000,1.08101957214
284503,284845,285133,342,288,1,1800,2.1875
284829,284951,288513,122,3562,2,36000,1.03425042111
284830,284920,290209,90,5289,2,36000,1.01701644923
284911,284993,290063,82,5070,2,36000,1.01617357002
284940,284957,291064,17,6107,2,36000,1.00278369085
284955,284973,288144,18,3171,2,36000,1.00567644276
284970,285048,291083,78,6035,2,36000,1.01292460646
285036,285169,288350,133,3181,2,36000,1.04181075134
285159,285175,289498,16,4323,2,36000,1.00370113347
285174,285272,290275,98,5003,2,36000,1.01958824705
285197,285203,290456,6,5253,2,36000,1.00114220445
285198,285209,290604,11,5395,2,36000,1.00203892493
285245,285251,290468,6,5217,2,36000,1.00115008626
285261,285393,288552,132,3159,2,36000,1.04178537512
285287,285293,286985,6,1692,16,3600,1.00354609929
285351,285359,286990,8,1631,16,3600,1.00490496628
285356,285365,286992,9,1627,16,3600,1.00553165335
285379,285811,290542,432,4731,2,36000,1.0913126189
285381,285387,290208,6,4821,2,36000,1.00124455507
285470,285477,290580,7,5103,2,36000,1.00137174211
285616,285622,290497,6,4875,2,36000,1.00123076923
285799,285805,291243,6,5438,2,36000,1.00110334682
285805,285817,288962,12,3145,2,36000,1.00381558029
285971,285979,291315,8,5336,2,36000,1.00149925037
286023,286029,286241,6,212,16,3600,1.02830188679
286025,286035,291307,10,5272,2,36000,1.00189681335
286155,286166,290546,11,4380,2,36000,1.00251141553
286270,286279,290850,9,4571,2,36000,1.00196893459
286370,286376,291720,6,5344,2,36000,1.00112275449
286482,286491,291996,9,5505,2,36000,1.00163487738
286531,286537,288947,6,2410,2,36000,1.00248962656
286572,286578,291873,6,5295,2,36000,1.00113314448
286585,286594,292572,9,5978,2,36000,1.00150552024
286720,286726,289699,6,2973,2,36000,1.00201816347
286736,286742,291649,6,4907,2,36000,1.00122274302
286784,286793,290268,9,3475,2,36000,1.00258992806
286818,286824,291619,6,4795,2,36000,1.00125130344
286846,286852,292177,6,5325,2,36000,1.00112676056
286886,286892,292196,6,5304,2,36000,1.00113122172
286983,286995,293060,12,6065,2,36000,1.00197856554
286999,287006,291923,7,4917,2,36000,1.0014236323
287013,287023,292794,10,5771,2,36000,1.00173280194
287014,287029,292578,15,5549,2,36000,1.00270318976
287049,287055,292259,6,5204,2,36000,1.00115295926
287135,287146,290221,11,3075,2,36000,1.00357723577
287143,287152,292059,9,4907,2,36000,1.00183411453
287238,287247,290580,9,3333,2,36000,1.00270027003
287337,287346,292055,9,4709,2,36000,1.00191123381
287362,287368,292259,6,4891,2,36000,1.001226743
287377,287384,292259,7,4875,2,36000,1.00143589744
287434,287440,292199,6,4759,2,36000,1.00126076907
287494,287502,291620,8,4118,2,36000,1.00194269063
287500,287508,288695,8,1187,16,3600,1.00673967987
287512,287518,288700,6,1182,16,3600,1.00507614213
287518,287524,290809,6,3285,2,36000,1.00182648402
287521,287902,288114,381,212,16,3600,2.79716981132
287621,287627,292109,6,4482,2,36000,1.00133868809
287748,287759,293733,11,5974,2,36000,1.00184131235
288035,288044,293607,9,5563,2,36000,1.0016178321
288119,288130,293473,11,5343,2,36000,1.00205876848
288131,288137,292259,6,4122,2,36000,1.00145560408
288146,288155,294293,9,6138,2,36000,1.00146627566
288302,288308,500091,6,211783,1,360000,1.00002833089
288336,288346,293706,10,5360,2,36000,1.00186567164
288351,288361,293993,10,5632,2,36000,1.00177556818
288424,288435,291991,11,3556,2,36000,1.00309336333
288475,288481,292259,6,3778,2,36000,1.00158814187
288502,288509,292113,7,3604,2,36000,1.00194228635
288514,288524,291737,10,3213,2,36000,1.00311235605
288518,288529,291835,11,3306,2,36000,1.00332728373
288553,288563,292905,10,4342,2,36000,1.00230308614
288564,288570,291104,6,2534,2,36000,1.00236779795
288593,288601,293158,8,4557,2,36000,1.00175554093
288764,288774,292926,10,4152,2,36000,1.00240847784
288809,288820,294713,11,5893,2,36000,1.00186662142
288834,288843,291904,9,3061,2,36000,1.00294021562
288875,288881,292259,6,3378,2,36000,1.00177619893
288902,288908,292259,6,3351,2,36000,1.0017905103
288948,288954,292259,6,3305,2,36000,1.00181543116
288963,288973,292557,10,3584,2,36000,1.00279017857
289004,289010,291914,6,2904,2,36000,1.0020661157
289023,289029,292259,6,3230,2,36000,1.00185758514
289053,289065,292295,12,3230,2,36000,1.00371517028
289113,289124,294067,11,4943,2,36000,1.00222536921
289131,289137,289139,6,2,17,10800,1.0
289139,289146,292259,7,3113,2,36000,1.00224863476
289234,289244,294355,10,5111,2,36000,1.00195656427
289285,289291,292259,6,2968,2,36000,1.00202156334
289303,289312,293276,9,3964,2,36000,1.00227043391
289423,289429,292259,6,2830,2,36000,1.00212014134
289499,289509,295027,10,5518,2,36000,1.00181225082
289515,289521,292259,6,2738,2,36000,1.00219138057
289582,289588,290301,6,713,17,10800,1.00841514727
289699,289705,292259,6,2554,2,36000,1.00234925607
289714,289721,292259,7,2538,2,36000,1.00275807723
289946,289952,292259,6,2307,2,36000,1.00260078023
289978,289985,295643,7,5658,2,36000,1.00123718628
290062,290068,292259,6,2191,2,36000,1.00273847558
290196,290202,293261,6,3059,2,36000,1.0019614253
290211,290217,292259,6,2042,2,36000,1.00293829579
290212,290223,292259,11,2036,2,36000,1.00540275049
290223,290229,293830,6,3601,2,36000,1.00166620383
290268,290274,296117,6,5843,2,36000,1.00102686976
290283,290289,296057,6,5768,2,36000,1.00104022191
290321,290327,578352,6,288025,1,288000,1.00002083153
290365,290371,578387,6,288016,1,288000,1.00002083218
290409,290415,578442,6,288027,1,288000,1.00002083138
290460,290466,292259,6,1793,2,36000,1.0033463469
290475,290481,292260,6,1779,2,36000,1.00337268128
290497,290503,292259,6,1756,2,36000,1.00341685649
290542,290548,294032,6,3484,2,36000,1.00172215844
290549,290555,292164,6,1609,2,21600,1.00372902424
290557,290563,293744,6,3181,2,36000,1.00188619931
290581,290587,294005,6,3418,2,36000,1.00175541252
290583,290593,292259,10,1666,2,36000,1.00600240096
290604,290611,292259,7,1648,2,36000,1.00424757282
290812,290818,292259,6,1441,2,36000,1.00416377516
290849,290856,294770,7,3914,2,36000,1.00178845171
291067,291073,296009,6,4936,2,36000,1.00121555916
291084,291091,294762,7,3671,2,36000,1.00190683737
291106,291112,292259,6,1147,2,36000,1.00523103749
291247,291253,292259,6,1006,2,36000,1.00596421471
291309,291315,294545,6,3230,2,36000,1.00185758514
291312,291321,292041,9,720,2,21600,1.0125
291323,291329,296647,6,5318,2,36000,1.0011282437
291620,291626,297700,6,6074,2,36000,1.00098781692
291620,291631,292259,11,628,2,36000,1.01751592357
291652,291658,292259,6,601,2,36000,1.00998336106
291721,291727,292259,6,532,2,36000,1.01127819549
291738,291744,297276,6,5532,2,36000,1.0010845987
291809,291815,291875,6,60,17,10800,1.1
291838,291844,292259,6,415,2,36000,1.01445783133
291873,291879,292260,6,381,2,36000,1.0157480315
291904,291910,295173,6,3263,2,36000,1.00183879865
291917,291923,292260,6,337,2,36000,1.0178041543
291932,291938,292260,6,322,2,36000,1.01863354037
291992,291998,296365,6,4367,2,36000,1.00137394092
292006,292012,295810,6,3798,2,36000,1.00157977883
292011,292018,293972,7,1954,17,10800,1.00358239509
292056,292062,295655,6,3593,2,36000,1.00166991372
292299,292305,297850,6,5545,2,36000,1.00108205591
292305,292311,295339,6,3028,2,36000,1.00198150594
292308,292317,294691,9,2374,2,36000,1.00379106992
292309,292322,294764,13,2442,2,36000,1.00532350532
292311,292327,294621,16,2294,2,36000,1.00697471665
292312,292333,295761,21,3428,2,36000,1.006126021
292313,292338,294421,25,2083,2,36000,1.01200192031
292315,292343,294861,28,2518,2,36000,1.01111993646
292316,292349,295227,33,2878,2,36000,1.01146629604
292317,292354,294788,37,2434,2,36000,1.01520131471
292319,292359,294951,40,2592,2,36000,1.01543209877
292320,292364,295564,44,3200,2,36000,1.01375
292322,292369,294857,47,2488,2,36000,1.01889067524
292323,292374,294987,51,2613,2,36000,1.01951779564
292325,292380,295228,55,2848,2,36000,1.01931179775
292326,292385,295313,59,2928,2,36000,1.02015027322
292327,292390,294706,63,2316,2,36000,1.02720207254
292329,292396,295230,67,2834,2,36000,1.02364149612
292330,292401,295124,71,2723,2,36000,1.02607418289
292332,292406,294918,74,2512,2,36000,1.02945859873
292333,292411,295290,78,2879,2,36000,1.02709274053
292334,292417,295338,83,2921,2,36000,1.0284149264
292336,292422,295333,86,2911,2,36000,1.02954311233
292337,292427,294926,90,2499,2,36000,1.03601440576
292339,292432,294636,93,2204,2,36000,1.04219600726
292340,292437,294944,97,2507,2,36000,1.03869166334
292341,292443,294910,102,2467,2,36000,1.04134576409
292343,292448,295984,105,3536,2,36000,1.02969457014
292344,292453,294951,109,2498,2,36000,1.04363490793
292346,292458,296304,112,3846,2,36000,1.02912116485
292347,292463,295330,116,2867,2,36000,1.04046041158
292348,292469,296344,121,3875,2,36000,1.03122580645
292350,292474,296265,124,3791,2,36000,1.03270904774
292351,292479,296175,128,3696,2,36000,1.03463203463
292353,292484,295121,131,2637,2,36000,1.04967766401
292354,292489,294799,135,2310,2,36000,1.05844155844
292355,292495,295028,140,2533,2,36000,1.05527043032
292357,292500,295455,143,2955,2,36000,1.04839255499
292358,292505,295491,147,2986,2,36000,1.04922973878
292360,292510,295272,150,2762,2,36000,1.05430847212
292361,292515,295020,154,2505,2,36000,1.06147704591
292556,292562,296276,6,3714,2,36000,1.00161550889
292574,292580,296920,6,4340,2,36000,1.00138248848
292589,292595,298287,6,5692,2,36000,1.00105411103
292700,292706,293761,6,1055,2,21600,1.00568720379
292794,292800,298103,6,5303,2,36000,1.00113143504
292905,292912,295850,7,2938,2,36000,1.00238257318
292929,292935,296181,6,3246,2,36000,1.00184842884
293062,293068,296444,6,3376,2,36000,1.00177725118
293159,293165,298670,6,5505,2,36000,1.00108991826
293262,293268,296531,6,3263,2,36000,1.00183879865
293277,293284,297056,7,3772,2,36000,1.00185577943
293477,293483,296659,6,3176,2,36000,1.00188916877
293533,293539,294691,6,1152,2,21600,1.00520833333
293612,293618,299002,6,5384,2,36000,1.00111441308
293705,293711,299303,6,5592,2,36000,1.00107296137
293732,293738,299742,6,6004,2,36000,1.00099933378
293747,293753,298735,6,4982,2,36000,1.00120433561
293831,293838,297447,7,3609,2,36000,1.00193959546
293995,294001,300160,6,6159,2,36000,1.00097418412
294009,294016,300108,7,6092,2,36000,1.00114904793
294033,294040,297755,7,3715,2,36000,1.00188425303
294070,294076,298221,6,4145,2,36000,1.00144752714
294293,294299,298441,6,4142,2,36000,1.00144857557
294356,294362,300375,6,6013,2,36000,1.00099783802
294372,294378,295127,6,749,2,21600,1.00801068091
294421,294427,297225,6,2798,2,36000,1.00214438885
294546,294552,298403,6,3851,2,36000,1.00155803687
294621,294628,297307,7,2679,2,36000,1.00261291527
294636,294642,297252,6,2610,2,36000,1.00229885057
294692,294698,297236,6,2538,2,36000,1.00236406619
294707,294713,296977,6,2264,2,36000,1.00265017668
294715,294721,299677,6,4956,2,36000,1.00121065375
294763,294769,299482,6,4713,2,36000,1.00127307447
294766,294775,299448,9,4673,2,36000,1.00192595763
294778,294784,300658,6,5874,2,36000,1.00102145046
294784,294790,297156,6,2366,2,36000,1.00253592561
294799,294805,297351,6,2546,2,36000,1.00235663786
294858,294864,297265,6,2401,2,36000,1.00249895877
294873,294879,297870,6,2991,2,36000,1.00200601805
294911,294917,297194,6,2277,2,36000,1.00263504611
294926,294932,297746,6,2814,2,36000,1.00213219616
294928,294938,297275,10,2337,2,36000,1.00427899016
294946,294953,297480,7,2527,2,36000,1.0027700831
294961,294968,297055,7,2087,2,36000,1.00335409679
294963,294974,297319,11,2345,2,36000,1.00469083156
294988,294994,297705,6,2711,2,36000,1.00221320546
295022,295028,297453,6,2425,2,36000,1.0024742268
295031,295038,301122,7,6084,2,36000,1.00115055884
295039,295044,297354,5,2310,2,36000,1.00216450216
295124,295130,298769,6,3639,2,36000,1.00164880462
295125,295136,297775,11,2639,2,36000,1.00416824555
295175,295181,300902,6,5721,2,36000,1.0010487677
295229,295236,299125,7,3889,2,36000,1.00179994857
295231,295242,297703,11,2461,2,36000,1.00446972775
295232,295247,298496,15,3249,2,36000,1.00461680517
295275,295281,297630,6,2349,2,36000,1.00255427842
295290,295296,297576,6,2280,2,36000,1.00263157895
295314,295321,297941,7,2620,2,36000,1.00267175573
295333,295339,297905,6,2566,2,36000,1.00233826968
295334,295345,297744,11,2399,2,36000,1.00458524385
295349,295355,298719,6,3364,2,36000,1.00178359096
295351,295361,297899,10,2538,2,36000,1.00394011032
295456,295462,298156,6,2694,2,36000,1.00222717149
295493,295500,298785,7,3285,2,36000,1.00213089802
295568,295574,298083,6,2509,2,36000,1.00239139099
295649,295654,298569,5,2915,2,36000,1.00171526587
295665,295672,301178,7,5506,2,36000,1.00127134036
295765,295771,298267,6,2496,2,36000,1.00240384615
295813,295819,301774,6,5955,2,36000,1.00100755668
295855,295861,301614,6,5753,2,36000,1.00104293412
295987,295993,298498,6,2505,2,36000,1.00239520958
296014,296020,299119,6,3099,2,36000,1.00193610842
296059,296065,299745,6,3680,2,36000,1.00163043478
296120,296126,302199,6,6073,2,36000,1.00098797958
296177,296183,298322,6,2139,2,36000,1.00280504909
296183,296189,300429,6,4240,2,36000,1.00141509434
296266,296272,299144,6,2872,2,36000,1.00208913649
296277,296283,302141,6,5858,2,36000,1.00102424036
296306,296312,298801,6,2489,2,36000,1.00241060667
296347,296353,298782,6,2429,2,36000,1.00247015233
296368,296374,300457,6,4083,2,36000,1.00146950771
296446,296452,300085,6,3633,2,36000,1.00165152766
296528,296534,329088,6,32554,14,43200,1.00018430915
296534,296540,301901,6,5361,2,36000,1.00111919418
296648,296654,302705,6,6051,2,36000,1.00099157164
296663,296669,302780,6,6111,2,36000,1.00098183603
296922,296928,300369,6,3441,2,36000,1.00174367916
296979,296985,299447,6,2462,2,36000,1.00243704305
297057,297063,300483,6,3420,2,36000,1.00175438596
297059,297069,301597,10,4528,2,36000,1.00220848057
297159,297165,299762,6,2597,2,36000,1.00231035811
297195,297201,299825,6,2624,2,36000,1.00228658537
297226,297232,299515,6,2283,2,36000,1.00262812089
297241,297247,300603,6,3356,2,36000,1.00178784267
297256,297262,300889,6,3627,2,36000,1.00165425972
297272,297278,301146,6,3868,2,36000,1.00155118925
297276,297284,302962,8,5678,2,36000,1.00140894681
297287,297293,300856,6,3563,2,36000,1.00168397418
297308,297314,299917,6,2603,2,36000,1.00230503265
297323,297329,300095,6,2766,2,36000,1.0021691974
297354,297360,300060,6,2700,2,36000,1.00222222222
297355,297366,299656,11,2290,2,36000,1.00480349345
297448,297454,301623,6,4169,2,36000,1.00143919405
297455,297461,300114,6,2653,2,36000,1.00226159065
297483,297489,300146,6,2657,2,36000,1.00225818592
297540,297546,326516,6,28970,2,43200,1.0002071108
297577,297583,300844,6,3261,2,36000,1.0018399264
297631,297637,301546,6,3909,2,36000,1.00153491942
297649,297656,336518,7,38862,70,43199,1.00018012454
297701,297707,303216,6,5509,2,36000,1.00108912688
297707,297712,300698,5,2986,2,36000,1.00167448091
297708,297719,299968,11,2249,2,36000,1.00489106269
297747,297753,300371,6,2618,2,36000,1.00229182582
297748,297759,300337,11,2578,2,36000,1.00426687355
297750,297786,341018,36,43232,40,43199,1.00083271651
297756,297766,301763,10,3997,2,36000,1.00250187641
297776,297952,300753,176,2801,2,36000,1.06283470189
297793,297910,902743,117,604833,4,604800,1.00019344183
297849,297861,302073,12,4212,2,36000,1.00284900285
297871,298094,301282,223,3188,2,36000,1.06994981179
297893,297917,328376,24,30459,2,43200,1.00078794445
297899,298167,300875,268,2708,2,36000,1.09896602659
297914,298278,300787,364,2509,2,36000,1.14507772021
297943,298333,301737,390,3404,2,36000,1.11457109283
298084,298508,301854,424,3346,2,36000,1.12671846981
298103,298114,300891,11,2777,2,36000,1.00396110911
298157,298514,301105,357,2591,2,36000,1.13778463914
298221,298232,301782,11,3550,2,36000,1.00309859155
298269,298730,301568,461,2838,2,36000,1.16243833686
298287,298298,301694,11,3396,2,36000,1.00323910483
298322,298781,301545,459,2764,2,36000,1.16606367583
298405,298414,301918,9,3504,2,36000,1.00256849315
298443,298453,301771,10,3318,2,36000,1.00301386377
298499,298793,301430,294,2637,2,36000,1.11149032992
298501,298799,301996,298,3197,2,36000,1.09321238661
298570,298580,302181,10,3601,2,36000,1.00277700639
298670,298681,302092,11,3411,2,36000,1.00322486074
298720,298812,301462,92,2650,2,36000,1.03471698113
298737,298746,302345,9,3599,2,36000,1.00250069464
298772,299137,302316,365,3179,2,36000,1.11481597987
298787,299155,301716,368,2561,2,36000,1.14369386958
298788,299464,301852,676,2388,2,36000,1.28308207705
298804,299481,303016,677,3535,2,36000,1.19151343706
299005,299014,302801,9,3787,2,36000,1.00237655136
299120,299131,303935,11,4804,2,36000,1.00228975853
299128,299526,303993,398,4467,2,36000,1.08909782852
299146,299667,302158,521,2491,2,36000,1.20915295062
299304,299314,303935,10,4621,2,36000,1.00216403376
299375,299458,299470,83,12,2,3600,7.91666666667
299448,299836,302500,388,2664,2,36000,1.14564564565
299449,299842,302545,393,2703,2,36000,1.14539400666
299482,299493,303840,11,4347,2,36000,1.00253048079
299515,299928,302796,413,2868,2,36000,1.1440027894
299657,299979,302350,322,2371,2,36000,1.13580767609
299678,299688,302589,10,2901,2,36000,1.00344708721
299743,299773,299827,30,54,2,3600,1.55555555556
299745,299753,303157,8,3404,2,36000,1.00235017626
299746,299759,303935,13,4176,2,36000,1.00311302682
299763,300091,302625,328,2534,2,36000,1.12943962115
299826,300106,302841,280,2735,2,36000,1.10237659963
299920,300125,303031,205,2906,2,36000,1.07054370268
299970,300157,302889,187,2732,2,36000,1.06844802343
300025,300072,300080,47,8,2,300,5.5
300063,300349,302758,286,2409,2,36000,1.11872146119
300087,300097,303935,10,3838,2,36000,1.00260552371
300097,300397,303982,300,3585,2,36000,1.08368200837
300108,300119,303935,11,3816,2,36000,1.00288259958
300116,300867,304005,751,3138,2,36000,1.23932441045
300147,300886,303622,739,2736,2,36000,1.27010233918
300163,300171,303935,8,3764,2,36000,1.00212539851
300216,300386,302640,170,2254,1,180000,1.07542147294
300217,300714,307179,497,6465,1,180000,1.07687548337
300217,300620,306673,403,6053,1,180000,1.06657855609
300217,300709,304708,492,3999,1,180000,1.12303075769
300217,300615,306617,398,6002,1,180000,1.06631122959
300217,300499,310345,282,9846,1,180000,1.02864107252
300217,300391,303189,174,2798,1,180000,1.06218727663
300217,300494,301943,277,1449,1,180000,1.1911663216
300218,300855,302893,637,2038,1,180000,1.31256133464
300218,300764,302089,546,1325,1,180000,1.4120754717
300218,300860,303580,642,2720,1,180000,1.23602941176
300218,300803,303382,585,2579,1,180000,1.22683210547
300218,300769,308696,551,7927,1,180000,1.06950927211
300218,300798,310404,580,9606,1,180000,1.06037892984
300338,300900,303141,562,2241,2,36000,1.25078090138
300371,301116,303648,745,2532,2,36000,1.29423380727
300371,300380,303522,9,3142,2,36000,1.00286441757
300386,300440,303935,54,3495,2,36000,1.01545064378
300431,300468,303935,37,3467,2,36000,1.01067205076
300458,300669,303935,211,3266,2,36000,1.06460502143
300484,301157,304147,673,2990,2,36000,1.22508361204
300604,301293,304198,689,2905,2,36000,1.23717728055
300660,300906,303730,246,2824,2,36000,1.08711048159
300700,301441,303864,741,2423,2,36000,1.30581923236
300755,301727,303993,972,2266,2,36000,1.42894969109
300790,301749,304988,959,3239,2,36000,1.29607903674
300846,301788,304536,942,2748,2,36000,1.34279475983
300862,301863,304151,1001,2288,2,36000,1.4375
300878,301869,305082,991,3213,2,36000,1.30843448491
300892,300913,303935,21,3022,2,36000,1.00694904037
300896,302008,304712,1112,2704,2,36000,1.41124260355
300907,301133,303935,226,2802,2,36000,1.0806566738
301108,302100,306719,992,4619,2,36000,1.21476510067
301124,301189,303935,65,2746,2,36000,1.02367079388
301148,302169,304631,1021,2462,2,36000,1.4147034931
301178,301608,303935,430,2327,2,36000,1.18478727976
301284,302327,304891,1043,2564,2,36000,1.40678627145
301432,302362,305234,930,2872,2,36000,1.32381615599
301444,301474,301518,30,44,2,3600,1.68181818182
301451,301580,733606,129,432026,8,432000,1.00029859314
301462,302511,306219,1049,3708,2,36000,1.28290183387
301547,302556,305295,1009,2739,2,36000,1.36838262139
301548,302637,305374,1089,2737,2,36000,1.39788089149
301570,302808,306744,1238,3936,2,36000,1.31453252033
301602,301625,303936,23,2311,2,36000,1.00995240156
301619,301634,303936,15,2302,2,36000,1.00651607298
301637,301705,303936,68,2231,2,36000,1.03047960556
301699,301775,303936,76,2161,2,36000,1.03516890329
301740,302853,305116,1113,2263,2,36000,1.49182501105
301741,302900,306046,1159,3146,2,36000,1.36840432295
301766,301782,303936,16,2154,2,36000,1.00742804085
301785,301794,303936,9,2142,2,36000,1.00420168067
301786,301930,303936,144,2006,2,36000,1.07178464606
301788,302087,303936,299,1849,2,36000,1.16170903191
301872,302906,305172,1034,2266,2,36000,1.45631067961
301875,303027,305656,1152,2629,2,36000,1.43818942564
301902,301912,303936,10,2024,2,36000,1.00494071146
301920,302106,303936,186,1830,2,36000,1.10163934426
301998,303042,305579,1044,2537,2,36000,1.41150965708
302081,302192,303938,111,1746,2,36000,1.06357388316
302098,302152,303940,54,1788,2,36000,1.03020134228
302141,302210,303940,69,1730,2,36000,1.03988439306
302160,303153,306207,993,3054,2,36000,1.32514734774
302183,302356,303940,173,1584,2,36000,1.10921717172
302201,302600,303940,399,1340,2,36000,1.29776119403
302316,303393,305793,1077,2400,2,36000,1.44875
302343,302716,303940,373,1224,2,36000,1.30473856209
302351,303633,305962,1282,2329,2,36000,1.55045083727
302500,303660,306119,1160,2459,2,36000,1.47173647824
302547,303875,306068,1328,2193,2,36000,1.60556315549
302591,302769,303940,178,1171,2,36000,1.15200683177
302625,303947,306771,1322,2824,2,36000,1.46813031161
302708,302791,303940,83,1149,2,36000,1.07223672759
302759,303954,306925,1195,2971,2,36000,1.40222147425
302783,302814,303940,31,1126,2,36000,1.02753108348
302797,303960,306520,1163,2560,2,36000,1.454296875
302804,302973,303940,169,967,2,36000,1.17476732161
302843,303965,306584,1122,2619,2,36000,1.42840778923
302890,303970,306537,1080,2567,2,36000,1.42072458122
302964,303169,303940,205,771,2,36000,1.26588845655
303016,303975,308038,959,4063,2,36000,1.23603248831
303032,303980,306423,948,2443,2,36000,1.3880474826
303142,303985,306425,843,2440,2,36000,1.34549180328
303157,303227,303940,70,713,2,36000,1.09817671809
303218,303534,303940,316,406,2,36000,1.77832512315
303523,303741,303940,218,199,2,36000,2.09547738693
303624,303991,307469,367,3478,2,36000,1.10552041403
303648,303996,306436,348,2440,2,36000,1.14262295082
303731,303851,303940,120,89,2,36000,2.34831460674
303866,304001,306678,135,2677,2,36000,1.05042958536
303983,304007,306992,24,2985,2,36000,1.00804020101
303999,304012,306617,13,2605,2,36000,1.00499040307
304000,304017,307149,17,3132,2,36000,1.00542784163
304015,304024,306552,9,2528,2,36000,1.00356012658
304118,304124,306734,6,2610,2,36000,1.00229885057
304119,304130,307042,11,2912,2,36000,1.00377747253
304120,304135,306943,15,2808,2,36000,1.00534188034
304121,304140,306808,19,2668,2,36000,1.00712143928
304123,304145,306812,22,2667,2,36000,1.00824896888
304124,304150,306820,26,2670,2,36000,1.00973782772
304125,304156,306809,31,2653,2,36000,1.01168488504
304127,304161,306833,34,2672,2,36000,1.0127245509
304128,304166,306863,38,2697,2,36000,1.01408972933
304129,304172,307005,43,2833,2,36000,1.01517825627
304131,304177,306978,46,2801,2,36000,1.01642270618
304132,304182,306964,50,2782,2,36000,1.01797268152
304133,304187,306948,54,2761,2,36000,1.01955813111
304135,304192,306881,57,2689,2,36000,1.02119747118
304136,304197,306900,61,2703,2,36000,1.02256751757
304137,304203,306856,66,2653,2,36000,1.02487749717
304138,304208,306881,70,2673,2,36000,1.02618780397
304140,304213,306815,73,2602,2,36000,1.02805534204
304141,304218,306841,77,2623,2,36000,1.02935569958
304142,304223,307033,81,2810,2,36000,1.02882562278
304149,304228,306733,79,2505,2,36000,1.03153692615
304164,304236,307372,72,3136,2,36000,1.02295918367
304198,304241,306920,43,2679,2,36000,1.01605076521
304538,304544,306995,6,2451,2,36000,1.00244798042
304632,304639,309220,7,4581,2,36000,1.00152805064
304715,304722,307259,7,2537,2,36000,1.00275916437
304891,304897,307328,6,2431,2,36000,1.00246812012
304990,304997,308291,7,3294,2,36000,1.0021250759
305084,305090,307750,6,2660,2,36000,1.0022556391
305118,305124,307447,6,2323,2,36000,1.00258286698
305174,305180,310242,6,5062,2,36000,1.00118530225
305235,305241,308014,6,2773,2,36000,1.0021637216
305297,305304,308077,7,2773,2,36000,1.00252434187
305375,305381,309085,6,3704,2,36000,1.00161987041
305580,305586,307896,6,2310,2,36000,1.0025974026
305657,305664,310530,7,4866,2,36000,1.00143855323
305795,305801,309158,6,3357,2,36000,1.0017873101
305964,305970,308341,6,2371,2,36000,1.00253057782
306046,306053,308512,7,2459,2,36000,1.00284668564
306071,306077,308511,6,2434,2,36000,1.00246507806
306121,306127,309526,6,3399,2,36000,1.00176522507
306209,306215,309404,6,3189,2,36000,1.00188146754
306224,306230,310743,6,4513,2,36000,1.00132949258
306427,306433,309921,6,3488,2,36000,1.00172018349
306429,306439,308943,10,2504,2,36000,1.00399361022
306444,306450,309003,6,2553,2,36000,1.00235017626
306521,306528,309165,7,2637,2,36000,1.00265453166
306540,306546,309066,6,2520,2,36000,1.00238095238
306555,306561,309884,6,3323,2,36000,1.00180559735
306585,306592,309199,7,2607,2,36000,1.00268507863
306619,306626,309271,7,2645,2,36000,1.00264650284
306678,306684,309220,6,2536,2,36000,1.0023659306
306721,306727,308969,6,2242,2,36000,1.00267618198
306735,306741,309547,6,2806,2,36000,1.00213827512
306736,306747,309180,11,2433,2,36000,1.00452116728
306751,306757,309382,6,2625,2,36000,1.00228571429
306773,306779,309364,6,2585,2,36000,1.00232108317
306810,306816,309704,6,2888,2,36000,1.00207756233
306811,306822,309680,11,2858,2,36000,1.00384884535
306826,306832,309457,6,2625,2,36000,1.00228571429
306827,306838,309565,11,2727,2,36000,1.00403373671
306829,306843,309588,14,2745,2,36000,1.00510018215
306844,306850,309591,6,2741,2,36000,1.00218898212
306845,306856,309642,11,2786,2,36000,1.00394831299
306860,306866,309489,6,2623,2,36000,1.00228745711
306874,306881,309541,7,2660,2,36000,1.00263157895
306889,306895,309705,6,2810,2,36000,1.00213523132
306890,306901,309595,11,2694,2,36000,1.00408314774
306905,306911,309527,6,2616,2,36000,1.00229357798
306920,306927,309833,7,2906,2,36000,1.00240880936
306936,306942,309851,6,2909,2,36000,1.00206256446
306944,306950,309743,6,2793,2,36000,1.00214822771
306959,306965,309640,6,2675,2,36000,1.00224299065
306974,306980,309747,6,2767,2,36000,1.00216841344
306988,306995,309812,7,2817,2,36000,1.00248491303
306995,307001,311452,6,4451,2,36000,1.00134801168
306996,307007,310602,11,3595,2,36000,1.00305980529
307006,307013,309646,7,2633,2,36000,1.00265856438
307033,307039,309703,6,2664,2,36000,1.00225225225
307048,307054,309651,6,2597,2,36000,1.00231035811
307151,307157,310109,6,2952,2,36000,1.00203252033
307261,307267,309603,6,2336,2,36000,1.00256849315
307329,307335,309690,6,2355,2,36000,1.0025477707
307373,307379,309832,6,2453,2,36000,1.00244598451
307447,307453,310985,6,3532,2,36000,1.00169875425
307469,307475,310307,6,2832,2,36000,1.00211864407
307753,307759,310753,6,2994,2,36000,1.00200400802
307898,307904,310431,6,2527,2,36000,1.00237435694
308016,308022,311815,6,3793,2,36000,1.00158186132
308041,308047,310503,6,2456,2,36000,1.00244299674
308078,308085,311554,7,3469,2,36000,1.00201787259
308292,308298,312015,6,3717,2,36000,1.001614205
308342,308349,310725,7,2376,2,36000,1.00294612795
308513,308519,310806,6,2287,2,36000,1.00262352427
308514,308525,311636,11,3111,2,36000,1.00353584057
308945,308951,312225,6,3274,2,36000,1.00183262065
308969,308976,311896,7,2920,2,36000,1.00239726027
309003,309010,311601,7,2591,2,36000,1.00270165959
309067,309073,311359,6,2286,2,36000,1.00262467192
309086,309092,312068,6,2976,2,36000,1.00201612903
309158,309164,312531,6,3367,2,36000,1.00178200178
309174,309180,311702,6,2522,2,36000,1.00237906423
309189,309195,311470,6,2275,2,36000,1.00263736264
309204,309210,311836,6,2626,2,36000,1.00228484387
309220,309226,312338,6,3112,2,36000,1.00192802057
309221,309232,311686,11,2454,2,36000,1.00448247759
309271,309278,311864,7,2586,2,36000,1.00270688322
309365,309372,311800,7,2428,2,36000,1.0028830313
309384,309391,311833,7,2442,2,36000,1.00286650287
309406,309413,312191,7,2778,2,36000,1.00251979842
309456,309462,312163,6,2701,2,36000,1.00222139948
309488,309495,312183,7,2688,2,36000,1.00260416667
309527,309533,312212,6,2679,2,36000,1.00223964166
309527,309538,312237,11,2699,2,36000,1.00407558355
309542,309548,312155,6,2607,2,36000,1.00230149597
309557,309563,312216,6,2653,2,36000,1.00226159065
309571,309577,312162,6,2585,2,36000,1.00232108317
309589,309595,312394,6,2799,2,36000,1.00214362272
309604,309610,312263,6,2653,2,36000,1.00226159065
309605,309616,312311,11,2695,2,36000,1.00408163265
309607,309621,312957,14,3336,2,36000,1.00419664269
309641,309647,312331,6,2684,2,36000,1.00223546945
309643,309653,312545,10,2892,2,36000,1.00345781466
309658,309663,312507,5,2844,2,36000,1.0017580872
309659,309669,312289,10,2620,2,36000,1.00381679389
309680,309686,312430,6,2744,2,36000,1.00218658892
309691,309697,312597,6,2900,2,36000,1.00206896552
309704,309710,312359,6,2649,2,36000,1.00226500566
309719,309725,312454,6,2729,2,36000,1.00219860755
309720,309731,312451,11,2720,2,36000,1.00404411765
309744,309750,312576,6,2826,2,36000,1.00212314225
309758,309765,312355,7,2590,2,36000,1.0027027027
309813,309819,312524,6,2705,2,36000,1.0022181146
309833,309839,313420,6,3581,2,36000,1.00167550963
309834,309845,312706,11,2861,2,36000,1.00384480951
309853,309859,312255,6,2396,2,36000,1.00250417362
309887,309893,312431,6,2538,2,36000,1.00236406619
309922,309928,314653,6,4725,2,36000,1.00126984127
310109,310115,312663,6,2548,2,36000,1.00235478807
310242,310248,313327,6,3079,2,36000,1.00194868464
310310,310316,314039,6,3723,2,36000,1.00161160355
310432,310438,312713,6,2275,2,36000,1.00263736264
310503,310509,313215,6,2706,2,36000,1.0022172949
310530,310536,313128,6,2592,2,36000,1.00231481481
310605,310611,314949,6,4338,2,36000,1.00138312586
310727,310733,313652,6,2919,2,36000,1.00205549846
310745,310751,314301,6,3550,2,36000,1.00169014085
310760,310766,313264,6,2498,2,36000,1.00240192154
310806,310812,313484,6,2672,2,36000,1.00224550898
310987,310993,313071,6,2078,2,36000,1.00288739172
311360,311366,314695,6,3329,2,36000,1.00180234305
311455,311461,314400,6,2939,2,36000,1.00204151072
311471,311477,313841,6,2364,2,36000,1.00253807107
311555,311561,314124,6,2563,2,36000,1.00234100663
311601,311607,314139,6,2532,2,36000,1.00236966825
311638,311644,316460,6,4816,2,36000,1.00124584718
311687,311694,316784,7,5090,2,36000,1.00137524558
311703,311709,314764,6,3055,2,36000,1.00196399345
311803,311809,314516,6,2707,2,36000,1.0022164758
311818,311824,314955,6,3131,2,36000,1.00191632066
311836,311843,314598,7,2755,2,36000,1.00254083485
311838,311849,313916,11,2067,2,36000,1.0053217223
311866,311872,314475,6,2603,2,36000,1.00230503265
311897,311903,314385,6,2482,2,36000,1.00241740532
312018,312024,314626,6,2602,2,36000,1.00230591852
312070,312076,316801,6,4725,2,36000,1.00126984127
312156,312163,314903,7,2740,2,36000,1.00255474453
312171,312177,314924,6,2747,2,36000,1.00218420095
312173,312183,314901,10,2718,2,36000,1.00367917586
312187,312193,315090,6,2897,2,36000,1.00207110804
312193,312199,315086,6,2887,2,36000,1.00207828195
312214,312220,315075,6,2855,2,36000,1.00210157618
312216,312226,314831,10,2605,2,36000,1.00383877159
312227,312232,315013,5,2781,2,36000,1.00179791442
312242,312248,314477,6,2229,2,36000,1.00269179004
312257,312263,314766,6,2503,2,36000,1.00239712345
312264,312270,314977,6,2707,2,36000,1.0022164758
312291,312297,315026,6,2729,2,36000,1.00219860755
312312,312318,315213,6,2895,2,36000,1.00207253886
312329,312336,314959,7,2623,2,36000,1.00266869996
312338,312344,316495,6,4151,2,36000,1.00144543483
312356,312362,315267,6,2905,2,36000,1.00206540448
312367,312724,313715,357,991,8,43200,1.36024217962
312372,312378,315225,6,2847,2,36000,1.00210748156
312395,312401,315068,6,2667,2,36000,1.00224971879
312431,312442,314867,11,2425,2,36000,1.00453608247
312431,312437,315165,6,2728,2,36000,1.00219941349
312452,312458,315247,6,2789,2,36000,1.00215130871
312467,312473,315188,6,2715,2,36000,1.00220994475
312509,312515,315185,6,2670,2,36000,1.00224719101
312524,312530,315251,6,2721,2,36000,1.00220507166
312526,312536,312783,10,247,2,7200,1.04048582996
312532,312542,314941,10,2399,2,36000,1.0041684035
312545,312551,315212,6,2661,2,36000,1.00225479143
312578,312584,315264,6,2680,2,36000,1.00223880597
312598,312604,315688,6,3084,2,36000,1.00194552529
312658,312664,315381,6,2717,2,36000,1.002208318
312708,312714,315056,6,2342,2,36000,1.00256191289
312723,312730,316190,7,3460,2,36000,1.00202312139
312932,312939,313175,7,236,2,7200,1.02966101695
312956,312962,315457,6,2495,2,36000,1.00240480962
313072,313078,316882,6,3804,2,36000,1.00157728707
313128,313134,315302,6,2168,2,36000,1.00276752768
313217,313223,315620,6,2397,2,36000,1.00250312891
313264,313271,315715,7,2444,2,36000,1.00286415712
313330,313336,316477,6,3141,2,36000,1.00191021968
313395,313401,313413,6,12,2,600,1.5
313422,313428,316846,6,3418,2,36000,1.00175541252
313485,313491,315938,6,2447,2,36000,1.00245198202
313653,313659,317266,6,3607,2,36000,1.00166343222
313843,313849,316600,6,2751,2,36000,1.00218102508
313917,313923,316637,6,2714,2,36000,1.00221075903
314041,314047,317142,6,3095,2,36000,1.00193861066
314126,314132,316904,6,2772,2,36000,1.00216450216
314142,314148,316452,6,2304,2,36000,1.00260416667
314301,314308,316917,7,2609,2,36000,1.00268302031
314388,314394,317596,6,3202,2,36000,1.00187382886
314403,314409,316887,6,2478,2,36000,1.00242130751
314478,314484,316930,6,2446,2,36000,1.00245298446
314480,314495,318771,15,4276,2,36000,1.00350795136
314483,314490,487328,7,172838,2,172800,1.00004050035
314520,314526,317210,6,2684,2,36000,1.00223546945
314599,314605,317251,6,2646,2,36000,1.0022675737
314628,314635,317325,7,2690,2,36000,1.00260223048
314653,314659,318301,6,3642,2,36000,1.00164744646
314697,314703,317251,6,2548,2,36000,1.00235478807
314767,314773,317215,6,2442,2,36000,1.00245700246
314768,314779,317289,11,2510,2,36000,1.00438247012
314831,314837,317448,6,2611,2,36000,1.00229797013
314870,314876,318097,6,3221,2,36000,1.00186277554
314901,314907,317609,6,2702,2,36000,1.00222057735
314916,314922,317464,6,2542,2,36000,1.00236034618
314931,314937,317658,6,2721,2,36000,1.00220507166
314944,314951,317517,7,2566,2,36000,1.00272798129
314961,314967,317708,6,2741,2,36000,1.00218898212
314961,314972,317772,11,2800,2,36000,1.00392857143
314962,314978,318064,16,3086,2,36000,1.00518470512
314978,314985,317813,7,2828,2,36000,1.00247524752
315015,315022,318120,7,3098,2,36000,1.00225952227
315026,315033,317953,7,2920,2,36000,1.00239726027
315058,315064,319678,6,4614,2,36000,1.00130039012
315069,315075,317892,6,2817,2,36000,1.00212992545
315083,315090,317966,7,2876,2,36000,1.00243393602
315087,315096,319288,9,4192,2,36000,1.00214694656
315098,315104,317764,6,2660,2,36000,1.0022556391
315167,315173,317819,6,2646,2,36000,1.0022675737
315185,315191,317869,6,2678,2,36000,1.00224047797
315200,315206,318021,6,2815,2,36000,1.00213143872
315215,315221,317964,6,2743,2,36000,1.00218738607
315216,315227,317923,11,2696,2,36000,1.00408011869
315231,315237,317926,6,2689,2,36000,1.00223131276
315249,315255,317933,6,2678,2,36000,1.00224047797
315264,315271,318080,7,2809,2,36000,1.00249199003
315266,315277,318056,11,2779,2,36000,1.00395825837
315281,315287,318059,6,2772,2,36000,1.00216450216
315304,315310,317888,6,2578,2,36000,1.00232738557
315384,315390,317776,6,2386,2,36000,1.0025146689
315458,315464,318015,6,2551,2,36000,1.00235201882
315622,315628,318910,6,3282,2,36000,1.00182815356
315689,315695,318347,6,2652,2,36000,1.00226244344
315718,315724,318012,6,2288,2,36000,1.00262237762
315938,315944,318625,6,2681,2,36000,1.00223797091
316192,316199,318753,7,2554,2,36000,1.00274079875
316452,316458,319463,6,3005,2,36000,1.00199667221
316467,316473,318934,6,2461,2,36000,1.00243803332
316482,316488,319105,6,2617,2,36000,1.00229270157
316497,316503,321296,6,4793,2,36000,1.00125182558
316602,316608,318732,6,2124,2,36000,1.00282485876
316639,316645,321712,6,5067,2,36000,1.00118413262
316672,318108,325293,1436,7185,40,14400,1.19986082116
316759,325304,334475,8545,9171,40,14400,1.93174135863
316784,316790,319204,6,2414,2,36000,1.00248550124
316802,316808,321589,6,4781,2,36000,1.00125496758
316814,334486,342764,17672,8278,40,14400,3.13481517275
316846,316853,319060,7,2207,2,36000,1.00317172633
316884,316890,319859,6,2969,2,36000,1.00202088245
316899,316906,321382,7,4476,2,36000,1.00156389634
316915,316921,319593,6,2672,2,36000,1.00224550898
316931,316937,319947,6,3010,2,36000,1.00199335548
316932,316943,319949,11,3006,2,36000,1.00365934797
317142,317149,319858,7,2709,2,36000,1.00258397933
317212,317221,321097,9,3876,2,36000,1.00232198142
317227,317262,319876,35,2614,2,36000,1.01338944147
317253,317528,320153,275,2625,2,36000,1.10476190476
317255,317831,321654,576,3823,2,36000,1.15066701543
317270,317940,321209,670,3269,2,36000,1.20495564393
317291,318035,320718,744,2683,2,36000,1.27730152814
317328,318073,321325,745,3252,2,36000,1.2290897909
317448,317460,320114,12,2654,2,36000,1.00452147702
317466,317476,320141,10,2665,2,36000,1.00375234522
317516,318091,320781,575,2690,2,36000,1.21375464684
317598,318184,320301,586,2117,2,36000,1.27680680208
317611,317620,320278,9,2658,2,36000,1.00338600451
317659,317669,320398,10,2729,2,36000,1.00366434591
317710,317719,320411,9,2692,2,36000,1.00334323923
317764,317776,320740,12,2964,2,36000,1.004048583
317772,318786,321409,1014,2623,2,36000,1.38658025162
317787,318791,322568,1004,3777,2,36000,1.26581943341
317815,317825,320721,10,2896,2,36000,1.00345303867
317829,317880,320680,51,2800,2,36000,1.01821428571
317869,317899,320679,30,2780,2,36000,1.01079136691
317888,318922,321558,1034,2636,2,36000,1.39226100152
317893,317905,320767,12,2862,2,36000,1.00419287212
317923,317934,320803,11,2869,2,36000,1.00383408853
317938,317946,320783,8,2837,2,36000,1.00281988016
317939,317964,320664,25,2700,2,36000,1.00925925926
317942,318137,318173,195,36,2,600,6.41666666667
317954,317975,320807,21,2832,2,36000,1.00741525424
317969,317981,320707,12,2726,2,36000,1.00440205429
317970,318023,320760,53,2737,2,36000,1.01936426745
318014,319072,323082,1058,4010,2,36000,1.263840399
318015,319117,322151,1102,3034,2,36000,1.36321687541
318021,318029,321100,8,3071,2,36000,1.00260501465
318057,318067,320755,10,2688,2,36000,1.0037202381
318065,319216,323955,1151,4739,2,36000,1.24287824436
318072,318079,320845,7,2766,2,36000,1.0025307303
318087,318131,320839,44,2708,2,36000,1.01624815362
318100,319299,321606,1199,2307,2,36000,1.51972258344
318121,319474,322191,1353,2717,2,36000,1.4979757085
318304,319604,322271,1300,2667,2,36000,1.48743907012
318351,319870,323265,1519,3395,2,36000,1.44742268041
318385,318743,318776,358,33,2,86400,11.8484848485
318625,319875,324639,1250,4764,2,36000,1.2623845508
318739,319887,322163,1148,2276,2,36000,1.50439367311
318768,319958,322307,1190,2349,2,36000,1.50659855258
318792,319964,322371,1172,2407,2,36000,1.48691316992
318924,320177,322714,1253,2537,2,36000,1.49389042176
318944,320409,323069,1465,2660,2,36000,1.5507518797
319068,320751,323365,1683,2614,2,36000,1.64384085692
319111,320772,323540,1661,2768,2,36000,1.60007225434
319219,320780,323400,1561,2620,2,36000,1.59580152672
319293,321336,324257,2043,2921,2,36000,1.69941800753
319482,321393,323922,1911,2529,2,36000,1.7556346382
319612,321570,324946,1958,3376,2,36000,1.57997630332
319686,321601,324915,1915,3314,2,36000,1.57785153893
319833,319839,327137,6,7298,1,180000,1.00082214305
319833,320317,326179,484,5862,1,180000,1.08256567724
319833,320312,324002,479,3690,1,180000,1.1298102981
319834,321089,332236,1255,11147,1,180000,1.1125863461
319834,321724,332084,1890,10360,1,180000,1.18243243243
319834,321307,325788,1473,4481,1,180000,1.32872126757
319834,321312,326138,1478,4826,1,180000,1.30625777041
319834,321421,335054,1587,13633,1,180000,1.11640871415
319834,321426,328092,1592,6666,1,180000,1.23882388239
319835,321729,327616,1894,5887,1,180000,1.32172583659
319835,322613,333681,2778,11068,1,180000,1.25099385616
319835,322624,333799,2789,11175,1,180000,1.24957494407
319835,322585,329258,2750,6673,1,180000,1.41210849693
319835,322618,335534,2783,12916,1,180000,1.21546918551
319836,325330,334434,5494,9104,1,180000,1.60347100176
319836,325336,331059,5500,5723,1,180000,1.96103442251
319836,325320,335203,5484,9883,1,180000,1.5548922392
319836,325315,330839,5479,5524,1,180000,1.99185372918
319836,325325,337803,5489,12478,1,180000,1.43989421382
319837,325351,357651,5514,32300,1,180000,1.1707120743
319837,325362,331423,5525,6061,1,180000,1.91156574823
319837,325357,335100,5520,9743,1,180000,1.56656060762
319837,325341,331808,5504,6467,1,180000,1.85109014999
319837,325346,328628,5509,3282,1,180000,2.67854966484
319838,325423,329315,5585,3892,1,180000,2.43499486125
319838,325428,334670,5590,9242,1,180000,1.60484743562
319838,325434,329259,5596,3825,1,180000,2.46300653595
319838,325372,332652,5534,7280,1,180000,1.76016483516
319838,325367,329566,5529,4199,1,180000,2.31674208145
319839,327148,335808,7309,8660,1,180000,1.84399538106
319839,326190,349707,6351,23517,1,180000,1.27005995663
319839,325799,330688,5960,4889,1,180000,2.21906320311
319839,326149,348105,6310,21956,1,180000,1.28739296775
319840,327628,339244,7788,11616,1,180000,1.67045454545
319840,328103,338550,8263,10447,1,180000,1.79094476883
319840,327246,339726,7406,12480,1,180000,1.59342948718
319840,327677,334921,7837,7244,1,180000,2.08186085036
319841,329113,349832,9272,20719,1,180000,1.44751194556
319841,329099,340995,9258,11896,1,180000,1.77824478816
319841,328639,336424,8798,7785,1,180000,2.13012202954
319841,329118,353588,9277,24470,1,180000,1.37911728647
319841,329107,339393,9266,10286,1,180000,1.90083608789
319842,329134,338306,9292,9172,1,180000,2.01308329699
319842,329144,338339,9302,9195,1,180000,2.01163675911
319842,329139,355006,9297,25867,1,180000,1.35941547145
319842,329123,337067,9281,7944,1,180000,2.16830312185
319842,329129,358012,9287,28883,1,180000,1.32153862133
319843,329173,340248,9330,11075,1,180000,1.84243792325
319843,329168,335909,9325,6741,1,180000,2.38332591604
319843,329163,334707,9320,5544,1,180000,2.6810966811
319843,329152,339048,9309,9896,1,180000,1.94068310428
319843,329158,340145,9315,10987,1,180000,1.84782015109
319844,330699,337543,10855,6844,1,180000,2.58606078317
319844,329270,335568,9426,6298,1,180000,2.49666560813
319844,329275,334037,9431,4762,1,180000,2.98047039059
319844,330851,340922,11007,10071,1,180000,2.09294012511
319844,329326,337531,9482,8205,1,180000,2.15563680683
319844,329577,337710,9733,8133,1,180000,2.19672937415
319845,331435,339510,11590,8075,1,180000,2.43529411765
319845,332095,341856,12250,9761,1,180000,2.25499436533
319845,331819,335463,11974,3644,1,180000,4.28594950604
319845,331070,335243,11225,4173,1,180000,3.68991133477
319846,332667,372512,12821,39845,1,180000,1.32177186598
319846,333810,348449,13964,14639,1,180000,1.95389029305
319846,332247,349486,12401,17239,1,180000,1.7193572713
319846,333693,344058,13847,10365,1,180000,2.33593825374
319847,334446,347713,14599,13267,1,180000,2.10039948745
319847,334497,355919,14650,21422,1,180000,1.68387638876
319847,334502,356843,14655,22341,1,180000,1.65596884652
319847,334048,349514,14201,15466,1,180000,1.91820768137
319847,334491,348983,14644,14492,1,180000,2.0104885454
319848,334719,348247,14871,13528,1,180000,2.09927557658
319848,334507,348506,14659,13999,1,180000,2.04714622473
319848,334681,343862,14833,9181,1,180000,2.61561921359
319849,335065,343626,15216,8561,1,180000,2.77736245766
319849,335111,340711,15262,5600,1,180000,3.72535714286
319849,334932,351842,15083,16910,1,180000,1.89195742164
319849,335215,340321,15366,5106,1,180000,4.00940070505
319850,335819,339262,15969,3443,1,180000,5.63810630264
319850,335545,340663,15695,5118,1,180000,4.0666275889
319850,335474,343790,15624,8316,1,180000,2.87878787879
319850,335580,341166,15730,5586,1,180000,3.81596849266
319850,335254,340462,15404,5208,1,180000,3.95775729647
319851,335921,340782,16070,4861,1,180000,4.30590413495
319851,336535,359424,16684,22889,1,180000,1.72890908297
319851,336438,359161,16587,22723,1,180000,1.72996523346
319851,336530,342936,16679,6406,1,180000,3.60365282548
319876,321618,324301,1742,2683,2,36000,1.64927320164
319879,321665,325549,1786,3884,2,36000,1.45983522142
319896,322174,324909,2278,2735,2,36000,1.83290676417
319974,322202,325404,2228,3202,2,36000,1.69581511555
319976,322282,326455,2306,4173,2,36000,1.55260004793
320120,320126,322995,6,2869,2,36000,1.00209132102
320141,320152,322890,11,2738,2,36000,1.00401753104
320222,322318,324580,2096,2262,2,36000,1.92661361627
320281,320289,323092,8,2803,2,36000,1.00285408491
320310,322382,325688,2072,3306,2,36000,1.62673926195
320405,320423,323322,18,2899,2,36000,1.0062090376
320421,320675,323433,254,2758,2,36000,1.09209572154
320567,320573,320601,6,28,2,7200,1.21428571429
320670,320690,323429,20,2739,2,36000,1.00730193501
320690,320696,323443,6,2747,2,36000,1.00218420095
320691,320718,323585,27,2867,2,36000,1.00941750959
320710,320729,323470,19,2741,2,36000,1.00693177672
320727,320735,323566,8,2831,2,36000,1.00282585659
320728,322735,325092,2007,2357,2,36000,1.85150615189
320754,320766,323490,12,2724,2,36000,1.00440528634
320776,320793,323445,17,2652,2,36000,1.00641025641
320778,320799,323605,21,2806,2,36000,1.00748396294
320779,320814,323589,35,2775,2,36000,1.01261261261
320794,323081,325512,2287,2431,2,36000,1.94076511724
320795,320820,323580,25,2760,2,36000,1.00905797101
320816,320850,323800,34,2950,2,36000,1.01152542373
320819,320857,323650,38,2793,2,36000,1.01360544218
320840,321108,323919,268,2811,2,36000,1.09533973675
320857,321114,323870,257,2756,2,36000,1.09325108853
321028,321034,321656,6,622,2,7200,1.00964630225
321103,321221,323999,118,2778,2,36000,1.04247660187
321106,323093,327777,1987,4684,2,36000,1.42421007686
321224,323276,326294,2052,3018,2,36000,1.67992047714
321304,323377,327139,2073,3762,2,36000,1.55103668262
321334,336552,336555,15218,3,1,180000,1522.1
321334,336546,336554,15212,8,1,180000,1522.0
321334,336541,336547,15207,6,1,180000,1521.3
321335,336557,336564,15222,7,1,180000,1522.9
321335,336569,373081,15234,36512,1,180000,1.41723269062
321335,336563,336571,15228,8,1,180000,1523.6
321335,336579,352569,15244,15990,1,180000,1.95334584115
321335,336585,347096,15250,10511,1,180000,2.45086100276
321335,336574,361274,15239,24700,1,180000,1.61696356275
321336,336590,363724,15254,27134,1,180000,1.56217291958
321336,336617,369973,15281,33356,1,180000,1.45811847943
321336,336606,368112,15270,31506,1,180000,1.48466958675
321336,336600,357614,15264,21014,1,180000,1.72637289426
321336,336611,362614,15275,26003,1,180000,1.58743221936
321336,336595,358054,15259,21459,1,180000,1.71107693742
321337,336622,363837,15285,27215,1,180000,1.56163880213
321337,336632,352328,15295,15696,1,180000,1.9744520897
321337,336649,351694,15312,15045,1,180000,2.01774675972
321337,336627,357362,15290,20735,1,180000,1.7374005305
321337,336643,342655,15306,6012,1,180000,3.54590818363
321337,336638,356645,15301,20007,1,180000,1.76478232619
321338,336686,345119,15348,8433,1,180000,2.81999288509
321338,336665,354143,15327,17478,1,180000,1.87693099897
321338,336670,345021,15332,8351,1,180000,2.83594779068
321338,336681,345325,15343,8644,1,180000,2.77498843128
321338,336654,346869,15316,10215,1,180000,2.49936368086
321338,336676,346780,15338,10104,1,180000,2.51801266825
321338,336660,368135,15322,31475,1,180000,1.48679904686
321339,336692,341573,15353,4881,1,180000,4.14546199549
321339,336713,344046,15374,7333,1,180000,3.09654984317
321339,336697,347295,15358,10598,1,180000,2.44914134742
321339,336702,341520,15363,4818,1,180000,4.18866749689
321339,336718,350784,15379,14066,1,180000,2.09334565619
321339,336708,346773,15369,10065,1,180000,2.52697466468
321340,336745,336747,15405,2,1,180000,1540.7
321340,336734,336736,15394,2,1,180000,1539.6
321340,336724,355920,15384,19196,1,180000,1.80141696187
321340,336729,345292,15389,8563,1,180000,2.79715053136
321340,336739,336741,15399,2,1,180000,1540.1
321341,336761,336767,15420,6,1,180000,1542.6
321341,336755,336762,15414,7,1,180000,1542.1
321341,336771,336778,15430,7,1,180000,1543.7
321341,336777,336784,15436,7,1,180000,1544.3
321341,336750,336755,15409,5,1,180000,1541.4
321341,323412,326008,2071,2596,2,36000,1.79776579353
321341,336766,336773,15425,7,1,180000,1543.2
321342,336782,336789,15440,7,1,180000,1544.7
321342,336804,361403,15462,24599,1,180000,1.62856213667
321342,336787,362764,15445,25977,1,180000,1.59456442237
321342,336799,352745,15457,15946,1,180000,1.96933400226
321342,336809,365837,15467,29028,1,180000,1.53283037068
321342,336793,349031,15451,12238,1,180000,2.26254289917
321343,336825,349397,15482,12572,1,180000,2.23146675151
321343,336830,357050,15487,20220,1,180000,1.7659248269
321343,336841,351287,15498,14446,1,180000,2.07282292676
321343,336814,374552,15471,37738,1,180000,1.40995813239
321343,336820,372165,15477,35345,1,180000,1.43788371764
321343,336836,363290,15493,26454,1,180000,1.58565812354
321344,336857,341949,15513,5092,1,180000,4.0465435978
321344,336846,343963,15502,7117,1,180000,3.17816495714
321344,336852,347438,15508,10586,1,180000,2.46495371245
321344,336868,360358,15524,23490,1,180000,1.66087696892
321344,336862,343406,15518,6544,1,180000,3.37133251834
321344,336873,352887,15529,16014,1,180000,1.96971400025
321345,336900,351952,15555,15052,1,180000,2.03341748605
321345,336907,345596,15562,8689,1,180000,2.79100011509
321345,336878,347474,15533,10596,1,180000,2.46593053983
321345,336884,340182,15539,3298,1,180000,5.71164342025
321345,336889,344859,15544,7970,1,180000,2.95031367629
321345,336894,343480,15549,6586,1,180000,3.36091709687
321346,336933,347596,15587,10663,1,180000,2.46178373816
321346,336928,347560,15582,10632,1,180000,2.46557562077
321346,336923,344513,15577,7590,1,180000,3.05230566535
321346,336917,353656,15571,16739,1,180000,1.93022283291
321346,336912,341871,15566,4959,1,180000,4.13893930228
321347,336944,342570,15597,5626,1,180000,3.7723071454
321347,336959,336962,15612,3,1,180000,1561.5
321347,336949,365796,15602,28847,1,180000,1.5408534683
321347,336954,336956,15607,2,1,180000,1560.9
321347,336965,336966,15618,1,1,180000,1561.9
321347,336939,343184,15592,6245,1,180000,3.4967173739
321348,337008,337009,15660,1,1,180000,1566.1
321348,337003,337004,15655,1,1,180000,1565.6
321348,336980,336982,15632,2,1,180000,1563.4
321348,336975,336977,15627,2,1,180000,1562.9
321348,336970,336971,15622,1,1,180000,1562.3
321348,337013,337015,15665,2,1,180000,1566.7
321349,337041,345138,15692,8097,1,180000,2.93800172904
321349,337023,355036,15674,18013,1,180000,1.87014933659
321349,337046,348490,15697,11444,1,180000,2.37163579168
321349,337018,337020,15669,2,1,180000,1567.1
321349,337028,360480,15679,23452,1,180000,1.6685570527
321349,337035,356418,15686,19383,1,180000,1.80926585152
321350,337078,367836,15728,30758,1,180000,1.51134664152
321350,337554,357727,16204,20173,1,180000,1.80325187131
321350,337543,343510,16193,5967,1,180000,3.71375900788
321350,337726,367373,16376,29647,1,180000,1.55236617533
321350,337051,372315,15701,35264,1,180000,1.44524160617
321351,339273,343315,17922,4042,1,180000,5.43394359228
321351,341042,356807,19691,15765,1,180000,2.2490326673
321351,341031,350675,19680,9644,1,180000,3.04064703443
321351,339737,353192,18386,13455,1,180000,2.36648086213
321351,337814,355397,16463,17583,1,180000,1.93630210999
321351,341036,346413,19685,5377,1,180000,4.66096336247
321352,341047,353659,19695,12612,1,180000,2.56160799239
321352,341058,345006,19706,3948,1,180000,5.99138804458
321352,341063,347753,19711,6690,1,180000,3.94633781764
321352,341074,351992,19722,10918,1,180000,2.80637479392
321352,341068,348505,19716,7437,1,180000,3.65106897943
321352,341052,351483,19700,10431,1,180000,2.88860128463
321353,341079,344794,19726,3715,1,180000,6.30982503365
321353,341095,350467,19742,9372,1,180000,3.1064874093
321353,341084,348884,19731,7800,1,180000,3.52961538462
321353,341100,350943,19747,9843,1,180000,3.00619729757
321353,341090,350853,19737,9763,1,180000,3.02161220936
321354,341105,348922,19751,7817,1,180000,3.52667263656
321354,341148,341154,19794,6,1,180000,1980.0
321354,341116,360034,19762,18918,1,180000,2.04461359552
321354,341111,360107,19757,18996,1,180000,2.04006106549
321354,341121,353543,19767,12422,1,180000,2.5912896474
321354,341127,341133,19773,6,1,180000,1977.9
321355,341165,341167,19810,2,1,180000,1981.2
321355,341187,341193,19832,6,1,180000,1983.8
321355,341192,341193,19837,1,1,180000,1983.8
321391,323440,326649,2049,3209,2,36000,1.63851667186
321425,323592,327108,2167,3516,2,36000,1.61632536974
321569,323616,326417,2047,2801,2,36000,1.73081042485
321601,324268,326990,2667,2722,2,36000,1.97979426892
321622,324312,328937,2690,4625,2,36000,1.58162162162
321659,324592,326950,2933,2358,2,36000,2.24385072095
321713,324651,329063,2938,4412,2,36000,1.66591115141
321795,321802,322083,7,281,2,7200,1.02491103203
322116,322580,322603,464,23,3,86400,21.1739130435
322168,324921,328751,2753,3830,2,36000,1.71879895561
322170,324927,327769,2757,2842,2,36000,1.97009148487
322203,324958,327383,2755,2425,2,36000,2.13608247423
322203,322209,322262,6,53,2,3600,1.11320754717
322279,325103,328457,2824,3354,2,36000,1.8419797257
322315,325416,327660,3101,2244,2,36000,2.38190730838
322379,325524,327794,3145,2270,2,36000,2.38546255507
322556,322562,322563,6,1,2,3600,1.0
322568,325561,328613,2993,3052,2,36000,1.98066841415
322766,325699,328151,2933,2452,2,36000,2.19616639478
322772,341209,346275,18437,5066,1,180000,4.63936044216
322772,341204,347433,18432,6229,1,180000,3.95906244983
322773,341531,344808,18758,3277,1,180000,6.72413793103
322773,341867,352402,19094,10535,1,180000,2.81243474134
322773,341883,354959,19110,13076,1,180000,2.46145610278
322773,341584,350680,18811,9096,1,180000,3.06805189094
322773,342581,361939,19808,19358,1,180000,2.02324620312
322773,341961,346679,19188,4718,1,180000,5.06697753285
322774,343195,357449,20421,14254,1,180000,2.43265048407
322774,343417,350968,20643,7551,1,180000,3.73381009138
322774,342667,350267,19893,7600,1,180000,3.6175
322774,342948,367635,20174,24687,1,180000,1.81719123425
322774,343327,349214,20553,5887,1,180000,4.49125191099
322774,343492,349587,20718,6095,1,180000,4.39917965546
322775,343802,346791,21027,2989,1,180000,8.03479424557
322775,343638,352238,20863,8600,1,180000,3.42593023256
322775,344057,349900,21282,5843,1,180000,4.64230703406
322775,343521,348825,20746,5304,1,180000,4.91138763198
322775,343975,353208,21200,9233,1,180000,3.29611177299
322775,343873,350809,21098,6936,1,180000,4.04181084198
322776,345017,349426,22241,4409,1,180000,6.04445452484
322776,344805,352858,22029,8053,1,180000,3.73550229728
322776,344871,350068,22095,5197,1,180000,5.25149124495
322776,344524,348048,21748,3524,1,180000,7.17139614075
322776,344820,347911,22044,3091,1,180000,8.13167259786
322776,344069,348256,21293,4187,1,180000,6.0855027466
322777,345337,356122,22560,10785,1,180000,3.09179415855
322777,345149,347028,22372,1879,1,180000,12.9063331559
322777,345033,352829,22256,7796,1,180000,3.85479733197
322777,345303,350687,22526,5384,1,180000,5.1838781575
322777,345130,350961,22353,5831,1,180000,4.83347624764
322778,346785,355843,24007,9058,1,180000,3.65036431883
322778,346424,351674,23646,5250,1,180000,5.504
322778,346690,353101,23912,6411,1,180000,4.72983933864
322778,346792,360698,24014,13906,1,180000,2.72688048324
322778,345607,348947,22829,3340,1,180000,7.83502994012
322778,346288,350220,23510,3932,1,180000,6.97914547304
322779,347444,385420,24665,37976,1,180000,1.64948915104
322779,347107,380703,24328,33596,1,180000,1.72413382546
322779,347039,370036,24260,22997,1,180000,2.05492020698
322779,347307,352735,24528,5428,1,180000,5.51879145173
322779,346880,366141,24101,19261,1,180000,2.25128498001
322779,346802,349531,24023,2729,1,180000,9.80285818981
322780,347725,350689,24945,2964,1,180000,9.41599190283
322780,347450,355968,24670,8518,1,180000,3.8962197699
322780,347571,352745,24791,5174,1,180000,5.79145728643
322780,347485,359012,24705,11527,1,180000,3.14322894075
322780,347764,355581,24984,7817,1,180000,4.19611104004
322780,347608,356113,24828,8505,1,180000,3.91922398589
322781,348267,353144,25486,4877,1,180000,6.22575353701
322781,348116,353685,25335,5569,1,180000,5.54929071647
322781,348059,351864,25278,3805,1,180000,7.64336399474
322781,348258,355840,25477,7582,1,180000,4.36019519916
322781,347922,351568,25141,3646,1,180000,7.89550191991
322782,348899,352753,26117,3854,1,180000,7.77659574468
322782,348460,352569,25678,4109,1,180000,7.2492090533
322782,348836,356667,26054,7831,1,180000,4.32703358447
322782,348517,352698,25735,4181,1,180000,7.15522602248
322782,348522,352719,25740,4197,1,180000,7.13295210865
322782,348501,351723,25719,3222,1,180000,8.98230912477
322783,349042,353030,26259,3988,1,180000,7.58450351053
322783,348933,352862,26150,3929,1,180000,7.65563756681
322783,348995,386900,26212,37905,1,180000,1.69151826936
322783,349408,354051,26625,4643,1,180000,6.73443894034
322783,349226,351717,26443,2491,1,180000,11.6154154958
322783,348958,352097,26175,3139,1,180000,9.3386428799
322784,349598,365695,26814,16097,1,180000,2.6657762316
322784,349718,360512,26934,10794,1,180000,3.49527515286
322784,349497,367926,26713,18429,1,180000,2.44950892615
322784,349438,377146,26654,27708,1,180000,1.96196044464
322784,349542,357995,26758,8453,1,180000,4.16550337158
322784,349525,355505,26741,5980,1,180000,5.47173913043
322785,350278,355649,27493,5371,1,180000,6.11878607336
322785,349848,362448,27063,12600,1,180000,3.14785714286
322785,350080,356067,27295,5987,1,180000,5.55904459663
322785,349912,356379,27127,6467,1,180000,5.19468068656
322785,350232,357872,27447,7640,1,180000,4.59253926702
322785,350478,358283,27693,7805,1,180000,4.54811018578
322786,350704,376327,27918,25623,1,180000,2.08956796628
322786,350692,356533,27906,5841,1,180000,5.77760657422
322786,350698,357406,27912,6708,1,180000,5.16100178891
322786,350686,353689,27900,3003,1,180000,10.2907092907
322786,350795,355733,28009,4938,1,180000,6.6721344674
322787,351298,355749,28511,4451,1,180000,7.4055268479
322787,350983,358694,28196,7711,1,180000,4.65659447542
322787,350864,354852,28077,3988,1,180000,8.04037111334
322787,350972,354591,28185,3619,1,180000,8.78806300083
322787,350821,380751,28034,29930,1,180000,1.93665218844
322787,350955,354420,28168,3465,1,180000,9.12929292929
322788,351494,355675,28706,4181,1,180000,7.86582157379
322788,351579,353337,28791,1758,1,180000,17.3771331058
322788,351709,354301,28921,2592,1,180000,12.1577932099
322788,351685,356349,28897,4664,1,180000,7.19575471698
322891,322901,325729,10,2828,2,36000,1.00353606789
322999,323006,325849,7,2843,2,36000,1.00246218783
323086,325920,329333,2834,3413,2,36000,1.83035452681
323088,326305,329486,3217,3181,2,36000,2.01131719585
323097,323103,325909,6,2806,2,36000,1.00213827512
323236,325309,325413,2073,104,3,86400,20.9326923077
323274,326429,329335,3155,2906,2,36000,2.08568479009
323322,323333,326082,11,2749,2,36000,1.00400145507
323369,326467,328909,3098,2442,2,36000,2.26863226863
323414,326660,328929,3246,2269,2,36000,2.4305861613
323435,323446,326190,11,2744,2,36000,1.00400874636
323436,323454,326101,18,2647,2,36000,1.00680015111
323453,323460,326131,7,2671,2,36000,1.0026207413
323455,323481,326210,26,2729,2,36000,1.00952729938
323475,323501,326241,26,2740,2,36000,1.00948905109
323493,323551,326332,58,2781,2,36000,1.02085580726
323548,326825,331565,3277,4740,2,36000,1.69135021097
323565,323577,326426,12,2849,2,36000,1.00421200421
323587,323598,326377,11,2779,2,36000,1.00395825837
323589,323604,326331,15,2727,2,36000,1.00550055006
323612,323661,326514,49,2853,2,36000,1.01717490361
323613,323811,326566,198,2755,2,36000,1.07186932849
323651,323881,326814,230,2933,2,36000,1.07841800205
323805,323937,326706,132,2769,2,36000,1.04767063922
323874,323966,326735,92,2769,2,36000,1.03322499097
323921,323931,326673,10,2742,2,36000,1.00364697301
323932,327002,330874,3070,3872,2,36000,1.79287190083
323967,327119,329981,3152,2862,2,36000,2.10132774284
324003,324011,326798,8,2787,2,36000,1.00287047004
324083,353219,354359,29136,1140,1,180000,26.5578947368
324083,353207,354604,29124,1397,1,180000,21.8475304223
324083,354370,356262,30287,1892,1,180000,17.0079281184
324083,354382,357131,30299,2749,1,180000,12.0218261186
324083,353213,358781,29130,5568,1,180000,6.23168103448
324084,354486,357083,30402,2597,1,180000,12.7065845206
324084,354970,356814,30886,1844,1,180000,17.7494577007
324084,355022,357938,30938,2916,1,180000,11.609739369
324084,355094,357446,31010,2352,1,180000,14.1845238095
324084,354537,356605,30453,2068,1,180000,15.7258220503
324085,355456,356957,31371,1501,1,180000,21.9000666223
324085,351853,352632,27768,779,1,180000,36.6456996149
324085,351735,362955,27650,11220,1,180000,3.46434937611
324085,351876,354526,27791,2650,1,180000,11.4871698113
324085,351729,353348,27644,1619,1,180000,18.0747374923
324085,351966,353863,27881,1897,1,180000,15.6974169742
324086,352413,354264,28327,1851,1,180000,16.303619665
324086,352339,354049,28253,1710,1,180000,17.5222222222
324086,352003,353199,27917,1196,1,180000,24.3419732441
324086,352249,353862,28163,1613,1,180000,18.4600123993
324086,352109,353543,28023,1434,1,180000,20.5418410042
324087,352585,353835,28498,1250,1,180000,23.7984
324087,352580,354371,28493,1791,1,180000,16.9089893914
324087,352643,353712,28556,1069,1,180000,27.7128157156
324087,352746,353289,28659,543,1,180000,53.7790055249
324087,352709,359107,28622,6398,1,180000,5.47358549547
324087,352731,353348,28644,617,1,180000,47.4246353323
324088,352756,354475,28668,1719,1,180000,17.6771378709
324088,352761,355509,28673,2748,1,180000,11.4341339156
324088,352843,354835,28755,1992,1,180000,15.4352409639
324088,352869,356540,28781,3671,1,180000,8.84009806592
324088,352767,355255,28679,2488,1,180000,12.5269292605
324089,353155,359810,29066,6655,1,180000,5.3675432006
324089,353041,354453,28952,1412,1,180000,21.5042492918
324089,353112,356672,29023,3560,1,180000,9.15252808989
324089,352875,358113,28786,5238,1,180000,6.49560901107
324089,352899,356638,28810,3739,1,180000,8.70526878845
324090,353364,356041,29274,2677,1,180000,11.9353754202
324090,353359,357643,29269,4284,1,180000,7.83216619981
324090,353300,356225,29210,2925,1,180000,10.9863247863
324090,353348,357071,29258,3723,1,180000,8.85871608918
324091,353667,355111,29576,1444,1,180000,21.4819944598
324091,353559,354931,29468,1372,1,180000,22.4781341108
324091,353599,355544,29508,1945,1,180000,16.1712082262
324091,353554,355787,29463,2233,1,180000,14.1943573668
324091,353673,355170,29582,1497,1,180000,20.7608550434
324092,353723,355082,29631,1359,1,180000,22.8035320088
324092,353847,355319,29755,1472,1,180000,21.2139945652
324092,353702,355320,29610,1618,1,180000,19.3003708282
324092,353873,355439,29781,1566,1,180000,20.0172413793
324092,353696,355633,29604,1937,1,180000,16.2834279814
324093,354154,355555,30061,1401,1,180000,22.4568165596
324093,354279,355119,30186,840,1,180000,36.9357142857
324093,353878,355266,29785,1388,1,180000,22.4589337176
324093,354060,355011,29967,951,1,180000,32.5110410095
324093,354072,355687,29979,1615,1,180000,19.5628482972
324094,354432,361884,30338,7452,1,180000,5.07112184648
324094,354466,357159,30372,2693,1,180000,12.2781284812
324094,354602,356718,30508,2116,1,180000,15.4177693762
324094,354312,355311,30218,999,1,180000,31.2482482482
324095,354615,356803,30520,2188,1,180000,14.9488117002
324095,354847,358581,30752,3734,1,180000,9.23567220139
324096,355027,356485,30931,1458,1,180000,22.2146776406
324096,354943,371020,30847,16077,1,180000,2.91870373826
324096,355122,359011,31026,3889,1,180000,8.9778863461
324096,354863,358995,30767,4132,1,180000,8.44603097773
324096,355047,359271,30951,4224,1,180000,8.32741477273
324097,355322,361615,31225,6293,1,180000,5.96186238678
324097,355277,371289,31180,16012,1,180000,2.94728953285
324097,355182,362595,31085,7413,1,180000,5.19330905167
324097,355130,358763,31033,3633,1,180000,9.5419763281
324097,355266,358305,31169,3039,1,180000,11.2563343205
324098,355330,366028,31232,10698,1,180000,3.91942419144
324098,355408,357362,31310,1954,1,180000,17.0235414534
324098,355336,356944,31238,1608,1,180000,20.4266169154
324099,355592,357278,31493,1686,1,180000,19.6791221827
324099,355516,356926,31417,1410,1,180000,23.2815602837
324099,355522,357254,31423,1732,1,180000,19.1426096998
324100,355687,357964,31587,2277,1,180000,14.8722002635
324100,355644,357634,31544,1990,1,180000,16.8512562814
324100,355567,357658,31467,2091,1,180000,16.0487804878
324100,355555,357151,31455,1596,1,180000,20.7086466165
324101,355660,356787,31559,1127,1,180000,29.0026619343
324101,355744,358713,31643,2969,1,180000,11.6577972381
324101,355698,356489,31597,791,1,180000,40.9456384324
324102,355801,357039,31699,1238,1,180000,26.6050080775
324102,355760,356669,31658,909,1,180000,35.8272827283
324102,355930,357564,31828,1634,1,180000,20.4785801714
324102,355857,357905,31755,2048,1,180000,16.5053710938
324102,355851,357810,31749,1959,1,180000,17.2067381317
324264,327154,330923,2890,3769,2,36000,1.76678163969
324305,327395,329730,3090,2335,2,36000,2.32334047109
324598,327671,330382,3073,2711,2,36000,2.13353006271
324659,327781,332662,3122,4881,2,36000,1.63962302807
324923,327789,331062,2866,3273,2,36000,1.87564925145
324924,327805,332626,2881,4821,2,36000,1.59759386019
324956,328162,330798,3206,2636,2,36000,2.21623672231
325145,328478,330965,3333,2487,2,36000,2.34016887817
325414,328484,332889,3070,4405,2,36000,1.69693530079
325521,328699,331333,3178,2634,2,36000,2.20652999241
325551,328791,332702,3240,3911,2,36000,1.82843262593
325697,328940,332980,3243,4040,2,36000,1.80272277228
325730,325740,328464,10,2724,2,36000,1.00367107195
325852,325861,328556,9,2695,2,36000,1.00333951763
325915,326019,328676,104,2657,2,36000,1.03914188935
326012,328949,332087,2937,3138,2,36000,1.93594646272
326082,326094,328850,12,2756,2,36000,1.00435413643
326103,326112,328772,9,2660,2,36000,1.00338345865
326132,326142,328780,10,2638,2,36000,1.00379075057
326195,326202,328872,7,2670,2,36000,1.00262172285
326214,326221,328939,7,2718,2,36000,1.00257542311
326246,326251,328962,5,2711,2,36000,1.00184433788
326310,328973,333770,2663,4797,2,36000,1.55513862831
326336,326342,328997,6,2655,2,36000,1.00225988701
326337,326348,329012,11,2664,2,36000,1.00412912913
326380,326389,329226,9,2837,2,36000,1.00317236517
326420,329345,332602,2925,3257,2,36000,1.89806570464
326426,326437,329169,11,2732,2,36000,1.00402635432
326467,329351,334457,2884,5106,2,36000,1.56482569526
326515,326525,329294,10,2769,2,36000,1.00361141206
326568,326577,329328,9,2751,2,36000,1.00327153762
326666,329498,332034,2832,2536,2,36000,2.1167192429
326678,326685,329452,7,2767,2,36000,1.00252981568
326709,326717,329497,8,2780,2,36000,1.00287769784
326739,326746,329548,7,2802,2,36000,1.00249821556
326804,326810,329489,6,2679,2,36000,1.00223964166
326820,326962,329578,142,2616,2,36000,1.05428134557
326950,329510,331785,2560,2275,2,36000,2.12527472527
326994,329993,334858,2999,4865,2,36000,1.61644398767
327119,330393,333985,3274,3592,2,36000,1.91146993318
327142,330810,333806,3668,2996,2,36000,2.22429906542
327392,330886,335896,3494,5010,2,36000,1.69740518962
327670,330935,333488,3265,2553,2,36000,2.27888758324
327786,330977,333656,3191,2679,2,36000,2.19111608809
327787,331076,333805,3289,2729,2,36000,2.2052033712
327813,331264,334182,3451,2918,2,36000,2.18265935572
328156,331507,335852,3351,4345,2,36000,1.77123130035
328479,328567,331253,88,2686,2,36000,1.03276247208
328483,331763,334401,3280,2638,2,36000,2.2433661865
328560,328624,331403,64,2779,2,36000,1.02302986686
328620,332046,334308,3426,2262,2,36000,2.51458885942
328699,328762,331636,63,2874,2,36000,1.02192066806
328764,332101,335660,3337,3559,2,36000,1.93762292779
328772,328784,331496,12,2712,2,36000,1.00442477876
328789,328861,331505,72,2644,2,36000,1.02723146747
328851,328884,331579,33,2695,2,36000,1.01224489796
328878,328921,331671,43,2750,2,36000,1.01563636364
328923,332107,335700,3184,3593,2,36000,1.88616754801
328945,328955,332018,10,3063,2,36000,1.0032647731
328949,332637,337440,3688,4803,2,36000,1.76785342494
328950,332673,337703,3723,5030,2,36000,1.74015904573
328969,329009,331754,40,2745,2,36000,1.014571949
329003,329023,331843,20,2820,2,36000,1.00709219858
329018,329074,331752,56,2678,2,36000,1.02091112771
329074,332714,337456,3640,4742,2,36000,1.76760860396
329169,329180,332420,11,3240,2,36000,1.00339506173
329230,329237,331954,7,2717,2,36000,1.002576371
329298,329305,332171,7,2866,2,36000,1.00244242847
329329,329339,332095,10,2756,2,36000,1.00362844702
329335,332902,336769,3567,3867,2,36000,1.92242048099
329337,332991,337714,3654,4723,2,36000,1.77366080881
329454,329463,332650,9,3187,2,36000,1.00282397239
329494,329504,332293,10,2789,2,36000,1.00358551452
329503,333498,335776,3995,2278,2,36000,2.75373134328
329509,329559,332311,50,2752,2,36000,1.01816860465
329555,329589,332520,34,2931,2,36000,1.01160013647
329583,329742,332577,159,2835,2,36000,1.05608465608
329747,333667,338497,3920,4830,2,36000,1.8115942029
329990,333781,337421,3791,3640,2,36000,2.04148351648
330401,333816,336215,3415,2399,2,36000,2.42350979575
330821,333822,336214,3001,2392,2,36000,2.25459866221
330878,333996,336421,3118,2425,2,36000,2.28577319588
330935,334193,336887,3258,2694,2,36000,2.20935412027
330985,334294,339255,3309,4961,2,36000,1.66700262044
331067,334412,339125,3345,4713,2,36000,1.70973901973
331263,331356,334086,93,2730,2,36000,1.03406593407
331396,334469,338086,3073,3617,2,36000,1.84959911529
331405,331414,334281,9,2867,2,36000,1.00313916986
331503,331516,334277,13,2761,2,36000,1.00470843897
331519,331576,334244,57,2668,2,36000,1.02136431784
331583,331590,334411,7,2821,2,36000,1.00248138958
331586,334771,337177,3185,2406,2,36000,2.32377389859
331635,331647,334515,12,2868,2,36000,1.00418410042
331677,331682,334561,5,2879,2,36000,1.00173671414
331758,331769,334429,11,2660,2,36000,1.00413533835
331759,331796,334528,37,2732,2,36000,1.0135431918
331788,334989,339839,3201,4850,2,36000,1.66
331847,331854,334634,7,2780,2,36000,1.00251798561
331956,331966,334754,10,2788,2,36000,1.00358680057
332017,332029,334759,12,2730,2,36000,1.0043956044
332058,335711,338400,3653,2689,2,36000,2.35849758274
332098,335787,338109,3689,2322,2,36000,2.5887166236
332102,332182,334971,80,2789,2,36000,1.02868411617
332175,332305,335222,130,2917,2,36000,1.04456633528
332297,332322,334977,25,2655,2,36000,1.00941619586
332317,332432,335193,115,2761,2,36000,1.04165157552
332372,332379,332381,7,2,2,3540,1.0
332422,332531,335254,109,2723,2,36000,1.04002937936
332524,332588,335360,64,2772,2,36000,1.02308802309
332580,332613,335352,33,2739,2,36000,1.01204819277
332604,335863,338465,3259,2602,2,36000,2.2524980784
332631,335908,338700,3277,2792,2,36000,2.17371060172
332653,332661,335349,8,2688,2,36000,1.00297619048
332667,336225,338366,3558,2141,2,36000,2.66184026156
332719,336231,338348,3512,2117,2,36000,2.65895134624
332923,336432,338757,3509,2325,2,36000,2.50924731183
333005,336986,339607,3981,2621,2,36000,2.5188859214
333502,336991,339908,3489,2917,2,36000,2.19609187521
333668,337128,339354,3460,2226,2,36000,2.55435759209
333780,337433,339889,3653,2456,2,36000,2.48737785016
333806,337451,342246,3645,4795,2,36000,1.76016684046
333807,337467,340274,3660,2807,2,36000,2.30388314927
333986,337505,339968,3519,2463,2,36000,2.4287454324
334101,334106,337079,5,2973,2,36000,1.00168180289
334188,337731,340285,3543,2554,2,36000,2.38723570869
334249,334255,337296,6,3041,2,36000,1.00197303519
334279,334288,336983,9,2695,2,36000,1.00333951763
334295,334319,337117,24,2798,2,36000,1.0085775554
334308,337955,340217,3647,2262,2,36000,2.61229000884
334404,338121,340464,3717,2343,2,36000,2.58642765685
334410,334422,337105,12,2683,2,36000,1.00447260529
334428,334440,337215,12,2775,2,36000,1.00432432432
334456,338172,342099,3716,3927,2,36000,1.94626941686
334516,334527,337387,11,2860,2,36000,1.00384615385
334531,334539,337523,8,2984,2,36000,1.00268096515
334565,334573,337332,8,2759,2,36000,1.0028996013
334638,334645,337268,7,2623,2,36000,1.00266869996
334753,334765,337816,12,3051,2,36000,1.00393313668
334771,334869,337494,98,2625,2,36000,1.03733333333
334860,338377,340592,3517,2215,2,36000,2.58781038375
334973,334982,337708,9,2726,2,36000,1.00330154072
334991,335204,337943,213,2739,2,36000,1.07776560789
335193,335234,337949,41,2715,2,36000,1.01510128913
335223,335265,337997,42,2732,2,36000,1.01537335286
335254,335360,338161,106,2801,2,36000,1.03784362728
335359,335366,338126,7,2760,2,36000,1.00253623188
335360,335372,338147,12,2775,2,36000,1.00432432432
335376,335671,338380,295,2709,2,36000,1.10889627169
335666,338412,343679,2746,5267,2,36000,1.52135940763
335716,338476,340759,2760,2283,2,36000,2.20893561104
335779,338508,341417,2729,2909,2,36000,1.93812306635
335867,338712,342339,2845,3627,2,36000,1.78439481665
335898,338769,342169,2871,3400,2,36000,1.84441176471
336237,339136,342299,2899,3163,2,36000,1.91653493519
336239,339267,342135,3028,2868,2,36000,2.05578800558
336437,339366,342179,2929,2813,2,36000,2.0412371134
336786,339618,344250,2832,4632,2,36000,1.61139896373
336902,339809,342560,2907,2751,2,36000,2.05670665213
336988,336997,339953,9,2956,2,36000,1.00304465494
337081,337091,339791,10,2700,2,36000,1.0037037037
337110,337116,339824,6,2708,2,36000,1.00221565731
337128,337188,339967,60,2779,2,36000,1.02159050018
337186,339900,343951,2714,4051,2,36000,1.66995803505
337218,337226,339895,8,2669,2,36000,1.00299737729
337268,337279,340027,11,2748,2,36000,1.00400291121
337301,337307,340046,6,2739,2,36000,1.0021905805
337336,337343,340103,7,2760,2,36000,1.00253623188
337390,337398,340169,8,2771,2,36000,1.00288704439
337441,339969,344959,2528,4990,2,36000,1.50661322645
337443,339978,342457,2535,2479,2,36000,2.02258975393
337465,340228,342910,2763,2682,2,36000,2.03020134228
337502,337535,340240,33,2705,2,36000,1.01219963031
337523,337714,340561,191,2847,2,36000,1.06708816298
337713,340285,342626,2572,2341,2,36000,2.09867577958
337714,337720,340604,6,2884,2,36000,1.00208044383
337733,340296,345076,2563,4780,2,36000,1.53619246862
337818,337827,340467,9,2640,2,36000,1.00340909091
337913,341132,341156,3219,24,3,86400,135.125
337951,337961,340899,10,2938,2,36000,1.00340367597
337953,338008,341049,55,3041,2,36000,1.01808615587
337962,342775,379684,4813,36909,70,43199,1.13040179902
338004,338097,341104,93,3007,2,36000,1.03092783505
338105,340475,343806,2370,3331,2,36000,1.71149804863
338129,338137,340871,8,2734,2,36000,1.00292611558
338129,340605,345557,2476,4952,2,36000,1.5
338153,338158,340873,5,2715,2,36000,1.00184162063
338171,338360,341246,189,2886,2,36000,1.06548856549
338363,340771,345359,2408,4588,2,36000,1.52484742807
338383,341137,346038,2754,4901,2,36000,1.56192613752
338384,338391,341560,7,3169,2,36000,1.00220889871
338406,341142,343642,2736,2500,2,36000,2.0944
338477,341170,345950,2693,4780,2,36000,1.56338912134
338561,341180,343948,2619,2768,2,36000,1.94617052023
338712,341428,343776,2716,2348,2,36000,2.15672913118
338761,341571,344239,2810,2668,2,36000,2.05322338831
338843,338849,339525,6,676,1,3600,1.00887573964
339124,342146,346995,3022,4849,2,36000,1.62322128274
339257,342180,344952,2923,2772,2,36000,2.05447330447
339365,342190,344571,2825,2381,2,36000,2.18647627047
339611,342257,347099,2646,4842,2,36000,1.54646840149
339804,339836,342830,32,2994,2,36000,1.01068804275
339828,339851,342788,23,2937,2,36000,1.00783112019
339847,342310,344645,2463,2335,2,36000,2.05481798715
339899,339906,343055,7,3149,2,36000,1.00222292791
339911,342350,346996,2439,4646,2,36000,1.52496771416
339913,342468,347386,2555,4918,2,36000,1.51952013013
339959,339964,342700,5,2736,2,36000,1.00182748538
339972,342572,345075,2600,2503,2,36000,2.03875349581
339974,339985,342725,11,2740,2,36000,1.00401459854
340031,340038,342741,7,2703,2,36000,1.00258971513
340047,340057,343012,10,2955,2,36000,1.00338409475
340105,340114,342894,9,2780,2,36000,1.00323741007
340174,340180,342844,6,2664,2,36000,1.00225225225
340232,342637,345242,2405,2605,2,36000,1.92322456814
340245,340251,343254,6,3003,2,36000,1.001998002
340275,342921,347971,2646,5050,2,36000,1.52396039604
340299,343272,345627,2973,2355,2,36000,2.26242038217
340465,343653,348241,3188,4588,2,36000,1.69485614647
340471,340481,343364,10,2883,2,36000,1.00346860909
340567,340573,343259,6,2686,2,36000,1.00223380491
340604,343787,346206,3183,2419,2,36000,2.31583298884
340609,340615,343552,6,2937,2,36000,1.00204290092
340765,343817,346385,3052,2568,2,36000,2.18847352025
340876,340882,343672,6,2790,2,36000,1.00215053763
340878,340888,343646,10,2758,2,36000,1.00362581581
340900,340910,343738,10,2828,2,36000,1.00353606789
341052,341154,343840,102,2686,2,36000,1.03797468354
341110,341159,343889,49,2730,2,36000,1.01794871795
341248,341258,344380,10,3122,2,36000,1.00320307495
341429,343959,346531,2530,2572,2,36000,1.98367029549
341567,342111,345452,544,3341,2,36000,1.16282550135
342115,343965,348964,1850,4999,2,36000,1.3700740148
342135,344250,349185,2115,4935,2,36000,1.42857142857
342178,344261,347623,2083,3362,2,36000,1.61957168352
342179,344582,348876,2403,4294,2,36000,1.55961807173
342249,344656,347838,2407,3182,2,36000,1.756442489
342300,344963,349836,2663,4873,2,36000,1.54648060743
342340,344970,348541,2630,3571,2,36000,1.73648837861
342459,345086,348159,2627,3073,2,36000,1.85486495281
342568,345092,348283,2524,3191,2,36000,1.79097461611
342628,345254,348099,2626,2845,2,36000,1.9230228471
342703,342711,345488,8,2777,2,36000,1.00288080663
342727,342736,345715,9,2979,2,36000,1.00302114804
342741,342752,345490,11,2738,2,36000,1.00401753104
342789,342799,345673,10,2874,2,36000,1.00347947112
342834,342841,345690,7,2849,2,36000,1.00245700246
342849,342855,345869,6,3014,2,36000,1.00199071002
342894,342905,345746,11,2841,2,36000,1.0038718761
342909,345370,348465,2461,3095,2,36000,1.79515347334
343014,343023,346134,9,3111,2,36000,1.00289296046
343056,343067,346161,11,3094,2,36000,1.00355526826
343254,343266,346072,12,2806,2,36000,1.00427655025
343269,343375,346169,106,2794,2,36000,1.03793843951
343365,343564,346552,199,2988,2,36000,1.06659973226
343553,343659,346526,106,2867,2,36000,1.03697244506
343645,345569,349057,1924,3488,2,36000,1.55160550459
343647,343683,346508,36,2825,2,36000,1.01274336283
343673,343690,346519,17,2829,2,36000,1.00600919053
343679,345638,348120,1959,2482,2,36000,1.78928283642
343739,343749,346465,10,2716,2,36000,1.00368188513
343778,345961,348865,2183,2904,2,36000,1.75172176309
343809,346050,349648,2241,3598,2,36000,1.62284602557
343842,343851,346510,9,2659,2,36000,1.0033847311
343890,343900,346854,10,2954,2,36000,1.00338524035
343949,346180,350960,2231,4780,2,36000,1.46673640167
343950,346397,350215,2447,3818,2,36000,1.64091147197
344242,346531,351329,2289,4798,2,36000,1.47707378074
344257,346543,348888,2286,2345,2,36000,1.97484008529
344382,344391,347421,9,3030,2,36000,1.00297029703
344572,347012,349959,2440,2947,2,36000,1.82796063794
344646,347113,350208,2467,3095,2,36000,1.79709208401
344955,347398,351686,2443,4288,2,36000,1.56972947761
344970,347635,349902,2665,2267,2,36000,2.17556241729
345078,347849,350255,2771,2406,2,36000,2.15170407315
345079,347983,351948,2904,3965,2,36000,1.73240857503
345244,348110,350659,2866,2549,2,36000,2.1243624951
345362,348131,353189,2769,5058,2,36000,1.54744958482
345454,345464,348696,10,3232,2,36000,1.00309405941
345490,345499,348519,9,3020,2,36000,1.00298013245
345491,345505,349023,14,3518,2,36000,1.00397953383
345557,348170,353160,2613,4990,2,36000,1.52364729459
345629,348252,350490,2623,2238,2,36000,2.17202859696
345675,345685,349008,10,3323,2,36000,1.00300932892
345690,345701,349003,11,3302,2,36000,1.00333131435
345717,345726,348876,9,3150,2,36000,1.00285714286
345747,345757,348646,10,2889,2,36000,1.00346140533
345870,345880,348767,10,2887,2,36000,1.00346380326
345950,348294,350532,2344,2238,2,36000,2.04736371761
346039,348476,353314,2437,4838,2,36000,1.50372054568
346072,346083,348763,11,2680,2,36000,1.00410447761
346135,346145,349342,10,3197,2,36000,1.00312793244
346162,346173,349067,11,2894,2,36000,1.00380096752
346176,346217,349072,41,2855,2,36000,1.01436077058
346208,348552,350886,2344,2334,2,36000,2.00428449015
346388,348780,351658,2392,2878,2,36000,1.83113273106
346465,346476,349831,11,3355,2,36000,1.00327868852
346511,346519,349450,8,2931,2,36000,1.00272944388
346512,346525,349320,13,2795,2,36000,1.00465116279
346527,346537,349662,10,3125,2,36000,1.0032
346528,346563,349288,35,2725,2,36000,1.0128440367
346533,348876,351161,2343,2285,2,36000,2.02538293217
346552,346866,349579,314,2713,2,36000,1.11573903428
346853,347007,349747,154,2740,2,36000,1.05620437956
346998,348904,351330,1906,2426,2,36000,1.78565539984
346999,348976,353755,1977,4779,2,36000,1.41368487131
347101,349020,351550,1919,2530,2,36000,1.75849802372
347387,349084,351542,1697,2458,2,36000,1.69039869813
347421,347432,350217,11,2785,2,36000,1.0039497307
347626,349659,353248,2033,3589,2,36000,1.56645305099
347840,349853,354721,2013,4868,2,36000,1.4135168447
347972,349918,352942,1946,3024,2,36000,1.64351851852
348099,349970,352500,1871,2530,2,36000,1.7395256917
348120,350219,352826,2099,2607,2,36000,1.80514000767
348161,350237,352554,2076,2317,2,36000,1.89598618904
348241,350266,353453,2025,3187,2,36000,1.63539378726
348284,350502,354449,2218,3947,2,36000,1.56194578161
348465,350543,352785,2078,2242,2,36000,1.92685102587
348519,348530,351388,11,2858,2,36000,1.00384884535
348542,350671,354443,2129,3772,2,36000,1.56442205726
348648,348658,351604,10,2946,2,36000,1.00339443313
348700,348707,351327,7,2620,2,36000,1.00267175573
348766,348774,351810,8,3036,2,36000,1.00263504611
348781,348886,352311,105,3425,2,36000,1.03065693431
348865,350897,355986,2032,5089,2,36000,1.39929259186
348877,348893,351704,16,2811,2,36000,1.00569192458
348881,350977,355819,2096,4842,2,36000,1.43287897563
348896,351173,353766,2277,2593,2,36000,1.87813343617
348964,351344,356021,2380,4677,2,36000,1.50887320932
349003,349014,351859,11,2845,2,36000,1.00386643234
349017,349034,351692,17,2658,2,36000,1.00639578631
349032,349068,352029,36,2961,2,36000,1.01215805471
349058,351349,353969,2291,2620,2,36000,1.87442748092
349068,349078,351908,10,2830,2,36000,1.0035335689
349083,349196,351850,113,2654,2,36000,1.0425772419
349187,351553,354048,2366,2495,2,36000,1.94829659319
349288,349299,352584,11,3285,2,36000,1.00334855403
349321,349332,352031,11,2699,2,36000,1.00407558355
349342,349353,352678,11,3325,2,36000,1.00330827068
349450,349461,352529,11,3068,2,36000,1.00358539765
349579,349590,352465,11,2875,2,36000,1.00382608696
349646,351562,356218,1916,4656,2,36000,1.41151202749
349663,349674,352484,11,2810,2,36000,1.00391459075
349747,349758,352435,11,2677,2,36000,1.00410907733
349832,349842,353394,10,3552,2,36000,1.00281531532
349839,351669,356478,1830,4809,2,36000,1.38053649407
349904,351697,353949,1793,2252,2,36000,1.79618117229
349959,351715,355439,1756,3724,2,36000,1.47153598281
350210,352046,354400,1836,2354,2,36000,1.77994902294
350218,350226,353947,8,3721,2,36000,1.00214995969
350225,352566,355784,2341,3218,2,36000,1.72747047856
350256,352797,355669,2541,2872,2,36000,1.88474930362
350491,352837,356638,2346,3801,2,36000,1.61720599842
350534,352953,356292,2419,3339,2,36000,1.72446840371
350660,353171,355860,2511,2689,2,36000,1.93380438825
350885,353201,355710,2316,2509,2,36000,1.92307692308
350962,353259,357941,2297,4682,2,36000,1.49060230671
351162,353325,357342,2163,4017,2,36000,1.53846153846
351327,351338,354262,11,2924,2,36000,1.0037619699
351331,353464,357205,2133,3741,2,36000,1.57016840417
351332,353766,356376,2434,2610,2,36000,1.93256704981
351387,351399,354234,12,2835,2,36000,1.00423280423
351545,353777,356311,2232,2534,2,36000,1.88082083662
351560,353965,358772,2405,4807,2,36000,1.50031204493
351604,351615,354546,11,2931,2,36000,1.00375298533
351658,353980,358649,2322,4669,2,36000,1.49732276719
351686,354065,359219,2379,5154,2,36000,1.46158323632
351694,351703,354787,9,3084,2,36000,1.00291828794
351710,351821,354891,111,3070,2,36000,1.03615635179
351809,351861,354944,52,3083,2,36000,1.01686668829
351852,351870,354808,18,2938,2,36000,1.00612661675
351867,351919,354612,52,2693,2,36000,1.01930932046
351909,351960,355005,51,3045,2,36000,1.01674876847
351948,354411,357007,2463,2596,2,36000,1.94876733436
352030,352040,355369,10,3329,2,36000,1.00300390508
352045,352322,355755,277,3433,2,36000,1.08068744538
352310,352447,355434,137,2987,2,36000,1.04586541681
352434,352476,355597,42,3121,2,36000,1.01345722525
352467,352495,355333,28,2838,2,36000,1.00986610289
352485,352511,356062,26,3551,2,36000,1.00732188116
352502,354454,356778,1952,2324,2,36000,1.83993115318
352530,352541,355546,11,3005,2,36000,1.00366056572
352555,354460,356857,1905,2397,2,36000,1.79474342929
352584,352595,356427,11,3832,2,36000,1.00287056367
352678,352689,355371,11,2682,2,36000,1.00410141685
352786,354732,359513,1946,4781,2,36000,1.40702781845
352827,355386,358047,2559,2661,2,36000,1.96166854566
352944,355680,359063,2736,3383,2,36000,1.80874963051
353161,355721,360626,2560,4905,2,36000,1.52191641182
353192,355795,358071,2603,2276,2,36000,2.14367311072
353246,355830,358132,2584,2302,2,36000,2.12250217202
353313,355871,360842,2558,4971,2,36000,1.51458459063
353396,353405,356053,9,2648,2,36000,1.00339879154
353453,355979,358964,2526,2985,2,36000,1.84623115578
353759,355997,358585,2238,2588,2,36000,1.86476043277
353776,356032,360402,2256,4370,2,36000,1.51624713959
353950,353959,356700,9,2741,2,36000,1.00328347318
353951,356073,360838,2122,4765,2,36000,1.44533053515
353971,356079,360966,2108,4887,2,36000,1.43134847555
354049,356133,358545,2084,2412,2,36000,1.864013267
354233,354245,357178,12,2933,2,36000,1.00409137402
354263,354273,357409,10,3136,2,36000,1.00318877551
354402,356273,361194,1871,4921,2,36000,1.38020727494
354445,356303,359032,1858,2729,2,36000,1.68083547087
354460,356322,360365,1862,4043,2,36000,1.46054909721
354548,354557,357728,9,3171,2,36000,1.00283822138
354614,354623,357612,9,2989,2,36000,1.00301104048
354722,356387,360984,1665,4597,2,36000,1.36219273439
354788,354799,358089,11,3290,2,36000,1.00334346505
354809,354819,357453,10,2634,2,36000,1.00379650721
354890,354902,358221,12,3319,2,36000,1.00361554685
354944,354956,357714,12,2758,2,36000,1.00435097897
355005,355016,358216,11,3200,2,36000,1.0034375
355333,355344,358291,11,2947,2,36000,1.00373260943
355369,355380,358512,11,3132,2,36000,1.00351213282
355384,355445,358145,61,2700,2,36000,1.02259259259
355435,355451,358207,16,2756,2,36000,1.00580551524
355440,356393,361328,953,4935,2,36000,1.19311043566
355547,355561,358591,14,3030,2,36000,1.00462046205
355598,355609,358775,11,3166,2,36000,1.00347441567
355671,356489,359055,818,2566,2,36000,1.31878409977
355711,356496,358848,785,2352,2,36000,1.3337585034
355755,355766,358447,11,2681,2,36000,1.00410294666
355784,356544,359045,760,2501,2,36000,1.30387844862
355820,356616,361538,796,4922,2,36000,1.16172287688
355860,356649,361094,789,4445,2,36000,1.17750281215
355990,356656,359213,666,2557,2,36000,1.26046147829
356023,356681,361353,658,4672,2,36000,1.1408390411
356053,356064,358674,11,2610,2,36000,1.00421455939
356068,356229,359431,161,3202,2,36000,1.05028107433
356219,356729,359219,510,2490,2,36000,1.20481927711
356292,356790,361248,498,4458,2,36000,1.11170928668
356311,356814,361425,503,4611,2,36000,1.10908696595
356379,356825,359112,446,2287,2,36000,1.19501530389
356426,356438,359454,12,3016,2,36000,1.00397877984
356479,356869,361880,390,5011,2,36000,1.07782877669
356639,356937,359435,298,2498,2,36000,1.11929543635
356701,356711,359652,10,2941,2,36000,1.00340020401
356780,356968,359721,188,2753,2,36000,1.06828913912
356860,357019,361084,159,4065,2,36000,1.03911439114
357011,357061,359339,50,2278,2,36000,1.02194907814
357180,357189,360679,9,3490,2,36000,1.00257879656
357206,357212,361979,6,4767,2,36000,1.00125865324
357347,357353,362501,6,5148,2,36000,1.00116550117
357413,357419,360638,6,3219,2,36000,1.0018639329
357455,357461,360623,6,3162,2,36000,1.00189753321
357612,357618,360474,6,2856,2,36000,1.00210084034
357714,357721,361035,7,3314,2,36000,1.00211225106
357729,357735,360551,6,2816,2,36000,1.00213068182
357943,357949,363192,6,5243,2,36000,1.00114438299
358050,358056,360311,6,2255,2,36000,1.00266075388
358072,358078,361552,6,3474,2,36000,1.00172711572
358091,358098,361031,7,2933,2,36000,1.00238663484
358133,358139,361226,6,3087,2,36000,1.0019436346
358146,358152,361429,6,3277,2,36000,1.00183094294
358209,358216,361478,7,3262,2,36000,1.00214592275
358224,358230,361121,6,2891,2,36000,1.00207540643
358226,358236,361740,10,3504,2,36000,1.00285388128
358292,358298,361511,6,3213,2,36000,1.00186741363
358448,358454,362097,6,3643,2,36000,1.00164699424
358514,358520,361381,6,2861,2,36000,1.00209716882
358549,358555,362591,6,4036,2,36000,1.00148662042
358586,358592,361891,6,3299,2,36000,1.00181873295
358592,358598,361457,6,2859,2,36000,1.00209863589
358649,358656,361297,7,2641,2,36000,1.00265051117
358674,358680,361714,6,3034,2,36000,1.00197758734
358776,358787,363528,11,4741,2,36000,1.00232018561
358777,358782,361645,5,2863,2,36000,1.00174641984
358848,358854,361753,6,2899,2,36000,1.0020696792
358964,358970,361290,6,2320,2,36000,1.0025862069
359035,359041,361609,6,2568,2,36000,1.0023364486
359051,359057,361298,6,2241,2,36000,1.00267737617
359066,359072,364158,6,5086,2,36000,1.00117970901
359067,359078,361663,11,2585,2,36000,1.00425531915
359114,359120,361312,6,2192,2,36000,1.00273722628
359215,359222,364154,7,4932,2,36000,1.00141930251
359230,359237,363743,7,4506,2,36000,1.00155348424
359232,359243,361999,11,2756,2,36000,1.00399129173
359342,359348,363908,6,4560,2,36000,1.00131578947
359433,359439,362104,6,2665,2,36000,1.00225140713
359437,359445,364369,8,4924,2,36000,1.00162469537
359454,359460,362755,6,3295,2,36000,1.00182094082
359516,359523,361733,7,2210,2,36000,1.00316742081
359653,359659,362290,6,2631,2,36000,1.00228050171
359724,359730,362981,6,3251,2,36000,1.00184558597
360317,360324,365259,7,4935,2,36000,1.00141843972
360367,360373,364513,6,4140,2,36000,1.00144927536
360404,360410,365280,6,4870,2,36000,1.00123203285
360477,360483,363470,6,2987,2,36000,1.00200870439
360552,360558,363622,6,3064,2,36000,1.00195822454
360624,360630,364489,6,3859,2,36000,1.00155480694
360628,360636,364188,8,3552,2,36000,1.00225225225
360639,360645,363717,6,3072,2,36000,1.001953125
360682,360688,364115,6,3427,2,36000,1.00175080245
360842,360848,363196,6,2348,2,36000,1.00255536627
360857,360863,363252,6,2389,2,36000,1.00251151109
360967,360973,363506,6,2533,2,36000,1.00236873273
360982,360988,364528,6,3540,2,36000,1.00169491525
361035,361041,364134,6,3093,2,36000,1.00193986421
361036,361047,364816,11,3769,2,36000,1.00291854603
361081,361087,366072,6,4985,2,36000,1.00120361083
361096,361102,363412,6,2310,2,36000,1.0025974026
361124,361130,364299,6,3169,2,36000,1.00189334175
361195,361201,365230,6,4029,2,36000,1.00148920328
361226,361232,366087,6,4855,2,36000,1.00123583934
361247,361254,365517,7,4263,2,36000,1.00164203612
361291,361297,364297,6,3000,2,36000,1.002
361307,361313,364527,6,3214,2,36000,1.00186683261
361308,361319,364617,11,3298,2,36000,1.00333535476
361323,361329,366413,6,5084,2,36000,1.00118017309
361338,361344,366519,6,5175,2,36000,1.00115942029
361353,361359,363880,6,2521,2,36000,1.00238000793
361383,361389,364911,6,3522,2,36000,1.00170357751
361428,361434,364434,6,3000,2,36000,1.002
361431,361440,364502,9,3062,2,36000,1.00293925539
361458,361465,364863,7,3398,2,36000,1.00206003531
361479,361486,364601,7,3115,2,36000,1.00224719101
361512,361518,365067,6,3549,2,36000,1.00169061708
361541,361547,364977,6,3430,2,36000,1.00174927114
361556,361566,366429,10,4863,2,36000,1.00205634382
361611,361617,366857,6,5240,2,36000,1.00114503817
361648,361654,364934,6,3280,2,36000,1.00182926829
361664,361670,364301,6,2631,2,36000,1.00228050171
361717,361723,364735,6,3012,2,36000,1.00199203187
361733,361739,364004,6,2265,2,36000,1.00264900662
361741,361747,365033,6,3286,2,36000,1.00182592818
361752,361758,366402,6,4644,2,36000,1.00129198966
361883,361889,366786,6,4897,2,36000,1.00122523994
361898,361904,366814,6,4910,2,36000,1.00122199593
361979,361985,366751,6,4766,2,36000,1.00125891733
362002,362008,366946,6,4938,2,36000,1.00121506683
362100,362106,365666,6,3560,2,36000,1.00168539326
362114,362121,365367,7,3246,2,36000,1.00215650031
362292,362299,365123,7,2824,2,36000,1.00247875354
362506,362512,367142,6,4630,2,36000,1.00129589633
362593,362599,365683,6,3084,2,36000,1.00194552529
362757,362763,365697,6,2934,2,36000,1.00204498978
362982,362988,367882,6,4894,2,36000,1.00122599101
363192,363198,367904,6,4706,2,36000,1.00127496813
363207,363213,365828,6,2615,2,36000,1.00229445507
363254,363260,365723,6,2463,2,36000,1.00243605359
363412,363419,366073,7,2654,2,36000,1.00263752826
363470,363476,366423,6,2947,2,36000,1.00203596878
363508,363514,365845,6,2331,2,36000,1.00257400257
363529,363535,368578,6,5043,2,36000,1.001189768
363623,363629,366642,6,3013,2,36000,1.00199137073
363720,363726,367083,6,3357,2,36000,1.0017873101
363748,363754,367120,6,3366,2,36000,1.00178253119
363882,363889,368813,7,4924,2,36000,1.00142160845
363910,363916,366266,6,2350,2,36000,1.00255319149
364005,364011,367829,6,3818,2,36000,1.0015715034
364115,364121,366852,6,2731,2,36000,1.00219699744
364135,364142,366982,7,2840,2,36000,1.00246478873
364156,364162,366693,6,2531,2,36000,1.0023706045
364171,364177,366943,6,2766,2,36000,1.0021691974
364190,364196,369047,6,4851,2,36000,1.00123685838
364300,364312,369297,12,4985,2,36000,1.00240722166
364301,364307,367773,6,3466,2,36000,1.00173110214
364302,364318,366805,16,2487,2,36000,1.00643345396
364370,364376,366609,6,2233,2,36000,1.0026869682
364435,364441,367007,6,2566,2,36000,1.00233826968
364491,364497,367791,6,3294,2,36000,1.00182149362
364505,364512,367331,7,2819,2,36000,1.00248315005
364515,364521,369590,6,5069,2,36000,1.00118366542
364531,364537,369227,6,4690,2,36000,1.0012793177
364532,364543,367766,11,3223,2,36000,1.00341296928
364602,364608,367780,6,3172,2,36000,1.00189155107
364619,364626,368583,7,3957,2,36000,1.00176901693
364738,364744,368006,6,3262,2,36000,1.00183936235
364816,364822,367749,6,2927,2,36000,1.00204988042
364864,364870,368353,6,3483,2,36000,1.00172265289
364911,364918,368495,7,3577,2,36000,1.00195694716
364935,364941,368220,6,3279,2,36000,1.00182982617
364980,364986,369768,6,4782,2,36000,1.00125470514
365035,365041,368203,6,3162,2,36000,1.00189753321
365068,365074,368333,6,3259,2,36000,1.00184105554
365125,365131,368032,6,2901,2,36000,1.00206825233
365233,365239,370231,6,4992,2,36000,1.00120192308
365261,365267,370374,6,5107,2,36000,1.00117485804
365282,365288,369324,6,4036,2,36000,1.00148662042
365370,365376,368597,6,3221,2,36000,1.00186277554
365519,365526,370397,7,4871,2,36000,1.00143707658
365540,365546,365586,6,40,1,1800,1.15
365667,365673,369206,6,3533,2,36000,1.00169827342
365685,365691,370641,6,4950,2,36000,1.00121212121
365700,365706,368839,6,3133,2,36000,1.00191509735
365726,365732,368724,6,2992,2,36000,1.00200534759
365828,365835,370659,7,4824,2,36000,1.00145107794
365831,365841,365959,10,118,1,1800,1.08474576271
365847,365853,370802,6,4949,2,36000,1.00121236613
365878,365885,365961,7,76,1,1800,1.09210526316
366079,366085,368355,6,2270,2,36000,1.00264317181
366081,366091,369290,10,3199,2,36000,1.00312597687
366096,366102,370833,6,4731,2,36000,1.00126823082
366269,366275,366378,6,103,1,1800,1.05825242718
366270,366281,369149,11,2868,2,36000,1.00383542538
366403,366409,371612,6,5203,2,36000,1.00115318086
366417,366424,371326,7,4902,2,36000,1.00142798858
366426,366432,369814,6,3382,2,36000,1.00177409817
366433,366438,371079,5,4641,2,36000,1.00107735402
366489,366495,366732,6,237,1,1800,1.0253164557
366519,366525,371304,6,4779,2,36000,1.00125549278
366612,366618,369217,6,2599,2,36000,1.00230858022
366643,366649,370252,6,3603,2,36000,1.00166527893
366695,366701,369937,6,3236,2,36000,1.00185414091
366754,366760,371595,6,4835,2,36000,1.0012409514
366788,366794,369313,6,2519,2,36000,1.00238189758
366807,366813,371776,6,4963,2,36000,1.0012089462
366822,366828,371773,6,4945,2,36000,1.00121334681
366856,366862,369699,6,2837,2,36000,1.00211491012
366859,366868,371560,9,4692,2,36000,1.00191815857
366946,366952,371962,6,5010,2,36000,1.00119760479
366947,366958,369455,11,2497,2,36000,1.00440528634
366982,366988,370097,6,3109,2,36000,1.00192988099
367009,367016,371807,7,4791,2,36000,1.00146107284
367046,367052,367624,6,572,1,1800,1.01048951049
367085,367091,370932,6,3841,2,36000,1.0015620932
367123,367129,371980,6,4851,2,36000,1.00123685838
367141,367147,371995,6,4848,2,36000,1.00123762376
367332,367338,370320,6,2982,2,36000,1.00201207243
367754,367760,370504,6,2744,2,36000,1.00218658892
367772,367778,371150,6,3372,2,36000,1.00177935943
367775,367784,371001,9,3217,2,36000,1.00279763755
367789,367796,370868,7,3072,2,36000,1.00227864583
367804,367810,371110,6,3300,2,36000,1.00181818182
367831,367837,370081,6,2244,2,36000,1.00267379679
367883,367890,372481,7,4591,2,36000,1.00152472228
367905,367911,373029,6,5118,2,36000,1.00117233294
368006,368012,371125,6,3113,2,36000,1.00192740122
368033,368039,371437,6,3398,2,36000,1.00176574456
368106,368112,368142,6,30,1,1800,1.2
368206,368212,371092,6,2880,2,36000,1.00208333333
368221,368227,371594,6,3367,2,36000,1.00178200178
368335,368341,371573,6,3232,2,36000,1.00185643564
368355,368362,371176,7,2814,2,36000,1.00248756219
368358,368368,371045,10,2677,2,36000,1.00373552484
368449,368455,368515,6,60,1,1800,1.1
368497,368503,371404,6,2901,2,36000,1.00206825233
368582,368588,373649,6,5061,2,36000,1.00118553646
368583,368594,372411,11,3817,2,36000,1.00288184438
368599,368605,371663,6,3058,2,36000,1.00196206671
368608,368614,368627,6,13,3,3600,1.46153846154
368727,368733,370986,6,2253,2,36000,1.00266311585
368814,368820,373515,6,4695,2,36000,1.00127795527
368840,368847,372274,7,3427,2,36000,1.00204260286
369049,369055,371848,6,2793,2,36000,1.00214822771
369149,369155,373998,6,4843,2,36000,1.00123890151
369207,369213,373139,6,3926,2,36000,1.00152827305
369218,369224,374435,6,5211,2,36000,1.00115141048
369230,369236,369367,6,131,1,1800,1.04580152672
369234,369242,371630,8,2388,2,36000,1.00335008375
369291,369297,372820,6,3523,2,36000,1.00170309395
369306,369312,371599,6,2287,2,36000,1.00262352427
369321,369327,374061,6,4734,2,36000,1.00126742712
369337,369343,372075,6,2732,2,36000,1.00219619327
369361,369367,369418,6,51,1,1800,1.11764705882
369460,369466,374507,6,5041,2,36000,1.00119024003
369591,369597,374470,6,4873,2,36000,1.00123127437
369700,369706,373622,6,3916,2,36000,1.00153217569
369742,369749,369827,7,78,1,1800,1.08974358974
369768,369775,374789,7,5014,2,36000,1.00139609095
369815,369821,373713,6,3892,2,36000,1.00154162384
369940,369946,373403,6,3457,2,36000,1.00173560891
370082,370088,372760,6,2672,2,36000,1.00224550898
370098,370104,373727,6,3623,2,36000,1.00165608612
370231,370237,372656,6,2419,2,36000,1.00248036379
370254,370261,373872,7,3611,2,36000,1.00193852119
370321,370327,374576,6,4249,2,36000,1.00141209696
370375,370381,375071,6,4690,2,36000,1.0012793177
370400,370406,375263,6,4857,2,36000,1.00123533045
370501,370507,373769,6,3262,2,36000,1.00183936235
370642,370649,372998,7,2349,2,36000,1.00297999149
370661,370667,375711,6,5044,2,36000,1.00118953212
370774,370781,371064,7,283,1,1800,1.02473498233
370805,370811,375701,6,4890,2,36000,1.00122699387
370836,370842,373167,6,2325,2,36000,1.00258064516
370869,370876,373939,7,3063,2,36000,1.00228534117
370932,370938,374764,6,3826,2,36000,1.00156821746
370988,370994,375999,6,5005,2,36000,1.0011988012
371001,371007,374853,6,3846,2,36000,1.0015600624
371048,371054,374550,6,3496,2,36000,1.00171624714
371084,371090,376197,6,5107,2,36000,1.00117485804
371092,371098,374627,6,3529,2,36000,1.00170019836
371110,371116,374324,6,3208,2,36000,1.00187032419
371128,371134,373998,6,2864,2,36000,1.00209497207
371152,371158,375828,6,4670,2,36000,1.00128479657
371175,371182,374487,7,3305,2,36000,1.00211800303
371305,371311,376575,6,5264,2,36000,1.00113981763
371330,371336,376437,6,5101,2,36000,1.00117623995
371405,371411,374376,6,2965,2,36000,1.00202360877
371438,371444,375196,6,3752,2,36000,1.00159914712
371560,371566,376578,6,5012,2,36000,1.0011971269
371573,371579,374714,6,3135,2,36000,1.0019138756
371594,371600,374841,6,3241,2,36000,1.00185128047
371598,371606,376726,8,5120,2,36000,1.0015625
371600,371611,373984,11,2373,2,36000,1.00463548251
371615,371621,375672,6,4051,2,36000,1.00148111577
371634,371640,374092,6,2452,2,36000,1.00244698206
371663,371669,374892,6,3223,2,36000,1.00186161961
371775,371781,376688,6,4907,2,36000,1.00122274302
371776,371787,376628,11,4841,2,36000,1.0022722578
371807,371813,376714,6,4901,2,36000,1.00122423995
371851,371857,375163,6,3306,2,36000,1.00181488203
371965,371971,377189,6,5218,2,36000,1.00114986585
371981,371987,376648,6,4661,2,36000,1.00128727741
371997,372003,377038,6,5035,2,36000,1.00119165839
372075,372081,376878,6,4797,2,36000,1.00125078174
372088,372094,387258,6,15164,1,36000,1.00039567396
372275,372281,375342,6,3061,2,36000,1.00196014374
372413,372419,375909,6,3490,2,36000,1.00171919771
372481,372487,377533,6,5046,2,36000,1.00118906064
372659,372665,376104,6,3439,2,36000,1.00174469322
372762,372768,377862,6,5094,2,36000,1.0011778563
372821,372828,376138,7,3310,2,36000,1.00211480363
373000,373006,377884,6,4878,2,36000,1.0012300123
373031,373038,377895,7,4857,2,36000,1.00144121886
373141,373147,375342,6,2195,2,36000,1.00273348519
373169,373175,377213,6,4038,2,36000,1.0014858841
373409,373415,378481,6,5066,2,36000,1.00118436636
373521,373526,376333,5,2807,2,36000,1.00178126113
373626,373632,375342,6,1710,2,36000,1.00350877193
373652,373658,378414,6,4756,2,36000,1.00126156434
373713,373719,375342,6,1623,2,36000,1.00369685767
373728,373734,375342,6,1608,2,36000,1.00373134328
373770,373777,375342,7,1565,2,36000,1.00447284345
373873,373879,375342,6,1463,2,36000,1.004101162
373939,373945,375343,6,1398,2,36000,1.00429184549
373987,373993,378030,6,4037,2,36000,1.00148625217
374000,374006,375342,6,1336,2,36000,1.00449101796
374002,374012,460422,10,86410,1,86400,1.00011572735
374004,374017,378896,13,4879,2,36000,1.00266448043
374063,374069,379027,6,4958,2,36000,1.00121016539
374094,374100,379008,6,4908,2,36000,1.00122249389
374325,374331,375342,6,1011,2,36000,1.0059347181
374371,374378,374618,7,240,16,3600,1.02916666667
374376,374384,375342,8,958,2,36000,1.00835073069
374436,374442,379305,6,4863,2,36000,1.00123380629
374448,374454,374628,6,174,16,3600,1.03448275862
374473,374479,379258,6,4779,2,36000,1.00125549278
374488,374494,375342,6,848,2,36000,1.0070754717
374507,374513,376881,6,2368,2,36000,1.00253378378
374550,374556,378426,6,3870,2,36000,1.0015503876
374578,374584,375342,6,758,2,36000,1.00791556728
374629,374635,375342,6,707,2,36000,1.00848656294
374716,374722,375342,6,620,2,36000,1.00967741935
374764,374770,375342,6,572,2,36000,1.01048951049
374791,374798,379864,7,5066,2,36000,1.00138176076
374842,374849,375342,7,493,2,36000,1.01419878296
374857,374863,375342,6,479,2,36000,1.01252609603
374893,374899,375342,6,443,2,36000,1.01354401806
375072,375078,380150,6,5072,2,36000,1.0011829653
375138,375144,375151,6,7,3,3600,1.3
375166,375172,379014,6,3842,2,36000,1.00156168662
375198,375204,375342,6,138,2,36000,1.04347826087
375263,375269,380076,6,4807,2,36000,1.00124817974
375337,375343,375348,6,5,3,3600,1.1
375673,375679,380897,6,5218,2,36000,1.00114986585
375701,375707,380911,6,5204,2,36000,1.00115295926
375716,375722,380324,6,4602,2,36000,1.00130378096
375829,375836,380918,7,5082,2,36000,1.00137741047
375910,375916,380822,6,4906,2,36000,1.00122299225
375962,375968,375971,6,3,17,10800,1.0
375999,376005,378289,6,2284,2,36000,1.00262697023
376107,376113,380762,6,4649,2,36000,1.00129060013
376138,376144,381315,6,5171,2,36000,1.00116031715
376200,376206,378722,6,2516,2,36000,1.00238473768
376335,376341,379453,6,3112,2,36000,1.00192802057
376357,376363,377109,6,746,16,3600,1.00804289544
376438,376444,381169,6,4725,2,36000,1.00126984127
376576,376582,381676,6,5094,2,36000,1.0011778563
376591,376597,378949,6,2352,2,36000,1.00255102041
376629,376635,381796,6,5161,2,36000,1.00116256539
376648,376655,379786,7,3131,2,36000,1.00223570744
376689,376696,381432,7,4736,2,36000,1.00147804054
376714,376721,380057,7,3336,2,36000,1.00209832134
376730,376736,381713,6,4977,2,36000,1.00120554551
376767,376773,401616,6,24843,1,36000,1.00024151673
376813,376819,376824,6,5,3,600,1.1
376880,376886,381065,6,4179,2,36000,1.00143575018
376895,376901,382058,6,5157,2,36000,1.00116346713
377037,377043,381932,6,4889,2,36000,1.00122724484
377173,377179,377324,6,145,2,7200,1.04137931034
377191,377197,381183,6,3986,2,36000,1.00150526844
377213,377220,381733,7,4513,2,36000,1.00155107467
377221,377228,377954,7,726,16,3600,1.00964187328
377534,377540,382486,6,4946,2,36000,1.0012131015
377865,377871,380553,6,2682,2,36000,1.00223713647
377884,377891,382632,7,4741,2,36000,1.00147648175
377900,377906,382800,6,4894,2,36000,1.00122599101
378033,378039,383200,6,5161,2,36000,1.00116256539
378225,378231,378274,6,43,16,3600,1.13953488372
378234,378285,378331,51,46,16,3600,2.10869565217
378292,378298,383148,6,4850,2,36000,1.0012371134
378321,378328,378329,7,1,1,36000,1.0
378325,378334,380759,9,2425,5,2400,1.00371134021
378415,378421,380812,6,2391,2,36000,1.00250941029
378430,378437,381936,7,3499,2,36000,1.00200057159
378440,378446,380867,6,2421,5,2400,1.00247831475
378482,378488,382117,6,3629,2,36000,1.00165334803
378492,378498,382584,6,4086,1,36000,1.00146842878
378527,378533,380979,6,2446,5,2400,1.00245298446
378721,378728,381086,7,2358,2,36000,1.00296861747
378863,379271,403482,408,24211,40,43199,1.0168518442
378893,379696,379738,803,42,16,3600,20.119047619
378896,378902,383985,6,5083,2,36000,1.00118040527
378950,378956,381554,6,2598,2,36000,1.00230946882
379009,379015,384034,6,5019,2,36000,1.00119545726
379025,379031,384060,6,5029,2,36000,1.00119308014
379040,379046,384039,6,4993,2,36000,1.00120168236
379258,379265,384188,7,4923,2,36000,1.00142189722
379305,379311,384271,6,4960,2,36000,1.00120967742
379454,379460,384653,6,5193,2,36000,1.0011554015
379787,379794,385017,7,5223,2,36000,1.00134022592
379865,379872,385101,7,5229,2,36000,1.00133868809
380058,380064,384053,6,3989,2,36000,1.00150413638
380077,380083,384766,6,4683,2,36000,1.00128122998
380150,380157,385161,7,5004,2,36000,1.0013988809
380176,380182,380247,6,65,2,3600,1.09230769231
380302,380308,380320,6,12,16,3600,1.5
380326,380332,383910,6,3578,2,36000,1.00167691448
380444,380450,380491,6,41,16,3600,1.14634146341
380553,380559,385368,6,4809,2,36000,1.00124766064
380585,380591,380805,6,214,16,3600,1.02803738318
380764,380770,385691,6,4921,2,36000,1.00121926438
380812,380819,385515,7,4696,2,36000,1.00149063032
380827,380833,383274,6,2441,2,36000,1.00245800901
380900,380906,385879,6,4973,2,36000,1.00120651518
380915,380921,385901,6,4980,2,36000,1.00120481928
380931,380937,386055,6,5118,2,36000,1.00117233294
380937,380943,380951,6,8,2,3600,1.4
381068,381074,386436,6,5362,2,36000,1.00111898545
381086,381093,383414,7,2321,2,36000,1.0030159414
381096,381102,381112,6,10,2,3600,1.6
381172,381178,386031,6,4853,2,36000,1.00123634865
381188,381194,385634,6,4440,2,36000,1.00135135135
381269,381275,381313,6,38,2,3600,1.15789473684
381315,381321,386153,6,4832,2,36000,1.00124172185
381435,381441,384414,6,2973,2,36000,1.00201816347
381554,381560,384368,6,2808,2,36000,1.00213675214
381678,381684,386419,6,4735,2,36000,1.00126715945
381716,381722,386765,6,5043,2,36000,1.001189768
381734,381741,384189,7,2448,2,36000,1.00285947712
381797,381804,386745,7,4941,2,36000,1.00141671726
381888,381894,382109,6,215,16,3600,1.02790697674
381933,381939,386844,6,4905,2,36000,1.00122324159
381950,381956,387032,6,5076,2,36000,1.0011820331
381989,381995,382177,6,182,16,3600,1.03296703297
382061,382068,386996,7,4928,2,36000,1.00142045455
382119,382126,386728,7,4602,2,36000,1.00152107779
382339,382345,384897,6,2552,5,10800,1.00235109718
382416,382422,423947,6,41525,14,43200,1.00014449127
382461,382467,742507,6,360040,8,360000,1.00001666482
382489,382495,387665,6,5170,2,36000,1.00116054159
382634,382640,387659,6,5019,2,36000,1.00119545726
382789,382796,384901,7,2105,5,10800,1.00332541568
382803,382809,387842,6,5033,2,36000,1.00119213193
383150,383156,387878,6,4722,2,36000,1.00127064803
383202,383208,388001,6,4793,2,36000,1.00125182558
383275,383281,388273,6,4992,2,36000,1.00120192308
383347,383353,387117,6,3764,2,43200,1.00159404888
383416,383422,388305,6,4883,2,36000,1.00122875282
383423,383429,386056,6,2627,1,36000,1.00228397411
383785,383791,383818,6,27,16,3600,1.22222222222
383790,383797,383820,7,23,16,3600,1.30434782609
383911,383917,388891,6,4974,2,36000,1.00120627262
383985,383991,387106,6,3115,2,36000,1.00192616372
384033,384039,387680,6,3641,2,36000,1.00164789893
384049,384055,387322,6,3267,2,36000,1.00183654729
384064,384071,388397,7,4326,2,36000,1.00161812298
384066,384077,388946,11,4869,2,36000,1.0022591908
384190,384196,389220,6,5024,2,36000,1.00119426752
384191,384202,389175,11,4973,2,36000,1.0022119445
384229,384235,387593,6,3358,2,36000,1.00178677784
384230,384241,389496,11,5255,2,36000,1.00209324453
384232,384246,390154,14,5908,2,36000,1.00236966825
384233,384251,390216,18,5965,2,36000,1.00301760268
384235,384256,387727,21,3471,2,36000,1.00605012965
384236,384262,387634,26,3372,2,36000,1.00771055753
384237,384267,390126,30,5859,2,36000,1.0051203277
384239,384272,389476,33,5204,2,36000,1.00634127594
384240,384277,390167,37,5890,2,36000,1.00628183362
384241,384283,388281,42,3998,2,36000,1.01050525263
384243,384288,389681,45,5393,2,36000,1.00834414982
384244,384293,388332,49,4039,2,36000,1.01213171577
384245,384298,389119,53,4821,2,36000,1.0109935698
384246,384303,388920,57,4617,2,36000,1.01234567901
384248,384308,388235,60,3927,2,36000,1.01527883881
384249,384314,390214,65,5900,2,36000,1.01101694915
384250,384319,390378,69,6059,2,36000,1.01138801782
384252,384324,390008,72,5684,2,36000,1.01266713582
384253,384329,387464,76,3135,2,36000,1.02424242424
384254,384334,387264,80,2930,2,36000,1.02730375427
384255,384339,388802,84,4463,2,36000,1.01882142057
384257,384346,390005,89,5659,2,36000,1.01572716028
384258,384351,390426,93,6075,2,36000,1.01530864198
384259,384356,389750,97,5394,2,36000,1.01798294401
384261,384362,387314,101,2952,2,36000,1.03421409214
384262,384367,390529,105,6162,2,36000,1.0170399221
384263,384372,387887,109,3515,2,36000,1.03100995733
384265,384377,387762,112,3385,2,36000,1.03308714919
384266,384382,388466,116,4084,2,36000,1.02840352595
384267,384387,388046,120,3659,2,36000,1.03279584586
384269,384393,388724,124,4331,2,36000,1.0286308012
384270,384398,390390,128,5992,2,36000,1.02136181575
384271,384439,388639,168,4200,2,36000,1.04
384271,384403,389483,132,5080,2,36000,1.02598425197
384273,384408,390467,135,6059,2,36000,1.02228090444
384274,384413,387558,139,3145,2,36000,1.04419713831
384275,384418,390576,143,6158,2,36000,1.02322182527
384276,384424,390339,148,5915,2,36000,1.02502113271
384278,384429,387672,151,3243,2,36000,1.04656182547
384279,384434,390134,155,5700,2,36000,1.02719298246
384280,384665,390317,385,5652,2,36000,1.06811748054
384369,384445,389061,76,4616,2,36000,1.0164644714
384417,384450,389326,33,4876,2,36000,1.00676784249
384652,384658,387821,6,3163,2,36000,1.00189693329
384695,384701,384727,6,26,2,3600,1.23076923077
384769,384775,389644,6,4869,2,36000,1.00123228589
384914,384920,385256,6,336,1,36000,1.01785714286
384930,384936,389365,6,4429,5,10800,1.00135470761
385019,385025,389643,6,4618,2,36000,1.00129926375
385104,385110,390349,6,5239,2,36000,1.00114525673
385162,385169,390206,7,5037,2,36000,1.0013897161
385365,385371,411233,6,25862,1,36000,1.00023200062
385369,385377,390340,8,4963,2,36000,1.00161192827
385516,385522,390299,6,4777,2,36000,1.00125601842
385634,385640,388313,6,2673,2,36000,1.00224466891
385694,385700,389665,6,3965,2,36000,1.00151324086
385881,385887,390250,6,4363,2,36000,1.00137520055
385904,385910,390950,6,5040,2,36000,1.00119047619
386032,386038,391034,6,4996,2,36000,1.00120096077
386057,386063,390411,6,4348,2,36000,1.0013799448
386153,386159,391015,6,4856,2,36000,1.00123558484
386384,386391,386402,7,11,2,600,1.63636363636
386422,386428,389689,6,3261,2,36000,1.0018399264
386438,386444,389045,6,2601,2,36000,1.00230680507
386728,386734,391980,6,5246,2,36000,1.00114372856
386747,386753,391360,6,4607,2,36000,1.00130236596
386765,386771,391827,6,5056,2,36000,1.00118670886
386844,386850,390515,6,3665,2,36000,1.00163710778
386997,387003,391911,6,4908,2,36000,1.00122249389
387035,387042,391984,7,4942,2,36000,1.00141643059
387106,387112,392195,6,5083,2,36000,1.00118040527
387266,387276,390639,10,3363,2,36000,1.00297353553
387314,387325,391185,11,3860,2,36000,1.00284974093
387324,387331,390124,7,2793,2,36000,1.00250626566
387368,387374,387675,6,301,2,43200,1.01993355482
387463,387475,392351,12,4876,2,36000,1.00246103363
387559,387569,392285,10,4716,2,36000,1.00212044105
387595,387604,391018,9,3414,2,36000,1.00263620387
387634,387645,390405,11,2760,2,36000,1.00398550725
387659,387665,392611,6,4946,2,36000,1.0012131015
387673,387686,391450,13,3764,2,36000,1.00345377258
387674,387680,392589,6,4909,2,36000,1.00122224486
387689,387695,390117,6,2422,2,36000,1.00247729149
387720,387726,387727,6,1,1,36000,1.0
387729,387738,390969,9,3231,2,36000,1.00278551532
387762,387773,393824,11,6051,2,36000,1.00181788134
387824,387830,392875,6,5045,2,36000,1.00118929633
387843,387849,393134,6,5285,2,36000,1.00113528855
387879,387885,392776,6,4891,2,36000,1.001226743
387882,387891,388536,9,645,1,36000,1.01395348837
387888,387898,391813,10,3915,2,36000,1.00255427842
388001,388007,393237,6,5230,2,36000,1.00114722753
388016,388023,389357,7,1334,5,10800,1.00524737631
388047,388058,390971,11,2913,2,36000,1.00377617576
388218,388225,400372,7,12147,2,43200,1.00057627398
388236,388247,391513,11,3266,2,36000,1.00336803429
388275,388281,393329,6,5048,2,36000,1.00118858954
388281,388292,393012,11,4720,2,36000,1.00233050847
388307,388313,393206,6,4893,2,36000,1.00122624157
388322,388329,391722,7,3393,2,36000,1.00206307103
388332,388343,393956,11,5613,2,36000,1.00195973633
388398,388404,391348,6,2944,2,36000,1.00203804348
388464,388477,394457,13,5980,2,36000,1.00217391304
388464,388470,388513,6,43,2,7200,1.13953488372
388640,388646,393536,6,4890,2,36000,1.00122699387
388723,388735,392198,12,3463,2,36000,1.00346520358
388804,388813,392644,9,3831,2,36000,1.00234925607
388891,388898,393609,7,4711,2,36000,1.0014858841
388921,388932,393954,11,5022,2,36000,1.00219036241
388949,388955,394194,6,5239,2,36000,1.00114525673
389045,389051,394336,6,5285,2,36000,1.00113528855
389061,389068,391267,7,2199,2,36000,1.00318326512
389119,389130,392494,11,3364,2,36000,1.00326991677
389177,389183,394319,6,5136,2,36000,1.0011682243
389222,389228,394131,6,4903,2,36000,1.00122374057
389329,389335,392572,6,3237,2,36000,1.00185356812
389391,389397,391655,6,2258,5,10800,1.00265721878
389477,389487,393653,10,4166,2,36000,1.00240038406
389491,389497,392429,6,2932,2,36000,1.00204638472
389506,389512,393264,6,3752,2,36000,1.00159914712
389646,389652,394737,6,5085,2,36000,1.001179941
389647,389658,392491,11,2833,2,36000,1.00388280974
389666,389672,394826,6,5154,2,36000,1.00116414435
389688,389694,394617,6,4923,2,36000,1.00121876904
389689,389700,394742,11,5042,2,36000,1.00218167394
389750,389761,394815,11,5054,2,36000,1.00217649387
390006,390017,395084,11,5067,2,36000,1.00217090981
390021,390027,393705,6,3678,2,36000,1.00163132137
390117,390123,395038,6,4915,2,36000,1.0012207528
390126,390137,393751,11,3614,2,36000,1.00304371887
390132,390143,392274,11,2131,2,36000,1.00516189582
390141,390149,394139,8,3990,2,36000,1.00200501253
390156,390165,393403,9,3238,2,36000,1.00277949351
390171,390178,393038,7,2860,2,36000,1.00244755245
390207,390213,395222,6,5009,2,36000,1.00119784388
390215,390225,396268,10,6043,2,36000,1.00165480721
390230,390236,395961,6,5725,2,36000,1.00104803493
390250,390257,393398,7,3141,2,36000,1.00222858962
390300,390306,395249,6,4943,2,36000,1.00121383775
390317,390328,393383,11,3055,2,36000,1.00360065466
390340,390346,395439,6,5093,2,36000,1.00117808757
390341,390353,394143,12,3790,2,36000,1.00316622691
390356,390361,393873,5,3512,2,36000,1.00142369021
390380,390389,395114,9,4725,2,36000,1.0019047619
390395,390401,394132,6,3731,2,36000,1.00160814795
390409,390416,394371,7,3955,2,36000,1.0017699115
390414,390422,395157,8,4735,2,36000,1.00168954593
390427,390437,396161,10,5724,2,36000,1.00174703005
390466,390478,396455,12,5977,2,36000,1.00200769617
390515,390521,395665,6,5144,2,36000,1.00116640747
390529,390540,393470,11,2930,2,36000,1.00375426621
390577,390587,395738,10,5151,2,36000,1.00194137061
390640,390650,396382,10,5732,2,36000,1.00174459177
390953,390959,395967,6,5008,2,36000,1.00119808307
390968,390980,396748,12,5768,2,36000,1.00208044383
390983,390989,397061,6,6072,2,36000,1.00098814229
391015,391022,393835,7,2813,2,36000,1.0024884465
391019,391029,394578,10,3549,2,36000,1.00281769513
391037,391043,396065,6,5022,2,36000,1.00119474313
391184,391196,396774,12,5578,2,36000,1.00215130871
391268,391274,394894,6,3620,2,36000,1.00165745856
391349,391355,393780,6,2425,2,36000,1.0024742268
391382,391388,396334,6,4946,2,36000,1.0012131015
391452,391461,397138,9,5677,2,36000,1.00158534437
391515,391524,397057,9,5533,2,36000,1.00162660401
391723,391729,396577,6,4848,2,36000,1.00123762376
391812,391824,397210,12,5386,2,36000,1.00222799851
391830,391836,394563,6,2727,2,36000,1.00220022002
391890,391897,396792,7,4895,5,10800,1.00143003064
391914,391920,396677,6,4757,2,36000,1.00126129914
391981,391986,397088,5,5102,2,36000,1.00098000784
391997,392003,396883,6,4880,2,36000,1.0012295082
392197,392211,395349,14,3138,2,36000,1.00446144041
392198,392205,397242,7,5037,2,36000,1.0013897161
392275,392281,396747,6,4466,2,36000,1.0013434841
392284,392296,398273,12,5977,2,36000,1.00200769617
392354,392363,396413,9,4050,2,36000,1.00222222222
392431,392440,398158,9,5718,2,36000,1.00157397692
392476,392482,397335,6,4853,6,10800,1.00123634865
392494,392506,397208,12,4702,2,36000,1.00255210549
392494,392500,395700,6,3200,2,36000,1.001875
392575,392581,397321,6,4740,2,36000,1.00126582278
392597,392604,395060,7,2456,2,36000,1.00285016287
392615,392621,397654,6,5033,2,36000,1.00119213193
392645,392655,396054,10,3399,2,36000,1.00294204178
392779,392785,397682,6,4897,2,36000,1.00122523994
392876,392882,398021,6,5139,2,36000,1.00116754232
393012,393023,396618,11,3595,2,36000,1.00305980529
393039,393049,397139,10,4090,2,36000,1.00244498778
393136,393142,396097,6,2955,2,36000,1.00203045685
393209,393215,397933,6,4718,2,36000,1.00127172531
393239,393245,396318,6,3073,2,36000,1.00195248942
393265,393275,397901,10,4626,2,36000,1.00216169477
393331,393337,395911,6,2574,2,36000,1.00233100233
393385,393394,398991,9,5597,2,36000,1.00160800429
393398,393404,398512,6,5108,2,36000,1.00117462803
393403,393414,398819,11,5405,2,36000,1.00203515264
393469,393481,396681,12,3200,2,36000,1.00375
393538,393544,398572,6,5028,2,36000,1.00119331742
393611,393617,398621,6,5004,2,36000,1.00119904077
393652,393664,399205,12,5541,2,36000,1.00216567407
393707,393716,396721,9,3005,2,36000,1.00299500832
393754,393763,398763,9,5000,2,36000,1.0018
393781,393787,398641,6,4854,2,36000,1.00123609394
393802,393808,396920,6,3112,6,10800,1.00192802057
393826,393835,397483,9,3648,2,36000,1.00246710526
393836,393842,397809,6,3967,2,36000,1.00151247794
393873,393879,398737,6,4858,2,36000,1.00123507616
393956,393965,397766,9,3801,2,36000,1.00236779795
393957,393971,399431,14,5460,2,36000,1.00256410256
394132,394138,398944,6,4806,2,36000,1.00124843945
394135,394144,397199,9,3055,2,36000,1.00294599018
394149,394156,397113,7,2957,2,36000,1.00236726412
394151,394162,398246,11,4084,2,36000,1.00269343781
394196,394202,399158,6,4956,2,36000,1.00121065375
394320,394326,399373,6,5047,2,36000,1.00118882504
394340,394346,398991,6,4645,2,36000,1.00129171152
394374,394383,398376,9,3993,2,36000,1.0022539444
394458,394468,398371,10,3903,2,36000,1.00256213169
394566,394572,398480,6,3908,2,36000,1.00153531218
394578,394589,399587,11,4998,2,36000,1.00220088035
394617,394628,399259,11,4631,2,36000,1.00237529691
394740,394747,397058,7,2311,2,36000,1.00302899178
394757,394763,399951,6,5188,2,36000,1.00115651503
394813,394826,400337,13,5511,2,36000,1.00235891853
394828,394834,397318,6,2484,2,36000,1.00241545894
394896,394902,399860,6,4958,2,36000,1.00121016539
395039,395045,399968,6,4923,2,36000,1.00121876904
395062,395068,397540,6,2472,2,36000,1.00242718447
395084,395095,401074,11,5979,2,36000,1.00183977254
395113,395125,399688,12,4563,2,36000,1.00262984878
395163,395168,399907,5,4739,2,36000,1.00105507491
395224,395230,400055,6,4825,2,36000,1.00124352332
395253,395259,399960,6,4701,2,36000,1.00127632419
395349,395360,399269,11,3909,2,36000,1.00281401893
395441,395447,400270,6,4823,2,36000,1.00124403898
395666,395672,400939,6,5267,2,36000,1.00113916841
395701,395707,398745,6,3038,2,36000,1.00197498354
395738,395749,399787,11,4038,2,36000,1.00272412085
395912,395918,400759,6,4841,2,36000,1.00123941334
395961,395972,399629,11,3657,2,36000,1.00300793
395969,395978,401131,9,5153,2,36000,1.0017465554
396057,396066,399797,9,3731,2,36000,1.00241222192
396065,396072,400958,7,4886,2,36000,1.00143266476
396100,396106,399355,6,3249,2,36000,1.00184672207
396162,396172,399559,10,3387,2,36000,1.00295246531
396268,396279,400394,11,4115,2,36000,1.00267314702
396319,396325,401452,6,5127,2,36000,1.00117027501
396335,396341,398855,6,2514,2,36000,1.00238663484
396382,396393,401193,11,4800,2,36000,1.00229166667
396415,396424,399617,9,3193,2,36000,1.00281866583
396457,396467,400124,10,3657,2,36000,1.00273448182
396580,396586,401775,6,5189,2,36000,1.00115629216
396620,396629,402430,9,5801,2,36000,1.00155145665
396679,396685,401588,6,4903,2,36000,1.00122374057
396681,396692,401158,11,4466,2,36000,1.00246305419
396723,396732,401807,9,5075,2,36000,1.00177339901
396747,396762,401442,15,4680,2,36000,1.00320512821
396750,396756,401558,6,4802,2,36000,1.00124947938
396774,396785,401498,11,4713,2,36000,1.00233396987
396864,396870,403080,6,6210,6,10800,1.00096618357
396883,396890,400976,7,4086,2,36000,1.00171316691
397022,397028,403614,6,6586,6,10800,1.00091102338
397058,397071,401050,13,3979,2,36000,1.00326715255
397059,397065,399612,6,2547,2,36000,1.0023557126
397072,397078,401094,6,4016,2,36000,1.0014940239
397091,397097,401963,6,4866,2,36000,1.00123304562
397114,397124,402349,10,5225,2,36000,1.0019138756
397138,397149,401529,11,4380,2,36000,1.00251141553
397140,397155,400826,15,3671,2,36000,1.00408608009
397200,397211,400630,11,3419,2,36000,1.003217315
397215,397221,401900,6,4679,2,36000,1.00128232528
397216,397227,403290,11,6063,2,36000,1.00181428336
397245,397251,402169,6,4918,2,36000,1.00122000813
397272,397278,397279,6,1,1,36000,1.0
397320,397326,402314,6,4988,2,36000,1.00120288693
397336,397342,402362,6,5020,2,36000,1.00119521912
397363,397370,419461,7,22091,1,36000,1.00031687112
397484,397494,402862,10,5368,2,36000,1.00186289121
397541,397547,402691,6,5144,2,36000,1.00116640747
397655,397661,402571,6,4910,2,36000,1.00122199593
397684,397690,402315,6,4625,2,36000,1.0012972973
397766,397772,403353,6,5581,1,43200,1.00107507615
397768,397778,400706,10,2928,2,36000,1.00341530055
397813,397819,402600,6,4781,2,36000,1.00125496758
397903,397913,401070,10,3157,2,36000,1.00316756414
397936,397942,402640,6,4698,2,36000,1.00127713921
398025,398031,402795,6,4764,2,36000,1.00125944584
398159,398170,401195,11,3025,2,36000,1.00363636364
398217,398223,398235,6,12,2,600,1.5
398247,398258,402195,11,3937,2,36000,1.00279400559
398274,398284,401798,10,3514,2,36000,1.00284575982
398373,398382,404437,9,6055,2,36000,1.0014863749
398387,398393,401997,6,3604,2,36000,1.00166481687
398480,398486,403387,6,4901,2,36000,1.00122423995
398513,398519,403134,6,4615,2,36000,1.00130010834
398573,398579,403755,6,5176,2,36000,1.00115919629
398625,398631,403507,6,4876,2,36000,1.00123051682
398645,398651,403207,6,4556,2,36000,1.00131694469
398740,398746,403598,6,4852,2,36000,1.00123660346
398756,398762,401238,6,2476,2,36000,1.00242326333
398764,398774,402340,10,3566,2,36000,1.00280426248
398821,398830,405001,9,6171,2,36000,1.00145843461
398851,398857,501329,6,102472,4,216000,1.00005855258
398857,398863,402655,6,3792,2,36000,1.00158227848
398945,398951,404077,6,5126,2,36000,1.00117050332
398993,399005,403292,12,4287,2,36000,1.00279916025
398993,398999,403847,6,4848,2,36000,1.00123762376
399088,399094,402664,6,3570,1,36000,1.00168067227
399159,399165,404237,6,5072,2,36000,1.0011829653
399206,399217,404776,11,5559,2,36000,1.00197877316
399260,399270,404662,10,5392,2,36000,1.00185459941
399275,399281,405466,6,6185,2,36000,1.00097008892
399356,399362,404127,6,4765,2,36000,1.00125918153
399376,399382,404593,6,5211,2,36000,1.00115141048
399431,399442,405415,11,5973,2,36000,1.00184162063
399560,399570,402736,10,3166,2,36000,1.0031585597
399587,399598,405253,11,5655,2,36000,1.00194518126
399614,399620,404426,6,4806,2,36000,1.00124843945
399617,399628,405451,11,5823,2,36000,1.00188906062
399632,399640,404778,8,5138,2,36000,1.00155702608
399688,399699,403224,11,3525,2,36000,1.00312056738
399788,399798,403268,10,3470,2,36000,1.00288184438
399803,399808,405606,5,5798,2,36000,1.00086236633
399862,399868,404567,6,4699,2,36000,1.00127686742
399909,399915,405229,6,5314,2,36000,1.00112909296
399953,399959,402508,6,2549,2,36000,1.00235386426
399969,399975,405184,6,5209,2,36000,1.00115185256
399970,399981,405017,11,5036,2,36000,1.00218427323
400058,400064,404924,6,4860,2,36000,1.0012345679
400124,400135,405630,11,5495,2,36000,1.00200181984
400170,400176,470517,6,70341,4,72000,1.00008529876
400272,400278,403965,6,3687,2,36000,1.0016273393
400308,400314,472343,6,72029,4,72000,1.00008329978
400339,400348,403809,9,3461,2,36000,1.00260040451
400396,400406,403876,10,3470,2,36000,1.00288184438
400632,400645,403739,13,3094,2,36000,1.00420168067
400633,400639,400650,6,11,2,600,1.54545454545
400736,400742,404064,6,3322,2,36000,1.00180614088
400759,400765,405678,6,4913,2,36000,1.00122124975
400827,400837,406564,10,5727,2,36000,1.00174611489
400941,400947,406111,6,5164,2,36000,1.00116189001
400960,400966,405875,6,4909,2,36000,1.00122224486
400979,400985,403839,6,2854,2,36000,1.00210231254
401053,401061,405461,8,4400,2,36000,1.00181818182
401071,401081,404023,10,2942,2,36000,1.00339904827
401086,401092,404019,6,2927,2,36000,1.00204988042
401100,401107,406866,7,5759,2,36000,1.0012154888
401134,401140,405910,6,4770,2,36000,1.00125786164
401158,401169,405870,11,4701,2,36000,1.00233992767
401194,401205,405108,11,3903,2,36000,1.00281834486
401209,401215,406821,6,5606,2,36000,1.00107028184
401240,401246,404024,6,2778,2,36000,1.00215982721
401442,401453,404089,11,2636,2,36000,1.00417298938
401454,401460,406207,6,4747,2,36000,1.00126395618
401499,401509,406229,10,4720,2,36000,1.00211864407
401528,401540,407518,12,5978,2,36000,1.00200736032
401561,401567,406486,6,4919,2,36000,1.00121976011
401591,401597,406476,6,4879,2,36000,1.0012297602
401775,401781,406020,6,4239,2,36000,1.00141542817
401800,401809,405228,9,3419,2,36000,1.00263234864
401810,401816,403005,6,1189,1,72000,1.00504625736
401815,401822,404996,7,3174,2,36000,1.00220541903
401867,401873,401929,6,56,1,72000,1.10714285714
401903,401911,405553,8,3642,2,36000,1.00219659528
401937,401943,401995,6,52,1,72000,1.11538461538
401964,401970,406770,6,4800,2,36000,1.00125
401999,402008,406801,9,4793,2,36000,1.00187773837
402171,402178,404814,7,2636,2,36000,1.00265553869
402195,402206,405722,11,3516,2,36000,1.00312855518
402318,402324,405211,6,2887,2,36000,1.00207828195
402319,402330,407542,11,5212,2,36000,1.0021105142
402340,402351,408108,11,5757,2,36000,1.00191071739
402355,402361,406113,6,3752,2,36000,1.00159914712
402364,402370,438376,6,36006,1,36000,1.00016663889
402365,402376,407570,11,5194,2,36000,1.00211782826
402430,402441,407277,11,4836,2,36000,1.00227460711
402508,402514,407375,6,4861,2,36000,1.00123431393
402572,402578,407555,6,4977,2,36000,1.00120554551
402604,402610,406971,6,4361,2,36000,1.00137583123
402643,402649,407537,6,4888,2,36000,1.00122749591
402659,402665,407790,6,5125,2,36000,1.00117073171
402692,402699,407630,7,4931,2,36000,1.00141959035
402737,402747,405621,10,2874,2,36000,1.00347947112
402796,402802,407900,6,5098,2,36000,1.00117693213
402862,402873,405740,11,2867,2,36000,1.00383676317
403136,403142,407767,6,4625,2,36000,1.0012972973
403166,403172,403456,6,284,2,43200,1.02112676056
403208,403214,408352,6,5138,2,36000,1.00116776956
403225,403235,408530,10,5295,2,36000,1.00188857413
403271,403279,406912,8,3633,2,36000,1.00220203688
403292,403301,409321,9,6020,2,36000,1.00149501661
403307,403313,408861,6,5548,2,36000,1.0010814708
403324,403331,439353,7,36022,1,36000,1.00019432569
403389,403395,408585,6,5190,2,36000,1.00115606936
403466,403482,403483,16,1,1,180000,1.7
403466,403493,403556,27,63,1,180000,1.42857142857
403466,403477,403661,11,184,1,180000,1.0597826087
403466,403487,403544,21,57,1,180000,1.36842105263
403466,403498,403562,32,64,1,180000,1.5
403466,403471,403531,5,60,1,180000,1.08333333333
403467,403519,403578,52,59,1,180000,1.8813559322
403467,403524,403650,57,126,1,180000,1.45238095238
403467,403514,403515,47,1,1,180000,4.8
403467,403503,403504,36,1,1,180000,3.7
403467,403508,403509,41,1,1,180000,4.2
403508,403530,408561,22,5031,2,36000,1.00437288809
403600,403606,408592,6,4986,2,36000,1.00120336943
403685,403691,419491,6,15800,14,43200,1.00037974684
403738,403750,406318,12,2568,2,36000,1.0046728972
403757,403763,408630,6,4867,2,36000,1.00123279227
403811,403821,409580,10,5759,2,36000,1.00173641257
403841,403847,409137,6,5290,2,36000,1.0011342155
403857,403864,407944,7,4080,2,36000,1.00171568627
403867,403873,405548,6,1675,12,72000,1.00358208955
403878,403887,409219,9,5332,2,36000,1.00168792198
403967,403973,408689,6,4716,2,36000,1.00127226463
404020,404030,410052,10,6022,2,36000,1.00166057788
404025,404036,406386,11,2350,2,36000,1.00468085106
404035,404042,410070,7,6028,2,36000,1.00116124751
404065,404075,407326,10,3251,2,36000,1.00307597662
404080,404086,406305,6,2219,2,36000,1.00270392068
404089,404100,410097,11,5997,2,36000,1.00183425046
404128,404135,409071,7,4936,2,36000,1.00141815235
404172,404194,411504,22,7310,1,180000,1.00300957592
404172,404182,406974,10,2792,1,180000,1.00358166189
404172,404188,410395,16,6207,1,180000,1.00257773482
404172,404199,409637,27,5438,1,180000,1.00496506068
404172,404177,408761,5,4584,1,180000,1.00109075044
404172,404204,410594,32,6390,1,180000,1.00500782473
404173,404215,407826,42,3611,1,180000,1.01163112711
404173,404209,407775,36,3566,1,180000,1.01009534492
404173,404220,411047,47,6827,1,180000,1.00688442947
404173,404236,409896,63,5660,1,180000,1.01113074205
404173,404231,417342,58,13111,1,180000,1.0044237663
404173,404225,414733,52,10508,1,180000,1.00494861058
404174,404241,423755,67,19514,1,180000,1.00343343241
404174,404246,411231,72,6985,1,180000,1.01030780243
404174,404252,415695,78,11443,1,180000,1.0068163943
404175,404268,408687,93,4419,1,180000,1.0210454854
404175,404262,413386,87,9124,1,180000,1.00953529154
404175,404257,410568,82,6311,1,180000,1.0129931865
404176,404273,421804,97,17531,1,180000,1.00553305573
404176,404278,411488,102,7210,1,180000,1.01414701803
404176,404283,412998,107,8715,1,180000,1.01227768216
404177,404310,412476,133,8166,1,180000,1.01628704384
404177,404289,412982,112,8693,1,180000,1.0128839296
404177,404294,451303,117,47009,1,180000,1.00248888511
404177,404305,410980,128,6675,1,180000,1.01917602996
404177,404299,410275,122,5976,1,180000,1.02041499331
404178,404331,415620,153,11289,1,180000,1.01355301621
404178,404315,407677,137,3362,1,180000,1.04074955384
404178,404341,422445,163,18104,1,180000,1.00900353513
404178,404320,415768,142,11448,1,180000,1.01240391335
404178,404336,410676,158,6340,1,180000,1.02492113565
404178,404326,415391,148,11065,1,180000,1.01337550836
404179,404373,411952,194,7579,1,180000,1.02559704446
404179,404357,407031,178,2674,1,180000,1.06656694091
404179,404347,412402,168,8055,1,180000,1.0208566108
404179,404352,439027,173,34675,1,180000,1.00498918529
404179,404362,407661,183,3299,1,180000,1.05547135496
404179,404368,415312,189,10944,1,180000,1.01726973684
404180,404389,413855,209,9466,1,180000,1.02207901965
404180,404383,414487,203,10104,1,180000,1.02009105305
404180,404399,410143,219,5744,1,180000,1.03812674095
404180,404378,415504,198,11126,1,180000,1.01779615315
404180,404394,408941,214,4547,1,180000,1.04706399824
404180,404404,431387,224,26983,1,180000,1.00830152318
404181,404410,415274,229,10864,1,180000,1.02107879234
404181,404426,410697,245,6271,1,180000,1.03906872907
404181,404415,425887,234,21472,1,180000,1.01089791356
404181,404420,412056,239,7636,1,180000,1.03129910948
404181,404431,411768,250,7337,1,180000,1.03407387215
404182,404441,418828,259,14387,1,180000,1.01800236324
404182,404436,414258,254,9822,1,180000,1.02586031358
404240,404459,409335,219,4876,2,36000,1.04491386382
404240,404454,404455,214,1,1,43200,21.5
404428,404464,409494,36,5030,2,36000,1.00715705765
404437,404448,407823,11,3375,2,36000,1.00325925926
404570,404576,407964,6,3388,2,36000,1.00177095632
404596,404602,409867,6,5265,2,36000,1.00113960114
404625,404631,418128,6,13497,1,43200,1.00044454323
404656,405245,405301,589,56,12,72000,11.5178571429
404658,404673,409514,15,4841,2,36000,1.00309853336
404700,404728,404729,28,1,1,180000,2.9
404700,404705,404708,5,3,1,180000,1.0
404700,404711,404713,11,2,1,180000,1.3
404700,404716,404718,16,2,1,180000,1.8
404700,404722,404724,22,2,1,180000,2.4
404701,404739,425775,38,21036,1,180000,1.00180642708
404701,405250,427396,549,22146,1,180000,1.0247900298
404701,405312,420461,611,15149,1,180000,1.04033269523
404701,404746,413109,45,8363,1,180000,1.00538084419
404701,404751,430074,50,25323,1,180000,1.00197448959
404701,404734,420928,33,16194,1,180000,1.00203779177
404702,405323,436426,621,31103,1,180000,1.01996591969
404702,405338,409428,636,4090,1,180000,1.15550122249
404702,405317,410646,615,5329,1,180000,1.11540626759
404702,405328,409582,626,4254,1,180000,1.14715561824
404702,405333,407840,631,2507,1,180000,1.25169525329
404702,405344,416175,642,10831,1,180000,1.05927430523
404703,409598,421527,4895,11929,1,180000,1.41034453852
404703,405365,421207,662,15842,1,180000,1.04178765307
404703,405349,407322,646,1973,1,180000,1.32742017233
404703,405370,424013,667,18643,1,180000,1.03577750362
404703,405354,408867,651,3513,1,180000,1.1853116994
404703,405359,419179,656,13820,1,180000,1.04746743849
404704,410286,424159,5582,13873,1,180000,1.40236430476
404704,410406,410408,5702,2,1,180000,570.4
404704,410154,417937,5450,7783,1,180000,1.7002441218
404704,409878,425317,5174,15439,1,180000,1.33512533195
404704,409907,422044,5203,12137,1,180000,1.42868913241
404705,410458,410460,5753,2,1,180000,575.5
404705,410432,410434,5727,2,1,180000,572.9
404705,410445,410447,5740,2,1,180000,574.2
404705,410579,428097,5874,17518,1,180000,1.33531225026
404705,410476,429555,5771,19079,1,180000,1.30247916557
404705,410419,410421,5714,2,1,180000,571.6
404706,410657,436144,5951,25487,1,180000,1.23349158394
404706,410605,439034,5899,28429,1,180000,1.20749938443
404706,411057,420865,6351,9808,1,180000,1.64753262643
404706,410719,418821,6013,8102,1,180000,1.74216242903
404706,410991,417124,6285,6133,1,180000,2.02478395565
404706,410687,423483,5981,12796,1,180000,1.46741169115
404707,412072,423179,7365,11107,1,180000,1.66309534528
404707,411779,419773,7072,7994,1,180000,1.88466349762
404707,411243,419362,6536,8119,1,180000,1.80502524941
404707,411515,419306,6808,7791,1,180000,1.87382877679
404707,411500,414863,6793,3363,1,180000,3.01992268808
404707,411963,455647,7256,43684,1,180000,1.16610200531
404708,413009,417600,8301,4591,1,180000,2.80810280985
404708,412413,417467,7705,5054,1,180000,2.52453502176
404708,412488,422621,7780,10133,1,180000,1.76778841409
404708,412993,420023,8285,7030,1,180000,2.17852062589
404708,413397,427805,8689,14408,1,180000,1.60306774014
404708,413121,430892,8413,17771,1,180000,1.47341173823
404709,414516,414518,9807,2,1,180000,980.9
404709,413871,422965,9162,9094,1,180000,2.00747745766
404709,414270,434768,9561,20498,1,180000,1.46643574983
404709,414542,414544,9833,2,1,180000,983.5
404709,414503,414505,9794,2,1,180000,979.6
404709,414529,414531,9820,2,1,180000,982.2
404710,414874,422018,10164,7144,1,180000,2.42273236282
404710,415285,437805,10575,22520,1,180000,1.46958259325
404710,414559,414561,9849,2,1,180000,985.1
404710,414744,419272,10034,4528,1,180000,3.21598939929
404710,414574,438582,9864,24008,1,180000,1.41086304565
404711,415515,419138,10804,3623,1,180000,3.98205906707
404711,415402,433883,10691,18481,1,180000,1.57848601266
404711,415323,426327,10612,11004,1,180000,1.96437659033
404711,415632,430136,10921,14504,1,180000,1.75296469939
404711,415706,431734,10995,16028,1,180000,1.68598702271
404712,417353,421628,12641,4275,1,180000,3.95695906433
404712,416186,422348,11474,6162,1,180000,2.86205777345
404712,417611,423766,12899,6155,1,180000,3.09569455727
404712,417480,433169,12768,15689,1,180000,1.81381859902
404712,417135,428205,12423,11070,1,180000,2.12222222222
404712,415779,419325,11067,3546,1,180000,4.12098138748
404713,417948,425159,13235,7211,1,180000,2.83539037581
404713,418832,426207,14119,7375,1,180000,2.91444067797
404713,419151,429637,14438,10486,1,180000,2.37688346367
404713,418839,430639,14126,11800,1,180000,2.19711864407
404713,419191,427219,14478,8028,1,180000,2.80343796712
404713,418140,436883,13427,18743,1,180000,1.716374113
404714,419283,426390,14569,7107,1,180000,3.04995075278
404776,404787,410695,11,5908,2,36000,1.00186188219
404790,404796,410737,6,5941,2,36000,1.00100993099
404816,405013,407297,197,2284,2,36000,1.08625218914
404926,410278,415383,5352,5105,2,36000,2.04838393732
404996,405007,408433,11,3426,2,36000,1.00321074139
405011,405119,408353,108,3234,2,36000,1.03339517625
405019,421808,426534,16789,4726,2,36000,4.55247566653
405068,419373,421540,14305,2167,1,180000,7.60129210891
405068,419317,421917,14249,2600,1,180000,6.48038461538
405068,419337,426144,14269,6807,1,180000,3.09622447481
405069,420940,425336,15871,4396,1,180000,4.61032757052
405069,419784,425359,14715,5575,1,180000,3.63946188341
405069,420876,433758,15807,12882,1,180000,2.22706101537
405069,420035,426958,14966,6923,1,180000,3.16177957533
405069,419472,426926,14403,7454,1,180000,2.93225114033
405069,421538,428537,16469,6999,1,180000,3.35305043578
405070,421816,425916,16746,4100,1,180000,5.0843902439
405070,422056,427138,16986,5082,1,180000,4.34238488784
405070,421928,437464,16858,15536,1,180000,2.08509268795
405070,422029,430668,16959,8639,1,180000,2.96307442991
405070,421639,432191,16569,10552,1,180000,2.57022365428
405070,421551,427684,16481,6133,1,180000,3.68726561226
405071,422615,430356,17544,7741,1,180000,3.26637385351
405071,422610,424702,17539,2092,1,180000,9.38384321224
405071,422620,425930,17549,3310,1,180000,6.30181268882
405071,422359,429531,17288,7172,1,180000,3.4104852203
405071,422456,436687,17385,14231,1,180000,2.22162883845
405071,422604,424913,17533,2309,1,180000,8.59333044608
405072,423190,429923,18118,6733,1,180000,3.69092529333
405072,423766,432008,18694,8242,1,180000,3.26813880126
405072,422632,427259,17560,4627,1,180000,4.79511562568
405072,423494,425942,18422,2448,1,180000,8.52532679739
405072,422975,429013,17903,6038,1,180000,3.96505465386
405072,423777,432842,18705,9065,1,180000,3.06343077772
405073,423969,429204,18896,5235,1,180000,4.60955109838
405073,423974,434985,18901,11011,1,180000,2.7165561711
405073,423984,428900,18911,4916,1,180000,4.84682668836
405073,423963,428797,18890,4834,1,180000,4.90773686388
405073,423958,428858,18885,4900,1,180000,4.85408163265
405073,423979,461327,18906,37348,1,180000,1.50621184535
405074,423995,428804,18921,4809,1,180000,4.93449781659
405074,424005,425413,18931,1408,1,180000,14.4453125
405074,424016,427816,18942,3800,1,180000,5.98473684211
405074,424000,425610,18926,1610,1,180000,12.7552795031
405074,424011,430749,18937,6738,1,180000,3.81047788661
405074,423990,427490,18916,3500,1,180000,6.40457142857
405075,424033,426424,18958,2391,1,180000,8.92890004182
405075,424605,434224,19530,9619,1,180000,3.03035658592
405075,424021,428552,18946,4531,1,180000,5.18141690576
405075,424170,430824,19095,6654,1,180000,3.86970243463
405075,424610,429670,19535,5060,1,180000,4.86067193676
405075,424026,427420,18951,3394,1,180000,6.5836770772
405076,424621,428913,19545,4292,1,180000,5.55382106244
405076,424616,430463,19540,5847,1,180000,4.34188472721
405076,425329,432267,20253,6938,1,180000,3.91914096281
405076,424713,436042,19637,11329,1,180000,2.73333921794
405076,425169,429387,20093,4218,1,180000,5.76363205311
405076,424924,427766,19848,2842,1,180000,7.98381421534
405108,405239,409249,131,4010,2,36000,1.03266832918
405184,426983,432321,21799,5338,2,36000,5.08373922818
405213,429025,434169,23812,5144,2,36000,5.62908242613
405228,405264,410267,36,5003,2,36000,1.00719568259
405229,429040,434217,23811,5177,2,36000,5.5993818814
405252,405472,409336,220,3864,2,36000,1.05693581781
405399,425353,426161,19954,808,1,180000,25.6955445545
405399,425621,426889,20222,1268,1,180000,16.9479495268
405399,425371,426999,19972,1628,1,180000,13.2678132678
405399,425424,426139,20025,715,1,180000,29.006993007
405399,425786,427394,20387,1608,1,180000,13.6784825871
405399,425898,427562,20499,1664,1,180000,13.3191105769
405400,425916,432023,20516,6107,1,180000,4.35942361225
405400,425926,429099,20526,3173,1,180000,7.4689568232
405400,425921,429023,20521,3102,1,180000,7.61540941328
405400,425905,429599,20505,3694,1,180000,6.55089334055
405400,425910,427490,20510,1580,1,180000,13.9810126582
405401,425931,427365,20530,1434,1,180000,15.3165969317
405401,425953,429118,20552,3165,1,180000,7.49352290679
405401,425941,427735,20540,1794,1,180000,12.4492753623
405401,425948,427693,20547,1745,1,180000,12.7747851003
405401,425936,427456,20535,1520,1,180000,14.5098684211
405402,426338,429422,20936,3084,1,180000,7.78858625162
405402,426173,427472,20771,1299,1,180000,16.9899923018
405402,426219,429789,20817,3570,1,180000,6.83109243697
405402,426156,427160,20754,1004,1,180000,21.671314741
405402,426150,426823,20748,673,1,180000,31.8291233284
405402,425959,428677,20557,2718,1,180000,8.56328182487
405403,426969,429810,21566,2841,1,180000,8.59098908835
405403,426435,428998,21032,2563,1,180000,9.20600858369
405403,426834,427887,21431,1053,1,180000,21.3523266857
405403,426401,428098,20998,1697,1,180000,13.3736004714
405403,426900,429164,21497,2264,1,180000,10.4951413428
405403,426937,429177,21534,2240,1,180000,10.6133928571
405404,427150,429503,21746,2353,1,180000,10.2418189545
405404,427376,429193,21972,1817,1,180000,13.0924600991
405404,427230,428965,21826,1735,1,180000,13.5798270893
405404,427010,427809,21606,799,1,180000,28.041301627
405404,427270,429295,21866,2025,1,180000,11.7980246914
405404,427171,429029,21767,1858,1,180000,12.715285253
405405,427405,428178,22000,773,1,180000,29.4605433376
405405,427411,428286,22006,875,1,180000,26.1497142857
405405,427484,430856,22079,3372,1,180000,7.54774614472
405405,427467,430097,22062,2630,1,180000,9.38859315589
405405,427431,428444,22026,1013,1,180000,22.7433366239
405405,427501,429652,22096,2151,1,180000,11.2724314272
405406,427573,428694,22167,1121,1,180000,20.774308653
405406,427778,429597,22372,1819,1,180000,13.2990654206
405406,427746,430964,22340,3218,1,180000,7.9422001243
405406,427695,430585,22289,2890,1,180000,8.7124567474
405406,427704,429872,22298,2168,1,180000,11.2850553506
405406,427507,428972,22101,1465,1,180000,16.0860068259
405407,427816,429264,22409,1448,1,180000,16.4758287293
405407,427898,433158,22491,5260,1,180000,5.27585551331
405407,428109,441213,22702,13104,1,180000,2.73244810745
405407,427828,429644,22421,1816,1,180000,13.3463656388
405407,427822,429466,22415,1644,1,180000,14.6344282238
405418,405426,411355,8,5929,2,36000,1.00134930005
405454,405463,411560,9,6097,2,36000,1.0014761358
405469,405478,411508,9,6030,2,36000,1.00149253731
405470,405565,409197,95,3632,2,36000,1.02615638767
405537,405559,433618,22,28059,12,72000,1.00078406215
405554,405617,410697,63,5080,2,36000,1.0124015748
405585,408701,434581,3116,25880,2,43200,1.12040185471
405588,407911,436238,2323,28327,12,72000,1.08200656617
405598,408603,437164,3005,28561,12,72000,1.10521340289
405606,405632,411124,26,5492,2,36000,1.00473415878
405607,419507,447757,13900,28250,12,72000,1.49203539823
405621,405641,408784,20,3143,2,36000,1.00636334712
405636,405733,411136,97,5403,2,36000,1.01795298908
405678,429130,431511,23452,2381,2,36000,10.8496430071
405724,405752,410260,28,4508,2,36000,1.00621118012
405741,405881,410460,140,4579,2,36000,1.03057436121
405871,406125,409871,254,3746,2,36000,1.06780565937
405878,429188,434202,23310,5014,2,36000,5.64898284803
405910,429215,433923,23305,4708,2,36000,5.95008496177
406023,429308,434011,23285,4703,2,36000,5.95109504572
406030,407778,447218,1748,39440,40,43199,1.04432048682
406111,429433,434426,23322,4993,2,36000,5.67093931504
406116,406240,412056,124,5816,2,36000,1.02132049519
406215,429514,434356,23299,4842,2,36000,5.81185460553
406230,406330,410352,100,4022,2,36000,1.02486325211
406306,429570,434714,23264,5144,2,36000,5.52255054432
406321,406576,410683,255,4107,2,36000,1.06208911614
406389,429610,434643,23221,5033,2,36000,5.61374925492
406477,429655,434803,23178,5148,2,36000,5.50233100233
406492,429681,434874,23189,5193,2,36000,5.4654342384
406565,406812,410449,247,3637,2,36000,1.0679131152
406771,429821,434765,23050,4944,2,36000,5.66221682848
406780,406985,407412,205,427,2,21600,1.48009367681
406800,406877,409853,77,2976,2,36000,1.02587365591
406821,406832,411979,11,5147,2,36000,1.00213716728
406867,406923,410205,56,3282,2,36000,1.01706276661
406912,407289,413029,377,5740,2,36000,1.06567944251
406969,429934,434868,22965,4934,2,36000,5.65443858938
407277,407308,410729,31,3421,2,36000,1.00906167787
407297,430108,434704,22811,4596,2,36000,5.96322889469
407328,407337,412131,9,4794,2,36000,1.00187734668
407377,430368,435261,22991,4893,2,36000,5.69875332107
407436,407442,407845,6,403,2,21600,1.01488833747
407519,407529,410581,10,3052,2,36000,1.00327653997
407538,430596,435474,23058,4878,2,36000,5.72693726937
407553,430679,434046,23126,3367,2,36000,7.86842886843
407568,430835,433996,23267,3161,2,36000,8.36064536539
407583,430903,436245,23320,5342,2,36000,5.3654062149
407599,428189,687414,20590,259225,2,259200,1.07942906741
407632,431398,436488,23766,5090,2,36000,5.66915520629
407735,428297,687525,20562,259228,2,259200,1.07932013517
407769,431522,436496,23753,4974,2,36000,5.77543224769
407794,432019,435516,24225,3497,2,36000,7.92736631398
407824,407834,411630,10,3796,2,36000,1.00263435195
407834,408641,522063,807,113422,4,216000,1.00711502178
407872,428548,687771,20676,259223,2,259200,1.07976144092
407903,432203,436998,24300,4795,2,36000,6.06777893639
407925,409165,502135,1240,92970,4,216000,1.0133376358
407943,432853,436225,24910,3372,2,36000,8.38730723606
407965,433181,438253,25216,5072,2,36000,5.97160883281
408017,428689,687905,20672,259216,2,259200,1.07974816369
408038,408044,408621,6,577,2,21600,1.01039861352
408108,408119,413014,11,4895,2,36000,1.00224719101
408269,428808,688026,20539,259218,2,259200,1.07923446674
408351,433630,438489,25279,4859,2,36000,6.20251080469
408353,408364,412662,11,4298,2,36000,1.00255932992
408434,408444,411946,10,3502,2,36000,1.00285551114
408451,428869,688081,20418,259212,2,259200,1.07876950141
408530,408542,414153,12,5611,2,36000,1.00213865621
408562,433635,438642,25073,5007,2,36000,6.00758937488
408587,433640,438636,25053,4996,2,36000,6.01461168935
408602,433645,438265,25043,4620,2,36000,6.42056277056
408629,428924,688158,20295,259234,2,259200,1.07828834181
408631,433651,438564,25020,4913,2,36000,6.09261143904
408680,408952,409357,272,405,2,21600,1.67160493827
408691,433656,438894,24965,5238,2,36000,5.76613211149
408785,408795,414881,10,6086,2,36000,1.00164311535
408798,428984,688210,20186,259226,2,259200,1.07787027536
408860,408873,413137,13,4264,2,36000,1.00304878049
409011,409440,409809,429,369,2,21600,2.16260162602
409072,433895,438826,24823,4931,2,36000,6.03407016832
409137,433934,438926,24797,4992,2,36000,5.96734775641
409198,422594,425894,13396,3300,8,86400,5.05939393939
409199,409208,412650,9,3442,2,36000,1.00261475886
409219,409230,412603,11,3373,2,36000,1.00326119182
409241,422599,424594,13358,1995,4,86400,7.69573934837
409249,409260,415192,11,5932,2,36000,1.00185434929
409322,409332,412771,10,3439,2,36000,1.00290782204
409336,434007,439182,24671,5175,2,36000,5.76734299517
409337,409348,412703,11,3355,2,36000,1.00327868852
409497,434022,436478,24525,2456,2,36000,10.9857491857
409515,409525,413691,10,4166,2,36000,1.00240038406
409582,409592,412843,10,3251,2,36000,1.00307597662
409774,419502,422583,9728,3081,14,28800,4.15741642324
409854,409864,413796,10,3932,2,36000,1.00254323499
409869,434058,438847,24189,4789,2,36000,6.05095009397
409871,409884,413770,13,3886,2,36000,1.00334534225
410053,410064,414012,11,3948,2,36000,1.00278622087
410071,410081,414872,10,4791,2,36000,1.00208724692
410098,410108,414996,10,4888,2,36000,1.00204582651
410206,410216,414471,10,4255,2,36000,1.00235017626
410260,410271,414542,11,4271,2,36000,1.00257550925
410275,410363,413222,88,2859,2,36000,1.030779993
410354,410465,414557,111,4092,2,36000,1.02712609971
410450,410471,414107,21,3636,2,36000,1.00577557756
410465,410592,414430,127,3838,2,36000,1.03309015112
410583,410694,413841,111,3147,2,36000,1.03527168732
410682,410706,414488,24,3782,2,36000,1.00634584876
410697,410713,414342,16,3629,2,36000,1.00440892808
410698,410741,413853,43,3112,2,36000,1.01381748072
410731,410748,416463,17,5715,2,36000,1.00297462817
410746,411135,416343,389,5208,2,36000,1.07469278034
411124,411147,414595,23,3448,2,36000,1.00667053364
411139,411366,414332,227,2966,2,36000,1.0765340526
411356,411521,414791,165,3270,2,36000,1.0504587156
411510,411571,415208,61,3637,2,36000,1.01677206489
411561,411641,417346,80,5705,2,36000,1.01402278703
411630,411957,416233,327,4276,2,36000,1.07647333957
411947,412067,416002,120,3935,2,36000,1.03049555273
411981,411991,417673,10,5682,2,36000,1.00175994368
412056,412614,416167,558,3553,2,36000,1.15705037996
412131,412142,415897,11,3755,2,36000,1.00292942743
412312,434180,459055,21868,24875,1,36000,1.87911557789
412606,412661,417795,55,5134,2,36000,1.01071289443
412652,412672,418054,20,5382,2,36000,1.00371609067
412666,412714,418841,48,6127,2,36000,1.0078341766
412705,412782,415831,77,3049,2,36000,1.0252541817
412772,412854,417462,82,4608,2,36000,1.01779513889
412844,413040,416877,196,3837,2,36000,1.05108157415
413016,413026,417098,10,4072,2,36000,1.00245579568
413031,413149,416143,118,2994,2,36000,1.03941215765
413139,413233,416273,94,3040,2,36000,1.03092105263
413224,413702,417078,478,3376,2,36000,1.14158767773
413382,413388,415896,6,2508,1,7200,1.0023923445
413689,413782,419574,93,5792,2,36000,1.01605662983
413770,413808,419765,38,5957,2,36000,1.00637904986
413797,413852,419134,55,5282,2,36000,1.01041272245
413842,413865,416891,23,3026,2,36000,1.00760079313
413857,414023,417571,166,3548,2,36000,1.04678692221
414014,414118,418054,104,3936,2,36000,1.02642276423
414107,414164,420218,57,6054,2,36000,1.00941526264
414155,414345,418516,190,4171,2,36000,1.04555262527
414333,414353,418123,20,3770,2,36000,1.00530503979
414348,414442,417698,94,3256,2,36000,1.02886977887
414432,414482,417817,50,3335,2,36000,1.01499250375
414474,414498,418457,24,3959,2,36000,1.0060621369
414489,414553,417903,64,3350,2,36000,1.01910447761
414543,414568,417954,25,3386,2,36000,1.00738334318
414558,414607,419946,49,5339,2,36000,1.00917774864
414597,414802,419906,205,5104,2,36000,1.0401645768
414793,414883,418205,90,3322,2,36000,1.02709211318
414874,414893,418332,19,3439,2,36000,1.00552486188
414889,415204,418591,315,3387,2,36000,1.09300265722
414998,415007,418305,9,3298,2,36000,1.00272892662
415193,415219,419056,26,3837,2,36000,1.00677612718
415208,415395,418536,187,3141,2,36000,1.05953517988
415390,434214,439432,18824,5218,2,36000,4.60751245688
415833,415842,419606,9,3764,2,36000,1.00239107333
415897,415908,419384,11,3476,2,36000,1.00316455696
416003,416013,420051,10,4038,2,36000,1.0024764735
416144,416155,421985,11,5830,2,36000,1.00188679245
416168,416178,422216,10,6038,2,36000,1.00165617754
416235,416244,421643,9,5399,2,36000,1.00166697537
416273,416284,420989,11,4705,2,36000,1.00233793836
416346,416354,419781,8,3427,2,36000,1.00233440327
416463,416474,422221,11,5747,2,36000,1.00191404211
416877,416888,419834,11,2946,2,36000,1.00373387644
416892,416902,420635,10,3733,2,36000,1.00267881061
417079,417089,421448,10,4359,2,36000,1.00229410415
417099,417109,423242,10,6133,2,36000,1.0016305234
417347,417359,420090,12,2731,2,36000,1.00439399487
417465,417474,420414,9,2940,2,36000,1.00306122449
417570,417582,420859,12,3277,2,36000,1.00366188587
417673,417684,421123,11,3439,2,36000,1.00319860425
417700,417709,421029,9,3320,2,36000,1.00271084337
417708,434220,520648,16512,86428,1,86400,1.19104919702
417796,417806,422773,10,4967,2,36000,1.0020132877
417817,417828,422743,11,4915,2,36000,1.0022380468
417904,417914,423472,10,5558,2,36000,1.00179920835
417955,417965,421275,10,3310,2,36000,1.00302114804
418056,418065,421792,9,3727,2,36000,1.00241481084
418057,418070,421382,13,3312,2,36000,1.00392512077
418123,418134,423403,11,5269,2,36000,1.00208768267
418208,418217,422349,9,4132,2,36000,1.00217812197
418307,418317,424183,10,5866,2,36000,1.00170473917
418336,418344,423049,8,4705,2,36000,1.00170031881
418456,418468,421834,12,3366,2,36000,1.00356506239
418517,418527,422731,10,4204,2,36000,1.00237868696
418537,418547,421680,10,3133,2,36000,1.00319182892
418548,418554,418556,6,2,2,3540,1.0
418589,418602,421790,13,3188,2,36000,1.00407779172
418840,418852,422670,12,3818,2,36000,1.00314300681
419057,419067,421856,10,2789,2,36000,1.00358551452
419135,419145,422234,10,3089,2,36000,1.00323729362
419386,419395,422639,9,3244,2,36000,1.00277435265
419573,419586,422645,13,3059,2,36000,1.00424975482
419607,419618,423836,11,4218,2,36000,1.00260787103
419768,419777,425032,9,5255,2,36000,1.00171265461
419783,419793,422771,10,2978,2,36000,1.00335795836
419834,419845,424741,11,4896,2,36000,1.00224673203
419906,419917,423184,11,3267,2,36000,1.00336700337
419949,419957,425834,8,5877,2,36000,1.00136123873
420051,420062,423649,11,3587,2,36000,1.0030666295
420090,420101,423671,11,3570,2,36000,1.00308123249
420220,420230,423525,10,3295,2,36000,1.00303490137
420413,420425,426493,12,6068,2,36000,1.00197758734
420637,420646,425236,9,4590,2,36000,1.00196078431
420861,420870,424261,9,3391,2,36000,1.00265408434
420990,421001,424115,11,3114,2,36000,1.00353243417
421029,421040,426334,11,5294,2,36000,1.00207782395
421123,421134,424876,11,3742,2,36000,1.00293960449
421277,421287,424956,10,3669,2,36000,1.00272553829
421382,421394,425673,12,4279,2,36000,1.00280439355
421448,421459,427331,11,5872,2,36000,1.001873297
421645,421654,426861,9,5207,2,36000,1.00172844248
421681,421691,425191,10,3500,2,36000,1.00285714286
421789,421802,425230,13,3428,2,36000,1.00379229872
421804,421846,427503,42,5657,2,36000,1.00742442991
421834,421867,426978,33,5111,2,36000,1.0064566621
421858,421996,427977,138,5981,2,36000,1.0230730647
421986,422227,425337,241,3110,2,36000,1.07749196141
422219,422233,428029,14,5796,2,36000,1.00241545894
422234,422245,426015,11,3770,2,36000,1.00291777188
422235,422365,427943,130,5578,2,36000,1.02330584439
422350,422651,427637,301,4986,2,36000,1.06036903329
422640,422657,428126,17,5469,2,36000,1.00310842933
422655,422681,428127,26,5446,2,36000,1.00477414616
422670,422742,427547,72,4805,2,36000,1.01498439126
422733,422754,428151,21,5397,2,36000,1.00389105058
422749,422782,428719,33,5937,2,36000,1.00555836281
422773,423060,428250,287,5190,2,36000,1.05529865125
422775,422788,425811,13,3023,2,36000,1.00430036388
423049,423196,426449,147,3253,2,36000,1.04518905626
423185,423253,427890,68,4637,2,36000,1.01466465387
423242,423483,429555,241,6072,2,36000,1.03969038208
423405,423414,429087,9,5673,2,36000,1.00158646219
423474,423536,428772,62,5236,2,36000,1.01184110008
423525,423660,427359,135,3699,2,36000,1.03649635036
423646,423683,427174,37,3491,2,36000,1.01059868233
423673,424126,426967,453,2841,2,36000,1.15945089757
423838,423847,426965,9,3118,2,36000,1.00288646568
424117,424195,428556,78,4361,2,36000,1.01788580601
424183,424272,430322,89,6050,2,36000,1.0147107438
424261,424888,429587,627,4699,2,36000,1.13343264524
424741,424752,427636,11,2884,2,36000,1.00381414702
424877,424967,428699,90,3732,2,36000,1.02411575563
424955,425043,428183,88,3140,2,36000,1.02802547771
425033,425203,428447,170,3244,2,36000,1.05240443896
425193,425241,429265,48,4024,2,36000,1.01192842942
425232,425247,428128,15,2881,2,36000,1.00520652551
425247,425348,428228,101,2880,2,36000,1.03506944444
425337,425684,429208,347,3524,2,36000,1.0984676504
425673,425822,429291,149,3469,2,36000,1.04295185933
425812,425845,429683,33,3838,2,36000,1.00859822824
425833,426027,429661,194,3634,2,36000,1.05338470006
426017,426460,429542,443,3082,2,36000,1.14373783258
426335,426346,430164,11,3818,2,36000,1.00288108958
426449,426504,431708,55,5204,2,36000,1.01056879324
426492,426545,432115,53,5570,2,36000,1.00951526032
426543,434228,439313,7685,5085,2,36000,2.51130776794
426862,426872,430670,10,3798,2,36000,1.00263296472
426965,426977,431502,12,4525,2,36000,1.0026519337
426981,426989,431935,8,4946,2,36000,1.00161746866
426982,427185,431047,203,3862,2,36000,1.05256343863
427176,427342,433277,166,5935,2,36000,1.02796967144
427333,427370,431021,37,3651,2,36000,1.01013420981
427360,427515,431850,155,4335,2,36000,1.03575547866
427505,427559,430929,54,3370,2,36000,1.01602373887
427547,427647,433836,100,6189,2,36000,1.01615769914
427638,427653,431258,15,3605,2,36000,1.00416088766
427639,427904,431106,265,3202,2,36000,1.08276077452
427890,427954,430997,64,3043,2,36000,1.02103187644
427944,427988,432077,44,4089,2,36000,1.01076057716
427977,428041,433569,64,5528,2,36000,1.01157742402
428032,428137,431841,105,3704,2,36000,1.02834773218
428122,428143,431159,21,3016,2,36000,1.00696286472
428137,428148,431416,11,3268,2,36000,1.00336597307
428138,428162,431965,24,3803,2,36000,1.00631080726
428153,428195,431971,42,3776,2,36000,1.01112288136
428183,428239,432096,56,3857,2,36000,1.01451905626
428228,428458,432336,230,3878,2,36000,1.05930892212
428252,428261,434280,9,6019,2,36000,1.00149526499
428449,428567,432069,118,3502,2,36000,1.03369503141
428557,428710,434438,153,5728,2,36000,1.02671089385
428699,428730,434109,31,5379,2,36000,1.005763153
428720,428783,431745,63,2962,2,36000,1.02126941256
428772,429099,435073,327,5974,2,36000,1.05473719451
429090,429221,433067,131,3846,2,36000,1.03406136245
429208,429276,435175,68,5899,2,36000,1.01152737752
429265,429302,432753,37,3451,2,36000,1.01072152999
429292,429554,432964,262,3410,2,36000,1.07683284457
429544,429565,433335,21,3770,2,36000,1.00557029178
429559,429672,433040,113,3368,2,36000,1.03355106888
429589,429599,433782,10,4183,2,36000,1.00239062874
429662,430333,434501,671,4168,2,36000,1.16098848369
429683,429695,434577,12,4882,2,36000,1.00245800901
430164,430175,434401,11,4226,2,36000,1.00260293422
430325,430685,433987,360,3302,2,36000,1.10902483343
430672,430940,434782,268,3842,2,36000,1.06975533576
430929,431009,435950,80,4941,2,36000,1.01619105444
430998,431032,435714,34,4682,2,36000,1.00726185391
431022,431058,436762,36,5704,2,36000,1.00631136045
431046,431117,435856,71,4739,2,36000,1.01498206373
431107,431170,434989,63,3819,2,36000,1.01649646504
431158,431269,435835,111,4566,2,36000,1.02431011827
431258,431427,434948,169,3521,2,36000,1.04799772792
431418,431513,434590,95,3077,2,36000,1.03087422814
431502,431720,435639,218,3919,2,36000,1.05562643532
431517,434368,439688,2851,5320,2,36000,1.53590225564
431708,431757,435058,49,3301,2,36000,1.01484398667
431747,431852,435782,105,3930,2,36000,1.02671755725
431841,431861,435301,20,3440,2,36000,1.00581395349
431856,431946,435409,90,3463,2,36000,1.02598902686
431937,431976,434947,39,2971,2,36000,1.0131268933
431964,431982,435760,18,3778,2,36000,1.00476442562
431979,432080,436133,101,4053,2,36000,1.02491981248
432070,432088,437461,18,5373,2,36000,1.00335008375
432085,432107,438124,22,6017,2,36000,1.00365630713
432100,432126,437253,26,5127,2,36000,1.00507119173
432115,432333,436085,218,3752,2,36000,1.05810234542
432324,434437,437666,2113,3229,2,36000,1.65438216166
432338,432347,437000,9,4653,2,36000,1.00193423598
432753,432764,436175,11,3411,2,36000,1.00322486074
432965,432975,436159,10,3184,2,36000,1.00314070352
433040,433051,437697,11,4646,2,36000,1.00236762807
433067,433078,438947,11,5869,2,36000,1.00187425456
433276,433288,437815,12,4527,2,36000,1.00265076209
433336,433346,436551,10,3205,2,36000,1.0031201248
433569,433581,439180,12,5599,2,36000,1.00214323986
433784,433793,439913,9,6120,2,36000,1.00147058824
433838,433847,436744,9,2897,2,36000,1.00310666206
433925,434594,439286,669,4692,2,36000,1.1425831202
433989,433999,437117,10,3118,2,36000,1.00320718409
433998,434654,439489,656,4835,2,36000,1.13567735264
434014,434716,438529,702,3813,2,36000,1.18410700236
434048,434725,439569,677,4844,2,36000,1.13976052849
434110,434121,438404,11,4283,2,36000,1.00256829325
434170,434776,439562,606,4786,2,36000,1.12661930631
434204,434782,439937,578,5155,2,36000,1.11212415131
434219,434815,440045,596,5230,2,36000,1.11395793499
434282,434291,438318,9,4027,2,36000,1.00223491433
434358,434880,438043,522,3163,2,36000,1.16503319633
434403,434412,437785,9,3373,2,36000,1.00266824785
434426,434886,439884,460,4998,2,36000,1.09203681473
434439,434450,437543,11,3093,2,36000,1.00355641772
434503,434513,437982,10,3469,2,36000,1.00288267512
434578,434588,440419,10,5831,2,36000,1.0017149717
434593,434602,440664,9,6062,2,36000,1.00148465853
434644,435272,440118,628,4846,2,36000,1.1295914156
434707,435485,439233,778,3748,2,36000,1.2075773746
434722,435527,440634,805,5107,2,36000,1.15762678676
434768,436053,441053,1285,5000,2,36000,1.257
434783,434793,438256,10,3463,2,36000,1.00288766965
434806,436237,441255,1431,5018,2,36000,1.28517337585
434871,436249,441165,1378,4916,2,36000,1.28030919447
434886,436254,441096,1368,4842,2,36000,1.28252788104
434949,434958,440902,9,5944,2,36000,1.0015141319
434950,434964,439017,14,4053,2,36000,1.00345423143
434989,435000,441037,11,6037,2,36000,1.00182209707
435059,435069,438886,10,3817,2,36000,1.00261985853
435074,435084,439217,10,4133,2,36000,1.00241954996
435176,435187,441279,11,6092,2,36000,1.00180564675
435265,436259,441522,994,5263,2,36000,1.18886566597
435303,435313,438301,10,2988,2,36000,1.00334672021
435412,435420,438506,8,3086,2,36000,1.00259235256
435475,436264,441171,789,4907,2,36000,1.16079070715
435518,436270,441341,752,5071,2,36000,1.14829422205
435641,435651,441757,10,6106,2,36000,1.00163773338
435713,435725,440003,12,4278,2,36000,1.00280504909
435762,435771,438622,9,2851,2,36000,1.00315678709
435783,435793,440014,10,4221,2,36000,1.00236910685
435837,435847,439547,10,3700,2,36000,1.0027027027
435858,435868,439091,10,3223,2,36000,1.00310269935
435951,435961,439080,10,3119,2,36000,1.00320615582
436087,436096,439636,9,3540,2,36000,1.00254237288
436135,436144,439255,9,3111,2,36000,1.00289296046
436159,436170,439798,11,3628,2,36000,1.00303197354
436177,436187,439275,10,3088,2,36000,1.00323834197
436232,436275,441176,43,4901,2,36000,1.00877371965
436247,436281,441582,34,5301,2,36000,1.00641388417
436479,436485,441689,6,5204,2,36000,1.00115295926
436494,436501,441421,7,4920,2,36000,1.00142276423
436496,436507,441666,11,5159,2,36000,1.00213219616
436553,436562,442212,9,5650,2,36000,1.00159292035
436743,436755,440724,12,3969,2,36000,1.00302343159
436761,436773,440929,12,4156,2,36000,1.00288739172
437000,437006,439448,6,2442,2,36000,1.00245700246
437000,437012,440010,12,2998,2,36000,1.00400266845
437117,437128,441021,11,3893,2,36000,1.00282558438
437253,437264,442983,11,5719,2,36000,1.00192341318
437465,437472,441268,7,3796,2,36000,1.00184404636
437543,437554,440824,11,3270,2,36000,1.00336391437
437667,437673,442497,6,4824,2,36000,1.00124378109
437697,437708,443640,11,5932,2,36000,1.00185434929
437787,437797,442539,10,4742,2,36000,1.00210881485
437817,437826,442181,9,4355,2,36000,1.00206659013
437983,437993,443243,10,5250,2,36000,1.0019047619
438045,438051,443031,6,4980,2,36000,1.00120481928
438126,438136,441159,10,3023,2,36000,1.00330797221
438256,438268,442671,12,4403,2,36000,1.00272541449
438256,438261,443500,5,5239,2,36000,1.00095438061
438271,438277,443025,6,4748,2,36000,1.00126368997
438301,438312,441208,11,2896,2,36000,1.00379834254
438319,438329,444046,10,5717,2,36000,1.00174916914
438407,438415,441474,8,3059,2,36000,1.00261523374
438491,438497,443148,6,4651,2,36000,1.00129004515
438506,438517,441449,11,2932,2,36000,1.00375170532
438531,438537,443293,6,4756,2,36000,1.00126156434
438565,438571,443680,6,5109,2,36000,1.00117439812
438624,438634,443294,10,4660,2,36000,1.00214592275
438639,438645,441740,6,3095,2,36000,1.00193861066
438654,438660,441810,6,3150,2,36000,1.0019047619
438827,438833,443724,6,4891,2,36000,1.001226743
438848,438854,443510,6,4656,2,36000,1.00128865979
438886,438897,445006,11,6109,2,36000,1.00180062203
438894,438903,443903,9,5000,2,36000,1.0018
438928,438934,443332,6,4398,2,36000,1.00136425648
438950,438959,441790,9,2831,2,36000,1.00317908866
439019,439028,443934,9,4906,2,36000,1.00183448838
439082,439091,442543,9,3452,2,36000,1.00260718424
439097,439103,442252,6,3149,2,36000,1.00190536678
439182,439196,443959,14,4763,2,36000,1.00293932396
439184,439190,444006,6,4816,2,36000,1.00124584718
439218,439229,444817,11,5588,2,36000,1.00196850394
439234,439240,444028,6,4788,2,36000,1.00125313283
439257,439266,444303,9,5037,2,36000,1.00178677784
439275,439286,442026,11,2740,2,36000,1.00401459854
439289,439296,444222,7,4926,2,36000,1.00142103126
439314,439320,442492,6,3172,2,36000,1.00189155107
439432,439438,444863,6,5425,2,36000,1.00110599078
439450,439456,444708,6,5252,2,36000,1.00114242193
439490,439496,442043,6,2547,2,36000,1.0023557126
439548,439558,444142,10,4584,2,36000,1.00218150087
439564,439570,444653,6,5083,2,36000,1.00118040527
439580,439586,444747,6,5161,2,36000,1.00116256539
439636,439647,444999,11,5352,2,36000,1.00205530643
439688,439694,444428,6,4734,2,36000,1.00126742712
439799,439809,442869,10,3060,2,36000,1.00326797386
439884,439890,444519,6,4629,2,36000,1.00129617628
439914,439924,446046,10,6122,2,36000,1.00163345312
439937,439943,445066,6,5123,2,36000,1.00117118876
440004,440014,445001,10,4987,2,36000,1.00200521356
440020,440026,443549,6,3523,2,36000,1.00170309395
440022,440032,445065,10,5033,2,36000,1.00198688655
440047,440053,444925,6,4872,2,36000,1.00123152709
440121,440127,445327,6,5200,2,36000,1.00115384615
440424,440430,444111,6,3681,2,36000,1.00162999185
440640,440646,445631,6,4985,2,36000,1.00120361083
440666,440676,446377,10,5701,2,36000,1.00175407823
440726,440736,443979,10,3243,2,36000,1.0030835646
440826,440835,444552,9,3717,2,36000,1.00242130751
440901,440913,443989,12,3076,2,36000,1.00390117035
440932,440941,446945,9,6004,2,36000,1.00149900067
441022,441032,447119,10,6087,2,36000,1.00164284541
441037,441049,444381,12,3332,2,36000,1.00360144058
441055,441061,446362,6,5301,2,36000,1.00113186191
441100,441106,446056,6,4950,2,36000,1.00121212121
441161,441170,444156,9,2986,2,36000,1.00301406564
441165,441176,446046,11,4870,2,36000,1.0022587269
441180,441186,446012,6,4826,2,36000,1.00124326564
441181,441192,445852,11,4660,2,36000,1.00236051502
441210,441219,446772,9,5553,2,36000,1.00162074554
441257,441263,446511,6,5248,2,36000,1.00114329268
441270,441279,444380,9,3101,2,36000,1.00290228958
441285,441291,444454,6,3163,2,36000,1.00189693329
441344,441350,446602,6,5252,2,36000,1.00114242193
441421,441428,446521,7,5093,2,36000,1.0013744355
441449,441460,445875,11,4415,2,36000,1.00249150623
441476,441485,444751,9,3266,2,36000,1.00275566442
441526,441532,446352,6,4820,2,36000,1.00124481328
441582,441588,446681,6,5093,2,36000,1.00117808757
441667,441673,445082,6,3409,2,36000,1.00176004693
441692,441698,446552,6,4854,2,36000,1.00123609394
441740,441746,446842,6,5096,2,36000,1.00117739403
441758,441768,446917,10,5149,2,36000,1.00194212468
441791,441801,446143,10,4342,2,36000,1.00230308614
441811,441817,447043,6,5226,2,36000,1.00114810563
442028,442037,445190,9,3153,2,36000,1.00285442436
442044,442050,446992,6,4942,2,36000,1.00121408337
442181,442193,445721,12,3528,2,36000,1.00340136054
442215,442224,447780,9,5556,2,36000,1.00161987041
442254,442264,447587,10,5323,2,36000,1.00187863986
442492,442499,447311,7,4812,2,36000,1.00145469659
442508,442514,444883,6,2369,2,36000,1.00253271423
442539,442550,445816,11,3266,2,36000,1.00336803429
442553,442560,446340,7,3780,2,36000,1.00185185185
442671,442682,447578,11,4896,2,36000,1.00224673203
442871,442880,448045,9,5165,2,36000,1.00174249758
442986,442995,448704,9,5709,2,36000,1.00157645822
443027,443033,447927,6,4894,2,36000,1.00122599101
443042,443048,447906,6,4858,2,36000,1.00123507616
443150,443156,446897,6,3741,2,36000,1.00160384924
443245,443255,446417,10,3162,2,36000,1.00316255534
443293,443308,449481,15,6173,2,36000,1.00242993682
443296,443302,448684,6,5382,2,36000,1.0011148272
443333,443339,448286,6,4947,2,36000,1.00121285628
443382,443388,529799,6,86411,8,86400,1.0000694356
443500,443506,446203,6,2697,2,36000,1.0022246941
443516,443522,446264,6,2742,2,36000,1.00218818381
443551,443561,446652,10,3091,2,36000,1.00323519896
443642,443651,447230,9,3579,2,36000,1.0025146689
443682,443688,449014,6,5326,2,36000,1.001126549
443731,443737,448637,6,4900,2,36000,1.0012244898
443903,443909,448973,6,5064,2,36000,1.00118483412
443937,443945,446801,8,2856,2,36000,1.00280112045
443961,443970,447831,9,3861,2,36000,1.00233100233
443979,443990,448913,11,4923,2,36000,1.00223440991
443994,444000,449314,6,5314,2,36000,1.00112909296
444008,444014,449391,6,5377,2,36000,1.00111586386
444029,444036,448978,7,4942,2,36000,1.00141643059
444049,444058,449129,9,5071,2,36000,1.00177479787
444112,444122,447827,10,3705,2,36000,1.00269905533
444142,444153,450130,11,5977,2,36000,1.00184038815
444157,444167,448317,10,4150,2,36000,1.00240963855
444224,444230,449181,6,4951,2,36000,1.00121187639
444305,444314,447880,9,3566,2,36000,1.00252383623
444381,444391,448909,10,4518,2,36000,1.00221336875
444382,444397,448739,15,4342,2,36000,1.0034546292
444432,444438,449740,6,5302,2,36000,1.00113164843
444454,444465,447744,11,3279,2,36000,1.00335468131
444521,444528,449593,7,5065,2,36000,1.00138203356
444554,444564,448184,10,3620,2,36000,1.00276243094
444654,444660,450004,6,5344,2,36000,1.00112275449
444709,444715,448222,6,3507,2,36000,1.00171086399
444748,444755,449702,7,4947,2,36000,1.00141499899
444755,444762,448343,7,3581,2,36000,1.00195476124
444820,444828,448205,8,3377,2,36000,1.00236896654
444867,444873,449658,6,4785,2,36000,1.0012539185
444882,444889,449822,7,4933,2,36000,1.0014190148
444926,444932,450212,6,5280,2,36000,1.00113636364
445002,445017,448023,15,3006,2,36000,1.00499001996
445003,445011,448082,8,3071,2,36000,1.00260501465
445018,445024,449512,6,4488,2,36000,1.0013368984
445066,445078,449846,12,4768,2,36000,1.00251677852
445067,445072,447753,5,2681,2,36000,1.00186497576
445082,445088,449669,6,4581,2,36000,1.00130975769
445193,445202,449138,9,3936,2,36000,1.00228658537
445332,445338,450282,6,4944,2,36000,1.00121359223
445631,445637,450575,6,4938,2,36000,1.00121506683
445655,447229,490433,1574,43204,23,43200,1.03643181187
445721,445733,449443,12,3710,2,36000,1.00323450135
445819,445827,451220,8,5393,2,36000,1.00148340441
445854,445861,450780,7,4919,2,36000,1.00142305347
445876,445886,451853,10,5967,2,36000,1.00167588403
446013,446019,450564,6,4545,2,36000,1.00132013201
446046,446061,449082,15,3021,2,36000,1.0049652433
446048,446054,450833,6,4779,2,36000,1.00125549278
446063,446069,450348,6,4279,2,36000,1.00140219677
446143,446154,452240,11,6086,2,36000,1.00180742688
446203,446210,451157,7,4947,2,36000,1.00141499899
446269,446275,451143,6,4868,2,36000,1.00123253903
446341,446351,452091,10,5740,2,36000,1.00174216028
446353,446359,448806,6,2447,2,36000,1.00245198202
446368,446374,450948,6,4574,2,36000,1.00131176213
446378,446388,451337,10,4949,2,36000,1.00202061022
446417,446429,450418,12,3989,2,36000,1.00300827275
446514,446521,449033,7,2512,2,36000,1.0027866242
446530,446536,451092,6,4556,2,36000,1.00131694469
446555,446561,449026,6,2465,2,36000,1.00243407708
446605,446611,451977,6,5366,2,36000,1.00111815132
446653,446663,450505,10,3842,2,36000,1.00260281104
446682,446688,451347,6,4659,2,36000,1.00128783001
446774,446784,450039,10,3255,2,36000,1.00307219662
446801,446812,450856,11,4044,2,36000,1.00272007913
446842,446849,450441,7,3592,2,36000,1.00194877506
446899,446905,452203,6,5298,2,36000,1.00113250283
446920,446928,452530,8,5602,2,36000,1.00142806141
446947,446957,449999,10,3042,2,36000,1.00328731098
446996,447002,449766,6,2764,2,36000,1.002170767
447048,447054,451908,6,4854,2,36000,1.00123609394
447123,447134,451748,11,4614,2,36000,1.00238404855
447232,447241,451912,9,4671,2,36000,1.00192678227
447316,447321,450472,5,3151,2,36000,1.00158679784
447579,447590,451134,11,3544,2,36000,1.00310383747
447594,447600,450424,6,2824,2,36000,1.00212464589
447746,447755,451856,9,4101,2,36000,1.00219458669
447758,447764,452598,6,4834,2,36000,1.00124120811
447780,447791,451693,11,3902,2,36000,1.00281906715
447829,447839,451829,10,3990,2,36000,1.00250626566
447843,447849,452002,6,4153,2,36000,1.00144473874
447880,447891,452327,11,4436,2,36000,1.00247971145
447907,447913,453052,6,5139,2,36000,1.00116754232
447928,447934,453093,6,5159,2,36000,1.00116301609
448025,448034,453698,9,5664,2,36000,1.00158898305
448046,448056,451324,10,3268,2,36000,1.00305997552
448083,448093,452045,10,3952,2,36000,1.00253036437
448186,448196,451704,10,3508,2,36000,1.00285062714
448208,448216,453395,8,5179,2,36000,1.00154469975
448223,448229,452815,6,4586,2,36000,1.0013083297
448288,448294,453191,6,4897,2,36000,1.00122523994
448320,448328,453128,8,4800,2,36000,1.00166666667
448344,448354,454430,10,6076,2,36000,1.00164581962
448645,448651,451032,6,2381,2,36000,1.0025199496
448686,448692,453669,6,4977,2,36000,1.00120554551
448708,448715,452772,7,4057,2,36000,1.00172541287
448741,448750,454627,9,5877,2,36000,1.00153139357
448807,448813,453339,6,4526,2,36000,1.00132567388
448912,448920,452453,8,3533,2,36000,1.00226436456
448914,448926,454617,12,5691,2,36000,1.00210859251
448976,448982,454250,6,5268,2,36000,1.00113895216
448992,448998,453977,6,4979,2,36000,1.00120506126
449018,449024,453753,6,4729,2,36000,1.00126876718
449033,449039,452983,6,3944,2,36000,1.00152129817
449035,449045,453994,10,4949,2,36000,1.00202061022
449084,449093,451916,9,2823,2,36000,1.00318809777
449132,449141,452908,9,3767,2,36000,1.0023891691
449147,449153,452884,6,3731,2,36000,1.00160814795
449182,449188,451797,6,2609,2,36000,1.0022997317
449317,449326,452387,9,3061,2,36000,1.00294021562
449392,449398,452653,6,3255,2,36000,1.00184331797
449444,449454,455558,10,6104,2,36000,1.00163826999
449481,449492,453072,11,3580,2,36000,1.0030726257
449514,449523,453070,9,3547,2,36000,1.00253735551
449595,449601,454962,6,5361,2,36000,1.00111919418
449660,449666,454794,6,5128,2,36000,1.0011700468
449675,449682,454935,7,5253,2,36000,1.00133257186
449703,449709,452161,6,2452,2,36000,1.00244698206
449740,449746,454683,6,4937,2,36000,1.00121531294
449769,449775,454461,6,4686,2,36000,1.00128040973
449824,449830,454858,6,5028,2,36000,1.00119331742
449847,449857,453738,10,3881,2,36000,1.0025766555
450000,450010,453711,10,3701,2,36000,1.00270197244
450008,450016,455105,8,5089,2,36000,1.00157201808
450042,450051,453880,9,3829,2,36000,1.00235048315
450133,450141,455923,8,5782,2,36000,1.00138360429
450214,450220,455456,6,5236,2,36000,1.00114591291
450283,450289,452402,6,2113,2,36000,1.0028395646
450351,450356,455138,5,4782,2,36000,1.00104558762
450418,450430,454144,12,3714,2,36000,1.00323101777
450433,450439,454193,6,3754,2,36000,1.00159829515
450441,450447,455592,6,5145,2,36000,1.00116618076
450472,450478,455120,6,4642,2,36000,1.00129254632
450506,450516,456570,10,6054,2,36000,1.00165180046
450566,450572,455566,6,4994,2,36000,1.00120144173
450581,450588,455632,7,5044,2,36000,1.00138778747
450782,450788,456021,6,5233,2,36000,1.00114656985
450835,450841,455710,6,4869,2,36000,1.00123228589
450857,450867,454340,10,3473,2,36000,1.00287935502
450951,450957,456137,6,5180,2,36000,1.00115830116
451034,451040,454595,6,3555,2,36000,1.00168776371
451098,451104,456167,6,5063,2,36000,1.00118506814
451137,451145,454475,8,3330,2,36000,1.0024024024
451146,451152,456226,6,5074,2,36000,1.00118249901
451162,451168,456175,6,5007,2,36000,1.00119832235
451222,451231,456738,9,5507,2,36000,1.00163428364
451326,451335,454704,9,3369,2,36000,1.00267141585
451341,451349,456866,8,5517,2,36000,1.00145006344
451348,451355,456086,7,4731,2,36000,1.00147960262
451696,451704,455202,8,3498,2,36000,1.00228702115
451711,451717,455423,6,3706,2,36000,1.00161899622
451750,451760,456539,10,4779,2,36000,1.00209248797
451802,451808,456597,6,4789,2,36000,1.00125287116
451829,451841,455739,12,3898,2,36000,1.0030785018
451854,451865,455720,11,3855,2,36000,1.00285343709
451855,451871,456617,16,4746,2,36000,1.00337126001
451910,451916,456179,6,4263,2,36000,1.00140745954
451914,451923,457070,9,5147,2,36000,1.00174859141
451928,451935,457660,7,5725,2,36000,1.00122270742
451977,451983,456969,6,4986,2,36000,1.00120336943
451995,452001,452041,6,40,1,1800,1.15
452005,452013,457866,8,5853,2,36000,1.00136682043
452047,452056,457464,9,5408,2,36000,1.00166420118
452093,452102,457484,9,5382,2,36000,1.0016722408
452164,452170,457234,6,5064,2,36000,1.00118483412
452203,452210,457048,7,4838,2,36000,1.00144687888
452242,452252,457528,10,5276,2,36000,1.00189537528
452286,452292,452400,6,108,1,1800,1.05555555556
452326,452332,452410,6,78,1,1800,1.07692307692
452330,452338,456459,8,4121,2,36000,1.00194127639
452388,452399,457067,11,4668,2,36000,1.00235646958
452405,452411,457437,6,5026,2,36000,1.00119379228
452456,452464,457591,8,5127,2,36000,1.00156036669
452529,452541,457205,12,4664,2,36000,1.0025728988
452603,452609,457184,6,4575,2,36000,1.00131147541
452656,452663,457915,7,5252,2,36000,1.00133282559
452707,452713,452810,6,97,1,1800,1.0618556701
452772,452783,457302,11,4519,2,36000,1.00243416685
452815,452821,457616,6,4795,2,36000,1.00125130344
452886,452896,456273,10,3377,2,36000,1.00296120817
452907,452919,458749,12,5830,2,36000,1.00205831904
452939,452945,453182,6,237,1,1800,1.0253164557
452984,452990,458173,6,5183,2,36000,1.00115763072
453053,453059,457999,6,4940,2,36000,1.0012145749
453071,453081,456195,10,3114,2,36000,1.00321130379
453073,453087,458060,14,4973,2,36000,1.00281520209
453093,453100,458175,7,5075,2,36000,1.00137931034
453130,453139,458818,9,5679,2,36000,1.00158478605
453197,453203,456696,6,3493,2,36000,1.00171772116
453342,453348,458106,6,4758,2,36000,1.00126103405
453400,453405,459447,5,6042,2,36000,1.00082754055
453476,453482,453968,6,486,1,1800,1.01234567901
453672,453678,458333,6,4655,2,36000,1.00128893663
453700,453710,456757,10,3047,2,36000,1.00328191664
453714,453722,459791,8,6069,2,36000,1.00131817433
453739,453749,457115,10,3366,2,36000,1.00297088532
453754,453760,456284,6,2524,2,36000,1.00237717908
453881,453892,456585,11,2693,2,36000,1.00408466394
453982,453988,458366,6,4378,2,36000,1.00137048881
453997,454003,459297,6,5294,2,36000,1.00113335852
454150,454156,457738,6,3582,2,36000,1.00167504188
454192,454204,458250,12,4046,2,36000,1.00296589224
454256,454262,459475,6,5213,2,36000,1.00115096873
454341,454351,459080,10,4729,2,36000,1.00211461197
454432,454441,459867,9,5426,2,36000,1.00165868043
454464,454470,457432,6,2962,2,36000,1.00202565834
454476,454483,454512,7,29,1,1800,1.24137931034
454477,454489,457835,12,3346,2,36000,1.00358637179
454597,454603,459579,6,4976,2,36000,1.00120578778
454617,454629,460750,12,6121,2,36000,1.00196046398
454632,454638,459872,6,5234,2,36000,1.00114635078
454685,454691,459671,6,4980,2,36000,1.00120481928
454705,454715,458717,10,4002,2,36000,1.00249875062
454797,454804,459834,7,5030,2,36000,1.0013916501
454808,454814,454883,6,69,1,1800,1.08695652174
454862,454868,457281,6,2413,2,36000,1.00248653129
454938,454944,459792,6,4848,2,36000,1.00123762376
454963,454969,460347,6,5378,2,36000,1.00111565638
455109,455115,458670,6,3555,2,36000,1.00168776371
455124,455130,460512,6,5382,2,36000,1.0011148272
455139,455145,460100,6,4955,2,36000,1.00121089808
455206,455214,460998,8,5784,2,36000,1.00138312586
455425,455434,459946,9,4512,2,36000,1.00199468085
455461,455467,460450,6,4983,2,36000,1.00120409392
455559,455569,461426,10,5857,2,36000,1.00170735872
455567,455575,460327,8,4752,2,36000,1.00168350168
455595,455601,460869,6,5268,2,36000,1.00113895216
455600,455607,455738,7,131,1,1800,1.0534351145
455632,455638,460328,6,4690,2,36000,1.0012793177
455711,455717,458274,6,2557,2,36000,1.0023464998
455722,455735,460626,13,4891,2,36000,1.00265794316
455723,455729,455776,6,47,1,1800,1.12765957447
455741,455750,458612,9,2862,2,36000,1.00314465409
455926,455935,459854,9,3919,2,36000,1.00229650421
456027,456033,458554,6,2521,2,36000,1.00238000793
456087,456093,459321,6,3228,2,36000,1.00185873606
456096,456102,456180,6,78,1,1800,1.07692307692
456138,456144,460881,6,4737,2,36000,1.00126662445
456170,456176,460830,6,4654,2,36000,1.00128921358
456185,456191,460882,6,4691,2,36000,1.00127904498
456187,456197,458652,10,2455,2,36000,1.00407331976
456198,456206,460670,8,4464,2,36000,1.0017921147
456228,456234,459591,6,3357,2,36000,1.0017873101
456274,456284,462216,10,5932,2,36000,1.00168577208
456285,456291,460882,6,4591,2,36000,1.00130690481
456380,456386,456622,6,236,16,3600,1.02542372881
456459,456471,460472,12,4001,2,36000,1.00299925019
456541,456551,462740,10,6189,2,36000,1.00161576991
456572,456581,460736,9,4155,2,36000,1.00216606498
456587,456596,459830,9,3234,2,36000,1.00278293135
456598,456604,460882,6,4278,2,36000,1.00140252454
456617,456628,462223,11,5595,2,36000,1.00196604111
456697,456703,460882,6,4179,2,36000,1.00143575018
456724,456730,465003,6,8273,1,36000,1.00072525082
456739,456750,461627,11,4877,2,36000,1.00225548493
456757,456768,461534,11,4766,2,36000,1.00230801511
456866,456877,459997,11,3120,2,36000,1.00352564103
456970,456976,460882,6,3906,2,36000,1.00153609831
457049,457055,460379,6,3324,2,36000,1.00180505415
457069,457078,461725,9,4647,2,36000,1.00193673338
457071,457084,461493,13,4409,2,36000,1.0029485144
457114,457120,457397,6,277,1,1800,1.02166064982
457116,457126,461314,10,4188,2,36000,1.00238777459
457185,457191,460882,6,3691,2,36000,1.00162557572
457207,457216,460502,9,3286,2,36000,1.00273889227
457237,457243,460882,6,3639,2,36000,1.00164880462
457282,457288,460882,6,3594,2,36000,1.00166944908
457305,457313,462385,8,5072,2,36000,1.00157728707
457437,457443,460882,6,3439,2,36000,1.00174469322
457439,457449,460882,10,3433,2,36000,1.00291290417
457467,457475,460908,8,3433,2,36000,1.00233032333
457485,457495,461775,10,4280,2,36000,1.0023364486
457531,457539,460791,8,3252,2,36000,1.0024600246
457592,457602,460897,10,3295,2,36000,1.00303490137
457619,457625,460882,6,3257,2,36000,1.00184218606
457661,457671,461461,10,3790,2,36000,1.00263852243
457740,457749,461328,9,3579,2,36000,1.0025146689
457842,457848,463947,6,6099,2,36000,1.00098376783
457866,457877,462448,11,4571,2,36000,1.00240647561
457922,457929,460882,7,2953,2,36000,1.00237047071
458000,458006,460882,6,2876,2,36000,1.00208623088
458061,458071,461680,10,3609,2,36000,1.00277085065
458106,458112,458116,6,4,1,36000,1.0
458109,458118,460882,9,2764,2,36000,1.00325615051
458182,458189,460882,7,2693,2,36000,1.0025993316
458184,458195,460887,11,2692,2,36000,1.00408618128
458206,458212,458217,6,5,1,36000,1.1
458253,458261,464294,8,6033,2,36000,1.00132604011
458281,458288,460887,7,2599,2,36000,1.00269334359
458306,458312,473577,6,15265,1,36000,1.00039305601
458342,458348,460887,6,2539,2,36000,1.00236313509
458372,458378,460887,6,2509,2,36000,1.00239139099
458481,458487,494512,6,36025,1,36000,1.00016655101
458563,458569,460887,6,2318,2,36000,1.00258843831
458617,458623,462638,6,4015,2,36000,1.00149439601
458659,458665,460887,6,2222,2,36000,1.00270027003
458675,458680,460887,5,2207,2,36000,1.0022655188
458720,458726,543739,6,85013,1,86400,1.00007057744
458721,458732,461931,11,3199,2,36000,1.00343857455
458752,458761,461796,9,3035,2,36000,1.00296540362
458820,458829,462792,9,3963,2,36000,1.00227100681
459085,459091,464879,6,5788,2,36000,1.00103662751
459303,459309,460887,6,1578,2,36000,1.00380228137
459322,459328,460887,6,1559,2,36000,1.00384862091
459338,459344,718581,6,259237,2,259200,1.00002314484
459371,459377,718623,6,259246,2,259200,1.00002314404
459397,459404,718634,7,259230,2,259200,1.00002700305
459422,459428,718641,6,259213,2,259200,1.00002314699
459452,459458,463496,6,4038,2,36000,1.0014858841
459482,459489,460887,7,1398,2,36000,1.00500715308
459580,459587,460887,7,1300,2,36000,1.00538461538
459596,459602,460887,6,1285,2,36000,1.0046692607
459673,459679,460887,6,1208,2,36000,1.00496688742
459792,459807,464280,15,4473,2,36000,1.00335345406
459795,459801,460887,6,1086,2,36000,1.00552486188
459832,459841,464113,9,4272,2,36000,1.00210674157
459835,459846,460887,11,1041,2,36000,1.01056676273
459856,459865,465394,9,5529,2,36000,1.00162778079
459871,459878,464975,7,5097,2,36000,1.00137335688
459873,459884,465874,11,5990,2,36000,1.00183639399
459949,459957,465139,8,5182,2,36000,1.00154380548
459998,460008,462907,10,2899,2,36000,1.00344946533
460102,460108,460887,6,779,2,36000,1.00770218228
460329,460335,460887,6,552,2,36000,1.01086956522
460330,460341,460887,11,546,2,36000,1.02014652015
460348,460354,460887,6,533,2,36000,1.01125703565
460380,460386,460887,6,501,2,36000,1.0119760479
460451,460457,460887,6,430,2,36000,1.01395348837
460475,460484,464953,9,4469,2,36000,1.00201387335
460502,460513,463557,11,3044,2,36000,1.00361366623
460515,460521,460887,6,366,2,36000,1.01639344262
460627,460638,465240,11,4602,2,36000,1.0023902651
460657,460663,633486,6,172823,1,172800,1.0000347176
460672,460682,463870,10,3188,2,36000,1.00313676286
460736,460747,465917,11,5170,2,36000,1.00212765957
460753,460762,463946,9,3184,2,36000,1.00282663317
460792,460802,464611,10,3809,2,36000,1.00262536099
460899,460908,463669,9,2761,2,36000,1.00325968852
460914,460920,464466,6,3546,2,36000,1.00169204738
460999,461010,465236,11,4226,2,36000,1.00260293422
461318,461325,464819,7,3494,2,36000,1.00200343446
461333,461339,465057,6,3718,2,36000,1.00161377084
461430,461437,465955,7,4518,2,36000,1.00154935812
461464,461472,464547,8,3075,2,36000,1.00260162602
461497,461505,465235,8,3730,2,36000,1.00214477212
461534,461545,464582,11,3037,2,36000,1.00362199539
461631,461639,465833,8,4194,2,36000,1.00190748689
461679,461691,465254,12,3563,2,36000,1.00336794836
461725,461736,466270,11,4534,2,36000,1.00242611381
461781,461787,465279,6,3492,2,36000,1.00171821306
461801,461807,465292,6,3485,2,36000,1.00172166428
461936,461943,465979,7,4036,2,36000,1.00173439049
462222,462228,467375,6,5147,2,36000,1.00116572761
462237,462244,465916,7,3672,2,36000,1.00190631808
462389,462395,467098,6,4703,2,36000,1.00127578142
462453,462458,465430,5,2972,2,36000,1.00168236878
462641,462650,468626,9,5976,2,36000,1.0015060241
462742,462751,465617,9,2866,2,36000,1.00314026518
462793,462803,465848,10,3045,2,36000,1.00328407225
462909,462919,468589,10,5670,2,36000,1.00176366843
463328,463334,499342,6,36008,1,36000,1.00016662964
463498,463508,466166,10,2658,2,36000,1.00376222724
463519,463525,487758,6,24233,1,86400,1.00024759625
463563,463568,466149,5,2581,2,36000,1.00193723363
463673,463680,467311,7,3631,2,36000,1.00192784357
463813,463819,465807,6,1988,2,14400,1.00301810865
463875,463881,467147,6,3266,2,36000,1.00183710961
463947,463957,468049,10,4092,2,36000,1.00244379277
463948,463963,467866,15,3903,2,36000,1.00384319754
464114,464124,467054,10,2930,2,36000,1.00341296928
464282,464291,468236,9,3945,2,36000,1.00228136882
464297,464305,469649,8,5344,2,36000,1.00149700599
464380,464386,464960,6,574,1,86400,1.01045296167
464468,464477,468370,9,3893,2,36000,1.00231184177
464547,464558,467874,11,3316,2,36000,1.0033172497
464583,464593,468199,10,3606,2,36000,1.00277315585
464614,464623,468630,9,4007,2,36000,1.00224606938
464824,464830,468094,6,3264,2,36000,1.00183823529
464879,464890,469679,11,4789,2,36000,1.00229693047
464954,464964,468933,10,3969,2,36000,1.00251952633
464978,464986,468213,8,3227,2,36000,1.00247908274
465021,465028,469270,7,4242,1,86400,1.00165016502
465057,465068,468113,11,3045,2,36000,1.00361247947
465139,465150,468971,11,3821,2,36000,1.00287882753
465237,465246,468272,9,3026,2,36000,1.0029742234
465238,465252,468208,14,2956,2,36000,1.00473612991
465253,465259,469043,6,3784,2,36000,1.00158562368
465269,465276,468778,7,3502,2,36000,1.0019988578
465285,465290,468202,5,2912,2,36000,1.00171703297
465300,465306,468486,6,3180,2,36000,1.00188679245
465394,465405,468924,11,3519,2,36000,1.00312588804
465430,465441,468790,11,3349,2,36000,1.00328456256
465618,465628,469045,10,3417,2,36000,1.00292654375
465625,465634,466761,9,1127,2,14400,1.00798580302
465836,465844,468859,8,3015,2,36000,1.00265339967
465851,465859,470174,8,4315,2,36000,1.00185399768
465875,465886,470766,11,4880,2,36000,1.00225409836
465915,465927,468664,12,2737,2,36000,1.00438436244
465930,465936,469087,6,3151,2,36000,1.00190415741
465957,465966,470694,9,4728,2,36000,1.0019035533
465981,465990,470218,9,4228,2,36000,1.00212866604
466149,466160,469059,11,2899,2,36000,1.00379441187
466167,466177,469898,10,3721,2,36000,1.00268744961
466270,466281,469657,11,3376,2,36000,1.00325829384
466379,466385,467976,6,1591,2,14400,1.00377121307
466523,466529,469509,6,2980,10,3600,1.00201342282
467056,467065,472744,9,5679,2,36000,1.00158478605
467099,467109,470205,10,3096,2,36000,1.00322997416
467148,467158,470811,10,3653,2,36000,1.00273747605
467313,467322,472741,9,5419,2,36000,1.00166082303
467377,467386,470347,9,2961,2,36000,1.00303951368
467398,467404,755435,6,288031,1,288000,1.00002083109
467418,467424,755463,6,288039,1,288000,1.00002083051
467432,467438,755452,6,288014,1,288000,1.00002083232
467453,467460,468715,7,1255,2,14400,1.00557768924
467867,467877,470674,10,2797,2,36000,1.00357525921
467881,467888,470873,7,2985,2,36000,1.00234505863
468051,468060,471753,9,3693,2,36000,1.00243704305
468096,468105,471328,9,3223,2,36000,1.00279242941
468114,468124,471229,10,3105,2,36000,1.00322061192
468201,468210,471496,9,3286,2,36000,1.00273889227
468216,468222,471482,6,3260,2,36000,1.0018404908
468217,468228,472025,11,3797,2,36000,1.00289702397
468219,468233,471420,14,3187,2,36000,1.00439284594
468237,468247,471044,10,2797,2,36000,1.00357525921
468274,468284,471794,10,3510,2,36000,1.00284900285
468284,468290,490007,6,21717,40,43199,1.00027628125
468371,468382,472098,11,3716,2,36000,1.00296017223
468419,468426,470555,7,2129,5,3600,1.0032879286
468487,468497,471726,10,3229,2,36000,1.00309693404
468571,468578,473912,7,5334,10,10800,1.00131233596
468590,468600,471644,10,3044,2,36000,1.00328515112
468627,468638,471483,11,2845,2,36000,1.00386643234
468642,468648,471746,6,3098,2,36000,1.00193673338
468666,468675,472649,9,3974,2,36000,1.00226472068
468778,468789,472040,11,3251,2,36000,1.00338357428
468793,468801,473828,8,5027,2,36000,1.00159140641
468859,468870,474435,11,5565,2,36000,1.00197663971
468927,468935,472524,8,3589,2,36000,1.00222903316
468928,468944,472499,16,3555,2,36000,1.00450070323
468971,468982,472192,11,3210,2,36000,1.00342679128
469044,469054,472650,10,3596,2,36000,1.00278086763
469060,469066,473626,6,4560,2,36000,1.00131578947
469062,469072,472837,10,3765,2,36000,1.0026560425
469089,469098,472510,9,3412,2,36000,1.00263774912
469441,469447,471652,6,2205,5,3600,1.00272108844
469565,469572,471655,7,2083,5,3600,1.00336053769
469650,469660,473078,10,3418,2,36000,1.00292568754
469665,469671,472589,6,2918,2,36000,1.00205620288
469680,469691,472865,11,3174,2,36000,1.00346565848
469815,469821,700239,6,230418,2,230400,1.00002603963
469899,469909,473545,10,3636,2,36000,1.00275027503
470176,470185,474435,9,4250,2,36000,1.00211764706
470206,470216,474435,10,4219,2,36000,1.00237022991
470221,470229,474435,8,4206,2,36000,1.0019020447
470348,470358,474392,10,4034,2,36000,1.0024789291
470648,470654,472839,6,2185,5,3600,1.00274599542
470660,470666,701069,6,230403,2,230400,1.00002604133
470675,470685,473701,10,3016,2,36000,1.00331564987
470696,470705,473582,9,2877,2,36000,1.0031282586
470707,470713,472908,6,2195,5,3600,1.00273348519
470759,470765,473024,6,2259,5,3600,1.0026560425
470766,470777,474435,11,3658,2,36000,1.00300710771
470812,470822,474311,10,3489,2,36000,1.00286615076
470823,470829,472970,6,2141,5,3600,1.00280242877
470875,470884,473751,9,2867,2,36000,1.00313916986
470914,470921,470922,7,1,1,36000,1.0
470949,470955,479497,6,8542,1,36000,1.00070241161
471045,471055,474435,10,3380,2,36000,1.00295857988
471230,471240,474415,10,3175,2,36000,1.0031496063
471329,471339,474435,10,3096,2,36000,1.00322997416
471421,471431,474435,10,3004,2,36000,1.00332889481
471481,471493,474435,12,2942,2,36000,1.00407885792
471497,471503,474435,6,2932,2,36000,1.00204638472
471498,471509,474435,11,2926,2,36000,1.0037593985
471647,471656,474435,9,2779,2,36000,1.00323857503
471699,471705,478027,6,6322,1,36000,1.00094906675
471729,471737,474435,8,2698,2,36000,1.00296515938
471747,471757,474435,10,2678,2,36000,1.00373412995
471762,471768,474435,6,2667,2,36000,1.00224971879
471795,471805,474435,10,2630,2,36000,1.00380228137
471862,471869,473888,7,2019,5,3600,1.0034670629
472027,472036,474435,9,2399,2,36000,1.00375156315
472042,472052,474435,10,2383,2,36000,1.0041963911
472100,472110,474435,10,2325,2,36000,1.00430107527
472194,472204,474435,10,2231,2,36000,1.00448229494
472471,472476,478192,5,5716,10,10800,1.00087473758
472500,472510,474435,10,1925,2,36000,1.00519480519
472510,472516,485301,6,12785,2,72000,1.00046929996
472515,472522,474435,7,1913,2,36000,1.00365917407
472530,472536,474435,6,1899,2,36000,1.00315955766
472591,472600,474435,9,1835,2,36000,1.00490463215
472650,472660,474440,10,1780,2,36000,1.00561797753
472651,472666,474440,15,1774,2,36000,1.00845546787
472743,472752,474440,9,1688,2,36000,1.00533175355
472758,472764,474440,6,1676,2,36000,1.00357995227
472839,472848,474440,9,1592,2,36000,1.00565326633
472866,472877,474440,11,1563,2,36000,1.00703774792
472896,472903,476432,7,3529,2,72000,1.00198356475
473078,473089,474440,11,1351,2,36000,1.00814211695
473174,473180,474440,6,1260,2,36000,1.00476190476
473195,473201,501288,6,28087,1,36000,1.00021362196
473238,473244,473504,6,260,2,14400,1.02307692308
473369,473375,473424,6,49,1,43200,1.12244897959
473421,473428,474890,7,1462,8,43200,1.0047879617
473548,473556,474442,8,886,2,36000,1.00902934537
473584,473593,474442,9,849,2,36000,1.01060070671
473627,473637,474442,10,805,2,36000,1.01242236025
473656,473662,490940,6,17278,2,72000,1.00034726241
473703,473712,474442,9,730,2,36000,1.01232876712
473752,473762,474442,10,680,2,36000,1.01470588235
473828,473839,474442,11,603,2,36000,1.01824212272
473870,473876,480055,6,6179,10,10800,1.00097103091
474107,474113,476837,6,2724,16,3600,1.00220264317
474189,474195,474236,6,41,2,36000,1.14634146341
474200,474206,474220,6,14,1,43200,1.42857142857
474223,474230,482502,7,8272,8,43200,1.00084622824
474313,474322,474442,9,120,2,36000,1.075
474395,474404,474442,9,38,2,36000,1.23684210526
474417,474426,474442,9,16,2,36000,1.5625
474535,474541,474544,6,3,2,36000,1.0
474564,474570,474587,6,17,40,36000,1.35294117647
474853,474860,474903,7,43,60,36000,1.16279069767
474918,474924,517720,6,42796,14,43200,1.00014020002
475088,475095,475197,7,102,80,36000,1.06862745098
475235,476847,491245,1612,14398,14,43200,1.11195999444
475447,481377,484132,5930,2755,8,14400,3.15245009074
475559,475565,475673,6,108,80,36000,1.05555555556
475609,475684,477871,75,2187,5,3600,1.03429355281
475739,481382,483460,5643,2078,2,28800,3.7155919153
475761,475767,476355,6,588,80,36000,1.01020408163
475769,481387,482407,5618,1020,2,28800,6.50784313725
475930,479692,481054,3762,1362,2,72000,3.76211453744
476100,478203,480400,2103,2197,14,28800,1.95721438325
476559,476565,477162,6,597,80,36000,1.01005025126
477501,477507,479475,6,1968,2,36000,1.00304878049
477502,477513,479877,11,2364,2,36000,1.00465313029
477503,477518,479769,15,2251,2,36000,1.00666370502
477505,477523,479686,18,2163,2,36000,1.00832177531
477506,477528,479623,22,2095,2,36000,1.01050119332
477507,477534,479615,27,2081,2,36000,1.01297453148
477510,477540,479904,30,2364,2,36000,1.01269035533
477511,477545,480019,34,2474,2,36000,1.01374292643
477512,477550,479868,38,2318,2,36000,1.01639344262
477514,477555,479565,41,2010,2,36000,1.02039800995
477515,477561,480091,46,2530,2,36000,1.01818181818
477516,477566,480437,50,2871,2,36000,1.01741553466
477518,477571,480384,53,2813,2,36000,1.01884109492
477519,477576,480077,57,2501,2,36000,1.02279088365
477521,477581,480128,60,2547,2,36000,1.02355712603
477522,477586,480213,64,2627,2,36000,1.02436239056
477523,477591,480423,68,2832,2,36000,1.02401129944
477525,477597,479853,72,2256,2,36000,1.03191489362
477526,477602,479982,76,2380,2,36000,1.03193277311
477527,477607,479935,80,2328,2,36000,1.03436426117
477529,477612,479781,83,2169,2,36000,1.03826648225
477530,477617,479731,87,2114,2,36000,1.04115421003
477532,477623,480355,91,2732,2,36000,1.03330893119
477533,477628,480328,95,2700,2,36000,1.03518518519
477534,477633,479762,99,2129,2,36000,1.04650070456
477536,477644,479732,108,2088,2,36000,1.05172413793
477537,477649,479830,112,2181,2,36000,1.05135259055
477538,477654,480042,116,2388,2,36000,1.04857621441
477540,477660,480051,120,2391,2,36000,1.05018820577
477541,477665,480044,124,2379,2,36000,1.05212274065
477542,477670,480090,128,2420,2,36000,1.05289256198
477543,477639,483333,96,5694,10,10800,1.01685985248
477544,477675,480089,131,2414,2,36000,1.05426677713
477545,477680,479862,135,2182,2,36000,1.06186984418
477547,477685,480435,138,2750,2,36000,1.05018181818
477548,477691,480744,143,3053,2,36000,1.04683917458
477549,481065,481366,3516,301,16,3600,12.6810631229
477549,477696,480682,147,2986,2,36000,1.04922973878
477551,477701,479867,150,2166,2,36000,1.06925207756
477552,477706,480782,154,3076,2,36000,1.05006501951
477554,477711,480362,157,2651,2,36000,1.05922293474
477556,477716,480166,160,2450,2,36000,1.06530612245
477607,481392,505663,3785,24271,2,43200,1.15594742697
479400,482418,489846,3018,7428,2,28800,1.40630048465
479478,479486,482052,8,2566,2,36000,1.00311769291
479565,479576,481949,11,2373,2,36000,1.00463548251
479613,479626,482342,13,2716,2,36000,1.00478645066
479628,479634,481533,6,1899,2,36000,1.00315955766
479676,482513,489927,2837,7414,2,28800,1.38265443755
479686,480071,485812,385,5741,10,10800,1.06706148755
479687,479698,481754,11,2056,2,36000,1.00535019455
479733,479743,482163,10,2420,2,36000,1.0041322314
479735,479748,481951,13,2203,2,36000,1.00590104403
479763,479773,482150,10,2377,2,36000,1.00420698359
479777,479784,482686,7,2902,2,36000,1.00241212957
479792,479798,482057,6,2259,2,36000,1.0026560425
479807,481398,481768,1591,370,2,72000,5.3
479832,479841,481813,9,1972,2,36000,1.00456389452
479854,479864,482075,10,2211,2,36000,1.00452284034
479869,479875,482343,6,2468,2,36000,1.00243111831
479870,479881,482064,11,2183,2,36000,1.00503893724
479872,479886,482111,14,2225,2,36000,1.00629213483
479886,479892,483316,6,3424,2,36000,1.00175233645
479904,479916,482182,12,2266,2,36000,1.0052956752
479935,479946,482873,11,2927,2,36000,1.00375811411
479984,479993,482769,9,2776,2,36000,1.00324207493
480020,480032,482760,12,2728,2,36000,1.00439882698
480042,480053,482310,11,2257,2,36000,1.00487372619
480044,480059,482197,15,2138,2,36000,1.00701590271
480058,480065,482570,7,2505,2,36000,1.00279441118
480076,480088,482553,12,2465,2,36000,1.00486815416
480092,480100,482265,8,2165,2,36000,1.00369515012
480093,480106,482186,13,2080,2,36000,1.00625
480095,480111,482747,16,2636,2,36000,1.00606980273
480129,480139,482317,10,2178,2,36000,1.00459136823
480160,481779,486327,1619,4548,2,72000,1.35598065084
480168,480177,482347,9,2170,2,36000,1.00414746544
480214,480224,483344,10,3120,2,36000,1.00320512821
480325,480339,482419,14,2080,2,36000,1.00673076923
480356,480367,483429,11,3062,2,36000,1.00359242325
480370,480376,483482,6,3106,2,36000,1.00193174501
480385,480395,482599,10,2204,2,36000,1.00453720508
480424,480435,482336,11,1901,2,36000,1.0057864282
480439,480446,482972,7,2526,2,36000,1.00277117973
480441,480452,482848,11,2396,2,36000,1.00459098497
480683,480693,483458,10,2765,2,36000,1.00361663653
480747,480755,483301,8,2546,2,36000,1.00314218382
480782,480793,483367,11,2574,2,36000,1.00427350427
481527,481544,483953,17,2409,2,36000,1.00705687007
481754,481765,484572,11,2807,2,36000,1.00391877449
481812,481824,484423,12,2599,2,36000,1.00461716045
481950,481960,484379,10,2419,2,36000,1.00413393964
481951,481966,484367,15,2401,2,36000,1.00624739692
482052,482063,485421,11,3358,2,36000,1.00327575938
482068,482074,484071,6,1997,2,36000,1.00300450676
482069,482080,484287,11,2207,2,36000,1.00498414137
482084,482090,484206,6,2116,2,36000,1.00283553875
482111,482122,484538,11,2416,2,36000,1.00455298013
482151,482161,485027,10,2866,2,36000,1.00348918353
482165,482174,485834,9,3660,2,36000,1.00245901639
482184,482193,484687,9,2494,2,36000,1.00360866079
482199,482205,484729,6,2524,2,36000,1.00237717908
482200,482211,484208,11,1997,2,36000,1.00550826239
482265,482276,484970,11,2694,2,36000,1.00408314774
482311,482321,484843,10,2522,2,36000,1.00396510706
482326,482332,484406,6,2074,2,36000,1.00289296046
482343,482349,485109,6,2760,2,36000,1.00217391304
482344,482355,484774,11,2419,2,36000,1.00454733361
482345,482360,484553,15,2193,2,36000,1.00683994528
482360,482366,485061,6,2695,2,36000,1.00222634508
482419,482430,484592,11,2162,2,36000,1.00508788159
482554,482560,484893,6,2333,2,36000,1.00257179597
482572,482577,482579,5,2,2,21600,1.0
482572,482583,485005,11,2422,2,36000,1.00454170107
482599,482605,485062,6,2457,2,36000,1.00244200244
482687,482693,485052,6,2359,2,36000,1.00254345061
482748,482754,486085,6,3331,2,36000,1.00180126088
482762,482769,485429,7,2660,2,36000,1.00263157895
482777,482783,485004,6,2221,2,36000,1.00270148582
482810,482816,486264,6,3448,2,21600,1.00174013921
482850,482856,485387,6,2531,2,36000,1.0023706045
482875,482881,486288,6,3407,2,36000,1.00176108013
482972,482978,485228,6,2250,2,36000,1.00266666667
483303,483310,485495,7,2185,2,36000,1.00320366133
483318,483325,485603,7,2278,2,36000,1.00307287094
483346,483352,486392,6,3040,2,36000,1.00197368421
483367,483373,485650,6,2277,2,36000,1.00263504611
483431,483438,486033,7,2595,2,36000,1.00269749518
483459,483465,485390,6,1925,2,36000,1.00311688312
483483,483489,485947,6,2458,2,36000,1.00244100895
483955,483962,485810,7,1848,2,36000,1.00378787879
484072,484079,486428,7,2349,2,36000,1.00297999149
484207,484214,486569,7,2355,2,36000,1.00297239915
484222,484228,486389,6,2161,2,36000,1.00277649236
484289,484295,486638,6,2343,2,36000,1.00256081946
484369,484375,486682,6,2307,2,36000,1.00260078023
484384,484389,486491,5,2102,2,36000,1.00237868696
484408,484414,486825,6,2411,2,36000,1.00248859394
484426,484432,486503,6,2071,2,36000,1.00289715113
484538,484544,488186,6,3642,2,36000,1.00164744646
484553,484559,486930,6,2371,2,36000,1.00253057782
484575,484581,486915,6,2334,2,36000,1.00257069409
484593,484599,486856,6,2257,2,36000,1.0026583961
484688,484694,487571,6,2877,2,36000,1.00208550574
484731,484737,487873,6,3136,2,36000,1.00191326531
484777,484783,487225,6,2442,2,36000,1.00245700246
484790,484908,492198,118,7290,4,10800,1.01618655693
484845,484851,486924,6,2073,2,36000,1.00289435601
484896,484902,487159,6,2257,2,36000,1.0026583961
484973,484979,487516,6,2537,2,36000,1.00236499803
484995,485401,492300,406,6899,4,10800,1.05884910857
485007,485013,487449,6,2436,2,36000,1.00246305419
485008,485019,487915,11,2896,2,36000,1.00379834254
485026,485032,487449,6,2417,2,36000,1.00248241622
485054,485060,487472,6,2412,2,36000,1.00248756219
485069,485074,487343,5,2269,2,36000,1.00220361393
485070,485080,487484,10,2404,2,36000,1.00415973378
485110,485116,487508,6,2392,2,36000,1.0025083612
485228,485234,487878,6,2644,2,36000,1.00226928896
485253,486276,488017,1023,1741,1,36000,1.58759333716
485389,485395,487511,6,2116,2,36000,1.00283553875
485390,485406,487815,16,2409,2,36000,1.00664176007
485396,485960,501319,564,15359,2,72000,1.0367211407
485421,485428,488325,7,2897,2,36000,1.00241629272
485423,486049,488660,626,2611,2,14400,1.23975488319
485437,485443,488237,6,2794,2,36000,1.00214745884
485497,485503,488793,6,3290,2,36000,1.00182370821
485578,485823,491885,245,6062,4,10800,1.04041570439
485605,485611,488923,6,3312,2,36000,1.0018115942
485652,485658,489011,6,3353,2,36000,1.00178944229
485811,485817,487966,6,2149,2,36000,1.00279199628
485836,485843,488435,7,2592,2,36000,1.00270061728
485948,485954,487949,6,1995,2,36000,1.0030075188
486036,486043,488781,7,2738,2,36000,1.00255661066
486087,486094,488169,7,2075,2,36000,1.00337349398
486290,486296,488887,6,2591,2,36000,1.00231570822
486390,486396,489858,6,3462,2,36000,1.00173310225
486405,486412,488770,7,2358,2,36000,1.00296861747
486431,486437,489289,6,2852,2,36000,1.00210378682
486493,486499,489350,6,2851,2,36000,1.00210452473
486508,486514,489697,6,3183,2,36000,1.00188501414
486570,486576,488819,6,2243,2,36000,1.00267498885
486641,486647,489046,6,2399,2,36000,1.0025010421
486683,486689,489275,6,2586,2,36000,1.00232018561
486824,486830,489126,6,2296,2,36000,1.00261324042
486858,486865,489633,7,2768,2,36000,1.00252890173
486918,486924,489294,6,2370,2,36000,1.00253164557
486926,490444,533666,3518,43222,70,43199,1.08139373467
486933,486939,490401,6,3462,2,36000,1.00173310225
486934,486945,489884,11,2939,2,36000,1.00374276965
487160,487167,489639,7,2472,2,36000,1.00283171521
487226,487232,490876,6,3644,2,36000,1.00164654226
487345,487351,489585,6,2234,2,36000,1.00268576544
487452,487458,489914,6,2456,2,36000,1.00244299674
487454,487464,489795,10,2331,2,36000,1.00429000429
487475,487481,489848,6,2367,2,36000,1.00253485425
487490,487496,489704,6,2208,2,36000,1.0027173913
487508,487515,489645,7,2130,2,36000,1.00328638498
487524,487530,490243,6,2713,2,36000,1.0022115739
487525,487536,490127,11,2591,2,36000,1.00424546507
487571,487578,490596,7,3018,2,36000,1.00231941683
487816,487822,490618,6,2796,2,36000,1.00214592275
487875,487881,490096,6,2215,2,36000,1.00270880361
487889,487895,490719,6,2824,2,36000,1.00212464589
487914,487921,490569,7,2648,2,36000,1.00264350453
487924,491256,491650,3332,394,14,14460,9.45685279188
487951,487957,490442,6,2485,2,36000,1.00241448692
487966,487972,491060,6,3088,2,36000,1.00194300518
488171,488177,491550,6,3373,2,36000,1.0017788319
488185,488191,491945,6,3754,2,36000,1.00159829515
488237,488243,490377,6,2134,2,36000,1.00281162137
488237,488248,574672,11,86424,1,86400,1.00012727946
488326,488332,490653,6,2321,2,36000,1.00258509263
488437,488443,491012,6,2569,2,36000,1.00233553912
488515,488671,494979,156,6308,4,10800,1.02473050095
488686,489062,496219,376,7157,2,10800,1.05253597876
488772,488778,492129,6,3351,2,36000,1.0017905103
488787,488793,491145,6,2352,2,36000,1.00255102041
488802,488808,491305,6,2497,2,36000,1.00240288346
488820,488826,491010,6,2184,2,36000,1.00274725275
488887,488893,492832,6,3939,2,36000,1.00152322925
488924,488930,491564,6,2634,2,36000,1.00227790433
489013,489019,491318,6,2299,2,36000,1.00260983036
489049,489056,492083,7,3027,2,36000,1.00231252065
489117,489288,860432,171,371144,4,604800,1.00046073761
489127,489133,491262,6,2129,2,36000,1.00281822452
489276,489282,491528,6,2246,2,36000,1.00267141585
489291,489297,491780,6,2483,2,36000,1.00241643174
489306,489312,492505,6,3193,2,36000,1.00187911055
489346,489352,492079,6,2727,2,21600,1.00220022002
489353,489359,493266,6,3907,2,36000,1.00153570514
489587,489594,492848,7,3254,2,36000,1.00215119852
489635,489641,492506,6,2865,2,36000,1.00209424084
489649,489655,492113,6,2458,2,36000,1.00244100895
489651,489661,492441,10,2780,2,36000,1.0035971223
489699,489705,491753,6,2048,2,36000,1.0029296875
489714,489720,492061,6,2341,2,36000,1.00256300726
489798,489804,492197,6,2393,2,36000,1.002507313
489850,489856,492144,6,2288,2,36000,1.00262237762
489865,489871,491989,6,2118,2,36000,1.00283286119
489882,489898,499840,16,9942,1,36000,1.00160933414
489886,489892,492149,6,2257,2,36000,1.0026583961
489916,489922,492212,6,2290,2,36000,1.00262008734
490049,491261,501688,1212,10427,2,72000,1.1162366932
490097,490104,492777,7,2673,2,36000,1.0026187804
490128,490134,492559,6,2425,2,36000,1.0024742268
490160,491266,492470,1106,1204,2,28800,1.91860465116
490244,490250,492486,6,2236,2,36000,1.00268336315
490332,491661,491752,1329,91,2,28800,15.6043956044
490375,491666,491759,1291,93,2,28800,14.8817204301
490377,490383,493064,6,2681,2,36000,1.00223797091
490401,490407,492385,6,1978,2,36000,1.00303336704
490444,490450,493212,6,2762,2,36000,1.00217233888
490573,490579,493575,6,2996,2,36000,1.00200267023
490598,490604,493287,6,2683,2,36000,1.00223630265
490619,490625,493161,6,2536,2,36000,1.0023659306
490655,490661,492788,6,2127,2,36000,1.00282087447
490720,490726,493289,6,2563,2,36000,1.00234100663
490880,490887,494777,7,3890,2,36000,1.00179948586
491010,491016,494611,6,3595,2,36000,1.0016689847
491025,491031,493879,6,2848,2,36000,1.00210674157
491061,491067,493703,6,2636,2,36000,1.00227617602
491146,491153,493533,7,2380,2,36000,1.00294117647
491263,491272,493866,9,2594,2,36000,1.0034695451
491306,491313,494865,7,3552,2,36000,1.00197072072
491322,491328,493967,6,2639,2,36000,1.00227358848
491528,491534,494178,6,2644,2,36000,1.00226928896
491553,491558,494078,5,2520,2,36000,1.00198412698
491568,491574,494778,6,3204,2,36000,1.00187265918
491755,491761,494213,6,2452,2,36000,1.00244698206
491780,491786,494767,6,2981,2,36000,1.0020127474
491828,491834,491845,6,11,2,1800,1.54545454545
491829,491840,491848,11,8,2,1800,1.9
491829,491846,491855,17,9,2,1800,2.6
491830,491851,491860,21,9,2,1800,3.0
491830,491856,491865,26,9,2,1800,3.5
491830,491861,491870,31,9,2,1800,4.0
491830,491867,491875,37,8,2,1800,4.5
491830,491872,491881,42,9,2,1800,5.1
491831,491880,491889,49,9,2,1800,5.8
491831,491890,491899,59,9,2,1800,6.8
491831,491885,491894,54,9,2,1800,6.3
491831,491896,491905,65,9,2,1800,7.4
491832,491923,491932,91,9,2,1800,10.0
491832,491902,491911,70,9,2,1800,7.9
491832,491908,491917,76,9,2,1800,8.5
491832,491913,491922,81,9,2,1800,9.0
491832,491918,491927,86,9,2,1800,9.5
491833,491949,491958,116,9,2,1800,12.5
491833,491928,491937,95,9,2,1800,10.4
491833,491939,491947,106,8,2,1800,11.4
491833,491944,491952,111,8,2,1800,11.9
491833,491933,491942,100,9,2,1800,10.9
491834,491954,491963,120,9,2,1800,12.9
491834,491962,491971,128,9,2,1800,13.7
491834,491967,491976,133,9,2,1800,14.2
491834,491972,491981,138,9,2,1800,14.7
491835,491978,491986,143,8,2,1800,15.1
491835,491983,491991,148,8,2,1800,15.6
491835,491988,491997,153,9,2,1800,16.2
491835,491993,492002,158,9,2,1800,16.7
491836,492009,492018,173,9,2,1800,18.2
491836,492014,492022,178,8,2,1800,18.6
491836,492003,492012,167,9,2,1800,17.6
491836,491998,492007,162,9,2,1800,17.1
491837,492019,492028,182,9,2,1800,19.1
491837,492026,492035,189,9,2,1800,19.8
491837,492031,492040,194,9,2,1800,20.3
491837,492036,492045,199,9,2,1800,20.8
491838,492041,492050,203,9,2,1800,21.2
491838,492047,492055,209,8,2,1800,21.7
491947,492052,494525,105,2473,2,36000,1.04245855237
491991,492057,495002,66,2945,2,36000,1.02241086587
492062,492068,494421,6,2353,2,36000,1.00254993625
492084,492090,496068,6,3978,2,36000,1.00150829563
492114,492120,494150,6,2030,2,36000,1.00295566502
492129,492135,495259,6,3124,2,36000,1.0019206146
492144,492151,494652,7,2501,2,36000,1.00279888045
492161,492167,496020,6,3853,2,36000,1.00155722813
492198,492204,495225,6,3021,2,36000,1.00198609732
492213,492219,494058,6,1839,2,36000,1.00326264274
492273,492279,492288,6,9,2,1800,1.5
492273,492284,492293,11,9,2,1800,2.0
492274,492295,492304,21,9,2,1800,3.0
492274,492300,492309,26,9,2,1800,3.5
492274,492306,492314,32,8,2,1800,4.0
492274,492290,492299,16,9,2,1800,2.5
492275,492311,492320,36,9,2,1800,4.5
492275,492316,492325,41,9,2,1800,5.0
492275,492321,492330,46,9,2,1800,5.5
492275,492326,492335,51,9,2,1800,6.0
492275,492331,492340,56,9,2,1800,6.5
492276,492342,492351,66,9,2,1800,7.5
492276,492336,492345,60,9,2,1800,6.9
492276,492352,492361,76,9,2,1800,8.5
492276,492347,492356,71,9,2,1800,8.0
492277,492379,492388,102,9,2,1800,11.1
492277,492357,492366,80,9,2,1800,8.9
492277,492374,492383,97,9,2,1800,10.6
492277,492369,492383,92,14,2,1800,7.57142857143
492277,492362,492371,85,9,2,1800,9.4
492278,492405,492414,127,9,2,1800,13.6
492278,492400,492409,122,9,2,1800,13.1
492278,492395,492403,117,8,2,1800,12.5
492278,492389,492398,111,9,2,1800,12.0
492278,492384,492393,106,9,2,1800,11.5
492279,492426,492434,147,8,2,1800,15.5
492279,492415,492424,136,9,2,1800,14.5
492279,492410,492419,131,9,2,1800,14.0
492279,492421,492429,142,8,2,1800,15.0
492280,492431,492440,151,9,2,1800,16.0
492280,492436,492445,156,9,2,1800,16.5
492280,492441,492450,161,9,2,1800,17.0
492280,492446,492457,166,11,2,1800,16.0909090909
492280,492453,492462,173,9,2,1800,18.2
492281,492479,492488,198,9,2,1800,20.7
492281,492474,492482,193,8,2,1800,20.1
492281,492469,492477,188,8,2,1800,19.6
492281,492463,492472,182,9,2,1800,19.1
492281,492458,492467,177,9,2,1800,18.6
492282,492484,492493,202,9,2,1800,21.1
492382,495236,511065,2854,15829,40,43199,1.18030197738
492386,492489,495703,103,3214,2,36000,1.03204729309
492443,492494,495264,51,2770,2,36000,1.01841155235
492487,492501,494557,14,2056,2,36000,1.00680933852
492506,492512,495683,6,3171,2,36000,1.00189214759
492507,492518,495573,11,3055,2,36000,1.00360065466
492561,492567,495026,6,2459,2,36000,1.00244001627
492693,492704,492709,11,5,2,1800,1.6
492693,492699,492704,6,5,2,1800,1.1
492693,492709,492714,16,5,2,1800,2.1
492776,492782,495541,6,2759,2,36000,1.00217470098
492791,492797,495037,6,2240,2,36000,1.00267857143
492834,492840,496092,6,3252,2,36000,1.00184501845
492849,492855,495489,6,2634,2,36000,1.00227790433
493065,493071,496257,6,3186,2,36000,1.00188323917
493087,493093,493114,6,21,2,1800,1.28571428571
493088,493104,493125,16,21,2,1800,1.7619047619
493088,493110,493131,22,21,2,1800,2.04761904762
493088,493115,493137,27,22,2,1800,2.22727272727
493088,493098,493119,10,21,2,1800,1.47619047619
493089,493120,493141,31,21,2,1800,2.47619047619
493089,493126,493147,37,21,2,1800,2.7619047619
493089,493131,493152,42,21,2,1800,3.0
493089,493136,493157,47,21,2,1800,3.2380952381
493089,493141,493162,52,21,2,1800,3.47619047619
493090,493162,493183,72,21,2,1800,4.42857142857
493090,493156,493178,66,22,2,1800,4.0
493090,493151,493172,61,21,2,1800,3.90476190476
493090,493146,493167,56,21,2,1800,3.66666666667
493090,493167,493188,77,21,2,1800,4.66666666667
493091,493177,493198,86,21,2,1800,5.09523809524
493091,493172,493194,81,22,2,1800,4.68181818182
493091,493187,493208,96,21,2,1800,5.57142857143
493091,493182,493203,91,21,2,1800,5.33333333333
493092,493193,493214,101,21,2,1800,5.80952380952
493164,493200,495410,36,2210,2,36000,1.01628959276
493210,493216,495775,6,2559,2,36000,1.00234466589
493268,493274,495511,6,2237,2,36000,1.00268216361
493289,493296,496071,7,2775,2,36000,1.00252252252
493291,493302,497238,11,3936,2,36000,1.00279471545
493434,493456,493617,22,161,2,1800,1.13664596273
493434,493450,493617,16,167,2,1800,1.09580838323
493434,493461,493617,27,156,2,1800,1.17307692308
493434,493439,493617,5,178,2,1800,1.02808988764
493434,493445,493617,11,172,2,1800,1.06395348837
493435,493482,493618,47,136,2,1800,1.34558823529
493435,493477,493618,42,141,2,1800,1.29787234043
493435,493471,493618,36,147,2,1800,1.24489795918
493435,493466,493617,31,151,2,1800,1.20529801325
493436,493498,493618,62,120,2,1800,1.51666666667
493436,493508,493618,72,110,2,1800,1.65454545455
493436,493503,493618,67,115,2,1800,1.58260869565
493436,493487,493618,51,131,2,1800,1.3893129771
493436,493492,493618,56,126,2,1800,1.44444444444
493437,493528,493618,91,90,2,1800,2.01111111111
493437,493523,493618,86,95,2,1800,1.90526315789
493437,493518,493618,81,100,2,1800,1.81
493437,493513,493618,76,105,2,1800,1.72380952381
493438,493545,493618,107,73,2,1800,2.46575342466
493438,493586,493618,148,32,2,1800,5.625
493438,493539,493618,101,79,2,1800,2.27848101266
493438,493534,493618,96,84,2,1800,2.14285714286
493480,493630,494026,150,396,14,1740,1.37878787879
493533,493635,497046,102,3411,2,36000,1.02990325418
493576,493640,495829,64,2189,2,36000,1.02923709456
493648,493659,493679,11,20,2,1800,1.55
493648,493653,493674,5,21,2,1800,1.2380952381
493648,493670,493691,22,21,2,1800,2.04761904762
493648,493664,493685,16,21,2,1800,1.7619047619
493649,493680,493701,31,21,2,1800,2.47619047619
493649,493675,493696,26,21,2,1800,2.2380952381
493649,493685,493707,36,22,2,1800,2.63636363636
493649,493691,493712,42,21,2,1800,3.0
493650,493711,494155,61,444,2,1800,1.13738738739
493650,493716,494155,66,439,2,1800,1.15034168565
493650,493701,493722,51,21,2,1800,3.42857142857
493650,493706,494155,56,449,2,1800,1.12472160356
493650,493696,493717,46,21,2,1800,3.19047619048
493651,493723,494155,72,432,2,1800,1.16666666667
493651,493728,494155,77,427,2,1800,1.18032786885
493651,493733,494155,82,422,2,1800,1.19431279621
493651,493738,494155,87,417,2,1800,1.20863309353
493651,493743,494155,92,412,2,1800,1.22330097087
493652,493770,494155,118,385,2,1800,1.30649350649
493652,493753,494155,101,402,2,1800,1.25124378109
493652,493759,494155,107,396,2,1800,1.2702020202
493652,493748,494155,96,407,2,1800,1.23587223587
493652,493765,494155,113,390,2,1800,1.28974358974
493653,493978,494155,325,177,2,1800,2.83615819209
493653,493775,494155,122,380,2,1800,1.32105263158
493653,493878,494155,225,277,2,1800,1.81227436823
493653,493890,494155,237,265,2,1800,1.89433962264
493654,494053,494156,399,103,2,1800,4.87378640777
493654,494042,494155,388,113,2,1800,4.43362831858
493654,494047,494155,393,108,2,1800,4.63888888889
493654,494037,494155,383,118,2,1800,4.24576271186
493655,494058,494156,403,98,2,1800,5.11224489796
493655,494063,494156,408,93,2,1800,5.38709677419
493655,494068,494156,413,88,2,1800,5.69318181818
493655,494074,494156,419,82,2,1800,6.10975609756
493655,494089,494156,434,67,2,1800,7.4776119403
493710,494167,498053,457,3886,2,36000,1.11760164694
493794,501995,505981,8201,3986,14,28800,3.05745107878
494108,505992,520334,11884,14342,14,43200,1.82861525589
494323,494329,494350,6,21,2,1800,1.28571428571
494323,494334,494356,11,22,2,1800,1.5
494323,494339,494361,16,22,2,1800,1.72727272727
494324,494360,494381,36,21,2,1800,2.71428571429
494324,494345,494366,21,21,2,1800,2.0
494324,494350,494371,26,21,2,1800,2.2380952381
494324,494355,494376,31,21,2,1800,2.47619047619
494324,494365,494386,41,21,2,1800,2.95238095238
494325,494371,494392,46,21,2,1800,3.19047619048
494325,494376,494397,51,21,2,1800,3.42857142857
494325,494381,494402,56,21,2,1800,3.66666666667
494325,494391,494412,66,21,2,1800,4.14285714286
494325,494386,494407,61,21,2,1800,3.90476190476
494326,494396,494418,70,22,2,1800,4.18181818182
494326,494402,494423,76,21,2,1800,4.61904761905
494326,494407,494428,81,21,2,1800,4.85714285714
494326,494412,494433,86,21,2,1800,5.09523809524
494327,494422,494443,95,21,2,1800,5.52380952381
494327,494417,494438,90,21,2,1800,5.28571428571
494327,494427,494448,100,21,2,1800,5.7619047619
494343,511097,512711,16754,1614,1,180000,11.3804213135
494344,511118,511972,16774,854,1,180000,20.6416861827
494344,511123,511867,16779,744,1,180000,23.5524193548
494344,511107,512718,16763,1611,1,180000,11.4053382992
494344,511102,513141,16758,2039,1,180000,9.21873467386
494344,511128,511771,16784,643,1,180000,27.1026438569
494344,511113,511913,16769,800,1,180000,21.96125
494345,511509,513123,17164,1614,1,180000,11.634448575
494345,511498,513275,17153,1777,1,180000,10.6527855937
494345,511514,513051,17169,1537,1,180000,12.1704619388
494345,511504,512675,17159,1171,1,180000,15.6532877882
494345,511134,512970,16789,1836,1,180000,10.144335512
494345,511488,513742,17143,2254,1,180000,8.60559006211
494345,511493,512749,17148,1256,1,180000,14.652866242
494346,511535,513028,17189,1493,1,180000,12.5130609511
494346,511540,514026,17194,2486,1,180000,7.91633145615
494346,511545,513557,17199,2012,1,180000,9.54821073559
494346,511524,513073,17178,1549,1,180000,12.0897353131
494346,511519,512337,17173,818,1,180000,21.9938875306
494346,511530,513118,17184,1588,1,180000,11.8211586902
494346,511550,514018,17204,2468,1,180000,7.97082658023
494347,511896,514926,17549,3030,1,180000,6.79174917492
494347,511886,519864,17539,7978,1,180000,3.19842065681
494347,511556,513007,17209,1451,1,180000,12.8600964852
494347,511783,513142,17436,1359,1,180000,13.8300220751
494347,511891,512670,17544,779,1,180000,23.5211810013
494347,511880,513170,17533,1290,1,180000,14.5914728682
494348,512479,513586,18131,1107,1,180000,17.3785004517
494348,512397,515166,18049,2769,1,180000,7.51823763091
494348,511924,514470,17576,2546,1,180000,7.9033778476
494348,511983,514570,17635,2587,1,180000,7.81677618864
494348,511902,515115,17554,3213,1,180000,6.46342981637
494348,512485,515226,18137,2741,1,180000,7.61692812842
494348,512349,515524,18001,3175,1,180000,6.66960629921
494349,512687,514415,18338,1728,1,180000,11.6122685185
494349,512681,516576,18332,3895,1,180000,5.70654685494
494349,512722,513901,18373,1179,1,180000,16.5835453774
494349,512981,523203,18632,10222,1,180000,2.82273527685
494349,512729,513650,18380,921,1,180000,20.9565689468
494349,512576,514363,18227,1787,1,180000,11.1997761612
494349,512760,513537,18411,777,1,180000,24.694980695
494350,513018,516447,18668,3429,1,180000,6.44415281423
494350,513062,514977,18712,1915,1,180000,10.7712793734
494350,513130,516005,18780,2875,1,180000,7.53217391304
494350,513039,514370,18689,1331,1,180000,15.041322314
494350,513084,517259,18734,4175,1,180000,5.48718562874
494350,513137,514981,18787,1844,1,180000,11.1881778742
494351,513548,516608,19197,3060,1,180000,7.27352941176
494351,513152,514119,18801,967,1,180000,20.4426059979
494351,513157,514691,18806,1534,1,180000,13.259452412
494351,513181,514789,18830,1608,1,180000,12.710199005
494351,513286,515511,18935,2225,1,180000,9.51011235955
494351,513568,515148,19217,1580,1,180000,13.1626582278
494352,514029,515520,19677,1491,1,180000,14.1971830986
494352,514037,516084,19685,2047,1,180000,10.6165119687
494352,513662,516279,19310,2617,1,180000,8.37867787543
494352,513754,515698,19402,1944,1,180000,10.9804526749
494352,513597,516449,19245,2852,1,180000,7.74789621318
494352,514131,521983,19779,7852,1,180000,3.51897605706
494352,513912,516055,19560,2143,1,180000,10.1273915072
494353,514687,518201,20334,3514,1,180000,6.78656801366
494353,514581,519814,20228,5233,1,180000,4.86546913816
494353,514692,518041,20339,3349,1,180000,7.07315616602
494353,514375,517976,20022,3601,1,180000,6.56012218828
494353,514481,517571,20128,3090,1,180000,7.51391585761
494353,514426,517443,20073,3017,1,180000,7.65329797812
494353,514381,517400,20028,3019,1,180000,7.63398476317
494354,514724,515003,20370,279,1,180000,74.0107526882
494354,514713,516022,20359,1309,1,180000,16.5530939649
494354,514698,518085,20344,3387,1,180000,7.00649542368
494354,514708,516345,20354,1637,1,180000,13.4337202199
494354,514703,516865,20349,2162,1,180000,10.4121184089
494354,514719,515663,20365,944,1,180000,22.5730932203
494354,514730,516134,20376,1404,1,180000,15.5128205128
494355,514800,516692,20445,1892,1,180000,11.80602537
494355,514822,517356,20467,2534,1,180000,9.07695343331
494355,514833,518947,20478,4114,1,180000,5.97763733593
494355,514827,517604,20472,2777,1,180000,8.37198415556
494355,514817,516729,20462,1912,1,180000,11.7018828452
494355,514838,517104,20483,2266,1,180000,10.0392762577
494356,514937,516135,20581,1198,1,180000,18.1794657763
494356,514848,516433,20492,1585,1,180000,13.9287066246
494356,514843,516039,20487,1196,1,180000,18.1295986622
494356,515003,518283,20647,3280,1,180000,7.29481707317
494356,514989,516869,20633,1880,1,180000,11.975
494356,514995,517254,20639,2259,1,180000,10.1363435148
494356,514853,517222,20497,2369,1,180000,9.65217391304
494357,515008,517365,20651,2357,1,180000,9.76156130675
494357,515177,517369,20820,2192,1,180000,10.4981751825
494357,515015,518415,20658,3400,1,180000,7.07588235294
494357,515159,517549,20802,2390,1,180000,9.70376569038
494357,515237,519093,20880,3856,1,180000,6.41493775934
494357,515126,516807,20769,1681,1,180000,13.3551457466
494358,515522,518576,21164,3054,1,180000,7.92992796333
494358,515538,518332,21180,2794,1,180000,8.58052970651
494358,515532,518273,21174,2741,1,180000,8.72491791317
494358,516016,517724,21658,1708,1,180000,13.6803278689
494358,515674,518429,21316,2755,1,180000,8.73720508167
494358,515709,518780,21351,3071,1,180000,7.95245848258
494665,503321,538661,8656,35340,2,108000,1.24493491794
494831,494847,494888,16,41,2,1800,1.39024390244
494831,494842,494873,11,31,2,1800,1.35483870968
494831,494837,494879,6,42,2,1800,1.14285714286
494832,494858,494901,26,43,2,1800,1.60465116279
494832,494853,494894,21,41,2,1800,1.51219512195
494832,494863,494905,31,42,2,1800,1.7380952381
494832,494869,494920,37,51,2,1800,1.72549019608
494832,494874,494926,42,52,2,1800,1.80769230769
494833,494889,494951,56,62,2,1800,1.90322580645
494833,494900,494966,67,66,2,1800,2.01515151515
494833,494884,494936,51,52,2,1800,1.98076923077
494833,494879,494930,46,51,2,1800,1.90196078431
494833,494894,494956,61,62,2,1800,1.98387096774
494834,494910,494963,76,53,2,1800,2.43396226415
494834,494915,494967,81,52,2,1800,2.55769230769
494834,494905,494968,71,63,2,1800,2.12698412698
494834,494920,494972,86,52,2,1800,2.65384615385
494835,494925,494967,90,42,2,1800,3.14285714286
494835,494930,494972,95,42,2,1800,3.2619047619
494835,494936,494977,101,41,2,1800,3.46341463415
495233,495242,497689,9,2447,2,36000,1.00367797303
495252,495263,495284,11,21,2,1800,1.52380952381
495252,495258,495280,6,22,2,1800,1.27272727273
495253,495269,495290,16,21,2,1800,1.7619047619
495253,495274,495295,21,21,2,1800,2.0
495254,495279,495300,25,21,2,1800,2.19047619048
495254,495284,495306,30,22,2,1800,2.36363636364
495254,495290,495312,36,22,2,1800,2.63636363636
495254,495295,495316,41,21,2,1800,2.95238095238
495255,495302,495323,47,21,2,1800,3.2380952381
495255,495307,495329,52,22,2,1800,3.36363636364
495255,495312,495333,57,21,2,1800,3.71428571429
495255,495317,495338,62,21,2,1800,3.95238095238
495256,495346,495368,90,22,2,1800,5.09090909091
495256,495341,495362,85,21,2,1800,5.04761904762
495256,495328,495350,72,22,2,1800,4.27272727273
495256,495322,495344,66,22,2,1800,4.0
495256,495333,495354,77,21,2,1800,4.66666666667
495257,495352,495373,95,21,2,1800,5.52380952381
495257,495357,495378,100,21,2,1800,5.7619047619
495257,495362,495383,105,21,2,1800,6.0
495263,495367,497540,104,2173,2,36000,1.04786010124
495279,495374,497567,95,2193,2,36000,1.04331965344
495410,495416,498094,6,2678,2,36000,1.00224047797
495418,505674,514992,10256,9318,2,72000,2.10066537884
495490,495496,498418,6,2922,2,36000,1.00205338809
495513,495519,497576,6,2057,2,36000,1.00291686923
495542,495548,497543,6,1995,2,36000,1.0030075188
495576,495582,499455,6,3873,2,36000,1.00154918668
495684,495690,497843,6,2153,2,36000,1.0027868091
495706,495712,498177,6,2465,2,36000,1.00243407708
495778,495784,497930,6,2146,2,36000,1.00279589935
495830,495837,498315,7,2478,2,36000,1.00282485876
495957,495963,496202,6,239,2,3600,1.02510460251
496021,496027,498905,6,2878,2,36000,1.0020847811
496070,496077,499170,7,3093,2,36000,1.00226317491
496072,496083,499080,11,2997,2,36000,1.003670337
496090,496096,498756,6,2660,2,36000,1.0022556391
496256,496262,498749,6,2487,2,36000,1.00241254524
496277,511092,518360,14815,7268,2,72000,3.03838745184
496477,496484,496676,7,192,2,3600,1.03645833333
496630,516046,516048,19416,2,1,180000,1941.8
496630,516059,516061,19429,2,1,180000,1943.1
496630,516033,516035,19403,2,1,180000,1940.5
496630,516053,516055,19423,2,1,180000,1942.5
496631,516066,516068,19435,2,1,180000,1943.7
496631,516071,516073,19440,2,1,180000,1944.2
496631,516077,516079,19446,2,1,180000,1944.8
496631,516083,516085,19452,2,1,180000,1945.4
496631,516089,516091,19458,2,1,180000,1946.0
496631,516095,516097,19464,2,1,180000,1946.6
496631,516100,516102,19469,2,1,180000,1947.1
496632,516142,516144,19510,2,1,180000,1951.2
496632,516135,516137,19503,2,1,180000,1950.5
496632,516130,516132,19498,2,1,180000,1950.0
496632,516124,516126,19492,2,1,180000,1949.4
496632,516119,516121,19487,2,1,180000,1948.9
496632,516112,516113,19480,1,1,180000,1948.1
496632,516107,516109,19475,2,1,180000,1947.7
496633,516147,516149,19514,2,1,180000,1951.6
496633,516154,516156,19521,2,1,180000,1952.3
496633,516160,516161,19527,1,1,180000,1952.8
496633,516165,516166,19532,1,1,180000,1953.3
496633,516170,516172,19537,2,1,180000,1953.9
496633,516176,516178,19543,2,1,180000,1954.5
496634,516214,516216,19580,2,1,180000,1958.2
496634,516209,516210,19575,1,1,180000,1957.6
496634,516186,516188,19552,2,1,180000,1955.4
496634,516198,516200,19564,2,1,180000,1956.6
496634,516192,516193,19558,1,1,180000,1955.9
496634,516181,516183,19547,2,1,180000,1954.9
496634,516204,516205,19570,1,1,180000,1957.1
496635,516241,516243,19606,2,1,180000,1960.8
496635,516247,516249,19612,2,1,180000,1961.4
496635,516254,516255,19619,1,1,180000,1962.0
496635,516236,543627,19601,27391,1,180000,1.7156000146
496635,516219,535201,19584,18982,1,180000,2.03171425561
496635,516230,525424,19595,9194,1,180000,3.13128127039
496635,516225,539730,19590,23505,1,180000,1.83343969368
496636,516260,524271,19624,8011,1,180000,3.44963175634
496636,516465,516467,19829,2,1,180000,1983.1
496636,516459,516461,19823,2,1,180000,1982.5
496636,516356,528923,19720,12567,1,180000,2.56918914618
496636,516266,528345,19630,12079,1,180000,2.625134531
496636,516290,526064,19654,9774,1,180000,3.01084509924
496636,516444,538891,19808,22447,1,180000,1.88243417829
496637,516478,516480,19841,2,1,180000,1984.3
496637,516485,516487,19848,2,1,180000,1985.0
496637,516491,516493,19854,2,1,180000,1985.6
496637,516498,516500,19861,2,1,180000,1986.3
496637,516472,516474,19835,2,1,180000,1983.7
496638,516543,516545,19905,2,1,180000,1990.7
496638,516524,516526,19886,2,1,180000,1988.8
496638,516504,516506,19866,2,1,180000,1986.8
496638,516537,516539,19899,2,1,180000,1990.1
496638,516517,516519,19879,2,1,180000,1988.1
496638,516530,516532,19892,2,1,180000,1989.4
496638,516511,516513,19873,2,1,180000,1987.5
496639,516554,516556,19915,2,1,180000,1991.7
496639,516560,516562,19921,2,1,180000,1992.3
496639,516567,516568,19928,1,1,180000,1992.9
496639,516573,516575,19934,2,1,180000,1993.6
496639,516579,516581,19940,2,1,180000,1994.2
496639,516586,516588,19947,2,1,180000,1994.9
496639,516592,516594,19953,2,1,180000,1995.5
496640,516627,516629,19987,2,1,180000,1998.9
496640,516622,516624,19982,2,1,180000,1998.4
496640,516610,516612,19970,2,1,180000,1997.2
496640,516604,516606,19964,2,1,180000,1996.6
496640,516597,516598,19957,1,1,180000,1995.8
496640,516615,516617,19975,2,1,180000,1997.7
496641,516638,516640,19997,2,1,180000,1999.9
496641,516644,516645,20003,1,1,180000,2000.4
496641,516649,516650,20008,1,1,180000,2000.9
496641,516660,516662,20019,2,1,180000,2002.1
496641,516671,530692,20030,14021,1,180000,2.42857142857
496641,516682,530872,20041,14190,1,180000,2.41233262861
496641,516665,540668,20024,24003,1,180000,1.8342290547
496642,516740,529744,20098,13004,1,180000,2.54552445401
496642,516876,526052,20234,9176,1,180000,3.20510026155
496642,516882,531541,20240,14659,1,180000,2.38072174091
496642,517115,527904,20473,10789,1,180000,2.8975808694
496642,516703,534817,20061,18114,1,180000,2.10748592249
496642,516818,526075,20176,9257,1,180000,3.17953980771
496642,516687,533829,20045,17142,1,180000,2.16935013417
496643,517265,540870,20622,23605,1,180000,1.87362846854
496643,517378,524648,20735,7270,1,180000,3.85213204952
496643,517271,531537,20628,14266,1,180000,2.44595541848
496643,517367,528653,20724,11286,1,180000,2.83625730994
496643,517384,529309,20741,11925,1,180000,2.73928721174
496643,517233,532852,20590,15619,1,180000,2.31826621423
496643,517411,535589,20768,18178,1,180000,2.14247992078
496644,517560,528290,20916,10730,1,180000,2.94930102516
496644,517616,536741,20972,19125,1,180000,2.0965751634
496644,517583,524454,20939,6871,1,180000,4.04744578664
496644,517454,524111,20810,6657,1,180000,4.12603274748
496644,517737,524741,21093,7004,1,180000,4.0115648201
496644,517732,526928,21088,9196,1,180000,3.29317094389
496645,517743,523817,21098,6074,1,180000,4.47349357919
496645,517753,530734,21108,12981,1,180000,2.62606886989
496645,517748,521916,21103,4168,1,180000,6.06309980806
496646,517764,529569,21118,11805,1,180000,2.7889030072
496646,517769,525545,21123,7776,1,180000,3.71643518519
496646,517759,544823,21113,27064,1,180000,1.78011380432
496647,517780,532309,21133,14529,1,180000,2.45453919747
496647,517790,539989,21143,22199,1,180000,1.95243028965
496647,517774,521993,21127,4219,1,180000,6.00758473572
496647,517785,528796,21138,11011,1,180000,2.91971664699
496648,517807,522267,21159,4460,1,180000,5.74417040359
496648,518096,535683,21448,17587,1,180000,2.21953715813
496648,518052,545955,21404,27903,1,180000,1.76708597642
496648,517801,528256,21153,10455,1,180000,3.02324246772
496648,517987,534384,21339,16397,1,180000,2.30139659694
496648,517796,531723,21148,13927,1,180000,2.51848926546
496649,518321,518323,21672,2,1,180000,2167.4
496649,518314,518315,21665,1,1,180000,2166.6
496649,518308,518310,21659,2,1,180000,2166.1
496649,518301,518303,21652,2,1,180000,2165.4
496649,518295,518297,21646,2,1,180000,2164.8
496649,518284,518286,21635,2,1,180000,2163.7
496649,518212,524100,21563,5888,1,180000,4.66219429348
496650,518362,518364,21712,2,1,180000,2171.4
496650,518327,518329,21677,2,1,180000,2167.9
496650,518340,518342,21690,2,1,180000,2169.2
496650,518356,518358,21706,2,1,180000,2170.8
496650,518351,518353,21701,2,1,180000,2170.3
496650,518334,518336,21684,2,1,180000,2168.6
496651,518391,518392,21740,1,1,180000,2174.1
496651,518380,518382,21729,2,1,180000,2173.1
496651,518402,530304,21751,11902,1,180000,2.82750798185
496651,518385,518388,21734,3,1,180000,2173.7
496651,518396,518398,21745,2,1,180000,2174.7
496651,518368,518370,21717,2,1,180000,2171.9
496652,518407,521928,21755,3521,1,180000,7.17864243113
496652,518413,524265,21761,5852,1,180000,4.71855775803
496652,518424,536681,21772,18257,1,180000,2.19252889303
496652,518429,535672,21777,17243,1,180000,2.26294728296
496652,518436,530927,21784,12491,1,180000,2.74397566248
496652,518448,523909,21796,5461,1,180000,4.99121040103
496652,518588,523799,21936,5211,1,180000,5.20955670697
496653,518792,533683,22139,14891,1,180000,2.48673695521
496653,518958,524207,22305,5249,1,180000,5.24938083444
496653,519826,526403,23173,6577,1,180000,4.52333890832
496653,519104,537155,22451,18051,1,180000,2.24375380865
496653,520350,535219,23697,14869,1,180000,2.59371847468
496653,520345,533818,23692,13473,1,180000,2.75847992281
496653,519875,523532,23222,3657,1,180000,7.35001367241
496654,520376,532341,23722,11965,1,180000,2.98261596323
496654,520366,534392,23712,14026,1,180000,2.69057464708
496654,520361,525958,23707,5597,1,180000,5.23566196177
496654,520371,534632,23717,14261,1,180000,2.66306710609
496654,520355,534770,23701,14415,1,180000,2.64419007978
496654,520382,526786,23728,6404,1,180000,4.70518425984
496655,520392,530967,23737,10575,1,180000,3.24463356974
496655,520659,524049,24004,3390,1,180000,8.0808259587
496655,520408,546800,23753,26392,1,180000,1.90000757805
496655,520413,521380,23758,967,1,180000,25.5687693899
496655,520397,528546,23742,8149,1,180000,3.91348631734
496655,520387,524772,23732,4385,1,180000,6.41208665906
496655,520402,527068,23747,6666,1,180000,4.56240624062
496656,521994,525646,25338,3652,1,180000,7.93811610077
496656,522004,525512,25348,3508,1,180000,8.22576966933
496656,521927,525177,25271,3250,1,180000,8.77569230769
496656,521877,524641,25221,2764,1,180000,10.1248191027
496656,521939,522756,25283,817,1,180000,31.9461444308
496656,521392,521864,24736,472,1,180000,53.406779661
496656,522075,523522,25419,1447,1,180000,18.5666897028
496657,522086,525710,25429,3624,1,180000,8.01683222958
496657,522080,523284,25423,1204,1,180000,22.115448505
496657,522091,525376,25434,3285,1,180000,8.74246575342
496657,522767,524086,26110,1319,1,180000,20.7952994693
496657,522278,525433,25621,3155,1,180000,9.12076069731
496685,529816,529818,33131,2,1,180000,3313.3
496686,529831,529833,33145,2,1,180000,3314.7
496686,529847,529849,33161,2,1,180000,3316.3
496686,529826,529828,33140,2,1,180000,3314.2
496686,529821,529823,33135,2,1,180000,3313.7
496686,529842,529844,33156,2,1,180000,3315.8
496686,529837,529839,33151,2,1,180000,3315.3
496687,529874,529876,33187,2,1,180000,3318.9
496687,529896,529898,33209,2,1,180000,3321.1
496687,529858,529860,33171,2,1,180000,3317.3
496687,529891,529893,33204,2,1,180000,3320.6
496687,529885,529886,33198,1,1,180000,3319.9
496687,529879,529881,33192,2,1,180000,3319.4
496688,529926,551475,33238,21549,1,180000,2.54243816418
496688,529936,542646,33248,12710,1,180000,3.61589299764
496688,529901,529903,33213,2,1,180000,3321.5
496688,529908,529910,33220,2,1,180000,3322.2
496688,529914,529916,33226,2,1,180000,3322.8
496688,529931,557362,33243,27431,1,180000,2.21187707338
496688,529919,529921,33231,2,1,180000,3323.3
496689,529942,549458,33253,19516,1,180000,2.70388399262
496689,533720,549083,37031,15363,1,180000,3.41040161427
496689,530315,530317,33626,2,1,180000,3362.8
496689,530039,535690,33350,5651,1,180000,6.90161033445
496689,529947,545825,33258,15878,1,180000,3.09459629676
496689,530234,540465,33545,10231,1,180000,4.27876062946
496690,523215,523217,26525,2,1,180000,2652.7
496690,533726,533728,37036,2,1,180000,3703.8
496690,530328,530330,33638,2,1,180000,3364.0
496690,530343,530345,33653,2,1,180000,3365.5
496690,533757,533759,37067,2,1,180000,3706.9
496690,523241,532316,26551,9075,1,180000,3.92573002755
496690,523228,523230,26538,2,1,180000,2654.0
496691,523810,531557,27119,7747,1,180000,4.50058087001
496691,524061,535440,27370,11379,1,180000,3.40530802355
496691,523544,532534,26853,8990,1,180000,3.98698553949
496691,523533,559371,26842,35838,1,180000,1.74898152799
496691,523830,527530,27139,3700,1,180000,8.33486486486
496691,523920,528238,27229,4318,1,180000,7.30592867068
496691,523295,534097,26604,10802,1,180000,3.46287724495
496692,524282,530223,27590,5941,1,180000,5.64399932671
496692,524122,548969,27430,24847,1,180000,2.10395621202
496692,524097,551473,27405,27376,1,180000,2.00105932203
496692,524219,531184,27527,6965,1,180000,4.95218951902
496692,524276,531792,27584,7516,1,180000,4.67003725386
496692,524111,530028,27419,5917,1,180000,5.63393611628
496692,524465,532159,27773,7694,1,180000,4.60969586691
496693,525188,535357,28495,10169,1,180000,3.80214377028
496693,524660,535370,27967,10710,1,180000,3.61129785247
496693,524786,531659,28093,6873,1,180000,5.08744361996
496693,524752,533723,28059,8971,1,180000,4.12774495597
496693,524653,529722,27960,5069,1,180000,6.51588084435
496693,525387,536205,28694,10818,1,180000,3.6524311333
496694,525969,534135,29275,8166,1,180000,4.58498652951
496694,525556,534954,28862,9398,1,180000,4.07107895297
496694,525444,532230,28750,6786,1,180000,5.23666371942
496694,525721,537555,29027,11834,1,180000,3.45284772689
496694,525436,535972,28742,10536,1,180000,3.72798025816
496694,525524,533142,28830,7618,1,180000,4.78445786296
496694,525657,534579,28963,8922,1,180000,4.24624523649
496695,527080,562865,30385,35785,1,180000,1.84909878441
496695,526798,562349,30103,35551,1,180000,1.84675536553
496695,526939,561801,30244,34862,1,180000,1.8675348517
496695,526075,541532,29380,15457,1,180000,2.9007569386
496695,526414,535542,29719,9128,1,180000,4.25580631025
496695,526064,535667,29369,9603,1,180000,4.05831510986
496695,526086,534432,29391,8346,1,180000,4.52156721783
496696,527542,535433,30846,7891,1,180000,4.90901026486
496696,527920,531437,31224,3517,1,180000,9.87802104066
496696,528249,531865,31553,3616,1,180000,9.72594026549
496696,528356,535612,31660,7256,1,180000,5.36328555678
496696,528267,532122,31571,3855,1,180000,9.18962386511
496696,528557,542558,31861,14001,1,180000,3.27562316977
496696,528302,533900,31606,5598,1,180000,6.64594498035
496697,529580,555951,32883,26371,1,180000,2.24693792423
496697,529320,536569,32623,7249,1,180000,5.50034487516
496697,528664,539475,31967,10811,1,180000,3.95689575432
496697,529733,535579,33036,5846,1,180000,6.65104344851
496697,528808,537026,32111,8218,1,180000,4.90739839377
496697,528934,534129,32237,5195,1,180000,7.20538979788
496698,530703,538262,34005,7559,1,180000,5.49861092737
496698,529756,536671,33058,6915,1,180000,5.78062183659
496698,533762,542171,37064,8409,1,180000,5.40765846117
496698,529811,541042,33113,11231,1,180000,3.94835722554
496698,529869,539100,33171,9231,1,180000,4.59343516412
496698,530356,539552,33658,9196,1,180000,4.66006959548
496698,529864,537454,33166,7590,1,180000,5.3696969697
496699,531449,541737,34750,10288,1,180000,4.37772161742
496699,530746,545464,34047,14718,1,180000,3.31328984916
496699,530979,542115,34280,11136,1,180000,4.0783045977
496699,530938,539114,34239,8176,1,180000,5.1877446184
496699,530883,535439,34184,4556,1,180000,8.50307287094
496699,531195,538707,34496,7512,1,180000,5.59211927583
496700,531568,540951,34868,9383,1,180000,4.71608227646
496700,531548,547154,34848,15606,1,180000,3.23298731257
496700,531554,543929,34854,12375,1,180000,3.81648484848
496838,496844,496849,6,5,8,45780,1.1
496839,496856,496861,17,5,8,45780,2.2
496839,496849,496854,10,5,8,45780,1.5
497010,497021,530747,11,33726,8,45780,1.00032615786
497010,497016,531010,6,33994,8,45780,1.00017650174
497011,497027,530479,16,33452,8,45780,1.00047829726
497126,497132,498719,6,1587,5,3600,1.00378071834
497137,497143,498681,6,1538,5,3600,1.00390117035
497142,531804,546997,34662,15193,1,180000,3.28144540249
497142,531672,538310,34530,6638,1,180000,6.20186803254
497142,531734,538064,34592,6330,1,180000,6.46477093207
497142,531876,535690,34734,3814,1,180000,10.1069743052
497142,532133,534356,34991,2223,1,180000,16.7404408457
497143,532863,615090,35720,82227,1,180000,1.43440718985
497143,532357,536225,35214,3868,1,180000,10.1039296794
497143,532241,536264,35098,4023,1,180000,9.72433507333
497143,532545,536709,35402,4164,1,180000,9.50192122959
497143,532327,540300,35184,7973,1,180000,5.41289351562
497143,532320,540345,35177,8025,1,180000,5.38342679128
497143,532170,535122,35027,2952,1,180000,12.8655149051
497144,533153,537025,36009,3872,1,180000,10.2998450413
497144,533704,537880,36560,4176,1,180000,9.75478927203
497144,533683,539235,36539,5552,1,180000,7.58123198847
497144,533689,540574,36545,6885,1,180000,6.3079157589
497144,533678,541254,36534,7576,1,180000,5.82233368532
497144,533694,538305,36550,4611,1,180000,8.92669702884
497144,533699,540356,36555,6657,1,180000,6.49121225777
497145,533731,539937,36586,6206,1,180000,6.89526264905
497145,533741,538774,36596,5033,1,180000,8.27121001391
497145,533791,545300,36646,11509,1,180000,4.18411677817
497145,533736,546714,36591,12978,1,180000,3.81946370781
497145,533715,537382,36570,3667,1,180000,10.9727297518
497145,533710,538672,36565,4962,1,180000,8.3690044337
497146,533786,544634,36640,10848,1,180000,4.37758112094
497146,533780,539364,36634,5584,1,180000,7.56053008596
497146,533801,545182,36655,11381,1,180000,4.22071874176
497146,533752,542000,36606,8248,1,180000,5.43816682832
497146,533775,543295,36629,9520,1,180000,4.84758403361
497146,533747,538368,36601,4621,1,180000,8.92057996105
497146,533770,573401,36624,39631,1,180000,1.92412505362
497147,533843,536358,36696,2515,1,180000,15.5908548708
497147,533822,538042,36675,4220,1,180000,9.69075829384
497147,533817,541170,36670,7353,1,180000,5.98708010336
497147,533807,543599,36660,9792,1,180000,4.74387254902
497147,533828,537381,36681,3553,1,180000,11.3239515902
497147,533796,539305,36649,5509,1,180000,7.65256852423
497147,533812,540493,36665,6681,1,180000,6.48795090555
497148,533870,539462,36722,5592,1,180000,7.56688125894
497148,533849,537754,36701,3905,1,180000,10.3984635083
497148,497154,498788,6,1634,5,3600,1.00367197062
497148,533854,539407,36706,5553,1,180000,7.6101206555
497148,533875,538886,36727,5011,1,180000,8.32927559369
497148,533864,538124,36716,4260,1,180000,9.61877934272
497148,533859,542254,36711,8395,1,180000,5.37296009529
497149,533891,539828,36742,5937,1,180000,7.18864746505
497149,533906,539714,36757,5808,1,180000,7.328684573
497149,533885,543482,36736,9597,1,180000,4.82786287381
497149,533896,540002,36747,6106,1,180000,7.01817884048
497149,533880,537949,36731,4069,1,180000,10.0270336692
497149,533901,542030,36752,8129,1,180000,5.52109730594
497149,533912,538775,36763,4863,1,180000,8.55973678799
497150,533927,542011,36777,8084,1,180000,5.54935675408
497150,533938,538612,36788,4674,1,180000,8.87077449722
497150,533922,547086,36772,13164,1,180000,3.79337587359
497150,533943,538023,36793,4080,1,180000,10.0178921569
497150,533917,539099,36767,5182,1,180000,8.09513701274
497150,533933,539179,36783,5246,1,180000,8.01162790698
497150,533948,538650,36798,4702,1,180000,8.82603147597
497151,533980,540573,36829,6593,1,180000,6.58607614136
497151,533959,543981,36808,10022,1,180000,4.67272001596
497151,533964,542928,36813,8964,1,180000,5.10676037483
497151,533975,540990,36824,7015,1,180000,6.24932287954
497151,533969,542770,36818,8801,1,180000,5.18338825134
497151,533954,542833,36803,8879,1,180000,5.14494875549
497152,535212,538363,38060,3151,1,180000,13.078705173
497152,533985,552164,36833,18179,1,180000,3.02612905
497152,534828,538996,37676,4168,1,180000,10.0393474088
497152,535444,537296,38292,1852,1,180000,21.6760259179
497152,533991,540542,36839,6551,1,180000,6.62341627232
497152,533996,550263,36844,16267,1,180000,3.26495358702
497152,534001,575373,36849,41372,1,180000,1.89067485256
497153,535450,540775,38297,5325,1,180000,8.19192488263
497153,534012,538004,36859,3992,1,180000,10.2332164329
497153,534006,542028,36853,8022,1,180000,5.59399152331
497153,534017,538489,36864,4472,1,180000,9.24329159213
497154,534039,537906,36885,3867,1,180000,10.5384018619
497154,534022,540282,36868,6260,1,180000,6.88945686901
497154,534034,544633,36880,10599,1,180000,4.47957354467
497155,535456,540326,38301,4870,1,180000,8.86468172485
497155,536692,541738,39537,5046,1,180000,8.83531510107
497155,536720,546963,39565,10243,1,180000,4.86263789905
497155,535553,538427,38398,2874,1,180000,14.3604732081
497156,537166,546112,40010,8946,1,180000,5.47238989493
497156,537042,542318,39886,5276,1,180000,8.55989385898
497156,537036,542776,39880,5740,1,180000,7.94773519164
497156,536752,543950,39596,7198,1,180000,6.50097249236
497156,537210,546707,40054,9497,1,180000,5.2175423818
497157,537633,548462,40476,10829,1,180000,4.73774125035
497157,537644,546324,40487,8680,1,180000,5.66440092166
497157,537638,549348,40481,11710,1,180000,4.45695986336
497157,537566,542936,40409,5370,1,180000,8.52495344507
497157,537238,543770,40081,6532,1,180000,7.13609920392
497157,537243,543828,40086,6585,1,180000,7.0874715262
497157,537465,541511,40308,4046,1,180000,10.9624320316
497158,537649,548235,40491,10586,1,180000,4.82495749103
497158,537779,545233,40621,7454,1,180000,6.44955728468
497158,537765,544420,40607,6655,1,180000,7.10172802404
497158,537774,544379,40616,6605,1,180000,7.14928084784
497159,497165,498764,6,1599,5,3600,1.00375234522
497170,497177,498824,7,1647,5,3600,1.00425015179
497182,497551,499127,369,1576,5,3600,1.23413705584
497548,497587,499201,39,1614,5,3600,1.02416356877
497591,497854,499509,263,1655,5,3600,1.15891238671
497753,511076,511476,13323,400,14,1740,34.3075
497854,498106,499629,252,1523,5,3600,1.16546290217
498106,498327,499998,221,1671,5,3600,1.13225613405
498326,498692,500346,366,1654,5,3600,1.22128174123
498648,511081,514805,12433,3724,8,172800,4.33861439313
498693,498731,500365,38,1634,5,3600,1.02325581395
498736,498767,500362,31,1595,5,3600,1.01943573668
498768,498775,500334,7,1559,5,3600,1.00449005773
498779,498799,500435,20,1636,5,3600,1.01222493888
498801,498835,500433,34,1598,5,3600,1.02127659574
498823,511086,514676,12263,3590,8,172800,4.41587743733
498833,499091,500686,258,1595,5,3600,1.16175548589
499094,499138,500703,44,1565,5,3600,1.02811501597
499137,499212,500748,75,1536,5,3600,1.048828125
499211,499466,501038,255,1572,5,3600,1.16221374046
499463,499520,501126,57,1606,5,3600,1.03549190535
499517,499640,501289,123,1649,5,3600,1.07459066101
499643,500009,501571,366,1562,5,3600,1.23431498079
500010,500346,501890,336,1544,5,3600,1.21761658031
500345,500357,501896,12,1539,5,3600,1.00779727096
500356,500373,502000,17,1627,5,3600,1.01044867855
500377,500383,501984,6,1601,5,3600,1.00374765771
500388,500444,501971,56,1527,5,3600,1.03667321546
500441,500450,502099,9,1649,5,3600,1.00545785324
500453,500697,502349,244,1652,5,3600,1.14769975787
500556,533833,548889,33277,15056,1,36000,3.2102151966
500694,500715,502340,21,1625,5,3600,1.01292307692
500716,500759,502364,43,1605,5,3600,1.02679127726
500758,501050,502658,292,1608,5,3600,1.1815920398
501052,501137,502736,85,1599,5,3600,1.05315822389
501136,501300,502863,164,1563,5,3600,1.10492642354
501304,501340,502935,36,1595,5,3600,1.02257053292
501336,501699,503310,363,1611,5,3600,1.22532588454
501702,501901,503488,199,1587,5,3600,1.12539382483
501902,501982,503537,80,1555,5,3600,1.05144694534
501987,502011,503656,24,1645,5,3600,1.01458966565
502008,502111,503677,103,1566,5,3600,1.06577266922
502114,502146,503711,32,1565,5,3600,1.02044728435
502146,502351,503949,205,1598,5,3600,1.1282853567
502356,502362,503938,6,1576,5,3600,1.0038071066
502367,502375,504023,8,1648,5,3600,1.00485436893
502378,502670,504316,292,1646,5,3600,1.17739975699
502672,502747,504314,75,1567,5,3600,1.04786215699
502745,502874,504499,129,1625,5,3600,1.07938461538
502871,502947,504471,76,1524,5,3600,1.0498687664
502945,503499,505121,554,1622,5,3600,1.34155363748
503499,503548,505130,49,1582,5,3600,1.03097345133
503552,503667,505312,115,1645,5,3600,1.06990881459
503668,503688,505307,20,1619,5,3600,1.01235330451
503689,503723,505303,34,1580,5,3600,1.02151898734
503721,503950,505489,229,1539,5,3600,1.14879792073
503953,503960,505506,7,1546,5,3600,1.00452781371
503964,504034,505688,70,1654,5,3600,1.0423216445
504037,504326,505951,289,1625,5,3600,1.17784615385
504330,504337,505900,7,1563,5,3600,1.00447856686
504342,504482,506046,140,1564,5,3600,1.0895140665
504478,504511,506086,33,1575,5,3600,1.02095238095
504510,505132,506779,622,1647,5,3600,1.37765634487
505128,505141,506811,13,1670,5,3600,1.00778443114
505140,505314,506962,174,1648,5,3600,1.10558252427
505318,505324,506972,6,1648,5,3600,1.0036407767
505329,505335,506966,6,1631,5,3600,1.00367872471
505340,505500,507049,160,1549,5,3600,1.10329244674
505497,505517,507082,20,1565,5,3600,1.01277955272
505519,505699,507327,180,1628,5,3600,1.11056511057
505697,505911,507543,214,1632,5,3600,1.13112745098
505907,505962,507539,55,1577,5,3600,1.0348763475
505960,506058,507688,98,1630,5,3600,1.06012269939
506055,506098,507757,43,1659,5,3600,1.02591922845
506097,506790,508437,693,1647,5,3600,1.42076502732
506787,506822,508355,35,1533,5,3600,1.02283105023
506819,506973,508527,154,1554,5,3600,1.0990990991
506977,506983,508598,6,1615,5,3600,1.00371517028
506988,506994,508538,6,1544,5,3600,1.00388601036
506999,507060,508632,61,1572,5,3600,1.03880407125
507062,507093,508644,31,1551,5,3600,1.01998710509
507095,507338,508984,243,1646,5,3600,1.14763061968
507335,507550,509202,215,1652,5,3600,1.13014527845
507555,507561,509130,6,1569,5,3600,1.00382409178
507566,507699,509251,133,1552,5,3600,1.08569587629
507703,507769,509306,66,1537,5,3600,1.04294079375
507766,508366,509974,600,1608,5,3600,1.37313432836
508363,508448,510042,85,1594,5,3600,1.05332496863
508448,508539,510212,91,1673,5,3600,1.05439330544
508543,508549,510200,6,1651,5,3600,1.00363416111
508554,508609,510171,55,1562,5,3600,1.03521126761
508607,508643,510227,36,1584,5,3600,1.02272727273
508639,508655,510297,16,1642,5,3600,1.00974421437
508660,508995,510557,335,1562,5,3600,1.21446862996
508995,509142,510705,147,1563,5,3600,1.09404990403
509142,509213,510870,71,1657,5,3600,1.04284852142
509215,509262,510824,47,1562,5,3600,1.03008962868
509268,509317,510954,49,1637,5,3600,1.02993280391
509321,509985,511653,664,1668,5,3600,1.39808153477
509990,510054,511617,64,1563,5,3600,1.04094689699
510054,510181,511862,127,1681,5,3600,1.0755502677
510180,510211,511808,31,1597,5,3600,1.01941139637
510212,510223,511875,11,1652,5,3600,1.00665859564
510224,510238,511817,14,1579,5,3600,1.00886637112
510235,510308,511984,73,1676,5,3600,1.04355608592
510308,510568,512093,260,1525,5,3600,1.17049180328
510571,510716,512386,145,1670,5,3600,1.08682634731
510718,510835,512468,117,1633,5,3600,1.07164727495
510833,510881,512472,48,1591,5,3600,1.03016970459
510886,510965,512565,79,1600,5,3600,1.049375
510971,511628,513254,657,1626,5,3600,1.40405904059
511629,511665,513282,36,1617,5,3600,1.02226345083
511661,511819,513418,158,1599,5,3600,1.09881175735
511818,511828,513417,10,1589,5,3600,1.00629326621
511829,511874,513453,45,1579,5,3600,1.02849905003
511871,511907,513569,36,1662,5,3600,1.02166064982
511903,511996,513571,93,1575,5,3600,1.05904761905
511998,512104,513762,106,1658,5,3600,1.06393244873
512103,512490,514068,387,1578,5,3600,1.24524714829
512491,512496,514110,5,1614,5,3600,1.00309789343
512502,512581,514181,79,1600,5,3600,1.049375
512586,513266,514865,680,1599,5,3600,1.42526579112
513266,513293,514947,27,1654,5,3600,1.01632406288
513298,513428,514972,130,1544,5,3600,1.08419689119
513424,513434,515073,10,1639,5,3600,1.00610128127
513435,513465,515103,30,1638,5,3600,1.01831501832
513467,513581,515194,114,1613,5,3600,1.07067575945
513582,513589,515170,7,1581,5,3600,1.00442757748
513594,513773,515358,179,1585,5,3600,1.11293375394
513772,514079,515687,307,1608,5,3600,1.19092039801
514075,514121,515770,46,1649,5,3600,1.02789569436
514117,514193,515817,76,1624,5,3600,1.04679802956
514191,514876,516528,685,1652,5,3600,1.41464891041
514878,514958,516607,80,1649,5,3600,1.04851425106
514962,514983,516611,21,1628,5,3600,1.0128992629
514984,515084,516632,100,1548,5,3600,1.0645994832
515089,515115,516743,26,1628,5,3600,1.01597051597
515120,515183,516771,63,1588,5,3600,1.03967254408
515183,515206,516794,23,1588,5,3600,1.0144836272
515205,515370,516980,165,1610,5,3600,1.10248447205
515372,515698,517355,326,1657,5,3600,1.19674109837
515695,515781,517305,86,1524,5,3600,1.05643044619
515779,515828,517393,49,1565,5,3600,1.03130990415
515832,516548,518089,716,1541,5,3600,1.46463335496
516549,516633,518216,84,1583,5,3600,1.05306380291
516633,516654,518272,21,1618,5,3600,1.0129789864
516654,516676,518328,22,1652,5,3600,1.01331719128
516675,516754,518359,79,1605,5,3600,1.0492211838
516759,516783,518357,24,1574,5,3600,1.01524777637
516780,516805,518423,25,1618,5,3600,1.01545117429
516801,516991,518638,190,1647,5,3600,1.1153612629
516988,517317,519023,329,1706,5,3600,1.19284876905
517319,517372,519021,53,1649,5,3600,1.03214069133
517372,517404,519043,32,1639,5,3600,1.01952410006
517403,518102,519675,699,1573,5,3600,1.44437380801
518107,518227,519738,120,1511,5,3600,1.07941760424
518231,518289,519973,58,1684,5,3600,1.03444180523
518294,518345,519932,51,1587,5,3600,1.03213610586
518346,518374,519991,28,1617,5,3600,1.01731601732
518378,518418,520012,40,1594,5,3600,1.02509410289
518419,518441,520132,22,1691,5,3600,1.01301005322
518440,518649,520226,209,1577,5,3600,1.13253012048
518647,519033,520736,386,1703,5,3600,1.22665883735
519029,519039,520686,10,1647,5,3600,1.00607164542
519040,519054,520665,14,1611,5,3600,1.0086902545
519051,519686,521274,635,1588,5,3600,1.39987405542
519682,519749,521367,67,1618,5,3600,1.0414091471
519754,519943,521548,189,1605,5,3600,1.11775700935
519940,519985,521589,45,1604,5,3600,1.02805486284
519982,520003,521591,21,1588,5,3600,1.01322418136
520003,520023,521580,20,1557,5,3600,1.01284521516
520024,520143,521750,119,1607,5,3600,1.07405102676
520149,520237,521793,88,1556,5,3600,1.05655526992
520242,520676,522314,434,1638,5,3600,1.26495726496
520676,520697,522224,21,1527,5,3600,1.0137524558
520697,520747,522301,50,1554,5,3600,1.03217503218
520750,521285,522825,535,1540,5,3600,1.3474025974
521286,521378,522964,92,1586,5,3600,1.0580075662
521380,521559,523192,179,1633,5,3600,1.10961420698
521556,521591,523179,35,1588,5,3600,1.02204030227
521587,521600,523139,13,1539,5,3600,1.00844704353
521598,521606,523191,8,1585,5,3600,1.00504731861
521609,521762,523409,153,1647,5,3600,1.09289617486
521764,521805,523400,41,1595,5,3600,1.02570532915
521806,522235,523813,429,1578,5,3600,1.27186311787
522239,522312,523888,73,1576,5,3600,1.04631979695
522312,522326,523938,14,1612,5,3600,1.00868486352
522323,522836,524432,513,1596,5,3600,1.32142857143
522838,522975,524630,137,1655,5,3600,1.08277945619
522973,523150,524729,177,1579,5,3600,1.11209626346
523149,523190,524769,41,1579,5,3600,1.02596580114
523190,523202,524751,12,1549,5,3600,1.00774693351
523201,523208,524789,7,1581,5,3600,1.00442757748
523212,523412,525075,200,1663,5,3600,1.12026458208
523408,523420,525113,12,1693,5,3600,1.00708800945
523419,523824,525404,405,1580,5,3600,1.25632911392
523822,523899,525462,77,1563,5,3600,1.04926423544
523905,523949,525564,44,1615,5,3600,1.02724458204
523946,524443,526038,497,1595,5,3600,1.31159874608
524441,524641,526216,200,1575,5,3600,1.12698412698
524637,524740,526360,103,1620,5,3600,1.06358024691
524741,524762,526367,21,1605,5,3600,1.01308411215
524762,524780,526317,18,1537,5,3600,1.01171112557
524783,524801,526436,18,1635,5,3600,1.01100917431
524804,525086,526653,282,1567,5,3600,1.17996171027
525084,525124,526759,40,1635,5,3600,1.0244648318
525126,525415,526986,289,1571,5,3600,1.18395926162
525415,525474,527109,59,1635,5,3600,1.03608562691
525477,525575,527196,98,1621,5,3600,1.06045650833
525580,526049,527617,469,1568,5,3600,1.29910714286
526054,526227,527881,173,1654,5,3600,1.1045949214
526230,526328,527865,98,1537,5,3600,1.06376057254
526333,526371,527969,38,1598,5,3600,1.02377972466
526375,526381,527903,6,1522,5,3600,1.00394218134
526385,526447,528074,62,1627,5,3600,1.0381069453
526448,526664,528240,216,1576,5,3600,1.13705583756
526666,526770,528396,104,1626,5,3600,1.06396063961
526770,526997,528640,227,1643,5,3600,1.13816189897
526997,527121,528724,124,1603,5,3600,1.07735495945
527121,527207,528798,86,1591,5,3600,1.05405405405
527203,527628,529173,425,1545,5,3600,1.27508090615
527626,527876,529367,250,1491,5,3600,1.16767270288
527874,527892,529547,18,1655,5,3600,1.01087613293
527895,527914,529539,19,1625,5,3600,1.01169230769
527916,527980,529552,64,1572,5,3600,1.04071246819
527978,528085,529643,107,1558,5,3600,1.06867779204
528082,528255,529800,173,1545,5,3600,1.11197411003
528257,528407,529943,150,1536,5,3600,1.09765625
528412,528652,530203,240,1551,5,3600,1.15473887814
528649,528735,530325,86,1590,5,3600,1.05408805031
528732,528814,530348,82,1534,5,3600,1.05345501956
528815,529184,530782,369,1598,5,3600,1.23091364205
529186,529378,530978,192,1600,5,3600,1.12
529382,529551,531083,169,1532,5,3600,1.11031331593
529547,529558,531142,11,1584,5,3600,1.00694444444
529558,529564,531067,6,1503,5,3600,1.00399201597
529569,529654,531263,85,1609,5,3600,1.05282784338
529651,529852,531492,201,1640,5,3600,1.12256097561
529858,529954,531477,96,1523,5,3600,1.06303348654
529951,530214,531778,263,1564,5,3600,1.16815856777
530220,530337,531857,117,1520,5,3600,1.07697368421
530336,530362,531909,26,1547,5,3600,1.01680672269
530367,530490,532088,123,1598,5,3600,1.07697121402
530491,530758,532317,267,1559,5,3600,1.17126363053
530759,530765,532296,6,1531,5,3600,1.00391900718
530775,530793,532340,18,1547,5,3600,1.0116354234
530796,530989,532575,193,1586,5,3600,1.12168978562
530992,531021,532639,29,1618,5,3600,1.01792336218
531023,531029,532704,6,1675,5,3600,1.00358208955
531034,531078,532609,44,1531,5,3600,1.02873938602
531076,531095,532687,19,1592,5,3600,1.01193467337
531097,531153,532716,56,1563,5,3600,1.03582853487
531149,531274,532830,125,1556,5,3600,1.08033419023
531273,531488,533000,215,1512,5,3600,1.1421957672
531490,531503,533017,13,1514,5,3600,1.00858652576
531501,531790,533385,289,1595,5,3600,1.18119122257
531789,531869,533477,80,1608,5,3600,1.04975124378
531872,531921,533547,49,1626,5,3600,1.03013530135
531924,532100,533697,176,1597,5,3600,1.11020663745
532099,532307,533841,208,1534,5,3600,1.13559322034
532305,532333,533892,28,1559,5,3600,1.01796023092
532336,532351,533929,15,1578,5,3600,1.00950570342
532347,532586,534195,239,1609,5,3600,1.14853946551
532584,532620,534153,36,1533,5,3600,1.02348336595
532616,532650,534247,34,1597,5,3600,1.0212899186
532647,532698,534230,51,1532,5,3600,1.03328981723
532699,532715,534299,16,1584,5,3600,1.0101010101
532720,532727,534297,7,1570,5,3600,1.00445859873
532731,532841,534432,110,1591,5,3600,1.06913890635
532844,533011,534561,167,1550,5,3600,1.10774193548
533009,533028,534581,19,1553,5,3600,1.01223438506
533030,533396,534913,366,1517,5,3600,1.2412656559
533400,533488,535120,88,1632,5,3600,1.05392156863
533494,533558,535149,64,1591,5,3600,1.04022627278
533556,533838,535394,282,1556,5,3600,1.18123393316
533844,534029,535527,185,1498,5,3600,1.12349799733
534029,534045,535579,16,1534,5,3600,1.01043024772
534050,534056,535597,6,1541,5,3600,1.0038935756
534061,534067,535643,6,1576,5,3600,1.0038071066
534072,534078,535628,6,1550,5,3600,1.00387096774
534082,534164,535651,82,1487,5,3600,1.05514458642
534166,534207,535747,41,1540,5,3600,1.02662337662
534207,534242,535924,35,1682,5,3600,1.02080856124
534238,534258,535882,20,1624,5,3600,1.01231527094
534259,534309,535920,50,1611,5,3600,1.03103662322
534311,534317,535917,6,1600,5,3600,1.00375
534322,534395,535950,73,1555,5,3600,1.04694533762
534394,534443,535968,49,1525,5,3600,1.03213114754
534446,534572,536179,126,1607,5,3600,1.07840696951
534570,534592,536131,22,1539,5,3600,1.01429499675
534591,534782,536351,191,1569,5,3600,1.12173358827
534787,534924,536532,137,1608,5,3600,1.08519900498
534921,535131,536717,210,1586,5,3600,1.13240857503
535127,535161,536781,34,1620,5,3600,1.02098765432
535159,535381,537039,222,1658,5,3600,1.13389626055
535385,535405,537011,20,1606,5,3600,1.01245330012
535406,535539,537098,133,1559,5,3600,1.08531109686
535540,535590,537066,50,1476,5,3600,1.03387533875
535592,535613,537221,21,1608,5,3600,1.01305970149
535613,535639,537196,26,1557,5,3600,1.0166987797
535644,535655,537136,11,1481,5,3600,1.00742741391
535655,535662,537193,7,1531,5,3600,1.00457217505
535665,535683,537225,18,1542,5,3600,1.01167315175
535687,535758,537384,71,1626,5,3600,1.04366543665
535759,535893,537441,134,1548,5,3600,1.08656330749
535893,535928,537579,35,1651,5,3600,1.02119927317
535924,535934,537480,10,1546,5,3600,1.0064683053
535935,535941,537552,6,1611,5,3600,1.00372439479
535945,535962,537621,17,1659,5,3600,1.01024713683
535966,535979,537627,13,1648,5,3600,1.00788834951
535977,536143,537763,166,1620,5,3600,1.1024691358
536142,536190,537766,48,1576,5,3600,1.03045685279
536194,536216,537839,22,1623,5,3600,1.01355514479
536215,536362,537816,147,1454,5,3600,1.10110041265
536359,536544,538057,185,1513,5,3600,1.12227362855
536545,536682,538253,137,1571,5,3600,1.08720560153
536678,536729,538259,51,1530,5,3600,1.03333333333
536730,536793,538331,63,1538,5,3600,1.04096228869
536792,537023,538643,231,1620,5,3600,1.14259259259
537029,537050,538663,21,1613,5,3600,1.01301921885
537050,537077,538585,27,1508,5,3600,1.01790450928
537081,537109,538764,28,1655,5,3600,1.016918429
537112,537148,538738,36,1590,5,3600,1.02264150943
537154,537204,538799,50,1595,5,3600,1.03134796238
537206,537232,538783,26,1551,5,3600,1.01676337847
537237,537249,538852,12,1603,5,3600,1.00748596382
537248,537393,538963,145,1570,5,3600,1.0923566879
537392,537399,538922,7,1523,5,3600,1.00459619173
538423,538429,538467,6,38,1,1800,1.15789473684
538717,538723,538831,6,108,1,1800,1.05555555556
538755,538761,538836,6,75,1,1800,1.08
539139,539146,539249,7,103,1,1800,1.06796116505
539362,539368,539601,6,233,1,1800,1.02575107296
539908,539914,540471,6,557,1,1800,1.01077199282
540931,540937,540964,6,27,1,1800,1.22222222222
541265,541271,541330,6,59,1,1800,1.10169491525
542052,542058,542181,6,123,1,1800,1.0487804878
542252,542258,542304,6,46,1,1800,1.13043478261
542636,542642,542711,6,69,1,1800,1.08695652174
543694,543700,543970,6,270,1,1800,1.02222222222
546113,546119,549884,6,3765,1,36000,1.0015936255
549940,549946,585247,6,35301,1,36000,1.00016996686
552270,552276,638693,6,86417,1,86400,1.00006943078
553727,553733,557725,6,3992,2,36000,1.00150300601
553729,553739,557622,10,3883,2,36000,1.00257532835
553730,553744,556368,14,2624,2,36000,1.00533536585
553731,553749,556060,18,2311,2,36000,1.007788836
553732,553755,555830,23,2075,2,36000,1.01108433735
553734,553761,556666,27,2905,2,36000,1.00929432014
553735,553766,557753,31,3987,2,36000,1.00777526963
553736,553771,556257,35,2486,2,36000,1.01407884151
553738,553776,555703,38,1927,2,36000,1.01971977167
553739,553781,556594,42,2813,2,36000,1.01493067899
553740,553787,555753,47,1966,2,36000,1.02390640895
553741,553792,556491,51,2699,2,36000,1.01889588737
553743,553797,556583,54,2786,2,36000,1.01938262742
553744,553802,556638,58,2836,2,36000,1.02045133992
553745,553807,557765,62,3958,2,36000,1.01566447701
553747,553812,556193,65,2381,2,36000,1.02729945401
553748,553818,557076,70,3258,2,36000,1.02148557397
553750,553823,556457,73,2634,2,36000,1.02771450266
553751,553828,556572,77,2744,2,36000,1.02806122449
553752,553833,556916,81,3083,2,36000,1.02627311061
555703,555709,557762,6,2053,2,36000,1.00292255236
555753,555760,558720,7,2960,2,36000,1.00236486486
555831,555837,558825,6,2988,2,36000,1.00200803213
556062,556069,559021,7,2952,2,36000,1.00237127371
556193,556199,558505,6,2306,2,36000,1.00260190807
556259,556265,558619,6,2354,2,36000,1.00254885302
556352,556359,556374,7,15,16,21600,1.46666666667
556369,556375,559124,6,2749,2,36000,1.00218261186
556416,556422,575685,6,19263,8,45780,1.00031147796
556416,556427,575684,11,19257,8,45780,1.00057122085
556425,556433,556446,8,13,16,21600,1.61538461538
556460,556466,559632,6,3166,2,36000,1.00189513582
556470,556476,558068,6,1592,5,3600,1.00376884422
556489,556495,559755,6,3260,2,36000,1.0018404908
556527,556533,558120,6,1587,5,3600,1.00378071834
556537,556544,558113,7,1569,5,3600,1.00446144041
556548,556554,558167,6,1613,5,3600,1.00371977681
556559,556565,558220,6,1655,5,3600,1.00362537764
556569,556576,558170,7,1594,5,3600,1.00439146801
556571,556582,559617,11,3035,2,36000,1.00362438221
556580,556588,558194,8,1606,5,3600,1.00498132005
556587,556594,559761,7,3167,2,36000,1.00221029365
556592,556600,558178,8,1578,5,3600,1.00506970849
556603,556614,558987,11,2373,2,36000,1.00463548251
556603,556609,558300,6,1691,5,3600,1.00354819633
556613,556620,558225,7,1605,5,3600,1.00436137072
556624,556630,558293,6,1663,5,3600,1.00360793746
556634,556641,558322,7,1681,5,3600,1.00416418798
556638,556647,559836,9,3189,2,36000,1.00282220132
556645,556653,558275,8,1622,5,3600,1.00493218249
556656,556662,558234,6,1572,5,3600,1.00381679389
556666,556672,558273,6,1601,5,3600,1.00374765771
556669,556678,560564,9,3886,2,36000,1.00231600618
556677,556684,558295,7,1611,5,3600,1.00434512725
556687,556694,558221,7,1527,5,3600,1.00458415193
556698,556704,558305,6,1601,5,3600,1.00374765771
556709,556715,558293,6,1578,5,3600,1.00380228137
556719,556725,558362,6,1637,5,3600,1.0036652413
556730,556736,558368,6,1632,5,3600,1.00367647059
556740,556747,558431,7,1684,5,3600,1.0041567696
556751,556757,558352,6,1595,5,3600,1.00376175549
556760,556766,556792,6,26,1,10,1.23076923077
556762,556772,558369,10,1597,5,3600,1.00626174076
556772,556778,558414,6,1636,5,3600,1.00366748166
556783,556789,558445,6,1656,5,3600,1.00362318841
556793,556800,558472,7,1672,5,3600,1.00418660287
556804,556810,558466,6,1656,5,3600,1.00362318841
556815,556821,558431,6,1610,5,3600,1.00372670807
556825,556831,558442,6,1611,5,3600,1.00372439479
556836,556842,558466,6,1624,5,3600,1.00369458128
556847,556853,558518,6,1665,5,3600,1.0036036036
556857,556863,558572,6,1709,5,3600,1.00351082504
556868,556874,558512,6,1638,5,3600,1.00366300366
556878,556885,558498,7,1613,5,3600,1.00433973962
556889,557087,558616,198,1529,5,3600,1.12949640288
556915,556921,559515,6,2594,2,36000,1.00231303007
557078,557633,560528,555,2895,2,36000,1.19170984456
557622,557736,560420,114,2684,2,36000,1.04247391952
557727,557764,561046,37,3282,2,36000,1.01127361365
557754,557773,560387,19,2614,2,36000,1.00726855394
557769,557779,560220,10,2441,2,36000,1.00409668169
557771,558079,561089,308,3010,2,36000,1.1023255814
558084,558124,559759,40,1635,5,3600,1.0244648318
558125,558131,559776,6,1645,5,3600,1.00364741641
558136,558179,559843,43,1664,5,3600,1.02584134615
558177,558185,559811,8,1626,5,3600,1.0049200492
558188,558199,559890,11,1691,5,3600,1.00650502661
558198,558205,559851,7,1646,5,3600,1.0042527339
558209,558231,559758,22,1527,5,3600,1.01440733464
558230,558237,559805,7,1568,5,3600,1.00446428571
558241,558247,559877,6,1630,5,3600,1.0036809816
558251,558257,559834,6,1577,5,3600,1.00380469245
558262,558284,559944,22,1660,5,3600,1.01325301205
558283,558290,559939,7,1649,5,3600,1.00424499697
558293,558304,559964,11,1660,5,3600,1.00662650602
558304,558310,559998,6,1688,5,3600,1.00355450237
558315,558321,559915,6,1594,5,3600,1.00376411543
558325,558332,559892,7,1560,5,3600,1.00448717949
558336,558342,559990,6,1648,5,3600,1.0036407767
558347,558353,560018,6,1665,5,3600,1.0036036036
558358,558363,559970,5,1607,5,3600,1.00311138768
558368,558374,559902,6,1528,5,3600,1.00392670157
558379,558385,560063,6,1678,5,3600,1.00357568534
558389,558396,560030,7,1634,5,3600,1.00428396573
558400,558425,559940,25,1515,5,3600,1.01650165017
558421,558443,560060,22,1617,5,3600,1.01360544218
558442,558449,560112,7,1663,5,3600,1.00420926037
558452,558459,560119,7,1660,5,3600,1.00421686747
558463,558469,560075,6,1606,5,3600,1.00373599004
558474,558480,560114,6,1634,5,3600,1.00367197062
558484,558491,560120,7,1629,5,3600,1.00429711479
558495,558501,560165,6,1664,5,3600,1.00360576923
558506,558512,560119,6,1607,5,3600,1.00373366521
558516,558523,560103,7,1580,5,3600,1.00443037975
558527,558533,560181,6,1648,5,3600,1.0036407767
558538,558544,560214,6,1670,5,3600,1.00359281437
558548,558583,560219,35,1636,5,3600,1.02139364303
558579,558627,560216,48,1589,5,3600,1.03020767778
558631,558732,560401,101,1669,5,3600,1.06051527861
558734,559032,560706,298,1674,5,3600,1.1780167264
559030,559527,561195,497,1668,5,3600,1.2979616307
559531,559643,561308,112,1665,5,3600,1.06726726727
559644,559769,561372,125,1603,5,3600,1.07797878977
559767,559776,561379,9,1603,5,3600,1.00561447286
559778,559787,561448,9,1661,5,3600,1.00541842264
559789,559816,561501,27,1685,5,3600,1.01602373887
559820,559826,561484,6,1658,5,3600,1.00361881785
559830,559845,561443,15,1598,5,3600,1.00938673342
559841,559851,561438,10,1587,5,3600,1.00630119723
559852,559858,561409,6,1551,5,3600,1.00386847195
559862,559869,561533,7,1664,5,3600,1.00420673077
559873,559888,561486,15,1598,5,3600,1.00938673342
559884,559901,561535,17,1634,5,3600,1.01040391677
559905,559911,561533,6,1622,5,3600,1.00369913687
559915,559921,561559,6,1638,5,3600,1.00366300366
559926,559932,561575,6,1643,5,3600,1.00365185636
559936,559950,561592,14,1642,5,3600,1.00852618758
559947,559956,561588,9,1632,5,3600,1.00551470588
559958,559964,561574,6,1610,5,3600,1.00372670807
559969,559975,561617,6,1642,5,3600,1.00365408039
559979,559985,561567,6,1582,5,3600,1.00379266751
559990,560002,561623,12,1621,5,3600,1.00740283775
560001,560009,561651,8,1642,5,3600,1.00487210719
560011,560029,561676,18,1647,5,3600,1.01092896175
560032,560041,561722,9,1681,5,3600,1.00535395598
560043,560071,561611,28,1540,5,3600,1.01818181818
560074,560080,561645,6,1565,5,3600,1.00383386581
560085,560091,561795,6,1704,5,3600,1.00352112676
560095,560115,561757,20,1642,5,3600,1.01218026797
560116,560123,561698,7,1575,5,3600,1.00444444444
560127,560133,561687,6,1554,5,3600,1.00386100386
560138,560144,561777,6,1633,5,3600,1.00367421923
560148,560154,561781,6,1627,5,3600,1.0036877689
560159,560165,561781,6,1616,5,3600,1.00371287129
560170,560176,561813,6,1637,5,3600,1.0036652413
560180,560192,561860,12,1668,5,3600,1.0071942446
560191,560225,561836,34,1611,5,3600,1.02110490379
560222,560231,561807,9,1576,5,3600,1.0057106599
560233,560239,561782,6,1543,5,3600,1.00388852884
560243,560398,561964,155,1566,5,3600,1.09897828863
560397,560412,562018,15,1606,5,3600,1.00933997509
560408,560575,562196,167,1621,5,3600,1.10302282542
560572,560718,562375,146,1657,5,3600,1.08811104406
560715,561100,562712,385,1612,5,3600,1.2388337469
561104,561206,562785,102,1579,5,3600,1.06459784674
561207,561319,562974,112,1655,5,3600,1.06767371601
561319,561383,562954,64,1571,5,3600,1.0407383832
561381,561390,562994,9,1604,5,3600,1.00561097257
561392,561420,563028,28,1608,5,3600,1.01741293532
561423,561449,563130,26,1681,5,3600,1.01546698394
561454,561460,563014,6,1554,5,3600,1.00386100386
561464,561471,563076,7,1605,5,3600,1.00436137072
561475,561495,563127,20,1632,5,3600,1.01225490196
561496,561502,563133,6,1631,5,3600,1.00367872471
561507,561513,563149,6,1636,5,3600,1.00366748166
561517,561544,563133,27,1589,5,3600,1.01699181875
561549,561555,563189,6,1634,5,3600,1.00367197062
561559,561565,563224,6,1659,5,3600,1.00361663653
561570,561576,563149,6,1573,5,3600,1.00381436745
561580,561586,563167,6,1581,5,3600,1.00379506641
561591,561597,563270,6,1673,5,3600,1.00358637179
561602,561608,563234,6,1626,5,3600,1.0036900369
561613,561619,563221,6,1602,5,3600,1.00374531835
561623,561629,563264,6,1635,5,3600,1.00366972477
561634,561640,563246,6,1606,5,3600,1.00373599004
561644,561651,563290,7,1639,5,3600,1.00427089689
561655,561661,563319,6,1658,5,3600,1.00361881785
561666,561672,563262,6,1590,5,3600,1.00377358491
561676,561683,563278,7,1595,5,3600,1.00438871473
561687,561693,563339,6,1646,5,3600,1.00364520049
561698,561704,563258,6,1554,5,3600,1.00386100386
561708,561714,563314,6,1600,5,3600,1.00375
561719,561733,563361,14,1628,5,3600,1.0085995086
561730,561768,563368,38,1600,5,3600,1.02375
561771,561789,563346,18,1557,5,3600,1.01156069364
561792,561798,563426,6,1628,5,3600,1.00368550369
561802,561809,563418,7,1609,5,3600,1.00435052828
561813,561819,563407,6,1588,5,3600,1.00377833753
561824,561830,563393,6,1563,5,3600,1.00383877159
561834,561841,563459,7,1618,5,3600,1.0043263288
561845,561851,563468,6,1617,5,3600,1.00371057514
561856,561862,563456,6,1594,5,3600,1.00376411543
561866,561872,563525,6,1653,5,3600,1.00362976407
561877,561976,563631,99,1655,5,3600,1.05981873112
561981,562030,563669,49,1639,5,3600,1.02989627822
562032,562207,563814,175,1607,5,3600,1.10889856876
562206,562386,564022,180,1636,5,3600,1.11002444988
562390,562724,564383,334,1659,5,3600,1.20132610006
562728,562796,564354,68,1558,5,3600,1.04364569961
562799,562966,564636,167,1670,5,3600,1.1
562963,562986,564619,23,1633,5,3600,1.01408450704
562984,563005,564628,21,1623,5,3600,1.01293900185
563005,563025,564640,20,1615,5,3600,1.01238390093
563026,563039,564619,13,1580,5,3600,1.0082278481
563037,563087,564697,50,1610,5,3600,1.03105590062
563088,563138,564770,50,1632,5,3600,1.0306372549
563140,563146,564776,6,1630,5,3600,1.0036809816
563150,563156,564693,6,1537,5,3600,1.00390370852
563161,563167,564825,6,1658,5,3600,1.00361881785
563172,563178,564800,6,1622,5,3600,1.00369913687
563182,563188,564751,6,1563,5,3600,1.00383877159
563193,563199,564703,6,1504,5,3600,1.0039893617
563203,563210,564818,7,1608,5,3600,1.00435323383
563214,563232,564821,18,1589,5,3600,1.01132787917
563235,563241,564845,6,1604,5,3600,1.00374064838
563246,563252,564850,6,1598,5,3600,1.00375469337
563256,563263,564851,7,1588,5,3600,1.00440806045
563267,563273,564931,6,1658,5,3600,1.00361881785
563278,563284,564959,6,1675,5,3600,1.00358208955
563288,563294,564983,6,1689,5,3600,1.00355239787
563299,563305,564896,6,1591,5,3600,1.00377121307
563309,563316,564885,7,1569,5,3600,1.00446144041
563320,563326,564869,6,1543,5,3600,1.00388852884
563331,563337,564893,6,1556,5,3600,1.00385604113
563341,563348,565003,7,1655,5,3600,1.00422960725
563352,563358,564962,6,1604,5,3600,1.00374064838
563363,563369,565072,6,1703,5,3600,1.00352319436
563373,563379,564995,6,1616,5,3600,1.00371287129
563384,563390,565014,6,1624,5,3600,1.00369458128
563394,563405,564945,11,1540,5,3600,1.00714285714
563405,563419,564991,14,1572,5,3600,1.00890585242
563416,563429,565116,13,1687,5,3600,1.00770598696
563426,563437,565042,11,1605,5,3600,1.00685358255
563437,563467,565071,30,1604,5,3600,1.0187032419
563468,563474,565180,6,1706,5,3600,1.00351699883
563479,563485,565105,6,1620,5,3600,1.0037037037
563489,563536,565185,47,1649,5,3600,1.0285021225
563541,563643,565225,102,1582,5,3600,1.06447534766
563643,563680,565278,37,1598,5,3600,1.02315394243
563685,563825,565500,140,1675,5,3600,1.08358208955
563828,564033,565692,205,1659,5,3600,1.12356841471
564032,564365,565993,333,1628,5,3600,1.20454545455
564370,564394,566038,24,1644,5,3600,1.01459854015
564391,564630,566295,239,1665,5,3600,1.14354354354
564626,564636,566312,10,1676,5,3600,1.00596658711
564637,564643,566150,6,1507,5,3600,1.00398142004
564648,564654,566255,6,1601,5,3600,1.00374765771
564658,564664,566340,6,1676,5,3600,1.00357995227
564669,564704,566314,35,1610,5,3600,1.02173913043
564700,564710,566370,10,1660,5,3600,1.00602409639
564711,564716,566306,5,1590,5,3600,1.00314465409
564721,564762,566311,41,1549,5,3600,1.02646868948
564763,564781,566347,18,1566,5,3600,1.01149425287
564783,564790,566362,7,1572,5,3600,1.00445292621
564794,564811,566382,17,1571,5,3600,1.01082113304
564815,564830,566493,15,1663,5,3600,1.00901984366
564825,564836,566495,11,1659,5,3600,1.0066305003
564836,564842,566463,6,1621,5,3600,1.00370141888
564847,564856,566369,9,1513,5,3600,1.00594844679
564857,564863,566520,6,1657,5,3600,1.00362100181
564868,564874,566448,6,1574,5,3600,1.00381194409
564879,564885,566450,6,1565,5,3600,1.00383386581
564889,564896,566534,7,1638,5,3600,1.00427350427
564900,564906,566564,6,1658,5,3600,1.00361881785
564911,564917,566566,6,1649,5,3600,1.00363856883
564921,564942,566582,21,1640,5,3600,1.01280487805
564942,564956,566558,14,1602,5,3600,1.00873907615
564953,564971,566569,18,1598,5,3600,1.0112640801
564973,564980,566575,7,1595,5,3600,1.00438871473
564984,564994,566670,10,1676,5,3600,1.00596658711
564995,565002,566644,7,1642,5,3600,1.00426309379
565005,565011,566587,6,1576,5,3600,1.0038071066
565016,565022,566653,6,1631,5,3600,1.00367872471
565027,565033,566703,6,1670,5,3600,1.00359281437
565037,565054,566678,17,1624,5,3600,1.0104679803
565058,565082,566750,24,1668,5,3600,1.01438848921
565079,565088,566702,9,1614,5,3600,1.00557620818
565090,565116,566694,26,1578,5,3600,1.0164765526
565121,565127,566734,6,1607,5,3600,1.00373366521
565131,565191,566811,60,1620,5,3600,1.03703703704
565193,565199,566777,6,1578,5,3600,1.00380228137
565204,565237,566861,33,1624,5,3600,1.02032019704
565235,565290,566961,55,1671,5,3600,1.0329144225
565286,565512,567172,226,1660,5,3600,1.13614457831
565511,565703,567320,192,1617,5,3600,1.11873840445
565705,566004,567605,299,1601,5,3600,1.18675827608
566002,566049,567712,47,1663,5,3600,1.02826217679
566053,566161,567794,108,1633,5,3600,1.06613594611
566166,566267,567901,101,1634,5,3600,1.06181150551
566269,566306,567914,37,1608,5,3600,1.02300995025
566310,566317,567890,7,1573,5,3600,1.00445009536
566321,566326,567976,5,1650,5,3600,1.00303030303
566331,566337,567847,6,1510,5,3600,1.00397350993
566342,566348,568025,6,1677,5,3600,1.00357781753
566352,566358,568009,6,1651,5,3600,1.00363416111
566363,566369,567899,6,1530,5,3600,1.00392156863
566374,566380,567978,6,1598,5,3600,1.00375469337
566384,566390,568022,6,1632,5,3600,1.00367647059
566395,566401,567987,6,1586,5,3600,1.00378310214
566406,566412,568077,6,1665,5,3600,1.0036036036
566416,566460,568047,44,1587,5,3600,1.0277252678
566457,566466,568063,9,1597,5,3600,1.00563556669
566468,566474,568074,6,1600,5,3600,1.00375
566479,566504,568131,25,1627,5,3600,1.01536570375
566500,566510,568146,10,1636,5,3600,1.00611246944
566510,566531,568111,21,1580,5,3600,1.01329113924
566531,566545,568130,14,1585,5,3600,1.00883280757
566542,566570,568143,28,1573,5,3600,1.01780038144
566573,566579,568206,6,1627,5,3600,1.0036877689
566583,566590,568317,7,1727,5,3600,1.00405327157
566594,566600,568240,6,1640,5,3600,1.00365853659
566605,566611,568224,6,1613,5,3600,1.00371977681
566615,566622,568296,7,1674,5,3600,1.00418160096
566626,566632,568220,6,1588,5,3600,1.00377833753
566637,566655,568232,18,1577,5,3600,1.01141407736
566658,566664,568347,6,1683,5,3600,1.00356506239
566668,566682,568331,14,1649,5,3600,1.00848999394
566679,566689,568286,10,1597,5,3600,1.00626174076
566689,566705,568270,16,1565,5,3600,1.01022364217
566700,566713,568341,13,1628,5,3600,1.00798525799
566711,566719,568274,8,1555,5,3600,1.00514469453
566721,566746,568357,25,1611,5,3600,1.01551831161
566742,566761,568364,19,1603,5,3600,1.01185277604
566763,566788,568432,25,1644,5,3600,1.01520681265
566784,566823,568375,39,1552,5,3600,1.02512886598
566825,566872,568466,47,1594,5,3600,1.02948557089
566877,566972,568540,95,1568,5,3600,1.06058673469
566969,567184,568854,215,1670,5,3600,1.12874251497
567184,567331,568908,147,1577,5,3600,1.09321496512
567327,567617,569264,290,1647,5,3600,1.17607771706
567614,567723,569349,109,1626,5,3600,1.06703567036
567727,567805,569493,78,1688,5,3600,1.04620853081
567809,567858,569506,49,1648,5,3600,1.02973300971
567860,567901,569514,41,1613,5,3600,1.02541847489
567901,567910,569521,9,1611,5,3600,1.00558659218
567912,567918,569541,6,1623,5,3600,1.00369685767
567923,567929,569501,6,1572,5,3600,1.00381679389
567933,567988,569638,55,1650,5,3600,1.03333333333
567985,567994,569612,9,1618,5,3600,1.00556242274
567995,568002,569527,7,1525,5,3600,1.00459016393
568006,568020,569669,14,1649,5,3600,1.00848999394
568017,568033,569686,16,1653,5,3600,1.00967937084
568038,568044,569580,6,1536,5,3600,1.00390625
568049,568058,569671,9,1613,5,3600,1.00557966522
568059,568074,569637,15,1563,5,3600,1.00959692898
568070,568086,569697,16,1611,5,3600,1.00993171943
568091,568097,569720,6,1623,5,3600,1.00369685767
568102,568123,569706,21,1583,5,3600,1.01326595073
568122,568142,569749,20,1607,5,3600,1.01244555072
568143,568149,569773,6,1624,5,3600,1.00369458128
568154,568160,569725,6,1565,5,3600,1.00383386581
568165,568171,569772,6,1601,5,3600,1.00374765771
568175,568217,569846,42,1629,5,3600,1.02578268877
568217,568231,569786,14,1555,5,3600,1.00900321543
568227,568237,569882,10,1645,5,3600,1.00607902736
568238,568244,569910,6,1666,5,3600,1.00360144058
568248,568255,569890,7,1635,5,3600,1.00428134557
568259,568281,569903,22,1622,5,3600,1.01356350185
568280,568287,569965,7,1678,5,3600,1.0041716329
568291,568297,569885,6,1588,5,3600,1.00377833753
568302,568307,569869,5,1562,5,3600,1.00320102433
568312,568329,569935,17,1606,5,3600,1.01058530511
568333,568342,569972,9,1630,5,3600,1.00552147239
572098,572104,575698,6,3594,1,36000,1.00166944908
572203,572209,745030,6,172821,1,172800,1.000034718
573370,573376,573605,6,229,40,36000,1.02620087336
573677,573683,573982,6,299,40,36000,1.02006688963
573985,573991,574909,6,918,40,36000,1.00653594771
574910,574916,575476,6,560,40,36000,1.01071428571
575144,575150,661579,6,86429,1,86400,1.00006942114
575557,575563,575685,6,122,40,36000,1.04918032787
575690,575696,575705,6,9,40,36000,1.5
575713,575719,576035,6,316,40,36000,1.01898734177
576040,576046,576341,6,295,40,36000,1.02033898305
577200,577206,577608,6,402,40,36000,1.01492537313
577619,577625,577822,6,197,40,36000,1.03045685279
577855,577861,577886,6,25,40,36000,1.24
577915,577921,577957,6,36,40,36000,1.16666666667
577950,577956,578002,6,46,40,36000,1.13043478261
578021,578028,578274,7,246,40,36000,1.02845528455
578292,578298,578786,6,488,40,36000,1.01229508197
578873,578879,580754,6,1875,40,36000,1.0032
579177,579183,579202,6,19,40,36000,1.31578947368
579258,579264,581549,6,2285,40,36000,1.00262582057
579988,579994,580925,6,931,40,36000,1.00644468314
581846,581852,582560,6,708,80,36000,1.00847457627
582618,582624,584858,6,2234,2,36000,1.00268576544
582619,582630,584858,11,2228,2,36000,1.00493716338
582621,582635,584858,14,2223,2,36000,1.00629779577
582622,582640,584858,18,2218,2,36000,1.0081154193
582623,582645,584858,22,2213,2,36000,1.00994125621
582624,582651,584858,27,2207,2,36000,1.01223380154
582626,582657,584858,31,2201,2,36000,1.01408450704
582627,582662,584858,35,2196,2,36000,1.01593806922
582628,582667,584858,39,2191,2,36000,1.01780009128
582630,582672,584858,42,2186,2,36000,1.01921317475
582631,582677,584858,46,2181,2,36000,1.02109124255
582632,582683,584858,51,2175,2,36000,1.02344827586
582634,582688,584858,54,2170,2,36000,1.02488479263
582635,582693,584858,58,2165,2,36000,1.02678983834
582636,582698,584858,62,2160,2,36000,1.0287037037
582637,582703,584858,66,2155,2,36000,1.03062645012
582639,582708,584858,69,2150,2,36000,1.03209302326
582640,582714,584858,74,2144,2,36000,1.03451492537
582641,582719,584858,78,2139,2,36000,1.03646563815
582643,582724,584858,81,2134,2,36000,1.03795688847
582644,582729,584858,85,2129,2,36000,1.03992484735
582646,582734,584858,88,2124,2,36000,1.04143126177
582647,582740,584858,93,2118,2,36000,1.04390934844
582649,582745,584858,96,2113,2,36000,1.0454330336
582650,582750,584858,100,2108,2,36000,1.04743833017
582652,582756,584858,104,2102,2,36000,1.04947668887
582653,582761,584858,108,2097,2,36000,1.05150214592
582654,582766,584858,112,2092,2,36000,1.05353728489
582656,582771,584858,115,2087,2,36000,1.05510301869
582657,582777,584858,120,2081,2,36000,1.05766458433
582658,582782,584858,124,2076,2,36000,1.05973025048
582660,582787,584858,127,2071,2,36000,1.06132303235
582661,582792,584858,131,2066,2,36000,1.06340755082
582662,582797,584858,135,2061,2,36000,1.06550218341
582664,582802,584858,138,2056,2,36000,1.06712062257
582665,582807,584858,142,2051,2,36000,1.06923451975
582666,582813,584858,147,2045,2,36000,1.07188264059
582667,582818,584858,151,2040,2,36000,1.07401960784
582669,582823,584858,154,2035,2,36000,1.07567567568
582670,582828,584858,158,2030,2,36000,1.07783251232
584880,584886,587664,6,2778,2,36000,1.00215982721
584881,584892,601478,11,16586,2,36000,1.00066320994
584883,584897,587598,14,2701,2,36000,1.00518326546
584884,584902,590615,18,5713,2,36000,1.00315070891
584885,584907,589528,22,4621,2,36000,1.00476087427
584886,584912,601478,26,16566,2,36000,1.00156947966
584888,584918,590530,30,5612,2,36000,1.00534568781
584889,584923,588927,34,4004,2,36000,1.00849150849
584890,584928,588529,38,3601,2,36000,1.01055262427
584892,584934,590847,42,5913,2,36000,1.0071029934
584893,584939,588121,46,3182,2,36000,1.01445631678
584894,584944,590264,50,5320,2,36000,1.00939849624
584896,584949,588178,53,3229,2,36000,1.01641375039
584897,584954,601477,57,16523,2,36000,1.00344973673
584898,584959,601478,61,16519,2,36000,1.00369271748
584900,584965,588202,65,3237,2,36000,1.02008032129
584901,584970,587773,69,2803,2,36000,1.02461648234
584902,584975,588957,73,3982,2,36000,1.01833249623
584903,584980,601478,77,16498,2,36000,1.00466723239
584905,584985,588616,80,3631,2,36000,1.02203249793
584906,584990,588276,84,3286,2,36000,1.02556299452
584907,584996,587920,89,2924,2,36000,1.0304377565
584909,585001,589156,92,4155,2,36000,1.02214199759
584910,585006,589283,96,4277,2,36000,1.02244563947
584911,585012,590449,101,5437,2,36000,1.01857642082
584913,585017,589039,104,4022,2,36000,1.0258577822
584914,585023,590818,109,5795,2,36000,1.01880931838
584915,585028,601477,113,16449,2,36000,1.00686971852
584916,585033,601477,117,16444,2,36000,1.00711505716
584918,585038,587837,120,2799,2,36000,1.04287245445
584919,585043,589628,124,4585,2,36000,1.02704471101
584920,585049,588213,129,3164,2,36000,1.04077117573
584922,585054,590278,132,5224,2,36000,1.02526799387
584923,585059,588541,136,3482,2,36000,1.03905801264
584924,585064,590157,140,5093,2,36000,1.02748870999
584926,585069,590993,143,5924,2,36000,1.02413909521
584927,585075,588035,148,2960,2,36000,1.05
584929,585080,590276,151,5196,2,36000,1.02906081601
584930,585085,591120,155,6035,2,36000,1.02568351284
584931,585090,588507,159,3417,2,36000,1.04653204565
584933,587676,591571,2743,3895,2,36000,1.70423620026
584935,587609,593660,2674,6051,2,36000,1.44191042803
584937,590626,593969,5689,3343,2,36000,2.70176488184
584938,589539,595096,4601,5557,2,36000,1.82796472917
584940,590541,593873,5601,3332,2,36000,2.68097238896
584942,588938,593457,3996,4519,2,36000,1.88426643063
584943,588540,591979,3597,3439,2,36000,2.04594358825
584944,590858,596809,5914,5951,2,36000,1.99378255755
584946,588132,592354,3186,4222,2,36000,1.75461866414
584947,590275,596179,5328,5904,2,36000,1.90243902439
584948,588189,592854,3241,4665,2,36000,1.69474812433
584952,588213,591212,3261,2999,2,36000,2.08736245415
584953,587784,590710,2831,2926,2,36000,1.96753246753
584955,588968,592507,4013,3539,2,36000,2.13393614015
584957,588627,594520,3670,5893,2,36000,1.62277278127
584959,588287,592734,3328,4447,2,36000,1.74836968743
584960,587931,592963,2971,5032,2,36000,1.59042130366
584961,589168,593388,4207,4220,2,36000,1.99691943128
584963,589294,592900,4331,3606,2,36000,2.20105379922
584964,590460,593628,5496,3168,2,36000,2.73484848485
584965,589051,592209,4086,3158,2,36000,2.29385687144
584966,590830,594669,5864,3839,2,36000,2.52748111487
584970,587848,590832,2878,2984,2,36000,1.9644772118
584972,589639,595699,4667,6060,2,36000,1.7701320132
584973,588225,592350,3252,4125,2,36000,1.78836363636
584974,590293,596272,5319,5979,2,36000,1.88961364777
584976,588552,592616,3576,4064,2,36000,1.87992125984
584977,590168,593187,5191,3019,2,36000,2.71944352435
584978,591004,595450,6026,4446,2,36000,2.35537561853
584980,588046,591981,3066,3935,2,36000,1.7791613723
584981,590287,594083,5306,3796,2,36000,2.39778714436
584982,591131,595593,6149,4462,2,36000,2.37808157777
584983,588519,592352,3536,3833,2,36000,1.9225150013
587596,593671,599336,6075,5665,2,36000,2.07237422771
587662,591582,594768,3920,3186,2,36000,2.2303829253
587775,590721,594970,2946,4249,2,36000,1.69333960932
587836,590843,594487,3007,3644,2,36000,1.8251920966
587920,592974,595758,5054,2784,2,36000,2.81537356322
588033,591996,596597,3963,4601,2,36000,1.8613344925
588120,592367,595794,4247,3427,2,36000,2.23927633499
588177,592865,598314,4688,5449,2,36000,1.86034134704
588201,591224,595736,3023,4512,2,36000,1.66999113475
588215,592361,597881,4146,5520,2,36000,1.75108695652
588275,592746,597884,4471,5138,2,36000,1.87018295056
588507,592372,596594,3865,4222,2,36000,1.91544291805
588530,591990,595589,3460,3599,2,36000,1.9613781606
588545,592627,595881,4082,3254,2,36000,2.25445605409
588617,594531,597487,5914,2956,2,36000,3.00067658999
588927,593468,596137,4541,2669,2,36000,2.701386287
588957,592519,595921,3562,3402,2,36000,2.04703115814
589037,592220,595673,3183,3453,2,36000,1.92180712424
589158,593399,597425,4241,4026,2,36000,2.05340288127
589284,592912,596330,3628,3418,2,36000,2.06143943827
589527,595107,599133,5580,4026,2,36000,2.38599105812
589629,595710,601478,6081,5768,2,36000,2.05426490985
590155,593198,597954,3043,4756,2,36000,1.63982338099
590264,596190,599983,5926,3793,2,36000,2.5623517005
590278,594094,599977,3816,5883,2,36000,1.64864864865
590280,596283,600008,6003,3725,2,36000,2.61154362416
590448,593639,597715,3191,4076,2,36000,1.78287536801
590529,593884,596770,3355,2886,2,36000,2.16250866251
590616,593980,597667,3364,3687,2,36000,1.912394901
590712,594982,598266,4270,3284,2,36000,2.30024360536
590817,594681,597962,3864,3281,2,36000,2.17768972874
590832,594499,597881,3667,3382,2,36000,2.08426966292
590847,596820,601167,5973,4347,2,36000,2.3740510697
590994,595464,599626,4470,4162,2,36000,2.07400288323
591120,595606,599751,4486,4145,2,36000,2.08226779252
591213,595747,600117,4534,4370,2,36000,2.03752860412
591312,599347,601477,8035,2130,2,36000,4.77230046948
591313,594779,598896,3466,4117,2,36000,1.84187515181
591314,595769,601240,4455,5471,2,36000,1.8142935478
591316,596612,600472,5296,3860,2,36000,2.37202072539
591317,595805,600795,4488,4990,2,36000,1.8993987976
591318,598325,601477,7007,3152,2,36000,3.22303299492
591319,597892,601483,6573,3591,2,36000,2.83040935673
591321,597904,601483,6583,3579,2,36000,2.83934059793
591322,596606,600167,5284,3561,2,36000,2.48385285032
591323,595600,600834,4277,5234,2,36000,1.81715705006
591325,595892,600613,4567,4721,2,36000,1.96737979242
591326,597498,601483,6172,3985,2,36000,2.54880803011
591328,596148,601012,4820,4864,2,36000,1.99095394737
591329,595932,601400,4603,5468,2,36000,1.84180687637
591330,595684,599646,4354,3962,2,36000,2.09893992933
591332,597436,600321,6104,2885,2,36000,3.1157712305
591333,596341,600181,5008,3840,2,36000,2.30416666667
591334,599144,601483,7810,2339,2,36000,4.33903377512
591337,597965,601221,6628,3256,2,36000,3.03562653563
591338,599995,601483,8657,1488,2,36000,6.81787634409
591339,599988,601483,8649,1495,2,36000,6.78528428094
591341,600020,601482,8679,1462,2,36000,6.93638850889
591342,597732,601483,6390,3751,2,36000,2.70354572114
591343,596781,600569,5438,3788,2,36000,2.43558606125
591345,597678,601483,6333,3805,2,36000,2.66438896189
591346,598277,601483,6931,3206,2,36000,3.16188396756
591347,597973,601483,6626,3510,2,36000,2.88774928775
591348,597897,601482,6549,3585,2,36000,2.82677824268
591350,601178,601482,9828,304,2,36000,33.3289473684
591351,599637,601483,8286,1846,2,36000,5.488624052
591352,599763,601483,8411,1720,2,36000,5.89011627907
591354,600129,601482,8775,1353,2,36000,7.48558758315
591372,591378,591380,6,2,2,3540,1.0
591570,598908,601483,7338,2575,2,36000,3.84970873786
591979,600845,601482,8866,637,2,36000,14.9183673469
591994,600483,601482,8489,999,2,36000,9.4974974975
592208,599657,601482,7449,1825,2,36000,5.08164383562
592363,600806,601482,8443,676,2,36000,13.4896449704
592365,600179,601482,7814,1303,2,36000,6.99693016117
592509,601412,601482,8903,70,2,36000,128.185714286
592617,600627,601483,8010,856,2,36000,10.3574766355
592902,600192,601483,7290,1291,2,36000,6.64678543765
592962,601251,601483,8289,232,2,36000,36.7284482759
593188,601232,601483,8044,251,2,36000,33.0478087649
593248,593254,593360,6,106,14,8940,1.05660377358
593358,593364,593369,6,5,1,900,1.1
593364,593371,593528,7,157,14,8940,1.04458598726
593389,600332,601483,6943,1151,2,36000,7.03214596003
593458,601023,601483,7565,460,2,36000,17.4456521739
593526,593532,593536,6,4,1,900,1.0
593532,593538,593752,6,214,14,8940,1.02803738318
593749,593756,593760,7,4,1,900,1.1
593755,593762,594014,7,252,14,8940,1.02777777778
593873,600580,601483,6707,903,2,36000,8.42746400886
593909,593915,594312,6,397,14,8940,1.01511335013
594011,594017,594022,6,5,1,900,1.1
594016,594023,594216,7,193,14,8940,1.03626943005
594213,594220,594225,7,5,1,900,1.2
594220,594226,594444,6,218,14,8940,1.02752293578
594442,594448,594453,6,5,1,900,1.1
594448,594455,594633,7,178,14,8940,1.0393258427
594631,594637,594641,6,4,1,900,1.0
594637,594644,594829,7,185,14,8940,1.03783783784
594827,594833,594836,6,3,1,900,1.0
594832,594840,595445,8,605,14,8940,1.0132231405
594981,594989,595747,8,758,14,17940,1.01055408971
595444,595451,595455,7,4,1,900,1.1
595450,595458,596108,8,650,14,8940,1.01230769231
596106,596113,596116,7,3,1,900,1.0
596111,596119,596730,8,611,14,8940,1.01309328969
596729,596735,596740,6,5,1,900,1.1
596735,596742,597230,7,488,14,8940,1.0143442623
596822,596828,597584,6,756,14,26940,1.00793650794
597229,597236,597240,7,4,1,900,1.1
597235,597242,597719,7,477,14,8940,1.01467505241
597718,597724,597728,6,4,1,900,1.0
597724,597737,598302,13,565,14,8940,1.02300884956
598300,598306,598310,6,4,1,900,1.0
598307,598313,598696,6,383,14,8940,1.01566579634
598694,598700,598705,6,5,1,900,1.1
598701,598707,599228,6,521,14,8940,1.01151631478
599227,599234,599238,7,4,1,900,1.1
599234,599240,599766,6,526,14,8940,1.01140684411
599764,599772,599775,8,3,1,900,1.1
599770,599779,600086,9,307,14,8940,1.02931596091
600085,600093,600097,8,4,1,900,1.2
600092,600100,600408,8,308,14,8940,1.02597402597
600406,600413,600417,7,4,1,900,1.1
600413,600420,600609,7,189,14,8940,1.03703703704
600503,600509,601152,6,643,14,26940,1.00933125972
600607,600614,600618,7,4,1,900,1.1
600613,600621,601368,8,747,14,8940,1.01070950469
600999,601005,643602,6,42597,70,43199,1.00014085499
601334,601342,602260,8,918,14,35940,1.00871459695
601366,601373,601377,7,4,1,900,1.1
601372,601379,601899,7,520,14,8940,1.01346153846
601650,601656,602261,6,605,2,36000,1.00991735537
601651,601662,602261,11,599,2,36000,1.0183639399
601653,601667,602261,14,594,2,36000,1.02356902357
601654,601672,602261,18,589,2,36000,1.03056027165
601655,601677,602261,22,584,2,36000,1.03767123288
601657,601683,602261,26,578,2,36000,1.04498269896
601658,601688,602261,30,573,2,36000,1.05235602094
601659,601694,602261,35,567,2,36000,1.06172839506
601661,601699,602261,38,562,2,36000,1.06761565836
601662,601704,602261,42,557,2,36000,1.07540394973
601663,601709,602261,46,552,2,36000,1.08333333333
601665,601714,602261,49,547,2,36000,1.08957952468
601666,601719,602261,53,542,2,36000,1.09778597786
601667,601725,602261,58,536,2,36000,1.10820895522
601669,601730,602261,61,531,2,36000,1.11487758945
601670,601735,602261,65,526,2,36000,1.12357414449
601671,601740,602261,69,521,2,36000,1.13243761996
601673,601745,602261,72,516,2,36000,1.13953488372
601674,601750,602261,76,511,2,36000,1.14872798434
601675,601755,602261,80,506,2,36000,1.1581027668
601676,601761,602261,85,500,2,36000,1.17
601678,601766,602261,88,495,2,36000,1.17777777778
601679,601772,602261,93,489,2,36000,1.19018404908
601680,601777,602261,97,484,2,36000,1.20041322314
601682,601782,602261,100,479,2,36000,1.20876826722
601683,601787,602261,104,474,2,36000,1.2194092827
601684,601793,602261,109,468,2,36000,1.23290598291
601686,601798,602261,112,463,2,36000,1.24190064795
601687,601803,602261,116,458,2,36000,1.25327510917
601688,601808,602261,120,453,2,36000,1.26490066225
601689,601813,602261,124,448,2,36000,1.27678571429
601691,601818,602261,127,443,2,36000,1.28668171558
601692,601824,602261,132,437,2,36000,1.30205949657
601693,601829,602261,136,432,2,36000,1.31481481481
601695,601834,602261,139,427,2,36000,1.32552693208
601696,601839,602261,143,422,2,36000,1.33886255924
601697,601844,602261,147,417,2,36000,1.35251798561
601699,601849,602261,150,412,2,36000,1.3640776699
601700,601855,602261,155,406,2,36000,1.38177339901
601701,601860,602261,159,401,2,36000,1.39650872818
601702,601865,602261,163,396,2,36000,1.41161616162
601704,601870,602261,166,391,2,36000,1.42455242967
601705,601875,602261,170,386,2,36000,1.44041450777
601706,601880,602261,174,381,2,36000,1.45669291339
601708,601886,602261,178,375,2,36000,1.47466666667
601709,601891,602261,182,370,2,36000,1.49189189189
601710,601896,602261,186,365,2,36000,1.5095890411
601712,601901,602261,189,360,2,36000,1.525
601713,601906,602261,193,355,2,36000,1.54366197183
601714,601911,602261,197,350,2,36000,1.56285714286
601716,601917,602261,201,344,2,36000,1.58430232558
601717,601922,602261,205,339,2,36000,1.60471976401
601719,601927,602261,208,334,2,36000,1.62275449102
601720,601932,602261,212,329,2,36000,1.6443768997
601721,601937,602261,216,324,2,36000,1.66666666667
601723,601942,602261,219,319,2,36000,1.68652037618
601724,601948,602261,224,313,2,36000,1.71565495208
601725,601953,602261,228,308,2,36000,1.74025974026
601726,601958,602261,232,303,2,36000,1.76567656766
601728,601963,602261,235,298,2,36000,1.78859060403
601729,601968,602262,239,294,2,36000,1.81292517007
601730,601973,602261,243,288,2,36000,1.84375
601732,601979,602261,247,282,2,36000,1.87588652482
601733,601984,602261,251,277,2,36000,1.90613718412
601734,601989,602261,255,272,2,36000,1.9375
601736,601994,602262,258,268,2,36000,1.96268656716
601737,601999,602262,262,263,2,36000,1.99619771863
601738,602004,602262,266,258,2,36000,2.03100775194
601739,602009,602262,270,253,2,36000,2.06719367589
601741,602015,602262,274,247,2,36000,2.10931174089
601742,602020,602262,278,242,2,36000,2.14876033058
601743,602025,602262,282,237,2,36000,2.18987341772
601745,602030,602262,285,232,2,36000,2.22844827586
601898,602271,602275,373,4,1,900,37.7
601904,602036,602228,132,192,14,8940,1.6875
602226,602276,602279,50,3,1,900,5.3
602232,602240,602766,8,526,14,8940,1.01520912548
602306,602312,604984,6,2672,2,36000,1.00224550898
602307,602318,608233,11,5915,2,36000,1.00185967878
602309,602323,608023,14,5700,2,36000,1.00245614035
602310,602328,607722,18,5394,2,36000,1.00333704116
602311,602333,606513,22,4180,2,36000,1.00526315789
602312,602338,605074,26,2736,2,36000,1.00950292398
602314,602344,607629,30,5285,2,36000,1.00567644276
602315,602349,607427,34,5078,2,36000,1.00669554943
602316,602354,608124,38,5770,2,36000,1.00658578856
602318,602360,605520,42,3160,2,36000,1.01329113924
602319,602365,605887,46,3522,2,36000,1.01306076093
602320,602370,607817,50,5447,2,36000,1.00917936479
602321,602375,607971,54,5596,2,36000,1.00964974982
602323,602380,605709,57,3329,2,36000,1.01712225894
602324,602385,605228,61,2843,2,36000,1.02145620823
602325,602390,606960,65,4570,2,36000,1.01422319475
602327,602396,606436,69,4040,2,36000,1.01707920792
602328,602401,606504,73,4103,2,36000,1.01779185961
602329,602406,605565,77,3159,2,36000,1.02437480215
602331,602411,605931,80,3520,2,36000,1.02272727273
602332,602416,606870,84,4454,2,36000,1.01885945218
602333,602421,607192,88,4771,2,36000,1.01844477049
602334,602427,607645,93,5218,2,36000,1.01782292066
602336,602432,606020,96,3588,2,36000,1.02675585284
602337,602437,607680,100,5243,2,36000,1.01907304978
602338,602442,608457,104,6015,2,36000,1.01729010806
602340,602448,606681,108,4233,2,36000,1.02551381999
602341,602453,608014,112,5561,2,36000,1.02014026254
602342,602458,608555,116,6097,2,36000,1.01902575037
602344,602463,605311,119,2848,2,36000,1.04178370787
602345,602469,606981,124,4512,2,36000,1.0274822695
602346,602474,607862,128,5388,2,36000,1.02375649592
602347,602479,608240,132,5761,2,36000,1.02291268877
602349,602484,606690,135,4206,2,36000,1.03209700428
602350,602489,605886,139,3397,2,36000,1.04091845746
602352,602494,607682,142,5188,2,36000,1.02737085582
602353,602499,606647,146,4148,2,36000,1.03519768563
602355,602505,607661,150,5156,2,36000,1.02909231963
602356,602510,606652,154,4142,2,36000,1.03718010623
602357,602515,605246,158,2731,2,36000,1.05785426584
602358,602520,605927,162,3407,2,36000,1.04754916349
602360,602525,607845,165,5320,2,36000,1.03101503759
602361,602530,605701,169,3171,2,36000,1.05329549038
602362,602536,608403,174,5867,2,36000,1.02965740583
602364,602541,608526,177,5985,2,36000,1.02957393484
602365,602546,606156,181,3610,2,36000,1.05013850416
602366,602551,606231,185,3680,2,36000,1.05027173913
602368,602556,606309,188,3753,2,36000,1.05009325873
602369,602561,606021,192,3460,2,36000,1.05549132948
602370,602567,607448,197,4881,2,36000,1.04036058185
602371,602572,606261,201,3689,2,36000,1.05448631065
602373,602577,605786,204,3209,2,36000,1.06357120598
602374,602582,607987,208,5405,2,36000,1.03848288622
602375,602587,606352,212,3765,2,36000,1.05630810093
602377,602592,607716,215,5124,2,36000,1.04195940671
602378,602598,606125,220,3527,2,36000,1.0623759569
602379,602603,605909,224,3306,2,36000,1.06775559589
602381,602608,605742,227,3134,2,36000,1.07243139757
602382,602613,606121,231,3508,2,36000,1.06584948689
602383,602618,608179,235,5561,2,36000,1.04225858659
602384,602623,606150,239,3527,2,36000,1.06776297136
602386,602629,605359,243,2730,2,36000,1.08901098901
602387,602634,608632,247,5998,2,36000,1.04118039346
602388,602639,606746,251,4107,2,36000,1.06111516922
602390,602644,608192,254,5548,2,36000,1.04578226388
602391,602649,607190,258,4541,2,36000,1.05681567937
602392,602654,608516,262,5862,2,36000,1.04469464347
602393,602659,608286,266,5627,2,36000,1.04727208104
602395,602665,607453,270,4788,2,36000,1.05639097744
602396,602670,606407,274,3737,2,36000,1.0733208456
602764,602771,602777,7,6,1,900,1.3
602774,602780,603308,6,528,14,8940,1.01136363636
603307,603313,603317,6,4,1,900,1.0
603313,603319,603512,6,193,14,8940,1.0310880829
603510,603516,603520,6,4,1,900,1.0
603523,603529,603794,6,265,14,8940,1.02264150943
603793,603799,603803,6,4,1,900,1.0
603805,603811,604113,6,302,14,8940,1.01986754967
604112,604118,604123,6,5,1,900,1.1
604123,604129,604443,6,314,14,8940,1.01910828025
604442,604448,604452,6,4,1,900,1.0
604449,604456,604731,7,275,14,8940,1.02545454545
604730,604736,604740,6,4,1,900,1.0
604736,604742,604928,6,186,14,8940,1.03225806452
