SubmitTime,StartTime,EndTime,QueuedTime,RunTime,NodesRequested,walltime,bslowdown
23,9688,15942,9665,6254,4,108000,2.545410937
36,15956,41836,15920,25880,4,108000,1.61514683153
43,41850,46006,41807,4156,4,108000,11.0594321463
54,46020,53529,45966,7509,4,108000,7.12145425489
75,53544,65463,53469,11919,4,108000,5.48603070727
76,1706,4826,1630,3120,2,7200,1.52243589744
85,56408,77593,56323,21185,4,108000,3.65862638659
95,1859,5095,1764,3236,2,7200,1.54511742892
100,58704,64625,58604,5921,4,108000,10.8976524236
107,58751,70695,58644,11944,4,108000,5.90991292699
114,58932,75071,58818,16139,4,108000,4.64446372142
123,59302,63029,59179,3727,4,108000,16.8784545211
150,60876,60884,60726,8,4,108000,6073.4
154,1879,5455,1725,3576,2,7200,1.48238255034
157,60897,69084,60740,8187,4,108000,8.41907902773
169,1889,5455,1720,3566,2,7200,1.48233314638
185,1980,5451,1795,3471,2,7200,1.517142034
234,2207,5713,1973,3506,2,7200,1.56274957216
296,61661,169691,61365,108030,4,108000,1.56803665648
339,61676,169707,61337,108031,4,108000,1.56777221353
362,62137,170168,61775,108031,4,108000,1.57182660533
396,63042,171066,62646,108024,4,108000,1.57992668296
421,63913,171949,63492,108036,4,108000,1.58769299123
422,2338,5926,1916,3588,2,7200,1.53400222965
437,2367,5624,1930,3257,2,7200,1.59256984955
446,64298,172329,63852,108031,4,108000,1.59105256824
492,64639,172674,64147,108035,4,108000,1.59376128107
513,65148,173178,64635,108030,4,108000,1.5983060261
550,65412,173442,64862,108030,4,108000,1.60040729427
571,65477,173522,64906,108045,4,108000,1.60073117682
612,2376,5885,1764,3509,2,7200,1.50270732402
628,65504,173529,64876,108025,4,108000,1.6005646841
674,2419,5509,1745,3090,2,7200,1.56472491909
688,65516,173548,64828,108032,4,108000,1.60008145735
702,65526,173557,64824,108031,4,108000,1.60004998565
715,65868,173899,65153,108031,4,108000,1.6030954078
769,2475,5781,1706,3306,2,7200,1.51603145796
794,65876,173900,65082,108024,4,108000,1.60247722728
827,67450,175484,66623,108034,4,108000,1.6166854879
850,67466,175496,66616,108030,4,108000,1.61664352495
865,2511,5880,1646,3369,2,7200,1.48857227664
873,67497,175529,66624,108032,4,108000,1.61670616114
927,2631,6042,1704,3411,2,7200,1.49956024626
927,67756,175787,66829,108031,4,108000,1.61860947321
939,69097,177139,68158,108042,4,108000,1.6308472631
970,2771,6181,1801,3410,2,7200,1.52815249267
986,2780,6258,1794,3478,2,7200,1.51581368603
1006,69798,177830,68792,108032,4,108000,1.6367742891
1100,2880,6194,1780,3314,2,7200,1.53711526856
1115,3093,6428,1978,3335,2,7200,1.59310344828
1219,3115,6433,1896,3318,2,7200,1.57142857143
1291,69919,177949,68628,108030,4,108000,1.63526798112
1352,3120,6233,1768,3113,2,7200,1.56794089303
1386,3202,6376,1816,3174,2,7200,1.57214870825
1582,3214,6757,1632,3543,2,7200,1.46062658764
1644,3222,6742,1578,3520,2,7200,1.44829545455
1660,3232,6362,1572,3130,2,7200,1.50223642173
1676,3321,6563,1645,3242,2,7200,1.50740283775
1692,3332,6591,1640,3259,2,7200,1.50322184719
1693,3422,6872,1729,3450,2,7200,1.50115942029
1844,3461,6743,1617,3282,2,7200,1.49268738574
1866,3493,6687,1627,3194,2,7200,1.50939261115
1882,3502,7275,1620,3773,2,7200,1.42936655182
1968,3544,6811,1576,3267,2,7200,1.48239975513
2193,3560,6703,1367,3143,2,7200,1.43493477569
2325,3736,7215,1411,3479,2,7200,1.40557631503
2354,3755,7216,1401,3461,2,7200,1.40479630165
2369,3814,7183,1445,3369,2,7200,1.42891065598
2406,3982,7490,1576,3508,2,7200,1.44925883694
2462,4065,7516,1603,3451,2,7200,1.4645030426
2499,4161,7345,1662,3184,2,7200,1.52198492462
2619,4261,7601,1642,3340,2,7200,1.49161676647
2758,4307,7866,1549,3559,2,7200,1.43523461647
2759,4348,7588,1589,3240,2,7200,1.49043209877
2867,4404,7789,1537,3385,2,7200,1.4540620384
3080,4451,8078,1371,3627,2,7200,1.37799834574
3102,4751,8099,1649,3348,2,7200,1.49253285544
3104,4840,8053,1736,3213,2,7200,1.54030501089
3190,4898,8324,1708,3426,2,7200,1.4985405721
3206,4907,8271,1701,3364,2,7200,1.50564803805
3222,4968,8541,1746,3573,2,7200,1.48866498741
3224,5104,8813,1880,3709,2,7200,1.50687516851
3310,5113,8557,1803,3444,2,7200,1.52351916376
3325,5215,8663,1890,3448,2,7200,1.54814385151
3411,5240,8809,1829,3569,2,7200,1.51246847857
3448,5466,8783,2018,3317,2,7200,1.60838106723
3480,5475,8794,1995,3319,2,7200,1.60108466406
3481,5480,8730,1999,3250,2,7200,1.61507692308
3531,5523,8958,1992,3435,2,7200,1.57991266376
3546,5551,9132,2005,3581,2,7200,1.55989946942
3725,5639,9234,1914,3595,2,7200,1.53240611961
3743,5729,9325,1986,3596,2,7200,1.55228031146
3802,5796,9247,1994,3451,2,7200,1.57780353521
3969,5895,9086,1926,3191,2,7200,1.60357254779
4052,5904,9165,1852,3261,2,7200,1.56792394971
4150,6058,9381,1908,3323,2,7200,1.57417995787
4248,6086,9641,1838,3555,2,7200,1.51701828411
4295,6195,9464,1900,3269,2,7200,1.58121749771
4335,6208,9726,1873,3518,2,7200,1.53240477544
4391,6248,9712,1857,3464,2,7200,1.53608545035
4440,6376,9863,1936,3487,2,7200,1.55520504732
4739,6390,9796,1651,3406,2,7200,1.48473282443
4828,6443,9885,1615,3442,2,7200,1.46920395119
4887,6452,9753,1565,3301,2,7200,1.47409875795
4902,6578,10244,1676,3666,2,7200,1.45717403164
4954,6605,10067,1651,3462,2,7200,1.47689196996
5092,6700,10096,1608,3396,2,7200,1.47349823322
5108,6715,10236,1607,3521,2,7200,1.45640443056
5202,6757,10173,1555,3416,2,7200,1.45521077283
5228,6762,10401,1534,3639,2,7200,1.42154438032
5454,6771,10032,1317,3261,2,7200,1.40386384545
5456,6825,10344,1369,3519,2,7200,1.38903097471
5457,6886,10281,1429,3395,2,7200,1.42091310751
5510,7196,10414,1686,3218,2,7200,1.52392790553
5538,7228,10594,1690,3366,2,7200,1.50207961973
5627,7237,10601,1610,3364,2,7200,1.47859690844
5716,7290,10699,1574,3409,2,7200,1.46171897917
5784,7302,10563,1518,3261,2,7200,1.46550137994
5882,7359,10668,1477,3309,2,7200,1.44635841644
5897,7504,10823,1607,3319,2,7200,1.48418198252
5929,7531,11070,1602,3539,2,7200,1.45267024583
6045,7602,10948,1557,3346,2,7200,1.46533173939
6182,7614,10675,1432,3061,2,7200,1.46782097354
6198,7804,11408,1606,3604,2,7200,1.44561598224
6235,7880,11570,1645,3690,2,7200,1.44579945799
6260,8067,11628,1807,3561,2,7200,1.50744172985
6365,8093,11212,1728,3119,2,7200,1.55402372555
6381,8113,11266,1732,3153,2,7200,1.54931810974
6430,8285,11563,1855,3278,2,7200,1.56589383771
6446,8337,11843,1891,3506,2,7200,1.53936109527
6565,8555,11616,1990,3061,2,7200,1.65011434172
6593,8572,12086,1979,3514,2,7200,1.56317586796
6688,8679,12137,1991,3458,2,7200,1.57576633892
6704,8745,12067,2041,3322,2,7200,1.61438892234
6744,8797,12235,2053,3438,2,7200,1.59714950553
6746,8808,12279,2062,3471,2,7200,1.59406511092
6761,8823,12223,2062,3400,2,7200,1.60647058824
6814,8831,12453,2017,3622,2,7200,1.55687465489
6873,8972,12346,2099,3374,2,7200,1.62211025489
7184,9100,12341,1916,3241,2,7200,1.5911755631
7218,9146,12319,1928,3173,2,7200,1.60762685156
7219,9179,12554,1960,3375,2,7200,1.58074074074
7278,9247,12688,1969,3441,2,7200,1.57221737867
7346,9261,12618,1915,3357,2,7200,1.57044980637
7491,9340,12539,1849,3199,2,7200,1.57799312285
7519,9394,12744,1875,3350,2,7200,1.55970149254
7590,9479,12895,1889,3416,2,7200,1.55298594848
7606,9655,13047,2049,3392,2,7200,1.60406839623
7790,9727,13149,1937,3422,2,7200,1.56604324956
7866,9743,12995,1877,3252,2,7200,1.57718327183
8054,9766,13396,1712,3630,2,7200,1.47162534435
8082,9809,13558,1727,3749,2,7200,1.46065617498
8100,9879,13337,1779,3458,2,7200,1.51445922499
8273,9899,13336,1626,3437,2,7200,1.47308699447
8327,10046,13578,1719,3532,2,7200,1.48669309173
8543,10081,13520,1538,3439,2,7200,1.44722302995
8558,10110,13313,1552,3203,2,7200,1.48454573837
8665,10188,13315,1523,3127,2,7200,1.48704828909
8734,10251,13798,1517,3547,2,7200,1.42768536792
8786,10258,13551,1472,3293,2,7200,1.44700880656
8802,10295,14240,1493,3945,2,7200,1.37845373891
8818,10358,13901,1540,3543,2,7200,1.43465989275
8819,10418,13596,1599,3178,2,7200,1.5031466331
8959,10428,13573,1469,3145,2,7200,1.46709062003
9089,10577,14316,1488,3739,2,7200,1.39796737095
9135,10608,14034,1473,3426,2,7200,1.4299474606
9166,10616,14060,1450,3444,2,7200,1.42102206736
9237,10682,14281,1445,3599,2,7200,1.40150041678
9253,10691,14023,1438,3332,2,7200,1.43157262905
9327,10712,14364,1385,3652,2,7200,1.37924424973
9382,10840,14329,1458,3489,2,7200,1.41788478074
9466,10962,14377,1496,3415,2,7200,1.43806734993
9643,11084,14598,1441,3514,2,7200,1.41007398976
9714,11227,14529,1513,3302,2,7200,1.45820714718
9730,11278,14584,1548,3306,2,7200,1.46823956443
9755,11423,14743,1668,3320,2,7200,1.50240963855
9798,11577,14800,1779,3223,2,7200,1.55197021409
9866,11586,15031,1720,3445,2,7200,1.4992743106
9888,11630,14832,1742,3202,2,7200,1.54403497814
10033,11643,14929,1610,3286,2,7200,1.48995739501
10070,11857,15351,1787,3494,2,7200,1.51144819691
10098,12081,15761,1983,3680,2,7200,1.53885869565
10175,12101,15722,1926,3621,2,7200,1.53189726595
10237,12154,15617,1917,3463,2,7200,1.55356627202
10253,12237,15471,1984,3234,2,7200,1.61348175634
10284,12249,15720,1965,3471,2,7200,1.56611927398
10345,12293,15515,1948,3222,2,7200,1.60459342024
10404,12333,15608,1929,3275,2,7200,1.58900763359
10420,12355,15668,1935,3313,2,7200,1.58406278298
10565,12364,15624,1799,3260,2,7200,1.5518404908
10597,12468,15829,1871,3361,2,7200,1.55667955965
10613,12554,15921,1941,3367,2,7200,1.57647757648
10668,12569,15654,1901,3085,2,7200,1.61620745543
10684,12630,16012,1946,3382,2,7200,1.57539917209
10700,12701,16123,2001,3422,2,7200,1.58474576271
10827,12759,15957,1932,3198,2,7200,1.60412757974
10950,12909,16498,1959,3589,2,7200,1.54583449429
11072,13010,16378,1938,3368,2,7200,1.57541567696
11214,13062,16638,1848,3576,2,7200,1.51677852349
11266,13163,16568,1897,3405,2,7200,1.55712187959
11410,13328,16942,1918,3614,2,7200,1.53071389043
11564,13337,16889,1773,3552,2,7200,1.49915540541
11579,13350,16732,1771,3382,2,7200,1.52365464222
11617,13359,16529,1742,3170,2,7200,1.54952681388
11632,13410,16702,1778,3292,2,7200,1.54009720535
11845,13536,16887,1691,3351,2,7200,1.50462548493
12069,13565,16784,1496,3219,2,7200,1.46474060267
12088,13574,16889,1486,3315,2,7200,1.44826546003
12141,13588,16926,1447,3338,2,7200,1.43349310965
12224,13597,16889,1373,3292,2,7200,1.41707168894
12240,13610,16842,1370,3232,2,7200,1.42388613861
12280,13812,17273,1532,3461,2,7200,1.44264663392
12320,13916,17033,1596,3117,2,7200,1.51203079885
12342,14037,17417,1695,3380,2,7200,1.50147928994
12358,14047,17514,1689,3467,2,7200,1.4871646957
12456,14074,17365,1618,3291,2,7200,1.49164387724
12542,14255,17769,1713,3514,2,7200,1.4874786568
12558,14295,17733,1737,3438,2,7200,1.50523560209
12620,14333,17714,1713,3381,2,7200,1.50665483585
12689,14343,17751,1654,3408,2,7200,1.4853286385
12747,14380,17739,1633,3359,2,7200,1.48615659422
12899,14391,17702,1492,3311,2,7200,1.45061914829
12998,14543,17881,1545,3338,2,7200,1.46285200719
13048,14601,18046,1553,3445,2,7200,1.45079825835
13150,14613,18087,1463,3474,2,7200,1.42112838227
13314,14759,18634,1445,3875,2,7200,1.37290322581
13330,14815,18327,1485,3512,2,7200,1.42283599089
13346,14846,18513,1500,3667,2,7200,1.40905372239
13347,14944,18310,1597,3366,2,7200,1.47445038622
13397,15046,18438,1649,3392,2,7200,1.48614386792
13523,15367,18958,1844,3591,2,7200,1.51350598719
13554,15485,18885,1931,3400,2,7200,1.56794117647
13570,15530,18965,1960,3435,2,7200,1.57059679767
13586,15624,18893,2038,3269,2,7200,1.62343224228
13587,15632,19043,2045,3411,2,7200,1.59953092935
13603,15641,18815,2038,3174,2,7200,1.64209199748
13798,15667,19285,1869,3618,2,7200,1.51658374793
13903,15685,19034,1782,3349,2,7200,1.53209913407
14023,15734,19230,1711,3496,2,7200,1.48941647597
14039,15744,19184,1705,3440,2,7200,1.49563953488
14061,15773,19260,1712,3487,2,7200,1.4909664468
14242,15842,19173,1600,3331,2,7200,1.48033623536
14282,15936,19345,1654,3409,2,7200,1.48518627163
14320,15971,19206,1651,3235,2,7200,1.51035548686
14335,16026,19578,1691,3552,2,7200,1.47606981982
14367,16136,19574,1769,3438,2,7200,1.51454333915
14383,16393,19852,2010,3459,2,7200,1.58109280139
14531,16511,19730,1980,3219,2,7200,1.61509785648
14588,16544,19942,1956,3398,2,7200,1.57563272513
14604,16583,19855,1979,3272,2,7200,1.60482885086
14746,16653,20011,1907,3358,2,7200,1.56789755807
14802,16716,20003,1914,3287,2,7200,1.582293885
14833,16746,20022,1913,3276,2,7200,1.58394383394
14931,16797,19921,1866,3124,2,7200,1.59731113956
15034,16856,20177,1822,3321,2,7200,1.54862993074
15354,16901,20095,1547,3194,2,7200,1.48434564809
15472,16910,20326,1438,3416,2,7200,1.42096018735
15518,16915,20417,1397,3502,2,7200,1.39891490577
15610,16920,20521,1310,3601,2,7200,1.36378783671
15626,16942,20073,1316,3131,2,7200,1.42031299904
15628,16957,20411,1329,3454,2,7200,1.38477127968
15656,17046,20375,1390,3329,2,7200,1.41754280565
15672,17288,20680,1616,3392,2,7200,1.47641509434
15722,17379,20737,1657,3358,2,7200,1.49344848124
15723,17432,21015,1709,3583,2,7200,1.47697460229
15764,17529,20837,1765,3308,2,7200,1.53355501814
15829,17716,20964,1887,3248,2,7200,1.5809729064
15923,17729,20908,1806,3179,2,7200,1.5681031771
15960,17746,21045,1786,3299,2,7200,1.5413761746
16013,17755,21115,1742,3360,2,7200,1.51845238095
16124,17768,20958,1644,3190,2,7200,1.51536050157
16379,17783,21238,1404,3455,2,7200,1.40636758321
16499,17896,21414,1397,3518,2,7200,1.39710062536
16530,18060,21241,1530,3181,2,7200,1.48098082364
16571,18100,21439,1529,3339,2,7200,1.45792153339
16639,18323,21931,1684,3608,2,7200,1.4667405765
16704,18340,21614,1636,3274,2,7200,1.49969456323
16733,18453,21772,1720,3319,2,7200,1.51822838204
16785,18530,21781,1745,3251,2,7200,1.53675792064
16845,18650,22367,1805,3717,2,7200,1.48560667205
16889,18830,22308,1941,3478,2,7200,1.55807935595
16890,18900,22395,2010,3495,2,7200,1.57510729614
16892,18909,22179,2017,3270,2,7200,1.61681957187
16893,18973,22491,2080,3518,2,7200,1.59124502558
16928,18982,22093,2054,3111,2,7200,1.66023786564
16944,19046,22353,2102,3307,2,7200,1.63562140913
17034,19055,22318,2021,3263,2,7200,1.61936867913
17275,19186,22855,1911,3669,2,7200,1.52085036795
17365,19198,22779,1833,3581,2,7200,1.51186819324
17421,19221,22748,1800,3527,2,7200,1.5103487383
17516,19244,22658,1728,3414,2,7200,1.50615114236
17705,19273,22627,1568,3354,2,7200,1.46750149076
17721,19299,22637,1578,3338,2,7200,1.47273816657
17737,19360,22613,1623,3253,2,7200,1.49892407009
17753,19589,22921,1836,3332,2,7200,1.55102040816
17755,19598,22771,1843,3173,2,7200,1.58083832335
17770,19744,23244,1974,3500,2,7200,1.564
17884,19866,23962,1982,4096,2,7200,1.48388671875
18049,19875,23317,1826,3442,2,7200,1.53050552005
18090,19935,23549,1845,3614,2,7200,1.51051466519
18313,19956,23491,1643,3535,2,7200,1.46478076379
18329,20018,23380,1689,3362,2,7200,1.50237953599
18440,20027,23503,1587,3476,2,7200,1.45655926352
18514,20036,23267,1522,3231,2,7200,1.47106159084
18637,20087,23450,1450,3363,2,7200,1.43116265239
18817,20109,23403,1292,3294,2,7200,1.39222829387
18886,20191,23455,1305,3264,2,7200,1.39981617647
18901,20340,23834,1439,3494,2,7200,1.4118488838
18960,20389,24096,1429,3707,2,7200,1.38548691664
18976,20425,23671,1449,3246,2,7200,1.44639556377
19036,20434,23892,1398,3458,2,7200,1.4042799306
19051,20535,23844,1484,3309,2,7200,1.44847385917
19174,20695,23991,1521,3296,2,7200,1.4614684466
19190,20752,24395,1562,3643,2,7200,1.42876749931
19208,20850,24093,1642,3243,2,7200,1.50632130743
19233,20922,24160,1689,3238,2,7200,1.52161828289
19261,20973,24586,1712,3613,2,7200,1.4738444506
19286,20982,24509,1696,3527,2,7200,1.48086192231
19348,21032,24250,1684,3218,2,7200,1.52330640149
19578,21060,24474,1482,3414,2,7200,1.43409490334
19579,21128,24792,1549,3664,2,7200,1.42276200873
19731,21254,24487,1523,3233,2,7200,1.47107949273
19852,21261,24326,1409,3065,2,7200,1.45970636215
19868,21429,24955,1561,3526,2,7200,1.44271128758
19924,21453,24997,1529,3544,2,7200,1.43143340858
19943,21628,24971,1685,3343,2,7200,1.50403828896
20005,21787,25391,1782,3604,2,7200,1.49445061043
20022,21796,24944,1774,3148,2,7200,1.56353240152
20037,21946,25263,1909,3317,2,7200,1.57552004824
20074,22108,25412,2034,3304,2,7200,1.61561743341
20096,22193,25484,2097,3291,2,7200,1.63719234275
20177,22323,25521,2146,3198,2,7200,1.67104440275
20328,22332,25599,2004,3267,2,7200,1.61340679522
20377,22367,25569,1990,3202,2,7200,1.62148657089
20412,22381,25894,1969,3513,2,7200,1.56048961002
20427,22411,25755,1984,3344,2,7200,1.59330143541
20523,22507,26213,1984,3706,2,7200,1.53534808419
20684,22626,26164,1942,3538,2,7200,1.54889768231
20739,22641,25838,1902,3197,2,7200,1.59493274945
20838,22651,26144,1813,3493,2,7200,1.51903807615
20910,22672,26065,1762,3393,2,7200,1.51930445034
20959,22762,26271,1803,3509,2,7200,1.5138216016
20975,22785,26121,1810,3336,2,7200,1.54256594724
21019,22794,26469,1775,3675,2,7200,1.48299319728
21047,22869,26283,1822,3414,2,7200,1.53368482718
21117,22934,26356,1817,3422,2,7200,1.53097603741
21240,23259,26737,2019,3478,2,7200,1.58050603795
21242,23282,26648,2040,3366,2,7200,1.60606060606
21416,23332,26798,1916,3466,2,7200,1.55279861512
21441,23393,26640,1952,3247,2,7200,1.60117031106
21616,23419,26625,1803,3206,2,7200,1.56238303182
21774,23465,26880,1691,3415,2,7200,1.49516837482
21789,23474,26748,1685,3274,2,7200,1.51466096518
21933,23505,26799,1572,3294,2,7200,1.47723132969
22094,23517,26809,1423,3292,2,7200,1.4322600243
22180,23562,26908,1382,3346,2,7200,1.41303048416
22310,23686,27218,1376,3532,2,7200,1.38958097395
22326,23847,27252,1521,3405,2,7200,1.44669603524
22354,23858,27155,1504,3297,2,7200,1.45617227783
22369,23906,27422,1537,3516,2,7200,1.43714448237
22397,23974,27631,1577,3657,2,7200,1.43122778234
22494,24008,27369,1514,3361,2,7200,1.45046117227
22613,24107,27476,1494,3369,2,7200,1.44345503117
22629,24115,27401,1486,3286,2,7200,1.45222154595
22645,24173,27324,1528,3151,2,7200,1.4849254205
22661,24262,27803,1601,3541,2,7200,1.45213216605
22750,24339,27539,1589,3200,2,7200,1.4965625
22772,24411,27549,1639,3138,2,7200,1.52230720204
22788,24486,27500,1698,3014,2,7200,1.56337093563
22856,24502,27887,1646,3385,2,7200,1.48626292467
22921,24522,28189,1601,3667,2,7200,1.43659667303
23247,24600,27979,1353,3379,2,7200,1.40041432376
23269,24808,27879,1539,3071,2,7200,1.50113969391
23319,24957,28401,1638,3444,2,7200,1.4756097561
23383,24973,28700,1590,3727,2,7200,1.4266165817
23405,24985,28307,1580,3322,2,7200,1.47561709813
23452,25014,28468,1562,3454,2,7200,1.45222929936
23468,25278,28562,1810,3284,2,7200,1.55115712546
23493,25405,28898,1912,3493,2,7200,1.54738047524
23508,25425,28880,1917,3455,2,7200,1.55484804631
23552,25499,29412,1947,3913,2,7200,1.49757219525
23675,25537,29108,1862,3571,2,7200,1.52142257071
23835,25582,29142,1747,3560,2,7200,1.49073033708
23851,25614,29187,1763,3573,2,7200,1.49342289393
23894,25770,29152,1876,3382,2,7200,1.55470136014
23963,25852,29234,1889,3382,2,7200,1.5585452395
23994,25909,29508,1915,3599,2,7200,1.53209224785
24096,26080,29749,1984,3669,2,7200,1.54074679749
24097,26135,29628,2038,3493,2,7200,1.58345261952
24162,26158,29591,1996,3433,2,7200,1.58141567142
24252,26178,29355,1926,3177,2,7200,1.60623229462
24326,26227,29594,1901,3367,2,7200,1.5645975646
24398,26285,29728,1887,3443,2,7200,1.54806854487
24475,26296,29794,1821,3498,2,7200,1.52058319039
24491,26371,30022,1880,3651,2,7200,1.51492741715
24513,26483,29849,1970,3366,2,7200,1.58526440879
24588,26639,29777,2051,3138,2,7200,1.65360101976
24795,26655,29762,1860,3107,2,7200,1.59864821371
24944,26664,30185,1720,3521,2,7200,1.48849758591
24960,26752,30355,1792,3603,2,7200,1.49736330835
24975,26762,29996,1787,3234,2,7200,1.55256648114
25000,26813,30333,1813,3520,2,7200,1.51505681818
25266,26818,29988,1552,3170,2,7200,1.48958990536
25393,26827,30320,1434,3493,2,7200,1.41053535643
25415,26897,30047,1482,3150,2,7200,1.47047619048
25486,26922,30577,1436,3655,2,7200,1.39288645691
25523,27169,30503,1646,3334,2,7200,1.49370125975
25570,27233,30676,1663,3443,2,7200,1.48300900378
25601,27266,30731,1665,3465,2,7200,1.48051948052
25757,27338,30993,1581,3655,2,7200,1.43255813953
25838,27383,30835,1545,3452,2,7200,1.44756662804
25897,27417,30721,1520,3304,2,7200,1.46004842615
26068,27434,30917,1366,3483,2,7200,1.39219064025
26124,27490,31322,1366,3832,2,7200,1.35647181628
26145,27512,30950,1367,3438,2,7200,1.39761489238
26167,27553,30918,1386,3365,2,7200,1.41188707281
26214,27563,30769,1349,3206,2,7200,1.42077354959
26272,27645,31324,1373,3679,2,7200,1.37319923892
26288,27818,31241,1530,3423,2,7200,1.44697633655
26359,27893,31479,1534,3586,2,7200,1.42777467931
26470,27902,31196,1432,3294,2,7200,1.43472981178
26628,27994,31198,1366,3204,2,7200,1.42634207241
26644,28203,31713,1559,3510,2,7200,1.44415954416
26659,28322,31467,1663,3145,2,7200,1.52877583466
26739,28418,32058,1679,3640,2,7200,1.46126373626
26755,28482,31886,1727,3404,2,7200,1.50734430082
26799,28578,32055,1779,3477,2,7200,1.51164797239
26800,28714,32433,1914,3719,2,7200,1.51465447701
26816,28894,32342,2078,3448,2,7200,1.60266821346
26884,28912,32350,2028,3438,2,7200,1.58987783595
26909,29122,32646,2213,3524,2,7200,1.62797956867
27156,29157,32488,2001,3331,2,7200,1.60072050435
27221,29167,32492,1946,3325,2,7200,1.58526315789
27255,29201,32573,1946,3372,2,7200,1.57710557533
27326,29248,32673,1922,3425,2,7200,1.56116788321
27370,29369,32742,1999,3373,2,7200,1.59264749481
27404,29424,32768,2020,3344,2,7200,1.60406698565
27423,29522,32814,2099,3292,2,7200,1.63760631835
27479,29606,33226,2127,3620,2,7200,1.58756906077
27501,29615,32803,2114,3188,2,7200,1.66311166876
27541,29643,33206,2102,3563,2,7200,1.5899522874
27557,29742,33229,2185,3487,2,7200,1.6266131345
27634,29763,33261,2129,3498,2,7200,1.60863350486
27806,29775,32922,1969,3147,2,7200,1.62567524627
27880,29790,33521,1910,3731,2,7200,1.51192709729
27896,29807,33088,1911,3281,2,7200,1.58244437671
27980,29862,33221,1882,3359,2,7200,1.56028579935
28189,30003,33275,1814,3272,2,7200,1.554400978
28309,30011,33213,1702,3202,2,7200,1.53154278576
28405,30036,33164,1631,3128,2,7200,1.52141943734
28469,30062,33827,1593,3765,2,7200,1.42310756972
28565,30200,33643,1635,3443,2,7200,1.47487656114
28703,30335,33505,1632,3170,2,7200,1.51482649842
28881,30347,33863,1466,3516,2,7200,1.41695108077
28900,30369,33738,1469,3369,2,7200,1.43603443158
29109,30519,34015,1410,3496,2,7200,1.4033180778
29144,30592,33903,1448,3311,2,7200,1.43733011175
29159,30689,34183,1530,3494,2,7200,1.43789353177
29188,30734,34299,1546,3565,2,7200,1.43366058906
29234,30743,33770,1509,3027,2,7200,1.49851337958
29355,30782,33969,1427,3187,2,7200,1.44775651083
29414,30851,34026,1437,3175,2,7200,1.4525984252
29510,30931,34216,1421,3285,2,7200,1.43257229833
29590,30936,34363,1346,3427,2,7200,1.39276334987
29606,30965,34182,1359,3217,2,7200,1.42244327013
29631,31008,34252,1377,3244,2,7200,1.42447595561
29730,31210,34531,1480,3321,2,7200,1.44564890093
29752,31219,34630,1467,3411,2,7200,1.43007915567
29768,31255,34718,1487,3463,2,7200,1.42939647704
29784,31336,34655,1552,3319,2,7200,1.46761072612
29800,31345,35627,1545,4282,2,7200,1.36081270434
29850,31481,34958,1631,3477,2,7200,1.46908254242
29990,31492,34704,1502,3212,2,7200,1.46762141968
30005,31728,35009,1723,3281,2,7200,1.52514477294
30024,31900,35080,1876,3180,2,7200,1.58993710692
30049,32068,35547,2019,3479,2,7200,1.58033917792
30189,32077,35539,1888,3462,2,7200,1.54534950895
30322,32356,35575,2034,3219,2,7200,1.63187325256
30338,32365,35465,2027,3100,2,7200,1.65387096774
30357,32447,36108,2090,3661,2,7200,1.5708822726
30506,32503,35700,1997,3197,2,7200,1.6246481076
30581,32511,36166,1930,3655,2,7200,1.52804377565
30681,32589,35872,1908,3283,2,7200,1.58117575388
30722,32660,36120,1938,3460,2,7200,1.56011560694
30738,32688,35877,1950,3189,2,7200,1.61147695202
30769,32756,36112,1987,3356,2,7200,1.5920738975
30838,32782,36264,1944,3482,2,7200,1.55829982769
30919,32818,36130,1899,3312,2,7200,1.57336956522
30921,32827,36096,1906,3269,2,7200,1.58305292138
30952,32937,36335,1985,3398,2,7200,1.58416715715
30996,33102,36318,2106,3216,2,7200,1.65485074627
31197,33178,36295,1981,3117,2,7200,1.63554700032
31198,33219,36613,2021,3394,2,7200,1.59546258103
31242,33229,36789,1987,3560,2,7200,1.55814606742
31322,33238,36580,1916,3342,2,7200,1.57330939557
31338,33247,36191,1909,2944,2,7200,1.6484375
31468,33252,36562,1784,3310,2,7200,1.53897280967
31484,33274,36630,1790,3356,2,7200,1.53337306317
31716,33288,36459,1572,3171,2,7200,1.49574266793
31886,33519,36929,1633,3410,2,7200,1.4788856305
32057,33538,37238,1481,3700,2,7200,1.40027027027
32072,33657,36888,1585,3231,2,7200,1.49056019808
32345,33753,37315,1408,3562,2,7200,1.39528354857
32361,33784,37199,1423,3415,2,7200,1.41669106881
32435,33841,37200,1406,3359,2,7200,1.41857695743
32492,33877,37273,1385,3396,2,7200,1.40783274441
32493,33919,37354,1426,3435,2,7200,1.41513828239
32577,33983,37279,1406,3296,2,7200,1.4265776699
32648,34031,37032,1383,3001,2,7200,1.46084638454
32676,34039,37353,1363,3314,2,7200,1.41128545564
32745,34198,37451,1453,3253,2,7200,1.44666461728
32770,34203,37615,1433,3412,2,7200,1.41998827667
32805,34230,37523,1425,3293,2,7200,1.43273610689
32821,34265,37490,1444,3225,2,7200,1.44775193798
32923,34313,37839,1390,3526,2,7200,1.39421440726
33091,34378,37682,1287,3304,2,7200,1.38952784504
33166,34547,37796,1381,3249,2,7200,1.42505386273
33208,34644,38028,1436,3384,2,7200,1.4243498818
33224,34672,38443,1448,3771,2,7200,1.38398302837
33226,34717,38006,1491,3289,2,7200,1.45332927942
33242,34732,37976,1490,3244,2,7200,1.45930949445
33243,34971,38366,1728,3395,2,7200,1.50898379971
33262,35024,38388,1762,3364,2,7200,1.52378121284
33278,35094,38569,1816,3475,2,7200,1.52258992806
33506,35479,38940,1973,3461,2,7200,1.57006645478
33524,35553,38884,2029,3331,2,7200,1.60912638847
33646,35561,39116,1915,3555,2,7200,1.53867791842
33742,35590,38937,1848,3347,2,7200,1.55213624141
33773,35641,39057,1868,3416,2,7200,1.54683840749
33829,35715,39149,1886,3434,2,7200,1.5492137449
33866,35887,39555,2021,3668,2,7200,1.55098146129
33906,35896,39303,1990,3407,2,7200,1.58409157617
33971,36111,39532,2140,3421,2,7200,1.62554808536
34018,36122,39543,2104,3421,2,7200,1.61502484654
34033,36131,39301,2098,3170,2,7200,1.661829653
34185,36139,39329,1954,3190,2,7200,1.61253918495
34186,36149,39557,1963,3408,2,7200,1.57599765258
34218,36180,39543,1962,3363,2,7200,1.58340767172
34253,36206,39215,1953,3009,2,7200,1.64905284148
34297,36279,39811,1982,3532,2,7200,1.56115515289
34367,36309,39408,1942,3099,2,7200,1.62665375928
34534,36335,39671,1801,3336,2,7200,1.53986810552
34631,36350,39528,1719,3178,2,7200,1.54090623033
34659,36473,39963,1814,3490,2,7200,1.51977077364
34705,36576,40148,1871,3572,2,7200,1.52379619261
34721,36594,40019,1873,3425,2,7200,1.54686131387
34959,36627,39923,1668,3296,2,7200,1.50606796117
35012,36642,39868,1630,3226,2,7200,1.50526968382
35080,36803,40199,1723,3396,2,7200,1.50736160188
35468,36903,40484,1435,3581,2,7200,1.40072605417
35539,36944,40246,1405,3302,2,7200,1.42549969715
35555,37046,40278,1491,3232,2,7200,1.46132425743
35577,37213,40832,1636,3619,2,7200,1.45205857972
35627,37218,40226,1591,3008,2,7200,1.52892287234
35702,37252,40579,1550,3327,2,7200,1.46588518185
35873,37287,40743,1414,3456,2,7200,1.40914351852
35889,37296,40692,1407,3396,2,7200,1.41431095406
36100,37331,40966,1231,3635,2,7200,1.3386519945
36116,37368,40564,1252,3196,2,7200,1.39173967459
36117,37373,40452,1256,3079,2,7200,1.40792465086
36133,37467,40753,1334,3286,2,7200,1.40596469872
36135,37504,41000,1369,3496,2,7200,1.39159038902
36169,37538,40808,1369,3270,2,7200,1.41865443425
36194,37630,40707,1436,3077,2,7200,1.46668833279
36265,37696,41246,1431,3550,2,7200,1.40309859155
36296,37811,41174,1515,3363,2,7200,1.45049063336
36322,37854,41335,1532,3481,2,7200,1.44010341856
36337,37989,41412,1652,3423,2,7200,1.48261758691
36459,38020,41625,1561,3605,2,7200,1.43300970874
36564,38041,41156,1477,3115,2,7200,1.47415730337
36583,38380,41838,1797,3458,2,7200,1.51966454598
36614,38402,41921,1788,3519,2,7200,1.50809889173
36633,38459,42105,1826,3646,2,7200,1.50082281953
36788,38583,41908,1795,3325,2,7200,1.53984962406
36890,38898,42573,2008,3675,2,7200,1.54639455782
36930,38951,42551,2021,3600,2,7200,1.56138888889
37035,38960,42086,1925,3126,2,7200,1.61580294306
37201,39071,42561,1870,3490,2,7200,1.53581661891
37202,39128,42379,1926,3251,2,7200,1.59243309751
37240,39165,42654,1925,3489,2,7200,1.55173402121
37274,39230,42686,1956,3456,2,7200,1.56597222222
37290,39315,43075,2025,3760,2,7200,1.53856382979
37318,39325,42722,2007,3397,2,7200,1.59081542538
37356,39343,42614,1987,3271,2,7200,1.60745949251
37357,39428,42563,2071,3135,2,7200,1.66060606061
37454,39544,43158,2090,3614,2,7200,1.5783065855
37491,39553,42947,2062,3394,2,7200,1.60754272245
37525,39561,42964,2036,3403,2,7200,1.59829562151
37618,39567,42825,1949,3258,2,7200,1.59821976673
37683,39575,43065,1892,3490,2,7200,1.54212034384
37798,39580,42850,1782,3270,2,7200,1.54495412844
37842,39685,43031,1843,3346,2,7200,1.55080693365
37979,39826,43288,1847,3462,2,7200,1.53350664356
38007,39881,43026,1874,3145,2,7200,1.59586645469
38029,39935,43468,1906,3533,2,7200,1.53948485706
38367,39978,43177,1611,3199,2,7200,1.5035948734
38389,40033,43335,1644,3302,2,7200,1.49788007268
38445,40163,43697,1718,3534,2,7200,1.48613469157
38569,40213,43769,1644,3556,2,7200,1.46231721035
38887,40240,43535,1353,3295,2,7200,1.41062215478
38937,40260,43569,1323,3309,2,7200,1.39981867634
38953,40292,43778,1339,3486,2,7200,1.38410786001
39058,40466,43813,1408,3347,2,7200,1.42067523155
39117,40498,43823,1381,3325,2,7200,1.41533834586
39151,40578,43847,1427,3269,2,7200,1.43652493117
39217,40595,44186,1378,3591,2,7200,1.38373712058
39305,40707,44002,1402,3295,2,7200,1.42549317147
39306,40722,44312,1416,3590,2,7200,1.39442896936
39332,40758,44324,1426,3566,2,7200,1.3998878295
39410,40767,44139,1357,3372,2,7200,1.40243179122
39531,40823,44160,1292,3337,2,7200,1.38717410848
39533,40846,43983,1313,3137,2,7200,1.41855275741
39549,40981,44473,1432,3492,2,7200,1.41008018328
39550,41014,44091,1464,3077,2,7200,1.4757881053
39566,41171,44484,1605,3313,2,7200,1.48445517658
39567,41189,44570,1622,3381,2,7200,1.47973972198
39673,41260,44635,1587,3375,2,7200,1.47022222222
39813,41349,44806,1536,3457,2,7200,1.44431588082
39869,41426,44933,1557,3507,2,7200,1.44396920445
39924,41638,45188,1714,3550,2,7200,1.48281690141
39965,41859,45142,1894,3283,2,7200,1.57691136156
40021,41922,45150,1901,3228,2,7200,1.58890954151
40150,41935,45321,1785,3386,2,7200,1.52717070289
40200,42100,45475,1900,3375,2,7200,1.56296296296
40228,42119,45599,1891,3480,2,7200,1.5433908046
40247,42393,45645,2146,3252,2,7200,1.65990159902
40282,42566,45808,2284,3242,2,7200,1.70450339297
40296,137415,173422,97119,36007,1,36000,3.69722553948
40453,42576,46222,2123,3646,2,7200,1.58228195283
40481,42585,45837,2104,3252,2,7200,1.64698646986
40567,42594,45718,2027,3124,2,7200,1.64884763124
40583,42631,46024,2048,3393,2,7200,1.60359563808
40695,42668,45981,1973,3313,2,7200,1.59553274977
40711,42701,46024,1990,3323,2,7200,1.59885645501
40745,42736,46208,1991,3472,2,7200,1.57344470046
40761,42840,46261,2079,3421,2,7200,1.6077170418
40811,42864,46312,2053,3448,2,7200,1.59541763341
40833,42962,46203,2129,3241,2,7200,1.65689601975
40969,42978,46223,2009,3245,2,7200,1.61910631741
41001,43040,46184,2039,3144,2,7200,1.64853689567
41158,43049,46404,1891,3355,2,7200,1.56363636364
41174,43079,46417,1905,3338,2,7200,1.57070101857
41249,43089,46712,1840,3623,2,7200,1.50786640905
41335,43171,46459,1836,3288,2,7200,1.55839416058
41413,43192,46447,1779,3255,2,7200,1.5465437788
41624,43304,46679,1680,3375,2,7200,1.49777777778
41841,43349,46835,1508,3486,2,7200,1.43258749283
41909,43485,46791,1576,3306,2,7200,1.47670901391
41925,43549,46726,1624,3177,2,7200,1.51117406358
42086,43583,46986,1497,3403,2,7200,1.43990596532
42109,43711,47408,1602,3697,2,7200,1.43332431701
42379,43784,47174,1405,3390,2,7200,1.41445427729
42488,69935,177966,27447,108031,4,108000,1.25406596255
42523,69950,177981,27427,108031,4,108000,1.2538808305
42538,69958,177986,27420,108028,4,108000,1.2538230829
42553,43793,47257,1240,3464,2,7200,1.35796766744
42569,43827,47025,1258,3198,2,7200,1.39337085679
42570,43837,47020,1267,3183,2,7200,1.39805215206
42586,43862,47238,1276,3376,2,7200,1.37796208531
42618,43998,47599,1380,3601,2,7200,1.38322688142
42655,44016,47551,1361,3535,2,7200,1.38500707214
42662,70708,178714,28046,108006,4,108000,1.25967075903
42689,44106,47441,1417,3335,2,7200,1.42488755622
42699,72891,180921,30192,108030,4,108000,1.2794779228
42724,44153,47663,1429,3510,2,7200,1.40712250712
42729,73135,181166,30406,108031,4,108000,1.28145624867
42826,44174,47602,1348,3428,2,7200,1.39323220537
42835,75085,183114,32250,108029,4,108000,1.29853095002
42851,44200,47575,1349,3375,2,7200,1.3997037037
42857,77608,185633,34751,108025,4,108000,1.3216940523
42951,44327,47803,1376,3476,2,7200,1.39585730725
42962,84526,192552,41564,108026,4,108000,1.38475922463
42966,44338,47729,1372,3391,2,7200,1.40460041286
43027,89317,197348,46290,108031,4,108000,1.42848811915
43028,44488,47696,1460,3208,2,7200,1.45511221945
43044,44498,48001,1454,3503,2,7200,1.41507279475
43066,44585,48023,1519,3438,2,7200,1.4418266434
43070,90014,198047,46944,108033,4,108000,1.43453389242
43082,44649,47691,1567,3042,2,7200,1.51512163051
43097,91545,199571,48448,108026,4,108000,1.44848462407
43160,44820,48247,1660,3427,2,7200,1.48438867814
43179,44947,48146,1768,3199,2,7200,1.55267271022
43234,91567,199591,48333,108024,4,108000,1.44742834926
43291,45155,48443,1864,3288,2,7200,1.56690997567
43338,45164,48411,1826,3247,2,7200,1.56236526024
43472,45204,48571,1732,3367,2,7200,1.5144045144
43537,45336,48793,1799,3457,2,7200,1.52039340469
43571,45489,48798,1918,3309,2,7200,1.57963130855
43698,45613,49151,1915,3538,2,7200,1.54126625212
43773,45659,48914,1886,3255,2,7200,1.57941628264
43788,45732,49082,1944,3350,2,7200,1.58029850746
43813,45823,49132,2010,3309,2,7200,1.60743427017
43829,45852,49144,2023,3292,2,7200,1.6145200486
43851,45995,49364,2144,3369,2,7200,1.63639062036
43986,46040,49625,2054,3585,2,7200,1.57294281729
44002,46045,49626,2043,3581,2,7200,1.57051103044
44092,46197,49409,2105,3212,2,7200,1.65535491905
44142,46218,49454,2076,3236,2,7200,1.64153275649
44165,46227,49857,2062,3630,2,7200,1.56804407713
44187,46234,49579,2047,3345,2,7200,1.61195814649
44314,46244,49408,1930,3164,2,7200,1.60998735777
44330,46275,49599,1945,3324,2,7200,1.58513838748
44475,46325,49854,1850,3529,2,7200,1.52422782658
44491,46417,49705,1926,3288,2,7200,1.58576642336
44572,46432,49779,1860,3347,2,7200,1.55572154168
44638,46461,49762,1823,3301,2,7200,1.55225689185
44809,46473,49856,1664,3383,2,7200,1.49187112031
44936,46693,49875,1757,3182,2,7200,1.55216844752
45144,46727,50078,1583,3351,2,7200,1.47239629961
45160,46739,50136,1579,3397,2,7200,1.46482190168
45191,46804,50049,1613,3245,2,7200,1.49707241911
45324,46850,50495,1526,3645,2,7200,1.41865569273
45477,47002,50472,1525,3470,2,7200,1.43948126801
45604,47034,50200,1430,3166,2,7200,1.45167403664
45648,47043,50231,1395,3188,2,7200,1.43757841907
45720,47189,50277,1469,3088,2,7200,1.47571243523
45811,47252,50901,1441,3649,2,7200,1.39490271307
45839,47269,50545,1430,3276,2,7200,1.43650793651
45982,47423,50885,1441,3462,2,7200,1.4162333911
46028,47454,50847,1426,3393,2,7200,1.42027704097
46030,47565,50688,1535,3123,2,7200,1.49151456932
46184,47589,51135,1405,3546,2,7200,1.39622109419
46206,47614,50975,1408,3361,2,7200,1.4189229396
46222,47623,50708,1401,3085,2,7200,1.45413290113
46224,47678,51078,1454,3400,2,7200,1.42764705882
46225,47706,51218,1481,3512,2,7200,1.42169703872
46263,47715,51205,1452,3490,2,7200,1.41604584527
46313,47744,51141,1431,3397,2,7200,1.42125404769
46405,47817,50884,1412,3067,2,7200,1.46038474079
46421,48016,51557,1595,3541,2,7200,1.45043772945
46449,48037,51518,1588,3481,2,7200,1.45619074978
46464,48161,51625,1697,3464,2,7200,1.4898960739
46679,48260,51548,1581,3288,2,7200,1.48083941606
46714,48425,52017,1711,3592,2,7200,1.4763363029
46729,48460,51795,1731,3335,2,7200,1.51904047976
46794,48586,51929,1792,3343,2,7200,1.53604546814
46838,48809,52254,1971,3445,2,7200,1.57213352685
46990,48818,52553,1828,3735,2,7200,1.48942436412
47021,48930,52593,1909,3663,2,7200,1.52115752116
47037,49096,52274,2059,3178,2,7200,1.64789175582
47175,49145,52577,1970,3432,2,7200,1.57400932401
47241,49158,52477,1917,3319,2,7200,1.57758360952
47260,49165,52502,1905,3337,2,7200,1.57087204076
47411,49379,52698,1968,3319,2,7200,1.59294968364
47442,49421,52993,1979,3572,2,7200,1.55403135498
47554,49427,53054,1873,3627,2,7200,1.51640474221
47576,49469,53447,1893,3978,2,7200,1.47586726998
47601,49593,53071,1992,3478,2,7200,1.57274295572
47602,49613,52722,2011,3109,2,7200,1.64683177871
47665,49639,53110,1974,3471,2,7200,1.56871218669
47693,49648,52981,1955,3333,2,7200,1.58655865587
47709,49719,52972,2010,3253,2,7200,1.61789117737
47731,49776,53255,2045,3479,2,7200,1.58781258982
47806,49793,53392,1987,3599,2,7200,1.55209780495
48003,49869,53144,1866,3275,2,7200,1.56977099237
48025,49875,53386,1850,3511,2,7200,1.52691540872
48149,49884,53385,1735,3501,2,7200,1.49557269352
48248,49893,53369,1645,3476,2,7200,1.47324510932
48412,50064,53583,1652,3519,2,7200,1.46945154874
48447,50093,53360,1646,3267,2,7200,1.50382614019
48574,50152,53289,1578,3137,2,7200,1.50302837106
48797,50214,53423,1417,3209,2,7200,1.44157058274
48812,50245,53583,1433,3338,2,7200,1.42929898143
48918,50292,53528,1374,3236,2,7200,1.42459826947
49033,67140,67733,18107,593,2,86400,31.5345699831
49084,50486,53934,1402,3448,2,7200,1.406612529
49134,50509,53907,1375,3398,2,7200,1.404649794
49150,50559,54021,1409,3462,2,7200,1.40699017909
49166,50704,54152,1538,3448,2,7200,1.44605568445
49367,50722,54122,1355,3400,2,7200,1.39852941176
49409,50859,54269,1450,3410,2,7200,1.42521994135
49410,50899,54229,1489,3330,2,7200,1.44714714715
49453,50904,54126,1451,3222,2,7200,1.45034140286
49502,67747,71062,18245,3315,2,86400,6.50377073906
49580,50915,54207,1335,3292,2,7200,1.40552855407
49598,50989,54307,1391,3318,2,7200,1.41922845087
49627,51093,54531,1466,3438,2,7200,1.4264107039
49628,51151,54510,1523,3359,2,7200,1.4534087526
49709,51160,54581,1451,3421,2,7200,1.42414498685
49765,51219,54359,1454,3140,2,7200,1.46305732484
49780,51232,54601,1452,3369,2,7200,1.43098842386
49855,51532,54982,1677,3450,2,7200,1.48608695652
49856,51563,54699,1707,3136,2,7200,1.54432397959
49872,51571,55081,1699,3510,2,7200,1.48404558405
49888,51640,54969,1752,3329,2,7200,1.52628416942
50052,51810,55120,1758,3310,2,7200,1.53111782477
50080,51942,55412,1862,3470,2,7200,1.53659942363
50139,52031,55271,1892,3240,2,7200,1.58395061728
50201,52267,55300,2066,3033,2,7200,1.68117375536
50232,52288,55711,2056,3423,2,7200,1.60064271107
50279,52491,55800,2212,3309,2,7200,1.66847990329
50474,52517,55891,2043,3374,2,7200,1.60551274452
50496,52566,56124,2070,3558,2,7200,1.58178752108
50546,52591,55851,2045,3260,2,7200,1.6273006135
50691,52607,55909,1916,3302,2,7200,1.58025439128
50710,52714,56084,2004,3370,2,7200,1.59465875371
50849,52736,56304,1887,3568,2,7200,1.528867713
50886,52987,56215,2101,3228,2,7200,1.65086741016
50888,52996,56303,2108,3307,2,7200,1.63743574236
50904,53007,56337,2103,3330,2,7200,1.63153153153
50978,53067,56373,2089,3306,2,7200,1.63188142771
51080,53085,56143,2005,3058,2,7200,1.65565729235
51139,53125,56372,1986,3247,2,7200,1.61164151524
51154,53157,56684,2003,3527,2,7200,1.5679047349
51207,53269,56920,2062,3651,2,7200,1.56477677349
51223,53303,56527,2080,3224,2,7200,1.64516129032
51521,53374,56900,1853,3526,2,7200,1.52552467385
51552,53383,56567,1831,3184,2,7200,1.57506281407
51568,53399,56793,1831,3394,2,7200,1.53948143783
51628,53408,57013,1780,3605,2,7200,1.49375866852
51798,53413,56874,1615,3461,2,7200,1.46662814216
51930,53435,56616,1505,3181,2,7200,1.47312165986
52017,53462,57052,1445,3590,2,7200,1.40250696379
52257,53549,56806,1292,3257,2,7200,1.39668406509
52276,53597,56993,1321,3396,2,7200,1.38898704358
52478,53602,56794,1124,3192,2,7200,1.35213032581
52503,53923,57235,1420,3312,2,7200,1.42874396135
52553,53948,57215,1395,3267,2,7200,1.42699724518
52578,54038,57333,1460,3295,2,7200,1.44309559939
52595,54135,57608,1540,3473,2,7200,1.44342067377
52701,54144,57354,1443,3210,2,7200,1.44953271028
52723,54169,57767,1446,3598,2,7200,1.40188993885
52974,54221,57339,1247,3118,2,7200,1.39993585632
52990,54242,57851,1252,3609,2,7200,1.34691050152
52991,54283,57875,1292,3592,2,7200,1.35968819599
53056,54322,58006,1266,3684,2,7200,1.34364820847
53072,54372,58026,1300,3654,2,7200,1.35577449371
53113,54527,57821,1414,3294,2,7200,1.4292653309
53147,54546,57908,1399,3362,2,7200,1.41612135634
53256,54595,57847,1339,3252,2,7200,1.41174661747
53290,54614,57911,1324,3297,2,7200,1.40157719139
53364,54713,58019,1349,3306,2,7200,1.40804597701
53380,54984,58466,1604,3482,2,7200,1.46065479609
53396,54997,58370,1601,3373,2,7200,1.47465164542
53397,55094,58180,1697,3086,2,7200,1.54990278678
53399,55134,58739,1735,3605,2,7200,1.48127600555
53424,55287,58909,1863,3622,2,7200,1.514356709
53449,55315,58522,1866,3207,2,7200,1.58185219832
53530,55426,59207,1896,3781,2,7200,1.50145464163
53584,55727,59273,2143,3546,2,7200,1.6043429216
53585,55816,59029,2231,3213,2,7200,1.69436663554
53910,55867,59503,1957,3636,2,7200,1.53822882288
53935,55905,59043,1970,3138,2,7200,1.62778840025
54024,55922,59267,1898,3345,2,7200,1.56741405082
54124,56098,59343,1974,3245,2,7200,1.60832049307
54140,56138,59484,1998,3346,2,7200,1.59713090257
54156,56157,59908,2001,3751,2,7200,1.5334577446
54209,56230,59627,2021,3397,2,7200,1.59493670886
54231,56306,59765,2075,3459,2,7200,1.59988435964
54271,56320,59621,2049,3301,2,7200,1.62072099364
54309,56325,59967,2016,3642,2,7200,1.55354200988
54362,56351,59409,1989,3058,2,7200,1.65042511445
54514,56385,59825,1871,3440,2,7200,1.54389534884
54533,56394,60072,1861,3678,2,7200,1.50598151169
54583,56543,59785,1960,3242,2,7200,1.60456508328
54605,56583,59794,1978,3211,2,7200,1.61600747431
54702,56630,59775,1928,3145,2,7200,1.61303656598
54972,56699,60029,1727,3330,2,7200,1.51861861862
54988,56808,60212,1820,3404,2,7200,1.53466509988
55081,56813,60596,1732,3783,2,7200,1.45783769495
55122,56823,60473,1701,3650,2,7200,1.46602739726
55274,56889,60260,1615,3371,2,7200,1.47908632453
55302,56914,60203,1612,3289,2,7200,1.49011857708
55413,56934,60198,1521,3264,2,7200,1.46599264706
55714,57009,60124,1295,3115,2,7200,1.41573033708
55804,57027,60047,1223,3020,2,7200,1.40496688742
55854,57065,60376,1211,3311,2,7200,1.36575052854
55891,57229,60529,1338,3300,2,7200,1.40545454545
55910,57250,60846,1340,3596,2,7200,1.37263626251
56085,57348,60686,1263,3338,2,7200,1.37837028161
56125,57357,60862,1232,3505,2,7200,1.3514978602
56144,57368,61101,1224,3733,2,7200,1.32788641843
56218,57622,61277,1404,3655,2,7200,1.38413132695
56305,57782,61275,1477,3493,2,7200,1.42284569138
56306,57836,61209,1530,3373,2,7200,1.4536021346
56338,57861,61073,1523,3212,2,7200,1.47415940224
56372,57870,61192,1498,3322,2,7200,1.45093317279
56374,57892,61244,1518,3352,2,7200,1.45286396181
56530,57924,61292,1394,3368,2,7200,1.41389548694
56571,57933,61062,1362,3129,2,7200,1.43528283797
56617,58021,61226,1404,3205,2,7200,1.43806552262
56687,58032,61400,1345,3368,2,7200,1.39934679335
56795,58041,61518,1246,3477,2,7200,1.35835490365
56796,58194,61727,1398,3533,2,7200,1.39569770733
56812,58384,61867,1572,3483,2,7200,1.45133505599
56877,58483,61646,1606,3163,2,7200,1.50774581094
56902,58538,62033,1636,3495,2,7200,1.46809728183
56921,58758,62167,1837,3409,2,7200,1.53886770314
56995,58923,62348,1928,3425,2,7200,1.56291970803
57014,59043,62699,2029,3656,2,7200,1.55497811816
57052,59058,62561,2006,3503,2,7200,1.57265201256
57216,59221,62736,2005,3515,2,7200,1.57041251778
57238,59284,63328,2046,4044,2,7200,1.5059347181
57334,59293,62648,1959,3355,2,7200,1.58390461997
57350,59357,62676,2007,3319,2,7200,1.60470021091
57366,59423,62771,2057,3348,2,7200,1.61439665472
57609,59499,62776,1890,3277,2,7200,1.57674702472
57767,59517,62704,1750,3187,2,7200,1.54910574208
57823,59634,62991,1811,3357,2,7200,1.53946976467
57847,59643,62837,1796,3194,2,7200,1.5623043206
57863,59780,63144,1917,3364,2,7200,1.56985731272
57879,59789,63071,1910,3282,2,7200,1.58196221816
57911,59800,63127,1889,3327,2,7200,1.56777877968
57912,59809,63192,1897,3383,2,7200,1.56074490098
58008,59841,63104,1833,3263,2,7200,1.56175298805
58024,59922,63418,1898,3496,2,7200,1.54290617849
58040,59981,63289,1941,3308,2,7200,1.58675937122
58181,60043,63557,1862,3514,2,7200,1.52988047809
58371,60062,63368,1691,3306,2,7200,1.51149425287
58470,60087,63567,1617,3480,2,7200,1.46465517241
58525,60138,63427,1613,3289,2,7200,1.49042262086
58739,60212,63602,1473,3390,2,7200,1.43451327434
58912,60221,63903,1309,3682,2,7200,1.35551330798
59031,60230,63609,1199,3379,2,7200,1.35483870968
59047,60275,63718,1228,3443,2,7200,1.35666569852
59208,60391,63806,1183,3415,2,7200,1.34641288433
59271,60489,63777,1218,3288,2,7200,1.3704379562
59286,60543,64104,1257,3561,2,7200,1.35299073294
59345,60611,63884,1266,3273,2,7200,1.38680109991
59410,60700,63952,1290,3252,2,7200,1.39667896679
59488,60867,63983,1379,3116,2,7200,1.44255455712
59504,60881,64255,1377,3374,2,7200,1.40812092472
59621,61076,64369,1455,3293,2,7200,1.44184634072
59637,61088,64675,1451,3587,2,7200,1.40451630889
59766,61114,64680,1348,3566,2,7200,1.37801458216
59782,61206,64440,1424,3234,2,7200,1.44032158318
59798,61223,64589,1425,3366,2,7200,1.42335115865
59800,61240,64763,1440,3523,2,7200,1.40874254896
59827,61258,64678,1431,3420,2,7200,1.41842105263
59911,61290,64734,1379,3444,2,7200,1.40040650407
59969,61299,64602,1330,3303,2,7200,1.40266424463
60028,61308,64765,1280,3457,2,7200,1.37026323402
60050,61415,64801,1365,3386,2,7200,1.40313053751
60075,61532,64866,1457,3334,2,7200,1.43701259748
60125,61666,65079,1541,3413,2,7200,1.45150893642
60200,61741,65292,1541,3551,2,7200,1.43396226415
60216,61883,65161,1667,3278,2,7200,1.50854179378
60217,62049,65909,1832,3860,2,7200,1.47461139896
60261,62180,65742,1919,3562,2,7200,1.53874227962
60378,62363,65924,1985,3561,2,7200,1.55742768885
60476,62576,65874,2100,3298,2,7200,1.63674954518
60532,62662,65840,2130,3178,2,7200,1.67023285085
60597,62692,66080,2095,3388,2,7200,1.61835891381
60687,62714,65990,2027,3276,2,7200,1.61874236874
60848,62724,65925,1876,3201,2,7200,1.58606685411
60864,62751,66131,1887,3380,2,7200,1.55828402367
61064,62785,66540,1721,3755,2,7200,1.45832223702
61080,62794,65951,1714,3157,2,7200,1.54292049414
61102,62851,66395,1749,3544,2,7200,1.49351015801
61195,63005,67337,1810,4332,2,7200,1.41782086796
61211,63084,66561,1873,3477,2,7200,1.53868277251
61230,63142,66793,1912,3651,2,7200,1.52369213914
61246,63158,66689,1912,3531,2,7200,1.54148966298
61277,63206,66471,1929,3265,2,7200,1.59081163859
61279,63304,66808,2025,3504,2,7200,1.5779109589
61295,63342,67017,2047,3675,2,7200,1.55700680272
61403,63384,66666,1981,3282,2,7200,1.60359536868
61521,63433,66834,1912,3401,2,7200,1.56218759188
61647,63442,66908,1795,3466,2,7200,1.5178880554
61728,63571,66867,1843,3296,2,7200,1.55916262136
61871,63581,66936,1710,3355,2,7200,1.50968703428
62037,63617,66734,1580,3117,2,7200,1.506897658
62169,63626,67148,1457,3522,2,7200,1.41368540602
62350,63733,66953,1383,3220,2,7200,1.42950310559
62565,63792,67157,1227,3365,2,7200,1.3646359584
62651,63819,67297,1168,3478,2,7200,1.33582518689
62679,63899,67126,1220,3227,2,7200,1.37806011776
62701,63922,67615,1221,3693,2,7200,1.33062550772
62717,63966,67517,1249,3551,2,7200,1.35173190651
62739,63997,67460,1258,3463,2,7200,1.36326884204
62773,64121,67454,1348,3333,2,7200,1.40444044404
62789,64270,67530,1481,3260,2,7200,1.45429447853
62839,64385,67570,1546,3185,2,7200,1.48540031397
62994,64456,67797,1462,3341,2,7200,1.43759353487
63072,64604,68212,1532,3608,2,7200,1.42461197339
63106,64617,68068,1511,3451,2,7200,1.43784410316
63128,64689,68176,1561,3487,2,7200,1.44766274735
63144,64696,67754,1552,3058,2,7200,1.50752125572
63194,64702,68147,1508,3445,2,7200,1.43773584906
63291,64747,68370,1456,3623,2,7200,1.4018768976
63331,64777,68214,1446,3437,2,7200,1.42071574047
63372,64786,68210,1414,3424,2,7200,1.41296728972
63421,64816,68077,1395,3261,2,7200,1.42778288868
63437,64880,68484,1443,3604,2,7200,1.40038845727
63559,65094,68626,1535,3532,2,7200,1.43459796149
63575,65175,68215,1600,3040,2,7200,1.52631578947
63603,65307,68681,1704,3374,2,7200,1.50503852993
63619,65757,68952,2138,3195,2,7200,1.66917057903
63721,65854,69046,2133,3192,2,7200,1.66823308271
63780,65889,69255,2109,3366,2,7200,1.6265597148
63808,65923,69385,2115,3462,2,7200,1.61091854419
63885,65938,69128,2053,3190,2,7200,1.64357366771
63904,65947,69258,2043,3311,2,7200,1.61703412866
63954,65964,69420,2010,3456,2,7200,1.58159722222
63985,66004,69439,2019,3435,2,7200,1.58777292576
64107,66094,69667,1987,3573,2,7200,1.55611530926
64257,66144,70057,1887,3913,2,7200,1.48223869154
64372,66411,69820,2039,3409,2,7200,1.5981226166
64443,66486,69776,2043,3290,2,7200,1.62097264438
64591,66554,70072,1963,3518,2,7200,1.55798749289
64606,66576,70098,1970,3522,2,7200,1.55934128336
64675,66681,69887,2006,3206,2,7200,1.62570180911
64676,66703,70377,2027,3674,2,7200,1.55171475231
64692,66750,70122,2058,3372,2,7200,1.6103202847
64735,66808,70363,2073,3555,2,7200,1.58312236287
64764,66822,70338,2058,3516,2,7200,1.58532423208
64779,66850,70040,2071,3190,2,7200,1.64921630094
64793,91572,91579,26779,7,4,108000,2678.6
64805,66881,70033,2076,3152,2,7200,1.65862944162
64867,66922,70346,2055,3424,2,7200,1.60017523364
65082,66951,70054,1869,3103,2,7200,1.60232033516
65162,66967,70307,1805,3340,2,7200,1.54041916168
65295,67030,70536,1735,3506,2,7200,1.4948659441
65746,67163,70504,1417,3341,2,7200,1.42412451362
65842,67172,70269,1330,3097,2,7200,1.42944785276
65876,67310,70592,1434,3282,2,7200,1.43692870201
65910,67352,70595,1442,3243,2,7200,1.44465001542
65926,67480,71191,1554,3711,2,7200,1.41875505255
65928,67533,71084,1605,3551,2,7200,1.45198535624
65953,67544,71174,1591,3630,2,7200,1.43829201102
65993,67583,70810,1590,3227,2,7200,1.49271769445
66083,67630,70942,1547,3312,2,7200,1.46708937198
66133,67768,71074,1635,3306,2,7200,1.4945553539
66398,67811,71097,1413,3286,2,7200,1.43000608643
66473,68083,71542,1610,3459,2,7200,1.4654524429
66541,68092,71639,1551,3547,2,7200,1.43727093318
66563,68163,71768,1600,3605,2,7200,1.44382801664
66668,68190,71511,1522,3321,2,7200,1.45829569407
66690,68223,71514,1533,3291,2,7200,1.46581586144
66737,68232,71932,1495,3700,2,7200,1.40405405405
66797,68237,71727,1440,3490,2,7200,1.41260744986
66812,68243,71679,1431,3436,2,7200,1.41647264261
66838,68385,71889,1547,3504,2,7200,1.44149543379
66869,68497,71963,1628,3466,2,7200,1.46970571264
66910,68642,71918,1732,3276,2,7200,1.52869352869
66938,68694,72066,1756,3372,2,7200,1.52075919336
66954,68966,72316,2012,3350,2,7200,1.60059701493
67017,69060,72230,2043,3170,2,7200,1.64447949527
67125,69142,73607,2017,4465,2,7200,1.45173572228
67150,69269,72704,2119,3435,2,7200,1.61688500728
67166,69277,72406,2111,3129,2,7200,1.67465643976
67299,69399,72473,2100,3074,2,7200,1.68314899154
67340,69434,72558,2094,3124,2,7200,1.67029449424
67455,69455,72866,2000,3411,2,7200,1.58633831721
67471,69681,73267,2210,3586,2,7200,1.61628555494
67521,69790,72925,2269,3135,2,7200,1.72376395534
67537,69834,72989,2297,3155,2,7200,1.72805071315
67571,69900,72972,2329,3072,2,7200,1.75813802083
67618,70047,73360,2429,3313,2,7200,1.73317235134
67754,70056,73489,2302,3433,2,7200,1.67055053889
67798,70068,73444,2270,3376,2,7200,1.67239336493
68071,70077,73585,2006,3508,2,7200,1.57183580388
68087,70086,73502,1999,3416,2,7200,1.58518735363
68149,70111,73215,1962,3104,2,7200,1.63208762887
68178,70136,73226,1958,3090,2,7200,1.63365695793
68212,70285,73691,2073,3406,2,7200,1.60863182619
68214,70321,73497,2107,3176,2,7200,1.66341309824
68230,70353,73862,2123,3509,2,7200,1.60501567398
68231,70362,73889,2131,3527,2,7200,1.60419620074
68373,70377,73752,2004,3375,2,7200,1.59377777778
68485,70391,74191,1906,3800,2,7200,1.50157894737
68629,70519,74238,1890,3719,2,7200,1.50820112934
68682,70549,74199,1867,3650,2,7200,1.51150684932
68861,91593,103830,22732,12237,4,108000,2.85764484759
68915,288310,297143,219395,8833,4,108000,25.8381070984
68953,70607,74084,1654,3477,2,7200,1.47569744032
69046,70616,74000,1570,3384,2,7200,1.46394799054
69098,288315,288461,219217,146,4,108000,1502.48630137
69130,70827,74534,1697,3707,2,7200,1.45778257351
69256,70958,74875,1702,3917,2,7200,1.43451621139
69272,71077,74466,1805,3389,2,7200,1.53260548834
69385,71089,74666,1704,3577,2,7200,1.47637685211
69423,71099,74369,1676,3270,2,7200,1.5125382263
69442,71112,74448,1670,3336,2,7200,1.50059952038
69665,71189,74444,1524,3255,2,7200,1.46820276498
69778,71207,74734,1429,3527,2,7200,1.4051601928
69822,71525,74699,1703,3174,2,7200,1.53654694392
69890,71532,74924,1642,3392,2,7200,1.48408018868
70036,71556,74863,1520,3307,2,7200,1.45963108558
70051,71653,74822,1602,3169,2,7200,1.50552224677
70067,71693,74915,1626,3222,2,7200,1.50465549348
70069,71743,75295,1674,3552,2,7200,1.47128378378
70085,71784,75546,1699,3762,2,7200,1.45162147794
70101,71904,75345,1803,3441,2,7200,1.52397558849
70123,71934,75145,1811,3211,2,7200,1.56399875428
70272,71946,75280,1674,3334,2,7200,1.50209958008
70309,71977,75522,1668,3545,2,7200,1.47052186178
70340,72080,75526,1740,3446,2,7200,1.50493325595
70356,72244,75543,1888,3299,2,7200,1.57229463474
70372,72329,75607,1957,3278,2,7200,1.59701037218
70388,72420,76007,2032,3587,2,7200,1.56649010315
70507,72487,75663,1980,3176,2,7200,1.6234256927
70539,72573,75981,2034,3408,2,7200,1.59683098592
70595,72720,76195,2125,3475,2,7200,1.61151079137
70611,72880,76068,2269,3188,2,7200,1.7117314931
70814,72940,76209,2126,3269,2,7200,1.65035178954
70946,72986,76264,2040,3278,2,7200,1.62233068944
71075,73004,76324,1929,3320,2,7200,1.58102409639
71091,73230,76933,2139,3703,2,7200,1.57763975155
71107,73239,77245,2132,4006,2,7200,1.53220169745
71175,73280,76718,2105,3438,2,7200,1.61227457824
71194,73374,76726,2180,3352,2,7200,1.65035799523
71512,73458,76805,1946,3347,2,7200,1.58141619361
71528,73503,76674,1975,3171,2,7200,1.62283191422
71544,73512,77188,1968,3676,2,7200,1.53536452666
71639,73520,76892,1881,3372,2,7200,1.55782918149
71680,73599,76697,1919,3098,2,7200,1.61943189154
71730,73621,76998,1891,3377,2,7200,1.5599644655
71770,73705,77036,1935,3331,2,7200,1.58090663464
71890,73766,77352,1876,3586,2,7200,1.52314556609
71921,73877,77278,1956,3401,2,7200,1.57512496325
71937,73903,77396,1966,3493,2,7200,1.56283996565
71965,74014,77197,2049,3183,2,7200,1.64373232799
72034,137542,173550,65508,36008,1,36000,2.81926238614
72067,74098,77779,2031,3681,2,7200,1.55175224124
72233,74205,77609,1972,3404,2,7200,1.57931844888
72317,74213,77712,1896,3499,2,7200,1.54186910546
72406,74252,77810,1846,3558,2,7200,1.51883080382
72474,74383,77663,1909,3280,2,7200,1.58201219512
72561,74458,77641,1897,3183,2,7200,1.59597863651
72706,74467,77921,1761,3454,2,7200,1.50984365953
72868,74479,78005,1611,3526,2,7200,1.45689166194
72928,74548,77931,1620,3383,2,7200,1.4788649128
72974,74682,77917,1708,3235,2,7200,1.52797527048
72990,74712,77997,1722,3285,2,7200,1.52420091324
73217,74750,78207,1533,3457,2,7200,1.44344807637
73233,74837,77954,1604,3117,2,7200,1.51459736927
73265,74880,78512,1615,3632,2,7200,1.44465859031
73363,74889,78549,1526,3660,2,7200,1.41693989071
73446,74929,78374,1483,3445,2,7200,1.43047895501
73490,74939,78261,1449,3322,2,7200,1.43618302228
73506,75161,78557,1655,3396,2,7200,1.48733804476
73508,75294,79057,1786,3763,2,7200,1.47462131278
73588,75310,78605,1722,3295,2,7200,1.52261001517
73607,75359,78901,1752,3542,2,7200,1.49463579898
73693,75538,78999,1845,3461,2,7200,1.53308292401
73753,75546,79540,1793,3994,2,7200,1.44892338508
73863,75560,79035,1697,3475,2,7200,1.48834532374
73891,75565,78780,1674,3215,2,7200,1.52068429238
74002,75621,79001,1619,3380,2,7200,1.47899408284
74086,75677,79107,1591,3430,2,7200,1.4638483965
74194,75995,79068,1801,3073,2,7200,1.58607224211
74210,76021,79616,1811,3595,2,7200,1.50375521558
74238,76083,79455,1845,3372,2,7200,1.54715302491
74370,76210,79839,1840,3629,2,7200,1.50702672913
74445,76223,79904,1778,3681,2,7200,1.48302091823
74461,76278,79341,1817,3063,2,7200,1.59320927196
74477,76338,79617,1861,3279,2,7200,1.56755108265
74536,76688,80033,2152,3345,2,7200,1.64334828102
74669,76710,79980,2041,3270,2,7200,1.62415902141
74700,76732,79935,2032,3203,2,7200,1.63440524508
74737,76740,80037,2003,3297,2,7200,1.60752198969
74824,76819,80457,1995,3638,2,7200,1.5483782298
74867,76907,80035,2040,3128,2,7200,1.65217391304
74883,76948,80288,2065,3340,2,7200,1.61826347305
74918,77012,80394,2094,3382,2,7200,1.6191602602
74933,77051,80320,2118,3269,2,7200,1.64790455797
75148,77201,80611,2053,3410,2,7200,1.60205278592
75281,77211,80666,1930,3455,2,7200,1.55861070912
75297,77259,80634,1962,3375,2,7200,1.58133333333
75346,77293,80686,1947,3393,2,7200,1.57382847038
75526,77366,80708,1840,3342,2,7200,1.55056852184
75527,77412,80966,1885,3554,2,7200,1.53038829488
75547,77623,81145,2076,3522,2,7200,1.58943781942
75549,77655,81010,2106,3355,2,7200,1.62771982116
75610,77679,81178,2069,3499,2,7200,1.59131180337
75666,77726,81169,2060,3443,2,7200,1.5983154226
75984,77794,80973,1810,3179,2,7200,1.56936143441
76009,77825,81411,1816,3586,2,7200,1.50641383157
76071,77933,81614,1862,3681,2,7200,1.50584080413
76199,77942,81473,1743,3531,2,7200,1.49362786746
76214,77951,81333,1737,3382,2,7200,1.51360141928
76267,77968,81565,1701,3597,2,7200,1.4728940784
76326,78014,81374,1688,3360,2,7200,1.50238095238
76677,78023,81285,1346,3262,2,7200,1.41263028817
76699,78222,81451,1523,3229,2,7200,1.47166305358
76721,78275,81824,1554,3549,2,7200,1.43786982249
76736,78388,81631,1652,3243,2,7200,1.50940487203
76808,78527,81830,1719,3303,2,7200,1.5204359673
76894,78563,81955,1669,3392,2,7200,1.49204009434
76935,78572,82195,1637,3623,2,7200,1.45183549545
76999,78618,82053,1619,3435,2,7200,1.47132459971
77040,78792,82030,1752,3238,2,7200,1.54107473749
77190,78914,82306,1724,3392,2,7200,1.50825471698
77206,79014,82585,1808,3571,2,7200,1.50630075609
77246,79022,82247,1776,3225,2,7200,1.55069767442
77281,79050,82514,1769,3464,2,7200,1.5106812933
77355,79071,82365,1716,3294,2,7200,1.52094717668
77399,79083,82485,1684,3402,2,7200,1.49500293945
77610,79123,82518,1513,3395,2,7200,1.44565537555
77642,79355,82910,1713,3555,2,7200,1.48185654008
77667,79469,82864,1802,3395,2,7200,1.53078055965
77714,79555,83014,1841,3459,2,7200,1.53223474993
77783,79630,83021,1847,3391,2,7200,1.54467708641
77814,79638,82804,1824,3166,2,7200,1.57612128869
77920,79854,83498,1934,3644,2,7200,1.53073545554
77936,79919,83169,1983,3250,2,7200,1.61015384615
77937,79949,83051,2012,3102,2,7200,1.64861379755
77954,79994,83459,2040,3465,2,7200,1.58874458874
78001,80046,83450,2045,3404,2,7200,1.60076380729
78017,80055,83299,2038,3244,2,7200,1.62823674476
78209,80060,83547,1851,3487,2,7200,1.53082879266
78262,80302,83603,2040,3301,2,7200,1.61799454711
78376,80334,83507,1958,3173,2,7200,1.61708162622
78515,80410,83659,1895,3249,2,7200,1.58325638658
78549,80471,83739,1922,3268,2,7200,1.58812729498
78565,80625,84085,2060,3460,2,7200,1.59537572254
78606,80648,83876,2042,3228,2,7200,1.63258983891
78780,80679,84046,1899,3367,2,7200,1.564003564
78903,80700,83940,1797,3240,2,7200,1.55462962963
79001,80721,84084,1720,3363,2,7200,1.5114481118
79003,80980,84288,1977,3308,2,7200,1.59764207981
79037,80987,84552,1950,3565,2,7200,1.54698457223
79059,81024,84457,1965,3433,2,7200,1.57238566851
79075,81160,84588,2085,3428,2,7200,1.60822637106
79109,81184,84616,2075,3432,2,7200,1.6046037296
79344,81193,85155,1849,3962,2,7200,1.46668349319
79456,81298,84674,1842,3376,2,7200,1.54561611374
79542,81347,84624,1805,3277,2,7200,1.55080866646
79617,81388,84758,1771,3370,2,7200,1.52551928783
79632,81425,84853,1793,3428,2,7200,1.52304550758
79841,81466,84795,1625,3329,2,7200,1.48813457495
79906,81487,84838,1581,3351,2,7200,1.47179946285
79937,81580,84949,1643,3369,2,7200,1.48768180469
79981,81628,85086,1647,3458,2,7200,1.47628687102
80035,81644,85251,1609,3607,2,7200,1.44607707236
80051,81839,85402,1788,3563,2,7200,1.50182430536
80052,81848,85162,1796,3314,2,7200,1.54194327097
80288,81969,85537,1681,3568,2,7200,1.471132287
80322,82046,85257,1724,3211,2,7200,1.53690439116
80396,82067,85688,1671,3621,2,7200,1.46147473074
80458,82209,85751,1751,3542,2,7200,1.49435347261
80614,82260,85826,1646,3566,2,7200,1.46158160404
80636,82320,85728,1684,3408,2,7200,1.4941314554
80667,82380,85689,1713,3309,2,7200,1.51767905712
80689,82500,85970,1811,3470,2,7200,1.52190201729
80711,82528,85791,1817,3263,2,7200,1.55684952498
80967,82537,85891,1570,3354,2,7200,1.46809779368
80983,82599,85917,1616,3318,2,7200,1.48704038577
81012,82818,86206,1806,3388,2,7200,1.53305785124
81147,82878,86152,1731,3274,2,7200,1.52871105681
81172,82926,86231,1754,3305,2,7200,1.53071104387
81188,83027,86726,1839,3699,2,7200,1.49716139497
81287,83036,86557,1749,3521,2,7200,1.49673388242
81333,83066,86686,1733,3620,2,7200,1.47872928177
81377,83182,86489,1805,3307,2,7200,1.54581191412
81412,83313,86707,1901,3394,2,7200,1.56010606953
81452,83466,86921,2014,3455,2,7200,1.58292329957
81474,83475,86820,2001,3345,2,7200,1.59820627803
81567,83513,86706,1946,3193,2,7200,1.60945818979
81614,83522,86886,1908,3364,2,7200,1.56718192628
81633,83563,86959,1930,3396,2,7200,1.56831566549
81825,83617,86955,1792,3338,2,7200,1.53684841222
81841,83674,87183,1833,3509,2,7200,1.52237104588
81955,83754,86934,1799,3180,2,7200,1.56572327044
82033,83890,87106,1857,3216,2,7200,1.57742537313
82055,83954,87530,1899,3576,2,7200,1.53104026846
82135,90005,121989,7870,31984,6,108000,1.24606053027
82196,84062,87298,1866,3236,2,7200,1.57663782447
82249,84099,87312,1850,3213,2,7200,1.5757858699
82307,84104,87666,1797,3562,2,7200,1.50449185851
82366,84305,87621,1939,3316,2,7200,1.58474065139
82487,84471,87689,1984,3218,2,7200,1.61653200746
82516,84565,88255,2049,3690,2,7200,1.55528455285
82531,84605,87929,2074,3324,2,7200,1.62394705174
82587,84629,87852,2042,3223,2,7200,1.63357120695
82807,84638,88291,1831,3653,2,7200,1.50123186422
82863,84687,88186,1824,3499,2,7200,1.52129179766
82913,84774,88076,1861,3302,2,7200,1.5635978195
83014,84808,88112,1794,3304,2,7200,1.54297820823
83030,84852,88244,1822,3392,2,7200,1.53714622642
83052,84868,88142,1816,3274,2,7200,1.55467318265
83170,84965,88123,1795,3158,2,7200,1.56839772008
83302,85100,88725,1798,3625,2,7200,1.496
83453,85168,88420,1715,3252,2,7200,1.52736777368
83469,85177,88524,1708,3347,2,7200,1.51030773827
83500,85267,88717,1767,3450,2,7200,1.51217391304
83515,85276,88496,1761,3220,2,7200,1.54689440994
83550,85414,88634,1864,3220,2,7200,1.57888198758
83606,85551,88882,1945,3331,2,7200,1.58390873612
83662,85704,89272,2042,3568,2,7200,1.57230941704
83742,85709,89278,1967,3569,2,7200,1.55113477164
83878,85742,88922,1864,3180,2,7200,1.58616352201
83940,85765,89163,1825,3398,2,7200,1.53708063567
84048,85806,89173,1758,3367,2,7200,1.52212652213
84086,85840,89417,1754,3577,2,7200,1.49035504613
84087,85905,89373,1818,3468,2,7200,1.52422145329
84291,85933,89117,1642,3184,2,7200,1.51570351759
84458,85982,89166,1524,3184,2,7200,1.47864321608
84554,86166,89763,1612,3597,2,7200,1.44815123714
84592,86218,89625,1626,3407,2,7200,1.477252715
84617,86245,90061,1628,3816,2,7200,1.42662473795
84633,86503,89866,1870,3363,2,7200,1.55605114481
84674,86571,90041,1897,3470,2,7200,1.54668587896
84760,86701,90003,1941,3302,2,7200,1.58782556027
84798,86721,89918,1923,3197,2,7200,1.60150140757
84841,86726,90133,1885,3407,2,7200,1.55327267391
84857,86738,89956,1881,3218,2,7200,1.58452454941
84952,86834,90062,1882,3228,2,7200,1.58302354399
85087,86900,90233,1813,3333,2,7200,1.54395439544
85155,86935,90367,1780,3432,2,7200,1.51864801865
85171,86948,90304,1777,3356,2,7200,1.52949940405
85253,86969,90321,1716,3352,2,7200,1.51193317422
85269,86978,90336,1709,3358,2,7200,1.50893388922
85404,87121,90585,1717,3464,2,7200,1.49566974596
85540,87197,90631,1657,3434,2,7200,1.48252766453
85691,87312,90387,1621,3075,2,7200,1.52715447154
85693,87325,90545,1632,3220,2,7200,1.50683229814
85730,87545,90894,1815,3349,2,7200,1.54195282174
85752,87636,91084,1884,3448,2,7200,1.5464037123
85793,87680,90988,1887,3308,2,7200,1.57043530834
85827,87703,91039,1876,3336,2,7200,1.5623501199
85892,87864,91226,1972,3362,2,7200,1.58655562165
85920,87943,91153,2023,3210,2,7200,1.63021806854
85973,88090,91532,2117,3442,2,7200,1.61504938989
86153,88126,91538,1973,3412,2,7200,1.57825322392
86209,88136,91103,1927,2967,2,7200,1.64947758679
86234,88155,91517,1921,3362,2,7200,1.57138607971
86490,88200,91506,1710,3306,2,7200,1.51724137931
86558,88259,91515,1701,3256,2,7200,1.52242014742
86689,88269,91934,1580,3665,2,7200,1.43110504775
86708,88305,91766,1597,3461,2,7200,1.46142733314
86709,88433,91704,1724,3271,2,7200,1.52705594619
86728,88510,91889,1782,3379,2,7200,1.52737496301
86821,88537,92234,1716,3697,2,7200,1.46416012984
86887,88648,92087,1761,3439,2,7200,1.51206746147
86924,88731,92247,1807,3516,2,7200,1.51393629124
86940,88740,91936,1800,3196,2,7200,1.56320400501
86956,88898,92221,1942,3323,2,7200,1.5844116762
86972,88936,92162,1964,3226,2,7200,1.60880347179
87107,89132,92287,2025,3155,2,7200,1.64183835182
87184,89178,92551,1994,3373,2,7200,1.59116513489
87298,89187,92348,1889,3161,2,7200,1.59759569756
87314,89192,92329,1878,3137,2,7200,1.59866114122
87531,89286,92872,1755,3586,2,7200,1.4894032348
87623,89295,92946,1672,3651,2,7200,1.45795672419
87667,89388,92680,1721,3292,2,7200,1.52278250304
87692,89433,92819,1741,3386,2,7200,1.5141760189
87852,89638,92894,1786,3256,2,7200,1.54852579853
87930,89778,93276,1848,3498,2,7200,1.52830188679
88078,89881,93042,1803,3161,2,7200,1.57038911737
88113,89932,93193,1819,3261,2,7200,1.55780435449
88128,89971,93489,1843,3518,2,7200,1.52387720296
88144,90019,93179,1875,3160,2,7200,1.59335443038
88188,90028,93387,1840,3359,2,7200,1.547782078
88247,90055,93473,1808,3418,2,7200,1.52896430661
88263,90074,93161,1811,3087,2,7200,1.5866537091
88294,90082,93539,1788,3457,2,7200,1.51721145502
88421,90147,93368,1726,3221,2,7200,1.53585842906
88499,90247,93482,1748,3235,2,7200,1.54034003091
88524,90319,93927,1795,3608,2,7200,1.49750554324
88635,90334,94050,1699,3716,2,7200,1.45721205597
88721,90351,93516,1630,3165,2,7200,1.51500789889
88737,90381,93777,1644,3396,2,7200,1.48409893993
88885,90401,93627,1516,3226,2,7200,1.46993180409
88922,90559,93640,1637,3081,2,7200,1.53132099968
89118,90599,94261,1481,3662,2,7200,1.40442381212
89165,90646,93737,1481,3091,2,7200,1.47913296668
89166,90910,94648,1744,3738,2,7200,1.46655965757
89182,91003,94134,1821,3131,2,7200,1.58160332162
89274,91053,94573,1779,3520,2,7200,1.50539772727
89290,91098,94659,1808,3561,2,7200,1.50772254985
89377,91117,94320,1740,3203,2,7200,1.54324071183
89420,91168,94479,1748,3311,2,7200,1.5279371791
89625,91240,94459,1615,3219,2,7200,1.50170860516
89766,91521,94829,1755,3308,2,7200,1.53053204353
89868,91531,94984,1663,3453,2,7200,1.48161019403
89920,91536,94805,1616,3269,2,7200,1.494340777
89958,91550,94774,1592,3224,2,7200,1.49379652605
90005,91559,94951,1554,3392,2,7200,1.45813679245
90043,91718,95497,1675,3779,2,7200,1.4432389521
90062,91780,95529,1718,3749,2,7200,1.45825553481
90063,91903,95127,1840,3224,2,7200,1.57071960298
90135,91948,95216,1813,3268,2,7200,1.55477356181
90234,91957,95362,1723,3405,2,7200,1.506020558
90308,92102,95215,1794,3113,2,7200,1.57629296499
90324,92175,95501,1851,3326,2,7200,1.55652435358
90340,92234,95865,1894,3631,2,7200,1.5216193886
90368,92248,95370,1880,3122,2,7200,1.60217809097
90390,92261,95466,1871,3205,2,7200,1.58377535101
90548,92301,95749,1753,3448,2,7200,1.50841067285
90588,92343,95457,1755,3114,2,7200,1.56358381503
90635,92362,95699,1727,3337,2,7200,1.51753071621
90897,92567,96141,1670,3574,2,7200,1.46726357023
90990,92696,96052,1706,3356,2,7200,1.50834326579
91043,92834,96268,1791,3434,2,7200,1.52154921374
91086,92886,96308,1800,3422,2,7200,1.52600818235
91105,92908,96067,1803,3159,2,7200,1.57075023742
91154,92960,96242,1806,3282,2,7200,1.55027422303
91228,93056,96226,1828,3170,2,7200,1.57665615142
91509,93175,96481,1666,3306,2,7200,1.5039322444
91525,93195,96749,1670,3554,2,7200,1.46989307822
91527,93206,96270,1679,3064,2,7200,1.54797650131
91543,93290,96798,1747,3508,2,7200,1.498004561
91544,93382,96696,1838,3314,2,7200,1.55461677731
91705,93402,96773,1697,3371,2,7200,1.50341145061
91766,93487,96580,1721,3093,2,7200,1.55641771743
91891,93496,96899,1605,3403,2,7200,1.47164266823
91935,93505,96947,1570,3442,2,7200,1.45613015689
91951,93530,96920,1579,3390,2,7200,1.46578171091
92088,93553,96717,1465,3164,2,7200,1.46302149178
92165,93644,97062,1479,3418,2,7200,1.43270918666
92224,93655,97093,1431,3438,2,7200,1.41623036649
92240,93752,97255,1512,3503,2,7200,1.4316300314
92255,93792,96904,1537,3112,2,7200,1.49389460154
92290,93940,97364,1650,3424,2,7200,1.48189252336
92330,94064,97453,1734,3389,2,7200,1.51165535556
92349,94148,97541,1799,3393,2,7200,1.53020925435
92554,94275,97572,1721,3297,2,7200,1.52198968759
92683,94336,97936,1653,3600,2,7200,1.45916666667
92820,94475,97706,1655,3231,2,7200,1.51222531724
92873,94494,97431,1621,2937,2,7200,1.5519237317
92898,94588,97968,1690,3380,2,7200,1.5
92947,94663,97987,1716,3324,2,7200,1.51624548736
93043,94673,97773,1630,3100,2,7200,1.52580645161
93163,94789,98057,1626,3268,2,7200,1.49755201958
93182,94820,98177,1638,3357,2,7200,1.48793565684
93198,94843,98177,1645,3334,2,7200,1.49340131974
93278,94967,98658,1689,3691,2,7200,1.45759956651
93370,94998,98505,1628,3507,2,7200,1.46421442829
93389,95141,98320,1752,3179,2,7200,1.55111670337
93475,95230,98457,1755,3227,2,7200,1.54384877595
93492,95235,98255,1743,3020,2,7200,1.57715231788
93493,95377,98838,1884,3461,2,7200,1.54435134354
93518,95386,98431,1868,3045,2,7200,1.61346469622
93540,95471,98671,1931,3200,2,7200,1.6034375
93631,95480,98677,1849,3197,2,7200,1.57835470754
93647,95510,98847,1863,3337,2,7200,1.55828588553
93739,95520,98942,1781,3422,2,7200,1.52045587376
93780,95543,98998,1763,3455,2,7200,1.51027496382
93928,95715,99472,1787,3757,2,7200,1.4756454618
94052,95763,99113,1711,3350,2,7200,1.51074626866
94135,95880,99470,1745,3590,2,7200,1.4860724234
94261,96066,99320,1805,3254,2,7200,1.55470190535
94323,96081,99474,1758,3393,2,7200,1.51812555261
94461,96158,99665,1697,3507,2,7200,1.48388936413
94483,96240,99567,1757,3327,2,7200,1.52810339645
94575,96256,99660,1681,3404,2,7200,1.49383078731
94649,96283,99418,1634,3135,2,7200,1.52121212121
94665,96289,99887,1624,3598,2,7200,1.4513618677
94776,96322,99632,1546,3310,2,7200,1.4670694864
94808,96495,100440,1687,3945,2,7200,1.42762991128
94830,96595,99709,1765,3114,2,7200,1.56679511882
94954,96710,100242,1756,3532,2,7200,1.49716874292
94985,96732,100215,1747,3483,2,7200,1.50157909848
95129,96763,100322,1634,3559,2,7200,1.4591177297
95216,96786,99959,1570,3173,2,7200,1.49479987394
95217,96812,100406,1595,3594,2,7200,1.44379521425
95365,96916,100251,1551,3335,2,7200,1.46506746627
95381,96925,100609,1544,3684,2,7200,1.41910966341
95458,96934,100257,1476,3323,2,7200,1.44417694854
95474,96963,100214,1489,3251,2,7200,1.4580129191
95499,97076,100553,1577,3477,2,7200,1.45355191257
95515,97107,100840,1592,3733,2,7200,1.42646664881
95531,97268,100921,1737,3653,2,7200,1.47549958938
95702,97379,100882,1677,3503,2,7200,1.47873251499
95752,97445,100713,1693,3268,2,7200,1.51805385557
95867,97466,100844,1599,3378,2,7200,1.47335701599
96054,97556,101153,1502,3597,2,7200,1.41757019739
96070,97585,101184,1515,3599,2,7200,1.42095026396
96144,97722,100647,1578,2925,2,7200,1.53948717949
96228,97786,101383,1558,3597,2,7200,1.43313872672
96244,97950,101288,1706,3338,2,7200,1.51108448173
96269,97982,101227,1713,3245,2,7200,1.52788906009
96270,98002,101579,1732,3577,2,7200,1.48420464076
96311,98072,101684,1761,3612,2,7200,1.48754152824
96481,98192,101690,1711,3498,2,7200,1.48913664951
96583,98197,101570,1614,3373,2,7200,1.4785057812
96697,98269,101718,1572,3449,2,7200,1.4557842853
96719,98332,101638,1613,3306,2,7200,1.48790078645
96750,98444,101804,1694,3360,2,7200,1.50416666667
96775,98470,102152,1695,3682,2,7200,1.46034763715
96800,98520,102044,1720,3524,2,7200,1.48808172531
96903,98674,101869,1771,3195,2,7200,1.55430359937
96918,98684,102267,1766,3583,2,7200,1.49288305889
96934,98692,102216,1758,3524,2,7200,1.49886492622
96950,98852,102251,1902,3399,2,7200,1.55957634598
97067,98860,102457,1793,3597,2,7200,1.49847094801
97095,98957,102204,1862,3247,2,7200,1.57345241762
97257,99014,102519,1757,3505,2,7200,1.50128388017
97368,99126,102787,1758,3661,2,7200,1.48019666758
97433,99334,103057,1901,3723,2,7200,1.51060972334
97455,99432,102639,1977,3207,2,7200,1.61646398503
97544,99484,102780,1940,3296,2,7200,1.58859223301
97575,99493,102878,1918,3385,2,7200,1.56661742984
97708,99498,102888,1790,3390,2,7200,1.52802359882
97774,99581,103155,1807,3574,2,7200,1.5055959709
97939,99648,103058,1709,3410,2,7200,1.50117302053
97970,99676,102879,1706,3203,2,7200,1.53262566344
97989,99685,103228,1696,3543,2,7200,1.47869037539
98060,99722,103053,1662,3331,2,7200,1.49894926449
98179,99902,103285,1723,3383,2,7200,1.50931126219
98180,99972,103339,1792,3367,2,7200,1.53222453222
98258,100229,103413,1971,3184,2,7200,1.61903266332
98321,100235,103795,1914,3560,2,7200,1.53764044944
98434,100256,103557,1822,3301,2,7200,1.55195395335
98459,100265,103700,1806,3435,2,7200,1.52576419214
98509,100274,103743,1765,3469,2,7200,1.50879215912
98660,100336,103581,1676,3245,2,7200,1.51648690293
98676,100420,103771,1744,3351,2,7200,1.52044165921
98678,100455,103796,1777,3341,2,7200,1.53187668363
98840,100568,103947,1728,3379,2,7200,1.51139390352
98855,100624,104120,1769,3496,2,7200,1.50600686499
98944,100660,104170,1716,3510,2,7200,1.48888888889
99001,100727,103972,1726,3245,2,7200,1.53189522342
99116,100855,104228,1739,3373,2,7200,1.51556477913
99324,100864,104219,1540,3355,2,7200,1.45901639344
99419,100896,104235,1477,3339,2,7200,1.44234800839
99469,100937,104531,1468,3594,2,7200,1.40845854201
99485,101170,104795,1685,3625,2,7200,1.46482758621
99486,101199,105113,1713,3914,2,7200,1.43765968319
99566,101241,104509,1675,3268,2,7200,1.51254589963
99635,101303,104550,1668,3247,2,7200,1.51370495842
99663,101397,104824,1734,3427,2,7200,1.50598190837
99679,101552,105013,1873,3461,2,7200,1.54117307137
99711,101557,105026,1846,3469,2,7200,1.53214182762
99888,101562,104904,1674,3342,2,7200,1.50089766607
99959,101584,105029,1625,3445,2,7200,1.47169811321
100217,101593,104959,1376,3366,2,7200,1.40879382056
100219,101652,104923,1433,3271,2,7200,1.43809232651
100244,101699,104848,1455,3149,2,7200,1.4620514449
100260,101708,105101,1448,3393,2,7200,1.42676097849
100262,101732,105017,1470,3285,2,7200,1.44748858447
100323,101818,105269,1495,3451,2,7200,1.43320776586
100410,101884,105125,1474,3241,2,7200,1.45479790188
100441,102057,105263,1616,3206,2,7200,1.50405489707
100555,102165,105801,1610,3636,2,7200,1.44279427943
100610,102218,105404,1608,3186,2,7200,1.50470809793
100648,102231,105376,1583,3145,2,7200,1.50333863275
100713,102267,105740,1554,3473,2,7200,1.4474517708
100844,102283,105536,1439,3253,2,7200,1.44236089763
100845,102471,105855,1626,3384,2,7200,1.4804964539
100883,102532,105924,1649,3392,2,7200,1.48614386792
100924,102653,106058,1729,3405,2,7200,1.50778267254
101156,102794,106047,1638,3253,2,7200,1.50353519828
101188,102801,106068,1613,3267,2,7200,1.49372513009
101228,102893,106244,1665,3351,2,7200,1.49686660698
101290,102898,106608,1608,3710,2,7200,1.43342318059
101382,102907,106281,1525,3374,2,7200,1.45198577356
101571,103070,106578,1499,3508,2,7200,1.42730900798
101587,103079,106466,1492,3387,2,7200,1.44050782403
101640,103084,106329,1444,3245,2,7200,1.44499229584
101687,103170,106368,1483,3198,2,7200,1.46372732958
101703,103243,106848,1540,3605,2,7200,1.42718446602
101719,103301,106736,1582,3435,2,7200,1.46055312955
101806,103354,106720,1548,3366,2,7200,1.45989304813
101871,103426,106918,1555,3492,2,7200,1.44530355097
102048,103571,107034,1523,3463,2,7200,1.43979208779
102154,103595,107136,1441,3541,2,7200,1.40694719006
102207,103714,107373,1507,3659,2,7200,1.41186116425
102223,103757,107001,1534,3244,2,7200,1.4728729963
102254,103785,107004,1531,3219,2,7200,1.47561354458
102270,103810,107059,1540,3249,2,7200,1.47399199754
102456,103815,106915,1359,3100,2,7200,1.43838709677
102521,103843,107512,1322,3669,2,7200,1.36031616244
102641,103849,107350,1208,3501,2,7200,1.34504427306
102782,103962,107445,1180,3483,2,7200,1.3387884008
102798,103988,107805,1190,3817,2,7200,1.31176316479
102882,104134,107577,1252,3443,2,7200,1.36363636364
102883,104187,107354,1304,3167,2,7200,1.41174613199
102899,104232,107604,1333,3372,2,7200,1.3953143535
103057,104242,107588,1185,3346,2,7200,1.35415421399
103058,104251,107667,1193,3416,2,7200,1.34923887588
103060,104523,107743,1463,3220,2,7200,1.45434782609
103157,104545,107807,1388,3262,2,7200,1.42550582465
103231,104564,108286,1333,3722,2,7200,1.35814078452
103288,104809,107924,1521,3115,2,7200,1.48828250401
103341,104841,107958,1500,3117,2,7200,1.4812319538
103415,104863,108331,1448,3468,2,7200,1.41753171857
103557,104919,108329,1362,3410,2,7200,1.39941348974
103583,104937,108409,1354,3472,2,7200,1.38997695853
103700,104973,108451,1273,3478,2,7200,1.36601495112
103744,105028,108312,1284,3284,2,7200,1.39098660171
103772,105036,108201,1264,3165,2,7200,1.39936808847
103794,105044,108202,1250,3158,2,7200,1.39582013933
103810,105049,108556,1239,3507,2,7200,1.35329341317
103949,105115,108536,1166,3421,2,7200,1.34083601286
103974,105126,108662,1152,3536,2,7200,1.3257918552
104121,105140,108872,1019,3732,2,7200,1.27304394427
104174,105278,109013,1104,3735,2,7200,1.29558232932
104221,105287,108760,1066,3473,2,7200,1.30693924561
104237,105391,108676,1154,3285,2,7200,1.35129375951
104238,105418,108724,1180,3306,2,7200,1.35692679976
104510,105549,108632,1039,3083,2,7200,1.33700940642
104532,105755,108998,1223,3243,2,7200,1.37711995066
104551,105815,109242,1264,3427,2,7200,1.36883571637
104796,105869,109495,1073,3626,2,7200,1.29591836735
104827,105939,109310,1112,3371,2,7200,1.32987244141
104850,106060,109521,1210,3461,2,7200,1.34960993932
104905,106073,109291,1168,3218,2,7200,1.36295835923
104924,106082,109291,1158,3209,2,7200,1.36086008102
104962,106258,109702,1296,3444,2,7200,1.37630662021
105014,106296,109893,1282,3597,2,7200,1.35640811788
105031,106345,109559,1314,3214,2,7200,1.40883634101
105032,106383,109773,1351,3390,2,7200,1.39852507375
105033,106480,110181,1447,3701,2,7200,1.39097541205
105102,106592,110030,1490,3438,2,7200,1.43339150669
105118,106621,110377,1503,3756,2,7200,1.40015974441
105134,106734,110118,1600,3384,2,7200,1.47281323877
105267,106750,110154,1483,3404,2,7200,1.43566392479
105283,106862,110013,1579,3151,2,7200,1.50111075849
105379,106931,110467,1552,3536,2,7200,1.43891402715
105407,106939,110352,1532,3413,2,7200,1.44887196015
105539,107015,110816,1476,3801,2,7200,1.38831886346
105742,107022,110406,1280,3384,2,7200,1.37825059102
105804,107049,110543,1245,3494,2,7200,1.35632512879
105857,107071,110288,1214,3217,2,7200,1.3773702207
105925,107152,110591,1227,3439,2,7200,1.35678976447
106050,107364,110599,1314,3235,2,7200,1.40618238022
106065,107373,110660,1308,3287,2,7200,1.3979312443
106081,107386,111019,1305,3633,2,7200,1.35920726672
106247,107459,110855,1212,3396,2,7200,1.35689045936
106285,107526,110833,1241,3307,2,7200,1.37526459026
106332,107592,110945,1260,3353,2,7200,1.375782881
106369,107602,110798,1233,3196,2,7200,1.38579474343
106469,107617,110814,1148,3197,2,7200,1.35908664373
106580,107682,110810,1102,3128,2,7200,1.35230179028
106609,107757,111245,1148,3488,2,7200,1.32912844037
106721,107819,110959,1098,3140,2,7200,1.34968152866
106737,107828,111497,1091,3669,2,7200,1.29735622786
106850,107938,111345,1088,3407,2,7200,1.31934253009
106918,107970,111474,1052,3504,2,7200,1.3002283105
106920,108217,111536,1297,3319,2,7200,1.39078035553
107004,108222,111549,1218,3327,2,7200,1.36609558161
107005,108300,111941,1295,3641,2,7200,1.35567151881
107036,108327,111724,1291,3397,2,7200,1.38004121283
107061,108343,111604,1282,3261,2,7200,1.39313094143
107139,108351,111772,1212,3421,2,7200,1.35428237357
107351,108424,111495,1073,3071,2,7200,1.34939759036
107367,108464,111894,1097,3430,2,7200,1.31982507289
107382,108552,111951,1170,3399,2,7200,1.34421888791
107447,108569,111862,1122,3293,2,7200,1.34072274522
107513,108646,112014,1133,3368,2,7200,1.33640142518
107578,108676,111819,1098,3143,2,7200,1.34934775692
107594,108691,112106,1097,3415,2,7200,1.32122986823
107610,108739,111911,1129,3172,2,7200,1.35592686003
107669,108774,112104,1105,3330,2,7200,1.33183183183
107743,108886,112548,1143,3662,2,7200,1.31212452212
107805,109012,112305,1207,3293,2,7200,1.3665350744
107806,109028,112412,1222,3384,2,7200,1.36111111111
107926,109258,112449,1332,3191,2,7200,1.41742400501
107961,109308,112617,1347,3309,2,7200,1.40707162285
108202,109314,112499,1112,3185,2,7200,1.34913657771
108203,109327,112681,1124,3354,2,7200,1.3351222421
108287,109510,114174,1223,4664,2,7200,1.2622212693
108316,109537,113536,1221,3999,2,7200,1.30532633158
108332,109573,112891,1241,3318,2,7200,1.37402049427
108333,109717,113402,1384,3685,2,7200,1.37557666214
108411,109788,113071,1377,3283,2,7200,1.41943344502
108452,109906,113380,1454,3474,2,7200,1.41853770869
108538,110026,113254,1488,3228,2,7200,1.46096654275
108557,110045,113413,1488,3368,2,7200,1.44180522565
108632,110132,113783,1500,3651,2,7200,1.41084634347
108664,110170,113889,1506,3719,2,7200,1.40494756655
108680,110196,113914,1516,3718,2,7200,1.40774610005
108728,110304,113381,1576,3077,2,7200,1.51218719532
108762,110366,113859,1604,3493,2,7200,1.45920412253
108875,110392,113550,1517,3158,2,7200,1.48036732109
108999,110422,113682,1423,3260,2,7200,1.43650306748
109015,110481,113737,1466,3256,2,7200,1.45024570025
109246,110557,114211,1311,3654,2,7200,1.35878489327
109293,110606,113826,1313,3220,2,7200,1.40776397516
109294,110615,113907,1321,3292,2,7200,1.40127582017
109313,110674,113902,1361,3228,2,7200,1.42162329616
109496,110812,114390,1316,3578,2,7200,1.36780324203
109524,110823,114382,1299,3559,2,7200,1.36499016578
109562,110833,114407,1271,3574,2,7200,1.35562395076
109705,110838,114009,1133,3171,2,7200,1.35730053611
109776,110847,114139,1071,3292,2,7200,1.32533414338
109895,110869,114262,974,3393,2,7200,1.28706159741
110016,110958,114300,942,3342,2,7200,1.28186714542
110032,110976,114272,944,3296,2,7200,1.28640776699
110119,111032,114143,913,3111,2,7200,1.29347476696
110156,111259,114586,1103,3327,2,7200,1.33152990682
110181,111362,114643,1181,3281,2,7200,1.35995123438
110291,111489,114848,1198,3359,2,7200,1.356653766
110353,111510,115093,1157,3583,2,7200,1.32291375942
110378,111516,115173,1138,3657,2,7200,1.31118403063
110410,111550,114714,1140,3164,2,7200,1.3603034134
110469,111565,114996,1096,3431,2,7200,1.31944039639
110546,111618,114795,1072,3177,2,7200,1.33742524394
110593,111738,114836,1145,3098,2,7200,1.36959328599
110609,111787,115111,1178,3324,2,7200,1.35439229844
110664,111833,115194,1169,3361,2,7200,1.34781315085
110800,111876,115492,1076,3616,2,7200,1.29756637168
110816,111909,115655,1093,3746,2,7200,1.29177789642
110818,111925,115529,1107,3604,2,7200,1.30715871254
110819,111956,115511,1137,3555,2,7200,1.31983122363
110835,111966,115274,1131,3308,2,7200,1.34189842805
110857,112029,115381,1172,3352,2,7200,1.34964200477
110947,112121,115554,1174,3433,2,7200,1.34197494902
110963,112126,115397,1163,3271,2,7200,1.35554876185
111021,112320,115706,1299,3386,2,7200,1.38363851152
111246,112426,115913,1180,3487,2,7200,1.33839977058
111349,112463,115560,1114,3097,2,7200,1.35970293833
111475,112513,115759,1038,3246,2,7200,1.31977818854
111497,112564,115890,1067,3326,2,7200,1.3208057727
111499,112631,116104,1132,3473,2,7200,1.32594298877
111536,112693,115939,1157,3246,2,7200,1.35643869378
111552,112735,116102,1183,3367,2,7200,1.35135135135
111605,112905,116021,1300,3116,2,7200,1.41720154044
111725,113085,116366,1360,3281,2,7200,1.41450777202
111775,113269,116876,1494,3607,2,7200,1.41419462157
111819,113396,116982,1577,3586,2,7200,1.43976575572
111863,113401,116542,1538,3141,2,7200,1.48965297676
111897,113414,116610,1517,3196,2,7200,1.47465581977
111913,113427,116472,1514,3045,2,7200,1.49720853859
111945,113550,116724,1605,3174,2,7200,1.5056710775
111961,113566,116838,1605,3272,2,7200,1.49052567237
112017,113697,117090,1680,3393,2,7200,1.49513704686
112108,113751,116948,1643,3197,2,7200,1.51391929934
112109,113797,117088,1688,3291,2,7200,1.5129140079
112309,113840,117162,1531,3322,2,7200,1.46086694762
112415,113873,117430,1458,3557,2,7200,1.40989597976
112452,113905,117145,1453,3240,2,7200,1.44845679012
112499,113916,117259,1417,3343,2,7200,1.42387077475
112552,113925,117367,1373,3442,2,7200,1.3988959907
112620,113934,117481,1314,3547,2,7200,1.37045390471
112686,114025,117586,1339,3561,2,7200,1.37601797248
112892,114154,117321,1262,3167,2,7200,1.39848437007
113072,114162,117646,1090,3484,2,7200,1.31285878301
113256,114187,117407,931,3220,2,7200,1.28913043478
113383,114226,117617,843,3391,2,7200,1.24859923326
113384,114275,117601,891,3326,2,7200,1.26788935658
113404,114287,117654,883,3367,2,7200,1.26225126225
113420,114314,117728,894,3414,2,7200,1.2618629174
113537,114398,117694,861,3296,2,7200,1.26122572816
113553,114406,118015,853,3609,2,7200,1.23635356054
113685,114421,117536,736,3115,2,7200,1.23627608347
113738,114601,118044,863,3443,2,7200,1.25065349985
113784,114657,118032,873,3375,2,7200,1.25866666667
113825,114728,118330,903,3602,2,7200,1.25069405886
113841,139519,139520,25678,1,1,3600,2567.9
113860,114810,118291,950,3481,2,7200,1.27291008331
113891,114850,117963,959,3113,2,7200,1.30806296177
113907,114864,118385,957,3521,2,7200,1.27179778472
113909,115010,118300,1101,3290,2,7200,1.33465045593
113925,115107,118384,1182,3277,2,7200,1.36069575832
114012,115125,118309,1113,3184,2,7200,1.34956030151
114141,115187,118604,1046,3417,2,7200,1.30611647644
114157,115209,118626,1052,3417,2,7200,1.30787240269
114176,115289,118574,1113,3285,2,7200,1.33881278539
114214,115396,119177,1182,3781,2,7200,1.31261571013
114263,115413,118736,1150,3323,2,7200,1.34607282576
114279,115506,118844,1227,3338,2,7200,1.36758538047
114301,115525,118918,1224,3393,2,7200,1.36074270557
114385,115543,119021,1158,3478,2,7200,1.33294997125
114401,115568,118724,1167,3156,2,7200,1.36977186312
114416,115577,118951,1161,3374,2,7200,1.34410195614
114590,115669,119420,1079,3751,2,7200,1.2876566249
114643,115720,119027,1077,3307,2,7200,1.32567281524
114715,115773,119195,1058,3422,2,7200,1.30917592051
114799,115907,119560,1108,3653,2,7200,1.30331234602
114836,115928,119186,1092,3258,2,7200,1.33517495396
114852,115954,119391,1102,3437,2,7200,1.32062845505
114997,116035,119526,1038,3491,2,7200,1.29733600687
115092,116116,119780,1024,3664,2,7200,1.27947598253
115111,116124,119435,1013,3311,2,7200,1.30594986409
115174,116379,119635,1205,3256,2,7200,1.37008599509
115196,116487,119862,1291,3375,2,7200,1.38251851852
115277,116556,119490,1279,2934,2,7200,1.43592365372
115385,116625,120106,1240,3481,2,7200,1.35621947716
115401,116738,120040,1337,3302,2,7200,1.4049061175
115495,116852,120097,1357,3245,2,7200,1.41818181818
115514,116891,120085,1377,3194,2,7200,1.4311208516
115530,116963,120410,1433,3447,2,7200,1.41572381781
115555,116997,120084,1442,3087,2,7200,1.46712018141
115571,117103,120822,1532,3719,2,7200,1.4119386932
115655,117112,120510,1457,3398,2,7200,1.42878163626
115708,117159,120524,1451,3365,2,7200,1.43120356612
115762,117174,120597,1412,3423,2,7200,1.41250365177
115894,117274,120968,1380,3694,2,7200,1.37357877639
115917,117335,120563,1418,3228,2,7200,1.43928128872
115942,117384,120593,1442,3209,2,7200,1.4493611717
116023,117421,120603,1398,3182,2,7200,1.43934632307
116103,117444,120552,1341,3108,2,7200,1.43146718147
116120,117494,121177,1374,3683,2,7200,1.37306543579
116367,117550,120842,1183,3292,2,7200,1.35935601458
116474,117601,120876,1127,3275,2,7200,1.3441221374
116543,117616,121120,1073,3504,2,7200,1.30622146119
116612,117633,121577,1021,3944,2,7200,1.25887423935
116728,117661,121088,933,3427,2,7200,1.27224978115
116839,117670,120866,831,3196,2,7200,1.26001251564
116879,117709,121195,830,3486,2,7200,1.2380952381
116951,117742,121030,791,3288,2,7200,1.24057177616
116985,117979,121277,994,3298,2,7200,1.30139478472
117091,118032,121137,941,3105,2,7200,1.30305958132
117092,118046,121404,954,3358,2,7200,1.28409767719
117146,118059,121373,913,3314,2,7200,1.27549788775
117165,118305,121709,1140,3404,2,7200,1.33490011751
117261,118314,121866,1053,3552,2,7200,1.2964527027
117323,118323,121713,1000,3390,2,7200,1.29498525074
117370,118347,121453,977,3106,2,7200,1.31455247907
117408,118400,121721,992,3321,2,7200,1.29870520927
117433,118405,121810,972,3405,2,7200,1.28546255507
117483,118590,122070,1107,3480,2,7200,1.31810344828
117539,118619,122043,1080,3424,2,7200,1.31542056075
117589,118640,121861,1051,3221,2,7200,1.32629618131
117605,118738,121902,1133,3164,2,7200,1.35809102402
117620,118750,122180,1130,3430,2,7200,1.32944606414
117648,118857,122202,1209,3345,2,7200,1.36143497758
117664,118931,122303,1267,3372,2,7200,1.37574139976
117696,118966,122535,1270,3569,2,7200,1.35584197254
117730,119036,122243,1306,3207,2,7200,1.40723417524
117966,119045,122370,1079,3325,2,7200,1.3245112782
118019,119193,122718,1174,3525,2,7200,1.33304964539
118035,119202,122645,1167,3443,2,7200,1.33894859134
118051,119211,122558,1160,3347,2,7200,1.34657902599
118294,119407,122987,1113,3580,2,7200,1.31089385475
118310,119434,122680,1124,3246,2,7200,1.34627233518
118311,119451,122814,1140,3363,2,7200,1.33898305085
118333,119503,123012,1170,3509,2,7200,1.33342832716
118387,119540,122801,1153,3261,2,7200,1.35357252377
118388,119577,122950,1189,3373,2,7200,1.35250518826
118576,119649,123179,1073,3530,2,7200,1.30396600567
118605,119794,123179,1189,3385,2,7200,1.35125553914
118628,119877,123129,1249,3252,2,7200,1.38407134071
118724,120054,123494,1330,3440,2,7200,1.38662790698
118740,120098,123430,1358,3332,2,7200,1.40756302521
118845,120107,123680,1262,3573,2,7200,1.35320458998
118920,120116,123303,1196,3187,2,7200,1.37527455287
118955,120125,123260,1170,3135,2,7200,1.37320574163
119023,120424,123725,1401,3301,2,7200,1.42441684338
119039,120524,123871,1485,3347,2,7200,1.44368090828
119180,120538,123734,1358,3196,2,7200,1.42490613267
119196,120566,123828,1370,3262,2,7200,1.41998773758
119197,120577,123897,1380,3320,2,7200,1.4156626506
119393,120609,124390,1216,3781,2,7200,1.3216080402
119422,120618,123988,1196,3370,2,7200,1.35489614243
119438,120623,124147,1185,3524,2,7200,1.33626560726
119491,120838,124147,1347,3309,2,7200,1.40707162285
119528,120857,124271,1329,3414,2,7200,1.38927943761
119563,120880,124236,1317,3356,2,7200,1.39243146603
119636,120889,124198,1253,3309,2,7200,1.37866424902
119781,120982,124343,1201,3361,2,7200,1.35733412675
119865,121044,124699,1179,3655,2,7200,1.32257181943
120043,121102,124173,1059,3071,2,7200,1.34483881472
120087,121134,124464,1047,3330,2,7200,1.31441441441
120089,121151,124626,1062,3475,2,7200,1.30561151079
120105,121191,124405,1086,3214,2,7200,1.33789670193
120120,121209,124956,1089,3747,2,7200,1.290632506
120410,121291,124517,881,3226,2,7200,1.27309361438
120513,121387,124583,874,3196,2,7200,1.27346683354
120529,121418,125096,889,3678,2,7200,1.2417074497
120554,121467,124928,913,3461,2,7200,1.26379659058
120570,121591,124975,1021,3384,2,7200,1.30171394799
120595,121723,124989,1128,3266,2,7200,1.34537660747
120612,121732,124916,1120,3184,2,7200,1.35175879397
120613,121741,124996,1128,3255,2,7200,1.3465437788
120825,121825,125569,1000,3744,2,7200,1.26709401709
120844,121875,125105,1031,3230,2,7200,1.31919504644
120866,121883,125288,1017,3405,2,7200,1.2986784141
120883,121915,125354,1032,3439,2,7200,1.30008723466
120969,121976,125571,1007,3595,2,7200,1.28011126565
121031,121981,125621,950,3640,2,7200,1.26098901099
121090,121986,125234,896,3248,2,7200,1.27586206897
121122,122058,125558,936,3500,2,7200,1.26742857143
121138,122084,125302,946,3218,2,7200,1.29397141081
121178,122194,125649,1016,3455,2,7200,1.29406657019
121197,122216,125416,1019,3200,2,7200,1.3184375
121278,122258,125572,980,3314,2,7200,1.29571514786
121376,122317,125303,941,2986,2,7200,1.31513730743
121407,122550,126029,1143,3479,2,7200,1.32854268468
121454,122572,126076,1118,3504,2,7200,1.31906392694
121578,122658,126347,1080,3689,2,7200,1.2927622662
121712,122694,126256,982,3562,2,7200,1.27568781583
121728,122733,125880,1005,3147,2,7200,1.31935176358
121730,122814,126819,1084,4005,2,7200,1.27066167291
121813,122828,125843,1015,3015,2,7200,1.33665008292
121864,122904,126067,1040,3163,2,7200,1.32880177047
121879,122909,126311,1030,3402,2,7200,1.30276308054
121905,122915,126233,1010,3318,2,7200,1.30440024111
122047,122964,126411,917,3447,2,7200,1.26602843052
122072,123001,126411,929,3410,2,7200,1.2724340176
122180,123026,126410,846,3384,2,7200,1.25
122202,123148,126585,946,3437,2,7200,1.27524003491
122246,123195,126452,949,3257,2,7200,1.29137242862
122305,123200,126721,895,3521,2,7200,1.25418915081
122340,122384,194406,44,72022,2,72000,1.00061092444
122371,123275,126631,904,3356,2,7200,1.26936829559
122536,123318,127554,782,4236,2,7200,1.18460812087
122559,123444,127058,885,3614,2,7200,1.24488101826
122567,137611,137690,15044,79,1,610,191.430379747
122645,123508,127084,863,3576,2,7200,1.2413310962
122680,123694,127063,1014,3369,2,7200,1.30097951915
122721,123738,127128,1017,3390,2,7200,1.3
122802,123748,126892,946,3144,2,7200,1.30089058524
122818,123842,127357,1024,3515,2,7200,1.29132290185
122951,123885,127206,934,3321,2,7200,1.28124059018
122989,124002,127592,1013,3590,2,7200,1.28217270195
123014,124160,127399,1146,3239,2,7200,1.35381290522
123132,124166,127513,1034,3347,2,7200,1.30893337317
123182,124189,127475,1007,3286,2,7200,1.3064516129
123184,124213,127608,1029,3395,2,7200,1.30309278351
123261,124249,127798,988,3549,2,7200,1.27838827839
123295,123911,149253,616,25342,2,25200,1.02430747376
123305,124289,127702,984,3413,2,7200,1.28830940522
123431,124359,127905,928,3546,2,7200,1.26170332769
123496,124405,127958,909,3553,2,7200,1.2558401351
123635,289479,408235,165844,118756,3,604800,2.3965104921
123683,124421,127672,738,3251,2,7200,1.22700707475
123726,124477,128035,751,3558,2,7200,1.21107363687
123742,124532,127965,790,3433,2,7200,1.23011942907
123765,289484,376053,165719,86569,3,604800,2.91429957606
123829,124597,127897,768,3300,2,7200,1.23272727273
123873,124642,128033,769,3391,2,7200,1.22677676202
123899,124715,128445,816,3730,2,7200,1.21876675603
123990,124930,128492,940,3562,2,7200,1.26389668725
124148,124940,128407,792,3467,2,7200,1.22843957312
124149,124970,128331,821,3361,2,7200,1.24427253794
124175,124989,128393,814,3404,2,7200,1.23913043478
124200,125005,128404,805,3399,2,7200,1.23683436305
124238,125014,128284,776,3270,2,7200,1.2373088685
124273,125110,128510,837,3400,2,7200,1.24617647059
124324,133870,135167,9546,1297,2,14400,8.3600616808
124345,125119,128444,774,3325,2,7200,1.23278195489
124392,125302,128387,910,3085,2,7200,1.29497568882
124408,125316,128748,908,3432,2,7200,1.26456876457
124464,125324,128436,860,3112,2,7200,1.2763496144
124517,125367,128730,850,3363,2,7200,1.25275052037
124585,125573,128811,988,3238,2,7200,1.30512662137
124630,125584,128765,954,3181,2,7200,1.29990569003
124701,125593,129021,892,3428,2,7200,1.26021003501
124916,125598,129009,682,3411,2,7200,1.19994136617
124933,125635,128891,702,3256,2,7200,1.2156019656
124958,125664,129149,706,3485,2,7200,1.20258249641
124977,125857,129063,880,3206,2,7200,1.27448533999
124993,125893,129233,900,3340,2,7200,1.26946107784
125008,126045,129448,1037,3403,2,7200,1.3047311196
125067,125249,126270,182,1021,2,18000,1.17825661117
125099,126081,129381,982,3300,2,7200,1.29757575758
125115,126090,129547,975,3457,2,7200,1.28203644779
125235,126247,129765,1012,3518,2,7200,1.28766344514
125288,126270,129818,982,3548,2,7200,1.27677564825
125304,126284,129327,980,3043,2,7200,1.32205060795
125306,126325,129708,1019,3383,2,7200,1.30121194206
125348,125430,126476,82,1046,2,18000,1.07839388145
125356,126361,129807,1005,3446,2,7200,1.29164248404
125415,126425,129663,1010,3238,2,7200,1.31192093885
125562,126430,129777,868,3347,2,7200,1.25933671945
125578,126439,129976,861,3537,2,7200,1.24342663274
125580,126469,129767,889,3298,2,7200,1.26955730746
125581,126490,129971,909,3481,2,7200,1.26113185866
125622,126600,130069,978,3469,2,7200,1.28192562698
125653,126645,130330,992,3685,2,7200,1.26919945726
125843,126737,130015,894,3278,2,7200,1.27272727273
125881,126832,130141,951,3309,2,7200,1.28739800544
126029,126906,130387,877,3481,2,7200,1.25193909796
126070,127072,130381,1002,3309,2,7200,1.30281051677
126086,127081,130406,995,3325,2,7200,1.2992481203
126197,137978,139134,11781,1156,1,7200,11.1911764706
126203,138105,139812,11902,1707,1,7200,7.97246631517
126234,138137,140134,11903,1997,1,18000,6.96044066099
126236,127098,130464,862,3366,2,7200,1.25609031491
126243,138891,141216,12648,2325,1,18000,6.44
126258,127143,130937,885,3794,2,7200,1.23326304692
126314,127223,130396,909,3173,2,7200,1.28647967223
126350,127371,130808,1021,3437,2,7200,1.29706139075
126412,127414,130651,1002,3237,2,7200,1.30954587581
126413,127489,130590,1076,3101,2,7200,1.3469848436
126415,127526,130738,1111,3212,2,7200,1.34589041096
126456,127566,130872,1110,3306,2,7200,1.33575317604
126588,127607,130901,1019,3294,2,7200,1.30935033394
126632,127625,130821,993,3196,2,7200,1.3107008761
126645,133979,134301,7334,322,14,4980,23.7763975155
126724,127686,131318,962,3632,2,7200,1.26486784141
126774,288263,288271,161489,8,8,108000,16149.7
126823,127718,130803,895,3085,2,7200,1.29011345219
126895,127813,131661,918,3848,2,7200,1.23856548857
127060,127911,130939,851,3028,2,7200,1.28104359313
127075,127920,130914,845,2994,2,7200,1.28223112892
127091,127973,131249,882,3276,2,7200,1.26923076923
127129,127982,131214,853,3232,2,7200,1.26392326733
127210,128046,131465,836,3419,2,7200,1.24451594033
127358,128056,131512,698,3456,2,7200,1.20196759259
127401,128299,131702,898,3403,2,7200,1.26388480752
127476,128346,131504,870,3158,2,7200,1.27549081697
127514,128401,131702,887,3301,2,7200,1.26870645259
127555,128411,131542,856,3131,2,7200,1.27339508144
127596,128420,131843,824,3423,2,7200,1.24072451066
127611,128429,131618,818,3189,2,7200,1.25650674193
127674,128451,131758,777,3307,2,7200,1.23495615361
127705,128460,131658,755,3198,2,7200,1.23608505316
127790,133875,136405,6085,2530,2,14400,3.40513833992
127800,128465,131909,665,3444,2,7200,1.19308943089
127900,128506,131740,606,3234,2,7200,1.18738404453
127916,128525,132093,609,3568,2,7200,1.1706838565
127960,128745,131789,785,3044,2,7200,1.25788436268
127976,128764,132269,788,3505,2,7200,1.22482168331
128038,128778,131998,740,3220,2,7200,1.2298136646
128040,128825,132420,785,3595,2,7200,1.21835883171
128288,129025,132357,737,3332,2,7200,1.22118847539
128332,129035,132467,703,3432,2,7200,1.20483682984
128357,129780,129785,1423,5,4,36000,142.8
128388,129079,132278,691,3199,2,7200,1.21600500156
128404,129163,132567,759,3404,2,7200,1.22297297297
128406,129250,132571,844,3321,2,7200,1.25414031918
128422,129395,132792,973,3397,2,7200,1.28642920224
128438,129462,132705,1024,3243,2,7200,1.31575701511
128454,129562,132749,1108,3187,2,7200,1.34766237841
128455,129678,133109,1223,3431,2,7200,1.35645584378
128493,129720,133085,1227,3365,2,7200,1.3646359584
128513,129789,133399,1276,3610,2,7200,1.35346260388
128608,139533,140469,10925,936,1,3600,12.672008547
128732,129796,132795,1064,2999,2,7200,1.35478492831
128751,129806,133128,1055,3322,2,7200,1.31757977122
128767,129811,133218,1044,3407,2,7200,1.30642794247
128807,128905,129765,98,860,2,18000,1.11395348837
128814,129820,133040,1006,3220,2,7200,1.31242236025
128824,137638,160669,8814,23031,1,36000,1.38270157614
128894,129832,132997,938,3165,2,7200,1.29636650869
129012,129988,133301,976,3313,2,7200,1.29459704196
129028,129996,133189,968,3193,2,7200,1.30316316943
129066,130029,133302,963,3273,2,7200,1.29422548121
129078,129343,130257,265,914,2,18000,1.28993435449
129150,130085,133756,935,3671,2,7200,1.2546989921
129237,130157,133380,920,3223,2,7200,1.28544834006
129330,130271,133740,941,3469,2,7200,1.27125972903
129384,130346,133452,962,3106,2,7200,1.30972311655
129450,130395,133839,945,3444,2,7200,1.2743902439
129549,130404,133516,855,3112,2,7200,1.27474293059
129664,130413,133803,749,3390,2,7200,1.2209439528
129708,130422,133838,714,3416,2,7200,1.20901639344
129768,130480,133839,712,3359,2,7200,1.21196784757
129769,130605,133839,836,3234,2,7200,1.25850340136
129785,130667,133839,882,3172,2,7200,1.27805800757
129808,130752,133839,944,3087,2,7200,1.30579850988
129824,130817,133839,993,3022,2,7200,1.32859033752
129975,130826,133839,851,3013,2,7200,1.28244274809
129991,130834,133839,843,3005,2,7200,1.28053244592
130016,130885,133839,869,2954,2,7200,1.29417738659
130072,130914,133839,842,2925,2,7200,1.28786324786
130143,130928,133839,785,2911,2,7200,1.26966678117
130333,130950,133839,617,2889,2,7200,1.2135687089
130352,137681,152452,7329,14771,1,36000,1.49617493738
130384,130958,133839,574,2881,2,7200,1.19923637626
130400,131230,133839,830,2609,2,7200,1.31812955155
130401,131264,133839,863,2575,2,7200,1.33514563107
130417,131333,133839,916,2506,2,7200,1.36552274541
130467,131478,133839,1011,2361,2,7200,1.42820838628
130592,131518,133839,926,2321,2,7200,1.39896596295
130595,137548,137662,6953,114,1,7200,61.9912280702
130654,131527,133839,873,2312,2,7200,1.37759515571
130738,131566,133839,828,2273,2,7200,1.36427628685
130803,131632,133839,829,2207,2,7200,1.37562301767
130819,131673,133839,854,2166,2,7200,1.39427516159
130835,131682,133839,847,2157,2,7200,1.39267501159
130872,131717,133839,845,2122,2,7200,1.39820923657
130904,131722,133839,818,2117,2,7200,1.38639584317
130919,131754,133839,835,2085,2,7200,1.40047961631
130938,131772,133839,834,2067,2,7200,1.40348330914
130940,131804,133839,864,2035,2,7200,1.42457002457
131216,131855,133840,639,1985,2,7200,1.32191435768
131251,131925,133840,674,1915,2,7200,1.35195822454
131319,132012,133840,693,1828,2,7200,1.37910284464
131466,132107,133840,641,1733,2,7200,1.36987882285
131506,132283,133840,777,1557,2,7200,1.49903660886
131522,132292,133840,770,1548,2,7200,1.49741602067
131544,132373,133840,829,1467,2,7200,1.56509884117
131619,132434,133840,815,1406,2,7200,1.57965860597
131660,132481,133840,821,1359,2,7200,1.60412067697
131675,132581,133840,906,1259,2,7200,1.71961874504
131704,132590,133840,886,1250,2,7200,1.7088
131706,132720,133840,1014,1120,2,7200,1.90535714286
131743,132766,133840,1023,1074,2,7200,1.95251396648
131760,132806,133840,1046,1034,2,7200,2.01160541586
131791,132815,133840,1024,1025,2,7200,1.99902439024
131845,133013,133840,1168,827,2,7200,2.4123337364
131913,133054,133840,1141,786,2,7200,2.45165394402
132002,133101,133840,1099,739,2,7200,2.48714479026
132094,133125,133840,1031,715,2,7200,2.44195804196
132107,139538,139822,7431,284,1,1800,27.1654929577
132272,133143,133840,871,697,2,7200,2.24964131994
132289,133204,133840,915,636,2,7200,2.43867924528
132361,133233,133840,872,607,2,7200,2.43657331137
132425,133315,133840,890,525,2,7200,2.69523809524
132468,133324,133840,856,516,2,7200,2.65891472868
132570,133394,133840,824,446,2,7200,2.84753363229
132587,133415,133840,828,425,2,7200,2.94823529412
132709,133467,133840,758,373,2,7200,3.03217158177
132750,133530,133840,780,310,2,7200,3.51612903226
132798,133756,133841,958,85,2,7200,12.2705882353
132799,133773,133840,974,67,2,7200,15.5373134328
132892,176797,177160,43905,363,64,1800,121.950413223
133001,133818,133840,817,22,2,7200,38.1363636364
133066,137724,154378,4658,16654,1,36000,1.27969256635
133900,133907,137087,7,3180,2,7200,1.00220125786
133902,133914,137452,12,3538,2,7200,1.00339174675
133904,133919,137280,15,3361,2,7200,1.00446295745
133906,133925,137142,19,3217,2,7200,1.00590612372
133908,133934,137312,26,3378,2,7200,1.00769686205
133910,133939,137216,29,3277,2,7200,1.00884955752
133913,133944,137284,31,3340,2,7200,1.00928143713
133915,133949,137332,34,3383,2,7200,1.01005025126
133917,133955,137234,38,3279,2,7200,1.01158889905
133919,133960,137116,41,3156,2,7200,1.01299112801
133922,133965,137245,43,3280,2,7200,1.0131097561
133925,133970,137128,45,3158,2,7200,1.01424952502
133927,133984,137392,57,3408,2,7200,1.01672535211
133929,133989,137198,60,3209,2,7200,1.01869741352
133931,133994,137206,63,3212,2,7200,1.0196139477
133933,134000,137710,67,3710,2,7200,1.01805929919
133935,134005,137528,70,3523,2,7200,1.01986942946
133937,134010,137265,73,3255,2,7200,1.02242703533
133938,134015,137400,77,3385,2,7200,1.02274741507
133940,134021,137311,81,3290,2,7200,1.02462006079
133942,134026,137592,84,3566,2,7200,1.02355580482
133944,134031,137232,87,3201,2,7200,1.02717900656
133948,134036,137419,88,3383,2,7200,1.02601241502
133949,134042,138850,93,4808,2,7200,1.01934276206
133951,134047,137396,96,3349,2,7200,1.02866527322
133953,134052,137529,99,3477,2,7200,1.0284728214
133956,134058,137431,102,3373,2,7200,1.03024014231
133959,134063,137162,104,3099,2,7200,1.03355921265
133961,134068,137582,107,3514,2,7200,1.03044963005
133964,134073,137690,109,3617,2,7200,1.03013547139
133966,134079,137461,113,3382,2,7200,1.03341218214
133968,134084,137348,116,3264,2,7200,1.03553921569
133970,134089,137454,119,3365,2,7200,1.0353640416
133972,134098,137289,126,3191,2,7200,1.03948605453
133974,134104,137287,130,3183,2,7200,1.04084197298
133976,134109,137248,133,3139,2,7200,1.04237018159
133978,134114,137519,136,3405,2,7200,1.03994126285
133980,134119,137337,139,3218,2,7200,1.04319453076
133982,134125,137744,143,3619,2,7200,1.03951367781
133984,134130,137418,146,3288,2,7200,1.04440389294
133986,134135,137329,149,3194,2,7200,1.04664996869
133988,134140,137434,152,3294,2,7200,1.04614450516
133991,134145,137525,154,3380,2,7200,1.04556213018
133993,134151,137596,158,3445,2,7200,1.04586357039
133995,134156,137356,161,3200,2,7200,1.0503125
133997,134161,137544,164,3383,2,7200,1.04847768253
134000,134166,137465,166,3299,2,7200,1.05031827827
134001,134172,137658,171,3486,2,7200,1.04905335628
134004,134177,137466,173,3289,2,7200,1.05259957434
134005,134316,137684,311,3368,2,7200,1.09233966746
134007,134321,137755,314,3434,2,7200,1.09143855562
134009,134326,137601,317,3275,2,7200,1.09679389313
134011,134332,137856,321,3524,2,7200,1.09108967083
134013,134337,137795,324,3458,2,7200,1.09369577791
134015,134342,137995,327,3653,2,7200,1.08951546674
134017,134347,137756,330,3409,2,7200,1.0968025814
134019,134755,138132,736,3377,2,7200,1.21794492153
134021,135181,138652,1160,3471,2,7200,1.33419763757
134023,136915,138850,2892,1935,2,7200,2.49457364341
134025,137101,138851,3076,1750,2,7200,2.75771428571
134027,137130,138851,3103,1721,2,7200,2.80302149913
134029,137141,138851,3112,1710,2,7200,2.81988304094
134032,137155,138851,3123,1696,2,7200,2.84139150943
134034,137176,138851,3142,1675,2,7200,2.87582089552
134036,137211,138851,3175,1640,2,7200,2.93597560976
134038,137221,138851,3183,1630,2,7200,2.9527607362
134040,137230,138852,3190,1622,2,7200,2.96670776819
134042,137245,138851,3203,1606,2,7200,2.99439601494
134044,137253,138851,3209,1598,2,7200,3.00813516896
134046,137261,138851,3215,1590,2,7200,3.02201257862
134048,137267,138851,3219,1584,2,7200,3.0321969697
134050,137279,138851,3229,1572,2,7200,3.05407124682
134052,137294,138851,3242,1557,2,7200,3.08220937701
134054,137303,138851,3249,1548,2,7200,3.0988372093
134056,137309,138851,3253,1542,2,7200,3.10959792477
134299,137606,137614,3307,8,1,900,331.5
134310,139190,140030,4880,840,14,4980,6.80952380952
135294,136418,136823,1124,405,2,10800,3.77530864198
135596,137527,145813,1931,8286,4,36000,1.23304368815
135823,139830,139980,4007,150,1,1800,27.7133333333
135852,136835,136902,983,67,2,10800,15.671641791
136329,137729,138123,1400,394,1,1800,4.55329949239
136604,138881,138954,2277,73,16,1210,32.1917808219
136609,139105,139176,2496,71,16,1210,36.1549295775
136846,137325,143048,479,5723,2,14400,1.08369736152
137341,137349,138851,8,1502,2,7200,1.00532623169
137343,137356,138851,13,1495,2,7200,1.00869565217
137360,137368,138851,8,1483,2,7200,1.00539447067
137361,137377,138851,16,1474,2,7200,1.01085481682
137393,137402,138851,9,1449,2,7200,1.00621118012
137409,137423,138851,14,1428,2,7200,1.00980392157
137410,137428,138851,18,1423,2,7200,1.0126493324
137426,137437,138851,11,1414,2,7200,1.00777934936
137427,137442,138851,15,1409,2,7200,1.01064584812
137443,137453,138851,10,1398,2,7200,1.00715307582
137444,137459,138851,15,1392,2,7200,1.01077586207
137460,137470,138851,10,1381,2,7200,1.00724112962
137462,137476,138851,14,1375,2,7200,1.01018181818
137463,137485,138851,22,1366,2,7200,1.01610541728
137480,137493,138851,13,1358,2,7200,1.00957290133
137481,137498,138851,17,1353,2,7200,1.0125646711
137521,137534,138851,13,1317,2,7200,1.00987091875
137537,137555,138851,18,1296,2,7200,1.01388888889
137538,137561,138851,23,1290,2,7200,1.01782945736
137540,137566,138851,26,1285,2,7200,1.02023346304
137555,137574,138851,19,1277,2,7200,1.01487862177
137583,137590,138851,7,1261,2,7200,1.00555114988
137601,137620,138851,19,1231,2,7200,1.01543460601
137602,137625,138851,23,1226,2,7200,1.01876019576
137603,137630,138851,27,1221,2,7200,1.02211302211
137657,137672,138851,15,1179,2,7200,1.01272264631
137684,137697,138851,13,1154,2,7200,1.01126516464
137697,137706,137910,9,204,1,7200,1.04411764706
137700,137715,138851,15,1136,2,7200,1.01320422535
137716,137758,138851,42,1093,2,7200,1.0384263495
137721,138865,146633,1144,7768,4,36000,1.14727085479
137736,138886,150195,1150,11309,4,36000,1.10168892033
137744,137768,138851,24,1083,2,7200,1.02216066482
137762,137778,138851,16,1073,2,7200,1.01491146319
137763,137809,138851,46,1042,2,7200,1.04414587332
137779,139195,144241,1416,5046,4,36000,1.28061831153
137784,140044,144385,2260,4341,4,36000,1.52061736927
137790,140049,154184,2259,14135,4,36000,1.15981605943
137795,137870,138851,75,981,2,7200,1.07645259939
137855,138009,138851,154,842,2,7200,1.18289786223
137995,138099,138851,104,752,2,7200,1.13829787234
138132,138145,138851,13,706,2,7200,1.01841359773
138509,138666,139176,157,510,2,7200,1.30784313725
138634,140054,140422,1420,368,4,36000,4.85869565217
138767,138871,139087,104,216,2,7200,1.48148148148
138909,138927,142142,18,3215,2,7200,1.00559875583
138910,138932,142284,22,3352,2,7200,1.00656324582
138911,138937,142258,26,3321,2,7200,1.00782896718
138913,138943,142314,30,3371,2,7200,1.00889943637
138914,138948,142072,34,3124,2,7200,1.01088348271
138915,138953,142456,38,3503,2,7200,1.0108478447
138916,138958,142311,42,3353,2,7200,1.01252609603
138918,138967,142292,49,3325,2,7200,1.01473684211
138922,138972,142221,50,3249,2,7200,1.01538935057
138924,138978,142215,54,3237,2,7200,1.01668211307
138925,138983,142281,58,3298,2,7200,1.01758641601
138926,138988,142494,62,3506,2,7200,1.01768397034
138928,138993,142233,65,3240,2,7200,1.0200617284
138929,138999,142414,70,3415,2,7200,1.02049780381
138931,139004,142517,73,3513,2,7200,1.02077996015
138933,139009,142348,76,3339,2,7200,1.02276130578
138934,139014,142328,80,3314,2,7200,1.02414001207
138936,139020,142263,84,3243,2,7200,1.02590194265
138939,139025,142569,86,3544,2,7200,1.02426636569
138940,139030,142387,90,3357,2,7200,1.02680965147
138942,139035,142563,93,3528,2,7200,1.02636054422
138943,139040,142434,97,3394,2,7200,1.02857984679
138945,139046,142509,101,3463,2,7200,1.02916546347
138946,139051,142432,105,3381,2,7200,1.03105590062
138948,139056,142390,108,3334,2,7200,1.0323935213
138949,139061,142448,112,3387,2,7200,1.03306761146
138951,139067,142419,116,3352,2,7200,1.03460620525
138952,139072,142426,120,3354,2,7200,1.03577817531
138954,139077,142432,123,3355,2,7200,1.03666169896
138955,139082,142310,127,3228,2,7200,1.03934324659
138956,139087,142397,131,3310,2,7200,1.03957703927
138958,139093,142411,135,3318,2,7200,1.04068716094
138959,139098,142555,139,3457,2,7200,1.04020827307
138961,139121,142563,160,3442,2,7200,1.04648460198
138962,139126,142425,164,3299,2,7200,1.04971203395
138964,139132,142388,168,3256,2,7200,1.0515970516
138965,139137,142513,172,3376,2,7200,1.0509478673
138967,139142,142493,175,3351,2,7200,1.05222321695
138969,139147,142424,178,3277,2,7200,1.05431797376
138970,139155,142527,185,3372,2,7200,1.05486358244
139063,139116,139288,53,172,2,7200,1.30813953488
139428,140152,148315,724,8163,4,36000,1.08869288252
140021,140029,140306,8,277,1,900,1.02888086643
140397,140435,143304,38,2869,4,3600,1.01324503311
140546,140554,141134,8,580,1,1800,1.01379310345
140845,140852,141446,7,594,1,1800,1.01178451178
140923,141144,141260,221,116,1,3600,2.90517241379
141042,143318,161347,2276,18029,4,18000,1.12624105608
141439,141448,141794,9,346,1,3600,1.02601156069
141733,141742,141890,9,148,1,3600,1.06081081081
142063,142072,142404,9,332,1,3600,1.02710843373
142076,142085,144592,9,2507,2,7200,1.00358994815
142142,142150,144592,8,2442,2,7200,1.00327600328
142216,142223,144592,7,2369,2,7200,1.00295483326
142232,142239,144592,7,2353,2,7200,1.00297492563
142233,142248,144592,15,2344,2,7200,1.00639931741
142238,142253,142882,15,629,1,3600,1.02384737679
142259,142268,144592,9,2324,2,7200,1.00387263339
142275,142282,144592,7,2310,2,7200,1.00303030303
142292,142299,144592,7,2293,2,7200,1.0030527693
142294,142308,144592,14,2284,2,7200,1.0061295972
142295,142313,144592,18,2279,2,7200,1.00789820097
142310,142320,144592,10,2272,2,7200,1.00440140845
142312,142329,144592,17,2263,2,7200,1.00751215201
142328,142337,144592,9,2255,2,7200,1.00399113082
142329,142343,144592,14,2249,2,7200,1.00622498888
142351,142359,144592,8,2233,2,7200,1.00358262427
142390,142397,144592,7,2195,2,7200,1.00318906606
142391,142405,144592,14,2187,2,7200,1.00640146319
142406,142414,144592,8,2178,2,7200,1.00367309458
142408,142421,144592,13,2171,2,7200,1.00598802395
142423,142434,144592,11,2158,2,7200,1.00509731233
142424,142439,144592,15,2153,2,7200,1.00696702276
142426,142448,144592,22,2144,2,7200,1.01026119403
142427,142453,144592,26,2139,2,7200,1.01215521272
142442,142461,144592,19,2131,2,7200,1.00891600188
142444,142466,144592,22,2126,2,7200,1.0103480715
142445,142472,144592,27,2120,2,7200,1.01273584906
142446,142477,144592,31,2115,2,7200,1.0146572104
142448,142482,144592,34,2110,2,7200,1.01611374408
142463,142490,144592,27,2102,2,7200,1.01284490961
142464,142495,144592,31,2097,2,7200,1.01478302337
142493,142502,144592,9,2090,2,7200,1.0043062201
142509,142516,144592,7,2076,2,7200,1.00337186898
142524,142536,144592,12,2056,2,7200,1.00583657588
142525,142541,144592,16,2051,2,7200,1.00780107265
142527,142546,144592,19,2046,2,7200,1.00928641251
142539,143060,144712,521,1652,2,14400,1.31537530266
142542,142555,144592,13,2037,2,7200,1.00638193422
142557,142566,144592,9,2026,2,7200,1.00444225074
142572,142582,144592,10,2010,2,7200,1.00497512438
142573,142587,144592,14,2005,2,7200,1.00698254364
142574,142596,144592,22,1996,2,7200,1.01102204409
142770,142892,142947,122,55,1,1800,3.21818181818
142847,142957,143571,110,614,1,3600,1.17915309446
143034,289490,341157,146456,51667,2,57600,3.83461397023
143187,143581,143642,394,61,1,1800,7.45901639344
143255,143652,143737,397,85,1,1800,5.67058823529
143586,144255,152876,669,8621,2,14400,1.07760120636
143857,144260,187471,403,43211,2,43200,1.00932632894
143994,144001,144088,7,87,1,1800,1.08045977011
144248,144417,148956,169,4539,2,18000,1.03723287068
144248,144605,150613,357,6008,2,18000,1.0594207723
144248,144405,151402,157,6997,2,18000,1.02243818779
144248,144400,144404,152,4,2,18000,15.6
144249,145848,151358,1599,5510,2,18000,1.29019963702
144249,144726,152967,477,8241,2,18000,1.05788132508
144249,144620,152941,371,8321,2,18000,1.04458598726
144249,145843,152966,1594,7123,2,18000,1.22378211428
144250,151414,160624,7164,9210,2,18000,1.77785016287
144250,152979,164651,8729,11672,2,18000,1.747858122
144250,146652,164191,2402,17539,2,18000,1.13695193569
144250,149263,159476,5013,10213,2,18000,1.49084500147
144250,152890,160530,8640,7640,2,18000,2.13089005236
144251,152988,155940,8737,2952,2,18000,3.95968834688
144251,156036,159934,11785,3898,2,18000,4.02334530528
144251,155954,159047,11703,3093,2,18000,4.78370514064
144251,153232,159027,8981,5795,2,18000,2.54978429681
144251,154155,160089,9904,5934,2,18000,2.66902595214
144252,159061,167248,14809,8187,2,18000,2.80884328814
144252,159489,168652,15237,9163,2,18000,2.66288333515
144252,159042,165020,14790,5978,2,18000,3.47407159585
144252,159948,165390,15696,5442,2,18000,3.8842337376
144252,160105,165518,15853,5413,2,18000,3.92869019028
144253,160675,161901,16422,1226,2,18000,14.3947797716
144253,160641,162262,16388,1621,2,18000,11.10980876
144253,160545,166045,16292,5500,2,18000,3.96218181818
144253,160824,161599,16571,775,2,18000,22.3819354839
144253,160681,173352,16428,12671,2,18000,2.29650382764
144254,161316,163860,17062,2544,2,18000,7.70676100629
144597,144610,144905,13,295,1,1800,1.04406779661
144724,144735,147623,11,2888,2,7200,1.00380886427
144726,144740,147729,14,2989,2,7200,1.00468384075
144727,144749,147818,22,3069,2,7200,1.00716845878
144728,144754,147680,26,2926,2,7200,1.00888585099
144730,144759,147665,29,2906,2,7200,1.00997935306
144731,144764,147780,33,3016,2,7200,1.01094164456
144732,144770,148218,38,3448,2,7200,1.01102088167
144734,144775,147752,41,2977,2,7200,1.01377225395
144735,144780,148256,45,3476,2,7200,1.01294591484
144737,144785,147727,48,2942,2,7200,1.01631543168
144738,144790,147944,52,3154,2,7200,1.01648700063
144740,144796,147947,56,3151,2,7200,1.01777213583
144741,144803,148031,62,3228,2,7200,1.01920693928
144743,144808,147960,65,3152,2,7200,1.02062182741
144744,144814,147983,70,3169,2,7200,1.02208898706
144746,144819,148023,73,3204,2,7200,1.02278401998
144747,144824,148048,77,3224,2,7200,1.02388337469
144749,144829,147668,80,2839,2,7200,1.02817893625
144750,144835,147916,85,3081,2,7200,1.02758844531
144752,144840,147806,88,2966,2,7200,1.02966958867
144753,144845,147814,92,2969,2,7200,1.03098686426
144754,144850,148029,96,3179,2,7200,1.03019817553
144756,144855,147889,99,3034,2,7200,1.03263019117
144757,144861,147819,104,2958,2,7200,1.03515889114
144759,144866,147808,107,2942,2,7200,1.03636981645
144760,144871,147868,111,2997,2,7200,1.03703703704
144762,144876,148122,114,3246,2,7200,1.03512014787
144763,144882,147933,119,3051,2,7200,1.03900360538
144765,144887,148265,122,3378,2,7200,1.036116045
144766,144892,147868,126,2976,2,7200,1.04233870968
144768,144897,147575,129,2678,2,7200,1.04817027633
144769,144903,147947,134,3044,2,7200,1.04402102497
145005,145015,145317,10,302,1,1800,1.03311258278
145272,145826,145829,554,3,4,3600,55.7
145385,288294,345935,142909,57641,4,57600,3.47929425236
145563,288299,345936,142736,57637,4,57600,3.47646477089
146498,146507,149278,9,2771,2,7200,1.00324792494
146499,146516,149774,17,3258,2,7200,1.00521792511
146501,146521,149624,20,3103,2,7200,1.00644537544
146502,146526,149885,24,3359,2,7200,1.00714498363
146503,146532,149321,29,2789,2,7200,1.01039799211
146504,146537,149447,33,2910,2,7200,1.01134020619
146506,146542,149463,36,2921,2,7200,1.01232454639
146507,146547,149755,40,3208,2,7200,1.01246882793
146584,146647,147664,63,1017,3,14400,1.06194690265
147003,169914,169979,22911,65,16,1210,353.476923077
147004,169993,170060,22989,67,16,1210,344.119402985
147005,170079,170150,23074,71,16,1210,325.985915493
147006,170164,170230,23158,66,16,1210,351.878787879
147053,148329,149457,1276,1128,4,3600,2.13120567376
147540,161367,161546,13827,179,2,18000,78.2458100559
147576,147589,150699,13,3110,2,7200,1.00418006431
147627,147640,150372,13,2732,2,7200,1.00475841874
147650,288305,345925,140655,57620,4,57600,3.44107948629
147667,147680,150615,13,2935,2,7200,1.00442930153
147669,147688,150904,19,3216,2,7200,1.0059079602
147684,147697,150694,13,2997,2,7200,1.004337671
147731,147744,151043,13,3299,2,7200,1.00394058806
147732,147749,150896,17,3147,2,7200,1.00540197013
147754,147766,150610,12,2844,2,7200,1.00421940928
147782,147794,150787,12,2993,2,7200,1.00400935516
147807,147818,150800,11,2982,2,7200,1.00368879946
147809,147827,150841,18,3014,2,7200,1.00597213006
147825,147836,150718,11,2882,2,7200,1.00381679389
147826,147841,150961,15,3120,2,7200,1.00480769231
147827,147847,150792,20,2945,2,7200,1.00679117148
147843,148579,162997,736,14418,3,14400,1.05104730198
147871,147881,150973,10,3092,2,7200,1.00323415265
147872,147886,150790,14,2904,2,7200,1.00482093664
147891,147903,151235,12,3332,2,7200,1.00360144058
147919,147931,150912,12,2981,2,7200,1.0040254948
147934,147948,151034,14,3086,2,7200,1.00453661698
147951,147962,151424,11,3462,2,7200,1.00317735413
147953,147968,151131,15,3163,2,7200,1.00474233323
147956,147976,151144,20,3168,2,7200,1.00631313131
147971,147983,151184,12,3201,2,7200,1.00374882849
147987,147999,151352,12,3353,2,7200,1.00357888458
148024,148037,151248,13,3211,2,7200,1.004048583
148040,148049,151125,9,3076,2,7200,1.00292587776
148042,148058,151317,16,3259,2,7200,1.00490948144
148050,154197,156899,6147,2702,4,36000,3.27498149519
148057,148066,151169,9,3103,2,7200,1.00290041895
148059,156913,160640,8854,3727,4,36000,3.37563724175
148125,148138,151386,13,3248,2,7200,1.00400246305
148218,148231,151279,13,3048,2,7200,1.00426509186
148236,148970,163395,734,14425,2,14400,1.05088388215
148259,148270,151328,11,3058,2,7200,1.0035971223
148275,148282,151423,7,3141,2,7200,1.00222858962
148608,149471,167483,863,18012,4,18000,1.04791250278
148676,150210,168251,1534,18041,4,18000,1.08502854609
149280,149292,152274,12,2982,2,7200,1.00402414487
149324,149337,152659,13,3322,2,7200,1.00391330524
149449,149461,152801,12,3340,2,7200,1.00359281437
149465,149480,152340,15,2860,2,7200,1.00524475524
149500,160654,160663,11154,9,4,36000,1116.3
149626,149639,152944,13,3305,2,7200,1.00393343419
149757,149769,152854,12,3085,2,7200,1.0038897893
149776,149789,153049,13,3260,2,7200,1.00398773006
149886,149900,153002,14,3102,2,7200,1.00451321728
150028,151372,153218,1344,1846,2,1800,1.72806067172
150375,150387,153607,12,3220,2,7200,1.00372670807
150459,150633,150805,174,172,2,7200,2.01162790698
150611,150624,153891,13,3267,2,7200,1.0039791858
150628,150641,153895,13,3254,2,7200,1.00399508297
150636,290314,302036,139678,11722,1,72000,12.9158846613
150698,150709,154092,11,3383,2,7200,1.00325155188
150714,150721,153872,7,3151,2,7200,1.00222151698
150729,150736,153794,7,3058,2,7200,1.00228907783
150789,150802,154016,13,3214,2,7200,1.00404480398
150790,150810,153957,20,3147,2,7200,1.00635525898
150807,150819,154135,12,3316,2,7200,1.00361881785
150809,150824,154057,15,3233,2,7200,1.00463965357
150843,150852,153755,9,2903,2,7200,1.00310024113
150899,150908,154338,9,3430,2,7200,1.00262390671
150915,150922,153966,7,3044,2,7200,1.00229960578
150916,150931,154363,15,3432,2,7200,1.00437062937
150963,150972,153953,9,2981,2,7200,1.0030191211
150978,150986,154256,8,3270,2,7200,1.00244648318
151034,151044,154245,10,3201,2,7200,1.00312402374
151050,151060,154040,10,2980,2,7200,1.0033557047
151127,151134,154456,7,3322,2,7200,1.00210716436
151143,151151,154333,8,3182,2,7200,1.00251414205
151159,151168,154216,9,3048,2,7200,1.00295275591
151174,151182,154324,8,3142,2,7200,1.00254614895
151190,151198,154461,8,3263,2,7200,1.00245173154
151237,151244,154521,7,3277,2,7200,1.00213610009
151253,151260,154495,7,3235,2,7200,1.00216383308
151283,151292,154540,9,3248,2,7200,1.00277093596
151320,151328,154645,8,3317,2,7200,1.00241181791
151336,151344,154671,8,3327,2,7200,1.00240456868
151355,151363,154441,8,3078,2,7200,1.00259909032
151389,151398,154662,9,3264,2,7200,1.00275735294
151423,151431,154625,8,3194,2,7200,1.00250469631
151424,151439,154892,15,3453,2,7200,1.00434404865
152277,152285,155307,8,3022,2,7200,1.00264725347
152342,152351,155432,9,3081,2,7200,1.0029211295
152663,152672,155535,9,2863,2,7200,1.00314355571
152804,152812,156144,8,3332,2,7200,1.00240096038
152854,152863,156060,9,3197,2,7200,1.00281513919
152946,152953,156017,7,3064,2,7200,1.0022845953
153003,153011,156373,8,3362,2,7200,1.00237953599
153050,153059,156168,9,3109,2,7200,1.00289482149
153609,153618,157036,9,3418,2,7200,1.00263311878
153755,153762,156784,7,3022,2,7200,1.00231634679
153796,153805,156994,9,3189,2,7200,1.00282220132
153876,153885,156987,9,3102,2,7200,1.00290135397
153895,153904,157009,9,3105,2,7200,1.00289855072
153911,153920,156999,9,3079,2,7200,1.00292302696
153954,153962,157185,8,3223,2,7200,1.00248215948
153970,153977,157182,7,3205,2,7200,1.00218408736
153972,153986,157060,14,3074,2,7200,1.00455432661
154018,154027,157375,9,3348,2,7200,1.00268817204
154040,154049,157462,9,3413,2,7200,1.00263697627
154059,154068,157218,9,3150,2,7200,1.00285714286
154093,154100,157475,7,3375,2,7200,1.00207407407
154136,154146,157474,10,3328,2,7200,1.00300480769
154220,154227,157152,7,2925,2,7200,1.00239316239
154248,154255,157587,7,3332,2,7200,1.00210084034
154263,154274,157371,11,3097,2,7200,1.00355182435
154325,154332,157637,7,3305,2,7200,1.00211800303
154341,154351,157511,10,3160,2,7200,1.00316455696
154343,154360,157474,17,3114,2,7200,1.00545921644
154365,154372,157595,7,3223,2,7200,1.00217188954
154442,154449,157756,7,3307,2,7200,1.0021167221
154458,154465,157617,7,3152,2,7200,1.00222081218
154460,154474,157678,14,3204,2,7200,1.00436953808
154497,154506,157921,9,3415,2,7200,1.00263543192
154522,154529,157860,7,3331,2,7200,1.00210147103
154544,154552,157864,8,3312,2,7200,1.00241545894
154627,154634,157870,7,3236,2,7200,1.0021631644
154645,154654,157650,9,2996,2,7200,1.00300400534
154664,154671,158105,7,3434,2,7200,1.00203843914
154680,154687,157963,7,3276,2,7200,1.00213675214
154893,154900,158269,7,3369,2,7200,1.00207776788
155309,155318,158443,9,3125,2,7200,1.00288
155430,155439,158907,9,3468,2,7200,1.00259515571
155536,155545,158481,9,2936,2,7200,1.0030653951
156019,156028,159285,9,3257,2,7200,1.00276327909
156061,156069,159180,8,3111,2,7200,1.00257152041
156146,156154,159288,8,3134,2,7200,1.00255264837
156170,156179,159549,9,3370,2,7200,1.00267062315
156372,156381,159497,9,3116,2,7200,1.00288831836
156783,156791,160088,8,3297,2,7200,1.00242644829
156989,156998,160103,9,3105,2,7200,1.00289855072
157004,157013,160022,9,3009,2,7200,1.00299102692
157006,157022,160044,16,3022,2,7200,1.00529450695
157021,157031,160149,10,3118,2,7200,1.00320718409
157039,157047,160221,8,3174,2,7200,1.00252047889
157060,157067,160355,7,3288,2,7200,1.00212895377
157153,157161,160479,8,3318,2,7200,1.00241109102
157177,157185,160507,8,3322,2,7200,1.00240818784
157192,157203,160474,11,3271,2,7200,1.00336288597
157219,157226,160263,7,3037,2,7200,1.00230490616
157373,157382,160560,9,3178,2,7200,1.00283196979
157388,157395,160760,7,3365,2,7200,1.00208023774
157464,157473,160673,9,3200,2,7200,1.0028125
157480,157491,160624,11,3133,2,7200,1.00351101181
157481,157496,160770,15,3274,2,7200,1.00458155162
157482,157501,160699,19,3198,2,7200,1.00594121326
157512,157520,160921,8,3401,2,7200,1.00235224934
157588,157597,160878,9,3281,2,7200,1.00274306614
157603,157612,160691,9,3079,2,7200,1.00292302696
157618,157625,161083,7,3458,2,7200,1.0020242915
157639,157646,160970,7,3324,2,7200,1.00210589651
157654,157663,160814,9,3151,2,7200,1.00285623612
157678,157686,160937,8,3251,2,7200,1.0024607813
157757,157764,160589,7,2825,2,7200,1.00247787611
157860,157867,160809,7,2942,2,7200,1.00237933379
157875,157882,160980,7,3098,2,7200,1.00225952227
157876,157890,161212,14,3322,2,7200,1.00421432872
157921,157928,161186,7,3258,2,7200,1.0021485574
157964,157971,161194,7,3223,2,7200,1.00217188954
158106,158115,161128,9,3013,2,7200,1.00298705609
158269,158276,161366,7,3090,2,7200,1.00226537217
158445,158452,161542,7,3090,2,7200,1.00226537217
158484,158492,161946,8,3454,2,7200,1.00231615518
158910,158919,162418,9,3499,2,7200,1.00257216348
159182,159189,162197,7,3008,2,7200,1.00232712766
159287,159297,162578,10,3281,2,7200,1.00304785126
159289,159305,162481,16,3176,2,7200,1.00503778338
159498,159507,162724,9,3217,2,7200,1.00279763755
159549,159556,162552,7,2996,2,7200,1.0023364486
159608,161362,161364,1754,2,2,3540,175.6
160023,160033,163167,10,3134,2,7200,1.00319081047
160044,160053,163415,9,3362,2,7200,1.00267697799
160090,160097,163360,7,3263,2,7200,1.00214526509
160105,160112,163200,7,3088,2,7200,1.00226683938
160151,160160,163366,9,3206,2,7200,1.00280723643
160220,160230,163625,10,3395,2,7200,1.0029455081
160262,160271,163334,9,3063,2,7200,1.00293829579
160356,160363,163453,7,3090,2,7200,1.00226537217
160477,160485,163819,8,3334,2,7200,1.0023995201
160491,160498,163835,7,3337,2,7200,1.00209769254
160509,160518,163809,9,3291,2,7200,1.00273473108
160560,160567,163763,7,3196,2,7200,1.0021902378
160590,160599,164053,9,3454,2,7200,1.00260567458
160624,160633,163974,9,3341,2,7200,1.00269380425
160673,160690,163899,17,3209,2,7200,1.0052976005
160694,160703,163842,9,3139,2,7200,1.00286715514
160709,160720,163902,11,3182,2,7200,1.00345694532
160763,160770,164027,7,3257,2,7200,1.00214921707
160778,160786,164252,8,3466,2,7200,1.00230813618
160808,160815,163954,7,3139,2,7200,1.00223000956
160823,160833,164142,10,3309,2,7200,1.00302206105
160880,160887,164129,7,3242,2,7200,1.00215916101
160922,160931,164117,9,3186,2,7200,1.00282485876
160937,160946,164047,9,3101,2,7200,1.00290228958
160970,160978,164353,8,3375,2,7200,1.00237037037
160985,160993,164121,8,3128,2,7200,1.00255754476
161086,161095,164505,9,3410,2,7200,1.00263929619
161131,161138,164292,7,3154,2,7200,1.00221940393
161188,161197,164567,9,3370,2,7200,1.00267062315
161203,161214,164820,11,3606,2,7200,1.00305047144
161218,161230,164627,12,3397,2,7200,1.0035325287
161369,161377,164986,8,3609,2,7200,1.00221668052
161544,161552,164614,8,3062,2,7200,1.00261267146
161946,161953,165349,7,3396,2,7200,1.00206124853
162197,162206,165469,9,3263,2,7200,1.00275819798
162420,162430,165800,10,3370,2,7200,1.00296735905
162481,162489,165810,8,3321,2,7200,1.00240891298
162553,162560,165633,7,3073,2,7200,1.00227790433
162580,162587,165989,7,3402,2,7200,1.00205761317
162725,162734,165683,9,2949,2,7200,1.00305188199
163166,163175,166239,9,3064,2,7200,1.00293733681
163202,163210,166314,8,3104,2,7200,1.00257731959
163336,163344,166687,8,3343,2,7200,1.00239306013
163360,163367,166720,7,3353,2,7200,1.00208768267
163374,163383,166501,9,3118,2,7200,1.00288646568
163416,163424,166583,8,3159,2,7200,1.00253244698
163456,163463,166774,7,3311,2,7200,1.0021141649
163626,163633,167085,7,3452,2,7200,1.00202780997
163779,163786,167233,7,3447,2,7200,1.00203075138
163821,163828,167016,7,3188,2,7200,1.002195734
163822,163836,167120,14,3284,2,7200,1.00426309379
163837,163846,167084,9,3238,2,7200,1.00277949351
163852,163863,167091,11,3228,2,7200,1.00340768278
163901,163910,167530,9,3620,2,7200,1.00248618785
163916,163923,167173,7,3250,2,7200,1.00215384615
163955,163962,167244,7,3282,2,7200,1.00213284583
163959,164666,170181,707,5515,4,36000,1.12819582956
163974,163983,167177,9,3194,2,7200,1.00281778334
164028,164035,167268,7,3233,2,7200,1.00216517167
164049,164056,167240,7,3184,2,7200,1.00219849246
164064,164071,167315,7,3244,2,7200,1.00215782984
164118,164126,167314,8,3188,2,7200,1.00250941029
164133,164140,167532,7,3392,2,7200,1.00206367925
164134,164150,167649,16,3499,2,7200,1.00457273507
164149,164157,167462,8,3305,2,7200,1.00242057489
164255,164264,167634,9,3370,2,7200,1.00267062315
164295,164304,167365,9,3061,2,7200,1.00294021562
164355,164364,167671,9,3307,2,7200,1.00272149985
164540,164547,167774,7,3227,2,7200,1.0021691974
164601,164608,167619,7,3011,2,7200,1.00232480903
164685,164692,168242,7,3550,2,7200,1.00197183099
164687,164699,168098,12,3399,2,7200,1.00353045013
164837,165363,171685,526,6322,4,36000,1.08320151851
164978,164985,168138,7,3153,2,7200,1.00222010783
165024,165033,168313,9,3280,2,7200,1.00274390244
165182,165483,172172,301,6689,4,36000,1.0449992525
165476,165492,168886,16,3394,2,7200,1.00471420153
165552,165560,165777,8,217,2,18000,1.03686635945
165588,165597,168730,9,3133,2,7200,1.00287264603
165632,165641,168852,9,3211,2,7200,1.00280286515
165686,165693,169738,7,4045,2,7200,1.00173053152
165801,165808,169148,7,3340,2,7200,1.00209580838
165851,165858,169248,7,3390,2,7200,1.00206489676
166002,166011,169423,9,3412,2,7200,1.00263774912
166240,166249,169592,9,3343,2,7200,1.00269219264
166312,166322,169748,10,3426,2,7200,1.00291885581
166502,166509,169816,7,3307,2,7200,1.0021167221
166584,166591,170171,7,3580,2,7200,1.00195530726
166689,166698,170084,9,3386,2,7200,1.00265800354
166722,166731,170060,9,3329,2,7200,1.00270351457
166776,166783,170241,7,3458,2,7200,1.0020242915
167136,167145,170567,9,3422,2,7200,1.00263004091
167233,167240,170594,7,3354,2,7200,1.00208706023
167235,167247,170511,12,3264,2,7200,1.00367647059
167236,167253,170621,17,3368,2,7200,1.00504750594
167237,167258,170662,21,3404,2,7200,1.00616921269
167239,167263,170772,24,3509,2,7200,1.00683955543
167240,167268,170324,28,3056,2,7200,1.00916230366
167241,167277,170615,36,3338,2,7200,1.01078490114
167257,167282,170610,25,3328,2,7200,1.00751201923
167258,167288,170399,30,3111,2,7200,1.00964320154
167273,167295,170753,22,3458,2,7200,1.00636205899
167315,167323,170636,8,3313,2,7200,1.00241472985
167317,167329,170483,12,3154,2,7200,1.00380469245
167366,167373,170414,7,3041,2,7200,1.00230187438
167467,167475,171131,8,3656,2,7200,1.00218818381
167561,167568,170687,7,3119,2,7200,1.00224430907
167563,167577,170867,14,3290,2,7200,1.00425531915
167634,167642,171176,8,3534,2,7200,1.00226372383
167658,167665,170981,7,3316,2,7200,1.00211097708
167660,167673,171020,13,3347,2,7200,1.00388407529
167678,167686,171065,8,3379,2,7200,1.00236756437
167781,167791,171019,10,3228,2,7200,1.00309789343
168129,168138,171211,9,3073,2,7200,1.00292873414
168151,168159,171649,8,3490,2,7200,1.00229226361
168261,168271,171644,10,3373,2,7200,1.00296471983
168336,168343,171584,7,3241,2,7200,1.00215982721
168730,168738,172087,8,3349,2,7200,1.00238877277
168854,168863,172088,9,3225,2,7200,1.00279069767
168887,168895,172261,8,3366,2,7200,1.00237670826
169149,169161,172647,12,3486,2,7200,1.00344234079
169249,169258,172532,9,3274,2,7200,1.00274893097
169425,169432,172578,7,3146,2,7200,1.00222504768
169594,169601,172800,7,3199,2,7200,1.00218818381
169738,169746,173067,8,3321,2,7200,1.00240891298
169753,169762,172989,9,3227,2,7200,1.00278896808
169817,169826,172826,9,3000,2,7200,1.003
170061,170070,173289,9,3219,2,7200,1.00279589935
170085,170094,173324,9,3230,2,7200,1.00278637771
170172,170179,173626,7,3447,2,7200,1.00203075138
170241,170249,173465,8,3216,2,7200,1.00248756219
170326,170335,173663,9,3328,2,7200,1.00270432692
170398,170405,173607,7,3202,2,7200,1.00218613367
170416,170425,173364,9,2939,2,7200,1.00306226608
170482,170492,173513,10,3021,2,7200,1.0033101622
170513,170522,173697,9,3175,2,7200,1.00283464567
170568,170575,173766,7,3191,2,7200,1.0021936697
170595,170604,173804,9,3200,2,7200,1.0028125
170610,170617,174066,7,3449,2,7200,1.00202957379
170625,170634,173791,9,3157,2,7200,1.00285080773
170627,170643,173733,16,3090,2,7200,1.00517799353
170642,170651,173749,9,3098,2,7200,1.00290510006
170650,170659,176783,9,6124,4,18000,1.00146962769
170663,170671,173859,8,3188,2,7200,1.00250941029
170679,170704,175081,25,4377,4,18000,1.00571167466
170687,170694,173913,7,3219,2,7200,1.00217458838
170730,171085,173440,355,2355,4,18000,1.15074309979
170753,170760,173788,7,3028,2,7200,1.00231175694
170774,170781,174047,7,3266,2,7200,1.00214329455
170874,170886,174042,12,3156,2,7200,1.00380228137
171022,171030,174127,8,3097,2,7200,1.00258314498
171023,171039,174064,16,3025,2,7200,1.0052892562
171024,171044,174324,20,3280,2,7200,1.00609756098
171067,171076,174188,9,3112,2,7200,1.00289203085
171131,171139,174281,8,3142,2,7200,1.00254614895
171183,171192,174262,9,3070,2,7200,1.00293159609
171211,171218,174547,7,3329,2,7200,1.00210273355
171586,171595,174665,9,3070,2,7200,1.00293159609
171644,171651,175092,7,3441,2,7200,1.00203429236
171670,171677,174898,7,3221,2,7200,1.00217323812
172093,172105,175241,12,3136,2,7200,1.00382653061
172094,172111,175196,17,3085,2,7200,1.00551053485
172288,172299,175322,11,3023,2,7200,1.00363876943
172546,172556,175735,10,3179,2,7200,1.00314564328
172605,172613,175804,8,3191,2,7200,1.00250705108
172661,172669,175995,8,3326,2,7200,1.00240529164
172800,172807,176021,7,3214,2,7200,1.00217797138
172827,172835,176078,8,3243,2,7200,1.00246685168
172990,172999,176286,9,3287,2,7200,1.00273805902
173066,173076,176201,10,3125,2,7200,1.0032
173290,173299,176541,9,3242,2,7200,1.00277606416
173323,173330,176575,7,3245,2,7200,1.00215716487
173365,173375,176351,10,2976,2,7200,1.00336021505
173465,173472,177099,7,3627,2,7200,1.00192996967
173513,173520,176689,7,3169,2,7200,1.00220889871
173610,173617,176933,7,3316,2,7200,1.00211097708
173624,173632,177008,8,3376,2,7200,1.00236966825
173664,173671,176848,7,3177,2,7200,1.00220333648
173697,173705,176762,8,3057,2,7200,1.00261694472
173733,173741,177003,8,3262,2,7200,1.00245248314
173751,173758,176795,7,3037,2,7200,1.00230490616
173769,173778,176979,9,3201,2,7200,1.00281162137
173790,173798,177095,8,3297,2,7200,1.00242644829
173791,173806,177045,15,3239,2,7200,1.00463105897
173806,173815,177097,9,3282,2,7200,1.00274223035
173861,173868,177202,7,3334,2,7200,1.00209958008
173915,173924,177172,9,3248,2,7200,1.00277093596
174042,174049,177362,7,3313,2,7200,1.00211288862
174057,174064,177327,7,3263,2,7200,1.00214526509
174072,174081,177458,9,3377,2,7200,1.00266508736
174073,174087,177664,14,3577,2,7200,1.00391389432
174127,174134,177506,7,3372,2,7200,1.00207591934
174188,174195,177367,7,3172,2,7200,1.00220680958
174263,174270,177371,7,3101,2,7200,1.00225733634
174281,174290,177490,9,3200,2,7200,1.0028125
174326,174335,177251,9,2916,2,7200,1.00308641975
174547,174556,177986,9,3430,2,7200,1.00262390671
174665,174674,178071,9,3397,2,7200,1.00264939653
174901,174908,177811,7,2903,2,7200,1.00241129866
175093,175103,178445,10,3342,2,7200,1.00299222023
175196,175203,178403,7,3200,2,7200,1.0021875
175241,175250,178470,9,3220,2,7200,1.00279503106
175322,175330,178283,8,2953,2,7200,1.00270910938
175735,175745,179151,10,3406,2,7200,1.0029359953
175803,175810,178852,7,3042,2,7200,1.00230111769
175996,176003,179270,7,3267,2,7200,1.00214263851
176020,176027,179120,7,3093,2,7200,1.00226317491
176077,176086,179459,9,3373,2,7200,1.00266824785
176201,176208,179433,7,3225,2,7200,1.00217054264
176286,176293,179318,7,3025,2,7200,1.00231404959
176349,176356,179632,7,3276,2,7200,1.00213675214
176543,176551,179871,8,3320,2,7200,1.00240963855
176573,176580,179771,7,3191,2,7200,1.0021936697
176690,176697,179930,7,3233,2,7200,1.00216517167
176762,176770,179707,8,2937,2,7200,1.00272386789
176799,176806,180129,7,3323,2,7200,1.00210653024
176972,176979,180115,7,3136,2,7200,1.00223214286
176973,176987,180221,14,3234,2,7200,1.00432900433
177086,177094,180197,8,3103,2,7200,1.00257815018
177087,177104,180405,17,3301,2,7200,1.00514995456
177089,177109,180639,20,3530,2,7200,1.00566572238
177090,177114,180383,24,3269,2,7200,1.00734169471
177110,177123,180285,13,3162,2,7200,1.00411132195
177111,177128,180309,17,3181,2,7200,1.00534423137
177112,177133,180195,21,3062,2,7200,1.00685826257
177173,177180,180165,7,2985,2,7200,1.00234505863
177203,177210,180507,7,3297,2,7200,1.00212314225
177251,177260,180457,9,3197,2,7200,1.00281513919
177326,177334,180922,8,3588,2,7200,1.0022296544
177363,177371,180604,8,3233,2,7200,1.00247448191
177364,177380,180459,16,3079,2,7200,1.00519649237
177365,177385,180652,20,3267,2,7200,1.0061218243
177459,177468,180483,9,3015,2,7200,1.00298507463
177489,177496,180735,7,3239,2,7200,1.00216116085
177507,177514,180797,7,3283,2,7200,1.00213219616
177664,177673,180924,9,3251,2,7200,1.00276837896
177812,177819,180882,7,3063,2,7200,1.00228534117
177984,177991,181224,7,3233,2,7200,1.00216517167
178071,178078,181218,7,3140,2,7200,1.00222929936
178282,178290,181713,8,3423,2,7200,1.00233713117
178403,178412,181745,9,3333,2,7200,1.00270027003
178446,178453,181935,7,3482,2,7200,1.00201033889
178470,178478,181748,8,3270,2,7200,1.00244648318
178853,178860,181889,7,3029,2,7200,1.00231099373
179119,179127,182349,8,3222,2,7200,1.00248292986
179152,179160,182380,8,3220,2,7200,1.00248447205
179271,179278,182484,7,3206,2,7200,1.00218340611
179319,179326,182468,7,3142,2,7200,1.00222788033
179434,179442,182771,8,3329,2,7200,1.00240312406
179458,179465,182585,7,3120,2,7200,1.00224358974
179632,179641,182868,9,3227,2,7200,1.00278896808
179708,179715,183056,7,3341,2,7200,1.00209518108
179771,179778,182798,7,3020,2,7200,1.00231788079
179871,179878,183041,7,3163,2,7200,1.00221308884
179931,179938,183105,7,3167,2,7200,1.00221029365
180115,180123,183213,8,3090,2,7200,1.00258899676
180130,180137,183661,7,3524,2,7200,1.00198637911
180163,180171,183417,8,3246,2,7200,1.00246457178
180197,180204,183448,7,3244,2,7200,1.00215782984
180198,180214,183379,16,3165,2,7200,1.00505529226
180219,180227,183317,8,3090,2,7200,1.00258899676
180285,180293,183370,8,3077,2,7200,1.002599935
180309,180316,183679,7,3363,2,7200,1.00208147487
180384,180393,183757,9,3364,2,7200,1.00267538644
180405,180413,183459,8,3046,2,7200,1.00262639527
180457,180465,183736,8,3271,2,7200,1.00244573525
180471,180479,183688,8,3209,2,7200,1.00249298847
180486,180494,183844,8,3350,2,7200,1.0023880597
180507,180514,183904,7,3390,2,7200,1.00206489676
180606,180616,183751,10,3135,2,7200,1.00318979266
180640,180648,183723,8,3075,2,7200,1.00260162602
180655,180662,183672,7,3010,2,7200,1.0023255814
180736,180743,184151,7,3408,2,7200,1.00205399061
180796,180804,183699,8,2895,2,7200,1.00276338515
180881,180888,184015,7,3127,2,7200,1.00223856732
180923,180930,184205,7,3275,2,7200,1.00213740458
180924,180939,184241,15,3302,2,7200,1.00454270139
181155,181162,181164,7,2,2,3540,1.0
181218,181225,184421,7,3196,2,7200,1.0021902378
181233,181241,184400,8,3159,2,7200,1.00253244698
181713,181720,184744,7,3024,2,7200,1.00231481481
181746,181753,184658,7,2905,2,7200,1.00240963855
181761,181769,184747,8,2978,2,7200,1.00268636669
181889,181896,185252,7,3356,2,7200,1.00208581645
181937,181945,184990,8,3045,2,7200,1.0026272578
182102,182110,182282,8,172,1,3600,1.04651162791
182348,182355,185446,7,3091,2,7200,1.00226463928
182378,182387,185527,9,3140,2,7200,1.00286624204
182455,182462,182810,7,348,1,3600,1.02011494253
182469,182477,185670,8,3193,2,7200,1.00250548074
182484,182491,185795,7,3304,2,7200,1.00211864407
182586,182593,185660,7,3067,2,7200,1.00228236061
182774,182781,185845,7,3064,2,7200,1.0022845953
182798,182807,186099,9,3292,2,7200,1.00273390036
182870,182878,185956,8,3078,2,7200,1.00259909032
183043,183052,186389,9,3337,2,7200,1.00269703326
183058,183065,186001,7,2936,2,7200,1.00238419619
183106,183113,186214,7,3101,2,7200,1.00225733634
183176,183184,183965,8,781,1,3600,1.01024327785
183215,183223,186639,8,3416,2,7200,1.00234192037
183317,183326,186419,9,3093,2,7200,1.00290979631
183372,183379,186678,7,3299,2,7200,1.00212185511
183387,183395,186468,8,3073,2,7200,1.00260331923
183416,183425,186689,9,3264,2,7200,1.00275735294
183450,183459,186633,9,3174,2,7200,1.00283553875
183465,183472,186647,7,3175,2,7200,1.00220472441
183661,183670,186938,9,3268,2,7200,1.00275397797
183676,183683,186846,7,3163,2,7200,1.00221308884
183691,183699,186825,8,3126,2,7200,1.00255918106
183693,183707,186697,14,2990,2,7200,1.00468227425
183708,183715,186787,7,3072,2,7200,1.00227864583
183723,183730,187059,7,3329,2,7200,1.00210273355
183738,183746,187206,8,3460,2,7200,1.00231213873
183753,183762,186851,9,3089,2,7200,1.00291356426
183768,183776,186932,8,3156,2,7200,1.00253485425
183844,183852,187079,8,3227,2,7200,1.00247908274
183904,183912,187337,8,3425,2,7200,1.00233576642
184016,184023,187127,7,3104,2,7200,1.00225515464
184151,184159,187314,8,3155,2,7200,1.00253565769
184206,184213,187404,7,3191,2,7200,1.0021936697
184242,184250,187521,8,3271,2,7200,1.00244573525
184402,184410,187710,8,3300,2,7200,1.00242424242
184420,184427,187753,7,3326,2,7200,1.00210463019
184659,184666,187668,7,3002,2,7200,1.00233177881
184744,184751,187794,7,3043,2,7200,1.00230036149
184759,184767,187840,8,3073,2,7200,1.00260331923
184989,184997,188012,8,3015,2,7200,1.00265339967
185182,185190,185305,8,115,1,3600,1.06956521739
185253,185260,188476,7,3216,2,7200,1.00217661692
185446,185454,188762,8,3308,2,7200,1.00241837969
185474,185481,185802,7,321,1,3600,1.02180685358
185528,185537,189018,9,3481,2,7200,1.00258546395
185641,185650,185818,9,168,1,3600,1.05357142857
185662,185670,188964,8,3294,2,7200,1.00242865817
185676,185685,188883,9,3198,2,7200,1.00281425891
185797,185805,188911,8,3106,2,7200,1.00257566001
185845,185852,188864,7,3012,2,7200,1.00232403718
185957,185965,188985,8,3020,2,7200,1.00264900662
185986,185993,186336,7,343,1,3600,1.02040816327
186002,186010,189061,8,3051,2,7200,1.00262209112
186096,186104,189288,8,3184,2,7200,1.00251256281
186215,186222,189627,7,3405,2,7200,1.00205580029
186279,186287,186905,8,618,1,3600,1.01294498382
186391,186398,189550,7,3152,2,7200,1.00222081218
186421,186428,189829,7,3401,2,7200,1.00205821817
186469,186476,189568,7,3092,2,7200,1.00226390686
186633,186641,189643,8,3002,2,7200,1.00266489007
186648,186655,189889,7,3234,2,7200,1.00216450216
186649,186663,189843,14,3180,2,7200,1.00440251572
186677,186684,189770,7,3086,2,7200,1.00226830849
186688,186696,187562,8,866,1,3600,1.00923787529
186691,186704,190063,13,3359,2,7200,1.00387019946
186707,186716,189695,9,2979,2,7200,1.00302114804
186788,186796,190007,8,3211,2,7200,1.00249143569
186824,186832,190044,8,3212,2,7200,1.00249066002
186845,186853,189954,8,3101,2,7200,1.00257981296
186860,186867,189909,7,3042,2,7200,1.00230111769
186932,186939,190225,7,3286,2,7200,1.00213024954
186947,186954,189988,7,3034,2,7200,1.00230718523
187062,187069,190484,7,3415,2,7200,1.00204978038
187080,187087,190326,7,3239,2,7200,1.00216116085
187128,187135,190064,7,2929,2,7200,1.00238989416
187207,187214,190346,7,3132,2,7200,1.00223499361
187316,187324,190439,8,3115,2,7200,1.0025682183
187337,187345,190645,8,3300,2,7200,1.00242424242
187404,187412,190466,8,3054,2,7200,1.00261951539
187448,290303,293970,102855,3667,2,18000,29.0488137442
187522,187529,190639,7,3110,2,7200,1.00225080386
187541,290309,295842,102768,5533,2,18000,19.573649015
187669,187677,191000,8,3323,2,7200,1.00240746314
187712,187720,191007,8,3287,2,7200,1.00243383024
187754,187761,191067,7,3306,2,7200,1.00211736237
187793,187801,191104,8,3303,2,7200,1.00242204057
187839,187846,191034,7,3188,2,7200,1.002195734
188012,188019,191238,7,3219,2,7200,1.00217458838
188476,188483,191732,7,3249,2,7200,1.00215450908
188763,188771,191943,8,3172,2,7200,1.0025220681
188773,188781,188896,8,115,1,3600,1.06956521739
188866,188873,191908,7,3035,2,7200,1.00230642504
188884,188893,191875,9,2982,2,7200,1.00301810865
188912,188919,193304,7,4385,2,7200,1.0015963512
188963,188971,191910,8,2939,2,7200,1.00272201429
188985,188993,191854,8,2861,2,7200,1.0027962251
189018,189026,192224,8,3198,2,7200,1.00250156348
189060,189069,192109,9,3040,2,7200,1.00296052632
189062,189077,189406,15,329,1,3600,1.04559270517
189287,189295,192549,8,3254,2,7200,1.0024585126
189352,189360,189481,8,121,1,1800,1.06611570248
189549,189557,192750,8,3193,2,7200,1.00250548074
189571,189578,192694,7,3116,2,7200,1.00224646983
189628,189637,192708,9,3071,2,7200,1.00293064148
189643,189650,193061,7,3411,2,7200,1.00205218411
189695,189702,192718,7,3016,2,7200,1.00232095491
189771,189778,193054,7,3276,2,7200,1.00213675214
189777,189786,189900,9,114,1,1800,1.07894736842
189831,189838,192985,7,3147,2,7200,1.00222434064
189845,189853,190478,8,625,1,3600,1.0128
189846,189861,193097,15,3236,2,7200,1.00463535229
189888,189896,193035,8,3139,2,7200,1.00254858235
189909,189917,193221,8,3304,2,7200,1.00242130751
189954,189962,193223,8,3261,2,7200,1.0024532352
189988,189995,193257,7,3262,2,7200,1.00214592275
190009,190017,193180,8,3163,2,7200,1.00252924439
190045,190052,193686,7,3634,2,7200,1.00192625206
190063,190071,193124,8,3053,2,7200,1.0026203734
190065,190079,193552,14,3473,2,7200,1.00403109703
190225,190233,193348,8,3115,2,7200,1.0025682183
190328,190337,193475,9,3138,2,7200,1.00286806883
190346,190353,193578,7,3225,2,7200,1.00217054264
190441,190449,193364,8,2915,2,7200,1.00274442539
190468,190475,193711,7,3236,2,7200,1.0021631644
190486,190493,193632,7,3139,2,7200,1.00223000956
190568,190575,191150,7,575,1,1800,1.01217391304
190638,190646,193737,8,3091,2,7200,1.00258815917
190653,190660,193859,7,3199,2,7200,1.00218818381
190999,191007,194202,8,3195,2,7200,1.00250391236
191014,191023,194196,9,3173,2,7200,1.0028364324
191035,191042,194479,7,3437,2,7200,1.00203665988
191068,191075,194220,7,3145,2,7200,1.00222575517
191104,191112,194408,8,3296,2,7200,1.00242718447
191241,191248,194173,7,2925,2,7200,1.00239316239
191733,191741,194989,8,3248,2,7200,1.00246305419
191854,191862,194987,8,3125,2,7200,1.00256
191876,191884,194743,8,2859,2,7200,1.00279818118
191906,191913,194929,7,3016,2,7200,1.00232095491
191920,191928,195076,8,3148,2,7200,1.00254129606
191945,191952,195082,7,3130,2,7200,1.00223642173
192108,192115,195193,7,3078,2,7200,1.00227420403
192223,192230,195338,7,3108,2,7200,1.00225225225
192550,192558,195795,8,3237,2,7200,1.00247142416
192693,192700,195704,7,3004,2,7200,1.00233022636
192708,192716,195874,8,3158,2,7200,1.00253324889
192723,192731,195977,8,3246,2,7200,1.00246457178
192750,192757,196011,7,3254,2,7200,1.00215119852
192839,192846,192894,7,48,1,1800,1.14583333333
192989,192996,196094,7,3098,2,7200,1.00225952227
193002,193009,193119,7,110,1,1800,1.06363636364
193037,193044,196148,7,3104,2,7200,1.00225515464
193055,193062,196266,7,3204,2,7200,1.00218476904
193070,193077,196377,7,3300,2,7200,1.00212121212
193097,193104,196272,7,3168,2,7200,1.00220959596
193127,193134,196445,7,3311,2,7200,1.0021141649
193182,193189,196241,7,3052,2,7200,1.00229357798
193205,193213,193294,8,81,1,1800,1.0987654321
193224,193231,196436,7,3205,2,7200,1.00218408736
193226,193238,196099,12,2861,2,7200,1.00419433764
193259,193266,196268,7,3002,2,7200,1.00233177881
193305,193312,196419,7,3107,2,7200,1.00225297715
193350,193356,196465,6,3109,2,7200,1.00192988099
193365,193371,196577,6,3206,2,7200,1.00187149095
193438,193445,193555,7,110,1,1800,1.06363636364
193474,193480,196782,6,3302,2,7200,1.00181708056
193553,193559,196656,6,3097,2,7200,1.00193735873
193581,193588,196647,7,3059,2,7200,1.00228832952
193632,193638,196661,6,3023,2,7200,1.00198478333
193687,193694,196830,7,3136,2,7200,1.00223214286
193711,193717,196719,6,3002,2,7200,1.00199866755
193735,193741,196950,6,3209,2,7200,1.00186974135
193859,193865,197035,6,3170,2,7200,1.00189274448
194149,194157,194436,8,279,1,1800,1.02867383513
194173,194180,197552,7,3372,2,7200,1.00207591934
194198,194204,197137,6,2933,2,7200,1.00204568701
194212,194220,197382,8,3162,2,7200,1.00253004428
194219,194227,194820,8,593,1,1800,1.01349072513
194227,194234,197648,7,3414,2,7200,1.00205038079
194410,194417,197441,7,3024,2,7200,1.00231481481
194480,194486,197477,6,2991,2,7200,1.00200601805
194743,194749,197755,6,3006,2,7200,1.00199600798
194931,194938,198000,7,3062,2,7200,1.00228608752
194989,194996,198103,7,3107,2,7200,1.00225297715
194991,195003,198119,12,3116,2,7200,1.00385109114
195075,195081,198298,6,3217,2,7200,1.0018650917
195090,195097,198386,7,3289,2,7200,1.00212830648
195193,195199,198267,6,3068,2,7200,1.00195567145
195339,195346,198642,7,3296,2,7200,1.00212378641
195703,195710,198780,7,3070,2,7200,1.00228013029
195796,195803,199026,7,3223,2,7200,1.00217188954
195875,195881,199088,6,3207,2,7200,1.00187090739
195978,195984,199148,6,3164,2,7200,1.00189633375
196011,196017,199252,6,3235,2,7200,1.00185471406
196096,196103,199356,7,3253,2,7200,1.00215185982
196111,196118,199185,7,3067,2,7200,1.00228236061
196150,196157,199275,7,3118,2,7200,1.00224502886
196241,196247,199315,6,3068,2,7200,1.00195567145
196268,196275,199570,7,3295,2,7200,1.00212443096
196270,196282,199334,12,3052,2,7200,1.00393184797
196285,196292,199584,7,3292,2,7200,1.00212636695
196376,196383,199390,7,3007,2,7200,1.00232790156
196419,197453,200471,1034,3018,2,7200,1.34261100066
196422,201673,201721,5251,48,256,1800,110.395833333
196437,197488,200671,1051,3183,2,7200,1.3301916431
196452,197767,200970,1315,3203,2,7200,1.41055260693
196467,244898,248107,48431,3209,2,7200,16.0922405734
196579,244904,247877,48325,2973,2,7200,17.254624958
196646,244909,248059,48263,3150,2,7200,16.3215873016
196662,244914,248010,48252,3096,2,7200,16.5852713178
196663,244919,248343,48256,3424,2,7200,15.0934579439
196720,244925,247895,48205,2970,2,7200,17.2306397306
196781,244931,248146,48150,3215,2,7200,15.9766718507
196802,196809,196857,7,48,1,1800,1.14583333333
196829,244937,248042,48108,3105,2,7200,16.4937198068
196950,244942,248126,47992,3184,2,7200,16.0728643216
197035,244947,247772,47912,2825,2,7200,17.96
197138,244953,248123,47815,3170,2,7200,16.0835962145
197190,197196,197276,6,80,1,1800,1.075
197385,244958,248127,47573,3169,2,7200,16.0119911644
197440,244964,248126,47524,3162,2,7200,16.0297280202
197476,244969,247832,47493,2863,2,7200,17.5885434859
197555,247787,250817,50232,3030,2,7200,17.5782178218
197649,247844,250912,50195,3068,2,7200,17.360821382
197755,247894,250934,50139,3040,2,7200,17.4930921053
198000,247906,250923,49906,3017,2,7200,17.5415976135
198103,247916,251203,49813,3287,2,7200,16.1545482203
198121,248023,250912,49902,2889,2,7200,18.2731048806
198264,198270,198553,6,283,1,1800,1.02120141343
198266,248054,250897,49788,2843,2,7200,18.5124868097
198299,248071,251106,49772,3035,2,7200,17.3993410214
198387,248119,251217,49732,3098,2,7200,17.052937379
198640,248134,251307,49494,3173,2,7200,16.5984872361
198779,248141,251101,49362,2960,2,7200,17.6763513514
199027,248146,251266,49119,3120,2,7200,16.7432692308
199087,248151,251387,49064,3236,2,7200,16.1619283066
199148,248159,251356,49011,3197,2,7200,16.3303096653
199184,248356,251223,49172,2867,2,7200,18.1510289501
199251,279912,283191,80661,3279,2,7200,25.5992680695
199275,279928,283311,80653,3383,2,7200,24.840673958
199314,280122,283288,80808,3166,2,7200,26.5236891977
199332,280168,283174,80836,3006,2,7200,27.8915502329
199356,280469,283815,81113,3346,2,7200,25.2417812313
199389,281748,284921,82359,3173,2,7200,26.9561928774
199570,281988,285112,82418,3124,2,7200,27.3822023047
199585,282457,285585,82872,3128,2,7200,27.4936061381
200473,282515,285812,82042,3297,2,7200,25.8838337883
200672,282523,285627,81851,3104,2,7200,27.3695231959
200971,282535,285699,81564,3164,2,7200,26.7787610619
205266,311730,316950,106464,5220,48,86400,21.3954022989
205561,289556,289562,83995,6,1,29700,8400.1
205570,289562,289565,83992,3,1,29700,8399.5
205579,289574,289577,83995,3,1,29700,8399.8
205587,289589,289592,84002,3,1,29700,8400.5
205594,289604,289607,84010,3,1,29700,8401.3
205602,289619,289622,84017,3,1,29700,8402.0
205609,289635,289638,84026,3,1,29700,8402.9
205616,289650,289653,84034,3,1,29700,8403.7
205626,289666,289669,84040,3,1,29700,8404.3
205992,289681,304968,83689,15287,1,36000,6.4745208347
206059,289808,314051,83749,24243,1,36000,4.4545642041
207253,285373,527193,78120,241820,4,604800,1.32305020263
207299,247724,265740,40425,18016,1,18000,3.24383880995
207383,244726,849572,37343,604846,8,604800,1.0617396825
207514,288065,584294,80551,296229,4,604800,1.27192138514
207545,288278,498648,80733,210370,4,604800,1.38376669677
207577,288284,541132,80707,252848,4,604800,1.31919176739
209546,289495,375903,79949,86408,2,86400,1.92524997685
209794,289500,289765,79706,265,2,28800,301.777358491
209870,289505,316383,79635,26878,2,28800,3.96283205596
211387,289511,294361,78124,4850,2,86400,17.1080412371
213148,288289,720328,75141,432039,4,432000,1.17392179873
213982,288322,288324,74340,2,4,108000,7434.2
215042,247952,253253,32910,5301,1,18000,7.20826259196
215048,290116,297449,75068,7333,1,18000,11.2370107732
215051,290260,295075,75209,4815,1,18000,16.6197300104
215054,290265,297991,75211,7726,1,18000,10.7347916127
215057,290271,295094,75214,4823,1,18000,16.5948579722
215060,290276,298334,75216,8058,1,18000,10.3343261355
215064,290282,295166,75218,4884,1,18000,16.4009009009
215068,290287,297485,75219,7198,1,18000,11.4499861073
215071,290293,295355,75222,5062,1,18000,15.8601343343
215074,290298,297827,75224,7529,1,18000,10.9912338956
216145,244747,251911,28602,7164,2,18000,4.99246231156
216542,244742,244848,28200,106,4,3600,267.037735849
218225,289516,343399,71291,53883,2,172800,2.32307035614
219944,288327,296866,68383,8539,4,36000,9.00831479096
220077,288335,291034,68258,2699,4,36000,26.2901074472
220142,288472,291691,68330,3219,4,36000,22.2270891581
220198,289119,291824,68921,2705,4,36000,26.4791127542
220519,288268,396288,67749,108020,8,108000,1.62718940937
220895,288273,396291,67378,108018,8,108000,1.6237664093
226569,247921,247940,21352,19,1,610,1124.78947368
226696,244865,247706,18169,2841,4,18000,7.39528335093
231029,289135,289138,58106,3,4,36000,5810.9
231029,289130,289134,58101,4,4,36000,5810.5
231029,289124,289129,58095,5,4,36000,5810.0
231029,289140,289144,58111,4,4,36000,5811.5
231030,289163,289167,58133,4,4,36000,5813.7
231030,289146,289150,58116,4,4,36000,5812.0
231030,289168,289172,58138,4,4,36000,5814.2
231030,289156,289168,58126,12,4,36000,4844.83333333
231030,289151,289156,58121,5,4,36000,5812.6
231031,289196,289200,58165,4,4,36000,5816.9
231031,289184,289188,58153,4,4,36000,5815.7
231031,289179,289183,58148,4,4,36000,5815.2
231031,289173,289177,58142,4,4,36000,5814.6
231032,289222,289226,58190,4,4,36000,5819.4
231032,289201,289205,58169,4,4,36000,5817.3
231032,289206,289210,58174,4,4,36000,5817.8
231032,289212,289215,58180,3,4,36000,5818.3
231032,289217,289220,58185,3,4,36000,5818.8
231033,289245,289249,58212,4,4,36000,5821.6
231033,289256,289259,58223,3,4,36000,5822.6
231033,289240,289244,58207,4,4,36000,5821.1
231033,289235,289238,58202,3,4,36000,5820.5
231033,289250,289254,58217,4,4,36000,5822.1
231034,289261,289264,58227,3,4,36000,5823.0
231034,289273,289276,58239,3,4,36000,5824.2
231034,289278,289282,58244,4,4,36000,5824.8
231034,289283,289287,58249,4,4,36000,5825.3
231034,289288,289292,58254,4,4,36000,5825.8
231034,289267,289271,58233,4,4,36000,5823.7
231035,289301,289305,58266,4,4,36000,5827.0
231035,289296,289300,58261,4,4,36000,5826.5
231035,289306,289309,58271,3,4,36000,5827.4
231035,289312,289315,58277,3,4,36000,5828.0
231035,289317,289321,58282,4,4,36000,5828.6
231036,289324,289327,58288,3,4,36000,5829.1
231036,289329,289333,58293,4,4,36000,5829.7
231036,289334,289338,58298,4,4,36000,5830.2
231036,289339,289343,58303,4,4,36000,5830.7
231036,289345,289348,58309,3,4,36000,5831.2
231036,289357,289360,58321,3,4,36000,5832.4
231037,289378,289382,58341,4,4,36000,5834.5
231037,289385,289388,58348,3,4,36000,5835.1
231037,289373,289377,58336,4,4,36000,5834.0
231037,289368,289371,58331,3,4,36000,5833.4
231037,289362,289366,58325,4,4,36000,5832.9
231038,289390,289394,58352,4,4,36000,5835.6
231038,289413,289416,58375,3,4,36000,5837.8
231038,289406,289410,58368,4,4,36000,5837.2
231038,289395,289399,58357,4,4,36000,5836.1
231038,289401,289404,58363,3,4,36000,5836.6
231039,289446,289450,58407,4,4,36000,5841.1
231039,289441,289445,58402,4,4,36000,5840.6
231039,289433,289437,58394,4,4,36000,5839.8
231039,289423,289427,58384,4,4,36000,5838.8
231039,289418,289422,58379,4,4,36000,5838.3
231039,289428,289432,58389,4,4,36000,5839.3
231040,289462,289466,58422,4,4,36000,5842.6
231040,289457,289460,58417,3,4,36000,5842.0
231040,289451,289454,58411,3,4,36000,5841.4
244606,244721,244797,115,76,32,3600,2.51315789474
244606,261533,261624,16927,91,64,3600,187.010989011
244606,274088,277721,29482,3633,128,3600,9.1150564272
244606,270442,274077,25836,3635,128,3600,8.107565337
244606,245255,245309,649,54,128,3600,13.0185185185
244606,262539,262594,17933,55,128,3600,327.054545455
244606,245241,245298,635,57,128,3600,12.1403508772
244606,262605,262661,17999,56,128,3600,322.410714286
244606,245169,245243,563,74,128,3600,8.60810810811
244606,262740,262794,18134,54,128,3600,336.814814815
244606,262805,262963,18199,158,128,3600,116.183544304
244606,262673,262729,18067,56,128,3600,323.625
244606,262974,263128,18368,154,128,3600,120.272727273
244606,245154,245230,548,76,128,3600,8.21052631579
244606,244981,245062,375,81,128,3600,5.62962962963
244606,263143,266786,18537,3643,128,3600,6.08838869064
244606,266797,270431,22191,3634,128,3600,7.10649422124
244606,245074,245157,468,83,128,3600,6.63855421687
244606,245065,245141,459,76,128,3600,7.03947368421
244606,244975,245052,369,77,128,3600,5.79220779221
244614,244716,244840,102,124,256,3600,1.82258064516
244623,244848,244876,225,28,16,3600,9.03571428571
244629,244887,244905,258,18,8,3600,15.3333333333
244709,244892,244906,183,14,8,3600,14.0714285714
244716,244853,244873,137,20,16,3600,7.85
244721,244809,244835,88,26,32,3600,4.38461538462
244729,261636,261668,16907,32,64,3600,529.34375
244738,277733,277842,32995,109,128,3600,303.706422018
244751,244860,244947,109,87,256,3600,2.25287356322
245457,277853,281506,32396,3653,128,3600,9.86832740214
245457,281517,281834,36060,317,128,3600,114.753943218
245824,247718,247739,1894,21,8,3600,91.1904761905
245834,265310,265342,19476,32,16,3600,609.625
245847,266762,266813,20915,51,32,3600,411.098039216
245855,261686,265298,15831,3612,64,3600,5.38289036545
245887,253606,253695,7719,89,256,3600,87.7303370787
245918,261527,261592,15609,65,192,3600,241.138461538
245967,282997,283442,37030,445,96,3600,84.2134831461
246002,266757,266827,20755,70,48,3600,297.5
246012,267672,267711,21660,39,24,3600,556.384615385
246439,265354,265382,18915,28,16,3600,676.535714286
246439,247751,247768,1312,17,8,3600,78.1764705882
246440,266838,266916,20398,78,48,3600,262.512820513
246440,262545,262643,16105,98,64,3600,165.336734694
246440,267723,267763,21283,40,24,3600,533.075
246440,266828,266878,20388,50,32,3600,408.76
246441,247780,247793,1339,13,8,3600,104.0
246441,281845,282159,35404,314,128,3600,113.751592357
246441,261603,261668,15162,65,192,3600,234.261538462
246441,283003,283448,36562,445,96,3600,83.1617977528
246442,265394,265413,18952,19,16,3600,998.473684211
246442,267775,267796,21333,21,24,3600,1016.85714286
246442,266890,266913,20448,23,32,3600,890.043478261
246443,282171,282226,35728,55,128,3600,650.6
246443,283453,283461,37010,8,96,3600,3701.8
246443,262655,262688,16212,33,64,3600,492.272727273
246443,266934,266963,20491,29,48,3600,707.586206897
246444,265425,265450,18981,25,16,3600,760.24
246444,247805,247822,1361,17,8,3600,81.0588235294
246444,267807,267846,21363,39,24,3600,548.769230769
246444,261680,261748,15236,68,192,3600,225.058823529
246445,266975,267046,20530,71,48,3600,290.154929577
246445,262700,266335,16255,3635,64,3600,5.47180192572
246445,266927,266975,20482,48,32,3600,427.708333333
246445,283472,283478,37027,6,96,3600,3703.3
246446,247834,247848,1388,14,8,3600,100.142857143
246446,261759,261824,15313,65,192,3600,236.584615385
246446,282237,282518,35791,281,128,3600,128.370106762
246447,265462,265480,19015,18,16,3600,1057.38888889
246447,267058,267085,20611,27,48,3600,764.37037037
246447,267857,267879,21410,22,24,3600,974.181818182
246447,266988,267011,20541,23,32,3600,894.086956522
246448,282529,282585,36081,56,128,3600,645.303571429
246448,266347,266381,19899,34,64,3600,586.264705882
246448,283489,283495,37041,6,96,3600,3704.7
246448,261835,261902,15387,67,192,3600,230.656716418
246449,247860,247878,1411,18,8,3600,79.3888888889
246449,265492,265518,19043,26,16,3600,733.423076923
246449,267891,267929,21442,38,24,3600,565.263157895
246450,267097,267165,20647,68,48,3600,304.632352941
246450,267023,267071,20573,48,32,3600,429.604166667
246450,283507,283513,37057,6,96,3600,3706.3
246450,266392,266480,19942,88,64,3600,227.613636364
246451,282596,282641,36145,45,128,3600,804.222222222
246451,261914,261981,15463,67,192,3600,231.791044776
246451,247889,247903,1438,14,8,3600,103.714285714
246452,267178,267208,20726,30,48,3600,691.866666667
246452,265530,265549,19078,19,16,3600,1005.10526316
246452,267941,267963,21489,22,24,3600,977.772727273
246452,267084,267107,20632,23,32,3600,898.043478261
246453,283524,283530,37071,6,96,3600,3707.7
246453,266493,266526,20040,33,64,3600,608.272727273
246453,282652,282758,36199,106,128,3600,342.5
246454,261992,262058,15538,66,192,3600,236.424242424
246718,253706,255352,6988,1646,256,7200,5.24544349939
246757,256264,257098,9507,834,256,3600,12.3992805755
247484,288054,288246,40570,192,64,600,212.302083333
247992,257109,261516,9117,4407,256,7200,3.06875425459
248375,250829,254118,2454,3289,2,7200,1.74612344178
248376,250909,254211,2533,3302,2,7200,1.76711084191
248378,250924,254280,2546,3356,2,7200,1.75864123957
248379,250929,254113,2550,3184,2,7200,1.80087939698
248380,250936,253850,2556,2914,2,7200,1.87714481812
248382,250945,253953,2563,3008,2,7200,1.85206117021
248383,251113,254295,2730,3182,2,7200,1.85795097423
248384,251120,254206,2736,3086,2,7200,1.8865845755
248385,251216,254321,2831,3105,2,7200,1.91175523349
248387,251229,254309,2842,3080,2,7200,1.92272727273
248388,251236,254424,2848,3188,2,7200,1.89335006274
248389,251278,254361,2889,3083,2,7200,1.9370742783
248391,251319,254392,2928,3073,2,7200,1.95281483892
248392,251368,254535,2976,3167,2,7200,1.93969055889
250820,251399,254589,579,3190,2,7200,1.18150470219
250899,251923,254935,1024,3012,2,7200,1.33997343958
250914,253965,256931,3051,2966,2,7200,2.02865812542
250915,254091,257257,3176,3166,2,7200,2.0031585597
250930,254125,257455,3195,3330,2,7200,1.95945945946
250945,254132,257536,3187,3404,2,7200,1.93625146886
251101,254218,257181,3117,2963,2,7200,2.05197435032
251116,254225,257209,3109,2984,2,7200,2.04189008043
251204,254292,257201,3088,2909,2,7200,2.06153317291
251219,254307,257443,3088,3136,2,7200,1.98469387755
251234,254322,257519,3088,3197,2,7200,1.96590553644
251267,254332,257515,3065,3183,2,7200,1.96292805529
251309,254372,257455,3063,3083,2,7200,1.9935128122
251357,254405,257508,3048,3103,2,7200,1.98227521753
251390,254437,257494,3047,3057,2,7200,1.9967288191
251739,267975,268066,16236,91,24,3600,179.417582418
251739,265560,265617,13821,57,16,3600,243.473684211
251739,253861,253896,2122,35,8,3600,61.6285714286
251740,267220,267423,15480,203,48,3600,77.2561576355
251740,267119,267242,15379,123,32,3600,126.032520325
251740,266538,266562,14798,24,64,3600,617.583333333
251741,253908,253927,2167,19,8,3600,115.052631579
251741,265630,265655,13889,25,16,3600,556.56
251741,262069,262139,10328,70,192,3600,148.542857143
251741,282771,282824,31030,53,128,3600,586.471698113
251742,268014,268044,16272,30,24,3600,543.4
251742,267435,267473,15693,38,48,3600,413.973684211
251742,267254,267287,15512,33,32,3600,471.060606061
251743,282835,282889,31092,54,128,3600,576.777777778
251743,266574,266599,14831,25,64,3600,594.24
251743,262150,262216,10407,66,192,3600,158.681818182
251744,268019,268112,16275,93,24,3600,176.0
251744,267298,267425,15554,127,32,3600,123.472440945
251744,265667,265724,13923,57,16,3600,245.263157895
251744,253939,253970,2195,31,8,3600,71.8064516129
251745,282901,282954,31156,53,128,3600,588.849056604
251745,267485,267682,15740,197,48,3600,80.8984771574
251745,266611,266635,14866,24,64,3600,620.416666667
251746,265736,265761,13990,25,16,3600,560.6
251746,262227,262295,10481,68,192,3600,155.132352941
251746,253983,254001,2237,18,8,3600,125.277777778
251747,266647,266671,14900,24,64,3600,621.833333333
251747,268056,268084,16309,28,24,3600,583.464285714
251747,267694,267734,15947,40,48,3600,399.675
251747,267441,267475,15694,34,32,3600,462.588235294
251748,262307,262373,10559,66,192,3600,160.984848485
251748,254013,254049,2265,36,8,3600,63.9166666667
251748,282966,282986,31218,20,128,3600,1561.9
251749,265773,265830,14024,57,16,3600,247.035087719
251749,267492,267615,15743,123,32,3600,128.991869919
251749,268078,268171,16329,93,24,3600,176.580645161
251750,267745,267947,15995,202,48,3600,80.1831683168
251750,266684,266708,14934,24,64,3600,623.25
251751,265841,265866,14090,25,16,3600,564.6
251751,262384,262451,10633,67,192,3600,159.701492537
251751,254061,254079,2310,18,8,3600,129.333333333
251751,268096,268123,16345,27,24,3600,606.37037037
251752,266719,266745,14967,26,64,3600,576.653846154
251752,267627,267660,15875,33,32,3600,482.060606061
251752,267960,268002,16208,42,48,3600,386.904761905
251753,262463,262528,10710,65,192,3600,165.769230769
253851,254640,257894,789,3254,2,7200,1.24247080516
253954,254645,257812,691,3167,2,7200,1.2181875592
254113,254948,258035,835,3087,2,7200,1.27048914804
254128,256943,260225,2815,3282,2,7200,1.8577087142
254207,257193,260098,2986,2905,2,7200,2.02788296041
254223,257212,260409,2989,3197,2,7200,1.93493900532
254281,257220,260096,2939,2876,2,7200,2.0219054242
254296,257270,260374,2974,3104,2,7200,1.9581185567
254310,257455,260893,3145,3438,2,7200,1.91477603258
254325,257467,260654,3142,3187,2,7200,1.98588013806
254362,257472,260784,3110,3312,2,7200,1.93900966184
254395,257506,260617,3111,3111,2,7200,2.0
254426,257521,260522,3095,3001,2,7200,2.03132289237
254634,257535,260441,2901,2906,2,7200,1.99827942189
254634,257528,260990,2894,3462,2,7200,1.83593298671
254937,257548,260650,2611,3102,2,7200,1.84171502257
255797,288070,460911,32273,172841,2,172800,1.18672074334
256932,257823,260711,891,2888,2,7200,1.30851800554
257183,257905,260998,722,3093,2,7200,1.23343032654
257204,258047,261169,843,3122,2,7200,1.27001921845
257218,260108,263382,2890,3274,2,7200,1.88271227856
257261,260114,263140,2853,3026,2,7200,1.94282881692
257445,260237,263125,2792,2888,2,7200,1.96675900277
257460,260386,263557,2926,3171,2,7200,1.92273730684
257462,260420,263525,2958,3105,2,7200,1.95265700483
257495,260452,263674,2957,3222,2,7200,1.91775294848
257510,260533,263869,3023,3336,2,7200,1.90617505995
257525,260629,263701,3104,3072,2,7200,2.01041666667
257527,260662,263740,3135,3078,2,7200,2.01851851852
257541,260668,263971,3127,3303,2,7200,1.94671510748
257814,260723,264012,2909,3289,2,7200,1.88446336272
257896,260795,263897,2899,3102,2,7200,1.93455834945
258039,260905,264176,2866,3271,2,7200,1.87618465301
260100,261001,264198,901,3197,2,7200,1.28182671254
260101,261010,264192,909,3182,2,7200,1.28566939032
260229,261180,264342,951,3162,2,7200,1.30075901328
260377,263137,266441,2760,3304,2,7200,1.83535108959
260410,263152,266091,2742,2939,2,7200,1.93297039809
260443,263394,266685,2951,3291,2,7200,1.8966879368
260524,263537,266590,3013,3053,2,7200,1.98689813298
260618,263568,266835,2950,3267,2,7200,1.90296908479
260651,263686,266775,3035,3089,2,7200,1.98251861444
260666,263712,266769,3046,3057,2,7200,1.99640170101
260711,263753,266886,3042,3133,2,7200,1.97095435685
260787,263882,267256,3095,3374,2,7200,1.91730883225
260895,263908,267038,3013,3130,2,7200,1.96261980831
260992,263983,266908,2991,2925,2,7200,2.02256410256
261007,264023,266936,3016,2913,2,7200,2.0353587367
261170,264188,267447,3018,3259,2,7200,1.92605093587
263126,264204,267538,1078,3334,2,7200,1.32333533293
263141,264211,267308,1070,3097,2,7200,1.34549564094
263385,264354,267624,969,3270,2,7200,1.29633027523
263527,265752,269010,2225,3258,2,7200,1.68293431553
263557,266103,269196,2546,3093,2,7200,1.82314904623
263675,266454,269669,2779,3215,2,7200,1.86438569207
263702,266602,269904,2900,3302,2,7200,1.87825560267
263741,266696,269848,2955,3152,2,7200,1.9375
263871,266780,269862,2909,3082,2,7200,1.94386761843
263899,266787,269967,2888,3180,2,7200,1.90817610063
263974,266847,269954,2873,3107,2,7200,1.92468619247
264013,266898,270063,2885,3165,2,7200,1.91153238547
264179,266920,270049,2741,3129,2,7200,1.87599872164
264194,266948,270184,2754,3236,2,7200,1.85105067985
264209,267051,270059,2842,3008,2,7200,1.94481382979
264345,267268,270749,2923,3481,2,7200,1.83970123528
265999,288257,374689,22258,86432,8,86400,1.25752036283
266092,267321,270774,1229,3453,2,7200,1.35592238633
266443,267459,270740,1016,3281,2,7200,1.30966168851
266591,267550,270504,959,2954,2,7200,1.32464454976
266687,267636,270567,949,2931,2,7200,1.32378027977
266769,269023,272359,2254,3336,2,7200,1.67565947242
266784,269208,272590,2424,3382,2,7200,1.71673565937
266838,269681,272747,2843,3066,2,7200,1.92726679713
266889,269861,273040,2972,3179,2,7200,1.93488518402
266910,269876,273020,2966,3144,2,7200,1.94338422392
266938,269916,273129,2978,3213,2,7200,1.92685963274
267041,269966,272993,2925,3027,2,7200,1.96630327056
267258,269980,273055,2722,3075,2,7200,1.88520325203
267309,270062,273269,2753,3207,2,7200,1.85843467415
267448,270072,273143,2624,3071,2,7200,1.85444480625
267539,270079,273295,2540,3216,2,7200,1.78980099502
267627,270196,273482,2569,3286,2,7200,1.78180158247
269012,270517,273369,1505,2852,2,7200,1.52769985975
269199,270579,273863,1380,3284,2,7200,1.42021924482
269670,270752,273989,1082,3237,2,7200,1.33426011739
269851,270761,273669,910,2908,2,7200,1.31292984869
269866,270786,274134,920,3348,2,7200,1.27479091995
269905,272371,275689,2466,3318,2,7200,1.74321880651
269956,272602,275583,2646,2981,2,7200,1.88762160349
269971,272759,275979,2788,3220,2,7200,1.86583850932
270050,273006,276352,2956,3346,2,7200,1.88344291692
270065,273033,276059,2968,3026,2,7200,1.98083278255
270066,273053,276262,2987,3209,2,7200,1.93081956996
270187,273067,276114,2880,3047,2,7200,1.94519199212
270507,273141,276364,2634,3223,2,7200,1.81725100838
270570,273157,276337,2587,3180,2,7200,1.81352201258
270742,273282,276364,2540,3082,2,7200,1.82414016872
270756,273309,276161,2553,2852,2,7200,1.89516129032
270774,273382,276539,2608,3157,2,7200,1.82610072854
272361,273496,276784,1135,3288,2,7200,1.3451946472
272591,273681,276803,1090,3122,2,7200,1.34913516976
272747,273875,276988,1128,3113,2,7200,1.36235142949
272996,274002,277111,1006,3109,2,7200,1.32357671277
273024,274146,276974,1122,2828,2,7200,1.39674681754
273041,275601,278797,2560,3196,2,7200,1.80100125156
273056,275701,278824,2645,3123,2,7200,1.84694204291
273132,275991,279332,2859,3341,2,7200,1.85573181682
273146,276072,279329,2926,3257,2,7200,1.89837273565
273271,276126,279251,2855,3125,2,7200,1.9136
273298,276173,279517,2875,3344,2,7200,1.85974880383
273370,276275,279394,2905,3119,2,7200,1.93138826547
273485,276349,279449,2864,3100,2,7200,1.92387096774
273670,276364,279552,2694,3188,2,7200,1.84504391468
273864,276376,279640,2512,3264,2,7200,1.76960784314
273991,276383,279450,2392,3067,2,7200,1.77991522661
274136,276552,279746,2416,3194,2,7200,1.75641828428
275586,276796,280156,1210,3360,2,7200,1.36011904762
275692,276815,279915,1123,3100,2,7200,1.36225806452
275979,276986,279900,1007,2914,2,7200,1.3455730954
276061,277001,280110,940,3109,2,7200,1.30234802187
276117,277123,280457,1006,3334,2,7200,1.30173965207
276162,278809,281735,2647,2926,2,7200,1.9046479836
276266,278836,281975,2570,3139,2,7200,1.81873208028
276339,279263,282597,2924,3334,2,7200,1.87702459508
276354,279341,282503,2987,3162,2,7200,1.94465528147
276369,279349,282445,2980,3096,2,7200,1.96253229974
276370,279406,282785,3036,3379,2,7200,1.89849067772
276540,279462,282511,2922,3049,2,7200,1.95834699902
276785,279468,282512,2683,3044,2,7200,1.88140604468
276806,279529,282817,2723,3288,2,7200,1.82816301703
276976,279564,282893,2588,3329,2,7200,1.77741063382
276991,279652,282761,2661,3109,2,7200,1.85590221936
277112,279758,282820,2646,3062,2,7200,1.86414108426
278799,282609,285691,3810,3082,2,7200,2.23621025308
278826,282779,286176,3953,3397,2,7200,2.16367382985
279252,282797,285741,3545,2944,2,7200,2.20414402174
279331,282829,286073,3498,3244,2,7200,2.07829839704
279346,282841,285875,3495,3034,2,7200,2.15194462755
279394,282910,286044,3516,3134,2,7200,2.1218889598
279451,283186,286327,3735,3141,2,7200,2.18911174785
279452,283203,286319,3751,3116,2,7200,2.20378690629
279519,283300,286307,3781,3007,2,7200,2.2573994014
279552,283323,286720,3771,3397,2,7200,2.11009714454
279641,283827,286923,4186,3096,2,7200,2.35206718346
279747,284934,288091,5187,3157,2,7200,2.64301552106
279902,285125,288369,5223,3244,2,7200,2.61004932182
279917,285597,288810,5680,3213,2,7200,2.76781823841
280112,285639,288792,5527,3153,2,7200,2.75293371392
280157,285703,289021,5546,3318,2,7200,2.6714888487
280457,285711,288809,5254,3098,2,7200,2.69593285991
281737,285754,288889,4017,3135,2,7200,2.28133971292
281976,285824,289025,3848,3201,2,7200,2.20212433614
282448,285886,289020,3438,3134,2,7200,2.09700063816
282505,286056,289067,3551,3011,2,7200,2.17934241116
282520,286085,289168,3565,3083,2,7200,2.15634122608
282522,286188,289122,3666,2934,2,7200,2.24948875256
282600,286320,289492,3720,3172,2,7200,2.17276166456
282763,286336,289475,3573,3139,2,7200,2.13826059255
282787,286343,289427,3556,3084,2,7200,2.15304798962
282818,286732,290000,3914,3268,2,7200,2.1976744186
282832,286935,290276,4103,3341,2,7200,2.22807542652
282896,288076,291274,5180,3198,2,7200,2.61976235147
283176,288081,291281,4905,3200,2,7200,2.5328125
283194,288086,291333,4892,3247,2,7200,2.50662149677
283291,288092,291472,4801,3380,2,7200,2.42041420118
283312,288097,291169,4785,3072,2,7200,2.5576171875
283818,288102,291507,4284,3405,2,7200,2.25814977974
284272,284278,284460,6,182,96,600,1.03296703297
284273,285767,285840,1494,73,192,600,21.4657534247
284273,285851,286240,1578,389,128,600,5.05655526992
284273,284479,284524,206,45,96,600,5.57777777778
284275,284535,285065,260,530,96,600,1.49056603774
284276,285076,285123,800,47,96,600,18.0212765957
284494,285135,285755,641,620,96,600,2.03387096774
284923,288108,291133,3185,3025,2,7200,2.05289256198
285113,288113,291456,3000,3343,2,7200,1.89739754711
285587,288118,291224,2531,3106,2,7200,1.81487443657
285629,288123,291337,2494,3214,2,7200,1.77598008712
285693,288129,291201,2436,3072,2,7200,1.79296875
285708,288134,291314,2426,3180,2,7200,1.76289308176
285744,288139,291301,2395,3162,2,7200,1.75743200506
285814,288145,291351,2331,3206,2,7200,1.72707423581
285877,288150,291467,2273,3317,2,7200,1.68525776304
285879,286252,286318,373,66,192,600,6.65151515152
285879,286560,287050,681,490,128,600,2.38979591837
285880,287063,287154,1183,91,128,600,14.0
285880,286330,286396,450,66,192,600,7.81818181818
285881,286407,286473,526,66,192,600,8.9696969697
285882,286485,286549,603,64,192,600,10.421875
286046,288155,291486,2109,3331,2,7200,1.63314320024
286076,288160,291423,2084,3263,2,7200,1.63867606497
286176,288166,291361,1990,3195,2,7200,1.62284820031
286311,288171,291367,1860,3196,2,7200,1.58197747184
286326,288176,291280,1850,3104,2,7200,1.59600515464
286341,288181,291424,1840,3243,2,7200,1.56737588652
286723,288187,291472,1464,3285,2,7200,1.44566210046
286926,288192,291485,1266,3293,2,7200,1.3844518676
287197,289114,289316,1917,202,96,600,10.4900990099
287197,287203,287300,6,97,128,600,1.0618556701
287198,289352,290009,2154,657,96,600,4.27853881279
287199,288213,288833,1014,620,128,600,2.63548387097
287199,290021,290123,2822,102,96,600,28.6666666667
287200,288845,288967,1645,122,128,600,14.4836065574
287201,290134,290237,2933,103,96,600,29.4757281553
287201,288979,289102,1778,123,128,600,15.4552845528
288095,288199,291244,104,3045,2,7200,1.0341543514
288370,288381,291643,11,3262,2,7200,1.00337216432
288795,288805,291945,10,3140,2,7200,1.00318471338
288811,288821,291979,10,3158,2,7200,1.00316656111
288812,288828,292110,16,3282,2,7200,1.00487507617
288890,288902,292298,12,3396,2,7200,1.0035335689
288951,289474,303674,523,14200,4,28800,1.03683098592
289025,289032,292553,7,3521,2,7200,1.00198807157
289026,289039,292211,13,3172,2,7200,1.00409836066
289041,289048,292361,7,3313,2,7200,1.00211288862
289068,289078,292017,10,2939,2,7200,1.00340251786
289123,289189,292502,66,3313,2,7200,1.01992152128
289167,289521,289532,354,11,2,1800,33.1818181818
289171,289228,292306,57,3078,2,7200,1.01851851852
289426,289528,289539,102,11,2,1800,10.2727272727
289430,289467,292799,37,3332,2,7200,1.01110444178
289476,289533,292637,57,3104,2,7200,1.01836340206
289494,289538,292841,44,3303,2,7200,1.01332122313
289626,289813,290104,187,291,1,259200,1.64261168385
289752,289776,289795,24,19,2,1800,2.26315789474
290000,290007,293299,7,3292,2,7200,1.00212636695
290038,290249,290259,211,10,2,1800,22.1
290116,290254,313992,138,23738,1,259200,1.00581346364
290278,290321,293582,43,3261,2,7200,1.01318613922
290327,290333,290345,6,12,2,1800,1.5
290563,290569,290696,6,127,4,28800,1.04724409449
290700,290707,292059,7,1352,1,28800,1.00517751479
290880,290887,290900,7,13,16,1210,1.53846153846
290886,290893,290917,7,24,16,1210,1.29166666667
291136,291143,294327,7,3184,2,7200,1.00219849246
291170,291176,294233,6,3057,2,7200,1.00196270854
291203,291209,294389,6,3180,2,7200,1.00188679245
291227,291233,294362,6,3129,2,7200,1.00191754554
291245,291252,294476,7,3224,2,7200,1.00217121588
291275,291283,294729,8,3446,2,7200,1.00232153221
291291,291297,294472,6,3175,2,7200,1.00188976378
291292,291304,294374,12,3070,2,7200,1.00390879479
291307,291314,294430,7,3116,2,7200,1.00224646983
291322,291328,294467,6,3139,2,7200,1.00191143676
291337,291344,294638,7,3294,2,7200,1.0021250759
291338,291351,294481,13,3130,2,7200,1.00415335463
291353,291361,294528,8,3167,2,7200,1.00252604989
291369,291375,294621,6,3246,2,7200,1.00184842884
291370,291381,294651,11,3270,2,7200,1.00336391437
291425,291431,294837,6,3406,2,7200,1.00176159718
291426,291437,294785,11,3348,2,7200,1.00328554361
291456,291463,294468,7,3005,2,7200,1.00232945092
291471,291479,294668,8,3189,2,7200,1.00250862339
291487,291495,294660,8,3165,2,7200,1.00252764613
291489,291502,294796,13,3294,2,7200,1.00394656952
291490,291507,294758,17,3251,2,7200,1.00522916026
291491,291512,294708,21,3196,2,7200,1.00657071339
291510,291518,294773,8,3255,2,7200,1.0024577573
291657,291663,295032,6,3369,2,7200,1.0017809439
291804,291811,291824,7,13,16,1210,1.53846153846
291953,291959,295287,6,3328,2,7200,1.00180288462
291989,291995,295199,6,3204,2,7200,1.00187265918
292020,292027,295296,7,3269,2,7200,1.00214132762
292042,292048,303675,6,11627,4,25200,1.00051604025
292111,292117,295292,6,3175,2,7200,1.00188976378
292218,292224,295483,6,3259,2,7200,1.00184105554
292276,292283,292309,7,26,16,1210,1.26923076923
292302,292309,295483,7,3174,2,7200,1.00220541903
292328,292336,295522,8,3186,2,7200,1.00251098556
292404,292410,295699,6,3289,2,7200,1.00182426269
292465,292473,292488,8,15,16,1210,1.53333333333
292466,292500,292510,34,10,16,1210,4.4
292467,292522,292531,55,9,16,1210,6.4
292472,292542,292553,70,11,16,1210,7.36363636364
292516,292528,295818,12,3290,2,7200,1.00364741641
292555,292563,295963,8,3400,2,7200,1.00235294118
292637,292645,295639,8,2994,2,7200,1.00267201069
292802,292809,295869,7,3060,2,7200,1.0022875817
292842,292849,295979,7,3130,2,7200,1.00223642173
293071,296878,296902,3807,24,16,1210,159.625
293072,296913,296936,3841,23,16,1210,168.0
293073,296948,296968,3875,20,16,1210,194.75
293074,296980,297002,3906,22,16,1210,178.545454545
293179,293186,296923,7,3737,1,3600,1.00187316029
293301,293307,296632,6,3325,2,7200,1.00180451128
293587,293594,296965,7,3371,2,7200,1.00207653515
294138,294144,308941,6,14797,2,18000,1.0004054876
294226,294233,313832,7,19599,1,259200,1.00035716108
294227,294250,313839,23,19589,1,259200,1.00117412834
294227,294238,313833,11,19595,1,259200,1.0005613677
294234,294245,297517,11,3272,2,7200,1.00336185819
294318,294324,294330,6,6,4,36000,1.2
294329,294336,297282,7,2946,2,7200,1.00237610319
294365,294372,297664,7,3292,2,7200,1.00212636695
294380,294387,297725,7,3338,2,7200,1.00209706411
294395,294401,297659,6,3258,2,7200,1.00184162063
294432,294439,297627,7,3188,2,7200,1.002195734
294468,294474,297698,6,3224,2,7200,1.00186104218
294470,294482,297689,12,3207,2,7200,1.00374181478
294485,294491,297696,6,3205,2,7200,1.00187207488
294487,294498,297864,11,3366,2,7200,1.00326797386
294488,294503,297785,15,3282,2,7200,1.00457038391
294531,294537,297646,6,3109,2,7200,1.00192988099
294622,294629,297915,7,3286,2,7200,1.00213024954
294640,294646,297907,6,3261,2,7200,1.0018399264
294654,294662,297805,8,3143,2,7200,1.00254533885
294669,294676,298025,7,3349,2,7200,1.00209017617
294671,294683,297861,12,3178,2,7200,1.00377595972
294710,294717,298090,7,3373,2,7200,1.00207530388
294731,294738,297995,7,3257,2,7200,1.00214921707
294758,294765,297980,7,3215,2,7200,1.00217729393
294776,294783,297901,7,3118,2,7200,1.00224502886
294791,294799,298048,8,3249,2,7200,1.00246229609
294806,294812,298068,6,3256,2,7200,1.00184275184
294839,294846,297960,7,3114,2,7200,1.00224791265
294945,294951,294956,6,5,4,36000,1.1
294945,295110,297189,165,2079,4,36000,1.07936507937
294945,294956,297594,11,2638,4,36000,1.00416982563
294945,295305,299540,360,4235,4,36000,1.08500590319
294945,294968,298810,23,3842,4,36000,1.00598646538
294946,298058,306927,3112,8869,4,36000,1.35088510542
294946,298064,306921,3118,8857,4,36000,1.3520379361
294946,295498,298277,552,2779,4,36000,1.19863260166
294946,298053,308335,3107,10282,4,36000,1.30217856448
294947,298090,305629,3143,7539,4,36000,1.41689879294
294947,298085,306399,3138,8314,4,36000,1.37743565071
294947,298080,301991,3133,3911,4,36000,1.80107389414
294947,298074,305582,3127,7508,4,36000,1.41648907832
294947,298069,304848,3122,6779,4,36000,1.46053990264
294948,298095,305924,3147,7829,4,36000,1.4019670456
294948,298100,309281,3152,11181,4,36000,1.28190680619
294948,298106,305047,3158,6941,4,36000,1.45497766892
294948,298111,299349,3163,1238,4,36000,3.5549273021
294949,298127,310393,3178,12266,4,36000,1.25909016794
294949,298570,304161,3621,5591,4,36000,1.64764800572
294949,298288,305932,3339,7644,4,36000,1.43681318681
294949,298121,304758,3172,6637,4,36000,1.47792677414
294949,298116,305661,3167,7545,4,36000,1.4197481776
294950,298821,302147,3871,3326,4,36000,2.16386049308
294950,299551,306760,4601,7209,4,36000,1.63822999029
294950,299360,301582,4410,2222,4,36000,2.98469846985
294950,301389,310154,6439,8765,4,36000,1.73462635482
294951,304176,310776,9225,6600,4,36000,2.39772727273
294951,303687,308190,8736,4503,4,36000,2.94003997335
294951,303680,309402,8729,5722,4,36000,2.525515554
294951,301594,308767,6643,7173,4,36000,1.92611180817
294952,304859,315023,9907,10164,4,36000,1.97471467926
294952,305076,311188,10124,6112,4,36000,2.65641361257
294952,305058,305063,10106,5,4,36000,1011.1
294952,304769,311184,9817,6415,4,36000,2.53031956352
294953,305672,308676,10719,3004,4,36000,4.56824234354
294953,305641,314092,10688,8451,4,36000,2.26470240208
294953,305593,310431,10640,4838,4,36000,3.19925589086
294953,305525,324532,10572,19007,4,36000,1.5562161309
294953,305799,312275,10846,6476,4,36000,2.6747992588
294954,306945,316369,11991,9424,4,36000,2.27238964346
294954,305937,319005,10983,13068,4,36000,1.84044995409
294954,305805,312028,10851,6223,4,36000,2.74369275269
294954,305944,312595,10990,6651,4,36000,2.65238310029
294955,307135,307141,12180,6,4,36000,1218.6
294955,315742,324687,20787,8945,4,36000,3.32386808273
294955,315736,317869,20781,2133,4,36000,10.7426160338
294955,307152,307158,12197,6,4,36000,1220.3
294956,315747,325407,20791,9660,4,36000,3.15227743271
294956,315763,325122,20807,9359,4,36000,3.22320760765
294956,315757,322439,20801,6682,4,36000,4.11299012272
294956,315752,326383,20796,10631,4,36000,2.95616592983
294957,315768,319088,20811,3320,4,36000,7.26837349398
294957,316381,326643,21424,10262,4,36000,3.0877022023
294957,315773,323726,20816,7953,4,36000,3.61737709041
294957,316394,324947,21437,8553,4,36000,3.5063720332
294958,316961,324518,22003,7557,4,36000,3.91160513431
294958,316967,316972,22009,5,4,36000,2201.4
294958,316877,325326,21919,8449,4,36000,3.59427151142
295035,295042,298506,7,3464,2,7200,1.00202078522
295201,295208,298506,7,3298,2,7200,1.00212249848
295289,295296,298694,7,3398,2,7200,1.00206003531
295304,295312,298541,8,3229,2,7200,1.00247754723
295306,295318,298452,12,3134,2,7200,1.00382897256
295484,295491,298730,7,3239,2,7200,1.00216116085
295486,295503,298705,17,3202,2,7200,1.00530918176
295526,295540,313967,14,18427,2,36000,1.00075975471
295526,295533,298689,7,3156,2,7200,1.00221799747
295641,295647,298907,6,3260,2,7200,1.0018404908
295699,295705,298981,6,3276,2,7200,1.00183150183
295720,297930,298024,2210,94,64,480,24.5106382979
295759,295981,313833,222,17852,1,108000,1.01243558145
295759,297466,313832,1707,16366,1,108000,1.10430160088
295760,297501,313833,1741,16332,1,108000,1.10660053882
295821,295828,299055,7,3227,2,7200,1.0021691974
295872,295878,299100,6,3222,2,7200,1.00186219739
295967,295974,298994,7,3020,2,7200,1.00231788079
295982,295989,299219,7,3230,2,7200,1.00216718266
296034,297974,297978,1940,4,2,36000,194.4
296113,297843,313833,1730,15990,1,72000,1.10819262039
296116,298043,313832,1927,15789,1,72000,1.12204699474
296119,298048,313832,1929,15784,1,72000,1.12221236695
296309,297995,308752,1686,10757,2,36000,1.15673514921
296438,298001,298909,1563,908,2,18000,2.72136563877
296634,296641,300165,7,3524,2,7200,1.00198637911
296704,298007,299183,1303,1176,2,18000,2.10799319728
296967,296973,300389,6,3416,2,7200,1.00175644028
297036,297042,299770,6,2728,1,3600,1.00219941349
297052,298037,299673,985,1636,2,18000,1.60207823961
297286,297292,300554,6,3262,2,7200,1.00183936235
297519,297525,300706,6,3181,2,7200,1.00188619931
297629,297636,300864,7,3228,2,7200,1.0021685254
297647,297654,300777,7,3123,2,7200,1.00224143452
297663,297671,301003,8,3332,2,7200,1.00240096038
297678,297684,301076,6,3392,2,7200,1.00176886792
297693,297700,301060,7,3360,2,7200,1.00208333333
297708,297715,301042,7,3327,2,7200,1.0021039976
297710,297721,300947,11,3226,2,7200,1.00340979541
297728,297735,301054,7,3319,2,7200,1.002109069
297787,297793,301051,6,3258,2,7200,1.00184162063
297805,297812,301032,7,3220,2,7200,1.00217391304
297864,297870,300879,6,3009,2,7200,1.00199401795
297865,297876,301095,11,3219,2,7200,1.00341721031
297902,297909,301074,7,3165,2,7200,1.00221169036
297917,297924,301145,7,3221,2,7200,1.00217323812
297919,297936,301203,17,3267,2,7200,1.00520355066
297961,297968,301260,7,3292,2,7200,1.00212636695
297982,297989,301295,7,3306,2,7200,1.00211736237
297998,298013,301278,15,3265,2,7200,1.0045941807
298025,298031,301263,6,3232,2,7200,1.00185643564
298050,298133,301366,83,3233,2,7200,1.02567274977
298071,298139,301377,68,3238,2,7200,1.02100061767
298092,298144,301465,52,3321,2,7200,1.01565793436
298209,298215,298224,6,9,2,324000,1.5
298389,298395,298559,6,164,2,18000,1.03658536585
298453,298459,301860,6,3401,2,7200,1.001764187
298507,298514,301842,7,3328,2,7200,1.00210336538
298509,298520,301940,11,3420,2,7200,1.00321637427
298542,298548,301879,6,3331,2,7200,1.00180126088
298691,298697,301923,6,3226,2,7200,1.00185988841
298706,298713,302182,7,3469,2,7200,1.00201787259
298708,298719,302257,11,3538,2,7200,1.00310910119
298732,298738,301999,6,3261,2,7200,1.0018399264
298839,316972,316974,18133,2,4,108000,1813.5
298908,298914,302141,6,3227,2,7200,1.00185931205
298984,298990,302149,6,3159,2,7200,1.00189933523
298999,299005,302317,6,3312,2,7200,1.0018115942
299057,299063,302184,6,3121,2,7200,1.00192246075
299102,299109,302346,7,3237,2,7200,1.00216249614
299222,299228,302523,6,3295,2,7200,1.00182094082
299554,316977,327493,17423,10516,4,36000,2.6568086725
299772,299780,302386,8,2606,1,3600,1.00306983883
300166,300172,303570,6,3398,2,7200,1.00176574456
300390,300396,303798,6,3402,2,7200,1.00176366843
300556,300563,303553,7,2990,2,7200,1.00234113712
300709,300715,304107,6,3392,2,7200,1.00176886792
300779,300785,303893,6,3108,2,7200,1.00193050193
300864,300870,303942,6,3072,2,7200,1.001953125
300879,300885,304162,6,3277,2,7200,1.00183094294
300950,300956,304288,6,3332,2,7200,1.00180072029
300966,3222070,3223399,2921104,1329,256,1200,2198.97140707
301005,301011,304178,6,3167,2,7200,1.00189453742
301037,301043,304327,6,3284,2,7200,1.00182704019
301052,301058,304518,6,3460,2,7200,1.00173410405
301054,301064,304168,10,3104,2,7200,1.00322164948
301069,301076,304338,7,3262,2,7200,1.00214592275
301071,301082,304321,11,3239,2,7200,1.00339610991
301086,301092,304197,6,3105,2,7200,1.00193236715
301087,301099,304340,12,3241,2,7200,1.00370256094
301102,301108,304412,6,3304,2,7200,1.00181598063
301148,301155,304501,7,3346,2,7200,1.00209205021
301204,301210,304627,6,3417,2,7200,1.00175592625
301263,301269,304598,6,3329,2,7200,1.00180234305
301278,301284,304627,6,3343,2,7200,1.00179479509
301279,301290,304374,11,3084,2,7200,1.00356679637
301298,301304,304803,6,3499,2,7200,1.00171477565
301369,301375,304797,6,3422,2,7200,1.00175336061
301384,301395,304582,11,3187,2,7200,1.00345152181
301466,301473,304883,7,3410,2,7200,1.00205278592
301623,301896,305514,273,3618,4,3600,1.07545605307
301720,305206,323021,3486,17815,2,86400,1.19567779961
301753,302163,305788,410,3625,8,3600,1.11310344828
301842,301850,305112,8,3262,2,7200,1.00245248314
301863,301871,305031,8,3160,2,7200,1.00253164557
301882,301889,305345,7,3456,2,7200,1.00202546296
301925,301932,305320,7,3388,2,7200,1.0020661157
301943,301949,305188,6,3239,2,7200,1.00185242359
301985,316982,319759,14997,2777,4,36000,6.40043212099
302001,302007,305194,6,3187,2,7200,1.00188264826
302081,302157,310257,76,8100,1,54000,1.00938271605
302144,302150,305456,6,3306,2,7200,1.00181488203
302158,302170,305437,12,3267,2,7200,1.00367309458
302183,302189,305399,6,3210,2,7200,1.00186915888
302198,302204,305557,6,3353,2,7200,1.00178944229
302259,302265,305562,6,3297,2,7200,1.00181983621
302320,302327,305622,7,3295,2,7200,1.00212443096
302348,302354,305737,6,3383,2,7200,1.00177357375
302527,302533,305950,6,3417,2,7200,1.00175592625
302593,302599,311724,6,9125,1,10800,1.00065753425
303557,303563,306867,6,3304,2,7200,1.00181598063
303572,303578,306804,6,3226,2,7200,1.00185988841
303800,303807,307023,7,3216,2,7200,1.00217661692
303895,303901,307029,6,3128,2,7200,1.00191815857
303944,303950,307331,6,3381,2,7200,1.00177462289
304109,304115,307396,6,3281,2,7200,1.00182871076
304164,304170,307290,6,3120,2,7200,1.00192307692
304179,304185,307624,6,3439,2,7200,1.00174469322
304181,304192,307513,11,3321,2,7200,1.00331225534
304199,304205,307488,6,3283,2,7200,1.00182759671
304288,304296,307392,8,3096,2,7200,1.00258397933
304322,304328,307524,6,3196,2,7200,1.00187734668
304337,304345,307529,8,3184,2,7200,1.00251256281
304353,304361,307669,8,3308,2,7200,1.00241837969
304355,304368,307748,13,3380,2,7200,1.00384615385
304376,304382,307677,6,3295,2,7200,1.00182094082
304412,304419,307798,7,3379,2,7200,1.00207161882
304504,304510,307843,6,3333,2,7200,1.00180018002
304519,304525,307716,6,3191,2,7200,1.00188028831
304583,304589,308025,6,3436,2,7200,1.00174621653
304601,304607,307882,6,3275,2,7200,1.00183206107
304628,304634,308066,6,3432,2,7200,1.00174825175
304630,304641,307861,11,3220,2,7200,1.00341614907
304797,304803,308243,6,3440,2,7200,1.00174418605
304812,304818,308144,6,3326,2,7200,1.00180396873
304886,304893,308063,7,3170,2,7200,1.00220820189
305032,305038,308364,6,3326,2,7200,1.00180396873
305115,305121,308554,6,3433,2,7200,1.0017477425
305191,305197,308498,6,3301,2,7200,1.00181763102
305206,305213,308557,7,3344,2,7200,1.00209330144
305321,305328,308683,7,3355,2,7200,1.00208643815
305346,305352,308729,6,3377,2,7200,1.0017767249
305400,305407,308673,7,3266,2,7200,1.00214329455
305437,305444,308767,7,3323,2,7200,1.00210653024
305459,305466,308759,7,3293,2,7200,1.00212572123
305560,305566,308983,6,3417,2,7200,1.00175592625
305575,305581,308795,6,3214,2,7200,1.00186683261
305624,305630,308949,6,3319,2,7200,1.00180777343
305740,305746,309015,6,3269,2,7200,1.00183542368
305951,305957,309162,6,3205,2,7200,1.00187207488
306079,306085,307251,6,1166,1,7200,1.0051457976
306082,306411,307438,329,1027,1,7200,1.32035053554
306084,306416,307263,332,847,1,7200,1.3919716647
306088,306421,307502,333,1081,1,7200,1.30804810361
306091,306427,307433,336,1006,1,7200,1.33399602386
306094,306771,307823,677,1052,1,7200,1.64353612167
306098,306777,307775,679,998,1,7200,1.68036072144
306102,306782,308346,680,1564,1,7200,1.4347826087
306108,306787,307795,679,1008,1,7200,1.67361111111
306111,306880,307954,769,1074,1,7200,1.71601489758
306117,306933,307663,816,730,1,7200,2.11780821918
306120,306938,308307,818,1369,1,7200,1.59751643535
306805,306812,310013,7,3201,2,7200,1.00218681662
306867,306873,310133,6,3260,2,7200,1.0018404908
307024,307032,310337,8,3305,2,7200,1.00242057489
307039,307046,310398,7,3352,2,7200,1.00208830549
307149,307169,307743,20,574,4,7200,1.03484320557
307328,310958,314237,3630,3279,2,7200,2.10704483074
307334,310963,314240,3629,3277,2,7200,2.10741531889
307395,311016,314343,3621,3327,2,7200,2.08836789901
307411,311029,314346,3618,3317,2,7200,2.09074464878
307490,307496,310677,6,3181,2,7200,1.00188619931
307508,307514,310801,6,3287,2,7200,1.00182537268
307527,307533,310715,6,3182,2,7200,1.00188560654
307542,307548,310856,6,3308,2,7200,1.00181378476
307624,307631,311009,7,3378,2,7200,1.00207223209
307670,307676,311096,6,3420,2,7200,1.00175438596
307685,307691,310880,6,3189,2,7200,1.00188146754
307719,307725,311134,6,3409,2,7200,1.00176004693
307749,307755,311154,6,3399,2,7200,1.00176522507
307802,307808,311183,6,3375,2,7200,1.00177777778
307841,307847,308537,6,690,4,18000,1.00869565217
307845,307853,311261,8,3408,2,7200,1.00234741784
307864,307870,311139,6,3269,2,7200,1.00183542368
307885,307891,311124,6,3233,2,7200,1.00185586143
308026,308032,311268,6,3236,2,7200,1.00185414091
308063,308069,311383,6,3314,2,7200,1.00181050091
308078,308084,311323,6,3239,2,7200,1.00185242359
308146,308151,311492,5,3341,2,7200,1.00149655792
308184,308201,308772,17,571,2,18000,1.02977232925
308243,308249,311618,6,3369,2,7200,1.0017809439
308366,308372,311709,6,3337,2,7200,1.00179802218
308482,312039,320529,3557,8490,4,172800,1.41896348645
308483,312274,336863,3791,24589,4,172800,1.15417463093
308500,308507,311822,7,3315,2,7200,1.00211161388
308557,308563,311782,6,3219,2,7200,1.0018639329
308559,308569,311797,10,3228,2,7200,1.00309789343
308665,308689,313964,24,5275,4,18000,1.00454976303
308676,308682,311850,6,3168,2,7200,1.00189393939
308683,308695,308799,12,104,1,14400,1.11538461538
308691,308703,312067,12,3364,2,7200,1.00356718193
308730,308737,312011,7,3274,2,7200,1.00213805742
308761,308767,312007,6,3240,2,7200,1.00185185185
308776,308783,311954,7,3171,2,7200,1.00220750552
308794,308800,319915,6,11115,4,14400,1.00053981107
308797,308807,312257,10,3450,2,7200,1.00289855072
308802,308814,319920,12,11106,1,14400,1.00108049703
308949,308955,312212,6,3257,2,7200,1.00184218606
308986,308993,312379,7,3386,2,7200,1.00206733609
309015,309021,309027,6,6,1,29700,1.2
309016,309028,312358,12,3330,2,7200,1.0036036036
309042,309048,309052,6,4,1,29700,1.0
309051,309063,309067,12,4,1,29700,1.6
309061,309079,309083,18,4,1,29700,2.2
309070,309094,309098,24,4,1,29700,2.8
309078,309110,309113,32,3,1,29700,3.5
309090,309124,309128,34,4,1,29700,3.8
309107,309151,309152,44,1,1,44100,4.5
309119,309163,309164,44,1,1,44100,4.5
309163,309169,312485,6,3316,2,7200,1.00180940893
309720,311835,313980,2115,2145,2,36000,1.98601398601
309848,311339,311344,1491,5,1,44100,149.6
309858,311356,311359,1498,3,1,29700,150.1
309868,311370,311374,1502,4,1,44100,150.6
309876,311386,311390,1510,4,1,44100,151.4
309885,311401,311405,1516,4,1,44100,152.0
309894,311417,311420,1523,3,1,44100,152.6
309901,311431,311436,1530,5,1,44100,153.5
309909,311448,311451,1539,3,1,44100,154.2
309920,311463,311466,1543,3,1,44100,154.6
309928,311477,311481,1549,4,1,44100,155.3
310017,310023,313381,6,3358,2,7200,1.00178677784
310039,310046,310134,7,88,6,3600,1.07954545455
310139,310145,313379,6,3234,2,7200,1.00185528757
310247,311493,388575,1246,77082,1,79200,1.01616460393
310251,312287,328865,2036,16578,4,172800,1.12281336711
310339,310346,313717,7,3371,2,7200,1.00207653515
310400,310406,313800,6,3394,2,7200,1.00176782557
310679,310685,314203,6,3518,2,7200,1.0017055145
310717,310724,314146,7,3422,2,7200,1.00204558738
310755,311799,374838,1044,63039,2,172800,1.01656117641
310802,310809,314089,7,3280,2,7200,1.00213414634
310857,310863,313981,6,3118,2,7200,1.00192431046
310881,310889,314198,8,3309,2,7200,1.00241764884
311010,311021,314139,11,3118,2,7200,1.0035279025
311099,311106,314408,7,3302,2,7200,1.00211992732
311126,311132,314429,6,3297,2,7200,1.00181983621
311141,311147,314567,6,3420,2,7200,1.00175438596
311143,311153,314444,10,3291,2,7200,1.00303859009
311158,311165,314616,7,3451,2,7200,1.00202839757
311186,311193,314597,7,3404,2,7200,1.00205640423
311261,311268,314728,7,3460,2,7200,1.00202312139
311277,311283,314695,6,3412,2,7200,1.00175849941
311326,311332,314676,6,3344,2,7200,1.00179425837
311384,311393,314925,9,3532,2,7200,1.00254813137
311494,311501,314827,7,3326,2,7200,1.00210463019
311619,311626,314890,7,3264,2,7200,1.00214460784
311711,311718,315181,7,3463,2,7200,1.00202136876
311786,311792,314957,6,3165,2,7200,1.0018957346
311801,311809,315118,8,3309,2,7200,1.00241764884
311823,311829,315158,6,3329,2,7200,1.00180234305
311850,311856,315284,6,3428,2,7200,1.00175029172
311957,311963,315344,6,3381,2,7200,1.00177462289
312008,312016,315583,8,3567,2,7200,1.00224278105
312023,312030,315203,7,3173,2,7200,1.00220611409
312070,312076,315388,6,3312,2,7200,1.0018115942
312098,313848,316325,1750,2477,2,43200,1.70649979814
312214,312221,315749,7,3528,2,7200,1.00198412698
312260,312267,315738,7,3471,2,7200,1.00201670988
312362,315597,315725,3235,128,32,600,26.2734375
312363,312368,315644,5,3276,2,7200,1.00152625153
312384,312391,315864,7,3473,2,7200,1.00201554852
312487,312493,315924,6,3431,2,7200,1.00174876129
313383,313389,316854,6,3465,2,7200,1.00173160173
313384,313396,316865,12,3469,2,7200,1.00345921015
313718,313726,317241,8,3515,2,7200,1.00227596017
313807,313813,317306,6,3493,2,7200,1.00171772116
313982,313989,314030,7,41,2,7200,1.17073170732
314033,314039,317403,6,3364,2,7200,1.00178359096
314093,314099,317488,6,3389,2,7200,1.00177043376
314147,314153,317591,6,3438,2,7200,1.0017452007
314148,314160,317571,12,3411,2,7200,1.0035180299
314217,314224,317697,7,3473,2,7200,1.00201554852
314218,314231,317573,13,3342,2,7200,1.0038898863
314343,314349,317843,6,3494,2,7200,1.00171722954
314344,314357,317782,13,3425,2,7200,1.00379562044
314369,314375,317702,6,3327,2,7200,1.00180342651
314370,314383,317816,13,3433,2,7200,1.00378677542
314411,314418,317785,7,3367,2,7200,1.00207900208
314432,314438,317881,6,3443,2,7200,1.00174266628
314453,314459,317836,6,3377,2,7200,1.0017767249
314571,314578,317943,7,3365,2,7200,1.00208023774
314600,314607,317942,7,3335,2,7200,1.00209895052
314620,314626,318186,6,3560,2,7200,1.00168539326
314677,314684,318015,7,3331,2,7200,1.00210147103
314695,314701,318145,6,3444,2,7200,1.00174216028
314734,314740,317939,6,3199,2,7200,1.00187558612
314830,314837,318355,7,3518,2,7200,1.00198976691
314900,314908,318327,8,3419,2,7200,1.00233986546
314927,314933,318343,6,3410,2,7200,1.00175953079
315024,315031,318295,7,3264,2,7200,1.00214460784
315124,315130,318578,6,3448,2,7200,1.00174013921
315159,315166,318615,7,3449,2,7200,1.00202957379
315185,315192,318625,7,3433,2,7200,1.00203903292
315206,315212,318609,6,3397,2,7200,1.00176626435
315286,315293,318615,7,3322,2,7200,1.00210716436
315347,315354,318781,7,3427,2,7200,1.00204260286
315393,315399,318864,6,3465,2,7200,1.00173160173
315584,315590,318864,6,3274,2,7200,1.00183262065
315644,315650,319087,6,3437,2,7200,1.00174570847
315741,315779,319236,38,3457,2,7200,1.01099218976
315757,315785,319115,28,3330,2,7200,1.00840840841
315865,315872,319220,7,3348,2,7200,1.00209080048
315928,315934,319303,6,3369,2,7200,1.0017809439
316858,316864,320116,6,3252,2,7200,1.00184501845
316873,316884,320387,11,3503,2,7200,1.00314016557
317243,317250,320591,7,3341,2,7200,1.00209518108
317309,317316,320894,7,3578,2,7200,1.00195640022
317404,317410,320646,6,3236,2,7200,1.00185414091
317490,317496,321017,6,3521,2,7200,1.00170406135
317494,317503,317910,9,407,2,18000,1.02211302211
317574,317580,320936,6,3356,2,7200,1.00178784267
317575,317586,320919,11,3333,2,7200,1.00330033003
317594,317601,321145,7,3544,2,7200,1.0019751693
317698,317704,321067,6,3363,2,7200,1.00178412132
317714,317720,321005,6,3285,2,7200,1.00182648402
317786,317792,321264,6,3472,2,7200,1.0017281106
317788,317799,321125,11,3326,2,7200,1.00330727601
317818,317825,320974,7,3149,2,7200,1.00222292791
317841,317847,321258,6,3411,2,7200,1.00175901495
317856,317863,321360,7,3497,2,7200,1.00200171576
317882,317889,321233,7,3344,2,7200,1.00209330144
317943,317949,321486,6,3537,2,7200,1.00169635284
317944,317956,321448,12,3492,2,7200,1.00343642612
317961,317967,321347,6,3380,2,7200,1.00177514793
318018,318024,321380,6,3356,2,7200,1.00178784267
318108,318114,319379,6,1265,2,18000,1.004743083
318152,318158,321599,6,3441,2,7200,1.00174367916
318197,318203,321525,6,3322,2,7200,1.00180614088
318298,318304,321703,6,3399,2,7200,1.00176522507
318343,318349,321720,6,3371,2,7200,1.00177988727
318366,318372,321749,6,3377,2,7200,1.0017767249
318367,318379,321835,12,3456,2,7200,1.00347222222
318583,318589,321889,6,3300,2,7200,1.00181818182
318612,318619,321961,7,3342,2,7200,1.00209455416
318630,318636,322036,6,3400,2,7200,1.00176470588
318631,318642,321914,11,3272,2,7200,1.00336185819
318632,318647,322148,15,3501,2,7200,1.00428449015
318782,318788,322364,6,3576,2,7200,1.00167785235
318843,345937,346045,27094,108,128,600,251.87037037
318876,318882,322418,6,3536,2,7200,1.00169683258
318878,318890,322458,12,3568,2,7200,1.0033632287
319092,319099,322599,7,3500,2,7200,1.002
319122,319128,322562,6,3434,2,7200,1.00174723355
319224,319231,322520,7,3289,2,7200,1.00212830648
319240,319247,322632,7,3385,2,7200,1.00206794682
319306,319312,322601,6,3289,2,7200,1.00182426269
319511,319518,333417,7,13899,1,36000,1.00050363335
319649,319655,319750,6,95,2,10800,1.06315789474
319761,323910,324070,4149,160,64,600,26.93125
319902,319908,320037,6,129,2,10800,1.04651162791
320118,320125,323657,7,3532,2,7200,1.00198187995
320162,320168,320212,6,44,2,10800,1.13636363636
320302,320309,320335,7,26,2,10800,1.26923076923
320388,320395,320427,7,32,2,10800,1.21875
320389,320402,323965,13,3563,2,7200,1.00364861072
320457,320465,324029,8,3564,2,7200,1.00224466891
320459,320476,323797,17,3321,2,7200,1.00511894008
320461,320481,324017,20,3536,2,7200,1.0056561086
320463,320486,323898,23,3412,2,7200,1.00674091442
320464,320491,323892,27,3401,2,7200,1.00793884152
320466,320499,324016,33,3517,2,7200,1.00938299687
320467,320504,323941,37,3437,2,7200,1.01076520221
320469,320509,324088,40,3579,2,7200,1.01117630623
320470,320515,323865,45,3350,2,7200,1.01343283582
320472,320520,323714,48,3194,2,7200,1.01502817783
320473,320525,323905,52,3380,2,7200,1.01538461538
320474,320530,323965,56,3435,2,7200,1.01630276565
320476,320536,323843,60,3307,2,7200,1.01814333233
320477,320541,323912,64,3371,2,7200,1.01898546425
320479,320546,323948,67,3402,2,7200,1.01969429747
320480,320551,323909,71,3358,2,7200,1.02114353782
320481,320557,323766,76,3209,2,7200,1.02368339046
320483,320562,323883,79,3321,2,7200,1.02378801566
320484,320567,323860,83,3293,2,7200,1.02520498026
320486,320573,324056,87,3483,2,7200,1.02497846684
320595,320601,323947,6,3346,2,7200,1.00179318589
320648,320654,324145,6,3491,2,7200,1.00171870524
320897,320904,324259,7,3355,2,7200,1.00208643815
320922,320928,324574,6,3646,2,7200,1.00164563906
320938,320945,324397,7,3452,2,7200,1.00202780997
320975,320982,324176,7,3194,2,7200,1.00219160927
321007,321014,324407,7,3393,2,7200,1.00206307103
321024,321031,324208,7,3177,2,7200,1.00220333648
321069,321076,324476,7,3400,2,7200,1.00205882353
321126,321132,324490,6,3358,2,7200,1.00178677784
321148,321154,324695,6,3541,2,7200,1.0016944366
321235,321537,325023,302,3486,2,7200,1.08663224326
321261,321715,324911,454,3196,2,7200,1.14205256571
321277,321733,324997,456,3264,2,7200,1.13970588235
321348,321761,325187,413,3426,2,7200,1.12054874489
321366,321847,325165,481,3318,2,7200,1.1449668475
321382,321902,325232,520,3330,2,7200,1.15615615616
321452,321926,325186,474,3260,2,7200,1.14539877301
321490,321974,325256,484,3282,2,7200,1.14747105424
321528,322048,325204,520,3156,2,7200,1.16476552598
321600,322159,325498,559,3339,2,7200,1.16741539383
321706,322375,325651,669,3276,2,7200,1.20421245421
321722,322430,325802,708,3372,2,7200,1.20996441281
321751,322450,325809,699,3359,2,7200,1.20809764811
321839,322470,325961,631,3491,2,7200,1.18075050129
321890,322613,325877,723,3264,2,7200,1.22150735294
321916,323033,326605,1117,3572,2,7200,1.31270996641
321964,323727,326959,1763,3232,2,7200,1.54548267327
322036,323777,327181,1741,3404,2,7200,1.51145710928
322152,323855,327365,1703,3510,2,7200,1.48518518519
322359,323871,327324,1512,3453,2,7200,1.43788010426
322419,323879,327211,1460,3332,2,7200,1.43817527011
322455,323895,327361,1440,3466,2,7200,1.41546451241
322459,323976,324184,1517,208,2,18000,8.29326923077
322520,323904,327109,1384,3205,2,7200,1.43182527301
322565,323917,327180,1352,3263,2,7200,1.41434262948
322602,323923,327275,1321,3352,2,7200,1.39409307876
322603,323928,327452,1325,3524,2,7200,1.37599318956
322633,323953,327503,1320,3550,2,7200,1.37183098592
322839,324028,324289,1189,261,2,18000,5.55555555556
323042,349473,349476,26431,3,4,108000,2643.4
323660,323960,327492,300,3532,2,7200,1.08493771234
323718,323966,327181,248,3215,2,7200,1.07713841369
323769,323981,327370,212,3389,2,7200,1.06255532605
323798,324033,327339,235,3306,2,7200,1.07108287961
323846,324041,327474,195,3433,2,7200,1.05680163123
323863,324068,327244,205,3176,2,7200,1.0645465995
323878,324083,327542,205,3459,2,7200,1.05926568372
323894,324088,327489,194,3401,2,7200,1.05704204646
323896,324093,327441,197,3348,2,7200,1.05884109916
323914,324098,327746,184,3648,2,7200,1.05043859649
323915,324104,327403,189,3299,2,7200,1.05729008791
323917,324109,327540,192,3431,2,7200,1.05596036141
323918,324114,327639,196,3525,2,7200,1.05560283688
323949,324120,327493,171,3373,2,7200,1.05069670916
323950,324125,327638,175,3513,2,7200,1.04981497296
323951,324130,327643,179,3513,2,7200,1.05095360091
323970,324135,327294,165,3159,2,7200,1.0522317189
323971,324141,327581,170,3440,2,7200,1.04941860465
324018,324146,327411,128,3265,2,7200,1.03920367534
324019,324152,327453,133,3301,2,7200,1.04029082096
324035,324157,327377,122,3220,2,7200,1.03788819876
324057,324162,327597,105,3435,2,7200,1.03056768559
324089,324169,327403,80,3234,2,7200,1.02473716759
324145,324174,327532,29,3358,2,7200,1.00863609291
324180,324186,327561,6,3375,2,7200,1.00177777778
324208,324216,327505,8,3289,2,7200,1.00243235026
324257,324263,327791,6,3528,2,7200,1.00170068027
324399,324405,327888,6,3483,2,7200,1.00172265289
324415,324421,327743,6,3322,2,7200,1.00180614088
324477,324484,327575,7,3091,2,7200,1.00226463928
324493,324500,327685,7,3185,2,7200,1.0021978022
324576,324583,328100,7,3517,2,7200,1.00199033267
324698,324704,327948,6,3244,2,7200,1.00184956843
324912,324919,328326,7,3407,2,7200,1.00205459348
325000,325007,328233,7,3226,2,7200,1.00216986981
325026,325032,328213,6,3181,2,7200,1.00188619931
325168,325175,328403,7,3228,2,7200,1.0021685254
325188,325195,328665,7,3470,2,7200,1.00201729107
325189,325202,328607,13,3405,2,7200,1.00381791483
325205,325212,328447,7,3235,2,7200,1.00216383308
325235,325241,328454,6,3213,2,7200,1.00186741363
325258,325264,328515,6,3251,2,7200,1.00184558597
325499,325506,328692,7,3186,2,7200,1.00219711237
325652,325659,328979,7,3320,2,7200,1.00210843373
325806,325812,329193,6,3381,2,7200,1.00177462289
325823,325833,329212,10,3379,2,7200,1.00295945546
325880,325887,329357,7,3470,2,7200,1.00201729107
325965,325971,329560,6,3589,2,7200,1.00167177487
326608,326614,329942,6,3328,2,7200,1.00180288462
326962,326968,330208,6,3240,2,7200,1.00185185185
327113,327119,330358,6,3239,2,7200,1.00185242359
327183,327189,330635,6,3446,2,7200,1.00174114916
327184,327196,330342,12,3146,2,7200,1.00381436745
327185,327201,330533,16,3332,2,7200,1.00480192077
327212,327218,330683,6,3465,2,7200,1.00173160173
327247,327254,330639,7,3385,2,7200,1.00206794682
327276,327283,330513,7,3230,2,7200,1.00216718266
327296,327302,330572,6,3270,2,7200,1.00183486239
327325,327331,330561,6,3230,2,7200,1.00185758514
327340,327346,330675,6,3329,2,7200,1.00180234305
327362,327368,330500,6,3132,2,7200,1.00191570881
327379,327385,330767,6,3382,2,7200,1.00177409817
327380,327391,330843,11,3452,2,7200,1.00318655852
327382,327397,330572,15,3175,2,7200,1.00472440945
327404,327410,330722,6,3312,2,7200,1.0018115942
327406,327416,330834,10,3418,2,7200,1.00292568754
327422,327428,330792,6,3364,2,7200,1.00178359096
327444,327450,330607,6,3157,2,7200,1.00190053849
327459,327467,330683,8,3216,2,7200,1.00248756219
327461,327472,330700,11,3228,2,7200,1.00340768278
327476,327483,330676,7,3193,2,7200,1.00219229565
327492,327498,330753,6,3255,2,7200,1.00184331797
327493,327504,330697,11,3193,2,7200,1.00344503602
327510,327517,330716,7,3199,2,7200,1.00218818381
327511,327522,330860,11,3338,2,7200,1.00329538646
327513,327530,330816,17,3286,2,7200,1.00517346318
327535,327542,330784,7,3242,2,7200,1.00215916101
327550,327556,330764,6,3208,2,7200,1.00187032419
327551,327562,330839,11,3277,2,7200,1.00335672872
327567,327575,330859,8,3284,2,7200,1.00243605359
327583,327589,331115,6,3526,2,7200,1.00170164492
327585,327595,330823,10,3228,2,7200,1.00309789343
327600,327606,330963,6,3357,2,7200,1.0017873101
327639,327646,331029,7,3383,2,7200,1.00206916938
327654,327660,330921,6,3261,2,7200,1.0018399264
327655,327666,331004,11,3338,2,7200,1.00329538646
327686,327694,330898,8,3204,2,7200,1.0024968789
327746,327752,331043,6,3291,2,7200,1.00182315406
327747,327759,331055,12,3296,2,7200,1.0036407767
327795,327802,331146,7,3344,2,7200,1.00209330144
327888,327895,330991,7,3096,2,7200,1.00226098191
327949,327957,331362,8,3405,2,7200,1.00234948605
328101,328108,331302,7,3194,2,7200,1.00219160927
328215,328221,331493,6,3272,2,7200,1.00183374083
328234,328240,331587,6,3347,2,7200,1.00179265013
328327,328333,331671,6,3338,2,7200,1.00179748352
328404,328410,332017,6,3607,2,7200,1.00166343222
328448,328456,331683,8,3227,2,7200,1.00247908274
328464,328471,331778,7,3307,2,7200,1.0021167221
328518,328525,332059,7,3534,2,7200,1.00198075835
328611,328618,331738,7,3120,2,7200,1.00224358974
328664,328671,331991,7,3320,2,7200,1.00210843373
328693,328699,331899,6,3200,2,7200,1.001875
328978,328984,332498,6,3514,2,7200,1.00170745589
329196,329203,332492,7,3289,2,7200,1.00212830648
329215,329221,332399,6,3178,2,7200,1.00188797986
329359,329366,332833,7,3467,2,7200,1.00201903663
329561,329567,332946,6,3379,2,7200,1.00177567328
329945,329951,333235,6,3284,2,7200,1.00182704019
330209,330216,333467,7,3251,2,7200,1.00215318364
330341,330347,333487,6,3140,2,7200,1.00191082803
330359,330365,333659,6,3294,2,7200,1.00182149362
330500,330507,333719,7,3212,2,7200,1.00217932752
330517,330524,333798,7,3274,2,7200,1.00213805742
330536,330543,333707,7,3164,2,7200,1.00221238938
330565,330573,333840,8,3267,2,7200,1.00244872972
330581,330588,333902,7,3314,2,7200,1.00211225106
330583,330595,334010,12,3415,2,7200,1.00351390922
330608,330615,333936,7,3321,2,7200,1.00210779886
330637,330643,333943,6,3300,2,7200,1.00181818182
330655,330662,334130,7,3468,2,7200,1.00201845444
330678,330684,333894,6,3210,2,7200,1.00186915888
330679,330690,333963,11,3273,2,7200,1.00336083104
330695,330701,333836,6,3135,2,7200,1.0019138756
330696,330708,334071,12,3363,2,7200,1.00356824264
330713,330719,334046,6,3327,2,7200,1.00180342651
330714,330726,333954,12,3228,2,7200,1.00371747212
330730,330736,333985,6,3249,2,7200,1.00184672207
330731,330743,334030,12,3287,2,7200,1.00365074536
330760,330766,333915,6,3149,2,7200,1.00190536678
330776,330782,334119,6,3337,2,7200,1.00179802218
330777,330789,333905,12,3116,2,7200,1.00385109114
330793,330800,333948,7,3148,2,7200,1.00222363405
330794,330806,334018,12,3212,2,7200,1.00373599004
330819,330826,334125,7,3299,2,7200,1.00212185511
330834,330840,334081,6,3241,2,7200,1.00185128047
330836,330847,334097,11,3250,2,7200,1.00338461538
330852,330859,334453,7,3594,2,7200,1.0019476906
330854,330866,334220,12,3354,2,7200,1.00357781753
330869,330876,334037,7,3161,2,7200,1.00221448909
330871,330883,334066,12,3183,2,7200,1.00377002828
330899,330905,334188,6,3283,2,7200,1.00182759671
330924,330930,334293,6,3363,2,7200,1.00178412132
330964,330971,334328,7,3357,2,7200,1.00208519511
330992,330998,334276,6,3278,2,7200,1.00183038438
331007,331014,334269,7,3255,2,7200,1.00215053763
331032,331038,334284,6,3246,2,7200,1.00184842884
331047,331053,334331,6,3278,2,7200,1.00183038438
331063,331069,334423,6,3354,2,7200,1.00178890877
331118,331125,334474,7,3349,2,7200,1.00209017617
331147,331153,334290,6,3137,2,7200,1.0019126554
331158,331917,331999,759,82,16,1210,10.256097561
331303,331309,334621,6,3312,2,7200,1.0018115942
331363,331370,334657,7,3287,2,7200,1.00212960146
331424,333961,334088,2537,127,64,600,20.9763779528
331488,331495,334880,7,3385,2,7200,1.00206794682
331588,331595,334919,7,3324,2,7200,1.00210589651
331671,331678,335015,7,3337,2,7200,1.00209769254
331686,331694,335011,8,3317,2,7200,1.00241181791
331738,331745,334985,7,3240,2,7200,1.00216049383
331781,331788,335067,7,3279,2,7200,1.00213479719
331902,331910,335187,8,3277,2,7200,1.00244125725
331993,332000,335400,7,3400,2,7200,1.00205882353
332020,332026,335354,6,3328,2,7200,1.00180288462
332059,332066,335634,7,3568,2,7200,1.00196188341
332130,332136,332138,6,2,2,3540,1.0
332399,332405,335711,6,3306,2,7200,1.00181488203
332493,332500,336009,7,3509,2,7200,1.00199487033
332508,332514,335647,6,3133,2,7200,1.00191509735
332551,332558,332599,7,41,16,1210,1.17073170732
332835,332841,336093,6,3252,2,7200,1.00184501845
332947,332953,336246,6,3293,2,7200,1.00182204677
333237,333243,336405,6,3162,2,7200,1.00189753321
333326,333332,333395,6,63,16,1210,1.09523809524
333467,333474,336767,7,3293,2,7200,1.00212572123
333488,333496,336808,8,3312,2,7200,1.00241545894
333661,333667,337093,6,3426,2,7200,1.00175131349
333709,333716,336971,7,3255,2,7200,1.00215053763
333724,333730,337140,6,3410,2,7200,1.00175953079
333799,333806,337062,7,3256,2,7200,1.00214987715
333839,333845,336974,6,3129,2,7200,1.00191754554
333840,333851,337106,11,3255,2,7200,1.00337941628
333896,333903,337125,7,3222,2,7200,1.00217256363
333911,333918,337240,7,3322,2,7200,1.00210716436
333913,333924,337307,11,3383,2,7200,1.00325155188
333928,333935,337284,7,3349,2,7200,1.00209017617
333943,333949,337284,6,3335,2,7200,1.00179910045
333958,333967,337257,9,3290,2,7200,1.00273556231
333959,333972,337517,13,3545,2,7200,1.00366713681
333961,333977,337225,16,3248,2,7200,1.00492610837
333975,333983,337373,8,3390,2,7200,1.00235988201
333991,333997,337228,6,3231,2,7200,1.00185701021
334013,334019,337311,6,3292,2,7200,1.00182260024
334028,334035,337411,7,3376,2,7200,1.00207345972
334043,334049,337294,6,3245,2,7200,1.00184899846
334044,334055,337451,11,3396,2,7200,1.00323910483
334059,334067,337268,8,3201,2,7200,1.00249921899
334075,334081,337437,6,3356,2,7200,1.00178784267
334076,334087,337533,11,3446,2,7200,1.00319210679
334091,334097,337381,6,3284,2,7200,1.00182704019
334106,334112,337400,6,3288,2,7200,1.00182481752
334121,334127,337485,6,3358,2,7200,1.00178677784
334136,334142,337405,6,3263,2,7200,1.00183879865
334138,334148,337500,10,3352,2,7200,1.00298329356
334189,334195,337683,6,3488,2,7200,1.00172018349
334222,334228,337507,6,3279,2,7200,1.00182982617
334271,334277,337610,6,3333,2,7200,1.00180018002
334286,334293,337704,7,3411,2,7200,1.00205218411
334288,334299,337534,11,3235,2,7200,1.00340030912
334303,334309,337525,6,3216,2,7200,1.00186567164
334304,334316,337534,12,3218,2,7200,1.00372902424
334329,334336,337821,7,3485,2,7200,1.00200860832
334344,334351,337639,7,3288,2,7200,1.00212895377
334426,334433,337714,7,3281,2,7200,1.00213349589
334453,334459,337812,6,3353,2,7200,1.00178944229
334474,334480,337692,6,3212,2,7200,1.00186799502
334624,334630,337942,6,3312,2,7200,1.0018115942
334657,334663,337925,6,3262,2,7200,1.00183936235
334883,334889,338066,6,3177,2,7200,1.00188857413
334919,334925,338024,6,3099,2,7200,1.00193610842
334986,334993,338386,7,3393,2,7200,1.00206307103
335014,335020,338234,6,3214,2,7200,1.00186683261
335030,335037,338390,7,3353,2,7200,1.00208768267
335070,335077,338358,7,3281,2,7200,1.00213349589
335190,335196,338536,6,3340,2,7200,1.00179640719
335356,335363,338783,7,3420,2,7200,1.00204678363
335400,335406,338705,6,3299,2,7200,1.00181873295
335638,335645,338922,7,3277,2,7200,1.00213610009
335655,335661,338991,6,3330,2,7200,1.0018018018
335714,335721,338944,7,3223,2,7200,1.00217188954
336013,336019,339278,6,3259,2,7200,1.00184105554
336097,336103,339567,6,3464,2,7200,1.00173210162
336224,450912,630654,114688,179742,18,288000,1.63807012273
336247,336253,339577,6,3324,2,7200,1.00180505415
336405,336412,339797,7,3385,2,7200,1.00206794682
336611,336619,336692,8,73,16,1210,1.1095890411
336769,336776,340001,7,3225,2,7200,1.00217054264
336811,336817,339960,6,3143,2,7200,1.00190900414
336972,336979,340172,7,3193,2,7200,1.00219229565
336987,336993,340328,6,3335,2,7200,1.00179910045
337046,337053,340357,7,3304,2,7200,1.00211864407
337047,337060,340360,13,3300,2,7200,1.00393939394
337049,337065,340432,16,3367,2,7200,1.00475200475
337050,337070,340342,20,3272,2,7200,1.00611246944
337051,337076,340378,25,3302,2,7200,1.00757116899
337053,337081,340303,28,3222,2,7200,1.0086902545
337054,337087,340356,33,3269,2,7200,1.01009483022
337055,337092,340316,37,3224,2,7200,1.0114764268
337057,337097,340369,40,3272,2,7200,1.01222493888
337058,337103,340491,45,3388,2,7200,1.01328217237
337060,337108,340411,48,3303,2,7200,1.01453224342
337061,337113,340376,52,3263,2,7200,1.01593625498
337062,337119,340329,57,3210,2,7200,1.01775700935
337064,337124,340464,60,3340,2,7200,1.01796407186
337065,337129,340488,64,3359,2,7200,1.01905328967
337066,337134,340608,68,3474,2,7200,1.01957397812
337068,337140,340547,72,3407,2,7200,1.02113296155
337069,337145,340651,76,3506,2,7200,1.02167712493
337070,337150,340445,80,3295,2,7200,1.02427921093
337072,337155,340387,83,3232,2,7200,1.02568069307
337073,337161,340355,88,3194,2,7200,1.02755165936
337074,337166,340498,92,3332,2,7200,1.02761104442
337076,337172,340429,96,3257,2,7200,1.02947497697
337077,337177,340489,100,3312,2,7200,1.03019323671
337078,337182,340412,104,3230,2,7200,1.03219814241
337080,337188,340477,108,3289,2,7200,1.03283672849
337081,337193,340613,112,3420,2,7200,1.03274853801
337082,337200,340557,118,3357,2,7200,1.03515043193
337084,337205,340505,121,3300,2,7200,1.03666666667
337085,337210,340508,125,3298,2,7200,1.03790175864
337101,337215,340504,114,3289,2,7200,1.03466099118
337102,337221,340772,119,3551,2,7200,1.03351168685
337117,337226,340429,109,3203,2,7200,1.03403059632
337132,337231,340400,99,3169,2,7200,1.03124013885
337147,337236,340481,89,3245,2,7200,1.02742681048
337227,337243,340477,16,3234,2,7200,1.00494743352
337242,337249,340473,7,3224,2,7200,1.00217121588
337243,337254,340360,11,3106,2,7200,1.00354153252
337258,337264,340566,6,3302,2,7200,1.00181708056
337273,337279,340584,6,3305,2,7200,1.00181543116
337288,337295,340439,7,3144,2,7200,1.0022264631
337290,337302,340680,12,3378,2,7200,1.00355239787
337305,337311,340628,6,3317,2,7200,1.00180886343
337320,337327,340616,7,3289,2,7200,1.00212830648
337322,337333,340734,11,3401,2,7200,1.00323434284
337373,337379,340736,6,3357,2,7200,1.0017873101
337388,337395,340680,7,3285,2,7200,1.00213089802
337403,337410,340582,7,3172,2,7200,1.00220680958
337418,337425,340560,7,3135,2,7200,1.00223285486
337420,337430,340663,10,3233,2,7200,1.00309310238
337438,337444,340856,6,3412,2,7200,1.00175849941
337452,337459,340874,7,3415,2,7200,1.00204978038
337486,337492,340743,6,3251,2,7200,1.00184558597
337501,337508,340895,7,3387,2,7200,1.00206672572
337516,337522,340889,6,3367,2,7200,1.00178200178
337531,337538,340871,7,3333,2,7200,1.00210021002
337533,337544,340893,11,3349,2,7200,1.00328456256
337548,337555,340778,7,3223,2,7200,1.00217188954
337549,337562,340693,13,3131,2,7200,1.00415202811
337551,337567,340742,16,3175,2,7200,1.00503937008
337612,337618,340945,6,3327,2,7200,1.00180342651
337642,337648,340999,6,3351,2,7200,1.0017905103
337684,337692,340997,8,3305,2,7200,1.00242057489
337699,337707,341115,8,3408,2,7200,1.00234741784
337715,337721,340872,6,3151,2,7200,1.00190415741
337716,337728,340936,12,3208,2,7200,1.00374064838
337813,337820,341070,7,3250,2,7200,1.00215384615
337828,337834,341141,6,3307,2,7200,1.00181433323
337925,337932,341290,7,3358,2,7200,1.00208457415
337940,337946,341361,6,3415,2,7200,1.00175695461
338027,338033,341167,6,3134,2,7200,1.00191448628
338072,338078,341553,6,3475,2,7200,1.00172661871
338236,338242,341647,6,3405,2,7200,1.00176211454
338361,338368,341651,7,3283,2,7200,1.00213219616
338388,338394,341727,6,3333,2,7200,1.00180018002
338405,338412,341745,7,3333,2,7200,1.00210021002
338538,338544,341728,6,3184,2,7200,1.00188442211
338710,338717,341859,7,3142,2,7200,1.00222788033
338743,364267,366009,25524,1742,2,14400,15.6521239954
338787,338794,342109,7,3315,2,7200,1.00211161388
338842,364492,364534,25650,42,2,14400,611.714285714
338926,338932,342150,6,3218,2,7200,1.00186451212
338947,338953,342153,6,3200,2,7200,1.001875
338994,339001,342248,7,3247,2,7200,1.00215583616
339216,364546,364709,25330,163,2,14400,156.398773006
339282,339288,342551,6,3263,2,7200,1.00183879865
339358,364721,364724,25363,3,2,14400,2536.6
339522,364737,371044,25215,6307,2,28800,4.99793879816
339570,339576,342795,6,3219,2,7200,1.0018639329
339585,339591,342884,6,3293,2,7200,1.00182204677
339686,366021,372250,26335,6229,2,28800,5.22780542623
339738,451105,461936,111367,10831,32,10800,11.2822454067
339796,371055,377326,31259,6271,2,28800,5.98469143677
339797,339805,343105,8,3300,2,7200,1.00242424242
339801,346056,356488,6255,10432,128,10800,1.59959739264
339829,356502,365654,16673,9152,128,10800,2.82178758741
339836,365666,375554,25830,9888,128,10800,3.61225728155
339839,375567,385546,35728,9979,128,10800,4.58031866921
339842,385558,396388,45716,10830,128,10800,5.22123730379
339845,396400,407230,56555,10830,128,10800,6.22206832872
339849,407242,418078,67393,10836,128,10800,7.21936138797
339855,418091,428927,78236,10836,128,10800,8.2200073828
339859,428939,439771,89080,10832,128,10800,9.22378138848
339864,439963,450792,100099,10829,128,10800,10.2436051344
339885,461950,472220,122065,10270,32,10800,12.8855890944
339890,472336,483181,132446,10845,32,10800,13.2126325496
339894,496103,506922,156209,10819,32,10800,15.4383954155
339901,506935,517767,167034,10832,32,10800,16.4204209749
339908,517778,517805,177870,27,32,10800,6588.77777778
339960,339968,343280,8,3312,2,7200,1.00241545894
339972,372262,378267,32290,6005,2,28800,6.3771856786
340003,340010,343168,7,3158,2,7200,1.00221659278
340019,375583,381560,35564,5977,2,28800,6.95014221181
340172,340179,343391,7,3212,2,7200,1.00217932752
340303,340309,343737,6,3428,2,7200,1.00175029172
340318,340324,343637,6,3313,2,7200,1.00181104739
340333,340367,343713,34,3346,2,7200,1.01016138673
340335,340374,343553,39,3179,2,7200,1.01226800881
340350,340399,343610,49,3211,2,7200,1.0152600436
340367,340412,343573,45,3161,2,7200,1.01423600127
340368,340423,343679,55,3256,2,7200,1.01689189189
340370,340441,343550,71,3109,2,7200,1.02283692506
340371,340446,343769,75,3323,2,7200,1.0225699669
340372,340457,343863,85,3406,2,7200,1.02495596007
340388,340486,343821,98,3335,2,7200,1.02938530735
340389,340492,343741,103,3249,2,7200,1.03170206217
340391,340497,343848,106,3351,2,7200,1.03163234855
340392,340504,343784,112,3280,2,7200,1.03414634146
340407,340509,343736,102,3227,2,7200,1.03160830493
340422,340516,343785,94,3269,2,7200,1.02875497094
340424,340521,343879,97,3358,2,7200,1.02888624181
340440,340528,343698,88,3170,2,7200,1.02776025237
340441,340533,343731,92,3198,2,7200,1.02876797999
340442,340560,344011,118,3451,2,7200,1.03419298754
340444,340568,343774,124,3206,2,7200,1.03867747973
340459,340578,343741,119,3163,2,7200,1.03762251028
340475,340620,343987,145,3367,2,7200,1.04306504307
340476,340627,344045,151,3418,2,7200,1.0441778818
340493,340634,343922,141,3288,2,7200,1.04288321168
340495,340663,343931,168,3268,2,7200,1.05140758874
340496,340691,343869,195,3178,2,7200,1.0613593455
340497,340746,343983,249,3237,2,7200,1.07692307692
340498,340753,344043,255,3290,2,7200,1.07750759878
340500,340784,344033,284,3249,2,7200,1.08741151123
340516,340957,344426,441,3469,2,7200,1.1271259729
340517,341169,344593,652,3424,2,7200,1.19042056075
340519,342163,345453,1644,3290,2,7200,1.49969604863
340520,342169,345438,1649,3269,2,7200,1.50443560722
340548,342260,345710,1712,3450,2,7200,1.49623188406
340564,342563,345898,1999,3335,2,7200,1.59940029985
340565,342806,346152,2241,3346,2,7200,1.66975493126
340580,342896,346189,2316,3293,2,7200,1.70331005162
340582,343116,346555,2534,3439,2,7200,1.73684210526
340597,343179,346423,2582,3244,2,7200,1.79593094945
340612,343291,346686,2679,3395,2,7200,1.78910162003
340627,343404,346690,2777,3286,2,7200,1.84510042605
340629,343410,346745,2781,3335,2,7200,1.83388305847
340630,343563,346878,2933,3315,2,7200,1.88476621418
340651,343570,346725,2919,3155,2,7200,1.92519809826
340666,343585,346805,2919,3220,2,7200,1.90652173913
340681,343622,346845,2941,3223,2,7200,1.91250387837
340683,343649,346993,2966,3344,2,7200,1.88696172249
340698,343690,346938,2992,3248,2,7200,1.92118226601
340734,343711,346977,2977,3266,2,7200,1.91151255358
340736,343724,347192,2988,3468,2,7200,1.8615916955
340751,343743,346973,2992,3230,2,7200,1.92631578947
340753,343750,347065,2997,3315,2,7200,1.90407239819
340774,343755,346899,2981,3144,2,7200,1.94815521628
340789,343762,347064,2973,3302,2,7200,1.90036341611
340856,343767,346981,2911,3214,2,7200,1.90572495333
340875,343782,347094,2907,3312,2,7200,1.8777173913
340876,343789,347038,2913,3249,2,7200,1.89658356417
340877,343795,347137,2918,3342,2,7200,1.87312986236
340893,343802,347048,2909,3246,2,7200,1.89617991374
340908,343833,347099,2925,3266,2,7200,1.89559093693
340910,343869,347269,2959,3400,2,7200,1.87029411765
340937,343886,347149,2949,3263,2,7200,1.90376953724
340952,343893,347247,2941,3354,2,7200,1.87686344663
340998,343898,347215,2900,3317,2,7200,1.87428399156
340999,343933,347238,2934,3305,2,7200,1.88774583964
341070,343943,347262,2873,3319,2,7200,1.86562217535
341116,343995,347396,2879,3401,2,7200,1.84651573067
341140,344002,347399,2862,3397,2,7200,1.84250809538
341168,344023,347198,2855,3175,2,7200,1.89921259843
341293,344045,347394,2752,3349,2,7200,1.82173783219
341363,344055,347302,2692,3247,2,7200,1.82907299045
341555,344063,347427,2508,3364,2,7200,1.74554102259
341646,344438,347720,2792,3282,2,7200,1.8507007922
341661,344605,347797,2944,3192,2,7200,1.92230576441
341724,345449,348855,3725,3406,2,7200,2.09365825015
341726,341733,341858,7,125,16,1210,1.056
341739,345464,348699,3725,3235,2,7200,2.1514683153
341754,345722,348888,3968,3166,2,7200,2.25331648768
341860,345909,349039,4049,3130,2,7200,2.29361022364
341966,341972,342137,6,165,16,1210,1.03636363636
342043,349467,349508,7424,41,4,18000,182.073170732
342111,345948,349062,3837,3114,2,7200,2.23217726397
342150,346164,349547,4014,3383,2,7200,2.18652083949
342165,346201,349428,4036,3227,2,7200,2.25069724202
342241,346434,349791,4193,3357,2,7200,2.2490318737
342549,346567,349993,4018,3426,2,7200,2.17279626386
342792,346698,349906,3906,3208,2,7200,2.21758104738
342883,346705,350025,3822,3320,2,7200,2.15120481928
343105,346737,350098,3632,3361,2,7200,2.08063076465
343168,346818,350043,3650,3225,2,7200,2.13178294574
343277,346857,350097,3580,3240,2,7200,2.1049382716
343386,346890,350131,3504,3241,2,7200,2.08114779389
343551,346910,350106,3359,3196,2,7200,2.05100125156
343566,346949,350167,3383,3218,2,7200,2.05127408328
343581,346986,350267,3405,3281,2,7200,2.03779335568
343611,346992,350306,3381,3314,2,7200,2.02021726011
343636,346998,350213,3362,3215,2,7200,2.04572317263
343681,347004,350321,3323,3317,2,7200,2.00180886343
343699,347049,350228,3350,3179,2,7200,2.05379050016
343714,347060,350335,3346,3275,2,7200,2.02167938931
343730,347077,350390,3347,3313,2,7200,2.01026260187
343745,347106,350383,3361,3277,2,7200,2.0256332011
343747,347115,350402,3368,3287,2,7200,2.02464253118
343748,347148,350418,3400,3270,2,7200,2.03975535168
343749,347161,350414,3412,3253,2,7200,2.04887795881
343768,347204,350445,3436,3241,2,7200,2.06016661524
343783,347210,350596,3427,3386,2,7200,2.01210868281
343785,347227,350570,3442,3343,2,7200,2.02961411905
343786,347249,350533,3463,3284,2,7200,2.05450669915
343820,347258,350483,3438,3225,2,7200,2.06604651163
343832,343840,344025,8,185,16,1210,1.04324324324
343841,343848,343909,7,61,16,1210,1.11475409836
343847,347273,350568,3426,3295,2,7200,2.03975720789
343851,343857,343957,6,100,16,1210,1.06
343857,343863,343960,6,97,16,1210,1.0618556701
343862,343876,343971,14,95,16,1210,1.14736842105
343862,347280,350597,3418,3317,2,7200,2.03044920109
343867,343881,343985,14,104,16,1210,1.13461538462
343877,347315,350593,3438,3278,2,7200,2.04881025015
343879,347407,350698,3528,3291,2,7200,2.07201458523
343918,347414,350690,3496,3276,2,7200,2.06715506716
343933,347419,350597,3486,3178,2,7200,2.09691629956
343982,347439,350774,3457,3335,2,7200,2.03658170915
343997,347732,350965,3735,3233,2,7200,2.15527373956
344012,348711,352043,4699,3332,2,7200,2.41026410564
344036,348867,352247,4831,3380,2,7200,2.42928994083
344051,348899,352251,4848,3352,2,7200,2.44630071599
344053,349050,352336,4997,3286,2,7200,2.52069385271
344424,349439,352776,5015,3337,2,7200,2.50284686844
344593,349478,352730,4885,3252,2,7200,2.50215252153
345152,349074,349456,3922,382,14,960,11.2670157068
345442,349483,352701,4041,3218,2,7200,2.25574891237
345457,349488,352965,4031,3477,2,7200,2.15933275812
345713,349495,352817,3782,3322,2,7200,2.13847080072
345901,349500,352745,3599,3245,2,7200,2.10909090909
346152,349519,352831,3367,3312,2,7200,2.01660628019
346189,349524,352871,3335,3347,2,7200,1.99641469973
346425,349559,352830,3134,3271,2,7200,1.95811678386
346556,349803,352997,3247,3194,2,7200,2.01659361302
346686,349917,353198,3231,3281,2,7200,1.98476074368
346687,350004,353116,3317,3112,2,7200,2.06587403599
346727,350036,353375,3309,3339,2,7200,1.99101527403
346745,350055,353257,3310,3202,2,7200,2.03372891943
346806,350109,353361,3303,3252,2,7200,2.01568265683
346845,350115,353476,3270,3361,2,7200,1.97292472478
346879,350121,353453,3242,3332,2,7200,1.97298919568
346900,350143,353614,3243,3471,2,7200,1.93431287813
346939,350178,353547,3239,3369,2,7200,1.96141288216
346972,350225,353558,3253,3333,2,7200,1.97599759976
346988,350239,353589,3251,3350,2,7200,1.97044776119
346989,350278,353588,3289,3310,2,7200,1.99365558912
347004,350317,353604,3313,3287,2,7200,2.00790994828
347037,350334,353660,3297,3326,2,7200,1.9912808178
347052,350347,353599,3295,3252,2,7200,2.01322263223
347067,350395,353729,3328,3334,2,7200,1.99820035993
347068,350401,353644,3333,3243,2,7200,2.02775208141
347092,350414,353722,3322,3308,2,7200,2.00423216445
347108,350425,353635,3317,3210,2,7200,2.03333333333
347138,350432,353643,3294,3211,2,7200,2.02584864528
347153,350458,353683,3305,3225,2,7200,2.02480620155
347193,350496,353943,3303,3447,2,7200,1.95822454308
347207,350544,353939,3337,3395,2,7200,1.98291605302
347222,350579,353844,3357,3265,2,7200,2.02817764165
347240,350586,353882,3346,3296,2,7200,2.01516990291
347255,350605,354052,3350,3447,2,7200,1.97185958805
347271,350611,353948,3340,3337,2,7200,2.00089901109
347272,350617,353806,3345,3189,2,7200,2.04891815616
347302,350622,354223,3320,3601,2,7200,1.92196612052
347393,350701,354051,3308,3350,2,7200,1.98746268657
347395,350711,353764,3316,3053,2,7200,2.08614477563
347410,350787,354205,3377,3418,2,7200,1.9880046811
347425,350978,354321,3553,3343,2,7200,2.0628178283
347722,352054,355414,4332,3360,2,7200,2.28928571429
347798,352258,355646,4460,3388,2,7200,2.31641086187
348703,352266,355464,3563,3198,2,7200,2.11413383365
348855,352347,355716,3492,3369,2,7200,2.03650934996
348888,352788,356099,3900,3311,2,7200,2.17789187557
349039,352842,356254,3803,3412,2,7200,2.11459554513
349064,353009,356121,3945,3112,2,7200,2.26767352185
349430,353128,356401,3698,3273,2,7200,2.12985029025
349454,352712,352713,3258,1,1,900,325.9
349548,353210,356411,3662,3201,2,7200,2.14401749453
349791,353268,356605,3477,3337,2,7200,2.04195385076
349909,353365,356671,3456,3306,2,7200,2.04537205082
349995,353370,356737,3375,3367,2,7200,2.00237600238
350026,353376,356651,3350,3275,2,7200,2.02290076336
350041,353381,356837,3340,3456,2,7200,1.96643518519
350095,353386,356722,3291,3336,2,7200,1.98651079137
350097,353391,356681,3294,3290,2,7200,2.00121580547
350097,352977,353353,2880,376,14,1980,8.65957446809
350112,353397,356760,3285,3363,2,7200,1.97680642284
350133,353403,356644,3270,3241,2,7200,2.0089478556
350169,353409,356606,3240,3197,2,7200,2.01345010948
350212,353464,356705,3252,3241,2,7200,2.00339401419
350230,353489,356778,3259,3289,2,7200,1.99087868653
350269,353559,356800,3290,3241,2,7200,2.0151187905
350305,353569,356987,3264,3418,2,7200,1.95494441194
350323,353599,356860,3276,3261,2,7200,2.00459981601
350338,353607,356904,3269,3297,2,7200,1.991507431
350384,353613,356834,3229,3221,2,7200,2.00248370071
350399,353619,357063,3220,3444,2,7200,1.93495934959
350415,353625,357046,3210,3421,2,7200,1.93832212803
350416,353646,356913,3230,3267,2,7200,1.98867462504
350431,353655,356958,3224,3303,2,7200,1.97608234938
350446,353661,357006,3215,3345,2,7200,1.96113602392
350485,353673,357167,3188,3494,2,7200,1.91242129365
350534,353695,356889,3161,3194,2,7200,1.98966812774
350571,353734,357051,3163,3317,2,7200,1.95357250528
350572,353740,356951,3168,3211,2,7200,1.98660853317
350590,353775,357134,3185,3359,2,7200,1.94819886871
350592,353817,357072,3225,3255,2,7200,1.99078341014
350607,353855,357188,3248,3333,2,7200,1.97449744974
350609,353894,356983,3285,3089,2,7200,2.063450955
350690,353951,357174,3261,3223,2,7200,2.01179025752
350705,353957,357384,3252,3427,2,7200,1.94893492851
350775,353963,357348,3188,3385,2,7200,1.94180206795
350966,354063,357409,3097,3346,2,7200,1.92558278542
352044,354069,357441,2025,3372,2,7200,1.60053380783
352247,354216,357561,1969,3345,2,7200,1.58863976084
352262,354235,357466,1973,3231,2,7200,1.61064685856
352337,354333,357506,1996,3173,2,7200,1.62905767413
352700,355426,358689,2726,3263,2,7200,1.83542752069
352722,357679,385432,4957,27753,1,72000,1.1786113213
352725,357684,385428,4959,27744,1,72000,1.17874134948
352728,357690,385428,4962,27738,1,72000,1.17888816786
352728,355475,358793,2747,3318,2,7200,1.82790837854
352743,355658,358969,2915,3311,2,7200,1.8803986711
352776,355727,359047,2951,3320,2,7200,1.88885542169
352816,356111,359258,3295,3147,2,7200,2.04702891643
352829,357695,385432,4866,27737,1,108000,1.17543353643
352830,357705,385428,4875,27723,1,108000,1.17584676983
352830,357700,385433,4870,27733,1,108000,1.17560307215
352831,356132,359254,3301,3122,2,7200,2.05733504164
352833,356266,359618,3433,3352,2,7200,2.0241646778
352869,356413,359632,3544,3219,2,7200,2.100963032
352886,357711,385432,4825,27721,1,259200,1.17405576999
352887,357716,385432,4829,27716,1,259200,1.17423149084
352887,360966,385428,8079,24462,1,259200,1.33026735345
352966,356424,359669,3458,3245,2,7200,2.0656394453
352999,356616,359994,3617,3378,2,7200,2.07075192422
353117,356623,359879,3506,3256,2,7200,2.07678132678
353199,356656,360055,3457,3399,2,7200,2.01706384231
353259,356718,360186,3459,3468,2,7200,1.99740484429
353351,356662,356668,3311,6,1,900,331.7
353360,356852,357652,3492,800,14,1980,5.365
353363,356790,360069,3427,3279,2,7200,2.04513571211
353378,356812,360227,3434,3415,2,7200,2.0055636896
353454,356846,360197,3392,3351,2,7200,2.01223515369
353478,356871,360178,3393,3307,2,7200,2.026005443
353547,356900,360146,3353,3246,2,7200,2.03296364757
353562,356916,360180,3354,3264,2,7200,2.02757352941
353590,356924,360166,3334,3242,2,7200,2.02837754473
353591,356962,360239,3371,3277,2,7200,2.02868477266
353606,356970,360312,3364,3342,2,7200,2.0065828845
353608,356995,360463,3387,3468,2,7200,1.97664359862
353623,357003,360411,3380,3408,2,7200,1.99178403756
353638,357017,360470,3379,3453,2,7200,1.97856935998
353653,357057,360303,3404,3246,2,7200,2.04867529267
353654,357064,360310,3410,3246,2,7200,2.0505237215
353669,357075,360303,3406,3228,2,7200,2.0551425031
353684,357084,360318,3400,3234,2,7200,2.05132962276
353724,357146,360561,3422,3415,2,7200,2.00204978038
353739,357179,360580,3440,3401,2,7200,2.01146721552
353766,357186,360416,3420,3230,2,7200,2.05882352941
353808,357199,360535,3391,3336,2,7200,2.01648681055
353845,357359,360472,3514,3113,2,7200,2.12881464825
353881,357395,360797,3514,3402,2,7200,2.0329218107
353942,357421,360882,3479,3461,2,7200,2.00520080901
353957,357453,360735,3496,3282,2,7200,2.06520414381
353958,357477,360931,3519,3454,2,7200,2.01881876086
354050,357519,360592,3469,3073,2,7200,2.12886430199
354052,357572,360970,3520,3398,2,7200,2.03590347263
354207,357663,360954,3456,3291,2,7200,2.05013673655
354225,357669,361072,3444,3403,2,7200,2.01204819277
354322,357674,360992,3352,3318,2,7200,2.01024713683
355414,358701,362003,3287,3302,2,7200,1.99545729861
355466,358805,362299,3339,3494,2,7200,1.95563823698
355648,358981,362199,3333,3218,2,7200,2.03573648229
355717,359059,362309,3342,3250,2,7200,2.02830769231
356098,359266,362558,3168,3292,2,7200,1.96233292831
356123,359273,362645,3150,3372,2,7200,1.93416370107
356257,359630,363034,3373,3404,2,7200,1.99089306698
356403,359643,362745,3240,3102,2,7200,2.04448742747
356418,359680,363102,3262,3422,2,7200,1.95324371712
356607,359890,363167,3283,3277,2,7200,2.00183094294
356608,360005,363215,3397,3210,2,7200,2.05825545171
356647,360066,363391,3419,3325,2,7200,2.02827067669
356662,360080,363333,3418,3253,2,7200,2.05072241008
356677,360157,363510,3480,3353,2,7200,2.03787652848
356692,360178,363394,3486,3216,2,7200,2.08395522388
356707,360189,363526,3482,3337,2,7200,2.04345220258
356722,360197,363583,3475,3386,2,7200,2.02628470171
356737,360204,363768,3467,3564,2,7200,1.97278338945
356761,360211,363625,3450,3414,2,7200,2.01054481547
356779,360239,363553,3460,3314,2,7200,2.04405552203
356801,360250,363611,3449,3361,2,7200,2.02618268373
356834,360315,363522,3481,3207,2,7200,2.08543810415
356849,360320,363823,3471,3503,2,7200,1.99086497288
356864,360326,363679,3462,3353,2,7200,2.03250820161
356891,360331,363779,3440,3448,2,7200,1.99767981439
356907,360339,363544,3432,3205,2,7200,2.07082683307
356922,360423,363812,3501,3389,2,7200,2.03304809678
356952,360429,363861,3477,3432,2,7200,2.01311188811
356967,360475,363646,3508,3171,2,7200,2.10627562283
356986,360482,364016,3496,3534,2,7200,1.98924731183
356987,360488,363757,3501,3269,2,7200,2.07096971551
357005,360547,363788,3542,3241,2,7200,2.09287257019
357048,360572,363867,3524,3295,2,7200,2.06949924127
357064,360592,364049,3528,3457,2,7200,2.02053803876
357065,360603,363690,3538,3087,2,7200,2.14609653385
357080,360747,364185,3667,3438,2,7200,2.06660849331
357138,360809,364080,3671,3271,2,7200,2.12228676246
357168,360893,364317,3725,3424,2,7200,2.0879088785
357183,360942,364381,3759,3439,2,7200,2.09305030532
357198,360982,364273,3784,3291,2,7200,2.14980249164
357349,361004,364256,3655,3252,2,7200,2.12392373924
357386,361083,364481,3697,3398,2,7200,2.08799293702
357410,362015,365315,4605,3300,2,7200,2.39545454545
357443,362211,365538,4768,3327,2,7200,2.43312293357
357467,362312,365648,4845,3336,2,7200,2.4523381295
357507,362321,365613,4814,3292,2,7200,2.46233292831
357562,362569,366098,5007,3529,2,7200,2.41881552848
357650,360971,360977,3321,6,1,900,332.7
358692,362656,365969,3964,3313,2,7200,2.19649864171
358795,362757,365928,3962,3171,2,7200,2.24944812362
358971,363047,366388,4076,3341,2,7200,2.21999401377
359048,363114,366097,4066,2983,2,7200,2.36305732484
359254,363182,366321,3928,3139,2,7200,2.25135393437
359269,363227,366438,3958,3211,2,7200,2.23263780754
359618,363346,366777,3728,3431,2,7200,2.08656368406
359632,363404,366747,3772,3343,2,7200,2.12832784924
359669,363411,366657,3742,3246,2,7200,2.1528034504
359878,363522,366815,3644,3293,2,7200,2.1065897358
359997,363535,366903,3538,3368,2,7200,2.05047505938
360055,363542,367080,3487,3538,2,7200,1.98558507631
360070,363557,366990,3487,3433,2,7200,2.01572968249
360146,363565,366782,3419,3217,2,7200,2.06279142058
360167,363595,366848,3428,3253,2,7200,2.05379649554
360183,363623,366665,3440,3042,2,7200,2.13083497699
360184,363637,366956,3453,3319,2,7200,2.04037360651
360200,363658,366974,3458,3316,2,7200,2.04282267793
360201,363691,367055,3490,3364,2,7200,2.03745541023
360228,363701,367065,3473,3364,2,7200,2.0324019025
360244,363769,366918,3525,3149,2,7200,2.11940298507
360305,363779,367088,3474,3309,2,7200,2.04986400725
360307,363792,367132,3485,3340,2,7200,2.04341317365
360322,363801,367385,3479,3584,2,7200,1.970703125
360324,363824,367207,3500,3383,2,7200,2.03458468815
360325,363836,366805,3511,2969,2,7200,2.18255304816
360410,363872,367228,3462,3356,2,7200,2.0315852205
360426,363879,367161,3453,3282,2,7200,2.0521023766
360465,364027,367394,3562,3367,2,7200,2.05791505792
360480,364061,367475,3581,3414,2,7200,2.0489162273
360481,364092,367339,3611,3247,2,7200,2.11210348014
360537,364196,367540,3659,3344,2,7200,2.09419856459
360558,364285,367568,3727,3283,2,7200,2.13524215656
360582,364328,367711,3746,3383,2,7200,2.10730121194
360597,364392,367693,3795,3301,2,7200,2.14965162072
360737,365326,368365,4589,3039,2,7200,2.51003619612
360795,365549,368775,4754,3226,2,7200,2.47365158091
360880,365625,369015,4745,3390,2,7200,2.39970501475
360932,365660,368841,4728,3181,2,7200,2.48632505501
360956,365940,369262,4984,3322,2,7200,2.50030102348
360971,365981,369206,5010,3225,2,7200,2.55348837209
360992,366109,369174,5117,3065,2,7200,2.66949429038
361071,366114,369450,5043,3336,2,7200,2.51169064748
362005,366332,369518,4327,3186,2,7200,2.35812931576
362199,366400,369620,4201,3220,2,7200,2.30465838509
362299,366450,369802,4151,3352,2,7200,2.23836515513
362314,366670,369918,4356,3248,2,7200,2.34113300493
362560,366677,369974,4117,3297,2,7200,2.24871094935
362643,366758,370045,4115,3287,2,7200,2.25190142988
362747,366788,369895,4041,3107,2,7200,2.30061152237
363036,366795,370060,3759,3265,2,7200,2.15130168453
363104,366817,370192,3713,3375,2,7200,2.10014814815
363168,366826,370179,3658,3353,2,7200,2.09096331643
363217,366860,370135,3643,3275,2,7200,2.11236641221
363335,366916,370126,3581,3210,2,7200,2.11557632399
363394,366929,370293,3535,3364,2,7200,2.05083234245
363395,366969,370198,3574,3229,2,7200,2.10684422422
363510,366986,370378,3476,3392,2,7200,2.02476415094
363525,367002,370319,3477,3317,2,7200,2.04823635815
363527,367067,370252,3540,3185,2,7200,2.1114599686
363545,367076,370339,3531,3263,2,7200,2.08213300644
363561,367092,370472,3531,3380,2,7200,2.04467455621
363585,367100,370285,3515,3185,2,7200,2.10361067504
363613,367144,370369,3531,3225,2,7200,2.09488372093
363628,367172,370369,3544,3197,2,7200,2.10853925555
363646,367219,370525,3573,3306,2,7200,2.08076225045
363680,367239,370495,3559,3256,2,7200,2.09305896806
363695,367350,370521,3655,3171,2,7200,2.15263323873
363759,367397,370745,3638,3348,2,7200,2.08661887694
363774,367407,370734,3633,3327,2,7200,2.09197475203
363789,367486,370818,3697,3332,2,7200,2.10954381753
363791,367552,371004,3761,3452,2,7200,2.08951332561
363812,367580,371047,3768,3467,2,7200,2.08681857514
363827,367705,371140,3878,3435,2,7200,2.12896652111
363863,367723,371221,3860,3498,2,7200,2.10348770726
363878,368377,371563,4499,3186,2,7200,2.41211550534
364018,368787,371963,4769,3176,2,7200,2.5015743073
364048,368854,372025,4806,3171,2,7200,2.5156102176
364082,369028,372126,4946,3098,2,7200,2.59651387992
364186,369185,372608,4999,3423,2,7200,2.46041484078
364256,369218,372336,4962,3118,2,7200,2.59140474663
364274,369275,372734,5001,3459,2,7200,2.44579358196
364320,369461,373052,5141,3591,2,7200,2.43163464216
364384,369530,372616,5146,3086,2,7200,2.66753078419
364481,369631,373004,5150,3373,2,7200,2.5268307145
365314,369813,373163,4499,3350,2,7200,2.34298507463
365538,369907,373230,4369,3323,2,7200,2.314775805
365611,369930,373156,4319,3226,2,7200,2.33880967142
365651,369986,373229,4335,3243,2,7200,2.33672525439
365885,377338,377521,11453,183,2,14400,63.5846994536
365930,370057,373266,4127,3209,2,7200,2.28607042692
365969,370071,373255,4102,3184,2,7200,2.28831658291
366097,370138,373274,4041,3136,2,7200,2.28858418367
366099,370146,373379,4047,3233,2,7200,2.25177853387
366323,370191,373556,3868,3365,2,7200,2.14947994056
366390,370204,373465,3814,3261,2,7200,2.16957988347
366439,370210,373461,3771,3251,2,7200,2.15995078437
366657,370264,373548,3607,3284,2,7200,2.09835566382
366672,370296,373659,3624,3363,2,7200,2.07760927743
366748,370305,373745,3557,3440,2,7200,2.03401162791
366779,370331,373603,3552,3272,2,7200,2.08557457213
366788,377533,377921,10745,388,2,14400,28.6932989691
366794,370351,373745,3557,3394,2,7200,2.04802592811
366810,370380,373588,3570,3208,2,7200,2.11284289277
366825,370385,373625,3560,3240,2,7200,2.0987654321
366849,370392,373524,3543,3132,2,7200,2.13122605364
366903,370485,373948,3582,3463,2,7200,2.03436326884
366918,370508,373913,3590,3405,2,7200,2.0543318649
366926,377932,377981,11006,49,2,14400,225.612244898
366958,370534,373887,3576,3353,2,7200,2.06650760513
366976,370540,373750,3564,3210,2,7200,2.11028037383
366998,370745,374077,3747,3332,2,7200,2.12454981993
367058,370756,373989,3698,3233,2,7200,2.14382926075
367074,370830,374080,3756,3250,2,7200,2.15569230769
367089,371016,374151,3927,3135,2,7200,2.25263157895
367090,371063,374640,3973,3577,2,7200,2.11070729662
367133,371151,374198,4018,3047,2,7200,2.31867410568
367161,371233,374598,4072,3365,2,7200,2.21010401189
367210,371575,374838,4365,3263,2,7200,2.337726019
367228,371975,375199,4747,3224,2,7200,2.47239454094
367341,372036,375356,4695,3320,2,7200,2.41415662651
367387,372137,375353,4750,3216,2,7200,2.47699004975
367402,372348,375688,4946,3340,2,7200,2.48083832335
367476,372620,375905,5144,3285,2,7200,2.56590563166
367539,372629,376069,5090,3440,2,7200,2.47965116279
367570,372747,376144,5177,3397,2,7200,2.52399175743
367695,373015,376479,5320,3464,2,7200,2.53579676674
367714,373065,376358,5351,3293,2,7200,2.62496204069
368028,377993,383248,9965,5255,2,14400,2.89628924833
368365,373169,376298,4804,3129,2,7200,2.53531479706
368777,373175,376653,4398,3478,2,7200,2.26451983899
368841,373240,376464,4399,3224,2,7200,2.36445409429
369017,373247,376369,4230,3122,2,7200,2.35490070468
369175,373266,376635,4091,3369,2,7200,2.214306916
369208,373278,376853,4070,3575,2,7200,2.13846153846
369266,373286,376634,4020,3348,2,7200,2.20071684588
369451,373391,376490,3940,3099,2,7200,2.27137786383
369518,373473,376680,3955,3207,2,7200,2.23323978796
369622,373479,376519,3857,3040,2,7200,2.26875
369803,373537,377103,3734,3566,2,7200,2.04711160965
369897,373560,376764,3663,3204,2,7200,2.14325842697
369918,373569,376896,3651,3327,2,7200,2.09738503156
369976,373600,377186,3624,3586,2,7200,2.0105967652
370046,373615,376846,3569,3231,2,7200,2.10461157536
370061,373638,377074,3577,3436,2,7200,2.04103608847
370125,373671,376710,3546,3039,2,7200,2.16683119447
370140,373756,376963,3616,3207,2,7200,2.12753352042
370183,373762,377235,3579,3473,2,7200,2.03052116326
370198,373768,376889,3570,3121,2,7200,2.14386414611
370199,373899,377088,3700,3189,2,7200,2.16023831922
370255,373924,377360,3669,3436,2,7200,2.06781140861
370285,373960,377072,3675,3112,2,7200,2.1809125964
370300,374002,377366,3702,3364,2,7200,2.10047562426
370321,374089,377509,3768,3420,2,7200,2.10175438596
370339,374097,377349,3758,3252,2,7200,2.15559655597
370367,374163,377591,3796,3428,2,7200,2.1073512252
370382,374209,377442,3827,3233,2,7200,2.18373028147
370384,374610,377698,4226,3088,2,7200,2.36852331606
370473,374652,378172,4179,3520,2,7200,2.18721590909
370497,374849,377925,4352,3076,2,7200,2.41482444733
370521,375211,378463,4690,3252,2,7200,2.44218942189
370537,375364,378698,4827,3334,2,7200,2.44781043791
370735,375372,378544,4637,3172,2,7200,2.46185372005
371534,450806,450960,79272,154,96,480,515.753246753
371787,451746,451822,79959,76,64,480,1053.09210526
372122,450811,450900,78689,89,32,600,885.146067416
372826,451099,451734,78273,635,64,600,124.264566929
372958,381579,385470,8621,3891,1,259200,3.21562580314
373421,375578,379859,2157,4281,4,57600,1.50385423966
373477,375573,408075,2096,32502,4,32400,1.06448833918
373629,385486,393679,11857,8193,1,32400,2.44721103381
373878,378279,407090,4401,28811,2,28800,1.1527541564
373965,381572,407451,7607,25879,2,28800,1.29394489741
374348,379872,421984,5524,42112,4,86400,1.13117401216
374432,385450,471884,11018,86434,4,86400,1.12747298517
375703,375709,379049,6,3340,2,7200,1.00179640719
375906,375916,379451,10,3535,2,7200,1.00282885431
376070,376076,379503,6,3427,2,7200,1.00175080245
376138,385444,990290,9306,604846,3,604800,1.01538573455
376146,376153,379418,7,3265,2,7200,1.002143951
376300,376307,379717,7,3410,2,7200,1.00205278592
376359,376366,379329,7,2963,2,7200,1.00236247047
376375,376381,379611,6,3230,2,7200,1.00185758514
376467,376473,379779,6,3306,2,7200,1.00181488203
376483,376490,379925,7,3435,2,7200,1.00203784571
376498,376504,379658,6,3154,2,7200,1.00190234623
376520,376527,379684,7,3157,2,7200,1.0022172949
376534,383622,418786,7088,35164,2,57600,1.20156978728
376638,376644,379975,6,3331,2,7200,1.00180126088
376639,376651,379599,12,2948,2,7200,1.00407055631
376654,376661,379829,7,3168,2,7200,1.00220959596
376682,376688,379904,6,3216,2,7200,1.00186567164
376712,376718,380039,6,3321,2,7200,1.00180668473
376764,376770,380091,6,3321,2,7200,1.00180668473
376846,376852,380273,6,3421,2,7200,1.00175387314
376861,376867,380272,6,3405,2,7200,1.00176211454
376891,376898,380069,7,3171,2,7200,1.00220750552
376906,376912,380153,6,3241,2,7200,1.00185128047
376964,376971,380164,7,3193,2,7200,1.00219229565
377074,377082,380012,8,2930,2,7200,1.00273037543
377076,377087,380375,11,3288,2,7200,1.00334549878
377091,377097,380276,6,3179,2,7200,1.00188738597
377106,377113,380535,7,3422,2,7200,1.00204558738
377185,377192,380400,7,3208,2,7200,1.00218204489
377234,377240,380234,6,2994,2,7200,1.00200400802
377350,377356,380293,6,2937,2,7200,1.00204290092
377365,377371,380768,6,3397,2,7200,1.00176626435
377380,377386,380739,6,3353,2,7200,1.00178944229
377441,377448,380471,7,3023,2,7200,1.00231558055
377511,377518,380610,7,3092,2,7200,1.00226390686
377591,377597,380849,6,3252,2,7200,1.00184501845
377698,377704,381113,6,3409,2,7200,1.00176004693
377927,377939,380981,12,3042,2,7200,1.00394477318
378051,380995,381565,2944,570,1,29700,6.1649122807
378066,383260,383611,5194,351,2,21600,15.7977207977
378174,378180,381494,6,3314,2,7200,1.00181050091
378465,378471,381863,6,3392,2,7200,1.00176886792
378544,378550,381934,6,3384,2,7200,1.00177304965
378699,378705,382088,6,3383,2,7200,1.00177357375
379050,379057,382122,7,3065,2,7200,1.00228384992
379329,379336,382921,7,3585,2,7200,1.0019525802
379421,379428,382696,7,3268,2,7200,1.00214198286
379451,379457,382766,6,3309,2,7200,1.00181323663
379503,379509,382641,6,3132,2,7200,1.00191570881
379600,379607,382486,7,2879,2,7200,1.00243139979
379615,379621,383109,6,3488,2,7200,1.00172018349
379661,379667,382946,6,3279,2,7200,1.00182982617
379685,379691,382407,6,2716,2,7200,1.00220913108
379719,379725,382848,6,3123,2,7200,1.00192122959
379780,379786,383355,6,3569,2,7200,1.00168114318
379831,379837,383060,6,3223,2,7200,1.00186161961
379904,379911,383052,7,3141,2,7200,1.00222858962
379926,379933,382907,7,2974,2,7200,1.00235373235
379975,379981,383011,6,3030,2,7200,1.00198019802
380011,380017,383646,6,3629,2,7200,1.00165334803
380041,380048,383084,7,3036,2,7200,1.00230566535
380072,380078,382915,6,2837,2,7200,1.00211491012
380093,380099,383270,6,3171,2,7200,1.00189214759
380153,380160,383453,7,3293,2,7200,1.00212572123
380168,380174,383020,6,2846,2,7200,1.00210822207
380235,380241,383179,6,2938,2,7200,1.00204220558
380272,380279,383519,7,3240,2,7200,1.00216049383
380273,380286,383678,13,3392,2,7200,1.00383254717
380288,380294,383488,6,3194,2,7200,1.00187852223
380303,380310,383648,7,3338,2,7200,1.00209706411
380376,380383,383560,7,3177,2,7200,1.00220333648
380400,380407,383730,7,3323,2,7200,1.00210653024
380470,380477,383787,7,3310,2,7200,1.00211480363
380537,380543,383713,6,3170,2,7200,1.00189274448
380610,380617,383541,7,2924,2,7200,1.00239398085
380741,380747,384049,6,3302,2,7200,1.00181708056
380766,380772,383929,6,3157,2,7200,1.00190053849
380825,385456,385774,4631,318,2,18000,15.5628930818
380851,380857,383988,6,3131,2,7200,1.00191632066
380982,380988,384490,6,3502,2,7200,1.00171330668
381112,385785,387365,4673,1580,2,18000,3.95759493671
381112,381118,384108,6,2990,2,7200,1.00200668896
381376,387384,387751,6008,367,2,18000,17.3705722071
381492,381498,384378,6,2880,2,7200,1.00208333333
381637,387763,388185,6126,422,2,18000,15.5165876777
381866,381872,384870,6,2998,2,7200,1.00200133422
381936,381942,385202,6,3260,2,7200,1.0018404908
382088,382095,385289,7,3194,2,7200,1.00219160927
382115,388196,388472,6081,276,2,18000,23.0326086957
382121,382128,385503,7,3375,2,7200,1.00207407407
382409,382416,385493,7,3077,2,7200,1.00227494313
382488,382494,385731,6,3237,2,7200,1.00185356812
382587,388487,389031,5900,544,2,18000,11.8455882353
382643,382650,385688,7,3038,2,7200,1.00230414747
382695,382707,385810,12,3103,2,7200,1.00386722527
382769,382778,385674,9,2896,2,7200,1.00310773481
382848,382860,385965,12,3105,2,7200,1.0038647343
382909,382919,386342,10,3423,2,7200,1.00292141396
382925,382931,386153,6,3222,2,7200,1.00186219739
382926,382937,385780,11,2843,2,7200,1.0038691523
382947,382959,385754,12,2795,2,7200,1.00429338104
383012,383023,386353,11,3330,2,7200,1.0033033033
383027,383033,386487,6,3454,2,7200,1.00173711639
383054,383063,386001,9,2938,2,7200,1.00306330837
383069,383075,386141,6,3066,2,7200,1.00195694716
383084,383095,386301,11,3206,2,7200,1.00343106675
383112,383121,386340,9,3219,2,7200,1.00279589935
383182,383192,386147,10,2955,2,7200,1.00338409475
383271,383283,386192,12,2909,2,7200,1.00412512891
383286,451833,451892,68547,59,64,480,1162.81355932
383294,451903,451967,68609,64,64,480,1073.015625
383357,383366,386429,9,3063,2,7200,1.00293829579
383398,389043,389112,5645,69,2,7200,82.8115942029
383455,383466,386420,11,2954,2,7200,1.00372376439
383490,383499,386345,9,2846,2,7200,1.0031623331
383520,383530,386610,10,3080,2,7200,1.00324675325
383542,383554,386578,12,3024,2,7200,1.00396825397
383560,383572,386341,12,2769,2,7200,1.00433369447
383648,383657,386621,9,2964,2,7200,1.00303643725
383649,383664,386842,15,3178,2,7200,1.00471994965
383679,383690,387073,11,3383,2,7200,1.00325155188
383716,383724,386903,8,3179,2,7200,1.00251651463
383731,383743,387365,12,3622,2,7200,1.00331308669
383787,383798,386988,11,3190,2,7200,1.00344827586
383931,383940,387207,9,3267,2,7200,1.00275482094
383989,383999,387005,10,3006,2,7200,1.00332667997
383995,389124,389271,5129,147,2,14400,35.8911564626
384051,384061,386934,10,2873,2,7200,1.00348068221
384110,384120,387287,10,3167,2,7200,1.00315756236
384311,389284,389499,4973,215,2,14400,24.1302325581
384380,384389,387574,9,3185,2,7200,1.00282574568
384493,384502,387727,9,3225,2,7200,1.00279069767
384666,389513,389604,4847,91,2,10800,54.2637362637
384869,384881,387861,12,2980,2,7200,1.00402684564
385118,385564,661611,446,276047,4,345600,1.0016156669
385181,396300,681355,11119,285055,4,345600,1.03900650752
385202,385214,388371,12,3157,2,7200,1.00380107697
385291,385301,388531,10,3230,2,7200,1.00309597523
385495,385505,388570,10,3065,2,7200,1.00326264274
385511,385518,388470,7,2952,2,7200,1.00237127371
385671,385685,388767,14,3082,2,7200,1.00454250487
385693,385699,388742,6,3043,2,7200,1.00197173842
385731,385743,388856,12,3113,2,7200,1.00385480244
385757,385766,389041,9,3275,2,7200,1.0027480916
385780,385792,389102,12,3310,2,7200,1.00362537764
385810,385821,388885,11,3064,2,7200,1.00359007833
385969,385977,389317,8,3340,2,7200,1.00239520958
386003,386013,389207,10,3194,2,7200,1.00313087038
386142,386154,389340,12,3186,2,7200,1.00376647834
386158,386165,389265,7,3100,2,7200,1.00225806452
386159,386171,389300,12,3129,2,7200,1.00383509108
386194,386203,389604,9,3401,2,7200,1.00264628051
386302,386313,389703,11,3390,2,7200,1.00324483776
386342,386351,389854,9,3503,2,7200,1.00256922638
386344,386358,389261,14,2903,2,7200,1.00482259731
386345,386363,389589,18,3226,2,7200,1.00557966522
386346,386368,389638,22,3270,2,7200,1.00672782875
386361,386374,389483,13,3109,2,7200,1.00418140881
386368,396305,682876,9937,286571,4,345600,1.03467552544
386423,386431,389347,8,2916,2,7200,1.00274348422
386438,386444,389724,6,3280,2,7200,1.00182926829
386489,386498,389576,9,3078,2,7200,1.00292397661
386583,386589,389882,6,3293,2,7200,1.00182204677
386614,386623,389494,9,2871,2,7200,1.00313479624
386630,386638,389862,8,3224,2,7200,1.00248138958
386653,396312,462433,9659,66121,4,345600,1.14608067029
386705,396317,683894,9612,287577,4,345600,1.03342409163
386706,388589,441599,1883,53010,1,259200,1.0355215997
386713,403443,403449,16730,6,10,259200,1673.6
386730,392010,451335,5280,59325,1,72000,1.08900126422
386730,393689,451339,6959,57650,1,72000,1.1207111882
386730,398893,451342,12163,52449,1,72000,1.23190146619
386836,405768,451536,18932,45768,1,108000,1.41365145954
386836,398898,451533,12062,52635,1,108000,1.2291631044
386836,405762,451535,18926,45773,1,108000,1.4134751928
386846,386853,390167,7,3314,2,7200,1.00211225106
386907,386916,389991,9,3075,2,7200,1.00292682927
386934,386945,390013,11,3068,2,7200,1.00358539765
386988,386999,390437,11,3438,2,7200,1.00319953461
387009,387016,390281,7,3265,2,7200,1.002143951
387012,451995,482650,64983,30655,16,108000,3.11981732181
387075,387084,389966,9,2882,2,7200,1.00312283137
387208,387219,390384,11,3165,2,7200,1.00347551343
387287,387298,390668,11,3370,2,7200,1.00326409496
387365,387377,390624,12,3247,2,7200,1.00369571913
387576,387585,390816,9,3231,2,7200,1.00278551532
387619,407935,452877,20316,44942,1,259200,1.452049308
387619,408010,452879,20391,44869,1,259200,1.45445630614
387619,407930,452879,20311,44949,1,259200,1.45186767225
387728,387739,390804,11,3065,2,7200,1.00358890701
387861,387872,391024,11,3152,2,7200,1.00348984772
388373,388382,391587,9,3205,2,7200,1.00280811232
388470,388481,391341,11,2860,2,7200,1.00384615385
388531,388542,391578,11,3036,2,7200,1.00362318841
388570,388581,391718,11,3137,2,7200,1.00350653491
388744,388753,391859,9,3106,2,7200,1.00289761751
388765,388779,391997,14,3218,2,7200,1.00435052828
388857,388868,392107,11,3239,2,7200,1.00339610991
388888,388898,391919,10,3021,2,7200,1.0033101622
389043,389053,392231,10,3178,2,7200,1.0031466331
389104,389113,392034,9,2921,2,7200,1.0030811366
389208,389218,392391,10,3173,2,7200,1.00315159155
389263,389274,392218,11,2944,2,7200,1.00373641304
389279,389291,392169,12,2878,2,7200,1.0041695622
389300,389311,392764,11,3453,2,7200,1.00318563568
389318,389328,392315,10,2987,2,7200,1.00334784064
389340,389351,392665,11,3314,2,7200,1.00331925166
389355,389362,392697,7,3335,2,7200,1.00209895052
389483,389496,392506,13,3010,2,7200,1.00431893688
389498,389505,392673,7,3168,2,7200,1.00220959596
389578,389587,392886,9,3299,2,7200,1.00272809942
389593,389601,392818,8,3217,2,7200,1.00248678893
389608,389615,392681,7,3066,2,7200,1.00228310502
389638,389644,392643,6,2999,2,7200,1.00200066689
389702,389709,392951,7,3242,2,7200,1.00215916101
389724,389730,392911,6,3181,2,7200,1.00188619931
389853,389860,393041,7,3181,2,7200,1.00220056586
389868,389874,392625,6,2751,2,7200,1.00218102508
389883,389889,393113,6,3224,2,7200,1.00186104218
389969,389975,393207,6,3232,2,7200,1.00185643564
389993,389999,393437,6,3438,2,7200,1.0017452007
390015,390022,393498,7,3476,2,7200,1.00201380898
390168,390174,393401,6,3227,2,7200,1.00185931205
390280,390288,393633,8,3345,2,7200,1.0023916293
390385,390391,393477,6,3086,2,7200,1.00194426442
390440,390446,393404,6,2958,2,7200,1.00202839757
390626,390632,393799,6,3167,2,7200,1.00189453742
390669,390676,393796,7,3120,2,7200,1.00224358974
390806,390812,394196,6,3384,2,7200,1.00177304965
390821,390827,393814,6,2987,2,7200,1.00200870439
391026,391033,394155,7,3122,2,7200,1.00224215247
391342,391348,394798,6,3450,2,7200,1.00173913043
391579,391585,394635,6,3050,2,7200,1.00196721311
391594,391600,394900,6,3300,2,7200,1.00181818182
391718,391724,394882,6,3158,2,7200,1.00189993667
391858,391865,395106,7,3241,2,7200,1.00215982721
391919,391925,395248,6,3323,2,7200,1.00180559735
391997,392003,395183,6,3180,2,7200,1.00188679245
392034,392040,395494,6,3454,2,7200,1.00173711639
392110,392116,394976,6,2860,2,7200,1.0020979021
392170,392177,395499,7,3322,2,7200,1.00210716436
392219,392225,395253,6,3028,2,7200,1.00198150594
392231,393729,403432,1498,9703,12,86400,1.15438524168
392234,392240,395205,6,2965,2,7200,1.00202360877
392316,392323,395645,7,3322,2,7200,1.00210716436
392393,392399,395431,6,3032,2,7200,1.00197889182
392507,392514,395805,7,3291,2,7200,1.00212701307
392626,392633,396065,7,3432,2,7200,1.00203962704
392644,392650,396020,6,3370,2,7200,1.00178041543
392666,392673,395557,7,2884,2,7200,1.00242718447
392681,392689,395771,8,3082,2,7200,1.00259571707
392683,392696,395669,13,2973,2,7200,1.00437268752
392698,392704,395977,6,3273,2,7200,1.00183318057
392766,392772,395649,6,2877,2,7200,1.00208550574
392818,392826,395961,8,3135,2,7200,1.00255183413
392889,392896,395946,7,3050,2,7200,1.00229508197
392913,392920,396178,7,3258,2,7200,1.0021485574
392952,392959,396281,7,3322,2,7200,1.00210716436
393043,393050,396374,7,3324,2,7200,1.00210589651
393116,393122,396073,6,2951,2,7200,1.00203320908
393207,393213,396301,6,3088,2,7200,1.00194300518
393401,393408,396761,7,3353,2,7200,1.00208768267
393416,393423,396462,7,3039,2,7200,1.00230338927
393437,393443,396488,6,3045,2,7200,1.00197044335
393477,393483,396555,6,3072,2,7200,1.001953125
393498,393504,396238,6,2734,2,7200,1.00219458669
393636,393642,396516,6,2874,2,7200,1.00208768267
393731,452001,452375,58270,374,16,1210,156.802139037
393746,452387,452543,58641,156,16,1210,376.903846154
393752,452554,452725,58802,171,16,1210,344.871345029
393760,452736,452912,58976,176,16,1210,336.090909091
393768,452923,453094,59155,171,16,1210,346.935672515
393774,453106,453258,59332,152,16,1210,391.342105263
393798,393805,396994,7,3189,2,7200,1.00219504547
393813,393819,396895,6,3076,2,7200,1.00195058518
393814,393826,397042,12,3216,2,7200,1.00373134328
394158,394165,397679,7,3514,2,7200,1.00199203187
394197,394203,397478,6,3275,2,7200,1.00183206107
394639,394645,397697,6,3052,2,7200,1.00196592398
394800,394806,398135,6,3329,2,7200,1.00180234305
394885,394891,397977,6,3086,2,7200,1.00194426442
394900,394906,398094,6,3188,2,7200,1.00188205772
394979,394985,398180,6,3195,2,7200,1.00187793427
395106,395112,398135,6,3023,2,7200,1.00198478333
395186,395193,397997,7,2804,2,7200,1.00249643367
395207,395215,398128,8,2913,2,7200,1.00274630965
395247,395254,398573,7,3319,2,7200,1.002109069
395262,395268,398635,6,3367,2,7200,1.00178200178
395432,395438,398317,6,2879,2,7200,1.00208405696
395494,395501,398575,7,3074,2,7200,1.00227716331
395509,395515,398746,6,3231,2,7200,1.00185701021
395557,395563,398394,6,2831,2,7200,1.00211939244
395639,403467,832198,7828,428731,4,432000,1.01825853507
395645,395652,399151,7,3499,2,7200,1.00200057159
395660,395666,398850,6,3184,2,7200,1.00188442211
395675,395681,398749,6,3068,2,7200,1.00195567145
395771,395778,398785,7,3007,2,7200,1.00232790156
395807,395813,398594,6,2781,2,7200,1.0021574973
395894,496050,509267,100156,13217,16,108000,8.57781644851
395924,408085,468635,12161,60550,4,432000,1.20084227911
395946,395952,399121,6,3169,2,7200,1.00189334175
395961,395969,398910,8,2941,2,7200,1.00272016321
395979,395986,399384,7,3398,2,7200,1.00206003531
396020,396027,399168,7,3141,2,7200,1.00222858962
396066,396073,399519,7,3446,2,7200,1.00203134068
396081,396087,399166,6,3079,2,7200,1.00194868464
396175,396182,399595,7,3413,2,7200,1.00205098154
396240,396247,399381,7,3134,2,7200,1.00223356733
396281,398760,398881,2479,121,2,10800,21.4876033058
396282,396288,399416,6,3128,2,7200,1.00191815857
396289,421997,468637,25708,46640,4,432000,1.55120068611
396303,396322,399375,19,3053,2,7200,1.00622338683
396374,396380,399300,6,2920,2,7200,1.00205479452
396462,396469,399861,7,3392,2,7200,1.00206367925
396489,396495,399753,6,3258,2,7200,1.00184162063
396517,396523,399893,6,3370,2,7200,1.00178041543
396556,396563,399873,7,3310,2,7200,1.00211480363
396764,396771,399774,7,3003,2,7200,1.00233100233
396896,396902,399873,6,2971,2,7200,1.00201952205
396994,397000,400039,6,3039,2,7200,1.00197433366
397044,397051,400077,7,3026,2,7200,1.00231328486
397478,397485,400792,7,3307,2,7200,1.0021167221
397682,397689,400794,7,3105,2,7200,1.00225442834
397700,397706,401094,6,3388,2,7200,1.00177095632
397978,397985,401528,7,3543,2,7200,1.00197572679
397999,398005,401339,6,3334,2,7200,1.00179964007
398097,398103,401683,6,3580,2,7200,1.00167597765
398130,398136,401405,6,3269,2,7200,1.00183542368
398145,398151,401453,6,3302,2,7200,1.00181708056
398147,398157,400930,10,2773,2,7200,1.00360620267
398181,398187,401603,6,3416,2,7200,1.00175644028
398318,398325,401383,7,3058,2,7200,1.00228907783
398397,398404,401517,7,3113,2,7200,1.00224863476
398576,398582,401473,6,2891,2,7200,1.00207540643
398578,398588,401679,10,3091,2,7200,1.00323519896
398593,398599,401705,6,3106,2,7200,1.00193174501
398635,398642,401856,7,3214,2,7200,1.00217797138
398747,398754,401973,7,3219,2,7200,1.00217458838
398762,398768,402105,6,3337,2,7200,1.00179802218
398786,398796,401988,10,3192,2,7200,1.00313283208
398850,398863,402123,13,3260,2,7200,1.00398773006
398911,398921,402041,10,3120,2,7200,1.00320512821
399084,403449,403927,4365,478,2,14400,10.1317991632
399122,399132,402064,10,2932,2,7200,1.0034106412
399152,399162,402782,10,3620,2,7200,1.00276243094
399168,399178,402459,10,3281,2,7200,1.00304785126
399169,399184,402177,15,2993,2,7200,1.00501169395
399300,399311,402599,11,3288,2,7200,1.00334549878
399377,399388,402055,11,2667,2,7200,1.00412448444
399392,399400,402598,8,3198,2,7200,1.00250156348
399394,399406,402435,12,3029,2,7200,1.00396170353
399402,403938,404319,4536,381,2,14400,12.905511811
399418,399428,402527,10,3099,2,7200,1.00322684737
399519,399530,402726,11,3196,2,7200,1.00344180225
399598,399607,402756,9,3149,2,7200,1.00285805017
399677,404330,405267,4653,937,2,14400,5.96584845251
399753,399766,403059,13,3293,2,7200,1.00394776799
399775,399786,402670,11,2884,2,7200,1.00381414702
399863,399872,403231,9,3359,2,7200,1.00267936886
399879,399886,402889,7,3003,2,7200,1.00233100233
399880,399891,403258,11,3367,2,7200,1.00326700327
399896,399905,403121,9,3216,2,7200,1.00279850746
400018,405279,405649,5261,370,2,14400,15.2189189189
400041,400051,403274,10,3223,2,7200,1.00310269935
400077,400089,403306,12,3217,2,7200,1.0037301834
400157,496055,604090,95898,108035,16,108000,1.8876567779
400794,400804,403696,10,2892,2,7200,1.00345781466
400809,400815,404154,6,3339,2,7200,1.00179694519
400894,496060,604092,95166,108032,16,108000,1.88090565758
400931,400942,404340,11,3398,2,7200,1.00323719835
401095,401106,404202,11,3096,2,7200,1.00355297158
401336,403461,468198,2125,64737,6,86400,1.03282512319
401339,401350,404594,11,3244,2,7200,1.00339087546
401386,401394,404827,8,3433,2,7200,1.00233032333
401407,401416,404675,9,3259,2,7200,1.00276158331
401454,401465,404464,11,2999,2,7200,1.0036678893
401476,401485,404754,9,3269,2,7200,1.00275313552
401519,401529,404416,10,2887,2,7200,1.00346380326
401534,401541,404868,7,3327,2,7200,1.0021039976
401602,401614,404626,12,3012,2,7200,1.00398406375
401682,401690,404874,8,3184,2,7200,1.00251256281
401697,401703,404573,6,2870,2,7200,1.00209059233
401712,401719,404927,7,3208,2,7200,1.00218204489
401858,401868,404973,10,3105,2,7200,1.00322061192
401974,401985,405150,11,3165,2,7200,1.00347551343
401989,402001,405287,12,3286,2,7200,1.00365185636
402041,402053,404924,12,2871,2,7200,1.00417972832
402056,402067,405411,11,3344,2,7200,1.00328947368
402071,402077,405255,6,3178,2,7200,1.00188797986
402108,402116,405195,8,3079,2,7200,1.00259824618
402126,402135,405231,9,3096,2,7200,1.00290697674
402178,402189,405599,11,3410,2,7200,1.00322580645
402362,450957,473695,48595,22738,4,36000,3.13717125517
402437,402448,405585,11,3137,2,7200,1.00350653491
402461,402471,405557,10,3086,2,7200,1.0032404407
402529,402540,405801,11,3261,2,7200,1.00337319841
402599,402610,405671,11,3061,2,7200,1.00359359686
402601,402615,405629,14,3014,2,7200,1.00464499005
402671,402682,405707,11,3025,2,7200,1.00363636364
402726,402737,405929,11,3192,2,7200,1.00344611529
402756,402768,405521,12,2753,2,7200,1.00435888122
402758,450974,475428,48216,24454,4,36000,2.97170197105
402784,402793,405609,9,2816,2,7200,1.00319602273
402890,402902,406226,12,3324,2,7200,1.0036101083
403019,451351,475430,48332,24079,4,36000,3.00722621371
403062,403071,406457,9,3386,2,7200,1.00265800354
403117,450917,450925,47800,8,14,1980,4780.8
403123,403133,406056,10,2923,2,7200,1.00342114266
403233,403243,406681,10,3438,2,7200,1.00290866783
403257,452006,475434,48749,23428,4,36000,3.08080075124
403260,403270,406580,10,3310,2,7200,1.00302114804
403275,403286,406204,11,2918,2,7200,1.00376970528
403306,403318,406771,12,3453,2,7200,1.00347523892
403398,452011,452014,48613,3,4,36000,4861.6
403583,452016,475440,48433,23424,4,36000,3.06766564208
403698,403707,406996,9,3289,2,7200,1.00273639404
404156,404166,407397,10,3231,2,7200,1.00309501702
404202,404213,407369,11,3156,2,7200,1.00348542459
404257,405661,405684,1404,23,2,7200,62.0434782609
404342,404351,407850,9,3499,2,7200,1.00257216348
404418,404427,407435,9,3008,2,7200,1.00299202128
404466,404475,407749,9,3274,2,7200,1.00274893097
404510,496065,604089,91555,108024,16,108000,1.84754313856
404573,404585,408092,12,3507,2,7200,1.00342172797
404574,405696,405750,1122,54,2,7200,21.7777777778
404594,404606,407738,12,3132,2,7200,1.00383141762
404628,404637,407848,9,3211,2,7200,1.00280286515
404677,404687,407685,10,2998,2,7200,1.00333555704
404756,404766,408022,10,3256,2,7200,1.00307125307
404829,404839,407683,10,2844,2,7200,1.0035161744
404871,404880,407953,9,3073,2,7200,1.00292873414
404887,404893,408274,6,3381,2,7200,1.00177462289
404927,404936,408425,9,3489,2,7200,1.00257953568
404928,404942,408130,14,3188,2,7200,1.00439146801
404974,404986,408223,12,3237,2,7200,1.00370713624
405000,450969,467172,45969,16203,6,86400,3.83706720978
405151,405162,408107,11,2945,2,7200,1.00373514431
405196,405206,408250,10,3044,2,7200,1.00328515112
405233,405242,408362,9,3120,2,7200,1.00288461538
405257,405266,408394,9,3128,2,7200,1.00287723785
405290,405298,408415,8,3117,2,7200,1.00256657042
405371,408015,408976,2644,961,1,1800,3.75130072841
405413,405422,408813,9,3391,2,7200,1.00265408434
405523,405533,408723,10,3190,2,7200,1.00313479624
405559,405568,408664,9,3096,2,7200,1.00290697674
405587,405597,408616,10,3019,2,7200,1.00331235508
405601,405611,408631,10,3020,2,7200,1.00331125828
405616,405624,408833,8,3209,2,7200,1.00249298847
405631,405640,408647,9,3007,2,7200,1.0029930163
405671,405683,408536,12,2853,2,7200,1.00420609884
405707,405718,408423,11,2705,2,7200,1.00406654344
405801,405813,409034,12,3221,2,7200,1.00372555107
405931,405941,409337,10,3396,2,7200,1.00294464075
406003,451984,453617,45981,1633,18,36000,29.157379057
406056,406067,409235,11,3168,2,7200,1.00347222222
406205,406216,409586,11,3370,2,7200,1.00326409496
406229,406238,409473,9,3235,2,7200,1.0027820711
406457,406469,409671,12,3202,2,7200,1.00374765771
406583,406593,409673,10,3080,2,7200,1.00324675325
406684,406693,409838,9,3145,2,7200,1.00286168521
406773,406783,410209,10,3426,2,7200,1.00291885581
406997,407008,410299,11,3291,2,7200,1.0033424491
407030,407102,407917,72,815,2,18000,1.08834355828
407268,407462,407998,194,536,2,18000,1.36194029851
407369,407381,410550,12,3169,2,7200,1.0037866835
407396,407409,410572,13,3163,2,7200,1.00411002213
407436,407446,410909,10,3463,2,7200,1.00288766965
407685,407695,410983,10,3288,2,7200,1.00304136253
407686,407702,410805,16,3103,2,7200,1.00515630035
407741,407751,410955,10,3204,2,7200,1.00312109863
407756,407763,410532,7,2769,2,7200,1.00252798844
407850,407860,410867,10,3007,2,7200,1.00332557366
407851,407867,410904,16,3037,2,7200,1.00526835693
407954,407964,411270,10,3306,2,7200,1.00302480339
408024,408034,411255,10,3221,2,7200,1.00310462589
408094,408104,411466,10,3362,2,7200,1.00297441999
408109,408118,411208,9,3090,2,7200,1.00291262136
408130,408142,411261,12,3119,2,7200,1.00384738698
408159,408247,408262,88,15,2,7200,6.86666666667
408225,408234,411353,9,3119,2,7200,1.00288554024
408252,408262,411470,10,3208,2,7200,1.00311720698
408276,408282,411452,6,3170,2,7200,1.00189274448
408364,408371,411341,7,2970,2,7200,1.00235690236
408394,408401,411593,7,3192,2,7200,1.00219298246
408415,408421,411659,6,3238,2,7200,1.00185299568
408431,408437,411217,6,2780,2,7200,1.00215827338
408432,408444,411519,12,3075,2,7200,1.00390243902
408536,408543,411553,7,3010,2,7200,1.0023255814
408618,408624,411741,6,3117,2,7200,1.00192492782
408633,408640,411871,7,3231,2,7200,1.00216651192
408647,408654,411581,7,2927,2,7200,1.00239152716
408665,408673,411589,8,2916,2,7200,1.00274348422
408723,408730,411935,7,3205,2,7200,1.00218408736
408814,408820,411951,6,3131,2,7200,1.00191632066
408832,408838,412287,6,3449,2,7200,1.00173963468
409036,409043,412055,7,3012,2,7200,1.00232403718
409076,418097,427635,9021,9538,1,30600,1.94579576431
409236,409242,412378,6,3136,2,7200,1.00191326531
409339,409345,412639,6,3294,2,7200,1.00182149362
409472,409480,413022,8,3542,2,7200,1.00225861095
409588,409595,412789,7,3194,2,7200,1.00219160927
409673,409680,412531,7,2851,2,7200,1.00245527885
409675,409686,412570,11,2884,2,7200,1.00381414702
409839,409846,413070,7,3224,2,7200,1.00217121588
410212,410218,413186,6,2968,2,7200,1.00202156334
410300,410306,413434,6,3128,2,7200,1.00191815857
410534,410541,413979,7,3438,2,7200,1.00203606748
410552,410559,413876,7,3317,2,7200,1.00211034067
410573,410580,413783,7,3203,2,7200,1.00218545114
410804,410812,414050,8,3238,2,7200,1.0024706609
410868,410874,413911,6,3037,2,7200,1.00197563385
410904,410911,413959,7,3048,2,7200,1.00229658793
410919,410925,414222,6,3297,2,7200,1.00181983621
410956,410962,414197,6,3235,2,7200,1.00185471406
410983,410989,414509,6,3520,2,7200,1.00170454545
411211,411217,414196,6,2979,2,7200,1.00201409869
411226,411232,414118,6,2886,2,7200,1.00207900208
411256,411262,414518,6,3256,2,7200,1.00184275184
411271,411278,414605,7,3327,2,7200,1.0021039976
411273,411285,414469,12,3184,2,7200,1.00376884422
411342,411349,414628,7,3279,2,7200,1.00213479719
411357,411363,415066,6,3703,2,7200,1.00162030786
411451,411458,414678,7,3220,2,7200,1.00217391304
411466,411472,414646,6,3174,2,7200,1.00189035917
411481,411488,414724,7,3236,2,7200,1.0021631644
411520,411532,414541,12,3009,2,7200,1.00398803589
411553,411566,414613,13,3047,2,7200,1.00426649163
411584,411593,414944,9,3351,2,7200,1.00268576544
411599,411606,415098,7,3492,2,7200,1.0020045819
411601,411613,414943,12,3330,2,7200,1.0036036036
411659,411671,414703,12,3032,2,7200,1.00395778364
411744,411753,414824,9,3071,2,7200,1.00293064148
411871,411884,415064,13,3180,2,7200,1.00408805031
411935,411947,415395,12,3448,2,7200,1.00348027842
411953,411963,415265,10,3302,2,7200,1.0030284676
412056,412067,415014,11,2947,2,7200,1.00373260943
412287,412298,415552,11,3254,2,7200,1.00338045482
412378,412390,415485,12,3095,2,7200,1.00387722132
412533,412543,415633,10,3090,2,7200,1.00323624595
412572,412582,416011,10,3429,2,7200,1.00291630213
412639,412652,415957,13,3305,2,7200,1.00393343419
412788,412801,415811,13,3010,2,7200,1.00431893688
413022,413034,416064,12,3030,2,7200,1.00396039604
413070,413083,416158,13,3075,2,7200,1.00422764228
413189,413199,416354,10,3155,2,7200,1.00316957211
413435,413447,416544,12,3097,2,7200,1.00387471747
413784,413795,416997,11,3202,2,7200,1.0034353529
413878,413888,417359,10,3471,2,7200,1.00288101412
413911,413923,417065,12,3142,2,7200,1.00381922342
413958,413970,417187,12,3217,2,7200,1.0037301834
413979,413991,417089,12,3098,2,7200,1.00387346675
414052,414061,417357,9,3296,2,7200,1.00273058252
414119,414130,417697,11,3567,2,7200,1.00308382394
414198,414209,417458,11,3249,2,7200,1.00338565713
414199,414214,417421,15,3207,2,7200,1.00467726848
414223,414233,417342,10,3109,2,7200,1.00321646832
414471,414481,417946,10,3465,2,7200,1.00288600289
414510,414521,417869,11,3348,2,7200,1.00328554361
414525,414532,417579,7,3047,2,7200,1.00229734165
414540,414552,417743,12,3191,2,7200,1.00376057662
414607,414618,417641,11,3023,2,7200,1.00363876943
414622,414628,417959,6,3331,2,7200,1.00180126088
414637,414644,417890,7,3246,2,7200,1.00215650031
414652,414659,417754,7,3095,2,7200,1.00226171244
414679,414689,418071,10,3382,2,7200,1.00295683028
414703,414714,417913,11,3199,2,7200,1.00343857455
414724,414737,417796,13,3059,2,7200,1.00424975482
414824,414836,418127,12,3291,2,7200,1.00364630811
414942,414954,418274,12,3320,2,7200,1.00361445783
414957,414963,418268,6,3305,2,7200,1.00181543116
415014,415025,418017,11,2992,2,7200,1.00367647059
415066,415077,418652,11,3575,2,7200,1.00307692308
415067,415084,418159,17,3075,2,7200,1.00552845528
415098,415109,418582,11,3473,2,7200,1.00316729053
415268,415277,418409,9,3132,2,7200,1.00287356322
415395,415406,418623,11,3217,2,7200,1.00341933478
415486,415497,418684,11,3187,2,7200,1.00345152181
415553,415564,418643,11,3079,2,7200,1.0035725885
415635,415645,418807,10,3162,2,7200,1.00316255534
415811,415823,418745,12,2922,2,7200,1.00410677618
415956,415969,419131,13,3162,2,7200,1.00411132195
416010,416023,419341,13,3318,2,7200,1.00391802291
416065,416075,419298,10,3223,2,7200,1.00310269935
416159,416169,419176,10,3007,2,7200,1.00332557366
416355,416366,419416,11,3050,2,7200,1.00360655738
416545,416555,419950,10,3395,2,7200,1.0029455081
416999,417009,420082,10,3073,2,7200,1.00325414904
417063,417076,420100,13,3024,2,7200,1.0042989418
417090,417101,420446,11,3345,2,7200,1.00328849028
417188,417199,420416,11,3217,2,7200,1.00341933478
417343,417354,420365,11,3011,2,7200,1.00365327134
417358,417368,420403,10,3035,2,7200,1.00329489292
417373,417380,420603,7,3223,2,7200,1.00217188954
417422,417433,420553,11,3120,2,7200,1.00352564103
417461,417470,420189,9,2719,2,7200,1.00331004046
417582,417592,421032,10,3440,2,7200,1.00290697674
417643,417653,420935,10,3282,2,7200,1.00304692261
417698,417708,420879,10,3171,2,7200,1.00315357931
417743,417755,421045,12,3290,2,7200,1.00364741641
417758,417766,421233,8,3467,2,7200,1.00230747044
417798,417808,421276,10,3468,2,7200,1.00288350634
417870,417882,421053,12,3171,2,7200,1.00378429518
417892,417901,421009,9,3108,2,7200,1.0028957529
417916,417924,420993,8,3069,2,7200,1.00260671228
417949,417958,421001,9,3043,2,7200,1.00295760762
417964,417970,421098,6,3128,2,7200,1.00191815857
418019,418028,421088,9,3060,2,7200,1.00294117647
418073,418082,421366,9,3284,2,7200,1.00274056029
418128,418135,421246,7,3111,2,7200,1.00225008036
418158,418164,421367,6,3203,2,7200,1.00187324383
418272,418279,421779,7,3500,2,7200,1.002
418286,418293,421464,7,3171,2,7200,1.00220750552
418411,418417,421905,6,3488,2,7200,1.00172018349
418544,418798,418800,254,2,2,3540,25.6
418584,418590,422041,6,3451,2,7200,1.00173862649
418623,418629,422097,6,3468,2,7200,1.00173010381
418644,418651,421772,7,3121,2,7200,1.00224287087
418660,418666,421933,6,3267,2,7200,1.00183654729
418684,418690,421698,6,3008,2,7200,1.00199468085
418745,418751,422066,6,3315,2,7200,1.00180995475
418808,418816,422260,8,3444,2,7200,1.00232288037
419132,419140,422255,8,3115,2,7200,1.0025682183
419178,419184,422400,6,3216,2,7200,1.00186567164
419299,419306,422784,7,3478,2,7200,1.00201265095
419342,419349,422595,7,3246,2,7200,1.00215650031
419418,419426,422524,8,3098,2,7200,1.00258231117
419951,419958,423231,7,3273,2,7200,1.00213871066
420084,420090,423095,6,3005,2,7200,1.00199667221
420099,420107,423043,8,2936,2,7200,1.00272479564
420191,420198,423666,7,3468,2,7200,1.00201845444
420367,420373,423552,6,3179,2,7200,1.00188738597
420403,420409,423623,6,3214,2,7200,1.00186683261
420418,420425,423583,7,3158,2,7200,1.00221659278
420445,420451,423251,6,2800,2,7200,1.00214285714
420554,420561,423862,7,3301,2,7200,1.00212056952
420605,420612,423736,7,3124,2,7200,1.00224071703
420878,420885,424174,7,3289,2,7200,1.00212830648
420936,420943,424402,7,3459,2,7200,1.00202370627
420994,421001,424298,7,3297,2,7200,1.00212314225
421009,421016,424025,7,3009,2,7200,1.00232635427
421011,421022,424259,11,3237,2,7200,1.00339820822
421035,421042,424629,7,3587,2,7200,1.0019514915
421050,421057,424243,7,3186,2,7200,1.00219711237
421065,421072,424106,7,3034,2,7200,1.00230718523
421090,421096,424253,6,3157,2,7200,1.00190053849
421105,421112,424160,7,3048,2,7200,1.00229658793
421235,421241,424589,6,3348,2,7200,1.0017921147
421250,421256,424462,6,3206,2,7200,1.00187149095
421277,421284,424596,7,3312,2,7200,1.00211352657
421369,421376,424082,7,2706,2,7200,1.00258684405
421370,421383,424925,13,3542,2,7200,1.0036702428
421464,421471,424646,7,3175,2,7200,1.00220472441
421698,421704,424717,6,3013,2,7200,1.00199137073
421774,421781,424966,7,3185,2,7200,1.0021978022
421788,421795,425127,7,3332,2,7200,1.00210084034
421906,421913,425039,7,3126,2,7200,1.00223928343
421937,421944,425081,7,3137,2,7200,1.0022314313
422040,422047,425519,7,3472,2,7200,1.00201612903
422068,422075,425151,7,3076,2,7200,1.0022756827
422099,422105,425490,6,3385,2,7200,1.00177252585
422257,422264,425703,7,3439,2,7200,1.00203547543
422272,422278,425274,6,2996,2,7200,1.00200267023
422402,422408,425344,6,2936,2,7200,1.00204359673
422527,422534,425708,7,3174,2,7200,1.00220541903
422596,422603,425922,7,3319,2,7200,1.002109069
422731,439784,439873,17053,89,128,480,192.606741573
422736,439884,439952,17148,68,128,480,253.176470588
422784,422792,426036,8,3244,2,7200,1.00246609125
422803,450980,451030,28177,50,96,480,564.54
422809,451041,451088,28232,47,96,480,601.680851064
423046,423052,426322,6,3270,2,7200,1.00183486239
423098,423105,425950,7,2845,2,7200,1.00246045694
423234,423241,426647,7,3406,2,7200,1.00205519671
423253,423259,426448,6,3189,2,7200,1.00188146754
423554,423561,426783,7,3222,2,7200,1.00217256363
423585,423591,426994,6,3403,2,7200,1.00176315016
423624,423631,426950,7,3319,2,7200,1.002109069
423664,423671,427003,7,3332,2,7200,1.00210084034
423734,423741,426806,7,3065,2,7200,1.00228384992
423865,423872,427218,7,3346,2,7200,1.00209205021
424025,424032,427435,7,3403,2,7200,1.00205700852
424083,424089,427148,6,3059,2,7200,1.0019614253
424107,424114,427478,7,3364,2,7200,1.00208085612
424161,424168,427503,7,3335,2,7200,1.00209895052
424176,424183,426940,7,2757,2,7200,1.00253899166
424243,424250,427507,7,3257,2,7200,1.00214921707
424258,424265,427660,7,3395,2,7200,1.00206185567
424260,424272,427887,12,3615,2,7200,1.00331950207
424299,424307,427514,8,3207,2,7200,1.00249454319
424402,424408,427748,6,3340,2,7200,1.00179640719
424463,424469,427615,6,3146,2,7200,1.00190718373
424590,424596,427525,6,2929,2,7200,1.00204848071
424605,424612,428097,7,3485,2,7200,1.00200860832
424629,424635,427719,6,3084,2,7200,1.00194552529
424647,424654,427678,7,3024,2,7200,1.00231481481
424717,424724,427814,7,3090,2,7200,1.00226537217
424926,424932,428039,6,3107,2,7200,1.00193112327
424966,424973,428244,7,3271,2,7200,1.00214001834
425038,425045,428319,7,3274,2,7200,1.00213805742
425083,425090,428331,7,3241,2,7200,1.00215982721
425129,425135,428196,6,3061,2,7200,1.00196014374
425150,425156,428311,6,3155,2,7200,1.00190174326
425275,425281,428508,6,3227,2,7200,1.00185931205
425344,425350,428724,6,3374,2,7200,1.00177830468
425492,425500,428675,8,3175,2,7200,1.00251968504
425520,425526,428708,6,3182,2,7200,1.00188560654
425705,425711,428977,6,3266,2,7200,1.00183710961
425719,425726,429133,7,3407,2,7200,1.00205459348
425922,425929,428980,7,3051,2,7200,1.00229432973
425950,425957,429119,7,3162,2,7200,1.00221378874
426038,426045,429177,7,3132,2,7200,1.00223499361
426324,426330,429276,6,2946,2,7200,1.00203665988
426449,426456,429324,7,2868,2,7200,1.00244072524
426649,426655,429879,6,3224,2,7200,1.00186104218
426783,426790,429837,7,3047,2,7200,1.00229734165
426807,426813,430352,6,3539,2,7200,1.00169539418
426941,426948,430275,7,3327,2,7200,1.0021039976
426956,426964,430138,8,3174,2,7200,1.00252047889
426995,427003,430056,8,3053,2,7200,1.0026203734
427010,427017,430589,7,3572,2,7200,1.00195968645
427151,427157,430216,6,3059,2,7200,1.0019614253
427218,427225,430859,7,3634,2,7200,1.00192625206
427438,427444,430675,6,3231,2,7200,1.00185701021
427480,427486,430537,6,3051,2,7200,1.00196656834
427508,427515,430973,7,3458,2,7200,1.0020242915
427510,427522,430895,12,3373,2,7200,1.0035576638
427527,427535,430858,8,3323,2,7200,1.00240746314
427529,427541,430902,12,3361,2,7200,1.00357036596
427617,427624,430676,7,3052,2,7200,1.00229357798
427660,427666,431014,6,3348,2,7200,1.0017921147
427678,427685,430863,7,3178,2,7200,1.00220264317
427720,427726,431042,6,3316,2,7200,1.00180940893
427747,427755,431136,8,3381,2,7200,1.00236616386
427817,427823,430953,6,3130,2,7200,1.00191693291
427887,427893,431024,6,3131,2,7200,1.00191632066
428042,428049,431509,7,3460,2,7200,1.00202312139
428099,428105,431571,6,3466,2,7200,1.00173110214
428196,428202,431436,6,3234,2,7200,1.00185528757
428244,428251,431291,7,3040,2,7200,1.00230263158
428311,428317,431278,6,2961,2,7200,1.00202634245
428326,428332,431613,6,3281,2,7200,1.00182871076
428341,428347,431768,6,3421,2,7200,1.00175387314
428513,428520,431346,7,2826,2,7200,1.00247699929
428676,428684,431933,8,3249,2,7200,1.00246229609
428710,428717,432271,7,3554,2,7200,1.00196961171
428725,428731,432143,6,3412,2,7200,1.00175849941
428979,428985,432263,6,3278,2,7200,1.00183038438
428994,429001,431954,7,2953,2,7200,1.00237047071
429121,429128,432165,7,3037,2,7200,1.00230490616
429136,429143,432474,7,3331,2,7200,1.00210147103
429179,429185,432290,6,3105,2,7200,1.00193236715
429276,429283,432567,7,3284,2,7200,1.00213154689
429327,429334,432606,7,3272,2,7200,1.0021393643
429839,429846,432975,7,3129,2,7200,1.00223713647
429879,429885,433160,6,3275,2,7200,1.00183206107
430058,430064,433646,6,3582,2,7200,1.00167504188
430140,430147,432872,7,2725,2,7200,1.00256880734
430216,430222,433445,6,3223,2,7200,1.00186161961
430276,430284,433666,8,3382,2,7200,1.00236546422
430352,430360,433332,8,2972,2,7200,1.00269179004
430538,430545,433403,7,2858,2,7200,1.00244926522
430589,430595,433675,6,3080,2,7200,1.00194805195
430677,430683,433673,6,2990,2,7200,1.00200668896
430679,430689,433815,10,3126,2,7200,1.00319897633
430858,430865,434265,7,3400,2,7200,1.00205882353
430859,430871,434343,12,3472,2,7200,1.0034562212
430874,430880,434405,6,3525,2,7200,1.00170212766
430895,430901,433978,6,3077,2,7200,1.00194995125
430910,430916,434360,6,3444,2,7200,1.00174216028
430955,430962,434011,7,3049,2,7200,1.0022958347
430973,430980,434459,7,3479,2,7200,1.00201207243
431016,431022,433895,6,2873,2,7200,1.00208840933
431031,431038,434176,7,3138,2,7200,1.0022307202
431046,431053,433921,7,2868,2,7200,1.00244072524
431137,431143,434516,6,3373,2,7200,1.0017788319
431279,431286,434464,7,3178,2,7200,1.00220264317
431289,450936,450940,19647,4,14,1980,1965.1
431294,431301,434356,7,3055,2,7200,1.0022913257
431349,431356,434715,7,3359,2,7200,1.00208395356
431440,431446,434476,6,3030,2,7200,1.00198019802
431510,431516,434778,6,3262,2,7200,1.00183936235
431573,431579,435001,6,3422,2,7200,1.00175336061
431615,431622,434763,7,3141,2,7200,1.00222858962
431770,431776,435113,6,3337,2,7200,1.00179802218
431934,431940,435335,6,3395,2,7200,1.00176730486
431955,431962,435180,7,3218,2,7200,1.00217526414
432146,432151,435332,5,3181,2,7200,1.00157183276
432164,432170,435385,6,3215,2,7200,1.00186625194
432264,432271,435315,7,3044,2,7200,1.00229960578
432278,432285,435689,7,3404,2,7200,1.00205640423
432293,432299,435503,6,3204,2,7200,1.00187265918
432475,432481,436161,6,3680,2,7200,1.00163043478
432568,432574,435497,6,2923,2,7200,1.0020526856
432605,432611,435896,6,3285,2,7200,1.00182648402
432872,432878,435865,6,2987,2,7200,1.00200870439
432977,432984,435968,7,2984,2,7200,1.0023458445
433161,433169,436228,8,3059,2,7200,1.00261523374
433332,433338,436772,6,3434,2,7200,1.00174723355
433404,433412,436726,8,3314,2,7200,1.00241400121
433447,433453,436399,6,2946,2,7200,1.00203665988
433647,433655,437170,8,3515,2,7200,1.00227596017
433669,433675,436933,6,3258,2,7200,1.00184162063
433684,433691,436851,7,3160,2,7200,1.00221518987
433685,433698,436941,13,3243,2,7200,1.00400863398
433816,433822,436887,6,3065,2,7200,1.00195758564
433894,433901,437122,7,3221,2,7200,1.00217323812
433922,433928,437137,6,3209,2,7200,1.00186974135
433979,433986,437229,7,3243,2,7200,1.00215849522
434013,434020,437241,7,3221,2,7200,1.00217323812
434176,434183,437423,7,3240,2,7200,1.00216049383
434267,434274,437435,7,3161,2,7200,1.00221448909
434343,434350,437741,7,3391,2,7200,1.00206428782
434358,434364,437754,6,3390,2,7200,1.0017699115
434373,434380,437766,7,3386,2,7200,1.00206733609
434403,434410,438001,7,3591,2,7200,1.00194931774
434461,434468,437667,7,3199,2,7200,1.00218818381
434476,434482,437613,6,3131,2,7200,1.00191632066
434477,434488,437592,11,3104,2,7200,1.00354381443
434517,434523,437611,6,3088,2,7200,1.00194300518
434719,434725,437953,6,3228,2,7200,1.00185873606
434764,434770,437557,6,2787,2,7200,1.00215285253
434779,434785,438153,6,3368,2,7200,1.00178147268
435004,435011,438145,7,3134,2,7200,1.00223356733
435116,435123,438503,7,3380,2,7200,1.00207100592
435179,435187,438459,8,3272,2,7200,1.00244498778
435313,435320,438491,7,3171,2,7200,1.00220750552
435335,435341,438746,6,3405,2,7200,1.00176211454
435336,435349,438417,13,3068,2,7200,1.00423728814
435388,435394,438709,6,3315,2,7200,1.00180995475
435497,435503,438682,6,3179,2,7200,1.00188738597
435512,435518,439186,6,3668,2,7200,1.00163576881
435691,435698,438813,7,3115,2,7200,1.00224719101
435866,435873,439077,7,3204,2,7200,1.00218476904
435899,435907,439439,8,3532,2,7200,1.00226500566
435969,435977,439117,8,3140,2,7200,1.0025477707
436161,436167,439339,6,3172,2,7200,1.00189155107
436228,436233,439484,5,3251,2,7200,1.00153798831
436401,436408,439400,7,2992,2,7200,1.00233957219
436726,436733,439784,7,3051,2,7200,1.00229432973
436774,436782,439768,8,2986,2,7200,1.00267916946
436850,436857,440025,7,3168,2,7200,1.00220959596
436887,436893,440048,6,3155,2,7200,1.00190174326
436935,436941,439780,6,2839,2,7200,1.00211342022
436950,436957,440068,7,3111,2,7200,1.00225008036
437123,437130,440244,7,3114,2,7200,1.00224791265
437138,437144,440112,6,2968,2,7200,1.00202156334
437171,437178,440473,7,3295,2,7200,1.00212443096
437232,437238,440597,6,3359,2,7200,1.00178624591
437247,437253,440115,6,2862,2,7200,1.00209643606
437424,437430,440927,6,3497,2,7200,1.00171575636
437439,437445,440816,6,3371,2,7200,1.00177988727
437557,437563,440829,6,3266,2,7200,1.00183710961
437591,437598,440936,7,3338,2,7200,1.00209706411
437612,437618,440896,6,3278,2,7200,1.00183038438
437627,437634,440739,7,3105,2,7200,1.00225442834
437669,437676,440564,7,2888,2,7200,1.00242382271
437745,437752,441358,7,3606,2,7200,1.0019412091
437760,437768,440862,8,3094,2,7200,1.00258564964
437775,437781,440978,6,3197,2,7200,1.00187675946
437955,437962,441205,7,3243,2,7200,1.00215849522
438000,438006,441088,6,3082,2,7200,1.0019467878
438145,438152,441506,7,3354,2,7200,1.00208706023
438160,438167,441547,7,3380,2,7200,1.00207100592
438419,438425,441635,6,3210,2,7200,1.00186915888
438461,438467,441396,6,2929,2,7200,1.00204848071
438491,438497,441755,6,3258,2,7200,1.00184162063
438506,438512,441823,6,3311,2,7200,1.00181214135
438682,438690,442129,8,3439,2,7200,1.00232625763
438710,438717,442041,7,3324,2,7200,1.00210589651
438746,438753,441888,7,3135,2,7200,1.00223285486
438812,438818,442175,6,3357,2,7200,1.0017873101
439078,439084,442094,6,3010,2,7200,1.00199335548
439117,439123,442072,6,2949,2,7200,1.002034588
439187,439193,442723,6,3530,2,7200,1.00169971671
439342,439348,442561,6,3213,2,7200,1.00186741363
439402,439408,442434,6,3026,2,7200,1.0019828156
439442,439448,442525,6,3077,2,7200,1.00194995125
439484,439491,442602,7,3111,2,7200,1.00225008036
439768,439776,442876,8,3100,2,7200,1.00258064516
439784,439791,443183,7,3392,2,7200,1.00206367925
439785,439796,442892,11,3096,2,7200,1.00355297158
440025,440031,443348,6,3317,2,7200,1.00180886343
440050,440056,443202,6,3146,2,7200,1.00190718373
440071,440077,443325,6,3248,2,7200,1.00184729064
440113,440119,443350,6,3231,2,7200,1.00185701021
440128,440134,443282,6,3148,2,7200,1.00190597205
440246,440253,443556,7,3303,2,7200,1.0021192855
440473,440480,443783,7,3303,2,7200,1.0021192855
440564,440571,443889,7,3318,2,7200,1.00210970464
440597,440604,443619,7,3015,2,7200,1.00232172471
440740,440746,444140,6,3394,2,7200,1.00176782557
440818,440826,444339,8,3513,2,7200,1.00227725591
440833,440841,443827,8,2986,2,7200,1.00267916946
440864,440870,443997,6,3127,2,7200,1.00191877199
440897,440904,444195,7,3291,2,7200,1.00212701307
440928,440934,444241,6,3307,2,7200,1.00181433323
440943,440950,444109,7,3159,2,7200,1.0022158911
440979,440986,444029,7,3043,2,7200,1.00230036149
441089,441095,444203,6,3108,2,7200,1.00193050193
441207,441213,444532,6,3319,2,7200,1.00180777343
441358,441365,444712,7,3347,2,7200,1.00209142516
441398,441404,444946,6,3542,2,7200,1.00169395822
441507,441513,444577,6,3064,2,7200,1.00195822454
441549,441555,444792,6,3237,2,7200,1.00185356812
441637,441644,444648,7,3004,2,7200,1.00233022636
441758,441765,445327,7,3562,2,7200,1.0019651881
441824,441832,445131,8,3299,2,7200,1.00242497727
441888,441894,445068,6,3174,2,7200,1.00189035917
442042,442048,445309,6,3261,2,7200,1.0018399264
442073,442080,445452,7,3372,2,7200,1.00207591934
442094,442100,445218,6,3118,2,7200,1.00192431046
442130,442137,445505,7,3368,2,7200,1.0020783848
442176,442183,445434,7,3251,2,7200,1.00215318364
442434,442440,445676,6,3236,2,7200,1.00185414091
442525,442531,445817,6,3286,2,7200,1.00182592818
442561,442569,445604,8,3035,2,7200,1.00263591433
442605,442611,446073,6,3462,2,7200,1.00173310225
442727,442733,446107,6,3374,2,7200,1.00177830468
442878,442884,446033,6,3149,2,7200,1.00190536678
442893,442901,446439,8,3538,2,7200,1.0022611645
443184,443191,446263,7,3072,2,7200,1.00227864583
443202,443208,446596,6,3388,2,7200,1.00177095632
443283,443291,446523,8,3232,2,7200,1.00247524752
443326,443333,446205,7,2872,2,7200,1.00243732591
443351,443358,446670,7,3312,2,7200,1.00211352657
443352,443365,446393,13,3028,2,7200,1.00429326288
443558,443566,446918,8,3352,2,7200,1.00238663484
443619,443625,446762,6,3137,2,7200,1.0019126554
443784,443790,446858,6,3068,2,7200,1.00195567145
443829,443835,447248,6,3413,2,7200,1.00175798418
443890,443897,447356,7,3459,2,7200,1.00202370627
443999,444005,447297,6,3292,2,7200,1.00182260024
444030,444037,447183,7,3146,2,7200,1.00222504768
444109,444115,447193,6,3078,2,7200,1.00194931774
444142,444149,447368,7,3219,2,7200,1.00217458838
444197,444203,447508,6,3305,2,7200,1.00181543116
444212,444219,447481,7,3262,2,7200,1.00214592275
444242,444249,447416,7,3167,2,7200,1.00221029365
444339,444346,447902,7,3556,2,7200,1.00196850394
444533,444541,447538,8,2997,2,7200,1.002669336
444579,444585,447492,6,2907,2,7200,1.00206398349
444650,444658,447652,8,2994,2,7200,1.00267201069
444712,444718,448121,6,3403,2,7200,1.00176315016
444794,444800,448095,6,3295,2,7200,1.00182094082
444950,444956,448443,6,3487,2,7200,1.0017206768
445068,445074,448370,6,3296,2,7200,1.00182038835
445131,445137,448680,6,3543,2,7200,1.0016934801
445220,445227,448258,7,3031,2,7200,1.00230946882
445309,445315,448376,6,3061,2,7200,1.00196014374
445328,445334,448773,6,3439,2,7200,1.00174469322
445434,445441,449050,7,3609,2,7200,1.00193959546
445452,445459,448551,7,3092,2,7200,1.00226390686
445507,445514,448596,7,3082,2,7200,1.00227125243
445604,445610,448558,6,2948,2,7200,1.00203527815
445677,445685,448938,8,3253,2,7200,1.00245926837
445820,445826,449229,6,3403,2,7200,1.00176315016
446035,446042,449509,7,3467,2,7200,1.00201903663
446074,446080,449146,6,3066,2,7200,1.00195694716
446107,446114,449494,7,3380,2,7200,1.00207100592
446208,446215,449289,7,3074,2,7200,1.00227716331
446265,446271,449341,6,3070,2,7200,1.00195439739
446371,451978,451983,5607,5,40,259200,561.2
446396,446402,449805,6,3403,2,7200,1.00176315016
446438,446445,449718,7,3273,2,7200,1.00213871066
446524,446531,449819,7,3288,2,7200,1.00212895377
446565,450952,450956,4387,4,10,259200,439.1
446597,446604,449997,7,3393,2,7200,1.00206307103
446669,446676,449423,7,2747,2,7200,1.00254823444
446764,446771,450119,7,3348,2,7200,1.00209080048
446858,446864,449925,6,3061,2,7200,1.00196014374
446919,446926,450090,7,3164,2,7200,1.00221238938
447185,447192,450537,7,3345,2,7200,1.00209267564
447200,447207,450538,7,3331,2,7200,1.00210147103
447249,447255,450265,6,3010,2,7200,1.00199335548
447298,447305,450695,7,3390,2,7200,1.00206489676
447355,447361,450530,6,3169,2,7200,1.00189334175
447370,447376,450544,6,3168,2,7200,1.00189393939
447416,447422,450623,6,3201,2,7200,1.00187441425
447483,447489,450765,6,3276,2,7200,1.00183150183
447498,447505,450889,7,3384,2,7200,1.00206855792
447513,447519,450550,6,3031,2,7200,1.0019795447
447537,447543,450791,6,3248,2,7200,1.00184729064
447652,447659,450791,7,3132,2,7200,1.00223499361
447903,447909,451013,6,3104,2,7200,1.00193298969
448098,448105,451599,7,3494,2,7200,1.00200343446
448122,448129,451311,7,3182,2,7200,1.00219987429
448259,448265,451337,6,3072,2,7200,1.001953125
448368,448376,451799,8,3423,2,7200,1.00233713117
448383,448391,451487,8,3096,2,7200,1.00258397933
448441,448448,451597,7,3149,2,7200,1.00222292791
448548,448555,451655,7,3100,2,7200,1.00225806452
448563,448569,451842,6,3273,2,7200,1.00183318057
448596,448603,452193,7,3590,2,7200,1.00194986072
448682,448688,451663,6,2975,2,7200,1.00201680672
448774,448781,451751,7,2970,2,7200,1.00235690236
448939,448946,451882,7,2936,2,7200,1.00238419619
449048,449055,452538,7,3483,2,7200,1.0020097617
449146,449154,452481,8,3327,2,7200,1.00240456868
449229,449235,452604,6,3369,2,7200,1.0017809439
449290,449296,452557,6,3261,2,7200,1.0018399264
449342,449349,452442,7,3093,2,7200,1.00226317491
449422,449429,452666,7,3237,2,7200,1.00216249614
449496,449503,452521,7,3018,2,7200,1.00231941683
449511,449517,452740,6,3223,2,7200,1.00186161961
449721,449728,452928,7,3200,2,7200,1.0021875
449807,449813,453104,6,3291,2,7200,1.00182315406
449822,449829,453042,7,3213,2,7200,1.00217864924
449926,449932,453162,6,3230,2,7200,1.00185758514
449999,450005,453523,6,3518,2,7200,1.0017055145
450090,450096,453634,6,3538,2,7200,1.00169587337
450121,450128,453364,7,3236,2,7200,1.0021631644
450265,450271,453799,6,3528,2,7200,1.00170068027
450532,450539,454046,7,3507,2,7200,1.00199600798
450548,450554,453762,6,3208,2,7200,1.00187032419
450550,450560,453654,10,3094,2,7200,1.00323206206
450551,450566,453623,15,3057,2,7200,1.00490677134
450566,450572,454113,6,3541,2,7200,1.0016944366
450624,450630,453983,6,3353,2,7200,1.00178944229
450697,450704,453781,7,3077,2,7200,1.00227494313
450767,450773,454174,6,3401,2,7200,1.001764187
450792,450799,454063,7,3264,2,7200,1.00214460784
450793,450816,454250,23,3434,2,7200,1.0066977286
450890,450896,454143,6,3247,2,7200,1.00184785956
451014,451021,454080,7,3059,2,7200,1.00228832952
451314,451320,454444,6,3124,2,7200,1.0019206146
451338,451344,454721,6,3377,2,7200,1.0017767249
451487,451494,454856,7,3362,2,7200,1.00208209399
451491,451546,523596,55,72050,1,72000,1.00076335878
451491,451506,523540,15,72034,1,72000,1.000208235
451491,451501,523513,10,72012,1,72000,1.00013886574
451599,451606,559639,7,108033,1,108000,1.00006479502
451599,451611,559639,12,108028,1,108000,1.00011108231
451600,451618,454764,18,3146,2,7200,1.00572155118
451600,452022,560045,422,108023,1,108000,1.00390657545
451601,451623,454775,22,3152,2,7200,1.00697969543
451656,451662,455129,6,3467,2,7200,1.00173060283
451671,451677,454973,6,3296,2,7200,1.00182038835
451753,451760,455191,7,3431,2,7200,1.00204022151
451803,451810,455057,7,3247,2,7200,1.00215583616
451824,451989,451992,165,3,1,1980,16.8
451842,451850,455143,8,3293,2,7200,1.00242939569
451882,451889,454917,7,3028,2,7200,1.00231175694
451929,452029,452030,100,1,1,234000,10.1
451952,452034,452035,82,1,1,72000,8.3
452193,452200,455321,7,3121,2,7200,1.00224287087
452261,452267,452269,6,2,1,234000,1.0
452374,452380,482876,6,30496,1,234000,1.00019674711
452387,452395,483914,8,31519,1,72000,1.00025381516
452439,452446,452684,7,238,1,1980,1.02941176471
452443,452453,455655,10,3202,2,7200,1.00312304809
452483,452489,455852,6,3363,2,7200,1.00178412132
452523,452529,455964,6,3435,2,7200,1.00174672489
452538,452545,455671,7,3126,2,7200,1.00223928343
452560,452566,455962,6,3396,2,7200,1.00176678445
452605,452612,455766,7,3154,2,7200,1.00221940393
452669,452676,456133,7,3457,2,7200,1.00202487706
452742,452749,456037,7,3288,2,7200,1.00212895377
452930,452937,456331,7,3394,2,7200,1.00206246317
452957,453270,453649,313,379,14,1980,1.82585751979
453043,453049,456337,6,3288,2,7200,1.00182481752
453104,453113,456310,9,3197,2,7200,1.00281513919
453139,494565,494628,41426,63,96,480,658.555555556
453145,494639,494695,41494,56,96,480,741.964285714
453156,495228,495298,42072,70,128,480,602.028571429
453161,495310,495379,42149,69,128,480,611.855072464
453162,453170,456440,8,3270,2,7200,1.00244648318
453366,453373,456705,7,3332,2,7200,1.00210084034
453525,453531,456747,6,3216,2,7200,1.00186567164
453623,453629,457038,6,3409,2,7200,1.00176004693
453638,453644,456990,6,3346,2,7200,1.00179318589
453647,453654,453659,7,5,1,900,1.2
453654,453660,456798,6,3138,2,7200,1.00191204589
453655,453666,454562,11,896,14,1980,1.01227678571
453764,453771,457115,7,3344,2,7200,1.00209330144
453782,453789,457042,7,3253,2,7200,1.00215185982
453800,453806,456890,6,3084,2,7200,1.00194552529
453983,453989,457055,6,3066,2,7200,1.00195694716
454047,454054,457148,7,3094,2,7200,1.00226244344
454065,454071,457212,6,3141,2,7200,1.00191021968
454080,454086,457162,6,3076,2,7200,1.00195058518
454114,454120,457319,6,3199,2,7200,1.00187558612
454145,454151,457238,6,3087,2,7200,1.0019436346
454175,454181,457696,6,3515,2,7200,1.00170697013
454249,454255,457431,6,3176,2,7200,1.00188916877
454447,454453,457725,6,3272,2,7200,1.00183374083
454559,454872,454880,313,8,1,900,32.1
454568,454575,454951,7,376,14,1980,1.01861702128
454722,454730,457798,8,3068,2,7200,1.00260756193
454766,454773,457839,7,3066,2,7200,1.00228310502
454781,454788,458033,7,3245,2,7200,1.00215716487
454857,454865,458275,8,3410,2,7200,1.00234604106
454919,454925,458189,6,3264,2,7200,1.00183823529
454975,454982,458134,7,3152,2,7200,1.00222081218
455057,455063,458225,6,3162,2,7200,1.00189753321
455131,455137,458623,6,3486,2,7200,1.0017211704
455146,455152,458131,6,2979,2,7200,1.00201409869
455192,455198,458614,6,3416,2,7200,1.00175644028
455324,455330,458839,6,3509,2,7200,1.00170988886
455657,455664,458882,7,3218,2,7200,1.00217526414
455672,455678,458970,6,3292,2,7200,1.00182260024
455764,455771,458914,7,3143,2,7200,1.00222717149
455853,455860,459290,7,3430,2,7200,1.00204081633
455964,455970,459372,6,3402,2,7200,1.00176366843
455965,455977,459454,12,3477,2,7200,1.00345125108
456039,456046,459452,7,3406,2,7200,1.00205519671
456133,456141,459365,8,3224,2,7200,1.00248138958
456308,456314,459238,6,2924,2,7200,1.00205198358
456333,456340,459343,7,3003,2,7200,1.00233100233
456348,456354,459475,6,3121,2,7200,1.00192246075
456444,456451,459648,7,3197,2,7200,1.00218955271
456706,456712,459822,6,3110,2,7200,1.00192926045
456748,456755,459945,7,3190,2,7200,1.00219435737
456800,456807,460166,7,3359,2,7200,1.00208395356
456889,456895,460407,6,3512,2,7200,1.00170842825
456990,456996,460424,6,3428,2,7200,1.00175029172
457039,457045,460685,6,3640,2,7200,1.00164835165
457054,457060,460432,6,3372,2,7200,1.00177935943
457069,457075,460416,6,3341,2,7200,1.0017958695
457119,457126,460528,7,3402,2,7200,1.00205761317
457150,457157,460550,7,3393,2,7200,1.00206307103
457165,457171,460212,6,3041,2,7200,1.00197303519
457214,457221,460461,7,3240,2,7200,1.00216049383
457238,457245,460433,7,3188,2,7200,1.002195734
457321,457328,460588,7,3260,2,7200,1.00214723926
457431,457437,460508,6,3071,2,7200,1.00195376099
457667,495391,496033,37724,642,128,600,59.7601246106
457697,457703,460752,6,3049,2,7200,1.00196785831
457724,457730,460822,6,3092,2,7200,1.00194049159
457797,457804,461196,7,3392,2,7200,1.00206367925
457840,457847,461161,7,3314,2,7200,1.00211225106
458035,458041,461438,6,3397,2,7200,1.00176626435
458133,458139,461540,6,3401,2,7200,1.001764187
458134,458146,461559,12,3413,2,7200,1.00351596836
458189,458196,461291,7,3095,2,7200,1.00226171244
458226,458232,461527,6,3295,2,7200,1.00182094082
458275,458281,461439,6,3158,2,7200,1.00189993667
458591,458634,475445,43,16811,4,32400,1.00255784903
458613,458620,461840,7,3220,2,7200,1.00217391304
458628,458639,462134,11,3495,2,7200,1.00314735336
458843,458849,462130,6,3281,2,7200,1.00182871076
458883,458889,461980,6,3091,2,7200,1.00194111938
458913,458919,462247,6,3328,2,7200,1.00180288462
458971,458977,462554,6,3577,2,7200,1.00167738328
459238,459245,462373,7,3128,2,7200,1.00223785166
459293,459299,462800,6,3501,2,7200,1.00171379606
459344,459352,462333,8,2981,2,7200,1.0026836632
459369,459375,462654,6,3279,2,7200,1.00182982617
459384,459391,462733,7,3342,2,7200,1.00209455416
459451,459457,462567,6,3110,2,7200,1.00192926045
459466,459472,462810,6,3338,2,7200,1.00179748352
459481,459487,462806,6,3319,2,7200,1.00180777343
459648,459655,463099,7,3444,2,7200,1.00203252033
459825,459832,463034,7,3202,2,7200,1.00218613367
459945,459951,463137,6,3186,2,7200,1.00188323917
460166,460172,463614,6,3442,2,7200,1.00174317257
460214,460221,463497,7,3276,2,7200,1.00213675214
460409,460416,463867,7,3451,2,7200,1.00202839757
460425,460431,463473,6,3042,2,7200,1.00197238659
460426,460438,463610,12,3172,2,7200,1.00378310214
460441,460449,463789,8,3340,2,7200,1.00239520958
460443,460456,463874,13,3418,2,7200,1.0038033938
460461,460468,463933,7,3465,2,7200,1.00202020202
460507,460513,463477,6,2964,2,7200,1.0020242915
460528,460535,463714,7,3179,2,7200,1.0022019503
460549,460556,463725,7,3169,2,7200,1.00220889871
460590,460596,463924,6,3328,2,7200,1.00180288462
460687,460694,463927,7,3233,2,7200,1.00216517167
460690,496044,496046,35354,2,40,259200,3535.6
460754,460760,464054,6,3294,2,7200,1.00182149362
460824,460830,463988,6,3158,2,7200,1.00189993667
461163,461170,464321,7,3151,2,7200,1.00222151698
461197,461204,464397,7,3193,2,7200,1.00219229565
461292,461298,464878,6,3580,2,7200,1.00167597765
461439,461445,464779,6,3334,2,7200,1.00179964007
461440,461453,464669,13,3216,2,7200,1.00404228856
461530,461536,464714,6,3178,2,7200,1.00188797986
461545,461552,464758,7,3206,2,7200,1.00218340611
461560,461566,464856,6,3290,2,7200,1.00182370821
461841,461848,465282,7,3434,2,7200,1.00203843914
461979,461985,465010,6,3025,2,7200,1.00198347107
462051,464334,522137,2283,57803,1,259200,1.03949621992
462052,464339,522003,2287,57664,1,259200,1.03966079356
462052,464773,523340,2721,58567,1,259200,1.04645961036
462132,462139,465548,7,3409,2,7200,1.00205338809
462134,462145,465381,11,3236,2,7200,1.00339925834
462247,462253,465783,6,3530,2,7200,1.00169971671
462334,462346,465561,12,3215,2,7200,1.00373250389
462374,462380,465888,6,3508,2,7200,1.00171037628
462534,462541,463053,7,512,2,14400,1.013671875
462554,462560,465890,6,3330,2,7200,1.0018018018
462569,462577,465666,8,3089,2,7200,1.0025898349
462655,462661,466069,6,3408,2,7200,1.00176056338
462734,462741,466116,7,3375,2,7200,1.00207407407
462802,462808,465685,6,2877,2,7200,1.00208550574
462817,462823,466132,6,3309,2,7200,1.00181323663
462818,462829,466173,11,3344,2,7200,1.00328947368
463034,463041,466380,7,3339,2,7200,1.00209643606
463101,463108,466131,7,3023,2,7200,1.00231558055
463111,463488,463864,377,376,2,14400,2.00265957447
463139,463146,466607,7,3461,2,7200,1.00202253684
463204,483200,483579,19996,379,14,1440,53.7598944591
463475,463481,466998,6,3517,2,7200,1.00170599943
463490,463496,466986,6,3490,2,7200,1.00171919771
463506,463512,466768,6,3256,2,7200,1.00184275184
463610,463616,466900,6,3284,2,7200,1.00182704019
463625,463632,467430,7,3798,2,7200,1.0018430753
463714,463721,467213,7,3492,2,7200,1.0020045819
463729,463736,467275,7,3539,2,7200,1.00197795988
463791,463798,466996,7,3198,2,7200,1.00218886804
463870,463877,467429,7,3552,2,7200,1.00197072072
463885,463891,467173,6,3282,2,7200,1.00182815356
463926,463932,467156,6,3224,2,7200,1.00186104218
463927,463940,467329,13,3389,2,7200,1.00383593981
463942,463949,467257,7,3308,2,7200,1.00211608222
463988,463995,467371,7,3376,2,7200,1.00207345972
464049,464069,464479,20,410,2,14400,1.0487804878
464057,464063,467351,6,3288,2,7200,1.00182481752
464259,464493,466353,234,1860,1,36000,1.12580645161
464321,464327,467600,6,3273,2,7200,1.00183318057
464398,464405,467515,7,3110,2,7200,1.00225080386
464477,464498,478918,21,14420,1,36000,1.00145631068
464505,483563,484729,19058,1166,16,1210,17.3447684391
464512,484741,485112,20229,371,16,1210,55.525606469
464521,484752,485199,20231,447,16,1210,46.25950783
464525,485124,485489,20599,365,16,1210,57.4356164384
464526,496521,683778,31995,187257,4,345600,1.17086143642
464533,485210,485633,20677,423,16,1210,49.8817966903
464539,485502,485844,20963,342,16,1210,62.2953216374
464670,464677,468120,7,3443,2,7200,1.00203311066
464716,464722,467842,6,3120,2,7200,1.00192307692
464759,464766,468167,7,3401,2,7200,1.00205821817
464780,464786,468064,6,3278,2,7200,1.00183038438
464856,464863,468052,7,3189,2,7200,1.00219504547
464877,464884,468038,7,3154,2,7200,1.00221940393
465012,465018,468404,6,3386,2,7200,1.00177200236
465281,465287,468713,6,3426,2,7200,1.00175131349
465383,465389,468653,6,3264,2,7200,1.00183823529
465550,465556,468579,6,3023,2,7200,1.00198478333
465558,465564,468735,6,3171,2,7200,1.00189214759
465560,465571,468891,11,3320,2,7200,1.00331325301
465561,465576,469018,15,3442,2,7200,1.00435793144
465562,465582,468968,20,3386,2,7200,1.00590667454
465564,465587,468983,23,3396,2,7200,1.00677267373
465565,465594,469220,29,3626,2,7200,1.00799779371
465566,465599,469017,33,3418,2,7200,1.00965476887
465568,465604,469048,36,3444,2,7200,1.01045296167
465569,465610,468637,41,3027,2,7200,1.01354476379
465570,465615,468781,45,3166,2,7200,1.01421351864
465572,465620,468896,48,3276,2,7200,1.01465201465
465573,465626,469077,53,3451,2,7200,1.01535786728
465574,465631,468806,57,3175,2,7200,1.01795275591
465576,465636,468771,60,3135,2,7200,1.01913875598
465577,465641,468777,64,3136,2,7200,1.02040816327
465578,465647,468788,69,3141,2,7200,1.02196752627
465580,465652,469362,72,3710,2,7200,1.01940700809
465581,465657,468943,76,3286,2,7200,1.02312842362
465582,465662,468981,80,3319,2,7200,1.02410364568
465584,465668,468974,84,3306,2,7200,1.02540834846
465596,465681,466632,85,951,2,14400,1.08937960042
465603,465674,469300,71,3626,2,7200,1.0195808053
465668,465698,468818,30,3120,2,7200,1.00961538462
465686,465795,469130,109,3335,2,7200,1.03268365817
465784,465902,469457,118,3555,2,7200,1.03319268636
465833,484578,484580,18745,2,1,172800,1874.7
465834,484583,484584,18749,1,1,172800,1875.0
465836,484640,484641,18804,1,1,172800,1880.5
465837,484670,484671,18833,1,1,172800,1883.4
465838,484733,484734,18895,1,1,172800,1889.6
465839,484769,484770,18930,1,1,172800,1893.1
465891,465907,469213,16,3306,2,7200,1.00483968542
465893,466081,469541,188,3460,2,7200,1.05433526012
466070,466128,469571,58,3443,2,7200,1.01684577403
466119,466143,469206,24,3063,2,7200,1.00783545544
466135,466148,469416,13,3268,2,7200,1.00397796818
466136,466185,469709,49,3524,2,7200,1.0139046538
466173,466364,469440,191,3076,2,7200,1.06209362809
466381,466392,469893,11,3501,2,7200,1.00314195944
466609,466619,469895,10,3276,2,7200,1.00305250305
466771,466777,470215,6,3438,2,7200,1.0017452007
466902,466908,470103,6,3195,2,7200,1.00187793427
466987,466993,470342,6,3349,2,7200,1.00179157958
467003,467010,470228,7,3218,2,7200,1.00217526414
467004,467016,470389,12,3373,2,7200,1.0035576638
467127,467189,477865,62,10676,1,36000,1.00580741851
467145,467172,467609,27,437,2,14400,1.06178489703
467157,467165,470366,8,3201,2,7200,1.00249921899
467176,467184,470293,8,3109,2,7200,1.00257317465
467212,472233,472324,5021,91,32,600,56.1758241758
467216,467222,470594,6,3372,2,7200,1.00177935943
467224,537857,810780,70633,272923,3,604800,1.25880193315
467258,467265,470408,7,3143,2,7200,1.00222717149
467277,467284,470581,7,3297,2,7200,1.00212314225
467329,467336,470396,7,3060,2,7200,1.0022875817
467354,467360,470743,6,3383,2,7200,1.00177357375
467372,467378,470842,6,3464,2,7200,1.00173210162
467430,467436,470710,6,3274,2,7200,1.00183262065
467431,467443,470932,12,3489,2,7200,1.00343938091
467517,467523,470744,6,3221,2,7200,1.00186277554
467590,468211,470446,621,2235,6,86400,1.27785234899
467600,467607,471055,7,3448,2,7200,1.00203016241
467843,467849,471527,6,3678,2,7200,1.00163132137
467997,468004,468410,7,406,2,14400,1.01724137931
468038,468045,471557,7,3512,2,7200,1.00199316629
468053,468061,471015,8,2954,2,7200,1.00270819228
468069,468076,471384,7,3308,2,7200,1.00211608222
468122,468128,471310,6,3182,2,7200,1.00188560654
468169,468175,471797,6,3622,2,7200,1.00165654335
468404,468410,471823,6,3413,2,7200,1.00175798418
468486,468493,469075,7,582,1,44100,1.01202749141
468499,468506,470806,7,2300,1,44100,1.00304347826
468509,468651,469248,142,597,1,44100,1.2378559464
468520,468656,469394,136,738,1,44100,1.18428184282
468527,468662,470302,135,1640,1,44100,1.08231707317
468535,468667,478457,132,9790,1,44100,1.01348314607
468544,468672,484633,128,15961,1,44100,1.00801954765
468554,468678,486968,124,18290,1,44100,1.00677966102
468564,468683,486862,119,18179,1,44100,1.00654601463
468579,468586,471969,7,3383,2,7200,1.00206916938
468637,468644,472046,7,3402,2,7200,1.00205761317
468656,468690,471988,34,3298,2,7200,1.01030927835
468714,468720,472051,6,3331,2,7200,1.00180126088
468736,468742,471936,6,3194,2,7200,1.00187852223
468772,468779,472070,7,3291,2,7200,1.00212701307
468788,468795,472098,7,3303,2,7200,1.0021192855
468789,468802,472096,13,3294,2,7200,1.00394656952
468791,468807,472045,16,3238,2,7200,1.0049413218
468809,468816,471891,7,3075,2,7200,1.00227642276
468824,468832,472101,8,3269,2,7200,1.00244723157
468892,468898,471876,6,2978,2,7200,1.00201477502
468907,468914,472002,7,3088,2,7200,1.00226683938
468945,468952,472452,7,3500,2,7200,1.002
468970,468977,472048,7,3071,2,7200,1.00227938782
468986,468992,472484,6,3492,2,7200,1.00171821306
468987,468999,472363,12,3364,2,7200,1.00356718193
468989,469004,472302,15,3298,2,7200,1.00454821104
469017,469023,472622,6,3599,2,7200,1.00166712976
469019,469031,472281,12,3250,2,7200,1.00369230769
469050,469056,472218,6,3162,2,7200,1.00189753321
469078,469085,472457,7,3372,2,7200,1.00207591934
469133,469139,472531,6,3392,2,7200,1.00176886792
469207,469213,472698,6,3485,2,7200,1.00172166428
469222,469229,472479,7,3250,2,7200,1.00215384615
469224,469236,472399,12,3163,2,7200,1.00379386658
469301,469307,472848,6,3541,2,7200,1.0016944366
469362,469370,472926,8,3556,2,7200,1.00224971879
469418,469425,472767,7,3342,2,7200,1.00209455416
469442,469450,472751,8,3301,2,7200,1.00242350803
469458,469464,472477,6,3013,2,7200,1.00199137073
469543,469549,472854,6,3305,2,7200,1.00181543116
469570,469577,472927,7,3350,2,7200,1.00208955224
469711,469717,472915,6,3198,2,7200,1.00187617261
469895,469902,472979,7,3077,2,7200,1.00227494313
469896,469909,473197,13,3288,2,7200,1.00395377129
470105,470111,473500,6,3389,2,7200,1.00177043376
470112,470230,470511,118,281,2,21600,1.41992882562
470216,470223,473364,7,3141,2,7200,1.00222858962
470231,470238,473609,7,3371,2,7200,1.00207653515
470292,470299,473615,7,3316,2,7200,1.00211097708
470342,470348,473838,6,3490,2,7200,1.00171919771
470366,470373,473659,7,3286,2,7200,1.00213024954
470390,470398,473686,8,3288,2,7200,1.00243309002
470406,470412,473807,6,3395,2,7200,1.00176730486
470421,470428,473556,7,3128,2,7200,1.00223785166
470468,470476,475489,8,5013,4,86400,1.00159585079
470582,470589,473706,7,3117,2,7200,1.00224574912
470597,470603,473825,6,3222,2,7200,1.00186219739
470710,470716,474132,6,3416,2,7200,1.00175644028
470744,470751,473921,7,3170,2,7200,1.00220820189
470746,470758,474359,12,3601,2,7200,1.00333240766
470844,470851,474159,7,3308,2,7200,1.00211608222
470933,470940,474458,7,3518,2,7200,1.00198976691
471015,471023,474517,8,3494,2,7200,1.00228963938
471055,471062,474440,7,3378,2,7200,1.00207223209
471311,471317,474762,6,3445,2,7200,1.00174165457
471384,471390,474684,6,3294,2,7200,1.00182149362
471528,471535,475069,7,3534,2,7200,1.00198075835
471559,471566,474998,7,3432,2,7200,1.00203962704
471798,471805,474823,7,3018,2,7200,1.00231941683
471826,471832,475189,6,3357,2,7200,1.0017873101
471878,471884,475192,6,3308,2,7200,1.00181378476
471893,471900,475065,7,3165,2,7200,1.00221169036
471939,471945,475372,6,3427,2,7200,1.00175080245
471966,471974,475520,8,3546,2,7200,1.00225606317
471991,471997,475240,6,3243,2,7200,1.00185013876
472006,472012,475578,6,3566,2,7200,1.00168255749
472046,472054,475402,8,3348,2,7200,1.00238948626
472048,472061,475233,13,3172,2,7200,1.00409836066
472049,472066,475791,17,3725,2,7200,1.00456375839
472064,472073,475230,9,3157,2,7200,1.00285080773
472079,472086,475107,7,3021,2,7200,1.00231711354
472099,472106,475447,7,3341,2,7200,1.00209518108
472100,472113,475468,13,3355,2,7200,1.00387481371
472101,472118,475282,17,3164,2,7200,1.00537294564
472219,472226,475374,7,3148,2,7200,1.00222363405
472283,472290,475664,7,3374,2,7200,1.0020746888
472305,472311,475918,6,3607,2,7200,1.00166343222
472363,472370,475696,7,3326,2,7200,1.00210463019
472397,472404,475935,7,3531,2,7200,1.00198244123
472414,472421,472538,7,117,2,7200,1.05982905983
472453,472460,475707,7,3247,2,7200,1.00215583616
472468,472474,475685,6,3211,2,7200,1.00186857677
472485,472492,475801,7,3309,2,7200,1.00211544273
472486,472497,475720,11,3223,2,7200,1.00341296928
472487,472504,475739,17,3235,2,7200,1.00525502318
472531,472537,475925,6,3388,2,7200,1.00177095632
472621,472627,475589,6,2962,2,7200,1.00202565834
472701,472707,475961,6,3254,2,7200,1.00184388445
472753,472759,476013,6,3254,2,7200,1.00184388445
472768,472775,476100,7,3325,2,7200,1.00210526316
472851,472858,476231,7,3373,2,7200,1.00207530388
472866,472872,475851,6,2979,2,7200,1.00201409869
472915,472921,476237,6,3316,2,7200,1.00180940893
472931,472937,476530,6,3593,2,7200,1.00166991372
472932,472944,475929,12,2985,2,7200,1.0040201005
472965,546649,547745,73684,1096,8,108000,68.2299270073
472982,472989,476099,7,3110,2,7200,1.00225080386
473166,473172,476376,6,3204,2,7200,1.00187265918
473167,473180,476116,13,2936,2,7200,1.00442779292
473169,473185,476628,16,3443,2,7200,1.00464711008
473170,473190,476827,20,3637,2,7200,1.00549903767
473198,473204,476304,6,3100,2,7200,1.00193548387
473335,473341,473345,6,4,1,72000,1.0
473366,473372,476861,6,3489,2,7200,1.00171969046
473447,473569,473764,122,195,1,72000,1.62564102564
473502,473508,476781,6,3273,2,7200,1.00183318057
473554,473562,476794,8,3232,2,7200,1.00247524752
473610,473616,476903,6,3287,2,7200,1.00182537268
473625,473632,477108,7,3476,2,7200,1.00201380898
473659,473666,476842,7,3176,2,7200,1.00220403023
473686,473692,476847,6,3155,2,7200,1.00190174326
473707,473714,477220,7,3506,2,7200,1.0019965773
473808,473815,476780,7,2965,2,7200,1.0023608769
473813,473822,545861,9,72039,1,72000,1.00012493233
473816,473829,474820,13,991,2,21600,1.01311806256
473826,473836,476944,10,3108,2,7200,1.00321750322
473841,473847,477126,6,3279,2,7200,1.00182982617
473924,473931,477269,7,3338,2,7200,1.00209706411
474132,474139,477617,7,3478,2,7200,1.00201265095
474148,474371,475383,223,1012,4,36000,1.22035573123
474159,474165,477929,6,3764,2,7200,1.00159404888
474195,474202,474208,7,6,2,43200,1.3
474262,474270,474342,8,72,2,43200,1.11111111111
474346,474353,474354,7,1,2,43200,1.0
474361,474376,477478,15,3102,2,7200,1.00483558994
474398,474456,497210,58,22754,2,43200,1.00254900237
474442,474449,477892,7,3443,2,7200,1.00203311066
474457,474464,477791,7,3327,2,7200,1.0021039976
474516,474523,477995,7,3472,2,7200,1.00201612903
474568,474575,475088,7,513,2,21600,1.01364522417
474683,474691,477811,8,3120,2,7200,1.00256410256
474763,474770,478115,7,3345,2,7200,1.00209267564
474821,474828,478101,7,3273,2,7200,1.00213871066
474998,475004,478505,6,3501,2,7200,1.00171379606
475069,475076,478581,7,3505,2,7200,1.00199714693
475070,475083,478656,13,3573,2,7200,1.0036383991
475107,475113,478302,6,3189,2,7200,1.00188146754
475193,475199,478334,6,3135,2,7200,1.0019138756
475194,475207,478368,13,3161,2,7200,1.00411262259
475231,475238,478351,7,3113,2,7200,1.00224863476
475233,475245,478846,12,3601,2,7200,1.00333240766
475248,475255,478818,7,3563,2,7200,1.00196463654
475282,475289,478700,7,3411,2,7200,1.00205218411
475359,475443,481581,84,6138,4,36000,1.01368523949
475373,475380,478464,7,3084,2,7200,1.00226977951
475374,475387,478790,13,3403,2,7200,1.00382015868
475398,475450,491040,52,15590,4,36000,1.00333547146
475402,475411,478660,9,3249,2,7200,1.0027700831
475441,475457,481878,16,6421,4,36000,1.0024918237
475447,475462,478978,15,3516,2,7200,1.0042662116
475469,475475,478904,6,3429,2,7200,1.00174978128
475484,475500,491044,16,15544,4,36000,1.00102933608
475508,475601,491047,93,15446,4,36000,1.0060209763
475521,475528,479344,7,3816,2,7200,1.00183438155
475539,476345,491085,806,14740,4,36000,1.05468113976
475579,475586,478886,7,3300,2,7200,1.00212121212
475594,475606,478995,12,3389,2,7200,1.00354086751
475642,476297,481849,655,5552,4,7200,1.11797550432
475665,475672,478767,7,3095,2,7200,1.00226171244
475687,475693,479132,6,3439,2,7200,1.00174469322
475702,475710,479203,8,3493,2,7200,1.00229029488
475715,483195,484732,7480,1537,18,7200,5.86662329213
475718,475725,479296,7,3571,2,7200,1.00196023523
475733,475740,479060,7,3320,2,7200,1.00210843373
475748,475754,478992,6,3238,2,7200,1.00185299568
475793,475799,478714,6,2915,2,7200,1.00205831904
475808,475816,479315,8,3499,2,7200,1.00228636753
475851,475858,479167,7,3309,2,7200,1.00211544273
475917,475924,479057,7,3133,2,7200,1.00223428024
475932,475939,478936,7,2997,2,7200,1.002335669
475934,475946,479214,12,3268,2,7200,1.00367197062
475950,475961,479290,11,3329,2,7200,1.00330429558
475965,475972,479484,7,3512,2,7200,1.00199316629
476016,476024,479223,8,3199,2,7200,1.00250078149
476101,476108,479259,7,3151,2,7200,1.00222151698
476102,476115,479329,13,3214,2,7200,1.00404480398
476118,476125,479499,7,3374,2,7200,1.0020746888
476233,476240,479393,7,3153,2,7200,1.00222010783
476248,476255,479485,7,3230,2,7200,1.00216718266
476305,476311,479624,6,3313,2,7200,1.00181104739
476378,476385,479855,7,3470,2,7200,1.00201729107
476531,476539,479861,8,3322,2,7200,1.00240818784
476631,476638,479801,7,3163,2,7200,1.00221308884
476780,476788,480056,8,3268,2,7200,1.00244798042
476782,476795,480074,13,3279,2,7200,1.00396462336
476798,476805,480137,7,3332,2,7200,1.00210084034
476829,476835,480247,6,3412,2,7200,1.00175849941
476845,476851,480285,6,3434,2,7200,1.00174723355
476861,476867,479902,6,3035,2,7200,1.00197693575
476862,476875,480166,13,3291,2,7200,1.00395016712
476906,476913,480370,7,3457,2,7200,1.00202487706
476948,476956,480433,8,3477,2,7200,1.00230083405
477109,477116,480551,7,3435,2,7200,1.00203784571
477128,477135,480458,7,3323,2,7200,1.00210653024
477221,477228,480676,7,3448,2,7200,1.00203016241
477271,477279,480564,8,3285,2,7200,1.00243531202
477481,477487,480806,6,3319,2,7200,1.00180777343
477619,477625,480953,6,3328,2,7200,1.00180288462
477793,477800,481082,7,3282,2,7200,1.00213284583
477812,477818,481143,6,3325,2,7200,1.00180451128
477893,477900,481227,7,3327,2,7200,1.0021039976
477931,477938,481267,7,3329,2,7200,1.00210273355
477997,478003,481526,6,3523,2,7200,1.00170309395
478101,478109,481335,8,3226,2,7200,1.00247985121
478117,478125,481443,8,3318,2,7200,1.00241109102
478302,478308,481374,6,3066,2,7200,1.00195694716
478337,478344,481540,7,3196,2,7200,1.0021902378
478353,478360,481614,7,3254,2,7200,1.00215119852
478368,478375,481443,7,3068,2,7200,1.00228161669
478466,478472,481508,6,3036,2,7200,1.00197628458
478507,478513,481660,6,3147,2,7200,1.00190657769
478582,478588,482023,6,3435,2,7200,1.00174672489
478657,478663,481902,6,3239,2,7200,1.00185242359
478672,478679,481812,7,3133,2,7200,1.00223428024
478704,478711,482062,7,3351,2,7200,1.00208892868
478720,478726,481952,6,3226,2,7200,1.00185988841
478771,478778,482103,7,3325,2,7200,1.00210526316
478790,478797,482025,7,3228,2,7200,1.0021685254
478820,478826,482064,6,3238,2,7200,1.00185299568
478847,478854,482313,7,3459,2,7200,1.00202370627
478888,478895,482468,7,3573,2,7200,1.00195913798
478907,478913,482099,6,3186,2,7200,1.00188323917
478939,478945,482187,6,3242,2,7200,1.00185070944
478979,478986,482219,7,3233,2,7200,1.00216517167
478995,479001,482421,6,3420,2,7200,1.00175438596
478997,479008,482038,11,3030,2,7200,1.00363036304
479059,479067,482254,8,3187,2,7200,1.00251019768
479074,479081,482259,7,3178,2,7200,1.00220264317
479134,479141,482298,7,3157,2,7200,1.0022172949
479169,479175,482227,6,3052,2,7200,1.00196592398
479205,479212,482549,7,3337,2,7200,1.00209769254
479221,479229,482365,8,3136,2,7200,1.00255102041
479237,479243,482807,6,3564,2,7200,1.00168350168
479262,479270,482293,8,3023,2,7200,1.00264637777
479291,479298,482741,7,3443,2,7200,1.00203311066
479306,479313,482610,7,3297,2,7200,1.00212314225
479322,479329,482390,7,3061,2,7200,1.00228683437
479338,479344,482722,6,3378,2,7200,1.00177619893
479353,479360,482559,7,3199,2,7200,1.00218818381
479393,479400,482809,7,3409,2,7200,1.00205338809
479477,479502,482182,25,2680,2,21600,1.00932835821
479489,479495,482809,6,3314,2,7200,1.00181050091
479490,479507,482811,17,3304,2,7200,1.00514527845
479505,479514,482881,9,3367,2,7200,1.00267300267
479625,479631,482809,6,3178,2,7200,1.00188797986
479799,479805,482961,6,3156,2,7200,1.00190114068
479858,479864,483414,6,3550,2,7200,1.00169014085
479873,479879,483490,6,3611,2,7200,1.00166158959
479903,479909,483484,6,3575,2,7200,1.00167832168
480053,480059,483824,6,3765,2,7200,1.0015936255
480077,480083,483428,6,3345,2,7200,1.00179372197
480138,480144,483206,6,3062,2,7200,1.00195950359
480168,480175,483653,7,3478,2,7200,1.00201265095
480247,480254,483482,7,3228,2,7200,1.0021685254
480284,480291,483714,7,3423,2,7200,1.00204498978
480369,480377,483595,8,3218,2,7200,1.00248601616
480431,481861,484650,1430,2789,4,43200,1.51272857655
480434,480440,483649,6,3209,2,7200,1.00186974135
480441,522148,682636,41707,160488,3,345600,1.25987612781
480461,480468,483575,7,3107,2,7200,1.00225297715
480553,480560,483812,7,3252,2,7200,1.00215252153
480568,480575,483953,7,3378,2,7200,1.00207223209
480676,480683,483805,7,3122,2,7200,1.00224215247
480807,480815,484236,8,3421,2,7200,1.00233849752
480954,480960,484149,6,3189,2,7200,1.00188146754
480956,481097,481159,141,62,2,10800,3.27419354839
480991,481171,553209,180,72038,1,72000,1.00249868125
481083,481090,484480,7,3390,2,7200,1.00206489676
481144,481150,484458,6,3308,2,7200,1.00181378476
481217,481350,482247,133,897,2,18000,1.14827201784
481229,481236,484472,7,3236,2,7200,1.0021631644
481269,481276,484899,7,3623,2,7200,1.00193210047
481336,481342,484652,6,3310,2,7200,1.00181268882
481377,481383,484641,6,3258,2,7200,1.00184162063
481447,481454,484784,7,3330,2,7200,1.0021021021
481448,481461,484565,13,3104,2,7200,1.00418814433
481507,481513,484949,6,3436,2,7200,1.00174621653
481528,481535,484733,7,3198,2,7200,1.00218886804
481544,481551,484548,7,2997,2,7200,1.002335669
481614,481621,484957,7,3336,2,7200,1.00209832134
481660,481667,484713,7,3046,2,7200,1.00229809586
481813,481819,485162,6,3343,2,7200,1.00179479509
481874,482493,489711,619,7218,4,7200,1.08575782765
481905,481912,485243,7,3331,2,7200,1.00210147103
481959,481966,485227,7,3261,2,7200,1.0021465808
482026,482033,485182,7,3149,2,7200,1.00222292791
482028,482040,485581,12,3541,2,7200,1.0033888732
482046,482052,485212,6,3160,2,7200,1.00189873418
482065,482072,485341,7,3269,2,7200,1.00214132762
482066,482079,485421,13,3342,2,7200,1.0038898863
482100,482107,485259,7,3152,2,7200,1.00222081218
482115,482122,485235,7,3113,2,7200,1.00224863476
482150,482194,482211,44,17,2,18000,3.58823529412
482188,482201,485631,13,3430,2,7200,1.00379008746
482219,482225,485570,6,3345,2,7200,1.00179372197
482234,482242,485599,8,3357,2,7200,1.00238308013
482253,482259,485665,6,3406,2,7200,1.00176159718
482268,482274,485829,6,3555,2,7200,1.00168776371
482296,482302,485673,6,3371,2,7200,1.00177988727
482311,482317,485368,6,3051,2,7200,1.00196656834
482325,482333,485509,8,3176,2,7200,1.00251889169
482368,482375,485539,7,3164,2,7200,1.00221238938
482390,482396,485996,6,3600,2,7200,1.00166666667
482424,482431,485718,7,3287,2,7200,1.00212960146
482446,482571,482693,125,122,2,7200,2.02459016393
482466,482473,485867,7,3394,2,7200,1.00206246317
482572,482579,485807,7,3228,2,7200,1.0021685254
482573,482586,485805,13,3219,2,7200,1.00403852128
482628,482634,486025,6,3391,2,7200,1.00176938956
482697,482791,490024,94,7233,4,7200,1.0129959906
482725,482731,486002,6,3271,2,7200,1.00183430144
482750,510597,546632,27847,36035,16,36000,1.77277646732
482802,482809,486173,7,3364,2,7200,1.00208085612
482818,482825,486434,7,3609,2,7200,1.00193959546
482820,482831,486123,11,3292,2,7200,1.00334143378
482821,482837,485980,16,3143,2,7200,1.0050906777
482822,482842,486020,20,3178,2,7200,1.00629326621
482824,482847,486166,23,3319,2,7200,1.00692979813
482882,482888,486087,6,3199,2,7200,1.00187558612
482962,482969,486405,7,3436,2,7200,1.00203725262
483145,485648,485656,2503,8,16,1210,251.1
483206,483213,486969,7,3756,2,7200,1.00186368477
483415,483422,486414,7,2992,2,7200,1.00233957219
483430,483436,486970,6,3534,2,7200,1.00169779287
483485,483491,486971,6,3480,2,7200,1.00172413793
483486,483499,486973,13,3474,2,7200,1.00374208405
483502,483510,487138,8,3628,2,7200,1.00220507166
483575,483582,486969,7,3387,2,7200,1.00206672572
483577,483589,483595,12,6,1,900,1.8
483597,483603,487065,6,3462,2,7200,1.00173310225
483652,483659,487121,7,3462,2,7200,1.00202195263
483667,483673,487117,6,3444,2,7200,1.00174216028
483716,483722,487033,6,3311,2,7200,1.00181214135
483805,483811,487264,6,3453,2,7200,1.00173761946
483820,483832,487214,12,3382,2,7200,1.00354819633
483820,483826,483979,6,153,2,14400,1.03921568627
483836,483842,487057,6,3215,2,7200,1.00186625194
483945,485668,486042,1723,374,14,1440,5.60695187166
483953,483960,487339,7,3379,2,7200,1.00207161882
484149,484156,487798,7,3642,2,7200,1.00192202087
484235,484242,487391,7,3149,2,7200,1.00222292791
484458,484464,487922,6,3458,2,7200,1.001735107
484473,484480,487727,7,3247,2,7200,1.00215583616
484488,484495,487546,7,3051,2,7200,1.00229432973
484524,484530,484832,6,302,2,14400,1.01986754967
484550,484557,487838,7,3281,2,7200,1.00213349589
484565,484571,488066,6,3495,2,7200,1.0017167382
484641,484647,487796,6,3149,2,7200,1.00190536678
484656,484664,487894,8,3230,2,7200,1.00247678019
484668,522770,522778,38102,8,4,43200,3811.0
484715,484727,488053,12,3326,2,7200,1.00360793746
484734,484746,488206,12,3460,2,7200,1.00346820809
484786,484792,487978,6,3186,2,7200,1.00188323917
484902,484909,488125,7,3216,2,7200,1.00217661692
484951,484957,488263,6,3306,2,7200,1.00181488203
484966,484972,487879,6,2907,2,7200,1.00206398349
485135,485141,657965,6,172824,1,172800,1.0000347174
485135,486014,658817,879,172803,1,172800,1.00508671724
485135,487814,660660,2679,172846,1,172800,1.01549934624
485136,496109,668942,10973,172833,1,172800,1.06348903277
485136,491962,664796,6826,172834,1,172800,1.0394945439
485136,491956,664764,6820,172808,1,172800,1.03946576547
485137,496114,668942,10977,172828,1,172800,1.06351401393
485137,496125,668938,10988,172813,1,172800,1.06358317951
485137,496119,668940,10982,172821,1,172800,1.0635455182
485138,496130,668951,10992,172821,1,172800,1.06360338153
485138,496135,668955,10997,172820,1,172800,1.0636326814
485138,496146,668983,11008,172837,1,172800,1.06369006636
485138,496140,668986,11002,172846,1,172800,1.06365203707
485139,496494,669302,11355,172808,1,172800,1.06570876348
485139,496370,669207,11231,172837,1,172800,1.06498029936
485139,496364,669166,11225,172802,1,172800,1.0649587389
485140,496510,669356,11370,172846,1,172800,1.06578109994
485140,496505,669307,11365,172802,1,172800,1.06576891471
485140,496500,669345,11360,172845,1,172800,1.06572362521
485140,496515,669351,11375,172836,1,172800,1.06581383508
485164,485170,488445,6,3275,2,7200,1.00183206107
485182,485189,488436,7,3247,2,7200,1.00215583616
485213,485219,488415,6,3196,2,7200,1.00187734668
485228,485234,488596,6,3362,2,7200,1.00178465199
485243,485249,488569,6,3320,2,7200,1.00180722892
485245,485257,488537,12,3280,2,7200,1.00365853659
485260,485267,488465,7,3198,2,7200,1.00218886804
485298,485436,485573,138,137,2,10800,2.00729927007
485342,485350,488535,8,3185,2,7200,1.00251177394
485370,485376,489164,6,3788,2,7200,1.00158394931
485422,485429,488553,7,3124,2,7200,1.00224071703
485511,485517,489013,6,3496,2,7200,1.00171624714
485539,485546,489069,7,3523,2,7200,1.00198694295
485572,485580,488838,8,3258,2,7200,1.00245549417
485588,485595,489201,7,3606,2,7200,1.0019412091
485603,485610,488938,7,3328,2,7200,1.00210336538
485633,485641,488768,8,3127,2,7200,1.00255836265
485667,485675,488821,8,3146,2,7200,1.00254291163
485682,485688,488976,6,3288,2,7200,1.00182481752
485719,485726,489234,7,3508,2,7200,1.001995439
485808,485814,489594,6,3780,2,7200,1.00158730159
485809,485821,489074,12,3253,2,7200,1.00368890255
485830,485838,489104,8,3266,2,7200,1.00244947949
485855,485861,486092,6,231,2,10800,1.02597402597
485870,485877,489183,7,3306,2,7200,1.00211736237
485980,485986,489205,6,3219,2,7200,1.0018639329
485996,486002,489497,6,3495,2,7200,1.0017167382
486011,486020,489452,9,3432,2,7200,1.00262237762
486026,486033,486039,7,6,6,7200,1.3
486030,486041,489959,11,3918,2,7200,1.00280755487
486031,486046,489418,15,3372,2,7200,1.00444839858
486040,486052,486059,12,7,1,900,1.9
486085,486092,493310,7,7218,6,7200,1.00096979773
486089,486100,489688,11,3588,2,7200,1.0030657748
486123,486130,489887,7,3757,2,7200,1.00186318871
486166,486173,489979,7,3806,2,7200,1.00183920126
486181,486187,489859,6,3672,2,7200,1.00163398693
486239,487352,487364,1113,12,16,1210,93.75
486240,487376,487386,1136,10,16,1210,114.6
486241,487399,487407,1158,8,16,1210,116.6
486243,487419,487431,1176,12,16,1210,99.0
486426,486433,490024,7,3591,2,7200,1.00194931774
486428,486441,490176,13,3735,2,7200,1.00348058902
486962,486969,490316,7,3347,2,7200,1.00209142516
486973,486986,487341,13,355,14,2460,1.03661971831
486978,486991,490680,13,3689,2,7200,1.00352399024
486980,486996,490269,16,3273,2,7200,1.00488848152
486981,487004,490274,23,3270,2,7200,1.00703363914
486982,487009,490393,27,3384,2,7200,1.0079787234
486984,487014,490143,30,3129,2,7200,1.00958772771
487033,487040,490350,7,3310,2,7200,1.00211480363
487059,487065,490290,6,3225,2,7200,1.00186046512
487074,487080,490440,6,3360,2,7200,1.00178571429
487117,487123,490757,6,3634,2,7200,1.0016510732
487132,487138,490386,6,3248,2,7200,1.00184729064
487147,487154,490789,7,3635,2,7200,1.00192572215
487215,487221,490349,6,3128,2,7200,1.00191815857
487267,487273,490874,6,3601,2,7200,1.00166620383
487339,487345,487351,6,6,1,900,1.2
487340,487358,490639,18,3281,2,7200,1.00548613228
487347,487443,488189,96,746,14,2460,1.12868632708
487393,487404,490620,11,3216,2,7200,1.00342039801
487545,487552,490874,7,3322,2,7200,1.00210716436
487728,487735,491064,7,3329,2,7200,1.00210273355
487796,487803,491157,7,3354,2,7200,1.00208706023
487797,487809,490976,12,3167,2,7200,1.00378907483
487837,487843,491146,6,3303,2,7200,1.00181653043
487880,487887,491030,7,3143,2,7200,1.00222717149
487895,487903,491010,8,3107,2,7200,1.00257483103
487923,487930,491295,7,3365,2,7200,1.00208023774
487978,487986,491410,8,3424,2,7200,1.0023364486
488056,488063,491532,7,3469,2,7200,1.00201787259
488071,488078,491197,7,3119,2,7200,1.00224430907
488129,488136,491536,7,3400,2,7200,1.00205882353
488187,488193,488200,6,7,1,900,1.3
488202,488209,489245,7,1036,14,2460,1.00675675676
488205,488216,491321,11,3105,2,7200,1.00354267311
488263,488270,491687,7,3417,2,7200,1.00204858063
488416,488423,491767,7,3344,2,7200,1.00209330144
488438,488444,491863,6,3419,2,7200,1.00175489909
488453,488459,491824,6,3365,2,7200,1.00178306092
488468,488475,491394,7,2919,2,7200,1.00239808153
488535,488543,491641,8,3098,2,7200,1.00258231117
488551,488557,492098,6,3541,2,7200,1.0016944366
488566,488572,491778,6,3206,2,7200,1.00187149095
488581,488587,491904,6,3317,2,7200,1.00180886343
488600,488606,491928,6,3322,2,7200,1.00180614088
488768,488774,492170,6,3396,2,7200,1.00176678445
488820,488826,492150,6,3324,2,7200,1.00180505415
488838,488845,492315,7,3470,2,7200,1.00201729107
488891,490322,491552,1431,1230,16,1210,2.16341463415
488897,491564,492811,2667,1247,16,1210,3.1387329591
488904,492387,493629,3483,1242,16,1210,3.80434782609
488911,492823,494071,3912,1248,16,1210,4.13461538462
488920,493225,494456,4305,1231,16,1210,4.4971567831
488927,493322,494554,4395,1232,16,1210,4.56737012987
488939,488945,492527,6,3582,2,7200,1.00167504188
488978,488984,491795,6,2811,2,7200,1.00213447172
489012,489019,492348,7,3329,2,7200,1.00210273355
489070,489078,492301,8,3223,2,7200,1.00248215948
489086,489092,492488,6,3396,2,7200,1.00176678445
489107,489114,492251,7,3137,2,7200,1.0022314313
489145,522579,661559,33434,138980,6,345600,1.24056698806
489165,489172,492297,7,3125,2,7200,1.00224
489183,489189,492583,6,3394,2,7200,1.00176782557
489201,489207,492485,6,3278,2,7200,1.00183038438
489216,489223,492523,7,3300,2,7200,1.00212121212
489235,489242,492314,7,3072,2,7200,1.00227864583
489243,489251,489259,8,8,1,900,1.6
489254,489260,490310,6,1050,14,2460,1.00571428571
489419,489426,492753,7,3327,2,7200,1.0021039976
489453,489459,492744,6,3285,2,7200,1.00182648402
489499,489505,492848,6,3343,2,7200,1.00179479509
489594,489601,492900,7,3299,2,7200,1.00212185511
489690,489697,493031,7,3334,2,7200,1.00209958008
489861,489868,492890,7,3022,2,7200,1.00231634679
489888,489894,493258,6,3364,2,7200,1.00178359096
489961,489968,493083,7,3115,2,7200,1.00224719101
489980,489987,493324,7,3337,2,7200,1.00209769254
490025,490031,493394,6,3363,2,7200,1.00178412132
490142,490149,493232,7,3083,2,7200,1.00227051573
490179,490186,493569,7,3383,2,7200,1.00206916938
490271,490278,493703,7,3425,2,7200,1.00204379562
490286,490292,493911,6,3619,2,7200,1.00165791655
490301,490308,493798,7,3490,2,7200,1.00200573066
490308,490314,490321,6,7,1,900,1.3
490316,490329,493581,13,3252,2,7200,1.00399753998
490318,491998,492375,1680,377,14,2460,5.45623342175
490347,490353,493831,6,3478,2,7200,1.00172512938
490348,490360,493731,12,3371,2,7200,1.00355977455
490388,490394,493658,6,3264,2,7200,1.00183823529
490400,522775,661585,32375,138810,6,345600,1.23323247605
490403,490411,494104,8,3693,2,7200,1.00216626049
490443,490449,493754,6,3305,2,7200,1.00181543116
490621,490627,494163,6,3536,2,7200,1.00169683258
490639,490646,493932,7,3286,2,7200,1.00213024954
490664,492765,493212,2101,447,14,2460,5.70022371365
490679,490686,494097,7,3411,2,7200,1.00205218411
490759,490765,494244,6,3479,2,7200,1.00172463352
490789,490797,493990,8,3193,2,7200,1.00250548074
490876,490882,494210,6,3328,2,7200,1.00180288462
490877,490890,493982,13,3092,2,7200,1.00420439845
490975,490982,494214,7,3232,2,7200,1.00216584158
491012,491019,494117,7,3098,2,7200,1.00225952227
491033,491039,494327,6,3288,2,7200,1.00182481752
491064,491071,494199,7,3128,2,7200,1.00223785166
491147,491153,494611,6,3458,2,7200,1.001735107
491162,491168,494639,6,3471,2,7200,1.00172860847
491198,491206,494242,8,3036,2,7200,1.00263504611
491297,491303,494737,6,3434,2,7200,1.00174723355
491322,491328,494929,6,3601,2,7200,1.00166620383
491395,491401,494600,6,3199,2,7200,1.00187558612
491411,491417,494736,6,3319,2,7200,1.00180777343
491533,491539,494854,6,3315,2,7200,1.00180995475
491548,491555,494603,7,3048,2,7200,1.00229658793
491642,491648,494818,6,3170,2,7200,1.00189274448
491688,491694,495244,6,3550,2,7200,1.00169014085
491768,491774,495009,6,3235,2,7200,1.00185471406
491783,491790,495028,7,3238,2,7200,1.00216182829
491798,491804,495219,6,3415,2,7200,1.00175695461
491826,491832,495211,6,3379,2,7200,1.00177567328
491845,491853,497628,8,5775,2,18000,1.00138528139
491862,491868,495209,6,3341,2,7200,1.0017958695
491906,491913,495331,7,3418,2,7200,1.00204798128
491927,491934,495099,7,3165,2,7200,1.00221169036
492099,492105,495546,6,3441,2,7200,1.00174367916
492133,510257,528271,18124,18014,2,18000,2.00610636172
492138,510603,528636,18465,18033,2,18000,2.02395608052
492142,512963,530985,20821,18022,2,18000,2.15531017645
492146,537873,555910,45727,18037,2,18000,3.5351776903
492150,541144,559189,48994,18045,2,18000,3.71510113605
492151,492158,495507,7,3349,2,7200,1.00209017617
492172,492178,495222,6,3044,2,7200,1.00197109067
492252,492258,495714,6,3456,2,7200,1.00173611111
492298,492305,495699,7,3394,2,7200,1.00206246317
492299,492312,495608,13,3296,2,7200,1.00394417476
492315,492322,495399,7,3077,2,7200,1.00227494313
492317,492329,495755,12,3426,2,7200,1.00350262697
492350,492357,495579,7,3222,2,7200,1.00217256363
492421,496076,496353,3655,277,2,14400,14.1949458484
492486,492492,495711,6,3219,2,7200,1.0018639329
492501,492508,495863,7,3355,2,7200,1.00208643815
492523,492530,495854,7,3324,2,7200,1.00210589651
492538,492544,496116,6,3572,2,7200,1.00167973124
492822,492829,496134,7,3305,2,7200,1.00211800303
492823,492836,496096,13,3260,2,7200,1.00398773006
492825,492842,496104,17,3262,2,7200,1.00521152667
492849,492856,496091,7,3235,2,7200,1.00216383308
492854,492862,493069,8,207,1,3600,1.038647343
492891,492897,496272,6,3375,2,7200,1.00177777778
492898,492904,492906,6,2,2,3600,1.0
492906,492913,496218,7,3305,2,7200,1.00211800303
493028,493035,493047,7,12,2,3600,1.58333333333
493032,493042,496314,10,3272,2,7200,1.00305623472
493085,493091,496401,6,3310,2,7200,1.00181268882
493233,493241,496650,8,3409,2,7200,1.00234672925
493236,493248,493263,12,15,2,3600,1.8
493261,493267,496688,6,3421,2,7200,1.00175387314
493325,493331,496551,6,3220,2,7200,1.00186335404
493395,493401,496316,6,2915,2,7200,1.00205831904
493573,493579,496772,6,3193,2,7200,1.00187911055
493588,493596,496706,8,3110,2,7200,1.00257234727
493658,493664,497147,6,3483,2,7200,1.00172265289
493704,493710,497094,6,3384,2,7200,1.00177304965
493732,493738,497150,6,3412,2,7200,1.00175849941
493753,493759,497303,6,3544,2,7200,1.00169300226
493798,493805,496967,7,3162,2,7200,1.00221378874
493832,493839,497064,7,3225,2,7200,1.00217054264
493911,494109,497707,198,3598,2,7200,1.05503057254
493933,494256,497791,323,3535,2,7200,1.09137199434
493977,493983,494391,6,408,14,2460,1.01470588235
493981,494748,498026,767,3278,2,7200,1.23398413667
493997,495221,498829,1224,3608,2,7200,1.33924611973
494098,495233,498511,1135,3278,2,7200,1.34624771202
494113,495240,498416,1127,3176,2,7200,1.3548488665
494128,495255,498590,1127,3335,2,7200,1.33793103448
494162,495316,498793,1154,3477,2,7200,1.33189531205
494201,495343,498771,1142,3428,2,7200,1.33313885648
494216,495410,498740,1194,3330,2,7200,1.35855855856
494218,495518,499003,1300,3485,2,7200,1.37302725968
494242,495557,498685,1315,3128,2,7200,1.42039641944
494243,495592,498708,1349,3116,2,7200,1.43292682927
494327,495620,499122,1293,3502,2,7200,1.36921758995
494597,495712,499188,1115,3476,2,7200,1.32077100115
494612,495724,499283,1112,3559,2,7200,1.31244731666
494613,495730,499013,1117,3283,2,7200,1.34023758757
494641,495766,499038,1125,3272,2,7200,1.34382640587
494657,494664,494695,7,31,1,1200,1.22580645161
494736,495866,499111,1130,3245,2,7200,1.34822804314
494751,495875,499303,1124,3428,2,7200,1.32788798133
494799,494805,495216,6,411,14,2460,1.01459854015
494819,496081,499820,1262,3739,2,7200,1.33752340198
494856,496087,499498,1231,3411,2,7200,1.36089123424
494929,496092,499397,1163,3305,2,7200,1.35189107413
495009,496097,499383,1088,3286,2,7200,1.33110164334
495027,496151,499205,1124,3054,2,7200,1.36804191225
495100,496158,499490,1058,3332,2,7200,1.3175270108
495210,496163,499441,953,3278,2,7200,1.29072605247
495212,496168,499628,956,3460,2,7200,1.27630057803
495227,496173,499224,946,3051,2,7200,1.31006227466
495229,496231,499696,1002,3465,2,7200,1.28917748918
495244,496283,499604,1039,3321,2,7200,1.31285757302
495257,500537,595453,5280,94916,8,604800,1.05562813435
495332,496326,499760,994,3434,2,7200,1.2894583576
495399,496333,499717,934,3384,2,7200,1.27600472813
495509,496413,499873,904,3460,2,7200,1.2612716763
495543,496563,500146,1020,3583,2,7200,1.28467764443
495567,518909,614077,23342,95168,8,604800,1.24527151984
495579,496663,500114,1084,3451,2,7200,1.31411185164
495598,522573,617878,26975,95305,8,604800,1.28303866534
495607,496700,500000,1093,3300,2,7200,1.33121212121
495685,496071,496483,386,412,14,2460,1.93689320388
495699,496717,500032,1018,3315,2,7200,1.30708898944
495715,496784,500097,1069,3313,2,7200,1.32266827649
495716,496979,500279,1263,3300,2,7200,1.38272727273
495753,497076,500709,1323,3633,2,7200,1.36416184971
495854,497107,500376,1253,3269,2,7200,1.38329764454
495869,497159,500757,1290,3598,2,7200,1.35853251807
496076,497639,499625,1563,1986,8,540000,1.78700906344
496092,497166,500298,1074,3132,2,7200,1.34291187739
496108,497315,500516,1207,3201,2,7200,1.37706966573
496109,497719,501148,1610,3429,2,7200,1.46952464275
496124,497802,501039,1678,3237,2,7200,1.51838121718
496137,537862,656053,41725,118191,6,604800,1.35303026457
496139,498037,501249,1898,3212,2,7200,1.59090909091
496219,498428,501649,2209,3221,2,7200,1.68581185967
496273,537868,682137,41595,144269,6,604800,1.28831557715
496274,498524,501833,2250,3309,2,7200,1.67996373527
496314,498601,501729,2287,3128,2,7200,1.73113810742
496315,498697,502271,2382,3574,2,7200,1.6664801343
496394,546643,682272,50249,135629,6,604800,1.37048861232
496401,498720,501856,2319,3136,2,7200,1.73947704082
496547,498752,502123,2205,3371,2,7200,1.65410857312
496648,498783,502112,2135,3329,2,7200,1.64133373385
496688,498806,502317,2118,3511,2,7200,1.60324693819
496706,498844,501861,2138,3017,2,7200,1.70865097779
496770,499015,502480,2245,3465,2,7200,1.64790764791
496965,499025,502136,2060,3111,2,7200,1.66216650595
497063,499050,502414,1987,3364,2,7200,1.59066587396
497097,499123,502644,2026,3521,2,7200,1.57540471457
497149,499134,502588,1985,3454,2,7200,1.57469600463
497164,499201,502506,2037,3305,2,7200,1.61633888048
497302,499217,502329,1915,3112,2,7200,1.61535989717
497706,499237,502323,1531,3086,2,7200,1.49611147116
497791,499295,502713,1504,3418,2,7200,1.4400234055
498027,499314,502600,1287,3286,2,7200,1.39166159464
498416,499395,502717,979,3322,2,7200,1.29470198675
498514,499409,502778,895,3369,2,7200,1.26565746512
498593,499453,502751,860,3298,2,7200,1.26076409945
498687,499503,502752,816,3249,2,7200,1.25115420129
498708,499617,502954,909,3337,2,7200,1.2724003596
498739,499640,502857,901,3217,2,7200,1.28007460367
498770,499708,503157,938,3449,2,7200,1.27196288779
498794,499729,503108,935,3379,2,7200,1.27670908553
498828,499771,503276,943,3505,2,7200,1.26904422254
499003,499884,503202,881,3318,2,7200,1.26552139843
499018,500013,503369,995,3356,2,7200,1.29648390942
499040,500044,503141,1004,3097,2,7200,1.32418469487
499110,500109,503534,999,3425,2,7200,1.29167883212
499125,500127,503560,1002,3433,2,7200,1.29187299738
499189,500157,503461,968,3304,2,7200,1.29297820823
499204,500291,503564,1087,3273,2,7200,1.33211121295
499226,500310,503591,1084,3281,2,7200,1.33038707711
499283,500388,503775,1105,3387,2,7200,1.32624741659
499302,500528,504045,1226,3517,2,7200,1.34859255047
499384,500722,503979,1338,3257,2,7200,1.41080749156
499399,500769,503791,1370,3022,2,7200,1.45334215751
499442,501051,504566,1609,3515,2,7200,1.45775248933
499491,501160,504780,1669,3620,2,7200,1.46104972376
499506,501261,504812,1755,3551,2,7200,1.49422697832
499604,501661,504970,2057,3309,2,7200,1.62163795709
499629,501741,505144,2112,3403,2,7200,1.62062885689
499693,501845,505091,2152,3246,2,7200,1.662969809
499714,501868,505222,2154,3354,2,7200,1.64221824687
499760,501874,505130,2114,3256,2,7200,1.64926289926
499789,499833,517996,44,18163,8,540000,1.0024225073
499821,502124,505490,2303,3366,2,7200,1.68419489008
499876,502135,505716,2259,3581,2,7200,1.63082937727
500001,502147,505275,2146,3128,2,7200,1.68606138107
500031,502282,505464,2251,3182,2,7200,1.70741671904
500098,502328,505736,2230,3408,2,7200,1.654342723
500113,502336,505412,2223,3076,2,7200,1.72269180754
500141,502343,505943,2202,3600,2,7200,1.61166666667
500281,502426,505898,2145,3472,2,7200,1.61779953917
500296,502492,505782,2196,3290,2,7200,1.66747720365
500378,502518,505649,2140,3131,2,7200,1.68348770361
500518,502600,506086,2082,3486,2,7200,1.59724612737
500710,502612,505871,1902,3259,2,7200,1.58361460571
500755,502656,506124,1901,3468,2,7200,1.54815455594
501041,502725,506196,1684,3471,2,7200,1.4851627773
501050,518718,522759,17668,4041,16,7210,5.3721851027
501105,509279,510572,8174,1293,16,1810,7.32173240526
501138,518723,520073,17585,1350,16,1810,14.0259259259
501148,502732,505955,1584,3223,2,7200,1.49146757679
501162,520084,521334,18922,1250,16,1810,16.1376
501201,521346,522558,20145,1212,16,1810,17.6212871287
501249,502763,505981,1514,3218,2,7200,1.47047855811
501652,502770,506002,1118,3232,2,7200,1.34591584158
501731,502790,506226,1059,3436,2,7200,1.30820721769
501835,502869,506133,1034,3264,2,7200,1.31678921569
501856,502966,506399,1110,3433,2,7200,1.32333236237
501871,503120,506575,1249,3455,2,7200,1.36150506512
502113,503154,506367,1041,3213,2,7200,1.32399626517
502129,503168,506466,1039,3298,2,7200,1.31503941783
502144,503213,506467,1069,3254,2,7200,1.32851874616
502272,503287,506583,1015,3296,2,7200,1.30794902913
502318,503380,506618,1062,3238,2,7200,1.32798023471
502334,503474,506931,1140,3457,2,7200,1.3297656928
502335,503546,506834,1211,3288,2,7200,1.36830900243
502415,503572,507037,1157,3465,2,7200,1.33391053391
502482,503579,506856,1097,3277,2,7200,1.33475740006
502506,503603,506948,1097,3345,2,7200,1.32795216741
502592,503787,507118,1195,3331,2,7200,1.35875112579
502607,503803,507160,1196,3357,2,7200,1.35627047959
502644,503991,507408,1347,3417,2,7200,1.39420544337
502715,504058,507244,1343,3186,2,7200,1.42153170119
502730,504578,507644,1848,3066,2,7200,1.60273972603
502749,504793,508116,2044,3323,2,7200,1.61510683118
502764,504825,508263,2061,3438,2,7200,1.59947643979
502779,504983,508247,2204,3264,2,7200,1.67524509804
502859,505142,508197,2283,3055,2,7200,1.747299509
502953,505156,508472,2203,3316,2,7200,1.66435464415
503106,505234,508551,2128,3317,2,7200,1.64154356346
503140,505288,508615,2148,3327,2,7200,1.64562669071
503155,505424,508634,2269,3210,2,7200,1.70685358255
503204,505476,508853,2272,3377,2,7200,1.67278649689
503277,505501,508671,2224,3170,2,7200,1.70157728707
503372,505660,509004,2288,3344,2,7200,1.68421052632
503464,505728,508844,2264,3116,2,7200,1.72657252888
503537,505748,509286,2211,3538,2,7200,1.62492933861
503561,505795,509073,2234,3278,2,7200,1.68151311775
503576,505883,509112,2307,3229,2,7200,1.71446268194
503592,505910,509017,2318,3107,2,7200,1.74605728999
503777,505956,509311,2179,3355,2,7200,1.64947839046
503792,505966,509288,2174,3322,2,7200,1.65442504515
503979,505995,509172,2016,3177,2,7200,1.63456090652
504017,510583,510586,6566,3,18,151200,656.9
504043,506014,509366,1971,3352,2,7200,1.5880071599
504567,506098,509330,1531,3232,2,7200,1.47370049505
504784,506136,509492,1352,3356,2,7200,1.40286054827
504814,506145,509432,1331,3287,2,7200,1.40492850624
504950,522803,522805,17853,2,2,3540,1785.5
504970,506209,509457,1239,3248,2,7200,1.38146551724
505092,506238,509504,1146,3266,2,7200,1.35088793631
505132,506380,509647,1248,3267,2,7200,1.38200183655
505147,506410,509459,1263,3049,2,7200,1.41423417514
505223,506478,509526,1255,3048,2,7200,1.41174540682
505275,506485,509856,1210,3371,2,7200,1.35894393355
505412,506587,509844,1175,3257,2,7200,1.36076143691
505464,506595,509832,1131,3237,2,7200,1.34939759036
505492,506630,510159,1138,3529,2,7200,1.32247095494
505650,506846,510213,1196,3367,2,7200,1.35521235521
505717,506869,510258,1152,3389,2,7200,1.3399232812
505738,506929,510244,1191,3315,2,7200,1.3592760181
505784,506942,510322,1158,3380,2,7200,1.3426035503
505873,506960,510555,1087,3595,2,7200,1.30236439499
505898,507049,510400,1151,3351,2,7200,1.34347955834
505943,507130,510535,1187,3405,2,7200,1.34860499266
505958,507172,510256,1214,3084,2,7200,1.39364461738
505988,507255,510349,1267,3094,2,7200,1.40950226244
506004,507421,510706,1417,3285,2,7200,1.43135464231
506086,507657,511126,1571,3469,2,7200,1.45286826175
506125,508127,511229,2002,3102,2,7200,1.64539007092
506140,508208,511500,2068,3292,2,7200,1.62818955043
506198,508259,511478,2061,3219,2,7200,1.64026095061
506226,508276,511759,2050,3483,2,7200,1.58857306919
506370,508484,511889,2114,3405,2,7200,1.62085168869
506400,508563,511790,2163,3227,2,7200,1.67028199566
506468,508627,511995,2159,3368,2,7200,1.64103325416
506469,508646,512094,2177,3448,2,7200,1.63138051044
506576,508682,512113,2106,3431,2,7200,1.61381521422
506592,508856,512114,2264,3258,2,7200,1.6949048496
506619,508866,512097,2247,3231,2,7200,1.69545032498
506835,509015,512378,2180,3363,2,7200,1.64823074636
506857,509028,512365,2171,3337,2,7200,1.65058435721
506933,509086,512615,2153,3529,2,7200,1.61008784358
506948,509125,512640,2177,3515,2,7200,1.61934566145
507040,509184,512442,2144,3258,2,7200,1.65807243708
507120,509297,512366,2177,3069,2,7200,1.70935158032
507162,509323,512742,2161,3419,2,7200,1.63205615677
507245,509342,512543,2097,3201,2,7200,1.65510777882
507407,509377,512741,1970,3364,2,7200,1.58561236623
507646,509445,512777,1799,3332,2,7200,1.53991596639
508115,509470,512835,1355,3365,2,7200,1.40267459138
508198,509477,512530,1279,3053,2,7200,1.41893219784
508247,509504,512989,1257,3485,2,7200,1.36068866571
508265,509515,512950,1250,3435,2,7200,1.36390101892
508474,509538,512931,1064,3393,2,7200,1.31358679635
508551,509659,512944,1108,3285,2,7200,1.33729071537
508615,509844,513181,1229,3337,2,7200,1.36829487564
508637,509857,513521,1220,3664,2,7200,1.33296943231
508673,509868,512948,1195,3080,2,7200,1.38798701299
508844,510171,513539,1327,3368,2,7200,1.3940023753
508860,510224,513275,1364,3051,2,7200,1.44706653556
509004,510267,513774,1263,3507,2,7200,1.36013686912
509019,510273,513719,1254,3446,2,7200,1.36390017411
509074,510334,513533,1260,3199,2,7200,1.39387308534
509113,510360,513699,1247,3339,2,7200,1.37346510931
509175,510411,513565,1236,3154,2,7200,1.39188332276
509287,510546,513996,1259,3450,2,7200,1.36492753623
509303,510567,514215,1264,3648,2,7200,1.34649122807
509318,510719,513958,1401,3239,2,7200,1.43254090769
509333,511139,514292,1806,3153,2,7200,1.57278782112
509367,511240,514666,1873,3426,2,7200,1.54670169294
509434,511490,514706,2056,3216,2,7200,1.63930348259
509459,511512,514881,2053,3369,2,7200,1.60937963787
509460,511770,515142,2310,3372,2,7200,1.68505338078
509494,511801,515181,2307,3380,2,7200,1.6825443787
509509,511900,515240,2391,3340,2,7200,1.71586826347
509527,512008,515112,2481,3104,2,7200,1.79929123711
509646,512105,515110,2459,3005,2,7200,1.81830282862
509833,512113,515547,2280,3434,2,7200,1.66394874782
509848,512125,515263,2277,3138,2,7200,1.72562141491
509863,512131,515364,2268,3233,2,7200,1.70151562017
510160,512377,515922,2217,3545,2,7200,1.62538787024
510215,512384,515626,2169,3242,2,7200,1.66903146206
510246,512391,515977,2145,3586,2,7200,1.5981595092
510261,512454,515734,2193,3280,2,7200,1.66859756098
510262,512543,516162,2281,3619,2,7200,1.63028460901
510320,512554,516035,2234,3481,2,7200,1.64176960643
510348,512627,516147,2279,3520,2,7200,1.64744318182
510403,512652,515864,2249,3212,2,7200,1.7001867995
510536,512752,515871,2216,3119,2,7200,1.71048412953
510555,512758,516213,2203,3455,2,7200,1.63762662808
510706,512789,515968,2083,3179,2,7200,1.65523749607
511129,512846,516224,1717,3378,2,7200,1.50828892836
511230,512943,516014,1713,3071,2,7200,1.55779876262
511477,512956,516315,1479,3359,2,7200,1.44030961596
511502,512968,516135,1466,3167,2,7200,1.46289864225
511760,513002,516076,1242,3074,2,7200,1.40403383214
511791,513194,516252,1403,3058,2,7200,1.45879659908
511891,513287,516568,1396,3281,2,7200,1.42548003657
511997,513533,516873,1536,3340,2,7200,1.45988023952
512095,513546,517230,1451,3684,2,7200,1.39386536374
512110,513552,516867,1442,3315,2,7200,1.43499245852
512125,513577,516870,1452,3293,2,7200,1.44093531734
512126,513712,516906,1586,3194,2,7200,1.49655604258
512367,513730,517054,1363,3324,2,7200,1.41004813478
512368,513786,517339,1418,3553,2,7200,1.39909935266
512383,513970,517355,1587,3385,2,7200,1.46883308715
512444,514008,517565,1564,3557,2,7200,1.43969637335
512532,514227,517494,1695,3267,2,7200,1.51882460973
512547,514303,517563,1756,3260,2,7200,1.53865030675
512617,514678,518071,2061,3393,2,7200,1.6074270557
512642,514718,518015,2076,3297,2,7200,1.6296633303
512742,514893,518244,2151,3351,2,7200,1.64189794091
512744,515123,518525,2379,3402,2,7200,1.69929453263
512777,515130,518394,2353,3264,2,7200,1.72089460784
512835,515153,518396,2318,3243,2,7200,1.71477027444
512933,515193,518653,2260,3460,2,7200,1.65317919075
512948,515251,518778,2303,3527,2,7200,1.65296285795
512949,515274,518596,2325,3322,2,7200,1.69987959061
512964,515377,518613,2413,3236,2,7200,1.7456736712
512992,515558,519086,2566,3528,2,7200,1.72732426304
513181,515637,518968,2456,3331,2,7200,1.73731612128
513276,515746,519087,2470,3341,2,7200,1.73929961089
513522,515877,519106,2355,3229,2,7200,1.72932796531
513537,515883,519281,2346,3398,2,7200,1.69040612125
513552,515934,519444,2382,3510,2,7200,1.67863247863
513567,515980,519312,2413,3332,2,7200,1.72418967587
513701,515989,519187,2288,3198,2,7200,1.71544715447
513719,516026,519425,2307,3399,2,7200,1.67872903795
513774,516046,519057,2272,3011,2,7200,1.75456658917
513959,516088,519254,2129,3166,2,7200,1.67245735944
513999,516146,519474,2147,3328,2,7200,1.64513221154
514215,516158,519299,1943,3141,2,7200,1.61859280484
514294,516175,519594,1881,3419,2,7200,1.55016086575
514668,516224,519457,1556,3233,2,7200,1.48128673059
514707,516237,519341,1530,3104,2,7200,1.49291237113
514883,516264,519747,1381,3483,2,7200,1.39649727247
515262,516326,519689,1064,3363,2,7200,1.31638418079
515263,516580,520014,1317,3434,2,7200,1.38351776354
515265,516880,520221,1615,3341,2,7200,1.48338820712
515266,516887,519903,1621,3016,2,7200,1.5374668435
515267,516892,520324,1625,3432,2,7200,1.47348484848
515269,516917,520158,1648,3241,2,7200,1.50848503548
515377,517066,520132,1689,3066,2,7200,1.55088062622
515547,517242,520238,1695,2996,2,7200,1.56575433912
516228,517352,520804,1124,3452,2,7200,1.32560834299
516252,517367,520640,1115,3273,2,7200,1.34066605561
516313,517505,520745,1192,3240,2,7200,1.36790123457
516571,517576,520641,1005,3065,2,7200,1.32789559543
516869,517583,520772,714,3189,2,7200,1.22389463782
516871,518028,521286,1157,3258,2,7200,1.35512584408
516886,518084,521309,1198,3225,2,7200,1.37147286822
516907,518255,521669,1348,3414,2,7200,1.39484475688
517056,518406,521615,1350,3209,2,7200,1.4206918043
517229,518413,521872,1184,3459,2,7200,1.34229546112
517339,518537,521716,1198,3179,2,7200,1.37684806543
517355,518608,521943,1253,3335,2,7200,1.37571214393
517495,518625,521803,1130,3178,2,7200,1.35556954059
517566,518664,521894,1098,3230,2,7200,1.3399380805
517567,518790,521974,1223,3184,2,7200,1.3841080402
517751,527029,537845,9278,10816,16,10800,1.85780325444
517850,551526,562358,33676,10832,16,10800,4.10893648449
517854,570941,581748,53087,10807,16,10800,5.91227907838
517857,581946,592773,64089,10827,16,10800,6.91936824605
517861,592784,603623,74923,10839,16,10800,7.91235353815
517864,603693,614512,85829,10819,16,10800,8.93317312136
517867,614524,625353,96657,10829,16,10800,9.92575491735
518015,518980,522139,965,3159,2,7200,1.30547641659
518073,519069,522555,996,3486,2,7200,1.28571428571
518102,528647,548908,10545,20261,8,540000,1.5204580228
518245,519099,522512,854,3413,2,7200,1.25021974802
518394,519104,522480,710,3376,2,7200,1.21030805687
518409,519118,522566,709,3448,2,7200,1.20562645012
518528,519198,522529,670,3331,2,7200,1.20114079856
518598,519266,522309,668,3043,2,7200,1.21952021032
518613,519294,522444,681,3150,2,7200,1.21619047619
518653,519310,522535,657,3225,2,7200,1.20372093023
518781,519323,522988,542,3665,2,7200,1.14788540246
518968,519353,522437,385,3084,2,7200,1.12483787289
519057,519437,522671,380,3234,2,7200,1.11750154607
519088,519456,522889,368,3433,2,7200,1.10719487329
519089,519468,522716,379,3248,2,7200,1.11668719212
519107,519487,522664,380,3177,2,7200,1.11960969468
519190,519607,522513,417,2906,2,7200,1.14349621473
519256,519701,522838,445,3137,2,7200,1.14185527574
519284,519759,523272,475,3513,2,7200,1.13521206946
519299,519914,523168,615,3254,2,7200,1.18899815612
519314,520026,523172,712,3146,2,7200,1.22631913541
519342,520145,523396,803,3251,2,7200,1.24700092279
519424,520170,523383,746,3213,2,7200,1.23218176159
519445,520234,523479,789,3245,2,7200,1.24314329738
519460,520249,523672,789,3423,2,7200,1.23049956179
519475,520336,523501,861,3165,2,7200,1.27203791469
519597,520651,523784,1054,3133,2,7200,1.33641876795
519691,520657,524121,966,3464,2,7200,1.27886836028
519749,520756,523937,1007,3181,2,7200,1.31656711726
519903,520783,524072,880,3289,2,7200,1.26755852843
520015,520816,524005,801,3189,2,7200,1.25117591722
520133,521298,524670,1165,3372,2,7200,1.34549228944
520161,521321,524769,1160,3448,2,7200,1.33642691415
520222,521628,525109,1406,3481,2,7200,1.4039069233
520240,521681,525082,1441,3401,2,7200,1.42369891208
520322,521727,525136,1405,3409,2,7200,1.41214432385
520640,521815,525198,1175,3383,2,7200,1.34732485959
520641,521883,525477,1242,3594,2,7200,1.34557595993
520745,521906,525196,1161,3290,2,7200,1.35288753799
520772,521955,525347,1183,3392,2,7200,1.34876179245
520806,521986,525223,1180,3237,2,7200,1.36453506333
521287,522155,525606,868,3451,2,7200,1.25152129817
521309,522321,525488,1012,3167,2,7200,1.31954531102
521616,522448,525715,832,3267,2,7200,1.25466789103
521671,522456,525626,785,3170,2,7200,1.2476340694
521717,522492,525868,775,3376,2,7200,1.22956161137
521805,522524,525807,719,3283,2,7200,1.21900700579
521872,522531,525763,659,3232,2,7200,1.20389851485
521896,522541,525638,645,3097,2,7200,1.20826606393
521945,522547,525838,602,3291,2,7200,1.18292312367
521976,522567,525680,591,3113,2,7200,1.18984902024
522140,522586,525879,446,3293,2,7200,1.1354388096
522310,522676,525874,366,3198,2,7200,1.11444652908
522438,522684,526047,246,3363,2,7200,1.07314897413
522453,522727,525804,274,3077,2,7200,1.08904777381
522480,522781,526216,301,3435,2,7200,1.08762736536
522514,522786,526449,272,3663,2,7200,1.07425607426
522515,522791,525915,276,3124,2,7200,1.08834827145
522531,522796,525871,265,3075,2,7200,1.08617886179
522546,522849,526060,303,3211,2,7200,1.09436312675
522561,522902,526092,341,3190,2,7200,1.10689655172
522576,523000,526238,424,3238,2,7200,1.13094502779
522664,523181,526697,517,3516,2,7200,1.14704209329
522679,523188,526457,509,3269,2,7200,1.1557051086
522718,523283,526625,565,3342,2,7200,1.16906044285
522841,523395,526504,554,3109,2,7200,1.17819234481
522892,523408,526797,516,3389,2,7200,1.15225730304
522990,523491,526710,501,3219,2,7200,1.15563839702
523169,523513,526757,344,3244,2,7200,1.10604192355
523184,523683,527017,499,3334,2,7200,1.14967006599
523275,523797,527184,522,3387,2,7200,1.15411868911
523384,523949,527202,565,3253,2,7200,1.17368582847
523399,524017,527397,618,3380,2,7200,1.18284023669
523481,524084,527464,603,3380,2,7200,1.17840236686
523502,524133,527529,631,3396,2,7200,1.18580683157
523673,524682,528111,1009,3429,2,7200,1.29425488481
523785,524782,528180,997,3398,2,7200,1.29340788699
523939,525093,528295,1154,3202,2,7200,1.36039975016
524006,525121,528055,1115,2934,2,7200,1.38002726653
524072,525148,528387,1076,3239,2,7200,1.3322012967
524121,525208,528574,1087,3366,2,7200,1.3229352347
524672,525215,528225,543,3010,2,7200,1.1803986711
524772,525235,528549,463,3314,2,7200,1.13971031986
525083,525360,528592,277,3232,2,7200,1.08570544554
525111,525488,528785,377,3297,2,7200,1.11434637549
525138,525499,528725,361,3226,2,7200,1.1119032858
525199,525618,528960,419,3342,2,7200,1.12537402753
525200,525638,528663,438,3025,2,7200,1.14479338843
525225,525650,528902,425,3252,2,7200,1.13068880689
525349,525693,528842,344,3149,2,7200,1.1092410289
525479,525727,528834,248,3107,2,7200,1.07981976183
525495,525775,529307,280,3532,2,7200,1.07927519819
525607,525816,529037,209,3221,2,7200,1.06488668115
525625,525822,529379,197,3557,2,7200,1.05538375035
525640,525850,529324,210,3474,2,7200,1.06044905009
525683,525879,529320,196,3441,2,7200,1.05696018599
525717,525886,529301,169,3415,2,7200,1.0494875549
525763,525892,529130,129,3238,2,7200,1.03983940704
525806,526059,529399,253,3340,2,7200,1.07574850299
525821,526071,529223,250,3152,2,7200,1.07931472081
525839,526104,529554,265,3450,2,7200,1.0768115942
525870,526250,529547,380,3297,2,7200,1.1152562936
525871,526469,529592,598,3123,2,7200,1.19148254883
525887,526516,529678,629,3162,2,7200,1.19892473118
525888,526638,530055,750,3417,2,7200,1.21949078139
525916,526709,530150,793,3441,2,7200,1.23045626271
526050,526722,529853,672,3131,2,7200,1.2146279144
526065,526769,529948,704,3179,2,7200,1.2214532872
526092,526809,530077,717,3268,2,7200,1.2194002448
526216,527035,530657,819,3622,2,7200,1.22611816676
526238,527196,530527,958,3331,2,7200,1.28760132092
526451,527214,530528,763,3314,2,7200,1.23023536512
526466,527410,530547,944,3137,2,7200,1.30092445011
526505,527475,530797,970,3322,2,7200,1.29199277544
526627,527540,530704,913,3164,2,7200,1.28855878635
526700,528067,531615,1367,3548,2,7200,1.38528748591
526715,528123,531256,1408,3133,2,7200,1.44940951165
526760,528191,531430,1431,3239,2,7200,1.44180302563
526796,528236,531383,1440,3147,2,7200,1.45757864633
527018,528307,531792,1289,3485,2,7200,1.36987087518
527184,528400,531925,1216,3525,2,7200,1.34496453901
527203,528561,531906,1358,3345,2,7200,1.40597907324
527399,528586,531858,1187,3272,2,7200,1.36277506112
527464,528605,531659,1141,3054,2,7200,1.37360838245
527531,528676,532020,1145,3344,2,7200,1.34240430622
528058,528737,531961,679,3224,2,7200,1.21060794045
528113,528797,532115,684,3318,2,7200,1.2061482821
528183,528846,532409,663,3563,2,7200,1.18607914679
528225,528855,532193,630,3338,2,7200,1.18873576992
528295,528914,532207,619,3293,2,7200,1.18797449135
528390,528973,532294,583,3321,2,7200,1.17554953327
528548,529048,532298,500,3250,2,7200,1.15384615385
528575,529142,532602,567,3460,2,7200,1.16387283237
528593,529234,532510,641,3276,2,7200,1.19566544567
528664,529312,532559,648,3247,2,7200,1.19956883277
528727,529319,532664,592,3345,2,7200,1.17698056801
528785,529332,532644,547,3312,2,7200,1.16515700483
528834,529338,532497,504,3159,2,7200,1.15954415954
528849,529391,532803,542,3412,2,7200,1.15885111372
528904,529411,532744,507,3333,2,7200,1.15211521152
528961,529559,532769,598,3210,2,7200,1.18629283489
529037,529566,532873,529,3307,2,7200,1.15996371334
529132,529603,533072,471,3469,2,7200,1.13577399827
529224,529690,533038,466,3348,2,7200,1.13918757467
529303,529865,533061,562,3196,2,7200,1.17584480601
529318,529960,533257,642,3297,2,7200,1.19472247498
529334,530067,533390,733,3323,2,7200,1.22058380981
529335,530089,533416,754,3327,2,7200,1.22663059814
529381,530163,533562,782,3399,2,7200,1.23006766696
529399,530539,534122,1140,3583,2,7200,1.31816913201
529548,530545,533693,997,3148,2,7200,1.3167090216
529563,530559,534319,996,3760,2,7200,1.26489361702
529591,530668,534028,1077,3360,2,7200,1.32053571429
529679,530717,533851,1038,3134,2,7200,1.33120612636
529855,530809,533887,954,3078,2,7200,1.30994152047
529950,531267,534531,1317,3264,2,7200,1.40349264706
530056,531395,534876,1339,3481,2,7200,1.38465958058
530080,531442,534445,1362,3003,2,7200,1.45354645355
530151,531627,534863,1476,3236,2,7200,1.45611866502
530529,531671,534967,1142,3296,2,7200,1.34648058252
530530,531804,535224,1274,3420,2,7200,1.37251461988
530549,531869,535220,1320,3351,2,7200,1.393912265
530658,531919,535127,1261,3208,2,7200,1.3930798005
530707,531937,535254,1230,3317,2,7200,1.37081700332
530798,531973,535099,1175,3126,2,7200,1.37587971849
531257,532033,535216,776,3183,2,7200,1.2437951618
531385,532128,535531,743,3403,2,7200,1.21833676168
531430,532204,535349,774,3145,2,7200,1.24610492846
531615,532219,535553,604,3334,2,7200,1.18116376725
531661,532310,535726,649,3416,2,7200,1.1899882904
531791,532315,535690,524,3375,2,7200,1.15525925926
531861,532420,536032,559,3612,2,7200,1.15476190476
531910,532509,535799,599,3290,2,7200,1.1820668693
531925,532522,535783,597,3261,2,7200,1.18307267709
531962,532571,535882,609,3311,2,7200,1.18393234672
532020,532614,536037,594,3423,2,7200,1.17353198948
532118,532656,535956,538,3300,2,7200,1.16303030303
532194,532676,536006,482,3330,2,7200,1.14474474474
532210,532755,535948,545,3193,2,7200,1.17068587535
532298,532782,536175,484,3393,2,7200,1.14264662541
532299,532815,536300,516,3485,2,7200,1.14806312769
532409,532885,536276,476,3391,2,7200,1.14037157181
532498,533050,536294,552,3244,2,7200,1.17016029593
532513,533073,536678,560,3605,2,7200,1.15533980583
532562,533084,536358,522,3274,2,7200,1.15943799633
532602,533268,536584,666,3316,2,7200,1.20084439083
532644,533401,536957,757,3556,2,7200,1.21287964004
532666,533427,536550,761,3123,2,7200,1.24367595261
532745,533573,536957,828,3384,2,7200,1.24468085106
532769,533705,536948,936,3243,2,7200,1.28862164662
532806,533863,537309,1057,3446,2,7200,1.30673244341
532873,533899,537369,1026,3470,2,7200,1.29567723343
533038,534041,537484,1003,3443,2,7200,1.29131571304
533062,534133,537272,1071,3139,2,7200,1.34119146225
533078,534331,537651,1253,3320,2,7200,1.37740963855
533257,534457,537866,1200,3409,2,7200,1.35200938692
533391,534543,537872,1152,3329,2,7200,1.34604986482
533419,534874,538116,1455,3242,2,7200,1.44879703886
533564,534888,537999,1324,3111,2,7200,1.42558662809
533695,534978,538304,1283,3326,2,7200,1.38574864702
533851,535110,538456,1259,3346,2,7200,1.37627017334
533887,535139,538709,1252,3570,2,7200,1.35070028011
534031,535228,538674,1197,3446,2,7200,1.34735925711
534125,535235,538645,1110,3410,2,7200,1.32551319648
534320,535242,539014,922,3772,2,7200,1.24443266172
534445,535266,538326,821,3060,2,7200,1.26830065359
534533,535360,538424,827,3064,2,7200,1.26990861619
534863,535542,539097,679,3555,2,7200,1.19099859353
534878,535566,538788,688,3222,2,7200,1.21353196772
534969,535703,538951,734,3248,2,7200,1.22598522167
535100,535739,539001,639,3262,2,7200,1.19589209074
535127,535795,538891,668,3096,2,7200,1.2157622739
535219,535812,539084,593,3272,2,7200,1.18123471883
535220,535894,539519,674,3625,2,7200,1.18593103448
535236,535961,539323,725,3362,2,7200,1.21564544914
535254,535969,539160,715,3191,2,7200,1.22406769038
535352,536019,539277,667,3258,2,7200,1.20472682627
535531,536044,539525,513,3481,2,7200,1.14737144499
535556,536051,539506,495,3455,2,7200,1.14327062229
535691,536188,539435,497,3247,2,7200,1.15306436711
535727,536288,539336,561,3048,2,7200,1.18405511811
535786,536307,539817,521,3510,2,7200,1.14843304843
535801,536314,539780,513,3466,2,7200,1.14800923254
535883,536369,539704,486,3335,2,7200,1.14572713643
535951,536562,540025,611,3463,2,7200,1.17643661565
535967,536596,539938,629,3342,2,7200,1.1882106523
536006,536691,539724,685,3033,2,7200,1.22584899439
536034,536960,540129,926,3169,2,7200,1.29220574314
536049,536969,540389,920,3420,2,7200,1.26900584795
536177,536974,540374,797,3400,2,7200,1.23441176471
536278,537283,540391,1005,3108,2,7200,1.32335907336
536297,537321,540801,1024,3480,2,7200,1.29425287356
536312,537380,540659,1068,3279,2,7200,1.32570905764
536361,537496,540560,1135,3064,2,7200,1.3704308094
536550,537663,541171,1113,3508,2,7200,1.31727480046
536584,537879,541331,1295,3452,2,7200,1.37514484357
536678,537887,540973,1209,3086,2,7200,1.39176928062
536948,538011,541273,1063,3262,2,7200,1.32587369712
536964,538128,541257,1164,3129,2,7200,1.37200383509
536965,538315,541668,1350,3353,2,7200,1.40262451536
537272,538338,541638,1066,3300,2,7200,1.32303030303
537312,538435,541854,1123,3419,2,7200,1.32845861363
537370,538468,541967,1098,3499,2,7200,1.31380394398
537487,538657,541766,1170,3109,2,7200,1.37632679318
537654,538687,541884,1033,3197,2,7200,1.32311542071
537867,538721,541971,854,3250,2,7200,1.26276923077
537882,538800,542111,918,3311,2,7200,1.27725762609
537998,538903,542342,905,3439,2,7200,1.26315789474
538117,538963,542422,846,3459,2,7200,1.2445793582
538305,539013,542110,708,3097,2,7200,1.22860833064
538327,539026,542357,699,3331,2,7200,1.20984689282
538425,539096,542114,671,3018,2,7200,1.22233267064
538459,539109,542159,650,3050,2,7200,1.2131147541
538646,539173,542238,527,3065,2,7200,1.17194127243
538676,539288,542531,612,3243,2,7200,1.18871415356
538710,539334,542649,624,3315,2,7200,1.18823529412
538789,539348,542648,559,3300,2,7200,1.16939393939
538893,539448,542795,555,3347,2,7200,1.16582013744
538951,539518,542806,567,3288,2,7200,1.17244525547
539003,539530,542913,527,3383,2,7200,1.15577889447
539018,539538,542844,520,3306,2,7200,1.15728977616
539086,539716,543123,630,3407,2,7200,1.18491341356
539101,539736,543125,635,3389,2,7200,1.18737090587
539163,539792,543048,629,3256,2,7200,1.19318181818
539279,539829,543088,550,3259,2,7200,1.16876342436
539325,539950,543231,625,3281,2,7200,1.19049070405
539340,540037,543380,697,3343,2,7200,1.20849536345
539437,540141,543075,704,2934,2,7200,1.23994546694
539507,540386,543820,879,3434,2,7200,1.25596971462
539523,540401,543623,878,3222,2,7200,1.27250155183
539538,540407,543883,869,3476,2,7200,1.25
539705,540571,544121,866,3550,2,7200,1.24394366197
539724,540671,543798,947,3127,2,7200,1.30284617845
539782,540813,544511,1031,3698,2,7200,1.278799351
539818,540985,544396,1167,3411,2,7200,1.34212840809
539940,541149,544655,1209,3506,2,7200,1.34483742156
540028,541183,544653,1155,3470,2,7200,1.33285302594
540131,541269,544459,1138,3190,2,7200,1.35673981191
540374,541285,544543,911,3258,2,7200,1.2796193984
540393,541342,544499,949,3157,2,7200,1.30060183719
540394,541650,544875,1256,3225,2,7200,1.38945736434
540561,541680,544790,1119,3110,2,7200,1.35980707395
540662,541778,545101,1116,3323,2,7200,1.33584110743
540801,541866,545143,1065,3277,2,7200,1.32499237107
540974,541896,545073,922,3177,2,7200,1.29021089078
541172,541978,545228,806,3250,2,7200,1.248
541257,541986,545417,729,3431,2,7200,1.21247449723
541276,542123,545522,847,3399,2,7200,1.24919093851
541334,542128,545561,794,3433,2,7200,1.23128459074
541641,542135,545233,494,3098,2,7200,1.15945771465
541668,542172,545476,504,3304,2,7200,1.15254237288
541766,542251,545224,485,2973,2,7200,1.16313488059
541855,542354,545602,499,3248,2,7200,1.15363300493
541886,542370,545479,484,3109,2,7200,1.15567706658
541969,542434,545728,465,3294,2,7200,1.14116575592
541984,542542,545785,558,3243,2,7200,1.17206290472
542112,542659,545847,547,3188,2,7200,1.17158092848
542113,542666,546276,553,3610,2,7200,1.15318559557
542129,542807,546235,678,3428,2,7200,1.19778296383
542159,542817,546112,658,3295,2,7200,1.19969650986
542239,542857,546094,618,3237,2,7200,1.19091751622
542342,542926,546504,584,3578,2,7200,1.1632196758
542357,543060,546644,703,3584,2,7200,1.19614955357
542424,543086,546339,662,3253,2,7200,1.20350445742
542531,543101,546519,570,3418,2,7200,1.16676418958
542650,543135,546444,485,3309,2,7200,1.14656996071
542652,543142,546505,490,3363,2,7200,1.14570324115
542795,543243,546460,448,3217,2,7200,1.13926018029
542811,543393,546759,582,3366,2,7200,1.17290552585
542847,543635,546798,788,3163,2,7200,1.24913057224
542914,543809,547117,895,3308,2,7200,1.27055622733
543049,543832,547651,783,3819,2,7200,1.20502749411
543076,543894,547235,818,3341,2,7200,1.24483687519
543091,544133,547401,1042,3268,2,7200,1.3188494492
543125,544453,547777,1328,3324,2,7200,1.39951865223
543126,544470,548063,1344,3593,2,7200,1.37406067353
543234,544511,547828,1277,3317,2,7200,1.38498643352
543381,544536,548296,1155,3760,2,7200,1.30718085106
543626,544555,547842,929,3287,2,7200,1.28262853666
543798,544665,548082,867,3417,2,7200,1.25373134328
543820,544672,547881,852,3209,2,7200,1.26550327205
543885,544801,548052,916,3251,2,7200,1.28175945863
544121,544887,548254,766,3367,2,7200,1.2275022275
544474,545084,548527,610,3443,2,7200,1.17717107174
544475,545113,548429,638,3316,2,7200,1.19240048251
544596,545154,548450,558,3296,2,7200,1.1692961165
544598,545237,548499,639,3262,2,7200,1.19589209074
544599,545244,548727,645,3483,2,7200,1.18518518519
544656,545250,548599,594,3349,2,7200,1.17736637802
544657,545429,548720,772,3291,2,7200,1.23457915527
544792,545489,548514,697,3025,2,7200,1.23041322314
544878,545495,548791,617,3296,2,7200,1.18719660194
545073,545534,548746,461,3212,2,7200,1.14352428394
545104,545572,549043,468,3471,2,7200,1.13483146067
545143,545614,548995,471,3381,2,7200,1.13930789707
545226,545739,548901,513,3162,2,7200,1.16223908918
545243,545797,549050,554,3253,2,7200,1.17030433446
545245,545858,549243,613,3385,2,7200,1.18109305761
545420,545873,549029,453,3156,2,7200,1.14353612167
545478,546106,549253,628,3147,2,7200,1.19955513187
545479,546124,549556,645,3432,2,7200,1.18793706294
545522,546247,549375,725,3128,2,7200,1.23177749361
545562,546287,549560,725,3273,2,7200,1.22150931867
545602,546350,550031,748,3681,2,7200,1.20320565064
545730,546456,549689,726,3233,2,7200,1.22455923291
545788,546473,549609,685,3136,2,7200,1.21843112245
545848,546516,549787,668,3271,2,7200,1.2042188933
546096,546523,549685,427,3162,2,7200,1.13504111322
546114,546530,549654,416,3124,2,7200,1.13316261204
546239,546654,549750,415,3096,2,7200,1.13404392765
546278,546660,550111,382,3451,2,7200,1.11069255288
546339,546772,550093,433,3321,2,7200,1.13038241494
546447,546809,550167,362,3358,2,7200,1.10780226325
546462,547130,550465,668,3335,2,7200,1.20029985007
546505,547247,550671,742,3424,2,7200,1.21670560748
546506,547412,550538,906,3126,2,7200,1.28982725528
546522,547663,551307,1141,3644,2,7200,1.31311745335
546644,547756,550902,1112,3146,2,7200,1.3534647171
546763,547762,551030,999,3268,2,7200,1.30569155447
546800,547767,551514,967,3747,2,7200,1.25807312517
547118,547772,551055,654,3283,2,7200,1.19920804143
547238,547790,550968,552,3178,2,7200,1.17369414726
547402,547840,550835,438,2995,2,7200,1.14624373957
547653,547853,551379,200,3526,2,7200,1.05672149745
547779,547893,551255,114,3362,2,7200,1.03390838786
547828,548065,551299,237,3234,2,7200,1.073283859
547843,548075,551467,232,3392,2,7200,1.06839622642
547883,548093,551622,210,3529,2,7200,1.05950694248
548056,548266,551545,210,3279,2,7200,1.06404391583
548071,548308,551878,237,3570,2,7200,1.06638655462
548087,548440,551896,353,3456,2,7200,1.1021412037
548254,548462,552012,208,3550,2,7200,1.0585915493
548294,548510,551740,216,3230,2,7200,1.06687306502
548432,548525,551951,93,3426,2,7200,1.02714535902
548450,548539,551389,89,2850,2,7200,1.03122807018
548502,548612,552022,110,3410,2,7200,1.03225806452
548517,548733,552197,216,3464,2,7200,1.0623556582
548533,548739,552094,206,3355,2,7200,1.06140089419
548600,548757,552114,157,3357,2,7200,1.04676794757
548722,548803,552165,81,3362,2,7200,1.0240928019
548738,548913,552316,175,3403,2,7200,1.05142521305
548753,548921,552145,168,3224,2,7200,1.05210918114
548793,548926,552434,133,3508,2,7200,1.03791334094
548903,549007,552024,104,3017,2,7200,1.03447132913
548998,549054,552289,56,3235,2,7200,1.01731066461
549029,549061,552734,32,3673,2,7200,1.00871222434
549045,549254,552737,209,3483,2,7200,1.06000574218
549060,549265,552484,205,3219,2,7200,1.06368437403
549244,549387,552735,143,3348,2,7200,1.04271206691
549259,549569,552852,310,3283,2,7200,1.09442583003
549375,549575,552802,200,3227,2,7200,1.06197706848
549503,549509,550149,6,640,2,3600,1.009375
549556,549621,552859,65,3238,2,7200,1.02007411983
549571,549665,553058,94,3393,2,7200,1.02770409667
549611,549696,553104,85,3408,2,7200,1.02494131455
549657,549703,553201,46,3498,2,7200,1.01315037164
549687,549799,553262,112,3463,2,7200,1.03234190009
549703,550043,553160,340,3117,2,7200,1.10907924286
549751,550105,553282,354,3177,2,7200,1.11142587347
549788,550122,553069,334,2947,2,7200,1.11333559552
550032,550178,553447,146,3269,2,7200,1.04466197614
550093,550476,553729,383,3253,2,7200,1.1177374731
550111,550549,553883,438,3334,2,7200,1.13137372525
550157,550164,550587,7,423,2,3600,1.01654846336
550169,550683,553795,514,3112,2,7200,1.16516709512
550465,550847,554264,382,3417,2,7200,1.11179397132
550539,550980,554485,441,3505,2,7200,1.12582025678
550673,551311,554936,638,3625,2,7200,1.176
550778,550784,551094,6,310,2,3600,1.01935483871
550835,551319,554716,484,3397,2,7200,1.14247865764
550903,551390,554792,487,3402,2,7200,1.1431510876
550968,551400,554804,432,3404,2,7200,1.12690951821
551029,551479,554535,450,3056,2,7200,1.1472513089
551054,551556,554989,502,3433,2,7200,1.14622778911
551255,551633,554855,378,3222,2,7200,1.11731843575
551299,551751,555168,452,3417,2,7200,1.13227977758
551314,551889,554951,575,3062,2,7200,1.18778576094
551342,552156,554908,814,2752,2,3600,1.29578488372
551379,551908,555323,529,3415,2,7200,1.15490483163
551394,551962,555077,568,3115,2,7200,1.1823434992
551467,552024,555359,557,3335,2,7200,1.16701649175
551516,552034,555474,518,3440,2,7200,1.15058139535
551547,552041,555357,494,3316,2,7200,1.14897466828
551623,552106,555437,483,3331,2,7200,1.14500150105
551742,552126,555387,384,3261,2,7200,1.11775528979
551879,552161,555434,282,3273,2,7200,1.08615948671
551898,552176,555424,278,3248,2,7200,1.085591133
551938,562365,574002,10427,11637,1,36000,1.89602131133
551953,552208,555512,255,3304,2,7200,1.07717917676
552014,552300,555679,286,3379,2,7200,1.08464042616
552030,552327,555255,297,2928,2,7200,1.10143442623
552031,552446,555507,415,3061,2,7200,1.13557660895
552096,552495,555705,399,3210,2,7200,1.12429906542
552117,552745,556087,628,3342,2,7200,1.18791143028
552144,552751,555992,607,3241,2,7200,1.18728787411
552166,552757,556228,591,3471,2,7200,1.17026793431
552200,552813,555962,613,3149,2,7200,1.19466497301
552291,552863,556224,572,3361,2,7200,1.17018744421
552315,552870,556083,555,3213,2,7200,1.17273576097
552434,553069,556660,635,3591,2,7200,1.1768309663
552483,553081,556421,598,3340,2,7200,1.17904191617
552736,553115,556589,379,3474,2,7200,1.10909614277
552737,553171,556301,434,3130,2,7200,1.13865814696
552738,553213,556752,475,3539,2,7200,1.13421870585
552803,553273,556717,470,3444,2,7200,1.13646922184
552854,553294,556471,440,3177,2,7200,1.13849543595
552869,553459,556706,590,3247,2,7200,1.18170619033
553062,553740,557113,678,3373,2,7200,1.20100800474
553077,553806,556881,729,3075,2,7200,1.23707317073
553104,553894,557161,790,3267,2,7200,1.24181205999
553162,554275,557518,1113,3243,2,7200,1.34320074006
553202,554497,557770,1295,3273,2,7200,1.39566147266
553264,554547,557556,1283,3009,2,7200,1.42638750415
553285,554728,558204,1443,3476,2,7200,1.41513233602
553450,554804,557963,1354,3159,2,7200,1.42861665084
553729,554816,558374,1087,3558,2,7200,1.30550871276
553796,554866,558208,1070,3342,2,7200,1.32016756433
553884,554920,558233,1036,3313,2,7200,1.31270751585
554223,581759,581911,27536,152,16,1810,182.157894737
554266,554948,558165,682,3217,2,7200,1.21199875661
554485,554962,558386,477,3424,2,7200,1.13931074766
554537,555000,558568,463,3568,2,7200,1.12976457399
554716,555088,558367,372,3279,2,7200,1.11344922232
554793,555180,558586,387,3406,2,7200,1.1136230182
554808,555268,558824,460,3556,2,7200,1.12935883015
554857,555334,558649,477,3315,2,7200,1.14389140271
554936,555368,558732,432,3364,2,7200,1.12841854935
554951,555375,558792,424,3417,2,7200,1.12408545508
554959,555518,559147,559,3629,2,3600,1.15403692477
554991,555398,558587,407,3189,2,7200,1.12762621511
555079,555436,558853,357,3417,2,7200,1.10447761194
555171,555446,558682,275,3236,2,7200,1.08498145859
555256,555452,558828,196,3376,2,7200,1.05805687204
555323,555486,558894,163,3408,2,7200,1.0478286385
555360,555525,558729,165,3204,2,7200,1.05149812734
555361,555691,558833,330,3142,2,7200,1.10502864418
555389,555717,558996,328,3279,2,7200,1.1000304971
555426,555921,559187,495,3266,2,7200,1.15156154317
555441,555974,559098,533,3124,2,7200,1.17061459667
555442,556005,559388,563,3383,2,7200,1.16642033698
555476,556095,559184,619,3089,2,7200,1.20038847523
555506,556102,559233,596,3131,2,7200,1.19035451932
555521,556235,559388,714,3153,2,7200,1.22645099905
555680,556243,559487,563,3244,2,7200,1.17355117139
555707,556313,559469,606,3156,2,7200,1.19201520913
555963,556434,559873,471,3439,2,7200,1.13695841814
555993,556482,559733,489,3251,2,7200,1.15041525684
556085,556602,559761,517,3159,2,7200,1.16365938588
556100,556672,560029,572,3357,2,7200,1.17039022937
556225,556717,559784,492,3067,2,7200,1.16041734594
556240,556728,560170,488,3442,2,7200,1.14177803603
556301,556764,560165,463,3401,2,7200,1.13613643046
556421,556892,560159,471,3267,2,7200,1.14416896235
556473,557124,560385,651,3261,2,7200,1.19963201472
556593,557173,560600,580,3427,2,7200,1.16924423694
556663,557529,560677,866,3148,2,7200,1.2750952986
556706,557567,560829,861,3262,2,7200,1.26394849785
556721,557782,561192,1061,3410,2,7200,1.31114369501
556752,557975,561024,1223,3049,2,7200,1.40111511971
556793,583963,630288,27170,46325,1,86400,1.58650836481
556881,558178,561597,1297,3419,2,7200,1.37935068734
557115,558216,561556,1101,3340,2,7200,1.32964071856
557161,558222,561705,1061,3483,2,7200,1.30462245191
557519,558245,561425,726,3180,2,7200,1.22830188679
557556,558378,561859,822,3481,2,7200,1.23613904051
557771,558386,561644,615,3258,2,7200,1.18876611418
557963,558397,561930,434,3533,2,7200,1.12284177753
558168,558581,561775,413,3194,2,7200,1.12930494678
558205,558597,562096,392,3499,2,7200,1.11203200915
558220,558603,561835,383,3232,2,7200,1.11850247525
558235,558660,561990,425,3330,2,7200,1.12762762763
558370,558694,561923,324,3229,2,7200,1.10034066274
558385,558740,562019,355,3279,2,7200,1.10826471485
558400,558747,562174,347,3427,2,7200,1.10125474176
558570,558804,561921,234,3117,2,7200,1.07507218479
558586,558836,561888,250,3052,2,7200,1.08191349934
558601,558843,562328,242,3485,2,7200,1.06944045911
558650,558850,562190,200,3340,2,7200,1.05988023952
558681,558864,562293,183,3429,2,7200,1.05336832896
558729,558906,562305,177,3399,2,7200,1.05207413945
558744,559007,562250,263,3243,2,7200,1.081097749
558793,559109,562439,316,3330,2,7200,1.09489489489
558827,559159,562257,332,3098,2,7200,1.10716591349
558842,559196,562519,354,3323,2,7200,1.10653024376
558843,559204,562340,361,3136,2,7200,1.11511479592
558859,559209,562620,350,3411,2,7200,1.10260920551
558895,559244,562544,349,3300,2,7200,1.10575757576
558996,559399,562751,403,3352,2,7200,1.12022673031
559097,559404,562667,307,3263,2,7200,1.09408519767
559186,559480,562763,294,3283,2,7200,1.08955223881
559187,559499,562736,312,3237,2,7200,1.09638554217
559233,559651,563189,418,3538,2,7200,1.11814584511
559388,559745,563370,357,3625,2,7200,1.09848275862
559390,559773,562908,383,3135,2,7200,1.12216905901
559469,559795,563293,326,3498,2,7200,1.09319611206
559487,559886,563246,399,3360,2,7200,1.11875
559735,560041,563186,306,3145,2,7200,1.0972972973
559762,560171,563550,409,3379,2,7200,1.12104172832
559784,560178,563672,394,3494,2,7200,1.11276473955
559875,560184,563569,309,3385,2,7200,1.09128508124
560031,560397,563540,366,3143,2,7200,1.11644925231
560160,560612,563883,452,3271,2,7200,1.13818404158
560175,560690,564002,515,3312,2,7200,1.15549516908
560176,560842,563988,666,3146,2,7200,1.21169739352
560387,561035,564371,648,3336,2,7200,1.19424460432
560600,561203,564514,603,3311,2,7200,1.18212020538
560680,561437,564527,757,3090,2,7200,1.24498381877
560832,561567,564934,735,3367,2,7200,1.2182952183
561026,561609,564906,583,3297,2,7200,1.17682741887
561194,561655,565066,461,3411,2,7200,1.13515098212
561312,562371,570930,1059,8559,18,151200,1.12372940764
561426,561716,565206,290,3490,2,7200,1.08309455587
561557,561786,565060,229,3274,2,7200,1.06994502138
561600,561847,565185,247,3338,2,7200,1.07399640503
561645,561871,565147,226,3276,2,7200,1.06898656899
561707,561901,565216,194,3315,2,7200,1.05852187029
561777,561932,565041,155,3109,2,7200,1.04985525893
561835,561940,565216,105,3276,2,7200,1.03205128205
561860,561946,565123,86,3177,2,7200,1.02706956248
561890,562002,565029,112,3027,2,7200,1.03700033036
561921,562031,565337,110,3306,2,7200,1.03327283727
561936,562109,565333,173,3224,2,7200,1.05366004963
561938,562186,565594,248,3408,2,7200,1.07276995305
561993,562202,565385,209,3183,2,7200,1.06566132579
562020,562263,565601,243,3338,2,7200,1.07279808268
562097,562269,565367,172,3098,2,7200,1.05551969012
562177,562305,565537,128,3232,2,7200,1.0396039604
562192,562318,565601,126,3283,2,7200,1.03837953092
562250,562339,565680,89,3341,2,7200,1.02663873092
562266,562450,565847,184,3397,2,7200,1.05416544009
562293,562531,565678,238,3147,2,7200,1.07562758182
562309,562556,565564,247,3008,2,7200,1.0821143617
562327,562632,565740,305,3108,2,7200,1.09813384813
562342,562678,565791,336,3113,2,7200,1.10793446836
562439,562747,565924,308,3177,2,7200,1.09694680516
562522,562763,565957,241,3194,2,7200,1.07545397621
562547,562774,566010,227,3236,2,7200,1.07014833127
562623,562920,566203,297,3283,2,7200,1.09046603716
562669,563198,566489,529,3291,2,7200,1.16074141598
562735,563205,566504,470,3299,2,7200,1.14246741437
562754,563258,566536,504,3278,2,7200,1.15375228798
562769,563304,566785,535,3481,2,7200,1.15369146797
562904,563382,566913,478,3531,2,7200,1.13537241575
563186,563552,566883,366,3331,2,7200,1.10987691384
563201,563561,566712,360,3151,2,7200,1.11424944462
563247,563581,566653,334,3072,2,7200,1.10872395833
563293,563685,567105,392,3420,2,7200,1.11461988304
563372,563895,567087,523,3192,2,7200,1.16384711779
563543,564000,567501,457,3501,2,7200,1.1305341331
563559,564013,567369,454,3356,2,7200,1.13528009535
563574,564383,568009,809,3626,2,7200,1.22311086597
563675,564526,567726,851,3200,2,7200,1.2659375
563883,564917,568476,1034,3559,2,7200,1.29053104805
563930,564538,568143,608,3605,2,3600,1.16865464632
563990,564945,568268,955,3323,2,7200,1.28739091183
564005,565040,568541,1035,3501,2,7200,1.29562982005
564372,565053,568336,681,3283,2,7200,1.20743222662
564516,565072,568685,556,3613,2,7200,1.15388873512
564532,565078,568272,546,3194,2,7200,1.17094552286
564907,565135,568501,228,3366,2,7200,1.06773618538
564934,565160,568134,226,2974,2,7200,1.07599193006
565029,565196,568185,167,2989,2,7200,1.05587152894
565044,565218,568605,174,3387,2,7200,1.05137289637
565060,565227,568380,167,3153,2,7200,1.05296542975
565075,565233,568696,158,3463,2,7200,1.04562518048
565124,565344,568608,220,3264,2,7200,1.06740196078
565148,565351,568809,203,3458,2,7200,1.05870445344
565188,565378,568709,190,3331,2,7200,1.05703992795
565207,565397,568819,190,3422,2,7200,1.05552308591
565222,565548,568497,326,2949,2,7200,1.11054594778
565224,565576,569052,352,3476,2,7200,1.10126582278
565334,565605,568729,271,3124,2,7200,1.08674775928
565349,565613,569195,264,3582,2,7200,1.07370184255
565368,565618,569028,250,3410,2,7200,1.07331378299
565386,565689,568984,303,3295,2,7200,1.09195751138
565538,565696,568972,158,3276,2,7200,1.04822954823
565566,565752,568994,186,3242,2,7200,1.0573719926
565596,565803,569195,207,3392,2,7200,1.0610259434
565612,565860,569041,248,3181,2,7200,1.07796290475
565613,565936,569248,323,3312,2,7200,1.09752415459
565680,565969,569386,289,3417,2,7200,1.08457711443
565682,566022,569205,340,3183,2,7200,1.1068174678
565740,566214,569589,474,3375,2,7200,1.14044444444
565792,566501,569725,709,3224,2,7200,1.21991315136
565850,566516,569784,666,3268,2,7200,1.20379436965
565926,566548,569777,622,3229,2,7200,1.192629297
565960,566664,569672,704,3008,2,7200,1.23404255319
566012,566724,570034,712,3310,2,7200,1.21510574018
566201,566796,570245,595,3449,2,7200,1.17251377211
566491,566894,570419,403,3525,2,7200,1.11432624113
566507,566924,570039,417,3115,2,7200,1.13386837881
566537,567100,570290,563,3190,2,7200,1.17648902821
566653,567117,570464,464,3347,2,7200,1.1386316104
566714,567380,570612,666,3232,2,7200,1.20606435644
566784,567513,570793,729,3280,2,7200,1.22225609756
566885,567738,571060,853,3322,2,7200,1.2567730283
566913,568022,571415,1109,3393,2,7200,1.32684939581
567052,581922,581934,14870,12,16,1810,1240.16666667
567087,568145,571427,1058,3282,2,7200,1.32236441194
567106,568155,571340,1049,3185,2,7200,1.32935635793
567369,568197,571505,828,3308,2,7200,1.25030229746
567503,568279,571824,776,3545,2,7200,1.21889985896
567726,568286,571553,560,3267,2,7200,1.1714110805
568009,568348,571702,339,3354,2,7200,1.10107334526
568135,568391,571662,256,3271,2,7200,1.07826352797
568183,568488,571787,305,3299,2,7200,1.09245225826
568269,568508,571992,239,3484,2,7200,1.06859931114
568284,568516,571933,232,3417,2,7200,1.06789581504
568339,568553,572002,214,3449,2,7200,1.06204697014
568365,569796,720817,1431,151021,8,540000,1.00947550341
568381,568617,571781,236,3164,2,7200,1.07458912769
568476,568623,571806,147,3183,2,7200,1.04618284637
568498,568697,571813,199,3116,2,7200,1.06386392811
568513,568708,572017,195,3309,2,7200,1.05893019039
568543,568741,571833,198,3092,2,7200,1.06403622251
568605,568821,572156,216,3335,2,7200,1.06476761619
568620,568831,572132,211,3301,2,7200,1.06392002424
568687,568984,572373,297,3389,2,7200,1.08763647094
568702,568995,572341,293,3346,2,7200,1.08756724447
568717,569040,572447,323,3407,2,7200,1.09480481362
568733,569063,572300,330,3237,2,7200,1.10194624652
568809,569207,572497,398,3290,2,7200,1.12097264438
568825,569212,572603,387,3391,2,7200,1.11412562666
568972,569219,572558,247,3339,2,7200,1.07397424379
568987,569260,572612,273,3352,2,7200,1.08144391408
569003,569398,572488,395,3090,2,7200,1.12783171521
569027,569601,572863,574,3262,2,7200,1.17596566524
569043,569683,573170,640,3487,2,7200,1.18353885862
569059,569737,572999,678,3262,2,7200,1.20784794605
569195,569789,573465,594,3676,2,7200,1.16158868335
569197,570045,573524,848,3479,2,7200,1.24374820351
569212,570053,573383,841,3330,2,7200,1.25255255255
569249,570257,573560,1008,3303,2,7200,1.30517711172
569386,570302,573623,916,3321,2,7200,1.27582053598
569590,570431,573647,841,3216,2,7200,1.26150497512
569673,570475,573556,802,3081,2,7200,1.26030509575
569725,570624,573601,899,2977,2,7200,1.30198186093
569776,570805,574032,1029,3227,2,7200,1.31887201735
569792,570947,574224,1155,3277,2,7200,1.35245651511
570036,571073,574452,1037,3379,2,7200,1.30689553122
570051,571352,574955,1301,3603,2,7200,1.36108798224
570247,571427,574858,1180,3431,2,7200,1.3439230545
570289,571439,574466,1150,3027,2,7200,1.37991410638
570420,571516,574621,1096,3105,2,7200,1.35297906602
570466,571564,574868,1098,3304,2,7200,1.33232445521
570613,571674,575119,1061,3445,2,7200,1.30798258345
570793,571714,575098,921,3384,2,7200,1.27216312057
571064,571792,574865,728,3073,2,7200,1.23690205011
571342,571799,575121,457,3322,2,7200,1.13756773028
571415,571818,575178,403,3360,2,7200,1.11994047619
571430,571824,575059,394,3235,2,7200,1.12179289026
571506,571835,575294,329,3459,2,7200,1.09511419485
571555,571844,575159,289,3315,2,7200,1.08717948718
571662,571944,575023,282,3079,2,7200,1.09158817798
571702,572004,575409,302,3405,2,7200,1.08869309838
571781,572015,575528,234,3513,2,7200,1.06660973527
571796,572029,575717,233,3688,2,7200,1.06317787419
571812,572145,575271,333,3126,2,7200,1.10652591171
571827,572168,575407,341,3239,2,7200,1.10527940722
571828,572313,575500,485,3187,2,7200,1.15218073423
571844,572353,575846,509,3493,2,7200,1.14572001145
571935,572385,575806,450,3421,2,7200,1.13154048524
571996,572458,575853,462,3395,2,7200,1.13608247423
572011,572499,575863,488,3364,2,7200,1.14506539834
572026,572510,575771,484,3261,2,7200,1.14842072984
572133,572570,576125,437,3555,2,7200,1.1229254571
572157,572614,575743,457,3129,2,7200,1.14605305209
572301,572624,575936,323,3312,2,7200,1.09752415459
572343,572875,576271,532,3396,2,7200,1.1566548881
572374,573012,576094,638,3082,2,7200,1.20700843608
572448,573181,576191,733,3010,2,7200,1.24352159468
572490,573395,576642,905,3247,2,7200,1.27871881737
572505,573477,576799,972,3322,2,7200,1.2925948224
572560,573535,577003,975,3468,2,7200,1.28114186851
572603,573568,576795,965,3227,2,7200,1.29903935544
572618,573575,576874,957,3299,2,7200,1.29008790543
572867,573613,576937,746,3324,2,7200,1.22442839952
573001,573634,576927,633,3293,2,7200,1.1922259338
573171,573659,576949,488,3290,2,7200,1.14832826748
573384,574015,577375,631,3360,2,7200,1.18779761905
573466,574043,577408,577,3365,2,7200,1.17147102526
573524,574236,577437,712,3201,2,7200,1.22243049047
573558,574464,577815,906,3351,2,7200,1.27036705461
573573,574477,577934,904,3457,2,7200,1.26149840903
573601,574633,577877,1032,3244,2,7200,1.31812577065
573625,574871,578054,1246,3183,2,7200,1.39145460258
573650,574877,577999,1227,3122,2,7200,1.3930172966
574032,574885,578214,853,3329,2,7200,1.25623310303
574226,574967,578128,741,3161,2,7200,1.2344194875
574454,575035,578319,581,3284,2,7200,1.1769183922
574475,575071,578336,596,3265,2,7200,1.18254211332
574637,575109,578629,472,3520,2,7200,1.13409090909
574860,575130,578424,270,3294,2,7200,1.08196721311
574875,575137,578410,262,3273,2,7200,1.08004888482
574876,575171,578681,295,3510,2,7200,1.08404558405
574956,575191,578563,235,3372,2,7200,1.0696915777
575023,575283,578747,260,3464,2,7200,1.07505773672
575062,575306,579000,244,3694,2,7200,1.06605305901
575099,575419,578718,320,3299,2,7200,1.09699909063
575120,575426,578797,306,3371,2,7200,1.09077425096
575122,575512,579025,390,3513,2,7200,1.11101622545
575162,575539,578710,377,3171,2,7200,1.11888994008
575180,575729,579178,549,3449,2,7200,1.15917657292
575271,575755,578983,484,3228,2,7200,1.14993804213
575296,575783,578996,487,3213,2,7200,1.15157173981
575409,575818,579287,409,3469,2,7200,1.11790141251
575410,575858,579606,448,3748,2,7200,1.11953041622
575502,575864,579173,362,3309,2,7200,1.10939860985
575529,575875,579020,346,3145,2,7200,1.11001589825
575718,575948,579229,230,3281,2,7200,1.07010057909
575745,576105,579342,360,3237,2,7200,1.11121408712
575773,576138,579291,365,3153,2,7200,1.11576276562
575806,576203,579538,397,3335,2,7200,1.11904047976
575846,576283,579533,437,3250,2,7200,1.13446153846
575862,576653,580151,791,3498,2,7200,1.2261292167
575877,576807,580262,930,3455,2,7200,1.26917510854
575938,576813,580191,875,3378,2,7200,1.25902901125
576097,576885,580090,788,3205,2,7200,1.24586583463
576127,576940,580045,813,3105,2,7200,1.26183574879
576191,576948,580210,757,3262,2,7200,1.23206621704
576274,576961,580565,687,3604,2,7200,1.19062153163
576642,577015,580233,373,3218,2,7200,1.11591050342
576797,577388,580790,591,3402,2,7200,1.17372134039
576812,577420,580554,608,3134,2,7200,1.19400127632
576876,577448,580934,572,3486,2,7200,1.16408491107
576931,577827,581143,896,3316,2,7200,1.27020506634
576946,577888,581142,942,3254,2,7200,1.28948985864
576961,577947,581310,986,3363,2,7200,1.29319060363
577004,578011,581250,1007,3239,2,7200,1.31089842544
577377,578067,581041,690,2974,2,7200,1.23201075992
577411,578139,581423,728,3284,2,7200,1.22168087698
577438,578227,581678,789,3451,2,7200,1.22862938279
577817,578330,581398,513,3068,2,7200,1.16720990874
577878,578348,581900,470,3552,2,7200,1.13231981982
577936,578422,581731,486,3309,2,7200,1.14687216682
578000,578436,581537,436,3101,2,7200,1.14059980651
578055,578575,582013,520,3438,2,7200,1.15125072717
578128,578641,581978,513,3337,2,7200,1.15373089601
578216,578692,581994,476,3302,2,7200,1.14415505754
578320,578722,582236,402,3514,2,7200,1.11439954468
578338,578729,581724,391,2995,2,7200,1.1305509182
578411,578759,582250,348,3491,2,7200,1.09968490404
578427,578809,582167,382,3358,2,7200,1.1137581894
578563,578995,582466,432,3471,2,7200,1.12445980985
578630,579007,582316,377,3309,2,7200,1.11393170142
578682,579015,582513,333,3498,2,7200,1.09519725557
578713,579032,582606,319,3574,2,7200,1.08925573587
578728,579038,582204,310,3166,2,7200,1.0979153506
578748,579186,582398,438,3212,2,7200,1.13636363636
578797,579193,582645,396,3452,2,7200,1.1147161066
578985,579241,582568,256,3327,2,7200,1.07694619778
579001,579299,582637,298,3338,2,7200,1.08927501498
579002,579305,582680,303,3375,2,7200,1.08977777778
579021,579353,582548,332,3195,2,7200,1.10391236307
579036,579545,582770,509,3225,2,7200,1.15782945736
579175,579552,582656,377,3104,2,7200,1.12145618557
579177,579618,582871,441,3253,2,7200,1.13556716877
579232,580057,583432,825,3375,2,7200,1.24444444444
579290,580103,583335,813,3232,2,7200,1.2515470297
579291,580163,584001,872,3838,2,7200,1.22720166754
579343,580203,583665,860,3462,2,7200,1.24841132293
579534,580222,583480,688,3258,2,7200,1.21117249847
579550,580245,583564,695,3319,2,7200,1.20940042181
579608,580275,583473,667,3198,2,7200,1.20856785491
579703,603635,603681,23932,46,32,600,521.260869565
580048,580566,583675,518,3109,2,7200,1.16661305886
580091,580576,584068,485,3492,2,7200,1.13888888889
580138,664808,665030,84670,222,128,600,382.396396396
580152,580801,583951,649,3150,2,7200,1.20603174603
580192,580946,584455,754,3509,2,7200,1.21487603306
580210,581052,584528,842,3476,2,7200,1.24223245109
580233,581154,584335,921,3181,2,7200,1.28953159384
580264,581161,584508,897,3347,2,7200,1.2680011951
580554,581262,584562,708,3300,2,7200,1.21454545455
580569,581321,584855,752,3534,2,7200,1.21279003962
580789,581409,584519,620,3110,2,7200,1.19935691318
580935,581435,584803,500,3368,2,7200,1.14845605701
581042,581549,584737,507,3188,2,7200,1.15903387704
581142,581690,585131,548,3441,2,7200,1.15925603022
581143,581736,584987,593,3251,2,7200,1.18240541372
581253,581743,585337,490,3594,2,7200,1.13633834168
581311,581911,585550,600,3639,2,7200,1.16488046167
581399,581990,585211,591,3221,2,7200,1.18348339025
581424,582007,585227,583,3220,2,7200,1.18105590062
581537,582025,585546,488,3521,2,7200,1.13859698949
581680,582178,585585,498,3407,2,7200,1.14616965072
581726,582215,585544,489,3329,2,7200,1.14689095825
581741,582248,585229,507,2981,2,7200,1.17007715532
581902,582262,585662,360,3400,2,7200,1.10588235294
581978,582329,585915,351,3586,2,7200,1.09788064696
581997,582410,585734,413,3324,2,7200,1.1242478941
582019,582478,585813,459,3335,2,7200,1.13763118441
582169,582524,585690,355,3166,2,7200,1.11212886924
582206,582559,585875,353,3316,2,7200,1.1064535585
582237,582579,585947,342,3368,2,7200,1.10154394299
582252,582619,586328,367,3709,2,7200,1.09894850364
582319,582648,585837,329,3189,2,7200,1.10316713703
582398,582656,585838,258,3182,2,7200,1.08108108108
582468,582667,586102,199,3435,2,7200,1.05793304221
582514,582693,585901,179,3208,2,7200,1.05579800499
582548,582781,586015,233,3234,2,7200,1.07204700062
582569,582882,586262,313,3380,2,7200,1.0926035503
582609,583347,586653,738,3306,2,7200,1.22323049002
582637,583444,586690,807,3246,2,7200,1.24861367837
582652,583485,586999,833,3514,2,7200,1.23705179283
582667,583492,586789,825,3297,2,7200,1.25022747953
582683,583576,586899,893,3323,2,7200,1.26873307252
582771,583677,586912,906,3235,2,7200,1.2800618238
582871,583687,586751,816,3064,2,7200,1.26631853786
583226,598592,598610,15366,18,16,310,854.666666667
583337,584013,587298,676,3285,2,7200,1.20578386606
583435,584080,587551,645,3471,2,7200,1.18582541054
583475,584306,587537,831,3231,2,7200,1.25719591458
583490,584311,587670,821,3359,2,7200,1.24441798154
583563,584347,587645,784,3298,2,7200,1.2377198302
583667,584468,587813,801,3345,2,7200,1.23946188341
583683,584520,587904,837,3384,2,7200,1.24734042553
583954,584530,587921,576,3391,2,7200,1.16986139782
584003,584540,587797,537,3257,2,7200,1.16487565244
584070,584573,587880,503,3307,2,7200,1.15210160266
584337,584749,588077,412,3328,2,7200,1.12379807692
584456,584815,588443,359,3628,2,7200,1.09895259096
584511,584867,588314,356,3447,2,7200,1.10327821294
584527,584999,588310,472,3311,2,7200,1.1425551193
584542,585142,588707,600,3565,2,7200,1.1683029453
584563,585223,588507,660,3284,2,7200,1.20097442144
584736,585239,588463,503,3224,2,7200,1.15601736973
584804,585246,588366,442,3120,2,7200,1.14166666667
584856,585349,588637,493,3288,2,7200,1.14993917275
584989,585556,589108,567,3552,2,7200,1.15962837838
585132,585563,588851,431,3288,2,7200,1.13108272506
585211,585568,588987,357,3419,2,7200,1.10441649605
585227,585597,588989,370,3392,2,7200,1.10908018868
585242,585674,589113,432,3439,2,7200,1.12561791218
585337,585702,589060,365,3358,2,7200,1.10869565217
585547,585745,588988,198,3243,2,7200,1.06105457909
585548,585825,589085,277,3260,2,7200,1.08496932515
585563,585848,589313,285,3465,2,7200,1.08225108225
585588,585855,589416,267,3561,2,7200,1.0749789385
585664,585887,589178,223,3291,2,7200,1.0677605591
585691,585913,589206,222,3293,2,7200,1.06741573034
585734,585927,589302,193,3375,2,7200,1.05718518519
585814,585959,589274,145,3315,2,7200,1.04374057315
585838,586027,589256,189,3229,2,7200,1.05853205327
585840,586115,589182,275,3067,2,7200,1.08966416694
585876,586275,589651,399,3376,2,7200,1.11818720379
585901,586339,589603,438,3264,2,7200,1.13419117647
585916,586664,589856,748,3192,2,7200,1.2343358396
585950,586701,590040,751,3339,2,7200,1.22491764001
586014,586763,589881,749,3118,2,7200,1.24021808852
586102,586802,590064,700,3262,2,7200,1.21459227468
586103,603843,616627,17740,12784,2,18000,2.38767209011
586263,586911,590056,648,3145,2,7200,1.20604133545
586331,586924,590338,593,3414,2,7200,1.17369654364
586655,587011,590038,356,3027,2,7200,1.11760819293
586688,587309,590691,621,3382,2,7200,1.18361916026
586752,587550,590864,798,3314,2,7200,1.2407966204
586792,587564,590893,772,3329,2,7200,1.23190147191
586899,587657,591175,758,3518,2,7200,1.21546333144
586915,587682,591262,767,3580,2,7200,1.21424581006
587000,587808,591190,808,3382,2,7200,1.23891188646
587300,587825,591113,525,3288,2,7200,1.15967153285
587540,587892,591210,352,3318,2,7200,1.10608800482
587555,587916,591155,361,3239,2,7200,1.11145415252
587647,587932,590937,285,3005,2,7200,1.09484193012
587671,588090,591365,419,3275,2,7200,1.1279389313
587797,588322,591525,525,3203,2,7200,1.16390883547
587815,588328,591634,513,3306,2,7200,1.15517241379
587879,588377,591592,498,3215,2,7200,1.15489891135
587904,588455,591884,551,3429,2,7200,1.1606882473
587922,588475,592042,553,3567,2,7200,1.15503223998
588078,588520,591941,442,3421,2,7200,1.12920198772
588310,588649,591997,339,3348,2,7200,1.10125448029
588325,588718,592021,393,3303,2,7200,1.11898274296
588365,588863,592226,498,3363,2,7200,1.14808206958
588445,588999,592232,554,3233,2,7200,1.17135787195
588463,589006,592190,543,3184,2,7200,1.17054020101
588509,589011,592328,502,3317,2,7200,1.15134157371
588638,589072,592192,434,3120,2,7200,1.1391025641
588708,589097,592445,389,3348,2,7200,1.11618876941
588851,589119,592308,268,3189,2,7200,1.08403888366
588988,589127,592327,139,3200,2,7200,1.0434375
588989,589190,592424,201,3234,2,7200,1.06215213358
588991,589197,592570,206,3373,2,7200,1.06107322858
589061,589218,592640,157,3422,2,7200,1.04587960257
589086,589269,592378,183,3109,2,7200,1.05886137022
589110,589286,592287,176,3001,2,7200,1.05864711763
589126,589314,592680,188,3366,2,7200,1.05585264409
589177,589324,592725,147,3401,2,7200,1.04322258159
589193,589428,592630,235,3202,2,7200,1.07339163023
589208,589615,592978,407,3363,2,7200,1.12102289622
589257,589663,593060,406,3397,2,7200,1.11951722108
589275,589867,593086,592,3219,2,7200,1.18390804598
589303,589893,593270,590,3377,2,7200,1.1747112822
589319,590049,593428,730,3379,2,7200,1.21604024859
589416,590057,593484,641,3427,2,7200,1.18704406186
589604,590068,593434,464,3366,2,7200,1.13784907903
589650,590075,593393,425,3318,2,7200,1.12808921037
589858,590350,593701,492,3351,2,7200,1.14682184423
589883,590703,593931,820,3228,2,7200,1.25402726146
590039,590877,594418,838,3541,2,7200,1.23665631178
590040,590905,594437,865,3532,2,7200,1.24490373726
590056,590949,594340,893,3391,2,7200,1.26334414627
590071,591125,594657,1054,3532,2,7200,1.29841449604
590340,591167,594654,827,3487,2,7200,1.23716661887
590690,591186,594347,496,3161,2,7200,1.1569123695
590867,591203,594504,336,3301,2,7200,1.10178733717
590894,591222,594768,328,3546,2,7200,1.09249858996
590937,591274,594616,337,3342,2,7200,1.10083782166
591115,591376,594998,261,3622,2,7200,1.07205963556
591154,591538,594689,384,3151,2,7200,1.12186607426
591176,591605,594814,429,3209,2,7200,1.1336865067
591191,591646,594852,455,3206,2,7200,1.14192139738
591213,591896,595238,683,3342,2,7200,1.20436864153
591265,591952,594920,687,2968,2,7200,1.2314690027
591365,592009,595445,644,3436,2,7200,1.18742724098
591527,592033,595178,506,3145,2,7200,1.16089030207
591595,592054,595348,459,3294,2,7200,1.1393442623
591634,592202,595377,568,3175,2,7200,1.1788976378
591884,592210,595363,326,3153,2,7200,1.1033935934
591942,592237,595613,295,3376,2,7200,1.08738151659
591991,592245,595450,254,3205,2,7200,1.07925117005
592021,592298,595865,277,3567,2,7200,1.0776562938
592043,592320,595479,277,3159,2,7200,1.08768597657
592193,592339,595519,146,3180,2,7200,1.04591194969
592195,592346,595438,151,3092,2,7200,1.04883570505
592228,592390,595733,162,3343,2,7200,1.04845946754
592244,592436,595823,192,3387,2,7200,1.05668733392
592290,592456,595782,166,3326,2,7200,1.04990980156
592308,592582,595941,274,3359,2,7200,1.0815718964
592327,592642,595709,315,3067,2,7200,1.10270622758
592328,592651,596083,323,3432,2,7200,1.09411421911
592380,592692,596156,312,3464,2,7200,1.09006928406
592426,592736,596157,310,3421,2,7200,1.09061677872
592448,592989,596348,541,3359,2,7200,1.16105983924
592570,593073,596332,503,3259,2,7200,1.15434182264
592632,593097,596309,465,3212,2,7200,1.14476961395
592647,593282,596692,635,3410,2,7200,1.1862170088
592681,593405,596679,724,3274,2,7200,1.2211362248
592726,593440,596775,714,3335,2,7200,1.21409295352
592979,593447,596879,468,3432,2,7200,1.13636363636
593061,593496,596757,435,3261,2,7200,1.13339466421
593086,593713,597122,627,3409,2,7200,1.18392490466
593271,593943,597295,672,3352,2,7200,1.20047732697
593393,594352,597758,959,3406,2,7200,1.2815619495
593430,594359,597717,929,3358,2,7200,1.27665276951
593445,594430,597791,985,3361,2,7200,1.29306753942
593485,594450,597763,965,3313,2,7200,1.29127678841
593701,594516,597914,815,3398,2,7200,1.23984696881
593931,594628,597899,697,3271,2,7200,1.21308468358
594340,594666,597714,326,3048,2,7200,1.10695538058
594356,594673,597684,317,3011,2,7200,1.10528063766
594420,594701,598110,281,3409,2,7200,1.08242886477
594441,594779,598079,338,3300,2,7200,1.10242424242
594505,594826,598213,321,3387,2,7200,1.0947741364
594615,594864,598329,249,3465,2,7200,1.07186147186
594655,594932,598342,277,3410,2,7200,1.08123167155
594671,595011,598443,340,3432,2,7200,1.09906759907
594689,595190,598639,501,3449,2,7200,1.14525949551
594768,595250,598580,482,3330,2,7200,1.14474474474
594815,595360,598581,545,3221,2,7200,1.16920211115
594854,595375,598565,521,3190,2,7200,1.16332288401
594922,595388,599101,466,3713,2,7200,1.12550498249
595001,595451,598571,450,3120,2,7200,1.14423076923
595180,595457,598722,277,3265,2,7200,1.08483920368
595238,595464,598794,226,3330,2,7200,1.06786786787
595351,595491,598719,140,3228,2,7200,1.04337050805
595366,595530,598752,164,3222,2,7200,1.05090006207
595382,595625,598878,243,3253,2,7200,1.07470027667
595437,595721,598823,284,3102,2,7200,1.09155383623
595453,595746,599013,293,3267,2,7200,1.08968472605
595454,595795,599301,341,3506,2,7200,1.09726183685
595479,595836,598959,357,3123,2,7200,1.11431316042
595522,595876,599333,354,3457,2,7200,1.10240092566
595613,595953,599245,340,3292,2,7200,1.10328068044
595711,596095,599596,384,3501,2,7200,1.10968294773
595735,596167,599620,432,3453,2,7200,1.12510860122
595785,596174,599502,389,3328,2,7200,1.11688701923
595824,596321,599328,497,3007,2,7200,1.16528101097
595867,596343,599672,476,3329,2,7200,1.14298588165
595944,596361,599634,417,3273,2,7200,1.1274060495
596084,596691,599885,607,3194,2,7200,1.19004383219
596158,596704,600079,546,3375,2,7200,1.16177777778
596160,596769,600338,609,3569,2,7200,1.1706360325
596309,596787,600075,478,3288,2,7200,1.14537712895
596334,596891,600500,557,3609,2,7200,1.15433638127
596349,597134,600488,785,3354,2,7200,1.23404889684
596680,597306,600607,626,3301,2,7200,1.18963950318
596695,597726,601043,1031,3317,2,7200,1.31082303286
596757,597733,601098,976,3365,2,7200,1.29004457652
596778,597770,601172,992,3402,2,7200,1.29159318048
596880,597776,601108,896,3332,2,7200,1.26890756303
597123,597927,601176,804,3249,2,7200,1.24746075716
597295,598091,601172,796,3081,2,7200,1.25835767608
597445,597911,615901,466,17990,1,36000,1.0259032796
597684,598123,601335,439,3212,2,7200,1.13667496887
597715,598224,601429,509,3205,2,7200,1.15881435257
597730,598340,601507,610,3167,2,7200,1.19261130407
597758,598355,601426,597,3071,2,7200,1.1943992185
597773,598455,601743,682,3288,2,7200,1.20742092457
597792,598577,602017,785,3440,2,7200,1.22819767442
597902,598584,602263,682,3679,2,7200,1.18537646099
597917,598598,601893,681,3295,2,7200,1.206676783
598083,598651,602033,568,3382,2,7200,1.16794795979
598114,598731,602141,617,3410,2,7200,1.18093841642
598214,598737,602035,523,3298,2,7200,1.15858095816
598330,598763,602102,433,3339,2,7200,1.12967954477
598346,598805,602094,459,3289,2,7200,1.13955609608
598445,598834,601830,389,2996,2,7200,1.12983978638
598567,598890,602354,323,3464,2,7200,1.0932448037
598583,598970,601940,387,2970,2,7200,1.1303030303
598584,599025,602422,441,3397,2,7200,1.12982042979
598585,599113,602227,528,3114,2,7200,1.16955684008
598641,599256,602640,615,3384,2,7200,1.18173758865
598718,599312,602563,594,3251,2,7200,1.18271301138
598733,599340,602634,607,3294,2,7200,1.18427443837
598752,599347,602498,595,3151,2,7200,1.18882894319
598795,599513,602980,718,3467,2,7200,1.20709547159
598823,599608,602782,785,3174,2,7200,1.24732199118
598879,599632,603201,753,3569,2,7200,1.21098346876
598959,599646,603134,687,3488,2,7200,1.19696100917
599015,599684,602733,669,3049,2,7200,1.21941620203
599102,599897,603568,795,3671,2,7200,1.21656224462
599247,600086,603417,839,3331,2,7200,1.25187631342
599302,600092,603164,790,3072,2,7200,1.25716145833
599330,600350,603639,1020,3289,2,7200,1.31012465795
599346,600499,603868,1153,3369,2,7200,1.34223805283
599503,600511,603864,1008,3353,2,7200,1.3006263048
599598,600620,603864,1022,3244,2,7200,1.3150431566
599620,601055,604497,1435,3442,2,7200,1.41690877397
599635,601111,604743,1476,3632,2,7200,1.4063876652
599672,601121,604319,1449,3198,2,7200,1.4530956848
599887,601183,604360,1296,3177,2,7200,1.40793201133
600077,601189,604757,1112,3568,2,7200,1.31165919283
600079,601195,604601,1116,3406,2,7200,1.32765707575
600342,601347,604650,1005,3303,2,7200,1.3042688465
600471,600477,600597,6,120,16,610,1.05
600489,601438,604606,949,3168,2,7200,1.29955808081
600505,601444,604838,939,3394,2,7200,1.27666470242
600610,601519,604757,909,3238,2,7200,1.28072884497
601731,601737,601880,6,143,16,610,1.04195804196
601735,601891,602004,156,113,16,610,2.38053097345
601745,601755,605224,10,3469,2,7200,1.00288267512
601830,601841,604793,11,2952,2,7200,1.00372628726
601894,601904,605158,10,3254,2,7200,1.00307314075
601940,601952,605312,12,3360,2,7200,1.00357142857
602020,602029,605440,9,3411,2,7200,1.00263852243
602035,602045,605195,10,3150,2,7200,1.00317460317
602037,602053,605205,16,3152,2,7200,1.00507614213
602098,602105,605595,7,3490,2,7200,1.00200573066
602113,602119,605407,6,3288,2,7200,1.00182481752
602144,602153,605684,9,3531,2,7200,1.00254885302
602229,602238,605744,9,3506,2,7200,1.00256702795
602263,602274,605865,11,3591,2,7200,1.00306321359
602354,602366,605539,12,3173,2,7200,1.00378190986
602422,602434,605910,12,3476,2,7200,1.00345224396
602498,602510,605854,12,3344,2,7200,1.00358851675
602565,602574,605990,9,3416,2,7200,1.00263466042
602632,602646,605927,14,3281,2,7200,1.00426699177
602648,602654,606336,6,3682,2,7200,1.00162954916
602660,602666,603286,6,620,16,610,1.00967741935
602733,602745,606090,12,3345,2,7200,1.00358744395
602782,602794,606048,12,3254,2,7200,1.0036877689
602983,602991,606206,8,3215,2,7200,1.00248833593
603057,625364,636197,22307,10833,16,10800,3.05917105142
603136,603147,606709,11,3562,2,7200,1.00308815272
603163,603176,606222,13,3046,2,7200,1.00426789232
603203,603213,606841,10,3628,2,7200,1.00275633958
603417,603429,606747,12,3318,2,7200,1.00361663653
603567,603699,603831,132,132,16,610,2.0
603570,603580,606575,10,2995,2,7200,1.00333889816
603637,603651,607024,14,3373,2,7200,1.00415060777
603865,603872,607359,7,3487,2,7200,1.00200745627
603867,603878,607139,11,3261,2,7200,1.00337319841
603882,603888,606979,6,3091,2,7200,1.00194111938
604319,604325,607340,6,3015,2,7200,1.00199004975
604359,604365,607935,6,3570,2,7200,1.00168067227
604456,604462,604487,6,25,16,610,1.24
604460,604468,604487,8,19,16,610,1.42105263158
604462,604473,604497,11,24,16,610,1.45833333333
604499,604506,607808,7,3302,2,7200,1.00211992732
604604,604610,607847,6,3237,2,7200,1.00185356812
604619,604625,607967,6,3342,2,7200,1.00179533214
604650,604656,608160,6,3504,2,7200,1.00171232877
604744,604750,608194,6,3444,2,7200,1.00174216028
604760,604766,607918,6,3152,2,7200,1.0019035533
604761,604773,607943,12,3170,2,7200,1.00378548896
604795,604801,608217,6,3416,2,7200,1.00175644028
