SubmitTime,StartTime,EndTime,QueuedTime,RunTime,NodesRequested,walltime,bslowdown
11,17,3390,6,3373,2,36000,1.0017788319
68,74,3416,6,3342,2,36000,1.00179533214
87,93,3136,6,3043,2,36000,1.00197173842
102,108,3337,6,3229,2,36000,1.00185816042
104,114,2786,10,2672,2,36000,1.00374251497
185,192,2981,7,2789,2,36000,1.00250986016
237,243,3176,6,2933,2,36000,1.00204568701
252,258,2960,6,2702,2,36000,1.00222057735
276,282,3243,6,2961,2,36000,1.00202634245
291,297,3523,6,3226,2,36000,1.00185988841
497,503,3584,6,3081,2,36000,1.00194741967
512,519,3297,7,2778,2,36000,1.00251979842
528,534,3745,6,3211,2,36000,1.00186857677
615,621,3614,6,2993,2,36000,1.00200467758
778,784,3726,6,2942,2,36000,1.00203942896
845,850,4437,5,3587,2,36000,1.0013939225
1014,1020,3827,6,2807,2,36000,1.00213751336
1168,1174,4958,6,3784,2,36000,1.00158562368
1183,1189,4204,6,3015,2,36000,1.00199004975
1202,1208,4015,6,2807,2,36000,1.00213751336
1203,1214,4437,11,3223,2,36000,1.00341296928
1205,1220,4266,15,3046,2,36000,1.00492449114
1227,1233,4376,6,3143,2,36000,1.00190900414
1302,1308,4298,6,2990,2,36000,1.00200668896
1339,1345,4192,6,2847,2,36000,1.00210748156
1354,1360,4156,6,2796,2,36000,1.00214592275
1405,1411,4435,6,3024,2,36000,1.00198412698
1456,1463,4709,7,3246,2,36000,1.00215650031
1472,1477,4428,5,2951,2,36000,1.0016943409
1511,1517,4330,6,2813,2,36000,1.00213295414
1584,1590,4448,6,2858,2,36000,1.00209937019
1611,1617,4495,6,2878,2,36000,1.0020847811
1632,1638,4650,6,3012,2,36000,1.00199203187
1663,1669,4590,6,2921,2,36000,1.00205409106
1678,1684,4507,6,2823,2,36000,1.00212539851
1702,1708,4376,6,2668,2,36000,1.00224887556
1729,1735,4704,6,2969,2,36000,1.00202088245
1745,1751,4690,6,2939,2,36000,1.00204151072
1747,1757,4430,10,2673,2,36000,1.00374111485
1761,1768,4826,7,3058,2,36000,1.00228907783
1804,1810,4563,6,2753,2,36000,1.00217944061
1831,1838,4277,7,2439,2,36000,1.0028700287
1877,1883,4854,6,2971,2,36000,1.00201952205
1910,1916,4804,6,2888,2,36000,1.00207756233
1934,1941,4817,7,2876,2,36000,1.00243393602
1949,1956,4565,7,2609,2,36000,1.00268302031
1995,2001,5158,6,3157,2,36000,1.00190053849
2020,2026,5020,6,2994,2,36000,1.00200400802
2035,2041,4860,6,2819,2,36000,1.00212841433
2050,2056,5578,6,3522,2,36000,1.00170357751
2065,2071,5321,6,3250,2,36000,1.00184615385
2081,2087,5424,6,3337,2,36000,1.00179802218
2097,2103,4813,6,2710,2,36000,1.00221402214
2098,2109,5449,11,3340,2,36000,1.00329341317
2113,2120,5252,7,3132,2,36000,1.00223499361
2129,2135,5164,6,3029,2,36000,1.00198085177
2130,2141,5278,11,3137,2,36000,1.00350653491
2166,2172,4864,6,2692,2,36000,1.00222882615
2236,2242,5927,6,3685,2,36000,1.00162822252
2270,2276,4976,6,2700,2,36000,1.00222222222
2271,2282,5264,11,2982,2,36000,1.00368879946
2287,2293,4910,6,2617,2,36000,1.00229270157
2289,2299,5616,10,3317,2,36000,1.00301477238
2290,2304,5312,14,3008,2,36000,1.00465425532
2306,2311,5496,5,3185,2,36000,1.00156985871
2307,2317,5661,10,3344,2,36000,1.00299043062
2325,2331,5459,6,3128,2,36000,1.00191815857
2362,2368,5231,6,2863,2,36000,1.00209570381
2377,2383,5103,6,2720,2,36000,1.00220588235
2435,2441,5610,6,3169,2,36000,1.00189334175
2449,2456,5276,7,2820,2,36000,1.0024822695
2480,2486,5778,6,3292,2,36000,1.00182260024
2495,2501,6008,6,3507,2,36000,1.00171086399
2510,2516,5087,6,2571,2,36000,1.00233372229
2526,2532,5433,6,2901,2,36000,1.00206825233
2548,2554,5303,6,2749,2,36000,1.00218261186
2549,2560,5528,11,2968,2,36000,1.00370619946
2570,2577,5786,7,3209,2,36000,1.00218136491
2622,2628,5334,6,2706,2,36000,1.0022172949
2637,2643,5629,6,2986,2,36000,1.00200937709
2677,2683,5572,6,2889,2,36000,1.0020768432
2692,2698,5830,6,3132,2,36000,1.00191570881
2789,2795,5759,6,2964,2,36000,1.0020242915
2813,2819,5991,6,3172,2,36000,1.00189155107
2871,2877,5995,6,3118,2,36000,1.00192431046
2886,2892,6030,6,3138,2,36000,1.00191204589
2913,2919,6440,6,3521,2,36000,1.00170406135
2962,2968,5846,6,2878,2,36000,1.0020847811
2983,2989,6135,6,3146,2,36000,1.00190718373
2998,3004,6109,6,3105,2,36000,1.00193236715
3013,3019,6292,6,3273,2,36000,1.00183318057
3028,3034,6395,6,3361,2,36000,1.00178518298
3029,3040,6363,11,3323,2,36000,1.00331026181
3138,3145,5898,7,2753,2,36000,1.00254268071
3178,3184,6642,6,3458,2,36000,1.001735107
3245,3250,6108,5,2858,2,36000,1.00174947516
3299,3305,6300,6,2995,2,36000,1.0020033389
3338,3344,6726,6,3382,2,36000,1.00177409817
3393,3399,6964,6,3565,2,36000,1.00168302945
3417,3423,6507,6,3084,2,36000,1.00194552529
3520,3526,6479,6,2953,2,36000,1.00203183204
3586,3592,6418,6,2826,2,36000,1.00212314225
3617,3623,6464,6,2841,2,36000,1.00211193242
3728,3734,6966,6,3232,2,36000,1.00185643564
3747,3753,6814,6,3061,2,36000,1.00196014374
3828,3834,6997,6,3163,2,36000,1.00189693329
4018,4024,7104,6,3080,2,36000,1.00194805195
4157,4163,7585,6,3422,2,36000,1.00175336061
4193,4199,7266,6,3067,2,36000,1.0019563091
4208,4214,7541,6,3327,2,36000,1.00180342651
4269,4275,7222,6,2947,2,36000,1.00203596878
4284,4290,7264,6,2974,2,36000,1.00201748487
4299,4305,7341,6,3036,2,36000,1.00197628458
4333,4339,6996,6,2657,2,36000,1.00225818592
4378,4385,7557,7,3172,2,36000,1.00220680958
4380,4391,7810,11,3419,2,36000,1.003217315
4429,4435,7881,6,3446,2,36000,1.00174114916
4444,4451,7894,7,3443,2,36000,1.00203311066
4446,4457,7790,11,3333,2,36000,1.00330033003
4447,4462,6992,15,2530,2,36000,1.00592885375
4448,4467,7229,19,2762,2,36000,1.00687907314
4463,4474,7133,11,2659,2,36000,1.00413689357
4497,4503,7119,6,2616,2,36000,1.00229357798
4512,4518,7262,6,2744,2,36000,1.00218658892
4564,4570,7318,6,2748,2,36000,1.00218340611
4579,4586,7686,7,3100,2,36000,1.00225806452
4594,4600,7785,6,3185,2,36000,1.00188383046
4652,4658,7954,6,3296,2,36000,1.00182038835
4691,4697,7698,6,3001,2,36000,1.00199933356
4706,4712,7665,6,2953,2,36000,1.00203183204
4721,4727,7696,6,2969,2,36000,1.00202088245
4806,4812,8065,6,3253,2,36000,1.00184445128
4821,4827,7529,6,2702,2,36000,1.00222057735
4823,4833,7528,10,2695,2,36000,1.00371057514
4838,4844,7505,6,2661,2,36000,1.00225479143
4856,4862,7545,6,2683,2,36000,1.00223630265
4871,4877,7876,6,2999,2,36000,1.00200066689
4872,4883,8199,11,3316,2,36000,1.0033172497
4912,4918,8068,6,3150,2,36000,1.0019047619
4958,4964,8283,6,3319,2,36000,1.00180777343
4979,4985,7816,6,2831,2,36000,1.00211939244
5021,5028,7906,7,2878,2,36000,1.00243224461
5088,5094,8266,6,3172,2,36000,1.00189155107
5106,5112,8049,6,2937,2,36000,1.00204290092
5158,5164,8376,6,3212,2,36000,1.00186799502
5173,5179,8267,6,3088,2,36000,1.00194300518
5234,5240,8825,6,3585,2,36000,1.00167364017
5252,5258,8804,6,3546,2,36000,1.00169204738
5267,5274,8136,7,2862,2,36000,1.00244584207
5283,5289,8531,6,3242,2,36000,1.00185070944
5284,5295,8375,11,3080,2,36000,1.00357142857
5306,5312,8774,6,3462,2,36000,1.00173310225
5322,5328,8374,6,3046,2,36000,1.00196979645
5323,5334,7847,11,2513,2,36000,1.00437723836
5338,5344,8522,6,3178,2,36000,1.00188797986
5424,5430,8338,6,2908,2,36000,1.00206327373
5439,5444,8343,5,2899,2,36000,1.00172473267
5454,5460,8210,6,2750,2,36000,1.00218181818
5469,5475,8236,6,2761,2,36000,1.00217312568
5496,5503,8470,7,2967,2,36000,1.00235928547
5530,5536,8040,6,2504,2,36000,1.00239616613
5572,5578,8381,6,2803,2,36000,1.00214056368
5587,5593,8313,6,2720,2,36000,1.00220588235
5612,5618,8248,6,2630,2,36000,1.00228136882
5627,5633,8456,6,2823,2,36000,1.00212539851
5642,5648,9025,6,3377,2,36000,1.0017767249
5663,5669,8636,6,2967,2,36000,1.00202224469
5760,5766,9256,6,3490,2,36000,1.00171919771
5778,5784,8511,6,2727,2,36000,1.00220022002
5793,5799,8549,6,2750,2,36000,1.00218181818
5830,5836,8429,6,2593,2,36000,1.0023139221
5848,5854,9203,6,3349,2,36000,1.00179157958
5899,5905,8706,6,2801,2,36000,1.00214209211
5926,5933,8999,7,3066,2,36000,1.00228310502
5994,6000,8716,6,2716,2,36000,1.00220913108
6009,6016,9112,7,3096,2,36000,1.00226098191
6011,6022,9227,11,3205,2,36000,1.00343213729
6032,6038,9393,6,3355,2,36000,1.00178837556
6109,6115,9431,6,3316,2,36000,1.00180940893
6110,6121,9113,11,2992,2,36000,1.00367647059
6138,6144,9003,6,2859,2,36000,1.00209863589
6295,6301,9085,6,2784,2,36000,1.00215517241
6310,6316,9286,6,2970,2,36000,1.00202020202
6365,6371,9129,6,2758,2,36000,1.00217548949
6398,6404,9269,6,2865,2,36000,1.00209424084
6419,6425,9876,6,3451,2,36000,1.00173862649
6441,6447,9386,6,2939,2,36000,1.00204151072
6465,6471,9584,6,3113,2,36000,1.00192740122
6480,6486,9364,6,2878,2,36000,1.0020847811
6507,6513,9523,6,3010,2,36000,1.00199335548
6643,6649,9287,6,2638,2,36000,1.00227445034
6728,6734,9572,6,2838,2,36000,1.0021141649
6815,6821,9822,6,3001,2,36000,1.00199933356
6964,6970,10256,6,3286,2,36000,1.00182592818
6979,6985,9970,6,2985,2,36000,1.00201005025
6995,7001,9686,6,2685,2,36000,1.00223463687
7010,7016,9805,6,2789,2,36000,1.00215130871
7011,7022,10199,11,3177,2,36000,1.0034623859
7105,7111,10245,6,3134,2,36000,1.00191448628
7120,7126,10591,6,3465,2,36000,1.00173160173
7136,7143,9997,7,2854,2,36000,1.00245269797
7225,7231,10357,6,3126,2,36000,1.0019193858
7240,7246,10527,6,3281,2,36000,1.00182871076
7265,7271,10214,6,2943,2,36000,1.00203873598
7267,7277,10278,10,3001,2,36000,1.00333222259
7281,7288,10682,7,3394,2,36000,1.00206246317
7318,7324,10301,6,2977,2,36000,1.0020154518
7342,7348,10297,6,2949,2,36000,1.002034588
7506,7512,10789,6,3277,2,36000,1.00183094294
7531,7537,10348,6,2811,2,36000,1.00213447172
7532,7543,10647,11,3104,2,36000,1.00354381443
7548,7554,10547,6,2993,2,36000,1.00200467758
7550,7560,10279,10,2719,2,36000,1.00367782273
7565,7571,10748,6,3177,2,36000,1.00188857413
7586,7592,10228,6,2636,2,36000,1.00227617602
7668,7674,10876,6,3202,2,36000,1.00187382886
7689,7696,10326,7,2630,2,36000,1.00266159696
7705,7711,10501,6,2790,2,36000,1.00215053763
7706,7717,10889,11,3172,2,36000,1.00346784363
7785,7791,10650,6,2859,2,36000,1.00209863589
7800,7807,11075,7,3268,2,36000,1.00214198286
7816,7821,10774,5,2953,2,36000,1.00169319336
7817,7827,10723,10,2896,2,36000,1.00345303867
7847,7854,11013,7,3159,2,36000,1.0022158911
7878,7884,10501,6,2617,2,36000,1.00229270157
7893,7899,11027,6,3128,2,36000,1.00191815857
7894,7905,10595,11,2690,2,36000,1.00408921933
7910,7916,10941,6,3025,2,36000,1.00198347107
7955,7961,10639,6,2678,2,36000,1.00224047797
8043,8049,11444,6,3395,2,36000,1.00176730486
8058,8064,11105,6,3041,2,36000,1.00197303519
8073,8080,10957,7,2877,2,36000,1.00243309002
8075,8086,11209,11,3123,2,36000,1.00352225424
8140,8146,11206,6,3060,2,36000,1.00196078431
8202,8208,11057,6,2849,2,36000,1.00210600211
8217,8223,10998,6,2775,2,36000,1.00216216216
8238,8244,11290,6,3046,2,36000,1.00196979645
8253,8259,11200,6,2941,2,36000,1.00204012241
8269,8275,11152,6,2877,2,36000,1.00208550574
8270,8281,11640,11,3359,2,36000,1.00327478416
8286,8292,11126,6,2834,2,36000,1.00211714891
8288,8298,8299,10,1,2,3540,1.1
8316,8322,11260,6,2938,2,36000,1.00204220558
8337,8343,11566,6,3223,2,36000,1.00186161961
8352,8358,11149,6,2791,2,36000,1.00214976711
8377,8383,11464,6,3081,2,36000,1.00194741967
8378,8389,11340,11,2951,2,36000,1.00372754998
8380,8395,11246,15,2851,2,36000,1.00526131182
8395,8400,11102,5,2702,2,36000,1.00185048113
8431,8437,11000,6,2563,2,36000,1.00234100663
8459,8465,11455,6,2990,2,36000,1.00200668896
8474,8480,11777,6,3297,2,36000,1.00181983621
8513,8519,11403,6,2884,2,36000,1.00208044383
8528,8535,11483,7,2948,2,36000,1.00237449118
8543,8550,11308,7,2758,2,36000,1.00253807107
8559,8565,11211,6,2646,2,36000,1.0022675737
8637,8643,11307,6,2664,2,36000,1.00225225225
8707,8713,11758,6,3045,2,36000,1.00197044335
8722,8729,11710,7,2981,2,36000,1.0023482053
8774,8780,11585,6,2805,2,36000,1.00213903743
8804,8811,11884,7,3073,2,36000,1.00227790433
8826,8832,12038,6,3206,2,36000,1.00187149095
9003,9009,12120,6,3111,2,36000,1.00192864031
9005,9015,12504,10,3489,2,36000,1.00286615076
9026,9032,12031,6,2999,2,36000,1.00200066689
9087,9093,12046,6,2953,2,36000,1.00203183204
9115,9121,12069,6,2948,2,36000,1.00203527815
9116,9127,12081,11,2954,2,36000,1.00372376439
9131,9137,11754,6,2617,2,36000,1.00229270157
9204,9210,12396,6,3186,2,36000,1.00188323917
9228,9234,12033,6,2799,2,36000,1.00214362272
9258,9264,12278,6,3014,2,36000,1.00199071002
9261,9270,9439,9,169,1,3600,1.05325443787
9274,9279,12624,5,3345,2,36000,1.00149476831
9289,9295,13311,6,4016,2,36000,1.0014940239
9291,9301,12154,10,2853,2,36000,1.00350508237
9367,9373,12840,6,3467,2,36000,1.00173060283
9388,9394,12778,6,3384,2,36000,1.00177304965
9403,9409,12215,6,2806,2,36000,1.00213827512
9433,9439,12218,6,2779,2,36000,1.00215905002
9521,9527,12251,6,2724,2,36000,1.00220264317
9573,9579,12485,6,2906,2,36000,1.00206469374
9588,9594,12710,6,3116,2,36000,1.00192554557
9617,9623,9972,6,349,1,3600,1.01719197708
9688,9694,12954,6,3260,2,36000,1.0018404908
9806,9812,13121,6,3309,2,36000,1.00181323663
9821,9828,13019,7,3191,2,36000,1.0021936697
9879,9885,12998,6,3113,2,36000,1.00192740122
9971,9977,12835,6,2858,2,36000,1.00209937019
9998,10004,13203,6,3199,2,36000,1.00187558612
10201,10207,12987,6,2780,2,36000,1.00215827338
10216,10222,13602,6,3380,2,36000,1.00177514793
10231,10238,13427,7,3189,2,36000,1.00219504547
10247,10253,13099,6,2846,2,36000,1.00210822207
10262,10268,13532,6,3264,2,36000,1.00183823529
10278,10284,13147,6,2863,2,36000,1.00209570381
10279,10290,12971,11,2681,2,36000,1.00410294666
10298,10304,13529,6,3225,2,36000,1.00186046512
10313,10319,12865,6,2546,2,36000,1.00235663786
10323,10329,11149,6,820,1,3600,1.00731707317
10328,10335,13531,7,3196,2,36000,1.0021902378
10350,10356,13143,6,2787,2,36000,1.00215285253
10365,10371,13065,6,2694,2,36000,1.00222717149
10501,10507,13200,6,2693,2,36000,1.00222799851
10502,10513,13329,11,2816,2,36000,1.00390625
10530,10536,13389,6,2853,2,36000,1.00210304942
10548,10554,13470,6,2916,2,36000,1.00205761317
10594,10600,13443,6,2843,2,36000,1.00211044671
10596,10606,13635,10,3029,2,36000,1.00330141961
10641,10648,13558,7,2910,2,36000,1.00240549828
10657,10663,13803,6,3140,2,36000,1.00191082803
10658,10669,13347,11,2678,2,36000,1.00410754294
10683,10689,13603,6,2914,2,36000,1.00205902539
10725,10731,13477,6,2746,2,36000,1.00218499636
10750,10756,13635,6,2879,2,36000,1.00208405696
10774,10780,13959,6,3179,2,36000,1.00188738597
10789,10795,13719,6,2924,2,36000,1.00205198358
10877,10884,14147,7,3263,2,36000,1.00214526509
10893,10899,13642,6,2743,2,36000,1.00218738607
10941,10947,13934,6,2987,2,36000,1.00200870439
10960,10966,13952,6,2986,2,36000,1.00200937709
11000,11006,13691,6,2685,2,36000,1.00223463687
11001,11012,14037,11,3025,2,36000,1.00363636364
11017,11023,13739,6,2716,2,36000,1.00220913108
11038,11044,14086,6,3042,2,36000,1.00197238659
11057,11063,14091,6,3028,2,36000,1.00198150594
11078,11084,14034,6,2950,2,36000,1.00203389831
11102,11109,14029,7,2920,2,36000,1.00239726027
11118,11124,13623,6,2499,2,36000,1.00240096038
11133,11139,13884,6,2745,2,36000,1.00218579235
11152,11158,14058,6,2900,2,36000,1.00206896552
11153,11164,14395,11,3231,2,36000,1.00340451872
11200,11207,14150,7,2943,2,36000,1.00237852531
11217,11222,14547,5,3325,2,36000,1.0015037594
11218,11228,14193,10,2965,2,36000,1.00337268128
11219,11233,14336,14,3103,2,36000,1.00451176281
11248,11254,14239,6,2985,2,36000,1.00201005025
11263,11269,14322,6,3053,2,36000,1.00196528005
11290,11296,14093,6,2797,2,36000,1.00214515552
11309,11315,14058,6,2743,2,36000,1.00218738607
11310,11321,14209,11,2888,2,36000,1.00380886427
11341,11347,14122,6,2775,2,36000,1.00216216216
11405,11411,13930,6,2519,2,36000,1.00238189758
11447,11453,14286,6,2833,2,36000,1.00211789622
11462,11468,14355,6,2887,2,36000,1.00207828195
11478,11484,14148,6,2664,2,36000,1.00225225225
11493,11499,14874,6,3375,2,36000,1.00177777778
11568,11574,14358,6,2784,2,36000,1.00215517241
11587,11593,14647,6,3054,2,36000,1.00196463654
11641,11648,14496,7,2848,2,36000,1.00245786517
11713,11719,14980,6,3261,2,36000,1.0018399264
11758,11764,14481,6,2717,2,36000,1.002208318
11773,11780,14616,7,2836,2,36000,1.00246826516
11788,11795,14751,7,2956,2,36000,1.00236806495
11886,11892,14494,6,2602,2,36000,1.00230591852
12033,12039,15087,6,3048,2,36000,1.00196850394
12034,12045,14797,11,2752,2,36000,1.00399709302
12050,12056,15331,6,3275,2,36000,1.00183206107
12051,12062,15268,11,3206,2,36000,1.00343106675
12070,12076,15021,6,2945,2,36000,1.00203735144
12085,12091,15553,6,3462,2,36000,1.00173310225
12121,12127,15473,6,3346,2,36000,1.00179318589
12155,12161,14991,6,2830,2,36000,1.00212014134
12215,12222,15465,7,3243,2,36000,1.00215849522
12231,12237,15275,6,3038,2,36000,1.00197498354
12252,12258,15098,6,2840,2,36000,1.00211267606
12279,12285,15049,6,2764,2,36000,1.002170767
12293,12299,12413,6,114,1,3600,1.05263157895
12397,12403,15744,6,3341,2,36000,1.0017958695
12489,12495,15220,6,2725,2,36000,1.00220183486
12507,12514,15800,7,3286,2,36000,1.00213024954
12569,12575,12893,6,318,1,3600,1.01886792453
12626,12632,15836,6,3204,2,36000,1.00187265918
12711,12717,16102,6,3385,2,36000,1.00177252585
12762,12768,12933,6,165,1,3600,1.03636363636
12780,12787,15731,7,2944,2,36000,1.00237771739
12835,12841,15428,6,2587,2,36000,1.00231928875
12851,12857,15825,6,2968,2,36000,1.00202156334
12866,12872,15819,6,2947,2,36000,1.00203596878
12955,12962,15700,7,2738,2,36000,1.00255661066
12971,12977,16040,6,3063,2,36000,1.00195886386
12989,12995,16273,6,3278,2,36000,1.00183038438
13004,13010,16307,6,3297,2,36000,1.00181983621
13019,13025,15873,6,2848,2,36000,1.00210674157
13068,13074,16039,6,2965,2,36000,1.00202360877
13097,13103,13450,6,347,1,3600,1.01729106628
13101,13109,16212,8,3103,2,36000,1.00257815018
13122,13128,16471,6,3343,2,36000,1.00179479509
13143,13150,16243,7,3093,2,36000,1.00226317491
13159,13165,16068,6,2903,2,36000,1.00206682742
13201,13207,15827,6,2620,2,36000,1.00229007634
13216,13222,15864,6,2642,2,36000,1.00227100681
13313,13319,16179,6,2860,2,36000,1.0020979021
13328,13334,16871,6,3537,2,36000,1.00169635284
13346,13353,16544,7,3191,2,36000,1.0021936697
13355,13362,13959,7,597,1,3600,1.01172529313
13389,13395,16619,6,3224,2,36000,1.00186104218
13428,13435,16144,7,2709,2,36000,1.00258397933
13443,13450,16549,7,3099,2,36000,1.00225879316
13471,13478,16213,7,2735,2,36000,1.00255941499
13487,13493,16287,6,2794,2,36000,1.00214745884
13530,13536,16273,6,2737,2,36000,1.00219218122
13531,13542,16762,11,3220,2,36000,1.00341614907
13533,13547,16587,14,3040,2,36000,1.00460526316
13561,13567,16581,6,3014,2,36000,1.00199071002
13604,13610,16622,6,3012,2,36000,1.00199203187
13605,13616,16603,11,2987,2,36000,1.00368262471
13624,13630,16424,6,2794,2,36000,1.00214745884
13639,13645,16699,6,3054,2,36000,1.00196463654
13641,13651,17021,10,3370,2,36000,1.00296735905
13656,13662,16310,6,2648,2,36000,1.00226586103
13692,13698,17181,6,3483,2,36000,1.00172265289
13720,13726,16749,6,3023,2,36000,1.00198478333
13741,13747,17003,6,3256,2,36000,1.00184275184
13805,13811,16449,6,2638,2,36000,1.00227445034
13813,13820,14658,7,838,1,3600,1.00835322196
13886,13893,17159,7,3266,2,36000,1.00214329455
13932,13938,16954,6,3016,2,36000,1.00198938992
13947,13953,16820,6,2867,2,36000,1.00209277991
13962,13969,16872,7,2903,2,36000,1.00241129866
13964,13975,16791,11,2816,2,36000,1.00390625
14031,14038,16839,7,2801,2,36000,1.00249910746
14047,14053,18432,6,4379,2,36000,1.00137017584
14048,14059,17165,11,3106,2,36000,1.00354153252
14064,14070,17001,6,2931,2,36000,1.00204708291
14065,14076,17281,11,3205,2,36000,1.00343213729
14087,14093,16761,6,2668,2,36000,1.00224887556
14102,14109,17684,7,3575,2,36000,1.00195804196
14104,14115,16767,11,2652,2,36000,1.00414781297
14122,14129,16796,7,2667,2,36000,1.00262467192
14147,14153,17147,6,2994,2,36000,1.00200400802
14148,14159,17370,11,3211,2,36000,1.00342572407
14164,14170,16858,6,2688,2,36000,1.00223214286
14194,14200,17221,6,3021,2,36000,1.00198609732
14209,14215,17140,6,2925,2,36000,1.00205128205
14240,14246,17432,6,3186,2,36000,1.00188323917
14288,14294,16981,6,2687,2,36000,1.00223297358
14325,14331,17149,6,2818,2,36000,1.00212916962
14340,14346,17200,6,2854,2,36000,1.00210231254
14355,14361,17184,6,2823,2,36000,1.00212539851
14370,14376,17688,6,3312,2,36000,1.0018115942
14397,14403,17304,6,2901,2,36000,1.00206825233
14482,14488,17663,6,3175,2,36000,1.00188976378
14498,14504,17629,6,3125,2,36000,1.00192
14499,14510,17355,11,2845,2,36000,1.00386643234
14548,14554,17537,6,2983,2,36000,1.00201139792
14615,14621,17607,6,2986,2,36000,1.00200937709
14649,14655,17536,6,2881,2,36000,1.0020826102
14754,14760,17608,6,2848,2,36000,1.00210674157
14800,14806,17726,6,2920,2,36000,1.00205479452
14876,14882,18231,6,3349,2,36000,1.00179157958
14982,14988,18060,6,3072,2,36000,1.001953125
14997,15003,18081,6,3078,2,36000,1.00194931774
15021,15028,18171,7,3143,2,36000,1.00222717149
15052,15058,18197,6,3139,2,36000,1.00191143676
15088,15094,17715,6,2621,2,36000,1.00228920259
15103,15109,18454,6,3345,2,36000,1.00179372197
15221,15228,18414,7,3186,2,36000,1.00219711237
15270,15276,18093,6,2817,2,36000,1.00212992545
15285,15291,18244,6,2953,2,36000,1.00203183204
15330,15337,18199,7,2862,2,36000,1.00244584207
15431,15437,18306,6,2869,2,36000,1.00209132102
15467,15474,18769,7,3295,2,36000,1.00212443096
15483,15489,17999,6,2510,2,36000,1.00239043825
15555,15561,18753,6,3192,2,36000,1.00187969925
15702,15708,19180,6,3472,2,36000,1.0017281106
15732,15738,18772,6,3034,2,36000,1.00197758734
15747,15753,18946,6,3193,2,36000,1.00187911055
15802,15808,18852,6,3044,2,36000,1.00197109067
15822,15828,18613,6,2785,2,36000,1.00215439856
15837,15843,19019,6,3176,2,36000,1.00188916877
15838,15849,18336,11,2487,2,36000,1.0044229996
15840,15854,19538,14,3684,2,36000,1.00380021716
15867,15873,19154,6,3281,2,36000,1.00182871076
15882,15888,19116,6,3228,2,36000,1.00185873606
15899,15905,16016,6,111,1,3600,1.05405405405
16041,16047,19045,6,2998,2,36000,1.00200133422
16043,16053,18891,10,2838,2,36000,1.00352360817
16070,16076,18828,6,2752,2,36000,1.00218023256
16104,16110,19099,6,2989,2,36000,1.00200736032
16146,16152,18707,6,2555,2,36000,1.00234833659
16179,16186,19705,7,3519,2,36000,1.00198920148
16183,16192,16501,9,309,1,3600,1.02912621359
16214,16220,19525,6,3305,2,36000,1.00181543116
16215,16226,19223,11,2997,2,36000,1.003670337
16243,16249,19480,6,3231,2,36000,1.00185701021
16274,16280,19225,6,2945,2,36000,1.00203735144
16275,16286,19367,11,3081,2,36000,1.00357026939
16290,16296,18974,6,2678,2,36000,1.00224047797
16309,16315,19564,6,3249,2,36000,1.00184672207
16324,16330,19505,6,3175,2,36000,1.00188976378
16424,16430,19536,6,3106,2,36000,1.00193174501
16448,16455,19272,7,2817,2,36000,1.00248491303
16473,16479,19214,6,2735,2,36000,1.00219378428
16547,16553,19149,6,2596,2,36000,1.00231124807
16562,16568,19708,6,3140,2,36000,1.00191082803
16583,16589,19606,6,3017,2,36000,1.00198873053
16598,16604,21762,6,5158,2,36000,1.00116324157
16613,16620,19254,7,2634,2,36000,1.00265755505
16629,16635,19573,6,2938,2,36000,1.00204220558
16630,16641,19527,11,2886,2,36000,1.00381150381
16700,16706,19649,6,2943,2,36000,1.00203873598
16751,16757,20067,6,3310,2,36000,1.00181268882
16767,16773,19582,6,2809,2,36000,1.00213599146
16768,16779,19570,11,2791,2,36000,1.0039412397
16770,16784,20190,14,3406,2,36000,1.00411039342
16792,16798,19771,6,2973,2,36000,1.00201816347
16807,16813,19571,6,2758,2,36000,1.00217548949
16822,16828,20034,6,3206,2,36000,1.00187149095
16840,16847,20215,7,3368,2,36000,1.0020783848
16859,16865,19868,6,3003,2,36000,1.001998002
16874,16880,20010,6,3130,2,36000,1.00191693291
16875,16886,19607,11,2721,2,36000,1.00404263139
16908,16915,17519,7,604,1,3600,1.01158940397
16955,16961,20549,6,3588,2,36000,1.0016722408
16979,16985,20069,6,3084,2,36000,1.00194552529
17004,17010,19550,6,2540,2,36000,1.00236220472
17005,17016,20222,11,3206,2,36000,1.00343106675
17024,17030,19855,6,2825,2,36000,1.00212389381
17139,17145,19925,6,2780,2,36000,1.00215827338
17155,17161,20225,6,3064,2,36000,1.00195822454
17157,17167,20176,10,3009,2,36000,1.00332336324
17172,17178,20420,6,3242,2,36000,1.00185070944
17173,17184,20444,11,3260,2,36000,1.00337423313
17194,17200,20013,6,2813,2,36000,1.00213295414
17195,17206,20052,11,2846,2,36000,1.00386507379
17211,17217,20342,6,3125,2,36000,1.00192
17226,17232,19985,6,2753,2,36000,1.00217944061
17270,17276,17327,6,51,1,1800,1.11764705882
17283,17290,20696,7,3406,2,36000,1.00205519671
17305,17311,20001,6,2690,2,36000,1.00223048327
17356,17363,20529,7,3166,2,36000,1.00221099179
17372,17378,20679,6,3301,2,36000,1.00181763102
17432,17438,20748,6,3310,2,36000,1.00181268882
17540,17546,20367,6,2821,2,36000,1.00212690535
17541,17552,20813,11,3261,2,36000,1.00337319841
17608,17615,20816,7,3201,2,36000,1.00218681662
17610,17620,20653,10,3033,2,36000,1.00329706561
17631,17637,20623,6,2986,2,36000,1.00200937709
17642,17647,17727,5,80,1,1800,1.0625
17665,17671,21292,6,3621,2,36000,1.00165700083
17686,17693,20229,7,2536,2,36000,1.00276025237
17701,17708,20849,7,3141,2,36000,1.00222858962
17717,17723,20895,6,3172,2,36000,1.00189155107
17732,17737,20456,5,2719,2,36000,1.00183891136
17995,18001,21219,6,3218,2,36000,1.00186451212
18062,18068,20802,6,2734,2,36000,1.00219458669
18083,18089,21460,6,3371,2,36000,1.00177988727
18098,18104,20892,6,2788,2,36000,1.00215208034
18171,18177,21542,6,3365,2,36000,1.00178306092
18199,18205,21620,6,3415,2,36000,1.00175695461
18200,18211,21573,11,3362,2,36000,1.00327186199
18234,18240,21443,6,3203,2,36000,1.00187324383
18249,18255,21099,6,2844,2,36000,1.00210970464
18307,18313,20987,6,2674,2,36000,1.00224382947
18337,18343,21278,6,2935,2,36000,1.00204429302
18416,18422,21474,6,3052,2,36000,1.00196592398
18434,18440,21404,6,2964,2,36000,1.0020242915
18455,18461,21528,6,3067,2,36000,1.0019563091
18615,18622,21741,7,3119,2,36000,1.00224430907
18679,18685,18964,6,279,1,1800,1.02150537634
18710,18716,22069,6,3353,2,36000,1.00178944229
18755,18761,21642,6,2881,2,36000,1.0020826102
18771,18777,21588,6,2811,2,36000,1.00213447172
18786,18792,21735,6,2943,2,36000,1.00203873598
18828,18834,21999,6,3165,2,36000,1.0018957346
18852,18858,22314,6,3456,2,36000,1.00173611111
18892,18898,21803,6,2905,2,36000,1.00206540448
18946,18952,21753,6,2801,2,36000,1.00214209211
18975,18981,21760,6,2779,2,36000,1.00215905002
19020,19027,21688,7,2661,2,36000,1.00263059
19045,19051,22427,6,3376,2,36000,1.00177725118
19100,19106,21846,6,2740,2,36000,1.00218978102
19118,19124,22111,6,2987,2,36000,1.00200870439
19151,19157,22188,6,3031,2,36000,1.0019795447
19166,19173,21856,7,2683,2,36000,1.00260901975
19182,19188,21872,6,2684,2,36000,1.00223546945
19215,19222,22306,7,3084,2,36000,1.00226977951
19231,19237,22193,6,2956,2,36000,1.00202976996
19232,19243,21971,11,2728,2,36000,1.00403225806
19257,19263,22190,6,2927,2,36000,1.00204988042
19272,19278,22448,6,3170,2,36000,1.00189274448
19370,19376,22359,6,2983,2,36000,1.00201139792
19482,19488,22327,6,2839,2,36000,1.00211342022
19506,19512,22483,6,2971,2,36000,1.00201952205
19528,19534,22809,6,3275,2,36000,1.00183206107
19529,19540,22360,11,2820,2,36000,1.00390070922
19545,19551,22771,6,3220,2,36000,1.00186335404
19546,19557,23352,11,3795,2,36000,1.00289855072
19562,19568,22954,6,3386,2,36000,1.00177200236
19578,19584,22486,6,2902,2,36000,1.00206753963
19580,19590,22912,10,3322,2,36000,1.0030102348
19581,19595,22683,14,3088,2,36000,1.00453367876
19582,19600,22244,18,2644,2,36000,1.00680786687
19598,19606,22645,8,3039,2,36000,1.00263244488
19614,19620,22841,6,3221,2,36000,1.00186277554
19615,19626,22540,11,2914,2,36000,1.00377487989
19649,19655,22704,6,3049,2,36000,1.00196785831
19707,19713,22741,6,3028,2,36000,1.00198150594
19709,19719,22302,10,2583,2,36000,1.00387146729
19769,19776,22884,7,3108,2,36000,1.00225225225
19858,19865,22944,7,3079,2,36000,1.00227346541
19874,19880,22831,6,2951,2,36000,1.00203320908
19926,19932,22572,6,2640,2,36000,1.00227272727
19987,19993,22749,6,2756,2,36000,1.00217706821
20002,20008,22878,6,2870,2,36000,1.00209059233
20018,20024,22748,6,2724,2,36000,1.00220264317
20019,20030,23001,11,2971,2,36000,1.00370245709
20035,20041,22934,6,2893,2,36000,1.00207397166
20053,20059,22941,6,2882,2,36000,1.00208188758
20068,20075,22970,7,2895,2,36000,1.002417962
20070,20081,23221,11,3140,2,36000,1.00350318471
20176,20182,23115,6,2933,2,36000,1.00204568701
20191,20198,22961,7,2763,2,36000,1.0025334781
20216,20222,23184,6,2962,2,36000,1.00202565834
20233,20239,22946,6,2707,2,36000,1.0022164758
20234,20245,23007,11,2762,2,36000,1.00398262129
20235,20250,23009,15,2759,2,36000,1.00543675245
20237,20255,20379,18,124,1,1800,1.14516129032
20342,20348,23227,6,2879,2,36000,1.00208405696
20366,20373,23539,7,3166,2,36000,1.00221099179
20421,20427,23205,6,2778,2,36000,1.00215982721
20442,20449,23448,7,2999,2,36000,1.00233411137
20458,20464,23711,6,3247,2,36000,1.00184785956
20531,20537,23189,6,2652,2,36000,1.00226244344
20549,20555,23533,6,2978,2,36000,1.00201477502
20625,20631,23773,6,3142,2,36000,1.00190961171
20649,20656,23380,7,2724,2,36000,1.00256975037
20680,20686,23978,6,3292,2,36000,1.00182260024
20698,20704,23519,6,2815,2,36000,1.00213143872
20699,20710,20811,11,101,1,1800,1.10891089109
20750,20756,23512,6,2756,2,36000,1.00217706821
20802,20808,23733,6,2925,2,36000,1.00205128205
20817,20823,23754,6,2931,2,36000,1.00204708291
20819,20829,23914,10,3085,2,36000,1.00324149109
20849,20855,23788,6,2933,2,36000,1.00204568701
20892,20898,24020,6,3122,2,36000,1.00192184497
20907,20913,23591,6,2678,2,36000,1.00224047797
20986,20992,23508,6,2516,2,36000,1.00238473768
21099,21105,24338,6,3233,2,36000,1.00185586143
21220,21226,24326,6,3100,2,36000,1.00193548387
21278,21284,24254,6,2970,2,36000,1.00202020202
21293,21299,24228,6,2929,2,36000,1.00204848071
21405,21411,24942,6,3531,2,36000,1.00169923534
21445,21451,24558,6,3107,2,36000,1.00193112327
21463,21469,24673,6,3204,2,36000,1.00187265918
21478,21484,24275,6,2791,2,36000,1.00214976711
21484,21490,22055,6,565,1,1800,1.01061946903
21530,21536,24472,6,2936,2,36000,1.00204359673
21545,21551,24246,6,2695,2,36000,1.00222634508
21575,21581,24593,6,3012,2,36000,1.00199203187
21591,21597,24773,6,3176,2,36000,1.00188916877
21621,21627,24586,6,2959,2,36000,1.00202771206
21642,21648,24864,6,3216,2,36000,1.00186567164
21688,21694,24696,6,3002,2,36000,1.00199866755
21736,21742,24627,6,2885,2,36000,1.0020797227
21752,21758,24729,6,2971,2,36000,1.00201952205
21768,21774,24805,6,3031,2,36000,1.0019795447
21769,21780,24829,11,3049,2,36000,1.00360774024
21770,21785,24779,15,2994,2,36000,1.00501002004
21804,21810,24902,6,3092,2,36000,1.00194049159
21847,21853,24982,6,3129,2,36000,1.00191754554
21862,21868,24569,6,2701,2,36000,1.00222139948
21877,21883,24859,6,2976,2,36000,1.00201612903
21974,21980,25478,6,3498,2,36000,1.00171526587
21999,22005,25223,6,3218,2,36000,1.00186451212
22073,22079,25449,6,3370,2,36000,1.00178041543
22112,22118,24911,6,2793,2,36000,1.00214822771
22189,22195,25162,6,2967,2,36000,1.00202224469
22190,22201,25753,11,3552,2,36000,1.00309684685
22205,22211,25347,6,3136,2,36000,1.00191326531
22245,22251,25257,6,3006,2,36000,1.00199600798
22302,22309,25457,7,3148,2,36000,1.00222363405
22318,22324,25189,6,2865,2,36000,1.00209424084
22320,22330,25191,10,2861,2,36000,1.00349528137
22335,22341,25756,6,3415,2,36000,1.00175695461
22360,22366,25719,6,3353,2,36000,1.00178944229
22361,22372,25270,11,2898,2,36000,1.00379572119
22428,22434,25212,6,2778,2,36000,1.00215982721
22449,22455,25289,6,2834,2,36000,1.00211714891
22486,22492,25512,6,3020,2,36000,1.00198675497
22487,22498,25248,11,2750,2,36000,1.004
22542,22548,25204,6,2656,2,36000,1.00225903614
22574,22580,26023,6,3443,2,36000,1.00174266628
22647,22653,25775,6,3122,2,36000,1.00192184497
22683,22689,25511,6,2822,2,36000,1.00212615167
22705,22711,25490,6,2779,2,36000,1.00215905002
22741,22747,25409,6,2662,2,36000,1.0022539444
22757,22763,25854,6,3091,2,36000,1.00194111938
22758,22769,25487,11,2718,2,36000,1.00404709345
22774,22780,25594,6,2814,2,36000,1.00213219616
22810,22816,25774,6,2958,2,36000,1.00202839757
22832,22838,26010,6,3172,2,36000,1.00189155107
22847,22852,26184,5,3332,2,36000,1.00150060024
22881,22887,26309,6,3422,2,36000,1.00175336061
22896,22903,26245,7,3342,2,36000,1.00209455416
22915,22921,25782,6,2861,2,36000,1.00209716882
22936,22942,25933,6,2991,2,36000,1.00200601805
22953,22959,25569,6,2610,2,36000,1.00229885057
22954,22965,26250,11,3285,2,36000,1.00334855403
22955,22970,26129,15,3159,2,36000,1.00474833808
22972,22978,25565,6,2587,2,36000,1.00231928875
22973,22984,25755,11,2771,2,36000,1.00396968603
22974,22989,25687,15,2698,2,36000,1.00555967383
23002,23008,25999,6,2991,2,36000,1.00200601805
23017,23023,25705,6,2682,2,36000,1.00223713647
23019,23029,25769,10,2740,2,36000,1.00364963504
23116,23122,26414,6,3292,2,36000,1.00182260024
23186,23192,26109,6,2917,2,36000,1.00205690778
23201,23207,26276,6,3069,2,36000,1.00195503421
23216,23222,26669,6,3447,2,36000,1.00174064404
23232,23238,25936,6,2698,2,36000,1.00222386953
23233,23244,26457,11,3213,2,36000,1.00342359166
23354,23361,26653,7,3292,2,36000,1.00212636695
23382,23388,26499,6,3111,2,36000,1.00192864031
23449,23454,26751,5,3297,2,36000,1.00151653018
23510,23516,26689,6,3173,2,36000,1.00189095493
23525,23532,26792,7,3260,2,36000,1.00214723926
23527,23538,26332,11,2794,2,36000,1.00393700787
23543,23549,26941,6,3392,2,36000,1.00176886792
23544,23555,26379,11,2824,2,36000,1.00389518414
23593,23599,26705,6,3106,2,36000,1.00193174501
23714,23720,26870,6,3150,2,36000,1.0019047619
23735,23741,26935,6,3194,2,36000,1.00187852223
23754,23760,26536,6,2776,2,36000,1.00216138329
23775,23781,26979,6,3198,2,36000,1.00187617261
23790,23796,27151,6,3355,2,36000,1.00178837556
23846,23852,23897,6,45,1,1800,1.13333333333
23914,23921,26952,7,3031,2,36000,1.00230946882
23978,23984,27011,6,3027,2,36000,1.00198216056
24021,24027,26706,6,2679,2,36000,1.00223964166
24228,24234,24312,6,78,1,1800,1.07692307692
24230,24240,27402,10,3162,2,36000,1.00316255534
24249,24255,27470,6,3215,2,36000,1.00186625194
24264,24270,27146,6,2876,2,36000,1.00208623088
24280,24286,27141,6,2855,2,36000,1.00210157618
24325,24331,27316,6,2985,2,36000,1.00201005025
24341,24347,27303,6,2956,2,36000,1.00202976996
24471,24477,27449,6,2972,2,36000,1.00201884253
24559,24566,27765,7,3199,2,36000,1.00218818381
24575,24581,27482,6,2901,2,36000,1.00206825233
24591,24597,27599,6,3002,2,36000,1.00199866755
24606,24612,27344,6,2732,2,36000,1.00219619327
24627,24633,27784,6,3151,2,36000,1.00190415741
24676,24682,27909,6,3227,2,36000,1.00185931205
24697,24703,27493,6,2790,2,36000,1.00215053763
24731,24737,27919,6,3182,2,36000,1.00188560654
24773,24779,28388,6,3609,2,36000,1.00166251039
24788,24794,27900,6,3106,2,36000,1.00193174501
24806,24813,27828,7,3015,2,36000,1.00232172471
24831,24837,27796,6,2959,2,36000,1.00202771206
24861,24867,28117,6,3250,2,36000,1.00184615385
24876,24883,28279,7,3396,2,36000,1.00206124853
24904,24910,28174,6,3264,2,36000,1.00183823529
24919,24925,27674,6,2749,2,36000,1.00218261186
24943,24949,27813,6,2864,2,36000,1.00209497207
24982,24989,28034,7,3045,2,36000,1.00229885057
25164,25170,28080,6,2910,2,36000,1.00206185567
25189,25195,28559,6,3364,2,36000,1.00178359096
25205,25211,28389,6,3178,2,36000,1.00188797986
25206,25217,28255,11,3038,2,36000,1.00362080316
25222,25228,28490,6,3262,2,36000,1.00183936235
25223,25234,28605,11,3371,2,36000,1.00326312667
25248,25254,28201,6,2947,2,36000,1.00203596878
25263,25269,28028,6,2759,2,36000,1.00217470098
25279,25285,27904,6,2619,2,36000,1.00229095074
25288,25294,25554,6,260,1,1800,1.02307692308
25294,25300,28565,6,3265,2,36000,1.00183767228
25346,25352,28171,6,2819,2,36000,1.00212841433
25409,25415,28341,6,2926,2,36000,1.002050581
25449,25455,28135,6,2680,2,36000,1.00223880597
25464,25470,28943,6,3473,2,36000,1.00172761301
25479,25486,28448,7,2962,2,36000,1.00236326806
25495,25501,28647,6,3146,2,36000,1.00190718373
25496,25507,28742,11,3235,2,36000,1.00340030912
25512,25518,28234,6,2716,2,36000,1.00220913108
25513,25524,28463,11,2939,2,36000,1.00374276965
25567,25573,28775,6,3202,2,36000,1.00187382886
25582,25588,28522,6,2934,2,36000,1.00204498978
25597,25603,28792,6,3189,2,36000,1.00188146754
25688,25694,28436,6,2742,2,36000,1.00218818381
25706,25712,28935,6,3223,2,36000,1.00186161961
25721,25727,28325,6,2598,2,36000,1.00230946882
25756,25762,29124,6,3362,2,36000,1.00178465199
25757,25768,28433,11,2665,2,36000,1.00412757974
25758,25774,29199,16,3425,2,36000,1.00467153285
25775,25780,28478,5,2698,2,36000,1.00185322461
25776,25786,28479,10,2693,2,36000,1.00371333086
25777,25791,28791,14,3000,2,36000,1.00466666667
25793,25799,28537,6,2738,2,36000,1.00219138057
25854,25860,29025,6,3165,2,36000,1.0018957346
25933,25939,28874,6,2935,2,36000,1.00204429302
25934,25945,28964,11,3019,2,36000,1.00364359059
26001,26007,29026,6,3019,2,36000,1.00198741305
26017,26022,28949,5,2927,2,36000,1.00170823369
26032,26038,29228,6,3190,2,36000,1.00188087774
26111,26117,29122,6,3005,2,36000,1.00199667221
26132,26138,29005,6,2867,2,36000,1.00209277991
26186,26193,29158,7,2965,2,36000,1.0023608769
26247,26254,29425,7,3171,2,36000,1.00220750552
26263,26269,29118,6,2849,2,36000,1.00210600211
26278,26285,29394,7,3109,2,36000,1.00225152782
26312,26318,29239,6,2921,2,36000,1.00205409106
26333,26339,29917,6,3578,2,36000,1.00167691448
26382,26388,29571,6,3183,2,36000,1.00188501414
26415,26422,29003,7,2581,2,36000,1.00271212708
26458,26464,29368,6,2904,2,36000,1.0020661157
26494,26500,29493,6,2993,2,36000,1.00200467758
26537,26543,29545,6,3002,2,36000,1.00199866755
26655,26661,29291,6,2630,2,36000,1.00228136882
26670,26676,29609,6,2933,2,36000,1.00204568701
26689,26695,30265,6,3570,2,36000,1.00168067227
26705,26711,29205,6,2494,2,36000,1.00240577386
26706,26717,30095,11,3378,2,36000,1.00325636471
26752,26758,29550,6,2792,2,36000,1.00214899713
26791,26797,29628,6,2831,2,36000,1.00211939244
26870,26876,29469,6,2593,2,36000,1.0023139221
26937,26942,29909,5,2967,2,36000,1.00168520391
26952,26958,29875,6,2917,2,36000,1.00205690778
26953,26964,29594,11,2630,2,36000,1.00418250951
26981,26987,29577,6,2590,2,36000,1.00231660232
27012,27018,30276,6,3258,2,36000,1.00184162063
27142,27149,30405,7,3256,2,36000,1.00214987715
27158,27164,29871,6,2707,2,36000,1.0022164758
27160,27170,30282,10,3112,2,36000,1.00321336761
27302,27308,30390,6,3082,2,36000,1.0019467878
27317,27324,30001,7,2677,2,36000,1.00261486739
27345,27351,30176,6,2825,2,36000,1.00212389381
27405,27411,30451,6,3040,2,36000,1.00197368421
27446,27453,200266,7,172813,1,172800,1.00004050621
27451,27459,30553,8,3094,2,36000,1.00258564964
27469,27476,30127,7,2651,2,36000,1.00264051301
27484,27491,30318,7,2827,2,36000,1.0024761231
27500,27506,30330,6,2824,2,36000,1.00212464589
27599,27606,30562,7,2956,2,36000,1.00236806495
27675,27681,30845,6,3164,2,36000,1.00189633375
27766,27772,30677,6,2905,2,36000,1.00206540448
27784,27790,30618,6,2828,2,36000,1.00212164074
27800,27806,30856,6,3050,2,36000,1.00196721311
27815,27821,30839,6,3018,2,36000,1.00198807157
27830,27836,30878,6,3042,2,36000,1.00197238659
27901,27907,30797,6,2890,2,36000,1.00207612457
27917,27923,30734,6,2811,2,36000,1.00213447172
27918,27929,31347,11,3418,2,36000,1.00321825629
27933,27940,30602,7,2662,2,36000,1.0026296018
28030,28037,30853,7,2816,2,36000,1.00248579545
28046,28052,30886,6,2834,2,36000,1.00211714891
28079,28085,31237,6,3152,2,36000,1.0019035533
28119,28125,30898,6,2773,2,36000,1.0021637216
28137,28143,30897,6,2754,2,36000,1.00217864924
28171,28177,31267,6,3090,2,36000,1.00194174757
28186,28192,31494,6,3302,2,36000,1.00181708056
28201,28208,30992,7,2784,2,36000,1.00251436782
28235,28241,31227,6,2986,2,36000,1.00200937709
28256,28263,31631,7,3368,2,36000,1.0020783848
28281,28287,30939,6,2652,2,36000,1.00226244344
28328,28334,31214,6,2880,2,36000,1.00208333333
28343,28349,30871,6,2522,2,36000,1.00237906423
28388,28395,31420,7,3025,2,36000,1.00231404959
28390,28401,31247,11,2846,2,36000,1.00386507379
28433,28439,31131,6,2692,2,36000,1.00222882615
28448,28454,31519,6,3065,2,36000,1.00195758564
28450,28460,31336,10,2876,2,36000,1.00347705146
28465,28471,31157,6,2686,2,36000,1.00223380491
28481,28487,31332,6,2845,2,36000,1.00210896309
28482,28493,31963,11,3470,2,36000,1.00317002882
28497,28503,31455,6,2952,2,36000,1.00203252033
28521,28528,31268,7,2740,2,36000,1.00255474453
28537,28543,31547,6,3004,2,36000,1.00199733688
28559,28565,31526,6,2961,2,36000,1.00202634245
28574,28580,31863,6,3283,2,36000,1.00182759671
28607,28614,31590,7,2976,2,36000,1.00235215054
28647,28653,31820,6,3167,2,36000,1.00189453742
28744,28750,31672,6,2922,2,36000,1.00205338809
28778,28784,32376,6,3592,2,36000,1.00167037862
28793,28800,31536,7,2736,2,36000,1.00255847953
28795,28805,31792,10,2987,2,36000,1.00334784064
28877,28883,32090,6,3207,2,36000,1.00187090739
28935,28941,31625,6,2684,2,36000,1.00223546945
28950,28957,31916,7,2959,2,36000,1.00236566408
28952,28962,31718,10,2756,2,36000,1.00362844702
28967,28973,31771,6,2798,2,36000,1.00214438885
29004,29011,31679,7,2668,2,36000,1.00262368816
29006,29017,31525,11,2508,2,36000,1.00438596491
29025,29032,32008,7,2976,2,36000,1.00235215054
29027,29038,32026,11,2988,2,36000,1.00368139224
29118,29124,31844,6,2720,2,36000,1.00220588235
29133,29140,32139,7,2999,2,36000,1.00233411137
29135,29146,31659,11,2513,2,36000,1.00437723836
29159,29165,31985,6,2820,2,36000,1.00212765957
29202,29208,31906,6,2698,2,36000,1.00222386953
29217,29223,32314,6,3091,2,36000,1.00194111938
29232,29239,31998,7,2759,2,36000,1.00253715114
29247,29254,32751,7,3497,2,36000,1.00200171576
29293,29299,32256,6,2957,2,36000,1.00202908353
29369,29375,32569,6,3194,2,36000,1.00187852223
29396,29402,32493,6,3091,2,36000,1.00194111938
29427,29433,32695,6,3262,2,36000,1.00183936235
29469,29476,32203,7,2727,2,36000,1.00256692336
29491,29497,33053,6,3556,2,36000,1.00168728909
29546,29552,32336,6,2784,2,36000,1.00215517241
29561,29567,32561,6,2994,2,36000,1.00200400802
29577,29583,32579,6,2996,2,36000,1.00200267023
29578,29589,32657,11,3068,2,36000,1.00358539765
29596,29603,32912,7,3309,2,36000,1.00211544273
29612,29618,32482,6,2864,2,36000,1.00209497207
29628,29634,32440,6,2806,2,36000,1.00213827512
29870,29877,33013,7,3136,2,36000,1.00223214286
29886,29892,33180,6,3288,2,36000,1.00182481752
29910,29916,32748,6,2832,2,36000,1.00211864407
29925,29932,32729,7,2797,2,36000,1.00250268144
30004,30010,33108,6,3098,2,36000,1.00193673338
30098,30104,33002,6,2898,2,36000,1.00207039337
30129,30135,33408,6,3273,2,36000,1.00183318057
30177,30184,33115,7,2931,2,36000,1.00238826339
30265,30271,33192,6,2921,2,36000,1.00205409106
30281,30287,32949,6,2662,2,36000,1.0022539444
30296,30303,33137,7,2834,2,36000,1.00247000706
30318,30324,33158,6,2834,2,36000,1.00211714891
30334,30340,33467,6,3127,2,36000,1.00191877199
30391,30398,33489,7,3091,2,36000,1.00226463928
30407,30413,33072,6,2659,2,36000,1.0022564874
30452,30459,33417,7,2958,2,36000,1.00236646383
30555,30561,33969,6,3408,2,36000,1.00176056338
30570,30576,33559,6,2983,2,36000,1.00201139792
30604,30610,33633,6,3023,2,36000,1.00198478333
30619,30625,33759,6,3134,2,36000,1.00191448628
30676,30683,34068,7,3385,2,36000,1.00206794682
30734,30740,33637,6,2897,2,36000,1.00207110804
30798,30804,33959,6,3155,2,36000,1.00190174326
30840,30847,33549,7,2702,2,36000,1.00259067358
30856,30862,33668,6,2806,2,36000,1.00213827512
30858,30868,33852,10,2984,2,36000,1.00335120643
30859,30874,33831,15,2957,2,36000,1.00507270883
30874,30880,33850,6,2970,2,36000,1.00202020202
30890,30896,34037,6,3141,2,36000,1.00191021968
30892,30902,33879,10,2977,2,36000,1.00335908633
30907,30913,33811,6,2898,2,36000,1.00207039337
30908,30919,33792,11,2873,2,36000,1.00382875044
30942,30948,33865,6,2917,2,36000,1.00205690778
30993,31000,33717,7,2717,2,36000,1.002576371
31132,31139,34226,7,3087,2,36000,1.0022675737
31157,31163,34278,6,3115,2,36000,1.00192616372
31214,31220,34104,6,2884,2,36000,1.00208044383
31229,31236,33937,7,2701,2,36000,1.00259163273
31245,31251,33949,6,2698,2,36000,1.00222386953
31260,31266,34360,6,3094,2,36000,1.00193923723
31275,31282,34192,7,2910,2,36000,1.00240549828
31277,31288,34013,11,2725,2,36000,1.00403669725
31332,31338,34944,6,3606,2,36000,1.00166389351
31348,31354,34329,6,2975,2,36000,1.00201680672
31349,31360,34235,11,2875,2,36000,1.00382608696
31419,31425,34540,6,3115,2,36000,1.00192616372
31455,31462,34682,7,3220,2,36000,1.00217391304
31495,31501,34248,6,2747,2,36000,1.00218420095
31520,31526,34521,6,2995,2,36000,1.0020033389
31536,31542,34475,6,2933,2,36000,1.00204568701
31537,31548,34655,11,3107,2,36000,1.00354039266
31538,31553,34479,15,2926,2,36000,1.00512645249
31554,31560,34471,6,2911,2,36000,1.00206114737
31590,31597,34519,7,2922,2,36000,1.00239561944
31628,31634,34720,6,3086,2,36000,1.00194426442
31643,31649,34585,6,2936,2,36000,1.00204359673
31661,31667,34769,6,3102,2,36000,1.00193423598
31676,31682,34893,6,3211,2,36000,1.00186857677
31691,31698,34536,7,2838,2,36000,1.00246652572
31719,31725,34342,6,2617,2,36000,1.00229270157
31774,31780,34617,6,2837,2,36000,1.00211491012
31792,31798,34455,6,2657,2,36000,1.00225818592
31822,31828,34798,6,2970,2,36000,1.00202020202
31844,31850,35131,6,3281,2,36000,1.00182871076
31865,31871,34821,6,2950,2,36000,1.00203389831
31907,31913,35042,6,3129,2,36000,1.00191754554
31923,31930,34773,7,2843,2,36000,1.00246218783
31965,31971,34875,6,2904,2,36000,1.0020661157
31986,31993,34803,7,2810,2,36000,1.0024911032
32002,32008,34690,6,2682,2,36000,1.00223713647
32017,32023,34985,6,2962,2,36000,1.00202565834
32032,32038,34801,6,2763,2,36000,1.00217155266
32093,32099,35048,6,2949,2,36000,1.002034588
32141,32147,35069,6,2922,2,36000,1.00205338809
32205,32211,35030,6,2819,2,36000,1.00212841433
32257,32263,35055,6,2792,2,36000,1.00214899713
32314,32320,35478,6,3158,2,36000,1.00189993667
32338,32345,35210,7,2865,2,36000,1.00244328098
32375,32381,35011,6,2630,2,36000,1.00228136882
32442,32448,35293,6,2845,2,36000,1.00210896309
32482,32488,35462,6,2974,2,36000,1.00201748487
32497,32503,35210,6,2707,2,36000,1.0022164758
32564,32569,35678,5,3109,2,36000,1.00160823416
32579,32585,35374,6,2789,2,36000,1.00215130871
32580,32591,35466,11,2875,2,36000,1.00382608696
32659,32665,35636,6,2971,2,36000,1.00201952205
32696,32702,35596,6,2894,2,36000,1.00207325501
32729,32735,35568,6,2833,2,36000,1.00211789622
32748,32754,35423,6,2669,2,36000,1.00224803297
32763,32769,35667,6,2898,2,36000,1.00207039337
32915,32921,36013,6,3092,2,36000,1.00194049159
32945,32951,36005,6,3054,2,36000,1.00196463654
33003,33009,35767,6,2758,2,36000,1.00217548949
33018,33025,35989,7,2964,2,36000,1.00236167341
33055,33061,35910,6,2849,2,36000,1.00210600211
33073,33080,36667,7,3587,2,36000,1.0019514915
33110,33116,35913,6,2797,2,36000,1.00214515552
33125,33131,36182,6,3051,2,36000,1.00196656834
33141,33147,36109,6,2962,2,36000,1.00202565834
33159,33165,35766,6,2601,2,36000,1.00230680507
33180,33187,36189,7,3002,2,36000,1.00233177881
33196,33202,36235,6,3033,2,36000,1.00197823937
33210,33216,62055,6,28839,1,28800,1.0002080516
33408,33415,36390,7,2975,2,36000,1.00235294118
33424,33430,36282,6,2852,2,36000,1.00210378682
33469,33476,36213,7,2737,2,36000,1.00255754476
33491,33497,36228,6,2731,2,36000,1.00219699744
33551,33558,36475,7,2917,2,36000,1.00239972575
33567,33573,37127,6,3554,2,36000,1.0016882386
33634,33639,36510,5,2871,2,36000,1.00174155347
33649,33655,37206,6,3551,2,36000,1.00168966488
33665,33671,40582,6,6911,1,28800,1.00086818116
33670,33677,36679,7,3002,2,36000,1.00233177881
33719,33725,36799,6,3074,2,36000,1.00195185426
33761,33767,36604,6,2837,2,36000,1.00211491012
33795,33801,36549,6,2748,2,36000,1.00218340611
33813,33819,36764,6,2945,2,36000,1.00203735144
33831,33837,36871,6,3034,2,36000,1.00197758734
33850,33856,36905,6,3049,2,36000,1.00196785831
33865,33872,37362,7,3490,2,36000,1.00200573066
33867,33877,36575,10,2698,2,36000,1.00370644922
33882,33888,37062,6,3174,2,36000,1.00189035917
33940,33946,36454,6,2508,2,36000,1.0023923445
33955,33961,36936,6,2975,2,36000,1.00201680672
33971,33977,36750,6,2773,2,36000,1.0021637216
33972,33983,36688,11,2705,2,36000,1.00406654344
34015,34021,37047,6,3026,2,36000,1.0019828156
34039,34045,37140,6,3095,2,36000,1.00193861066
34069,34076,36841,7,2765,2,36000,1.00253164557
34106,34112,37696,6,3584,2,36000,1.00167410714
34194,34200,37302,6,3102,2,36000,1.00193423598
34228,34234,37575,6,3341,2,36000,1.0017958695
34243,34249,37426,6,3177,2,36000,1.00188857413
34258,34264,37362,6,3098,2,36000,1.00193673338
34279,34286,37019,7,2733,2,36000,1.00256128796
34331,34337,37142,6,2805,2,36000,1.00213903743
34346,34353,37445,7,3092,2,36000,1.00226390686
34362,34368,37186,6,2818,2,36000,1.00212916962
34457,34463,37156,6,2693,2,36000,1.00222799851
34473,34479,37598,6,3119,2,36000,1.00192369349
34488,34494,37444,6,2950,2,36000,1.00203389831
34490,34500,37192,10,2692,2,36000,1.00371471025
34521,34527,38079,6,3552,2,36000,1.00168918919
34522,34533,37978,11,3445,2,36000,1.00319303338
34538,34544,37301,6,2757,2,36000,1.00217627856
34553,34559,37777,6,3218,2,36000,1.00186451212
34587,34594,37175,7,2581,2,36000,1.00271212708
34618,34624,37592,6,2968,2,36000,1.00202156334
34655,34661,37725,6,3064,2,36000,1.00195822454
34682,34688,37539,6,2851,2,36000,1.00210452473
34697,34703,38079,6,3376,2,36000,1.00177725118
34721,34728,37984,7,3256,2,36000,1.00214987715
34771,34777,37528,6,2751,2,36000,1.00218102508
34772,34783,37707,11,2924,2,36000,1.0037619699
34801,34807,37527,6,2720,2,36000,1.00220588235
34802,34813,37895,11,3082,2,36000,1.00356911097
34818,34824,38027,6,3203,2,36000,1.00187324383
34833,34839,38003,6,3164,2,36000,1.00189633375
34875,34882,37787,7,2905,2,36000,1.00240963855
34894,34900,37818,6,2918,2,36000,1.00205620288
34945,34951,37872,6,2921,2,36000,1.00205409106
34988,34994,38110,6,3116,2,36000,1.00192554557
35012,35018,38121,6,3103,2,36000,1.00193361263
35030,35037,37781,7,2744,2,36000,1.00255102041
35046,35052,38447,6,3395,2,36000,1.00176730486
35061,35067,38059,6,2992,2,36000,1.00200534759
35063,35073,37889,10,2816,2,36000,1.00355113636
35078,35084,38050,6,2966,2,36000,1.0020229265
35133,35139,37849,6,2710,2,36000,1.00221402214
35209,35216,38451,7,3235,2,36000,1.00216383308
35211,35222,37905,11,2683,2,36000,1.00409988818
35293,35299,38766,6,3467,2,36000,1.00173060283
35375,35381,38360,6,2979,2,36000,1.00201409869
35424,35430,38470,6,3040,2,36000,1.00197368421
35461,35467,38275,6,2808,2,36000,1.00213675214
35476,35483,38187,7,2704,2,36000,1.0025887574
35492,35498,38365,6,2867,2,36000,1.00209277991
35568,35574,38503,6,2929,2,36000,1.00204848071
35596,35602,38966,6,3364,2,36000,1.00178359096
35638,35644,38720,6,3076,2,36000,1.00195058518
35668,35674,38718,6,3044,2,36000,1.00197109067
35683,35689,38401,6,2712,2,36000,1.00221238938
35767,35773,38260,6,2487,2,36000,1.00241254524
35768,35779,38960,11,3181,2,36000,1.00345803207
35912,35918,38865,6,2947,2,36000,1.00203596878
35927,35933,39331,6,3398,2,36000,1.00176574456
35991,35997,39148,6,3151,2,36000,1.00190415741
36006,36012,38871,6,2859,2,36000,1.00209863589
36021,36028,39163,7,3135,2,36000,1.00223285486
36109,36115,39097,6,2982,2,36000,1.00201207243
36182,36189,39554,7,3365,2,36000,1.00208023774
36197,36204,39170,7,2966,2,36000,1.00236008092
36216,36222,39334,6,3112,2,36000,1.00192802057
36231,36237,39587,6,3350,2,36000,1.00179104478
36246,36252,38655,6,2403,2,36000,1.0024968789
36283,36289,39561,6,3272,2,36000,1.00183374083
36392,36398,39192,6,2794,2,36000,1.00214745884
36456,36462,39696,6,3234,2,36000,1.00185528757
36478,36484,39549,6,3065,2,36000,1.00195758564
36511,36517,39587,6,3070,2,36000,1.00195439739
36551,36557,39557,6,3000,2,36000,1.002
36575,36581,39135,6,2554,2,36000,1.00234925607
36606,36612,39550,6,2938,2,36000,1.00204220558
36669,36676,39755,7,3079,2,36000,1.00227346541
36685,36691,39482,6,2791,2,36000,1.00214976711
36700,36707,39925,7,3218,2,36000,1.00217526414
36752,36758,39757,6,2999,2,36000,1.00200066689
36767,36773,39700,6,2927,2,36000,1.00204988042
36801,36807,39800,6,2993,2,36000,1.00200467758
36837,36843,40017,6,3174,2,36000,1.00189035917
36871,36877,39642,6,2765,2,36000,1.00216998192
36907,36914,39650,7,2736,2,36000,1.00255847953
36938,36944,39830,6,2886,2,36000,1.00207900208
37019,37026,39882,7,2856,2,36000,1.00245098039
37050,37056,40109,6,3053,2,36000,1.00196528005
37065,37071,39934,6,2863,2,36000,1.00209570381
37129,37135,40479,6,3344,2,36000,1.00179425837
37144,37151,40430,7,3279,2,36000,1.00213479719
37146,37157,40067,11,2910,2,36000,1.00378006873
37161,37167,40125,6,2958,2,36000,1.00202839757
37176,37182,39974,6,2792,2,36000,1.00214899713
37192,37197,39935,5,2738,2,36000,1.00182615047
37193,37203,40015,10,2812,2,36000,1.00355618777
37208,37214,40472,6,3258,2,36000,1.00184162063
37303,37309,39854,6,2545,2,36000,1.00235756385
37304,37315,40992,11,3677,2,36000,1.00299156921
37363,37369,40181,6,2812,2,36000,1.00213371266
37364,37375,40380,11,3005,2,36000,1.00366056572
37428,37434,40318,6,2884,2,36000,1.00208044383
37446,37452,40317,6,2865,2,36000,1.00209424084
37448,37458,40749,10,3291,2,36000,1.00303859009
37528,37534,40484,6,2950,2,36000,1.00203389831
37529,37540,40291,11,2751,2,36000,1.00399854598
37544,37550,40844,6,3294,2,36000,1.00182149362
37578,37584,40541,6,2957,2,36000,1.00202908353
37593,37599,40375,6,2776,2,36000,1.00216138329
37608,37614,40374,6,2760,2,36000,1.00217391304
37697,37703,40997,6,3294,2,36000,1.00182149362
37712,37718,40898,6,3180,2,36000,1.00188679245
37727,37733,40453,6,2720,2,36000,1.00220588235
37779,37785,40879,6,3094,2,36000,1.00193923723
37794,37800,40691,6,2891,2,36000,1.00207540643
37796,37806,40519,10,2713,2,36000,1.00368595651
37820,37826,40748,6,2922,2,36000,1.00205338809
37851,37857,41057,6,3200,2,36000,1.001875
37872,37878,41314,6,3436,2,36000,1.00174621653
37891,37897,40892,6,2995,2,36000,1.0020033389
37906,37912,40952,6,3040,2,36000,1.00197368421
37907,37918,40728,11,2810,2,36000,1.00391459075
37980,37987,40720,7,2733,2,36000,1.00256128796
37996,38002,40967,6,2965,2,36000,1.00202360877
38011,38017,41012,6,2995,2,36000,1.0020033389
38026,38032,40633,6,2601,2,36000,1.00230680507
38051,38057,41199,6,3142,2,36000,1.00190961171
38066,38072,41018,6,2946,2,36000,1.00203665988
38082,38088,41329,6,3241,2,36000,1.00185128047
38083,38094,40736,11,2642,2,36000,1.00416351249
38111,38117,41176,6,3059,2,36000,1.0019614253
38126,38132,41068,6,2936,2,36000,1.00204359673
38190,38196,41402,6,3206,2,36000,1.00187149095
38263,38269,41107,6,2838,2,36000,1.0021141649
38278,38284,41372,6,3088,2,36000,1.00194300518
38361,38367,40843,6,2476,2,36000,1.00242326333
38377,38383,41209,6,2826,2,36000,1.00212314225
38404,38410,41160,6,2750,2,36000,1.00218181818
38447,38453,41280,6,2827,2,36000,1.00212239123
38462,38468,41611,6,3143,2,36000,1.00190900414
38477,38483,41593,6,3110,2,36000,1.00192926045
38505,38511,41227,6,2716,2,36000,1.00220913108
38657,38663,41433,6,2770,2,36000,1.00216606498
38718,38724,41884,6,3160,2,36000,1.00189873418
38734,38740,41664,6,2924,2,36000,1.00205198358
38767,38774,41943,7,3169,2,36000,1.00220889871
38868,38874,41736,6,2862,2,36000,1.00209643606
38883,38889,42149,6,3260,2,36000,1.0018404908
38962,38968,42319,6,3351,2,36000,1.0017905103
38977,38983,42010,6,3027,2,36000,1.00198216056
39099,39105,42100,6,2995,2,36000,1.0020033389
39135,39141,42052,6,2911,2,36000,1.00206114737
39150,39157,42485,7,3328,2,36000,1.00210336538
39166,39172,42094,6,2922,2,36000,1.00205338809
39181,39187,42071,6,2884,2,36000,1.00208044383
39196,39202,41949,6,2747,2,36000,1.00218420095
39333,39339,42570,6,3231,2,36000,1.00185701021
39334,39345,42197,11,2852,2,36000,1.0038569425
39483,39489,42046,6,2557,2,36000,1.0023464998
39551,39557,43099,6,3542,2,36000,1.00169395822
39552,39563,42850,11,3287,2,36000,1.00334651658
39554,39569,42772,15,3203,2,36000,1.00468310958
39569,39575,42549,6,2974,2,36000,1.00201748487
39571,39581,42654,10,3073,2,36000,1.00325414904
39589,39595,42432,6,2837,2,36000,1.00211491012
39591,39601,42452,10,2851,2,36000,1.00350754121
39642,39649,42957,7,3308,2,36000,1.00211608222
39658,39664,42591,6,2927,2,36000,1.00204988042
39697,39703,42653,6,2950,2,36000,1.00203389831
39712,39718,42641,6,2923,2,36000,1.0020526856
39755,39761,43123,6,3362,2,36000,1.00178465199
39756,39767,42686,11,2919,2,36000,1.00376841384
39802,39808,43032,6,3224,2,36000,1.00186104218
39832,39838,43030,6,3192,2,36000,1.00187969925
39853,39860,43067,7,3207,2,36000,1.00218272529
39884,39890,42735,6,2845,2,36000,1.00210896309
39927,39933,42803,6,2870,2,36000,1.00209059233
39942,39948,43379,6,3431,2,36000,1.00174876129
39943,39954,42938,11,2984,2,36000,1.00368632708
39974,39980,42723,6,2743,2,36000,1.00218738607
40017,40023,42958,6,2935,2,36000,1.00204429302
40018,40029,42772,11,2743,2,36000,1.0040102078
40067,40073,43336,6,3263,2,36000,1.00183879865
40110,40116,42764,6,2648,2,36000,1.00226586103
40125,40131,42962,6,2831,2,36000,1.00211939244
40183,40189,42905,6,2716,2,36000,1.00220913108
40292,40298,43129,6,2831,2,36000,1.00211939244
40320,40326,43735,6,3409,2,36000,1.00176004693
40321,40332,43286,11,2954,2,36000,1.00372376439
40376,40383,42948,7,2565,2,36000,1.00272904483
40378,40389,43222,11,2833,2,36000,1.00388280974
40393,40399,43467,6,3068,2,36000,1.00195567145
40432,40439,43599,7,3160,2,36000,1.00221518987
40454,40460,43618,6,3158,2,36000,1.00189993667
40476,40482,43355,6,2873,2,36000,1.00208840933
40491,40498,43768,7,3270,2,36000,1.00214067278
40493,40503,43251,10,2748,2,36000,1.00363901019
40520,40526,43815,6,3289,2,36000,1.00182426269
40541,40548,43495,7,2947,2,36000,1.00237529691
40635,40641,43861,6,3220,2,36000,1.00186335404
40679,40685,69530,6,28845,1,28800,1.00020800832
40693,40699,43803,6,3104,2,36000,1.00193298969
40721,40727,43510,6,2783,2,36000,1.00215594682
40737,40743,43630,6,2887,2,36000,1.00207828195
40738,40749,44252,11,3503,2,36000,1.00314016557
40754,40759,44252,5,3493,2,36000,1.0014314343
40755,40765,43821,10,3056,2,36000,1.00327225131
40843,40850,43734,7,2884,2,36000,1.00242718447
40858,40865,43816,7,2951,2,36000,1.00237207726
40880,40886,44252,6,3366,2,36000,1.00178253119
40895,40902,43668,7,2766,2,36000,1.0025307303
40911,40917,43807,6,2890,2,36000,1.00207612457
40953,40959,43870,6,2911,2,36000,1.00206114737
40968,40974,44069,6,3095,2,36000,1.00193861066
40993,40999,44070,6,3071,2,36000,1.00195376099
41008,41014,44173,6,3159,2,36000,1.00189933523
41024,41030,43980,6,2950,2,36000,1.00203389831
41025,41036,44252,11,3216,2,36000,1.00342039801
41056,41062,43831,6,2769,2,36000,1.00216684724
41071,41077,43940,6,2863,2,36000,1.00209570381
41108,41114,44111,6,2997,2,36000,1.002002002
41159,41166,44252,7,3086,2,36000,1.00226830849
41178,41184,44252,6,3068,2,36000,1.00195567145
41200,41206,43868,6,2662,2,36000,1.0022539444
41216,41222,44021,6,2799,2,36000,1.00214362272
41231,41237,44252,6,3015,2,36000,1.00199004975
41280,41286,44252,6,2966,2,36000,1.0020229265
41284,41292,41469,8,177,4,43200,1.04519774011
41317,41323,44252,6,2929,2,36000,1.00204848071
41332,41338,43894,6,2556,2,36000,1.00234741784
41375,41381,44252,6,2871,2,36000,1.00208986416
41405,41411,44252,6,2841,2,36000,1.00211193242
41433,41439,44252,6,2813,2,36000,1.00213295414
41568,41574,42830,6,1256,4,43200,1.00477707006
41594,41600,44252,6,2652,2,36000,1.00226244344
41612,41619,44252,7,2633,2,36000,1.00265856438
41664,41670,44252,6,2582,2,36000,1.00232378002
41737,41744,44252,7,2508,2,36000,1.00279106858
41884,41890,44252,6,2362,2,36000,1.00254022015
41945,41951,44252,6,2301,2,36000,1.00260756193
41960,41966,44252,6,2286,2,36000,1.00262467192
42012,42018,44252,6,2234,2,36000,1.00268576544
42046,42052,44252,6,2200,2,36000,1.00272727273
42061,42067,44252,6,2185,2,36000,1.00274599542
42077,42082,44252,5,2170,2,36000,1.00230414747
42095,42102,44252,7,2150,2,36000,1.00325581395
42110,42117,44252,7,2135,2,36000,1.00327868852
42150,42156,44252,6,2096,2,36000,1.00286259542
42198,42205,44252,7,2047,2,36000,1.0034196385
42320,42326,44252,6,1926,2,36000,1.0031152648
42435,42441,44252,6,1811,2,36000,1.00331308669
42453,42459,44252,6,1793,2,36000,1.0033463469
42487,42493,44252,6,1759,2,36000,1.00341102899
42550,42557,44252,7,1695,2,36000,1.00412979351
42572,42578,44252,6,1674,2,36000,1.00358422939
42593,42599,44252,6,1653,2,36000,1.00362976407
42642,42648,44252,6,1604,2,36000,1.00374064838
42658,42664,44252,6,1588,2,36000,1.00377833753
42659,42670,44252,11,1582,2,36000,1.00695322377
42687,42693,44252,6,1559,2,36000,1.00384862091
42726,42732,44252,6,1520,2,36000,1.00394736842
42742,42748,44252,6,1504,2,36000,1.0039893617
42766,42772,44252,6,1480,2,36000,1.00405405405
42782,42788,44252,6,1464,2,36000,1.00409836066
42784,42794,44252,10,1458,2,36000,1.00685871056
42805,42811,44252,6,1441,2,36000,1.00416377516
42851,42857,44252,6,1395,2,36000,1.00430107527
42859,42865,64146,6,21281,4,43200,1.00028194164
42905,42911,44252,6,1341,2,36000,1.00447427293
42938,42944,44252,6,1308,2,36000,1.00458715596
42953,42959,44252,6,1293,2,36000,1.00464037123
42969,42975,44252,6,1277,2,36000,1.00469851214
42970,42981,44252,11,1271,2,36000,1.00865460268
42972,42986,44252,14,1266,2,36000,1.01105845182
43030,43036,44252,6,1216,2,36000,1.00493421053
43031,43042,44252,11,1210,2,36000,1.00909090909
43071,43077,44253,6,1176,2,36000,1.00510204082
43102,43108,44253,6,1145,2,36000,1.00524017467
43123,43129,44253,6,1124,2,36000,1.00533807829
43138,43144,44253,6,1109,2,36000,1.00541027953
43224,43230,44253,6,1023,2,36000,1.00586510264
43251,43257,44253,6,996,2,36000,1.00602409639
43288,43294,44253,6,959,2,36000,1.00625651721
43338,43344,44253,6,909,2,36000,1.00660066007
43357,43363,44253,6,890,2,36000,1.00674157303
43381,43388,44253,7,865,2,36000,1.00809248555
43467,43473,44253,6,780,2,36000,1.00769230769
43497,43504,44253,7,749,2,36000,1.00934579439
43513,43519,44253,6,734,2,36000,1.00817438692
43601,43607,44253,6,646,2,36000,1.0092879257
43620,43626,44253,6,627,2,36000,1.00956937799
43635,43640,44253,5,613,2,36000,1.00815660685
43672,43678,44253,6,575,2,36000,1.01043478261
43736,43742,44253,6,511,2,36000,1.01174168297
43737,43748,44253,11,505,2,36000,1.02178217822
43768,43774,44253,6,479,2,36000,1.01252609603
43806,43812,44253,6,441,2,36000,1.01360544218
43807,43818,44253,11,435,2,36000,1.02528735632
43823,43829,44253,6,424,2,36000,1.0141509434
43825,43835,44253,10,418,2,36000,1.02392344498
43826,43840,44253,14,413,2,36000,1.03389830508
43841,43847,44253,6,406,2,36000,1.01477832512
43863,43869,44253,6,384,2,36000,1.015625
43879,43885,44253,6,368,2,36000,1.01630434783
43880,43891,44253,11,362,2,36000,1.03038674033
43896,43902,44253,6,351,2,36000,1.01709401709
43941,43947,44253,6,306,2,36000,1.01960784314
43981,43987,44253,6,266,2,36000,1.02255639098
44023,44029,44253,6,224,2,36000,1.02678571429
44070,44076,44253,6,177,2,36000,1.03389830508
44071,44082,44253,11,171,2,36000,1.06432748538
44114,44120,44253,6,133,2,36000,1.04511278195
44175,44181,44253,6,72,2,36000,1.08333333333
44324,44330,47819,6,3489,2,36000,1.00171969046
44326,44336,49907,10,5571,2,36000,1.00179500987
44327,44341,49932,14,5591,2,36000,1.00250402432
44328,44346,47490,18,3144,2,36000,1.00572519084
44329,44352,50632,23,6280,2,36000,1.00366242038
44332,44358,50151,26,5793,2,36000,1.00448817538
44333,44363,48978,30,4615,2,36000,1.00650054171
44335,44368,49314,33,4946,2,36000,1.00667205823
44336,44373,49367,37,4994,2,36000,1.00740889067
44338,44379,47813,41,3434,2,36000,1.01193942924
44339,44384,48011,45,3627,2,36000,1.01240694789
44340,44389,47597,49,3208,2,36000,1.01527431421
44342,44394,49848,52,5454,2,36000,1.00953428676
44343,44399,47616,56,3217,2,36000,1.01740752254
44345,44404,47449,59,3045,2,36000,1.01937602627
44346,44410,48069,64,3659,2,36000,1.01749111779
44347,44415,48576,68,4161,2,36000,1.01634222543
44349,44420,47627,71,3207,2,36000,1.02213907078
44350,44425,48325,75,3900,2,36000,1.01923076923
44351,44430,49263,79,4833,2,36000,1.01634595489
44353,44436,50539,83,6103,2,36000,1.01359986892
44354,44441,49033,87,4592,2,36000,1.01894599303
44356,44447,50512,91,6065,2,36000,1.01500412201
44357,44452,50277,95,5825,2,36000,1.01630901288
44358,44457,47796,99,3339,2,36000,1.02964959569
44360,44462,48868,102,4406,2,36000,1.02315024966
44361,44467,47560,106,3093,2,36000,1.03427093437
44362,44473,47893,111,3420,2,36000,1.03245614035
44364,44478,47743,114,3265,2,36000,1.03491577335
44365,44483,47761,118,3278,2,36000,1.03599755949
44366,44488,48173,122,3685,2,36000,1.03310719132
44368,44493,50831,125,6338,2,36000,1.01972230988
44369,44498,50815,129,6317,2,36000,1.02042108596
44370,44504,47599,134,3095,2,36000,1.04329563813
44372,44509,49207,137,4698,2,36000,1.02916134525
44373,44514,48385,141,3871,2,36000,1.03642469646
44375,44519,50185,144,5666,2,36000,1.02541475468
44376,44525,47741,149,3216,2,36000,1.04633084577
44377,44530,48717,153,4187,2,36000,1.03654167662
44379,44535,47946,156,3411,2,36000,1.04573438874
44380,44541,49724,161,5183,2,36000,1.03106309087
44382,44546,47700,164,3154,2,36000,1.05199746354
44383,44551,48108,168,3557,2,36000,1.04723081248
44384,44556,49027,172,4471,2,36000,1.03847014091
44386,44561,48431,175,3870,2,36000,1.04521963824
44387,44567,49202,180,4635,2,36000,1.03883495146
44388,44572,49462,184,4890,2,36000,1.03762781186
44390,44577,48237,187,3660,2,36000,1.05109289617
44391,44582,47966,191,3384,2,36000,1.05644208038
44393,44587,48276,194,3689,2,36000,1.05258877745
44394,44592,47656,198,3064,2,36000,1.06462140992
44395,44598,47993,203,3395,2,36000,1.05979381443
44397,44603,49900,206,5297,2,36000,1.0388899377
44398,44608,49873,210,5265,2,36000,1.03988603989
44400,44613,48182,213,3569,2,36000,1.0596805828
44401,44619,48529,218,3910,2,36000,1.0557544757
44402,44624,49695,222,5071,2,36000,1.04377834747
44404,44629,49230,225,4601,2,36000,1.04890241252
44405,44634,48686,229,4052,2,36000,1.05651530109
44407,44639,49808,232,5169,2,36000,1.04488295608
44408,44644,50401,236,5757,2,36000,1.04099357304
44409,44650,48758,241,4108,2,36000,1.05866601753
44411,44655,48426,244,3771,2,36000,1.06470432246
44412,44660,50644,248,5984,2,36000,1.04144385027
44414,44665,48667,251,4002,2,36000,1.06271864068
44415,44670,49462,255,4792,2,36000,1.05321368948
44417,44676,48222,259,3546,2,36000,1.07304004512
44418,44681,49920,263,5239,2,36000,1.05020041993
44419,44686,48400,267,3714,2,36000,1.0718901454
44421,44691,48437,270,3746,2,36000,1.07207688201
44422,44696,49347,274,4651,2,36000,1.05891206192
44424,44701,48328,277,3627,2,36000,1.07637165702
44425,44707,48329,282,3622,2,36000,1.07785753727
44426,44712,48700,286,3988,2,36000,1.07171514544
44428,44717,48884,289,4167,2,36000,1.06935445164
44429,44722,48652,293,3930,2,36000,1.07455470738
44431,44727,48428,296,3701,2,36000,1.07997838422
44432,44733,50177,301,5444,2,36000,1.05529022777
44434,44738,48048,304,3310,2,36000,1.0918429003
44435,44743,47725,308,2982,2,36000,1.10328638498
44436,44749,48770,313,4021,2,36000,1.077841333
44438,44754,50431,316,5677,2,36000,1.0556632024
44439,44759,49267,320,4508,2,36000,1.07098491571
44441,44764,47886,323,3122,2,36000,1.10345932095
44442,44769,49456,327,4687,2,36000,1.06976744186
44444,44774,49166,330,4392,2,36000,1.07513661202
44445,44780,50434,335,5654,2,36000,1.05925008843
44446,44785,49860,339,5075,2,36000,1.06679802956
44448,44790,48284,342,3494,2,36000,1.09788208357
44449,44795,48471,346,3676,2,36000,1.09412404788
47449,47456,52543,7,5087,2,36000,1.00137605661
47492,47498,50869,6,3371,2,36000,1.00177988727
47562,47568,52828,6,5260,2,36000,1.00114068441
47570,47576,139256,6,91680,32,118800,1.00006544503
47598,47604,52563,6,4959,2,36000,1.00120992136
47600,47610,51430,10,3820,2,36000,1.00261780105
47618,47624,52940,6,5316,2,36000,1.00112866817
47633,47639,53260,6,5621,2,36000,1.00106742572
47658,47664,51512,6,3848,2,36000,1.00155925156
47701,47708,53304,7,5596,2,36000,1.0012508935
47726,47732,52608,6,4876,2,36000,1.00123051682
47741,47748,51046,7,3298,2,36000,1.00212249848
47756,47762,52389,6,4627,2,36000,1.00129673655
47771,47777,52377,6,4600,2,36000,1.00130434783
47798,47804,52942,6,5138,2,36000,1.00116776956
47813,47820,52749,7,4929,2,36000,1.00142016636
47828,47834,53250,6,5416,2,36000,1.00110782866
47887,47893,51943,6,4050,2,36000,1.00148148148
47901,47908,53250,7,5342,2,36000,1.00131037065
47947,47953,51702,6,3749,2,36000,1.00160042678
47967,47974,53646,7,5672,2,36000,1.00123413258
47992,47998,51657,6,3659,2,36000,1.00163979229
48013,48020,51941,7,3921,2,36000,1.00178525886
48050,48056,51928,6,3872,2,36000,1.00154958678
48071,48078,53186,7,5108,2,36000,1.00137039937
48111,48117,53265,6,5148,2,36000,1.00116550117
48176,48182,54295,6,6113,2,36000,1.0009815148
48191,48197,51857,6,3660,2,36000,1.00163934426
48222,48228,52581,6,4353,2,36000,1.00137835975
48237,48244,54160,7,5916,2,36000,1.00118323191
48277,48283,53066,6,4783,2,36000,1.00125444282
48292,48298,54440,6,6142,2,36000,1.00097688049
48326,48332,51672,6,3340,2,36000,1.00179640719
48341,48347,51927,6,3580,2,36000,1.00167597765
48342,48353,53529,11,5176,2,36000,1.0021251932
48386,48393,51613,7,3220,2,36000,1.00217391304
48401,48407,51607,6,3200,2,36000,1.001875
48427,48433,52076,6,3643,2,36000,1.00164699424
48444,48450,54040,6,5590,2,36000,1.00107334526
48445,48456,53709,11,5253,2,36000,1.0020940415
48446,48461,54004,15,5543,2,36000,1.00270611582
48474,48480,52337,6,3857,2,36000,1.00155561317
48530,48536,53773,6,5237,2,36000,1.0011456941
48578,48585,53091,7,4506,2,36000,1.00155348424
48653,48659,51761,6,3102,2,36000,1.00193423598
48674,48680,52424,6,3744,2,36000,1.0016025641
48689,48695,53416,6,4721,2,36000,1.00127091718
48704,48710,53670,6,4960,2,36000,1.00120967742
48719,48725,54341,6,5616,2,36000,1.00106837607
48758,48764,54490,6,5726,2,36000,1.0010478519
48773,48779,53484,6,4705,2,36000,1.00127523911
48868,48874,52239,6,3365,2,36000,1.00178306092
48887,48893,54543,6,5650,2,36000,1.0010619469
48978,48984,52404,6,3420,2,36000,1.00175438596
49027,49033,53613,6,4580,2,36000,1.00131004367
49042,49048,52425,6,3377,2,36000,1.0017767249
49168,49174,54892,6,5718,2,36000,1.00104931794
49204,49210,52316,6,3106,2,36000,1.00193174501
49221,49227,54320,6,5093,2,36000,1.00117808757
49236,49242,52330,6,3088,2,36000,1.00194300518
49267,49273,55177,6,5904,2,36000,1.00101626016
49268,49279,54336,11,5057,2,36000,1.00217520269
49314,49320,53485,6,4165,2,36000,1.00144057623
49348,49354,54472,6,5118,2,36000,1.00117233294
49369,49375,54689,6,5314,2,36000,1.00112909296
49458,49464,53305,6,3841,2,36000,1.0015620932
49473,49479,52682,6,3203,2,36000,1.00187324383
49474,49485,54614,11,5129,2,36000,1.00214466758
49698,49704,55170,6,5466,2,36000,1.00109769484
49726,49732,54259,6,4527,2,36000,1.00132538105
49808,49814,55222,6,5408,2,36000,1.00110946746
49848,49854,55676,6,5822,2,36000,1.00103057369
49863,49870,54096,7,4226,2,36000,1.00165641268
49879,49885,52950,6,3065,2,36000,1.00195758564
49900,49906,55153,6,5247,2,36000,1.00114351058
49915,49921,53827,6,3906,2,36000,1.00153609831
49930,49937,55249,7,5312,2,36000,1.00131777108
49946,49952,54580,6,4628,2,36000,1.00129645635
50153,50160,54796,7,4636,2,36000,1.00150992235
50178,50184,54553,6,4369,2,36000,1.00137331197
50193,50199,55868,6,5669,2,36000,1.00105838772
50279,50285,55705,6,5420,2,36000,1.00110701107
50403,50409,56827,6,6418,2,36000,1.00093487068
50434,50440,53582,6,3142,2,36000,1.00190961171
50435,50446,55751,11,5305,2,36000,1.00207351555
50515,50521,54073,6,3552,2,36000,1.00168918919
50540,50546,54515,6,3969,2,36000,1.0015117158
50635,50641,55692,6,5051,2,36000,1.00118788359
50649,50655,54314,6,3659,2,36000,1.00163979229
50815,50822,56987,7,6165,2,36000,1.00113544201
50834,50840,56308,6,5468,2,36000,1.00109729334
50870,50876,57449,6,6573,2,36000,1.00091282519
51048,51055,56868,7,5813,2,36000,1.00120419749
51430,51436,56171,6,4735,2,36000,1.00126715945
51513,51519,56820,6,5301,2,36000,1.00113186191
51610,51616,54498,6,2882,2,36000,1.00208188758
51624,51631,57101,7,5470,2,36000,1.0012797075
51658,51664,54777,6,3113,2,36000,1.00192740122
51673,51680,56146,7,4466,2,36000,1.00156739812
51704,51711,58334,7,6623,2,36000,1.00105692284
51763,51769,57274,6,5505,2,36000,1.00108991826
51860,51866,54826,6,2960,2,36000,1.00202702703
51931,51937,57008,6,5071,2,36000,1.00118319858
51932,51943,57416,11,5473,2,36000,1.00200986662
51948,51954,57570,6,5616,2,36000,1.00106837607
51949,51960,55204,11,3244,2,36000,1.00339087546
52077,52083,57386,6,5303,2,36000,1.00113143504
52241,52247,57580,6,5333,2,36000,1.00112507032
52318,52324,57644,6,5320,2,36000,1.00112781955
52333,52340,57823,7,5483,2,36000,1.00127667335
52348,52354,57395,6,5041,2,36000,1.00119024003
52379,52385,58457,6,6072,2,36000,1.00098814229
52394,52400,56826,6,4426,2,36000,1.00135562585
52409,52415,55981,6,3566,2,36000,1.00168255749
52425,52431,56606,6,4175,2,36000,1.00143712575
52426,52437,57651,11,5214,2,36000,1.00210970464
52546,52552,57433,6,4881,2,36000,1.0012292563
52566,52572,55813,6,3241,2,36000,1.00185128047
52584,52590,58123,6,5533,2,36000,1.00108440267
52609,52615,56636,6,4021,2,36000,1.00149216613
52683,52689,56120,6,3431,2,36000,1.00174876129
52752,52758,57083,6,4325,2,36000,1.00138728324
52829,52835,59547,6,6712,2,36000,1.00089392133
52941,52947,58635,6,5688,2,36000,1.00105485232
52956,52962,56134,6,3172,2,36000,1.00189155107
52957,52968,56544,11,3576,2,36000,1.00307606264
53067,53073,59004,6,5931,2,36000,1.00101163379
53092,53098,59046,6,5948,2,36000,1.00100874243
53187,53193,58595,6,5402,2,36000,1.00111069974
53252,53258,59345,6,6087,2,36000,1.00098570724
53253,53264,56729,11,3465,2,36000,1.00317460317
53269,53275,57260,6,3985,2,36000,1.00150564617
53270,53281,57497,11,4216,2,36000,1.00260910816
53307,53313,59091,6,5778,2,36000,1.0010384216
53308,53319,59307,11,5988,2,36000,1.00183700735
53416,53422,56751,6,3329,2,36000,1.00180234305
53470,59558,60315,6088,757,70,25200,9.04227212682
53484,53491,57068,7,3577,2,36000,1.00195694716
53486,53496,58036,10,4540,2,36000,1.00220264317
53532,53538,58483,6,4945,2,36000,1.00121334681
53584,53591,59850,7,6259,2,36000,1.00111838952
53615,53621,57808,6,4187,2,36000,1.00143300693
53648,53655,57057,7,3402,2,36000,1.00205761317
53670,53676,59144,6,5468,2,36000,1.00109729334
53710,53716,57161,6,3445,2,36000,1.00174165457
53774,53780,59249,6,5469,2,36000,1.0010970927
53830,53836,57510,6,3674,2,36000,1.00163309744
54006,54012,56941,6,2929,2,36000,1.00204848071
54040,54046,58454,6,4408,2,36000,1.00136116152
54077,54083,58408,6,4325,2,36000,1.00138728324
54098,54104,57366,6,3262,2,36000,1.00183936235
54162,54168,59239,6,5071,2,36000,1.00118319858
54261,54267,59022,6,4755,2,36000,1.00126182965
54295,54301,57567,6,3266,2,36000,1.00183710961
54316,54323,57782,7,3459,2,36000,1.00202370627
54331,54352,60133,21,5781,2,36000,1.00363258952
54347,54625,60242,278,5617,2,36000,1.04949261171
54348,54700,58835,352,4135,2,36000,1.08512696493
54443,54788,60344,345,5556,2,36000,1.0620950324
54474,54807,57830,333,3023,2,36000,1.11015547469
54490,55164,59720,674,4556,2,36000,1.14793678665
54505,55181,60293,676,5112,2,36000,1.13223787167
54520,55687,60927,1167,5240,2,36000,1.22270992366
54545,55716,60694,1171,4978,2,36000,1.23523503415
54560,55762,61449,1202,5687,2,36000,1.21135924037
54581,55879,59532,1298,3653,2,36000,1.35532439091
54615,55992,62025,1377,6033,2,36000,1.2282446544
54689,56131,61805,1442,5674,2,36000,1.25414169898
54778,56145,61798,1367,5653,2,36000,1.24181850345
54796,56182,60764,1386,4582,2,36000,1.30248799651
54827,56319,61723,1492,5404,2,36000,1.27609178386
54892,56555,60277,1663,3722,2,36000,1.4468027942
55154,56617,60578,1463,3961,2,36000,1.36935117395
55173,56648,61715,1475,5067,2,36000,1.29109926978
55187,56740,60208,1553,3468,2,36000,1.44780853518
55206,56762,60319,1556,3557,2,36000,1.43744728704
55225,56837,60124,1612,3287,2,36000,1.49041679343
55250,56843,60527,1593,3684,2,36000,1.43241042345
55678,56879,62515,1201,5636,2,36000,1.21309439319
55693,56953,62229,1260,5276,2,36000,1.23881728582
55708,56998,61580,1290,4582,2,36000,1.28153644697
55754,57020,61999,1266,4979,2,36000,1.25426792529
55817,57069,60500,1252,3431,2,36000,1.36490819003
55869,57079,62213,1210,5134,2,36000,1.23568367744
55980,57094,60292,1114,3198,2,36000,1.3483427142
56120,57113,60665,993,3552,2,36000,1.27956081081
56135,57172,62331,1037,5159,2,36000,1.20100794728
56150,57271,63509,1121,6238,2,36000,1.17970503366
56171,57285,62962,1114,5677,2,36000,1.19623040338
56311,57378,62869,1067,5491,2,36000,1.19431797487
56544,57397,62790,853,5393,2,36000,1.15816799555
56609,57406,60980,797,3574,2,36000,1.2229994404
56636,57427,61062,791,3635,2,36000,1.21760660248
56731,57444,62738,713,5294,2,36000,1.13468077068
56752,57460,62605,708,5145,2,36000,1.13760932945
56820,57508,63686,688,6178,2,36000,1.11136290062
56835,57521,60523,686,3002,2,36000,1.22851432378
56837,57578,61155,741,3577,2,36000,1.20715683534
56870,57591,62535,721,4944,2,36000,1.14583333333
56941,57656,62913,715,5257,2,36000,1.13600913068
56986,57662,63294,676,5632,2,36000,1.12002840909
57011,57793,62264,782,4471,2,36000,1.17490494297
57057,57819,61235,762,3416,2,36000,1.22306791569
57072,57834,63817,762,5983,2,36000,1.12736085576
57087,57841,63210,754,5369,2,36000,1.14043583535
57103,58047,61847,944,3800,2,36000,1.24842105263
57161,58134,65072,973,6938,2,36000,1.14024214471
57263,58345,61441,1082,3096,2,36000,1.34948320413
57277,58419,63832,1142,5413,2,36000,1.21097358212
57367,58465,63174,1098,4709,2,36000,1.23317052453
57389,58471,61899,1082,3428,2,36000,1.31563593932
57404,58494,63740,1090,5246,2,36000,1.20777735417
57419,58606,62135,1187,3529,2,36000,1.33635590819
57434,58846,63522,1412,4676,2,36000,1.30196749358
57450,59015,64203,1565,5188,2,36000,1.30165767155
57498,59033,62333,1535,3300,2,36000,1.46515151515
57514,59103,64117,1589,5014,2,36000,1.3169126446
57569,59155,64875,1586,5720,2,36000,1.27727272727
57584,59250,64920,1666,5670,2,36000,1.29382716049
57586,59260,64290,1674,5030,2,36000,1.33280318091
57647,59357,62508,1710,3151,2,36000,1.54268486195
57662,59731,65161,2069,5430,2,36000,1.38103130755
57783,59861,65460,2078,5599,2,36000,1.37113770316
57810,60144,64352,2334,4208,2,36000,1.55465779468
57825,60219,63333,2394,3114,2,36000,1.76878612717
57840,60254,66615,2414,6361,2,36000,1.3795000786
58038,60288,64168,2250,3880,2,36000,1.57989690722
58123,60303,66344,2180,6041,2,36000,1.36086740606
58335,60309,65852,1974,5543,2,36000,1.35612484214
58408,60326,65994,1918,5668,2,36000,1.33839096683
58459,60331,64103,1872,3772,2,36000,1.49628844115
58460,60336,63801,1876,3465,2,36000,1.54141414141
58484,60342,64175,1858,3833,2,36000,1.48473780329
58595,60347,65231,1752,4884,2,36000,1.35872235872
58636,60352,66390,1716,6038,2,36000,1.28420006625
58834,60357,63446,1523,3089,2,36000,1.49303981871
59005,60362,66254,1357,5892,2,36000,1.23031228785
59024,60368,66576,1344,6208,2,36000,1.21649484536
59048,60373,64107,1325,3734,2,36000,1.35484734869
59052,59058,61226,6,2168,2,93600,1.00276752768
59094,60378,65521,1284,5143,2,36000,1.24965973167
59146,60383,64434,1237,4051,2,36000,1.30535670205
59152,60135,132151,983,72016,2,72000,1.0136497445
59238,60388,64948,1150,4560,2,36000,1.25219298246
59253,60393,66329,1140,5936,2,36000,1.19204851752
59308,60399,65294,1091,4895,2,36000,1.2228804903
59348,60404,66337,1056,5933,2,36000,1.17798752739
59532,60409,66112,877,5703,2,36000,1.15377871296
59547,60414,66677,867,6263,2,36000,1.13843206131
59722,60419,65693,697,5274,2,36000,1.13215775502
59853,60425,66483,572,6058,2,36000,1.09442060086
60127,60430,65855,303,5425,2,36000,1.05585253456
60142,60435,64253,293,3818,2,36000,1.07674174961
60206,60440,66218,234,5778,2,36000,1.04049844237
60243,60445,65846,202,5401,2,36000,1.03740048139
60280,60451,64371,171,3920,2,36000,1.04362244898
60296,60456,66114,160,5658,2,36000,1.02827854366
60297,60461,65367,164,4906,2,36000,1.03342845495
60322,60467,65835,145,5368,2,36000,1.0270119225
60344,60473,64100,129,3627,2,36000,1.03556658395
60501,60508,66496,7,5988,2,36000,1.00116900468
60527,60533,66691,6,6158,2,36000,1.00097434232
60528,60539,66609,11,6070,2,36000,1.0018121911
60580,60586,67019,6,6433,2,36000,1.00093269081
60668,60674,66129,6,5455,2,36000,1.00109990834
60696,60702,65981,6,5279,2,36000,1.0011365789
60766,60772,66886,6,6114,2,36000,1.00098135427
60931,60937,65200,6,4263,2,36000,1.00140745954
60980,60986,65070,6,4084,2,36000,1.00146914789
61065,61072,64409,7,3337,2,36000,1.00209769254
61157,61164,66727,7,5563,2,36000,1.00125831386
61238,61244,65377,6,4133,2,36000,1.00145172998
61444,61450,67546,6,6096,2,36000,1.00098425197
61459,61465,66956,6,5491,2,36000,1.00109269714
61581,61587,66945,6,5358,2,36000,1.00111982083
61716,61722,66531,6,4809,2,36000,1.00124766064
61730,61737,67211,7,5474,2,36000,1.00127877238
61800,61807,67230,7,5423,2,36000,1.00129079845
61815,61822,66610,7,4788,2,36000,1.0014619883
61849,61855,67946,6,6091,2,36000,1.00098505992
61901,61907,64920,6,3013,2,36000,1.00199137073
62002,62008,67378,6,5370,2,36000,1.00111731844
62026,62032,66671,6,4639,2,36000,1.00129338219
62136,62142,66951,6,4809,2,36000,1.00124766064
62215,62221,68177,6,5956,2,36000,1.00100738751
62230,62236,67684,6,5448,2,36000,1.00110132159
62266,62272,67611,6,5339,2,36000,1.00112380596
62331,62337,66277,6,3940,2,36000,1.00152284264
62346,62352,68258,6,5906,2,36000,1.00101591602
62510,62516,67094,6,4578,2,36000,1.00131061599
62525,62531,67395,6,4864,2,36000,1.00123355263
62540,62546,67455,6,4909,2,36000,1.00122224486
62606,62613,66323,7,3710,2,36000,1.00188679245
62741,62747,68536,6,5789,2,36000,1.00103644844
62793,62799,68263,6,5464,2,36000,1.00109809663
62870,62876,68859,6,5983,2,36000,1.00100284138
62913,62920,67702,7,4782,2,36000,1.00146382267
62962,62969,69087,7,6118,2,36000,1.00114416476
63177,63183,66951,6,3768,2,36000,1.00159235669
63211,63217,68915,6,5698,2,36000,1.00105300105
63296,63303,68769,7,5466,2,36000,1.00128064398
63333,63339,69323,6,5984,2,36000,1.0010026738
63447,63453,69137,6,5684,2,36000,1.00105559465
63511,63517,69002,6,5485,2,36000,1.00109389243
63526,63532,69219,6,5687,2,36000,1.00105503781
63687,63693,68076,6,4383,2,36000,1.00136892539
63743,63749,69303,6,5554,2,36000,1.00108030248
63803,63810,67386,7,3576,2,36000,1.00195749441
63818,63824,68960,6,5136,2,36000,1.0011682243
63833,63843,69205,10,5362,2,36000,1.00186497576
64102,64108,70251,6,6143,2,36000,1.00097672147
64118,64124,69464,6,5340,2,36000,1.00112359551
64119,64130,70087,11,5957,2,36000,1.00184656706
64120,64135,70364,15,6229,2,36000,1.00240809119
64169,64175,69972,6,5797,2,36000,1.00103501811
64184,64190,70126,6,5936,2,36000,1.00101078167
64206,64212,69480,6,5268,2,36000,1.00113895216
64255,64262,70265,7,6003,2,36000,1.00116608362
64292,64298,67947,6,3649,2,36000,1.00164428611
64353,64359,69629,6,5270,2,36000,1.00113851992
64374,64380,69669,6,5289,2,36000,1.00113442995
64410,64417,69507,7,5090,2,36000,1.00137524558
64435,64441,69988,6,5547,2,36000,1.00108166577
64875,64882,70231,7,5349,2,36000,1.00130865582
64915,64921,69882,6,4961,2,36000,1.00120943358
64930,64936,68613,6,3677,2,36000,1.00163176503
64948,64955,70198,7,5243,2,36000,1.00133511348
65073,65079,70991,6,5912,2,36000,1.00101488498
65074,65085,70963,11,5878,2,36000,1.00187138482
65162,65169,70909,7,5740,2,36000,1.0012195122
65202,65208,70257,6,5049,2,36000,1.00118835413
65232,65238,71422,6,6184,2,36000,1.0009702458
65297,65303,69292,6,3989,2,36000,1.00150413638
65370,65377,68557,7,3180,2,36000,1.00220125786
65385,65392,70224,7,4832,2,36000,1.0014486755
65462,65468,70499,6,5031,2,36000,1.00119260584
65522,65528,71745,6,6217,2,36000,1.00096509571
65696,65702,71675,6,5973,2,36000,1.00100452034
65830,65836,69113,6,3277,2,36000,1.00183094294
65848,65854,71147,6,5293,2,36000,1.00113357264
65863,65869,71414,6,5545,2,36000,1.00108205591
65864,65875,72460,11,6585,2,36000,1.00167046317
65983,65989,71386,6,5397,2,36000,1.00111172874
65998,66004,70009,6,4005,2,36000,1.00149812734
66114,66120,71904,6,5784,2,36000,1.0010373444
66115,66126,70660,11,4534,2,36000,1.00242611381
66130,66137,71739,7,5602,2,36000,1.00124955373
66218,66224,70834,6,4610,2,36000,1.00130151844
66254,66261,72313,7,6052,2,36000,1.00115664243
66279,66285,72552,6,6267,2,36000,1.00095739588
66325,66331,71783,6,5452,2,36000,1.00110051357
66340,66346,71839,6,5493,2,36000,1.00109229929
66342,66352,70005,10,3653,2,36000,1.00273747605
66357,66363,69979,6,3616,2,36000,1.00165929204
66393,66399,69427,6,3028,2,36000,1.00198150594
66485,66491,72203,6,5712,2,36000,1.00105042017
66500,66506,70772,6,4266,2,36000,1.00140646976
66534,66540,72064,6,5524,2,36000,1.00108616944
66576,66583,71869,7,5286,2,36000,1.00132425274
66610,66616,71983,6,5367,2,36000,1.00111794298
66611,66622,70625,11,4003,2,36000,1.00274793905
66627,66633,72816,6,6183,2,36000,1.00097040272
66672,66678,72258,6,5580,2,36000,1.00107526882
66687,66693,70813,6,4120,2,36000,1.00145631068
66702,66708,71611,6,4903,2,36000,1.00122374057
66727,66733,72449,6,5716,2,36000,1.00104968509
66887,66893,70088,6,3195,2,36000,1.00187793427
66948,66954,72798,6,5844,2,36000,1.00102669405
66963,66969,73112,6,6143,2,36000,1.00097672147
66964,66975,71416,11,4441,2,36000,1.00247691961
66966,66980,72680,14,5700,2,36000,1.00245614035
67021,67027,73222,6,6195,2,36000,1.000968523
67097,67103,73889,6,6786,2,36000,1.0008841733
67212,67219,72121,7,4902,2,36000,1.00142798858
67231,67237,71091,6,3854,2,36000,1.00155682408
67379,67385,70917,6,3532,2,36000,1.00169875425
67394,67400,73697,6,6297,2,36000,1.00095283468
67395,67406,70704,11,3298,2,36000,1.00333535476
67458,67464,72894,6,5430,2,36000,1.00110497238
67546,67552,71860,6,4308,2,36000,1.00139275766
67613,67619,73249,6,5630,2,36000,1.00106571936
67686,67692,73461,6,5769,2,36000,1.0010400416
67701,67707,73277,6,5570,2,36000,1.00107719928
67949,67955,72119,6,4164,2,36000,1.00144092219
67950,67961,73885,11,5924,2,36000,1.00185685348
68077,68083,72653,6,4570,2,36000,1.00131291028
68178,68184,72201,6,4017,2,36000,1.00149365198
68259,68265,74518,6,6253,2,36000,1.00095953942
68274,68280,74466,6,6186,2,36000,1.0009699321
68537,68544,73111,7,4567,2,36000,1.00153273484
68559,68565,74504,6,5939,2,36000,1.00101027109
68614,68620,74081,6,5461,2,36000,1.00109869987
68769,68775,73110,6,4335,2,36000,1.00138408304
68861,68868,73458,7,4590,2,36000,1.00152505447
68916,68922,74100,6,5178,2,36000,1.00115874855
68962,68968,73100,6,4132,2,36000,1.00145208132
69001,69008,73678,7,4670,2,36000,1.00149892934
69090,69096,74152,6,5056,2,36000,1.00118670886
69114,69120,75736,6,6616,2,36000,1.00090689238
69138,69144,74738,6,5594,2,36000,1.00107257776
69205,69210,74086,5,4876,2,36000,1.00102543068
69220,69226,74568,6,5342,2,36000,1.00112317484
69293,69299,73240,6,3941,2,36000,1.00152245623
69308,69314,74806,6,5492,2,36000,1.00109249818
69326,69332,75691,6,6359,2,36000,1.00094354458
69427,69433,73125,6,3692,2,36000,1.00162513543
69466,69473,75113,7,5640,2,36000,1.00124113475
69481,69488,73663,7,4175,2,36000,1.00167664671
69509,69515,75084,6,5569,2,36000,1.00107739271
69631,69637,75380,6,5743,2,36000,1.00104475013
69671,69677,74726,6,5049,2,36000,1.00118835413
69884,69890,75446,6,5556,2,36000,1.00107991361
69974,69980,76108,6,6128,2,36000,1.00097911227
69990,69996,75696,6,5700,2,36000,1.00105263158
69991,70002,75420,11,5418,2,36000,1.00203026947
70006,70012,75831,6,5819,2,36000,1.001031105
70021,70027,74904,6,4877,2,36000,1.00123026451
70088,70094,75587,6,5493,2,36000,1.00109229929
70090,70100,75641,10,5541,2,36000,1.00180472839
70130,70136,75279,6,5143,2,36000,1.00116663426
70200,70206,75553,6,5347,2,36000,1.00112212456
70225,70231,76246,6,6015,2,36000,1.00099750623
70240,70246,75685,6,5439,2,36000,1.00110314396
70256,70262,73287,6,3025,2,36000,1.00198347107
70271,70278,77000,7,6722,2,36000,1.00104135674
70273,70283,75792,10,5509,2,36000,1.00181521147
70364,70370,76249,6,5879,2,36000,1.00102058173
70501,70507,75242,6,4735,2,36000,1.00126715945
70625,70632,75273,7,4641,2,36000,1.00150829563
70662,70668,76529,6,5861,2,36000,1.00102371609
70704,70711,76734,7,6023,2,36000,1.00116221152
70774,70781,76443,7,5662,2,36000,1.00123631226
70814,70820,76609,6,5789,2,36000,1.00103644844
70836,70842,76420,6,5578,2,36000,1.00107565436
70912,70918,76406,6,5488,2,36000,1.00109329446
70927,70933,76928,6,5995,2,36000,1.00100083403
70964,70970,76040,6,5070,2,36000,1.00118343195
70992,70998,77367,6,6369,2,36000,1.00094206312
71091,71098,76566,7,5468,2,36000,1.00128017557
71149,71155,74410,6,3255,2,36000,1.00184331797
71384,71390,77021,6,5631,2,36000,1.0010655301
71415,71421,77378,6,5957,2,36000,1.0010072184
71430,71436,76943,6,5507,2,36000,1.00108952243
71431,71442,76717,11,5275,2,36000,1.00208530806
71612,71618,75406,6,3788,2,36000,1.00158394931
71677,71683,75809,6,4126,2,36000,1.00145419292
71741,71747,77418,6,5671,2,36000,1.00105801446
71756,71762,76342,6,4580,2,36000,1.00131004367
71783,71790,77170,7,5380,2,36000,1.00130111524
71841,71847,76132,6,4285,2,36000,1.00140023337
71863,71869,77084,6,5215,2,36000,1.00115052733
71878,71884,78595,6,6711,2,36000,1.00089405454
71905,71912,76703,7,4791,2,36000,1.00146107284
71984,71990,78102,6,6112,2,36000,1.00098167539
72064,72070,76206,6,4136,2,36000,1.00145067698
72119,72126,76275,7,4149,2,36000,1.00168715353
72134,72140,78256,6,6116,2,36000,1.00098103336
72202,72208,78539,6,6331,2,36000,1.00094771758
72216,72223,78042,7,5819,2,36000,1.00120295583
72259,72265,77734,6,5469,2,36000,1.0010970927
72314,72320,77359,6,5039,2,36000,1.00119071244
72450,72456,78413,6,5957,2,36000,1.0010072184
72465,72470,78562,5,6092,2,36000,1.00082074852
72553,72559,76932,6,4373,2,36000,1.0013720558
72655,72661,78465,6,5804,2,36000,1.00103376981
72683,72689,78230,6,5541,2,36000,1.00108283703
72800,72807,78064,7,5257,2,36000,1.00133155792
72819,72825,77682,6,4857,2,36000,1.00123533045
72895,72901,77949,6,5048,2,36000,1.00118858954
73100,73106,77132,6,4026,2,36000,1.00149031297
73116,73122,79679,6,6557,2,36000,1.00091505262
73118,73128,77587,10,4459,2,36000,1.0022426553
73119,73133,76483,14,3350,2,36000,1.00417910448
73134,73140,80380,6,7240,2,36000,1.00082872928
73216,73222,73223,6,1,2,3540,1.0
73222,73229,77247,7,4018,2,36000,1.00174216028
73241,73247,78073,6,4826,2,36000,1.00124326564
73256,73262,76853,6,3591,2,36000,1.00167084378
73278,73284,79034,6,5750,2,36000,1.00104347826
73294,73300,78303,6,5003,2,36000,1.00119928043
73460,73466,79081,6,5615,2,36000,1.00106856634
73475,73482,79454,7,5972,2,36000,1.00117213664
73663,73670,78047,7,4377,2,36000,1.00159926891
73678,73685,79329,7,5644,2,36000,1.00124025514
73700,73706,77130,6,3424,2,36000,1.00175233645
73887,73893,76944,6,3051,2,36000,1.00196656834
73902,73908,79092,6,5184,2,36000,1.00115740741
74082,74088,80912,6,6824,2,36000,1.00087924971
74097,74103,77871,6,3768,2,36000,1.00159235669
74112,74118,79381,6,5263,2,36000,1.0011400342
74155,74161,78363,6,4202,2,36000,1.00142789148
74417,74423,80082,6,5659,2,36000,1.001060258
74466,74472,78044,6,3572,2,36000,1.00167973124
74505,74512,80595,7,6083,2,36000,1.00115074799
74520,74527,80313,7,5786,2,36000,1.0012098168
74569,74575,79963,6,5388,2,36000,1.00111358575
74727,74734,80340,7,5606,2,36000,1.00124866215
74742,74749,79077,7,4328,2,36000,1.00161737523
74807,74813,78740,6,3927,2,36000,1.00152788388
74905,74911,80258,6,5347,2,36000,1.00112212456
75084,75090,80839,6,5749,2,36000,1.00104365977
75115,75121,81419,6,6298,2,36000,1.00095268339
75244,75250,80787,6,5537,2,36000,1.00108361929
75275,75281,80370,6,5089,2,36000,1.00117901356
75290,75296,79922,6,4626,2,36000,1.00129701686
75381,75387,79798,6,4411,2,36000,1.00136023577
75406,75412,81836,6,6424,2,36000,1.00093399751
75420,75427,80310,7,4883,2,36000,1.00143354495
75448,75454,81484,6,6030,2,36000,1.00099502488
75554,75561,80890,7,5329,2,36000,1.00131356727
75588,75594,80093,6,4499,2,36000,1.0013336297
75643,75649,80224,6,4575,2,36000,1.00131147541
75686,75692,81250,6,5558,2,36000,1.00107952501
75701,75707,79073,6,3366,2,36000,1.00178253119
75703,75713,80064,10,4351,2,36000,1.00229832222
75736,75742,81180,6,5438,2,36000,1.00110334682
75791,75797,81595,6,5798,2,36000,1.0010348396
75809,75815,81235,6,5420,2,36000,1.00110701107
75834,75840,81084,6,5244,2,36000,1.00114416476
76041,76047,81709,6,5662,2,36000,1.00105969622
76108,76114,80990,6,4876,2,36000,1.00123051682
76133,76139,81197,6,5058,2,36000,1.00118623962
76206,76212,79897,6,3685,2,36000,1.00162822252
76246,76252,81699,6,5447,2,36000,1.00110152377
76261,76267,81075,6,4808,2,36000,1.00124792013
76276,76282,79917,6,3635,2,36000,1.00165061898
76343,76348,81149,5,4801,2,36000,1.0010414497
76406,76413,81494,7,5081,2,36000,1.00137768156
76421,76428,82136,7,5708,2,36000,1.00122634898
76443,76449,80479,6,4030,2,36000,1.00148883375
76486,76492,81840,6,5348,2,36000,1.00112191473
76532,76538,82293,6,5755,2,36000,1.00104257168
76568,76575,82726,7,6151,2,36000,1.00113802634
76611,76618,82292,7,5674,2,36000,1.00123369757
76705,76711,83028,6,6317,2,36000,1.00094981795
76720,76726,81715,6,4989,2,36000,1.00120264582
76735,76741,82127,6,5386,2,36000,1.00111399926
76855,76861,81959,6,5098,2,36000,1.00117693213
76929,76935,80600,6,3665,2,36000,1.00163710778
76944,76950,82611,6,5661,2,36000,1.00105988341
76945,76956,82648,11,5692,2,36000,1.00193253689
76947,76961,80733,14,3772,2,36000,1.00371155885
77002,77008,82574,6,5566,2,36000,1.00107797341
77024,77030,81037,6,4007,2,36000,1.00149737959
77085,77091,81393,6,4302,2,36000,1.00139470014
77131,77137,82275,6,5138,2,36000,1.00116776956
77146,77153,81766,7,4613,2,36000,1.00151745068
77171,77177,82061,6,4884,2,36000,1.00122850123
77250,77256,82511,6,5255,2,36000,1.00114176974
77362,77368,81445,6,4077,2,36000,1.00147167035
77378,77384,82850,6,5466,2,36000,1.00109769484
77379,77390,82820,11,5430,2,36000,1.00202578269
77421,77427,82725,6,5298,2,36000,1.00113250283
77588,77594,83668,6,6074,2,36000,1.00098781692
77682,77688,82137,6,4449,2,36000,1.00134861767
77734,77740,83453,6,5713,2,36000,1.0010502363
77872,77878,83655,6,5777,2,36000,1.00103860135
77951,77957,81515,6,3558,2,36000,1.00168634064
78043,78049,83007,6,4958,2,36000,1.00121016539
78044,78055,82864,11,4809,2,36000,1.00228737783
78059,78066,81202,7,3136,2,36000,1.00223214286
78075,78081,81545,6,3464,2,36000,1.00173210162
78076,78087,85593,11,7506,2,36000,1.00146549427
78104,78110,83736,6,5626,2,36000,1.00106647707
78230,78236,84194,6,5958,2,36000,1.00100704935
78257,78263,81155,6,2892,2,36000,1.0020746888
78304,78310,83984,6,5674,2,36000,1.00105745506
78365,78371,83761,6,5390,2,36000,1.00111317254
78414,78420,83957,6,5537,2,36000,1.00108361929
78467,78473,82447,6,3974,2,36000,1.00150981379
78540,78546,84825,6,6279,2,36000,1.00095556617
78564,78571,84130,7,5559,2,36000,1.00125921928
78598,78604,84484,6,5880,2,36000,1.00102040816
78741,78747,84288,6,5541,2,36000,1.00108283703
79034,79040,84615,6,5575,2,36000,1.00107623318
79074,79080,84708,6,5628,2,36000,1.00106609808
79090,79096,84331,6,5235,2,36000,1.00114613181
79091,79102,82890,11,3788,2,36000,1.00290390707
79106,79112,83341,6,4229,2,36000,1.00141877512
79331,79338,84898,7,5560,2,36000,1.00125899281
79383,79389,85230,6,5841,2,36000,1.00102722137
79457,79463,85253,6,5790,2,36000,1.00103626943
79679,79686,85695,7,6009,2,36000,1.00116491929
79799,79805,85466,6,5661,2,36000,1.00105988341
79898,79904,85214,6,5310,2,36000,1.0011299435
79916,79923,85337,7,5414,2,36000,1.00129294422
79931,79938,85047,7,5109,2,36000,1.00137013114
79965,79972,85443,7,5471,2,36000,1.00127947359
80066,80073,86299,7,6226,2,36000,1.00112431738
80084,80091,85670,7,5579,2,36000,1.00125470514
80100,80106,85509,6,5403,2,36000,1.00111049417
80225,80231,83787,6,3556,2,36000,1.00168728909
80259,80265,86266,6,6001,2,36000,1.00099983336
80311,80317,85411,6,5094,2,36000,1.0011778563
80326,80332,85998,6,5666,2,36000,1.00105894811
80341,80347,86823,6,6476,2,36000,1.00092649784
80371,80377,86031,6,5654,2,36000,1.00106119561
80386,80392,86112,6,5720,2,36000,1.00104895105
80480,80486,86260,6,5774,2,36000,1.00103914098
80596,80602,85971,6,5369,2,36000,1.00111752654
80611,80617,86134,6,5517,2,36000,1.00108754758
80736,80742,86595,6,5853,2,36000,1.00102511533
80788,80794,86702,6,5908,2,36000,1.00101557211
80840,80846,86672,6,5826,2,36000,1.00102986612
80892,80898,86538,6,5640,2,36000,1.00106382979
80913,80920,86735,7,5815,2,36000,1.00120378332
80992,80999,85395,7,4396,2,36000,1.00159235669
81039,81045,86159,6,5114,2,36000,1.0011732499
81076,81082,85282,6,4200,2,36000,1.00142857143
81090,81097,86535,7,5438,2,36000,1.00128723796
81151,81158,87570,7,6412,2,36000,1.00109170306
81166,81172,86301,6,5129,2,36000,1.00116981868
81182,81188,86752,6,5564,2,36000,1.00107836089
81196,81203,84502,7,3299,2,36000,1.00212185511
81211,81217,84450,6,3233,2,36000,1.00185586143
81235,81242,87105,7,5863,2,36000,1.00119392802
81251,81257,87411,6,6154,2,36000,1.00097497563
81393,81400,87216,7,5816,2,36000,1.00120357634
81421,81427,85676,6,4249,2,36000,1.00141209696
81447,81453,84573,6,3120,2,36000,1.00192307692
81487,81493,86757,6,5264,2,36000,1.00113981763
81502,81508,87448,6,5940,2,36000,1.00101010101
81517,81523,85297,6,3774,2,36000,1.00158982512
81547,81553,85419,6,3866,2,36000,1.00155199172
81596,81602,85636,6,4034,2,36000,1.00148735746
81700,81706,86101,6,4395,2,36000,1.00136518771
81716,81722,87054,6,5332,2,36000,1.00112528132
81717,81728,85911,11,4183,2,36000,1.00262969161
81767,81773,85060,6,3287,2,36000,1.00182537268
81837,81843,87312,6,5469,2,36000,1.0010970927
81852,81858,86128,6,4270,2,36000,1.00140515222
81961,81967,87346,6,5379,2,36000,1.00111544897
82062,82068,88170,6,6102,2,36000,1.00098328417
82127,82133,87447,6,5314,2,36000,1.00112909296
82143,82148,87306,5,5158,2,36000,1.00096936797
82144,82154,88022,10,5868,2,36000,1.00170415815
82276,82282,87267,6,4985,2,36000,1.00120361083
82295,82301,87739,6,5438,2,36000,1.00110334682
82296,82307,87991,11,5684,2,36000,1.00193525686
82450,82456,87793,6,5337,2,36000,1.00112422709
82513,82520,85619,7,3099,2,36000,1.00225879316
82574,82581,88474,7,5893,2,36000,1.00118784999
82611,82617,87144,6,4527,2,36000,1.00132538105
82651,82657,85702,6,3045,2,36000,1.00197044335
82726,82732,88128,6,5396,2,36000,1.00111193477
82727,82738,86713,11,3975,2,36000,1.0027672956
82822,82828,88349,6,5521,2,36000,1.00108675964
82850,82856,87880,6,5024,2,36000,1.00119426752
82865,82871,88462,6,5591,2,36000,1.00107315328
82892,82899,87537,7,4638,2,36000,1.00150927124
83008,83014,88046,6,5032,2,36000,1.00119236884
83030,83036,88153,6,5117,2,36000,1.00117256205
83342,83348,89088,6,5740,2,36000,1.00104529617
83455,83461,89208,6,5747,2,36000,1.00104402297
83658,83664,88994,6,5330,2,36000,1.00112570356
83673,83679,89525,6,5846,2,36000,1.0010263428
83737,83743,89167,6,5424,2,36000,1.00110619469
83761,83767,87035,6,3268,2,36000,1.00183598531
83789,83795,89775,6,5980,2,36000,1.00100334448
83960,83966,90246,6,6280,2,36000,1.00095541401
83984,83990,88041,6,4051,2,36000,1.00148111577
84130,84136,89423,6,5287,2,36000,1.00113485909
84194,84201,89960,7,5759,2,36000,1.0012154888
84289,84295,88581,6,4286,2,36000,1.00139990667
84331,84338,89678,7,5340,2,36000,1.00131086142
84451,84457,89630,6,5173,2,36000,1.00115986855
84485,84491,90295,6,5804,2,36000,1.00103376981
84503,84509,90921,6,6412,2,36000,1.00093574548
84575,84581,90023,6,5442,2,36000,1.00110253583
84616,84623,90083,7,5460,2,36000,1.00128205128
84708,84714,90158,6,5444,2,36000,1.00110213079
84823,84829,90063,6,5234,2,36000,1.00114635078
84901,84907,90137,6,5230,2,36000,1.00114722753
85048,85054,90836,6,5782,2,36000,1.00103770322
85063,85069,90970,6,5901,2,36000,1.00101677682
85215,85221,88519,6,3298,2,36000,1.00181928441
85233,85239,90589,6,5350,2,36000,1.00112149533
85255,85261,91098,6,5837,2,36000,1.0010279253
85282,85288,91323,6,6035,2,36000,1.0009942005
85297,85303,90789,6,5486,2,36000,1.00109369304
85337,85343,89689,6,4346,2,36000,1.00138057984
85395,85401,90501,6,5100,2,36000,1.00117647059
85410,85417,90401,7,4984,2,36000,1.00140449438
85425,85432,88466,7,3034,2,36000,1.00230718523
85444,85450,89947,6,4497,2,36000,1.00133422282
85468,85474,91005,6,5531,2,36000,1.00108479479
85511,85517,90558,6,5041,2,36000,1.00119024003
85593,85599,90572,6,4973,2,36000,1.00120651518
85620,85626,90897,6,5271,2,36000,1.00113830393
85636,85642,88852,6,3210,2,36000,1.00186915888
85672,85678,90974,6,5296,2,36000,1.00113293051
85687,85693,91424,6,5731,2,36000,1.00104693771
85702,85708,89887,6,4179,2,36000,1.00143575018
85704,85714,89090,10,3376,2,36000,1.00296208531
85911,85918,91293,7,5375,2,36000,1.00130232558
85970,85976,91134,6,5158,2,36000,1.00116324157
86000,86006,90927,6,4921,2,36000,1.00121926438
86033,86039,89576,6,3537,2,36000,1.00169635284
86103,86109,91421,6,5312,2,36000,1.00112951807
86118,86125,91728,7,5603,2,36000,1.00124933072
86134,86140,92750,6,6610,2,36000,1.00090771558
86135,86146,90381,11,4235,2,36000,1.0025974026
86160,86166,91239,6,5073,2,36000,1.00118273211
86260,86266,92326,6,6060,2,36000,1.00099009901
86275,86281,92108,6,5827,2,36000,1.00102968938
86300,86306,92149,6,5843,2,36000,1.00102686976
86301,86312,89901,11,3589,2,36000,1.00306492059
86537,86543,92256,6,5713,2,36000,1.0010502363
86552,86558,92135,6,5577,2,36000,1.00107584723
86597,86604,90372,7,3768,2,36000,1.00185774947
86673,86680,92314,7,5634,2,36000,1.00124245651
86705,86711,92225,6,5514,2,36000,1.00108813928
86720,86726,93082,6,6356,2,36000,1.00094398993
86735,86741,92836,6,6095,2,36000,1.00098441345
86754,86760,91979,6,5219,2,36000,1.00114964553
86769,86775,90306,6,3531,2,36000,1.00169923534
86823,86830,92660,7,5830,2,36000,1.00120068611
87036,87042,92708,6,5666,2,36000,1.00105894811
87055,87061,92609,6,5548,2,36000,1.0010814708
87106,87113,93202,7,6089,2,36000,1.00114961406
87146,87153,92571,7,5418,2,36000,1.00129198966
87217,87223,91387,6,4164,2,36000,1.00144092219
87270,87276,91491,6,4215,2,36000,1.00142348754
87307,87313,90698,6,3385,2,36000,1.00177252585
87322,87328,93118,6,5790,2,36000,1.00103626943
87346,87352,92729,6,5377,2,36000,1.00111586386
87413,87419,92132,6,4713,2,36000,1.00127307447
87447,87453,91258,6,3805,2,36000,1.00157687254
87449,87459,90912,10,3453,2,36000,1.00289603244
87537,87543,90577,6,3034,2,36000,1.00197758734
87571,87577,93445,6,5868,2,36000,1.00102249489
87741,87748,92860,7,5112,2,36000,1.00136932707
87793,87799,91267,6,3468,2,36000,1.00173010381
87882,87888,93690,6,5802,2,36000,1.00103412616
87992,87999,94164,7,6165,2,36000,1.00113544201
88023,88029,94188,6,6159,2,36000,1.00097418412
88041,88047,93961,6,5914,2,36000,1.00101454177
88056,88062,94054,6,5992,2,36000,1.00100133511
88129,88135,91916,6,3781,2,36000,1.00158688178
88156,88163,93701,7,5538,2,36000,1.00126399422
88171,88178,92934,7,4756,2,36000,1.00147182506
88349,88356,94144,7,5788,2,36000,1.00120939876
88463,88469,94667,6,6198,2,36000,1.00096805421
88478,88484,93789,6,5305,2,36000,1.00113100848
88479,88490,94385,11,5895,2,36000,1.00186598813
88519,88525,92705,6,4180,2,36000,1.0014354067
88583,88590,91967,7,3377,2,36000,1.00207284572
88854,88860,93194,6,4334,2,36000,1.0013844024
88994,89000,95511,6,6511,2,36000,1.00092151743
89089,89095,93142,6,4047,2,36000,1.00148257969
89104,89110,94925,6,5815,2,36000,1.00103181427
89168,89174,92728,6,3554,2,36000,1.0016882386
89211,89217,93432,6,4215,2,36000,1.00142348754
89424,89430,94907,6,5477,2,36000,1.00109549023
89527,89533,95317,6,5784,2,36000,1.0010373444
89578,89584,93408,6,3824,2,36000,1.00156903766
89633,89640,95422,7,5782,2,36000,1.00121065375
89679,89685,94555,6,4870,2,36000,1.00123203285
89694,89700,95868,6,6168,2,36000,1.00097276265
89777,89783,95820,6,6037,2,36000,1.00099387113
89889,89895,95574,6,5679,2,36000,1.00105652404
89904,89910,95895,6,5985,2,36000,1.00100250627
89947,89953,94376,6,4423,2,36000,1.00135654533
89962,89968,93944,6,3976,2,36000,1.00150905433
90023,90029,94233,6,4204,2,36000,1.00142721218
90066,90072,95566,6,5494,2,36000,1.00109210047
90084,90090,96108,6,6018,2,36000,1.00099700897
90139,90145,93868,6,3723,2,36000,1.00161160355
90160,90166,94131,6,3965,2,36000,1.00151324086
90242,90248,93368,6,3120,2,36000,1.00192307692
90297,90303,95564,6,5261,2,36000,1.00114046759
90312,90318,95922,6,5604,2,36000,1.00107066381
90373,90379,94375,6,3996,2,36000,1.0015015015
90388,90395,96523,7,6128,2,36000,1.00114229765
90404,90410,95372,6,4962,2,36000,1.00120918984
90504,90510,95660,6,5150,2,36000,1.00116504854
90559,90566,95761,7,5195,2,36000,1.00134744947
90575,90581,96921,6,6340,2,36000,1.00094637224
90590,90596,93828,6,3232,2,36000,1.00185643564
90591,90602,94088,11,3486,2,36000,1.00315547906
90699,90705,96369,6,5664,2,36000,1.00105932203
90791,90797,95046,6,4249,2,36000,1.00141209696
90839,90846,95557,7,4711,2,36000,1.0014858841
90901,90907,96577,6,5670,2,36000,1.00105820106
90916,90922,96908,6,5986,2,36000,1.00100233879
90931,90937,97311,6,6374,2,36000,1.00094132413
90932,90943,96239,11,5296,2,36000,1.00207703927
90973,90979,96502,6,5523,2,36000,1.00108636611
90987,90994,96382,7,5388,2,36000,1.00129918337
91006,91012,96386,6,5374,2,36000,1.00111648679
91100,91106,96591,6,5485,2,36000,1.00109389243
91137,91143,96659,6,5516,2,36000,1.00108774474
91240,91247,97145,7,5898,2,36000,1.001186843
91259,91265,96644,6,5379,2,36000,1.00111544897
91274,91280,96874,6,5594,2,36000,1.00107257776
91295,91302,97426,7,6124,2,36000,1.00114304376
91326,91332,95140,6,3808,2,36000,1.00157563025
91387,91394,97080,7,5686,2,36000,1.00123109391
91421,91427,95924,6,4497,2,36000,1.00133422282
91436,91443,96302,7,4859,2,36000,1.00144062564
91491,91497,96159,6,4662,2,36000,1.00128700129
91730,91736,96236,6,4500,2,36000,1.00133333333
91918,91924,97990,6,6066,2,36000,1.00098911968
91970,91976,97434,6,5458,2,36000,1.00109930377
91985,91991,97838,6,5847,2,36000,1.00102616727
92110,92116,97520,6,5404,2,36000,1.00111028868
92135,92141,96139,6,3998,2,36000,1.00150075038
92136,92147,98299,11,6152,2,36000,1.00178803641
92151,92157,98846,6,6689,2,36000,1.00089699507
92227,92233,98473,6,6240,2,36000,1.00096153846
92258,92264,97916,6,5652,2,36000,1.00106157113
92317,92323,96356,6,4033,2,36000,1.00148772626
92332,92338,96412,6,4074,2,36000,1.00147275405
92574,92580,97311,6,4731,2,36000,1.00126823082
92609,92615,96798,6,4183,2,36000,1.00143437724
92660,92666,98527,6,5861,2,36000,1.00102371609
92707,92713,98196,6,5483,2,36000,1.00109429145
92722,92728,98657,6,5929,2,36000,1.00101197504
92737,92743,98126,6,5383,2,36000,1.0011146201
92738,92749,98135,11,5386,2,36000,1.00204233197
92754,92760,98547,6,5787,2,36000,1.00103680664
92836,92843,99195,7,6352,2,36000,1.00110201511
92861,92868,97766,7,4898,2,36000,1.00142915476
92935,92941,98501,6,5560,2,36000,1.00107913669
93082,93088,98671,6,5583,2,36000,1.00107469103
93119,93125,99215,6,6090,2,36000,1.00098522167
93144,93150,98312,6,5162,2,36000,1.00116234018
93197,93203,97294,6,4091,2,36000,1.00146663407
93212,93218,99262,6,6044,2,36000,1.00099272005
93298,93304,93640,6,336,1,1800,1.01785714286
93370,93377,96980,7,3603,2,36000,1.00194282542
93410,93416,98787,6,5371,2,36000,1.00111711041
93435,93441,99778,6,6337,2,36000,1.00094682026
93450,93456,98970,6,5514,2,36000,1.00108813928
93654,93661,93684,7,23,2,86400,1.30434782609
93690,93696,99453,6,5757,2,36000,1.00104220948
93705,93711,99463,6,5752,2,36000,1.00104311544
93791,93797,99021,6,5224,2,36000,1.00114854518
93830,93837,98069,7,4232,2,36000,1.00165406427
93870,93876,99797,6,5921,2,36000,1.00101334234
93947,93953,99334,6,5381,2,36000,1.00111503438
93962,93968,98265,6,4297,2,36000,1.00139632302
94056,94062,99345,6,5283,2,36000,1.00113571834
94090,94096,99644,6,5548,2,36000,1.0010814708
94133,94139,100187,6,6048,2,36000,1.00099206349
94148,94154,99972,6,5818,2,36000,1.00103128223
94167,94173,97571,6,3398,2,36000,1.00176574456
94188,94194,98852,6,4658,2,36000,1.00128810648
94234,94240,99605,6,5365,2,36000,1.00111835974
94379,94385,99823,6,5438,2,36000,1.00110334682
94380,94391,100228,11,5837,2,36000,1.00188452972
94395,94401,99421,6,5020,2,36000,1.00119521912
94560,94566,100081,6,5515,2,36000,1.00108794198
94668,94675,100415,7,5740,2,36000,1.0012195122
94820,94827,94828,7,1,2,3540,1.0
94908,94914,101216,6,6302,2,36000,1.00095207871
94927,94933,99849,6,4916,2,36000,1.00122050448
95046,95052,100354,6,5302,2,36000,1.00113164843
95140,95146,98903,6,3757,2,36000,1.0015970189
95318,95324,100883,6,5559,2,36000,1.00107933081
95372,95378,100835,6,5457,2,36000,1.00109950522
95423,95429,99471,6,4042,2,36000,1.00148441366
95512,95518,101709,6,6191,2,36000,1.00096914876
95557,95564,101102,7,5538,2,36000,1.00126399422
95573,95579,101588,6,6009,2,36000,1.00099850225
95575,95585,100046,10,4461,2,36000,1.00224164985
95576,95590,101182,14,5592,2,36000,1.00250357654
95661,95667,101089,6,5422,2,36000,1.00110660273
95699,95706,95881,7,175,1,3600,1.04
95763,95769,99087,6,3318,2,36000,1.00180831826
95821,95828,100209,7,4381,2,36000,1.00159780872
95870,95877,99460,7,3583,2,36000,1.00195367011
95898,95904,101629,6,5725,2,36000,1.00104803493
95925,95932,100725,7,4793,2,36000,1.00146046318
95927,95938,102080,11,6142,2,36000,1.00179094757
96050,96056,96407,6,351,1,3600,1.01709401709
96110,96116,101965,6,5849,2,36000,1.00102581638
96141,96147,101690,6,5543,2,36000,1.00108244633
96162,96168,99662,6,3494,2,36000,1.00171722954
96237,96243,102017,6,5774,2,36000,1.00103914098
96252,96258,101708,6,5450,2,36000,1.00110091743
96303,96310,101366,7,5056,2,36000,1.00138449367
96356,96363,99620,7,3257,2,36000,1.00214921707
96372,96378,100575,6,4197,2,36000,1.00142959257
96387,96393,102446,6,6053,2,36000,1.00099124401
96389,96399,101656,10,5257,2,36000,1.0019022256
96413,96419,100461,6,4042,2,36000,1.00148441366
96502,96508,102222,6,5714,2,36000,1.0010500525
96523,96530,102174,7,5644,2,36000,1.00124025514
96579,96585,102235,6,5650,2,36000,1.0010619469
96594,96600,101069,6,4469,2,36000,1.00134258223
96647,96653,99722,6,3069,2,36000,1.00195503421
96662,96668,102072,6,5404,2,36000,1.00111028868
96750,96756,97598,6,842,1,3600,1.00712589074
96800,96806,99959,6,3153,2,36000,1.00190294957
96873,96879,103322,6,6443,2,36000,1.00093124321
96910,96916,102532,6,5616,2,36000,1.00106837607
96925,96932,102108,7,5176,2,36000,1.00135239567
96983,96989,102972,6,5983,2,36000,1.00100284138
97081,97087,102140,6,5053,2,36000,1.00118741342
97145,97151,101909,6,4758,2,36000,1.00126103405
97295,97301,102765,6,5464,2,36000,1.00109809663
97314,97320,102881,6,5561,2,36000,1.00107894264
97315,97326,103099,11,5773,2,36000,1.00190542179
97428,97434,103466,6,6032,2,36000,1.00099469496
97443,97449,101017,6,3568,2,36000,1.00168161435
97522,97528,101796,6,4268,2,36000,1.00140581068
97574,97580,101573,6,3993,2,36000,1.0015026296
97771,97778,101686,7,3908,2,36000,1.00179119754
97839,97845,100889,6,3044,2,36000,1.00197109067
97918,97924,103453,6,5529,2,36000,1.00108518719
97992,97998,103833,6,5835,2,36000,1.00102827763
98071,98078,104500,7,6422,2,36000,1.00109000311
98128,98134,103528,6,5394,2,36000,1.00111234705
98143,98149,103458,6,5309,2,36000,1.00113015634
98200,98206,103420,6,5214,2,36000,1.00115074799
98268,98274,102188,6,3914,2,36000,1.00153295861
98302,98308,103983,6,5675,2,36000,1.00105726872
98317,98323,104136,6,5813,2,36000,1.00103216928
98475,98481,104037,6,5556,2,36000,1.00107991361
98503,98509,103991,6,5482,2,36000,1.00109449106
98528,98534,104156,6,5622,2,36000,1.00106723586
98550,98556,102217,6,3661,2,36000,1.00163889648
98658,98664,102392,6,3728,2,36000,1.00160944206
98673,98679,103392,6,4713,2,36000,1.00127307447
98789,98795,104337,6,5542,2,36000,1.00108264165
98799,98805,98916,6,111,1,3600,1.05405405405
98847,98853,104518,6,5665,2,36000,1.00105913504
98862,98868,102313,6,3445,2,36000,1.00174165457
98905,98911,102305,6,3394,2,36000,1.00176782557
98974,98980,103203,6,4223,2,36000,1.00142079091
99024,99031,103943,7,4912,2,36000,1.00142508143
99085,99091,99403,6,312,1,3600,1.01923076923
99089,99097,105142,8,6045,2,36000,1.00132340778
99197,99203,105228,6,6025,2,36000,1.00099585062
99219,99225,103717,6,4492,2,36000,1.00133570793
99239,99245,99417,6,172,1,3600,1.03488372093
99263,99269,104624,6,5355,2,36000,1.00112044818
99335,99341,103362,6,4021,2,36000,1.00149216613
99350,99356,105199,6,5843,2,36000,1.00102686976
99425,99432,105209,7,5777,2,36000,1.00121170158
99456,99462,105457,6,5995,2,36000,1.00100083403
99472,99478,104978,6,5500,2,36000,1.00109090909
99473,99484,103940,11,4456,2,36000,1.00246858169
99475,99489,105389,14,5900,2,36000,1.00237288136
99581,99587,99934,6,347,1,3600,1.01729106628
99607,99613,105074,6,5461,2,36000,1.00109869987
99622,99628,104340,6,4712,2,36000,1.00127334465
99647,99653,105900,6,6247,2,36000,1.00096046102
99662,99668,105220,6,5552,2,36000,1.00108069164
99724,99730,105901,6,6171,2,36000,1.00097228974
99780,99786,105206,6,5420,2,36000,1.00110701107
99799,99805,103163,6,3358,2,36000,1.00178677784
99824,99830,104965,6,5135,2,36000,1.0011684518
99851,99858,105695,7,5837,2,36000,1.00119924619
99858,99864,100468,6,604,1,3600,1.00993377483
99962,99968,105499,6,5531,2,36000,1.00108479479
99977,99983,104039,6,4056,2,36000,1.00147928994
100047,100056,105486,9,5430,2,36000,1.00165745856
100084,100090,105781,6,5691,2,36000,1.00105429626
100188,100194,105816,6,5622,2,36000,1.00106723586
100209,100215,105448,6,5233,2,36000,1.00114656985
100230,100237,105612,7,5375,2,36000,1.00130232558
100295,100301,101127,6,826,1,3600,1.00726392252
100355,100361,105696,6,5335,2,36000,1.00112464855
100417,100423,106099,6,5676,2,36000,1.00105708245
100463,100469,104029,6,3560,2,36000,1.00168539326
100577,100583,105678,6,5095,2,36000,1.00117762512
100727,100733,105534,6,4801,2,36000,1.00124973964
100838,100845,104994,7,4149,2,36000,1.00168715353
100885,100892,106304,7,5412,2,36000,1.00129342203
100901,100908,105012,7,4104,2,36000,1.00170565302
101019,101025,104342,6,3317,2,36000,1.00180886343
101071,101077,106901,6,5824,2,36000,1.00103021978
101089,101095,106563,6,5468,2,36000,1.00109729334
101104,101110,106396,6,5286,2,36000,1.00113507378
101186,101192,106006,6,4814,2,36000,1.00124636477
101201,103728,113356,2527,9628,64,54000,1.26246364769
101210,105913,111610,4703,5697,64,54000,1.82552220467
101216,111621,113349,10405,1728,64,54000,7.02141203704
101219,101225,106851,6,5626,2,36000,1.00106647707
101228,114261,134811,13033,20550,64,54000,1.63420924574
101368,101374,106624,6,5250,2,36000,1.00114285714
101576,101582,107384,6,5802,2,36000,1.00103412616
101592,101598,106983,6,5385,2,36000,1.00111420613
101632,101638,105148,6,3510,2,36000,1.00170940171
101656,101663,107129,7,5466,2,36000,1.00128064398
101688,101694,105619,6,3925,2,36000,1.00152866242
101703,101709,106707,6,4998,2,36000,1.00120048019
101719,101725,107712,6,5987,2,36000,1.00100217137
101720,101731,107275,11,5544,2,36000,1.00198412698
101796,101802,104817,6,3015,2,36000,1.00199004975
101913,101919,105359,6,3440,2,36000,1.00174418605
101965,101971,106680,6,4709,2,36000,1.00127415587
102018,102024,107359,6,5335,2,36000,1.00112464855
102074,102080,107054,6,4974,2,36000,1.00120627262
102089,102095,106269,6,4174,2,36000,1.00143747005
102111,102117,107592,6,5475,2,36000,1.00109589041
102141,102147,107219,6,5072,2,36000,1.0011829653
102175,102181,107813,6,5632,2,36000,1.00106534091
102191,102197,105071,6,2874,2,36000,1.00208768267
102219,102225,107707,6,5482,2,36000,1.00109449106
102235,102241,106804,6,4563,2,36000,1.00131492439
102236,102247,106547,11,4300,2,36000,1.00255813953
102307,102313,108600,6,6287,2,36000,1.00095435025
102323,102329,107976,6,5647,2,36000,1.00106251107
102344,102350,102466,6,116,1,3600,1.05172413793
102393,102403,107974,10,5571,2,36000,1.00179500987
102449,102983,108797,534,5814,2,36000,1.09184726522
102535,103464,109050,929,5586,2,36000,1.16630862871
102635,102641,102954,6,313,1,3600,1.01916932907
102767,103477,109190,710,5713,2,36000,1.12427796254
102856,102862,103031,6,169,2,1800,1.03550295858
102882,103844,107211,962,3367,2,36000,1.28571428571
102951,102957,103075,6,118,1,1800,1.05084745763
102973,104040,109844,1067,5804,2,36000,1.18383873191
103101,104353,107821,1252,3468,2,36000,1.36101499423
103164,104635,110117,1471,5482,2,36000,1.26833272528
103204,104828,109934,1624,5106,2,36000,1.31805718762
103322,105083,111154,1761,6071,2,36000,1.29006753418
103364,105089,109591,1725,4502,2,36000,1.38316303865
103372,103378,103492,6,114,1,1800,1.05263157895
103392,105159,110653,1767,5494,2,36000,1.32162358937
103398,103405,104010,7,605,1,3600,1.01157024793
103422,105217,109433,1795,4216,2,36000,1.42575901328
103455,105371,110996,1916,5625,2,36000,1.34062222222
103470,105497,110984,2027,5487,2,36000,1.36941862584
103472,105624,108838,2152,3214,2,36000,1.6695706285
103532,105630,109276,2098,3646,2,36000,1.57542512342
103717,105706,109658,1989,3952,2,36000,1.50328947368
103835,106018,109288,2183,3270,2,36000,1.66758409786
103936,106110,110464,2174,4354,2,36000,1.49931097841
103952,106280,111444,2328,5164,2,36000,1.45081332301
103984,106315,111050,2331,4735,2,36000,1.49229144667
104000,106407,111554,2407,5147,2,36000,1.46765105887
104027,106558,112265,2531,5707,2,36000,1.44349045032
104044,106574,111401,2530,4827,2,36000,1.52413507354
104045,106636,112333,2591,5697,2,36000,1.45480077234
104137,106691,112391,2554,5700,2,36000,1.44807017544
104145,104151,104728,6,577,1,1800,1.01039861352
104156,106718,112019,2562,5301,2,36000,1.48330503679
104337,106815,113491,2478,6676,2,36000,1.37118034751
104353,106862,110373,2509,3511,2,36000,1.71461122187
104355,106912,112220,2557,5308,2,36000,1.48172569706
104500,106994,112326,2494,5332,2,36000,1.46774193548
104519,107066,112081,2547,5015,2,36000,1.50787637089
104626,107140,112932,2514,5792,2,36000,1.43404696133
104636,104642,105510,6,868,2,1200,1.0069124424
104818,107223,112937,2405,5714,2,36000,1.4208960448
104967,107230,113416,2263,6186,2,36000,1.36582605884
104983,107286,113000,2303,5714,2,36000,1.40304515226
104998,107370,112579,2372,5209,2,36000,1.45536571319
105013,107395,111696,2382,4301,2,36000,1.55382469193
105072,107604,111590,2532,3986,2,36000,1.63522328149
105073,107719,112977,2646,5258,2,36000,1.50323316851
105143,107725,113822,2582,6097,2,36000,1.4234869608
105159,107825,112966,2666,5141,2,36000,1.5185761525
105201,107832,111843,2631,4011,2,36000,1.65594614809
105219,107985,111427,2766,3442,2,36000,1.80360255665
105220,107991,112794,2771,4803,2,36000,1.57693108474
105236,108611,113608,3375,4997,2,36000,1.67540524315
105237,108808,114264,3571,5456,2,36000,1.65450879765
105361,108850,113212,3489,4362,2,36000,1.79986244842
105390,109061,114409,3671,5348,2,36000,1.68642483171
105448,109201,115108,3753,5907,2,36000,1.63534789233
105463,109287,115070,3824,5783,2,36000,1.66124848694
105485,109299,115047,3814,5748,2,36000,1.66353514266
105499,114268,115850,8769,1582,1,536400,6.54298356511
105501,109444,114592,3943,5148,2,36000,1.76592851593
105511,117177,135158,11666,17981,2,86400,1.64879595128
105534,109602,115059,4068,5457,2,36000,1.74546454096
105553,118343,118357,12790,14,2,86400,914.571428571
105562,118369,118377,12807,8,2,86400,1281.5
105567,118388,118404,12821,16,2,86400,802.3125
105571,118410,118425,12839,15,2,86400,856.933333333
105574,118432,118439,12858,7,2,86400,1286.5
105578,118445,118453,12867,8,2,86400,1287.5
105581,118459,118466,12878,7,2,86400,1288.5
105584,118477,118484,12893,7,2,86400,1290.0
105587,118495,118502,12908,7,2,86400,1291.5
105590,118514,118521,12924,7,2,86400,1293.1
105593,119476,119494,13883,18,2,86400,772.277777778
105596,119500,119513,13904,13,2,86400,1070.53846154
105599,119519,119526,13920,7,2,86400,1392.7
105603,119532,119539,13929,7,2,86400,1393.6
105606,119545,119553,13939,8,2,86400,1394.7
105610,119559,119568,13949,9,2,86400,1395.8
105613,109669,115127,4056,5458,2,36000,1.74312935141
105628,109856,114646,4228,4790,2,36000,1.88267223382
105629,105636,105801,7,165,2,1800,1.04242424242
105676,109945,116051,4269,6106,2,36000,1.69914837864
105696,110129,116196,4433,6067,2,36000,1.73067413878
105698,110385,115654,4687,5269,2,36000,1.88954260771
105782,110475,116233,4693,5758,2,36000,1.81503994443
105817,110664,115354,4847,4690,2,36000,2.03347547974
105899,110995,114385,5096,3390,2,36000,2.50324483776
105914,111008,116570,5094,5562,2,36000,1.91585760518
106006,111061,117129,5055,6068,2,36000,1.83305866842
106101,111165,114335,5064,3170,2,36000,2.59747634069
106271,111412,116950,5141,5538,2,36000,1.92831347057
106305,111438,115593,5133,4155,2,36000,2.23537906137
106396,111455,116340,5059,4885,2,36000,2.03561924258
106397,115861,115909,9464,48,1,1800,198.166666667
106547,111565,114514,5018,2949,2,36000,2.7015937606
106562,111601,116627,5039,5026,2,36000,2.00258654994
106587,115919,116040,9332,121,1,1800,78.1239669421
106626,111707,116516,5081,4809,2,36000,2.05656061551
106681,111854,117129,5173,5275,2,36000,1.98066350711
106709,112031,117074,5322,5043,2,36000,2.05532421178
106803,112092,116631,5289,4539,2,36000,2.16523463318
106852,112231,117129,5379,4898,2,36000,2.09820334831
106901,112276,117129,5375,4853,2,36000,2.10756233258
106981,112337,117129,5356,4792,2,36000,2.11769616027
107055,112345,117129,5290,4784,2,36000,2.10576923077
107129,112403,117129,5274,4726,2,36000,2.11595429539
107212,112590,116741,5378,4151,2,36000,2.29559142375
107227,112805,116875,5578,4070,2,36000,2.37051597052
107276,112943,117129,5667,4186,2,36000,2.35379837554
107359,112949,117129,5590,4180,2,36000,2.33732057416
107386,112977,117129,5591,4152,2,36000,2.34657996146
107593,112988,117129,5395,4141,2,36000,2.30282540449
107706,113011,117129,5305,4118,2,36000,2.28824672171
107722,113224,117130,5502,3906,2,36000,2.40860215054
107813,113427,117130,5614,3703,2,36000,2.51606805293
107828,113502,117130,5674,3628,2,36000,2.56394707828
107974,113619,117130,5645,3511,2,36000,2.60780404443
107976,113833,117130,5857,3297,2,36000,2.77646345162
108602,114273,117130,5671,2857,2,36000,2.98494924746
108798,114279,117130,5481,2851,2,36000,2.92248333918
108838,114284,117130,5446,2846,2,36000,2.91356289529
109051,114289,117130,5238,2841,2,36000,2.84371700106
109189,114294,117130,5105,2836,2,36000,2.80007052186
109276,114299,117130,5023,2831,2,36000,2.77428470505
109291,114304,117130,5013,2826,2,36000,2.77388535032
109432,114310,117130,4878,2820,2,36000,2.72978723404
109593,114315,117130,4722,2815,2,36000,2.67744227353
109660,114320,117130,4660,2810,2,36000,2.65836298932
109843,114325,117130,4482,2805,2,36000,2.59786096257
109934,114330,117130,4396,2800,2,36000,2.57
110115,114336,117130,4221,2794,2,36000,2.5107372942
110374,114341,117130,3967,2789,2,36000,2.42237361061
110466,114346,117130,3880,2784,2,36000,2.39367816092
110656,114351,117130,3695,2779,2,36000,2.32961496941
110984,114356,117130,3372,2774,2,36000,2.21557317952
110999,114362,117130,3363,2768,2,36000,2.2149566474
111048,114367,117130,3319,2763,2,36000,2.20123054651
111156,114372,117130,3216,2758,2,36000,2.16606236403
111403,114377,117130,2974,2753,2,36000,2.08027606248
111428,114382,117130,2954,2748,2,36000,2.0749636099
111443,114388,117130,2945,2742,2,36000,2.07403355215
111557,114393,117130,2836,2737,2,36000,2.03617099014
111591,114398,117130,2807,2732,2,36000,2.02745241581
111699,114403,117130,2704,2727,2,36000,1.99156582325
111843,114408,117130,2565,2722,2,36000,1.94232182219
112019,114413,117130,2394,2717,2,36000,1.88111888112
112079,114419,117130,2340,2711,2,36000,1.8631501291
112222,114424,117130,2202,2706,2,36000,1.81374722838
112265,114429,117130,2164,2701,2,36000,1.80118474639
112326,114434,117130,2108,2696,2,36000,1.78189910979
112341,114440,117130,2099,2690,2,36000,1.78029739777
112393,114446,117130,2053,2684,2,36000,1.76490312966
112580,114451,117130,1871,2679,2,36000,1.69839492348
112794,114456,117130,1662,2674,2,36000,1.6215407629
112933,114526,117130,1593,2604,2,36000,1.61175115207
112948,114603,117130,1655,2527,2,36000,1.65492679066
112968,114658,117130,1690,2472,2,36000,1.68365695793
112983,115058,117130,2075,2072,2,36000,2.00144787645
113002,115070,117130,2068,2060,2,36000,2.00388349515
113214,115081,117130,1867,2049,2,36000,1.9111761835
113416,115119,117130,1703,2011,2,36000,1.84684236698
113493,115138,117130,1645,1992,2,36000,1.82580321285
113607,115365,117130,1758,1765,2,36000,1.99603399433
113825,115604,117130,1779,1526,2,36000,2.16579292267
114265,115665,117130,1400,1465,2,36000,1.95563139932
114336,116063,117130,1727,1067,2,36000,2.61855670103
114386,117198,117199,2812,1,1,54000,281.3
114386,116207,117130,1821,923,2,36000,2.97291440953
114396,117203,117204,2807,1,1,54000,280.8
114405,117208,117209,2803,1,1,54000,280.4
114411,116245,117130,1834,885,2,36000,3.07231638418
114414,117182,118370,2768,1188,1,36000,3.32996632997
114425,117224,117225,2799,1,1,54000,280.0
114516,116352,117130,1836,778,2,36000,3.35989717224
114595,116527,117130,1932,603,2,36000,4.2039800995
114647,116581,117130,1934,549,2,36000,4.52276867031
115049,116638,117130,1589,492,2,36000,4.22967479675
115064,116644,117130,1580,486,2,36000,4.25102880658
115080,116752,117130,1672,378,2,36000,5.42328042328
115110,116886,117130,1776,244,2,36000,8.27868852459
115129,116962,117130,1833,168,2,36000,11.9107142857
115357,117086,117130,1729,44,2,36000,40.2954545455
116223,117187,117261,964,74,1,1800,14.027027027
116363,117193,117302,830,109,1,1800,8.61467889908
117199,117230,122610,31,5380,2,36000,1.00576208178
117200,117235,122543,35,5308,2,36000,1.00659382065
117201,117241,122659,40,5418,2,36000,1.00738279808
117203,117246,122430,43,5184,2,36000,1.00829475309
117204,117251,122685,47,5434,2,36000,1.00864924549
117205,117256,122660,51,5404,2,36000,1.00943745374
117207,117262,122906,55,5644,2,36000,1.0097448618
117208,117267,122722,59,5455,2,36000,1.01081576535
117209,117272,122807,63,5535,2,36000,1.01138211382
117211,117277,122216,66,4939,2,36000,1.01336302895
117212,117282,122425,70,5143,2,36000,1.01361073304
117213,117288,122248,75,4960,2,36000,1.01512096774
117214,117293,123716,79,6423,2,36000,1.0122995485
117216,117298,121417,82,4119,2,36000,1.0199077446
117217,117303,122619,86,5316,2,36000,1.01617757713
117218,117308,122994,90,5686,2,36000,1.01582835033
117220,117314,122651,94,5337,2,36000,1.01761289114
117221,117319,122757,98,5438,2,36000,1.01802133137
117222,117324,122556,102,5232,2,36000,1.01949541284
117223,117329,121507,106,4178,2,36000,1.0253709909
117225,117335,122841,110,5506,2,36000,1.01997820559
117226,117340,121789,114,4449,2,36000,1.02562373567
117227,117346,122635,119,5289,2,36000,1.02249952732
117229,117351,121205,122,3854,2,36000,1.03165542294
117230,117356,122677,126,5321,2,36000,1.02367975944
117231,117361,121731,130,4370,2,36000,1.02974828375
117233,117367,121287,134,3920,2,36000,1.03418367347
117234,117372,122773,138,5401,2,36000,1.02555082392
117235,117377,121647,142,4270,2,36000,1.03325526932
117237,117382,122976,145,5594,2,36000,1.02592062925
117238,117387,121581,149,4194,2,36000,1.03552694325
117239,117393,122752,154,5359,2,36000,1.02873670461
117241,117398,122286,157,4888,2,36000,1.03211947627
117242,117403,121257,161,3854,2,36000,1.04177477945
117243,117408,122720,165,5312,2,36000,1.03106174699
117245,117413,121185,168,3772,2,36000,1.04453870626
117246,117419,121876,173,4457,2,36000,1.03881534665
117247,117424,122607,177,5183,2,36000,1.03415010612
117249,117429,122551,180,5122,2,36000,1.03514252245
117250,117434,122885,184,5451,2,36000,1.03375527426
117958,117965,118517,7,552,1,1800,1.01268115942
117990,117996,156324,6,38328,2,72000,1.00015654352
118098,118104,118389,6,285,1,1800,1.02105263158
118458,118465,118645,7,180,1,21600,1.03888888889
118462,118471,118650,9,179,1,21600,1.05027932961
118515,118656,228691,141,110035,4,360000,1.00128141046
119244,133641,140875,14397,7234,23,7200,2.99018523638
119949,134823,155085,14874,20262,70,25200,1.73408350607
120412,120418,120468,6,50,1,1800,1.12
120802,120808,120878,6,70,1,1800,1.08571428571
121188,121194,126852,6,5658,2,36000,1.00106044539
121206,121212,125038,6,3826,2,36000,1.00156821746
121260,121266,126924,6,5658,2,36000,1.00106044539
121287,121293,126866,6,5573,2,36000,1.00107661942
121417,121423,126818,6,5395,2,36000,1.00111214087
121510,121516,126610,6,5094,2,36000,1.0011778563
121582,121588,127045,6,5457,2,36000,1.00109950522
121648,121654,126698,6,5044,2,36000,1.00118953212
121731,121738,126690,7,4952,2,36000,1.00141357027
121789,121795,126134,6,4339,2,36000,1.0013828071
121817,121823,122125,6,302,1,1800,1.01986754967
121876,121882,127117,6,5235,2,36000,1.00114613181
122227,122233,127538,6,5305,2,36000,1.00113100848
122252,122258,128492,6,6234,2,36000,1.00096246391
122295,122301,128339,6,6038,2,36000,1.00099370653
122401,122407,123087,6,680,1,36000,1.00882352941
122428,122434,126547,6,4113,2,36000,1.0014587892
122442,122448,127779,6,5331,2,36000,1.0011254924
122544,122550,128239,6,5689,2,36000,1.0010546669
122559,122565,127885,6,5320,2,36000,1.00112781955
122560,122571,127938,11,5367,2,36000,1.00204956214
122609,122615,128083,6,5468,2,36000,1.00109729334
122610,122621,128234,11,5613,2,36000,1.00195973633
122625,122631,127840,6,5209,2,36000,1.00115185256
122639,122646,128025,7,5379,2,36000,1.00130135713
122654,122660,127554,6,4894,2,36000,1.00122599101
122669,122675,128130,6,5455,2,36000,1.00109990834
122670,122681,128373,11,5692,2,36000,1.00193253689
122685,122691,127627,6,4936,2,36000,1.00121555916
122687,122697,128068,10,5371,2,36000,1.00186185068
122719,122726,127670,7,4944,2,36000,1.00141585761
122745,122751,128907,6,6156,2,36000,1.00097465887
122746,122757,129499,11,6742,2,36000,1.00163156333
122747,122762,128484,15,5722,2,36000,1.00262146103
122749,122767,127964,18,5197,2,36000,1.00346353666
122750,122772,128621,22,5849,2,36000,1.00376132672
122751,122778,127953,27,5175,2,36000,1.0052173913
122753,122784,128046,31,5262,2,36000,1.00589129609
122754,122789,129213,35,6424,2,36000,1.0054483188
122755,122794,127472,39,4678,2,36000,1.00833689611
122756,122799,128134,43,5335,2,36000,1.00805998126
122758,122805,127835,47,5030,2,36000,1.00934393638
122759,122810,129515,51,6705,2,36000,1.00760626398
122760,122815,128035,55,5220,2,36000,1.01053639847
122762,122820,127505,58,4685,2,36000,1.01237993597
122763,122825,128506,62,5681,2,36000,1.01091357155
122764,122830,127767,66,4937,2,36000,1.01336844237
122766,122836,127843,70,5007,2,36000,1.0139804274
122767,122841,128537,74,5696,2,36000,1.01299157303
122768,122846,128328,78,5482,2,36000,1.0142283838
122769,122851,126873,82,4022,2,36000,1.02038786673
122771,122856,128101,85,5245,2,36000,1.01620591039
122786,122862,126763,76,3901,2,36000,1.01948218406
122787,122868,129159,81,6291,2,36000,1.01287553648
122788,122873,127147,85,4274,2,36000,1.01988769303
122809,122878,128342,69,5464,2,36000,1.01262811127
122842,122883,127148,41,4265,2,36000,1.00961313013
122887,122893,129206,6,6313,2,36000,1.00095041977
122908,122914,127948,6,5034,2,36000,1.00119189511
122977,122984,127985,7,5001,2,36000,1.00139972006
122996,123002,128258,6,5256,2,36000,1.00114155251
123719,123725,129214,6,5489,2,36000,1.00109309528
124511,125051,125057,540,6,4,21600,54.6
124703,128134,167323,3431,39189,14,43200,1.08755007783
125039,125045,130179,6,5134,2,36000,1.00116867939
125235,126958,128302,1723,1344,2,43200,2.28199404762
125447,125453,125459,6,6,4,21600,1.2
126069,126075,128123,6,2048,4,21600,1.0029296875
126093,126963,170177,870,43214,2,43200,1.02013236451
126134,126140,131245,6,5105,2,36000,1.00117531832
126220,136724,138145,10504,1421,3,43200,8.39197748065
126248,126254,126275,6,21,2,3600,1.28571428571
126547,126553,130465,6,3912,2,36000,1.00153374233
126613,126619,131014,6,4395,2,36000,1.00136518771
126630,126636,126661,6,25,2,3600,1.24
126691,126697,132795,6,6098,2,36000,1.00098392916
126705,126711,130402,6,3691,2,36000,1.00162557572
126765,126772,133070,7,6298,2,36000,1.00111146396
126819,126826,132380,7,5554,2,36000,1.0012603529
126852,126858,132056,6,5198,2,36000,1.00115429011
126867,126873,132062,6,5189,2,36000,1.00115629216
126882,126888,131982,6,5094,2,36000,1.0011778563
126923,126929,126946,6,17,2,3600,1.35294117647
126926,126935,132471,9,5536,2,36000,1.00162572254
127047,127053,131690,6,4637,2,36000,1.00129394005
127119,127125,133535,6,6410,2,36000,1.00093603744
127146,127152,132556,6,5404,2,36000,1.00111028868
127147,127158,130939,11,3781,2,36000,1.00290928326
127156,139290,182519,12134,43229,14,43200,1.28069120266
127330,136729,137457,9399,728,2,43200,13.9107142857
127475,127481,132788,6,5307,2,36000,1.00113058225
127505,127511,132494,6,4983,2,36000,1.00120409392
127538,127544,133417,6,5873,2,36000,1.00102162438
127555,127561,133775,6,6214,2,36000,1.00096556164
127628,127634,132279,6,4645,2,36000,1.00129171152
127670,127676,132813,6,5137,2,36000,1.00116799689
127769,127775,132949,6,5174,2,36000,1.00115964438
127783,127789,132317,6,4528,2,36000,1.00132508834
127837,127844,133753,7,5909,2,36000,1.00118463361
127852,127858,133797,6,5939,2,36000,1.00101027109
127853,127864,133769,11,5905,2,36000,1.00186282811
127886,127892,133005,6,5113,2,36000,1.00117347937
127941,127947,134171,6,6224,2,36000,1.00096401028
127956,127962,132569,6,4607,2,36000,1.00130236596
127957,127968,133764,11,5796,2,36000,1.00189786059
127972,127978,133169,6,5191,2,36000,1.00115584666
127987,127993,133491,6,5498,2,36000,1.00109130593
128019,128026,133773,7,5747,2,36000,1.0012180268
128034,128040,132882,6,4842,2,36000,1.00123915737
128049,128055,133427,6,5372,2,36000,1.00111690246
128067,139305,139313,11238,8,2,43200,1124.6
128070,128076,133210,6,5134,2,36000,1.00116867939
128084,128091,133629,7,5538,2,36000,1.00126399422
128103,128109,133255,6,5146,2,36000,1.00116595414
128130,128140,133478,10,5338,2,36000,1.00187336081
128145,128151,132841,6,4690,2,36000,1.0012793177
128235,128241,133389,6,5148,2,36000,1.00116550117
128250,128256,132578,6,4322,2,36000,1.00138824618
128264,128270,133469,6,5199,2,36000,1.00115406809
128287,128313,144843,26,16530,4,21600,1.00157289776
128328,128334,132305,6,3971,2,36000,1.00151095442
128343,128349,134250,6,5901,2,36000,1.00101677682
128344,128355,132434,11,4079,2,36000,1.0026967394
128374,128380,133860,6,5480,2,36000,1.00109489051
128485,128491,134747,6,6256,2,36000,1.00095907928
128500,128506,133595,6,5089,2,36000,1.00117901356
128515,128521,133008,6,4487,2,36000,1.00133719634
128538,128545,133288,7,4743,2,36000,1.00147585916
128620,128626,132393,6,3767,2,36000,1.0015927794
128759,132328,136708,3569,4380,12,16200,1.81484018265
128759,128921,129002,162,81,2,3600,3.0
128787,140886,142471,12099,1585,6,52200,8.6334384858
128909,128915,133529,6,4614,2,36000,1.00130039012
129043,129049,131514,6,2465,2,28800,1.00243407708
129162,129168,134186,6,5018,2,36000,1.0011956955
129207,129213,134638,6,5425,2,36000,1.00110599078
129222,129228,134209,6,4981,2,36000,1.00120457739
129223,129511,135852,288,6341,2,36000,1.04541870367
129501,129527,134140,26,4613,2,36000,1.00563624539
129515,130190,134506,675,4316,2,36000,1.15639481001
130179,130413,135624,234,5211,2,36000,1.04490500864
130221,138757,138845,8536,88,1,52200,98.0
130403,130477,136758,74,6281,2,36000,1.01178156345
130466,130950,136363,484,5413,2,36000,1.08941437281
130625,130632,130747,7,115,1,3600,1.06086956522
130940,131025,136121,85,5096,2,36000,1.01667974882
131015,131257,136288,242,5031,2,36000,1.04810176903
131244,131526,136059,282,4533,2,36000,1.06221045665
131690,131701,137159,11,5458,2,36000,1.00201539025
131793,139295,176978,7502,37683,14,43200,1.19908181408
131982,131993,138027,11,6034,2,36000,1.00182300298
132058,132067,136961,9,4894,2,36000,1.00183898651
132072,132290,139020,218,6730,2,36000,1.0323922734
132281,132316,137729,35,5413,2,36000,1.00646591539
132308,132404,138454,96,6050,2,36000,1.0158677686
132322,132482,137549,160,5067,2,36000,1.03157686994
132380,132506,138632,126,6126,2,36000,1.02056807052
132394,132568,137151,174,4583,2,36000,1.03796639756
132433,132799,138015,366,5216,2,36000,1.07016871166
132472,132894,138141,422,5247,2,36000,1.08042691062
132496,132960,138715,464,5755,2,36000,1.08062554301
132556,133016,138502,460,5486,2,36000,1.08384979949
132571,133022,138652,451,5630,2,36000,1.08010657194
132585,133081,138545,496,5464,2,36000,1.09077598829
132790,133180,138197,390,5017,2,36000,1.07773569862
132805,133266,139887,461,6621,2,36000,1.06962694457
132819,133299,138918,480,5619,2,36000,1.08542445275
132843,133400,138856,557,5456,2,36000,1.10208944282
132882,133429,138289,547,4860,2,36000,1.11255144033
132952,133439,138497,487,5058,2,36000,1.09628311586
133002,139268,139279,6266,11,32,86400,570.636363636
133003,133502,138742,499,5240,2,36000,1.09522900763
133017,133540,138661,523,5121,2,36000,1.10212849053
133071,133546,138421,475,4875,2,36000,1.09743589744
133170,133764,138907,594,5143,2,36000,1.11549679176
133212,133775,139568,563,5793,2,36000,1.09718625928
133257,133781,139665,524,5884,2,36000,1.08905506458
133287,133871,138468,584,4597,2,36000,1.1270393735
133390,134151,140018,761,5867,2,36000,1.12970853929
133420,134198,139997,778,5799,2,36000,1.13416106225
133435,134220,139952,785,5732,2,36000,1.13695045359
133470,134261,138879,791,4618,2,36000,1.17128627111
133485,134517,139466,1032,4949,2,36000,1.20852697515
133500,135169,140781,1669,5612,2,36000,1.29739843193
133530,135635,140382,2105,4747,2,36000,1.44343796082
133545,135863,141024,2318,5161,2,36000,1.449137764
133596,136071,142668,2475,6597,2,36000,1.37517053206
133629,136133,142608,2504,6475,2,36000,1.38671814672
133756,136300,141436,2544,5136,2,36000,1.4953271028
133771,136375,142140,2604,5765,2,36000,1.45169124024
133772,136769,141979,2997,5210,2,36000,1.57523992322
133787,136973,140829,3186,3856,2,36000,1.82624481328
133788,137162,142554,3374,5392,2,36000,1.62574183976
133803,137170,142499,3367,5329,2,36000,1.63182585851
133860,137560,143048,3700,5488,2,36000,1.67419825073
134141,137740,143385,3599,5645,2,36000,1.63755535872
134171,138026,143656,3855,5630,2,36000,1.68472468917
134189,138039,143280,3850,5241,2,36000,1.73459263499
134210,138152,143593,3942,5441,2,36000,1.72449917295
134249,138208,143750,3959,5542,2,36000,1.71436304583
134508,138301,143759,3793,5458,2,36000,1.69494320264
134637,138432,142765,3795,4333,2,36000,1.87583660282
136166,140891,227317,4725,86426,4,86400,1.05467104806
136976,140896,227335,3920,86439,4,86400,1.04534989993
138038,138045,138118,7,73,2,3600,1.09589041096
138252,138258,138427,6,169,8,600,1.03550295858
138474,138481,143900,7,5419,2,36000,1.00129175125
138499,138505,144049,6,5544,2,36000,1.00108225108
138513,138520,142705,7,4185,2,36000,1.00167264038
138547,138553,143886,6,5333,2,36000,1.00112507032
138634,138640,144542,6,5902,2,36000,1.00101660454
138652,138659,143510,7,4851,2,36000,1.00144300144
138668,138674,142635,6,3961,2,36000,1.001514769
138716,138722,144274,6,5552,2,36000,1.00108069164
138743,138749,144705,6,5956,2,36000,1.00100738751
138854,138860,144179,6,5319,2,36000,1.00112803158
138878,138884,144372,6,5488,2,36000,1.00109329446
138908,138914,144264,6,5350,2,36000,1.00112149533
138923,138929,142850,6,3921,2,36000,1.00153022188
139007,139300,142471,293,3171,12,16200,1.09239987386
139019,139025,144365,6,5340,2,36000,1.00112359551
139251,139311,142957,60,3646,2,28800,1.01645639057
139469,139475,144762,6,5287,2,36000,1.00113485909
139569,139575,144111,6,4536,2,36000,1.00132275132
139665,139671,143586,6,3915,2,36000,1.00153256705
139885,139891,143372,6,3481,2,36000,1.00172364263
139954,139960,145728,6,5768,2,36000,1.00104022191
139999,140005,144602,6,4597,2,36000,1.00130519904
140017,140023,146881,6,6858,2,36000,1.00087489064
140381,140387,146283,6,5896,2,36000,1.00101763908
140782,140788,146534,6,5746,2,36000,1.00104420466
140830,140836,146990,6,6154,2,36000,1.00097497563
141023,141029,145599,6,4570,2,36000,1.00131291028
141118,141125,141277,7,152,2,14400,1.04605263158
141228,143385,143391,2157,6,16,300,216.3
141437,141443,147320,6,5877,2,36000,1.00102092905
141981,141987,147683,6,5696,2,36000,1.00105337079
142138,142145,146755,7,4610,2,36000,1.00151843818
142391,142680,142909,289,229,2,14400,2.26200873362
142502,142508,148319,6,5811,2,36000,1.00103252452
142557,142563,147453,6,4890,2,36000,1.00122699387
142593,142599,142641,6,42,1,7200,1.14285714286
142609,142615,148092,6,5477,2,36000,1.00109549023
142637,142643,147251,6,4608,2,36000,1.00130208333
142664,143390,144906,726,1516,12,16200,1.47889182058
142667,142674,148565,7,5891,2,36000,1.00118825327
142706,142713,148208,7,5495,2,36000,1.00127388535
142752,167335,168240,24583,905,128,86400,28.1635359116
142755,143403,143418,648,15,12,16200,44.2
142767,142774,147072,7,4298,2,36000,1.0016286645
142853,142859,148476,6,5617,2,36000,1.00106818586
143053,143059,149676,6,6617,2,36000,1.00090675533
143235,143241,144215,6,974,1,3600,1.00616016427
143241,143408,146923,167,3515,2,28800,1.04751066856
143283,143289,148751,6,5462,2,36000,1.00109849872
143373,143379,149032,6,5653,2,36000,1.00106138334
143388,143397,149805,9,6408,2,36000,1.00140449438
143512,143518,149079,6,5561,2,36000,1.00107894264
143588,143594,149405,6,5811,2,36000,1.00103252452
143603,143609,147622,6,4013,2,36000,1.00149514079
143657,143663,150226,6,6563,2,36000,1.00091421606
143751,143757,149541,6,5784,2,36000,1.0010373444
143766,143772,148961,6,5189,2,36000,1.00115629216
143886,143892,149622,6,5730,2,36000,1.00104712042
143901,143907,149496,6,5589,2,36000,1.00107353731
144049,144055,149979,6,5924,2,36000,1.00101282917
144113,144119,148248,6,4129,2,36000,1.00145313635
144180,144185,149544,5,5359,2,36000,1.00093300989
144189,144197,144586,8,389,2,14400,1.0205655527
144214,144226,144235,12,9,1,3600,2.1
144261,144267,149547,6,5280,2,36000,1.00113636364
144276,144282,148130,6,3848,2,36000,1.00155925156
144366,144373,149659,7,5286,2,36000,1.00132425274
144381,144387,149338,6,4951,2,36000,1.00121187639
144474,144598,144966,124,368,2,14400,1.33695652174
144545,144551,149682,6,5131,2,36000,1.0011693627
144604,144610,149094,6,4484,2,36000,1.00133809099
144706,144713,149657,7,4944,2,36000,1.00141585761
144764,144770,148633,6,3863,2,36000,1.001553197
144987,147636,152076,2649,4440,12,16200,1.59662162162
145001,145824,146549,823,725,12,7200,2.13517241379
145370,145376,146021,6,645,8,14100,1.00930232558
145601,145607,150072,6,4465,2,36000,1.00134378499
145729,145735,150062,6,4327,2,36000,1.00138664202
146286,146292,151551,6,5259,2,36000,1.00114090131
146345,146351,146610,6,259,8,6600,1.02316602317
146534,146540,151997,6,5457,2,36000,1.00109950522
146551,149636,156865,3085,7229,12,7200,1.42675335454
146756,146763,153178,7,6415,2,36000,1.00109119252
146883,146889,152314,6,5425,2,36000,1.00110599078
146916,146922,152957,6,6035,8,6000,1.0009942005
146991,146998,152097,7,5099,2,36000,1.0013728182
147073,147079,151425,6,4346,2,36000,1.00138057984
147253,147259,152699,6,5440,2,36000,1.00110294118
147320,147325,152758,5,5433,2,36000,1.00092030186
147453,147459,153137,6,5678,2,36000,1.00105671011
147624,147630,153039,6,5409,2,36000,1.00110926234
147679,147685,153276,6,5591,2,36000,1.00107315328
148092,148098,153330,6,5232,2,36000,1.00114678899
148131,148138,153369,7,5231,2,36000,1.00133817626
148210,148216,154226,6,6010,2,36000,1.00099833611
148249,148255,154176,6,5921,2,36000,1.00101334234
148319,148325,153213,6,4888,2,36000,1.00122749591
148475,148482,154578,7,6096,2,36000,1.00114829396
148566,148572,153904,6,5332,2,36000,1.00112528132
148635,148641,154707,6,6066,2,36000,1.00098911968
148750,148756,153802,6,5046,2,36000,1.00118906064
148964,148970,154471,6,5501,2,36000,1.00109071078
149033,149039,154133,6,5094,2,36000,1.0011778563
149081,149087,155005,6,5918,2,36000,1.00101385603
149096,149102,154087,6,4985,2,36000,1.00120361083
149340,149346,154930,6,5584,2,36000,1.00107449857
149404,149410,154569,6,5159,2,36000,1.00116301609
149494,149500,153687,6,4187,2,36000,1.00143300693
149542,149548,155256,6,5708,2,36000,1.00105115627
149556,149563,155113,7,5550,2,36000,1.00126126126
149558,149569,154790,11,5221,2,36000,1.00210687608
149624,149630,155217,6,5587,2,36000,1.0010739216
149658,149664,155024,6,5360,2,36000,1.00111940299
149659,149670,155808,11,6138,2,36000,1.0017921147
149677,149683,154660,6,4977,2,36000,1.00120554551
149692,149698,156435,6,6737,2,36000,1.00089060413
149806,149812,155404,6,5592,2,36000,1.00107296137
149978,149984,155016,6,5032,2,36000,1.00119236884
150061,150067,155573,6,5506,2,36000,1.00108972031
150075,150081,155932,6,5851,2,36000,1.00102546573
150093,152968,198176,2875,45208,4,172800,1.06359493895
150226,150232,155112,6,4880,2,36000,1.0012295082
151299,153034,247649,1735,94615,4,172800,1.01833747292
151426,151432,157166,6,5734,2,36000,1.00104638995
151552,151558,157176,6,5618,2,36000,1.00106799573
151998,152005,156051,7,4046,2,36000,1.00173010381
152098,152104,157681,6,5577,2,36000,1.00107584723
152316,152325,158022,9,5697,2,36000,1.00157977883
152698,152710,156881,12,4171,2,36000,1.00287700791
152723,152729,152734,6,5,4,21600,1.1
152759,152769,158044,10,5275,2,36000,1.0018957346
152858,152864,154855,6,1991,4,21600,1.00301356102
153039,153045,158439,6,5394,2,36000,1.00111234705
153139,153145,157643,6,4498,2,36000,1.00133392619
153178,153184,158740,6,5556,2,36000,1.00107991361
153214,153220,158943,6,5723,2,36000,1.00104840119
153277,153283,158827,6,5544,2,36000,1.00108225108
153331,153337,158951,6,5614,2,36000,1.00106875668
153370,153376,158739,6,5363,2,36000,1.0011187768
153687,153693,158668,6,4975,2,36000,1.00120603015
153802,153808,159412,6,5604,2,36000,1.00107066381
153907,153913,158651,6,4738,2,36000,1.00126635711
154088,154094,159019,6,4925,2,36000,1.00121827411
154133,154139,159313,6,5174,2,36000,1.00115964438
154175,154181,159736,6,5555,2,36000,1.00108010801
154226,154233,159789,7,5556,2,36000,1.00125989921
154470,154476,160107,6,5631,2,36000,1.0010655301
154570,154576,158303,6,3727,2,36000,1.00160987389
154585,154591,160406,6,5815,2,36000,1.00103181427
154660,154666,160189,6,5523,2,36000,1.00108636611
154708,154714,160110,6,5396,2,36000,1.00111193477
154792,154798,160085,6,5287,2,36000,1.00113485909
154847,154853,171389,6,16536,4,21600,1.0003628447
154931,154937,160329,6,5392,2,36000,1.00111275964
155006,155012,159504,6,4492,2,36000,1.00133570793
155021,155027,160611,6,5584,2,36000,1.00107449857
155035,155042,161069,7,6027,2,36000,1.00116144019
155111,155117,160302,6,5185,2,36000,1.00115718419
155126,155132,160492,6,5360,2,36000,1.00111940299
155219,155225,158980,6,3755,2,36000,1.00159786951
155258,155264,160928,6,5664,2,36000,1.00105932203
155405,155412,159369,7,3957,2,36000,1.00176901693
155574,155580,160429,6,4849,2,36000,1.00123736853
155807,155813,161124,6,5311,2,36000,1.00112973075
155930,155936,161653,6,5717,2,36000,1.00104950149
156051,156057,160733,6,4676,2,36000,1.00128314799
156437,156443,161135,6,4692,2,36000,1.00127877238
156880,156887,162210,7,5323,2,36000,1.00131504791
157165,157171,163134,6,5963,2,36000,1.00100620493
157180,157186,162297,6,5111,2,36000,1.00117393856
157645,157651,162765,6,5114,2,36000,1.0011732499
157681,157687,162425,6,4738,2,36000,1.00126635711
158022,158028,164410,6,6382,2,36000,1.00094014416
158046,158052,163572,6,5520,2,36000,1.00108695652
158305,158311,162212,6,3901,2,36000,1.00153806716
158440,158447,163900,7,5453,2,36000,1.00128369705
158652,158658,164376,6,5718,2,36000,1.00104931794
158669,158676,163709,7,5033,2,36000,1.00139082058
158739,158745,163922,6,5177,2,36000,1.00115897238
158741,158751,163176,10,4425,2,36000,1.00225988701
158828,158834,164264,6,5430,2,36000,1.00110497238
158943,158949,164527,6,5578,2,36000,1.00107565436
158958,158964,164317,6,5353,2,36000,1.0011208668
158981,158988,164548,7,5560,2,36000,1.00125899281
159021,159027,165054,6,6027,2,36000,1.00099552016
159318,159324,163761,6,4437,2,36000,1.00135226504
159369,159375,165126,6,5751,2,36000,1.00104329682
159414,159420,165023,6,5603,2,36000,1.0010708549
159505,159511,165135,6,5624,2,36000,1.00106685633
159594,159600,159601,6,1,2,3540,1.0
159737,159743,165394,6,5651,2,36000,1.00106175898
159788,159794,165218,6,5424,2,36000,1.00110619469
160086,160092,166059,6,5967,2,36000,1.00100553042
160107,160114,165576,7,5462,2,36000,1.00128158184
160109,160120,165248,11,5128,2,36000,1.0021450858
160190,160196,165486,6,5290,2,36000,1.0011342155
160302,160308,165781,6,5473,2,36000,1.00109629088
160326,160332,165292,6,4960,2,36000,1.00120967742
160407,160414,166496,7,6082,2,36000,1.00115093719
160428,160434,166137,6,5703,2,36000,1.00105207785
160491,160498,165766,7,5268,2,36000,1.00132877752
160613,160619,164537,6,3918,2,36000,1.00153139357
160733,160739,166216,6,5477,2,36000,1.00109549023
160931,160937,167011,6,6074,2,36000,1.00098781692
161069,161076,166121,7,5045,2,36000,1.00138751239
161124,161130,166878,6,5748,2,36000,1.00104384134
161139,161145,165434,6,4289,2,36000,1.00139892749
161654,161660,165069,6,3409,2,36000,1.00176004693
162211,162217,166982,6,4765,2,36000,1.00125918153
162226,162232,167782,6,5550,2,36000,1.00108108108
162298,162304,169771,6,7467,2,36000,1.00080353556
162425,162431,167850,6,5419,2,36000,1.00110721535
162766,162772,168257,6,5485,2,36000,1.00109389243
163134,163140,168654,6,5514,2,36000,1.00108813928
163176,163182,168484,6,5302,2,36000,1.00113164843
163575,163581,169465,6,5884,2,36000,1.00101971448
163710,163716,169146,6,5430,2,36000,1.00110497238
163761,163768,169394,7,5626,2,36000,1.00124422325
163900,163907,169137,7,5230,2,36000,1.00133843212
163921,163928,169661,7,5733,2,36000,1.00122100122
164266,164272,170371,6,6099,2,36000,1.00098376783
164318,164324,169975,6,5651,2,36000,1.00106175898
164375,164381,170006,6,5625,2,36000,1.00106666667
164411,164417,170283,6,5866,2,36000,1.0010228435
164528,164534,170464,6,5930,2,36000,1.00101180438
164543,164549,169771,6,5222,2,36000,1.00114898506
164558,164564,170841,6,6277,2,36000,1.00095587064
165025,165031,169695,6,4664,2,36000,1.0012864494
165055,165061,170169,6,5108,2,36000,1.00117462803
165070,165076,169996,6,4920,2,36000,1.0012195122
165127,165133,169206,6,4073,2,36000,1.00147311564
165142,165148,170458,6,5310,2,36000,1.0011299435
165220,165226,170336,6,5110,2,36000,1.0011741683
165250,165256,170508,6,5252,2,36000,1.00114242193
165292,165298,171493,6,6195,2,36000,1.000968523
165395,165401,170946,6,5545,2,36000,1.00108205591
165434,165440,170503,6,5063,2,36000,1.00118506814
165485,165491,171157,6,5666,2,36000,1.00105894811
165581,165587,172020,6,6433,2,36000,1.00093269081
165767,165773,171798,6,6025,2,36000,1.00099585062
165782,165788,171450,6,5662,2,36000,1.00105969622
166062,166068,171671,6,5603,2,36000,1.0010708549
166122,166128,171863,6,5735,2,36000,1.0010462075
166137,166143,171891,6,5748,2,36000,1.00104384134
166216,166222,169911,6,3689,2,36000,1.00162645703
166496,166503,171922,7,5419,2,36000,1.00129175125
166880,166889,172571,9,5682,2,36000,1.00158394931
166982,166993,172125,11,5132,2,36000,1.00214341387
167013,167022,172443,9,5421,2,36000,1.00166021029
167787,167793,173405,6,5612,2,36000,1.00106913756
167853,167861,173192,8,5331,2,36000,1.00150065654
168176,168251,170066,75,1815,64,86400,1.04132231405
168260,168266,172948,6,4682,2,36000,1.00128150363
168479,168485,173884,6,5399,2,36000,1.00111131691
168657,168663,173677,6,5014,2,36000,1.00119664938
169139,169145,174678,6,5533,2,36000,1.00108440267
169154,169160,173422,6,4262,2,36000,1.00140778977
169208,169214,174493,6,5279,2,36000,1.0011365789
169395,169401,175493,6,6092,2,36000,1.00098489823
169467,169474,175106,7,5632,2,36000,1.00124289773
169660,169666,175732,6,6066,2,36000,1.00098911968
169696,169702,175729,6,6027,2,36000,1.00099552016
169772,169778,174469,6,4691,2,36000,1.00127904498
169773,169784,174927,11,5143,2,36000,1.00213882948
169912,169918,175642,6,5724,2,36000,1.00104821803
169975,169981,175293,6,5312,2,36000,1.00112951807
169996,170002,175630,6,5628,2,36000,1.00106609808
170011,170020,175821,9,5801,2,36000,1.00155145665
170171,170177,176278,6,6101,2,36000,1.00098344534
170285,170291,176010,6,5719,2,36000,1.00104913446
170336,170342,175469,6,5127,2,36000,1.00117027501
170372,170378,175259,6,4881,2,36000,1.0012292563
170459,170465,175709,6,5244,2,36000,1.00114416476
170474,170480,175753,6,5273,2,36000,1.00113787218
170504,170510,176059,6,5549,2,36000,1.00108127591
170519,170525,176542,6,6017,2,36000,1.00099717467
170838,170844,176098,6,5254,2,36000,1.00114198706
170946,170952,176694,6,5742,2,36000,1.00104493208
171157,171163,176352,6,5189,2,36000,1.00115629216
171449,171455,176792,6,5337,2,36000,1.00112422709
171494,171500,177120,6,5620,2,36000,1.00106761566
171672,171678,177459,6,5781,2,36000,1.00103788272
171801,171807,177890,6,6083,2,36000,1.00098635542
171864,171870,178287,6,6417,2,36000,1.00093501636
171891,171897,177515,6,5618,2,36000,1.00106799573
171924,171930,177782,6,5852,2,36000,1.0010252905
172020,172027,178143,7,6116,2,36000,1.00114453891
172126,172132,177823,6,5691,2,36000,1.00105429626
172442,172448,178137,6,5689,2,36000,1.0010546669
172572,172578,178440,6,5862,2,36000,1.00102354145
172957,172963,179675,6,6712,2,36000,1.00089392133
173193,173199,178924,6,5725,2,36000,1.00104803493
173409,173415,178929,6,5514,2,36000,1.00108813928
173424,173430,178926,6,5496,2,36000,1.00109170306
173677,173683,178992,6,5309,2,36000,1.00113015634
173884,173891,179368,7,5477,2,36000,1.00127807194
174469,174475,179962,6,5487,2,36000,1.00109349371
174492,174499,179366,7,4867,2,36000,1.00143825765
174676,174682,180226,6,5544,2,36000,1.00108225108
174929,174935,179414,6,4479,2,36000,1.00133958473
175106,175112,180803,6,5691,2,36000,1.00105429626
175256,175263,180591,7,5328,2,36000,1.00131381381
175295,175301,180320,6,5019,2,36000,1.00119545726
175470,175476,180712,6,5236,2,36000,1.00114591291
175493,175500,181207,7,5707,2,36000,1.00122656387
175629,175635,181265,6,5630,2,36000,1.00106571936
175643,175650,181437,7,5787,2,36000,1.00120960774
175710,175716,180959,6,5243,2,36000,1.00114438299
175730,175737,181529,7,5792,2,36000,1.00120856354
175745,175751,181850,6,6099,2,36000,1.00098376783
175760,175765,181331,5,5566,2,36000,1.00089831117
175823,175829,180951,6,5122,2,36000,1.00117141742
176012,176017,181517,5,5500,2,36000,1.00090909091
176057,176063,181775,6,5712,2,36000,1.00105042017
176099,176105,181069,6,4964,2,36000,1.00120870266
176276,176282,180233,6,3951,2,36000,1.00151860289
176351,176357,181755,6,5398,2,36000,1.00111152279
176541,176546,181953,5,5407,2,36000,1.00092472721
176694,176700,182214,6,5514,2,36000,1.00108813928
176793,176799,182658,6,5859,2,36000,1.00102406554
177121,177127,181350,6,4223,2,36000,1.00142079091
177458,177464,182645,6,5181,2,36000,1.00115807759
177515,177521,183269,6,5748,2,36000,1.00104384134
177780,177786,183209,6,5423,2,36000,1.00110639867
177825,177831,183171,6,5340,2,36000,1.00112359551
177891,177897,183440,6,5543,2,36000,1.00108244633
178138,178144,183988,6,5844,2,36000,1.00102669405
178153,178159,183704,6,5545,2,36000,1.00108205591
178285,178291,182328,6,4037,2,36000,1.00148625217
178439,178445,184564,6,6119,2,36000,1.00098055238
178745,178752,184057,7,5305,1,54000,1.0013195099
178754,178760,184064,6,5304,1,54000,1.00113122172
178760,178766,184072,6,5306,1,54000,1.00113079533
178766,178772,184079,6,5307,1,54000,1.00113058225
178784,178790,184085,6,5295,1,54000,1.00113314448
178791,178797,184090,6,5293,1,54000,1.00113357264
178923,178930,184547,7,5617,2,36000,1.00124621684
178938,178944,184650,6,5706,2,36000,1.00105152471
178940,178950,182825,10,3875,2,36000,1.00258064516
178991,178997,183383,6,4386,2,36000,1.00136798906
179367,179373,184888,6,5515,2,36000,1.00108794198
179368,179379,185168,11,5789,2,36000,1.00190015547
179416,179423,185664,7,6241,2,36000,1.00112161513
179675,179681,185294,6,5613,2,36000,1.00106894709
179961,179967,185798,6,5831,2,36000,1.00102898302
180226,180232,184353,6,4121,2,36000,1.00145595729
180240,180247,186206,7,5959,2,36000,1.00117469374
180321,180328,186469,7,6141,2,36000,1.0011398795
180592,180598,185971,6,5373,2,36000,1.00111669458
180712,180719,185014,7,4295,2,36000,1.0016298021
180802,180809,186301,7,5492,2,36000,1.00127458121
180955,180961,186813,6,5852,2,36000,1.0010252905
180970,180976,184900,6,3924,2,36000,1.00152905199
181053,181059,181060,6,1,2,3540,1.0
181069,181075,186769,6,5694,2,36000,1.00105374078
181208,181214,187145,6,5931,2,36000,1.00101163379
181268,181274,185688,6,4414,2,36000,1.00135931128
181331,181337,185940,6,4603,2,36000,1.00130349772
181352,181358,185439,6,4081,2,36000,1.00147022789
181436,181442,186632,6,5190,2,36000,1.00115606936
181517,181523,185442,6,3919,2,36000,1.00153100281
181532,181538,187000,6,5462,2,36000,1.00109849872
181755,181761,186985,6,5224,2,36000,1.00114854518
181776,181782,187095,6,5313,2,36000,1.00112930548
181851,181857,187030,6,5173,2,36000,1.00115986855
181953,181959,186520,6,4561,2,36000,1.00131550099
182090,182096,182258,6,162,1,3600,1.03703703704
182215,182221,187626,6,5405,2,36000,1.00111008326
182329,182335,187401,6,5066,2,36000,1.00118436636
182430,182436,182765,6,329,1,3600,1.01823708207
182646,182652,188754,6,6102,2,36000,1.00098328417
182661,182667,186768,6,4101,2,36000,1.00146305779
182675,182681,182822,6,141,2,86400,1.04255319149
182828,182833,187953,5,5120,2,36000,1.0009765625
182848,182854,182876,6,22,2,86400,1.27272727273
182927,182933,182952,6,19,2,86400,1.31578947368
182990,182996,183023,6,27,2,86400,1.22222222222
183032,183038,269470,6,86432,2,86400,1.00006941873
183032,332714,419142,149682,86428,2,86400,2.73186930162
183033,959371,1045793,776338,86422,2,86400,9.98310615353
183121,183127,183950,6,823,1,3600,1.00729040097
183171,183177,189245,6,6068,2,36000,1.00098879367
183210,183216,188699,6,5483,2,36000,1.00109429145
183270,183276,189588,6,6312,2,36000,1.00095057034
183384,183390,188955,6,5565,2,36000,1.00107816712
183441,183447,188569,6,5122,2,36000,1.00117141742
183706,183712,187936,6,4224,2,36000,1.00142045455
183990,183996,188349,6,4353,2,36000,1.00137835975
184204,184211,199579,7,15368,64,54000,1.00045549193
184214,187641,228682,3427,41041,64,54000,1.08350186399
184222,199590,228700,15368,29110,64,54000,1.52792854689
184227,228694,244471,44467,15777,64,54000,3.81846992457
184237,228771,244990,44534,16219,64,54000,3.74579197238
184356,184362,190594,6,6232,2,36000,1.00096277279
184551,184558,190310,7,5752,2,36000,1.00121696801
184566,184572,190348,6,5776,2,36000,1.00103878116
184651,184657,188723,6,4066,2,36000,1.00147565175
184889,184895,188487,6,3592,2,36000,1.00167037862
184904,184910,189440,6,4530,2,36000,1.00132450331
185016,185022,190419,6,5397,2,36000,1.00111172874
185167,185173,191052,6,5879,2,36000,1.00102058173
185172,185179,185285,7,106,1,3600,1.06603773585
185294,185301,190778,7,5477,2,36000,1.00127807194
185343,245034,252566,59691,7532,14,43200,8.92498672331
185440,185447,189135,7,3688,2,36000,1.00189804772
185451,185457,185778,6,321,1,3600,1.01869158879
185455,185463,190502,8,5039,2,36000,1.00158761659
185637,185643,185818,6,175,1,3600,1.03428571429
185663,185669,190658,6,4989,2,36000,1.00120264582
185690,185696,191673,6,5977,2,36000,1.00100384808
185802,185808,190703,6,4895,2,36000,1.00122574055
185941,185947,192209,6,6262,2,36000,1.00095816033
185971,185978,191197,7,5219,2,36000,1.00134125311
185986,185992,186344,6,352,1,3600,1.01704545455
186206,186212,191413,6,5201,2,36000,1.0011536243
186232,186238,186817,6,579,1,3600,1.0103626943
186299,186306,190596,7,4290,2,36000,1.00163170163
186472,186479,190764,7,4285,2,36000,1.0016336056
186520,186527,191542,7,5015,2,36000,1.00139581256
186632,186638,192824,6,6186,2,36000,1.0009699321
186703,186709,187502,6,793,1,3600,1.00756620429
186767,186773,191937,6,5164,2,36000,1.00116189001
186769,186779,192602,10,5823,2,36000,1.00171732784
186813,186820,192559,7,5739,2,36000,1.00121972469
186986,186992,192082,6,5090,2,36000,1.00117878193
187001,187007,192623,6,5616,2,36000,1.00106837607
187030,187037,191896,7,4859,2,36000,1.00144062564
187096,187102,193452,6,6350,2,36000,1.00094488189
187144,187150,189964,6,2814,2,36000,1.00213219616
187403,187410,192607,7,5197,2,36000,1.00134693092
187628,187635,193510,7,5875,2,36000,1.00119148936
187936,187942,192732,6,4790,2,36000,1.0012526096
187951,187957,192885,6,4928,2,36000,1.00121753247
188350,188356,194451,6,6095,2,36000,1.00098441345
188489,188495,194219,6,5724,2,36000,1.00104821803
188570,188577,194214,7,5637,2,36000,1.00124179528
188699,188704,194002,5,5298,2,36000,1.00094375236
188723,188729,194179,6,5450,2,36000,1.00110091743
188726,188735,188842,9,107,1,3600,1.08411214953
188753,188759,194276,6,5517,2,36000,1.00108754758
188959,188965,193505,6,4540,2,36000,1.0013215859
189014,189021,189339,7,318,1,3600,1.02201257862
189137,189143,195751,6,6608,2,36000,1.00090799031
189245,189251,195335,6,6084,2,36000,1.00098619329
189311,189317,189434,6,117,1,1800,1.05128205128
189443,189449,194815,6,5366,2,36000,1.00111815132
189588,189594,195505,6,5911,2,36000,1.00101505667
189730,189737,189847,7,110,1,1800,1.06363636364
189767,189773,190386,6,613,1,3600,1.00978792822
189966,189972,195540,6,5568,2,36000,1.00107758621
190313,190319,196192,6,5873,2,36000,1.00102162438
190349,190355,196781,6,6426,2,36000,1.00093370682
190422,190428,195763,6,5335,2,36000,1.00112464855
190497,190503,191064,6,561,1,1800,1.01069518717
190503,190509,194630,6,4121,2,36000,1.00145595729
190597,190603,195502,6,4899,2,36000,1.00122473974
190598,190609,196395,11,5786,2,36000,1.00190114068
190658,190664,196302,6,5638,2,36000,1.00106420717
190703,190709,196136,6,5427,2,36000,1.0011055832
190766,190772,196332,6,5560,2,36000,1.00107913669
190781,190787,195441,6,4654,2,36000,1.00128921358
191052,191058,196887,6,5829,2,36000,1.00102933608
191199,191205,197161,6,5956,2,36000,1.00100738751
191413,191419,196729,6,5310,2,36000,1.0011299435
191539,191545,196793,6,5248,2,36000,1.00114329268
191674,191680,195516,6,3836,2,36000,1.0015641293
191893,191899,197514,6,5615,2,36000,1.00106856634
191938,191944,197648,6,5704,2,36000,1.00105189341
192082,192088,196330,6,4242,2,36000,1.00141442716
192201,192207,192209,6,2,1,72000,1.0
192212,192218,195655,6,3437,2,36000,1.00174570847
192561,192568,196448,7,3880,2,36000,1.00180412371
192604,192611,198167,7,5556,2,36000,1.00125989921
192619,192625,198568,6,5943,2,36000,1.00100959112
192634,192640,198736,6,6096,2,36000,1.00098425197
192730,192737,197608,7,4871,2,36000,1.00143707658
192788,192794,192835,6,41,1,1800,1.14634146341
192824,192830,198935,6,6105,2,36000,1.00098280098
192888,192894,198486,6,5592,2,36000,1.00107296137
192960,192967,193083,7,116,1,1800,1.06034482759
193147,193153,193232,6,79,1,1800,1.07594936709
193404,193410,193521,6,111,1,1800,1.05405405405
193457,193463,198580,6,5117,2,36000,1.00117256205
193505,193511,199001,6,5490,2,36000,1.00109289617
193520,193526,199425,6,5899,2,36000,1.00101712155
194004,194011,198473,7,4462,2,36000,1.00156880323
194064,194070,194359,6,289,1,1800,1.02076124567
194179,194185,200121,6,5936,2,36000,1.00101078167
194195,194201,194758,6,557,1,1800,1.01077199282
194215,194221,199817,6,5596,2,36000,1.00107219442
194230,194236,199372,6,5136,2,36000,1.0011682243
194278,194284,199342,6,5058,2,36000,1.00118623962
194454,194460,200580,6,6120,2,36000,1.00098039216
194628,194635,198073,7,3438,2,36000,1.00203606748
194817,194823,200428,6,5605,2,36000,1.00107047279
195337,195343,200912,6,5569,2,36000,1.00107739271
195442,195448,201168,6,5720,2,36000,1.00104895105
195503,195509,200750,6,5241,2,36000,1.00114481969
195504,195515,200237,11,4722,2,36000,1.00232952139
195519,195525,200884,6,5359,2,36000,1.00111961187
195540,195546,201157,6,5611,2,36000,1.00106932811
195657,195663,201005,6,5342,2,36000,1.00112317484
195750,195756,199962,6,4206,2,36000,1.00142653352
195765,195771,200022,6,4251,2,36000,1.0014114326
196136,196142,201370,6,5228,2,36000,1.00114766641
196193,196199,201610,6,5411,2,36000,1.00110885234
196302,196308,201432,6,5124,2,36000,1.00117096019
196332,196338,202077,6,5739,2,36000,1.00104547831
196333,196344,199978,11,3634,2,36000,1.00302696753
196393,196400,202193,7,5793,2,36000,1.00120835491
196447,196454,201660,7,5206,2,36000,1.00134460238
196652,196659,196704,7,45,1,1800,1.15555555556
196731,196737,201716,6,4979,2,36000,1.00120506126
196782,196788,202173,6,5385,2,36000,1.00111420613
196797,196803,202562,6,5759,2,36000,1.00104184754
196887,196893,202507,6,5614,2,36000,1.00106875668
197047,197053,197126,6,73,1,1800,1.08219178082
197162,197168,203140,6,5972,2,36000,1.00100468855
197514,197520,202887,6,5367,2,36000,1.00111794298
197608,197614,202745,6,5131,2,36000,1.0011693627
197649,197656,203117,7,5461,2,36000,1.00128181652
198075,198081,202126,6,4045,2,36000,1.00148331273
198123,198129,198412,6,283,1,1800,1.02120141343
198168,198174,203590,6,5416,2,36000,1.00110782866
198476,198482,204668,6,6186,2,36000,1.0009699321
198491,198497,204293,6,5796,2,36000,1.00103519669
198569,198575,204050,6,5475,2,36000,1.00109589041
198584,198590,203785,6,5195,2,36000,1.00115495669
198735,198741,205700,6,6959,2,36000,1.00086219284
198937,198943,202717,6,3774,2,36000,1.00158982512
198966,198973,200059,7,1086,1,36000,1.00644567219
199003,199009,203752,6,4743,2,36000,1.00126502214
199343,199349,205294,6,5945,2,36000,1.00100925147
199373,199379,205221,6,5842,2,36000,1.00102704553
199427,199433,204404,6,4971,2,36000,1.0012070006
199816,199822,205172,6,5350,2,36000,1.00112149533
199963,199969,205858,6,5889,2,36000,1.0010188487
199978,199984,205313,6,5329,2,36000,1.00112591481
200023,200029,206036,6,6007,2,36000,1.00099883469
200119,200126,205711,7,5585,2,36000,1.00125335721
200237,200243,205318,6,5075,2,36000,1.00118226601
200430,200436,206009,6,5573,2,36000,1.00107661942
200580,200586,206000,6,5414,2,36000,1.0011082379
200752,200758,206968,6,6210,2,36000,1.00096618357
200884,200890,206226,6,5336,2,36000,1.00112443778
200911,200917,207792,6,6875,2,36000,1.00087272727
201004,201010,206566,6,5556,2,36000,1.00107991361
201158,201164,207263,6,6099,2,36000,1.00098376783
201173,201179,206634,6,5455,2,36000,1.00109990834
201372,201378,206902,6,5524,2,36000,1.00108616944
201432,201438,207245,6,5807,2,36000,1.00103323575
201613,201619,207230,6,5611,2,36000,1.00106932811
201661,201667,207190,6,5523,2,36000,1.00108636611
201718,201724,207061,6,5337,2,36000,1.00112422709
201741,201747,207431,6,5684,2,36000,1.00105559465
201742,201753,207426,11,5673,2,36000,1.00193900934
201744,201758,207099,14,5341,2,36000,1.00262123198
201745,201763,206975,18,5212,2,36000,1.00345356869
201746,201769,207447,23,5678,2,36000,1.00405072209
201748,201774,207313,26,5539,2,36000,1.00469398808
201749,201780,204921,31,3141,2,36000,1.00986946832
201750,201785,207592,35,5807,2,36000,1.00602720854
201751,201790,206277,39,4487,2,36000,1.00869177624
201753,201795,208202,42,6407,2,36000,1.00655533011
202080,202086,208118,6,6032,2,36000,1.00099469496
202130,202136,207486,6,5350,2,36000,1.00112149533
202172,202178,207806,6,5628,2,36000,1.00106609808
202193,202200,207450,7,5250,2,36000,1.00133333333
202389,245002,248301,42613,3299,32,86400,13.9169445286
202438,248317,254209,45879,5892,16,86400,8.7866598778
202500,249173,260373,46673,11200,8,86400,5.16723214286
202509,202515,207959,6,5444,2,36000,1.00110213079
202563,202569,208044,6,5475,2,36000,1.00109589041
202665,202671,202675,6,4,1,86400,1.0
202720,202727,207999,7,5272,2,36000,1.00132776935
202748,202754,207999,6,5245,2,36000,1.00114394662
202780,260389,282151,57609,21762,4,216000,3.64722911497
202815,202822,202823,7,1,1,288000,1.0
202853,202860,202861,7,1,1,288000,1.0
202884,202890,208282,6,5392,2,36000,1.00111275964
203066,205183,222298,2117,17115,2,72000,1.12369266725
203088,203094,203150,6,56,1,288000,1.10714285714
203119,203125,208715,6,5590,2,36000,1.00107334526
203140,203146,207865,6,4719,2,36000,1.00127145582
203289,262123,262128,58834,5,1,288000,5883.9
203420,222309,231948,18889,9639,2,72000,2.95964311651
203592,203598,208639,6,5041,2,36000,1.00119024003
203753,203759,209707,6,5948,2,36000,1.00100874243
203786,203792,209778,6,5986,2,36000,1.00100233879
204053,204059,209514,6,5455,2,36000,1.00109990834
204296,204302,210174,6,5872,2,36000,1.00102179837
204405,204415,208638,10,4223,2,36000,1.00236798484
204667,204679,210081,12,5402,2,36000,1.00222139948
204922,204932,208954,10,4022,2,36000,1.00248632521
205174,205232,211392,58,6160,2,36000,1.00941558442
205224,205305,210589,81,5284,2,36000,1.01532929599
205294,205324,210487,30,5163,2,36000,1.00581057525
205312,205330,210459,18,5129,2,36000,1.00350945603
205327,205722,210603,395,4881,2,36000,1.08092603975
205704,206017,211136,313,5119,2,36000,1.06114475483
205719,206047,212504,328,6457,2,36000,1.05079758402
205863,206237,211801,374,5564,2,36000,1.0672178289
206003,206288,212442,285,6154,2,36000,1.04631134222
206018,206645,212260,627,5615,2,36000,1.11166518255
206035,206913,211767,878,4854,2,36000,1.18088174701
206228,206978,210431,750,3453,2,36000,1.21720243267
206276,206986,212246,710,5260,2,36000,1.13498098859
206566,207072,212367,506,5295,2,36000,1.0955618508
206635,207110,212236,475,5126,2,36000,1.09266484588
206902,207201,212906,299,5705,2,36000,1.05241016652
206973,207241,212568,268,5327,2,36000,1.05030974282
206988,207324,212751,336,5427,2,36000,1.06191265893
207063,207437,214144,374,6707,2,36000,1.05576263605
207099,207443,211330,344,3887,2,36000,1.08850012863
207189,207458,213372,269,5914,2,36000,1.04548528914
207232,207464,213348,232,5884,2,36000,1.03942895989
207246,207497,214302,251,6805,2,36000,1.03688464364
207261,207603,212596,342,4993,2,36000,1.06849589425
207315,207803,213289,488,5486,2,36000,1.08895370033
207427,207817,213164,390,5347,2,36000,1.07293809613
207442,207876,212087,434,4211,2,36000,1.10306340537
207457,207971,213517,514,5546,2,36000,1.09267940858
207458,208010,213730,552,5720,2,36000,1.0965034965
207488,208015,212478,527,4463,2,36000,1.11808200762
207594,208055,213916,461,5861,2,36000,1.07865551954
207792,208130,213432,338,5302,2,36000,1.06374952848
207807,208213,212228,406,4015,2,36000,1.10112079701
207867,208293,212910,426,4617,2,36000,1.0922677063
207961,208651,213669,690,5018,2,36000,1.13750498206
208000,208726,214660,726,5934,2,36000,1.12234580384
208002,208966,213871,964,4905,2,36000,1.19653414883
208044,209525,214883,1481,5358,2,36000,1.27640910788
208119,209789,215881,1670,6092,2,36000,1.27413000657
208202,210186,215919,1984,5733,2,36000,1.34606663178
208283,210442,216485,2159,6043,2,36000,1.35727287771
208634,227384,262112,18750,34728,1,536400,1.53991015895
208640,210470,216367,1830,5897,2,36000,1.31032728506
208641,210499,216575,1858,6076,2,36000,1.30579328506
208714,210601,215982,1887,5381,2,36000,1.35067831258
208958,210614,215801,1656,5187,2,36000,1.31925968768
209518,211149,216663,1631,5514,2,36000,1.29579252811
209712,211341,216701,1629,5360,2,36000,1.30391791045
209778,211403,217410,1625,6007,2,36000,1.27051772932
210085,211779,217260,1694,5481,2,36000,1.30906768838
210113,210119,220689,6,10570,16,31380,1.00056764428
210175,211812,217247,1637,5435,2,36000,1.30119595216
210432,212098,217643,1666,5545,2,36000,1.30045085663
210459,212239,217692,1780,5453,2,36000,1.32642582065
210489,212247,218179,1758,5932,2,36000,1.2963587323
210559,245039,288275,34480,43236,14,43200,1.7974835785
210591,212257,218156,1666,5899,2,36000,1.28242074928
210607,212271,217332,1664,5061,2,36000,1.32878877692
211018,247228,282909,36210,35681,14,43200,2.01482581766
211073,248323,279036,37250,30713,6,172800,2.21284146778
211137,212378,218054,1241,5676,2,36000,1.21863988724
211330,212453,217496,1123,5043,2,36000,1.22268490978
211391,212489,217855,1098,5366,2,36000,1.20462169214
211644,230005,234362,18361,4357,2,43200,5.21413816846
211708,211714,238389,6,26675,1,28800,1.00022492971
211769,212515,217954,746,5439,2,36000,1.13715756573
211799,212579,218291,780,5712,2,36000,1.13655462185
211803,231959,272220,20156,40261,2,43200,1.50063336728
212090,212607,218722,517,6115,2,36000,1.08454619787
212230,212762,218115,532,5353,2,36000,1.09938352326
212246,212917,216779,671,3862,2,36000,1.173744174
212247,212923,218916,676,5993,2,36000,1.11279826464
212262,213175,218547,913,5372,2,36000,1.1699553239
212367,213300,219409,933,6109,2,36000,1.15272548699
212443,213359,219880,916,6521,2,36000,1.14046925318
212479,213383,218242,904,4859,2,36000,1.18604651163
212504,213444,218515,940,5071,2,36000,1.18536777756
212570,213529,218548,959,5019,2,36000,1.19107391911
212597,213680,218961,1083,5281,2,36000,1.20507479644
212751,213741,219292,990,5551,2,36000,1.17834624392
212857,279051,286525,66194,7474,1,86400,9.85656944073
212905,213882,219885,977,6003,2,36000,1.16275195735
212920,213927,218938,1007,5011,2,36000,1.20095789264
213005,279057,285970,66052,6913,1,86400,10.5547519167
213164,214155,219523,991,5368,2,36000,1.18461251863
213288,214313,220191,1025,5878,2,36000,1.17437904049
213349,214672,220444,1323,5772,2,36000,1.22920997921
213373,214894,220400,1521,5506,2,36000,1.27624409735
213433,215812,220979,2379,5167,2,36000,1.46042190826
213518,215892,221466,2374,5574,2,36000,1.42590599211
213631,254225,279159,40594,24934,4,72000,2.62805807331
213669,215930,221647,2261,5717,2,36000,1.39548714361
213732,215994,221302,2262,5308,2,36000,1.42614920874
213873,216379,222360,2506,5981,2,36000,1.41899347935
213918,216496,221840,2578,5344,2,36000,1.48241017964
213946,228712,231254,14766,2542,1,86400,6.80881195909
214144,216586,222440,2442,5854,2,36000,1.41715066621
214304,216674,222206,2370,5532,2,36000,1.4284164859
214663,216712,220103,2049,3391,2,36000,1.60424653495
214883,216790,221744,1907,4954,2,36000,1.38494146145
215800,217258,222089,1458,4831,2,36000,1.30180086939
215882,217272,222530,1390,5258,2,36000,1.26435907189
215918,217343,223588,1425,6245,2,36000,1.22818254604
215984,217421,222922,1437,5501,2,36000,1.26122523178
215990,245007,245023,29017,16,32,86400,1814.5625
216369,217507,221807,1138,4300,2,36000,1.26465116279
216488,217654,222886,1166,5232,2,36000,1.22285932722
216577,217703,223733,1126,6030,2,36000,1.18673300166
216665,217866,222982,1201,5116,2,36000,1.23475371384
216697,217965,224388,1268,6423,2,36000,1.19741553791
216780,218066,223081,1286,5015,2,36000,1.25643070788
217248,218127,223648,879,5521,2,36000,1.15921028799
217263,218168,222215,905,4047,2,36000,1.22362243637
217332,218190,223807,858,5617,2,36000,1.1527505786
217411,218253,223729,842,5476,2,36000,1.15376186998
217495,218302,223661,807,5359,2,36000,1.15058779623
217645,218527,223233,882,4706,2,36000,1.18742031449
217694,218562,224152,868,5590,2,36000,1.15527728086
218555,218567,222279,12,3712,2,36000,1.00323275862
218723,218733,223933,10,5200,2,36000,1.00192307692
218918,218928,224158,10,5230,2,36000,1.00191204589
218939,218949,224253,10,5304,2,36000,1.00188536953
218963,218972,223904,9,4932,2,36000,1.00182481752
219293,219303,225160,10,5857,2,36000,1.00170735872
219412,219420,223534,8,4114,2,36000,1.00194457948
219525,219534,225369,9,5835,2,36000,1.00154241645
219883,219896,224689,13,4793,2,36000,1.00271228875
219898,219904,225793,6,5889,2,36000,1.0010188487
220107,220114,225845,7,5731,2,36000,1.00122142733
220192,220203,225885,11,5682,2,36000,1.00193593805
220401,220411,224583,10,4172,2,36000,1.00239693193
220443,220455,226861,12,6406,2,36000,1.00187324383
220717,220723,241450,6,20727,16,20700,1.00028947749
220982,220991,226215,9,5224,2,36000,1.00172281776
221133,221139,221387,6,248,1,1800,1.02419354839
221304,221314,227278,10,5964,2,36000,1.00167672703
221467,221478,226821,11,5343,2,36000,1.00205876848
221498,221504,221888,6,384,1,1800,1.015625
221649,221658,227469,9,5811,2,36000,1.00154878678
221762,221768,226571,6,4803,2,36000,1.00124921924
221807,221818,226972,11,5154,2,36000,1.00213426465
221840,221851,226417,11,4566,2,36000,1.00240911082
221956,221962,229189,6,7227,2,7200,1.00083022001
221977,227328,234568,5351,7240,2,7200,1.73908839779
222090,222100,227492,10,5392,2,36000,1.00185459941
222190,222196,223997,6,1801,1,1800,1.00333148251
222208,222217,227452,9,5235,2,36000,1.00171919771
222223,222229,227282,6,5053,2,36000,1.00118741342
222280,222290,227963,10,5673,2,36000,1.00176273577
222361,222371,227181,10,4810,2,36000,1.00207900208
222443,222452,228058,9,5606,2,36000,1.00160542276
222530,222541,228361,11,5820,2,36000,1.00189003436
222886,222897,228466,11,5569,2,36000,1.00197521997
222922,222933,228151,11,5218,2,36000,1.00210808739
222983,222994,228054,11,5060,2,36000,1.00217391304
223083,223092,228640,9,5548,2,36000,1.0016222062
223535,223545,228695,10,5150,2,36000,1.00194174757
223590,223599,229857,9,6258,2,36000,1.00143815916
223650,223659,228687,9,5028,2,36000,1.00178997613
223665,223672,228658,7,4986,2,36000,1.00140393101
223903,223915,229682,12,5767,2,36000,1.00208080458
224008,224014,224289,6,275,1,1800,1.02181818182
224152,224163,229551,11,5388,2,36000,1.00204157387
224167,224173,228186,6,4013,2,36000,1.00149514079
224255,224264,229882,9,5618,2,36000,1.00160199359
224308,224314,224363,6,49,1,1800,1.12244897959
224389,224399,229294,10,4895,2,36000,1.00204290092
224449,224456,224804,7,348,1,1800,1.02011494253
224585,224594,228781,9,4187,2,36000,1.00214951039
224691,224700,230513,9,5813,2,36000,1.00154825391
224819,224825,228056,6,3231,1,3600,1.00185701021
225161,225172,230714,11,5542,2,36000,1.00198484302
225369,225380,231125,11,5745,2,36000,1.00191470844
225846,225857,229958,11,4101,2,36000,1.00268227262
225885,225896,231214,11,5318,2,36000,1.00206844678
226217,226226,232128,9,5902,2,36000,1.00152490681
226417,227333,227517,916,184,2,14400,5.97826086957
226421,226428,228716,7,2288,2,36000,1.00305944056
226572,226582,231665,10,5083,2,36000,1.00196734212
226797,227347,227366,550,19,2,3600,29.9473684211
226822,226832,232858,10,6026,2,36000,1.00165947561
226862,226872,232829,10,5957,2,36000,1.00167869733
226975,226984,228663,9,1679,2,36000,1.00536033353
227158,227352,227372,194,20,2,3600,10.7
227183,227192,228700,9,1508,2,36000,1.00596816976
227280,227289,231844,9,4555,2,36000,1.00197585071
227452,227463,232818,11,5355,2,36000,1.002054155
227470,227480,233212,10,5732,2,36000,1.00174459177
227494,227504,233224,10,5720,2,36000,1.00174825175
229057,229200,229994,143,794,1,780,1.18010075567
230945,231265,234170,320,2905,1,3600,1.11015490534
232272,232278,234103,6,1825,2,36000,1.00328767123
232273,232284,234103,11,1819,2,36000,1.00604727872
232275,232289,234103,14,1814,2,36000,1.00771775083
232276,232294,234103,18,1809,2,36000,1.00995024876
232277,232299,234103,22,1804,2,36000,1.01219512195
232279,232305,234103,26,1798,2,36000,1.01446051168
232280,232311,234103,31,1792,2,36000,1.01729910714
232281,232316,234103,35,1787,2,36000,1.01958589815
232282,232321,234103,39,1782,2,36000,1.02188552189
232284,232326,234103,42,1777,2,36000,1.02363534046
232285,232332,234103,47,1771,2,36000,1.02653867871
232286,232337,234103,51,1766,2,36000,1.0288788222
232288,232342,234103,54,1761,2,36000,1.03066439523
232289,232347,234103,58,1756,2,36000,1.03302961276
232290,232352,234103,62,1751,2,36000,1.03540833809
232292,232357,234103,65,1746,2,36000,1.0372279496
232293,232363,234103,70,1740,2,36000,1.04022988506
232294,232368,234103,74,1735,2,36000,1.04265129683
232296,232373,234103,77,1730,2,36000,1.04450867052
232297,232378,234103,81,1725,2,36000,1.04695652174
232298,232383,234103,85,1720,2,36000,1.04941860465
232299,232388,234103,89,1715,2,36000,1.05189504373
232301,232394,234103,93,1709,2,36000,1.05441778818
232821,232828,234103,7,1275,2,36000,1.00549019608
232836,232842,234103,6,1261,2,36000,1.00475812847
232860,232866,234103,6,1237,2,36000,1.00485044462
233214,233220,234107,6,887,2,36000,1.0067643743
233229,233235,234107,6,872,2,36000,1.00688073394
234133,234140,237690,7,3550,2,36000,1.00197183099
234135,234146,239656,11,5510,2,36000,1.00199637024
234136,234151,239344,15,5193,2,36000,1.00288850376
234137,234156,239706,19,5550,2,36000,1.00342342342
234139,234161,239465,22,5304,2,36000,1.00414781297
234140,234166,240120,26,5954,2,36000,1.00436681223
234141,234172,237860,31,3688,2,36000,1.00840563991
234143,234177,240177,34,6000,2,36000,1.00566666667
234144,234182,239592,38,5410,2,36000,1.00702402957
234145,234187,239722,42,5535,2,36000,1.00758807588
234147,234193,240269,46,6076,2,36000,1.00757077024
234148,234198,238048,50,3850,2,36000,1.01298701299
234149,234203,239621,54,5418,2,36000,1.00996677741
234151,234208,240125,57,5917,2,36000,1.0096332601
234152,234213,239920,61,5707,2,36000,1.010688628
234153,234219,239727,66,5508,2,36000,1.01198257081
234155,234224,239338,69,5114,2,36000,1.01349237388
234156,234229,239280,73,5051,2,36000,1.01445258365
234157,234234,237978,77,3744,2,36000,1.02056623932
234159,234239,239936,80,5697,2,36000,1.0140424785
234160,234244,239093,84,4849,2,36000,1.01732315941
234161,234250,237818,89,3568,2,36000,1.02494394619
234162,234255,239248,93,4993,2,36000,1.01862607651
234164,234260,239704,96,5444,2,36000,1.01763409258
234165,234265,239260,100,4995,2,36000,1.02002002002
234166,234270,239045,104,4775,2,36000,1.02178010471
234168,234276,239374,108,5098,2,36000,1.02118477834
234169,234281,239391,112,5110,2,36000,1.02191780822
234170,234286,239469,116,5183,2,36000,1.02238086051
234172,234292,239872,120,5580,2,36000,1.02150537634
234173,234297,239169,124,4872,2,36000,1.02545155993
234174,234373,239357,199,4984,2,36000,1.03992776886
234176,234579,239679,403,5100,2,36000,1.07901960784
234177,237701,242733,3524,5032,2,36000,1.70031796502
234178,237829,242746,3651,4917,2,36000,1.74252593045
234180,237871,243865,3691,5994,2,36000,1.61578244912
234181,237989,243706,3808,5717,2,36000,1.66608361029
234182,238060,243119,3878,5059,2,36000,1.76655465507
234183,239056,244842,4873,5786,2,36000,1.84220532319
234185,239104,245032,4919,5928,2,36000,1.82979082321
234186,239180,245160,4994,5980,2,36000,1.83511705686
234187,239259,244541,5072,5282,2,36000,1.96024233245
234189,239271,244814,5082,5543,2,36000,1.91683204041
234190,239291,244596,5101,5305,2,36000,1.96154571159
234191,239349,244697,5158,5348,2,36000,1.96447270007
234193,239355,245310,5162,5955,2,36000,1.86683459278
234194,239368,245013,5174,5645,2,36000,1.91656333038
234195,239385,244442,5190,5057,2,36000,2.02630017797
234197,239402,244553,5205,5151,2,36000,2.01048340128
234198,239476,245289,5278,5813,2,36000,1.90796490624
234199,239482,245087,5283,5605,2,36000,1.94255129349
234201,239603,244674,5402,5071,2,36000,2.06527312167
234202,239632,244583,5430,4951,2,36000,2.09674813169
234203,239668,244135,5465,4467,2,36000,2.22341616297
234205,239690,244208,5485,4518,2,36000,2.21403275786
234206,239716,244869,5510,5153,2,36000,2.06928003105
234207,239722,245818,5515,6096,2,36000,1.90469160105
234209,239733,245412,5524,5679,2,36000,1.97270646241
234210,239739,245129,5529,5390,2,36000,2.02578849722
234211,239883,243815,5672,3932,2,36000,2.44252288911
234213,239931,244080,5718,4149,2,36000,2.37816341287
234214,239947,245239,5733,5292,2,36000,2.08333333333
234215,240131,243692,5916,3561,2,36000,2.66133108677
234217,240137,246050,5920,5913,2,36000,2.00118383223
234218,240189,245323,5971,5134,2,36000,2.16303077522
234219,240280,246395,6061,6115,2,36000,1.99116925593
234221,241461,247078,7240,5617,2,36000,2.2889442763
234222,241466,247021,7244,5555,2,36000,2.30405040504
234223,241471,248017,7248,6546,2,36000,2.10724106324
234225,241477,247344,7252,5867,2,36000,2.23606613261
234226,241482,247226,7256,5744,2,36000,2.26323119777
234227,241487,246364,7260,4877,2,36000,2.48862005331
234229,241492,246829,7263,5337,2,36000,2.36087689713
234230,241498,247217,7268,5719,2,36000,2.27085154747
234231,242744,247098,8513,4354,2,36000,2.95521359669
234233,242758,248024,8525,5266,2,36000,2.61887580706
234234,243130,247681,8896,4551,2,36000,2.95473522303
234235,243703,249633,9468,5930,2,36000,2.59662731872
234237,243717,248372,9480,4655,2,36000,3.03651987111
234238,243826,249544,9588,5718,2,36000,2.67681007345
236082,253478,292805,17396,39327,14,43200,1.44234241107
239665,243877,249786,4212,5909,2,36000,1.71281096632
239680,244091,248911,4411,4820,2,36000,1.91514522822
239704,244147,249268,4443,5121,2,36000,1.8676039836
239719,244219,249162,4500,4943,2,36000,1.91037831277
239734,244453,250165,4719,5712,2,36000,1.82615546218
239735,244552,249468,4817,4916,2,36000,1.97986167616
239876,244564,249983,4688,5419,2,36000,1.86510426278
239921,244595,250314,4674,5719,2,36000,1.81727574751
239936,244607,250074,4671,5467,2,36000,1.854399122
240121,244685,250490,4564,5805,2,36000,1.78621877692
240135,244708,249343,4573,4635,2,36000,1.98662351672
240178,244826,251144,4648,6318,2,36000,1.73567584679
240271,244853,250279,4582,5426,2,36000,1.84445263546
242734,244880,250218,2146,5338,2,36000,1.40202322967
242749,245024,249766,2275,4742,2,36000,1.47975537748
243119,245045,250356,1926,5311,2,36000,1.36264356995
243692,245098,250465,1406,5367,2,36000,1.26197130613
243707,245140,250338,1433,5198,2,36000,1.27568295498
243815,245171,250433,1356,5262,2,36000,1.25769669327
243866,245250,250979,1384,5729,2,36000,1.24157793681
244080,245300,250036,1220,4736,2,36000,1.25760135135
244134,245321,251048,1187,5727,2,36000,1.20726383796
244209,245334,249517,1125,4183,2,36000,1.26894573273
244446,245423,250430,977,5007,2,36000,1.19512682245
244543,245829,249892,1286,4063,2,36000,1.31651489048
244558,246061,251985,1503,5924,2,36000,1.25371370695
244585,246406,251574,1821,5168,2,36000,1.35236068111
244600,247109,252585,2509,5476,2,36000,1.45818115413
244675,247693,253109,3018,5416,2,36000,1.55723781388
244699,248035,253103,3336,5068,2,36000,1.65824782952
244816,248383,253427,3567,5044,2,36000,1.70717684377
244843,248923,254100,4080,5177,2,36000,1.78810121692
244870,249280,254803,4410,5523,2,36000,1.79847908745
245015,249354,254940,4339,5586,2,36000,1.77676333691
245033,249479,255058,4446,5579,2,36000,1.79691701022
245087,249528,255618,4441,6090,2,36000,1.72922824302
245129,249555,254753,4426,5198,2,36000,1.85148133898
245162,249645,253872,4483,4227,2,36000,2.06056304708
245237,249778,254809,4541,5031,2,36000,1.90260385609
245291,249797,255091,4506,5294,2,36000,1.85115224783
245312,249904,255577,4592,5673,2,36000,1.80944826371
245326,249994,255138,4668,5144,2,36000,1.90746500778
245413,250047,255580,4634,5533,2,36000,1.83752033255
245819,250085,255937,4266,5852,2,36000,1.72898154477
246050,250176,255941,4126,5765,2,36000,1.71569817866
246364,250229,256072,3865,5843,2,36000,1.66147526955
246397,250290,256470,3893,6180,2,36000,1.62993527508
246831,250326,255444,3495,5118,2,36000,1.68288393904
247021,250349,255822,3328,5473,2,36000,1.6080760095
247078,250367,255140,3289,4773,2,36000,1.68908443327
247099,250441,256061,3342,5620,2,36000,1.59466192171
247217,250447,254563,3230,4116,2,36000,1.78474246842
247232,250476,256126,3244,5650,2,36000,1.57415929204
247344,250501,256412,3157,5911,2,36000,1.53408898664
247681,250990,257452,3309,6462,2,36000,1.51207056639
248018,251059,256488,3041,5429,2,36000,1.56013998895
248033,251155,255866,3122,4711,2,36000,1.66270430906
248374,251585,257369,3211,5784,2,36000,1.55515214385
248913,251996,257127,3083,5131,2,36000,1.60085753264
249162,252596,257364,3434,4768,2,36000,1.72021812081
249271,253115,258764,3844,5649,2,36000,1.68047442025
249343,253121,258378,3778,5257,2,36000,1.71866083317
249469,253439,258669,3970,5230,2,36000,1.75908221797
249517,253883,259047,4366,5164,2,36000,1.84546862897
249544,254111,259710,4567,5599,2,36000,1.81568137167
249634,254574,259295,4940,4721,2,36000,2.04638847702
249767,254764,260210,4997,5446,2,36000,1.9175541682
249785,254814,259868,5029,5054,2,36000,1.99505342303
249893,254951,259621,5058,4670,2,36000,2.08308351178
249983,255069,259847,5086,4778,2,36000,2.06446211804
250034,255102,261105,5068,6003,2,36000,1.84424454439
250073,255148,260761,5075,5613,2,36000,1.90415107785
250164,255155,260353,4991,5198,2,36000,1.96017699115
250221,255456,260921,5235,5465,2,36000,1.95791399817
250281,255588,261253,5307,5665,2,36000,1.93680494263
250314,255594,259722,5280,4128,2,36000,2.27906976744
250338,255629,261171,5291,5542,2,36000,1.95470949116
250356,255833,260517,5477,4684,2,36000,2.16929974381
250431,255878,261615,5447,5737,2,36000,1.94945093254
250446,255948,261669,5502,5721,2,36000,1.96171997902
250467,255954,261341,5487,5387,2,36000,2.01856320772
250490,256072,261619,5582,5547,2,36000,2.00630971696
250981,256083,261706,5102,5623,2,36000,1.90734483372
251047,256137,261663,5090,5526,2,36000,1.92110025335
251146,256424,261559,5278,5135,2,36000,2.02784810127
251577,256499,261550,4922,5051,2,36000,1.97446050287
251984,257139,263143,5155,6004,2,36000,1.85859427049
252587,257375,262328,4788,4953,2,36000,1.96668685645
253106,257381,263498,4275,6117,2,36000,1.69887199608
253121,257463,262280,4342,4817,2,36000,1.9013909072
253428,258389,264045,4961,5656,2,36000,1.87712164074
253874,258680,264220,4806,5540,2,36000,1.86750902527
254100,258776,261792,4676,3016,2,36000,2.55039787798
254563,259059,264820,4496,5761,2,36000,1.78042006596
254756,259306,265516,4550,6210,2,36000,1.73268921095
254804,259632,264843,4828,5211,2,36000,1.92650163116
254819,259721,265268,4902,5547,2,36000,1.88372093023
254942,259733,265203,4791,5470,2,36000,1.87586837294
255060,259858,264974,4798,5116,2,36000,1.93784206411
255093,259879,264888,4786,5009,2,36000,1.95548013576
255141,260222,265088,5081,4866,2,36000,2.04418413481
255142,260364,265947,5222,5583,2,36000,1.93533942325
255446,260529,265055,5083,4526,2,36000,2.12306672559
255579,260772,266553,5193,5781,2,36000,1.89828749351
255580,260932,266707,5352,5775,2,36000,1.92675324675
255620,261117,266476,5497,5359,2,36000,2.02575107296
255824,261182,266909,5358,5727,2,36000,1.9355683604
255866,261265,266729,5399,5464,2,36000,1.98810395315
255938,261352,266714,5414,5362,2,36000,2.00969787393
255953,261561,266418,5608,4857,2,36000,2.15462219477
256061,261570,267158,5509,5588,2,36000,1.98586256263
256075,261626,267317,5551,5691,2,36000,1.975399754
256126,261632,266691,5506,5059,2,36000,2.08835738288
256412,261674,267203,5262,5529,2,36000,1.95170916983
256470,261680,267177,5210,5497,2,36000,1.94778970347
256492,261718,266822,5226,5104,2,36000,2.02390282132
257127,261803,266339,4676,4536,2,36000,2.03086419753
257365,262291,267645,4926,5354,2,36000,1.9200597684
257380,262339,267260,4959,4921,2,36000,2.00772200772
257452,263154,268317,5702,5163,2,36000,2.1043966686
258380,263510,268882,5130,5372,2,36000,1.95495160089
258672,264056,268039,5384,3983,2,36000,2.35174491589
258766,264231,269668,5465,5437,2,36000,2.00514989884
259051,264831,269958,5780,5127,2,36000,2.12736493076
259296,264854,270070,5558,5216,2,36000,2.06556748466
259624,264899,270564,5275,5665,2,36000,1.93115622242
259711,264985,271119,5274,6134,2,36000,1.85979784806
259726,265066,270074,5340,5008,2,36000,2.06629392971
259847,265100,270530,5253,5430,2,36000,1.96740331492
259868,265214,270569,5346,5355,2,36000,1.99831932773
260213,265279,270803,5066,5524,2,36000,1.91708906589
260356,265527,271241,5171,5714,2,36000,1.90497024851
260448,332704,368741,72256,36037,2,36000,3.0050503649
260454,332709,368717,72255,36008,2,36000,3.00663741391
260519,265958,271266,5439,5308,2,36000,2.02467972871
260761,266351,271668,5590,5317,2,36000,2.05134474328
260923,266429,272265,5506,5836,2,36000,1.94345442084
261107,266487,272039,5380,5552,2,36000,1.96902017291
261174,266564,271763,5390,5199,2,36000,2.0367378342
261252,266702,272228,5450,5526,2,36000,1.98624683315
261341,266718,271818,5377,5100,2,36000,2.05431372549
261551,266725,272553,5174,5828,2,36000,1.88778311599
261566,266740,271443,5174,4703,2,36000,2.10014884117
261614,266834,272455,5220,5621,2,36000,1.92866038072
261629,266920,272894,5291,5974,2,36000,1.88567124205
261665,267169,273362,5504,6193,2,36000,1.88874535766
261680,267188,272491,5508,5303,2,36000,2.03865736376
261707,267215,272638,5508,5423,2,36000,2.01567398119
261792,267271,272784,5479,5513,2,36000,1.99383275893
262283,267329,272319,5046,4990,2,36000,2.01122244489
262328,267656,273353,5328,5697,2,36000,1.93522906793
263145,268050,273425,4905,5375,2,36000,1.91255813953
263506,268328,274592,4822,6264,2,36000,1.76979565773
264045,268893,274337,4848,5444,2,36000,1.89052167524
264220,269679,275470,5459,5791,2,36000,1.94266965982
264820,269969,275691,5149,5722,2,36000,1.89986018875
264845,270082,275465,5237,5383,2,36000,1.97287757756
264890,270088,276484,5198,6396,2,36000,1.81269543465
264974,270542,276675,5568,6133,2,36000,1.90787542801
265055,270575,276298,5520,5723,2,36000,1.96452909313
265089,270581,275840,5492,5259,2,36000,2.04430500095
265203,270814,276449,5611,5635,2,36000,1.99574090506
265270,271130,276450,5860,5320,2,36000,2.1015037594
265514,271252,276644,5738,5392,2,36000,2.06416913947
265948,271277,276560,5329,5283,2,36000,2.00870717395
266339,271454,277240,5115,5786,2,36000,1.88403041825
266418,271679,276301,5261,4622,2,36000,2.13825183903
266479,271774,276727,5295,4953,2,36000,2.06904906118
282654,332780,364023,50126,31243,17,36000,2.60439138367
282661,332785,363521,50124,30736,17,36000,2.63079125455
292200,292207,292291,7,84,2,60,1.08333333333
292338,292345,292371,7,26,2,60,1.26923076923
292357,292383,292412,26,29,2,60,1.89655172414
292364,292423,292457,59,34,2,60,2.73529411765
332972,332978,332979,6,1,2,3540,1.0
333491,333497,344366,6,10869,4,126000,1.00055202871
333563,333569,379166,6,45597,4,126000,1.0001315876
333590,333597,342226,7,8629,1,36000,1.00081121799
333600,333606,333609,6,3,2,36000,1.0
333601,333612,333613,11,1,2,36000,1.2
333603,333617,333618,14,1,2,36000,1.5
333604,333622,333623,18,1,2,36000,1.9
333605,333627,333628,22,1,2,36000,2.3
333606,333633,333634,27,1,2,36000,2.8
333670,333676,337202,6,3526,2,36000,1.00170164492
333671,333682,339509,11,5827,2,36000,1.00188776386
333673,333687,339006,14,5319,2,36000,1.0026320737
333674,333692,338495,18,4803,2,36000,1.00374765771
333675,333697,339013,22,5316,2,36000,1.00413844996
333676,333702,337872,26,4170,2,36000,1.00623501199
333678,333714,340315,36,6601,2,36000,1.00545371913
333679,333719,337251,40,3532,2,36000,1.01132502831
333680,333724,339853,44,6129,2,36000,1.00717898515
333682,333729,339587,47,5858,2,36000,1.00802321611
333683,333735,339075,52,5340,2,36000,1.00973782772
333685,333740,339726,55,5986,2,36000,1.00918810558
333686,333745,340095,59,6350,2,36000,1.00929133858
333688,333750,338964,62,5214,2,36000,1.01189106252
333689,333709,801237,20,467528,8,475200,1.00004277819
333689,333755,338835,66,5080,2,36000,1.01299212598
333690,333760,339144,70,5384,2,36000,1.01300148588
333692,333766,340897,74,7131,2,36000,1.0103772262
333693,333771,339074,78,5303,2,36000,1.01470865548
333695,333776,339927,81,6151,2,36000,1.01316859047
333696,333781,339607,85,5826,2,36000,1.01458977
333698,333786,339268,88,5482,2,36000,1.01605253557
333699,333792,338504,93,4712,2,36000,1.01973684211
333701,333797,338970,96,5173,2,36000,1.01855789677
333702,333802,339333,100,5531,2,36000,1.01807991322
333703,333807,338666,104,4859,2,36000,1.02140358098
333705,333813,340044,108,6231,2,36000,1.01733269138
333706,333818,338251,112,4433,2,36000,1.02526505752
333708,333823,339400,115,5577,2,36000,1.02062040524
333709,333828,338743,119,4915,2,36000,1.02421159715
333710,333834,339247,124,5413,2,36000,1.02290781452
333712,333839,339648,127,5809,2,36000,1.02186262696
333713,333844,339679,131,5835,2,36000,1.02245072836
333715,333849,338577,134,4728,2,36000,1.02834179357
333716,333854,339028,138,5174,2,36000,1.02667182064
333718,333860,339500,142,5640,2,36000,1.02517730496
333719,333865,338507,146,4642,2,36000,1.03145196036
333720,333870,339091,150,5221,2,36000,1.02873012833
333722,333875,338730,153,4855,2,36000,1.03151390319
333723,333880,339148,157,5268,2,36000,1.02980258162
333724,333885,339962,161,6077,2,36000,1.02649333553
333726,333891,339787,165,5896,2,36000,1.02798507463
333727,333896,339754,169,5858,2,36000,1.02884943667
333729,333901,339624,172,5723,2,36000,1.03005416739
333730,333906,338482,176,4576,2,36000,1.03846153846
333731,333911,339054,180,5143,2,36000,1.0349990278
333733,333916,339123,183,5207,2,36000,1.03514499712
333734,333922,339258,188,5336,2,36000,1.03523238381
333735,333927,338571,192,4644,2,36000,1.04134366925
333737,333932,338860,195,4928,2,36000,1.03956980519
333738,333937,339763,199,5826,2,36000,1.03415722623
333739,333942,338101,203,4159,2,36000,1.04880981005
333741,333947,340229,206,6282,2,36000,1.03279210443
333742,333953,339658,211,5705,2,36000,1.03698510079
333744,333958,338913,214,4955,2,36000,1.04318869828
333746,333963,338897,217,4934,2,36000,1.04398054317
333747,333968,340049,221,6081,2,36000,1.03634270679
333748,333973,339426,225,5453,2,36000,1.04126169081
333750,333979,339261,229,5282,2,36000,1.04335478985
333751,333984,339687,233,5703,2,36000,1.04085568999
333753,333989,338741,236,4752,2,36000,1.04966329966
333754,333994,337527,240,3533,2,36000,1.06793093688
333756,333999,339146,243,5147,2,36000,1.04721196814
333757,334004,340093,247,6089,2,36000,1.04056495319
333759,334010,340808,251,6798,2,36000,1.0369226243
333760,334015,339829,255,5814,2,36000,1.04385964912
333762,334020,339236,258,5216,2,36000,1.04946319018
333763,334025,340218,262,6193,2,36000,1.04230582916
333764,334030,339360,266,5330,2,36000,1.04990619137
333765,334035,337972,270,3937,2,36000,1.06858013716
333767,334041,339832,274,5791,2,36000,1.04731479883
333768,334046,340201,278,6155,2,36000,1.04516653128
333770,334051,339586,281,5535,2,36000,1.05076784101
333771,334056,339902,285,5846,2,36000,1.04875128293
333772,334061,338706,289,4645,2,36000,1.06221743811
333773,334066,339385,293,5319,2,36000,1.0550855424
333775,334072,340133,297,6061,2,36000,1.04900181488
333776,334077,339978,301,5901,2,36000,1.05100830368
333778,334082,337812,304,3730,2,36000,1.08150134048
333779,334087,339119,308,5032,2,36000,1.06120826709
333780,334092,339734,312,5642,2,36000,1.05529953917
333782,334097,340324,315,6227,2,36000,1.05058615706
333783,334103,339316,320,5213,2,36000,1.06138499904
333784,334108,339365,324,5257,2,36000,1.06163210957
333786,334113,341447,327,7334,2,36000,1.04458685574
333787,334118,339776,331,5658,2,36000,1.05850123719
333788,334123,338820,335,4697,2,36000,1.0713221205
333790,334129,340006,339,5877,2,36000,1.05768249107
333791,334134,339503,343,5369,2,36000,1.06388526728
333792,334139,337921,347,3782,2,36000,1.09175039662
333793,334144,339710,351,5566,2,36000,1.06306144448
333795,334149,339915,354,5766,2,36000,1.06139438085
333796,334154,339658,358,5504,2,36000,1.06504360465
333797,334160,339841,363,5681,2,36000,1.0638972012
333799,334165,339521,366,5356,2,36000,1.06833457804
333800,334170,339055,370,4885,2,36000,1.07574206755
333801,334175,339808,374,5633,2,36000,1.06639446121
333803,334180,339797,377,5617,2,36000,1.06711767848
333804,334185,339201,381,5016,2,36000,1.0759569378
333806,334191,339657,385,5466,2,36000,1.07043541895
333807,334196,339205,389,5009,2,36000,1.07766021162
333808,334202,340282,394,6080,2,36000,1.06480263158
333809,334207,339131,398,4924,2,36000,1.08082859464
333811,334212,340016,401,5804,2,36000,1.06909028256
333812,334218,339600,406,5382,2,36000,1.07543664065
333813,334223,339831,410,5608,2,36000,1.07310984308
333815,334228,340059,413,5831,2,36000,1.07082833133
333816,334233,339437,417,5204,2,36000,1.08013066872
333817,334238,339275,421,5037,2,36000,1.08358149692
333819,334243,339815,424,5572,2,36000,1.07609475951
333820,334249,340037,429,5788,2,36000,1.07411886662
333821,334254,339612,433,5358,2,36000,1.08081373647
333823,334259,339584,436,5325,2,36000,1.08187793427
333824,334264,339245,440,4981,2,36000,1.08833567557
333825,334269,338192,444,3923,2,36000,1.11317868978
333827,334275,339710,448,5435,2,36000,1.08242870285
333828,334280,339795,452,5515,2,36000,1.08195829556
333829,334285,340120,456,5835,2,36000,1.07814910026
333831,334290,339806,459,5516,2,36000,1.08321247281
333832,334295,340389,463,6094,2,36000,1.0759763702
333833,334300,340071,467,5771,2,36000,1.08092185063
336669,338518,338623,1849,105,10,360000,18.6095238095
337170,338635,511479,1465,172844,6,172800,1.00847585106
337202,337213,342864,11,5651,2,36000,1.00194655813
337254,337263,343348,9,6085,2,36000,1.00147904684
337528,337538,343515,10,5977,2,36000,1.00167308014
337814,337824,343375,10,5551,2,36000,1.00180147721
337875,337883,343921,8,6038,2,36000,1.00132494203
337923,337932,344442,9,6510,2,36000,1.00138248848
337974,337983,344122,9,6139,2,36000,1.00146603681
338104,338112,344104,8,5992,2,36000,1.00133511348
338194,338203,343575,9,5372,2,36000,1.00167535369
338254,338262,344025,8,5763,2,36000,1.00138816589
338482,338493,343170,11,4677,2,36000,1.002351935
338497,338506,344454,9,5948,2,36000,1.00151311365
338512,338588,345389,76,6801,2,36000,1.01117482723
338513,338640,344955,127,6315,2,36000,1.02011084719
338573,338645,344144,72,5499,2,36000,1.01309328969
338588,338651,344781,63,6130,2,36000,1.01027732463
338673,338679,344638,6,5959,2,36000,1.00100688035
338709,338718,344648,9,5930,2,36000,1.00151770658
338733,338741,343209,8,4468,2,36000,1.0017905103
338748,338754,343526,6,4772,2,36000,1.00125733445
338749,338760,343035,11,4275,2,36000,1.00257309942
338821,338831,344421,10,5590,2,36000,1.00178890877
338836,338846,344670,10,5824,2,36000,1.00171703297
338860,338871,344911,11,6040,2,36000,1.00182119205
338899,338909,344528,10,5619,2,36000,1.0017796761
338914,338924,347489,10,8565,2,36000,1.00116754232
338965,338975,344004,10,5029,2,36000,1.00198846689
338980,338986,343958,6,4972,2,36000,1.00120675784
339007,339017,344865,10,5848,2,36000,1.00170998632
339022,339028,344166,6,5138,2,36000,1.00116776956
339038,339044,344110,6,5066,2,36000,1.00118436636
339056,339065,344358,9,5293,2,36000,1.00170035896
339057,339071,344848,14,5777,2,36000,1.00242340315
339075,339085,343400,10,4315,2,36000,1.0023174971
339077,339090,345282,13,6192,2,36000,1.0020994832
339092,339102,344389,10,5287,2,36000,1.00189143181
339122,339130,344234,8,5104,2,36000,1.00156739812
339137,339143,345330,6,6187,2,36000,1.00096977534
339138,339149,344536,11,5387,2,36000,1.00204195285
339153,339159,344228,6,5069,2,36000,1.00118366542
339155,339165,345507,10,6342,2,36000,1.00157678966
339156,339170,344951,14,5781,2,36000,1.00242172634
339204,339213,345158,9,5945,2,36000,1.00151387721
339219,339225,345641,6,6416,2,36000,1.00093516209
339237,339247,344827,10,5580,2,36000,1.0017921147
339253,339258,344952,5,5694,2,36000,1.00087811732
339254,339265,345326,11,6061,2,36000,1.00181488203
339269,339275,343829,6,4554,2,36000,1.00131752306
339270,339281,345331,11,6050,2,36000,1.00181818182
339272,339286,344364,14,5078,2,36000,1.00275699094
339286,339292,344550,6,5258,2,36000,1.0011411183
339320,339328,345103,8,5775,2,36000,1.00138528139
339334,339344,345696,10,6352,2,36000,1.0015743073
339361,339371,344704,10,5333,2,36000,1.00187511719
339376,339382,343283,6,3901,2,36000,1.00153806716
339391,339396,343566,5,4170,2,36000,1.00119904077
339406,339411,345630,5,6219,2,36000,1.00080398778
339430,339438,345130,8,5692,2,36000,1.00140548138
339444,339450,344457,6,5007,2,36000,1.00119832235
339502,339511,345110,9,5599,2,36000,1.0016074299
339516,339523,345991,7,6468,2,36000,1.00108225108
339518,339529,345813,11,6284,2,36000,1.0017504774
339533,339539,345338,6,5799,2,36000,1.00103466115
339587,339595,344468,8,4873,2,36000,1.00164169916
339588,339601,346049,13,6448,2,36000,1.00201612903
339590,339606,345716,16,6110,2,36000,1.00261865794
339605,339612,345409,7,5797,2,36000,1.00120752113
339620,339626,344388,6,4762,2,36000,1.0012599748
339621,339632,345943,11,6311,2,36000,1.00174298843
339636,339642,345320,6,5678,2,36000,1.00105671011
339650,339660,343447,10,3787,2,36000,1.00264061262
339666,339672,344902,6,5230,2,36000,1.00114722753
339667,339678,345561,11,5883,2,36000,1.00186979432
339668,339683,345837,15,6154,2,36000,1.00243743906
339683,339690,345951,7,6261,2,36000,1.00111803226
339698,339704,345317,6,5613,2,36000,1.00106894709
339713,339721,344800,8,5079,2,36000,1.00157511321
339714,339726,345514,12,5788,2,36000,1.00207325501
339729,339737,345688,8,5951,2,36000,1.00134431188
339744,339750,344146,6,4396,2,36000,1.00136487716
339759,339765,345278,6,5513,2,36000,1.00108833666
339774,339780,343874,6,4094,2,36000,1.00146555936
339789,339795,346030,6,6235,2,36000,1.00096230954
339790,339801,344369,11,4568,2,36000,1.00240805604
339808,339814,346451,6,6637,2,36000,1.0009040229
339809,339820,344915,11,5095,2,36000,1.00215897939
339810,339825,343143,15,3318,2,36000,1.00452079566
339826,339832,345683,6,5851,2,36000,1.00102546573
339827,339838,345832,11,5994,2,36000,1.0018351685
339842,339848,345296,6,5448,2,36000,1.00110132159
339844,339854,344610,10,4756,2,36000,1.00210260723
339845,339859,345065,14,5206,2,36000,1.00268920476
339846,339864,343002,18,3138,2,36000,1.00573613767
339861,339871,345368,10,5497,2,36000,1.00181917409
339903,339913,345975,10,6062,2,36000,1.00164962059
339918,339927,346271,9,6344,2,36000,1.0014186633
339933,339939,344761,6,4822,2,36000,1.00124429697
339963,339973,345712,10,5739,2,36000,1.00174246384
339980,339990,344555,10,4565,2,36000,1.0021905805
340007,340018,345488,11,5470,2,36000,1.00201096892
340022,340028,345543,6,5515,2,36000,1.00108794198
340040,340049,345412,9,5363,2,36000,1.00167816521
340055,340061,345646,6,5585,2,36000,1.00107430618
340056,340067,344404,11,4337,2,36000,1.00253631543
340071,340078,345887,7,5809,2,36000,1.00120502668
340073,340084,345417,11,5333,2,36000,1.00206262891
340097,340106,346336,9,6230,2,36000,1.00144462279
340098,340111,345363,13,5252,2,36000,1.00247524752
340122,340132,345702,10,5570,2,36000,1.00179533214
340137,340144,345935,7,5791,2,36000,1.00120877223
340205,340213,345806,8,5593,2,36000,1.00143035938
340219,340229,345587,10,5358,2,36000,1.00186636805
340234,340240,346872,6,6632,2,36000,1.00090470446
340285,340293,345107,8,4814,2,36000,1.00166181969
340316,340326,346200,10,5874,2,36000,1.00170241743
340330,340336,346666,6,6330,2,36000,1.0009478673
340390,340400,346649,10,6249,2,36000,1.00160025604
340810,340819,347483,9,6664,2,36000,1.00135054022
340898,340908,346068,10,5160,2,36000,1.0019379845
341449,341458,347037,9,5579,2,36000,1.00161319233
341462,344400,353970,2938,9570,64,21600,1.30700104493
342292,342299,342313,7,14,1,36000,1.5
342384,364046,400074,21662,36028,2,36000,1.60125457977
342607,353986,389999,11379,36013,17,36000,1.31596923333
342677,342683,342693,6,10,1,36000,1.6
342767,353981,408027,11214,54046,64,54000,1.207489916
342864,343013,349408,149,6395,2,36000,1.0232994527
343004,343154,349227,150,6073,2,36000,1.02469948954
343037,343295,349600,258,6305,2,36000,1.04091990484
343145,343587,348879,442,5292,2,36000,1.08352229781
343172,344158,347691,986,3533,2,36000,1.27908293235
343212,344433,351573,1221,7140,2,36000,1.17100840336
343284,344453,350207,1169,5754,2,36000,1.20316301703
343351,344468,350685,1117,6217,2,36000,1.17966865047
343375,344479,350817,1104,6338,2,36000,1.17418744083
343402,344547,350303,1145,5756,2,36000,1.1989228631
343450,344561,349651,1111,5090,2,36000,1.21827111984
343517,344811,350595,1294,5784,2,36000,1.22372060858
343533,344859,349572,1326,4713,2,36000,1.28134945894
343566,344922,349401,1356,4479,2,36000,1.30274614869
343581,344928,350198,1347,5270,2,36000,1.25559772296
343831,344963,349898,1132,4935,2,36000,1.22938196555
343877,344969,350813,1092,5844,2,36000,1.18685831622
343925,345076,348802,1151,3726,2,36000,1.30891035963
343961,345115,350361,1154,5246,2,36000,1.21997712543
344006,345121,350485,1115,5364,2,36000,1.20786726324
344027,345140,350806,1113,5666,2,36000,1.19643487469
344106,345169,350874,1063,5705,2,36000,1.18632778265
344121,345290,351186,1169,5896,2,36000,1.19827001357
344135,345296,350725,1161,5429,2,36000,1.21385153804
344152,345307,351786,1155,6479,2,36000,1.17826825127
344154,345337,351019,1183,5682,2,36000,1.20820133756
344169,345343,351190,1174,5847,2,36000,1.20078672824
344229,345349,350633,1120,5284,2,36000,1.21196063588
344243,345374,350768,1131,5394,2,36000,1.20967741935
344361,345380,351946,1019,6566,2,36000,1.15519342065
344376,345400,351170,1024,5770,2,36000,1.17746967071
344377,345421,350326,1044,4905,2,36000,1.2128440367
344392,345427,351519,1035,6092,2,36000,1.16989494419
344394,345433,351480,1039,6047,2,36000,1.17182073756
344409,345499,351033,1090,5534,2,36000,1.19696422118
344424,345519,349094,1095,3575,2,36000,1.30629370629
344442,345525,351157,1083,5632,2,36000,1.19229403409
344457,345554,349030,1097,3476,2,36000,1.31559263521
344458,345572,351430,1114,5858,2,36000,1.19016729259
344474,345598,349443,1124,3845,2,36000,1.29232769831
344531,345641,351231,1110,5590,2,36000,1.19856887299
344546,345652,351197,1106,5545,2,36000,1.19945897205
344561,345695,351740,1134,6045,2,36000,1.18759305211
344562,345708,351002,1146,5294,2,36000,1.21647147714
344610,345714,349645,1104,3931,2,36000,1.28084456881
344640,345723,352310,1083,6587,2,36000,1.16441475634
344655,345825,351280,1170,5455,2,36000,1.21448212649
344670,345843,351332,1173,5489,2,36000,1.21370012753
344707,345849,351214,1142,5365,2,36000,1.212861137
344764,345898,351113,1134,5215,2,36000,1.21744966443
344782,345946,352800,1164,6854,2,36000,1.16982783776
344800,345955,351578,1155,5623,2,36000,1.20540636671
344830,345986,351935,1156,5949,2,36000,1.19431837284
344851,346003,350389,1152,4386,2,36000,1.26265389877
344867,346041,350370,1174,4329,2,36000,1.27119427119
344903,346060,349966,1157,3906,2,36000,1.2962109575
344918,346282,351753,1364,5471,2,36000,1.24931456772
344919,346463,352104,1544,5641,2,36000,1.27371033505
344952,346660,351815,1708,5155,2,36000,1.33132880698
344953,346677,352654,1724,5977,2,36000,1.28843901623
344968,347052,353034,2084,5982,2,36000,1.34837846874
345068,347500,353857,2432,6357,2,36000,1.38257039484
345103,347702,352729,2599,5027,2,36000,1.51700815596
345119,348813,354632,3694,5819,2,36000,1.63481697886
345120,348890,353746,3770,4856,2,36000,1.77635914333
345135,349041,353228,3906,4187,2,36000,1.93288750896
345159,349105,354807,3946,5702,2,36000,1.69203788145
345279,349238,355063,3959,5825,2,36000,1.67965665236
345294,349413,353429,4119,4016,2,36000,2.02564741036
345309,349419,353920,4110,4501,2,36000,1.91313041546
345324,349454,355954,4130,6500,2,36000,1.63538461538
345325,349584,355410,4259,5826,2,36000,1.731033299
345342,349611,353628,4269,4017,2,36000,2.06273338312
345343,349657,354681,4314,5024,2,36000,1.85867834395
345344,349663,354326,4319,4663,2,36000,1.92622775038
345346,349910,355207,4564,5297,2,36000,1.86161978478
345363,349978,355865,4615,5887,2,36000,1.78393069475
345378,350209,354729,4831,4520,2,36000,2.06880530973
345393,350218,354890,4825,4672,2,36000,2.03274828767
345411,350314,356867,4903,6553,2,36000,1.74820692812
345426,350337,355775,4911,5438,2,36000,1.90308937109
345427,350372,354478,4945,4106,2,36000,2.20433511934
345490,350381,356429,4891,6048,2,36000,1.80869708995
345508,350400,355819,4892,5419,2,36000,1.90274958479
345523,350501,357102,4978,6601,2,36000,1.7541281624
345544,350606,356844,5062,6238,2,36000,1.81147803783
345562,350644,356592,5082,5948,2,36000,1.85440484196
345589,350696,355928,5107,5232,2,36000,1.97610856269
345631,350736,356149,5105,5413,2,36000,1.94309994458
345646,350779,355303,5133,4524,2,36000,2.13461538462
345647,350822,355980,5175,5158,2,36000,2.00329585111
345684,350828,355780,5144,4952,2,36000,2.03877221325
345699,350833,356727,5134,5894,2,36000,1.87105531049
345700,350885,356187,5185,5302,2,36000,1.97793285553
345715,351030,356410,5315,5380,2,36000,1.98791821561
345716,351045,356801,5329,5756,2,36000,1.92581653926
345722,347494,441122,1772,93628,18,93600,1.01892596232
345731,351124,356484,5393,5360,2,36000,2.00615671642
345806,351168,356841,5362,5673,2,36000,1.94517891768
345821,351181,358325,5360,7144,2,36000,1.75027995521
345836,351198,356886,5362,5688,2,36000,1.94268635724
345851,351204,356192,5353,4988,2,36000,2.07317562149
345890,351210,355068,5320,3858,2,36000,2.3789528253
345935,351225,356200,5290,4975,2,36000,2.06331658291
345950,351242,356761,5292,5519,2,36000,1.95886936039
345965,351291,356757,5326,5466,2,36000,1.97438712038
345980,351343,357055,5363,5712,2,36000,1.93890056022
345995,351442,357013,5447,5571,2,36000,1.97774187758
346031,351492,356937,5461,5445,2,36000,2.00293847567
346051,351530,357133,5479,5603,2,36000,1.97786899875
346069,351584,357557,5515,5973,2,36000,1.92332161393
346202,351590,357336,5388,5746,2,36000,1.93769578837
346274,351752,356804,5478,5052,2,36000,2.08432304038
346322,346328,346427,6,99,14,9960,1.06060606061
346337,351764,358063,5427,6299,2,36000,1.86156532783
346426,346432,346438,6,6,1,900,1.2
346433,346438,346608,5,170,14,9960,1.02941176471
346452,351797,357313,5345,5516,2,36000,1.96899927484
346605,346611,346616,6,5,1,900,1.1
346616,346623,346792,7,169,14,9960,1.04142011834
346651,351826,357038,5175,5212,2,36000,1.9929009977
346669,351947,357922,5278,5975,2,36000,1.88334728033
346789,346795,346802,6,7,1,900,1.3
346797,346802,346910,5,108,14,9960,1.0462962963
346874,351957,357481,5083,5524,2,36000,1.92016654598
346908,346914,346919,6,5,1,900,1.1
346914,346920,347035,6,115,14,9960,1.05217391304
347033,347039,347043,6,4,1,900,1.0
347040,352116,357190,5076,5074,2,36000,2.00039416634
347040,347046,347152,6,106,14,9960,1.05660377358
347150,347156,347160,6,4,1,900,1.0
347157,347163,347367,6,204,14,9960,1.02941176471
347365,347371,347376,6,5,1,900,1.1
347372,347378,347659,6,281,14,9960,1.02135231317
347484,352321,358542,4837,6221,2,36000,1.77752772866
347499,352665,358540,5166,5875,2,36000,1.87931914894
347657,347663,347670,6,7,1,900,1.3
347664,347670,348000,6,330,14,9960,1.01818181818
347692,352741,356949,5049,4208,2,36000,2.19985741445
347998,348004,348010,6,6,1,900,1.2
348015,348021,348317,6,296,14,9960,1.02027027027
348315,348321,348327,6,6,1,900,1.2
348330,348336,348660,6,324,14,9960,1.01851851852
348659,348666,348672,7,6,1,900,1.3
348676,348682,348959,6,277,14,9960,1.02166064982
348803,352811,358571,4008,5760,2,36000,1.69583333333
348881,353046,359219,4165,6173,2,36000,1.67471245748
348957,348963,348969,6,6,1,900,1.2
348972,348978,349271,6,293,14,9960,1.0204778157
349032,353239,358696,4207,5457,2,36000,1.77093641195
349095,353440,358620,4345,5180,2,36000,1.8388030888
349227,353643,358570,4416,4927,2,36000,1.89628577228
349262,349268,349274,6,6,1,900,1.2
349275,349281,349568,6,287,14,9960,1.02090592334
349402,353757,357610,4355,3853,2,36000,2.1302880872
349416,353868,360083,4452,6215,2,36000,1.71633145615
349443,353932,359245,4489,5313,2,36000,1.84490871447
349566,349572,349577,6,5,1,900,1.1
349573,353991,359219,4418,5228,2,36000,1.84506503443
349580,349590,349874,10,284,14,9960,1.03521126761
349603,353997,359809,4394,5812,2,36000,1.7560220234
349648,354002,359246,4354,5244,2,36000,1.83028222731
349663,354007,359529,4344,5522,2,36000,1.78667149583
349871,349877,349883,6,6,1,900,1.2
349886,349892,350163,6,271,14,9960,1.0221402214
349901,354012,358436,4111,4424,2,36000,1.92924954792
349970,354220,360595,4250,6375,2,36000,1.66666666667
350161,350167,350170,6,3,1,900,1.0
350172,350178,350490,6,312,14,9960,1.01923076923
350199,354225,360162,4026,5937,2,36000,1.67812026276
350213,354230,360037,4017,5807,2,36000,1.6917513346
350304,354236,359370,3932,5134,2,36000,1.76587456175
350328,354241,359083,3913,4842,2,36000,1.80813713342
350364,354246,360513,3882,6267,2,36000,1.61943513643
350379,354251,359534,3872,5283,2,36000,1.73291690327
350393,354337,360117,3944,5780,2,36000,1.68235294118
350486,354489,360793,4003,6304,2,36000,1.63499365482
350489,350495,350502,6,7,1,900,1.3
350502,350509,350797,7,288,14,9960,1.02430555556
350595,354643,358859,4048,4216,2,36000,1.96015180266
350634,354692,360322,4058,5630,2,36000,1.72078152753
350688,354741,360009,4053,5268,2,36000,1.76936218679
350727,354819,360719,4092,5900,2,36000,1.69355932203
350766,354902,359906,4136,5004,2,36000,1.82653876898
350796,350804,350808,8,4,1,900,1.2
350808,355074,360827,4266,5753,2,36000,1.74152616026
350810,350816,351088,6,272,14,9960,1.02205882353
350823,355080,361231,4257,6151,2,36000,1.6920825882
350824,355218,359526,4394,4308,2,36000,2.0199628598
350875,355314,360558,4439,5244,2,36000,1.84649122807
351005,355421,361066,4416,5645,2,36000,1.78228520815
351020,355787,361864,4767,6077,2,36000,1.78443310844
351035,355793,361132,4758,5339,2,36000,1.89117812324
351087,351093,351099,6,6,1,900,1.2
351098,351104,351385,6,281,14,9960,1.02135231317
351116,355830,361169,4714,5339,2,36000,1.88293687957
351158,355876,361968,4718,6092,2,36000,1.77445830598
351173,355939,361149,4766,5210,2,36000,1.91477927063
351188,355965,361425,4777,5460,2,36000,1.87490842491
351203,355991,361943,4788,5952,2,36000,1.80443548387
351204,356160,361838,4956,5678,2,36000,1.87284255019
351219,356199,360438,4980,4239,2,36000,2.17480537863
351234,356205,361629,4971,5424,2,36000,1.91648230088
351282,356211,362070,4929,5859,2,36000,1.84126984127
351333,356421,362627,5088,6206,2,36000,1.81985175636
351382,351388,351395,6,7,1,900,1.3
351389,351395,351683,6,288,14,9960,1.02083333333
351432,356440,359828,5008,3388,2,36000,2.47815820543
351483,356496,362410,5013,5914,2,36000,1.84764964491
351519,356603,362159,5084,5556,2,36000,1.91504679626
351573,356738,362197,5165,5459,2,36000,1.94614398241
351588,356768,362504,5180,5736,2,36000,1.90306834031
351682,351688,351695,6,7,1,900,1.3
351689,351695,351991,6,296,14,9960,1.02027027027
351742,356774,362462,5032,5688,2,36000,1.88466947961
351756,356812,361731,5056,4919,2,36000,2.02785118927
351786,356818,362502,5032,5684,2,36000,1.88529204785
351817,356852,362806,5035,5954,2,36000,1.8456499832
351937,356858,362145,4921,5287,2,36000,1.93077359561
351952,356879,362654,4927,5775,2,36000,1.85316017316
351991,351997,352003,6,6,1,900,1.2
351997,352003,352327,6,324,14,9960,1.01851851852
352106,356897,361416,4791,4519,2,36000,2.06019030759
352308,356948,362475,4640,5527,2,36000,1.83951510765
352326,352332,352337,6,5,1,900,1.1
352339,352345,352626,6,281,14,9960,1.02135231317
352625,352632,352641,7,9,1,900,1.6
352632,352638,352951,6,313,14,9960,1.01916932907
352656,356961,362810,4305,5849,2,36000,1.73602325184
352731,357024,362292,4293,5268,2,36000,1.81492027335
352800,357049,361397,4249,4348,2,36000,1.97723091076
352949,352955,352961,6,6,1,900,1.2
352961,352967,353293,6,326,14,9960,1.01840490798
353035,357066,362287,4031,5221,2,36000,1.77207431527
353228,357113,363453,3885,6340,2,36000,1.61277602524
353292,353299,353305,7,6,1,900,1.3
353306,353312,353625,6,313,14,9960,1.01916932907
353431,357144,362644,3713,5500,2,36000,1.67509090909
353624,353631,353638,7,7,1,900,1.4
353630,357201,362805,3571,5604,2,36000,1.63722341185
353632,353637,353915,5,278,14,9960,1.01798561151
353747,357324,363383,3577,6059,2,36000,1.59036144578
353859,357347,363916,3488,6569,2,36000,1.53097884001
353914,353920,353926,6,6,1,900,1.2
353920,353926,354209,6,283,14,9960,1.02120141343
353922,357492,362906,3570,5414,2,36000,1.65940155153
353941,353947,353949,6,2,2,3540,1.0
354208,354214,354220,6,6,1,900,1.2
354219,363533,363809,9314,276,14,9960,34.7463768116
354326,357568,363639,3242,6071,2,36000,1.53401416571
354481,357621,362770,3140,5149,2,36000,1.6098271509
354634,357933,363637,3299,5704,2,36000,1.57836605891
354683,358074,363468,3391,5394,2,36000,1.62866147571
354730,358447,365133,3717,6686,2,36000,1.55593778044
354809,358551,364690,3742,6139,2,36000,1.60954552859
354893,358557,363852,3664,5295,2,36000,1.69197355996
355064,358581,364089,3517,5508,2,36000,1.63852578068
355079,358587,363117,3508,4530,2,36000,1.77439293598
355208,358631,364098,3423,5467,2,36000,1.62612035851
355305,358707,364233,3402,5526,2,36000,1.61563517915
355410,358870,364448,3460,5578,2,36000,1.62029401219
355778,359094,364819,3316,5725,2,36000,1.5792139738
355793,359231,365063,3438,5832,2,36000,1.58950617284
355820,359236,364601,3416,5365,2,36000,1.6367194781
355865,359256,363000,3391,3744,2,36000,1.90571581197
355928,359262,365688,3334,6426,2,36000,1.51882975412
355955,359381,365386,3426,6005,2,36000,1.57052456286
355982,359538,364309,3556,4771,2,36000,1.74533640746
356150,359544,362786,3394,3242,2,36000,2.04688463911
356189,359550,365562,3361,6012,2,36000,1.55904856953
356205,359821,364750,3616,4929,2,36000,1.73361736661
356206,359839,366230,3633,6391,2,36000,1.56845564074
356411,359918,365862,3507,5944,2,36000,1.59000672948
356429,360020,365408,3591,5388,2,36000,1.66648106904
356486,360048,365612,3562,5564,2,36000,1.64018691589
356594,360094,366156,3500,6062,2,36000,1.57736720554
356730,360128,365914,3398,5786,2,36000,1.58727964051
356760,360174,365792,3414,5618,2,36000,1.60768956924
356775,360333,366332,3558,5999,2,36000,1.59309884981
356802,360449,365656,3647,5207,2,36000,1.70040330325
356816,360525,366440,3709,5915,2,36000,1.6270498732
356844,360569,365700,3725,5131,2,36000,1.72597934126
356845,360606,367298,3761,6692,2,36000,1.56201434549
356869,360730,366714,3861,5984,2,36000,1.64522058824
356887,360805,364431,3918,3626,2,36000,2.0805295091
356938,360838,365140,3900,4302,2,36000,1.90655509066
356953,361077,366556,4124,5479,2,36000,1.7526920971
357013,361143,367141,4130,5998,2,36000,1.68856285428
357040,361160,366523,4120,5363,2,36000,1.76822673877
357058,361180,367342,4122,6162,2,36000,1.66893865628
357103,361243,367357,4140,6114,2,36000,1.67713444553
357133,361409,367008,4276,5599,2,36000,1.76370780497
357175,357181,357185,6,4,1,288000,1.0
357193,361427,366250,4234,4823,2,36000,1.87787684014
357199,357207,645257,8,288050,1,288000,1.00002777296
357204,362802,626795,5598,263993,1,288000,1.02120510771
357210,361966,540544,4756,178578,1,288000,1.02663261992
357215,358341,447746,1126,89405,1,288000,1.01259437392
357313,361436,367648,4123,6212,2,36000,1.66371538957
357337,361640,367752,4303,6112,2,36000,1.70402486911
357413,363821,363895,6408,74,14,7980,87.5945945946
357482,361742,366942,4260,5200,2,36000,1.81923076923
357557,361850,367813,4293,5963,2,36000,1.7199396277
357611,361875,367479,4264,5604,2,36000,1.76088508208
357782,358336,361955,554,3619,1,36000,1.15308096159
357925,361955,366797,4030,4842,2,36000,1.83230070219
358066,361979,367862,3913,5883,2,36000,1.66513683495
358074,368812,369749,10738,937,16,900,12.4599786553
358326,362081,367751,3755,5670,2,36000,1.66225749559
358437,362157,368280,3720,6123,2,36000,1.60754532092
358543,362170,367669,3627,5499,2,36000,1.65957446809
358544,362208,367823,3664,5615,2,36000,1.65253784506
358572,362298,367340,3726,5042,2,36000,1.73899246331
358573,362304,366163,3731,3859,2,36000,1.96683078518
358621,362422,367228,3801,4806,2,36000,1.79088639201
358693,362473,367027,3780,4554,2,36000,1.83003952569
358862,362486,366280,3624,3794,2,36000,1.95519240907
359084,362513,367455,3429,4942,2,36000,1.69384864427
359221,362519,367039,3298,4520,2,36000,1.7296460177
359222,362639,368189,3417,5550,2,36000,1.61567567568
359246,362655,368055,3409,5400,2,36000,1.6312962963
359247,362665,367023,3418,4358,2,36000,1.78430472694
359371,362781,367922,3410,5141,2,36000,1.66329507878
359527,362816,368068,3289,5252,2,36000,1.62623762376
359542,362822,368384,3280,5562,2,36000,1.58971592952
359544,362827,368592,3283,5765,2,36000,1.56947094536
359812,362917,368610,3105,5693,2,36000,1.54540663973
359830,363011,368694,3181,5683,2,36000,1.55973957417
359908,363129,368436,3221,5307,2,36000,1.6069342378
360010,363394,368824,3384,5430,2,36000,1.62320441989
360037,363464,369122,3427,5658,2,36000,1.60569105691
360085,363479,369128,3394,5649,2,36000,1.60081430342
360118,363538,369417,3420,5879,2,36000,1.581731587
360164,363648,369070,3484,5422,2,36000,1.64256731833
360324,363654,370129,3330,6475,2,36000,1.51428571429
360441,363863,369827,3422,5964,2,36000,1.57377598927
360516,363927,369438,3411,5511,2,36000,1.61894393032
360558,364058,370112,3500,6054,2,36000,1.57813016188
360597,364100,369502,3503,5402,2,36000,1.64846353203
360721,364128,369944,3407,5816,2,36000,1.58579779917
360796,364245,370252,3449,6007,2,36000,1.57416347594
360829,364321,369259,3492,4938,2,36000,1.70716889429
361067,364443,369742,3376,5299,2,36000,1.63710133988
361134,364459,370025,3325,5566,2,36000,1.59737693137
361152,364612,370583,3460,5971,2,36000,1.57946742589
361169,364702,370465,3533,5763,2,36000,1.61304875933
361233,364797,370195,3564,5398,2,36000,1.66024453501
361398,364851,369888,3453,5037,2,36000,1.68552709946
361416,364863,369698,3447,4835,2,36000,1.71292657704
361431,365082,371184,3651,6102,2,36000,1.59832841691
361630,365151,369264,3521,4113,2,36000,1.85606613178
361732,365340,370455,3608,5115,2,36000,1.70537634409
361841,365420,370097,3579,4677,2,36000,1.76523412444
361865,365452,370735,3587,5283,2,36000,1.67897028204
361946,365667,371183,3721,5516,2,36000,1.67458303118
361970,365700,371258,3730,5558,2,36000,1.67110471393
362072,365711,371469,3639,5758,2,36000,1.6319902744
362148,365803,371397,3655,5594,2,36000,1.65337861995
362162,365874,370957,3712,5083,2,36000,1.73027739524
362187,362797,398831,610,36034,1,36000,1.01692845646
362199,365925,370814,3726,4889,2,36000,1.76211904275
362289,365996,370855,3707,4859,2,36000,1.76291417987
362304,366001,371776,3697,5775,2,36000,1.64017316017
362412,366174,372406,3762,6232,2,36000,1.60365853659
362464,366242,372080,3778,5838,2,36000,1.64713943131
362478,366261,371495,3783,5234,2,36000,1.7227741689
362502,366292,371516,3790,5224,2,36000,1.72549770291
362517,366344,372158,3827,5814,2,36000,1.65823873409
362629,366451,371773,3822,5322,2,36000,1.71815107103
362646,366534,372389,3888,5855,2,36000,1.66404782237
362661,366567,371668,3906,5101,2,36000,1.76573220937
362773,366725,372262,3952,5537,2,36000,1.71374390464
362788,366817,373043,4029,6226,2,36000,1.64712495985
362806,366954,372296,4148,5342,2,36000,1.77648820666
362821,367020,372179,4199,5159,2,36000,1.81391742586
362822,367034,372836,4212,5802,2,36000,1.7259565667
362906,367052,372225,4146,5173,2,36000,1.80146916683
363000,367063,372679,4063,5616,2,36000,1.72346866097
363120,367078,372841,3958,5763,2,36000,1.68679507201
363386,367240,371852,3854,4612,2,36000,1.8356461405
363455,367305,373220,3850,5915,2,36000,1.65088757396
363470,367351,373705,3881,6354,2,36000,1.61079634876
363639,367357,372893,3718,5536,2,36000,1.67160404624
363641,367368,373051,3727,5683,2,36000,1.65581559036
363808,364040,364047,232,7,1,900,23.9
363816,363906,364190,90,284,14,9960,1.31690140845
363852,367466,372956,3614,5490,2,36000,1.65828779599
363894,364109,364117,215,8,1,900,22.3
363902,364035,364304,133,269,14,7980,1.49442379182
363916,367490,372483,3574,4993,2,36000,1.71580212297
364091,367593,371052,3502,3459,2,36000,2.01243133854
364105,367680,371221,3575,3541,2,36000,2.0096018074
364187,364762,364769,575,7,1,900,58.2
364196,364201,364488,5,287,14,9960,1.01742160279
364235,367762,373581,3527,5819,2,36000,1.60611788967
364302,364768,364773,466,5,1,900,47.1
364309,364315,364579,6,264,14,7980,1.02272727273
364310,367768,373031,3458,5263,2,36000,1.65703971119
364434,367835,374500,3401,6665,2,36000,1.51027756939
364449,367841,373759,3392,5918,2,36000,1.57316661034
364486,364781,364786,295,5,1,900,30.0
364494,364500,364776,6,276,14,9960,1.02173913043
364577,364830,364836,253,6,1,900,25.9
364585,364591,364852,6,261,14,7980,1.02298850575
364603,367873,372312,3270,4439,2,36000,1.73665239919
364691,367934,373845,3243,5911,2,36000,1.5486381323
364752,368066,374384,3314,6318,2,36000,1.52453308009
364773,364835,364840,62,5,1,900,6.7
364781,364787,365066,6,279,14,9960,1.02150537634
364821,368079,373827,3258,5748,2,36000,1.56680584551
364851,364868,364875,17,7,1,900,2.4
364859,365077,365328,218,251,14,7980,1.86852589641
365065,365071,365079,6,8,1,900,1.4
365066,368200,374762,3134,6562,2,36000,1.4775982932
365072,365144,365441,72,297,14,9960,1.24242424242
365135,368290,372542,3155,4252,2,36000,1.74200376294
365150,368296,373816,3146,5520,2,36000,1.56992753623
365327,365345,365350,18,5,1,900,2.3
365335,365397,365564,62,167,14,7980,1.37125748503
365388,368395,373909,3007,5514,2,36000,1.54533913674
365409,368451,374740,3042,6289,2,36000,1.48370170138
365439,365457,365464,18,7,1,900,2.5
365447,365575,365853,128,278,14,9960,1.46043165468
365562,365568,365574,6,6,1,900,1.2
365565,368603,374022,3038,5419,2,36000,1.5606200406
365569,365585,365808,16,223,14,7980,1.07174887892
365614,368705,374219,3091,5514,2,36000,1.56057308669
365659,368836,373547,3177,4711,2,36000,1.67437911271
365689,368897,374501,3208,5604,2,36000,1.57244825125
365704,369087,374578,3383,5491,2,36000,1.61609907121
365794,369133,375840,3339,6707,2,36000,1.49783807962
365805,365812,365820,7,8,1,900,1.5
365813,365819,365985,6,166,14,7980,1.03614457831
365850,365856,365863,6,7,1,900,1.3
365858,365864,366174,6,310,14,9960,1.01935483871
365864,369140,374884,3276,5744,2,36000,1.57033426184
365912,369276,374370,3364,5094,2,36000,1.66038476639
365983,365989,365995,6,6,1,900,1.2
365991,366168,366370,177,202,14,7980,1.87623762376
366159,369288,374635,3129,5347,2,36000,1.58518795586
366172,367040,367045,868,5,1,900,87.3
366174,369445,375615,3271,6170,2,36000,1.5301458671
366180,366186,366466,6,280,14,9960,1.02142857143
366231,369451,375220,3220,5769,2,36000,1.55815565956
366252,369513,375158,3261,5645,2,36000,1.57767936227
366283,369726,374115,3443,4389,2,36000,1.78446115288
366334,369754,375036,3420,5282,2,36000,1.64748201439
366363,367046,367051,683,5,1,900,68.8
366370,366381,366544,11,163,14,7980,1.06748466258
366443,369765,375283,3322,5518,2,36000,1.60202972091
366463,367083,367089,620,6,1,900,62.6
366471,366477,366799,6,322,14,9960,1.01863354037
366524,369838,376272,3314,6434,2,36000,1.51507615791
366542,367089,367095,547,6,1,900,55.3
366549,366555,366795,6,240,14,7980,1.025
366558,369916,375089,3358,5173,2,36000,1.64913976416
366714,369957,375759,3243,5802,2,36000,1.55894519131
366793,367094,367098,301,4,1,900,30.5
366798,369962,374452,3164,4490,2,36000,1.70467706013
366798,367099,367103,301,4,1,900,30.5
366800,366806,367066,6,260,14,7980,1.02307692308
366806,366812,367084,6,272,14,9960,1.02205882353
366943,369967,375949,3024,5982,2,36000,1.50551654965
367009,369973,375510,2964,5537,2,36000,1.53530792848
367024,369978,376013,2954,6035,2,36000,1.48947804474
367039,369983,375825,2944,5842,2,36000,1.50393700787
367041,369989,375703,2948,5714,2,36000,1.51592579629
367065,367104,367108,39,4,1,900,4.3
367073,367110,367294,37,184,14,7980,1.20108695652
367082,367115,367119,33,4,1,900,3.7
367090,367152,367415,62,263,14,9960,1.23574144487
367143,370036,375244,2893,5208,2,36000,1.55549155146
367230,370108,375483,2878,5375,2,36000,1.53544186047
367292,367310,367315,18,5,1,900,2.3
367299,370123,374746,2824,4623,2,36000,1.61085874973
367301,367326,367582,25,256,14,7980,1.09765625
367341,370140,374726,2799,4586,2,36000,1.61033580462
367356,370206,375681,2850,5475,2,36000,1.52054794521
367371,370263,375601,2892,5338,2,36000,1.54177594605
367413,367598,367605,185,7,1,900,19.2
367420,367426,367699,6,273,14,9960,1.02197802198
367455,370476,376412,3021,5936,2,36000,1.50892857143
367479,370511,375587,3032,5076,2,36000,1.59732072498
367579,367603,367608,24,5,1,900,2.9
367588,367660,367911,72,251,14,7980,1.28685258964
367649,370595,376710,2946,6115,2,36000,1.48176614881
367670,370746,376312,3076,5566,2,36000,1.55264103485
367696,367825,367830,129,5,1,900,13.4
367703,367710,367870,7,160,14,9960,1.04375
367751,370825,375183,3074,4358,2,36000,1.70536943552
367766,370866,376244,3100,5378,2,36000,1.57642246188
367814,370968,376815,3154,5847,2,36000,1.53942192577
367829,371063,376400,3234,5337,2,36000,1.6059584036
367862,371194,375272,3332,4078,2,36000,1.8170671898
367868,367881,367886,13,5,1,900,1.8
367876,367897,368068,21,171,14,9960,1.12280701754
367909,368267,368273,358,6,1,900,36.4
367917,367923,368128,6,205,14,7980,1.02926829268
367925,371200,376756,3275,5556,2,36000,1.58945284377
368058,371232,377189,3174,5957,2,36000,1.53281853282
368066,368272,368277,206,5,1,900,21.1
368073,371269,376914,3196,5645,2,36000,1.56616474756
368075,368085,368256,10,171,14,9960,1.05847953216
368121,368278,368282,157,4,1,900,16.1
368128,368139,368442,11,303,14,7980,1.03630363036
368190,371481,377102,3291,5621,2,36000,1.58548301014
368254,368283,368288,29,5,1,900,3.4
368263,368457,368620,194,163,14,9960,2.19018404908
368281,371507,376644,3226,5137,2,36000,1.62799299202
368386,371527,377100,3141,5573,2,36000,1.56361026377
368437,371679,377229,3242,5550,2,36000,1.58414414414
368439,368445,368450,6,5,1,900,1.1
368446,368622,368880,176,258,14,7980,1.68217054264
368595,371785,377672,3190,5887,2,36000,1.54187192118
368612,371791,375373,3179,3582,2,36000,1.88749302066
368618,368729,368733,111,4,1,900,11.5
368624,368631,368801,7,170,14,9960,1.04117647059
368694,371863,377016,3169,5153,2,36000,1.61498156414
368799,368806,368811,7,5,1,900,1.2
368808,368891,369071,83,180,14,9960,1.46111111111
368826,372091,376865,3265,4774,2,36000,1.68391286133
368872,368878,368884,6,6,1,900,1.2
368880,369081,369351,201,270,14,7980,1.74444444444
369068,369270,369276,202,6,1,900,20.8
369071,372169,377889,3098,5720,2,36000,1.54160839161
369075,369362,369537,287,175,14,9960,2.64
369122,372190,378138,3068,5948,2,36000,1.51580363147
369137,372236,377475,3099,5239,2,36000,1.59152510021
369261,372307,377152,3046,4845,2,36000,1.62868937049
369276,372342,378648,3066,6306,2,36000,1.4862036156
369349,369429,369434,80,5,1,900,8.5
369356,369548,369801,192,253,14,7980,1.75889328063
369420,372400,377643,2980,5243,2,36000,1.56837688346
369438,372418,378313,2980,5895,2,36000,1.50551314673
369505,372494,377796,2989,5302,2,36000,1.56374952848
369535,369709,369715,174,6,1,900,18.0
369544,369760,369941,216,181,14,9960,2.19337016575
369701,372553,377291,2852,4738,2,36000,1.60194174757
369743,372716,378309,2973,5593,2,36000,1.53155730377
369799,369899,369905,100,6,1,900,10.6
369807,369813,370080,6,267,14,7980,1.02247191011
369827,372848,377981,3021,5133,2,36000,1.5885447107
369890,372872,378645,2982,5773,2,36000,1.51654252555
369939,369952,369957,13,5,1,900,1.8
369945,372918,377274,2973,4356,2,36000,1.68250688705
369948,370091,370275,143,184,14,9960,1.77717391304
370026,372967,378443,2941,5476,2,36000,1.53707085464
370078,370084,370090,6,6,1,900,1.2
370086,370286,370495,200,209,14,7980,1.95693779904
370098,373054,377182,2956,4128,2,36000,1.71608527132
370113,373063,378897,2950,5834,2,36000,1.5056564964
370131,373287,378366,3156,5079,2,36000,1.62138216184
370197,373592,379501,3395,5909,2,36000,1.57454730073
370254,373716,379251,3462,5535,2,36000,1.62547425474
370273,370279,370286,6,7,1,900,1.3
370282,370506,370620,224,114,14,9960,2.9649122807
370457,373765,377990,3308,4225,2,36000,1.78295857988
370472,373771,379048,3299,5277,2,36000,1.62516581391
370493,370499,370507,6,8,1,900,1.4
370501,370631,370915,130,284,14,7980,1.45774647887
370618,370624,370631,6,7,1,900,1.3
370626,370926,371038,300,112,14,9960,3.67857142857
370914,370920,370928,6,8,1,900,1.4
370922,371050,371310,128,260,14,7980,1.49230769231
371037,371043,371050,6,7,1,900,1.3
371045,371321,371434,276,113,14,9960,3.44247787611
371307,371314,371321,7,7,1,900,1.4
371318,371445,371721,127,276,14,7980,1.46014492754
371391,371408,378068,17,6660,3,7200,1.00255255255
371432,371438,371446,6,8,1,900,1.4
371440,371732,371922,292,190,14,9960,2.53684210526
371718,371724,371732,6,8,1,900,1.4
371726,371933,372190,207,257,14,7980,1.80544747082
371920,371926,371932,6,6,1,900,1.2
371928,372202,372317,274,115,14,9960,3.38260869565
372188,372196,372202,8,6,1,900,1.4
372194,372273,375782,79,3509,3,7200,1.02251353662
372197,372329,372623,132,294,14,7980,1.44897959184
372315,372323,372331,8,8,1,900,1.6
372322,372634,372798,312,164,14,9960,2.90243902439
372622,372699,372705,77,6,1,900,8.3
372629,372809,373098,180,289,14,7980,1.62283737024
372796,372854,372860,58,6,1,900,6.4
372804,373109,373270,305,161,14,9960,2.89440993789
372885,372905,372907,20,2,1,72000,2.2
372964,373043,414118,79,41075,1,72000,1.00192331102
373096,373232,373238,136,6,1,900,14.2
373104,373282,373571,178,289,14,7980,1.61591695502
373268,373275,373281,7,6,1,900,1.3
373277,373582,373749,305,167,14,9960,2.82634730539
373453,373558,373743,105,185,2,180,1.56756756757
373569,373575,373581,6,6,1,900,1.2
373577,373760,374047,183,287,14,7980,1.63763066202
373747,373754,373760,7,6,1,900,1.3
373755,374058,374236,303,178,14,9960,2.70224719101
374045,374051,374057,6,6,1,900,1.2
374051,374247,374527,196,280,14,7980,1.7
374234,374241,374247,7,6,1,900,1.3
374241,374538,374728,297,190,14,9960,2.56315789474
374516,374522,374740,6,218,2,180,1.02752293578
374524,374531,374539,7,8,1,900,1.5
374532,374739,375046,207,307,14,7980,1.67426710098
374726,374732,374748,6,16,1,900,1.375
374735,374751,374871,16,120,14,9960,1.13333333333
374869,374875,374892,6,17,1,900,1.35294117647
374878,374884,375001,6,117,14,9960,1.05128205128
374918,374924,380375,6,5451,2,36000,1.00110071547
374998,375012,375026,14,14,1,900,2.0
375007,375037,375162,30,125,14,9960,1.24
375038,375044,380517,6,5473,2,36000,1.00109629088
375043,375057,375069,14,12,1,900,2.16666666667
375054,375080,375345,26,265,14,7980,1.09811320755
375091,375097,379980,6,4883,2,36000,1.00122875282
375159,375165,375178,6,13,1,900,1.46153846154
375160,375170,379537,10,4367,2,36000,1.00228990153
375168,375177,375293,9,116,14,9960,1.0775862069
375184,375191,380530,7,5339,2,36000,1.00131110695
375222,380471,380497,5249,26,64,1800,202.884615385
375222,375228,381275,6,6047,2,36000,1.00099222755
375248,375254,381056,6,5802,2,36000,1.00103412616
375273,375279,380509,6,5230,2,36000,1.00114722753
375288,375294,380589,6,5295,2,36000,1.00113314448
375290,375300,375318,10,18,1,900,1.55555555556
375300,375306,375424,6,118,14,9960,1.05084745763
375342,375348,375364,6,16,1,900,1.375
375356,375362,375630,6,268,14,7980,1.0223880597
375374,375380,381027,6,5647,2,36000,1.00106251107
375421,375427,375440,6,13,1,900,1.46153846154
375431,375438,375554,7,116,14,9960,1.06034482759
375487,375493,381064,6,5571,2,36000,1.00107700592
375513,375519,381615,6,6096,2,36000,1.00098425197
375551,375557,375573,6,16,1,900,1.375
375559,375565,375675,6,110,14,9960,1.05454545455
375590,375596,380946,6,5350,2,36000,1.00112149533
375606,375612,380515,6,4903,2,36000,1.00122374057
375622,375628,380548,6,4920,2,36000,1.0012195122
375626,375634,375657,8,23,1,900,1.34782608696
375636,375642,375934,6,292,14,7980,1.02054794521
375673,375679,375698,6,19,1,900,1.31578947368
375682,375688,375857,6,169,14,9960,1.03550295858
375683,375694,380407,11,4713,2,36000,1.00233396987
375705,375711,381123,6,5412,2,36000,1.00110864745
375761,375767,380809,6,5042,2,36000,1.00119000397
375826,375832,382261,6,6429,2,36000,1.00093327112
375841,375847,380287,6,4440,2,36000,1.00135135135
375855,375861,375870,6,9,1,900,1.5
375863,375869,376046,6,177,14,9960,1.03389830508
375931,375938,375945,7,7,1,900,1.4
375940,375947,376205,7,258,14,7980,1.02713178295
375950,375956,381113,6,5157,2,36000,1.00116346713
376013,376019,381747,6,5728,2,36000,1.00104748603
376044,376050,376056,6,6,1,900,1.2
376052,376058,376276,6,218,14,9960,1.02752293578
376199,376205,376221,6,16,1,900,1.375
376212,376223,376488,11,265,14,7980,1.04150943396
376212,376218,376257,6,39,1,60,1.15384615385
376247,376253,381810,6,5557,2,36000,1.00107971927
376273,376280,376289,7,9,1,900,1.6
376274,376285,380226,11,3941,2,36000,1.00279116975
376282,376291,376462,9,171,14,9960,1.05263157895
376313,376320,381711,7,5391,2,36000,1.0012984604
376379,376386,376897,7,511,2,10800,1.01369863014
376384,380513,382055,4129,1542,14,43200,3.67769130999
376401,376407,379971,6,3564,2,36000,1.00168350168
376410,376416,376435,6,19,1,10,1.31578947368
376416,376422,381578,6,5156,2,36000,1.00116369279
376460,376466,376474,6,8,1,900,1.4
376469,376475,376636,6,161,14,9960,1.03726708075
376486,376492,376498,6,6,1,900,1.2
376496,376502,376795,6,293,14,7980,1.0204778157
376497,376508,376558,11,50,1,120,1.22
376634,376640,376648,6,8,1,900,1.4
376644,376650,376820,6,170,14,9960,1.03529411765
376646,376656,381942,10,5286,2,36000,1.00189178963
376710,376716,382320,6,5604,2,36000,1.00107066381
376717,376723,376862,6,139,1,180,1.04316546763
376759,376765,380856,6,4091,2,36000,1.00146663407
376792,376798,376804,6,6,1,900,1.2
376801,376807,377059,6,252,14,7980,1.02380952381
376816,376822,382847,6,6025,2,36000,1.00099585062
376818,376828,376837,10,9,1,900,1.9
376826,376834,377022,8,188,14,9960,1.04255319149
376867,376873,382421,6,5548,2,36000,1.0010814708
376918,376924,383531,6,6607,2,36000,1.00090812774
377019,377026,377033,7,7,1,900,1.4
377021,377032,382780,11,5748,2,36000,1.00191370912
377028,377038,377205,10,167,14,9960,1.05988023952
377057,377063,377070,6,7,1,900,1.3
377066,377072,377357,6,285,14,7980,1.02105263158
377100,377106,383225,6,6119,2,36000,1.00098055238
377115,377121,382058,6,4937,2,36000,1.00121531294
377154,377161,380959,7,3798,2,36000,1.0018430753
377184,377191,382967,7,5776,2,36000,1.00121191136
377199,377205,383180,6,5975,2,36000,1.0010041841
377202,377211,377216,9,5,1,900,1.4
377212,377218,377420,6,202,14,9960,1.0297029703
377230,377236,382262,6,5026,2,36000,1.00119379228
377275,377281,382788,6,5507,2,36000,1.00108952243
377295,377301,381772,6,4471,2,36000,1.00134198166
377356,377362,377371,6,9,1,900,1.5
377368,377375,377637,7,262,14,7980,1.02671755725
377418,377424,377431,6,7,1,900,1.3
377427,377433,377628,6,195,14,9960,1.03076923077
377476,377482,383960,6,6478,2,36000,1.00092621179
377490,377496,377523,6,27,1,60,1.22222222222
377625,377632,377639,7,7,1,900,1.4
377634,377640,377767,6,127,14,9960,1.04724409449
377635,377646,377652,11,6,1,900,1.7
377643,377657,382522,14,4865,2,36000,1.00287769784
377644,377652,377927,8,275,14,7980,1.02909090909
377673,377680,383366,7,5686,2,36000,1.00123109391
377765,377771,377776,6,5,1,900,1.1
377774,377780,377954,6,174,14,9960,1.03448275862
377798,377808,383021,10,5213,2,36000,1.00191828122
377891,377898,382116,7,4218,2,36000,1.00165955429
377925,377931,377937,6,6,1,900,1.2
377935,377941,378208,6,267,14,7980,1.02247191011
377952,377958,377964,6,6,1,900,1.2
377960,377966,378175,6,209,14,9960,1.02870813397
377982,377989,383055,7,5066,2,36000,1.00138176076
377997,378004,382962,7,4958,2,36000,1.00141185962
378140,378146,384416,6,6270,2,36000,1.0009569378
378173,378179,378186,6,7,1,900,1.3
378181,378187,378266,6,79,14,9960,1.07594936709
378206,378212,378219,6,7,1,900,1.3
378216,378223,378510,7,287,14,7980,1.0243902439
378264,378270,378271,6,1,1,900,1.0
378312,378318,384357,6,6039,2,36000,1.00099354198
378327,378333,384395,6,6062,2,36000,1.00098977235
378366,378372,382647,6,4275,2,36000,1.00140350877
378446,378452,384081,6,5629,2,36000,1.00106590869
378509,378515,378523,6,8,1,900,1.4
378516,378522,378823,6,301,14,7980,1.01993355482
378647,378654,383384,7,4730,2,36000,1.00147991543
378662,378668,385027,6,6359,2,36000,1.00094354458
378683,380534,384236,1851,3702,4,356400,1.5
378822,378828,378836,6,8,1,900,1.4
378829,378835,379079,6,244,14,7980,1.02459016393
378897,378908,383659,11,4751,2,36000,1.00231530204
379051,379059,384130,8,5071,2,36000,1.00157759811
379077,379083,379092,6,9,1,900,1.5
379086,379091,379362,5,271,14,7980,1.0184501845
379253,379262,385560,9,6298,2,36000,1.00142902509
379362,379368,379380,6,12,1,900,1.5
379369,379375,379630,6,255,14,7980,1.02352941176
379502,379548,384288,46,4740,2,36000,1.00970464135
379538,379982,384979,444,4997,2,36000,1.08885331199
379588,380518,391539,930,11021,4,126000,1.08438435714
379627,379633,379641,6,8,1,900,1.4
379634,379640,379920,6,280,14,7980,1.02142857143
379919,379926,379933,7,7,1,900,1.4
379929,379935,380190,6,255,14,7980,1.02352941176
379974,379991,385034,17,5043,2,36000,1.00337100932
379988,380237,386282,249,6045,2,36000,1.041191067
380143,380539,381325,396,786,1,360000,1.50381679389
380189,380195,380202,6,7,1,900,1.3
380197,380203,380460,6,257,14,7980,1.0233463035
380228,380298,385706,70,5408,2,36000,1.01294378698
380286,380418,385374,132,4956,2,36000,1.02663438257
380378,380524,386041,146,5517,2,36000,1.02646365779
380408,380529,386197,121,5668,2,36000,1.02134791814
380458,380464,380471,6,7,1,900,1.3
380465,380508,380615,43,107,14,7980,1.40186915888
380511,380550,385798,39,5248,2,36000,1.00743140244
380513,380545,403790,32,23245,4,126000,1.00137664014
380526,380556,385730,30,5174,2,36000,1.00579822188
380527,380561,385808,34,5247,2,36000,1.00647989327
380542,380567,386938,25,6371,2,36000,1.00392403076
380557,380572,385867,15,5295,2,36000,1.00283286119
380591,380597,386433,6,5836,2,36000,1.00102810144
380612,380618,380619,6,1,1,900,1.0
380776,380782,383483,6,2701,8,3600,1.00222139948
380814,380820,386063,6,5243,2,36000,1.00114438299
380823,380830,382793,7,1963,2,28800,1.00356597045
380858,380864,386600,6,5736,2,36000,1.0010460251
380881,380887,381468,6,581,12,360000,1.01032702238
380949,380955,385964,6,5009,2,36000,1.00119784388
380963,380970,386093,7,5123,2,36000,1.00136638688
381027,381033,386062,6,5029,2,36000,1.00119308014
381057,381063,387006,6,5943,2,36000,1.00100959112
381072,381078,386671,6,5593,2,36000,1.00107276953
381115,381121,386483,6,5362,2,36000,1.00111898545
381129,381136,386000,7,4864,2,36000,1.00143914474
381277,381284,386960,7,5676,2,36000,1.00123326286
381353,381479,384064,126,2585,8,7200,1.04874274662
381580,381586,387207,6,5621,2,36000,1.00106742572
381616,381623,386093,7,4470,2,36000,1.00156599553
381707,381713,386160,6,4447,2,36000,1.0013492242
381749,381755,386905,6,5150,2,36000,1.00116504854
381772,381778,386982,6,5204,2,36000,1.00115295926
381808,381814,386811,6,4997,2,36000,1.00120072043
381944,381950,387220,6,5270,2,36000,1.00113851992
382059,382065,387608,6,5543,2,36000,1.00108244633
382102,382108,383090,6,982,2,10800,1.00610997963
382116,382122,387380,6,5258,2,36000,1.0011411183
382262,382268,388140,6,5872,2,36000,1.00102179837
382263,382274,388346,11,6072,2,36000,1.0018115942
382321,382327,387773,6,5446,2,36000,1.00110172604
382421,382427,387838,6,5411,2,36000,1.00110885234
382524,382530,386899,6,4369,2,36000,1.00137331197
382594,382600,383151,6,551,2,10800,1.0108892922
382634,387224,396991,4590,9767,64,21600,1.46994983106
382647,382653,388465,6,5812,2,36000,1.00103234687
382782,382788,387938,6,5150,2,36000,1.00116504854
382797,382803,388490,6,5687,2,36000,1.00105503781
382848,382855,387671,7,4816,2,36000,1.00145348837
382963,382970,387457,7,4487,2,36000,1.0015600624
382978,382984,388943,6,5959,2,36000,1.00100688035
383024,383030,389041,6,6011,2,36000,1.00099817002
383055,383061,387043,6,3982,2,36000,1.00150678051
383182,383495,384428,313,933,16,900,1.33547695606
383184,383189,387921,5,4732,2,36000,1.00105663567
383200,397140,440348,13940,43208,14,43200,1.32262543973
383226,383232,389246,6,6014,2,36000,1.0009976721
383321,383327,383342,6,15,1,36000,1.4
383367,383373,389226,6,5853,2,36000,1.00102511533
383385,383391,388297,6,4906,2,36000,1.00122299225
383388,383397,385188,9,1791,1,36000,1.00502512563
383453,383885,387333,432,3448,2,28800,1.1252900232
383490,409624,442241,26134,32617,4,86400,1.8012386179
383533,383540,389020,7,5480,2,36000,1.00127737226
383562,383569,438377,7,54808,1,172800,1.00012771858
383627,383673,454777,46,71104,1,172800,1.00064693969
383661,383667,388936,6,5269,2,36000,1.001138736
383826,384075,556892,249,172817,2,172800,1.00144083047
383830,416510,589333,32680,172823,2,172800,1.18909520145
383879,384439,384543,560,104,14,7980,6.38461538462
383961,383967,389892,6,5925,2,36000,1.00101265823
384033,410260,468309,26227,58049,4,172800,1.45180795535
384082,384088,390034,6,5946,2,36000,1.00100908174
384103,412244,479017,28141,66773,4,172800,1.42144279874
384128,384134,387876,6,3742,2,36000,1.00160342063
384163,412249,469400,28086,57151,4,172800,1.49143497052
384226,412255,483552,28029,71297,4,172800,1.39313014573
384285,397003,397007,12718,4,64,21600,1272.2
384288,384294,389907,6,5613,2,36000,1.00106894709
384302,412261,585068,27959,172807,4,172800,1.1617932144
384329,407163,526073,22834,118910,4,356400,1.19202758389
384359,384365,389521,6,5156,2,36000,1.00116369279
384397,384403,389847,6,5444,2,36000,1.00110213079
384412,384418,390438,6,6020,2,36000,1.00099667774
384542,384548,384555,6,7,1,900,1.3
384551,384558,384666,7,108,14,7980,1.06481481481
384609,397018,407142,12409,10124,64,21600,2.22570130383
384664,384670,384680,6,10,1,900,1.6
384676,384682,384774,6,92,14,7980,1.0652173913
384772,384778,384785,6,7,1,900,1.3
384779,384785,385042,6,257,14,7980,1.0233463035
384982,384988,389374,6,4386,2,36000,1.00136798906
385028,385034,391161,6,6127,2,36000,1.00097927207
385039,385045,385053,6,8,1,900,1.4
385043,385051,391167,8,6116,2,36000,1.00130804447
385046,385057,385314,11,257,14,7980,1.04280155642
385245,385251,386115,6,864,1,36000,1.00694444444
385312,385318,385329,6,11,1,900,1.54545454545
385324,385331,385596,7,265,14,7980,1.02641509434
385376,385382,390895,6,5513,2,36000,1.00108833666
385560,385567,391449,7,5882,2,36000,1.0011900714
385595,385601,385608,6,7,1,900,1.3
385602,385607,385868,5,261,14,7980,1.01915708812
385707,385713,391606,6,5893,2,36000,1.00101815714
385731,385737,391114,6,5377,2,36000,1.00111586386
385802,385808,391104,6,5296,2,36000,1.00113293051
385817,385824,391670,7,5846,2,36000,1.00119739993
385865,385872,385880,7,8,1,900,1.5
385869,385878,391535,9,5657,2,36000,1.00159094927
385873,385884,386157,11,273,14,7980,1.04029304029
385966,385972,390294,6,4322,2,36000,1.00138824618
385974,387469,459497,1495,72028,2,72000,1.02075581718
386002,386008,391658,6,5650,2,36000,1.0010619469
386045,386051,391527,6,5476,2,36000,1.00109569028
386063,386073,391629,10,5556,2,36000,1.00179985601
386065,386171,392266,106,6095,2,36000,1.01739130435
386091,386300,386301,209,1,1,360000,21.0
386093,386294,392237,201,5943,2,36000,1.03382130237
386094,386494,392464,400,5970,2,36000,1.06700167504
386120,390010,750051,3890,360041,12,360000,1.01080432506
386152,386176,386284,24,108,1,36000,1.22222222222
386156,386162,386172,6,10,1,900,1.6
386159,386917,390869,758,3952,2,36000,1.19180161943
386164,386910,387213,746,303,14,7980,3.46204620462
386199,386971,393046,772,6075,2,36000,1.1270781893
386284,386999,393307,715,6308,2,36000,1.11334812936
386312,386318,386400,6,82,1,36000,1.07317073171
386414,386420,393755,6,7335,1,36000,1.00081799591
386436,387018,392153,582,5135,2,36000,1.11333982473
386484,387055,392118,571,5063,2,36000,1.11277898479
386604,387235,392491,631,5256,2,36000,1.12005327245
386674,387493,392520,819,5027,2,36000,1.16292023075
386812,387682,391341,870,3659,2,36000,1.23776988248
386896,387229,387481,333,252,2,14400,2.32142857143
386901,387933,393927,1032,5994,2,36000,1.17217217217
386918,387949,393385,1031,5436,2,36000,1.18966151582
386939,388308,392969,1369,4661,2,36000,1.29371379532
386963,388467,394152,1504,5685,2,36000,1.26455584872
386984,388502,394014,1518,5512,2,36000,1.27539912917
387006,388948,393599,1942,4651,2,36000,1.41754461406
387046,388955,394841,1909,5886,2,36000,1.32432891607
387065,387240,388711,175,1471,1,360000,1.11896668933
387209,389031,393892,1822,4861,2,36000,1.37481999589
387212,387218,387226,6,8,1,900,1.4
387220,388152,388451,932,299,14,7980,4.11705685619
387225,389052,392845,1827,3793,2,36000,1.481676773
387382,389238,393320,1856,4082,2,36000,1.45467907888
387455,389257,394476,1802,5219,2,36000,1.34527687296
387610,389385,394773,1775,5388,2,36000,1.32943578322
387673,389532,394614,1859,5082,2,36000,1.3658008658
387773,389858,395771,2085,5913,2,36000,1.35261288686
387840,389904,395179,2064,5275,2,36000,1.39127962085
387877,389918,395121,2041,5203,2,36000,1.39227368826
387923,390046,395358,2123,5312,2,36000,1.39966114458
387938,390305,394387,2367,4082,2,36000,1.57986281235
387970,388357,388642,387,285,2,14400,2.35789473684
388141,390449,397070,2308,6621,2,36000,1.34858782661
388299,390880,396226,2581,5346,2,36000,1.48279087168
388346,390907,395032,2561,4125,2,36000,1.62084848485
388450,388462,388470,12,8,1,900,2.0
388461,388476,388728,15,252,14,7980,1.05952380952
388467,391116,397414,2649,6298,2,36000,1.42060971737
388493,391125,396102,2632,4977,2,36000,1.5288326301
388725,388731,388743,6,12,1,900,1.5
388733,388739,388993,6,254,14,7980,1.02362204724
388851,388857,389160,6,303,2,14400,1.0198019802
388942,391172,396753,2230,5581,2,36000,1.39956996954
388958,391178,396732,2220,5554,2,36000,1.39971191934
388990,388997,389014,7,17,1,900,1.41176470588
388998,389004,389290,6,286,14,7980,1.02097902098
389019,391352,396584,2333,5232,2,36000,1.44590978593
389041,391461,396468,2420,5007,2,36000,1.48332334731
389228,391538,397049,2310,5511,2,36000,1.41916167665
389246,391546,397230,2300,5684,2,36000,1.40464461647
389285,389292,389302,7,10,1,900,1.7
389295,389301,389564,6,263,14,7980,1.02281368821
389376,391552,396837,2176,5285,2,36000,1.41173131504
389522,391618,397049,2096,5431,2,36000,1.3859326091
389560,389567,389575,7,8,1,900,1.5
389574,389580,389870,6,290,14,7980,1.02068965517
389849,391641,395163,1792,3522,2,36000,1.50880181715
389867,389873,389880,6,7,1,900,1.3
389874,389881,390140,7,259,14,7980,1.02702702703
389895,391669,396735,1774,5066,2,36000,1.35017765495
389910,391681,396025,1771,4344,2,36000,1.40768876611
390035,392129,397452,2094,5323,2,36000,1.39338718768
390136,390142,390152,6,10,1,900,1.6
390155,390161,390483,6,322,14,7980,1.01863354037
390294,392167,397798,1873,5631,2,36000,1.33262297993
390334,390340,391163,6,823,2,14400,1.00729040097
390438,392248,397125,1810,4877,2,36000,1.37112979291
390475,390481,390490,6,9,1,900,1.5
390484,390494,390762,10,268,14,7980,1.03731343284
390760,390766,390777,6,11,1,900,1.54545454545
390767,390773,391030,6,257,14,7980,1.0233463035
390870,392277,398017,1407,5740,2,36000,1.24512195122
390896,392475,397152,1579,4677,2,36000,1.33760957879
391028,391034,391042,6,8,1,900,1.4
391036,391042,391300,6,258,14,7980,1.02325581395
391105,392502,397844,1397,5342,2,36000,1.26151254212
391120,392531,398695,1411,6164,2,36000,1.22890979883
391163,392856,397950,1693,5094,2,36000,1.33235178642
391178,392980,398588,1802,5608,2,36000,1.32132667618
391300,391306,391319,6,13,1,900,1.46153846154
391316,391323,391592,7,269,14,7980,1.02602230483
391342,393057,397978,1715,4921,2,36000,1.34850640114
391424,393766,566592,2342,172826,1,172800,1.01355120179
391452,393318,399035,1866,5717,2,36000,1.32639496239
391592,391598,391610,6,12,1,900,1.5
391606,391612,391873,6,261,14,7980,1.02298850575
391872,391878,391890,6,12,1,900,1.5
391890,391897,392156,7,259,14,7980,1.02702702703
392155,392161,392173,6,12,1,900,1.5
392175,392181,392434,6,253,14,7980,1.02371541502
392432,392438,392450,6,12,1,900,1.5
392444,392453,392723,9,270,14,7980,1.03333333333
392720,392726,392735,6,9,1,900,1.5
392728,392734,392983,6,249,14,7980,1.02409638554
392983,392989,393002,6,13,1,900,1.46153846154
392990,392995,393294,5,299,14,7980,1.01672240803
393148,398791,456047,5643,57256,14,57600,1.09855735643
393178,398710,404371,5532,5661,2,28800,1.97721250662
393292,393298,393323,6,25,1,900,1.24
393300,393305,393612,5,307,14,7980,1.01628664495
393565,408048,457467,14483,49419,14,57600,1.29306542018
393610,393616,393625,6,9,1,900,1.5
393622,393629,393886,7,257,14,7980,1.02723735409
393651,408054,457848,14403,49794,14,57600,1.28925171707
393884,393890,393901,6,11,1,900,1.54545454545
393895,393901,394196,6,295,14,7980,1.02033898305
393910,393916,398929,6,5013,2,36000,1.00119688809
393928,393935,399405,7,5470,2,36000,1.0012797075
394015,394021,399683,6,5662,2,36000,1.00105969622
394071,397812,408946,3741,11134,1,36000,1.33599784444
394113,408175,440204,14062,32029,14,43200,1.43903962034
394153,394159,399211,6,5052,2,36000,1.00118764846
394194,394200,394225,6,25,1,900,1.24
394202,394208,394468,6,260,14,7980,1.02307692308
394275,416546,450815,22271,34269,2,43200,1.64988765356
394387,394394,399979,7,5585,2,36000,1.00125335721
394466,394472,394487,6,15,1,900,1.4
394475,394481,394725,6,244,14,7980,1.02459016393
394477,394487,399304,10,4817,2,36000,1.0020759809
394552,408059,409913,13507,1854,2,14400,8.28532901834
394617,394624,400376,7,5752,2,36000,1.00121696801
394722,394729,394753,7,24,1,900,1.29166666667
394732,394738,394995,6,257,14,7980,1.0233463035
394770,394776,400911,6,6135,2,36000,1.00097799511
394844,394850,400732,6,5882,2,36000,1.0010200612
394904,408064,409612,13160,1548,2,14400,9.50129198966
394990,394996,395012,6,16,1,900,1.375
395003,395009,395245,6,236,14,7980,1.02542372881
395020,395256,395344,236,88,14,7980,3.68181818182
395034,395040,399993,6,4953,2,36000,1.00121138704
395123,395130,401102,7,5972,2,36000,1.00117213664
395164,395170,399456,6,4286,2,36000,1.00139990667
395179,395185,400747,6,5562,2,36000,1.00107874865
395243,395249,395264,6,15,1,900,1.4
395251,395355,395624,104,269,14,7980,1.38661710037
395342,395348,395363,6,15,1,900,1.4
395350,395635,395852,285,217,14,7980,2.3133640553
395358,395364,398708,6,3344,2,36000,1.00179425837
395623,395629,395644,6,15,1,900,1.4
395632,395864,396137,232,273,14,7980,1.84981684982
395772,395779,401192,7,5413,2,36000,1.00129318308
395846,395852,395865,6,13,1,900,1.46153846154
395856,396149,396359,293,210,14,7980,2.39523809524
396028,396034,401566,6,5532,2,36000,1.0010845987
396101,396108,401132,7,5024,2,36000,1.0013933121
396135,396141,396156,6,15,1,900,1.4
396145,396371,396611,226,240,14,7980,1.94166666667
396226,396232,401846,6,5614,2,36000,1.00106875668
396359,396365,396384,6,19,1,900,1.31578947368
396379,396623,396845,244,222,14,7980,2.0990990991
396469,396475,402537,6,6062,2,36000,1.00098977235
396585,396592,402081,7,5489,2,36000,1.00127527783
396610,396617,396635,7,18,1,900,1.38888888889
396627,396852,397126,225,274,14,7980,1.82116788321
396735,396741,402308,6,5567,2,36000,1.00107777977
396750,396757,401694,7,4937,2,36000,1.0014178651
396766,396772,402610,6,5838,2,36000,1.00102774923
396840,396846,402674,6,5828,2,36000,1.0010295127
396844,396858,396876,14,18,1,900,1.77777777778
396867,396887,397144,20,257,14,7980,1.07782101167
397050,397056,402581,6,5525,2,36000,1.00108597285
397051,397062,402388,11,5326,2,36000,1.00206533984
397071,397077,402897,6,5820,2,36000,1.00103092784
397125,398842,398849,1717,7,1,900,172.4
397128,397134,403015,6,5881,2,36000,1.00102023465
397141,398860,398865,1719,5,1,900,172.4
397145,397155,397457,10,302,14,7980,1.03311258278
397154,397161,403226,7,6065,2,36000,1.00115416323
397163,397469,397695,306,226,14,7980,2.35398230088
397231,397237,402336,6,5099,2,36000,1.00117670131
397415,397422,402254,7,4832,2,36000,1.0014486755
397452,398876,398879,1424,3,1,900,142.7
397457,397463,402754,6,5291,2,36000,1.00113400113
397474,397706,397971,232,265,14,7980,1.87547169811
397693,398891,398895,1198,4,1,900,120.2
397715,397982,398207,267,225,14,7980,2.18666666667
397800,397806,402978,6,5172,2,36000,1.00116009281
397845,397852,403052,7,5200,2,36000,1.00134615385
397955,397961,403762,6,5801,2,36000,1.00103430443
397962,398906,398918,944,12,1,3600,79.6666666667
397968,398928,398933,960,5,1,900,96.5
397980,397988,402952,8,4964,2,36000,1.00161160355
397982,398219,398493,237,274,14,7980,1.86496350365
398017,398023,402633,6,4610,2,36000,1.00130151844
398205,398947,398955,742,8,1,900,75.0
398216,398504,398735,288,231,14,7980,2.24675324675
398490,398967,398977,477,10,1,900,48.7
398499,398747,398757,248,10,14,7980,25.8
398589,398595,403452,6,4857,2,36000,1.00123533045
398698,398704,404455,6,5751,2,36000,1.00104329682
398713,398719,404154,6,5435,2,36000,1.00110395584
398732,398988,398997,256,9,1,900,26.5
398742,398768,398780,26,12,14,7980,3.16666666667
398931,398941,403852,10,4911,2,36000,1.00203624516
399037,399046,404969,9,5923,2,36000,1.00151950025
399212,399222,404861,10,5639,2,36000,1.00177336407
399307,399315,405052,8,5737,2,36000,1.00139445703
399404,399416,404050,12,4634,2,36000,1.00258955546
399410,399421,403071,11,3650,1,3600,1.00301369863
399458,399467,404653,9,5186,2,36000,1.00173544157
399494,416541,470808,17047,54267,4,356400,1.31413197708
399684,399694,404964,10,5270,2,36000,1.00189753321
399981,399990,404945,9,4955,2,36000,1.00181634712
399996,400004,405478,8,5474,2,36000,1.00146145415
400070,400086,400087,16,1,1,3600,1.7
400168,416499,429230,16331,12731,2,14400,2.28277433037
400199,416504,427815,16305,11311,2,14400,2.44151710724
400377,400387,405637,10,5250,2,36000,1.0019047619
400734,400743,406202,9,5459,2,36000,1.0016486536
400749,400758,405396,9,4638,2,36000,1.00194049159
400912,400922,406950,10,6028,2,36000,1.00165892502
401079,403082,451350,2003,48268,1,72000,1.04149747245
401099,401113,405883,14,4770,2,36000,1.00293501048
401132,401143,406513,11,5370,2,36000,1.00204841713
401193,401204,406924,11,5720,2,36000,1.00192307692
401284,407153,416483,5869,9330,64,21600,1.62904608789
401568,401578,407118,10,5540,2,36000,1.00180505415
401695,401705,406840,10,5135,2,36000,1.00194741967
401849,401858,408073,9,6215,2,36000,1.00144810941
402082,402093,407069,11,4976,2,36000,1.00221061093
402099,408038,411667,5939,3629,16,3600,2.63653899146
402257,402265,407314,8,5049,2,36000,1.00158447217
402308,402319,408232,11,5913,2,36000,1.0018603078
402338,402347,407164,9,4817,2,36000,1.00186838281
402389,402399,406616,10,4217,2,36000,1.00237135404
402537,402548,408626,11,6078,2,36000,1.00180980586
402579,402593,408847,14,6254,2,36000,1.00223856732
402610,402621,408320,11,5699,2,36000,1.00193016319
402634,402644,408420,10,5776,2,36000,1.00173130194
402676,402685,406863,9,4178,2,36000,1.00215414074
402755,402766,408990,11,6224,2,36000,1.00176735219
402898,402908,408567,10,5659,2,36000,1.00176709666
402937,408043,408164,5106,121,14,3960,43.1983471074
402952,402964,408426,12,5462,2,36000,1.00219699744
402979,402989,408587,10,5598,2,36000,1.00178635227
403015,403027,408293,12,5266,2,36000,1.00227876946
403051,403064,408148,13,5084,2,36000,1.0025570417
403105,403112,403378,7,266,2,1800,1.02631578947
403138,404382,428986,1244,24604,1,27000,1.05056088441
403227,403237,409152,10,5915,2,36000,1.00169061708
403444,403450,405129,6,1679,2,3600,1.00357355569
403453,403463,408099,10,4636,2,36000,1.00215703192
403764,403773,409802,9,6029,2,36000,1.00149278487
403852,403864,409230,12,5366,2,36000,1.00223630265
404050,404061,409090,11,5029,2,36000,1.00218731358
404156,404165,409311,9,5146,2,36000,1.00174893121
404457,404466,409758,9,5292,2,36000,1.00170068027
404655,404664,410583,9,5919,2,36000,1.00152052712
404863,404872,410242,9,5370,2,36000,1.00167597765
404947,404956,410362,9,5406,2,36000,1.00166481687
404965,404975,410352,10,5377,2,36000,1.00185977311
404980,404986,410359,6,5373,2,36000,1.00111669458
405052,405063,410608,11,5545,2,36000,1.00198376916
405175,407158,410249,1983,3091,2,3600,1.64153995471
405398,405408,410993,10,5585,2,36000,1.0017905103
405479,405489,410697,10,5208,2,36000,1.00192012289
405524,428992,440984,23468,11992,1,27000,2.95697131421
405638,405649,409945,11,4296,2,36000,1.00256052142
405813,405819,405822,6,3,1,36000,1.0
405883,405895,410372,12,4477,2,36000,1.00268036632
405930,405936,406457,6,521,1,36000,1.01151631478
406204,406213,412217,9,6004,2,36000,1.00149900067
406515,406524,412100,9,5576,2,36000,1.00161406026
406618,406627,412969,9,6342,2,36000,1.00141911069
406839,406845,406936,6,91,1,36000,1.06593406593
406841,406851,412270,10,5419,2,36000,1.00184535892
406865,406874,412788,9,5914,2,36000,1.00152181265
406908,416515,421552,9607,5037,2,28800,2.90728608299
406926,406935,411682,9,4747,2,36000,1.00189593427
406953,406961,412278,8,5317,2,36000,1.00150460786
406956,406967,407051,11,84,1,36000,1.13095238095
407070,407080,413029,10,5949,2,36000,1.00168095478
407118,407129,412884,11,5755,2,36000,1.00191138141
407167,407175,412357,8,5182,2,36000,1.00154380548
407178,407184,408036,6,852,1,36000,1.00704225352
407315,407325,412593,10,5268,2,36000,1.00189825361
407465,416520,423298,9055,6778,2,28800,2.33593980525
407957,416525,420943,8568,4418,2,28800,2.93933906745
408074,408084,414221,10,6137,2,36000,1.00162946065
408101,408111,413484,10,5373,2,36000,1.00186115764
408115,408121,418246,6,10125,1,36000,1.00059259259
408148,408159,413320,11,5161,2,36000,1.00213136989
408162,408168,408180,6,12,1,900,1.5
408171,411679,411778,3508,99,14,3960,36.4343434343
408233,408244,413970,11,5726,2,36000,1.00192106182
408295,408304,413923,9,5619,2,36000,1.00160170849
408323,408331,414068,8,5737,2,36000,1.00139445703
408421,408431,415288,10,6857,2,36000,1.00145836372
408436,408442,413170,6,4728,2,36000,1.00126903553
408570,408578,414596,8,6018,2,36000,1.0013293453
408588,408598,414438,10,5840,2,36000,1.00171232877
408628,408637,414775,9,6138,2,36000,1.00146627566
408849,408858,414698,9,5840,2,36000,1.00154109589
408992,409001,413290,9,4289,2,36000,1.00209839123
409033,416530,416922,7497,392,2,14400,20.125
409092,409101,415686,9,6585,2,36000,1.0013667426
409154,409163,415008,9,5845,2,36000,1.00153977759
409179,414130,418370,4951,4240,1,36000,2.16768867925
409232,409241,415480,9,6239,2,36000,1.00144253887
409314,409322,415255,8,5933,2,36000,1.00134839036
409688,416535,416966,6847,431,2,14400,16.8863109049
409724,411789,411898,2065,109,14,7980,19.9449541284
409759,409770,415111,11,5341,2,36000,1.00205953941
409802,409814,415850,12,6036,2,36000,1.00198807157
409948,409956,415066,8,5110,2,36000,1.00156555773
410244,410254,415833,10,5579,2,36000,1.00179243592
410355,410363,415314,8,4951,2,36000,1.00161583518
410370,410376,415893,6,5517,2,36000,1.00108754758
410371,410382,415702,11,5320,2,36000,1.00206766917
410373,410388,415607,15,5219,2,36000,1.00287411381
410584,410594,415751,10,5157,2,36000,1.00193911189
410608,410619,416046,11,5427,2,36000,1.00202690252
410699,410708,415806,9,5098,2,36000,1.0017653982
410994,411004,416447,10,5443,2,36000,1.00183722212
411683,411693,417404,10,5711,2,36000,1.00175100683
411776,411782,411789,6,7,1,900,1.3
411783,411909,411998,126,89,14,3960,2.41573033708
411896,411902,411912,6,10,1,900,1.6
411903,412009,412117,106,108,14,7980,1.98148148148
411995,412001,412011,6,10,1,900,1.6
412002,412128,412232,126,104,14,3960,2.21153846154
412100,412111,418035,11,5924,2,36000,1.00185685348
412115,412121,412122,6,1,1,900,1.0
412218,412228,417625,10,5397,2,36000,1.00185288123
412230,412236,412246,6,10,1,900,1.6
412238,416494,416670,4256,176,14,3960,25.1818181818
412272,412281,417302,9,5021,2,36000,1.00179247162
412287,412293,417308,6,5015,2,36000,1.00119641077
412359,412368,418288,9,5920,2,36000,1.00152027027
412595,412604,416376,9,3772,2,36000,1.00238600212
412791,412800,418997,9,6197,2,36000,1.00145231564
412885,412896,418908,11,6012,2,36000,1.00182967399
412969,412981,418312,12,5331,2,36000,1.00225098481
413030,413041,418463,11,5422,2,36000,1.00202877167
413172,413181,418841,9,5660,2,36000,1.00159010601
413290,413301,417451,11,4150,2,36000,1.00265060241
413320,413331,417700,11,4369,2,36000,1.00251773861
413485,413495,418627,10,5132,2,36000,1.00194855807
413926,413934,420029,8,6095,2,36000,1.00131255127
413971,413981,419849,10,5868,2,36000,1.00170415815
414071,414079,419703,8,5624,2,36000,1.00142247511
414222,414232,419711,10,5479,2,36000,1.00182515057
414439,414449,418912,10,4463,2,36000,1.00224064531
414599,414607,420116,8,5509,2,36000,1.00145216918
414698,414709,420720,11,6011,2,36000,1.00182997837
414777,414787,418277,10,3490,2,36000,1.00286532951
415009,415019,419498,10,4479,2,36000,1.00223264121
415066,415077,420044,11,4967,2,36000,1.00221461647
415114,415123,420017,9,4894,2,36000,1.00183898651
415257,415267,421171,10,5904,2,36000,1.00169376694
415290,415299,419826,9,4527,2,36000,1.00198807157
415315,415325,420701,10,5376,2,36000,1.00186011905
415482,415491,420971,9,5480,2,36000,1.00164233577
415607,415618,419894,11,4276,2,36000,1.00257249766
415686,415698,420813,12,5115,2,36000,1.00234604106
415704,415713,421589,9,5876,2,36000,1.00153165419
415752,415763,420751,11,4988,2,36000,1.0022052927
415807,415817,421377,10,5560,2,36000,1.00179856115
415835,415844,420972,9,5128,2,36000,1.0017550702
415853,415862,421022,9,5160,2,36000,1.00174418605
415896,415904,421191,8,5287,2,36000,1.00151314545
416048,416057,420883,9,4826,2,36000,1.00186489847
416378,416387,422337,9,5950,2,36000,1.00151260504
416450,416458,421109,8,4651,2,36000,1.0017200602
416668,416674,416679,6,5,1,900,1.1
416675,416681,416879,6,198,14,3960,1.0303030303
416877,416883,416893,6,10,1,900,1.6
416884,416890,417146,6,256,14,3960,1.0234375
417144,417150,417158,6,8,1,900,1.4
417151,417157,417393,6,236,14,3960,1.02542372881
417303,417309,422910,6,5601,2,36000,1.00107123728
417318,417324,422752,6,5428,2,36000,1.00110537951
417390,417396,417405,6,9,1,900,1.5
417397,417403,417665,6,262,14,3960,1.02290076336
417408,417414,422209,6,4795,2,36000,1.00125130344
417453,417459,423541,6,6082,2,36000,1.00098651759
417626,417632,422773,6,5141,2,36000,1.00116708812
417664,417670,417677,6,7,1,900,1.3
417671,417677,417939,6,262,14,3960,1.02290076336
417703,417709,423328,6,5619,2,36000,1.00106780566
417722,440215,448693,22493,8478,64,21600,3.65310214673
417936,417942,417949,6,7,1,900,1.3
417946,417952,418211,6,259,14,3960,1.02316602317
418036,418042,423563,6,5521,2,36000,1.00108675964
418209,418215,418223,6,8,1,900,1.4
418216,418222,418465,6,243,14,3960,1.02469135802
418279,418285,423144,6,4859,2,36000,1.00123482198
418294,418299,423734,5,5435,2,36000,1.0009199632
418315,418321,423950,6,5629,2,36000,1.00106590869
418343,418349,419322,6,973,1,36000,1.00616649538
418463,418469,418474,6,5,1,900,1.1
418464,418480,423715,16,5235,2,36000,1.00305635148
418470,418475,418721,5,246,14,3960,1.02032520325
418628,418635,424921,7,6286,2,36000,1.00111358575
418720,418726,418737,6,11,1,900,1.54545454545
418727,418733,418988,6,255,14,3960,1.02352941176
418841,418847,424464,6,5617,2,36000,1.00106818586
418913,418919,424049,6,5130,2,36000,1.00116959064
418914,418925,423770,11,4845,2,36000,1.00227038184
418987,418993,419007,6,14,1,900,1.42857142857
418995,419001,419251,6,250,14,3960,1.024
418995,419006,424401,11,5395,2,36000,1.00203892493
419127,419134,419136,7,2,2,3540,1.0
419248,419254,419265,6,11,1,900,1.54545454545
419255,419261,419518,6,257,14,3960,1.0233463035
419398,419404,431726,6,12322,1,36000,1.00048693394
419498,419505,425583,7,6078,2,36000,1.00115169464
419517,419523,419536,6,13,1,900,1.46153846154
419525,419530,419791,5,261,14,3960,1.01915708812
419705,419712,424608,7,4896,2,36000,1.00142973856
419721,419727,425487,6,5760,2,36000,1.00104166667
419790,419796,419804,6,8,1,900,1.4
419798,419804,420021,6,217,14,3960,1.02764976959
419829,419835,425599,6,5764,2,36000,1.00104094379
419851,419857,426027,6,6170,2,36000,1.00097244733
419897,419903,425125,6,5222,2,36000,1.00114898506
420017,420023,420030,6,7,1,900,1.3
420018,420029,425734,11,5705,2,36000,1.00192813322
420024,420035,420260,11,225,14,3960,1.04888888889
420033,420041,425230,8,5189,2,36000,1.00154172288
420048,420054,425742,6,5688,2,36000,1.00105485232
420118,420124,425964,6,5840,2,36000,1.00102739726
420256,420262,420275,6,13,1,900,1.46153846154
420263,420269,420527,6,258,14,3960,1.02325581395
420337,448705,456790,28368,8085,64,21600,4.50871985158
420365,456801,465033,36436,8232,64,21600,5.42614188533
420525,420531,420537,6,6,1,900,1.2
420533,420538,420810,5,272,14,3960,1.01838235294
420705,420711,425464,6,4753,2,36000,1.00126236061
420723,420729,426310,6,5581,2,36000,1.00107507615
420753,420760,425036,7,4276,2,36000,1.00163704397
420809,420815,420821,6,6,1,900,1.2
420814,420826,426370,12,5544,2,36000,1.00216450216
420815,420821,420883,6,62,14,3960,1.09677419355
420882,420888,420889,6,1,1,900,1.0
420884,420894,426725,10,5831,2,36000,1.0017149717
420973,420979,426524,6,5545,2,36000,1.00108205591
420974,420985,426727,11,5742,2,36000,1.00191570881
421023,421029,426750,6,5721,2,36000,1.0010487677
421038,513984,667662,92946,153678,18,216000,1.60481005739
421112,421118,425075,6,3957,2,36000,1.00151630023
421173,421179,427050,6,5871,2,36000,1.00102197241
421191,421197,426232,6,5035,2,36000,1.00119165839
421379,421385,426459,6,5074,2,36000,1.00118249901
421591,421597,427064,6,5467,2,36000,1.00109749406
422210,422216,427253,6,5037,2,36000,1.00119118523
422338,422344,428018,6,5674,2,36000,1.00105745506
422753,422759,428044,6,5285,2,36000,1.00113528855
422774,422780,428256,6,5476,2,36000,1.00109569028
422913,422919,428386,6,5467,2,36000,1.00109749406
423146,423152,427254,6,4102,2,36000,1.00146270112
423327,423333,427651,6,4318,2,36000,1.00138953219
423540,423546,429562,6,6016,2,36000,1.00099734043
423564,423570,429373,6,5803,2,36000,1.00103394796
423716,423722,428921,6,5199,2,36000,1.00115406809
423734,423740,428590,6,4850,2,36000,1.0012371134
423770,423776,429095,6,5319,2,36000,1.00112803158
423952,423958,429833,6,5875,2,36000,1.0010212766
424050,424056,429306,6,5250,2,36000,1.00114285714
424402,424408,429392,6,4984,2,36000,1.00120385233
424463,424469,429133,6,4664,2,36000,1.0012864494
424608,424614,430082,6,5468,2,36000,1.00109729334
424923,424929,430463,6,5534,2,36000,1.00108420672
425036,425042,430644,6,5602,2,36000,1.00107104605
425075,425081,430759,6,5678,2,36000,1.00105671011
425127,425133,430061,6,4928,2,36000,1.00121753247
425230,425236,429153,6,3917,2,36000,1.00153178453
425465,425471,431232,6,5761,2,36000,1.00104148585
425487,425493,430232,6,4739,2,36000,1.00126608989
425584,425590,431153,6,5563,2,36000,1.00107855474
425599,425605,431138,6,5533,2,36000,1.00108440267
425735,425742,429405,7,3663,2,36000,1.00191100191
425751,425757,431473,6,5716,2,36000,1.00104968509
425966,425972,430741,6,4769,2,36000,1.00125812539
426027,426033,432148,6,6115,2,36000,1.00098119379
426234,426240,431242,6,5002,2,36000,1.00119952019
426310,426316,432447,6,6131,2,36000,1.00097863318
426371,426377,431337,6,4960,2,36000,1.00120967742
426460,426466,432029,6,5563,2,36000,1.00107855474
426526,426533,432021,7,5488,2,36000,1.0012755102
426726,426732,432448,6,5716,2,36000,1.00104968509
426741,426747,431863,6,5116,2,36000,1.00117279124
426756,426762,432432,6,5670,2,36000,1.00105820106
427054,427060,432390,6,5330,2,36000,1.00112570356
427069,427075,432765,6,5690,2,36000,1.00105448155
427254,427260,432833,6,5573,2,36000,1.00107661942
427256,427266,432006,10,4740,2,36000,1.00210970464
427653,427659,433853,6,6194,2,36000,1.00096867937
428022,428028,433036,6,5008,2,36000,1.00119808307
428043,428049,433118,6,5069,2,36000,1.00118366542
428253,428259,428344,6,85,14,7980,1.07058823529
428258,428265,432876,7,4611,2,36000,1.00151810887
428342,428351,428357,9,6,1,900,1.5
428349,428357,428516,8,159,14,7980,1.05031446541
428386,428392,433991,6,5599,2,36000,1.00107161993
428513,428519,428531,6,12,1,900,1.5
428523,428529,428729,6,200,14,7980,1.03
428595,428601,434272,6,5671,2,36000,1.00105801446
428723,428729,428735,6,6,1,900,1.2
428730,428736,428936,6,200,14,7980,1.03
428922,428928,433818,6,4890,2,36000,1.00122699387
428933,428939,428947,6,8,1,900,1.4
428943,428949,429182,6,233,14,7980,1.02575107296
429096,429102,434161,6,5059,2,36000,1.00118600514
429133,429139,434252,6,5113,2,36000,1.00117347937
429151,429157,429265,6,108,14,3960,1.05555555556
429154,429163,435023,9,5860,2,36000,1.00153583618
429180,429186,429191,6,5,1,900,1.1
429192,429198,429463,6,265,14,7980,1.02264150943
429263,429269,429285,6,16,1,900,1.375
429271,429277,429382,6,105,14,3960,1.05714285714
429306,429313,433508,7,4195,2,36000,1.00166865316
429374,429380,434577,6,5197,2,36000,1.00115451222
429380,429386,429395,6,9,1,900,1.5
429388,429394,429504,6,110,14,3960,1.05454545455
429393,429400,435555,7,6155,2,36000,1.00113728676
429407,429414,434916,7,5502,2,36000,1.00127226463
429461,429467,429473,6,6,1,900,1.2
429469,429474,429742,5,268,14,7980,1.01865671642
429491,429497,429499,6,2,2,3540,1.0
429502,429508,429514,6,6,1,900,1.2
429511,429516,429778,5,262,14,3960,1.01908396947
429566,429572,433962,6,4390,2,36000,1.0013667426
429739,429745,429754,6,9,1,900,1.5
429749,429755,430012,6,257,14,7980,1.0233463035
429774,429781,429789,7,8,1,900,1.5
429782,429788,430045,6,257,14,3960,1.0233463035
429835,429841,435340,6,5499,2,36000,1.00109110747
430010,430016,430021,6,5,1,900,1.1
430019,430025,430293,6,268,14,7980,1.0223880597
430042,430049,430054,7,5,1,900,1.2
430050,430056,430327,6,271,14,3960,1.0221402214
430062,430068,435262,6,5194,2,36000,1.00115517905
430083,430090,435259,7,5169,2,36000,1.00135422712
430235,430241,434738,6,4497,2,36000,1.00133422282
430290,430296,430303,6,7,1,900,1.3
430299,430305,430572,6,267,14,7980,1.02247191011
430325,430331,430336,6,5,1,900,1.1
430332,430338,430600,6,262,14,3960,1.02290076336
430466,430472,436186,6,5714,2,36000,1.0010500525
430570,430576,430581,6,5,1,900,1.1
430578,430584,430804,6,220,14,7980,1.02727272727
430597,430603,430608,6,5,1,900,1.1
430604,430610,430873,6,263,14,3960,1.02281368821
430644,430650,436546,6,5896,2,36000,1.00101763908
430743,430749,436034,6,5285,2,36000,1.00113528855
430761,430767,436127,6,5360,2,36000,1.00111940299
430802,430808,430813,6,5,1,900,1.1
430810,430816,431021,6,205,14,7980,1.02926829268
430870,430876,430882,6,6,1,900,1.2
430878,430884,431155,6,271,14,3960,1.0221402214
431019,431025,431031,6,6,1,900,1.2
431028,431034,431213,6,179,14,7980,1.03351955307
431138,431144,437148,6,6004,2,36000,1.00099933378
431154,431161,431169,7,8,1,900,1.5
431156,431167,436677,11,5510,2,36000,1.00199637024
431162,431173,431437,11,264,14,3960,1.04166666667
431211,431217,431222,6,5,1,900,1.1
431219,431225,431475,6,250,14,7980,1.024
431232,431238,437072,6,5834,2,36000,1.00102845389
431247,431253,436278,6,5025,2,36000,1.00119402985
431338,431344,437577,6,6233,2,36000,1.00096261832
431434,431440,431446,6,6,1,900,1.2
431442,431448,431729,6,281,14,3960,1.02135231317
431473,431479,431486,6,7,1,900,1.3
431473,431484,436900,11,5416,2,36000,1.0020310192
431480,431490,431662,10,172,14,7980,1.05813953488
431660,431666,431672,6,6,1,900,1.2
431669,431675,431834,6,159,14,7980,1.03773584906
431728,431734,431741,6,7,1,900,1.3
431736,431742,432000,6,258,14,3960,1.02325581395
431830,431836,431841,6,5,1,900,1.1
431837,431843,432005,6,162,14,7980,1.03703703704
431863,431869,437128,6,5259,2,36000,1.00114090131
431999,432005,432011,6,6,1,900,1.2
432003,432011,432017,8,6,1,900,1.4
432008,432028,437492,20,5464,2,36000,1.00366032211
432008,432017,432280,9,263,14,3960,1.03422053232
432009,432022,432187,13,165,14,7980,1.07878787879
432023,432034,437805,11,5771,2,36000,1.00190608213
432038,432044,437430,6,5386,2,36000,1.00111399926
432149,432155,437600,6,5445,2,36000,1.00110192837
432185,432191,432197,6,6,1,900,1.2
432193,432199,432355,6,156,14,7980,1.03846153846
432274,432280,432285,6,5,1,900,1.1
432284,432290,432555,6,265,14,3960,1.02264150943
432353,432359,432364,6,5,1,900,1.1
432360,440359,440526,7999,167,14,7980,48.8982035928
432391,432397,437675,6,5278,2,36000,1.00113679424
432431,432437,437855,6,5418,2,36000,1.00110741971
432449,432455,437632,6,5177,2,36000,1.00115897238
432450,432461,437913,11,5452,2,36000,1.00201760822
432554,432560,432567,6,7,1,900,1.3
432561,432567,432840,6,273,14,3960,1.02197802198
432767,432773,438276,6,5503,2,36000,1.00109031437
432833,432839,438600,6,5761,2,36000,1.00104148585
432839,432845,432850,6,5,1,900,1.1
432846,432852,433151,6,299,14,3960,1.02006688963
432876,432882,437354,6,4472,2,36000,1.00134168157
433039,433045,438377,6,5332,2,36000,1.00112528132
433120,433126,437820,6,4694,2,36000,1.00127822752
433145,433151,433156,6,5,1,900,1.1
433152,433158,433433,6,275,14,3960,1.02181818182
433432,433438,433443,6,5,1,900,1.1
433439,433446,433744,7,298,14,3960,1.02348993289
433510,433516,439011,6,5495,2,36000,1.00109190173
433743,433749,433757,6,8,1,900,1.4
433750,433756,434025,6,269,14,3960,1.02230483271
433819,433825,439799,6,5974,2,36000,1.00100435219
433856,433862,439317,6,5455,2,36000,1.00109990834
433966,433972,440211,6,6239,2,36000,1.00096169258
433993,434000,438961,7,4961,2,36000,1.00141100585
434023,434029,434035,6,6,1,900,1.2
434035,434041,434297,6,256,14,3960,1.0234375
434164,434170,439364,6,5194,2,36000,1.00115517905
434252,434258,440158,6,5900,2,36000,1.00101694915
434273,434279,439717,6,5438,2,36000,1.00110334682
434296,434302,434307,6,5,1,900,1.1
434305,434312,434563,7,251,14,3960,1.02788844622
434561,434567,434574,6,7,1,900,1.3
434568,434574,434827,6,253,14,3960,1.02371541502
434580,434585,439567,5,4982,2,36000,1.00100361301
434740,434746,440541,6,5795,2,36000,1.00103537532
434826,434833,434839,7,6,1,900,1.3
434838,434844,435090,6,246,14,3960,1.0243902439
434918,434924,439894,6,4970,2,36000,1.00120724346
435024,435030,439827,6,4797,2,36000,1.00125078174
435088,435095,435100,7,5,1,900,1.2
435097,435103,435367,6,264,14,3960,1.02272727273
435207,457860,509715,22653,51855,64,54000,1.43685276251
435260,435266,441158,6,5892,2,36000,1.00101832994
435275,435281,441516,6,6235,2,36000,1.00096230954
435341,435347,440754,6,5407,2,36000,1.00110967265
435365,435371,435376,6,5,1,900,1.1
435371,435377,435642,6,265,14,3960,1.02264150943
435377,465046,516693,29669,51647,64,54000,1.5744573741
435555,435561,441418,6,5857,2,36000,1.00102441523
435641,435647,435654,6,7,1,900,1.3
435648,435654,435934,6,280,14,3960,1.02142857143
435816,509727,509790,73911,63,64,54000,1174.19047619
435822,509801,509824,73979,23,64,54000,3217.47826087
435828,509835,509866,74007,31,64,54000,2388.32258065
435931,435938,435943,7,5,1,900,1.2
435938,435944,436201,6,257,14,3960,1.0233463035
436038,436044,441303,6,5259,2,36000,1.00114090131
436128,436134,441421,6,5287,2,36000,1.00113485909
436189,436195,441626,6,5431,2,36000,1.00110476892
436199,436205,436211,6,6,1,900,1.2
436206,436212,436511,6,299,14,3960,1.02006688963
436280,436286,441483,6,5197,2,36000,1.00115451222
436508,436515,436522,7,7,1,900,1.4
436516,440537,440791,4021,254,14,3960,16.8307086614
436549,436555,442626,6,6071,2,36000,1.00098830506
436679,436685,442370,6,5685,2,36000,1.00105540897
436899,436906,442736,7,5830,2,36000,1.00120068611
437072,437078,443021,6,5943,2,36000,1.00100959112
437129,437136,442857,7,5721,2,36000,1.00122356231
437148,437154,441146,6,3992,2,36000,1.00150300601
437356,437362,442166,6,4804,2,36000,1.0012489592
437431,437438,442253,7,4815,2,36000,1.00145379024
437493,437499,442836,6,5337,2,36000,1.00112422709
437578,437584,442743,6,5159,2,36000,1.00116301609
437602,437609,442148,7,4539,2,36000,1.00154218991
437632,437639,443012,7,5373,2,36000,1.00130281035
437675,437681,441757,6,4076,2,36000,1.0014720314
437806,437812,443774,6,5962,2,36000,1.0010063737
437820,437826,443326,6,5500,2,36000,1.00109090909
437857,437863,443688,6,5825,2,36000,1.00103004292
437915,437921,443131,6,5210,2,36000,1.00115163148
438279,438285,443836,6,5551,2,36000,1.00108088633
438378,438384,443418,6,5034,2,36000,1.00119189511
438600,438606,443972,6,5366,2,36000,1.00111815132
438962,438968,444058,6,5090,2,36000,1.00117878193
439013,439019,443549,6,4530,2,36000,1.00132450331
439318,439325,444895,7,5570,2,36000,1.0012567325
439367,439373,445413,6,6040,2,36000,1.00099337748
439569,439575,444396,6,4821,2,36000,1.00124455507
439718,439724,444807,6,5083,2,36000,1.00118040527
439800,439806,445062,6,5256,2,36000,1.00114155251
439828,439834,445211,6,5377,2,36000,1.00111586386
439894,439901,445273,7,5372,2,36000,1.00130305287
440158,440164,445127,6,4963,2,36000,1.0012089462
440213,440221,445728,8,5507,2,36000,1.00145269657
440292,440299,440301,7,2,2,3540,1.0
440525,440531,440550,6,19,1,900,1.31578947368
440537,440803,440966,266,163,14,7980,2.63190184049
440544,440550,446285,6,5735,2,36000,1.0010462075
440756,440762,446380,6,5618,2,36000,1.00106799573
440791,440797,440813,6,16,1,900,1.375
440800,440977,441278,177,301,14,3960,1.58803986711
440963,440969,441012,6,43,1,900,1.13953488372
440991,441133,441306,142,173,14,7980,1.82080924855
441151,441157,446500,6,5343,2,36000,1.00112296463
441166,441173,446492,7,5319,2,36000,1.00131603685
441276,441282,441292,6,10,1,900,1.6
441287,441294,441554,7,260,14,3960,1.02692307692
441297,441303,441323,6,20,1,900,1.3
441305,441312,446527,7,5215,2,36000,1.00134228188
441312,441318,441487,6,169,14,7980,1.03550295858
441422,441428,447109,6,5681,2,36000,1.00105615209
441424,441435,446759,11,5324,2,36000,1.0020661157
441484,441490,441500,6,10,1,900,1.6
441487,441496,446333,9,4837,2,36000,1.00186065743
441492,441502,441626,10,124,14,7980,1.08064516129
441517,441524,446514,7,4990,2,36000,1.00140280561
441551,441557,441570,6,13,1,900,1.46153846154
441566,441572,441880,6,308,14,3960,1.01948051948
441619,441625,441634,6,9,1,900,1.5
441627,441633,447337,6,5704,2,36000,1.00105189341
441627,441639,441801,12,162,14,7980,1.07407407407
441762,441768,447120,6,5352,2,36000,1.00112107623
441799,441805,441829,6,24,1,900,1.25
441815,441821,441916,6,95,14,7980,1.06315789474
441879,441885,441891,6,6,1,900,1.2
441889,441895,442198,6,303,14,3960,1.0198019802
441914,441921,441925,7,4,1,900,1.1
441922,441928,442111,6,183,14,7980,1.03278688525
442109,442115,442121,6,6,1,900,1.2
442117,442122,442276,5,154,14,7980,1.03246753247
442149,442155,447909,6,5754,2,36000,1.00104275287
442168,442174,447656,6,5482,2,36000,1.00109449106
442194,442200,442217,6,17,1,900,1.35294117647
442206,442213,442520,7,307,14,3960,1.02280130293
442256,442262,448703,6,6441,2,36000,1.00093153237
442274,442281,442289,7,8,1,900,1.5
442283,442289,442455,6,166,14,7980,1.03614457831
442371,442377,447806,6,5429,2,36000,1.00110517591
442453,442459,442465,6,6,1,900,1.2
442459,442466,442628,7,162,14,7980,1.04320987654
442517,442524,442530,7,6,1,900,1.3
442526,442532,442802,6,270,14,3960,1.02222222222
442626,442632,442638,6,6,1,900,1.2
442629,442638,448125,9,5487,2,36000,1.00164024057
442634,442644,442863,10,219,14,7980,1.04566210046
442738,442744,447699,6,4955,2,36000,1.00121089808
442752,442759,448633,7,5874,2,36000,1.0011916922
442801,442807,442814,6,7,1,900,1.3
442813,442819,443124,6,305,14,3960,1.01967213115
442838,442844,447812,6,4968,2,36000,1.00120772947
442859,442865,448707,6,5842,2,36000,1.00102704553
442860,442871,442877,11,6,1,900,1.7
442869,442877,443043,8,166,14,7980,1.04819277108
443013,443019,448207,6,5188,2,36000,1.00115651503
443028,443034,448054,6,5020,2,36000,1.00119521912
443041,443047,443054,6,7,1,900,1.3
443050,443056,443214,6,158,14,7980,1.03797468354
443121,443127,443132,6,5,1,900,1.1
443130,443137,443420,7,283,14,3960,1.02473498233
443133,443143,447595,10,4452,2,36000,1.00224618149
443212,443218,443225,6,7,1,900,1.3
443220,443226,443392,6,166,14,7980,1.03614457831
443327,443333,448901,6,5568,2,36000,1.00107758621
443390,443396,443403,6,7,1,900,1.3
443398,443403,443582,5,179,14,7980,1.02793296089
443413,443421,443425,8,4,1,900,1.2
443421,443427,449256,6,5829,2,36000,1.00102933608
443425,443433,443683,8,250,14,3960,1.032
443551,443557,449105,6,5548,2,36000,1.0010814708
443580,443586,443593,6,7,1,900,1.3
443591,443597,443793,6,196,14,7980,1.0306122449
443681,443687,443692,6,5,1,900,1.1
443690,443696,443979,6,283,14,3960,1.02120141343
443690,443701,448680,11,4979,2,36000,1.00220927897
443713,509732,596182,66019,86450,14,86400,1.76366685946
443774,443780,449117,6,5337,2,36000,1.00112422709
443790,443797,443804,7,7,1,900,1.4
443799,443804,443974,5,170,14,7980,1.02941176471
443838,443844,449788,6,5944,2,36000,1.00100942127
443972,443978,443986,6,8,1,900,1.4
443974,443984,450097,10,6113,2,36000,1.00163585801
443977,443990,443994,13,4,1,900,1.7
443979,443996,444172,17,176,14,7980,1.09659090909
443988,444001,444298,13,297,14,3960,1.04377104377
444059,444065,449685,6,5620,2,36000,1.00106761566
444170,444176,444184,6,8,1,900,1.4
444178,444184,444369,6,185,14,7980,1.03243243243
444296,444302,444307,6,5,1,900,1.1
444305,444311,444605,6,294,14,3960,1.02040816327
444367,444373,444380,6,7,1,900,1.3
444374,444380,444542,6,162,14,7980,1.03703703704
444398,444404,449279,6,4875,2,36000,1.00123076923
444540,444546,444553,6,7,1,900,1.3
444548,444555,444713,7,158,14,7980,1.04430379747
444603,444609,444617,6,8,1,900,1.4
444611,444617,444901,6,284,14,3960,1.02112676056
444711,444717,444723,6,6,1,900,1.2
444719,444725,444874,6,149,14,7980,1.04026845638
444808,444814,450255,6,5441,2,36000,1.00110273847
444872,444878,444884,6,6,1,900,1.2
444879,444885,445056,6,171,14,7980,1.0350877193
444895,444906,450539,11,5633,2,36000,1.00195277827
444895,444901,444906,6,5,1,900,1.1
444906,444912,445173,6,261,14,3960,1.02298850575
445054,445061,445067,7,6,1,900,1.3
445063,445069,445268,6,199,14,7980,1.03015075377
445064,445075,450669,11,5594,2,36000,1.00196639256
445128,445134,450446,6,5312,2,36000,1.00112951807
445171,445177,445182,6,5,1,900,1.1
445180,445186,445470,6,284,14,3960,1.02112676056
445213,445219,450872,6,5653,2,36000,1.00106138334
445266,445272,445278,6,6,1,900,1.2
445274,445280,445454,6,174,14,7980,1.03448275862
445276,445286,450576,10,5290,2,36000,1.00189035917
445415,445421,451138,6,5717,2,36000,1.00104950149
445452,445458,445466,6,8,1,900,1.4
445459,445465,445656,6,191,14,7980,1.03141361257
445468,445475,445480,7,5,1,900,1.2
445477,445483,445802,6,319,14,3960,1.01880877743
445654,445660,445667,6,7,1,900,1.3
445663,445669,445841,6,172,14,7980,1.03488372093
445729,445736,450431,7,4695,2,36000,1.00149094782
445796,445802,445807,6,5,1,900,1.1
445807,445813,446064,6,251,14,3960,1.02390438247
445839,445845,445852,6,7,1,900,1.3
445845,445852,446029,7,177,14,7980,1.0395480226
446022,446028,446033,6,5,1,900,1.1
446030,446040,446210,10,170,14,7980,1.05882352941
446062,446068,446075,6,7,1,900,1.3
446071,446078,446373,7,295,14,3960,1.02372881356
446208,446214,446221,6,7,1,900,1.3
446220,446226,446437,6,211,14,7980,1.02843601896
446288,446294,451380,6,5086,2,36000,1.00117970901
446334,446340,451424,6,5084,2,36000,1.00118017309
446370,446377,446383,7,6,1,900,1.3
446381,446387,446632,6,245,14,3960,1.02448979592
446382,446393,451509,11,5116,2,36000,1.00215011728
446434,446441,446449,7,8,1,900,1.5
446442,446447,446662,5,215,14,7980,1.02325581395
446494,446500,452222,6,5722,2,36000,1.00104858441
446509,446515,451609,6,5094,2,36000,1.0011778563
446524,446530,452230,6,5700,2,36000,1.00105263158
446539,446545,452211,6,5666,2,36000,1.00105894811
446629,446635,446641,6,6,1,900,1.2
446638,446643,446931,5,288,14,3960,1.01736111111
446660,446666,446674,6,8,1,900,1.4
446666,446674,446779,8,105,14,7980,1.07619047619
446760,446766,452129,6,5363,2,36000,1.0011187768
446929,446935,446941,6,6,1,900,1.2
446938,446944,447216,6,272,14,3960,1.02205882353
447109,447116,452417,7,5301,2,36000,1.00132050556
447124,447130,453378,6,6248,2,36000,1.0009603073
447215,447221,447227,6,6,1,900,1.2
447223,447229,447489,6,260,14,3960,1.02307692308
447339,447346,452980,7,5634,2,36000,1.00124245651
447487,447493,447498,6,5,1,900,1.1
447494,447500,447607,6,107,14,3960,1.05607476636
447596,447602,452384,6,4782,2,36000,1.00125470514
447657,447663,453526,6,5863,2,36000,1.00102336688
447702,447708,453028,6,5320,2,36000,1.00112781955
447808,447814,454280,6,6466,2,36000,1.00092793071
447823,447829,453699,6,5870,2,36000,1.00102214651
447910,447916,453213,6,5297,2,36000,1.00113271663
448055,448061,453290,6,5229,2,36000,1.00114744693
448128,448134,454117,6,5983,2,36000,1.00100284138
448209,448215,453031,6,4816,2,36000,1.00124584718
448635,448641,453696,6,5055,2,36000,1.00118694362
448683,448690,453485,7,4795,2,36000,1.00145985401
448702,448711,454170,9,5459,2,36000,1.0016486536
448717,448723,454083,6,5360,2,36000,1.00111940299
448904,448910,453281,6,4371,2,36000,1.0013726836
449107,449113,454805,6,5692,2,36000,1.00105411103
449122,449128,453838,6,4710,2,36000,1.00127388535
449258,449264,454745,6,5481,2,36000,1.00109469075
449279,449285,454555,6,5270,2,36000,1.00113851992
449687,449693,454889,6,5196,2,36000,1.00115473441
449790,449796,455639,6,5843,2,36000,1.00102686976
450099,450105,455000,6,4895,2,36000,1.00122574055
450256,450262,456820,6,6558,2,36000,1.00091491308
450431,450437,456738,6,6301,2,36000,1.0009522298
450446,450452,456297,6,5845,2,36000,1.00102651839
450540,450546,455631,6,5085,2,36000,1.001179941
450576,450583,455396,7,4813,2,36000,1.00145439435
450670,450676,456017,6,5341,2,36000,1.00112338513
450872,450879,456289,7,5410,2,36000,1.00129390018
451139,451145,456691,6,5546,2,36000,1.0010818608
451380,451386,456853,6,5467,2,36000,1.00109749406
451425,451432,456886,7,5454,2,36000,1.00128346168
451510,451516,457087,6,5571,2,36000,1.00107700592
451610,451616,457540,6,5924,2,36000,1.00101282917
452131,452137,457921,6,5784,2,36000,1.0010373444
452213,452219,457263,6,5044,2,36000,1.00118953212
452228,452233,456502,5,4269,2,36000,1.00117123448
452242,452249,457316,7,5067,2,36000,1.00138148806
452384,452390,458085,6,5695,2,36000,1.00105355575
452417,452423,457694,6,5271,2,36000,1.00113830393
452981,452988,458503,7,5515,2,36000,1.00126926564
453031,453037,458351,6,5314,2,36000,1.00112909296
453032,453043,458950,11,5907,2,36000,1.00186219739
453215,453221,458377,6,5156,2,36000,1.00116369279
453281,453288,458236,7,4948,2,36000,1.00141471302
453297,453302,458823,5,5521,2,36000,1.00090563304
453378,453385,459588,7,6203,2,36000,1.00112848622
453484,453491,458995,7,5504,2,36000,1.00127180233
453527,453533,458372,6,4839,2,36000,1.0012399256
453698,453704,458998,6,5294,2,36000,1.00113335852
453699,453710,458317,11,4607,2,36000,1.00238767094
453840,453846,459283,6,5437,2,36000,1.00110354975
454084,454090,458943,6,4853,2,36000,1.00123634865
454118,454124,459549,6,5425,2,36000,1.00110599078
454172,454178,459528,6,5350,2,36000,1.00112149533
454281,454288,459000,7,4712,2,36000,1.00148556876
454554,454560,460119,6,5559,2,36000,1.00107933081
454748,454754,460807,6,6053,2,36000,1.00099124401
454805,454811,459868,6,5057,2,36000,1.00118647419
454890,454896,460371,6,5475,2,36000,1.00109589041
455001,455007,460211,6,5204,2,36000,1.00115295926
455397,455403,460799,6,5396,2,36000,1.00111193477
455634,455640,461408,6,5768,2,36000,1.00104022191
455649,455655,461076,6,5421,2,36000,1.00110680686
456017,456024,461254,7,5230,2,36000,1.00133843212
456289,456295,461777,6,5482,2,36000,1.00109449106
456304,456310,460688,6,4378,2,36000,1.00137048881
456503,456510,461936,7,5426,2,36000,1.00129008478
456694,456699,462742,5,6043,2,36000,1.00082740361
456739,456745,462116,6,5371,2,36000,1.00111711041
456820,456826,462572,6,5746,2,36000,1.00104420466
456853,456859,462358,6,5499,2,36000,1.00109110747
456886,456892,461905,6,5013,2,36000,1.00119688809
457088,457095,463021,7,5926,2,36000,1.00118123523
457205,457211,462925,6,5714,2,36000,1.0010500525
457207,457217,461981,10,4764,2,36000,1.00209907641
457208,457222,462572,14,5350,2,36000,1.00261682243
457209,457227,462654,18,5427,2,36000,1.00331674959
457210,457232,462425,22,5193,2,36000,1.00423647217
457212,457239,462531,27,5292,2,36000,1.00510204082
457213,457244,462677,31,5433,2,36000,1.00570587153
457214,457250,462971,36,5721,2,36000,1.00629260619
457216,457255,463111,39,5856,2,36000,1.00665983607
457217,457260,463308,43,6048,2,36000,1.00710978836
457218,457265,462877,47,5612,2,36000,1.00837491091
457220,457270,462607,50,5337,2,36000,1.00936855912
457221,457275,461971,54,4696,2,36000,1.01149914821
457222,457281,462470,59,5189,2,36000,1.01137020621
457223,457286,464333,63,7047,2,36000,1.00893997446
457225,457291,462594,66,5303,2,36000,1.0124457854
457226,457297,462879,71,5582,2,36000,1.01271945539
457265,457327,462374,62,5047,2,36000,1.01228452546
457317,457552,462861,235,5309,2,36000,1.04426445658
457543,457706,462683,163,4977,2,36000,1.032750653
457696,457932,463427,236,5495,2,36000,1.04294813467
457922,458096,463936,174,5840,2,36000,1.02979452055
458085,458247,464141,162,5894,2,36000,1.02748557855
458218,509877,509883,51659,6,64,7200,5166.5
458237,458328,463995,91,5667,2,36000,1.01605787895
458319,458364,463809,45,5445,2,36000,1.00826446281
458352,458383,464151,31,5768,2,36000,1.00537447989
458373,458389,463038,16,4649,2,36000,1.00344160034
458388,458514,464190,126,5676,2,36000,1.0221987315
458506,458834,464220,328,5386,2,36000,1.06089862607
458823,458954,464573,131,5619,2,36000,1.0233137569
458944,458961,465346,17,6385,2,36000,1.00266249021
458959,459006,465159,47,6153,2,36000,1.0076385503
458996,459012,464417,16,5405,2,36000,1.00296022202
459011,459018,464500,7,5482,2,36000,1.00127690624
459012,459294,465448,282,6154,2,36000,1.0458238544
459284,459509,465023,225,5514,2,36000,1.04080522307
459531,459540,464990,9,5450,2,36000,1.00165137615
459549,459560,465534,11,5974,2,36000,1.00184131235
459589,459599,464442,10,4843,2,36000,1.00206483585
459871,459879,465025,8,5146,2,36000,1.00155460552
460119,460130,465948,11,5818,2,36000,1.00189068408
460213,460222,465400,9,5178,2,36000,1.00173812283
460372,460382,466300,10,5918,2,36000,1.00168976005
460690,460700,466539,10,5839,2,36000,1.00171262202
460802,460810,466560,8,5750,2,36000,1.00139130435
460817,460823,465580,6,4757,2,36000,1.00126129914
461078,461087,466700,9,5613,2,36000,1.00160342063
461255,461265,467090,10,5825,2,36000,1.0017167382
461409,461420,467133,11,5713,2,36000,1.00192543322
461560,462695,462705,1135,10,1,600,114.5
461779,461788,467342,9,5554,2,36000,1.00162045373
461906,461917,466719,11,4802,2,36000,1.0022907122
461936,461947,466799,11,4852,2,36000,1.00226710635
461973,461982,467376,9,5394,2,36000,1.00166852058
461988,461993,467763,5,5770,2,36000,1.00086655113
462118,462127,468445,9,6318,2,36000,1.00142450142
462360,462369,467624,9,5255,2,36000,1.00171265461
462375,462385,467629,10,5244,2,36000,1.00190694127
462426,462436,467796,10,5360,2,36000,1.00186567164
462471,462481,467299,10,4818,2,36000,1.00207555002
462532,462543,467901,11,5358,2,36000,1.00205300485
462573,481884,482002,19311,118,14,3960,164.652542373
462575,462583,468003,8,5420,2,36000,1.00147601476
462576,462589,467730,13,5141,2,36000,1.00252869092
462595,462605,467752,10,5147,2,36000,1.00194287935
462610,462618,467808,8,5190,2,36000,1.00154142582
462655,462665,467522,10,4857,2,36000,1.00205888408
462677,462688,467512,11,4824,2,36000,1.00228026534
462692,462716,467831,24,5115,2,36000,1.00469208211
462743,462754,468771,11,6017,2,36000,1.00182815356
462864,462873,469325,9,6452,2,36000,1.00139491631
462879,462888,468094,9,5206,2,36000,1.00172877449
462881,462894,469504,13,6610,2,36000,1.0019667171
462926,462936,467997,10,5061,2,36000,1.00197589409
462972,462982,468627,10,5645,2,36000,1.00177147919
463024,463032,468102,8,5070,2,36000,1.00157790927
463039,463049,468540,10,5491,2,36000,1.0018211619
463112,463122,468369,10,5247,2,36000,1.00190585096
463309,463319,468529,10,5210,2,36000,1.0019193858
463429,463438,469110,9,5672,2,36000,1.00158674189
463811,463820,469503,9,5683,2,36000,1.0015836706
463938,463947,469532,9,5585,2,36000,1.00161145927
463995,464006,469539,11,5533,2,36000,1.00198807157
464144,464152,469093,8,4941,2,36000,1.00161910544
464158,464165,469507,7,5342,2,36000,1.00131037065
464192,464201,469460,9,5259,2,36000,1.00171135197
464195,465960,469077,1765,3117,1,36000,1.56624959897
464222,464232,470485,10,6253,2,36000,1.00159923237
464334,464344,469945,10,5601,2,36000,1.00178539547
464418,464428,470353,10,5925,2,36000,1.00168776371
464443,464453,470188,10,5735,2,36000,1.00174367916
464503,464512,469650,9,5138,2,36000,1.00175165434
464576,464584,470320,8,5736,2,36000,1.00139470014
464991,465001,470160,10,5159,2,36000,1.00193836015
465026,465034,470925,8,5891,2,36000,1.00135800373
465027,465040,470397,13,5357,2,36000,1.00242673138
465160,465170,471181,10,6011,2,36000,1.0016636167
465348,465357,471158,9,5801,2,36000,1.00155145665
465402,465412,469677,10,4265,2,36000,1.00234466589
465448,465459,471308,11,5849,2,36000,1.00188066336
465516,846322,1067565,380806,221243,1,540000,2.72121151856
465536,465545,470429,9,4884,2,36000,1.00184275184
465539,509894,518197,44355,8303,64,21600,6.34204504396
465549,516704,524853,51155,8149,64,21600,7.27745735673
465562,846328,1058294,380766,211966,1,540000,2.79635413227
465581,465591,471226,10,5635,2,36000,1.00177462289
465607,846333,1065193,380726,218860,1,540000,2.73958695056
465662,846338,1063104,380676,216766,1,540000,2.75616102156
465714,846344,1071836,380630,225492,1,360000,2.68799780037
465736,846349,1059178,380613,212829,1,540000,2.78835121154
465750,846359,1060818,380609,214459,1,540000,2.77474016012
465765,846364,1065503,380599,219139,1,540000,2.73679262934
465776,846369,1063823,380593,217454,1,540000,2.75022303568
465788,846375,1065175,380587,218800,1,540000,2.73942870201
466096,466311,469649,215,3338,2,3600,1.06440982624
466245,846380,846381,380135,1,1,540000,38013.6
466374,846391,846392,380017,1,1,540000,38001.8
466438,846396,846397,379958,1,1,540000,37995.9
466533,846402,846403,379869,1,1,540000,37987.0
466575,846407,846408,379832,1,1,540000,37983.3
466628,846413,846414,379785,1,1,540000,37978.6
466699,846418,846419,379719,1,1,540000,37972.0
466747,846424,846425,379677,1,1,540000,37967.8
466788,846429,846430,379641,1,1,540000,37964.2
467762,467768,474068,6,6300,2,36000,1.00095238095
467770,467776,468134,6,358,1,600,1.01675977654
467777,467783,473074,6,5291,2,36000,1.00113400113
467798,467804,472448,6,4644,2,36000,1.00129198966
467813,467819,473140,6,5321,2,36000,1.00112760759
467831,467837,472836,6,4999,2,36000,1.00120024005
467904,467910,473104,6,5194,2,36000,1.00115517905
467998,468004,471633,6,3629,2,36000,1.00165334803
468013,468019,473542,6,5523,2,36000,1.00108636611
468095,468101,473462,6,5361,2,36000,1.00111919418
468110,468116,473775,6,5659,2,36000,1.001060258
468370,468376,472508,6,4132,2,36000,1.00145208132
468445,468451,474861,6,6410,2,36000,1.00093603744
468530,468536,473735,6,5199,2,36000,1.00115406809
468545,468551,474085,6,5534,2,36000,1.00108420672
468629,468636,474403,7,5767,2,36000,1.00121380267
468772,468778,473763,6,4985,2,36000,1.00120361083
469096,469102,474560,6,5458,2,36000,1.00109930377
469110,469117,474063,7,4946,2,36000,1.00141528508
469202,469209,469552,7,343,1,72000,1.02040816327
469329,469335,474901,6,5566,2,36000,1.00107797341
469459,469465,475667,6,6202,2,36000,1.00096742986
469506,469512,475083,6,5571,2,36000,1.00107700592
469507,469518,474794,11,5276,2,36000,1.00208491281
469522,469528,475109,6,5581,2,36000,1.00107507615
469538,469544,474243,6,4699,2,36000,1.00127686742
469547,469553,642401,6,172848,2,172800,1.00003471258
469552,469559,475085,7,5526,2,36000,1.00126673905
469565,469571,472107,6,2536,1,72000,1.0023659306
469652,469658,474936,6,5278,2,36000,1.00113679424
469677,469683,473442,6,3759,2,36000,1.00159616919
469947,469953,475239,6,5286,2,36000,1.00113507378
470022,470029,642837,7,172808,2,172800,1.00004050738
470163,470169,475352,6,5183,2,36000,1.00115763072
470190,470196,476951,6,6755,2,36000,1.00088823094
470321,470327,475740,6,5413,2,36000,1.00110844264
470355,470361,475511,6,5150,2,36000,1.00116504854
470400,470406,477221,6,6815,2,36000,1.00088041086
470431,470437,476544,6,6107,2,36000,1.00098247912
470448,470454,473211,6,2757,2,3600,1.00217627856
470485,470491,475731,6,5240,2,36000,1.00114503817
470542,470548,643360,6,172812,2,172800,1.00003471981
470926,470933,475679,7,4746,2,36000,1.00147492625
471160,471166,476094,6,4928,2,36000,1.00121753247
471181,471187,477282,6,6095,2,36000,1.00098441345
471226,471232,476734,6,5502,2,36000,1.00109051254
471309,471315,476231,6,4916,2,36000,1.00122050448
471635,471641,477842,6,6201,2,36000,1.00096758587
472210,472216,472576,6,360,1,72000,1.01666666667
472451,472457,478687,6,6230,2,36000,1.00096308186
472509,472515,478187,6,5672,2,36000,1.00105782793
472590,472596,476160,6,3564,1,72000,1.00168350168
472837,472844,478076,7,5232,2,36000,1.00133792049
472901,472907,472943,6,36,1,600,1.16666666667
473074,473080,478261,6,5181,2,36000,1.00115807759
473104,473110,478723,6,5613,2,36000,1.00106894709
473140,473146,478785,6,5639,2,36000,1.00106401844
473401,473407,473430,6,23,1,600,1.26086956522
473443,473449,479187,6,5738,2,36000,1.00104566051
473459,473465,478242,6,4777,2,36000,1.00125601842
473544,473550,478631,6,5081,2,36000,1.00118086991
473735,473741,478974,6,5233,2,36000,1.00114656985
473760,473766,516986,6,43220,2,43200,1.00013882462
473762,473772,478621,10,4849,2,36000,1.00206228088
473778,473784,480089,6,6305,2,36000,1.00095162569
474066,474072,479158,6,5086,2,36000,1.00117970901
474085,474091,479415,6,5324,2,36000,1.0011269722
474086,474097,480074,11,5977,2,36000,1.00184038815
474245,474251,479721,6,5470,2,36000,1.00109689214
474405,474411,480265,6,5854,2,36000,1.00102494021
474539,474545,474555,6,10,1,180,1.6
474562,474568,480083,6,5515,2,36000,1.00108794198
474658,526995,570030,52337,43035,10,57600,2.21614964564
474662,474668,474693,6,25,1,180,1.24
474797,474803,480908,6,6105,2,36000,1.00098280098
474864,474869,480195,5,5326,2,36000,1.00093879084
474905,474911,480431,6,5520,2,36000,1.00108695652
474938,474945,479908,7,4963,2,36000,1.00141043724
474980,474986,475004,6,18,1,180,1.33333333333
475084,475090,480438,6,5348,2,36000,1.00112191473
475085,475096,480407,11,5311,2,36000,1.00207117304
475109,475116,480327,7,5211,2,36000,1.00134331222
475240,475246,480743,6,5497,2,36000,1.00109150446
475352,475358,480526,6,5168,2,36000,1.00116099071
475512,475519,480417,7,4898,2,36000,1.00142915476
475655,475661,475666,6,5,1,180,1.1
475668,475674,482219,6,6545,2,36000,1.00091673033
475684,475690,481799,6,6109,2,36000,1.00098215747
475730,475736,480756,6,5020,2,36000,1.00119521912
475745,475751,480432,6,4681,2,36000,1.0012817774
475855,475861,475866,6,5,1,180,1.1
476095,476101,481045,6,4944,2,36000,1.00121359223
476231,476237,548267,6,72030,1,72000,1.00008329863
476234,476243,481175,9,4932,2,36000,1.00182481752
476549,476555,481634,6,5079,2,36000,1.00118133491
476704,476710,476727,6,17,1,180,1.35294117647
476739,476745,482371,6,5626,2,36000,1.00106647707
476954,476960,482245,6,5285,2,36000,1.00113528855
477225,477231,482935,6,5704,2,36000,1.00105189341
477284,477290,482607,6,5317,2,36000,1.0011284559
477669,477675,477679,6,4,1,180,1.0
477725,477731,477736,6,5,1,180,1.1
477848,477854,483809,6,5955,2,36000,1.00100755668
478081,478087,483351,6,5264,2,36000,1.00113981763
478190,478196,483567,6,5371,2,36000,1.00111711041
478242,478249,482294,7,4045,2,36000,1.00173053152
478262,478268,484372,6,6104,2,36000,1.00098296199
478536,478542,478745,6,203,1,180,1.02955665025
478619,478625,483800,6,5175,2,36000,1.00115942029
478634,478640,483780,6,5140,2,36000,1.00116731518
478689,478695,484198,6,5503,2,36000,1.00109031437
478724,478730,484103,6,5373,2,36000,1.00111669458
478789,478795,483466,6,4671,2,36000,1.00128452152
478886,478892,478907,6,15,1,180,1.4
478980,478985,484953,5,5968,2,36000,1.00083780161
479110,479116,479125,6,9,1,180,1.5
479162,479168,484203,6,5035,2,36000,1.00119165839
479187,479194,484514,7,5320,2,36000,1.00131578947
479296,479302,479432,6,130,1,180,1.04615384615
479419,479426,484266,7,4840,2,36000,1.00144628099
479724,479730,485129,6,5399,2,36000,1.00111131691
479792,479798,479803,6,5,1,180,1.1
479800,479806,480002,6,196,2,3600,1.0306122449
479911,479917,485647,6,5730,2,36000,1.00104712042
480001,480007,481438,6,1431,2,3600,1.00419287212
480077,480084,485401,7,5317,2,36000,1.00131653188
480092,480099,484064,7,3965,2,36000,1.00176544767
480094,480105,484897,11,4792,2,36000,1.00229549249
480100,480111,481873,11,1762,2,28800,1.00624290579
480198,480204,485352,6,5148,2,36000,1.00116550117
480266,480272,484849,6,4577,2,36000,1.00131090234
480333,480339,486236,6,5897,2,36000,1.00101746651
480409,480415,486271,6,5856,2,36000,1.00102459016
480424,480430,486112,6,5682,2,36000,1.00105596621
480440,480446,485387,6,4941,2,36000,1.00121432908
480441,480452,485828,11,5376,2,36000,1.00204613095
480443,480457,486100,14,5643,2,36000,1.00248094985
480527,480533,485700,6,5167,2,36000,1.00116121541
480633,480920,481027,287,107,4,72000,3.68224299065
480745,480751,486266,6,5515,2,36000,1.00108794198
480760,480766,485958,6,5192,2,36000,1.00115562404
480909,480914,486618,5,5704,2,36000,1.00087657784
481050,481056,486623,6,5567,2,36000,1.00107777977
481176,481182,486395,6,5213,2,36000,1.00115096873
481636,481643,486808,7,5165,2,36000,1.0013552759
481800,481807,487500,7,5693,2,36000,1.00122958019
482000,482013,482020,13,7,1,900,2.0
482009,482031,482105,22,74,14,3960,1.2972972973
482103,482116,482120,13,4,1,900,1.7
482111,482131,482285,20,154,14,3960,1.12987012987
482221,482228,487571,7,5343,2,36000,1.0013101254
482246,482252,488060,6,5808,2,36000,1.00103305785
482283,482296,482313,13,17,1,900,1.76470588235
482292,482324,482480,32,156,14,3960,1.20512820513
482297,482304,488068,7,5764,2,36000,1.00121443442
482371,482377,488018,6,5641,2,36000,1.0010636412
482478,482484,482491,6,7,1,900,1.3
482486,482492,482744,6,252,14,3960,1.02380952381
482610,482616,488656,6,6040,2,36000,1.00099337748
482741,482747,482756,6,9,1,900,1.5
482750,482756,483015,6,259,14,3960,1.02316602317
482935,482942,488959,7,6017,2,36000,1.00116337045
482974,482980,482982,6,2,2,3540,1.0
483013,483019,483025,6,6,1,900,1.2
483021,483027,483283,6,256,14,3960,1.0234375
483275,483282,483289,7,7,1,21600,1.4
483281,483288,483296,7,8,1,900,1.5
483289,483295,483553,6,258,14,3960,1.02325581395
483352,483358,488471,6,5113,2,36000,1.00117347937
483407,483413,484331,6,918,1,21600,1.00653594771
483468,483474,489182,6,5708,2,36000,1.00105115627
483548,483554,483582,6,28,1,900,1.21428571429
483561,483567,483874,6,307,14,3960,1.01954397394
483571,483577,488204,6,4627,2,36000,1.00129673655
483591,483597,483609,6,12,1,21600,1.5
483781,483787,488326,6,4539,2,36000,1.00132187707
483802,483808,489868,6,6060,2,36000,1.00099009901
483817,483824,489763,7,5939,2,36000,1.0011786496
483873,483879,483889,6,10,1,900,1.6
483881,483891,484150,10,259,14,3960,1.03861003861
484064,484070,488185,6,4115,2,36000,1.00145808019
484104,484110,489424,6,5314,2,36000,1.00112909296
484148,484154,484162,6,8,1,900,1.4
484155,484161,484420,6,259,14,3960,1.02316602317
484201,484207,489447,6,5240,2,36000,1.00114503817
484216,484222,489616,6,5394,2,36000,1.00111234705
484267,484274,489839,7,5565,2,36000,1.00125786164
484373,484382,490147,9,5765,2,36000,1.00156114484
484380,484388,484392,8,4,1,21600,1.2
484397,484403,489265,6,4862,2,28800,1.00123406006
484415,484421,484427,6,6,1,900,1.2
484423,484431,484685,8,254,14,3960,1.03149606299
484497,484503,484507,6,4,1,21600,1.0
484504,484510,484514,6,4,1,21600,1.0
484515,484521,489453,6,4932,2,36000,1.00121654501
484591,484597,484601,6,4,1,21600,1.0
484652,484658,484683,6,25,1,21600,1.24
484682,484688,484697,6,9,1,900,1.5
484698,484704,484907,6,203,14,3960,1.02955665025
484851,484857,489892,6,5035,2,36000,1.00119165839
484862,526989,577703,42127,50714,14,57600,1.83067791931
484899,484905,490085,6,5180,2,36000,1.00115830116
484901,484911,484967,10,56,1,900,1.17857142857
484956,484962,485230,6,268,14,3960,1.0223880597
484956,484967,489850,11,4883,2,36000,1.0022527135
485130,485136,490338,6,5202,2,36000,1.00115340254
485227,485233,485240,6,7,1,900,1.3
485237,485243,485505,6,262,14,3960,1.02290076336
485305,485311,504792,6,19481,2,43200,1.0003079924
485354,485360,490738,6,5378,2,36000,1.00111565638
485388,485394,490347,6,4953,2,36000,1.00121138704
485403,485409,490657,6,5248,2,36000,1.00114329268
485464,485470,486260,6,790,2,43200,1.00759493671
485503,485509,485517,6,8,1,900,1.4
485510,485516,485767,6,251,14,3960,1.02390438247
485648,485655,491741,7,6086,2,36000,1.00115018074
485701,485707,491254,6,5547,2,36000,1.00108166577
485763,485769,485855,6,86,1,900,1.06976744186
485776,485782,486057,6,275,14,3960,1.02181818182
485842,485849,491491,7,5642,2,36000,1.00124069479
485958,486272,491098,314,4826,2,28800,1.06506423539
485962,485968,492012,6,6044,2,36000,1.00099272005
486056,486062,486069,6,7,1,900,1.3
486070,486076,486291,6,215,14,3960,1.02790697674
486102,486108,491178,6,5070,2,36000,1.00118343195
486117,486123,491429,6,5306,2,36000,1.00113079533
486238,486244,492203,6,5959,2,36000,1.00100688035
486265,486277,491990,12,5713,2,36000,1.00210047261
486280,486289,491564,9,5275,2,36000,1.00170616114
486289,486296,486304,7,8,1,900,1.5
486303,486309,486565,6,256,14,3960,1.0234375
486395,486401,491989,6,5588,2,36000,1.00107372942
486559,486634,488291,75,1657,2,28800,1.04526252263
486564,486570,486578,6,8,1,900,1.4
486577,486583,486847,6,264,14,3960,1.02272727273
486619,486625,491088,6,4463,2,36000,1.00134438718
486634,486640,492257,6,5617,2,36000,1.00106818586
486809,486815,492188,6,5373,2,36000,1.00111669458
486842,486849,486860,7,11,1,900,1.63636363636
486862,486869,487120,7,251,14,3960,1.02788844622
487114,487120,487127,6,7,1,900,1.3
487127,487133,487293,6,160,14,3960,1.0375
487291,487298,487306,7,8,1,900,1.5
487309,487315,487467,6,152,14,3960,1.03947368421
487464,487471,487481,7,10,1,900,1.7
487475,487481,487642,6,161,14,3960,1.03726708075
487504,487510,492723,6,5213,2,36000,1.00115096873
487574,487580,493408,6,5828,2,36000,1.0010295127
487597,488217,596246,620,108029,2,108000,1.00573919966
487641,487647,487653,6,6,1,900,1.2
487649,487654,487811,5,157,14,3960,1.03184713376
487806,487813,487838,7,25,1,900,1.28
487816,487822,487987,6,165,14,3960,1.03636363636
487956,487962,488355,6,393,1,72000,1.01526717557
487984,487990,488004,6,14,1,900,1.42857142857
487992,487998,488164,6,166,14,3960,1.03614457831
488020,488026,493401,6,5375,2,36000,1.00111627907
488051,488302,596322,251,108020,2,108000,1.00232364377
488066,488072,493691,6,5619,2,36000,1.00106780566
488084,488090,493524,6,5434,2,36000,1.001104159
488162,488168,488180,6,12,1,900,1.5
488169,488175,488328,6,153,14,3960,1.03921568627
488186,488193,492998,7,4805,2,36000,1.00145681582
488204,488211,493850,7,5639,2,36000,1.00124135485
488325,488332,488343,7,11,1,900,1.63636363636
488328,488338,493874,10,5536,2,36000,1.00180635838
488334,488344,488553,10,209,14,3960,1.04784688995
488413,488420,560458,7,72038,1,72000,1.00009717094
488474,488480,493905,6,5425,2,36000,1.00110599078
488493,488499,488530,6,31,1,600,1.1935483871
488551,488557,488567,6,10,1,900,1.6
488555,488563,488566,8,3,1,21600,1.1
488559,488569,488774,10,205,14,3960,1.0487804878
488563,488574,488594,11,20,1,600,1.55
488658,488664,494778,6,6114,2,36000,1.00098135427
488771,488777,488810,6,33,1,900,1.18181818182
488779,488785,488953,6,168,14,3960,1.03571428571
488819,488825,495161,6,6336,1,21600,1.0009469697
488950,488957,488965,7,8,1,900,1.5
488958,488964,489055,6,91,14,3960,1.06593406593
488960,488975,494733,15,5758,2,36000,1.00260507121
488960,488970,489448,10,478,2,14400,1.02092050209
489053,489059,489066,6,7,1,900,1.3
489060,489066,489219,6,153,14,3960,1.03921568627
489184,489190,493968,6,4778,2,36000,1.00125575555
489218,489224,489232,6,8,1,900,1.4
489225,489231,489385,6,154,14,3960,1.03896103896
489383,489389,489395,6,6,1,900,1.2
489390,489396,489511,6,115,14,3960,1.05217391304
489426,489432,494997,6,5565,2,36000,1.00107816712
489447,489453,494844,6,5391,2,36000,1.00111296605
489462,489468,495356,6,5888,2,36000,1.00101902174
489509,489515,489521,6,6,1,900,1.2
489516,489522,489671,6,149,14,3960,1.04026845638
489616,489623,495452,7,5829,2,36000,1.00120089209
489665,489671,489679,6,8,1,900,1.4
489673,489683,489828,10,145,14,3960,1.06896551724
489765,489771,495151,6,5380,2,36000,1.00111524164
489826,489832,489841,6,9,1,900,1.5
489835,489841,489996,6,155,14,3960,1.03870967742
489841,489847,495495,6,5648,2,36000,1.00106232295
489856,489862,495347,6,5485,2,36000,1.00109389243
489872,489878,495301,6,5423,2,36000,1.00110639867
489895,489901,495104,6,5203,2,36000,1.00115318086
489994,490000,490008,6,8,1,900,1.4
490001,490007,490178,6,171,14,3960,1.0350877193
490086,490092,495497,6,5405,2,36000,1.00111008326
490150,490156,495695,6,5539,2,36000,1.00108322802
490175,490181,490189,6,8,1,900,1.4
490183,490189,490356,6,167,14,3960,1.03592814371
490249,527000,574225,36751,47225,4,72000,1.77821069349
490286,490292,533507,6,43215,2,43200,1.00013884068
490343,490349,495814,6,5465,2,36000,1.0010978957
490354,490361,490368,7,7,1,900,1.4
490358,490367,494741,9,4374,2,36000,1.00205761317
490362,490373,490529,11,156,14,3960,1.07051282051
490468,490669,494960,201,4291,2,28800,1.04684222792
490527,490533,490539,6,6,1,900,1.2
490534,490540,490696,6,156,14,3960,1.03846153846
490575,490581,490668,6,87,1,180,1.06896551724
490657,490663,496359,6,5696,2,36000,1.00105337079
490694,490700,490715,6,15,1,900,1.4
490703,490709,490879,6,170,14,3960,1.03529411765
490740,490746,495252,6,4506,2,36000,1.00133155792
490820,490826,490924,6,98,1,180,1.0612244898
490876,491109,492760,233,1651,2,28800,1.14112658995
490877,490884,490891,7,7,1,900,1.4
490885,490891,491052,6,161,14,3960,1.03726708075
491050,491056,491064,6,8,1,900,1.4
491060,491066,491207,6,141,14,3960,1.04255319149
491092,491098,496012,6,4914,2,36000,1.00122100122
491167,492771,502343,1604,9572,1,23400,1.16757208525
491179,491186,496614,7,5428,2,36000,1.00128960943
491205,491211,491219,6,8,1,900,1.4
491213,491219,491392,6,173,14,3960,1.03468208092
491255,491262,496331,7,5069,2,36000,1.00138094299
491390,491396,491404,6,8,1,900,1.4
491398,491404,491557,6,153,14,3960,1.03921568627
491430,491436,497035,6,5599,2,36000,1.00107161993
491494,491500,496715,6,5215,2,36000,1.00115052733
491555,491561,491573,6,12,1,900,1.5
491563,491569,491738,6,169,14,3960,1.03550295858
491566,491575,496504,9,4929,2,36000,1.00182592818
491736,491742,491751,6,9,1,900,1.5
491742,491748,496804,6,5056,2,36000,1.00118670886
491745,491754,491997,9,243,14,3960,1.03703703704
491992,491998,496973,6,4975,2,36000,1.00120603015
491993,492010,497657,17,5647,2,36000,1.00301044803
491994,492004,492032,10,28,1,900,1.35714285714
492002,492016,492287,14,271,14,3960,1.05166051661
492018,492024,497740,6,5716,2,36000,1.00104968509
492189,492195,497174,6,4979,2,36000,1.00120506126
492207,492213,497336,6,5123,2,36000,1.00117118876
492259,492266,497896,7,5630,2,36000,1.00124333925
492285,492291,492298,6,7,1,900,1.3
492293,492299,492584,6,285,14,3960,1.02105263158
492583,492590,492598,7,8,1,900,1.5
492602,492608,492695,6,87,14,3960,1.06896551724
492694,492700,492701,6,1,1,900,1.0
492726,492733,497764,7,5031,2,36000,1.00139137348
493000,493006,498513,6,5507,2,36000,1.00108952243
493402,493408,498927,6,5519,2,36000,1.00108715347
493403,493414,493415,11,1,1,72000,1.2
493417,493423,499155,6,5732,2,36000,1.00104675506
493454,493460,565476,6,72016,1,72000,1.00008331482
493525,493532,499022,7,5490,2,36000,1.00127504554
493596,509743,539192,16147,29449,1,30600,1.54830384733
493692,493698,499622,6,5924,2,36000,1.00101282917
493849,493855,499868,6,6013,2,36000,1.00099783802
493887,493893,499339,6,5446,2,14400,1.00110172604
493888,493899,499173,11,5274,2,14400,1.00208570345
493890,493904,499378,14,5474,2,14400,1.00255754476
493891,493910,499189,19,5279,2,14400,1.00359916651
493892,493915,499046,23,5131,2,14400,1.00448255701
493893,493920,499496,27,5576,2,14400,1.00484218077
493895,493926,499457,31,5531,2,14400,1.0056047731
493896,493931,500228,35,6297,2,14400,1.00555820232
493897,493936,498839,39,4903,2,14400,1.00795431369
493899,493942,499182,43,5240,2,14400,1.00820610687
493900,493947,499827,47,5880,2,14400,1.00799319728
493901,493952,498998,51,5046,2,14400,1.01010701546
493903,493957,499649,54,5692,2,14400,1.0094869993
493904,493962,499797,58,5835,2,14400,1.00994001714
493905,493968,499141,63,5173,2,14400,1.01217861976
493906,493973,499783,67,5810,2,14400,1.01153184165
493908,493978,499686,70,5708,2,14400,1.01226348984
493909,493984,499214,75,5230,2,14400,1.01434034417
493910,494744,500198,834,5454,2,14400,1.15291529153
493912,494752,500108,840,5356,2,14400,1.1568334578
493913,494789,500531,876,5742,2,14400,1.15256008359
493928,494855,500117,927,5262,2,14400,1.17616875713
493972,494972,500191,1000,5219,2,14400,1.19160758766
494734,495009,500210,275,5201,2,14400,1.05287444722
494749,495115,499459,366,4344,2,14400,1.08425414365
494780,495162,500496,382,5334,2,14400,1.07161604799
494844,495173,500391,329,5218,2,14400,1.06305097739
494998,495263,500517,265,5254,2,14400,1.05043776171
495104,495313,502235,209,6922,2,14400,1.03019358567
495155,495358,500736,203,5378,2,14400,1.03774637412
495253,495367,500415,114,5048,2,14400,1.02258320127
495305,495463,500752,158,5289,2,14400,1.02987332199
495348,495506,501310,158,5804,2,14400,1.0272226051
495363,495512,500850,149,5338,2,14400,1.02791307606
495454,495706,501340,252,5634,2,14400,1.0447284345
495497,495825,501498,328,5673,2,14400,1.05781773312
495498,496023,500774,525,4751,2,14400,1.11050305199
495695,496343,501947,648,5604,2,14400,1.11563169165
495816,496370,501537,554,5167,2,14400,1.1072188891
496013,496515,501875,502,5360,2,14400,1.09365671642
496334,496626,502045,292,5419,2,14400,1.05388448053
496362,496727,502081,365,5354,2,14400,1.06817332835
496507,496815,501588,308,4773,2,14400,1.06452964592
496617,496984,501680,367,4696,2,14400,1.0781516184
496717,497046,502255,329,5209,2,14400,1.06315991553
496805,497185,502063,380,4878,2,14400,1.07790077901
496976,497348,503377,372,6029,2,14400,1.06170177476
497040,497668,503268,628,5600,2,14400,1.11214285714
497181,497752,503325,571,5573,2,14400,1.102458281
497340,497775,504319,435,6544,2,14400,1.06647310513
497643,526979,564103,29336,37124,18,259200,1.79021657149
497657,497908,503741,251,5833,2,14400,1.04303103034
497743,498524,504296,781,5772,2,14400,1.13530838531
497764,498850,503926,1086,5076,2,14400,1.21394799054
497898,498938,504845,1040,5907,2,14400,1.17606229897
498513,499013,504913,500,5900,2,14400,1.08474576271
498575,499508,499604,933,96,14,7980,10.71875
498839,499033,504776,194,5743,2,14400,1.03378025422
498878,527005,566514,28127,39509,6,93600,1.71191374117
498928,499153,504974,225,5821,2,14400,1.03865315238
499009,499166,504366,157,5200,2,14400,1.03019230769
499025,499193,504905,168,5712,2,14400,1.02941176471
499049,499225,504536,176,5311,2,14400,1.03313876859
499144,499470,505854,326,6384,2,14400,1.05106516291
499160,499634,504593,474,4959,2,14400,1.09558378705
499176,499660,504816,484,5156,2,14400,1.093871218
499195,499698,504775,503,5077,2,14400,1.09907425645
499197,499795,505465,598,5670,2,14400,1.10546737213
499216,499808,505368,592,5560,2,14400,1.10647482014
499339,499838,505341,499,5503,2,14400,1.0906778121
499380,499879,505227,499,5348,2,14400,1.09330590875
499459,500119,505950,660,5831,2,14400,1.1131881324
499460,500128,505151,668,5023,2,14400,1.13298825403
499498,500202,505813,704,5611,2,14400,1.12546783105
499602,499762,499787,160,25,1,900,7.4
499609,499615,499751,6,136,14,7980,1.04411764706
499623,500214,506090,591,5876,2,14400,1.10057862491
499652,500222,506045,570,5823,2,14400,1.09788768676
499690,500429,505893,739,5464,2,14400,1.1352489019
499748,499767,499791,19,24,1,900,1.79166666667
499759,499802,499895,43,93,14,7980,1.4623655914
499785,500507,505795,722,5288,2,14400,1.13653555219
499801,500529,505742,728,5213,2,14400,1.13965087282
499829,500543,506160,714,5617,2,14400,1.12711411786
499870,500747,505940,877,5193,2,14400,1.16888118621
499893,500239,500256,346,17,1,900,21.3529411765
499900,499906,500045,6,139,14,7980,1.04316546763
500042,500244,500260,202,16,1,900,13.625
500049,500056,500192,7,136,14,7980,1.05147058824
500116,500764,506172,648,5408,2,14400,1.11982248521
500131,500786,505546,655,4760,2,14400,1.13760504202
500190,500267,500271,77,4,1,900,8.1
500192,500861,506410,669,5549,2,14400,1.12056226347
500196,500208,500301,12,93,14,7980,1.12903225806
500207,501321,507119,1114,5798,2,14400,1.19213521904
500223,501352,506428,1129,5076,2,14400,1.22241922774
500239,501509,507836,1270,6327,2,14400,1.20072704283
500299,500305,500338,6,33,1,900,1.18181818182
500306,500312,500412,6,100,14,7980,1.06
500393,501552,507514,1159,5962,2,14400,1.19439785307
500410,500417,500422,7,5,1,900,1.2
500417,500423,500513,6,90,14,7980,1.06666666667
500417,501599,506821,1182,5222,2,14400,1.22635005745
500497,501691,507073,1194,5382,2,14400,1.22185061315
500511,500517,500529,6,12,1,900,1.5
500524,501886,506834,1362,4948,2,14400,1.27526273242
500525,500535,500660,10,125,14,7980,1.08
500539,501958,507518,1419,5560,2,14400,1.25521582734
500658,500664,500669,6,5,1,900,1.1
500665,500671,500819,6,148,14,7980,1.04054054054
500738,502056,507455,1318,5399,2,14400,1.24411928135
500753,502074,507091,1321,5017,2,14400,1.2633047638
500775,502092,507620,1317,5528,2,14400,1.23824167873
500815,500821,500875,6,54,1,900,1.11111111111
500831,500837,500958,6,121,14,7980,1.04958677686
500854,502246,506958,1392,4712,2,14400,1.29541595925
500955,500961,500997,6,36,1,900,1.16666666667
500963,500969,501071,6,102,14,7980,1.05882352941
501069,501075,501081,6,6,1,900,1.2
501075,501082,501212,7,130,14,7980,1.05384615385
501210,501216,501225,6,9,1,900,1.5
501219,501225,501379,6,154,14,7980,1.03896103896
501315,502266,506684,951,4418,2,14400,1.21525577184
501341,502354,507755,1013,5401,2,14400,1.18755785966
501375,501381,501408,6,27,1,900,1.22222222222
501384,501390,501535,6,145,14,7980,1.04137931034
501500,503282,508786,1782,5504,2,14400,1.32376453488
501533,501539,501544,6,5,1,900,1.1
501539,503336,509089,1797,5753,2,14400,1.31235876934
501539,501546,501734,7,188,14,7980,1.03723404255
501588,503388,509081,1800,5693,2,14400,1.31617776216
501683,503757,508656,2074,4899,2,14400,1.42335170443
501732,501738,501746,6,8,1,900,1.4
501739,501745,501915,6,170,14,7980,1.03529411765
501878,503937,509460,2059,5523,2,14400,1.37280463516
501913,501919,501935,6,16,1,900,1.375
501920,501926,502103,6,177,14,7980,1.03389830508
501948,504307,509745,2359,5438,2,14400,1.43379919088
502045,504330,509945,2285,5615,2,14400,1.40694568121
502066,504378,508531,2312,4153,2,14400,1.55670599567
502081,504547,509310,2466,4763,2,14400,1.51774091959
502101,502107,502114,6,7,1,900,1.3
502108,502115,502336,7,221,14,7980,1.03167420814
502234,504605,509850,2371,5245,2,14400,1.45204957102
502256,504786,510182,2530,5396,2,14400,1.46886582654
502334,502340,502346,6,6,1,900,1.2
502340,502347,502525,7,178,14,7980,1.0393258427
502522,502529,502535,7,6,1,900,1.3
502529,502536,502761,7,225,14,7980,1.03111111111
502758,502764,502773,6,9,1,900,1.5
502766,502772,502994,6,222,14,7980,1.02702702703
502992,502998,503006,6,8,1,900,1.4
502999,503006,503265,7,259,14,7980,1.02702702703
503263,503269,503276,6,7,1,900,1.3
503267,504792,510527,1525,5735,2,14400,1.26591107236
503269,503276,503508,7,232,14,7980,1.03017241379
503325,504803,510434,1478,5631,2,14400,1.2624755816
503377,504827,510648,1450,5821,2,14400,1.24909809311
503505,503511,503527,6,16,1,900,1.375
503515,503521,503737,6,216,14,7980,1.02777777778
503735,503741,503747,6,6,1,900,1.2
503741,503752,503979,11,227,14,7980,1.04845814978
503742,504856,509757,1114,4901,2,14400,1.22730055091
503929,504916,510161,987,5245,2,14400,1.1881792183
503977,503983,503992,6,9,1,900,1.5
503984,526984,527240,23000,256,14,7980,90.84375
504295,504925,510594,630,5669,2,14400,1.11113071088
504320,504986,510543,666,5557,2,14400,1.1198488393
504370,505162,510543,792,5381,2,14400,1.14718453819
504537,505238,510516,701,5278,2,14400,1.1328154604
504595,505352,511400,757,6048,2,14400,1.12516534392
504775,505379,510837,604,5458,2,14400,1.11066324661
504776,505476,511010,700,5534,2,14400,1.12649078424
504818,505558,510979,740,5421,2,14400,1.13650617967
504846,505753,510580,907,4827,2,14400,1.18790138803
504906,505806,511662,900,5856,2,14400,1.15368852459
504921,505824,511664,903,5840,2,14400,1.15462328767
504973,505865,511816,892,5951,2,14400,1.14989077466
505154,505904,511581,750,5677,2,14400,1.132112031
505229,505951,512015,722,6064,2,14400,1.11906332454
505341,505961,509310,620,3349,2,14400,1.18512988952
505370,506056,510901,686,4845,2,14400,1.14158926729
505467,506101,513973,634,7872,2,14400,1.08053861789
505549,506172,511279,623,5107,2,14400,1.12198942628
505600,505607,505608,7,1,2,3540,1.0
505746,506183,510786,437,4603,2,14400,1.09493808386
505798,506421,511032,623,4611,2,14400,1.13511168944
505813,506439,512756,626,6317,2,14400,1.09909767295
505855,506695,511880,840,5185,2,14400,1.16200578592
505898,506832,512378,934,5546,2,14400,1.16840966462
505940,506845,512168,905,5323,2,14400,1.17001690776
505957,506969,512042,1012,5073,2,14400,1.19948748275
506045,507084,511027,1039,3943,2,14400,1.26350494547
506091,507102,513350,1011,6248,2,14400,1.16181177977
506162,507130,513187,968,6057,2,14400,1.15981508998
506177,507466,513021,1289,5555,2,14400,1.23204320432
506410,507525,511693,1115,4168,2,14400,1.26751439539
506431,507531,513261,1100,5730,2,14400,1.19197207679
506486,518208,526968,11722,8760,64,21600,2.33812785388
506613,524864,532908,18251,8044,64,21600,3.26889607161
506686,507631,513026,945,5395,2,14400,1.17516218721
506822,507766,513257,944,5491,2,14400,1.17191768348
506837,507847,513498,1010,5651,2,14400,1.17872942842
506958,508542,513331,1584,4789,2,14400,1.33075798705
507075,508667,514027,1592,5360,2,14400,1.29701492537
507093,508797,514150,1704,5353,2,14400,1.31832617224
507119,509092,514458,1973,5366,2,14400,1.36768542676
507450,509100,514930,1650,5830,2,14400,1.28301886792
507517,509321,515225,1804,5904,2,14400,1.30555555556
507532,509326,514792,1794,5466,2,14400,1.32821075741
507620,509471,514450,1851,4979,2,14400,1.37176139787
507756,509738,515471,1982,5733,2,14400,1.34571777429
507839,509756,514901,1917,5145,2,14400,1.37259475219
508532,509768,515349,1236,5581,2,14400,1.22146568715
508657,509861,514972,1204,5111,2,14400,1.23557033849
508788,509956,515497,1168,5541,2,14400,1.21079227576
509082,510172,514571,1090,4399,2,14400,1.24778358718
509097,510193,517942,1096,7749,2,14400,1.14143760485
509313,510528,515296,1215,4768,2,14400,1.2548238255
509314,510538,515924,1224,5386,2,14400,1.2272558485
509460,510554,516020,1094,5466,2,14400,1.20014635931
509747,510591,516622,844,6031,2,14400,1.13994362461
509763,510605,516510,842,5905,2,14400,1.14259102456
509853,510659,516168,806,5509,2,14400,1.14630604465
509947,510798,516302,851,5504,2,14400,1.15461482558
510163,510849,515931,686,5082,2,14400,1.1349862259
510184,510991,516302,807,5311,2,14400,1.15194878554
510434,511021,516661,587,5640,2,14400,1.10407801418
510519,511038,517192,519,6154,2,14400,1.08433539162
510534,511290,515957,756,4667,2,14400,1.1619884294
510549,511412,517088,863,5676,2,14400,1.15204369274
510551,511592,517052,1041,5460,2,14400,1.19065934066
510582,511673,516851,1091,5178,2,14400,1.21069911163
510597,511705,517264,1108,5559,2,14400,1.19931642382
510646,511828,517026,1182,5198,2,14400,1.22739515198
510789,511891,517727,1102,5836,2,14400,1.18882796436
510840,512026,517896,1186,5870,2,14400,1.20204429302
510903,512053,517674,1150,5621,2,14400,1.20458993062
510981,512179,516859,1198,4680,2,14400,1.25598290598
511012,512389,517999,1377,5610,2,14400,1.24545454545
511027,513032,518061,2005,5029,2,14400,1.39868761185
511042,513038,518799,1996,5761,2,14400,1.34646762715
511281,513268,518735,1987,5467,2,14400,1.36345344796
511402,513274,519207,1872,5933,2,14400,1.31552334401
511583,513342,518685,1759,5343,2,14400,1.32921579637
511664,513362,517026,1698,3664,2,14400,1.4634279476
511665,514039,518963,2374,4924,2,14400,1.48212835093
511699,514161,518598,2462,4437,2,14400,1.55487942303
511817,514462,520061,2645,5599,2,14400,1.47240578675
511884,514470,519662,2586,5192,2,14400,1.49807395994
512017,514582,519865,2565,5283,2,14400,1.48551959114
512044,514804,519669,2760,4865,2,14400,1.56731757451
512169,514912,520105,2743,5193,2,14400,1.52821105334
512380,514941,520090,2561,5149,2,14400,1.49737813168
512762,514983,520307,2221,5324,2,14400,1.4171675432
513025,515237,520712,2212,5475,2,14400,1.40401826484
513040,515307,520924,2267,5617,2,14400,1.40359622574
513188,515361,521421,2173,6060,2,14400,1.35858085809
513258,515483,520646,2225,5163,2,14400,1.43095099748
513273,515509,521149,2236,5640,2,14400,1.39645390071
513333,515935,521207,2602,5272,2,14400,1.4935508346
513352,515942,521684,2590,5742,2,14400,1.45106234761
513503,515969,521128,2466,5159,2,14400,1.47799961233
513975,516031,521453,2056,5422,2,14400,1.37919586868
514029,516179,521792,2150,5613,2,14400,1.38303937288
514152,516313,522080,2161,5767,2,14400,1.37471822438
514453,516318,521719,1865,5401,2,14400,1.34530642474
514468,516522,521729,2054,5207,2,14400,1.39446898406
514574,516634,521740,2060,5106,2,14400,1.40344692519
514795,516673,521653,1878,4980,2,14400,1.37710843373
514902,516709,522050,1807,5341,2,14400,1.33832615615
514933,516714,521872,1781,5158,2,14400,1.34528887166
514972,516720,522636,1748,5916,2,14400,1.2954699121
515226,516862,521947,1636,5085,2,14400,1.32173058014
515298,516870,522179,1572,5309,2,14400,1.29610096063
515350,516997,521927,1647,4930,2,14400,1.33407707911
517707,517713,523251,6,5538,2,14400,1.00108342362
517730,517736,523174,6,5438,2,14400,1.00110334682
517897,517903,522388,6,4485,2,14400,1.00133779264
517943,517949,523730,6,5781,2,14400,1.00103788272
518000,518006,523408,6,5402,2,14400,1.00111069974
518060,518067,523960,7,5893,2,14400,1.00118784999
518600,518606,524168,6,5562,2,14400,1.00107874865
518685,518691,523854,6,5163,2,14400,1.00116211505
518737,518743,523333,6,4590,2,14400,1.00130718954
518802,518808,523596,6,4788,2,14400,1.00125313283
518965,518971,524263,6,5292,2,14400,1.00113378685
519208,519214,525007,6,5793,2,14400,1.00103573278
519663,519669,525387,6,5718,2,14400,1.00104931794
519678,519684,524425,6,4741,2,14400,1.00126555579
519868,519874,525789,6,5915,2,14400,1.00101437025
520062,520068,525469,6,5401,2,14400,1.00111090539
520090,520096,525586,6,5490,2,14400,1.00109289617
520105,520111,524159,6,4048,2,14400,1.00148221344
520310,520316,525363,6,5047,2,14400,1.00118882504
520647,520653,525764,6,5111,2,14400,1.00117393856
520714,520720,527708,6,6988,2,14400,1.00085861477
520926,520932,526483,6,5551,2,14400,1.00108088633
521129,521135,526812,6,5677,2,14400,1.00105689625
521152,521158,526432,6,5274,2,14400,1.00113765643
521211,521217,527005,6,5788,2,14400,1.00103662751
521344,521940,522016,596,76,1,60,8.84210526316
521424,521430,527307,6,5877,2,14400,1.00102092905
521456,521462,527363,6,5901,2,14400,1.00101677682
521652,521659,528282,7,6623,2,14400,1.00105692284
521688,521694,527355,6,5661,2,14400,1.00105988341
521726,521732,527080,6,5348,2,14400,1.00112191473
521727,521738,527235,11,5497,2,14400,1.0020010915
521747,521753,527437,6,5684,2,14400,1.00105559465
521792,521798,527281,6,5483,2,14400,1.00109429145
521877,521883,525596,6,3713,2,14400,1.00161594398
521928,521934,526800,6,4866,2,14400,1.00123304562
521950,521956,527824,6,5868,2,14400,1.00102249489
522050,522056,527591,6,5535,2,14400,1.00108401084
522080,522086,527660,6,5574,2,14400,1.00107642626
522183,522189,527867,6,5678,2,14400,1.00105671011
522389,522395,527485,6,5090,2,14400,1.00117878193
522637,522643,527707,6,5064,2,14400,1.00118483412
522816,525607,530001,2791,4394,4,7200,1.63518434228
523176,523182,528624,6,5442,2,14400,1.00110253583
523254,523260,528222,6,4962,2,14400,1.00120918984
523335,523341,528786,6,5445,2,14400,1.00110192837
523357,532925,543755,9568,10830,16,10800,1.88347183749
523411,523417,529693,6,6276,2,14400,1.00095602294
523487,527253,538097,3766,10844,14,10800,1.34728882331
523610,523616,528944,6,5328,2,14400,1.00112612613
523732,523739,529228,7,5489,2,14400,1.00127527783
523857,523863,529973,6,6110,2,14400,1.00098199673
523960,523966,529486,6,5520,2,14400,1.00108695652
524161,524167,529415,6,5248,2,14400,1.00114329268
524176,524182,530205,6,6023,2,14400,1.0009961813
524266,524273,529430,7,5157,2,14400,1.00135737832
524426,524432,529492,6,5060,2,14400,1.00118577075
525008,525014,530295,6,5281,2,14400,1.00113614846
525366,525372,531608,6,6236,2,14400,1.00096215523
525387,525394,531280,7,5886,2,14400,1.00118926266
525470,525476,531068,6,5592,2,14400,1.00107296137
525586,525592,530459,6,4867,2,14400,1.00123279227
525602,525612,531035,10,5423,2,14400,1.00184399779
525765,525771,531919,6,6148,2,14400,1.00097592713
525790,525796,530154,6,4358,2,14400,1.00137677834
526433,526439,531482,6,5043,2,14400,1.001189768
526483,526490,531955,7,5465,2,14400,1.00128087832
526803,526809,532522,6,5713,2,14400,1.0010502363
526818,526824,531669,6,4845,2,14400,1.00123839009
527008,527014,532816,6,5802,2,14400,1.00103412616
527081,527087,532664,6,5577,2,14400,1.00107584723
527235,527241,532685,6,5444,2,14400,1.00110213079
527239,527247,527253,8,6,1,900,1.4
527248,532920,533184,5672,264,14,7980,22.4848484848
527281,527287,531837,6,4550,2,14400,1.00131868132
527308,527315,533086,7,5771,2,14400,1.00121296136
527355,527361,532520,6,5159,2,14400,1.00116301609
527371,527377,533014,6,5637,2,14400,1.00106439596
527437,527443,533512,6,6069,2,14400,1.00098863075
527486,527492,533426,6,5934,2,14400,1.00101112235
527592,527598,532973,6,5375,2,14400,1.00111627907
527661,527667,533209,6,5542,2,14400,1.00108264165
527693,527699,527863,6,164,1,3600,1.03658536585
527707,527713,533239,6,5526,2,14400,1.00108577633
527722,527728,533797,6,6069,2,14400,1.00098863075
527825,527831,532422,6,4591,2,14400,1.00130690481
527867,527874,533326,7,5452,2,14400,1.0012839325
528044,528050,528382,6,332,1,3600,1.01807228916
528225,528231,533435,6,5204,2,14400,1.00115295926
528282,528289,532920,7,4631,2,14400,1.00151155258
528624,528630,533786,6,5156,2,14400,1.00116369279
528748,528754,529594,6,840,1,3600,1.00714285714
528787,528794,534797,7,6003,2,14400,1.00116608362
528945,528951,533999,6,5048,2,14400,1.00118858954
529231,529237,534746,6,5509,2,14400,1.00108912688
529416,529422,534339,6,4917,2,14400,1.00122025625
529431,529437,534917,6,5480,2,14400,1.00109489051
529488,529495,534434,7,4939,2,14400,1.00141729095
529504,529510,534841,6,5331,2,14400,1.0011254924
529694,529700,535079,6,5379,2,14400,1.00111544897
529974,529981,535369,7,5388,2,14400,1.00129918337
530167,530173,534793,6,4620,2,14400,1.0012987013
530208,530214,535600,6,5386,2,14400,1.00111399926
530297,530303,536085,6,5782,2,14400,1.00103770322
530462,530468,535696,6,5228,2,14400,1.00114766641
530811,530817,530927,6,110,1,3600,1.05454545455
531040,531046,536550,6,5504,2,14400,1.00109011628
531070,531077,536542,7,5465,2,14400,1.00128087832
531093,531099,531401,6,302,1,3600,1.01986754967
531262,531411,531579,149,168,1,3600,1.8869047619
531282,531289,537344,7,6055,2,14400,1.00115606936
531483,531489,536934,6,5445,2,14400,1.00110192837
531608,531615,537132,7,5517,2,14400,1.00126880551
531670,531677,536730,7,5053,2,14400,1.00138531565
531755,531761,532083,6,322,1,3600,1.01863354037
531840,531846,537242,6,5396,2,14400,1.00111193477
531863,532094,532686,231,592,1,3600,1.3902027027
531921,531927,537738,6,5811,2,14400,1.00103252452
531956,531962,537626,6,5664,2,14400,1.00105932203
532426,532432,537846,6,5414,2,14400,1.0011082379
532446,532697,533491,251,794,1,3600,1.3161209068
532523,532530,537632,7,5102,2,14400,1.00137201098
532525,532535,538658,10,6123,2,14400,1.00163318635
532664,532670,537748,6,5078,2,14400,1.00118156755
532685,532691,538076,6,5385,2,14400,1.00111420613
532820,532826,538220,6,5394,2,14400,1.00111234705
532920,532931,538201,11,5270,2,14400,1.00208728653
532975,532981,538098,6,5117,2,14400,1.00117256205
533014,533020,538485,6,5465,2,14400,1.0010978957
533087,533094,539032,7,5938,2,14400,1.0011788481
533183,533189,533195,6,6,1,900,1.2
533190,533195,533442,5,247,14,7980,1.02024291498
533211,533217,538662,6,5445,2,14400,1.00110192837
533240,533246,538862,6,5616,2,14400,1.00106837607
533329,533335,538628,6,5293,2,14400,1.00113357264
533427,533433,538757,6,5324,2,14400,1.0011269722
533437,533443,533462,6,19,1,900,1.31578947368
533443,533449,538788,6,5339,2,14400,1.00112380596
533447,533455,533717,8,262,14,7980,1.03053435115
533514,533520,538901,6,5381,2,14400,1.00111503438
533715,533721,533729,6,8,1,900,1.4
533723,533728,533960,5,232,14,7980,1.02155172414
533790,533796,539972,6,6176,2,14400,1.00097150259
533805,533811,539559,6,5748,2,14400,1.00104384134
533957,533964,533970,7,6,1,900,1.3
533963,533970,534057,7,87,14,7980,1.08045977011
533999,534006,539570,7,5564,2,14400,1.00125808771
534053,534059,534061,6,2,1,900,1.0
534343,534349,538426,6,4077,2,14400,1.00147167035
534435,534441,539870,6,5429,2,14400,1.00110517591
534675,534681,534799,6,118,1,3600,1.05084745763
534752,534758,540352,6,5594,2,14400,1.00107257776
534794,534800,540605,6,5805,2,14400,1.00103359173
534809,534816,540302,7,5486,2,14400,1.00127597521
534844,534851,539718,7,4867,2,14400,1.00143825765
534891,534897,535016,6,119,1,1800,1.05042016807
534919,534925,540658,6,5733,2,14400,1.00104657248
534985,534991,535307,6,316,1,3600,1.01898734177
535082,535088,541224,6,6136,2,14400,1.00097783572
535321,535328,535439,7,111,1,1800,1.06306306306
535369,535375,540692,6,5317,2,14400,1.0011284559
535602,535608,540938,6,5330,2,14400,1.00112570356
535696,535702,540940,6,5238,2,14400,1.00114547537
535746,535752,536349,6,597,1,3600,1.01005025126
536081,536088,536650,7,562,1,1800,1.01245551601
536086,536094,540658,8,4564,2,14400,1.00175284838
536545,536551,542175,6,5624,2,14400,1.00106685633
536560,536567,541670,7,5103,2,14400,1.00137174211
536732,536738,542681,6,5943,2,14400,1.00100959112
536935,536941,542503,6,5562,2,14400,1.00107874865
537131,537137,541932,6,4795,2,14400,1.00125130344
537244,537250,542939,6,5689,2,14400,1.0010546669
537345,537351,541200,6,3849,2,14400,1.00155884645
537635,537641,543407,6,5766,2,14400,1.00104058273
537636,537647,542409,11,4762,2,14400,1.0023099538
537741,537747,542784,6,5037,2,14400,1.00119118523
537756,537762,543700,6,5938,2,14400,1.00101044123
537848,537855,543354,7,5499,2,14400,1.00127295872
538080,538086,543884,6,5798,2,14400,1.0010348396
538098,538104,543647,6,5543,2,14400,1.00108244633
538205,538211,542105,6,3894,2,14400,1.00154083205
538220,538226,543919,6,5693,2,14400,1.00105392587
538314,538320,538370,6,50,1,1800,1.12
538428,538434,544361,6,5927,2,14400,1.00101231652
538483,538489,544096,6,5607,2,14400,1.00107009096
538572,538578,538697,6,119,1,1800,1.05042016807
538628,538635,544213,7,5578,2,14400,1.00125493008
538663,538669,544514,6,5845,2,14400,1.00102651839
538664,538675,544448,11,5773,2,14400,1.00190542179
538679,538685,538767,6,82,1,1800,1.07317073171
538761,538768,544130,7,5362,2,14400,1.00130548303
538789,538795,544083,6,5288,2,14400,1.00113464448
538865,538871,544448,6,5577,2,14400,1.00107584723
538905,538911,543925,6,5014,2,14400,1.00119664938
539017,539023,539148,6,125,1,1800,1.048
539036,539042,544641,6,5599,2,14400,1.00107161993
539564,539570,544910,6,5340,2,14400,1.00112359551
539579,539585,546465,6,6880,2,14400,1.00087209302
539603,539609,539898,6,289,1,1800,1.02076124567
539718,539724,544845,6,5121,2,14400,1.00117164616
539819,539825,540390,6,565,1,1800,1.01061946903
539870,539876,545654,6,5778,2,14400,1.0010384216
539975,539981,545421,6,5440,2,14400,1.00110294118
540306,540312,545940,6,5628,2,14400,1.00106609808
540352,540358,546081,6,5723,2,14400,1.00104840119
540614,540621,546286,7,5665,2,14400,1.00123565755
540661,540667,546014,6,5347,2,14400,1.00112212456
540662,540673,546622,11,5949,2,14400,1.00184905026
540693,540699,546105,6,5406,2,14400,1.00110987791
540940,540946,545826,6,4880,2,14400,1.0012295082
540941,540952,546662,11,5710,2,14400,1.00192644483
541202,541209,547079,7,5870,2,14400,1.00119250426
541224,541230,546868,6,5638,2,14400,1.00106420717
541670,541676,547577,6,5901,2,14400,1.00101677682
541933,541939,547455,6,5516,2,14400,1.00108774474
542106,542112,547580,6,5468,2,14400,1.00109729334
542176,542182,545951,6,3769,2,14400,1.0015919342
542348,542355,542415,7,60,1,1800,1.11666666667
542411,542417,547578,6,5161,2,14400,1.00116256539
542505,542511,548610,6,6099,2,14400,1.00098376783
542682,542689,547696,7,5007,2,14400,1.00139804274
542755,542761,542855,6,94,1,1800,1.06382978723
542783,542790,548872,7,6082,2,14400,1.00115093719
542940,542946,546933,6,3987,2,14400,1.0015048909
543357,543363,548598,6,5235,2,14400,1.00114613181
543410,543416,548935,6,5519,2,14400,1.00108715347
543651,543657,548555,6,4898,2,14400,1.00122498979
543700,543706,549552,6,5846,2,14400,1.0010263428
543873,543879,544179,6,300,1,1800,1.02
543885,543891,548057,6,4166,2,14400,1.00144023044
543919,543925,549415,6,5490,2,14400,1.00109289617
543937,543943,549495,6,5552,2,14400,1.00108069164
544087,544093,549193,6,5100,2,14400,1.00117647059
544103,544109,549912,6,5803,2,14400,1.00103394796
544125,544131,548990,6,4859,2,14400,1.00123482198
544213,544219,549922,6,5703,2,14400,1.00105207785
544361,544367,549346,6,4979,2,14400,1.00120506126
544449,544455,550210,6,5755,2,14400,1.00104257168
544450,544461,550036,11,5575,2,14400,1.00197309417
544517,544523,549732,6,5209,2,14400,1.00115185256
544646,544652,550050,6,5398,2,14400,1.00111152279
544846,544852,550053,6,5201,2,14400,1.0011536243
544912,544918,551179,6,6261,2,14400,1.00095831337
545423,545429,550788,6,5359,2,14400,1.00111961187
545653,545659,550703,6,5044,2,14400,1.00118953212
545829,545835,551798,6,5963,2,14400,1.00100620493
545942,545948,551489,6,5541,2,14400,1.00108283703
545957,545963,551126,6,5163,2,14400,1.00116211505
546012,546019,551828,7,5809,2,14400,1.00120502668
546086,546091,552524,5,6433,2,14400,1.00077724234
546109,546115,550243,6,4128,2,14400,1.00145348837
546290,546296,552605,6,6309,2,14400,1.00095102235
546466,546472,551583,6,5111,2,14400,1.00117393856
546624,546630,552062,6,5432,2,14400,1.00110456554
546661,546667,552042,6,5375,2,14400,1.00111627907
546869,546876,552221,7,5345,2,14400,1.00130963517
546933,546940,552695,7,5755,2,14400,1.00121633362
547080,547086,552867,6,5781,2,14400,1.00103788272
547456,547462,553218,6,5756,2,14400,1.00104239055
547578,547585,553045,7,5460,2,14400,1.00128205128
547580,547591,553526,11,5935,2,14400,1.00185341196
547595,547601,552702,6,5101,2,14400,1.00117623995
547699,547705,553237,6,5532,2,14400,1.0010845987
548057,548063,553405,6,5342,2,14400,1.00112317484
548557,548564,554777,7,6213,2,14400,1.00112666989
548601,548607,553919,6,5312,2,14400,1.00112951807
548616,548622,553376,6,4754,2,14400,1.00126209508
548874,548880,553976,6,5096,2,14400,1.00117739403
548935,548941,553980,6,5039,2,14400,1.00119071244
548994,549000,553510,6,4510,2,14400,1.00133037694
549197,549203,555561,6,6358,2,14400,1.00094369299
549345,549351,554678,6,5327,2,14400,1.00112633753
549415,549421,554900,6,5479,2,14400,1.00109509034
549494,549500,554927,6,5427,2,14400,1.0011055832
549551,549558,555378,7,5820,2,14400,1.00120274914
549730,549737,555079,7,5342,2,14400,1.00131037065
549917,549923,555398,6,5475,2,14400,1.00109589041
549933,549939,555522,6,5583,2,14400,1.00107469103
550035,550041,555301,6,5260,2,14400,1.00114068441
550051,550057,555758,6,5701,2,14400,1.00105244694
550066,550072,556045,6,5973,2,14400,1.00100452034
550208,550214,555366,6,5152,2,14400,1.00116459627
550242,550248,556211,6,5963,2,14400,1.00100620493
550703,550709,556141,6,5432,2,14400,1.00110456554
550788,550794,555498,6,4704,2,14400,1.0012755102
551127,551133,556200,6,5067,2,14400,1.00118413262
551182,551188,556452,6,5264,2,14400,1.00113981763
551491,551497,556300,6,4803,2,14400,1.00124921924
551582,551588,556086,6,4498,2,14400,1.00133392619
551800,551806,557765,6,5959,2,14400,1.00100688035
551832,551839,557302,7,5463,2,14400,1.00128134725
552042,552048,557020,6,4972,2,14400,1.00120675784
552065,552071,557799,6,5728,2,14400,1.00104748603
552223,552229,557239,6,5010,2,14400,1.00119760479
552525,552531,558213,6,5682,2,14400,1.00105596621
552605,552611,557611,6,5000,2,14400,1.0012
552695,552702,557441,7,4739,2,14400,1.00147710487
552711,552717,557688,6,4971,2,14400,1.0012070006
552868,552874,558423,6,5549,2,14400,1.00108127591
553047,553053,557912,6,4859,2,14400,1.00123482198
553217,553224,558419,7,5195,2,14400,1.00134744947
553239,553245,558894,6,5649,2,14400,1.00106213489
553378,553385,558501,7,5116,2,14400,1.00136825645
553406,553412,558711,6,5299,2,14400,1.00113228911
553509,553516,558384,7,4868,2,14400,1.0014379622
553528,553534,558630,6,5096,2,14400,1.00117739403
553921,553927,559987,6,6060,2,14400,1.00099009901
553979,553985,558832,6,4847,2,14400,1.0012378791
553980,553991,558602,11,4611,2,14400,1.00238559965
554323,554329,554413,6,84,14,9960,1.07142857143
554411,554417,554423,6,6,1,900,1.2
554419,554424,554551,5,127,14,9960,1.03937007874
554549,554555,554562,6,7,1,900,1.3
554558,554564,554785,6,221,14,9960,1.02714932127
554679,554685,560085,6,5400,2,14400,1.00111111111
554775,554782,558530,7,3748,2,14400,1.00186766275
554782,554788,554794,6,6,1,900,1.2
554791,554796,555049,5,253,14,9960,1.01976284585
554903,554910,560119,7,5209,2,14400,1.00134382799
554928,554935,560144,7,5209,2,14400,1.00134382799
555046,555052,555079,6,27,1,900,1.22222222222
555058,555064,555287,6,223,14,9960,1.0269058296
555083,555090,560622,7,5532,2,14400,1.00126536515
555285,555291,555299,6,8,1,900,1.4
555293,555298,555517,5,219,14,9960,1.02283105023
555302,555308,560947,6,5639,2,14400,1.00106401844
555366,555372,561164,6,5792,2,14400,1.0010359116
555381,555387,561272,6,5885,2,14400,1.00101954121
555396,555402,561186,6,5784,2,14400,1.0010373444
555499,555505,560836,6,5331,2,14400,1.0011254924
555515,555521,555532,6,11,1,900,1.54545454545
555524,555530,560814,6,5284,2,14400,1.00113550341
555525,555536,555765,11,229,14,9960,1.0480349345
555565,555571,560465,6,4894,2,14400,1.00122599101
555760,555766,561066,6,5300,2,14400,1.00113207547
555763,555772,555778,9,6,1,900,1.5
555770,555778,556012,8,234,14,9960,1.03418803419
556010,556016,556030,6,14,1,900,1.42857142857
556020,556026,556257,6,231,14,9960,1.02597402597
556046,556052,561240,6,5188,2,14400,1.00115651503
556087,556093,561653,6,5560,2,14400,1.00107913669
556145,556151,561366,6,5215,2,14400,1.00115052733
556204,556210,560441,6,4231,2,14400,1.00141810447
556219,556225,561956,6,5731,2,14400,1.00104693771
556255,556261,556268,6,7,1,900,1.3
556263,556268,556493,5,225,14,9960,1.02222222222
556300,556307,561568,7,5261,2,14400,1.00133054552
556452,556459,561686,7,5227,2,14400,1.00133920031
556491,556497,556505,6,8,1,900,1.4
556500,556506,556744,6,238,14,9960,1.02521008403
556741,556748,556759,7,11,1,900,1.63636363636
556750,556755,556983,5,228,14,9960,1.02192982456
556981,556987,556994,6,7,1,900,1.3
556989,556995,557215,6,220,14,9960,1.02727272727
557021,557027,563053,6,6026,2,14400,1.00099568536
557212,557218,557228,6,10,1,900,1.6
557220,557226,557456,6,230,14,9960,1.02608695652
557242,557248,562842,6,5594,2,14400,1.00107257776
557303,557309,563005,6,5696,2,14400,1.00105337079
557441,557447,563069,6,5622,2,14400,1.00106723586
557453,557460,557467,7,7,1,900,1.4
557461,557467,557703,6,236,14,9960,1.02542372881
557612,557618,562831,6,5213,2,14400,1.00115096873
557691,557697,563239,6,5542,2,14400,1.00108264165
557701,557707,557714,6,7,1,900,1.3
557708,557714,557938,6,224,14,9960,1.02678571429
557767,557774,564554,7,6780,2,14400,1.00103244838
557801,557807,564082,6,6275,2,14400,1.0009561753
557913,557919,563329,6,5410,2,14400,1.0011090573
557934,557940,557963,6,23,1,900,1.26086956522
557943,557948,558184,5,236,14,9960,1.02118644068
558181,558187,558198,6,11,1,900,1.54545454545
558190,558195,558423,5,228,14,9960,1.02192982456
558213,558220,564708,7,6488,2,14400,1.00107891492
558386,558392,564062,6,5670,2,14400,1.00105820106
558421,558427,558436,6,9,1,900,1.5
558423,558433,563066,10,4633,2,14400,1.00215842866
558424,558438,563469,14,5031,2,14400,1.00278274697
558430,558444,558680,14,236,14,9960,1.0593220339
558502,558508,563670,6,5162,2,14400,1.00116234018
558532,558539,564083,7,5544,2,14400,1.00126262626
558602,558608,564737,6,6129,2,14400,1.00097895252
558633,558639,564507,6,5868,2,14400,1.00102249489
558678,558684,558691,6,7,1,900,1.3
558685,558691,558913,6,222,14,9960,1.02702702703
558711,558717,564032,6,5315,2,14400,1.00112888053
558832,558839,563015,7,4176,2,14400,1.00167624521
558896,558902,563892,6,4990,2,14400,1.00120240481
558911,558917,558924,6,7,1,900,1.3
558920,558926,559147,6,221,14,9960,1.02714932127
559145,559151,559158,6,7,1,900,1.3
559153,559159,559387,6,228,14,9960,1.02631578947
559385,559392,559400,7,8,1,900,1.5
559393,559399,559624,6,225,14,9960,1.02666666667
559621,559627,559643,6,16,1,900,1.375
559632,559638,559865,6,227,14,9960,1.02643171806
559863,559869,559875,6,6,1,900,1.2
559872,559878,560117,6,239,14,9960,1.02510460251
559989,559995,565475,6,5480,2,14400,1.00109489051
560083,560089,564050,6,3961,2,14400,1.001514769
560115,560121,560128,6,7,1,900,1.3
560121,560127,565661,6,5534,2,14400,1.00108420672
560123,560133,560361,10,228,14,9960,1.04385964912
560145,560151,565172,6,5021,2,14400,1.00119498108
560358,560364,560370,6,6,1,900,1.2
560366,560372,560606,6,234,14,9960,1.02564102564
560441,560447,564281,6,3834,2,14400,1.00156494523
560466,560472,565573,6,5101,2,14400,1.00117623995
560604,560611,560618,7,7,1,900,1.4
560613,560619,560846,6,227,14,9960,1.02643171806
560623,560629,565683,6,5054,2,14400,1.00118717847
560813,560819,565935,6,5116,2,14400,1.00117279124
560838,560844,565828,6,4984,2,14400,1.00120385233
560844,560850,560861,6,11,1,900,1.54545454545
560852,560857,561085,5,228,14,9960,1.02192982456
560952,560958,566121,6,5163,2,14400,1.00116211505
561066,561072,566240,6,5168,2,14400,1.00116099071
561083,561089,561111,6,22,1,900,1.27272727273
561093,561099,561335,6,236,14,9960,1.02542372881
561164,561171,566321,7,5150,2,14400,1.0013592233
561186,561192,567193,6,6001,2,14400,1.00099983336
561240,561246,566485,6,5239,2,14400,1.00114525673
561273,561279,567086,6,5807,2,14400,1.00103323575
561332,561338,561345,6,7,1,900,1.3
561341,561346,561576,5,230,14,9960,1.02173913043
561367,561373,566315,6,4942,2,14400,1.00121408337
561571,561577,567217,6,5640,2,14400,1.00106382979
561574,561583,561588,9,5,1,900,1.4
561583,561589,561807,6,218,14,9960,1.02752293578
561655,561661,567270,6,5609,2,14400,1.0010697094
561689,561695,566962,6,5267,2,14400,1.00113916841
561804,561810,561816,6,6,1,900,1.2
561813,561818,562050,5,232,14,9960,1.02155172414
561955,561961,567588,6,5627,2,14400,1.00106628754
562048,562054,562063,6,9,1,900,1.5
562055,562061,562281,6,220,14,9960,1.02727272727
562279,562285,562292,6,7,1,900,1.3
562287,562293,562504,6,211,14,9960,1.02843601896
562498,562505,562520,7,15,1,900,1.46666666667
562509,562516,562753,7,237,14,9960,1.02953586498
562747,562753,562759,6,6,1,900,1.2
562756,562764,562984,8,220,14,9960,1.03636363636
562834,562840,569047,6,6207,2,14400,1.00096665056
562849,562855,567736,6,4881,2,14400,1.0012292563
562982,562988,562994,6,6,1,900,1.2
562991,562997,563228,6,231,14,9960,1.02597402597
563008,563014,568677,6,5663,2,14400,1.00105950909
563023,563029,568566,6,5537,2,14400,1.00108361929
563052,563058,567185,6,4127,2,14400,1.00145384056
563068,563074,568508,6,5434,2,14400,1.001104159
563069,563080,568151,11,5071,2,14400,1.0021691974
563226,563232,563238,6,6,1,900,1.2
563234,563240,563474,6,234,14,9960,1.02564102564
563240,563246,569341,6,6095,2,14400,1.00098441345
563330,563337,568942,7,5605,2,14400,1.00124888492
563470,563476,569257,6,5781,2,14400,1.00103788272
563472,563482,563488,10,6,1,900,1.6
563480,563488,563712,8,224,14,9960,1.03571428571
563673,563679,568941,6,5262,2,14400,1.00114025086
563710,563716,563738,6,22,1,900,1.27272727273
563720,563726,563969,6,243,14,9960,1.02469135802
563892,563898,569446,6,5548,2,14400,1.0010814708
563967,563973,563979,6,6,1,900,1.2
563975,563981,564188,6,207,14,9960,1.02898550725
564035,564041,569071,6,5030,2,14400,1.00119284294
564052,564058,569387,6,5329,2,14400,1.00112591481
564070,564077,569022,7,4945,2,14400,1.00141557128
564086,564092,568896,6,4804,2,14400,1.0012489592
564088,564098,569600,10,5502,2,14400,1.0018175209
564186,564192,564222,6,30,1,900,1.2
564196,564202,564423,6,221,14,9960,1.02714932127
564282,564288,568972,6,4684,2,14400,1.00128095645
564420,564426,564433,6,7,1,900,1.3
564427,564434,564650,7,216,14,9960,1.03240740741
564510,564516,569519,6,5003,2,14400,1.00119928043
564555,564561,569768,6,5207,2,14400,1.00115229499
564648,564655,564683,7,28,1,900,1.25
564658,564664,564883,6,219,14,9960,1.02739726027
564694,564700,577498,6,12798,1,172800,1.00046882325
564710,564716,571087,6,6371,2,14400,1.00094176738
564737,564744,569122,7,4378,2,14400,1.00159890361
564881,564888,564895,7,7,1,900,1.4
564890,564896,565108,6,212,14,9960,1.02830188679
564940,564946,577498,6,12552,1,172800,1.00047801147
565106,565112,565119,6,7,1,900,1.3
565114,565121,565346,7,225,14,9960,1.03111111111
565173,565179,570548,6,5369,2,14400,1.00111752654
565344,565350,565357,6,7,1,900,1.3
565352,565358,565580,6,222,14,9960,1.02702702703
565454,565460,568850,6,3390,1,3600,1.0017699115
565482,565488,570639,6,5151,2,14400,1.00116482236
565574,565580,571623,6,6043,2,14400,1.00099288433
565578,565586,565592,8,6,1,900,1.4
565586,565592,565806,6,214,14,9960,1.02803738318
565662,565668,571235,6,5567,2,14400,1.00107777977
565686,565692,571496,6,5804,2,14400,1.00103376981
565716,565722,566342,6,620,4,7200,1.00967741935
565804,565810,565816,6,6,1,900,1.2
565812,565818,566028,6,210,14,9960,1.02857142857
565829,565835,572044,6,6209,2,14400,1.00096633919
565935,565941,571632,6,5691,2,14400,1.00105429626
566026,566032,566051,6,19,1,900,1.31578947368
566035,566040,566267,5,227,14,9960,1.02202643172
566123,566130,570471,7,4341,2,14400,1.00161253167
566242,566248,571812,6,5564,2,14400,1.00107836089
566265,566272,566278,7,6,1,900,1.3
566272,566278,566365,6,87,14,9960,1.06896551724
566315,566321,571834,6,5513,2,14400,1.00108833666
566330,566336,571649,6,5313,2,14400,1.00112930548
566357,566363,566815,6,452,8,7200,1.01327433628
566360,566369,566370,9,1,1,900,1.0
566485,566491,571024,6,4533,2,14400,1.00132362674
566828,566834,567483,6,649,8,7200,1.0092449923
566963,566969,572761,6,5792,2,14400,1.0010359116
567016,567022,572649,6,5627,2,14400,1.00106628754
567018,567028,573646,10,6618,2,14400,1.00151103052
567019,567033,572969,14,5936,2,14400,1.00235849057
567020,567038,572746,18,5708,2,14400,1.00315346882
567021,567044,573259,23,6215,2,14400,1.00370072405
567023,567050,573079,27,6029,2,14400,1.00447835462
567024,567055,572554,31,5499,2,14400,1.00563738862
567025,567060,573379,35,6319,2,14400,1.00553885108
567027,567066,572113,39,5047,2,14400,1.00772736279
567028,567071,571804,43,4733,2,14400,1.00908514684
567029,567076,572410,47,5334,2,14400,1.00881139858
567030,567081,573024,51,5943,2,14400,1.00858152448
567032,567086,572668,54,5582,2,14400,1.00967395199
567033,567091,572868,58,5777,2,14400,1.01003981305
567034,567097,573330,63,6233,2,14400,1.01010749238
567114,567120,573517,6,6397,2,14400,1.00093793966
567115,567126,572228,11,5102,2,14400,1.00215601725
567116,567131,573211,15,6080,2,14400,1.00246710526
567118,567136,572749,18,5613,2,14400,1.00320684126
567119,567141,572691,22,5550,2,14400,1.00396396396
567120,567146,572547,26,5401,2,14400,1.00481392335
567121,567152,572416,31,5264,2,14400,1.00588905775
567123,567157,571935,34,4778,2,14400,1.0071159481
567124,567162,572669,38,5507,2,14400,1.0069003087
567125,567168,572972,43,5804,2,14400,1.00740868367
567127,567173,572420,46,5247,2,14400,1.00876691443
567128,567178,572518,50,5340,2,14400,1.00936329588
567129,567183,572305,54,5122,2,14400,1.01054275674
567130,567188,572260,58,5072,2,14400,1.01143533123
567132,567193,571888,61,4695,2,14400,1.01299254526
567187,567199,572847,12,5648,2,14400,1.00212464589
567202,567209,571862,7,4653,2,14400,1.00150440576
567217,567224,572487,7,5263,2,14400,1.0013300399
567270,567276,572193,6,4917,2,14400,1.00122025625
567348,567354,577498,6,10144,2,172800,1.00059148265
567588,567594,573198,6,5604,2,14400,1.00107066381
567739,567745,572983,6,5238,2,14400,1.00114547537
568156,568163,573590,7,5427,2,14400,1.00128984706
568508,568514,573786,6,5272,2,14400,1.00113808801
568571,568577,574271,6,5694,2,14400,1.00105374078
568678,568684,574172,6,5488,2,14400,1.00109329446
568849,568855,569976,6,1121,2,3600,1.00535236396
568898,568904,574603,6,5699,2,14400,1.00105281628
568945,568951,573591,6,4640,2,14400,1.00129310345
568946,568957,574352,11,5395,2,14400,1.00203892493
568973,568979,575131,6,6152,2,14400,1.00097529259
569022,569028,575107,6,6079,2,14400,1.00098700444
569049,569055,574748,6,5693,2,14400,1.00105392587
569074,569080,574351,6,5271,2,14400,1.00113830393
569122,569129,574359,7,5230,2,14400,1.00133843212
569260,569266,574738,6,5472,2,14400,1.00109649123
569342,569348,575043,6,5695,2,14400,1.00105355575
569388,569394,573717,6,4323,2,14400,1.00138792505
569448,569454,575077,6,5623,2,14400,1.00106704606
569522,569528,575765,6,6237,2,14400,1.00096200096
569601,569607,575607,6,6000,2,14400,1.001
569769,569775,575623,6,5848,2,14400,1.00102599179
570474,570480,576393,6,5913,2,14400,1.00101471334
570548,570555,575494,7,4939,2,14400,1.00141729095
570640,570646,576488,6,5842,2,14400,1.00102704553
571024,571030,577092,6,6062,2,14400,1.00098977235
571090,571096,577019,6,5923,2,14400,1.00101300017
571237,571243,576799,6,5556,2,14400,1.00107991361
571497,571503,577070,6,5567,2,14400,1.00107777977
571623,571629,577791,6,6162,2,14400,1.00097370983
571638,571644,578111,6,6467,2,14400,1.00092778723
571654,571659,576621,5,4962,2,14400,1.0010076582
571806,571812,576130,6,4318,2,14400,1.00138953219
571821,571827,577360,6,5533,2,14400,1.00108440267
571836,571842,577210,6,5368,2,14400,1.00111773472
571864,571870,577859,6,5989,2,14400,1.0010018367
571891,571897,578028,6,6131,2,14400,1.00097863318
571937,571943,578238,6,6295,2,14400,1.00095313741
572043,572050,577076,7,5026,2,14400,1.00139275766
572113,572119,576920,6,4801,2,14400,1.00124973964
572195,572201,577715,6,5514,2,14400,1.00108813928
572229,572235,577051,6,4816,2,14400,1.00124584718
572257,572263,577444,6,5181,2,14400,1.00115807759
572305,572311,578152,6,5841,2,14400,1.00102722137
572414,572420,578897,6,6477,2,14400,1.00092635479
572431,572437,577618,6,5181,2,14400,1.00115807759
572432,572443,577950,11,5507,2,14400,1.00199745778
572490,572496,577443,6,4947,2,14400,1.00121285628
572517,572524,578158,7,5634,2,14400,1.00124245651
572548,572554,577881,6,5327,2,14400,1.00112633753
572563,572569,577771,6,5202,2,14400,1.00115340254
572648,572654,578400,6,5746,2,14400,1.00104420466
572667,572673,578557,6,5884,2,14400,1.00101971448
572682,572688,578760,6,6072,2,14400,1.00098814229
572697,572703,578016,6,5313,2,14400,1.00112930548
572746,572752,577966,6,5214,2,14400,1.00115074799
572761,572767,578315,6,5548,2,14400,1.0010814708
572762,572773,578205,11,5432,2,14400,1.00202503682
572849,572856,577272,7,4416,2,14400,1.00158514493
572868,572874,578246,6,5372,2,14400,1.00111690246
572972,572978,579281,6,6303,2,14400,1.00095192765
572973,572984,578508,11,5524,2,14400,1.00199131064
572990,572996,578000,6,5004,2,14400,1.00119904077
573024,573030,578856,6,5826,2,14400,1.00102986612
573082,573088,578403,6,5315,2,14400,1.00112888053
573200,573206,579238,6,6032,2,14400,1.00099469496
573215,573221,578810,6,5589,2,14400,1.00107353731
573260,573267,577912,7,4645,2,14400,1.00150699677
573333,573339,578963,6,5624,2,14400,1.00106685633
573381,573387,578724,6,5337,2,14400,1.00112422709
573518,573524,579640,6,6116,2,14400,1.00098103336
573591,573597,579196,6,5599,2,14400,1.00107161993
573592,573603,579094,11,5491,2,14400,1.00200327809
573646,573653,579150,7,5497,2,14400,1.00127342187
573719,573725,579846,6,6121,2,14400,1.00098023199
573789,573795,579067,6,5272,2,14400,1.00113808801
574173,574179,579479,6,5300,2,14400,1.00113207547
574270,574277,580257,7,5980,2,14400,1.00117056856
574353,574359,579194,6,4835,2,14400,1.0012409514
574354,574365,579526,11,5161,2,14400,1.00213136989
574370,574376,580026,6,5650,2,14400,1.0010619469
574605,574611,579645,6,5034,2,14400,1.00119189511
574739,574745,580632,6,5887,2,14400,1.00101919484
574754,574760,579815,6,5055,2,14400,1.00118694362
575057,575063,580484,6,5421,2,14400,1.00110680686
575058,575069,581059,11,5990,2,14400,1.00183639399
575060,575074,580247,14,5173,2,14400,1.00270635995
575061,575079,580718,18,5639,2,14400,1.00319205533
575062,575084,580486,22,5402,2,14400,1.00407256572
575064,575090,580800,26,5710,2,14400,1.00455341506
575065,575096,580231,31,5135,2,14400,1.00603700097
575066,575101,580461,35,5360,2,14400,1.00652985075
575067,575106,581050,39,5944,2,14400,1.00656123822
575069,575112,580404,43,5292,2,14400,1.00812547241
575070,575117,580384,47,5267,2,14400,1.00892348586
575071,575122,580421,51,5299,2,14400,1.00962445744
575073,575127,580460,54,5333,2,14400,1.01012563285
575074,575132,580297,58,5165,2,14400,1.01122942885
575075,575137,580403,62,5266,2,14400,1.01177364223
575077,575143,580728,66,5585,2,14400,1.01181736795
575078,575148,580697,70,5549,2,14400,1.01261488556
575079,575153,578923,74,3770,2,14400,1.01962864721
575080,575158,580745,78,5587,2,14400,1.01396098085
575082,575165,580907,83,5742,2,14400,1.01445489377
575083,575170,580734,87,5564,2,14400,1.01563623293
575084,575175,580322,91,5147,2,14400,1.01768020206
575086,575180,580301,94,5121,2,14400,1.01835578988
575087,575185,579704,98,4519,2,14400,1.02168621376
575088,575191,580605,103,5414,2,14400,1.01902475065
575089,575196,580613,107,5417,2,14400,1.01975263061
575091,575202,581139,111,5937,2,14400,1.01869631127
575092,575207,580538,115,5331,2,14400,1.02157193772
575093,575213,581340,120,6127,2,14400,1.01958544149
575095,575218,580787,123,5569,2,14400,1.02208655055
575096,575223,580484,127,5261,2,14400,1.02413989736
575111,575228,580948,117,5720,2,14400,1.02045454545
575113,575233,580702,120,5469,2,14400,1.02194185409
575131,575238,580052,107,4814,2,14400,1.02222683839
575497,575503,581126,6,5623,2,14400,1.00106704606
575610,575616,581109,6,5493,2,14400,1.00109229929
575625,575632,581466,7,5834,2,14400,1.00119986287
575766,575772,581709,6,5937,2,14400,1.00101061142
576133,576139,581529,6,5390,2,14400,1.00111317254
576395,576401,582423,6,6022,2,14400,1.00099634673
576489,576495,582711,6,6216,2,14400,1.00096525097
576624,576630,581896,6,5266,2,14400,1.00113938473
576801,576807,582482,6,5675,2,14400,1.00105726872
576922,576928,582544,6,5616,2,14400,1.00106837607
577023,577029,582913,6,5884,2,14400,1.00101971448
577057,577063,583599,6,6536,2,14400,1.00091799266
577075,577081,583212,6,6131,2,14400,1.00097863318
577077,577087,582687,10,5600,2,14400,1.00178571429
577100,577106,582497,6,5391,2,14400,1.00111296605
577210,577216,582550,6,5334,2,14400,1.00112485939
577275,577281,582871,6,5590,2,14400,1.00107334526
577361,577367,582112,6,4745,2,14400,1.00126448894
577445,577451,583457,6,6006,2,14400,1.000999001
577447,577457,583219,10,5762,2,14400,1.0017355085
577585,577591,577612,6,21,1,172800,1.28571428571
577619,577625,583880,6,6255,2,14400,1.00095923261
577716,577722,583326,6,5604,2,14400,1.00107066381
577774,577780,582363,6,4583,2,14400,1.00130918612
577792,577799,583579,7,5780,2,14400,1.00121107266
577860,577866,583271,6,5405,2,14400,1.00111008326
577879,577885,583180,6,5295,2,14400,1.00113314448
577913,577919,583477,6,5558,2,14400,1.00107952501
577952,577959,583959,7,6000,2,14400,1.00116666667
577968,577974,582859,6,4885,2,14400,1.00122824974
578001,578008,583496,7,5488,2,14400,1.0012755102
578017,578023,583472,6,5449,2,14400,1.00110111947
578032,578038,583343,6,5305,2,14400,1.00113100848
578048,578055,596018,7,17963,2,36000,1.00038968992
578112,578118,583717,6,5599,2,14400,1.00107161993
578155,578161,583927,6,5766,2,14400,1.00104058273
578170,578176,582274,6,4098,2,14400,1.00146412884
578207,578213,583415,6,5202,2,14400,1.00115340254
578241,578247,583672,6,5425,2,14400,1.00110599078
578256,578262,583923,6,5661,2,14400,1.00105988341
578320,578326,583732,6,5406,2,14400,1.00110987791
578401,578407,583855,6,5448,2,14400,1.00110132159
578416,578423,583896,7,5473,2,14400,1.00127900603
578512,578518,584431,6,5913,2,14400,1.00101471334
578558,578564,584309,6,5745,2,14400,1.00104438642
578725,578732,584231,7,5499,2,14400,1.00127295872
578762,578768,584001,6,5233,2,14400,1.00114656985
578811,578817,584704,6,5887,2,14400,1.00101919484
578857,578863,584528,6,5665,2,14400,1.00105913504
578900,578906,584156,6,5250,2,14400,1.00114285714
578924,578931,584637,7,5706,2,14400,1.00122677883
578964,578970,584753,6,5783,2,14400,1.00103752378
579070,579076,585292,6,6216,2,14400,1.00096525097
579098,579104,584367,6,5263,2,14400,1.0011400342
579153,579159,584517,6,5358,2,14400,1.00111982083
579196,579202,584958,6,5756,2,14400,1.00104239055
579197,579208,584939,11,5731,2,14400,1.0019193858
579241,579247,584610,6,5363,2,14400,1.0011187768
579283,579289,585720,6,6431,2,14400,1.00093298087
579481,579487,584707,6,5220,2,14400,1.00114942529
579527,579533,585141,6,5608,2,14400,1.00106990014
579642,579648,585131,6,5483,2,14400,1.00109429145
579658,579664,585470,6,5806,2,14400,1.00103341371
579708,579715,585314,7,5599,2,14400,1.00125022325
579816,579822,585891,6,6069,2,14400,1.00098863075
579846,579852,585571,6,5719,2,14400,1.00104913446
580031,580037,585751,6,5714,2,14400,1.0010500525
580055,580061,586702,6,6641,2,14400,1.00090347839
580234,580240,585733,6,5493,2,14400,1.00109229929
580251,580257,585733,6,5476,2,14400,1.00109569028
580267,580274,586054,7,5780,2,14400,1.00121107266
580303,580308,585583,5,5275,2,14400,1.0009478673
580304,580315,585645,11,5330,2,14400,1.00206378987
580321,580327,586040,6,5713,2,14400,1.0010502363
580386,580392,585824,6,5432,2,14400,1.00110456554
580406,580412,586168,6,5756,2,14400,1.00104239055
580408,580418,586263,10,5845,2,14400,1.00171086399
580423,580430,585515,7,5085,2,14400,1.00137659784
580466,580471,586554,5,6083,2,14400,1.00082196285
580467,580477,585900,10,5423,2,14400,1.00184399779
580489,580494,585980,5,5486,2,14400,1.00091141086
580490,580501,586472,11,5971,2,14400,1.00184223748
580491,580506,585889,15,5383,2,14400,1.00278655025
580540,580546,586391,6,5845,2,14400,1.00102651839
580608,580614,586065,6,5451,2,14400,1.00110071547
580624,580630,586028,6,5398,2,14400,1.00111152279
580640,580647,586541,7,5894,2,14400,1.00118764846
580699,580706,586212,7,5506,2,14400,1.00127134036
580701,580712,585833,11,5121,2,14400,1.00214801797
580721,580727,586379,6,5652,2,14400,1.00106157113
580737,580743,585124,6,4381,2,14400,1.00136955033
580738,580749,586698,11,5949,2,14400,1.00184905026
580755,580761,586401,6,5640,2,14400,1.00106382979
580792,580798,586555,6,5757,2,14400,1.00104220948
580808,580814,586466,6,5652,2,14400,1.00106157113
580911,580917,586384,6,5467,2,14400,1.00109749406
580949,580955,586892,6,5937,2,14400,1.00101061142
581053,581059,585438,6,4379,2,14400,1.00137017584
581069,581075,586917,6,5842,2,14400,1.00102704553
581112,581118,586709,6,5591,2,14400,1.00107315328
581127,581133,586223,6,5090,2,14400,1.00117878193
581143,581149,587007,6,5858,2,14400,1.00102424036
581343,581349,587375,6,6026,2,14400,1.00099568536
581466,581472,586923,6,5451,2,14400,1.00110071547
581531,581537,587333,6,5796,2,14400,1.00103519669
581709,581715,587722,6,6007,2,14400,1.00099883469
581898,581904,587623,6,5719,2,14400,1.00104913446
582113,582119,587806,6,5687,2,14400,1.00105503781
582277,582283,590172,6,7889,2,14400,1.00076055267
582364,582370,587704,6,5334,2,14400,1.00112485939
582424,582430,588587,6,6157,2,14400,1.00097450057
582482,582488,588910,6,6422,2,14400,1.00093428838
582497,582503,589143,6,6640,2,14400,1.00090361446
582547,582554,588591,7,6037,2,14400,1.00115951632
582563,582569,588166,6,5597,2,14400,1.00107200286
582688,582695,587799,7,5104,2,14400,1.00137147335
582713,582719,589286,6,6567,2,14400,1.00091365921
582860,582867,588144,7,5277,2,14400,1.00132651128
582878,582884,588993,6,6109,2,14400,1.00098215747
582913,582919,589326,6,6407,2,14400,1.00093647573
583183,583189,588740,6,5551,2,14400,1.00108088633
583216,583222,589002,6,5780,2,14400,1.00103806228
583233,583239,588269,6,5030,2,14400,1.00119284294
583275,583281,589869,6,6588,2,14400,1.00091074681
583327,583333,588425,6,5092,2,14400,1.00117831893
583346,583352,589122,6,5770,2,14400,1.00103986135
583418,583424,589279,6,5855,2,14400,1.00102476516
583458,583464,587623,6,4159,2,14400,1.00144265448
583473,583480,589068,7,5588,2,14400,1.00125268432
583489,583495,587896,6,4401,2,14400,1.00136332652
583506,583512,588978,6,5466,2,14400,1.00109769484
583583,583589,589399,6,5810,2,14400,1.00103270224
583602,583608,589168,6,5560,2,14400,1.00107913669
583675,583681,589885,6,6204,2,14400,1.00096711799
583718,583724,589128,6,5404,2,14400,1.00111028868
583733,583739,590148,6,6409,2,14400,1.00093618349
583855,583861,589753,6,5892,2,14400,1.00101832994
583883,583890,589135,7,5245,2,14400,1.00133460439
583899,583905,589371,6,5466,2,14400,1.00109769484
583923,583930,589610,7,5680,2,14400,1.00123239437
583939,583945,588962,6,5017,2,14400,1.00119593382
583961,583967,589484,6,5517,2,14400,1.00108754758
584003,584010,589660,7,5650,2,14400,1.00123893805
584158,584164,590866,6,6702,2,14400,1.00089525515
584231,584237,589933,6,5696,2,14400,1.00105337079
584312,584319,590331,7,6012,2,14400,1.00116433799
584368,584374,588811,6,4437,2,14400,1.00135226504
584435,584440,590268,5,5828,2,14400,1.00085792725
584521,584527,590447,6,5920,2,14400,1.00101351351
584536,584542,590732,6,6190,2,14400,1.00096930533
584610,584616,590016,6,5400,2,14400,1.00111111111
584638,584644,589909,6,5265,2,14400,1.00113960114
584706,584712,590231,6,5519,2,14400,1.00108715347
584721,584728,590226,7,5498,2,14400,1.00127319025
584755,584761,590470,6,5709,2,14400,1.00105097215
584943,584949,590311,6,5362,2,14400,1.00111898545
584958,584964,591169,6,6205,2,14400,1.00096696213
585125,585131,590744,6,5613,2,14400,1.00106894709
585140,585147,590376,7,5229,2,14400,1.00133868809
585142,585153,590353,11,5200,2,14400,1.00211538462
585295,585301,591004,6,5703,2,14400,1.00105207785
585313,585319,590634,6,5315,2,14400,1.00112888053
585439,585445,591096,6,5651,2,14400,1.00106175898
585472,585478,591214,6,5736,2,14400,1.0010460251
585518,585524,591508,6,5984,2,14400,1.0010026738
585573,585579,591255,6,5676,2,14400,1.00105708245
585588,585594,591270,6,5676,2,14400,1.00105708245
585647,585653,591308,6,5655,2,14400,1.00106100796
585720,585726,590820,6,5094,2,14400,1.0011778563
585737,585743,591504,6,5761,2,14400,1.00104148585
585738,585749,591120,11,5371,2,14400,1.00204803575
585754,585760,591252,6,5492,2,14400,1.00109249818
585824,585830,591951,6,6121,2,14400,1.00098023199
585839,585846,591149,7,5303,2,14400,1.00132000754
585892,585898,591362,6,5464,2,14400,1.00109809663
585893,585904,592336,11,6432,2,14400,1.001710199
585908,585915,591008,7,5093,2,14400,1.0013744355
585983,585989,591458,6,5469,2,14400,1.0010970927
586034,586039,591180,5,5141,2,14400,1.00097257343
586053,586059,592251,6,6192,2,14400,1.00096899225
586068,586074,591736,6,5662,2,14400,1.00105969622
586070,586080,591765,10,5685,2,14400,1.00175901495
586136,586142,591510,6,5368,2,14400,1.00111773472
586137,586148,591008,11,4860,2,14400,1.00226337449
586138,586153,591681,15,5528,2,14400,1.00271345876
586140,586158,592237,18,6079,2,14400,1.00296101332
586141,586163,590911,22,4748,2,14400,1.00463352991
586142,586169,591825,27,5656,2,14400,1.00477369165
586144,586175,592151,31,5976,2,14400,1.00518741633
586145,586180,592240,35,6060,2,14400,1.00577557756
586146,586185,591314,39,5129,2,14400,1.00760382141
586147,586191,592258,44,6067,2,14400,1.00725234877
586149,586196,591543,47,5347,2,14400,1.00878997569
586150,586201,591177,51,4976,2,14400,1.01024919614
586151,586206,591709,55,5503,2,14400,1.00999454843
586153,586211,591510,58,5299,2,14400,1.01094546141
586154,586216,591809,62,5593,2,14400,1.01108528518
586155,586222,592649,67,6427,2,14400,1.0104247705
586156,586227,591885,71,5658,2,14400,1.01254860375
586158,586232,591046,74,4814,2,14400,1.01537183216
586159,586237,590547,78,4310,2,14400,1.0180974478
586160,586248,591922,88,5674,2,14400,1.01550934085
586176,586243,590653,67,4410,2,14400,1.01519274376
586213,586254,592395,41,6141,2,14400,1.00667643706
586228,586274,591942,46,5668,2,14400,1.00811573747
586268,586390,592567,122,6177,2,14400,1.01975068804
586381,586396,591700,15,5304,2,14400,1.0028280543
586397,586403,591826,6,5423,2,14400,1.00110639867
586398,586412,591663,14,5251,2,14400,1.00266615883
586414,586477,591787,63,5310,2,14400,1.01186440678
586468,586483,592370,15,5887,2,14400,1.00254798709
586483,586552,591872,69,5320,2,14400,1.01296992481
586542,586565,591337,23,4772,2,14400,1.00481978206
586560,586571,591409,11,4838,2,14400,1.0022736668
586561,586709,592064,148,5355,2,14400,1.02763772176
586699,586715,592713,16,5998,2,14400,1.00266755585
586715,586721,592304,6,5583,2,14400,1.00107469103
586716,586904,592964,188,6060,2,14400,1.03102310231
586894,586929,592288,35,5359,2,14400,1.00653106923
586919,586935,592240,16,5305,2,14400,1.00301602262
586935,587018,592818,83,5800,2,14400,1.01431034483
587008,587345,592758,337,5413,2,14400,1.06225752817
587335,587386,593232,51,5846,2,14400,1.00872391379
587376,587634,593140,258,5506,2,14400,1.04685797312
587624,587640,593511,16,5871,2,14400,1.00272525975
587626,587716,593323,90,5607,2,14400,1.01605136437
587705,587733,592298,28,4565,2,14400,1.00613362541
587724,587811,593626,87,5815,2,14400,1.01496130696
587807,587817,593149,10,5332,2,14400,1.00187546887
587808,587907,593699,99,5792,2,14400,1.01709254144
587898,588155,594485,257,6330,2,14400,1.04060031596
588115,598941,599109,10826,168,28,9960,65.4404761905
588147,588177,593290,30,5113,2,14400,1.00586739683
588169,588280,593645,111,5365,2,14400,1.02068965517
588270,588437,593734,167,5297,2,14400,1.03152727959
588426,588599,594853,173,6254,2,14400,1.02766229613
588589,588605,594262,16,5657,2,14400,1.00282835425
588604,588752,594674,148,5922,2,14400,1.02499155691
588742,588822,595010,80,6188,2,14400,1.01292824822
588812,588921,595425,109,6504,2,14400,1.01675891759
588913,588973,594792,60,5819,2,14400,1.01031105001
588962,588989,594610,27,5621,2,14400,1.00480341576
588980,589004,595263,24,6259,2,14400,1.00383447835
588996,589013,594906,17,5893,2,14400,1.00288477855
589011,589079,594909,68,5830,2,14400,1.01166380789
589068,589133,594670,65,5537,2,14400,1.01173920896
589124,589139,595409,15,6270,2,14400,1.0023923445
589144,589151,594849,7,5698,2,14400,1.00122850123
589146,589157,594515,11,5358,2,14400,1.00205300485
589147,589179,594912,32,5733,2,14400,1.00558171987
589170,589290,594808,120,5518,2,14400,1.02174700979
589280,589297,595244,17,5947,2,14400,1.00285858416
589295,589338,595180,43,5842,2,14400,1.00736049298
589329,589344,595536,15,6192,2,14400,1.00242248062
589372,589382,594711,10,5329,2,14400,1.00187652468
589400,589411,595386,11,5975,2,14400,1.00184100418
589484,589495,594865,11,5370,2,14400,1.00204841713
589613,589621,595114,8,5493,2,14400,1.00145639905
589662,589671,595725,9,6054,2,14400,1.00148662042
589754,589764,594780,10,5016,2,14400,1.00199362041
589870,589880,595698,10,5818,2,14400,1.00171880371
589886,589897,595165,11,5268,2,14400,1.00208807897
589913,589920,595007,7,5087,2,14400,1.00137605661
589936,589944,594398,8,4454,2,14400,1.0017961383
590017,590027,595388,10,5361,2,14400,1.00186532363
590152,590159,596307,7,6148,2,14400,1.00113858165
590174,590183,595735,9,5552,2,14400,1.00162103746
590228,590237,595710,9,5473,2,14400,1.00164443632
590243,590249,595386,6,5137,2,14400,1.00116799689
590271,590280,595658,9,5378,2,14400,1.00167348457
590311,590322,596842,11,6520,2,14400,1.00168711656
590337,590342,596136,5,5794,2,14400,1.00086296168
590355,590364,595235,9,4871,2,14400,1.00184766988
590377,590387,596079,10,5692,2,14400,1.00175685172
590448,590458,596112,10,5654,2,14400,1.00176865936
590473,590482,596045,9,5563,2,14400,1.0016178321
590551,590558,596739,7,6181,2,14400,1.00113250283
590637,590645,596997,8,6352,2,14400,1.00125944584
590655,590664,595548,9,4884,2,14400,1.00184275184
590733,590744,596237,11,5493,2,14400,1.0020025487
590749,590755,596172,6,5417,2,14400,1.00110762415
590822,590832,596572,10,5740,2,14400,1.00174216028
590868,590878,597080,10,6202,2,14400,1.0016123831
590914,590922,596358,8,5436,2,14400,1.00147167035
591005,591015,596094,10,5079,2,14400,1.00196889151
591023,591029,594854,6,3825,2,14400,1.00156862745
591024,591035,597132,11,6097,2,14400,1.00180416598
591049,591057,597057,8,6000,2,14400,1.00133333333
591098,591107,596775,9,5668,2,14400,1.00158786168
591122,591131,596866,9,5735,2,14400,1.00156931125
591150,591160,597334,10,6174,2,14400,1.0016196955
591172,591181,597622,9,6441,2,14400,1.00139729856
591187,591193,597017,6,5824,2,14400,1.00103021978
591189,591199,597066,10,5867,2,14400,1.00170444861
591216,591225,597018,9,5793,2,14400,1.00155359917
591253,591263,596663,10,5400,2,14400,1.00185185185
591268,591274,596913,6,5639,2,14400,1.00106401844
591283,591289,596452,6,5163,2,14400,1.00116211505
591309,591319,596842,10,5523,2,14400,1.00181061018
591325,591331,596869,6,5538,2,14400,1.00108342362
591341,591348,596953,7,5605,2,14400,1.00124888492
591363,591373,597174,10,5801,2,14400,1.00172384072
591412,591420,597760,8,6340,2,14400,1.00126182965
591459,591469,597615,10,6146,2,14400,1.00162707452
591506,591516,597593,10,6077,2,14400,1.00164554879
591522,591528,597257,6,5729,2,14400,1.00104730319
591524,591534,596737,10,5203,2,14400,1.0019219681
591525,591539,597248,14,5709,2,14400,1.00245226835
591544,591554,597770,10,6216,2,14400,1.00160875161
591664,591674,597189,10,5515,2,14400,1.00181323663
591684,591693,596664,9,4971,2,14400,1.00181050091
591704,591711,597014,7,5303,2,14400,1.00132000754
591721,591727,597517,6,5790,2,14400,1.00103626943
591739,591747,596352,8,4605,2,14400,1.00173724213
591768,591776,597163,8,5387,2,14400,1.00148505662
591789,591799,597570,10,5771,2,14400,1.00173280194
591810,591820,596441,10,4621,2,14400,1.00216403376
591826,591837,597699,11,5862,2,14400,1.00187649266
591828,591842,597867,14,6025,2,14400,1.00232365145
591874,591883,597767,9,5884,2,14400,1.00152957172
591889,591896,596641,7,4745,2,14400,1.00147523709
591924,591934,597360,10,5426,2,14400,1.00184297825
591946,591954,597686,8,5732,2,14400,1.00139567341
591961,591967,597698,6,5731,2,14400,1.00104693771
592065,592075,598161,10,6086,2,14400,1.00164311535
592153,592162,597610,9,5448,2,14400,1.00165198238
592240,592249,598395,9,6146,2,14400,1.00146436707
592242,592255,597769,13,5514,2,14400,1.00235763511
592243,592260,598648,17,6388,2,14400,1.00266123982
592259,592266,597939,7,5673,2,14400,1.00123391504
592261,592272,598844,11,6572,2,14400,1.0016737675
592288,592299,598161,11,5862,2,14400,1.00187649266
592305,592311,597932,6,5621,2,14400,1.00106742572
592306,592317,597362,11,5045,2,14400,1.00218037661
592327,593160,593164,833,4,2,3540,83.7
592337,592347,597805,10,5458,2,14400,1.00183217296
592371,592381,598258,10,5877,2,14400,1.00170154841
592396,592406,598526,10,6120,2,14400,1.00163398693
592570,592578,598320,8,5742,2,14400,1.00139324277
592650,592660,597348,10,4688,2,14400,1.0021331058
592715,592724,598546,9,5822,2,14400,1.00154586053
592758,592769,598373,11,5604,2,14400,1.00196288365
592823,592829,598533,6,5704,2,14400,1.00105189341
592967,592976,598528,9,5552,2,14400,1.00162103746
593144,593151,598930,7,5779,2,14400,1.00121128223
593160,593244,598684,84,5440,2,14400,1.01544117647
593234,593301,599195,67,5894,2,14400,1.01136749237
593294,593335,598240,41,4905,2,14400,1.00835881753
593325,593522,599213,197,5691,2,14400,1.03461606045
593512,593637,598905,125,5268,2,14400,1.02372817008
593627,593657,599171,30,5514,2,14400,1.00544069641
593646,593711,599186,65,5475,2,14400,1.01187214612
593702,593746,599623,44,5877,2,14400,1.007486813
593741,594076,599367,335,5291,2,14400,1.06331506332
594264,594273,599886,9,5613,2,14400,1.00160342063
594398,594409,599516,11,5107,2,14400,1.0021539064
594486,594497,599783,11,5286,2,14400,1.0020809686
594517,594527,600485,10,5958,2,14400,1.00167841558
594611,594621,600289,10,5668,2,14400,1.00176429076
594673,594681,599873,8,5192,2,14400,1.00154083205
594688,594694,599145,6,4451,2,14400,1.00134801168
594713,594722,600810,9,6088,2,14400,1.001478318
594780,594791,600765,11,5974,2,14400,1.00184131235
594795,594803,600333,8,5530,2,14400,1.00144665461
594811,594819,600128,8,5309,2,14400,1.00150687512
594851,594860,600147,9,5287,2,14400,1.00170228863
594866,594872,601795,6,6923,2,14400,1.0008666763
594867,594878,600719,11,5841,2,14400,1.00188323917
594869,594883,599321,14,4438,2,14400,1.00315457413
594910,594921,600906,11,5985,2,14400,1.00183792815
594911,594926,599629,15,4703,2,14400,1.00318945354
594926,594932,600649,6,5717,2,14400,1.00104950149
595009,595018,600632,9,5614,2,14400,1.00160313502
595024,595030,600197,6,5167,2,14400,1.00116121541
595117,595125,601125,8,6000,2,14400,1.00133333333
595167,595176,600966,9,5790,2,14400,1.00155440415
595183,595191,600985,8,5794,2,14400,1.0013807387
595236,595247,600633,11,5386,2,14400,1.00204233197
595251,595258,601936,7,6678,2,14400,1.00104821803
595271,595277,600747,6,5470,2,14400,1.00109689214
595390,595398,599937,8,4539,2,14400,1.00176250275
595391,595403,600085,12,4682,2,14400,1.00256300726
595393,595409,600259,16,4850,2,14400,1.00329896907
595416,595422,601152,6,5730,2,14400,1.00104712042
595431,595437,600768,6,5331,2,14400,1.0011254924
595538,595548,601423,10,5875,2,14400,1.00170212766
595553,595559,601293,6,5734,2,14400,1.00104638995
595662,595670,601298,8,5628,2,14400,1.00142146411
595699,595709,601572,10,5863,2,14400,1.00170561146
595714,595721,602468,7,6747,2,14400,1.00103749815
595729,595736,601269,7,5533,2,14400,1.00126513645
595744,595751,601187,7,5436,2,14400,1.00128771155
595906,597268,607314,1362,10046,64,21600,1.1355763488
596046,596369,602725,323,6356,2,14400,1.05081812461
596080,596452,602038,372,5586,2,14400,1.06659505908
596096,596583,601818,487,5235,2,14400,1.09302769819
596114,596653,602037,539,5384,2,14400,1.10011144131
596139,596677,602139,538,5462,2,14400,1.09849871842
596153,596159,603398,6,7239,1,7200,1.00082884376
596176,596748,602186,572,5438,2,14400,1.10518573005
596238,596881,602474,643,5593,2,14400,1.11496513499
596308,596964,601793,656,4829,2,14400,1.13584593083
596354,597026,602492,672,5466,2,14400,1.12294182217
596370,597032,602547,662,5515,2,14400,1.12003626473
596442,597077,602677,635,5600,2,14400,1.11339285714
596458,597143,602625,685,5482,2,14400,1.12495439621
596574,597185,602982,611,5797,2,14400,1.10539934449
596646,597200,602655,554,5455,2,14400,1.10155820348
596674,597259,602973,585,5714,2,14400,1.10238011901
596675,597346,603224,671,5878,2,14400,1.11415447431
596739,597359,603164,620,5805,2,14400,1.1068044789
596740,597371,603130,631,5759,2,14400,1.10956763327
596786,597377,602739,591,5362,2,14400,1.11022006714
596843,597528,602674,685,5146,2,14400,1.13311309755
596844,597581,602201,737,4620,2,14400,1.15952380952
596866,597622,603310,756,5688,2,14400,1.13291139241
596884,597628,603436,744,5808,2,14400,1.12809917355
596917,597697,603365,780,5668,2,14400,1.1376146789
596955,597711,603156,756,5445,2,14400,1.13884297521
596999,597771,603660,772,5889,2,14400,1.13109186619
597015,597781,602447,766,4666,2,14400,1.16416630947
597032,597786,603314,754,5528,2,14400,1.13639652677
597033,597879,603180,846,5301,2,14400,1.15959252971
597058,597950,602819,892,4869,2,14400,1.1831998357
597073,598172,603631,1099,5459,2,14400,1.20131892288
597088,598331,603857,1243,5526,2,14400,1.22493666305
597135,598406,604513,1271,6107,2,14400,1.20812182741
597164,598537,604743,1373,6206,2,14400,1.22123751209
597179,598543,603973,1364,5430,2,14400,1.25119705341
597194,598549,603856,1355,5307,2,14400,1.25532315809
597247,598660,604385,1413,5725,2,14400,1.24681222707
597262,598855,604116,1593,5261,2,14400,1.3027941456
597335,599332,604440,1997,5108,2,14400,1.39095536413
597351,600300,605148,2949,4848,2,14400,1.60829207921
597367,600344,606456,2977,6112,2,14400,1.48707460733
597368,600496,605829,3128,5333,2,14400,1.58653665854
597441,600271,609420,2830,9149,64,21600,1.30932342332
597516,600643,606182,3127,5539,2,14400,1.56454233616
597573,600650,606117,3077,5467,2,14400,1.56283153466
597605,600660,606555,3055,5895,2,14400,1.51823579304
597622,600730,606513,3108,5783,2,14400,1.53743731627
597623,600757,606718,3134,5961,2,14400,1.52575071297
597625,600776,606059,3151,5283,2,14400,1.59644141586
597694,600782,606652,3088,5870,2,14400,1.52606473595
597711,600821,605926,3110,5105,2,14400,1.60920666014
597712,600918,606355,3206,5437,2,14400,1.58966341733
597764,600977,606784,3213,5807,2,14400,1.5532977441
597781,600996,607024,3215,6028,2,14400,1.53334439283
597782,601136,605940,3354,4804,2,14400,1.69816819317
597784,601164,607544,3380,6380,2,14400,1.52978056426
597807,601198,606282,3391,5084,2,14400,1.66699449253
597869,601280,607087,3411,5807,2,14400,1.58739452385
597938,601304,606496,3366,5192,2,14400,1.64830508475
597953,601311,607262,3358,5951,2,14400,1.56427491178
598025,607326,616463,9301,9137,64,21600,2.01794899858
598040,609431,617974,11391,8543,64,21600,2.33337235163
598163,601434,607415,3271,5981,2,14400,1.54689851195
598164,601584,607033,3420,5449,2,14400,1.62763809873
598245,601804,607233,3559,5429,2,14400,1.65555350893
598260,601810,607660,3550,5850,2,14400,1.60683760684
598322,601829,607280,3507,5451,2,14400,1.64336818932
598374,601947,607066,3573,5119,2,14400,1.69798788826
598397,602048,607737,3651,5689,2,14400,1.64176480928
598530,602054,607017,3524,4963,2,14400,1.71005440258
598532,602150,607556,3618,5406,2,14400,1.6692563818
598547,602197,607674,3650,5477,2,14400,1.66642322439
598549,602212,607511,3663,5299,2,14400,1.69126250236
598650,602459,607808,3809,5349,2,14400,1.71209571883
598687,602479,607865,3792,5386,2,14400,1.70404753063
598845,602485,607753,3640,5268,2,14400,1.69096431283
598908,602503,607670,3595,5167,2,14400,1.69576156377
598930,602558,608371,3628,5813,2,14400,1.62411835541
599107,599113,599125,6,12,1,900,1.5
599120,599126,599318,6,192,28,9960,1.03125
599150,602637,607795,3487,5158,2,14400,1.67603722373
599174,602667,607825,3493,5158,2,14400,1.6772004653
599190,602685,608093,3495,5408,2,14400,1.6462647929
599205,602691,607911,3486,5220,2,14400,1.66781609195
599221,602736,608117,3515,5381,2,14400,1.65322430775
599316,599323,599333,7,10,1,900,1.7
599319,602750,608289,3431,5539,2,14400,1.61942588915
599332,607035,607374,7703,339,28,9960,23.7227138643
599368,602831,608897,3463,6066,2,14400,1.57088691065
599519,602985,608679,3466,5694,2,14400,1.60871092378
599624,602993,608618,3369,5625,2,14400,1.59893333333
599639,603142,608317,3503,5175,2,14400,1.67690821256
599786,603167,608478,3381,5311,2,14400,1.63660327622
599876,603175,608884,3299,5709,2,14400,1.57785952006
599893,603191,608454,3298,5263,2,14400,1.62663879916
599937,603235,607708,3298,4473,2,14400,1.73731276548
600092,603321,608965,3229,5644,2,14400,1.57211197732
600129,603327,607751,3198,4424,2,14400,1.72287522604
600147,603376,609303,3229,5927,2,14400,1.54479500591
600196,603412,609198,3216,5786,2,14400,1.55582440373
600257,603448,609415,3191,5967,2,14400,1.5347745936
600291,603643,609408,3352,5765,2,14400,1.58143972246
600334,603671,609663,3337,5992,2,14400,1.55690921228
600484,603867,608307,3383,4440,2,14400,1.76193693694
600631,603873,609292,3242,5419,2,14400,1.59826536261
600647,603984,609252,3337,5268,2,14400,1.63344722855
600662,604127,609058,3465,4931,2,14400,1.70269722166
600720,604397,610658,3677,6261,2,14400,1.58728637598
600751,604451,609350,3700,4899,2,14400,1.75525617473
600768,604524,610271,3756,5747,2,14400,1.65355837828
600783,604755,610154,3972,5399,2,14400,1.73569179478
600807,605951,610646,5144,4695,2,14400,2.09563365282
600906,606193,611880,5287,5687,2,14400,1.9296641463
600967,606293,611351,5326,5058,2,14400,2.05298536971
600986,607028,612924,6042,5896,2,14400,2.02476255088
601126,607044,612181,5918,5137,2,14400,2.15203426124
601148,607098,612347,5950,5249,2,14400,2.13354924748
601188,607245,612229,6057,4984,2,14400,2.21528892456
601274,607291,612020,6017,4729,2,14400,2.27236202157
601292,607331,613449,6039,6118,2,14400,1.98708728343
601308,607337,613061,6029,5724,2,14400,2.05328441649
601421,607385,612289,5964,4904,2,14400,2.21615008157
601572,607390,612799,5818,5409,2,14400,2.07561471621
601790,607395,613222,5605,5827,2,14400,1.96190149305
601806,607401,612206,5595,4805,2,14400,2.16441207076
601822,607406,612993,5584,5587,2,14400,1.9994630392
601934,607411,613827,5477,6416,2,14400,1.85364713217
602032,607416,613143,5384,5727,2,14400,1.94010825912
602034,607421,612848,5387,5427,2,14400,1.99262944537
602144,607426,612498,5282,5072,2,14400,2.04140378549
602193,607432,612576,5239,5144,2,14400,2.0184681182
602209,607437,612578,5228,5141,2,14400,2.01692277767
602447,607442,612708,4995,5266,2,14400,1.94853778959
602469,607447,612575,4978,5128,2,14400,1.97074882995
602470,607452,612973,4982,5521,2,14400,1.90237275856
602498,607458,613067,4960,5609,2,14400,1.88429310037
602551,607522,612931,4971,5409,2,14400,1.91902384914
602628,607567,612937,4939,5370,2,14400,1.91973929236
602658,607671,612008,5013,4337,2,14400,2.1558681116
602678,607681,613107,5003,5426,2,14400,1.9220420199
602679,607687,612878,5008,5191,2,14400,1.96474667694
602723,607719,612912,4996,5193,2,14400,1.96206431735
602738,607748,612905,5010,5157,2,14400,1.97149505526
602823,607762,613748,4939,5986,2,14400,1.82509188106
602976,607768,612724,4792,4956,2,14400,1.96690879742
602992,607806,612945,4814,5139,2,14400,1.93675812415
603133,607819,612838,4686,5019,2,14400,1.93365212194
603156,607837,612663,4681,4826,2,14400,1.96995441359
603171,607876,612324,4705,4448,2,14400,2.05777877698
603187,607922,613122,4735,5200,2,14400,1.91057692308
603226,608104,613106,4878,5002,2,14400,1.97520991603
603311,608128,613453,4817,5325,2,14400,1.90460093897
603312,608300,614111,4988,5811,2,14400,1.858372053
603366,608319,613793,4953,5474,2,14400,1.90482279868
603439,608328,613677,4889,5349,2,14400,1.91400261731
603632,608382,614162,4750,5780,2,14400,1.82179930796
603661,608465,613621,4804,5156,2,14400,1.93173002327
603861,608490,613986,4629,5496,2,14400,1.8422489083
603862,608629,613450,4767,4821,2,14400,1.98879900436
603973,608691,614374,4718,5683,2,14400,1.83019531937
604118,608896,614200,4778,5304,2,14400,1.90082956259
604389,608908,614837,4519,5929,2,14400,1.76218586608
604442,608977,614506,4535,5529,2,14400,1.82022065473
604512,609069,614381,4557,5312,2,14400,1.8578689759
604745,609263,614893,4518,5630,2,14400,1.80248667851
