SubmitTime,StartTime,EndTime,QueuedTime,RunTime,NodesRequested,walltime,bslowdown
27,35,3260,8,3225,2,36000,1.00248062016
43,48,3038,5,2990,2,36000,1.0016722408
44,54,3410,10,3356,2,36000,1.00297973778
60,66,3077,6,3011,2,36000,1.00199269346
144,152,3360,8,3208,2,36000,1.00249376559
379,385,3676,6,3291,2,36000,1.00182315406
397,403,3614,6,3211,2,36000,1.00186857677
461,467,3636,6,3169,2,36000,1.00189334175
603,609,659,6,50,4,14400,1.12
820,830,4103,10,3273,2,36000,1.00305530095
910,919,4131,9,3212,2,36000,1.00280199253
926,932,4159,6,3227,2,36000,1.00185931205
1003,1009,4263,6,3254,2,36000,1.00184388445
1028,1034,4208,6,3174,2,36000,1.00189035917
1060,1069,4381,9,3312,2,36000,1.0027173913
1124,1130,4495,6,3365,2,36000,1.00178306092
1144,1149,4309,5,3160,2,36000,1.00158227848
1176,1183,4343,7,3160,2,36000,1.00221518987
1193,1199,4488,6,3289,2,36000,1.00182426269
1471,1479,4588,8,3109,2,36000,1.00257317465
1658,1667,4947,9,3280,2,36000,1.00274390244
1827,1835,4902,8,3067,2,36000,1.00260841213
1883,1889,5009,6,3120,2,36000,1.00192307692
2022,2031,5357,9,3326,2,36000,1.0027059531
2267,2276,5483,9,3207,2,36000,1.00280636109
2311,2318,5643,7,3325,2,36000,1.00210526316
2326,2332,5607,6,3275,2,36000,1.00183206107
2343,2349,5665,6,3316,2,36000,1.00180940893
2359,2368,5436,9,3068,2,36000,1.00293350717
2472,2478,5821,6,3343,2,36000,1.00179479509
2473,2484,5698,11,3214,2,36000,1.00342252645
2494,2500,5679,6,3179,2,36000,1.00188738597
2620,2626,5849,6,3223,2,36000,1.00186161961
2745,2754,5981,9,3227,2,36000,1.00278896808
2888,2896,6068,8,3172,2,36000,1.0025220681
2904,2910,6212,6,3302,2,36000,1.00181708056
2972,2982,6141,10,3159,2,36000,1.00316555872
3007,3017,6323,10,3306,2,36000,1.00302480339
3042,3049,6291,7,3242,2,36000,1.00215916101
3080,3088,6332,8,3244,2,36000,1.00246609125
3159,3165,6252,6,3087,2,36000,1.0019436346
3176,3182,6373,6,3191,2,36000,1.00188028831
3267,3273,6626,6,3353,2,36000,1.00178944229
3321,3327,6677,6,3350,2,36000,1.00179104478
3365,3371,6488,6,3117,2,36000,1.00192492782
3417,3423,6626,6,3203,2,36000,1.00187324383
3619,3625,6812,6,3187,2,36000,1.00188264826
3637,3647,6847,10,3200,2,36000,1.003125
3677,3687,6938,10,3251,2,36000,1.00307597662
4108,4114,7244,6,3130,2,36000,1.00191693291
4134,4142,7248,8,3106,2,36000,1.00257566001
4162,4170,7357,8,3187,2,36000,1.00251019768
4211,4219,7502,8,3283,2,36000,1.00243679561
4266,4274,7502,8,3228,2,36000,1.00247831475
4311,4320,7568,9,3248,2,36000,1.00277093596
4345,4355,7484,10,3129,2,36000,1.00319590924
4383,4392,7615,9,3223,2,36000,1.00279242941
4490,4499,7665,9,3166,2,36000,1.00284270373
4506,4512,7855,6,3343,2,36000,1.00179479509
4591,4599,7938,8,3339,2,36000,1.00239592692
4904,4914,8126,10,3212,2,36000,1.00311332503
4952,4958,8003,6,3045,2,36000,1.00197044335
5016,5022,8300,6,3278,2,36000,1.00183038438
5362,5369,8536,7,3167,2,36000,1.00221029365
5439,5447,8411,8,2964,2,36000,1.00269905533
5490,5496,8825,6,3329,2,36000,1.00180234305
5611,5618,8946,7,3328,2,36000,1.00210336538
5645,5654,8882,9,3228,2,36000,1.00278810409
5667,5676,8916,9,3240,2,36000,1.00277777778
5682,5690,8920,8,3230,2,36000,1.00247678019
5701,5709,8933,8,3224,2,36000,1.00248138958
5825,5833,9112,8,3279,2,36000,1.00243976822
5853,5860,9011,7,3151,2,36000,1.00222151698
5985,5992,9215,7,3223,2,36000,1.00217188954
6074,6080,9328,6,3248,2,36000,1.00184729064
6147,6153,9373,6,3220,2,36000,1.00186335404
6216,6223,9473,7,3250,2,36000,1.00215384615
6258,6264,9555,6,3291,2,36000,1.00182315406
6293,6303,9549,10,3246,2,36000,1.00308071473
6327,6335,9694,8,3359,2,36000,1.00238166121
6343,6349,9561,6,3212,2,36000,1.00186799502
6374,6384,9576,10,3192,2,36000,1.00313283208
6490,6499,9852,9,3353,2,36000,1.00268416344
6628,6637,9899,9,3262,2,36000,1.00275904353
6629,6642,9782,13,3140,2,36000,1.00414012739
6679,6688,9922,9,3234,2,36000,1.00278293135
6818,6824,9988,6,3164,2,36000,1.00189633375
6849,6858,10017,9,3159,2,36000,1.00284900285
6945,6951,10171,6,3220,2,36000,1.00186335404
7247,7255,10558,8,3303,2,36000,1.00242204057
7263,7269,10499,6,3230,2,36000,1.00185758514
7360,7368,10566,8,3198,2,36000,1.00250156348
7477,7484,44685,7,37201,15,57600,1.00018816698
7490,7496,10841,6,3345,2,36000,1.00179372197
7512,7518,10758,6,3240,2,36000,1.00185185185
7513,7524,10839,11,3315,2,36000,1.00331825038
7572,7579,10824,7,3245,2,36000,1.00215716487
7616,7626,10918,10,3292,2,36000,1.00303766707
7669,7676,10948,7,3272,2,36000,1.0021393643
7859,7866,11239,7,3373,2,36000,1.00207530388
7940,7949,11081,9,3132,2,36000,1.00287356322
8005,8015,11175,10,3160,2,36000,1.00316455696
8130,8137,11448,7,3311,2,36000,1.0021141649
8307,8313,11645,6,3332,2,36000,1.00180072029
8330,8336,8396,6,60,32,10800,1.1
8415,8422,11537,7,3115,2,36000,1.00224719101
8538,8547,11820,9,3273,2,36000,1.00274977085
8641,8647,33501,6,24854,15,57600,1.00024140983
8835,8841,12008,6,3167,2,36000,1.00189453742
8886,8893,12068,7,3175,2,36000,1.00220472441
8922,8928,12155,6,3227,2,36000,1.00185931205
8923,8934,12184,11,3250,2,36000,1.00338461538
8944,8951,12060,7,3109,2,36000,1.00225152782
8966,8972,12335,6,3363,2,36000,1.00178412132
9014,9023,12252,9,3229,2,36000,1.00278724063
9115,9123,12372,8,3249,2,36000,1.00246229609
9217,9226,12486,9,3260,2,36000,1.0027607362
9331,9339,12498,8,3159,2,36000,1.00253244698
9381,9387,12720,6,3333,2,36000,1.00180018002
9476,9484,12595,8,3111,2,36000,1.00257152041
9559,9565,12714,6,3149,2,36000,1.00190536678
9560,9571,12685,11,3114,2,36000,1.00353243417
9580,9586,12882,6,3296,2,36000,1.00182038835
9581,9592,12756,11,3164,2,36000,1.00347661188
9696,9705,12915,9,3210,2,36000,1.00280373832
9785,9794,13090,9,3296,2,36000,1.00273058252
9853,9863,13210,10,3347,2,36000,1.00298775022
9903,9910,13166,7,3256,2,36000,1.00214987715
9925,9933,13027,8,3094,2,36000,1.00258564964
9931,9939,10023,8,84,32,10800,1.09523809524
9989,9999,13203,10,3204,2,36000,1.00312109863
10021,10028,13307,7,3279,2,36000,1.00213479719
10174,10183,13286,9,3103,2,36000,1.00290041895
10503,10510,13612,7,3102,2,36000,1.00225660864
10561,10569,13863,8,3294,2,36000,1.00242865817
10577,10583,13775,6,3192,2,36000,1.00187969925
10761,10770,14049,9,3279,2,36000,1.00274473925
10833,10839,14151,6,3312,2,36000,1.0018115942
10853,10859,14129,6,3270,2,36000,1.00183486239
10855,10865,14046,10,3181,2,36000,1.00314366551
10925,10931,14322,6,3391,2,36000,1.00176938956
10951,10959,14119,8,3160,2,36000,1.00253164557
11084,11092,14320,8,3228,2,36000,1.00247831475
11177,11186,14338,9,3152,2,36000,1.00285532995
11242,11250,14327,8,3077,2,36000,1.002599935
11450,11460,14658,10,3198,2,36000,1.00312695435
11541,11548,14752,7,3204,2,36000,1.00218476904
11547,11554,11633,7,79,32,10800,1.08860759494
11649,11657,14879,8,3222,2,36000,1.00248292986
11824,11831,15078,7,3247,2,36000,1.00215583616
12010,12020,15172,10,3152,2,36000,1.00317258883
12063,12072,15227,9,3155,2,36000,1.0028526149
12078,12084,15310,6,3226,2,36000,1.00185988841
12159,12166,15503,7,3337,2,36000,1.00209769254
12191,12197,15401,6,3204,2,36000,1.00187265918
12255,12264,15507,9,3243,2,36000,1.00277520814
12341,12347,15623,6,3276,2,36000,1.00183150183
12377,12383,15395,6,3012,2,36000,1.00199203187
12488,12497,15711,9,3214,2,36000,1.00280024891
12504,12509,15835,5,3326,2,36000,1.00150330728
12599,12606,15779,7,3173,2,36000,1.00220611409
12687,12699,15876,12,3177,2,36000,1.00377714825
12718,12726,15935,8,3209,2,36000,1.00249298847
12733,12739,16015,6,3276,2,36000,1.00183150183
12758,12768,15967,10,3199,2,36000,1.00312597687
12890,12896,16159,6,3263,2,36000,1.00183879865
12918,12927,16141,9,3214,2,36000,1.00280024891
13030,13038,16258,8,3220,2,36000,1.00248447205
13097,13103,16451,6,3348,2,36000,1.0017921147
13168,13177,16544,9,3367,2,36000,1.00267300267
13205,13214,16560,9,3346,2,36000,1.00268977884
13221,13227,16437,6,3210,2,36000,1.00186915888
13289,13297,16540,8,3243,2,36000,1.00246685168
13309,13318,16513,9,3195,2,36000,1.00281690141
13619,13625,16855,6,3230,2,36000,1.00185758514
13784,13790,17129,6,3339,2,36000,1.00179694519
13865,13874,17034,9,3160,2,36000,1.00284810127
14050,14057,17247,7,3190,2,36000,1.00219435737
14051,14063,17235,12,3172,2,36000,1.00378310214
14122,14130,17211,8,3081,2,36000,1.00259655956
14138,14144,17301,6,3157,2,36000,1.00190053849
14154,14162,17285,8,3123,2,36000,1.00256163945
14330,14337,17615,7,3278,2,36000,1.00213544844
14332,14342,17606,10,3264,2,36000,1.00306372549
14333,14348,17463,15,3115,2,36000,1.00481540931
14351,14357,17638,6,3281,2,36000,1.00182871076
14661,14669,17920,8,3251,2,36000,1.0024607813
14753,14763,17924,10,3161,2,36000,1.00316355584
14882,14891,18128,9,3237,2,36000,1.00278035218
15081,15089,18206,8,3117,2,36000,1.00256657042
15178,15183,18436,5,3253,2,36000,1.00153704273
15230,15238,18466,8,3228,2,36000,1.00247831475
15311,15321,18650,10,3329,2,36000,1.00300390508
15395,15406,18689,11,3283,2,36000,1.00335059397
15411,15418,18532,7,3114,2,36000,1.00224791265
15504,15514,18872,10,3358,2,36000,1.00297796307
15519,15526,18790,7,3264,2,36000,1.00214460784
15627,15635,18949,8,3314,2,36000,1.00241400121
15719,15726,19074,7,3348,2,36000,1.00209080048
15785,15791,19093,6,3302,2,36000,1.00181708056
15838,15846,19027,8,3181,2,36000,1.00251493241
15881,15886,19134,5,3248,2,36000,1.00153940887
15941,15946,19095,5,3149,2,36000,1.00158780565
15969,15978,19186,9,3208,2,36000,1.00280548628
16018,16027,19310,9,3283,2,36000,1.00274139507
16145,16153,19382,8,3229,2,36000,1.00247754723
16160,16170,19290,10,3120,2,36000,1.00320512821
16260,16270,19492,10,3222,2,36000,1.00310366232
16445,16451,19761,6,3310,2,36000,1.00181268882
16464,16470,19686,6,3216,2,36000,1.00186567164
16521,16527,19777,6,3250,2,36000,1.00184615385
16540,16546,16665,6,119,1,1800,1.05042016807
16549,16554,19770,5,3216,2,36000,1.00155472637
16550,16560,19762,10,3202,2,36000,1.00312304809
16569,16575,19737,6,3162,2,36000,1.00189753321
16858,16867,20204,9,3337,2,36000,1.00269703326
16971,16977,17083,6,106,1,1800,1.05660377358
17038,17045,20250,7,3205,2,36000,1.00218408736
17132,17140,20177,8,3037,2,36000,1.00263417847
17218,17224,20411,6,3187,2,36000,1.00188264826
17239,17247,20534,8,3287,2,36000,1.00243383024
17256,17262,20541,6,3279,2,36000,1.00182982617
17291,17298,20517,7,3219,2,36000,1.00217458838
17309,17315,20449,6,3134,2,36000,1.00191448628
17467,17474,20677,7,3203,2,36000,1.00218545114
17608,17618,20819,10,3201,2,36000,1.00312402374
17624,17630,20858,6,3228,2,36000,1.00185873606
17640,17649,20933,9,3284,2,36000,1.00274056029
17723,17729,18212,6,483,1,1800,1.01242236025
17928,17934,21061,6,3127,2,36000,1.00191877199
17929,17940,21219,11,3279,2,36000,1.00335468131
18136,18142,21346,6,3204,2,36000,1.00187265918
18209,18217,21385,8,3168,2,36000,1.00252525253
18438,18447,21630,9,3183,2,36000,1.00282752121
18469,18477,21705,8,3228,2,36000,1.00247831475
18534,18543,21787,9,3244,2,36000,1.00277435265
18654,18662,21950,8,3288,2,36000,1.00243309002
18695,18701,21942,6,3241,2,36000,1.00185128047
18797,18803,22001,6,3198,2,36000,1.00187617261
18879,18885,22119,6,3234,2,36000,1.00185528757
18951,18960,22148,9,3188,2,36000,1.00282308657
19031,19039,22156,8,3117,2,36000,1.00256657042
19078,19085,22206,7,3121,2,36000,1.00224287087
19097,19104,22361,7,3257,2,36000,1.00214921707
19099,19110,22292,11,3182,2,36000,1.00345694532
19136,19145,22292,9,3147,2,36000,1.00285986654
19188,19197,22356,9,3159,2,36000,1.00284900285
19294,19302,22636,8,3334,2,36000,1.0023995201
19313,19322,22511,9,3189,2,36000,1.00282220132
19385,19393,22615,8,3222,2,36000,1.00248292986
19495,19503,22841,8,3338,2,36000,1.0023966447
19691,19697,22840,6,3143,2,36000,1.00190900414
19739,19748,22916,9,3168,2,36000,1.00284090909
19764,19772,22800,8,3028,2,36000,1.00264200793
19766,19778,22963,12,3185,2,36000,1.00376766091
19782,19788,22931,6,3143,2,36000,1.00190900414
19783,19794,22923,11,3129,2,36000,1.00351550016
19933,19939,19983,6,44,1,1800,1.13636363636
19951,19957,19996,6,39,1,1800,1.15384615385
20185,20191,23516,6,3325,2,36000,1.00180451128
20206,20215,23401,9,3186,2,36000,1.00282485876
20258,20264,23375,6,3111,2,36000,1.00192864031
20283,20289,20386,6,97,1,1800,1.0618556701
20305,20311,20407,6,96,1,1800,1.0625
20417,20423,23668,6,3245,2,36000,1.00184899846
20456,20462,23668,6,3206,2,36000,1.00187149095
20518,20528,23841,10,3313,2,36000,1.00301841232
20537,20545,23732,8,3187,2,36000,1.00251019768
20553,20559,23960,6,3401,2,36000,1.001764187
20678,20688,23924,10,3236,2,36000,1.00309023486
20822,20830,23851,8,3021,2,36000,1.00264812976
20864,20870,23910,6,3040,2,36000,1.00197368421
20914,20920,21153,6,233,1,1800,1.02575107296
20939,20945,24166,6,3221,2,36000,1.00186277554
21064,21073,24338,9,3265,2,36000,1.00275650842
21222,21230,24365,8,3135,2,36000,1.00255183413
21334,21340,21632,6,292,1,1800,1.02054794521
21348,21358,24652,10,3294,2,36000,1.00303582271
21386,21396,24732,10,3336,2,36000,1.00299760192
21639,21645,24845,6,3200,2,36000,1.001875
21712,21718,24846,6,3128,2,36000,1.00191815857
21795,21801,25033,6,3232,2,36000,1.00185643564
21946,21953,25062,7,3109,2,36000,1.00225152782
21961,21967,25167,6,3200,2,36000,1.001875
22005,22012,25285,7,3273,2,36000,1.00213871066
22123,22130,25419,7,3289,2,36000,1.00212830648
22151,22160,25320,9,3160,2,36000,1.00284810127
22167,22173,25435,6,3262,2,36000,1.00183936235
22209,22218,25549,9,3331,2,36000,1.00270189132
22297,22303,25601,6,3298,2,36000,1.00181928441
22298,22309,25590,11,3281,2,36000,1.00335263639
22364,22370,25489,6,3119,2,36000,1.00192369349
22365,22376,25609,11,3233,2,36000,1.00340241262
22483,22489,22526,6,37,1,1800,1.16216216216
22514,22522,25778,8,3256,2,36000,1.00245700246
22619,22626,25696,7,3070,2,36000,1.00228013029
22638,22647,25981,9,3334,2,36000,1.00269946011
22803,22812,26058,9,3246,2,36000,1.00277264325
22825,22832,22893,7,61,1,1800,1.11475409836
22844,22851,26161,7,3310,2,36000,1.00211480363
22846,22857,25961,11,3104,2,36000,1.00354381443
22918,22927,26076,9,3149,2,36000,1.00285805017
22934,22940,26076,6,3136,2,36000,1.00191326531
22935,22946,26075,11,3129,2,36000,1.00351550016
22975,22981,26239,6,3258,2,36000,1.00184162063
23376,23386,26545,10,3159,2,36000,1.00316555872
23405,23412,26661,7,3249,2,36000,1.00215450908
23520,23527,26657,7,3130,2,36000,1.00223642173
23607,23614,23741,7,127,1,1800,1.05511811024
23672,23679,26906,7,3227,2,36000,1.0021691974
23673,23684,26962,11,3278,2,36000,1.0033557047
23743,23749,27089,6,3340,2,36000,1.00179640719
23851,23858,27090,7,3232,2,36000,1.00216584158
23869,23875,27176,6,3301,2,36000,1.00181763102
23918,23924,27018,6,3094,2,36000,1.00193923723
23935,23941,27174,6,3233,2,36000,1.00185586143
23963,23971,27072,8,3101,2,36000,1.00257981296
24170,24177,27250,7,3073,2,36000,1.00227790433
24341,24349,27588,8,3239,2,36000,1.00246989812
24369,24377,27636,8,3259,2,36000,1.00245474072
24656,24663,27838,7,3175,2,36000,1.00220472441
24737,24743,27961,6,3218,2,36000,1.00186451212
24848,24856,28016,8,3160,2,36000,1.00253164557
24849,24862,27939,13,3077,2,36000,1.00422489438
25035,25044,28167,9,3123,2,36000,1.00288184438
25064,25073,28240,9,3167,2,36000,1.00284180613
25171,25179,28384,8,3205,2,36000,1.00249609984
25289,25297,28515,8,3218,2,36000,1.00248601616
25324,25331,28540,7,3209,2,36000,1.00218136491
25425,25431,28817,6,3386,2,36000,1.00177200236
25444,25451,28700,7,3249,2,36000,1.00215450908
25496,25502,28684,6,3182,2,36000,1.00188560654
25550,25560,28871,10,3311,2,36000,1.00302023558
25592,25601,28802,9,3201,2,36000,1.00281162137
25608,25614,28927,6,3313,2,36000,1.00181104739
25624,25630,28796,6,3166,2,36000,1.00189513582
25699,25708,28925,9,3217,2,36000,1.00279763755
25782,25789,28974,7,3185,2,36000,1.0021978022
25965,25972,29282,7,3310,2,36000,1.00211480363
25985,25993,29149,8,3156,2,36000,1.00253485425
26070,26076,29303,6,3227,2,36000,1.00185931205
26089,26095,29311,6,3216,2,36000,1.00186567164
26090,26101,29358,11,3257,2,36000,1.00337734111
26091,26106,29357,15,3251,2,36000,1.00461396493
26165,26172,29465,7,3293,2,36000,1.00212572123
26248,26254,29465,6,3211,2,36000,1.00186857677
26547,26556,29757,9,3201,2,36000,1.00281162137
26662,26668,29850,6,3182,2,36000,1.00188560654
26663,26674,29968,11,3294,2,36000,1.00333940498
26909,26918,30050,9,3132,2,36000,1.00287356322
26965,26973,30282,8,3309,2,36000,1.00241764884
27026,27032,30363,6,3331,2,36000,1.00180126088
27083,27089,30345,6,3256,2,36000,1.00184275184
27101,27107,30346,6,3239,2,36000,1.00185242359
27102,27113,30337,11,3224,2,36000,1.00341191067
27177,27185,30422,8,3237,2,36000,1.00247142416
27178,27191,30506,13,3315,2,36000,1.00392156863
27253,27261,30486,8,3225,2,36000,1.00248062016
27591,27599,30790,8,3191,2,36000,1.00250705108
27638,27647,30884,9,3237,2,36000,1.00278035218
27845,27851,30963,6,3112,2,36000,1.00192802057
27946,27953,31324,7,3371,2,36000,1.00207653515
27964,27973,31116,9,3143,2,36000,1.0028635062
28024,28030,31121,6,3091,2,36000,1.00194111938
28169,28178,31508,9,3330,2,36000,1.0027027027
28243,28252,31669,9,3417,2,36000,1.00263388938
28385,28395,31577,10,3182,2,36000,1.00314267756
28518,28527,31900,9,3373,2,36000,1.00266824785
28543,28551,31717,8,3166,2,36000,1.00252684776
28692,28698,32003,6,3305,2,36000,1.00181543116
28708,28715,32008,7,3293,2,36000,1.00212572123
28806,28812,32010,6,3198,2,36000,1.00187617261
28807,28818,32037,11,3219,2,36000,1.00341721031
28826,28832,31915,6,3083,2,36000,1.00194615634
28873,28882,32057,9,3175,2,36000,1.00283464567
28928,28942,32159,14,3217,2,36000,1.00435188063
28929,28936,32167,7,3231,2,36000,1.00216651192
28976,28985,32309,9,3324,2,36000,1.00270758123
29152,29161,32293,9,3132,2,36000,1.00287356322
29286,29293,32489,7,3196,2,36000,1.0021902378
29305,29314,32694,9,3380,2,36000,1.00266272189
29320,29326,32656,6,3330,2,36000,1.0018018018
29366,29372,32710,6,3338,2,36000,1.00179748352
29367,29378,32579,11,3201,2,36000,1.00343642612
29473,29479,32555,6,3076,2,36000,1.00195058518
29474,29485,32641,11,3156,2,36000,1.00348542459
29759,29768,33086,9,3318,2,36000,1.0027124774
29851,29861,32902,10,3041,2,36000,1.00328839198
29970,29979,33107,9,3128,2,36000,1.00287723785
30053,30061,33330,8,3269,2,36000,1.00244723157
30287,30294,33498,7,3204,2,36000,1.00218476904
30343,30350,33615,7,3265,2,36000,1.002143951
30364,30370,33678,6,3308,2,36000,1.00181378476
30365,30376,33491,11,3115,2,36000,1.00353130016
30367,30381,33655,14,3274,2,36000,1.00427611484
30430,30436,33670,6,3234,2,36000,1.00185528757
30488,30497,33740,9,3243,2,36000,1.00277520814
30510,30517,33647,7,3130,2,36000,1.00223642173
30793,30801,34111,8,3310,2,36000,1.00241691843
30886,30895,34058,9,3163,2,36000,1.00284539994
30967,30975,34191,8,3216,2,36000,1.00248756219
31126,31132,34453,6,3321,2,36000,1.00180668473
31127,31138,34364,11,3226,2,36000,1.00340979541
31327,31335,34623,8,3288,2,36000,1.00243309002
31512,31519,34699,7,3180,2,36000,1.00220125786
31577,31588,34816,11,3228,2,36000,1.00340768278
31672,31680,35066,8,3386,2,36000,1.00236266982
31719,31728,34988,9,3260,2,36000,1.0027607362
31903,31911,35116,8,3205,2,36000,1.00249609984
31920,31926,35215,6,3289,2,36000,1.00182426269
32011,32017,35181,6,3164,2,36000,1.00189633375
32012,32023,35154,11,3131,2,36000,1.00351325455
32013,32028,35062,15,3034,2,36000,1.00494396836
32040,32048,35271,8,3223,2,36000,1.00248215948
32066,32072,35291,6,3219,2,36000,1.0018639329
32168,32174,35622,6,3448,2,36000,1.00174013921
32169,32180,35370,11,3190,2,36000,1.00344827586
32297,32304,35572,7,3268,2,36000,1.00214198286
32313,32320,35677,7,3357,2,36000,1.00208519511
32486,32500,35658,14,3158,2,36000,1.00443318556
32557,32567,35840,10,3273,2,36000,1.00305530095
32582,32591,35860,9,3269,2,36000,1.00275313552
32644,32652,35906,8,3254,2,36000,1.0024585126
32660,32668,35955,8,3287,2,36000,1.00243383024
32697,32705,35977,8,3272,2,36000,1.00244498778
32713,32721,35888,8,3167,2,36000,1.00252604989
32903,32913,36122,10,3209,2,36000,1.00311623559
33089,33098,36483,9,3385,2,36000,1.00265878877
33111,33118,36252,7,3134,2,36000,1.00223356733
33334,33341,36453,7,3112,2,36000,1.00224935733
33492,33502,36724,10,3222,2,36000,1.00310366232
33508,33514,36756,6,3242,2,36000,1.00185070944
33619,33626,36851,7,3225,2,36000,1.00217054264
33650,33658,37032,8,3374,2,36000,1.00237107291
33666,33672,36904,6,3232,2,36000,1.00185643564
33681,33688,37059,7,3371,2,36000,1.00207653515
33683,33694,36925,11,3231,2,36000,1.00340451872
33745,33751,36746,6,2995,2,36000,1.0020033389
34065,34071,37452,6,3381,2,36000,1.00177462289
34118,34125,37262,7,3137,2,36000,1.0022314313
34194,34202,37574,8,3372,2,36000,1.00237247924
34367,34375,37769,8,3394,2,36000,1.00235710077
34457,34465,37649,8,3184,2,36000,1.00251256281
34631,34637,37693,6,3056,2,36000,1.00196335079
34703,34710,37880,7,3170,2,36000,1.00220820189
34819,34827,38038,8,3211,2,36000,1.00249143569
34989,34999,38157,10,3158,2,36000,1.00316656111
35063,35073,38305,10,3232,2,36000,1.00309405941
35079,35085,38252,6,3167,2,36000,1.00189453742
35119,35127,38328,8,3201,2,36000,1.00249921899
35157,35166,38290,9,3124,2,36000,1.0028809219
35185,35192,38416,7,3224,2,36000,1.00217121588
35216,35226,38437,10,3211,2,36000,1.00311429461
35275,35282,38474,7,3192,2,36000,1.00219298246
35294,35302,38568,8,3266,2,36000,1.00244947949
35374,35382,38520,8,3138,2,36000,1.00254939452
35575,35583,38832,8,3249,2,36000,1.00246229609
35625,35633,38873,8,3240,2,36000,1.0024691358
35662,35669,38812,7,3143,2,36000,1.00222717149
35678,35688,39045,10,3357,2,36000,1.00297885016
35842,35851,39227,9,3376,2,36000,1.00266587678
35864,35871,39003,7,3132,2,36000,1.00223499361
35892,35899,39000,7,3101,2,36000,1.00225733634
35908,35917,39216,9,3299,2,36000,1.00272809942
35957,35966,39270,9,3304,2,36000,1.00272397094
35979,35989,39199,10,3210,2,36000,1.0031152648
36125,36133,39495,8,3362,2,36000,1.00237953599
36255,36263,39414,8,3151,2,36000,1.00253887655
36455,36464,39499,9,3035,2,36000,1.00296540362
36486,36494,39589,8,3095,2,36000,1.00258481422
36725,36735,39991,10,3256,2,36000,1.00307125307
36747,36757,39860,10,3103,2,36000,1.00322268772
36763,36769,39816,6,3047,2,36000,1.00196914998
36855,36862,39929,7,3067,2,36000,1.00228236061
36908,36915,40016,7,3101,2,36000,1.00225733634
36927,36936,40045,9,3109,2,36000,1.00289482149
37035,37044,40422,9,3378,2,36000,1.0026642984
37063,37070,40098,7,3028,2,36000,1.00231175694
37264,37273,40362,9,3089,2,36000,1.00291356426
37454,37463,40654,9,3191,2,36000,1.00282043247
37577,37585,40833,8,3248,2,36000,1.00246305419
37651,37660,41034,9,3374,2,36000,1.00266745702
37694,37704,40879,10,3175,2,36000,1.0031496063
37772,37780,40957,8,3177,2,36000,1.00251809884
37883,37891,41212,8,3321,2,36000,1.00240891298
38040,38049,41276,9,3227,2,36000,1.00278896808
38161,38169,41510,8,3341,2,36000,1.00239449267
38256,38264,41476,8,3212,2,36000,1.00249066002
38293,38301,41516,8,3215,2,36000,1.00248833593
38309,38317,41425,8,3108,2,36000,1.00257400257
38331,38339,41526,8,3187,2,36000,1.00251019768
38420,38427,41533,7,3106,2,36000,1.00225370251
38439,38448,41543,9,3095,2,36000,1.00290791599
38477,38486,41711,9,3225,2,36000,1.00279069767
38524,38531,41779,7,3248,2,36000,1.00215517241
38570,38579,41809,9,3230,2,36000,1.00278637771
38814,38823,42142,9,3319,2,36000,1.00271166014
38836,38843,42100,7,3257,2,36000,1.00214921707
38876,38885,42151,9,3266,2,36000,1.00275566442
39002,39012,42231,10,3219,2,36000,1.00310655483
39018,39024,42253,6,3229,2,36000,1.00185816042
39049,39055,42049,6,2994,2,36000,1.00200400802
39200,39210,42379,10,3169,2,36000,1.00315556958
39219,39227,42511,8,3284,2,36000,1.00243605359
39234,39241,42364,7,3123,2,36000,1.00224143452
39271,39281,42577,10,3296,2,36000,1.00303398058
39417,39426,42550,9,3124,2,36000,1.0028809219
39498,39506,42709,8,3203,2,36000,1.00249765845
39513,39519,42692,6,3173,2,36000,1.00189095493
39593,39600,42847,7,3247,2,36000,1.00215583616
39819,39827,43099,8,3272,2,36000,1.00244498778
39863,39871,42993,8,3122,2,36000,1.00256245996
39930,39940,43141,10,3201,2,36000,1.00312402374
39992,40002,43128,10,3126,2,36000,1.00319897633
40017,40027,43239,10,3212,2,36000,1.00311332503
40048,40056,43207,8,3151,2,36000,1.00253887655
40101,40109,43297,8,3188,2,36000,1.00250941029
40365,40374,43537,9,3163,2,36000,1.00284539994
40427,40433,43760,6,3327,2,36000,1.00180342651
40659,40665,44010,6,3345,2,36000,1.00179372197
40835,40844,43936,9,3092,2,36000,1.00291073739
40881,40890,44100,9,3210,2,36000,1.00280373832
40958,40968,44143,10,3175,2,36000,1.0031496063
41036,41045,44175,9,3130,2,36000,1.00287539936
41215,41223,44378,8,3155,2,36000,1.00253565769
41278,41288,44584,10,3296,2,36000,1.00303398058
41428,41437,44636,9,3199,2,36000,1.00281337918
41478,41488,44804,10,3316,2,36000,1.00301568154
41512,41521,44691,9,3170,2,36000,1.00283911672
41528,41534,44804,6,3270,2,36000,1.00183486239
41529,41540,44865,11,3325,2,36000,1.00330827068
41545,41551,44718,6,3167,2,36000,1.00189453742
41546,41557,44874,11,3317,2,36000,1.00331624962
41712,41722,45054,10,3332,2,36000,1.00300120048
41781,41790,44850,9,3060,2,36000,1.00294117647
41790,41796,41821,6,25,32,10800,1.24
41812,41820,45054,8,3234,2,36000,1.00247371676
42052,42060,45258,8,3198,2,36000,1.00250156348
42102,42111,45245,9,3134,2,36000,1.00287172942
42146,42153,45428,7,3275,2,36000,1.00213740458
42161,42167,45397,6,3230,2,36000,1.00185758514
42232,42242,45246,10,3004,2,36000,1.00332889481
42257,42264,45396,7,3132,2,36000,1.00223499361
42366,42375,45644,9,3269,2,36000,1.00275313552
42382,42390,45593,8,3203,2,36000,1.00249765845
42493,42499,42529,6,30,32,10800,1.2
42515,42522,45814,7,3292,2,36000,1.00212636695
42553,42562,45843,9,3281,2,36000,1.00274306614
42581,42588,45770,7,3182,2,36000,1.00219987429
42693,42703,45929,10,3226,2,36000,1.00309981401
42712,42720,45740,8,3020,2,36000,1.00264900662
42849,42858,46069,9,3211,2,36000,1.00280286515
42996,43005,46202,9,3197,2,36000,1.00281513919
43011,43017,43042,6,25,32,10800,1.24
43102,43110,46395,8,3285,2,36000,1.00243531202
43130,43139,46494,9,3355,2,36000,1.00268256334
43146,43152,46352,6,3200,2,36000,1.001875
43212,43219,46443,7,3224,2,36000,1.00217121588
43243,43251,46599,8,3348,2,36000,1.00238948626
43299,43308,46669,9,3361,2,36000,1.00267777447
43541,43548,46738,7,3190,2,36000,1.00219435737
43762,43771,46999,9,3228,2,36000,1.00278810409
43937,43947,47146,10,3199,2,36000,1.00312597687
44012,44021,47259,9,3238,2,36000,1.00277949351
44103,44111,47397,8,3286,2,36000,1.00243457091
44146,44155,47520,9,3365,2,36000,1.00267459138
44178,44187,47263,9,3076,2,36000,1.00292587776
44380,44389,47561,9,3172,2,36000,1.00283732661
44588,44595,47855,7,3260,2,36000,1.00214723926
44638,44647,47938,9,3291,2,36000,1.00273473108
44695,44702,47893,7,3191,2,36000,1.0021936697
44721,44730,48091,9,3361,2,36000,1.00267777447
44806,44815,48020,9,3205,2,36000,1.00280811232
44807,44820,47910,13,3090,2,36000,1.00420711974
44852,44861,48218,9,3357,2,36000,1.00268096515
44868,44877,48330,9,3453,2,36000,1.00260642919
44884,44890,48164,6,3274,2,36000,1.00183262065
45056,45126,48190,70,3064,2,36000,1.022845953
45058,45131,48317,73,3186,2,36000,1.02291274325
45246,45262,48442,16,3180,2,36000,1.00503144654
45248,45256,48398,8,3142,2,36000,1.00254614895
45264,45269,48475,5,3206,2,36000,1.0015595758
45399,45407,48722,8,3315,2,36000,1.002413273
45401,45413,48625,12,3212,2,36000,1.00373599004
45429,45439,48614,10,3175,2,36000,1.0031496063
45597,45604,48907,7,3303,2,36000,1.0021192855
45647,45655,48793,8,3138,2,36000,1.00254939452
45743,45752,48883,9,3131,2,36000,1.002874481
45771,45781,48952,10,3171,2,36000,1.00315357931
45818,45825,49044,7,3219,2,36000,1.00217458838
45846,45854,48987,8,3133,2,36000,1.00255346313
45930,45940,49254,10,3314,2,36000,1.00301750151
46073,46080,49345,7,3265,2,36000,1.002143951
46204,46213,49322,9,3109,2,36000,1.00289482149
46356,46363,49607,7,3244,2,36000,1.00215782984
46397,46406,49650,9,3244,2,36000,1.00277435265
46445,46454,49778,9,3324,2,36000,1.00270758123
46498,46505,49680,7,3175,2,36000,1.00220472441
46602,46611,49788,9,3177,2,36000,1.00283286119
46673,46681,49856,8,3175,2,36000,1.00251968504
46740,46749,49987,9,3238,2,36000,1.00277949351
47001,47011,50298,10,3287,2,36000,1.0030422878
47150,47157,50414,7,3257,2,36000,1.00214921707
47261,47271,50606,10,3335,2,36000,1.00299850075
47277,47283,50504,6,3221,2,36000,1.00186277554
47403,47408,50592,5,3184,2,36000,1.00157035176
47523,47532,50770,9,3238,2,36000,1.00277949351
47564,47573,50807,9,3234,2,36000,1.00278293135
47858,47867,51068,9,3201,2,36000,1.00281162137
47896,47904,51171,8,3267,2,36000,1.00244872972
47914,47921,51216,7,3295,2,36000,1.00212443096
47942,47949,51085,7,3136,2,36000,1.00223214286
48022,48032,51288,10,3256,2,36000,1.00307125307
48093,48102,51387,9,3285,2,36000,1.00273972603
48168,48175,51342,7,3167,2,36000,1.00221029365
48193,48201,51339,8,3138,2,36000,1.00254939452
48220,48229,51299,9,3070,2,36000,1.00293159609
48321,48328,51526,7,3198,2,36000,1.00218886804
48336,48342,51387,6,3045,2,36000,1.00197044335
48401,48410,51693,9,3283,2,36000,1.00274139507
48445,48453,51524,8,3071,2,36000,1.00260501465
48477,48487,51757,10,3270,2,36000,1.00305810398
48618,48625,51929,7,3304,2,36000,1.00211864407
48634,48640,51927,6,3287,2,36000,1.00182537268
48725,48733,51897,8,3164,2,36000,1.00252844501
48797,48804,51990,7,3186,2,36000,1.00219711237
48885,48894,52108,9,3214,2,36000,1.00280024891
48910,48919,52108,9,3189,2,36000,1.00282220132
48954,48964,52108,10,3144,2,36000,1.00318066158
48991,48999,52077,8,3078,2,36000,1.00259909032
49047,49056,52109,9,3053,2,36000,1.00294792008
49256,49266,52109,10,2843,2,36000,1.00351741119
49324,49334,52108,10,2774,2,36000,1.00360490267
49349,49356,52109,7,2753,2,36000,1.00254268071
49609,49618,52109,9,2491,2,36000,1.00361300682
49653,49662,52109,9,2447,2,36000,1.00367797303
49684,49691,52109,7,2418,2,36000,1.00289495451
49782,49789,52109,7,2320,2,36000,1.00301724138
49798,49804,52109,6,2305,2,36000,1.00260303688
49860,49868,52109,8,2241,2,36000,1.0035698349
49989,49998,52109,9,2111,2,36000,1.00426338228
50302,50309,52109,7,1800,2,36000,1.00388888889
50416,50425,52109,9,1684,2,36000,1.00534441805
50506,50515,52109,9,1594,2,36000,1.00564617315
50595,50603,52109,8,1506,2,36000,1.00531208499
50611,50617,52109,6,1492,2,36000,1.00402144772
50772,50781,52109,9,1328,2,36000,1.00677710843
50809,50818,52109,9,1291,2,36000,1.00697134005
51070,51080,52109,10,1029,2,36000,1.00971817298
51086,51096,52109,10,1013,2,36000,1.00987166831
51172,51182,52109,10,927,2,36000,1.01078748652
51219,51227,52109,8,882,2,36000,1.00907029478
51289,51299,52109,10,810,2,36000,1.01234567901
51305,51311,52109,6,798,2,36000,1.00751879699
51343,51353,52109,10,756,2,36000,1.01322751323
51344,51358,52109,14,751,2,36000,1.01864181092
51391,51399,52109,8,710,2,36000,1.01126760563
51392,51404,52109,12,705,2,36000,1.0170212766
51526,51536,52109,10,573,2,36000,1.01745200698
51528,51542,52109,14,567,2,36000,1.02469135802
51697,51704,52109,7,405,2,36000,1.01728395062
51758,51768,52109,10,341,2,36000,1.0293255132
51901,51908,52109,7,201,2,36000,1.03482587065
51929,51944,52109,15,165,2,36000,1.09090909091
51931,51938,52109,7,171,2,36000,1.04093567251
51994,52002,52109,8,107,2,36000,1.07476635514
52080,52088,52109,8,21,2,36000,1.38095238095
52172,52178,55491,6,3313,2,36000,1.00181104739
52173,52184,55384,11,3200,2,36000,1.0034375
52174,52189,55351,15,3162,2,36000,1.00474383302
52176,52194,55418,18,3224,2,36000,1.00558312655
52177,52199,55456,22,3257,2,36000,1.00675468222
52178,52204,55472,26,3268,2,36000,1.00795593635
52179,52210,55358,31,3148,2,36000,1.00984752224
52181,52215,55394,34,3179,2,36000,1.01069518717
52182,52220,55421,38,3201,2,36000,1.01187129022
52183,52225,55459,42,3234,2,36000,1.01298701299
52185,52231,55485,46,3254,2,36000,1.01413644745
52186,52236,55610,50,3374,2,36000,1.01481920569
52187,52241,55597,54,3356,2,36000,1.01609058403
52188,52246,55470,58,3224,2,36000,1.01799007444
52190,52251,55500,61,3249,2,36000,1.01877500769
52191,52256,55511,65,3255,2,36000,1.01996927803
52192,52261,55349,69,3088,2,36000,1.02234455959
52194,52267,55582,73,3315,2,36000,1.02202111614
52195,52272,55572,77,3300,2,36000,1.02333333333
52196,52277,55484,81,3207,2,36000,1.02525724977
52198,52282,55456,84,3174,2,36000,1.02646502836
52199,52287,55486,88,3199,2,36000,1.02750859644
52201,52292,55535,91,3243,2,36000,1.02806043787
52202,52298,55518,96,3220,2,36000,1.0298136646
52203,52303,55496,100,3193,2,36000,1.03131850924
52204,52308,55487,104,3179,2,36000,1.03271469015
52206,52314,55390,108,3076,2,36000,1.03511053316
52207,52319,55477,112,3158,2,36000,1.03546548448
52208,52324,55630,116,3306,2,36000,1.0350877193
52210,52329,55447,119,3118,2,36000,1.0381654907
52211,52334,55431,123,3097,2,36000,1.03971585405
52212,52340,55559,128,3219,2,36000,1.03976390183
52214,52345,55535,131,3190,2,36000,1.04106583072
52215,52350,55456,135,3106,2,36000,1.04346426272
52216,52355,55607,139,3252,2,36000,1.04274292743
52218,52360,55548,142,3188,2,36000,1.04454203262
52219,52366,55626,147,3260,2,36000,1.04509202454
52220,52371,55577,151,3206,2,36000,1.04709918902
52221,52376,55615,155,3239,2,36000,1.04785427601
52223,52381,55527,158,3146,2,36000,1.05022250477
55351,55360,58460,9,3100,2,36000,1.00290322581
55366,55372,58663,6,3291,2,36000,1.00182315406
55367,55378,58643,11,3265,2,36000,1.00336906585
55385,55395,58643,10,3248,2,36000,1.00307881773
55399,55405,58571,6,3166,2,36000,1.00189513582
55401,55411,58601,10,3190,2,36000,1.00313479624
55421,55429,58542,8,3113,2,36000,1.00256986829
55422,55435,58548,13,3113,2,36000,1.00417603598
55438,55444,58685,6,3241,2,36000,1.00185128047
55453,55459,58690,6,3231,2,36000,1.00185701021
55468,55474,58688,6,3214,2,36000,1.00186683261
55469,55480,58771,11,3291,2,36000,1.0033424491
55471,55485,58766,14,3281,2,36000,1.00426699177
55472,55490,58782,18,3292,2,36000,1.00546780073
55488,55496,58733,8,3237,2,36000,1.00247142416
55489,55501,58728,12,3227,2,36000,1.00371862411
55490,55506,58809,16,3303,2,36000,1.00484408114
55492,55513,58710,21,3197,2,36000,1.00656865812
55493,55518,58753,25,3235,2,36000,1.00772797527
55494,55523,58790,29,3267,2,36000,1.00887664524
55495,55529,58839,34,3310,2,36000,1.01027190332
55511,55535,58606,24,3071,2,36000,1.00781504396
55512,55540,58722,28,3182,2,36000,1.00879949717
55514,55545,58757,31,3212,2,36000,1.0096513076
55529,55550,58773,21,3223,2,36000,1.00651566863
55530,55556,58758,26,3202,2,36000,1.00811992505
55531,55561,58795,30,3234,2,36000,1.00927643785
55546,55566,58794,20,3228,2,36000,1.00619578686
55548,55572,58847,24,3275,2,36000,1.00732824427
55563,55578,58807,15,3229,2,36000,1.00464540105
55564,55583,58854,19,3271,2,36000,1.00580862122
55579,55589,58805,10,3216,2,36000,1.00310945274
55580,55594,58857,14,3263,2,36000,1.00429053019
55595,55601,58825,6,3224,2,36000,1.00186104218
55610,55616,58841,6,3225,2,36000,1.00186046512
55611,55622,58923,11,3301,2,36000,1.00333232354
55613,55627,58876,14,3249,2,36000,1.00430901816
55628,55634,58887,6,3253,2,36000,1.00184445128
55629,55640,58874,11,3234,2,36000,1.00340136054
55644,55650,58820,6,3170,2,36000,1.00189274448
56483,56489,56499,6,10,4,14400,1.6
58463,58471,61707,8,3236,2,36000,1.00247218789
58544,58553,61822,9,3269,2,36000,1.00275313552
58558,58564,61812,6,3248,2,36000,1.00184729064
58573,58583,61780,10,3197,2,36000,1.00312793244
58603,58612,61731,9,3119,2,36000,1.00288554024
58618,58624,61846,6,3222,2,36000,1.00186219739
58644,58654,61710,10,3056,2,36000,1.00327225131
58645,58659,61857,14,3198,2,36000,1.00437773609
58666,58674,61808,8,3134,2,36000,1.00255264837
58687,58696,62032,9,3336,2,36000,1.00269784173
58702,58708,61944,6,3236,2,36000,1.00185414091
58703,58714,61978,11,3264,2,36000,1.00337009804
58719,58725,62010,6,3285,2,36000,1.00182648402
58734,58739,62045,5,3306,2,36000,1.00151240169
58735,58745,61913,10,3168,2,36000,1.00315656566
58736,58750,61921,14,3171,2,36000,1.00441501104
58754,58765,62079,11,3314,2,36000,1.00331925166
58769,58776,62001,7,3225,2,36000,1.00217054264
58771,58782,62017,11,3235,2,36000,1.00340030912
58772,58788,62061,16,3273,2,36000,1.00488848152
58788,58794,61939,6,3145,2,36000,1.00190779014
58789,58800,62167,11,3367,2,36000,1.00326700327
58790,58805,62053,15,3248,2,36000,1.0046182266
58806,58812,62018,6,3206,2,36000,1.00187149095
58807,58818,61935,11,3117,2,36000,1.00352903433
58809,58823,62045,14,3222,2,36000,1.00434512725
58810,58828,62100,18,3272,2,36000,1.00550122249
58825,58834,62075,9,3241,2,36000,1.0027769207
58827,58839,62186,12,3347,2,36000,1.00358530027
58828,58844,62075,16,3231,2,36000,1.00495202724
58829,58850,61958,21,3108,2,36000,1.00675675676
58844,58855,62106,11,3251,2,36000,1.00338357428
58846,58861,62185,15,3324,2,36000,1.00451263538
58861,58867,62008,6,3141,2,36000,1.00191021968
58862,58873,62034,11,3161,2,36000,1.00347991142
58864,58878,62121,14,3243,2,36000,1.00431699044
58879,58885,62020,6,3135,2,36000,1.0019138756
58880,58891,62079,11,3188,2,36000,1.00345043915
58894,58901,62190,7,3289,2,36000,1.00212830648
58925,58934,62187,9,3253,2,36000,1.00276667691
59605,59611,59614,6,3,4,14400,1.0
59904,59910,60496,6,586,1,14400,1.01023890785
60508,60514,60520,6,6,4,14400,1.2
60783,60789,60790,6,1,4,14400,1.0
61054,61060,61062,6,2,4,14400,1.0
61710,61718,64923,8,3205,2,36000,1.00249609984
61711,61724,65012,13,3288,2,36000,1.00395377129
61732,61742,64989,10,3247,2,36000,1.00307976594
61780,61791,65070,11,3279,2,36000,1.00335468131
61810,61819,65025,9,3206,2,36000,1.00280723643
61825,61831,65163,6,3332,2,36000,1.00180072029
61827,61837,65050,10,3213,2,36000,1.00311235605
61847,61857,65033,10,3176,2,36000,1.00314861461
61862,61868,65114,6,3246,2,36000,1.00184842884
61916,61924,65099,8,3175,2,36000,1.00251968504
61930,61936,65066,6,3130,2,36000,1.00191693291
61945,61952,65186,7,3234,2,36000,1.00216450216
61947,61957,65070,10,3113,2,36000,1.00321233537
61948,61963,65270,15,3307,2,36000,1.00453583308
61963,61969,65234,6,3265,2,36000,1.00183767228
61981,61989,65255,8,3266,2,36000,1.00244947949
62004,62012,65149,8,3137,2,36000,1.0025502072
62020,62026,65144,6,3118,2,36000,1.00192431046
62021,62032,65311,11,3279,2,36000,1.00335468131
62022,62037,65215,15,3178,2,36000,1.00471994965
62024,62042,65210,18,3168,2,36000,1.00568181818
62025,62048,65243,23,3195,2,36000,1.00719874804
62040,62054,65202,14,3148,2,36000,1.00444726811
62042,62059,65385,17,3326,2,36000,1.00511124474
62057,62065,65250,8,3185,2,36000,1.00251177394
62059,62070,65298,11,3228,2,36000,1.00340768278
62060,62076,65328,16,3252,2,36000,1.0049200492
62075,62082,65289,7,3207,2,36000,1.00218272529
62090,62096,65242,6,3146,2,36000,1.00190718373
62092,62102,65447,10,3345,2,36000,1.00298953662
62093,62107,65327,14,3220,2,36000,1.00434782609
62094,62112,65387,18,3275,2,36000,1.00549618321
62110,62118,65255,8,3137,2,36000,1.0025502072
62111,62123,65365,12,3242,2,36000,1.00370141888
62126,62132,65275,6,3143,2,36000,1.00190900414
62168,62178,65432,10,3254,2,36000,1.00307314075
62182,62196,65438,14,3242,2,36000,1.00431832202
62198,62204,65280,6,3076,2,36000,1.00195058518
62199,62210,65479,11,3269,2,36000,1.00336494341
62200,62215,65390,15,3175,2,36000,1.00472440945
62214,62221,62222,7,1,4,14400,1.0
62450,62456,62457,6,1,4,14400,1.0
64923,64934,68118,11,3184,2,36000,1.00345477387
64990,65000,68141,10,3141,2,36000,1.00318369946
65014,65023,68188,9,3165,2,36000,1.0028436019
65028,65036,68269,8,3233,2,36000,1.00247448191
65043,65049,68195,6,3146,2,36000,1.00190718373
65058,65064,68202,6,3138,2,36000,1.00191204589
65073,65080,68028,7,2948,2,36000,1.00237449118
65075,65086,68249,11,3163,2,36000,1.00347771103
65076,65091,68337,15,3246,2,36000,1.00462107209
65100,65110,68317,10,3207,2,36000,1.00311817898
65115,65125,68305,10,3180,2,36000,1.00314465409
65145,65155,68315,10,3160,2,36000,1.00316455696
65160,65166,68407,6,3241,2,36000,1.00185128047
65175,65181,68370,6,3189,2,36000,1.00188146754
65189,65197,68405,8,3208,2,36000,1.00249376559
65205,65213,68390,8,3177,2,36000,1.00251809884
65220,65226,68479,6,3253,2,36000,1.00184445128
65221,65232,68361,11,3129,2,36000,1.00351550016
65236,65245,68430,9,3185,2,36000,1.00282574568
65252,65258,68519,6,3261,2,36000,1.0018399264
65253,65264,68357,11,3093,2,36000,1.00355641772
65254,65269,68591,15,3322,2,36000,1.0045153522
65270,65276,68496,6,3220,2,36000,1.00186335404
65271,65282,68592,11,3310,2,36000,1.00332326284
65273,65287,68478,14,3191,2,36000,1.00438733939
65288,65294,68419,6,3125,2,36000,1.00192
65289,65299,68470,10,3171,2,36000,1.00315357931
65304,65310,68639,6,3329,2,36000,1.00180234305
65305,65316,68528,11,3212,2,36000,1.00342465753
65320,65326,68480,6,3154,2,36000,1.00190234623
65335,65341,68604,6,3263,2,36000,1.00183879865
65336,65347,68554,11,3207,2,36000,1.00342999688
65366,65376,68588,10,3212,2,36000,1.00311332503
65387,65397,68682,10,3285,2,36000,1.00304414003
65389,65403,68649,14,3246,2,36000,1.00431300062
65403,65410,68716,7,3306,2,36000,1.00211736237
65433,65443,68618,10,3175,2,36000,1.0031496063
65448,65455,68677,7,3222,2,36000,1.00217256363
65450,65461,68736,11,3275,2,36000,1.00335877863
65479,65490,68784,11,3294,2,36000,1.00333940498
68031,68039,71278,8,3239,2,36000,1.00246989812
68121,68130,71316,9,3186,2,36000,1.00282485876
68142,68152,71336,10,3184,2,36000,1.00314070352
68190,68199,71242,9,3043,2,36000,1.00295760762
68205,68211,71419,6,3208,2,36000,1.00187032419
68206,68217,71485,11,3268,2,36000,1.00336597307
68251,68260,71475,9,3215,2,36000,1.00279937792
68272,68281,71426,9,3145,2,36000,1.00286168521
68309,68316,71493,7,3177,2,36000,1.00220333648
68324,68330,71658,6,3328,2,36000,1.00180288462
68325,68336,71585,11,3249,2,36000,1.00338565713
68339,68348,71484,9,3136,2,36000,1.00286989796
68361,68368,71757,7,3389,2,36000,1.00206550605
68376,68382,71430,6,3048,2,36000,1.00196850394
68377,68388,71577,11,3189,2,36000,1.00344935717
68392,68402,71541,10,3139,2,36000,1.00318572794
68407,68422,71567,15,3145,2,36000,1.00476947536
68409,68416,71614,7,3198,2,36000,1.00218886804
68424,68430,71617,6,3187,2,36000,1.00188264826
68439,68445,71730,6,3285,2,36000,1.00182648402
68472,68481,71708,9,3227,2,36000,1.00278896808
68488,68494,71619,6,3125,2,36000,1.00192
68489,68500,71763,11,3263,2,36000,1.00337113086
68490,68505,71656,15,3151,2,36000,1.00476039353
68505,68511,71748,6,3237,2,36000,1.00185356812
68520,68530,71814,10,3284,2,36000,1.00304506699
68535,68541,71680,6,3139,2,36000,1.00191143676
68555,68565,71883,10,3318,2,36000,1.00301386377
68592,68602,71733,10,3131,2,36000,1.00319386777
68593,68608,71793,15,3185,2,36000,1.00470957614
68608,68614,71738,6,3124,2,36000,1.0019206146
68609,68620,71883,11,3263,2,36000,1.00337113086
68624,68630,71717,6,3087,2,36000,1.0019436346
68644,68650,71842,6,3192,2,36000,1.00187969925
68659,68665,71827,6,3162,2,36000,1.00189753321
68680,68688,71864,8,3176,2,36000,1.00251889169
68694,68701,71915,7,3214,2,36000,1.00217797138
68718,68727,72021,9,3294,2,36000,1.00273224044
68739,68747,71940,8,3193,2,36000,1.00250548074
68788,68796,71988,8,3192,2,36000,1.00250626566
71244,71253,74390,9,3137,2,36000,1.0028689831
71280,71289,74531,9,3242,2,36000,1.00277606416
71319,71328,74496,9,3168,2,36000,1.00284090909
71336,71347,74632,11,3285,2,36000,1.00334855403
71421,71430,74683,9,3253,2,36000,1.00276667691
71436,71442,74608,6,3166,2,36000,1.00189513582
71437,71448,74649,11,3201,2,36000,1.00343642612
71476,71487,74702,11,3215,2,36000,1.0034214619
71491,71498,74729,7,3231,2,36000,1.00216651192
71493,71503,74654,10,3151,2,36000,1.00317359568
71507,71513,74875,6,3362,2,36000,1.00178465199
71543,71552,74795,9,3243,2,36000,1.00277520814
71570,71578,74884,8,3306,2,36000,1.00241984271
71585,71591,74716,6,3125,2,36000,1.00192
71599,71605,74844,6,3239,2,36000,1.00185242359
71617,71625,75037,8,3412,2,36000,1.00234466589
71618,71631,74961,13,3330,2,36000,1.0039039039
71633,71640,74910,7,3270,2,36000,1.00214067278
71658,71667,74965,9,3298,2,36000,1.00272892662
71672,71678,74948,6,3270,2,36000,1.00183486239
71687,71693,74875,6,3182,2,36000,1.00188560654
71711,71719,74956,8,3237,2,36000,1.00247142416
71725,71732,75002,7,3270,2,36000,1.00214067278
71741,71747,74946,6,3199,2,36000,1.00187558612
71742,71753,75025,11,3272,2,36000,1.00336185819
71743,71758,74835,15,3077,2,36000,1.00487487813
71758,71764,74931,6,3167,2,36000,1.00189453742
71759,71770,75045,11,3275,2,36000,1.00335877863
71774,71780,74895,6,3115,2,36000,1.00192616372
71795,71805,75038,10,3233,2,36000,1.00309310238
71815,71825,75107,10,3282,2,36000,1.00304692261
71830,71838,75003,8,3165,2,36000,1.00252764613
71845,71853,74944,8,3091,2,36000,1.00258815917
71866,71875,75072,9,3197,2,36000,1.00281513919
71884,71894,75126,10,3232,2,36000,1.00309405941
71885,71899,75077,14,3178,2,36000,1.00440528634
71915,71926,75231,11,3305,2,36000,1.00332829047
71942,71951,75231,9,3280,2,36000,1.00274390244
71990,72000,75168,10,3168,2,36000,1.00315656566
72023,72032,75179,9,3147,2,36000,1.00285986654
72969,72975,72976,6,1,2,3540,1.0
74394,74401,77480,7,3079,2,36000,1.00227346541
74499,74507,77703,8,3196,2,36000,1.00250312891
74533,74542,77613,9,3071,2,36000,1.00293064148
74611,74620,77919,9,3299,2,36000,1.00272809942
74635,74644,77953,9,3309,2,36000,1.00271985494
74652,74660,77860,8,3200,2,36000,1.0025
74667,74673,77775,6,3102,2,36000,1.00193423598
74685,74694,78020,9,3326,2,36000,1.0027059531
74703,74714,77779,11,3065,2,36000,1.00358890701
74718,74727,77919,9,3192,2,36000,1.00281954887
74732,74740,77806,8,3066,2,36000,1.00260926288
74796,74806,77984,10,3178,2,36000,1.0031466331
74839,74846,78078,7,3232,2,36000,1.00216584158
74854,74860,78133,6,3273,2,36000,1.00183318057
74877,74885,78076,8,3191,2,36000,1.00250705108
74879,74895,78270,16,3375,2,36000,1.00474074074
74893,74901,78247,8,3346,2,36000,1.00239091452
74908,74914,78080,6,3166,2,36000,1.00189513582
74923,74929,78049,6,3120,2,36000,1.00192307692
74938,74944,78051,6,3107,2,36000,1.00193112327
74953,74958,78204,5,3246,2,36000,1.00154035736
74954,74964,78157,10,3193,2,36000,1.00313185092
74955,74969,78222,14,3253,2,36000,1.00430371964
74971,74976,78314,5,3338,2,36000,1.00149790294
74972,74983,78308,11,3325,2,36000,1.00330827068
74973,74988,78161,15,3173,2,36000,1.00472738733
75004,75019,78282,15,3263,2,36000,1.00459699663
75005,75013,78214,8,3201,2,36000,1.00249921899
75026,75036,78239,10,3203,2,36000,1.00312207306
75040,75048,78269,8,3221,2,36000,1.00248370071
75042,75054,78415,12,3361,2,36000,1.00357036596
75056,75063,78344,7,3281,2,36000,1.00213349589
75074,75083,78277,9,3194,2,36000,1.00281778334
75089,75095,78381,6,3286,2,36000,1.00182592818
75110,75118,78226,8,3108,2,36000,1.00257400257
75128,75137,78432,9,3295,2,36000,1.00273141123
75170,75180,78511,10,3331,2,36000,1.00300210147
75184,75191,78508,7,3317,2,36000,1.00211034067
75233,75242,78482,9,3240,2,36000,1.00277777778
75234,75247,78597,13,3350,2,36000,1.00388059701
77482,77491,80797,9,3306,2,36000,1.00272232305
77614,77624,80901,10,3277,2,36000,1.00305157156
77705,77715,80948,10,3233,2,36000,1.00309310238
77777,77786,81019,9,3233,2,36000,1.00278379214
77792,77798,81015,6,3217,2,36000,1.0018650917
77809,77817,81103,8,3286,2,36000,1.00243457091
77863,77872,81163,9,3291,2,36000,1.00273473108
77921,77930,81288,9,3358,2,36000,1.00268016677
77922,77935,81231,13,3296,2,36000,1.00394417476
77955,77964,81275,9,3311,2,36000,1.00271821202
77985,77995,81139,10,3144,2,36000,1.00318066158
78021,78031,81210,10,3179,2,36000,1.00314564328
78051,78061,81396,10,3335,2,36000,1.00299850075
78052,78067,81302,15,3235,2,36000,1.00463678516
78079,78087,81284,8,3197,2,36000,1.00250234595
78081,78093,81390,12,3297,2,36000,1.00363967243
78095,78102,81313,7,3211,2,36000,1.00218000623
78134,78144,81371,10,3227,2,36000,1.00309885342
78158,78168,81289,10,3121,2,36000,1.00320410125
78173,78179,81375,6,3196,2,36000,1.00187734668
78206,78215,81350,9,3135,2,36000,1.0028708134
78220,78226,81555,6,3329,2,36000,1.00180234305
78236,78242,81446,6,3204,2,36000,1.00187265918
78237,78248,81543,11,3295,2,36000,1.0033383915
78253,78258,81500,5,3242,2,36000,1.00154225787
78254,78264,81595,10,3331,2,36000,1.00300210147
78272,78279,81587,7,3308,2,36000,1.00211608222
78273,78286,81556,13,3270,2,36000,1.00397553517
78288,78294,81478,6,3184,2,36000,1.00188442211
78290,78300,81581,10,3281,2,36000,1.00304785126
78311,78319,81494,8,3175,2,36000,1.00251968504
78325,78331,81544,6,3213,2,36000,1.00186741363
78346,78356,81643,10,3287,2,36000,1.0030422878
78379,78392,81668,13,3276,2,36000,1.00396825397
78418,78426,81707,8,3281,2,36000,1.00243828101
78432,78443,81634,11,3191,2,36000,1.00344719524
78484,78493,81752,9,3259,2,36000,1.00276158331
78511,78525,81823,14,3298,2,36000,1.00424499697
78512,78519,81934,7,3415,2,36000,1.00204978038
78599,78608,81816,9,3208,2,36000,1.00280548628
80798,80809,83992,11,3183,2,36000,1.00345585925
80903,80913,84254,10,3341,2,36000,1.00299311583
80951,80959,84033,8,3074,2,36000,1.00260247235
81017,81027,84382,10,3355,2,36000,1.00298062593
81032,81038,84353,6,3315,2,36000,1.00180995475
81104,81115,84375,11,3260,2,36000,1.00337423313
81140,81151,84502,11,3351,2,36000,1.00328260221
81164,81174,84270,10,3096,2,36000,1.00322997416
81212,81221,84326,9,3105,2,36000,1.00289855072
81233,81242,84440,9,3198,2,36000,1.00281425891
81275,81286,84503,11,3217,2,36000,1.00341933478
81290,81297,84593,7,3296,2,36000,1.00212378641
81292,81303,84493,11,3190,2,36000,1.00344827586
81293,81308,84561,15,3253,2,36000,1.00461112819
81308,81314,84596,6,3282,2,36000,1.00182815356
81323,81329,84540,6,3211,2,36000,1.00186857677
81352,81361,84656,9,3295,2,36000,1.00273141123
81373,81382,84654,9,3272,2,36000,1.00275061125
81388,81394,84712,6,3318,2,36000,1.00180831826
81403,81409,84612,6,3203,2,36000,1.00187324383
81404,81415,84666,11,3251,2,36000,1.00338357428
81446,81457,84740,11,3283,2,36000,1.00335059397
81479,81489,84659,10,3170,2,36000,1.00315457413
81497,81505,84666,8,3161,2,36000,1.00253084467
81512,81518,84581,6,3063,2,36000,1.00195886386
81545,81560,84776,15,3216,2,36000,1.0046641791
81546,81554,84712,8,3158,2,36000,1.00253324889
81562,81568,84819,6,3251,2,36000,1.00184558597
81563,81574,84614,11,3040,2,36000,1.00361842105
81584,81593,84825,9,3232,2,36000,1.00278465347
81599,81605,84832,6,3227,2,36000,1.00185931205
81600,81611,84758,11,3147,2,36000,1.00349539244
81636,81646,84834,10,3188,2,36000,1.00313676286
81651,81657,84986,6,3329,2,36000,1.00180234305
81668,81679,85012,11,3333,2,36000,1.00330033003
81710,81718,84978,8,3260,2,36000,1.00245398773
81755,81763,84971,8,3208,2,36000,1.00249376559
81819,81827,85110,8,3283,2,36000,1.00243679561
81833,81839,85044,6,3205,2,36000,1.00187207488
81935,81945,85216,10,3271,2,36000,1.00305716906
83808,83814,83815,6,1,2,3540,1.0
83999,84004,87244,5,3240,2,36000,1.00154320988
84035,84045,87282,10,3237,2,36000,1.0030892802
84257,84266,87428,9,3162,2,36000,1.00284629981
84272,84281,87507,9,3226,2,36000,1.00278983261
84326,84337,87718,11,3381,2,36000,1.0032534753
84356,84364,87519,8,3155,2,36000,1.00253565769
84377,84386,87679,9,3293,2,36000,1.00273307015
84392,84398,87576,6,3178,2,36000,1.00188797986
84443,84451,87712,8,3261,2,36000,1.0024532352
84495,84504,87570,9,3066,2,36000,1.00293542074
84510,84516,87763,6,3247,2,36000,1.00184785956
84511,84522,87838,11,3316,2,36000,1.0033172497
84541,84551,87911,10,3360,2,36000,1.00297619048
84562,84572,87740,10,3168,2,36000,1.00315656566
84583,84592,87866,9,3274,2,36000,1.00274893097
84599,84605,87773,6,3168,2,36000,1.00189393939
84601,84612,87836,11,3224,2,36000,1.00341191067
84616,84625,87744,9,3119,2,36000,1.00288554024
84617,84630,87890,13,3260,2,36000,1.00398773006
84656,84665,87935,9,3270,2,36000,1.00275229358
84658,84671,88004,13,3333,2,36000,1.00390039004
84673,84679,87775,6,3096,2,36000,1.0019379845
84675,84685,87967,10,3282,2,36000,1.00304692261
84676,84690,87857,14,3167,2,36000,1.00442058731
84712,84723,88125,11,3402,2,36000,1.00323339212
84714,84728,87888,14,3160,2,36000,1.00443037975
84741,84751,87917,10,3166,2,36000,1.0031585597
84761,84769,88115,8,3346,2,36000,1.00239091452
84777,84787,87974,10,3187,2,36000,1.0031377471
84822,84830,88118,8,3288,2,36000,1.00243309002
84837,84843,88175,6,3332,2,36000,1.00180072029
84838,84849,88113,11,3264,2,36000,1.00337009804
84840,84854,87998,14,3144,2,36000,1.00445292621
84972,84982,88231,10,3249,2,36000,1.00307787011
84987,84993,88306,6,3313,2,36000,1.00181104739
84988,84999,88293,11,3294,2,36000,1.00333940498
85015,85023,88257,8,3234,2,36000,1.00247371676
85045,85055,88256,10,3201,2,36000,1.00312402374
85114,85122,88367,8,3245,2,36000,1.00246533128
85219,85228,88388,9,3160,2,36000,1.00284810127
87245,87255,90458,10,3203,2,36000,1.00312207306
87284,87294,90505,10,3211,2,36000,1.00311429461
87432,87439,90814,7,3375,2,36000,1.00207407407
87510,87519,90773,9,3254,2,36000,1.00276582667
87525,87530,90756,5,3226,2,36000,1.00154990701
87573,87581,90776,8,3195,2,36000,1.00250391236
87587,87593,90791,6,3198,2,36000,1.00187617261
87680,87690,90944,10,3254,2,36000,1.00307314075
87713,87723,91090,10,3367,2,36000,1.00297000297
87728,87734,90878,6,3144,2,36000,1.00190839695
87743,87751,90971,8,3220,2,36000,1.00248447205
87758,87764,91134,6,3370,2,36000,1.00178041543
87772,87778,91063,6,3285,2,36000,1.00182648402
87787,87793,91005,6,3212,2,36000,1.00186799502
87788,87799,91030,11,3231,2,36000,1.00340451872
87836,87847,91152,11,3305,2,36000,1.00332829047
87851,87857,91087,6,3230,2,36000,1.00185758514
87866,87872,91012,6,3140,2,36000,1.00191082803
87867,87878,91124,11,3246,2,36000,1.0033887862
87892,87900,91186,8,3286,2,36000,1.00243457091
87893,87906,91108,13,3202,2,36000,1.00405996252
87914,87922,91029,8,3107,2,36000,1.00257483103
87928,87935,91229,7,3294,2,36000,1.0021250759
87943,87949,91148,6,3199,2,36000,1.00187558612
87970,87979,91263,9,3284,2,36000,1.00274056029
87985,87991,91238,6,3247,2,36000,1.00184785956
88000,88009,91371,9,3362,2,36000,1.00267697799
88014,88021,91098,7,3077,2,36000,1.00227494313
88114,88124,91298,10,3174,2,36000,1.00315059861
88129,88135,91457,6,3322,2,36000,1.00180614088
88130,88141,91389,11,3248,2,36000,1.00338669951
88132,88146,91351,14,3205,2,36000,1.00436817473
88177,88186,91259,9,3073,2,36000,1.00292873414
88234,88242,91381,8,3139,2,36000,1.00254858235
88258,88267,91513,9,3246,2,36000,1.00277264325
88259,88273,91492,14,3219,2,36000,1.00434917676
88295,88304,91682,9,3378,2,36000,1.0026642984
88309,88317,91707,8,3390,2,36000,1.00235988201
88370,88379,91554,9,3175,2,36000,1.00283464567
88390,88399,91590,9,3191,2,36000,1.00282043247
90459,90469,93743,10,3274,2,36000,1.00305436775
90508,90516,93720,8,3204,2,36000,1.0024968789
90757,90767,94013,10,3246,2,36000,1.00308071473
90775,90784,93984,9,3200,2,36000,1.0028125
90790,90796,94143,6,3347,2,36000,1.00179265013
90805,90811,94060,6,3249,2,36000,1.00184672207
90819,90825,94122,6,3297,2,36000,1.00181983621
90880,90889,93950,9,3061,2,36000,1.00294021562
90946,90955,94100,9,3145,2,36000,1.00286168521
90973,90983,94207,10,3224,2,36000,1.00310173697
91006,91016,94315,10,3299,2,36000,1.00303122158
91021,91027,94322,6,3295,2,36000,1.00182094082
91036,91042,94136,6,3094,2,36000,1.00193923723
91037,91048,94305,11,3257,2,36000,1.00337734111
91064,91074,94374,10,3300,2,36000,1.00303030303
91088,91099,94340,11,3241,2,36000,1.00339401419
91103,91109,94402,6,3293,2,36000,1.00182204677
91104,91115,94443,11,3328,2,36000,1.00330528846
91119,91125,94352,6,3227,2,36000,1.00185931205
91134,91140,94318,6,3178,2,36000,1.00188797986
91149,91155,94421,6,3266,2,36000,1.00183710961
91150,91161,94296,11,3135,2,36000,1.00350877193
91165,91171,94384,6,3213,2,36000,1.00186741363
91189,91197,94219,8,3022,2,36000,1.00264725347
91231,91241,94353,10,3112,2,36000,1.00321336761
91246,91252,94489,6,3237,2,36000,1.00185356812
91261,91270,94441,9,3171,2,36000,1.00283822138
91275,91281,94436,6,3155,2,36000,1.00190174326
91299,91309,94595,10,3286,2,36000,1.00304321363
91354,91362,94744,8,3382,2,36000,1.00236546422
91374,91383,94578,9,3195,2,36000,1.00281690141
91389,91395,94646,6,3251,2,36000,1.00184558597
91391,91401,94616,10,3215,2,36000,1.00311041991
91460,91468,94703,8,3235,2,36000,1.00247295209
91493,91503,94759,10,3256,2,36000,1.00307125307
91514,91524,94744,10,3220,2,36000,1.00310559006
91556,91565,94756,9,3191,2,36000,1.00282043247
91592,91601,94831,9,3230,2,36000,1.00278637771
91685,91693,94958,8,3265,2,36000,1.00245022971
91709,91718,95006,9,3288,2,36000,1.00273722628
93722,93731,96841,9,3110,2,36000,1.00289389068
93746,93754,96918,8,3164,2,36000,1.00252844501
93951,93962,97257,11,3295,2,36000,1.0033383915
93987,93995,97223,8,3228,2,36000,1.00247831475
94014,94024,97364,10,3340,2,36000,1.00299401198
94062,94071,97366,9,3295,2,36000,1.00273141123
94101,94111,97404,10,3293,2,36000,1.00303674461
94124,94133,97219,9,3086,2,36000,1.00291639663
94139,94147,97533,8,3386,2,36000,1.00236266982
94154,94160,97272,6,3112,2,36000,1.00192802057
94208,94218,97444,10,3226,2,36000,1.00309981401
94223,94230,97497,7,3267,2,36000,1.00214263851
94298,94307,97403,9,3096,2,36000,1.00290697674
94312,94318,97576,6,3258,2,36000,1.00184162063
94327,94333,97534,6,3201,2,36000,1.00187441425
94329,94339,97505,10,3166,2,36000,1.0031585597
94330,94344,97304,14,2960,2,36000,1.00472972973
94345,94350,97526,5,3176,2,36000,1.0015743073
94360,94366,97570,6,3204,2,36000,1.00187265918
94361,94372,97581,11,3209,2,36000,1.00342785915
94375,94386,97762,11,3376,2,36000,1.00325829384
94390,94396,97591,6,3195,2,36000,1.00187793427
94405,94413,97657,8,3244,2,36000,1.00246609125
94423,94432,97554,9,3122,2,36000,1.00288276746
94438,94447,97702,9,3255,2,36000,1.00276497696
94454,94460,97839,6,3379,2,36000,1.00177567328
94455,94466,97709,11,3243,2,36000,1.00339192106
94491,94500,97699,9,3199,2,36000,1.00281337918
94581,94589,97802,8,3213,2,36000,1.00248988484
94596,94606,97849,10,3243,2,36000,1.0030835646
94617,94627,97826,10,3199,2,36000,1.00312597687
94647,94657,97848,10,3191,2,36000,1.00313381385
94707,94715,97907,8,3192,2,36000,1.00250626566
94746,94755,97881,9,3126,2,36000,1.00287907869
94747,94760,98137,13,3377,2,36000,1.00384957062
94762,94767,98062,5,3295,2,36000,1.00151745068
94763,94773,97978,10,3205,2,36000,1.0031201248
94832,94842,98198,10,3356,2,36000,1.00297973778
94959,94970,98142,11,3172,2,36000,1.00346784363
95007,95017,98329,10,3312,2,36000,1.00301932367
96843,96852,100203,9,3351,2,36000,1.00268576544
96921,96929,100117,8,3188,2,36000,1.00250941029
97222,97230,100414,8,3184,2,36000,1.00251256281
97236,97243,100490,7,3247,2,36000,1.00215583616
97261,97269,100551,8,3282,2,36000,1.00243753809
97276,97283,100582,7,3299,2,36000,1.00212185511
97306,97315,100597,9,3282,2,36000,1.00274223035
97366,97375,100474,9,3099,2,36000,1.00290416263
97367,97381,100577,14,3196,2,36000,1.00438047559
97406,97415,100494,9,3079,2,36000,1.00292302696
97408,97420,100589,12,3169,2,36000,1.0037866835
97447,97455,100691,8,3236,2,36000,1.00247218789
97498,97508,100732,10,3224,2,36000,1.00310173697
97513,97519,100644,6,3125,2,36000,1.00192
97527,97537,100691,10,3154,2,36000,1.00317057705
97542,97548,100737,6,3189,2,36000,1.00188146754
97543,97554,100799,11,3245,2,36000,1.00338983051
97558,97565,100869,7,3304,2,36000,1.00211864407
97573,97582,100826,9,3244,2,36000,1.00277435265
97588,97594,100748,6,3154,2,36000,1.00190234623
97589,97600,100797,11,3197,2,36000,1.00344072568
97604,97610,100892,6,3282,2,36000,1.00182815356
97658,97669,100983,11,3314,2,36000,1.00331925166
97700,97710,100928,10,3218,2,36000,1.0031075202
97715,97721,100898,6,3177,2,36000,1.00188857413
97716,97727,100899,11,3172,2,36000,1.00346784363
97764,97773,100925,9,3152,2,36000,1.00285532995
97803,97814,101185,11,3371,2,36000,1.00326312667
97827,97837,101045,10,3208,2,36000,1.00311720698
97842,97851,101185,9,3334,2,36000,1.00269946011
97857,97863,100982,6,3119,2,36000,1.00192369349
97858,97869,100974,11,3105,2,36000,1.00354267311
97882,97892,101272,10,3380,2,36000,1.00295857988
97909,97918,101197,9,3279,2,36000,1.00274473925
97982,97989,101247,7,3258,2,36000,1.0021485574
98063,98073,101294,10,3221,2,36000,1.00310462589
98138,98148,101466,10,3318,2,36000,1.00301386377
98153,98159,101578,6,3419,2,36000,1.00175489909
98201,98209,101572,8,3363,2,36000,1.00237882843
98330,98340,101642,10,3302,2,36000,1.0030284676
99474,99481,99492,7,11,32,10800,1.63636363636
99843,99849,99857,6,8,32,10800,1.4
100120,100128,103302,8,3174,2,36000,1.00252047889
100204,100214,103450,10,3236,2,36000,1.00309023486
100415,100425,103541,10,3116,2,36000,1.00320924262
100475,100485,103596,10,3111,2,36000,1.00321440051
100493,100501,103889,8,3388,2,36000,1.00236127509
100507,100514,103734,7,3220,2,36000,1.00217391304
100552,100562,103915,10,3353,2,36000,1.00298240382
100579,100588,103777,9,3189,2,36000,1.00282220132
100594,100600,103768,6,3168,2,36000,1.00189393939
100595,100606,103814,11,3208,2,36000,1.00342892768
100610,100616,103782,6,3166,2,36000,1.00189513582
100646,100655,103957,9,3302,2,36000,1.00272562084
100691,100702,103827,11,3125,2,36000,1.00352
100706,100713,103892,7,3179,2,36000,1.0022019503
100733,100743,104058,10,3315,2,36000,1.00301659125
100748,100754,104016,6,3262,2,36000,1.00183936235
100750,100760,104016,10,3256,2,36000,1.00307125307
100798,100808,104101,10,3293,2,36000,1.00303674461
100813,100819,104111,6,3292,2,36000,1.00182260024
100827,100837,103995,10,3158,2,36000,1.00316656111
100869,100880,104267,11,3387,2,36000,1.00324771184
100893,100903,104083,10,3180,2,36000,1.00314465409
100908,100914,104088,6,3174,2,36000,1.00189035917
100909,100920,104249,11,3329,2,36000,1.00330429558
100927,100936,104217,9,3281,2,36000,1.00274306614
100942,100948,104114,6,3166,2,36000,1.00189513582
100975,100985,104289,10,3304,2,36000,1.00302663438
100990,100996,104205,6,3209,2,36000,1.00186974135
100991,101002,104139,11,3137,2,36000,1.00350653491
101048,101056,104288,8,3232,2,36000,1.00247524752
101188,101196,104395,8,3199,2,36000,1.00250078149
101189,101201,104398,12,3197,2,36000,1.00375351892
101204,101210,104473,6,3263,2,36000,1.00183879865
101249,101259,104469,10,3210,2,36000,1.0031152648
101273,101283,104523,10,3240,2,36000,1.00308641975
101297,101306,104513,9,3207,2,36000,1.00280636109
101468,101477,104654,9,3177,2,36000,1.00283286119
101574,101583,104822,9,3239,2,36000,1.00277863538
101588,101594,104948,6,3354,2,36000,1.00178890877
101642,101653,104909,11,3256,2,36000,1.00337837838
102947,102953,103071,6,118,1,1800,1.05084745763
103303,103313,106609,10,3296,2,36000,1.00303398058
103377,103383,103490,6,107,1,1800,1.05607476636
103450,103461,106682,11,3221,2,36000,1.00341508848
103544,103552,106716,8,3164,2,36000,1.00252844501
103598,103607,106825,9,3218,2,36000,1.00279676818
103736,103745,106915,9,3170,2,36000,1.00283911672
103769,103779,107062,10,3283,2,36000,1.00304599452
103784,103790,107158,6,3368,2,36000,1.00178147268
103785,103796,106919,11,3123,2,36000,1.00352225424
103815,103825,106938,10,3113,2,36000,1.00321233537
103830,103838,107120,8,3282,2,36000,1.00243753809
103891,103901,107215,10,3314,2,36000,1.00301750151
103905,103912,107228,7,3316,2,36000,1.00211097708
103920,103926,107077,6,3151,2,36000,1.00190415741
103957,103968,107179,11,3211,2,36000,1.00342572407
103998,104006,107425,8,3419,2,36000,1.00233986546
104019,104066,107211,47,3145,2,36000,1.01494435612
104020,104071,107401,51,3330,2,36000,1.01531531532
104059,104077,107211,18,3134,2,36000,1.00574345884
104083,104094,107244,11,3150,2,36000,1.00349206349
104098,104104,107396,6,3292,2,36000,1.00182260024
104113,104119,107310,6,3191,2,36000,1.00188028831
104115,104125,107426,10,3301,2,36000,1.00302938503
104127,104133,104689,6,556,1,1800,1.01079136691
104129,104139,107424,10,3285,2,36000,1.00304414003
104144,104150,107432,6,3282,2,36000,1.00182815356
104207,104216,107523,9,3307,2,36000,1.00272149985
104222,104228,107402,6,3174,2,36000,1.00189035917
104252,104260,107428,8,3168,2,36000,1.00252525253
104270,104278,107626,8,3348,2,36000,1.00238948626
104291,104305,107640,14,3335,2,36000,1.00419790105
104292,104299,107505,7,3206,2,36000,1.00218340611
104398,104413,107652,15,3239,2,36000,1.00463105897
104399,104407,107637,8,3230,2,36000,1.00247678019
104473,104480,107816,7,3336,2,36000,1.00209832134
104474,104486,107729,12,3243,2,36000,1.00370027752
104514,104524,107810,10,3286,2,36000,1.00304321363
104528,104534,107729,6,3195,2,36000,1.00187793427
104655,104665,107793,10,3128,2,36000,1.00319693095
104824,104833,107874,9,3041,2,36000,1.00295955278
104911,104920,108216,9,3296,2,36000,1.00273058252
104950,104959,108313,9,3354,2,36000,1.00268336315
106313,106319,106360,6,41,1,1800,1.14634146341
106448,106454,106503,6,49,1,1800,1.12244897959
106610,106620,109753,10,3133,2,36000,1.00319182892
106638,106644,106722,6,78,1,1800,1.07692307692
106683,106693,109877,10,3184,2,36000,1.00314070352
106719,106727,109920,8,3193,2,36000,1.00250548074
106819,106825,106905,6,80,1,1800,1.075
106827,106837,110078,10,3241,2,36000,1.00308546745
106918,106926,110132,8,3206,2,36000,1.00249532127
106933,106939,110160,6,3221,2,36000,1.00186277554
106947,106954,110243,7,3289,2,36000,1.00212830648
107029,107035,107046,6,11,32,10800,1.54545454545
107065,107073,110304,8,3231,2,36000,1.00247601362
107080,107088,110318,8,3230,2,36000,1.00247678019
107122,107131,110382,9,3251,2,36000,1.00276837896
107161,107170,110413,9,3243,2,36000,1.00277520814
107182,107190,110355,8,3165,2,36000,1.00252764613
107186,107196,107200,10,4,32,10800,1.4
107212,107222,110426,10,3204,2,36000,1.00312109863
107213,107227,110511,14,3284,2,36000,1.00426309379
107229,107235,110345,6,3110,2,36000,1.00192926045
107230,107241,110533,11,3292,2,36000,1.00334143378
107239,107247,107490,8,243,1,1800,1.0329218107
107245,107255,110403,10,3148,2,36000,1.00317662008
107312,107321,110500,9,3179,2,36000,1.00283107896
107399,107407,110594,8,3187,2,36000,1.00251019768
107414,107420,110605,6,3185,2,36000,1.00188383046
107415,107426,110630,11,3204,2,36000,1.00343320849
107431,107437,110632,6,3195,2,36000,1.00187793427
107432,107443,110671,11,3228,2,36000,1.00340768278
107434,107448,110630,14,3182,2,36000,1.00439974859
107435,107453,110684,18,3231,2,36000,1.00557103064
107450,107459,110592,9,3133,2,36000,1.00287264603
107507,107516,110742,9,3226,2,36000,1.00278983261
107525,107534,110957,9,3423,2,36000,1.00262927257
107628,107638,111016,10,3378,2,36000,1.00296033156
107643,107649,110837,6,3188,2,36000,1.00188205772
107644,107655,110986,11,3331,2,36000,1.00330231162
107659,107665,110808,6,3143,2,36000,1.00190900414
107686,107692,107697,6,5,32,10800,1.1
107732,107739,110873,7,3134,2,36000,1.00223356733
107733,107746,110945,13,3199,2,36000,1.00406376993
107794,107804,110863,10,3059,2,36000,1.00326904217
107812,107821,111154,9,3333,2,36000,1.00270027003
107816,107826,108117,10,291,1,1800,1.03436426117
107826,107833,111060,7,3227,2,36000,1.0021691974
107874,107885,111225,11,3340,2,36000,1.00329341317
108219,108227,111384,8,3157,2,36000,1.00253405131
108315,108325,111543,10,3218,2,36000,1.0031075202
108877,108883,108913,6,30,1,1800,1.2
109212,109219,109280,7,61,1,1800,1.11475409836
109754,109764,112997,10,3233,2,36000,1.00309310238
109881,109888,113174,7,3286,2,36000,1.00213024954
109923,109932,113063,9,3131,2,36000,1.002874481
110003,110009,110131,6,122,1,1800,1.04918032787
110080,110089,113369,9,3280,2,36000,1.00274390244
110134,110144,113362,10,3218,2,36000,1.0031075202
110161,110171,113406,10,3235,2,36000,1.00309119011
110246,110254,113490,8,3236,2,36000,1.00247218789
110306,110315,113646,9,3331,2,36000,1.00270189132
110321,110329,113571,8,3242,2,36000,1.00246761258
110348,110356,113620,8,3264,2,36000,1.00245098039
110363,110369,113544,6,3175,2,36000,1.00188976378
110385,110394,113753,9,3359,2,36000,1.00267936886
110406,110414,113752,8,3338,2,36000,1.0023966447
110421,110427,113716,6,3289,2,36000,1.00182426269
110435,110442,113705,7,3263,2,36000,1.00214526509
110502,110511,113864,9,3353,2,36000,1.00268416344
110517,110522,113768,5,3246,2,36000,1.00154035736
110535,110545,113803,10,3258,2,36000,1.00306936771
110596,110603,113748,7,3145,2,36000,1.00222575517
110597,110609,113844,12,3235,2,36000,1.00370942813
110612,110618,113742,6,3124,2,36000,1.0019206146
110633,110642,113792,9,3150,2,36000,1.00285714286
110635,110647,113877,12,3230,2,36000,1.00371517028
110636,110653,113988,17,3335,2,36000,1.00509745127
110672,110682,114056,10,3374,2,36000,1.00296384114
110687,110695,113896,8,3201,2,36000,1.00249921899
110744,110753,114012,9,3259,2,36000,1.00276158331
110811,110819,114052,8,3233,2,36000,1.00247448191
110840,110848,114146,8,3298,2,36000,1.00242571255
110864,110875,114083,11,3208,2,36000,1.00342892768
110879,110885,114152,6,3267,2,36000,1.00183654729
110949,110956,114115,7,3159,2,36000,1.0022158911
110963,110969,114104,6,3135,2,36000,1.0019138756
110987,110997,114162,10,3165,2,36000,1.00315955766
111017,111027,114309,10,3282,2,36000,1.00304692261
111063,111071,114131,8,3060,2,36000,1.00261437908
111156,111165,114247,9,3082,2,36000,1.0029201817
111225,111236,114503,11,3267,2,36000,1.00336700337
111385,111395,114635,10,3240,2,36000,1.00308641975
111545,111554,114818,9,3264,2,36000,1.00275735294
112998,113008,116140,10,3132,2,36000,1.00319284802
113065,113075,116366,10,3291,2,36000,1.00303859009
113176,113185,116464,9,3279,2,36000,1.00274473925
113363,113373,116678,10,3305,2,36000,1.00302571861
113378,113384,116574,6,3190,2,36000,1.00188087774
113408,113417,116690,9,3273,2,36000,1.00274977085
113492,113502,116712,10,3210,2,36000,1.0031152648
113547,113555,116820,8,3265,2,36000,1.00245022971
113574,113583,116798,9,3215,2,36000,1.00279937792
113622,113631,116786,9,3155,2,36000,1.0028526149
113649,113657,116948,8,3291,2,36000,1.00243087208
113706,113717,116921,11,3204,2,36000,1.00343320849
113721,113726,117000,5,3274,2,36000,1.00152718387
113745,113754,116984,9,3230,2,36000,1.00278637771
113760,113766,117011,6,3245,2,36000,1.00184899846
113761,113772,116994,11,3222,2,36000,1.00341402855
113763,113777,117066,14,3289,2,36000,1.00425661295
113777,113783,116879,6,3096,2,36000,1.0019379845
113792,113803,116959,11,3156,2,36000,1.00348542459
113807,113814,116965,7,3151,2,36000,1.00222151698
113847,113856,117064,9,3208,2,36000,1.00280548628
113865,113875,116978,10,3103,2,36000,1.00322268772
113880,113888,117132,8,3244,2,36000,1.00246609125
113897,113907,117174,10,3267,2,36000,1.00306091215
113991,113999,117201,8,3202,2,36000,1.00249843848
114015,114024,117284,9,3260,2,36000,1.0027607362
114054,114063,117214,9,3151,2,36000,1.00285623612
114069,114075,117254,6,3179,2,36000,1.00188738597
114087,114095,117298,8,3203,2,36000,1.00249765845
114107,114115,117463,8,3348,2,36000,1.00238948626
114122,114128,117360,6,3232,2,36000,1.00185643564
114137,114144,117325,7,3181,2,36000,1.00220056586
114153,114159,117443,6,3284,2,36000,1.00182704019
114154,114165,117263,11,3098,2,36000,1.00355067786
114169,114175,117456,6,3281,2,36000,1.00182871076
114247,114258,117495,11,3237,2,36000,1.00339820822
114311,114320,117532,9,3212,2,36000,1.00280199253
114503,114514,117705,11,3191,2,36000,1.00344719524
114636,114646,117792,10,3146,2,36000,1.00317863954
114821,114829,118057,8,3228,2,36000,1.00247831475
115345,115352,132522,7,17170,2,216000,1.00040768783
116140,116151,119251,11,3100,2,36000,1.0035483871
116366,116377,119565,11,3188,2,36000,1.00345043915
116466,116476,119691,10,3215,2,36000,1.00311041991
116575,116585,119817,10,3232,2,36000,1.00309405941
116681,116689,119806,8,3117,2,36000,1.00256657042
116696,116701,119830,5,3129,2,36000,1.00159795462
116713,116723,119906,10,3183,2,36000,1.00314169023
116789,116798,120091,9,3293,2,36000,1.00273307015
116804,116810,120152,6,3342,2,36000,1.00179533214
116823,116832,119997,9,3165,2,36000,1.0028436019
116880,116891,120161,11,3270,2,36000,1.00336391437
116923,116932,120143,9,3211,2,36000,1.00280286515
116950,116959,120150,9,3191,2,36000,1.00282043247
116966,116972,120316,6,3344,2,36000,1.00179425837
116967,116978,120209,11,3231,2,36000,1.00340451872
116983,116989,120208,6,3219,2,36000,1.0018639329
116998,117004,120178,6,3174,2,36000,1.00189035917
117000,117010,120319,10,3309,2,36000,1.00302206105
117015,117021,120401,6,3380,2,36000,1.00177514793
117016,117027,120189,11,3162,2,36000,1.00347881088
117064,117075,120285,11,3210,2,36000,1.00342679128
117079,117086,120355,7,3269,2,36000,1.00214132762
117134,117144,120387,10,3243,2,36000,1.0030835646
117176,117185,120383,9,3198,2,36000,1.00281425891
117203,117212,120380,9,3168,2,36000,1.00284090909
117218,117225,120536,7,3311,2,36000,1.0021141649
117257,117266,120441,9,3175,2,36000,1.00283464567
117272,117279,120562,7,3283,2,36000,1.00213219616
117287,117295,120603,8,3308,2,36000,1.00241837969
117302,117308,120496,6,3188,2,36000,1.00188205772
117326,117336,120579,10,3243,2,36000,1.0030835646
117363,117371,120698,8,3327,2,36000,1.00240456868
117444,117454,120605,10,3151,2,36000,1.00317359568
117460,117467,120720,7,3253,2,36000,1.00215185982
117475,117481,120616,6,3135,2,36000,1.0019138756
117495,117506,120853,11,3347,2,36000,1.00328652525
117535,117544,120681,9,3137,2,36000,1.0028689831
117706,117717,120843,11,3126,2,36000,1.00351887396
117794,117804,120985,10,3181,2,36000,1.00314366551
118059,118069,121375,10,3306,2,36000,1.00302480339
119253,119262,122559,9,3297,2,36000,1.00272975432
119567,119576,122757,9,3181,2,36000,1.00282929896
119694,119702,122976,8,3274,2,36000,1.0024434942
119809,119817,123204,8,3387,2,36000,1.00236197225
119824,119830,122995,6,3165,2,36000,1.0018957346
119839,119845,123049,6,3204,2,36000,1.00187265918
119908,119917,123126,9,3209,2,36000,1.00280461203
119999,120009,123176,10,3167,2,36000,1.00315756236
120093,120102,123346,9,3244,2,36000,1.00277435265
120144,120154,123210,10,3056,2,36000,1.00327225131
120159,120166,123341,7,3175,2,36000,1.00220472441
120161,120171,123408,10,3237,2,36000,1.0030892802
120175,120182,123474,7,3292,2,36000,1.00212636695
120190,120197,123453,7,3256,2,36000,1.00214987715
120192,120203,123452,11,3249,2,36000,1.00338565713
120211,120219,123401,8,3182,2,36000,1.00251414205
120212,120225,123432,13,3207,2,36000,1.00405363268
120285,120296,123496,11,3200,2,36000,1.0034375
120319,120328,123595,9,3267,2,36000,1.00275482094
120334,120340,123638,6,3298,2,36000,1.00181928441
120358,120366,123532,8,3166,2,36000,1.00252684776
120382,120391,123665,9,3274,2,36000,1.00274893097
120398,120404,123763,6,3359,2,36000,1.00178624591
120399,120410,123628,11,3218,2,36000,1.00341827222
120414,120420,123728,6,3308,2,36000,1.00181378476
120444,120452,123751,8,3299,2,36000,1.00242497727
120498,120507,123840,9,3333,2,36000,1.00270027003
120538,120548,123772,10,3224,2,36000,1.00310173697
120564,120573,123790,9,3217,2,36000,1.00279763755
120579,120590,123819,11,3229,2,36000,1.00340662744
120607,120615,123933,8,3318,2,36000,1.00241109102
120608,120621,123763,13,3142,2,36000,1.00413749204
120623,120629,123944,6,3315,2,36000,1.00180995475
120681,120692,123822,11,3130,2,36000,1.003514377
120696,120709,123857,13,3148,2,36000,1.0041296061
120721,120731,124049,10,3318,2,36000,1.00301386377
120845,120855,124116,10,3261,2,36000,1.003066544
120860,120866,124294,6,3428,2,36000,1.00175029172
120985,120996,124297,11,3301,2,36000,1.00333232354
121378,121386,124597,8,3211,2,36000,1.00249143569
122560,122571,125866,11,3295,2,36000,1.0033383915
122759,122769,126065,10,3296,2,36000,1.00303398058
122979,122987,126323,8,3336,2,36000,1.00239808153
122997,123006,126188,9,3182,2,36000,1.00282840981
123052,123060,126353,8,3293,2,36000,1.00242939569
123127,123137,126219,10,3082,2,36000,1.00324464633
123178,123187,126481,9,3294,2,36000,1.00273224044
123205,123216,126403,11,3187,2,36000,1.00345152181
123220,123226,126452,6,3226,2,36000,1.00185988841
123344,123352,126640,8,3288,2,36000,1.00243309002
123359,123365,126574,6,3209,2,36000,1.00186974135
123404,123412,126646,8,3234,2,36000,1.00247371676
123418,123425,126634,7,3209,2,36000,1.00218136491
123433,123443,126671,10,3228,2,36000,1.00309789343
123454,123463,126705,9,3242,2,36000,1.00277606416
123456,123469,126657,13,3188,2,36000,1.00407779172
123477,123485,126720,8,3235,2,36000,1.00247295209
123498,123507,126713,9,3206,2,36000,1.00280723643
123534,123543,126797,9,3254,2,36000,1.00276582667
123597,123607,126720,10,3113,2,36000,1.00321233537
123630,123639,126881,9,3242,2,36000,1.00277606416
123645,123651,126892,6,3241,2,36000,1.00185128047
123667,123676,127061,9,3385,2,36000,1.00265878877
123730,123739,126926,9,3187,2,36000,1.00282397239
123754,123763,126956,9,3193,2,36000,1.00281866583
123769,123775,127102,6,3327,2,36000,1.00180342651
123770,123781,127062,11,3281,2,36000,1.00335263639
123785,123791,127097,6,3306,2,36000,1.00181488203
123800,123806,126984,6,3178,2,36000,1.00188797986
123821,123830,127018,9,3188,2,36000,1.00282308657
123836,123842,127248,6,3406,2,36000,1.00176159718
123850,123857,127193,7,3336,2,36000,1.00209832134
123865,123871,127074,6,3203,2,36000,1.00187324383
123935,123944,127282,9,3338,2,36000,1.00269622528
123950,123955,127180,5,3225,2,36000,1.0015503876
124046,124052,124111,6,59,32,10800,1.10169491525
124052,124061,127456,9,3395,2,36000,1.00265095729
124119,124127,127468,8,3341,2,36000,1.00239449267
124291,124305,127411,14,3106,2,36000,1.00450740502
124306,124311,127599,5,3288,2,36000,1.00152068127
124598,124608,127836,10,3228,2,36000,1.00309789343
124662,124668,280253,6,155585,1,216000,1.00003856413
124670,124676,280284,6,155608,1,216000,1.00003855843
124679,124686,279368,7,154682,1,216000,1.00004525413
125867,125877,128945,10,3068,2,36000,1.00325945241
126066,126077,129406,11,3329,2,36000,1.00330429558
126190,126199,129453,9,3254,2,36000,1.00276582667
126220,126231,129343,11,3112,2,36000,1.00353470437
126326,126334,129444,8,3110,2,36000,1.00257234727
126356,126364,129627,8,3263,2,36000,1.00245173154
126404,126414,129734,10,3320,2,36000,1.00301204819
126455,126464,129584,9,3120,2,36000,1.00288461538
126482,126493,129638,11,3145,2,36000,1.00349761526
126575,126585,129901,10,3316,2,36000,1.00301568154
126636,126645,129755,9,3110,2,36000,1.00289389068
126651,126656,129819,5,3163,2,36000,1.00158077774
126652,126662,129935,10,3273,2,36000,1.00305530095
126667,126673,129934,6,3261,2,36000,1.0018399264
126682,126688,129888,6,3200,2,36000,1.001875
126706,126716,129932,10,3216,2,36000,1.00310945274
126721,126727,129938,6,3211,2,36000,1.00186857677
126722,126733,129954,11,3221,2,36000,1.00341508848
126723,126738,130150,15,3412,2,36000,1.00439624853
126799,126809,130106,10,3297,2,36000,1.00303306036
126884,126892,130102,8,3210,2,36000,1.00249221184
126899,126905,130218,6,3313,2,36000,1.00181104739
126929,126937,130240,8,3303,2,36000,1.00242204057
126959,126968,130125,9,3157,2,36000,1.00285080773
126986,126995,130192,9,3197,2,36000,1.00281513919
127013,127019,134249,6,7230,1,7200,1.00082987552
127019,127029,130312,10,3283,2,36000,1.00304599452
127061,127072,130322,11,3250,2,36000,1.00338461538
127076,127083,130265,7,3182,2,36000,1.00219987429
127078,127089,130329,11,3240,2,36000,1.00339506173
127098,127108,130362,10,3254,2,36000,1.00307314075
127113,127119,130414,6,3295,2,36000,1.00182094082
127182,127192,130271,10,3079,2,36000,1.00324780773
127197,127203,130606,6,3403,2,36000,1.00176315016
127249,127259,130457,10,3198,2,36000,1.00312695435
127285,127293,130543,8,3250,2,36000,1.00246153846
127412,127422,130644,10,3222,2,36000,1.00310366232
127439,127445,160189,6,32744,14,43200,1.00018323968
127457,127468,130725,11,3257,2,36000,1.00337734111
127472,127479,130765,7,3286,2,36000,1.00213024954
127478,127485,151496,7,24011,16,43200,1.00029153305
127515,127521,151154,6,23633,18,43200,1.00025388228
127602,127610,130666,8,3056,2,36000,1.00261780105
127837,127847,131004,10,3157,2,36000,1.00316756414
128947,128956,132081,9,3125,2,36000,1.00288
129346,129354,132408,8,3054,2,36000,1.00261951539
129409,129418,132729,9,3311,2,36000,1.00271821202
129445,129455,132582,10,3127,2,36000,1.00319795331
129460,129466,132723,6,3257,2,36000,1.00184218606
129584,129595,132841,11,3246,2,36000,1.0033887862
129630,129639,132876,9,3237,2,36000,1.00278035218
129644,129650,132860,6,3210,2,36000,1.00186915888
129735,129745,133030,10,3285,2,36000,1.00304414003
129759,129767,133190,8,3423,2,36000,1.00233713117
129822,129830,133000,8,3170,2,36000,1.00252365931
129892,129899,133090,7,3191,2,36000,1.0021936697
129906,129912,133203,6,3291,2,36000,1.00182315406
129934,129943,133142,9,3199,2,36000,1.00281337918
129949,129955,133133,6,3178,2,36000,1.00188797986
129950,129961,133381,11,3420,2,36000,1.00321637427
129952,129966,133164,14,3198,2,36000,1.00437773609
129966,129972,133075,6,3103,2,36000,1.00193361263
130103,130113,133418,10,3305,2,36000,1.00302571861
130118,130124,133362,6,3238,2,36000,1.00185299568
130132,130138,133337,6,3199,2,36000,1.00187558612
130153,130162,133355,9,3193,2,36000,1.00281866583
130195,130203,133513,8,3310,2,36000,1.00241691843
130219,130229,133386,10,3157,2,36000,1.00316756414
130243,130251,133617,8,3366,2,36000,1.00237670826
130267,130276,133468,9,3192,2,36000,1.00281954887
130282,130288,133464,6,3176,2,36000,1.00188916877
130315,130323,133679,8,3356,2,36000,1.00238379023
130330,130337,133408,7,3071,2,36000,1.00227938782
130332,130343,133491,11,3148,2,36000,1.00349428208
130365,130374,133607,9,3233,2,36000,1.00278379214
130416,130425,133839,9,3414,2,36000,1.00263620387
130459,130468,133786,9,3318,2,36000,1.0027124774
130543,130554,133708,11,3154,2,36000,1.00348763475
130607,130617,133725,10,3108,2,36000,1.00321750322
130646,130655,133772,9,3117,2,36000,1.00288739172
130667,130677,133879,10,3202,2,36000,1.00312304809
130727,130736,133981,9,3245,2,36000,1.00277349769
130766,130776,134031,10,3255,2,36000,1.00307219662
131006,131016,134299,10,3283,2,36000,1.00304599452
132084,132092,135365,8,3273,2,36000,1.00244424076
132410,132419,135637,9,3218,2,36000,1.00279676818
132582,132593,135702,11,3109,2,36000,1.00353811515
132724,132735,135998,11,3263,2,36000,1.00337113086
132739,132745,136187,6,3442,2,36000,1.00174317257
132844,132853,136107,9,3254,2,36000,1.00276582667
132862,132871,136146,9,3275,2,36000,1.0027480916
132877,132887,136050,10,3163,2,36000,1.00316155549
133008,133014,136154,6,3140,2,36000,1.00191082803
133034,133043,136244,9,3201,2,36000,1.00281162137
133076,133086,136307,10,3221,2,36000,1.00310462589
133091,133101,136440,10,3339,2,36000,1.00299490866
133136,133145,136274,9,3129,2,36000,1.00287631831
133151,133157,136524,6,3367,2,36000,1.00178200178
133166,133175,136491,9,3316,2,36000,1.00271411339
133193,133202,136381,9,3179,2,36000,1.00283107896
133208,133214,136548,6,3334,2,36000,1.00179964007
133338,133348,136578,10,3230,2,36000,1.00309597523
133356,133366,136544,10,3178,2,36000,1.0031466331
133371,133377,136607,6,3230,2,36000,1.00185758514
133386,133392,136730,6,3338,2,36000,1.00179748352
133387,133398,136627,11,3229,2,36000,1.00340662744
133411,133419,136736,8,3317,2,36000,1.00241181791
133426,133432,136533,6,3101,2,36000,1.00193485972
133465,133475,136689,10,3214,2,36000,1.00311138768
133480,133486,136754,6,3268,2,36000,1.00183598531
133495,133502,136878,7,3376,2,36000,1.00207345972
133515,133525,136658,10,3133,2,36000,1.00319182892
133609,133618,136822,9,3204,2,36000,1.00280898876
133624,133630,136708,6,3078,2,36000,1.00194931774
133681,133690,136974,9,3284,2,36000,1.00274056029
133711,133719,136970,8,3251,2,36000,1.0024607813
133726,133736,136948,10,3212,2,36000,1.00311332503
133774,133784,136897,10,3113,2,36000,1.00321233537
133789,133797,137129,8,3332,2,36000,1.00240096038
133841,133850,137003,9,3153,2,36000,1.00285442436
133880,133890,136979,10,3089,2,36000,1.00323729362
133982,133992,137131,10,3139,2,36000,1.00318572794
134034,134042,137275,8,3233,2,36000,1.00247448191
134300,134311,137742,11,3431,2,36000,1.00320606237
135368,135376,138457,8,3081,2,36000,1.00259655956
135640,135648,138935,8,3287,2,36000,1.00243383024
135703,135713,138813,10,3100,2,36000,1.00322580645
136002,136010,139083,8,3073,2,36000,1.00260331923
136053,136061,139148,8,3087,2,36000,1.0025915128
136111,136118,139305,7,3187,2,36000,1.00219642297
136147,136157,139338,10,3181,2,36000,1.00314366551
136162,136168,139348,6,3180,2,36000,1.00188679245
136189,136199,139263,10,3064,2,36000,1.00326370757
136241,136247,139363,6,3116,4,54000,1.00192554557
136246,136255,139530,9,3275,2,36000,1.0027480916
136276,136286,139618,10,3332,2,36000,1.00300120048
136309,136318,139471,9,3153,2,36000,1.00285442436
136384,136393,139675,9,3282,2,36000,1.00274223035
136442,136451,139679,9,3228,2,36000,1.00278810409
136493,136502,139814,9,3312,2,36000,1.0027173913
136526,136535,139843,9,3308,2,36000,1.00272067715
136541,136547,139862,6,3315,2,36000,1.00180995475
136556,136562,139943,6,3381,2,36000,1.00177462289
136557,136568,139762,11,3194,2,36000,1.00344395742
136581,136589,139955,8,3366,2,36000,1.00237670826
136608,136618,139824,10,3206,2,36000,1.00311915159
136629,136638,139911,9,3273,2,36000,1.00274977085
136659,136669,139740,10,3071,2,36000,1.00325626832
136692,136701,139964,9,3263,2,36000,1.00275819798
136710,136719,139977,9,3258,2,36000,1.00276243094
136731,136741,139894,10,3153,2,36000,1.00317158262
136746,136752,140018,6,3266,2,36000,1.00183710961
136761,136767,139864,6,3097,2,36000,1.00193735873
136825,136833,140152,8,3319,2,36000,1.00241036457
136879,136889,140154,10,3265,2,36000,1.00306278714
136900,136908,140111,8,3203,2,36000,1.00249765845
136948,136959,140216,11,3257,2,36000,1.00337734111
136973,136981,140138,8,3157,2,36000,1.00253405131
136988,136994,140085,6,3091,2,36000,1.00194111938
136989,137000,140240,11,3240,2,36000,1.00339506173
137005,137014,140209,9,3195,2,36000,1.00281690141
137132,137141,140293,9,3152,2,36000,1.00285532995
137133,137147,140371,14,3224,2,36000,1.00434243176
137278,137286,140591,8,3305,2,36000,1.00242057489
137743,137753,140896,10,3143,2,36000,1.00318167356
138014,138020,142219,6,4199,2,86400,1.00142891165
138039,138045,143070,6,5025,2,86400,1.00119402985
138047,138053,138055,6,2,2,90000,1.0
138063,138069,142481,6,4412,2,86400,1.00135992747
138085,138091,143754,6,5663,2,86400,1.00105950909
138187,138193,138456,6,263,2,90000,1.02281368821
138461,138469,141615,8,3146,2,36000,1.00254291163
138814,138825,141954,11,3129,2,36000,1.00351550016
138938,138946,142177,8,3231,2,36000,1.00247601362
139086,139094,142295,8,3201,2,36000,1.00249921899
139150,139159,142354,9,3195,2,36000,1.00281690141
139264,139274,142527,10,3253,2,36000,1.00307408546
139294,139300,139310,6,10,2,90000,1.6
139307,139316,142523,9,3207,2,36000,1.00280636109
139339,139349,142410,10,3061,2,36000,1.00326690624
139354,139360,142591,6,3231,2,36000,1.00185701021
139472,139482,142620,10,3138,2,36000,1.00318674315
139532,139541,142725,9,3184,2,36000,1.00282663317
139620,139629,142891,9,3262,2,36000,1.00275904353
139678,139687,142987,9,3300,2,36000,1.00272727273
139693,139699,142860,6,3161,2,36000,1.0018981335
139741,139751,142978,10,3227,2,36000,1.00309885342
139765,139774,142884,9,3110,2,36000,1.00289389068
139817,139826,143074,9,3248,2,36000,1.00277093596
139831,139838,143163,7,3325,2,36000,1.00210526316
139846,139854,143178,8,3324,2,36000,1.00240673887
139865,139873,143081,8,3208,2,36000,1.00249376559
139866,139879,143221,13,3342,2,36000,1.0038898863
139896,139905,142958,9,3053,2,36000,1.00294792008
139914,139923,143163,9,3240,2,36000,1.00277777778
139944,139955,143264,11,3309,2,36000,1.00332426715
139959,139966,143143,7,3177,2,36000,1.00220333648
139974,139980,143183,6,3203,2,36000,1.00187324383
139988,139995,143201,7,3206,2,36000,1.00218340611
140006,140012,140028,6,16,2,90000,1.375
140022,140030,143446,8,3416,2,36000,1.00234192037
140088,140097,143184,9,3087,2,36000,1.0029154519
140112,140123,143273,11,3150,2,36000,1.00349206349
140139,140150,143345,11,3195,2,36000,1.0034428795
140154,140163,143510,9,3347,2,36000,1.0026889752
140156,140169,143511,13,3342,2,36000,1.0038898863
140211,140220,143513,9,3293,2,36000,1.00273307015
140226,140232,143334,6,3102,2,36000,1.00193423598
140244,140252,143443,8,3191,2,36000,1.00250705108
140295,140304,143439,9,3135,2,36000,1.0028708134
140374,140382,143744,8,3362,2,36000,1.00237953599
140528,140534,143939,6,3405,2,90000,1.00176211454
140591,140602,143861,11,3259,2,36000,1.00337526849
140633,140639,145246,6,4607,2,90000,1.00130236596
140712,140719,143952,7,3233,4,54000,1.00216517167
140897,140907,144166,10,3259,2,36000,1.0030684259
141405,141412,141428,7,16,1,14400,1.4375
141618,141627,144822,9,3195,2,36000,1.00281690141
141634,141641,145593,7,3952,1,14400,1.00177125506
141956,141965,145254,9,3289,2,36000,1.00273639404
142180,142188,145477,8,3289,2,36000,1.00243235026
142298,142306,145474,8,3168,2,36000,1.00252525253
142356,142365,145628,9,3263,2,36000,1.00275819798
142413,142422,145607,9,3185,2,36000,1.00282574568
142525,142534,145634,9,3100,2,36000,1.00290322581
142540,142546,145917,6,3371,2,36000,1.00177988727
142594,142602,145722,8,3120,2,36000,1.00256410256
142622,142631,145701,9,3070,2,36000,1.00293159609
142727,142736,146117,9,3381,2,36000,1.00266193434
142863,142872,146038,9,3166,2,36000,1.00284270373
142884,142895,146082,11,3187,2,36000,1.00345152181
142899,142905,146127,6,3222,2,36000,1.00186219739
142960,142969,146207,9,3238,2,36000,1.00277949351
142981,142989,146345,8,3356,2,36000,1.00238379023
142996,143002,146207,6,3205,2,36000,1.00187207488
143074,143085,146184,11,3099,2,36000,1.00354953211
143089,143095,146409,6,3314,2,36000,1.00181050091
143124,143130,204603,6,61473,2,216000,1.00009760383
143143,143154,146398,11,3244,2,36000,1.00339087546
143164,143174,146292,10,3118,2,36000,1.00320718409
143166,143179,146468,13,3289,2,36000,1.00395256917
143180,143189,146432,9,3243,2,36000,1.00277520814
143195,143202,146360,7,3158,2,36000,1.00221659278
143197,143208,146495,11,3287,2,36000,1.00334651658
143212,143218,146295,6,3077,2,36000,1.00194995125
143227,143232,146407,5,3175,2,36000,1.00157480315
143266,143276,146496,10,3220,2,36000,1.00310559006
143281,143287,146492,6,3205,2,36000,1.00187207488
143335,143345,146619,10,3274,2,36000,1.00305436775
143350,143356,146565,6,3209,2,36000,1.00186974135
143441,143450,146873,9,3423,2,36000,1.00262927257
143456,143462,146813,6,3351,2,36000,1.0017905103
143457,143468,146715,11,3247,2,36000,1.00338774253
143512,143521,146912,9,3391,2,36000,1.00265408434
143513,143527,146752,14,3225,2,36000,1.00434108527
143529,143535,146697,6,3162,2,36000,1.00189753321
143746,143755,146997,9,3242,2,36000,1.00277606416
143862,143872,147200,10,3328,2,36000,1.00300480769
144168,144177,147307,9,3130,2,36000,1.00287539936
144823,144833,148007,10,3174,2,36000,1.00315059861
145077,145082,145083,5,1,2,54000,1.0
145148,145154,152243,6,7089,2,54000,1.00084638172
145257,145265,148462,8,3197,2,36000,1.00250234595
145477,145484,148728,7,3244,2,36000,1.00215782984
145479,145491,148695,12,3204,2,36000,1.00374531835
145609,145618,148836,9,3218,2,36000,1.00279676818
145629,145639,148870,10,3231,2,36000,1.00309501702
145644,145650,148889,6,3239,2,36000,1.00185242359
145704,145712,148984,8,3272,2,36000,1.00244498778
145725,145733,148854,8,3121,2,36000,1.002563281
145919,145929,149304,10,3375,2,36000,1.00296296296
146040,146049,149242,9,3193,2,36000,1.00281866583
146085,146093,149338,8,3245,2,36000,1.00246533128
146118,146129,149452,11,3323,2,36000,1.00331026181
146133,146139,149269,6,3130,2,36000,1.00191693291
146188,146195,149581,7,3386,2,36000,1.00206733609
146209,146218,149446,9,3228,2,36000,1.00278810409
146210,146223,149385,13,3162,2,36000,1.00411132195
146295,146304,149446,9,3142,2,36000,1.00286441757
146310,146316,149506,6,3190,2,36000,1.00188087774
146340,146346,160748,6,14402,4,144000,1.0004166088
146346,146356,149649,10,3293,2,36000,1.00303674461
146361,146371,149594,10,3223,2,36000,1.00310269935
146400,146410,149748,10,3338,2,36000,1.00299580587
146415,146421,149709,6,3288,2,36000,1.00182481752
146416,146427,149563,11,3136,2,36000,1.00350765306
146435,146443,149710,8,3267,2,36000,1.00244872972
146470,146479,149716,9,3237,2,36000,1.00278035218
146495,146504,149701,9,3197,2,36000,1.00281513919
146510,146516,149728,6,3212,2,36000,1.00186799502
146511,146522,149761,11,3239,2,36000,1.00339610991
146569,146576,149754,7,3178,2,36000,1.00220264317
146621,146630,149779,9,3149,2,36000,1.00285805017
146638,146644,146668,6,24,4,14400,1.25
146699,146708,150071,9,3363,2,36000,1.00267618198
146717,146726,150056,9,3330,2,36000,1.0027027027
146753,146764,150001,11,3237,2,36000,1.00339820822
146814,146824,150096,10,3272,2,36000,1.00305623472
146842,146848,146850,6,2,4,14400,1.0
146874,146884,150081,10,3197,2,36000,1.00312793244
146913,146923,150262,10,3339,2,36000,1.00299490866
146998,147008,150310,10,3302,2,36000,1.0030284676
147206,147212,150406,6,3194,2,36000,1.00187852223
147308,147319,150598,11,3279,2,36000,1.00335468131
148011,148019,151299,8,3280,2,36000,1.00243902439
148464,148473,151656,9,3183,2,36000,1.00282752121
148697,148706,151936,9,3230,2,36000,1.00278637771
148730,148739,152007,9,3268,2,36000,1.00275397797
148836,148842,149014,6,172,15,1800,1.03488372093
148839,148848,152204,9,3356,2,36000,1.002681764
148858,148865,152056,7,3191,2,36000,1.0021936697
148873,148882,152166,9,3284,2,36000,1.00274056029
148891,148900,151935,9,3035,2,36000,1.00296540362
148985,148995,152218,10,3223,2,36000,1.00310269935
149245,149254,152485,9,3231,2,36000,1.00278551532
149271,149280,152352,9,3072,2,36000,1.0029296875
149308,149315,152634,7,3319,2,36000,1.002109069
149341,149349,152685,8,3336,2,36000,1.00239808153
149386,149396,152623,10,3227,2,36000,1.00309885342
149447,149457,152734,10,3277,2,36000,1.00305157156
149448,149462,152558,14,3096,2,36000,1.00452196382
149464,149471,152828,7,3357,2,36000,1.00208519511
149506,149517,152898,11,3381,2,36000,1.0032534753
149563,149574,152876,11,3302,2,36000,1.00333131435
149585,149592,152842,7,3250,2,36000,1.00215384615
149600,149606,152857,6,3251,2,36000,1.00184558597
149652,149660,152833,8,3173,2,36000,1.00252127324
149703,149712,152951,9,3239,2,36000,1.00277863538
149719,149725,152910,6,3185,2,36000,1.00188383046
149720,149731,152869,11,3138,2,36000,1.00350541746
149721,149736,152775,15,3039,2,36000,1.00493583416
149736,149742,152954,6,3212,2,36000,1.00186799502
149751,149760,153063,9,3303,2,36000,1.00272479564
149766,149772,152974,6,3202,2,36000,1.00187382886
149768,149778,152995,10,3217,2,36000,1.00310848617
149774,149784,149811,10,27,15,1800,1.37037037037
149782,149790,153048,8,3258,2,36000,1.00245549417
150003,150013,153229,10,3216,2,36000,1.00310945274
150057,150067,153320,10,3253,2,36000,1.00307408546
150072,150082,153281,10,3199,2,36000,1.00312597687
150087,150093,153332,6,3239,2,36000,1.00185242359
150102,150108,153316,6,3208,2,36000,1.00187032419
150263,150270,150289,7,19,15,1800,1.36842105263
150265,150276,153443,11,3167,2,36000,1.0034733186
150310,150321,153624,11,3303,2,36000,1.00333030578
150347,150353,150391,6,38,15,1800,1.15789473684
150404,150417,153721,13,3304,2,36000,1.0039346247
150446,150452,152278,6,1826,15,1800,1.00328587076
150601,150610,153809,9,3199,2,36000,1.00281337918
151301,151310,154546,9,3236,2,36000,1.00278121137
151659,151667,154766,8,3099,2,36000,1.0025814779
151937,151946,155069,9,3123,2,36000,1.00288184438
151938,151952,155155,14,3203,2,36000,1.00437090228
152008,152018,155167,10,3149,2,36000,1.00317561131
152059,152068,155321,9,3253,2,36000,1.00276667691
152167,152177,155563,10,3386,2,36000,1.00295333727
152206,152215,155308,9,3093,2,36000,1.00290979631
152221,152229,155420,8,3191,2,36000,1.00250705108
152354,152364,155572,10,3208,2,36000,1.00311720698
152487,152497,155815,10,3318,2,36000,1.00301386377
152559,152569,155718,10,3149,2,36000,1.00317561131
152626,152634,155904,8,3270,2,36000,1.00244648318
152641,152647,155844,6,3197,2,36000,1.00187675946
152689,152697,155906,8,3209,2,36000,1.00249298847
152737,152745,155860,8,3115,2,36000,1.0025682183
152777,152786,156031,9,3245,2,36000,1.00277349769
152831,152840,156099,9,3259,2,36000,1.00276158331
152847,152853,156198,6,3345,2,36000,1.00179372197
152848,152859,156031,11,3172,2,36000,1.00346784363
152863,152869,156195,6,3326,2,36000,1.00180396873
152878,152884,155986,6,3102,2,36000,1.00193423598
152879,152890,156010,11,3120,2,36000,1.00352564103
152900,152909,156195,9,3286,2,36000,1.00273889227
152915,152921,156155,6,3234,2,36000,1.00185528757
152955,152962,156194,7,3232,2,36000,1.00216584158
152956,152968,156291,12,3323,2,36000,1.0036111947
152977,152986,156330,9,3344,2,36000,1.00269138756
152998,153006,156222,8,3216,2,36000,1.00248756219
153049,153060,156219,11,3159,2,36000,1.00348211459
153064,153074,156280,10,3206,2,36000,1.00311915159
153231,153240,156601,9,3361,2,36000,1.00267777447
153282,153292,156570,10,3278,2,36000,1.00305064063
153319,153327,156684,8,3357,2,36000,1.00238308013
153334,153340,156634,6,3294,2,36000,1.00182149362
153335,153346,156572,11,3226,2,36000,1.00340979541
153444,153455,156751,11,3296,2,36000,1.00333737864
153626,153635,156861,9,3226,2,36000,1.00278983261
153722,153732,156879,10,3147,2,36000,1.00317762949
153812,153820,157093,8,3273,2,36000,1.00244424076
154549,154558,157902,9,3344,2,36000,1.00269138756
154769,154777,158000,8,3223,2,36000,1.00248215948
155071,155080,158304,9,3224,2,36000,1.00279156328
155159,155166,158365,7,3199,2,36000,1.00218818381
155174,155180,158357,6,3177,2,36000,1.00188857413
155310,155320,158515,10,3195,2,36000,1.00312989045
155325,155332,158512,7,3180,2,36000,1.00220125786
155421,155431,158643,10,3212,2,36000,1.00311332503
155566,155574,158877,8,3303,2,36000,1.00242204057
155581,155587,158820,6,3233,2,36000,1.00185586143
155721,155729,158955,8,3226,2,36000,1.00247985121
155818,155827,159107,9,3280,2,36000,1.00274390244
155845,155855,159173,10,3318,2,36000,1.00301386377
155863,155871,158981,8,3110,2,36000,1.00257234727
155905,155915,159069,10,3154,2,36000,1.00317057705
155920,155926,159037,6,3111,2,36000,1.00192864031
155986,155997,159346,11,3349,2,36000,1.00328456256
156010,156021,159358,11,3337,2,36000,1.00329637399
156031,156042,159442,11,3400,2,36000,1.00323529412
156033,156047,159079,14,3032,2,36000,1.00461741425
156103,156110,159272,7,3162,2,36000,1.00221378874
156157,156166,159482,9,3316,2,36000,1.00271411339
156197,156205,159513,8,3308,2,36000,1.00241837969
156199,156211,159566,12,3355,2,36000,1.00357675112
156200,156217,159399,17,3182,2,36000,1.00534255185
156215,156223,159401,8,3178,2,36000,1.00251730648
156230,156236,159368,6,3132,2,36000,1.00191570881
156231,156242,159510,11,3268,2,36000,1.00336597307
156283,156291,159456,8,3165,2,36000,1.00252764613
156298,156304,159544,6,3240,2,36000,1.00185185185
156331,156341,159669,10,3328,2,36000,1.00300480769
156572,156587,159727,15,3140,2,36000,1.00477707006
156574,156581,159826,7,3245,2,36000,1.00215716487
156604,156612,159938,8,3326,2,36000,1.00240529164
156635,156645,159902,10,3257,2,36000,1.0030703101
156686,156695,159933,9,3238,2,36000,1.00277949351
156752,156762,160068,10,3306,2,36000,1.00302480339
156864,156872,160130,8,3258,2,36000,1.00245549417
156882,156890,160114,8,3224,2,36000,1.00248138958
157094,157104,160221,10,3117,2,36000,1.00320821303
157905,157913,161108,8,3195,2,36000,1.00250391236
158002,158012,161335,10,3323,2,36000,1.00300932892
158307,158315,161449,8,3134,2,36000,1.00255264837
158358,158368,161508,10,3140,2,36000,1.00318471338
158373,158379,161564,6,3185,2,36000,1.00188383046
158515,158524,161901,9,3377,2,36000,1.00266508736
158530,158536,161522,6,2986,2,36000,1.00200937709
158644,158654,161964,10,3310,2,36000,1.00302114804
158823,158832,162061,9,3229,2,36000,1.00278724063
158880,158889,162220,9,3331,2,36000,1.00270189132
158955,158966,162181,11,3215,2,36000,1.0034214619
158983,158993,162288,10,3295,2,36000,1.00303490137
159040,159049,162365,9,3316,2,36000,1.00271411339
159070,159081,162416,11,3335,2,36000,1.00329835082
159085,159091,162336,6,3245,2,36000,1.00184899846
159109,159118,162298,9,3180,2,36000,1.00283018868
159176,159184,162613,8,3429,2,36000,1.0023330417
159276,159283,162510,7,3227,2,36000,1.0021691974
159348,159357,162732,9,3375,2,36000,1.00266666667
159363,159369,162626,6,3257,2,36000,1.00184218606
159378,159384,162623,6,3239,2,36000,1.00185242359
159402,159408,159409,6,1,2,3540,1.0
159403,159414,162628,11,3214,2,36000,1.00342252645
159404,159419,162598,15,3179,2,36000,1.00471846493
159443,159453,162659,10,3206,2,36000,1.00311915159
159458,159468,162656,10,3188,2,36000,1.00313676286
159485,159493,162733,8,3240,2,36000,1.0024691358
159513,159521,162801,8,3280,2,36000,1.00243902439
159528,159534,162678,6,3144,2,36000,1.00190839695
159546,159556,162719,10,3163,2,36000,1.00316155549
159567,159577,162649,10,3072,2,36000,1.00325520833
159669,159680,162872,11,3192,2,36000,1.00344611529
159730,159738,162923,8,3185,2,36000,1.00251177394
159759,159765,166991,6,7226,15,7200,1.0008303349
159827,159837,163199,10,3362,2,36000,1.00297441999
159905,159914,163009,9,3095,2,36000,1.00290791599
159935,159944,163054,9,3110,2,36000,1.00289389068
159950,159956,163191,6,3235,2,36000,1.00185471406
160057,160063,163003,6,2940,4,36000,1.00204081633
160066,160072,162984,6,2912,4,36000,1.00206043956
160071,160079,163237,8,3158,2,36000,1.00253324889
160116,160125,163430,9,3305,2,36000,1.00272314675
160131,160142,163476,11,3334,2,36000,1.00329934013
160222,160232,163377,10,3145,2,36000,1.00317965024
160696,160702,163010,6,2308,4,36000,1.00259965338
160703,160710,161956,7,1246,4,36000,1.00561797753
161111,161119,164273,8,3154,2,36000,1.00253646164
161338,161346,164516,8,3170,2,36000,1.00252365931
161452,161460,164654,8,3194,2,36000,1.00250469631
161510,161519,164770,9,3251,2,36000,1.00276837896
161525,161533,164593,8,3060,2,36000,1.00261437908
161567,161575,164600,8,3025,2,36000,1.0026446281
161838,161844,162909,6,1065,4,36000,1.00563380282
161854,161860,162908,6,1048,4,36000,1.00572519084
161902,161912,165220,10,3308,2,36000,1.00302297461
161966,161976,165096,10,3120,2,36000,1.00320512821
162062,162072,165431,10,3359,2,36000,1.00297707651
162183,162193,165483,10,3290,2,36000,1.00303951368
162223,162231,165385,8,3154,2,36000,1.00253646164
162289,162300,165480,11,3180,2,36000,1.0034591195
162304,162310,165529,6,3219,2,36000,1.0018639329
162337,162347,165612,10,3265,2,36000,1.00306278714
162367,162376,165674,9,3298,2,36000,1.00272892662
162419,162427,165779,8,3352,2,36000,1.00238663484
162512,162521,165746,9,3225,2,36000,1.00279069767
162600,162609,165925,9,3316,2,36000,1.00271411339
162615,162624,165855,9,3231,2,36000,1.00278551532
162631,162637,165871,6,3234,2,36000,1.00185528757
162632,162643,165883,11,3240,2,36000,1.00339506173
162633,162648,165892,15,3244,2,36000,1.00462392109
162651,162660,165946,9,3286,2,36000,1.00273889227
162666,162672,165874,6,3202,2,36000,1.00187382886
162667,162678,165869,11,3191,2,36000,1.00344719524
162682,162689,165991,7,3302,2,36000,1.00211992732
162722,162731,166109,9,3378,2,36000,1.0026642984
162737,162743,166041,6,3298,2,36000,1.00181928441
162738,162749,165967,11,3218,2,36000,1.00341827222
162805,162813,166013,8,3200,2,36000,1.0025
162874,162883,166174,9,3291,2,36000,1.00273473108
162926,162934,166137,8,3203,2,36000,1.00249765845
162936,162943,168711,7,5768,4,36000,1.00121359223
162953,162959,169030,6,6071,4,36000,1.00098830506
163010,163020,166317,10,3297,2,36000,1.00303306036
163055,163067,166382,12,3315,2,36000,1.0036199095
163055,163061,165951,6,2890,4,36000,1.00207612457
163067,163073,165966,6,2893,4,36000,1.00207397166
163079,163085,166047,6,2962,4,36000,1.00202565834
163090,163096,164339,6,1243,4,36000,1.00482703138
163192,163202,166466,10,3264,2,36000,1.00306372549
163207,163213,166406,6,3193,2,36000,1.00187911055
163239,163248,166473,9,3225,2,36000,1.00279069767
163378,163388,166730,10,3342,2,36000,1.00299222023
163433,163441,166671,8,3230,2,36000,1.00247678019
163478,163487,166741,9,3254,2,36000,1.00276582667
164028,164035,167750,7,3715,1,36000,1.00188425303
164067,164073,167735,6,3662,1,36000,1.00163844894
164097,164103,167736,6,3633,1,36000,1.00165152766
164128,164135,167868,7,3733,1,36000,1.00187516743
164208,164214,167865,6,3651,1,36000,1.00164338537
164259,164265,167909,6,3644,1,36000,1.00164654226
164276,164284,167591,8,3307,2,36000,1.00241911098
164290,164297,168083,7,3786,1,36000,1.00184891706
164316,164322,167975,6,3653,1,36000,1.00164248563
164362,164368,168029,6,3661,1,36000,1.00163889648
164390,164396,174610,6,10214,1,36000,1.00058742902
164439,164445,168125,6,3680,1,36000,1.00163043478
164482,164488,168165,6,3677,1,36000,1.00163176503
164517,164527,167789,10,3262,2,36000,1.00306560392
164535,164541,168204,6,3663,1,36000,1.00163800164
164571,164578,169539,7,4961,1,36000,1.00141100585
164595,164604,167865,9,3261,2,36000,1.0027598896
164610,164616,167857,6,3241,2,36000,1.00185128047
164637,164643,169605,6,4962,1,36000,1.00120918984
164655,164665,167791,10,3126,2,36000,1.00319897633
164691,164697,169902,6,5205,1,36000,1.00115273775
164727,164733,168401,6,3668,1,36000,1.00163576881
164749,164756,170495,7,5739,1,36000,1.00121972469
164773,164781,167943,8,3162,2,36000,1.00253004428
165099,165107,168383,8,3276,2,36000,1.00244200244
165223,165231,168598,8,3367,2,36000,1.00237600238
165386,165396,168557,10,3161,2,36000,1.00316355584
165432,165442,168588,10,3146,2,36000,1.00317863954
165460,165466,175557,6,10091,1,36000,1.00059458924
165483,165492,168701,9,3209,2,36000,1.00280461203
165497,165503,171359,6,5856,1,36000,1.00102459016
165498,165509,168840,11,3331,2,36000,1.00330231162
165531,165540,168761,9,3221,2,36000,1.0027941633
165536,165546,171400,10,5854,1,36000,1.00170823369
165565,165571,171212,6,5641,1,36000,1.0010636412
165592,165598,172181,6,6583,1,36000,1.00091143855
165616,165623,168868,7,3245,2,36000,1.00215716487
165617,165628,169961,11,4333,1,36000,1.00253865682
165659,165665,177492,6,11827,1,36000,1.00050731377
165676,165685,168905,9,3220,2,36000,1.00279503106
165709,165715,188548,6,22833,1,36000,1.00026277756
165743,165749,181656,6,15907,1,36000,1.00037719243
165749,165758,169023,9,3265,2,36000,1.00275650842
165770,165776,178633,6,12857,1,36000,1.00046667185
165782,165790,169021,8,3231,2,36000,1.00247601362
165797,165803,176309,6,10506,1,36000,1.00057110223
165830,165836,179706,6,13870,1,36000,1.00043258832
165857,165866,169027,9,3161,2,36000,1.00284720025
165862,165872,170349,10,4477,1,36000,1.0022336386
165873,165880,169165,7,3285,2,36000,1.00213089802
165874,165886,169041,12,3155,2,36000,1.00380348653
165890,165896,169028,6,3132,2,36000,1.00191570881
165890,165901,171731,11,5830,1,36000,1.00188679245
165891,165908,169150,17,3242,2,36000,1.00524367674
165907,165914,168976,7,3062,2,36000,1.00228608752
165928,165936,169074,8,3138,2,36000,1.00254939452
165949,165958,169105,9,3147,2,36000,1.00285986654
165970,165978,169147,8,3169,2,36000,1.00252445566
165994,166002,169383,8,3381,2,36000,1.00236616386
166015,166025,169136,10,3111,2,36000,1.00321440051
166042,166052,169366,10,3314,2,36000,1.00301750151
166112,166121,169396,9,3275,2,36000,1.0027480916
166139,166148,169558,9,3410,2,36000,1.00263929619
166175,166185,169517,10,3332,2,36000,1.00300120048
166243,166249,177685,6,11436,1,36000,1.00052465897
166271,166278,180203,7,13925,1,36000,1.000502693
166320,166328,169623,8,3295,2,36000,1.00242792109
166372,166378,178787,6,12409,1,36000,1.00048352003
166384,166393,169713,9,3320,2,36000,1.00271084337
166394,166401,180053,7,13652,1,36000,1.00051274539
166408,166417,169603,9,3186,2,36000,1.00282485876
166422,166428,170880,6,4452,1,36000,1.00134770889
166441,166447,171088,6,4641,1,36000,1.00129282482
166468,166477,169683,9,3206,2,36000,1.00280723643
166470,166482,170562,12,4080,1,36000,1.00294117647
166483,166489,169652,6,3163,2,36000,1.00189693329
166495,166501,171508,6,5007,1,36000,1.00119832235
166517,166523,171479,6,4956,1,36000,1.00121065375
166546,166552,177797,6,11245,1,36000,1.00053357048
166581,166588,171351,7,4763,1,36000,1.00146966198
166605,166611,171845,6,5234,1,36000,1.00114635078
166626,166632,170904,6,4272,1,36000,1.00140449438
166656,166663,171611,7,4948,1,36000,1.00141471302
166673,166683,169763,10,3080,2,36000,1.00324675325
166731,166741,169979,10,3238,2,36000,1.00308832613
166746,166752,170074,6,3322,2,36000,1.00180614088
166808,166814,171430,6,4616,1,36000,1.00129982669
166830,166837,172810,7,5973,1,36000,1.0011719404
166854,166860,172455,6,5595,1,36000,1.00107238606
166877,166883,171798,6,4915,1,36000,1.0012207528
166924,166930,171741,6,4811,1,36000,1.00124714197
166947,166953,172212,6,5259,1,36000,1.00114090131
166977,166983,172363,6,5380,1,36000,1.00111524164
166995,167001,171770,6,4769,1,36000,1.00125812539
167591,167602,170866,11,3264,2,36000,1.00337009804
167791,167800,171041,9,3241,2,36000,1.0027769207
167805,167811,171172,6,3361,2,36000,1.00178518298
167860,167868,171244,8,3376,2,36000,1.00236966825
167875,167881,171044,6,3163,2,36000,1.00189693329
167944,167955,171122,11,3167,2,36000,1.0034733186
168385,168394,171670,9,3276,2,36000,1.00274725275
168560,168568,171657,8,3089,2,36000,1.0025898349
168590,168599,171860,9,3261,2,36000,1.0027598896
168605,168611,171819,6,3208,2,36000,1.00187032419
168702,168712,171981,10,3269,2,36000,1.00305903946
168762,168772,172124,10,3352,2,36000,1.00298329356
168843,168851,172059,8,3208,2,36000,1.00249376559
168870,168880,172012,10,3132,2,36000,1.00319284802
168907,168916,172204,9,3288,2,36000,1.00273722628
168976,168987,172179,11,3192,2,36000,1.00344611529
169025,169032,172289,7,3257,2,36000,1.00214921707
169026,169038,172104,12,3066,2,36000,1.00391389432
169044,169050,172304,6,3254,2,36000,1.00184388445
169045,169056,172405,11,3349,2,36000,1.00328456256
169046,169061,172451,15,3390,2,36000,1.00442477876
169077,169085,172365,8,3280,2,36000,1.00243902439
169107,169117,172403,10,3286,2,36000,1.00304321363
169137,169147,172281,10,3134,2,36000,1.00319081047
169152,169159,172313,7,3154,2,36000,1.00221940393
169153,169165,172421,12,3256,2,36000,1.00368550369
169168,169176,172491,8,3315,2,36000,1.002413273
169369,169378,172548,9,3170,2,36000,1.00283911672
169387,169394,172554,7,3160,2,36000,1.00221518987
169402,169407,172819,5,3412,2,36000,1.00146541618
169519,169528,172657,9,3129,2,36000,1.00287631831
169559,169569,172865,10,3296,2,36000,1.00303398058
169604,169615,172706,11,3091,2,36000,1.00355871886
169625,169634,172946,9,3312,2,36000,1.0027173913
169655,169663,172923,8,3260,2,36000,1.00245398773
169685,169694,173025,9,3331,2,36000,1.00270189132
169715,169724,172753,9,3029,2,36000,1.00297127765
169764,169774,172991,10,3217,2,36000,1.00310848617
169982,169990,173271,8,3281,2,36000,1.00243828101
170075,170085,173217,10,3132,2,36000,1.00319284802
170158,170164,173095,6,2931,4,36000,1.00204708291
170269,170276,173182,7,2906,4,36000,1.00240880936
170499,170505,170506,6,1,2,3540,1.0
170867,170877,174117,10,3240,2,36000,1.00308641975
171043,171052,174150,9,3098,2,36000,1.00290510006
171058,171064,174273,6,3209,2,36000,1.00186974135
171124,171133,174385,9,3252,2,36000,1.00276752768
171175,171183,174400,8,3217,2,36000,1.00248678893
171244,171255,174475,11,3220,2,36000,1.00341614907
171660,171669,174885,9,3216,2,36000,1.00279850746
171675,171681,174881,6,3200,2,36000,1.001875
171822,171830,175025,8,3195,2,36000,1.00250391236
171862,171871,175201,9,3330,2,36000,1.0027027027
171977,171992,175337,15,3345,2,36000,1.00448430493
172013,172023,175285,10,3262,2,36000,1.00306560392
172061,172070,175375,9,3305,2,36000,1.00272314675
172107,172116,175317,9,3201,2,36000,1.00281162137
172125,172135,175364,10,3229,2,36000,1.00309693404
172182,172191,175572,9,3381,2,36000,1.00266193434
172206,172216,175458,10,3242,2,36000,1.00308451573
172285,172293,175580,8,3287,2,36000,1.00243383024
172300,172306,175428,6,3122,2,36000,1.00192184497
172315,172321,175536,6,3215,2,36000,1.00186625194
172316,172327,175666,11,3339,2,36000,1.00329439952
172368,172376,175659,8,3283,2,36000,1.00243679561
172404,172414,175700,10,3286,2,36000,1.00304321363
172419,172426,175756,7,3330,2,36000,1.0021021021
172438,172444,175602,6,3158,2,36000,1.00189993667
172453,172462,175589,9,3127,2,36000,1.00287815798
172493,172502,175690,9,3188,2,36000,1.00282308657
172550,172559,175686,9,3127,2,36000,1.00287815798
172565,172571,175846,6,3275,2,36000,1.00183206107
172658,172668,175944,10,3276,2,36000,1.00305250305
172707,172717,175924,10,3207,2,36000,1.00311817898
172755,172764,175998,9,3234,2,36000,1.00278293135
172822,172830,176119,8,3289,2,36000,1.00243235026
172867,172877,176148,10,3271,2,36000,1.00305716906
172925,172934,176269,9,3335,2,36000,1.00269865067
172949,172957,176176,8,3219,2,36000,1.00248524386
172991,173002,176261,11,3259,2,36000,1.00337526849
173027,173037,176183,10,3146,2,36000,1.00317863954
173217,173228,176603,11,3375,2,36000,1.00325925926
173272,173282,176635,10,3353,2,36000,1.00298240382
173492,173498,180724,6,7226,15,7200,1.0008303349
174120,174128,177389,8,3261,2,36000,1.0024532352
174153,174161,177427,8,3266,2,36000,1.00244947949
174274,174284,177506,10,3222,2,36000,1.00310366232
174387,174396,177655,9,3259,2,36000,1.00276158331
174401,174411,177473,10,3062,2,36000,1.00326583932
174477,174487,177644,10,3157,2,36000,1.00316756414
174884,174892,178008,8,3116,2,36000,1.00256739409
174899,174905,178175,6,3270,2,36000,1.00183486239
175027,175037,178394,10,3357,2,36000,1.00297885016
175204,175212,178585,8,3373,2,36000,1.00237177587
175287,175297,178441,10,3144,2,36000,1.00318066158
175321,175329,178460,8,3131,2,36000,1.00255509422
175340,175348,178691,8,3343,2,36000,1.00239306013
175367,175376,178717,9,3341,2,36000,1.00269380425
175382,175388,178529,6,3141,2,36000,1.00191021968
175428,175439,178529,11,3090,2,36000,1.00355987055
175462,175470,178577,8,3107,2,36000,1.00257483103
175537,175547,178948,10,3401,2,36000,1.00294031167
175573,175583,178740,10,3157,2,36000,1.00316756414
175588,175594,178857,6,3263,2,36000,1.00183879865
175603,175610,178806,7,3196,2,36000,1.0021902378
175605,175616,178836,11,3220,2,36000,1.00341614907
175662,175670,178774,8,3104,2,36000,1.00257731959
175677,175683,178904,6,3221,2,36000,1.00186277554
175693,175699,178951,6,3252,2,36000,1.00184501845
175694,175705,178854,11,3149,2,36000,1.00349317244
175709,175715,178836,6,3121,2,36000,1.00192246075
175760,175767,179128,7,3361,2,36000,1.00208271348
175849,175858,179147,9,3289,2,36000,1.00273639404
175927,175936,179244,9,3308,2,36000,1.00272067715
175945,175955,179112,10,3157,2,36000,1.00316756414
176000,176009,179171,9,3162,2,36000,1.00284629981
176121,176130,179562,9,3432,2,36000,1.00262237762
176153,176159,179329,6,3170,2,36000,1.00189274448
176178,176187,179502,9,3315,2,36000,1.00271493213
176192,176198,179228,6,3030,2,36000,1.00198019802
176265,176273,179510,8,3237,2,36000,1.00247142416
176279,176286,179625,7,3339,2,36000,1.00209643606
176604,176614,179881,10,3267,2,36000,1.00306091215
176637,176646,179810,9,3164,2,36000,1.00284450063
177392,177400,180621,8,3221,2,36000,1.00248370071
177428,177439,180704,11,3265,2,36000,1.00336906585
177476,177484,180706,8,3222,2,36000,1.00248292986
177509,177518,180689,9,3171,2,36000,1.00283822138
177645,177655,180862,10,3207,2,36000,1.00311817898
177660,177666,180845,6,3179,2,36000,1.00188738597
178010,178019,181200,9,3181,2,36000,1.00282929896
178177,178186,181332,9,3146,2,36000,1.00286077559
178395,178406,181789,11,3383,2,36000,1.00325155188
178443,178457,181584,14,3127,2,36000,1.00447713463
178461,178471,181694,10,3223,2,36000,1.00310269935
178531,178540,181871,9,3331,2,36000,1.00270189132
178532,178545,181914,13,3369,2,36000,1.00385871178
178581,178588,181927,7,3339,2,36000,1.00209643606
178598,178605,181905,7,3300,2,36000,1.00212121212
178692,178702,182029,10,3327,2,36000,1.00300571085
178720,178729,182049,9,3320,2,36000,1.00271084337
178741,178751,182003,10,3252,2,36000,1.00307503075
178777,178785,182013,8,3228,2,36000,1.00247831475
178807,178817,181951,10,3134,2,36000,1.00319081047
178838,178847,182065,9,3218,2,36000,1.00279676818
178839,178852,182165,13,3313,2,36000,1.00392393601
178857,178865,182137,8,3272,2,36000,1.00244498778
178858,178871,181899,13,3028,2,36000,1.00429326288
178907,178915,182120,8,3205,2,36000,1.00249609984
178949,178959,182327,10,3368,2,36000,1.00296912114
178964,178970,182138,6,3168,2,36000,1.00189393939
179115,179123,182377,8,3254,2,36000,1.0024585126
179130,179139,182170,9,3031,2,36000,1.00296931706
179148,179158,182550,10,3392,2,36000,1.00294811321
179173,179182,182355,9,3173,2,36000,1.0028364324
179230,179239,182488,9,3249,2,36000,1.0027700831
179245,179255,182410,10,3155,2,36000,1.00316957211
179330,179340,182590,10,3250,2,36000,1.00307692308
179505,179513,182796,8,3283,2,36000,1.00243679561
179520,179526,182870,6,3344,2,36000,1.00179425837
179565,179574,182795,9,3221,2,36000,1.0027941633
179629,179636,182986,7,3350,2,36000,1.00208955224
179813,179821,183052,8,3231,2,36000,1.00247601362
179882,179893,183061,11,3168,2,36000,1.00347222222
180455,180461,184151,6,3690,1,36000,1.00162601626
180622,180632,183813,10,3181,2,36000,1.00314366551
180692,180700,183808,8,3108,2,36000,1.00257400257
180707,180715,183958,8,3243,2,36000,1.00246685168
180708,180721,183971,13,3250,2,36000,1.004
180847,180857,184214,10,3357,2,36000,1.00297885016
180865,180873,184049,8,3176,2,36000,1.00251889169
181204,181212,184418,8,3206,2,36000,1.00249532127
181334,181343,184489,9,3146,2,36000,1.00286077559
181394,181400,181563,6,163,15,7200,1.03680981595
181587,181595,184880,8,3285,2,36000,1.00243531202
181696,181706,184822,10,3116,2,36000,1.00320924262
181792,181800,185004,8,3204,2,36000,1.0024968789
181874,181883,185092,9,3209,2,36000,1.00280461203
181901,181910,185066,9,3156,2,36000,1.00285171103
181916,181922,185190,6,3268,2,36000,1.00183598531
181918,181928,185121,10,3193,2,36000,1.00313185092
181933,181938,185170,5,3232,2,36000,1.0015470297
181954,181962,185197,8,3235,2,36000,1.00247295209
182005,182014,185114,9,3100,2,36000,1.00290322581
182020,182026,185280,6,3254,2,36000,1.00184388445
182035,182040,185180,5,3140,2,36000,1.00159235669
182053,182061,185274,8,3213,2,36000,1.00248988484
182068,182076,185170,8,3094,2,36000,1.00258564964
182122,182131,185386,9,3255,2,36000,1.00276497696
182141,182149,185383,8,3234,2,36000,1.00247371676
182142,182154,185213,12,3059,2,36000,1.0039228506
182166,182176,185324,10,3148,2,36000,1.00317662008
182181,182187,185530,6,3343,2,36000,1.00179479509
182329,182339,185510,10,3171,2,36000,1.00315357931
182357,182366,185509,9,3143,2,36000,1.0028635062
182378,182388,185519,10,3131,2,36000,1.00319386777
182411,182421,185579,10,3158,2,36000,1.00316656111
182489,182499,185573,10,3074,2,36000,1.00325309044
182552,182561,185844,9,3283,2,36000,1.00274139507
182592,182603,185833,11,3230,2,36000,1.00340557276
182798,182806,185998,8,3192,2,36000,1.00250626566
182799,182812,186176,13,3364,2,36000,1.00386444709
182872,182881,186284,9,3403,2,36000,1.00264472524
182987,182997,186226,10,3229,2,36000,1.00309693404
183053,183063,186463,10,3400,2,36000,1.00294117647
183068,183074,186264,6,3190,2,36000,1.00188087774
183810,183819,187128,9,3309,2,36000,1.00271985494
183825,183831,187041,6,3210,2,36000,1.00186915888
183961,183969,187039,8,3070,2,36000,1.00260586319
183976,183981,187150,5,3169,2,36000,1.00157778479
184051,184060,187301,9,3241,2,36000,1.0027769207
184217,184225,187505,8,3280,2,36000,1.00243902439
184419,184430,187696,11,3266,2,36000,1.00336803429
184492,184500,187705,8,3205,2,36000,1.00249609984
184825,184833,188106,8,3273,2,36000,1.00244424076
184882,184892,188146,10,3254,2,36000,1.00307314075
185006,185015,188158,9,3143,2,36000,1.0028635062
185067,185077,188403,10,3326,2,36000,1.00300661455
185094,185104,188324,10,3220,2,36000,1.00310559006
185115,185125,188387,10,3262,2,36000,1.00306560392
185130,185136,188237,6,3101,2,36000,1.00193485972
185172,185181,188426,9,3245,2,36000,1.00277349769
185174,185186,188454,12,3268,2,36000,1.00367197062
185189,185195,188475,6,3280,2,36000,1.00182926829
185204,185210,188575,6,3365,2,36000,1.00178306092
185206,185216,188413,10,3197,2,36000,1.00312793244
185221,185227,188389,6,3162,2,36000,1.00189753321
185275,185285,188330,10,3045,2,36000,1.00328407225
185290,185296,188527,6,3231,2,36000,1.00185701021
185327,185335,188658,8,3323,2,36000,1.00240746314
185384,185395,188584,11,3189,2,36000,1.00344935717
185399,185405,188785,6,3380,2,36000,1.00177514793
185511,185520,188678,9,3158,2,36000,1.002849905
185513,185526,188881,13,3355,2,36000,1.00387481371
185528,185534,188769,6,3235,2,36000,1.00185471406
185543,185549,188786,6,3237,2,36000,1.00185356812
185576,185584,188991,8,3407,2,36000,1.00234810684
185591,185597,188831,6,3234,2,36000,1.00185528757
185836,185844,189111,8,3267,2,36000,1.00244872972
185851,185857,189184,6,3327,2,36000,1.00180342651
185999,186009,189099,10,3090,2,36000,1.00323624595
186178,186187,189574,9,3387,2,36000,1.00265721878
186229,186237,189341,8,3104,2,36000,1.00257731959
186265,186275,189430,10,3155,2,36000,1.00316957211
186287,186295,189708,8,3413,2,36000,1.0023439789
186465,186474,189573,9,3099,2,36000,1.00290416263
187040,187050,190368,10,3318,2,36000,1.00301386377
187055,187062,190282,7,3220,2,36000,1.00217391304
187131,187139,190423,8,3284,2,36000,1.00243605359
187152,187161,190478,9,3317,2,36000,1.00271329515
187304,187312,190629,8,3317,2,36000,1.00241181791
187507,187516,190766,9,3250,2,36000,1.00276923077
187697,187707,190992,10,3285,2,36000,1.00304414003
187712,187718,190897,6,3179,2,36000,1.00188738597
188107,188117,191425,10,3308,2,36000,1.00302297461
188150,188158,191458,8,3300,2,36000,1.00242424242
188165,188171,191360,6,3189,2,36000,1.00188146754
188237,188248,191300,11,3052,2,36000,1.00360419397
188325,188335,191581,10,3246,2,36000,1.00308071473
188340,188346,191538,6,3192,2,36000,1.00187969925
188388,188398,191625,10,3227,2,36000,1.00309885342
188403,188410,191664,7,3254,2,36000,1.00215119852
188405,188416,191720,11,3304,2,36000,1.00332929782
188420,188426,191621,6,3195,2,36000,1.00187793427
188435,188441,191686,6,3245,2,36000,1.00184899846
188456,188465,191727,9,3262,2,36000,1.00275904353
188477,188487,191685,10,3198,2,36000,1.00312695435
188528,188538,191775,10,3237,2,36000,1.0030892802
188576,188587,191807,11,3220,2,36000,1.00341614907
188591,188597,191758,6,3161,2,36000,1.0018981335
188661,188669,191937,8,3268,2,36000,1.00244798042
188679,188689,192022,10,3333,2,36000,1.00300030003
188773,188781,191935,8,3154,2,36000,1.00253646164
188788,188796,192092,8,3296,2,36000,1.00242718447
188789,188802,191957,13,3155,2,36000,1.00412044374
188832,188842,192104,10,3262,2,36000,1.00306560392
188883,188892,192248,9,3356,2,36000,1.002681764
188992,189002,192238,10,3236,2,36000,1.00309023486
189101,189110,192314,9,3204,2,36000,1.00280898876
189116,189121,192410,5,3289,2,36000,1.00152021891
189185,189195,192532,10,3337,2,36000,1.00299670363
189343,189353,192587,10,3234,2,36000,1.00309214595
189429,189435,189553,6,118,1,1800,1.05084745763
189431,189441,192534,10,3093,2,36000,1.00323310702
189576,189583,192804,7,3221,2,36000,1.00217323812
189578,189590,192729,12,3139,2,36000,1.00382287353
189711,189719,192968,8,3249,2,36000,1.00246229609
189863,189870,189973,7,103,1,1800,1.06796116505
190285,190294,193519,9,3225,2,36000,1.00279069767
190370,190380,193599,10,3219,2,36000,1.00310655483
190424,190434,193738,10,3304,2,36000,1.00302663438
190481,190489,193720,8,3231,2,36000,1.00247601362
190614,190620,191174,6,554,1,1800,1.01083032491
190632,190641,193749,9,3108,2,36000,1.0028957529
190768,190778,194072,10,3294,2,36000,1.00303582271
190898,190908,194212,10,3304,2,36000,1.00302663438
190995,191003,194323,8,3320,2,36000,1.00240963855
191303,191311,194482,8,3171,2,36000,1.00252286345
191361,191371,194392,10,3021,2,36000,1.0033101622
191427,191436,194649,9,3213,2,36000,1.00280112045
191461,191469,194745,8,3276,2,36000,1.00244200244
191539,191549,194726,10,3177,2,36000,1.00314762354
191582,191592,194795,10,3203,2,36000,1.00312207306
191625,191632,194847,7,3215,2,36000,1.00217729393
191640,191646,195058,6,3412,2,36000,1.00175849941
191667,191675,194791,8,3116,2,36000,1.00256739409
191688,191697,194858,9,3161,2,36000,1.00284720025
191690,191702,194941,12,3239,2,36000,1.00370484718
191723,191731,195008,8,3277,2,36000,1.00244125725
191738,191744,194873,6,3129,2,36000,1.00191754554
191760,191769,195030,9,3261,2,36000,1.0027598896
191778,191787,195128,9,3341,2,36000,1.00269380425
191808,191818,195088,10,3270,2,36000,1.00305810398
191921,191927,199131,6,7204,15,7200,1.00083287063
191939,191948,195187,9,3239,2,36000,1.00277863538
191940,191953,195180,13,3227,2,36000,1.00402850945
191958,191968,195211,10,3243,2,36000,1.0030835646
192025,192034,195257,9,3223,2,36000,1.00279242941
192094,192103,195414,9,3311,2,36000,1.00271821202
192109,192115,195403,6,3288,2,36000,1.00182481752
192240,192250,195566,10,3316,2,36000,1.00301568154
192255,192261,195474,6,3213,2,36000,1.00186741363
192316,192325,195576,9,3251,2,36000,1.00276837896
192413,192421,195662,8,3241,2,36000,1.00246837396
192534,192543,195740,9,3197,2,36000,1.00281513919
192549,192555,195731,6,3176,2,36000,1.00188916877
192588,192598,195776,10,3178,2,36000,1.0031466331
192731,192740,195973,9,3233,2,36000,1.00278379214
192740,192746,192789,6,43,1,1800,1.13953488372
192807,192815,196238,8,3423,2,36000,1.00233713117
192920,192926,192979,6,53,1,1800,1.11320754717
192971,192980,196333,9,3353,2,36000,1.00268416344
193077,193083,193155,6,72,1,1800,1.08333333333
193291,193297,193378,6,81,1,1800,1.07407407407
193522,193531,196731,9,3200,2,36000,1.0028125
193601,193610,196711,9,3101,2,36000,1.00290228958
193672,193679,193915,7,236,1,1800,1.02966101695
193722,193732,196890,10,3158,2,36000,1.00316656111
193740,193750,196794,10,3044,2,36000,1.00328515112
193755,193761,196961,6,3200,2,36000,1.001875
194074,194084,197182,10,3098,2,36000,1.00322788896
194216,194224,197341,8,3117,2,36000,1.00256657042
194308,194314,194605,6,291,1,1800,1.0206185567
194325,194334,197636,9,3302,2,36000,1.00272562084
194395,194403,197671,8,3268,2,36000,1.00244798042
194483,194493,197693,10,3200,2,36000,1.003125
194652,194661,197883,9,3222,2,36000,1.00279329609
194728,194737,198008,9,3271,2,36000,1.00275145216
194746,194756,197792,10,3036,2,36000,1.00329380764
194792,194802,198184,10,3382,2,36000,1.00295683028
194807,194813,198008,6,3195,2,36000,1.00187793427
194849,194858,198087,9,3229,2,36000,1.00278724063
194865,194871,198014,6,3143,2,36000,1.00190900414
194880,194886,198141,6,3255,2,36000,1.00184331797
194943,194953,198263,10,3310,2,36000,1.00302114804
195007,195019,198240,12,3221,2,36000,1.00372555107
195031,195041,198218,10,3177,2,36000,1.00314762354
195059,195069,198287,10,3218,2,36000,1.0031075202
195089,195099,198405,10,3306,2,36000,1.00302480339
195131,195139,198282,8,3143,2,36000,1.00254533885
195183,195191,198388,8,3197,2,36000,1.00250234595
195198,195204,198412,6,3208,2,36000,1.00187032419
195213,195222,198319,9,3097,2,36000,1.0029060381
195258,195268,198583,10,3315,2,36000,1.00301659125
195314,195320,195350,6,30,1,1800,1.2
195404,195414,198650,10,3236,2,36000,1.00309023486
195419,195425,198835,6,3410,2,36000,1.00175953079
195477,195485,198777,8,3292,2,36000,1.00243013366
195568,195577,198758,9,3181,2,36000,1.00282929896
195583,195589,198798,6,3209,2,36000,1.00186974135
195657,195663,195724,6,61,1,1800,1.09836065574
195665,195674,199083,9,3409,2,36000,1.0026400704
195731,195742,199047,11,3305,2,36000,1.00332829047
195747,195753,199048,6,3295,2,36000,1.00182094082
195777,195787,198983,10,3196,2,36000,1.00312891114
195975,195984,199196,9,3212,2,36000,1.00280199253
196239,196249,199607,10,3358,2,36000,1.00297796307
196334,196345,199501,11,3156,2,36000,1.00348542459
196491,196497,196629,6,132,1,1800,1.04545454545
196714,196722,200025,8,3303,2,36000,1.00242204057
196732,196742,199958,10,3216,2,36000,1.00310945274
196796,196805,200066,9,3261,2,36000,1.0027598896
196893,196901,200090,8,3189,2,36000,1.00250862339
196964,196972,200245,8,3273,2,36000,1.00244424076
197186,197193,200281,7,3088,2,36000,1.00226683938
197344,197353,200483,9,3130,2,36000,1.00287539936
197639,197647,200994,8,3347,2,36000,1.00239020018
197672,197682,201031,10,3349,2,36000,1.00298596596
197696,197705,201028,9,3323,2,36000,1.00270839603
197793,197803,201062,10,3259,2,36000,1.0030684259
197883,197894,201136,11,3242,2,36000,1.0033929673
198011,198025,201158,14,3133,2,36000,1.00446856049
198012,198030,201179,18,3149,2,36000,1.00571610035
198027,198036,201284,9,3248,2,36000,1.00277093596
198088,198098,201366,10,3268,2,36000,1.00305997552
198142,198152,201302,10,3150,2,36000,1.00317460317
198185,198195,201345,10,3150,2,36000,1.00317460317
198221,198229,201550,8,3321,2,36000,1.00240891298
198242,198251,201520,9,3269,2,36000,1.00275313552
198266,198274,201473,8,3199,2,36000,1.00250078149
198284,198294,201494,10,3200,2,36000,1.003125
198299,198306,201540,7,3234,2,36000,1.00216450216
198320,198330,201454,10,3124,2,36000,1.00320102433
198390,198399,201586,9,3187,2,36000,1.00282397239
198408,198416,201597,8,3181,2,36000,1.00251493241
198423,198429,201641,6,3212,2,36000,1.00186799502
198585,198594,201782,9,3188,2,36000,1.00282308657
198651,198661,201768,10,3107,2,36000,1.00321853878
198760,198769,202039,9,3270,2,36000,1.00275229358
198778,198788,202088,10,3300,2,36000,1.00303030303
198799,198809,202138,10,3329,2,36000,1.00300390508
198839,198846,202258,7,3412,2,36000,1.00205158265
198984,198994,202177,10,3183,2,36000,1.00314169023
199048,199064,202308,16,3244,2,36000,1.00493218249
199049,199058,202249,9,3191,2,36000,1.00282043247
199085,199095,202284,10,3189,2,36000,1.00313577924
199198,199207,202448,9,3241,2,36000,1.0027769207
199501,199512,202777,11,3265,2,36000,1.00336906585
199610,199618,202816,8,3198,2,36000,1.00250156348
199961,199969,203335,8,3366,2,36000,1.00237670826
200028,200036,203187,8,3151,2,36000,1.00253887655
200067,200077,203359,10,3282,2,36000,1.00304692261
200091,200101,203351,10,3250,2,36000,1.00307692308
200248,200256,203548,8,3292,2,36000,1.00243013366
200285,200292,203631,7,3339,2,36000,1.00209643606
200484,200494,203694,10,3200,2,36000,1.003125
200994,201005,204223,11,3218,2,36000,1.00341827222
201031,201039,204201,8,3162,2,36000,1.00253004428
201046,201052,204231,6,3179,2,36000,1.00188738597
201064,201073,204279,9,3206,2,36000,1.00280723643
201136,201147,204291,11,3144,2,36000,1.00349872774
201161,201169,204462,8,3293,2,36000,1.00242939569
201182,201190,204346,8,3156,2,36000,1.00253485425
201285,201295,204414,10,3119,2,36000,1.00320615582
201306,201314,204647,8,3333,2,36000,1.00240024002
201349,201356,204673,7,3317,2,36000,1.00211034067
201370,201378,204637,8,3259,2,36000,1.00245474072
201458,201466,204728,8,3262,2,36000,1.00245248314
201476,201484,204700,8,3216,2,36000,1.00248756219
201497,201505,204815,8,3310,2,36000,1.00241691843
201521,201531,204672,10,3141,2,36000,1.00318369946
201542,201551,204829,9,3278,2,36000,1.00274557657
201557,201563,204870,6,3307,2,36000,1.00181433323
201587,201597,204913,10,3316,2,36000,1.00301568154
201602,201608,204993,6,3385,2,36000,1.00177252585
201642,201652,204894,10,3242,2,36000,1.00308451573
201769,201779,205113,10,3334,2,36000,1.00299940012
201784,201793,204990,9,3197,2,36000,1.00281513919
202042,202051,205219,9,3168,2,36000,1.00284090909
202090,202099,205319,9,3220,2,36000,1.00279503106
202141,202149,205318,8,3169,2,36000,1.00252445566
202181,202189,205590,8,3401,2,36000,1.00235224934
202250,202260,205409,10,3149,2,36000,1.00317561131
202265,202272,205422,7,3150,2,36000,1.00222222222
202286,202295,205493,9,3198,2,36000,1.00281425891
202311,202319,205481,8,3162,2,36000,1.00253004428
202450,202460,205761,10,3301,2,36000,1.00302938503
202779,202789,206045,10,3256,2,36000,1.00307125307
202823,202829,206067,6,3238,2,36000,1.00185299568
203189,203198,206587,9,3389,2,36000,1.00265565063
203337,203346,206527,9,3181,2,36000,1.00282929896
203352,203362,206613,10,3251,2,36000,1.00307597662
203367,203373,206600,6,3227,2,36000,1.00185931205
203552,203560,206794,8,3234,2,36000,1.00247371676
203634,203642,206884,8,3242,2,36000,1.00246761258
203695,203705,207009,10,3304,2,36000,1.00302663438
204202,204212,207345,10,3133,2,36000,1.00319182892
204227,204234,207461,7,3227,2,36000,1.0021691974
204242,204248,207379,6,3131,2,36000,1.00191632066
204281,204290,207531,9,3241,2,36000,1.0027769207
204296,204301,207550,5,3249,2,36000,1.00153893506
204347,204357,207543,10,3186,2,36000,1.00313873195
204417,204425,207618,8,3193,2,36000,1.00250548074
204465,204473,207665,8,3192,2,36000,1.00250626566
204638,204649,207828,11,3179,2,36000,1.00346020761
204653,204659,207993,6,3334,2,36000,1.00179964007
204675,204683,207989,8,3306,2,36000,1.00241984271
204676,204689,207936,13,3247,2,36000,1.00400369572
204703,204711,207931,8,3220,2,36000,1.00248447205
204730,204739,208001,9,3262,2,36000,1.00275904353
204818,204826,208050,8,3224,2,36000,1.00248138958
204833,204840,208139,7,3299,2,36000,1.00212185511
204872,204881,208028,9,3147,2,36000,1.00285986654
204896,204905,208123,9,3218,2,36000,1.00279676818
204914,204925,208089,11,3164,2,36000,1.00347661188
204994,205004,208330,10,3326,2,36000,1.00300661455
204995,205009,208332,14,3323,2,36000,1.00421306049
205116,205125,208328,9,3203,2,36000,1.00280986575
205222,205230,208478,8,3248,2,36000,1.00246305419
205320,205335,208539,15,3204,2,36000,1.00468164794
205321,205329,208626,8,3297,2,36000,1.00242644829
205412,205420,208669,8,3249,2,36000,1.00246229609
205428,205433,208637,5,3204,2,36000,1.00156054931
205482,205493,208676,11,3183,2,36000,1.00345585925
205497,205504,208759,7,3255,2,36000,1.00215053763
205591,205601,208851,10,3250,2,36000,1.00307692308
205761,205772,208985,11,3213,2,36000,1.00342359166
206047,206057,209214,10,3157,2,36000,1.00316756414
206068,206078,209269,10,3191,2,36000,1.00313381385
206528,206538,209768,10,3230,2,36000,1.00309597523
206589,206598,209726,9,3128,2,36000,1.00287723785
206605,206611,209831,6,3220,2,36000,1.00186335404
206620,206626,209798,6,3172,2,36000,1.00189155107
206796,206805,210224,9,3419,2,36000,1.00263234864
206887,206895,210150,8,3255,2,36000,1.0024577573
207012,207020,210335,8,3315,2,36000,1.002413273
207349,207357,210689,8,3332,2,36000,1.00240096038
207382,207390,210657,8,3267,2,36000,1.00244872972
207464,207473,210616,9,3143,2,36000,1.0028635062
207534,207543,210753,9,3210,2,36000,1.00280373832
207549,207555,210632,6,3077,2,36000,1.00194995125
207564,207570,210827,6,3257,2,36000,1.00184218606
207619,207630,210864,11,3234,2,36000,1.00340136054
207667,207676,210799,9,3123,2,36000,1.00288184438
207831,207839,210997,8,3158,2,36000,1.00253324889
207935,207942,211200,7,3258,2,36000,1.0021485574
207949,207955,211375,6,3420,2,36000,1.00175438596
207992,208000,211149,8,3149,2,36000,1.00254048904
207993,208006,211233,13,3227,2,36000,1.00402850945
208009,208015,211210,6,3195,2,36000,1.00187793427
208030,208040,211293,10,3253,2,36000,1.00307408546
208051,208061,211364,10,3303,2,36000,1.00302755071
208090,208100,211215,10,3115,2,36000,1.00321027287
208126,208135,211498,9,3363,2,36000,1.00267618198
208141,208150,211134,9,2984,2,36000,1.00301608579
208330,208339,211708,9,3369,2,36000,1.00267141585
208345,208351,211683,6,3332,2,36000,1.00180072029
208346,208357,211723,11,3366,2,36000,1.00326797386
208479,208489,211602,10,3113,2,36000,1.00321233537
208540,208550,211709,10,3159,2,36000,1.00316555872
208628,208638,211926,10,3288,2,36000,1.00304136253
208643,208649,211835,6,3186,2,36000,1.00188323917
208671,208680,211854,9,3174,2,36000,1.00283553875
208686,208692,211925,6,3233,2,36000,1.00185586143
208761,208770,212016,9,3246,2,36000,1.00277264325
208853,208863,212243,10,3380,2,36000,1.00295857988
208988,208997,212264,9,3267,2,36000,1.00275482094
209216,209225,212472,9,3247,2,36000,1.00277178934
209271,209280,212517,9,3237,2,36000,1.00278035218
209727,209737,213044,10,3307,2,36000,1.00302388872
209769,209779,213197,10,3418,2,36000,1.00292568754
209796,209809,212976,13,3167,2,36000,1.00410483107
209833,209842,213086,9,3244,2,36000,1.00277435265
210151,210161,213268,10,3107,2,36000,1.00321853878
210224,210235,213725,11,3490,2,36000,1.00315186246
210337,210346,213635,9,3289,2,36000,1.00273639404
210619,210627,213939,8,3312,2,36000,1.00241545894
210634,210644,213807,10,3163,2,36000,1.00316155549
210658,210668,213930,10,3262,2,36000,1.00306560392
210691,210700,213865,9,3165,2,36000,1.0028436019
210755,210765,213881,10,3116,2,36000,1.00320924262
210801,210810,213928,9,3118,2,36000,1.00288646568
210828,210838,214087,10,3249,2,36000,1.00307787011
210868,210875,214173,7,3298,2,36000,1.00212249848
210998,211008,214210,10,3202,2,36000,1.00312304809
211138,211146,214358,8,3212,2,36000,1.00249066002
211152,211160,214347,8,3187,2,36000,1.00251019768
211201,211211,214596,10,3385,2,36000,1.00295420975
211217,211223,214571,6,3348,2,36000,1.0017921147
211218,211229,214503,11,3274,2,36000,1.00335980452
211236,211244,214361,8,3117,2,36000,1.00256657042
211294,211304,214523,10,3219,2,36000,1.00310655483
211366,211375,214562,9,3187,2,36000,1.00282397239
211381,211387,214605,6,3218,2,36000,1.00186451212
211500,211509,214676,9,3167,2,36000,1.00284180613
211604,211613,214798,9,3185,2,36000,1.00282574568
211686,211694,215035,8,3341,2,36000,1.00239449267
211712,211719,214969,7,3250,2,36000,1.00215384615
211714,211725,215108,11,3383,2,36000,1.00325155188
211729,211734,215053,5,3319,2,36000,1.00150647785
211838,211846,215046,8,3200,2,36000,1.0025
211856,211865,215038,9,3173,2,36000,1.0028364324
211926,211942,215153,16,3211,2,36000,1.00498287138
211927,211936,215153,9,3217,2,36000,1.00279763755
212018,212027,215287,9,3260,2,36000,1.0027607362
212246,212254,215561,8,3307,2,36000,1.00241911098
212267,212275,215696,8,3421,2,36000,1.00233849752
212473,212483,215715,10,3232,2,36000,1.00309405941
212518,212528,215731,10,3203,2,36000,1.00312207306
212978,212987,216313,9,3326,2,36000,1.0027059531
213045,213055,216141,10,3086,2,36000,1.0032404407
213088,213097,216421,9,3324,2,36000,1.00270758123
213200,213208,216502,8,3294,2,36000,1.00242865817
213270,213279,216626,9,3347,2,36000,1.0026889752
213637,213647,216914,10,3267,2,36000,1.00306091215
213728,213737,216904,9,3167,2,36000,1.00284180613
213810,213818,217052,8,3234,2,36000,1.00247371676
213868,213876,217185,8,3309,2,36000,1.00241764884
213883,213893,217279,10,3386,2,36000,1.00295333727
213932,213939,217156,7,3217,2,36000,1.00217594032
213933,213945,217065,12,3120,2,36000,1.00384615385
213948,213954,217170,6,3216,2,36000,1.00186567164
214091,214099,217058,8,2959,2,36000,1.00270361609
214176,214185,217493,9,3308,2,36000,1.00272067715
214213,214221,217493,8,3272,2,36000,1.00244498778
214349,214358,217614,9,3256,2,36000,1.00276412776
214365,214371,217543,6,3172,2,36000,1.00189155107
214366,214377,217728,11,3351,2,36000,1.00328260221
214385,214391,237192,6,22801,18,43200,1.00026314635
214449,214455,237555,6,23100,16,43200,1.00025974026
214478,214484,371341,6,156857,1,216000,1.0000382514
214501,214508,370385,7,155877,1,216000,1.0000449072
214505,214519,245941,14,31422,14,43200,1.00044554771
214506,214514,217763,8,3249,2,36000,1.00246229609
214527,214534,217624,7,3090,2,36000,1.00226537217
214563,214573,217819,10,3246,2,36000,1.00308071473
214579,214585,218014,6,3429,2,36000,1.00174978128
214600,214607,217834,7,3227,2,36000,1.0021691974
214615,214621,217903,6,3282,2,36000,1.00182815356
214679,214688,217829,9,3141,2,36000,1.00286532951
214800,214810,217914,10,3104,2,36000,1.00322164948
214971,214981,218195,10,3214,2,36000,1.00311138768
215038,215046,218352,8,3306,2,36000,1.00241984271
215054,215060,218221,6,3161,2,36000,1.0018981335
215055,215066,218386,11,3320,2,36000,1.00331325301
215057,215071,218253,14,3182,2,36000,1.00439974859
215112,215119,218278,7,3159,2,36000,1.0022158911
215154,215164,218367,10,3203,2,36000,1.00312207306
215156,215169,218498,13,3329,2,36000,1.0039050766
215290,215298,218552,8,3254,2,36000,1.0024585126
215564,215573,218712,9,3139,2,36000,1.00286715514
215697,215707,219018,10,3311,2,36000,1.00302023558
215719,215727,219057,8,3330,2,36000,1.0024024024
215734,215742,219022,8,3280,2,36000,1.00243902439
216144,216152,219311,8,3159,2,36000,1.00253244698
216314,216324,219567,10,3243,2,36000,1.0030835646
216424,216433,219566,9,3133,2,36000,1.00287264603
216503,216514,219645,11,3131,2,36000,1.00351325455
216629,216637,219916,8,3279,2,36000,1.00243976822
216905,216916,220079,11,3163,2,36000,1.00347771103
216920,216927,220073,7,3146,2,36000,1.00222504768
217053,217063,220267,10,3204,2,36000,1.00312109863
217074,217080,220324,6,3244,2,36000,1.00184956843
217075,217086,220310,11,3224,2,36000,1.00341191067
217158,217168,220303,10,3135,2,36000,1.00318979266
217174,217181,220341,7,3160,2,36000,1.00221518987
217189,217196,220426,7,3230,2,36000,1.00216718266
217281,217290,220713,9,3423,2,36000,1.00262927257
217495,217504,220799,9,3295,2,36000,1.00273141123
217496,217509,220804,13,3295,2,36000,1.00394537178
217545,217555,220717,10,3162,2,36000,1.00316255534
217615,217625,220734,10,3109,2,36000,1.00321646832
217631,217637,220737,6,3100,2,36000,1.00193548387
217730,217739,221045,9,3306,2,36000,1.00272232305
217766,217774,220953,8,3179,2,36000,1.00251651463
217821,217830,221064,9,3234,2,36000,1.00278293135
217836,217842,221072,6,3230,2,36000,1.00185758514
217838,217848,220945,10,3097,2,36000,1.00322893122
217905,217914,221183,9,3269,2,36000,1.00275313552
217920,217926,221069,6,3143,2,36000,1.00190900414
218017,218026,221271,9,3245,2,36000,1.00277349769
218197,218207,221438,10,3231,2,36000,1.00309501702
218225,218232,221399,7,3167,2,36000,1.00221029365
218256,218264,221644,8,3380,2,36000,1.00236686391
218280,218290,221588,10,3298,2,36000,1.00303214069
218356,218363,221657,7,3294,2,36000,1.0021250759
218371,218378,221675,7,3297,2,36000,1.00212314225
218389,218398,221603,9,3205,2,36000,1.00280811232
218398,218404,218427,6,23,1,300,1.26086956522
218411,218417,218431,6,14,1,300,1.42857142857
218499,218509,221704,10,3195,2,36000,1.00312989045
218553,218563,221769,10,3206,2,36000,1.00311915159
218714,218724,222016,10,3292,2,36000,1.00303766707
218781,218787,218807,6,20,1,300,1.3
218811,218817,218828,6,11,1,300,1.54545454545
218933,218939,218987,6,48,12,3600,1.125
219020,219029,222342,9,3313,2,36000,1.00271657108
219035,219041,222164,6,3123,2,36000,1.00192122959
219060,219069,222284,9,3215,2,36000,1.00279937792
219078,219084,219098,6,14,1,300,1.42857142857
219314,219322,222594,8,3272,2,36000,1.00244498778
219365,219371,219373,6,2,1,300,1.0
219462,219469,219493,7,24,1,300,1.29166666667
219569,219577,222737,8,3160,2,36000,1.00253164557
219570,219583,222844,13,3261,2,36000,1.00398650721
219646,219656,222821,10,3165,2,36000,1.00315955766
219853,219859,220520,6,661,1,36000,1.00907715582
219866,219872,220432,6,560,1,360000,1.01071428571
219866,219887,579921,21,360034,1,360000,1.00005832782
219866,219882,579919,16,360037,1,360000,1.00004443988
219866,219877,321925,11,102048,1,360000,1.00010779241
219918,219927,223216,9,3289,2,36000,1.00273639404
220009,220015,232737,6,12722,2,21600,1.00047162396
220076,220084,223399,8,3315,2,36000,1.002413273
220091,220097,223221,6,3124,2,36000,1.0019206146
220170,220176,220187,6,11,17,10800,1.54545454545
220269,220278,223532,9,3254,2,36000,1.00276582667
220306,220314,223409,8,3095,2,36000,1.00258481422
220321,220327,223493,6,3166,2,36000,1.00189513582
220332,220338,232651,6,12313,2,21600,1.00048728986
220336,220344,223557,8,3213,2,36000,1.00248988484
220351,220357,223649,6,3292,2,36000,1.00182260024
220429,220437,223708,8,3271,2,36000,1.00244573525
220476,220482,220487,6,5,17,10800,1.1
220715,220724,224044,9,3320,2,36000,1.00271084337
220730,220736,223864,6,3128,2,36000,1.00191815857
220745,220751,224069,6,3318,2,36000,1.00180831826
220746,220757,223904,11,3147,2,36000,1.00349539244
220801,220810,224059,9,3249,2,36000,1.0027700831
220816,220822,224011,6,3189,2,36000,1.00188146754
220947,220956,224125,9,3169,2,36000,1.00284001262
220962,220968,224057,6,3089,2,36000,1.00194237617
220978,220984,225727,6,4743,2,21600,1.00126502214
221047,221056,224265,9,3209,2,36000,1.00280461203
221068,221076,224313,8,3237,2,36000,1.00247142416
221083,221089,224430,6,3341,2,36000,1.0017958695
221085,221095,224370,10,3275,2,36000,1.00305343511
221185,221194,224536,9,3342,2,36000,1.0026929982
221273,221282,224596,9,3314,2,36000,1.00271575136
221400,221411,224729,11,3318,2,36000,1.00331525015
221440,221450,224590,10,3140,2,36000,1.00318471338
221591,221599,224792,8,3193,2,36000,1.00250548074
221606,221615,224943,9,3328,2,36000,1.00270432692
221646,221655,224951,9,3296,2,36000,1.00273058252
221661,221668,224989,7,3321,2,36000,1.00210779886
221679,221686,225038,7,3352,2,36000,1.00208830549
221706,221716,224805,10,3089,2,36000,1.00323729362
221770,221780,224887,10,3107,2,36000,1.00321853878
222020,222028,225207,8,3179,2,36000,1.00251651463
222087,222093,222367,6,274,1,900,1.02189781022
222092,222099,222480,7,381,1,900,1.01837270341
222165,222175,225309,10,3134,2,36000,1.00319081047
222204,222210,222616,6,406,1,360000,1.01477832512
222286,222296,225514,10,3218,2,36000,1.0031075202
222343,222353,225584,10,3231,2,36000,1.00309501702
222595,222605,225949,10,3344,2,36000,1.00299043062
222738,222748,225982,10,3234,2,36000,1.00309214595
222822,222833,225955,11,3122,2,36000,1.00352338245
222847,222856,225937,9,3081,2,36000,1.0029211295
222939,222946,226282,7,3336,1,360000,1.00209832134
223216,223222,224474,6,1252,1,36000,1.00479233227
223220,223228,226531,8,3303,2,36000,1.00242204057
223235,223241,226342,6,3101,2,36000,1.00193485972
223402,223411,226763,9,3352,2,36000,1.0026849642
223417,223423,226639,6,3216,2,36000,1.00186567164
223496,223504,226956,8,3452,2,36000,1.0023174971
223532,223543,226741,11,3198,2,36000,1.00343964978
223560,223569,226764,9,3195,2,36000,1.00281690141
223589,223596,223967,7,371,1,36000,1.01886792453
223650,223660,226898,10,3238,2,36000,1.00308832613
223711,223719,226832,8,3113,2,36000,1.00256986829
223865,223875,227145,10,3270,2,36000,1.00305810398
223908,223915,226934,7,3019,2,36000,1.00231864856
224014,224022,227370,8,3348,2,36000,1.00238948626
224048,224056,227252,8,3196,2,36000,1.00250312891
224063,224069,227173,6,3104,2,36000,1.00193298969
224065,224075,227190,10,3115,2,36000,1.00321027287
224080,224086,227266,6,3180,2,36000,1.00188679245
224128,224136,227408,8,3272,2,36000,1.00244498778
224267,224276,227727,9,3451,2,36000,1.00260793973
224316,224325,227546,9,3221,2,36000,1.0027941633
224348,224354,279613,6,55259,1,360000,1.0001085796
224374,224382,227487,8,3105,2,36000,1.00257648953
224431,224441,227716,10,3275,2,36000,1.00305343511
224538,224547,227939,9,3392,2,36000,1.00265330189
224592,224601,227683,9,3082,2,36000,1.0029201817
224607,224613,227974,6,3361,2,36000,1.00178518298
224733,224741,227983,8,3242,2,36000,1.00246761258
224796,224803,227930,7,3127,2,36000,1.00223856732
224811,224817,228141,6,3324,2,36000,1.00180505415
224892,224898,228180,6,3282,2,36000,1.00182815356
224946,224954,228197,8,3243,2,36000,1.00246685168
224961,224967,228176,6,3209,2,36000,1.00186974135
224991,225000,228117,9,3117,2,36000,1.00288739172
225040,225050,228254,10,3204,2,36000,1.00312109863
225078,225084,247481,6,22397,1,360000,1.00026789302
225210,225218,228561,8,3343,2,36000,1.00239306013
225310,225320,228438,10,3118,2,36000,1.00320718409
225517,225525,228870,8,3345,2,36000,1.0023916293
225587,225595,228741,8,3146,2,36000,1.00254291163
225942,225948,229157,6,3209,2,36000,1.00186974135
225957,225963,229159,6,3196,2,36000,1.00187734668
225958,225969,229130,11,3161,2,36000,1.00347991142
225984,225990,276437,6,50447,1,360000,1.00011893671
225986,225996,229180,10,3184,2,36000,1.00314070352
226162,226168,239376,6,13208,2,28800,1.00045427014
226345,226354,229585,9,3231,2,36000,1.00278551532
226533,226542,229750,9,3208,2,36000,1.00280548628
226642,226650,229910,8,3260,2,36000,1.00245398773
226744,226752,230073,8,3321,2,36000,1.00240891298
226766,226774,230024,8,3250,2,36000,1.00246153846
226767,226780,229936,13,3156,2,36000,1.00411913815
226835,226843,230088,8,3245,2,36000,1.00246533128
226899,226909,230130,10,3221,2,36000,1.00310462589
226935,226945,230225,10,3280,2,36000,1.00304878049
226959,226967,230060,8,3093,2,36000,1.00258648561
227026,227032,240083,6,13051,2,28800,1.00045973489
227147,227156,230304,9,3148,2,36000,1.00285895807
227175,227184,230418,9,3234,2,36000,1.00278293135
227193,227201,230331,8,3130,2,36000,1.00255591054
227254,227263,230592,9,3329,2,36000,1.00270351457
227269,227277,230394,8,3117,2,36000,1.00256657042
227372,227382,230618,10,3236,2,36000,1.00309023486
227411,227419,230614,8,3195,2,36000,1.00250391236
227490,227498,230756,8,3258,2,36000,1.00245549417
227549,227557,230910,8,3353,2,36000,1.00238592305
227685,227694,231024,9,3330,2,36000,1.0027027027
227719,227727,231026,8,3299,2,36000,1.00242497727
227734,227740,231034,6,3294,2,36000,1.00182149362
227931,227942,231094,11,3152,2,36000,1.00348984772
227946,227952,231267,6,3315,2,36000,1.00180995475
227977,227986,231186,9,3200,2,36000,1.0028125
227992,227998,231179,6,3181,2,36000,1.00188619931
228119,228128,231283,9,3155,2,36000,1.0028526149
228143,228152,231423,9,3271,2,36000,1.00275145216
228180,228187,231248,7,3061,2,36000,1.00228683437
228195,228201,231352,6,3151,2,36000,1.00190415741
228210,228216,231505,6,3289,2,36000,1.00182426269
228255,228265,231575,10,3310,2,36000,1.00302114804
228441,228449,231605,8,3156,2,36000,1.00253485425
228562,228572,231696,10,3124,2,36000,1.00320102433
228743,228752,231812,9,3060,2,36000,1.00294117647
228874,228882,232079,8,3197,2,36000,1.00250234595
229132,229141,232289,9,3148,2,36000,1.00285895807
229159,229168,232326,9,3158,2,36000,1.002849905
229161,229174,232431,13,3257,2,36000,1.00399140313
229183,229191,232363,8,3172,2,36000,1.0025220681
229589,229597,232809,8,3212,2,36000,1.00249066002
229753,229761,232970,8,3209,2,36000,1.00249298847
229911,229921,233107,10,3186,2,36000,1.00313873195
229939,229947,233157,8,3210,2,36000,1.00249221184
230027,230036,233203,9,3167,2,36000,1.00284180613
230061,230071,233319,10,3248,2,36000,1.00307881773
230076,230084,233276,8,3192,2,36000,1.00250626566
230091,230099,233250,8,3151,2,36000,1.00253887655
230130,230141,233254,11,3113,2,36000,1.0035335689
230220,230227,231915,7,1688,4,36000,1.00414691943
230228,230236,233510,8,3274,2,36000,1.0024434942
230307,230313,230993,6,680,4,36000,1.00882352941
230308,230319,233407,11,3088,2,36000,1.00356217617
230332,230342,233632,10,3290,2,36000,1.00303951368
230396,230405,233596,9,3191,2,36000,1.00282043247
230420,230429,233729,9,3300,2,36000,1.00272727273
230593,230603,233860,10,3257,2,36000,1.0030703101
230615,230625,233929,10,3304,2,36000,1.00302663438
230630,230636,233756,6,3120,2,36000,1.00192307692
230757,230767,234000,10,3233,2,36000,1.00309310238
230912,230921,234200,9,3279,2,36000,1.00274473925
231027,231034,234186,7,3152,2,36000,1.00222081218
231028,231040,234287,12,3247,2,36000,1.00369571913
231043,231050,234434,7,3384,2,36000,1.00206855792
231095,231105,234249,10,3144,2,36000,1.00318066158
231180,231190,234390,10,3200,2,36000,1.003125
231195,231201,234434,6,3233,2,36000,1.00185586143
231251,231259,234376,8,3117,2,36000,1.00256657042
231270,231279,234437,9,3158,2,36000,1.002849905
231285,231294,234482,9,3188,2,36000,1.00282308657
231357,231363,234642,6,3279,2,36000,1.00182982617
231427,231434,234673,7,3239,2,36000,1.00216116085
231507,231516,234677,9,3161,2,36000,1.00284720025
231577,231586,234918,9,3332,2,36000,1.00270108043
231607,231617,234721,10,3104,2,36000,1.00322164948
231646,231652,244834,6,13182,2,28800,1.00045516614
231698,231707,235067,9,3360,2,36000,1.00267857143
231813,231823,235040,10,3217,2,36000,1.00310848617
232083,232091,235282,8,3191,2,36000,1.00250705108
232292,232300,235449,8,3149,2,36000,1.00254048904
232328,232337,235409,9,3072,2,36000,1.0029296875
232365,232374,235661,9,3287,2,36000,1.00273805902
232432,232442,235663,10,3221,2,36000,1.00310462589
232810,232820,236059,10,3239,2,36000,1.00308737265
232970,232981,236153,11,3172,2,36000,1.00346784363
233110,233118,236248,8,3130,2,36000,1.00255591054
233158,233168,236451,10,3283,2,36000,1.00304599452
233207,233215,236415,8,3200,2,36000,1.0025
233252,233261,236524,9,3263,2,36000,1.00275819798
233267,233273,236543,6,3270,2,36000,1.00183486239
233282,233289,236454,7,3165,2,36000,1.00221169036
233322,233330,236461,8,3131,2,36000,1.00255509422
233410,233418,236625,8,3207,2,36000,1.00249454319
233513,233521,236632,8,3111,2,36000,1.00257152041
233598,233608,236885,10,3277,2,36000,1.00305157156
233634,233643,236891,9,3248,2,36000,1.00277093596
233732,233740,236939,8,3199,2,36000,1.00250078149
233759,233767,237048,8,3281,2,36000,1.00243828101
233862,233872,237194,10,3322,2,36000,1.0030102348
233895,233901,238064,6,4163,2,28800,1.00144126832
233932,233940,237296,8,3356,2,36000,1.00238379023
234002,234011,237247,9,3236,2,36000,1.00278121137
234187,234197,237389,10,3192,2,36000,1.00313283208
234203,234211,237524,8,3313,2,36000,1.00241472985
234251,234260,237431,9,3171,2,36000,1.00283822138
234290,234298,237422,8,3124,2,36000,1.00256081946
234378,234388,237857,10,3469,2,36000,1.00288267512
234393,234401,237593,8,3192,2,36000,1.00250626566
234437,234445,237641,8,3196,2,36000,1.00250312891
234438,234450,237637,12,3187,2,36000,1.00376529652
234453,234459,237656,6,3197,2,36000,1.00187675946
234483,234494,237660,11,3166,2,36000,1.00347441567
234497,234503,448510,6,214007,8,216000,1.00002803647
234645,234654,237958,9,3304,2,36000,1.00272397094
234676,234684,238017,8,3333,2,36000,1.00240024002
234691,234697,237935,6,3238,2,36000,1.00185299568
234724,234732,237935,8,3203,2,36000,1.00249765845
234919,234929,238100,10,3171,2,36000,1.00315357931
235040,235051,238251,11,3200,2,36000,1.0034375
235071,235078,238403,7,3325,2,36000,1.00210526316
235284,235293,238389,9,3096,2,36000,1.00290697674
235411,235420,238582,9,3162,2,36000,1.00284629981
235451,235460,238807,9,3347,2,36000,1.0026889752
235583,235589,241562,6,5973,4,36000,1.00100452034
235603,235610,238209,7,2599,4,36000,1.00269334359
235664,235672,238940,8,3268,2,36000,1.00244798042
235665,235678,238870,13,3192,2,36000,1.0040726817
235698,235704,239911,6,4207,4,36000,1.00142619444
235925,235931,251773,6,15842,2,28800,1.00037874006
236060,236070,239395,10,3325,2,36000,1.0030075188
236157,236165,239262,8,3097,2,36000,1.00258314498
236252,236259,239397,7,3138,2,36000,1.0022307202
236416,236426,239478,10,3052,2,36000,1.00327653997
236453,236463,239691,10,3228,2,36000,1.00309789343
236468,236474,239646,6,3172,2,36000,1.00189155107
236469,236480,239692,11,3212,2,36000,1.00342465753
236470,236485,246994,15,10509,2,28800,1.00142734799
236527,236535,239733,8,3198,2,36000,1.00250156348
236545,236555,239991,10,3436,2,36000,1.00291036088
236627,236636,239813,9,3177,2,36000,1.00283286119
236642,236648,239815,6,3167,2,36000,1.00189453742
236886,236896,240233,10,3337,2,36000,1.00299670363
236901,236908,239998,7,3090,2,36000,1.00226537217
236941,236950,240182,9,3232,2,36000,1.00278465347
237050,237059,240165,9,3106,2,36000,1.00289761751
237197,237205,240452,8,3247,2,36000,1.00246381275
237249,237258,240440,9,3182,2,36000,1.00282840981
237297,237307,240522,10,3215,2,36000,1.00311041991
237391,237401,240621,10,3220,2,36000,1.00310559006
237424,237433,240685,9,3252,2,36000,1.00276752768
237439,237445,240728,6,3283,2,36000,1.00182759671
237525,237535,240777,10,3242,2,36000,1.00308451573
237595,237605,240809,10,3204,2,36000,1.00312109863
237638,237648,240870,10,3222,2,36000,1.00310366232
237653,237660,240848,7,3188,2,36000,1.002195734
237669,237675,240892,6,3217,2,36000,1.0018650917
237670,237681,241010,11,3329,2,36000,1.00330429558
237860,237868,241140,8,3272,2,36000,1.00244498778
237938,237967,241012,29,3045,2,36000,1.00952380952
237939,237972,241175,33,3203,2,36000,1.01030284109
237960,237978,241255,18,3277,2,36000,1.00549282881
238024,238030,241299,6,3269,2,36000,1.00183542368
238101,238111,241247,10,3136,2,36000,1.00318877551
238253,238263,241623,10,3360,2,36000,1.00297619048
238392,238401,241745,9,3344,2,36000,1.00269138756
238407,238413,241685,6,3272,2,36000,1.00183374083
238586,238593,241978,7,3385,2,36000,1.00206794682
238810,238818,242078,8,3260,2,36000,1.00245398773
238871,238881,242143,10,3262,2,36000,1.00306560392
238941,238951,242237,10,3286,2,36000,1.00304321363
239039,239045,262959,6,23914,16,43200,1.00025089905
239067,239073,262249,6,23176,14,43200,1.00025888851
239094,239100,269215,6,30115,2,43200,1.00019923626
239264,239273,242552,9,3279,2,36000,1.00274473925
239398,239406,242683,8,3277,2,36000,1.00244125725
239399,239412,242680,13,3268,2,36000,1.00397796818
239481,239490,242733,9,3243,2,36000,1.00277520814
239648,239658,242942,10,3284,2,36000,1.00304506699
239694,239702,242961,8,3259,2,36000,1.00245474072
239695,239708,242860,13,3152,2,36000,1.00412436548
239734,239744,242928,10,3184,2,36000,1.00314070352
239816,239823,243012,7,3189,2,36000,1.00219504547
239818,239829,242946,11,3117,2,36000,1.00352903433
239993,240002,243256,9,3254,2,36000,1.00276582667
240008,240015,243256,7,3241,2,36000,1.00215982721
240166,240176,243498,10,3322,2,36000,1.0030102348
240184,240193,243465,9,3272,2,36000,1.00275061125
240235,240244,243568,9,3324,2,36000,1.00270758123
240441,240451,243592,10,3141,2,36000,1.00318369946
240456,240464,243664,8,3200,2,36000,1.0025
240523,240533,243785,10,3252,2,36000,1.00307503075
240623,240632,243879,9,3247,2,36000,1.00277178934
240687,240696,243862,9,3166,2,36000,1.00284270373
240729,240739,243819,10,3080,2,36000,1.00324675325
240781,240789,243936,8,3147,2,36000,1.00254210359
240812,240820,244066,8,3246,2,36000,1.00246457178
240851,240859,244142,8,3283,2,36000,1.00243679561
240872,240881,244020,9,3139,2,36000,1.00286715514
240893,240903,244103,10,3200,2,36000,1.003125
241011,241021,244305,10,3284,2,36000,1.00304506699
241026,241032,244361,6,3329,2,36000,1.00180234305
241141,241151,244433,10,3282,2,36000,1.00304692261
241177,241186,244602,9,3416,2,36000,1.00263466042
241250,241258,244557,8,3299,2,36000,1.00242497727
241265,241271,244456,6,3185,2,36000,1.00188383046
241302,241310,244471,8,3161,2,36000,1.00253084467
241625,241635,244937,10,3302,2,36000,1.0030284676
241689,241697,245069,8,3372,2,36000,1.00237247924
241746,241757,244975,11,3218,2,36000,1.00341827222
241979,241989,245191,10,3202,2,36000,1.00312304809
242082,242090,245385,8,3295,2,36000,1.00242792109
242146,242154,245284,8,3130,2,36000,1.00255591054
242239,242248,245621,9,3373,2,36000,1.00266824785
242555,242563,245832,8,3269,2,36000,1.00244723157
242682,242692,245814,10,3122,2,36000,1.00320307495
242697,242703,246018,6,3315,2,36000,1.00180995475
242736,242745,246021,9,3276,2,36000,1.00274725275
242863,242872,246113,9,3241,2,36000,1.0027769207
242930,242939,246170,9,3231,2,36000,1.00278551532
242945,242953,246069,8,3116,2,36000,1.00256739409
242960,242966,246156,6,3190,2,36000,1.00188087774
242975,242981,246207,6,3226,2,36000,1.00185988841
243015,243023,246137,8,3114,2,36000,1.00256904303
243257,243267,246659,10,3392,2,36000,1.00294811321
243258,243272,246509,14,3237,2,36000,1.00432499228
243467,243476,246736,9,3260,2,36000,1.0027607362
243500,243509,246603,9,3094,2,36000,1.00290885585
243570,243579,246820,9,3241,2,36000,1.0027769207
243594,243604,246915,10,3311,2,36000,1.00302023558
243667,243675,246817,8,3142,2,36000,1.00254614895
243785,243796,247122,11,3326,2,36000,1.00330727601
243822,243830,246947,8,3117,2,36000,1.00256657042
243864,243873,246952,9,3079,2,36000,1.00292302696
243882,243891,247061,9,3170,2,36000,1.00283911672
243937,243947,247155,10,3208,2,36000,1.00311720698
244022,244031,247376,9,3345,2,36000,1.00269058296
244067,244077,247261,10,3184,2,36000,1.00314070352
244107,244115,247245,8,3130,2,36000,1.00255591054
244143,244153,247427,10,3274,2,36000,1.00305436775
244307,244316,247475,9,3159,2,36000,1.00284900285
244362,244372,247643,10,3271,2,36000,1.00305716906
244434,244444,247804,10,3360,2,36000,1.00297619048
244459,244467,247659,8,3192,2,36000,1.00250626566
244474,244483,247685,9,3202,2,36000,1.00281074329
244559,244568,247786,9,3218,2,36000,1.00279676818
244604,244613,247897,9,3284,2,36000,1.00274056029
244940,244948,248223,8,3275,2,36000,1.00244274809
244977,244986,248194,9,3208,2,36000,1.00280548628
245071,245080,248336,9,3256,2,36000,1.00276412776
245192,245202,248455,10,3253,2,36000,1.00307408546
245286,245295,248489,9,3194,2,36000,1.00281778334
245386,245396,248595,10,3199,2,36000,1.00312597687
245623,245632,248869,9,3237,2,36000,1.00278035218
245783,245789,245790,6,1,2,3540,1.0
245816,245825,248970,9,3145,2,36000,1.00286168521
245834,245843,249016,9,3173,2,36000,1.0028364324
246019,246029,249317,10,3288,2,36000,1.00304136253
246034,246040,249262,6,3222,2,36000,1.00186219739
246070,246080,249313,10,3233,2,36000,1.00309310238
246116,246124,249408,8,3284,2,36000,1.00243605359
246140,246149,249342,9,3193,2,36000,1.00281866583
246158,246167,249420,9,3253,2,36000,1.00276667691
246174,246181,249341,7,3160,2,36000,1.00221518987
246210,246219,249549,9,3330,2,36000,1.0027027027
246511,246521,249801,10,3280,2,36000,1.00304878049
246605,246615,249726,10,3111,2,36000,1.00321440051
246662,246670,249888,8,3218,2,36000,1.00248601616
246738,246747,249942,9,3195,2,36000,1.00281690141
246820,246828,250108,8,3280,2,36000,1.00243902439
246834,246841,250112,7,3271,2,36000,1.00214001834
246916,246926,250282,10,3356,2,36000,1.00297973778
246950,246958,250281,8,3323,2,36000,1.00240746314
246964,246971,250198,7,3227,2,36000,1.0021691974
247065,247072,250415,7,3343,2,36000,1.00209392761
247126,247133,250373,7,3240,2,36000,1.00216049383
247159,247167,250336,8,3169,2,36000,1.00252445566
247247,247256,250597,9,3341,2,36000,1.00269380425
247262,247273,250394,11,3121,2,36000,1.00352451137
247377,247387,250557,10,3170,2,36000,1.00315457413
247429,247438,250712,9,3274,2,36000,1.00274893097
247478,247486,250644,8,3158,2,36000,1.00253324889
247644,247654,250845,10,3191,2,36000,1.00313381385
247662,247670,250898,8,3228,2,36000,1.00247831475
247686,247696,251011,10,3315,2,36000,1.00301659125
247789,247798,251143,9,3345,2,36000,1.00269058296
247807,247815,251091,8,3276,2,36000,1.00244200244
247898,247908,251160,10,3252,2,36000,1.00307503075
248195,248205,251446,10,3241,2,36000,1.00308546745
248225,248234,251480,9,3246,2,36000,1.00277264325
248338,248347,251547,9,3200,2,36000,1.0028125
248459,248467,251647,8,3180,2,36000,1.00251572327
248492,248500,251673,8,3173,2,36000,1.00252127324
248596,248606,251835,10,3229,2,36000,1.00309693404
248871,248880,252050,9,3170,2,36000,1.00283911672
248971,248981,252153,10,3172,2,36000,1.00315258512
249020,249028,252330,8,3302,2,36000,1.00242277408
249265,249273,252429,8,3156,2,36000,1.00253485425
249314,249324,252655,10,3331,2,36000,1.00300210147
249328,249335,252488,7,3153,2,36000,1.00222010783
249344,249352,252634,8,3282,2,36000,1.00243753809
249345,249358,252542,13,3184,2,36000,1.00408291457
249409,249419,252567,10,3148,2,36000,1.00317662008
249424,249431,252738,7,3307,2,36000,1.0021167221
249551,249560,252774,9,3214,2,36000,1.00280024891
249730,249737,252955,7,3218,2,36000,1.00217526414
249803,249812,253046,9,3234,2,36000,1.00278293135
249890,249899,253098,9,3199,2,36000,1.00281337918
249945,249953,253312,8,3359,2,36000,1.00238166121
250111,250119,253243,8,3124,2,36000,1.00256081946
250126,250132,253120,6,2988,2,36000,1.00200803213
250199,250210,253335,11,3125,2,36000,1.00352
250283,250293,253535,10,3242,2,36000,1.00308451573
250284,250298,253524,14,3226,2,36000,1.00433973962
250339,250348,253655,9,3307,2,36000,1.00272149985
250375,250385,253707,10,3322,2,36000,1.0030102348
250396,250405,253742,9,3337,2,36000,1.00269703326
250417,250426,253527,9,3101,2,36000,1.00290228958
250560,250568,253810,8,3242,2,36000,1.00246761258
250599,250608,253896,9,3288,2,36000,1.00273722628
250648,250655,253779,7,3124,2,36000,1.00224071703
250714,250724,254102,10,3378,2,36000,1.00296033156
250847,250856,254054,9,3198,2,36000,1.00281425891
250902,250910,254098,8,3188,2,36000,1.00250941029
251014,251022,254384,8,3362,2,36000,1.00237953599
251092,251102,254380,10,3278,2,36000,1.00305064063
251147,251154,254353,7,3199,2,36000,1.00218818381
251162,251172,254400,10,3228,2,36000,1.00309789343
251447,251457,254649,10,3192,2,36000,1.00313283208
251483,251491,254746,8,3255,2,36000,1.0024577573
251550,251558,254731,8,3173,2,36000,1.00252127324
251650,251659,254907,9,3248,2,36000,1.00277093596
251677,251684,254981,7,3297,2,36000,1.00212314225
251838,251847,255106,9,3259,2,36000,1.00276158331
252053,252061,255447,8,3386,2,36000,1.00236266982
252155,252164,255317,9,3153,2,36000,1.00285442436
252331,252341,255576,10,3235,2,36000,1.00309119011
252431,252441,255796,10,3355,2,36000,1.00298062593
252489,252499,255677,10,3178,2,36000,1.0031466331
252543,252553,255919,10,3366,2,36000,1.00297088532
252568,252578,255852,10,3274,2,36000,1.00305436775
252637,252645,255973,8,3328,2,36000,1.00240384615
252659,252667,255918,8,3251,2,36000,1.0024607813
252741,252749,256035,8,3286,2,36000,1.00243457091
252777,252785,255986,8,3201,2,36000,1.00249921899
252956,252967,256297,11,3330,2,36000,1.0033033033
253050,253058,256388,8,3330,2,36000,1.0024024024
253101,253110,256310,9,3200,2,36000,1.0028125
253123,253132,256480,9,3348,2,36000,1.00268817204
253244,253254,256468,10,3214,2,36000,1.00311138768
253313,253323,256458,10,3135,2,36000,1.00318979266
253337,253346,256642,9,3296,2,36000,1.00273058252
253525,253535,256845,10,3310,2,36000,1.00302114804
253540,253547,256917,7,3370,2,36000,1.00207715134
253542,253553,256755,11,3202,2,36000,1.0034353529
253657,253667,257061,10,3394,2,36000,1.00294637596
253709,253718,256948,9,3230,2,36000,1.00278637771
253745,253753,257123,8,3370,2,36000,1.00237388724
253782,253790,256984,8,3194,2,36000,1.00250469631
253812,253821,257036,9,3215,2,36000,1.00279937792
253897,253907,257222,10,3315,2,36000,1.00301659125
254057,254065,257397,8,3332,2,36000,1.00240096038
254100,254109,257268,9,3159,2,36000,1.00284900285
254115,254121,257271,6,3150,2,36000,1.0019047619
254354,254365,257586,11,3221,2,36000,1.00341508848
254382,254391,257679,9,3288,2,36000,1.00273722628
254397,254403,257807,6,3404,2,36000,1.0017626322
254412,254418,257653,6,3235,2,36000,1.00185471406
254651,254660,257794,9,3134,2,36000,1.00287172942
254733,254743,257969,10,3226,2,36000,1.00309981401
254748,254757,258112,9,3355,2,36000,1.00268256334
254908,254918,258229,10,3311,2,36000,1.00302023558
254984,254992,258183,8,3191,2,36000,1.00250705108
255108,255117,258318,9,3201,2,36000,1.00281162137
255318,255329,258647,11,3318,2,36000,1.00331525015
255448,255458,258772,10,3314,2,36000,1.00301750151
255463,255469,257192,6,1723,4,36000,1.00348229832
255483,255490,256172,7,682,4,36000,1.01026392962
255505,255511,256729,6,1218,4,36000,1.00492610837
255579,255587,258901,8,3314,2,36000,1.00241400121
255680,255688,258968,8,3280,2,36000,1.00243902439
255798,255807,259133,9,3326,2,36000,1.0027059531
255855,255864,259080,9,3216,2,36000,1.00279850746
255919,255929,259152,10,3223,2,36000,1.00310269935
255921,255935,259054,14,3119,2,36000,1.00448861815
255975,255985,259332,10,3347,2,36000,1.00298775022
255990,255998,259139,8,3141,2,36000,1.00254695957
256017,256023,302655,6,46632,1,360000,1.00012866701
256017,256033,318090,16,62057,1,360000,1.00025782748
256017,256039,272292,22,16253,1,360000,1.00135359626
256017,256028,276675,11,20647,1,360000,1.00053276505
256018,256044,279612,26,23568,1,360000,1.00110319077
256018,256049,258840,31,2791,1,360000,1.01110713006
256018,256076,276166,58,20090,1,360000,1.00288700846
256018,256055,262225,37,6170,1,360000,1.00599675851
256018,256060,279973,42,23913,1,360000,1.00175636683
256018,256070,283722,52,27652,1,360000,1.00188051497
256018,256065,270879,47,14814,1,360000,1.0031726745
256019,256081,278401,62,22320,1,360000,1.00277777778
256019,256092,270773,73,14681,1,360000,1.00497241332
256019,256086,275119,67,19033,1,360000,1.00352020175
256039,256098,259310,59,3212,2,36000,1.01836861768
256301,256309,259632,8,3323,2,36000,1.00240746314
256316,256322,259430,6,3108,2,36000,1.00193050193
256389,256399,259743,10,3344,2,36000,1.00299043062
256459,256469,259816,10,3347,2,36000,1.00298775022
256474,256480,259739,6,3259,2,36000,1.00184105554
256489,256495,259859,6,3364,2,36000,1.00178359096
256492,256501,335598,9,79097,1,360000,1.00011378434
256641,256647,256648,6,1,2,3540,1.0
256643,256653,259989,10,3336,2,36000,1.00299760192
256755,256766,259907,11,3141,2,36000,1.0035020694
256846,256856,260070,10,3214,2,36000,1.00311138768
256919,256928,260321,9,3393,2,36000,1.00265251989
256950,256959,260304,9,3345,2,36000,1.00269058296
256987,256996,260287,9,3291,2,36000,1.00273473108
257038,257047,260231,9,3184,2,36000,1.00282663317
257063,257072,260506,9,3434,2,36000,1.00262085032
257124,257134,260239,10,3105,2,36000,1.00322061192
257224,257233,260414,9,3181,2,36000,1.00282929896
257269,257279,260592,10,3313,2,36000,1.00301841232
257284,257290,260568,6,3278,2,36000,1.00183038438
257400,257408,260591,8,3183,2,36000,1.00251335218
257588,257597,260809,9,3212,2,36000,1.00280199253
257655,257664,260771,9,3107,2,36000,1.00289668491
257682,257691,261053,9,3362,2,36000,1.00267697799
257795,257805,260902,10,3097,2,36000,1.00322893122
257810,257818,260993,8,3175,2,36000,1.00251968504
257971,257980,261116,9,3136,2,36000,1.00286989796
258114,258124,261400,10,3276,2,36000,1.00305250305
258187,258195,261550,8,3355,2,36000,1.00238450075
258232,258240,261523,8,3283,2,36000,1.00243679561
258321,258329,261508,8,3179,2,36000,1.00251651463
258650,258658,261785,8,3127,2,36000,1.00255836265
258773,258783,262116,10,3333,2,36000,1.00300030003
258902,258912,262113,10,3201,2,36000,1.00312402374
258969,258980,262130,11,3150,2,36000,1.00349206349
259054,259065,262329,11,3264,2,36000,1.00337009804
259082,259091,262236,9,3145,2,36000,1.00286168521
259134,259144,262433,10,3289,2,36000,1.00304043782
259143,259150,260808,7,1658,4,36000,1.00422195416
259149,259156,262265,7,3109,2,36000,1.00225152782
259156,259162,259835,6,673,4,36000,1.00891530461
259164,259170,262325,6,3155,2,36000,1.00190174326
259172,259179,260378,7,1199,4,36000,1.0058381985
259314,259322,262574,8,3252,2,36000,1.0024600246
259335,259344,262656,9,3312,2,36000,1.0027173913
259435,259441,262526,6,3085,2,36000,1.00194489465
259632,259645,263003,13,3358,2,36000,1.003871352
259634,259639,259687,5,48,4,36000,1.10416666667
259667,259673,260359,6,686,4,36000,1.00874635569
259742,259750,263138,8,3388,2,36000,1.00236127509
259757,259763,262972,6,3209,2,36000,1.00186974135
259757,259768,261419,11,1651,4,36000,1.00666262871
259819,259828,263023,9,3195,2,36000,1.00281690141
259865,259870,263057,5,3187,2,36000,1.00156887355
259908,259918,263147,10,3229,2,36000,1.00309693404
259992,260000,263283,8,3283,2,36000,1.00243679561
260071,260081,263416,10,3335,2,36000,1.00299850075
260232,260243,263537,11,3294,2,36000,1.00333940498
260250,260256,263590,6,3334,2,36000,1.00179964007
260289,260299,263702,10,3403,2,36000,1.0029385836
260308,260315,263423,7,3108,2,36000,1.00225225225
260323,260332,263573,9,3241,2,36000,1.0027769207
260416,260425,263711,9,3286,2,36000,1.00273889227
260507,260517,263729,10,3212,2,36000,1.00311332503
260571,260580,263825,9,3245,2,36000,1.00277349769
260592,260602,263752,10,3150,2,36000,1.00317460317
260607,260613,263938,6,3325,2,36000,1.00180451128
260774,260783,263908,9,3125,2,36000,1.00288
260810,260820,264159,10,3339,2,36000,1.00299490866
260904,260913,264272,9,3359,2,36000,1.00267936886
260994,261004,264310,10,3306,2,36000,1.00302480339
261055,261065,264201,10,3136,2,36000,1.00318877551
261119,261127,264330,8,3203,2,36000,1.00249765845
261350,261356,454073,6,192717,3,324000,1.00003113373
261402,261412,264762,10,3350,2,36000,1.00298507463
261510,261519,264773,9,3254,2,36000,1.00276582667
261526,261534,264590,8,3056,2,36000,1.00261780105
261553,261562,264837,9,3275,2,36000,1.0027480916
261786,261796,264967,10,3171,2,36000,1.00315357931
262117,262124,265528,7,3404,2,36000,1.00205640423
262118,262130,265279,12,3149,2,36000,1.00381073357
262133,262141,265283,8,3142,2,36000,1.00254614895
262239,262248,265496,9,3248,2,36000,1.00277093596
262266,262276,265492,10,3216,2,36000,1.00310945274
262327,262337,265462,10,3125,2,36000,1.0032
262342,262348,265624,6,3276,2,36000,1.00183150183
262436,262444,265571,8,3127,2,36000,1.00255836265
262527,262537,265847,10,3310,2,36000,1.00302114804
262575,262585,265813,10,3228,2,36000,1.00309789343
262657,262668,265842,11,3174,2,36000,1.00346565848
262975,262983,266136,8,3153,2,36000,1.0025372661
263005,263014,266285,9,3271,2,36000,1.00275145216
263027,263034,266187,7,3153,2,36000,1.00222010783
263060,263068,266310,8,3242,2,36000,1.00246761258
263142,263150,266341,8,3191,2,36000,1.00250705108
263157,263163,266238,6,3075,2,36000,1.00195121951
263284,263294,266412,10,3118,2,36000,1.00320718409
263417,263427,266605,10,3178,2,36000,1.0031466331
263432,263438,266669,6,3231,2,36000,1.00185701021
263538,263548,266894,10,3346,2,36000,1.00298864316
263574,263584,266854,10,3270,2,36000,1.00305810398
263593,263601,266755,8,3154,2,36000,1.00253646164
263705,263713,266869,8,3156,2,36000,1.00253485425
263720,263726,266943,6,3217,2,36000,1.0018650917
263735,263740,267074,5,3334,2,36000,1.00149970006
263756,263764,266981,8,3217,2,36000,1.00248678893
263825,263836,266979,11,3143,2,36000,1.00349984092
263910,263919,267187,9,3268,2,36000,1.00275397797
263941,263949,267041,8,3092,2,36000,1.00258732212
264160,264170,267414,10,3244,2,36000,1.00308261406
264202,264212,267513,10,3301,2,36000,1.00302938503
264274,264284,267474,10,3190,2,36000,1.00313479624
264314,264321,267611,7,3290,2,36000,1.00212765957
264332,264341,267642,9,3301,2,36000,1.00272644653
264592,264601,267818,9,3217,2,36000,1.00279763755
264764,264773,267958,9,3185,2,36000,1.00282574568
264779,264786,268101,7,3315,2,36000,1.00211161388
264840,264849,268048,9,3199,2,36000,1.00281337918
264967,264978,268182,11,3204,2,36000,1.00343320849
265279,265290,268407,11,3117,2,36000,1.00352903433
265294,265301,268538,7,3237,2,36000,1.00216249614
265465,265474,268687,9,3213,2,36000,1.00280112045
265496,265503,268962,7,3459,2,36000,1.00202370627
265510,265517,268738,7,3221,2,36000,1.00217323812
265529,265539,268804,10,3265,2,36000,1.00306278714
265574,265582,268913,8,3331,2,36000,1.00240168118
265626,265636,268874,10,3238,2,36000,1.00308832613
265813,265824,269095,11,3271,2,36000,1.00336288597
265844,265854,269204,10,3350,2,36000,1.00298507463
265859,265865,268989,6,3124,2,36000,1.0019206146
266137,266147,269367,10,3220,2,36000,1.00310559006
266189,266198,269506,9,3308,2,36000,1.00272067715
266240,266249,269424,9,3175,2,36000,1.00283464567
266286,266296,269535,10,3239,2,36000,1.00308737265
266313,266321,269520,8,3199,2,36000,1.00250078149
266343,266352,269572,9,3220,2,36000,1.00279503106
266413,266423,269704,10,3281,2,36000,1.00304785126
266607,266616,269867,9,3251,2,36000,1.00276837896
266670,266681,269935,11,3254,2,36000,1.00338045482
266758,266766,269919,8,3153,2,36000,1.0025372661
266855,266865,269982,10,3117,2,36000,1.00320821303
266873,266881,270118,8,3237,2,36000,1.00247142416
266897,266905,270151,8,3246,2,36000,1.00246457178
266946,266955,270241,9,3286,2,36000,1.00273889227
266983,266992,270147,9,3155,2,36000,1.0028526149
266984,266997,270412,13,3415,2,36000,1.00380673499
267045,267053,270344,8,3291,2,36000,1.00243087208
267075,267086,270274,11,3188,2,36000,1.00345043915
267190,267198,270405,8,3207,2,36000,1.00249454319
267417,267425,270584,8,3159,2,36000,1.00253244698
267478,267486,270683,8,3197,2,36000,1.00250234595
267514,267524,270718,10,3194,2,36000,1.00313087038
267614,267622,270922,8,3300,2,36000,1.00242424242
267645,267654,270804,9,3150,2,36000,1.00285714286
267821,267829,271045,8,3216,2,36000,1.00248756219
267960,267969,271358,9,3389,2,36000,1.00265565063
268051,268059,271362,8,3303,2,36000,1.00242204057
268102,268112,271391,10,3279,2,36000,1.00304971028
268184,268194,271490,10,3296,2,36000,1.00303398058
268411,268419,271675,8,3256,2,36000,1.00245700246
268539,268549,271736,10,3187,2,36000,1.0031377471
268690,268698,272101,8,3403,2,36000,1.00235086688
268739,268749,271964,10,3215,2,36000,1.00311041991
268805,268815,272023,10,3208,2,36000,1.00311720698
268875,268885,272130,10,3245,2,36000,1.0030816641
268914,268924,272088,10,3164,2,36000,1.00316055626
268966,268974,272252,8,3278,2,36000,1.00244051251
268990,269000,272343,10,3343,2,36000,1.00299132516
269096,269107,272472,11,3365,2,36000,1.00326894502
269206,269215,272451,9,3236,2,36000,1.00278121137
269370,269378,272594,8,3216,2,36000,1.00248756219
269428,269435,272693,7,3258,2,36000,1.0021485574
269509,269517,272666,8,3149,2,36000,1.00254048904
269524,269531,272885,7,3354,2,36000,1.00208706023
269539,269546,272705,7,3159,2,36000,1.0022158911
269573,269583,272817,10,3234,2,36000,1.00309214595
269706,269716,272854,10,3138,2,36000,1.00318674315
269870,269878,272956,8,3078,2,36000,1.00259909032
269921,269931,273242,10,3311,2,36000,1.00302023558
269936,269946,273235,10,3289,2,36000,1.00304043782
269985,269993,273315,8,3322,2,36000,1.00240818784
270122,270129,273500,7,3371,2,36000,1.00207653515
270149,270159,273339,10,3180,2,36000,1.00314465409
270164,270170,273411,6,3241,2,36000,1.00185128047
270243,270252,273445,9,3193,2,36000,1.00281866583
270276,270286,273621,10,3335,2,36000,1.00299850075
270346,270356,273545,10,3189,2,36000,1.00313577924
270406,270416,273594,10,3178,2,36000,1.0031466331
270421,270428,273730,7,3302,2,36000,1.00211992732
270466,270472,270474,6,2,16,60,1.0
270585,270595,273756,10,3161,2,36000,1.00316355584
270652,270659,270662,7,3,16,60,1.0
270685,270694,273967,9,3273,2,36000,1.00274977085
270721,270729,273987,8,3258,2,36000,1.00245549417
270806,270815,273985,9,3170,2,36000,1.00283911672
270924,270933,274273,9,3340,2,36000,1.00269461078
271048,271056,274244,8,3188,2,36000,1.00250941029
271361,271369,274612,8,3243,2,36000,1.00246685168
271376,271382,274606,6,3224,2,36000,1.00186104218
271394,271403,274536,9,3133,2,36000,1.00287264603
271491,271502,274808,11,3306,2,36000,1.00332728373
271676,271686,275048,10,3362,2,36000,1.00297441999
271739,271747,274896,8,3149,2,36000,1.00254048904
271965,271975,275150,10,3175,2,36000,1.0031496063
272026,272034,275317,8,3283,2,36000,1.00243679561
272089,272099,275156,10,3057,2,36000,1.0032711809
272104,272112,275411,8,3299,2,36000,1.00242497727
272132,272141,275488,9,3347,2,36000,1.0026889752
272253,272263,275501,10,3238,2,36000,1.00308832613
272344,272354,275496,10,3142,2,36000,1.00318268619
272453,272463,275622,10,3159,2,36000,1.00316555872
272474,272484,275728,10,3244,2,36000,1.00308261406
272595,272606,275714,11,3108,2,36000,1.00353925354
272668,272678,275962,10,3284,2,36000,1.00304506699
272696,272704,275923,8,3219,2,36000,1.00248524386
272711,272717,275904,6,3187,2,36000,1.00188264826
272820,272829,276164,9,3335,2,36000,1.00269865067
272857,272865,276139,8,3274,2,36000,1.0024434942
272887,272896,276195,9,3299,2,36000,1.00272809942
272960,272968,276225,8,3257,2,36000,1.00245624808
273238,273246,276519,8,3273,2,36000,1.00244424076
273254,273260,276532,6,3272,2,36000,1.00183374083
273317,273326,276469,9,3143,2,36000,1.0028635062
273342,273351,276694,9,3343,2,36000,1.00269219264
273412,273422,276665,10,3243,2,36000,1.0030835646
273445,273456,276619,11,3163,2,36000,1.00347771103
273503,273511,276837,8,3326,2,36000,1.00240529164
273549,273556,276676,7,3120,2,36000,1.00224358974
273597,273605,276916,8,3311,2,36000,1.00241618846
273621,273632,277072,11,3440,2,36000,1.00319767442
273733,273741,276925,8,3184,2,36000,1.00251256281
273758,273767,277108,9,3341,2,36000,1.00269380425
273970,273978,277184,8,3206,2,36000,1.00249532127
273988,273996,277200,8,3204,2,36000,1.0024968789
273990,274002,277163,12,3161,2,36000,1.003796267
274245,274256,277476,11,3220,2,36000,1.00341614907
274275,274284,277445,9,3161,2,36000,1.00284720025
274539,274547,277960,8,3413,2,36000,1.0023439789
274607,274617,277843,10,3226,2,36000,1.00309981401
274622,274628,277861,6,3233,2,36000,1.00185586143
274809,274819,278127,10,3308,2,36000,1.00302297461
274897,274908,278011,11,3103,2,36000,1.00354495649
275049,275060,278364,11,3304,2,36000,1.00332929782
275152,275161,278378,9,3217,2,36000,1.00279763755
275167,275173,278463,6,3290,2,36000,1.00182370821
275319,275329,278551,10,3222,2,36000,1.00310366232
275413,275423,278675,10,3252,2,36000,1.00307503075
275491,275500,278640,9,3140,2,36000,1.00286624204
275507,275512,278723,5,3211,2,36000,1.00155714731
275508,275518,278877,10,3359,2,36000,1.00297707651
275623,275633,278823,10,3190,2,36000,1.00313479624
275718,275726,279052,8,3326,2,36000,1.00240529164
275733,275738,279037,5,3299,2,36000,1.00151561079
275798,275804,275907,6,103,1,1800,1.05825242718
275907,275915,279270,8,3355,2,36000,1.00238450075
275925,275934,279316,9,3382,2,36000,1.00266114725
275964,275973,279228,9,3255,2,36000,1.00276497696
276141,276151,279303,10,3152,2,36000,1.00317258883
276166,276175,279321,9,3146,2,36000,1.00286077559
276197,276207,279488,10,3281,2,36000,1.00304785126
276216,276222,276328,6,106,1,1800,1.05660377358
276227,276236,279248,9,3012,2,36000,1.00298804781
276471,276481,279597,10,3116,2,36000,1.00320924262
276522,276530,279725,8,3195,2,36000,1.00250391236
276537,276543,279853,6,3310,2,36000,1.00181268882
276623,276631,279779,8,3148,2,36000,1.00254129606
276668,276676,279856,8,3180,2,36000,1.00251572327
276683,276689,279906,6,3217,2,36000,1.0018650917
276698,276705,279954,7,3249,2,36000,1.00215450908
276838,276848,280072,10,3224,2,36000,1.00310173697
276918,276928,280253,10,3325,2,36000,1.0030075188
276933,276939,280199,6,3260,2,36000,1.0018404908
276974,276980,277551,6,571,1,1800,1.01050788091
277073,277083,280304,10,3221,2,36000,1.00310462589
277109,277119,280437,10,3318,2,36000,1.00301386377
277164,277174,280395,10,3221,2,36000,1.00310462589
277185,277195,280406,10,3211,2,36000,1.00311429461
277201,277211,280410,10,3199,2,36000,1.00312597687
277447,277456,280673,9,3217,2,36000,1.00279763755
277478,277487,280710,9,3223,2,36000,1.00279242941
277847,277854,281221,7,3367,2,36000,1.00207900208
277865,277873,281093,8,3220,2,36000,1.00248447205
277963,277971,281156,8,3185,2,36000,1.00251177394
278014,278022,281258,8,3236,2,36000,1.00247218789
278130,278138,281235,8,3097,2,36000,1.00258314498
278367,278375,281522,8,3147,2,36000,1.00254210359
278382,278389,281617,7,3228,2,36000,1.0021685254
278464,278474,281672,10,3198,2,36000,1.00312695435
278553,278562,281794,9,3232,2,36000,1.00278465347
278644,278652,281852,8,3200,2,36000,1.0025
278677,278687,281856,10,3169,2,36000,1.00315556958
278726,278734,281967,8,3233,2,36000,1.00247448191
278824,278834,282040,10,3206,2,36000,1.00311915159
278879,278889,282116,10,3227,2,36000,1.00309885342
279038,279048,282225,10,3177,2,36000,1.00314762354
279053,279063,282365,10,3302,2,36000,1.0030284676
279119,279125,279168,6,43,1,1800,1.13953488372
279229,279240,282460,11,3220,2,36000,1.00341614907
279251,279259,282597,8,3338,2,36000,1.0023966447
279272,279282,282565,10,3283,2,36000,1.00304599452
279306,279314,282649,8,3335,2,36000,1.0023988006
279322,279333,279384,11,51,1,1800,1.21568627451
279322,279328,282524,6,3196,2,36000,1.00187734668
279323,279339,282672,16,3333,2,36000,1.00480048005
279455,279462,279537,7,75,1,1800,1.09333333333
279492,279499,282806,7,3307,2,36000,1.0021167221
279599,279608,282814,9,3206,2,36000,1.00280723643
279719,279725,279811,6,86,1,1800,1.06976744186
279727,279736,283093,9,3357,2,36000,1.00268096515
279782,279791,283128,9,3337,2,36000,1.00269703326
279856,279864,282992,8,3128,2,36000,1.00255754476
279857,279870,283122,13,3252,2,36000,1.00399753998
279910,279917,283192,7,3275,2,36000,1.00213740458
279955,279966,283337,11,3371,2,36000,1.00326312667
280066,280072,280314,6,242,1,1800,1.02479338843
280074,280083,283486,9,3403,2,36000,1.00264472524
280203,280211,283408,8,3197,2,36000,1.00250234595
280258,280264,283381,6,3117,2,36000,1.00192492782
280307,280315,283420,8,3105,2,36000,1.00257648953
280399,280406,283520,7,3114,2,36000,1.00224791265
280414,280420,283701,6,3281,2,36000,1.00182871076
280415,280426,283583,11,3157,2,36000,1.00348432056
280440,280448,283453,8,3005,2,36000,1.00266222962
280675,280685,283983,10,3298,2,36000,1.00303214069
280712,280721,283872,9,3151,2,36000,1.00285623612
280725,280731,281025,6,294,1,1800,1.02040816327
281096,281104,284276,8,3172,2,36000,1.0025220681
281157,281167,284427,10,3260,2,36000,1.00306748466
281224,281232,284175,8,2943,2,36000,1.00271831464
281239,281246,284506,7,3260,2,36000,1.00214723926
281260,281269,284471,9,3202,2,36000,1.00281074329
281524,281533,284760,9,3227,2,36000,1.00278896808
281618,281628,284871,10,3243,2,36000,1.0030835646
281676,281684,284809,8,3125,2,36000,1.00256
281731,281737,281765,6,28,1,1800,1.21428571429
281797,281805,285098,8,3293,2,36000,1.00242939569
281855,281863,285014,8,3151,2,36000,1.00253887655
281870,281877,285124,7,3247,2,36000,1.00215583616
281970,281979,285221,9,3242,2,36000,1.00277606416
282043,282051,285309,8,3258,2,36000,1.00245549417
282061,282068,282130,7,62,1,1800,1.11290322581
282119,282127,285448,8,3321,2,36000,1.00240891298
282228,282236,285615,8,3379,2,36000,1.00236756437
282368,282376,285502,8,3126,2,36000,1.00255918106
282462,282471,285746,9,3275,2,36000,1.0027480916
282525,282535,285730,10,3195,2,36000,1.00312989045
282568,282576,285726,8,3150,2,36000,1.00253968254
282598,282608,285844,10,3236,2,36000,1.00309023486
282653,282660,285963,7,3303,2,36000,1.0021192855
282674,282683,286059,9,3376,2,36000,1.00266587678
282808,282818,286186,10,3368,2,36000,1.00296912114
282823,282830,286014,7,3184,2,36000,1.00219849246
282857,282863,282984,6,121,1,1800,1.04958677686
282993,283003,286185,10,3182,2,36000,1.00314267756
283093,283104,286327,11,3223,2,36000,1.00341296928
283124,283133,286412,9,3279,2,36000,1.00274473925
283139,283145,286342,6,3197,2,36000,1.00187675946
283193,283203,286534,10,3331,2,36000,1.00300210147
283339,283348,286619,9,3271,2,36000,1.00275145216
283384,283392,286631,8,3239,2,36000,1.00246989812
283411,283419,286688,8,3269,2,36000,1.00244723157
283427,283433,286642,6,3209,2,36000,1.00186974135
283457,283465,286630,8,3165,2,36000,1.00252764613
283487,283497,286843,10,3346,2,36000,1.00298864316
283524,283532,286710,8,3178,2,36000,1.00251730648
283584,283594,286906,10,3312,2,36000,1.00301932367
283703,283712,287050,9,3338,2,36000,1.00269622528
283873,283883,287135,10,3252,2,36000,1.00307503075
283985,283994,287183,9,3189,2,36000,1.00282220132
284176,284186,287530,10,3344,2,36000,1.00299043062
284279,284288,287471,9,3183,2,36000,1.00282752121
284428,284438,287702,10,3264,2,36000,1.00306372549
284474,284482,287666,8,3184,2,36000,1.00251256281
284507,284517,287667,10,3150,2,36000,1.00317460317
284764,284772,287920,8,3148,2,36000,1.00254129606
284812,284820,288084,8,3264,2,36000,1.00245098039
284873,284882,288298,9,3416,2,36000,1.00263466042
285016,285025,288343,9,3318,2,36000,1.0027124774
285098,285109,288487,11,3378,2,36000,1.00325636471
285125,285135,288450,10,3315,2,36000,1.00301659125
285222,285233,288492,11,3259,2,36000,1.00337526849
285310,285320,288515,10,3195,2,36000,1.00312989045
285450,285459,288630,9,3171,2,36000,1.00283822138
285504,285513,288681,9,3168,2,36000,1.00284090909
285617,285626,288763,9,3137,2,36000,1.0028689831
285729,285737,289079,8,3342,2,36000,1.00239377618
285744,285750,288949,6,3199,2,36000,1.00187558612
285759,285765,288989,6,3224,2,36000,1.00186104218
285848,285855,289042,7,3187,2,36000,1.00219642297
285967,285975,289202,8,3227,2,36000,1.00247908274
286015,286025,289158,10,3133,2,36000,1.00319182892
286061,286070,289184,9,3114,2,36000,1.00289017341
286188,286197,289575,9,3378,2,36000,1.0026642984
286190,286202,289441,12,3239,2,36000,1.00370484718
286329,286339,289748,10,3409,2,36000,1.00293341156
286344,286353,289555,9,3202,2,36000,1.00281074329
286414,286423,289635,9,3212,2,36000,1.00280199253
286538,286546,289860,8,3314,2,36000,1.00241400121
286620,286631,289877,11,3246,2,36000,1.0033887862
286636,286641,289909,5,3268,2,36000,1.00152998776
286637,286647,289967,10,3320,2,36000,1.00301204819
286652,286659,289859,7,3200,2,36000,1.0021875
286689,286699,289900,10,3201,2,36000,1.00312402374
286713,286721,289877,8,3156,2,36000,1.00253485425
286847,286854,289971,7,3117,2,36000,1.00224574912
286908,286917,290068,9,3151,2,36000,1.00285623612
287054,287061,290183,7,3122,2,36000,1.00224215247
287139,287147,290511,8,3364,2,36000,1.00237812128
287184,287195,290438,11,3243,2,36000,1.00339192106
287473,287482,290812,9,3330,2,36000,1.0027027027
287531,287541,290744,10,3203,2,36000,1.00312207306
287667,287683,290786,16,3103,2,36000,1.00515630035
287668,287677,290906,9,3229,2,36000,1.00278724063
287705,287713,291003,8,3290,2,36000,1.00243161094
287923,287931,291144,8,3213,2,36000,1.00248988484
288088,288095,291381,7,3286,2,36000,1.00213024954
288300,288309,291618,9,3309,2,36000,1.00271985494
288345,288354,291538,9,3184,2,36000,1.00282663317
288451,288461,291823,10,3362,2,36000,1.00297441999
288488,288498,291792,10,3294,2,36000,1.00303582271
288503,288509,291710,6,3201,2,36000,1.00187441425
288518,288526,291667,8,3141,2,36000,1.00254695957
288631,288641,291850,10,3209,2,36000,1.00311623559
288682,288693,291962,11,3269,2,36000,1.00336494341
288765,288774,291944,9,3170,2,36000,1.00283911672
288949,288960,292174,11,3214,2,36000,1.00342252645
288989,289000,292202,11,3202,2,36000,1.0034353529
289044,289053,292220,9,3167,2,36000,1.00284180613
289080,289090,292265,10,3175,2,36000,1.0031496063
289162,289170,292437,8,3267,2,36000,1.00244872972
289186,289195,292421,9,3226,2,36000,1.00278983261
289204,289214,292514,10,3300,2,36000,1.00303030303
289444,289452,292608,8,3156,2,36000,1.00253485425
289556,289566,292738,10,3172,2,36000,1.00315258512
289578,289586,292850,8,3264,2,36000,1.00245098039
289638,289647,292969,9,3322,2,36000,1.00270921132
289751,289759,292900,8,3141,2,36000,1.00254695957
289860,289870,293016,10,3146,2,36000,1.00317863954
289875,289881,293047,6,3166,2,36000,1.00189513582
289891,289897,293096,6,3199,2,36000,1.00187558612
289892,289903,293154,11,3251,2,36000,1.00338357428
289907,289914,293004,7,3090,2,36000,1.00226537217
289922,289929,293178,7,3249,2,36000,1.00215450908
289968,289978,293207,10,3229,2,36000,1.00309693404
289984,289990,293259,6,3269,2,36000,1.00183542368
290072,290079,293320,7,3241,2,36000,1.00215982721
290187,290195,293462,8,3267,2,36000,1.00244872972
290442,290449,293732,7,3283,2,36000,1.00213219616
290514,290522,293730,8,3208,2,36000,1.00249376559
290748,290755,294034,7,3279,2,36000,1.00213479719
290788,290797,294003,9,3206,2,36000,1.00280723643
290815,290824,294180,9,3356,2,36000,1.002681764
290906,290917,294187,11,3270,2,36000,1.00336391437
291004,291014,294177,10,3163,2,36000,1.00316155549
291146,291155,294433,9,3278,2,36000,1.00274557657
291383,291392,294729,9,3337,2,36000,1.00269703326
291541,291549,294700,8,3151,2,36000,1.00253887655
291620,291630,294994,10,3364,2,36000,1.00297265161
291668,291678,294794,10,3116,2,36000,1.00320924262
291711,291721,294914,10,3193,2,36000,1.00313185092
291793,291803,295086,10,3283,2,36000,1.00304599452
291823,291834,295055,11,3221,2,36000,1.00341508848
291854,291862,295058,8,3196,2,36000,1.00250312891
291945,291955,295228,10,3273,2,36000,1.00305530095
291963,291973,295269,10,3296,2,36000,1.00303398058
292177,292185,295492,8,3307,2,36000,1.00241911098
292204,292213,295383,9,3170,2,36000,1.00283911672
292222,292231,295431,9,3200,2,36000,1.0028125
292268,292277,295425,9,3148,2,36000,1.00285895807
292423,292432,295595,9,3163,2,36000,1.00284539994
292438,292449,295507,11,3058,2,36000,1.0035971223
292517,292525,295739,8,3214,2,36000,1.00248911014
292609,292619,295881,10,3262,2,36000,1.00306560392
292739,292750,296003,11,3253,2,36000,1.00338149401
292851,292861,296052,10,3191,2,36000,1.00313381385
292903,292912,296229,9,3317,2,36000,1.00271329515
292973,292981,296336,8,3355,2,36000,1.00238450075
293006,293015,296165,9,3150,2,36000,1.00285714286
293021,293027,296297,6,3270,2,36000,1.00183486239
293048,293058,296211,10,3153,2,36000,1.00317158262
293097,293107,296394,10,3287,2,36000,1.0030422878
293155,293165,296395,10,3230,2,36000,1.00309597523
293179,293189,296447,10,3258,2,36000,1.00306936771
293209,293218,296614,9,3396,2,36000,1.00265017668
293262,293270,296444,8,3174,2,36000,1.00252047889
293323,293331,296732,8,3401,2,36000,1.00235224934
293463,293473,296668,10,3195,2,36000,1.00312989045
293733,293743,297116,10,3373,2,36000,1.00296471983
293735,293748,296952,13,3204,2,36000,1.00405742821
294004,294014,297183,10,3169,2,36000,1.00315556958
294035,294045,297294,10,3249,2,36000,1.00307787011
294050,294056,305883,6,11827,2,28800,1.00050731377
294178,294188,297422,10,3234,2,36000,1.00309214595
294193,294199,297450,6,3251,2,36000,1.00184558597
294194,294205,297458,11,3253,2,36000,1.00338149401
294271,294277,325955,6,31678,14,43200,1.0001894059
294434,294444,297550,10,3106,2,36000,1.00321957502
294611,294617,309273,6,14656,2,28800,1.00040938865
294703,294711,297909,8,3198,2,36000,1.00250156348
294730,294740,297850,10,3110,2,36000,1.00321543408
294797,294806,298074,9,3268,2,36000,1.00275397797
294915,294925,298098,10,3173,2,36000,1.00315159155
294995,295005,298187,10,3182,2,36000,1.00314267756
295059,295069,298467,10,3398,2,36000,1.00294290759
295060,295074,298344,14,3270,2,36000,1.00428134557
295088,295098,298413,10,3315,2,36000,1.00301659125
295231,295239,298391,8,3152,2,36000,1.00253807107
295270,295280,298548,10,3268,2,36000,1.00305997552
295385,295395,298500,10,3105,2,36000,1.00322061192
295428,295436,298680,8,3244,2,36000,1.00246609125
295443,295449,298760,6,3311,2,36000,1.00181214135
295495,295504,298684,9,3180,2,36000,1.00283018868
295510,295518,298738,8,3220,2,36000,1.00248447205
295585,295591,318304,6,22713,16,43200,1.0002641659
295588,295597,320160,9,24563,18,43200,1.00036640476
295598,295606,298784,8,3178,2,36000,1.00251730648
295741,295750,299087,9,3337,2,36000,1.00269703326
295884,295893,299122,9,3229,2,36000,1.00278724063
296006,296014,299197,8,3183,2,36000,1.00251335218
296054,296063,299376,9,3313,2,36000,1.00271657108
296105,296111,301138,6,5027,2,28800,1.0011935548
296167,296176,299412,9,3236,2,36000,1.00278121137
296212,296222,299486,10,3264,2,36000,1.00306372549
296230,296241,299554,11,3313,2,36000,1.00332025355
296300,296308,299533,8,3225,2,36000,1.00248062016
296337,296347,299556,10,3209,2,36000,1.00311623559
296395,296405,299614,10,3209,2,36000,1.00311623559
296409,296416,299632,7,3216,2,36000,1.00217661692
296445,296451,304922,6,8471,2,28800,1.0007082989
296446,296457,299619,11,3162,2,36000,1.00347881088
296461,296467,299669,6,3202,2,36000,1.00187382886
296616,296625,299918,9,3293,2,36000,1.00273307015
296671,296679,300102,8,3423,2,36000,1.00233713117
296734,296744,300073,10,3329,2,36000,1.00300390508
296747,296753,320861,6,24108,14,43200,1.00024888004
296841,296847,297242,6,395,2,43200,1.01518987342
296956,296964,300257,8,3293,2,36000,1.00242939569
297118,297127,300548,9,3421,2,36000,1.0026308097
297185,297194,300527,9,3333,2,36000,1.00270027003
297287,297293,301644,6,4351,2,28800,1.00137899333
297294,297305,300477,11,3172,2,36000,1.00346784363
297425,297433,300559,8,3126,2,36000,1.00255918106
297453,297462,300757,9,3295,2,36000,1.00273141123
297468,297474,300704,6,3230,2,36000,1.00185758514
297553,297561,300701,8,3140,2,36000,1.0025477707
297752,297758,299912,6,2154,2,28800,1.00278551532
297852,297861,301237,9,3376,2,36000,1.00266587678
297910,297920,301261,10,3341,2,36000,1.00299311583
298075,298085,301268,10,3183,2,36000,1.00314169023
298102,298110,301501,8,3391,2,36000,1.00235918608
298190,298198,301517,8,3319,2,36000,1.00241036457
298346,298355,301473,9,3118,2,36000,1.00288646568
298395,298402,301743,7,3341,2,36000,1.00209518108
298416,298424,301593,8,3169,2,36000,1.00252445566
298469,298479,301613,10,3134,2,36000,1.00319081047
298502,298511,301734,9,3223,2,36000,1.00279242941
298551,298559,301850,8,3291,2,36000,1.00243087208
298683,298692,301871,9,3179,2,36000,1.00283107896
298698,298704,301954,6,3250,2,36000,1.00184615385
298741,298749,301902,8,3153,2,36000,1.0025372661
298762,298771,302146,9,3375,2,36000,1.00266666667
298787,298796,301972,9,3176,2,36000,1.00283375315
299022,299028,390341,6,91313,1,360000,1.00006570806
299089,299099,302290,10,3191,2,36000,1.00313381385
299126,299133,302380,7,3247,2,36000,1.00215583616
299199,299209,302364,10,3155,2,36000,1.00316957211
299288,299295,299297,7,2,2,28800,1.0
299378,299388,302739,10,3351,2,36000,1.00298418383
299415,299424,302588,9,3164,2,36000,1.00284450063
299488,299498,302815,10,3317,2,36000,1.00301477238
299520,299526,304555,6,5029,2,86400,1.00119308014
299534,299544,302918,10,3374,2,36000,1.00296384114
299555,299566,302832,11,3266,2,36000,1.00336803429
299570,299577,302961,7,3384,2,36000,1.00206855792
299611,299617,306588,6,6971,2,28800,1.00086070865
299616,299625,302865,9,3240,2,36000,1.00277777778
299632,299638,302892,6,3254,2,36000,1.00184388445
299647,299653,303038,6,3385,2,36000,1.00177252585
299672,299680,303072,8,3392,2,36000,1.00235849057
299692,299698,324762,6,25064,1,360000,1.00023938717
299921,299930,303128,9,3198,2,36000,1.00281425891
299956,299962,380943,6,80981,1,360000,1.00007409145
299962,299968,313772,6,13804,2,43200,1.00043465662
300011,300017,310876,6,10859,2,28800,1.00055253707
300077,300085,303305,8,3220,2,36000,1.00248447205
300105,300114,303457,9,3343,2,36000,1.00269219264
300113,300120,433160,7,133040,1,360000,1.00005261575
300260,300268,303457,8,3189,2,36000,1.00250862339
300480,300488,303457,8,2969,2,36000,1.00269450994
300529,300539,303457,10,2918,2,36000,1.0034270048
300551,300559,303457,8,2898,2,36000,1.0027605245
300566,300572,303457,6,2885,2,36000,1.0020797227
300620,300626,316908,6,16282,2,43200,1.0003685051
300704,300712,303457,8,2745,2,36000,1.0029143898
300720,300726,303457,6,2731,2,36000,1.00219699744
300760,300768,303459,8,2691,2,36000,1.00297287254
301241,301248,303459,7,2211,2,36000,1.00316598824
301263,301273,303459,10,2186,2,36000,1.00457456542
301279,301285,303459,6,2174,2,36000,1.0027598896
301474,301484,303459,10,1975,2,36000,1.00506329114
301483,301490,339584,7,38094,2,43200,1.00018375597
301504,301513,303459,9,1946,2,36000,1.00462487153
301520,301528,303459,8,1931,2,36000,1.00414293112
301596,301604,303459,8,1855,2,36000,1.00431266846
301615,301624,303459,9,1835,2,36000,1.00490463215
301737,301746,303459,9,1713,2,36000,1.00525394046
301752,301758,303459,6,1701,2,36000,1.00352733686
301854,301862,303460,8,1598,2,36000,1.00500625782
301872,301882,303459,10,1577,2,36000,1.00634115409
301906,301913,303459,7,1546,2,36000,1.00452781371
301959,301965,303459,6,1494,2,36000,1.00401606426
301974,301983,303460,9,1477,2,36000,1.00609343263
302147,302157,303460,10,1303,2,36000,1.00767459708
302293,302301,303460,8,1159,2,36000,1.00690250216
302366,302375,303460,9,1085,2,36000,1.00829493088
302381,302391,303460,10,1069,2,36000,1.00935453695
302591,302599,303465,8,866,2,36000,1.00923787529
302604,302610,302625,6,15,4,144000,1.4
302740,302751,303460,11,709,2,36000,1.01551480959
302817,302826,303460,9,634,2,36000,1.0141955836
302826,302832,445098,6,142266,1,360000,1.00004217452
302835,302844,303460,9,616,2,36000,1.01461038961
302865,302876,303460,11,584,2,36000,1.01883561644
302896,302904,303460,8,556,2,36000,1.01438848921
302912,302918,303599,6,681,4,36000,1.00881057269
302924,302930,303460,6,530,2,36000,1.01132075472
302964,302973,303460,9,487,2,36000,1.01848049281
303041,303049,303460,8,411,2,36000,1.01946472019
303075,303083,303460,8,377,2,36000,1.02122015915
303130,303139,303460,9,321,2,36000,1.02803738318
303306,303316,303460,10,144,2,36000,1.06944444444
303341,303347,398228,6,94881,4,144000,1.00006323711
303353,303359,303361,6,2,2,28800,1.0
303549,303555,303585,6,30,4,144000,1.2
303663,303670,304163,7,493,1,360000,1.01419878296
303720,303726,317252,6,13526,4,144000,1.00044359012
304025,304031,304089,6,58,2,43200,1.10344827586
304046,304052,305614,6,1562,2,36000,1.00384122919
304047,304058,305614,11,1556,2,36000,1.00706940874
304049,304063,305614,14,1551,2,36000,1.00902643456
304050,304068,305614,18,1546,2,36000,1.01164294955
304051,304073,305614,22,1541,2,36000,1.01427644387
304053,304079,305614,26,1535,2,36000,1.01693811075
304054,304084,305614,30,1530,2,36000,1.01960784314
304056,304089,305614,33,1525,2,36000,1.02163934426
304057,304094,305614,37,1520,2,36000,1.02434210526
304059,304099,305614,40,1515,2,36000,1.02640264026
304060,304105,305614,45,1509,2,36000,1.02982107356
304061,304110,305614,49,1504,2,36000,1.03257978723
304063,304115,305614,52,1499,2,36000,1.0346897932
304064,304120,305614,56,1494,2,36000,1.0374832664
304065,304125,305614,60,1489,2,36000,1.04029550034
304067,304130,305614,63,1484,2,36000,1.04245283019
304068,304136,305614,68,1478,2,36000,1.04600811908
304069,304141,305614,72,1473,2,36000,1.04887983707
304070,304146,305614,76,1468,2,36000,1.05177111717
304072,304151,305614,79,1463,2,36000,1.05399863295
304073,304156,305614,83,1458,2,36000,1.05692729767
304074,304162,305614,88,1452,2,36000,1.06060606061
304076,304167,305614,91,1447,2,36000,1.06288873531
304077,304172,305614,95,1442,2,36000,1.06588072122
304078,304177,305614,99,1437,2,36000,1.06889352818
304080,304183,305614,103,1431,2,36000,1.07197763802
304081,304188,305614,107,1426,2,36000,1.07503506311
304082,304193,305614,111,1421,2,36000,1.07811400422
304083,304198,305614,115,1416,2,36000,1.08121468927
304085,304203,305614,118,1411,2,36000,1.08362863218
304086,304208,305614,122,1406,2,36000,1.08677098151
304087,304213,305614,126,1401,2,36000,1.08993576017
304089,304219,305614,130,1395,2,36000,1.09318996416
304090,304224,305614,134,1390,2,36000,1.0964028777
304091,304229,305614,138,1385,2,36000,1.09963898917
304093,304234,305614,141,1380,2,36000,1.10217391304
304094,304239,305614,145,1375,2,36000,1.10545454545
304095,304244,305614,149,1370,2,36000,1.10875912409
304097,304250,305614,153,1364,2,36000,1.11217008798
304098,304377,305614,279,1237,2,36000,1.22554567502
304113,304255,333520,142,29265,2,43200,1.00485221254
304300,304306,319146,6,14840,2,28800,1.00040431267
304523,304529,346851,6,42322,2,43200,1.00014177024
305053,305059,311885,6,6826,1,7200,1.00087899209
305224,305230,318471,6,13241,2,28800,1.00045313798
305651,305657,307303,6,1646,2,36000,1.00364520049
305652,305663,307303,11,1640,2,36000,1.00670731707
305653,305668,307303,15,1635,2,36000,1.00917431193
305655,305673,307303,18,1630,2,36000,1.01104294479
305656,305678,307303,22,1625,2,36000,1.01353846154
305657,305683,307303,26,1620,2,36000,1.01604938272
305658,305689,307303,31,1614,2,36000,1.01920693928
305660,305694,307303,34,1609,2,36000,1.02113113735
305661,305699,307303,38,1604,2,36000,1.02369077307
305662,305704,307303,42,1599,2,36000,1.02626641651
305664,305710,307303,46,1593,2,36000,1.02887633396
305665,305715,307303,50,1588,2,36000,1.0314861461
305666,305720,307303,54,1583,2,36000,1.03411244473
305668,305725,307303,57,1578,2,36000,1.036121673
305669,305730,307303,61,1573,2,36000,1.03877940242
305670,305735,307303,65,1568,2,36000,1.04145408163
305671,305741,307303,70,1562,2,36000,1.04481434059
305673,305746,307303,73,1557,2,36000,1.04688503532
305674,305751,307303,77,1552,2,36000,1.04961340206
305675,305756,307303,81,1547,2,36000,1.0523594053
305677,305761,307303,84,1542,2,36000,1.05447470817
305678,305766,307303,88,1537,2,36000,1.05725439167
305679,305772,307303,93,1531,2,36000,1.06074461137
305680,305777,307303,97,1526,2,36000,1.06356487549
305682,305782,307303,100,1521,2,36000,1.06574621959
305683,305787,307303,104,1516,2,36000,1.06860158311
305684,305793,307303,109,1510,2,36000,1.07218543046
305686,305798,307303,112,1505,2,36000,1.07441860465
305687,305803,307303,116,1500,2,36000,1.07733333333
305688,305808,307303,120,1495,2,36000,1.08026755853
305690,305813,307303,123,1490,2,36000,1.08255033557
305691,305819,307303,128,1484,2,36000,1.08625336927
305692,305824,307303,132,1479,2,36000,1.0892494929
305693,305829,307303,136,1474,2,36000,1.09226594301
305695,305834,307303,139,1469,2,36000,1.09462219197
305696,305839,307303,143,1464,2,36000,1.09767759563
305697,305845,307303,148,1458,2,36000,1.10150891632
305699,305850,307303,151,1453,2,36000,1.1039229181
305700,305855,307303,155,1448,2,36000,1.1070441989
305701,305860,307303,159,1443,2,36000,1.11018711019
305818,305866,320579,48,14713,2,28800,1.00326242099
307169,307176,321266,7,14090,2,28800,1.00049680625
307338,307344,310408,6,3064,2,36000,1.00195822454
307339,307349,310504,10,3155,2,36000,1.00316957211
307340,307354,310598,14,3244,2,36000,1.00431565968
307341,307360,310303,19,2943,2,36000,1.00645599728
307343,307365,310696,22,3331,2,36000,1.00660462324
307344,307370,310685,26,3315,2,36000,1.00784313725
307345,307376,310552,31,3176,2,36000,1.00976070529
307347,307381,310579,34,3198,2,36000,1.01063164478
307348,307386,310450,38,3064,2,36000,1.01240208877
307349,307391,310684,42,3293,2,36000,1.01275432736
307351,307396,310559,45,3163,2,36000,1.01422699968
307352,307402,310443,50,3041,2,36000,1.01644195988
307354,307407,310510,53,3103,2,36000,1.01708024492
307355,307412,310538,57,3126,2,36000,1.01823416507
307356,307417,310737,61,3320,2,36000,1.01837349398
307358,307422,310708,64,3286,2,36000,1.01947656726
307359,307427,310528,68,3101,2,36000,1.02192841019
307360,307433,310685,73,3252,2,36000,1.02244772448
307362,307438,310584,76,3146,2,36000,1.02415766052
307363,307443,310680,80,3237,2,36000,1.02471424158
307364,307448,310652,84,3204,2,36000,1.02621722846
307366,307453,310624,87,3171,2,36000,1.02743614002
307367,307458,310601,91,3143,2,36000,1.0289532294
307368,307463,310656,95,3193,2,36000,1.02975258378
307369,307469,310619,100,3150,2,36000,1.03174603175
307371,307475,310625,104,3150,2,36000,1.03301587302
307372,307480,310777,108,3297,2,36000,1.03275705187
307373,307485,310636,112,3151,2,36000,1.03554427166
307375,307491,310598,116,3107,2,36000,1.03733504989
307376,307496,310609,120,3113,2,36000,1.03854802441
307377,307501,310718,124,3217,2,36000,1.03854522847
307379,307506,310699,127,3193,2,36000,1.03977450673
307380,307511,310648,131,3137,2,36000,1.04175964297
307381,307516,310682,135,3166,2,36000,1.04264055591
307383,307521,310648,138,3127,2,36000,1.04413175568
307384,307527,310716,143,3189,2,36000,1.04484164315
307385,307532,310683,147,3151,2,36000,1.04665185655
307386,307537,310636,151,3099,2,36000,1.04872539529
307388,307542,310687,154,3145,2,36000,1.04896661367
307389,307547,310818,158,3271,2,36000,1.04830327117
308087,308093,312789,6,4696,2,86400,1.00127768313
308478,308484,312976,6,4492,2,86400,1.00133570793
308775,308781,308783,6,2,2,3540,1.0
309100,309106,313324,6,4218,2,86400,1.00142247511
309663,309669,314902,6,5233,2,86400,1.00114656985
309806,309812,312535,6,2723,2,28800,1.00220345207
309956,309962,310547,6,585,1,360000,1.01025641026
310119,310125,314235,6,4110,2,86400,1.00145985401
310194,310200,310201,6,1,1,75,1.0
310304,310314,313560,10,3246,2,36000,1.00308071473
310410,310419,313515,9,3096,2,36000,1.00290697674
310446,310455,313738,9,3283,2,36000,1.00274139507
310461,310467,313638,6,3171,2,36000,1.00189214759
310505,310516,313750,11,3234,2,36000,1.00340136054
310520,310528,313569,8,3041,2,36000,1.00263071358
310535,310541,313768,6,3227,2,36000,1.00185931205
310550,310556,313809,6,3253,2,36000,1.00184445128
310565,310571,313722,6,3151,2,36000,1.00190415741
310566,310577,313680,11,3103,2,36000,1.00354495649
310581,310590,313819,9,3229,2,36000,1.00278724063
310585,310596,310597,11,1,2,75,1.2
310597,310603,313831,6,3228,2,36000,1.00185873606
310598,310609,313816,11,3207,2,36000,1.00342999688
310614,310621,313714,7,3093,2,36000,1.00226317491
310615,310626,313700,11,3074,2,36000,1.00357839948
310616,310632,313915,16,3283,2,36000,1.00487359123
310632,310638,313809,6,3171,2,36000,1.00189214759
310633,310644,313717,11,3073,2,36000,1.00357956394
310635,310649,313805,14,3156,2,36000,1.00443599493
310650,310657,313864,7,3207,2,36000,1.00218272529
310652,310663,314031,11,3368,2,36000,1.00326603325
310653,310668,313993,15,3325,2,36000,1.0045112782
310655,310673,313801,18,3128,2,36000,1.0057544757
310670,310679,313840,9,3161,2,36000,1.00284720025
310671,310684,313872,13,3188,2,36000,1.00407779172
310688,310694,313821,6,3127,2,36000,1.00191877199
310690,310700,313863,10,3163,2,36000,1.00316155549
310691,310705,313846,14,3141,2,36000,1.00445717924
310692,310721,310722,29,1,8,75,3.0
310692,310710,313805,18,3095,2,36000,1.00581583199
310693,310715,313848,22,3133,2,36000,1.00702202362
310695,310727,313874,32,3147,2,36000,1.01016841436
310696,310732,313774,36,3042,2,36000,1.01183431953
310712,310737,313888,25,3151,2,36000,1.00793398921
310713,310743,313748,30,3005,2,36000,1.00998336106
310714,310748,314081,34,3333,2,36000,1.0102010201
310729,310754,313971,25,3217,2,36000,1.00777121542
310731,310759,313919,28,3160,2,36000,1.00886075949
310745,310765,313937,20,3172,2,36000,1.00630517024
310778,310789,314045,11,3256,2,36000,1.00337837838
310821,310830,313976,9,3146,2,36000,1.00286077559
311550,311556,315722,6,4166,2,28800,1.00144023044
311773,311780,326131,7,14351,1,360000,1.00048777089
311777,311786,336538,9,24752,1,360000,1.00036360698
312037,312043,313473,6,1430,1,360000,1.0041958042
312165,312172,314934,7,2762,1,360000,1.00253439537
313067,313073,317230,6,4157,2,28800,1.00144334857
313519,313526,316542,7,3016,2,36000,1.00232095491
313561,313572,316710,11,3138,2,36000,1.00350541746
313576,313582,316848,6,3266,2,36000,1.00183710961
313639,313649,316888,10,3239,2,36000,1.00308737265
313681,313691,316915,10,3224,2,36000,1.00310173697
313702,313712,316962,10,3250,2,36000,1.00307692308
313717,313725,316851,8,3126,2,36000,1.00255918106
313719,313731,316905,12,3174,2,36000,1.00378071834
313733,313740,316917,7,3177,2,36000,1.00220333648
313748,313755,316593,7,2838,2,36000,1.00246652572
313750,313761,316929,11,3168,2,36000,1.00347222222
313765,313771,316894,6,3123,2,36000,1.00192122959
313780,313786,316924,6,3138,2,36000,1.00191204589
313781,313792,316938,11,3146,2,36000,1.0034965035
313802,313812,317018,10,3206,2,36000,1.00311915159
313818,313825,317075,7,3250,2,36000,1.00215384615
313820,313831,316977,11,3146,2,36000,1.0034965035
313821,313836,317112,15,3276,2,36000,1.00457875458
313822,313841,317046,19,3205,2,36000,1.00592823713
313824,313846,317073,22,3227,2,36000,1.00681747753
313839,313853,316981,14,3128,2,36000,1.00447570332
313840,313858,317042,18,3184,2,36000,1.00565326633
313841,313863,316835,22,2972,2,36000,1.00740242261
313857,313869,316964,12,3095,2,36000,1.00387722132
313858,313874,317020,16,3146,2,36000,1.00508582327
313859,313879,317040,20,3161,2,36000,1.00632711167
313876,313885,316968,9,3083,2,36000,1.00291923451
313877,313890,317041,13,3151,2,36000,1.00412567439
313878,313896,317019,18,3123,2,36000,1.00576368876
313880,313902,317098,22,3196,2,36000,1.00688360451
313895,313907,316990,12,3083,2,36000,1.00389231268
313916,313926,317068,10,3142,2,36000,1.00318268619
313931,313937,317115,6,3178,2,36000,1.00188797986
313946,313952,317102,6,3150,2,36000,1.0019047619
313973,313982,317317,9,3335,2,36000,1.00269865067
313987,313993,317147,6,3154,2,36000,1.00190234623
314002,314008,317151,6,3143,2,36000,1.00190900414
314032,314042,317141,10,3099,2,36000,1.00322684737
314047,314057,317106,10,3049,2,36000,1.00327976386
314083,314092,317109,9,3017,2,36000,1.00298309579
314685,314691,318833,6,4142,2,86400,1.00144857557
315007,315013,317773,6,2760,1,360000,1.00217391304
315285,315291,324781,6,9490,1,360000,1.00063224447
315835,315841,321713,6,5872,2,28800,1.00102179837
316125,316131,326635,6,10504,2,28800,1.00057121097
316546,316553,319560,7,3007,2,36000,1.00232790156
316595,316604,319662,9,3058,2,36000,1.00294310007
316711,316721,320000,10,3279,2,36000,1.00304971028
316838,316846,320078,8,3232,2,36000,1.00247524752
316854,316860,320034,6,3174,2,36000,1.00189035917
316855,316866,320054,11,3188,2,36000,1.00345043915
316891,316899,320099,8,3200,2,36000,1.0025
316906,316913,320003,7,3090,2,36000,1.00226537217
316908,316919,320052,11,3133,2,36000,1.00351101181
316923,316929,320256,6,3327,2,36000,1.00180342651
316924,316934,320030,10,3096,2,36000,1.00322997416
316940,316946,320156,6,3210,2,36000,1.00186915888
316941,316952,320055,11,3103,2,36000,1.00354495649
316943,316957,320228,14,3271,2,36000,1.00428003669
316963,316973,320156,10,3183,2,36000,1.00314169023
316965,316979,320191,14,3212,2,36000,1.00435865504
316981,316987,320266,6,3279,2,36000,1.00182982617
316982,316993,320055,11,3062,2,36000,1.00359242325
316997,317003,320208,6,3205,2,36000,1.00187207488
316998,317009,320136,11,3127,2,36000,1.00351774864
317020,317029,320279,9,3250,2,36000,1.00276923077
317021,317035,320296,14,3261,2,36000,1.00429316161
317022,317040,320099,18,3059,2,36000,1.00588427591
317045,317051,320213,6,3162,2,36000,1.00189753321
317046,317057,320090,11,3033,2,36000,1.00362677217
317047,317062,320119,15,3057,2,36000,1.00490677134
317062,317068,320196,6,3128,2,36000,1.00191815857
317077,317083,320299,6,3216,2,36000,1.00186567164
317078,317089,320198,11,3109,2,36000,1.00353811515
317080,317094,320162,14,3068,2,36000,1.00456323338
317101,317109,320297,8,3188,2,36000,1.00250941029
317117,317123,320321,6,3198,2,36000,1.00187617261
317118,317129,320355,11,3226,2,36000,1.00340979541
317120,317134,320145,14,3011,2,36000,1.00464961807
317121,317139,320270,18,3131,2,36000,1.00574896199
317122,317144,320239,22,3095,2,36000,1.0071082391
317143,317152,320425,9,3273,2,36000,1.00274977085
317158,317164,320327,6,3163,2,36000,1.00189693329
317159,317170,320274,11,3104,2,36000,1.00354381443
317319,317328,320596,9,3268,2,36000,1.00275397797
317529,317535,322969,6,5434,2,28800,1.001104159
317817,317823,325751,6,7928,2,28800,1.0007568113
318960,318966,323984,6,5018,2,28800,1.0011956955
318980,318987,341258,7,22271,16,43200,1.00031431009
319182,319188,327565,6,8377,2,28800,1.00071624687
319563,319571,321025,8,1454,2,36000,1.00550206327
319662,319673,321025,11,1352,2,36000,1.00813609467
319825,319835,319958,10,123,1,216000,1.08130081301
319940,319946,319958,6,12,1,216000,1.5
320000,320015,321025,15,1010,2,36000,1.01485148515
320003,320009,536039,6,216030,1,216000,1.00002777392
320012,320026,536059,14,216033,1,216000,1.00006480491
320015,320021,321025,6,1004,2,36000,1.00597609562
320033,320041,321025,8,984,2,36000,1.0081300813
320048,320054,321025,6,971,2,36000,1.0061791967
320063,320069,321025,6,956,2,36000,1.00627615063
320064,320075,321025,11,950,2,36000,1.01157894737
320065,320090,536106,25,216016,1,216000,1.00011573217
320066,320080,321025,14,945,2,36000,1.01481481481
320067,320085,321025,18,940,2,36000,1.01914893617
320082,320097,321025,15,928,2,36000,1.0161637931
320097,320103,321025,6,922,2,36000,1.00650759219
320113,320119,321025,6,906,2,36000,1.00662251656
320114,320125,321025,11,900,2,36000,1.01222222222
320117,320130,536154,13,216024,1,216000,1.0000601785
320129,320136,321029,7,893,2,36000,1.0078387458
320144,320150,321029,6,879,2,36000,1.00682593857
320161,320167,321029,6,862,2,36000,1.00696055684
320162,320173,321029,11,856,2,36000,1.01285046729
320163,320178,321029,15,851,2,36000,1.01762632197
320178,320184,321029,6,845,2,36000,1.00710059172
320193,320202,321029,9,827,2,36000,1.01088270859
320208,320214,321029,6,815,2,36000,1.00736196319
320209,320220,321029,11,809,2,36000,1.01359703337
320211,320225,321029,14,804,2,36000,1.01741293532
320226,320232,321029,6,797,2,36000,1.00752823087
320242,320248,321029,6,781,2,36000,1.00768245839
320243,320254,321029,11,775,2,36000,1.01419354839
320258,320268,321029,10,761,2,36000,1.01314060447
320273,320280,321029,7,749,2,36000,1.00934579439
320275,320286,321029,11,743,2,36000,1.01480484522
320280,320292,401858,12,81566,1,360000,1.00014712012
320290,320298,321029,8,731,2,36000,1.01094391245
320292,320303,321029,11,726,2,36000,1.01515151515
320305,320311,326698,6,6387,2,28800,1.00093940817
320308,320317,321029,9,712,2,36000,1.01264044944
320309,320322,321029,13,707,2,36000,1.01838755304
320311,320327,321029,16,702,2,36000,1.02279202279
320326,320333,321029,7,696,2,36000,1.01005747126
320340,320346,321029,6,683,2,36000,1.00878477306
320355,320366,321029,11,663,2,36000,1.01659125189
320429,320437,321029,8,592,2,36000,1.01351351351
320637,320643,323957,6,3314,4,36000,1.00181050091
320667,320674,321838,7,1164,4,36000,1.0060137457
320876,320882,334550,6,13668,1,360000,1.00043898156
320883,320889,323237,6,2348,1,360000,1.00255536627
321059,321065,321134,6,69,80,36000,1.08695652174
321124,321145,321460,21,315,80,36000,1.06666666667
321330,321336,330999,6,9663,1,360000,1.00062092518
321441,321447,327048,6,5601,4,36000,1.00107123728
321463,321469,343805,6,22336,14,43200,1.00026862464
321524,321530,323141,6,1611,4,36000,1.00372439479
321530,321536,321860,6,324,80,36000,1.01851851852
321664,321670,327387,6,5717,2,28800,1.00104950149
321762,321768,484223,6,162455,1,216000,1.0000369333
321914,321920,483089,6,161169,1,216000,1.000037228
321915,321926,328753,11,6827,2,28800,1.00161124945
321942,321949,322155,7,206,80,36000,1.03398058252
322048,322166,322358,118,192,80,36000,1.61458333333
322728,322734,323053,6,319,80,36000,1.01880877743
323113,323119,332423,6,9304,2,28800,1.00064488392
323148,323154,323497,6,343,80,36000,1.01749271137
323328,323334,329637,6,6303,2,28800,1.00095192765
323496,323508,340325,12,16817,80,36000,1.00071356366
323567,323573,323600,6,27,4,36000,1.22222222222
323639,323645,324492,6,847,4,36000,1.00708382527
323664,323670,323890,6,220,4,36000,1.02727272727
324441,324447,326852,6,2405,4,36000,1.00249480249
324462,324468,325305,6,837,4,36000,1.00716845878
329575,329582,330275,7,693,4,3600,1.0101010101
330787,330793,330828,6,35,4,3600,1.17142857143
331753,331759,333438,6,1679,4,3600,1.00357355569
332702,332708,332709,6,1,2,3540,1.0
333471,333477,333659,6,182,4,3600,1.03296703297
340391,341237,343078,846,1841,80,36000,1.45953286257
340399,343089,344905,2690,1816,80,36000,2.48127753304
340833,340839,340842,6,3,17,10800,1.0
342043,342049,342052,6,3,17,10800,1.0
342322,342328,342331,6,3,17,10800,1.0
342627,344916,346849,2289,1933,80,36000,2.18416968443
343027,343033,343034,6,1,2,3540,1.0
343796,343803,343807,7,4,17,10800,1.1
344253,344259,344270,6,11,17,10800,1.54545454545
347043,347049,354228,6,7179,4,36000,1.000835771
347128,347134,354213,6,7079,4,36000,1.00084757734
347604,347610,348455,6,845,4,36000,1.00710059172
347615,347621,348444,6,823,4,36000,1.00729040097
351490,351496,351906,6,410,4,36000,1.01463414634
351516,351522,353377,6,1855,4,36000,1.00323450135
351797,351804,366099,7,14295,4,36000,1.00048968171
351838,351844,355723,6,3879,4,36000,1.00154679041
365528,365535,365574,7,39,1,1800,1.17948717949
365849,365855,365926,6,71,1,1800,1.08450704225
366438,366444,366666,6,222,1,1800,1.02702702703
367991,367997,368020,6,23,1,1800,1.26086956522
368307,368313,368368,6,55,1,1800,1.10909090909
369097,369103,369222,6,119,1,1800,1.05042016807
370642,370648,373405,6,2757,80,36000,1.00217627856
370647,373416,375047,2769,1631,80,36000,2.6977314531
373906,373913,373921,7,8,14,43200,1.5
374002,374008,417214,6,43206,14,43200,1.0001388696
375180,375186,375436,6,250,80,36000,1.024
375542,375549,376647,7,1098,80,36000,1.00637522769
376662,377559,378614,897,1055,80,36000,1.85023696682
376751,378625,378802,1874,177,80,36000,11.5875706215
379191,379198,380453,7,1255,80,36000,1.00557768924
380198,380204,391813,6,11609,4,144000,1.00051684038
380553,380559,381638,6,1079,80,36000,1.00556070436
381046,381052,383082,6,2030,4,3600,1.00295566502
381590,381649,382821,59,1172,80,36000,1.05034129693
383055,383061,415127,6,32066,1,360000,1.00018711408
383219,383226,384954,7,1728,4,36000,1.00405092593
383240,383246,383610,6,364,4,36000,1.01648351648
383664,383671,383753,7,82,2,36000,1.08536585366
383795,383801,384010,6,209,2,36000,1.02870813397
384005,384012,411838,7,27826,16,43200,1.00025156329
384033,384039,386333,6,2294,2,36000,1.00261551874
384034,384044,386333,10,2289,2,36000,1.00436871997
384035,384050,386333,15,2283,2,36000,1.00657030223
384037,384055,386334,18,2279,2,36000,1.00789820097
384038,384060,386333,22,2273,2,36000,1.00967883854
384039,384065,386334,26,2269,2,36000,1.01145879242
384040,384071,386334,31,2263,2,36000,1.01369863014
384041,384076,385802,35,1726,2,36000,1.02027809965
384043,384081,386334,38,2253,2,36000,1.01686640036
384044,384086,386334,42,2248,2,36000,1.01868327402
384045,384092,386334,47,2242,2,36000,1.02096342551
384046,384097,386334,51,2237,2,36000,1.0227983907
384048,384102,386334,54,2232,2,36000,1.02419354839
384049,384107,386334,58,2227,2,36000,1.02604400539
384050,384112,386334,62,2222,2,36000,1.02790279028
384051,384117,386334,66,2217,2,36000,1.0297699594
384052,384122,386334,70,2212,2,36000,1.03164556962
384054,384128,386334,74,2206,2,36000,1.03354487761
384055,384133,386334,78,2201,2,36000,1.03543843707
384056,384138,386334,82,2196,2,36000,1.03734061931
384057,384143,386334,86,2191,2,36000,1.03925148334
384059,384148,386334,89,2186,2,36000,1.0407136322
384060,384154,386334,94,2180,2,36000,1.04311926606
384061,384159,386334,98,2175,2,36000,1.04505747126
384062,384164,386334,102,2170,2,36000,1.04700460829
384063,384169,386334,106,2165,2,36000,1.04896073903
384065,384175,386334,110,2159,2,36000,1.05094951366
384066,384181,386334,115,2153,2,36000,1.05341384115
384067,384186,386334,119,2148,2,36000,1.05540037244
384068,384191,386124,123,1933,2,36000,1.06363166063
384070,384196,386334,126,2138,2,36000,1.05893358279
384071,384201,386334,130,2133,2,36000,1.06094702297
384072,384207,386334,135,2127,2,36000,1.0634696756
384073,384212,386334,139,2122,2,36000,1.06550424128
384075,384217,386334,142,2117,2,36000,1.06707605102
384076,384222,386334,146,2112,2,36000,1.06912878788
384078,384227,386334,149,2107,2,36000,1.07071665876
384079,384233,386334,154,2101,2,36000,1.07329842932
384080,384238,386334,158,2096,2,36000,1.07538167939
384082,384243,386334,161,2091,2,36000,1.07699665232
384534,384541,406169,7,21628,14,43200,1.00032365452
385805,385814,386334,9,520,2,36000,1.01730769231
385820,385826,386170,6,344,1,36000,1.01744186047
386009,386015,386172,6,157,1,36000,1.03821656051
386063,386069,386174,6,105,1,36000,1.05714285714
386111,386117,386175,6,58,1,36000,1.10344827586
386126,386135,386334,9,199,2,36000,1.04522613065
386218,386225,387071,7,846,4,36000,1.00827423168
386223,386231,387084,8,853,4,36000,1.00937866354
386227,386237,387114,10,877,4,36000,1.01140250855
386230,386242,386729,12,487,4,36000,1.02464065708
386408,386415,386632,7,217,2,36000,1.03225806452
386410,386421,386632,11,211,2,36000,1.05213270142
386411,386426,386632,15,206,2,36000,1.07281553398
386412,386431,386632,19,201,2,36000,1.09452736318
386413,386436,386632,23,196,2,36000,1.11734693878
386415,386441,386632,26,191,2,36000,1.13612565445
386416,386447,386632,31,185,2,36000,1.16756756757
386417,386452,386632,35,180,2,36000,1.19444444444
386419,386457,386632,38,175,2,36000,1.21714285714
386420,386462,386632,42,170,2,36000,1.24705882353
386422,386468,386632,46,164,2,36000,1.28048780488
386423,386473,386632,50,159,2,36000,1.31446540881
386424,386478,386632,54,154,2,36000,1.35064935065
386426,386483,386632,57,149,2,36000,1.38255033557
386427,386488,386632,61,144,2,36000,1.42361111111
386428,386493,386632,65,139,2,36000,1.46762589928
386429,386498,386632,69,134,2,36000,1.51492537313
386431,386504,386632,73,128,2,36000,1.5703125
386432,386509,386632,77,123,2,36000,1.62601626016
386433,386514,386632,81,118,2,36000,1.68644067797
386434,386519,386632,85,113,2,36000,1.75221238938
386436,386524,386632,88,108,2,36000,1.81481481481
386437,386529,386632,92,103,2,36000,1.8932038835
386438,386534,386632,96,98,2,36000,1.97959183673
386440,386540,386632,100,92,2,36000,2.08695652174
386441,386545,386632,104,87,2,36000,2.19540229885
386442,386551,386632,109,81,2,36000,2.34567901235
386443,386556,386632,113,76,2,36000,2.48684210526
386445,386561,386632,116,71,2,36000,2.6338028169
386446,386566,386632,120,66,2,36000,2.81818181818
386447,386572,386632,125,60,2,36000,3.08333333333
386449,386577,386632,128,55,2,36000,3.32727272727
386450,386582,386632,132,50,2,36000,3.64
386451,386587,386632,136,45,2,36000,4.02222222222
386453,386592,386632,139,40,2,36000,4.475
386454,386597,386632,143,35,2,36000,5.08571428571
386455,386603,386632,148,29,2,36000,6.10344827586
386456,386608,386632,152,24,2,36000,7.33333333333
386458,386613,386632,155,19,2,36000,9.15789473684
386459,386618,386632,159,14,2,36000,12.3571428571
386666,386672,389968,6,3296,2,36000,1.00182038835
386667,386678,389325,11,2647,2,36000,1.0041556479
386668,386683,389829,15,3146,2,36000,1.00476795931
386670,386688,389816,18,3128,2,36000,1.0057544757
386671,386693,389728,22,3035,2,36000,1.00724876442
386672,386698,389513,26,2815,2,36000,1.00923623446
386674,386704,389708,30,3004,2,36000,1.00998668442
386675,386709,389413,34,2704,2,36000,1.0125739645
386677,386714,389671,37,2957,2,36000,1.01251268177
386678,386719,389799,41,3080,2,36000,1.01331168831
386679,386724,389484,45,2760,2,36000,1.01630434783
386681,386730,388740,49,2010,2,36000,1.02437810945
386682,386735,390023,53,3288,2,36000,1.01611922141
386683,386740,389552,57,2812,2,36000,1.02027027027
386684,386745,389683,61,2938,2,36000,1.02076242342
386686,386750,389843,64,3093,2,36000,1.0206918849
386687,386755,389616,68,2861,2,36000,1.02376791332
386688,386760,389822,72,3062,2,36000,1.02351404311
386690,386766,389417,76,2651,2,36000,1.02866842701
386691,386771,389931,80,3160,2,36000,1.0253164557
386692,386776,389838,84,3062,2,36000,1.02743305029
386693,386781,389589,88,2808,2,36000,1.03133903134
386695,386786,389880,91,3094,2,36000,1.02941176471
386696,386791,389955,95,3164,2,36000,1.03002528445
386697,386797,390018,100,3221,2,36000,1.03104625893
386698,386802,389819,104,3017,2,36000,1.03447132913
386700,386808,389693,108,2885,2,36000,1.03743500867
386701,386813,389948,112,3135,2,36000,1.03572567783
386702,386818,389183,116,2365,2,36000,1.04904862579
386703,386824,389822,121,2998,2,36000,1.04036024016
386705,386829,389993,124,3164,2,36000,1.0391908976
386706,386834,389885,128,3051,2,36000,1.04195345788
386707,386839,389920,132,3081,2,36000,1.04284323272
386708,386844,390006,136,3162,2,36000,1.04301075269
386709,386849,389974,140,3125,2,36000,1.0448
386711,386855,390004,144,3149,2,36000,1.04572880279
386712,386860,390362,148,3502,2,36000,1.04226156482
386713,386865,389680,152,2815,2,36000,1.0539964476
386714,386870,390261,156,3391,2,36000,1.04600412858
386716,386875,389917,159,3042,2,36000,1.05226824458
386966,386973,387989,7,1016,8,2400,1.00688976378
388741,388752,390954,11,2202,2,36000,1.00499545867
389183,389194,392256,11,3062,2,36000,1.00359242325
389327,389336,392323,9,2987,2,36000,1.00301305658
389414,389424,392235,10,2811,2,36000,1.00355745286
389429,389435,391423,6,1988,2,36000,1.00301810865
389486,389495,392029,9,2534,2,36000,1.00355169692
389501,389507,389512,6,5,4,21600,1.1
389513,389524,392300,11,2776,2,36000,1.00396253602
389552,389563,392550,11,2987,2,36000,1.00368262471
389567,389573,392963,6,3390,4,21600,1.0017699115
389591,389600,392671,9,3071,2,36000,1.00293064148
389618,389627,392682,9,3055,2,36000,1.00294599018
389666,389672,389877,6,205,4,36000,1.02926829268
389672,389682,392882,10,3200,2,36000,1.003125
389687,389693,392787,6,3094,2,36000,1.00193923723
389688,389699,392679,11,2980,2,36000,1.00369127517
389703,389709,392768,6,3059,2,36000,1.0019614253
389718,389724,392825,6,3101,2,36000,1.00193485972
389732,389739,392836,7,3097,2,36000,1.00226025186
389801,389810,392847,9,3037,2,36000,1.00296345077
389819,389827,392707,8,2880,2,36000,1.00277777778
389820,389833,392772,13,2939,2,36000,1.00442327322
389835,389841,393064,6,3223,2,36000,1.00186161961
389836,389847,393341,11,3494,2,36000,1.00314825415
389838,389852,393120,14,3268,2,36000,1.00428396573
389853,389858,393044,5,3186,2,36000,1.00156936598
389854,389864,393118,10,3254,2,36000,1.00307314075
389881,389891,392946,10,3055,2,36000,1.00327332242
389895,389901,392996,6,3095,2,36000,1.00193861066
389919,389928,393051,9,3123,2,36000,1.00288184438
389934,389940,393333,6,3393,2,36000,1.0017683466
389935,389946,393129,11,3183,2,36000,1.00345585925
389950,389959,392940,9,2981,2,36000,1.0030191211
389965,389971,392946,6,2975,2,36000,1.00201680672
389980,389985,393189,5,3204,2,36000,1.00156054931
389981,389991,393110,10,3119,2,36000,1.00320615582
389995,390005,393027,10,3022,2,36000,1.00330906684
390011,390017,393162,6,3145,2,36000,1.00190779014
390012,390023,392724,11,2701,2,36000,1.00407256572
390027,390033,393049,6,3016,2,36000,1.00198938992
390028,390039,393025,11,2986,2,36000,1.003683858
390263,390272,393112,9,2840,2,36000,1.00316901408
390362,390373,393479,11,3106,2,36000,1.00354153252
390956,390965,394008,9,3043,2,36000,1.00295760762
391425,391435,394172,10,2737,2,36000,1.00365363537
392030,392040,394328,10,2288,2,36000,1.00437062937
392238,392246,394328,8,2082,2,36000,1.00384245917
392259,392267,394328,8,2061,2,36000,1.00388161087
392301,392312,394328,11,2016,2,36000,1.00545634921
392325,392334,394328,9,1994,2,36000,1.00451354062
392550,392561,394332,11,1771,2,36000,1.00621118012
392597,392603,396151,6,3548,4,21600,1.00169109357
392674,392683,394332,9,1649,2,36000,1.00545785324
392689,392695,394332,6,1637,2,36000,1.0036652413
392690,392701,394332,11,1631,2,36000,1.00674432863
392708,392719,394332,11,1613,2,36000,1.00681959082
392725,392735,394332,10,1597,2,36000,1.00626174076
392770,392780,394332,10,1552,2,36000,1.00644329897
392785,392791,394332,6,1541,2,36000,1.0038935756
392799,392806,394332,7,1526,2,36000,1.00458715596
392826,392836,394332,10,1496,2,36000,1.00668449198
392841,392847,394332,6,1485,2,36000,1.00404040404
392856,392862,394332,6,1470,2,36000,1.00408163265
392883,392893,394332,10,1439,2,36000,1.00694927033
392943,392951,394332,8,1381,2,36000,1.00579290369
392958,392964,394332,6,1368,2,36000,1.00438596491
392959,392970,394332,11,1362,2,36000,1.0080763583
393722,393728,393746,6,18,8,7200,1.33333333333
393959,393965,394332,6,367,2,36000,1.01634877384
393960,393971,394332,11,361,2,36000,1.03047091413
393961,393976,394332,15,356,2,36000,1.04213483146
393963,393981,394332,18,351,2,36000,1.05128205128
393964,393987,394332,23,345,2,36000,1.06666666667
393966,393994,394332,28,338,2,36000,1.08284023669
393967,394000,394332,33,332,2,36000,1.09939759036
393968,394005,394332,37,327,2,36000,1.11314984709
393970,394010,394332,40,322,2,36000,1.12422360248
393971,394015,394332,44,317,2,36000,1.13880126183
393972,394020,394332,48,312,2,36000,1.15384615385
393973,394025,394332,52,307,2,36000,1.16938110749
393975,394031,394332,56,301,2,36000,1.18604651163
393976,394036,394332,60,296,2,36000,1.2027027027
393977,394041,394332,64,291,2,36000,1.21993127148
393979,394046,394332,67,286,2,36000,1.23426573427
393980,394051,394332,71,281,2,36000,1.25266903915
394010,394057,394332,47,275,2,36000,1.17090909091
394103,394109,394449,6,340,1,1200,1.01764705882
394175,394184,394332,9,148,2,36000,1.06081081081
394439,394445,397748,6,3303,2,36000,1.00181653043
394441,394451,397341,10,2890,2,36000,1.00346020761
394442,394456,397637,14,3181,2,36000,1.00440113172
394443,394461,397409,18,2948,2,36000,1.00610583446
394444,394466,397215,22,2749,2,36000,1.00800291015
394446,394471,397187,25,2716,2,36000,1.00920471281
394447,394478,397517,31,3039,2,36000,1.01020072392
394448,394483,397702,35,3219,2,36000,1.01087294191
394449,394488,397580,39,3092,2,36000,1.01261319534
394451,394493,397375,42,2882,2,36000,1.01457321305
394452,394498,397599,46,3101,2,36000,1.01483392454
394453,394504,397684,51,3180,2,36000,1.01603773585
394455,394509,397361,54,2852,2,36000,1.01893408135
394456,394514,397589,58,3075,2,36000,1.01886178862
394457,394519,397571,62,3052,2,36000,1.02031454784
394458,394524,397206,66,2682,2,36000,1.02460850112
394460,394529,397175,69,2646,2,36000,1.02607709751
394461,394535,397513,74,2978,2,36000,1.02484889187
394462,394540,397449,78,2909,2,36000,1.02681333792
394464,394545,397742,81,3197,2,36000,1.02533625274
394465,394550,397610,85,3060,2,36000,1.02777777778
394466,394555,397682,89,3127,2,36000,1.02846178446
394468,394560,397496,92,2936,2,36000,1.03133514986
394469,394566,397743,97,3177,2,36000,1.03053194838
394470,394571,397789,101,3218,2,36000,1.03138595401
394472,394576,397663,104,3087,2,36000,1.03368966634
394473,394582,397177,109,2595,2,36000,1.04200385356
394475,394587,397315,112,2728,2,36000,1.04105571848
394476,394592,397506,116,2914,2,36000,1.0398078243
394477,394597,397845,120,3248,2,36000,1.03694581281
394478,394603,397391,125,2788,2,36000,1.04483500717
394480,394608,397678,128,3070,2,36000,1.04169381107
394481,394613,397485,132,2872,2,36000,1.04596100279
394482,394618,397475,136,2857,2,36000,1.04760238012
394484,394623,397115,139,2492,2,36000,1.05577849117
394485,394628,397703,143,3075,2,36000,1.04650406504
394486,394634,397367,148,2733,2,36000,1.05415294548
394487,394639,397325,152,2686,2,36000,1.0565897245
394489,394644,397859,155,3215,2,36000,1.04821150855
394490,394649,397510,159,2861,2,36000,1.05557497379
395654,395660,396113,6,453,6,3600,1.01324503311
396092,396098,396207,6,109,1,900,1.05504587156
396189,396195,396558,6,363,6,3600,1.01652892562
396221,396227,396435,6,208,1,900,1.02884615385
396647,396653,396782,6,129,6,172800,1.04651162791
396698,396704,396825,6,121,2,7200,1.04958677686
396824,396830,397243,6,413,6,345600,1.01452784504
397116,397126,399883,10,2757,2,36000,1.00362713094
397176,397186,399974,10,2788,2,36000,1.00358680057
397191,397197,399953,6,2756,2,36000,1.00217706821
397192,397203,400371,11,3168,2,36000,1.00347222222
397207,397217,400495,10,3278,2,36000,1.00305064063
397222,397228,400174,6,2946,2,36000,1.00203665988
397318,397326,400449,8,3123,2,36000,1.00256163945
397333,397339,400388,6,3049,2,36000,1.00196785831
397347,397354,399845,7,2491,2,36000,1.00281011642
397362,397373,400391,11,3018,2,36000,1.00364479788
397378,397384,400486,6,3102,2,36000,1.00193423598
397379,397390,400119,11,2729,2,36000,1.00403078051
397393,397402,400433,9,3031,2,36000,1.00296931706
397411,397421,400378,10,2957,2,36000,1.00338180588
397450,397460,399965,10,2505,2,36000,1.00399201597
397477,397486,400379,9,2893,2,36000,1.00311095748
397493,397500,400393,7,2893,2,36000,1.0024196336
397508,397515,400584,7,3069,2,36000,1.00228087325
397510,397521,400589,11,3068,2,36000,1.00358539765
397525,397531,400604,6,3073,2,36000,1.00195248942
397526,397537,400531,11,2994,2,36000,1.0036740147
397527,397542,400178,15,2636,2,36000,1.00569044006
397572,397584,400160,12,2576,2,36000,1.00465838509
397587,397593,400481,6,2888,2,36000,1.00207756233
397602,397608,400530,6,2922,2,36000,1.00205338809
397603,397614,400563,11,2949,2,36000,1.00373007799
397610,397620,404290,10,6670,8,7200,1.00149925037
397618,397626,400507,8,2881,2,36000,1.00277681361
397638,397648,400314,10,2666,2,36000,1.00375093773
397665,397674,400551,9,2877,2,36000,1.0031282586
397680,397689,400666,9,2977,2,36000,1.0030231777
397695,397701,400584,6,2883,2,36000,1.00208116545
397696,397707,400700,11,2993,2,36000,1.00367524223
397711,397718,400759,7,3041,2,36000,1.00230187438
397713,397723,400836,10,3113,2,36000,1.00321233537
397745,397753,400595,8,2842,2,36000,1.00281491907
397747,397759,400432,12,2673,2,36000,1.00448933782
397762,397768,400736,6,2968,2,36000,1.00202156334
397765,397774,397874,9,100,4,54000,1.09
397792,397800,400990,8,3190,2,36000,1.00250783699
397846,397857,400646,11,2789,2,36000,1.00394406597
397861,397870,401083,9,3213,2,36000,1.00280112045
397885,397892,445799,7,47907,4,54000,1.00014611643
398380,398391,398413,11,22,1,72000,1.5
398380,398386,398446,6,60,1,72000,1.1
398381,398408,398429,27,21,1,72000,2.28571428571
398381,398397,398425,16,28,1,72000,1.57142857143
398381,398413,398456,32,43,1,72000,1.74418604651
398381,398418,398472,37,54,1,72000,1.68518518519
398381,398402,398472,21,70,1,72000,1.3
398382,398429,398514,47,85,1,72000,1.55294117647
398382,398434,398516,52,82,1,72000,1.63414634146
398382,398423,398517,41,94,1,72000,1.43617021277
398382,398444,398527,62,83,1,72000,1.74698795181
398382,398450,398528,68,78,1,72000,1.87179487179
398382,398439,398528,57,89,1,72000,1.6404494382
398382,398455,398545,73,90,1,72000,1.81111111111
398383,398460,398534,77,74,1,72000,2.04054054054
398383,398466,398556,83,90,1,72000,1.92222222222
398383,398471,398576,88,105,1,72000,1.8380952381
398383,398487,398573,104,86,1,72000,2.20930232558
398383,398476,398580,93,104,1,72000,1.89423076923
398383,398481,398578,98,97,1,72000,2.01030927835
398384,398508,398808,124,300,1,72000,1.41333333333
398384,398492,398582,108,90,1,72000,2.2
398384,398497,398587,113,90,1,72000,2.25555555556
398384,398502,398868,118,366,1,72000,1.32240437158
398384,398518,398795,134,277,1,72000,1.48375451264
398384,398513,398832,129,319,1,72000,1.40438871473
398385,398556,398971,171,415,1,72000,1.41204819277
398385,398541,398873,156,332,1,72000,1.46987951807
398385,398536,399041,151,505,1,72000,1.29900990099
398385,398524,398750,139,226,1,72000,1.61504424779
398385,398546,399079,161,533,1,72000,1.30206378987
398385,398531,399077,146,546,1,72000,1.2673992674
398385,398551,399076,166,525,1,72000,1.31619047619
398386,398588,398985,202,397,1,72000,1.50881612091
398386,398577,399135,191,558,1,72000,1.34229390681
398386,398567,399061,181,494,1,72000,1.36639676113
398386,398572,399125,186,553,1,72000,1.33634719711
398386,398562,399004,176,442,1,72000,1.39819004525
398386,398582,399119,196,537,1,72000,1.36499068901
398387,398620,399161,233,541,1,72000,1.43068391867
398387,398614,399213,227,599,1,72000,1.37896494157
398387,398598,398988,211,390,1,72000,1.54102564103
398387,398593,398954,206,361,1,72000,1.57063711911
398387,398604,399096,217,492,1,72000,1.44105691057
398387,398609,399084,222,475,1,72000,1.46736842105
398388,398625,399040,237,415,1,72000,1.57108433735
398388,398630,399210,242,580,1,72000,1.41724137931
398388,398641,399226,253,585,1,72000,1.43247863248
398388,398646,399128,258,482,1,72000,1.53526970954
398388,398651,399085,263,434,1,72000,1.60599078341
398388,398635,398969,247,334,1,72000,1.73952095808
398389,398685,399140,296,455,1,72000,1.65054945055
398389,398700,399067,311,367,1,72000,1.84741144414
398389,398674,398908,285,234,1,72000,2.21794871795
398389,398656,399182,267,526,1,72000,1.50760456274
398389,398690,399149,301,459,1,72000,1.65577342048
398389,398679,399300,290,621,1,72000,1.46698872786
398389,398695,399124,306,429,1,72000,1.71328671329
398390,398706,399115,316,409,1,72000,1.77261613692
398543,398664,402920,121,4256,14,43200,1.02843045113
398602,398669,571480,67,172811,8,172800,1.0003877068
399565,399571,421316,6,21745,10,43200,1.0002759255
399846,399857,402957,11,3100,2,36000,1.0035483871
399885,399894,403049,9,3155,2,36000,1.0028526149
399954,399964,402902,10,2938,2,36000,1.00340367597
399969,399976,403173,7,3197,2,36000,1.00218955271
399983,399990,403328,7,3338,2,36000,1.00209706411
400122,400131,403163,9,3032,2,36000,1.00296833773
400161,400172,403147,11,2975,2,36000,1.00369747899
400176,400185,403154,9,2969,2,36000,1.00303132368
400191,400197,403150,6,2953,2,36000,1.00203183204
400317,400325,403194,8,2869,2,36000,1.00278842802
400374,400383,403336,9,2953,2,36000,1.00304774805
400389,400395,403194,6,2799,2,36000,1.00214362272
400391,400401,403781,10,3380,2,36000,1.00295857988
400392,400406,403457,14,3051,2,36000,1.00458865946
400407,400412,403485,5,3073,2,36000,1.00162707452
400408,400418,403411,10,2993,2,36000,1.0033411293
400435,400444,402969,9,2525,2,36000,1.00356435644
400437,400449,403518,12,3069,2,36000,1.00391006843
400452,400460,403223,8,2763,2,36000,1.00289540355
400482,400492,403586,10,3094,2,36000,1.00323206206
400497,400503,403472,6,2969,2,36000,1.00202088245
400498,400509,403690,11,3181,2,36000,1.00345803207
400513,400519,403506,6,2987,2,36000,1.00200870439
400531,400541,403387,10,2846,2,36000,1.00351370344
400532,400547,403568,15,3021,2,36000,1.0049652433
400553,400562,403450,9,2888,2,36000,1.00311634349
400568,400574,403827,6,3253,2,36000,1.00184445128
400586,400594,403471,8,2877,2,36000,1.00278067431
400587,400600,403528,13,2928,2,36000,1.00443989071
400603,400609,403670,6,3061,2,36000,1.00196014374
400604,400615,403851,11,3236,2,36000,1.00339925834
400619,400625,403700,6,3075,2,36000,1.00195121951
400649,400657,403743,8,3086,2,36000,1.00259235256
400667,400677,403610,10,2933,2,36000,1.00340947835
400702,400712,403573,10,2861,2,36000,1.00349528137
400738,400747,403857,9,3110,2,36000,1.00289389068
400762,400770,403684,8,2914,2,36000,1.00274536719
400837,400847,403739,10,2892,2,36000,1.00345781466
400991,401001,404246,10,3245,2,36000,1.0030816641
401084,401094,403780,10,2686,2,36000,1.00372300819
401547,401556,420901,9,19345,12,43200,1.0004652365
401610,401616,403328,6,1712,70,43200,1.0035046729
402903,402913,405747,10,2834,2,36000,1.00352858151
402924,402930,403306,6,376,1,900,1.01595744681
402960,402968,406086,8,3118,2,36000,1.00256574727
402975,402981,405912,6,2931,2,36000,1.00204708291
403050,403060,406079,10,3019,2,36000,1.00331235508
403149,403158,406354,9,3196,2,36000,1.00281602003
403165,403171,405588,6,2417,2,36000,1.00248241622
403166,403177,406264,11,3087,2,36000,1.00356333009
403167,403182,406114,15,2932,2,36000,1.0051159618
403182,403188,406075,6,2887,2,36000,1.00207828195
403197,403231,406141,34,2910,2,36000,1.0116838488
403198,403236,405991,38,2755,2,36000,1.01379310345
403225,403242,406264,17,3022,2,36000,1.00562541363
403331,403339,406465,8,3126,2,36000,1.00255918106
403346,403352,406328,6,2976,2,36000,1.00201612903
403388,403398,406004,10,2606,2,36000,1.00383729854
403403,403409,404291,6,882,4,36000,1.00680272109
403412,403422,406541,10,3119,2,36000,1.00320615582
403444,403450,409046,6,5596,2,86400,1.00107219442
403452,403461,406567,9,3106,2,36000,1.00289761751
403467,403473,406367,6,2894,2,36000,1.00207325501
403481,403487,406489,6,3002,2,36000,1.00199866755
403483,403493,406321,10,2828,2,36000,1.00353606789
403486,403498,403714,12,216,4,36000,1.05555555556
403497,403504,406304,7,2800,2,36000,1.0025
403512,403518,406272,6,2754,2,36000,1.00217864924
403527,403533,406829,6,3296,2,36000,1.00182038835
403541,403548,406511,7,2963,2,36000,1.00236247047
403568,403579,406242,11,2663,2,36000,1.00413067968
403583,403589,406350,6,2761,2,36000,1.00217312568
403598,403604,406885,6,3281,2,36000,1.00182871076
403613,403621,406539,8,2918,2,36000,1.00274160384
403673,403681,406577,8,2896,2,36000,1.00276243094
403688,403694,406774,6,3080,2,36000,1.00194805195
403703,403709,406380,6,2671,2,36000,1.00224634968
403704,403715,406870,11,3155,2,36000,1.00348652932
403740,403751,406902,11,3151,2,36000,1.00349095525
403755,403763,406685,8,2922,2,36000,1.00273785079
403782,403791,406867,9,3076,2,36000,1.00292587776
403783,403797,406841,14,3044,2,36000,1.00459921156
403828,403838,407084,10,3246,2,36000,1.00308071473
403852,403863,407040,11,3177,2,36000,1.0034623859
403867,403873,406971,6,3098,2,36000,1.00193673338
404249,404258,407089,9,2831,2,36000,1.00317908866
404770,404776,438956,6,34180,2,43200,1.00017554125
404780,404786,405091,6,305,2,43200,1.01967213115
404815,404821,405106,6,285,2,43200,1.02105263158
404975,404981,405288,6,307,2,43200,1.01954397394
405173,405179,419727,6,14548,2,43200,1.00041242783
405589,405599,408256,10,2657,2,36000,1.00376364321
405652,405659,408246,7,2587,2,28800,1.00270583688
405748,405759,408791,11,3032,2,36000,1.00362796834
405878,405884,434420,6,28536,2,43200,1.00021026072
405913,405924,408749,11,2825,2,36000,1.00389380531
405994,406002,409005,8,3003,2,36000,1.00266400266
406010,406015,408962,5,2947,2,36000,1.00169664065
406076,406086,408832,10,2746,2,36000,1.0036416606
406091,406097,408915,6,2818,2,36000,1.00212916962
406092,406103,409200,11,3097,2,36000,1.00355182435
406116,406126,409294,10,3168,2,36000,1.00315656566
406143,406152,409150,9,2998,2,36000,1.00300200133
406245,406254,409579,9,3325,2,36000,1.00270676692
406266,406279,409058,13,2779,2,36000,1.00467794171
406268,406284,409353,16,3069,2,36000,1.00521342457
406273,406290,406304,17,14,1,18000,2.21428571429
406282,406296,409279,14,2983,2,36000,1.00469326182
406306,406315,409223,9,2908,2,36000,1.00309491059
406324,406333,409329,9,2996,2,36000,1.00300400534
406339,406345,409167,6,2822,2,36000,1.00212615167
406354,406361,409558,7,3197,2,36000,1.00218955271
406355,406367,409540,12,3173,2,36000,1.00378190986
406370,406378,409305,8,2927,2,36000,1.0027331739
406385,406391,409354,6,2963,2,36000,1.00202497469
406467,406477,409610,10,3133,2,36000,1.00319182892
406491,406500,409643,9,3143,2,36000,1.0028635062
406512,406522,409657,10,3135,2,36000,1.00318979266
406542,406549,409507,7,2958,2,36000,1.00236646383
406544,406555,409409,11,2854,2,36000,1.00385423966
406567,406578,409487,11,2909,2,36000,1.00378136817
406582,406588,409876,6,3288,2,36000,1.00182481752
406690,406696,409609,6,2913,2,36000,1.00205973223
406777,406785,409722,8,2937,2,36000,1.00272386789
406831,406840,409699,9,2859,2,36000,1.00314795383
406846,406852,409727,6,2875,2,36000,1.00208695652
406867,406878,409640,11,2762,2,36000,1.00398262129
406882,406888,409944,6,3056,2,36000,1.00196335079
406897,406903,410081,6,3178,2,36000,1.00188797986
406912,406918,410137,6,3219,2,36000,1.0018639329
406972,406982,410072,10,3090,2,36000,1.00323624595
407041,407051,410094,10,3043,2,36000,1.00328623069
407087,407096,409997,9,2901,2,36000,1.00310237849
407101,407108,409947,7,2839,2,36000,1.00246565692
407198,407204,411182,6,3978,2,28800,1.00150829563
407739,407745,429490,6,21745,14,43200,1.0002759255
407974,407980,412505,6,4525,2,28800,1.00132596685
408258,408268,411328,10,3060,2,36000,1.00326797386
408752,408760,411409,8,2649,2,36000,1.00302000755
408794,408803,411574,9,2771,2,36000,1.00324792494
408833,408843,411678,10,2835,2,36000,1.00352733686
408917,408926,411889,9,2963,2,36000,1.00303746203
408965,408973,411819,8,2846,2,36000,1.00281096275
409007,409016,411804,9,2788,2,36000,1.00322812052
409061,409069,411887,8,2818,2,36000,1.00283889283
409128,409134,409139,6,5,4,3600,1.1
409151,409161,411974,10,2813,2,36000,1.00355492357
409169,409178,412142,9,2964,2,36000,1.00303643725
409201,409211,412004,10,2793,2,36000,1.00358037952
409225,409234,412382,9,3148,2,36000,1.00285895807
409282,409290,412084,8,2794,2,36000,1.00286327845
409297,409304,412089,7,2785,2,36000,1.00251346499
409298,409309,413190,11,3881,2,28800,1.00283432105
409312,409318,412407,6,3089,2,36000,1.00194237617
409329,409340,412355,11,3015,2,36000,1.00364842454
409353,409364,412375,11,3011,2,36000,1.00365327134
409368,409374,412411,6,3037,2,36000,1.00197563385
409406,409412,409423,6,11,1,18000,1.54545454545
409409,409418,409422,9,4,4,3600,1.3
409410,409424,412358,14,2934,2,36000,1.00477164281
409489,409498,412310,9,2812,2,36000,1.00320056899
409507,409518,412427,11,2909,2,36000,1.00378136817
409543,409551,412465,8,2914,2,36000,1.00274536719
409561,409570,412627,9,3057,2,36000,1.00294406281
409579,409590,412705,11,3115,2,36000,1.00353130016
409612,409620,412586,8,2966,2,36000,1.00269723533
409613,409626,412219,13,2593,2,36000,1.00501349788
409640,409651,412190,11,2539,2,36000,1.00433241434
409655,409661,412576,6,2915,2,36000,1.00205831904
409670,409676,412596,6,2920,2,36000,1.00205479452
409700,409710,412719,10,3009,2,36000,1.00332336324
409724,409733,412518,9,2785,2,36000,1.00323159785
409739,409745,412849,6,3104,2,36000,1.00193298969
409792,409798,409802,6,4,4,3600,1.0
409877,409887,412853,10,2966,2,36000,1.00337154417
409947,409955,412977,8,3022,2,36000,1.00264725347
409951,409961,440741,10,30780,14,43200,1.00032488629
409962,409969,412873,7,2904,2,36000,1.00241046832
409998,410009,412694,11,2685,2,36000,1.00409683426
410074,410083,413019,9,2936,2,36000,1.0030653951
410089,410095,413120,6,3025,2,36000,1.00198347107
410103,410109,413302,6,3193,2,36000,1.00187911055
410135,410141,410162,6,21,4,3600,1.28571428571
410139,410148,413151,9,3003,2,36000,1.002997003
411330,411339,414121,9,2782,2,36000,1.00323508267
411411,411420,414129,9,2709,2,36000,1.00332225914
411577,411585,414721,8,3136,2,36000,1.00255102041
411679,411689,414619,10,2930,2,36000,1.00341296928
411805,411815,414931,10,3116,2,36000,1.00320924262
411824,411830,414842,6,3012,2,36000,1.00199203187
411890,411904,414975,14,3071,2,36000,1.00455877564
411891,411898,415007,7,3109,2,36000,1.00225152782
411975,411985,415125,10,3140,2,36000,1.00318471338
412005,412015,415026,10,3011,2,36000,1.00332115576
412086,412096,415107,10,3011,2,36000,1.00332115576
412101,412107,415133,6,3026,2,36000,1.0019828156
412143,412153,415110,10,2957,2,36000,1.00338180588
412194,412202,415186,8,2984,2,36000,1.00268096515
412221,412231,415187,10,2956,2,36000,1.00338294993
412311,412321,415414,10,3093,2,36000,1.00323310702
412356,412367,415073,11,2706,2,36000,1.00406504065
412371,412377,415513,6,3136,2,36000,1.00191326531
412386,412392,415545,6,3153,2,36000,1.00190294957
412387,412398,415600,11,3202,2,36000,1.0034353529
412408,412418,415564,10,3146,2,36000,1.00317863954
412422,412429,415063,7,2634,2,36000,1.00265755505
412437,412444,415658,7,3214,2,36000,1.00217797138
412467,412476,415292,9,2816,2,36000,1.00319602273
412521,412529,415570,8,3041,2,36000,1.00263071358
412578,412588,415672,10,3084,2,36000,1.00324254215
412593,412599,415212,6,2613,2,36000,1.00229621125
412608,412614,415413,6,2799,2,36000,1.00214362272
412629,412638,415519,9,2881,2,36000,1.00312391531
412698,412706,415647,8,2941,2,36000,1.00272016321
412712,412718,415984,6,3266,2,36000,1.00183710961
412727,412733,415754,6,3021,2,36000,1.00198609732
412851,412860,415820,9,2960,2,36000,1.00304054054
412866,412872,415881,6,3009,2,36000,1.00199401795
412880,412887,415875,7,2988,2,36000,1.00234270415
412928,412935,415180,7,2245,2,90000,1.00311804009
412980,412988,415864,8,2876,2,36000,1.00278164117
413022,413030,415893,8,2863,2,36000,1.00279427174
413121,413132,415910,11,2778,2,36000,1.00395968323
413154,413162,415949,8,2787,2,36000,1.00287047004
413304,413313,416101,9,2788,2,36000,1.00322812052
414123,414133,417141,10,3008,2,36000,1.00332446809
414138,414144,417223,6,3079,2,36000,1.00194868464
414622,414630,417293,8,2663,2,36000,1.00300413068
414721,414732,417528,11,2796,2,36000,1.0039341917
414845,414854,417907,9,3053,2,36000,1.00294792008
414932,414942,418097,10,3155,2,36000,1.00316957211
414977,414986,417998,9,3012,2,36000,1.00298804781
415010,415018,417935,8,2917,2,36000,1.00274254371
415028,415037,418102,9,3065,2,36000,1.00293637847
415064,415074,418213,10,3139,2,36000,1.00318572794
415078,415084,417936,6,2852,2,36000,1.00210378682
415108,415118,418096,10,2978,2,36000,1.00335795836
415123,415129,418148,6,3019,2,36000,1.00198741305
415138,415144,418063,6,2919,2,36000,1.00205549846
415139,415150,418213,11,3063,2,36000,1.00359125041
415187,415197,418318,10,3121,2,36000,1.00320410125
415202,415208,418029,6,2821,2,36000,1.00212690535
415217,415223,418163,6,2940,2,36000,1.00204081633
415295,415303,418303,8,3000,2,36000,1.00266666667
415415,415424,418462,9,3038,2,36000,1.00296247531
415417,415430,418233,13,2803,2,36000,1.00463788798
415513,415524,418752,11,3228,2,36000,1.00340768278
415528,415534,418265,6,2731,2,36000,1.00219699744
415548,415556,418470,8,2914,2,36000,1.00274536719
415566,415575,418845,9,3270,2,36000,1.00275229358
415581,415587,418454,6,2867,2,36000,1.00209277991
415602,415611,418497,9,2886,2,36000,1.00311850312
415650,415658,418261,8,2603,2,36000,1.00307337687
415664,415671,418632,7,2961,2,36000,1.00236406619
415679,415685,418791,6,3106,2,36000,1.00193174501
415754,415765,418484,11,2719,2,36000,1.004045605
415824,415832,418947,8,3115,2,36000,1.0025682183
415866,415876,418660,10,2784,2,36000,1.00359195402
415881,415887,418927,6,3040,2,36000,1.00197368421
415896,415902,418871,6,2969,2,36000,1.00202088245
415897,415908,418738,11,2830,2,36000,1.0038869258
415912,415922,418922,10,3000,2,36000,1.00333333333
415951,415961,419218,10,3257,2,36000,1.0030703101
415987,415996,418989,9,2993,2,36000,1.00300701637
416101,416112,418582,11,2470,2,36000,1.0044534413
417144,417152,420108,8,2956,2,36000,1.00270635995
417225,417234,420413,9,3179,2,36000,1.00283107896
417294,417304,420223,10,2919,2,36000,1.00342583076
417531,417540,420527,9,2987,2,36000,1.00301305658
417908,417918,420864,10,2946,2,36000,1.00339443313
417938,417946,420968,8,3022,2,36000,1.00264725347
417939,417952,420954,13,3002,2,36000,1.00433044637
417999,418009,420775,10,2766,2,36000,1.00361532899
418032,418040,421117,8,3077,2,36000,1.002599935
418065,418074,421431,9,3357,2,36000,1.00268096515
418098,418107,421029,9,2922,2,36000,1.00308008214
418099,418113,421140,14,3027,2,36000,1.0046250413
418114,418120,421096,6,2976,2,36000,1.00201612903
418150,418159,420988,9,2829,2,36000,1.00318133616
418165,418175,421493,10,3318,2,36000,1.00301386377
418216,418241,421240,25,2999,2,36000,1.00833611204
418217,418246,421375,29,3129,2,36000,1.00926813678
418235,418252,421270,17,3018,2,36000,1.00563286945
418262,418272,421459,10,3187,2,36000,1.0031377471
418277,418283,421296,6,3013,2,36000,1.00199137073
418306,418314,421000,8,2686,2,36000,1.00297840655
418321,418330,421541,9,3211,2,36000,1.00280286515
418457,418466,421624,9,3158,2,36000,1.002849905
418472,418478,421352,6,2874,2,36000,1.00208768267
418473,418484,421672,11,3188,2,36000,1.00345043915
418488,418495,421265,7,2770,2,36000,1.00252707581
418503,418509,421269,6,2760,2,36000,1.00217391304
418581,418587,418588,6,1,2,3540,1.0
418584,418593,421557,9,2964,2,36000,1.00303643725
418633,418643,421374,10,2731,2,36000,1.00366166239
418662,418671,421527,9,2856,2,36000,1.0031512605
418741,418749,421638,8,2889,2,36000,1.00276912426
418755,418763,421928,8,3165,2,36000,1.00252764613
418791,418802,421766,11,2964,2,36000,1.00371120108
418848,418856,421464,8,2608,2,36000,1.00306748466
418872,418882,421800,10,2918,2,36000,1.0034270048
418924,418933,422071,9,3138,2,36000,1.00286806883
418938,418945,421676,7,2731,2,36000,1.00256316368
418953,418959,421961,6,3002,2,36000,1.00199866755
418992,419000,422030,8,3030,2,36000,1.00264026403
419218,419229,422124,11,2895,2,36000,1.00379965458
420109,420119,422987,10,2868,2,36000,1.00348675035
420224,420234,423100,10,2866,2,36000,1.00348918353
420416,420425,423465,9,3040,2,36000,1.00296052632
420505,420511,463741,6,43230,14,43200,1.00013879251
420530,420538,423410,8,2872,2,36000,1.00278551532
420777,420786,423721,9,2935,2,36000,1.00306643952
420867,420875,423768,8,2893,2,36000,1.00276529554
420954,420965,424093,11,3128,2,36000,1.00351662404
420969,420979,423734,10,2755,2,36000,1.00362976407
420990,420999,424345,9,3346,2,36000,1.00268977884
421005,421011,423859,6,2848,2,36000,1.00210674157
421032,421040,423859,8,2819,2,36000,1.00283788578
421098,421107,424115,9,3008,2,36000,1.00299202128
421119,421129,424070,10,2941,2,36000,1.00340020401
421142,421152,424055,10,2903,2,36000,1.00344471237
421242,421251,424260,9,3009,2,36000,1.00299102692
421266,421276,424287,10,3011,2,36000,1.00332115576
421281,421287,423898,6,2611,2,36000,1.00229797013
421282,421293,424352,11,3059,2,36000,1.00359594639
421297,421307,424270,10,2963,2,36000,1.00337495781
421354,421363,424299,9,2936,2,36000,1.0030653951
421375,421385,424145,10,2760,2,36000,1.00362318841
421389,421396,424397,7,3001,2,36000,1.00233255581
421432,421442,424274,10,2832,2,36000,1.00353107345
421462,421470,424636,8,3166,2,36000,1.00252684776
421476,421482,424512,6,3030,2,36000,1.00198019802
421494,421504,424618,10,3114,2,36000,1.00321130379
421530,421538,424447,8,2909,2,36000,1.00275008594
421545,421552,424434,7,2882,2,36000,1.00242886884
421560,421569,424653,9,3084,2,36000,1.00291828794
421626,421635,425369,9,3734,2,36000,1.00241028388
421640,421649,424576,9,2927,2,36000,1.00307482064
421674,421683,424343,9,2660,2,36000,1.00338345865
421688,421694,424760,6,3066,2,36000,1.00195694716
421767,421778,424710,11,2932,2,36000,1.00375170532
421803,421811,424699,8,2888,2,36000,1.0027700831
421929,421939,424842,10,2903,2,36000,1.00344471237
421962,421972,424695,10,2723,2,36000,1.00367242012
422031,422041,425249,10,3208,2,36000,1.00311720698
422073,422082,425112,9,3030,2,36000,1.00297029703
422127,422135,425180,8,3045,2,36000,1.0026272578
422988,422998,425740,10,2742,2,36000,1.00364697301
423102,423111,426036,9,2925,2,36000,1.00307692308
423412,423421,426330,9,2909,2,36000,1.00309384668
423466,423476,426566,10,3090,2,36000,1.00323624595
423725,423732,426778,7,3046,2,36000,1.00229809586
423739,423745,426637,6,2892,2,36000,1.0020746888
423769,423779,426829,10,3050,2,36000,1.00327868852
423859,423870,427104,11,3234,2,36000,1.00340136054
423861,423875,427325,14,3450,2,36000,1.00405797101
423900,423909,427035,9,3126,2,36000,1.00287907869
424056,424067,426736,11,2669,2,36000,1.00412139378
424071,424081,426936,10,2855,2,36000,1.00350262697
424095,424105,427336,10,3231,2,36000,1.00309501702
424115,424126,427114,11,2988,2,36000,1.00368139224
424146,424156,427144,10,2988,2,36000,1.00334672021
424263,424271,426804,8,2533,2,36000,1.0031583103
424278,424284,427117,6,2833,2,36000,1.00211789622
424279,424290,427177,11,2887,2,36000,1.00381018358
424294,424300,427466,6,3166,2,36000,1.00189513582
424309,424315,427398,6,3083,2,36000,1.00194615634
424342,424354,427364,12,3010,2,36000,1.00398671096
424357,424362,427445,5,3083,2,36000,1.00162179695
424358,424368,427299,10,2931,2,36000,1.00341180484
424400,424409,427370,9,2961,2,36000,1.00303951368
424436,424445,427317,9,2872,2,36000,1.00313370474
424451,424458,427258,7,2800,2,36000,1.0025
424514,424524,427596,10,3072,2,36000,1.00325520833
424577,424587,427470,10,2883,2,36000,1.00346860909
424619,424629,427620,10,2991,2,36000,1.00334336342
424637,424647,427526,10,2879,2,36000,1.00347342827
424654,424664,427768,10,3104,2,36000,1.00322164948
424697,424706,427641,9,2935,2,36000,1.00306643952
424712,424718,427650,6,2932,2,36000,1.00204638472
424713,424724,427760,11,3036,2,36000,1.00362318841
424761,424771,427609,10,2838,2,36000,1.00352360817
424845,424853,428292,8,3439,2,36000,1.00232625763
425113,425123,427930,10,2807,2,36000,1.00356252227
425182,425191,428216,9,3025,2,36000,1.00297520661
425251,425260,428187,9,2927,2,36000,1.00307482064
425371,425380,428167,9,2787,2,36000,1.00322927879
425742,425751,428684,9,2933,2,36000,1.00306853051
426037,426047,428900,10,2853,2,36000,1.00350508237
426332,426341,429333,9,2992,2,36000,1.00300802139
426567,426577,429771,10,3194,2,36000,1.00313087038
426639,426648,429783,9,3135,2,36000,1.0028708134
426695,426701,426707,6,6,16,60,1.2
426738,426747,429780,9,3033,2,36000,1.00296735905
426780,426789,429605,9,2816,2,36000,1.00319602273
426804,426815,429741,11,2926,2,36000,1.0037593985
426831,426840,429809,9,2969,2,36000,1.00303132368
426939,426947,429783,8,2836,2,36000,1.00282087447
427035,427046,429677,11,2631,2,36000,1.0041809198
427044,427052,427055,8,3,16,60,1.1
427105,427115,430067,10,2952,2,36000,1.00338753388
427120,427126,429891,6,2765,2,36000,1.00216998192
427121,427132,430120,11,2988,2,36000,1.00368139224
427145,427155,429967,10,2812,2,36000,1.00355618777
427178,427188,430268,10,3080,2,36000,1.00324675325
427259,427269,430269,10,3000,2,36000,1.00333333333
427301,427310,430209,9,2899,2,36000,1.0031045188
427319,427328,430306,9,2978,2,36000,1.00302216253
427334,427340,430420,6,3080,2,36000,1.00194805195
427348,427354,430047,6,2693,2,36000,1.00222799851
427366,427375,430355,9,2980,2,36000,1.00302013423
427381,427387,430363,6,2976,2,36000,1.00201612903
427388,427394,427396,6,2,16,60,1.0
427402,427410,430834,8,3424,2,36000,1.0023364486
427447,427457,430473,10,3016,2,36000,1.00331564987
427468,427477,430522,9,3045,2,36000,1.00295566502
427483,427489,430427,6,2938,2,36000,1.00204220558
427527,427538,430821,11,3283,2,36000,1.00335059397
427596,427607,430864,11,3257,2,36000,1.00337734111
427612,427620,430472,8,2852,2,36000,1.00280504909
427627,427633,430592,6,2959,2,36000,1.00202771206
427642,427652,430558,10,2906,2,36000,1.00344115623
427657,427663,430731,6,3068,2,36000,1.00195567145
427762,427771,430813,9,3042,2,36000,1.00295857988
427777,427783,430698,6,2915,2,36000,1.00205831904
427931,427941,430880,10,2939,2,36000,1.00340251786
428169,428179,431217,10,3038,2,36000,1.00329163924
428190,428198,431107,8,2909,2,36000,1.00275008594
428217,428227,431254,10,3027,2,36000,1.00330360093
428295,428304,430832,9,2528,2,36000,1.00356012658
428688,428695,431821,7,3126,2,36000,1.00223928343
428901,428911,431865,10,2954,2,36000,1.00338524035
429335,429345,432434,10,3089,2,36000,1.00323729362
429560,429566,429567,6,1,2,3540,1.0
429609,429617,432613,8,2996,2,36000,1.00267022697
429678,429689,432655,11,2966,2,36000,1.00370869858
429744,429752,432584,8,2832,2,36000,1.00282485876
429774,429782,432825,8,3043,2,36000,1.00262898455
429790,429796,432780,6,2984,2,36000,1.00201072386
429791,429802,432689,11,2887,2,36000,1.00381018358
429792,429807,432622,15,2815,2,36000,1.0053285968
429810,429820,432643,10,2823,2,36000,1.00354233085
429892,429902,433036,10,3134,2,36000,1.00319081047
429970,429978,433127,8,3149,2,36000,1.00254048904
430048,430058,433223,10,3165,2,36000,1.00315955766
430069,430078,433134,9,3056,2,36000,1.00294502618
430123,430131,432646,8,2515,2,36000,1.00318091451
430210,430221,433139,11,2918,2,36000,1.00376970528
430271,430279,433111,8,2832,2,36000,1.00282485876
430272,430285,432643,13,2358,2,36000,1.00551314673
430308,430317,433456,9,3139,2,36000,1.00286715514
430357,430366,433437,9,3071,2,36000,1.00293064148
430371,430377,433175,6,2798,2,36000,1.00214438885
430422,430431,433301,9,2870,2,36000,1.0031358885
430437,430443,433055,6,2612,2,36000,1.00229709035
430473,430483,433359,10,2876,2,36000,1.00347705146
430474,430489,433970,15,3481,2,36000,1.00430910658
430526,430533,433678,7,3145,2,36000,1.00222575517
430559,430569,433633,10,3064,2,36000,1.00326370757
430595,430603,433400,8,2797,2,36000,1.00286020737
430700,430709,433600,9,2891,2,36000,1.00311310965
430733,430742,433699,9,2957,2,36000,1.0030436253
430815,430824,433555,9,2731,2,36000,1.00329549616
430830,430836,433671,6,2835,2,36000,1.00211640212
430845,430851,433711,6,2860,2,36000,1.0020979021
430846,430857,433859,11,3002,2,36000,1.00366422385
430867,430875,433424,8,2549,2,36000,1.00313848568
430882,430891,434036,9,3145,2,36000,1.00286168521
431109,431118,434151,9,3033,2,36000,1.00296735905
431217,431228,434292,11,3064,2,36000,1.00359007833
431257,431265,434195,8,2930,2,36000,1.00273037543
431521,431527,431535,6,8,17,10800,1.4
431821,431832,434762,11,2930,2,36000,1.00375426621
431867,431876,434741,9,2865,2,36000,1.00314136126
432436,432445,435367,9,2922,2,36000,1.00308008214
432586,432595,435523,9,2928,2,36000,1.00307377049
432613,432624,435453,11,2829,2,36000,1.00388829975
432628,432634,435341,6,2707,2,36000,1.0022164758
432646,432655,435625,9,2970,2,36000,1.00303030303
432648,432660,435760,12,3100,2,36000,1.00387096774
432649,432665,435516,16,2851,2,36000,1.00561206594
432664,432671,435638,7,2967,2,36000,1.00235928547
432691,432700,468728,9,36028,2,36000,1.00024980571
432773,432779,433559,6,780,17,10800,1.00769230769
432781,432792,435376,11,2584,2,36000,1.00425696594
432826,432836,435753,10,2917,2,36000,1.00342817964
433040,433048,435886,8,2838,2,36000,1.00281888654
433058,433066,436258,8,3192,2,36000,1.00250626566
433112,433123,436261,11,3138,2,36000,1.00350541746
433130,433138,436138,8,3000,2,36000,1.00266666667
433145,433150,436026,5,2876,2,36000,1.00173852573
433146,433156,436034,10,2878,2,36000,1.00347463516
433176,433186,436217,10,3031,2,36000,1.00329924117
433227,433235,436386,8,3151,2,36000,1.00253887655
433302,433312,436076,10,2764,2,36000,1.00361794501
433362,433371,436272,9,2901,2,36000,1.00310237849
433401,433411,436506,10,3095,2,36000,1.00323101777
433425,433436,436372,11,2936,2,36000,1.00374659401
433440,433448,436356,8,2908,2,36000,1.00275103164
433457,433467,436697,10,3230,2,36000,1.00309597523
433557,433567,436243,10,2676,2,36000,1.00373692078
433601,433611,436553,10,2942,2,36000,1.00339904827
433634,433644,436220,10,2576,2,36000,1.00388198758
433673,433682,436692,9,3010,2,36000,1.00299003322
433688,433694,436595,6,2901,2,36000,1.00206825233
433703,433711,436826,8,3115,2,36000,1.0025682183
433718,433724,436779,6,3055,2,36000,1.00196399345
433863,433871,436781,8,2910,2,36000,1.00274914089
433971,433981,437139,10,3158,2,36000,1.00316656111
434037,434047,437106,10,3059,2,36000,1.00326904217
434154,434162,437321,8,3159,2,36000,1.00253244698
434197,434206,437180,9,2974,2,36000,1.0030262273
434293,434304,437553,11,3249,2,36000,1.00338565713
434533,434539,434544,6,5,17,10800,1.1
434742,434752,437911,10,3159,2,36000,1.00316555872
434766,434774,437659,8,2885,2,36000,1.0027729636
435344,435352,438192,8,2840,2,36000,1.00281690141
435370,435378,438311,8,2933,2,36000,1.00272758268
435385,435391,438167,6,2776,2,36000,1.00216138329
435454,435464,438480,10,3016,2,36000,1.00331564987
435517,435528,438639,11,3111,2,36000,1.00353584057
435532,435538,438689,6,3151,2,36000,1.00190415741
435628,435636,438710,8,3074,2,36000,1.00260247235
435643,435648,438440,5,2792,2,36000,1.00179083095
435754,435764,438652,10,2888,2,36000,1.00346260388
435769,435775,438764,6,2989,2,36000,1.00200736032
435886,435897,438889,11,2992,2,36000,1.00367647059
436028,436038,438899,10,2861,2,36000,1.00349528137
436042,436048,438937,6,2889,2,36000,1.0020768432
436078,436088,439048,10,2960,2,36000,1.00337837838
436138,436149,439033,11,2884,2,36000,1.00381414702
436220,436228,439125,8,2897,2,36000,1.00276147739
436234,436240,439298,6,3058,2,36000,1.00196206671
436249,436255,439126,6,2871,2,36000,1.00208986416
436264,436270,439331,6,3061,2,36000,1.00196014374
436265,436276,439346,11,3070,2,36000,1.00358306189
436280,436286,439131,6,2845,2,36000,1.00210896309
436358,436367,439248,9,2881,2,36000,1.00312391531
436373,436383,439417,10,3034,2,36000,1.00329597891
436388,436397,439417,9,3020,2,36000,1.00298013245
436508,436518,439329,10,2811,2,36000,1.00355745286
436556,436565,439717,9,3152,2,36000,1.00285532995
436595,436606,440029,11,3423,2,36000,1.00321355536
436695,436703,439780,8,3077,2,36000,1.002599935
436709,436715,439533,6,2818,2,36000,1.00212916962
436782,436791,439540,9,2749,2,36000,1.00327391779
436783,436797,439792,14,2995,2,36000,1.00467445743
436828,436837,439989,9,3152,2,36000,1.00285532995
437108,437117,440122,9,3005,2,36000,1.00299500832
437141,437151,439879,10,2728,2,36000,1.00366568915
437183,437192,440325,9,3133,2,36000,1.00287264603
437325,437333,440201,8,2868,2,36000,1.00278940028
437556,437564,440665,8,3101,2,36000,1.00257981296
437662,437670,440832,8,3162,2,36000,1.00253004428
437911,437922,440844,11,2922,2,36000,1.00376454483
438170,438179,441319,9,3140,2,36000,1.00286624204
438194,438203,441103,9,2900,2,36000,1.00310344828
438312,438322,441063,10,2741,2,36000,1.00364830354
438441,438451,441512,10,3061,2,36000,1.00326690624
438483,438491,441302,8,2811,2,36000,1.00284596229
438639,438650,441609,11,2959,2,36000,1.00371747212
438654,438663,441534,9,2871,2,36000,1.00313479624
438690,438700,441687,10,2987,2,36000,1.00334784064
438711,438721,441464,10,2743,2,36000,1.00364564346
438765,438775,441727,10,2952,2,36000,1.00338753388
438892,438900,441718,8,2818,2,36000,1.00283889283
438906,438913,441865,7,2952,2,36000,1.00237127371
438940,438948,442189,8,3241,2,36000,1.00246837396
439036,439044,441926,8,2882,2,36000,1.0027758501
439051,439059,442384,8,3325,2,36000,1.00240601504
439126,439142,441895,16,2753,2,36000,1.00581184163
439127,439136,442045,9,2909,2,36000,1.00309384668
439142,439148,442117,6,2969,2,36000,1.00202088245
439251,439260,442003,9,2743,2,36000,1.00328107911
439299,439309,442557,10,3248,2,36000,1.00307881773
439332,439341,442405,9,3064,2,36000,1.00293733681
439333,439347,442253,14,2906,2,36000,1.00481761872
439348,439357,442336,9,2979,2,36000,1.00302114804
439420,439488,442228,68,2740,2,36000,1.02481751825
439421,439493,442248,72,2755,2,36000,1.02613430127
439536,439544,442792,8,3248,2,36000,1.00246305419
439551,439557,442708,6,3151,2,36000,1.00190415741
439719,439728,442680,9,2952,2,36000,1.00304878049
439782,439791,442788,9,2997,2,36000,1.003003003
439797,439802,442777,5,2975,2,36000,1.00168067227
439881,439890,442891,9,3001,2,36000,1.00299900033
439992,440001,442711,9,2710,2,36000,1.00332103321
440031,440040,443223,9,3183,2,36000,1.00282752121
440125,440134,442902,9,2768,2,36000,1.00325144509
440203,440212,443153,9,2941,2,36000,1.00306018361
440326,440336,443249,10,2913,2,36000,1.00343288706
440666,440676,443340,10,2664,2,36000,1.00375375375
440835,440843,443621,8,2778,2,36000,1.00287976962
440850,440856,443219,6,2363,2,36000,1.00253914515
441066,441074,444161,8,3087,2,36000,1.0025915128
441106,441114,444014,8,2900,2,36000,1.00275862069
441304,441314,444320,10,3006,2,36000,1.00332667997
441322,441331,444236,9,2905,2,36000,1.00309810671
441467,441476,444360,9,2884,2,36000,1.00312066574
441515,441523,444329,8,2806,2,36000,1.0028510335
441536,441545,444434,9,2889,2,36000,1.0031152648
441611,441620,444658,9,3038,2,36000,1.00296247531
441689,441699,444770,10,3071,2,36000,1.00325626832
441719,441730,444428,11,2698,2,36000,1.00407709414
441734,441741,444684,7,2943,2,36000,1.00237852531
441867,441876,444764,9,2888,2,36000,1.00311634349
441897,441906,444600,9,2694,2,36000,1.00334075724
441927,441938,444878,11,2940,2,36000,1.0037414966
442005,442014,444527,9,2513,2,36000,1.00358137684
442047,442057,445390,10,3333,2,36000,1.00300030003
442120,442128,444992,8,2864,2,36000,1.00279329609
442192,442200,445190,8,2990,2,36000,1.00267558528
442231,442239,445405,8,3166,2,36000,1.00252684776
442252,442260,445186,8,2926,2,36000,1.002734108
442266,442272,445109,6,2837,2,36000,1.00211491012
442338,442348,445204,10,2856,2,36000,1.00350140056
442386,442395,445339,9,2944,2,36000,1.00305706522
442407,442416,445231,9,2815,2,36000,1.00319715808
442545,442551,528970,6,86419,8,86400,1.00006942918
442558,442568,445426,10,2858,2,36000,1.00349895031
442582,442588,445297,6,2709,17,10800,1.00221483942
442681,442691,445591,10,2900,2,36000,1.00344827586
442712,442720,445771,8,3051,2,36000,1.00262209112
442713,442726,445911,13,3185,2,36000,1.00408163265
442779,442788,445980,9,3192,2,36000,1.00281954887
442790,442797,529237,7,86440,8,86400,1.00008098103
442794,442803,445879,9,3076,2,36000,1.00292587776
442796,442808,445902,12,3094,2,36000,1.00387847447
442892,442902,445930,10,3028,2,36000,1.00330250991
442907,442913,445703,6,2790,2,36000,1.00215053763
443154,443165,445946,11,2781,2,36000,1.00395541172
443220,443230,446213,10,2983,2,36000,1.00335232987
443235,443241,446344,6,3103,2,36000,1.00193361263
443250,443260,446196,10,2936,2,36000,1.00340599455
443287,443294,443305,7,11,8,86400,1.63636363636
443340,443351,445809,11,2458,2,36000,1.00447518308
443450,443457,444576,7,1119,8,86400,1.00625558534
443623,443632,446865,9,3233,2,36000,1.00278379214
443749,444582,444596,833,14,8,86400,60.5
443758,444605,444612,847,7,8,86400,85.4
443762,444618,444625,856,7,8,86400,86.3
443767,444631,444637,864,6,8,86400,87.0
443774,444643,444650,869,7,8,86400,87.6
443781,444656,444664,875,8,8,86400,88.3
443785,444675,444686,890,11,8,86400,81.9090909091
443790,444693,444700,903,7,8,86400,91.0
443794,444706,444714,912,8,8,86400,92.0
443797,444720,444728,923,8,8,86400,93.1
444015,444025,447050,10,3025,2,36000,1.00330578512
444163,444173,447286,10,3113,2,36000,1.00321233537
444238,444247,447078,9,2831,2,36000,1.00317908866
444322,444331,446806,9,2475,2,36000,1.00363636364
444337,444343,447312,6,2969,2,36000,1.00202088245
444361,444371,447335,10,2964,2,36000,1.00337381916
444430,444439,447378,9,2939,2,36000,1.00306226608
444444,444451,447614,7,3163,2,36000,1.00221308884
444529,444539,447647,10,3108,2,36000,1.00321750322
444598,444611,447311,13,2700,2,36000,1.00481481481
444661,444669,447847,8,3178,2,36000,1.00251730648
444685,444699,447947,14,3248,2,36000,1.00431034483
444766,444775,447639,9,2864,2,36000,1.0031424581
444781,444787,447791,6,3004,2,36000,1.00199733688
444880,444889,448014,9,3125,2,36000,1.00288
444992,445003,448281,11,3278,2,36000,1.0033557047
445112,445120,448257,8,3137,2,36000,1.0025502072
445187,445197,448384,10,3187,2,36000,1.0031377471
445202,445208,448065,6,2857,2,36000,1.00210010501
445217,445223,448504,6,3281,2,36000,1.00182871076
445232,445242,448381,10,3139,2,36000,1.00318572794
445340,445350,448360,10,3010,2,36000,1.00332225914
445391,445401,448231,10,2830,2,36000,1.0035335689
445406,445417,448162,11,2745,2,36000,1.00400728597
445427,445437,448388,10,2951,2,36000,1.0033886818
445506,445512,445763,6,251,17,10800,1.02390438247
445593,445602,448579,9,2977,2,36000,1.0030231777
445704,445716,448914,12,3198,2,36000,1.00375234522
445773,445782,448482,9,2700,2,36000,1.00333333333
445812,445820,448726,8,2906,2,36000,1.00275292498
445881,445890,448877,9,2987,2,36000,1.00301305658
445902,445913,449075,11,3162,2,36000,1.00347881088
445917,445923,448710,6,2787,2,36000,1.00215285253
445932,445941,449170,9,3229,2,36000,1.00278724063
445947,445957,448876,10,2919,2,36000,1.00342583076
445983,445991,449295,8,3304,2,36000,1.00242130751
446197,446207,448960,10,2753,2,36000,1.00363240102
446215,446224,449032,9,2808,2,36000,1.00320512821
446347,446355,449418,8,3063,2,36000,1.00261181848
446808,446817,449902,9,3085,2,36000,1.00291734198
446868,446877,449755,9,2878,2,36000,1.00312717165
446934,446941,446951,7,10,17,10800,1.7
447052,447062,449840,10,2778,2,36000,1.00359971202
447079,447089,449825,10,2736,2,36000,1.00365497076
447125,447131,451100,6,3969,17,10800,1.0015117158
447287,447297,449961,10,2664,2,36000,1.00375375375
447314,447322,450067,8,2745,2,36000,1.0029143898
447315,447328,450359,13,3031,2,36000,1.00428901353
447337,447346,450565,9,3219,2,36000,1.00279589935
447378,447389,450414,11,3025,2,36000,1.00363636364
447617,447626,450794,9,3168,2,36000,1.00284090909
447641,447650,450678,9,3028,2,36000,1.00297225892
447656,447662,450810,6,3148,2,36000,1.00190597205
447791,447802,450848,11,3046,2,36000,1.0036112935
447848,447858,450704,10,2846,2,36000,1.00351370344
447950,447958,450964,8,3006,2,36000,1.00266134398
448017,448026,450977,9,2951,2,36000,1.00304981362
448068,448076,450783,8,2707,2,36000,1.00295530107
448164,448173,451047,9,2874,2,36000,1.00313152401
448234,448242,451052,8,2810,2,36000,1.00284697509
448258,448268,451113,10,2845,2,36000,1.00351493849
448282,448292,451262,10,2970,2,36000,1.00336700337
448287,448298,455596,11,7298,2,7200,1.00150726226
448361,448371,451269,10,2898,2,36000,1.00345065562
448382,448392,451194,10,2802,2,36000,1.00356887937
448397,448403,451490,6,3087,2,36000,1.0019436346
448398,448409,451143,11,2734,2,36000,1.00402340892
448479,448493,451387,14,2894,2,36000,1.00483759502
448506,448515,451272,9,2757,2,36000,1.00326441785
448581,448590,451466,9,2876,2,36000,1.00312934631
448638,448644,448759,6,115,1,1800,1.05217391304
448711,448721,451597,10,2876,2,36000,1.00347705146
448729,448737,451505,8,2768,2,36000,1.00289017341
448880,448888,451950,8,3062,2,36000,1.00261267146
448881,448893,451975,12,3082,2,36000,1.0038935756
448917,448925,451823,8,2898,2,36000,1.0027605245
448962,448971,451456,9,2485,2,36000,1.00362173038
449035,449043,451970,8,2927,2,36000,1.0027331739
449071,449077,449181,6,104,1,1800,1.05769230769
449076,449086,452084,10,2998,2,36000,1.00333555704
449170,449181,452056,11,2875,2,36000,1.00382608696
449296,449306,452222,10,2916,2,36000,1.00342935528
449420,449429,452456,9,3027,2,36000,1.00297324083
449758,449766,452727,8,2961,2,36000,1.00270178994
449827,449836,452628,9,2792,2,36000,1.0032234957
449834,449842,450401,8,559,1,1800,1.01431127013
449842,449852,452532,10,2680,2,36000,1.00373134328
449905,449913,452312,8,2399,2,36000,1.0033347228
449962,449973,452849,11,2876,2,36000,1.00382475661
450068,450078,452891,10,2813,2,36000,1.00355492357
450360,450370,453413,10,3043,2,36000,1.00328623069
450417,450426,453303,9,2877,2,36000,1.0031282586
450568,450577,453770,9,3193,2,36000,1.00281866583
450675,450681,450684,6,3,8,60,1.0
450679,450689,453523,10,2834,2,36000,1.00352858151
450706,450716,453441,10,2725,2,36000,1.00366972477
450784,450794,453552,10,2758,2,36000,1.00362581581
450799,450805,453871,6,3066,2,36000,1.00195694716
450814,450821,453811,7,2990,2,36000,1.00234113712
450850,450860,453649,10,2789,2,36000,1.00358551452
450864,450870,450872,6,2,8,60,1.0
450965,450975,454126,10,3151,2,36000,1.00317359568
450980,450989,453827,9,2838,2,36000,1.00317124736
451049,451059,453953,10,2894,2,36000,1.00345542502
451064,451070,454383,6,3313,2,36000,1.00181104739
451115,451125,454146,10,3021,2,36000,1.0033101622
451145,451154,454172,9,3018,2,36000,1.00298210736
451197,451205,454057,8,2852,2,36000,1.00280504909
451208,451214,451215,6,1,8,60,1.0
451263,451273,454260,10,2987,2,36000,1.00334784064
451278,451284,454125,6,2841,2,36000,1.00211193242
451279,451290,454228,11,2938,2,36000,1.00374404357
451388,451398,454426,10,3028,2,36000,1.00330250991
451457,451467,454386,10,2919,2,36000,1.00342583076
451472,451478,454446,6,2968,2,36000,1.00202156334
451493,451501,454070,8,2569,2,36000,1.00311405216
451508,451516,454900,8,3384,2,36000,1.00236406619
451599,451608,454868,9,3260,2,36000,1.0027607362
451678,451684,451685,6,1,8,60,1.0
451825,451834,454816,9,2982,2,36000,1.00301810865
451911,451917,451959,6,42,1,1800,1.14285714286
451951,451961,454844,10,2883,2,36000,1.00346860909
451972,451982,455162,10,3180,2,36000,1.00314465409
451987,451993,454933,6,2940,2,36000,1.00204081633
452024,452030,452105,6,75,8,60,1.08
452059,452068,455090,9,3022,2,36000,1.00297816016
452086,452095,455070,9,2975,2,36000,1.00302521008
452173,452179,452233,6,54,1,1800,1.11111111111
452225,452233,455091,8,2858,2,36000,1.00279916025
452245,452251,452334,6,83,1,1800,1.07228915663
452253,452259,452333,6,74,8,60,1.08108108108
452316,452324,455244,8,2920,2,36000,1.00273972603
452458,452467,455452,9,2985,2,36000,1.00301507538
452533,452543,455629,10,3086,2,36000,1.0032404407
452563,452569,452658,6,89,1,1800,1.06741573034
452620,452627,453233,7,606,8,600,1.01155115512
452629,452639,455595,10,2956,2,36000,1.00338294993
452730,452738,455962,8,3224,2,36000,1.00248138958
452850,452865,455968,15,3103,2,36000,1.00483403158
452853,452859,453103,6,244,1,1800,1.02459016393
452892,452903,455942,11,3039,2,36000,1.00361961171
453307,453314,456261,7,2947,2,36000,1.00237529691
453416,453424,456478,8,3054,2,36000,1.00261951539
453442,453452,456409,10,2957,2,36000,1.00338180588
453524,453534,456168,10,2634,2,36000,1.00379650721
453554,453563,456626,9,3063,2,36000,1.00293829579
453602,453608,453897,6,289,1,1800,1.02076124567
453650,453661,456400,11,2739,2,36000,1.00401606426
453659,453667,454268,8,601,8,600,1.01331114809
453771,453781,456574,10,2793,2,36000,1.00358037952
453813,453822,456833,9,3011,2,36000,1.00298904019
453828,453838,456940,10,3102,2,36000,1.00322372663
453873,453883,456884,10,3001,2,36000,1.00333222259
453954,453964,456487,10,2523,2,36000,1.00396353547
454059,454068,457134,9,3066,2,36000,1.00293542074
454074,454082,457135,8,3053,2,36000,1.0026203734
454128,454136,456844,8,2708,2,36000,1.00295420975
454130,454142,456970,12,2828,2,36000,1.00424328147
454147,454157,456925,10,2768,2,36000,1.00361271676
454174,454183,457231,9,3048,2,36000,1.00295275591
454231,454239,457417,8,3178,2,36000,1.00251730648
454261,454271,457320,10,3049,2,36000,1.00327976386
454385,454394,457040,9,2646,2,36000,1.00340136054
454400,454406,457297,6,2891,2,36000,1.00207540643
454427,454437,457233,10,2796,2,36000,1.00357653791
454448,454458,457364,10,2906,2,36000,1.00344115623
454468,454474,454503,6,29,1,1800,1.20689655172
454810,454816,454876,6,60,1,1800,1.1
454819,454827,457706,8,2879,2,36000,1.00277874262
454846,454855,457511,9,2656,2,36000,1.00338855422
454870,454880,458038,10,3158,2,36000,1.00316656111
454903,454911,457952,8,3041,2,36000,1.00263071358
454927,454944,457995,17,3051,2,36000,1.00557194363
455071,455081,457953,10,2872,2,36000,1.00348189415
455093,455101,458037,8,2936,2,36000,1.00272479564
455094,455107,458010,13,2903,2,36000,1.00447812608
455163,455173,458425,10,3252,2,36000,1.00307503075
455244,455255,457979,11,2724,2,36000,1.00403817915
455456,455464,458196,8,2732,2,36000,1.00292825769
455494,455501,457330,7,1829,17,1800,1.00382722799
455597,455606,458499,9,2893,2,36000,1.00311095748
455625,455631,455768,6,137,1,1800,1.04379562044
455630,455641,458739,11,3098,2,36000,1.00355067786
455944,455953,459044,9,3091,2,36000,1.00291167907
455964,455973,458737,9,2764,2,36000,1.00325615051
455979,455985,458593,6,2608,2,36000,1.0023006135
456169,456179,459380,10,3201,2,36000,1.00312402374
456262,456272,459302,10,3030,2,36000,1.00330033003
456403,456412,458955,9,2543,2,36000,1.00353912702
456418,456424,459450,6,3026,2,36000,1.0019828156
456478,456489,459477,11,2988,2,36000,1.00368139224
456493,456499,459390,6,2891,2,36000,1.00207540643
456578,456585,459437,7,2852,2,36000,1.00245441795
456629,456637,459753,8,3116,2,36000,1.00256739409
456834,456844,459697,10,2853,2,36000,1.00350508237
456849,456855,459750,6,2895,2,36000,1.00207253886
456888,456895,459823,7,2928,2,36000,1.00239071038
456927,456937,460024,10,3087,2,36000,1.00323939099
456942,456951,459750,9,2799,2,36000,1.00321543408
456972,456981,459936,9,2955,2,36000,1.00304568528
457041,457051,459619,10,2568,2,36000,1.003894081
457136,457146,460238,10,3092,2,36000,1.00323415265
457137,457151,460182,14,3031,2,36000,1.00461893764
457234,457241,460555,7,3314,2,36000,1.00211225106
457236,457247,460048,11,2801,2,36000,1.00392716887
457296,457308,460381,12,3073,2,36000,1.00390497885
457323,457331,460295,8,2964,2,36000,1.00269905533
457365,457375,460518,10,3143,2,36000,1.00318167356
457419,457428,460507,9,3079,2,36000,1.00292302696
457512,457522,460332,10,2810,2,36000,1.00355871886
457709,457717,460874,8,3157,2,36000,1.00253405131
457954,457963,460954,9,2991,2,36000,1.00300902708
457968,457975,460681,7,2706,2,36000,1.00258684405
457984,457990,461155,6,3165,2,36000,1.0018957346
457994,458000,458016,6,16,17,1800,1.375
457998,458006,461040,8,3034,2,36000,1.00263678312
458013,458022,461092,9,3070,2,36000,1.00293159609
458040,458048,461072,8,3024,2,36000,1.00264550265
458042,458054,461253,12,3199,2,36000,1.00375117224
458196,458207,461260,11,3053,2,36000,1.00360301343
458428,458436,461427,8,2991,2,36000,1.00267469074
458500,458510,461512,10,3002,2,36000,1.00333111259
458593,458604,461681,11,3077,2,36000,1.00357491063
458738,458748,461688,10,2940,2,36000,1.00340136054
458753,458759,461850,6,3091,2,36000,1.00194111938
458958,458966,462167,8,3201,2,36000,1.00249921899
459046,459055,462104,9,3049,2,36000,1.00295178747
459151,459158,459168,7,10,17,1800,1.7
459302,459313,462383,11,3070,2,36000,1.00358306189
459383,459391,462460,8,3069,2,36000,1.00260671228
459398,459404,462503,6,3099,2,36000,1.00193610842
459440,459448,462600,8,3152,2,36000,1.00253807107
459455,459460,462372,5,2912,2,36000,1.00171703297
459479,459488,462611,9,3123,2,36000,1.00288184438
459620,459630,462640,10,3010,2,36000,1.00332225914
459626,459636,459642,10,6,17,1800,1.6
459699,459709,462724,10,3015,2,36000,1.00331674959
459753,459762,462949,9,3187,2,36000,1.00282397239
459755,459767,462767,12,3000,2,36000,1.004
459756,459773,463054,17,3281,2,36000,1.00518134715
459825,459835,463182,10,3347,2,36000,1.00298775022
459940,459948,463267,8,3319,2,36000,1.00241036457
459959,459965,467278,6,7313,2,7200,1.00082045672
460027,460035,463432,8,3397,2,36000,1.00235501913
460051,460059,463234,8,3175,2,36000,1.00251968504
460184,460194,463394,10,3200,2,36000,1.003125
460241,460250,463293,9,3043,2,36000,1.00295760762
460296,460306,463334,10,3028,2,36000,1.00330250991
460335,460343,463461,8,3118,2,36000,1.00256574727
460383,460392,463604,9,3212,2,36000,1.00280199253
460510,460518,463561,8,3043,2,36000,1.00262898455
460524,460531,463610,7,3079,2,36000,1.00227346541
460558,460566,463698,8,3132,2,36000,1.00255427842
460684,460692,463877,8,3185,2,36000,1.00251177394
460874,460885,464117,11,3232,2,36000,1.00340346535
460939,460945,461721,6,776,2,43200,1.00773195876
460940,460957,461752,17,795,2,43200,1.0213836478
460940,460951,461756,11,805,2,43200,1.01366459627
460941,460967,461802,26,835,2,43200,1.03113772455
460941,460962,461811,21,849,2,43200,1.02473498233
460941,460972,462282,31,1310,2,43200,1.02366412214
460942,460978,461821,36,843,2,43200,1.04270462633
460955,460984,463683,29,2699,2,36000,1.01074472027
461043,461051,464261,8,3210,2,36000,1.00249221184
461076,461084,464279,8,3195,2,36000,1.00250391236
461094,461103,464055,9,2952,2,36000,1.00304878049
461157,461167,464397,10,3230,2,36000,1.00309597523
461254,461264,464473,10,3209,2,36000,1.00311623559
461269,461275,464403,6,3128,2,36000,1.00191815857
461429,461438,464653,9,3215,2,36000,1.00279937792
461513,461523,464586,10,3063,2,36000,1.0032647731
461685,461693,464589,8,2896,2,36000,1.00276243094
461699,461706,464671,7,2965,2,36000,1.0023608769
461850,461861,464967,11,3106,2,36000,1.00354153252
462107,462116,465114,9,2998,2,36000,1.00300200133
462170,462178,465172,8,2994,2,36000,1.00267201069
462375,462384,465500,9,3116,2,36000,1.00288831836
462390,462396,465555,6,3159,2,36000,1.00189933523
462462,462472,465608,10,3136,2,36000,1.00318877551
462504,462515,465334,11,2819,2,36000,1.00390209294
462511,462536,531811,25,69275,8,86400,1.00036088055
462512,462542,531816,30,69274,8,86400,1.00043306291
462513,462547,531818,34,69271,8,86400,1.00049082589
462514,462552,531819,38,69267,8,86400,1.00054860179
462601,462611,465745,10,3134,2,36000,1.00319081047
462616,462622,465656,6,3034,2,36000,1.00197758734
462642,462652,465598,10,2946,2,36000,1.00339443313
462727,462736,465938,9,3202,2,36000,1.00281074329
462770,462778,465968,8,3190,2,36000,1.00250783699
462951,462961,466034,10,3073,2,36000,1.00325414904
463056,463065,466249,9,3184,2,36000,1.00282663317
463183,463193,466526,10,3333,2,36000,1.00300030003
463234,463245,466096,11,2851,2,36000,1.00385829533
463268,463278,466552,10,3274,2,36000,1.00305436775
463295,463304,466761,9,3457,2,36000,1.00260341336
463337,463346,466477,9,3131,2,36000,1.002874481
463394,463405,466642,11,3237,2,36000,1.00339820822
463434,463443,466422,9,2979,2,36000,1.00302114804
463464,463472,466409,8,2937,2,36000,1.00272386789
463563,463572,466608,9,3036,2,36000,1.00296442688
463605,463615,466674,10,3059,2,36000,1.00326904217
463620,463626,466442,6,2816,2,36000,1.00213068182
463683,463694,466903,11,3209,2,36000,1.00342785915
463701,463710,466736,9,3026,2,36000,1.0029742234
463880,463888,466794,8,2906,2,36000,1.00275292498
464059,464066,467079,7,3013,2,36000,1.00232326585
464121,464129,467030,8,2901,2,36000,1.00275766977
464262,464273,467412,11,3139,2,36000,1.00350430073
464280,464291,467186,11,2895,2,36000,1.00379965458
464398,464408,467525,10,3117,2,36000,1.00320821303
464413,464419,467476,6,3057,2,36000,1.00196270854
464476,464484,467441,8,2957,2,36000,1.00270544471
464588,464597,467301,9,2704,2,36000,1.00332840237
464603,464609,467503,6,2894,2,36000,1.00207325501
464654,464664,467752,10,3088,2,36000,1.00323834197
464672,464682,467681,10,2999,2,36000,1.00333444481
464969,464978,468329,9,3351,2,36000,1.00268576544
465116,465126,468205,10,3079,2,36000,1.00324780773
465173,465183,468334,10,3151,2,36000,1.00317359568
465337,465345,468365,8,3020,2,36000,1.00264900662
465501,465511,468806,10,3295,2,36000,1.00303490137
465508,465517,465613,9,96,1,900,1.09375
465558,465566,468569,8,3003,2,36000,1.00266400266
465600,465610,468651,10,3041,2,36000,1.00328839198
465615,465621,468841,6,3220,2,36000,1.00186335404
465656,465667,468548,11,2881,2,36000,1.00381811871
465738,465744,465832,6,88,1,900,1.06818181818
465747,465757,468870,10,3113,2,36000,1.00321233537
465922,465928,466306,6,378,1,900,1.01587301587
465940,465950,469000,10,3050,2,36000,1.00327868852
465970,465980,468732,10,2752,2,36000,1.00363372093
466022,466029,466064,7,35,1,216000,1.2
466029,466036,466064,7,28,1,216000,1.25
466036,466045,469332,9,3287,2,36000,1.00273805902
466039,466050,466064,11,14,1,216000,1.78571428571
466084,466090,642141,6,176051,1,216000,1.00003408103
466098,466105,642141,7,176036,1,216000,1.00003976459
466100,466111,468749,11,2638,2,36000,1.00416982563
466115,466121,642141,6,176020,1,216000,1.00003408704
466130,466136,642141,6,176005,1,216000,1.00003408994
466155,466161,642141,6,175980,1,216000,1.00003409478
466251,466260,469166,9,2906,2,36000,1.00309704061
466410,466420,469351,10,2931,2,36000,1.00341180484
466425,466433,469722,8,3289,2,36000,1.00243235026
466443,466453,469503,10,3050,2,36000,1.00327868852
466479,466488,469623,9,3135,2,36000,1.0028708134
466527,466538,469885,11,3347,2,36000,1.00328652525
466554,466564,469746,10,3182,2,36000,1.00314267756
466612,466620,469617,8,2997,2,36000,1.002669336
466645,466653,469743,8,3090,2,36000,1.00258899676
466676,466686,469883,10,3197,2,36000,1.00312793244
466739,466747,469867,8,3120,2,36000,1.00256410256
466763,466772,469576,9,2804,2,36000,1.00320970043
466796,466806,469733,10,2927,2,36000,1.00341646737
466904,466914,470092,10,3178,2,36000,1.0031466331
467031,467041,470109,10,3068,2,36000,1.00325945241
467076,467082,467250,6,168,2,90000,1.03571428571
467082,467090,470102,8,3012,2,36000,1.0026560425
467163,467170,467205,7,35,2,300,1.2
467188,467197,470322,9,3125,2,36000,1.00288
467302,467312,470093,10,2781,2,36000,1.00359582884
467388,840476,848046,373088,7570,1,360000,50.2850726552
467414,467423,470349,9,2926,2,36000,1.0030758715
467444,467452,470458,8,3006,2,36000,1.00266134398
467477,467487,470907,10,3420,2,36000,1.00292397661
467504,467514,470567,10,3053,2,36000,1.00327546675
467521,467527,467562,6,35,2,300,1.17142857143
467525,467536,470630,11,3094,2,36000,1.00355526826
467618,467624,468295,6,671,2,90000,1.00894187779
467682,467692,470860,10,3168,2,36000,1.00315656566
467755,467764,470732,9,2968,2,36000,1.00303234501
468209,468217,471336,8,3119,2,36000,1.00256492466
468334,468340,471343,6,3003,2,36000,1.001998002
468335,468346,471524,11,3178,2,36000,1.00346129641
468367,468376,471577,9,3201,2,36000,1.00281162137
468549,468560,471671,11,3111,2,36000,1.00353584057
468570,468580,471547,10,2967,2,36000,1.00337040782
468652,468662,471941,10,3279,2,36000,1.00304971028
468676,468682,469028,6,346,2,90000,1.01734104046
468733,468739,471931,6,3192,2,36000,1.00187969925
468751,468758,471696,7,2938,2,36000,1.00238257318
468809,468815,472119,6,3304,2,36000,1.00181598063
468842,468848,471959,6,3111,2,36000,1.00192864031
468872,468878,472017,6,3139,2,36000,1.00191143676
468963,468969,469414,6,445,2,90000,1.01348314607
469002,469008,472182,6,3174,2,36000,1.00189035917
469167,469173,472379,6,3206,2,36000,1.00187149095
469334,469340,472116,6,2776,2,36000,1.00216138329
469353,469359,472338,6,2979,2,36000,1.00201409869
469506,469512,472820,6,3308,2,36000,1.00181378476
469578,469584,472829,6,3245,2,36000,1.00184899846
469620,469626,472867,6,3241,2,36000,1.00185128047
469635,469641,472693,6,3052,2,36000,1.00196592398
469722,469729,472790,7,3061,2,36000,1.00228683437
469737,469744,473108,7,3364,2,36000,1.00208085612
469753,469759,472833,6,3074,2,36000,1.00195185426
469754,469765,472495,11,2730,2,36000,1.00402930403
469833,469839,469872,6,33,1,300,1.18181818182
469870,469876,473011,6,3135,2,36000,1.0019138756
469885,469896,471819,11,1923,2,90000,1.00572022881
469885,469891,472749,6,2858,2,36000,1.00209937019
469899,469906,472904,7,2998,2,36000,1.00233488993
470093,470099,473085,6,2986,2,36000,1.00200937709
470094,470105,473085,11,2980,2,36000,1.00369127517
470109,470116,473372,7,3256,2,36000,1.00214987715
470111,470121,473376,10,3255,2,36000,1.00307219662
470323,470329,473488,6,3159,2,36000,1.00189933523
470350,470356,473493,6,3137,2,36000,1.0019126554
470462,470468,473666,6,3198,2,36000,1.00187617261
470568,470574,473740,6,3166,2,36000,1.00189513582
470631,470637,473533,6,2896,2,36000,1.0020718232
470692,470698,471473,6,775,1,1200,1.00774193548
470736,470742,473886,6,3144,2,36000,1.00190839695
470760,470766,516370,6,45604,4,72000,1.00013156741
470811,470817,475661,6,4844,1,4800,1.00123864575
470861,470868,473925,7,3057,2,36000,1.00228982663
470912,470918,473829,6,2911,2,36000,1.00206114737
471338,471344,474613,6,3269,2,36000,1.00183542368
471353,471359,474222,6,2863,2,36000,1.00209570381
471525,471532,474845,7,3313,2,36000,1.00211288862
471549,471556,474613,7,3057,2,36000,1.00228982663
471580,471586,474658,6,3072,2,36000,1.001953125
471644,471650,501832,6,30182,14,43200,1.00019879398
471673,471679,474445,6,2766,2,36000,1.0021691974
471697,471704,474778,7,3074,2,36000,1.00227716331
471933,471939,474754,6,2815,2,36000,1.00213143872
471948,471954,474993,6,3039,2,36000,1.00197433366
471963,471969,475021,6,3052,2,36000,1.00196592398
471965,471975,493197,10,21222,10,43200,1.00047120912
472017,472023,475360,6,3337,2,36000,1.00179802218
472119,472125,475156,6,3031,2,36000,1.0019795447
472136,472142,475183,6,3041,2,36000,1.00197303519
472186,472192,475263,6,3071,2,36000,1.00195376099
472343,472349,475407,6,3058,2,36000,1.00196206671
472383,472389,475525,6,3136,2,36000,1.00191326531
472496,472502,475784,6,3282,2,36000,1.00182815356
472670,472676,489306,6,16630,12,43200,1.00036079375
472693,472700,475885,7,3185,2,36000,1.0021978022
472751,472757,475787,6,3030,2,36000,1.00198019802
472793,472799,475968,6,3169,2,36000,1.00189334175
472823,472830,475894,7,3064,2,36000,1.0022845953
472838,472844,475853,6,3009,2,36000,1.00199401795
472840,472850,475894,10,3044,2,36000,1.00328515112
472861,472868,517728,7,44860,4,72000,1.00015604102
472870,472876,476158,6,3282,2,36000,1.00182815356
472905,472911,499369,6,26458,16,43200,1.00022677451
472906,472917,476196,11,3279,2,36000,1.00335468131
472946,472952,505760,6,32808,4,72000,1.00018288222
473012,473018,476164,6,3146,2,36000,1.00190718373
473089,473095,476360,6,3265,2,36000,1.00183767228
473090,473101,476470,11,3369,2,36000,1.00326506382
473111,473117,476426,6,3309,2,36000,1.00181323663
473143,473149,495309,6,22160,14,43200,1.00027075812
473377,473383,476625,6,3242,2,36000,1.00185070944
473378,473389,476581,11,3192,2,36000,1.00344611529
473492,473498,476658,6,3160,2,36000,1.00189873418
473507,473513,476428,6,2915,2,36000,1.00205831904
473536,473542,476467,6,2925,2,36000,1.00205128205
473567,473573,474002,6,429,2,43200,1.01398601399
473667,473673,476623,6,2950,2,36000,1.00203389831
473741,473747,477024,6,3277,2,36000,1.00183094294
473832,473838,476934,6,3096,2,36000,1.0019379845
473892,473898,477068,6,3170,2,36000,1.00189274448
473926,473932,477017,6,3085,2,36000,1.00194489465
473981,473987,494535,6,20548,2,43200,1.00029199922
474140,474146,474574,6,428,2,43200,1.01401869159
474223,474229,477257,6,3028,2,36000,1.00198150594
474334,474341,476313,7,1972,2,28800,1.00354969574
474447,474453,477813,6,3360,2,36000,1.00178571429
474617,474623,477862,6,3239,2,36000,1.00185242359
474619,474629,477812,10,3183,2,36000,1.00314169023
474664,474669,477698,5,3029,2,36000,1.00165070981
474758,474765,478014,7,3249,2,36000,1.00215450908
474780,474786,477694,6,2908,2,36000,1.00206327373
474806,474813,476789,7,1976,2,28800,1.00354251012
474849,474856,477921,7,3065,2,36000,1.00228384992
474996,475002,477993,6,2991,2,36000,1.00200601805
475023,475029,478058,6,3029,2,36000,1.00198085177
475159,475165,478245,6,3080,2,36000,1.00194805195
475186,475192,477963,6,2771,2,36000,1.00216528329
475265,475271,478470,6,3199,2,36000,1.00187558612
475308,475314,490760,6,15446,14,43200,1.00038845008
475361,475367,478654,6,3287,2,36000,1.00182537268
475409,475416,478245,7,2829,2,36000,1.00247437257
475528,475534,478758,6,3224,2,36000,1.00186104218
475789,475794,478935,5,3141,2,36000,1.00159184973
475790,475800,478783,10,2983,2,36000,1.00335232987
475854,475860,478523,6,2663,2,36000,1.00225309801
475887,475893,479060,6,3167,2,36000,1.00189453742
475905,475911,478857,6,2946,2,36000,1.00203665988
475906,475917,479182,11,3265,2,36000,1.00336906585
475974,475980,478890,6,2910,2,36000,1.00206185567
476162,476167,479259,5,3092,2,36000,1.00161707633
476177,476183,479532,6,3349,2,36000,1.00179157958
476198,476204,479431,6,3227,2,36000,1.00185931205
476329,476335,476412,6,77,1,72000,1.07792207792
476333,476341,476520,8,179,1,72000,1.04469273743
476346,476352,476519,6,167,1,72000,1.03592814371
476362,476368,479411,6,3043,2,36000,1.00197173842
476427,476433,476434,6,1,1,72000,1.0
476428,476439,479645,11,3206,2,36000,1.00343106675
476430,476444,479550,14,3106,2,36000,1.00450740502
476469,476475,479612,6,3137,2,36000,1.0019126554
476484,476490,479638,6,3148,2,36000,1.00190597205
476500,476506,476524,6,18,1,72000,1.33333333333
476584,476590,479628,6,3038,2,36000,1.00197498354
476626,476632,479793,6,3161,2,36000,1.0018981335
476627,476638,479836,11,3198,2,36000,1.00343964978
476661,476667,479714,6,3047,2,36000,1.00196914998
476937,476943,480173,6,3230,2,36000,1.00185758514
477018,477024,480129,6,3105,2,36000,1.00193236715
477033,477040,480053,7,3013,2,36000,1.00232326585
477070,477076,480311,6,3235,2,36000,1.00185471406
477260,477266,480636,6,3370,2,36000,1.00178041543
477560,477566,477570,6,4,1,2400,1.0
477697,477702,480907,5,3205,2,36000,1.0015600624
477712,477718,480811,6,3093,2,36000,1.00193986421
477815,477821,480894,6,3073,2,36000,1.00195248942
477816,477827,481114,11,3287,2,36000,1.00334651658
477864,477870,481080,6,3210,2,36000,1.00186915888
477924,477931,481256,7,3325,2,36000,1.00210526316
477963,477970,481034,7,3064,2,36000,1.0022845953
477993,478000,481085,7,3085,2,36000,1.00226904376
478014,478021,481272,7,3251,2,36000,1.00215318364
478060,478066,481147,6,3081,2,36000,1.00194741967
478246,478252,481425,6,3173,2,36000,1.00189095493
478247,478258,481600,11,3342,2,36000,1.00329144225
478263,478269,478277,6,8,1,72000,1.4
478473,478479,481527,6,3048,2,36000,1.00196850394
478526,478532,481079,6,2547,2,36000,1.0023557126
478655,478661,481863,6,3202,2,36000,1.00187382886
478761,478767,481910,6,3143,2,36000,1.00190900414
478785,478791,481893,6,3102,2,36000,1.00193423598
478857,478864,481919,7,3055,2,36000,1.0022913257
478857,478869,479351,12,482,1,900,1.02489626556
478891,478897,482041,6,3144,2,36000,1.00190839695
478936,478942,482110,6,3168,2,36000,1.00189393939
479063,479069,482223,6,3154,2,36000,1.00190234623
479183,479189,482069,6,2880,2,36000,1.00208333333
479261,479268,482693,7,3425,2,36000,1.00204379562
479412,479418,482645,6,3227,2,36000,1.00185931205
479433,479439,482503,6,3064,2,36000,1.00195822454
479532,479539,482482,7,2943,2,36000,1.00237852531
479550,479557,482568,7,3011,2,36000,1.00232480903
479616,479622,482673,6,3051,2,36000,1.00196656834
479633,479639,482745,6,3106,2,36000,1.00193174501
479638,479645,479671,7,26,1,2400,1.26923076923
479648,479654,482782,6,3128,2,36000,1.00191815857
479649,479660,482857,11,3197,2,36000,1.00344072568
479686,479692,479715,6,23,1,2400,1.26086956522
479689,479698,479726,9,28,1,2400,1.32142857143
479692,479703,479732,11,29,1,2400,1.37931034483
479698,479709,479738,11,29,1,2400,1.37931034483
479716,479722,482707,6,2985,2,36000,1.00201005025
479795,479801,482858,6,3057,2,36000,1.00196270854
479838,479845,482935,7,3090,2,36000,1.00226537217
480056,480062,483085,6,3023,2,36000,1.00198478333
480132,480138,483386,6,3248,2,36000,1.00184729064
480174,480180,483029,6,2849,2,36000,1.00210600211
480313,480319,483421,6,3102,2,36000,1.00193423598
480636,480643,483675,7,3032,2,36000,1.00230870712
480813,480819,484072,6,3253,2,36000,1.00184445128
480899,480905,483674,6,2769,2,36000,1.00216684724
480914,480920,483965,6,3045,2,36000,1.00197044335
481040,481046,484113,6,3067,2,36000,1.0019563091
481082,481088,484173,6,3085,2,36000,1.00194489465
481083,481094,484273,11,3179,2,36000,1.00346020761
481101,481107,484105,6,2998,2,36000,1.00200133422
481117,481123,484324,6,3201,2,36000,1.00187441425
481152,481158,484481,6,3323,2,36000,1.00180559735
481260,481266,484338,6,3072,2,36000,1.001953125
481275,481281,484310,6,3029,2,36000,1.00198085177
481426,481432,484549,6,3117,2,36000,1.00192492782
481514,481520,502828,6,21308,3,36000,1.00028158438
481529,481535,484798,6,3263,2,36000,1.00183879865
481549,481555,483082,6,1527,3,180000,1.00392927308
481601,481607,484791,6,3184,2,36000,1.00188442211
481866,481873,484953,7,3080,2,36000,1.00227272727
481894,481900,484968,6,3068,2,36000,1.00195567145
481911,481918,485003,7,3085,2,36000,1.00226904376
481926,481933,485392,7,3459,2,36000,1.00202370627
482044,482050,484937,6,2887,2,36000,1.00207828195
482071,482077,485214,6,3137,2,36000,1.0019126554
482113,482120,485139,7,3019,2,36000,1.00231864856
482227,482234,485303,7,3069,2,36000,1.00228087325
482485,482491,485734,6,3243,2,36000,1.00185013876
482505,482512,485275,7,2763,2,36000,1.0025334781
482569,482575,485594,6,3019,2,36000,1.00198741305
482647,482653,485667,6,3014,2,36000,1.00199071002
482674,482680,485955,6,3275,2,36000,1.00183206107
482695,482701,485988,6,3287,2,36000,1.00182537268
482710,482716,485992,6,3276,2,36000,1.00183150183
482746,482752,485623,6,2871,2,36000,1.00208986416
482782,482789,486011,7,3222,2,36000,1.00217256363
482858,482864,485949,6,3085,2,36000,1.00194489465
482859,482870,485911,11,3041,2,36000,1.00361723117
482938,482944,486024,6,3080,2,36000,1.00194805195
483032,483038,486069,6,3031,2,36000,1.0019795447
483086,483092,486297,6,3205,2,36000,1.00187207488
483387,483393,486217,6,2824,2,36000,1.00212464589
483422,483428,486632,6,3204,2,36000,1.00187265918
483554,483560,490907,6,7347,4,72000,1.00081665986
483677,483683,486859,6,3176,2,36000,1.00188916877
483678,483689,487008,11,3319,2,36000,1.00331425128
483968,483974,487028,6,3054,2,36000,1.00196463654
484074,484080,487069,6,2989,2,36000,1.00200736032
484107,484113,487316,6,3203,2,36000,1.00187324383
484122,484128,487469,6,3341,2,36000,1.0017958695
484176,484182,487166,6,2984,2,36000,1.00201072386
484276,484282,487561,6,3279,2,36000,1.00182982617
484312,484318,487341,6,3023,2,36000,1.00198478333
484327,484333,487299,6,2966,2,36000,1.0020229265
484342,484348,487637,6,3289,2,36000,1.00182426269
484484,484490,487655,6,3165,2,36000,1.0018957346
484550,484557,487837,7,3280,2,36000,1.00213414634
484680,484687,484724,7,37,2,300,1.18918918919
484795,484801,487650,6,2849,2,36000,1.00210600211
484812,484818,487874,6,3056,2,36000,1.00196335079
484940,484946,488033,6,3087,2,36000,1.0019436346
484955,484961,488291,6,3330,2,36000,1.0018018018
484970,484976,488247,6,3271,2,36000,1.00183430144
485006,485012,488175,6,3163,2,36000,1.00189693329
485142,485148,488125,6,2977,2,36000,1.0020154518
485215,485221,488444,6,3223,2,36000,1.00186161961
485222,490776,490993,5554,217,32,10800,26.5944700461
485279,485285,488113,6,2828,2,36000,1.00212164074
485290,485296,699578,6,214282,8,216000,1.00002800049
485306,485312,488718,6,3406,2,36000,1.00176159718
485393,485400,488248,7,2848,2,36000,1.00245786517
485596,485602,488919,6,3317,2,36000,1.00180886343
485623,485629,488843,6,3214,2,36000,1.00186683261
485668,485675,488754,7,3079,2,36000,1.00227346541
485735,485741,488799,6,3058,2,36000,1.00196206671
485832,485839,514673,7,28834,1,28800,1.00024276895
485915,485921,488952,6,3031,2,36000,1.0019795447
485953,485959,488686,6,2727,2,36000,1.00220022002
485968,485974,488992,6,3018,2,36000,1.00198807157
485991,485997,489221,6,3224,2,36000,1.00186104218
486008,486014,489252,6,3238,2,36000,1.00185299568
486025,486032,489268,7,3236,2,36000,1.0021631644
486026,486038,489314,12,3276,2,36000,1.00366300366
486071,486077,489022,6,2945,2,36000,1.00203735144
486217,486223,489383,6,3160,2,36000,1.00189873418
486298,486305,489499,7,3194,2,36000,1.00219160927
486634,486641,489927,7,3286,2,36000,1.00213024954
486861,486867,490143,6,3276,2,36000,1.00183150183
487009,487015,490249,6,3234,2,36000,1.00185528757
487030,487036,490361,6,3325,2,36000,1.00180451128
487070,487076,490043,6,2967,2,36000,1.00202224469
487168,487174,490339,6,3165,2,36000,1.0018957346
487305,487311,490589,6,3278,2,36000,1.00183038438
487320,487326,490465,6,3139,2,36000,1.00191143676
487344,487350,490379,6,3029,2,36000,1.00198085177
487473,487479,490749,6,3270,2,36000,1.00183486239
487565,487571,490711,6,3140,2,36000,1.00191082803
487641,487647,490574,6,2927,2,36000,1.00204988042
487656,487662,490755,6,3093,2,36000,1.00193986421
487657,487668,490815,11,3147,2,36000,1.00349539244
487838,487844,490996,6,3152,2,36000,1.0019035533
487875,487881,490950,6,3069,2,36000,1.00195503421
488034,488040,491076,6,3036,2,36000,1.00197628458
488116,488122,491337,6,3215,2,36000,1.00186625194
488131,488136,491333,5,3197,2,36000,1.00156396622
488179,488185,491199,6,3014,2,36000,1.00199071002
488248,488254,491384,6,3130,2,36000,1.00191693291
488263,488269,491467,6,3198,2,36000,1.00187617261
488293,488299,491537,6,3238,2,36000,1.00185299568
488447,488453,491460,6,3007,2,36000,1.0019953442
488688,488694,491638,6,2944,2,36000,1.00203804348
488721,488727,491935,6,3208,2,36000,1.00187032419
488757,488763,491843,6,3080,2,36000,1.00194805195
488802,488808,491703,6,2895,2,36000,1.00207253886
488844,488850,491996,6,3146,2,36000,1.00190718373
488920,488926,491808,6,2882,2,36000,1.00208188758
488953,488959,492100,6,3141,2,36000,1.00191021968
488995,489001,492169,6,3168,2,36000,1.00189393939
489007,489013,489060,6,47,4,86400,1.12765957447
489025,489031,492330,6,3299,2,36000,1.00181873295
489061,489068,489079,7,11,16,10800,1.63636363636
489089,489317,508043,228,18726,4,86400,1.01217558475
489224,489230,492374,6,3144,2,36000,1.00190839695
489254,489261,492515,7,3254,2,36000,1.00215119852
489269,489276,492448,7,3172,2,36000,1.00220680958
489318,489324,492586,6,3262,2,36000,1.00183936235
489384,489390,492599,6,3209,2,36000,1.00186974135
489503,489509,492623,6,3114,2,36000,1.00192678227
489928,489934,493176,6,3242,2,36000,1.00185070944
490046,490052,493166,6,3114,2,36000,1.00192678227
490085,490091,515430,6,25339,2,43200,1.00023678914
490091,490918,506994,827,16076,12,43200,1.05144314506
490146,490152,492854,6,2702,2,36000,1.00222057735
490252,490258,493499,6,3241,2,36000,1.00185128047
490340,490346,493212,6,2866,2,36000,1.00209351012
490364,490370,493195,6,2825,2,36000,1.00212389381
490382,490388,493576,6,3188,2,36000,1.00188205772
490466,490472,493455,6,2983,2,36000,1.00201139792
490575,490581,493373,6,2792,2,36000,1.00214899713
490590,490596,493825,6,3229,2,36000,1.00185816042
490657,490663,490670,6,7,16,600,1.3
490709,490715,490723,6,8,16,600,1.4
490714,490721,493812,7,3091,2,36000,1.00226463928
490751,490757,494126,6,3369,2,36000,1.0017809439
490765,490771,493992,6,3221,2,36000,1.00186277554
490819,490825,494052,6,3227,2,36000,1.00185931205
490954,490960,494034,6,3074,2,36000,1.00195185426
490998,491004,494123,6,3119,2,36000,1.00192369349
491046,491052,491072,6,20,16,600,1.3
491080,491086,494351,6,3265,2,36000,1.00183767228
491137,491144,491156,7,12,16,600,1.58333333333
491197,491203,491222,6,19,16,1800,1.31578947368
491202,491209,494388,7,3179,2,36000,1.0022019503
491220,491226,491247,6,21,16,1800,1.28571428571
491246,491252,491271,6,19,16,1800,1.31578947368
491300,491306,491325,6,19,16,1800,1.31578947368
491336,491342,494635,6,3293,2,36000,1.00182204677
491350,491357,494166,7,2809,2,36000,1.00249199003
491386,491393,494586,7,3193,2,36000,1.00219229565
491407,491413,491430,6,17,16,1800,1.35294117647
491462,491468,494760,6,3292,2,36000,1.00182260024
491477,491483,494761,6,3278,2,36000,1.00183038438
491540,491546,494698,6,3152,2,36000,1.0019035533
491640,491646,494951,6,3305,2,36000,1.00181543116
491706,491712,495162,6,3450,2,36000,1.00173913043
491810,491816,495154,6,3338,2,36000,1.00179748352
491837,491843,494919,6,3076,2,36000,1.00195058518
491852,491858,495042,6,3184,2,36000,1.00188442211
491936,491946,494899,10,2953,2,36000,1.00338638673
492000,492008,495212,8,3204,2,36000,1.0024968789
492104,492111,495002,7,2891,2,36000,1.00242130751
492173,492180,495115,7,2935,2,36000,1.00238500852
492332,492341,495257,9,2916,2,36000,1.00308641975
492378,492385,495368,7,2983,2,36000,1.00234663091
492450,492460,495575,10,3115,2,36000,1.00321027287
492517,492526,495601,9,3075,2,36000,1.00292682927
492589,492597,495602,8,3005,2,36000,1.00266222962
492604,492610,495721,6,3111,2,36000,1.00192864031
492625,492634,495666,9,3032,2,36000,1.00296833773
492654,492660,751909,6,259249,4,259200,1.00002314377
492855,492865,496065,10,3200,2,36000,1.003125
492949,492955,504828,6,11873,2,28800,1.00050534827
493290,493296,496267,6,2971,2,36000,1.00201952205
493291,493302,496472,11,3170,2,36000,1.00347003155
493293,493307,496360,14,3053,2,36000,1.00458565346
493294,493312,496657,18,3345,2,36000,1.00538116592
493381,493387,496389,6,3002,2,36000,1.00199866755
493463,493469,496668,6,3199,2,36000,1.00187558612
493508,493514,496758,6,3244,2,36000,1.00184956843
493583,493589,496512,6,2923,2,36000,1.0020526856
493818,493825,496889,7,3064,2,36000,1.0022845953
493834,493840,496789,6,2949,2,36000,1.002034588
493958,508055,525485,14097,17430,10,43200,1.80877796902
494000,494006,496633,6,2627,2,36000,1.00228397411
494042,494048,497300,6,3252,2,36000,1.00184501845
494063,494069,497138,6,3069,2,36000,1.00195503421
494114,507005,522785,12891,15780,14,43200,1.81692015209
494130,494136,497252,6,3116,2,36000,1.00192554557
494132,494142,497274,10,3132,2,36000,1.00319284802
494173,494180,497306,7,3126,2,36000,1.00223928343
494359,494365,497555,6,3190,2,36000,1.00188087774
494397,494403,497662,6,3259,2,36000,1.00184105554
494600,494606,497575,6,2969,2,36000,1.00202088245
494643,494650,497746,7,3096,2,36000,1.00226098191
494713,494719,497923,6,3204,2,36000,1.00187265918
494766,494772,497929,6,3157,2,36000,1.00190053849
494768,494778,497568,10,2790,2,36000,1.00358422939
494909,494915,497618,6,2703,2,36000,1.00221975583
494927,494933,498090,6,3157,2,36000,1.00190053849
494960,494966,498054,6,3088,2,36000,1.00194300518
495008,495014,497947,6,2933,2,36000,1.00204568701
495051,495057,498178,6,3121,2,36000,1.00192246075
495127,495133,498326,6,3193,2,36000,1.00187911055
495160,495166,498347,6,3181,2,36000,1.00188619931
495172,495178,498335,6,3157,2,36000,1.00190053849
495222,495228,498373,6,3145,2,36000,1.00190779014
495268,495274,498331,6,3057,2,36000,1.00196270854
495378,495385,498460,7,3075,2,36000,1.00227642276
495587,495593,498708,6,3115,2,36000,1.00192616372
495609,495615,498764,6,3149,2,36000,1.00190536678
495611,495621,498568,10,2947,2,36000,1.0033932813
495681,495687,498723,6,3036,2,36000,1.00197628458
495729,495736,498792,7,3056,2,36000,1.00229057592
496075,496081,499082,6,3001,2,36000,1.00199933356
496276,496282,499511,6,3229,2,36000,1.00185816042
496370,496376,499221,6,2845,2,36000,1.00210896309
496397,496403,499585,6,3182,2,36000,1.00188560654
496481,496487,499729,6,3242,2,36000,1.00185070944
496519,496525,499844,6,3319,2,36000,1.00180777343
496643,496650,499818,7,3168,2,36000,1.00220959596
496666,496672,499641,6,2969,2,36000,1.00202088245
496678,496684,500036,6,3352,2,36000,1.00178997613
496769,496775,499739,6,2964,2,36000,1.0020242915
496796,496802,499926,6,3124,2,36000,1.0019206146
496897,496903,500106,6,3203,2,36000,1.00187324383
497145,497151,500238,6,3087,2,36000,1.0019436346
497260,497266,500126,6,2860,2,36000,1.0020979021
497282,497288,500255,6,2967,2,36000,1.00202224469
497310,497316,500650,6,3334,2,36000,1.00179964007
497312,497322,500658,10,3336,2,36000,1.00299760192
497566,497572,500650,6,3078,2,36000,1.00194931774
497578,497584,500731,6,3147,2,36000,1.00190657769
497585,497590,500372,5,2782,2,36000,1.00179726815
497628,497634,500877,6,3243,2,36000,1.00185013876
497671,497677,500960,6,3283,2,36000,1.00182759671
497756,497762,501012,6,3250,2,36000,1.00184615385
497933,497939,500947,6,3008,2,36000,1.00199468085
497939,497945,501193,6,3248,2,36000,1.00184729064
497956,497963,500937,7,2974,2,36000,1.00235373235
498065,498071,501274,6,3203,2,36000,1.00187324383
498098,498104,501375,6,3271,2,36000,1.00183430144
498187,498193,501109,6,2916,2,36000,1.00205761317
498332,498338,501583,6,3245,2,36000,1.00184899846
498339,498344,501105,5,2761,2,36000,1.00181093807
498345,498351,501580,6,3229,2,36000,1.00185816042
498357,498363,501491,6,3128,2,36000,1.00191815857
498379,498385,501602,6,3217,2,36000,1.0018650917
498469,498475,501518,6,3043,2,36000,1.00197173842
498578,498585,501503,7,2918,2,36000,1.00239890336
498714,498719,501807,5,3088,2,36000,1.00161917098
498731,498737,501695,6,2958,2,36000,1.00202839757
498774,498780,502033,6,3253,2,36000,1.00184445128
498801,498807,502072,6,3265,2,36000,1.00183767228
499089,499095,502247,6,3152,2,36000,1.0019035533
499229,499236,502548,7,3312,2,36000,1.00211352657
499518,499524,502521,6,2997,2,36000,1.002002002
499596,499602,502842,6,3240,2,36000,1.00185185185
499650,499656,502641,6,2985,2,36000,1.00201005025
499739,499745,502723,6,2978,2,36000,1.00201477502
499745,499751,502962,6,3211,2,36000,1.00186857677
499828,499835,503099,7,3264,2,36000,1.00214460784
499851,499856,502992,5,3136,2,36000,1.00159438776
499936,499942,502905,6,2963,2,36000,1.00202497469
500047,500053,503250,6,3197,2,36000,1.00187675946
500116,500122,502851,6,2729,2,36000,1.00219860755
500133,500139,503335,6,3196,2,36000,1.00187734668
500248,500254,503094,6,2840,2,36000,1.00211267606
500265,500271,503572,6,3301,2,36000,1.00181763102
500379,500385,503358,6,2973,2,36000,1.00201816347
500658,500664,503711,6,3047,2,36000,1.00196914998
500659,500670,503628,11,2958,2,36000,1.00371872887
500666,500676,503650,10,2974,2,36000,1.00336247478
500739,500745,504136,6,3391,2,36000,1.00176938956
500885,500891,503919,6,3028,2,36000,1.00198150594
500943,500949,503967,6,3018,2,36000,1.00198807157
500955,500961,504138,6,3177,2,36000,1.00188857413
500967,500973,504101,6,3128,2,36000,1.00191815857
501020,501027,503950,7,2923,2,36000,1.00239479986
501118,501124,504277,6,3153,2,36000,1.00190294957
501119,501130,504322,11,3192,2,36000,1.00344611529
501203,501209,504145,6,2936,2,36000,1.00204359673
501281,501287,504615,6,3328,2,36000,1.00180288462
501385,501391,504451,6,3060,2,36000,1.00196078431
501500,501506,504751,6,3245,2,36000,1.00184899846
501512,501518,504775,6,3257,2,36000,1.00184218606
501529,501535,504781,6,3246,2,36000,1.00184842884
501587,501593,504731,6,3138,2,36000,1.00191204589
501589,501599,504817,10,3218,2,36000,1.0031075202
501611,501617,504606,6,2989,2,36000,1.00200736032
501710,501716,504898,6,3182,2,36000,1.00188560654
501816,501823,505024,7,3201,2,36000,1.00218681662
502044,502050,505304,6,3254,2,36000,1.00184388445
502081,502088,505369,7,3281,2,36000,1.00213349589
502253,502259,505236,6,2977,2,36000,1.0020154518
502528,502534,505712,6,3178,2,36000,1.00188797986
502555,502561,505700,6,3139,2,36000,1.00191143676
502651,502657,505819,6,3162,2,36000,1.00189753321
502729,502736,505846,7,3110,2,36000,1.00225080386
502849,502855,505818,6,2963,2,36000,1.00202497469
502861,502867,505809,6,2942,2,36000,1.00203942896
502914,502921,506160,7,3239,2,36000,1.00216116085
502968,502974,506202,6,3228,2,36000,1.00185873606
503000,503007,505946,7,2939,2,36000,1.0023817625
503106,503113,506170,7,3057,2,36000,1.00228982663
503108,503119,506288,11,3169,2,36000,1.00347112654
503258,503265,506452,7,3187,2,36000,1.00219642297
503344,503351,506242,7,2891,2,36000,1.00242130751
503367,503373,506509,6,3136,2,36000,1.00191326531
503578,503584,506712,6,3128,2,36000,1.00191815857
503637,503643,506816,6,3173,2,36000,1.00189095493
503659,503665,506830,6,3165,2,36000,1.0018957346
503718,503724,506847,6,3123,2,36000,1.00192122959
503929,503935,506722,6,2787,2,36000,1.00215285253
503957,503963,507137,6,3174,2,36000,1.00189035917
503974,503980,507020,6,3040,2,36000,1.00197368421
504109,504115,507387,6,3272,2,36000,1.00183374083
504147,504153,507282,6,3129,2,36000,1.00191754554
504149,504159,506941,10,2782,2,36000,1.0035945363
504155,504165,506917,10,2752,2,36000,1.00363372093
504285,504291,507351,6,3060,2,36000,1.00196078431
504328,504334,507354,6,3020,2,36000,1.00198675497
504458,504465,507432,7,2967,2,36000,1.00235928547
504614,504620,507770,6,3150,2,36000,1.0019047619
504626,504632,507566,6,2934,2,36000,1.00204498978
504743,504750,507813,7,3063,2,36000,1.00228534117
504761,504767,508061,6,3294,2,36000,1.00182149362
504783,504789,507790,6,3001,2,36000,1.00199933356
504790,504796,507730,6,2934,2,36000,1.00204498978
504822,504828,507898,6,3070,2,36000,1.00195439739
504907,504913,508113,6,3200,2,36000,1.001875
504974,504980,504981,6,1,2,3540,1.0
505032,505038,508289,6,3251,2,36000,1.00184558597
505243,505249,508351,6,3102,2,36000,1.00193423598
505312,505318,508349,6,3031,2,36000,1.0019795447
505380,505386,508600,6,3214,2,36000,1.00186683261
505710,505716,508989,6,3273,2,36000,1.00183318057
505722,505728,509007,6,3279,2,36000,1.00182982617
505816,505822,508901,6,3079,2,36000,1.00194868464
505828,505834,509046,6,3212,2,36000,1.00186799502
505829,505840,508642,11,2802,2,36000,1.00392576731
505851,505857,509122,6,3265,2,36000,1.00183767228
505957,505963,509357,6,3394,2,36000,1.00176782557
506170,506177,509190,7,3013,2,36000,1.00232326585
506178,506183,509248,5,3065,2,36000,1.00163132137
506210,506216,509232,6,3016,2,36000,1.00198938992
506248,506254,509312,6,3058,2,36000,1.00196206671
506296,506302,509588,6,3286,2,36000,1.00182592818
506458,506464,509635,6,3171,2,36000,1.00189214759
506516,506523,509706,7,3183,2,36000,1.00219918316
506721,506727,509697,6,2970,2,36000,1.00202020202
506727,506733,509913,6,3180,2,36000,1.00188679245
506828,506834,509817,6,2983,2,36000,1.00201139792
506840,506846,510002,6,3156,2,36000,1.00190114068
506857,506863,509830,6,2967,2,36000,1.00202224469
506925,506931,510231,6,3300,2,36000,1.00181818182
506947,506954,510071,7,3117,2,36000,1.00224574912
507031,507037,510037,6,3000,2,36000,1.002
507145,507151,510442,6,3291,2,36000,1.00182315406
507290,507296,510544,6,3248,2,36000,1.00184729064
507360,507366,510490,6,3124,2,36000,1.0019206146
507361,507372,510674,11,3302,2,36000,1.00333131435
507394,507400,510402,6,3002,2,36000,1.00199866755
507443,507449,510518,6,3069,2,36000,1.00195503421
507573,507579,510700,6,3121,2,36000,1.00192246075
507739,507745,511004,6,3259,2,36000,1.00184105554
507777,507783,510807,6,3024,2,36000,1.00198412698
507799,507805,510905,6,3100,2,36000,1.00193548387
507822,507828,511111,6,3283,2,36000,1.00182759671
507907,507913,510949,6,3036,2,36000,1.00197628458
508069,508075,510973,6,2898,2,36000,1.00207039337
508122,508129,511248,7,3119,2,36000,1.00224430907
508299,508305,511478,6,3173,2,36000,1.00189095493
508358,508364,511526,6,3162,2,36000,1.00189753321
508359,508370,511501,11,3131,2,36000,1.00351325455
508609,508615,511672,6,3057,2,36000,1.00196270854
508652,508658,511782,6,3124,2,36000,1.0019206146
508911,508917,512170,6,3253,2,36000,1.00184445128
508999,509006,512121,7,3115,2,36000,1.00224719101
509016,509023,512030,7,3007,2,36000,1.00232790156
509054,509060,511902,6,2842,2,36000,1.0021111893
509133,509139,512178,6,3039,2,36000,1.00197433366
509201,509207,512276,6,3069,2,36000,1.00195503421
509238,509245,512498,7,3253,2,36000,1.00215185982
509256,509262,512413,6,3151,2,36000,1.00190415741
509326,509332,512552,6,3220,2,36000,1.00186335404
509364,509370,512383,6,3013,2,36000,1.00199137073
509597,509603,512738,6,3135,2,36000,1.0019138756
509645,509651,512560,6,2909,2,36000,1.00206256446
509704,509710,512964,6,3254,2,36000,1.00184388445
509716,509722,512790,6,3068,2,36000,1.00195567145
509825,509831,513006,6,3175,2,36000,1.00188976378
509837,509843,513247,6,3404,2,36000,1.0017626322
509923,509929,512839,6,2910,2,36000,1.00206185567
510012,510018,512997,6,2979,2,36000,1.00201409869
510045,510051,513080,6,3029,2,36000,1.00198085177
510078,510084,513325,6,3241,2,36000,1.00185128047
510239,510245,513345,6,3100,2,36000,1.00193548387
510411,510417,513089,6,2672,2,36000,1.00224550898
510449,510455,513387,6,2932,2,36000,1.00204638472
510497,510504,513535,7,3031,2,36000,1.00230946882
510525,510531,513697,6,3166,2,36000,1.00189513582
510552,510559,513869,7,3310,2,36000,1.00211480363
510686,510692,513781,6,3089,2,36000,1.00194237617
510708,510714,513729,6,3015,2,36000,1.00199004975
510818,510824,513998,6,3174,2,36000,1.00189035917
510916,510923,513983,7,3060,2,36000,1.0022875817
510959,510966,513981,7,3015,2,36000,1.00232172471
510982,510988,514101,6,3113,2,36000,1.00192740122
511014,511020,514257,6,3237,2,36000,1.00185356812
511122,511128,514261,6,3133,2,36000,1.00191509735
511258,511264,514618,6,3354,2,36000,1.00178890877
511485,511491,514535,6,3044,2,36000,1.00197109067
511507,511514,514529,7,3015,2,36000,1.00232172471
511535,511541,514867,6,3326,2,36000,1.00180396873
511681,511687,514690,6,3003,2,36000,1.001998002
511792,511798,514928,6,3130,2,36000,1.00191693291
511912,511918,515124,6,3206,2,36000,1.00187149095
512037,512043,515070,6,3027,2,36000,1.00198216056
512131,512137,515480,6,3343,2,36000,1.00179479509
512179,512185,515332,6,3147,2,36000,1.00190657769
512185,512191,515232,6,3041,2,36000,1.00197303519
512285,512292,515675,7,3383,2,36000,1.00206916938
512395,512401,515620,6,3219,2,36000,1.0018639329
512422,512429,515211,7,2782,2,36000,1.00251617541
512507,512513,515816,6,3303,2,36000,1.00181653043
512561,512567,515497,6,2930,2,36000,1.00204778157
512567,512573,515696,6,3123,2,36000,1.00192122959
512746,512752,515839,6,3087,2,36000,1.0019436346
512800,512807,515996,7,3189,2,36000,1.00219504547
512850,512856,516149,6,3293,2,36000,1.00182204677
512977,512983,516109,6,3126,2,36000,1.0019193858
513005,513011,515630,6,2619,2,36000,1.00229095074
513016,513023,516109,7,3086,2,36000,1.00226830849
513095,513101,516442,6,3341,2,36000,1.0017958695
513097,513107,516243,10,3136,2,36000,1.00318877551
513254,513260,516446,6,3186,2,36000,1.00188323917
513335,513341,516505,6,3164,2,36000,1.00189633375
513352,513358,516495,6,3137,2,36000,1.0019126554
513395,513401,516447,6,3046,2,36000,1.00196979645
513542,513548,516488,6,2940,2,36000,1.00204081633
513704,513711,516863,7,3152,2,36000,1.00222081218
513738,513744,516937,6,3193,2,36000,1.00187911055
513791,513797,516801,6,3004,2,36000,1.00199733688
513881,513887,516748,6,2861,2,36000,1.00209716882
513994,514000,517220,6,3220,2,36000,1.00186335404
513996,514006,517345,10,3339,2,36000,1.00299490866
514008,514014,517219,6,3205,2,36000,1.00187207488
514113,514119,516973,6,2854,2,36000,1.00210231254
514264,514270,517377,6,3107,2,36000,1.00193112327
514271,514277,517367,6,3090,2,36000,1.00194174757
514540,514546,517676,6,3130,2,36000,1.00191693291
514542,514552,517831,10,3279,2,36000,1.00304971028
514629,514635,517687,6,3052,2,36000,1.00196592398
514697,514703,517776,6,3073,2,36000,1.00195248942
514873,514878,517963,5,3085,2,36000,1.00162074554
514941,514947,518206,6,3259,2,36000,1.00184105554
515076,515082,518344,6,3262,2,36000,1.00183936235
515129,515135,518306,6,3171,2,36000,1.00189214759
515222,515228,518442,6,3214,2,36000,1.00186683261
515239,515246,518209,7,2963,2,36000,1.00236247047
515339,515345,518060,6,2715,2,36000,1.00220994475
515490,515496,518672,6,3176,2,36000,1.00188916877
515507,515513,518732,6,3219,2,36000,1.0018639329
515627,515633,519010,6,3377,2,36000,1.0017767249
515639,515645,518898,6,3253,2,36000,1.00184445128
515682,515688,518921,6,3233,2,36000,1.00185586143
515705,515711,518748,6,3037,2,36000,1.00197563385
515828,515835,519105,7,3270,2,36000,1.00214067278
515846,515852,518940,6,3088,2,36000,1.00194300518
516004,516011,518972,7,2961,2,36000,1.00236406619
516121,516127,519181,6,3054,2,36000,1.00196463654
516123,516133,519451,10,3318,2,36000,1.00301386377
516156,516162,519235,6,3073,2,36000,1.00195248942
516251,516257,519462,6,3205,2,36000,1.00187207488
516456,516462,519657,6,3195,2,36000,1.00187793427
516458,516468,519619,10,3151,2,36000,1.00317359568
516459,516473,519544,14,3071,2,36000,1.00455877564
516497,516503,519411,6,2908,2,36000,1.00206327373
516504,516510,519598,6,3088,2,36000,1.00194300518
516511,516516,519738,5,3222,2,36000,1.00155183116
516755,516762,519888,7,3126,2,36000,1.00223928343
516809,516815,519634,6,2819,2,36000,1.00212841433
516878,516884,519810,6,2926,2,36000,1.002050581
516946,516952,520137,6,3185,2,36000,1.00188383046
516984,516990,520284,6,3294,2,36000,1.00182149362
517231,517237,520477,6,3240,2,36000,1.00185185185
517232,517243,520445,11,3202,2,36000,1.0034353529
517354,517360,520639,6,3279,2,36000,1.00182982617
517376,517382,520573,6,3191,2,36000,1.00188028831
517388,517394,520690,6,3296,2,36000,1.00182038835
517683,517689,520746,6,3057,2,36000,1.00196270854
517695,517701,520569,6,2868,2,36000,1.00209205021
517787,517793,521065,6,3272,2,36000,1.00183374083
517841,517847,520877,6,3030,2,36000,1.00198019802
517974,517980,521201,6,3221,2,36000,1.00186277554
518068,518074,521158,6,3084,2,36000,1.00194552529
518213,518219,521409,6,3190,2,36000,1.00188087774
518220,518225,521259,5,3034,2,36000,1.00164798945
518314,518321,521266,7,2945,2,36000,1.00237691002
518352,518359,521532,7,3173,2,36000,1.00220611409
518454,518461,521466,7,3005,2,36000,1.00232945092
518683,518690,521822,7,3132,2,36000,1.00223499361
518742,518748,521975,6,3227,2,36000,1.00185931205
518754,518760,521678,6,2918,2,36000,1.00205620288
518905,518911,522161,6,3250,2,36000,1.00184615385
518927,518934,521895,7,2961,2,36000,1.00236406619
518950,518956,522265,6,3309,2,36000,1.00181323663
518982,518988,522197,6,3209,2,36000,1.00186974135
519021,519027,522142,6,3115,2,36000,1.00192616372
519122,519128,522293,6,3165,2,36000,1.0018957346
519191,519198,522484,7,3286,2,36000,1.00213024954
519246,519252,522391,6,3139,2,36000,1.00191143676
519417,519424,522348,7,2924,2,36000,1.00239398085
519460,519467,522721,7,3254,2,36000,1.00215119852
519472,519478,522536,6,3058,2,36000,1.00196206671
519551,519558,522584,7,3026,2,36000,1.00231328486
519605,519611,522973,6,3362,2,36000,1.00178465199
519627,519633,522289,6,2656,2,36000,1.00225903614
519644,519650,522881,6,3231,2,36000,1.00185701021
519667,519673,522922,6,3249,2,36000,1.00184672207
519752,519758,522721,6,2963,2,36000,1.00202497469
519820,519826,523182,6,3356,2,36000,1.00178784267
519899,519906,523476,7,3570,2,36000,1.00196078431
520147,520154,523493,7,3339,2,36000,1.00209643606
520293,520299,523525,6,3226,2,36000,1.00185988841
520455,520461,523560,6,3099,2,36000,1.00193610842
520488,520494,523604,6,3110,2,36000,1.00192926045
520577,520584,523496,7,2912,2,36000,1.00240384615
520579,520590,523869,11,3279,2,36000,1.00335468131
520647,520653,523613,6,2960,2,36000,1.00202702703
520700,520706,523762,6,3056,2,36000,1.00196335079
520753,520759,523867,6,3108,2,36000,1.00193050193
520884,520890,523902,6,3012,2,36000,1.00199203187
521072,521078,524123,6,3045,2,36000,1.00197044335
521169,521175,524289,6,3114,2,36000,1.00192678227
521207,521213,524324,6,3111,2,36000,1.00192864031
521266,521272,524547,6,3275,2,36000,1.00183206107
521272,521278,524375,6,3097,2,36000,1.00193735873
521418,521424,524323,6,2899,2,36000,1.0020696792
521471,521477,524671,6,3194,2,36000,1.00187852223
521541,521547,524720,6,3173,2,36000,1.00189095493
521687,521693,524793,6,3100,2,36000,1.00193548387
521828,521834,524863,6,3029,2,36000,1.00198085177
521907,521913,524740,6,2827,2,36000,1.00212239123
521985,521991,525130,6,3139,2,36000,1.00191143676
522151,522157,525188,6,3031,2,36000,1.0019795447
522168,522174,525335,6,3161,2,36000,1.0018981335
522206,522212,525157,6,2945,2,36000,1.00203735144
522279,522285,525610,6,3325,2,36000,1.00180451128
522297,522303,525382,6,3079,2,36000,1.00194868464
522298,522309,525570,11,3261,2,36000,1.00337319841
522357,522364,525552,7,3188,2,36000,1.002195734
522401,522407,525411,6,3004,2,36000,1.00199733688
522495,522501,525719,6,3218,2,36000,1.00186451212
522543,522549,525703,6,3154,2,36000,1.00190234623
522592,522598,525903,6,3305,2,36000,1.00181543116
522729,522735,526100,6,3365,2,36000,1.00178306092
522730,522741,526006,11,3265,2,36000,1.00336906585
522889,522895,525990,6,3095,2,36000,1.00193861066
522932,522938,526017,6,3079,2,36000,1.00194868464
522981,522987,526078,6,3091,2,36000,1.00194111938
523193,523200,526152,7,2952,2,36000,1.00237127371
523483,523489,526641,6,3152,2,36000,1.0019035533
523500,523506,526700,6,3194,2,36000,1.00187852223
523501,523512,526837,11,3325,2,36000,1.00330827068
523534,523540,526671,6,3131,2,36000,1.00191632066
523567,523573,526665,6,3092,2,36000,1.00194049159
523610,523616,526822,6,3206,2,36000,1.00187149095
523622,523628,526820,6,3192,2,36000,1.00187969925
523770,523776,526980,6,3204,2,36000,1.00187265918
523875,523882,527177,7,3295,2,36000,1.00212443096
523877,523888,527146,11,3258,2,36000,1.00337630448
523910,523916,526993,6,3077,2,36000,1.00194995125
524134,524140,527368,6,3228,2,36000,1.00185873606
524296,524302,527598,6,3296,2,36000,1.00182038835
524333,524340,527518,7,3178,2,36000,1.00220264317
524335,524346,527326,11,2980,2,36000,1.00369127517
524383,524389,527516,6,3127,2,36000,1.00191877199
524555,524561,527543,6,2982,2,36000,1.00201207243
524681,524687,527658,6,2971,2,36000,1.00201952205
524729,524735,527823,6,3088,2,36000,1.00194300518
524746,524753,528101,7,3348,2,36000,1.00209080048
524800,524806,527990,6,3184,2,36000,1.00188442211
524876,524882,528083,6,3201,2,36000,1.00187441425
525139,525145,528100,6,2955,2,36000,1.00203045685
525167,525173,528259,6,3086,2,36000,1.00194426442
525194,525200,528542,6,3342,2,36000,1.00179533214
525341,525347,528405,6,3058,2,36000,1.00196206671
525390,525396,528697,6,3301,2,36000,1.00181763102
525417,525423,528632,6,3209,2,36000,1.00186974135
525558,525565,528697,7,3132,2,36000,1.00223499361
525575,525581,528544,6,2963,2,36000,1.00202497469
525618,525625,528718,7,3093,2,36000,1.00226317491
525716,525722,528655,6,2933,2,36000,1.00204568701
525728,525734,529044,6,3310,2,36000,1.00181268882
525910,525916,528851,6,2935,2,36000,1.00204429302
526000,526006,529067,6,3061,2,36000,1.00196014374
526002,526012,526026,10,14,16,10800,1.71428571429
526012,526018,529223,6,3205,2,36000,1.00187207488
526024,526030,529225,6,3195,2,36000,1.00187793427
526045,532300,532324,6255,24,64,10800,261.625
526095,526101,529221,6,3120,2,36000,1.00192307692
526107,526113,529391,6,3278,2,36000,1.00183038438
526161,526167,528962,6,2795,2,36000,1.00214669052
526653,526659,529717,6,3058,2,36000,1.00196206671
526675,526681,529801,6,3120,2,36000,1.00192307692
526677,526687,529969,10,3282,2,36000,1.00304692261
526710,526716,529874,6,3158,2,36000,1.00189993667
526836,526842,529929,6,3087,2,36000,1.0019436346
526838,526848,529928,10,3080,2,36000,1.00324675325
526845,526854,529926,9,3072,2,36000,1.0029296875
526990,526996,530234,6,3238,2,36000,1.00185299568
527002,527009,529993,7,2984,2,36000,1.0023458445
527153,527160,530336,7,3176,2,36000,1.00220403023
527186,527192,530415,6,3223,2,36000,1.00186161961
527231,527237,527246,6,9,16,10800,1.5
527334,527340,530434,6,3094,2,36000,1.00193923723
527378,527384,530235,6,2851,2,36000,1.00210452473
527406,527412,529503,6,2091,2,36000,1.00286944046
527407,527418,530657,11,3239,2,36000,1.00339610991
527409,527423,530371,14,2948,2,36000,1.00474898236
527410,527428,530492,18,3064,2,36000,1.00587467363
527412,527433,530636,21,3203,2,36000,1.00655635342
527413,527439,530629,26,3190,2,36000,1.00815047022
527415,527444,530566,29,3122,2,36000,1.00928891736
527416,527450,530354,34,2904,2,36000,1.01170798898
527418,527455,530542,37,3087,2,36000,1.01198574668
527420,527460,530177,40,2717,2,36000,1.01472211999
527421,527465,530664,44,3199,2,36000,1.01375429822
527423,527470,530625,47,3155,2,36000,1.01489698891
527425,527475,530634,50,3159,2,36000,1.01582779361
527426,527480,530492,54,3012,2,36000,1.01792828685
527428,527486,530701,58,3215,2,36000,1.01804043546
527429,527491,530606,62,3115,2,36000,1.01990369181
527431,527496,530744,65,3248,2,36000,1.02001231527
527432,527501,530656,69,3155,2,36000,1.02187004754
527434,527506,530718,72,3212,2,36000,1.02241594022
527435,527512,530615,77,3103,2,36000,1.02481469546
527437,527517,530475,80,2958,2,36000,1.02704530088
527439,527522,530711,83,3189,2,36000,1.0260269677
527440,527528,530751,88,3223,2,36000,1.02730375427
527442,527533,530732,91,3199,2,36000,1.0284463895
527443,527538,530542,95,3004,2,36000,1.03162450067
527445,527543,530742,98,3199,2,36000,1.0306345733
527447,527548,530757,101,3209,2,36000,1.03147397943
527448,527553,530874,105,3321,2,36000,1.03161698284
527450,527559,530645,109,3086,2,36000,1.03532080363
527451,527564,530763,113,3199,2,36000,1.03532353861
527453,527569,530713,116,3144,2,36000,1.0368956743
527454,527574,530539,120,2965,2,36000,1.04047217538
527456,527579,530873,123,3294,2,36000,1.03734061931
527457,527585,530751,128,3166,2,36000,1.04042956412
527459,527590,530706,131,3116,2,36000,1.04204107831
527460,527595,530675,135,3080,2,36000,1.04383116883
527462,527600,530799,138,3199,2,36000,1.04313848078
527463,527605,530837,142,3232,2,36000,1.04393564356
527464,527610,530555,146,2945,2,36000,1.04957555178
527466,527616,530864,150,3248,2,36000,1.04618226601
527467,536429,539429,8962,3000,2,36000,3.98733333333
527469,536434,539758,8965,3324,2,36000,3.69705174489
527470,536439,539149,8969,2710,2,36000,4.30959409594
527472,536444,539410,8972,2966,2,36000,4.02494942684
527473,527622,530687,149,3065,2,36000,1.04861337684
527475,527627,530503,152,2876,2,36000,1.0528511822
527476,527633,530886,157,3253,2,36000,1.04826314172
527478,528851,531895,1373,3044,2,36000,1.45105124836
527479,528856,531922,1377,3066,2,36000,1.44911937378
527481,528862,532073,1381,3211,2,36000,1.43008408595
527482,528868,531832,1386,2964,2,36000,1.46761133603
527484,528915,531978,1431,3063,2,36000,1.46718903036
527485,529514,532548,2029,3034,2,36000,1.66875411997
527487,536449,539694,8962,3245,2,36000,3.76178736518
527488,530382,533300,2894,2918,2,36000,1.99177518849
527490,530502,533673,3012,3171,2,36000,1.94985808893
527491,530648,534061,3157,3413,2,36000,1.92499267507
527493,530642,534056,3149,3414,2,36000,1.92237844171
527495,530577,533603,3082,3026,2,36000,2.01850627892
527496,530365,533581,2869,3216,2,36000,1.89210199005
527498,530553,533477,3055,2924,2,36000,2.04480164159
527499,530189,533517,2690,3328,2,36000,1.80829326923
527501,536455,539723,8954,3268,2,36000,3.73990208078
527502,530636,533591,3134,2955,2,36000,2.06057529611
527504,530653,534060,3149,3407,2,36000,1.92427355445
527505,530508,533497,3003,2989,2,36000,2.00468384075
527507,536460,539616,8953,3156,2,36000,3.83681875792
527509,530617,534065,3108,3448,2,36000,1.90139211137
527510,536465,539237,8955,2772,2,36000,4.23051948052
527512,536470,539613,8958,3143,2,36000,3.85014317531
527513,536475,539902,8962,3427,2,36000,3.61511526116
527515,536480,539873,8965,3393,2,36000,3.64220453876
527516,536486,539492,8970,3006,2,36000,3.98403193613
527518,536491,539700,8973,3209,2,36000,3.79619819258
527520,536496,539773,8976,3277,2,36000,3.73909063168
527521,536501,539698,8980,3197,2,36000,3.80888332812
527523,528971,532125,1448,3154,2,36000,1.45909955612
527524,528977,532270,1453,3293,2,36000,1.4412389918
527541,536507,539771,8966,3264,2,36000,3.74693627451
527542,536512,539517,8970,3005,2,36000,3.9850249584
527544,536517,539675,8973,3158,2,36000,3.84135528816
527545,536522,539755,8977,3233,2,36000,3.77667800804
527561,530426,533471,2865,3045,2,36000,1.94088669951
527601,532306,534219,4705,1913,64,10800,3.45948771563
527601,536527,539542,8926,3015,2,36000,3.96053067993
527659,530514,533706,2855,3192,2,36000,1.8944235589
527827,530519,534064,2692,3545,2,36000,1.75937940762
527993,532083,535192,4090,3109,2,36000,2.31553554197
528085,530659,533668,2574,3009,2,36000,1.8554336989
528104,530664,533472,2560,2808,2,36000,1.91168091168
528105,536532,539848,8427,3316,2,36000,3.54131483715
528263,530669,534065,2406,3396,2,36000,1.70848056537
528409,530674,534063,2265,3389,2,36000,1.66833874299
528546,530679,534064,2133,3385,2,36000,1.63013293944
528548,532088,535307,3540,3219,2,36000,2.09972041007
528635,532093,535228,3458,3135,2,36000,2.10303030303
528658,532098,535167,3440,3069,2,36000,2.12088628218
528699,532103,535412,3404,3309,2,36000,2.02870957993
528700,532109,535198,3409,3089,2,36000,2.10359339592
528722,532114,535231,3392,3117,2,36000,2.0882258582
528853,532119,535455,3266,3336,2,36000,1.97901678657
528965,532125,535086,3160,2961,2,36000,2.06720702465
529048,532130,535003,3082,2873,2,36000,2.07274625827
529071,532135,535399,3064,3264,2,36000,1.9387254902
529224,532140,535141,2916,3001,2,36000,1.97167610796
529226,532147,535182,2921,3035,2,36000,1.96243822076
529243,532152,535298,2909,3146,2,36000,1.92466624285
529392,532157,535197,2765,3040,2,36000,1.90953947368
529721,532162,535162,2441,3000,2,36000,1.81366666667
529805,532215,535409,2410,3194,2,36000,1.75453976205
529878,532220,535418,2342,3198,2,36000,1.73233270794
529927,532225,535135,2298,2910,2,36000,1.78969072165
529943,532230,535278,2287,3048,2,36000,1.75032808399
529945,532280,535248,2335,2968,2,36000,1.78672506739
529972,532285,535074,2313,2789,2,36000,1.82932950878
529994,532290,535387,2296,3097,2,36000,1.74136260898
530179,532295,535143,2116,2848,2,36000,1.74297752809
530237,532312,535380,2075,3068,2,36000,1.67633637549
530238,536538,539550,6300,3012,2,36000,3.09163346614
530341,532317,535625,1976,3308,2,36000,1.59733978235
530359,532322,535245,1963,2923,2,36000,1.67157030448
530375,532335,535519,1960,3184,2,36000,1.61557788945
530420,536543,539544,6123,3001,2,36000,3.04031989337
530437,532340,535163,1903,2823,2,36000,1.67410556146
530481,532375,535696,1894,3321,2,36000,1.57031014755
530498,536548,539767,6050,3219,2,36000,2.87946567257
530499,536553,539667,6054,3114,2,36000,2.94412331407
530516,536619,539562,6103,2943,2,36000,3.07373428474
530541,536624,539836,6083,3212,2,36000,2.89383561644
530557,536629,539572,6072,2943,2,36000,3.06320081549
530558,536634,539930,6076,3296,2,36000,2.84344660194
530560,536639,539934,6079,3295,2,36000,2.84491654021
530575,536645,539672,6070,3027,2,36000,3.00528576148
530609,536650,539823,6041,3173,2,36000,2.90387645761
530625,536655,539611,6030,2956,2,36000,3.0399188092
530642,536660,539740,6018,3080,2,36000,2.9538961039
530643,536665,539691,6022,3026,2,36000,2.99008592201
530645,536670,539785,6025,3115,2,36000,2.9341894061
530646,536675,539800,6029,3125,2,36000,2.92928
530662,536681,539407,6019,2726,2,36000,3.2079970653
530664,536686,539771,6022,3085,2,36000,2.95202593193
530665,536691,539808,6026,3117,2,36000,2.93326916907
530681,537883,540899,7202,3016,2,36000,3.38793103448
530683,537891,541053,7208,3162,2,36000,3.27956989247
530698,537898,540913,7200,3015,2,36000,3.38805970149
530715,537906,541070,7191,3164,2,36000,3.27275600506
530717,537914,540948,7197,3034,2,36000,3.37211601846
530718,537921,541148,7203,3227,2,36000,3.23210412148
530720,537927,541162,7207,3235,2,36000,3.22782071097
530735,537935,541050,7200,3115,2,36000,3.3113964687
530737,537942,541257,7205,3315,2,36000,3.17345399698
530754,538076,541198,7322,3122,2,36000,3.34529147982
530755,538081,541414,7326,3333,2,36000,3.19801980198
530757,538086,541282,7329,3196,2,36000,3.29317897372
530758,538091,541174,7333,3083,2,36000,3.37852740837
530774,538096,541218,7322,3122,2,36000,3.34529147982
530775,538101,541386,7326,3285,2,36000,3.2301369863
530803,538106,540806,7303,2700,2,36000,3.70481481481
530840,538111,541380,7271,3269,2,36000,3.22422759254
530868,538116,540926,7248,2810,2,36000,3.5793594306
530883,538121,541184,7238,3063,2,36000,3.36304276853
530885,538126,541469,7241,3343,2,36000,3.16601854622
530900,538131,541121,7231,2990,2,36000,3.41839464883
531836,538136,541406,6300,3270,2,36000,2.92660550459
531897,538141,541385,6244,3244,2,36000,2.92478421702
531925,538146,541079,6221,2933,2,36000,3.12103648142
531979,538151,541368,6172,3217,2,36000,2.91855766242
532077,538156,541285,6079,3129,2,36000,2.94279322467
532128,538161,541727,6033,3566,2,36000,2.69181155356
532274,537953,541125,5679,3172,2,36000,2.79035308953
532369,532380,532497,11,117,16,10800,1.09401709402
532549,537958,540877,5409,2919,2,36000,2.85303186023
533302,538166,541399,4864,3233,2,36000,2.50448499845
533475,538171,541382,4696,3211,2,36000,2.46247274992
533477,538176,541748,4699,3572,2,36000,2.31550951848
533492,537963,541026,4471,3063,2,36000,2.45968005224
533507,537968,541108,4461,3140,2,36000,2.42070063694
533524,538181,541539,4657,3358,2,36000,2.38683740322
533584,538186,541498,4602,3312,2,36000,2.38949275362
533599,538191,541393,4592,3202,2,36000,2.4341036852
533615,538196,541477,4581,3281,2,36000,2.39622066443
533673,538201,541322,4528,3121,2,36000,2.45081704582
533689,538126,541488,4437,3362,2,36000,2.31975014872
533710,538206,541325,4496,3119,2,36000,2.4414876563
534055,538131,541235,4076,3104,2,36000,2.3131443299
534057,538211,541489,4154,3278,2,36000,2.26723611959
534058,538217,541274,4159,3057,2,36000,2.36048413477
534060,538222,541560,4162,3338,2,36000,2.24685440383
534061,538227,541433,4166,3206,2,36000,2.29943855271
534063,538232,541526,4169,3294,2,36000,2.26563448695
534064,538237,541372,4173,3135,2,36000,2.33110047847
534066,538242,541320,4176,3078,2,36000,2.3567251462
535007,538252,541465,3245,3213,2,36000,2.00995953937
535041,535047,535175,6,128,1,1800,1.046875
535077,538257,541244,3180,2987,2,36000,2.06461332441
535094,538262,541349,3168,3087,2,36000,2.02623906706
535139,538267,541606,3128,3339,2,36000,1.93680742737
535157,538272,541465,3115,3193,2,36000,1.97557156279
535158,538277,541514,3119,3237,2,36000,1.96354649367
535177,538282,541508,3105,3226,2,36000,1.96249225046
535178,538287,541431,3109,3144,2,36000,1.98886768448
535180,538292,541406,3112,3114,2,36000,1.99935773924
535199,538297,541318,3098,3021,2,36000,2.02548824892
535201,538302,541441,3101,3139,2,36000,1.98789423383
535202,538307,541536,3105,3229,2,36000,1.96159801796
535204,538312,541595,3108,3283,2,36000,1.94669509595
535238,538317,541561,3079,3244,2,36000,1.94913686806
535240,538322,541462,3082,3140,2,36000,1.98152866242
535257,538327,541527,3070,3200,2,36000,1.959375
535259,538332,541358,3073,3026,2,36000,2.01553205552
535281,538337,541416,3056,3079,2,36000,1.99253004222
535301,538342,541421,3041,3079,2,36000,1.98765833063
535317,538347,541087,3030,2740,2,36000,2.10583941606
535384,538352,541556,2968,3204,2,36000,1.92634207241
535399,538357,541504,2958,3147,2,36000,1.93994280267
535401,538362,541634,2961,3272,2,36000,1.90495110024
535417,538368,541552,2951,3184,2,36000,1.92682160804
535419,542225,545182,6806,2957,2,36000,3.30165708488
535434,542230,545182,6796,2952,2,36000,3.30216802168
535459,542235,545184,6776,2949,2,36000,3.2977280434
535480,535486,535588,6,102,1,1800,1.05882352941
535523,542240,545182,6717,2942,2,36000,3.2831407206
535629,542246,545183,6617,2937,2,36000,3.25297923051
535699,542251,545183,6552,2932,2,36000,3.2346521146
536235,536241,536798,6,557,1,1800,1.01077199282
538400,538407,538462,7,55,1,1800,1.12727272727
538624,538630,538678,6,48,1,1800,1.125
538757,538764,538840,7,76,1,1800,1.09210526316
539001,539007,539089,6,82,1,1800,1.07317073171
539152,542807,545183,3655,2376,2,36000,2.5382996633
539240,542848,545183,3608,2335,2,36000,2.54518201285
539376,539382,539615,6,233,1,1800,1.02575107296
539411,543034,545183,3623,2149,2,36000,2.6859004188
539412,543039,545183,3627,2144,2,36000,2.69169776119
539431,543045,545183,3614,2138,2,36000,2.69036482694
539495,543103,545183,3608,2080,2,36000,2.73461538462
539520,543170,545183,3650,2013,2,36000,2.8132141083
539545,543179,545183,3634,2004,2,36000,2.81337325349
539546,543902,545183,4356,1281,2,36000,4.40046838407
539562,539568,542907,6,3339,2,36000,1.00179694519
539564,539574,542482,10,2908,2,36000,1.00343878955
539580,539586,542797,6,3211,2,36000,1.00186857677
539614,544101,545183,4487,1082,2,36000,5.14695009242
539616,544113,545183,4497,1070,2,36000,5.20280373832
539631,539638,542837,7,3199,2,36000,1.00218818381
539668,539675,542977,7,3302,2,36000,1.00211992732
539684,539691,542655,7,2964,2,36000,1.00236167341
539686,539697,542857,11,3160,2,36000,1.00348101266
539702,539708,542551,6,2843,2,36000,1.00211044671
539704,539714,542611,10,2897,2,36000,1.00345184674
539705,539719,542818,14,3099,2,36000,1.00451758632
539707,539724,542954,17,3230,2,36000,1.00526315789
539726,539732,542747,6,3015,2,36000,1.00199004975
539744,539750,543027,6,3277,2,36000,1.00183094294
539765,539770,542854,5,3084,2,36000,1.00162127108
539766,539776,543038,10,3262,2,36000,1.00306560392
539791,539797,543044,6,3247,2,36000,1.00184785956
539792,539803,542895,11,3092,2,36000,1.00355756792
539794,539808,542443,14,2635,2,36000,1.00531309298
539795,539813,542977,18,3164,2,36000,1.00568900126
539797,539819,542895,22,3076,2,36000,1.00715214564
539819,539825,543059,6,3234,2,36000,1.00185528757
539821,539831,543168,10,3337,2,36000,1.00299670363
539842,539847,543105,5,3258,2,36000,1.00153468386
539843,539853,543058,10,3205,2,36000,1.0031201248
539862,539868,542875,6,3007,2,36000,1.0019953442
539880,539886,543099,6,3213,2,36000,1.00186741363
539908,539914,543159,6,3245,2,36000,1.00184899846
539934,539940,542994,6,3054,2,36000,1.00196463654
539936,539946,543092,10,3146,2,36000,1.00317863954
540031,540037,540323,6,286,1,1800,1.02097902098
540206,541521,542406,1315,885,32,10800,2.48587570621
540813,540822,544101,9,3279,2,36000,1.00274473925
540878,540884,544090,6,3206,2,36000,1.00187149095
540903,540909,544093,6,3184,2,36000,1.00188442211
540919,540924,544177,5,3253,2,36000,1.00153704273
540934,540940,543891,6,2951,2,36000,1.00203320908
540950,540956,544223,6,3267,2,36000,1.00183654729
540989,540995,541023,6,28,1,1800,1.21428571429
541029,541035,544150,6,3115,2,36000,1.00192616372
541054,541060,544499,6,3439,2,36000,1.00174469322
541056,541066,544121,10,3055,2,36000,1.00327332242
541071,541077,544229,6,3152,2,36000,1.0019035533
541087,541093,544114,6,3021,2,36000,1.00198609732
541103,541110,544274,7,3164,2,36000,1.00221238938
541119,541125,544446,6,3321,2,36000,1.00180668473
541135,541141,544375,6,3234,2,36000,1.00185528757
541137,541147,544305,10,3158,2,36000,1.00316656111
541152,541158,544224,6,3066,2,36000,1.00195694716
541168,542919,545183,1751,2264,2,36000,1.77340989399
541184,542496,545183,1312,2687,2,36000,1.48827688872
541200,542813,545183,1613,2370,2,36000,1.6805907173
541202,542853,545183,1651,2330,2,36000,1.70858369099
541220,542988,545183,1768,2195,2,36000,1.80546697039
541239,542672,545183,1433,2511,2,36000,1.57068896854
541254,541260,544725,6,3465,2,36000,1.00173160173
541272,541278,544370,6,3092,2,36000,1.00194049159
541291,542871,545183,1580,2312,2,36000,1.68339100346
541293,542565,545183,1272,2618,2,36000,1.4858670741
541295,542626,545183,1331,2557,2,36000,1.52053187329
541317,541323,541407,6,84,1,1800,1.07142857143
541327,541333,544672,6,3339,2,36000,1.00179694519
541329,542837,545183,1508,2346,2,36000,1.64279624893
541330,542965,545183,1635,2218,2,36000,1.73715058611
541332,542759,545183,1427,2424,2,36000,1.58869636964
541356,541363,544486,7,3123,2,36000,1.00224143452
541380,541386,544329,6,2943,2,36000,1.00203873598
541382,543051,545183,1669,2132,2,36000,1.78283302064
541384,542876,545183,1492,2307,2,36000,1.64672735154
541411,543057,545183,1646,2126,2,36000,1.77422389464
541412,541418,544521,6,3103,2,36000,1.00193361263
541414,543069,545183,1655,2114,2,36000,1.78287606433
541416,542924,545183,1508,2259,2,36000,1.66755201417
541417,542455,545183,1038,2728,2,36000,1.38049853372
541419,542993,545183,1574,2190,2,36000,1.71872146119
541421,542929,545183,1508,2254,2,36000,1.66903283052
541422,541428,544556,6,3128,2,36000,1.00191815857
541447,541453,544627,6,3174,2,36000,1.00189035917
541449,541459,544752,10,3293,2,36000,1.00303674461
541450,541464,544511,14,3047,2,36000,1.0045946833
541452,543075,545183,1623,2108,2,36000,1.76992409867
541453,543110,545183,1657,2073,2,36000,1.79932465027
541455,543116,545183,1661,2067,2,36000,1.80358006773
541481,541487,544583,6,3096,2,36000,1.0019379845
541482,541493,544253,11,2760,2,36000,1.00398550725
541484,541498,544732,14,3234,2,36000,1.00432900433
541485,544188,545183,2703,995,2,36000,3.71658291457
541487,542886,545183,1399,2297,2,36000,1.60905528951
541510,542490,545183,980,2693,2,36000,1.36390642406
541512,542501,545183,989,2682,2,36000,1.3687546607
541513,544234,545183,2721,949,2,36000,3.86722866175
541515,542559,545183,1044,2624,2,36000,1.39786585366
541516,544161,545183,2645,1022,2,36000,3.58806262231
541534,542620,545183,1086,2563,2,36000,1.42372220055
541535,542631,545183,1096,2552,2,36000,1.42946708464
541537,543006,545183,1469,2177,2,36000,1.67478180983
541553,542677,545183,1124,2506,2,36000,1.4485235435
541554,544132,545183,2578,1051,2,36000,3.4529019981
541556,544240,545183,2684,943,2,36000,3.84623541888
541572,542818,545183,1246,2365,2,36000,1.52684989429
541574,542826,545183,1252,2357,2,36000,1.5311837081
541575,542831,545183,1256,2352,2,36000,1.53401360544
541597,544126,545183,2529,1057,2,36000,3.39262062441
541612,542842,545183,1230,2341,2,36000,1.52541648868
541637,542858,545183,1221,2325,2,36000,1.52516129032
541723,542865,545183,1142,2318,2,36000,1.49266609146
541751,544316,545183,2565,867,2,36000,3.95847750865
542153,542159,542299,6,140,1,1800,1.04285714286
542444,544245,545183,1801,938,2,36000,2.92004264392
544652,544658,544661,6,3,32,10800,1.0
545260,545266,545402,6,136,2,36000,1.04411764706
545261,545272,545402,11,130,2,36000,1.08461538462
545262,545277,545402,15,125,2,36000,1.12
545264,545282,545402,18,120,2,36000,1.15
545265,545287,545402,22,115,2,36000,1.19130434783
545267,545293,545402,26,109,2,36000,1.23853211009
545268,545298,545402,30,104,2,36000,1.28846153846
545270,545303,545402,33,99,2,36000,1.33333333333
545271,545308,545402,37,94,2,36000,1.39361702128
545273,545313,545402,40,89,2,36000,1.44943820225
545274,545319,545402,45,83,2,36000,1.5421686747
545275,545324,545402,49,78,2,36000,1.62820512821
545277,545329,545402,52,73,2,36000,1.71232876712
545278,545334,545402,56,68,2,36000,1.82352941176
545280,545339,545402,59,63,2,36000,1.93650793651
545281,545344,545402,63,58,2,36000,2.08620689655
545283,545349,545402,66,53,2,36000,2.24528301887
545284,545355,545402,71,47,2,36000,2.51063829787
545286,545360,545402,74,42,2,36000,2.7619047619
545287,545365,545402,78,37,2,36000,3.10810810811
545289,545371,545402,82,31,2,36000,3.64516129032
545291,545376,545402,85,26,2,36000,4.26923076923
545292,545381,545402,89,21,2,36000,5.2380952381
545294,545386,545402,92,16,2,36000,6.75
545296,545393,545402,97,9,2,36000,10.6
545297,545398,545402,101,4,2,36000,10.5
545299,545403,545404,104,1,2,36000,10.5
545301,545408,545409,107,1,2,36000,10.8
545303,545413,545414,110,1,2,36000,11.1
545568,545574,546019,6,445,2,36000,1.01348314607
545569,545580,546019,11,439,2,36000,1.02505694761
545571,545585,546019,14,434,2,36000,1.03225806452
545572,545590,546019,18,429,2,36000,1.04195804196
545574,545595,546019,21,424,2,36000,1.04952830189
545575,545601,546019,26,418,2,36000,1.06220095694
545577,545606,546019,29,413,2,36000,1.07021791768
545578,545611,546019,33,408,2,36000,1.08088235294
545580,545616,546019,36,403,2,36000,1.08933002481
545581,545622,546019,41,397,2,36000,1.10327455919
545583,545627,546019,44,392,2,36000,1.11224489796
545584,545632,546019,48,387,2,36000,1.12403100775
545586,545637,546019,51,382,2,36000,1.1335078534
545587,545642,546019,55,377,2,36000,1.14588859416
545589,545647,546019,58,372,2,36000,1.15591397849
545590,545652,546019,62,367,2,36000,1.1689373297
545591,545658,546019,67,361,2,36000,1.18559556787
545593,545663,546019,70,356,2,36000,1.19662921348
545594,545668,546019,74,351,2,36000,1.21082621083
545596,545673,546019,77,346,2,36000,1.2225433526
545597,545679,546019,82,340,2,36000,1.24117647059
545599,545684,546019,85,335,2,36000,1.25373134328
545600,545689,546019,89,330,2,36000,1.2696969697
545602,545694,546019,92,325,2,36000,1.28307692308
545603,545699,546019,96,320,2,36000,1.3
545605,545704,546019,99,315,2,36000,1.31428571429
545606,545709,546019,103,310,2,36000,1.33225806452
545608,545715,546019,107,304,2,36000,1.35197368421
545609,545720,546019,111,299,2,36000,1.37123745819
545611,545725,546019,114,294,2,36000,1.38775510204
545612,545730,546019,118,289,2,36000,1.40830449827
545614,545735,546019,121,284,2,36000,1.42605633803
545615,545740,546019,125,279,2,36000,1.44802867384
545617,545745,546019,128,274,2,36000,1.46715328467
545618,545751,546019,133,268,2,36000,1.49626865672
545620,545756,546019,136,263,2,36000,1.51711026616
545621,545761,546019,140,258,2,36000,1.54263565891
545623,545766,546019,143,253,2,36000,1.5652173913
545625,545771,546019,146,248,2,36000,1.58870967742
545626,545776,546019,150,243,2,36000,1.61728395062
545628,545782,546020,154,238,2,36000,1.64705882353
545629,545787,546020,158,233,2,36000,1.67811158798
545631,545792,546020,161,228,2,36000,1.70614035088
545632,545797,546020,165,223,2,36000,1.7399103139
545634,545803,546020,169,217,2,36000,1.77880184332
545635,545808,546020,173,212,2,36000,1.81603773585
545637,545813,546020,176,207,2,36000,1.85024154589
545638,545818,546020,180,202,2,36000,1.89108910891
545640,545824,546020,184,196,2,36000,1.9387755102
545641,545829,546020,188,191,2,36000,1.98429319372
545643,545834,546020,191,186,2,36000,2.02688172043
545644,545839,546020,195,181,2,36000,2.0773480663
545646,545844,546020,198,176,2,36000,2.125
545647,545850,546020,203,170,2,36000,2.19411764706
545648,545855,546020,207,165,2,36000,2.25454545455
545650,545860,546020,210,160,2,36000,2.3125
545651,545865,546020,214,155,2,36000,2.38064516129
545653,545870,546020,217,150,2,36000,2.44666666667
545654,545875,546020,221,145,2,36000,2.52413793103
545656,545881,546020,225,139,2,36000,2.61870503597
545657,545886,546020,229,134,2,36000,2.70895522388
545659,545891,546020,232,129,2,36000,2.7984496124
545660,545896,546020,236,124,2,36000,2.90322580645
545662,545901,546020,239,119,2,36000,3.00840336134
545663,545906,546020,243,114,2,36000,3.13157894737
545665,545911,546020,246,109,2,36000,3.25688073394
545667,545917,546020,250,103,2,36000,3.42718446602
545668,545922,546020,254,98,2,36000,3.59183673469
545670,545927,546020,257,93,2,36000,3.76344086022
545671,545993,546020,322,27,2,36000,12.9259259259
545673,545998,546020,325,22,2,36000,15.7727272727
545674,546003,546020,329,17,2,36000,20.3529411765
545676,546008,546020,332,12,2,36000,28.6666666667
545677,546014,546020,337,6,2,36000,34.3
545679,546019,546020,340,1,2,36000,34.1
545680,546025,546026,345,1,2,36000,34.6
545682,546030,546031,348,1,2,36000,34.9
545683,546035,546036,352,1,2,36000,35.3
545685,546041,546042,356,1,2,36000,35.7
546079,546085,549307,6,3222,2,36000,1.00186219739
546081,546090,549323,9,3233,2,36000,1.00278379214
546082,546095,549267,13,3172,2,36000,1.00409836066
546083,546101,549300,18,3199,2,36000,1.00562675836
546085,546106,549394,21,3288,2,36000,1.00638686131
546087,546112,549296,25,3184,2,36000,1.00785175879
546088,546117,549338,29,3221,2,36000,1.00900341509
546090,546122,549304,32,3182,2,36000,1.0100565682
546092,546127,549226,35,3099,2,36000,1.0112939658
546093,546133,549363,40,3230,2,36000,1.01238390093
546095,546138,549330,43,3192,2,36000,1.01347117794
546097,546143,549139,46,2996,2,36000,1.01535380507
546099,546148,549657,49,3509,2,36000,1.01396409233
546100,546153,549341,53,3188,2,36000,1.01662484316
546102,546158,549377,56,3219,2,36000,1.01739670705
546104,546163,549417,59,3254,2,36000,1.01813153042
546105,546169,549557,64,3388,2,36000,1.01889020071
546107,546175,549482,68,3307,2,36000,1.0205624433
546109,546180,549347,71,3167,2,36000,1.02241869277
546110,546185,549339,75,3154,2,36000,1.02377932784
546112,546190,549390,78,3200,2,36000,1.024375
546113,546196,549338,83,3142,2,36000,1.02641629535
546115,546201,548936,86,2735,2,36000,1.03144424132
546117,546206,548979,89,2773,2,36000,1.03209520375
546118,546211,549175,93,2964,2,36000,1.03137651822
546120,546216,549308,96,3092,2,36000,1.03104786546
546122,546221,549549,99,3328,2,36000,1.02974759615
546123,546226,549492,103,3266,2,36000,1.03153704838
546125,546232,549359,107,3127,2,36000,1.03421810042
546127,546237,549230,110,2993,2,36000,1.03675242232
546129,546242,549534,113,3292,2,36000,1.03432563791
546131,546247,549425,116,3178,2,36000,1.03650094399
546133,546252,549361,119,3109,2,36000,1.03827597298
546134,546257,549248,123,2991,2,36000,1.04112337011
546136,546263,549200,127,2937,2,36000,1.04324140279
546138,546268,549217,130,2949,2,36000,1.04408273991
546140,546273,549280,133,3007,2,36000,1.0442301297
546142,546278,549450,136,3172,2,36000,1.04287515763
546143,546283,549452,140,3169,2,36000,1.04417797412
546145,546288,549576,143,3288,2,36000,1.04349148418
546147,546293,549566,146,3273,2,36000,1.04460739383
546149,546299,549258,150,2959,2,36000,1.05069280162
546150,546305,549518,155,3213,2,36000,1.04824151883
546152,546310,549532,158,3222,2,36000,1.04903786468
546154,546315,549402,161,3087,2,36000,1.05215419501
546155,546320,549660,165,3340,2,36000,1.0494011976
546157,546325,549429,168,3104,2,36000,1.05412371134
546159,546331,549439,172,3108,2,36000,1.05534105534
546161,546336,549547,175,3211,2,36000,1.05450015571
546162,546341,549393,179,3052,2,36000,1.05865006553
546164,546346,549662,182,3316,2,36000,1.0548854041
546166,546351,549465,185,3114,2,36000,1.0594091201
546167,546356,549535,189,3179,2,36000,1.05945265807
546169,546361,549481,192,3120,2,36000,1.06153846154
546171,546367,549825,196,3458,2,36000,1.05668016194
546173,546372,549523,199,3151,2,36000,1.06315455411
546175,546377,549421,202,3044,2,36000,1.06636005256
546177,546382,549474,205,3092,2,36000,1.06630012937
546179,546387,549518,208,3131,2,36000,1.0664324497
546181,546392,549599,211,3207,2,36000,1.06579357655
546182,546398,549780,216,3382,2,36000,1.063867534
546184,546403,549789,219,3386,2,36000,1.06467808624
546186,546408,549685,222,3277,2,36000,1.06774488862
546188,546413,549776,225,3363,2,36000,1.06690454951
546190,546418,549851,228,3433,2,36000,1.06641421497
546192,546423,549436,231,3013,2,36000,1.07666777298
546194,546428,549751,234,3323,2,36000,1.07041829672
546198,546494,549671,296,3177,2,36000,1.09316965691
546200,546499,549681,299,3182,2,36000,1.09396605908
546202,546504,549597,302,3093,2,36000,1.09763983188
546203,546509,549530,306,3021,2,36000,1.10129096326
546205,546515,549846,310,3331,2,36000,1.0930651456
546207,546520,549662,313,3142,2,36000,1.09961807766
546209,546525,549564,316,3039,2,36000,1.10398157289
546211,546530,549674,319,3144,2,36000,1.10146310433
546213,546535,549969,322,3434,2,36000,1.09376820035
546215,546540,549850,325,3310,2,36000,1.09818731118
546218,546546,549204,328,2658,2,36000,1.12340105342
546219,546551,549651,332,3100,2,36000,1.10709677419
546221,546556,549682,335,3126,2,36000,1.10716570697
547895,547901,551801,6,3900,32,10800,1.00153846154
548946,548952,552025,6,3073,2,36000,1.00195248942
548985,548990,552145,5,3155,2,36000,1.00158478605
549096,551812,569785,2716,17973,14,43200,1.15111556223
549146,549152,552272,6,3120,2,36000,1.00192307692
549184,549190,552171,6,2981,2,36000,1.0020127474
549207,549213,552235,6,3022,2,36000,1.00198544011
549213,549219,552296,6,3077,2,36000,1.00194995125
549225,549232,552442,7,3210,2,36000,1.00218068536
549232,549238,552223,6,2985,2,36000,1.00201005025
549239,549245,552263,6,3018,2,36000,1.00198807157
549256,549262,552475,6,3213,2,36000,1.00186741363
549263,549269,552343,6,3074,2,36000,1.00195185426
549275,549281,552310,6,3029,2,36000,1.00198085177
549287,549293,552233,6,2940,2,36000,1.00204081633
549304,549310,552653,6,3343,2,36000,1.00179479509
549311,549317,552307,6,2990,2,36000,1.00200668896
549312,549323,552402,11,3079,2,36000,1.0035725885
549314,549328,552570,14,3242,2,36000,1.00431832202
549315,549333,552708,18,3375,2,36000,1.00533333333
549333,549340,552633,7,3293,2,36000,1.00212572123
549339,549346,552482,7,3136,2,36000,1.00223214286
549346,549352,552554,6,3202,2,36000,1.00187382886
549348,549358,552527,10,3169,2,36000,1.00315556958
549349,549363,552354,14,2991,2,36000,1.00468070879
549351,549369,552529,18,3160,2,36000,1.00569620253
549352,549374,552800,22,3426,2,36000,1.00642148278
549369,549380,552747,11,3367,2,36000,1.00326700327
549371,549385,552155,14,2770,2,36000,1.00505415162
549372,549390,552712,18,3322,2,36000,1.00541842264
549384,549397,552306,13,2909,2,36000,1.00446888965
549396,549403,551971,7,2568,2,36000,1.0027258567
549403,549409,552309,6,2900,2,36000,1.00206896552
549405,549415,552738,10,3323,2,36000,1.00300932892
549411,549421,552529,10,3108,2,36000,1.00321750322
549424,549430,552570,6,3140,2,36000,1.00191082803
549430,549436,552603,6,3167,2,36000,1.00189453742
549432,549442,552289,10,2847,2,36000,1.00351246927
549439,549448,552819,9,3371,2,36000,1.00266983091
549445,549454,552533,9,3079,2,36000,1.00292302696
549447,549459,552683,12,3224,2,36000,1.00372208437
549459,549465,552162,6,2697,2,36000,1.0022246941
549460,549471,552689,11,3218,2,36000,1.00341827222
549472,549478,552089,6,2611,2,36000,1.00229797013
549502,549508,552545,6,3037,2,36000,1.00197563385
549503,549514,552553,11,3039,2,36000,1.00361961171
549505,549519,552597,14,3078,2,36000,1.00454840806
549506,549524,552777,18,3253,2,36000,1.00553335383
549524,549530,552731,6,3201,2,36000,1.00187441425
549525,549536,552689,11,3153,2,36000,1.00348874088
549532,549542,553027,10,3485,2,36000,1.00286944046
549539,549548,552902,9,3354,2,36000,1.00268336315
549540,549553,552744,13,3191,2,36000,1.00407395801
549542,549559,552823,17,3264,2,36000,1.00520833333
549543,549565,552602,22,3037,2,36000,1.00724399078
549555,549570,552811,15,3241,2,36000,1.00462820117
549557,549575,552681,18,3106,2,36000,1.00579523503
549564,549581,552550,17,2969,2,36000,1.00572583361
549571,549586,552575,15,2989,2,36000,1.0050184008
549573,549592,552736,19,3144,2,36000,1.006043257
549585,549598,552594,13,2996,2,36000,1.00433911883
549607,549613,552824,6,3211,2,36000,1.00186857677
549609,549619,552669,10,3050,2,36000,1.00327868852
549657,549664,552764,7,3100,2,36000,1.00225806452
549664,549670,553038,6,3368,2,36000,1.00178147268
549666,549676,552868,10,3192,2,36000,1.00313283208
549667,549681,552796,14,3115,2,36000,1.00449438202
549669,549686,552506,17,2820,2,36000,1.00602836879
549681,549693,552801,12,3108,2,36000,1.00386100386
549683,549698,552756,15,3058,2,36000,1.00490516678
549690,549704,552708,14,3004,2,36000,1.00466045273
549691,549709,552857,18,3148,2,36000,1.00571791614
549693,549714,553150,21,3436,2,36000,1.00611175786
549774,549780,553007,6,3227,2,36000,1.00185931205
549786,549792,553078,6,3286,2,36000,1.00182592818
549787,549798,552679,11,2881,2,36000,1.00381811871
549799,549805,552996,6,3191,2,36000,1.00188028831
549832,549838,553006,6,3168,2,36000,1.00189393939
549854,549860,553054,6,3194,2,36000,1.00187852223
549856,549867,553224,11,3357,2,36000,1.00327673518
549857,549872,552947,15,3075,2,36000,1.00487804878
549979,549985,553068,6,3083,2,36000,1.00194615634
551978,551985,554946,7,2961,2,36000,1.00236406619
552032,552038,555359,6,3321,2,36000,1.00180668473
552100,552106,555374,6,3268,2,36000,1.00183598531
552154,552160,555272,6,3112,2,36000,1.00192802057
552166,552172,555181,6,3009,2,36000,1.00199401795
552167,552178,555140,11,2962,2,36000,1.00371370695
552179,552185,555526,6,3341,2,36000,1.0017958695
552233,552239,555591,6,3352,2,36000,1.00178997613
552239,552245,555343,6,3098,2,36000,1.00193673338
552241,552251,555505,10,3254,2,36000,1.00307314075
552268,552274,555553,6,3279,2,36000,1.00182982617
552280,552287,555498,7,3211,2,36000,1.00218000623
552298,552304,555121,6,2817,2,36000,1.00212992545
552304,552310,555257,6,2947,2,36000,1.00203596878
552316,552322,555420,6,3098,2,36000,1.00193673338
552318,552328,555401,10,3073,2,36000,1.00325414904
552319,552333,555448,14,3115,2,36000,1.00449438202
552321,552338,555770,17,3432,2,36000,1.00495337995
552349,552354,555643,5,3289,2,36000,1.00152021891
552361,552367,555759,6,3392,2,36000,1.00176886792
552409,552415,555539,6,3124,2,36000,1.0019206146
552452,552459,555681,7,3222,2,36000,1.00217256363
552480,552486,555660,6,3174,2,36000,1.00189035917
552492,552498,555987,6,3489,2,36000,1.00171969046
552515,552521,555541,6,3020,2,36000,1.00198675497
552538,552544,555679,6,3135,2,36000,1.0019138756
552539,552550,555296,11,2746,2,36000,1.00400582666
552541,552555,555842,14,3287,2,36000,1.00425920292
552542,552560,555689,18,3129,2,36000,1.00575263663
552554,552566,555793,12,3227,2,36000,1.00371862411
552556,552571,555773,15,3202,2,36000,1.00468457214
552563,552577,555394,14,2817,2,36000,1.00496982606
552564,552582,555925,18,3343,2,36000,1.00538438528
552576,552588,556021,12,3433,2,36000,1.003495485
552578,552593,556092,15,3499,2,36000,1.00428693913
552584,552599,555504,15,2905,2,36000,1.00516351119
552602,552608,555909,6,3301,2,36000,1.00181763102
552603,552613,555790,10,3177,2,36000,1.00314762354
552605,552619,555753,14,3134,2,36000,1.00446713465
552606,556219,559460,3613,3241,2,36000,2.11477938908
552608,556224,559244,3616,3020,2,36000,2.19735099338
552609,552625,555643,16,3018,2,36000,1.00530152419
552611,565876,569276,13265,3400,2,36000,4.90147058824
552644,552650,555850,6,3200,2,36000,1.001875
552645,556257,559429,3612,3172,2,36000,2.13871374527
552647,566099,569124,13452,3025,2,36000,5.44694214876
552648,566434,569945,13786,3511,2,36000,4.92651666192
552650,565884,569101,13234,3217,2,36000,5.11377059372
552652,556263,559498,3611,3235,2,36000,2.11622874807
552653,566443,569415,13790,2972,2,36000,5.6399730821
552655,565936,569146,13281,3210,2,36000,5.13738317757
552656,566450,569563,13794,3113,2,36000,5.43109540636
552658,552664,555933,6,3269,2,36000,1.00183542368
552659,566460,569621,13801,3161,2,36000,5.36602341031
552661,566467,569678,13806,3211,2,36000,5.2995951417
552662,566475,569474,13813,2999,2,36000,5.60586862287
552664,566481,569638,13817,3157,2,36000,5.37662337662
552665,566501,569710,13836,3209,2,36000,5.31162355874
552667,566508,569709,13841,3201,2,36000,5.32396126211
552668,566515,569560,13847,3045,2,36000,5.54745484401
552670,566522,569695,13852,3173,2,36000,5.36558462023
552671,566528,569832,13857,3304,2,36000,5.19400726392
552673,566535,569702,13862,3167,2,36000,5.37701294601
552674,552680,555885,6,3205,2,36000,1.00187207488
552676,566543,569690,13867,3147,2,36000,5.40641881157
552677,566558,569676,13881,3118,2,36000,5.45189223861
552679,566568,569471,13889,2903,2,36000,5.78436100586
552680,566579,569508,13899,2929,2,36000,5.74530556504
552682,566592,569982,13910,3390,2,36000,5.10324483776
552683,552689,556076,6,3387,2,36000,1.00177147919
552685,552695,555577,10,2882,2,36000,1.00346981263
552686,552700,556001,14,3301,2,36000,1.00424113905
552688,566600,569569,13912,2969,2,36000,5.68575277871
552689,566608,569428,13919,2820,2,36000,5.93581560284
552691,552706,555819,15,3113,2,36000,1.00481850305
552692,552711,555704,19,2993,2,36000,1.00634814567
552694,566617,569954,13923,3337,2,36000,5.1723104585
552695,566627,569745,13932,3118,2,36000,5.46824887749
552697,566634,569837,13937,3203,2,36000,5.35123321886
552699,566640,569826,13941,3186,2,36000,5.37570621469
552700,566647,569931,13947,3284,2,36000,5.24695493301
552719,552725,555914,6,3189,2,36000,1.00188146754
552720,552731,556155,11,3424,2,36000,1.00321261682
552722,552736,556073,14,3337,2,36000,1.00419538508
552723,556333,559618,3610,3285,2,36000,2.09893455099
552725,566669,569724,13944,3055,2,36000,5.5643207856
552726,552742,556130,16,3388,2,36000,1.00472255018
552728,556346,559571,3618,3225,2,36000,2.12186046512
552729,566679,569893,13950,3214,2,36000,5.34038581207
552731,566685,569460,13954,2775,2,36000,6.02846846847
552732,566693,570158,13961,3465,2,36000,5.02914862915
552750,552756,555925,6,3169,2,36000,1.00189334175
552751,552762,556047,11,3285,2,36000,1.00334855403
552753,552767,556190,14,3423,2,36000,1.00408997955
552754,552772,555989,18,3217,2,36000,1.0055952751
552756,556388,559613,3632,3225,2,36000,2.12620155039
552772,552778,556039,6,3261,2,36000,1.0018399264
552773,552784,555989,11,3205,2,36000,1.00343213729
552789,552795,555739,6,2944,2,36000,1.00203804348
552805,552811,555707,6,2896,2,36000,1.0020718232
552806,552817,556016,11,3199,2,36000,1.00343857455
552808,552822,556093,14,3271,2,36000,1.00428003669
552824,552830,555662,6,2832,2,36000,1.00211864407
552826,552836,556088,10,3252,2,36000,1.00307503075
552833,552842,556118,9,3276,2,36000,1.00274725275
552848,552854,556097,6,3243,2,36000,1.00185013876
552865,552871,556335,6,3464,2,36000,1.00173210162
552880,552886,556091,6,3205,2,36000,1.00187207488
552910,552916,555907,6,2991,2,36000,1.00200601805
552956,552962,556133,6,3171,2,36000,1.00189214759
553004,553010,556322,6,3312,2,36000,1.0018115942
553021,553028,556563,7,3535,2,36000,1.00198019802
553023,553034,556201,11,3167,2,36000,1.0034733186
553042,553049,556207,7,3158,2,36000,1.00221659278
553044,553055,556154,11,3099,2,36000,1.00354953211
553067,553074,556376,7,3302,2,36000,1.00211992732
553086,553092,556162,6,3070,2,36000,1.00195439739
553087,553098,556248,11,3150,2,36000,1.00349206349
553158,553165,556246,7,3081,2,36000,1.00227198961
553230,553237,556449,7,3212,2,36000,1.00217932752
553597,553604,553650,7,46,16,10800,1.15217391304
553606,597265,600190,43659,2925,32,10800,15.9261538462
554758,554764,554863,6,99,16,10800,1.06060606061
554954,554960,558286,6,3326,2,36000,1.00180396873
555129,555135,558197,6,3062,2,36000,1.00195950359
555149,555155,558110,6,2955,2,36000,1.00203045685
555188,555194,558628,6,3434,2,36000,1.00174723355
555263,555270,558487,7,3217,2,36000,1.00217594032
555279,555285,558480,6,3195,2,36000,1.00187793427
555303,555309,558461,6,3152,2,36000,1.0019035533
555351,555357,558004,6,2647,2,36000,1.00226671704
555366,555372,558687,6,3315,2,36000,1.00180995475
555382,555388,558443,6,3055,2,36000,1.00196399345
555403,555409,558526,6,3117,2,36000,1.00192492782
555409,555415,558571,6,3156,2,36000,1.00190114068
555430,555436,558625,6,3189,2,36000,1.00188146754
555457,555463,558763,6,3300,2,36000,1.00181818182
555506,555512,558736,6,3224,2,36000,1.00186104218
555513,555519,558876,6,3357,2,36000,1.0017873101
555514,555525,558741,11,3216,2,36000,1.00342039801
555540,555546,558780,6,3234,2,36000,1.00185528757
555547,555553,558938,6,3385,2,36000,1.00177252585
555566,555573,558697,7,3124,2,36000,1.00224071703
555568,555579,558656,11,3077,2,36000,1.00357491063
555591,555597,558671,6,3074,2,36000,1.00195185426
555609,555615,558847,6,3232,2,36000,1.00185643564
555656,555662,558517,6,2855,2,36000,1.00210157618
555658,555668,558955,10,3287,2,36000,1.0030422878
555677,555683,559207,6,3524,2,36000,1.00170261067
555679,555689,558717,10,3028,2,36000,1.00330250991
555700,555706,558981,6,3275,2,36000,1.00183206107
555702,555712,558924,10,3212,2,36000,1.00311332503
555703,555717,558955,14,3238,2,36000,1.00432365658
555721,555728,558846,7,3118,2,36000,1.00224502886
555723,555734,559075,11,3341,2,36000,1.00329242742
555749,555755,558918,6,3163,2,36000,1.00189693329
555765,555771,558788,6,3017,2,36000,1.00198873053
555766,555777,558971,11,3194,2,36000,1.00344395742
555782,555789,559264,7,3475,2,36000,1.00201438849
555784,555795,558884,11,3089,2,36000,1.00356102298
555800,555806,558839,6,3033,2,36000,1.00197823937
555801,555812,558974,11,3162,2,36000,1.00347881088
555828,555834,558825,6,2991,2,36000,1.00200601805
555849,555855,558691,6,2836,2,36000,1.00211565585
555864,555871,559166,7,3295,2,36000,1.00212443096
555894,555901,559440,7,3539,2,36000,1.00197795988
555916,555922,559156,6,3234,2,36000,1.00185528757
555917,555928,558916,11,2988,2,36000,1.00368139224
555924,555934,559194,10,3260,2,36000,1.00306748466
555941,555947,559194,6,3247,2,36000,1.00184785956
555943,555953,559102,10,3149,2,36000,1.00317561131
555944,555958,559089,14,3131,2,36000,1.00447141488
555996,556002,559150,6,3148,2,36000,1.00190597205
555997,556008,559031,11,3023,2,36000,1.00363876943
555999,556013,559018,14,3005,2,36000,1.00465890183
556014,556020,559137,6,3117,2,36000,1.00192492782
556030,556036,558964,6,2928,2,36000,1.00204918033
556031,556042,559183,11,3141,2,36000,1.0035020694
556047,556053,559068,6,3015,2,36000,1.00199004975
556054,556059,559291,5,3232,2,36000,1.0015470297
556081,556087,559427,6,3340,2,36000,1.00179640719
556083,556093,559523,10,3430,2,36000,1.0029154519
556099,556106,559282,7,3176,2,36000,1.00220403023
556101,556112,559417,11,3305,2,36000,1.00332829047
556102,556117,559357,15,3240,2,36000,1.00462962963
556104,556122,559247,18,3125,2,36000,1.00576
556105,556128,559229,23,3101,2,36000,1.00741696227
556126,556134,559283,8,3149,2,36000,1.00254048904
556142,556148,559265,6,3117,2,36000,1.00192492782
556143,556154,559297,11,3143,2,36000,1.00349984092
556164,556171,559361,7,3190,2,36000,1.00219435737
556166,556177,559441,11,3264,2,36000,1.00337009804
556173,556183,559584,10,3401,2,36000,1.00294031167
556197,556203,559418,6,3215,2,36000,1.00186625194
556216,566704,570041,10488,3337,2,36000,4.14294276296
556218,566711,569776,10493,3065,2,36000,4.42349102773
556256,566719,569806,10463,3087,2,36000,4.38937479754
556258,566728,569765,10470,3037,2,36000,4.44748106684
556332,566757,570138,10425,3381,2,36000,4.08340727595
556348,566764,569757,10416,2993,2,36000,4.48012028065
556385,566771,570098,10386,3327,2,36000,4.12173128945
556458,556464,559524,6,3060,2,36000,1.00196078431
556572,556578,559751,6,3173,2,36000,1.00189095493
558011,558017,561158,6,3141,2,36000,1.00191021968
558117,558123,561209,6,3086,2,36000,1.00194426442
558205,558211,561354,6,3143,2,36000,1.00190900414
558295,558301,561599,6,3298,2,36000,1.00181928441
558453,558460,561770,7,3310,2,36000,1.00211480363
558472,558478,561674,6,3196,2,36000,1.00187734668
558491,558497,561612,6,3115,2,36000,1.00192616372
558498,558504,561722,6,3218,2,36000,1.00186451212
558525,558531,561528,6,2997,2,36000,1.002002002
558540,558546,561663,6,3117,2,36000,1.00192492782
558579,558585,561595,6,3010,2,36000,1.00199335548
558634,558639,561756,5,3117,2,36000,1.00160410651
558635,558645,561672,10,3027,2,36000,1.00330360093
558667,558673,561831,6,3158,2,36000,1.00189993667
558683,558689,561610,6,2921,2,36000,1.00205409106
558699,558705,561934,6,3229,2,36000,1.00185816042
558701,558711,561926,10,3215,2,36000,1.00311041991
558707,558717,561737,10,3020,2,36000,1.00331125828
558729,558735,561896,6,3161,2,36000,1.0018981335
558745,558751,561907,6,3156,2,36000,1.00190114068
558746,558757,562010,11,3253,2,36000,1.00338149401
558770,558777,561750,7,2973,2,36000,1.00235452405
558792,558798,562025,6,3227,2,36000,1.00185931205
558794,558804,561901,10,3097,2,36000,1.00322893122
558833,558839,562215,6,3376,2,36000,1.00177725118
558850,558856,561922,6,3066,2,36000,1.00195694716
558852,558862,562271,10,3409,2,36000,1.00293341156
558853,558867,562026,14,3159,2,36000,1.00443178221
558884,558890,561761,6,2871,2,36000,1.00208986416
558899,558905,561928,6,3023,2,36000,1.00198478333
558925,558931,562147,6,3216,2,36000,1.00186567164
558926,558937,562182,11,3245,2,36000,1.00338983051
558933,558943,562217,10,3274,2,36000,1.00305436775
558952,558958,562124,6,3166,2,36000,1.00189513582
558973,558979,562226,6,3247,2,36000,1.00184785956
558975,558985,562296,10,3311,2,36000,1.00302023558
558976,558990,562384,14,3394,2,36000,1.00412492634
558978,558995,562013,17,3018,2,36000,1.00563286945
558999,559005,561950,6,2945,2,36000,1.00203735144
559001,559011,562005,10,2994,2,36000,1.00334001336
559029,559035,562276,6,3241,2,36000,1.00185128047
559046,559053,562210,7,3157,2,36000,1.0022172949
559077,559083,562269,6,3186,2,36000,1.00188323917
559084,559089,562449,5,3360,2,36000,1.00148809524
559105,559111,562258,6,3147,2,36000,1.00190657769
559112,559118,562134,6,3016,2,36000,1.00198938992
559150,559156,562368,6,3212,2,36000,1.00186799502
559171,559177,562341,6,3164,2,36000,1.00189633375
559173,559183,562271,10,3088,2,36000,1.00323834197
559174,559188,562372,14,3184,2,36000,1.00439698492
559194,559200,562313,6,3113,2,36000,1.00192740122
559201,559207,562440,6,3233,2,36000,1.00185586143
559202,559213,562494,11,3281,2,36000,1.00335263639
559219,559225,562589,6,3364,2,36000,1.00178359096
559239,559245,562469,6,3224,2,36000,1.00186104218
559255,559261,562341,6,3080,2,36000,1.00194805195
559257,559267,562480,10,3213,2,36000,1.00311235605
559273,559279,562361,6,3082,2,36000,1.0019467878
559274,559285,562631,11,3346,2,36000,1.00328750747
559290,559296,562470,6,3174,2,36000,1.00189035917
559292,559302,562518,10,3216,2,36000,1.00310945274
559307,559313,562545,6,3232,2,36000,1.00185643564
559309,559319,562606,10,3287,2,36000,1.0030422878
559369,559375,562513,6,3138,2,36000,1.00191204589
559370,559381,562466,11,3085,2,36000,1.00356564019
559425,559432,562716,7,3284,2,36000,1.00213154689
559427,559438,562766,11,3328,2,36000,1.00330528846
559443,559449,562653,6,3204,2,36000,1.00187265918
559445,559455,562855,10,3400,2,36000,1.00294117647
559446,559460,562582,14,3122,2,36000,1.00448430493
559448,559465,562518,17,3053,2,36000,1.00556829348
559468,559475,562613,7,3138,2,36000,1.0022307202
559504,559511,562860,7,3349,2,36000,1.00209017617
559532,559538,562823,6,3285,2,36000,1.00182648402
559534,559544,562785,10,3241,2,36000,1.00308546745
559581,559587,562658,6,3071,2,36000,1.00195376099
559598,559604,563032,6,3428,2,36000,1.00175029172
559626,559632,562774,6,3142,2,36000,1.00190961171
559628,559638,562392,10,2754,2,36000,1.00363108206
559762,559768,562967,6,3199,2,36000,1.00187558612
560364,560370,560387,6,17,16,18000,1.35294117647
560448,560455,560475,7,20,16,18000,1.35
560496,560502,560586,6,84,16,18000,1.07142857143
560654,560660,560681,6,21,16,18000,1.28571428571
560722,560728,561154,6,426,16,18000,1.01408450704
561166,561172,564410,6,3238,2,36000,1.00185299568
561220,561226,564355,6,3129,2,36000,1.00191754554
561364,561370,564644,6,3274,2,36000,1.00183262065
561536,561542,564494,6,2952,2,36000,1.00203252033
561603,561609,564990,6,3381,2,36000,1.00177462289
561609,561615,564886,6,3271,2,36000,1.00183430144
561625,561631,565032,6,3401,2,36000,1.001764187
561626,561637,564751,11,3114,2,36000,1.00353243417
561672,561678,564854,6,3176,2,36000,1.00188916877
561687,561693,564923,6,3230,2,36000,1.00185758514
561689,561699,564734,10,3035,2,36000,1.00329489292
561731,561737,565127,6,3390,2,36000,1.0017699115
561747,561753,565078,6,3325,2,36000,1.00180451128
561763,561769,565131,6,3362,2,36000,1.00178465199
561764,561775,565070,11,3295,2,36000,1.0033383915
561771,561781,565028,10,3247,2,36000,1.00307976594
561786,561793,564833,7,3040,2,36000,1.00230263158
561843,561849,565003,6,3154,2,36000,1.00190234623
561904,561910,565114,6,3204,2,36000,1.00187265918
561911,561916,565295,5,3379,2,36000,1.00147972773
561926,561932,564923,6,2991,2,36000,1.00200601805
561928,561938,564996,10,3058,2,36000,1.00327011118
561934,561944,565034,10,3090,2,36000,1.00323624595
561951,561957,565294,6,3337,2,36000,1.00179802218
561953,561963,565069,10,3106,2,36000,1.00321957502
561959,561969,564797,10,2828,2,36000,1.00353606789
562015,562021,565230,6,3209,2,36000,1.00186974135
562016,562027,565031,11,3004,2,36000,1.00366178429
562018,562032,565375,14,3343,2,36000,1.00418785522
562034,562041,565309,7,3268,2,36000,1.00214198286
562036,562047,565372,11,3325,2,36000,1.00330827068
562133,562139,565210,6,3071,2,36000,1.00195376099
562150,562156,565643,6,3487,2,36000,1.0017206768
562156,562162,565145,6,2983,2,36000,1.00201139792
562194,562200,565310,6,3110,2,36000,1.00192926045
562228,562234,565377,6,3143,2,36000,1.00190900414
562229,562240,565375,11,3135,2,36000,1.00350877193
562231,562245,565363,14,3118,2,36000,1.00449005773
562232,562250,565413,18,3163,2,36000,1.00569079987
562271,562277,565548,6,3271,2,36000,1.00183430144
562278,562284,565509,6,3225,2,36000,1.00186046512
562301,562307,565471,6,3164,2,36000,1.00189633375
562302,562313,565674,11,3361,2,36000,1.00327283547
562304,562318,565586,14,3268,2,36000,1.00428396573
562305,562323,565533,18,3210,2,36000,1.00560747664
562323,562329,565374,6,3045,2,36000,1.00197044335
562353,562359,565268,6,2909,2,36000,1.00206256446
562354,562365,565440,11,3075,2,36000,1.00357723577
562375,562381,565618,6,3237,2,36000,1.00185356812
562376,562387,565658,11,3271,2,36000,1.00336288597
562378,562392,565285,14,2893,2,36000,1.0048392672
562399,562405,565645,6,3240,2,36000,1.00185185185
562401,562411,565828,10,3417,2,36000,1.00292654375
562449,562455,565764,6,3309,2,36000,1.00181323663
562465,562471,565708,6,3237,2,36000,1.00185356812
562481,562487,565865,6,3378,2,36000,1.00177619893
562483,562493,565614,10,3121,2,36000,1.00320410125
562484,562498,565662,14,3164,2,36000,1.00442477876
562491,562504,565584,13,3080,2,36000,1.00422077922
562507,562513,565769,6,3256,2,36000,1.00184275184
562523,562529,565806,6,3277,2,36000,1.00183094294
562525,562535,565935,10,3400,2,36000,1.00294117647
562526,562540,565734,14,3194,2,36000,1.00438321853
562553,562559,565719,6,3160,2,36000,1.00189873418
562590,562596,565924,6,3328,2,36000,1.00180288462
562605,562612,565671,7,3059,2,36000,1.00228832952
562621,562627,565728,6,3101,2,36000,1.00193485972
562623,562633,565871,10,3238,2,36000,1.00308832613
562638,562644,565812,6,3168,2,36000,1.00189393939
562662,562668,565947,6,3279,2,36000,1.00182982617
562669,562675,565563,6,2888,2,36000,1.00207756233
562723,562729,566147,6,3418,2,36000,1.00175541252
562775,562781,566106,6,3325,2,36000,1.00180451128
562781,562787,566033,6,3246,2,36000,1.00184842884
562798,562804,566004,6,3200,2,36000,1.001875
562831,562837,566115,6,3278,2,36000,1.00183038438
562864,562871,566138,7,3267,2,36000,1.00214263851
562866,562877,566156,11,3279,2,36000,1.00335468131
562977,562983,566477,6,3494,2,36000,1.00171722954
563041,563048,566334,7,3286,2,36000,1.00213024954
564355,564361,575528,6,11167,16,15000,1.00053729739
564365,564371,567441,6,3070,2,36000,1.00195439739
564419,564425,567492,6,3067,2,36000,1.0019563091
564506,564512,567539,6,3027,2,36000,1.00198216056
564651,564657,567709,6,3052,2,36000,1.00196592398
564742,564748,568159,6,3411,2,36000,1.00175901495
564757,564763,568001,6,3238,2,36000,1.00185299568
564806,564812,567943,6,3131,2,36000,1.00191632066
564842,564848,567916,6,3068,2,36000,1.00195567145
564862,564868,568083,6,3215,2,36000,1.00186625194
564892,564899,568315,7,3416,2,36000,1.00204918033
564933,564939,568241,6,3302,2,36000,1.00181708056
564935,564945,567776,10,2831,2,36000,1.00353232073
565003,565010,568487,7,3477,2,36000,1.0020132298
565005,565016,568101,11,3085,2,36000,1.00356564019
565012,565022,568302,10,3280,2,36000,1.00304878049
565042,565048,568312,6,3264,2,36000,1.00183823529
565043,565054,568492,11,3438,2,36000,1.00319953461
565045,565059,568315,14,3256,2,36000,1.0042997543
565046,565064,568258,18,3194,2,36000,1.00563556669
565081,565087,568493,6,3406,2,36000,1.00176159718
565083,565093,568406,10,3313,2,36000,1.00301841232
565084,565098,568113,14,3015,2,36000,1.00464344942
565125,565131,568512,6,3381,2,36000,1.00177462289
565144,565150,568371,6,3221,2,36000,1.00186277554
565146,565156,568418,10,3262,2,36000,1.00306560392
565161,565167,568421,6,3254,2,36000,1.00184388445
565218,565224,568638,6,3414,2,36000,1.00175746924
565239,565245,568287,6,3042,2,36000,1.00197238659
565275,565281,568339,6,3058,2,36000,1.00196206671
565297,565303,568080,6,2777,2,36000,1.00216060497
565304,565309,568398,5,3089,2,36000,1.00161864681
565305,565315,568435,10,3120,2,36000,1.00320512821
565320,565326,568351,6,3025,2,36000,1.00198347107
565322,565332,568506,10,3174,2,36000,1.00315059861
565370,565376,568576,6,3200,2,36000,1.001875
565386,565392,568612,6,3220,2,36000,1.00186335404
565387,565398,568691,11,3293,2,36000,1.00334041907
565389,565403,568303,14,2900,2,36000,1.00482758621
565390,565408,568704,18,3296,2,36000,1.00546116505
565392,565413,568716,21,3303,2,36000,1.00635785649
565422,565428,568616,6,3188,2,36000,1.00188205772
565449,565455,568409,6,2954,2,36000,1.00203114421
565479,565485,568314,6,2829,2,36000,1.00212089077
565519,565525,568771,6,3246,2,36000,1.00184842884
565540,565546,568876,6,3330,2,36000,1.0018018018
565556,565562,568769,6,3207,2,36000,1.00187090739
565572,565578,568671,6,3093,2,36000,1.00193986421
565596,565602,568784,6,3182,2,36000,1.00188560654
565597,565608,568876,11,3268,2,36000,1.00336597307
565625,565631,569018,6,3387,2,36000,1.00177147919
565627,565637,569074,10,3437,2,36000,1.00290951411
565658,565664,568642,6,2978,2,36000,1.00201477502
565659,565670,568723,11,3053,2,36000,1.00360301343
565684,565690,568927,6,3237,2,36000,1.00185356812
565685,565696,568812,11,3116,2,36000,1.00353016688
565687,565701,568759,14,3058,2,36000,1.00457815566
565688,565706,568908,18,3202,2,36000,1.00562148657
565722,565728,568541,6,2813,2,36000,1.00213295414
565729,565735,568943,6,3208,2,36000,1.00187032419
565751,565757,569003,6,3246,2,36000,1.00184842884
565752,565763,568812,11,3049,2,36000,1.00360774024
565779,565785,568893,6,3108,2,36000,1.00193050193
565780,565791,568971,11,3180,2,36000,1.0034591195
565821,565827,569120,6,3293,2,36000,1.00182204677
565823,565833,569124,10,3291,2,36000,1.00303859009
565841,565847,569019,6,3172,2,36000,1.00189155107
565880,566787,569779,907,2992,2,36000,1.30314171123
565882,566795,570034,913,3239,2,36000,1.28187712257
565931,566804,570033,873,3229,2,36000,1.27036234128
565948,565954,569073,6,3119,2,36000,1.00192369349
565954,565960,569256,6,3296,2,36000,1.00182038835
566013,566019,569446,6,3427,2,36000,1.00175080245
566040,566046,569276,6,3230,2,36000,1.00185758514
566114,566816,569895,702,3079,2,36000,1.22799610263
566129,566136,569161,7,3025,2,36000,1.00231404959
566145,566152,569331,7,3179,2,36000,1.0022019503
566163,566169,569132,6,2963,2,36000,1.00202497469
566165,566175,569415,10,3240,2,36000,1.00308641975
566346,566352,569517,6,3165,2,36000,1.0018957346
566486,566492,569742,6,3250,2,36000,1.00184615385
567449,568401,571636,952,3235,2,36000,1.2942812983
567502,568408,571554,906,3146,2,36000,1.28798474253
567549,568415,571530,866,3115,2,36000,1.27800963082
567720,568422,571575,702,3153,2,36000,1.2226450999
567788,568429,571393,641,2964,2,36000,1.21626180837
567925,568437,571690,512,3253,2,36000,1.15739317553
567951,568444,571734,493,3290,2,36000,1.14984802432
568008,568467,571443,459,2976,2,36000,1.15423387097
568091,568473,571483,382,3010,2,36000,1.126910299
568092,568480,571636,388,3156,2,36000,1.12294043093
568110,568489,571956,379,3467,2,36000,1.10931641188
568126,568495,571690,369,3195,2,36000,1.11549295775
568167,568502,571296,335,2794,2,36000,1.11989978525
568252,568509,571594,257,3085,2,36000,1.08330632091
568268,568516,571570,248,3054,2,36000,1.08120497708
568295,568525,571885,230,3360,2,36000,1.06845238095
568311,568538,571843,227,3305,2,36000,1.06868381241
568313,568545,571763,232,3218,2,36000,1.07209446861
568330,568551,571882,221,3331,2,36000,1.06634644251
568331,568558,571795,227,3237,2,36000,1.07012666049
568333,568565,571733,232,3168,2,36000,1.07323232323
568334,568572,571846,238,3274,2,36000,1.07269395235
568350,568579,571871,229,3292,2,36000,1.06956257594
568365,568585,571951,220,3366,2,36000,1.06535947712
568381,568592,571684,211,3092,2,36000,1.06824062096
568405,568601,571853,196,3252,2,36000,1.06027060271
568421,568608,571974,187,3366,2,36000,1.05555555556
568423,568620,572069,197,3449,2,36000,1.05711800522
568424,568626,571843,202,3217,2,36000,1.06279142058
568431,568634,571821,203,3187,2,36000,1.06369626608
568447,568453,571727,6,3274,2,36000,1.00183262065
568496,568502,571958,6,3456,2,36000,1.00173611111
568503,568509,571795,6,3286,2,36000,1.00182592818
568504,568515,571767,11,3252,2,36000,1.00338253383
568520,568527,571831,7,3304,2,36000,1.00211864407
568522,568716,571971,194,3255,2,36000,1.05960061444
568548,568588,571826,40,3238,2,36000,1.01235330451
568584,568683,571842,99,3159,2,36000,1.03133903134
568621,568627,571566,6,2939,2,36000,1.00204151072
568623,568633,571985,10,3352,2,36000,1.00298329356
568648,568653,571709,5,3056,2,36000,1.00163612565
568649,568659,572015,10,3356,2,36000,1.00297973778
568679,568727,572026,48,3299,2,36000,1.0145498636
568700,568706,571941,6,3235,2,36000,1.00185471406
568716,568734,571902,18,3168,2,36000,1.00568181818
568731,568770,571998,39,3228,2,36000,1.01208178439
568733,568781,572068,48,3287,2,36000,1.01460298144
568766,568795,571970,29,3175,2,36000,1.00913385827
568782,568788,571695,6,2907,2,36000,1.00206398349
568783,568823,572066,40,3243,2,36000,1.0123342584
568799,568828,571765,29,2937,2,36000,1.00987402111
568820,568887,571960,67,3073,2,36000,1.02180279857
568821,568919,572156,98,3237,2,36000,1.03027494594
568883,568893,572147,10,3254,2,36000,1.00307314075
568885,568954,572100,69,3146,2,36000,1.02193261284
568900,568905,572182,5,3277,2,36000,1.00152578578
568915,569014,572286,99,3272,2,36000,1.03025672372
568936,568942,572321,6,3379,2,36000,1.00177567328
568954,569084,572257,130,3173,2,36000,1.0409706902
568980,568986,572362,6,3376,2,36000,1.00177725118
569017,569030,572421,13,3391,2,36000,1.00383367738
569034,569040,572221,6,3181,2,36000,1.00188619931
569035,569112,572139,77,3027,2,36000,1.02543772712
569083,569090,572441,7,3351,2,36000,1.00208892868
569084,569135,572197,51,3062,2,36000,1.01665578054
569112,569287,572529,175,3242,2,36000,1.05397902529
569132,569141,572447,9,3306,2,36000,1.00272232305
569134,569172,572510,38,3338,2,36000,1.01138406231
569135,569157,572441,22,3284,2,36000,1.00669914738
569156,569163,572094,7,2931,2,36000,1.00238826339
569157,569426,572631,269,3205,2,36000,1.08393135725
569175,569267,572169,92,2902,2,36000,1.03170227429
569264,569292,572248,28,2956,2,36000,1.00947225981
569285,569440,572359,155,2919,2,36000,1.05310037684
569287,569342,572754,55,3412,2,36000,1.01611957796
569338,569431,572498,93,3067,2,36000,1.030322791
569424,569457,572541,33,3084,2,36000,1.01070038911
569426,569471,572388,45,2917,2,36000,1.01542680836
569441,569482,572677,41,3195,2,36000,1.01283255086
569456,569488,572800,32,3312,2,36000,1.00966183575
569472,571229,574374,1757,3145,2,36000,1.5586645469
569479,571238,574033,1759,2795,2,36000,1.62933810376
569495,571245,574259,1750,3014,2,36000,1.58062375581
569516,571252,574350,1736,3098,2,36000,1.56036152356
569532,571258,574272,1726,3014,2,36000,1.57266091573
569569,571268,574365,1699,3097,2,36000,1.54859541492
569571,571274,574387,1703,3113,2,36000,1.54706071314
569586,571280,574101,1694,2821,2,36000,1.60049627792
569628,571287,574660,1659,3373,2,36000,1.49184702046
569649,569655,572977,6,3322,2,36000,1.00180614088
569683,569689,572864,6,3175,2,36000,1.00188976378
569685,569695,572962,10,3267,2,36000,1.00306091215
569701,569707,572901,6,3194,2,36000,1.00187852223
569702,569713,573259,11,3546,2,36000,1.00310208686
569718,569724,572885,6,3161,2,36000,1.0018981335
569720,569730,572773,10,3043,2,36000,1.00328623069
569721,571294,574523,1573,3229,2,36000,1.48714772375
569737,569743,572923,6,3180,2,36000,1.00188679245
569752,569759,572702,7,2943,2,36000,1.00237852531
569754,569765,573087,11,3322,2,36000,1.00331125828
569770,569776,573071,6,3295,2,36000,1.00182094082
569772,569782,572945,10,3163,2,36000,1.00316155549
569788,569794,572828,6,3034,2,36000,1.00197758734
569789,569800,573026,11,3226,2,36000,1.00340979541
569813,569819,572924,6,3105,2,36000,1.00193236715
569834,569840,573104,6,3264,2,36000,1.00183823529
569841,569847,572876,6,3029,2,36000,1.00198085177
569857,569863,573029,6,3166,2,36000,1.00189513582
569902,569908,573216,6,3308,2,36000,1.00181378476
569903,569914,573225,11,3311,2,36000,1.00332225914
569939,569945,572910,6,2965,2,36000,1.00202360877
569955,569961,573117,6,3156,2,36000,1.00190114068
569962,569968,573182,6,3214,2,36000,1.00186683261
569989,569995,573172,6,3177,2,36000,1.00188857413
570042,570048,572839,6,2791,2,36000,1.00214976711
570043,570054,573273,11,3219,2,36000,1.00341721031
570050,570060,573160,10,3100,2,36000,1.00322580645
570106,570113,573178,7,3065,2,36000,1.00228384992
570148,570154,573616,6,3462,2,36000,1.00173310225
570167,570173,573390,6,3217,2,36000,1.0018650917
571302,571347,574366,45,3019,2,36000,1.01490559788
571399,571525,574917,126,3392,2,36000,1.03714622642
571450,571531,574738,81,3207,2,36000,1.02525724977
571494,571544,574803,50,3259,2,36000,1.01534212949
571540,571555,574326,15,2771,2,36000,1.00541320823
571563,571588,574739,25,3151,2,36000,1.00793398921
571585,571591,574950,6,3359,2,36000,1.00178624591
571586,571794,574982,208,3188,2,36000,1.0652446675
571588,571800,574997,212,3197,2,36000,1.06631216766
571605,571807,574955,202,3148,2,36000,1.06416772554
571644,571813,575105,169,3292,2,36000,1.05133657351
571645,571820,575022,175,3202,2,36000,1.05465334166
571696,571827,575128,131,3301,2,36000,1.03968494396
571698,571834,574745,136,2911,2,36000,1.04671934043
571699,571842,574904,143,3062,2,36000,1.04670150229
571706,571849,574984,143,3135,2,36000,1.04561403509
571726,571857,575208,131,3351,2,36000,1.03909280812
571745,571751,575003,6,3252,2,36000,1.00184501845
571746,571757,575082,11,3325,2,36000,1.00330827068
571748,571868,574873,120,3005,2,36000,1.03993344426
571770,571776,575027,6,3251,2,36000,1.00184558597
571772,571783,574927,11,3144,2,36000,1.00349872774
571774,571924,575089,150,3165,2,36000,1.04739336493
571806,571812,574952,6,3140,2,36000,1.00191082803
571808,571935,575131,127,3196,2,36000,1.03973717146
571830,571913,575258,83,3345,2,36000,1.02481315396
571836,571853,574907,17,3054,2,36000,1.0055664702
571854,571860,575105,6,3245,2,36000,1.00184899846
571856,571866,575048,10,3182,2,36000,1.00314267756
571857,571948,575078,91,3130,2,36000,1.02907348243
571859,571955,574920,96,2965,2,36000,1.0323777403
571860,571962,574999,102,3037,2,36000,1.03358577544
571862,571969,575191,107,3222,2,36000,1.03320918684
571878,571976,575353,98,3377,2,36000,1.02901984009
571894,571982,575148,88,3166,2,36000,1.02779532533
571895,571996,575255,101,3259,2,36000,1.03099110156
571911,572008,575369,97,3361,2,36000,1.0288604582
571950,572016,575063,66,3047,2,36000,1.02166064982
571966,571973,575023,7,3050,2,36000,1.00229508197
571968,571979,575092,11,3113,2,36000,1.0035335689
571969,572023,575332,54,3309,2,36000,1.01631912965
571971,571985,575244,14,3259,2,36000,1.00429579626
571987,572010,575193,23,3183,2,36000,1.00722588753
571989,572334,575362,345,3028,2,36000,1.11393659181
571990,572339,575524,349,3185,2,36000,1.10957613815
571992,571998,575331,6,3333,2,36000,1.00180018002
572007,572344,575162,337,2818,2,36000,1.11958836054
572023,572029,575423,6,3394,2,36000,1.00176782557
572039,572045,575308,6,3263,2,36000,1.00183879865
572075,572349,575458,274,3109,2,36000,1.08813123191
572077,572083,575346,6,3263,2,36000,1.00183879865
572079,572089,575682,10,3593,2,36000,1.00278318954
572102,572366,575584,264,3218,2,36000,1.08203853325
572109,572452,575679,343,3227,2,36000,1.10629067245
572151,572300,575041,149,2741,2,36000,1.05435972273
572153,572521,575679,368,3158,2,36000,1.11652944902
572168,572354,575596,186,3242,2,36000,1.0573719926
572184,572685,575908,501,3223,2,36000,1.15544523736
572191,572693,575668,502,2975,2,36000,1.1687394958
572207,572688,575802,481,3114,2,36000,1.15446371227
572227,572702,575901,475,3199,2,36000,1.14848390122
572258,572709,576075,451,3366,2,36000,1.1339869281
572264,572716,575812,452,3096,2,36000,1.14599483204
572294,572359,575435,65,3076,2,36000,1.0211313394
572330,572723,575923,393,3200,2,36000,1.1228125
572366,572737,576105,371,3368,2,36000,1.1101543943
572368,572744,575608,376,2864,2,36000,1.1312849162
572395,572401,575470,6,3069,2,36000,1.00195503421
572428,572434,575589,6,3155,2,36000,1.00190174326
572450,572750,576005,300,3255,2,36000,1.09216589862
572451,572458,575490,7,3032,2,36000,1.00230870712
572453,572757,576024,304,3267,2,36000,1.09305172942
572507,572513,575804,6,3291,2,36000,1.00182315406
572523,572764,575900,241,3136,2,36000,1.0768494898
572538,572544,575875,6,3331,2,36000,1.00180126088
572554,572560,575819,6,3259,2,36000,1.00184105554
572638,572645,575898,7,3253,2,36000,1.00215185982
572683,572775,576053,92,3278,2,36000,1.02806589384
572710,572782,575973,72,3191,2,36000,1.02256345973
572762,572815,575575,53,2760,2,36000,1.01920289855
572783,572822,575998,39,3176,2,36000,1.01227959698
572808,572836,575986,28,3150,2,36000,1.00888888889
572835,572850,575945,15,3095,2,36000,1.00484652666
572851,575074,578298,2223,3224,2,36000,1.68951612903
572874,572880,576273,6,3393,2,36000,1.0017683466
572893,572900,576203,7,3303,2,36000,1.0021192855
572895,572906,575998,11,3092,2,36000,1.00355756792
572915,572921,576013,6,3092,2,36000,1.00194049159
572917,572927,576141,10,3214,2,36000,1.00311138768
572933,572956,576240,23,3284,2,36000,1.00700365408
572934,572941,575779,7,2838,2,36000,1.00246652572
572956,573037,576275,81,3238,2,36000,1.02501544163
572974,572980,576220,6,3240,2,36000,1.00185185185
572991,572997,576068,6,3071,2,36000,1.00195376099
573037,573098,576412,61,3314,2,36000,1.0184067592
573038,573082,576178,44,3096,2,36000,1.0142118863
573081,574928,578239,1847,3311,2,36000,1.55783751133
573098,574750,577938,1652,3188,2,36000,1.51819322459
573114,573120,576098,6,2978,2,36000,1.00201477502
573129,573135,576458,6,3323,2,36000,1.00180559735
573168,574814,578129,1646,3315,2,36000,1.49653092006
573184,574337,577515,1153,3178,2,36000,1.36280679673
573185,576840,579982,3655,3142,2,36000,2.1632718014
573192,576845,580072,3653,3227,2,36000,2.13201115587
573226,574938,578181,1712,3243,2,36000,1.52790625964
573232,576850,580075,3618,3225,2,36000,2.12186046512
573265,573272,576406,7,3134,2,36000,1.00223356733
573281,573287,576431,6,3144,2,36000,1.00190839695
573399,577039,580238,3640,3199,2,36000,2.13785557987
573624,575013,578212,1389,3199,2,36000,1.43419818693
574042,574048,577332,6,3284,2,36000,1.00182704019
574109,574993,578137,884,3144,2,36000,1.28117048346
574267,574273,577489,6,3216,2,36000,1.00186567164
574283,575008,578260,725,3252,2,36000,1.2229397294
574334,578635,581816,4301,3181,2,36000,2.35209053757
574362,574368,577489,6,3121,2,36000,1.00192246075
574378,575343,578551,965,3208,2,36000,1.30081047382
574380,574385,577469,5,3084,2,36000,1.00162127108
574381,574391,577534,10,3143,2,36000,1.00318167356
574397,574403,577943,6,3540,2,36000,1.00169491525
574530,574536,577741,6,3205,2,36000,1.00187207488
574667,575434,578575,767,3141,2,36000,1.24418974849
574746,575595,578760,849,3165,2,36000,1.2682464455
574748,578640,581688,3892,3048,2,36000,2.27690288714
574755,575956,579201,1201,3245,2,36000,1.37010785824
574815,578309,581595,3494,3286,2,36000,2.06329884358
574882,578562,581642,3680,3080,2,36000,2.19480519481
574914,578645,581822,3731,3177,2,36000,2.17437834435
574915,574921,578131,6,3210,2,36000,1.00186915888
574932,578586,581824,3654,3238,2,36000,2.12847436689
574933,578771,581996,3838,3225,2,36000,2.19007751938
574935,578650,581864,3715,3214,2,36000,2.15588052271
574960,579213,582540,4253,3327,2,36000,2.27832882477
574961,581606,584849,6645,3243,2,36000,3.04902867715
574963,581653,584928,6690,3275,2,36000,3.0427480916
574992,581835,584988,6843,3153,2,36000,3.17031398668
574993,582007,585207,7014,3200,2,36000,3.191875
575011,582551,585612,7540,3061,2,36000,3.4632473048
575013,575038,578303,25,3265,2,36000,1.00765696784
575015,575116,578265,101,3149,2,36000,1.03207367418
575031,584860,588065,9829,3205,2,36000,4.06677067083
575032,584939,588226,9907,3287,2,36000,4.01399452388
575034,575139,578395,105,3256,2,36000,1.03224815725
575052,575058,578234,6,3176,2,36000,1.00188916877
575059,585007,588102,9948,3095,2,36000,4.21421647819
575075,585218,588374,10143,3156,2,36000,4.213878327
575093,585623,588608,10530,2985,2,36000,4.52763819095
575095,575159,578356,64,3197,2,36000,1.02001876759
575096,588076,591489,12980,3413,2,36000,4.80310577205
575098,588239,591411,13141,3172,2,36000,5.14281210593
575121,588113,591273,12992,3160,2,36000,5.11139240506
575122,588386,591584,13264,3198,2,36000,5.14759224515
575141,588620,592004,13479,3384,2,36000,4.98315602837
575142,591500,594573,16358,3073,2,36000,6.32313699967
575158,591422,594746,16264,3324,2,36000,5.89290012034
575176,575444,578797,268,3353,2,36000,1.07992842231
575202,575450,578652,248,3202,2,36000,1.07745159275
575204,575456,578624,252,3168,2,36000,1.07954545455
575219,591285,594543,16066,3258,2,36000,5.93124616329
575252,575601,578798,349,3197,2,36000,1.10916484204
575272,575607,578676,335,3069,2,36000,1.1091560769
575274,575613,578647,339,3034,2,36000,1.1117336849
575319,575619,578340,300,2721,2,36000,1.11025358324
575343,591596,595011,16253,3415,2,36000,5.75929721816
575344,592016,595220,16672,3204,2,36000,6.20349563046
575365,594554,597792,19189,3238,2,36000,6.92618900556
575367,578568,581803,3201,3235,2,36000,1.98948995363
575369,578591,581851,3222,3260,2,36000,1.98834355828
575386,578597,581846,3211,3249,2,36000,1.98830409357
575438,594573,597839,19135,3266,2,36000,6.85884874464
575445,578657,581950,3212,3293,2,36000,1.97540236866
575470,578663,581930,3193,3267,2,36000,1.97734925008
575487,578669,581690,3182,3021,2,36000,2.05329361139
575505,578688,581946,3183,3258,2,36000,1.97697974217
575535,578694,581980,3159,3286,2,36000,1.96135118685
575584,578760,581937,3176,3177,2,36000,1.99968523765
575591,594578,597663,18987,3085,2,36000,7.1546191248
575607,578777,581979,3170,3202,2,36000,1.9900062461
575608,578808,581958,3200,3150,2,36000,2.01587301587
575624,594583,597812,18959,3229,2,36000,6.87147723753
575675,594588,597779,18913,3191,2,36000,6.92698213726
575691,581612,584789,5921,3177,2,36000,2.86370790054
575693,581658,584973,5965,3315,2,36000,2.79939668175
575694,581665,584931,5971,3266,2,36000,2.82823025107
575790,581670,584724,5880,3054,2,36000,2.92534381139
575812,581699,584869,5887,3170,2,36000,2.8570977918
575813,581704,585008,5891,3304,2,36000,2.78299031477
575820,581710,584996,5890,3286,2,36000,2.79245283019
575835,581715,584741,5880,3026,2,36000,2.94315928619
575884,581781,584838,5897,3057,2,36000,2.92901537455
575905,581786,584825,5881,3039,2,36000,2.93517604475
575907,594594,597708,18687,3114,2,36000,7.00096339114
575908,581814,585047,5906,3233,2,36000,2.82678626663
575924,581820,585010,5896,3190,2,36000,2.84827586207
575931,594599,598026,18668,3427,2,36000,6.44733002626
575952,594604,597886,18652,3282,2,36000,6.68312004875
575981,594609,597769,18628,3160,2,36000,6.89493670886
575997,582557,585756,6560,3199,2,36000,3.05064082526
576014,582623,585804,6609,3181,2,36000,3.0776485382
576015,582689,585944,6674,3255,2,36000,3.05038402458
576017,582755,586065,6738,3310,2,36000,3.03564954683
576018,582821,585911,6803,3090,2,36000,3.20161812298
576034,594614,597677,18580,3063,2,36000,7.06594841659
576061,584870,588158,8809,3288,2,36000,3.67913625304
576076,584880,588217,8804,3337,2,36000,3.63829787234
576083,584886,588053,8803,3167,2,36000,3.77960214714
576109,584944,588234,8835,3290,2,36000,3.68541033435
576111,584950,588475,8839,3525,2,36000,3.5075177305
576131,595605,595611,19474,6,16,54000,1948.0
576150,584955,588241,8805,3286,2,36000,3.67954960438
576186,584985,587929,8799,2944,2,36000,3.98879076087
576210,584990,587983,8780,2993,2,36000,3.9335115269
576231,584996,588171,8765,3175,2,36000,3.76062992126
576251,585001,587930,8750,2929,2,36000,3.98736770229
576281,585012,588200,8731,3188,2,36000,3.7387076537
576283,585017,588068,8734,3051,2,36000,3.86266797771
576414,585023,588117,8609,3094,2,36000,3.78248222366
576421,585028,588062,8607,3034,2,36000,3.83684904417
576443,585033,588222,8590,3189,2,36000,3.69363436814
576468,585040,588082,8572,3042,2,36000,3.81788297173
577339,585045,588186,7706,3141,2,36000,3.45335880293
577477,585050,588163,7573,3113,2,36000,3.43270157404
577498,585058,588317,7560,3259,2,36000,3.31972997852
577500,585063,588406,7563,3343,2,36000,3.26233921627
577526,585068,588407,7542,3339,2,36000,3.25876010782
577541,585074,588168,7533,3094,2,36000,3.43471234648
577750,585079,588023,7329,2944,2,36000,3.4894701087
577947,585084,588132,7137,3048,2,36000,3.34153543307
577949,585150,588363,7201,3213,2,36000,3.24120759415
578137,585155,588419,7018,3264,2,36000,3.15012254902
578138,585160,588512,7022,3352,2,36000,3.09486873508
578154,585223,588569,7069,3346,2,36000,3.11267184698
578192,585228,588292,7036,3064,2,36000,3.29634464752
578224,585233,588327,7009,3094,2,36000,3.26535229476
578245,585240,588504,6995,3264,2,36000,3.14307598039
578246,585245,588767,6999,3522,2,36000,2.98722316865
578268,585250,588224,6982,2974,2,36000,3.3476798924
578274,585255,588352,6981,3097,2,36000,3.25411688731
578310,594620,597705,16310,3085,2,36000,6.2868719611
578311,585321,588504,7010,3183,2,36000,3.20232485077
578347,585326,588445,6979,3119,2,36000,3.2375761462
578363,585331,588713,6968,3382,2,36000,3.06031933767
578403,585397,588520,6994,3123,2,36000,3.2395132885
578559,594625,597955,16066,3330,2,36000,5.82462462462
578586,594630,597630,16044,3000,2,36000,6.348
578633,585463,588473,6830,3010,2,36000,3.26910299003
578659,585529,588601,6870,3072,2,36000,3.236328125
578661,585595,588958,6934,3363,2,36000,3.0618495391
578684,585628,588774,6944,3146,2,36000,3.20724729816
578771,594635,598099,15864,3464,2,36000,5.57967667436
578804,585634,588952,6830,3318,2,36000,3.0584689572
578806,585700,588808,6894,3108,2,36000,3.21814671815
579209,594640,598056,15431,3416,2,36000,5.51727166276
579990,588082,591355,8092,3273,2,36000,3.47234952643
580081,588088,591206,8007,3118,2,36000,3.56799230276
580083,588094,591287,8011,3193,2,36000,3.50892577513
580245,588102,591221,7857,3119,2,36000,3.51907662712
581605,594645,598015,13040,3370,2,36000,4.86943620178
581650,594651,597829,13001,3178,2,36000,5.09093769666
581698,588245,591752,6547,3507,2,36000,2.86683775307
581699,588252,591416,6553,3164,2,36000,3.0711125158
581811,588258,591355,6447,3097,2,36000,3.08169195996
581828,588303,591655,6475,3352,2,36000,2.93168257757
581829,588309,591239,6480,2930,2,36000,3.21160409556
581831,594656,597913,12825,3257,2,36000,4.93767270494
581855,588392,591163,6537,2771,2,36000,3.3590761458
581862,588417,591690,6555,3273,2,36000,3.00274977085
581877,588423,591603,6546,3180,2,36000,3.05849056604
581938,588429,591760,6491,3331,2,36000,2.94866406485
581944,588435,591685,6491,3250,2,36000,2.99723076923
581960,588442,591779,6482,3337,2,36000,2.94246329038
581962,588456,591671,6494,3215,2,36000,3.0199066874
581964,588465,591602,6501,3137,2,36000,3.07236212942
581988,588484,591855,6496,3371,2,36000,2.92702462177
581989,588490,591646,6501,3156,2,36000,3.05988593156
582005,594661,597768,12656,3107,2,36000,5.07338268426
582547,594666,597642,12119,2976,2,36000,5.07224462366
584734,591291,594797,6557,3506,2,36000,2.87022247576
584752,591298,594557,6546,3259,2,36000,3.00859159251
584797,591307,594753,6510,3446,2,36000,2.88914683691
584833,591366,594742,6533,3376,2,36000,2.93513033175
584849,591372,594674,6523,3302,2,36000,2.97546941248
584864,594671,597646,9807,2975,2,36000,4.29647058824
584880,591428,594505,6548,3077,2,36000,3.12804679883
584937,594676,597798,9739,3122,2,36000,4.11947469571
584938,591506,594858,6568,3352,2,36000,2.95942720764
584980,591572,594903,6592,3331,2,36000,2.9789852897
584997,594681,598073,9684,3392,2,36000,3.85495283019
585004,591602,594750,6598,3148,2,36000,3.0959339263
585020,591613,594837,6593,3224,2,36000,3.0449751861
585022,591619,594751,6597,3132,2,36000,3.10632183908
585055,591657,594866,6602,3209,2,36000,3.05733873481
585218,594687,597704,9469,3017,2,36000,4.13854822672
585620,594692,597834,9072,3142,2,36000,3.88733290898
585768,594560,597691,8792,3131,2,36000,3.80804854679
585815,594698,597939,8883,3241,2,36000,3.74082073434
585921,594703,597906,8782,3203,2,36000,3.74180455823
585954,594708,598112,8754,3404,2,36000,3.57168037603
586076,594714,597824,8638,3110,2,36000,3.77749196141
587943,594719,597747,6776,3028,2,36000,3.23778071334
587944,594724,597692,6780,2968,2,36000,3.28436657682
587989,594729,597852,6740,3123,2,36000,3.15818123599
588031,594734,598044,6703,3310,2,36000,3.0250755287
588062,594739,597984,6677,3245,2,36000,3.05762711864
588078,594744,597994,6666,3250,2,36000,3.05107692308
588079,594750,597900,6671,3150,2,36000,3.11777777778
588081,594755,597934,6674,3179,2,36000,3.09940232778
588096,594760,597665,6664,2905,2,36000,3.29397590361
588112,594765,597944,6653,3179,2,36000,3.09279647688
588127,594771,598093,6644,3322,2,36000,3.0
588142,594776,597746,6634,2970,2,36000,3.23367003367
588167,594781,598305,6614,3524,2,36000,2.87684449489
588169,594786,597997,6617,3211,2,36000,3.06072874494
588185,594791,597974,6606,3183,2,36000,3.0754005655
588186,594796,598092,6610,3296,2,36000,3.00546116505
588202,594802,598101,6600,3299,2,36000,3.00060624432
588209,594807,597972,6598,3165,2,36000,3.08467614534
588225,594812,597775,6587,2963,2,36000,3.22308471144
588231,594817,598064,6586,3247,2,36000,3.02833384663
588233,594822,598243,6589,3421,2,36000,2.92604501608
588249,594829,597894,6580,3065,2,36000,3.14681892333
588250,594834,597992,6584,3158,2,36000,3.08486383787
588252,594840,598061,6588,3221,2,36000,3.04532753803
588303,594845,597955,6542,3110,2,36000,3.10353697749
588331,594850,597851,6519,3001,2,36000,3.17227590803
588333,594855,598069,6522,3214,2,36000,3.02924704418
588363,594860,598031,6497,3171,2,36000,3.04888047934
588382,594865,598211,6483,3346,2,36000,2.93753735804
588384,594871,598048,6487,3177,2,36000,3.04186339314
588416,594876,598192,6460,3316,2,36000,2.94813027744
588418,594881,597964,6463,3083,2,36000,3.09633473889
588436,594886,597719,6450,2833,2,36000,3.27673843982
588459,594891,598240,6432,3349,2,36000,2.92057330546
588484,594897,597885,6413,2988,2,36000,3.14625167336
588485,594902,597809,6417,2907,2,36000,3.20743034056
588518,594907,597994,6389,3087,2,36000,3.06964690638
588520,594912,597900,6392,2988,2,36000,3.13922356091
588521,594917,597937,6396,3020,2,36000,3.1178807947
588538,594922,598053,6384,3131,2,36000,3.03896518684
588577,594927,597886,6350,2959,2,36000,3.14599526867
588610,594933,598129,6323,3196,2,36000,2.97841051314
588617,594938,598387,6321,3449,2,36000,2.83270513192
588722,594943,598323,6221,3380,2,36000,2.84053254438
588774,595621,598654,6847,3033,2,36000,3.25750082427
588780,595628,598834,6848,3206,2,36000,3.13599500936
588817,594949,598252,6132,3303,2,36000,2.85649409628
588963,594954,598444,5991,3490,2,36000,2.71661891117
588964,594959,598188,5995,3229,2,36000,2.85661195417
591173,594965,598059,3792,3094,2,36000,2.22559793148
591215,595662,598947,4447,3285,2,36000,2.35372907154
591231,595669,598835,4438,3166,2,36000,2.40176879343
591248,595713,598956,4465,3243,2,36000,2.3768115942
591284,595718,598988,4434,3270,2,36000,2.35596330275
591301,595723,598534,4422,2811,2,36000,2.57310565635
591366,595728,598820,4362,3092,2,36000,2.4107373868
591367,595733,598759,4366,3026,2,36000,2.44282881692
591376,591382,591386,6,4,2,3540,1.0
591432,595738,599123,4306,3385,2,36000,2.27208271787
591433,595743,598963,4310,3220,2,36000,2.33850931677
591498,595748,598750,4250,3002,2,36000,2.41572285143
591593,595753,599024,4160,3271,2,36000,2.27178232956
591610,595758,598764,4148,3006,2,36000,2.37990685296
591612,595763,598884,4151,3121,2,36000,2.33002242871
591655,595768,599164,4113,3396,2,36000,2.21113074205
591662,595773,598885,4111,3112,2,36000,2.32101542416
591685,595778,598910,4093,3132,2,36000,2.30683269476
591692,595783,598862,4091,3079,2,36000,2.32867814225
591708,595788,598932,4080,3144,2,36000,2.29770992366
591759,595793,598865,4034,3072,2,36000,2.31315104167
591766,595798,599028,4032,3230,2,36000,2.24829721362
591787,595803,599086,4016,3283,2,36000,2.22327139811
591863,595027,597913,3164,2886,2,36000,2.09632709633
592011,595232,598489,3221,3257,2,36000,1.98894688364
594513,595828,598795,1315,2967,2,36000,1.44320862824
594551,595833,598881,1282,3048,2,36000,1.42060367454
594567,595838,598885,1271,3047,2,36000,1.41713160486
594582,595843,599096,1261,3253,2,36000,1.38764217645
594682,595848,599352,1166,3504,2,36000,1.33276255708
594750,595853,599117,1103,3264,2,36000,1.33792892157
594751,595858,598862,1107,3004,2,36000,1.36850865513
594767,595863,598834,1096,2971,2,36000,1.36889936048
594769,595868,598682,1099,2814,2,36000,1.39054726368
594770,595873,599198,1103,3325,2,36000,1.33172932331
594806,595878,598946,1072,3068,2,36000,1.34941329857
594846,595883,599080,1037,3197,2,36000,1.32436659368
594870,595888,599106,1018,3218,2,36000,1.31634555625
594872,595893,599154,1021,3261,2,36000,1.3130941429
594915,595898,599092,983,3194,2,36000,1.30776455855
595026,595903,599202,877,3299,2,36000,1.26583813277
595232,595908,599098,676,3190,2,36000,1.21191222571
596007,596013,596015,6,2,1,780,1.0
597642,597648,600897,6,3249,2,36000,1.00184672207
597658,597664,600905,6,3241,2,36000,1.00185128047
597659,597670,601001,11,3331,2,36000,1.00330231162
597675,597681,600516,6,2835,2,36000,1.00211640212
597676,597687,600999,11,3312,2,36000,1.00332125604
597693,597699,600852,6,3153,2,36000,1.00190294957
597699,597705,600989,6,3284,2,36000,1.00182704019
597701,597786,600940,85,3154,2,36000,1.02694990488
597717,597723,600417,6,2694,2,36000,1.00222717149
597719,597729,600910,10,3181,2,36000,1.00314366551
597720,597734,600811,14,3077,2,36000,1.00454988625
597736,597743,601102,7,3359,2,36000,1.00208395356
597757,597764,601345,7,3581,2,36000,1.00195476124
597759,597770,601146,11,3376,2,36000,1.00325829384
597781,597791,600998,10,3207,2,36000,1.00311817898
597782,597797,601033,15,3236,2,36000,1.00463535229
597784,597821,601025,37,3204,2,36000,1.01154806492
597785,597802,601139,17,3337,2,36000,1.00509439616
597801,597808,600824,7,3016,2,36000,1.00232095491
597808,597814,601397,6,3583,2,36000,1.00167457438
597823,597829,601005,6,3176,2,36000,1.00188916877
597825,597835,600820,10,2985,2,36000,1.00335008375
597842,597848,601152,6,3304,2,36000,1.00181598063
597844,597854,600932,10,3078,2,36000,1.0032488629
597845,597859,601104,14,3245,2,36000,1.00431432974
597847,597865,601138,18,3273,2,36000,1.0054995417
597862,597871,601026,9,3155,2,36000,1.0028526149
597864,597909,601203,45,3294,2,36000,1.01366120219
597897,597903,600868,6,2965,2,36000,1.00202360877
597899,597914,601171,15,3257,2,36000,1.00460546515
597900,597919,601332,19,3413,2,36000,1.0055669499
597902,597954,601516,52,3562,2,36000,1.01459854015
597918,597925,601158,7,3233,2,36000,1.00216517167
597920,597932,601234,12,3302,2,36000,1.00363416111
597922,597937,600972,15,3035,2,36000,1.00494233937
597923,597942,601285,19,3343,2,36000,1.0056835178
597924,597948,601037,24,3089,2,36000,1.00776950469
597946,597959,601211,13,3252,2,36000,1.00399753998
597948,597964,601057,16,3093,2,36000,1.00517297123
597949,597976,601129,27,3153,2,36000,1.00856327307
597951,597970,601130,19,3160,2,36000,1.00601265823
597967,597981,601154,14,3173,2,36000,1.00441222818
597969,597986,601110,17,3124,2,36000,1.00544174136
597970,597992,601178,22,3186,2,36000,1.0069052103
597987,597997,601239,10,3242,2,36000,1.00308451573
597988,598004,601142,16,3138,2,36000,1.00509878904
597990,598009,601271,19,3262,2,36000,1.00582464746
598007,598015,600970,8,2955,2,36000,1.0027072758
598008,598020,601265,12,3245,2,36000,1.00369799692
598010,598027,601337,17,3310,2,36000,1.00513595166
598011,598056,601429,45,3373,2,36000,1.01334123925
598027,598034,601403,7,3369,2,36000,1.00207776788
598034,598040,601354,6,3314,2,36000,1.00181050091
598056,598062,601302,6,3240,2,36000,1.00185185185
598057,598068,601229,11,3161,2,36000,1.00347991142
598059,598073,601310,14,3237,2,36000,1.00432499228
598060,598079,601443,19,3364,2,36000,1.00564803805
598089,598095,601196,6,3101,2,36000,1.00193485972
598090,598100,601097,10,2997,2,36000,1.00333667
598092,598106,600831,14,2725,2,36000,1.00513761468
598093,598111,601587,18,3476,2,36000,1.00517836594
598095,598116,601087,21,2971,2,36000,1.00706832716
598097,598123,601304,26,3181,2,36000,1.00817353034
598124,598129,601375,5,3246,2,36000,1.00154035736
598125,598135,601310,10,3175,2,36000,1.0031496063
598127,598140,601433,13,3293,2,36000,1.00394776799
598129,598145,601346,16,3201,2,36000,1.00499843799
598130,598251,601500,121,3249,2,36000,1.03724222838
598149,598155,601431,6,3276,2,36000,1.00183150183
598200,598206,601327,6,3121,2,36000,1.00192246075
598201,598212,601401,11,3189,2,36000,1.00344935717
598224,598230,601377,6,3147,2,36000,1.00190657769
598254,598260,600990,6,2730,2,36000,1.0021978022
598255,598693,601812,438,3119,2,36000,1.14042962488
598262,598268,601531,6,3263,2,36000,1.00183879865
598314,598320,601559,6,3239,2,36000,1.00185242359
598330,598336,601542,6,3206,2,36000,1.00187149095
598398,598405,601603,7,3198,2,36000,1.00218886804
598453,598459,601759,6,3300,2,36000,1.00181818182
598499,598505,601672,6,3167,2,36000,1.00189453742
598541,599591,603044,1050,3453,2,36000,1.30408340573
598662,599596,602782,934,3186,2,36000,1.29315756434
598689,599601,602652,912,3051,2,36000,1.29891838741
598759,599606,602765,847,3159,2,36000,1.26812282368
598774,599611,602775,837,3164,2,36000,1.26453855879
598776,599616,602873,840,3257,2,36000,1.25790604851
598803,599621,602386,818,2765,2,36000,1.29584086799
598827,599626,602853,799,3227,2,36000,1.2475983886
598843,599631,602877,788,3246,2,36000,1.24276032039
598844,599636,602777,792,3141,2,36000,1.25214899713
598846,599641,602801,795,3160,2,36000,1.25158227848
598871,599646,602856,775,3210,2,36000,1.24143302181
598872,599651,602944,779,3293,2,36000,1.2365624051
598873,599656,602721,783,3065,2,36000,1.25546492659
598891,599661,602819,770,3158,2,36000,1.24382520583
598892,599666,602899,774,3233,2,36000,1.23940612434
598894,599671,602757,777,3086,2,36000,1.25178224238
598895,599677,602866,782,3189,2,36000,1.24521793666
598919,599682,602798,763,3116,2,36000,1.24486521181
598941,599687,602950,746,3263,2,36000,1.22862396568
598958,599692,602631,734,2939,2,36000,1.24974481116
598960,599697,602884,737,3187,2,36000,1.23125196109
598967,599702,602944,735,3242,2,36000,1.22671190623
598984,599707,602715,723,3008,2,36000,1.24035904255
599001,599712,603052,711,3340,2,36000,1.2128742515
599035,599717,602967,682,3250,2,36000,1.20984615385
599037,599722,603232,685,3510,2,36000,1.19515669516
599089,599727,602712,638,2985,2,36000,1.21373534338
599096,599732,602733,636,3001,2,36000,1.21192935688
599115,599737,602970,622,3233,2,36000,1.19239096814
599116,599742,603028,626,3286,2,36000,1.19050517346
599118,599747,603089,629,3342,2,36000,1.1882106523
599120,599752,603039,632,3287,2,36000,1.19227258899
599137,599757,602941,620,3184,2,36000,1.19472361809
599139,599762,603115,623,3353,2,36000,1.18580375783
599163,599767,602829,604,3062,2,36000,1.19725669497
599180,599772,602931,592,3159,2,36000,1.18740107629
599207,599777,602808,570,3031,2,36000,1.18805674695
599208,599782,602904,574,3122,2,36000,1.18385650224
599360,599787,603114,427,3327,2,36000,1.12834385332
600426,601791,604965,1365,3174,2,36000,1.43005671078
600527,601796,604865,1269,3069,2,36000,1.41348973607
600821,601802,605114,981,3312,2,36000,1.29619565217
600828,601807,604990,979,3183,2,36000,1.30757147345
600845,601812,604975,967,3163,2,36000,1.30572241543
600846,601817,604871,971,3054,2,36000,1.31794368042
600863,601822,604869,959,3047,2,36000,1.31473580571
600879,601828,604903,949,3075,2,36000,1.30861788618
600905,601833,604831,928,2998,2,36000,1.30953969313
600912,600919,604218,7,3299,2,36000,1.00212185511
600931,600937,604261,6,3324,2,36000,1.00180505415
600953,600959,604260,6,3301,2,36000,1.00181763102
600954,600965,604127,11,3162,2,36000,1.00347881088
600982,600988,604377,6,3389,2,36000,1.00177043376
600983,600994,604068,11,3074,2,36000,1.00357839948
601005,601011,604143,6,3132,2,36000,1.00191570881
601006,601017,604138,11,3121,2,36000,1.00352451137
601008,601022,604061,14,3039,2,36000,1.00460677855
601009,601027,604081,18,3054,2,36000,1.00589390963
601011,601032,604299,21,3267,2,36000,1.00642791552
601031,601039,604318,8,3279,2,36000,1.00243976822
601032,601044,604294,12,3250,2,36000,1.00369230769
601034,601049,604173,15,3124,2,36000,1.00480153649
601049,601055,604154,6,3099,2,36000,1.00193610842
601051,601061,604320,10,3259,2,36000,1.0030684259
601066,601072,604247,6,3175,2,36000,1.00188976378
601094,601100,603991,6,2891,2,36000,1.00207540643
601111,601117,604367,6,3250,2,36000,1.00184615385
601113,601123,604358,10,3235,2,36000,1.00309119011
601114,601128,604321,14,3193,2,36000,1.00438459129
601121,601134,604489,13,3355,2,36000,1.00387481371
601137,601144,604266,7,3122,2,36000,1.00224215247
601139,601150,604206,11,3056,2,36000,1.00359947644
601156,601162,604310,6,3148,2,36000,1.00190597205
601158,601168,604573,10,3405,2,36000,1.00293685756
601159,601173,604509,14,3336,2,36000,1.00419664269
601161,601178,604090,17,2912,2,36000,1.00583791209
601162,601183,604450,21,3267,2,36000,1.00642791552
601164,601189,604471,25,3282,2,36000,1.00761730652
601180,601194,604410,14,3216,2,36000,1.00435323383
601182,601200,603945,18,2745,2,36000,1.00655737705
601188,601206,604335,18,3129,2,36000,1.00575263663
601206,601212,604262,6,3050,2,36000,1.00196721311
601212,601218,604394,6,3176,2,36000,1.00188916877
601228,601234,604419,6,3185,2,36000,1.00188383046
601244,601251,604625,7,3374,2,36000,1.0020746888
601246,601257,604425,11,3168,2,36000,1.00347222222
601247,601262,604620,15,3358,2,36000,1.00446694461
601275,601281,604384,6,3103,2,36000,1.00193361263
601277,601287,604584,10,3297,2,36000,1.00303306036
601293,601299,604417,6,3118,2,36000,1.00192431046
601310,601315,604506,5,3191,2,36000,1.00156690693
601311,601322,604050,11,2728,2,36000,1.00403225806
601327,601333,604676,6,3343,2,36000,1.00179479509
601328,601339,604441,11,3102,2,36000,1.00354609929
601335,601345,604565,10,3220,2,36000,1.00310559006
601352,601357,604365,5,3008,2,36000,1.00166223404
601353,601363,604459,10,3096,2,36000,1.00322997416
601355,601368,604447,13,3079,2,36000,1.00422215005
601356,601373,604369,17,2996,2,36000,1.00567423231
601372,601380,604548,8,3168,2,36000,1.00252525253
601388,601394,604234,6,2840,2,36000,1.00211267606
601389,601400,604501,11,3101,2,36000,1.00354724282
601405,601411,604435,6,3024,2,36000,1.00198412698
601407,601417,604405,10,2988,2,36000,1.00334672021
601413,601423,604663,10,3240,2,36000,1.00308641975
601440,601446,604757,6,3311,2,36000,1.00181214135
601441,601452,604689,11,3237,2,36000,1.00339820822
601443,601457,604578,14,3121,2,36000,1.00448574175
601461,601467,604304,6,2837,2,36000,1.00211491012
601512,601518,604529,6,3011,2,36000,1.00199269346
601529,601536,604673,7,3137,2,36000,1.0022314313
601547,601553,604494,6,2941,2,36000,1.00204012241
601549,601559,604761,10,3202,2,36000,1.00312304809
601571,601577,604760,6,3183,2,36000,1.00188501414
601596,601602,604832,6,3230,2,36000,1.00185758514
601614,601620,604868,6,3248,2,36000,1.00184729064
601680,601686,604829,6,3143,2,36000,1.00190900414
601770,601776,604915,6,3139,2,36000,1.00191143676
601821,601923,605001,102,3078,2,36000,1.03313840156
602394,606300,609711,3906,3411,2,36000,2.14511873351
602639,606336,609554,3697,3218,2,36000,2.14885021753
602660,606752,609815,4092,3063,2,36000,2.33594515181
602725,606757,609670,4032,2913,2,36000,2.38414006179
602726,606762,609893,4036,3131,2,36000,2.28904503354
602728,606767,609986,4039,3219,2,36000,2.25473749612
602746,606367,609604,3621,3237,2,36000,2.11862835959
602769,606772,609614,4003,2842,2,36000,2.40851513019
602771,606777,610065,4006,3288,2,36000,2.21836982968
602795,606782,609779,3987,2997,2,36000,2.33033033033
602797,606787,609962,3990,3175,2,36000,2.25669291339
602798,606792,609675,3994,2883,2,36000,2.38536246965
602816,606797,610106,3981,3309,2,36000,2.20308250227
602818,606802,610007,3984,3205,2,36000,2.24305772231
602819,606807,610070,3988,3263,2,36000,2.2221881704
602838,606495,609654,3657,3159,2,36000,2.15764482431
602840,606812,609967,3972,3155,2,36000,2.2589540412
602863,606817,610198,3954,3381,2,36000,2.16947648625
602864,606822,609968,3958,3146,2,36000,2.25810553083
602882,606827,610127,3945,3300,2,36000,2.19545454545
602883,606832,610052,3949,3220,2,36000,2.22639751553
602885,606837,610189,3952,3352,2,36000,2.17899761337
602901,606535,609697,3634,3162,2,36000,2.14927261227
602907,606842,610074,3935,3232,2,36000,2.21751237624
602923,606847,610263,3924,3416,2,36000,2.14871194379
602939,606852,610281,3913,3429,2,36000,2.14114902304
602955,602961,606289,6,3328,2,36000,1.00180288462
602957,606857,610041,3900,3184,2,36000,2.22487437186
602958,606862,610125,3904,3263,2,36000,2.19644498927
602960,606867,609841,3907,2974,2,36000,2.31371889711
602976,602981,606018,5,3037,2,36000,1.00164636154
602977,606872,609994,3895,3122,2,36000,2.24759769379
603034,603041,606128,7,3087,2,36000,1.0022675737
603050,603057,606356,7,3299,2,36000,1.00212185511
603052,603063,606292,11,3229,2,36000,1.00340662744
603067,603074,606337,7,3263,2,36000,1.00214526509
603097,603103,606324,6,3221,2,36000,1.00186277554
603122,603127,606524,5,3397,2,36000,1.00147188696
603123,603133,606157,10,3024,2,36000,1.00330687831
603243,603249,606485,6,3236,2,36000,1.00185414091
603953,603959,607199,6,3240,2,36000,1.00185185185
603998,604004,607362,6,3358,2,36000,1.00178677784
604060,606877,610196,2817,3319,2,36000,1.84874962338
604077,604083,607017,6,2934,2,36000,1.00204498978
604079,604089,607375,10,3286,2,36000,1.00304321363
604095,604101,607206,6,3105,2,36000,1.00193236715
604097,604107,607263,10,3156,2,36000,1.00316856781
604138,606882,610034,2744,3152,2,36000,1.87055837563
604145,604151,607232,6,3081,2,36000,1.00194741967
604161,604167,607330,6,3163,2,36000,1.00189693329
604162,604173,607452,11,3279,2,36000,1.00335468131
604183,604189,607314,6,3125,2,36000,1.00192
604213,604219,607619,6,3400,2,36000,1.00176470588
604228,604235,607279,7,3044,2,36000,1.00229960578
604244,604250,607273,6,3023,2,36000,1.00198478333
604260,604266,607376,6,3110,2,36000,1.00192926045
604267,604272,607518,5,3246,2,36000,1.00154035736
604283,604289,607606,6,3317,2,36000,1.00180886343
604285,604295,607533,10,3238,2,36000,1.00308832613
604286,604300,607402,14,3102,2,36000,1.00451321728
604302,604308,607417,6,3109,2,36000,1.00192988099
604309,604315,607740,6,3425,2,36000,1.00175182482
604327,604332,607234,5,2902,2,36000,1.00172294969
604328,604338,607644,10,3306,2,36000,1.00302480339
604329,604343,607582,14,3239,2,36000,1.0043223217
604331,604348,607583,17,3235,2,36000,1.00525502318
604332,604353,607558,21,3205,2,36000,1.00655226209
604348,604360,607529,12,3169,2,36000,1.0037866835
604370,604376,607421,6,3045,2,36000,1.00197044335
604372,604382,607606,10,3224,2,36000,1.00310173697
604373,604387,607576,14,3189,2,36000,1.00439009094
604380,604393,607661,13,3268,2,36000,1.00397796818
604396,604402,607393,6,2991,2,36000,1.00200601805
604398,604408,607493,10,3085,2,36000,1.00324149109
604399,604413,607738,14,3325,2,36000,1.00421052632
604415,604421,607569,6,3148,2,36000,1.00190597205
604417,604427,607539,10,3112,2,36000,1.00321336761
604435,604441,607732,6,3291,2,36000,1.00182315406
604436,604447,607611,11,3164,2,36000,1.00347661188
604438,606887,610127,2449,3240,2,36000,1.75586419753
604454,604460,607716,6,3256,2,36000,1.00184275184
604455,606893,609975,2438,3082,2,36000,1.79104477612
604457,606898,609964,2441,3066,2,36000,1.79615133725
604459,606903,609929,2444,3026,2,36000,1.80766688698
604474,606908,610155,2434,3247,2,36000,1.74961502926
604481,606913,610036,2432,3123,2,36000,1.77873839257
604497,604503,607575,6,3072,2,36000,1.001953125
604504,604509,607749,5,3240,2,36000,1.00154320988
604524,604530,607837,6,3307,2,36000,1.00181433323
604525,604536,607705,11,3169,2,36000,1.00347112654
604527,606918,610209,2391,3291,2,36000,1.72652689152
604544,604550,607645,6,3095,2,36000,1.00193861066
604560,604567,607761,7,3194,2,36000,1.00219160927
604578,604584,607702,6,3118,2,36000,1.00192431046
604580,604590,607820,10,3230,2,36000,1.00309597523
604598,604604,607700,6,3096,2,36000,1.0019379845
604600,604610,607743,10,3133,2,36000,1.00319182892
604629,604635,607689,6,3054,2,36000,1.00196463654
604631,604641,607873,10,3232,2,36000,1.00309405941
604673,604679,607934,6,3255,2,36000,1.00184331797
604693,604699,607996,6,3297,2,36000,1.00181983621
604694,604705,607984,11,3279,2,36000,1.00335468131
604696,604710,607786,14,3076,2,36000,1.00455136541
604765,604771,607933,6,3162,2,36000,1.00189753321
604767,604778,607851,11,3073,2,36000,1.00357956394
604769,604783,607967,14,3184,2,36000,1.00439698492
