SubmitTime,StartTime,EndTime,QueuedTime,RunTime,NodesRequested,walltime,bslowdown
14,27,38,13,11,1,900,2.18181818182
26,49,451,23,402,14,19980,1.05721393035
120,134,3772,14,3638,2,36000,1.00384826828
201,208,3856,7,3648,2,36000,1.00191885965
217,222,3816,5,3594,2,36000,1.00139120757
283,293,3807,10,3514,2,36000,1.00284575982
343,349,3763,6,3414,2,36000,1.00175746924
417,423,4279,6,3856,2,36000,1.0015560166
433,439,4053,6,3614,2,36000,1.00166021029
449,462,473,13,11,1,900,2.18181818182
462,484,915,22,431,14,19980,1.05104408353
464,471,4141,7,3670,2,36000,1.00190735695
480,492,4125,12,3633,2,36000,1.00330305533
531,539,4248,8,3709,2,36000,1.00215691561
772,780,4416,8,3636,2,36000,1.00220022002
798,1384,128362,586,126978,16,259200,1.00461497267
821,832,4676,11,3844,2,36000,1.0028616025
836,842,4899,6,4057,2,36000,1.00147892531
864,874,4702,10,3828,2,36000,1.0026123302
879,885,4654,6,3769,2,36000,1.0015919342
895,906,4512,11,3606,2,36000,1.00305047144
913,926,932,13,6,1,900,1.9
924,3784,4125,2860,341,14,19980,9.38709677419
978,989,4609,11,3620,2,36000,1.00303867403
999,1005,4764,6,3759,2,36000,1.00159616919
1051,1062,4845,11,3783,2,36000,1.00290774518
1069,2869,128392,1800,125523,16,172800,1.01434000143
1088,1095,4706,7,3611,2,36000,1.00193852119
1187,1198,4723,11,3525,2,36000,1.00312056738
1312,1323,4730,11,3407,2,36000,1.0032286469
1348,1358,5424,10,4066,2,36000,1.00245941958
1375,1537,5176,162,3639,2,36000,1.04451772465
1436,1563,5268,127,3705,2,36000,1.0342780027
1486,1657,5591,171,3934,2,36000,1.04346720895
1529,1781,5861,252,4080,2,36000,1.06176470588
1552,1990,5492,438,3502,2,36000,1.12507138778
1657,2016,6149,359,4133,2,36000,1.0868618437
1769,2308,5832,539,3524,2,36000,1.15295119183
1978,2322,5761,344,3439,2,36000,1.10002907822
2006,2545,6198,539,3653,2,36000,1.14754995894
2122,2740,6358,618,3618,2,36000,1.17081260365
2305,2797,6466,492,3669,2,36000,1.13409648406
2321,2931,6911,610,3980,2,36000,1.15326633166
2322,3100,6572,778,3472,2,36000,1.22407834101
2423,3108,6916,685,3808,2,36000,1.17988445378
2536,3114,6803,578,3689,2,36000,1.15668202765
2731,3186,6751,455,3565,2,36000,1.12762973352
2783,3210,6874,427,3664,2,36000,1.11653930131
2798,3234,7037,436,3803,2,36000,1.11464633184
2889,3274,7212,385,3938,2,36000,1.09776536313
2923,3346,6673,423,3327,2,36000,1.12714156898
3062,3405,7158,343,3753,2,36000,1.09139355183
3089,3566,7408,477,3842,2,36000,1.12415408641
3108,3635,7403,527,3768,2,36000,1.13986199575
3110,3711,7525,601,3814,2,36000,1.15757734662
3177,3819,7350,642,3531,2,36000,1.18181818182
3179,3827,7382,648,3555,2,36000,1.18227848101
3201,3867,7741,666,3874,2,36000,1.17191533299
3222,3915,7731,693,3816,2,36000,1.18160377358
3265,4064,7607,799,3543,2,36000,1.2255151002
3336,4136,7972,800,3836,2,36000,1.20855057351
3385,4152,8002,767,3850,2,36000,1.19922077922
3400,4259,8220,859,3961,2,36000,1.21686442817
3461,4291,7992,830,3701,2,36000,1.22426371251
3556,4621,8398,1065,3777,2,36000,1.28196981732
3628,4665,8222,1037,3557,2,36000,1.29153781276
3705,4713,8200,1008,3487,2,36000,1.28907370232
3766,4720,8574,954,3854,2,36000,1.24753502854
3782,4735,8411,953,3676,2,36000,1.2592491839
3809,4742,8495,933,3753,2,36000,1.2486011191
3826,4776,8250,950,3474,2,36000,1.27345998849
3857,4857,8425,1000,3568,2,36000,1.2802690583
3885,5187,9008,1302,3821,2,36000,1.34074849516
3964,4427,32248,463,27821,16,172800,1.01664210488
4056,5280,8952,1224,3672,2,36000,1.33333333333
4123,4130,4136,7,6,1,900,1.3
4126,5436,9365,1310,3929,2,36000,1.33341817256
4136,12628,13032,8492,404,14,19980,22.0198019802
4142,5503,9457,1361,3954,2,36000,1.34420839656
4250,5603,9320,1353,3717,2,36000,1.36400322841
4282,5773,9291,1491,3518,2,36000,1.42382035247
4416,5843,9429,1427,3586,2,36000,1.39793641941
4517,5873,9589,1356,3716,2,36000,1.36490850377
4609,6161,9952,1552,3791,2,36000,1.40939066209
4655,6210,9829,1555,3619,2,36000,1.42967670627
4677,6370,10275,1693,3905,2,36000,1.43354673496
4701,6478,10381,1777,3903,2,36000,1.45529080195
4717,6584,10205,1867,3621,2,36000,1.51560342447
4732,6685,10224,1953,3539,2,36000,1.55185080531
4734,6762,10613,2028,3851,2,36000,1.52661646326
4764,6814,10623,2050,3809,2,36000,1.53819900236
4847,6885,10716,2038,3831,2,36000,1.53197598538
4900,6922,10407,2022,3485,2,36000,1.58020086083
5127,8793,98074,3666,89281,16,259200,1.04106136804
5178,6930,10610,1752,3680,2,36000,1.47608695652
5270,7049,10486,1779,3437,2,36000,1.51760256037
5426,7223,10921,1797,3698,2,36000,1.48593834505
5494,7361,10955,1867,3594,2,36000,1.51947690595
5593,7393,11266,1800,3873,2,36000,1.4647560031
5764,7415,10932,1651,3517,2,36000,1.46943417686
5835,7422,11374,1587,3952,2,36000,1.40156882591
5863,7536,11109,1673,3573,2,36000,1.46823397705
6151,7618,11230,1467,3612,2,36000,1.4061461794
6198,7754,11351,1556,3597,2,36000,1.43258270781
6360,7984,11613,1624,3629,2,36000,1.44750620006
6467,8003,11525,1536,3522,2,36000,1.43611584327
6570,8014,11725,1444,3711,2,36000,1.38911344651
6674,8211,11814,1537,3603,2,36000,1.42658895365
6754,8231,11815,1477,3584,2,36000,1.412109375
6803,8238,11829,1435,3591,2,36000,1.39961013645
6876,8261,11768,1385,3507,2,36000,1.39492443684
6913,8409,12174,1496,3765,2,36000,1.3973439575
6929,8423,12355,1494,3932,2,36000,1.37995930824
7038,8436,12031,1398,3595,2,36000,1.38887343533
7161,8507,12100,1346,3593,2,36000,1.37461731144
7214,8586,12398,1372,3812,2,36000,1.35991605456
7349,8963,12661,1614,3698,2,36000,1.43645213629
7383,9020,12457,1637,3437,2,36000,1.47628745999
7404,9304,13067,1900,3763,2,36000,1.50491629019
7419,9331,12887,1912,3556,2,36000,1.53768278965
7526,9385,12859,1859,3474,2,36000,1.53511801957
7609,9440,13142,1831,3702,2,36000,1.49459751486
7734,9468,13324,1734,3856,2,36000,1.44968879668
7749,9600,13039,1851,3439,2,36000,1.53823785984
7971,9840,13240,1869,3400,2,36000,1.54970588235
7993,9966,13747,1973,3781,2,36000,1.52181962444
8024,10206,13783,2182,3577,2,36000,1.61000838692
8204,10216,13986,2012,3770,2,36000,1.53368700265
8223,10235,14104,2012,3869,2,36000,1.52003101577
8225,10287,14091,2062,3804,2,36000,1.54206098843
8253,10394,14110,2141,3716,2,36000,1.57615715823
8402,10418,14598,2016,4180,2,36000,1.48229665072
8418,10498,14187,2080,3689,2,36000,1.5638384386
8433,10621,14462,2188,3841,2,36000,1.56964332205
8494,8500,8501,6,1,2,3540,1.0
8497,10628,14206,2131,3578,2,36000,1.59558412521
8574,10635,14162,2061,3527,2,36000,1.58434930536
8955,10732,14482,1777,3750,2,36000,1.47386666667
9011,10933,14409,1922,3476,2,36000,1.55293440736
9249,9256,9440,7,184,1,3600,1.03804347826
9293,10944,14741,1651,3797,2,36000,1.43481696076
9321,10967,14852,1646,3885,2,36000,1.42368082368
9380,11120,14959,1740,3839,2,36000,1.45324303204
9429,11242,14995,1813,3753,2,36000,1.4830802025
9457,11277,14877,1820,3600,2,36000,1.50555555556
9592,11363,15023,1771,3660,2,36000,1.48387978142
9599,9607,9969,8,362,1,3600,1.02209944751
9830,11385,15298,1555,3913,2,36000,1.39739330437
9962,11536,15332,1574,3796,2,36000,1.41464699684
10208,11625,15367,1417,3742,2,36000,1.37867450561
10227,11737,15105,1510,3368,2,36000,1.44833729216
10276,11779,15495,1503,3716,2,36000,1.404467169
10294,10301,11076,7,775,1,3600,1.00903225806
10386,11826,15484,1440,3658,2,36000,1.39365773647
10409,11832,15705,1423,3873,2,36000,1.36741544023
10487,11840,15504,1353,3664,2,36000,1.36926855895
10610,12043,15680,1433,3637,2,36000,1.39400604894
10625,12113,15655,1488,3542,2,36000,1.42010163749
10627,12186,16261,1559,4075,2,36000,1.38257668712
10719,12366,16093,1647,3727,2,36000,1.44191038369
10920,12409,16354,1489,3945,2,36000,1.37743979721
10936,12469,16039,1533,3570,2,36000,1.42941176471
10937,12634,74666,1697,62032,12,172800,1.02735684808
10956,12639,16239,1683,3600,2,36000,1.4675
11111,12674,16169,1563,3495,2,36000,1.44721030043
11234,12679,16392,1445,3713,2,36000,1.38917317533
11268,12685,16419,1417,3734,2,36000,1.37948580611
11352,12645,16167,1293,3522,2,36000,1.367120954
11376,12650,16460,1274,3810,2,36000,1.3343832021
11522,12655,16322,1133,3667,2,36000,1.30897191164
11614,12660,16246,1046,3586,2,36000,1.29168990519
11731,12666,16248,935,3582,2,36000,1.26102735902
11776,12690,16469,914,3779,2,36000,1.2418629267
11817,12870,16607,1053,3737,2,36000,1.28177682633
11818,12900,16571,1082,3671,2,36000,1.29474257695
11833,13043,16680,1210,3637,2,36000,1.33269177894
12048,13049,16805,1001,3756,2,36000,1.26650692226
12104,13054,16738,950,3684,2,36000,1.25787187839
12175,13059,16773,884,3714,2,36000,1.2380183091
12295,12301,12426,6,125,1,3600,1.048
12358,13064,16898,706,3834,2,36000,1.18414188837
12399,13070,16998,671,3928,2,36000,1.17082484725
12459,13075,16671,616,3596,2,36000,1.17130144605
12599,12606,12921,7,315,1,3600,1.02222222222
12669,13082,16611,413,3529,2,36000,1.1170303202
12849,12931,13118,82,187,1,3600,1.4385026738
12859,13087,16952,228,3865,2,36000,1.05899094437
12897,13154,17003,257,3849,2,36000,1.06677058976
13030,13128,13135,98,7,1,900,10.5
13039,16472,16818,3433,346,14,19980,10.9219653179
13040,13251,16966,211,3715,2,36000,1.05679676985
13068,13336,16978,268,3642,2,36000,1.07358594179
13145,13758,17212,613,3454,2,36000,1.17747539085
13240,13794,17524,554,3730,2,36000,1.14852546917
13276,13283,13636,7,353,1,3600,1.01983002833
13326,13997,17652,671,3655,2,36000,1.18358413133
13374,13646,14269,272,623,1,3600,1.43659711075
13752,14103,17415,351,3312,2,36000,1.10597826087
13786,14115,17756,329,3641,2,36000,1.09035979127
13990,14279,15147,289,868,1,3600,1.33294930876
13991,14123,17701,132,3578,2,36000,1.0368921185
14092,14173,17850,81,3677,2,36000,1.02202882785
14108,14198,17779,90,3581,2,36000,1.02513264451
14123,14217,17723,94,3506,2,36000,1.02681118083
14163,14420,18217,257,3797,2,36000,1.06768501449
14187,14473,17814,286,3341,2,36000,1.08560311284
14209,14493,18236,284,3743,2,36000,1.0758749666
14421,14610,18153,189,3543,2,36000,1.0533446232
14464,14753,18200,289,3447,2,36000,1.08384102118
14482,14864,18902,382,4038,2,36000,1.09460128777
14599,14888,18354,289,3466,2,36000,1.0833814195
14743,14971,18666,228,3695,2,36000,1.06170500677
14854,15007,18846,153,3839,2,36000,1.03985412868
14876,15036,18872,160,3836,2,36000,1.0417101147
14962,15116,18785,154,3669,2,36000,1.04197328972
14997,15310,19336,313,4026,2,36000,1.07774465971
15025,15343,18809,318,3466,2,36000,1.09174841316
15108,15378,18886,270,3508,2,36000,1.07696693273
15304,15495,19273,191,3778,2,36000,1.05055584966
15335,15507,19046,172,3539,2,36000,1.0486012998
15372,15516,19101,144,3585,2,36000,1.04016736402
15488,15666,19332,178,3666,2,36000,1.0485542826
15504,15692,19244,188,3552,2,36000,1.05292792793
15505,15717,19290,212,3573,2,36000,1.05933389309
15656,16050,19733,394,3683,2,36000,1.10697800706
15680,16105,19945,425,3840,2,36000,1.11067708333
15712,16251,19746,539,3495,2,36000,1.15422031474
16044,16272,19757,228,3485,2,36000,1.06542324247
16093,16366,20081,273,3715,2,36000,1.0734858681
16171,16477,20110,306,3633,2,36000,1.08422791082
16172,16484,20016,312,3532,2,36000,1.08833522084
16241,16490,20099,249,3609,2,36000,1.06899418121
16256,16582,20477,326,3895,2,36000,1.0836970475
16258,16618,20200,360,3582,2,36000,1.10050251256
16273,16625,20241,352,3616,2,36000,1.09734513274
16305,16312,16437,7,125,1,3600,1.056
16325,16682,20530,357,3848,2,36000,1.09277546778
16354,16691,20230,337,3539,2,36000,1.09522463973
16394,16750,20620,356,3870,2,36000,1.09198966408
16422,16784,20206,362,3422,2,36000,1.10578609001
16466,16816,20491,350,3675,2,36000,1.09523809524
16482,16830,20388,348,3558,2,36000,1.09780775717
16507,16916,17041,409,125,1,1800,4.272
16571,16836,20342,265,3506,2,36000,1.07558471192
16604,16928,17262,324,334,1,3600,1.97005988024
16609,16841,20672,232,3831,2,36000,1.06055860089
16624,16846,20583,222,3737,2,36000,1.05940594059
16680,16851,20775,171,3924,2,36000,1.04357798165
16681,16857,20610,176,3753,2,36000,1.04689581668
16741,16862,20168,121,3306,2,36000,1.03660012099
16775,16963,20552,188,3589,2,36000,1.05238227919
16806,16978,20856,172,3878,2,36000,1.04435275915
16817,16911,16917,94,6,1,900,10.0
16827,20223,20556,3396,333,14,19980,11.1981981982
16898,16990,20740,92,3750,2,36000,1.02453333333
16954,17014,20743,60,3729,2,36000,1.01609010459
16970,17224,20670,254,3446,2,36000,1.07370864771
16985,17426,21274,441,3848,2,36000,1.1146049896
17008,17664,21186,656,3522,2,36000,1.18625780806
17010,17712,21772,702,4060,2,36000,1.17290640394
17216,17734,21505,518,3771,2,36000,1.1373640944
17336,17342,17457,6,115,1,1800,1.05217391304
17416,17768,21491,352,3723,2,36000,1.094547408
17529,17791,21161,262,3370,2,36000,1.07774480712
17655,17825,21451,170,3626,2,36000,1.04688361831
17701,17862,21359,161,3497,2,36000,1.0460394624
17707,17719,18342,12,623,1,3600,1.01926163724
17722,18166,22159,444,3993,2,36000,1.11119459053
17759,18212,21805,453,3593,2,36000,1.12607848594
17781,18229,22302,448,4073,2,36000,1.10999263442
17815,18248,22000,433,3752,2,36000,1.11540511727
17852,18365,21802,513,3437,2,36000,1.1492580739
18108,18114,18664,6,550,1,1800,1.01090909091
18154,18678,22164,524,3486,2,36000,1.15031554791
18201,18797,22771,596,3974,2,36000,1.14997483644
18220,18821,22600,601,3779,2,36000,1.15903678222
18238,18857,22549,619,3692,2,36000,1.16765980498
18355,18884,22437,529,3553,2,36000,1.14888826344
18666,18897,22506,231,3609,2,36000,1.06400665004
18792,18913,22456,121,3543,2,36000,1.03415184872
18811,19058,22536,247,3478,2,36000,1.07101782634
18849,19112,22566,263,3454,2,36000,1.07614360162
18873,19255,22825,382,3570,2,36000,1.10700280112
18889,19284,22901,395,3617,2,36000,1.10920652474
18905,19301,22942,396,3641,2,36000,1.10876132931
19049,19344,23003,295,3659,2,36000,1.08062312107
19103,19350,22809,247,3459,2,36000,1.07140792136
19247,19744,23557,497,3813,2,36000,1.1303435615
19275,19768,23341,493,3573,2,36000,1.13797928911
19290,19956,23641,666,3685,2,36000,1.18073270014
19335,20092,23803,757,3711,2,36000,1.20398814336
19350,20110,23986,760,3876,2,36000,1.19607843137
19738,20212,23847,474,3635,2,36000,1.13039889959
19754,20228,23892,474,3664,2,36000,1.12936681223
19769,20241,24941,472,4700,2,36000,1.10042553191
19949,20252,24064,303,3812,2,36000,1.07948583421
20018,20353,23905,335,3552,2,36000,1.09431306306
20084,20399,23847,315,3448,2,36000,1.09135730858
20099,20488,24292,389,3804,2,36000,1.10226077813
20114,20502,24184,388,3682,2,36000,1.10537751222
20171,20541,24267,370,3726,2,36000,1.09930220075
20201,20563,24252,362,3689,2,36000,1.09812957441
20217,20594,24251,377,3657,2,36000,1.10308996445
20231,23199,23329,2968,130,1,1800,23.8307692308
20237,20621,24554,384,3933,2,36000,1.09763539283
20253,20631,24315,378,3684,2,36000,1.10260586319
20348,20682,24285,334,3603,2,36000,1.09270052734
20388,20689,24323,301,3634,2,36000,1.08282883875
20401,23339,23399,2938,60,1,1800,49.9666666667
20479,20751,24536,272,3785,2,36000,1.07186261559
20495,20758,24231,263,3473,2,36000,1.07572703714
20532,20786,24382,254,3596,2,36000,1.07063403782
20553,20867,24405,314,3538,2,36000,1.08875070661
20554,23159,23168,2605,9,1,900,261.4
20565,20570,20983,5,413,14,19980,1.01210653753
20585,20994,24786,409,3792,2,36000,1.10785864979
20613,20999,24812,386,3813,2,36000,1.10123262523
20629,21005,24878,376,3873,2,36000,1.09708236509
20673,21010,24801,337,3791,2,36000,1.08889475073
20674,21015,24713,341,3698,2,36000,1.09221200649
20745,21020,24690,275,3670,2,36000,1.07493188011
20746,21026,24552,280,3526,2,36000,1.07941009643
20774,21173,24897,399,3724,2,36000,1.10714285714
20859,21197,25252,338,4055,2,36000,1.08335388409
20981,23179,23188,2198,9,1,900,220.7
20992,24335,24766,3343,431,14,19980,8.75638051044
21163,21285,24907,122,3622,2,36000,1.03368304804
21188,21370,25442,182,4072,2,36000,1.04469548134
21280,21463,25338,183,3875,2,36000,1.04722580645
21378,21503,25165,125,3662,2,36000,1.03413435281
21453,21516,24879,63,3363,2,36000,1.01873327386
21497,21784,25834,287,4050,2,36000,1.07086419753
21512,21814,25303,302,3489,2,36000,1.08655775294
21774,21820,25418,46,3598,2,36000,1.01278488049
21806,22012,25674,206,3662,2,36000,1.05625341344
21808,22171,25803,363,3632,2,36000,1.09994493392
22001,22178,25854,177,3676,2,36000,1.04815016322
22167,22315,25826,148,3511,2,36000,1.0421532327
22169,22448,26307,279,3859,2,36000,1.07229852293
22306,22468,26282,162,3814,2,36000,1.04247509177
22446,22519,26234,73,3715,2,36000,1.01965006729
22462,22548,26038,86,3490,2,36000,1.02464183381
22507,22561,26359,54,3798,2,36000,1.01421800948
22538,22577,26215,39,3638,2,36000,1.01072017592
22553,22612,26366,59,3754,2,36000,1.01571656899
22569,22785,26367,216,3582,2,36000,1.06030150754
22600,22821,26378,221,3557,2,36000,1.06213100928
22774,22837,26564,63,3727,2,36000,1.01690367588
22828,22912,26462,84,3550,2,36000,1.02366197183
22830,22953,26606,123,3653,2,36000,1.03367095538
22901,23014,26661,113,3647,2,36000,1.03098437072
22945,23154,26883,209,3729,2,36000,1.05604719764
23004,23352,26760,348,3408,2,36000,1.10211267606
23346,23568,27109,222,3541,2,36000,1.06269415419
23571,23652,27517,81,3865,2,36000,1.02095730918
23629,27896,42735,4267,14839,1,36000,1.28755306961
23644,23815,27156,171,3341,2,36000,1.05118228075
23667,23673,23794,6,121,1,1800,1.04958677686
23699,27901,44082,4202,16181,1,36000,1.25968728756
23727,23766,23851,39,85,1,1800,1.45882352941
23805,23998,27587,193,3589,2,36000,1.05377542491
23846,24081,27649,235,3568,2,36000,1.0658632287
23848,24242,28017,394,3775,2,36000,1.10437086093
23896,24264,27930,368,3666,2,36000,1.10038188762
23911,24298,27896,387,3598,2,36000,1.10755975542
23988,24304,28161,316,3857,2,36000,1.08192896033
24077,24328,28111,251,3783,2,36000,1.0663494581
24188,24340,27852,152,3512,2,36000,1.04328018223
24213,27907,54981,3694,27074,1,36000,1.13644086578
24232,24346,27956,114,3610,2,36000,1.03157894737
24255,24394,27950,139,3556,2,36000,1.03908886389
24256,24416,28038,160,3622,2,36000,1.04417448923
24271,24549,28181,278,3632,2,36000,1.07654185022
24287,24563,28112,276,3549,2,36000,1.07776838546
24310,24570,28355,260,3785,2,36000,1.06869220608
24332,24702,28320,370,3618,2,36000,1.10226644555
24334,24725,28337,391,3612,2,36000,1.10825027685
24384,24777,28665,393,3888,2,36000,1.10108024691
24411,24782,28427,371,3645,2,36000,1.10178326475
24499,24821,25428,322,607,1,1800,1.53047775947
24546,24788,28385,242,3597,2,36000,1.06727828746
24561,24793,28191,232,3398,2,36000,1.06827545615
24562,24798,28684,236,3886,2,36000,1.06073082862
24692,24803,28697,111,3894,2,36000,1.02850539291
24714,24809,28738,95,3929,2,36000,1.02417918045
24764,24816,24822,52,6,1,900,5.8
24775,27859,28267,3084,408,14,19980,8.55882352941
24776,24826,25159,50,333,1,1800,1.15015015015
24786,24890,29003,104,4113,2,36000,1.02528567955
24802,24909,28494,107,3585,2,36000,1.02984658298
24817,24918,28837,101,3919,2,36000,1.02577188058
24880,25177,28491,297,3314,2,36000,1.08961979481
24881,25264,28715,383,3451,2,36000,1.11098232396
24899,25315,29184,416,3869,2,36000,1.10752132334
24915,25349,28834,434,3485,2,36000,1.12453371593
24946,25429,29045,483,3616,2,36000,1.13357300885
25172,25453,29235,281,3782,2,36000,1.07429931253
25259,25686,29959,427,4273,2,36000,1.09992979172
25305,25814,29706,509,3892,2,36000,1.13078108941
25338,25838,29302,500,3464,2,36000,1.14434180139
25421,25845,29712,424,3867,2,36000,1.1096457202
25444,25865,29501,421,3636,2,36000,1.11578657866
25679,26050,29631,371,3581,2,36000,1.10360234571
25803,26226,30010,423,3784,2,36000,1.11178646934
25833,26246,29837,413,3591,2,36000,1.11500974659
25835,26293,30190,458,3897,2,36000,1.11752630228
25857,26318,29798,461,3480,2,36000,1.13247126437
26042,26370,29952,328,3582,2,36000,1.09156895589
26219,26378,30175,159,3797,2,36000,1.0418751646
26237,26384,30110,147,3726,2,36000,1.03945249597
26284,26391,30105,107,3714,2,36000,1.02880990845
26308,26473,30190,165,3717,2,36000,1.04439063761
26360,26576,30190,216,3614,2,36000,1.05976757056
26376,26617,30122,241,3505,2,36000,1.06875891583
26377,26672,30191,295,3519,2,36000,1.0838306337
26392,26771,30190,379,3419,2,36000,1.11085112606
26462,27120,30190,658,3070,2,36000,1.21433224756
26565,27171,30191,606,3020,2,36000,1.20066225166
26616,27529,30191,913,2662,2,36000,1.34297520661
26662,27598,30191,936,2593,2,36000,1.36097184728
26777,27661,30191,884,2530,2,36000,1.34940711462
26885,27865,30191,980,2326,2,36000,1.42132416165
27111,27870,30191,759,2321,2,36000,1.32701421801
27157,27875,30191,718,2316,2,36000,1.31001727116
27158,27165,27215,7,50,1,1800,1.14
27525,27880,30191,355,2311,2,36000,1.15361315448
27540,27548,27620,8,72,1,1800,1.11111111111
27589,27886,30191,297,2305,2,36000,1.12885032538
27651,27891,30191,240,2300,2,36000,1.10434782609
27855,27913,30191,58,2278,2,36000,1.02546093064
27896,27919,30191,23,2272,2,36000,1.01012323944
27930,27936,30191,6,2255,2,36000,1.00266075388
27951,27957,30191,6,2234,2,36000,1.00268576544
27966,27973,30191,7,2218,2,36000,1.00315599639
28018,28025,30191,7,2166,2,36000,1.00323176362
28037,28043,30191,6,2148,2,36000,1.00279329609
28114,28120,30191,6,2071,2,36000,1.00289715113
28115,28126,30191,11,2065,2,36000,1.00532687651
28161,28167,30191,6,2024,2,36000,1.00296442688
28185,28191,30191,6,2000,2,36000,1.003
28201,28208,30191,7,1983,2,36000,1.00353000504
28265,28271,28277,6,6,1,900,1.2
28276,28282,28690,6,408,14,19980,1.01470588235
28321,28327,30191,6,1864,2,36000,1.00321888412
28339,28346,30191,7,1845,2,36000,1.00379403794
28358,28364,30191,6,1827,2,36000,1.00328407225
28385,28392,30191,7,1799,2,36000,1.00389105058
28429,28435,30191,6,1756,2,36000,1.00341685649
28495,28501,30191,6,1690,2,36000,1.00355029586
28496,28508,30191,12,1683,2,36000,1.00713012478
28581,28587,28893,6,306,1,1800,1.01960784314
28666,28672,30191,6,1519,2,36000,1.00394996708
28685,28691,28718,6,27,1,900,1.22222222222
28691,28697,30191,6,1494,2,36000,1.00401606426
28706,28712,29112,6,400,14,19980,1.015
28711,28718,30191,7,1473,2,36000,1.00475220638
28726,28732,30191,6,1459,2,36000,1.00411240576
28741,28747,30191,6,1444,2,36000,1.00415512465
28837,28844,30191,7,1347,2,36000,1.00519673348
28839,28850,30191,11,1341,2,36000,1.00820283371
29009,29015,30191,6,1176,2,36000,1.00510204082
29046,29052,30191,6,1139,2,36000,1.00526777875
29110,29117,29127,7,10,1,900,1.7
29122,29128,29538,6,410,14,19980,1.01463414634
29202,29209,30191,7,982,2,36000,1.00712830957
29237,29243,30191,6,948,2,36000,1.00632911392
29304,29310,30191,6,881,2,36000,1.00681044268
29503,29509,30191,6,682,2,36000,1.00879765396
29537,29544,29551,7,7,1,900,1.4
29547,29553,29906,6,353,14,19980,1.01699716714
29632,29638,30191,6,553,2,36000,1.01084990958
29709,29715,30191,6,476,2,36000,1.01260504202
29724,29730,30191,6,461,2,36000,1.01301518438
29801,29807,30191,6,384,2,36000,1.015625
29837,29844,30191,7,347,2,36000,1.02017291066
29904,29910,29918,6,8,1,900,1.4
29915,29921,30320,6,399,14,19980,1.01503759398
29951,29957,30191,6,234,2,36000,1.02564102564
29974,29981,30191,7,210,2,36000,1.03333333333
30010,30016,30191,6,175,2,36000,1.03428571429
30106,30112,30191,6,79,2,36000,1.07594936709
30121,30127,30191,6,64,2,36000,1.09375
30136,30142,30191,6,49,2,36000,1.12244897959
30176,30183,30191,7,8,2,36000,1.5
30313,30319,30340,6,21,1,900,1.28571428571
30333,30340,30693,7,353,14,19980,1.01983002833
30425,30432,30470,7,38,2,36000,1.18421052632
30427,30438,30477,11,39,2,36000,1.28205128205
30428,30443,30483,15,40,2,36000,1.375
30430,30449,30487,19,38,2,36000,1.5
30431,30454,30492,23,38,2,36000,1.60526315789
30432,30459,30496,27,37,2,36000,1.72972972973
30434,30465,30502,31,37,2,36000,1.83783783784
30435,30470,30508,35,38,2,36000,1.92105263158
30436,30476,30513,40,37,2,36000,2.08108108108
30438,30481,30519,43,38,2,36000,2.13157894737
30439,30486,30523,47,37,2,36000,2.27027027027
30441,30491,30528,50,37,2,36000,2.35135135135
30442,30497,30534,55,37,2,36000,2.48648648649
30444,30502,30540,58,38,2,36000,2.52631578947
30445,30507,30547,62,40,2,36000,2.55
30446,30512,30551,66,39,2,36000,2.69230769231
30448,30518,30557,70,39,2,36000,2.79487179487
30449,30523,30561,74,38,2,36000,2.94736842105
30451,30528,30567,77,39,2,36000,2.97435897436
30452,30534,30574,82,40,2,36000,3.05
30454,30539,30577,85,38,2,36000,3.23684210526
30455,30544,30587,89,43,2,36000,3.06976744186
30457,30549,30592,92,43,2,36000,3.13953488372
30458,30555,30595,97,40,2,36000,3.425
30459,30560,30595,101,35,2,36000,3.88571428571
30461,30569,30595,108,26,2,36000,5.15384615385
30462,30574,30595,112,21,2,36000,6.33333333333
30464,30579,30595,115,16,2,36000,8.1875
30465,30584,30595,119,11,2,36000,11.8181818182
30466,30590,30595,124,5,2,36000,12.9
30616,30622,34031,6,3409,2,36000,1.00176004693
30617,30628,33976,11,3348,2,36000,1.00328554361
30618,30633,34078,15,3445,2,36000,1.00435413643
30620,30639,34088,19,3449,2,36000,1.00550884314
30621,30644,34021,23,3377,2,36000,1.0068107788
30623,30649,34068,26,3419,2,36000,1.00760456274
30624,30655,33830,31,3175,2,36000,1.00976377953
30626,30661,34149,35,3488,2,36000,1.01003440367
30627,30666,33874,39,3208,2,36000,1.01215710723
30629,30671,33650,42,2979,2,36000,1.01409869084
30630,30676,34058,46,3382,2,36000,1.01360141928
30631,30682,34139,51,3457,2,36000,1.01475267573
30633,30687,34307,54,3620,2,36000,1.01491712707
30634,30692,33776,58,3084,2,36000,1.01880674449
30636,30697,33936,61,3239,2,36000,1.01883297314
30637,30703,34103,66,3400,2,36000,1.01941176471
30641,30708,34078,67,3370,2,36000,1.01988130564
30643,30713,33726,70,3013,2,36000,1.02323265848
30646,30719,34090,73,3371,2,36000,1.02165529516
30648,30724,34228,76,3504,2,36000,1.02168949772
30651,30735,33970,84,3235,2,36000,1.02596599691
30653,30741,34084,88,3343,2,36000,1.02632366138
30655,30746,34085,91,3339,2,36000,1.02725366876
30658,30751,34159,93,3408,2,36000,1.02728873239
30659,30757,34078,98,3321,2,36000,1.02950918398
30661,30762,34117,101,3355,2,36000,1.03010432191
30662,30767,34195,105,3428,2,36000,1.03063010502
30664,30772,34011,108,3239,2,36000,1.03334362458
30665,30778,34202,113,3424,2,36000,1.03300233645
30667,30783,34133,116,3350,2,36000,1.03462686567
30668,30788,34323,120,3535,2,36000,1.03394625177
30670,30793,34213,123,3420,2,36000,1.03596491228
30671,30799,34046,128,3247,2,36000,1.039421004
30673,30804,34099,131,3295,2,36000,1.03975720789
30674,30809,33892,135,3083,2,36000,1.04378851768
30675,30814,34418,139,3604,2,36000,1.03856825749
30677,30820,34196,143,3376,2,36000,1.04235781991
30678,30825,34141,147,3316,2,36000,1.0443305187
30680,30830,34201,150,3371,2,36000,1.04449718185
30681,30835,34198,154,3363,2,36000,1.04579244722
30682,30841,34202,159,3361,2,36000,1.047307349
30684,30846,34248,162,3402,2,36000,1.04761904762
30685,30851,34232,166,3381,2,36000,1.04909790003
30687,30856,34106,169,3250,2,36000,1.052
30688,30862,34484,174,3622,2,36000,1.04803975704
30689,30867,34070,178,3203,2,36000,1.05557290041
30691,30872,34075,181,3203,2,36000,1.05650952232
30692,30877,34318,185,3441,2,36000,1.05376344086
30693,30946,30952,253,6,1,900,25.9
30694,30883,34125,189,3242,2,36000,1.05829734732
30695,30888,34024,193,3136,2,36000,1.06154336735
30697,30893,34139,196,3246,2,36000,1.06038200863
30698,30899,34321,201,3422,2,36000,1.05873758036
30699,30904,34339,205,3435,2,36000,1.0596797671
30701,30909,34179,208,3270,2,36000,1.06360856269
30702,30914,34278,212,3364,2,36000,1.06302021403
30704,30730,31120,26,390,14,19980,1.06666666667
30704,30920,34033,216,3113,2,36000,1.06938644394
30705,30925,33953,220,3028,2,36000,1.07265521797
30707,30930,34118,223,3188,2,36000,1.06994981179
30708,30935,34164,227,3229,2,36000,1.0703004026
30710,30941,33906,231,2965,2,36000,1.07790893761
31119,31125,31133,6,8,1,900,1.4
31129,31135,31565,6,430,14,19980,1.01395348837
31562,31568,31597,6,29,1,900,1.20689655172
31573,31579,31967,6,388,14,19980,1.01546391753
31964,31970,31976,6,6,1,900,1.2
31974,31980,32394,6,414,14,19980,1.01449275362
32392,32399,32410,7,11,1,900,1.63636363636
33651,33658,36665,7,3007,2,36000,1.00232790156
33728,33734,36701,6,2967,2,36000,1.00202224469
33779,33785,37078,6,3293,2,36000,1.00182204677
33831,33837,36805,6,2968,2,36000,1.00202156334
33876,33882,37246,6,3364,2,36000,1.00178359096
33894,33900,37132,6,3232,2,36000,1.00185643564
33909,33916,37473,7,3557,2,36000,1.00196795052
33937,33943,37159,6,3216,2,36000,1.00186567164
33952,33958,37209,6,3251,2,36000,1.00184558597
33970,33976,37230,6,3254,2,36000,1.00184388445
33985,33991,37286,6,3295,2,36000,1.00182094082
34012,34018,37037,6,3019,2,36000,1.00198741305
34027,34033,37158,6,3125,2,36000,1.00192
34029,34039,37247,10,3208,2,36000,1.00311720698
34044,34051,37057,7,3006,2,36000,1.00232867598
34046,34056,37309,10,3253,2,36000,1.00307408546
34061,34067,37465,6,3398,2,36000,1.00176574456
34062,34073,37117,11,3044,2,36000,1.00361366623
34078,34084,37287,6,3203,2,36000,1.00187324383
34080,34091,37874,11,3783,2,36000,1.00290774518
34082,34096,37307,14,3211,2,36000,1.00436001246
34083,34101,37265,18,3164,2,36000,1.00568900126
34084,34106,37161,22,3055,2,36000,1.00720130933
34086,34113,37259,27,3146,2,36000,1.00858232676
34103,34118,37359,15,3241,2,36000,1.00462820117
34104,34123,37218,19,3095,2,36000,1.00613893376
34106,34129,37570,23,3441,2,36000,1.00668410346
34107,34135,37467,28,3332,2,36000,1.00840336134
34108,34140,37145,32,3005,2,36000,1.01064891847
34125,34145,37470,20,3325,2,36000,1.00601503759
34126,34151,37530,25,3379,2,36000,1.00739863865
34127,34156,37414,29,3258,2,36000,1.00890116636
34129,34161,37405,32,3244,2,36000,1.00986436498
34130,34168,37625,38,3457,2,36000,1.01099218976
34146,34173,37652,27,3479,2,36000,1.00776085082
34147,34180,37302,33,3122,2,36000,1.01057014734
34149,34185,37411,36,3226,2,36000,1.01115933044
34150,34190,37064,40,2874,2,36000,1.01391788448
34166,34196,37290,30,3094,2,36000,1.00969618617
34167,34202,37688,35,3486,2,36000,1.01004016064
34169,34207,37429,38,3222,2,36000,1.01179391682
34184,34212,37350,28,3138,2,36000,1.00892288082
34200,34219,38063,19,3844,2,36000,1.00494276795
34201,34224,37594,23,3370,2,36000,1.00682492582
34202,34230,37407,28,3177,2,36000,1.00881334592
34219,34236,37615,17,3379,2,36000,1.00503107428
34220,34242,37620,22,3378,2,36000,1.00651272943
34221,34247,37683,26,3436,2,36000,1.0075669383
34223,34252,37642,29,3390,2,36000,1.00855457227
34238,34259,37736,21,3477,2,36000,1.00603968939
34239,34264,37524,25,3260,2,36000,1.00766871166
34254,34270,37585,16,3315,2,36000,1.004826546
34279,34285,37352,6,3067,2,36000,1.0019563091
34306,34312,37801,6,3489,2,36000,1.00171969046
34331,34337,37598,6,3261,2,36000,1.0018399264
34333,34343,37560,10,3217,2,36000,1.00310848617
34334,34348,37907,14,3559,2,36000,1.00393368924
34349,34354,37408,5,3054,2,36000,1.00163719712
34418,34425,37528,7,3103,2,36000,1.00225588141
34484,34491,38143,7,3652,2,36000,1.00191675794
36666,36672,39934,6,3262,2,36000,1.00183936235
36699,36705,39950,6,3245,2,36000,1.00184899846
36805,36811,40238,6,3427,2,36000,1.00175080245
37038,37044,39795,6,2751,2,36000,1.00218102508
37059,37065,40502,6,3437,2,36000,1.00174570847
37073,37080,40403,7,3323,2,36000,1.00210653024
37088,37094,40320,6,3226,2,36000,1.00185988841
37119,37125,40248,6,3123,2,36000,1.00192122959
37134,37140,40089,6,2949,2,36000,1.002034588
37149,37155,40629,6,3474,2,36000,1.00172711572
37165,37170,40444,5,3274,2,36000,1.00152718387
37166,37177,40527,11,3350,2,36000,1.00328358209
37167,37183,40642,16,3459,2,36000,1.00462561434
37210,37216,40691,6,3475,2,36000,1.00172661871
37225,37231,40435,6,3204,2,36000,1.00187265918
37241,37247,40674,6,3427,2,36000,1.00175080245
37258,37264,40755,6,3491,2,36000,1.00171870524
37259,37270,40369,11,3099,2,36000,1.00354953211
37261,37276,40384,15,3108,2,36000,1.00482625483
37276,37282,40534,6,3252,2,36000,1.00184501845
37291,37297,40386,6,3089,2,36000,1.00194237617
37293,37303,40679,10,3376,2,36000,1.00296208531
37294,37309,40561,15,3252,2,36000,1.00461254613
37310,37315,40493,5,3178,2,36000,1.00157331655
37311,37321,40763,10,3442,2,36000,1.00290528762
37312,37326,40400,14,3074,2,36000,1.00455432661
37352,37358,40514,6,3156,2,36000,1.00190114068
37353,37364,40589,11,3225,2,36000,1.00341085271
37378,37385,40825,7,3440,2,36000,1.00203488372
37408,37414,40897,6,3483,2,36000,1.00172265289
37409,37421,40569,12,3148,2,36000,1.00381194409
37410,37426,40742,16,3316,2,36000,1.00482509047
37426,37432,40673,6,3241,2,36000,1.00185128047
37427,37439,40694,12,3255,2,36000,1.00368663594
37443,37449,40897,6,3448,2,36000,1.00174013921
37465,37471,41064,6,3593,2,36000,1.00166991372
37480,37486,40736,6,3250,2,36000,1.00184615385
37481,37492,40689,11,3197,2,36000,1.00344072568
37483,37498,40686,15,3188,2,36000,1.00470514429
37526,37532,40595,6,3063,2,36000,1.00195886386
37541,37547,40759,6,3212,2,36000,1.00186799502
37542,37553,40953,11,3400,2,36000,1.00323529412
37561,37567,41019,6,3452,2,36000,1.00173812283
37582,37588,40775,6,3187,2,36000,1.00188264826
37598,37604,40838,6,3234,2,36000,1.00185528757
37599,37610,41356,11,3746,2,36000,1.00293646556
37601,37616,40869,15,3253,2,36000,1.00461112819
37616,37622,41067,6,3445,2,36000,1.00174165457
37631,37637,41092,6,3455,2,36000,1.0017366136
37633,37643,41150,10,3507,2,36000,1.00285143998
37648,37654,40801,6,3147,2,36000,1.00190657769
37663,37669,40771,6,3102,2,36000,1.00193423598
37684,37690,41092,6,3402,2,36000,1.00176366843
37699,37705,41128,6,3423,2,36000,1.00175284838
37738,37745,41011,7,3266,2,36000,1.00214329455
37804,37810,40893,6,3083,2,36000,1.00194615634
37877,37883,41133,6,3250,2,36000,1.00184615385
37908,37914,41129,6,3215,2,36000,1.00186625194
38063,38070,41186,7,3116,2,36000,1.00224646983
38142,38148,41756,6,3608,2,36000,1.00166297118
39797,39803,43054,6,3251,2,36000,1.00184558597
39941,39947,43603,6,3656,2,36000,1.00164113786
39956,39962,42967,6,3005,2,36000,1.00199667221
40089,40095,43738,6,3643,2,36000,1.00164699424
40239,40245,43708,6,3463,2,36000,1.00173260179
40254,40260,43920,6,3660,2,36000,1.00163934426
40320,40325,43488,5,3163,2,36000,1.00158077774
40370,40376,43413,6,3037,2,36000,1.00197563385
40385,40392,43664,7,3272,2,36000,1.0021393643
40387,40398,43901,11,3503,2,36000,1.00314016557
40402,40408,43487,6,3079,2,36000,1.00194868464
40404,40414,43540,10,3126,2,36000,1.00319897633
40438,40444,43649,6,3205,2,36000,1.00187207488
40453,40460,43396,7,2936,2,36000,1.00238419619
40494,40500,43572,6,3072,2,36000,1.001953125
40509,40515,43741,6,3226,2,36000,1.00185988841
40525,40531,43366,6,2835,2,36000,1.00211640212
40541,40547,43466,6,2919,2,36000,1.00205549846
40543,40553,43824,10,3271,2,36000,1.00305716906
40562,40568,43581,6,3013,2,36000,1.00199137073
40577,40583,43806,6,3223,2,36000,1.00186161961
40593,40599,43843,6,3244,2,36000,1.00184956843
40608,40614,44103,6,3489,2,36000,1.00171969046
40629,40635,44028,6,3393,2,36000,1.0017683466
40644,40650,43687,6,3037,2,36000,1.00197563385
40675,40681,43420,6,2739,2,36000,1.0021905805
40676,40687,43840,11,3153,2,36000,1.00348874088
40693,40699,44141,6,3442,2,36000,1.00174317257
40694,40705,43833,11,3128,2,36000,1.00351662404
40695,40711,44134,16,3423,2,36000,1.00467426234
40697,40716,43764,19,3048,2,36000,1.0062335958
40724,40730,43834,6,3104,2,36000,1.00193298969
40740,40746,43789,6,3043,2,36000,1.00197173842
40755,40761,43836,6,3075,2,36000,1.00195121951
40756,40767,43999,11,3232,2,36000,1.00340346535
40772,40779,43890,7,3111,2,36000,1.00225008036
40774,40785,44187,11,3402,2,36000,1.00323339212
40775,40790,44313,15,3523,2,36000,1.00425773489
40797,40803,44116,6,3313,2,36000,1.00181104739
40812,40818,44102,6,3284,2,36000,1.00182704019
40827,40833,43923,6,3090,2,36000,1.00194174757
40842,40848,43752,6,2904,2,36000,1.0020661157
40869,40875,43984,6,3109,2,36000,1.00192988099
40893,40899,44126,6,3227,2,36000,1.00185931205
40909,40915,43826,6,2911,2,36000,1.00206114737
40910,40921,43889,11,2968,2,36000,1.00370619946
40956,40962,43891,6,2929,2,36000,1.00204848071
41011,41017,44152,6,3135,2,36000,1.0019138756
41026,41033,44059,7,3026,2,36000,1.00231328486
41066,41072,44100,6,3028,2,36000,1.00198150594
41082,41088,44022,6,2934,2,36000,1.00204498978
41097,41103,44402,6,3299,2,36000,1.00181873295
41098,41109,44246,11,3137,2,36000,1.00350653491
41130,41136,44424,6,3288,2,36000,1.00182481752
41131,41142,44219,11,3077,2,36000,1.00357491063
41146,41152,44440,6,3288,2,36000,1.00182481752
41161,41167,44442,6,3275,2,36000,1.00183206107
41188,41195,44647,7,3452,2,36000,1.00202780997
41356,41362,44531,6,3169,2,36000,1.00189334175
41756,41763,45159,7,3396,2,36000,1.00206124853
42966,42972,46433,6,3461,2,36000,1.001733603
43057,43063,46518,6,3455,2,36000,1.0017366136
43365,43371,46746,6,3375,2,36000,1.00177777778
43403,43408,46594,5,3186,2,36000,1.00156936598
43418,43424,46645,6,3221,2,36000,1.00186277554
43434,43440,46732,6,3292,2,36000,1.00182260024
43468,43474,46532,6,3058,2,36000,1.00196206671
43489,43496,46912,7,3416,2,36000,1.00204918033
43491,43501,46521,10,3020,2,36000,1.00331125828
43540,43546,46560,6,3014,2,36000,1.00199071002
43577,43583,46911,6,3328,2,36000,1.00180288462
43593,43599,46950,6,3351,2,36000,1.0017905103
43614,43620,46848,6,3228,2,36000,1.00185873606
43650,43656,46804,6,3148,2,36000,1.00190597205
43666,43672,46454,6,2782,2,36000,1.00215672178
43687,43693,47061,6,3368,2,36000,1.00178147268
43708,43714,46916,6,3202,2,36000,1.00187382886
43738,43744,46974,6,3230,2,36000,1.00185758514
43753,43759,47107,6,3348,2,36000,1.0017921147
43755,43765,47177,10,3412,2,36000,1.00293083236
43770,43775,46819,5,3044,2,36000,1.00164257556
43791,43797,46976,6,3179,2,36000,1.00188738597
43806,43812,47261,6,3449,2,36000,1.00173963468
43824,43830,47183,6,3353,2,36000,1.00178944229
43840,43847,47296,7,3449,2,36000,1.00202957379
43842,43855,47307,13,3452,2,36000,1.00376593279
43843,43860,47250,17,3390,2,36000,1.00501474926
43845,43865,46964,20,3099,2,36000,1.00645369474
43846,43870,47336,24,3466,2,36000,1.00692440854
43861,43876,47421,15,3545,2,36000,1.00423131171
43889,43895,47191,6,3296,2,36000,1.00182038835
43904,43911,47435,7,3524,2,36000,1.00198637911
43906,43918,46935,12,3017,2,36000,1.00397746105
43907,43924,47015,17,3091,2,36000,1.00549983824
43923,43930,47121,7,3191,2,36000,1.0021936697
43924,43936,47411,12,3475,2,36000,1.00345323741
43986,43992,47200,6,3208,2,36000,1.00187032419
44001,44007,47101,6,3094,2,36000,1.00193923723
44028,44034,47668,6,3634,2,36000,1.0016510732
44043,44049,47037,6,2988,2,36000,1.00200803213
44058,44065,47264,7,3199,2,36000,1.00218818381
44101,44107,47427,6,3320,2,36000,1.00180722892
44102,44113,47354,11,3241,2,36000,1.00339401419
44118,44125,47573,7,3448,2,36000,1.00203016241
44120,44131,47328,11,3197,2,36000,1.00344072568
44135,44142,47215,7,3073,2,36000,1.00227790433
44137,44148,46971,11,2823,2,36000,1.00389656394
44152,44158,47628,6,3470,2,36000,1.00172910663
44153,44164,47310,11,3146,2,36000,1.0034965035
44189,44195,47509,6,3314,2,36000,1.00181050091
44219,44226,47259,7,3033,2,36000,1.00230794593
44247,44253,47696,6,3443,2,36000,1.00174266628
44314,44320,47442,6,3122,2,36000,1.00192184497
44403,44410,47432,7,3022,2,36000,1.00231634679
44428,44434,48149,6,3715,2,36000,1.00161507402
44449,44455,47771,6,3316,2,36000,1.00180940893
44450,44461,47649,11,3188,2,36000,1.00345043915
44532,44539,47730,7,3191,2,36000,1.0021936697
44649,44656,47702,7,3046,2,36000,1.00229809586
45159,45165,48414,6,3249,2,36000,1.00184672207
46444,46450,49945,6,3495,2,36000,1.0017167382
46459,46465,49973,6,3508,2,36000,1.00171037628
46517,46523,49709,6,3186,2,36000,1.00188323917
46532,46538,49738,6,3200,2,36000,1.001875
46533,46544,49556,11,3012,2,36000,1.00365205843
46560,46566,49856,6,3290,2,36000,1.00182370821
46594,46600,50003,6,3403,2,36000,1.00176315016
46645,46651,49550,6,2899,2,36000,1.0020696792
46736,46742,50207,6,3465,2,36000,1.00173160173
46751,46757,49817,6,3060,2,36000,1.00196078431
46809,46815,50011,6,3196,2,36000,1.00187734668
46824,46830,49612,6,2782,2,36000,1.00215672178
46848,46855,49773,7,2918,2,36000,1.00239890336
46914,46920,50074,6,3154,2,36000,1.00190234623
46915,46926,49951,11,3025,2,36000,1.00363636364
46930,46936,49907,6,2971,2,36000,1.00201952205
46945,46952,50455,7,3503,2,36000,1.00199828718
46960,46966,49968,6,3002,2,36000,1.00199866755
46990,46996,50386,6,3390,2,36000,1.0017699115
46991,47002,50263,11,3261,2,36000,1.00337319841
46993,47007,50375,14,3368,2,36000,1.0041567696
46994,47013,49880,19,2867,2,36000,1.00662713638
47016,47023,50575,7,3552,2,36000,1.00197072072
47038,47044,50403,6,3359,2,36000,1.00178624591
47059,47065,50148,6,3083,2,36000,1.00194615634
47102,47108,50223,6,3115,2,36000,1.00192616372
47117,47123,50444,6,3321,2,36000,1.00180668473
47131,47138,50389,7,3251,2,36000,1.00215318364
47177,47184,51657,7,4473,2,36000,1.00156494523
47187,47193,47194,6,1,1,300,1.0
47193,47199,50127,6,2928,2,36000,1.00204918033
47194,47206,50277,12,3071,2,36000,1.00390752198
47210,47216,50573,6,3357,2,36000,1.0017873101
47225,47231,50492,6,3261,2,36000,1.0018399264
47256,47262,50669,6,3407,2,36000,1.00176108013
47272,47278,50249,6,2971,2,36000,1.00201952205
47273,47284,50548,11,3264,2,36000,1.00337009804
47274,47290,51093,16,3803,2,36000,1.00420720484
47299,47305,50493,6,3188,2,36000,1.00188205772
47314,47320,50701,6,3381,2,36000,1.00177462289
47315,47326,50623,11,3297,2,36000,1.00333636639
47331,47337,50175,6,2838,2,36000,1.0021141649
47345,47352,50665,7,3313,2,36000,1.00211288862
47360,47366,50151,6,2785,2,36000,1.00215439856
47414,47420,50538,6,3118,2,36000,1.00192431046
47430,47436,50982,6,3546,2,36000,1.00169204738
47431,47442,50529,11,3087,2,36000,1.00356333009
47447,47453,50440,6,2987,2,36000,1.00200870439
47448,47459,50298,11,2839,2,36000,1.00387460373
47450,47465,50768,15,3303,2,36000,1.00454132607
47511,47517,50773,6,3256,2,36000,1.00184275184
47571,47577,50747,6,3170,2,36000,1.00189274448
47629,47635,50733,6,3098,2,36000,1.00193673338
47650,47656,50926,6,3270,2,36000,1.00183486239
47671,47677,50836,6,3159,2,36000,1.00189933523
47700,47706,50933,6,3227,2,36000,1.00185931205
47715,47721,51057,6,3336,2,36000,1.00179856115
47733,47739,50561,6,2822,2,36000,1.00212615167
47773,47779,50823,6,3044,2,36000,1.00197109067
48149,48155,51237,6,3082,2,36000,1.0019467878
48415,48422,51630,7,3208,2,36000,1.00218204489
48891,48897,49128,6,231,1,300,1.02597402597
49128,49134,49478,6,344,1,300,1.01744186047
49503,49509,49510,6,1,1,300,1.0
49550,49557,52727,7,3170,2,36000,1.00220820189
49565,49572,53027,7,3455,2,36000,1.0020260492
49619,49625,52480,6,2855,2,36000,1.00210157618
49689,49695,50036,6,341,1,300,1.01759530792
49710,49717,52921,7,3204,2,36000,1.00218476904
49739,49745,53164,6,3419,2,36000,1.00175489909
49773,49779,53102,6,3323,2,36000,1.00180559735
49817,49823,53165,6,3342,2,36000,1.00179533214
49857,49863,53301,6,3438,2,36000,1.0017452007
49900,49907,52831,7,2924,2,36000,1.00239398085
49916,49922,53171,6,3249,2,36000,1.00184672207
49948,49954,52951,6,2997,2,36000,1.002002002
49963,49969,53371,6,3402,2,36000,1.00176366843
49980,49986,52854,6,2868,2,36000,1.00209205021
49981,49992,53582,11,3590,2,36000,1.00306406685
50004,50010,53193,6,3183,2,36000,1.00188501414
50020,50026,53419,6,3393,2,36000,1.0017683466
50077,50084,53284,7,3200,2,36000,1.0021875
50150,50157,53089,7,2932,2,36000,1.00238744884
50152,50164,53547,12,3383,2,36000,1.0035471475
50183,50189,53176,6,2987,2,36000,1.00200870439
50184,50195,53475,11,3280,2,36000,1.00335365854
50219,50225,53511,6,3286,2,36000,1.00182592818
50242,50248,53342,6,3094,2,36000,1.00193923723
50263,50269,53406,6,3137,2,36000,1.0019126554
50286,50292,53575,6,3283,2,36000,1.00182759671
50287,50298,53709,11,3411,2,36000,1.00322486074
50312,50318,53798,6,3480,2,36000,1.00172413793
50375,50382,53930,7,3548,2,36000,1.0019729425
50391,50397,53576,6,3179,2,36000,1.00188738597
50392,50403,54066,11,3663,2,36000,1.003003003
50407,50413,53942,6,3529,2,36000,1.00170019836
50441,50447,53863,6,3416,2,36000,1.00175644028
50456,50462,53726,6,3264,2,36000,1.00183823529
50457,50468,53583,11,3115,2,36000,1.00353130016
50494,50500,54195,6,3695,2,36000,1.00162381597
50495,50506,53792,11,3286,2,36000,1.003347535
50529,50535,53974,6,3439,2,36000,1.00174469322
50544,50550,53957,6,3407,2,36000,1.00176108013
50559,50565,53485,6,2920,2,36000,1.00205479452
50575,50582,53742,7,3160,2,36000,1.00221518987
50576,50589,53902,13,3313,2,36000,1.00392393601
50577,50595,54042,18,3447,2,36000,1.00522193211
50624,50630,53750,6,3120,2,36000,1.00192307692
50666,50673,54053,7,3380,2,36000,1.00207100592
50681,50687,54037,6,3350,2,36000,1.00179104478
50702,50708,54009,6,3301,2,36000,1.00181763102
50740,50746,53636,6,2890,2,36000,1.00207612457
50755,50761,53846,6,3085,2,36000,1.00194489465
50770,50776,53979,6,3203,2,36000,1.00187324383
50785,50791,54132,6,3341,2,36000,1.0017958695
50825,50831,54174,6,3343,2,36000,1.00179479509
50840,50846,54224,6,3378,2,36000,1.00177619893
50927,50934,54295,7,3361,2,36000,1.00208271348
50942,50948,54248,6,3300,2,36000,1.00181818182
50985,50991,54120,6,3129,2,36000,1.00191754554
51057,51063,54713,6,3650,2,36000,1.00164383562
51094,51100,54589,6,3489,2,36000,1.00171969046
51240,51246,54700,6,3454,2,36000,1.00173711639
51245,51253,51332,8,79,1,60,1.10126582278
51526,51532,51603,6,71,1,60,1.08450704225
51631,51637,54471,6,2834,2,36000,1.00211714891
51658,51664,55059,6,3395,2,36000,1.00176730486
51896,51902,51904,6,2,1,60,1.0
52145,52151,52152,6,1,1,60,1.0
52361,52367,52368,6,1,1,60,1.0
52481,52488,55736,7,3248,2,36000,1.00215517241
52587,52593,52595,6,2,1,60,1.0
52726,52732,55738,6,3006,2,36000,1.00199600798
52832,52838,56382,6,3544,2,36000,1.00169300226
52856,52862,55914,6,3052,2,36000,1.00196592398
52926,52932,56408,6,3476,2,36000,1.00172612198
52937,52943,52945,6,2,1,60,1.0
52952,52958,56252,6,3294,2,36000,1.00182149362
53028,53034,56406,6,3372,2,36000,1.00177935943
53089,53095,56257,6,3162,2,36000,1.00189753321
53104,53110,56006,6,2896,2,36000,1.0020718232
53138,53145,53218,7,73,1,60,1.09589041096
53165,53171,56362,6,3191,2,36000,1.00188028831
53166,53178,56521,12,3343,2,36000,1.00358959019
53182,53188,56509,6,3321,2,36000,1.00180668473
53184,53194,56505,10,3311,2,36000,1.00302023558
53201,53207,56560,6,3353,2,36000,1.00178944229
53251,53257,53263,6,6,1,30,1.2
53286,53292,56683,6,3391,2,36000,1.00176938956
53301,53307,56685,6,3378,2,36000,1.00177619893
53343,53349,56729,6,3380,2,36000,1.00177514793
53374,53380,56933,6,3553,2,36000,1.00168871376
53408,53414,56696,6,3282,2,36000,1.00182815356
53423,53429,56497,6,3068,2,36000,1.00195567145
53475,53481,56845,6,3364,2,36000,1.00178359096
53490,53496,56620,6,3124,2,36000,1.0019206146
53519,53525,56929,6,3404,2,36000,1.0017626322
53547,53553,56870,6,3317,2,36000,1.00180886343
53578,53584,56558,6,2974,2,36000,1.00201748487
53579,53590,56918,11,3328,2,36000,1.00330528846
53594,53600,56660,6,3060,2,36000,1.00196078431
53596,53606,56950,10,3344,2,36000,1.00299043062
53638,53644,57337,6,3693,2,36000,1.00162469537
53711,53717,56999,6,3282,2,36000,1.00182815356
53729,53735,56548,6,2813,2,36000,1.00213295414
53740,53746,53748,6,2,1,30,1.0
53744,53752,56878,8,3126,2,36000,1.00255918106
53759,53765,57277,6,3512,2,36000,1.00170842825
53792,53798,57173,6,3375,2,36000,1.00177777778
53807,53813,57044,6,3231,2,36000,1.00185701021
53846,53852,57158,6,3306,2,36000,1.00181488203
53864,53870,57079,6,3209,2,36000,1.00186974135
53904,53910,57060,6,3150,2,36000,1.0019047619
53914,53920,53923,6,3,1,30,1.0
53931,53937,57114,6,3177,2,36000,1.00188857413
53955,53961,57492,6,3531,2,36000,1.00169923534
53970,53976,57704,6,3728,2,36000,1.00160944206
53985,53991,57094,6,3103,2,36000,1.00193361263
53986,53997,57384,11,3387,2,36000,1.00324771184
54011,54018,57595,7,3577,2,36000,1.00195694716
54039,54045,57186,6,3141,2,36000,1.00191021968
54054,54060,57422,6,3362,2,36000,1.00178465199
54055,54066,57200,11,3134,2,36000,1.00350989151
54070,54076,57582,6,3506,2,36000,1.00171135197
54123,54129,57674,6,3545,2,36000,1.00169252468
54148,54154,57545,6,3391,2,36000,1.00176938956
54176,54182,57647,6,3465,2,36000,1.00173160173
54195,54201,57722,6,3521,2,36000,1.00170406135
54196,54207,54273,11,66,1,30,1.16666666667
54225,54231,56997,6,2766,2,36000,1.0021691974
54250,54256,57613,6,3357,2,36000,1.0017873101
54294,54301,57737,7,3436,2,36000,1.00203725262
54471,54478,57783,7,3305,2,36000,1.00211800303
54590,54596,57750,6,3154,2,36000,1.00190234623
54702,54708,57631,6,2923,2,36000,1.0020526856
54721,54727,58036,6,3309,2,36000,1.00181323663
55062,55068,58514,6,3446,2,36000,1.00174114916
55735,55742,58782,7,3040,2,36000,1.00230263158
55751,55757,59247,6,3490,2,36000,1.00171919771
55917,55923,59146,6,3223,2,36000,1.00186161961
56008,56014,59246,6,3232,2,36000,1.00185643564
56253,56259,59604,6,3345,2,36000,1.00179372197
56268,56274,59307,6,3033,2,36000,1.00197823937
56362,56368,59878,6,3510,2,36000,1.00170940171
56383,56390,59725,7,3335,2,36000,1.00209895052
56405,56411,59933,6,3522,2,36000,1.00170357751
56420,56426,59605,6,3179,2,36000,1.00188738597
56499,56505,59956,6,3451,2,36000,1.00173862649
56515,56521,59985,6,3464,2,36000,1.00173210162
56516,56527,60080,11,3553,2,36000,1.00309597523
56534,56540,60058,6,3518,2,36000,1.0017055145
56549,56555,59950,6,3395,2,36000,1.00176730486
56565,56571,60107,6,3536,2,36000,1.00169683258
56566,56577,59653,11,3076,2,36000,1.00357607282
56620,56626,59948,6,3322,2,36000,1.00180614088
56662,56668,60045,6,3377,2,36000,1.0017767249
56686,56693,59913,7,3220,2,36000,1.00217391304
56688,56699,60026,11,3327,2,36000,1.00330628194
56703,56709,60031,6,3322,2,36000,1.00180614088
56731,56737,60084,6,3347,2,36000,1.00179265013
56846,56852,60198,6,3346,2,36000,1.00179318589
56870,56877,59948,7,3071,2,36000,1.00227938782
56885,56891,60205,6,3314,2,36000,1.00181050091
56919,56925,60396,6,3471,2,36000,1.00172860847
56934,56940,60127,6,3187,2,36000,1.00188264826
56936,56946,60096,10,3150,2,36000,1.00317460317
56951,56957,59990,6,3033,2,36000,1.00197823937
56997,57003,60109,6,3106,2,36000,1.00193174501
57012,57018,60600,6,3582,2,36000,1.00167504188
57045,57052,60590,7,3538,2,36000,1.00197851894
57060,57066,60506,6,3440,2,36000,1.00174418605
57081,57088,60518,7,3430,2,36000,1.00204081633
57096,57103,60266,7,3163,2,36000,1.00221308884
57114,57120,60414,6,3294,2,36000,1.00182149362
57157,57163,60481,6,3318,2,36000,1.00180831826
57175,57181,60585,6,3404,2,36000,1.0017626322
57190,57196,60573,6,3377,2,36000,1.0017767249
57205,57211,60579,6,3368,2,36000,1.00178147268
57278,57284,60467,6,3183,2,36000,1.00188501414
57339,57345,60249,6,2904,2,36000,1.0020661157
57384,57391,60537,7,3146,2,36000,1.00222504768
57424,57430,60764,6,3334,2,36000,1.00179964007
57491,57497,60944,6,3447,2,36000,1.00174064404
57547,57553,60857,6,3304,2,36000,1.00181598063
57583,57589,61283,6,3694,2,36000,1.00162425555
57598,57605,60938,7,3333,2,36000,1.00210021002
57614,57620,60557,6,2937,2,36000,1.00204290092
57631,57638,57693,7,55,1,30,1.12727272727
57632,57643,60935,11,3292,2,36000,1.00334143378
57647,57653,60685,6,3032,2,36000,1.00197889182
57674,57680,60957,6,3277,2,36000,1.00183094294
57704,57710,61024,6,3314,2,36000,1.00181050091
57722,57729,60910,7,3181,2,36000,1.00220056586
57737,57744,61046,7,3302,2,36000,1.00211992732
57752,57758,61288,6,3530,2,36000,1.00169971671
57785,57792,61974,7,4182,2,36000,1.00167384027
58038,58044,61570,6,3526,2,36000,1.00170164492
58515,58521,61926,6,3405,2,36000,1.00176211454
58568,58574,58628,6,54,1,30,1.11111111111
58784,58790,61794,6,3004,2,36000,1.00199733688
59148,59154,62271,6,3117,2,36000,1.00192492782
59245,59251,62688,6,3437,2,36000,1.00174570847
59247,59257,62410,10,3153,2,36000,1.00317158262
59307,59313,62722,6,3409,2,36000,1.00176004693
59604,59610,62929,6,3319,2,36000,1.00180777343
59605,59616,62988,11,3372,2,36000,1.00326215896
59654,59660,62783,6,3123,2,36000,1.00192122959
59727,59733,62844,6,3111,2,36000,1.00192864031
59879,59885,63116,6,3231,2,36000,1.00185701021
59916,59922,63312,6,3390,2,36000,1.0017699115
59934,59940,63186,6,3246,2,36000,1.00184842884
59950,59956,63221,6,3265,2,36000,1.00183767228
59951,59963,62899,12,2936,2,36000,1.00408719346
59952,59968,63046,16,3078,2,36000,1.00519818064
59967,59975,63061,8,3086,2,36000,1.00259235256
59986,59992,63332,6,3340,2,36000,1.00179640719
60001,60007,64064,6,4057,2,36000,1.00147892531
60028,60034,62995,6,2961,2,36000,1.00202634245
60044,60050,63242,6,3192,2,36000,1.00187969925
60045,60056,63476,11,3420,2,36000,1.00321637427
60055,60063,60065,8,2,1,30,1.0
60074,60080,63377,6,3297,2,36000,1.00181983621
60089,60095,63159,6,3064,2,36000,1.00195822454
60091,60101,63273,10,3172,2,36000,1.00315258512
60107,60113,63414,6,3301,2,36000,1.00181763102
60108,60119,63836,11,3717,2,36000,1.00295937584
60113,60212,62624,99,2412,23,43500,1.04104477612
60124,60130,63281,6,3151,2,36000,1.00190415741
60139,60145,63155,6,3010,2,36000,1.00199335548
60200,60206,64079,6,3873,2,36000,1.00154918668
60215,60221,63750,6,3529,2,36000,1.00170019836
60258,60265,63299,7,3034,2,36000,1.00230718523
60274,60280,63111,6,2831,2,36000,1.00211939244
60398,60404,63781,6,3377,2,36000,1.0017767249
60416,60423,63647,7,3224,2,36000,1.00217121588
60472,60478,63983,6,3505,2,36000,1.00171184023
60489,60496,63746,7,3250,2,36000,1.00215384615
60509,60515,63883,6,3368,2,36000,1.00178147268
60524,60530,63831,6,3301,2,36000,1.00181763102
60539,60545,63863,6,3318,2,36000,1.00180831826
60560,60567,63883,7,3316,2,36000,1.00211097708
60575,60581,63988,6,3407,2,36000,1.00176108013
60591,60597,63743,6,3146,2,36000,1.00190718373
60593,60603,63984,10,3381,2,36000,1.00295770482
60594,60608,64002,14,3394,2,36000,1.00412492634
60609,60615,63849,6,3234,2,36000,1.00185528757
60685,60691,64189,6,3498,2,36000,1.00171526587
60764,60770,64111,6,3341,2,36000,1.0017958695
60813,60819,60855,6,36,1,30,1.16666666667
60858,60864,64254,6,3390,2,36000,1.0017699115
60909,60915,64140,6,3225,2,36000,1.00186046512
60937,60943,64150,6,3207,2,36000,1.00187090739
60952,60958,64232,6,3274,2,36000,1.00183262065
60954,60964,64041,10,3077,2,36000,1.00324991875
60972,60978,63769,6,2791,2,36000,1.00214976711
61027,61033,64410,6,3377,2,36000,1.0017767249
61048,61054,64569,6,3515,2,36000,1.00170697013
61284,61290,64516,6,3226,2,36000,1.00185988841
61299,61305,64393,6,3088,2,36000,1.00194300518
61571,61577,65165,6,3588,2,36000,1.0016722408
61582,64136,75703,2554,11567,6,86400,1.2208005533
61794,61800,65169,6,3369,2,36000,1.0017809439
61925,61931,65116,6,3185,2,36000,1.00188383046
61976,61982,65179,6,3197,2,36000,1.00187675946
62270,62277,65483,7,3206,2,36000,1.00218340611
62412,62418,65426,6,3008,2,36000,1.00199468085
62513,62519,83486,6,20967,1,72000,1.00028616397
62514,62641,67424,127,4783,1,72000,1.02655237299
62514,62525,93261,11,30736,1,72000,1.00035788652
62514,62530,110903,16,48373,1,72000,1.00033076303
62514,62636,66173,122,3537,1,72000,1.03449250777
62515,62657,90476,142,27819,1,72000,1.00510442503
62515,62662,65692,147,3030,1,72000,1.04851485149
62515,62646,75005,131,12359,1,72000,1.01059956307
62515,62652,80056,137,17404,1,72000,1.00787175362
62516,62678,77380,162,14702,1,72000,1.01101890899
62516,62683,85904,167,23221,1,72000,1.00719176607
62516,62673,73107,157,10434,1,72000,1.01504696186
62516,62668,65576,152,2908,1,72000,1.0522696011
62517,62699,68797,182,6098,1,72000,1.0298458511
62517,62705,71385,188,8680,1,72000,1.02165898618
62517,62689,64460,172,1771,1,72000,1.09712027103
62517,62694,65143,177,2449,1,72000,1.07227439771
62518,62710,76754,192,14044,1,72000,1.01367131871
62518,62721,64206,203,1485,1,72000,1.1367003367
62518,62715,63842,197,1127,1,72000,1.17480035492
62518,62726,67854,208,5128,1,72000,1.04056162246
62519,62808,74561,289,11753,1,72000,1.02458946652
62519,62819,64002,300,1183,1,72000,1.25359256128
62519,62731,70546,212,7815,1,72000,1.02712731926
62519,62813,63807,294,994,1,72000,1.29577464789
62520,62747,69873,227,7126,1,72000,1.03185517822
62520,62742,67228,222,4486,1,72000,1.0494872938
62520,62737,65825,217,3088,1,72000,1.07027202073
62521,62774,67848,253,5074,1,72000,1.04986204178
62521,62763,64879,242,2116,1,72000,1.11436672968
62521,62753,63308,232,555,1,72000,1.41801801802
62521,62758,63487,237,729,1,72000,1.32510288066
62521,62769,65911,248,3142,1,72000,1.07893061744
62522,62790,64097,268,1307,1,72000,1.20504973221
62522,62785,63290,263,505,1,72000,1.52079207921
62522,62795,64652,273,1857,1,72000,1.14701130856
62522,62779,63156,257,377,1,72000,1.68169761273
62523,62801,67236,278,4435,1,72000,1.0626832018
62523,62824,63089,301,265,1,72000,2.1358490566
62523,62834,64027,311,1193,1,72000,1.26068734283
62523,62829,63122,306,293,1,72000,2.04436860068
62524,62874,63094,350,220,1,72000,2.59090909091
62524,62850,63023,326,173,1,72000,2.88439306358
62524,62845,65581,321,2736,1,72000,1.1173245614
62524,62840,64841,316,2001,1,72000,1.15792103948
62525,62947,64462,422,1515,1,72000,1.27854785479
62525,62942,63927,417,985,1,72000,1.42335025381
62525,63002,63135,477,133,1,72000,4.58646616541
62525,62879,63570,354,691,1,72000,1.51230101302
62526,63008,63157,482,149,1,72000,4.23489932886
62526,63014,63821,488,807,1,72000,1.60470879802
62526,63020,64459,494,1439,1,72000,1.34329395413
62526,63034,64695,508,1661,1,72000,1.30583985551
62527,63129,63545,602,416,1,72000,2.44711538462
62527,63107,63219,580,112,1,72000,6.17857142857
62527,63134,63805,607,671,1,72000,1.90461997019
62527,63100,63254,573,154,1,72000,4.72077922078
62528,63146,64124,618,978,1,72000,1.63190184049
62528,63177,63839,649,662,1,72000,1.98036253776
62528,63151,63212,623,61,1,72000,11.2131147541
62528,63172,63247,644,75,1,72000,9.58666666667
62529,63187,64541,658,1354,1,72000,1.48596750369
62529,63182,64470,653,1288,1,72000,1.50698757764
62529,63224,63281,695,57,1,72000,13.1929824561
62529,63231,63292,702,61,1,72000,12.5081967213
62530,63260,63829,730,569,1,72000,2.28295254833
62530,63266,63838,736,572,1,72000,2.28671328671
62530,63254,63534,724,280,1,72000,3.58571428571
62530,63272,63300,742,28,1,72000,27.5
62531,63291,63974,760,683,1,72000,2.11273792094
62531,63285,63343,754,58,1,72000,14.0
62531,63309,64635,778,1326,1,72000,1.58672699849
62531,63297,64741,766,1444,1,72000,1.53047091413
62532,63337,63867,805,530,1,72000,2.51886792453
62532,63314,63344,782,30,1,72000,27.0666666667
62532,63327,63377,795,50,1,72000,16.9
62532,63332,63596,800,264,1,72000,4.0303030303
62533,63365,64110,832,745,1,72000,2.11677852349
62533,63343,63859,810,516,1,72000,2.56976744186
62533,63360,63379,827,19,1,72000,44.5263157895
62533,63354,63396,821,42,1,72000,20.5476190476
62534,63394,63433,860,39,1,72000,23.0512820513
62534,63399,63416,865,17,1,72000,51.8823529412
62534,63372,65677,838,2305,1,72000,1.36355748373
62534,63388,64844,854,1456,1,72000,1.58653846154
62535,63431,63440,896,9,1,72000,90.5
62535,63412,64002,877,590,1,72000,2.48644067797
62535,63426,64244,891,818,1,72000,2.08924205379
62535,63405,63700,870,295,1,72000,3.94915254237
62536,63438,63447,902,9,1,72000,91.1
62536,63452,65485,916,2033,1,72000,1.4505656665
62536,63458,65108,922,1650,1,72000,1.55878787879
62536,63444,64403,908,959,1,72000,1.94681960375
62537,63495,63507,958,12,1,72000,80.8333333333
62537,63519,64436,982,917,1,72000,2.07088331516
62537,63502,63804,965,302,1,72000,4.19536423841
62537,63490,63515,953,25,1,72000,39.12
62538,63528,64125,990,597,1,72000,2.65829145729
62538,63565,64567,1027,1002,1,72000,2.0249500998
62538,63547,63553,1009,6,1,72000,101.5
62538,63557,63562,1019,5,1,72000,102.4
62539,63635,63645,1096,10,1,72000,110.6
62539,63582,65505,1043,1923,1,72000,1.54238169527
62539,63574,65520,1035,1946,1,72000,1.5318602261
62539,63607,63624,1068,17,1,72000,63.8235294118
62540,63760,63766,1220,6,1,72000,122.6
62540,63754,64455,1214,701,1,72000,2.73181169757
62540,63712,64440,1172,728,1,72000,2.60989010989
62540,63656,63962,1116,306,1,72000,4.64705882353
62541,63767,63774,1226,7,1,72000,123.3
62688,62856,65946,168,3090,2,36000,1.05436893204
62721,62861,66269,140,3408,2,36000,1.04107981221
62788,62866,66558,78,3692,2,36000,1.02112676056
62843,62884,66175,41,3291,2,36000,1.01245821939
62901,62907,66301,6,3394,2,36000,1.00176782557
62929,62935,66253,6,3318,2,36000,1.00180831826
62990,62996,66201,6,3205,2,36000,1.00187207488
63006,63025,66336,19,3311,2,36000,1.0057384476
63046,63053,66664,7,3611,2,36000,1.00193852119
63061,63067,66533,6,3466,2,36000,1.00173110214
63114,63122,66212,8,3090,2,36000,1.00258899676
63116,63139,65969,23,2830,2,36000,1.00812720848
63158,63165,66551,7,3386,2,36000,1.00206733609
63160,63193,66363,33,3170,2,36000,1.01041009464
63187,63200,66660,13,3460,2,36000,1.00375722543
63224,63237,66168,13,2931,2,36000,1.0044353463
63242,63248,66556,6,3308,2,36000,1.00181378476
63272,63278,66506,6,3228,2,36000,1.00185873606
63288,63303,66409,15,3106,2,36000,1.00482936252
63303,63320,66620,17,3300,2,36000,1.00515151515
63319,63348,66574,29,3226,2,36000,1.00898946063
63334,63664,66811,330,3147,2,36000,1.10486177312
63380,63772,67001,392,3229,2,36000,1.12139981418
63416,63777,66808,361,3031,2,36000,1.1191026064
63489,63783,67499,294,3716,2,36000,1.07911733046
63650,63790,67087,140,3297,2,36000,1.04246284501
63750,63797,66798,47,3001,2,36000,1.01566144618
63751,63817,67423,66,3606,2,36000,1.01830282862
63753,63832,67062,79,3230,2,36000,1.02445820433
63772,63843,67133,71,3290,2,36000,1.02158054711
63787,63850,67311,63,3461,2,36000,1.01820283155
63831,63855,67139,24,3284,2,36000,1.00730816078
63847,63863,67037,16,3174,2,36000,1.00504095778
63862,63869,67076,7,3207,2,36000,1.00218272529
63864,63876,67105,12,3229,2,36000,1.00371632084
63885,63891,67129,6,3238,2,36000,1.00185299568
63886,63898,68200,12,4302,2,36000,1.00278940028
63986,63992,67463,6,3471,2,36000,1.00172860847
63987,63999,67401,12,3402,2,36000,1.00352733686
64003,64010,67349,7,3339,2,36000,1.00209643606
64005,64017,66785,12,2768,2,36000,1.00433526012
64042,64048,67243,6,3195,2,36000,1.00187793427
64066,64073,67125,7,3052,2,36000,1.00229357798
64083,64089,67316,6,3227,2,36000,1.00185931205
64111,64117,67267,6,3150,2,36000,1.0019047619
64146,64152,67516,6,3364,2,36000,1.00178359096
64161,64168,67545,7,3377,2,36000,1.00207284572
64189,64195,67415,6,3220,2,36000,1.00186335404
64233,64239,67551,6,3312,2,36000,1.0018115942
64254,64260,67639,6,3379,2,36000,1.00177567328
64302,64552,596455,250,531903,12,604800,1.00047001051
64368,65119,596455,751,531336,12,604800,1.00141341825
64395,64402,67962,7,3560,2,36000,1.00196629213
64410,64417,67773,7,3356,2,36000,1.00208581645
64497,65592,128169,1095,62577,8,604800,1.01749844192
64519,64526,67631,7,3105,2,36000,1.00225442834
64572,64578,67866,6,3288,2,36000,1.00182481752
65116,65126,68507,10,3381,2,36000,1.00295770482
65134,65922,95430,788,29508,4,108000,1.02670462248
65154,67169,80659,2015,13490,4,108000,1.14936990363
65164,65171,68724,7,3553,2,36000,1.00197016606
65179,65187,68407,8,3220,2,36000,1.00248447205
65181,65194,68383,13,3189,2,36000,1.00407651301
65427,65434,68649,7,3215,2,36000,1.00217729393
65485,65495,68922,10,3427,2,36000,1.00291800409
65946,65957,68884,11,2927,2,36000,1.00375811411
65971,65980,69528,9,3548,2,36000,1.00253664036
66179,66185,69331,6,3146,2,36000,1.00190718373
66180,66192,69778,12,3586,2,36000,1.0033463469
66202,66208,69363,6,3155,2,36000,1.00190174326
66217,66223,69190,6,2967,2,36000,1.00202224469
66254,66261,69292,7,3031,2,36000,1.00230946882
66269,66275,69537,6,3262,2,36000,1.00183936235
66300,66307,69454,7,3147,2,36000,1.00222434064
66337,66343,69676,6,3333,2,36000,1.00180018002
66365,66371,69599,6,3228,2,36000,1.00185873606
66411,66417,69746,6,3329,2,36000,1.00180234305
66507,66514,69764,7,3250,2,36000,1.00215384615
66534,66542,70293,8,3751,2,36000,1.0021327646
66550,66556,69572,6,3016,2,36000,1.00198938992
66566,66572,69592,6,3020,2,36000,1.00198675497
66568,66579,69602,11,3023,2,36000,1.00363876943
66583,66589,69616,6,3027,2,36000,1.00198216056
66620,66626,69982,6,3356,2,36000,1.00178784267
66661,66667,69957,6,3290,2,36000,1.00182370821
66681,66688,70163,7,3475,2,36000,1.00201438849
66786,66792,69904,6,3112,2,36000,1.00192802057
66801,66810,70524,9,3714,2,36000,1.00242326333
66817,66823,69950,6,3127,2,36000,1.00191877199
66818,66830,69802,12,2972,2,36000,1.00403768506
67001,67098,70430,97,3332,2,36000,1.02911164466
67038,67141,70976,103,3835,2,36000,1.02685788787
67063,67175,70361,112,3186,2,36000,1.03515379787
67078,67180,70541,102,3361,2,36000,1.03034811068
67093,67147,70402,54,3255,2,36000,1.01658986175
67122,67152,70756,30,3604,2,36000,1.00832408435
67138,67158,70418,20,3260,2,36000,1.00613496933
67139,67163,70546,24,3383,2,36000,1.007094295
67141,67185,70522,44,3337,2,36000,1.01318549595
67142,67247,70727,105,3480,2,36000,1.03017241379
67242,67254,70698,12,3444,2,36000,1.00348432056
67269,67278,70499,9,3221,2,36000,1.0027941633
67313,67322,70240,9,2918,2,36000,1.00308430432
67332,67338,70755,6,3417,2,36000,1.00175592625
67350,67360,70948,10,3588,2,36000,1.002787068
67403,67413,70803,10,3390,2,36000,1.00294985251
67418,67426,70783,8,3357,2,36000,1.00238308013
67433,67439,70439,6,3000,2,36000,1.002
67463,67475,70807,12,3332,2,36000,1.00360144058
67500,67510,68042,10,532,2,36000,1.01879699248
67527,67533,70734,6,3201,2,36000,1.00187441425
67553,67559,70982,6,3423,2,36000,1.00175284838
67554,67566,70918,12,3352,2,36000,1.00357995227
67633,67643,71055,10,3412,2,36000,1.00293083236
67648,67654,71039,6,3385,2,36000,1.00177252585
67773,67784,70865,11,3081,2,36000,1.00357026939
67868,67874,71258,6,3384,2,36000,1.00177304965
67969,67976,71591,7,3615,2,36000,1.00193637621
68043,68049,71429,6,3380,2,36000,1.00177514793
68201,68208,71484,7,3276,2,36000,1.00213675214
68295,68301,68380,6,79,1,60,1.07594936709
68383,68390,71623,7,3233,2,36000,1.00216517167
68408,68414,71594,6,3180,2,36000,1.00188679245
68508,68514,69076,6,562,2,36000,1.01067615658
68651,68657,71885,6,3228,2,36000,1.00185873606
68678,68684,68687,6,3,1,60,1.0
68726,68732,72296,6,3564,2,36000,1.00168350168
68884,68890,72477,6,3587,2,36000,1.001672707
68922,68928,72051,6,3123,2,36000,1.00192122959
68956,68962,68973,6,11,1,60,1.54545454545
68958,68984,68995,26,11,1,60,3.36363636364
69076,69082,72430,6,3348,2,36000,1.0017921147
69191,69197,72482,6,3285,2,36000,1.00182648402
69292,69298,72667,6,3369,2,36000,1.0017809439
69331,69337,72611,6,3274,2,36000,1.00183262065
69366,69372,72762,6,3390,2,36000,1.0017699115
69454,69460,72790,6,3330,2,36000,1.0018018018
69527,69533,72925,6,3392,2,36000,1.00176886792
69542,69548,72629,6,3081,2,36000,1.00194741967
69572,69579,72642,7,3063,2,36000,1.00228534117
69594,69600,72829,6,3229,2,36000,1.00185816042
69620,69626,72814,6,3188,2,36000,1.00188205772
69622,69632,73093,10,3461,2,36000,1.00288933834
69624,69638,73053,14,3415,2,36000,1.00409956076
69676,69683,73236,7,3553,2,36000,1.00197016606
69746,69753,73202,7,3449,2,36000,1.00202957379
69764,69771,73372,7,3601,2,36000,1.00194390447
69779,69786,70989,7,1203,2,36000,1.00581878637
69808,69815,73186,7,3371,2,36000,1.00207653515
69903,69909,70483,6,574,2,36000,1.01045296167
69952,69958,73456,6,3498,2,36000,1.00171526587
69967,69973,73279,6,3306,2,36000,1.00181488203
69982,69988,73242,6,3254,2,36000,1.00184388445
70166,70172,72441,6,2269,2,36000,1.00264433671
70242,70248,73704,6,3456,2,36000,1.00173611111
70294,70300,73342,6,3042,2,36000,1.00197238659
70361,70367,70898,6,531,2,36000,1.01129943503
70403,70409,74086,6,3677,2,36000,1.00163176503
70418,70425,73758,7,3333,2,36000,1.00210021002
70434,70440,72182,6,1742,2,36000,1.00344431688
70449,70455,74025,6,3570,2,36000,1.00168067227
70483,70489,73867,6,3378,2,36000,1.00177619893
70501,70507,73940,6,3433,2,36000,1.0017477425
70522,70528,73947,6,3419,2,36000,1.00175489909
70537,70543,73872,6,3329,2,36000,1.00180234305
70553,70559,73820,6,3261,2,36000,1.0018399264
70554,70565,71628,11,1063,2,36000,1.0103480715
70700,70706,74865,6,4159,2,36000,1.00144265448
70731,70737,74141,6,3404,2,36000,1.0017626322
70746,70767,74071,21,3304,2,36000,1.0063559322
70761,70794,74237,33,3443,2,36000,1.00958466454
70763,70815,74376,52,3561,2,36000,1.01460263971
70784,70876,74038,92,3162,2,36000,1.02909550917
70805,70910,74368,105,3458,2,36000,1.03036437247
70820,70930,74218,110,3288,2,36000,1.03345498783
70866,70959,74194,93,3235,2,36000,1.02874806801
70899,70989,74507,90,3518,2,36000,1.02558271745
70920,70995,74351,75,3356,2,36000,1.02234803337
70948,71002,73955,54,2953,2,36000,1.01828648832
70979,71050,74045,71,2995,2,36000,1.02370617696
70995,71066,73272,71,2206,2,36000,1.03218495014
70996,71270,74629,274,3359,2,36000,1.0815718964
71042,71441,74789,399,3348,2,36000,1.11917562724
71057,71496,74841,439,3345,2,36000,1.1312406577
71260,71603,74478,343,2875,2,36000,1.11930434783
71443,71610,74991,167,3381,2,36000,1.04939367051
71485,71635,73081,150,1446,2,36000,1.10373443983
71595,71642,75039,47,3397,2,36000,1.01383573742
71596,71897,75010,301,3113,2,36000,1.09669129457
71624,72062,75359,438,3297,2,36000,1.13284804368
71639,72194,75751,555,3557,2,36000,1.15603036267
71886,72308,75540,422,3232,2,36000,1.13056930693
72055,72442,75935,387,3493,2,36000,1.1107930146
72186,72455,75344,269,2889,2,36000,1.09311180339
72298,72490,75432,192,2942,2,36000,1.06526172672
72429,72496,75512,67,3016,2,36000,1.02221485411
72445,72622,75909,177,3287,2,36000,1.05384849407
72479,72640,75864,161,3224,2,36000,1.04993796526
72494,72654,75929,160,3275,2,36000,1.04885496183
72609,72678,75910,69,3232,2,36000,1.0213490099
72631,72773,76192,142,3419,2,36000,1.04153261187
72646,72802,75056,156,2254,2,36000,1.06921029281
72667,72825,76298,158,3473,2,36000,1.04549380939
72763,72842,76178,79,3336,2,36000,1.02368105516
72790,72936,76530,146,3594,2,36000,1.04062326099
72814,72969,76126,155,3157,2,36000,1.04909724422
72830,73065,76532,235,3467,2,36000,1.06778194404
72927,73092,76392,165,3300,2,36000,1.05
73052,73104,76244,52,3140,2,36000,1.01656050955
73083,73198,76445,115,3247,2,36000,1.03541730828
73098,73215,76826,117,3611,2,36000,1.03240099695
73186,73247,76265,61,3018,2,36000,1.02021206097
73204,73254,76808,50,3554,2,36000,1.01406865504
73238,73283,76827,45,3544,2,36000,1.01269751693
73253,73292,74934,39,1642,2,36000,1.02375152253
73275,73353,76962,78,3609,2,36000,1.02161263508
73290,73383,76519,93,3136,2,36000,1.02965561224
73344,73468,76683,124,3215,2,36000,1.03856920684
73375,73716,76867,341,3151,2,36000,1.10821961282
73457,73769,76809,312,3040,2,36000,1.10263157895
73703,73833,77088,130,3255,2,36000,1.03993855607
73761,73879,77083,118,3204,2,36000,1.0368289638
73822,73886,77189,64,3303,2,36000,1.01937632455
73870,73952,77296,82,3344,2,36000,1.0245215311
73885,73958,77423,73,3465,2,36000,1.02106782107
73942,73967,77063,25,3096,2,36000,1.0080749354
73958,74036,78159,78,4123,2,36000,1.0189182634
73959,74051,75992,92,1941,2,36000,1.04739824833
74026,74057,77516,31,3459,2,36000,1.00896212778
74040,74083,77390,43,3307,2,36000,1.0130027215
74055,74097,77369,42,3272,2,36000,1.01283618582
74071,74153,77022,82,2869,2,36000,1.02858138724
74086,74206,77550,120,3344,2,36000,1.03588516746
74143,74230,77374,87,3144,2,36000,1.02767175573
74178,74188,74228,10,40,1,10,1.25
74180,74194,74206,14,12,1,10,2.16666666667
74195,74248,77717,53,3469,2,36000,1.01527817815
74219,74363,77731,144,3368,2,36000,1.04275534442
74238,74384,77981,146,3597,2,36000,1.04058938004
74353,74391,77904,38,3513,2,36000,1.01081696556
74371,74489,77919,118,3430,2,36000,1.03440233236
74390,74519,77970,129,3451,2,36000,1.03738046943
74480,74572,76297,92,1725,2,36000,1.05333333333
74507,74640,77771,133,3131,2,36000,1.04247844139
74629,74678,77955,49,3277,2,36000,1.01495270064
74791,74797,77706,6,2909,2,36000,1.00206256446
74842,74848,78112,6,3264,2,36000,1.00183823529
74866,74872,78237,6,3365,2,36000,1.00178306092
74937,74943,78593,6,3650,2,36000,1.00164383562
74992,74999,78374,7,3375,2,36000,1.00207407407
75010,75017,78411,7,3394,2,36000,1.00206246317
75041,75047,78430,6,3383,2,36000,1.00177357375
75056,75062,78247,6,3185,2,36000,1.00188383046
75346,75352,78594,6,3242,2,36000,1.00185070944
75367,75373,78664,6,3291,2,36000,1.00182315406
75403,75409,75411,6,2,1,10,1.0
75406,75416,75460,10,44,1,10,1.22727272727
75433,75439,77742,6,2303,2,36000,1.00260529744
75512,75518,78894,6,3376,2,36000,1.00177725118
75543,75549,78836,6,3287,2,36000,1.00182537268
75677,75683,75687,6,4,1,10,1.0
75752,75758,79058,6,3300,2,36000,1.00181818182
75865,75871,79171,6,3300,2,36000,1.00181818182
75910,75916,79147,6,3231,2,36000,1.00185701021
75911,75922,79639,11,3717,2,36000,1.00295937584
75930,75936,79512,6,3576,2,36000,1.00167785235
75933,75942,75996,9,54,1,10,1.16666666667
75945,75951,79326,6,3375,2,36000,1.00177777778
75993,75999,79007,6,3008,2,36000,1.00199468085
76129,76135,79199,6,3064,2,36000,1.00195822454
76180,76186,79333,6,3147,2,36000,1.00190657769
76195,76202,79479,7,3277,2,36000,1.00213610009
76244,76250,79316,6,3066,2,36000,1.00195694716
76265,76271,79634,6,3363,2,36000,1.00178412132
76299,76305,79304,6,2999,2,36000,1.00200066689
76300,76312,79689,12,3377,2,36000,1.00355344981
76392,76398,79888,6,3490,2,36000,1.00171919771
76446,76452,79539,6,3087,2,36000,1.0019436346
76519,76525,79757,6,3232,2,36000,1.00185643564
76535,76541,79683,6,3142,2,36000,1.00190961171
76536,76547,79965,11,3418,2,36000,1.00321825629
76626,76632,76658,6,26,1,10,1.23076923077
76684,76690,79718,6,3028,2,36000,1.00198150594
76808,76815,80236,7,3421,2,36000,1.00204618533
76810,76821,80127,11,3306,2,36000,1.00332728373
76825,76831,79939,6,3108,2,36000,1.00193050193
76840,76846,80106,6,3260,2,36000,1.0018404908
76867,76873,80179,6,3306,2,36000,1.00181488203
76963,76969,80018,6,3049,2,36000,1.00196785831
77024,77030,80244,6,3214,2,36000,1.00186683261
77066,77072,80145,6,3073,2,36000,1.00195248942
77084,77090,80312,6,3222,2,36000,1.00186219739
77099,77105,78915,6,1810,2,36000,1.00331491713
77189,77195,80138,6,2943,2,36000,1.00203873598
77298,77304,80428,6,3124,2,36000,1.0019206146
77371,77377,80758,6,3381,2,36000,1.00177462289
77386,77392,80744,6,3352,2,36000,1.00178997613
77401,77407,80741,6,3334,2,36000,1.00179964007
77425,77431,80461,6,3030,2,36000,1.00198019802
77516,77522,80736,6,3214,2,36000,1.00186683261
77550,77556,80917,6,3361,2,36000,1.00178518298
77708,77714,81137,6,3423,2,36000,1.00175284838
77723,77729,80881,6,3152,2,36000,1.0019035533
77738,77744,80991,6,3247,2,36000,1.00184785956
77753,77759,81090,6,3331,2,36000,1.00180126088
77771,77777,81221,6,3444,2,36000,1.00174216028
77905,77911,81251,6,3340,2,36000,1.00179640719
77920,77926,81130,6,3204,2,36000,1.00187265918
77958,77964,81101,6,3137,2,36000,1.0019126554
77973,77979,81675,6,3696,2,36000,1.00162337662
77988,77994,81342,6,3348,2,36000,1.0017921147
78049,78055,78107,6,52,1,10,1.11538461538
78113,78119,83783,6,5664,2,36000,1.00105932203
78161,78167,81500,6,3333,2,36000,1.00180018002
78237,78243,81512,6,3269,2,36000,1.00183542368
78253,78258,81699,5,3441,2,36000,1.00145306597
78269,78670,78770,401,100,14,19980,5.01
78379,78386,81633,7,3247,2,36000,1.00215583616
78412,78420,81976,8,3556,2,36000,1.00224971879
78431,78438,81794,7,3356,2,36000,1.00208581645
78595,78601,81545,6,2944,2,36000,1.00203804348
78597,78609,82007,12,3398,2,36000,1.00353148911
78664,78676,81957,12,3281,2,36000,1.00365742152
78768,78774,78780,6,6,1,900,1.2
78776,78782,79069,6,287,14,19980,1.02090592334
78838,78844,82085,6,3241,2,36000,1.00185128047
78896,78902,82073,6,3171,2,36000,1.00189214759
78917,78924,82274,7,3350,2,36000,1.00208955224
79007,79013,82616,6,3603,2,36000,1.00166527893
79059,79066,82349,7,3283,2,36000,1.00213219616
79067,79073,79082,6,9,1,900,1.5
79078,79084,79374,6,290,14,19980,1.02068965517
79146,79152,82555,6,3403,2,36000,1.00176315016
79171,79177,82185,6,3008,2,36000,1.00199468085
79205,79211,82044,6,2833,2,36000,1.00211789622
79306,79312,82543,6,3231,2,36000,1.00185701021
79321,79327,82864,6,3537,2,36000,1.00169635284
79338,79344,82628,6,3284,2,36000,1.00182704019
79339,79350,82757,11,3407,2,36000,1.0032286469
79372,79378,79386,6,8,1,900,1.4
79381,79387,79691,6,304,14,19980,1.01973684211
79481,79487,82802,6,3315,2,36000,1.00180995475
79512,79518,82820,6,3302,2,36000,1.00181708056
79540,79546,82780,6,3234,2,36000,1.00185528757
79645,79651,83139,6,3488,2,36000,1.00172018349
79646,79657,82967,11,3310,2,36000,1.00332326284
79683,79690,80909,7,1219,2,36000,1.00574241181
79689,79696,79703,7,7,1,900,1.4
79698,79710,81939,12,2229,2,36000,1.00538358008
79699,79705,80034,6,329,14,19980,1.01823708207
79720,79726,83200,6,3474,2,36000,1.00172711572
79756,79763,82968,7,3205,2,36000,1.00218408736
79889,79895,83051,6,3156,2,36000,1.00190114068
79938,79944,83360,6,3416,2,36000,1.00175644028
79965,79971,83113,6,3142,2,36000,1.00190961171
80019,80026,83246,7,3220,2,36000,1.00217391304
80028,80034,80041,6,7,1,900,1.3
80038,80045,80359,7,314,14,19980,1.02229299363
80108,80114,83541,6,3427,2,36000,1.00175080245
80129,80135,83127,6,2992,2,36000,1.00200534759
80145,80152,83424,7,3272,2,36000,1.0021393643
80147,80158,83540,11,3382,2,36000,1.00325251331
80180,80186,83399,6,3213,2,36000,1.00186741363
80238,80244,83758,6,3514,2,36000,1.00170745589
80253,80259,84572,6,4313,2,36000,1.00139114306
80314,80320,83664,6,3344,2,36000,1.00179425837
80357,80364,80371,7,7,1,900,1.4
80367,80373,80671,6,298,14,19980,1.02013422819
80430,80436,83544,6,3108,2,36000,1.00193050193
80461,80467,82127,6,1660,2,36000,1.00361445783
80670,80676,80684,6,8,1,900,1.4
80679,80686,80983,7,297,14,19980,1.02356902357
80752,80759,82442,7,1683,2,36000,1.00415923945
80754,80765,84001,11,3236,2,36000,1.00339925834
80755,80770,84164,15,3394,2,36000,1.00441956394
80770,80776,83855,6,3079,2,36000,1.00194868464
80883,80889,84253,6,3364,2,36000,1.00178359096
80911,80917,84161,6,3244,2,36000,1.00184956843
80927,80933,84471,6,3538,2,36000,1.00169587337
80981,80987,80999,6,12,1,900,1.5
80990,80996,81290,6,294,14,19980,1.02040816327
80991,81002,84600,11,3598,2,36000,1.00305725403
81090,81096,84448,6,3352,2,36000,1.00178997613
81105,81111,84688,6,3577,2,36000,1.00167738328
81131,81137,84405,6,3268,2,36000,1.00183598531
81146,81152,84370,6,3218,2,36000,1.00186451212
81222,81228,84739,6,3511,2,36000,1.00170891484
81253,81259,84713,6,3454,2,36000,1.00173711639
81288,81294,81303,6,9,1,900,1.5
81298,81305,81592,7,287,14,19980,1.0243902439
81344,81351,84749,7,3398,2,36000,1.00206003531
81502,81508,84642,6,3134,2,36000,1.00191448628
81517,81523,84745,6,3222,2,36000,1.00186219739
81545,81551,84943,6,3392,2,36000,1.00176886792
81590,81597,81606,7,9,1,900,1.6
81599,81606,81908,7,302,14,19980,1.02317880795
81635,81641,84891,6,3250,2,36000,1.00184615385
81675,81681,83566,6,1885,2,36000,1.00318302387
81700,81706,84771,6,3065,2,36000,1.00195758564
81796,81802,85248,6,3446,2,36000,1.00174114916
81906,81913,81919,7,6,1,900,1.3
81915,81921,82266,6,345,14,19980,1.01739130435
81939,81945,85482,6,3537,2,36000,1.00169635284
81957,81963,84151,6,2188,2,36000,1.00274223035
81979,81985,85490,6,3505,2,36000,1.00171184023
82009,82016,85245,7,3229,2,36000,1.00216785382
82043,82049,85310,6,3261,2,36000,1.0018399264
82073,82079,85633,6,3554,2,36000,1.0016882386
82088,82094,85233,6,3139,2,36000,1.00191143676
82127,82133,85461,6,3328,2,36000,1.00180288462
82185,82191,85266,6,3075,2,36000,1.00195121951
82264,82272,82279,8,7,1,900,1.5
82274,82280,82617,6,337,14,19980,1.0178041543
82276,82286,85750,10,3464,2,36000,1.00288683603
82351,82358,85579,7,3221,2,36000,1.00217323812
82442,82448,84652,6,2204,2,36000,1.00272232305
82542,82549,85966,7,3417,2,36000,1.00204858063
82557,82563,83652,6,1089,2,36000,1.00550964187
82616,82622,82628,6,6,1,900,1.2
82618,82628,85587,10,2959,2,36000,1.00337952011
82624,82635,82917,11,282,14,19980,1.0390070922
82633,82641,83807,8,1166,2,36000,1.00686106346
82756,82763,85517,7,2754,2,36000,1.00254175744
82781,82787,86141,6,3354,2,36000,1.00178890877
82802,82808,85959,6,3151,2,36000,1.00190415741
82820,82826,86084,6,3258,2,36000,1.00184162063
82865,82872,86153,7,3281,2,36000,1.00213349589
82915,82923,82930,8,7,1,900,1.5
82925,82931,83245,6,314,14,19980,1.01910828025
82969,82975,85805,6,2830,2,36000,1.00212014134
82970,82981,86318,11,3337,2,36000,1.00329637399
83050,83056,86262,6,3206,2,36000,1.00187149095
83114,83120,85639,6,2519,2,36000,1.00238189758
83137,83143,86583,6,3440,2,36000,1.00174418605
83152,83159,86438,7,3279,2,36000,1.00213479719
83201,83207,86492,6,3285,2,36000,1.00182648402
83243,83250,83259,7,9,1,900,1.6
83247,83256,86403,9,3147,2,36000,1.00285986654
83253,83262,83602,9,340,14,19980,1.02647058824
83371,83377,86689,6,3312,2,36000,1.0018115942
83399,83405,86917,6,3512,2,36000,1.00170842825
83426,83433,86661,7,3228,2,36000,1.0021685254
83540,83547,86954,7,3407,2,36000,1.00205459348
83541,83554,86602,13,3048,2,36000,1.00426509186
83556,83563,87288,7,3725,2,36000,1.00187919463
83571,83577,86972,6,3395,2,36000,1.00176730486
83600,83606,83612,6,6,1,900,1.2
83609,83615,84008,6,393,14,19980,1.01526717557
83654,83660,86900,6,3240,2,36000,1.00185185185
83669,83675,87177,6,3502,2,36000,1.00171330668
83760,83766,86995,6,3229,2,36000,1.00185816042
83784,83790,87181,6,3391,2,36000,1.00176938956
83808,83815,87251,7,3436,2,36000,1.00203725262
83857,83864,86957,7,3093,2,36000,1.00226317491
84000,84006,87399,6,3393,2,36000,1.0017683466
84007,84012,84019,5,7,1,900,1.2
84017,84023,84404,6,381,14,19980,1.0157480315
84152,84158,87185,6,3027,2,36000,1.00198216056
84168,84174,86929,6,2755,2,36000,1.00217785844
84169,84180,86574,11,2394,2,36000,1.00459482038
84254,84260,87707,6,3447,2,36000,1.00174064404
84369,84375,87582,6,3207,2,36000,1.00187090739
84400,84406,84412,6,6,1,900,1.2
84405,84412,87683,7,3271,2,36000,1.00214001834
84409,84418,84813,9,395,14,19980,1.02278481013
84448,84454,87629,6,3175,2,36000,1.00188976378
84472,84478,87745,6,3267,2,36000,1.00183654729
84575,84581,88300,6,3719,2,36000,1.00161333692
84602,84608,88065,6,3457,2,36000,1.00173560891
84645,84651,87964,6,3313,2,36000,1.00181104739
84659,84665,88032,6,3367,2,36000,1.00178200178
84689,84696,88130,7,3434,2,36000,1.00203843914
84714,84721,88017,7,3296,2,36000,1.00212378641
84741,84748,87670,7,2922,2,36000,1.00239561944
84757,84763,85316,6,553,2,36000,1.01084990958
84758,84769,87583,11,2814,2,36000,1.0039090263
84773,84779,88240,6,3461,2,36000,1.001733603
84811,84817,84823,6,6,1,900,1.2
84820,84826,85247,6,421,14,19980,1.01425178147
84892,84898,86575,6,1677,2,36000,1.00357781753
84946,84952,88335,6,3383,2,36000,1.00177357375
85234,85240,88636,6,3396,2,36000,1.00176678445
85245,85251,85257,6,6,1,900,1.2
85249,85257,88508,8,3251,2,36000,1.0024607813
85251,85263,88323,12,3060,2,36000,1.00392156863
85254,85270,85650,16,380,14,19980,1.04210526316
85266,85276,88582,10,3306,2,36000,1.00302480339
85312,85318,88625,6,3307,2,36000,1.00181433323
85327,85333,88755,6,3422,2,36000,1.00175336061
85463,85470,88908,7,3438,2,36000,1.00203606748
85481,85488,88612,7,3124,2,36000,1.00224071703
85497,85502,88924,5,3422,2,36000,1.00146113384
85518,85524,88818,6,3294,2,36000,1.00182149362
85581,85587,88794,6,3207,2,36000,1.00187090739
85596,85602,89035,6,3433,2,36000,1.0017477425
85635,85642,88967,7,3325,2,36000,1.00210526316
85648,85654,85660,6,6,1,900,1.2
85650,85660,86724,10,1064,2,36000,1.00939849624
85657,85666,86001,9,335,14,19980,1.02686567164
85747,85754,89183,7,3429,2,36000,1.00204141149
85805,85811,89021,6,3210,2,36000,1.00186915888
85960,85966,89498,6,3532,2,36000,1.00169875425
85975,85981,89280,6,3299,2,36000,1.00181873295
85999,86006,86013,7,7,1,900,1.4
86008,86015,86459,7,444,14,19980,1.01576576577
86084,86090,89778,6,3688,2,36000,1.00162689805
86142,86148,89385,6,3237,2,36000,1.00185356812
86157,86163,89524,6,3361,2,36000,1.00178518298
86263,86269,90135,6,3866,2,36000,1.00155199172
86320,86327,89790,7,3463,2,36000,1.00202136876
86405,86411,89836,6,3425,2,36000,1.00175182482
86438,86444,89695,6,3251,2,36000,1.00184558597
86457,86463,86470,6,7,1,900,1.3
86465,86472,86849,7,377,14,19980,1.01856763926
86493,86499,89912,6,3413,2,36000,1.00175798418
86575,86581,87709,6,1128,2,36000,1.00531914894
86576,86587,89949,11,3362,2,36000,1.00327186199
86591,86597,89983,6,3386,2,36000,1.00177200236
86606,86612,90083,6,3471,2,36000,1.00172860847
86662,86668,90236,6,3568,2,36000,1.00168161435
86689,86695,90211,6,3516,2,36000,1.00170648464
86725,86731,89839,6,3108,2,36000,1.00193050193
86847,86853,86859,6,6,1,900,1.2
86856,86862,87258,6,396,14,19980,1.01515151515
86901,86907,90293,6,3386,2,36000,1.00177200236
86919,86925,89990,6,3065,2,36000,1.00195758564
86934,86941,90446,7,3505,2,36000,1.00199714693
86955,86961,88771,6,1810,2,36000,1.00331491713
86970,86976,89622,6,2646,2,36000,1.0022675737
86985,86991,90520,6,3529,2,36000,1.00170019836
87000,87006,89896,6,2890,2,36000,1.00207612457
87174,87181,90410,7,3229,2,36000,1.00216785382
87190,87196,90727,6,3531,2,36000,1.00169923534
87191,87202,90291,11,3089,2,36000,1.00356102298
87252,87258,90096,6,2838,2,36000,1.0021141649
87256,87264,87270,8,6,1,900,1.4
87265,87271,87713,6,442,14,19980,1.01357466063
87288,87294,88910,6,1616,2,36000,1.00371287129
87400,87406,90957,6,3551,2,36000,1.00168966488
87583,87589,90972,6,3383,2,36000,1.00177357375
87584,87596,90892,12,3296,2,36000,1.0036407767
87630,87636,90928,6,3292,2,36000,1.00182260024
87669,87675,91106,6,3431,2,36000,1.00174876129
87684,87690,91113,6,3423,2,36000,1.00175284838
87709,87715,90878,6,3163,2,36000,1.00189693329
87710,87722,91023,12,3301,2,36000,1.00363526204
87711,87727,87733,16,6,1,900,2.2
87721,87733,88092,12,359,14,19980,1.03342618384
87746,87752,90609,6,2857,2,36000,1.00210010501
87964,87971,91209,7,3238,2,36000,1.00216182829
88019,88025,91057,6,3032,2,36000,1.00197889182
88034,88040,91550,6,3510,2,36000,1.00170940171
88067,88073,91131,6,3058,2,36000,1.00196206671
88090,88097,88105,7,8,1,900,1.5
88100,88106,88507,6,401,14,19980,1.01496259352
88131,88137,91586,6,3449,2,36000,1.00173963468
88241,88247,91473,6,3226,2,36000,1.00185988841
88302,88308,88812,6,504,2,36000,1.0119047619
88326,88332,91462,6,3130,2,36000,1.00191693291
88341,88347,89611,6,1264,2,36000,1.00474683544
88505,88511,88520,6,9,1,900,1.5
88509,88517,92058,8,3541,2,36000,1.0022592488
88516,88524,88878,8,354,14,19980,1.02259887006
88583,88590,91915,7,3325,2,36000,1.00210526316
88614,88620,89776,6,1156,2,36000,1.00519031142
88630,88636,90260,6,1624,2,36000,1.00369458128
88645,88651,92036,6,3385,2,36000,1.00177252585
88758,88764,89283,6,519,2,36000,1.01156069364
88773,88780,92156,7,3376,2,36000,1.00207345972
88795,88801,92459,6,3658,2,36000,1.00164024057
88812,88819,92235,7,3416,2,36000,1.00204918033
88827,88833,92230,6,3397,2,36000,1.00176626435
88876,88882,88888,6,6,1,900,1.2
88885,88891,89331,6,440,14,19980,1.01363636364
88909,88916,92341,7,3425,2,36000,1.00204379562
88911,88923,92509,12,3586,2,36000,1.0033463469
88926,88932,91874,6,2942,2,36000,1.00203942896
88968,88975,92094,7,3119,2,36000,1.00224430907
89020,89026,89518,6,492,2,36000,1.01219512195
89035,89041,92115,6,3074,2,36000,1.00195185426
89183,89189,92485,6,3296,2,36000,1.00182038835
89281,89287,92663,6,3376,2,36000,1.00177725118
89295,89302,92725,7,3423,2,36000,1.00204498978
89314,90173,93834,859,3661,32,3600,1.23463534553
89329,89335,89342,6,7,1,900,1.3
89340,89347,89748,7,401,14,19980,1.0174563591
89386,89393,92606,7,3213,2,36000,1.00217864924
89498,89504,92742,6,3238,2,36000,1.00185299568
89519,89526,92681,7,3155,2,36000,1.00221870048
89534,89540,93221,6,3681,2,36000,1.00162999185
89613,89621,92809,8,3188,2,36000,1.00250941029
89629,89635,93413,6,3778,2,36000,1.00158814187
89695,89701,93077,6,3376,2,36000,1.00177725118
89746,89753,89758,7,5,1,900,1.2
89755,89762,90162,7,400,14,19980,1.0175
89777,89783,91309,6,1526,2,36000,1.00393184797
89793,89799,92995,6,3196,2,36000,1.00187734668
89794,89805,93234,11,3429,2,36000,1.00320793234
89837,89843,93798,6,3955,2,36000,1.001517067
89852,89858,93316,6,3458,2,36000,1.001735107
89897,89903,93092,6,3189,2,36000,1.00188146754
89912,89918,91379,6,1461,2,36000,1.00410677618
89952,89958,93536,6,3578,2,36000,1.00167691448
89984,89990,93344,6,3354,2,36000,1.00178890877
89999,90005,93477,6,3472,2,36000,1.0017281106
90084,90090,91407,6,1317,2,36000,1.00455580866
90099,90105,91244,6,1139,2,36000,1.00526777875
90136,90142,93521,6,3379,2,36000,1.00177567328
90160,90166,90171,6,5,1,900,1.1
90170,92520,92933,2350,413,14,19980,6.69007263923
90214,90220,93628,6,3408,2,36000,1.00176056338
90241,90247,93528,6,3281,2,36000,1.00182871076
90259,90266,91039,7,773,2,36000,1.00905562743
90293,90299,93289,6,2990,2,36000,1.00200668896
90294,90306,93720,12,3414,2,36000,1.00351493849
90413,90419,93931,6,3512,2,36000,1.00170842825
90449,90455,93988,6,3533,2,36000,1.00169827342
90522,90528,93914,6,3386,2,36000,1.00177200236
90610,90616,94195,6,3579,2,36000,1.00167644593
90726,90733,94110,7,3377,2,36000,1.00207284572
90878,90884,94080,6,3196,2,36000,1.00187734668
90896,90902,92109,6,1207,2,36000,1.00497100249
90929,90935,94282,6,3347,2,36000,1.00179265013
90959,90965,94578,6,3613,2,36000,1.0016606698
90974,90980,94004,6,3024,2,36000,1.00198412698
91022,91029,94286,7,3257,2,36000,1.00214921707
91040,91047,94667,7,3620,2,36000,1.00193370166
91058,91065,92176,7,1111,2,36000,1.00630063006
91107,91113,95189,6,4076,2,36000,1.0014720314
91122,91128,94539,6,3411,2,36000,1.00175901495
91137,91143,92497,6,1354,2,36000,1.00443131462
91210,91216,94420,6,3204,2,36000,1.00187265918
91246,91252,94568,6,3316,2,36000,1.00180940893
91310,91316,94516,6,3200,2,36000,1.001875
91381,91388,95285,7,3897,2,36000,1.00179625353
91409,91415,91957,6,542,2,36000,1.0110701107
91463,91469,92521,6,1052,2,36000,1.00570342205
91478,91484,94854,6,3370,2,36000,1.00178041543
91551,91557,95111,6,3554,2,36000,1.0016882386
91584,91591,94818,7,3227,2,36000,1.0021691974
91874,91880,93527,6,1647,2,36000,1.00364298725
91916,91922,95219,6,3297,2,36000,1.00181983621
91959,91965,93875,6,1910,2,36000,1.00314136126
92037,92044,95570,7,3526,2,36000,1.00198525241
92058,92065,95287,7,3222,2,36000,1.00217256363
92095,92101,95186,6,3085,2,36000,1.00194489465
92110,92117,95519,7,3402,2,36000,1.00205761317
92125,92132,95347,7,3215,2,36000,1.00217729393
92156,92162,94179,6,2017,2,36000,1.00297471492
92175,92182,95654,7,3472,2,36000,1.00201612903
92232,92238,95594,6,3356,2,36000,1.00178784267
92247,92253,93303,6,1050,2,36000,1.00571428571
92341,92347,95442,6,3095,2,36000,1.00193861066
92459,92465,95758,6,3293,2,36000,1.00182204677
92484,92490,95929,6,3439,2,36000,1.00174469322
92499,92505,95862,6,3357,2,36000,1.0017873101
92514,92526,96206,12,3680,2,36000,1.00326086957
92529,92535,96104,6,3569,2,36000,1.00168114318
92608,92614,93131,6,517,2,36000,1.01160541586
92666,92672,96168,6,3496,2,36000,1.00171624714
92681,92687,96175,6,3488,2,36000,1.00172018349
92728,92734,94380,6,1646,2,36000,1.00364520049
92743,92749,96171,6,3422,2,36000,1.00175336061
92814,92820,93336,6,516,2,36000,1.01162790698
92931,92937,92943,6,6,1,900,1.2
92941,92947,93351,6,404,14,19980,1.01485148515
92998,93004,96367,6,3363,2,36000,1.00178412132
93077,93083,96335,6,3252,2,36000,1.00184501845
93092,93098,96354,6,3256,2,36000,1.00184275184
93131,93137,96262,6,3125,2,36000,1.00192
93222,93228,96591,6,3363,2,36000,1.00178412132
93237,93243,96446,6,3203,2,36000,1.00187324383
93291,93298,96676,7,3378,2,36000,1.00207223209
93313,93320,96338,7,3018,2,36000,1.00231941683
93329,93335,96615,6,3280,2,36000,1.00182926829
93344,93351,96573,7,3222,2,36000,1.00217256363
93346,93356,96453,10,3097,2,36000,1.00322893122
93349,93363,93368,14,5,1,900,1.9
93360,93540,93987,180,447,14,19980,1.40268456376
93413,93419,95062,6,1643,2,36000,1.00365185636
93480,93487,96943,7,3456,2,36000,1.00202546296
93520,93526,95739,6,2213,2,36000,1.00271125169
93536,93546,96583,10,3037,2,36000,1.00329272308
93537,93551,95250,14,1699,2,36000,1.00824014126
93539,93557,97096,18,3539,2,36000,1.00508618254
93630,93636,95835,6,2199,2,36000,1.00272851296
93721,93727,96671,6,2944,2,36000,1.00203804348
93800,93806,96468,6,2662,2,36000,1.0022539444
93876,93882,97277,6,3395,2,36000,1.00176730486
93912,93918,97318,6,3400,2,36000,1.00176470588
93930,93936,97386,6,3450,2,36000,1.00173913043
93986,93992,93999,6,7,1,900,1.3
93988,93998,94513,10,515,2,36000,1.01941747573
93997,94005,94415,8,410,14,19980,1.01951219512
94003,94012,97396,9,3384,2,36000,1.00265957447
94082,94088,97542,6,3454,2,36000,1.00173711639
94114,94120,97730,6,3610,2,36000,1.00166204986
94181,94187,97579,6,3392,2,36000,1.00176886792
94196,94202,97556,6,3354,2,36000,1.00178890877
94284,94291,97370,7,3079,2,36000,1.00227346541
94299,94306,97300,7,2994,2,36000,1.00233800935
94386,94391,97407,5,3016,2,36000,1.00165782493
94413,94420,94426,7,6,1,900,1.3
94422,94433,97940,11,3507,2,36000,1.00313658397
94422,94428,94827,6,399,14,19980,1.01503759398
94515,94522,98035,7,3513,2,36000,1.00199259892
94517,94532,98063,15,3531,2,36000,1.00424808836
94541,94547,97827,6,3280,2,36000,1.00182926829
94569,94576,95084,7,508,2,36000,1.01377952756
94586,94592,98134,6,3542,2,36000,1.00169395822
94668,94674,98151,6,3477,2,36000,1.00172562554
94752,94758,94760,6,2,2,3540,1.0
94821,94828,94843,7,15,1,900,1.46666666667
94824,94834,98161,10,3327,2,36000,1.00300571085
94842,94848,95248,6,400,14,19980,1.015
94854,94861,98216,7,3355,2,36000,1.00208643815
95065,95071,98612,6,3541,2,36000,1.0016944366
95083,95090,97872,7,2782,2,36000,1.00251617541
95112,95118,98385,6,3267,2,36000,1.00183654729
95188,95194,98677,6,3483,2,36000,1.00172265289
95189,95200,98452,11,3252,2,36000,1.00338253383
95220,95226,98553,6,3327,2,36000,1.00180342651
95247,95253,95261,6,8,1,900,1.4
95250,95259,98443,9,3184,2,36000,1.00282663317
95257,95265,95636,8,371,14,19980,1.02156334232
95287,95293,96073,6,780,2,36000,1.00769230769
95288,95300,98705,12,3405,2,36000,1.00352422907
95347,95353,97808,6,2455,2,36000,1.00244399185
95444,95450,98070,6,2620,2,36000,1.00229007634
95522,95528,98918,6,3390,2,36000,1.0017699115
95571,95577,97616,6,2039,2,36000,1.00294261893
95595,95601,98757,6,3156,2,36000,1.00190114068
95634,95641,95648,7,7,1,900,1.4
95644,95650,96098,6,448,14,19980,1.01339285714
95653,95659,98949,6,3290,2,36000,1.00182370821
95673,95680,95860,7,180,1,3600,1.03888888889
95741,95747,98953,6,3206,2,36000,1.00187149095
95759,95765,99012,6,3247,2,36000,1.00184785956
95835,95841,99285,6,3444,2,36000,1.00174216028
95863,95869,99196,6,3327,2,36000,1.00180342651
95931,95936,99244,5,3308,2,36000,1.0015114873
96019,96025,96371,6,346,1,3600,1.01734104046
96074,96080,99477,6,3397,2,36000,1.00176626435
96097,96103,96111,6,8,1,900,1.4
96104,96110,99237,6,3127,2,36000,1.00191877199
96107,96116,96502,9,386,14,19980,1.02331606218
96168,96174,99332,6,3158,2,36000,1.00189993667
96184,96190,99452,6,3262,2,36000,1.00183936235
96185,96196,99923,11,3727,2,36000,1.00295143547
96206,96212,99511,6,3299,2,36000,1.00181873295
96263,96270,99564,7,3294,2,36000,1.0021250759
96337,96343,99342,6,2999,2,36000,1.00200066689
96338,96349,97411,11,1062,2,36000,1.01035781544
96356,96363,99876,7,3513,2,36000,1.00199259892
96372,96377,99731,5,3354,2,36000,1.0014907573
96448,96455,100050,7,3595,2,36000,1.00194714882
96463,96470,96984,7,514,2,36000,1.01361867704
96478,96485,99426,7,2941,2,36000,1.00238014281
96502,96508,96516,6,8,1,900,1.4
96511,96518,96919,7,401,14,19980,1.0174563591
96573,96579,99045,6,2466,2,36000,1.00243309002
96588,96594,97141,6,547,2,36000,1.01096892139
96603,96609,99665,6,3056,2,36000,1.00196335079
96619,96625,100616,6,3991,2,36000,1.00150338261
96672,96679,99845,7,3166,2,36000,1.00221099179
96687,96694,100071,7,3377,2,36000,1.00207284572
96720,96726,97570,6,844,1,3600,1.00710900474
96917,96923,96931,6,8,1,900,1.4
96926,96932,97337,6,405,14,19980,1.01481481481
96947,96953,100107,6,3154,2,36000,1.00190234623
96986,96992,98723,6,1731,2,36000,1.00346620451
97095,97101,100383,6,3282,2,36000,1.00182815356
97143,97149,100689,6,3540,2,36000,1.00169491525
97280,97286,100798,6,3512,2,36000,1.00170842825
97301,97307,100806,6,3499,2,36000,1.00171477565
97319,97325,100515,6,3190,2,36000,1.00188087774
97336,97342,97370,6,28,1,900,1.21428571429
97345,97351,97730,6,379,14,19980,1.01583113456
97370,97376,100833,6,3457,2,36000,1.00173560891
97388,97394,97981,6,587,2,36000,1.01022146508
97403,97409,100833,6,3424,2,36000,1.00175233645
97418,97425,100594,7,3169,2,36000,1.00220889871
97420,97430,100549,10,3119,2,36000,1.00320615582
97544,97550,100818,6,3268,2,36000,1.00183598531
97559,97565,101244,6,3679,2,36000,1.00163087796
97581,97587,101102,6,3515,2,36000,1.00170697013
97618,97624,99874,6,2250,2,36000,1.00266666667
97728,97734,97740,6,6,1,900,1.2
97734,97740,101253,6,3513,2,36000,1.00170794193
97738,97746,98102,8,356,14,19980,1.02247191011
97811,97817,100929,6,3112,2,36000,1.00192802057
97827,97833,101450,6,3617,2,36000,1.00165883329
97872,97878,101195,6,3317,2,36000,1.00180886343
97939,97945,101021,6,3076,2,36000,1.00195058518
97981,97989,101321,8,3332,2,36000,1.00240096038
98036,98042,101160,6,3118,2,36000,1.00192431046
98063,98070,101599,7,3529,2,36000,1.00198356475
98078,98084,101295,6,3211,2,36000,1.00186857677
98100,98106,98115,6,9,1,900,1.5
98109,98115,98500,6,385,14,19980,1.01558441558
98135,98141,99273,6,1132,2,36000,1.00530035336
98150,98157,101095,7,2938,2,36000,1.00238257318
98166,98172,101508,6,3336,2,36000,1.00179856115
98219,98225,101337,6,3112,2,36000,1.00192802057
98387,98393,101217,6,2824,2,36000,1.00212464589
98441,98448,98967,7,519,2,36000,1.01348747592
98456,98462,101714,6,3252,2,36000,1.00184501845
98499,98505,98526,6,21,1,900,1.28571428571
98523,98530,98902,7,372,14,19980,1.0188172043
98555,98561,100667,6,2106,2,36000,1.00284900285
98613,98619,102070,6,3451,2,36000,1.00173862649
98677,98683,101987,6,3304,2,36000,1.00181598063
98711,98717,101862,6,3145,2,36000,1.00190779014
98726,98732,101783,6,3051,2,36000,1.00196656834
98757,98763,100006,6,1243,2,36000,1.00482703138
98779,98785,98898,6,113,1,3600,1.05309734513
98901,98909,98915,8,6,1,900,1.4
98912,98918,99272,6,354,14,19980,1.01694915254
98919,98926,102394,7,3468,2,36000,1.00201845444
98950,98956,102265,6,3309,2,36000,1.00181323663
98965,98971,102189,6,3218,2,36000,1.00186451212
98980,98986,102359,6,3373,2,36000,1.0017788319
99014,99020,102416,6,3396,2,36000,1.00176678445
99045,99051,102293,6,3242,2,36000,1.00185070944
99050,99057,99385,7,328,1,3600,1.02134146341
99197,99202,102245,5,3043,2,36000,1.00164311535
99197,99208,99374,11,166,1,3600,1.06626506024
99239,99245,102571,6,3326,2,36000,1.00180396873
99254,99260,102347,6,3087,2,36000,1.0019436346
99270,99276,99283,6,7,1,900,1.3
99272,99282,102704,10,3422,2,36000,1.00292226768
99279,99288,99641,9,353,14,19980,1.02549575071
99287,99295,102483,8,3188,2,36000,1.00250941029
99333,99339,102800,6,3461,2,36000,1.001733603
99348,99354,102303,6,2949,2,36000,1.002034588
99430,99436,102897,6,3461,2,36000,1.001733603
99451,99458,102883,7,3425,2,36000,1.00204379562
99479,99485,102773,6,3288,2,36000,1.00182481752
99512,99518,102908,6,3390,2,36000,1.0017699115
99543,99549,99901,6,352,1,3600,1.01704545455
99564,99570,101805,6,2235,2,36000,1.00268456376
99639,99646,99652,7,6,1,900,1.3
99650,99656,100032,6,376,14,19980,1.01595744681
99667,99673,100207,6,534,2,36000,1.01123595506
99731,99737,103307,6,3570,2,36000,1.00168067227
99837,99844,100440,7,596,1,3600,1.01174496644
99848,99854,102899,6,3045,2,36000,1.00197044335
99876,99882,103300,6,3418,2,36000,1.00175541252
99878,99888,103389,10,3501,2,36000,1.00285632676
99924,99930,103121,6,3191,2,36000,1.00188028831
100007,100013,103492,6,3479,2,36000,1.00172463352
100030,100036,100044,6,8,1,900,1.4
100042,100048,100394,6,346,14,19980,1.01734104046
100049,100055,103586,6,3531,2,36000,1.00169923534
100070,100077,103723,7,3646,2,36000,1.00191991223
100110,100117,103574,7,3457,2,36000,1.00202487706
100209,100215,100723,6,508,2,36000,1.01181102362
100241,100247,101096,6,849,1,3600,1.00706713781
100385,100391,103808,6,3417,2,36000,1.00175592625
100391,100397,100405,6,8,1,900,1.4
100401,100408,100785,7,377,14,19980,1.01856763926
100517,100523,103913,6,3390,2,36000,1.0017699115
100551,100557,104067,6,3510,2,36000,1.00170940171
100593,100599,104000,6,3401,2,36000,1.001764187
100617,100623,103978,6,3355,2,36000,1.00178837556
100666,100672,103829,6,3157,2,36000,1.00190053849
100687,100693,104167,6,3474,2,36000,1.00172711572
100725,100731,101784,6,1053,2,36000,1.0056980057
100784,100790,100798,6,8,1,900,1.4
100794,100800,101213,6,413,14,19980,1.01452784504
100799,100806,103975,7,3169,2,36000,1.00220889871
100814,100820,104140,6,3320,2,36000,1.00180722892
100816,100826,104253,10,3427,2,36000,1.00291800409
100834,100841,104118,7,3277,2,36000,1.00213610009
100836,100848,104315,12,3467,2,36000,1.00346120565
100931,100937,104205,6,3268,2,36000,1.00183598531
101022,101029,104806,7,3777,2,36000,1.00185332274
101096,101102,104692,6,3590,2,36000,1.00167130919
101112,101118,103318,6,2200,2,36000,1.00272727273
101162,101168,104263,6,3095,2,36000,1.00193861066
101196,101202,104284,6,3082,2,36000,1.0019467878
101211,101218,101225,7,7,1,900,1.4
101217,101225,102266,8,1041,2,36000,1.00768491835
101224,101231,101581,7,350,14,19980,1.02
101245,101251,104482,6,3231,2,36000,1.00185701021
101260,101266,104644,6,3378,2,36000,1.00177619893
101299,101305,104902,6,3597,2,36000,1.00166805671
101323,101329,104518,6,3189,2,36000,1.00188146754
101338,101344,104463,6,3119,2,36000,1.00192369349
101451,101458,104840,7,3382,2,36000,1.00206978119
101509,101516,104768,7,3252,2,36000,1.00215252153
101579,101585,101593,6,8,1,900,1.4
101589,101595,101976,6,381,14,19980,1.0157480315
101599,101605,105001,6,3396,2,36000,1.00176678445
101715,101721,104889,6,3168,2,36000,1.00189393939
101783,101789,105345,6,3556,2,36000,1.00168728909
101785,101796,105153,11,3357,2,36000,1.00327673518
101808,101814,105137,6,3323,2,36000,1.00180559735
101864,101870,105139,6,3269,2,36000,1.00183542368
101975,101981,101992,6,11,1,900,1.54545454545
101985,101991,102336,6,345,14,19980,1.01739130435
101992,101998,105561,6,3563,2,36000,1.00168397418
102071,102077,105261,6,3184,2,36000,1.00188442211
102190,102197,104990,7,2793,2,36000,1.00250626566
102245,102251,105423,6,3172,2,36000,1.00189155107
102267,102273,105682,6,3409,2,36000,1.00176004693
102268,102279,105645,11,3366,2,36000,1.00326797386
102296,102302,105578,6,3276,2,36000,1.00183150183
102298,102308,102422,10,114,1,3600,1.08771929825
102311,102317,105916,6,3599,2,36000,1.00166712976
102334,102340,102349,6,9,1,900,1.5
102344,102351,102686,7,335,14,19980,1.02089552239
102348,102357,105797,9,3440,2,36000,1.00261627907
102363,102370,105530,7,3160,2,36000,1.00221518987
102394,102400,105709,6,3309,2,36000,1.00181323663
102415,102422,105867,7,3445,2,36000,1.00203193033
102484,102490,105986,6,3496,2,36000,1.00171624714
102571,102577,106115,6,3538,2,36000,1.00169587337
102589,102596,102927,7,331,1,3600,1.02114803625
102684,102690,102701,6,11,1,900,1.54545454545
102695,102701,103047,6,346,14,19980,1.01734104046
102704,102710,105842,6,3132,2,36000,1.00191570881
102775,102781,104475,6,1694,2,36000,1.00354191263
102800,102806,106138,6,3332,2,36000,1.00180072029
102883,102889,106239,6,3350,2,36000,1.00179104478
102899,102905,106326,6,3421,2,36000,1.00175387314
102900,102912,104512,12,1600,2,36000,1.0075
102916,102922,105999,6,3077,2,36000,1.00194995125
102968,102974,103106,6,132,1,1800,1.04545454545
103045,103051,103059,6,8,1,900,1.4
103054,103060,103482,6,422,14,19980,1.01421800948
103125,103131,105331,6,2200,2,36000,1.00272727273
103305,103311,106484,6,3173,2,36000,1.00189095493
103321,103327,106780,6,3453,2,36000,1.00173761946
103322,103333,106634,11,3301,2,36000,1.00333232354
103363,103369,103978,6,609,1,3600,1.00985221675
103388,103394,106797,6,3403,2,36000,1.00176315016
103410,103417,103539,7,122,1,1800,1.05737704918
103480,103487,103495,7,8,1,900,1.5
103491,103497,103870,6,373,14,19980,1.01608579088
103492,103503,106581,11,3078,2,36000,1.00357374919
103576,103582,106982,6,3400,2,36000,1.00176470588
103591,103597,106979,6,3382,2,36000,1.00177409817
103725,103731,107138,6,3407,2,36000,1.00176108013
103810,103816,107367,6,3551,2,36000,1.00168966488
103831,103837,107079,6,3242,2,36000,1.00185070944
103868,103875,103885,7,10,1,900,1.7
103879,103885,104273,6,388,14,19980,1.01546391753
103914,103920,107243,6,3323,2,36000,1.00180559735
103977,103983,107415,6,3432,2,36000,1.00174825175
103994,104000,107281,6,3281,2,36000,1.00182871076
104009,104015,107515,6,3500,2,36000,1.00171428571
104067,104073,108402,6,4329,2,36000,1.00138600139
104119,104125,107553,6,3428,2,36000,1.00175029172
104140,104146,107579,6,3433,2,36000,1.0017477425
104168,104174,107282,6,3108,2,36000,1.00193050193
104184,104190,104780,6,590,1,1800,1.01016949153
104205,104211,107557,6,3346,2,36000,1.00179318589
104254,104260,107517,6,3257,2,36000,1.00184218606
104269,104275,107807,6,3532,2,36000,1.00169875425
104271,104281,104289,10,8,1,900,1.8
104279,104287,104419,8,132,14,19980,1.06060606061
104284,104293,107935,9,3642,2,36000,1.00247116969
104315,104321,107545,6,3224,2,36000,1.00186104218
104417,104424,104425,7,1,1,900,1.0
104465,104471,107610,6,3139,2,36000,1.00191143676
104480,104486,108042,6,3556,2,36000,1.00168728909
104500,104506,107868,6,3362,2,36000,1.00178465199
104517,104523,108031,6,3508,2,36000,1.00171037628
104518,104530,107672,12,3142,2,36000,1.00381922342
104644,104651,107937,7,3286,2,36000,1.00213024954
104695,104701,107826,6,3125,2,36000,1.00192
104769,104775,106207,6,1432,2,36000,1.00418994413
104807,104813,106479,6,1666,2,36000,1.00360144058
104841,104847,108159,6,3312,2,36000,1.0018115942
104890,104897,108175,7,3278,2,36000,1.00213544844
104906,104912,108316,6,3404,2,36000,1.0017626322
104992,104998,108549,6,3551,2,36000,1.00168966488
105007,105013,108585,6,3572,2,36000,1.00167973124
105140,105146,108386,6,3240,2,36000,1.00185185185
105141,105152,108234,11,3082,2,36000,1.00356911097
105156,105163,108430,7,3267,2,36000,1.00214263851
105263,105269,108471,6,3202,2,36000,1.00187382886
105338,105344,106595,6,1251,2,36000,1.00479616307
105354,105360,107109,6,1749,2,36000,1.00343053173
105425,105432,108932,7,3500,2,36000,1.002
105531,105537,107737,6,2200,2,36000,1.00272727273
105563,105569,108822,6,3253,2,36000,1.00184445128
105580,105586,109134,6,3548,2,36000,1.00169109357
105648,105654,109030,6,3376,2,36000,1.00177725118
105686,105692,108992,6,3300,2,36000,1.00181818182
105710,105717,109130,7,3413,2,36000,1.00205098154
105800,105806,109256,6,3450,2,36000,1.00173913043
105846,105852,109116,6,3264,2,36000,1.00183823529
105871,105877,106382,6,505,2,36000,1.01188118812
105918,105924,109328,6,3404,2,36000,1.0017626322
105998,106004,109356,6,3352,2,36000,1.00178997613
106016,106022,109838,6,3816,2,36000,1.00157232704
106117,106123,109773,6,3650,2,36000,1.00164383562
106142,106149,109373,7,3224,2,36000,1.00217121588
106211,106216,109113,5,2897,2,36000,1.00172592337
106241,106247,109278,6,3031,2,36000,1.0019795447
106331,106337,109253,6,2916,2,36000,1.00205761317
106384,106390,109816,6,3426,2,36000,1.00175131349
106484,106490,109611,6,3121,2,36000,1.00192246075
106486,106496,109833,10,3337,2,36000,1.00299670363
106533,106539,106616,6,77,1,1800,1.07792207792
106583,106590,107114,7,524,2,36000,1.01335877863
106604,106611,109839,7,3228,2,36000,1.0021685254
106636,106642,107885,6,1243,2,36000,1.00482703138
106723,106729,106841,6,112,1,1800,1.05357142857
106783,106789,110058,6,3269,2,36000,1.00183542368
106798,106804,110260,6,3456,2,36000,1.00173611111
106940,106946,107055,6,109,1,1800,1.05504587156
106979,106985,110448,6,3463,2,36000,1.00173260179
107001,107007,107521,6,514,2,36000,1.01167315175
107082,107088,110569,6,3481,2,36000,1.00172364263
107119,107125,110561,6,3436,2,36000,1.00174621653
107120,107132,110363,12,3231,2,36000,1.00371402043
107138,107144,110543,6,3399,2,36000,1.00176522507
107175,107181,107307,6,126,1,1800,1.04761904762
107245,107251,110838,6,3587,2,36000,1.001672707
107282,107288,110407,6,3119,2,36000,1.00192369349
107283,107294,107850,11,556,2,36000,1.01978417266
107371,107377,108542,6,1165,2,36000,1.00515021459
107419,107426,108991,7,1565,2,36000,1.00447284345
107527,107532,108729,5,1197,2,36000,1.00417710944
107528,107538,109182,10,1644,2,36000,1.00608272506
107529,107543,110667,14,3124,2,36000,1.00448143406
107549,107555,109820,6,2265,2,36000,1.00264900662
107564,107571,108685,7,1114,2,36000,1.00628366248
107566,107577,111025,11,3448,2,36000,1.00319025522
107581,107587,110763,6,3176,2,36000,1.00188916877
107611,107617,111132,6,3515,2,36000,1.00170697013
107679,107684,109641,5,1957,2,36000,1.00255493102
107737,107744,111185,7,3441,2,36000,1.00203429236
107806,107813,110912,7,3099,2,36000,1.00225879316
107826,107832,111240,6,3408,2,36000,1.00176056338
107857,107863,111161,6,3298,2,36000,1.00181928441
107873,107879,111163,6,3284,2,36000,1.00182704019
107889,107895,111388,6,3493,2,36000,1.00171772116
107936,107942,111165,6,3223,2,36000,1.00186161961
107937,107948,111215,11,3267,2,36000,1.00336700337
107957,107963,108254,6,291,1,1800,1.0206185567
107992,107998,108607,6,609,1,1800,1.00985221675
108034,108040,111353,6,3313,2,36000,1.00181104739
108049,108054,111169,5,3115,2,36000,1.00160513644
108160,108166,111516,6,3350,2,36000,1.00179104478
108182,108188,111522,6,3334,2,36000,1.00179964007
108236,108242,111586,6,3344,2,36000,1.00179425837
108329,108335,111607,6,3272,2,36000,1.00183374083
108389,108395,111711,6,3316,2,36000,1.00180940893
108405,108411,108918,6,507,2,36000,1.01183431953
108432,108438,111872,6,3434,2,36000,1.00174723355
108472,108478,111940,6,3462,2,36000,1.00173310225
108543,108549,111600,6,3051,2,36000,1.00196656834
108558,108564,111671,6,3107,2,36000,1.00193112327
108589,108595,111973,6,3378,2,36000,1.00177619893
108689,108696,112008,7,3312,2,36000,1.00211352657
108729,108735,112077,6,3342,2,36000,1.00179533214
108824,108830,110523,6,1693,2,36000,1.00354400473
108919,108926,110689,7,1763,2,36000,1.00397050482
108945,108951,112426,6,3475,2,36000,1.00172661871
108992,108998,112361,6,3363,2,36000,1.00178412132
108993,109005,111976,12,2971,2,36000,1.00403904409
109031,109037,112264,6,3227,2,36000,1.00185931205
109115,109121,112478,6,3357,2,36000,1.0017873101
109116,109127,112706,11,3579,2,36000,1.00307348421
109133,109139,112324,6,3185,2,36000,1.00188383046
109135,109145,112359,10,3214,2,36000,1.00311138768
109184,109191,112470,7,3279,2,36000,1.00213479719
109254,109260,110375,6,1115,2,36000,1.00538116592
109270,109277,112755,7,3478,2,36000,1.00201265095
109286,109292,112629,6,3337,2,36000,1.00179802218
109329,109335,112134,6,2799,2,36000,1.00214362272
109354,109360,112804,6,3444,2,36000,1.00174216028
109373,109379,112823,6,3444,2,36000,1.00174216028
109612,109618,112816,6,3198,2,36000,1.00187617261
109643,109649,112753,6,3104,2,36000,1.00193298969
109781,109787,113169,6,3382,2,36000,1.00177409817
109819,109825,113044,6,3219,2,36000,1.0018639329
109821,109832,113193,11,3361,2,36000,1.00327283547
109837,109843,112916,6,3073,2,36000,1.00195248942
109839,109849,111022,10,1173,2,36000,1.00852514919
109854,109860,113180,6,3320,2,36000,1.00180722892
110057,110064,113064,7,3000,2,36000,1.00233333333
110261,110267,113691,6,3424,2,36000,1.00175233645
110337,110343,110393,6,50,1,1800,1.12
110365,110371,111630,6,1259,2,36000,1.00476568705
110380,110386,113665,6,3279,2,36000,1.00182982617
110409,110415,113623,6,3208,2,36000,1.00187032419
110448,110454,113523,6,3069,2,36000,1.00195503421
110524,110531,113798,7,3267,2,36000,1.00214263851
110543,110549,113792,6,3243,2,36000,1.00185013876
110561,110567,111751,6,1184,2,36000,1.00506756757
110576,110583,114029,7,3446,2,36000,1.00203134068
110668,110674,113790,6,3116,2,36000,1.00192554557
110692,110698,114068,6,3370,2,36000,1.00178041543
110718,110724,110816,6,92,1,1800,1.0652173913
110763,110769,113936,6,3167,2,36000,1.00189453742
110840,110846,114436,6,3590,2,36000,1.00167130919
110913,110919,114099,6,3180,2,36000,1.00188679245
111025,111031,114447,6,3416,2,36000,1.00175644028
111026,111037,114320,11,3283,2,36000,1.00335059397
111130,111137,114230,7,3093,2,36000,1.00226317491
111163,111169,114623,6,3454,2,36000,1.00173711639
111178,111185,114549,7,3364,2,36000,1.00208085612
111180,111191,114495,11,3304,2,36000,1.00332929782
111181,111196,114578,15,3382,2,36000,1.00443524542
111196,111203,112802,7,1599,2,36000,1.00437773609
111217,111224,114141,7,2917,2,36000,1.00239972575
111242,111248,114276,6,3028,2,36000,1.00198150594
111355,111361,113679,6,2318,2,36000,1.00258843831
111389,111395,113548,6,2153,2,36000,1.0027868091
111520,111527,115047,7,3520,2,36000,1.00198863636
111522,111533,115175,11,3642,2,36000,1.00302031851
111587,111593,115048,6,3455,2,36000,1.0017366136
111605,111611,115167,6,3556,2,36000,1.00168728909
111620,111626,115239,6,3613,2,36000,1.0016606698
111635,111641,114980,6,3339,2,36000,1.00179694519
111672,111678,112854,6,1176,2,36000,1.00510204082
111711,111717,114931,6,3214,2,36000,1.00186683261
111739,111746,112046,7,300,1,1800,1.02333333333
111752,111759,115255,7,3496,2,36000,1.00200228833
111874,111881,115136,7,3255,2,36000,1.00215053763
111939,111945,115377,6,3432,2,36000,1.00174825175
111976,111983,115307,7,3324,2,36000,1.00210589651
111978,111990,115431,12,3441,2,36000,1.00348735833
112008,112014,115228,6,3214,2,36000,1.00186683261
112080,112086,112671,6,585,2,36000,1.01025641026
112135,112141,115479,6,3338,2,36000,1.00179748352
112264,112271,115534,7,3263,2,36000,1.00214526509
112326,112332,115370,6,3038,2,36000,1.00197498354
112360,112366,115591,6,3225,2,36000,1.00186046512
112375,112381,115591,6,3210,2,36000,1.00186915888
112435,112442,114570,7,2128,2,36000,1.00328947368
112472,112478,115947,6,3469,2,36000,1.00172960507
112487,112493,115814,6,3321,2,36000,1.00180668473
112630,112636,116023,6,3387,2,36000,1.00177147919
112676,112682,114245,6,1563,2,36000,1.00383877159
112707,112713,114442,6,1729,2,36000,1.003470214
112753,112759,113913,6,1154,2,36000,1.00519930676
112755,112765,115953,10,3188,2,36000,1.00313676286
112804,112810,116234,6,3424,2,36000,1.00175233645
112805,112816,113784,11,968,2,36000,1.01136363636
112821,112827,116134,6,3307,2,36000,1.00181433323
112836,112842,115082,6,2240,2,36000,1.00267857143
112861,112867,116146,6,3279,2,36000,1.00182982617
112917,112923,116207,6,3284,2,36000,1.00182704019
113045,113051,115892,6,2841,2,36000,1.00211193242
113063,113070,116449,7,3379,2,36000,1.00207161882
113171,113177,116632,6,3455,2,36000,1.0017366136
113186,113192,116727,6,3535,2,36000,1.00169731259
113201,113207,116533,6,3326,2,36000,1.00180396873
113533,113539,116828,6,3289,2,36000,1.00182426269
113548,113554,117062,6,3508,2,36000,1.00171037628
113622,113629,116858,7,3229,2,36000,1.00216785382
113665,113671,115886,6,2215,2,36000,1.00270880361
113680,113686,117027,6,3341,2,36000,1.0017958695
113695,113702,116875,7,3173,2,36000,1.00220611409
113781,113787,117296,6,3509,2,36000,1.00170988886
113797,113803,115081,6,1278,2,36000,1.00469483568
113798,113809,117146,11,3337,2,36000,1.00329637399
113800,113815,115581,15,1766,2,36000,1.00849377123
113914,113920,116847,6,2927,2,36000,1.00204988042
113935,113941,117250,6,3309,2,36000,1.00181323663
114030,114036,117115,6,3079,2,36000,1.00194868464
114069,114075,115428,6,1353,2,36000,1.0044345898
114100,114106,117391,6,3285,2,36000,1.00182648402
114142,114149,117472,7,3323,2,36000,1.00210653024
114232,114238,117385,6,3147,2,36000,1.00190657769
114247,114253,117591,6,3338,2,36000,1.00179748352
114278,114284,117493,6,3209,2,36000,1.00186974135
114320,114326,117789,6,3463,2,36000,1.00173260179
114320,114331,128499,11,14168,1,36000,1.00077639752
114436,114442,117972,6,3530,2,36000,1.00169971671
114452,114458,117680,6,3222,2,36000,1.00186219739
114453,114464,117719,11,3255,2,36000,1.00337941628
114499,114505,118099,6,3594,2,36000,1.00166944908
114551,114558,117770,7,3212,2,36000,1.00217932752
114570,114576,117944,6,3368,2,36000,1.00178147268
114586,114592,117928,6,3336,2,36000,1.00179856115
114622,114628,118135,6,3507,2,36000,1.00171086399
114930,114937,118110,7,3173,2,36000,1.00220611409
114982,114988,118502,6,3514,2,36000,1.00170745589
115047,115054,118285,7,3231,2,36000,1.00216651192
115049,115060,118807,11,3747,2,36000,1.00293568188
115083,115089,118050,6,2961,2,36000,1.00202634245
115084,115096,118072,12,2976,2,36000,1.00403225806
115136,115142,117349,6,2207,2,36000,1.00271862256
115170,115176,118474,6,3298,2,36000,1.00181928441
115185,115191,118140,6,2949,2,36000,1.002034588
115228,115235,118659,7,3424,2,36000,1.00204439252
115244,115250,118202,6,2952,2,36000,1.00203252033
115266,115272,117661,6,2389,2,36000,1.00251151109
115306,115312,116757,6,1445,2,36000,1.00415224913
115370,115376,118770,6,3394,2,36000,1.00176782557
115385,115391,118723,6,3332,2,36000,1.00180072029
115428,115434,118821,6,3387,2,36000,1.00177147919
115443,115449,118577,6,3128,2,36000,1.00191815857
115480,115487,118639,7,3152,2,36000,1.00222081218
115535,115541,118872,6,3331,2,36000,1.00180126088
115577,115583,118949,6,3366,2,36000,1.00178253119
115592,115598,117753,6,2155,2,36000,1.00278422274
115594,115604,118944,10,3340,2,36000,1.00299401198
115776,115783,128177,7,12394,1,36000,1.00056478941
115813,115819,119581,6,3762,2,36000,1.00159489633
115887,115893,119499,6,3606,2,36000,1.00166389351
115903,115909,117528,6,1619,2,36000,1.00370599135
115945,115952,119354,7,3402,2,36000,1.00205761317
115960,115966,119440,6,3474,2,36000,1.00172711572
116025,116031,118383,6,2352,2,36000,1.00255102041
116136,116142,116693,6,551,2,36000,1.0108892922
116151,116157,119802,6,3645,2,36000,1.00164609053
116210,116217,119678,7,3461,2,36000,1.00202253684
116235,116241,119653,6,3412,2,36000,1.00175849941
116451,116458,120233,7,3775,2,36000,1.00185430464
116534,116540,117489,6,949,2,36000,1.00632244468
116631,116637,119990,6,3353,2,36000,1.00178944229
116695,116701,119949,6,3248,2,36000,1.00184729064
116729,116735,120112,6,3377,2,36000,1.0017767249
116756,116762,120233,6,3471,2,36000,1.00172860847
116831,116837,120230,6,3393,2,36000,1.0017683466
116846,116853,120049,7,3196,2,36000,1.0021902378
116862,116868,120233,6,3365,2,36000,1.00178306092
116877,116883,119844,6,2961,2,36000,1.00202634245
117029,117036,120233,7,3197,2,36000,1.00218955271
117063,117069,120233,6,3164,2,36000,1.00189633375
117121,117127,120233,6,3106,2,36000,1.00193174501
117148,117155,120233,7,3078,2,36000,1.00227420403
117252,117258,120233,6,2975,2,36000,1.00201680672
117294,117301,120233,7,2932,2,36000,1.00238744884
117349,117355,120233,6,2878,2,36000,1.0020847811
117386,117392,120233,6,2841,2,36000,1.00211193242
117401,117407,120233,6,2826,2,36000,1.00212314225
117474,117480,119946,6,2466,2,36000,1.00243309002
117489,117495,120233,6,2738,2,36000,1.00219138057
117504,117510,120233,6,2723,2,36000,1.00220345207
117529,117535,120233,6,2698,2,36000,1.00222386953
117593,117599,120233,6,2634,2,36000,1.00227790433
117663,117669,118902,6,1233,2,36000,1.00486618005
117681,117687,120233,6,2546,2,36000,1.00235663786
117721,117727,120233,6,2506,2,36000,1.00239425379
117754,117761,118539,7,778,2,36000,1.00899742931
117770,117776,120233,6,2457,2,36000,1.00244200244
117791,117797,120233,6,2436,2,36000,1.00246305419
117937,117943,118985,6,1042,2,36000,1.00575815739
117953,117959,120233,6,2274,2,36000,1.00263852243
117974,117980,120233,6,2253,2,36000,1.00266311585
118050,118056,120233,6,2177,2,36000,1.00275608636
118074,118080,120233,6,2153,2,36000,1.0027868091
118109,118115,120233,6,2118,2,36000,1.00283286119
118125,118131,120233,6,2102,2,36000,1.00285442436
118141,118146,118644,5,498,2,36000,1.01004016064
118142,118152,120233,10,2081,2,36000,1.00480538203
118203,118210,120233,7,2023,2,36000,1.00346020761
118286,118292,120233,6,1941,2,36000,1.00309119011
118383,118390,120233,7,1843,2,36000,1.00379815518
118474,118480,120233,6,1753,2,36000,1.00342270394
118502,118508,120233,6,1725,2,36000,1.00347826087
118542,118548,120233,6,1685,2,36000,1.00356083086
118577,118583,120233,6,1650,2,36000,1.00363636364
118639,118645,120233,6,1588,2,36000,1.00377833753
118654,118660,119952,6,1292,2,36000,1.00464396285
118672,118678,120233,6,1555,2,36000,1.0038585209
118724,118730,120233,6,1503,2,36000,1.00399201597
118773,118779,120233,6,1454,2,36000,1.00412654746
118807,118813,120233,6,1420,2,36000,1.00422535211
118823,118829,120233,6,1404,2,36000,1.00427350427
118872,118878,120233,6,1355,2,36000,1.00442804428
118903,118909,120233,6,1324,2,36000,1.00453172205
118946,118952,120233,6,1281,2,36000,1.00468384075
118961,118967,120233,6,1266,2,36000,1.00473933649
118986,118992,120233,6,1241,2,36000,1.00483481064
119355,119361,120233,6,872,2,36000,1.00688073394
119442,119448,120233,6,785,2,36000,1.0076433121
119500,119507,120233,7,726,2,36000,1.00964187328
119580,119586,120233,6,647,2,36000,1.00927357032
119656,119662,120233,6,571,2,36000,1.01050788091
119680,119687,120233,7,546,2,36000,1.01282051282
119803,119809,120233,6,424,2,36000,1.0141509434
119845,119851,120233,6,382,2,36000,1.01570680628
119889,119896,124041,7,4145,2,36000,1.00168878166
119946,119952,120233,6,281,2,36000,1.02135231317
119961,119968,120233,7,265,2,36000,1.02641509434
119963,119974,120233,11,259,2,36000,1.04247104247
119990,119997,120233,7,236,2,36000,1.02966101695
120048,120054,120233,6,179,2,36000,1.03351955307
120113,120119,120233,6,114,2,36000,1.05263157895
120229,120236,120237,7,1,2,36000,1.0
120676,120683,124014,7,3331,2,36000,1.00210147103
120678,120689,123904,11,3215,2,36000,1.0034214619
120680,120694,124083,14,3389,2,36000,1.0041310121
120682,120700,124179,18,3479,2,36000,1.00517390055
120684,120705,124016,21,3311,2,36000,1.00634249471
120685,120711,123934,26,3223,2,36000,1.00806701831
120687,120716,124152,29,3436,2,36000,1.00844004657
120689,120721,123880,32,3159,2,36000,1.01012978791
120714,120728,123921,14,3193,2,36000,1.00438459129
120716,120733,124187,17,3454,2,36000,1.00492182976
120718,120738,124171,20,3433,2,36000,1.00582580833
120720,120744,123834,24,3090,2,36000,1.00776699029
120721,120749,124001,28,3252,2,36000,1.0086100861
120723,120754,123695,31,2941,2,36000,1.01054063244
120724,120760,124155,36,3395,2,36000,1.01060382916
120726,120765,124177,39,3412,2,36000,1.01143024619
120727,120771,123791,44,3020,2,36000,1.01456953642
120728,120776,124082,48,3306,2,36000,1.01451905626
120730,120781,124100,51,3319,2,36000,1.01536607412
120731,120786,124102,55,3316,2,36000,1.01658624849
120733,120791,121987,58,1196,2,36000,1.04849498328
120734,120797,123897,63,3100,2,36000,1.02032258065
120736,120802,124307,66,3505,2,36000,1.01883024251
120737,120807,124243,70,3436,2,36000,1.02037252619
120738,120812,124317,74,3505,2,36000,1.02111269615
120740,120818,124015,78,3197,2,36000,1.02439787301
120741,120823,124442,82,3619,2,36000,1.02265819287
120743,120828,124205,85,3377,2,36000,1.02517026947
120744,120833,124391,89,3558,2,36000,1.02501405284
120746,120839,124327,93,3488,2,36000,1.02666284404
120747,120844,124258,97,3414,2,36000,1.02841241945
120748,120849,124146,101,3297,2,36000,1.03063390961
120750,120854,124215,104,3361,2,36000,1.03094317168
120752,120860,124426,108,3566,2,36000,1.03028603477
120753,120865,124388,112,3523,2,36000,1.03179108714
120755,120870,124301,115,3431,2,36000,1.0335179248
120756,120876,124242,120,3366,2,36000,1.03565062389
120758,120881,124573,123,3692,2,36000,1.03331527627
120759,120887,124331,128,3444,2,36000,1.03716608595
120761,120892,124336,131,3444,2,36000,1.03803716609
121371,121377,136595,6,15218,4,21600,1.00039426994
121393,121399,136829,6,15430,4,21600,1.00038885288
121513,121519,467134,6,345615,16,345600,1.00001736036
121953,121959,314457,6,192498,8,345600,1.00003116916
121990,121996,124133,6,2137,2,36000,1.00280767431
122062,122068,128359,6,6291,8,345600,1.00095374344
122151,128519,152818,6368,24299,4,108000,1.26206839788
122241,123806,125537,1565,1731,4,10800,1.90410167533
123253,127819,130641,4566,2822,1,36000,2.61800141743
123493,124025,137721,532,13696,16,43200,1.03884345794
123527,124147,137533,620,13386,16,43200,1.04631704766
123549,124222,137721,673,13499,16,43200,1.04985554486
123573,124338,137577,765,13239,16,43200,1.05778382053
123599,128508,141207,4909,12699,16,43200,1.38656587133
123646,128197,129726,4551,1529,1,36000,3.97645519948
123698,123704,127241,6,3537,2,36000,1.00169635284
123749,123755,123760,6,5,1,10,1.1
123793,123799,127130,6,3331,2,36000,1.00180126088
123836,123843,127016,7,3173,2,36000,1.00220611409
123882,123888,127348,6,3460,2,36000,1.00173410405
123898,123905,127389,7,3484,2,36000,1.00200918485
123914,123920,127339,6,3419,2,36000,1.00175489909
123929,123935,126822,6,2887,2,36000,1.00207828195
123944,123950,127458,6,3508,2,36000,1.00171037628
124002,124009,127195,7,3186,2,36000,1.00219711237
124004,134864,160143,10860,25279,1,36000,1.42960560149
124019,124031,127603,12,3572,2,36000,1.00335946249
124020,124038,127555,18,3517,2,36000,1.00511799829
124022,124043,127259,21,3216,2,36000,1.00652985075
124076,128215,130537,4139,2322,1,36000,2.78251507321
124081,124089,127175,8,3086,2,36000,1.00259235256
124083,124096,127640,13,3544,2,36000,1.00366817156
124101,124109,127639,8,3530,2,36000,1.00226628895
124103,124116,127506,13,3390,2,36000,1.00383480826
124135,124141,127639,6,3498,2,36000,1.00171526587
124150,124156,128238,6,4082,2,36000,1.00146986771
124168,124174,128081,6,3907,2,36000,1.00153570514
124170,124181,127701,11,3520,2,36000,1.003125
124185,124191,127695,6,3504,2,36000,1.00171232877
124187,124199,127702,12,3503,2,36000,1.00342563517
124188,124204,127384,16,3180,2,36000,1.00503144654
124190,124209,127602,19,3393,2,36000,1.00559976422
124209,124216,127509,7,3293,2,36000,1.00212572123
124209,136732,172770,12523,36038,2,36000,1.34749431156
124224,124231,127643,7,3412,2,36000,1.00205158265
124246,124252,127644,6,3392,2,36000,1.00176886792
124247,124259,128253,12,3994,2,36000,1.00300450676
124272,124278,127308,6,3030,2,36000,1.00198019802
124284,124291,124293,7,2,2,600,1.0
124301,124307,127682,6,3375,2,36000,1.00177777778
124317,128287,134516,3970,6229,1,36000,1.63734146733
124318,124325,128241,7,3916,2,36000,1.0017875383
124320,124332,128200,12,3868,2,36000,1.00310237849
124338,124345,127705,7,3360,2,36000,1.00208333333
124339,124350,127697,11,3347,2,36000,1.00328652525
124341,124357,127754,16,3397,2,36000,1.00471003827
124389,124396,127700,7,3304,2,36000,1.00211864407
124391,124403,127312,12,2909,2,36000,1.00412512891
124400,124409,124622,9,213,2,600,1.04225352113
124417,128595,129158,4178,563,1,36000,8.42095914742
124425,124431,128203,6,3772,2,36000,1.00159066808
124443,124449,128255,6,3806,2,36000,1.00157645822
124574,124580,128197,6,3617,2,36000,1.00165883329
124675,124681,125325,6,644,2,600,1.00931677019
124697,129171,130013,4474,842,1,36000,6.3135391924
125095,125336,132541,241,7205,12,14400,1.03344899375
125171,128184,142615,3013,14431,12,14400,1.20878663987
125189,128203,141217,3014,13014,12,14400,1.23159674197
125204,128416,128486,3212,70,12,14400,46.8857142857
125227,128421,134710,3194,6289,12,14400,1.50787088567
125298,129742,148142,4444,18400,1,104400,1.24152173913
125324,137748,212367,12424,74619,1,234000,1.16649914901
125484,130024,133216,4540,3192,1,36000,2.42230576441
125684,130548,138996,4864,8448,1,36000,1.57575757576
125851,137600,149022,11749,11422,4,21600,2.02862896165
125867,137732,149058,11865,11326,4,21600,2.04758961681
125953,130652,137576,4699,6924,1,36000,1.67865395725
125962,137738,149125,11776,11387,4,21600,2.03416176341
125975,128525,136880,2550,8355,4,43500,1.3052064632
125993,137743,149158,11750,11415,4,21600,2.02934734998
126046,128427,128495,2381,68,12,14400,36.0147058824
126071,128432,128499,2361,67,12,14400,36.2388059701
126149,137588,151314,11439,13726,1,36000,1.83338190296
126318,128514,169475,2196,40961,12,172800,1.05361197236
126458,126465,127944,7,1479,4,10800,1.00473292765
126672,133228,138781,6556,5553,1,36000,2.18062308662
126692,134361,146879,7669,12518,1,36000,1.61263780157
126842,126849,130174,7,3325,2,36000,1.00210526316
127028,127034,130280,6,3246,2,36000,1.00184842884
127141,127148,130371,7,3223,2,36000,1.00217188954
127189,127195,130789,6,3594,2,36000,1.00166944908
127220,127226,130627,6,3401,2,36000,1.001764187
127261,127268,130923,7,3655,2,36000,1.00191518468
127263,127274,130443,11,3169,2,36000,1.00347112654
127375,127383,130927,8,3544,2,36000,1.00225733634
127377,127390,130869,13,3479,2,36000,1.00373670595
127378,127395,130876,17,3481,2,36000,1.00488365412
127380,127400,130666,20,3266,2,36000,1.00612369871
127419,127425,131206,6,3781,2,36000,1.00158688178
127421,127431,130970,10,3539,2,36000,1.00282565697
127508,127514,131369,6,3855,2,36000,1.00155642023
127509,127536,131106,27,3570,2,36000,1.00756302521
127639,127645,130696,6,3051,2,36000,1.00196656834
127641,127652,130862,11,3210,2,36000,1.00342679128
127643,127657,131738,14,4081,2,36000,1.00343053173
127644,127662,131605,18,3943,2,36000,1.00456505199
128300,128306,128385,6,79,2,36000,1.07594936709
128301,128312,128386,11,74,2,36000,1.14864864865
128303,128318,128391,15,73,2,36000,1.20547945205
128304,128323,131368,19,3045,2,36000,1.00623973727
128306,128328,128382,22,54,2,36000,1.40740740741
128307,128334,128387,27,53,2,36000,1.50943396226
128309,128339,128435,30,96,2,36000,1.3125
128310,128345,128388,35,43,2,36000,1.81395348837
128311,128350,128388,39,38,2,36000,2.02631578947
128313,128355,128357,42,2,2,36000,4.4
128314,128360,128362,46,2,2,36000,4.8
128316,128366,128490,50,124,2,36000,1.40322580645
128317,128371,128373,54,2,2,36000,5.6
128320,128377,128380,57,3,2,36000,6.0
128321,128382,128383,61,1,2,36000,6.2
128323,128387,128388,64,1,2,36000,6.5
128324,128392,128396,68,4,2,36000,7.2
128326,128398,128495,72,97,2,36000,1.74226804124
128327,128403,128491,76,88,2,36000,1.86363636364
128328,128408,128494,80,86,2,36000,1.93023255814
128330,128437,128442,107,5,2,36000,11.2
128505,128530,131672,25,3142,2,36000,1.00795671547
128506,128535,131423,29,2888,2,36000,1.01004155125
128508,128541,132395,33,3854,2,36000,1.00856253243
128509,128547,131948,38,3401,2,36000,1.01117318436
128510,128553,132073,43,3520,2,36000,1.01221590909
128512,128558,132162,46,3604,2,36000,1.012763596
128513,128563,131909,50,3346,2,36000,1.01494321578
128515,128568,132079,53,3511,2,36000,1.01509541441
128516,128574,131909,58,3335,2,36000,1.01739130435
128517,128579,131908,62,3329,2,36000,1.01862421147
128519,128584,131684,65,3100,2,36000,1.02096774194
128520,128589,131908,69,3319,2,36000,1.0207893944
128673,134528,134852,5855,324,1,32400,19.0709876543
129875,137561,137761,7686,200,1,900,39.43
130133,137605,137609,7472,4,1,900,747.6
130221,130227,133437,6,3210,2,36000,1.00186915888
130273,136846,145606,6573,8760,2,36000,1.75034246575
130283,130289,133756,6,3467,2,36000,1.00173060283
130366,132614,132643,2248,29,12,14400,78.5172413793
130391,130397,133729,6,3332,2,36000,1.00180072029
130427,136613,137404,6186,791,2,4440,8.82048040455
130480,130486,133895,6,3409,2,36000,1.00176004693
130514,132655,138512,2141,5857,12,14400,1.36554550111
130646,134722,141094,4076,6372,12,14400,1.63967357188
130653,130659,133710,6,3051,2,36000,1.00196656834
130675,137544,137641,6869,97,12,14400,71.8144329897
130681,130687,134599,6,3912,2,36000,1.00153374233
130711,130717,134190,6,3473,2,36000,1.00172761301
130855,130862,134070,7,3208,2,36000,1.00218204489
130890,130897,134392,7,3495,2,36000,1.00200286123
130891,130903,134111,12,3208,2,36000,1.00374064838
130892,130909,134382,17,3473,2,36000,1.00489490354
130944,130950,134363,6,3413,2,36000,1.00175798418
130945,130956,134277,11,3321,2,36000,1.00331225534
130996,131002,134194,6,3192,2,36000,1.00187969925
131145,131152,134821,7,3669,2,36000,1.00190787681
131365,131372,135009,7,3637,2,36000,1.00192466318
131422,131428,134622,6,3194,2,36000,1.00187852223
131423,131435,134444,12,3009,2,36000,1.00398803589
131442,131450,134881,8,3431,2,36000,1.00233168173
131621,131627,134812,6,3185,2,36000,1.00188383046
131690,131697,135200,7,3503,2,36000,1.00199828718
131692,131702,134862,10,3160,2,36000,1.00316455696
131908,131915,135597,7,3682,2,36000,1.00190114068
131970,131976,135292,6,3316,2,36000,1.00180940893
131971,131982,135204,11,3222,2,36000,1.00341402855
131973,131987,135422,14,3435,2,36000,1.00407569141
131974,131993,135372,19,3379,2,36000,1.00562296537
131975,131998,135711,23,3713,2,36000,1.00619445193
132080,132086,135448,6,3362,2,36000,1.00178465199
132082,132092,135729,10,3637,2,36000,1.00274951883
132354,132360,135721,6,3361,2,36000,1.00178518298
132430,132437,135841,7,3404,2,36000,1.00205640423
132749,137595,137682,4846,87,12,14400,56.7011494253
132760,137693,138305,4933,612,12,86400,9.06045751634
133444,133449,136830,5,3381,2,36000,1.00147885241
133721,133727,136846,6,3119,2,36000,1.00192369349
133766,133772,136876,6,3104,2,36000,1.00193298969
133767,133778,136944,11,3166,2,36000,1.00347441567
133930,133937,137263,7,3326,2,36000,1.00210463019
134075,134082,137721,7,3639,2,36000,1.00192360539
134129,134135,137588,6,3453,2,36000,1.00173761946
134224,134230,137518,6,3288,2,36000,1.00182481752
134225,134236,137191,11,2955,2,36000,1.00372250423
134293,134300,137428,7,3128,2,36000,1.00223785166
134403,134409,137582,6,3173,2,36000,1.00189095493
134404,134417,137799,13,3382,2,36000,1.00384387936
134405,134422,137889,17,3467,2,36000,1.00490337468
134462,134468,137941,6,3473,2,36000,1.00172761301
134623,134630,138004,7,3374,2,36000,1.0020746888
134625,134637,138056,12,3419,2,36000,1.00350979819
134673,136941,146776,2268,9835,2,36000,1.23060498221
134823,134830,138243,7,3413,2,36000,1.00205098154
134824,134837,138178,13,3341,2,36000,1.00389105058
134885,134891,138225,6,3334,2,36000,1.00179964007
134886,134898,138147,12,3249,2,36000,1.00369344414
135173,135180,138787,7,3607,2,36000,1.00194067092
135217,135223,138531,6,3308,2,36000,1.00181378476
135219,135229,138732,10,3503,2,36000,1.00285469597
135327,135334,138618,7,3284,2,36000,1.00213154689
135374,135381,138786,7,3405,2,36000,1.00205580029
135435,135442,138954,7,3512,2,36000,1.00199316629
135469,135475,138959,6,3484,2,36000,1.00172215844
135708,135715,139040,7,3325,2,36000,1.00210526316
135722,137652,142024,1930,4372,12,14400,1.44144556267
135784,135790,139638,6,3848,2,36000,1.00155925156
135785,135796,138956,11,3160,2,36000,1.00348101266
135787,135802,139260,15,3458,2,36000,1.0043377675
136047,136053,139273,6,3220,2,36000,1.00186335404
136183,137753,171626,1570,33873,2,36000,1.04634959998
136531,136607,136720,76,113,2,36000,1.67256637168
136750,137759,146875,1009,9116,2,36000,1.11068451075
136760,136840,136929,80,89,2,36000,1.89887640449
136842,136852,140300,10,3448,2,36000,1.00290023202
136859,136866,140265,7,3399,2,36000,1.00205942924
136896,136903,139805,7,2902,2,36000,1.00241212957
136962,136968,140231,6,3263,2,36000,1.00183879865
137019,137415,137582,396,167,2,36000,3.37125748503
137227,137233,140357,6,3124,2,36000,1.0019206146
137274,137280,140213,6,2933,2,36000,1.00204568701
137403,137555,138128,152,573,1,900,1.26527050611
137443,137449,140729,6,3280,2,36000,1.00182926829
137533,137550,139080,17,1530,2,4440,1.01111111111
137547,137568,140516,21,2948,2,36000,1.00712347354
137616,137622,141201,6,3579,2,36000,1.00167644593
137617,137629,140975,12,3346,2,36000,1.00358637179
137749,137765,141104,16,3339,2,36000,1.00479185385
137818,137824,141380,6,3556,2,36000,1.00168728909
137865,137871,138031,6,160,2,36000,1.0375
137909,137915,141436,6,3521,2,36000,1.00170406135
137924,137930,149598,6,11668,4,108000,1.00051422695
137958,137964,138042,6,78,4,108000,1.07692307692
137958,137969,141322,11,3353,2,36000,1.0032806442
137972,137978,138175,6,197,1,600,1.03045685279
137985,138043,145453,58,7410,4,108000,1.00782726046
138021,138027,141318,6,3291,2,36000,1.00182315406
138060,138066,141356,6,3290,2,36000,1.00182370821
138080,138316,148425,236,10109,4,108000,1.02334553368
138101,138322,148622,221,10300,4,108000,1.02145631068
138102,138108,139273,6,1165,2,36000,1.00515021459
138197,138203,142013,6,3810,2,36000,1.00157480315
138199,138209,141711,10,3502,2,36000,1.00285551114
138257,138263,141702,6,3439,2,36000,1.00174469322
138258,138270,141608,12,3338,2,36000,1.00359496705
138324,138330,145844,6,7514,2,36000,1.00079850945
138337,138343,140577,6,2234,4,10800,1.00268576544
138576,138582,142132,6,3550,2,36000,1.00169014085
138590,138597,138969,7,372,1,600,1.0188172043
138617,138986,145192,369,6206,12,14400,1.05945858846
138646,138652,141986,6,3334,2,36000,1.00179964007
138650,141218,160304,2568,19086,4,108000,1.134548884
138681,141224,149208,2543,7984,4,108000,1.31851202405
138701,141229,150142,2528,8913,4,108000,1.28363065186
138733,141234,153433,2501,12199,4,108000,1.20501680466
138746,138752,142165,6,3413,2,36000,1.00175798418
138765,141241,154765,2476,13524,4,108000,1.18308192842
138780,141118,145840,2338,4722,12,14400,1.49512918255
138916,141335,158967,2419,17632,2,36000,1.13719373866
138956,138963,142672,7,3709,2,36000,1.00188730116
138958,138970,142351,12,3381,2,36000,1.00354924579
138960,138975,142153,15,3178,2,36000,1.00471994965
138961,138980,142534,19,3554,2,36000,1.00534608891
138986,138993,142092,7,3099,2,36000,1.00225879316
139078,139084,140013,6,929,1,900,1.00645855759
139143,139150,139865,7,715,1,1800,1.00979020979
139188,139195,142958,7,3763,2,36000,1.00186021791
139214,141247,150466,2033,9219,4,108000,1.22052283328
139261,139875,152779,614,12904,2,36000,1.04758214507
139285,139292,143025,7,3733,2,36000,1.00187516743
139286,139299,142490,13,3191,2,36000,1.00407395801
139345,141252,150216,1907,8964,4,108000,1.21273984828
139381,141392,153513,2011,12121,4,108000,1.16591040343
139607,140185,140621,578,436,2,36000,2.32568807339
139700,139707,143248,7,3541,2,36000,1.0019768427
139831,139838,143240,7,3402,2,36000,1.00205761317
139965,140051,141026,86,975,1,36000,1.08820512821
140045,140590,142523,545,1933,1,1800,1.28194516296
140196,142960,144883,2764,1923,2,4440,2.4373374935
140262,140269,143480,7,3211,2,36000,1.00218000623
140264,140275,143778,11,3503,2,36000,1.00314016557
140275,143244,179280,2969,36036,2,36000,1.08238983239
140321,140327,143730,6,3403,2,36000,1.00176315016
140331,140338,144010,7,3672,2,36000,1.00190631808
140400,140406,143996,6,3590,2,36000,1.00167130919
140468,142534,185755,2066,43221,4,43500,1.04780083756
140599,140605,144133,6,3528,2,36000,1.00170068027
140663,140669,140899,6,230,2,36000,1.02608695652
140776,140783,144225,7,3442,2,36000,1.00203370134
140796,140803,149296,7,8493,1,36000,1.00082420817
140994,141112,141398,118,286,2,36000,1.41258741259
141047,141053,144542,6,3489,2,36000,1.00171969046
141191,141198,144401,7,3203,2,36000,1.00218545114
141335,141341,144779,6,3438,2,36000,1.0017452007
141389,141452,142136,63,684,1,600,1.09210526316
141401,141407,144730,6,3323,2,36000,1.00180559735
141413,141419,144710,6,3291,2,36000,1.00182315406
141424,141431,145069,7,3638,2,36000,1.00192413414
141426,141437,144525,11,3088,2,36000,1.00356217617
141562,141569,144971,7,3402,2,36000,1.00205761317
141651,142035,149189,384,7154,12,21600,1.05367626503
141673,141679,145176,6,3497,2,36000,1.00171575636
141756,141762,145284,6,3522,2,36000,1.00170357751
141757,141769,144967,12,3198,2,36000,1.00375234522
141926,141933,142332,7,399,2,36000,1.01754385965
142001,142007,145518,6,3511,2,36000,1.00170891484
142009,142632,142944,623,312,4,10800,2.99679487179
142050,142057,145700,7,3643,2,36000,1.00192149327
142100,142106,145476,6,3370,2,36000,1.00178041543
142130,142627,145330,497,2703,12,21600,1.18386977432
142134,142141,145741,7,3600,2,36000,1.00194444444
142169,142175,145594,6,3419,2,36000,1.00175489909
142171,142182,146225,11,4043,2,36000,1.00272075192
142409,142415,145706,6,3291,2,36000,1.00182315406
142504,142510,145892,6,3382,2,36000,1.00177409817
142545,142557,146166,12,3609,2,36000,1.00332502078
142857,142955,178968,98,36013,2,36000,1.00272123955
142969,142975,146531,6,3556,2,36000,1.00168728909
143013,143019,146396,6,3377,2,36000,1.0017767249
143263,143270,146557,7,3287,2,36000,1.00212960146
143265,143276,146586,11,3310,2,36000,1.00332326284
143267,143281,146507,14,3226,2,36000,1.00433973962
143337,144904,145833,1567,929,1,1800,2.68675995694
143518,143524,146803,6,3279,2,36000,1.00182982617
143595,145214,282980,1619,137766,2,172800,1.01175181104
143773,143781,147116,8,3335,2,36000,1.0023988006
143812,143819,147110,7,3291,2,36000,1.00212701307
143872,145209,145869,1337,660,4,108000,3.02575757576
144029,144035,147202,6,3167,2,36000,1.00189453742
144030,144041,147474,11,3433,2,36000,1.00320419458
144274,144280,147481,6,3201,2,36000,1.00187441425
144282,144288,147543,6,3255,2,36000,1.00184331797
144356,145203,145793,847,590,4,10800,2.43559322034
144435,144441,147822,6,3381,2,36000,1.00177462289
144563,144569,148023,6,3454,2,36000,1.00173711639
144564,144575,148194,11,3619,2,36000,1.00303951368
144752,144758,148110,6,3352,2,36000,1.00178997613
144753,144764,148263,11,3499,2,36000,1.00314375536
144815,144822,148173,7,3351,2,36000,1.00208892868
144880,144909,145825,29,916,1,900,1.03165938865
145023,145219,145242,196,23,2,600,9.52173913043
145054,145060,148458,6,3398,2,36000,1.00176574456
145066,145072,148449,6,3377,2,36000,1.0017767249
145125,145131,148570,6,3439,2,36000,1.00174469322
145222,145228,148496,6,3268,2,36000,1.00183598531
145244,145341,149245,97,3904,4,28800,1.02484631148
145304,145310,148563,6,3253,2,36000,1.00184445128
145358,145364,149273,6,3909,4,28800,1.00153491942
145521,145528,148908,7,3380,2,36000,1.00207100592
145588,145594,148704,6,3110,2,36000,1.00192926045
145698,145704,149194,6,3490,2,36000,1.00171919771
145730,145736,149391,6,3655,2,36000,1.00164158687
145731,145742,148963,11,3221,2,36000,1.00341508848
145747,145753,149101,6,3348,2,36000,1.0017921147
145877,145883,145928,6,45,2,4440,1.13333333333
145895,145902,149223,7,3321,2,36000,1.00210779886
146230,146236,149505,6,3269,2,36000,1.00183542368
146246,146252,149352,6,3100,2,36000,1.00193548387
146416,146423,150087,7,3664,2,36000,1.00191048035
146500,146506,146830,6,324,2,600,1.01851851852
146523,146530,150265,7,3735,2,36000,1.00187416332
146547,146553,149958,6,3405,2,36000,1.00176211454
146586,146592,149879,6,3287,2,36000,1.00182537268
146587,146598,150261,11,3663,2,36000,1.003003003
146745,146751,172877,6,26126,1,36000,1.00022965628
146807,146813,148793,6,1980,2,36000,1.00303030303
146816,146822,150160,6,3338,2,36000,1.00179748352
147095,147101,147336,6,235,2,600,1.02553191489
147117,147123,150578,6,3455,2,36000,1.0017366136
147118,147129,150396,11,3267,2,36000,1.00336700337
147206,147213,150440,7,3227,2,36000,1.0021691974
147481,147488,151074,7,3586,2,36000,1.00195203569
147483,147494,150949,11,3455,2,36000,1.00318379161
147553,147559,151057,6,3498,2,36000,1.00171526587
147702,147708,148507,6,799,4,108000,1.00750938673
147708,148436,150867,728,2431,2,36000,1.29946524064
147780,148523,148729,743,206,4,600,4.6067961165
147830,147837,151098,7,3261,2,36000,1.0021465808
148028,148034,151375,6,3341,2,36000,1.0017958695
148077,148441,321272,364,172831,2,172800,1.00210610365
148115,148121,151552,6,3431,2,36000,1.00174876129
148187,148193,151555,6,3362,2,36000,1.00178465199
148205,148211,151793,6,3582,2,36000,1.00167504188
148275,148281,151583,6,3302,2,36000,1.00181708056
148459,148465,151817,6,3352,2,36000,1.00178997613
148460,148471,151674,11,3203,2,36000,1.00343428036
148512,148518,152138,6,3620,2,36000,1.00165745856
148566,148572,152322,6,3750,2,36000,1.0016
148583,148634,160480,51,11846,1,36000,1.00430525072
148603,148609,151844,6,3235,2,36000,1.00185471406
148718,148724,151821,6,3097,2,36000,1.00193735873
148923,148929,152513,6,3584,2,36000,1.00167410714
148973,148979,152471,6,3492,2,36000,1.00171821306
149105,149111,152494,6,3383,2,36000,1.00177357375
149202,149208,152451,6,3243,2,36000,1.00185013876
149231,149237,152861,6,3624,2,36000,1.00165562914
149355,149361,152754,6,3393,2,36000,1.0017683466
149393,149399,152646,6,3247,2,36000,1.00184785956
149506,149512,152706,6,3194,2,36000,1.00187852223
149879,149885,153217,6,3332,2,36000,1.00180072029
149959,149965,153740,6,3775,2,36000,1.00158940397
150088,150094,153709,6,3615,2,36000,1.00165975104
150158,150165,153737,7,3572,2,36000,1.00195968645
150263,150269,153748,6,3479,2,36000,1.00172463352
150264,150275,153812,11,3537,2,36000,1.00310998021
150398,150404,153694,6,3290,2,36000,1.00182370821
150440,150446,153532,6,3086,2,36000,1.00194426442
150579,150586,154198,7,3612,2,36000,1.0019379845
150947,150953,154478,6,3525,2,36000,1.00170212766
151056,151062,154687,6,3625,2,36000,1.00165517241
151074,151080,154240,6,3160,2,36000,1.00189873418
151098,151105,154565,7,3460,2,36000,1.00202312139
151373,151379,154614,6,3235,2,36000,1.00185471406
151553,151559,154775,6,3216,2,36000,1.00186567164
151554,151565,155720,11,4155,2,36000,1.00264741276
151582,151588,155160,6,3572,2,36000,1.00167973124
151644,151651,162117,7,10466,4,108000,1.00066883241
151655,151661,151668,6,7,4,108000,1.3
151675,151681,154765,6,3084,2,36000,1.00194552529
151731,151737,151940,6,203,1,7200,1.02955665025
151794,151800,155285,6,3485,2,36000,1.00172166428
151818,151824,155063,6,3239,2,36000,1.00185242359
151819,151830,155147,11,3317,2,36000,1.00331624962
151847,151853,155354,6,3501,2,36000,1.00171379606
152055,152061,160023,6,7962,1,36000,1.0007535795
152139,152145,155043,6,2898,2,36000,1.00207039337
152242,152248,152449,6,201,4,600,1.02985074627
152321,152328,155700,7,3372,2,36000,1.00207591934
152452,152458,155951,6,3493,2,36000,1.00171772116
152470,152476,155832,6,3356,2,36000,1.00178784267
152495,152501,155544,6,3043,2,36000,1.00197173842
152512,152519,155917,7,3398,2,36000,1.00206003531
152646,152652,156066,6,3414,2,36000,1.00175746924
152707,152713,155846,6,3133,2,36000,1.00191509735
152755,152761,155776,6,3015,2,36000,1.00199004975
152852,152858,157859,6,5001,2,36000,1.00119976005
152861,152868,156090,7,3222,2,36000,1.00217256363
152946,153721,153927,775,206,56,600,4.76213592233
153217,153223,156420,6,3197,2,36000,1.00187675946
153534,153540,157104,6,3564,2,36000,1.00168350168
153694,153700,156783,6,3083,2,36000,1.00194615634
153709,153715,157471,6,3756,2,36000,1.00159744409
153736,153743,156844,7,3101,2,36000,1.00225733634
153751,153758,157026,7,3268,2,36000,1.00214198286
153753,153764,157561,11,3797,2,36000,1.00289702397
153811,153817,157055,6,3238,2,36000,1.00185299568
154198,154204,157414,6,3210,2,36000,1.00186915888
154240,154246,157993,6,3747,2,36000,1.00160128102
154480,154486,158116,6,3630,2,36000,1.00165289256
154564,154571,157673,7,3102,2,36000,1.00225660864
154613,154619,157949,6,3330,2,36000,1.0018018018
154685,154691,158072,6,3381,2,36000,1.00177462289
154764,154770,159334,6,4564,2,36000,1.00131463628
154779,154785,158198,6,3413,2,36000,1.00175798418
155043,155049,158294,6,3245,2,36000,1.00184899846
155064,155070,158312,6,3242,2,36000,1.00185070944
155146,155152,158440,6,3288,2,36000,1.00182481752
155161,155167,158699,6,3532,2,36000,1.00169875425
155284,155290,158827,6,3537,2,36000,1.00169635284
155355,155361,158505,6,3144,2,36000,1.00190839695
155546,155552,158993,6,3441,2,36000,1.00174367916
155590,155597,156710,7,1113,32,3600,1.00628930818
155699,155705,159115,6,3410,2,36000,1.00175953079
155723,155729,158964,6,3235,2,36000,1.00185471406
155778,155785,159032,7,3247,2,36000,1.00215583616
155831,155838,159253,7,3415,2,36000,1.00204978038
155846,155853,159936,7,4083,2,36000,1.00171442567
155917,155923,159254,6,3331,2,36000,1.00180126088
155950,155957,159330,7,3373,2,36000,1.00207530388
156067,156073,159466,6,3393,2,36000,1.0017683466
156092,156098,159380,6,3282,2,36000,1.00182815356
156422,156428,159764,6,3336,2,36000,1.00179856115
156782,156788,159996,6,3208,2,36000,1.00187032419
156843,156849,160425,6,3576,2,36000,1.00167785235
157028,157035,160370,7,3335,2,36000,1.00209895052
157058,157064,160448,6,3384,2,36000,1.00177304965
157105,157111,160683,6,3572,2,36000,1.00167973124
157414,157421,160812,7,3391,2,36000,1.00206428782
157473,157480,160921,7,3441,2,36000,1.00203429236
157563,157569,160900,6,3331,2,36000,1.00180126088
157672,157678,160953,6,3275,2,36000,1.00183206107
157836,157964,158167,128,203,56,600,1.63054187192
157951,157957,161279,6,3322,2,36000,1.00180614088
157992,157998,161424,6,3426,2,36000,1.00175131349
157999,158005,194026,6,36021,2,36000,1.0001665695
158072,158078,161325,6,3247,2,36000,1.00184785956
158115,158121,161490,6,3369,2,36000,1.0017809439
158198,158204,161324,6,3120,2,36000,1.00192307692
158293,158299,161815,6,3516,2,36000,1.00170648464
158311,158317,161514,6,3197,2,36000,1.00187675946
158441,158447,161888,6,3441,2,36000,1.00174367916
158504,158511,162099,7,3588,2,36000,1.0019509476
158699,158705,162134,6,3429,2,36000,1.00174978128
158795,158801,159426,6,625,6,324000,1.0096
158827,158833,162147,6,3314,2,36000,1.00181050091
158965,158971,162371,6,3400,2,36000,1.00176470588
158992,158998,162359,6,3361,2,36000,1.00178518298
159032,159039,162305,7,3266,2,36000,1.00214329455
159111,159117,162707,6,3590,2,36000,1.00167130919
159256,159262,162780,6,3518,2,36000,1.0017055145
159257,159268,162535,11,3267,2,36000,1.00336700337
159332,159338,162880,6,3542,2,36000,1.00169395822
159346,159353,162766,7,3413,2,36000,1.00205098154
159383,159389,162610,6,3221,2,36000,1.00186277554
159469,159475,162803,6,3328,2,36000,1.00180288462
159523,159530,160193,7,663,6,324000,1.01055806938
159549,159555,159557,6,2,2,3540,1.0
159768,159774,163293,6,3519,2,36000,1.00170502984
159938,159944,163175,6,3231,2,36000,1.00185701021
159999,160005,163272,6,3267,2,36000,1.00183654729
160206,160212,160908,6,696,6,324000,1.00862068966
160370,160376,163783,6,3407,2,36000,1.00176108013
160420,160426,163878,6,3452,2,36000,1.00173812283
160450,160456,164126,6,3670,2,36000,1.00163487738
160685,160692,164003,7,3311,2,36000,1.0021141649
160812,160819,164002,7,3183,2,36000,1.00219918316
160900,160906,164379,6,3473,2,36000,1.00172761301
160921,160927,164195,6,3268,2,36000,1.00183598531
160955,160961,164490,6,3529,2,36000,1.00170019836
161063,161069,161695,6,626,6,324000,1.00958466454
161278,161284,164799,6,3515,2,36000,1.00170697013
161324,161330,164912,6,3582,2,36000,1.00167504188
161339,161345,164590,6,3245,2,36000,1.00184899846
161423,161429,164475,6,3046,2,36000,1.00196979645
161490,161496,164985,6,3489,2,36000,1.00171969046
161514,161520,165056,6,3536,2,36000,1.00169683258
161817,161823,165212,6,3389,2,36000,1.00177043376
161823,161829,162756,6,927,6,324000,1.00647249191
161890,161896,165092,6,3196,2,36000,1.00187734668
162099,162105,165259,6,3154,2,36000,1.00190234623
162132,162138,165316,6,3178,2,36000,1.00188797986
162147,162153,165479,6,3326,2,36000,1.00180396873
162304,162311,165561,7,3250,2,36000,1.00215384615
162359,162365,165451,6,3086,2,36000,1.00194426442
162374,162380,165508,6,3128,2,36000,1.00191815857
162539,162545,165961,6,3416,2,36000,1.00175644028
162612,162619,165839,7,3220,2,36000,1.00217391304
162709,162715,165989,6,3274,2,36000,1.00183262065
162766,162772,166349,6,3577,2,36000,1.00167738328
162781,162787,165948,6,3161,2,36000,1.0018981335
162805,162811,165767,6,2956,2,36000,1.00202976996
162880,162886,166241,6,3355,2,36000,1.00178837556
163173,163180,166539,7,3359,2,36000,1.00208395356
163273,163280,166428,7,3148,2,36000,1.00222363405
163291,163297,167110,6,3813,2,36000,1.00157356412
163783,163789,167112,6,3323,2,36000,1.00180559735
163877,163883,167091,6,3208,2,36000,1.00187032419
164001,164007,167504,6,3497,2,36000,1.00171575636
164016,164022,167372,6,3350,2,36000,1.00179104478
164128,164134,167399,6,3265,2,36000,1.00183767228
164197,164203,167409,6,3206,2,36000,1.00187149095
164379,164385,167659,6,3274,2,36000,1.00183262065
164475,164482,167951,7,3469,2,36000,1.00201787259
164490,164496,167922,6,3426,2,36000,1.00175131349
164590,164596,167707,6,3111,2,36000,1.00192864031
164802,164808,168360,6,3552,2,36000,1.00168918919
164914,164920,168457,6,3537,2,36000,1.00169635284
164986,164993,168357,7,3364,2,36000,1.00208085612
165056,165062,168640,6,3578,2,36000,1.00167691448
165092,165098,168287,6,3189,2,36000,1.00188146754
165213,165219,168524,6,3305,2,36000,1.00181543116
165261,165267,168592,6,3325,2,36000,1.00180451128
165315,165321,168641,6,3320,2,36000,1.00180722892
165452,165458,169118,6,3660,2,36000,1.00163934426
165479,165485,168696,6,3211,2,36000,1.00186857677
165509,165515,168887,6,3372,2,36000,1.00177935943
165560,165567,168831,7,3264,2,36000,1.00214460784
165766,165772,169107,6,3335,2,36000,1.00179910045
165838,165845,168893,7,3048,2,36000,1.00229658793
165948,165954,169263,6,3309,2,36000,1.00181323663
165963,165969,169404,6,3435,2,36000,1.00174672489
165990,165996,169520,6,3524,2,36000,1.00170261067
166241,166247,169608,6,3361,2,36000,1.00178518298
166350,166356,169569,6,3213,2,36000,1.00186741363
166426,166433,170113,7,3680,2,36000,1.00190217391
166539,166545,169704,6,3159,2,36000,1.00189933523
167093,167099,170458,6,3359,2,36000,1.00178624591
167111,167118,170601,7,3483,2,36000,1.0020097617
167113,167124,170514,11,3390,2,36000,1.00324483776
167373,167379,170644,6,3265,2,36000,1.00183767228
167400,167406,170961,6,3555,2,36000,1.00168776371
167416,167422,170843,6,3421,2,36000,1.00175387314
167504,167510,170604,6,3094,2,36000,1.00193923723
167659,167665,170862,6,3197,2,36000,1.00187675946
167707,167714,171152,7,3438,2,36000,1.00203606748
167923,167929,171035,6,3106,2,36000,1.00193174501
167953,167959,171163,6,3204,2,36000,1.00187265918
168289,168296,171480,7,3184,2,36000,1.00219849246
168360,168366,171703,6,3337,2,36000,1.00179802218
168361,168372,171319,11,2947,2,36000,1.00373260943
168459,168466,171713,7,3247,2,36000,1.00215583616
168524,168530,171768,6,3238,2,36000,1.00185299568
168594,168600,172051,6,3451,2,36000,1.00173862649
168640,168646,172309,6,3663,2,36000,1.00163800164
168641,168652,172244,11,3592,2,36000,1.0030623608
168695,168702,171841,7,3139,2,36000,1.00223000956
168833,168839,171971,6,3132,2,36000,1.00191570881
168888,168894,172000,6,3106,2,36000,1.00193174501
168889,168900,172175,11,3275,2,36000,1.00335877863
169109,169115,172874,6,3759,2,36000,1.00159616919
169124,169130,172551,6,3421,2,36000,1.00175387314
169265,169271,172992,6,3721,2,36000,1.00161246977
169405,169411,172700,6,3289,2,36000,1.00182426269
169520,169526,172524,6,2998,2,36000,1.00200133422
169568,169574,172925,6,3351,2,36000,1.0017905103
169608,169614,172760,6,3146,2,36000,1.00190718373
169701,169708,173056,7,3348,2,36000,1.00209080048
170113,170120,173571,7,3451,2,36000,1.00202839757
170458,170464,173799,6,3335,2,36000,1.00179910045
170515,170521,173912,6,3391,2,36000,1.00176938956
170603,170609,173917,6,3308,2,36000,1.00181378476
170604,170615,173691,11,3076,2,36000,1.00357607282
170647,170653,173877,6,3224,2,36000,1.00186104218
170845,170851,174146,6,3295,2,36000,1.00182094082
170870,170877,174147,7,3270,2,36000,1.00214067278
170965,170972,174225,7,3253,2,36000,1.00215185982
171035,171041,174322,6,3281,2,36000,1.00182871076
171154,171160,174433,6,3273,2,36000,1.00183318057
171171,171177,174721,6,3544,2,36000,1.00169300226
171320,171326,174994,6,3668,2,36000,1.00163576881
171480,171487,174684,7,3197,2,36000,1.00218955271
171705,171711,175068,6,3357,2,36000,1.0017873101
171719,171726,174968,7,3242,2,36000,1.00215916101
171767,171774,175018,7,3244,2,36000,1.00215782984
171845,171852,175026,7,3174,2,36000,1.00220541903
171972,171978,175305,6,3327,2,36000,1.00180342651
171999,172005,175674,6,3669,2,36000,1.00163532298
172050,172057,175619,7,3562,2,36000,1.0019651881
172177,172183,175735,6,3552,2,36000,1.00168918919
172244,172250,175655,6,3405,2,36000,1.00176211454
172310,172316,175803,6,3487,2,36000,1.0017206768
172525,172531,176020,6,3489,2,36000,1.00171969046
172552,172558,176118,6,3560,2,36000,1.00168539326
172701,172708,176065,7,3357,2,36000,1.00208519511
172759,172765,176042,6,3277,2,36000,1.00183094294
172875,172881,176301,6,3420,2,36000,1.00175438596
172926,172932,176025,6,3093,2,36000,1.00193986421
172992,172998,176343,6,3345,2,36000,1.00179372197
173056,173063,176385,7,3322,2,36000,1.00210716436
173571,173577,176907,6,3330,2,36000,1.0018018018
173692,173698,176916,6,3218,2,36000,1.00186451212
173798,173804,177337,6,3533,2,36000,1.00169827342
173877,173883,177766,6,3883,2,36000,1.00154519701
173910,173917,177203,7,3286,2,36000,1.00213024954
173926,173932,177202,6,3270,2,36000,1.00183486239
174147,174153,177419,6,3266,2,36000,1.00183710961
174148,174159,177325,11,3166,2,36000,1.00347441567
174227,174233,177584,6,3351,2,36000,1.0017905103
174323,174329,177809,6,3480,2,36000,1.00172413793
174432,174438,178208,6,3770,2,36000,1.00159151194
174686,174692,178041,6,3349,2,36000,1.00179157958
174722,174728,178151,6,3423,2,36000,1.00175284838
174966,174973,179276,7,4303,2,36000,1.00162677202
174994,175000,178487,6,3487,2,36000,1.0017206768
175018,175024,178553,6,3529,2,36000,1.00170019836
175033,175039,178356,6,3317,2,36000,1.00180886343
175066,175072,178585,6,3513,2,36000,1.00170794193
175305,175312,178529,7,3217,2,36000,1.00217594032
175620,175626,179234,6,3608,2,36000,1.00166297118
175656,175662,178881,6,3219,2,36000,1.0018639329
175674,175680,179164,6,3484,2,36000,1.00172215844
175737,175743,178999,6,3256,2,36000,1.00184275184
175804,175809,179317,5,3508,2,36000,1.00142531357
176021,176028,179249,7,3221,2,36000,1.00217323812
176036,176042,179468,6,3426,2,36000,1.00175131349
176051,176057,179357,6,3300,2,36000,1.00181818182
176066,176072,179341,6,3269,2,36000,1.00183542368
176118,176124,179487,6,3363,2,36000,1.00178412132
176303,176309,179911,6,3602,2,36000,1.00166574125
176345,176351,179768,6,3417,2,36000,1.00175592625
176387,176393,179645,6,3252,2,36000,1.00184501845
176910,176916,180125,6,3209,2,36000,1.00186974135
176924,176931,180251,7,3320,2,36000,1.00210843373
177204,177210,180715,6,3505,2,36000,1.00171184023
177205,177216,180777,11,3561,2,36000,1.00308901994
177323,177329,180395,6,3066,2,36000,1.00195694716
177338,177344,180563,6,3219,2,36000,1.0018639329
177420,177426,180487,6,3061,2,36000,1.00196014374
177583,177589,180984,6,3395,2,36000,1.00176730486
177767,177773,180895,6,3122,2,36000,1.00192184497
177812,177818,180932,6,3114,2,36000,1.00192678227
178042,178049,181256,7,3207,2,36000,1.00218272529
178151,178157,181476,6,3319,2,36000,1.00180777343
178205,178211,181636,6,3425,2,36000,1.00175182482
178357,178364,182026,7,3662,2,36000,1.00191152376
178488,178494,181789,6,3295,2,36000,1.00182094082
178527,178533,182001,6,3468,2,36000,1.00173010381
178554,178560,181921,6,3361,2,36000,1.00178518298
178585,178591,181722,6,3131,2,36000,1.00191632066
178881,178887,182214,6,3327,2,36000,1.00180342651
179001,179008,182051,7,3043,2,36000,1.00230036149
179165,179171,182186,6,3015,2,36000,1.00199004975
179235,179242,182632,7,3390,2,36000,1.00206489676
179250,179257,182382,7,3125,2,36000,1.00224
179278,179284,182779,6,3495,2,36000,1.0017167382
179317,179323,182433,6,3110,2,36000,1.00192926045
179344,179350,182752,6,3402,2,36000,1.00176366843
179359,179365,182626,6,3261,2,36000,1.0018399264
179468,179474,182722,6,3248,2,36000,1.00184729064
179486,179492,182803,6,3311,2,36000,1.00181214135
179646,179652,183050,6,3398,2,36000,1.00176574456
179766,179773,183323,7,3550,2,36000,1.00197183099
179911,179917,183551,6,3634,2,36000,1.0016510732
180126,180132,183608,6,3476,2,36000,1.00172612198
180250,180256,183655,6,3399,2,36000,1.00176522507
180395,180401,183549,6,3148,2,36000,1.00190597205
180488,180494,183902,6,3408,2,36000,1.00176056338
180564,180570,183860,6,3290,2,36000,1.00182370821
180718,180724,183917,6,3193,2,36000,1.00187911055
180775,180781,184398,6,3617,2,36000,1.00165883329
180896,180902,184316,6,3414,2,36000,1.00175746924
180933,180940,184210,7,3270,2,36000,1.00214067278
180986,180993,184222,7,3229,2,36000,1.00216785382
181256,181262,185015,6,3753,2,36000,1.00159872102
181256,181267,181268,11,1,2,3540,1.2
181476,181482,185154,6,3672,2,36000,1.00163398693
181636,181642,184824,6,3182,2,36000,1.00188560654
181724,181730,185133,6,3403,2,36000,1.00176315016
181790,181796,184903,6,3107,2,36000,1.00193112327
181921,181927,185304,6,3377,2,36000,1.0017767249
182003,182009,185342,6,3333,2,36000,1.00180018002
182026,182032,185395,6,3363,2,36000,1.00178412132
182051,182057,185590,6,3533,2,36000,1.00169827342
182064,182071,182248,7,177,1,3600,1.0395480226
182187,182193,185634,6,3441,2,36000,1.00174367916
182217,182223,185653,6,3430,2,36000,1.00174927114
182383,182389,185641,6,3252,2,36000,1.00184501845
182424,182430,182772,6,342,1,3600,1.01754385965
182434,182440,185867,6,3427,2,36000,1.00175080245
182628,182634,186070,6,3436,2,36000,1.00174621653
182643,182649,186060,6,3411,2,36000,1.00175901495
182724,182730,185781,6,3051,2,36000,1.00196656834
182751,182757,186217,6,3460,2,36000,1.00173410405
182782,182788,186271,6,3483,2,36000,1.00172265289
182806,182812,186261,6,3449,2,36000,1.00173963468
183051,183057,186796,6,3739,2,36000,1.00160470714
183122,183128,183984,6,856,1,3600,1.00700934579
183324,183330,186433,6,3103,2,36000,1.00193361263
183550,183557,186832,7,3275,2,36000,1.00213740458
183552,183563,186745,11,3182,2,36000,1.00345694532
183610,183616,186782,6,3166,2,36000,1.00189513582
183655,183661,187300,6,3639,2,36000,1.00164880462
183861,183867,187257,6,3390,2,36000,1.0017699115
183903,183909,187143,6,3234,2,36000,1.00185528757
183918,183924,187324,6,3400,2,36000,1.00176470588
184213,184219,187816,6,3597,2,36000,1.00166805671
184228,184234,187779,6,3545,2,36000,1.00169252468
184316,184322,187624,6,3302,2,36000,1.00181708056
184397,184403,187719,6,3316,2,36000,1.00180940893
184828,184834,188382,6,3548,2,36000,1.00169109357
184903,184909,188251,6,3342,2,36000,1.00179533214
185013,185019,188339,6,3320,2,36000,1.00180722892
185134,185140,188451,6,3311,2,36000,1.00181214135
185155,185161,188262,6,3101,2,36000,1.00193485972
185204,185210,185324,6,114,1,3600,1.05263157895
185306,185312,188452,6,3140,2,36000,1.00191082803
185344,185350,188794,6,3444,2,36000,1.00174216028
185395,185401,188636,6,3235,2,36000,1.00185471406
185495,185501,185814,6,313,1,3600,1.01916932907
185589,185595,188824,6,3229,2,36000,1.00185816042
185621,185627,185795,6,168,1,3600,1.03571428571
185635,185641,188596,6,2955,2,36000,1.00203045685
185650,185656,189234,6,3578,2,36000,1.00167691448
185664,185670,188854,6,3184,2,36000,1.00188442211
185782,185788,189153,6,3365,2,36000,1.00178306092
185871,185877,189212,6,3335,2,36000,1.00179910045
185956,185962,186307,6,345,1,3600,1.01739130435
186062,186068,189161,6,3093,2,36000,1.00193986421
186076,186082,189069,6,2987,2,36000,1.00200870439
186217,186223,189674,6,3451,2,36000,1.00173862649
186260,186266,189494,6,3228,2,36000,1.00185873606
186275,186281,189832,6,3551,2,36000,1.00168966488
186284,186291,186895,7,604,1,3600,1.01158940397
186435,186441,189526,6,3085,2,36000,1.00194489465
186667,186673,187512,6,839,1,3600,1.00715137068
186746,186752,190285,6,3533,2,36000,1.00169827342
186782,186788,190287,6,3499,2,36000,1.00171477565
186797,186803,190130,6,3327,2,36000,1.00180342651
186833,186839,190183,6,3344,2,36000,1.00179425837
187144,187150,190675,6,3525,2,36000,1.00170212766
187259,187265,190620,6,3355,2,36000,1.00178837556
187302,187308,190536,6,3228,2,36000,1.00185873606
187326,187332,190786,6,3454,2,36000,1.00173711639
187628,187634,191237,6,3603,2,36000,1.00166527893
187722,187728,191097,6,3369,2,36000,1.0017809439
187779,187785,191248,6,3463,2,36000,1.00173260179
187815,187822,191208,7,3386,2,36000,1.00206733609
188253,188259,191723,6,3464,2,36000,1.00173210162
188268,188274,191764,6,3490,2,36000,1.00171919771
188341,188347,191468,6,3121,2,36000,1.00192246075
188380,188387,191642,7,3255,2,36000,1.00215053763
188451,188457,191726,6,3269,2,36000,1.00183542368
188452,188463,191633,11,3170,2,36000,1.00347003155
188595,188601,192041,6,3440,2,36000,1.00174418605
188638,188644,191942,6,3298,2,36000,1.00181928441
188727,188733,188849,6,116,1,3600,1.05172413793
188796,188802,192201,6,3399,2,36000,1.00176522507
188823,188830,192311,7,3481,2,36000,1.0020109164
188854,188860,192111,6,3251,2,36000,1.00184558597
189016,189022,189341,6,319,1,3600,1.01880877743
189072,189079,192363,7,3284,2,36000,1.00213154689
189155,189161,192438,6,3277,2,36000,1.00183094294
189170,189176,192511,6,3335,2,36000,1.00179910045
189213,189219,192353,6,3134,2,36000,1.00191448628
189228,189234,192661,6,3427,2,36000,1.00175080245
189347,189353,189477,6,124,1,1800,1.04838709677
189498,189504,192694,6,3190,2,36000,1.00188087774
189528,189534,192799,6,3265,2,36000,1.00183767228
189674,189680,192943,6,3263,2,36000,1.00183879865
189776,189782,189896,6,114,1,1800,1.05263157895
189782,189788,190394,6,606,1,3600,1.0099009901
189830,189836,193154,6,3318,2,36000,1.00180831826
190132,190139,193133,7,2994,2,36000,1.00233800935
190185,190191,193594,6,3403,2,36000,1.00176315016
190286,190292,193587,6,3295,2,36000,1.00182094082
190287,190298,193422,11,3124,2,36000,1.00352112676
190537,190543,193677,6,3134,2,36000,1.00191448628
190566,190572,191165,6,593,1,1800,1.01011804384
190622,190628,194074,6,3446,2,36000,1.00174114916
190674,190680,193993,6,3313,2,36000,1.00181104739
190786,190792,194637,6,3845,2,36000,1.00156046814
191098,191104,194494,6,3390,2,36000,1.0017699115
191210,191217,194526,7,3309,2,36000,1.00211544273
191238,191244,194356,6,3112,2,36000,1.00192802057
191254,191260,194345,6,3085,2,36000,1.00194489465
191469,191475,194632,6,3157,2,36000,1.00190053849
191631,191637,195232,6,3595,2,36000,1.0016689847
191646,191652,194941,6,3289,2,36000,1.00182426269
191723,191729,195188,6,3459,2,36000,1.00173460538
191739,191745,195090,6,3345,2,36000,1.00179372197
191766,191773,194945,7,3172,2,36000,1.00220680958
191943,191949,195345,6,3396,2,36000,1.00176678445
192041,192048,195568,7,3520,2,36000,1.00198863636
192113,192119,195775,6,3656,2,36000,1.00164113786
192202,192208,195420,6,3212,2,36000,1.00186799502
192311,192317,195368,6,3051,2,36000,1.00196656834
192354,192360,195686,6,3326,2,36000,1.00180396873
192370,192375,195583,5,3208,2,36000,1.00155860349
192444,192450,195703,6,3253,2,36000,1.00184445128
192512,192518,195841,6,3323,2,36000,1.00180559735
192666,192672,196056,6,3384,2,36000,1.00177304965
192696,192703,196048,7,3345,2,36000,1.00209267564
192800,192806,195948,6,3142,2,36000,1.00190961171
192856,192862,192913,6,51,1,1800,1.11764705882
192950,192956,196469,6,3513,2,36000,1.00170794193
192989,192995,193123,6,128,1,1800,1.046875
193135,193141,196495,6,3354,2,36000,1.00178890877
193153,193159,196410,6,3251,2,36000,1.00184558597
193227,193233,193328,6,95,1,1800,1.06315789474
193425,193432,196732,7,3300,2,36000,1.00212121212
193445,193451,193564,6,113,1,1800,1.05309734513
193590,193596,197376,6,3780,2,36000,1.00158730159
193605,193611,197073,6,3462,2,36000,1.00173310225
193678,193684,197015,6,3331,2,36000,1.00180126088
193995,194002,197653,7,3651,2,36000,1.00191728294
194073,194079,197445,6,3366,2,36000,1.00178253119
194224,194231,194528,7,297,1,1800,1.02356902357
194234,194240,194827,6,587,1,1800,1.01022146508
194346,194352,197849,6,3497,2,36000,1.00171575636
194361,194367,197834,6,3467,2,36000,1.00173060283
194494,194501,197844,7,3343,2,36000,1.00209392761
194527,194533,198006,6,3473,2,36000,1.00172761301
194635,194641,197477,6,2836,2,36000,1.00211565585
194649,194656,197757,7,3101,2,36000,1.00225733634
194946,194952,198252,6,3300,2,36000,1.00181818182
194947,194958,198445,11,3487,2,36000,1.00315457413
195090,195096,198503,6,3407,2,36000,1.00176108013
195187,195193,198640,6,3447,2,36000,1.00174064404
195232,195238,198471,6,3233,2,36000,1.00185586143
195345,195351,198912,6,3561,2,36000,1.00168491997
195366,195372,198510,6,3138,2,36000,1.00191204589
195424,195430,198773,6,3343,2,36000,1.00179479509
195569,195575,198895,6,3320,2,36000,1.00180722892
195584,195590,199024,6,3434,2,36000,1.00174723355
195684,195691,199396,7,3705,2,36000,1.00188933873
195687,195697,214226,10,18529,12,172800,1.00053969453
195705,195712,199220,7,3508,2,36000,1.001995439
195775,195781,198986,6,3205,2,36000,1.00187207488
195842,195847,199266,5,3419,2,36000,1.00146241591
195947,195953,199331,6,3378,2,36000,1.00177619893
196047,196053,199421,6,3368,2,36000,1.00178147268
196062,196068,199585,6,3517,2,36000,1.00170599943
196412,196418,199976,6,3558,2,36000,1.00168634064
196469,196475,199753,6,3278,2,36000,1.00183038438
196497,196503,199772,6,3269,2,36000,1.00183542368
196693,196699,196743,6,44,1,1800,1.13636363636
196735,196741,200329,6,3588,2,36000,1.0016722408
197014,197020,200322,6,3302,2,36000,1.00181708056
197072,197078,200347,6,3269,2,36000,1.00183542368
197077,197084,197165,7,81,1,1800,1.08641975309
197378,197384,200630,6,3246,2,36000,1.00184842884
197445,197451,200703,6,3252,2,36000,1.00184501845
197478,197484,200996,6,3512,2,36000,1.00170842825
197654,197660,201011,6,3351,2,36000,1.0017905103
197710,197716,197717,6,1,1,36000,1.0
197736,197742,197743,6,1,1,36000,1.0
197749,197755,197756,6,1,1,86400,1.0
197757,197763,200967,6,3204,2,36000,1.00187265918
197787,197793,226695,6,28902,1,86400,1.00020759809
197833,197839,200897,6,3058,2,36000,1.00196206671
197849,197855,201014,6,3159,2,36000,1.00189933523
197850,197861,201194,11,3333,2,36000,1.00330033003
198008,198015,201246,7,3231,2,36000,1.00216651192
198155,198162,198455,7,293,1,1800,1.02389078498
198254,198260,201500,6,3240,2,36000,1.00185185185
198445,198451,202107,6,3656,2,36000,1.00164113786
198470,198476,201587,6,3111,2,36000,1.00192864031
198503,198509,201830,6,3321,2,36000,1.00180668473
198518,198524,201998,6,3474,2,36000,1.00172711572
198639,198645,201857,6,3212,2,36000,1.00186799502
198772,198778,201883,6,3105,2,36000,1.00193236715
198896,198903,202399,7,3496,2,36000,1.00200228833
198914,198920,202077,6,3157,2,36000,1.00190053849
198987,198993,202165,6,3172,2,36000,1.00189155107
199023,199029,202392,6,3363,2,36000,1.00178412132
199115,199121,218132,6,19011,1,36000,1.00031560675
199221,199227,202524,6,3297,2,36000,1.00181983621
199266,199272,202502,6,3230,2,36000,1.00185758514
199333,199338,202617,5,3279,2,36000,1.00152485514
199397,199403,202511,6,3108,2,36000,1.00193050193
199425,199431,202885,6,3454,2,36000,1.00173711639
199586,199593,203256,7,3663,2,36000,1.00191100191
199753,199759,203036,6,3277,2,36000,1.00183094294
199774,199780,202868,6,3088,2,36000,1.00194300518
199978,199984,203382,6,3398,2,36000,1.00176574456
200323,200329,203584,6,3255,2,36000,1.00184331797
200338,200344,203680,6,3336,2,36000,1.00179856115
200353,200358,203955,5,3597,2,36000,1.00139004726
200631,200637,203825,6,3188,2,36000,1.00188205772
200704,200710,203887,6,3177,2,36000,1.00188857413
200898,200904,204008,6,3104,2,36000,1.00193298969
200965,200971,204760,6,3789,2,36000,1.00158353127
200998,201005,204459,7,3454,2,36000,1.00202663578
201013,201019,204426,6,3407,2,36000,1.00176108013
201015,201025,204563,10,3538,2,36000,1.00282645562
201198,201204,204745,6,3541,2,36000,1.0016944366
201246,201252,204567,6,3315,2,36000,1.00180995475
201501,201507,204679,6,3172,2,36000,1.00189155107
201586,201593,204796,7,3203,2,36000,1.00218545114
201640,201646,226742,6,25096,1,86400,1.00023908193
201829,201834,205028,5,3194,2,36000,1.00156543519
201859,201865,205172,6,3307,2,36000,1.00181433323
201883,201889,205328,6,3439,2,36000,1.00174469322
201998,202004,205237,6,3233,2,36000,1.00185586143
202042,202048,202090,6,42,2,960,1.14285714286
202077,202084,205397,7,3313,2,36000,1.00211288862
202108,202114,205360,6,3246,2,36000,1.00184842884
202165,202171,205423,6,3252,2,36000,1.00184501845
202277,202283,202330,6,47,2,960,1.12765957447
202392,202399,205999,7,3600,2,36000,1.00194444444
202408,202414,205653,6,3239,2,36000,1.00185242359
202502,202508,205739,6,3231,2,36000,1.00185701021
202518,202524,205769,6,3245,2,36000,1.00184899846
202533,202539,205862,6,3323,2,36000,1.00180559735
202617,202623,206102,6,3479,2,36000,1.00172463352
202868,202875,206028,7,3153,2,36000,1.00222010783
202886,202893,206282,7,3389,2,36000,1.00206550605
203038,203044,206262,6,3218,2,36000,1.00186451212
203173,203180,244293,7,41113,2,43200,1.00017026245
203256,203262,206351,6,3089,2,36000,1.00194237617
203383,203389,207418,6,4029,2,36000,1.00148920328
203391,203397,203437,6,40,2,960,1.15
203583,203589,207036,6,3447,2,36000,1.00174064404
203680,203686,207098,6,3412,2,36000,1.00175849941
203802,203808,203846,6,38,2,960,1.15789473684
203825,203831,207066,6,3235,2,36000,1.00185471406
203889,203895,207525,6,3630,2,36000,1.00165289256
203956,203961,207162,5,3201,2,36000,1.00156201187
203966,203972,226824,6,22852,1,86400,1.00026255908
204010,204017,207326,7,3309,2,36000,1.00211544273
204225,204231,218427,6,14196,6,324000,1.00042265427
204427,204433,207590,6,3157,2,36000,1.00190053849
204462,204468,207872,6,3404,2,36000,1.0017626322
204513,204519,216977,6,12458,2,36000,1.00048161824
204566,204572,207915,6,3343,2,36000,1.00179479509
204581,204587,207893,6,3306,2,36000,1.00181488203
204681,204687,207833,6,3146,2,36000,1.00190718373
204747,204753,208086,6,3333,2,36000,1.00180018002
204762,204768,209121,6,4353,2,36000,1.00137835975
204798,204804,208285,6,3481,2,36000,1.00172364263
205029,205035,208365,6,3330,2,36000,1.0018018018
205174,205180,208641,6,3461,2,36000,1.001733603
205238,205244,208613,6,3369,2,36000,1.0017809439
205329,205335,208833,6,3498,2,36000,1.00171526587
205362,205368,208621,6,3253,2,36000,1.00184445128
205395,205401,208949,6,3548,2,36000,1.00169109357
205429,205435,208517,6,3082,2,36000,1.0019467878
205653,205659,209374,6,3715,2,36000,1.00161507402
205741,205747,209020,6,3273,2,36000,1.00183318057
205768,205774,208996,6,3222,2,36000,1.00186219739
205772,205780,207690,8,1910,1,1800,1.00418848168
205854,205860,206541,6,681,1,1800,1.00881057269
205862,205868,209233,6,3365,2,36000,1.00178306092
205896,205902,208099,6,2197,2,36000,1.00273099681
205932,205939,205963,7,24,2,960,1.29166666667
205999,206005,209614,6,3609,2,36000,1.00166251039
206027,206033,209377,6,3344,2,36000,1.00179425837
206103,206110,209722,7,3612,2,36000,1.0019379845
206261,206267,209759,6,3492,2,36000,1.00171821306
206283,206289,209378,6,3089,2,36000,1.00194237617
206352,206358,209620,6,3262,2,36000,1.00183936235
206737,206743,206772,6,29,2,960,1.20689655172
206963,206969,207449,6,480,1,1800,1.0125
207037,207043,210744,6,3701,2,36000,1.00162118346
207065,207071,210476,6,3405,2,36000,1.00176211454
207098,207104,210657,6,3553,2,36000,1.00168871376
207162,207168,210463,6,3295,2,36000,1.00182094082
207326,207332,210695,6,3363,2,36000,1.00178412132
207389,207396,226833,7,19437,1,86400,1.00036013788
207420,207426,210780,6,3354,2,36000,1.00178890877
207491,207497,230525,6,23028,1,86400,1.00026055237
207526,207532,210783,6,3251,2,36000,1.00184558597
207528,207538,249816,10,42278,1,86400,1.00023652964
207590,207597,210934,7,3337,2,36000,1.00209769254
207678,207683,216367,5,8684,12,21600,1.00057577153
207708,207714,211442,6,3728,1,3600,1.00160944206
207744,207750,215064,6,7314,4,28800,1.00082034454
207826,207832,215066,6,7234,4,43200,1.00082941664
207842,207848,211343,6,3495,2,36000,1.0017167382
207882,207888,229502,6,21614,4,21600,1.00027759785
207886,207894,211396,8,3502,2,36000,1.00228440891
207912,207918,211194,6,3276,2,36000,1.00183150183
207935,207942,211345,7,3403,2,36000,1.00205700852
207946,207952,208086,6,134,2,960,1.0447761194
207982,207988,228211,6,20223,1,86400,1.00029669189
208043,208050,228218,7,20168,1,86400,1.00034708449
208102,208108,211379,6,3271,2,36000,1.00183430144
208131,208137,216977,6,8840,2,36000,1.00067873303
208288,208294,211841,6,3547,2,36000,1.00169157034
208378,208384,211838,6,3454,2,36000,1.00173711639
208544,208550,211696,6,3146,2,36000,1.00190718373
208618,208624,208683,6,59,4,108000,1.10169491525
208634,208640,212261,6,3621,2,36000,1.00165700083
208635,208646,211738,11,3092,2,36000,1.00355756792
208667,208673,596451,6,387778,4,432000,1.00001547277
208668,208679,211940,11,3261,2,36000,1.00337319841
208846,208852,212078,6,3226,2,36000,1.00185988841
208861,208867,208868,6,1,1,600,1.0
208938,208944,217042,6,8098,4,108000,1.00074092368
208976,208982,212613,6,3631,2,36000,1.00165243735
209008,209015,209655,7,640,1,600,1.0109375
209026,209032,212196,6,3164,2,36000,1.00189633375
209028,209038,212368,10,3330,2,36000,1.003003003
209129,209135,212521,6,3386,2,36000,1.00177200236
209377,209383,212656,6,3273,2,36000,1.00183318057
209415,209421,212688,6,3267,2,36000,1.00183654729
209416,209427,212760,11,3333,2,36000,1.00330033003
209418,209432,212743,14,3311,2,36000,1.00422832981
209629,209635,213201,6,3566,2,36000,1.00168255749
209632,209641,213008,9,3367,2,36000,1.00267300267
209737,209743,213330,6,3587,2,36000,1.001672707
209772,209778,213038,6,3260,2,36000,1.0018404908
209820,209826,210383,6,557,12,3600,1.01077199282
210502,210508,213696,6,3188,2,36000,1.00188205772
210504,210514,213906,10,3392,2,36000,1.00294811321
210665,210671,213949,6,3278,2,36000,1.00183038438
210702,210708,214106,6,3398,2,36000,1.00176574456
210747,210753,214259,6,3506,2,36000,1.00171135197
210801,210807,214259,6,3452,2,36000,1.00173812283
210802,210813,214113,11,3300,2,36000,1.00333333333
210965,210971,556574,6,345603,8,345600,1.00001736096
211031,211038,214464,7,3426,2,36000,1.00204319907
211086,211093,211254,7,161,2,960,1.04347826087
211210,211216,214680,6,3464,2,36000,1.00173210162
211355,211361,214875,6,3514,2,36000,1.00170745589
211356,211367,214425,11,3058,2,36000,1.0035971223
211396,211402,214834,6,3432,2,36000,1.00174825175
211397,211408,214948,11,3540,2,36000,1.00310734463
211522,211528,218138,6,6610,1,36000,1.00090771558
211597,211603,211613,6,10,4,108000,1.6
211706,211712,214950,6,3238,2,36000,1.00185299568
211742,211749,215043,7,3294,2,36000,1.0021250759
211839,211845,215560,6,3715,1,3600,1.00161507402
211840,211851,214860,11,3009,2,36000,1.00365569957
211841,211857,215124,16,3267,2,36000,1.00489745944
211944,211950,215657,6,3707,2,36000,1.00161855948
211952,211958,216451,6,4493,1,36000,1.00133541064
211999,212006,225955,7,13949,4,108000,1.00050182809
212081,212087,215522,6,3435,2,36000,1.00174672489
212204,212210,216034,6,3824,2,36000,1.00156903766
212254,212260,221223,6,8963,1,18000,1.00066941872
212264,212270,215592,6,3322,2,36000,1.00180614088
212355,212361,426665,6,214304,1,234000,1.00002799761
212374,212380,215691,6,3311,2,36000,1.00181214135
212527,212533,215849,6,3316,2,36000,1.00180940893
212588,212595,212693,7,98,2,960,1.07142857143
212615,212621,215927,6,3306,2,36000,1.00181488203
212667,212673,215907,6,3234,2,36000,1.00185528757
212690,212696,216082,6,3386,2,36000,1.00177200236
212753,212759,216076,6,3317,2,36000,1.00180886343
212774,212780,216222,6,3442,2,36000,1.00174317257
213009,213016,216139,7,3123,2,36000,1.00224143452
213038,213044,216798,6,3754,2,36000,1.00159829515
213202,213208,216493,6,3285,2,36000,1.00182648402
213343,213350,216697,7,3347,2,36000,1.00209142516
213353,213359,213449,6,90,2,960,1.06666666667
213543,213549,213620,6,71,2,960,1.08450704225
213701,213707,217184,6,3477,2,36000,1.00172562554
213921,213927,217445,6,3518,2,36000,1.0017055145
213956,213962,217601,6,3639,2,36000,1.00164880462
214114,214120,217310,6,3190,2,36000,1.00188087774
214115,214126,217443,11,3317,2,36000,1.00331624962
214275,214281,217382,6,3101,2,36000,1.00193485972
214276,214287,217812,11,3525,2,36000,1.00312056738
214428,214434,217648,6,3214,2,36000,1.00186683261
214468,214475,217870,7,3395,2,36000,1.00206185567
214579,214585,214652,6,67,2,960,1.08955223881
214695,214701,217885,6,3184,2,36000,1.00188442211
214845,214852,218345,7,3493,2,36000,1.00200400802
214866,214872,218249,6,3377,2,36000,1.0017767249
214886,214893,218415,7,3522,2,36000,1.0019875071
214898,214904,348093,6,133189,2,172800,1.00004504877
214951,214957,218337,6,3380,2,36000,1.00177514793
214953,214963,218219,10,3256,2,36000,1.00307125307
215051,215057,218571,6,3514,2,36000,1.00170745589
215125,215131,218308,6,3177,2,36000,1.00188857413
215191,215197,229742,6,14545,4,43200,1.00041251289
215318,215324,229742,6,14418,4,43200,1.00041614648
215530,215537,219063,7,3526,2,36000,1.00198525241
215565,215572,221024,7,5452,1,5400,1.0012839325
215601,215608,218766,7,3158,2,36000,1.00221659278
215666,215673,218794,7,3121,2,36000,1.00224287087
215696,215702,229293,6,13591,1,86400,1.00044146862
215706,215712,219013,6,3301,2,36000,1.00181763102
215853,215859,219029,6,3170,2,36000,1.00189274448
215892,215898,229319,6,13421,1,86400,1.00044706058
215916,215922,272656,6,56734,2,180000,1.00010575669
215925,215931,221613,6,5682,2,36000,1.00105596621
215945,215951,219333,6,3382,2,36000,1.00177409817
216053,216059,219413,6,3354,2,36000,1.00178890877
216090,216096,219853,6,3757,2,36000,1.0015970189
216091,216102,219804,11,3702,2,36000,1.00297136683
216161,216167,219738,6,3571,2,36000,1.00168020162
216226,216232,219681,6,3449,2,36000,1.00173963468
216327,216334,216396,7,62,2,960,1.11290322581
216498,216504,219609,6,3105,2,36000,1.00193236715
216699,216705,219831,6,3126,2,36000,1.0019193858
216801,216807,220320,6,3513,2,36000,1.00170794193
216928,216934,216985,6,51,2,960,1.11764705882
217104,217111,218052,7,941,2,960,1.00743889479
217200,217206,220399,6,3193,2,36000,1.00187911055
217329,217335,220803,6,3468,2,36000,1.00173010381
217438,217445,220968,7,3523,2,36000,1.00198694295
217465,217471,220674,6,3203,2,36000,1.00187324383
217466,217477,220607,11,3130,2,36000,1.003514377
217596,217602,217606,6,4,2,36000,1.0
217603,217609,221030,6,3421,2,36000,1.00175387314
217625,217631,217977,6,346,1,36000,1.01734104046
217653,217659,221029,6,3370,2,36000,1.00178041543
217792,217798,218546,6,748,2,960,1.00802139037
217816,217822,221230,6,3408,2,36000,1.00176056338
217817,217828,217943,11,115,2,4440,1.09565217391
217872,217879,217894,7,15,1,36000,1.46666666667
217879,217885,221048,6,3163,2,36000,1.00189693329
217880,217891,217977,11,86,1,36000,1.12790697674
217902,217908,221246,6,3338,2,36000,1.00179748352
218027,218033,218246,6,213,1,36000,1.02816901408
218048,218054,218334,6,280,1,36000,1.02142857143
218232,218238,221604,6,3366,2,36000,1.00178253119
218258,218264,221527,6,3263,2,36000,1.00183879865
218313,218319,221751,6,3432,2,36000,1.00174825175
218314,218325,223152,11,4827,1,36000,1.00227884815
218347,218358,221654,11,3296,2,36000,1.00333737864
218347,218353,218453,6,100,1,36000,1.06
218349,218364,221848,15,3484,2,36000,1.0043053961
218416,218422,222024,6,3602,2,36000,1.00166574125
218513,218519,218619,6,100,1,36000,1.06
218570,218576,222073,6,3497,2,36000,1.00171575636
218582,218589,403629,7,185040,6,324000,1.00003782966
218659,218665,222181,6,3516,1,36000,1.00170648464
218672,218678,219355,6,677,2,960,1.00886262925
218765,218772,221991,7,3219,2,36000,1.00217458838
218794,218800,222128,6,3328,2,36000,1.00180288462
219017,219023,222555,6,3532,2,36000,1.00169875425
219045,219051,222547,6,3496,2,36000,1.00171624714
219117,219123,222281,6,3158,2,36000,1.00189993667
219341,219347,222677,6,3330,2,36000,1.0018018018
219425,219431,222515,6,3084,2,36000,1.00194552529
219564,219570,219810,6,240,2,960,1.025
219630,219636,223106,6,3470,2,36000,1.00172910663
219691,219697,223238,6,3541,2,36000,1.0016944366
219751,219757,223194,6,3437,2,36000,1.00174570847
219815,219821,223248,6,3427,2,36000,1.00175080245
219840,219846,223251,6,3405,2,36000,1.00176211454
219862,219868,223023,6,3155,2,36000,1.00190174326
220325,220331,223720,6,3389,2,36000,1.00177043376
220403,220409,223515,6,3106,2,36000,1.00193174501
220615,220621,223978,6,3357,2,36000,1.0017873101
220678,220684,224091,6,3407,2,36000,1.00176108013
220805,220811,224034,6,3223,2,36000,1.00186161961
220991,220997,224342,6,3345,2,36000,1.00179372197
221035,221041,222766,6,1725,1,1800,1.00347826087
221039,221047,224560,8,3513,2,36000,1.00227725591
221040,221052,224319,12,3267,2,36000,1.00367309458
221061,221067,224334,6,3267,2,36000,1.00183654729
221234,221240,224391,6,3151,2,36000,1.00190415741
221257,221264,224749,7,3485,2,36000,1.00200860832
221528,221534,224927,6,3393,2,36000,1.0017683466
221623,221629,224834,6,3205,2,36000,1.00187207488
221624,221635,224981,11,3346,2,36000,1.00328750747
221679,221685,224895,6,3210,2,36000,1.00186915888
221731,221737,280310,6,58573,1,86400,1.00010243628
221749,221755,225370,6,3615,2,36000,1.00165975104
221772,221778,255987,6,34209,1,86400,1.00017539244
221849,221855,225353,6,3498,2,36000,1.00171526587
221993,221999,225521,6,3522,2,36000,1.00170357751
222026,222032,225647,6,3615,2,36000,1.00165975104
222118,222125,225086,7,2961,2,36000,1.00236406619
222137,222292,224975,155,2683,48,86400,1.0577711517
222146,222152,225419,6,3267,2,36000,1.00183654729
222294,222301,226006,7,3705,2,36000,1.00188933873
222298,222527,222770,229,243,2,960,1.94238683128
222415,222533,223057,118,524,1,1200,1.22519083969
222526,222539,225943,13,3404,2,36000,1.00381903643
222556,222562,225894,6,3332,2,36000,1.00180072029
222558,222568,225610,10,3042,2,36000,1.00328731098
222593,222694,223155,101,461,1,36000,1.21908893709
222682,222688,225809,6,3121,2,36000,1.00192246075
223023,223029,226306,6,3277,2,36000,1.00183094294
223111,223117,226724,6,3607,2,36000,1.00166343222
223202,223208,226630,6,3422,2,36000,1.00175336061
223247,223253,226864,6,3611,2,36000,1.00166158959
223270,223276,226939,6,3663,2,36000,1.00163800164
223271,223282,226795,11,3513,2,36000,1.00313122687
223338,223344,225007,6,1663,1,3600,1.00360793746
223422,223428,224069,6,641,1,600,1.00936037441
223455,223462,229978,7,6516,1,36000,1.0010742787
223491,223498,229980,7,6482,1,36000,1.00107991361
223519,223525,226930,6,3405,2,36000,1.00176211454
223545,223551,223801,6,250,2,960,1.024
223726,223731,226953,5,3222,2,36000,1.00155183116
223799,223805,223913,6,108,1,900,1.05555555556
223803,223813,224691,10,878,2,960,1.01138952164
223986,223992,227533,6,3541,2,36000,1.0016944366
223997,224003,274980,6,50977,1,86400,1.00011770014
224038,224051,224054,13,3,2,7200,1.6
224047,224057,227418,10,3361,2,36000,1.00297530497
224051,224066,289356,15,65290,1,86400,1.00022974422
224091,224099,227558,8,3459,2,36000,1.00231280717
224241,224703,225044,462,341,14,3960,2.35483870968
224322,224328,227782,6,3454,2,36000,1.00173711639
224342,224348,227603,6,3255,2,36000,1.00184331797
224343,224354,227705,11,3351,2,36000,1.00328260221
224396,224402,227564,6,3162,2,36000,1.00189753321
224412,224986,228590,574,3604,12,21600,1.15926748058
224535,224940,225044,405,104,2,7200,4.89423076923
224592,224598,227878,6,3280,2,36000,1.00182926829
224690,224848,224859,158,11,1,900,15.3636363636
224694,224762,225628,68,866,2,960,1.07852193995
224757,224768,228234,11,3466,2,36000,1.00317368725
224843,224854,228236,11,3382,2,36000,1.00325251331
224893,224900,228227,7,3327,2,36000,1.0021039976
224927,224933,228093,6,3160,2,36000,1.00189873418
224982,224992,228382,10,3390,2,36000,1.00294985251
225007,225017,227530,10,2513,1,86400,1.0039793076
225010,225023,226540,13,1517,1,3600,1.00856954515
225046,225052,227536,6,2484,1,86400,1.00241545894
225065,225071,225081,6,10,2,7200,1.6
225092,225098,228460,6,3362,2,36000,1.00178465199
225229,225235,225583,6,348,14,960,1.01724137931
225233,225241,225394,8,153,1,1800,1.0522875817
225249,225255,230162,6,4907,1,36000,1.00122274302
225344,225350,225361,6,11,2,7200,1.54545454545
225362,225368,228607,6,3239,2,36000,1.00185242359
225384,225391,228506,7,3115,2,36000,1.00224719101
225434,225441,228863,7,3422,2,36000,1.00204558738
225479,225485,225564,6,79,4,1800,1.07594936709
225530,225536,228888,6,3352,2,36000,1.00178997613
225575,225581,225700,6,119,1,900,1.05042016807
225582,225588,226580,6,992,14,960,1.0060483871
225616,225622,229194,6,3572,2,36000,1.00167973124
225628,225634,226005,6,371,1,900,1.01617250674
225634,225640,226574,6,934,2,960,1.00642398287
225648,225654,226372,6,718,4,1800,1.00835654596
225653,225660,229110,7,3450,2,36000,1.00202898551
225814,225820,229085,6,3265,2,36000,1.00183767228
225852,225859,232176,7,6317,4,108000,1.00110812094
225857,225865,240716,8,14851,16,172800,1.00053868426
225897,225904,229407,7,3503,2,36000,1.00199828718
225966,225972,229359,6,3387,2,36000,1.00177147919
225970,225978,390317,8,164339,2,172800,1.00004867986
226020,226027,229232,7,3205,2,36000,1.00218408736
226144,226591,349776,447,123185,16,259200,1.00362868856
226144,226547,263154,403,36607,16,172800,1.01100882345
226341,226347,229483,6,3136,2,36000,1.00191326531
226582,227549,424180,967,196631,16,345600,1.00491784103
226634,226641,229975,7,3334,2,36000,1.00209958008
226642,226812,288568,170,61756,1,86400,1.00275276896
226714,226720,226895,6,175,1,3600,1.03428571429
226753,226759,230268,6,3509,2,36000,1.00170988886
226771,226778,230397,7,3619,1,3600,1.00193423598
226781,226788,227574,7,786,1,3600,1.00890585242
226794,226806,227880,12,1074,1,3600,1.01117318436
226813,226819,230165,6,3346,2,36000,1.00179318589
226819,226826,227057,7,231,2,2400,1.0303030303
226833,228740,487991,1907,259251,8,259200,1.00735580576
226875,226881,229985,6,3104,2,36000,1.00193298969
226909,226915,230646,6,3731,1,3600,1.00160814795
226947,226953,230403,6,3450,2,36000,1.00173913043
226948,226960,230301,12,3341,2,36000,1.003591739
226971,226977,230388,6,3411,2,36000,1.00175901495
227020,228602,228728,1582,126,16,172800,13.5555555556
227305,227579,227587,274,8,2,7200,28.2
227446,227453,231085,7,3632,2,36000,1.00192731278
227560,227566,231097,6,3531,2,36000,1.00169923534
227561,227598,228077,37,479,2,7200,1.07724425887
227562,227574,230703,12,3129,2,36000,1.00383509108
227593,227604,230872,11,3268,2,36000,1.00336597307
227631,227637,231030,6,3393,2,36000,1.0017683466
227721,227727,230808,6,3081,2,36000,1.00194741967
227786,227793,230984,7,3191,2,36000,1.0021936697
227920,227927,231489,7,3562,2,36000,1.0019651881
227988,228227,280460,239,52233,1,86400,1.00457565141
228005,228233,283159,228,54926,1,86400,1.00415103958
228229,228240,231627,11,3387,2,36000,1.00324771184
228231,228245,231603,14,3358,2,36000,1.0041691483
228253,228746,266928,493,38182,10,57600,1.01291184328
228258,228265,231662,7,3397,2,36000,1.00206064174
228259,228271,231608,12,3337,2,36000,1.00359604435
228284,228291,228878,7,587,2,7200,1.01192504259
228407,228413,231814,6,3401,2,36000,1.001764187
228479,228486,231736,7,3250,2,36000,1.00215384615
228547,228553,231773,6,3220,2,7200,1.00186335404
228605,228611,231795,6,3184,2,36000,1.00188442211
228625,228631,232241,6,3610,2,36000,1.00166204986
228830,228836,232747,6,3911,2,14400,1.00153413449
228868,228874,232213,6,3339,2,36000,1.00179694519
228891,228898,232031,7,3133,2,36000,1.00223428024
228898,228904,230176,6,1272,2,3600,1.00471698113
229035,229041,231417,6,2376,2,14400,1.00252525253
229086,229092,232142,6,3050,2,36000,1.00196721311
229110,229116,232609,6,3493,2,36000,1.00171772116
229193,229199,232145,6,2946,2,36000,1.00203665988
229233,229239,232616,6,3377,2,36000,1.0017767249
229363,229369,232607,6,3238,2,36000,1.00185299568
229408,229414,232962,6,3548,2,36000,1.00169109357
229490,229496,232581,6,3085,2,36000,1.00194489465
229582,229588,246325,6,16737,2,43200,1.00035848718
229710,230654,230659,944,5,16,300,94.9
229979,229985,233315,6,3330,2,36000,1.0018018018
229994,230000,233532,6,3532,2,36000,1.00169875425
230137,230399,230401,262,2,2,7200,26.4
230168,230175,233548,7,3373,2,36000,1.00207530388
230203,230209,230266,6,57,1,36000,1.10526315789
230271,230277,233864,6,3587,2,36000,1.001672707
230299,230305,233518,6,3213,2,36000,1.00186741363
230374,230670,230716,296,46,16,3600,7.4347826087
230387,230394,230476,7,82,1,36000,1.08536585366
230389,230406,233671,17,3265,2,36000,1.00520673813
230405,230414,233641,9,3227,2,36000,1.00278896808
230427,230433,230436,6,3,2,7200,1.0
230705,230711,234108,6,3397,2,36000,1.00176626435
230718,230727,231015,9,288,14,960,1.03125
230737,230743,230751,6,8,1,7200,1.4
230811,230817,234098,6,3281,2,36000,1.00182871076
230818,231042,231045,224,3,4,300,22.7
230834,231037,231039,203,2,1,7200,20.5
230872,230878,234534,6,3656,2,36000,1.00164113786
230897,231031,231033,134,2,2,14400,13.6
230986,230992,234673,6,3681,2,36000,1.00162999185
231015,231026,231156,11,130,1,36000,1.08461538462
231033,231048,234489,15,3441,2,36000,1.00435919791
231087,231093,234869,6,3776,2,36000,1.00158898305
231093,231099,231143,6,44,8,1800,1.13636363636
231103,231108,234593,5,3485,2,36000,1.00143472023
231155,231161,233175,6,2014,1,36000,1.00297914598
231172,231178,231181,6,3,2,14400,1.0
231347,231353,231370,6,17,4,300,1.35294117647
231475,231481,231503,6,22,4,300,1.27272727273
231488,231494,234655,6,3161,2,36000,1.0018981335
231606,231612,235096,6,3484,2,36000,1.00172215844
231622,231628,234911,6,3283,2,36000,1.00182759671
231638,231644,235125,6,3481,2,36000,1.00172364263
231663,231669,235274,6,3605,2,36000,1.00166435506
231735,231742,235138,7,3396,2,36000,1.00206124853
231753,232187,232210,434,23,4,60,19.8695652174
231783,231789,235503,6,3714,1,3600,1.00161550889
231797,231803,235222,6,3419,2,36000,1.00175489909
231812,231818,235451,6,3633,2,36000,1.00165152766
231817,232045,232047,228,2,2,7200,23.0
231997,232156,232221,159,65,1,36000,3.44615384615
232031,232997,233374,966,377,14,960,3.56233421751
232032,232038,235256,6,3218,2,36000,1.00186451212
232111,232117,232119,6,2,2,7200,1.0
232143,232149,235485,6,3336,2,36000,1.00179856115
232144,232161,235352,17,3191,2,36000,1.00532748355
232215,232221,235650,6,3429,2,36000,1.00174978128
232242,232248,235766,6,3518,2,36000,1.0017055145
232258,232264,232288,6,24,4,60,1.25
232308,232314,232404,6,90,1,36000,1.06666666667
232375,232415,232436,40,21,4,60,2.90476190476
232481,232487,232534,6,47,1,36000,1.12765957447
232536,232542,232543,6,1,2,7200,1.0
232582,232589,236013,7,3424,2,36000,1.00204439252
232604,232610,232986,6,376,1,36000,1.01595744681
232607,232616,235927,9,3311,2,36000,1.00271821202
232608,232622,236242,14,3620,2,36000,1.00386740331
232624,232631,235747,7,3116,2,36000,1.00224646983
232648,232654,232679,6,25,4,60,1.24
232762,233390,233393,628,3,2,14400,63.1
232961,232967,236210,6,3243,2,36000,1.00185013876
232999,233186,236167,187,2981,1,36000,1.06273062731
233073,233385,236169,312,2784,1,36000,1.11206896552
233110,233401,233828,291,427,4,1800,1.68149882904
233193,233406,233408,213,2,4,28800,21.5
233317,233323,236600,6,3277,2,36000,1.00183094294
233374,233396,233401,22,5,1,900,2.7
233385,233839,234780,454,941,14,960,1.48246546227
233447,233845,233864,398,19,1,172800,21.9473684211
233520,233526,236653,6,3127,2,36000,1.00191877199
233535,233541,237209,6,3668,2,36000,1.00163576881
233550,233556,236947,6,3391,2,36000,1.00176938956
233615,233875,234354,260,479,2,14400,1.54279749478
233640,234792,234793,1152,1,4,28800,115.3
233642,233648,236858,6,3210,2,36000,1.00186915888
233672,233678,237319,6,3641,2,36000,1.00164789893
233736,234672,247461,936,12789,2,43200,1.07318789585
233861,233867,237115,6,3248,2,36000,1.00184729064
233993,234124,234651,131,527,2,7200,1.24857685009
234033,234606,234995,573,389,1,1800,2.47300771208
234098,234104,237274,6,3170,2,36000,1.00189274448
234113,234119,237900,6,3781,2,36000,1.00158688178
234198,234365,235260,167,895,2,7200,1.18659217877
234491,234497,237747,6,3250,2,36000,1.00184615385
234534,234541,237785,7,3244,2,36000,1.00215782984
234542,234666,235557,124,891,2,14400,1.1391694725
234592,234599,237805,7,3206,2,36000,1.00218340611
234654,234660,237784,6,3124,2,36000,1.0019206146
234672,234678,238129,6,3451,2,36000,1.00173862649
234838,234844,235137,6,293,2,14400,1.0204778157
234869,234876,238374,7,3498,2,36000,1.00200114351
234913,234919,238195,6,3276,2,36000,1.00183150183
235095,235101,238431,6,3330,2,36000,1.0018018018
235123,235129,238434,6,3305,2,36000,1.00181543116
235138,235144,238463,6,3319,2,36000,1.00180777343
235205,235211,235258,6,47,8,1800,1.12765957447
235216,235222,235259,6,37,2,1800,1.16216216216
235223,235230,238346,7,3116,2,36000,1.00224646983
235233,235239,235286,6,47,1,900,1.12765957447
235245,235252,235298,7,46,1,1800,1.15217391304
235257,235263,238357,6,3094,2,36000,1.00193923723
235275,235281,238468,6,3187,2,36000,1.00188264826
235352,235358,238504,6,3146,2,36000,1.00190718373
235357,235568,235826,211,258,14,1980,1.81782945736
235452,235458,238981,6,3523,2,36000,1.00170309395
235485,235492,238993,7,3501,2,36000,1.00199942873
235502,235837,235839,335,2,4,28800,33.7
235648,235654,238849,6,3195,2,36000,1.00187793427
235745,235751,238934,6,3183,2,36000,1.00188501414
235766,235773,238871,7,3098,2,36000,1.00225952227
235824,235830,235837,6,7,1,900,1.3
235834,235850,236785,16,935,14,1980,1.01711229947
235854,236796,237191,942,395,8,1200,3.38481012658
235928,235934,239074,6,3140,2,36000,1.00191082803
236012,236018,239179,6,3161,2,36000,1.0018981335
236210,236216,239248,6,3032,2,36000,1.00197889182
236222,236229,272274,7,36045,1,36000,1.00019420169
236243,236249,239878,6,3629,2,36000,1.00165334803
236246,236255,272290,9,36035,1,36000,1.00024975718
236364,236801,237202,437,401,2,7200,2.0897755611
236602,236611,240298,9,3687,2,36000,1.00244100895
236653,236659,240130,6,3471,2,36000,1.00172860847
236669,236807,236983,138,176,2,7200,1.78409090909
236857,236863,240160,6,3297,2,36000,1.00181983621
236949,236955,240236,6,3281,2,36000,1.00182871076
236960,236994,237958,34,964,2,14400,1.03526970954
237115,237121,240409,6,3288,2,36000,1.00182481752
237155,237203,237493,48,290,2,14400,1.16551724138
237209,237215,240475,6,3260,2,36000,1.0018404908
237276,237282,240482,6,3200,2,36000,1.001875
237322,237328,240597,6,3269,2,36000,1.00183542368
237748,237754,240915,6,3161,2,36000,1.0018981335
237784,237790,241011,6,3221,2,36000,1.00186277554
237785,237796,241050,11,3254,2,36000,1.00338045482
237807,237813,241553,6,3740,2,36000,1.00160427807
237901,237907,241600,6,3693,2,36000,1.00162469537
238131,238137,241266,6,3129,2,36000,1.00191754554
238198,238203,241253,5,3050,2,36000,1.00163934426
238346,238352,241781,6,3429,2,36000,1.00174978128
238362,238368,241839,6,3471,2,36000,1.00172860847
238377,238383,241722,6,3339,2,36000,1.00179694519
238433,238439,241925,6,3486,2,36000,1.0017211704
238434,238445,241797,11,3352,2,36000,1.00328162291
238462,238469,241958,7,3489,2,36000,1.00200630553
238477,238484,241683,7,3199,2,36000,1.00218818381
238505,238511,241581,6,3070,2,36000,1.00195439739
238851,238857,242331,6,3474,2,36000,1.00172711572
238872,238879,242249,7,3370,2,36000,1.00207715134
238934,238940,242067,6,3127,2,36000,1.00191877199
238984,238990,242182,6,3192,2,36000,1.00187969925
238999,239005,242117,6,3112,2,36000,1.00192802057
239076,239082,242536,6,3454,2,36000,1.00173711639
239179,239186,242393,7,3207,2,36000,1.00218272529
239247,239252,242607,5,3355,2,36000,1.00149031297
239880,239886,243184,6,3298,2,36000,1.00181928441
240131,240137,243524,6,3387,2,36000,1.00177147919
240159,240165,243250,6,3085,2,36000,1.00194489465
240235,240241,243635,6,3394,2,36000,1.00176782557
240301,240307,243525,6,3218,2,36000,1.00186451212
240408,240414,243432,6,3018,2,36000,1.00198807157
240475,240481,243591,6,3110,2,36000,1.00192926045
240490,240496,243912,6,3416,2,36000,1.00175644028
240596,240602,244080,6,3478,2,36000,1.00172512938
240919,240925,244037,6,3112,2,36000,1.00192802057
241011,241017,244360,6,3343,2,36000,1.00179479509
241052,241058,244439,6,3381,2,36000,1.00177462289
241256,241262,244635,6,3373,2,36000,1.0017788319
241271,241277,246222,6,4945,2,36000,1.00121334681
241553,241559,245128,6,3569,2,36000,1.00168114318
241581,241587,244736,6,3149,2,36000,1.00190536678
241602,241608,245118,6,3510,2,36000,1.00170940171
241682,241688,245130,6,3442,2,36000,1.00174317257
241722,241728,245240,6,3512,2,36000,1.00170842825
241782,241788,245247,6,3459,2,36000,1.00173460538
241800,241806,244857,6,3051,2,36000,1.00196656834
241841,241847,245434,6,3587,2,36000,1.001672707
241926,241932,245198,6,3266,2,36000,1.00183710961
241963,241969,245566,6,3597,2,36000,1.00166805671
242066,242073,245340,7,3267,2,36000,1.00214263851
242115,242122,245722,7,3600,2,36000,1.00194444444
242183,242188,245700,5,3512,2,36000,1.00142369021
242250,242255,245658,5,3403,2,36000,1.0014692918
242332,242338,245523,6,3185,2,36000,1.00188383046
242392,242399,245421,7,3022,2,36000,1.00231634679
242538,242544,245410,6,2866,2,36000,1.00209351012
242608,242614,246374,6,3760,2,36000,1.00159574468
243184,243191,246473,7,3282,2,36000,1.00213284583
243251,243257,246534,6,3277,2,36000,1.00183094294
243433,243439,246864,6,3425,2,36000,1.00175182482
243524,243530,246955,6,3425,2,36000,1.00175182482
243525,243536,247117,11,3581,2,36000,1.00307176766
243592,243598,246733,6,3135,2,36000,1.0019138756
243635,243641,247096,6,3455,2,36000,1.0017366136
243912,243919,247278,7,3359,2,36000,1.00208395356
244037,244043,247298,6,3255,2,36000,1.00184331797
244079,244085,247500,6,3415,2,36000,1.00175695461
244360,244366,247856,6,3490,2,36000,1.00171919771
244441,244448,247625,7,3177,2,36000,1.00220333648
244636,244642,247613,6,2971,2,36000,1.00201952205
244736,244742,248113,6,3371,2,36000,1.00177988727
244854,244860,248412,6,3552,2,36000,1.00168918919
245118,245124,248386,6,3262,2,36000,1.00183936235
245133,245139,248423,6,3284,2,36000,1.00182704019
245134,245145,248498,11,3353,2,36000,1.0032806442
245198,245204,248677,6,3473,2,36000,1.00172761301
245241,245247,248527,6,3280,2,36000,1.00182926829
245256,245262,248478,6,3216,2,36000,1.00186567164
245342,245348,248667,6,3319,2,36000,1.00180777343
245410,245416,248727,6,3311,2,36000,1.00181214135
245425,245431,248854,6,3423,2,36000,1.00175284838
245440,245446,248577,6,3131,2,36000,1.00191632066
245522,245528,249169,6,3641,2,36000,1.00164789893
245565,245571,249224,6,3653,2,36000,1.00164248563
245657,245663,249272,6,3609,2,36000,1.00166251039
245703,245709,249282,6,3573,2,36000,1.00167926113
245721,245727,249260,6,3533,2,36000,1.00169827342
245779,245785,245786,6,1,2,3540,1.0
246222,246228,249744,6,3516,2,36000,1.00170648464
246374,246380,250245,6,3865,2,36000,1.00155239327
246475,246481,249528,6,3047,2,36000,1.00196914998
246533,246539,250528,6,3989,2,36000,1.00150413638
246732,246739,249793,7,3054,2,36000,1.00229207597
246865,246871,250341,6,3470,2,36000,1.00172910663
246957,246963,250381,6,3418,2,36000,1.00175541252
247096,247102,250745,6,3643,2,36000,1.00164699424
247117,247123,250284,6,3161,2,36000,1.0018981335
247278,247284,250473,6,3189,2,36000,1.00188146754
247299,247305,250527,6,3222,2,36000,1.00186219739
247463,247469,247514,6,45,1,900,1.13333333333
247500,247506,250863,6,3357,2,36000,1.0017873101
247616,247622,251002,6,3380,2,36000,1.00177514793
247631,247637,250920,6,3283,2,36000,1.00182759671
247817,247824,247880,7,56,4,900,1.125
247851,247857,250915,6,3058,2,36000,1.00196206671
248114,248120,251396,6,3276,2,36000,1.00183150183
248387,248393,251612,6,3219,2,36000,1.0018639329
248411,248418,251908,7,3490,2,36000,1.00200573066
248426,248432,251748,6,3316,2,36000,1.00180940893
248480,248486,251656,6,3170,2,36000,1.00189274448
248498,248504,251874,6,3370,2,36000,1.00178041543
248528,248534,252221,6,3687,2,36000,1.0016273393
248577,248583,251859,6,3276,2,36000,1.00183150183
248609,248616,249532,7,916,4,900,1.0076419214
248666,248672,252131,6,3459,2,36000,1.00173460538
248681,248687,252249,6,3562,2,36000,1.00168444694
248726,248732,251883,6,3151,2,36000,1.00190415741
248856,248862,252051,6,3189,2,36000,1.00188146754
249169,249175,252557,6,3382,2,36000,1.00177409817
249224,249230,252534,6,3304,2,36000,1.00181598063
249263,249269,252684,6,3415,2,36000,1.00175695461
249278,249284,252774,6,3490,2,36000,1.00171919771
249293,249299,252506,6,3207,2,36000,1.00187090739
249530,249536,253029,6,3493,2,36000,1.00171772116
249744,249751,253113,7,3362,2,36000,1.00208209399
249793,249800,253250,7,3450,2,36000,1.00202898551
250249,250255,253715,6,3460,2,36000,1.00173410405
250285,250292,253638,7,3346,2,36000,1.00209205021
250341,250347,253605,6,3258,2,36000,1.00184162063
250380,250386,253530,6,3144,2,36000,1.00190839695
250474,250480,253586,6,3106,2,36000,1.00193174501
250529,250535,253761,6,3226,2,36000,1.00185988841
250530,250541,254072,11,3531,2,36000,1.0031152648
250646,250652,250694,6,42,1,1800,1.14285714286
250659,250665,251236,6,571,1,1800,1.01050788091
250689,250695,250733,6,38,2,1800,1.15789473684
250702,250744,250795,42,51,4,1800,1.82352941176
250711,251275,251320,564,45,8,1800,13.5333333333
250722,251669,251717,947,48,16,3600,20.7291666667
250742,250812,251264,70,452,1,7200,1.15486725664
250746,250752,253975,6,3223,2,36000,1.00186161961
250752,250817,253542,65,2725,1,3600,1.02385321101
250765,250874,250923,109,49,1,3600,3.22448979592
250780,250806,251326,26,520,2,2400,1.05
250862,250868,254216,6,3348,2,36000,1.0017921147
250914,250920,253895,6,2975,2,36000,1.00201680672
250929,250935,254183,6,3248,2,36000,1.00184729064
251002,251009,254570,7,3561,2,36000,1.00196573996
251396,251402,254738,6,3336,2,36000,1.00179856115
251611,251617,255003,6,3386,2,36000,1.00177200236
251656,251663,254890,7,3227,2,36000,1.0021691974
251747,251754,254936,7,3182,2,36000,1.00219987429
251860,251866,255050,6,3184,2,36000,1.00188442211
251875,251881,255191,6,3310,2,36000,1.00181268882
251890,251895,255363,5,3468,2,36000,1.00144175317
251908,251914,255127,6,3213,2,36000,1.00186741363
252053,252059,255843,6,3784,2,36000,1.00158562368
252132,252138,255550,6,3412,2,36000,1.00175849941
252223,252229,255513,6,3284,2,36000,1.00182704019
252247,252254,255748,7,3494,2,36000,1.00200343446
252505,252511,255841,6,3330,2,36000,1.0018018018
252536,252542,255743,6,3201,2,36000,1.00187441425
252560,252566,255533,6,2967,2,36000,1.00202224469
252682,252688,256327,6,3639,2,36000,1.00164880462
252773,252779,255970,6,3191,2,36000,1.00188028831
253031,253037,256216,6,3179,2,36000,1.00188738597
253113,253120,256285,7,3165,2,36000,1.00221169036
253252,253258,256624,6,3366,2,36000,1.00178253119
253372,253379,256932,7,3553,2,36000,1.00197016606
253374,253385,256820,11,3435,2,36000,1.00320232897
253375,253390,256954,15,3564,2,36000,1.00420875421
253377,253395,256921,18,3526,2,36000,1.00510493477
253378,253401,256773,23,3372,2,36000,1.00682087782
253379,253406,256732,27,3326,2,36000,1.00811785929
253381,253412,256878,31,3466,2,36000,1.0089440277
253382,253417,256440,35,3023,2,36000,1.01157790275
253383,253423,256662,40,3239,2,36000,1.01234949058
253385,253428,256830,43,3402,2,36000,1.01263962375
253426,253434,256638,8,3204,2,36000,1.0024968789
253427,253439,256697,12,3258,2,36000,1.00368324125
253428,253444,256714,16,3270,2,36000,1.00489296636
253430,253451,256749,21,3298,2,36000,1.00636749545
253431,253456,256838,25,3382,2,36000,1.00739207569
253432,253462,256451,30,2989,2,36000,1.01003680161
253434,253467,256625,33,3158,2,36000,1.01044965168
253435,253472,256654,37,3182,2,36000,1.01162790698
253436,253477,256500,41,3023,2,36000,1.01356268607
253438,253482,256854,44,3372,2,36000,1.01304863582
253439,253488,256772,49,3284,2,36000,1.01492082826
253440,253493,256742,53,3249,2,36000,1.0163127116
253442,253498,257139,56,3641,2,36000,1.01538039
253443,253503,257135,60,3632,2,36000,1.01651982379
253444,253509,256632,65,3123,2,36000,1.02081332053
253446,253514,256746,68,3232,2,36000,1.02103960396
253447,253520,256997,73,3477,2,36000,1.02099511073
253448,253525,256886,77,3361,2,36000,1.02290984826
253450,253530,257471,80,3941,2,36000,1.02029941639
253451,253536,256794,85,3258,2,36000,1.02608962554
253452,253541,256936,89,3395,2,36000,1.02621502209
253453,253546,256863,93,3317,2,36000,1.02803738318
253455,253552,256953,97,3401,2,36000,1.02852102323
253456,253557,256735,101,3178,2,36000,1.03178099434
253457,253562,256779,105,3217,2,36000,1.03263910476
253459,253567,256792,108,3225,2,36000,1.03348837209
253460,253572,257001,112,3429,2,36000,1.03266258384
253462,253579,256717,117,3138,2,36000,1.03728489484
253463,253584,256823,121,3239,2,36000,1.03735720902
253464,253591,256827,127,3236,2,36000,1.03924598269
253529,253596,257269,67,3673,2,36000,1.01824121971
253588,253603,257091,15,3488,2,36000,1.00430045872
253606,253616,256704,10,3088,2,36000,1.00323834197
253637,253649,256685,12,3036,2,36000,1.00395256917
253715,253726,257324,11,3598,2,36000,1.00305725403
253761,253772,257414,11,3642,2,36000,1.00302031851
253765,254732,254779,967,47,1,1800,21.5744680851
253769,254737,254783,968,46,1,1800,22.0434782609
253775,254791,254827,1016,36,1,1800,29.2222222222
253780,254084,254121,304,37,2,1800,9.21621621622
253785,255139,255600,1354,461,4,1800,3.93709327549
253788,255544,255590,1756,46,8,1800,39.1739130435
253792,256188,256240,2396,52,16,3600,47.0769230769
253806,254798,260165,992,5367,1,7200,1.18483324017
253811,254839,257736,1028,2897,1,3600,1.35484984467
253816,254948,255869,1132,921,1,3600,2.22909880565
253823,254133,254720,310,587,2,2400,1.52810902896
253827,255602,256177,1775,575,4,1800,4.08695652174
253898,253907,257677,9,3770,2,36000,1.0023872679
253977,253987,257322,10,3335,2,36000,1.00299850075
254074,254195,258030,121,3835,2,36000,1.03155149935
254184,254228,257475,44,3247,2,36000,1.01355097013
254217,254581,258022,364,3441,2,36000,1.10578320256
254572,254750,257938,178,3188,2,36000,1.05583437892
254738,254902,257977,164,3075,2,36000,1.05333333333
254893,255015,258479,122,3464,2,36000,1.03521939954
254938,255760,258966,822,3206,2,36000,1.25639426076
255005,255852,259107,847,3255,2,36000,1.26021505376
255050,255859,258904,809,3045,2,36000,1.26568144499
255130,255881,259490,751,3609,2,36000,1.2080908839
255193,255981,259701,788,3720,2,36000,1.21182795699
255363,256228,259624,865,3396,2,36000,1.25471142521
255515,256251,259585,736,3334,2,36000,1.22075584883
255533,256257,259478,724,3221,2,36000,1.22477491462
255551,256262,259387,711,3125,2,36000,1.22752
255745,256267,259444,522,3177,2,36000,1.16430594901
255760,256272,259436,512,3164,2,36000,1.1618204804
255842,256277,259537,435,3260,2,36000,1.13343558282
255843,256283,259716,440,3433,2,36000,1.12816778328
255971,256288,259494,317,3206,2,36000,1.09887710543
256219,256296,259633,77,3337,2,36000,1.02307461792
256286,256338,259601,52,3263,2,36000,1.01593625498
256329,256454,259476,125,3022,2,36000,1.04136333554
256441,256462,259892,21,3430,2,36000,1.00612244898
256457,256511,259866,54,3355,2,36000,1.01609538003
256499,256635,260105,136,3470,2,36000,1.03919308357
256627,256641,260012,14,3371,2,36000,1.00415307031
256628,256647,260012,19,3365,2,36000,1.00564635958
256644,256653,259856,9,3203,2,36000,1.00280986575
256645,256665,259976,20,3311,2,36000,1.00604047116
256661,256674,259865,13,3191,2,36000,1.00407395801
256676,256696,259935,20,3239,2,36000,1.00617474529
256691,256708,260051,17,3343,2,36000,1.00508525277
256706,256715,260113,9,3398,2,36000,1.00264861683
256708,256725,260014,17,3289,2,36000,1.0051687443
256723,256731,259902,8,3171,2,36000,1.00252286345
256724,256743,260166,19,3423,2,36000,1.00555068653
256740,256749,260392,9,3643,2,36000,1.00247049135
256741,256756,259900,15,3144,2,36000,1.00477099237
256743,256762,260193,19,3431,2,36000,1.0055377441
256758,256768,260271,10,3503,2,36000,1.00285469597
256760,256783,260108,23,3325,2,36000,1.00691729323
256775,256789,260408,14,3619,2,36000,1.00386847195
256776,256795,260044,19,3249,2,36000,1.00584795322
256792,256804,260283,12,3479,2,36000,1.00344926703
256794,256810,259912,16,3102,2,36000,1.0051579626
256795,256832,260510,37,3678,2,36000,1.01005981512
256823,256838,260067,15,3229,2,36000,1.00464540105
256824,256844,260450,20,3606,2,36000,1.0055463117
256840,256850,260150,10,3300,2,36000,1.00303030303
256841,256856,260144,15,3288,2,36000,1.0045620438
256842,256866,260049,24,3183,2,36000,1.00754005655
256857,256874,260335,17,3461,2,36000,1.00491187518
256872,256889,260365,17,3476,2,36000,1.00489067894
256887,256898,260228,11,3330,2,36000,1.0033033033
256889,256933,259999,44,3066,2,36000,1.01435094586
256922,256943,260406,21,3463,2,36000,1.00606410627
256938,256950,260375,12,3425,2,36000,1.00350364964
256939,256964,260315,25,3351,2,36000,1.00746045956
256954,256970,260468,16,3498,2,36000,1.00457404231
256956,257008,260222,52,3214,2,36000,1.01617921593
256998,257015,259983,17,2968,2,36000,1.0057277628
257013,257102,260239,89,3137,2,36000,1.02837105515
257092,257146,260439,54,3293,2,36000,1.01639842089
257135,257152,260384,17,3232,2,36000,1.00525990099
257150,257281,260304,131,3023,2,36000,1.04333443599
257268,257334,260503,66,3169,2,36000,1.02082675923
257323,257341,260702,18,3361,2,36000,1.00535554894
257325,257426,260870,101,3444,2,36000,1.02932636469
257417,257483,260809,66,3326,2,36000,1.01984365604
257472,257489,260646,17,3157,2,36000,1.00538485904
257487,257688,261297,201,3609,2,36000,1.05569409809
257679,257747,261024,68,3277,2,36000,1.0207506866
257938,257949,261211,11,3262,2,36000,1.00337216432
257977,257988,261196,11,3208,2,36000,1.00342892768
258023,258033,261190,10,3157,2,36000,1.00316756414
258038,258044,261541,6,3497,2,36000,1.00171575636
258483,258490,262129,7,3639,2,36000,1.00192360539
258904,258915,262385,11,3470,2,36000,1.00317002882
258968,258978,262373,10,3395,2,36000,1.0029455081
259108,259118,262420,10,3302,2,36000,1.0030284676
259389,259398,262693,9,3295,2,36000,1.00273141123
259437,259447,262581,10,3134,2,36000,1.00319081047
259452,259458,262398,6,2940,2,36000,1.00204081633
259476,259488,262936,12,3448,2,36000,1.00348027842
259492,259498,262857,6,3359,2,36000,1.00178624591
259493,259504,262876,11,3372,2,36000,1.00326215896
259508,259514,263098,6,3584,2,36000,1.00167410714
259539,259548,262886,9,3338,2,36000,1.00269622528
259587,259608,262801,21,3193,2,36000,1.00657688694
259602,259614,262989,12,3375,2,36000,1.00355555556
259624,259635,263159,11,3524,2,36000,1.00312145289
259639,259645,263254,6,3609,2,36000,1.00166251039
259702,259712,262960,10,3248,2,36000,1.00307881773
259717,259727,263120,10,3393,2,36000,1.00294724433
259856,259867,263561,11,3694,2,36000,1.00297780184
259871,259877,263143,6,3266,2,36000,1.00183710961
259873,259883,263197,10,3314,2,36000,1.00301750151
259894,259903,263248,9,3345,2,36000,1.00269058296
259909,259916,263408,7,3492,2,36000,1.0020045819
259911,259922,263271,11,3349,2,36000,1.00328456256
259926,259932,263206,6,3274,2,36000,1.00183262065
259941,259947,263404,6,3457,2,36000,1.00173560891
259977,259988,263228,11,3240,2,36000,1.00339506173
259992,259998,263380,6,3382,2,36000,1.00177409817
260007,260013,263195,6,3182,2,36000,1.00188560654
260009,260024,263494,15,3470,2,36000,1.00432276657
260024,260029,263545,5,3516,2,36000,1.00142207053
260025,260036,263188,11,3152,2,36000,1.00348984772
260047,260056,263493,9,3437,2,36000,1.0026185627
260062,260068,263338,6,3270,2,36000,1.00183486239
260063,260074,263525,11,3451,2,36000,1.00318748189
260078,260084,263577,6,3493,2,36000,1.00171772116
260106,260117,263457,11,3340,2,36000,1.00329341317
260121,260127,263275,6,3148,2,36000,1.00190597205
260122,260133,263521,11,3388,2,36000,1.00324675325
260147,260156,263200,9,3044,2,36000,1.00295663601
260162,260168,263629,6,3461,2,36000,1.001733603
260178,260184,263483,6,3299,2,36000,1.00181873295
260195,260204,263830,9,3626,2,36000,1.00248207391
260222,260233,263582,11,3349,2,36000,1.00328456256
260237,260243,263808,6,3565,2,36000,1.00168302945
260252,260258,263487,6,3229,2,36000,1.00185816042
260273,260283,263539,10,3256,2,36000,1.00307125307
260288,260294,264091,6,3797,2,36000,1.00158019489
260303,260315,263653,12,3338,2,36000,1.00359496705
260319,260327,263672,8,3345,2,36000,1.0023916293
260337,260346,263872,9,3526,2,36000,1.00255246739
260365,260376,263682,11,3306,2,36000,1.00332728373
260380,260386,263576,6,3190,2,36000,1.00188087774
260395,260401,263836,6,3435,2,36000,1.00174672489
260396,260407,263860,11,3453,2,36000,1.00318563568
260411,260417,263618,6,3201,2,36000,1.00187441425
260413,260423,264033,10,3610,2,36000,1.0027700831
260440,260450,263734,10,3284,2,36000,1.00304506699
260455,260461,263597,6,3136,2,36000,1.00191326531
260471,260479,263744,8,3265,2,36000,1.00245022971
260504,260515,263923,11,3408,2,36000,1.00322769953
260519,260525,263654,6,3129,2,36000,1.00191754554
260641,260657,263705,16,3048,2,36000,1.00524934383
260704,260714,263972,10,3258,2,36000,1.00306936771
260811,260821,264107,10,3286,2,36000,1.00304321363
260869,260881,264333,12,3452,2,36000,1.00347624565
261024,261035,264469,11,3434,2,36000,1.0032032615
261186,261201,264545,15,3344,2,36000,1.00448564593
261201,261207,264373,6,3166,2,36000,1.00189513582
261216,261222,264195,6,2973,2,36000,1.00201816347
261298,261309,264651,11,3342,2,36000,1.00329144225
261542,261552,264934,10,3382,2,36000,1.00295683028
262129,262140,265519,11,3379,2,36000,1.00325540101
262374,262385,265660,11,3275,2,36000,1.00335877863
262390,262395,266113,5,3718,2,36000,1.00134480904
262405,262411,265532,6,3121,2,36000,1.00192246075
262423,262432,265691,9,3259,2,36000,1.00276158331
262581,262592,266111,11,3519,2,36000,1.00312588804
262693,262704,265921,11,3217,2,36000,1.00341933478
262802,262812,265885,10,3073,2,36000,1.00325414904
262859,262868,266173,9,3305,2,36000,1.00272314675
262878,262888,266314,10,3426,2,36000,1.00291885581
262893,262899,266318,6,3419,2,36000,1.00175489909
262938,262947,266308,9,3361,2,36000,1.00267777447
262963,262972,266205,9,3233,2,36000,1.00278379214
262990,263000,266362,10,3362,2,36000,1.00297441999
263098,263109,266469,11,3360,2,36000,1.00327380952
263120,263132,266650,12,3518,2,36000,1.00341102899
263144,263155,266455,11,3300,2,36000,1.00333333333
263159,263165,266406,6,3241,2,36000,1.00185128047
263190,263196,266433,6,3237,2,36000,1.00185356812
263205,263211,266405,6,3194,2,36000,1.00187852223
263207,263217,266534,10,3317,2,36000,1.00301477238
263208,263222,266715,14,3493,2,36000,1.00400801603
263210,263228,266345,18,3117,2,36000,1.00577478345
263231,263237,266384,6,3147,2,36000,1.00190657769
263249,263255,267057,6,3802,2,36000,1.00157811678
263264,263270,266852,6,3582,2,36000,1.00167504188
263279,263286,266670,7,3384,2,36000,1.00206855792
263281,263292,266729,11,3437,2,36000,1.00320046552
263338,263345,266719,7,3374,2,36000,1.0020746888
263381,263387,266946,6,3559,2,36000,1.00168586682
263405,263411,266764,6,3353,2,36000,1.00178944229
263420,263426,266499,6,3073,2,36000,1.00195248942
263459,263466,266859,7,3393,2,36000,1.00206307103
263484,263490,266720,6,3230,2,36000,1.00185758514
263500,263505,267037,5,3532,2,36000,1.00141562854
263501,263511,266659,10,3148,2,36000,1.00317662008
263502,263516,266721,14,3205,2,36000,1.00436817473
263520,263527,266865,7,3338,2,36000,1.00209706411
263536,263542,266858,6,3316,2,36000,1.00180940893
263551,263557,266962,6,3405,2,36000,1.00176211454
263552,263563,266907,11,3344,2,36000,1.00328947368
263568,263573,266689,5,3116,2,36000,1.00160462131
263583,263589,266832,6,3243,2,36000,1.00185013876
263584,263595,267052,11,3457,2,36000,1.00318194967
263586,263600,267069,14,3469,2,36000,1.00403574517
263601,263607,267077,6,3470,2,36000,1.00172910663
263619,263625,267105,6,3480,2,36000,1.00172413793
263634,263640,267185,6,3545,2,36000,1.00169252468
263653,263659,266910,6,3251,2,36000,1.00184558597
263668,263674,267030,6,3356,2,36000,1.00178784267
263683,263689,266942,6,3253,2,36000,1.00184445128
263684,263695,266957,11,3262,2,36000,1.00337216432
263706,263712,266823,6,3111,2,36000,1.00192864031
263736,263742,267117,6,3375,2,36000,1.00177777778
263751,263757,267120,6,3363,2,36000,1.00178412132
263809,263815,267361,6,3546,2,36000,1.00169204738
263830,263836,267174,6,3338,2,36000,1.00179748352
263845,263851,267410,6,3559,2,36000,1.00168586682
263863,263869,267129,6,3260,2,36000,1.0018404908
263878,263884,267395,6,3511,2,36000,1.00170891484
263923,263929,267211,6,3282,2,36000,1.00182815356
263972,263979,267355,7,3376,2,36000,1.00207345972
264033,264039,267128,6,3089,2,36000,1.00194237617
264091,264097,267483,6,3386,2,36000,1.00177200236
264109,264115,267531,6,3416,2,36000,1.00175644028
264194,264201,267385,7,3184,2,36000,1.00219849246
264334,264340,267581,6,3241,2,36000,1.00185128047
264373,264380,267686,7,3306,2,36000,1.00211736237
264470,264476,267797,6,3321,2,36000,1.00180668473
264546,264552,267834,6,3282,2,36000,1.00182815356
264654,264660,268335,6,3675,2,36000,1.00163265306
264935,264942,268704,7,3762,2,36000,1.00186071239
265521,265527,268593,6,3066,2,36000,1.00195694716
265536,265542,269147,6,3605,2,36000,1.00166435506
265660,265666,268994,6,3328,2,36000,1.00180288462
265691,265697,269101,6,3404,2,36000,1.0017626322
265885,265891,269058,6,3167,2,36000,1.00189453742
265921,265928,269381,7,3453,2,36000,1.0020272227
266113,266119,269798,6,3679,2,36000,1.00163087796
266114,266125,269513,11,3388,2,36000,1.00324675325
266175,266181,269344,6,3163,2,36000,1.00189693329
266205,266212,269373,7,3161,2,36000,1.00221448909
266308,266315,269680,7,3365,2,36000,1.00208023774
266324,266330,269564,6,3234,2,36000,1.00185528757
266325,266336,269835,11,3499,2,36000,1.00314375536
266347,266353,269543,6,3190,2,36000,1.00188087774
266362,266368,269915,6,3547,2,36000,1.00169157034
266386,266392,269733,6,3341,2,36000,1.0017958695
266405,266411,269822,6,3411,2,36000,1.00175901495
266407,266417,269870,10,3453,2,36000,1.00289603244
266435,266441,269845,6,3404,2,36000,1.0017626322
266456,266463,269911,7,3448,2,36000,1.00203016241
266472,266478,269651,6,3173,2,36000,1.00189095493
266499,266505,269707,6,3202,2,36000,1.00187382886
266535,266541,269742,6,3201,2,36000,1.00187441425
266651,266657,269794,6,3137,2,36000,1.0019126554
266666,266672,269985,6,3313,2,36000,1.00181104739
266681,266687,270248,6,3561,2,36000,1.00168491997
266696,266702,269907,6,3205,2,36000,1.00187207488
266714,266720,269787,6,3067,2,36000,1.0019563091
266730,266736,270165,6,3429,2,36000,1.00174978128
266731,266742,269925,11,3183,2,36000,1.00345585925
266732,266748,270816,16,4068,2,36000,1.00393313668
266734,266753,270465,19,3712,2,36000,1.00511853448
266764,266770,269968,6,3198,2,36000,1.00187617261
266824,266831,270205,7,3374,2,36000,1.0020746888
266839,266845,270192,6,3347,2,36000,1.00179265013
266854,266861,270121,7,3260,2,36000,1.00214723926
266870,266876,270168,6,3292,2,36000,1.00182260024
266871,266882,270308,11,3426,2,36000,1.00321074139
266872,266887,270023,15,3136,2,36000,1.00478316327
266909,266915,269983,6,3068,2,36000,1.00195567145
266924,266931,270171,7,3240,2,36000,1.00216049383
266946,266952,270416,6,3464,2,36000,1.00173210162
266947,266958,270180,11,3222,2,36000,1.00341402855
266963,266969,270323,6,3354,2,36000,1.00178890877
266964,266975,270280,11,3305,2,36000,1.00332829047
267031,267037,270537,6,3500,2,36000,1.00171428571
267046,267052,270439,6,3387,2,36000,1.00177147919
267062,267068,270143,6,3075,2,36000,1.00195121951
267063,267074,270441,11,3367,2,36000,1.00326700327
267079,267085,270228,6,3143,2,36000,1.00190900414
267080,267091,270412,11,3321,2,36000,1.00331225534
267107,267113,270133,6,3020,2,36000,1.00198675497
267123,267130,270435,7,3305,2,36000,1.00211800303
267125,267136,270510,11,3374,2,36000,1.00326022525
267140,267146,270573,6,3427,2,36000,1.00175080245
267141,267152,270422,11,3270,2,36000,1.00336391437
267175,267181,270373,6,3192,2,36000,1.00187969925
267190,267196,270727,6,3531,2,36000,1.00169923534
267211,267217,270368,6,3151,2,36000,1.00190415741
267359,267365,271043,6,3678,2,36000,1.00163132137
267375,267381,270545,6,3164,2,36000,1.00189633375
267390,267396,270797,6,3401,2,36000,1.001764187
267405,267412,270884,7,3472,2,36000,1.00201612903
267420,267427,270807,7,3380,2,36000,1.00207100592
267484,267490,270570,6,3080,2,36000,1.00194805195
267488,267496,267497,8,1,2,3540,1.0
267533,267539,270986,6,3447,2,36000,1.00174064404
267581,267587,270945,6,3358,2,36000,1.00178677784
267687,267694,271002,7,3308,2,36000,1.00211608222
267797,267803,270936,6,3133,2,36000,1.00191509735
267834,267840,271126,6,3286,2,36000,1.00182592818
268337,268343,271958,6,3615,2,36000,1.00165975104
268487,268493,268666,6,173,1,3600,1.03468208092
268595,268601,272009,6,3408,2,36000,1.00176056338
268706,268712,271990,6,3278,2,36000,1.00183038438
268839,268845,269192,6,347,1,3600,1.01729106628
268994,269000,272465,6,3465,2,36000,1.00173160173
269060,269066,272703,6,3637,2,36000,1.0016497113
269103,269109,272638,6,3529,2,36000,1.00170019836
269148,269155,272490,7,3335,2,36000,1.00209895052
269347,269353,272683,6,3330,2,36000,1.0018018018
269374,269380,272600,6,3220,2,36000,1.00186335404
269389,269395,272612,6,3217,2,36000,1.0018650917
269511,269517,273111,6,3594,2,36000,1.00166944908
269545,269551,272737,6,3186,2,36000,1.00188323917
269558,269564,270410,6,846,1,3600,1.00709219858
269563,269570,273208,7,3638,2,36000,1.00192413414
269653,269660,273237,7,3577,2,36000,1.00195694716
269681,269687,273134,6,3447,2,36000,1.00174064404
269708,269714,272637,6,2923,2,36000,1.0020526856
269732,269738,273029,6,3291,2,36000,1.00182315406
269747,269753,273259,6,3506,2,36000,1.00171135197
269790,269796,272880,6,3084,2,36000,1.00194552529
269805,269811,273096,6,3285,2,36000,1.00182648402
269806,269817,272960,11,3143,2,36000,1.00349984092
269822,269828,273468,6,3640,2,36000,1.00164835165
269837,269843,273085,6,3242,2,36000,1.00185070944
269852,269858,273049,6,3191,2,36000,1.00188028831
269870,269876,273051,6,3175,2,36000,1.00188976378
269907,269913,273154,6,3241,2,36000,1.00185128047
269922,269928,273316,6,3388,2,36000,1.00177095632
269924,269934,273380,10,3446,2,36000,1.00290191526
269938,269945,273311,7,3366,2,36000,1.00207961973
269969,269975,273383,6,3408,2,36000,1.00176056338
269984,269990,273343,6,3353,2,36000,1.00178944229
269986,269996,273414,10,3418,2,36000,1.00292568754
270023,270029,273031,6,3002,2,36000,1.00199866755
270124,270130,273266,6,3136,2,36000,1.00191326531
270125,270136,273550,11,3414,2,36000,1.00322202695
270144,270150,273643,6,3493,2,36000,1.00171772116
270165,270171,273799,6,3628,2,36000,1.00165380375
270181,270187,273649,6,3462,2,36000,1.00173310225
270182,270193,273470,11,3277,2,36000,1.00335672872
270183,270198,273718,15,3520,2,36000,1.00426136364
270199,270204,273655,5,3451,2,36000,1.0014488554
270214,270220,273382,6,3162,2,36000,1.00189753321
270229,270235,273567,6,3332,2,36000,1.00180072029
270247,270253,273526,6,3273,2,36000,1.00183318057
270280,270286,273854,6,3568,2,36000,1.00168161435
270308,270314,273631,6,3317,2,36000,1.00180886343
270323,270329,273973,6,3644,2,36000,1.00164654226
270368,270375,273592,7,3217,2,36000,1.00217594032
270383,270390,273652,7,3262,2,36000,1.00214592275
270414,270420,273483,6,3063,2,36000,1.00195886386
270415,270426,273954,11,3528,2,36000,1.00311791383
270431,270437,273835,6,3398,2,36000,1.00176574456
270446,270452,273774,6,3322,2,36000,1.00180614088
270448,270458,273780,10,3322,2,36000,1.0030102348
270449,270463,273773,14,3310,2,36000,1.00422960725
270464,270470,274077,6,3607,2,36000,1.00166343222
270513,270519,274175,6,3656,2,36000,1.00164113786
270537,270544,274151,7,3607,2,36000,1.00194067092
270553,270559,273839,6,3280,2,36000,1.00182926829
270571,270577,273805,6,3228,2,36000,1.00185873606
270591,270597,274050,6,3453,2,36000,1.00173761946
270728,270734,274244,6,3510,2,36000,1.00170940171
270798,270804,274213,6,3409,2,36000,1.00176004693
270813,270819,274332,6,3513,2,36000,1.00170794193
270828,270834,273795,6,2961,2,36000,1.00202634245
270886,270892,274316,6,3424,2,36000,1.00175233645
270940,270946,274362,6,3416,2,36000,1.00175644028
270955,270961,274134,6,3173,2,36000,1.00189095493
270991,270997,274183,6,3186,2,36000,1.00188323917
271006,271012,274345,6,3333,2,36000,1.00180018002
271045,271051,274283,6,3232,2,36000,1.00185643564
271128,271134,274734,6,3600,2,36000,1.00166666667
271619,271625,271737,6,112,1,3600,1.05357142857
271911,271917,272230,6,313,1,3600,1.01916932907
271961,271967,275181,6,3214,2,36000,1.00186683261
271991,271997,275052,6,3055,2,36000,1.00196399345
272009,272016,275325,7,3309,2,36000,1.00211544273
272031,272037,272196,6,159,1,3600,1.03773584906
272366,272372,272729,6,357,1,3600,1.01680672269
272474,272480,275852,6,3372,2,36000,1.00177935943
272490,272496,275834,6,3338,2,36000,1.00179748352
272599,272606,275751,7,3145,2,36000,1.00222575517
272615,272621,275840,6,3219,2,36000,1.0018639329
272640,272646,275960,6,3314,2,36000,1.00181050091
272641,272652,276063,11,3411,2,36000,1.00322486074
272684,272690,276054,6,3364,2,36000,1.00178359096
272705,272711,275784,6,3073,2,36000,1.00195248942
272710,272717,273333,7,616,1,3600,1.01136363636
272740,272746,276005,6,3259,2,36000,1.00184105554
272880,272886,276341,6,3455,2,36000,1.0017366136
272962,272968,276084,6,3116,2,36000,1.00192554557
273030,273035,276223,5,3188,2,36000,1.00156838143
273045,273051,276330,6,3279,2,36000,1.00182982617
273060,273067,276582,7,3515,2,36000,1.00199146515
273062,273073,276386,11,3313,2,36000,1.00332025355
273086,273093,276499,7,3406,2,36000,1.00205519671
273089,273099,273929,10,830,1,3600,1.01204819277
273102,273107,276499,5,3392,2,36000,1.0014740566
273117,273123,276406,6,3283,2,36000,1.00182759671
273135,273141,276427,6,3286,2,36000,1.00182592818
273153,273159,276773,6,3614,2,36000,1.00166021029
273209,273215,276435,6,3220,2,36000,1.00186335404
273239,273246,276619,7,3373,2,36000,1.00207530388
273261,273267,276420,6,3153,2,36000,1.00190294957
273276,273282,276631,6,3349,2,36000,1.00179157958
273312,273318,276495,6,3177,2,36000,1.00188857413
273327,273334,276498,7,3164,2,36000,1.00221238938
273343,273350,276684,7,3334,2,36000,1.00209958008
273380,273387,276667,7,3280,2,36000,1.00213414634
273382,273393,276873,11,3480,2,36000,1.00316091954
273397,273403,276743,6,3340,2,36000,1.00179640719
273415,273421,276856,6,3435,2,36000,1.00174672489
273468,273474,276899,6,3425,2,36000,1.00175182482
273469,273480,276978,11,3498,2,36000,1.00314465409
273484,273490,276373,6,2883,2,36000,1.00208116545
273527,273533,276790,6,3257,2,36000,1.00184218606
273549,273555,276976,6,3421,2,36000,1.00175387314
273569,273575,277058,6,3483,2,36000,1.00172265289
273593,273600,277268,7,3668,2,36000,1.00190839695
273634,273640,277288,6,3648,2,36000,1.00164473684
273649,273656,277076,7,3420,2,36000,1.00204678363
273651,273662,277220,11,3558,2,36000,1.00309162451
273666,273673,276747,7,3074,2,36000,1.00227716331
273668,273679,277355,11,3676,2,36000,1.00299238303
273720,273726,277295,6,3569,2,36000,1.00168114318
273775,273781,277694,6,3913,2,36000,1.00153335037
273776,273787,277064,11,3277,2,36000,1.00335672872
273792,273798,277183,6,3385,2,36000,1.00177252585
273809,273815,277344,6,3529,2,36000,1.00170019836
273810,273821,277028,11,3207,2,36000,1.00342999688
273811,273827,277116,16,3289,2,36000,1.00486470052
273836,273842,276946,6,3104,2,36000,1.00193298969
273851,273857,277029,6,3172,2,36000,1.00189155107
273866,273872,277085,6,3213,2,36000,1.00186741363
273957,273963,277190,6,3227,2,36000,1.00185931205
273973,273979,277096,6,3117,2,36000,1.00192492782
274049,274056,277258,7,3202,2,36000,1.00218613367
274080,274086,277182,6,3096,2,36000,1.0019379845
274135,274141,277312,6,3171,2,36000,1.00189214759
274153,274159,277531,6,3372,2,36000,1.00177935943
274177,274183,277535,6,3352,2,36000,1.00178997613
274192,274199,277446,7,3247,2,36000,1.00215583616
274214,274220,277662,6,3442,2,36000,1.00174317257
274244,274250,277545,6,3295,2,36000,1.00182094082
274284,274290,277620,6,3330,2,36000,1.0018018018
274315,274321,277833,6,3512,2,36000,1.00170842825
274334,274340,278040,6,3700,2,36000,1.00162162162
274350,274356,277513,6,3157,2,36000,1.00190053849
274365,274371,277808,6,3437,2,36000,1.00174570847
274737,274743,278161,6,3418,2,36000,1.00175541252
275057,275063,278500,6,3437,2,36000,1.00174570847
275148,275154,275273,6,119,1,3600,1.05042016807
275182,275188,278487,6,3299,2,36000,1.00181873295
275329,275335,278776,6,3441,2,36000,1.00174367916
275464,275471,275805,7,334,1,3600,1.02095808383
275757,275763,278991,6,3228,2,36000,1.00185873606
275788,275794,279192,6,3398,2,36000,1.00176574456
275836,275843,279096,7,3253,2,36000,1.00215185982
275840,275849,275984,9,135,1,1800,1.06666666667
275857,275863,279138,6,3275,2,36000,1.00183206107
275858,275869,279419,11,3550,2,36000,1.00309859155
275966,275972,278992,6,3020,2,36000,1.00198675497
276007,276013,279167,6,3154,2,36000,1.00190234623
276057,276063,279253,6,3190,2,36000,1.00188087774
276074,276080,279373,6,3293,2,36000,1.00182204677
276091,276098,279478,7,3380,2,36000,1.00207100592
276224,276230,279640,6,3410,2,36000,1.00175953079
276289,276295,276923,6,628,1,3600,1.00955414013
276299,276305,276437,6,132,1,1800,1.04545454545
276331,276338,279768,7,3430,2,36000,1.00204081633
276347,276352,279854,5,3502,2,36000,1.00142775557
276374,276380,279766,6,3386,2,36000,1.00177200236
276398,276404,279701,6,3297,2,36000,1.00181983621
276419,276425,279788,6,3363,2,36000,1.00178412132
276447,276453,279558,6,3105,2,36000,1.00193236715
276449,276459,279850,10,3391,2,36000,1.0029489826
276450,276464,279869,14,3405,2,36000,1.00411160059
276497,276504,279973,7,3469,2,36000,1.00201787259
276499,276510,279825,11,3315,2,36000,1.00331825038
276500,276516,279841,16,3325,2,36000,1.00481203008
276501,276521,279981,20,3460,2,36000,1.00578034682
276583,276589,280211,6,3622,2,36000,1.00165654335
276619,276625,280018,6,3393,2,36000,1.0017683466
276636,276642,279953,6,3311,2,36000,1.00181214135
276669,276675,279764,6,3089,2,36000,1.00194237617
276684,276690,280285,6,3595,2,36000,1.0016689847
276746,276752,280377,6,3625,2,36000,1.00165517241
276760,276767,280291,7,3524,2,36000,1.00198637911
276776,276782,279889,6,3107,2,36000,1.00193112327
276791,276797,279907,6,3110,2,36000,1.00192926045
276861,276867,280247,6,3380,2,36000,1.00177514793
276881,276887,280143,6,3256,2,36000,1.00184275184
276899,276906,280110,7,3204,2,36000,1.00218476904
276949,276956,280387,7,3431,2,36000,1.00204022151
276976,276983,280111,7,3128,2,36000,1.00223785166
276992,276998,280328,6,3330,2,36000,1.0018018018
277039,277045,280533,6,3488,2,36000,1.00172018349
277040,277051,280197,11,3146,2,36000,1.0034965035
277059,277065,280446,6,3381,2,36000,1.00177462289
277075,277081,280184,6,3103,2,36000,1.00193361263
277076,277087,280224,11,3137,2,36000,1.00350653491
277091,277097,280712,6,3615,2,36000,1.00165975104
277106,277112,280696,6,3584,2,36000,1.00167410714
277117,277123,277680,6,557,1,1800,1.01077199282
277121,277129,280612,8,3483,2,36000,1.00229687051
277182,277188,280610,6,3422,2,36000,1.00175336061
277183,277194,280722,11,3528,2,36000,1.00311791383
277199,277205,280738,6,3533,2,36000,1.00169827342
277222,277228,280434,6,3206,2,36000,1.00187149095
277267,277273,280554,6,3281,2,36000,1.00182871076
277286,277293,280631,7,3338,2,36000,1.00209706411
277302,277308,280612,6,3304,2,36000,1.00181598063
277303,277317,280633,14,3316,2,36000,1.00422195416
277319,277324,280877,5,3553,2,36000,1.00140726147
277346,277352,280756,6,3404,2,36000,1.0017626322
277361,277367,281013,6,3646,2,36000,1.00164563906
277450,277456,280755,6,3299,2,36000,1.00181873295
277514,277520,280915,6,3395,2,36000,1.00176730486
277533,277539,280849,6,3310,2,36000,1.00181268882
277534,277545,280602,11,3057,2,36000,1.00359829899
277549,277555,280607,6,3052,2,36000,1.00196592398
277621,277627,281209,6,3582,2,36000,1.00167504188
277669,277676,281296,7,3620,2,36000,1.00193370166
277695,277701,281078,6,3377,2,36000,1.0017767249
277815,277821,280993,6,3172,2,36000,1.00189155107
277833,277839,281187,6,3348,2,36000,1.0017921147
278043,278049,281603,6,3554,2,36000,1.0016882386
278162,278168,281602,6,3434,2,36000,1.00174723355
278490,278496,281825,6,3329,2,36000,1.00180234305
278505,278511,281624,6,3113,2,36000,1.00192740122
278780,278786,282185,6,3399,2,36000,1.00176522507
278994,279000,282304,6,3304,2,36000,1.00181598063
278996,279006,282258,10,3252,2,36000,1.00307503075
279097,279103,282321,6,3218,2,36000,1.00186451212
279141,279147,282514,6,3367,2,36000,1.00178200178
279166,279172,282516,6,3344,2,36000,1.00179425837
279194,279200,282819,6,3619,2,36000,1.00165791655
279252,279258,282536,6,3278,2,36000,1.00183038438
279319,279324,279371,5,47,1,1800,1.10638297872
279375,279381,282822,6,3441,2,36000,1.00174367916
279382,279388,279510,6,122,1,1800,1.04918032787
279418,279424,282566,6,3142,2,36000,1.00190961171
279479,279485,282927,6,3442,2,36000,1.00174317257
279559,279565,283388,6,3823,2,36000,1.00156944808
279642,279648,283099,6,3451,2,36000,1.00173862649
279682,279688,279769,6,81,1,1800,1.07407407407
279703,279710,283229,7,3519,2,36000,1.00198920148
279765,279772,283065,7,3293,2,36000,1.00212572123
279767,279778,283162,11,3384,2,36000,1.00325059102
279768,279784,283234,16,3450,2,36000,1.00463768116
279788,279794,283043,6,3249,2,36000,1.00184672207
279824,279830,283854,6,4024,2,36000,1.00149105368
279828,279836,279944,8,108,1,1800,1.07407407407
279842,279849,283318,7,3469,2,36000,1.00201787259
279858,279864,283505,6,3641,2,36000,1.00164789893
279859,279870,283217,11,3347,2,36000,1.00328652525
279875,279881,282861,6,2980,2,36000,1.00201342282
279890,279896,283091,6,3195,2,36000,1.00187793427
279909,279915,283028,6,3113,2,36000,1.00192740122
279956,279962,283210,6,3248,2,36000,1.00184729064
279974,279980,283296,6,3316,2,36000,1.00180940893
279989,279995,283514,6,3519,2,36000,1.00170502984
280020,280026,283568,6,3542,2,36000,1.00169395822
280112,280118,283695,6,3577,2,36000,1.00167738328
280114,280124,283381,10,3257,2,36000,1.0030703101
280144,280150,283401,6,3251,2,36000,1.00184558597
280184,280190,283426,6,3236,2,36000,1.00185414091
280199,280205,283417,6,3212,2,36000,1.00186799502
280214,280220,283462,6,3242,2,36000,1.00185070944
280229,280235,283354,6,3119,2,36000,1.00192369349
280247,280254,283712,7,3458,2,36000,1.0020242915
280287,280293,283592,6,3299,2,36000,1.00181873295
280302,280308,283525,6,3217,2,36000,1.0018650917
280330,280336,283378,6,3042,2,36000,1.00197238659
280379,280385,283724,6,3339,2,36000,1.00179694519
280399,280405,283947,6,3542,2,36000,1.00169395822
280436,280443,283946,7,3503,2,36000,1.00199828718
280452,280458,283581,6,3123,2,36000,1.00192122959
280534,280540,283524,6,2984,2,36000,1.00201072386
280556,280562,283776,6,3214,2,36000,1.00186683261
280585,280591,280881,6,290,1,1800,1.02068965517
280602,280608,283931,6,3323,2,36000,1.00180559735
280613,280619,281208,6,589,1,1800,1.01018675722
280618,280625,283915,7,3290,2,36000,1.00212765957
280619,280631,284006,12,3375,2,36000,1.00355555556
280621,280637,284070,16,3433,2,36000,1.00466064666
280622,280642,283923,20,3281,2,36000,1.00609570253
280638,280648,283799,10,3151,2,36000,1.00317359568
280639,280654,283662,15,3008,2,36000,1.00498670213
280697,280704,284026,7,3322,2,36000,1.00210716436
280713,280719,284195,6,3476,2,36000,1.00172612198
280728,280733,283917,5,3184,2,36000,1.00157035176
280743,280749,284016,6,3267,2,36000,1.00183654729
280759,280765,283731,6,2966,2,36000,1.0020229265
280760,280771,283984,11,3213,2,36000,1.00342359166
280849,280856,284169,7,3313,2,36000,1.00211288862
280877,280883,284398,6,3515,2,36000,1.00170697013
280918,280924,284040,6,3116,2,36000,1.00192554557
280994,281001,284342,7,3341,2,36000,1.00209518108
281013,281019,284186,6,3167,2,36000,1.00189453742
281080,281086,284260,6,3174,2,36000,1.00189035917
281186,281192,284739,6,3547,2,36000,1.00169157034
281208,281218,284331,10,3113,2,36000,1.00321233537
281299,281305,284458,6,3153,2,36000,1.00190294957
281601,281607,284874,6,3267,2,36000,1.00183654729
281616,281622,284684,6,3062,2,36000,1.00195950359
281631,281638,284859,7,3221,2,36000,1.00217323812
281824,281830,285059,6,3229,2,36000,1.00185816042
282186,282192,285559,6,3367,2,36000,1.00178200178
282259,282266,285724,7,3458,2,36000,1.0020242915
282305,282311,285749,6,3438,2,36000,1.0017452007
282323,282329,285796,6,3467,2,36000,1.00173060283
282514,282520,285870,6,3350,2,36000,1.00179104478
282515,282526,285719,11,3193,2,36000,1.00344503602
282537,282543,286341,6,3798,2,36000,1.00157977883
282567,282573,286049,6,3476,2,36000,1.00172612198
282818,282824,285854,6,3030,2,36000,1.00198019802
282833,282839,286498,6,3659,2,36000,1.00163979229
282861,282867,286348,6,3481,2,36000,1.00172364263
282928,282934,286253,6,3319,2,36000,1.00180777343
282983,282989,283038,6,49,1,1800,1.12244897959
283029,283035,286395,6,3360,2,36000,1.00178571429
283044,283050,286247,6,3197,2,36000,1.00187675946
283065,283071,286235,6,3164,2,36000,1.00189633375
283093,283099,286277,6,3178,2,36000,1.00188797986
283108,283114,286611,6,3497,2,36000,1.00171575636
283163,283169,286581,6,3412,2,36000,1.00175849941
283212,283218,286577,6,3359,2,36000,1.00178624591
283228,283234,286616,6,3382,2,36000,1.00177409817
283243,283249,286535,6,3286,2,36000,1.00182592818
283244,283255,286268,11,3013,2,36000,1.00365084633
283297,283303,286696,6,3393,2,36000,1.0017683466
283319,283325,286638,6,3313,2,36000,1.00181104739
283355,283361,286549,6,3188,2,36000,1.00188205772
283370,283376,283456,6,80,1,1800,1.075
283380,283386,286475,6,3089,2,36000,1.00194237617
283381,283392,286566,11,3174,2,36000,1.00346565848
283397,283403,287877,6,4474,2,36000,1.00134108181
283411,283418,286898,7,3480,2,36000,1.00201149425
283427,283433,286871,6,3438,2,36000,1.0017452007
283428,283439,286500,11,3061,2,36000,1.00359359686
283462,283468,287010,6,3542,2,36000,1.00169395822
283508,283514,287008,6,3494,2,36000,1.00171722954
283523,283529,287121,6,3592,2,36000,1.00167037862
283538,283544,286746,6,3202,2,36000,1.00187382886
283539,283550,286918,11,3368,2,36000,1.00326603325
283567,283573,287024,6,3451,2,36000,1.00173862649
283582,283588,287085,6,3497,2,36000,1.00171575636
283597,283603,287016,6,3413,2,36000,1.00175798418
283665,283671,287116,6,3445,2,36000,1.00174165457
283695,283701,286861,6,3160,2,36000,1.00189873418
283713,283719,286919,6,3200,2,36000,1.001875
283729,283735,287187,6,3452,2,36000,1.00173812283
283744,283750,287102,6,3352,2,36000,1.00178997613
283777,283783,287380,6,3597,2,36000,1.00166805671
283798,283805,287005,7,3200,2,36000,1.0021875
283854,283860,287000,6,3140,2,36000,1.00191082803
283915,283921,287725,6,3804,2,36000,1.00157728707
283916,283927,287132,11,3205,2,36000,1.00343213729
283932,283938,287335,6,3397,2,36000,1.00176626435
283933,283944,287058,11,3114,2,36000,1.00353243417
283949,283955,287094,6,3139,2,36000,1.00191143676
283950,283961,287515,11,3554,2,36000,1.00309510411
283987,283993,287108,6,3115,2,36000,1.00192616372
284009,284015,287479,6,3464,2,36000,1.00173210162
284024,284030,287996,6,3966,2,36000,1.0015128593
284040,284046,287114,6,3068,2,36000,1.00195567145
284041,284052,287457,11,3405,2,36000,1.00323054332
284072,284078,287322,6,3244,2,36000,1.00184956843
284171,284177,287768,6,3591,2,36000,1.00167084378
284186,284192,287631,6,3439,2,36000,1.00174469322
284201,284208,287632,7,3424,2,36000,1.00204439252
284259,284265,287355,6,3090,2,36000,1.00194174757
284333,284339,287899,6,3560,2,36000,1.00168539326
284348,284354,287821,6,3467,2,36000,1.00173060283
284400,284407,287654,7,3247,2,36000,1.00215583616
284453,284459,284753,6,294,1,1800,1.02040816327
284458,284465,287611,7,3146,2,36000,1.00222504768
284684,284690,288009,6,3319,2,36000,1.00180777343
284739,284745,287808,6,3063,2,36000,1.00195886386
284862,284868,288048,6,3180,2,36000,1.00188679245
284877,284883,288143,6,3260,2,36000,1.0018404908
285060,285066,288263,6,3197,2,36000,1.00187675946
285559,285565,289155,6,3590,2,36000,1.00167130919
285720,285727,289248,7,3521,2,36000,1.00198807157
285736,285742,289040,6,3298,2,36000,1.00181928441
285751,285757,289259,6,3502,2,36000,1.00171330668
285797,285803,288979,6,3176,2,36000,1.00188916877
285855,285861,289107,6,3246,2,36000,1.00184842884
285873,285879,289554,6,3675,2,36000,1.00163265306
286048,286055,289525,7,3470,2,36000,1.00201729107
286238,286243,289741,5,3498,2,36000,1.00142938822
286253,286259,289764,6,3505,2,36000,1.00171184023
286254,286265,289553,11,3288,2,36000,1.00334549878
286271,286277,289595,6,3318,2,36000,1.00180831826
286286,286292,289474,6,3182,2,36000,1.00188560654
286341,286347,289412,6,3065,2,36000,1.00195758564
286356,286362,289719,6,3357,2,36000,1.0017873101
286396,286402,290027,6,3625,2,36000,1.00165517241
286475,286482,289702,7,3220,2,36000,1.00217391304
286500,286507,289847,7,3340,2,36000,1.00209580838
286502,286513,289740,11,3227,2,36000,1.00340873877
286535,286542,289893,7,3351,2,36000,1.00208892868
286550,286557,289812,7,3255,2,36000,1.00215053763
286566,286572,289952,6,3380,2,36000,1.00177514793
286581,286587,289709,6,3122,2,36000,1.00192184497
286582,286593,289887,11,3294,2,36000,1.00333940498
286614,286620,289828,6,3208,2,36000,1.00187032419
286615,286626,289971,11,3345,2,36000,1.00328849028
286639,286646,289975,7,3329,2,36000,1.00210273355
286697,286703,289660,6,2957,2,36000,1.00202908353
286746,286752,290053,6,3301,2,36000,1.00181763102
286862,286869,290125,7,3256,2,36000,1.00214987715
286878,286884,290015,6,3131,2,36000,1.00191632066
286896,286902,290140,6,3238,2,36000,1.00185299568
286918,286924,290240,6,3316,2,36000,1.00180940893
286919,286930,290259,11,3329,2,36000,1.00330429558
287002,287008,290307,6,3299,2,36000,1.00181873295
287018,287024,290346,6,3322,2,36000,1.00180614088
287019,287030,290405,11,3375,2,36000,1.00325925926
287021,287036,290509,15,3473,2,36000,1.00431903254
287022,287041,290159,19,3118,2,36000,1.00609364978
287037,287047,290535,10,3488,2,36000,1.00286697248
287058,287065,290435,7,3370,2,36000,1.00207715134
287086,287092,290726,6,3634,2,36000,1.0016510732
287102,287108,290464,6,3356,2,36000,1.00178784267
287118,287124,290468,6,3344,2,36000,1.00179425837
287119,287130,290519,11,3389,2,36000,1.00324579522
287121,287136,290484,15,3348,2,36000,1.00448028674
287122,287141,290752,19,3611,2,36000,1.00526170036
287123,287146,290925,23,3779,2,36000,1.00608626621
287139,287152,290873,13,3721,2,36000,1.00349368449
287188,287194,290365,6,3171,2,36000,1.00189214759
287322,287328,290584,6,3256,2,36000,1.00184275184
287338,287344,290358,6,3014,2,36000,1.00199071002
287356,287362,290458,6,3096,2,36000,1.0019379845
287380,287387,290678,7,3291,2,36000,1.00212701307
287457,287463,290666,6,3203,2,36000,1.00187324383
287481,287487,290865,6,3378,2,36000,1.00177619893
287518,287524,290832,6,3308,2,36000,1.00181378476
287612,287619,290834,7,3215,2,36000,1.00217729393
287631,287637,290875,6,3238,2,36000,1.00185299568
287646,287652,290922,6,3270,2,36000,1.00183486239
287661,287668,291148,7,3480,2,36000,1.00201149425
287726,287732,291203,6,3471,2,36000,1.00172860847
287768,287774,291373,6,3599,2,36000,1.00166712976
287811,287817,290924,6,3107,2,36000,1.00193112327
287826,287832,291150,6,3318,2,36000,1.00180831826
287878,287884,291023,6,3139,2,36000,1.00191143676
287896,287902,291078,6,3176,2,36000,1.00188916877
287997,288003,291531,6,3528,2,36000,1.00170068027
288013,288019,291632,6,3613,2,36000,1.0016606698
288050,288056,291369,6,3313,2,36000,1.00181104739
288145,288151,291672,6,3521,2,36000,1.00170406135
288263,288269,291625,6,3356,2,36000,1.00178784267
288980,288986,292281,6,3295,2,36000,1.00182094082
289042,289048,292386,6,3338,2,36000,1.00179748352
289109,289115,292115,6,3000,2,36000,1.002
289155,289161,292731,6,3570,2,36000,1.00168067227
289249,289255,292518,6,3263,2,36000,1.00183879865
289265,289270,292528,5,3258,2,36000,1.00153468386
289411,289417,292818,6,3401,2,36000,1.001764187
289475,289481,292839,6,3358,2,36000,1.00178677784
289527,289533,292714,6,3181,2,36000,1.00188619931
289554,289561,292842,7,3281,2,36000,1.00213349589
289556,289567,292978,11,3411,2,36000,1.00322486074
289596,289602,292898,6,3296,2,36000,1.00182038835
289660,289666,293125,6,3459,2,36000,1.00173460538
289705,289711,293088,6,3377,2,36000,1.0017767249
289722,289729,293294,7,3565,2,36000,1.00196353436
289723,289735,292756,12,3021,2,36000,1.00397219464
289741,289748,293085,7,3337,2,36000,1.00209769254
289743,289755,293074,12,3319,2,36000,1.00361554685
289764,289770,293294,6,3524,2,36000,1.00170261067
289792,289798,291622,6,1824,1,1800,1.00328947368
289813,289819,293139,6,3320,2,36000,1.00180722892
289828,289834,293185,6,3351,2,36000,1.0017905103
289846,289853,293214,7,3361,2,36000,1.00208271348
289889,289895,292996,6,3101,2,36000,1.00193485972
289904,289910,293424,6,3514,2,36000,1.00170745589
289953,289959,293166,6,3207,2,36000,1.00187090739
289971,289977,294010,6,4033,2,36000,1.00148772626
289986,289992,293292,6,3300,2,36000,1.00181818182
290017,290023,293291,6,3268,2,36000,1.00183598531
290023,290029,292164,6,2135,2,7200,1.00281030445
290032,290038,293327,6,3289,2,36000,1.00182426269
290053,290060,293453,7,3393,2,36000,1.00206307103
290109,290115,290378,6,263,1,1200,1.02281368821
290126,290133,293536,7,3403,2,36000,1.00205700852
290142,290148,293294,6,3146,2,36000,1.00190718373
290160,290166,293436,6,3270,2,36000,1.00183486239
290242,290249,293672,7,3423,2,36000,1.00204498978
290249,290255,291666,6,1411,2,7200,1.00425230333
290261,290267,293497,6,3230,2,36000,1.00185758514
290309,290315,293650,6,3335,2,36000,1.00179910045
290349,290355,293383,6,3028,2,36000,1.00198150594
290365,290370,293577,5,3207,2,36000,1.00155908949
290366,290376,293823,10,3447,2,36000,1.0029010734
290406,290412,293561,6,3149,2,36000,1.00190536678
290436,290442,293635,6,3193,2,36000,1.00187911055
290457,290463,293747,6,3284,2,36000,1.00182704019
290472,290478,293940,6,3462,2,36000,1.00173310225
290474,290484,293655,10,3171,2,36000,1.00315357931
290481,290490,291247,9,757,1,10800,1.01188903567
290489,290496,293783,7,3287,2,36000,1.00212960146
290510,290516,293899,6,3383,2,36000,1.00177357375
290525,290531,294431,6,3900,2,36000,1.00153846154
290540,290546,293760,6,3214,2,36000,1.00186683261
290586,290592,294184,6,3592,2,36000,1.00167037862
290666,290672,293980,6,3308,2,36000,1.00181378476
290681,290687,293852,6,3165,2,36000,1.0018957346
290682,290693,292325,11,1632,2,14400,1.00674019608
290725,290731,294230,6,3499,2,36000,1.00171477565
290752,290759,293839,7,3080,2,36000,1.00227272727
290835,290841,294216,6,3375,2,36000,1.00177777778
290837,290847,294094,10,3247,2,36000,1.00307976594
290867,290873,294001,6,3128,2,36000,1.00191815857
290883,290889,294223,6,3334,2,36000,1.00179964007
290884,290895,294269,11,3374,2,36000,1.00326022525
290924,290931,294382,7,3451,2,36000,1.00202839757
290926,290938,294450,12,3512,2,36000,1.00341685649
290927,290943,294225,16,3282,2,36000,1.00487507617
290954,290960,291249,6,289,2,14400,1.02076124567
291026,291032,294659,6,3627,2,36000,1.00165425972
291077,291083,294728,6,3645,2,36000,1.00164609053
291151,291157,294291,6,3134,2,36000,1.00191448628
291152,291163,294647,11,3484,2,36000,1.00315729047
291204,291210,294622,6,3412,2,36000,1.00175849941
291256,291262,302167,6,10905,4,10800,1.00055020633
291313,291319,321530,6,30211,1,172800,1.00019860316
291370,291376,294716,6,3340,2,36000,1.00179640719
291371,291382,294906,11,3524,2,36000,1.00312145289
291531,291537,294702,6,3165,2,36000,1.0018957346
291627,291634,295032,7,3398,2,36000,1.00206003531
291642,291649,295492,7,3843,2,36000,1.00182149362
291673,291680,295066,7,3386,2,36000,1.00206733609
291727,291733,292933,6,1200,1,36000,1.005
291830,291836,291929,6,93,2,7200,1.06451612903
292071,292078,292135,7,57,2,7200,1.12280701754
292115,292121,295510,6,3389,2,36000,1.00177043376
292280,292286,295520,6,3234,2,36000,1.00185528757
292386,292392,295966,6,3574,2,36000,1.00167879127
292490,292496,293417,6,921,2,14400,1.00651465798
292520,292526,295869,6,3343,2,36000,1.00179479509
292536,292542,296120,6,3578,2,36000,1.00167691448
292715,292721,296006,6,3285,2,36000,1.00182648402
292727,292733,294029,6,1296,2,14400,1.00462962963
292734,292740,296087,6,3347,2,36000,1.00179265013
292758,292764,295883,6,3119,2,36000,1.00192369349
292817,292823,295997,6,3174,2,36000,1.00189035917
292839,292845,296236,6,3391,2,36000,1.00176938956
292854,292861,296333,7,3472,2,36000,1.00201612903
292898,292904,296156,6,3252,2,36000,1.00184501845
292912,292918,306215,6,13297,1,18000,1.0004512296
292959,292965,307736,6,14771,1,36000,1.00040620134
292964,292971,309535,7,16564,1,36000,1.00042260324
292978,292984,296381,6,3397,2,36000,1.00176626435
292997,293003,296334,6,3331,2,36000,1.00180126088
293075,293082,296492,7,3410,2,36000,1.00205278592
293091,293097,296298,6,3201,2,36000,1.00187441425
293092,293103,296440,11,3337,2,36000,1.00329637399
293126,293132,296368,6,3236,2,36000,1.00185414091
293141,293147,296378,6,3231,2,36000,1.00185701021
293166,293172,296658,6,3486,2,36000,1.0017211704
293185,293191,296104,6,2913,2,36000,1.00205973223
293216,293222,296324,6,3102,2,36000,1.00193423598
293293,293299,296595,6,3296,2,36000,1.00182038835
293294,293306,296797,12,3491,2,36000,1.00343741048
293296,293311,296344,15,3033,2,36000,1.00494559842
293311,293317,296479,6,3162,2,36000,1.00189753321
293313,293323,296997,10,3674,2,36000,1.00272182907
293328,293334,296779,6,3445,2,36000,1.00174165457
293358,293364,293467,6,103,2,7200,1.05825242718
293383,293390,296725,7,3335,2,36000,1.00209895052
293424,293430,296481,6,3051,2,36000,1.00196656834
293445,293451,296647,6,3196,2,36000,1.00187734668
293460,293466,296812,6,3346,2,36000,1.00179318589
293497,293504,296616,7,3112,2,36000,1.00224935733
293537,293543,296823,6,3280,2,36000,1.00182926829
293562,293568,296750,6,3182,2,36000,1.00188560654
293577,293583,297163,6,3580,2,36000,1.00167597765
293590,293597,293654,7,57,2,7200,1.12280701754
293637,293643,297044,6,3401,2,36000,1.001764187
293652,293658,297027,6,3369,2,36000,1.0017809439
293667,293673,297173,6,3500,2,36000,1.00171428571
293682,293689,296914,7,3225,2,36000,1.00217054264
293747,293753,296907,6,3154,2,36000,1.00190234623
293762,293769,297330,7,3561,2,36000,1.00196573996
293784,293790,297177,6,3387,2,36000,1.00177147919
293800,293806,295254,6,1448,1,36000,1.00414364641
293824,293830,297302,6,3472,2,36000,1.0017281106
293839,293845,297555,6,3710,2,36000,1.00161725067
293855,293861,297292,6,3431,2,36000,1.00174876129
293901,293907,297248,6,3341,2,36000,1.0017958695
293941,293947,297286,6,3339,2,36000,1.00179694519
293981,293987,297385,6,3398,2,36000,1.00176574456
293988,293993,294564,5,571,2,14400,1.00875656743
294003,294009,297328,6,3319,2,36000,1.00180777343
294018,294024,297463,6,3439,2,36000,1.00174469322
294095,294101,297728,6,3627,2,36000,1.00165425972
294185,294191,297506,6,3315,2,36000,1.00180995475
294216,294223,297883,7,3660,2,36000,1.00191256831
294232,294239,297645,7,3406,2,36000,1.00205519671
294234,294250,297452,16,3202,2,36000,1.00499687695
294235,294256,297788,21,3532,2,36000,1.00594563986
294237,294245,294683,8,438,2,14400,1.01826484018
294269,294275,297697,6,3422,2,36000,1.00175336061
294291,294297,297790,6,3493,2,36000,1.00171772116
294386,294392,297773,6,3381,2,36000,1.00177462289
294433,294440,297735,7,3295,2,36000,1.00212443096
294447,296452,298901,2005,2449,48,3600,1.81870151082
294452,294458,297550,6,3092,2,36000,1.00194049159
294624,294630,298264,6,3634,2,36000,1.0016510732
294646,294652,298063,6,3411,2,36000,1.00175901495
294661,294667,297705,6,3038,2,36000,1.00197498354
294704,294710,298025,6,3315,2,36000,1.00180995475
294719,294726,298495,7,3769,2,36000,1.00185725657
294735,294741,298769,6,4028,2,36000,1.00148957299
294907,294913,298445,6,3532,2,36000,1.00169875425
295033,295039,298506,6,3467,2,36000,1.00173060283
295067,295073,298589,6,3516,2,36000,1.00170648464
295227,295233,302194,6,6961,2,14400,1.00086194512
295267,296356,309007,1089,12651,1,36000,1.08608015177
295495,295501,298829,6,3328,2,36000,1.00180288462
295510,295516,298744,6,3228,2,36000,1.00185873606
295526,295532,298964,6,3432,2,36000,1.00174825175
295868,295874,299138,6,3264,2,36000,1.00183823529
295884,295890,299111,6,3221,2,36000,1.00186277554
295895,298944,327680,3049,28736,8,57600,1.10610384187
295961,295967,298979,6,3012,2,36000,1.00199203187
295999,296018,299555,19,3537,2,36000,1.005371784
296014,296098,299418,84,3320,2,36000,1.02530120482
296088,296131,299493,43,3362,2,36000,1.01279000595
296108,296247,299526,139,3279,2,36000,1.04239097286
296123,296392,299828,269,3436,2,36000,1.0782887078
296157,296458,299671,301,3213,2,36000,1.09368191721
296244,296490,299706,246,3216,2,36000,1.07649253731
296300,296497,299917,197,3420,2,36000,1.05760233918
296324,296504,299919,180,3415,2,36000,1.05270863836
296341,296607,299834,266,3227,2,36000,1.08242950108
296342,296627,299931,285,3304,2,36000,1.0862590799
296358,296658,299915,300,3257,2,36000,1.09210930304
296373,296669,300510,296,3841,2,36000,1.07706326477
296388,296736,300296,348,3560,2,36000,1.09775280899
296389,296761,299945,372,3184,2,36000,1.11683417085
296442,296791,300086,349,3295,2,36000,1.10591805766
296480,296808,299938,328,3130,2,36000,1.10479233227
296482,296823,299838,341,3015,2,36000,1.11310116086
296498,296834,300073,336,3239,2,36000,1.1037357209
296590,300267,366134,3677,65867,1,72000,1.05582461627
296593,300273,354724,3680,54451,1,72000,1.06758369911
296597,296918,300167,321,3249,2,36000,1.09879963066
296618,296925,300218,307,3293,2,36000,1.09322805952
296649,297038,300371,389,3333,2,36000,1.11671167117
296664,297043,300412,379,3369,2,36000,1.1124962897
296716,300939,321511,4223,20572,8,43200,1.20527902003
296729,297055,300416,326,3361,2,36000,1.09699494198
296752,297174,300497,422,3323,2,36000,1.12699368041
296782,297185,300664,403,3479,2,36000,1.11583788445
296798,297192,300256,394,3064,2,36000,1.12859007833
296816,297260,300622,444,3362,2,36000,1.13206424747
296833,297297,300614,464,3317,2,36000,1.13988543865
296915,297304,300324,389,3020,2,36000,1.12880794702
296916,297313,300747,397,3434,2,36000,1.11560861969
297000,297341,300453,341,3112,2,36000,1.10957583548
297032,297348,300490,316,3142,2,36000,1.10057288351
297050,297397,300735,347,3338,2,36000,1.10395446375
297110,297568,311712,458,14144,4,108000,1.03238122172
297174,297464,300686,290,3222,2,36000,1.09000620732
297175,297517,300902,342,3385,2,36000,1.10103397341
297197,297562,300667,365,3105,2,36000,1.11755233494
297257,297708,301027,451,3319,2,36000,1.1358843025
297292,297716,300911,424,3195,2,36000,1.13270735524
297293,297747,301215,454,3468,2,36000,1.130911188
297304,297807,313448,503,15641,4,108000,1.03215906911
297312,297800,301075,488,3275,2,36000,1.14900763359
297331,297859,301218,528,3359,2,36000,1.15718963977
297333,297894,301173,561,3279,2,36000,1.17108874657
297388,297990,301248,602,3258,2,36000,1.18477593616
297428,297658,297979,230,321,2,7200,1.71651090343
297455,298037,301297,582,3260,2,36000,1.17852760736
297474,298074,301175,600,3101,2,36000,1.19348597227
297510,298275,301535,765,3260,2,36000,1.23466257669
297553,298457,301865,904,3408,2,36000,1.26525821596
297574,298506,301895,932,3389,2,36000,1.27500737681
297655,298518,301665,863,3147,2,36000,1.27422942485
297698,298601,301926,903,3325,2,36000,1.27157894737
297713,297739,297848,26,109,2,7200,1.23853211009
297713,298755,301933,1042,3178,2,36000,1.32787916929
297719,298917,319071,1198,20154,4,108000,1.05944229433
297729,298780,302292,1051,3512,2,36000,1.29925968109
297746,298841,301956,1095,3115,2,36000,1.35152487961
297776,298949,302134,1173,3185,2,36000,1.368288854
297799,298954,302521,1155,3567,2,36000,1.32380151388
297801,298959,302683,1158,3724,2,36000,1.31095596133
297884,298976,302170,1092,3194,2,36000,1.34189104571
298033,298990,302592,957,3602,2,36000,1.26568573015
298063,299123,302684,1060,3561,2,36000,1.29766919405
298146,298912,299195,766,283,14,1980,3.70671378092
298263,299150,303358,887,4208,2,36000,1.21078897338
298444,299222,299699,778,477,2,14400,2.63102725367
298446,299431,302457,985,3026,2,36000,1.32551222736
298497,299504,302678,1007,3174,2,36000,1.3172652804
298513,299538,302761,1025,3223,2,36000,1.31802668321
298588,299567,302890,979,3323,2,36000,1.29461330123
298710,299710,300432,1000,722,2,14400,2.38504155125
298743,299839,303033,1096,3194,2,36000,1.34314339386
298770,299935,303391,1165,3456,2,36000,1.33709490741
298802,298923,312683,121,13760,4,108000,1.00879360465
298828,299943,303134,1115,3191,2,36000,1.34942024444
298844,298928,310526,84,11598,4,108000,1.00724262804
298873,298933,301434,60,2501,4,108000,1.02399040384
298900,298938,311976,38,13038,4,108000,1.00291455745
298931,299206,315802,275,16596,4,108000,1.01657025789
298964,299211,310902,247,11691,4,108000,1.02112736293
298967,299957,303359,990,3402,2,36000,1.29100529101
298982,300084,303466,1102,3382,2,36000,1.32584269663
299111,299216,312731,105,13515,4,108000,1.00776914539
299113,300097,303442,984,3345,2,36000,1.29417040359
299140,300178,303344,1038,3166,2,36000,1.32785849653
299195,299684,299690,489,6,1,900,49.5
299201,299949,300928,748,979,14,1980,1.76404494382
299419,300307,303759,888,3452,2,36000,1.25724217845
299481,304129,328076,4648,23947,1,36000,1.19409529377
299493,300382,303518,889,3136,2,36000,1.28348214286
299527,300424,303875,897,3451,2,36000,1.25992465952
299554,300431,303892,877,3461,2,36000,1.25339497255
299671,300443,303565,772,3122,2,36000,1.24727738629
299707,300464,303900,757,3436,2,36000,1.22031431898
299828,309547,312619,9719,3072,1,36000,4.16373697917
299829,300501,303903,672,3402,2,36000,1.1975308642
299844,300508,304193,664,3685,2,36000,1.18018995929
299846,300522,303779,676,3257,2,36000,1.20755296285
299848,315051,315052,15203,1,1,36000,1520.4
299916,300625,303965,709,3340,2,36000,1.2122754491
299918,300633,303768,715,3135,2,36000,1.22807017544
299933,300679,304297,746,3618,2,36000,1.20619126589
299935,300697,303881,762,3184,2,36000,1.23932160804
299950,300759,304043,809,3284,2,36000,1.24634591961
299952,300913,304467,961,3554,2,36000,1.2703995498
300072,300922,304046,850,3124,2,36000,1.27208706786
300087,300944,304176,857,3232,2,36000,1.26516089109
300169,300950,304118,781,3168,2,36000,1.24652777778
300219,300955,304406,736,3451,2,36000,1.2132715155
300257,300960,304454,703,3494,2,36000,1.20120206068
300298,301009,304622,711,3613,2,36000,1.19678937171
300324,301038,304556,714,3518,2,36000,1.20295622513
300370,301086,304351,716,3265,2,36000,1.21929555896
300413,301184,304673,771,3489,2,36000,1.22098022356
300429,301191,304714,762,3523,2,36000,1.21629293216
300455,301226,304482,771,3256,2,36000,1.23679361179
300493,301308,304725,815,3417,2,36000,1.23851331577
300509,301546,304845,1037,3299,2,36000,1.31433767808
300510,301676,305036,1166,3360,2,36000,1.34702380952
300575,300582,302022,7,1440,4,18000,1.00486111111
300615,301877,305406,1262,3529,2,36000,1.35760838765
300630,301907,305552,1277,3645,2,36000,1.35034293553
300664,301937,305296,1273,3359,2,36000,1.37898183983
300679,301944,305266,1265,3322,2,36000,1.38079470199
300694,301968,305690,1274,3722,2,36000,1.34228909189
300738,302182,305436,1444,3254,2,36000,1.44376152428
300753,302303,305743,1550,3440,2,36000,1.45058139535
300901,302468,306002,1567,3534,2,36000,1.44340690436
300916,302604,305873,1688,3269,2,36000,1.51636586112
300926,300933,300942,7,9,1,900,1.6
301022,302145,302519,1123,374,14,1980,4.00267379679
301026,302689,305851,1663,3162,2,36000,1.52593295383
301075,302696,305879,1621,3183,2,36000,1.50926798618
301174,302772,306012,1598,3240,2,36000,1.49320987654
301189,302901,306218,1712,3317,2,36000,1.51612903226
301216,303044,306255,1828,3211,2,36000,1.56929305512
301232,303146,306788,1914,3642,2,36000,1.5255354201
301250,303370,306766,2120,3396,2,36000,1.62426383981
301296,303375,306907,2079,3532,2,36000,1.58861834655
301536,303402,306927,1866,3525,2,36000,1.52936170213
301667,303453,306806,1786,3353,2,36000,1.5326573218
301866,303477,306556,1611,3079,2,36000,1.52322182527
301895,303771,307355,1876,3584,2,36000,1.5234375
301926,303780,307477,1854,3697,2,36000,1.50148769272
301941,303791,307410,1850,3619,2,36000,1.51119093672
301956,303892,307545,1936,3653,2,36000,1.52997536272
301960,315409,317710,13449,2301,48,3600,6.84485006519
301998,302004,302014,6,10,1,7200,1.6
302013,302020,302073,7,53,2,2400,1.1320754717
302133,303903,307333,1770,3430,2,36000,1.51603498542
302170,303911,307086,1741,3175,2,36000,1.54834645669
302292,303918,307266,1626,3348,2,36000,1.48566308244
302314,302320,302369,6,49,2,2400,1.12244897959
302459,303977,307213,1518,3236,2,36000,1.46909765142
302502,302510,302557,8,47,2,1800,1.17021276596
302517,302523,302529,6,6,1,900,1.2
302523,304058,307447,1535,3389,2,36000,1.45293596931
302525,302531,303650,6,1119,14,1980,1.00536193029
302593,304188,307557,1595,3369,2,36000,1.47343425349
302655,302661,304198,6,1537,1,1800,1.00390370852
302679,304204,307975,1525,3771,2,36000,1.40440201538
302695,304313,307643,1618,3330,2,36000,1.48588588589
302696,304362,307933,1666,3571,2,36000,1.46653598432
302760,304470,307646,1710,3176,2,36000,1.53841309824
302889,304479,307969,1590,3490,2,36000,1.45558739255
303032,304494,307598,1462,3104,2,36000,1.47100515464
303137,304567,307354,1430,2787,2,36000,1.51309651956
303345,304633,307945,1288,3312,2,36000,1.38888888889
303361,304685,307839,1324,3154,2,36000,1.41978440076
303362,304725,307991,1363,3266,2,36000,1.41733006736
303393,304737,308143,1344,3406,2,36000,1.39459776864
303442,304856,307990,1414,3134,2,36000,1.45118059987
303467,305047,308415,1580,3368,2,36000,1.46912114014
303519,305278,308713,1759,3435,2,36000,1.51208151383
303565,305307,308849,1742,3542,2,36000,1.49181253529
303586,303592,304808,6,1216,4,10800,1.00493421053
303648,303655,303662,7,7,1,900,1.4
303658,303664,305093,6,1429,14,1980,1.00419874038
303761,305417,308752,1656,3335,2,36000,1.49655172414
303776,305447,308396,1671,2949,2,36000,1.56663275687
303784,303797,314731,13,10934,1,10800,1.00118895189
303791,305563,308952,1772,3389,2,36000,1.52286810269
303877,305702,309160,1825,3458,2,36000,1.52776171197
303893,305755,309007,1862,3252,2,36000,1.57257072571
303894,305862,309295,1968,3433,2,36000,1.57325953976
303910,305885,308854,1975,2969,2,36000,1.66520714045
303912,305892,309386,1980,3494,2,36000,1.56668574699
303966,306014,309444,2048,3430,2,36000,1.5970845481
304043,306023,309440,1980,3417,2,36000,1.57945566286
304059,306229,309820,2170,3591,2,36000,1.60428849903
304117,306266,309687,2149,3421,2,36000,1.62817889506
304178,306567,310085,2389,3518,2,36000,1.67907902217
304194,306778,310083,2584,3305,2,36000,1.78184568835
304298,306799,309894,2501,3095,2,36000,1.80807754443
304351,306817,309986,2466,3169,2,36000,1.7781634585
304406,304412,304656,6,244,1,3600,1.02459016393
304406,306918,310035,2512,3117,2,36000,1.80590311197
304456,306938,310089,2482,3151,2,36000,1.78768644875
304471,307097,310688,2626,3591,2,36000,1.73127262601
304486,307224,310738,2738,3514,2,36000,1.77916903813
304554,307277,311092,2723,3815,2,36000,1.71376146789
304622,307344,310780,2722,3436,2,36000,1.79220023283
304659,304666,304939,7,273,1,3600,1.02564102564
304679,307366,310706,2687,3340,2,36000,1.80449101796
304715,307371,310355,2656,2984,2,36000,1.89008042895
304731,307421,310713,2690,3292,2,36000,1.81713244228
304817,304823,304865,6,42,1,3600,1.14285714286
304847,307458,310887,2611,3429,2,36000,1.76144648586
304991,304997,305031,6,34,1,1800,1.17647058824
305037,307489,310680,2452,3191,2,36000,1.76841115638
305092,305099,305106,7,7,1,900,1.4
305101,305108,305479,7,371,14,1980,1.01886792453
305132,305139,305190,7,51,1,1800,1.13725490196
305241,305248,305289,7,41,1,1800,1.17073170732
305269,307556,310745,2287,3189,2,36000,1.71715271245
305296,307568,310800,2272,3232,2,36000,1.70297029703
305381,305387,305438,6,51,1,1800,1.11764705882
305404,307609,310795,2205,3186,2,36000,1.69209039548
305435,307655,310661,2220,3006,2,36000,1.73852295409
305554,307662,311251,2108,3589,2,36000,1.58735023683
305692,307850,311352,2158,3502,2,36000,1.61621930326
305745,307944,311649,2199,3705,2,36000,1.59352226721
305757,305763,305811,6,48,2,1800,1.125
305846,305852,305885,6,33,8,1800,1.18181818182
305852,307956,311628,2104,3672,2,36000,1.57298474946
305874,307980,311394,2106,3414,2,36000,1.61687170475
305889,307987,311308,2098,3321,2,36000,1.63173742849
305946,305952,305998,6,46,8,1800,1.13043478261
306003,308001,311090,1998,3089,2,36000,1.64681126578
306019,308007,311392,1988,3385,2,36000,1.58729689808
306032,306038,306045,6,7,1,600,1.3
306063,306069,306120,6,51,8,1800,1.11764705882
306174,306181,306233,7,52,1,1800,1.13461538462
306220,308154,311759,1934,3605,2,36000,1.53647711512
306252,306259,306311,7,52,1,600,1.13461538462
306256,308408,311983,2152,3575,2,36000,1.60195804196
306519,306526,307058,7,532,1,600,1.01315789474
306557,308426,311688,1869,3262,2,36000,1.57296137339
306770,308724,312057,1954,3333,2,36000,1.58625862586
306788,308763,312169,1975,3406,2,36000,1.57985907223
306806,308860,312306,2054,3446,2,36000,1.59605339524
306907,308867,312282,1960,3415,2,36000,1.57393850659
306926,308963,312287,2037,3324,2,36000,1.61281588448
307087,309018,312490,1931,3472,2,36000,1.55616359447
307211,309024,312277,1813,3253,2,36000,1.55733169382
307266,309171,312357,1905,3186,2,36000,1.59792843691
307333,309306,312699,1973,3393,2,36000,1.58149130563
307355,309397,312705,2042,3308,2,36000,1.61729141475
307356,309451,312521,2095,3070,2,36000,1.68241042345
307411,309458,312755,2047,3297,2,36000,1.62086745526
307448,309699,312955,2251,3256,2,36000,1.69133906634
307478,309831,313191,2353,3360,2,36000,1.70029761905
307547,309905,313030,2358,3125,2,36000,1.75456
307562,309998,313404,2436,3406,2,36000,1.71520845567
307599,310046,313785,2447,3739,2,36000,1.65445306232
307642,310096,313645,2454,3549,2,36000,1.69146238377
307643,310102,313491,2459,3389,2,36000,1.72558276778
307841,310108,313376,2267,3268,2,36000,1.69369645043
307933,310366,313672,2433,3306,2,36000,1.73593466425
307948,310544,314342,2596,3798,2,36000,1.68351764086
307970,310672,314043,2702,3371,2,36000,1.80154256897
307985,310691,313996,2706,3305,2,36000,1.81875945537
308000,310699,313681,2699,2982,2,36000,1.90509725017
308001,310717,314017,2716,3300,2,36000,1.82303030303
308143,310724,314258,2581,3534,2,36000,1.73033389926
308397,310750,313889,2353,3139,2,36000,1.74960178401
308419,310757,314360,2338,3603,2,36000,1.64890369137
308711,310792,314066,2081,3274,2,36000,1.63561392792
308753,310806,314375,2053,3569,2,36000,1.57523115719
308851,310813,314444,1962,3631,2,36000,1.54034701184
308866,310898,314126,2032,3228,2,36000,1.62949194548
308955,310913,314353,1958,3440,2,36000,1.56918604651
309007,310919,313963,1912,3044,2,36000,1.62812089356
309072,309078,309764,6,686,2,7200,1.00874635569
309160,311101,314178,1941,3077,2,36000,1.63080922977
309273,309280,309316,7,36,2,1800,1.19444444444
309300,311108,314398,1808,3290,2,36000,1.54954407295
309388,311262,315217,1874,3955,2,36000,1.47383059418
309440,311319,315426,1879,4107,2,36000,1.45751156562
309448,309464,310150,16,686,2,7200,1.02332361516
309455,311363,314810,1908,3447,2,36000,1.55352480418
309553,310539,346549,986,36010,1,36000,1.02738128298
309690,311405,314589,1715,3184,2,36000,1.53863065327
309766,309772,309814,6,42,2,1800,1.14285714286
309822,311411,314625,1589,3214,2,36000,1.49439950218
309894,311641,315034,1747,3393,2,36000,1.51488358385
309986,311660,315104,1674,3444,2,36000,1.48606271777
310035,311699,315163,1664,3464,2,36000,1.48036951501
310084,311770,315094,1686,3324,2,36000,1.50722021661
310085,311987,315228,1902,3241,2,36000,1.58685590867
310101,311992,315075,1891,3083,2,36000,1.61336360688
310332,310550,313514,218,2964,1,54000,1.07354925776
310357,311999,315003,1642,3004,2,36000,1.5466045273
310380,310387,310408,7,21,1,1800,1.33333333333
310462,312635,313155,2173,520,1,54000,5.17884615385
310526,310532,310566,6,34,1,1800,1.17647058824
310663,312068,315340,1405,3272,2,36000,1.429400978
310682,312180,315667,1498,3487,2,36000,1.42959564095
310697,312289,315572,1592,3283,2,36000,1.48492232714
310712,312296,315478,1584,3182,2,36000,1.49780012571
310714,312303,315708,1589,3405,2,36000,1.46666666667
310738,313975,313977,3237,2,1,54000,323.9
310739,312317,315574,1578,3257,2,36000,1.48449493399
310754,312369,315699,1615,3330,2,36000,1.48498498498
310781,312502,315487,1721,2985,2,36000,1.57654941374
310789,313988,313989,3199,1,1,54000,320.0
310797,312532,315922,1735,3390,2,36000,1.51179941003
310812,312694,316047,1882,3353,2,36000,1.56128839845
310888,312699,316091,1811,3392,2,36000,1.53390330189
310934,310940,312230,6,1290,1,1800,1.00465116279
311090,312710,316008,1620,3298,2,36000,1.491206792
311105,312717,316134,1612,3417,2,36000,1.47175885279
311130,311136,312217,6,1081,2,14400,1.00555041628
311248,311724,324968,476,13244,4,108000,1.03594080338
311252,312742,316053,1490,3311,2,36000,1.45001510118
311307,312766,316306,1459,3540,2,36000,1.41214689266
311353,312967,316245,1614,3278,2,36000,1.49237339841
311393,313041,316239,1648,3198,2,36000,1.5153220763
311395,313166,316762,1771,3596,2,36000,1.4924916574
311493,311500,312394,7,894,2,14400,1.00782997763
311594,311601,311604,7,3,1,3600,1.0
311627,313203,316767,1576,3564,2,36000,1.44219977553
311649,313387,316688,1738,3301,2,36000,1.52650711905
311686,313415,316828,1729,3413,2,36000,1.50659244067
311760,313459,316834,1699,3375,2,36000,1.50340740741
311983,313464,316843,1481,3379,2,36000,1.43829535365
311990,312005,312027,15,22,1,3600,1.68181818182
312059,313502,316926,1443,3424,2,36000,1.42143691589
312169,313656,317000,1487,3344,2,36000,1.44467703349
312227,312234,315840,7,3606,1,3600,1.0019412091
312279,313683,317295,1404,3612,2,36000,1.38870431894
312295,313692,317290,1397,3598,2,36000,1.38827126181
312296,313797,317271,1501,3474,2,36000,1.43206678181
312311,313901,317216,1590,3315,2,36000,1.47963800905
312357,313980,317254,1623,3274,2,36000,1.49572388516
312491,314008,317442,1517,3434,2,36000,1.44175888177
312521,314028,317481,1507,3453,2,36000,1.43643208804
312679,312685,312753,6,68,2,7200,1.08823529412
312701,314054,317577,1353,3523,2,36000,1.38404768663
312716,314077,317231,1361,3154,2,36000,1.43151553583
312756,314137,317506,1381,3369,2,36000,1.40991392104
312957,314189,317388,1232,3199,2,36000,1.38512035011
313034,314269,317878,1235,3609,2,36000,1.34220005542
313190,314353,317506,1163,3153,2,36000,1.36885505867
313379,314364,317591,985,3227,2,36000,1.30523706229
313404,314371,317956,967,3585,2,36000,1.26973500697
313494,314386,317886,892,3500,2,36000,1.25485714286
313647,314409,317583,762,3174,2,36000,1.24007561437
313674,314456,317552,782,3096,2,36000,1.25258397933
313690,314601,318017,911,3416,2,36000,1.26668618267
313745,313751,315398,6,1647,8,1800,1.00364298725
313788,314821,318441,1033,3620,2,36000,1.28535911602
313889,315017,318349,1128,3332,2,36000,1.33853541417
313965,315045,318533,1080,3488,2,36000,1.30963302752
313996,315086,318643,1090,3557,2,36000,1.30643800956
314018,315106,318240,1088,3134,2,36000,1.34716017869
314045,315116,318548,1071,3432,2,36000,1.31206293706
314067,315174,318205,1107,3031,2,36000,1.36522599802
314128,315229,318584,1101,3355,2,36000,1.32816691505
314180,315240,318457,1060,3217,2,36000,1.32949953373
314260,315352,318845,1092,3493,2,36000,1.3126252505
314326,314334,314496,8,162,2,14400,1.04938271605
314344,315437,318874,1093,3437,2,36000,1.31800989235
314360,315490,318700,1130,3210,2,36000,1.35202492212
314361,315498,318857,1137,3359,2,36000,1.33849359929
314376,315583,319008,1207,3425,2,36000,1.35240875912
314398,315590,318781,1192,3191,2,36000,1.37355061109
314444,315679,319276,1235,3597,2,36000,1.34334167362
314570,315068,336734,498,21666,1,36000,1.02298532263
314589,315710,318906,1121,3196,2,36000,1.35075093867
314626,315719,319108,1093,3389,2,36000,1.32251401593
314665,317721,596452,3056,278731,8,345600,1.01096397602
314810,315934,319185,1124,3251,2,36000,1.34573977238
315005,316020,319578,1015,3558,2,36000,1.28527262507
315036,316058,319267,1022,3209,2,36000,1.31847927703
315072,316065,319164,993,3099,2,36000,1.32042594385
315095,316102,319401,1007,3299,2,36000,1.30524401334
315110,316145,319566,1035,3421,2,36000,1.30254311605
315166,316251,319629,1085,3378,2,36000,1.32119597395
315219,316258,319654,1039,3396,2,36000,1.30594817432
315234,316317,319801,1083,3484,2,36000,1.31084959816
315342,316699,320347,1357,3648,2,36000,1.37198464912
315431,316773,320354,1342,3581,2,36000,1.37475565485
315479,316780,320127,1301,3347,2,36000,1.38870630415
315494,316840,320297,1346,3457,2,36000,1.38935493202
315574,316854,320378,1280,3524,2,36000,1.36322360953
315575,316938,320058,1363,3120,2,36000,1.43685897436
315612,315814,315849,202,35,1,1800,6.77142857143
315671,317011,320347,1340,3336,2,36000,1.40167865707
315699,317227,320267,1528,3040,2,36000,1.50263157895
315715,317243,320307,1528,3064,2,36000,1.49869451697
315881,318468,318506,2587,38,2,28800,69.0789473684
315926,317267,320622,1341,3355,2,36000,1.39970193741
316009,317282,321142,1273,3860,2,36000,1.32979274611
316036,316846,317346,810,500,2,14400,2.62
316046,317301,320799,1255,3498,2,36000,1.35877644368
316062,317308,320628,1246,3320,2,36000,1.37530120482
316089,317400,320749,1311,3349,2,36000,1.39146013735
316135,317454,320789,1319,3335,2,36000,1.39550224888
316241,317492,320915,1251,3423,2,36000,1.36546888694
316256,317517,320976,1261,3459,2,36000,1.36455623012
316268,316275,316302,7,27,1,1800,1.25925925926
316306,317523,320896,1217,3373,2,36000,1.36080640379
316438,317357,317765,919,408,2,14400,3.25245098039
316540,316547,316633,7,86,1,1800,1.08139534884
316689,317564,320866,875,3302,2,36000,1.2649909146
316742,317826,317828,1084,2,1,54000,108.6
316764,317589,320857,825,3268,2,36000,1.25244798042
316779,317596,320532,817,2936,2,36000,1.27826975477
316788,317839,317840,1051,1,1,54000,105.2
316829,317603,320885,774,3282,2,36000,1.23583180987
316834,317726,319315,892,1589,8,1800,1.5613593455
316844,317732,321221,888,3489,2,36000,1.25451418745
316845,317737,320872,892,3135,2,36000,1.28452950558
316929,317742,320925,813,3183,2,36000,1.25541941565
316999,317747,321159,748,3412,2,36000,1.21922626026
317216,317752,320762,536,3010,2,36000,1.1780730897
317232,317758,321048,526,3290,2,36000,1.15987841945
317254,317763,321102,509,3339,2,36000,1.15244085055
317272,317768,320905,496,3137,2,36000,1.15811284667
317291,317773,321307,482,3534,2,36000,1.1363893605
317306,317779,321153,473,3374,2,36000,1.14018968583
317389,317784,320927,395,3143,2,36000,1.12567610563
317445,317789,320951,344,3162,2,36000,1.10879190386
317482,317794,321030,312,3236,2,36000,1.09641532756
317507,317800,321041,293,3241,2,36000,1.09040419624
317509,317805,321035,296,3230,2,36000,1.09164086687
317552,317810,320838,258,3028,2,36000,1.08520475561
317577,317816,321447,239,3631,2,36000,1.06582208758
317593,317821,321187,228,3366,2,36000,1.06773618538
317594,317832,321223,238,3391,2,36000,1.0701857859
317879,317889,321165,10,3276,2,36000,1.00305250305
317894,317900,321402,6,3502,2,36000,1.00171330668
317956,317967,321130,11,3163,2,36000,1.00347771103
318017,318028,321025,11,2997,2,36000,1.003670337
318136,319083,321792,947,2709,4,18000,1.34957548911
318207,318217,321564,10,3347,2,36000,1.00298775022
318251,318257,321575,6,3318,2,36000,1.00180831826
318350,318360,321944,10,3584,2,36000,1.00279017857
318443,318452,321899,9,3447,2,36000,1.00261096606
318465,318517,321611,52,3094,2,36000,1.01680672269
318533,318544,322083,11,3539,2,36000,1.00310822266
318549,318559,321954,10,3395,2,36000,1.0029455081
318585,318595,322157,10,3562,2,36000,1.00280741157
318647,318654,321644,7,2990,2,36000,1.00234113712
318709,318715,322219,6,3504,2,36000,1.00171232877
318789,318795,322455,6,3660,2,36000,1.00163934426
318797,318803,319947,6,1144,1,3600,1.00524475524
318845,318857,322407,12,3550,2,36000,1.00338028169
318847,319333,319338,486,5,2,28800,49.1
318860,318868,322122,8,3254,2,36000,1.0024585126
318876,318885,322364,9,3479,2,36000,1.00258695027
318908,318917,322099,9,3182,2,36000,1.00282840981
319011,319019,322348,8,3329,2,36000,1.00240312406
319048,319176,320122,128,946,2,14400,1.13530655391
319085,319339,320530,254,1191,1,1800,1.21326616289
319108,319120,322569,12,3449,2,36000,1.00347926935
319167,319196,322836,29,3640,2,36000,1.00796703297
319192,319278,322529,86,3251,2,36000,1.02645339895
319269,319288,322799,19,3511,2,36000,1.00541156366
319286,319328,322425,42,3097,2,36000,1.01356151114
319344,319351,320184,7,833,2,14400,1.00840336134
319403,319409,322612,6,3203,2,36000,1.00187324383
319546,319558,342927,12,23369,1,86400,1.00051350079
319572,319579,322914,7,3335,2,36000,1.00209895052
319593,319599,323015,6,3416,2,36000,1.00175644028
319629,319635,322962,6,3327,2,36000,1.00180342651
319656,319662,323286,6,3624,2,36000,1.00165562914
319803,319810,323281,7,3471,2,36000,1.00201670988
320059,320065,323741,6,3676,2,36000,1.00163220892
320128,320135,323440,7,3305,2,36000,1.00211800303
320270,320276,323407,6,3131,2,36000,1.00191632066
320298,320304,323405,6,3101,2,36000,1.00193485972
320317,320324,323790,7,3466,2,36000,1.00201961916
320345,320352,323695,7,3343,2,36000,1.00209392761
320361,320367,323701,6,3334,2,36000,1.00179964007
320362,320373,323785,11,3412,2,36000,1.00322391559
320378,320384,323653,6,3269,2,36000,1.00183542368
320533,320539,323525,6,2986,2,36000,1.00200937709
320594,320601,322239,7,1638,1,1800,1.00427350427
320622,320629,324077,7,3448,2,36000,1.00203016241
320638,320644,324019,6,3375,2,36000,1.00177777778
320749,320755,323976,6,3221,2,36000,1.00186277554
320764,320770,324140,6,3370,2,36000,1.00178041543
320789,320795,324134,6,3339,2,36000,1.00179694519
320804,320810,323988,6,3178,2,36000,1.00188797986
320838,320844,323970,6,3126,2,36000,1.0019193858
320859,320865,324022,6,3157,2,36000,1.00190053849
320875,320881,324384,6,3503,2,36000,1.00171281758
320876,320887,324398,11,3511,2,36000,1.00313301054
320892,320898,324919,6,4021,2,36000,1.00149216613
320908,320914,324466,6,3552,2,36000,1.00168918919
320909,320920,324258,11,3338,2,36000,1.00329538646
320924,320930,324474,6,3544,2,36000,1.00169300226
320926,320936,324355,10,3419,2,36000,1.00292483182
320941,320947,324286,6,3339,2,36000,1.00179694519
320956,320962,324528,6,3566,2,36000,1.00168255749
320978,320984,324267,6,3283,2,36000,1.00182759671
321025,321031,324332,6,3301,2,36000,1.00181763102
321041,321047,324369,6,3322,2,36000,1.00180614088
321043,321053,324425,10,3372,2,36000,1.00296559905
321044,321058,324496,14,3438,2,36000,1.00407213496
321060,321066,324584,6,3518,2,36000,1.0017055145
321061,321072,321857,11,785,1,1800,1.01401273885
321069,321078,322635,9,1557,2,1800,1.00578034682
321076,321542,321998,466,456,4,1800,2.02192982456
321083,321199,322200,116,1001,8,1800,1.11588411588
321092,321522,322420,430,898,16,3600,1.47884187082
321098,322432,324014,1334,1582,32,3600,1.84323640961
321103,321109,324761,6,3652,2,36000,1.00164293538
321105,327692,331307,6587,3615,64,3600,2.82213001383
321111,428222,430393,107111,2171,128,3600,50.3371718102
321131,321137,324683,6,3546,2,36000,1.00169204738
321147,321153,324522,6,3369,2,36000,1.0017809439
321162,321168,324396,6,3228,2,36000,1.00185873606
321163,321414,324952,251,3538,2,36000,1.07094403618
321178,321576,325071,398,3495,2,36000,1.1138769671
321194,321586,324843,392,3257,2,36000,1.12035615597
321222,321911,325111,689,3200,2,36000,1.2153125
321237,321956,325275,719,3319,2,36000,1.21663151552
321308,321966,325194,658,3228,2,36000,1.20384138786
321405,322094,325430,689,3336,2,36000,1.20653477218
321447,322110,325370,663,3260,2,36000,1.20337423313
321563,322133,325449,570,3316,2,36000,1.17189384801
321579,322168,325355,589,3187,2,36000,1.18481330405
321611,322230,325461,619,3231,2,36000,1.1915815537
321645,322376,326017,731,3641,2,36000,1.2007690195
321902,322419,325762,517,3343,2,36000,1.15465151062
321945,322467,325716,522,3249,2,36000,1.16066481994
321960,322580,325876,620,3296,2,36000,1.18810679612
322085,322810,326046,725,3236,2,36000,1.22404202719
322100,322848,326050,748,3202,2,36000,1.2336039975
322123,322973,326314,850,3341,2,36000,1.25441484585
322158,323027,326338,869,3311,2,36000,1.26245847176
322183,322191,322723,8,532,1,10800,1.01503759398
322219,323293,326794,1074,3501,2,36000,1.30676949443
322350,323299,326727,949,3428,2,36000,1.2768378063
322365,323418,326990,1053,3572,2,36000,1.29479283315
322408,323666,327114,1258,3448,2,36000,1.36484918794
322426,323706,327038,1280,3332,2,36000,1.38415366146
322457,323714,327166,1257,3452,2,36000,1.36413673233
322527,323753,326864,1226,3111,2,36000,1.39408550305
322570,323797,326998,1227,3201,2,36000,1.38331771321
322613,323803,327348,1190,3545,2,36000,1.33568406206
322799,323983,327087,1184,3104,2,36000,1.38144329897
322838,323990,327379,1152,3389,2,36000,1.3399232812
322912,324000,327269,1088,3269,2,36000,1.33282349342
322955,322961,323208,6,247,1,54000,1.02429149798
322964,324031,327588,1067,3557,2,36000,1.29997188642
322998,323220,324320,222,1100,1,54000,1.20181818182
323016,324089,327584,1073,3495,2,36000,1.30701001431
323074,324038,336263,964,12225,2,43500,1.07885480573
323284,324145,327517,861,3372,2,36000,1.25533807829
323299,324152,327366,853,3214,2,36000,1.26540136901
323405,324270,328067,865,3797,2,36000,1.22781143008
323407,324278,327438,871,3160,2,36000,1.27563291139
323441,324298,327313,857,3015,2,36000,1.28424543947
323526,324343,328472,817,4129,2,36000,1.19786873335
323573,324979,331056,1406,6077,4,43200,1.23136415995
323654,324367,327798,713,3431,2,36000,1.20781113378
323696,324381,327531,685,3150,2,36000,1.21746031746
323715,324395,327881,680,3486,2,36000,1.1950659782
323742,324408,327711,666,3303,2,36000,1.20163487738
323788,324419,327542,631,3123,2,36000,1.20204931156
323803,324436,327723,633,3287,2,36000,1.19257681777
323970,324478,328013,508,3535,2,36000,1.14370579915
323985,324487,327877,502,3390,2,36000,1.14808259587
324000,324507,327929,507,3422,2,36000,1.14815897136
324022,324535,327752,513,3217,2,36000,1.15946534038
324023,324542,327727,519,3185,2,36000,1.16295133438
324078,324596,327854,518,3258,2,36000,1.15899324739
324136,324694,327955,558,3261,2,36000,1.17111315547
324151,324773,328180,622,3407,2,36000,1.18256530672
324190,324196,324199,6,3,1,300,1.0
324258,324854,328113,596,3259,2,36000,1.18287818349
324273,324931,328527,658,3596,2,36000,1.1829810901
324289,324963,328223,674,3260,2,36000,1.20674846626
324331,325082,327987,751,2905,2,36000,1.25851979346
324356,325122,328338,766,3216,2,36000,1.2381840796
324371,325205,328487,834,3282,2,36000,1.25411334552
324386,325286,328390,900,3104,2,36000,1.28994845361
324402,325366,328758,964,3392,2,36000,1.28419811321
324403,325381,328877,978,3496,2,36000,1.27974828375
324424,325441,328683,1017,3242,2,36000,1.31369524985
324467,325460,328657,993,3197,2,36000,1.31060369096
324482,325472,328878,990,3406,2,36000,1.29066353494
324497,325727,329187,1230,3460,2,36000,1.35549132948
324524,325774,328939,1250,3165,2,36000,1.39494470774
324540,325887,329382,1347,3495,2,36000,1.38540772532
324585,326029,329407,1444,3378,2,36000,1.42747187685
324683,326057,329176,1374,3119,2,36000,1.44052580955
324763,326064,329666,1301,3602,2,36000,1.36118822876
324787,324793,325371,6,578,12,3600,1.01038062284
324842,326326,329868,1484,3542,2,36000,1.41897233202
324919,326350,329654,1431,3304,2,36000,1.43311138015
324950,326740,329939,1790,3199,2,36000,1.55954985933
325072,326807,330097,1735,3290,2,36000,1.5273556231
325111,326875,330356,1764,3481,2,36000,1.50675093364
325195,327006,330423,1811,3417,2,36000,1.52999707346
325278,327013,330169,1735,3156,2,36000,1.54974651458
325355,327050,330337,1695,3287,2,36000,1.51566778217
325370,327100,330315,1730,3215,2,36000,1.53810264386
325431,327126,330385,1695,3259,2,36000,1.52009818963
325449,327178,330482,1729,3304,2,36000,1.52330508475
325464,327280,331072,1816,3792,2,36000,1.47890295359
325718,327326,330560,1608,3234,2,36000,1.49721706865
325763,327361,330835,1598,3474,2,36000,1.4599884859
325772,325781,326027,9,246,1,32400,1.03658536585
325876,327379,331048,1503,3669,2,36000,1.40964840556
326019,327391,330768,1372,3377,2,36000,1.40627776133
326047,327449,330745,1402,3296,2,36000,1.42536407767
326062,327530,330998,1468,3468,2,36000,1.42329873126
326288,331328,403136,5040,71808,16,86400,1.07018716578
326288,331323,343563,5035,12240,32,43200,1.41135620915
326315,327543,330673,1228,3130,2,36000,1.39233226837
326340,327553,331318,1213,3765,2,36000,1.32217795485
326580,430418,439976,103838,9558,16,172800,11.8639882821
326727,327596,330752,869,3156,2,36000,1.27534854246
326789,434054,567388,107265,133334,16,172800,1.80448347758
326798,327603,330679,805,3076,2,36000,1.26170351105
326868,327723,331109,855,3386,2,36000,1.25251033668
326941,434059,513246,107118,79187,16,172800,2.35272203771
326994,327734,331040,740,3306,2,36000,1.2238354507
327009,327742,331256,733,3514,2,36000,1.20859419465
327041,327764,331139,723,3375,2,36000,1.21422222222
327087,327810,331182,723,3372,2,36000,1.21441281139
327101,327108,327669,7,561,12,3600,1.01247771836
327115,327866,331273,751,3407,2,36000,1.2204285295
327166,327889,331094,723,3205,2,36000,1.2255850234
327270,327896,331254,626,3358,2,36000,1.18642048839
327313,327942,331304,629,3362,2,36000,1.18709101725
327350,327966,331474,616,3508,2,36000,1.1755986317
327366,327999,331445,633,3446,2,36000,1.18369123622
327381,328025,331474,644,3449,2,36000,1.18672078863
327439,328079,331472,640,3393,2,36000,1.1886236369
327517,328088,331340,571,3252,2,36000,1.17558425584
327532,328125,331436,593,3311,2,36000,1.1790999698
327547,328192,331524,645,3332,2,36000,1.19357743097
327586,328236,331795,650,3559,2,36000,1.18263557179
327602,328349,331632,747,3283,2,36000,1.22753579044
327709,328402,331597,693,3195,2,36000,1.21690140845
327724,328484,331776,760,3292,2,36000,1.23086269745
327740,328499,331526,759,3027,2,36000,1.25074331021
327755,328539,331898,784,3359,2,36000,1.23340279845
327799,328668,332227,869,3559,2,36000,1.24416971059
327855,328696,332074,841,3378,2,36000,1.24896388396
327880,328770,332389,890,3619,2,36000,1.24592428848
327897,328889,332221,992,3332,2,36000,1.29771908764
327928,328896,332186,968,3290,2,36000,1.29422492401
327958,328950,332081,992,3131,2,36000,1.31683168317
327986,329188,332523,1202,3335,2,36000,1.3604197901
328014,329199,332562,1185,3363,2,36000,1.35236396075
328069,329393,332510,1324,3117,2,36000,1.42476740456
328115,329419,332884,1304,3465,2,36000,1.37633477633
328182,329666,333249,1484,3583,2,36000,1.41417806308
328225,329677,332774,1452,3097,2,36000,1.46884081369
328338,329880,333440,1542,3560,2,36000,1.43314606742
328389,329951,333256,1562,3305,2,36000,1.4726172466
328475,330109,333416,1634,3307,2,36000,1.49410341699
328490,330181,333648,1691,3467,2,36000,1.48774156331
328526,330326,333709,1800,3383,2,36000,1.53207212533
328657,330349,333522,1692,3173,2,36000,1.53324929089
328685,330368,333637,1683,3269,2,36000,1.51483634139
328761,330398,333644,1637,3246,2,36000,1.50431300062
328877,330435,333681,1558,3246,2,36000,1.47997535428
328878,330493,334228,1615,3735,2,36000,1.43239625167
328938,330571,333833,1633,3262,2,36000,1.50061312078
329178,330686,334091,1508,3405,2,36000,1.44287812041
329193,330692,334021,1499,3329,2,36000,1.45028537098
329384,330757,334193,1373,3436,2,36000,1.39959254948
329406,330764,334244,1358,3480,2,36000,1.39022988506
329656,330779,333946,1123,3167,2,36000,1.35459425324
329671,330847,334026,1176,3179,2,36000,1.3699276502
329870,331009,334247,1139,3238,2,36000,1.35176034589
329940,331052,334312,1112,3260,2,36000,1.34110429448
330099,331066,334416,967,3350,2,36000,1.28865671642
330170,331073,334438,903,3365,2,36000,1.26835066865
330317,331078,334065,761,2987,2,36000,1.25477067292
330338,331085,334688,747,3603,2,36000,1.20732722731
330356,331106,334356,750,3250,2,36000,1.23076923077
330387,331121,334286,734,3165,2,36000,1.23191153239
330424,331151,334597,727,3446,2,36000,1.2109692397
330485,331194,334637,709,3443,2,36000,1.20592506535
330561,331266,334646,705,3380,2,36000,1.20857988166
330674,331272,334823,598,3551,2,36000,1.16840326669
330689,331285,334473,596,3188,2,36000,1.1869510665
330745,331317,334559,572,3242,2,36000,1.17643429981
330760,331334,334794,574,3460,2,36000,1.16589595376
330775,331339,334571,564,3232,2,36000,1.1745049505
330835,331344,334441,509,3097,2,36000,1.16435259929
331000,331350,334530,350,3180,2,36000,1.11006289308
331040,331355,334774,315,3419,2,36000,1.0921322024
331055,331360,334613,305,3253,2,36000,1.09375960652
331073,331365,334636,292,3271,2,36000,1.08926933659
331095,331371,334528,276,3157,2,36000,1.08742477035
331110,331378,334937,268,3559,2,36000,1.07530205114
331140,331383,334640,243,3257,2,36000,1.07460853546
331183,331448,334770,265,3322,2,36000,1.07977122216
331253,331458,334894,205,3436,2,36000,1.05966239814
331268,331484,334711,216,3227,2,36000,1.06693523396
331284,331491,335184,207,3693,2,36000,1.05605199025
331305,331496,334700,191,3204,2,36000,1.05961298377
331320,331535,334716,215,3181,2,36000,1.06758880855
331343,331542,335309,199,3767,2,36000,1.05282718344
331440,331609,335308,169,3699,2,36000,1.04568802379
331455,331645,334827,190,3182,2,36000,1.05971087366
331473,331787,335289,314,3502,2,36000,1.08966304969
331474,331806,335266,332,3460,2,36000,1.09595375723
331490,331911,335127,421,3216,2,36000,1.1309079602
331526,332085,335254,559,3169,2,36000,1.17639633954
331527,332094,335444,567,3350,2,36000,1.16925373134
331598,332198,335520,600,3322,2,36000,1.1806140879
331632,336750,357181,5118,20431,1,36000,1.25050168861
331634,332233,335652,599,3419,2,36000,1.17519742615
331775,332239,335679,464,3440,2,36000,1.13488372093
331796,332401,335725,605,3324,2,36000,1.18200962696
331900,332522,336095,622,3573,2,36000,1.1740834033
332074,332535,335857,461,3322,2,36000,1.1387718242
332089,332575,336033,486,3458,2,36000,1.14054366686
332187,332786,336280,599,3494,2,36000,1.17143674871
332223,332896,336293,673,3397,2,36000,1.19811598469
332238,333261,336581,1023,3320,2,36000,1.30813253012
332391,333268,337114,877,3846,2,36000,1.22802912116
332510,333427,337283,917,3856,2,36000,1.23781120332
332526,333452,336745,926,3293,2,36000,1.28120255087
332562,333535,337123,973,3588,2,36000,1.27118171683
332699,340800,364355,8101,23555,1,36000,1.34391848864
332776,333649,337049,873,3400,2,36000,1.25676470588
332886,333656,337072,770,3416,2,36000,1.22540983607
333249,333662,337209,413,3547,2,36000,1.11643642515
333264,333693,336812,429,3119,2,36000,1.13754408464
333418,333720,337273,302,3553,2,36000,1.08499859274
333442,333844,337061,402,3217,2,36000,1.12496114392
333524,333957,337040,433,3083,2,36000,1.14044761596
333640,334033,337355,393,3322,2,36000,1.11830222757
333655,334039,337567,384,3528,2,36000,1.10884353741
333657,334076,337173,419,3097,2,36000,1.13529221828
333684,334103,337168,419,3065,2,36000,1.13670473083
333711,334205,337600,494,3395,2,36000,1.14550810015
333833,334239,337784,406,3545,2,36000,1.11452750353
333948,334256,337728,308,3472,2,36000,1.08870967742
334023,334263,337637,240,3374,2,36000,1.07113218731
334038,334297,337692,259,3395,2,36000,1.07628865979
334066,334324,337678,258,3354,2,36000,1.07692307692
334093,334369,337747,276,3378,2,36000,1.08170515098
334194,334428,337887,234,3459,2,36000,1.06764960971
334231,334451,338033,220,3582,2,36000,1.06141820212
334246,334458,337626,212,3168,2,36000,1.06691919192
334260,334541,352657,281,18116,4,18000,1.01551115036
334261,334486,337964,225,3478,2,36000,1.06469235193
334285,334570,338194,285,3624,2,36000,1.07864238411
334313,334582,337974,269,3392,2,36000,1.07930424528
334357,334609,337854,252,3245,2,36000,1.07765793529
334417,334625,338026,208,3401,2,36000,1.0611584828
334438,334647,337732,209,3085,2,36000,1.0677471637
334453,334655,338089,202,3434,2,36000,1.05882352941
334475,334660,337752,185,3092,2,36000,1.05983182406
334530,334666,338079,136,3413,2,36000,1.03984764137
334532,334700,337933,168,3233,2,36000,1.05196412001
334564,334711,337739,147,3028,2,36000,1.04854689564
334580,334723,338358,143,3635,2,36000,1.03933975241
334598,334729,338092,131,3363,2,36000,1.03895331549
334613,334783,338297,170,3514,2,36000,1.0483779169
334638,334789,338032,151,3243,2,36000,1.04656182547
334639,334806,338217,167,3411,2,36000,1.04895924949
334654,334835,338163,181,3328,2,36000,1.05438701923
334656,334842,338198,186,3356,2,36000,1.05542312277
334689,334906,338468,217,3562,2,36000,1.06092083099
334705,334950,338177,245,3227,2,36000,1.07592190889
334720,335140,338420,420,3280,2,36000,1.12804878049
334721,335197,338528,476,3331,2,36000,1.14290003002
334770,335265,338300,495,3035,2,36000,1.16309719934
334785,335277,338547,492,3270,2,36000,1.1504587156
334800,335302,338739,502,3437,2,36000,1.14605760838
334825,335320,338536,495,3216,2,36000,1.15391791045
334841,335326,338914,485,3588,2,36000,1.13517279822
334895,335456,338895,561,3439,2,36000,1.16312881652
334938,335532,338781,594,3249,2,36000,1.18282548476
335130,335663,338875,533,3212,2,36000,1.16594022416
335185,335691,338912,506,3221,2,36000,1.15709407016
335256,335737,338771,481,3034,2,36000,1.15853658537
335271,335869,339619,598,3750,2,36000,1.15946666667
335292,336044,339116,752,3072,2,36000,1.24479166667
335308,336107,339241,799,3134,2,36000,1.25494575622
335309,336292,339881,983,3589,2,36000,1.27389244915
335445,336305,339759,860,3454,2,36000,1.24898668211
335522,336593,340055,1071,3462,2,36000,1.30935875217
335653,336757,340418,1104,3661,2,36000,1.30155695165
335680,336823,340125,1143,3302,2,36000,1.34615384615
335727,337052,340655,1325,3603,2,36000,1.36774909797
335859,337061,340404,1202,3343,2,36000,1.35955728388
335879,340830,367469,4951,26639,1,36000,1.1858553249
335954,355033,374038,19079,19005,1,36000,2.00389371218
336034,337073,340576,1039,3503,2,36000,1.29660291179
336096,337083,340237,987,3154,2,36000,1.31293595434
336133,355067,375460,18934,20393,1,36000,1.92845584269
336185,355072,378863,18887,23791,1,36000,1.79387163213
336222,336275,337195,53,920,2,900,1.05760869565
336280,337126,340197,846,3071,2,36000,1.27548029958
336295,337135,340538,840,3403,2,36000,1.24684102263
336583,337186,340504,603,3318,2,36000,1.18173598553
336748,337191,340493,443,3302,2,36000,1.13416111448
336812,337206,340783,394,3577,2,36000,1.11014816886
337041,337221,340414,180,3193,2,36000,1.05637331663
337057,337284,340600,227,3316,2,36000,1.06845597105
337072,337295,340520,223,3225,2,36000,1.06914728682
337073,337368,340621,295,3253,2,36000,1.09068552106
337117,337578,341069,461,3491,2,36000,1.13205385276
337132,337613,341055,481,3442,2,36000,1.13974433469
337171,337638,341127,467,3489,2,36000,1.13384924047
337173,337648,340924,475,3276,2,36000,1.14499389499
337211,337691,341215,480,3524,2,36000,1.13620885358
337274,337703,341213,429,3510,2,36000,1.12222222222
337289,337739,341169,450,3430,2,36000,1.13119533528
337357,337746,340915,389,3169,2,36000,1.12275165667
337570,337753,341223,183,3470,2,36000,1.05273775216
337601,337759,341032,158,3273,2,36000,1.04827375496
337628,337766,340813,138,3047,2,36000,1.04529044962
337644,337796,341082,152,3286,2,36000,1.04625684723
337680,337866,341109,186,3243,2,36000,1.05735430157
337695,337899,341168,204,3269,2,36000,1.06240440502
337731,337945,341382,214,3437,2,36000,1.06226360198
337747,337977,341323,230,3346,2,36000,1.06873879259
337748,337986,341390,238,3404,2,36000,1.06991774383
337764,338037,341601,273,3564,2,36000,1.0765993266
337765,338045,341165,280,3120,2,36000,1.08974358974
337787,338050,342582,263,4532,2,36000,1.05803177405
337854,338092,341575,238,3483,2,36000,1.06833189779
337888,338101,341152,213,3051,2,36000,1.06981317601
337935,338107,341425,172,3318,2,36000,1.0518384569
337966,338174,341568,208,3394,2,36000,1.06128461992
337981,338188,341667,207,3479,2,36000,1.05949985628
338027,338205,341531,178,3326,2,36000,1.05351773903
338043,338212,341611,169,3399,2,36000,1.04972050603
338044,338229,341524,185,3295,2,36000,1.05614567527
338081,338309,341628,228,3319,2,36000,1.06869539018
338097,338315,341784,218,3469,2,36000,1.06284231767
338099,338371,341534,272,3163,2,36000,1.0859943092
338163,338432,341828,269,3396,2,36000,1.07921083628
338178,338480,341656,302,3176,2,36000,1.09508816121
338197,338540,341955,343,3415,2,36000,1.10043923865
338212,338548,341941,336,3393,2,36000,1.09902740937
338227,338558,341951,331,3393,2,36000,1.09755378721
338298,338752,342012,454,3260,2,36000,1.13926380368
338313,338782,342197,469,3415,2,36000,1.13733528551
338360,338792,342297,432,3505,2,36000,1.12325249643
338423,338888,342174,465,3286,2,36000,1.14150943396
338469,338907,342295,438,3388,2,36000,1.1292798111
338529,338924,342347,395,3423,2,36000,1.11539585159
338544,338930,342396,386,3466,2,36000,1.11136757069
338559,339129,342238,570,3109,2,36000,1.18333869411
338742,339253,342488,511,3235,2,36000,1.15795981453
338773,339632,342883,859,3251,2,36000,1.26422639188
338788,339770,343249,982,3479,2,36000,1.28226501868
338875,339894,343165,1019,3271,2,36000,1.31152552736
338894,340067,343281,1173,3214,2,36000,1.36496577474
338914,340137,343306,1223,3169,2,36000,1.38592615967
338915,340209,343448,1294,3239,2,36000,1.39950602038
339117,340248,343918,1131,3670,2,36000,1.30817438692
339243,340416,343819,1173,3403,2,36000,1.3446958566
339623,340425,343770,802,3345,2,36000,1.23976083707
339759,340433,343664,674,3231,2,36000,1.20860414732
339888,340506,343703,618,3197,2,36000,1.19330622459
340056,340516,343597,460,3081,2,36000,1.14930217462
340125,340531,343631,406,3100,2,36000,1.13096774194
340200,340550,343905,350,3355,2,36000,1.1043219076
340241,340589,344104,348,3515,2,36000,1.09900426743
340406,340611,343890,205,3279,2,36000,1.06251906069
340421,340667,344083,246,3416,2,36000,1.07201405152
340423,340795,343962,372,3167,2,36000,1.11746131986
340499,340927,344687,428,3760,2,36000,1.11382978723
340525,340936,344285,411,3349,2,36000,1.12272320096
340526,341045,344371,519,3326,2,36000,1.15604329525
340542,341067,344395,525,3328,2,36000,1.15775240385
340555,340824,373307,269,32483,2,172800,1.00828125481
340558,341679,373951,1121,32272,2,172800,1.03473599405
340579,341081,344389,502,3308,2,36000,1.15175332527
340600,341093,344401,493,3308,2,36000,1.14903264813
340622,341121,344345,499,3224,2,36000,1.15477667494
340656,341140,344593,484,3453,2,36000,1.14016796988
340786,341164,344897,378,3733,2,36000,1.10125904099
340814,341176,344413,362,3237,2,36000,1.11183194316
340918,341184,344344,266,3160,2,36000,1.08417721519
340934,341189,344566,255,3377,2,36000,1.07551080841
341033,341226,344326,193,3100,2,36000,1.06225806452
341055,341233,344740,178,3507,2,36000,1.05075563159
341070,341240,344657,170,3417,2,36000,1.04975124378
341085,341336,345265,251,3929,2,36000,1.06388393993
341114,341402,344783,288,3381,2,36000,1.08518189885
341134,341437,345035,303,3598,2,36000,1.08421345192
341153,341537,344923,384,3386,2,36000,1.11340815121
341171,342023,356992,852,14969,4,108000,1.05691762977
341176,341544,344737,368,3193,2,36000,1.115252114
341178,341551,345391,373,3840,2,36000,1.09713541667
341179,341580,344974,401,3394,2,36000,1.1181496759
341216,341587,344727,371,3140,2,36000,1.11815286624
341217,341612,345067,395,3455,2,36000,1.11432706223
341238,341622,345130,384,3508,2,36000,1.1094640821
341263,343581,357065,2318,13484,4,108000,1.17190744586
341285,343586,363818,2301,20232,4,108000,1.11373072361
341323,341639,345190,316,3551,2,36000,1.08898901718
341392,341668,344992,276,3324,2,36000,1.08303249097
341393,341796,345124,403,3328,2,36000,1.12109375
341427,341952,345443,525,3491,2,36000,1.15038670868
341525,341963,345632,438,3669,2,36000,1.11937857727
341541,341970,345289,429,3319,2,36000,1.12925579994
341542,342029,345135,487,3106,2,36000,1.15679330328
341561,343591,355829,2030,12238,4,108000,1.16587677725
341570,342186,345548,616,3362,2,36000,1.18322427127
341585,342210,345678,625,3468,2,36000,1.18021914648
341603,342250,345692,647,3442,2,36000,1.18797210924
341616,343596,355366,1980,11770,4,108000,1.16822429907
341618,342307,345426,689,3119,2,36000,1.22090413594
341634,342315,345751,681,3436,2,36000,1.19819557625
341656,343601,355050,1945,11449,4,108000,1.16988383265
341658,342359,345864,701,3505,2,36000,1.2
341673,342408,345623,735,3215,2,36000,1.22861586314
341697,343607,356490,1910,12883,4,108000,1.14825739346
341795,342499,345755,704,3256,2,36000,1.21621621622
341828,343613,354862,1785,11249,4,108000,1.15868077162
341829,342895,346127,1066,3232,2,36000,1.32982673267
341942,343177,346645,1235,3468,2,36000,1.35611303345
341958,343261,346443,1303,3182,2,36000,1.40949088624
341959,343293,346505,1334,3212,2,36000,1.41531755915
342014,343317,346892,1303,3575,2,36000,1.36447552448
342184,343460,346944,1276,3484,2,36000,1.3662456946
342202,343642,346902,1440,3260,2,36000,1.44171779141
342239,343677,346899,1438,3222,2,36000,1.44630664184
342297,343715,346788,1418,3073,2,36000,1.46143833388
342299,343781,346921,1482,3140,2,36000,1.47197452229
342348,343831,347149,1483,3318,2,36000,1.44695599759
342373,343575,429997,1202,86422,8,86400,1.01390849552
342396,343901,347223,1505,3322,2,36000,1.45304033715
342491,343916,347028,1425,3112,2,36000,1.45790488432
342584,343929,346937,1345,3008,2,36000,1.44714095745
342884,343975,347360,1091,3385,2,36000,1.3223042836
343161,344095,347379,934,3284,2,36000,1.284409257
343249,344116,347486,867,3370,2,36000,1.25727002967
343283,344296,347936,1013,3640,2,36000,1.2782967033
343307,344337,347498,1030,3161,2,36000,1.32584625119
343450,344355,347629,905,3274,2,36000,1.276420281
343597,344363,347821,766,3458,2,36000,1.22151532678
343634,344383,347667,749,3284,2,36000,1.22807551766
343664,344401,347718,737,3317,2,36000,1.22218872475
343706,344408,347988,702,3580,2,36000,1.19608938547
343770,344414,347669,644,3255,2,36000,1.19784946237
343822,344424,347769,602,3345,2,36000,1.17997010463
343892,344577,348106,685,3529,2,36000,1.19410597903
343907,344604,347856,697,3252,2,36000,1.2143296433
343922,344669,348217,747,3548,2,36000,1.21054114994
343962,344699,348024,737,3325,2,36000,1.22165413534
344085,344739,348161,654,3422,2,36000,1.19111630625
344106,344749,348128,643,3379,2,36000,1.19029298609
344286,344755,347895,469,3140,2,36000,1.14936305732
344325,344794,348341,469,3547,2,36000,1.132224415
344344,344909,348627,565,3718,2,36000,1.15196342119
344345,344935,348270,590,3335,2,36000,1.17691154423
344373,344985,348046,612,3061,2,36000,1.19993466188
344391,345005,348584,614,3579,2,36000,1.17155630064
344407,345046,348560,639,3514,2,36000,1.18184405236
344409,345079,348737,670,3658,2,36000,1.18316019683
344424,345137,348547,713,3410,2,36000,1.20909090909
344567,345143,348379,576,3236,2,36000,1.17799752781
344594,345150,348196,556,3046,2,36000,1.18253447144
344658,345201,348623,543,3422,2,36000,1.15867913501
344689,345278,348406,589,3128,2,36000,1.18829923274
344729,345301,348282,572,2981,2,36000,1.19188191882
344744,345402,348558,658,3156,2,36000,1.20849176172
344745,345437,348697,692,3260,2,36000,1.21226993865
344785,345454,348856,669,3402,2,36000,1.19664902998
344898,345561,348825,663,3264,2,36000,1.203125
344925,345635,348725,710,3090,2,36000,1.22977346278
344973,345645,348847,672,3202,2,36000,1.20986883198
344994,345689,348975,695,3286,2,36000,1.21150334753
345037,345704,349149,667,3445,2,36000,1.19361393324
345068,345764,349096,696,3332,2,36000,1.20888355342
345126,345770,348917,644,3147,2,36000,1.20463933905
345142,345877,349092,735,3215,2,36000,1.22861586314
345143,346139,349682,996,3543,2,36000,1.28111769687
345192,346454,350185,1262,3731,2,36000,1.33824711873
345265,346516,350103,1251,3587,2,36000,1.34875940898
345289,346560,350234,1271,3674,2,36000,1.34594447469
345390,346658,350328,1268,3670,2,36000,1.34550408719
345427,346799,350073,1372,3274,2,36000,1.41905925473
345445,346904,350356,1459,3452,2,36000,1.42265353418
345549,346911,350229,1362,3318,2,36000,1.41048824593
345626,346918,350359,1292,3441,2,36000,1.37547224644
345641,346933,350133,1292,3200,2,36000,1.40375
345677,346949,350468,1272,3519,2,36000,1.36146632566
345693,346957,350230,1264,3273,2,36000,1.38619003972
345751,347040,350296,1289,3256,2,36000,1.39588452088
345766,347161,350276,1395,3115,2,36000,1.44783306581
345867,347234,351053,1367,3819,2,36000,1.35794710657
346127,347371,350498,1244,3127,2,36000,1.39782539175
346444,347391,350802,947,3411,2,36000,1.2776311932
346505,347498,350792,993,3294,2,36000,1.3014571949
346646,347509,350822,863,3313,2,36000,1.2604889828
346789,347640,350968,851,3328,2,36000,1.25570913462
346893,347679,350867,786,3188,2,36000,1.24654956085
346908,347686,351227,778,3541,2,36000,1.21971194578
346909,347731,351240,822,3509,2,36000,1.23425477344
346924,347781,351149,857,3368,2,36000,1.25445368171
346939,347833,350998,894,3165,2,36000,1.28246445498
346955,347868,351242,913,3374,2,36000,1.27059869591
347028,347907,351226,879,3319,2,36000,1.26483880687
347151,347948,351250,797,3302,2,36000,1.24136886735
347224,347999,351015,775,3016,2,36000,1.25696286472
347362,348035,351748,673,3713,2,36000,1.18125504982
347380,348057,351367,677,3310,2,36000,1.20453172205
347488,348105,351386,617,3281,2,36000,1.18805242304
347503,348118,351544,615,3426,2,36000,1.17950963222
347628,348140,351677,512,3537,2,36000,1.14475544247
347668,348173,351628,505,3455,2,36000,1.14616497829
347670,348207,351472,537,3265,2,36000,1.16447166922
347719,348229,351744,510,3515,2,36000,1.14509246088
347767,348281,353150,514,4869,2,36000,1.1055658246
347822,348295,351463,473,3168,2,36000,1.14930555556
347856,348353,352410,497,4057,2,36000,1.12250431353
347897,348391,351863,494,3472,2,36000,1.14228110599
347939,348418,351847,479,3429,2,36000,1.13969087197
347991,348559,351906,568,3347,2,36000,1.16970421273
348024,348570,351942,546,3372,2,36000,1.16192170819
348046,348577,351886,531,3309,2,36000,1.16047144152
348106,348595,351949,489,3354,2,36000,1.1457960644
348128,348634,351914,506,3280,2,36000,1.15426829268
348162,348641,351692,479,3051,2,36000,1.15699770567
348195,348708,351998,513,3290,2,36000,1.15592705167
348219,348737,352129,518,3392,2,36000,1.15271226415
348272,348749,352402,477,3653,2,36000,1.13057760745
348293,348837,351999,544,3162,2,36000,1.17204301075
348341,348859,352037,518,3178,2,36000,1.16299559471
348378,348867,352169,489,3302,2,36000,1.14809206541
348406,348929,352114,523,3185,2,36000,1.16420722135
348549,348987,352183,438,3196,2,36000,1.13704630788
348565,349103,352424,538,3321,2,36000,1.16199939777
348566,349110,352622,544,3512,2,36000,1.15489749431
348584,349160,352366,576,3206,2,36000,1.17966313163
348624,349694,353136,1070,3442,2,36000,1.31086577571
348639,349787,353058,1148,3271,2,36000,1.35096300825
348698,349793,353353,1095,3560,2,36000,1.30758426966
348725,349798,353047,1073,3249,2,36000,1.33025546322
348740,349803,353149,1063,3346,2,36000,1.31769276748
348826,349808,353015,982,3207,2,36000,1.30620517618
348854,349814,353057,960,3243,2,36000,1.29602220167
348869,349819,353168,950,3349,2,36000,1.2836667662
348919,349824,353164,905,3340,2,36000,1.27095808383
348977,350085,353538,1108,3453,2,36000,1.32088039386
349093,350115,353558,1022,3443,2,36000,1.29683415626
349108,350145,353653,1037,3508,2,36000,1.29561003421
349150,350197,353326,1047,3129,2,36000,1.33461169703
349682,350241,353532,559,3291,2,36000,1.16985718627
350075,350248,353827,173,3579,2,36000,1.04833752445
350099,350253,353988,154,3735,2,36000,1.04123159304
350133,350288,353661,155,3373,2,36000,1.04595315743
350185,350308,353358,123,3050,2,36000,1.04032786885
350230,350341,353812,111,3471,2,36000,1.0319792567
350232,350367,354367,135,4000,2,36000,1.03375
350247,350375,353852,128,3477,2,36000,1.03681334484
350278,350479,353967,201,3488,2,36000,1.05762614679
350299,350511,353579,212,3068,2,36000,1.06910039113
350330,350804,353910,474,3106,2,36000,1.15260785576
350357,350814,354151,457,3337,2,36000,1.13694935571
350372,350834,354321,462,3487,2,36000,1.13249211356
350470,350879,354171,409,3292,2,36000,1.12424058323
350501,350979,354088,478,3109,2,36000,1.15374718559
350794,351010,354272,216,3262,2,36000,1.06621704476
350810,351026,354861,216,3835,2,36000,1.05632333768
350827,351065,354451,238,3386,2,36000,1.07028942705
350867,351161,354290,294,3129,2,36000,1.09395973154
350968,351239,354404,271,3165,2,36000,1.08562401264
350998,351244,354449,246,3205,2,36000,1.0767550702
351017,351251,354777,234,3526,2,36000,1.06636415201
351055,351258,354522,203,3264,2,36000,1.06219362745
351149,351265,354325,116,3060,2,36000,1.03790849673
351229,351379,354835,150,3456,2,36000,1.04340277778
351230,351397,354686,167,3289,2,36000,1.05077531164
351246,351475,354645,229,3170,2,36000,1.07223974763
351247,351484,355022,237,3538,2,36000,1.0669869983
351262,351556,355015,294,3459,2,36000,1.08499566349
351369,351640,354726,271,3086,2,36000,1.08781594297
351387,351688,354921,301,3233,2,36000,1.09310238169
351463,351705,354856,242,3151,2,36000,1.07680101555
351478,351757,355108,279,3351,2,36000,1.08325872874
351546,351763,354931,217,3168,2,36000,1.06849747475
351631,351858,355299,227,3441,2,36000,1.065969195
351679,351875,355214,196,3339,2,36000,1.05870020964
351695,351898,355179,203,3281,2,36000,1.06187138068
351747,351918,355174,171,3256,2,36000,1.05251842752
351762,351926,355368,164,3442,2,36000,1.04764671702
351848,351955,355131,107,3176,2,36000,1.03369017632
351867,351961,355130,94,3169,2,36000,1.02966235405
351889,352009,355603,120,3594,2,36000,1.03338898164
351908,352017,355145,109,3128,2,36000,1.03484654731
351923,352049,355256,126,3207,2,36000,1.03928905519
351944,352125,355370,181,3245,2,36000,1.05577812018
351959,352141,355524,182,3383,2,36000,1.05379840378
351999,352182,355274,183,3092,2,36000,1.05918499353
352001,352195,355672,194,3477,2,36000,1.05579522577
352037,352378,355906,341,3528,2,36000,1.0966553288
352116,352414,355817,298,3403,2,36000,1.08756979136
352132,352422,355887,290,3465,2,36000,1.08369408369
352171,352436,355732,265,3296,2,36000,1.08040048544
352187,352633,356028,446,3395,2,36000,1.13136966127
352367,352667,355946,300,3279,2,36000,1.09149130833
352404,352672,355829,268,3157,2,36000,1.08489071904
352419,353027,356237,608,3210,2,36000,1.18940809969
352434,353059,356207,625,3148,2,36000,1.19853875476
352628,353068,356521,440,3453,2,36000,1.12742542716
353014,353074,356552,60,3478,2,36000,1.01725129385
353048,353148,356387,100,3239,2,36000,1.03087372646
353063,353161,356312,98,3151,2,36000,1.0311012377
353064,353167,356196,103,3029,2,36000,1.03400462199
353138,353176,356498,38,3322,2,36000,1.01143889223
353153,353182,356531,29,3349,2,36000,1.00865930128
353155,353338,356507,183,3169,2,36000,1.05774692332
353170,353365,356675,195,3310,2,36000,1.05891238671
353172,353371,356742,199,3371,2,36000,1.05903292791
353327,353543,356921,216,3378,2,36000,1.06394316163
353355,353550,356651,195,3101,2,36000,1.06288294099
353370,353569,356693,199,3124,2,36000,1.06370038412
353534,353590,357230,56,3640,2,36000,1.01538461538
353551,353667,356639,116,2972,2,36000,1.03903095559
353568,353674,357478,106,3804,2,36000,1.02786540484
353584,353823,357047,239,3224,2,36000,1.07413151365
353661,353839,357226,178,3387,2,36000,1.05255388249
353662,353864,357356,202,3492,2,36000,1.0578465063
353817,353922,357513,105,3591,2,36000,1.02923976608
353832,353979,357472,147,3493,2,36000,1.04208416834
353854,353999,357636,145,3637,2,36000,1.0398680231
353912,354100,357690,188,3590,2,36000,1.05236768802
353967,354164,357371,197,3207,2,36000,1.06142812597
353988,354183,357531,195,3348,2,36000,1.0582437276
354089,354284,357462,195,3178,2,36000,1.0613593455
354153,354302,358110,149,3808,2,36000,1.03912815126
354172,354332,357753,160,3421,2,36000,1.04676995031
354272,354339,357776,67,3437,2,36000,1.01949374454
354291,354379,357755,88,3376,2,36000,1.02606635071
354321,354416,358010,95,3594,2,36000,1.0264329438
354336,354461,357840,125,3379,2,36000,1.03699319325
354367,354468,357515,101,3047,2,36000,1.03314735806
354407,354534,357658,127,3124,2,36000,1.04065300896
354452,354657,358243,205,3586,2,36000,1.05716675962
354453,354698,358170,245,3472,2,36000,1.07056451613
354522,354737,358175,215,3438,2,36000,1.06253635835
354644,354789,357988,145,3199,2,36000,1.04532666458
354687,354848,358327,161,3479,2,36000,1.046277666
354727,354867,358157,140,3290,2,36000,1.04255319149
354779,354874,357907,95,3033,2,36000,1.03132212331
354837,354880,358385,43,3505,2,36000,1.0122681883
354858,354885,358435,27,3550,2,36000,1.0076056338
354870,355832,356003,962,171,1,3600,6.62573099415
354873,354932,358191,59,3259,2,36000,1.0181037128
354922,354943,358403,21,3460,2,36000,1.00606936416
354937,355027,358367,90,3340,2,36000,1.02694610778
355017,355039,358271,22,3232,2,36000,1.00680693069
355032,355062,358429,30,3367,2,36000,1.00891000891
355108,355119,358244,11,3125,2,36000,1.00352
355127,355142,358647,15,3505,2,36000,1.00427960057
355142,355148,358532,6,3384,2,36000,1.00177304965
355157,355163,358522,6,3359,2,36000,1.00178624591
355176,355186,358564,10,3378,2,36000,1.00296033156
355191,355197,358371,6,3174,2,36000,1.00189035917
355215,355225,358263,10,3038,2,36000,1.00329163924
355258,355268,358728,10,3460,2,36000,1.00289017341
355276,355287,358789,11,3502,2,36000,1.00314106225
355301,355312,358650,11,3338,2,36000,1.00329538646
355369,355377,358487,8,3110,2,36000,1.00257234727
355370,355383,358611,13,3228,2,36000,1.00402726146
355526,355533,358799,7,3266,2,36000,1.00214329455
355605,355612,359657,7,4045,2,36000,1.00173053152
355675,355681,358827,6,3146,2,36000,1.00190718373
355733,355740,359188,7,3448,2,36000,1.00203016241
355819,355825,359044,6,3219,2,36000,1.0018639329
355834,355840,359172,6,3332,2,36000,1.00180072029
355886,355892,359043,6,3151,2,36000,1.00190415741
355908,355914,359251,6,3337,2,36000,1.00179802218
355948,355954,359302,6,3348,2,36000,1.0017921147
356031,356037,359508,6,3471,2,36000,1.00172860847
356180,356186,356534,6,348,1,3600,1.01724137931
356195,356202,359308,7,3106,2,36000,1.00225370251
356211,356217,359614,6,3397,2,36000,1.00176626435
356238,356245,359652,7,3407,2,36000,1.00205459348
356309,356315,359584,6,3269,2,36000,1.00183542368
356391,356397,359590,6,3193,2,36000,1.00187911055
356501,356507,359647,6,3140,2,36000,1.00191082803
356516,356522,359982,6,3460,2,36000,1.00173410405
356532,356539,360345,7,3806,2,36000,1.00183920126
356534,356546,359964,12,3418,2,36000,1.00351082504
356555,356562,359883,7,3321,2,36000,1.00210779886
356638,356645,359995,7,3350,2,36000,1.00208955224
356654,356660,360230,6,3570,2,36000,1.00168067227
356675,356681,360091,6,3410,2,36000,1.00175953079
356693,356699,359955,6,3256,2,36000,1.00184275184
356745,356751,359937,6,3186,2,36000,1.00188323917
356887,357004,357873,117,869,1,3600,1.13463751438
356924,356930,360283,6,3353,2,36000,1.00178944229
357046,357053,360259,7,3206,2,36000,1.00218340611
357224,357230,360468,6,3238,2,36000,1.00185299568
357240,357246,360812,6,3566,2,36000,1.00168255749
357362,357368,360827,6,3459,2,36000,1.00173460538
357379,357385,360430,6,3045,2,36000,1.00197044335
357462,357469,360841,7,3372,2,36000,1.00207591934
357478,357484,360673,6,3189,2,36000,1.00188146754
357479,357490,360654,11,3164,2,36000,1.00347661188
357514,357520,360787,6,3267,2,36000,1.00183654729
357515,357527,360878,12,3351,2,36000,1.00358102059
357534,357540,360578,6,3038,2,36000,1.00197498354
357638,357645,361014,7,3369,2,36000,1.00207776788
357660,357666,361233,6,3567,2,36000,1.00168208579
357691,357697,361130,6,3433,2,36000,1.0017477425
357754,357760,361194,6,3434,2,36000,1.00174723355
357755,357768,361140,13,3372,2,36000,1.00385527877
357780,357786,361213,6,3427,2,36000,1.00175080245
357842,357849,361140,7,3291,2,36000,1.00212701307
357910,357916,361178,6,3262,2,36000,1.00183936235
357992,357998,361311,6,3313,2,36000,1.00181104739
358010,358017,361358,7,3341,2,36000,1.00209518108
358109,358115,361355,6,3240,2,36000,1.00185185185
358159,358165,361649,6,3484,2,36000,1.00172215844
358175,358181,361630,6,3449,2,36000,1.00173963468
358177,358187,361594,10,3407,2,36000,1.00293513355
358193,358199,361360,6,3161,2,36000,1.0018981335
358244,358250,361614,6,3364,2,36000,1.00178359096
358245,358256,361563,11,3307,2,36000,1.00332627759
358264,358270,361755,6,3485,2,36000,1.00172166428
358284,358291,361501,7,3210,2,36000,1.00218068536
358331,358337,361459,6,3122,2,36000,1.00192184497
358368,358374,361824,6,3450,2,36000,1.00173913043
358384,358391,361802,7,3411,2,36000,1.00205218411
358386,358398,361808,12,3410,2,36000,1.00351906158
358404,358411,361658,7,3247,2,36000,1.00215583616
358429,358435,362086,6,3651,2,36000,1.00164338537
358442,358448,358615,6,167,1,3600,1.03592814371
358444,358454,361729,10,3275,2,36000,1.00305343511
358487,358493,361940,6,3447,2,36000,1.00174064404
358524,358530,362465,6,3935,2,36000,1.00152477764
358539,358546,361988,7,3442,2,36000,1.00203370134
358564,358570,362008,6,3438,2,36000,1.0017452007
358613,358619,362123,6,3504,2,36000,1.00171232877
358651,358657,362231,6,3574,2,36000,1.00167879127
358652,358665,361853,13,3188,2,36000,1.00407779172
358729,358735,361780,6,3045,2,36000,1.00197044335
358783,358789,359134,6,345,1,3600,1.01739130435
358791,358797,362312,6,3515,2,36000,1.00170697013
358806,358812,362683,6,3871,2,36000,1.00154998708
358828,358834,362047,6,3213,2,36000,1.00186741363
359044,359051,362011,7,2960,2,36000,1.00236486486
359045,359058,362399,13,3341,2,36000,1.00389105058
359119,359125,359246,6,121,1,3600,1.04958677686
359173,359179,362414,6,3235,2,36000,1.00185471406
359191,359197,362441,6,3244,2,36000,1.00184956843
359252,359258,362811,6,3553,2,36000,1.00168871376
359303,359309,362835,6,3526,2,36000,1.00170164492
359318,359325,362466,7,3141,2,36000,1.00222858962
359423,359429,359745,6,316,1,3600,1.01898734177
359481,359487,360326,6,839,1,3600,1.00715137068
359508,359515,363014,7,3499,2,36000,1.00200057159
359585,359591,362540,6,2949,2,36000,1.002034588
359600,359607,362969,7,3362,2,36000,1.00208209399
359615,359622,362913,7,3291,2,36000,1.00212701307
359650,359656,363085,6,3429,2,36000,1.00174978128
359665,359672,363149,7,3477,2,36000,1.0020132298
359667,359678,363001,11,3323,2,36000,1.00331026181
359883,359889,363106,6,3217,2,36000,1.0018650917
359939,359945,363438,6,3493,2,36000,1.00171772116
359955,359961,363214,6,3253,2,36000,1.00184445128
359971,359977,363152,6,3175,2,36000,1.00188976378
359987,359994,363361,7,3367,2,36000,1.00207900208
360005,360011,363124,6,3113,2,36000,1.00192740122
360095,360101,363496,6,3395,2,36000,1.00176730486
360223,360229,360845,6,616,1,3600,1.00974025974
360231,360237,363332,6,3095,2,36000,1.00193861066
360259,360265,363677,6,3412,2,36000,1.00175849941
360284,360290,363547,6,3257,2,36000,1.00184218606
360348,360355,363541,7,3186,2,36000,1.00219711237
360431,360437,363718,6,3281,2,36000,1.00182871076
360468,360475,364277,7,3802,2,36000,1.00184113624
360578,360584,363791,6,3207,2,36000,1.00187090739
360655,360661,364160,6,3499,2,36000,1.00171477565
360674,360680,363930,6,3250,2,36000,1.00184615385
360786,360792,364061,6,3269,2,36000,1.00183542368
360811,360817,363901,6,3084,2,36000,1.00194552529
360827,360833,364518,6,3685,2,36000,1.00162822252
360844,360850,364211,6,3361,2,36000,1.00178518298
360881,360887,364322,6,3435,2,36000,1.00174672489
361020,361026,364208,6,3182,2,36000,1.00188560654
361138,361144,364474,6,3330,2,36000,1.0018018018
361139,361150,364451,11,3301,2,36000,1.00333232354
361140,361155,364402,15,3247,2,36000,1.00461964891
361179,361185,364739,6,3554,2,36000,1.0016882386
361194,361200,364666,6,3466,2,36000,1.00173110214
361215,361222,364472,7,3250,2,36000,1.00215384615
361241,361247,364540,6,3293,2,36000,1.00182204677
361312,361318,364597,6,3279,2,36000,1.00182982617
361355,361361,364743,6,3382,2,36000,1.00177409817
361371,361377,364975,6,3598,2,36000,1.00166759311
361372,361384,364904,12,3520,2,36000,1.00340909091
361458,361464,364954,6,3490,2,36000,1.00171919771
361501,361507,365021,6,3514,2,36000,1.00170745589
361566,361572,365069,6,3497,2,36000,1.00171575636
361591,361597,361709,6,112,1,3600,1.05357142857
361595,361604,365090,9,3486,2,36000,1.00258175559
361630,361636,365049,6,3413,2,36000,1.00175798418
361631,361643,365018,12,3375,2,36000,1.00355555556
361655,361661,364691,6,3030,2,36000,1.00198019802
361671,361677,365061,6,3384,2,36000,1.00177304965
361731,361737,365247,6,3510,2,36000,1.00170940171
361757,361763,365151,6,3388,2,36000,1.00177095632
361781,361788,364842,7,3054,2,36000,1.00229207597
361806,361813,365212,7,3399,2,36000,1.00205942924
361808,361820,364852,12,3032,2,36000,1.00395778364
361808,361825,361848,17,23,1,1800,1.73913043478
361827,361833,365224,6,3391,2,36000,1.00176938956
361854,361860,365394,6,3534,2,36000,1.00169779287
361866,361872,361929,6,57,1,1800,1.10526315789
361884,361890,362231,6,341,1,3600,1.01759530792
361942,361948,365512,6,3564,2,36000,1.00168350168
361944,361955,362023,11,68,1,1800,1.16176470588
361990,361997,365095,7,3098,2,36000,1.00225952227
362017,362023,365114,6,3091,2,36000,1.00194111938
362018,362029,365340,11,3311,2,36000,1.00332225914
362050,362056,365390,6,3334,2,36000,1.00179964007
362088,362095,365415,7,3320,2,36000,1.00210843373
362124,362131,365313,7,3182,2,36000,1.00219987429
362233,362241,365629,8,3388,2,36000,1.00236127509
362311,362318,365900,7,3582,2,36000,1.00195421552
362402,362408,365739,6,3331,2,36000,1.00180126088
362418,362424,366215,6,3791,2,36000,1.00158269586
362443,362449,365747,6,3298,2,36000,1.00181928441
362465,362471,365937,6,3466,2,36000,1.00173110214
362466,362478,366018,12,3540,2,36000,1.00338983051
362541,362547,366040,6,3493,2,36000,1.00171772116
362668,362675,363300,7,625,1,3600,1.0112
362683,362689,366214,6,3525,2,36000,1.00170212766
362812,362817,366566,5,3749,2,36000,1.00133368898
362837,362844,366044,7,3200,2,36000,1.0021875
362915,362921,366180,6,3259,2,36000,1.00184105554
362971,362977,366366,6,3389,2,36000,1.00177043376
363002,363008,366339,6,3331,2,36000,1.00180126088
363017,363024,366673,7,3649,2,36000,1.00191833379
363087,363093,366157,6,3064,2,36000,1.00195822454
363108,363114,366624,6,3510,2,36000,1.00170940171
363124,363130,366547,6,3417,2,36000,1.00175592625
363148,363156,366225,8,3069,2,36000,1.00260671228
363164,363170,366638,6,3468,2,36000,1.00173010381
363216,363222,366883,6,3661,2,36000,1.00163889648
363259,363266,363278,7,12,1,1800,1.58333333333
363288,363294,363341,6,47,1,1800,1.12765957447
363335,363341,366522,6,3181,2,36000,1.00188619931
363360,363366,363438,6,72,1,1800,1.08333333333
363363,363373,366613,10,3240,2,36000,1.00308641975
363438,363448,366814,10,3366,2,36000,1.00297088532
363497,363503,366810,6,3307,2,36000,1.00181433323
363543,363550,367155,7,3605,2,36000,1.00194174757
363558,363564,366524,6,2960,2,36000,1.00202702703
363679,363685,366675,6,2990,2,36000,1.00200668896
363722,363728,367078,6,3350,2,36000,1.00179104478
363797,363804,367139,7,3335,2,36000,1.00209895052
363900,363907,367198,7,3291,2,36000,1.00212701307
363934,363940,367503,6,3563,2,36000,1.00168397418
364063,364069,367484,6,3415,2,36000,1.00175695461
364161,364168,367690,7,3522,2,36000,1.0019875071
364210,364217,367599,7,3382,2,36000,1.00206978119
364212,364224,367499,12,3275,2,36000,1.00366412214
364276,364284,367707,8,3423,2,36000,1.00233713117
364323,364329,367741,6,3412,2,36000,1.00175849941
364403,364410,367464,7,3054,2,36000,1.00229207597
364452,364458,367786,6,3328,2,36000,1.00180288462
364474,364480,367737,6,3257,2,36000,1.00184218606
364475,364487,367768,12,3281,2,36000,1.00365742152
364518,364525,367900,7,3375,2,36000,1.00207407407
364540,364546,367911,6,3365,2,36000,1.00178306092
364599,364605,367855,6,3250,2,36000,1.00184615385
364667,364672,368115,5,3443,2,36000,1.0014522219
364691,364699,368146,8,3447,2,36000,1.00232085872
364741,364747,368016,6,3269,2,36000,1.00183542368
364756,364762,368396,6,3634,2,36000,1.0016510732
364849,364856,368102,7,3246,2,36000,1.00215650031
364867,364874,368093,7,3219,2,36000,1.00217458838
364907,364913,368189,6,3276,2,36000,1.00183150183
364956,364963,368142,7,3179,2,36000,1.0022019503
364974,364980,368029,6,3049,2,36000,1.00196785831
365020,365026,367966,6,2940,2,36000,1.00204081633
365022,365033,368637,11,3604,2,36000,1.00305216426
365049,365056,368471,7,3415,2,36000,1.00204978038
365065,365071,368323,6,3252,2,36000,1.00184501845
365080,365086,368374,6,3288,2,36000,1.00182481752
365096,365103,368532,7,3429,2,36000,1.00204141149
365098,365109,368714,11,3605,2,36000,1.00305131761
365113,365119,368369,6,3250,2,36000,1.00184615385
365153,365159,368560,6,3401,2,36000,1.001764187
365216,365222,368327,6,3105,2,36000,1.00193236715
365231,365237,368822,6,3585,2,36000,1.00167364017
365249,365256,368464,7,3208,2,36000,1.00218204489
365314,365320,368490,6,3170,2,36000,1.00189274448
365338,365345,368805,7,3460,2,36000,1.00202312139
365391,365398,368680,7,3282,2,36000,1.00213284583
365393,365405,368524,12,3119,2,36000,1.00384738698
365418,365424,368724,6,3300,2,36000,1.00181818182
365450,365456,365478,6,22,1,1800,1.27272727273
365494,365500,365549,6,49,1,1800,1.12244897959
365516,365522,368645,6,3123,2,36000,1.00192122959
365566,365573,365642,7,69,1,1800,1.10144927536
365631,365638,369128,7,3490,2,36000,1.00200573066
365741,365747,369133,6,3386,2,36000,1.00177200236
365756,365763,369235,7,3472,2,36000,1.00201612903
365903,365909,369650,6,3741,2,36000,1.00160384924
365940,365946,369060,6,3114,2,36000,1.00192678227
366020,366026,369316,6,3290,2,36000,1.00182370821
366041,366047,369250,6,3203,2,36000,1.00187324383
366057,366063,369362,6,3299,2,36000,1.00181873295
366158,366164,369271,6,3107,2,36000,1.00193112327
366180,366186,369449,6,3263,2,36000,1.00183879865
366215,366221,369420,6,3199,2,36000,1.00187558612
366216,366228,369939,12,3711,2,36000,1.00323362975
366232,366238,369708,6,3470,2,36000,1.00172910663
366343,366350,369722,7,3372,2,36000,1.00207591934
366367,366374,369961,7,3587,2,36000,1.0019514915
366524,366531,369833,7,3302,2,36000,1.00211992732
366525,366538,370170,13,3632,2,36000,1.00357929515
366547,366553,369912,6,3359,2,36000,1.00178624591
366568,366575,369581,7,3006,2,36000,1.00232867598
366614,366620,370389,6,3769,2,36000,1.0015919342
366629,366637,370163,8,3526,2,36000,1.0022688599
366645,366652,369864,7,3212,2,36000,1.00217932752
366676,366682,370018,6,3336,2,36000,1.00179856115
366677,366689,369891,12,3202,2,36000,1.00374765771
366814,366820,370076,6,3256,2,36000,1.00184275184
366829,366835,370630,6,3795,2,36000,1.00158102767
366884,366890,370177,6,3287,2,36000,1.00182537268
367039,367045,367064,6,19,1,1800,1.31578947368
367073,367079,367124,6,45,1,1800,1.13333333333
367081,367087,370540,6,3453,2,36000,1.00173761946
367135,367141,367196,6,55,1,1800,1.10909090909
367139,367148,370625,9,3477,2,36000,1.00258843831
367158,367164,370395,6,3231,2,36000,1.00185701021
367198,367206,370812,8,3606,2,36000,1.00221852468
367463,367470,370904,7,3434,2,36000,1.00203843914
367485,367491,370961,6,3470,2,36000,1.00172910663
367501,367507,370844,6,3337,2,36000,1.00179802218
367502,367514,370609,12,3095,2,36000,1.00387722132
367601,367607,370824,6,3217,2,36000,1.0018650917
367692,367698,371053,6,3355,2,36000,1.00178837556
367707,367715,371123,8,3408,2,36000,1.00234741784
367739,367745,371013,6,3268,2,36000,1.00183598531
367755,367761,371115,6,3354,2,36000,1.00178890877
367770,367776,371180,6,3404,2,36000,1.0017626322
367786,367792,371041,6,3249,2,36000,1.00184672207
367857,367863,371237,6,3374,2,36000,1.00177830468
367901,367907,371564,6,3657,2,36000,1.00164068909
367916,367922,371255,6,3333,2,36000,1.00180018002
367969,367975,371558,6,3583,2,36000,1.00167457438
368014,368021,371186,7,3165,2,36000,1.00221169036
368030,368036,371533,6,3497,2,36000,1.00171575636
368095,368101,371275,6,3174,2,36000,1.00189035917
368111,368118,371644,7,3526,2,36000,1.00198525241
368127,368133,371364,6,3231,2,36000,1.00185701021
368145,368151,371470,6,3319,2,36000,1.00180777343
368161,368167,371271,6,3104,2,36000,1.00193298969
368191,368198,371393,7,3195,2,36000,1.00219092332
368323,368329,371771,6,3442,2,36000,1.00174317257
368338,368344,371894,6,3550,2,36000,1.00169014085
368369,368375,371761,6,3386,2,36000,1.00177200236
368384,368391,371575,7,3184,2,36000,1.00219849246
368400,368406,371630,6,3224,2,36000,1.00186104218
368464,368470,371677,6,3207,2,36000,1.00187090739
368479,368486,371775,7,3289,2,36000,1.00212830648
368495,368501,372017,6,3516,2,36000,1.00170648464
368525,368532,371943,7,3411,2,36000,1.00205218411
368540,368547,372122,7,3575,2,36000,1.00195804196
368562,368568,371796,6,3228,2,36000,1.00185873606
368639,368646,372093,7,3447,2,36000,1.00203075138
368655,368661,371732,6,3071,2,36000,1.00195376099
368679,368685,371943,6,3258,2,36000,1.00184162063
368716,368723,372079,7,3356,2,36000,1.00208581645
368732,368738,371947,6,3209,2,36000,1.00186974135
368806,368812,371881,6,3069,2,36000,1.00195503421
368821,368827,372082,6,3255,2,36000,1.00184331797
369060,369066,372390,6,3324,2,36000,1.00180505415
369128,369133,372559,5,3426,2,36000,1.0014594279
369143,369149,372475,6,3326,2,36000,1.00180396873
369235,369241,372469,6,3228,2,36000,1.00185873606
369250,369257,372482,7,3225,2,36000,1.00217054264
369272,369278,372790,6,3512,2,36000,1.00170842825
369318,369324,372539,6,3215,2,36000,1.00186625194
369364,369370,372678,6,3308,2,36000,1.00181378476
369423,369429,372561,6,3132,2,36000,1.00191570881
369450,369457,372644,7,3187,2,36000,1.00219642297
369582,369589,373070,7,3481,2,36000,1.0020109164
369651,369657,373278,6,3621,2,36000,1.00165700083
369710,369716,372989,6,3273,2,36000,1.00183318057
369725,369731,373051,6,3320,2,36000,1.00180722892
369832,369839,373337,7,3498,2,36000,1.00200114351
369863,369869,373110,6,3241,2,36000,1.00185128047
369891,369898,373240,7,3342,2,36000,1.00209455416
369913,369919,373339,6,3420,2,36000,1.00175438596
369938,369944,373198,6,3254,2,36000,1.00184388445
369962,369968,373280,6,3312,2,36000,1.0018115942
370020,370026,373447,6,3421,2,36000,1.00175387314
370076,370082,373499,6,3417,2,36000,1.00175592625
370162,370168,373711,6,3543,2,36000,1.0016934801
370178,370184,373563,6,3379,2,36000,1.00177567328
370179,370190,373660,11,3470,2,36000,1.00317002882
370390,370396,373563,6,3167,2,36000,1.00189453742
370410,370416,374043,6,3627,2,36000,1.00165425972
370537,370543,373763,6,3220,2,36000,1.00186335404
370611,370617,373941,6,3324,2,36000,1.00180505415
370626,370633,374151,7,3518,2,36000,1.00198976691
370641,370647,374046,6,3399,2,36000,1.00176522507
370813,370819,374233,6,3414,2,36000,1.00175746924
370828,370834,374168,6,3334,2,36000,1.00179964007
370844,370850,374434,6,3584,2,36000,1.00167410714
370903,370910,374243,7,3333,2,36000,1.00210021002
370962,370968,374126,6,3158,2,36000,1.00189993667
371015,371022,374483,7,3461,2,36000,1.00202253684
371042,371048,374523,6,3475,2,36000,1.00172661871
371058,371065,374322,7,3257,2,36000,1.00214921707
371116,371122,374641,6,3519,2,36000,1.00170502984
371132,371138,374257,6,3119,2,36000,1.00192369349
371181,371187,374718,6,3531,2,36000,1.00169923534
371196,371202,374518,6,3316,2,36000,1.00180940893
371239,371245,374411,6,3166,2,36000,1.00189513582
371257,371263,374833,6,3570,2,36000,1.00168067227
371273,371279,374720,6,3441,2,36000,1.00174367916
371288,371294,374858,6,3564,2,36000,1.00168350168
371291,371300,382203,9,10903,4,10800,1.00082546088
371363,371369,374771,6,3402,2,36000,1.00176366843
371394,371400,375137,6,3737,2,36000,1.00160556596
371471,371477,374709,6,3232,2,36000,1.00185643564
371532,371538,375210,6,3672,2,36000,1.00163398693
371560,371566,374842,6,3276,2,36000,1.00183150183
371575,371581,374878,6,3297,2,36000,1.00181983621
371576,371587,374875,11,3288,2,36000,1.00334549878
371632,371638,375558,6,3920,2,36000,1.00153061224
371647,371653,375062,6,3409,2,36000,1.00176004693
371678,371685,375049,7,3364,2,36000,1.00208085612
371734,371740,375048,6,3308,2,36000,1.00181378476
371761,371768,375057,7,3289,2,36000,1.00212830648
371777,371783,375213,6,3430,2,36000,1.00174927114
371778,371789,375134,11,3345,2,36000,1.00328849028
371797,371804,375079,7,3275,2,36000,1.00213740458
371883,371889,375346,6,3457,2,36000,1.00173560891
371898,371904,375181,6,3277,2,36000,1.00183094294
371944,371950,375301,6,3351,2,36000,1.0017905103
371946,371958,375199,12,3241,2,36000,1.00370256094
371961,371968,375018,7,3050,2,36000,1.00229508197
372020,372026,375343,6,3317,2,36000,1.00180886343
372079,372085,375526,6,3441,2,36000,1.00174367916
372094,372101,375447,7,3346,2,36000,1.00209205021
372096,372107,375095,11,2988,2,36000,1.00368139224
372121,372128,375497,7,3369,2,36000,1.00207776788
372389,372397,375692,8,3295,2,36000,1.00242792109
372470,372476,375628,6,3152,2,36000,1.0019035533
372486,372492,376077,6,3585,2,36000,1.00167364017
372488,372498,375913,10,3415,2,36000,1.00292825769
372540,372546,375777,6,3231,2,36000,1.00185701021
372562,372568,375934,6,3366,2,36000,1.00178253119
372563,372575,376151,12,3576,2,36000,1.0033557047
372644,372650,376048,6,3398,2,36000,1.00176574456
372681,372687,375956,6,3269,2,36000,1.00183542368
372791,372797,376164,6,3367,2,36000,1.00178200178
372990,372996,376755,6,3759,2,36000,1.00159616919
373051,373058,376258,7,3200,2,36000,1.0021875
373070,373076,376391,6,3315,2,36000,1.00180995475
373113,373120,376344,7,3224,2,36000,1.00217121588
373205,373212,376903,7,3691,2,36000,1.00189650501
373243,373249,376775,6,3526,2,36000,1.00170164492
373280,373286,376993,6,3707,2,36000,1.00161855948
373281,373293,376961,12,3668,2,36000,1.00327153762
373339,373345,377189,6,3844,2,36000,1.00156087409
373340,373352,376516,12,3164,2,36000,1.00379266751
373447,373454,376648,7,3194,2,36000,1.00219160927
373499,373505,376803,6,3298,2,36000,1.00181928441
373564,373570,376728,6,3158,2,36000,1.00189993667
373565,373577,377008,12,3431,2,36000,1.00349752259
373661,373668,377186,7,3518,2,36000,1.00198976691
373713,373719,376867,6,3148,2,36000,1.00190597205
373765,373771,377003,6,3232,2,36000,1.00185643564
373944,373950,377325,6,3375,2,36000,1.00177777778
374046,374052,377699,6,3647,2,36000,1.00164518783
374048,374060,377200,12,3140,2,36000,1.00382165605
374128,374134,377237,6,3103,2,36000,1.00193361263
374153,374160,377350,7,3190,2,36000,1.00219435737
374169,374176,377573,7,3397,2,36000,1.00206064174
374235,374241,377622,6,3381,2,36000,1.00177462289
374250,374256,377311,6,3055,2,36000,1.00196399345
374265,374272,377514,7,3242,2,36000,1.00215916101
374324,374330,377278,6,2948,2,36000,1.00203527815
374411,374417,377750,6,3333,2,36000,1.00180018002
374437,374443,377926,6,3483,2,36000,1.00172265289
374486,374493,377996,7,3503,2,36000,1.00199828718
374521,374528,377711,7,3183,2,36000,1.00219918316
374536,374543,377746,7,3203,2,36000,1.00218545114
374644,374650,377791,6,3141,2,36000,1.00191021968
374712,374718,378033,6,3315,2,36000,1.00180995475
374728,374734,378047,6,3313,2,36000,1.00181104739
374729,374741,378302,12,3561,2,36000,1.00336983993
374772,374779,378022,7,3243,2,36000,1.00215849522
374834,374840,378078,6,3238,2,36000,1.00185299568
374850,374856,378126,6,3270,2,36000,1.00183486239
374865,374871,378098,6,3227,2,36000,1.00185931205
374881,374887,378324,6,3437,2,36000,1.00174570847
374882,374894,377929,12,3035,2,36000,1.0039538715
375020,375028,378377,8,3349,2,36000,1.00238877277
375062,375068,378549,6,3481,2,36000,1.00172364263
375063,375074,378204,11,3130,2,36000,1.003514377
375064,375080,378272,16,3192,2,36000,1.00501253133
375066,375085,378359,19,3274,2,36000,1.00580329872
375082,375092,378646,10,3554,2,36000,1.00281373101
375097,375103,378552,6,3449,2,36000,1.00173963468
375137,375143,378708,6,3565,2,36000,1.00168302945
375138,375150,378448,12,3298,2,36000,1.00363856883
375182,375189,378396,7,3207,2,36000,1.00218272529
375200,375206,378288,6,3082,2,36000,1.0019467878
375216,375222,378837,6,3615,2,36000,1.00165975104
375218,375228,378544,10,3316,2,36000,1.00301568154
375302,375308,378477,6,3169,2,36000,1.00189334175
375345,375352,378672,7,3320,2,36000,1.00210843373
375360,375367,378714,7,3347,2,36000,1.00209142516
375449,375455,378864,6,3409,2,36000,1.00176004693
375497,375504,378916,7,3412,2,36000,1.00205158265
375528,375534,379110,6,3576,2,36000,1.00167785235
375559,375566,378939,7,3373,2,36000,1.00207530388
375629,375635,379230,6,3595,2,36000,1.0016689847
375683,375690,430038,7,54348,1,259200,1.00012879959
375686,375697,431664,11,55967,1,259200,1.00019654439
375689,375702,432701,13,56999,1,259200,1.00022807418
375693,375708,379169,15,3461,2,36000,1.00433400751
375721,382211,514363,6490,132152,1,259200,1.04911011562
375726,382216,514000,6490,131784,1,259200,1.04924725308
375729,426680,557411,50951,130731,1,259200,1.38973923553
375776,375782,379073,6,3291,2,36000,1.00182315406
375798,431676,596455,55878,164779,1,259200,1.33910874565
375798,432448,596455,56650,164007,1,259200,1.34541208607
375798,430051,596455,54253,166404,1,259200,1.32603182616
375878,375926,376624,48,698,2,14400,1.06876790831
375914,375920,379171,6,3251,2,36000,1.00184558597
375936,375942,379695,6,3753,2,36000,1.00159872102
375957,375963,379580,6,3617,2,36000,1.00165883329
376005,376012,401487,7,25475,1,36000,1.0002747792
376051,376057,379391,6,3334,2,36000,1.00179964007
376078,376086,379107,8,3021,2,36000,1.00264812976
376152,376158,379208,6,3050,2,36000,1.00196721311
376167,376175,379728,8,3553,2,36000,1.00225161835
376238,376244,376939,6,695,2,14400,1.00863309353
376260,376267,379699,7,3432,2,36000,1.00203962704
376346,376352,379685,6,3333,2,36000,1.00180018002
376392,376398,379625,6,3227,2,36000,1.00185931205
376482,434101,458184,57619,24083,6,72000,3.3925175435
376517,376524,379695,7,3171,2,36000,1.00220750552
376649,376655,380003,6,3348,2,36000,1.0017921147
376728,376736,379853,8,3117,2,36000,1.00256657042
376756,376763,380071,7,3308,2,36000,1.00211608222
376777,376784,380008,7,3224,2,36000,1.00217121588
376805,376812,380277,7,3465,2,36000,1.00202020202
376866,376872,380231,6,3359,2,36000,1.00178624591
376908,376914,380389,6,3475,2,36000,1.00172661871
376961,376968,380293,7,3325,2,36000,1.00210526316
376995,377002,380183,7,3181,2,36000,1.00220056586
377011,377017,380373,6,3356,2,36000,1.00178784267
377012,377024,380479,12,3455,2,36000,1.00347322721
377188,377195,380728,7,3533,2,36000,1.00198131899
377203,377210,380618,7,3408,2,36000,1.00205399061
377205,377217,380403,12,3186,2,36000,1.00376647834
377239,377245,380393,6,3148,2,36000,1.00190597205
377279,377285,380664,6,3379,2,36000,1.00177567328
377312,377319,380731,7,3412,2,36000,1.00205158265
377328,377334,380415,6,3081,2,36000,1.00194741967
377352,377358,380514,6,3156,2,36000,1.00190114068
377516,377522,381081,6,3559,2,36000,1.00168586682
377575,377581,381203,6,3622,2,36000,1.00165654335
377624,377630,380868,6,3238,2,36000,1.00185299568
377698,377705,381307,7,3602,2,36000,1.0019433648
377714,377720,380960,6,3240,2,36000,1.00185185185
377748,377755,380930,7,3175,2,36000,1.00220472441
377763,377769,380959,6,3190,2,36000,1.00188087774
377790,377797,380946,7,3149,2,36000,1.00222292791
377927,377933,381255,6,3322,2,36000,1.00180614088
377943,377949,381561,6,3612,2,36000,1.00166112957
377995,378002,381166,7,3164,2,36000,1.00221238938
378024,378031,381439,7,3408,2,36000,1.00205399061
378039,378045,381033,6,2988,2,36000,1.00200803213
378054,378060,381272,6,3212,2,36000,1.00186799502
378079,378085,381099,6,3014,2,36000,1.00199071002
378098,378104,381414,6,3310,2,36000,1.00181268882
378125,378132,381101,7,2969,2,36000,1.00235769619
378204,378212,381401,8,3189,2,36000,1.00250862339
378272,378278,381922,6,3644,2,36000,1.00164654226
378290,378296,381551,6,3255,2,36000,1.00184331797
378305,378312,381970,7,3658,2,36000,1.001913614
378324,378331,381492,7,3161,2,36000,1.00221448909
378359,378365,381648,6,3283,2,36000,1.00182759671
378380,378387,381995,7,3608,2,36000,1.00194013304
378399,378406,381912,7,3506,2,36000,1.0019965773
378450,378457,381797,7,3340,2,36000,1.00209580838
378478,378486,381693,8,3207,2,36000,1.00249454319
378547,378553,381959,6,3406,2,36000,1.00176159718
378563,378569,382096,6,3527,2,36000,1.00170116246
378564,378576,382107,12,3531,2,36000,1.00339847069
378624,432606,465267,53982,32661,1,172800,2.65279691375
378649,378656,382053,7,3397,2,36000,1.00206064174
378671,378677,382148,6,3471,2,36000,1.00172860847
378708,378716,381846,8,3130,2,36000,1.00255591054
378724,378730,382043,6,3313,2,36000,1.00181104739
378838,378844,382145,6,3301,2,36000,1.00181763102
378863,378870,382295,7,3425,2,36000,1.00204379562
378917,378924,381906,7,2982,2,36000,1.00234741784
378939,378945,382565,6,3620,2,36000,1.00165745856
379012,379128,389471,116,10343,4,14400,1.01121531471
379071,379078,382240,7,3162,2,36000,1.00221378874
379108,379116,382432,8,3316,2,36000,1.00241254524
379110,379121,382391,11,3270,2,36000,1.00336391437
379172,379179,382628,7,3449,2,36000,1.00202957379
379173,379186,382670,13,3484,2,36000,1.00373134328
379210,379217,382715,7,3498,2,36000,1.00200114351
379231,379238,382866,7,3628,2,36000,1.00192943771
379391,379398,382851,7,3453,2,36000,1.0020272227
379580,379587,382773,7,3186,2,36000,1.00219711237
379626,379632,382723,6,3091,2,36000,1.00194111938
379690,379697,382700,7,3003,2,36000,1.00233100233
379708,379715,383108,7,3393,2,36000,1.00206307103
379710,379721,383094,11,3373,2,36000,1.00326119182
379711,379726,383076,15,3350,2,36000,1.00447761194
379730,379736,383203,6,3467,2,36000,1.00173060283
379852,379860,382998,8,3138,2,36000,1.00254939452
380005,380011,383299,6,3288,2,36000,1.00182481752
380021,380027,383295,6,3268,2,36000,1.00183598531
380073,380079,383597,6,3518,2,36000,1.0017055145
380183,380189,383715,6,3526,2,36000,1.00170164492
380232,380238,383663,6,3425,2,36000,1.00175182482
380278,380284,383716,6,3432,2,36000,1.00174825175
380293,380301,383558,8,3257,2,36000,1.00245624808
380320,380326,381154,6,828,2,10800,1.00724637681
380376,380383,383698,7,3315,2,36000,1.00211161388
380392,380398,383640,6,3242,2,36000,1.00185070944
380408,380414,383638,6,3224,2,36000,1.00186104218
380409,380421,383909,12,3488,2,36000,1.00344036697
380424,380431,383629,7,3198,2,36000,1.00218886804
380483,380489,383869,6,3380,2,36000,1.00177514793
380516,380523,383813,7,3290,2,36000,1.00212765957
380566,380634,381477,68,843,2,10800,1.08066429419
380622,380628,384140,6,3512,2,36000,1.00170842825
380666,380673,383922,7,3249,2,36000,1.00215450908
380729,380737,385198,8,4461,2,36000,1.00179331988
380745,380752,383994,7,3242,2,36000,1.00215916101
380870,380877,384073,7,3196,2,36000,1.0021902378
380931,380937,384393,6,3456,2,36000,1.00173611111
380946,380952,384558,6,3606,2,36000,1.00166389351
380947,380959,384597,12,3638,1,3600,1.00329851567
380962,380968,384580,6,3612,2,36000,1.00166112957
380963,380980,384267,17,3287,2,36000,1.00517188926
381034,381040,384586,6,3546,2,36000,1.00169204738
381083,381089,384521,6,3432,2,36000,1.00174825175
381102,381108,384268,6,3160,2,36000,1.00189873418
381103,381115,384789,12,3674,2,36000,1.00326619488
381168,381175,384904,7,3729,2,36000,1.00187717887
381207,381214,384613,7,3399,2,36000,1.00205942924
381257,381264,384624,7,3360,2,36000,1.00208333333
381272,381278,384737,6,3459,2,36000,1.00173460538
381310,381316,384626,6,3310,2,36000,1.00181268882
381331,381337,381830,6,493,1,1800,1.0121703854
381402,381409,384841,7,3432,2,36000,1.00203962704
381418,381424,384971,6,3547,2,36000,1.00169157034
381440,381446,384473,6,3027,2,36000,1.00198216056
381495,381501,385089,6,3588,2,36000,1.0016722408
381554,381560,384964,6,3404,2,36000,1.0017626322
381569,381576,385145,7,3569,2,36000,1.00196133371
381649,381655,385180,6,3525,2,36000,1.00170212766
381695,381701,384994,6,3293,2,36000,1.00182204677
381799,381805,385186,6,3381,2,36000,1.00177462289
381845,381852,385007,7,3155,2,36000,1.00221870048
381907,381913,385300,6,3387,2,36000,1.00177147919
381922,381929,385474,7,3545,2,36000,1.00197461213
381923,432611,432615,50688,4,1,86400,5069.2
381924,381936,385321,12,3385,2,36000,1.0035450517
381961,381967,385307,6,3340,2,36000,1.00179640719
381976,381982,385347,6,3365,2,36000,1.00178306092
381997,382004,385366,7,3362,2,36000,1.00208209399
382047,382054,385357,7,3303,2,36000,1.0021192855
382062,382069,385228,7,3159,2,36000,1.0022158911
382098,382105,385477,7,3372,2,36000,1.00207591934
382114,382120,385483,6,3363,2,36000,1.00178412132
382148,382154,385290,6,3136,2,36000,1.00191326531
382149,382161,385440,12,3279,2,36000,1.00365965233
382241,382248,385757,7,3509,2,36000,1.00199487033
382295,382302,385432,7,3130,2,36000,1.00223642173
382394,382401,385757,7,3356,2,36000,1.00208581645
382434,382440,385757,6,3317,2,36000,1.00180886343
382470,382476,384984,6,2508,2,43200,1.0023923445
382568,382575,385749,7,3174,2,36000,1.00220541903
382627,382633,385757,6,3124,2,36000,1.0019206146
382673,382679,385757,6,3078,2,36000,1.00194931774
382701,382707,385757,6,3050,2,36000,1.00196721311
382716,382723,385757,7,3034,2,36000,1.00230718523
382734,382740,385757,6,3017,2,36000,1.00198873053
382774,382781,385757,7,2976,2,36000,1.00235215054
382777,412924,470189,30147,57265,2,172800,1.52644721907
382855,382862,385757,7,2895,2,36000,1.002417962
382870,382876,385757,6,2881,2,36000,1.0020826102
382992,382998,383301,6,303,2,21600,1.0198019802
383001,383008,385757,7,2749,2,36000,1.0025463805
383075,383082,385757,7,2675,2,36000,1.00261682243
383094,383101,385761,7,2660,2,36000,1.00263157895
383110,383117,385761,7,2644,2,36000,1.00264750378
383207,383214,385761,7,2547,2,36000,1.00274833137
383223,434107,480361,50884,46254,8,57600,2.10009945086
383296,383302,385761,6,2459,2,36000,1.00244001627
383311,383317,385761,6,2444,2,36000,1.00245499182
383333,383339,383721,6,382,2,7200,1.01570680628
383548,434091,461173,50543,27082,4,108000,2.86629495606
383559,383566,385761,7,2195,2,36000,1.00318906606
383599,383605,385761,6,2156,2,36000,1.00278293135
383630,383636,385761,6,2125,2,36000,1.00282352941
383646,383652,385761,6,2109,2,36000,1.00284495021
383647,383658,385761,11,2103,2,36000,1.00523062292
383659,385784,417964,2125,32180,8,43200,1.06603480423
383665,383672,385761,7,2089,2,36000,1.00335088559
383699,383705,385761,6,2056,2,36000,1.00291828794
383712,434096,434267,50384,171,4,108000,295.643274854
383718,383724,385761,6,2037,2,36000,1.0029455081
383719,383731,385761,12,2030,2,36000,1.00591133005
383725,434086,596453,50361,162367,4,432000,1.31016770649
383812,383818,385761,6,1943,2,36000,1.00308800823
383868,383875,385761,7,1886,2,36000,1.00371155885
383911,383919,385761,8,1842,2,36000,1.00434310532
383927,383933,385761,6,1828,2,36000,1.00328227571
383994,384000,385761,6,1761,2,36000,1.00340715503
384074,384081,385761,7,1680,2,36000,1.00416666667
384140,384147,385761,7,1614,2,36000,1.00433705081
384266,384273,385763,7,1490,2,36000,1.00469798658
384267,384279,385761,12,1482,2,36000,1.00809716599
384396,384403,385761,7,1358,2,36000,1.00515463918
384406,385770,425062,1364,39292,4,43200,1.03471444569
384474,384481,385761,7,1280,2,36000,1.00546875
384524,384531,385761,7,1230,2,36000,1.00569105691
384558,384564,385762,6,1198,2,36000,1.00500834725
384580,384586,385762,6,1176,2,36000,1.00510204082
384595,384601,385762,6,1161,2,36000,1.00516795866
384613,384619,385762,6,1143,2,36000,1.00524934383
384630,384636,385762,6,1126,2,36000,1.0053285968
384631,384643,385762,12,1119,2,36000,1.01072386059
384676,385197,394840,521,9643,16,10800,1.0540288292
384739,384746,385762,7,1016,2,36000,1.00688976378
384779,384785,391558,6,6773,1,14400,1.00088587037
384792,384798,385762,6,964,2,36000,1.00622406639
384844,384852,385762,8,910,2,36000,1.00879120879
384906,384912,385762,6,850,2,36000,1.00705882353
384962,384969,385035,7,66,2,1200,1.10606060606
384964,384975,385762,11,787,2,36000,1.01397712834
384979,384987,385762,8,775,2,36000,1.01032258065
384995,385002,385762,7,760,2,36000,1.00921052632
385010,385016,385762,6,746,2,36000,1.00804289544
385035,385041,387748,6,2707,2,21600,1.0022164758
385090,385102,385762,12,660,2,36000,1.01818181818
385142,385150,385762,8,612,2,36000,1.01307189542
385180,385186,385762,6,576,2,36000,1.01041666667
385195,385205,385762,10,557,2,36000,1.01795332136
385211,385217,385762,6,545,2,36000,1.01100917431
385229,385236,385762,7,526,2,36000,1.01330798479
385284,385303,389589,19,4286,2,21600,1.0044330378
385300,385310,385762,10,452,2,36000,1.02212389381
385316,385323,385762,7,439,2,36000,1.0159453303
385318,385330,385762,12,432,2,36000,1.02777777778
385334,385343,385762,9,419,2,36000,1.0214797136
385349,385355,385762,6,407,2,36000,1.01474201474
385354,385495,385572,141,77,1,1200,2.83116883117
385365,385371,385762,6,391,2,36000,1.01534526854
385380,385386,385762,6,376,2,36000,1.01595744681
385382,385501,396432,119,10931,1,10800,1.01088646967
385432,385438,385762,6,324,2,36000,1.01851851852
385448,385454,385762,6,308,2,36000,1.01948051948
385476,385482,385762,6,280,2,36000,1.02142857143
385477,385489,385762,12,273,2,36000,1.04395604396
385493,385508,385762,15,254,2,36000,1.05905511811
385949,385955,389115,6,3160,2,36000,1.00189873418
385950,385961,389162,11,3201,2,36000,1.00343642612
385952,385966,389308,14,3342,2,36000,1.00418910832
385953,385972,389214,19,3242,2,36000,1.00586057989
385954,385977,389262,23,3285,2,36000,1.00700152207
385956,385983,388894,27,2911,2,36000,1.00927516317
385957,385989,389163,32,3174,2,36000,1.01008191556
385958,385994,389138,36,3144,2,36000,1.01145038168
385960,385999,389517,39,3518,2,36000,1.01108584423
385961,386004,389166,43,3162,2,36000,1.01359898798
385962,386010,389320,48,3310,2,36000,1.01450151057
385964,386015,389372,51,3357,2,36000,1.01519213584
385965,386020,389429,55,3409,2,36000,1.01613376357
385967,386025,389124,58,3099,2,36000,1.01871571475
385968,386031,389073,63,3042,2,36000,1.02071005917
385969,386036,389279,67,3243,2,36000,1.02065988282
385971,386041,389364,70,3323,2,36000,1.02106530244
385972,386046,389416,74,3370,2,36000,1.02195845697
385973,386052,388981,79,2929,2,36000,1.02697166268
385975,386057,389258,82,3201,2,36000,1.02561699469
385976,386062,389170,86,3108,2,36000,1.02767052767
385978,386067,389491,89,3424,2,36000,1.02599299065
385979,386074,389304,95,3230,2,36000,1.02941176471
385980,386080,389133,100,3053,2,36000,1.03275466754
385982,386085,389091,103,3006,2,36000,1.03426480373
385983,386090,389749,107,3659,2,36000,1.02924296256
385984,386095,389229,111,3134,2,36000,1.03541799617
385986,386101,389142,115,3041,2,36000,1.03781650773
385987,386106,389346,119,3240,2,36000,1.03672839506
385989,386111,389623,122,3512,2,36000,1.034738041
385990,386116,389248,126,3132,2,36000,1.04022988506
385991,386122,389275,131,3153,2,36000,1.04154773232
385993,386127,389487,134,3360,2,36000,1.03988095238
385994,386132,389256,138,3124,2,36000,1.04417413572
385995,386138,389526,143,3388,2,36000,1.04220779221
385997,386143,389377,146,3234,2,36000,1.04514533086
385998,386148,389684,150,3536,2,36000,1.04242081448
385999,386153,389361,154,3208,2,36000,1.04800498753
386001,386158,389405,157,3247,2,36000,1.04835232522
386002,386164,389658,162,3494,2,36000,1.04636519748
386126,387766,387781,1640,15,1,1200,110.333333333
386614,386620,390049,6,3429,2,36000,1.00174978128
386616,386626,389785,10,3159,2,36000,1.00316555872
386617,386632,389831,15,3199,2,36000,1.0046889653
386618,386637,389501,19,2864,2,36000,1.00663407821
386620,386642,390090,22,3448,2,36000,1.00638051044
386621,386648,389621,27,2973,2,36000,1.00908173562
386622,386654,390093,32,3439,2,36000,1.00930503053
386624,386659,390019,35,3360,2,36000,1.01041666667
386625,386666,389936,41,3270,2,36000,1.0125382263
386627,386672,389837,45,3165,2,36000,1.01421800948
386628,386677,390072,49,3395,2,36000,1.01443298969
386630,386682,390303,52,3621,2,36000,1.01436067385
386631,386687,389672,56,2985,2,36000,1.01876046901
386632,386692,390171,60,3479,2,36000,1.01724633515
386634,386698,389952,64,3254,2,36000,1.0196681008
386635,386703,390413,68,3710,2,36000,1.01832884097
386637,386708,389890,71,3182,2,36000,1.02231301069
386639,386713,389782,74,3069,2,36000,1.02411208863
386640,386719,389888,79,3169,2,36000,1.02492899968
386642,386724,389686,82,2962,2,36000,1.0276839973
387668,387761,388276,93,515,1,32400,1.18058252427
388894,388901,392315,7,3414,2,36000,1.00205038079
388981,388988,392123,7,3135,2,36000,1.00223285486
389074,389082,392426,8,3344,2,36000,1.0023923445
389092,389099,392078,7,2979,2,36000,1.00234978181
389117,389123,392096,6,2973,2,36000,1.00201816347
389132,389138,392248,6,3110,2,36000,1.00192926045
389133,389145,392620,12,3475,2,36000,1.00345323741
389149,389155,392537,6,3382,2,36000,1.00177409817
389150,389161,392691,11,3530,2,36000,1.00311614731
389165,389172,392091,7,2919,2,36000,1.00239808153
389167,389179,392296,12,3117,2,36000,1.00384985563
389181,389188,392193,7,3005,2,36000,1.00232945092
389183,389194,392463,11,3269,2,36000,1.00336494341
389216,389222,392424,6,3202,2,36000,1.00187382886
389230,389238,392540,8,3302,2,36000,1.00242277408
389248,389254,392735,6,3481,2,36000,1.00172364263
389264,389270,392580,6,3310,2,36000,1.00181268882
389265,389277,392376,12,3099,2,36000,1.00387221684
389266,389282,392498,16,3216,2,36000,1.00497512438
389281,389289,392844,8,3555,2,36000,1.00225035162
389283,389294,392305,11,3011,2,36000,1.00365327134
389304,389310,392475,6,3165,2,36000,1.0018957346
389319,389326,392860,7,3534,2,36000,1.00198075835
389320,389332,392764,12,3432,2,36000,1.0034965035
389346,389353,392313,7,2960,2,36000,1.00236486486
389361,389367,392760,6,3393,2,36000,1.0017683466
389376,389382,392923,6,3541,2,36000,1.0016944366
389377,389389,392397,12,3008,2,36000,1.0039893617
389392,389399,392476,7,3077,2,36000,1.00227494313
389407,389413,393448,6,4035,2,36000,1.00148698885
389422,389428,392985,6,3557,2,36000,1.00168681473
389437,389443,392814,6,3371,2,36000,1.00177988727
389488,389495,392767,7,3272,2,36000,1.0021393643
389503,389509,393096,6,3587,2,36000,1.001672707
389505,389517,392981,12,3464,2,36000,1.00346420323
389520,389526,392834,6,3308,2,36000,1.00181378476
389534,389541,392814,7,3273,2,36000,1.00213871066
389619,389625,392891,6,3266,2,36000,1.00183710961
389620,389631,393028,11,3397,2,36000,1.00323815131
389659,389665,392482,6,2817,2,36000,1.00212992545
389674,389680,392971,6,3291,2,36000,1.00182315406
389689,389695,392713,6,3018,2,36000,1.00198807157
389690,389703,392612,13,2909,2,36000,1.00446888965
389750,389756,393217,6,3461,2,36000,1.001733603
389783,389790,393137,7,3347,2,36000,1.00209142516
389785,389796,393003,11,3207,2,36000,1.00342999688
389833,389840,393087,7,3247,2,36000,1.00215583616
389848,389854,393317,6,3463,2,36000,1.00173260179
389887,389893,393292,6,3399,2,36000,1.00176522507
389888,389900,392910,12,3010,2,36000,1.00398671096
389936,389942,393364,6,3422,2,36000,1.00175336061
389954,389960,393282,6,3322,2,36000,1.00180614088
390017,390023,393497,6,3474,2,36000,1.00172711572
390047,390053,393094,6,3041,2,36000,1.00197303519
390074,390080,393420,6,3340,2,36000,1.00179640719
390089,390095,393365,6,3270,2,36000,1.00183486239
390104,390110,393431,6,3321,2,36000,1.00180668473
390173,390180,393499,7,3319,2,36000,1.002109069
390303,390311,393531,8,3220,2,36000,1.00248447205
390415,390422,393440,7,3018,2,36000,1.00231941683
390494,390500,393874,6,3374,2,36000,1.00177830468
390495,390506,393734,11,3228,2,36000,1.00340768278
390496,390511,393835,15,3324,2,36000,1.00451263538
390498,390517,393697,19,3180,2,36000,1.00597484277
390499,390522,393895,23,3373,2,36000,1.00681885562
390500,390527,393687,27,3160,2,36000,1.0085443038
390502,390534,393837,32,3303,2,36000,1.00968816228
390503,390539,393881,36,3342,2,36000,1.01077199282
390504,390544,393650,40,3106,2,36000,1.01287830006
390506,390549,394024,43,3475,2,36000,1.01237410072
390507,390554,393930,47,3376,2,36000,1.01392180095
390508,390560,394085,52,3525,2,36000,1.01475177305
390510,391571,394857,1061,3286,2,36000,1.32288496652
390511,392090,395449,1579,3359,2,36000,1.47008038107
390513,392103,395295,1590,3192,2,36000,1.49812030075
392078,392110,395388,32,3278,2,36000,1.00976205003
392093,392135,395424,42,3289,2,36000,1.01276983886
392108,392206,395552,98,3346,2,36000,1.02928870293
392126,392260,395557,134,3297,2,36000,1.0406430088
392195,392308,395338,113,3030,2,36000,1.03729372937
392249,392318,395550,69,3232,2,36000,1.0213490099
392297,392324,395710,27,3386,2,36000,1.00797401063
392312,392330,395773,18,3443,2,36000,1.00522799884
392327,392388,395718,61,3330,2,36000,1.01831831832
392328,392409,395668,81,3259,2,36000,1.02485424977
392376,392436,395790,60,3354,2,36000,1.01788908766
392397,392443,395385,46,2942,2,36000,1.01563562203
392424,392475,395812,51,3337,2,36000,1.01528318849
392439,392487,395832,48,3345,2,36000,1.01434977578
392463,392493,395870,30,3377,2,36000,1.00888362452
392478,392498,395701,20,3203,2,36000,1.00624414611
392480,392510,395666,30,3156,2,36000,1.00950570342
392495,392548,395902,53,3354,2,36000,1.01580202743
392510,392556,395846,46,3290,2,36000,1.01398176292
392540,392592,395900,52,3308,2,36000,1.01571946796
392541,392624,395950,83,3326,2,36000,1.02495490078
392581,392632,395978,51,3346,2,36000,1.0152420801
392613,392703,395886,90,3183,2,36000,1.02827521206
392628,392724,395915,96,3191,2,36000,1.03008461297
392691,392747,395909,56,3162,2,36000,1.01771030993
392712,392771,396026,59,3255,2,36000,1.01812596006
392736,392778,396152,42,3374,2,36000,1.01244813278
392760,392783,396162,23,3379,2,36000,1.00680674756
392775,392826,395997,51,3171,2,36000,1.01608325449
392776,392831,396052,55,3221,2,36000,1.01707544241
392813,392845,396366,32,3521,2,36000,1.00908832718
392827,392857,395871,30,3014,2,36000,1.0099535501
392843,392871,396160,28,3289,2,36000,1.0085132259
392857,392903,396368,46,3465,2,36000,1.01327561328
392872,392921,396397,49,3476,2,36000,1.01409666283
392893,392935,396304,42,3369,2,36000,1.0124666073
392911,392982,396174,71,3192,2,36000,1.02224310777
392926,392993,396524,67,3531,2,36000,1.01897479468
392971,393000,396445,29,3445,2,36000,1.0084179971
392986,393016,396413,30,3397,2,36000,1.00883132175
392988,393040,396562,52,3522,2,36000,1.01476433844
393003,393100,396358,97,3258,2,36000,1.02977286679
393030,393107,396297,77,3190,2,36000,1.02413793103
393090,393114,396419,24,3305,2,36000,1.00726172466
393105,393149,396196,44,3047,2,36000,1.01444043321
393106,393229,396373,123,3144,2,36000,1.0391221374
393137,393294,395929,157,2635,2,36000,1.05958254269
393216,393303,396494,87,3191,2,36000,1.02726418051
393282,393329,396343,47,3014,2,36000,1.01559389516
393297,393376,396497,79,3121,2,36000,1.02531239987
393319,393383,396720,64,3337,2,36000,1.01917890321
393364,393431,397146,67,3715,2,36000,1.01803499327
393379,393442,396365,63,2923,2,36000,1.02155319877
393421,393452,396801,31,3349,2,36000,1.00925649448
393436,393460,396349,24,2889,2,36000,1.00830737279
393451,393509,396694,58,3185,2,36000,1.01821036107
393452,393515,396478,63,2963,2,36000,1.02126223422
393501,393544,396645,43,3101,2,36000,1.01386649468
393502,393662,396918,160,3256,2,36000,1.04914004914
393532,393699,396853,167,3154,2,36000,1.05294863665
393649,393709,397315,60,3606,2,36000,1.01663893511
393689,393745,396986,56,3241,2,36000,1.01727861771
393704,393847,397094,143,3247,2,36000,1.04404065291
393734,393854,397012,120,3158,2,36000,1.03799873338
393833,393886,397075,53,3189,2,36000,1.01661962998
393848,393892,397476,44,3584,2,36000,1.01227678571
393876,393906,396961,30,3055,2,36000,1.00981996727
393890,393942,397168,52,3226,2,36000,1.01611903286
393912,394036,397318,124,3282,2,36000,1.03778184034
393933,395307,398612,1374,3305,2,36000,1.41573373676
393986,394850,397947,864,3097,2,10800,1.27897965773
394024,395567,399001,1543,3434,2,36000,1.44933022714
394086,395678,398851,1592,3173,2,36000,1.50173337535
394359,394855,395022,496,167,2,7200,3.97005988024
394669,394676,394678,7,2,1,10,1.0
394767,394860,395085,93,225,2,1800,1.41333333333
394859,395714,399056,855,3342,2,36000,1.25583482944
395295,395785,398722,490,2937,2,36000,1.16683690841
395340,395882,399319,542,3437,2,36000,1.15769566482
395385,395889,399126,504,3237,2,36000,1.15569972196
395400,395927,399414,527,3487,2,36000,1.15113277889
395424,395940,399267,516,3327,2,36000,1.15509467989
395451,395962,399195,511,3233,2,36000,1.1580575317
395550,396038,399138,488,3100,2,36000,1.15741935484
395565,396186,399745,621,3559,2,36000,1.17448721551
395567,396309,399530,742,3221,2,36000,1.23036324123
395666,396355,399683,689,3328,2,36000,1.20703125
395681,396362,399287,681,2925,2,36000,1.23282051282
395701,396370,399772,669,3402,2,36000,1.19664902998
395717,396376,399842,659,3466,2,36000,1.19013271783
395731,396384,399838,653,3454,2,36000,1.18905616676
395773,396391,399494,618,3103,2,36000,1.19916210119
395791,396409,399573,618,3164,2,36000,1.19532237674
395812,396425,399561,613,3136,2,36000,1.19547193878
395833,396491,400035,658,3544,2,36000,1.18566591422
395848,396506,399819,658,3313,2,36000,1.19861153034
395872,396512,399392,640,2880,2,36000,1.22222222222
395874,396574,399872,700,3298,2,36000,1.21224984839
395888,396657,400087,769,3430,2,36000,1.22419825073
395903,396706,400221,803,3515,2,36000,1.22844950213
395905,396732,399815,827,3083,2,36000,1.2682452157
395920,396865,399958,945,3093,2,36000,1.305528613
395922,396930,400090,1008,3160,2,36000,1.31898734177
395937,396974,399998,1037,3024,2,36000,1.34292328042
395952,396998,400036,1046,3038,2,36000,1.34430546412
395975,395981,396063,6,82,1,1140,1.07317073171
395980,397024,400271,1044,3247,2,36000,1.32152756391
396001,397087,400473,1086,3386,2,36000,1.32073242764
396028,397106,400415,1078,3309,2,36000,1.32577818072
396051,397159,399913,1108,2754,2,36000,1.40232389252
396117,396123,396174,6,51,32,1140,1.11764705882
396154,397180,400524,1026,3344,2,36000,1.30681818182
396169,397326,400916,1157,3590,2,36000,1.32228412256
396170,397334,400617,1164,3283,2,36000,1.3545537618
396185,397487,400785,1302,3298,2,36000,1.39478471801
396199,398624,401923,2425,3299,2,36000,1.73507123371
396221,396227,396398,6,171,16,1140,1.0350877193
396299,398734,401947,2435,3213,2,36000,1.75785869904
396314,398863,402877,2549,4014,2,36000,1.63502740409
396344,399013,402287,2669,3274,2,36000,1.81521075137
396359,399067,402544,2708,3477,2,36000,1.77883232672
396360,399139,402404,2779,3265,2,36000,1.85114854518
396376,399151,402042,2775,2891,2,36000,1.95987547561
396377,399206,402512,2829,3306,2,36000,1.8557168784
396379,399278,402496,2899,3218,2,36000,1.90087010566
396380,399298,402644,2918,3346,2,36000,1.87208607292
396398,399330,402695,2932,3365,2,36000,1.87132243685
396412,399404,402873,2992,3469,2,36000,1.86249639666
396427,399426,402793,2999,3367,2,36000,1.8907038907
396445,399507,402531,3062,3024,2,36000,2.01256613757
396478,399542,402565,3064,3023,2,36000,2.01356268607
396493,399573,402738,3080,3165,2,36000,1.97314375987
396508,399585,402904,3077,3319,2,36000,1.92708647183
396526,399695,402976,3169,3281,2,36000,1.96586406583
396562,399757,403118,3195,3361,2,36000,1.95060993752
396646,399783,402867,3137,3084,2,36000,2.01718547341
396674,396680,396705,6,25,1,10800,1.24
396694,399827,403212,3133,3385,2,36000,1.92555391433
396722,399834,403034,3112,3200,2,36000,1.9725
396800,399850,403221,3050,3371,2,36000,1.90477603085
396855,399857,403203,3002,3346,2,36000,1.89719067543
396882,396889,397187,7,298,8,1140,1.02348993289
396918,399883,403536,2965,3653,2,36000,1.81166164796
396962,399924,402799,2962,2875,2,36000,2.03026086957
396986,399969,403466,2983,3497,2,36000,1.8530168716
397013,400010,402781,2997,2771,2,36000,2.08155900397
397077,400047,403239,2970,3192,2,36000,1.93045112782
397095,400054,402995,2959,2941,2,36000,2.00612036722
397147,400099,403875,2952,3776,2,36000,1.78177966102
397168,400105,403575,2937,3470,2,36000,1.84639769452
397316,400232,403539,2916,3307,2,36000,1.88176595101
397317,400283,403676,2966,3393,2,36000,1.87415266726
397477,400428,403828,2951,3400,2,36000,1.86794117647
398183,434112,479287,35929,45175,8,172800,1.79532927504
398313,403641,415001,5328,11360,4,216000,1.46901408451
398445,415013,426115,16568,11102,4,216000,2.49234372185
398559,434117,485971,35558,51854,8,172800,1.68573301963
398561,434075,471569,35514,37494,4,216000,1.94719155065
398613,400485,403673,1872,3188,2,36000,1.58720200753
398721,400535,403924,1814,3389,2,36000,1.53526113898
398851,400629,403588,1778,2959,2,36000,1.60087867523
399002,400797,403719,1795,2922,2,36000,1.61430527036
399056,400927,404017,1871,3090,2,36000,1.60550161812
399130,401935,405046,2805,3111,2,36000,1.90163934426
399145,401959,405102,2814,3143,2,36000,1.89532293987
399196,402053,405364,2857,3311,2,36000,1.86288130474
399208,434080,434081,34872,1,3,72000,3487.3
399268,402299,405334,3031,3035,2,36000,1.99868204283
399283,432454,442868,33171,10414,1,180000,4.18523141924
399286,402415,405836,3129,3421,2,36000,1.91464484069
399319,402509,405756,3190,3247,2,36000,1.98244533415
399392,402524,405680,3132,3156,2,36000,1.99239543726
399410,399416,403656,6,4240,1,14400,1.00141509434
399416,402542,406032,3126,3490,2,36000,1.89570200573
399494,402556,405872,3062,3316,2,36000,1.92340168878
399530,402577,405815,3047,3238,2,36000,1.94101297097
399563,402655,405723,3092,3068,2,36000,2.00782268579
399578,402708,405826,3130,3118,2,36000,2.00384862091
399684,402750,406176,3066,3426,2,36000,1.89492119089
399747,402792,406387,3045,3595,2,36000,1.84700973574
399773,402805,406161,3032,3356,2,36000,1.90345649583
399816,402811,406214,2995,3403,2,36000,1.88010578901
399831,402879,406642,3048,3763,2,36000,1.80999202764
399846,402885,406276,3039,3391,2,36000,1.89619581244
399847,402893,406227,3046,3334,2,36000,1.91361727654
399874,402916,406256,3042,3340,2,36000,1.91077844311
399913,402987,406546,3074,3559,2,36000,1.86372576566
399959,403007,406122,3048,3115,2,36000,1.97849117175
399998,403046,406275,3048,3229,2,36000,1.94394549396
400034,403129,406524,3095,3395,2,36000,1.911634757
400049,403215,406406,3166,3191,2,36000,1.99216546537
400088,403224,406484,3136,3260,2,36000,1.96196319018
400103,403233,406341,3130,3108,2,36000,2.00707850708
400220,403250,406133,3030,2883,2,36000,2.05098855359
400271,403477,406610,3206,3133,2,36000,2.0233003511
400416,403548,406748,3132,3200,2,36000,1.97875
400473,403555,406735,3082,3180,2,36000,1.96918238994
400525,403587,406561,3062,2974,2,36000,2.02958977808
400618,403601,407059,2983,3458,2,36000,1.86263736264
400659,400665,401674,6,1009,2,10800,1.00594648167
400784,403685,407042,2901,3357,2,36000,1.86416443253
400917,403691,407408,2774,3717,2,36000,1.7463007802
401848,412711,412911,10863,200,2,72000,55.315
401926,403731,407010,1805,3279,2,36000,1.55047270509
401947,403839,406910,1892,3071,2,36000,1.61608596548
402043,403886,407424,1843,3538,2,36000,1.52091577162
402065,402071,402115,6,44,2,1800,1.13636363636
402154,403646,412699,1492,9053,2,345600,1.16480724622
402287,403936,407422,1649,3486,2,36000,1.47303499713
402405,404029,407077,1624,3048,2,36000,1.53280839895
402428,402435,403361,7,926,1,14400,1.00755939525
402497,405058,407976,2561,2918,2,36000,1.87765592872
402515,405113,408937,2598,3824,2,36000,1.67939330544
402530,405345,408618,2815,3273,2,36000,1.86006721662
402546,405375,408783,2829,3408,2,36000,1.8301056338
402567,405691,408855,3124,3164,2,36000,1.98735777497
402646,405735,409546,3089,3811,2,36000,1.81054841249
402697,405767,408864,3070,3097,2,36000,1.9912818857
402740,405826,409294,3086,3468,2,36000,1.88985005767
402782,405837,409195,3055,3358,2,36000,1.90976771888
402797,405848,409020,3051,3172,2,36000,1.96185372005
402813,405884,409070,3071,3186,2,36000,1.96390458255
402867,406043,409369,3176,3326,2,36000,1.95490078172
402882,406135,409489,3253,3354,2,36000,1.96988670244
402884,406144,409332,3260,3188,2,36000,2.0225846926
402905,406173,409643,3268,3470,2,36000,1.94178674352
402978,406189,409407,3211,3218,2,36000,1.99782473586
402996,406225,409431,3229,3206,2,36000,2.00717404866
403036,406238,409488,3202,3250,2,36000,1.98523076923
403120,406268,409389,3148,3121,2,36000,2.00865107337
403150,403156,403160,6,4,1,900,1.0
403206,406287,409298,3081,3011,2,36000,2.02324809034
403221,406294,409867,3073,3573,2,36000,1.86006157291
403223,406353,409728,3130,3375,2,36000,1.92740740741
403241,406399,409551,3158,3152,2,36000,2.0019035533
403361,429320,432437,25959,3117,2,108000,9.32820019249
403469,406419,409501,2950,3082,2,36000,1.9571706684
403536,406496,409873,2960,3377,2,36000,1.87651761919
403552,406535,409480,2983,2945,2,36000,2.01290322581
403576,406557,409759,2981,3202,2,36000,1.9309806371
403592,406573,409763,2981,3190,2,36000,1.93448275862
403629,434122,596452,30493,162330,8,345600,1.18784574632
403650,403656,404677,6,1021,8,3600,1.00587659158
403671,434070,596462,30399,162392,6,324000,1.18719518203
403673,406621,409798,2948,3177,2,36000,1.92791942084
403688,406654,409932,2966,3278,2,36000,1.9048200122
403722,406747,409816,3025,3069,2,36000,1.98566308244
403830,406759,410292,2929,3533,2,36000,1.82904047552
403876,406922,409985,3046,3063,2,36000,1.99444988573
403927,407022,410469,3095,3447,2,36000,1.89788221642
404017,407053,410522,3036,3469,2,36000,1.8751801672
404100,434128,446279,30028,12151,4,108000,3.47123693523
404116,434133,445411,30017,11278,4,108000,3.66155346693
404126,434139,434290,30013,151,4,108000,199.761589404
404134,434279,445567,30145,11288,4,108000,3.6705350815
404155,434316,434360,30161,44,4,108000,686.477272727
404832,404838,406514,6,1676,8,7200,1.00357995227
405049,407070,410415,2021,3345,2,36000,1.60418535127
405104,407089,410646,1985,3557,2,36000,1.55805454034
405336,407419,410598,2083,3179,2,36000,1.65523749607
405366,407434,410765,2068,3331,2,36000,1.62083458421
405443,405449,406291,6,842,1,14400,1.00712589074
405683,407441,410602,1758,3161,2,36000,1.5561531161
405725,407988,411149,2263,3161,2,36000,1.71591268586
405755,408634,411917,2879,3283,2,36000,1.8769418215
405776,432626,432628,26850,2,1,54000,2685.2
405815,408797,411936,2982,3139,2,36000,1.94998407136
405830,408868,412370,3038,3502,2,36000,1.86750428327
405845,408876,411838,3031,2962,2,36000,2.0232950709
405872,408953,412292,3081,3339,2,36000,1.92273135669
406037,409036,412523,2999,3487,2,36000,1.8600516203
406124,409084,412568,2960,3484,2,36000,1.84959816303
406139,409211,412656,3072,3445,2,36000,1.89172714078
406163,409309,412434,3146,3125,2,36000,2.00672
406177,409314,412665,3137,3351,2,36000,1.93613846613
406217,409346,412808,3129,3462,2,36000,1.90381282496
406231,409383,412576,3152,3193,2,36000,1.98715941121
406255,409402,412847,3147,3445,2,36000,1.91349782293
406277,409420,412657,3143,3237,2,36000,1.97096076614
406278,409446,412860,3168,3414,2,36000,1.92794376098
406291,406300,408887,9,2587,1,14400,1.00347893313
406341,409493,412860,3152,3367,2,36000,1.93614493614
406386,409499,412886,3113,3387,2,36000,1.91910245055
406407,409517,412765,3110,3248,2,36000,1.95751231527
406485,409529,413045,3044,3516,2,36000,1.86575654152
406524,409560,412884,3036,3324,2,36000,1.91335740072
406548,409567,412372,3019,2805,2,36000,2.07629233512
406563,409656,412962,3093,3306,2,36000,1.93557168784
406574,406580,428211,6,21631,8,21600,1.00027737969
406584,406590,406722,6,132,2,10800,1.04545454545
406612,409742,413135,3130,3393,2,36000,1.92248747421
406642,409774,412929,3132,3155,2,36000,1.99270998415
406736,409786,413317,3050,3531,2,36000,1.86377796658
406751,409812,413013,3061,3201,2,36000,1.9562636676
406910,409831,413336,2921,3505,2,36000,1.83338088445
407009,409881,413070,2872,3189,2,36000,1.90059579806
407042,409894,413104,2852,3210,2,36000,1.88847352025
407060,409946,413582,2886,3636,2,36000,1.79372937294
407078,409999,412962,2921,2963,2,36000,1.98582517719
407093,432650,432651,25557,1,1,54000,2555.8
407349,407356,407366,7,10,2,10800,1.7
407410,410308,413516,2898,3208,2,36000,1.90336658354
407425,410431,414317,3006,3886,2,36000,1.77354606279
407426,410485,413343,3059,2858,2,36000,2.07032890133
407631,407637,407653,6,16,2,1800,1.375
407870,434065,435356,26195,1291,24,345600,21.2904725019
407979,410536,413816,2557,3280,2,36000,1.77957317073
408474,408480,408489,6,9,4,540,1.5
408586,408592,408600,6,8,8,540,1.4
408621,408627,411701,6,3074,2,7200,1.00195185426
408739,408745,408753,6,8,4,540,1.4
408757,432662,432664,23905,2,1,72000,2390.7
408761,432675,432676,23914,1,1,72000,2391.5
408783,408789,412090,6,3301,2,7200,1.00181763102
408855,408861,412259,6,3398,2,7200,1.00176574456
408870,408883,412301,13,3418,2,7200,1.0038033938
408939,408946,412034,7,3088,2,7200,1.00226683938
409022,409029,412738,7,3709,2,7200,1.00188730116
409070,409077,412098,7,3021,2,7200,1.00231711354
409197,409203,412488,6,3285,2,7200,1.00182648402
409230,432687,432688,23457,1,1,72000,2345.8
409234,432699,432700,23465,1,1,72000,2346.6
409296,409302,412390,6,3088,2,7200,1.00194300518
409311,409321,412836,10,3515,2,7200,1.00284495021
409332,409339,412705,7,3366,2,7200,1.00207961973
409368,409375,412553,7,3178,2,7200,1.00220264317
409389,409395,412956,6,3561,2,7200,1.00168491997
409407,409414,412734,7,3320,2,7200,1.00210843373
409431,409439,412540,8,3101,2,7200,1.00257981296
409480,409486,412579,6,3093,2,7200,1.00193986421
409495,409507,413026,12,3519,2,7200,1.00341005968
409496,409512,412932,16,3420,2,7200,1.00467836257
409511,409524,412847,13,3323,2,7200,1.0039121276
409548,409554,412533,6,2979,2,7200,1.00201409869
409563,409574,412859,11,3285,2,7200,1.00334855403
409644,409650,412943,6,3293,2,7200,1.00182204677
409729,409736,412958,7,3222,2,7200,1.00217256363
409759,409767,413110,8,3343,2,7200,1.00239306013
409774,409780,413280,6,3500,2,7200,1.00171428571
409798,409805,412969,7,3164,2,7200,1.00221238938
409816,409824,413261,8,3437,2,7200,1.00232761129
409868,409875,413143,7,3268,2,7200,1.00214198286
409883,409889,413002,6,3113,2,7200,1.00192740122
409931,409939,412944,8,3005,2,7200,1.00266222962
409986,409992,413474,6,3482,2,7200,1.00172314762
410274,410281,410285,7,4,1,70,1.1
410293,410301,413569,8,3268,2,7200,1.00244798042
410331,410337,410340,6,3,1,70,1.0
410417,410424,413619,7,3195,2,7200,1.00219092332
410442,410449,410477,7,28,1,70,1.25
410472,410478,413693,6,3215,2,7200,1.00186625194
410523,410529,413704,6,3175,2,7200,1.00188976378
410540,410547,410553,7,6,1,70,1.3
410598,410604,413955,6,3351,2,7200,1.0017905103
410613,410620,413646,7,3026,2,7200,1.00231328486
410649,410655,413819,6,3164,2,7200,1.00189633375
410767,410774,414066,7,3292,2,7200,1.00212636695
411150,411157,414501,7,3344,2,7200,1.00209330144
411200,430412,434043,19212,3631,128,3600,6.29110437896
411699,411707,414968,8,3261,2,7200,1.0024532352
411838,411845,414882,7,3037,2,7200,1.00230490616
411919,411926,415185,7,3259,2,7200,1.00214789813
411937,411943,415260,6,3317,2,7200,1.00180886343
412034,412041,415155,7,3114,2,7200,1.00224791265
412091,412097,415405,6,3308,2,7200,1.00181378476
412106,412113,415711,7,3598,2,7200,1.00194552529
412259,412266,415794,7,3528,2,7200,1.00198412698
412292,412298,415534,6,3236,2,7200,1.00185414091
412307,412315,415378,8,3063,2,7200,1.00261181848
412370,412377,415458,7,3081,2,7200,1.00227198961
412385,412391,415552,6,3161,2,7200,1.0018981335
412400,412406,415701,6,3295,2,7200,1.00182094082
412436,412443,415763,7,3320,2,7200,1.00210843373
412487,412494,415655,7,3161,2,7200,1.00221448909
412523,412529,415476,6,2947,2,7200,1.00203596878
412538,412545,415672,7,3127,2,7200,1.00223856732
412553,412560,415822,7,3262,2,7200,1.00214592275
412554,412567,415774,13,3207,2,7200,1.00405363268
412569,412575,415813,6,3238,2,7200,1.00185299568
412584,412591,416130,7,3539,2,7200,1.00197795988
412586,412598,415912,12,3314,2,7200,1.00362100181
412655,412661,416061,6,3400,2,7200,1.00176470588
412657,412669,416031,12,3362,2,7200,1.00356930399
412671,412679,416137,8,3458,2,7200,1.002313476
412704,412717,415881,13,3164,2,7200,1.00410872314
412734,412741,416152,7,3411,2,7200,1.00205218411
412749,412756,415835,7,3079,2,7200,1.00227346541
412767,412773,415935,6,3162,2,7200,1.00189753321
412809,412816,416113,7,3297,2,7200,1.00212314225
412836,412844,416084,8,3240,2,7200,1.0024691358
412852,412859,416655,7,3796,2,7200,1.00184404636
412853,412865,416150,12,3285,2,7200,1.00365296804
412868,412874,416131,6,3257,2,7200,1.00184218606
412870,412882,415929,12,3047,2,7200,1.00393829997
412871,412887,416163,16,3276,2,7200,1.00488400488
412886,412894,416266,8,3372,2,7200,1.00237247924
412887,412899,416067,12,3168,2,7200,1.00378787879
412930,412937,416167,7,3230,2,7200,1.00216718266
412931,412943,416171,12,3228,2,7200,1.00371747212
412947,412954,416479,7,3525,2,7200,1.0019858156
412948,412961,416428,13,3467,2,7200,1.00374963946
412964,412971,416333,7,3362,2,7200,1.00208209399
412965,412978,416342,13,3364,2,7200,1.00386444709
412967,412984,416618,17,3634,2,7200,1.00467804073
412968,412989,416161,21,3172,2,7200,1.00662042875
412983,412996,416157,13,3161,2,7200,1.00411262259
413001,413007,416384,6,3377,2,7200,1.0017767249
413016,413022,416551,6,3529,2,7200,1.00170019836
413031,413038,416264,7,3226,2,7200,1.00216986981
413046,413053,416132,7,3079,2,7200,1.00227346541
413070,413077,416435,7,3358,2,7200,1.00208457415
413103,413109,416393,6,3284,2,7200,1.00182704019
413118,413125,416711,7,3586,2,7200,1.00195203569
413136,413143,416672,7,3529,2,7200,1.00198356475
413151,413158,416228,7,3070,2,7200,1.00228013029
413262,413268,416660,6,3392,2,7200,1.00176886792
413280,413287,416327,7,3040,2,7200,1.00230263158
413319,413325,416592,6,3267,2,7200,1.00183654729
413340,413347,416730,7,3383,2,7200,1.00206916938
413354,413360,416951,6,3591,2,7200,1.00167084378
413475,413481,416706,6,3225,2,7200,1.00186046512
413517,413523,416888,6,3365,2,7200,1.00178306092
413568,413574,416940,6,3366,2,7200,1.00178253119
413583,413590,416839,7,3249,2,7200,1.00215450908
413619,413626,416777,7,3151,2,7200,1.00222151698
413646,413652,416643,6,2991,2,7200,1.00200601805
413695,413702,416929,7,3227,2,7200,1.0021691974
413710,413717,417117,7,3400,2,7200,1.00205882353
413815,413821,416704,6,2883,2,7200,1.00208116545
413830,413837,417253,7,3416,2,7200,1.00204918033
413957,413964,417332,7,3368,2,7200,1.0020783848
414068,414075,417447,7,3372,2,7200,1.00207591934
414318,414326,417687,8,3361,2,7200,1.00238024398
414499,414506,417814,7,3308,2,7200,1.00211608222
414882,414889,418109,7,3220,2,7200,1.00217391304
414969,414975,418064,6,3089,2,7200,1.00194237617
415156,415162,418647,6,3485,2,7200,1.00172166428
415183,415190,418591,7,3401,2,7200,1.00205821817
415261,415268,418803,7,3535,2,7200,1.00198019802
415379,415385,418617,6,3232,2,7200,1.00185643564
415406,415412,418957,6,3545,2,7200,1.00169252468
415460,415466,418749,6,3283,2,7200,1.00182759671
415478,415484,418696,6,3212,2,7200,1.00186799502
415535,415542,418929,7,3387,2,7200,1.00206672572
415553,415560,418864,7,3304,2,7200,1.00211864407
415655,415662,418848,7,3186,2,7200,1.00219711237
415673,415679,418974,6,3295,2,7200,1.00182094082
415703,415710,418826,7,3116,2,7200,1.00224646983
415717,415724,419030,7,3306,2,7200,1.00211736237
415763,415770,419316,7,3546,2,7200,1.00197405527
415778,415785,419686,7,3901,2,7200,1.00179441169
415795,415803,419141,8,3338,2,7200,1.0023966447
415813,415821,419103,8,3282,2,7200,1.00243753809
415828,415836,418788,8,2952,2,7200,1.0027100271
415843,415849,418977,6,3128,2,7200,1.00191815857
415882,415889,419338,7,3449,2,7200,1.00202957379
415912,415918,419396,6,3478,2,7200,1.00172512938
415930,415937,419363,7,3426,2,7200,1.00204319907
415945,415952,419169,7,3217,2,7200,1.00217594032
416032,416039,419129,7,3090,2,7200,1.00226537217
416062,416069,419589,7,3520,2,7200,1.00198863636
416077,416084,419400,7,3316,2,7200,1.00211097708
416092,416098,419465,6,3367,2,7200,1.00178200178
416116,416122,419476,6,3354,2,7200,1.00178890877
416131,416138,419253,7,3115,2,7200,1.00224719101
416132,416146,419395,14,3249,2,7200,1.00430901816
416148,416155,419632,7,3477,2,7200,1.0020132298
416149,416162,419424,13,3262,2,7200,1.0039852851
416165,416172,419470,7,3298,2,7200,1.00212249848
416167,416179,419556,12,3377,2,7200,1.00355344981
416168,416185,419479,17,3294,2,7200,1.0051608986
416169,416190,419609,21,3419,2,7200,1.00614214683
416171,416195,419537,24,3342,2,7200,1.00718132855
416186,416202,419652,16,3450,2,7200,1.00463768116
416187,416208,419523,21,3315,2,7200,1.00633484163
416226,416233,419518,7,3285,2,7200,1.00213089802
416266,416274,419619,8,3345,2,7200,1.0023916293
416268,416279,419288,11,3009,2,7200,1.00365569957
416328,416335,419854,7,3519,2,7200,1.00198920148
416343,416349,419290,6,2941,2,7200,1.00204012241
416344,416357,419805,13,3448,2,7200,1.00377030162
416386,416394,419941,8,3547,2,7200,1.00225542712
416401,416408,419788,7,3380,2,7200,1.00207100592
416428,416435,419916,7,3481,2,7200,1.0020109164
416443,416449,419615,6,3166,2,7200,1.00189513582
416482,416489,420024,7,3535,2,7200,1.00198019802
416551,416558,419457,7,2899,2,7200,1.00241462573
416593,416600,419987,7,3387,2,7200,1.00206672572
416621,416627,419774,6,3147,2,7200,1.00190657769
416644,416651,419834,7,3183,2,7200,1.00219918316
416660,416667,419882,7,3215,2,7200,1.00217729393
416661,416674,419801,13,3127,2,7200,1.0041573393
416676,416683,419953,7,3270,2,7200,1.00214067278
416703,416710,419781,7,3071,2,7200,1.00227938782
416718,416725,419844,7,3119,2,7200,1.00224430907
416719,416731,420094,12,3363,2,7200,1.00356824264
416734,416741,419938,7,3197,2,7200,1.00218955271
416776,416783,420193,7,3410,2,7200,1.00205278592
416840,416847,420162,7,3315,2,7200,1.00211161388
416888,416895,419822,7,2927,2,7200,1.00239152716
416930,416936,420223,6,3287,2,7200,1.00182537268
416945,416952,420275,7,3323,2,7200,1.00210653024
416959,416967,420784,8,3817,2,7200,1.00209588682
417067,432714,596455,15647,163741,1,342000,1.0955594506
417119,417126,420297,7,3171,2,7200,1.00220750552
417255,417261,420659,6,3398,2,7200,1.00176574456
417258,432719,432737,15461,18,1,604800,859.944444444
417333,417339,420840,6,3501,2,7200,1.00171379606
417448,417455,420913,7,3458,2,7200,1.0020242915
417688,417696,420939,8,3243,2,7200,1.00246685168
417815,417822,421268,7,3446,2,7200,1.00203134068
418065,418071,421415,6,3344,2,7200,1.00179425837
418110,418117,421536,7,3419,2,7200,1.00204738228
418592,418599,421792,7,3193,2,7200,1.00219229565
418619,418626,421958,7,3332,2,7200,1.00210084034
418649,418656,421955,7,3299,2,7200,1.00212185511
418697,418704,421695,7,2991,2,7200,1.0023403544
418748,418755,421967,7,3212,2,7200,1.00217932752
418787,418794,421971,7,3177,2,7200,1.00220333648
418805,418812,422237,7,3425,2,7200,1.00204379562
418826,418832,422150,6,3318,2,7200,1.00180831826
418850,418857,422009,7,3152,2,7200,1.00222081218
418865,418872,422178,7,3306,2,7200,1.00211736237
418931,418938,422047,7,3109,2,7200,1.00225152782
418958,418965,421970,7,3005,2,7200,1.00232945092
418973,418979,422267,6,3288,2,7200,1.00182481752
418988,418994,422464,6,3470,2,7200,1.00172910663
419030,419037,422628,7,3591,2,7200,1.00194931774
419036,419044,419046,8,2,2,3540,1.0
419105,419112,422548,7,3436,2,7200,1.00203725262
419129,419136,422644,7,3508,2,7200,1.001995439
419144,419150,422265,6,3115,2,7200,1.00192616372
419171,419177,422596,6,3419,2,7200,1.00175489909
419252,419259,422404,7,3145,2,7200,1.00222575517
419288,419294,422507,6,3213,2,7200,1.00186741363
419290,419302,422636,12,3334,2,7200,1.00359928014
419317,419324,422742,7,3418,2,7200,1.00204798128
419338,419345,422639,7,3294,2,7200,1.0021250759
419365,419372,422626,7,3254,2,7200,1.00215119852
419395,419402,422678,7,3276,2,7200,1.00213675214
419396,419409,422578,13,3169,2,7200,1.00410224045
419411,419418,422909,7,3491,2,7200,1.00200515612
419426,419433,422899,7,3466,2,7200,1.00201961916
419456,419463,422778,7,3315,2,7200,1.00211161388
419471,419479,422748,8,3269,2,7200,1.00244723157
419473,419484,422797,11,3313,2,7200,1.00332025355
419488,419495,422937,7,3442,2,7200,1.00203370134
419489,419502,423062,13,3560,2,7200,1.00365168539
419519,419525,422926,6,3401,2,7200,1.001764187
419534,419541,422815,7,3274,2,7200,1.00213805742
419549,419556,423008,7,3452,2,7200,1.00202780997
419564,419570,422503,6,2933,2,7200,1.00204568701
419591,419598,422633,7,3035,2,7200,1.00230642504
419609,419615,423081,6,3466,2,7200,1.00173110214
419624,419631,423315,7,3684,2,7200,1.00190010858
419625,419638,422868,13,3230,2,7200,1.0040247678
419640,419647,423288,7,3641,2,7200,1.00192254875
419655,419662,423016,7,3354,2,7200,1.00208706023
419688,419695,422979,7,3284,2,7200,1.00213154689
419775,419781,423038,6,3257,2,7200,1.00184218606
419790,419797,422993,7,3196,2,7200,1.0021902378
419792,419805,422960,13,3155,2,7200,1.00412044374
419807,419815,422912,8,3097,2,7200,1.00258314498
419809,419820,422931,11,3111,2,7200,1.00353584057
419824,419831,423127,7,3296,2,7200,1.00212378641
419839,419846,422881,7,3035,2,7200,1.00230642504
419854,419861,423038,7,3177,2,7200,1.00220333648
419855,419868,423130,13,3262,2,7200,1.0039852851
419882,419889,423148,7,3259,2,7200,1.00214789813
419918,419925,423343,7,3418,2,7200,1.00204798128
419936,419943,423168,7,3225,2,7200,1.00217054264
419951,419958,422983,7,3025,2,7200,1.00231404959
419953,419965,423050,12,3085,2,7200,1.0038897893
419986,419992,423392,6,3400,2,7200,1.00176470588
420025,420032,423287,7,3255,2,7200,1.00215053763
420094,420101,423296,7,3195,2,7200,1.00219092332
420163,420170,423526,7,3356,2,7200,1.00208581645
420193,420201,423477,8,3276,2,7200,1.00244200244
420223,420231,423533,8,3302,2,7200,1.00242277408
420278,420284,423423,6,3139,2,7200,1.00191143676
420296,420302,423447,6,3145,2,7200,1.00190779014
420658,420666,423531,8,2865,2,7200,1.00279232112
420785,420791,424169,6,3378,2,7200,1.00177619893
420797,420855,420857,58,2,1,70,6.0
420842,420848,423996,6,3148,2,7200,1.00190597205
420914,420921,423867,7,2946,2,7200,1.00237610319
420942,420948,424208,6,3260,2,7200,1.0018404908
421270,421277,424581,7,3304,2,7200,1.00211864407
421415,421421,424652,6,3231,2,7200,1.00185701021
421535,421542,425103,7,3561,2,7200,1.00196573996
421695,421702,425048,7,3346,2,7200,1.00209205021
421791,421798,425360,7,3562,2,7200,1.0019651881
421954,421960,425194,6,3234,2,7200,1.00185528757
421969,421976,425277,7,3301,2,7200,1.00212056952
421971,421983,425037,12,3054,2,7200,1.00392927308
421972,421988,425435,16,3447,2,7200,1.00464171744
421987,421994,425251,7,3257,2,7200,1.00214921707
422011,422018,425575,7,3557,2,7200,1.00196795052
422047,422053,425544,6,3491,2,7200,1.00171870524
422150,422156,425354,6,3198,2,7200,1.00187617261
422180,422187,425301,7,3114,2,7200,1.00224791265
422237,422243,425523,6,3280,2,7200,1.00182926829
422267,422273,425312,6,3039,2,7200,1.00197433366
422268,422281,425348,13,3067,2,7200,1.00423866971
422407,422413,425819,6,3406,2,7200,1.00176159718
422464,422470,426021,6,3551,2,7200,1.00168966488
422503,422511,425396,8,2885,2,7200,1.0027729636
422518,422524,425831,6,3307,2,7200,1.00181433323
422548,422554,425916,6,3362,2,7200,1.00178465199
422578,422584,425856,6,3272,2,7200,1.00183374083
422596,422602,425572,6,2970,2,7200,1.00202020202
422626,422632,426154,6,3522,2,7200,1.00170357751
422642,422649,425796,7,3147,2,7200,1.00222434064
422644,422656,426135,12,3479,2,7200,1.00344926703
422645,422661,426049,16,3388,2,7200,1.00472255018
422646,422666,425982,20,3316,2,7200,1.00603136309
422661,422672,425701,11,3029,2,7200,1.00363156157
422679,422686,425707,7,3021,2,7200,1.00231711354
422742,422748,425595,6,2847,2,7200,1.00210748156
422757,422763,425881,6,3118,2,7200,1.00192431046
422778,422784,425980,6,3196,2,7200,1.00187734668
422799,422805,426133,6,3328,2,7200,1.00180288462
422817,422823,426099,6,3276,2,7200,1.00183150183
422868,422874,426026,6,3152,2,7200,1.0019035533
422883,422889,426095,6,3206,2,7200,1.00187149095
422901,422908,426195,7,3287,2,7200,1.00212960146
422916,422923,425903,7,2980,2,7200,1.00234899329
422917,422930,426107,13,3177,2,7200,1.00409191061
422933,422939,426444,6,3505,2,7200,1.00171184023
422934,422946,426018,12,3072,2,7200,1.00390625
422949,422955,426399,6,3444,2,7200,1.00174216028
422964,422971,426307,7,3336,2,7200,1.00209832134
422979,422985,426383,6,3398,2,7200,1.00176574456
422994,423001,426270,7,3269,2,7200,1.00214132762
422995,423008,426197,13,3189,2,7200,1.00407651301
423010,423016,426017,6,3001,2,7200,1.00199933356
423025,423031,426516,6,3485,2,7200,1.00172166428
423027,423038,423042,11,4,1,610,1.5
423041,423047,426253,6,3206,2,7200,1.00187149095
423042,423054,426394,12,3340,2,7200,1.00359281437
423058,423065,426543,7,3478,2,7200,1.00201265095
423073,423079,426386,6,3307,2,7200,1.00181433323
423088,423095,426114,7,3019,2,7200,1.00231864856
423101,423107,423128,6,21,1,610,1.28571428571
423128,423134,426216,6,3082,2,7200,1.0019467878
423143,423149,426124,6,2975,2,7200,1.00201680672
423157,423164,426304,7,3140,2,7200,1.00222929936
423172,423179,426414,7,3235,2,7200,1.00216383308
423288,423294,426396,6,3102,2,7200,1.00193423598
423289,423301,426373,12,3072,2,7200,1.00390625
423304,423312,426662,8,3350,2,7200,1.0023880597
423319,423326,426986,7,3660,2,7200,1.00191256831
423343,423349,426560,6,3211,2,7200,1.00186857677
423391,423398,426724,7,3326,2,7200,1.00210463019
423425,423432,426838,7,3406,2,7200,1.00205519671
423448,423455,426579,7,3124,2,7200,1.00224071703
423478,423486,426498,8,3012,2,7200,1.0026560425
423530,423537,426794,7,3257,2,7200,1.00214921707
423531,423544,426926,13,3382,2,7200,1.00384387936
423546,423552,426910,6,3358,2,7200,1.00178677784
423662,423669,423684,7,15,1,610,1.46666666667
423674,423681,423686,7,5,1,610,1.2
423775,423781,423784,6,3,1,610,1.0
423776,423786,424421,10,635,1,610,1.0157480315
423777,423792,423814,15,22,1,610,1.68181818182
423778,423798,423826,20,28,1,610,1.71428571429
423779,423803,423820,24,17,1,610,2.41176470588
423787,423808,423832,21,24,1,610,1.875
423789,423820,423845,31,25,1,610,2.24
423789,423825,423840,36,15,1,610,3.4
423790,423831,423848,41,17,1,610,3.41176470588
423866,424008,427540,142,3532,2,7200,1.04020385051
423996,424219,427299,223,3080,2,7200,1.0724025974
424169,425607,428812,1438,3205,2,7200,1.44867394696
424208,425713,429312,1505,3599,2,7200,1.41817171437
424582,425720,428815,1138,3095,2,7200,1.36768982229
424651,425893,429308,1242,3415,2,7200,1.36368960469
425037,425914,429289,877,3375,2,7200,1.25985185185
425052,425993,429310,941,3317,2,7200,1.2836900814
425104,426029,429314,925,3285,2,7200,1.28158295282
425194,426036,429324,842,3288,2,7200,1.25608272506
425251,426043,429529,792,3486,2,7200,1.22719449225
425278,426106,429552,828,3446,2,7200,1.24027858387
425299,426114,429314,815,3200,2,7200,1.2546875
425314,426121,429313,807,3192,2,7200,1.25281954887
425350,426127,429321,777,3194,2,7200,1.24326862868
425365,426136,429480,771,3344,2,7200,1.23056220096
425367,426145,429369,778,3224,2,7200,1.24131513648
425397,426206,429527,809,3321,2,7200,1.2436013249
425436,426214,429391,778,3177,2,7200,1.24488511174
425523,426227,429707,704,3480,2,7200,1.20229885057
425544,426265,430947,721,4682,2,7200,1.15399401965
425571,426282,429659,711,3377,2,7200,1.2105419011
425586,426317,429573,731,3256,2,7200,1.22450859951
425600,426323,429873,723,3550,2,7200,1.20366197183
425700,426385,429505,685,3120,2,7200,1.21955128205
425715,426394,429844,679,3450,2,7200,1.1968115942
425796,426400,429637,604,3237,2,7200,1.18659252394
425820,426407,430046,587,3639,2,7200,1.16130805166
425835,426412,429743,577,3331,2,7200,1.17322125488
425856,426420,430046,564,3626,2,7200,1.1555432984
425880,426427,429854,547,3427,2,7200,1.15961482346
425904,426455,429597,551,3142,2,7200,1.17536600891
425919,426510,429703,591,3193,2,7200,1.1850923896
425982,426528,429585,546,3057,2,7200,1.17860647694
425983,426555,430004,572,3449,2,7200,1.16584517251
426017,426573,429959,556,3386,2,7200,1.16420555227
426032,426591,429696,559,3105,2,7200,1.18003220612
426033,426673,429807,640,3134,2,7200,1.20421186981
426035,426736,429957,701,3221,2,7200,1.21763427507
426050,426806,430240,756,3434,2,7200,1.22015142691
426095,426851,430454,756,3603,2,7200,1.20982514571
426110,426921,430236,811,3315,2,7200,1.24464555053
426111,426937,430346,826,3409,2,7200,1.24229979466
426126,426998,430672,872,3674,2,7200,1.23734349483
426128,427311,430452,1183,3141,2,7200,1.37663164597
426143,427552,430594,1409,3042,2,7200,1.46318211703
426144,429312,432722,3168,3410,2,7200,1.92903225806
426159,429327,432593,3168,3266,2,7200,1.9699938763
426195,429332,432257,3137,2925,2,7200,2.07247863248
426196,429338,432608,3142,3270,2,7200,1.96085626911
426217,429343,432523,3126,3180,2,7200,1.98301886792
426253,429348,432598,3095,3250,2,7200,1.95230769231
426268,429355,432464,3087,3109,2,7200,1.9929237697
426304,429360,432162,3056,2802,2,7200,2.09064953605
426319,429395,429402,3076,7,2,7200,308.3
426373,429403,432713,3030,3310,2,7200,1.91540785498
426388,429417,429418,3029,1,2,7200,303.0
426390,429451,429452,3061,1,2,7200,306.2
426405,429483,429484,3078,1,2,7200,307.9
426406,429508,433056,3102,3548,2,7200,1.87429537768
426423,429522,432698,3099,3176,2,7200,1.97575566751
426444,429530,429531,3086,1,2,7200,308.7
426498,429550,432765,3052,3215,2,7200,1.94930015552
426519,429556,432783,3037,3227,2,7200,1.94112178494
426561,429570,432498,3009,2928,2,7200,2.02766393443
426663,429585,432901,2922,3316,2,7200,1.88118214717
426795,429602,433081,2807,3479,2,7200,1.80684104628
426840,429609,432849,2769,3240,2,7200,1.85462962963
427301,429654,433446,2353,3792,2,7200,1.62051687764
428828,429684,433008,856,3324,2,7200,1.25752105897
429289,429694,429695,405,1,2,7200,40.6
429311,429707,433270,396,3563,2,7200,1.11114229582
429313,429720,433119,407,3399,2,7200,1.11974110032
429315,429725,433343,410,3618,2,7200,1.1133222775
429338,429755,433306,417,3551,2,7200,1.11743170938
429481,429828,433041,347,3213,2,7200,1.10799875506
429544,429835,429836,291,1,2,7200,29.2
429547,429858,433095,311,3237,2,7200,1.09607661415
429562,429865,433043,303,3178,2,7200,1.09534298301
429577,429871,429872,294,1,2,7200,29.5
429592,429896,433278,304,3382,2,7200,1.08988764045
429697,429960,429961,263,1,2,7200,26.4
429712,429969,433023,257,3054,2,7200,1.08415193189
429714,429976,433212,262,3236,2,7200,1.08096415328
429854,430020,433340,166,3320,2,7200,1.05
429961,430044,430045,83,1,2,7200,8.4
429962,430059,433508,97,3449,2,7200,1.02812409394
430004,430064,433485,60,3421,2,7200,1.01753873137
430229,430235,430236,6,1,2,7200,1.0
430231,430251,430252,20,1,2,7200,2.1
430252,430258,433635,6,3377,2,7200,1.0017767249
430253,430264,433422,11,3158,2,7200,1.00348321723
430346,430353,430354,7,1,2,7200,1.0
430520,430531,433968,11,3437,2,7200,1.00320046552
432163,432169,432170,6,1,2,7200,1.0
432465,432472,435810,7,3338,2,7200,1.00209706411
432498,432504,435821,6,3317,2,7200,1.00180886343
432621,432633,436109,12,3476,2,7200,1.00345224396
432699,432706,432707,7,1,2,7200,1.0
432713,432748,435563,35,2815,1,86400,1.01243339254
432729,432735,435912,6,3177,2,7200,1.00188857413
432765,432771,432772,6,1,2,7200,1.0
433025,433031,433032,6,1,2,7200,1.0
433057,433068,436046,11,2978,2,7200,1.0036937542
433058,433074,436217,16,3143,2,7200,1.0050906777
433281,433287,436389,6,3102,2,7200,1.00193423598
433343,433355,436233,12,2878,2,7200,1.0041695622
433363,435374,435552,2011,178,1,172800,12.297752809
433485,433491,436378,6,2887,2,7200,1.00207828195
433502,435379,435549,1877,170,1,172800,12.0411764706
433635,433641,437169,6,3528,2,7200,1.00170068027
435651,435658,596450,7,160792,1,172800,1.0000435345
435679,435685,596451,6,160766,1,172800,1.00003732132
435813,435819,439068,6,3249,2,7200,1.00184672207
435829,435835,438679,6,2844,2,7200,1.00210970464
435914,435921,439217,7,3296,2,7200,1.00212378641
436045,436052,439207,7,3155,2,7200,1.00221870048
436111,436117,439417,6,3300,2,7200,1.00181818182
436235,436241,439750,6,3509,2,7200,1.00170988886
436236,436247,439693,11,3446,2,7200,1.00319210679
436384,436390,436404,6,14,2,7200,1.42857142857
436399,436405,439782,6,3377,2,7200,1.0017767249
439068,439074,442342,6,3268,2,7200,1.00183598531
439208,439214,442122,6,2908,2,7200,1.00206327373
439223,439229,442840,6,3611,2,7200,1.00166158959
439416,439422,443313,6,3891,2,7200,1.00154202005
439696,439702,442712,6,3010,2,7200,1.00199335548
439753,439759,443322,6,3563,2,7200,1.00168397418
439780,439787,443266,7,3479,2,7200,1.00201207243
441356,441362,441364,6,2,1,3600,1.0
441549,441555,441557,6,2,1,3600,1.0
441905,441911,441913,6,2,1,3600,1.0
442340,442346,445768,6,3422,2,7200,1.00175336061
442711,442717,446233,6,3516,2,7200,1.00170648464
442840,442847,446139,7,3292,2,7200,1.00212636695
443173,443179,443298,6,119,1,3600,1.05042016807
443266,443272,447032,6,3760,2,7200,1.00159574468
443314,443320,446657,6,3337,2,7200,1.00179802218
443344,443350,446733,6,3383,2,7200,1.00177357375
443472,443479,443795,7,316,1,3600,1.02215189873
444220,444226,444835,6,609,1,3600,1.00985221675
444948,444954,445107,6,153,1,3600,1.03921568627
445285,445291,445662,6,371,1,3600,1.01617250674
445775,445780,449209,5,3429,2,7200,1.00145815106
446024,446030,446810,6,780,1,3600,1.00769230769
446139,446145,449180,6,3035,2,7200,1.00197693575
446232,446239,449396,7,3157,2,7200,1.0022172949
446657,446663,450071,6,3408,2,7200,1.00176056338
446735,446741,450237,6,3496,2,7200,1.00171624714
447035,447041,450136,6,3095,2,7200,1.00193861066
448060,448066,448188,6,122,1,3600,1.04918032787
448163,448170,448191,7,21,1,1800,1.33333333333
448208,448214,448269,6,55,1,1800,1.10909090909
448287,448293,448347,6,54,1,1800,1.11111111111
448365,448372,448694,7,322,1,3600,1.02173913043
449117,449123,449782,6,659,1,3600,1.0091047041
449184,449190,452156,6,2966,2,7200,1.0020229265
449211,449217,452812,6,3595,2,7200,1.0016689847
449398,449404,452979,6,3575,2,7200,1.00167832168
449709,449715,449734,6,19,1,1800,1.31578947368
449743,449749,449794,6,45,1,1800,1.13333333333
449814,449820,449888,6,68,1,1800,1.08823529412
450074,450080,453201,6,3121,2,7200,1.00192246075
450137,450144,453578,7,3434,2,7200,1.00203843914
450240,450246,453800,6,3554,2,7200,1.0016882386
451874,451881,451900,7,19,1,1800,1.36842105263
451913,451919,451963,6,44,1,1800,1.13636363636
451977,451983,452038,6,55,1,1800,1.10909090909
452156,452163,455744,7,3581,2,7200,1.00195476124
452813,452819,456023,6,3204,2,7200,1.00187265918
452978,452985,456270,7,3285,2,7200,1.00213089802
453202,453208,456420,6,3212,2,7200,1.00186799502
453514,453520,453537,6,17,1,1800,1.35294117647
453545,453552,453598,7,46,1,1800,1.15217391304
453579,453585,456712,6,3127,2,7200,1.00191877199
453619,453626,453694,7,68,1,1800,1.10294117647
453803,453809,457215,6,3406,2,7200,1.00176159718
455750,455756,459199,6,3443,2,7200,1.00174266628
456024,456031,459373,7,3342,2,7200,1.00209455416
456272,456278,459623,6,3345,2,7200,1.00179372197
456423,456429,459651,6,3222,2,7200,1.00186219739
456712,456718,459837,6,3119,2,7200,1.00192369349
457219,457225,460775,6,3550,2,7200,1.00169014085
459201,459207,462493,6,3286,2,7200,1.00182592818
459373,459379,462603,6,3224,2,7200,1.00186104218
459623,459628,463034,5,3406,2,7200,1.00146799765
459650,459656,462942,6,3286,2,7200,1.00182592818
459837,459843,463214,6,3371,2,7200,1.00177988727
460194,460200,473331,6,13131,10,28800,1.00045693397
460778,460784,463739,6,2955,2,7200,1.00203045685
461336,461342,461367,6,25,1,610,1.24
461337,461348,461369,11,21,1,610,1.52380952381
461338,461353,461371,15,18,1,610,1.83333333333
461339,461359,461389,20,30,1,610,1.66666666667
461340,461364,461387,24,23,1,610,2.04347826087
461471,461482,461494,11,12,1,610,1.91666666667
461471,461477,461499,6,22,1,610,1.27272727273
461472,461489,461500,17,11,1,610,2.54545454545
461473,461494,461520,21,26,1,610,1.80769230769
461474,461499,461530,25,31,1,610,1.8064516129
461668,461674,461702,6,28,1,610,1.21428571429
461669,461680,461742,11,62,1,610,1.17741935484
461670,461685,461718,15,33,1,610,1.45454545455
461671,461691,461732,20,41,1,610,1.48780487805
461672,461696,461734,24,38,1,610,1.63157894737
461853,461860,461924,7,64,1,610,1.109375
461991,461997,462051,6,54,1,610,1.11111111111
461993,462003,462086,10,83,1,610,1.12048192771
461994,462008,462062,14,54,1,610,1.25925925926
461995,462014,462064,19,50,1,610,1.38
462307,462313,462381,6,68,16,610,1.08823529412
462309,462319,462392,10,73,16,610,1.13698630137
462355,462392,462463,37,71,16,610,1.52112676056
462356,462403,462452,47,49,16,610,1.95918367347
462493,462499,465951,6,3452,2,7200,1.00173812283
462606,462612,466030,6,3418,2,7200,1.00175541252
462680,462686,462755,6,69,16,610,1.08695652174
462681,462692,462752,11,60,16,610,1.18333333333
462683,462764,462826,81,62,16,610,2.3064516129
462687,462770,462842,83,72,16,610,2.15277777778
462688,462837,462904,149,67,16,610,3.22388059701
462689,462853,462924,164,71,16,610,3.30985915493
462943,462950,466185,7,3235,2,7200,1.00216383308
463034,463040,466421,6,3381,2,7200,1.00177462289
463218,463224,466140,6,2916,2,7200,1.00205761317
463745,463751,467127,6,3376,2,7200,1.00177725118
463931,463938,464584,7,646,3,7200,1.01083591331
464289,464295,473441,6,9146,1,10800,1.00065602449
464654,464660,464663,6,3,1,54000,1.0
464820,464826,518844,6,54018,1,54000,1.00011107409
464892,464898,518915,6,54017,1,54000,1.00011107614
465166,465172,519186,6,54014,1,54000,1.00011108231
465530,465536,470037,6,4501,1,14400,1.0013330371
465952,465958,469204,6,3246,2,7200,1.00184842884
466048,466054,469381,6,3327,2,7200,1.00180342651
466163,466169,469618,6,3449,2,7200,1.00173963468
466197,466203,469504,6,3301,2,7200,1.00181763102
466208,466214,466796,6,582,32,540,1.01030927835
466425,466807,466855,382,48,3,604800,8.95833333333
466429,466436,470062,7,3626,2,7200,1.00193050193
466982,466988,478911,6,11923,8,43200,1.00050322905
466998,467145,468165,147,1020,32,1440,1.14411764706
467128,467134,470145,6,3011,2,7200,1.00199269346
467157,467163,467360,6,197,3,604800,1.03045685279
467506,467512,467799,6,287,3,604800,1.02090592334
467732,467738,474970,6,7232,1,7200,1.00082964602
467868,474977,482227,7109,7250,1,7200,1.98055172414
467874,696337,703564,228463,7227,1,7200,32.6124256261
467877,703570,710801,235693,7231,1,7200,33.594800166
467881,710807,718051,242926,7244,1,7200,34.5347874103
467884,718057,725276,250173,7219,1,7200,35.6547998338
467886,725745,732968,257859,7223,1,7200,36.6997092621
467888,732977,740209,265089,7232,1,7200,37.655005531
467891,740223,747429,272332,7206,1,7200,38.7923952262
467979,747438,754645,279459,7207,1,7200,39.7760510615
467984,754662,761883,286678,7221,1,7200,40.7005954854
467986,761905,769138,293919,7233,1,7200,41.6358357528
467988,769148,776380,301160,7232,1,7200,42.642699115
467992,776395,783625,308403,7230,1,7200,43.6560165975
467994,783646,790870,315652,7224,1,7200,44.6949058693
467997,790879,798118,322882,7239,1,7200,45.6031219782
468002,798128,805368,330126,7240,1,7200,46.5975138122
468005,805377,812614,337372,7237,1,7200,47.6176592511
468025,468031,468502,6,471,4,604800,1.0127388535
468415,468421,468424,6,3,1,72000,1.0
468420,468427,468431,7,4,1,72000,1.1
468425,468433,468438,8,5,1,72000,1.3
468430,468439,468442,9,3,1,72000,1.2
468649,468655,468740,6,85,16,615,1.07058823529
468660,470077,472419,1417,2342,48,86400,1.60503842869
468725,472436,472919,3711,483,8,604800,8.68322981366
468726,468732,468736,6,4,1,72000,1.0
468864,468870,468954,6,84,16,615,1.07142857143
468879,468885,471671,6,2786,1,72000,1.00215362527
468941,468947,469584,6,637,16,615,1.00941915228
468961,470049,472871,1088,2822,1,72000,1.38554216867
469017,469023,469646,6,623,16,615,1.00963081862
469204,469210,472354,6,3144,2,7200,1.00190839695
469382,469388,472434,6,3046,2,7200,1.00196979645
469500,469506,472864,6,3358,2,7200,1.00178677784
469618,469625,473056,7,3431,2,7200,1.00204022151
470091,470158,470162,67,4,1,72000,7.1
470094,470164,470167,70,3,1,72000,7.3
470513,696310,699901,225797,3591,128,3600,63.8785853523
470612,473341,473697,2729,356,32,1215,8.66573033708
470672,474348,474824,3676,476,32,1215,8.72268907563
471609,471616,473447,7,1831,2,14400,1.00382304752
472018,472431,474505,413,2074,32,28800,1.19913211186
473041,473047,475136,6,2089,1,14400,1.00287218765
473290,473297,545337,7,72040,1,72000,1.00009716824
473638,473644,473646,6,2,1,72000,1.0
473689,473709,474338,20,629,16,18000,1.03179650238
473742,473748,473753,6,5,1,72000,1.1
473780,473786,474334,6,548,2,18000,1.01094890511
474248,474255,474256,7,1,1,72000,1.0
474285,474292,474352,7,60,1,72000,1.11666666667
475193,475199,486113,6,10914,1,10800,1.00054975261
475278,475285,489025,7,13740,2,18000,1.00050946143
475287,475294,483062,7,7768,16,18000,1.00090113285
476536,476542,476751,6,209,2,288000,1.02870813397
477022,477028,501308,6,24280,2,288000,1.00024711697
477157,477164,502001,7,24837,2,288000,1.00028183758
478046,699008,699110,220962,102,64,610,2167.29411765
478050,699121,699208,221071,87,64,610,2542.04597701
479645,479651,480294,6,643,2,600,1.00933125972
479933,696315,698997,216382,2682,48,86400,81.6793437733
487547,696323,696943,208776,620,1,1800,337.735483871
487549,696329,696890,208780,561,1,1800,373.156862745
