SubmitTime,StartTime,EndTime,QueuedTime,RunTime,NodesRequested,walltime,bslowdown
827,840,6201,13,5361,5,9000,1.00242492072
827,835,6435,8,5600,5,9000,1.00142857143
838,847,5356,9,4509,5,9000,1.00199600798
839,853,5293,14,4440,5,9000,1.00315315315
850,865,6190,15,5325,5,9000,1.00281690141
850,860,6130,10,5270,5,9000,1.00189753321
861,871,5403,10,4532,5,9000,1.00220653133
862,877,5490,15,4613,5,9000,1.00325168003
873,889,5268,16,4379,5,9000,1.00365380224
873,883,5334,10,4451,5,9000,1.00224668614
884,895,5667,11,4772,5,9000,1.00230511316
885,4543,9422,3658,4879,5,9000,1.74974379996
896,8153,13608,7257,5455,5,9000,2.33033913841
1417,2134,2135,717,1,1,600,71.8
1419,2141,2148,722,7,1,600,72.9
1420,2148,2153,728,5,1,600,73.3
1422,2161,2162,739,1,1,600,74.0
1423,2168,2169,745,1,1,600,74.6
1425,2175,2183,750,8,1,600,75.8
1426,2182,2183,756,1,1,600,75.7
1427,3158,3168,1731,10,1,600,174.1
1489,3180,3182,1691,2,1,600,169.3
1490,3194,3199,1704,5,1,600,170.9
1491,3210,3212,1719,2,1,600,172.1
1493,3224,3226,1731,2,1,600,173.3
1494,3238,3240,1744,2,1,600,174.6
1496,3252,3253,1756,1,1,600,175.7
1497,3266,3267,1769,1,1,600,177.0
1498,3279,3289,1781,10,1,600,179.1
1500,3301,3302,1801,1,1,600,180.2
1501,3313,3315,1812,2,1,600,181.4
1562,3327,3328,1765,1,1,600,176.6
1564,3340,3342,1776,2,1,600,177.8
1565,3354,3356,1789,2,1,600,179.1
1567,3368,3369,1801,1,1,600,180.2
1568,3382,3395,1814,13,1,600,140.538461538
1569,3407,3408,1838,1,1,600,183.9
1571,3420,3421,1849,1,1,600,185.0
1572,3433,3435,1861,2,1,600,186.3
1574,3447,3450,1873,3,1,600,187.6
1575,3461,3467,1886,6,1,600,189.2
1637,3480,3481,1843,1,1,600,184.4
1638,3492,3494,1854,2,1,600,185.6
1639,3506,3507,1867,1,1,600,186.8
1641,3519,3520,1878,1,1,600,187.9
1642,3532,3534,1890,2,1,600,189.2
1643,3547,3548,1904,1,1,600,190.5
1645,3561,3562,1916,1,1,600,191.7
1646,3574,3575,1928,1,1,600,192.9
1647,3587,3588,1940,1,1,600,194.1
1649,3600,3604,1951,4,1,600,195.5
1710,3616,3617,1906,1,1,600,190.7
1712,3630,3631,1918,1,1,600,191.9
1713,3643,3644,1930,1,1,600,193.1
1714,3656,3664,1942,8,1,600,195.0
1716,3676,3677,1960,1,1,600,196.1
1717,3689,3690,1972,1,1,600,197.3
1718,3702,3703,1984,1,1,600,198.5
1720,3715,3716,1995,1,1,600,199.6
1721,3728,3729,2007,1,1,600,200.8
1722,3742,3743,2020,1,1,600,202.1
1784,3755,3756,1971,1,1,600,197.2
1785,3768,3769,1983,1,1,600,198.4
1786,3781,3783,1995,2,1,600,199.7
1788,3795,3796,2007,1,1,600,200.8
1789,3808,3809,2019,1,1,600,202.0
1791,3821,3822,2030,1,1,600,203.1
1792,3833,3842,2041,9,1,600,205.0
1793,3840,3842,2047,2,1,600,204.9
1795,5270,5285,3475,15,1,600,232.666666667
1796,5296,5299,3500,3,1,600,350.3
1857,5312,5314,3455,2,1,600,345.7
1859,5326,5327,3467,1,1,600,346.8
1860,5340,5342,3480,2,1,600,348.2
1862,5354,5357,3492,3,1,600,349.5
1863,5370,5372,3507,2,1,600,350.9
1864,5384,5385,3520,1,1,600,352.1
1866,5398,5399,3532,1,1,600,353.3
1867,5412,5413,3545,1,1,600,354.6
1869,5426,5429,3557,3,1,600,356.0
1930,5441,5443,3511,2,1,600,351.3
1931,5455,5457,3524,2,1,600,352.6
1933,5469,5470,3536,1,1,600,353.7
1934,5482,5484,3548,2,1,600,355.0
1936,5496,5497,3560,1,1,600,356.1
1937,5509,5511,3572,2,1,600,357.4
1938,5523,5533,3585,10,1,600,359.5
1940,5546,5547,3606,1,1,600,360.7
1941,5560,5588,3619,28,1,600,130.25
2003,5600,5601,3597,1,1,600,359.8
2004,5613,5615,3609,2,1,600,361.1
2006,5627,5628,3621,1,1,600,362.2
2007,5641,5642,3634,1,1,600,363.5
2008,5654,5655,3646,1,1,600,364.7
2010,5667,5668,3657,1,1,600,365.8
2011,5680,5681,3669,1,1,600,367.0
2013,5693,5695,3680,2,1,600,368.2
2014,5708,5709,3694,1,1,600,369.5
2075,5721,5722,3646,1,1,600,364.7
2077,5734,5736,3657,2,1,600,365.9
2078,5748,5749,3670,1,1,600,367.1
2080,5761,5763,3681,2,1,600,368.3
2081,5775,5776,3694,1,1,600,369.5
2082,5788,5789,3706,1,1,600,370.7
2084,5800,5802,3716,2,1,600,371.8
2085,5814,5815,3729,1,1,600,373.0
2087,5827,5828,3740,1,1,600,374.1
2088,5841,5842,3753,1,1,600,375.4
2149,5854,5855,3705,1,1,600,370.6
2151,5867,5868,3716,1,1,600,371.7
2152,5881,5882,3729,1,1,600,373.0
2154,5895,5896,3741,1,1,600,374.2
2155,5909,5910,3754,1,1,600,375.5
2157,5923,5925,3766,2,1,600,376.8
2158,5937,5939,3779,2,1,600,378.1
2159,5951,5952,3792,1,1,600,379.3
2161,5965,5966,3804,1,1,600,380.5
2222,5978,5981,3756,3,1,600,375.9
2223,5993,5994,3770,1,1,600,377.1
2225,6006,6008,3781,2,1,600,378.3
2226,6020,6022,3794,2,1,600,379.6
3189,6034,6035,2845,1,1,600,284.6
3190,6047,6048,2857,1,1,600,285.8
3252,6060,6062,2808,2,1,600,281.0
3253,6074,6075,2821,1,1,600,282.2
3255,6088,6089,2833,1,1,600,283.4
3256,6101,6102,2845,1,1,600,284.6
3318,6114,6115,2796,1,1,600,279.7
3319,6127,6129,2808,2,1,600,281.0
3320,6141,6142,2821,1,1,600,282.2
3322,6155,6156,2833,1,1,600,283.4
3323,6167,6168,2844,1,1,600,284.5
3385,6181,6183,2796,2,1,600,279.8
3386,6195,6196,2809,1,1,600,281.0
3388,6208,6209,2820,1,1,600,282.1
3389,6221,6224,2832,3,1,600,283.5
3450,6235,6236,2785,1,1,600,278.6
3452,6248,6249,2796,1,1,600,279.7
3453,6260,6262,2807,2,1,600,280.9
3455,6274,6276,2819,2,1,600,282.1
3456,6288,6289,2832,1,1,600,283.3
3518,6300,6304,2782,4,1,600,278.6
3519,6316,6317,2797,1,1,600,279.8
3520,6330,6331,2810,1,1,600,281.1
3522,6344,6346,2822,2,1,600,282.4
3583,6358,6359,2775,1,1,600,277.6
3585,6372,6376,2787,4,1,600,279.1
3586,6388,6389,2802,1,1,600,280.3
3587,6401,6403,2814,2,1,600,281.6
3589,6416,6417,2827,1,1,600,282.8
3650,6429,6430,2779,1,1,600,278.0
3652,6443,6444,2791,1,1,600,279.2
3653,6455,6457,2802,2,1,600,280.4
3654,6469,6472,2815,3,1,600,281.8
3656,6485,6486,2829,1,1,600,283.0
3717,6498,6500,2781,2,1,600,278.3
3719,6512,6514,2793,2,1,600,279.5
3720,6526,6527,2806,1,1,600,280.7
3721,6539,6540,2818,1,1,600,281.9
3723,6553,6555,2830,2,1,600,283.2
3784,6566,6568,2782,2,1,600,278.4
3786,6580,6581,2794,1,1,600,279.5
3787,6593,6596,2806,3,1,600,280.9
3789,6608,6609,2819,1,1,600,282.0
3790,6621,6622,2831,1,1,600,283.2
3852,6635,6636,2783,1,1,600,278.4
3853,6648,6649,2795,1,1,600,279.6
3854,6661,6667,2807,6,1,600,281.3
3856,6678,6680,2822,2,1,600,282.4
3857,6691,6693,2834,2,1,600,283.6
4548,8165,12629,3617,4464,5,9000,1.81025985663
5300,6705,6706,1405,1,1,600,140.6
5362,6718,6720,1356,2,1,600,135.8
5363,6732,6733,1369,1,1,600,137.0
5365,6746,6747,1381,1,1,600,138.2
5366,6759,6761,1393,2,1,600,139.5
5368,6773,6775,1405,2,1,600,140.7
5429,6787,6797,1358,10,1,600,136.8
5431,6808,6810,1377,2,1,600,137.9
5432,6822,6824,1390,2,1,600,139.2
5434,6835,6839,1401,4,1,600,140.5
5435,6851,6852,1416,1,1,600,141.7
5497,6864,6875,1367,11,1,600,125.272727273
5498,6886,6888,1388,2,1,600,139.0
5499,6900,6906,1401,6,1,600,140.7
5501,6918,6919,1417,1,1,600,141.8
5562,6931,6936,1369,5,1,600,137.4
5564,6948,6951,1384,3,1,600,138.7
5565,6963,6964,1398,1,1,600,139.9
5567,6976,6978,1409,2,1,600,141.1
5628,6990,6992,1362,2,1,600,136.4
5630,7004,7005,1374,1,1,600,137.5
5631,7018,7022,1387,4,1,600,139.1
5692,7035,7036,1343,1,1,600,134.4
5694,7048,7054,1354,6,1,600,136.0
5695,7066,7071,1371,5,1,600,137.6
5697,7083,7085,1386,2,1,600,138.8
5698,7097,7098,1399,1,1,600,140.0
5759,7110,7111,1351,1,1,600,135.2
5761,7124,7126,1363,2,1,600,136.5
5762,7138,7141,1376,3,1,600,137.9
5763,7153,7163,1390,10,1,600,140.0
5765,7175,7177,1410,2,1,600,141.2
5826,7189,7190,1363,1,1,600,136.4
5828,7202,7203,1374,1,1,600,137.5
5829,7216,7218,1387,2,1,600,138.9
5830,7230,7232,1400,2,1,600,140.2
5832,7244,7245,1412,1,1,600,141.3
5893,7257,7258,1364,1,1,600,136.5
5894,7270,7272,1376,2,1,600,137.8
5896,7284,7285,1388,1,1,600,138.9
5897,7297,7299,1400,2,1,600,140.2
5898,7312,7314,1414,2,1,600,141.6
5960,7327,7328,1367,1,1,600,136.8
5961,7340,7342,1379,2,1,600,138.1
5963,7354,7355,1391,1,1,600,139.2
5964,7367,7369,1403,2,1,600,140.5
5965,7381,7383,1416,2,1,600,141.8
6027,7395,7396,1368,1,1,600,136.9
6028,7408,7410,1380,2,1,600,138.2
6029,7422,7424,1393,2,1,600,139.5
6031,7435,7436,1404,1,1,600,140.5
6032,7448,7450,1416,2,1,600,141.8
6094,7462,7463,1368,1,1,600,136.9
6095,7476,7478,1381,2,1,600,138.3
6096,7490,7491,1394,1,1,600,139.5
6098,7505,7517,1407,12,1,600,118.25
6099,7529,7531,1430,2,1,600,143.2
6160,7543,7553,1383,10,1,600,139.3
6162,7565,7568,1403,3,1,600,140.6
6163,7580,7583,1417,3,1,600,142.0
6164,7595,7597,1431,2,1,600,143.3
6166,7609,7611,1443,2,1,600,144.5
6227,7623,7624,1396,1,1,600,139.7
6228,7637,7639,1409,2,1,600,141.1
6230,7651,7653,1421,2,1,600,142.3
6231,7665,7667,1434,2,1,600,143.6
6233,7679,7680,1446,1,1,600,144.7
6294,7692,7694,1398,2,1,600,140.0
6296,7707,7709,1411,2,1,600,141.3
6297,7721,7723,1424,2,1,600,142.6
6298,7735,7736,1437,1,1,600,143.8
6300,7748,7750,1448,2,1,600,145.0
6361,7762,7764,1401,2,1,600,140.3
6362,7776,7778,1414,2,1,600,141.6
6364,7790,7792,1426,2,1,600,142.8
6365,7804,7805,1439,1,1,600,144.0
6367,7817,7819,1450,2,1,600,145.2
6428,7831,7832,1403,1,1,600,140.4
6429,7845,7847,1416,2,1,600,141.8
6431,7859,7861,1428,2,1,600,143.0
6432,7873,7875,1441,2,1,600,144.3
6494,7887,7890,1393,3,1,600,139.6
6495,7902,7904,1407,2,1,600,140.9
6497,7916,7917,1419,1,1,600,142.0
6498,7929,7930,1431,1,1,600,143.2
6499,7941,7943,1442,2,1,600,144.4
6561,7955,7956,1394,1,1,600,139.5
6562,7969,7971,1407,2,1,600,140.9
6564,7983,7984,1419,1,1,600,142.0
6565,7996,7997,1431,1,1,600,143.2
6567,8010,8011,1443,1,1,600,144.4
6628,8023,8024,1395,1,1,600,139.6
6629,8036,8037,1407,1,1,600,140.8
6631,8048,8050,1417,2,1,600,141.9
6632,8062,8063,1430,1,1,600,143.1
6633,8075,8076,1442,1,1,600,144.3
6695,8088,8089,1393,1,1,600,139.4
6696,8100,8103,1404,3,1,600,140.7
6698,8115,8116,1417,1,1,600,141.8
6699,8128,8129,1429,1,1,600,143.0
6700,8141,8142,1441,1,1,600,144.2
6762,8159,8161,1397,2,1,600,139.9
6763,8189,8190,1426,1,1,600,142.7
6765,8213,8214,1448,1,1,600,144.9
6766,8242,8244,1476,2,1,600,147.8
6767,8256,8258,1489,2,1,600,149.1
6829,8270,8272,1441,2,1,600,144.3
6830,8284,8285,1454,1,1,600,145.5
6832,8297,8298,1465,1,1,600,146.6
6833,8310,8311,1477,1,1,600,147.8
6895,8323,8324,1428,1,1,600,142.9
6896,8335,8338,1439,3,1,600,144.2
6898,8350,8353,1452,3,1,600,145.5
6899,8365,8368,1466,3,1,600,146.9
6961,8380,8381,1419,1,1,600,142.0
6962,8392,8394,1430,2,1,600,143.2
6963,8406,8407,1443,1,1,600,144.4
6965,8419,8420,1454,1,1,600,145.5
7026,8431,8433,1405,2,1,600,140.7
7027,8445,8446,1418,1,1,600,141.9
7029,8459,8460,1430,1,1,600,143.1
7030,8472,8479,1442,7,1,600,144.9
7032,8491,8493,1459,2,1,600,146.1
7093,8505,8507,1412,2,1,600,141.4
7094,8519,8532,1425,13,1,600,110.615384615
7096,8544,8546,1448,2,1,600,145.0
7097,8558,8559,1461,1,1,600,146.2
7159,8571,8573,1412,2,1,600,141.4
7160,8585,8593,1425,8,1,600,143.3
7161,8606,8607,1445,1,1,600,144.6
7163,8619,8620,1456,1,1,600,145.7
7224,8633,8634,1409,1,1,600,141.0
7226,8646,8647,1420,1,1,600,142.1
7227,8659,8660,1432,1,1,600,143.3
7228,8672,8673,1444,1,1,600,144.5
7230,8685,8686,1455,1,1,600,145.6
7291,8699,8700,1408,1,1,600,140.9
7293,8712,8717,1419,5,1,600,142.4
7294,8729,8736,1435,7,1,600,144.2
7296,8748,8749,1452,1,1,600,145.3
7297,8761,8764,1464,3,1,600,146.7
7358,8776,8777,1418,1,1,600,141.9
7360,8789,8791,1429,2,1,600,143.1
7361,8803,8804,1442,1,1,600,144.3
7363,8815,8820,1452,5,1,600,145.7
7364,8832,8833,1468,1,1,600,146.9
7426,8845,8846,1419,1,1,600,142.0
7427,8858,8860,1431,2,1,600,143.3
7428,8871,8875,1443,4,1,600,144.7
7430,8887,8889,1457,2,1,600,145.9
7431,8901,8904,1470,3,1,600,147.3
7493,8916,8918,1423,2,1,600,142.5
7494,8930,8931,1436,1,1,600,143.7
7496,8944,8945,1448,1,1,600,144.9
7497,8957,8958,1460,1,1,600,146.1
7499,8969,8971,1470,2,1,600,147.2
7560,8984,8986,1424,2,1,600,142.6
7562,8998,8999,1436,1,1,600,143.7
7563,9011,9013,1448,2,1,600,145.0
7625,9025,9026,1400,1,1,600,140.1
7626,9039,9041,1413,2,1,600,141.5
7628,9053,9054,1425,1,1,600,142.6
7629,9066,9068,1437,2,1,600,143.9
7631,9079,9081,1448,2,1,600,145.0
7692,9093,9094,1401,1,1,600,140.2
7694,9107,9108,1413,1,1,600,141.4
7695,9120,9121,1425,1,1,600,142.6
7697,9133,9135,1436,2,1,600,143.8
7758,9146,9149,1388,3,1,600,139.1
7760,9161,9163,1401,2,1,600,140.3
7761,9175,9176,1414,1,1,600,141.5
7762,9188,9189,1426,1,1,600,142.7
7764,9201,9202,1437,1,1,600,143.8
7825,9215,9216,1390,1,1,600,139.1
7827,9228,9229,1401,1,1,600,140.2
7828,9242,9243,1414,1,1,600,141.5
7830,9255,9257,1425,2,1,600,142.7
7831,9268,9270,1437,2,1,600,143.9
7893,9282,9283,1389,1,1,600,139.0
7894,9295,9296,1401,1,1,600,140.2
7895,9308,9309,1413,1,1,600,141.4
7897,9321,9322,1424,1,1,600,142.5
7898,9334,9336,1436,2,1,600,143.8
7960,9349,9350,1389,1,1,600,139.0
7961,9362,9363,1401,1,1,600,140.2
7963,9374,9376,1411,2,1,600,141.3
7964,9388,9392,1424,4,1,600,142.8
7965,9405,9407,1440,2,1,600,144.2
8027,9419,9425,1392,6,1,600,139.8
8028,9437,9439,1409,2,1,600,141.1
8030,9451,9452,1421,1,1,600,142.2
8031,9464,9466,1433,2,1,600,143.5
8032,9478,9479,1446,1,1,600,144.7
8094,9491,9492,1397,1,1,600,139.8
8096,9504,9513,1408,9,1,600,141.7
8097,9525,9526,1428,1,1,600,142.9
8098,9538,9544,1440,6,1,600,144.6
8100,9556,9557,1456,1,1,600,145.7
8157,8171,13681,14,5510,5,9000,1.00254083485
8162,9569,9571,1407,2,1,600,140.9
8163,9583,9590,1420,7,1,600,142.7
8165,9602,9603,1437,1,1,600,143.8
8166,9614,9616,1448,2,1,600,145.0
8167,9628,9629,1461,1,1,600,146.2
8168,8177,13775,9,5598,5,9000,1.00160771704
8169,8183,13120,14,4937,5,9000,1.0028357302
8180,8195,12886,15,4691,5,9000,1.00319761245
8181,8201,12638,20,4437,5,9000,1.00450755015
8191,8207,13157,16,4950,5,9000,1.00323232323
8202,8219,12787,17,4568,5,9000,1.00372154116
8203,8225,12671,22,4446,5,9000,1.00494826811
8224,8231,13885,7,5654,5,9000,1.00123806155
8225,8237,13524,12,5287,5,9000,1.00226971818
8229,9640,9642,1411,2,1,600,141.3
8230,9654,9660,1424,6,1,600,143.0
8236,11862,16323,3626,4461,5,9000,1.81282223717
8236,8249,12976,13,4727,5,9000,1.00275015866
8247,15487,19970,7240,4483,5,9000,2.61498996208
8292,9673,9674,1381,1,1,600,138.2
8294,9686,9687,1392,1,1,600,139.3
8295,9699,9700,1404,1,1,600,140.5
8296,9712,9722,1416,10,1,600,142.6
8358,9735,9737,1377,2,1,600,137.9
8359,9749,9761,1390,12,1,600,116.833333333
8360,9774,9776,1414,2,1,600,141.6
8362,9788,9792,1426,4,1,600,143.0
8363,9804,9806,1441,2,1,600,144.3
8424,9818,9820,1394,2,1,600,139.6
8426,9831,9833,1405,2,1,600,140.7
8427,9845,9847,1418,2,1,600,142.0
8428,9859,9860,1431,1,1,600,143.2
8430,9872,9874,1442,2,1,600,144.4
8491,9886,9888,1395,2,1,600,139.7
8493,9900,9902,1407,2,1,600,140.9
8494,9913,9915,1419,2,1,600,142.1
8496,9927,9928,1431,1,1,600,143.2
8557,9940,9941,1383,1,1,600,138.4
8559,9953,9956,1394,3,1,600,139.7
8560,9968,9972,1408,4,1,600,141.2
8561,9984,10002,1423,18,1,600,80.0555555556
8623,10014,10015,1391,1,1,600,139.2
8624,10028,10031,1404,3,1,600,140.7
8625,10043,10045,1418,2,1,600,142.0
8627,10057,10060,1430,3,1,600,143.3
8629,10071,10081,1442,10,1,600,145.2
8690,10093,10096,1403,3,1,600,140.6
8691,10108,10109,1417,1,1,600,141.8
8693,10120,10122,1427,2,1,600,142.9
8694,10134,10136,1440,2,1,600,144.2
8696,10148,10149,1452,1,1,600,145.3
8757,10161,10168,1404,7,1,600,141.1
8759,10180,10182,1421,2,1,600,142.3
8760,10194,10196,1434,2,1,600,143.6
8761,10208,10209,1447,1,1,600,144.8
8823,10221,10222,1398,1,1,600,139.9
8824,10234,10235,1410,1,1,600,141.1
8826,10247,10248,1421,1,1,600,142.2
8827,10260,10262,1433,2,1,600,143.5
8828,10275,10276,1447,1,1,600,144.8
8890,10288,10289,1398,1,1,600,139.9
8891,10301,10303,1410,2,1,600,141.2
8893,10315,10317,1422,2,1,600,142.4
8894,10329,10331,1435,2,1,600,143.7
8895,10342,10344,1447,2,1,600,144.9
8957,10356,10357,1399,1,1,600,140.0
8958,10368,10379,1410,11,1,600,129.181818182
8959,10391,10397,1432,6,1,600,143.8
8961,10409,10411,1448,2,1,600,145.0
9022,10422,10423,1400,1,1,600,140.1
9024,10435,10436,1411,1,1,600,141.2
9025,10448,10450,1423,2,1,600,142.5
9026,10462,10463,1436,1,1,600,143.7
9028,10476,10478,1448,2,1,600,145.0
9089,10489,10491,1400,2,1,600,140.2
9091,10503,10504,1412,1,1,600,141.3
9092,10516,10517,1424,1,1,600,142.5
9093,10529,10535,1436,6,1,600,144.2
9095,10547,10549,1452,2,1,600,145.4
9156,10561,10562,1405,1,1,600,140.6
9158,10574,10575,1416,1,1,600,141.7
9159,10587,10589,1428,2,1,600,143.0
9160,10601,10603,1441,2,1,600,144.3
9162,10614,10617,1452,3,1,600,145.5
9223,10629,10630,1406,1,1,600,140.7
9225,10643,10644,1418,1,1,600,141.9
9226,10656,10657,1430,1,1,600,143.1
9227,10669,10671,1442,2,1,600,144.4
9229,10683,10685,1454,2,1,600,145.6
9290,10697,10702,1407,5,1,600,141.2
9292,10713,10715,1421,2,1,600,142.3
9293,10728,10729,1435,1,1,600,143.6
9294,10741,10742,1447,1,1,600,144.8
9296,10754,10756,1458,2,1,600,146.0
9357,10767,10770,1410,3,1,600,141.3
9359,10782,10783,1423,1,1,600,142.4
9360,10796,10797,1436,1,1,600,143.7
9362,10809,10811,1447,2,1,600,144.9
9363,10824,10825,1461,1,1,600,146.2
9424,10837,10838,1413,1,1,600,141.4
9426,10850,10855,1424,5,1,600,142.9
9427,10867,10873,1440,6,1,600,144.6
9428,10885,10886,1457,1,1,600,145.8
9490,10899,10901,1409,2,1,600,141.1
9491,10913,10916,1422,3,1,600,142.5
9493,10928,10940,1435,12,1,600,120.583333333
9494,10952,10954,1458,2,1,600,146.0
9495,10967,10968,1472,1,1,600,147.3
9557,10980,10982,1423,2,1,600,142.5
9558,10995,10997,1437,2,1,600,143.9
9559,11009,11010,1450,1,1,600,145.1
9561,11022,11058,1461,36,1,600,41.5833333333
9622,11070,11071,1448,1,1,600,144.9
9623,11083,11084,1460,1,1,600,146.1
9625,11096,11098,1471,2,1,600,147.3
9626,11110,11111,1484,1,1,600,148.5
9627,11123,11124,1496,1,1,600,149.7
9689,11136,11137,1447,1,1,600,144.8
9690,11148,11150,1458,2,1,600,146.0
9691,11162,11163,1471,1,1,600,147.2
9693,11175,11176,1482,1,1,600,148.3
9694,11188,11189,1494,1,1,600,149.5
9756,11201,11202,1445,1,1,600,144.6
9757,11215,11216,1458,1,1,600,145.9
9758,11229,11231,1471,2,1,600,147.3
9820,11243,11245,1423,2,1,600,142.5
9821,11257,11258,1436,1,1,600,143.7
9822,11271,11272,1449,1,1,600,145.0
9824,11285,11288,1461,3,1,600,146.4
9885,11300,11302,1415,2,1,600,141.7
9886,11314,11316,1428,2,1,600,143.0
9888,11328,11330,1440,2,1,600,144.2
9889,11342,11347,1453,5,1,600,145.8
9890,11359,11360,1469,1,1,600,147.0
9952,11372,11373,1420,1,1,600,142.1
9953,11385,11388,1432,3,1,600,143.5
9955,11400,11401,1445,1,1,600,144.6
9956,11413,11414,1457,1,1,600,145.8
9957,11427,11429,1470,2,1,600,147.2
10019,11441,11442,1422,1,1,600,142.3
10020,11454,11455,1434,1,1,600,143.5
10021,11467,11470,1446,3,1,600,144.9
10023,11482,11483,1459,1,1,600,146.0
10084,11495,11502,1411,7,1,600,141.8
10086,11514,11515,1428,1,1,600,142.9
10087,11527,11528,1440,1,1,600,144.1
10088,11540,11541,1452,1,1,600,145.3
10150,11553,11554,1403,1,1,600,140.4
10151,11566,11567,1415,1,1,600,141.6
10152,11579,11585,1427,6,1,600,143.3
10154,11597,11599,1443,2,1,600,144.5
10155,11611,11616,1456,5,1,600,146.1
10217,11628,11629,1411,1,1,600,141.2
10218,11641,11643,1423,2,1,600,142.5
10219,11655,11656,1436,1,1,600,143.7
10221,11668,11674,1447,6,1,600,145.3
10282,11685,11688,1403,3,1,600,140.6
10283,11700,11701,1417,1,1,600,141.8
10285,11713,11714,1428,1,1,600,142.9
10286,11726,11727,1440,1,1,600,144.1
10287,11739,11740,1452,1,1,600,145.3
10349,11751,11753,1402,2,1,600,140.4
10350,11765,11767,1415,2,1,600,141.7
10351,11779,11780,1428,1,1,600,142.9
10353,11792,11793,1439,1,1,600,144.0
10354,11805,11806,1451,1,1,600,145.2
10416,11819,11820,1403,1,1,600,140.4
10417,11831,11833,1414,2,1,600,141.6
10418,11845,11851,1427,6,1,600,143.3
10420,11868,11870,1448,2,1,600,145.0
10481,11882,11883,1401,1,1,600,140.2
10482,11894,11896,1412,2,1,600,141.4
10484,11908,11910,1424,2,1,600,142.6
10485,11922,11924,1437,2,1,600,143.9
10486,11935,11937,1449,2,1,600,145.1
10548,11949,11951,1401,2,1,600,140.3
10549,11963,11965,1414,2,1,600,141.6
10551,11977,11988,1426,11,1,600,130.636363636
10552,12000,12002,1448,2,1,600,145.0
10613,12014,12016,1401,2,1,600,140.3
10615,12028,12029,1413,1,1,600,141.4
10616,12041,12042,1425,1,1,600,142.6
10617,12054,12056,1437,2,1,600,143.9
10619,12068,12069,1449,1,1,600,145.0
10680,12082,12083,1402,1,1,600,140.3
10681,12095,12096,1414,1,1,600,141.5
10683,12108,12109,1425,1,1,600,142.6
10684,12121,12124,1437,3,1,600,144.0
10685,12136,12137,1451,1,1,600,145.2
10747,12150,12152,1403,2,1,600,140.5
10748,12164,12165,1416,1,1,600,141.7
10750,12177,12178,1427,1,1,600,142.8
10751,12189,12191,1438,2,1,600,144.0
10752,12204,12206,1452,2,1,600,145.4
10814,12217,12226,1403,9,1,600,141.2
10815,12239,12240,1424,1,1,600,142.5
10816,12252,12255,1436,3,1,600,143.9
10818,12267,12268,1449,1,1,600,145.0
10819,12281,12282,1462,1,1,600,146.3
10881,12294,12296,1413,2,1,600,141.5
10882,12308,12314,1426,6,1,600,143.2
10884,12326,12327,1442,1,1,600,144.3
10885,12339,12342,1454,3,1,600,145.7
10946,12354,12356,1408,2,1,600,141.0
10948,12368,12370,1420,2,1,600,142.2
10949,12382,12383,1433,1,1,600,143.4
10950,12395,12397,1445,2,1,600,144.7
11012,12409,12411,1397,2,1,600,139.9
11013,12423,12424,1410,1,1,600,141.1
11015,12436,12437,1421,1,1,600,142.2
11016,12450,12456,1434,6,1,600,144.0
11017,12469,12470,1452,1,1,600,145.3
11079,12482,12483,1403,1,1,600,140.4
11080,12495,12496,1415,1,1,600,141.6
11142,12508,12510,1366,2,1,600,136.8
11143,12522,12524,1379,2,1,600,138.1
11144,12535,12537,1391,2,1,600,139.3
11146,12549,12550,1403,1,1,600,140.4
11147,12562,12564,1415,2,1,600,141.7
11209,12576,12577,1367,1,1,600,136.8
11210,12590,12591,1380,1,1,600,138.1
11211,12604,12605,1393,1,1,600,139.4
11213,12617,12618,1404,1,1,600,140.5
11214,12631,12633,1417,2,1,600,141.9
11275,12645,12647,1370,2,1,600,137.2
11277,12659,12660,1382,1,1,600,138.3
11278,12672,12675,1394,3,1,600,139.7
11280,12687,12690,1407,3,1,600,141.0
11281,12703,12704,1422,1,1,600,142.3
11342,12717,12726,1375,9,1,600,138.4
11344,12739,12740,1395,1,1,600,139.6
11345,12752,12754,1407,2,1,600,140.9
11347,12766,12767,1419,1,1,600,142.0
11408,12780,12781,1372,1,1,600,137.3
11410,12794,12796,1384,2,1,600,138.6
11411,12809,12811,1398,2,1,600,140.0
11412,12823,12824,1411,1,1,600,141.2
11414,12836,12837,1422,1,1,600,142.3
11475,12850,12851,1375,1,1,600,137.6
11477,12863,12865,1386,2,1,600,138.8
11478,12878,12879,1400,1,1,600,140.1
11480,12891,12892,1411,1,1,600,141.2
11481,12905,12907,1424,2,1,600,142.6
11543,12919,12920,1376,1,1,600,137.7
11544,12932,12933,1388,1,1,600,138.9
11546,12946,12947,1400,1,1,600,140.1
11547,12966,12967,1419,1,1,600,142.0
11548,12980,12982,1432,2,1,600,143.4
11610,12993,13008,1383,15,1,600,93.2
11611,13021,13022,1410,1,1,600,141.1
11612,13034,13035,1422,1,1,600,142.3
11614,13048,13049,1434,1,1,600,143.5
11675,13061,13063,1386,2,1,600,138.8
11676,13074,13076,1398,2,1,600,140.0
11678,13088,13091,1410,3,1,600,141.3
11679,13103,13106,1424,3,1,600,142.7
11681,13118,13120,1437,2,1,600,143.9
11743,13132,13134,1389,2,1,600,139.1
11745,13146,13148,1401,2,1,600,140.3
11746,13160,13161,1414,1,1,600,141.5
11747,13174,13175,1427,1,1,600,142.8
11749,13188,13189,1439,1,1,600,144.0
11812,13200,13202,1388,2,1,600,139.0
11813,13214,13230,1401,16,1,600,88.5625
11815,13242,13244,1427,2,1,600,142.9
11816,13256,13257,1440,1,1,600,144.1
11817,13270,13283,1453,13,1,600,112.769230769
11860,15493,20895,3633,5402,5,9000,1.67252869308
11879,13296,13298,1417,2,1,600,141.9
11881,13311,13313,1430,2,1,600,143.2
11882,13325,13327,1443,2,1,600,144.5
11884,13339,13340,1455,1,1,600,145.6
11945,13351,13354,1406,3,1,600,140.9
11947,13365,13367,1418,2,1,600,142.0
11948,13379,13387,1431,8,1,600,143.9
11950,13399,13403,1449,4,1,600,145.3
11951,13415,13418,1464,3,1,600,146.7
12012,13430,13431,1418,1,1,600,141.9
12014,13444,13445,1430,1,1,600,143.1
12015,13457,13458,1442,1,1,600,144.3
12016,13471,13473,1455,2,1,600,145.7
12078,13485,13486,1407,1,1,600,140.8
12079,13498,13499,1419,1,1,600,142.0
12080,13505,13518,1425,13,1,600,110.615384615
12081,13513,13514,1432,1,1,600,143.3
12083,13526,13533,1443,7,1,600,145.0
12144,13533,13534,1389,1,1,600,139.0
12145,13545,13546,1400,1,1,600,140.1
12147,13552,13553,1405,1,1,600,140.6
12148,13559,13562,1411,3,1,600,141.4
12149,13566,13567,1417,1,1,600,141.8
12211,13574,13580,1363,6,1,600,136.9
12212,13581,13582,1369,1,1,600,137.0
12213,13592,13594,1379,2,1,600,138.1
12214,13599,13600,1385,1,1,600,138.6
12216,13606,13609,1390,3,1,600,139.3
12278,13613,13614,1335,1,1,600,133.6
12279,13622,13624,1343,2,1,600,134.5
12280,13629,13631,1349,2,1,600,135.1
12282,13637,13639,1355,2,1,600,135.7
12343,13644,13645,1301,1,1,600,130.2
12345,13651,13653,1306,2,1,600,130.8
12346,13658,13659,1312,1,1,600,131.3
12347,13665,13667,1318,2,1,600,132.0
12348,13672,13673,1324,1,1,600,132.5
12410,13679,13681,1269,2,1,600,127.1
12411,13686,13689,1275,3,1,600,127.8
12413,13693,13694,1280,1,1,600,128.1
12414,13701,13703,1287,2,1,600,128.9
12476,13709,13710,1233,1,1,600,123.4
12477,13716,13717,1239,1,1,600,124.0
12478,13723,13724,1245,1,1,600,124.6
12480,13730,13731,1250,1,1,600,125.1
12481,13737,13738,1256,1,1,600,125.7
12542,13744,13746,1202,2,1,600,120.4
12544,13751,13752,1207,1,1,600,120.8
12545,13759,13760,1214,1,1,600,121.5
12546,13766,13767,1220,1,1,600,122.1
12548,13773,13774,1225,1,1,600,122.6
12610,13780,13781,1170,1,1,600,117.1
12611,13787,13788,1176,1,1,600,117.7
12613,13794,13795,1181,1,1,600,118.2
12614,13801,13802,1187,1,1,600,118.8
12616,13808,13809,1192,1,1,600,119.3
12678,13816,13821,1138,5,1,600,114.3
12679,13823,13826,1144,3,1,600,114.7
12681,13833,13834,1152,1,1,600,115.3
12682,13840,13842,1158,2,1,600,116.0
12683,13848,13849,1165,1,1,600,116.6
12745,13855,13856,1110,1,1,600,111.1
12746,13862,13863,1116,1,1,600,111.7
12747,13869,13870,1122,1,1,600,112.3
12749,13875,13877,1126,2,1,600,112.8
12810,13883,13885,1073,2,1,600,107.5
12812,13890,13891,1078,1,1,600,107.9
12813,13897,13898,1084,1,1,600,108.5
12814,13904,13905,1090,1,1,600,109.1
12876,13911,13912,1035,1,1,600,103.6
12878,13917,13919,1039,2,1,600,104.1
12879,13925,13927,1046,2,1,600,104.8
12880,13932,13933,1052,1,1,600,105.3
12882,13939,13941,1057,2,1,600,105.9
12943,13946,13947,1003,1,1,600,100.4
12945,13953,13955,1008,2,1,600,101.0
12946,13960,13964,1014,4,1,600,101.8
12947,13967,13969,1020,2,1,600,102.2
12949,13976,13977,1027,1,1,600,102.8
13010,13983,13984,973,1,1,600,97.4
13012,13990,13993,978,3,1,600,98.1
13013,13997,13998,984,1,1,600,98.5
13014,14005,14006,991,1,1,600,99.2
13076,14012,14016,936,4,1,600,94.0
13077,14019,14020,942,1,1,600,94.3
13079,14028,14029,949,1,1,600,95.0
13080,14036,14038,956,2,1,600,95.8
13082,14043,14044,961,1,1,600,96.2
13143,14050,14052,907,2,1,600,90.9
13145,14057,14065,912,8,1,600,92.0
13146,14064,14070,918,6,1,600,92.4
13148,14078,14080,930,2,1,600,93.2
13209,14086,14087,877,1,1,600,87.8
13211,14094,14096,883,2,1,600,88.5
13212,14102,14103,890,1,1,600,89.1
13214,14109,14110,895,1,1,600,89.6
13215,14116,14118,901,2,1,600,90.3
13277,14122,14126,845,4,1,600,84.9
13278,14130,14136,852,6,1,600,85.8
13280,14139,14141,859,2,1,600,86.1
13341,14148,14149,807,1,1,600,80.8
13343,14155,14160,812,5,1,600,81.7
13344,14162,14164,818,2,1,600,82.0
13345,14172,14173,827,1,1,600,82.8
13347,14178,14180,831,2,1,600,83.3
13408,14186,14187,778,1,1,600,77.9
13409,14193,14194,784,1,1,600,78.5
13411,14199,14201,788,2,1,600,79.0
13412,14207,14209,795,2,1,600,79.7
13474,14214,14215,740,1,1,600,74.1
13475,14222,14225,747,3,1,600,75.0
13476,14229,14232,753,3,1,600,75.6
13478,14237,14240,759,3,1,600,76.2
13479,14244,14245,765,1,1,600,76.6
13541,14252,14253,711,1,1,600,71.2
13542,14259,14260,717,1,1,600,71.8
13543,14266,14267,723,1,1,600,72.4
13545,14273,14275,728,2,1,600,73.0
13546,14281,14283,735,2,1,600,73.7
13547,14288,14290,741,2,1,600,74.3
13609,14296,14297,687,1,1,600,68.8
13610,14303,14314,693,11,1,600,64.0
13611,14311,14313,700,2,1,600,70.2
13613,14325,14326,712,1,1,600,71.3
13614,14332,14335,718,3,1,600,72.1
13615,14339,14349,724,10,1,600,73.4
13617,14347,14349,730,2,1,600,73.2
13618,22984,23000,9366,16,1,600,586.375
13620,22989,23004,9369,15,1,600,625.6
13621,23012,23013,9391,1,1,600,939.2
13682,23019,23021,9337,2,1,600,933.9
13684,23026,23027,9342,1,1,600,934.3
13685,23033,23035,9348,2,1,600,935.0
13686,23040,23042,9354,2,1,600,935.6
13688,23047,23049,9359,2,1,600,936.1
13689,23053,23055,9364,2,1,600,936.6
13691,23061,23073,9370,12,1,600,781.833333333
13692,23068,23070,9376,2,1,600,937.8
13693,23083,23084,9390,1,1,600,939.1
13695,23090,23093,9395,3,1,600,939.8
13756,23097,23099,9341,2,1,600,934.3
13757,23106,23107,9349,1,1,600,935.0
13759,23113,23114,9354,1,1,600,935.5
13760,23120,23121,9360,1,1,600,936.1
13761,23127,23136,9366,9,1,600,937.5
13763,23134,23136,9371,2,1,600,937.3
13764,23148,23150,9384,2,1,600,938.6
13765,23153,23162,9388,9,1,600,939.7
13767,23162,23165,9395,3,1,600,939.8
13768,23174,23186,9406,12,1,600,784.833333333
13829,23181,23187,9352,6,1,600,935.8
13831,23198,23199,9367,1,1,600,936.8
13832,23204,23213,9372,9,1,600,938.1
13834,23212,23214,9378,2,1,600,938.0
13835,23225,23227,9390,2,1,600,939.2
13836,23231,23233,9395,2,1,600,939.7
13838,23238,23243,9400,5,1,600,940.5
13839,23246,23248,9407,2,1,600,940.9
13840,23254,23256,9414,2,1,600,941.6
13842,23267,23269,9425,2,1,600,942.7
13903,23274,23276,9371,2,1,600,937.3
13904,23282,23284,9378,2,1,600,938.0
13906,23289,23290,9383,1,1,600,938.4
13907,23295,23297,9388,2,1,600,939.0
13908,23302,23314,9394,12,1,600,783.833333333
13910,23309,23310,9399,1,1,600,940.0
13911,23322,23324,9411,2,1,600,941.3
13913,23329,23330,9416,1,1,600,941.7
13914,23336,23337,9422,1,1,600,942.3
13916,23343,23344,9427,1,1,600,942.8
13977,23350,23351,9373,1,1,600,937.4
13978,23357,23358,9379,1,1,600,938.0
13980,23364,23365,9384,1,1,600,938.5
13981,23371,23372,9390,1,1,600,939.1
13982,23378,23382,9396,4,1,600,940.0
13984,23385,23386,9401,1,1,600,940.2
13985,23394,23395,9409,1,1,600,941.0
13987,23401,23403,9414,2,1,600,941.6
13988,23408,23410,9420,2,1,600,942.2
13989,23415,23417,9426,2,1,600,942.8
13991,24307,24309,10316,2,1,600,1031.8
14052,23422,23424,9370,2,1,600,937.2
14053,23428,23430,9375,2,1,600,937.7
14055,23436,23437,9381,1,1,600,938.2
14056,23443,23444,9387,1,1,600,938.8
14057,23457,23458,9400,1,1,600,940.1
14059,23469,23471,9410,2,1,600,941.2
14060,23484,23488,9424,4,1,600,942.8
14062,23501,23503,9439,2,1,600,944.1
14063,23516,23517,9453,1,1,600,945.4
14124,23530,23531,9406,1,1,600,940.7
14126,23543,23554,9417,11,1,600,857.090909091
14127,23566,23568,9439,2,1,600,944.1
14129,23580,23582,9451,2,1,600,945.3
14130,23594,23598,9464,4,1,600,946.8
14131,23610,23617,9479,7,1,600,948.6
14133,23634,23637,9501,3,1,600,950.4
14134,23649,23661,9515,12,1,600,793.916666667
14135,23673,23674,9538,1,1,600,953.9
14197,23686,23687,9489,1,1,600,949.0
14198,23699,23700,9501,1,1,600,950.2
14200,23713,23719,9513,6,1,600,951.9
14201,23731,23732,9530,1,1,600,953.1
14202,23745,23747,9543,2,1,600,954.5
14204,23759,23760,9555,1,1,600,955.6
14205,23772,23776,9567,4,1,600,957.1
14206,23788,23801,9582,13,1,600,738.076923077
14208,23814,23815,9606,1,1,600,960.7
14209,23830,23832,9621,2,1,600,962.3
14271,23844,23846,9573,2,1,600,957.5
14272,23857,23861,9585,4,1,600,958.9
14273,23873,23876,9600,3,1,600,960.3
14275,23894,23895,9619,1,1,600,962.0
14276,23908,23909,9632,1,1,600,963.3
14277,23922,23923,9645,1,1,600,964.6
14279,23935,23937,9656,2,1,600,965.8
14280,23949,23950,9669,1,1,600,967.0
14281,23961,23963,9680,2,1,600,968.2
14283,23975,23976,9692,1,1,600,969.3
14344,23988,23995,9644,7,1,600,965.1
14346,24007,24008,9661,1,1,600,966.2
14347,24020,24022,9673,2,1,600,967.5
14348,24035,24036,9687,1,1,600,968.8
14350,24048,24050,9698,2,1,600,970.0
14351,24062,24063,9711,1,1,600,971.2
14352,24075,24076,9723,1,1,600,972.4
14414,24088,24090,9674,2,1,600,967.6
14415,24102,24104,9687,2,1,600,968.9
15489,15500,21274,11,5774,5,9000,1.00190509179
15489,15506,20763,17,5257,5,9000,1.00323378353
15500,15512,20859,12,5347,5,9000,1.00224424911
15511,15519,20198,8,4679,5,9000,1.00170976704
15512,15524,21063,12,5539,5,9000,1.00216645604
15523,15536,20385,13,4849,5,9000,1.00268096515
15523,15531,20572,8,5041,5,9000,1.00158698671
15534,15543,20518,9,4975,5,9000,1.00180904523
15535,15549,20030,14,4481,5,9000,1.00312430261
15546,15561,20612,15,5051,5,9000,1.00296970897
15546,15555,20801,9,5246,5,9000,1.00171559283
15557,19180,24021,3623,4841,5,9000,1.7483990911
15558,19185,23870,3627,4685,5,9000,1.77417289221
19178,23262,27817,4084,4555,5,9000,1.89659714599
19188,19982,21604,794,1622,8,6000,1.48951911221
19984,20210,21823,226,1613,8,6000,1.1401115933
20085,46007,46109,25922,102,1,1800,255.137254902
20212,20397,21994,185,1597,8,6000,1.11584220413
20398,20585,22199,187,1614,8,6000,1.11586121437
20585,20624,22247,39,1623,8,6000,1.02402957486
20771,20813,22412,42,1599,8,6000,1.02626641651
20813,20907,22521,94,1614,8,6000,1.05824039653
20907,21076,22678,169,1602,8,6000,1.10549313358
21072,21616,23247,544,1631,8,6000,1.33353770693
21620,21836,23438,216,1602,8,6000,1.13483146067
21837,22006,23615,169,1609,8,6000,1.10503418272
22002,22211,23809,209,1598,8,6000,1.13078848561
22209,22259,23863,50,1604,8,6000,1.03117206983
22262,22424,24082,162,1658,8,6000,1.09770808203
22427,22533,24141,106,1608,8,6000,1.06592039801
22531,22690,24285,159,1595,8,6000,1.09968652038
22686,22774,24397,88,1623,8,6000,1.05422057917
23010,24115,24117,1105,2,1,600,110.7
23011,24129,24130,1118,1,1,600,111.9
23073,24142,24143,1069,1,1,600,107.0
23074,24159,24161,1085,2,1,600,108.7
23076,24173,24174,1097,1,1,600,109.8
23077,24186,24187,1109,1,1,600,111.0
23078,24199,24200,1121,1,1,600,112.2
23080,24212,24214,1132,2,1,600,113.4
23081,24226,24228,1145,2,1,600,114.7
23083,24241,24243,1158,2,1,600,116.0
23084,24255,24256,1171,1,1,600,117.2
23146,24268,24269,1122,1,1,600,112.3
23147,24281,24282,1134,1,1,600,113.5
23148,24294,24295,1146,1,1,600,114.7
23150,24321,24328,1171,7,1,600,117.8
23151,24340,24342,1189,2,1,600,119.1
23152,24354,24356,1202,2,1,600,120.4
23154,24368,24374,1214,6,1,600,122.0
23155,24385,24390,1230,5,1,600,123.5
23156,24402,24403,1246,1,1,600,124.7
23218,24417,24419,1199,2,1,600,120.1
23219,24431,24432,1212,1,1,600,121.3
23221,24443,24445,1222,2,1,600,122.4
23222,24457,24458,1235,1,1,600,123.6
23223,24470,24471,1247,1,1,600,124.8
23225,24483,24487,1258,4,1,600,126.2
23226,24499,24500,1273,1,1,600,127.4
23254,23450,25064,196,1614,8,6000,1.12143742255
23265,23627,25260,362,1633,8,6000,1.22167789345
23288,24512,24513,1224,1,1,600,122.5
23289,24525,24526,1236,1,1,600,123.7
23290,24538,24540,1248,2,1,600,125.0
23292,24552,24553,1260,1,1,600,126.1
23293,24565,24576,1272,11,1,600,116.636363636
23294,24588,24590,1294,2,1,600,129.6
23296,24603,24604,1307,1,1,600,130.8
23297,24616,24617,1319,1,1,600,132.0
23299,24635,24654,1336,19,1,600,71.3157894737
23360,24666,24671,1306,5,1,600,131.1
23361,24683,24685,1322,2,1,600,132.4
23363,24697,24701,1334,4,1,600,133.8
23365,24714,24716,1349,2,1,600,135.1
23366,24728,24731,1362,3,1,600,136.5
23368,24743,24745,1375,2,1,600,137.7
23369,24757,24759,1388,2,1,600,139.0
23370,24771,24774,1401,3,1,600,140.4
23372,24786,24787,1414,1,1,600,141.5
23373,24799,24809,1426,10,1,600,143.6
23435,24821,24823,1386,2,1,600,138.8
23436,24835,24837,1399,2,1,600,140.1
23437,24848,24850,1411,2,1,600,141.3
23439,24863,24864,1424,1,1,600,142.5
23440,24876,24878,1436,2,1,600,143.8
23442,24889,24891,1447,2,1,600,144.9
23443,24902,24908,1459,6,1,600,146.5
23444,24921,24923,1477,2,1,600,147.9
23446,24935,24936,1489,1,1,600,149.0
23447,24948,24950,1501,2,1,600,150.3
23451,23823,25425,372,1602,8,6000,1.23220973783
23509,24962,24990,1453,28,1,600,52.8928571429
23510,25002,25003,1492,1,1,600,149.3
23512,25015,25017,1503,2,1,600,150.5
23513,25029,25031,1516,2,1,600,151.8
23515,25043,25045,1528,2,1,600,153.0
23576,25056,25058,1480,2,1,600,148.2
23578,25070,25071,1492,1,1,600,149.3
23579,25084,25085,1505,1,1,600,150.6
23581,25096,25098,1515,2,1,600,151.7
23627,23880,25486,253,1606,8,6000,1.15753424658
23642,25110,25111,1468,1,1,600,146.9
23643,25123,25129,1480,6,1,600,148.6
23645,25140,25143,1495,3,1,600,149.8
23646,25201,25202,1555,1,1,600,155.6
23708,25155,25156,1447,1,1,600,144.8
23709,25168,25169,1459,1,1,600,146.0
23711,25181,25189,1470,8,1,600,147.8
23712,25214,25215,1502,1,1,600,150.3
23774,25228,25235,1454,7,1,600,146.1
23775,25247,25248,1472,1,1,600,147.3
23777,25260,25261,1483,1,1,600,148.4
23778,26717,26720,2939,3,1,600,294.2
23824,23887,25515,63,1628,8,6000,1.0386977887
23839,26723,26725,2884,2,1,600,288.6
23841,26732,26733,2891,1,1,600,289.2
23842,26739,26742,2897,3,1,600,290.0
23844,26746,26747,2902,1,1,600,290.3
23876,24095,25719,219,1624,8,6000,1.13485221675
23905,26754,26755,2849,1,1,600,285.0
23907,26761,26762,2854,1,1,600,285.5
23908,26768,26769,2860,1,1,600,286.1
23909,26775,26777,2866,2,1,600,286.8
23971,26782,26784,2811,2,1,600,281.3
23972,26789,26791,2817,2,1,600,281.9
23974,26796,26799,2822,3,1,600,282.5
23975,26803,26805,2828,2,1,600,283.0
23977,26810,26812,2833,2,1,600,283.5
24031,24153,25769,122,1616,8,6000,1.0754950495
24038,26817,26819,2779,2,1,600,278.1
24039,26825,26827,2786,2,1,600,278.8
24041,26831,26835,2790,4,1,600,279.4
24042,26839,26840,2797,1,1,600,279.8
24043,26846,26848,2803,2,1,600,280.5
24094,24301,25908,207,1607,8,6000,1.12881144991
24105,26853,26855,2748,2,1,600,275.0
24106,26861,26862,2755,1,1,600,275.6
24108,26867,26870,2759,3,1,600,276.2
24109,26875,26876,2766,1,1,600,276.7
24110,26882,26885,2772,3,1,600,277.5
24156,24410,26037,254,1627,8,6000,1.15611555009
24172,26889,26891,2717,2,1,600,271.9
24173,26897,26899,2724,2,1,600,272.6
24174,26904,26905,2730,1,1,600,273.1
24176,26918,26920,2742,2,1,600,274.4
24237,26932,26933,2695,1,1,600,269.6
24238,26946,26948,2708,2,1,600,271.0
24240,26960,26970,2720,10,1,600,273.0
24241,26983,26984,2742,1,1,600,274.3
24242,26997,27003,2755,6,1,600,276.1
24301,25077,26699,776,1622,8,6000,1.4784217016
24304,27015,27016,2711,1,1,600,271.2
24306,27029,27031,2723,2,1,600,272.5
24307,27043,27044,2736,1,1,600,273.7
24308,27057,27059,2749,2,1,600,275.1
24310,27071,27072,2761,1,1,600,276.2
24371,27084,27086,2713,2,1,600,271.5
24372,27097,27099,2725,2,1,600,272.7
24374,27111,27117,2737,6,1,600,274.3
24375,27634,27635,3259,1,1,600,326.0
24415,25273,26893,858,1620,8,6000,1.52962962963
24437,27639,27641,3202,2,1,600,320.4
24438,27647,27649,3209,2,1,600,321.1
24439,27655,27657,3216,2,1,600,321.8
24441,27662,27663,3221,1,1,600,322.2
24442,27669,27670,3227,1,1,600,322.8
24503,27682,27686,3179,4,1,600,318.3
24505,27698,27700,3193,2,1,600,319.5
24506,27711,27713,3205,2,1,600,320.7
24507,27725,27726,3218,1,1,600,321.9
24509,27738,27739,3229,1,1,600,323.0
24570,27751,27752,3181,1,1,600,318.2
24572,27765,27767,3193,2,1,600,319.5
24573,27779,27780,3206,1,1,600,320.7
24574,27792,27793,3218,1,1,600,321.9
24636,27806,27807,3170,1,1,600,317.1
24637,27820,27823,3183,3,1,600,318.6
24638,27837,27847,3199,10,1,600,320.9
24640,27858,27860,3218,2,1,600,322.0
24701,27873,27874,3172,1,1,600,317.3
24703,27885,27891,3182,6,1,600,318.8
24704,27902,27906,3198,4,1,600,320.2
24765,27917,27919,3152,2,1,600,315.4
24767,27930,27932,3163,2,1,600,316.5
24768,27944,27946,3176,2,1,600,317.8
24770,27958,27959,3188,1,1,600,318.9
24771,27971,27973,3200,2,1,600,320.2
24833,27984,27985,3151,1,1,600,315.2
24834,27997,27998,3163,1,1,600,316.4
24835,28009,28011,3174,2,1,600,317.6
24837,28023,28024,3186,1,1,600,318.7
24898,28036,28038,3138,2,1,600,314.0
24899,28050,28051,3151,1,1,600,315.2
24901,28062,28069,3161,7,1,600,316.8
24902,28080,28090,3178,10,1,600,318.8
24904,28101,28104,3197,3,1,600,320.0
24965,28116,28119,3151,3,1,600,315.4
24967,28131,28153,3164,22,1,600,144.818181818
24968,28519,28522,3551,3,1,600,355.4
24969,28165,28166,3196,1,1,600,319.7
25031,28179,28185,3148,6,1,600,315.4
25032,28197,28198,3165,1,1,600,316.6
25033,28210,28211,3177,1,1,600,317.8
25075,25437,27113,362,1676,8,6000,1.21599045346
25095,28224,28225,3129,1,1,600,313.0
25096,28231,28233,3135,2,1,600,313.7
25098,28236,28245,3138,9,1,600,314.7
25099,28243,28244,3144,1,1,600,314.5
25100,28250,28252,3150,2,1,600,315.2
25162,28257,28258,3095,1,1,600,309.6
25163,28262,28264,3099,2,1,600,310.1
25164,28269,28271,3105,2,1,600,310.7
25166,28275,28277,3109,2,1,600,311.1
25167,28281,28282,3114,1,1,600,311.5
25229,28288,28289,3059,1,1,600,306.0
25230,28295,28296,3065,1,1,600,306.6
25231,28300,28301,3069,1,1,600,307.0
25233,28307,28313,3074,6,1,600,308.0
25272,25498,27119,226,1621,8,6000,1.13942011104
25294,28314,28316,3020,2,1,600,302.2
25295,28319,28322,3024,3,1,600,302.7
25297,28326,28327,3029,1,1,600,303.0
25437,25528,27136,91,1608,8,6000,1.0565920398
25500,25730,27340,230,1610,8,6000,1.14285714286
25532,25782,27390,250,1608,8,6000,1.15547263682
25728,25892,27499,164,1607,8,6000,1.10205351587
25783,25920,27532,137,1612,8,6000,1.08498759305
25917,26048,27658,131,1610,8,6000,1.08136645963
26042,26711,28333,669,1622,8,6000,1.41245376079
26702,26911,28529,209,1618,8,6000,1.12917181706
26740,28333,28334,1593,1,1,600,159.4
26742,28340,28344,1598,4,1,600,160.2
26744,28345,28347,1601,2,1,600,160.3
26806,28359,28360,1553,1,1,600,155.4
26807,28364,28371,1557,7,1,600,156.4
26809,28372,28378,1563,6,1,600,156.9
26810,28383,28384,1573,1,1,600,157.4
26812,28390,28392,1578,2,1,600,158.0
26813,28397,28399,1584,2,1,600,158.6
26814,28405,28406,1591,1,1,600,159.2
26816,28411,28423,1595,12,1,600,133.916666667
26817,28419,28420,1602,1,1,600,160.3
26818,28433,28435,1615,2,1,600,161.7
26820,28439,28441,1619,2,1,600,162.1
26881,28448,28450,1567,2,1,600,156.9
26883,28455,28458,1572,3,1,600,157.5
26884,28461,28463,1577,2,1,600,157.9
26886,28469,28471,1583,2,1,600,158.5
26887,28477,28478,1590,1,1,600,159.1
26888,28483,28485,1595,2,1,600,159.7
26890,28491,28492,1601,1,1,600,160.2
26891,28498,28499,1607,1,1,600,160.8
26892,28505,28506,1613,1,1,600,161.4
26894,28511,28513,1617,2,1,600,161.9
26898,27125,28733,227,1608,8,6000,1.14116915423
26955,28525,28527,1570,2,1,600,157.2
26956,28534,28535,1578,1,1,600,157.9
26958,28547,28548,1589,1,1,600,159.0
26959,28560,28561,1601,1,1,600,160.2
26961,28573,28575,1612,2,1,600,161.4
26962,28588,28589,1626,1,1,600,162.7
27024,28601,28602,1577,1,1,600,157.8
27026,28614,28615,1588,1,1,600,158.9
27027,28627,28630,1600,3,1,600,160.3
27029,28642,28643,1613,1,1,600,161.4
27090,28654,28657,1564,3,1,600,156.7
27092,28669,28675,1577,6,1,600,158.3
27093,28687,28689,1594,2,1,600,159.6
27095,28700,28702,1605,2,1,600,160.7
27096,28714,28715,1618,1,1,600,161.9
27116,27132,28764,16,1632,8,6000,1.00980392157
27127,27149,28753,22,1604,8,6000,1.01371571072
27138,27352,28958,214,1606,8,6000,1.13325031133
27158,29344,29345,2186,1,1,600,218.7
27159,28726,28728,1567,2,1,600,156.9
27346,27402,29006,56,1604,8,6000,1.0349127182
27398,27511,29138,113,1627,8,6000,1.06945298095
27502,27544,29158,42,1614,8,6000,1.02602230483
27533,27676,29299,143,1623,8,6000,1.08810844116
27642,28739,28746,1097,7,1,600,110.4
27668,27830,29458,162,1628,8,6000,1.09950859951
27703,28758,28771,1055,13,1,600,82.1538461538
27705,28783,28785,1078,2,1,600,108.0
27706,28797,28798,1091,1,1,600,109.2
27708,28810,28811,1102,1,1,600,110.3
27709,28823,28824,1114,1,1,600,111.5
27711,28836,28838,1125,2,1,600,112.7
27712,28850,28863,1138,13,1,600,88.5384615385
27774,28875,28876,1101,1,1,600,110.2
27775,28888,28890,1113,2,1,600,111.5
27776,28902,28904,1126,2,1,600,112.8
27778,28916,28917,1138,1,1,600,113.9
27779,28929,28930,1150,1,1,600,115.1
27834,28352,29988,518,1636,8,6000,1.31662591687
27841,28942,28966,1101,24,1,600,46.875
27842,28978,28979,1136,1,1,600,113.7
27843,28991,28992,1148,1,1,600,114.9
27845,29004,29008,1159,4,1,600,116.3
27906,29025,29026,1119,1,1,600,112.0
27908,29038,29039,1130,1,1,600,113.1
27909,29051,29058,1142,7,1,600,114.9
27911,29070,29073,1159,3,1,600,116.2
27912,29085,29086,1173,1,1,600,117.4
27973,29098,29099,1125,1,1,600,112.6
27975,29111,29113,1136,2,1,600,113.8
27976,29125,29127,1149,2,1,600,115.1
27978,29139,29144,1161,5,1,600,116.6
27979,29157,29159,1178,2,1,600,118.0
28040,29164,29165,1124,1,1,600,112.5
28042,29169,29171,1127,2,1,600,112.9
28043,29188,29190,1145,2,1,600,114.7
28044,29193,29196,1149,3,1,600,115.2
28046,29203,29204,1157,1,1,600,115.8
28107,29210,29213,1103,3,1,600,110.6
28108,29217,29226,1109,9,1,600,111.8
28110,29226,29231,1116,5,1,600,112.1
28111,29238,29240,1127,2,1,600,112.9
28173,29245,29251,1072,6,1,600,107.8
28174,29252,29253,1078,1,1,600,107.9
28175,29263,29265,1088,2,1,600,109.0
28237,29270,29271,1033,1,1,600,103.4
28238,29277,29278,1039,1,1,600,104.0
28239,29284,29285,1045,1,1,600,104.6
28241,29291,29293,1050,2,1,600,105.2
28242,29298,29300,1056,2,1,600,105.8
28303,29305,29307,1002,2,1,600,100.4
28305,29312,29314,1007,2,1,600,100.9
28306,29324,29331,1018,7,1,600,102.5
28307,29331,29333,1024,2,1,600,102.6
28309,29351,29352,1042,1,1,600,104.3
28310,29358,29359,1048,1,1,600,104.9
28311,29365,29366,1054,1,1,600,105.5
28313,29372,29374,1059,2,1,600,106.1
28314,29379,29382,1065,3,1,600,106.8
28316,29387,29388,1071,1,1,600,107.2
28317,29394,29395,1077,1,1,600,107.8
28318,29401,29402,1083,1,1,600,108.4
28350,28540,30161,190,1621,8,6000,1.11721159778
28380,29408,29410,1028,2,1,600,103.0
28381,29415,29417,1034,2,1,600,103.6
28383,29422,29424,1039,2,1,600,104.1
28384,29428,29429,1044,1,1,600,104.5
28386,29436,29443,1050,7,1,600,105.7
28387,29443,29444,1056,1,1,600,105.7
28388,29455,29456,1067,1,1,600,106.8
28390,29461,29463,1071,2,1,600,107.3
28391,29469,29470,1078,1,1,600,107.9
28393,29481,29483,1088,2,1,600,109.0
28454,29488,29490,1034,2,1,600,103.6
28455,29496,29497,1041,1,1,600,104.2
28457,29503,29504,1046,1,1,600,104.7
28458,30268,30274,1810,6,1,600,181.6
28460,29510,29512,1050,2,1,600,105.2
28461,29515,29517,1054,2,1,600,105.6
28462,29521,29529,1059,8,1,600,106.7
28464,29528,29530,1064,2,1,600,106.6
28465,29533,29535,1068,2,1,600,107.0
28527,29540,29543,1013,3,1,600,101.6
28530,29546,29549,1016,3,1,600,101.9
28531,29553,29554,1022,1,1,600,102.3
28532,29558,29560,1026,2,1,600,102.8
28534,29565,29567,1031,2,1,600,103.3
28535,29570,29572,1035,2,1,600,103.7
28536,28747,30362,211,1615,8,6000,1.1306501548
28536,29577,29588,1041,11,1,600,95.6363636364
28538,29583,29584,1045,1,1,600,104.6
28539,29590,29592,1051,2,1,600,105.3
28541,29595,29597,1054,2,1,600,105.6
28542,29603,29604,1061,1,1,600,106.2
28603,29608,29611,1005,3,1,600,100.8
28605,29615,29617,1010,2,1,600,101.2
28606,29620,29628,1014,8,1,600,102.2
28607,29627,29629,1020,2,1,600,102.2
28609,29632,29635,1023,3,1,600,102.6
28670,29639,29641,969,2,1,600,97.1
28672,29645,29646,973,1,1,600,97.4
28673,29652,29653,979,1,1,600,98.0
28674,29657,29659,983,2,1,600,98.5
28736,29664,29667,928,3,1,600,93.1
28737,29669,29671,932,2,1,600,93.4
28739,29675,29677,936,2,1,600,93.8
28740,29681,29684,941,3,1,600,94.4
28741,29688,29690,947,2,1,600,94.9
28743,28765,30396,22,1631,8,6000,1.01348865727
28764,28776,30392,12,1616,8,6000,1.00742574257
28775,28970,30591,195,1621,8,6000,1.12029611351
28804,29693,29695,889,2,1,600,89.1
28806,29700,29702,894,2,1,600,89.6
28807,29705,29707,898,2,1,600,90.0
28809,29713,29715,904,2,1,600,90.6
28870,29718,29720,848,2,1,600,85.0
28871,29726,29728,855,2,1,600,85.7
28873,29731,29733,858,2,1,600,86.0
28874,29738,29740,864,2,1,600,86.6
28936,29743,29746,807,3,1,600,81.0
28937,29757,29758,820,1,1,600,82.1
28938,29762,29765,824,3,1,600,82.7
28940,29769,29771,829,2,1,600,83.1
28941,29774,29776,833,2,1,600,83.5
28971,29018,30650,47,1632,8,6000,1.02879901961
29003,29782,29784,779,2,1,600,78.1
29005,29787,29791,782,4,1,600,78.6
29006,29795,29797,789,2,1,600,79.1
29024,29150,30770,126,1620,8,6000,1.07777777778
29068,29800,29801,732,1,1,600,73.3
29069,29807,29808,738,1,1,600,73.9
29071,29812,29816,741,4,1,600,74.5
29072,29818,29820,746,2,1,600,74.8
29133,29824,29825,691,1,1,600,69.2
29135,29831,29835,696,4,1,600,70.0
29136,29836,29840,700,4,1,600,70.4
29138,29844,29845,706,1,1,600,70.7
29139,29849,29851,710,2,1,600,71.2
29148,29176,30795,28,1619,8,6000,1.01729462631
29180,29319,30934,139,1615,8,6000,1.08606811146
29200,29857,29868,657,11,1,600,60.7272727273
29202,29862,29865,660,3,1,600,66.3
29203,29868,29869,665,1,1,600,66.6
29205,29875,29876,670,1,1,600,67.1
29206,29882,29884,676,2,1,600,67.8
29208,29887,29890,679,3,1,600,68.2
29269,29893,29895,624,2,1,600,62.6
29271,29900,29901,629,1,1,600,63.0
29272,29905,29906,633,1,1,600,63.4
29274,29912,29913,638,1,1,600,63.9
29275,29918,29919,643,1,1,600,64.4
29277,29925,29927,648,2,1,600,65.0
29278,29930,29932,652,2,1,600,65.4
29279,29936,29937,657,1,1,600,65.8
29281,29943,29945,662,2,1,600,66.4
29314,29476,31097,162,1621,8,6000,1.09993830969
29342,29949,29950,607,1,1,600,60.8
29344,29956,29958,612,2,1,600,61.4
29345,29961,29963,616,2,1,600,61.8
29347,29969,29971,622,2,1,600,62.4
29348,29974,29975,626,1,1,600,62.7
29349,29981,29983,632,2,1,600,63.4
29351,29986,29988,635,2,1,600,63.7
29353,29994,29996,641,2,1,600,64.3
29354,29999,30008,645,9,1,600,65.4
29416,30017,30018,601,1,1,600,60.2
29417,30024,30026,607,2,1,600,60.9
29419,30029,30031,610,2,1,600,61.2
29420,30036,30037,616,1,1,600,61.7
29422,30043,30053,621,10,1,600,63.1
29423,30048,30050,625,2,1,600,62.7
29425,30062,30063,637,1,1,600,63.8
29426,30069,30072,643,3,1,600,64.6
29428,30076,30078,648,2,1,600,65.0
29429,30085,30088,656,3,1,600,65.9
29431,30092,30093,661,1,1,600,66.2
29480,30006,31630,526,1624,8,6000,1.32389162562
29492,30100,30102,608,2,1,600,61.0
29493,30107,30108,614,1,1,600,61.5
29495,30114,30116,619,2,1,600,62.1
29496,30121,30123,625,2,1,600,62.7
29498,30130,30132,632,2,1,600,63.4
29499,30137,30138,638,1,1,600,63.9
29501,30144,30145,643,1,1,600,64.4
29502,30151,30153,649,2,1,600,65.1
29504,30158,30159,654,1,1,600,65.5
29565,30166,30169,601,3,1,600,60.4
29567,30181,30182,614,1,1,600,61.5
29568,30194,30196,626,2,1,600,62.8
29570,30209,30212,639,3,1,600,64.2
29571,30224,30227,653,3,1,600,65.6
29573,30239,30241,666,2,1,600,66.8
29575,30253,30256,678,3,1,600,68.1
29576,30285,30287,709,2,1,600,71.1
29577,30299,30301,722,2,1,600,72.4
29579,30313,30314,734,1,1,600,73.5
29580,30326,30327,746,1,1,600,74.7
29582,30339,30340,757,1,1,600,75.8
29643,30352,30353,709,1,1,600,71.0
29645,30366,30368,721,2,1,600,72.3
29646,30381,30384,735,3,1,600,73.8
29647,30396,30398,749,2,1,600,75.1
29649,31714,31716,2065,2,1,600,206.7
29650,31729,31730,2079,1,1,600,208.0
29652,31742,31748,2090,6,1,600,209.6
29653,31760,31762,2107,2,1,600,210.9
29654,31774,31777,2120,3,1,600,212.3
29656,31788,31790,2132,2,1,600,213.4
29657,31803,31805,2146,2,1,600,214.8
29659,31820,31821,2161,1,1,600,216.2
29661,31834,31835,2173,1,1,600,217.4
29722,31848,31859,2126,11,1,600,194.272727273
29724,31871,31873,2147,2,1,600,214.9
29725,31880,31898,2155,18,1,600,120.722222222
29727,31887,31888,2160,1,1,600,216.1
29729,31901,31902,2172,1,1,600,217.3
29730,31910,31911,2180,1,1,600,218.1
29732,31917,31919,2185,2,1,600,218.7
29733,31924,31925,2191,1,1,600,219.2
29735,31931,31932,2196,1,1,600,219.7
29737,31938,31944,2201,6,1,600,220.7
29738,31945,31946,2207,1,1,600,220.8
29739,31956,31958,2217,2,1,600,221.9
29741,31963,31965,2222,2,1,600,222.4
29803,31970,31972,2167,2,1,600,216.9
29805,31977,31979,2172,2,1,600,217.4
29806,31985,31991,2179,6,1,600,218.5
29808,31992,31993,2184,1,1,600,218.5
29809,32004,32012,2195,8,1,600,220.3
29811,32016,32017,2205,1,1,600,220.6
29812,32024,32025,2212,1,1,600,221.3
29814,32031,32032,2217,1,1,600,221.8
29815,32045,32047,2230,2,1,600,223.2
29817,32059,32061,2242,2,1,600,224.4
29818,32073,32075,2255,2,1,600,225.7
29880,32087,32089,2207,2,1,600,220.9
29881,32101,32102,2220,1,1,600,222.1
29883,32114,32115,2231,1,1,600,223.2
29885,32127,32128,2242,1,1,600,224.3
29886,32140,32141,2254,1,1,600,225.5
29888,32153,32154,2265,1,1,600,226.6
29890,32167,32168,2277,1,1,600,227.8
29892,32180,32181,2288,1,1,600,228.9
29893,32207,32209,2314,2,1,600,231.6
29895,32193,32195,2298,2,1,600,230.0
29896,32221,32222,2325,1,1,600,232.6
29898,32235,32237,2337,2,1,600,233.9
29900,32249,32251,2349,2,1,600,235.1
29901,32263,32264,2362,1,1,600,236.3
29963,32277,32279,2314,2,1,600,231.6
29964,32292,32294,2328,2,1,600,233.0
29966,32310,32311,2344,1,1,600,234.5
29967,32323,32324,2356,1,1,600,235.7
29969,32351,32352,2382,1,1,600,238.3
29970,32336,32339,2366,3,1,600,236.9
29972,32364,32366,2392,2,1,600,239.4
29973,32378,32379,2405,1,1,600,240.6
29975,32391,32393,2416,2,1,600,241.8
29976,32405,32406,2429,1,1,600,243.0
29978,32412,32429,2434,17,1,600,144.176470588
29979,32425,32427,2446,2,1,600,244.8
30006,30055,31696,49,1641,8,6000,1.02985984156
30041,32444,32446,2403,2,1,600,240.5
30042,32449,32454,2407,5,1,600,241.2
30044,32459,32460,2415,1,1,600,241.6
30045,32466,32468,2421,2,1,600,242.3
30047,32473,32474,2426,1,1,600,242.7
30048,32480,32482,2432,2,1,600,243.4
30050,32487,32488,2437,1,1,600,243.8
30051,32494,32501,2443,7,1,600,245.0
30053,32500,32522,2447,22,1,600,112.227272727
30058,30173,31801,115,1628,8,6000,1.07063882064
30114,32513,32521,2399,8,1,600,240.7
30116,32533,32535,2417,2,1,600,241.9
30117,32539,32541,2422,2,1,600,242.4
30118,32547,32549,2429,2,1,600,243.1
30120,32576,32578,2456,2,1,600,245.8
30121,32554,32555,2433,1,1,600,243.4
30123,32562,32563,2439,1,1,600,244.0
30124,32590,32591,2466,1,1,600,246.7
30126,32727,32728,2601,1,1,600,260.2
30127,32603,32605,2476,2,1,600,247.8
30128,32617,32618,2489,1,1,600,249.0
30172,30374,31994,202,1620,8,6000,1.12469135802
30190,32631,32633,2441,2,1,600,244.3
30191,32645,32646,2454,1,1,600,245.5
30193,32659,32660,2466,1,1,600,246.7
30194,32672,32673,2478,1,1,600,247.9
30196,32685,32687,2489,2,1,600,249.1
30197,32699,32701,2502,2,1,600,250.4
30199,32713,32715,2514,2,1,600,251.6
30260,32741,32743,2481,2,1,600,248.3
30262,32761,32762,2499,1,1,600,250.0
30263,32774,32775,2511,1,1,600,251.2
30265,32787,32790,2522,3,1,600,252.5
30266,32802,32805,2536,3,1,600,253.9
30328,32817,32818,2489,1,1,600,249.0
30329,32831,32832,2502,1,1,600,250.3
30331,32844,32847,2513,3,1,600,251.6
30332,32859,32860,2527,1,1,600,252.8
30334,32872,32873,2538,1,1,600,253.9
30379,30405,32020,26,1615,8,6000,1.01609907121
30395,32885,32886,2490,1,1,600,249.1
30397,32899,32901,2502,2,1,600,250.4
30398,32913,32914,2515,1,1,600,251.6
30400,32926,32928,2526,2,1,600,252.8
30400,30412,32067,12,1655,8,6000,1.00725075529
30411,30604,32226,193,1622,8,6000,1.11898890259
30461,32940,32941,2479,1,1,600,248.0
30608,30663,32291,55,1628,8,6000,1.03378378378
30660,30783,32403,123,1620,8,6000,1.07592592593
30784,30806,32425,22,1619,8,6000,1.01358863496
30806,30947,32552,141,1605,8,6000,1.08785046729
30951,31109,32743,158,1634,8,6000,1.09669522644
31106,31641,33262,535,1621,8,6000,1.33004318322
31643,31709,33349,66,1640,8,6000,1.04024390244
31705,31813,33440,108,1627,8,6000,1.0663798402
31725,32955,32957,1230,2,1,600,123.2
31786,32969,32970,1183,1,1,600,118.4
31788,32982,32995,1194,13,1,600,92.8461538462
31789,33007,33008,1218,1,1,600,121.9
31791,33020,33027,1229,7,1,600,123.6
31809,32011,33621,202,1610,8,6000,1.12546583851
31835,74631,103441,42796,28810,1,28800,2.48545643874
31835,45555,74403,13720,28848,1,28800,1.47559622851
31852,33039,33040,1187,1,1,600,118.8
31854,33052,33053,1198,1,1,600,119.9
31855,33065,33067,1210,2,1,600,121.2
31857,33079,33080,1222,1,1,600,122.3
31918,33092,33094,1174,2,1,600,117.6
31920,33106,33107,1186,1,1,600,118.7
31921,33120,33121,1199,1,1,600,120.0
31922,33134,33136,1212,2,1,600,121.4
31924,33148,33150,1224,2,1,600,122.6
31925,33162,33164,1237,2,1,600,123.9
31927,33177,33185,1250,8,1,600,125.8
31988,33197,33201,1209,4,1,600,121.3
31990,33213,33214,1223,1,1,600,122.4
31991,33227,33228,1236,1,1,600,123.7
31992,33241,33242,1249,1,1,600,125.0
31994,33254,33255,1260,1,1,600,126.1
31995,33268,33269,1273,1,1,600,127.4
31996,33281,33283,1285,2,1,600,128.7
31998,33295,33296,1297,1,1,600,129.8
31999,33309,33314,1310,5,1,600,131.5
32001,33326,33327,1325,1,1,600,132.6
32016,32038,33664,22,1626,8,6000,1.0135301353
32037,32080,33720,43,1640,8,6000,1.0262195122
32062,33339,33341,1277,2,1,600,127.9
32063,33353,33354,1290,1,1,600,129.1
32065,33368,33369,1303,1,1,600,130.4
32066,33381,33382,1315,1,1,600,131.6
32068,33393,33395,1325,2,1,600,132.7
32069,33407,33409,1338,2,1,600,134.0
32079,32242,33857,163,1615,8,6000,1.10092879257
32131,33421,33429,1290,8,1,600,129.8
32132,33441,33443,1309,2,1,600,131.1
32133,33459,33461,1326,2,1,600,132.8
32135,33473,33474,1338,1,1,600,133.9
32136,33487,33489,1351,2,1,600,135.3
32198,33500,33540,1302,40,1,600,33.55
32199,33552,33553,1353,1,1,600,135.4
32201,33565,33566,1364,1,1,600,136.5
32202,33578,33579,1376,1,1,600,137.7
32204,33592,33593,1388,1,1,600,138.9
32244,32303,33932,59,1629,8,6000,1.03621853898
32265,33605,33606,1340,1,1,600,134.1
32266,33618,33619,1352,1,1,600,135.3
32268,33631,33632,1363,1,1,600,136.4
32269,33645,33647,1376,2,1,600,137.8
32270,33659,33661,1389,2,1,600,139.1
32307,32419,34057,112,1638,8,6000,1.06837606838
32332,33673,33675,1341,2,1,600,134.3
32333,33687,33689,1354,2,1,600,135.6
32335,33701,33703,1366,2,1,600,136.8
32336,33715,33717,1379,2,1,600,138.1
32398,33729,33730,1331,1,1,600,133.2
32399,33743,33745,1344,2,1,600,134.6
32400,33758,33760,1358,2,1,600,136.0
32402,33772,33773,1370,1,1,600,137.1
32403,33786,33788,1383,2,1,600,138.5
32421,32437,34077,16,1640,8,6000,1.00975609756
32442,32569,34192,127,1623,8,6000,1.07825015404
32465,33800,33802,1335,2,1,600,133.7
32466,33816,33820,1350,4,1,600,135.4
32468,33833,33834,1365,1,1,600,136.6
32469,33846,33848,1377,2,1,600,137.9
32471,33860,33861,1389,1,1,600,139.0
32472,33876,33877,1404,1,1,600,140.5
32474,33889,33891,1415,2,1,600,141.7
32535,33903,33904,1368,1,1,600,136.9
32537,33916,33918,1379,2,1,600,138.1
32538,33930,33937,1392,7,1,600,139.9
32540,33951,33952,1411,1,1,600,141.2
32541,33964,33965,1423,1,1,600,142.4
32543,33977,33978,1434,1,1,600,143.5
32544,33990,33991,1446,1,1,600,144.7
32567,32755,34371,188,1616,8,6000,1.11633663366
32606,34003,34004,1397,1,1,600,139.8
32607,34017,34019,1410,2,1,600,141.2
32609,34031,34032,1422,1,1,600,142.3
32610,34045,34046,1435,1,1,600,143.6
32611,34058,34060,1447,2,1,600,144.9
32613,34076,34077,1463,1,1,600,146.4
32614,34094,34095,1480,1,1,600,148.1
32676,34107,34108,1431,1,1,600,143.2
32677,34120,34121,1443,1,1,600,144.4
32678,34133,34134,1455,1,1,600,145.6
32680,34146,34148,1466,2,1,600,146.8
32682,34160,34161,1478,1,1,600,147.9
32743,34394,34395,1651,1,1,600,165.2
32744,34173,34176,1429,3,1,600,143.2
32746,34188,34189,1442,1,1,600,144.3
32747,34201,34203,1454,2,1,600,145.6
32749,34215,34217,1466,2,1,600,146.8
32753,33275,34890,522,1615,8,6000,1.32321981424
32810,34229,34231,1419,2,1,600,142.1
32812,34243,34245,1431,2,1,600,143.3
32813,34257,34258,1444,1,1,600,144.5
32814,34270,34272,1456,2,1,600,145.8
32876,34284,34286,1408,2,1,600,141.0
32877,34298,34299,1421,1,1,600,142.2
32879,34312,34313,1433,1,1,600,143.4
32880,34326,34327,1446,1,1,600,144.7
32882,34340,34341,1458,1,1,600,145.9
32943,34353,34355,1410,2,1,600,141.2
32945,34366,34368,1421,2,1,600,142.3
32946,34380,34381,1434,1,1,600,143.5
32947,34407,34413,1460,6,1,600,146.6
32949,34425,34426,1476,1,1,600,147.7
33010,34438,34442,1428,4,1,600,143.2
33012,34454,34456,1442,2,1,600,144.4
33013,34468,34469,1455,1,1,600,145.6
33014,34480,34482,1466,2,1,600,146.8
33076,34494,34495,1418,1,1,600,141.9
33077,34507,34508,1430,1,1,600,143.1
33079,34520,34521,1441,1,1,600,144.2
33080,34533,34535,1453,2,1,600,145.5
33142,34546,34548,1404,2,1,600,140.6
33143,34560,34562,1417,2,1,600,141.9
33144,34575,34577,1431,2,1,600,143.3
33146,34589,34590,1443,1,1,600,144.4
33147,34603,34608,1456,5,1,600,146.1
33209,34620,34623,1411,3,1,600,141.4
33210,34635,34636,1425,1,1,600,142.6
33211,34648,34653,1437,5,1,600,144.2
33213,34665,34666,1452,1,1,600,145.3
33274,34678,34679,1404,1,1,600,140.5
33275,34691,34693,1416,2,1,600,141.8
33277,34705,34707,1428,2,1,600,143.0
33278,34719,34721,1441,2,1,600,144.3
33279,34733,34735,1454,2,1,600,145.6
33279,33361,34994,82,1633,8,6000,1.05021432945
33341,34746,34747,1405,1,1,600,140.6
33343,34760,34768,1417,8,1,600,142.5
33344,34780,34784,1436,4,1,600,144.0
33345,34796,34797,1451,1,1,600,145.2
33347,34809,34811,1462,2,1,600,146.4
33362,33452,35087,90,1635,8,6000,1.05504587156
33408,34822,34825,1414,3,1,600,141.7
33410,34837,34840,1427,3,1,600,143.0
33411,34852,34855,1441,3,1,600,144.4
33412,34867,34868,1455,1,1,600,145.6
33455,33638,35257,183,1619,8,6000,1.11303273626
33474,34879,34884,1405,5,1,600,141.0
33475,34897,34903,1422,6,1,600,142.8
33477,34914,34916,1437,2,1,600,143.9
33478,34928,34929,1450,1,1,600,145.1
33539,34942,34943,1403,1,1,600,140.4
33541,34955,34968,1414,13,1,600,109.769230769
33602,34981,34982,1379,1,1,600,138.0
33604,34994,35000,1390,6,1,600,139.6
33605,35013,35015,1408,2,1,600,141.0
33606,35027,35029,1421,2,1,600,142.3
33608,35041,35042,1433,1,1,600,143.4
33641,33680,35315,39,1635,8,6000,1.02385321101
33669,35054,35057,1385,3,1,600,138.8
33671,35069,35073,1398,4,1,600,140.2
33672,35085,35086,1413,1,1,600,141.4
33673,35098,35099,1425,1,1,600,142.6
33675,35111,35113,1436,2,1,600,143.8
33683,33736,35376,53,1640,8,6000,1.03231707317
33735,33869,35487,134,1618,8,6000,1.08281829419
33736,35124,35126,1388,2,1,600,139.0
33738,35138,35139,1400,1,1,600,140.1
33739,35150,35152,1411,2,1,600,141.3
33741,35163,35165,1422,2,1,600,142.4
33743,35177,35182,1434,5,1,600,143.9
33804,35194,35195,1390,1,1,600,139.1
33806,35207,35208,1401,1,1,600,140.2
33807,35220,35221,1413,1,1,600,141.4
33809,35233,35235,1424,2,1,600,142.6
33810,35247,35257,1437,10,1,600,144.7
33870,33944,35579,74,1635,8,6000,1.04525993884
33872,35292,35294,1420,2,1,600,142.2
33873,35274,35280,1401,6,1,600,140.7
33875,35305,35307,1430,2,1,600,143.2
33876,35319,35320,1443,1,1,600,144.4
33938,35334,35335,1396,1,1,600,139.7
33939,35347,35349,1408,2,1,600,141.0
33941,35361,35365,1420,4,1,600,142.4
33942,35377,35378,1435,1,1,600,143.6
33943,35395,35396,1452,1,1,600,145.3
33943,34069,35691,126,1622,8,6000,1.07768187423
34005,35407,35409,1402,2,1,600,140.4
34006,35421,35422,1415,1,1,600,141.6
34008,35434,35435,1426,1,1,600,142.7
34009,35447,35457,1438,10,1,600,144.8
34010,35469,35470,1459,1,1,600,146.0
34067,34089,35729,22,1640,8,6000,1.01341463415
34072,35481,35484,1409,3,1,600,141.2
34073,35496,35497,1423,1,1,600,142.4
34075,35510,35511,1435,1,1,600,143.6
34076,35524,35526,1448,2,1,600,145.0
34088,34208,35833,120,1625,8,6000,1.07384615385
34138,35538,35540,1400,2,1,600,140.2
34139,35552,35553,1413,1,1,600,141.4
34140,35565,35566,1425,1,1,600,142.6
34142,35578,35579,1436,1,1,600,143.7
34143,35596,35597,1453,1,1,600,145.4
34205,35609,35610,1404,1,1,600,140.5
34206,35622,35623,1416,1,1,600,141.7
34208,35635,35636,1427,1,1,600,142.8
34209,35648,35650,1439,2,1,600,144.1
34211,35662,35664,1451,2,1,600,145.3
34213,34387,36016,174,1629,8,6000,1.10681399632
34272,35675,35676,1403,1,1,600,140.4
34273,35688,35691,1415,3,1,600,141.8
34275,35708,35720,1433,12,1,600,120.416666667
34276,35713,35719,1437,6,1,600,144.3
34278,35718,35721,1440,3,1,600,144.3
34339,35732,35734,1393,2,1,600,139.5
34341,35737,35740,1396,3,1,600,139.9
34342,35743,35744,1401,1,1,600,140.2
34343,35755,35756,1412,1,1,600,141.3
34389,34904,36531,515,1627,8,6000,1.31653349723
34405,35760,35762,1355,2,1,600,135.7
34406,35767,35768,1361,1,1,600,136.2
34408,35772,35774,1364,2,1,600,136.6
34409,35779,35791,1370,12,1,600,115.166666667
34411,35784,35786,1373,2,1,600,137.5
34472,35791,35793,1319,2,1,600,132.1
34473,35796,35798,1323,2,1,600,132.5
34475,35803,35806,1328,3,1,600,133.1
34476,35808,35809,1332,1,1,600,133.3
34478,35815,35816,1337,1,1,600,133.8
34539,35820,35821,1281,1,1,600,128.2
34541,35827,35828,1286,1,1,600,128.7
34543,35832,35840,1289,8,1,600,129.7
34544,35838,35840,1294,2,1,600,129.6
34546,35844,35845,1298,1,1,600,129.9
34607,35861,35863,1254,2,1,600,125.6
34609,35867,35878,1258,11,1,600,115.363636364
34610,35872,35878,1262,6,1,600,126.8
34611,35879,35882,1268,3,1,600,127.1
34673,35884,35887,1211,3,1,600,121.4
34674,35889,35891,1215,2,1,600,121.7
34676,35895,35896,1219,1,1,600,122.0
34677,35901,35903,1224,2,1,600,122.6
34678,35907,35908,1229,1,1,600,123.0
34740,35912,35914,1172,2,1,600,117.4
34741,35917,35919,1176,2,1,600,117.8
34743,35925,35930,1182,5,1,600,118.7
34744,35930,35936,1186,6,1,600,119.2
34745,35936,35938,1191,2,1,600,119.3
34807,35941,35943,1134,2,1,600,113.6
34808,35948,35950,1140,2,1,600,114.2
34810,35953,35955,1143,2,1,600,114.5
34811,35958,35960,1147,2,1,600,114.9
34873,35965,35966,1092,1,1,600,109.3
34874,35970,35971,1096,1,1,600,109.7
34875,35975,35977,1100,2,1,600,110.2
34877,35980,35986,1103,6,1,600,110.9
34878,35988,35990,1110,2,1,600,111.2
34905,35006,36626,101,1620,8,6000,1.06234567901
34940,35993,36009,1053,16,1,600,66.8125
34941,35998,36000,1057,2,1,600,105.9
34943,36004,36005,1061,1,1,600,106.2
34944,36011,36013,1067,2,1,600,106.9
35006,36016,36018,1010,2,1,600,101.2
35007,36022,36024,1015,2,1,600,101.7
35008,36034,36046,1026,12,1,600,86.5
35009,35104,36769,95,1665,8,6000,1.05705705706
35010,36040,36042,1030,2,1,600,103.2
35071,36045,36047,974,2,1,600,97.6
35072,36050,36052,978,2,1,600,98.0
35074,36056,36057,982,1,1,600,98.3
35075,36063,36066,988,3,1,600,99.1
35102,35269,36885,167,1616,8,6000,1.10334158416
35137,36068,36070,931,2,1,600,93.3
35138,36074,36075,936,1,1,600,93.7
35140,36079,36081,939,2,1,600,94.1
35141,36092,36094,951,2,1,600,95.3
35142,36098,36102,956,4,1,600,96.0
35204,36103,36105,899,2,1,600,90.1
35205,36110,36112,905,2,1,600,90.7
35207,36115,36117,908,2,1,600,91.0
35208,36122,36126,914,4,1,600,91.8
35209,36127,36129,918,2,1,600,92.0
35268,35326,36952,58,1626,8,6000,1.0356703567
35271,36134,36137,863,3,1,600,86.6
35272,36139,36141,867,2,1,600,86.9
35273,36146,36149,873,3,1,600,87.6
35275,36151,36153,876,2,1,600,87.8
35330,35387,37005,57,1618,8,6000,1.03522867738
35336,36158,36160,822,2,1,600,82.4
35337,36163,36174,826,11,1,600,76.0909090909
35339,36170,36172,831,2,1,600,83.3
35340,36175,36178,835,3,1,600,83.8
35341,36182,36184,841,2,1,600,84.3
35391,35502,40655,111,5153,5,9000,1.02154084999
35403,36189,36191,786,2,1,600,78.8
35404,36194,36208,790,14,1,600,57.4285714286
35405,36200,36202,795,2,1,600,79.7
35407,36205,36217,798,12,1,600,67.5
35468,36212,36213,744,1,1,600,74.5
35469,36217,36218,748,1,1,600,74.9
35471,36222,36225,751,3,1,600,75.4
35472,36230,36233,758,3,1,600,76.1
35505,35516,40841,11,5325,5,9000,1.0020657277
35516,35590,41030,74,5440,5,9000,1.01360294118
35534,36235,36238,701,3,1,600,70.4
35535,36241,36243,706,2,1,600,70.8
35536,36246,36248,710,2,1,600,71.2
35538,36252,36253,714,1,1,600,71.5
35539,36259,36262,720,3,1,600,72.3
35589,35702,40634,113,4932,5,9000,1.02291159773
35600,36264,36273,664,9,1,600,67.3
35602,36269,36272,667,3,1,600,67.0
35603,36275,36276,672,1,1,600,67.3
35604,36282,36285,678,3,1,600,68.1
35606,36287,36289,681,2,1,600,68.3
35667,36293,36295,626,2,1,600,62.8
35668,36300,36303,632,3,1,600,63.5
35670,36305,36307,635,2,1,600,63.7
35671,36311,36313,640,2,1,600,64.2
35672,36316,36332,644,16,1,600,41.25
35703,35725,41341,22,5616,5,9000,1.00391737892
35724,35749,40137,25,4388,5,9000,1.00569735643
35734,36323,36324,589,1,1,600,59.0
35735,36819,36821,1084,2,1,600,108.6
35736,36328,36332,592,4,1,600,59.6
35738,36334,36336,596,2,1,600,59.8
35739,36339,36341,600,2,1,600,60.2
35741,36346,36347,605,1,1,600,60.6
35745,35850,40543,105,4693,5,9000,1.02237374814
35803,36351,36353,548,2,1,600,55.0
35804,36356,36358,552,2,1,600,55.4
35806,36362,36364,556,2,1,600,55.8
35807,36369,36370,562,1,1,600,56.3
35808,36374,36376,566,2,1,600,56.8
35810,36380,36383,570,3,1,600,57.3
35811,36385,36388,574,3,1,600,57.7
35813,36392,36393,579,1,1,600,58.0
35814,36397,36399,583,2,1,600,58.5
35815,36403,36405,588,2,1,600,59.0
35817,36408,36410,591,2,1,600,59.3
35818,36415,36416,597,1,1,600,59.8
35832,35856,104274,24,68418,2,68400,1.00035078488
35849,36029,41289,180,5260,5,9000,1.03422053232
35880,36420,36423,540,3,1,600,54.3
35881,36426,36428,545,2,1,600,54.7
35883,36431,36433,548,2,1,600,55.0
35885,36438,36439,553,1,1,600,55.4
35886,36443,36446,557,3,1,600,56.0
35887,36449,36451,562,2,1,600,56.4
35889,36454,36469,565,15,1,600,38.6666666667
35891,36461,36463,570,2,1,600,57.2
35892,36466,36468,574,2,1,600,57.6
35894,36471,36473,577,2,1,600,57.9
35895,36477,36479,582,2,1,600,58.4
35956,36484,36487,528,3,1,600,53.1
35958,36489,36491,531,2,1,600,53.3
35960,36495,36497,535,2,1,600,53.7
35961,36500,36502,539,2,1,600,54.1
35963,36507,36508,544,1,1,600,54.5
35964,36512,36514,548,2,1,600,55.0
35965,36518,36520,553,2,1,600,55.5
35967,36523,36529,556,6,1,600,56.2
35968,36530,36532,562,2,1,600,56.4
35969,36535,36537,566,2,1,600,56.8
35971,36541,36543,570,2,1,600,57.2
35972,36546,36548,574,2,1,600,57.6
35974,36558,36560,584,2,1,600,58.6
35975,36564,36565,589,1,1,600,59.0
36025,36553,41252,528,4699,5,9000,1.11236433284
36036,36569,36571,533,2,1,600,53.5
36038,36574,36576,536,2,1,600,53.8
36039,36580,36582,541,2,1,600,54.3
36041,36586,36589,545,3,1,600,54.8
36042,36591,36593,549,2,1,600,55.1
36044,36599,36601,555,2,1,600,55.7
36045,36604,36606,559,2,1,600,56.1
36046,36610,36612,564,2,1,600,56.6
36048,36615,36618,567,3,1,600,57.0
36049,36621,36623,572,2,1,600,57.4
36051,36626,36640,575,14,1,600,42.0714285714
36052,36631,36634,579,3,1,600,58.2
36054,36649,36651,595,2,1,600,59.7
36061,36087,100896,26,64809,2,64800,1.00040117885
36115,36661,36676,546,15,1,600,37.4
36117,36667,36669,550,2,1,600,55.2
36118,36673,36687,555,14,1,600,40.6428571429
36120,36681,36683,561,2,1,600,56.3
36121,36689,36692,568,3,1,600,57.1
36123,36696,36698,573,2,1,600,57.5
36125,36703,36704,578,1,1,600,57.9
36126,36708,36712,582,4,1,600,58.6
36128,36715,36732,587,17,1,600,35.5294117647
36129,36720,36735,591,15,1,600,40.4
36131,36725,36729,594,4,1,600,59.8
36132,36733,36736,601,3,1,600,60.4
36194,36738,36740,544,2,1,600,54.6
36195,36750,36752,555,2,1,600,55.7
36197,36756,36760,559,4,1,600,56.3
36198,36763,36764,565,1,1,600,56.6
36200,36768,36770,568,2,1,600,57.0
36201,36774,36781,573,7,1,600,58.0
36202,36780,36782,578,2,1,600,58.0
36204,36785,36788,581,3,1,600,58.4
36205,36791,36793,586,2,1,600,58.8
36207,36798,36800,591,2,1,600,59.3
36208,36803,36806,595,3,1,600,59.8
36210,36808,36820,598,12,1,600,50.8333333333
36271,36814,36817,543,3,1,600,54.6
36273,36825,36827,552,2,1,600,55.4
36274,36830,36832,556,2,1,600,55.8
36276,36837,36840,561,3,1,600,56.4
36277,36843,36845,566,2,1,600,56.8
36279,37368,37375,1089,7,1,600,109.6
36280,36848,36851,568,3,1,600,57.1
36282,36853,36855,571,2,1,600,57.3
36283,36859,36861,576,2,1,600,57.8
36285,36864,36865,579,1,1,600,58.0
36286,36869,36872,583,3,1,600,58.6
36288,36877,36879,589,2,1,600,59.1
36290,36883,36884,593,1,1,600,59.4
36291,36888,36891,597,3,1,600,60.0
36293,36894,36895,601,1,1,600,60.2
36295,36900,36901,605,1,1,600,60.6
36357,36905,36907,548,2,1,600,55.0
36358,36911,36912,553,1,1,600,55.4
36360,36929,36931,569,2,1,600,57.1
36361,36934,36936,573,2,1,600,57.5
36363,36940,36945,577,5,1,600,58.2
36364,36945,36947,581,2,1,600,58.3
36366,36950,36952,584,2,1,600,58.6
36368,36956,36957,588,1,1,600,58.9
36369,36961,36962,592,1,1,600,59.3
36370,36974,36976,604,2,1,600,60.6
36372,36979,36981,607,2,1,600,60.9
36374,36984,36986,610,2,1,600,61.2
36375,36990,36991,615,1,1,600,61.6
36377,36995,36997,618,2,1,600,62.0
36438,37000,37002,562,2,1,600,56.4
36440,37006,37009,566,3,1,600,56.9
36442,37011,37013,569,2,1,600,57.1
36443,37017,37019,574,2,1,600,57.6
36445,37030,37032,585,2,1,600,58.7
36446,37035,37037,589,2,1,600,59.1
36448,37040,37043,592,3,1,600,59.5
36450,37046,37047,596,1,1,600,59.7
36451,37051,37056,600,5,1,600,60.5
36453,37057,37059,604,2,1,600,60.6
36455,37062,37064,607,2,1,600,60.9
36456,37067,37070,611,3,1,600,61.4
36458,37073,37075,615,2,1,600,61.7
36460,37078,37080,618,2,1,600,62.0
36521,37085,37088,564,3,1,600,56.7
36522,37091,37093,569,2,1,600,57.1
36525,37096,37098,571,2,1,600,57.3
36526,37101,37104,575,3,1,600,57.8
36528,37107,37109,579,2,1,600,58.1
36529,37112,37115,583,3,1,600,58.6
36531,37118,37119,587,1,1,600,58.8
36532,37123,37125,591,2,1,600,59.3
36534,37128,37133,594,5,1,600,59.9
36535,37134,37136,599,2,1,600,60.1
36537,37141,37143,604,2,1,600,60.6
36538,37147,37151,609,4,1,600,61.3
36540,37152,37154,612,2,1,600,61.4
36541,37157,37161,616,4,1,600,62.0
36543,37163,37165,620,2,1,600,62.2
36551,36638,41286,87,4648,5,9000,1.01871772806
36605,37168,37170,563,2,1,600,56.5
36607,37174,37176,567,2,1,600,56.9
36609,37179,37183,570,4,1,600,57.4
36611,37184,37186,573,2,1,600,57.5
36613,37190,37192,577,2,1,600,57.9
36614,37205,37207,591,2,1,600,59.3
36616,37210,37213,594,3,1,600,59.7
36618,37219,37221,601,2,1,600,60.3
36619,37226,37228,607,2,1,600,60.9
36620,37233,37234,613,1,1,600,61.4
36622,37240,37242,618,2,1,600,62.0
36624,37247,37248,623,1,1,600,62.4
36625,37252,37255,627,3,1,600,63.0
36634,36655,42280,21,5625,5,9000,1.00373333333
36656,36918,41332,262,4414,5,9000,1.05935659266
36687,37258,37261,571,3,1,600,57.4
36688,37265,37267,577,2,1,600,57.9
36690,37270,37272,580,2,1,600,58.2
36691,37277,37279,586,2,1,600,58.8
36692,37282,37284,590,2,1,600,59.2
36694,37289,37299,595,10,1,600,60.5
36695,37294,37297,599,3,1,600,60.2
36697,37301,37305,604,4,1,600,60.8
36698,37306,37318,608,12,1,600,51.6666666667
36760,37313,37314,553,1,1,600,55.4
36762,37318,37325,556,7,1,600,56.3
36764,37325,37326,561,1,1,600,56.2
36766,37332,37335,566,3,1,600,56.9
36767,37337,37340,570,3,1,600,57.3
36769,37344,37345,575,1,1,600,57.6
36770,36923,42142,153,5219,5,9000,1.02931596091
36771,37349,37351,578,2,1,600,58.0
36772,37356,37357,584,1,1,600,58.5
36774,37361,37364,587,3,1,600,59.0
36775,37373,37375,598,2,1,600,60.0
36777,37380,37381,603,1,1,600,60.4
36779,37385,37387,606,2,1,600,60.8
36840,62230,62232,25390,2,1,600,2539.2
36842,37392,37394,550,2,1,600,55.2
36843,37397,37399,554,2,1,600,55.6
36845,37404,37407,559,3,1,600,56.2
36847,37409,37411,562,2,1,600,56.4
36849,37416,37418,567,2,1,600,56.9
36851,37421,37423,570,2,1,600,57.2
36852,37428,37429,576,1,1,600,57.7
36854,37433,37435,579,2,1,600,58.1
36856,37440,37441,584,1,1,600,58.5
36857,37445,37449,588,4,1,600,59.2
36859,37452,37453,593,1,1,600,59.4
36860,37457,37458,597,1,1,600,59.8
36862,37464,37465,602,1,1,600,60.3
36863,37469,37471,606,2,1,600,60.8
36916,36968,41960,52,4992,5,9000,1.01041666667
36925,37476,37477,551,1,1,600,55.2
36926,37481,37483,555,2,1,600,55.7
36928,37488,37495,560,7,1,600,56.7
36929,37493,37495,564,2,1,600,56.6
36931,37500,37501,569,1,1,600,57.0
36933,37505,37507,572,2,1,600,57.4
36934,37512,37514,578,2,1,600,58.0
36936,37517,37519,581,2,1,600,58.3
36937,37524,37525,587,1,1,600,58.8
36939,37529,37531,590,2,1,600,59.2
36941,37536,37537,595,1,1,600,59.6
36942,37541,37554,599,13,1,600,47.0769230769
36958,40639,45110,3681,4471,5,9000,1.82330574815
36969,37024,42070,55,5046,5,9000,1.01089972255
37004,37547,37553,543,6,1,600,54.9
37005,37552,37554,547,2,1,600,54.9
37007,37559,37561,552,2,1,600,55.4
37008,37564,37569,556,5,1,600,56.1
37010,37570,37572,560,2,1,600,56.2
37012,37577,37579,565,2,1,600,56.7
37013,37583,37584,570,1,1,600,57.1
37015,37588,37589,573,1,1,600,57.4
37016,37593,37595,577,2,1,600,57.9
37018,37601,37605,583,4,1,600,58.7
37019,37606,37609,587,3,1,600,59.0
37021,40773,45575,3752,4802,5,9000,1.78134110787
37021,37612,37613,591,1,1,600,59.2
37022,37617,37618,595,1,1,600,59.6
37025,37622,37624,597,2,1,600,59.9
37087,37630,37633,543,3,1,600,54.6
37088,37635,37637,547,2,1,600,54.9
37090,37641,37642,551,1,1,600,55.2
37091,37646,37648,555,2,1,600,55.7
37093,37651,37662,558,11,1,600,51.7272727273
37094,37659,37661,565,2,1,600,56.7
37096,37664,37666,568,2,1,600,57.0
37098,37670,37673,572,3,1,600,57.5
37099,37675,37677,576,2,1,600,57.8
37101,37682,37684,581,2,1,600,58.3
37102,37687,37699,585,12,1,600,49.75
37104,37693,37696,589,3,1,600,59.2
37105,37698,37700,593,2,1,600,59.5
37167,37705,37714,538,9,1,600,54.7
37168,37710,37712,542,2,1,600,54.4
37170,37716,37730,546,14,1,600,40.0
37171,37723,37725,552,2,1,600,55.4
37173,37728,37730,555,2,1,600,55.7
37175,37734,37736,559,2,1,600,56.1
37176,37741,37742,565,1,1,600,56.6
37178,37746,37748,568,2,1,600,57.0
37179,37751,37754,572,3,1,600,57.5
37181,37758,37764,577,6,1,600,58.3
37182,37763,37765,581,2,1,600,58.3
37184,37769,37772,585,3,1,600,58.8
37185,37774,37776,589,2,1,600,59.1
37187,37781,37784,594,3,1,600,59.7
37188,37786,37788,598,2,1,600,60.0
37250,37792,37794,542,2,1,600,54.4
37251,37797,37800,546,3,1,600,54.9
37253,37804,37807,551,3,1,600,55.4
37255,37809,37817,554,8,1,600,56.2
37256,37815,37817,559,2,1,600,56.1
37258,37820,37829,562,9,1,600,57.1
37259,37827,37836,568,9,1,600,57.7
37261,37832,37834,571,2,1,600,57.3
37262,37838,37839,576,1,1,600,57.7
37264,37845,37846,581,1,1,600,58.2
37326,37850,37857,524,7,1,600,53.1
37327,37856,37858,529,2,1,600,53.1
37328,37863,37865,535,2,1,600,53.7
37330,37868,37870,538,2,1,600,54.0
37331,37874,37876,543,2,1,600,54.5
37333,37879,37882,546,3,1,600,54.9
37334,37886,37887,552,1,1,600,55.3
37336,37891,37893,555,2,1,600,55.7
37338,37897,37898,559,1,1,600,56.0
37340,37902,37905,562,3,1,600,56.5
37341,37909,37911,568,2,1,600,57.0
37343,37914,37916,571,2,1,600,57.3
37344,37920,37926,576,6,1,600,58.2
37406,37925,37926,519,1,1,600,52.0
37407,37932,37934,525,2,1,600,52.7
37409,37937,37939,528,2,1,600,53.0
37410,37943,37944,533,1,1,600,53.4
37412,37948,37950,536,2,1,600,53.8
37413,37955,37957,542,2,1,600,54.4
37415,37960,37963,545,3,1,600,54.8
37416,37966,37968,550,2,1,600,55.2
37418,37971,37973,553,2,1,600,55.5
37419,37978,37982,559,4,1,600,56.3
37421,37983,37985,562,2,1,600,56.4
37422,37989,37990,567,1,1,600,56.8
37423,37994,37996,571,2,1,600,57.3
37425,38001,38002,576,1,1,600,57.7
37486,38006,38008,520,2,1,600,52.2
37488,38012,38013,524,1,1,600,52.5
37489,38017,38019,528,2,1,600,53.0
37491,38024,38026,533,2,1,600,53.5
37492,38029,38069,537,40,1,600,14.425
37493,38035,38038,542,3,1,600,54.5
37495,38040,38042,545,2,1,600,54.7
37496,38047,38048,551,1,1,600,55.2
37498,38052,38055,554,3,1,600,55.7
37499,38058,38060,559,2,1,600,56.1
37501,38064,38066,563,2,1,600,56.5
37502,38070,38075,568,5,1,600,57.3
37503,38075,38080,572,5,1,600,57.7
37565,38082,38084,517,2,1,600,51.9
37566,38087,38089,521,2,1,600,52.3
37568,38093,38094,525,1,1,600,52.6
37569,38098,38100,529,2,1,600,53.1
37571,38105,38106,534,1,1,600,53.5
37572,38110,38113,538,3,1,600,54.1
37574,38116,38119,542,3,1,600,54.5
37575,38121,38123,546,2,1,600,54.8
37577,38128,38129,551,1,1,600,55.2
37578,38133,38135,555,2,1,600,55.7
37580,38139,38140,559,1,1,600,56.0
37581,38144,38146,563,2,1,600,56.5
37582,38151,38153,569,2,1,600,57.1
37644,38157,38159,513,2,1,600,51.5
37645,38162,38164,517,2,1,600,51.9
37647,38167,38171,520,4,1,600,52.4
37649,38175,38188,526,13,1,600,41.4615384615
37650,38180,38182,530,2,1,600,53.2
37651,38186,38187,535,1,1,600,53.6
37653,38191,38195,538,4,1,600,54.2
37654,38198,38202,544,4,1,600,54.8
37656,38203,38205,547,2,1,600,54.9
37657,38209,38210,552,1,1,600,55.3
37659,38216,38218,557,2,1,600,55.9
37660,38221,38223,561,2,1,600,56.3
37662,38227,38228,565,1,1,600,56.6
37724,38232,38234,508,2,1,600,51.0
37725,38239,38241,514,2,1,600,51.6
37727,38244,38246,517,2,1,600,51.9
37728,38250,38251,522,1,1,600,52.3
37730,38255,38256,525,1,1,600,52.6
37731,38262,38264,531,2,1,600,53.3
37733,38267,38278,534,11,1,600,49.5454545455
37734,38273,38279,539,6,1,600,54.5
37736,38279,38284,543,5,1,600,54.8
37737,38284,38286,547,2,1,600,54.9
37739,38289,38291,550,2,1,600,55.2
37740,38297,38299,557,2,1,600,55.9
37742,38303,38304,561,1,1,600,56.2
37743,38308,38316,565,8,1,600,57.3
37745,38314,38316,569,2,1,600,57.1
37807,38319,38328,512,9,1,600,52.1
37808,38324,38327,516,3,1,600,51.9
37810,38332,38335,522,3,1,600,52.5
37811,38338,38339,527,1,1,600,52.8
37813,38343,38345,530,2,1,600,53.2
37814,38349,38350,535,1,1,600,53.6
37816,38354,38356,538,2,1,600,54.0
37817,38359,38362,542,3,1,600,54.5
37818,38367,38370,549,3,1,600,55.2
37820,38373,38375,553,2,1,600,55.5
37821,38378,38382,557,4,1,600,56.1
37823,38384,38386,561,2,1,600,56.3
37824,38389,38391,565,2,1,600,56.7
37826,38395,38397,569,2,1,600,57.1
37887,38402,38405,515,3,1,600,51.8
37889,38408,38409,519,1,1,600,52.0
37890,38413,38415,523,2,1,600,52.5
37892,38419,38427,527,8,1,600,53.5
37894,38424,38427,530,3,1,600,53.3
37895,38430,38432,535,2,1,600,53.7
37897,38437,38439,540,2,1,600,54.2
37899,38443,38444,544,1,1,600,54.5
37900,38448,38450,548,2,1,600,55.0
37902,38453,38456,551,3,1,600,55.4
37903,38459,38461,556,2,1,600,55.8
37905,38466,38468,561,2,1,600,56.3
37906,38471,38474,565,3,1,600,56.8
37908,38477,38479,569,2,1,600,57.1
37970,38483,38484,513,1,1,600,51.4
37971,38488,38496,517,8,1,600,52.5
37972,38493,38495,521,2,1,600,52.3
37974,38501,38502,527,1,1,600,52.8
37975,38507,38513,532,6,1,600,53.8
37977,38512,38514,535,2,1,600,53.7
37979,38517,38519,538,2,1,600,54.0
37980,38523,38526,543,3,1,600,54.6
37982,38528,38531,546,3,1,600,54.9
37984,38535,38546,551,11,1,600,51.0909090909
37986,38541,38543,555,2,1,600,55.7
37987,38546,38549,559,3,1,600,56.2
37989,38551,38554,562,3,1,600,56.5
37990,38557,38559,567,2,1,600,56.9
37992,38562,38565,570,3,1,600,57.3
38053,38569,38571,516,2,1,600,51.8
38055,38575,38576,520,1,1,600,52.1
38056,38580,38584,524,4,1,600,52.8
38058,38586,38588,528,2,1,600,53.0
38060,38591,38593,531,2,1,600,53.3
38061,38596,38598,535,2,1,600,53.7
38063,38604,38612,541,8,1,600,54.9
38064,38609,38612,545,3,1,600,54.8
38065,38615,38617,550,2,1,600,55.2
38067,38620,38625,553,5,1,600,55.8
38068,38626,38627,558,1,1,600,55.9
38070,38631,38633,561,2,1,600,56.3
38072,38638,38640,566,2,1,600,56.8
38133,38643,38645,510,2,1,600,51.2
38135,38649,38651,514,2,1,600,51.6
38136,38655,38657,519,2,1,600,52.1
38138,38661,38662,523,1,1,600,52.4
38139,38666,38669,527,3,1,600,53.0
38141,38673,38676,532,3,1,600,53.5
38142,38678,38680,536,2,1,600,53.8
38144,38684,38686,540,2,1,600,54.2
38145,38689,38691,544,2,1,600,54.6
38147,38695,38697,548,2,1,600,55.0
38149,38700,38702,551,2,1,600,55.3
38150,38707,38711,557,4,1,600,56.1
38152,38712,38715,560,3,1,600,56.3
38154,38718,38720,564,2,1,600,56.6
38155,38723,38725,568,2,1,600,57.0
38217,38729,38730,512,1,1,600,51.3
38218,38734,38736,516,2,1,600,51.8
38220,38741,38750,521,9,1,600,53.0
38222,38746,38748,524,2,1,600,52.6
38224,38752,38754,528,2,1,600,53.0
38226,38757,38760,531,3,1,600,53.4
38227,38762,38764,535,2,1,600,53.7
38229,38768,38770,539,2,1,600,54.1
38230,38775,38778,545,3,1,600,54.8
38232,38781,38783,549,2,1,600,55.1
38234,38786,38788,552,2,1,600,55.4
38235,38791,38793,556,2,1,600,55.8
38236,38797,38800,561,3,1,600,56.4
38238,38802,38804,564,2,1,600,56.6
38299,38809,38811,510,2,1,600,51.2
38301,38814,38817,513,3,1,600,51.6
38302,38820,38824,518,4,1,600,52.2
38304,38825,38828,521,3,1,600,52.4
38305,38830,38832,525,2,1,600,52.7
38307,38836,38837,529,1,1,600,53.0
38308,38843,38857,535,14,1,600,39.2142857143
38310,38849,38850,539,1,1,600,54.0
38312,38854,38856,542,2,1,600,54.4
38313,38859,38861,546,2,1,600,54.8
38315,38865,38872,550,7,1,600,55.7
38317,38870,38872,553,2,1,600,55.5
38318,38877,38879,559,2,1,600,56.1
38381,38882,38884,501,2,1,600,50.3
38382,38888,38890,506,2,1,600,50.8
38384,38893,38896,509,3,1,600,51.2
38385,38899,38905,514,6,1,600,52.0
38387,38904,38906,517,2,1,600,51.9
38388,38911,38913,523,2,1,600,52.5
38390,38916,38919,526,3,1,600,52.9
38391,38922,38924,531,2,1,600,53.3
38393,38927,38929,534,2,1,600,53.6
38394,38933,38934,539,1,1,600,54.0
38396,38938,38939,542,1,1,600,54.3
38397,38945,38946,548,1,1,600,54.9
38399,38950,38953,551,3,1,600,55.4
38400,38956,38959,556,3,1,600,55.9
38402,38961,38962,559,1,1,600,56.0
38403,38966,38977,563,11,1,600,52.1818181818
38465,38972,38977,507,5,1,600,51.2
38467,38977,38979,510,2,1,600,51.2
38468,38983,38984,515,1,1,600,51.6
38470,38988,38989,518,1,1,600,51.9
38471,38994,39006,523,12,1,600,44.5833333333
38473,38999,39006,526,7,1,600,53.3
38474,39005,39014,531,9,1,600,54.0
38476,39010,39015,534,5,1,600,53.9
38477,39016,39022,539,6,1,600,54.5
38479,39021,39032,542,11,1,600,50.2727272727
38481,39026,39031,545,5,1,600,55.0
38483,39032,39038,549,6,1,600,55.5
38485,39038,39043,553,5,1,600,55.8
38486,39043,39049,557,6,1,600,56.3
38548,39049,39057,501,8,1,600,50.9
38550,39054,39059,504,5,1,600,50.9
38551,39060,39064,509,4,1,600,51.3
38553,41323,41325,2770,2,1,600,277.2
38554,41328,41330,2774,2,1,600,277.6
38556,41334,41335,2778,1,1,600,277.9
38557,39068,39069,511,1,1,600,51.2
38558,39073,39075,515,2,1,600,51.7
38560,39079,39081,519,2,1,600,52.1
38561,39084,39086,523,2,1,600,52.5
38563,39089,39091,526,2,1,600,52.8
38564,39095,39096,531,1,1,600,53.2
38566,39100,39102,534,2,1,600,53.6
38567,39105,39107,538,2,1,600,54.0
38629,39111,39114,482,3,1,600,48.5
38630,39116,39118,486,2,1,600,48.8
38632,39122,39124,490,2,1,600,49.2
38633,39127,39128,494,1,1,600,49.5
38635,39132,39134,497,2,1,600,49.9
38636,39138,39139,502,1,1,600,50.3
38639,39143,39146,504,3,1,600,50.7
38640,39148,39150,508,2,1,600,51.0
38642,39154,39155,512,1,1,600,51.3
38643,39159,39161,516,2,1,600,51.8
38645,39164,39166,519,2,1,600,52.1
38646,39170,39173,524,3,1,600,52.7
38648,39175,39177,527,2,1,600,52.9
38650,39183,39185,533,2,1,600,53.5
38652,39188,39190,536,2,1,600,53.8
38713,39194,39196,481,2,1,600,48.3
38715,39199,39202,484,3,1,600,48.7
38716,39205,39211,489,6,1,600,49.5
38718,39210,39212,492,2,1,600,49.4
38719,39215,39217,496,2,1,600,49.8
38721,39221,39223,500,2,1,600,50.2
38722,39226,39228,504,2,1,600,50.6
38724,39231,39233,507,2,1,600,50.9
38726,39237,39239,511,2,1,600,51.3
38727,39242,39245,515,3,1,600,51.8
38729,39247,39250,518,3,1,600,52.1
38731,39253,39255,522,2,1,600,52.4
38732,39258,39268,526,10,1,600,53.6
38734,39263,39265,529,2,1,600,53.1
38796,39269,39271,473,2,1,600,47.5
38797,39274,39278,477,4,1,600,48.1
38799,39279,39281,480,2,1,600,48.2
38800,39285,39287,485,2,1,600,48.7
38802,39290,39293,488,3,1,600,49.1
38803,39296,39297,493,1,1,600,49.4
38805,39304,39305,499,1,1,600,50.0
38806,39309,39312,503,3,1,600,50.6
38808,39314,39317,506,3,1,600,50.9
38809,39320,39322,511,2,1,600,51.3
38811,39325,39327,514,2,1,600,51.6
38812,39330,39339,518,9,1,600,52.7
38814,39336,39337,522,1,1,600,52.3
38815,39341,39343,526,2,1,600,52.8
38877,39346,39349,469,3,1,600,47.2
38878,39352,39354,474,2,1,600,47.6
38880,39357,39359,477,2,1,600,47.9
38881,39362,39365,481,3,1,600,48.4
38883,39368,39370,485,2,1,600,48.7
38885,39373,39375,488,2,1,600,49.0
38886,39379,39381,493,2,1,600,49.5
38888,39384,39386,496,2,1,600,49.8
38889,39389,39391,500,2,1,600,50.2
38891,39395,39396,504,1,1,600,50.5
38892,39400,39403,508,3,1,600,51.1
38894,39406,39408,512,2,1,600,51.4
38895,39411,39452,516,41,1,600,13.5853658537
38897,39417,39420,520,3,1,600,52.3
38898,39425,39428,527,3,1,600,53.0
38960,39431,39433,471,2,1,600,47.3
38962,39436,39440,474,4,1,600,47.8
38963,39442,39444,479,2,1,600,48.1
38964,39447,39452,483,5,1,600,48.8
38966,39452,39454,486,2,1,600,48.8
38967,39458,39459,491,1,1,600,49.2
38969,39463,39472,494,9,1,600,50.3
38970,39468,39472,498,4,1,600,50.2
38972,39474,39477,502,3,1,600,50.5
38973,39479,39481,506,2,1,600,50.8
38974,39485,39487,511,2,1,600,51.3
38976,39490,39492,514,2,1,600,51.6
38977,39496,39497,519,1,1,600,52.0
39039,39501,39504,462,3,1,600,46.5
39040,39506,39508,466,2,1,600,46.8
39042,39512,39514,470,2,1,600,47.2
39043,39517,39519,474,2,1,600,47.6
39045,39523,39524,478,1,1,600,47.9
39046,39528,39530,482,2,1,600,48.4
39048,39534,39536,486,2,1,600,48.8
39049,39539,39541,490,2,1,600,49.2
39051,39548,39549,497,1,1,600,49.8
39052,39553,39555,501,2,1,600,50.3
39054,39559,39560,505,1,1,600,50.6
39056,39564,39566,508,2,1,600,51.0
39057,39569,39573,512,4,1,600,51.6
39059,39575,39578,516,3,1,600,51.9
39060,39580,39583,520,3,1,600,52.3
39122,39585,39587,463,2,1,600,46.5
39124,39591,39599,467,8,1,600,47.5
39125,39596,39598,471,2,1,600,47.3
39127,39602,39613,475,11,1,600,44.1818181818
39128,39607,39609,479,2,1,600,48.1
39130,39613,39615,483,2,1,600,48.5
39131,39618,39621,487,3,1,600,49.0
39133,39623,39626,490,3,1,600,49.3
39134,39629,39631,495,2,1,600,49.7
39136,39634,39637,498,3,1,600,50.1
39138,39640,39642,502,2,1,600,50.4
39140,39645,39647,505,2,1,600,50.7
39141,39651,39652,510,1,1,600,51.1
39143,39656,39658,513,2,1,600,51.5
39144,39661,39663,517,2,1,600,51.9
39146,39670,39672,524,2,1,600,52.6
39147,39676,39677,529,1,1,600,53.0
39209,39681,39685,472,4,1,600,47.6
39211,39687,39689,476,2,1,600,47.8
39212,39692,39699,480,7,1,600,48.7
39214,39698,39700,484,2,1,600,48.6
39215,39703,39705,488,2,1,600,49.0
39216,39708,39715,492,7,1,600,49.9
39218,39714,39715,496,1,1,600,49.7
39220,39719,39721,499,2,1,600,50.1
39222,39725,39727,503,2,1,600,50.5
39224,39730,39732,506,2,1,600,50.8
39225,39735,39737,510,2,1,600,51.2
39227,39741,39743,514,2,1,600,51.6
39228,39746,39763,518,17,1,600,31.4705882353
39230,39752,39753,522,1,1,600,52.3
39231,39757,39759,526,2,1,600,52.8
39293,39762,39764,469,2,1,600,47.1
39294,39768,39769,474,1,1,600,47.5
39296,39773,39775,477,2,1,600,47.9
39297,39779,39780,482,1,1,600,48.3
39299,39784,39785,485,1,1,600,48.6
39301,39792,39794,491,2,1,600,49.3
39302,39798,39800,496,2,1,600,49.8
39304,39803,39816,499,13,1,600,39.3846153846
39305,39809,39811,504,2,1,600,50.6
39306,39814,39816,508,2,1,600,51.0
39308,39819,39821,511,2,1,600,51.3
39309,39825,39826,516,1,1,600,51.7
39311,39830,39831,519,1,1,600,52.0
39312,39835,39837,523,2,1,600,52.5
39314,39841,39843,527,2,1,600,52.9
39376,39846,39848,470,2,1,600,47.2
39377,39852,39854,475,2,1,600,47.7
39378,39857,39859,479,2,1,600,48.1
39380,39862,39865,482,3,1,600,48.5
39381,39868,39869,487,1,1,600,48.8
39383,39873,39876,490,3,1,600,49.3
39385,39879,39881,494,2,1,600,49.6
39386,39884,39888,498,4,1,600,50.2
39387,39889,39891,502,2,1,600,50.4
39389,39895,39904,506,9,1,600,51.5
39390,39900,39910,510,10,1,600,52.0
39392,39906,39907,514,1,1,600,51.5
39393,39915,39918,522,3,1,600,52.5
39395,39920,39925,525,5,1,600,53.0
39396,39925,39927,529,2,1,600,53.1
39398,39931,39933,533,2,1,600,53.5
39460,39936,39939,476,3,1,600,47.9
39462,39942,39944,480,2,1,600,48.2
39464,39947,39951,483,4,1,600,48.7
39465,39953,39954,488,1,1,600,48.9
39467,39958,39960,491,2,1,600,49.3
39468,39964,39966,496,2,1,600,49.8
39470,39969,39970,499,1,1,600,50.0
39471,39974,39976,503,2,1,600,50.5
39473,39980,39981,507,1,1,600,50.8
39475,39985,39987,510,2,1,600,51.2
39476,39991,39992,515,1,1,600,51.6
39478,39996,39997,518,1,1,600,51.9
39479,40001,40003,522,2,1,600,52.4
39481,40007,40011,526,4,1,600,53.0
39542,40012,40024,470,12,1,600,40.1666666667
39544,40018,40019,474,1,1,600,47.5
39545,40023,40030,478,7,1,600,48.5
39547,40031,40033,484,2,1,600,48.6
39548,40037,40042,489,5,1,600,49.4
39550,40042,40044,492,2,1,600,49.4
39552,40048,40049,496,1,1,600,49.7
39554,40053,40055,499,2,1,600,50.1
39556,40059,40062,503,3,1,600,50.6
39557,40064,40066,507,2,1,600,50.9
39559,40069,40071,510,2,1,600,51.2
39561,40075,40076,514,1,1,600,51.5
39562,40080,40091,518,11,1,600,48.0909090909
39564,40086,40089,522,3,1,600,52.5
39565,40091,40094,526,3,1,600,52.9
39566,40097,40098,531,1,1,600,53.2
39628,40102,40104,474,2,1,600,47.6
39630,40107,40110,477,3,1,600,48.0
39631,40113,40114,482,1,1,600,48.3
39633,40118,40120,485,2,1,600,48.7
39634,40124,40127,490,3,1,600,49.3
39636,40129,40131,493,2,1,600,49.5
39637,40135,40147,498,12,1,600,42.5
39639,40140,40142,501,2,1,600,50.3
39641,40148,40150,507,2,1,600,50.9
39642,40154,40156,512,2,1,600,51.4
39644,40159,40161,515,2,1,600,51.7
39646,40165,40166,519,1,1,600,52.0
39647,40170,40172,523,2,1,600,52.5
39649,40176,40182,527,6,1,600,53.3
39650,40181,40183,531,2,1,600,53.3
39712,40186,40188,474,2,1,600,47.6
39713,40192,40196,479,4,1,600,48.3
39715,40197,40199,482,2,1,600,48.4
39717,40203,40205,486,2,1,600,48.8
39719,40208,40211,489,3,1,600,49.2
39721,40214,40215,493,1,1,600,49.4
39722,40219,40222,497,3,1,600,50.0
39724,40225,40226,501,1,1,600,50.2
39726,40230,40231,504,1,1,600,50.5
39727,40235,40237,508,2,1,600,51.0
39729,40241,40244,512,3,1,600,51.5
39731,40246,40248,515,2,1,600,51.7
39732,40252,40256,520,4,1,600,52.4
39734,40257,40259,523,2,1,600,52.5
39735,40263,40264,528,1,1,600,52.9
39797,40272,40274,475,2,1,600,47.7
39798,40277,40279,479,2,1,600,48.1
39800,40283,40285,483,2,1,600,48.5
39801,40288,40291,487,3,1,600,49.0
39803,40293,40305,490,12,1,600,41.8333333333
39804,40299,40302,495,3,1,600,49.8
39806,40304,40306,498,2,1,600,50.0
39807,40310,40311,503,1,1,600,50.4
39809,40315,40317,506,2,1,600,50.8
39810,40320,40322,510,2,1,600,51.2
39812,40326,40328,514,2,1,600,51.6
39814,40331,40333,517,2,1,600,51.9
39815,40337,40338,522,1,1,600,52.3
39817,40342,40343,525,1,1,600,52.6
39854,75255,128722,35401,53467,10,604800,1.66210933847
39879,40347,40350,468,3,1,600,47.1
39880,40353,40354,473,1,1,600,47.4
39881,40358,40360,477,2,1,600,47.9
39883,40364,40366,481,2,1,600,48.3
39884,40369,40372,485,3,1,600,48.8
39886,40374,40376,488,2,1,600,49.0
39887,40380,40383,493,3,1,600,49.6
39889,40386,40388,497,2,1,600,49.9
39891,40395,40396,504,1,1,600,50.5
39892,40400,40403,508,3,1,600,51.1
39894,40406,40408,512,2,1,600,51.4
39896,40411,40413,515,2,1,600,51.7
39897,40416,40422,519,6,1,600,52.5
39899,40422,40424,523,2,1,600,52.5
39900,40427,40429,527,2,1,600,52.9
39902,40433,40434,531,1,1,600,53.2
39956,75304,334532,35348,259228,6,259200,1.13635872668
39963,40438,40441,475,3,1,600,47.8
39965,40443,40445,478,2,1,600,48.0
39966,40449,40451,483,2,1,600,48.5
39968,40454,40456,486,2,1,600,48.8
39970,40460,40462,490,2,1,600,49.2
39972,40465,40466,493,1,1,600,49.4
39974,40470,40473,496,3,1,600,49.9
39975,40476,40477,501,1,1,600,50.2
39977,40481,40489,504,8,1,600,51.2
39978,40487,40489,509,2,1,600,51.1
39980,40492,40496,512,4,1,600,51.6
39981,40497,40499,516,2,1,600,51.8
39983,40503,40505,520,2,1,600,52.2
39984,40508,40510,524,2,1,600,52.6
39986,40517,40519,531,2,1,600,53.3
39987,40522,40525,535,3,1,600,53.8
40049,40528,40530,479,2,1,600,48.1
40050,40533,40535,483,2,1,600,48.5
40052,40538,40541,486,3,1,600,48.9
40053,40544,40546,491,2,1,600,49.3
40055,40549,40551,494,2,1,600,49.6
40057,40555,40562,498,7,1,600,50.5
40058,40560,40570,502,10,1,600,51.2
40060,40565,40568,505,3,1,600,50.8
40061,40571,40573,510,2,1,600,51.2
40063,40576,40578,513,2,1,600,51.5
40064,40582,40584,518,2,1,600,52.0
40066,40587,40589,521,2,1,600,52.3
40069,40593,40594,524,1,1,600,52.5
40070,40598,40601,528,3,1,600,53.1
40132,40604,40605,472,1,1,600,47.3
40133,40609,40611,476,2,1,600,47.8
40135,40614,40624,479,10,1,600,48.9
40137,40620,40623,483,3,1,600,48.6
40138,40625,40628,487,3,1,600,49.0
40140,40631,40632,491,1,1,600,49.2
40141,40645,40647,504,2,1,600,50.6
40143,40651,40653,508,2,1,600,51.0
40145,40656,40658,511,2,1,600,51.3
40147,40661,40663,514,2,1,600,51.6
40148,40667,40669,519,2,1,600,52.1
40150,40672,40676,522,4,1,600,52.6
40151,40678,40680,527,2,1,600,52.9
40153,40683,40685,530,2,1,600,53.2
40155,40689,40690,534,1,1,600,53.5
40156,40694,40696,538,2,1,600,54.0
40218,40699,40701,481,2,1,600,48.3
40220,40705,40707,485,2,1,600,48.7
40221,40710,40720,489,10,1,600,49.9
40223,40716,40718,493,2,1,600,49.5
40224,40721,40723,497,2,1,600,49.9
40226,40727,40728,501,1,1,600,50.2
40227,40732,40747,505,15,1,600,34.6666666667
40229,40737,40744,508,7,1,600,51.5
40231,40743,40744,512,1,1,600,51.3
40233,40748,40750,515,2,1,600,51.7
40234,40754,40755,520,1,1,600,52.1
40236,40759,40761,523,2,1,600,52.5
40238,40778,40794,540,16,1,600,34.75
40238,75263,176439,35025,101176,10,604800,1.34617893572
40240,40784,40786,544,2,1,600,54.6
40241,40789,40792,548,3,1,600,55.1
40243,40795,40797,552,2,1,600,55.4
40305,40800,40802,495,2,1,600,49.7
40306,40805,40808,499,3,1,600,50.2
40308,40811,40815,503,4,1,600,50.7
40309,40817,40818,508,1,1,600,50.9
40311,40822,40823,511,1,1,600,51.2
40312,40827,40829,515,2,1,600,51.7
40314,40833,40844,519,11,1,600,48.1818181818
40316,40838,40841,522,3,1,600,52.5
40317,40844,40845,527,1,1,600,52.8
40319,40849,40851,530,2,1,600,53.2
40321,40854,40857,533,3,1,600,53.6
40322,40860,40863,538,3,1,600,54.1
40324,40865,40875,541,10,1,600,55.1
40325,40871,40873,546,2,1,600,54.8
40387,40876,40877,489,1,1,600,49.0
40389,40882,40892,493,10,1,600,50.3
40390,40887,40891,497,4,1,600,50.1
40392,40892,40901,500,9,1,600,50.9
40393,41342,41343,949,1,1,600,95.0
40395,41347,41349,952,2,1,600,95.4
40396,41352,41354,956,2,1,600,95.8
40398,40912,40914,514,2,1,600,51.6
40399,40917,40919,518,2,1,600,52.0
40401,40923,40925,522,2,1,600,52.4
40402,40928,40937,526,9,1,600,53.5
40404,40934,40936,530,2,1,600,53.2
40405,40939,40941,534,2,1,600,53.6
40407,40945,40947,538,2,1,600,54.0
40468,40950,40952,482,2,1,600,48.4
40470,40955,40969,485,14,1,600,35.6428571429
40471,40961,40963,490,2,1,600,49.2
40473,40966,40968,493,2,1,600,49.5
40474,40972,40986,498,14,1,600,36.5714285714
40476,40977,40979,501,2,1,600,50.3
40478,40983,41020,505,37,1,600,14.6486486486
40479,40988,40990,509,2,1,600,51.1
40481,40993,40995,512,2,1,600,51.4
40483,40999,41001,516,2,1,600,51.8
40484,41004,41006,520,2,1,600,52.2
40486,41010,41012,524,2,1,600,52.6
40487,41015,41018,528,3,1,600,53.1
40489,41021,41022,532,1,1,600,53.3
40490,41026,41032,536,6,1,600,54.2
40552,41032,41033,480,1,1,600,48.1
40553,41041,41043,488,2,1,600,49.0
40555,41046,41048,491,2,1,600,49.3
40557,41052,41053,495,1,1,600,49.6
40558,41057,41060,499,3,1,600,50.2
40560,41063,41064,503,1,1,600,50.4
40561,41068,41070,507,2,1,600,50.9
40563,41074,41081,511,7,1,600,51.8
40564,41079,41082,515,3,1,600,51.8
40566,41084,41087,518,3,1,600,52.1
40568,41090,41091,522,1,1,600,52.3
40569,41095,41097,526,2,1,600,52.8
40571,41101,41103,530,2,1,600,53.2
40573,41106,41108,533,2,1,600,53.5
40574,41111,41113,537,2,1,600,53.9
40636,41117,41120,481,3,1,600,48.4
40637,41122,41124,485,2,1,600,48.7
40639,40767,46544,128,5777,5,9000,1.0221568288
40639,41128,41138,489,10,1,600,49.9
40640,41133,41135,493,2,1,600,49.5
40642,41138,41140,496,2,1,600,49.8
40643,41144,41145,501,1,1,600,50.2
40645,41149,41154,504,5,1,600,50.9
40646,41155,41157,509,2,1,600,51.1
40648,41160,41162,512,2,1,600,51.4
40649,41166,41168,517,2,1,600,51.9
40651,41180,41182,529,2,1,600,53.1
40653,41186,41189,533,3,1,600,53.6
40654,41191,41193,537,2,1,600,53.9
40656,41197,41198,541,1,1,600,54.2
40717,41202,41206,485,4,1,600,48.9
40719,41207,41210,488,3,1,600,49.1
40720,41213,41216,493,3,1,600,49.6
40722,41221,41222,499,1,1,600,50.0
40723,41226,41227,503,1,1,600,50.4
40725,41231,41236,506,5,1,600,51.1
40727,41237,41239,510,2,1,600,51.2
40729,41242,41244,513,2,1,600,51.5
40731,41248,41249,517,1,1,600,51.8
40733,41253,41256,520,3,1,600,52.3
40734,41261,41263,527,2,1,600,52.9
40736,41266,41267,530,1,1,600,53.1
40737,41272,41274,535,2,1,600,53.7
40739,41277,41278,538,1,1,600,53.9
40741,41282,41284,541,2,1,600,54.3
40763,40900,45944,137,5044,5,9000,1.02716098335
40774,40906,46099,132,5193,5,9000,1.02541883304
40803,41288,41289,485,1,1,600,48.6
40804,41293,41299,489,6,1,600,49.5
40806,41301,41305,495,4,1,600,49.9
40807,41306,41308,499,2,1,600,50.1
40809,41312,41315,503,3,1,600,50.6
40811,41317,41320,506,3,1,600,50.9
40813,41358,41370,545,12,1,600,46.4166666667
40814,41363,41366,549,3,1,600,55.2
40816,41369,41371,553,2,1,600,55.5
40818,41374,41377,556,3,1,600,55.9
40820,41381,41384,561,3,1,600,56.4
40822,41387,41389,565,2,1,600,56.7
40823,41392,41395,569,3,1,600,57.2
40825,41398,41399,573,1,1,600,57.4
40886,41403,41405,517,2,1,600,51.9
40888,41408,41410,520,2,1,600,52.2
40890,41417,41418,527,1,1,600,52.8
40891,41422,41424,531,2,1,600,53.3
40893,41428,41431,535,3,1,600,53.8
40894,41433,41435,539,2,1,600,54.1
40896,41438,41442,542,4,1,600,54.6
40897,41444,41447,547,3,1,600,55.0
40898,44691,49829,3793,5138,5,9000,1.73822499027
40899,41449,41458,550,9,1,600,55.9
40900,41457,41459,557,2,1,600,55.9
40902,41463,41465,561,2,1,600,56.3
40903,41468,41471,565,3,1,600,56.8
40905,41474,41475,569,1,1,600,57.0
40909,44697,49946,3788,5249,5,9000,1.72166126881
40966,41479,41480,513,1,1,600,51.4
40968,41484,41486,516,2,1,600,51.8
40970,41490,41491,520,1,1,600,52.1
40971,41497,41499,526,2,1,600,52.8
40973,41503,41506,530,3,1,600,53.3
40975,41508,41510,533,2,1,600,53.5
40976,41514,41516,538,2,1,600,54.0
40978,41519,41520,541,1,1,600,54.2
40979,41524,41532,545,8,1,600,55.3
40981,41530,41532,549,2,1,600,55.1
40982,41537,41538,555,1,1,600,55.6
40984,41542,41544,558,2,1,600,56.0
40986,41548,41555,562,7,1,600,56.9
41047,41553,41557,506,4,1,600,51.0
41049,41559,41561,510,2,1,600,51.2
41050,41564,41566,514,2,1,600,51.6
41052,41569,41571,517,2,1,600,51.9
41053,41577,41580,524,3,1,600,52.7
41055,41582,41585,527,3,1,600,53.0
41056,41588,41589,532,1,1,600,53.3
41058,41593,41602,535,9,1,600,54.4
41059,41599,41600,540,1,1,600,54.1
41061,41604,41606,543,2,1,600,54.5
41062,41610,41611,548,1,1,600,54.9
41064,41617,41619,553,2,1,600,55.5
41065,41623,41625,558,2,1,600,56.0
41067,41628,41631,561,3,1,600,56.4
41068,41634,41635,566,1,1,600,56.7
41070,41639,41642,569,3,1,600,57.2
41131,41644,41649,513,5,1,600,51.8
41133,41650,41651,517,1,1,600,51.8
41135,41658,41659,523,1,1,600,52.4
41136,41663,41665,527,2,1,600,52.9
41138,41668,41698,530,30,1,600,18.6666666667
41140,41674,41675,534,1,1,600,53.5
41141,41679,41681,538,2,1,600,54.0
41143,41685,41686,542,1,1,600,54.3
41145,41690,41692,545,2,1,600,54.7
41146,41698,41699,552,1,1,600,55.3
41147,41703,41705,556,2,1,600,55.8
41149,41709,41711,560,2,1,600,56.2
41150,41714,41717,564,3,1,600,56.7
41152,41720,41722,568,2,1,600,57.0
41154,41725,41727,571,2,1,600,57.3
41215,41731,41732,516,1,1,600,51.7
41217,41738,41740,521,2,1,600,52.3
41218,41744,41749,526,5,1,600,53.1
41220,41749,41751,529,2,1,600,53.1
41221,41755,41757,534,2,1,600,53.6
41223,41760,41763,537,3,1,600,54.0
41224,41766,41768,542,2,1,600,54.4
41226,41771,41773,545,2,1,600,54.7
41227,41779,41782,552,3,1,600,55.5
41229,41785,41789,556,4,1,600,56.0
41230,41790,41792,560,2,1,600,56.2
41232,41796,41798,564,2,1,600,56.6
41234,41801,41803,567,2,1,600,56.9
41295,41807,41809,512,2,1,600,51.4
41297,41812,41815,515,3,1,600,51.8
41298,41820,41824,522,4,1,600,52.6
41300,41826,41827,526,1,1,600,52.7
41302,41831,41846,529,15,1,600,36.2666666667
41303,41837,41839,534,2,1,600,53.6
41305,41842,41845,537,3,1,600,54.0
41307,41848,41849,541,1,1,600,54.2
41308,41853,41856,545,3,1,600,54.8
41310,41861,41869,551,8,1,600,55.9
41311,41866,41868,555,2,1,600,55.7
41313,41872,41874,559,2,1,600,56.1
41314,41877,41879,563,2,1,600,56.5
41316,41882,41884,566,2,1,600,56.8
41377,41888,41895,511,7,1,600,51.8
41379,41893,41900,514,7,1,600,52.1
41380,41901,41909,521,8,1,600,52.9
41382,41906,41908,524,2,1,600,52.6
41383,41912,41914,529,2,1,600,53.1
41385,41917,41919,532,2,1,600,53.4
41386,41922,41924,536,2,1,600,53.8
41388,41928,41931,540,3,1,600,54.3
41390,41933,41935,543,2,1,600,54.5
41391,41942,41945,551,3,1,600,55.4
41393,41947,41950,554,3,1,600,55.7
41395,41953,41954,558,1,1,600,55.9
41397,41958,41960,561,2,1,600,56.3
41398,41963,41965,565,2,1,600,56.7
41461,41969,41971,508,2,1,600,51.0
41462,41974,41977,512,3,1,600,51.5
41464,41982,41983,518,1,1,600,51.9
41465,41987,41989,522,2,1,600,52.4
41467,41993,41995,526,2,1,600,52.8
41468,41998,42000,530,2,1,600,53.2
41470,42004,42005,534,1,1,600,53.5
41471,42009,42018,538,9,1,600,54.7
41472,42014,42016,542,2,1,600,54.4
41474,42022,42026,548,4,1,600,55.2
41476,42028,42029,552,1,1,600,55.3
41478,42033,42035,555,2,1,600,55.7
41480,42039,42040,559,1,1,600,56.0
41481,42044,42046,563,2,1,600,56.5
41483,42050,42060,567,10,1,600,57.7
41544,42055,42057,511,2,1,600,51.3
41546,42064,42065,518,1,1,600,51.9
41547,42069,42071,522,2,1,600,52.4
41549,42075,42082,526,7,1,600,53.3
41550,46023,46383,4473,360,1,3600,13.425
41550,42080,42083,530,3,1,600,53.3
41552,42086,42088,534,2,1,600,53.6
41553,42091,42105,538,14,1,600,39.4285714286
41555,42097,42099,542,2,1,600,54.4
41557,42105,42112,548,7,1,600,55.5
41559,42110,42112,551,2,1,600,55.3
41560,42115,42118,555,3,1,600,55.8
41562,42121,42123,559,2,1,600,56.1
41563,42126,42128,563,2,1,600,56.5
41565,42132,42133,567,1,1,600,56.8
41566,42137,42139,571,2,1,600,57.3
41628,42145,42146,517,1,1,600,51.8
41629,42150,42154,521,4,1,600,52.5
41631,42155,42157,524,2,1,600,52.6
41632,42161,42174,529,13,1,600,41.6923076923
41634,42166,42168,532,2,1,600,53.4
41636,42172,42173,536,1,1,600,53.7
41638,42177,42179,539,2,1,600,54.1
41640,42184,42187,544,3,1,600,54.7
41641,42190,42192,549,2,1,600,55.1
41643,42195,42200,552,5,1,600,55.7
41645,42200,42203,555,3,1,600,55.8
41647,42206,42208,559,2,1,600,56.1
41648,42211,42213,563,2,1,600,56.5
41650,42219,42221,569,2,1,600,57.1
41711,42224,42226,513,2,1,600,51.5
41713,42230,42232,517,2,1,600,51.9
41714,42235,42238,521,3,1,600,52.4
41716,42241,42242,525,1,1,600,52.6
41718,42246,42252,528,6,1,600,53.4
41719,42252,42255,533,3,1,600,53.6
41721,42259,42261,538,2,1,600,54.0
41722,42265,42266,543,1,1,600,54.4
41724,42270,42272,546,2,1,600,54.8
41726,42276,42279,550,3,1,600,55.3
41727,42281,42283,554,2,1,600,55.6
41729,42287,42292,558,5,1,600,56.3
41731,42292,42294,561,2,1,600,56.3
41732,42299,42302,567,3,1,600,57.0
41734,42305,42306,571,1,1,600,57.2
41795,42310,42312,515,2,1,600,51.7
41797,42316,42318,519,2,1,600,52.1
41798,42321,42323,523,2,1,600,52.5
41800,42327,42329,527,2,1,600,52.9
41802,42332,42334,530,2,1,600,53.2
41803,42340,42341,537,1,1,600,53.8
41805,42345,42346,540,1,1,600,54.1
41807,42351,42352,544,1,1,600,54.5
41808,42356,42357,548,1,1,600,54.9
41810,42361,42365,551,4,1,600,55.5
41812,42367,42379,555,12,1,600,47.25
41813,42372,42374,559,2,1,600,56.1
41815,42380,42382,565,2,1,600,56.7
41817,42386,42387,569,1,1,600,57.0
41879,42391,42393,512,2,1,600,51.4
41880,42397,42399,517,2,1,600,51.9
41882,42402,42403,520,1,1,600,52.1
41883,42407,42409,524,2,1,600,52.6
41885,42413,42416,528,3,1,600,53.1
41886,42420,42423,534,3,1,600,53.7
41887,42426,42428,539,2,1,600,54.1
41889,42431,42433,542,2,1,600,54.4
41891,42437,42438,546,1,1,600,54.7
41892,42442,42446,550,4,1,600,55.4
41894,42448,42450,554,2,1,600,55.6
41896,42453,42459,557,6,1,600,56.3
41898,42460,42462,562,2,1,600,56.4
41959,42466,42468,507,2,1,600,50.9
41961,42471,42473,510,2,1,600,51.2
41962,42477,42479,515,2,1,600,51.7
41964,42482,42490,518,8,1,600,52.6
41966,42488,42489,522,1,1,600,52.3
41967,42493,42496,526,3,1,600,52.9
41969,42501,42503,532,2,1,600,53.4
41970,42507,42508,537,1,1,600,53.8
41972,42512,42514,540,2,1,600,54.2
41973,42518,42524,545,6,1,600,55.1
41975,42523,42527,548,4,1,600,55.2
41976,42529,42532,553,3,1,600,55.6
41978,42534,42537,556,3,1,600,55.9
41979,42542,42544,563,2,1,600,56.5
41981,42547,42548,566,1,1,600,56.7
42042,42552,42554,510,2,1,600,51.2
42045,42558,42560,513,2,1,600,51.5
42047,42563,42565,516,2,1,600,51.8
42048,42569,42571,521,2,1,600,52.3
42050,42574,42587,524,13,1,600,41.3076923077
42052,42583,42584,531,1,1,600,53.2
42053,42588,42590,535,2,1,600,53.7
42055,42594,42597,539,3,1,600,54.2
42057,42599,42601,542,2,1,600,54.4
42059,42604,42606,545,2,1,600,54.7
42060,50351,51063,8291,712,1,3600,12.6446629213
42060,42610,42613,550,3,1,600,55.3
42062,42615,42618,553,3,1,600,55.6
42063,42623,42625,560,2,1,600,56.2
42065,42629,42630,564,1,1,600,56.5
42066,42634,42638,568,4,1,600,57.2
42128,42640,42642,512,2,1,600,51.4
42130,42645,42648,515,3,1,600,51.8
42131,42651,42652,520,1,1,600,52.1
42133,42656,42658,523,2,1,600,52.5
42134,42664,42667,530,3,1,600,53.3
42136,42670,42672,534,2,1,600,53.6
42137,42675,42683,538,8,1,600,54.6
42139,42681,42684,542,3,1,600,54.5
42141,42686,42688,545,2,1,600,54.7
42142,42692,42695,550,3,1,600,55.3
42144,42697,42699,553,2,1,600,55.5
42145,42702,42704,557,2,1,600,55.9
42147,42710,42715,563,5,1,600,56.8
42149,42716,42717,567,1,1,600,56.8
42210,42721,42728,511,7,1,600,51.8
42212,42727,42729,515,2,1,600,51.7
42213,42732,42735,519,3,1,600,52.2
42215,42737,42739,522,2,1,600,52.4
42216,42743,42744,527,1,1,600,52.8
42218,42750,42752,532,2,1,600,53.4
42220,42756,42758,536,2,1,600,53.8
42221,42761,42764,540,3,1,600,54.3
42223,42766,42768,543,2,1,600,54.5
42224,42772,42774,548,2,1,600,55.0
42226,42777,42780,551,3,1,600,55.4
42227,42783,42786,556,3,1,600,55.9
42229,42790,42792,561,2,1,600,56.3
42230,42796,42797,566,1,1,600,56.7
42232,42801,42803,569,2,1,600,57.1
42294,42807,42809,513,2,1,600,51.5
42295,42812,42814,517,2,1,600,51.9
42297,42818,42824,521,6,1,600,52.7
42298,42823,42825,525,2,1,600,52.7
42300,42831,42833,531,2,1,600,53.3
42301,42837,42843,536,6,1,600,54.2
42303,42842,42845,539,3,1,600,54.2
42305,42848,42849,543,1,1,600,54.4
42306,42853,42855,547,2,1,600,54.9
42308,42859,42860,551,1,1,600,55.2
42309,42864,42866,555,2,1,600,55.7
42311,42873,42877,562,4,1,600,56.6
42312,42878,42882,566,4,1,600,57.0
42314,42884,42885,570,1,1,600,57.1
42375,42889,42892,514,3,1,600,51.7
42377,42895,42902,518,7,1,600,52.5
42378,42900,42902,522,2,1,600,52.4
42380,42906,42908,526,2,1,600,52.8
42382,42911,42914,529,3,1,600,53.2
42384,42917,42919,533,2,1,600,53.5
42385,42922,42924,537,2,1,600,53.9
42387,42931,42933,544,2,1,600,54.6
42388,42936,42938,548,2,1,600,55.0
42390,42941,42948,551,7,1,600,55.8
42393,42947,42951,554,4,1,600,55.8
42394,42952,42954,558,2,1,600,56.0
42396,42958,42959,562,1,1,600,56.3
42397,42963,42966,566,3,1,600,56.9
42399,42969,42971,570,2,1,600,57.2
42461,42974,42976,513,2,1,600,51.5
42462,42982,42983,520,1,1,600,52.1
42464,42987,42990,523,3,1,600,52.6
42465,42993,42995,528,2,1,600,53.0
42467,42998,43001,531,3,1,600,53.4
42469,43004,43005,535,1,1,600,53.6
42470,43009,43011,539,2,1,600,54.1
42472,43014,43016,542,2,1,600,54.4
42474,43020,43021,546,1,1,600,54.7
42475,43025,43029,550,4,1,600,55.4
42477,43033,43035,556,2,1,600,55.8
42479,43039,43042,560,3,1,600,56.3
42480,43044,43057,564,13,1,600,44.3846153846
42482,43050,43052,568,2,1,600,57.0
42544,43055,43058,511,3,1,600,51.4
42545,43061,43082,516,21,1,600,25.5714285714
42547,43066,43068,519,2,1,600,52.1
42549,43072,43073,523,1,1,600,52.4
42551,43077,43080,526,3,1,600,52.9
42552,43082,43085,530,3,1,600,53.3
42554,43090,43092,536,2,1,600,53.8
42556,43096,43102,540,6,1,600,54.6
42557,43101,43103,544,2,1,600,54.6
42559,43107,43110,548,3,1,600,55.1
42561,43112,43114,551,2,1,600,55.3
42562,43117,43120,555,3,1,600,55.8
42564,43123,43124,559,1,1,600,56.0
42566,43128,43134,562,6,1,600,56.8
42567,43136,43138,569,2,1,600,57.1
42629,43142,43146,513,4,1,600,51.7
42631,43147,43150,516,3,1,600,51.9
42632,43152,43154,520,2,1,600,52.2
42634,43158,43160,524,2,1,600,52.6
42635,43163,43165,528,2,1,600,53.0
42637,43169,43170,532,1,1,600,53.3
42639,43174,43177,535,3,1,600,53.8
42641,43179,43181,538,2,1,600,54.0
42642,43187,43189,545,2,1,600,54.7
42644,43193,43195,549,2,1,600,55.1
42646,43198,43200,552,2,1,600,55.4
42647,43203,43206,556,3,1,600,55.9
42649,43209,43211,560,2,1,600,56.2
42650,43214,43216,564,2,1,600,56.6
42712,43220,43221,508,1,1,600,50.9
42713,43225,43233,512,8,1,600,52.0
42715,43231,43233,516,2,1,600,51.8
42716,43238,43242,522,4,1,600,52.6
42718,43244,43253,526,9,1,600,53.5
42719,43249,43251,530,2,1,600,53.2
42721,43255,43256,534,1,1,600,53.5
42723,43260,43262,537,2,1,600,53.9
42724,43266,43267,542,1,1,600,54.3
42726,43271,43274,545,3,1,600,54.8
42728,43276,43279,548,3,1,600,55.1
42729,43282,43284,553,2,1,600,55.5
42731,43290,43298,559,8,1,600,56.7
42792,43295,43296,503,1,1,600,50.4
42794,43300,43304,506,4,1,600,51.0
42795,43306,43307,511,1,1,600,51.2
42797,43311,43313,514,2,1,600,51.6
42798,43317,43319,519,2,1,600,52.1
42800,43322,43324,522,2,1,600,52.4
42801,43328,43330,527,2,1,600,52.9
42803,43333,43335,530,2,1,600,53.2
42805,43342,43344,537,2,1,600,53.9
42807,43347,43349,540,2,1,600,54.2
42809,43352,43354,543,2,1,600,54.5
42810,43358,43359,548,1,1,600,54.9
42812,43363,43366,551,3,1,600,55.4
42814,43369,43372,555,3,1,600,55.8
42815,43374,43377,559,3,1,600,56.2
42817,43380,43381,563,1,1,600,56.4
42879,43385,43387,506,2,1,600,50.8
42880,43392,43395,512,3,1,600,51.5
42882,43398,43399,516,1,1,600,51.7
42884,43403,43406,519,3,1,600,52.2
42885,43409,43412,524,3,1,600,52.7
42887,43414,43417,527,3,1,600,53.0
42888,43420,43421,532,1,1,600,53.3
42890,43425,43426,535,1,1,600,53.6
42891,43430,43432,539,2,1,600,54.1
42893,43436,43438,543,2,1,600,54.5
42895,43444,43447,549,3,1,600,55.2
42897,43449,43451,552,2,1,600,55.4
42898,43454,43456,556,2,1,600,55.8
42900,43460,43461,560,1,1,600,56.1
42962,43465,43470,503,5,1,600,50.8
42963,43471,43473,508,2,1,600,51.0
42965,43476,43478,511,2,1,600,51.3
42966,43482,43486,516,4,1,600,52.0
42968,43487,43488,519,1,1,600,52.0
42969,43494,43496,525,2,1,600,52.7
42971,43500,43502,529,2,1,600,53.1
42972,43505,43508,533,3,1,600,53.6
42974,43511,43512,537,1,1,600,53.8
42975,43516,43518,541,2,1,600,54.3
42977,43522,43523,545,1,1,600,54.6
42978,43527,43529,549,2,1,600,55.1
42980,43533,43541,553,8,1,600,56.1
42981,43538,43541,557,3,1,600,56.0
42983,43545,43547,562,2,1,600,56.4
43045,43551,43553,506,2,1,600,50.8
43047,43556,43559,509,3,1,600,51.2
43048,43562,43563,514,1,1,600,51.5
43050,43567,43570,517,3,1,600,52.0
43052,43573,43575,521,2,1,600,52.3
43053,43578,43580,525,2,1,600,52.7
43055,43583,43585,528,2,1,600,53.0
43057,43589,43591,532,2,1,600,53.4
43058,43596,43598,538,2,1,600,54.0
43060,43602,43603,542,1,1,600,54.3
43061,43607,43609,546,2,1,600,54.8
43063,43613,43614,550,1,1,600,55.1
43064,43618,43621,554,3,1,600,55.7
43066,43624,43625,558,1,1,600,55.9
43128,43629,43630,501,1,1,600,50.2
43129,43634,43636,505,2,1,600,50.7
43131,43640,43642,509,2,1,600,51.1
43133,43647,43655,514,8,1,600,52.2
43134,43653,43654,519,1,1,600,52.0
43136,43658,43660,522,2,1,600,52.4
43137,43664,43666,527,2,1,600,52.9
43139,43669,43671,530,2,1,600,53.2
43140,43675,43676,535,1,1,600,53.6
43142,43680,43682,538,2,1,600,54.0
43143,43686,43691,543,5,1,600,54.8
43145,43691,43694,546,3,1,600,54.9
43146,43698,43700,552,2,1,600,55.4
43148,43704,43706,556,2,1,600,55.8
43209,43709,43711,500,2,1,600,50.2
43211,43715,43717,504,2,1,600,50.6
43213,43720,43722,507,2,1,600,50.9
43214,43726,43728,512,2,1,600,51.4
43216,43731,43733,515,2,1,600,51.7
43218,43736,43738,518,2,1,600,52.0
43219,43742,43744,523,2,1,600,52.5
43221,43750,43751,529,1,1,600,53.0
43223,43755,43757,532,2,1,600,53.4
43225,43760,43762,535,2,1,600,53.7
43226,43766,43772,540,6,1,600,54.6
43228,43771,43782,543,11,1,600,50.3636363636
43230,43777,43779,547,2,1,600,54.9
43231,43782,43784,551,2,1,600,55.3
43233,43788,43790,555,2,1,600,55.7
43294,43793,43795,499,2,1,600,50.1
43296,43802,43803,506,1,1,600,50.7
43297,43807,43808,510,1,1,600,51.1
43299,43813,43815,514,2,1,600,51.6
43301,43818,43819,517,1,1,600,51.8
43302,43823,43825,521,2,1,600,52.3
43304,43829,43830,525,1,1,600,52.6
43306,43834,43837,528,3,1,600,53.1
43307,43840,43842,533,2,1,600,53.5
43309,43845,43847,536,2,1,600,53.8
43310,43854,43855,544,1,1,600,54.5
43312,43859,43860,547,1,1,600,54.8
43314,43864,43870,550,6,1,600,55.6
43316,43870,43873,554,3,1,600,55.7
43317,43875,43879,558,4,1,600,56.2
43319,43881,43882,562,1,1,600,56.3
43380,43886,43889,506,3,1,600,50.9
43382,43891,43895,509,4,1,600,51.3
43383,43897,43898,514,1,1,600,51.5
43385,43904,43906,519,2,1,600,52.1
43386,43910,43912,524,2,1,600,52.6
43388,43915,43917,527,2,1,600,52.9
43390,43921,43929,531,8,1,600,53.9
43391,43926,43931,535,5,1,600,54.0
43393,43932,43933,539,1,1,600,54.0
43395,43937,43939,542,2,1,600,54.4
43396,43943,43944,547,1,1,600,54.8
43398,43948,43950,550,2,1,600,55.2
43399,43955,43958,556,3,1,600,55.9
43461,43961,43962,500,1,1,600,50.1
43463,43966,43968,503,2,1,600,50.5
43464,43972,43974,508,2,1,600,51.0
43466,43977,43980,511,3,1,600,51.4
43467,43983,43984,516,1,1,600,51.7
43470,43988,43990,518,2,1,600,52.0
43471,43993,43995,522,2,1,600,52.4
43473,43999,44003,526,4,1,600,53.0
43475,44007,44010,532,3,1,600,53.5
43476,44012,44014,536,2,1,600,53.8
43478,44018,44021,540,3,1,600,54.3
43479,44023,44024,544,1,1,600,54.5
43481,44028,44030,547,2,1,600,54.9
43483,44034,44035,551,1,1,600,55.2
43484,44039,44041,555,2,1,600,55.7
43486,44045,44046,559,1,1,600,56.0
43547,44050,44053,503,3,1,600,50.6
43549,44058,44059,509,1,1,600,51.0
43550,44063,44078,513,15,1,600,35.2
43552,44069,44070,517,1,1,600,51.8
43553,44074,44075,521,1,1,600,52.2
43555,44080,44085,525,5,1,600,53.0
43556,44085,44086,529,1,1,600,53.0
43558,44090,44092,532,2,1,600,53.4
43559,44096,44099,537,3,1,600,54.0
43561,44101,44103,540,2,1,600,54.2
43562,44107,44109,545,2,1,600,54.7
43564,44112,44114,548,2,1,600,55.0
43565,44119,44121,554,2,1,600,55.6
43567,44125,44126,558,1,1,600,55.9
43629,44130,44132,501,2,1,600,50.3
43630,44136,44149,506,13,1,600,39.9230769231
43632,44141,44148,509,7,1,600,51.6
43633,44146,44148,513,2,1,600,51.5
43634,44152,44154,518,2,1,600,52.0
43636,44157,44159,521,2,1,600,52.3
43638,44163,44165,525,2,1,600,52.7
43640,44168,44170,528,2,1,600,53.0
43641,44174,44177,533,3,1,600,53.6
43643,44182,44183,539,1,1,600,54.0
43644,44187,44190,543,3,1,600,54.6
43646,44193,44194,547,1,1,600,54.8
43648,44198,44200,550,2,1,600,55.2
43650,44203,44205,553,2,1,600,55.5
43651,44209,44218,558,9,1,600,56.7
43713,44214,44216,501,2,1,600,50.3
43714,44220,44222,506,2,1,600,50.8
43716,44225,44227,509,2,1,600,51.1
43718,44231,44233,513,2,1,600,51.5
43720,44236,44239,516,3,1,600,51.9
43722,44244,44247,522,3,1,600,52.5
43723,44249,44252,526,3,1,600,52.9
43727,44255,44257,528,2,1,600,53.0
43728,44260,44262,532,2,1,600,53.4
43730,44265,44267,535,2,1,600,53.7
43732,44271,44272,539,1,1,600,54.0
43733,44276,44278,543,2,1,600,54.5
43735,44282,44284,547,2,1,600,54.9
43736,44287,44290,551,3,1,600,55.4
43738,44292,44294,554,2,1,600,55.6
43739,44298,44300,559,2,1,600,56.1
43801,44306,44307,505,1,1,600,50.6
43802,44311,44312,509,1,1,600,51.0
43804,44316,44323,512,7,1,600,51.9
43805,44322,44324,517,2,1,600,51.9
43807,44327,44329,520,2,1,600,52.2
43809,44333,44335,524,2,1,600,52.6
43810,44338,44341,528,3,1,600,53.1
43812,44344,44348,532,4,1,600,53.6
43813,44349,44351,536,2,1,600,53.8
43815,44354,44360,539,6,1,600,54.5
43817,44360,44361,543,1,1,600,54.4
43819,44367,44370,548,3,1,600,55.1
43820,44373,44375,553,2,1,600,55.5
43822,44378,44381,556,3,1,600,55.9
43884,44384,44386,500,2,1,600,50.2
43885,44389,44391,504,2,1,600,50.6
43887,44395,44396,508,1,1,600,50.9
43888,44400,44411,512,11,1,600,47.5454545455
43890,44406,44410,516,4,1,600,52.0
43892,44411,44413,519,2,1,600,52.1
43894,44417,44418,523,1,1,600,52.4
43896,44422,44424,526,2,1,600,52.8
43897,44431,44433,534,2,1,600,53.6
43899,44436,44438,537,2,1,600,53.9
43901,44442,44450,541,8,1,600,54.9
43903,44447,44449,544,2,1,600,54.6
43904,44453,44455,549,2,1,600,55.1
43906,44458,44460,552,2,1,600,55.4
43908,44463,44465,555,2,1,600,55.7
43969,44469,44471,500,2,1,600,50.2
43971,44474,44476,503,2,1,600,50.5
43972,44480,44482,508,2,1,600,51.0
43974,44485,44488,511,3,1,600,51.4
43975,44491,44492,516,1,1,600,51.7
43977,44499,44501,522,2,1,600,52.4
43981,44504,44506,523,2,1,600,52.5
43982,44510,44512,528,2,1,600,53.0
43984,44515,44518,531,3,1,600,53.4
43986,44521,44522,535,1,1,600,53.6
43987,44526,44528,539,2,1,600,54.1
43989,44532,44535,543,3,1,600,54.6
43991,44537,44538,546,1,1,600,54.7
43992,44542,44544,550,2,1,600,55.2
43994,44548,44549,554,1,1,600,55.5
43996,44553,44555,557,2,1,600,55.9
44057,44562,44564,505,2,1,600,50.7
44059,44567,44569,508,2,1,600,51.0
44061,44573,44574,512,1,1,600,51.3
44063,44578,44586,515,8,1,600,52.3
44065,44583,44585,518,2,1,600,52.0
44067,44589,44592,522,3,1,600,52.5
44068,44594,44597,526,3,1,600,52.9
44070,44600,44602,530,2,1,600,53.2
44072,44605,44608,533,3,1,600,53.6
44073,44611,44612,538,1,1,600,53.9
44075,44616,44618,541,2,1,600,54.3
44076,44621,44625,545,4,1,600,54.9
44078,44629,44632,551,3,1,600,55.4
44140,44635,44637,495,2,1,600,49.7
44141,44640,44675,499,35,1,600,15.2571428571
44143,44646,44648,503,2,1,600,50.5
44144,44651,44653,507,2,1,600,50.9
44146,44656,44659,510,3,1,600,51.3
44147,44662,44664,515,2,1,600,51.7
44149,44667,44682,518,15,1,600,35.5333333333
44151,44673,44675,522,2,1,600,52.4
44152,44678,44680,526,2,1,600,52.8
44154,44684,44685,530,1,1,600,53.1
44155,44703,44704,548,1,1,600,54.9
44157,44708,44710,551,2,1,600,55.3
44158,44714,44716,556,2,1,600,55.8
44160,44719,44721,559,2,1,600,56.1
44161,44725,44726,564,1,1,600,56.5
44163,44730,44731,567,1,1,600,56.8
44165,44736,44737,571,1,1,600,57.2
44226,44741,44743,515,2,1,600,51.7
44228,44747,44748,519,1,1,600,52.0
44230,44752,44754,522,2,1,600,52.4
44231,44771,44773,540,2,1,600,54.2
44233,44776,44779,543,3,1,600,54.6
44234,44782,44783,548,1,1,600,54.9
44236,44787,44789,551,2,1,600,55.3
44237,44793,44795,556,2,1,600,55.8
44239,44798,44799,559,1,1,600,56.0
44240,44803,44806,563,3,1,600,56.6
44242,44809,44813,567,4,1,600,57.1
44243,44814,44816,571,2,1,600,57.3
44245,44820,44823,575,3,1,600,57.8
44246,44825,44827,579,2,1,600,58.1
44308,44844,44846,536,2,1,600,53.8
44310,44850,44853,540,3,1,600,54.3
44311,44855,44865,544,10,1,600,55.4
44313,44861,44863,548,2,1,600,55.0
44314,45007,45010,693,3,1,600,69.6
44316,45013,45016,697,3,1,600,70.0
44317,45019,45022,702,3,1,600,70.5
44319,45024,45026,705,2,1,600,70.7
44321,45030,45031,709,1,1,600,71.0
44323,45035,45038,712,3,1,600,71.5
44325,45043,45044,718,1,1,600,71.9
44326,45048,45050,722,2,1,600,72.4
44328,45054,45058,726,4,1,600,73.0
44330,45059,45061,729,2,1,600,73.1
44331,44866,44871,535,5,1,600,54.0
44393,44872,44873,479,1,1,600,48.0
44395,44877,44879,482,2,1,600,48.4
44396,44883,44885,487,2,1,600,48.9
44398,44888,44899,490,11,1,600,45.5454545455
44399,44893,44895,494,2,1,600,49.6
44401,44899,44901,498,2,1,600,50.0
44402,44918,44919,516,1,1,600,51.7
44404,44923,44925,519,2,1,600,52.1
44405,44928,44931,523,3,1,600,52.6
44407,44934,44936,527,2,1,600,52.9
44408,44939,44941,531,2,1,600,53.3
44410,44945,44975,535,30,1,600,18.8333333333
44412,44950,44952,538,2,1,600,54.0
44473,44956,44958,483,2,1,600,48.5
44475,44961,44963,486,2,1,600,48.8
44477,44967,44968,490,1,1,600,49.1
44478,44985,44987,507,2,1,600,50.9
44480,44991,44993,511,2,1,600,51.3
44481,44996,44999,515,3,1,600,51.8
44483,45002,45004,519,2,1,600,52.1
44484,45065,45067,581,2,1,600,58.3
44486,45070,45072,584,2,1,600,58.6
44487,45076,45077,589,1,1,600,59.0
44489,45081,45083,592,2,1,600,59.4
44490,45087,45088,597,1,1,600,59.8
44492,45092,45096,600,4,1,600,60.4
44493,45098,45099,605,1,1,600,60.6
44495,45106,45108,611,2,1,600,61.3
44496,45111,45113,615,2,1,600,61.7
44498,45117,45119,619,2,1,600,62.1
44560,45122,45125,562,3,1,600,56.5
44561,45128,45130,567,2,1,600,56.9
44563,45133,45134,570,1,1,600,57.1
44565,45139,45140,574,1,1,600,57.5
44567,45144,45146,577,2,1,600,57.9
44568,45149,45151,581,2,1,600,58.3
44570,45155,45156,585,1,1,600,58.6
44571,45160,45162,589,2,1,600,59.1
44573,45168,45170,595,2,1,600,59.7
44575,45173,45175,598,2,1,600,60.0
44576,45179,45180,603,1,1,600,60.4
44578,45184,45187,606,3,1,600,60.9
44579,45189,45191,610,2,1,600,61.2
44581,45195,45197,614,2,1,600,61.6
44643,45200,45202,557,2,1,600,55.9
44644,45206,45208,562,2,1,600,56.4
44645,45211,45214,566,3,1,600,56.9
44647,45217,45219,570,2,1,600,57.2
44649,45222,45228,573,6,1,600,57.9
44650,45230,45232,580,2,1,600,58.2
44652,45235,45238,583,3,1,600,58.6
44653,45241,45242,588,1,1,600,58.9
44655,45246,45249,591,3,1,600,59.4
44657,45252,45253,595,1,1,600,59.6
44659,45257,45259,598,2,1,600,60.0
44660,45263,45266,603,3,1,600,60.6
44662,45268,45271,606,3,1,600,60.9
44689,44759,50143,70,5384,5,9000,1.01300148588
44700,44765,50600,65,5835,5,9000,1.01113967438
44724,45274,45277,550,3,1,600,55.3
44725,45279,45286,554,7,1,600,56.1
44727,45285,45288,558,3,1,600,56.1
44728,45293,45295,565,2,1,600,56.7
44731,45298,45300,567,2,1,600,56.9
44733,45304,45306,571,2,1,600,57.3
44735,45309,45312,574,3,1,600,57.7
44737,45315,45316,578,1,1,600,57.9
44738,45320,45322,582,2,1,600,58.4
44740,45326,45329,586,3,1,600,58.9
44742,45331,45333,589,2,1,600,59.1
44743,45337,45339,594,2,1,600,59.6
44745,45342,45344,597,2,1,600,59.9
44746,45347,45350,601,3,1,600,60.4
44763,44833,49523,70,4690,5,9000,1.01492537313
44763,44839,50241,76,5402,5,9000,1.01406886338
44808,45355,45359,547,4,1,600,55.1
44810,45361,45363,551,2,1,600,55.3
44811,45366,45369,555,3,1,600,55.8
44813,45372,45374,559,2,1,600,56.1
44814,45377,45379,563,2,1,600,56.5
44816,45383,45384,567,1,1,600,56.8
44817,45388,45390,571,2,1,600,57.3
44819,45394,45396,575,2,1,600,57.7
44821,45399,45402,578,3,1,600,58.1
44822,45405,45409,583,4,1,600,58.7
44824,45410,45412,586,2,1,600,58.8
44825,45418,45423,593,5,1,600,59.8
44836,44906,49901,70,4995,5,9000,1.01401401401
44837,44912,49471,75,4559,5,9000,1.01645097609
44887,45424,45426,537,2,1,600,53.9
44889,45429,45432,540,3,1,600,54.3
44890,45435,45436,545,1,1,600,54.6
44892,45440,45443,548,3,1,600,55.1
44893,45446,45448,553,2,1,600,55.5
44895,45451,45454,556,3,1,600,55.9
44896,45456,45463,560,7,1,600,56.7
44898,45462,45465,564,3,1,600,56.7
44899,45467,45470,568,3,1,600,57.1
44901,45473,45475,572,2,1,600,57.4
44902,45478,45481,576,3,1,600,57.9
44904,45484,45486,580,2,1,600,58.2
44910,44974,49452,64,4478,5,9000,1.01429209469
44910,44980,49686,70,4706,5,9000,1.01487462813
44966,45489,45492,523,3,1,600,52.6
44967,45495,45496,528,1,1,600,52.9
44969,45500,45505,531,5,1,600,53.6
44970,45506,45508,536,2,1,600,53.8
44972,45511,45514,539,3,1,600,54.2
44973,48674,53593,3701,4919,5,9000,1.75238869689
44974,45517,45531,543,14,1,600,39.7857142857
44976,45522,45526,546,4,1,600,55.0
44978,45528,45530,550,2,1,600,55.2
44979,45533,45560,554,27,1,600,21.5185185185
44981,45538,45541,557,3,1,600,56.0
44982,45544,45546,562,2,1,600,56.4
44984,48680,53142,3696,4462,5,9000,1.82832810399
45023,50544,50662,5521,118,1,1800,47.7881355932
45044,45549,45552,505,3,1,600,50.8
45046,45619,45621,573,2,1,600,57.5
45047,45624,45630,577,6,1,600,58.3
45049,45629,45632,580,3,1,600,58.3
45051,45635,45646,584,11,1,600,54.0909090909
45052,45640,45647,588,7,1,600,59.5
45054,45646,45649,592,3,1,600,59.5
45055,45651,45654,596,3,1,600,59.9
45058,45657,45659,599,2,1,600,60.1
45060,45663,45665,603,2,1,600,60.5
45062,45668,45670,606,2,1,600,60.8
45063,45674,45687,611,13,1,600,48.0
45065,45679,45682,614,3,1,600,61.7
45066,45685,45687,619,2,1,600,62.1
45128,45690,45692,562,2,1,600,56.4
45130,45696,45698,566,2,1,600,56.8
45132,45701,45703,569,2,1,600,57.1
45133,45707,45709,574,2,1,600,57.6
45135,45712,45718,577,6,1,600,58.3
45136,45718,45719,582,1,1,600,58.3
45138,45723,45725,585,2,1,600,58.7
45139,45729,45730,590,1,1,600,59.1
45141,45734,45736,593,2,1,600,59.5
45142,45739,45741,597,2,1,600,59.9
45144,45745,45747,601,2,1,600,60.3
45145,45750,45753,605,3,1,600,60.8
45147,45825,45828,678,3,1,600,68.1
45149,45831,45832,682,1,1,600,68.3
45211,45836,45838,625,2,1,600,62.7
45213,45842,45844,629,2,1,600,63.1
45214,45847,45850,633,3,1,600,63.6
45216,45853,45856,637,3,1,600,64.0
45217,45858,45860,641,2,1,600,64.3
45219,45864,45865,645,1,1,600,64.6
45221,45869,45871,648,2,1,600,65.0
45222,45875,45876,653,1,1,600,65.4
45224,45880,45882,656,2,1,600,65.8
45226,45886,45887,660,1,1,600,66.1
45227,45891,45894,664,3,1,600,66.7
45229,45897,45900,668,3,1,600,67.1
45231,45902,45904,671,2,1,600,67.3
45232,45908,45911,676,3,1,600,67.9
45234,45913,45916,679,3,1,600,68.2
45296,45919,45920,623,1,1,600,62.4
45297,45924,45926,627,2,1,600,62.9
45299,45930,45931,631,1,1,600,63.2
45300,45935,45938,635,3,1,600,63.8
45302,45941,45943,639,2,1,600,64.1
45303,45946,45949,643,3,1,600,64.6
45305,45952,45953,647,1,1,600,64.8
45306,45957,45959,651,2,1,600,65.3
45308,46038,46040,730,2,1,600,73.2
45310,46043,46046,733,3,1,600,73.6
45312,46049,46050,737,1,1,600,73.8
45313,46054,46056,741,2,1,600,74.3
45315,46060,46062,745,2,1,600,74.7
45317,46065,46067,748,2,1,600,75.0
45319,46071,46074,752,3,1,600,75.5
45380,46076,46082,696,6,1,600,70.2
45382,46082,46083,700,1,1,600,70.1
45384,46087,46089,703,2,1,600,70.5
45386,46094,46096,708,2,1,600,71.0
45387,46100,46101,713,1,1,600,71.4
45389,46105,46107,716,2,1,600,71.8
45391,46111,46112,720,1,1,600,72.1
45392,46116,46118,724,2,1,600,72.6
45394,46122,46123,728,1,1,600,72.9
45395,46127,46129,732,2,1,600,73.4
45397,46133,46134,736,1,1,600,73.7
45398,46141,46142,743,1,1,600,74.4
45400,46146,46150,746,4,1,600,75.0
45402,46152,46159,750,7,1,600,75.7
45403,46157,46159,754,2,1,600,75.6
45465,46163,46165,698,2,1,600,70.0
45467,46168,46170,701,2,1,600,70.3
45469,46174,46176,705,2,1,600,70.7
45470,46179,46180,709,1,1,600,71.0
45472,46184,46187,712,3,1,600,71.5
45473,46193,46194,720,1,1,600,72.1
45475,46198,46200,723,2,1,600,72.5
45477,46203,46206,726,3,1,600,72.9
45478,46209,46211,731,2,1,600,73.3
45480,46214,46216,734,2,1,600,73.6
45481,46220,46223,739,3,1,600,74.2
45483,46225,46227,742,2,1,600,74.4
45484,46231,46234,747,3,1,600,75.0
45486,46237,46239,751,2,1,600,75.3
45487,46242,46243,755,1,1,600,75.6
45549,46249,46252,700,3,1,600,70.3
45550,46255,46257,705,2,1,600,70.7
45552,46260,46263,708,3,1,600,71.1
45553,46266,46268,713,2,1,600,71.5
45555,46271,46273,716,2,1,600,71.8
45557,46277,46279,720,2,1,600,72.2
45559,46282,46285,723,3,1,600,72.6
45560,46288,46301,728,13,1,600,57.0
45562,46293,46296,731,3,1,600,73.4
45564,46300,46302,736,2,1,600,73.8
45565,46306,46307,741,1,1,600,74.2
45567,46311,46314,744,3,1,600,74.7
45569,46317,46320,748,3,1,600,75.1
45631,46322,46324,691,2,1,600,69.3
45692,46328,46329,636,1,1,600,63.7
45694,46333,46336,639,3,1,600,64.2
45695,46339,46341,644,2,1,600,64.6
45697,46344,46346,647,2,1,600,64.9
45699,46351,46355,652,4,1,600,65.6
45701,46357,46359,656,2,1,600,65.8
45702,46363,46366,661,3,1,600,66.4
45704,46368,46370,664,2,1,600,66.6
45706,46374,46377,668,3,1,600,67.1
45708,46379,46387,671,8,1,600,67.9
45709,46384,46387,675,3,1,600,67.8
45711,46390,46392,679,2,1,600,68.1
45712,46395,46397,683,2,1,600,68.5
45714,46404,46406,690,2,1,600,69.2
45715,46409,46411,694,2,1,600,69.6
45717,46414,46416,697,2,1,600,69.9
45779,46420,46423,641,3,1,600,64.4
45780,46425,46427,645,2,1,600,64.7
45782,46431,46434,649,3,1,600,65.2
45783,46436,46438,653,2,1,600,65.5
45785,46442,46443,657,1,1,600,65.8
45786,46447,46450,661,3,1,600,66.4
45788,46453,46467,665,14,1,600,48.5
45790,46460,46462,670,2,1,600,67.2
45851,46466,46472,615,6,1,600,62.1
45853,46471,46473,618,2,1,600,62.0
45854,46477,46480,623,3,1,600,62.6
45856,46482,46483,626,1,1,600,62.7
45858,46487,46489,629,2,1,600,63.1
45919,46493,46495,574,2,1,600,57.6
45921,46498,46500,577,2,1,600,57.9
45923,46504,46510,581,6,1,600,58.7
45925,46509,46511,584,2,1,600,58.6
45926,46517,46520,591,3,1,600,59.4
45928,46522,46524,594,2,1,600,59.6
45929,46527,46529,598,2,1,600,60.0
45931,46533,46541,602,8,1,600,61.0
45933,46538,46543,605,5,1,600,61.0
45934,46544,46546,610,2,1,600,61.2
45936,46549,46551,613,2,1,600,61.5
45937,46555,46556,618,1,1,600,61.9
45939,46560,46564,621,4,1,600,62.5
45941,46565,46568,624,3,1,600,62.7
45942,46574,46585,632,11,1,600,58.4545454545
45944,46579,46582,635,3,1,600,63.8
45976,46032,50149,56,4117,25,7200,1.01360213748
46005,46584,46586,579,2,1,600,58.1
46007,46590,46592,583,2,1,600,58.5
46009,46595,46597,586,2,1,600,58.8
46010,46601,46603,591,2,1,600,59.3
46072,46606,46608,534,2,1,600,53.6
46074,46612,46618,538,6,1,600,54.4
46075,46617,46619,542,2,1,600,54.4
46077,46623,46624,546,1,1,600,54.7
46078,46630,46633,552,3,1,600,55.5
46080,46635,46637,555,2,1,600,55.7
46082,46641,46642,559,1,1,600,56.0
46144,46646,46649,502,3,1,600,50.5
46146,46651,46654,505,3,1,600,50.8
46147,46657,46659,510,2,1,600,51.2
46149,46662,46664,513,2,1,600,51.5
46150,46668,46674,518,6,1,600,52.4
46152,46673,46675,521,2,1,600,52.3
46154,46678,46680,524,2,1,600,52.6
46155,46686,46691,531,5,1,600,53.6
46157,46692,46698,535,6,1,600,54.1
46158,46697,46699,539,2,1,600,54.1
46160,46703,46704,543,1,1,600,54.4
46161,46708,46710,547,2,1,600,54.9
46163,46714,46715,551,1,1,600,55.2
46165,46719,46720,554,1,1,600,55.5
46166,46724,46727,558,3,1,600,56.1
46228,46730,46732,502,2,1,600,50.4
46229,46736,46739,507,3,1,600,51.0
46231,46743,46745,512,2,1,600,51.4
46233,46749,46751,516,2,1,600,51.8
46234,46754,46756,520,2,1,600,52.2
46236,46760,46762,524,2,1,600,52.6
46237,46765,46767,528,2,1,600,53.0
46239,46771,46773,532,2,1,600,53.4
46240,46776,46779,536,3,1,600,53.9
46242,46782,46784,540,2,1,600,54.2
46243,46787,46789,544,2,1,600,54.6
46245,46793,46794,548,1,1,600,54.9
46246,46801,46803,555,2,1,600,55.7
46248,46806,46808,558,2,1,600,56.0
46250,46812,46814,562,2,1,600,56.4
46311,46818,46820,507,2,1,600,50.9
46313,46823,46825,510,2,1,600,51.2
46314,46828,46830,514,2,1,600,51.6
46316,46834,46835,518,1,1,600,51.9
46318,46839,46848,521,9,1,600,53.0
46320,46845,46847,525,2,1,600,52.7
46321,46850,46852,529,2,1,600,53.1
46323,46857,46860,534,3,1,600,53.7
46325,46863,46865,538,2,1,600,54.0
46327,46868,46870,541,2,1,600,54.3
46328,46874,46875,546,1,1,600,54.7
46330,46879,46881,549,2,1,600,55.1
46332,46885,46887,553,2,1,600,55.5
46333,46890,46892,557,2,1,600,55.9
46395,46896,46900,501,4,1,600,50.5
46396,46901,46904,505,3,1,600,50.8
46398,46909,46913,511,4,1,600,51.5
46400,46915,46916,515,1,1,600,51.6
46402,46921,46923,519,2,1,600,52.1
46403,46926,46928,523,2,1,600,52.5
46405,46932,46943,527,11,1,600,48.9090909091
46406,46937,46939,531,2,1,600,53.3
46408,46943,46946,535,3,1,600,53.8
46410,46948,46950,538,2,1,600,54.0
46411,46954,46956,543,2,1,600,54.5
46413,46959,46962,546,3,1,600,54.9
46414,46967,46975,553,8,1,600,56.1
46415,50550,50689,4135,139,1,1800,30.7482014388
46416,46973,46975,557,2,1,600,55.9
46417,46978,46980,561,2,1,600,56.3
46479,46984,46986,505,2,1,600,50.7
46480,46989,46993,509,4,1,600,51.3
46482,46995,46997,513,2,1,600,51.5
46483,47000,47002,517,2,1,600,51.9
46485,47006,47008,521,2,1,600,52.3
46486,47011,47015,525,4,1,600,52.9
46488,47017,47018,529,1,1,600,53.0
46489,47025,47027,536,2,1,600,53.8
46491,47030,47032,539,2,1,600,54.1
46492,47036,47037,544,1,1,600,54.5
46494,47041,47043,547,2,1,600,54.9
46495,47047,47049,552,2,1,600,55.4
46497,47053,47059,556,6,1,600,56.2
46498,47058,47061,560,3,1,600,56.3
46560,47064,47084,504,20,1,600,26.2
46561,47070,47071,509,1,1,600,51.0
46563,47075,47079,512,4,1,600,51.6
46565,47084,47085,519,1,1,600,52.0
46566,47089,47091,523,2,1,600,52.5
46568,47095,47097,527,2,1,600,52.9
46570,47100,47103,530,3,1,600,53.3
46571,47106,47108,535,2,1,600,53.7
46572,47111,47114,539,3,1,600,54.2
46574,47117,47120,543,3,1,600,54.6
46576,47122,47124,546,2,1,600,54.8
46577,47128,47130,551,2,1,600,55.3
46579,47136,47138,557,2,1,600,55.9
46580,47142,47144,562,2,1,600,56.4
46642,47147,47156,505,9,1,600,51.4
46643,47153,47161,510,8,1,600,51.8
46645,47158,47161,513,3,1,600,51.6
46647,47164,47165,517,1,1,600,51.8
46648,47169,47177,521,8,1,600,52.9
46650,47175,47178,525,3,1,600,52.8
46651,47181,47182,530,1,1,600,53.1
46653,47186,47189,533,3,1,600,53.6
46654,47194,47197,540,3,1,600,54.3
46656,47200,47201,544,1,1,600,54.5
46657,47205,47208,548,3,1,600,55.1
46659,47211,47216,552,5,1,600,55.7
46661,47216,47220,555,4,1,600,55.9
46662,47222,47223,560,1,1,600,56.1
46664,47227,47230,563,3,1,600,56.6
46665,47233,47234,568,1,1,600,56.9
46668,50555,51280,3887,725,1,3600,6.36137931034
46727,47238,47239,511,1,1,600,51.2
46728,47243,47245,515,2,1,600,51.7
46730,47252,47254,522,2,1,600,52.4
46731,47258,47262,527,4,1,600,53.1
46733,47263,47265,530,2,1,600,53.2
46734,47269,47274,535,5,1,600,54.0
46736,47274,47277,538,3,1,600,54.1
46738,47280,47282,542,2,1,600,54.4
46739,47285,47287,546,2,1,600,54.8
46741,47291,47293,550,2,1,600,55.2
46742,47297,47298,555,1,1,600,55.6
46744,47302,47310,558,8,1,600,56.6
46745,47308,47310,563,2,1,600,56.5
46747,47317,47319,570,2,1,600,57.2
46809,47322,47324,513,2,1,600,51.5
46810,47328,47331,518,3,1,600,52.1
46812,47334,47336,522,2,1,600,52.4
46814,47339,47343,525,4,1,600,52.9
46815,47345,47348,530,3,1,600,53.3
46817,47351,47353,534,2,1,600,53.6
46818,47357,47358,539,1,1,600,54.0
46820,47362,47364,542,2,1,600,54.4
46822,47368,47370,546,2,1,600,54.8
46824,47377,47379,553,2,1,600,55.5
46825,47382,47386,557,4,1,600,56.1
46827,47388,47390,561,2,1,600,56.3
46828,47394,47395,566,1,1,600,56.7
46830,47399,47413,569,14,1,600,41.6428571429
46831,47405,47408,574,3,1,600,57.7
46893,47411,47412,518,1,1,600,51.9
46894,47416,47418,522,2,1,600,52.4
46896,47422,47424,526,2,1,600,52.8
46898,47427,47429,529,2,1,600,53.1
46899,47440,47442,541,2,1,600,54.3
46901,47446,47448,545,2,1,600,54.7
46902,47451,47453,549,2,1,600,55.1
46904,47457,47459,553,2,1,600,55.5
46905,47462,47464,557,2,1,600,55.9
46907,47468,47470,561,2,1,600,56.3
46908,47474,47476,566,2,1,600,56.8
46910,47479,47481,569,2,1,600,57.1
46912,47488,47490,576,2,1,600,57.8
46914,47493,47496,579,3,1,600,58.2
46976,47499,47501,523,2,1,600,52.5
46977,47505,47507,528,2,1,600,53.0
46979,47510,47512,531,2,1,600,53.3
46980,47516,47518,536,2,1,600,53.8
46982,47522,47524,540,2,1,600,54.2
46984,47528,47529,544,1,1,600,54.5
46985,47536,47537,551,1,1,600,55.2
46987,47541,47543,554,2,1,600,55.6
46988,47547,47550,559,3,1,600,56.2
46990,47552,47555,562,3,1,600,56.5
46992,47558,47559,566,1,1,600,56.7
46994,47563,47565,569,2,1,600,57.1
46996,47569,47573,573,4,1,600,57.7
46998,47575,47576,577,1,1,600,57.8
46999,47582,47585,583,3,1,600,58.6
47061,47588,47591,527,3,1,600,53.0
47063,47594,47596,531,2,1,600,53.3
47065,47599,47601,534,2,1,600,53.6
47066,47605,47607,539,2,1,600,54.1
47068,47611,47612,543,1,1,600,54.4
47070,47616,47618,546,2,1,600,54.8
47071,47622,47625,551,3,1,600,55.4
47073,47630,47632,557,2,1,600,55.9
47075,47635,47637,560,2,1,600,56.2
47076,47641,47649,565,8,1,600,57.3
47078,47646,47648,568,2,1,600,57.0
47079,47652,47654,573,2,1,600,57.5
47081,47657,47659,576,2,1,600,57.8
47143,47663,47664,520,1,1,600,52.1
47145,47668,47670,523,2,1,600,52.5
47146,47677,47678,531,1,1,600,53.2
47148,47682,47687,534,5,1,600,53.9
47150,47688,47689,538,1,1,600,53.9
47151,47694,47729,543,35,1,600,16.5142857143
47153,47699,47707,546,8,1,600,55.4
47154,47705,47707,551,2,1,600,55.3
47156,47710,47712,554,2,1,600,55.6
47157,47716,47718,559,2,1,600,56.1
47159,47721,47723,562,2,1,600,56.4
47161,47729,47731,568,2,1,600,57.0
47163,47735,47737,572,2,1,600,57.4
47165,47741,47744,576,3,1,600,57.9
47226,47746,47748,520,2,1,600,52.2
47228,47752,47754,524,2,1,600,52.6
47229,47758,47761,529,3,1,600,53.2
47231,47763,47765,532,2,1,600,53.4
47233,47772,47774,539,2,1,600,54.1
47234,47777,47779,543,2,1,600,54.5
47236,47783,47784,547,1,1,600,54.8
47238,47788,47800,550,12,1,600,46.8333333333
47240,47794,47801,554,7,1,600,56.1
47242,47799,47801,557,2,1,600,55.9
47243,47805,47807,562,2,1,600,56.4
47245,47810,47812,565,2,1,600,56.7
47247,47817,47821,570,4,1,600,57.4
47248,47823,47826,575,3,1,600,57.8
47250,47828,47831,578,3,1,600,58.1
47251,47834,47836,583,2,1,600,58.5
47253,47840,47841,587,1,1,600,58.8
47315,47846,47848,531,2,1,600,53.3
47317,47851,47852,534,1,1,600,53.5
47318,47857,47860,539,3,1,600,54.2
47320,47865,47867,545,2,1,600,54.7
47322,47871,47873,549,2,1,600,55.1
47323,47876,47878,553,2,1,600,55.5
47325,47881,47883,556,2,1,600,55.8
47327,47887,47889,560,2,1,600,56.2
47328,47892,47894,564,2,1,600,56.6
47330,47898,47900,568,2,1,600,57.0
47332,47904,47906,572,2,1,600,57.4
47333,47912,47914,579,2,1,600,58.1
47335,47917,47919,582,2,1,600,58.4
47337,47923,47925,586,2,1,600,58.8
47386,47435,119218,49,71783,2,72000,1.00068261287
47398,47929,47930,531,1,1,600,53.2
47400,47934,47936,534,2,1,600,53.6
47402,47940,47943,538,3,1,600,54.1
47403,47945,47947,542,2,1,600,54.4
47405,47951,47953,546,2,1,600,54.8
47406,47959,47961,553,2,1,600,55.5
47408,47965,47966,557,1,1,600,55.8
47410,47970,47973,560,3,1,600,56.3
47411,47976,47979,565,3,1,600,56.8
47413,47982,47983,569,1,1,600,57.0
47415,47987,47990,572,3,1,600,57.5
47416,47993,47999,577,6,1,600,58.3
47478,47998,48000,520,2,1,600,52.2
47479,48006,48011,527,5,1,600,53.2
47481,48012,48014,531,2,1,600,53.3
47483,48018,48023,535,5,1,600,54.0
47484,48023,48025,539,2,1,600,54.1
47486,48029,48030,543,1,1,600,54.4
47488,48034,48036,546,2,1,600,54.8
47489,48040,48042,551,2,1,600,55.3
47491,48046,48048,555,2,1,600,55.7
47493,48054,48057,561,3,1,600,56.4
47494,48060,48062,566,2,1,600,56.8
47496,48065,48072,569,7,1,600,57.6
47498,48071,48073,573,2,1,600,57.5
47500,48077,48079,577,2,1,600,57.9
47561,48083,48084,522,1,1,600,52.3
47563,48088,48092,525,4,1,600,52.9
47565,48094,48096,529,2,1,600,53.1
47566,48102,48103,536,1,1,600,53.7
47568,48108,48110,540,2,1,600,54.2
47570,48113,48116,543,3,1,600,54.6
47572,48119,48126,547,7,1,600,55.4
47573,48125,48127,552,2,1,600,55.4
47575,48130,48132,555,2,1,600,55.7
47577,48136,48138,559,2,1,600,56.1
47578,48142,48145,564,3,1,600,56.7
47580,48150,48152,570,2,1,600,57.2
47581,48155,48157,574,2,1,600,57.6
47583,48161,48162,578,1,1,600,57.9
47585,48166,48170,581,4,1,600,58.5
47647,48172,48174,525,2,1,600,52.7
47649,48178,48179,529,1,1,600,53.0
47651,48183,48185,532,2,1,600,53.4
47652,48189,48190,537,1,1,600,53.8
47654,48197,48200,543,3,1,600,54.6
47656,48203,48204,547,1,1,600,54.8
47658,48208,48210,550,2,1,600,55.2
47660,48214,48216,554,2,1,600,55.6
47661,48220,48223,559,3,1,600,56.2
47663,48225,48227,562,2,1,600,56.4
47665,48231,48232,566,1,1,600,56.7
47666,48236,48238,570,2,1,600,57.2
47668,48245,48247,577,2,1,600,57.9
47670,48250,48252,580,2,1,600,58.2
47671,48256,48265,585,9,1,600,59.4
47733,48262,48268,529,6,1,600,53.5
47735,48268,48271,533,3,1,600,53.6
47736,48273,48275,537,2,1,600,53.9
47738,48279,48282,541,3,1,600,54.4
47740,48285,48286,545,1,1,600,54.6
47742,48290,48292,548,2,1,600,55.0
47743,48298,48305,555,7,1,600,56.2
47745,48303,48311,558,8,1,600,56.6
47747,48309,48311,562,2,1,600,56.4
47748,48315,48316,567,1,1,600,56.8
47750,48320,48322,570,2,1,600,57.2
47751,48326,48327,575,1,1,600,57.6
47753,48331,48334,578,3,1,600,58.1
47755,48337,48338,582,1,1,600,58.3
47817,48345,48347,528,2,1,600,53.0
47819,48351,48354,532,3,1,600,53.5
47821,48356,48358,535,2,1,600,53.7
47822,48362,48368,540,6,1,600,54.6
47824,48367,48369,543,2,1,600,54.5
47826,48373,48375,547,2,1,600,54.9
47827,48378,48381,551,3,1,600,55.4
47829,48384,48386,555,2,1,600,55.7
47830,48392,48394,562,2,1,600,56.4
47832,48398,48400,566,2,1,600,56.8
47834,48403,48405,569,2,1,600,57.1
47836,48409,48411,573,2,1,600,57.5
47838,48414,48416,576,2,1,600,57.8
47839,48420,48422,581,2,1,600,58.3
47901,48426,48430,525,4,1,600,52.9
47903,48431,48433,528,2,1,600,53.0
47905,48439,48440,534,1,1,600,53.5
47907,48444,48447,537,3,1,600,54.0
47909,48450,48458,541,8,1,600,54.9
47911,48456,48458,545,2,1,600,54.7
47913,48461,48464,548,3,1,600,55.1
47915,48467,48469,552,2,1,600,55.4
47916,48472,48474,556,2,1,600,55.8
47918,48477,48479,559,2,1,600,56.1
47920,48486,48487,566,1,1,600,56.7
47922,48491,48494,569,3,1,600,57.2
47924,48497,48499,573,2,1,600,57.5
47925,48502,48504,577,2,1,600,57.9
47927,48508,48510,581,2,1,600,58.3
47989,48514,48517,525,3,1,600,52.8
47990,48519,48522,529,3,1,600,53.2
47992,48525,48529,533,4,1,600,53.7
47994,48533,48535,539,2,1,600,54.1
47995,48538,48540,543,2,1,600,54.5
47997,48544,48547,547,3,1,600,55.0
47999,48549,48551,550,2,1,600,55.2
48001,48555,48558,554,3,1,600,55.7
48003,48560,48562,557,2,1,600,55.9
48004,48566,48567,562,1,1,600,56.3
48006,48571,48575,565,4,1,600,56.9
48007,48579,48582,572,3,1,600,57.5
48009,48585,48586,576,1,1,600,57.7
48011,48590,48592,579,2,1,600,58.1
48073,48596,48599,523,3,1,600,52.6
48074,48601,48603,527,2,1,600,52.9
48076,48607,48609,531,2,1,600,53.3
48078,48613,48615,535,2,1,600,53.7
48080,48619,48622,539,3,1,600,54.2
48082,48627,48629,545,2,1,600,54.7
48084,48633,48636,549,3,1,600,55.2
48085,48639,48641,554,2,1,600,55.6
48087,48645,48646,558,1,1,600,55.9
48089,48650,48653,561,3,1,600,56.4
48090,48656,48661,566,5,1,600,57.1
48092,48661,48664,569,3,1,600,57.2
48094,48667,48669,573,2,1,600,57.5
48095,48686,48687,591,1,1,600,59.2
48157,48691,48693,534,2,1,600,53.6
48159,48697,48702,538,5,1,600,54.3
48161,48703,48705,542,2,1,600,54.4
48162,48709,48711,547,2,1,600,54.9
48164,48714,48716,550,2,1,600,55.2
48166,48720,48722,554,2,1,600,55.6
48168,48726,48728,558,2,1,600,56.0
48169,48745,48747,576,2,1,600,57.8
48171,48751,48758,580,7,1,600,58.7
48173,48757,48759,584,2,1,600,58.6
48174,48763,48765,589,2,1,600,59.1
48176,48769,48770,593,1,1,600,59.4
48178,48774,48776,596,2,1,600,59.8
48179,48780,48783,601,3,1,600,60.4
48181,48786,48790,605,4,1,600,60.9
48243,48800,48802,557,2,1,600,55.9
48245,48805,48809,560,4,1,600,56.4
48246,48811,48813,565,2,1,600,56.7
48248,48817,48819,569,2,1,600,57.1
48249,48822,48824,573,2,1,600,57.5
48251,48828,48831,577,3,1,600,58.0
48253,48834,48836,581,2,1,600,58.3
48255,48839,48842,584,3,1,600,58.7
48257,48848,48850,591,2,1,600,59.3
48259,48854,48855,595,1,1,600,59.6
48260,48859,48861,599,2,1,600,60.1
48262,48865,48867,603,2,1,600,60.5
48264,48871,48872,607,1,1,600,60.8
48325,48876,48880,551,4,1,600,55.5
48327,48882,48885,555,3,1,600,55.8
48328,48887,48889,559,2,1,600,56.1
48330,48896,48898,566,2,1,600,56.8
48332,48901,48903,569,2,1,600,57.1
48333,48907,48910,574,3,1,600,57.7
48335,48913,48916,578,3,1,600,58.1
48337,48918,48920,581,2,1,600,58.3
48338,48925,48927,587,2,1,600,58.9
48340,48930,48932,590,2,1,600,59.2
48342,48936,48938,594,2,1,600,59.6
48344,48944,48947,600,3,1,600,60.3
48345,48950,48952,605,2,1,600,60.7
48347,48955,48958,608,3,1,600,61.1
48348,48961,48962,613,1,1,600,61.4
48410,48966,48969,556,3,1,600,55.9
48412,48972,48983,560,11,1,600,51.9090909091
48414,48977,48979,563,2,1,600,56.5
48415,48983,48985,568,2,1,600,57.0
48417,48990,48992,573,2,1,600,57.5
48418,48996,48999,578,3,1,600,58.1
48420,49002,49005,582,3,1,600,58.5
48422,49008,49011,586,3,1,600,58.9
48423,49013,49017,590,4,1,600,59.4
48425,49019,49022,594,3,1,600,59.7
48427,49025,49027,598,2,1,600,60.0
48429,49033,49035,604,2,1,600,60.6
48430,49039,49045,609,6,1,600,61.5
48432,49044,49046,612,2,1,600,61.4
48494,49050,49052,556,2,1,600,55.8
48495,49056,49058,561,2,1,600,56.3
48497,49061,49065,564,4,1,600,56.8
48498,49067,49073,569,6,1,600,57.5
48500,49073,49079,573,6,1,600,57.9
48501,49081,49083,580,2,1,600,58.2
48503,49087,49089,584,2,1,600,58.6
48505,49093,49095,588,2,1,600,59.0
48506,49098,49101,592,3,1,600,59.5
48508,49104,49106,596,2,1,600,59.8
48510,49110,49111,600,1,1,600,60.1
48512,49116,49117,604,1,1,600,60.5
48513,49121,49123,608,2,1,600,61.0
48515,49129,49131,614,2,1,600,61.6
48516,49134,49137,618,3,1,600,62.1
48578,49140,49142,562,2,1,600,56.4
48580,49146,49148,566,2,1,600,56.8
48581,49152,49153,571,1,1,600,57.2
48583,49157,49160,574,3,1,600,57.7
48585,49163,49164,578,1,1,600,57.9
48587,49169,49171,582,2,1,600,58.4
48588,49177,49179,589,2,1,600,59.1
48590,49183,49186,593,3,1,600,59.6
48592,49189,49191,597,2,1,600,59.9
48594,49194,49197,600,3,1,600,60.3
48596,49200,49203,604,3,1,600,60.7
48598,49206,49207,608,1,1,600,60.9
48599,49211,49214,612,3,1,600,61.5
48601,49217,49219,616,2,1,600,61.8
48664,49223,49225,559,2,1,600,56.1
48665,49231,49233,566,2,1,600,56.8
48667,49237,49240,570,3,1,600,57.3
48669,49243,49247,574,4,1,600,57.8
48670,49248,49250,578,2,1,600,58.0
48671,48734,53538,63,4804,5,9000,1.01311407161
48672,49254,49259,582,5,1,600,58.7
48674,49260,49261,586,1,1,600,58.7
48676,49265,49267,589,2,1,600,59.1
48678,49271,49273,593,2,1,600,59.5
48680,49279,49281,599,2,1,600,60.1
48681,49284,49286,603,2,1,600,60.5
48682,48739,53428,57,4689,5,9000,1.01215611004
48683,49290,49291,607,1,1,600,60.8
48685,49296,49299,611,3,1,600,61.4
48735,52419,57622,3684,5203,5,9000,1.70805304632
48735,48794,54609,59,5815,5,9000,1.01014617369
48748,49301,49307,553,6,1,600,55.9
48749,49307,49308,558,1,1,600,55.9
48751,49312,49317,561,5,1,600,56.6
48753,49318,49320,565,2,1,600,56.7
48755,49326,49328,571,2,1,600,57.3
48757,49332,49334,575,2,1,600,57.7
48759,49338,49339,579,1,1,600,58.0
48760,49343,49346,583,3,1,600,58.6
48763,49349,49351,586,2,1,600,58.8
48764,49355,49357,591,2,1,600,59.3
48766,49361,49364,595,3,1,600,59.8
48798,52582,57884,3784,5302,5,9000,1.71369294606
48829,49366,49370,537,4,1,600,54.1
48831,49374,49377,543,3,1,600,54.6
48834,49380,49382,546,2,1,600,54.8
48836,49386,49387,550,1,1,600,55.1
48837,49391,49393,554,2,1,600,55.6
48839,49397,49399,558,2,1,600,56.0
48840,49403,49405,563,2,1,600,56.5
48842,49408,49410,566,2,1,600,56.8
48844,49414,49416,570,2,1,600,57.2
48846,49422,49423,576,1,1,600,57.7
48848,49428,49430,580,2,1,600,58.2
48850,49433,49436,583,3,1,600,58.6
48852,49439,49441,587,2,1,600,58.9
48914,49445,49446,531,1,1,600,53.2
48915,49451,49452,536,1,1,600,53.7
48917,49456,49460,539,4,1,600,54.3
48919,49462,49464,543,2,1,600,54.5
48921,49470,49472,549,2,1,600,55.1
48922,49476,49477,554,1,1,600,55.5
48924,49481,49484,557,3,1,600,56.0
48926,49487,49489,561,2,1,600,56.3
48927,49493,49495,566,2,1,600,56.8
48929,49498,49501,569,3,1,600,57.2
48931,49504,49507,573,3,1,600,57.6
48933,49509,49512,576,3,1,600,57.9
48935,49518,49520,583,2,1,600,58.5
48937,49524,49527,587,3,1,600,59.0
48938,49529,49531,591,2,1,600,59.3
49000,49535,49537,535,2,1,600,53.7
49002,49540,49543,538,3,1,600,54.1
49004,49546,49548,542,2,1,600,54.4
49005,49552,49553,547,1,1,600,54.8
49007,49557,49559,550,2,1,600,55.2
49009,49566,49568,557,2,1,600,55.9
49011,49572,49574,561,2,1,600,56.3
49013,49578,49579,565,1,1,600,56.6
49015,49583,49585,568,2,1,600,57.0
49016,49589,49590,573,1,1,600,57.4
49018,49595,49597,577,2,1,600,57.9
49020,49600,49603,580,3,1,600,58.3
49022,49606,49608,584,2,1,600,58.6
49024,49612,49613,588,1,1,600,58.9
49085,49620,49622,535,2,1,600,53.7
49087,49626,49630,539,4,1,600,54.3
49089,49632,49634,543,2,1,600,54.5
49090,49638,49640,548,2,1,600,55.0
49092,49644,49646,552,2,1,600,55.4
49094,49649,49651,555,2,1,600,55.7
49096,49655,49657,559,2,1,600,56.1
49098,49661,49663,563,2,1,600,56.5
49100,49669,49670,569,1,1,600,57.0
49102,49675,49676,573,1,1,600,57.4
49104,49680,49682,576,2,1,600,57.8
49106,49686,49688,580,2,1,600,58.2
49108,49692,49694,584,2,1,600,58.6
49109,49697,49699,588,2,1,600,59.0
49171,49703,49706,532,3,1,600,53.5
49173,49709,49711,536,2,1,600,53.8
49174,49717,49720,543,3,1,600,54.6
49176,49723,49726,547,3,1,600,55.0
49177,49729,49730,552,1,1,600,55.3
49179,49734,49737,555,3,1,600,55.8
49181,49740,49742,559,2,1,600,56.1
49182,49746,49748,564,2,1,600,56.6
49184,49751,49753,567,2,1,600,56.9
49186,49757,49758,571,1,1,600,57.2
49187,49765,49769,578,4,1,600,58.2
49189,49771,49774,582,3,1,600,58.5
49191,49777,49778,586,1,1,600,58.7
49193,49783,49784,590,1,1,600,59.1
49255,49788,49791,533,3,1,600,53.6
49256,49794,49796,538,2,1,600,54.0
49258,49800,49802,542,2,1,600,54.4
49260,49806,49807,546,1,1,600,54.7
49262,49814,49816,552,2,1,600,55.4
49264,49820,49822,556,2,1,600,55.8
49266,49825,49837,559,12,1,600,47.5833333333
49268,49831,49834,563,3,1,600,56.6
49270,49836,49839,566,3,1,600,56.9
49272,49842,49844,570,2,1,600,57.2
49274,49848,49850,574,2,1,600,57.6
49276,49854,49856,578,2,1,600,58.0
49278,49862,49864,584,2,1,600,58.6
49280,49868,49870,588,2,1,600,59.0
49281,49874,49875,593,1,1,600,59.4
49343,49879,49881,536,2,1,600,53.8
49345,49885,49893,540,8,1,600,54.8
49347,49891,49893,544,2,1,600,54.6
49348,49897,49908,549,11,1,600,50.9090909091
49350,49903,49904,553,1,1,600,55.4
49352,49911,49913,559,2,1,600,56.1
49355,49917,49919,562,2,1,600,56.4
49356,49923,49924,567,1,1,600,56.8
49358,49928,49937,570,9,1,600,57.9
49360,49934,49936,574,2,1,600,57.6
49362,49940,49942,578,2,1,600,58.0
49364,49946,49948,582,2,1,600,58.4
49365,49952,49954,587,2,1,600,58.9
49367,49961,49963,594,2,1,600,59.6
49429,49966,49979,537,13,1,600,42.3076923077
49431,49972,49974,541,2,1,600,54.3
49433,49978,49979,545,1,1,600,54.6
49435,49984,49985,549,1,1,600,55.0
49437,49989,49991,552,2,1,600,55.4
49439,49995,49998,556,3,1,600,55.9
49441,50001,50002,560,1,1,600,56.1
49442,50009,50014,567,5,1,600,57.2
49445,50015,50017,570,2,1,600,57.2
49446,50020,50023,574,3,1,600,57.7
49448,50026,50028,578,2,1,600,58.0
49450,50032,50033,582,1,1,600,58.3
49452,50038,50040,586,2,1,600,58.8
49453,50043,50047,590,4,1,600,59.4
49455,50049,50052,594,3,1,600,59.7
49517,50057,50059,540,2,1,600,54.2
49519,50063,50064,544,1,1,600,54.5
49521,50068,50070,547,2,1,600,54.9
49522,50074,50076,552,2,1,600,55.4
49524,50080,50083,556,3,1,600,55.9
49526,50085,50088,559,3,1,600,56.2
49527,50091,50093,564,2,1,600,56.6
49529,50097,50102,568,5,1,600,57.3
49531,50105,50109,574,4,1,600,57.8
49532,50110,50115,578,5,1,600,58.3
49534,50116,50118,582,2,1,600,58.4
49536,50122,50124,586,2,1,600,58.8
49537,50128,50131,591,3,1,600,59.4
49539,50133,50135,594,2,1,600,59.6
49600,50139,50140,539,1,1,600,54.0
49602,50145,50147,543,2,1,600,54.5
49604,50153,50164,549,11,1,600,50.9090909091
49606,50159,50162,553,3,1,600,55.6
49607,50164,50166,557,2,1,600,55.9
49609,50170,50199,561,29,1,600,20.3448275862
49611,50176,50177,565,1,1,600,56.6
49612,50181,50183,569,2,1,600,57.1
49614,50187,50190,573,3,1,600,57.6
49616,50193,50195,577,2,1,600,57.9
49618,50198,50200,580,2,1,600,58.2
49619,50207,50209,588,2,1,600,59.0
49622,50213,50215,591,2,1,600,59.3
49623,50219,50221,596,2,1,600,59.8
49685,50225,50227,540,2,1,600,54.2
49687,50231,50233,544,2,1,600,54.6
49689,50237,50239,548,2,1,600,55.0
49690,50243,50245,553,2,1,600,55.5
49693,50249,50250,556,1,1,600,55.7
49694,50254,50256,560,2,1,600,56.2
49696,50260,50264,564,4,1,600,56.8
49698,50266,50267,568,1,1,600,56.9
49700,50271,50273,571,2,1,600,57.3
49701,50277,50279,576,2,1,600,57.8
49703,50283,50286,580,3,1,600,58.3
49705,50289,50293,584,4,1,600,58.8
49706,50294,50297,588,3,1,600,59.1
49708,50300,50302,592,2,1,600,59.4
49770,50306,50309,536,3,1,600,53.9
49772,50311,50313,539,2,1,600,54.1
49774,50317,50319,543,2,1,600,54.5
49775,50323,50324,548,1,1,600,54.9
49777,50329,50330,552,1,1,600,55.3
49779,50334,50338,555,4,1,600,55.9
49780,50340,50342,560,2,1,600,56.2
49782,50346,50348,564,2,1,600,56.6
49784,50397,50399,613,2,1,600,61.5
49785,50403,50406,618,3,1,600,62.1
49787,50409,50410,622,1,1,600,62.3
49789,50415,50417,626,2,1,600,62.8
49791,50420,50423,629,3,1,600,63.2
49792,50426,50431,634,5,1,600,63.9
49854,50432,50434,578,2,1,600,58.0
49856,50438,50450,582,12,1,600,49.5
49858,50444,50446,586,2,1,600,58.8
49859,50450,50453,591,3,1,600,59.4
49861,50455,50457,594,2,1,600,59.6
49863,50461,50463,598,2,1,600,60.0
49865,50467,50471,602,4,1,600,60.6
49867,50473,50475,606,2,1,600,60.8
49869,50479,50481,610,2,1,600,61.2
49871,50485,50493,614,8,1,600,62.2
49872,50491,50495,619,4,1,600,62.3
49875,50496,50498,621,2,1,600,62.3
49876,50502,50504,626,2,1,600,62.8
49878,50508,50512,630,4,1,600,63.4
49941,50514,50516,573,2,1,600,57.5
49942,50520,50530,578,10,1,600,58.8
49944,50526,50528,582,2,1,600,58.4
49946,50532,50534,586,2,1,600,58.8
49948,50538,50540,590,2,1,600,59.2
49949,50578,50582,629,4,1,600,63.3
49951,50584,50586,633,2,1,600,63.5
49953,50590,50592,637,2,1,600,63.9
49954,50596,50597,642,1,1,600,64.3
49956,50602,50603,646,1,1,600,64.7
49958,50607,50609,649,2,1,600,65.1
49960,50613,50616,653,3,1,600,65.6
49962,50619,50620,657,1,1,600,65.8
49964,50625,50627,661,2,1,600,66.3
50026,50630,50632,604,2,1,600,60.6
50028,50636,50639,608,3,1,600,61.1
50029,50642,50644,613,2,1,600,61.5
50031,50648,50650,617,2,1,600,61.9
50033,50654,50662,621,8,1,600,62.9
50035,50660,50662,625,2,1,600,62.7
50036,50665,50680,629,15,1,600,42.9333333333
50038,50671,50675,633,4,1,600,63.7
50039,50677,50679,638,2,1,600,64.0
50041,50683,50685,642,2,1,600,64.4
50043,50689,50693,646,4,1,600,65.0
50045,50695,50696,650,1,1,600,65.1
50046,50700,50703,654,3,1,600,65.7
50048,50706,50710,658,4,1,600,66.2
50110,50712,50714,602,2,1,600,60.4
50111,50718,50720,607,2,1,600,60.9
50113,50729,50731,616,2,1,600,61.8
50115,50735,50737,620,2,1,600,62.2
50117,50740,50742,623,2,1,600,62.5
50119,50746,50749,627,3,1,600,63.0
50120,50752,50754,632,2,1,600,63.4
50122,50758,50759,636,1,1,600,63.7
50124,50764,50767,640,3,1,600,64.3
50125,50770,50773,645,3,1,600,64.8
50127,50775,50777,648,2,1,600,65.0
50129,50781,50783,652,2,1,600,65.4
50130,50787,50791,657,4,1,600,66.1
50132,50793,50795,661,2,1,600,66.3
50194,50799,50800,605,1,1,600,60.6
50195,50805,50806,610,1,1,600,61.1
50197,50811,50812,614,1,1,600,61.5
50200,50817,50819,617,2,1,600,61.9
50202,50822,50824,620,2,1,600,62.2
50205,50828,50830,623,2,1,600,62.5
50206,50834,50843,628,9,1,600,63.7
50208,50840,50853,632,13,1,600,49.6153846154
50210,50846,50847,636,1,1,600,63.7
50212,50851,50855,639,4,1,600,64.3
50214,50857,50859,643,2,1,600,64.5
50216,50863,50867,647,4,1,600,65.1
50217,50869,50886,652,17,1,600,39.3529411765
50219,50885,50887,666,2,1,600,66.8
50281,50891,50894,610,3,1,600,61.3
50282,50897,50898,615,1,1,600,61.6
50284,50903,50905,619,2,1,600,62.1
50286,50909,50911,623,2,1,600,62.5
50288,50914,50918,626,4,1,600,63.0
50290,50920,50922,630,2,1,600,63.2
50292,50926,50928,634,2,1,600,63.6
50293,50932,50934,639,2,1,600,64.1
50295,50938,50941,643,3,1,600,64.6
50297,50944,50945,647,1,1,600,64.8
50299,50949,50951,650,2,1,600,65.2
50301,50955,50957,654,2,1,600,65.6
50303,50961,50963,658,2,1,600,66.0
50304,50967,50969,663,2,1,600,66.5
50306,50973,50976,667,3,1,600,67.0
50308,50979,50981,671,2,1,600,67.3
50370,50985,50993,615,8,1,600,62.3
50371,50990,50999,619,9,1,600,62.8
50373,50996,51000,623,4,1,600,62.7
50375,51002,51003,627,1,1,600,62.8
50377,51007,51009,630,2,1,600,63.2
50379,51013,51014,634,1,1,600,63.5
50381,51019,51020,638,1,1,600,63.9
50383,51024,51029,641,5,1,600,64.6
50445,51036,51038,591,2,1,600,59.3
50447,51042,51046,595,4,1,600,59.9
50448,51048,51049,600,1,1,600,60.1
50451,51053,51055,602,2,1,600,60.4
50452,51059,51062,607,3,1,600,61.0
50454,51065,51067,611,2,1,600,61.3
50456,51071,51073,615,2,1,600,61.7
50457,51077,51080,620,3,1,600,62.3
50459,51083,51084,624,1,1,600,62.5
50461,51088,51090,627,2,1,600,62.9
50523,51094,51096,571,2,1,600,57.3
50525,51100,51101,575,1,1,600,57.6
50526,51106,51108,580,2,1,600,58.2
50528,51112,51119,584,7,1,600,59.1
50530,51118,51120,588,2,1,600,59.0
50531,51123,51126,592,3,1,600,59.5
50533,51129,51131,596,2,1,600,59.8
50535,51135,51137,600,2,1,600,60.2
50537,51141,51143,604,2,1,600,60.6
50539,51147,51150,608,3,1,600,61.1
50541,51153,51155,612,2,1,600,61.4
50543,51159,51160,616,1,1,600,61.7
50545,51164,51166,619,2,1,600,62.1
50547,51170,51172,623,2,1,600,62.5
50549,51176,51188,627,12,1,600,53.25
50611,51193,51196,582,3,1,600,58.5
50613,51198,51201,585,3,1,600,58.8
50615,51204,51206,589,2,1,600,59.1
50617,51210,51212,593,2,1,600,59.5
50619,51216,51218,597,2,1,600,59.9
50621,51222,51225,601,3,1,600,60.4
50623,51228,51238,605,10,1,600,61.5
50686,51234,51235,548,1,1,600,54.9
50688,51239,51246,551,7,1,600,55.8
50690,51245,51248,555,3,1,600,55.8
50692,51251,51253,559,2,1,600,56.1
50694,51257,51259,563,2,1,600,56.5
50696,51263,51265,567,2,1,600,56.9
50698,51269,51272,571,3,1,600,57.4
50699,51274,51277,575,3,1,600,57.8
50702,51280,51284,578,4,1,600,58.2
50704,51286,51289,582,3,1,600,58.5
50705,51292,51294,587,2,1,600,58.9
50707,51298,51299,591,1,1,600,59.2
50709,51304,51307,595,3,1,600,59.8
50711,51310,51312,599,2,1,600,60.1
50713,51315,51318,602,3,1,600,60.5
50775,51321,51329,546,8,1,600,55.4
50777,51327,51329,550,2,1,600,55.2
50779,51333,51335,554,2,1,600,55.6
50781,51343,51345,562,2,1,600,56.4
50782,51349,51352,567,3,1,600,57.0
50784,51355,51357,571,2,1,600,57.3
50786,51360,51362,574,2,1,600,57.6
50788,51366,51368,578,2,1,600,58.0
50790,51372,51375,582,3,1,600,58.5
50792,51378,51379,586,1,1,600,58.7
50794,51384,51388,590,4,1,600,59.4
50796,51390,51391,594,1,1,600,59.5
50797,51395,51397,598,2,1,600,60.0
50799,51401,51403,602,2,1,600,60.4
50801,51407,51409,606,2,1,600,60.8
50863,51413,51415,550,2,1,600,55.2
50864,51419,51429,555,10,1,600,56.5
50866,51425,51429,559,4,1,600,56.3
50868,51431,51433,563,2,1,600,56.5
50870,51437,51439,567,2,1,600,56.9
50871,51442,51444,571,2,1,600,57.3
50873,51448,51450,575,2,1,600,57.7
50875,51454,51456,579,2,1,600,58.1
50877,51460,51470,583,10,1,600,59.3
50878,51466,51468,588,2,1,600,59.0
50881,51472,51474,591,2,1,600,59.3
50883,51477,51497,594,20,1,600,30.7
50945,51483,51486,538,3,1,600,54.1
50946,51500,51502,554,2,1,600,55.6
50948,51506,51507,558,1,1,600,55.9
50950,51511,51513,561,2,1,600,56.3
50952,51517,51524,565,7,1,600,57.2
50954,51523,51525,569,2,1,600,57.1
50957,51529,51531,572,2,1,600,57.4
50959,51535,51537,576,2,1,600,57.8
50961,51540,51544,579,4,1,600,58.3
50962,51546,51549,584,3,1,600,58.7
50965,51552,51554,587,2,1,600,58.9
50966,51558,51561,592,3,1,600,59.5
50968,51564,51565,596,1,1,600,59.7
50970,51569,51573,599,4,1,600,60.3
50972,51575,51577,603,2,1,600,60.5
50974,51182,51294,208,112,1,1800,2.85714285714
51034,51581,51583,547,2,1,600,54.9
51036,51587,51591,551,4,1,600,55.5
51038,51593,51596,555,3,1,600,55.8
51039,51599,51600,560,1,1,600,56.1
51041,51605,51606,564,1,1,600,56.5
51043,51610,51612,567,2,1,600,56.9
51045,51616,51618,571,2,1,600,57.3
51047,51622,51624,575,2,1,600,57.7
51049,51628,51636,579,8,1,600,58.7
51050,51634,51636,584,2,1,600,58.6
51052,51640,51641,588,1,1,600,58.9
51055,51651,51653,596,2,1,600,59.8
51056,51656,51659,600,3,1,600,60.3
51058,51662,51665,604,3,1,600,60.7
51122,51668,51680,546,12,1,600,46.5
51123,51674,51677,551,3,1,600,55.4
51125,51680,51683,555,3,1,600,55.8
51127,51686,51690,559,4,1,600,56.3
51128,51692,51693,564,1,1,600,56.5
51130,51698,51700,568,2,1,600,57.0
51132,51703,51711,571,8,1,600,57.9
51134,51709,51711,575,2,1,600,57.7
51136,51715,51723,579,8,1,600,58.7
51138,51721,51723,583,2,1,600,58.5
51140,51727,51732,587,5,1,600,59.2
51142,51732,51734,590,2,1,600,59.2
51144,51738,51740,594,2,1,600,59.6
51146,51744,51746,598,2,1,600,60.0
51148,51750,51753,602,3,1,600,60.5
51150,51756,51765,606,9,1,600,61.5
51212,51762,51764,550,2,1,600,55.2
51215,51768,51769,553,1,1,600,55.4
51217,51773,51775,556,2,1,600,55.8
51219,51779,51781,560,2,1,600,56.2
51221,51785,51787,564,2,1,600,56.6
51223,51791,51793,568,2,1,600,57.0
51225,51802,51810,577,8,1,600,58.5
51227,51807,51810,580,3,1,600,58.3
51229,51813,51815,584,2,1,600,58.6
51231,51819,51821,588,2,1,600,59.0
51232,51825,51827,593,2,1,600,59.5
51235,51831,51834,596,3,1,600,59.9
51297,51837,51840,540,3,1,600,54.3
51299,51843,51844,544,1,1,600,54.5
51300,51489,51869,189,380,1,1800,1.49736842105
51301,51849,51851,548,2,1,600,55.0
51303,51854,51857,551,3,1,600,55.4
51307,51860,51862,553,2,1,600,55.5
51308,51866,51902,558,36,1,600,16.5
51311,51872,51874,561,2,1,600,56.3
51313,51878,51881,565,3,1,600,56.8
51314,51884,51886,570,2,1,600,57.2
51317,51890,51892,573,2,1,600,57.5
51318,51896,51897,578,1,1,600,57.9
51320,51901,51904,581,3,1,600,58.4
51322,51907,51910,585,3,1,600,58.8
51325,51913,51916,588,3,1,600,59.1
51327,51919,51922,592,3,1,600,59.5
51329,51925,51927,596,2,1,600,59.8
51391,51931,51933,540,2,1,600,54.2
51393,51937,51946,544,9,1,600,55.3
51395,51942,51944,547,2,1,600,54.9
51397,51954,51955,557,1,1,600,55.8
51399,51960,51961,561,1,1,600,56.2
51400,51966,51979,566,13,1,600,44.5384615385
51403,51971,51973,568,2,1,600,57.0
51405,51977,51983,572,6,1,600,57.8
51407,51983,51985,576,2,1,600,57.8
51409,51989,51990,580,1,1,600,58.1
51411,51995,51997,584,2,1,600,58.6
51413,52000,52002,587,2,1,600,58.9
51415,52006,52010,591,4,1,600,59.5
51417,52012,52017,595,5,1,600,60.0
51419,52018,52020,599,2,1,600,60.1
51421,52024,52029,603,5,1,600,60.8
51482,52030,52032,548,2,1,600,55.0
51485,52035,52037,550,2,1,600,55.2
51486,52041,52043,555,2,1,600,55.7
51488,52047,52054,559,7,1,600,56.6
51490,52053,52056,563,3,1,600,56.6
51492,52059,52060,567,1,1,600,56.8
51495,52064,52070,569,6,1,600,57.5
51497,52070,52073,573,3,1,600,57.6
51499,52076,52079,577,3,1,600,58.0
51501,52082,52084,581,2,1,600,58.3
51503,52088,52090,585,2,1,600,58.7
51504,52093,52096,589,3,1,600,59.2
51566,52110,52117,544,7,1,600,55.1
51568,52116,52118,548,2,1,600,55.0
51570,52122,52124,552,2,1,600,55.4
51571,52128,52131,557,3,1,600,56.0
51573,52134,52137,561,3,1,600,56.4
51575,52140,52142,565,2,1,600,56.7
51577,52145,52147,568,2,1,600,57.0
51578,52151,52154,573,3,1,600,57.6
51580,52157,52159,577,2,1,600,57.9
51582,52163,52171,581,8,1,600,58.9
51584,52169,52177,585,8,1,600,59.3
51586,52174,52177,588,3,1,600,59.1
51587,52180,52182,593,2,1,600,59.5
51589,52186,52188,597,2,1,600,59.9
51591,52192,52196,601,4,1,600,60.5
51653,52198,52200,545,2,1,600,54.7
51654,52204,52206,550,2,1,600,55.2
51656,52210,52211,554,1,1,600,55.5
51658,52216,52218,558,2,1,600,56.0
51660,52222,52224,562,2,1,600,56.4
51661,52227,52229,566,2,1,600,56.8
51663,52233,52235,570,2,1,600,57.2
51665,52239,52241,574,2,1,600,57.6
51667,52245,52248,578,3,1,600,58.1
51668,52251,52254,583,3,1,600,58.6
51670,52262,52264,592,2,1,600,59.4
51672,52268,52269,596,1,1,600,59.7
51673,52273,52275,600,2,1,600,60.2
51735,52279,52283,544,4,1,600,54.8
51737,52285,52288,548,3,1,600,55.1
51739,52291,52293,552,2,1,600,55.4
51741,52297,52299,556,2,1,600,55.8
51743,52303,52306,560,3,1,600,56.3
51745,52309,52311,564,2,1,600,56.6
51747,52315,52316,568,1,1,600,56.9
51749,52320,52322,571,2,1,600,57.3
51751,52326,52330,575,4,1,600,57.9
51753,52332,52334,579,2,1,600,58.1
51755,52338,52341,583,3,1,600,58.6
51757,52344,52346,587,2,1,600,58.9
51759,52350,52351,591,1,1,600,59.2
51761,52356,52387,595,31,1,600,20.1935483871
51763,52362,52364,599,2,1,600,60.1
51825,52368,52370,543,2,1,600,54.5
51827,52374,52376,547,2,1,600,54.9
51828,52379,52381,551,2,1,600,55.3
51830,52385,52387,555,2,1,600,55.7
51832,52391,52394,559,3,1,600,56.2
51834,52397,52400,563,3,1,600,56.6
51836,52403,52405,567,2,1,600,56.9
51838,52426,52427,588,1,1,600,58.9
51840,52432,52434,592,2,1,600,59.4
51842,52437,52439,595,2,1,600,59.7
51844,52443,52446,599,3,1,600,60.2
51846,52449,52451,603,2,1,600,60.5
51847,52455,52457,608,2,1,600,61.0
51850,52461,52462,611,1,1,600,61.2
51851,52467,52468,616,1,1,600,61.7
51853,52100,52499,247,399,1,1800,1.61904761905
51915,52472,52474,557,2,1,600,55.9
51916,52478,52483,562,5,1,600,56.7
51918,52484,52487,566,3,1,600,56.9
51920,52490,52492,570,2,1,600,57.2
51922,52496,52508,574,12,1,600,48.8333333333
51923,52502,52504,579,2,1,600,58.1
51925,52507,52511,582,4,1,600,58.6
51928,52513,52516,585,3,1,600,58.8
51929,52519,52521,590,2,1,600,59.2
51932,52525,52527,593,2,1,600,59.5
51934,52531,52533,597,2,1,600,59.9
51935,52537,52539,602,2,1,600,60.4
51938,52543,52544,605,1,1,600,60.6
51940,52548,52550,608,2,1,600,61.0
51941,52554,52556,613,2,1,600,61.5
52005,52560,52562,555,2,1,600,55.7
52006,52566,52568,560,2,1,600,56.2
52008,52588,52591,580,3,1,600,58.3
52010,52594,52598,584,4,1,600,58.8
52012,52600,52602,588,2,1,600,59.0
52013,52606,52609,593,3,1,600,59.6
52015,52612,52613,597,1,1,600,59.8
52017,52618,52620,601,2,1,600,60.3
52019,52624,52634,605,10,1,600,61.5
52021,52630,52631,609,1,1,600,61.0
52023,52635,52638,612,3,1,600,61.5
52025,52641,52643,616,2,1,600,61.8
52027,52647,52649,620,2,1,600,62.2
52028,52653,52655,625,2,1,600,62.7
52090,52659,52661,569,2,1,600,57.1
52092,52665,52669,573,4,1,600,57.7
52094,52671,52673,577,2,1,600,57.9
52095,52677,52679,582,2,1,600,58.4
52097,52683,52684,586,1,1,600,58.7
52099,52689,52690,590,1,1,600,59.1
52101,52694,52699,593,5,1,600,59.8
52103,52700,52703,597,3,1,600,60.0
52106,52706,52730,600,24,1,600,26.0
52108,52712,52714,604,2,1,600,60.6
52110,52718,52732,608,14,1,600,44.4285714286
52112,52724,52725,612,1,1,600,61.3
52113,52730,52732,617,2,1,600,61.9
52160,52409,52531,249,122,1,3600,3.04098360656
52176,52758,52760,582,2,1,600,58.4
52178,52764,52765,586,1,1,600,58.7
52179,52770,52771,591,1,1,600,59.2
52181,52776,52779,595,3,1,600,59.8
52184,52782,52783,598,1,1,600,59.9
52186,52788,52789,602,1,1,600,60.3
52187,52794,52801,607,7,1,600,61.4
52190,52800,52802,610,2,1,600,61.2
52192,52806,52816,614,10,1,600,62.4
52194,52811,52814,617,3,1,600,62.0
52196,52817,52820,621,3,1,600,62.4
52197,52823,52825,626,2,1,600,62.8
52199,52829,52835,630,6,1,600,63.6
52201,52835,52837,634,2,1,600,63.6
52203,52841,52842,638,1,1,600,63.9
52265,52847,52851,582,4,1,600,58.6
52267,52853,52854,586,1,1,600,58.7
52269,52858,52860,589,2,1,600,59.1
52271,52864,52866,593,2,1,600,59.5
52272,52870,52872,598,2,1,600,60.0
52275,52876,52879,601,3,1,600,60.4
52277,52882,52884,605,2,1,600,60.7
52278,52888,52889,610,1,1,600,61.1
52281,52894,52897,613,3,1,600,61.6
52282,52900,52904,618,4,1,600,62.2
52284,52928,52930,644,2,1,600,64.6
52287,52934,52936,647,2,1,600,64.9
52289,52940,52941,651,1,1,600,65.2
52291,52946,52949,655,3,1,600,65.8
52353,52952,52956,599,4,1,600,60.3
52354,52958,52961,604,3,1,600,60.7
52356,52964,52965,608,1,1,600,60.9
52358,52969,52972,611,3,1,600,61.4
52360,52975,52977,615,2,1,600,61.7
52361,52981,52983,620,2,1,600,62.2
52363,52987,52989,624,2,1,600,62.6
52365,52993,53003,628,10,1,600,63.8
52367,52999,53000,632,1,1,600,63.3
52369,53005,53009,636,4,1,600,64.0
52371,53010,53012,639,2,1,600,64.1
52373,53016,53018,643,2,1,600,64.5
52376,53022,53024,646,2,1,600,64.8
52377,53028,53030,651,2,1,600,65.3
52424,52576,57232,152,4656,5,9000,1.03264604811
52424,52736,52857,312,121,1,3600,3.57851239669
52439,53034,53036,595,2,1,600,59.7
52441,53040,53042,599,2,1,600,60.1
52443,53046,53057,603,11,1,600,55.8181818182
52446,53051,53055,605,4,1,600,60.9
52447,53057,53059,610,2,1,600,61.2
52449,53063,53066,614,3,1,600,61.7
52451,53069,53071,618,2,1,600,62.0
52454,53091,53094,637,3,1,600,64.0
52456,53097,53098,641,1,1,600,64.2
52458,53103,53106,645,3,1,600,64.8
52460,53109,53121,649,12,1,600,55.0833333333
52462,53115,53116,653,1,1,600,65.4
52464,53121,53122,657,1,1,600,65.8
52527,53126,53129,599,3,1,600,60.2
52528,53132,53134,604,2,1,600,60.6
52530,53138,53144,608,6,1,600,61.4
52533,53144,53147,611,3,1,600,61.4
52534,53150,53152,616,2,1,600,61.8
52536,53156,53157,620,1,1,600,62.1
52538,53162,53163,624,1,1,600,62.5
52540,53167,53169,627,2,1,600,62.9
52542,53173,53177,631,4,1,600,63.5
52544,53179,53182,635,3,1,600,63.8
52546,53185,53187,639,2,1,600,64.1
52547,53191,53195,644,4,1,600,64.8
52550,53197,53199,647,2,1,600,64.9
52552,53203,53206,651,3,1,600,65.4
52553,53209,53210,656,1,1,600,65.7
52581,52746,57259,165,4513,5,9000,1.03656104587
52582,52752,58324,170,5572,5,9000,1.03050969131
52616,53215,53216,599,1,1,600,60.0
52619,53220,53223,601,3,1,600,60.4
52621,53226,53229,605,3,1,600,60.8
52623,53232,53239,609,7,1,600,61.6
52625,53255,53257,630,2,1,600,63.2
52627,53261,53263,634,2,1,600,63.6
52629,53267,53269,638,2,1,600,64.0
52631,53273,53274,642,1,1,600,64.3
52633,53279,53283,646,4,1,600,65.0
52634,53284,53286,650,2,1,600,65.2
52697,53290,53292,593,2,1,600,59.5
52699,53296,53298,597,2,1,600,59.9
52701,53302,53307,601,5,1,600,60.6
52702,52905,53199,203,294,1,3600,1.69047619048
52702,53308,53312,606,4,1,600,61.0
52704,53314,53315,610,1,1,600,61.1
52706,53320,53322,614,2,1,600,61.6
52708,53325,53327,617,2,1,600,61.9
52709,53331,53335,622,4,1,600,62.6
52711,53337,53361,626,24,1,600,27.0833333333
52713,53343,53352,630,9,1,600,63.9
52715,53349,53352,634,3,1,600,63.7
52717,53355,53357,638,2,1,600,64.0
52719,53361,53362,642,1,1,600,64.3
52721,53367,53377,646,10,1,600,65.6
52723,53372,53374,649,2,1,600,65.1
52747,52916,57400,169,4484,5,9000,1.03768956289
52748,52922,57322,174,4400,5,9000,1.03954545455
52785,53378,53381,593,3,1,600,59.6
52786,53384,53386,598,2,1,600,60.0
52788,53390,53392,602,2,1,600,60.4
52790,53396,53397,606,1,1,600,60.7
52791,53407,53409,616,2,1,600,61.8
52793,53413,53414,620,1,1,600,62.1
52795,53418,53420,623,2,1,600,62.5
52797,53424,53428,627,4,1,600,63.1
52799,53430,53433,631,3,1,600,63.4
52801,53436,53438,635,2,1,600,63.7
52863,53442,53444,579,2,1,600,58.1
52866,53448,53449,582,1,1,600,58.3
52867,53453,53455,586,2,1,600,58.8
52869,53459,53462,590,3,1,600,59.3
52872,53465,53467,593,2,1,600,59.5
52873,53471,53472,598,1,1,600,59.9
52875,53477,53480,602,3,1,600,60.5
52877,53483,53485,606,2,1,600,60.8
52879,53489,53490,610,1,1,600,61.1
52881,53494,53497,613,3,1,600,61.6
52883,53500,53502,617,2,1,600,61.9
52885,53506,53508,621,2,1,600,62.3
52887,53512,53517,625,5,1,600,63.0
52889,53518,53520,629,2,1,600,63.1
52891,53524,53526,633,2,1,600,63.5
52893,53530,53531,637,1,1,600,63.8
52913,53079,58848,166,5769,5,9000,1.02877448431
52924,53085,57723,161,4638,5,9000,1.03471323846
52955,53536,53538,581,2,1,600,58.3
52957,53541,53567,584,26,1,600,23.4615384615
52959,53547,53551,588,4,1,600,59.2
52961,53571,53577,610,6,1,600,61.6
52963,53577,53579,614,2,1,600,61.6
52965,53583,53585,618,2,1,600,62.0
52967,53589,53603,622,14,1,600,45.4285714286
52969,53595,53598,626,3,1,600,62.9
52971,53601,53602,630,1,1,600,63.1
52973,53606,53608,633,2,1,600,63.5
53022,53238,53538,216,300,1,3600,1.72
53036,53612,53617,576,5,1,600,58.1
53037,53618,53620,581,2,1,600,58.3
53039,53624,53628,585,4,1,600,58.9
53041,53630,53632,589,2,1,600,59.1
53043,53636,53638,593,2,1,600,59.5
53045,53642,53655,597,13,1,600,46.9230769231
53047,53648,53650,601,2,1,600,60.3
53048,53653,53656,605,3,1,600,60.8
53050,53659,53662,609,3,1,600,61.2
53053,53665,53667,612,2,1,600,61.4
53054,53671,53674,617,3,1,600,62.0
53056,53677,53678,621,1,1,600,62.2
53059,53683,53687,624,4,1,600,62.8
53079,53249,58648,170,5399,5,9000,1.03148731247
53090,56868,61568,3778,4700,5,9000,1.80382978723
53121,53689,53691,568,2,1,600,57.0
53122,53695,53697,573,2,1,600,57.5
53124,53701,53702,577,1,1,600,57.8
53126,53707,53708,581,1,1,600,58.2
53128,53713,53716,585,3,1,600,58.8
53130,53730,53732,600,2,1,600,60.2
53132,53736,53754,604,18,1,600,34.5555555556
53134,53742,53744,608,2,1,600,61.0
53135,53748,53758,613,10,1,600,62.3
53137,53754,53755,617,1,1,600,61.8
53139,53759,53761,620,2,1,600,62.2
53141,53765,53768,624,3,1,600,62.7
53143,53771,53773,628,2,1,600,63.0
53205,53777,53779,572,2,1,600,57.4
53207,53783,53785,576,2,1,600,57.8
53209,53789,53794,580,5,1,600,58.5
53210,53795,53801,585,6,1,600,59.1
53212,53801,53803,589,2,1,600,59.1
53214,53807,53809,593,2,1,600,59.5
53216,53813,53815,597,2,1,600,59.9
53218,53819,53821,601,2,1,600,60.3
53220,53825,53826,605,1,1,600,60.6
53222,53830,53832,608,2,1,600,61.0
53224,53836,53839,612,3,1,600,61.5
53226,53842,53844,616,2,1,600,61.8
53228,53848,53850,620,2,1,600,62.2
53230,53854,53857,624,3,1,600,62.7
53231,53860,53864,629,4,1,600,63.3
53246,57038,62399,3792,5361,5,9000,1.70733072188
53294,53866,53868,572,2,1,600,57.4
53295,53872,53874,577,2,1,600,57.9
53297,53883,53884,586,1,1,600,58.7
53299,53888,53890,589,2,1,600,59.1
53300,53894,53896,594,2,1,600,59.6
53302,53900,53902,598,2,1,600,60.0
53304,53906,53908,602,2,1,600,60.4
53306,53912,53913,606,1,1,600,60.7
53308,53918,53920,610,2,1,600,61.2
53310,53924,53925,614,1,1,600,61.5
53311,53553,53615,242,62,1,1800,4.90322580645
53372,53930,53936,558,6,1,600,56.4
53375,53935,53938,560,3,1,600,56.3
53376,53941,53944,565,3,1,600,56.8
53378,53947,53949,569,2,1,600,57.1
53380,53953,53955,573,2,1,600,57.5
53381,53559,53568,178,9,1,1800,18.7
53382,53959,53961,577,2,1,600,57.9
53384,53965,53968,581,3,1,600,58.4
53386,53971,53973,585,2,1,600,58.7
53388,53977,53978,589,1,1,600,59.0
53389,53983,53984,594,1,1,600,59.5
53391,53989,53992,598,3,1,600,60.1
53393,53995,54007,602,12,1,600,51.1666666667
53395,54000,54002,605,2,1,600,60.7
53397,54006,54010,609,4,1,600,61.3
53399,54013,54014,614,1,1,600,61.5
53401,54019,54020,618,1,1,600,61.9
53462,54025,54026,563,1,1,600,56.4
53464,54042,54045,578,3,1,600,58.1
53466,54049,54051,583,2,1,600,58.5
53468,54055,54057,587,2,1,600,58.9
53470,54061,54063,591,2,1,600,59.3
53472,54067,54072,595,5,1,600,60.0
53474,54073,54075,599,2,1,600,60.1
53476,54079,54080,603,1,1,600,60.4
53478,54085,54086,607,1,1,600,60.8
53480,54091,54094,611,3,1,600,61.4
53482,54097,54098,615,1,1,600,61.6
53484,54103,54105,619,2,1,600,62.1
53486,54109,54110,623,1,1,600,62.4
53488,54115,54119,627,4,1,600,63.1
53533,53718,54291,185,573,1,3600,1.32286212914
53534,75311,219318,21777,144007,4,144000,1.15122181561
53550,54121,54122,571,1,1,600,57.2
53552,54127,54128,575,1,1,600,57.6
53554,54133,54135,579,2,1,600,58.1
53556,54139,54140,583,1,1,600,58.4
53558,54144,54147,586,3,1,600,58.9
53560,54151,54152,591,1,1,600,59.2
53562,54157,54159,595,2,1,600,59.7
53564,54163,54164,599,1,1,600,60.0
53566,54169,54171,603,2,1,600,60.5
53568,54175,54176,607,1,1,600,60.8
53570,54181,54185,611,4,1,600,61.5
53633,54187,54188,554,1,1,600,55.5
53634,54210,54212,576,2,1,600,57.8
53636,54216,54218,580,2,1,600,58.2
53638,54222,54227,584,5,1,600,58.9
53639,54228,54230,589,2,1,600,59.1
53641,54234,54236,593,2,1,600,59.5
53643,54240,54242,597,2,1,600,59.9
53645,54246,54248,601,2,1,600,60.3
53647,54252,54255,605,3,1,600,60.8
53649,54258,54260,609,2,1,600,61.1
53651,54264,54266,613,2,1,600,61.5
53653,54270,54273,617,3,1,600,62.0
53655,54276,54278,621,2,1,600,62.3
53657,54282,54284,625,2,1,600,62.7
53718,54288,54290,570,2,1,600,57.2
53721,54294,54296,573,2,1,600,57.5
53723,54300,54302,577,2,1,600,57.9
53725,54306,54322,581,16,1,600,37.3125
53727,54313,54321,586,8,1,600,59.4
53729,54319,54321,590,2,1,600,59.2
53731,54325,54328,594,3,1,600,59.7
53733,54331,54333,598,2,1,600,60.0
53735,54337,54338,602,1,1,600,60.3
53737,54343,54346,606,3,1,600,60.9
53739,54349,54350,610,1,1,600,61.1
53741,54355,54357,614,2,1,600,61.6
53743,54366,54368,623,2,1,600,62.5
53751,54031,54099,280,68,1,1800,5.11764705882
53805,54372,54375,567,3,1,600,57.0
53807,54378,54380,571,2,1,600,57.3
53809,54384,54387,575,3,1,600,57.8
53810,54390,54392,580,2,1,600,58.2
53812,54396,54398,584,2,1,600,58.6
53814,54402,54404,588,2,1,600,59.0
53816,54408,54415,592,7,1,600,59.9
53818,54414,54418,596,4,1,600,60.0
53820,54420,54422,600,2,1,600,60.2
53822,54426,54428,604,2,1,600,60.6
53824,54432,54433,608,1,1,600,60.9
53826,54438,54440,612,2,1,600,61.4
53828,54444,54445,616,1,1,600,61.7
53829,54450,54451,621,1,1,600,62.2
53832,54455,54457,623,2,1,600,62.5
53834,54461,54467,627,6,1,600,63.3
53884,54193,54768,309,575,1,3600,1.53739130435
53896,54467,54471,571,4,1,600,57.5
53897,54473,54476,576,3,1,600,57.9
53899,54479,54481,580,2,1,600,58.2
53902,54485,54488,583,3,1,600,58.6
53904,54491,54493,587,2,1,600,58.9
53906,54497,54500,591,3,1,600,59.4
53908,54503,54504,595,1,1,600,59.6
53910,54509,54511,599,2,1,600,60.1
53912,54520,54526,608,6,1,600,61.4
53913,54526,54528,613,2,1,600,61.5
53914,54199,54297,285,98,1,1800,3.90816326531
53915,54532,54536,617,4,1,600,62.1
53917,54538,54549,621,11,1,600,57.4545454545
53919,54544,54548,625,4,1,600,62.9
53921,54550,54552,629,2,1,600,63.1
53983,54556,54558,573,2,1,600,57.5
53985,54561,54563,576,2,1,600,57.8
53987,54567,54570,580,3,1,600,58.3
53988,54573,54576,585,3,1,600,58.8
53990,54579,54582,589,3,1,600,59.2
53992,54585,54587,593,2,1,600,59.5
53994,54591,54593,597,2,1,600,59.9
53996,54597,54600,601,3,1,600,60.4
53998,54603,54606,605,3,1,600,60.8
53999,54609,54611,610,2,1,600,61.2
54002,54615,54624,613,9,1,600,62.2
54004,54621,54623,617,2,1,600,61.9
54006,54627,54629,621,2,1,600,62.3
54068,54633,54636,565,3,1,600,56.8
54070,54639,54641,569,2,1,600,57.1
54072,54645,54648,573,3,1,600,57.6
54074,54651,54653,577,2,1,600,57.9
54076,54657,54659,581,2,1,600,58.3
54078,54663,54665,585,2,1,600,58.7
54080,54680,54682,600,2,1,600,60.2
54082,54686,54688,604,2,1,600,60.6
54085,54692,54695,607,3,1,600,61.0
54086,54698,54702,612,4,1,600,61.6
54088,54704,54706,616,2,1,600,61.8
54090,54710,54712,620,2,1,600,62.2
54092,54716,54718,624,2,1,600,62.6
54094,54722,54724,628,2,1,600,63.0
54157,54728,54730,571,2,1,600,57.3
54158,54734,54737,576,3,1,600,57.9
54160,54740,54742,580,2,1,600,58.2
54162,54746,54748,584,2,1,600,58.6
54164,54752,54755,588,3,1,600,59.1
54166,54758,54760,592,2,1,600,59.4
54168,54764,54767,596,3,1,600,59.9
54171,54770,54771,599,1,1,600,60.0
54172,54776,54777,604,1,1,600,60.5
54174,54782,54784,608,2,1,600,61.0
54176,54788,54789,612,1,1,600,61.3
54178,54794,54795,616,1,1,600,61.7
54180,54800,54801,620,1,1,600,62.1
54182,54806,54808,624,2,1,600,62.6
54184,54812,54814,628,2,1,600,63.0
54212,80901,224911,26689,144010,4,144000,1.18532740782
54246,54818,54820,572,2,1,600,57.4
54248,54824,54826,576,2,1,600,57.8
54251,54835,54838,584,3,1,600,58.7
54252,54841,54843,589,2,1,600,59.1
54254,54847,54849,593,2,1,600,59.5
54256,54853,54854,597,1,1,600,59.8
54258,54859,54861,601,2,1,600,60.3
54260,54865,54868,605,3,1,600,60.8
54262,54871,54873,609,2,1,600,61.1
54264,54877,54878,613,1,1,600,61.4
54307,82973,190984,28666,108011,4,108000,1.26539889456
54327,54883,54886,556,3,1,600,55.9
54328,54888,54890,560,2,1,600,56.2
54330,54894,54898,564,4,1,600,56.8
54332,54900,54902,568,2,1,600,57.0
54334,54906,54908,572,2,1,600,57.4
54336,54912,54915,576,3,1,600,57.9
54338,54918,54920,580,2,1,600,58.2
54340,54924,54926,584,2,1,600,58.6
54342,54930,54933,588,3,1,600,59.1
54344,54936,54943,592,7,1,600,59.9
54346,54942,54945,596,3,1,600,59.9
54348,54948,54950,600,2,1,600,60.2
54350,54954,54957,604,3,1,600,60.7
54352,54960,54961,608,1,1,600,60.9
54354,54966,54968,612,2,1,600,61.4
54366,83229,134597,28863,51368,4,108000,1.56188677776
54406,54669,54783,263,114,1,1800,3.30701754386
54416,54972,54975,556,3,1,600,55.9
54418,54978,54992,560,14,1,600,41.0
54420,54989,54991,569,2,1,600,57.1
54421,54995,54997,574,2,1,600,57.6
54424,55001,55003,577,2,1,600,57.9
54426,55007,55010,581,3,1,600,58.4
54428,55013,55015,585,2,1,600,58.7
54430,55019,55021,589,2,1,600,59.1
54432,55025,55027,593,2,1,600,59.5
54434,55031,55032,597,1,1,600,59.8
54436,55037,55039,601,2,1,600,60.3
54437,55043,55044,606,1,1,600,60.7
54439,55049,55050,610,1,1,600,61.1
54441,55054,55062,613,8,1,600,62.1
54503,55061,55063,558,2,1,600,56.0
54505,55067,55071,562,4,1,600,56.6
54507,55072,55077,565,5,1,600,57.0
54509,55078,55080,569,2,1,600,57.1
54510,55084,55086,574,2,1,600,57.6
54512,55090,55092,578,2,1,600,58.0
54514,55096,55098,582,2,1,600,58.4
54516,55102,55104,586,2,1,600,58.8
54518,55108,55110,590,2,1,600,59.2
54520,55114,55116,594,2,1,600,59.6
54522,55120,55122,598,2,1,600,60.0
54524,55126,55128,602,2,1,600,60.4
54526,55132,55140,606,8,1,600,61.4
54549,83566,191611,29017,108045,4,108000,1.26856402425
54588,55143,55145,555,2,1,600,55.7
54590,55149,55155,559,6,1,600,56.5
54592,55155,55158,563,3,1,600,56.6
54594,55161,55163,567,2,1,600,56.9
54596,55167,55171,571,4,1,600,57.5
54598,55173,55175,575,2,1,600,57.7
54600,55179,55181,579,2,1,600,58.1
54602,55185,55187,583,2,1,600,58.5
54604,55191,55193,587,2,1,600,58.9
54606,55197,55200,591,3,1,600,59.4
54608,55203,55205,595,2,1,600,59.7
54610,55209,55211,599,2,1,600,60.1
54612,55215,55217,603,2,1,600,60.5
54614,55221,55223,607,2,1,600,60.9
54615,85612,111078,30997,25466,4,108000,2.21719154952
54616,55227,55229,611,2,1,600,61.3
54618,55233,55235,615,2,1,600,61.7
54681,55239,55241,558,2,1,600,56.0
54682,55245,55247,563,2,1,600,56.5
54684,55251,55253,567,2,1,600,56.9
54686,55257,55260,571,3,1,600,57.4
54688,55263,55266,575,3,1,600,57.8
54690,55269,55271,579,2,1,600,58.1
54692,55275,55277,583,2,1,600,58.5
54694,55281,55284,587,3,1,600,59.0
54695,86927,124806,32232,37879,4,108000,1.85092003485
54696,55287,55290,591,3,1,600,59.4
54698,55304,55311,606,7,1,600,61.3
54700,55311,55313,611,2,1,600,61.3
54701,55317,55321,616,4,1,600,62.0
54763,55323,55325,560,2,1,600,56.2
54765,55329,55333,564,4,1,600,56.8
54767,55335,55336,568,1,1,600,56.9
54770,55341,55343,571,2,1,600,57.3
54772,55346,55349,574,3,1,600,57.7
54774,55352,55355,578,3,1,600,58.1
54776,55358,55365,582,7,1,600,58.9
54778,55364,55367,586,3,1,600,58.9
54780,55370,55372,590,2,1,600,59.2
54781,55376,55379,595,3,1,600,59.8
54783,55382,55384,599,2,1,600,60.1
54785,55388,55390,603,2,1,600,60.5
54787,55394,55397,607,3,1,600,61.0
54789,55400,55402,611,2,1,600,61.3
54791,55406,55409,615,3,1,600,61.8
54854,55412,55415,558,3,1,600,56.1
54856,55418,55420,562,2,1,600,56.4
54858,55424,55426,566,2,1,600,56.8
54860,55430,55433,570,3,1,600,57.3
54862,55436,55439,574,3,1,600,57.7
54864,55442,55448,578,6,1,600,58.4
54866,55448,55451,582,3,1,600,58.5
54868,55459,55461,591,2,1,600,59.3
54870,55465,55466,595,1,1,600,59.6
54872,55471,55477,599,6,1,600,60.5
54874,55477,55479,603,2,1,600,60.5
54876,55483,55484,607,1,1,600,60.8
54878,55489,55490,611,1,1,600,61.2
54880,55495,55497,615,2,1,600,61.7
54942,55501,55503,559,2,1,600,56.1
54944,55506,55508,562,2,1,600,56.4
54946,55512,55515,566,3,1,600,56.9
54948,55518,55520,570,2,1,600,57.2
54950,55524,55527,574,3,1,600,57.7
54952,55530,55532,578,2,1,600,58.0
54954,55536,55538,582,2,1,600,58.4
54956,55542,55546,586,4,1,600,59.0
54958,55548,55549,590,1,1,600,59.1
54960,55554,55556,594,2,1,600,59.6
54962,55560,55562,598,2,1,600,60.0
54964,55566,55568,602,2,1,600,60.4
54965,89183,129343,34218,40160,4,108000,1.85204183267
54966,55572,55575,606,3,1,600,60.9
54968,55578,55581,610,3,1,600,61.3
54970,55584,55586,614,2,1,600,61.6
55032,55590,55594,558,4,1,600,56.2
55034,55596,55597,562,1,1,600,56.3
55035,55602,55605,567,3,1,600,57.0
55036,104095,212123,49059,108028,4,108000,1.45413226201
55038,55613,55615,575,2,1,600,57.7
55040,55619,55621,579,2,1,600,58.1
55042,55625,55627,583,2,1,600,58.5
55044,55631,55636,587,5,1,600,59.2
55044,55293,55582,249,289,1,1800,1.8615916955
55046,55637,55639,591,2,1,600,59.3
55048,55643,55644,595,1,1,600,59.6
55050,55649,55652,599,3,1,600,60.2
55052,55655,55658,603,3,1,600,60.6
55054,55661,55665,607,4,1,600,61.1
55056,55667,55669,611,2,1,600,61.3
55058,55673,55676,615,3,1,600,61.8
55120,55679,55681,559,2,1,600,56.1
55122,55685,55687,563,2,1,600,56.5
55124,55691,55694,567,3,1,600,57.0
55126,55697,55700,571,3,1,600,57.4
55128,55703,55704,575,1,1,600,57.6
55130,55709,55711,579,2,1,600,58.1
55132,55715,55717,583,2,1,600,58.5
55134,55721,55725,587,4,1,600,59.1
55136,55727,55729,591,2,1,600,59.3
55138,55733,55735,595,2,1,600,59.7
55139,55739,55741,600,2,1,600,60.2
55141,55745,55748,604,3,1,600,60.7
55143,55751,55755,608,4,1,600,61.2
55205,55756,55759,551,3,1,600,55.4
55207,55774,55776,567,2,1,600,56.9
55209,55779,55781,570,2,1,600,57.2
55210,55785,55787,575,2,1,600,57.7
55212,55791,55793,579,2,1,600,58.1
55214,55797,55799,583,2,1,600,58.5
55216,55803,55807,587,4,1,600,59.1
55218,55809,55812,591,3,1,600,59.4
55220,55816,55819,596,3,1,600,59.9
55222,55822,55824,600,2,1,600,60.2
55224,55828,55830,604,2,1,600,60.6
55226,55834,55836,608,2,1,600,61.0
55228,55840,55841,612,1,1,600,61.3
55231,55846,55848,615,2,1,600,61.7
55233,55852,55854,619,2,1,600,62.1
55235,55858,55859,623,1,1,600,62.4
55297,55864,55866,567,2,1,600,56.9
55301,55870,55875,569,5,1,600,57.4
55303,55876,55887,573,11,1,600,53.0909090909
55305,55882,55890,577,8,1,600,58.5
55307,55888,55891,581,3,1,600,58.4
55308,55894,55902,586,8,1,600,59.4
55310,55900,55908,590,8,1,600,59.8
55312,55907,55913,595,6,1,600,60.1
55314,55913,55925,599,12,1,600,50.9166666667
55316,55919,55933,603,14,1,600,44.0714285714
55318,55931,55942,613,11,1,600,56.7272727273
55320,55937,55943,617,6,1,600,62.3
55382,55943,55948,561,5,1,600,56.6
55384,55949,55953,565,4,1,600,56.9
55386,55955,55956,569,1,1,600,57.0
55388,55961,55962,573,1,1,600,57.4
55390,55967,55968,577,1,1,600,57.8
55391,55973,55976,582,3,1,600,58.5
55393,55979,55987,586,8,1,600,59.4
55396,55985,55988,589,3,1,600,59.2
55398,55991,55993,593,2,1,600,59.5
55399,55997,55999,598,2,1,600,60.0
55402,56004,56006,602,2,1,600,60.4
55404,56010,56012,606,2,1,600,60.8
55406,56016,56017,610,1,1,600,61.1
55408,56022,56034,614,12,1,600,52.1666666667
55410,56028,56030,618,2,1,600,62.0
55472,56034,56037,562,3,1,600,56.5
55474,56040,56042,566,2,1,600,56.8
55476,56046,56048,570,2,1,600,57.2
55478,56052,56054,574,2,1,600,57.6
55480,56058,56059,578,1,1,600,57.9
55482,56064,56066,582,2,1,600,58.4
55484,56070,56073,586,3,1,600,58.9
55486,56076,56078,590,2,1,600,59.2
55487,56087,56091,600,4,1,600,60.4
55490,56093,56095,603,2,1,600,60.5
55492,56099,56112,607,13,1,600,47.6923076923
55494,56105,56112,611,7,1,600,61.8
55496,56111,56113,615,2,1,600,61.7
55498,56117,56123,619,6,1,600,62.5
55560,56123,56125,563,2,1,600,56.5
55562,56129,56131,567,2,1,600,56.9
55564,56135,56137,571,2,1,600,57.3
55566,56142,56158,576,16,1,600,37.0
55568,56147,56155,579,8,1,600,58.7
55569,56153,56156,584,3,1,600,58.7
55571,56160,56163,589,3,1,600,59.2
55573,56165,56180,592,15,1,600,40.4666666667
55575,56172,56174,597,2,1,600,59.9
55577,56178,56181,601,3,1,600,60.4
55579,56184,56185,605,1,1,600,60.6
55581,56190,56192,609,2,1,600,61.1
55583,56196,56199,613,3,1,600,61.6
55585,56202,56205,617,3,1,600,62.0
55587,56208,56211,621,3,1,600,62.4
55610,55768,60167,158,4399,8,7200,1.03591725392
55649,56214,56216,565,2,1,600,56.7
55651,56220,56224,569,4,1,600,57.3
55653,56226,56228,573,2,1,600,57.5
55655,56232,56234,577,2,1,600,57.9
55657,56243,56245,586,2,1,600,58.8
55659,56249,56251,590,2,1,600,59.2
55661,56256,56258,595,2,1,600,59.7
55663,56262,56264,599,2,1,600,60.1
55665,56268,56269,603,1,1,600,60.4
55666,56274,56275,608,1,1,600,60.9
55668,56280,56281,612,1,1,600,61.3
55670,56286,56288,616,2,1,600,61.8
55672,56292,56294,620,2,1,600,62.2
55734,56298,56300,564,2,1,600,56.6
55736,56304,56308,568,4,1,600,57.2
55738,56310,56320,572,10,1,600,58.2
55740,56316,56318,576,2,1,600,57.8
55742,56323,56325,581,2,1,600,58.3
55744,56329,56331,585,2,1,600,58.7
55746,56335,56338,589,3,1,600,59.2
55748,56341,56342,593,1,1,600,59.4
55750,56347,56350,597,3,1,600,60.0
55752,56353,56354,601,1,1,600,60.2
55754,56359,56361,605,2,1,600,60.7
55756,56365,56369,609,4,1,600,61.3
55757,56371,56373,614,2,1,600,61.6
55759,56377,56386,618,9,1,600,62.7
55762,56384,56385,622,1,1,600,62.3
55825,56389,56391,564,2,1,600,56.6
55826,56401,56402,575,1,1,600,57.6
55828,56407,56409,579,2,1,600,58.1
55830,56413,56420,583,7,1,600,59.0
55832,56419,56421,587,2,1,600,58.9
55834,56425,56428,591,3,1,600,59.4
55836,56431,56433,595,2,1,600,59.7
55838,56437,56439,599,2,1,600,60.1
55840,56443,56445,603,2,1,600,60.5
55842,56449,56454,607,5,1,600,61.2
55844,56455,56457,611,2,1,600,61.3
55846,56461,56469,615,8,1,600,62.3
55848,56467,56470,619,3,1,600,62.2
55910,56473,56476,563,3,1,600,56.6
55912,56479,56481,567,2,1,600,56.9
55914,56485,56487,571,2,1,600,57.3
55916,56491,56493,575,2,1,600,57.7
55918,56497,56500,579,3,1,600,58.2
55920,56503,56506,583,3,1,600,58.6
55922,56509,56511,587,2,1,600,58.9
55924,56515,56517,591,2,1,600,59.3
55926,56521,56523,595,2,1,600,59.7
55928,56527,56530,599,3,1,600,60.2
55930,56533,56535,603,2,1,600,60.5
55932,56539,56541,607,2,1,600,60.9
55994,56545,56548,551,3,1,600,55.4
55996,56556,56562,560,6,1,600,56.6
55998,56562,56565,564,3,1,600,56.7
56000,56568,56571,568,3,1,600,57.1
56002,56574,56576,572,2,1,600,57.4
56003,56580,56582,577,2,1,600,57.9
56005,56586,56589,581,3,1,600,58.4
56007,56592,56595,585,3,1,600,58.8
56009,56598,56601,589,3,1,600,59.2
56011,56604,56607,593,3,1,600,59.6
56013,56610,56612,597,2,1,600,59.9
56015,56616,56617,601,1,1,600,60.2
56017,56622,56624,605,2,1,600,60.7
56019,56628,56629,609,1,1,600,61.0
56021,56635,56636,614,1,1,600,61.5
56023,56641,56642,618,1,1,600,61.9
56085,56647,56652,562,5,1,600,56.7
56087,56653,56656,566,3,1,600,56.9
56089,56659,56661,570,2,1,600,57.2
56091,56665,56667,574,2,1,600,57.6
56093,56671,56673,578,2,1,600,58.0
56095,56677,56679,582,2,1,600,58.4
56097,56683,56684,586,1,1,600,58.7
56099,56689,56692,590,3,1,600,59.3
56101,56695,56698,594,3,1,600,59.7
56103,56701,56702,598,1,1,600,59.9
56105,56712,56716,607,4,1,600,61.1
56107,56718,56725,611,7,1,600,61.8
56169,56724,56726,555,2,1,600,55.7
56171,56730,56732,559,2,1,600,56.1
56173,56736,56738,563,2,1,600,56.5
56175,56742,56745,567,3,1,600,57.0
56177,56748,56752,571,4,1,600,57.5
56179,56754,56756,575,2,1,600,57.7
56181,56760,56762,579,2,1,600,58.1
56183,56766,56774,583,8,1,600,59.1
56185,56772,56775,587,3,1,600,59.0
56187,56778,56780,591,2,1,600,59.3
56189,56784,56786,595,2,1,600,59.7
56191,56790,56793,599,3,1,600,60.2
56193,56796,56799,603,3,1,600,60.6
56195,56802,56804,607,2,1,600,60.9
56197,56808,56824,611,16,1,600,39.1875
56199,56815,56822,616,7,1,600,62.3
56263,56821,56858,558,37,1,600,16.0810810811
56265,56827,56838,562,11,1,600,52.0909090909
56267,56833,56835,566,2,1,600,56.8
56269,56839,56841,570,2,1,600,57.2
56271,56845,56860,574,15,1,600,39.2666666667
56273,56851,56861,578,10,1,600,58.8
56275,56857,56862,582,5,1,600,58.7
56277,56875,56877,598,2,1,600,60.0
56279,56881,56884,602,3,1,600,60.5
56281,56887,56889,606,2,1,600,60.8
56283,56893,56895,610,2,1,600,61.2
56285,56899,56901,614,2,1,600,61.6
56287,56905,56907,618,2,1,600,62.0
56290,56911,56914,621,3,1,600,62.4
56352,56917,56919,565,2,1,600,56.7
56355,56924,56925,569,1,1,600,57.0
56357,56930,56933,573,3,1,600,57.6
56359,56936,56938,577,2,1,600,57.9
56361,56942,56944,581,2,1,600,58.3
56363,56948,56949,585,1,1,600,58.6
56365,56954,56962,589,8,1,600,59.7
56367,56960,56962,593,2,1,600,59.5
56369,56966,56968,597,2,1,600,59.9
56371,56972,56979,601,7,1,600,60.8
56373,56978,56981,605,3,1,600,60.8
56375,56984,56986,609,2,1,600,61.1
56377,56990,56992,613,2,1,600,61.5
56379,56996,56999,617,3,1,600,62.0
56381,57002,57016,621,14,1,600,45.3571428571
56443,57008,57010,565,2,1,600,56.7
56445,57014,57016,569,2,1,600,57.1
56447,57020,57022,573,2,1,600,57.5
56449,57045,57048,596,3,1,600,59.9
56451,57051,57053,600,2,1,600,60.2
56453,57057,57064,604,7,1,600,61.1
56454,57063,57065,609,2,1,600,61.1
56457,57069,57071,612,2,1,600,61.4
56459,57075,57077,616,2,1,600,61.8
56460,57081,57083,621,2,1,600,62.3
56463,57087,57089,624,2,1,600,62.6
56465,57093,57095,628,2,1,600,63.0
56466,57099,57101,633,2,1,600,63.5
56529,57105,57107,576,2,1,600,57.8
56530,57111,57113,581,2,1,600,58.3
56532,57117,57119,585,2,1,600,58.7
56535,57123,57125,588,2,1,600,59.0
56536,57129,57131,593,2,1,600,59.5
56538,57135,57138,597,3,1,600,60.0
56541,57141,57144,600,3,1,600,60.3
56542,57147,57149,605,2,1,600,60.7
56544,57153,57155,609,2,1,600,61.1
56546,57159,57167,613,8,1,600,62.1
56549,57165,57168,616,3,1,600,61.9
56552,57172,57173,620,1,1,600,62.1
56554,57178,57179,624,1,1,600,62.5
56556,57184,57186,628,2,1,600,63.0
56558,57190,57192,632,2,1,600,63.4
56620,57207,57214,587,7,1,600,59.4
56622,57213,57216,591,3,1,600,59.4
56624,57219,57225,595,6,1,600,60.1
56626,57226,57229,600,3,1,600,60.3
56629,57232,57233,603,1,1,600,60.4
56630,57238,57240,608,2,1,600,61.0
56632,57244,57246,612,2,1,600,61.4
56634,57250,57253,616,3,1,600,61.9
56636,57256,57258,620,2,1,600,62.2
56638,57262,57265,624,3,1,600,62.7
56640,57268,57281,628,13,1,600,49.3076923077
56642,57274,57277,632,3,1,600,63.5
56644,57280,57283,636,3,1,600,63.9
56646,57286,57288,640,2,1,600,64.2
56708,57292,57294,584,2,1,600,58.6
56710,57299,57301,589,2,1,600,59.1
56711,57305,57308,594,3,1,600,59.7
56714,57311,57312,597,1,1,600,59.8
56716,57317,57329,601,12,1,600,51.0833333333
56717,57323,57326,606,3,1,600,60.9
56720,57329,57334,609,5,1,600,61.4
56721,57335,57337,614,2,1,600,61.6
56723,57341,57343,618,2,1,600,62.0
56726,57347,57349,621,2,1,600,62.3
56728,57353,57355,625,2,1,600,62.7
56729,57372,57374,643,2,1,600,64.5
56732,57378,57380,646,2,1,600,64.8
56733,57384,57386,651,2,1,600,65.3
56795,57390,57392,595,2,1,600,59.7
56798,57396,57400,598,4,1,600,60.2
56800,57402,57404,602,2,1,600,60.4
56802,57408,57411,606,3,1,600,60.9
56804,57415,57417,611,2,1,600,61.3
56806,57421,57424,615,3,1,600,61.8
56808,57427,57429,619,2,1,600,62.1
56810,57433,57435,623,2,1,600,62.5
56812,57439,57441,627,2,1,600,62.9
56814,57445,57447,631,2,1,600,63.3
56816,57451,57453,635,2,1,600,63.7
56818,57457,57459,639,2,1,600,64.1
56820,57463,57465,643,2,1,600,64.5
56868,57032,61491,164,4459,5,9000,1.03677954698
56882,57469,57474,587,5,1,600,59.2
56884,57475,57477,591,2,1,600,59.3
56886,57481,57483,595,2,1,600,59.7
56888,57487,57489,599,2,1,600,60.1
56891,57493,57495,602,2,1,600,60.4
56893,57499,57502,606,3,1,600,60.9
56895,57505,57507,610,2,1,600,61.2
56897,57511,57513,614,2,1,600,61.6
56899,57517,57519,618,2,1,600,62.0
56901,57535,57537,634,2,1,600,63.6
56903,57541,57543,638,2,1,600,64.0
56905,57547,57550,642,3,1,600,64.5
56907,57553,57556,646,3,1,600,64.9
56909,57559,57561,650,2,1,600,65.2
56971,57565,57568,594,3,1,600,59.7
56973,57571,57573,598,2,1,600,60.0
56975,57577,57579,602,2,1,600,60.4
56977,57583,57586,606,3,1,600,60.9
56979,57590,57591,611,1,1,600,61.2
56982,57596,57601,614,5,1,600,61.9
56984,57602,57604,618,2,1,600,62.0
56986,57608,57610,622,2,1,600,62.4
56988,57614,57616,626,2,1,600,62.8
56990,57621,57623,631,2,1,600,63.3
56992,57627,57630,635,3,1,600,63.8
56994,57633,57636,639,3,1,600,64.2
56996,57640,57642,644,2,1,600,64.6
56998,57646,57648,648,2,1,600,65.0
57000,57652,57654,652,2,1,600,65.4
57034,57201,62049,167,4848,5,9000,1.03444719472
57035,75049,79838,18014,4789,5,9000,4.76153685529
57062,57658,57666,596,8,1,600,60.4
57064,57664,57667,600,3,1,600,60.3
57066,57671,57672,605,1,1,600,60.6
57068,57677,57680,609,3,1,600,61.2
57071,57683,57686,612,3,1,600,61.5
57072,57707,57709,635,2,1,600,63.7
57075,57714,57715,639,1,1,600,64.0
57077,57720,57722,643,2,1,600,64.5
57079,57726,57729,647,3,1,600,65.0
57081,57732,57734,651,2,1,600,65.3
57143,57738,57740,595,2,1,600,59.7
57145,57745,57748,600,3,1,600,60.3
57147,57751,57753,604,2,1,600,60.6
57149,57757,57760,608,3,1,600,61.1
57151,57764,57765,613,1,1,600,61.4
57153,57770,57772,617,2,1,600,61.9
57155,57776,57779,621,3,1,600,62.4
57157,57783,57785,626,2,1,600,62.8
57159,57789,57791,630,2,1,600,63.2
57161,57795,57798,634,3,1,600,63.7
57163,57802,57803,639,1,1,600,64.0
57165,57808,57812,643,4,1,600,64.7
57168,57815,57817,647,2,1,600,64.9
57170,57821,57823,651,2,1,600,65.3
57200,57365,62760,165,5395,5,9000,1.03058387396
57232,57827,57828,595,1,1,600,59.6
57234,57833,57835,599,2,1,600,60.1
57236,57840,57841,604,1,1,600,60.5
57238,57846,57848,608,2,1,600,61.0
57240,57852,57854,612,2,1,600,61.4
57242,57858,57863,616,5,1,600,62.1
57244,57876,57878,632,2,1,600,63.4
57246,57882,57884,636,2,1,600,63.8
57248,57888,57891,640,3,1,600,64.3
57250,57895,57901,645,6,1,600,65.1
57252,57901,57903,649,2,1,600,65.1
57254,57907,57909,653,2,1,600,65.5
57256,57913,57914,657,1,1,600,65.8
57319,57919,57922,600,3,1,600,60.3
57321,57926,57928,605,2,1,600,60.7
57322,57932,57934,610,2,1,600,61.2
57325,57938,57940,613,2,1,600,61.5
57327,57944,57946,617,2,1,600,61.9
57328,57950,57952,622,2,1,600,62.4
57331,57956,57958,625,2,1,600,62.7
57333,57963,57965,630,2,1,600,63.2
57335,57970,57972,635,2,1,600,63.7
57337,57976,57978,639,2,1,600,64.1
57339,57982,57985,643,3,1,600,64.6
57341,57989,57991,648,2,1,600,65.0
57343,57995,57997,652,2,1,600,65.4
57345,58001,58003,656,2,1,600,65.8
57347,58007,58009,660,2,1,600,66.2
57366,57529,62010,163,4481,5,9000,1.03637580897
57409,58014,58016,605,2,1,600,60.7
57411,58020,58022,609,2,1,600,61.1
57413,58026,58028,613,2,1,600,61.5
57415,58045,58047,630,2,1,600,63.2
57417,58051,58055,634,4,1,600,63.8
57419,58057,58059,638,2,1,600,64.0
57421,58063,58066,642,3,1,600,64.5
57423,58069,58071,646,2,1,600,64.8
57424,58075,58077,651,2,1,600,65.3
57426,58082,58084,656,2,1,600,65.8
57428,58088,58089,660,1,1,600,66.1
57430,58094,58096,664,2,1,600,66.6
57492,58100,58102,608,2,1,600,61.0
57495,58107,58110,612,3,1,600,61.5
57497,58113,58117,616,4,1,600,62.0
57499,58119,58124,620,5,1,600,62.5
57501,58126,58128,625,2,1,600,62.7
57503,58132,58153,629,21,1,600,30.9523809524
57505,58138,58151,633,13,1,600,49.6923076923
57507,58144,58146,637,2,1,600,63.9
57509,58150,58152,641,2,1,600,64.3
57511,58156,58158,645,2,1,600,64.7
57513,58163,58165,650,2,1,600,65.2
57515,58169,58171,654,2,1,600,65.6
57517,58175,58177,658,2,1,600,66.0
57519,58181,58184,662,3,1,600,66.5
57521,58187,58190,666,3,1,600,66.9
57531,57694,62808,163,5114,5,9000,1.03187328901
57583,58193,58195,610,2,1,600,61.2
57586,58210,58212,624,2,1,600,62.6
57588,58216,58218,628,2,1,600,63.0
57589,58223,58224,634,1,1,600,63.5
57591,58229,58230,638,1,1,600,63.9
57593,58235,58237,642,2,1,600,64.4
57595,58241,58243,646,2,1,600,64.8
57597,58247,58250,650,3,1,600,65.3
57599,58254,58255,655,1,1,600,65.6
57601,58260,58263,659,3,1,600,66.2
57604,58266,58269,662,3,1,600,66.5
57667,58273,58275,606,2,1,600,60.8
57669,58279,58280,610,1,1,600,61.1
57670,58285,58287,615,2,1,600,61.7
57672,58291,58293,619,2,1,600,62.1
57674,58298,58299,624,1,1,600,62.5
57676,58304,58306,628,2,1,600,63.0
57678,58310,58312,632,2,1,600,63.4
57680,58316,58318,636,2,1,600,63.8
57682,58322,58324,640,2,1,600,64.2
57684,58328,58331,644,3,1,600,64.7
57686,58335,58338,649,3,1,600,65.2
57689,58341,58343,652,2,1,600,65.4
57690,58347,58349,657,2,1,600,65.9
57692,58353,58355,661,2,1,600,66.3
57694,58359,58361,665,2,1,600,66.7
57697,57870,62917,173,5047,5,9000,1.03427778879
57757,58377,58381,620,4,1,600,62.4
57759,58383,58405,624,22,1,600,29.3636363636
57761,58389,58391,628,2,1,600,63.0
57763,58395,58397,632,2,1,600,63.4
57765,58401,58404,636,3,1,600,63.9
57767,58407,58409,640,2,1,600,64.2
57769,58414,58415,645,1,1,600,64.6
57772,58420,58422,648,2,1,600,65.0
57774,58426,58428,652,2,1,600,65.4
57776,58433,58438,657,5,1,600,66.2
57838,58439,58441,601,2,1,600,60.3
57840,58445,58448,605,3,1,600,60.8
57843,58451,58453,608,2,1,600,61.0
57845,58458,58460,613,2,1,600,61.5
57848,58464,58468,616,4,1,600,62.0
57850,58471,58472,621,1,1,600,62.2
57852,58477,58478,625,1,1,600,62.6
57854,58483,58486,629,3,1,600,63.2
57856,58490,58493,634,3,1,600,63.7
57858,58496,58498,638,2,1,600,64.0
57860,58502,58513,642,11,1,600,59.3636363636
57863,58508,58512,645,4,1,600,64.9
57865,58514,58517,649,3,1,600,65.2
57867,58521,58522,654,1,1,600,65.5
57873,58037,63157,164,5120,5,9000,1.03203125
57929,58527,58530,598,3,1,600,60.1
57931,58551,58553,620,2,1,600,62.2
57934,58557,58562,623,5,1,600,62.8
57936,58564,58567,628,3,1,600,63.1
57938,58571,58574,633,3,1,600,63.6
57940,58577,58578,637,1,1,600,63.8
57942,58583,58585,641,2,1,600,64.3
57944,58589,58591,645,2,1,600,64.7
57946,58596,58608,650,12,1,600,55.1666666667
57948,58602,58604,654,2,1,600,65.6
57950,58608,58612,658,4,1,600,66.2
57952,58614,58616,662,2,1,600,66.4
57954,58620,58622,666,2,1,600,66.8
58016,58627,58629,611,2,1,600,61.3
58018,58633,58635,615,2,1,600,61.7
58020,58639,58642,619,3,1,600,62.2
58022,58645,58647,623,2,1,600,62.5
58024,58651,58653,627,2,1,600,62.9
58026,58657,58659,631,2,1,600,63.3
58028,58664,58665,636,1,1,600,63.7
58030,58670,58672,640,2,1,600,64.2
58033,58676,58678,643,2,1,600,64.5
58035,58682,58697,647,15,1,600,44.1333333333
58037,58689,58693,652,4,1,600,65.6
58038,58203,63751,165,5548,5,9000,1.02974044701
58040,58695,58698,655,3,1,600,65.8
58042,58701,58718,659,17,1,600,39.7647058824
58104,58718,58720,614,2,1,600,61.6
58106,58724,58727,618,3,1,600,62.1
58109,58731,58734,622,3,1,600,62.5
58111,58737,58738,626,1,1,600,62.7
58113,58743,58745,630,2,1,600,63.2
58115,58749,58752,634,3,1,600,63.7
58118,58755,58757,637,2,1,600,63.9
58119,58761,58763,642,2,1,600,64.4
58121,58767,58770,646,3,1,600,64.9
58123,58773,58775,650,2,1,600,65.2
58125,58779,58781,654,2,1,600,65.6
58127,58785,58788,658,3,1,600,66.1
58189,58791,58794,602,3,1,600,60.5
58191,58797,58799,606,2,1,600,60.8
58193,58804,58805,611,1,1,600,61.2
58195,58810,58812,615,2,1,600,61.7
58197,58816,58818,619,2,1,600,62.1
58199,58822,58824,623,2,1,600,62.5
58201,58828,58830,627,2,1,600,62.9
58203,58834,58836,631,2,1,600,63.3
58204,58370,63917,166,5547,5,9000,1.02992608617
58206,58840,58842,634,2,1,600,63.6
58208,58846,58848,638,2,1,600,64.0
58209,58852,58854,643,2,1,600,64.5
58212,58858,58861,646,3,1,600,64.9
58214,58865,58875,651,10,1,600,66.1
58276,58891,58895,615,4,1,600,61.9
58278,58897,58899,619,2,1,600,62.1
58281,58903,58905,622,2,1,600,62.4
58283,58909,58912,626,3,1,600,62.9
58285,58915,58918,630,3,1,600,63.3
58287,58921,58923,634,2,1,600,63.6
58289,58928,58934,639,6,1,600,64.5
58291,58934,58936,643,2,1,600,64.5
58294,58940,58943,646,3,1,600,64.9
58296,58946,58948,650,2,1,600,65.2
58300,58952,58955,652,3,1,600,65.5
58301,58958,58962,657,4,1,600,66.1
58304,58964,58966,660,2,1,600,66.2
58306,58971,58974,665,3,1,600,66.8
58308,58977,58979,669,2,1,600,67.1
58370,58983,58985,613,2,1,600,61.5
58370,58538,64230,168,5692,5,9000,1.02951510892
58372,58989,58991,617,2,1,600,61.9
58374,58996,58998,622,2,1,600,62.4
58377,59003,59004,626,1,1,600,62.7
58379,59009,59011,630,2,1,600,63.2
58381,59015,59017,634,2,1,600,63.6
58383,59021,59023,638,2,1,600,64.0
58385,59028,59031,643,3,1,600,64.6
58387,59034,59036,647,2,1,600,64.9
58389,59040,59041,651,1,1,600,65.2
58391,59051,59054,660,3,1,600,66.3
58453,59057,59060,604,3,1,600,60.7
58456,59064,59087,608,23,1,600,27.4347826087
58458,59070,59072,612,2,1,600,61.4
58460,59076,59078,616,2,1,600,61.8
58463,59082,59085,619,3,1,600,62.2
58466,59088,59090,622,2,1,600,62.4
58468,59095,59096,627,1,1,600,62.8
58471,59101,59105,630,4,1,600,63.4
58473,59107,59109,634,2,1,600,63.6
58476,59113,59125,637,12,1,600,54.0833333333
58480,59119,59121,639,2,1,600,64.1
58482,59125,59129,643,4,1,600,64.7
58484,59131,59133,647,2,1,600,64.9
58486,59137,59139,651,2,1,600,65.3
58488,59143,59146,655,3,1,600,65.8
58490,59150,59151,660,1,1,600,66.1
58492,59156,59158,664,2,1,600,66.6
58535,58712,63167,177,4455,5,9000,1.03973063973
58554,59162,59165,608,3,1,600,61.1
58556,59168,59170,612,2,1,600,61.4
58558,59174,59181,616,7,1,600,62.3
58560,59180,59182,620,2,1,600,62.2
58562,59186,59189,624,3,1,600,62.7
58564,59192,59194,628,2,1,600,63.0
58566,59198,59200,632,2,1,600,63.4
58568,59211,59212,643,1,1,600,64.4
58570,59217,59219,647,2,1,600,64.9
58632,59223,59235,591,12,1,600,50.25
58635,59230,59232,595,2,1,600,59.7
58637,59236,59238,599,2,1,600,60.1
58639,59242,59244,603,2,1,600,60.5
58641,59248,59250,607,2,1,600,60.9
58644,59255,59258,611,3,1,600,61.4
58647,59261,59263,614,2,1,600,61.6
58649,59267,59270,618,3,1,600,62.1
58651,59273,59275,622,2,1,600,62.4
58653,59279,59286,626,7,1,600,63.3
58655,59286,59288,631,2,1,600,63.3
58657,59292,59294,635,2,1,600,63.7
58659,59299,59300,640,1,1,600,64.1
58661,59305,59308,644,3,1,600,64.7
58663,59312,59313,649,1,1,600,65.0
58666,59318,59320,652,2,1,600,65.4
58711,58877,63106,166,4229,5,9000,1.03925277843
58728,59325,59330,597,5,1,600,60.2
58730,59331,59334,601,3,1,600,60.4
58732,59337,59339,605,2,1,600,60.7
58734,59343,59345,609,2,1,600,61.1
58736,59350,59351,614,1,1,600,61.5
58738,59356,59357,618,1,1,600,61.9
58740,59362,59365,622,3,1,600,62.5
58742,59374,59375,632,1,1,600,63.3
58745,59380,59387,635,7,1,600,64.2
58746,59386,59392,640,6,1,600,64.6
58748,59392,59398,644,6,1,600,65.0
58811,59398,59402,587,4,1,600,59.1
58813,59405,59406,592,1,1,600,59.3
58815,59411,59413,596,2,1,600,59.8
58817,59418,59426,601,8,1,600,60.9
58819,59424,59437,605,13,1,600,47.5384615385
58821,59431,59432,610,1,1,600,61.1
58823,59437,59439,614,2,1,600,61.6
58825,59443,59445,618,2,1,600,62.0
58827,59449,59451,622,2,1,600,62.4
58830,59457,59458,627,1,1,600,62.8
58832,59463,59464,631,1,1,600,63.2
58835,59469,59471,634,2,1,600,63.6
58837,59476,59477,639,1,1,600,64.0
58839,59482,59484,643,2,1,600,64.5
58842,59488,59490,646,2,1,600,64.8
58844,59494,59497,650,3,1,600,65.3
58877,75057,80107,16180,5050,5,9000,4.20396039604
58906,59501,59502,595,1,1,600,59.6
58908,59507,59517,599,10,1,600,60.9
58911,59513,59515,602,2,1,600,60.4
58913,59519,59521,606,2,1,600,60.8
58915,59526,59528,611,2,1,600,61.3
58917,59538,59539,621,1,1,600,62.2
58919,59544,59547,625,3,1,600,62.8
58922,59551,59552,629,1,1,600,63.0
58924,59557,59560,633,3,1,600,63.6
58926,59563,59565,637,2,1,600,63.9
58988,59569,59570,581,1,1,600,58.2
58990,59575,59577,585,2,1,600,58.7
58992,59582,59585,590,3,1,600,59.3
58994,59588,59595,594,7,1,600,60.1
58996,59594,59596,598,2,1,600,60.0
58999,59601,59604,602,3,1,600,60.5
59001,59607,59610,606,3,1,600,60.9
59002,59613,59615,611,2,1,600,61.3
59004,59620,59622,616,2,1,600,61.8
59007,59626,59628,619,2,1,600,62.1
59009,59632,59634,623,2,1,600,62.5
59011,59639,59642,628,3,1,600,63.1
59013,59646,59647,633,1,1,600,63.4
59015,59652,59669,637,17,1,600,38.4705882353
59018,59658,59662,640,4,1,600,64.4
59080,59665,59666,585,1,1,600,58.6
59082,59671,59700,589,29,1,600,21.3103448276
59084,59678,59680,594,2,1,600,59.6
59086,59684,59691,598,7,1,600,60.5
59088,59690,59692,602,2,1,600,60.4
59090,59710,59714,620,4,1,600,62.4
59092,59716,59718,624,2,1,600,62.6
59094,59723,59724,629,1,1,600,63.0
59096,59729,59732,633,3,1,600,63.6
59098,59736,59737,638,1,1,600,63.9
59101,59742,59745,641,3,1,600,64.4
59103,59749,59751,646,2,1,600,64.8
59105,59755,59756,650,1,1,600,65.1
59167,59762,59764,595,2,1,600,59.7
59170,59768,59770,598,2,1,600,60.0
59172,59775,59777,603,2,1,600,60.5
59174,59781,59793,607,12,1,600,51.5833333333
59176,59787,59790,611,3,1,600,61.4
59178,59794,59796,616,2,1,600,61.8
59180,59801,59803,621,2,1,600,62.3
59182,59807,59809,625,2,1,600,62.7
59185,59813,59815,628,2,1,600,63.0
59188,59821,59823,633,2,1,600,63.5
59190,59827,59828,637,1,1,600,63.8
59192,59833,59835,641,2,1,600,64.3
59194,59839,59841,645,2,1,600,64.7
59196,59846,59861,650,15,1,600,44.3333333333
59198,59852,59857,654,5,1,600,65.9
59200,59859,59862,659,3,1,600,66.2
59263,59865,59883,602,18,1,600,34.4444444444
59265,59876,59878,611,2,1,600,61.3
59267,59883,59886,616,3,1,600,61.9
59269,59889,59895,620,6,1,600,62.6
59271,59896,59898,625,2,1,600,62.7
59273,59903,59904,630,1,1,600,63.1
59275,59910,59911,635,1,1,600,63.6
59277,59916,59917,639,1,1,600,64.0
59280,59922,59926,642,4,1,600,64.6
59282,59929,59931,647,2,1,600,64.9
59284,59935,59937,651,2,1,600,65.3
59286,59942,59949,656,7,1,600,66.3
59348,59948,59951,600,3,1,600,60.3
59351,59955,59956,604,1,1,600,60.5
59353,59961,59964,608,3,1,600,61.1
59355,59968,59971,613,3,1,600,61.6
59357,59974,59977,617,3,1,600,62.0
59359,59981,59988,622,7,1,600,62.9
59361,59988,59990,627,2,1,600,62.9
59364,59994,60000,630,6,1,600,63.6
59366,60000,60002,634,2,1,600,63.6
59369,60006,60008,637,2,1,600,63.9
59371,60013,60015,642,2,1,600,64.4
59373,60019,60021,646,2,1,600,64.8
59375,60026,60031,651,5,1,600,65.6
59378,60033,60036,655,3,1,600,65.8
59440,60045,60047,605,2,1,600,60.7
59442,60051,60053,609,2,1,600,61.1
59445,60057,60060,612,3,1,600,61.5
59448,60063,60067,615,4,1,600,61.9
59450,60070,60072,620,2,1,600,62.2
59453,60076,60078,623,2,1,600,62.5
59456,60082,60089,626,7,1,600,63.3
59459,60089,60091,630,2,1,600,63.2
59461,60095,60097,634,2,1,600,63.6
59463,60101,60103,638,2,1,600,64.0
59465,60108,60112,643,4,1,600,64.7
59467,60115,60117,648,2,1,600,65.0
59469,60121,60122,652,1,1,600,65.3
59471,60127,60131,656,4,1,600,66.0
59473,60133,60135,660,2,1,600,66.2
59536,60140,60148,604,8,1,600,61.2
59538,60146,60152,608,6,1,600,61.4
59540,60153,60159,613,6,1,600,61.9
59542,60159,60163,617,4,1,600,62.1
59544,60165,60167,621,2,1,600,62.3
59546,60172,60174,626,2,1,600,62.8
59549,60178,60180,629,2,1,600,63.1
59551,60184,60186,633,2,1,600,63.5
59553,60191,60192,638,1,1,600,63.9
59554,60197,60201,643,4,1,600,64.7
59556,60208,60210,652,2,1,600,65.4
59559,60215,60216,656,1,1,600,65.7
59561,60221,60222,660,1,1,600,66.1
59623,60227,60229,604,2,1,600,60.6
59625,60234,60236,609,2,1,600,61.1
59628,60240,60243,612,3,1,600,61.5
59631,60247,60258,616,11,1,600,57.0
59633,60253,60255,620,2,1,600,62.2
59635,60259,60261,624,2,1,600,62.6
59637,60265,60267,628,2,1,600,63.0
59640,60271,60274,631,3,1,600,63.4
59642,60277,60279,635,2,1,600,63.7
59644,60284,60286,640,2,1,600,64.2
59646,60290,60304,644,14,1,600,47.0
59648,60297,60302,649,5,1,600,65.4
59650,60304,60306,654,2,1,600,65.6
59652,60310,60312,658,2,1,600,66.0
59654,60317,60319,663,2,1,600,66.5
59716,60324,60326,608,2,1,600,61.0
59718,60330,60333,612,3,1,600,61.5
59720,60336,60338,616,2,1,600,61.8
59722,60342,60345,620,3,1,600,62.3
59725,60349,60350,624,1,1,600,62.5
59727,60355,60357,628,2,1,600,63.0
59729,60362,60364,633,2,1,600,63.5
59731,60375,60376,644,1,1,600,64.5
59734,60381,60384,647,3,1,600,65.0
59736,60388,60389,652,1,1,600,65.3
59798,60394,60395,596,1,1,600,59.7
59800,60400,60405,600,5,1,600,60.5
59803,60407,60408,604,1,1,600,60.5
59806,60413,60416,607,3,1,600,61.0
59809,60419,60422,610,3,1,600,61.3
59812,60426,60428,614,2,1,600,61.6
59814,60432,60434,618,2,1,600,62.0
59816,60438,60442,622,4,1,600,62.6
59819,60445,60447,626,2,1,600,62.8
59821,60451,60453,630,2,1,600,63.2
59823,60458,60459,635,1,1,600,63.6
59824,60464,60465,640,1,1,600,64.1
59827,60470,60472,643,2,1,600,64.5
59829,60476,60477,647,1,1,600,64.8
59830,60482,60484,652,2,1,600,65.4
59893,60488,60495,595,7,1,600,60.2
59895,60494,60497,599,3,1,600,60.2
59899,60501,60502,602,1,1,600,60.3
59901,60507,60510,606,3,1,600,60.9
59903,60513,60515,610,2,1,600,61.2
59905,60520,60522,615,2,1,600,61.7
59907,60527,60529,620,2,1,600,62.2
59909,60539,60541,630,2,1,600,63.2
59912,60546,60548,634,2,1,600,63.6
59914,60553,60554,639,1,1,600,64.0
59916,60559,60561,643,2,1,600,64.5
59918,60565,60568,647,3,1,600,65.0
59920,60572,60574,652,2,1,600,65.4
59984,60579,60581,595,2,1,600,59.7
59986,60585,60587,599,2,1,600,60.1
59988,60591,60593,603,2,1,600,60.5
59990,60597,60600,607,3,1,600,61.0
59992,60604,60610,612,6,1,600,61.8
59994,60610,60612,616,2,1,600,61.8
59996,60617,60618,621,1,1,600,62.2
59998,60623,60625,625,2,1,600,62.7
59999,60629,60633,630,4,1,600,63.4
60002,60636,60637,634,1,1,600,63.5
60004,60642,60647,638,5,1,600,64.3
60006,60648,60650,642,2,1,600,64.4
60008,60654,60657,646,3,1,600,64.9
60011,60660,60662,649,2,1,600,65.1
60073,60666,60669,593,3,1,600,59.6
60075,60673,60678,598,5,1,600,60.3
60078,60680,60683,602,3,1,600,60.5
60080,60686,60689,606,3,1,600,60.9
60082,60692,60694,610,2,1,600,61.2
60084,60711,60713,627,2,1,600,62.9
60087,60718,60723,631,5,1,600,63.6
60091,60724,60725,633,1,1,600,63.4
60093,60730,60734,637,4,1,600,64.1
60095,60737,60739,642,2,1,600,64.4
60097,60743,60744,646,1,1,600,64.7
60099,60749,60751,650,2,1,600,65.2
60102,60756,60757,654,1,1,600,65.5
60105,60762,60770,657,8,1,600,66.5
60167,60769,60771,602,2,1,600,60.4
60170,60776,60777,606,1,1,600,60.7
60172,60782,60789,610,7,1,600,61.7
60174,60789,60790,615,1,1,600,61.6
60176,60795,60797,619,2,1,600,62.1
60178,60801,60803,623,2,1,600,62.5
60180,60808,60809,628,1,1,600,62.9
60182,60814,60816,632,2,1,600,63.4
60184,60820,60822,636,2,1,600,63.8
60186,60827,60829,641,2,1,600,64.3
60188,60833,60841,645,8,1,600,65.3
60190,60840,60843,650,3,1,600,65.3
60192,60846,60849,654,3,1,600,65.7
60194,60853,60854,659,1,1,600,66.0
60256,60859,60862,603,3,1,600,60.6
60258,60866,60869,608,3,1,600,61.1
60261,60878,60880,617,2,1,600,61.9
60263,60884,60888,621,4,1,600,62.5
60265,60890,60893,625,3,1,600,62.8
60267,60897,60898,630,1,1,600,63.1
60268,60903,60917,635,14,1,600,46.3571428571
60270,60909,60911,639,2,1,600,64.1
60273,60915,60917,642,2,1,600,64.4
60275,60922,60924,647,2,1,600,64.9
60277,60928,60931,651,3,1,600,65.4
60279,60935,60937,656,2,1,600,65.8
60281,60942,60943,661,1,1,600,66.2
60345,60948,60950,603,2,1,600,60.5
60346,60955,60958,609,3,1,600,61.2
60348,60961,60963,613,2,1,600,61.5
60351,60968,60970,617,2,1,600,61.9
60353,60975,60976,622,1,1,600,62.3
60355,60981,60983,626,2,1,600,62.8
60358,60987,60989,629,2,1,600,63.1
60360,60993,60996,633,3,1,600,63.6
60362,61000,61002,638,2,1,600,64.0
60364,61007,61009,643,2,1,600,64.5
60367,61014,61016,647,2,1,600,64.9
60369,61020,61023,651,3,1,600,65.4
60371,61027,61030,656,3,1,600,65.9
60374,61034,61037,660,3,1,600,66.3
60435,61046,61047,611,1,1,600,61.2
60438,61052,61066,614,14,1,600,44.8571428571
60441,61058,61067,617,9,1,600,62.6
60443,61065,61067,622,2,1,600,62.4
60446,61072,61074,626,2,1,600,62.8
60449,61078,61081,629,3,1,600,63.2
60451,61085,61086,634,1,1,600,63.5
60454,61091,61092,637,1,1,600,63.8
60455,61097,61099,642,2,1,600,64.4
60458,61103,61106,645,3,1,600,64.8
60459,61110,61112,651,2,1,600,65.3
60461,61116,61118,655,2,1,600,65.7
60463,61122,61124,659,2,1,600,66.1
60466,61129,61130,663,1,1,600,66.4
60528,61135,61137,607,2,1,600,60.9
60530,61141,61144,611,3,1,600,61.4
60532,61147,61149,615,2,1,600,61.7
60534,61154,61156,620,2,1,600,62.2
60536,61160,61162,624,2,1,600,62.6
60538,61166,61168,628,2,1,600,63.0
60541,61173,61174,632,1,1,600,63.3
60544,61179,61181,635,2,1,600,63.7
60546,61186,61187,640,1,1,600,64.1
60548,61192,61194,644,2,1,600,64.6
60551,61198,61200,647,2,1,600,64.9
60554,61212,61215,658,3,1,600,66.1
60556,61219,61221,663,2,1,600,66.5
60619,61226,61228,607,2,1,600,60.9
60621,61233,61235,612,2,1,600,61.4
60623,61240,61242,617,2,1,600,61.9
60626,61248,61252,622,4,1,600,62.6
60628,61255,61257,627,2,1,600,62.9
60630,61261,61264,631,3,1,600,63.4
60632,61269,61271,637,2,1,600,63.9
60634,61275,61277,641,2,1,600,64.3
60636,61282,61284,646,2,1,600,64.8
60638,61288,61291,650,3,1,600,65.3
60640,61295,61298,655,3,1,600,65.8
60642,61301,61305,659,4,1,600,66.3
60644,61308,61311,664,3,1,600,66.7
60646,61314,61317,668,3,1,600,67.1
60709,61321,61323,612,2,1,600,61.4
60711,61328,61330,617,2,1,600,61.9
60713,61334,61338,621,4,1,600,62.5
60715,61342,61344,627,2,1,600,62.9
60717,61349,61358,632,9,1,600,64.1
60720,61356,61358,636,2,1,600,63.8
60722,61362,61365,640,3,1,600,64.3
60723,61369,61370,646,1,1,600,64.7
60726,61376,61377,650,1,1,600,65.1
60728,61389,61390,661,1,1,600,66.2
60730,61396,61413,666,17,1,600,40.1764705882
60732,61402,61405,670,3,1,600,67.3
60794,61409,61411,615,2,1,600,61.7
60797,61415,61417,618,2,1,600,62.0
60799,61422,61424,623,2,1,600,62.5
60800,61429,61433,629,4,1,600,63.3
60803,61436,61438,633,2,1,600,63.5
60805,61443,61446,638,3,1,600,64.1
60808,61449,61453,641,4,1,600,64.5
60810,61455,61457,645,2,1,600,64.7
60811,61462,61466,651,4,1,600,65.5
60813,61469,61471,656,2,1,600,65.8
60816,61475,61479,659,4,1,600,66.3
60818,61482,61484,664,2,1,600,66.6
60821,61489,61491,668,2,1,600,67.0
60823,61496,61501,673,5,1,600,67.8
60886,61503,61505,617,2,1,600,61.9
60888,61510,61512,622,2,1,600,62.4
60890,61517,61519,627,2,1,600,62.9
60892,61523,61525,631,2,1,600,63.3
60894,61530,61535,636,5,1,600,64.1
60896,61536,61539,640,3,1,600,64.3
60898,61542,61545,644,3,1,600,64.7
60901,61549,61551,648,2,1,600,65.0
60903,61561,61563,658,2,1,600,66.0
60905,61567,61570,662,3,1,600,66.5
60907,61574,61576,667,2,1,600,66.9
60909,61580,61583,671,3,1,600,67.4
60971,61586,61588,615,2,1,600,61.7
60973,61593,61594,620,1,1,600,62.1
60977,61599,61601,622,2,1,600,62.4
60979,61606,61611,627,5,1,600,63.2
60981,61612,61615,631,3,1,600,63.4
60983,61619,61620,636,1,1,600,63.7
60985,61625,61628,640,3,1,600,64.3
60986,61632,61634,646,2,1,600,64.8
60989,61639,61641,650,2,1,600,65.2
60991,61645,61647,654,2,1,600,65.6
60993,61652,61655,659,3,1,600,66.2
60996,61658,61660,662,2,1,600,66.4
60998,61664,61668,666,4,1,600,67.0
61000,61671,61681,671,10,1,600,68.1
61003,61677,61679,674,2,1,600,67.6
61065,61684,61687,619,3,1,600,62.2
61067,61690,61693,623,3,1,600,62.6
61069,61697,61699,628,2,1,600,63.0
61071,61704,61715,633,11,1,600,58.5454545455
61073,61711,61715,638,4,1,600,64.2
61076,61719,61725,643,6,1,600,64.9
61078,61732,61734,654,2,1,600,65.6
61081,61739,61742,658,3,1,600,66.1
61083,61745,61749,662,4,1,600,66.6
61085,61752,61753,667,1,1,600,66.8
61087,61758,61760,671,2,1,600,67.3
61089,61765,61767,676,2,1,600,67.8
61151,61772,61774,621,2,1,600,62.3
61153,61778,61780,625,2,1,600,62.7
61156,61785,61786,629,1,1,600,63.0
61158,61792,61795,634,3,1,600,63.7
61160,61799,61802,639,3,1,600,64.2
61162,61805,61807,643,2,1,600,64.5
61165,61811,61818,646,7,1,600,65.3
61168,61818,61820,650,2,1,600,65.2
61170,61824,61826,654,2,1,600,65.6
61172,61831,61832,659,1,1,600,66.0
61175,61837,61846,662,9,1,600,67.1
61177,61843,61845,666,2,1,600,66.8
61179,61850,61852,671,2,1,600,67.3
61181,61856,61858,675,2,1,600,67.7
61183,61863,61865,680,2,1,600,68.2
61246,61870,61873,624,3,1,600,62.7
61248,61877,61879,629,2,1,600,63.1
61251,61884,61886,633,2,1,600,63.5
61253,61891,61893,638,2,1,600,64.0
61255,61903,61905,648,2,1,600,65.0
61257,61909,61911,652,2,1,600,65.4
61260,61916,61922,656,6,1,600,66.2
61262,61922,61926,660,4,1,600,66.4
61264,61929,61931,665,2,1,600,66.7
61266,61935,61937,669,2,1,600,67.1
61268,61941,61943,673,2,1,600,67.5
61271,61948,61950,677,2,1,600,67.9
61333,61954,61956,621,2,1,600,62.3
61336,61961,61963,625,2,1,600,62.7
61338,61967,61969,629,2,1,600,63.1
61341,61974,61976,633,2,1,600,63.5
61345,61980,61983,635,3,1,600,63.8
61347,61987,61989,640,2,1,600,64.2
61351,61994,61997,643,3,1,600,64.6
61354,62002,62004,648,2,1,600,65.0
61356,62008,62010,652,2,1,600,65.4
61358,62015,62017,657,2,1,600,65.9
61360,62022,62024,662,2,1,600,66.4
61362,62028,62032,666,4,1,600,67.0
61364,62035,62036,671,1,1,600,67.2
61366,62041,62049,675,8,1,600,68.3
61429,62048,62051,619,3,1,600,62.2
61431,62054,62056,623,2,1,600,62.5
61434,62061,62066,627,5,1,600,63.2
61436,62236,62238,800,2,1,600,80.2
61438,62243,62246,805,3,1,600,80.8
61440,62262,62263,822,1,1,600,82.3
61443,62268,62278,825,10,1,600,83.5
61445,62274,62277,829,3,1,600,83.2
61447,62281,62284,834,3,1,600,83.7
61448,62287,62291,839,4,1,600,84.3
61451,62294,62295,843,1,1,600,84.4
61454,62300,62302,846,2,1,600,84.8
61516,62306,62308,790,2,1,600,79.2
61519,62313,62315,794,2,1,600,79.6
61521,62320,62329,799,9,1,600,80.8
61523,62326,62328,803,2,1,600,80.5
61526,62332,62335,806,3,1,600,80.9
61528,62339,62342,811,3,1,600,81.4
61530,62346,62352,816,6,1,600,82.2
61532,62352,62355,820,3,1,600,82.3
61535,62359,62361,824,2,1,600,82.6
61538,62365,62367,827,2,1,600,82.9
61540,62372,62374,832,2,1,600,83.4
61543,62379,62386,836,7,1,600,84.3
61545,62386,62388,841,2,1,600,84.3
61547,62392,62395,845,3,1,600,84.8
61610,62399,62401,789,2,1,600,79.1
61612,62405,62407,793,2,1,600,79.5
61615,62413,62415,798,2,1,600,80.0
61617,62419,62424,802,5,1,600,80.7
61619,62432,62434,813,2,1,600,81.5
61621,62440,62443,819,3,1,600,82.2
61623,62446,62450,823,4,1,600,82.7
61626,62453,62457,827,4,1,600,83.1
61628,62460,62462,832,2,1,600,83.4
61630,62466,62469,836,3,1,600,83.9
61633,62473,62476,840,3,1,600,84.3
61635,62479,62481,844,2,1,600,84.6
61637,62486,62492,849,6,1,600,85.5
61700,62493,62495,793,2,1,600,79.5
61702,62499,62501,797,2,1,600,79.9
61704,62506,62507,802,1,1,600,80.3
61707,62512,62514,805,2,1,600,80.7
61709,62519,62521,810,2,1,600,81.2
61712,62525,62528,813,3,1,600,81.6
61714,62532,62544,818,12,1,600,69.1666666667
61716,62538,62540,822,2,1,600,82.4
61718,62544,62546,826,2,1,600,82.8
61721,62551,62553,830,2,1,600,83.2
61723,62557,62560,834,3,1,600,83.7
61726,62564,62574,838,10,1,600,84.8
61728,62570,62574,842,4,1,600,84.6
61790,62577,62578,787,1,1,600,78.8
61792,62584,62585,792,1,1,600,79.3
61795,62590,62592,795,2,1,600,79.7
61797,62604,62605,807,1,1,600,80.8
61799,62611,62621,812,10,1,600,82.2
61800,62617,62620,817,3,1,600,82.0
61802,62624,62626,822,2,1,600,82.4
61804,62631,62632,827,1,1,600,82.8
61807,62637,62641,830,4,1,600,83.4
61810,62643,62645,833,2,1,600,83.5
61811,62650,62651,839,1,1,600,84.0
61814,62656,62659,842,3,1,600,84.5
61816,62663,62664,847,1,1,600,84.8
61879,62669,62672,790,3,1,600,79.3
61882,62676,62679,794,3,1,600,79.7
61884,62682,62684,798,2,1,600,80.0
61887,62689,62691,802,2,1,600,80.4
61889,62696,62699,807,3,1,600,81.0
61891,62702,62704,811,2,1,600,81.3
61894,62085,62088,191,3,1,600,19.4
61896,62092,62093,196,1,1,600,19.7
61899,62098,62100,199,2,1,600,20.1
61900,62104,62106,204,2,1,600,20.6
61902,62111,62112,209,1,1,600,21.0
61905,62117,62122,212,5,1,600,21.7
61907,62124,62125,217,1,1,600,21.8
61970,62130,62133,160,3,1,600,16.3
61973,62137,62139,164,2,1,600,16.6
61976,62144,62145,168,1,1,600,16.9
61978,62150,62152,172,2,1,600,17.4
61981,62157,62159,176,2,1,600,17.8
61983,62164,62166,181,2,1,600,18.3
61985,62170,62172,185,2,1,600,18.7
61988,62177,62179,189,2,1,600,19.1
61990,62183,62185,193,2,1,600,19.5
61993,62190,62192,197,2,1,600,19.9
61995,62196,62198,201,2,1,600,20.3
61997,62203,62204,206,1,1,600,20.7
61999,62209,62211,210,2,1,600,21.2
62002,62216,62217,214,1,1,600,21.5
62004,62223,62225,219,2,1,600,22.1
62066,62709,62710,643,1,1,600,64.4
62069,62716,62719,647,3,1,600,65.0
62071,62723,62725,652,2,1,600,65.4
62073,62730,62732,657,2,1,600,65.9
62075,62737,62739,662,2,1,600,66.4
62077,62744,62746,667,2,1,600,66.9
62079,62750,62753,671,3,1,600,67.4
62081,62757,62766,676,9,1,600,68.5
62083,62763,62765,680,2,1,600,68.2
62085,62776,62778,691,2,1,600,69.3
62148,62783,62785,635,2,1,600,63.7
62150,62789,62791,639,2,1,600,64.1
62153,62796,62799,643,3,1,600,64.6
62155,62802,62804,647,2,1,600,64.9
62158,62808,62810,650,2,1,600,65.2
62160,62815,62822,655,7,1,600,66.2
62162,62821,62824,659,3,1,600,66.2
62164,62828,62831,664,3,1,600,66.7
62166,62834,62848,668,14,1,600,48.7142857143
62168,62841,62843,673,2,1,600,67.5
62171,62847,62849,676,2,1,600,67.8
62173,62854,62856,681,2,1,600,68.3
62175,62860,62864,685,4,1,600,68.9
62239,62866,62869,627,3,1,600,63.0
62241,62873,62877,632,4,1,600,63.6
62243,62880,62882,637,2,1,600,63.9
62245,62886,62889,641,3,1,600,64.4
62248,62894,62895,646,1,1,600,64.7
62251,62900,62903,649,3,1,600,65.2
62253,62907,62909,654,2,1,600,65.6
62255,62914,62916,659,2,1,600,66.1
62257,62920,62921,663,1,1,600,66.4
62259,62927,62928,668,1,1,600,66.9
62262,62933,62939,671,6,1,600,67.7
62264,62946,62949,682,3,1,600,68.5
62325,62953,62955,628,2,1,600,63.0
62328,62960,62971,632,11,1,600,58.4545454545
62330,62966,62968,636,2,1,600,63.8
62332,62973,62976,641,3,1,600,64.4
62335,62980,62982,645,2,1,600,64.7
62337,62987,62990,650,3,1,600,65.3
62339,62994,62997,655,3,1,600,65.8
62342,63001,63002,659,1,1,600,66.0
62344,63008,63010,664,2,1,600,66.6
62346,63014,63016,668,2,1,600,67.0
62348,63021,63025,673,4,1,600,67.7
62350,63028,63030,678,2,1,600,68.0
62353,63035,63037,682,2,1,600,68.4
62416,63042,63044,626,2,1,600,62.8
62418,63049,63051,631,2,1,600,63.3
62420,63056,63058,636,2,1,600,63.8
62423,63063,63067,640,4,1,600,64.4
62425,63071,63073,646,2,1,600,64.8
62428,63078,63081,650,3,1,600,65.3
62430,63086,63089,656,3,1,600,65.9
62433,63094,63095,661,1,1,600,66.2
62435,63102,63104,667,2,1,600,66.9
62437,63109,63111,672,2,1,600,67.4
62440,63116,63119,676,3,1,600,67.9
62442,63129,63131,687,2,1,600,68.9
62445,63136,63138,691,2,1,600,69.3
62508,63143,63150,635,7,1,600,64.2
62510,63150,63151,640,1,1,600,64.1
62513,63157,63160,644,3,1,600,64.7
62515,63163,63168,648,5,1,600,65.3
62518,63170,63171,652,1,1,600,65.3
62519,63177,63180,658,3,1,600,66.1
62521,63184,63192,663,8,1,600,67.1
62524,63191,63193,667,2,1,600,66.9
62526,63198,63200,672,2,1,600,67.4
62528,63205,63217,677,12,1,600,57.4166666667
62530,63212,63215,682,3,1,600,68.5
62532,63218,63220,686,2,1,600,68.8
62534,63225,63227,691,2,1,600,69.3
62536,63232,63233,696,1,1,600,69.7
62600,63238,63242,638,4,1,600,64.2
62602,63245,63247,643,2,1,600,64.5
62604,63252,63253,648,1,1,600,64.9
62606,63258,63260,652,2,1,600,65.4
62609,63266,63267,657,1,1,600,65.8
62611,63273,63274,662,1,1,600,66.3
62613,63279,63281,666,2,1,600,66.8
62615,63286,63288,671,2,1,600,67.3
62618,63293,63296,675,3,1,600,67.8
62620,63307,63308,687,1,1,600,68.8
62622,63313,63316,691,3,1,600,69.4
62685,63320,63323,635,3,1,600,63.8
62687,63327,63329,640,2,1,600,64.2
62689,63333,63336,644,3,1,600,64.7
62692,63340,63342,648,2,1,600,65.0
62694,63348,63350,654,2,1,600,65.6
62696,63355,63357,659,2,1,600,66.1
62698,63362,63364,664,2,1,600,66.6
62700,63369,63371,669,2,1,600,67.1
62702,63376,63377,674,1,1,600,67.5
62705,63383,63385,678,2,1,600,68.0
62707,63390,63393,683,3,1,600,68.6
62709,63397,63400,688,3,1,600,69.1
62712,63404,63406,692,2,1,600,69.4
62714,63410,63414,696,4,1,600,70.0
62717,63417,63419,700,2,1,600,70.2
62719,63424,63425,705,1,1,600,70.6
62782,63431,63433,649,2,1,600,65.1
62785,63438,63449,653,11,1,600,60.3636363636
62787,63445,63446,658,1,1,600,65.9
62789,63451,63452,662,1,1,600,66.3
62792,63458,63459,666,1,1,600,66.7
62794,63464,63466,670,2,1,600,67.2
62796,63471,63473,675,2,1,600,67.7
62798,63483,63486,685,3,1,600,68.8
62800,63490,63494,690,4,1,600,69.4
62802,63496,63508,694,12,1,600,58.8333333333
62804,63503,63505,699,2,1,600,70.1
62806,63509,63511,703,2,1,600,70.5
62869,63516,63518,647,2,1,600,64.9
62871,63522,63524,651,2,1,600,65.3
62873,63529,63531,656,2,1,600,65.8
62875,63536,63540,661,4,1,600,66.5
62878,63543,63548,665,5,1,600,67.0
62880,63549,63551,669,2,1,600,67.1
62882,63556,63557,674,1,1,600,67.5
62885,63562,63564,677,2,1,600,67.9
62887,63569,63575,682,6,1,600,68.8
62889,63576,63577,687,1,1,600,68.8
62891,63583,63585,692,2,1,600,69.4
62894,63589,63591,695,2,1,600,69.7
62896,63596,63598,700,2,1,600,70.2
62899,63603,63605,704,2,1,600,70.6
62962,63610,63612,648,2,1,600,65.0
62964,63618,63619,654,1,1,600,65.5
62966,63625,63627,659,2,1,600,66.1
62969,63633,63637,664,4,1,600,66.8
62971,63640,63642,669,2,1,600,67.1
62974,63646,63649,672,3,1,600,67.5
62976,63660,63663,684,3,1,600,68.7
62978,63667,63668,689,1,1,600,69.0
62980,63674,63676,694,2,1,600,69.6
62983,63680,63683,697,3,1,600,70.0
62985,63687,63689,702,2,1,600,70.4
62987,63693,63696,706,3,1,600,70.9
62990,63700,63703,710,3,1,600,71.3
63053,63707,63709,654,2,1,600,65.6
63055,63714,63716,659,2,1,600,66.1
63059,63721,63723,662,2,1,600,66.4
63062,63728,63730,666,2,1,600,66.8
63064,63736,63737,672,1,1,600,67.3
63067,63743,63745,676,2,1,600,67.8
63070,63749,63753,679,4,1,600,68.3
63075,63756,63758,681,2,1,600,68.3
63077,63763,63765,686,2,1,600,68.8
63079,63770,63771,691,1,1,600,69.2
63082,63777,63778,695,1,1,600,69.6
63085,63784,63786,699,2,1,600,70.1
63087,63791,63793,704,2,1,600,70.6
63090,63798,63800,708,2,1,600,71.0
63152,63806,63808,654,2,1,600,65.6
63155,63813,63815,658,2,1,600,66.0
63157,63821,63823,664,2,1,600,66.6
63159,63829,63831,670,2,1,600,67.2
63161,63842,63844,681,2,1,600,68.3
63163,63849,63851,686,2,1,600,68.8
63166,63856,63858,690,2,1,600,69.2
63168,63863,63866,695,3,1,600,69.8
63171,63870,63871,699,1,1,600,70.0
63173,63876,63880,703,4,1,600,70.7
63176,63883,63884,707,1,1,600,70.8
63178,63889,63892,711,3,1,600,71.4
63241,63896,63898,655,2,1,600,65.7
63243,63904,63906,661,2,1,600,66.3
63246,63911,63912,665,1,1,600,66.6
63248,63917,63926,669,9,1,600,67.8
63250,63924,63926,674,2,1,600,67.6
63252,63931,63933,679,2,1,600,68.1
63254,63938,63940,684,2,1,600,68.6
63257,63945,63948,688,3,1,600,69.1
63259,63951,63964,692,13,1,600,54.2307692308
63262,63958,63961,696,3,1,600,69.9
63264,63964,63966,700,2,1,600,70.2
63266,63971,63973,705,2,1,600,70.7
63269,63977,63981,708,4,1,600,71.2
63331,63984,63986,653,2,1,600,65.5
63334,63992,63994,658,2,1,600,66.0
63336,63998,64000,662,2,1,600,66.4
63339,64005,64006,666,1,1,600,66.7
63341,64019,64021,678,2,1,600,68.0
63344,64026,64028,682,2,1,600,68.4
63346,64032,64043,686,11,1,600,63.3636363636
63348,64039,64046,691,7,1,600,69.8
63351,64046,64048,695,2,1,600,69.7
63353,64053,64055,700,2,1,600,70.2
63355,64060,64062,705,2,1,600,70.7
63358,64066,64069,708,3,1,600,71.1
63420,64073,64078,653,5,1,600,65.8
63422,64080,64082,658,2,1,600,66.0
63425,64087,64090,662,3,1,600,66.5
63427,64094,64096,667,2,1,600,66.9
63430,64101,64109,671,8,1,600,67.9
63434,64109,64111,675,2,1,600,67.7
63436,64115,64129,679,14,1,600,49.5
63440,64122,64125,682,3,1,600,68.5
63442,64129,64131,687,2,1,600,68.9
63444,64136,64137,692,1,1,600,69.3
63447,64142,64144,695,2,1,600,69.7
63449,64149,64151,700,2,1,600,70.2
63512,64156,64164,644,8,1,600,65.2
63514,64162,64164,648,2,1,600,65.0
63516,64169,64171,653,2,1,600,65.5
63518,64176,64177,658,1,1,600,65.9
63521,64184,64185,663,1,1,600,66.4
63523,64197,64201,674,4,1,600,67.8
63525,64204,64206,679,2,1,600,68.1
63527,64211,64213,684,2,1,600,68.6
63530,64218,64220,688,2,1,600,69.0
63532,64225,64228,693,3,1,600,69.6
63534,64232,64233,698,1,1,600,69.9
63536,64239,64242,703,3,1,600,70.6
63538,64245,64248,707,3,1,600,71.0
63541,64252,64257,711,5,1,600,71.6
63603,64259,64261,656,2,1,600,65.8
63606,64267,64270,661,3,1,600,66.4
63608,64275,64277,667,2,1,600,66.9
63611,64283,64285,672,2,1,600,67.4
63614,64290,64293,676,3,1,600,67.9
63616,64297,64299,681,2,1,600,68.3
63618,64304,64305,686,1,1,600,68.7
63621,64310,64312,689,2,1,600,69.1
63623,64317,64318,694,1,1,600,69.5
63626,64324,64326,698,2,1,600,70.0
63629,64330,64332,701,2,1,600,70.3
63631,64337,64341,706,4,1,600,71.0
63636,64344,64346,708,2,1,600,71.0
63638,64351,64353,713,2,1,600,71.5
63700,64358,64366,658,8,1,600,66.6
63703,64365,64370,662,5,1,600,66.7
63705,64378,64380,673,2,1,600,67.5
63707,64386,64388,679,2,1,600,68.1
63710,64393,64394,683,1,1,600,68.4
63712,64400,64406,688,6,1,600,69.4
63714,64407,64409,693,2,1,600,69.5
63717,64414,64416,697,2,1,600,69.9
63720,64421,64422,701,1,1,600,70.2
63724,64428,64429,704,1,1,600,70.5
63726,64435,64437,709,2,1,600,71.1
63729,64442,64448,713,6,1,600,71.9
63732,64449,64451,717,2,1,600,71.9
63794,64456,64463,662,7,1,600,66.9
63797,64464,64466,667,2,1,600,66.9
63799,64471,64473,672,2,1,600,67.4
63802,64479,64480,677,1,1,600,67.8
63804,64486,64487,682,1,1,600,68.3
63807,64493,64494,686,1,1,600,68.7
63809,64499,64501,690,2,1,600,69.2
63812,64506,64509,694,3,1,600,69.7
63814,64513,64514,699,1,1,600,70.0
63817,64519,64521,702,2,1,600,70.4
63820,64526,64559,706,33,1,600,22.3939393939
63822,64533,64535,711,2,1,600,71.3
63825,64540,64541,715,1,1,600,71.6
63887,64547,64549,660,2,1,600,66.2
63890,64559,64561,669,2,1,600,67.1
63892,64566,64570,674,4,1,600,67.8
63895,64573,64575,678,2,1,600,68.0
63897,64580,64582,683,2,1,600,68.5
63900,64587,64590,687,3,1,600,69.0
63902,64593,64595,691,2,1,600,69.3
63906,64600,64602,694,2,1,600,69.6
63909,64607,64614,698,7,1,600,70.5
63913,64614,64615,701,1,1,600,70.2
63915,64620,64623,705,3,1,600,70.8
63918,64627,64629,709,2,1,600,71.1
63920,64634,64636,714,2,1,600,71.6
63983,64641,64644,658,3,1,600,66.1
63985,64648,64650,663,2,1,600,66.5
63988,64655,64656,667,1,1,600,66.8
63990,64662,64664,672,2,1,600,67.4
63992,64669,64671,677,2,1,600,67.9
63994,64676,64678,682,2,1,600,68.4
63997,64683,64684,686,1,1,600,68.7
63999,64690,64692,691,2,1,600,69.3
64001,64697,64699,696,2,1,600,69.8
64004,64703,64710,699,7,1,600,70.6
64006,64710,64711,704,1,1,600,70.5
64008,64716,64718,708,2,1,600,71.0
64011,64723,64725,712,2,1,600,71.4
64014,64752,64754,738,2,1,600,74.0
64077,64759,64761,682,2,1,600,68.4
64079,64766,64768,687,2,1,600,68.9
64083,64773,64775,690,2,1,600,69.2
64085,64780,64782,695,2,1,600,69.7
64087,64787,64789,700,2,1,600,70.2
64090,64794,64797,704,3,1,600,70.7
64092,64801,64805,709,4,1,600,71.3
64095,64809,64811,714,2,1,600,71.6
64097,64816,64818,719,2,1,600,72.1
64099,64824,64827,725,3,1,600,72.8
64102,64832,64836,730,4,1,600,73.4
64105,64840,64842,735,2,1,600,73.7
64167,64848,64850,681,2,1,600,68.3
64169,64855,64859,686,4,1,600,69.0
64172,64862,64864,690,2,1,600,69.2
64174,64869,64871,695,2,1,600,69.7
64177,64875,64877,698,2,1,600,70.0
64179,64883,64884,704,1,1,600,70.5
64182,64889,64893,707,4,1,600,71.1
64185,64896,64898,711,2,1,600,71.3
64188,64903,64906,715,3,1,600,71.8
64190,64911,64916,721,5,1,600,72.6
64193,64918,64920,725,2,1,600,72.7
64195,64926,64928,731,2,1,600,73.3
64198,64940,64943,742,3,1,600,74.5
64260,64946,64948,686,2,1,600,68.8
64263,64953,64955,690,2,1,600,69.2
64266,64959,64964,693,5,1,600,69.8
64268,64966,64968,698,2,1,600,70.0
64271,64973,64979,702,6,1,600,70.8
64273,64980,64983,707,3,1,600,71.0
64276,64987,64989,711,2,1,600,71.3
64278,64994,64996,716,2,1,600,71.8
64281,65001,65003,720,2,1,600,72.2
64283,65008,65010,725,2,1,600,72.7
64286,65014,65016,728,2,1,600,73.0
64288,65022,65023,734,1,1,600,73.5
64351,65029,65033,678,4,1,600,68.2
64354,65037,65039,683,2,1,600,68.5
64356,65044,65045,688,1,1,600,68.9
64361,65051,65053,690,2,1,600,69.2
64363,65058,65060,695,2,1,600,69.7
64366,65064,65067,698,3,1,600,70.1
64368,65071,65073,703,2,1,600,70.5
64371,65078,65080,707,2,1,600,70.9
64374,65084,65087,710,3,1,600,71.3
64377,65092,65094,715,2,1,600,71.7
64379,65099,65102,720,3,1,600,72.3
64382,65107,65112,725,5,1,600,73.0
64384,65121,65122,737,1,1,600,73.8
64386,65129,65131,743,2,1,600,74.5
64449,65136,65138,687,2,1,600,68.9
64452,65143,65145,691,2,1,600,69.3
64454,65150,65152,696,2,1,600,69.8
64457,65158,65162,701,4,1,600,70.5
64460,65165,65167,705,2,1,600,70.7
64462,65172,65175,710,3,1,600,71.3
64464,65179,65181,715,2,1,600,71.7
64467,65187,65189,720,2,1,600,72.2
64470,65194,65196,724,2,1,600,72.6
64472,65201,65209,729,8,1,600,73.7
64475,65209,65211,734,2,1,600,73.6
64477,65217,65219,740,2,1,600,74.2
64539,65226,65227,687,1,1,600,68.8
64543,65233,65234,690,1,1,600,69.1
64545,65240,65241,695,1,1,600,69.6
64547,65247,65249,700,2,1,600,70.2
64549,65254,65256,705,2,1,600,70.7
64552,65261,65265,709,4,1,600,71.3
64555,65269,65271,714,2,1,600,71.6
64557,65276,65279,719,3,1,600,72.2
64560,65283,65285,723,2,1,600,72.5
64562,65290,65292,728,2,1,600,73.0
64564,65298,65309,734,11,1,600,67.7272727273
64567,65311,65316,744,5,1,600,74.9
64569,65319,65321,750,2,1,600,75.2
64631,65326,65327,695,1,1,600,69.6
64634,65333,65335,699,2,1,600,70.1
64637,65340,65341,703,1,1,600,70.4
64639,65347,65349,708,2,1,600,71.0
64641,65353,65355,712,2,1,600,71.4
64644,65360,65367,716,7,1,600,72.3
64647,65367,65369,720,2,1,600,72.2
64651,65374,65379,723,5,1,600,72.8
64653,65381,65383,728,2,1,600,73.0
64656,65389,65396,733,7,1,600,74.0
64658,65396,65398,738,2,1,600,74.0
64660,65403,65405,743,2,1,600,74.5
64663,65410,65412,747,2,1,600,74.9
64665,65417,65419,752,2,1,600,75.4
64728,65424,65427,696,3,1,600,69.9
64730,65431,65433,701,2,1,600,70.3
64733,65438,65440,705,2,1,600,70.7
64735,65446,65448,711,2,1,600,71.3
64738,65453,65454,715,1,1,600,71.6
64741,65460,65462,719,2,1,600,72.1
64743,65467,65469,724,2,1,600,72.6
64745,65474,65476,729,2,1,600,73.1
64749,65482,65484,733,2,1,600,73.5
64751,65495,65496,744,1,1,600,74.5
64814,65502,65506,688,4,1,600,69.2
64817,65509,65516,692,7,1,600,69.9
64820,65515,65519,695,4,1,600,69.9
64822,65522,65524,700,2,1,600,70.2
64825,65528,65530,703,2,1,600,70.5
64828,65535,65541,707,6,1,600,71.3
64831,65542,65543,711,1,1,600,71.2
64833,65549,65550,716,1,1,600,71.7
64836,65556,65558,720,2,1,600,72.2
64838,65563,65567,725,4,1,600,72.9
64841,65570,65572,729,2,1,600,73.1
64844,65577,65580,733,3,1,600,73.6
64906,65585,65587,679,2,1,600,68.1
64909,65593,65599,684,6,1,600,69.0
64911,65601,65603,690,2,1,600,69.2
64914,65608,65610,694,2,1,600,69.6
64916,65615,65618,699,3,1,600,70.2
64919,65622,65624,703,2,1,600,70.5
64922,65629,65631,707,2,1,600,70.9
64924,65636,65637,712,1,1,600,71.3
64927,65642,65644,715,2,1,600,71.7
64929,65649,65652,720,3,1,600,72.3
64932,65656,65658,724,2,1,600,72.6
64936,65663,65665,727,2,1,600,72.9
64938,65677,65680,739,3,1,600,74.2
65000,65685,65687,685,2,1,600,68.7
65003,65692,65695,689,3,1,600,69.2
65005,65699,65700,694,1,1,600,69.5
65008,65706,65708,698,2,1,600,70.0
65010,65713,65718,703,5,1,600,70.8
65012,65720,65739,708,19,1,600,38.2631578947
65015,65727,65729,712,2,1,600,71.4
65018,65734,65736,716,2,1,600,71.8
65020,65741,65742,721,1,1,600,72.2
65022,65748,65751,726,3,1,600,72.9
65025,65755,65758,730,3,1,600,73.3
65027,65763,65766,736,3,1,600,73.9
65030,65771,65775,741,4,1,600,74.5
65092,65779,65780,687,1,1,600,68.8
65095,65786,65787,691,1,1,600,69.2
65098,65792,65794,694,2,1,600,69.6
65100,65800,65801,700,1,1,600,70.1
65103,65807,65810,704,3,1,600,70.7
65106,65814,65821,708,7,1,600,71.5
65108,65821,65824,713,3,1,600,71.6
65111,65828,65829,717,1,1,600,71.8
65113,65835,65837,722,2,1,600,72.4
65117,65842,65844,725,2,1,600,72.7
65119,65849,65857,730,8,1,600,73.8
65122,65863,65864,741,1,1,600,74.2
65185,65870,65872,685,2,1,600,68.7
65187,65878,65881,691,3,1,600,69.4
65190,65886,65888,696,2,1,600,69.8
65193,65892,65897,699,5,1,600,70.4
65197,65899,65902,702,3,1,600,70.5
65200,65906,65908,706,2,1,600,70.8
65202,65913,65918,711,5,1,600,71.6
65205,65920,65922,715,2,1,600,71.7
65208,65927,65928,719,1,1,600,72.0
65210,65934,65936,724,2,1,600,72.6
65214,65941,65943,727,2,1,600,72.9
65216,65948,65950,732,2,1,600,73.4
65219,65955,65958,736,3,1,600,73.9
65281,65962,65965,681,3,1,600,68.4
65283,65969,65972,686,3,1,600,68.9
65286,65976,65977,690,1,1,600,69.1
65288,65983,65985,695,2,1,600,69.7
65291,65990,65993,699,3,1,600,70.2
65294,65997,65999,703,2,1,600,70.5
65296,66004,66006,708,2,1,600,71.0
65299,66011,66013,712,2,1,600,71.4
65301,66018,66020,717,2,1,600,71.9
65304,66025,66027,721,2,1,600,72.3
65308,66033,66035,725,2,1,600,72.7
65370,66047,66049,677,2,1,600,67.9
65373,66054,66057,681,3,1,600,68.4
65375,66062,66064,687,2,1,600,68.9
65377,66070,66071,693,1,1,600,69.4
65379,66077,66103,698,26,1,600,27.8461538462
65382,66084,66086,702,2,1,600,70.4
65385,66091,66098,706,7,1,600,71.3
65388,66098,66101,710,3,1,600,71.3
65392,66105,66106,713,1,1,600,71.4
65395,66112,66113,717,1,1,600,71.8
65399,66119,66120,720,1,1,600,72.1
65401,66126,66129,725,3,1,600,72.8
65403,66133,66135,730,2,1,600,73.2
65406,66140,66142,734,2,1,600,73.6
65470,66148,66151,678,3,1,600,68.1
65472,66156,66157,684,1,1,600,68.5
65475,66163,66167,688,4,1,600,69.2
65477,66170,66172,693,2,1,600,69.5
65480,66177,66181,697,4,1,600,70.1
65482,66184,66186,702,2,1,600,70.4
65485,66191,66193,706,2,1,600,70.8
65488,66198,66200,710,2,1,600,71.2
65491,66205,66207,714,2,1,600,71.6
65493,66212,66214,719,2,1,600,72.1
65496,66219,66221,723,2,1,600,72.5
65498,66233,66235,735,2,1,600,73.7
65560,66240,66242,680,2,1,600,68.2
65563,66248,66250,685,2,1,600,68.7
65566,66255,66257,689,2,1,600,69.1
65568,66262,66268,694,6,1,600,70.0
65570,66269,66272,699,3,1,600,70.2
65573,66276,66286,703,10,1,600,71.3
65575,66283,66285,708,2,1,600,71.0
65578,66290,66292,712,2,1,600,71.4
65581,66297,66299,716,2,1,600,71.8
65583,66305,66306,722,1,1,600,72.3
65586,66312,66315,726,3,1,600,72.9
65589,66319,66322,730,3,1,600,73.3
65591,66326,66328,735,2,1,600,73.7
65594,66334,66336,740,2,1,600,74.2
65656,66342,66345,686,3,1,600,68.9
65659,66349,66351,690,2,1,600,69.2
65662,66356,66360,694,4,1,600,69.8
65664,66364,66366,700,2,1,600,70.2
65666,66371,66373,705,2,1,600,70.7
65669,66378,66379,709,1,1,600,71.0
65673,66385,66396,712,11,1,600,65.7272727273
65676,66392,66394,716,2,1,600,71.8
65678,66398,66400,720,2,1,600,72.2
65681,66405,66407,724,2,1,600,72.6
65683,66420,66421,737,1,1,600,73.8
65746,66427,66428,681,1,1,600,68.2
65748,66434,66435,686,1,1,600,68.7
65751,66441,66442,690,1,1,600,69.1
65754,66448,66453,694,5,1,600,69.9
65756,66456,66457,700,1,1,600,70.1
65759,66463,66464,704,1,1,600,70.5
65762,66470,66473,708,3,1,600,71.1
65764,66477,66479,713,2,1,600,71.5
65767,66484,66485,717,1,1,600,71.8
65769,66491,66493,722,2,1,600,72.4
65772,66498,66500,726,2,1,600,72.8
65774,66505,66508,731,3,1,600,73.4
65777,66512,66516,735,4,1,600,73.9
65840,66519,66522,679,3,1,600,68.2
65842,66527,66529,685,2,1,600,68.7
65845,66534,66537,689,3,1,600,69.2
65848,66542,66544,694,2,1,600,69.6
65850,66549,66553,699,4,1,600,70.3
65852,66557,66560,705,3,1,600,70.8
65855,66564,66566,709,2,1,600,71.1
65859,66571,66573,712,2,1,600,71.4
65861,66579,66580,718,1,1,600,71.9
65864,66585,66587,721,2,1,600,72.3
65867,66593,66595,726,2,1,600,72.8
65869,66607,66609,738,2,1,600,74.0
65871,66614,66616,743,2,1,600,74.5
65934,66622,66624,688,2,1,600,69.0
65937,66629,66631,692,2,1,600,69.4
65939,66638,66640,699,2,1,600,70.1
65941,66645,66648,704,3,1,600,70.7
65944,66653,66655,709,2,1,600,71.1
65947,66662,66664,715,2,1,600,71.7
65948,66669,66679,721,10,1,600,73.1
65951,66676,66683,725,7,1,600,73.2
65953,66683,66687,730,4,1,600,73.4
65956,66690,66692,734,2,1,600,73.6
65959,66698,66701,739,3,1,600,74.2
65961,66705,66708,744,3,1,600,74.7
66024,66712,66714,688,2,1,600,69.0
66026,66719,66721,693,2,1,600,69.5
66029,66726,66728,697,2,1,600,69.9
66033,66733,66735,700,2,1,600,70.2
66036,66740,66742,704,2,1,600,70.6
66039,66747,66750,708,3,1,600,71.1
66043,66755,66757,712,2,1,600,71.4
66046,66762,66764,716,2,1,600,71.8
66051,66770,66771,719,1,1,600,72.0
66053,66777,66780,724,3,1,600,72.7
66058,66784,66786,726,2,1,600,72.8
66060,66799,66800,739,1,1,600,74.0
66063,66806,66811,743,5,1,600,74.8
66066,66813,66817,747,4,1,600,75.1
66129,66821,66824,692,3,1,600,69.5
66131,66828,66830,697,2,1,600,69.9
66133,66835,66866,702,31,1,600,23.6451612903
66136,66843,66846,707,3,1,600,71.0
66139,66850,66853,711,3,1,600,71.4
66141,66858,66865,717,7,1,600,72.4
66144,66865,66868,721,3,1,600,72.4
66146,66872,66874,726,2,1,600,72.8
66149,66879,66881,730,2,1,600,73.2
66152,66886,66889,734,3,1,600,73.7
66154,66894,66895,740,1,1,600,74.1
66156,66901,66904,745,3,1,600,74.8
66160,66907,66909,747,2,1,600,74.9
66222,66914,66916,692,2,1,600,69.4
66225,66921,66923,696,2,1,600,69.8
66229,66928,66930,699,2,1,600,70.1
66231,66936,66938,705,2,1,600,70.7
66233,66944,66946,711,2,1,600,71.3
66236,66952,66954,716,2,1,600,71.8
66239,66959,66961,720,2,1,600,72.2
66241,66966,66967,725,1,1,600,72.6
66244,66974,66976,730,2,1,600,73.2
66247,66988,66999,741,11,1,600,68.3636363636
66251,66996,66997,745,1,1,600,74.6
66254,67003,67005,749,2,1,600,75.1
66258,67010,67013,752,3,1,600,75.5
66322,67017,67019,695,2,1,600,69.7
66325,67026,67029,701,3,1,600,70.4
66327,67033,67037,706,4,1,600,71.0
66330,67040,67045,710,5,1,600,71.5
66332,67047,67049,715,2,1,600,71.7
66335,67056,67057,721,1,1,600,72.2
66338,67063,67065,725,2,1,600,72.7
66340,67070,67072,730,2,1,600,73.2
66345,67078,67081,733,3,1,600,73.6
66347,67085,67087,738,2,1,600,74.0
66349,67093,67094,744,1,1,600,74.5
66352,67100,67103,748,3,1,600,75.1
66355,67107,67108,752,1,1,600,75.3
66357,67114,67123,757,9,1,600,76.6
66420,67121,67123,701,2,1,600,70.3
66422,67128,67130,706,2,1,600,70.8
66425,67135,67139,710,4,1,600,71.4
66430,67142,67143,712,1,1,600,71.3
66433,67150,67152,717,2,1,600,71.9
66437,67158,67161,721,3,1,600,72.4
66439,67166,67169,727,3,1,600,73.0
66444,67180,67182,736,2,1,600,73.8
66446,67187,67189,741,2,1,600,74.3
66449,67194,67196,745,2,1,600,74.7
66452,67201,67204,749,3,1,600,75.2
66454,67208,67210,754,2,1,600,75.6
66517,67215,67217,698,2,1,600,70.0
66519,67222,67224,703,2,1,600,70.5
66523,67230,67232,707,2,1,600,70.9
66525,67237,67239,712,2,1,600,71.4
66527,67244,67245,717,1,1,600,71.8
66531,67251,67261,720,10,1,600,73.0
66533,67258,67260,725,2,1,600,72.7
66538,67265,67267,727,2,1,600,72.9
66540,67272,67274,732,2,1,600,73.4
66542,67279,67283,737,4,1,600,74.1
66545,67286,67288,741,2,1,600,74.3
66548,67293,67295,745,2,1,600,74.7
66550,67300,67302,750,2,1,600,75.2
66553,67307,67309,754,2,1,600,75.6
66618,67315,67318,697,3,1,600,70.0
66621,67322,67324,701,2,1,600,70.3
66625,67329,67330,704,1,1,600,70.5
66630,67337,67339,707,2,1,600,70.9
66634,67345,67348,711,3,1,600,71.4
66637,67353,67354,716,1,1,600,71.7
66641,67367,67369,726,2,1,600,72.8
66644,67374,67376,730,2,1,600,73.2
66646,67382,67386,736,4,1,600,74.0
66650,67389,67391,739,2,1,600,74.1
66652,67396,67398,744,2,1,600,74.6
66655,67403,67405,748,2,1,600,75.0
66658,67411,67412,753,1,1,600,75.4
66722,67418,67421,696,3,1,600,69.9
66725,67425,67427,700,2,1,600,70.2
66729,67433,67436,704,3,1,600,70.7
66732,67440,67447,708,7,1,600,71.5
66736,67448,67450,712,2,1,600,71.4
66739,67455,67459,716,4,1,600,72.0
66744,67464,67465,720,1,1,600,72.1
66746,67471,67475,725,4,1,600,72.9
66751,67478,67480,727,2,1,600,72.9
66754,67485,67488,731,3,1,600,73.4
66758,67492,67495,734,3,1,600,73.7
66760,67500,67501,740,1,1,600,74.1
66763,67507,67509,744,2,1,600,74.6
66766,67514,67516,748,2,1,600,75.0
66768,67521,67523,753,2,1,600,75.5
66770,67528,67531,758,3,1,600,76.1
66833,67536,67538,703,2,1,600,70.5
66836,67544,67547,708,3,1,600,71.1
66839,67558,67559,719,1,1,600,72.0
66842,67565,67566,723,1,1,600,72.4
66846,67572,67574,726,2,1,600,72.8
66849,67579,67581,730,2,1,600,73.2
66854,67586,67588,732,2,1,600,73.4
66856,67593,67595,737,2,1,600,73.9
66861,67601,67602,740,1,1,600,74.1
66864,67608,67610,744,2,1,600,74.6
66926,67615,67617,689,2,1,600,69.1
66929,67622,67625,693,3,1,600,69.6
66932,67630,67632,698,2,1,600,70.0
66934,67638,67640,704,2,1,600,70.6
66937,67646,67650,709,4,1,600,71.3
66941,67654,67656,713,2,1,600,71.5
66943,67661,67663,718,2,1,600,72.0
66948,67670,67672,722,2,1,600,72.4
66950,67676,67679,726,3,1,600,72.9
66954,67684,67686,730,2,1,600,73.2
66957,67691,67693,734,2,1,600,73.6
66962,67698,67700,736,2,1,600,73.8
66964,67705,67708,741,3,1,600,74.4
66967,67712,67715,745,3,1,600,74.8
66970,67719,67721,749,2,1,600,75.1
66972,67726,67728,754,2,1,600,75.6
66975,67735,67737,760,2,1,600,76.2
67037,67749,67751,712,2,1,600,71.4
67040,67757,67758,717,1,1,600,71.8
67044,67764,67766,720,2,1,600,72.2
67046,67771,67774,725,3,1,600,72.8
67048,67778,67782,730,4,1,600,73.4
67052,67786,67787,734,1,1,600,73.5
67055,67793,67795,738,2,1,600,74.0
67059,67800,67802,741,2,1,600,74.3
67061,67807,67809,746,2,1,600,74.8
67066,67815,67816,749,1,1,600,75.0
67069,67823,67824,754,1,1,600,75.5
67071,67830,67832,759,2,1,600,76.1
67134,67837,67840,703,3,1,600,70.6
67138,67845,67848,707,3,1,600,71.0
67140,67853,67856,713,3,1,600,71.6
67143,67862,67863,719,1,1,600,72.0
67146,67869,67870,723,1,1,600,72.4
67148,67876,67878,728,2,1,600,73.0
67151,67884,67885,733,1,1,600,73.4
67154,67891,67900,737,9,1,600,74.6
67157,67898,67901,741,3,1,600,74.4
67159,67906,67909,747,3,1,600,75.0
67162,67913,67919,751,6,1,600,75.7
67164,67920,67921,756,1,1,600,75.7
67227,67928,67930,701,2,1,600,70.3
67229,67942,67946,713,4,1,600,71.7
67233,67950,67954,717,4,1,600,72.1
67235,67957,67959,722,2,1,600,72.4
67240,67964,67965,724,1,1,600,72.5
67243,67971,67978,728,7,1,600,73.5
67247,67978,67980,731,2,1,600,73.3
67249,67985,67987,736,2,1,600,73.8
67251,67992,67994,741,2,1,600,74.3
67254,67999,68001,745,2,1,600,74.7
67257,68007,68008,750,1,1,600,75.1
67261,68014,68017,753,3,1,600,75.6
67325,68021,68023,696,2,1,600,69.8
67327,68029,68031,702,2,1,600,70.4
67330,68036,68038,706,2,1,600,70.8
67333,68044,68045,711,1,1,600,71.2
67336,68051,68053,715,2,1,600,71.7
67338,68058,68059,720,1,1,600,72.1
67341,68065,68066,724,1,1,600,72.5
67345,68073,68074,728,1,1,600,72.9
67349,68080,68084,731,4,1,600,73.5
67351,68087,68088,736,1,1,600,73.7
67354,68094,68095,740,1,1,600,74.1
67357,68101,68104,744,3,1,600,74.7
67360,68108,68111,748,3,1,600,75.1
67363,68116,68120,753,4,1,600,75.7
67366,68130,68132,764,2,1,600,76.6
67429,68138,68144,709,6,1,600,71.5
67432,68146,68147,714,1,1,600,71.5
67436,68153,68156,717,3,1,600,72.0
67439,68160,68162,721,2,1,600,72.3
67441,68167,68169,726,2,1,600,72.8
67444,68175,68176,731,1,1,600,73.2
67447,68182,68184,735,2,1,600,73.7
67451,68189,68191,738,2,1,600,74.0
67454,68196,68199,742,3,1,600,74.5
67456,68204,68206,748,2,1,600,75.0
67460,68211,68213,751,2,1,600,75.3
67462,68218,68221,756,3,1,600,75.9
67526,68225,68228,699,3,1,600,70.2
67528,68232,68234,704,2,1,600,70.6
67532,68239,68242,707,3,1,600,71.0
67534,68247,68248,713,1,1,600,71.4
67537,68254,68255,717,1,1,600,71.8
67540,68262,68264,722,2,1,600,72.4
67542,68270,68272,728,2,1,600,73.0
67545,68278,68286,733,8,1,600,74.1
67548,68285,68287,737,2,1,600,73.9
67551,68292,68296,741,4,1,600,74.5
67554,68300,68302,746,2,1,600,74.8
67557,68306,68308,749,2,1,600,75.1
67561,68321,68324,760,3,1,600,76.3
67625,68328,68330,703,2,1,600,70.5
67628,68336,68338,708,2,1,600,71.0
67630,68344,68358,714,14,1,600,52.0
67634,68352,68354,718,2,1,600,72.0
67636,68361,68363,725,2,1,600,72.7
67639,68368,68382,729,14,1,600,53.0714285714
67642,68375,68377,733,2,1,600,73.5
67644,68382,68385,738,3,1,600,74.1
67647,68389,68390,742,1,1,600,74.3
67650,68396,68400,746,4,1,600,75.0
67653,68403,68406,750,3,1,600,75.3
67657,68411,68413,754,2,1,600,75.6
67660,68418,68420,758,2,1,600,76.0
67662,68427,68428,765,1,1,600,76.6
67725,68434,68437,709,3,1,600,71.2
67727,68442,68445,715,3,1,600,71.8
67731,68449,68451,718,2,1,600,72.0
67733,68457,68460,724,3,1,600,72.7
67736,68465,68468,729,3,1,600,73.2
67738,68473,68474,735,1,1,600,73.6
67742,68480,68482,738,2,1,600,74.0
67746,68488,68490,742,2,1,600,74.4
67748,68495,68497,747,2,1,600,74.9
67753,68503,68505,750,2,1,600,75.2
67756,68518,68521,762,3,1,600,76.5
67760,68525,68527,765,2,1,600,76.7
67823,68532,68538,709,6,1,600,71.5
67826,68540,68542,714,2,1,600,71.6
67828,68547,68549,719,2,1,600,72.1
67833,68555,68556,722,1,1,600,72.3
67835,68563,68565,728,2,1,600,73.0
67838,68571,68573,733,2,1,600,73.5
67841,68578,68580,737,2,1,600,73.9
67844,68585,68587,741,2,1,600,74.3
67846,68593,68595,747,2,1,600,74.9
67849,68600,68602,751,2,1,600,75.3
67852,68608,68610,756,2,1,600,75.8
67854,68615,68628,761,13,1,600,59.5384615385
67858,68622,68627,764,5,1,600,76.9
67921,68629,68632,708,3,1,600,71.1
67924,68637,68639,713,2,1,600,71.5
67926,68645,68647,719,2,1,600,72.1
67929,68652,68654,723,2,1,600,72.5
67931,68660,68671,729,11,1,600,67.2727272727
67934,68667,68669,733,2,1,600,73.5
67939,68674,68676,735,2,1,600,73.7
67941,68682,68683,741,1,1,600,74.2
67946,68689,68692,743,3,1,600,74.6
67948,68696,68698,748,2,1,600,75.0
67953,68710,68713,757,3,1,600,76.0
67956,68718,68719,762,1,1,600,76.3
68019,68725,68727,706,2,1,600,70.8
68022,68732,68734,710,2,1,600,71.2
68025,68740,68742,715,2,1,600,71.7
68027,68747,68749,720,2,1,600,72.2
68032,68754,68755,722,1,1,600,72.3
68034,68761,68765,727,4,1,600,73.1
68037,68769,68771,732,2,1,600,73.4
68040,68776,68777,736,1,1,600,73.7
68043,68783,68785,740,2,1,600,74.2
68047,68791,68793,744,2,1,600,74.6
68050,68799,68800,749,1,1,600,75.0
68054,68806,68807,752,1,1,600,75.3
68057,68813,68816,756,3,1,600,75.9
68061,68820,68822,759,2,1,600,76.1
68063,68828,68829,765,1,1,600,76.6
68066,68835,68837,769,2,1,600,77.1
68128,68842,68845,714,3,1,600,71.7
68131,68850,68853,719,3,1,600,72.2
68135,68858,68859,723,1,1,600,72.4
68137,68865,68871,728,6,1,600,73.4
68142,68872,68874,730,2,1,600,73.2
68144,68880,68881,736,1,1,600,73.7
68149,68887,68889,738,2,1,600,74.0
68151,68903,68906,752,3,1,600,75.5
68156,68911,68913,755,2,1,600,75.7
68159,68918,68920,759,2,1,600,76.1
68163,68925,68928,762,3,1,600,76.5
68166,68933,68935,767,2,1,600,76.9
68229,68940,68941,711,1,1,600,71.2
68231,68947,68951,716,4,1,600,72.0
68235,68954,68957,719,3,1,600,72.2
68238,68962,68963,724,1,1,600,72.5
68243,68969,68971,726,2,1,600,72.8
68245,68977,68979,732,2,1,600,73.4
68250,68986,68987,736,1,1,600,73.7
68252,68993,68995,741,2,1,600,74.3
68255,69000,69003,745,3,1,600,74.8
68258,69008,69010,750,2,1,600,75.2
68260,69015,69019,755,4,1,600,75.9
68263,69023,69024,760,1,1,600,76.1
68266,69030,69032,764,2,1,600,76.6
68268,69037,69039,769,2,1,600,77.1
68271,69044,69046,773,2,1,600,77.5
68334,69052,69053,718,1,1,600,71.9
68337,69059,69061,722,2,1,600,72.4
68340,69067,69070,727,3,1,600,73.0
68343,69074,69077,731,3,1,600,73.4
68345,69082,69084,737,2,1,600,73.9
68348,69097,69106,749,9,1,600,75.8
68351,69105,69107,754,2,1,600,75.6
68353,69112,69118,759,6,1,600,76.5
68357,69119,69126,762,7,1,600,76.9
68419,69126,69128,707,2,1,600,70.9
68423,69134,69142,711,8,1,600,71.9
68426,69141,69143,715,2,1,600,71.7
68431,69148,69155,717,7,1,600,72.4
68434,69155,69157,721,2,1,600,72.3
68438,69162,69165,724,3,1,600,72.7
68441,69169,69177,728,8,1,600,73.6
68445,69178,69180,733,2,1,600,73.5
68447,69186,69188,739,2,1,600,74.1
68450,69194,69196,744,2,1,600,74.6
68454,69201,69203,747,2,1,600,74.9
68456,69208,69210,752,2,1,600,75.4
68461,69216,69224,755,8,1,600,76.3
68464,69223,69224,759,1,1,600,76.0
68469,69230,69235,761,5,1,600,76.6
68471,69238,69240,767,2,1,600,76.9
68536,69245,69247,709,2,1,600,71.1
68539,69252,69264,713,12,1,600,60.4166666667
68543,69259,69261,716,2,1,600,71.8
68545,69267,69268,722,1,1,600,72.3
68548,69274,69275,726,1,1,600,72.7
68551,69288,69291,737,3,1,600,74.0
68554,69295,69298,741,3,1,600,74.4
68556,69303,69304,747,1,1,600,74.8
68559,69310,69311,751,1,1,600,75.2
68562,69317,69319,755,2,1,600,75.7
68567,69324,69328,757,4,1,600,76.1
68569,69331,69333,762,2,1,600,76.4
68574,69339,69340,765,1,1,600,76.6
68637,69346,69347,709,1,1,600,71.0
68641,69353,69356,712,3,1,600,71.5
68644,69361,69363,717,2,1,600,71.9
68648,69368,69370,720,2,1,600,72.2
68650,69375,69377,725,2,1,600,72.7
68653,69384,69385,731,1,1,600,73.2
68656,69392,69395,736,3,1,600,73.9
68659,69399,69406,740,7,1,600,74.7
68664,69406,69408,742,2,1,600,74.4
68666,69414,69423,748,9,1,600,75.7
68671,69421,69423,750,2,1,600,75.2
68673,69428,69430,755,2,1,600,75.7
68678,69436,69438,758,2,1,600,76.0
68680,69443,69445,763,2,1,600,76.5
68743,69450,69452,707,2,1,600,70.9
68746,69458,69460,712,2,1,600,71.4
68750,69465,69468,715,3,1,600,71.8
68753,69481,69483,728,2,1,600,73.0
68758,69488,69490,730,2,1,600,73.2
68760,69496,69497,736,1,1,600,73.7
68765,69503,69505,738,2,1,600,74.0
68767,69511,69513,744,2,1,600,74.6
68772,69519,69521,747,2,1,600,74.9
68775,69526,69529,751,3,1,600,75.4
68779,69533,69539,754,6,1,600,76.0
68782,69540,69542,758,2,1,600,76.0
68784,69548,69549,764,1,1,600,76.5
68787,69555,69556,768,1,1,600,76.9
68850,69562,69564,712,2,1,600,71.4
68854,69569,69571,715,2,1,600,71.7
68856,69577,69578,721,1,1,600,72.2
68861,69585,69587,724,2,1,600,72.6
68864,69593,69599,729,6,1,600,73.5
68869,69600,69602,731,2,1,600,73.3
68871,69607,69609,736,2,1,600,73.8
68876,69615,69616,739,1,1,600,74.0
68879,69622,69624,743,2,1,600,74.5
68883,69629,69632,746,3,1,600,74.9
68886,69636,69639,750,3,1,600,75.3
68889,69644,69645,755,1,1,600,75.6
68892,69651,69652,759,1,1,600,76.0
68895,69658,69660,763,2,1,600,76.5
68899,69673,69680,774,7,1,600,78.1
68962,69681,69685,719,4,1,600,72.3
68965,69688,69691,723,3,1,600,72.6
68968,69696,69698,728,2,1,600,73.0
68970,69703,69707,733,4,1,600,73.7
68973,69710,69713,737,3,1,600,74.0
68976,69719,69722,743,3,1,600,74.6
68978,69726,69727,748,1,1,600,74.9
68982,69733,69734,751,1,1,600,75.2
68985,69741,69743,756,2,1,600,75.8
68989,69748,69752,759,4,1,600,76.3
68992,69755,69757,763,2,1,600,76.5
68997,69762,69765,765,3,1,600,76.8
69059,69770,69773,711,3,1,600,71.4
69063,69777,69778,714,1,1,600,71.5
69066,69785,69786,719,1,1,600,72.0
69070,69793,69795,723,2,1,600,72.5
69072,69802,69804,730,2,1,600,73.2
69075,69810,69812,735,2,1,600,73.7
69078,69818,69821,740,3,1,600,74.3
69081,69825,69828,744,3,1,600,74.7
69084,69833,69835,749,2,1,600,75.1
69086,69840,69842,754,2,1,600,75.6
69090,69848,69849,758,1,1,600,75.9
69094,69855,69857,761,2,1,600,76.3
69096,69869,69872,773,3,1,600,77.6
69159,69876,69880,717,4,1,600,72.1
69161,69884,69886,723,2,1,600,72.5
69165,69891,69894,726,3,1,600,72.9
69168,69899,69902,731,3,1,600,73.4
69170,69906,69908,736,2,1,600,73.8
69174,69913,69915,739,2,1,600,74.1
69176,69921,69923,745,2,1,600,74.7
69179,69928,69930,749,2,1,600,75.1
69182,69936,69937,754,1,1,600,75.5
69185,69944,69947,759,3,1,600,76.2
69190,69951,69962,761,11,1,600,70.1818181818
69192,69959,69960,767,1,1,600,76.8
69255,69966,69968,711,2,1,600,71.3
69258,69973,69975,715,2,1,600,71.7
69263,69980,69984,717,4,1,600,72.1
69265,69988,69989,723,1,1,600,72.4
69270,69995,69997,725,2,1,600,72.7
69272,70003,70005,731,2,1,600,73.3
69275,70011,70013,736,2,1,600,73.8
69277,70018,70021,741,3,1,600,74.4
69280,70026,70028,746,2,1,600,74.8
69284,70033,70035,749,2,1,600,75.1
69287,70040,70043,753,3,1,600,75.6
69292,70047,70049,755,2,1,600,75.7
69294,70062,70064,768,2,1,600,77.0
69357,70069,70073,712,4,1,600,71.6
69359,70076,70078,717,2,1,600,71.9
69364,70083,70085,719,2,1,600,72.1
69367,70091,70092,724,1,1,600,72.5
69371,70098,70100,727,2,1,600,72.9
69374,70107,70109,733,2,1,600,73.5
69376,70114,70115,738,1,1,600,73.9
69380,70121,70123,741,2,1,600,74.3
69382,70128,70130,746,2,1,600,74.8
69385,70136,70137,751,1,1,600,75.2
69388,70143,70145,755,2,1,600,75.7
69391,70150,70153,759,3,1,600,76.2
69395,70158,70160,763,2,1,600,76.5
69398,70165,70168,767,3,1,600,77.0
69461,70172,70174,711,2,1,600,71.3
69464,70179,70182,715,3,1,600,71.8
69467,70187,70189,720,2,1,600,72.2
69470,70194,70202,724,8,1,600,73.2
69473,70202,70204,729,2,1,600,73.1
69477,70211,70213,734,2,1,600,73.6
69480,70218,70224,738,6,1,600,74.4
69484,70226,70228,742,2,1,600,74.4
69487,70233,70236,746,3,1,600,74.9
69492,70241,70242,749,1,1,600,75.0
69494,70265,70266,771,1,1,600,77.2
69499,70272,70274,773,2,1,600,77.5
69501,70280,70281,779,1,1,600,78.0
69504,70287,70300,783,13,1,600,61.2307692308
69567,70294,70297,727,3,1,600,73.0
69570,70302,70303,732,1,1,600,73.3
69573,70309,70316,736,7,1,600,74.3
69575,70317,70320,742,3,1,600,74.5
69578,70325,70331,747,6,1,600,75.3
69583,70333,70335,750,2,1,600,75.2
69586,70340,70342,754,2,1,600,75.6
69589,70348,70351,759,3,1,600,76.2
69592,70355,70357,763,2,1,600,76.5
69596,70362,70364,766,2,1,600,76.8
69599,70369,70372,770,3,1,600,77.3
69603,70377,70379,774,2,1,600,77.6
69606,70384,70392,778,8,1,600,78.6
69611,70392,70396,781,4,1,600,78.5
69673,70399,70401,726,2,1,600,72.8
69677,70407,70412,730,5,1,600,73.5
69680,70414,70416,734,2,1,600,73.6
69684,70421,70423,737,2,1,600,73.9
69687,70429,70432,742,3,1,600,74.5
69692,70436,70438,744,2,1,600,74.6
69694,70444,70445,750,1,1,600,75.1
69699,70459,70461,760,2,1,600,76.2
69702,70466,70468,764,2,1,600,76.6
69706,70474,70476,768,2,1,600,77.0
69709,70482,70483,773,1,1,600,77.4
69711,70489,70496,778,7,1,600,78.5
69715,70497,70499,782,2,1,600,78.4
69777,70504,70508,727,4,1,600,73.1
69781,70511,70514,730,3,1,600,73.3
69783,70519,70521,736,2,1,600,73.8
69786,70526,70528,740,2,1,600,74.2
69789,70534,70545,745,11,1,600,68.7272727273
69792,70543,70546,751,3,1,600,75.4
69794,70550,70552,756,2,1,600,75.8
69798,70558,70559,760,1,1,600,76.1
69800,70564,70566,764,2,1,600,76.6
69803,70572,70574,769,2,1,600,77.1
69806,70580,70581,774,1,1,600,77.5
69808,70587,70589,779,2,1,600,78.1
69811,70594,70598,783,4,1,600,78.7
69874,70602,70604,728,2,1,600,73.0
69876,70609,70612,733,3,1,600,73.6
69880,70618,70627,738,9,1,600,74.7
69883,70625,70627,742,2,1,600,74.4
69887,70631,70633,744,2,1,600,74.6
69890,70639,70640,749,1,1,600,75.0
69895,70654,70657,759,3,1,600,76.2
69897,70661,70663,764,2,1,600,76.6
69902,70669,70671,767,2,1,600,76.9
69905,70676,70678,771,2,1,600,77.3
69910,70684,70687,774,3,1,600,77.7
69912,70691,70694,779,3,1,600,78.2
69917,70698,70701,781,3,1,600,78.4
69980,70706,70709,726,3,1,600,72.9
69984,70713,70715,729,2,1,600,73.1
69987,70721,70723,734,2,1,600,73.6
69991,70728,70730,737,2,1,600,73.9
69994,70736,70738,742,2,1,600,74.4
69996,70744,70746,748,2,1,600,75.0
70000,70752,70754,752,2,1,600,75.4
70002,70759,70761,757,2,1,600,75.9
70007,70767,70769,760,2,1,600,76.2
70010,70774,70778,764,4,1,600,76.8
70014,70782,70783,768,1,1,600,76.9
70017,70789,70790,772,1,1,600,77.3
70022,70796,70800,774,4,1,600,77.8
70024,70804,70807,780,3,1,600,78.3
70029,70811,70815,782,4,1,600,78.6
70092,70819,70821,727,2,1,600,72.9
70095,70826,70828,731,2,1,600,73.3
70097,70833,70836,736,3,1,600,73.9
70100,70849,70851,749,2,1,600,75.1
70103,70858,70860,755,2,1,600,75.7
70106,70866,70867,760,1,1,600,76.1
70110,70873,70888,763,15,1,600,51.8666666667
70113,70881,70894,768,13,1,600,60.0769230769
70117,70888,70890,771,2,1,600,77.3
70120,70895,70897,775,2,1,600,77.7
70124,70903,70905,779,2,1,600,78.1
70128,70910,70912,782,2,1,600,78.4
70132,70918,70919,786,1,1,600,78.7
70194,70925,70927,731,2,1,600,73.3
70198,70933,70935,735,2,1,600,73.7
70200,70943,70945,743,2,1,600,74.5
70203,70951,70952,748,1,1,600,74.9
70207,70958,70983,751,25,1,600,31.04
70210,70966,70968,756,2,1,600,75.8
70214,70973,70975,759,2,1,600,76.1
70217,70980,70990,763,10,1,600,77.3
70222,70988,70990,766,2,1,600,76.8
70225,70995,70998,770,3,1,600,77.3
70229,71003,71010,774,7,1,600,78.1
70232,71010,71012,778,2,1,600,78.0
70237,71018,71020,781,2,1,600,78.3
70239,71025,71028,786,3,1,600,78.9
70301,71033,71035,732,2,1,600,73.4
70305,71048,71050,743,2,1,600,74.5
70308,71055,71062,747,7,1,600,75.4
70313,71063,71065,750,2,1,600,75.2
70315,71071,71073,756,2,1,600,75.8
70318,71078,71080,760,2,1,600,76.2
70322,71086,71088,764,2,1,600,76.6
70324,71093,71096,769,3,1,600,77.2
70329,71101,71103,772,2,1,600,77.4
70331,71108,71110,777,2,1,600,77.9
70395,71116,71117,721,1,1,600,72.2
70398,71123,71125,725,2,1,600,72.7
70403,71131,71133,728,2,1,600,73.0
70405,71138,71141,733,3,1,600,73.6
70411,71147,71148,736,1,1,600,73.7
70413,71154,71158,741,4,1,600,74.5
70417,71161,71163,744,2,1,600,74.6
70420,71170,71172,750,2,1,600,75.2
70425,71178,71179,753,1,1,600,75.4
70428,71185,71187,757,2,1,600,75.9
70433,71192,71196,759,4,1,600,76.3
70435,71200,71202,765,2,1,600,76.7
70440,71209,71212,769,3,1,600,77.2
70443,71217,71219,774,2,1,600,77.6
70446,71224,71227,778,3,1,600,78.1
70449,71232,71235,783,3,1,600,78.6
70511,71247,71248,736,1,1,600,73.7
70515,71254,71256,739,2,1,600,74.1
70518,71262,71265,744,3,1,600,74.7
70522,71269,71271,747,2,1,600,74.9
70525,71276,71279,751,3,1,600,75.4
70527,71284,71285,757,1,1,600,75.8
70530,71291,71295,761,4,1,600,76.5
70532,71299,71301,767,2,1,600,76.9
70535,71306,71309,771,3,1,600,77.4
70539,71314,71316,775,2,1,600,77.7
70542,71322,71323,780,1,1,600,78.1
70605,71329,71333,724,4,1,600,72.8
70608,71338,71340,730,2,1,600,73.2
70610,71345,71347,735,2,1,600,73.7
70614,71352,71354,738,2,1,600,74.0
70616,71359,71361,743,2,1,600,74.5
70621,71367,71368,746,1,1,600,74.7
70624,71374,71376,750,2,1,600,75.2
70628,71382,71383,754,1,1,600,75.5
70630,71389,71391,759,2,1,600,76.1
70635,71397,71399,762,2,1,600,76.4
70638,71404,71408,766,4,1,600,77.0
70640,71412,71414,772,2,1,600,77.4
70643,71419,71421,776,2,1,600,77.8
70646,71427,71428,781,1,1,600,78.2
70650,71443,71446,793,3,1,600,79.6
70713,71451,71455,738,4,1,600,74.2
70717,71458,71460,741,2,1,600,74.3
70720,71466,71468,746,2,1,600,74.8
70725,71473,71475,748,2,1,600,75.0
70727,71482,71484,755,2,1,600,75.7
70732,71490,71491,758,1,1,600,75.9
70734,71497,71505,763,8,1,600,77.1
70737,71505,71507,768,2,1,600,77.0
70741,71512,71515,771,3,1,600,77.4
70743,71520,71522,777,2,1,600,77.9
70748,71527,71529,779,2,1,600,78.1
70751,71534,71536,783,2,1,600,78.5
70756,71541,71545,785,4,1,600,78.9
70818,71549,71551,731,2,1,600,73.3
70822,71556,71559,734,3,1,600,73.7
70825,71564,71566,739,2,1,600,74.1
70830,71571,71574,741,3,1,600,74.4
70832,71578,71580,746,2,1,600,74.8
70835,71586,71587,751,1,1,600,75.2
70838,71594,71596,756,2,1,600,75.8
70841,71602,71604,761,2,1,600,76.3
70845,71609,71611,764,2,1,600,76.6
70847,71617,71623,770,6,1,600,77.6
70850,71624,71626,774,2,1,600,77.6
70854,71640,71645,786,5,1,600,79.1
70916,71648,71649,732,1,1,600,73.3
70921,71655,71657,734,2,1,600,73.6
70924,71663,71666,739,3,1,600,74.2
70929,71670,71672,741,2,1,600,74.3
70931,71677,71679,746,2,1,600,74.8
70934,71686,71687,752,1,1,600,75.3
70938,71692,71696,754,4,1,600,75.8
70940,71700,71702,760,2,1,600,76.2
70943,71707,71710,764,3,1,600,76.7
70947,71715,71717,768,2,1,600,77.0
70949,71722,71724,773,2,1,600,77.5
70954,71729,71732,775,3,1,600,77.8
70957,71736,71738,779,2,1,600,78.1
70962,71744,71748,782,4,1,600,78.6
71025,71751,71754,726,3,1,600,72.9
71029,71759,71760,730,1,1,600,73.1
71031,71766,71768,735,2,1,600,73.7
71034,71773,71775,739,2,1,600,74.1
71037,71781,71784,744,3,1,600,74.7
71040,71789,71791,749,2,1,600,75.1
71044,71796,71798,752,2,1,600,75.4
71047,71804,71807,757,3,1,600,76.0
71052,71811,71818,759,7,1,600,76.6
71054,71820,71822,766,2,1,600,76.8
71059,71835,71837,776,2,1,600,77.8
71062,71842,71845,780,3,1,600,78.3
71127,71850,71852,723,2,1,600,72.5
71129,71858,71860,729,2,1,600,73.1
71134,71865,71867,731,2,1,600,73.3
71136,71872,71874,736,2,1,600,73.8
71140,71880,71888,740,8,1,600,74.8
71143,71887,71897,744,10,1,600,75.4
71146,71895,71903,749,8,1,600,75.7
71150,71902,71904,752,2,1,600,75.4
71153,71910,71911,757,1,1,600,75.8
71158,71917,71919,759,2,1,600,76.1
71160,71925,71932,765,7,1,600,77.2
71163,71932,71934,769,2,1,600,77.1
71166,71940,71942,774,2,1,600,77.6
71169,71947,71949,778,2,1,600,78.0
71174,71955,71958,781,3,1,600,78.4
71237,71962,71967,725,5,1,600,73.0
71239,71969,71971,730,2,1,600,73.2
71243,71977,71979,734,2,1,600,73.6
71246,71984,71988,738,4,1,600,74.2
71250,71992,71995,742,3,1,600,74.5
71253,72000,72007,747,7,1,600,75.4
71255,72007,72009,752,2,1,600,75.4
71259,72015,72018,756,3,1,600,75.9
71261,72031,72033,770,2,1,600,77.2
71264,72039,72042,775,3,1,600,77.8
71267,72047,72049,780,2,1,600,78.2
71331,72055,72058,724,3,1,600,72.7
71334,72063,72065,729,2,1,600,73.1
71336,72070,72072,734,2,1,600,73.6
71341,72078,72079,737,1,1,600,73.8
71344,72086,72087,742,1,1,600,74.3
71348,72093,72095,745,2,1,600,74.7
71351,72101,72103,750,2,1,600,75.2
71356,72109,72111,753,2,1,600,75.5
71359,72117,72120,758,3,1,600,76.1
71363,72125,72128,762,3,1,600,76.5
71366,72133,72135,767,2,1,600,76.9
71371,72141,72149,770,8,1,600,77.8
71373,72148,72149,775,1,1,600,77.6
71378,72156,72157,778,1,1,600,77.9
71381,72163,72165,782,2,1,600,78.4
71385,72171,72173,786,2,1,600,78.8
71448,72179,72181,731,2,1,600,73.3
71451,72186,72188,735,2,1,600,73.7
71455,72194,72208,739,14,1,600,53.7857142857
71457,72202,72203,745,1,1,600,74.6
71462,72209,72211,747,2,1,600,74.9
71465,72216,72218,751,2,1,600,75.3
71470,72231,72232,761,1,1,600,76.2
71472,72238,72241,766,3,1,600,76.9
71474,72246,72260,772,14,1,600,56.1428571429
71478,72254,72256,776,2,1,600,77.8
71481,72262,72264,781,2,1,600,78.3
71486,72269,72271,783,2,1,600,78.5
71549,72277,72282,728,5,1,600,73.3
71553,72284,72286,731,2,1,600,73.3
71555,72292,72294,737,2,1,600,73.9
71560,72298,72300,738,2,1,600,74.0
71563,72305,72308,742,3,1,600,74.5
71567,72313,72315,746,2,1,600,74.8
71570,72321,72322,751,1,1,600,75.2
71574,72329,72343,755,14,1,600,54.9285714286
71577,72336,72338,759,2,1,600,76.1
71582,72344,72345,762,1,1,600,76.3
71584,72351,72363,767,12,1,600,64.9166666667
71587,72359,72361,772,2,1,600,77.4
71591,72367,72368,776,1,1,600,77.7
71593,72374,72414,781,40,1,600,20.525
71598,72382,72384,784,2,1,600,78.6
71661,72389,72391,728,2,1,600,73.0
71666,72397,72400,731,3,1,600,73.4
71669,72405,72407,736,2,1,600,73.8
71674,72412,72414,738,2,1,600,74.0
71676,72429,72431,753,2,1,600,75.5
71682,72436,72439,754,3,1,600,75.7
71685,72444,72446,759,2,1,600,76.1
71689,72451,72453,762,2,1,600,76.4
71691,72459,72462,768,3,1,600,77.1
71696,72467,72469,771,2,1,600,77.3
71699,72474,72513,775,39,1,600,20.8717948718
71703,72482,72491,779,9,1,600,78.8
71706,72489,72493,783,4,1,600,78.7
71711,72497,72499,786,2,1,600,78.8
71774,72505,72506,731,1,1,600,73.2
71777,72512,72514,735,2,1,600,73.7
71780,72520,72524,740,4,1,600,74.4
71785,72527,72531,742,4,1,600,74.6
71788,72535,72536,747,1,1,600,74.8
71792,72542,72544,750,2,1,600,75.2
71795,72551,72553,756,2,1,600,75.8
71800,72559,72561,759,2,1,600,76.1
71803,72566,72568,763,2,1,600,76.5
71807,72574,72575,767,1,1,600,76.8
71810,72582,72583,772,1,1,600,77.3
71812,72589,72592,777,3,1,600,78.0
71816,72597,72602,781,5,1,600,78.6
71819,72605,72607,786,2,1,600,78.8
71884,72612,72614,728,2,1,600,73.0
71886,72629,72630,743,1,1,600,74.4
71891,72636,72639,745,3,1,600,74.8
71894,72644,72652,750,8,1,600,75.8
71898,72651,72654,753,3,1,600,75.6
71901,72659,72688,758,29,1,600,27.1379310345
71906,72667,72669,761,2,1,600,76.3
71909,72675,72676,766,1,1,600,76.7
71913,72682,72684,769,2,1,600,77.1
71916,72690,72692,774,2,1,600,77.6
71921,72698,72700,777,2,1,600,77.9
71924,72705,72707,781,2,1,600,78.3
71929,72713,72715,784,2,1,600,78.6
71931,72721,72724,790,3,1,600,79.3
71996,72729,72730,733,1,1,600,73.4
71998,72736,72738,738,2,1,600,74.0
72004,72743,72744,739,1,1,600,74.0
72006,72750,72756,744,6,1,600,75.0
72011,72758,72769,747,11,1,600,68.9090909091
72014,72765,72768,751,3,1,600,75.4
72017,72773,72774,756,1,1,600,75.7
72020,72781,72788,761,7,1,600,76.8
72023,72788,72791,765,3,1,600,76.8
72028,72796,72798,768,2,1,600,77.0
72031,72803,72805,772,2,1,600,77.4
72036,72811,72823,775,12,1,600,65.5833333333
72038,72826,72828,788,2,1,600,79.0
72043,72834,72835,791,1,1,600,79.2
72106,72841,72843,735,2,1,600,73.7
72110,72849,72851,739,2,1,600,74.1
72113,72857,72858,744,1,1,600,74.5
72116,72864,72866,748,2,1,600,75.0
72121,72872,72874,751,2,1,600,75.3
72124,72879,72881,755,2,1,600,75.7
72129,72887,72889,758,2,1,600,76.0
72132,72894,72896,762,2,1,600,76.4
72137,72902,72905,765,3,1,600,76.8
72140,72910,72912,770,2,1,600,77.2
72144,72918,72920,774,2,1,600,77.6
72147,72925,72934,778,9,1,600,78.7
72152,72933,72935,781,2,1,600,78.3
72215,72940,72942,725,2,1,600,72.7
72218,72948,72950,730,2,1,600,73.2
72220,72956,72957,736,1,1,600,73.7
72223,72963,72965,740,2,1,600,74.2
72225,72971,72977,746,6,1,600,75.2
72228,72979,72980,751,1,1,600,75.2
72231,72986,72989,755,3,1,600,75.8
72235,72993,72996,758,3,1,600,76.1
72237,73001,73003,764,2,1,600,76.6
72242,73009,73010,767,1,1,600,76.8
72247,73024,73027,777,3,1,600,78.0
72250,73032,73035,782,3,1,600,78.5
72253,73039,73041,786,2,1,600,78.8
72317,73047,73049,730,2,1,600,73.2
72320,73054,73058,734,4,1,600,73.8
72325,73062,73063,737,1,1,600,73.8
72328,73069,73071,741,2,1,600,74.3
72332,73077,73078,745,1,1,600,74.6
72335,73084,73086,749,2,1,600,75.1
72340,73091,73092,751,1,1,600,75.2
72344,73098,73105,754,7,1,600,76.1
72348,73106,73110,758,4,1,600,76.2
72350,73114,73118,764,4,1,600,76.8
72355,73121,73123,766,2,1,600,76.8
72358,73129,73131,771,2,1,600,77.3
72363,73137,73139,774,2,1,600,77.6
72366,73144,73147,778,3,1,600,78.1
72370,73152,73155,782,3,1,600,78.5
72374,73160,73162,786,2,1,600,78.8
72378,73168,73171,790,3,1,600,79.3
72441,73175,73179,734,4,1,600,73.8
72444,73183,73185,739,2,1,600,74.1
72448,73191,73193,743,2,1,600,74.5
72450,73198,73203,748,5,1,600,75.3
72455,73208,73211,753,3,1,600,75.6
72458,73224,73227,766,3,1,600,76.9
72463,73232,73234,769,2,1,600,77.1
72466,73240,73241,774,1,1,600,77.5
72470,73247,73250,777,3,1,600,78.0
72473,73255,73256,782,1,1,600,78.3
72478,73263,73270,785,7,1,600,79.2
72481,73271,73272,790,1,1,600,79.1
72543,73278,73285,735,7,1,600,74.2
72547,73286,73300,739,14,1,600,53.7857142857
72550,73293,73299,743,6,1,600,74.9
72555,73301,73310,746,9,1,600,75.5
72558,73309,73311,751,2,1,600,75.3
72562,73316,73318,754,2,1,600,75.6
72565,73324,73328,759,4,1,600,76.3
72570,73332,73335,762,3,1,600,76.5
72573,73341,73344,768,3,1,600,77.1
72578,73349,73350,771,1,1,600,77.2
72581,73356,73359,775,3,1,600,77.8
72586,73364,73367,778,3,1,600,78.1
72589,73372,73376,783,4,1,600,78.7
72594,73380,73382,786,2,1,600,78.8
72596,73387,73404,791,17,1,600,47.5294117647
72658,73395,73398,737,3,1,600,74.0
72663,73402,73405,739,3,1,600,74.2
72666,73410,73412,744,2,1,600,74.6
72671,73425,73427,754,2,1,600,75.6
72674,73433,73435,759,2,1,600,76.1
72678,73440,73442,762,2,1,600,76.4
72681,73448,73450,767,2,1,600,76.9
72687,73456,73459,769,3,1,600,77.2
72689,73463,73465,774,2,1,600,77.6
72694,73470,73473,776,3,1,600,77.9
72697,73479,73480,782,1,1,600,78.3
72702,73487,73488,785,1,1,600,78.6
72705,73494,73496,789,2,1,600,79.1
72709,73502,73504,793,2,1,600,79.5
72772,73510,73512,738,2,1,600,74.0
72777,73517,73519,740,2,1,600,74.2
72780,73525,73529,745,4,1,600,74.9
72784,73533,73536,749,3,1,600,75.2
72787,73541,73542,754,1,1,600,75.5
72792,73548,73550,756,2,1,600,75.8
72795,73556,73557,761,1,1,600,76.2
72800,73563,73565,763,2,1,600,76.5
72802,73572,73586,770,14,1,600,56.0
72807,73580,73582,773,2,1,600,77.5
72810,73587,73590,777,3,1,600,78.0
72813,73595,73597,782,2,1,600,78.4
72815,73603,73606,788,3,1,600,79.1
72818,73611,73618,793,7,1,600,80.0
72883,73626,73628,743,2,1,600,74.5
72886,73634,73636,748,2,1,600,75.0
72891,73642,73644,751,2,1,600,75.3
72893,73649,73653,756,4,1,600,76.0
72898,73657,73661,759,4,1,600,76.3
72901,73665,73668,764,3,1,600,76.7
72906,73673,73678,767,5,1,600,77.2
72909,73680,73688,771,8,1,600,77.9
72914,73688,73690,774,2,1,600,77.6
72917,73695,73698,778,3,1,600,78.1
72921,73703,73705,782,2,1,600,78.4
72924,73711,73713,787,2,1,600,78.9
72929,73718,73720,789,2,1,600,79.1
72932,73726,73728,794,2,1,600,79.6
72998,73734,73736,736,2,1,600,73.8
73000,73741,73744,741,3,1,600,74.4
73005,73749,73751,744,2,1,600,74.6
73008,73756,73760,748,4,1,600,75.2
73010,73764,73770,754,6,1,600,76.0
73013,73772,73775,759,3,1,600,76.2
73016,73779,73783,763,4,1,600,76.7
73021,73787,73790,766,3,1,600,76.9
73024,73794,73799,770,5,1,600,77.5
73029,73802,73804,773,2,1,600,77.5
73031,73810,73813,779,3,1,600,78.2
73035,73827,73830,792,3,1,600,79.5
73038,73835,73836,797,1,1,600,79.8
73102,73842,73846,740,4,1,600,74.4
73105,73850,73857,745,7,1,600,75.2
73110,73858,73860,748,2,1,600,75.0
73113,73866,73869,753,3,1,600,75.6
73117,73874,73876,757,2,1,600,75.9
73120,73882,73901,762,19,1,600,41.1052631579
73125,73890,73892,765,2,1,600,76.7
73128,73898,73901,770,3,1,600,77.3
73133,73906,73908,773,2,1,600,77.5
73136,73914,73920,778,6,1,600,78.4
73141,73921,73924,780,3,1,600,78.3
73144,73929,73931,785,2,1,600,78.7
73149,73937,73940,788,3,1,600,79.1
73152,73945,73957,793,12,1,600,67.0833333333
73157,73953,73955,796,2,1,600,79.8
73159,73960,73962,801,2,1,600,80.3
73164,73968,73971,804,3,1,600,80.7
73228,73976,73978,748,2,1,600,75.0
73231,73984,73986,753,2,1,600,75.5
73236,73992,73994,756,2,1,600,75.8
73239,74000,74002,761,2,1,600,76.3
73244,74008,74015,764,7,1,600,77.1
73246,74016,74021,770,5,1,600,77.5
73251,74032,74034,781,2,1,600,78.3
73254,74040,74042,786,2,1,600,78.8
73259,74048,74050,789,2,1,600,79.1
73262,74056,74057,794,1,1,600,79.5
73267,74063,74065,796,2,1,600,79.8
73270,74071,74073,801,2,1,600,80.3
73333,74079,74081,746,2,1,600,74.8
73337,74087,74094,750,7,1,600,75.7
73340,74094,74096,754,2,1,600,75.6
73345,74102,74103,757,1,1,600,75.8
73348,74110,74111,762,1,1,600,76.3
73352,74117,74120,765,3,1,600,76.8
73355,74125,74128,770,3,1,600,77.3
73361,74133,74135,772,2,1,600,77.4
73365,74140,74142,775,2,1,600,77.7
73368,74148,74150,780,2,1,600,78.2
73371,74156,74168,785,12,1,600,66.4166666667
73376,74164,74165,788,1,1,600,78.9
73379,74171,74173,792,2,1,600,79.4
73383,74179,74185,796,6,1,600,80.2
73386,74187,74190,801,3,1,600,80.4
73391,74194,74196,803,2,1,600,80.5
73454,74202,74204,748,2,1,600,75.0
73459,74210,74212,751,2,1,600,75.3
73462,74217,74219,755,2,1,600,75.7
73466,74235,74236,769,1,1,600,77.0
73468,74242,74244,774,2,1,600,77.6
73471,74250,74251,779,1,1,600,78.0
73475,74257,74259,782,2,1,600,78.4
73478,74265,74267,787,2,1,600,78.9
73483,74273,74275,790,2,1,600,79.2
73486,74281,74283,795,2,1,600,79.7
73490,74288,74290,798,2,1,600,80.0
73493,74296,74303,803,7,1,600,81.0
73498,74304,74310,806,6,1,600,81.2
73562,74312,74319,750,7,1,600,75.7
73564,74320,74322,756,2,1,600,75.8
73568,74327,74329,759,2,1,600,76.1
73571,74335,74337,764,2,1,600,76.6
73576,74343,74367,767,24,1,600,32.9583333333
73579,74351,74353,772,2,1,600,77.4
73584,74359,74360,775,1,1,600,77.6
73587,74366,74368,779,2,1,600,78.1
73591,74374,74375,783,1,1,600,78.4
73594,74382,74384,788,2,1,600,79.0
73599,74389,74391,790,2,1,600,79.2
73602,74397,74398,795,1,1,600,79.6
73607,74405,74406,798,1,1,600,79.9
73610,74412,74414,802,2,1,600,80.4
73613,74420,74422,807,2,1,600,80.9
73676,74436,74440,760,4,1,600,76.4
73679,74444,74446,765,2,1,600,76.7
73684,74452,74454,768,2,1,600,77.0
73687,74460,74461,773,1,1,600,77.4
73692,74467,74470,775,3,1,600,77.8
73694,74475,74477,781,2,1,600,78.3
73699,74483,74485,784,2,1,600,78.6
73702,74491,74493,789,2,1,600,79.1
73707,74499,74500,792,1,1,600,79.3
73710,74506,74508,796,2,1,600,79.8
73715,74514,74516,799,2,1,600,80.1
73717,74522,74528,805,6,1,600,81.1
73722,74530,74532,808,2,1,600,81.0
73786,74537,74539,751,2,1,600,75.3
73791,74545,74547,754,2,1,600,75.6
73793,74552,74554,759,2,1,600,76.1
73798,74560,74562,762,2,1,600,76.4
73801,74568,74570,767,2,1,600,76.9
73807,74577,74578,770,1,1,600,77.1
73810,74584,74587,774,3,1,600,77.7
73813,74592,74594,779,2,1,600,78.1
73816,74600,74602,784,2,1,600,78.6
73819,74608,74611,789,3,1,600,79.2
73823,74615,74618,792,3,1,600,79.5
73826,74623,74625,797,2,1,600,79.9
73831,74648,74653,817,5,1,600,82.2
73895,74654,74656,759,2,1,600,76.1
73898,74662,74664,764,2,1,600,76.6
73903,74670,74672,767,2,1,600,76.9
73906,74678,74679,772,1,1,600,77.3
73910,74685,74689,775,4,1,600,77.9
73913,74693,74695,780,2,1,600,78.2
73918,74701,74712,783,11,1,600,72.1818181818
73921,74709,74722,788,13,1,600,61.6153846154
73925,74717,74718,792,1,1,600,79.3
73928,74724,74728,796,4,1,600,80.0
73934,74732,74734,798,2,1,600,80.0
73936,74740,74742,804,2,1,600,80.6
73941,74747,74751,806,4,1,600,81.0
73944,74755,74757,811,2,1,600,81.3
73949,74763,74767,814,4,1,600,81.8
74012,74770,74773,758,3,1,600,76.1
74015,74778,74780,763,2,1,600,76.5
74019,74787,74790,768,3,1,600,77.1
74021,78035,78038,4014,3,1,600,401.7
74025,78045,78048,4020,3,1,600,402.3
74029,78056,78062,4027,6,1,600,403.3
74032,78066,78068,4034,2,1,600,403.6
74036,78076,78078,4040,2,1,600,404.2
74039,78087,78089,4048,2,1,600,405.0
74044,78097,78098,4053,1,1,600,405.4
74047,78107,78108,4060,1,1,600,406.1
74052,77953,77955,3901,2,1,600,390.3
74115,77963,77965,3848,2,1,600,385.0
74118,77974,77976,3856,2,1,600,385.8
74121,77985,77986,3864,1,1,600,386.5
74125,77995,77996,3870,1,1,600,387.1
74129,78005,78008,3876,3,1,600,387.9
74132,78015,78016,3883,1,1,600,388.4
74137,78025,78027,3888,2,1,600,389.0
74140,78117,78118,3977,1,1,600,397.8
74144,78127,78129,3983,2,1,600,398.5
74147,78137,78139,3990,2,1,600,399.2
74152,78148,78149,3996,1,1,600,399.7
74155,78159,78161,4004,2,1,600,400.6
74160,78170,78172,4010,2,1,600,401.2
74163,78180,78181,4017,1,1,600,401.8
74226,75065,75067,839,2,1,600,84.1
74231,75073,75080,842,7,1,600,84.9
74234,75081,75083,847,2,1,600,84.9
74238,75089,75091,851,2,1,600,85.3
74241,75096,75101,855,5,1,600,86.0
74246,75104,75106,858,2,1,600,86.0
74249,75112,75115,863,3,1,600,86.6
74253,75120,75125,867,5,1,600,87.2
74256,77771,77787,3515,16,1,600,220.6875
74262,77781,77791,3519,10,1,600,352.9
74264,77802,77806,3538,4,1,600,354.2
74269,77813,77815,3544,2,1,600,354.6
74272,77823,77825,3551,2,1,600,355.3
74277,77833,77835,3556,2,1,600,355.8
74340,77843,77846,3503,3,1,600,350.6
74343,77853,77855,3510,2,1,600,351.2
74347,77863,77864,3516,1,1,600,351.7
74350,77874,77875,3524,1,1,600,352.5
74355,77883,77885,3528,2,1,600,353.0
74358,77893,77895,3535,2,1,600,353.7
74362,77902,77904,3540,2,1,600,354.2
74366,77913,77915,3547,2,1,600,354.9
74370,77922,77924,3552,2,1,600,355.4
74373,77933,77935,3560,2,1,600,356.2
74378,77943,77947,3565,4,1,600,356.9
74381,78189,78191,3808,2,1,600,381.0
74385,78200,78201,3815,1,1,600,381.6
74388,78209,78211,3821,2,1,600,382.3
74393,78220,78221,3827,1,1,600,382.8
74456,78229,78231,3773,2,1,600,377.5
74459,78240,78242,3781,2,1,600,378.3
74464,78251,78252,3787,1,1,600,378.8
74466,78261,78263,3795,2,1,600,379.7
74472,78271,78272,3799,1,1,600,380.0
74475,78280,78282,3805,2,1,600,380.7
74479,78290,78292,3811,2,1,600,381.3
74483,78300,78301,3817,1,1,600,381.8
74487,78310,78312,3823,2,1,600,382.5
74490,78320,78321,3830,1,1,600,383.1
74495,78330,78351,3835,21,1,600,183.619047619
74498,78340,78343,3842,3,1,600,384.5
74503,78358,78371,3855,13,1,600,297.538461538
74566,78368,78369,3802,1,1,600,380.3
74569,78385,78386,3816,1,1,600,381.7
74573,78395,78396,3822,1,1,600,382.3
74576,78405,78406,3829,1,1,600,383.0
74580,78414,78415,3834,1,1,600,383.5
74583,78425,78426,3842,1,1,600,384.3
74589,78436,78437,3847,1,1,600,384.8
74591,78445,78447,3854,2,1,600,385.6
74596,78456,78458,3860,2,1,600,386.2
74599,78465,78467,3866,2,1,600,386.8
74604,78476,78484,3872,8,1,600,388.0
74607,78486,78487,3879,1,1,600,388.0
74612,78498,78500,3886,2,1,600,388.8
74615,78509,78510,3894,1,1,600,389.5
74678,78520,78521,3842,1,1,600,384.3
74682,78530,78531,3848,1,1,600,384.9
74684,78539,78549,3855,10,1,600,386.5
74689,78549,78551,3860,2,1,600,386.2
74692,78564,78565,3872,1,1,600,387.3
74697,78574,78575,3877,1,1,600,387.8
74700,78584,78585,3884,1,1,600,388.5
74705,78594,78596,3889,2,1,600,389.1
74708,78604,78605,3896,1,1,600,389.7
74713,78614,78616,3901,2,1,600,390.3
74776,78625,78626,3849,1,1,600,385.0
74779,78635,78636,3856,1,1,600,385.7
74784,78644,78646,3860,2,1,600,386.2
74786,78655,78656,3869,1,1,600,387.0
74789,78665,78666,3876,1,1,600,387.7
74793,78676,78683,3883,7,1,600,389.0
74795,78686,78688,3891,2,1,600,389.3
74798,78698,78700,3900,2,1,600,390.2
74801,78709,78710,3908,1,1,600,390.9
74804,78719,78720,3915,1,1,600,391.6
74807,78729,78736,3922,7,1,600,392.9
74810,78739,78741,3929,2,1,600,393.1
74979,78874,250791,3895,171917,2,171900,1.02265628181
75049,75130,80322,81,5192,5,9000,1.0156009245
75061,75138,79761,77,4623,5,9000,1.01665585118
75096,78910,250829,3814,171919,2,171900,1.02218486613
75116,78751,78753,3635,2,1,600,363.7
75119,78761,78763,3642,2,1,600,364.4
75122,78772,78774,3650,2,1,600,365.2
75127,78782,78784,3655,2,1,600,365.7
75130,78793,78796,3663,3,1,600,366.6
75135,78803,78804,3668,1,1,600,366.9
75135,75280,79642,145,4362,5,9000,1.03324163228
75137,78813,78814,3676,1,1,600,367.7
75137,75288,79846,151,4558,5,9000,1.03312856516
75143,78822,78823,3679,1,1,600,368.0
75235,210891,382831,135656,171940,2,171900,1.78897289752
75284,75328,79727,44,4399,5,9000,1.01000227324
75286,75336,80090,50,4754,5,9000,1.01051745898
75332,75345,80338,13,4993,5,9000,1.0026036451
75334,75354,80937,20,5583,5,9000,1.00358230342
75346,75363,79999,17,4636,5,9000,1.00366695427
75359,75372,80813,13,5441,5,9000,1.00238926668
75361,75380,80826,19,5446,5,9000,1.00348879912
75373,75390,80759,17,5369,5,9000,1.0031663252
75387,82619,87531,7232,4912,5,9000,2.47231270358
75389,82628,87190,7239,4562,5,9000,2.58680403332
76597,191001,191007,114404,6,100,3600,11441.0
77850,78832,78834,982,2,1,600,98.4
77853,78842,78845,989,3,1,600,99.2
77859,78853,78860,994,7,1,600,100.1
77862,78863,78865,1001,2,1,600,100.3
77866,78882,78894,1016,12,1,600,85.6666666667
77870,78892,78900,1022,8,1,600,103.0
77873,78900,78903,1027,3,1,600,103.0
77876,78918,78920,1042,2,1,600,104.4
77880,78928,78931,1048,3,1,600,105.1
77883,78936,78939,1053,3,1,600,105.6
77949,78946,78948,997,2,1,600,99.9
77952,78956,78963,1004,7,1,600,101.1
77955,78974,78976,1019,2,1,600,102.1
77960,78983,78987,1023,4,1,600,102.7
77963,78993,78994,1030,1,1,600,103.1
77966,79001,79003,1035,2,1,600,103.7
77971,79011,79013,1040,2,1,600,104.2
77974,79020,79022,1046,2,1,600,104.8
77977,79030,79031,1053,1,1,600,105.4
78042,79038,79047,996,9,1,600,100.5
78045,79049,79050,1004,1,1,600,100.5
78048,79057,79059,1009,2,1,600,101.1
78052,79068,79070,1016,2,1,600,101.8
78055,79076,79078,1021,2,1,600,102.3
78058,79087,79088,1029,1,1,600,103.0
78063,79095,79097,1032,2,1,600,103.4
78066,79105,79107,1039,2,1,600,104.1
78129,79113,79115,984,2,1,600,98.6
78134,79123,79125,989,2,1,600,99.1
78137,79131,79134,994,3,1,600,99.7
78140,79142,79143,1002,1,1,600,100.3
78145,79150,79153,1005,3,1,600,100.8
78148,79161,79162,1013,1,1,600,101.4
78151,79169,79170,1018,1,1,600,101.9
78155,79180,79182,1025,2,1,600,102.7
78158,79188,79189,1030,1,1,600,103.1
78161,79198,79199,1037,1,1,600,103.8
78226,79206,79208,980,2,1,600,98.2
78229,79216,79219,987,3,1,600,99.0
78232,79225,79229,993,4,1,600,99.7
78236,79235,79242,999,7,1,600,100.6
78239,79244,79246,1005,2,1,600,100.7
78242,79256,79259,1014,3,1,600,101.7
78247,79268,79270,1021,2,1,600,102.3
78250,79276,79278,1026,2,1,600,102.8
78253,79286,79289,1033,3,1,600,103.6
78315,79295,79296,980,1,1,600,98.1
78318,79306,79308,988,2,1,600,99.0
78321,79314,79316,993,2,1,600,99.5
78326,79325,79335,999,10,1,600,100.9
78329,79332,79335,1003,3,1,600,100.6
78332,79344,79353,1012,9,1,600,102.1
78337,79356,79358,1019,2,1,600,102.1
78340,79364,79367,1024,3,1,600,102.7
78403,79375,79377,972,2,1,600,97.4
78406,79384,79386,978,2,1,600,98.0
78411,79394,79399,983,5,1,600,98.8
78414,79403,79404,989,1,1,600,99.0
78417,79413,79415,996,2,1,600,99.8
78421,79423,79425,1002,2,1,600,100.4
78424,79432,79436,1008,4,1,600,101.2
78427,79443,79445,1016,2,1,600,101.8
78490,79451,79453,961,2,1,600,96.3
78495,79462,79464,967,2,1,600,96.9
78498,79471,79484,973,13,1,600,75.8461538462
78501,79482,79483,981,1,1,600,98.2
78506,79491,79492,985,1,1,600,98.6
78509,79501,79503,992,2,1,600,99.4
78511,79510,79512,999,2,1,600,100.1
78516,79520,79522,1004,2,1,600,100.6
78519,79529,79536,1010,7,1,600,101.7
78583,79539,79541,956,2,1,600,95.8
78585,79548,79550,963,2,1,600,96.5
78590,79560,79561,970,1,1,600,97.1
78593,79568,79569,975,1,1,600,97.6
78596,79579,79582,983,3,1,600,98.6
78600,79587,79588,987,1,1,600,98.8
78603,79597,79600,994,3,1,600,99.7
78606,79606,79607,1000,1,1,600,100.1
78672,79616,79618,944,2,1,600,94.6
78675,79624,79629,949,5,1,600,95.4
78678,79635,79637,957,2,1,600,95.9
78683,79646,79648,963,2,1,600,96.5
78686,79657,79659,971,2,1,600,97.3
78689,79665,79667,976,2,1,600,97.8
78695,79676,79685,981,9,1,600,99.0
78698,79684,79686,986,2,1,600,98.8
78701,79694,79695,993,1,1,600,99.4
78764,79704,79706,940,2,1,600,94.2
78768,79713,79714,945,1,1,600,94.6
78771,79723,79725,952,2,1,600,95.4
78774,79732,79733,958,1,1,600,95.9
78779,79743,79745,964,2,1,600,96.6
78782,79751,79753,969,2,1,600,97.1
78785,79762,79765,977,3,1,600,98.0
78789,79771,79773,982,2,1,600,98.4
78792,79781,79783,989,2,1,600,99.1
78855,79790,79792,935,2,1,600,93.7
78860,79801,79803,941,2,1,600,94.3
78863,79810,79812,947,2,1,600,94.9
78866,79820,79822,954,2,1,600,95.6
78871,79829,79830,958,1,1,600,95.9
78874,79839,79841,965,2,1,600,96.7
78878,79848,79850,970,2,1,600,97.2
78881,79860,79861,979,1,1,600,98.0
78944,79868,79870,924,2,1,600,92.6
78947,79879,79886,932,7,1,600,93.9
78952,79888,79889,936,1,1,600,93.7
78955,79899,79915,944,16,1,600,60.0
78958,79907,79909,949,2,1,600,95.1
78963,79920,79921,957,1,1,600,95.8
78966,79928,79930,962,2,1,600,96.4
79029,79939,79941,910,2,1,600,91.2
79035,79949,79951,914,2,1,600,91.6
79038,79958,79960,920,2,1,600,92.2
79041,79969,79970,928,1,1,600,92.9
79045,79978,79979,933,1,1,600,93.4
79049,79986,79988,937,2,1,600,93.9
79053,79997,79998,944,1,1,600,94.5
79057,80005,80007,948,2,1,600,95.0
79060,80014,80021,954,7,1,600,96.1
79065,80025,80026,960,1,1,600,96.1
79069,80033,80035,964,2,1,600,96.6
79132,80042,80045,910,3,1,600,91.3
79138,80053,80054,915,1,1,600,91.6
79141,80065,80066,924,1,1,600,92.5
79146,80073,80075,927,2,1,600,92.9
79149,80084,80086,935,2,1,600,93.7
79153,80093,80095,940,2,1,600,94.2
79157,80101,80103,944,2,1,600,94.6
79161,80112,80114,951,2,1,600,95.3
79165,80121,80122,956,1,1,600,95.7
79168,80129,80131,961,2,1,600,96.3
79171,80141,80142,970,1,1,600,97.1
79235,80151,80152,916,1,1,600,91.7
79241,80171,80172,930,1,1,600,93.1
79244,80180,80188,936,8,1,600,94.4
79248,80159,80161,911,2,1,600,91.3
79253,80187,80193,934,6,1,600,94.0
79256,80197,80199,941,2,1,600,94.3
79259,80206,80208,947,2,1,600,94.9
79264,80217,80218,953,1,1,600,95.4
79267,80225,80226,958,1,1,600,95.9
79273,80233,80235,960,2,1,600,96.2
79336,80244,80253,908,9,1,600,91.7
79341,80250,80252,909,2,1,600,91.1
79344,80269,80271,925,2,1,600,92.7
79347,80278,80280,931,2,1,600,93.3
79352,80287,80289,935,2,1,600,93.7
79356,80259,80261,903,2,1,600,90.5
79360,80297,80299,937,2,1,600,93.9
79363,80306,80308,943,2,1,600,94.5
79367,80314,80317,947,3,1,600,95.0
79372,80325,80326,953,1,1,600,95.4
79375,80333,80335,958,2,1,600,96.0
79439,80342,80343,903,1,1,600,90.4
79443,80353,80354,910,1,1,600,91.1
79448,80361,80364,913,3,1,600,91.6
79451,80369,80371,918,2,1,600,92.0
79454,80382,80383,928,1,1,600,92.9
79459,80390,80392,931,2,1,600,93.3
79463,80399,80400,936,1,1,600,93.7
79468,80410,80411,942,1,1,600,94.3
79471,80418,80420,947,2,1,600,94.9
79474,80427,80430,953,3,1,600,95.6
79537,80438,80439,901,1,1,600,90.2
79540,80446,80448,906,2,1,600,90.8
79545,80455,80457,910,2,1,600,91.2
79548,80467,80469,919,2,1,600,92.1
79551,80475,80479,924,4,1,600,92.8
79556,80484,80486,928,2,1,600,93.0
79559,80495,80501,936,6,1,600,94.2
79565,80504,80507,939,3,1,600,94.2
79568,80512,80514,944,2,1,600,94.6
79571,80523,80524,952,1,1,600,95.3
79634,80531,80533,897,2,1,600,89.9
79637,80539,80541,902,2,1,600,90.4
79642,80551,80553,909,2,1,600,91.1
79645,80559,80561,914,2,1,600,91.6
79648,80568,80569,920,1,1,600,92.1
79653,80579,80581,926,2,1,600,92.8
79656,80607,80611,951,4,1,600,95.5
79661,80616,80617,955,1,1,600,95.6
79665,80625,80627,960,2,1,600,96.2
79668,80587,80590,919,3,1,600,92.2
79731,80596,80597,865,1,1,600,86.6
79734,80636,80638,902,2,1,600,90.4
79739,80644,80655,905,11,1,600,83.2727272727
79742,80652,80657,910,5,1,600,91.5
79747,80663,80666,916,3,1,600,91.9
79750,80672,80674,922,2,1,600,92.4
79753,80684,80686,931,2,1,600,93.3
79759,80693,80704,934,11,1,600,85.9090909091
79762,80701,80703,939,2,1,600,94.1
79768,80711,80715,943,4,1,600,94.7
79831,80720,80722,889,2,1,600,89.1
79836,80732,80735,896,3,1,600,89.9
79839,80740,80742,901,2,1,600,90.3
79845,80748,80756,903,8,1,600,91.1
79848,80759,80763,911,4,1,600,91.5
79851,80768,80770,917,2,1,600,91.9
79856,80776,80783,920,7,1,600,92.7
79859,80788,80792,929,4,1,600,93.3
79865,80797,80799,932,2,1,600,93.4
79868,80805,80807,937,2,1,600,93.9
79871,80816,80818,945,2,1,600,94.7
79935,80825,80826,890,1,1,600,89.1
79938,80833,80835,895,2,1,600,89.7
79941,80845,80846,904,1,1,600,90.5
79946,80853,80855,907,2,1,600,90.9
79949,80861,80863,912,2,1,600,91.4
79955,80873,80874,918,1,1,600,91.9
79958,80881,80883,923,2,1,600,92.5
79961,80890,80891,929,1,1,600,93.0
79966,80912,80914,946,2,1,600,94.8
79969,80930,80932,961,2,1,600,96.3
80032,80948,80951,916,3,1,600,91.9
80038,80966,80968,928,2,1,600,93.0
80042,80984,80988,942,4,1,600,94.6
80045,81003,81006,958,3,1,600,96.1
80050,81022,81025,972,3,1,600,97.5
80056,81041,81044,985,3,1,600,98.8
80060,81063,81064,1003,1,1,600,100.4
80063,81079,81080,1016,1,1,600,101.7
80070,81096,81099,1026,3,1,600,102.9
80073,81115,81117,1042,2,1,600,104.4
80076,81133,81135,1057,2,1,600,105.9
80139,81151,81153,1012,2,1,600,101.4
80143,81169,81170,1026,1,1,600,102.7
80148,81186,81188,1038,2,1,600,104.0
80151,81203,81206,1052,3,1,600,105.5
80157,81221,81223,1064,2,1,600,106.6
80160,81238,81241,1078,3,1,600,108.1
80162,81256,81257,1094,1,1,600,109.5
80168,81273,81308,1105,35,1,600,32.5714285714
80171,81323,81325,1152,2,1,600,115.4
80178,81341,81349,1163,8,1,600,117.1
80181,210848,370799,130667,159951,6,604800,1.81691893142
80181,81365,81366,1184,1,1,600,118.5
80244,81381,81383,1137,2,1,600,113.9
80247,81398,81400,1151,2,1,600,115.3
80250,81415,81422,1165,7,1,600,117.2
80256,81437,81439,1181,2,1,600,118.3
80259,81454,81455,1195,1,1,600,119.6
80262,81471,81473,1209,2,1,600,121.1
80266,81488,81495,1222,7,1,600,122.9
80269,81510,81512,1241,2,1,600,124.3
80275,81527,81528,1252,1,1,600,125.3
80278,81544,81545,1266,1,1,600,126.7
80283,81560,81561,1277,1,1,600,127.8
80349,81576,81578,1227,2,1,600,122.9
80353,81594,81601,1241,7,1,600,124.8
80358,81616,81626,1258,10,1,600,126.8
80361,81642,81643,1281,1,1,600,128.2
80366,81659,81660,1293,1,1,600,129.4
80369,81676,81679,1307,3,1,600,131.0
80373,81695,81697,1322,2,1,600,132.4
80379,81713,81715,1334,2,1,600,133.6
80382,81730,81733,1348,3,1,600,135.1
80387,81749,81750,1362,1,1,600,136.3
80390,81765,81767,1375,2,1,600,137.7
80395,81782,81785,1387,3,1,600,139.0
80459,81800,81802,1341,2,1,600,134.3
80464,81817,81819,1353,2,1,600,135.5
80467,81834,81836,1367,2,1,600,136.9
80472,81851,81854,1379,3,1,600,138.2
80475,81862,81874,1387,12,1,600,116.583333333
80481,81873,81875,1392,2,1,600,139.4
80484,81889,81892,1405,3,1,600,140.8
80487,81900,81903,1413,3,1,600,141.6
80492,81910,81912,1418,2,1,600,142.0
80495,81922,81924,1427,2,1,600,142.9
80501,81933,81935,1432,2,1,600,143.4
80564,81944,81946,1380,2,1,600,138.2
80567,81956,81958,1389,2,1,600,139.1
80570,81967,81969,1397,2,1,600,139.9
80575,81978,81979,1403,1,1,600,140.4
80578,81989,81992,1411,3,1,600,141.4
80584,81999,82000,1415,1,1,600,141.6
80587,82011,82014,1424,3,1,600,142.7
80592,82022,82024,1430,2,1,600,143.2
80595,82033,82035,1438,2,1,600,144.0
80599,82044,82045,1445,1,1,600,144.6
80604,82055,82057,1451,2,1,600,145.3
80607,82065,82096,1458,31,1,600,48.0322580645
80670,82076,82078,1406,2,1,600,140.8
80673,82094,82096,1421,2,1,600,142.3
80676,82111,82113,1435,2,1,600,143.7
80681,82120,82123,1439,3,1,600,144.2
80684,82130,82132,1446,2,1,600,144.8
80689,82140,82142,1451,2,1,600,145.3
80692,82151,82180,1459,29,1,600,51.3103448276
80698,82162,82164,1464,2,1,600,146.6
80702,82181,82183,1479,2,1,600,148.1
80765,82196,82201,1431,5,1,600,143.6
80768,82207,82208,1439,1,1,600,144.0
80773,82217,82222,1444,5,1,600,144.9
80776,82229,82231,1453,2,1,600,145.5
80780,82240,82243,1460,3,1,600,146.3
80785,82251,82253,1466,2,1,600,146.8
80789,82262,82263,1473,1,1,600,147.4
80794,82274,82275,1480,1,1,600,148.1
80797,82286,82287,1489,1,1,600,149.0
80802,82298,82302,1496,4,1,600,150.0
80805,82310,82311,1505,1,1,600,150.6
80808,82321,82322,1513,1,1,600,151.4
80871,82332,82335,1461,3,1,600,146.4
80877,82341,82348,1464,7,1,600,147.1
80881,82352,82353,1471,1,1,600,147.2
80886,82358,82360,1472,2,1,600,147.4
80890,82369,82377,1479,8,1,600,148.7
80893,82376,82378,1483,2,1,600,148.5
80898,82389,82395,1491,6,1,600,149.7
80901,82400,82402,1499,2,1,600,150.1
80903,82409,82410,1506,1,1,600,150.7
80909,82419,82421,1510,2,1,600,151.2
80973,82428,82430,1455,2,1,600,145.7
80976,82438,82440,1462,2,1,600,146.4
80981,82447,82448,1466,1,1,600,146.7
80985,82458,82461,1473,3,1,600,147.6
81048,82466,82468,1418,2,1,600,142.0
81054,82479,82480,1425,1,1,600,142.6
81060,82488,82489,1428,1,1,600,142.9
81063,82499,82500,1436,1,1,600,143.7
81130,82507,82509,1377,2,1,600,137.9
81134,82519,82521,1385,2,1,600,138.7
81137,82530,82531,1393,1,1,600,139.4
81141,82540,82542,1399,2,1,600,140.1
81149,82549,82550,1400,1,1,600,140.1
81212,82560,82562,1348,2,1,600,135.0
81218,82568,82570,1350,2,1,600,135.2
81221,82578,82580,1357,2,1,600,135.9
81225,82587,82593,1362,6,1,600,136.8
81288,82598,82600,1310,2,1,600,131.2
81291,82607,82609,1316,2,1,600,131.8
81294,82638,82640,1344,2,1,600,134.6
81361,82648,82650,1287,2,1,600,128.9
81365,82679,82680,1314,1,1,600,131.5
81368,82688,82689,1320,1,1,600,132.1
81434,82715,82717,1281,2,1,600,128.3
81437,82724,82727,1287,3,1,600,129.0
81440,82755,82757,1315,2,1,600,131.7
81444,82763,82764,1319,1,1,600,132.0
81450,82791,82793,1341,2,1,600,134.3
81514,82800,82801,1286,1,1,600,128.7
81517,82827,82831,1310,4,1,600,131.4
81524,82836,82843,1312,7,1,600,131.9
81527,82870,82871,1343,1,1,600,134.4
81590,82879,82881,1289,2,1,600,129.1
81593,82891,82893,1298,2,1,600,130.0
81597,82900,82904,1303,4,1,600,130.7
81600,82912,82913,1312,1,1,600,131.3
81663,82919,82921,1256,2,1,600,125.8
81667,82932,82934,1265,2,1,600,126.7
81673,82941,82943,1268,2,1,600,127.0
81676,82953,82954,1277,1,1,600,127.8
81740,82962,82964,1222,2,1,600,122.4
81745,82983,82984,1238,1,1,600,123.9
81749,83184,83187,1435,3,1,600,143.8
81752,83218,83253,1466,35,1,600,42.8857142857
81816,83001,83002,1185,1,1,600,118.6
81819,83018,83020,1199,2,1,600,120.1
81822,83035,83036,1213,1,1,600,121.4
81825,83051,83053,1226,2,1,600,122.8
81831,83068,83074,1237,6,1,600,124.3
81897,83079,83097,1182,18,1,600,66.6666666667
81900,83092,83093,1192,1,1,600,119.3
81907,83110,83112,1203,2,1,600,120.5
81911,83120,83122,1209,2,1,600,121.1
81914,83131,83132,1217,1,1,600,121.8
81919,83141,83143,1222,2,1,600,122.4
81922,83152,83154,1230,2,1,600,123.2
81986,83162,83164,1176,2,1,600,117.8
81989,83173,83175,1184,2,1,600,118.6
81996,83195,83197,1199,2,1,600,120.1
81999,83205,83207,1206,2,1,600,120.8
82003,83238,83254,1235,16,1,600,78.1875
82008,83246,83260,1238,14,1,600,89.4285714286
82013,83255,83269,1242,14,1,600,89.7142857143
82019,83268,83271,1249,3,1,600,125.2
82022,83279,83282,1257,3,1,600,126.0
82086,83288,83290,1202,2,1,600,120.4
82091,83301,83304,1210,3,1,600,121.3
82095,83309,83311,1214,2,1,600,121.6
82098,83318,83320,1220,2,1,600,122.2
82101,83329,83332,1228,3,1,600,123.1
82108,83338,83341,1230,3,1,600,123.3
82111,83347,83349,1236,2,1,600,123.8
82177,83358,83360,1181,2,1,600,118.3
82181,83367,83369,1186,2,1,600,118.8
82184,83375,83377,1191,2,1,600,119.3
82188,83387,83389,1199,2,1,600,120.1
82193,83397,83399,1204,2,1,600,120.6
82197,83406,83408,1209,2,1,600,121.1
82203,83419,83421,1216,2,1,600,121.8
82270,83428,83429,1158,1,1,600,115.9
82274,83437,83438,1163,1,1,600,116.4
82277,83448,83451,1171,3,1,600,117.4
82282,83457,83459,1175,2,1,600,117.7
82286,83536,83539,1250,3,1,600,125.3
82289,83545,83546,1256,1,1,600,125.7
82295,83465,83466,1170,1,1,600,117.1
82299,83476,83477,1177,1,1,600,117.8
82302,83485,83488,1183,3,1,600,118.6
82366,83495,83497,1129,2,1,600,113.1
82369,83507,83514,1138,7,1,600,114.5
82373,83554,83556,1181,2,1,600,118.3
82376,83517,83520,1141,3,1,600,114.4
82380,83525,83529,1145,4,1,600,114.9
82385,83574,83591,1189,17,1,600,70.9411764706
82389,83586,83592,1197,6,1,600,120.3
82392,83606,83610,1214,4,1,600,121.8
82397,83617,83618,1220,1,1,600,122.1
82463,83692,83694,1229,2,1,600,123.1
82466,83737,83738,1271,1,1,600,127.2
82470,83748,83749,1278,1,1,600,127.9
82476,83628,83629,1152,1,1,600,115.3
82479,83638,83640,1159,2,1,600,116.1
82484,83648,83650,1164,2,1,600,116.6
82490,83658,83665,1168,7,1,600,117.5
82496,83668,83670,1172,2,1,600,117.4
82499,83682,83683,1183,1,1,600,118.4
82504,83704,83705,1200,1,1,600,120.1
82507,83714,83717,1207,3,1,600,121.0
82511,83726,83732,1215,6,1,600,122.1
82575,83759,83761,1184,2,1,600,118.6
82579,83769,83770,1190,1,1,600,119.1
82583,83780,83782,1197,2,1,600,119.9
82587,83790,83791,1203,1,1,600,120.4
82590,83800,83802,1210,2,1,600,121.2
82595,83812,83813,1217,1,1,600,121.8
82599,83822,83824,1223,2,1,600,122.5
82604,83833,83835,1229,2,1,600,123.1
82607,83844,83845,1237,1,1,600,123.8
82610,83855,83863,1245,8,1,600,125.3
82624,82659,87800,35,5141,5,9000,1.00680801401
82627,82670,87441,43,4771,5,9000,1.00901278558
82660,82699,87212,39,4513,5,9000,1.00864170175
82676,82707,88002,31,5295,5,9000,1.00585457979
82676,83865,83867,1189,2,1,600,119.1
82679,83877,83879,1198,2,1,600,120.0
82685,83888,83891,1203,3,1,600,120.6
82690,83899,83902,1209,3,1,600,121.2
82699,82736,88324,37,5588,5,9000,1.00662133142
82711,82745,87254,34,4509,5,9000,1.00754047461
82733,82773,87291,40,4518,5,9000,1.00885347499
82746,82782,87326,36,4544,5,9000,1.00792253521
82753,83910,83912,1157,2,1,600,115.9
82760,83920,83922,1160,2,1,600,116.2
82763,83930,83934,1167,4,1,600,117.1
82770,83941,83944,1171,3,1,600,117.4
82773,83951,83954,1178,3,1,600,118.1
82778,82808,88004,30,5196,5,9000,1.00577367206
82778,109221,195670,26443,86449,12,86400,1.30587976726
82780,82817,88320,37,5503,5,9000,1.00672360531
82815,82849,87905,34,5056,5,9000,1.00672468354
82818,82860,88570,42,5710,5,9000,1.00735551664
82837,83963,83964,1126,1,1,600,112.7
82840,83974,83975,1134,1,1,600,113.5
82846,83984,83985,1138,1,1,600,113.9
82851,90147,95005,7296,4858,5,9000,2.50185261424
82867,90156,96196,7289,6040,5,9000,2.20678807947
82910,83995,83997,1085,2,1,600,108.7
82913,84004,84009,1091,5,1,600,109.6
82916,84014,84016,1098,2,1,600,110.0
82920,84024,84026,1104,2,1,600,110.6
82923,84035,84037,1112,2,1,600,111.4
82929,84046,84048,1117,2,1,600,111.9
82933,84057,84060,1124,3,1,600,112.7
82998,84067,84070,1069,3,1,600,107.2
83000,84078,84080,1078,2,1,600,108.0
83004,84090,84091,1086,1,1,600,108.7
83007,84101,84103,1094,2,1,600,109.6
83009,84111,84112,1102,1,1,600,110.3
83015,84121,84132,1106,11,1,600,101.545454545
83055,115753,202199,32698,86446,12,86400,1.3782476922
83079,84132,84135,1053,3,1,600,105.6
83083,84148,84149,1065,1,1,600,106.6
83089,84158,84160,1069,2,1,600,107.1
83092,84169,84170,1077,1,1,600,107.8
83148,101461,184163,18313,82702,8,86400,1.22143358081
83159,84180,84182,1021,2,1,600,102.3
83163,84191,84192,1028,1,1,600,102.9
83170,84201,84203,1031,2,1,600,103.3
83173,84212,84214,1039,2,1,600,104.1
83181,84223,84225,1042,2,1,600,104.4
83184,84235,84236,1051,1,1,600,105.2
83192,84245,84246,1053,1,1,600,105.4
83195,84256,84258,1061,2,1,600,106.3
83196,109080,177438,25884,68358,8,86400,1.3786535592
83202,84267,84268,1065,1,1,600,106.6
83205,84278,84280,1073,2,1,600,107.5
83209,84289,84290,1080,1,1,600,108.1
83251,111094,173101,27843,62007,8,86400,1.44902994823
83276,84300,84301,1024,1,1,600,102.5
83280,84311,84312,1031,1,1,600,103.2
83285,84322,84323,1037,1,1,600,103.8
83288,84333,84335,1045,2,1,600,104.7
83292,84343,84344,1051,1,1,600,105.2
83297,84354,84355,1057,1,1,600,105.8
83301,84364,84366,1063,2,1,600,106.5
83306,84376,84377,1070,1,1,600,107.1
83372,84386,84393,1014,7,1,600,102.1
83375,84397,84398,1022,1,1,600,102.3
83378,84408,84409,1030,1,1,600,103.1
83384,84418,84420,1034,2,1,600,103.6
83388,84429,84430,1041,1,1,600,104.2
83394,84440,84441,1046,1,1,600,104.7
83397,84450,84461,1053,11,1,600,96.7272727273
83403,84461,84463,1058,2,1,600,106.0
83407,84477,84478,1070,1,1,600,107.1
83410,84488,84489,1078,1,1,600,107.9
83416,84498,84502,1082,4,1,600,108.6
83419,84510,84511,1091,1,1,600,109.2
83483,84521,84523,1038,2,1,600,104.0
83486,84530,84543,1044,13,1,600,81.3076923077
83492,84541,84543,1049,2,1,600,105.1
83495,84559,84570,1064,11,1,600,97.7272727273
83499,84572,84575,1073,3,1,600,107.6
83505,84586,84587,1081,1,1,600,108.2
83508,84597,84599,1089,2,1,600,109.1
90153,90167,95456,14,5289,5,9000,1.00264700321
90156,90178,95096,22,4918,5,9000,1.00447336316
90169,90188,95182,19,4994,5,9000,1.00380456548
90185,90198,94617,13,4419,5,9000,1.00294184205
90187,90210,94982,23,4772,5,9000,1.00481978206
90200,90220,95405,20,5185,5,9000,1.00385728062
90217,90230,95135,13,4905,5,9000,1.00265035678
90220,90240,94792,20,4552,5,9000,1.00439367311
90237,90250,94819,13,4569,5,9000,1.00284526155
90247,90260,91873,13,1613,8,6000,1.00805951643
90250,90269,91878,19,1609,8,6000,1.01180857676
90266,90279,91904,13,1625,8,6000,1.008
90268,91889,93490,1621,1601,8,6000,2.01249219238
90281,91900,93512,1619,1612,8,6000,2.00434243176
91891,91920,93546,29,1626,8,6000,1.01783517835
91903,93506,95127,1603,1621,8,6000,1.98889574337
91927,93528,95138,1601,1610,8,6000,1.99440993789
93505,93561,95176,56,1615,8,6000,1.0346749226
93528,94632,96233,1104,1601,8,6000,1.68956901936
93562,94836,96440,1274,1604,8,6000,1.79426433915
94797,95021,96623,224,1602,8,6000,1.13982521848
94994,95112,96717,118,1605,8,6000,1.07352024922
95028,95143,96772,115,1629,8,6000,1.07059545734
95133,95155,96775,22,1620,8,6000,1.01358024691
95146,95190,96800,44,1610,8,6000,1.02732919255
95159,95202,96810,43,1608,8,6000,1.02674129353
95193,95421,97027,228,1606,8,6000,1.14196762142
95206,96212,97828,1006,1616,8,6000,1.62252475248
95242,96650,96663,1408,13,1,3600,109.307692308
95465,96249,97850,784,1601,8,6000,1.48969394129
96246,96456,98068,210,1612,8,6000,1.13027295285
96443,96640,98251,197,1611,8,6000,1.12228429547
96630,96730,98339,100,1609,8,6000,1.06215040398
96724,96788,98407,64,1619,8,6000,1.03953057443
96778,96800,98412,22,1612,8,6000,1.01364764268
96791,96813,98430,22,1617,8,6000,1.01360544218
96804,100912,101090,4108,178,1,3600,24.0786516854
96804,96826,98438,22,1612,8,6000,1.01364764268
96817,97044,98660,227,1616,8,6000,1.14047029703
97034,97844,99459,810,1615,8,6000,1.50154798762
97835,97867,99475,32,1608,8,6000,1.01990049751
97859,98085,99698,226,1613,8,6000,1.1401115933
98076,98267,99893,191,1626,8,6000,1.11746617466
98254,98355,99959,101,1604,8,6000,1.06296758105
98342,98424,100051,82,1627,8,6000,1.0503995083
98421,98435,100039,14,1604,8,6000,1.00872817955
98423,98446,100059,23,1613,8,6000,1.01425914445
98436,98458,100112,22,1654,8,6000,1.01330108827
98449,98677,100313,228,1636,8,6000,1.13936430318
98667,99475,101083,808,1608,8,6000,1.50248756219
99015,100921,100938,1906,17,1,1800,113.117647059
99394,100949,101128,1555,179,1,3600,9.68715083799
99472,99490,101104,18,1614,8,6000,1.01115241636
99487,99714,101339,227,1625,8,6000,1.13969230769
99704,99910,101520,206,1610,8,6000,1.12795031056
99901,99975,101584,74,1609,8,6000,1.04599129894
99966,100056,101673,90,1617,8,6000,1.05565862709
100053,100067,101682,14,1615,8,6000,1.00866873065
100056,100078,101694,22,1616,8,6000,1.01361386139
100069,100129,101726,60,1597,8,6000,1.03757044458
100126,100331,101947,205,1616,8,6000,1.12685643564
100323,101099,102736,776,1637,8,6000,1.47403787416
101096,101120,102744,24,1624,8,6000,1.01477832512
101110,101355,103033,245,1678,8,6000,1.14600715137
101129,101140,101260,11,120,1,1800,1.09166666667
101309,101319,101680,10,361,1,3600,1.02770083102
101335,101470,101852,135,382,1,3600,1.35340314136
101352,101452,107473,100,6021,8,6000,1.01660853679
101458,101536,103152,78,1616,8,6000,1.04826732673
101542,101599,103233,57,1634,8,6000,1.03488372093
101587,101701,101843,114,142,1,1800,1.80281690141
101607,101689,103302,82,1613,8,6000,1.05083694978
101692,101712,103344,20,1632,8,6000,1.01225490196
101709,101723,103344,14,1621,8,6000,1.00863664405
101722,101742,103358,20,1616,8,6000,1.01237623762
101745,101963,103590,218,1627,8,6000,1.13398893669
101964,102752,104373,788,1621,8,6000,1.48611967921
102012,102763,103441,751,678,1,3600,2.10766961652
102162,103451,104136,1289,685,1,3600,2.88175182482
102437,103462,103913,1025,451,1,1800,3.27272727273
102755,102775,104393,20,1618,8,6000,1.01236093943
102777,103049,104695,272,1646,8,6000,1.1652490887
103056,103169,104784,113,1615,8,6000,1.06996904025
103171,103249,104858,78,1609,8,6000,1.0484773151
103256,103318,104934,62,1616,8,6000,1.03836633663
103320,103360,104970,40,1610,8,6000,1.0248447205
103357,103370,104986,13,1616,8,6000,1.00804455446
103370,103380,104992,10,1612,8,6000,1.00620347395
103383,103606,105273,223,1667,8,6000,1.13377324535
103612,104084,110098,472,6014,8,6000,1.07848353841
104092,104290,105923,198,1633,8,6000,1.12124923454
104292,104390,106008,98,1618,8,6000,1.06056860321
104397,104411,106026,14,1615,8,6000,1.00866873065
104411,104712,106325,301,1613,8,6000,1.18660880347
104567,106624,106758,2057,134,1,3600,16.3507462687
104719,104800,106414,81,1614,8,6000,1.05018587361
104785,106634,106644,1849,10,1,1800,185.9
104804,104875,106486,71,1611,8,6000,1.04407200497
104878,104950,106596,72,1646,8,6000,1.04374240583
104953,104985,106604,32,1619,8,6000,1.01976528721
104987,105003,106616,16,1613,8,6000,1.00991940484
105010,105020,106630,10,1610,8,6000,1.00621118012
105023,105289,106908,266,1619,8,6000,1.16429894997
105182,106657,106783,1475,126,1,3600,12.7063492063
105292,105939,107553,647,1614,8,6000,1.40086741016
105940,106026,107645,86,1619,8,6000,1.05311920939
106025,106042,107661,17,1619,8,6000,1.01050030883
106048,106341,108004,293,1663,8,6000,1.17618761275
106349,106430,108039,81,1609,8,6000,1.05034182722
106434,106499,108116,65,1617,8,6000,1.04019789734
106499,106612,108228,113,1616,8,6000,1.06992574257
106527,106769,106885,242,116,1,1800,3.08620689655
106614,106643,108267,29,1624,8,6000,1.01785714286
106648,106668,108292,20,1624,8,6000,1.01231527094
106671,106924,108546,253,1622,8,6000,1.15598027127
106849,106859,106926,10,67,1,1800,1.14925373134
106931,106942,108581,11,1639,8,6000,1.0067114094
106944,107490,113503,546,6013,8,6000,1.0908032596
106951,108572,108935,1621,363,1,3600,5.46556473829
106955,108581,108956,1626,375,1,3600,5.336
107211,108590,108756,1379,166,1,1800,9.30722891566
107229,108610,108728,1381,118,1,1800,12.7033898305
107489,107569,109206,80,1637,8,6000,1.04886988393
107574,107661,109289,87,1628,8,6000,1.05343980344
107659,107678,109310,19,1632,8,6000,1.01164215686
107682,108021,109642,339,1621,8,6000,1.20913016656
108023,108056,109677,33,1621,8,6000,1.02035780382
108056,108133,109764,77,1631,8,6000,1.04721030043
108141,108244,109879,103,1635,8,6000,1.0629969419
108244,108283,113558,39,5275,5,9000,1.00739336493
108288,108307,113656,19,5349,5,9000,1.00355206581
108311,108321,113646,10,5325,5,9000,1.00187793427
108324,108562,114394,238,5832,5,9000,1.04080932785
108563,108600,114111,37,5511,5,9000,1.00671384504
108607,109305,109321,698,16,5,9000,44.625
109301,109316,109931,15,615,1,3600,1.0243902439
109307,109327,114875,20,5548,5,9000,1.00360490267
109313,109336,109898,23,562,1,3600,1.0409252669
109323,109346,114073,23,4727,5,9000,1.00486566533
109326,109355,114499,29,5144,5,9000,1.00563763608
109359,109370,114671,11,5301,5,9000,1.00207508017
109372,109657,114515,285,4858,5,9000,1.05866611774
109408,109702,110123,294,421,1,1800,1.69833729216
109471,109782,110085,311,303,1,1800,2.02640264026
109661,109692,114278,31,4586,5,9000,1.00675970345
109699,116936,122352,7237,5416,5,9000,2.33622599705
109773,109792,114817,19,5025,5,9000,1.00378109453
109888,109898,115209,10,5311,5,9000,1.00188288458
110084,110114,110928,30,814,6,3000,1.03685503686
110111,110123,114739,12,4616,5,9000,1.00259965338
110125,113773,118133,3648,4360,5,9000,1.83669724771
111408,111419,111479,11,60,1,1800,1.18333333333
111750,111760,111850,10,90,1,1800,1.11111111111
112514,112525,112788,11,263,1,1800,1.04182509506
112895,112905,163169,10,50264,2,64800,1.00019894955
113780,113791,118559,11,4768,5,9000,1.00230704698
113793,113803,119112,10,5309,5,9000,1.0018835939
113810,113823,119423,13,5600,5,9000,1.00232142857
113825,121712,126971,7887,5259,5,9000,2.49971477467
115070,203951,808801,88881,604850,3,604800,1.14694717699
116934,116947,121897,13,4950,5,9000,1.00262626263
116947,116957,122468,10,5511,5,9000,1.00181455271
116960,116970,122177,10,5207,5,9000,1.00192049165
116974,116985,122546,11,5561,5,9000,1.0019780615
116987,116996,122274,9,5278,5,9000,1.00170519136
117000,117011,121812,11,4801,5,9000,1.00229118934
117013,117024,122353,11,5329,5,9000,1.00206417714
117027,117038,122190,11,5152,5,9000,1.00213509317
117040,117051,121714,11,4663,5,9000,1.00235899635
117053,117064,121536,11,4472,5,9000,1.00245974955
117066,120676,125659,3610,4983,5,9000,1.72446317479
118544,118558,118573,14,15,4,600,1.93333333333
118599,119256,119417,657,161,4,600,5.08074534161
118602,119445,119512,843,67,4,600,13.5820895522
118604,119490,119650,886,160,4,600,6.5375
118607,119535,119590,928,55,4,600,17.8727272727
118609,119605,119657,996,52,4,600,20.1538461538
118612,119667,119737,1055,70,4,600,16.0714285714
118618,119678,119730,1060,52,4,600,21.3846153846
118621,119746,119799,1125,53,4,600,22.2264150943
118623,119757,119812,1134,55,4,600,21.6181818182
118626,119815,119867,1189,52,4,600,23.8653846154
118629,119837,119889,1208,52,4,600,24.2307692308
118845,118858,118939,13,81,1,600,1.16049382716
118848,118871,118939,23,68,1,600,1.33823529412
118856,118956,119051,100,95,1,600,2.05263157895
118858,118965,119077,107,112,1,600,1.95535714286
118861,119067,119087,206,20,1,600,11.3
118868,119095,119113,227,18,1,600,13.6111111111
118871,119106,119127,235,21,1,600,12.1904761905
118874,119130,119150,256,20,1,600,13.8
118877,119153,119171,276,18,1,600,16.3333333333
118880,119166,119184,286,18,1,600,16.8888888889
118882,119187,119205,305,18,1,600,17.9444444444
118964,119200,119219,236,19,1,600,13.4210526316
118966,119221,119239,255,18,1,600,15.1666666667
119246,119884,191934,638,72050,2,72000,1.00885496183
119284,119893,184707,609,64814,2,64800,1.00939611812
119415,210913,363769,91498,152856,6,604800,1.59858952216
120041,123659,123666,3618,7,12,1200,362.5
120249,203678,275139,83429,71461,16,604800,2.16747596591
120417,120428,120446,11,18,1,600,1.61111111111
120418,120440,120459,22,19,1,600,2.15789473684
120425,120452,120470,27,18,1,600,2.5
120428,120462,120481,34,19,1,600,2.78947368421
120430,120472,120489,42,17,1,600,3.47058823529
120437,120484,120500,47,16,1,600,3.9375
120439,120495,120513,56,18,1,600,4.11111111111
120442,120506,120523,64,17,1,600,4.76470588235
120449,120515,120534,66,19,1,600,4.47368421053
120452,120526,120543,74,17,1,600,5.35294117647
120458,120537,120559,79,22,1,600,4.59090909091
120543,120554,120583,11,29,1,600,1.37931034483
120545,120566,120594,21,28,1,600,1.75
120551,120577,120604,26,27,1,600,1.96296296296
120554,120609,120635,55,26,1,600,3.11538461538
120556,120598,120624,42,26,1,600,2.61538461538
120563,120622,120647,59,25,1,600,3.36
120565,120631,120657,66,26,1,600,3.53846153846
120568,120643,120668,75,25,1,600,4.0
120574,120655,120679,81,24,1,600,4.375
120576,120667,120692,91,25,1,600,4.64
120579,120686,120712,107,26,1,600,5.11538461538
120684,120698,125595,14,4897,5,9000,1.0028588932
120697,120709,125186,12,4477,5,9000,1.00268036632
120711,121722,126389,1011,4667,5,9000,1.21662738376
120713,120729,121104,16,375,4,600,1.04266666667
120716,121124,121526,408,402,4,600,2.01492537313
120717,121542,121934,825,392,4,600,3.10459183673
120720,121950,122358,1230,408,4,600,4.01470588235
120727,122389,122849,1662,460,4,600,4.61304347826
120730,122867,123286,2137,419,4,600,6.10023866348
120732,123303,123724,2571,421,4,600,7.10688836105
120735,123692,124136,2957,444,4,600,7.65990990991
120738,123740,124123,3002,383,4,600,8.83812010444
120739,124139,124523,3400,384,4,600,9.85416666667
120740,124152,124539,3412,387,4,600,9.8165374677
120824,124567,124591,3743,24,1,600,156.958333333
120826,124577,124613,3751,36,1,600,105.194444444
120829,124608,124623,3779,15,1,600,252.933333333
120832,124629,124644,3797,15,1,600,254.133333333
120834,124640,124654,3806,14,1,600,272.857142857
120837,124660,124675,3823,15,1,600,255.866666667
120840,124671,124685,3831,14,1,600,274.642857143
120842,124694,124708,3852,14,1,600,276.142857143
120845,124706,124721,3861,15,1,600,258.4
120848,124724,124738,3876,14,1,600,277.857142857
120850,124737,124752,3887,15,1,600,260.133333333
121368,124539,128006,3171,3467,4,7200,1.91462359389
121694,124754,153603,3060,28849,1,28800,1.10606953447
121696,154673,183476,32977,28803,1,28800,2.1449154602
121698,238245,267073,116547,28828,1,28800,5.04284029416
121700,272895,301721,151195,28826,1,28800,6.24509123708
121702,301733,330567,180031,28834,1,28800,7.24370534785
121719,121733,126248,14,4515,5,9000,1.00310077519
121722,121745,121762,23,17,5,9000,2.35294117647
121735,121778,126970,43,5192,5,9000,1.00828197227
121769,121828,127188,59,5360,5,9000,1.01100746269
121825,121913,126511,88,4598,5,9000,1.01913875598
121899,122193,126843,294,4650,5,9000,1.06322580645
122047,123682,132361,1635,8679,8,21600,1.18838575873
122189,122207,127775,18,5568,5,9000,1.00323275862
122204,122290,122307,86,17,5,9000,6.05882352941
122279,122323,126891,44,4568,5,9000,1.00963222417
122312,122368,127840,56,5472,5,9000,1.01023391813
122356,122379,127409,23,5030,5,9000,1.00457256461
122369,122487,127748,118,5261,5,9000,1.02242919597
122474,122562,127366,88,4804,5,9000,1.01831806828
122549,125202,130585,2653,5383,5,9000,1.49284785436
123383,127229,132855,3846,5626,8,7200,1.68361180235
124174,124556,125232,382,676,2,3600,1.5650887574
124937,124948,126247,11,1299,2,3600,1.00846805235
125199,125612,130214,413,4602,5,9000,1.08974358974
125273,125284,125361,11,77,1,600,1.14285714286
125275,125295,125361,20,66,1,600,1.30303030303
125281,125308,125342,27,34,1,600,1.79411764706
125284,125318,125343,34,25,1,600,2.36
125286,125329,125346,43,17,1,600,3.52941176471
125292,125359,125378,67,19,1,600,4.52631578947
125295,125370,125390,75,20,1,600,4.75
125298,125380,125399,82,19,1,600,5.31578947368
125304,125393,125415,89,22,1,600,5.04545454545
125307,125405,125426,98,21,1,600,5.66666666667
125308,228187,347575,102879,119388,1,144000,1.86171977083
125316,125418,125437,102,19,1,600,6.36842105263
125326,279432,392345,154106,112913,1,144000,2.36482070266
125337,125428,125453,91,25,1,600,4.64
125340,125437,125462,97,25,1,600,4.88
125341,282557,396014,157216,113457,1,144000,2.38568796989
125342,125448,125477,106,29,1,600,4.65517241379
125344,125458,125486,114,28,1,600,5.07142857143
125347,125468,125494,121,26,1,600,5.65384615385
125349,125477,125504,128,27,1,600,5.74074074074
125356,125489,125514,133,25,1,600,6.32
125358,125500,125526,142,26,1,600,6.46153846154
125361,125511,125537,150,26,1,600,6.76923076923
125367,125521,125547,154,26,1,600,6.92307692308
125370,125532,125558,162,26,1,600,7.23076923077
125379,125542,125681,163,139,1,600,2.1726618705
125382,125553,125679,171,126,1,600,2.35714285714
125384,125562,125691,178,129,1,600,2.37984496124
125391,125574,125702,183,128,1,600,2.4296875
125393,125584,125715,191,131,1,600,2.45801526718
125396,125695,125828,299,133,1,600,3.24812030075
125402,125706,125838,304,132,1,600,3.30303030303
125404,125721,125850,317,129,1,600,3.45736434109
125407,125769,125900,362,131,1,600,3.76335877863
125409,125778,125910,369,132,1,600,3.79545454545
125416,125845,125979,429,134,1,600,4.20149253731
125602,125677,130791,75,5114,5,9000,1.01466562378
125631,125732,125753,101,21,2,600,5.80952380952
125668,126276,131385,608,5109,5,9000,1.11900567626
126163,126177,126190,14,13,1,600,2.07692307692
126165,126187,126201,22,14,1,600,2.57142857143
126167,126197,126212,30,15,1,600,3.0
126168,126210,126223,42,13,1,600,4.23076923077
126175,126220,126234,45,14,1,600,4.21428571429
126177,126229,126243,52,14,1,600,4.71428571429
126184,126261,126275,77,14,1,600,6.5
126187,126286,126360,99,74,1,600,2.33783783784
126194,126296,126360,102,64,1,600,2.59375
126197,126241,126254,44,13,1,600,4.38461538462
126200,126251,126266,51,15,1,600,4.4
126217,126325,126350,108,25,1,600,5.32
126220,126347,126372,127,25,1,600,6.08
126227,126357,126383,130,26,1,600,6.0
126230,126306,126332,76,26,1,600,3.92307692308
126232,126316,126340,84,24,1,600,4.5
126239,126368,126392,129,24,1,600,6.375
126242,126378,126405,136,27,1,600,6.03703703704
126249,126389,126416,140,27,1,600,6.18518518519
126252,126401,126433,149,32,1,600,5.65625
126257,126444,131799,187,5355,5,9000,1.03492063492
126257,126412,126443,155,31,1,600,6.0
126260,126422,126447,162,25,1,600,7.48
126287,126432,126561,145,129,1,600,2.12403100775
126294,126454,126583,160,129,1,600,2.24031007752
126328,126463,126589,135,126,1,600,2.07142857143
126335,126473,126605,138,132,1,600,2.04545454545
126377,126485,126500,108,15,1,600,8.2
126379,126494,126509,115,15,1,600,8.66666666667
126386,126504,126516,118,12,1,600,10.8333333333
126389,126516,126530,127,14,1,600,10.0714285714
126392,126537,126550,145,13,1,600,12.1538461538
126398,126527,131052,129,4525,5,9000,1.02850828729
126398,126548,126560,150,12,1,600,13.5
126400,126558,126570,158,12,1,600,14.1666666667
126403,126570,126583,167,13,1,600,13.8461538462
126410,126582,126593,172,11,1,600,16.6363636364
126412,126591,126604,179,13,1,600,14.7692307692
126419,126603,126616,184,13,1,600,15.1538461538
126525,126861,131914,336,5053,5,9000,1.0664951514
126858,126908,131757,50,4849,5,9000,1.01031140441
126905,127010,132653,105,5643,5,9000,1.01860712387
126953,126964,126980,11,16,1,600,1.6875
126955,126976,126991,21,15,1,600,2.4
126962,126986,126999,24,13,1,600,2.84615384615
126964,126997,127012,33,15,1,600,3.2
126967,127032,127045,65,13,1,600,6.0
126974,127041,127055,67,14,1,600,5.78571428571
126976,127051,127124,75,73,1,600,2.02739726027
126982,127020,132739,38,5719,5,9000,1.00664451827
126982,127061,127077,79,16,1,600,5.9375
126985,127070,127085,85,15,1,600,6.66666666667
126988,127080,127098,92,18,1,600,6.11111111111
126995,127133,127147,138,14,1,600,10.8571428571
126998,127092,127097,94,5,1,600,9.9
127000,127102,127107,102,5,1,600,10.7
127007,127111,127116,104,5,1,600,10.9
127010,127121,127127,111,6,1,600,11.7
127016,127217,132877,201,5660,5,9000,1.03551236749
127016,127143,127150,127,7,1,600,13.4
127019,127153,127157,134,4,1,600,13.8
127022,127162,127169,140,7,1,600,14.7
127029,127172,127178,143,6,1,600,14.9
127032,127182,127187,150,5,1,600,15.5
127039,127194,127199,155,5,1,600,16.0
127041,127204,127209,163,5,1,600,16.8
127122,128740,149293,1618,20553,8,28800,1.07872330073
127185,129398,129400,2213,2,12,1200,221.5
127193,127382,132665,189,5283,5,9000,1.03577512777
127208,128131,128734,923,603,2,3600,2.53067993367
127370,127425,131996,55,4571,5,9000,1.01203237804
127414,127765,132370,351,4605,5,9000,1.07622149837
127636,128023,129381,387,1358,4,3600,1.28497790869
127755,127791,133247,36,5456,5,9000,1.00659824047
127779,127858,133244,79,5386,5,9000,1.01466765689
127816,128749,128886,933,137,2,3600,7.8102189781
127843,130230,134912,2387,4682,5,9000,1.50982486117
128537,128762,129363,225,601,2,3600,1.37437603993
129329,129380,129382,51,2,8,3540,5.3
129928,129940,130015,12,75,1,600,1.16
130232,130601,135318,369,4717,5,9000,1.07822768709
130404,130417,130430,13,13,4,3600,2.0
130406,130426,130427,20,1,4,3600,2.1
130439,130452,130511,13,59,4,3600,1.22033898305
130442,130463,130517,21,54,4,3600,1.38888888889
130449,130527,130542,78,15,4,3600,6.2
130451,130538,133921,87,3383,4,3600,1.02571681939
130454,130558,134197,104,3639,4,3600,1.02857928002
130460,131347,134955,887,3608,4,3600,1.24584257206
130463,132552,135278,2089,2726,4,3600,1.76632428467
130465,132561,136198,2096,3637,4,3600,1.57629914765
130468,132891,132937,2423,46,4,3600,53.6739130435
130470,132953,132966,2483,13,4,3600,192.0
130472,132982,132995,2510,13,4,3600,194.076923077
130598,130807,135286,209,4479,5,9000,1.04666220138
130797,131070,135584,273,4514,5,9000,1.0604785113
131061,131402,131423,341,21,5,9000,17.2380952381
131392,131439,136567,47,5128,5,9000,1.00916536661
131428,131774,137137,346,5363,5,9000,1.06451612903
131572,134614,134616,3042,2,12,1200,304.4
131608,132377,132536,769,159,8,3540,5.83647798742
131616,131626,134050,10,2424,1,14400,1.00412541254
131764,131816,136304,52,4488,5,9000,1.01158645276
131813,131929,137458,116,5529,5,9000,1.02098028577
131919,132013,137657,94,5644,5,9000,1.01665485471
132008,132388,137689,380,5301,5,9000,1.07168458781
132385,132669,137482,284,4813,5,9000,1.05900685643
132414,132426,132455,12,29,1,1200,1.41379310345
132666,132682,137109,16,4427,5,9000,1.00361418568
132669,132755,138226,86,5471,5,9000,1.01571924694
132744,132902,137468,158,4566,5,9000,1.03460359177
132881,133260,137796,379,4536,5,9000,1.08355379189
133258,133272,139083,14,5811,5,9000,1.00240922389
133261,134923,134946,1662,23,5,9000,73.2608695652
133514,133526,135406,12,1880,2,10800,1.00638297872
134051,134063,162875,12,28812,4,28800,1.00041649313
134053,162882,169069,28829,6187,4,28800,5.65960885728
134060,212135,240972,78075,28837,4,28800,3.70745916704
134063,251319,254652,117256,3333,4,28800,36.1803180318
134066,254659,254685,120593,26,4,28800,4639.19230769
134396,134407,137017,11,2610,2,10800,1.00421455939
134923,134957,139495,34,4538,5,9000,1.00749228735
134954,135297,139773,343,4476,5,9000,1.07663092046
134958,134964,137575,6,2611,2,10800,1.00229797013
134988,134995,135022,7,27,1,1200,1.25925925926
135032,135039,135040,7,1,16,1200,1.0
135100,135106,135107,6,1,16,600,1.0
135292,135329,139937,37,4608,5,9000,1.00802951389
135324,135595,141061,271,5466,5,9000,1.04957921698
135443,135449,138008,6,2559,2,10800,1.00234466589
135456,210918,222778,75462,11860,2,172800,7.36273187184
135572,135579,135607,7,28,1,600,1.25
135590,136315,142171,725,5856,5,9000,1.12380464481
135630,202831,203601,67201,770,128,3000,88.274025974
135755,135762,135850,7,88,2,7200,1.07954545455
135856,135863,137157,7,1294,2,7200,1.00540958269
136124,136132,138928,8,2796,2,10800,1.00286123033
136307,136578,141782,271,5204,5,9000,1.05207532667
136446,136452,138340,6,1888,4,3600,1.0031779661
136446,136470,138590,24,2120,4,3600,1.01132075472
136446,136463,138944,17,2481,4,3600,1.00685207578
136446,136475,138939,29,2464,4,3600,1.01176948052
136446,136458,139104,12,2646,4,3600,1.00453514739
136447,137168,140268,721,3100,4,3600,1.23258064516
136447,138352,141998,1905,3646,4,3600,1.52249040044
136447,138940,138957,2493,17,4,3600,147.647058824
136447,138602,140703,2155,2101,4,3600,2.02570204664
136574,137120,142609,546,5489,5,9000,1.09947167061
136887,211004,317994,74117,106990,4,108000,1.6927469857
137116,137150,141969,34,4819,5,9000,1.00705540569
137148,137469,143441,321,5972,5,9000,1.05375083724
137388,137587,139912,199,2325,2,10800,1.08559139785
137466,137479,142643,13,5164,5,9000,1.00251742835
137476,137493,142515,17,5022,5,9000,1.00338510554
137487,137668,142940,181,5272,5,9000,1.0343323217
137662,137701,142644,39,4943,5,9000,1.00788994538
137693,137807,142475,114,4668,5,9000,1.02442159383
137806,138237,143633,431,5396,5,9000,1.07987398073
138183,222451,310680,84268,88229,3,604800,1.95510546419
138228,139094,143886,866,4792,5,9000,1.18071786311
138451,225508,225512,87057,4,3,604800,8706.1
138495,225519,825132,87024,599613,3,604800,1.14513361118
139089,139507,144270,418,4763,5,9000,1.08775981524
139499,139788,144484,289,4696,5,9000,1.06154173765
139697,203635,203666,63938,31,16,324000,2063.51612903
139775,139781,145828,6,6047,8,6000,1.00099222755
139785,139796,141406,11,1610,8,6000,1.00683229814
139796,139924,141521,128,1597,8,6000,1.08015028178
139810,154230,161245,14420,7015,8,14400,3.05559515324
139919,140280,141880,361,1600,8,6000,1.225625
140049,203630,347336,63581,143706,18,198000,1.44243803321
140142,140715,140731,573,16,4,3600,36.8125
140278,141073,142719,795,1646,8,6000,1.4829890644
140388,203640,203666,63252,26,16,324000,2433.76923077
141055,156356,157045,15301,689,16,3600,23.2075471698
141074,141418,143023,344,1605,8,6000,1.21433021807
141390,153255,153289,11865,34,4,3600,349.970588235
141422,141533,143143,111,1610,8,6000,1.06894409938
141535,141794,143396,259,1602,8,6000,1.16167290886
141791,141892,143485,101,1593,8,6000,1.06340238544
141894,142010,143634,116,1624,8,6000,1.07142857143
142008,142487,144080,479,1593,8,6000,1.30069052103
142204,148933,149990,6729,1057,2,10800,7.36613055818
142489,142526,144126,37,1600,8,6000,1.023125
142531,142655,144273,124,1618,8,6000,1.07663782447
142654,142731,144321,77,1590,8,6000,1.04842767296
142726,142952,144559,226,1607,8,6000,1.14063472309
142952,143035,144635,83,1600,8,6000,1.051875
142972,150002,151460,7030,1458,2,10800,5.82167352538
143035,143155,144764,120,1609,8,6000,1.07458048477
143158,143408,145014,250,1606,8,6000,1.15566625156
143404,143457,145072,53,1615,8,6000,1.03281733746
143456,143498,145102,42,1604,8,6000,1.02618453865
143497,143646,145266,149,1620,8,6000,1.09197530864
143527,153301,154503,9774,1202,4,3600,9.13144758735
143651,143898,145502,247,1604,8,6000,1.15399002494
143897,144092,145682,195,1590,8,6000,1.12264150943
144093,144138,145752,45,1614,8,6000,1.02788104089
144123,151472,154054,7349,2582,2,10800,3.84624322231
144134,144282,145890,148,1608,8,6000,1.092039801
144278,144289,145892,11,1603,8,6000,1.0068621335
144289,144334,145932,45,1598,8,6000,1.02816020025
144330,144571,146170,241,1599,8,6000,1.1507191995
144566,144647,146250,81,1603,8,6000,1.05053025577
144649,144775,146394,126,1619,8,6000,1.07782581841
144772,145026,146640,254,1614,8,6000,1.15737298637
144915,154076,155999,9161,1923,2,10800,5.76391055642
145029,145084,146698,55,1614,8,6000,1.03407682776
145080,145114,146731,34,1617,8,6000,1.02102659246
145111,145278,146899,167,1621,8,6000,1.10302282542
145276,145514,147123,238,1609,8,6000,1.14791796147
145354,194384,453624,49030,259240,1,259200,1.18912976393
145511,145693,147297,182,1604,8,6000,1.11346633416
145540,154608,156954,9068,2346,2,10800,4.8653026428
145696,145764,147372,68,1608,8,6000,1.04228855721
145722,200212,459423,54490,259211,1,259200,1.21021484428
145761,202217,461453,56456,259236,1,259200,1.21777839498
145768,145840,151858,72,6018,8,6000,1.01196410768
145787,222791,482017,77004,259226,1,259200,1.2970535363
145827,223550,482759,77723,259209,1,259200,1.29984684174
145840,145902,147513,62,1611,8,6000,1.03848541279
145852,223624,482861,77772,259237,1,259200,1.30000347173
145879,225536,484770,79657,259234,1,259200,1.30727836626
145902,145908,147521,6,1613,8,6000,1.00371977681
145913,145944,147575,31,1631,8,6000,1.01900674433
145944,146182,147791,238,1609,8,6000,1.14791796147
146180,146262,147875,82,1613,8,6000,1.05083694978
146262,146406,148022,144,1616,8,6000,1.08910891089
146406,146652,148274,246,1622,8,6000,1.15166461159
146520,154613,156344,8093,1731,2,10800,5.67533217793
146652,146710,148317,58,1607,8,6000,1.03609209708
146714,146744,148353,30,1609,8,6000,1.01864512119
146746,146911,148529,165,1618,8,6000,1.10197775031
146910,147135,148752,225,1617,8,6000,1.13914656772
147034,225764,485003,78730,259239,1,259200,1.30369658886
147051,225769,484983,78718,259214,1,259200,1.30367958521
147061,226264,485473,79203,259209,1,259200,1.30555652003
147135,147309,148914,174,1605,8,6000,1.10841121495
147190,154655,156442,7465,1787,2,10800,5.17739227756
147310,147384,149058,74,1674,8,6000,1.04420549582
147358,155580,155780,8222,200,10,600,42.11
147382,147524,149138,142,1614,8,6000,1.08798017348
147526,147532,149153,6,1621,8,6000,1.00370141888
147537,147586,149193,49,1607,8,6000,1.03049159925
147588,147803,149421,215,1618,8,6000,1.13288009889
147610,154661,155568,7051,907,2,10800,8.77398015436
147804,147887,149495,83,1608,8,6000,1.05161691542
147886,148034,149670,148,1636,8,6000,1.09046454768
147990,153502,153690,5512,188,4,3600,30.3191489362
147991,153702,153869,5711,167,4,3600,35.1976047904
147991,153881,154051,5890,170,4,3600,35.6470588235
147991,154127,154356,6136,229,4,3600,27.7947598253
147991,154064,154548,6073,484,4,3600,13.5475206612
147992,154369,154644,6377,275,4,3600,24.1890909091
147992,154560,154733,6568,173,4,3600,38.9653179191
147992,154515,154753,6523,238,4,3600,28.4075630252
147992,154603,154655,6611,52,4,3600,128.134615385
148030,148286,149896,256,1610,8,6000,1.15900621118
148287,148329,149921,42,1592,8,6000,1.02638190955
148328,148366,149975,38,1609,8,6000,1.02361715351
148370,148542,150169,172,1627,8,6000,1.10571604179
148545,148765,150385,220,1620,8,6000,1.13580246914
148760,148926,150556,166,1630,8,6000,1.1018404908
148925,149069,150674,144,1605,8,6000,1.08971962617
149069,149151,150762,82,1611,8,6000,1.05090006207
149150,154668,155870,5518,1202,2,10800,5.59068219634
149151,149165,150790,14,1625,8,6000,1.00861538462
149162,149205,150819,43,1614,8,6000,1.02664188352
149194,225531,384291,76337,158760,2,259200,1.48083270345
149203,149305,150941,102,1636,8,6000,1.06234718826
149258,225606,381377,76348,155771,2,259200,1.49012974174
149306,149433,151048,127,1615,8,6000,1.0786377709
149430,149508,151132,78,1624,8,6000,1.04802955665
149512,149683,151314,171,1631,8,6000,1.1048436542
149687,149909,151529,222,1620,8,6000,1.13703703704
149913,149933,151551,20,1618,8,6000,1.01236093943
149934,149988,151603,54,1615,8,6000,1.03343653251
149986,150181,151834,195,1653,8,6000,1.11796733212
150181,150397,152027,216,1630,8,6000,1.13251533742
150250,154406,183229,4156,28823,8,28800,1.1441904035
150397,150567,152208,170,1641,8,6000,1.10359536868
150571,150686,152301,115,1615,8,6000,1.07120743034
150685,150774,152390,89,1616,8,6000,1.05507425743
150777,150803,152422,26,1619,8,6000,1.01605929586
150799,150831,152475,32,1644,8,6000,1.01946472019
150830,150953,152565,123,1612,8,6000,1.07630272953
150875,225486,225651,74611,165,2,72000,453.187878788
150954,151060,152676,106,1616,8,6000,1.06559405941
151057,151144,152761,87,1617,8,6000,1.05380333952
151140,151327,152952,187,1625,8,6000,1.11507692308
151325,151541,153157,216,1616,8,6000,1.13366336634
151541,151563,153191,22,1628,8,6000,1.01351351351
151562,151614,153243,52,1629,8,6000,1.03192142419
151614,151847,153485,233,1638,8,6000,1.14224664225
151850,151870,157888,20,6018,8,6000,1.00332336324
151871,152040,153663,169,1623,8,6000,1.10412815773
152036,152220,153847,184,1627,8,6000,1.11309157959
152221,152313,153951,92,1638,8,6000,1.05616605617
152314,152402,154021,88,1619,8,6000,1.05435453984
152406,152434,154057,28,1623,8,6000,1.01725200246
152438,152487,154110,49,1623,8,6000,1.03019100431
152489,152577,154218,88,1641,8,6000,1.0536258379
152582,152688,154300,106,1612,8,6000,1.06575682382
152685,152773,154392,88,1619,8,6000,1.05435453984
152778,152965,154591,187,1626,8,6000,1.11500615006
152961,153168,158719,207,5551,5,9000,1.03729057827
153167,153175,158536,8,5361,5,9000,1.00149225891
153178,153202,159190,24,5988,5,9000,1.00400801603
153199,153209,159274,10,6065,5,9000,1.00164880462
153210,153496,159197,286,5701,5,9000,1.05016663743
153497,153674,158474,177,4800,5,9000,1.036875
153671,153681,159206,10,5525,5,9000,1.00180995475
153682,153858,158184,176,4326,5,9000,1.04068423486
153856,153965,158868,109,4903,5,9000,1.02223128697
153959,153971,159669,12,5698,5,9000,1.00210600211
153970,154032,158566,62,4534,5,9000,1.01367445964
154032,154039,158605,7,4566,5,9000,1.00153307052
154043,154070,159391,27,5321,5,9000,1.00507423417
154074,154121,158934,47,4813,5,9000,1.0097652192
154126,154311,159871,185,5560,5,9000,1.03327338129
154311,154318,159031,7,4713,5,9000,1.00148525355
154321,158195,162596,3874,4401,5,9000,1.88025448762
157565,157572,157578,7,6,4,3600,1.3
158189,158486,163684,297,5198,5,9000,1.05713736052
158476,158578,163440,102,4862,5,9000,1.02097902098
158538,158547,164550,9,6003,5,9000,1.00149925037
158569,158616,163989,47,5373,5,9000,1.00874744091
158611,158730,163920,119,5190,5,9000,1.02292870906
158724,158879,165000,155,6121,5,9000,1.0253226597
158878,158945,164670,67,5725,5,9000,1.01170305677
158940,159042,164582,102,5540,5,9000,1.01841155235
159032,159201,165177,169,5976,5,9000,1.02827978581
159196,159208,163815,12,4607,5,9000,1.00260473193
159207,159286,164759,79,5473,5,9000,1.01443449662
159208,159217,164668,9,5451,5,9000,1.0016510732
159280,159680,164175,400,4495,5,9000,1.08898776418
159393,159402,163895,9,4493,5,9000,1.00200311596
159670,159883,165025,213,5142,5,9000,1.0414235706
159875,162612,167506,2737,4894,5,9000,1.55925623212
162180,162186,165811,6,3625,4,3600,1.00165517241
162505,162512,162539,7,27,4,3600,1.25925925926
162562,162569,162579,7,10,4,3600,1.7
162599,162606,162616,7,10,4,3600,1.7
162606,163451,167963,845,4512,5,9000,1.18727836879
162635,162641,162665,6,24,4,3600,1.25
163050,163057,164470,7,1413,4,3600,1.00495399858
163062,163069,163311,7,242,4,3600,1.02892561983
163445,163696,168841,251,5145,5,9000,1.04878522838
163691,163827,168460,136,4633,5,9000,1.02935462983
163825,163906,169814,81,5908,5,9000,1.01371022343
163897,163931,168976,34,5045,5,9000,1.00673934589
163928,164186,170197,258,6011,5,9000,1.04292131093
163990,164000,168607,10,4607,5,9000,1.00217060994
164115,191018,197351,26903,6333,96,10800,5.24806568767
164185,164562,169083,377,4521,5,9000,1.08338863083
164554,164593,169980,39,5387,5,9000,1.00723965101
164585,164679,169233,94,4554,5,9000,1.02064119455
164678,164686,169085,8,4399,5,9000,1.00181859514
164678,164770,170719,92,5949,5,9000,1.015464784
164761,165011,170147,250,5136,5,9000,1.04867601246
165007,165188,170663,181,5475,5,9000,1.03305936073
165028,165037,169819,9,4782,5,9000,1.00188205772
165182,167517,173046,2335,5529,5,9000,1.42231868331
166654,166662,166959,8,297,4,3600,1.02693602694
166807,166824,170452,17,3628,4,3600,1.00468577729
166807,166831,170455,24,3624,4,3600,1.00662251656
166807,166819,169115,12,2296,4,3600,1.00522648084
166807,166813,168624,6,1811,4,3600,1.00331308669
166808,166841,170491,33,3650,4,3600,1.00904109589
166808,166851,170479,43,3628,4,3600,1.0118522602
166808,166836,170475,28,3639,4,3600,1.00769442154
166809,169081,170641,2272,1560,4,3600,2.45641025641
166809,166971,170585,162,3614,4,3600,1.04482567792
166809,166857,170476,48,3619,4,3600,1.01326333241
166809,168636,170456,1827,1820,4,3600,2.00384615385
166972,171245,178450,4273,7205,16,7200,1.59306037474
166972,177657,184907,10685,7250,16,7200,2.47379310345
166972,176466,183694,9494,7228,16,7200,2.31350304372
166972,176438,183671,9466,7233,16,7200,2.30872390433
166973,203683,210891,36710,7208,16,7200,6.09295227525
166973,178462,185713,11489,7251,16,7200,2.58447110743
166973,183683,190911,16710,7228,16,7200,3.31184283343
166973,183241,190452,16268,7211,16,7200,3.25599778117
166974,210897,218127,43923,7230,16,7200,7.07510373444
166974,210902,218126,43928,7224,16,7200,7.08084163898
166974,210907,216370,43933,5463,16,7200,9.04191835988
167510,167974,172420,464,4446,5,9000,1.10436347278
167960,170472,170839,2512,367,8,3600,7.8446866485
167961,170494,171099,2533,605,8,3600,5.1867768595
167961,171115,171233,3154,118,8,3600,27.7288135593
167961,171108,171233,3147,125,8,3600,26.176
167961,170851,171096,2890,245,8,3600,12.7959183673
167962,173668,173783,5706,115,8,3600,50.6173913043
167962,173540,173656,5578,116,8,3600,49.0862068966
167962,173305,173528,5343,223,8,3600,24.9596412556
167962,173113,173292,5151,179,8,3600,29.7765363128
167963,174645,175513,6682,868,8,3600,8.69815668203
167963,173795,174633,5832,838,8,3600,7.95942720764
167971,168618,173459,647,4841,5,9000,1.1336500723
167990,170487,174120,2497,3633,4,3600,1.68731076246
167990,169127,172777,1137,3650,4,3600,1.31150684932
167990,170465,174097,2475,3632,4,3600,1.68144273128
167990,169179,172805,1189,3626,4,3600,1.3279095422
167991,170504,174136,2513,3632,4,3600,1.69190528634
167991,170653,174303,2662,3650,4,3600,1.72931506849
167991,170597,174230,2606,3633,4,3600,1.717313515
167991,174148,177781,6157,3633,4,3600,2.69474263694
167992,172793,176422,4801,3629,4,3600,2.32295398181
167992,174587,178183,6595,3596,4,3600,2.83398220245
167992,172821,176454,4829,3633,4,3600,2.32920451418
168009,174110,175281,6101,1171,4,3600,6.21007685739
168010,174132,176170,6122,2038,4,3600,4.00392541708
168010,174243,174317,6233,74,4,3600,85.2297297297
168010,174315,174391,6305,76,4,3600,83.9605263158
168010,174329,174402,6319,73,4,3600,87.5616438356
168011,174489,174566,6478,77,4,3600,85.1298701299
168011,174505,174575,6494,70,4,3600,93.7714285714
168011,174414,174493,6403,79,4,3600,82.0506329114
168011,174403,174477,6392,74,4,3600,87.3783783784
168012,174578,177645,6566,3067,4,3600,3.14085425497
168012,175294,176638,7282,1344,4,3600,6.4181547619
168463,168472,173499,9,5027,5,9000,1.00179033221
168618,168853,173993,235,5140,5,9000,1.04571984436
168844,169094,173490,250,4396,5,9000,1.05686988171
168977,168987,174306,10,5319,5,9000,1.00188005264
169091,169101,174186,10,5085,5,9000,1.00196656834
169091,169244,175262,153,6018,5,9000,1.02542372881
169235,169826,175744,591,5918,5,9000,1.0998648192
169820,169832,175741,12,5909,5,9000,1.00203080047
169831,170159,176125,328,5966,5,9000,1.05497820986
169985,169992,174438,7,4446,5,9000,1.00157444894
170150,170208,174593,58,4385,5,9000,1.01322690992
170201,170675,176070,474,5395,5,9000,1.08785912882
170673,170731,176390,58,5659,5,9000,1.01024916063
170725,172431,177031,1706,4600,5,9000,1.37086956522
172425,173058,177429,633,4371,5,9000,1.14481811942
173050,173501,178051,451,4550,5,9000,1.09912087912
173461,173470,177924,9,4454,5,9000,1.00202065559
173492,173511,178486,19,4975,5,9000,1.00381909548
173503,174004,179152,501,5148,5,9000,1.09731934732
173994,174198,180121,204,5923,5,9000,1.03444200574
174190,174321,178966,131,4645,5,9000,1.02820236814
174313,174449,180085,136,5636,5,9000,1.02413058907
174446,174604,180605,158,6001,5,9000,1.02632894518
174600,175274,180889,674,5615,5,9000,1.12003561888
175266,175752,180364,486,4612,5,9000,1.10537727667
175747,175759,180371,12,4612,5,9000,1.00260190807
175748,176082,181495,334,5413,5,9000,1.06170330685
176076,176136,180638,60,4502,5,9000,1.01332741004
176128,176401,180769,273,4368,5,9000,1.0625
176394,177042,183218,648,6176,5,9000,1.10492227979
177039,177440,183501,401,6061,5,9000,1.06616069955
177438,177935,182465,497,4530,5,9000,1.10971302428
177929,178063,182610,134,4547,5,9000,1.02946998021
178053,178497,183281,444,4784,5,9000,1.09280936455
178493,178977,185243,484,6266,5,9000,1.07724225981
178974,179163,184919,189,5756,5,9000,1.03283530229
179158,180132,185658,974,5526,5,9000,1.17625769092
180089,180097,185975,8,5878,5,9000,1.00136100715
180131,180375,185389,244,5014,5,9000,1.04866374152
180366,180382,186472,16,6090,5,9000,1.0026272578
180377,180616,185979,239,5363,5,9000,1.04456460936
180613,180650,186028,37,5378,5,9000,1.006879881
180644,180781,186085,137,5304,5,9000,1.02582956259
180777,180900,185382,123,4482,5,9000,1.02744310576
180890,181506,186398,616,4892,5,9000,1.12591986917
181500,182477,187854,977,5377,5,9000,1.18169983262
181532,181538,181546,6,8,1,3600,1.4
181657,181664,181796,7,132,1,3600,1.05303030303
181932,181940,182252,8,312,1,3600,1.02564102564
182472,182622,187684,150,5062,5,9000,1.0296325563
182497,182504,183143,7,639,1,3600,1.01095461659
182616,183229,187896,613,4667,5,9000,1.13134776087
183221,183292,187836,71,4544,5,9000,1.015625
183281,183513,185107,232,1594,8,6000,1.14554579674
183507,183712,185300,205,1588,8,6000,1.12909319899
183702,184720,184727,1018,7,1,3600,102.5
183712,183719,185311,7,1592,8,6000,1.00439698492
183723,184176,185779,453,1603,8,6000,1.28259513412
184173,184919,186509,746,1590,8,6000,1.46918238994
184357,225449,260610,41092,35161,4,540000,2.16868120929
184839,184845,184951,6,106,1,3600,1.05660377358
184915,184927,186513,12,1586,8,6000,1.00756620429
184926,184934,186532,8,1598,8,6000,1.00500625782
184937,185119,186699,182,1580,8,6000,1.11518987342
185096,185103,185404,7,301,1,3600,1.02325581395
185122,185312,185321,190,9,1,1800,19.9
185123,185395,186984,272,1589,8,6000,1.17117684078
185400,185406,186992,6,1586,8,6000,1.00378310214
185410,185988,187581,578,1593,8,6000,1.36283741368
185488,185495,185637,7,142,1,3600,1.04929577465
185492,185502,185598,10,96,1,1800,1.10416666667
185751,185758,186329,7,571,1,3600,1.0122591944
185784,185790,186122,6,332,1,3600,1.01807228916
185864,185872,185988,8,116,1,1800,1.06896551724
185994,186001,187611,7,1610,8,6000,1.00434782609
186005,186097,187696,92,1599,8,6000,1.05753595997
186097,186484,188076,387,1592,8,6000,1.24309045226
186107,778336,822977,592229,44641,11,57600,14.2664814856
186393,186399,187059,6,660,1,3600,1.00909090909
186487,186544,188143,57,1599,8,6000,1.03564727955
186519,186526,186928,7,402,1,1800,1.01741293532
186539,186995,188591,456,1596,8,6000,1.28571428571
186703,187004,188600,301,1596,8,6000,1.18859649123
186992,187593,189170,601,1577,8,6000,1.38110336081
187003,187622,189219,619,1597,8,6000,1.38760175329
187597,187696,189287,99,1591,8,6000,1.06222501571
187628,187708,189307,80,1599,8,6000,1.05003126954
187649,187656,187663,7,7,1,1800,1.4
187700,187866,189521,166,1655,8,6000,1.1003021148
187710,187908,189505,198,1597,8,6000,1.12398246713
187830,187837,187886,7,49,1,1800,1.14285714286
187864,188088,189672,224,1584,8,6000,1.14141414141
188007,191030,191137,3023,107,1,3600,29.2523364486
188079,188155,189752,76,1597,8,6000,1.04758922981
188133,188140,188221,7,81,1,1800,1.08641975309
188151,188604,190207,453,1603,8,6000,1.28259513412
188601,189181,190760,580,1579,8,6000,1.3673210893
188601,188613,190195,12,1582,8,6000,1.00758533502
188854,188861,189121,7,260,1,1800,1.02692307692
189174,189231,190829,57,1598,8,6000,1.03566958698
189226,189299,190890,73,1591,8,6000,1.04588309239
189298,189318,190907,20,1589,8,6000,1.01258653241
189309,189518,191111,209,1593,8,6000,1.13119899561
189513,189534,191119,21,1585,8,6000,1.01324921136
189524,189685,191277,161,1592,8,6000,1.10113065327
189679,189765,191361,86,1596,8,6000,1.05388471178
189761,190207,191790,446,1583,8,6000,1.28174352495
190201,190218,191823,17,1605,8,6000,1.01059190031
190212,190773,192372,561,1599,8,6000,1.35084427767
190764,190842,192434,78,1592,8,6000,1.04899497487
190836,190902,192493,66,1591,8,6000,1.04148334381
190897,190920,192556,23,1636,8,6000,1.01405867971
190908,191122,192716,214,1594,8,6000,1.13425345044
191102,191108,191111,6,3,1,7200,1.0
191113,191131,192718,18,1587,8,6000,1.01134215501
191124,191289,192898,165,1609,8,6000,1.10254816656
191135,191147,191454,12,307,1,7200,1.03908794788
191278,191373,193007,95,1634,8,6000,1.05813953488
191278,191467,191756,189,289,1,3600,1.65397923875
191370,191802,193403,432,1601,8,6000,1.2698313554
191800,191835,193426,35,1591,8,6000,1.02199874293
191832,191947,193551,115,1604,8,6000,1.0716957606
191874,193845,194472,1971,627,1,7200,4.14354066986
191921,350407,433523,158486,83116,1,432000,2.9068049473
191945,192384,193992,439,1608,8,6000,1.27300995025
192050,194485,195031,2435,546,1,3600,5.45970695971
192385,192446,194039,61,1593,8,6000,1.03829252982
192447,192504,194142,57,1638,8,6000,1.0347985348
192509,192569,194176,60,1607,8,6000,1.03733665215
192572,192728,194327,156,1599,8,6000,1.09756097561
192725,192735,194334,10,1599,8,6000,1.00625390869
192736,192910,194515,174,1605,8,6000,1.10841121495
192777,195687,195774,2910,87,1,1800,34.4482758621
192910,193019,194626,109,1607,8,6000,1.0678282514
193023,193415,195004,392,1589,8,6000,1.24669603524
193413,193438,195026,25,1588,8,6000,1.01574307305
193434,193564,195185,130,1621,8,6000,1.08019740901
193568,194004,195602,436,1598,8,6000,1.27284105131
194008,194057,195678,49,1621,8,6000,1.03022825416
194060,194154,195759,94,1605,8,6000,1.05856697819
194152,194188,195766,36,1578,8,6000,1.02281368821
194183,194344,195936,161,1592,8,6000,1.10113065327
194337,194351,195943,14,1592,8,6000,1.00879396985
194348,194527,196139,179,1612,8,6000,1.11104218362
194522,194638,196233,116,1595,8,6000,1.07272727273
194635,195016,196623,381,1607,8,6000,1.23708774113
195014,195041,196637,27,1596,8,6000,1.01691729323
195035,195198,196789,163,1591,8,6000,1.1024512885
195200,195614,197219,414,1605,8,6000,1.25794392523
195619,195682,197363,63,1681,8,6000,1.03747769185
195681,195694,197309,13,1615,8,6000,1.0080495356
195692,195771,197393,79,1622,8,6000,1.0487053021
195774,195784,197386,10,1602,8,6000,1.00624219725
195785,195947,197555,162,1608,8,6000,1.10074626866
195949,195955,197567,6,1612,8,6000,1.00372208437
195960,196151,197763,191,1612,8,6000,1.11848635236
196044,196635,196744,591,109,1,1800,6.42201834862
196114,218301,218303,22187,2,1,7200,2218.9
196154,196245,197844,91,1599,8,6000,1.05691056911
196247,196640,198254,393,1614,8,6000,1.24349442379
196635,196804,198409,169,1605,8,6000,1.10529595016
196799,197231,198843,432,1612,8,6000,1.26799007444
197230,197321,198922,91,1601,8,6000,1.05683947533
197283,197289,197662,6,373,1,1800,1.01608579088
197322,197397,199013,75,1616,8,6000,1.04641089109
197394,197406,199026,12,1620,8,6000,1.00740740741
197395,197567,199181,172,1614,8,6000,1.10656753408
197484,197491,197635,7,144,36,3600,1.04861111111
197559,197578,199184,19,1606,8,6000,1.01183063512
197569,197775,199390,206,1615,8,6000,1.12755417957
197619,197626,197810,7,184,36,3600,1.03804347826
197749,197756,198265,7,509,36,3600,1.0137524558
197766,197856,199462,90,1606,8,6000,1.05603985056
197848,198267,199889,419,1622,8,6000,1.25832305795
198257,198421,200016,164,1595,8,6000,1.10282131661
198265,198273,198599,8,326,12,3600,1.0245398773
198411,198856,200449,445,1593,8,6000,1.27934714375
198598,198604,198815,6,211,48,3000,1.02843601896
198712,198718,198734,6,16,1,900,1.375
198814,198820,198961,6,141,48,3000,1.04255319149
198851,198934,200535,83,1601,8,6000,1.05184259838
198893,198900,198947,7,47,1,1800,1.14893617021
198923,199025,200647,102,1622,8,6000,1.06288532676
198961,198967,202006,6,3039,12,3000,1.00197433366
199016,199038,200644,22,1606,8,6000,1.01369863014
199037,199193,200800,156,1607,8,6000,1.09707529558
199190,199200,200806,10,1606,8,6000,1.00622665006
199191,199402,201007,211,1605,8,6000,1.13146417445
199202,199210,199307,8,97,1,1800,1.0824742268
199396,199474,201077,78,1603,8,6000,1.04865876482
199403,199410,199533,7,123,48,2400,1.05691056911
199468,199901,201523,433,1622,8,6000,1.26695437731
199533,199539,200857,6,1318,48,2400,1.00455235205
199895,200027,205573,132,5546,5,9000,1.02380093761
199964,199971,200221,7,250,1,1800,1.028
200019,200460,205877,441,5417,5,9000,1.08141037475
200030,200466,205834,436,5368,5,9000,1.08122205663
200096,200102,200104,6,2,42,1800,1.0
200149,200156,201033,7,877,42,1800,1.00798175599
200459,200546,206372,87,5826,5,9000,1.0149330587
200470,200656,206306,186,5650,5,9000,1.03292035398
200542,200662,205767,120,5105,5,9000,1.02350636631
200573,200580,201035,7,455,14,1200,1.01538461538
200655,200668,206288,13,5620,5,9000,1.00231316726
200666,200675,205234,9,4559,5,9000,1.00197411713
200666,200811,205707,145,4896,5,9000,1.02961601307
200810,200818,206296,8,5478,5,9000,1.001460387
200811,200823,205447,12,4624,5,9000,1.00259515571
200821,201018,205417,197,4399,5,9000,1.04478290521
200822,201088,207292,266,6204,5,9000,1.04287556415
200924,200931,201299,7,368,6,1200,1.01902173913
201017,201094,205652,77,4558,5,9000,1.01689337429
201089,201540,206500,451,4960,5,9000,1.09092741935
201089,201534,207265,445,5731,5,9000,1.07764787995
201414,203613,210831,2199,7218,72,7200,1.30465502909
201539,205245,209793,3706,4548,5,9000,1.81486367634
202698,210999,221533,8301,10534,12,86400,1.78801974559
203817,210924,210946,7107,22,16,324000,324.045454545
203848,210957,210974,7109,17,16,324000,419.176470588
203867,216387,222606,12520,6219,4,7200,3.01318539958
203867,216392,223633,12525,7241,4,7200,2.72973346223
203867,216382,223607,12515,7225,4,7200,2.7321799308
203868,218138,221783,14270,3645,4,7200,4.91495198903
203868,216397,223633,12529,7236,4,7200,2.73148148148
203891,218144,225395,14253,7251,4,7200,2.96565990898
203892,218149,225357,14257,7208,4,7200,2.97794117647
204552,218154,218444,13602,290,4,7200,47.9034482759
204861,225454,225456,20593,2,4,360000,2059.5
205241,205429,210219,188,4790,5,9000,1.03924843424
205273,225459,333472,20186,108013,4,108000,1.186884912
205284,210985,210987,5701,2,16,600,570.3
205425,205458,210726,33,5268,5,9000,1.0062642369
205456,205585,211772,129,6187,5,9000,1.02085016971
205468,225465,333504,19997,108039,4,108000,1.18509056915
205579,205664,211105,85,5441,5,9000,1.01562212829
205662,205719,210937,57,5218,5,9000,1.01092372557
205713,205778,211437,65,5659,5,9000,1.01148612829
205775,205888,211299,113,5411,5,9000,1.0208833857
205837,205845,211365,8,5520,5,9000,1.00144927536
205878,206299,212404,421,6105,5,9000,1.06895986896
206177,359901,360054,153724,153,1,604800,1005.73202614
206298,206308,210974,10,4666,5,9000,1.00214316331
206299,206318,211732,19,5414,5,9000,1.00350942002
206312,206384,211616,72,5232,5,9000,1.01376146789
206374,206511,211197,137,4686,5,9000,1.02923602219
206507,207277,211565,770,4288,5,9000,1.17957089552
206854,225470,271018,18616,45548,4,108000,1.40871168877
206951,225443,292041,18492,66598,6,604800,1.27766599598
207274,207303,212266,29,4963,5,9000,1.00584323998
207295,209806,214591,2511,4785,5,9000,1.52476489028
208036,218159,222024,10123,3865,2,10800,3.6191461837
208301,218165,220601,9864,2436,2,10800,5.04926108374
209185,218191,225337,9006,7146,2,7200,2.26028547439
209185,218306,225448,9121,7142,1,7200,2.27709325119
209443,218314,218428,8871,114,1,7200,78.8157894737
209444,218197,218289,8753,92,2,7200,96.1413043478
209800,210230,214705,430,4475,5,9000,1.09608938547
210220,210738,215875,518,5137,5,9000,1.10083706443
210732,210948,215649,216,4701,5,9000,1.04594767071
210947,210991,216339,44,5348,5,9000,1.00822737472
210978,211117,216164,139,5047,5,9000,1.02754111353
211053,222446,223341,11393,895,8,324000,13.7296089385
211071,223353,544695,12282,321342,8,324000,1.03822096085
211112,211208,216969,96,5761,5,9000,1.01666377365
211204,211310,215682,106,4372,5,9000,1.02424519671
211307,211376,215822,69,4446,5,9000,1.01551956815
211369,211576,217322,207,5746,5,9000,1.03602506091
211441,211449,215840,8,4391,5,9000,1.00182190845
211575,211627,215971,52,4344,5,9000,1.01197053407
211626,211743,217200,117,5457,5,9000,1.02144035184
211694,225611,226008,13917,397,2,72000,36.0554156171
211712,218170,219396,6458,1226,2,10800,6.26753670473
211739,211783,216611,44,4828,5,9000,1.00911350456
211781,212277,218079,496,5802,5,9000,1.08548776284
212040,218175,221017,6135,2842,2,7200,3.15869106263
212273,212416,217158,143,4742,5,9000,1.0301560523
212407,214602,219961,2195,5359,5,9000,1.40959134167
212608,218181,219603,5573,1422,2,10800,4.91912798875
213108,225427,225589,12319,162,16,172800,77.0432098765
213870,285123,544337,71253,259214,1,259200,1.27488098637
213883,293482,552684,79599,259202,1,259200,1.30709253787
213892,296772,555999,82880,259227,1,259200,1.31971978228
213902,303231,562477,89329,259246,1,259200,1.3445723367
213945,308667,567874,94722,259207,1,259200,1.36542994595
213956,309250,568482,95294,259232,1,259200,1.36760122207
213962,347348,606551,133386,259203,1,259200,1.51460052546
213974,347587,606792,133613,259205,1,259200,1.51547230956
214406,350379,609593,135973,259214,1,259200,1.5245588587
214415,350385,609587,135970,259202,1,259200,1.52457156966
214425,360085,619331,145660,259246,1,259200,1.56186016371
214453,360092,619328,145639,259236,1,259200,1.56180083013
214474,360097,619305,145623,259208,1,259200,1.56179979013
214485,369493,628727,155008,259234,1,259200,1.59794625705
214492,369498,628720,155006,259222,1,259200,1.597966222
214499,369503,628735,155004,259232,1,259200,1.59793544007
214517,369509,628724,154992,259215,1,259200,1.59792836063
214598,214716,219197,118,4481,5,9000,1.02633340772
214711,215660,220523,949,4863,5,9000,1.19514702858
214770,218186,219629,3416,1443,2,7200,3.36729036729
214994,225406,225416,10412,10,72,600,1042.2
215263,218440,218447,3177,7,1,3600,318.4
215655,215694,220875,39,5181,5,9000,1.00752750434
215686,215833,221491,147,5658,5,9000,1.02598091198
215830,215851,220100,21,4249,5,9000,1.00494233937
215841,215886,221182,45,5296,5,9000,1.00849697885
215882,215982,220665,100,4683,5,9000,1.02135383301
215975,216176,221793,201,5617,5,9000,1.03578422646
216064,218457,218459,2393,2,2,3540,239.5
216170,216351,222058,181,5707,5,9000,1.03171543718
216345,216622,222509,277,5887,5,9000,1.04705282827
216621,216981,218773,360,1792,5,9000,1.20089285714
216980,217169,218773,189,1604,5,9000,1.11783042394
217165,217211,218773,46,1562,5,9000,1.02944942382
217206,217334,218773,128,1439,5,9000,1.08895066018
217329,218090,218773,761,683,5,9000,2.11420204978
218560,218567,218742,7,175,1,3600,1.04
218861,218872,218882,11,10,5,43200,2.1
218861,218867,218882,6,15,5,43200,1.4
218882,218889,219273,7,384,1,3600,1.01822916667
218901,218907,220496,6,1589,5,43200,1.00377595972
218902,218913,220517,11,1604,5,43200,1.00685785536
218902,218919,220746,17,1827,5,43200,1.00930487137
218902,218925,220436,23,1511,5,43200,1.01522170748
218903,219208,220846,305,1638,5,43200,1.1862026862
218903,218930,220471,27,1541,5,43200,1.0175210902
219533,219540,220233,7,693,1,3600,1.0101010101
220240,225514,238323,5274,12809,3,21600,1.41174174409
220565,223618,224348,3053,730,42,1800,5.18219178082
220823,220830,220835,7,5,1,3600,1.2
220950,220956,221054,6,98,1,3600,1.0612244898
220985,220992,222564,7,1572,5,43200,1.00445292621
221059,221065,226783,6,5718,5,9000,1.00104931794
221060,221071,225492,11,4421,5,9000,1.00248812486
221070,221077,225540,7,4463,5,9000,1.00156845171
221071,221083,225479,12,4396,5,9000,1.00272975432
221082,221089,225430,7,4341,5,9000,1.00161253167
221082,221094,225826,12,4732,5,9000,1.00253592561
221093,221101,226209,8,5108,5,9000,1.00156617071
221093,221107,227130,14,6023,5,9000,1.00232442304
221104,221113,225681,9,4568,5,9000,1.00197022767
221105,221119,226930,14,5811,5,9000,1.00240922389
221115,221193,226921,78,5728,5,9000,1.01361731844
221187,221504,227326,317,5822,5,9000,1.05444864308
221201,221208,221511,7,303,1,3600,1.02310231023
221219,225616,287471,4397,61855,2,68400,1.07108560343
221495,221804,226663,309,4859,5,9000,1.06359333196
221630,225438,250401,3808,24963,12,86400,1.15254576774
221803,222069,226617,266,4548,5,9000,1.05848724714
221835,221842,222408,7,566,1,3600,1.01236749117
222059,222520,228285,461,5765,5,9000,1.07996530789
222205,225475,369481,3270,144006,4,144000,1.02270738719
222510,222575,227057,65,4482,5,9000,1.01450245426
222571,225492,229970,2921,4478,5,9000,1.65230013399
222626,222633,222635,7,2,1,7200,1.0
222703,222709,226252,6,3543,1,7200,1.0016934801
223550,225433,225461,1883,28,8,324000,68.25
223903,225622,225751,1719,129,2,172800,14.3255813953
224117,224129,224258,12,129,1,600,1.09302325581
224118,224124,224126,6,2,1,300,1.0
224118,224141,224143,23,2,2,300,2.5
224119,224136,224138,17,2,4,300,1.9
225164,225480,252573,316,27093,4,144000,1.01166352932
225195,225664,226911,469,1247,2,10800,1.37610264635
225252,225503,248201,251,22698,4,108000,1.01105824302
225436,225498,231525,62,6027,5,9000,1.01028704165
225488,225525,231079,37,5554,5,9000,1.00666186532
225498,225551,230173,53,4622,5,9000,1.01146689745
225512,225600,545017,88,319417,8,324000,1.00027550193
225550,225692,230170,142,4478,5,9000,1.03171058508
225683,225838,230385,155,4547,5,9000,1.03408840994
225727,359879,359906,134152,27,20,172800,4969.59259259
225836,226629,232302,793,5673,5,9000,1.13978494624
225940,226020,228633,80,2613,2,7200,1.03061615002
226213,226220,232062,7,5842,5,9000,1.00119821979
226620,226674,232184,54,5510,5,9000,1.00980036298
226671,226794,232739,123,5945,5,9000,1.02068965517
226784,226932,232014,148,5082,5,9000,1.02912239276
226818,226923,237942,105,11019,2,72000,1.00952899537
226915,228645,401486,1730,172841,2,172800,1.01000919921
226928,226943,232906,15,5963,5,9000,1.00251551233
226938,227068,232567,130,5499,5,9000,1.02364066194
226994,233928,305937,6934,72009,2,72000,1.09629351887
227062,227141,232284,79,5143,5,9000,1.01536068443
227134,227337,232495,203,5158,5,9000,1.03935633967
227325,238107,238642,10782,535,2,7200,21.153271028
227329,228296,232907,967,4611,5,9000,1.20971589677
227646,237954,238095,10308,141,2,120,74.1063829787
227853,238342,238343,10489,1,1,54000,1049.0
228291,229982,235070,1691,5088,5,9000,1.33235062893
228981,292346,292352,63365,6,4,360000,6337.1
229212,292364,292365,63152,1,4,360000,6315.3
229682,244069,272807,14387,28738,7,86400,1.50062634839
229682,273694,302070,44012,28376,7,86400,2.55102903862
229683,300715,329669,71032,28954,7,86400,3.45327070526
229683,282605,311244,52922,28639,7,86400,2.84789971717
229683,300790,329230,71107,28440,7,86400,3.50024613221
229684,244047,272385,14363,28338,7,86400,1.50684593126
229684,233923,262707,4239,28784,7,86400,1.14726931629
229684,233918,262372,4234,28454,7,86400,1.14880157447
229684,301235,330088,71551,28853,7,86400,3.47984611652
229685,244058,272411,14373,28353,7,86400,1.50693048355
229685,244053,272370,14368,28317,7,86400,1.5073983826
229685,244063,272844,14378,28781,7,86400,1.4995656857
229686,244074,272399,14388,28325,7,86400,1.50796116505
229686,244079,273682,14393,29603,7,86400,1.4862007229
229686,244085,272454,14399,28369,7,86400,1.50756107018
229687,244095,272486,14408,28391,7,86400,1.5074847663
229687,244090,272591,14403,28501,7,86400,1.50535068945
229687,244168,272851,14481,28683,7,86400,1.504863508
229687,244632,272883,14945,28251,7,86400,1.52900782273
229688,272381,300559,42693,28178,7,86400,2.5151181773
229688,272397,301390,42709,28993,7,86400,2.4730797089
229688,272410,301285,42722,28875,7,86400,2.47954978355
229689,272603,301223,42914,28620,7,86400,2.49944095038
229689,272466,301439,42777,28973,7,86400,2.47644358541
229689,272497,300778,42808,28281,7,86400,2.51366641915
229689,272422,300703,42733,28281,7,86400,2.51101446201
229690,272857,301310,43167,28453,7,86400,2.51713351843
229690,272818,301455,43128,28637,7,86400,2.50602367566
229690,272863,301516,43173,28653,7,86400,2.50675321956
229691,301297,329856,71606,28559,7,86400,3.50730067579
229691,300571,328836,70880,28265,7,86400,3.50769502919
229691,282431,310885,52740,28454,7,86400,2.85351795881
229692,301402,329503,71710,28101,7,86400,3.55186648162
229692,301451,329536,71759,28085,7,86400,3.55506498131
229692,301322,329544,71630,28222,7,86400,3.53809085111
229692,301468,329981,71776,28513,7,86400,3.51730789464
229693,301528,330319,71835,28791,7,86400,3.49505053663
229693,357829,386299,128136,28470,7,86400,5.50073761855
229693,302082,330346,72389,28264,7,86400,3.56117322389
229694,328849,357117,99155,28268,7,86400,4.50767652469
229694,329515,357718,99821,28203,7,86400,4.53937524377
229694,329241,357802,99547,28561,7,86400,4.48541717727
229694,329549,357870,99855,28321,7,86400,4.52582889022
229695,329681,358010,99986,28329,7,86400,4.52945744643
229695,329557,357810,99862,28253,7,86400,4.53456270131
229695,329868,357812,100173,27944,7,86400,4.58477669625
229696,329994,357927,100298,27933,7,86400,4.59066337307
229696,330358,358130,100662,27772,7,86400,4.62458591387
229696,330100,358281,100404,28181,7,86400,4.56282601753
229696,330331,358312,100635,27981,7,86400,4.59654765734
229697,357814,386133,128117,28319,7,86400,5.52406511529
229697,357730,386021,128033,28291,7,86400,5.52557350394
229697,357129,385593,127432,28464,7,86400,5.47695334458
229698,357883,386254,128185,28371,7,86400,5.51816996229
229698,357822,385843,128124,28021,7,86400,5.57242782199
229698,357940,386293,128242,28353,7,86400,5.52304870737
229699,358143,386099,128444,27956,7,86400,5.59450565174
229699,358022,386216,128323,28194,7,86400,5.55142938214
229699,358323,386283,128624,27960,7,86400,5.60028612303
229699,358293,386236,128594,27943,7,86400,5.60201123716
229799,238337,241856,8538,3519,2,10800,3.42625745951
229980,230182,235374,202,5192,5,9000,1.03890600924
230175,230189,235209,14,5020,5,9000,1.00278884462
230186,230396,235138,210,4742,5,9000,1.04428511177
230240,251314,252708,21074,1394,4,14400,16.1176470588
230391,231091,235742,700,4651,5,9000,1.15050526768
231089,232025,233628,936,1603,8,6000,1.58390517779
231528,232196,233802,668,1606,8,6000,1.41594022416
231820,282583,544997,50763,262414,3,604800,1.19344623381
232021,232296,233889,275,1593,8,6000,1.17263025738
233398,294180,493439,60782,199259,4,216000,1.30504017384
233458,359972,385460,126514,25488,4,216000,5.96366917765
234008,240984,244618,6976,3634,4,3600,2.91964777105
234009,244788,248414,10779,3626,4,3600,3.97269718698
234009,245496,246813,11487,1317,4,3600,9.72209567198
234009,241868,245483,7859,3615,4,3600,3.17399723375
234218,238642,240064,4424,1422,2,7200,4.11111111111
234571,238655,239172,4084,517,2,7200,8.89941972921
234623,246825,250438,12202,3613,4,3600,4.37724882369
234623,248431,248811,13808,380,4,3600,37.3368421053
234623,248214,251857,13591,3643,4,3600,4.73071644249
234624,249970,250432,15346,462,4,3600,34.2164502165
234624,248824,249215,14200,391,4,3600,37.3171355499
234624,249593,249958,14969,365,4,3600,42.0109589041
234624,249227,249581,14603,354,4,3600,42.2514124294
234625,250444,250796,15819,352,4,3600,45.9403409091
234625,250451,254083,15826,3632,4,3600,5.35737885463
234625,250811,254454,16186,3643,4,3600,5.44304144935
234914,270149,282413,35235,12264,64,14400,3.87304305284
234957,239184,240158,4227,974,2,7200,5.33983572895
235458,292376,296755,56918,4379,4,86400,13.9979447362
235639,240076,240651,4437,575,2,7200,8.71652173913
235941,240169,240727,4228,558,2,7200,8.5770609319
236211,240663,241349,4452,686,2,7200,7.48979591837
236487,240739,241446,4252,707,2,7200,7.01414427157
236642,236649,236890,7,241,5,43200,1.02904564315
236642,236654,236890,12,236,5,43200,1.05084745763
236643,236660,236890,17,230,5,43200,1.07391304348
236643,236672,236890,29,218,5,43200,1.13302752294
236643,236666,236890,23,224,5,43200,1.10267857143
236644,236688,236890,44,202,5,43200,1.21782178218
236644,236682,236890,38,208,5,43200,1.18269230769
236644,236677,236890,33,213,5,43200,1.15492957746
236645,236693,236890,48,197,5,43200,1.24365482234
236645,236704,236890,59,186,5,43200,1.31720430108
236645,236698,236890,53,192,5,43200,1.27604166667
236646,236714,236890,68,176,5,43200,1.38636363636
236646,236719,236890,73,171,5,43200,1.4269005848
236646,236709,236890,63,181,5,43200,1.34806629834
236997,241361,244648,4364,3287,2,7200,2.32765439611
237234,237241,237494,7,253,5,43200,1.02766798419
237234,237246,237494,12,248,5,43200,1.04838709677
237235,237252,237494,17,242,5,43200,1.07024793388
237236,237258,237494,22,236,5,43200,1.09322033898
237236,237263,237494,27,231,5,43200,1.11688311688
237237,237268,237494,31,226,5,43200,1.13716814159
237524,237531,237536,7,5,5,43200,1.2
237525,237543,237550,18,7,5,43200,2.5
237525,237538,237543,13,5,5,43200,1.8
237526,237548,237554,22,6,5,43200,2.8
237527,237554,237601,27,47,5,43200,1.57446808511
237527,237559,237601,32,42,5,43200,1.7619047619
237643,237650,237655,7,5,5,43200,1.2
237644,237656,237661,12,5,5,43200,1.7
237645,237663,237667,18,4,5,43200,2.2
237646,237668,237673,22,5,5,43200,2.7
237646,237674,237678,28,4,5,43200,3.2
237647,237679,237681,32,2,5,43200,3.4
237687,282425,282540,44738,115,84,1800,390.026086957
237696,237704,238145,8,441,5,43200,1.01814058957
237697,237709,238145,12,436,5,43200,1.02752293578
237698,237716,238145,18,429,5,43200,1.04195804196
237699,237727,238145,28,418,5,43200,1.06698564593
237699,237721,238146,22,425,5,43200,1.05176470588
237700,237732,238145,32,413,5,43200,1.07748184019
237758,237764,242202,6,4438,5,9000,1.00135196034
237759,237771,243075,12,5304,5,9000,1.00226244344
237770,237778,243150,8,5372,5,9000,1.00148920328
237771,237784,242267,13,4483,5,9000,1.00289984385
240362,282551,282583,42189,32,69,3600,1319.40625
241156,250841,294170,9685,43329,4,43200,1.22352235224
244041,275151,383194,31110,108043,2,108000,1.28794091241
246429,250804,250806,4375,2,2,3540,437.7
247490,359978,391648,112488,31670,1,604800,4.55187874961
247535,359983,431271,112448,71288,1,604800,2.57737627651
253392,253399,267832,7,14433,8,14400,1.00048499965
259380,259392,266627,12,7235,4,7200,1.00165860401
259380,259387,262966,7,3579,4,7200,1.00195585359
259380,259397,266642,17,7245,4,7200,1.00234644582
259934,265058,268217,5124,3159,32,10800,2.6220322887
259934,282594,293410,22660,10816,32,10800,3.0950443787
259934,262719,265046,2785,2327,32,10800,2.19681993984
259935,282600,292335,22665,9735,32,10800,3.3281972265
259935,293466,304269,33531,10803,32,10800,4.10386003888
259935,293471,304286,33536,10815,32,10800,4.10087840962
259936,313517,324355,53581,10838,32,10800,5.94380882082
259936,315583,318367,55647,2784,32,10800,20.9881465517
259936,304741,315570,44805,10829,32,10800,5.13750115431
259936,304747,313506,44811,8759,32,10800,6.1159949766
259937,318379,320082,58442,1703,32,10800,35.3170874927
280210,282578,327325,2368,44747,8,86400,1.05291974881
287918,293423,293449,5505,26,68,3600,212.730769231
290614,293477,297130,2863,3653,2,7200,1.78373939228
291351,360067,360076,68716,9,2,216000,6872.5
294657,296327,296329,1670,2,1,900,167.2
294756,360050,631178,65294,271128,6,604800,1.24082352247
294952,304299,304730,9347,431,68,3600,22.686774942
295640,304752,311979,9112,7227,4,7200,2.26082745261
295640,296766,302150,1126,5384,4,7200,1.20913818722
295640,310652,317414,15012,6762,4,7200,3.22005323869
295647,352611,359833,56964,7222,120,7200,8.88756577125
297621,310660,312121,13039,1461,2,7200,9.92470910335
298303,310902,311247,12599,345,2,7200,37.5188405797
298835,359990,964830,61155,604840,16,604800,1.1011093843
298966,360060,360063,61094,3,6,604800,6109.7
299006,312132,312750,13126,618,16,600,22.2394822006
299434,359844,359863,60410,19,128,600,3180.47368421
300590,302163,374180,1573,72017,2,72000,1.02184206507
301832,310897,311105,9065,208,4,28800,44.5817307692
301832,311118,311129,9286,11,4,28800,845.181818182
301833,311164,311174,9331,10,4,28800,934.1
301833,311140,311151,9307,11,4,28800,847.090909091
301834,311186,311195,9352,9,4,28800,936.1
302928,305950,377981,3022,72031,2,72000,1.04195415863
307452,310637,310643,3185,6,2,68400,319.1
308166,360001,505103,51835,145102,18,198000,1.35723146476
310158,359967,360033,49809,66,30,36000,755.681818182
310506,360079,545005,49573,184926,3,604800,1.26806938992
310797,311206,312425,409,1219,2,7200,1.33552091879
311557,311563,312091,6,528,2,7200,1.01136363636
311973,311980,312739,7,759,2,7200,1.0092226614
312409,312437,313071,28,634,2,7200,1.04416403785
312835,312843,313103,8,260,2,7200,1.03076923077
312957,312963,313001,6,38,16,600,1.15789473684
313163,313169,313324,6,155,16,1800,1.03870967742
313365,313372,314022,7,650,20,1800,1.01076923077
313530,360074,467829,46544,107755,8,345600,1.43194283328
313550,314034,314161,484,127,2,7200,4.81102362205
314635,314643,317657,8,3014,20,3000,1.00265428003
315880,317669,337684,1789,20015,3,21600,1.08938296278
317157,320094,330910,2937,10816,32,10800,1.27154215976
317158,330922,341754,13764,10832,32,10800,2.27067946824
317158,341767,352599,24609,10832,32,10800,3.27187961595
317158,359950,370759,42792,10809,32,10800,4.95892311962
317765,317777,325001,12,7224,4,7200,1.00166112957
317765,317782,325000,17,7218,4,7200,1.00235522305
317765,317771,324986,6,7215,4,7200,1.00083160083
317766,317788,325038,22,7250,4,7200,1.00303448276
317845,359962,359968,42117,6,30,604800,4212.3
318236,360044,419260,41808,59216,16,604800,1.70602539854
318508,318514,319001,6,487,2,7200,1.01232032854
321671,328752,350368,7081,21616,64,21600,1.32758142117
322359,322366,323839,7,1473,2,7200,1.00475220638
322670,322678,323337,8,659,2,7200,1.01213960546
323025,323032,323630,7,598,2,7200,1.01170568562
323117,323642,328740,525,5098,4,8100,1.1029815614
323834,360055,360061,36221,6,2,68400,3622.7
327385,359996,409927,32611,49931,8,86400,1.6531213074
332254,332260,333900,6,1640,2,8100,1.00365853659
332404,333515,333518,1111,3,2,3540,111.4
332498,333484,333605,986,121,4,12900,9.14876033058
332934,370771,397788,37837,27017,8,86400,2.40048858126
332939,370777,398596,37838,27819,8,86400,2.36014953809
346645,359874,359878,13229,4,64,21600,1323.3
363600,363780,631658,180,267878,6,604800,1.00067194768
370800,370838,639209,38,268371,6,604800,1.00014159503
372514,432605,432633,60091,28,30,36000,2147.10714286
374839,374845,397780,6,22935,8,86400,1.00026160889
375038,385122,385124,10084,2,4,12900,1008.6
376095,376106,380566,11,4460,1,28800,1.00246636771
376880,377993,378742,1113,749,2,7200,2.48598130841
377789,378754,379967,965,1213,2,7200,1.79554822754
378180,381392,381393,3212,1,2,7200,321.3
378343,379979,380600,1636,621,1,7200,3.6344605475
379245,381405,382215,2160,810,2,7200,3.66666666667
379540,385135,385458,5595,323,4,9300,18.3219814241
379576,380612,400925,1036,20313,3,21600,1.05100182149
379779,385471,385473,5692,2,4,144000,569.4
379837,385477,445065,5640,59588,4,108000,1.09464992952
379913,385484,397590,5571,12106,4,108000,1.46018503222
380010,381411,382057,1401,646,2,7200,3.16873065015
380406,382069,382820,1663,751,2,7200,3.21438082557
380760,382227,383351,1467,1124,2,7200,2.30516014235
380929,383664,395872,2735,12208,1,36000,1.22403342071
381126,382831,383653,1705,822,2,7200,3.07420924574
381168,383670,384735,2502,1065,1,28800,3.34929577465
381460,382842,383574,1382,732,2,7200,2.88797814208
381472,384319,643570,2847,259251,6,259200,1.01098163556
381501,384033,385932,2532,1899,1,14400,2.33333333333
382186,383206,384020,1020,814,2,7200,2.25307125307
382497,383362,384884,865,1522,2,7200,1.56833114323
382774,383586,384842,812,1256,2,7200,1.64649681529
382777,609691,647962,226914,38271,8,324000,6.92913694442
383399,631189,733357,247790,102168,4,108000,3.4253190823
384248,384254,384263,6,9,1,1800,1.5
384281,384287,384290,6,3,1,1800,1.0
384291,384300,384304,9,4,1,3600,1.3
384297,384306,384309,9,3,1,1800,1.2
384306,384312,384314,6,2,1,3600,1.0
384315,384326,384329,11,3,1,1800,1.4
384325,384339,384667,14,328,1,3600,1.04268292683
384554,384746,385111,192,365,2,7200,1.52602739726
384880,384886,397845,6,12959,1,28800,1.00046299869
384880,397935,426776,13055,28841,1,28800,1.45265420755
384881,455607,484440,70726,28833,1,28800,3.45295321333
384881,426784,455600,41903,28816,1,28800,2.45415741255
384882,484446,513288,99564,28842,1,28800,4.45204909507
384883,513300,542132,128417,28832,1,28800,5.45397475028
384884,542138,570966,157254,28828,1,28800,6.45490495352
384885,619320,631141,234435,11821,1,28800,20.8320785044
384885,570972,599811,186087,28839,1,28800,7.45261624883
384886,631152,631309,246266,157,1,28800,1569.57324841
385015,385021,385750,6,729,1,3600,1.00823045267
385202,385711,385718,509,7,1,1800,51.6
385736,385742,385781,6,39,1,1800,1.15384615385
386083,386089,386213,6,124,1,1800,1.04838709677
386128,778330,1042912,392202,264582,12,432000,2.48234573781
386171,389057,397705,2886,8648,4,9300,1.33371877891
386198,609955,753995,223757,144040,4,144000,2.5534365454
386278,609961,732700,223683,122739,4,216000,2.82242807909
386524,386531,386538,7,7,1,3600,1.4
386653,386659,386783,6,124,1,3600,1.04838709677
386968,386974,387276,6,302,1,1800,1.01986754967
386970,386980,387317,10,337,1,3600,1.0296735905
387215,397760,397761,10545,1,4,12900,1054.6
387626,387632,387635,6,3,2,3540,1.0
387729,387735,388326,6,591,1,3600,1.01015228426
388182,388189,389046,7,857,2,7200,1.008168028
389226,408200,465438,18974,57238,7,86400,1.33149306405
389226,408206,465285,18980,57079,7,86400,1.33252159288
389227,408222,465591,18995,57369,7,86400,1.33110216319
389227,408211,465468,18984,57257,7,86400,1.33155771347
389227,408216,465898,18989,57682,7,86400,1.329201484
389228,408238,464862,19010,56624,7,86400,1.33572336818
389228,408232,466247,19004,58015,7,86400,1.32757045592
389228,408243,465982,19015,57739,7,86400,1.32932679818
389228,408227,465410,18999,57183,7,86400,1.33224909501
389229,424947,481755,35718,56808,7,86400,1.62874947191
389229,408248,465044,19019,56796,7,86400,1.33486513135
389229,408254,465241,19025,56987,7,86400,1.33384807061
389230,432621,519028,43391,86407,7,86400,1.50216996308
389230,432645,519091,43415,86446,7,86400,1.50222103972
389230,432616,490393,43386,57777,7,86400,1.75092164702
389230,432610,489706,43380,57096,7,86400,1.75977301387
389231,432660,489241,43429,56581,7,86400,1.76755447942
389231,432650,489528,43419,56878,7,86400,1.7633707233
389231,432655,490792,43424,58137,7,86400,1.74692536595
389232,436522,493130,47290,56608,7,86400,1.83539429056
389232,450653,537083,61421,86430,7,86400,1.71064445216
389232,450648,507971,61416,57323,7,86400,2.07140240392
389232,450658,508599,61426,57941,7,86400,2.06014739131
389233,450669,508118,61436,57449,7,86400,2.06940068583
389233,464874,521398,75641,56524,7,86400,2.33821031774
389233,450664,507622,61431,56958,7,86400,2.07853154956
389234,465421,522292,76187,56871,7,86400,2.3396458652
389234,465297,522019,76063,56722,7,86400,2.34097880893
389234,465254,523161,76020,57907,7,86400,2.3127946535
389234,465057,521290,75823,56233,7,86400,2.34837195241
389235,465449,522335,76214,56886,7,86400,2.33976725381
389235,465603,522206,76368,56603,7,86400,2.34918643888
389235,465480,521947,76245,56467,7,86400,2.35025767262
389236,466259,523441,77023,57182,7,86400,2.34697981882
389236,465995,525038,76759,59043,7,86400,2.30005250411
389236,465910,522922,76674,57012,7,86400,2.34487476321
389237,467841,554280,78604,86439,7,86400,1.9093580444
389806,392710,392712,2904,2,2,3540,290.6
390018,410262,416953,20244,6691,32,18000,4.02555671798
390018,419882,432524,29864,12642,32,18000,3.36228444866
390018,432599,450636,42581,18037,32,18000,3.36075844098
390018,419888,423813,29870,3925,32,18000,8.6101910828
390018,399510,410174,9492,10664,32,18000,1.89009752438
390032,391661,392184,1629,523,1,1800,4.11472275335
390101,397717,398023,7616,306,4,1800,25.8888888889
390135,392358,392698,2223,340,2,1800,7.53823529412
390611,397774,397994,7163,220,3,600,33.5590909091
390707,397606,397748,6899,142,6,600,49.5845070423
390736,397800,397923,7064,123,12,600,58.4308943089
390786,398037,398152,7251,115,24,600,64.052173913
390895,397792,397927,6897,135,7,600,52.0888888889
390984,397942,398025,6958,83,14,600,84.8313253012
391012,398271,398349,7259,78,14,600,94.0641025641
391053,419785,419870,28732,85,56,600,339.023529412
391184,398164,398253,6980,89,21,600,79.4269662921
391267,410186,410250,18919,64,42,600,296.609375
391312,432536,432588,41224,52,84,600,793.769230769
391359,609602,609675,218243,73,168,600,2990.63013699
394870,394877,399816,7,4939,2,7200,1.00141729095
396027,396034,397355,7,1321,1,3600,1.0052990159
398772,643580,699579,244808,55999,4,108000,5.37164949374
399756,401074,408967,1318,7893,4,12900,1.16698340302
399761,399768,400997,7,1229,2,7200,1.00569568755
400865,401013,401023,148,10,4,3600,15.8
400865,400990,401001,125,11,4,3600,12.3636363636
400865,400937,400978,72,41,4,3600,2.75609756098
400866,401035,401043,169,8,4,3600,17.7
400866,401055,401063,189,8,4,3600,19.7
400968,609610,855064,208642,245454,1,604800,1.85002485191
401086,401092,408100,6,7008,3,7200,1.00085616438
401089,609782,885404,208693,275622,1,604800,1.75717105311
401368,402465,402565,1097,100,4,3600,11.97
401368,402577,402641,1209,64,4,3600,19.890625
401369,402653,402712,1284,59,4,3600,22.7627118644
401369,402724,402785,1355,61,4,3600,23.2131147541
401369,402798,402864,1429,66,4,3600,22.6515151515
401422,628735,628736,227313,1,1,604800,22731.4
402223,609686,800940,207463,191254,30,604800,2.0847511686
402364,609761,955410,207397,345649,6,345600,1.60002198762
402616,402877,403826,261,949,2,7200,1.27502634352
402623,408107,418837,5484,10730,2,43200,1.51109040075
403016,403022,404041,6,1019,2,7200,1.00588812561
403082,406671,406675,3589,4,4,240,359.3
403380,403838,404540,458,702,2,7200,1.65242165242
403674,404052,404814,378,762,2,7200,1.49606299213
404080,404553,405380,473,827,2,7200,1.57194679565
404426,404826,405557,400,731,2,7200,1.54719562244
404687,631223,847267,226536,216044,2,216000,2.04856418137
405038,405391,406085,353,694,2,7200,1.50864553314
405082,406161,406162,1079,1,1,7200,108.0
405356,405569,406149,213,580,2,7200,1.36724137931
405555,631195,631197,225640,2,2,288000,22564.2
405621,631209,631211,225588,2,2,288000,22559.0
405689,639226,639229,233537,3,2,288000,23354.0
405796,406097,406659,301,562,2,7200,1.53558718861
407289,407295,407296,6,1,1,7200,1.0
407581,407588,408304,7,716,2,7200,1.00977653631
407748,489253,506486,81505,17233,8,18300,5.72958858005
407891,407898,408369,7,471,2,7200,1.01486199575
408134,408140,408994,6,854,2,7200,1.00702576112
408204,408261,408262,57,1,1,7200,5.8
408340,489539,515989,81199,26450,8,26400,4.06990548204
409468,486753,493711,77285,6958,2,21600,12.1073584363
409858,486859,486870,77001,11,2,600,7001.09090909
412349,415573,419774,3224,4201,25,7200,1.76743632468
440772,445076,445084,4304,8,1,3600,431.2
444370,445082,445092,712,10,1,1800,72.2
444917,445087,445199,170,112,1,3600,2.51785714286
445198,445204,445400,6,196,1,3600,1.0306122449
445297,445304,445387,7,83,1,1800,1.0843373494
445322,445329,445928,7,599,1,3600,1.01168614357
445545,445553,446070,8,517,1,3600,1.01547388781
445916,445922,446020,6,98,1,1800,1.0612244898
446222,446230,446799,8,569,1,3600,1.01405975395
446311,446317,446985,6,668,1,3600,1.00898203593
446531,446538,446935,7,397,1,1800,1.01763224181
447567,447574,447581,7,7,1,3600,1.4
447677,447684,447690,7,6,1,1800,1.3
447692,447700,447802,8,102,1,3600,1.07843137255
447858,447864,447913,6,49,1,1800,1.12244897959
447942,447948,448252,6,304,1,3600,1.01973684211
448163,448170,448258,7,88,1,1800,1.07954545455
448571,448577,449110,6,533,1,3600,1.01125703565
448949,448955,449213,6,258,1,1800,1.02325581395
452606,452612,452675,6,63,1,1800,1.09523809524
452666,452686,452723,20,37,1,1800,1.54054054054
452742,452749,452816,7,67,1,1800,1.10447761194
453063,453069,453175,6,106,1,1800,1.05660377358
453358,453364,453649,6,285,1,1800,1.02105263158
453717,453724,453988,7,264,1,1800,1.02651515152
462726,462733,478941,7,16208,2,75600,1.00043188549
464155,467847,478498,3692,10651,2,111600,1.34663411886
464464,505115,613140,40651,108025,2,108000,1.37631103911
465418,639221,707929,173803,68708,4,108000,3.52958898527
465562,609966,676758,144404,66792,2,118800,3.16199544856
465617,613151,676791,147534,63640,2,115200,3.31825895663
466096,491196,491405,25100,209,4,28800,121.09569378
466766,486571,486716,19805,145,4,10800,137.586206897
466767,490585,495146,23818,4561,4,10800,6.22210041658
466767,488002,489492,21235,1490,4,10800,15.2516778523
466767,490804,492223,24037,1419,4,10800,17.9393939394
466767,486728,487991,19961,1263,4,10800,16.8044338876
466768,489723,493138,22955,3415,4,10800,7.72181551977
466768,490810,492155,24042,1345,4,10800,18.8750929368
466768,489504,490880,22736,1376,4,10800,17.523255814
466768,489718,491184,22950,1466,4,10800,16.6548431105
466768,490891,492287,24123,1396,4,10800,18.2800859599
466769,490404,490573,23635,169,4,10800,140.852071006
467843,609777,818707,141934,208930,8,345600,1.67933757718
468761,479853,487104,11092,7251,1,7200,2.52972003862
470784,479859,480695,9075,836,1,7200,11.8552631579
475257,493722,493726,18465,4,32,18000,1846.9
475822,537095,537113,61273,18,128,600,3405.05555556
477569,479411,486644,1842,7233,2,7200,1.25466611365
477663,481768,501860,4105,20092,3,21600,1.2043101732
478508,628748,676713,150240,47965,2,111600,4.13228395705
478916,620055,620062,141139,7,2,100800,14114.6
479029,620074,676506,141045,56432,2,97200,3.49937978452
479228,629680,629696,150452,16,2,99000,9404.25
480260,480705,482520,445,1815,1,1800,1.24517906336
480456,481773,483591,1317,1818,1,1800,1.72442244224
480506,482033,483041,1527,1008,1,1800,2.51488095238
480637,482532,483312,1895,780,1,1800,3.42948717949
480662,486881,487229,6219,348,2,7200,18.8706896552
480918,482877,484710,1959,1833,2,1800,2.06873977087
480964,483323,485173,2359,1850,2,1800,2.27513513514
481005,484722,486559,3717,1837,2,1800,3.02340772999
481089,487030,488236,5941,1206,2,7200,5.92620232172
481408,484786,485330,3378,544,2,1800,7.20955882353
481485,487115,487635,5630,520,2,7200,11.8269230769
481770,487242,487981,5472,739,2,7200,8.40460081191
481913,609755,654614,127842,44859,12,86400,3.84986290377
482013,487647,488286,5634,639,2,7200,9.81690140845
482314,488247,489092,5933,845,2,7200,8.02130177515
482756,485018,486848,2262,1830,2,1800,2.23606557377
482794,485184,487018,2390,1834,2,1800,2.30316248637
485899,485906,486743,7,837,1,1800,1.00836320191
487716,487993,491624,277,3631,2,3600,1.0762875241
487762,492236,492379,4474,143,14,600,32.2867132867
487857,488298,495521,441,7223,1,7200,1.06105496331
487977,490957,490960,2980,3,2,3540,298.3
491171,629707,716131,138536,86424,2,86400,2.60298065352
491218,631671,718116,140453,86445,3,86400,2.62476719301
491271,609772,696196,118501,86424,4,86400,2.3711584745
491328,609766,696195,118438,86429,5,86400,2.37035022967
491390,609750,696165,118360,86415,6,86400,2.36966961754
491452,609718,696138,118266,86420,7,86400,2.36850266142
491582,609702,696124,118120,86422,10,86400,2.36678160654
492193,609697,753003,117504,143306,18,198000,1.81995171172
492696,609708,609945,117012,237,10,172800,494.721518987
494078,647973,723900,153895,75927,4,108000,3.02688108315
494167,494174,495252,7,1078,32,18000,1.00649350649
495189,495196,498759,7,3563,4,3600,1.00196463654
495231,496165,496420,934,255,32,3600,4.66274509804
495231,496431,498531,1200,2100,32,3600,1.57142857143
495231,498542,501237,3311,2695,32,3600,2.22857142857
495232,501250,503618,6018,2368,32,3600,3.54138513514
495232,503630,506154,8398,2524,32,3600,4.32725832013
495232,506166,508529,10934,2363,32,3600,5.62716885315
495233,508920,509144,13687,224,32,3600,62.1026785714
495233,506499,508908,11266,2409,32,3600,5.67662930677
495233,508542,511010,13309,2468,32,3600,6.39262560778
495233,508611,510888,13378,2277,32,3600,6.87527448397
495463,573826,580744,78363,6918,5,6900,12.327406765
495541,509155,516394,13614,7239,32,7200,2.88064649814
501708,521302,578886,19594,57584,7,86400,1.34026813004
501814,521411,578174,19597,56763,7,86400,1.34524249952
501851,521960,578533,20109,56573,7,86400,1.35545224754
501945,522218,579069,20273,56851,7,86400,1.35659882852
501945,522031,578716,20086,56685,7,86400,1.35434418276
501946,522303,578640,20357,56337,7,86400,1.36134334452
501946,522346,578778,20400,56432,7,86400,1.36149702297
501946,522933,579653,20987,56720,7,86400,1.37001057828
501946,523172,580130,21226,56958,7,86400,1.3726605569
501947,578186,646100,76239,67914,7,86400,2.12258150013
501947,523454,579942,21507,56488,7,86400,1.38073573148
501947,525050,581248,23103,56198,7,86400,1.41110003915
502026,578653,645504,76627,66851,7,86400,2.1462356584
502026,578733,646183,76707,67450,7,86400,2.13724240178
502026,578546,664963,76520,86417,7,86400,1.88547392295
502027,579082,646366,77055,67284,7,86400,2.14522026039
502027,578790,645956,76763,67166,7,86400,2.1428847929
502027,578898,646579,76871,67681,7,86400,2.13578404574
502028,580142,647450,78114,67308,7,86400,2.16054555179
502028,579954,666400,77926,86446,7,86400,1.90144136224
502028,579665,646543,77637,66878,7,86400,2.16087502617
502029,609729,677697,107700,67968,7,86400,2.58456920904
502029,609734,676980,107705,67246,7,86400,2.60165660411
502029,609724,676654,107695,66930,7,86400,2.60906917675
502029,581260,647975,79231,66715,7,86400,2.18760398711
502030,609739,677471,107709,67732,7,86400,2.59022323274
502030,609745,676823,107715,67078,7,86400,2.60581710844
515959,573831,573850,57872,19,2,2400,3046.89473684
517515,573837,573855,56322,18,2,2400,3130.0
517660,573842,573860,56182,18,2,2400,3122.22222222
517904,573847,573867,55943,20,2,2400,2798.15
518208,573853,573871,55645,18,2,2400,3092.38888889
518377,573858,573876,55481,18,2,2400,3083.27777778
519581,573863,573881,54282,18,2,2400,3016.66666667
519897,573869,573887,53972,18,2,2400,2999.44444444
520074,573874,573893,53800,19,2,2400,2832.57894737
527118,527124,530735,6,3611,1,3600,1.00166158959
530722,530729,530736,7,7,1,1800,1.4
530837,530844,530974,7,130,1,3600,1.05384615385
530893,530899,530979,6,80,1,1800,1.075
531112,531119,531636,7,517,1,3600,1.01353965184
531255,531262,531355,7,93,1,1800,1.0752688172
531877,531883,532607,6,724,1,3600,1.00828729282
531883,531890,532259,7,369,1,1800,1.0189701897
532988,532995,533002,7,7,1,1800,1.4
533128,533134,533141,6,7,1,3600,1.3
533165,533172,533216,7,44,1,1800,1.15909090909
533249,533255,533354,6,99,1,3600,1.06060606061
533460,533467,533555,7,88,1,1800,1.07954545455
533488,533494,533884,6,390,1,3600,1.01538461538
534177,534184,534714,7,530,1,3600,1.01320754717
534254,534260,534514,6,254,1,1800,1.02362204724
538707,538713,538759,6,46,1,1800,1.13043478261
539008,539016,539091,8,75,1,1800,1.10666666667
539729,539735,539978,6,243,1,1800,1.02469135802
544852,609713,933888,64861,324175,8,324000,1.20008020359
552580,573821,587916,21241,14095,16,16200,2.50698829372
570821,570827,570900,6,73,1,900,1.08219178082
570919,570926,571083,7,157,128,900,1.04458598726
571666,573879,573945,2213,66,4,3600,34.5303030303
571667,573885,573949,2218,64,4,3600,35.65625
571668,573890,573957,2222,67,4,3600,34.1641791045
571669,573895,573959,2226,64,4,3600,35.78125
571978,573900,573914,1922,14,4,3600,138.285714286
574570,574577,574579,7,2,2,2400,1.0
575423,575429,577533,6,2104,2,2400,1.00285171103
575894,575900,575902,6,2,2,2400,1.0
575950,575958,575959,8,1,2,2400,1.0
576014,576021,578267,7,2246,2,2400,1.00311665183
576172,576178,578210,6,2032,2,2400,1.00295275591
576365,576371,576373,6,2,2,2400,1.0
576483,576490,578534,7,2044,2,2400,1.00342465753
576600,576606,578868,6,2262,2,2400,1.00265251989
576714,576721,576723,7,2,2,2400,1.0
576784,576790,578867,6,2077,2,2400,1.0028887819
576992,576998,577001,6,3,2,2400,1.0
577054,577060,579152,6,2092,2,2400,1.00286806883
577190,577197,579471,7,2274,2,2400,1.00307827617
577301,577308,579406,7,2098,2,2400,1.00333651096
578528,578535,580617,7,2082,2,2400,1.00336215178
578718,578726,580949,8,2223,2,2400,1.00359874044
578836,578842,580962,6,2120,2,2400,1.00283018868
579260,579266,581476,6,2210,2,2400,1.00271493213
579512,579518,581631,6,2113,2,2400,1.0028395646
579685,579691,581726,6,2035,2,2400,1.00294840295
580021,580028,582227,7,2199,2,2400,1.00318326512
580179,580185,582368,6,2183,2,2400,1.00274851122
580343,580349,582395,6,2046,2,2400,1.00293255132
586646,586653,587127,7,474,16,22800,1.01476793249
587225,587231,587268,6,37,16,22200,1.16216216216
587316,587323,588401,7,1078,16,22200,1.00649350649
588481,588489,604729,8,16240,32,16200,1.00049261084
588521,588527,609541,6,21014,16,21000,1.00028552394
588662,588668,599817,6,11149,32,11100,1.00053816486
591404,591411,591413,7,2,2,3540,1.0
596492,596499,596511,7,12,32,30,1.58333333333
597215,597221,597576,6,355,2,1200,1.01690140845
597427,639241,1242856,41814,603615,2,603600,1.06927263239
597476,643586,1247207,46110,603621,2,603600,1.07638899243
597626,654626,1258232,57000,603606,2,603600,1.09443246091
597764,597770,597969,6,199,2,2400,1.03015075377
597830,654631,1258273,56801,603642,2,603600,1.09409716355
597878,654636,1258274,56758,603638,2,603600,1.09402655234
598001,654641,1258282,56640,603641,2,603600,1.09383060461
600098,600105,600318,7,213,2,2400,1.03286384977
600194,654647,1258290,54453,603643,2,603600,1.0902072914
600244,654652,1258296,54408,603644,2,603600,1.09013259471
600347,677626,1281271,77279,603645,2,603600,1.12802060814
600464,600470,600707,6,237,2,2400,1.0253164557
600588,677670,1281280,77082,603610,2,603600,1.12770166167
600666,677704,1281339,77038,603635,2,603600,1.12762348108
600828,682119,1285758,81291,603639,2,603600,1.13466823714
600998,601004,601196,6,192,2,2400,1.03125
601065,682125,1285756,81060,603631,2,603600,1.13428733779
601103,696136,1299748,95033,603612,2,603600,1.15744054127
601228,696176,1299789,94948,603613,2,603600,1.15729946174
601394,601400,601585,6,185,2,2400,1.03243243243
601428,698583,1302203,97155,603620,2,603600,1.1609539114
601464,698588,1302198,97124,603610,2,603600,1.16090522026
601616,699591,1303224,97975,603633,2,603600,1.16230888636
602978,602985,602994,7,9,2,3540,1.6
