SubmitTime,StartTime,EndTime,QueuedTime,RunTime,NodesRequested,walltime,bslowdown
25,3237,8683,3212,5446,2,36000,1.58979067205
62,69,74,7,5,1,900,1.2
69,75,161,6,86,14,9960,1.06976744186
73,3490,8877,3417,5387,2,36000,1.63430480787
125,3525,7388,3400,3863,2,36000,1.88014496505
152,3671,8424,3519,4753,2,36000,1.74037450032
159,169,171,10,2,1,900,1.2
165,175,261,10,86,14,9960,1.11627906977
167,3811,7907,3644,4096,2,36000,1.8896484375
231,3947,9047,3716,5100,2,36000,1.72862745098
246,4064,9811,3818,5747,2,36000,1.66434661563
259,265,268,6,3,1,900,1.0
266,272,360,6,88,14,9960,1.06818181818
285,4151,7986,3866,3835,2,36000,2.00808344198
313,4187,7305,3874,3118,2,36000,2.24246311738
327,4247,10047,3920,5800,2,36000,1.67586206897
358,364,366,6,2,1,900,1.0
364,370,454,6,84,14,9960,1.07142857143
388,4738,8315,4350,3577,2,36000,2.21610287951
451,4780,10022,4329,5242,2,36000,1.82582983594
452,458,461,6,3,1,900,1.0
459,470,553,11,83,14,9960,1.13253012048
551,557,559,6,2,1,900,1.0
557,563,652,6,89,14,9960,1.06741573034
590,4793,9571,4203,4778,2,36000,1.87965676015
645,652,654,7,2,1,900,1.0
656,662,747,6,85,14,9960,1.07058823529
680,4886,8529,4206,3643,2,36000,2.1545429591
745,751,754,6,3,1,900,1.0
753,759,844,6,85,14,9960,1.07058823529
820,4982,8861,4162,3879,2,36000,2.07295694767
835,5229,9584,4394,4355,2,36000,2.00895522388
840,845,913,5,68,14,9960,1.07352941176
842,861,865,19,4,1,900,2.3
849,856,945,7,89,14,9960,1.07865168539
887,5341,9505,4454,4164,2,36000,2.06964457253
908,5347,10997,4439,5650,2,36000,1.78566371681
911,918,922,7,4,1,900,1.1
919,925,1013,6,88,14,9960,1.06818181818
943,950,953,7,3,1,900,1.0
950,956,1048,6,92,14,9960,1.0652173913
1012,1019,1022,7,3,1,900,1.0
1019,1025,1175,6,150,14,9960,1.04
1041,5352,10873,4311,5521,2,36000,1.78083680493
1047,1053,1056,6,3,1,900,1.0
1054,1060,1143,6,83,14,9960,1.07228915663
1056,5390,8990,4334,3600,2,36000,2.20388888889
1113,5478,9952,4365,4474,2,36000,1.97563701386
1128,5497,11400,4369,5903,2,36000,1.7401321362
1143,1149,1153,6,4,1,900,1.0
1143,5504,10620,4361,5116,2,36000,1.85242376857
1150,1155,1238,5,83,14,9960,1.06024096386
1173,1179,1185,6,6,1,900,1.2
1182,1188,1313,6,125,14,9960,1.048
1237,1243,1247,6,4,1,900,1.0
1244,1249,1334,5,85,14,9960,1.05882352941
1246,5574,11442,4328,5868,2,36000,1.73755964554
1312,1319,1324,7,5,1,900,1.2
1319,55588,55732,54269,144,14,9960,377.868055556
1332,1338,1341,6,3,1,900,1.0
1338,55593,55684,54255,91,14,9960,597.208791209
1343,5678,11031,4335,5353,2,36000,1.80982626565
1358,5776,9396,4418,3620,2,36000,2.22044198895
1359,5880,10679,4521,4799,2,36000,1.94207126485
1474,6048,9579,4574,3531,2,36000,2.29538374398
1700,6134,9794,4434,3660,2,36000,2.21147540984
1848,6298,11974,4450,5676,2,36000,1.78400281889
1890,6450,12209,4560,5759,2,36000,1.79180413266
1987,6485,12143,4498,5658,2,36000,1.7949805585
2072,6584,12233,4512,5649,2,36000,1.79872543813
2087,6590,10602,4503,4012,2,36000,2.12238285145
2105,6626,11448,4521,4822,2,36000,1.93757776856
2211,6634,9927,4423,3293,2,36000,2.3431521409
2238,6744,11597,4506,4853,2,36000,1.92849783639
2253,7092,12266,4839,5174,2,36000,1.93525318902
2310,7193,11351,4883,4158,2,36000,2.17436267436
2600,7316,12891,4716,5575,2,36000,1.84591928251
3215,7324,10097,4109,2773,2,36000,2.48178867652
3230,7399,10687,4169,3288,2,36000,2.26794403893
3481,7634,11048,4153,3414,2,36000,2.21646162859
3514,7861,13855,4347,5994,2,36000,1.72522522523
3659,7918,13206,4259,5288,2,36000,1.80540847201
3801,7997,13531,4196,5534,2,36000,1.75822190098
3936,8276,14311,4340,6035,2,36000,1.71913835957
4051,8287,11755,4236,3468,2,36000,2.2214532872
4141,8326,12804,4185,4478,2,36000,1.93456900402
4178,8399,13939,4221,5540,2,36000,1.7619133574
4238,8436,12913,4198,4477,2,36000,1.93768148314
4727,8540,13700,3813,5160,2,36000,1.73895348837
4772,8694,14674,3922,5980,2,36000,1.65585284281
4787,8872,14395,4085,5523,2,36000,1.73963425674
4875,8889,13273,4014,4384,2,36000,1.91560218978
4972,9001,14531,4029,5530,2,36000,1.72857142857
5220,9059,13251,3839,4192,2,36000,1.91579198473
5332,9407,14706,4075,5299,2,36000,1.76901302132
5347,9516,13740,4169,4224,2,36000,1.98697916667
5349,9582,14537,4233,4955,2,36000,1.85428859738
5379,9590,14645,4211,5055,2,36000,1.83303659743
5470,9596,15656,4126,6060,2,36000,1.68085808581
5488,9805,14603,4317,4798,2,36000,1.89974989579
5503,9823,15038,4320,5215,2,36000,1.82837967402
5563,9938,13907,4375,3969,2,36000,2.10229276896
5669,9963,15948,4294,5985,2,36000,1.71746031746
5765,10034,14208,4269,4174,2,36000,2.0227599425
5871,10058,16023,4187,5965,2,36000,1.70192791282
6037,10108,15615,4071,5507,2,36000,1.73924096604
6125,10613,15860,4488,5247,2,36000,1.85534591195
6285,10632,15947,4347,5315,2,36000,1.81787394167
6440,10690,16135,4250,5445,2,36000,1.78053259871
6476,10699,16136,4223,5437,2,36000,1.77671510024
6570,10884,14564,4314,3680,2,36000,2.1722826087
6585,11009,15835,4424,4826,2,36000,1.91670120182
6615,11042,17282,4427,6240,2,36000,1.70945512821
6630,11059,14133,4429,3074,2,36000,2.44079375407
6733,11363,17238,4630,5875,2,36000,1.78808510638
7084,11411,16639,4327,5228,2,36000,1.82765876052
7183,11453,16629,4270,5176,2,36000,1.82496136012
7305,11459,16298,4154,4839,2,36000,1.85844182682
7320,11608,16881,4288,5273,2,36000,1.81319931728
7387,11766,17070,4379,5304,2,36000,1.82560331825
7625,11985,17688,4360,5703,2,36000,1.76450990707
7852,12154,16499,4302,4345,2,36000,1.99010356732
7907,12220,18211,4313,5991,2,36000,1.71991320314
7985,12244,17541,4259,5297,2,36000,1.80404002265
8268,12277,17454,4009,5177,2,36000,1.77438671045
8283,12815,16696,4532,3881,2,36000,2.16774027313
8316,12903,18522,4587,5619,2,36000,1.81633742659
8389,12924,18534,4535,5610,2,36000,1.80837789661
8425,13218,17193,4793,3975,2,36000,2.20578616352
8531,13262,18327,4731,5065,2,36000,1.93405725568
8685,13284,18428,4599,5144,2,36000,1.89405132193
8863,13543,19542,4680,5999,2,36000,1.78013002167
8878,13711,18602,4833,4891,2,36000,1.98814148436
8993,13751,18555,4758,4804,2,36000,1.99042464613
9047,13866,19738,4819,5872,2,36000,1.82067438692
9274,22336,22507,13062,171,1,3600,77.3859649123
9397,13918,17871,4521,3953,2,36000,2.14368833797
9506,13950,19354,4444,5404,2,36000,1.82235381199
9573,14144,19231,4571,5087,2,36000,1.89856496953
9588,14219,19493,4631,5274,2,36000,1.87808115283
9590,14322,18963,4732,4641,2,36000,2.01960784314
9792,14406,19656,4614,5250,2,36000,1.87885714286
9813,14542,19409,4729,4867,2,36000,1.97164577769
9928,14548,19397,4620,4849,2,36000,1.95277376779
9952,14575,20420,4623,5845,2,36000,1.79093242087
10021,14614,20314,4593,5700,2,36000,1.80578947368
10045,14656,18845,4611,4189,2,36000,2.10074003342
10097,14685,20182,4588,5497,2,36000,1.83463707477
10604,14718,19927,4114,5209,2,36000,1.78978690728
10623,15049,19709,4426,4660,2,36000,1.94978540773
10680,15626,21037,4946,5411,2,36000,1.91406394382
10695,15667,20204,4972,4537,2,36000,2.0958783337
10873,15846,19862,4973,4016,2,36000,2.23829681275
10999,15871,20932,4872,5061,2,36000,1.96265560166
11033,15958,20540,4925,4582,2,36000,2.07485814055
11051,15964,20917,4913,4953,2,36000,1.99192408641
11353,16034,20572,4681,4538,2,36000,2.03151167915
11402,16146,21765,4744,5619,2,36000,1.84427834134
11444,16152,20726,4708,4574,2,36000,2.02929602099
11459,16309,22348,4850,6039,2,36000,1.8031130982
11598,16510,21928,4912,5418,2,36000,1.90660760428
11757,16640,21561,4883,4921,2,36000,1.99227799228
11975,16650,22623,4675,5973,2,36000,1.78268876611
12144,16707,22184,4563,5477,2,36000,1.83312032134
12210,16892,22397,4682,5505,2,36000,1.85049954587
12234,17081,22795,4847,5714,2,36000,1.84826741337
12268,17204,23229,4936,6025,2,36000,1.81925311203
12806,17249,21007,4443,3758,2,36000,2.18227780734
12892,22341,22516,9449,175,1,3600,54.9942857143
12894,17293,22248,4399,4955,2,36000,1.887790111
12915,17465,22325,4550,4860,2,36000,1.93621399177
13208,17552,22936,4344,5384,2,36000,1.80683506686
13251,17699,22968,4448,5269,2,36000,1.84418295692
13275,17882,23472,4607,5590,2,36000,1.82415026834
13531,18223,24237,4692,6014,2,36000,1.78017958098
13700,18338,24184,4638,5846,2,36000,1.79336298324
13743,18439,24631,4696,6192,2,36000,1.75839793282
13857,18533,22004,4676,3471,2,36000,2.34716220109
13909,18545,23245,4636,4700,2,36000,1.98638297872
13933,18566,22828,4633,4262,2,36000,2.08704833412
14133,18613,22958,4480,4345,2,36000,2.03107019563
14211,18856,24436,4645,5580,2,36000,1.83243727599
14311,18975,25057,4664,6082,2,36000,1.76685300888
14395,19242,23509,4847,4267,2,36000,2.13592688071
14533,19365,23234,4832,3869,2,36000,2.24890152494
14548,19408,24575,4860,5167,2,36000,1.94058447842
14566,19420,24551,4854,5131,2,36000,1.94601442214
14602,19505,24898,4903,5393,2,36000,1.9091414797
14647,19553,24258,4906,4705,2,36000,2.0427205101
14674,19667,25434,4993,5767,2,36000,1.86578810473
14708,19720,25532,5012,5812,2,36000,1.86235375086
15039,19750,25003,4711,5253,2,36000,1.89682086427
15617,19874,23630,4257,3756,2,36000,2.13338658147
15657,19938,25168,4281,5230,2,36000,1.81854684512
15835,20193,25772,4358,5579,2,36000,1.78114357412
15862,20215,26533,4353,6318,2,36000,1.68898385565
15951,20325,23616,4374,3291,2,36000,2.3290793072
15952,20431,26956,4479,6525,2,36000,1.68643678161
16025,20551,26225,4526,5674,2,36000,1.79767359887
16137,20583,26547,4446,5964,2,36000,1.74547283702
16138,20737,27052,4599,6315,2,36000,1.72826603325
16300,20928,26577,4628,5649,2,36000,1.81926004603
16500,20943,25885,4443,4942,2,36000,1.89902873331
16558,22517,22638,5959,121,1,1800,50.2479338843
16630,21018,24178,4388,3160,2,36000,2.38860759494
16645,21048,26196,4403,5148,2,36000,1.85528360528
16696,21573,25370,4877,3797,2,36000,2.28443508033
16884,21777,27274,4893,5497,2,36000,1.89012188466
17071,21939,27564,4868,5625,2,36000,1.86542222222
17195,22015,26087,4820,4072,2,36000,2.1836935167
17240,22195,27711,4955,5516,2,36000,1.89829586657
17283,22259,26148,4976,3889,2,36000,2.27950629982
17455,22359,27685,4904,5326,2,36000,1.92076605332
17543,22408,28030,4865,5622,2,36000,1.86535040911
17687,22806,27722,5119,4916,2,36000,2.04129373474
17872,22839,28230,4967,5391,2,36000,1.92135039881
18214,22948,27359,4734,4411,2,36000,2.07322602584
18328,22969,28303,4641,5334,2,36000,1.87007874016
18428,22979,26375,4551,3396,2,36000,2.34010600707
18521,23241,28990,4720,5749,2,36000,1.82101234997
18537,23247,29303,4710,6056,2,36000,1.77774108322
18555,23256,27211,4701,3955,2,36000,2.18862199747
18603,23484,28624,4881,5140,2,36000,1.94961089494
18846,23520,28619,4674,5099,2,36000,1.91665032359
18964,23628,28635,4664,5007,2,36000,1.93149590573
19230,23642,28662,4412,5020,2,36000,1.87888446215
19354,24189,29977,4835,5788,2,36000,1.83534899793
19396,24195,29368,4799,5173,2,36000,1.92770152716
19411,24269,30031,4858,5762,2,36000,1.84311003124
19494,24447,27663,4953,3216,2,36000,2.5401119403
19545,24563,28266,5018,3703,2,36000,2.35511747232
19657,24586,30091,4929,5505,2,36000,1.89536784741
19711,24642,30174,4931,5532,2,36000,1.8913593637
19738,24909,30200,5171,5291,2,36000,1.97731997732
19863,25014,30504,5151,5490,2,36000,1.93825136612
19928,25068,30646,5140,5578,2,36000,1.92147723198
20184,25179,30812,4995,5633,2,36000,1.88673886029
20203,25381,31969,5178,6588,2,36000,1.78597449909
20241,22527,22641,2286,114,1,1800,21.0526315789
20315,25445,30503,5130,5058,2,36000,2.01423487544
20421,25543,28943,5122,3400,2,36000,2.50647058824
20542,25896,29418,5354,3522,2,36000,2.52015900057
20572,26099,32282,5527,6183,2,36000,1.89390263626
20726,26159,32055,5433,5896,2,36000,1.92147218453
20917,26208,31165,5291,4957,2,36000,2.06737946339
20936,26237,30800,5301,4563,2,36000,2.1617357002
21008,26386,31857,5378,5471,2,36000,1.98300127947
21038,26544,32912,5506,6368,2,36000,1.86463567839
21562,26558,33946,4996,7388,2,36000,1.67623172713
21768,26588,31650,4820,5062,2,36000,1.95219280917
21928,26968,31032,5040,4064,2,36000,2.24015748031
22004,27063,31855,5059,4792,2,36000,2.05571786311
22185,27222,30568,5037,3346,2,36000,2.50537955768
22249,27286,31035,5037,3749,2,36000,2.34355828221
22325,27375,32717,5050,5342,2,36000,1.94533882441
22349,27575,32948,5226,5373,2,36000,1.97264098269
22398,27674,33273,5276,5599,2,36000,1.94231112699
22626,27696,31715,5070,4019,2,36000,2.26150783777
22673,22680,23028,7,348,1,3600,1.02011494253
22686,22692,23036,6,344,1,3600,1.01744186047
22797,27722,32989,4925,5267,2,36000,1.9350674008
22830,27734,31236,4904,3502,2,36000,2.40034266134
22936,22942,23056,6,114,1,1800,1.05263157895
22936,28041,33235,5105,5194,2,36000,1.98286484405
22957,22963,23080,6,117,1,1800,1.05128205128
22960,28241,33602,5281,5361,2,36000,1.98507741093
22975,28277,32944,5302,4667,2,36000,2.13606170988
23231,28315,34186,5084,5871,2,36000,1.86595128598
23247,28630,33043,5383,4413,2,36000,2.21980512123
23248,28636,35043,5388,6407,2,36000,1.84095520524
23344,23350,24172,6,822,1,3600,1.00729927007
23346,23356,24178,10,822,1,3600,1.01216545012
23473,28647,33816,5174,5169,2,36000,2.00096730509
23510,28673,32029,5163,3356,2,36000,2.5384386174
23618,28954,34200,5336,5246,2,36000,2.01715592833
23634,29001,34113,5367,5112,2,36000,2.04988262911
23672,23678,24181,6,503,1,1800,1.01192842942
23742,23748,24297,6,549,1,1800,1.01092896175
24178,29314,35008,5136,5694,2,36000,1.90200210748
24195,29379,32994,5184,3615,2,36000,2.43402489627
24239,29429,33740,5190,4311,2,36000,2.20389700765
24257,29988,35444,5731,5456,2,36000,2.05040322581
24438,30042,34802,5604,4760,2,36000,2.17731092437
24552,30103,35753,5551,5650,2,36000,1.98247787611
24577,30185,35945,5608,5760,2,36000,1.97361111111
24631,30211,35655,5580,5444,2,36000,2.02498163115
24902,30514,33894,5612,3380,2,36000,2.66035502959
25005,30520,34033,5515,3513,2,36000,2.56988329063
25061,30579,35626,5518,5047,2,36000,2.093322766
25169,30657,33987,5488,3330,2,36000,2.64804804805
25336,25342,25454,6,112,1,3600,1.05357142857
25338,25348,25459,10,111,1,3600,1.09009009009
25371,30811,35722,5440,4911,2,36000,2.10771736917
25436,30823,35676,5387,4853,2,36000,2.11003502988
25534,31043,35578,5509,4535,2,36000,2.21477398015
25622,25628,25982,6,354,1,3600,1.01694915254
25625,25634,25982,9,348,1,3600,1.02586206897
25765,25771,25817,6,46,1,1800,1.13043478261
25774,31049,34049,5275,3000,2,36000,2.75833333333
25887,31176,34515,5289,3339,2,36000,2.58400718778
25963,25969,26021,6,52,1,1800,1.11538461538
26090,31247,36224,5157,4977,2,36000,2.03616636528
26119,26126,26208,7,82,1,1800,1.08536585366
26148,31661,36445,5513,4784,2,36000,2.15238294314
26197,31726,37396,5529,5670,2,36000,1.97513227513
26227,31866,35773,5639,3907,2,36000,2.44330688508
26347,26354,26433,7,79,1,1800,1.08860759494
26378,31872,36581,5494,4709,2,36000,2.16670205989
26403,26409,27020,6,611,1,3600,1.00981996727
26406,26415,27032,9,617,1,3600,1.01458670989
26537,31980,37271,5443,5291,2,36000,2.02872802873
26552,32041,35842,5489,3801,2,36000,2.44409365956
26579,32066,37116,5487,5050,2,36000,2.08653465347
26957,32293,35716,5336,3423,2,36000,2.55886649138
27024,27030,27306,6,276,1,1800,1.02173913043
27055,32728,37860,5673,5132,2,36000,2.10541699143
27212,32923,37093,5711,4170,2,36000,2.36954436451
27276,32955,35933,5679,2978,2,36000,2.90698455339
27359,32961,39221,5602,6260,2,36000,1.89488817891
27363,27369,27655,6,286,1,1800,1.02097902098
27564,33000,36603,5436,3603,2,36000,2.5087427144
27664,33006,37852,5342,4846,2,36000,2.10235245563
27688,33054,38051,5366,4997,2,36000,2.07384430658
27713,33246,37984,5533,4738,2,36000,2.16779231743
27728,33284,36407,5556,3123,2,36000,2.7790585975
28030,33613,36698,5583,3085,2,36000,2.80972447326
28227,33751,38770,5524,5019,2,36000,2.10061765292
28266,33827,39844,5561,6017,2,36000,1.92421472495
28306,33905,39650,5599,5745,2,36000,1.97458659704
28620,33958,37956,5338,3998,2,36000,2.33516758379
28635,33998,37246,5363,3248,2,36000,2.65116995074
28637,34044,39197,5407,5153,2,36000,2.04929167475
28664,34061,39220,5397,5159,2,36000,2.04613297151
28943,34124,39391,5181,5267,2,36000,1.9836719195
28991,34198,39896,5207,5698,2,36000,1.91382941383
29303,34211,39276,4908,5065,2,36000,1.9690029615
29369,34526,40282,5157,5756,2,36000,1.89593467686
29421,34814,41346,5393,6532,2,36000,1.82562767912
29979,35019,38682,5040,3663,2,36000,2.37592137592
30031,35054,40511,5023,5457,2,36000,1.92046912223
30092,35455,40569,5363,5114,2,36000,2.04868987094
30173,35589,39980,5416,4391,2,36000,2.23343202004
30200,35637,38997,5437,3360,2,36000,2.6181547619
30506,35666,41011,5160,5345,2,36000,1.96538821328
30507,35687,40860,5180,5173,2,36000,2.00135317997
30542,30549,35249,7,4700,8,25200,1.0014893617
30568,35728,41118,5160,5390,2,36000,1.9573283859
30647,35734,39118,5087,3384,2,36000,2.50325059102
30801,35765,39155,4964,3390,2,36000,2.46430678466
30816,35784,40673,4968,4889,2,36000,2.01615872367
31033,35853,41473,4820,5620,2,36000,1.85765124555
31048,35944,41805,4896,5861,2,36000,1.83535232895
31163,35956,40036,4793,4080,2,36000,2.17475490196
31240,36235,40469,4995,4234,2,36000,2.17973547473
31651,36418,41408,4767,4990,2,36000,1.95531062124
31718,36456,42531,4738,6075,2,36000,1.77991769547
31855,36592,41522,4737,4930,2,36000,1.96085192698
31856,36614,40421,4758,3807,2,36000,2.24980299448
31972,36697,39904,4725,3207,2,36000,2.47333956969
32029,36702,42050,4673,5348,2,36000,1.87378459237
32057,36719,41871,4662,5152,2,36000,1.90489130435
32281,37104,42265,4823,5161,2,36000,1.93450881612
32718,36708,42136,3990,5428,2,36000,1.73507737657
32912,36713,42093,3801,5380,2,36000,1.70650557621
32943,37127,41050,4184,3923,2,36000,2.06653071629
32958,37257,42720,4299,5463,2,36000,1.7869302581
32991,37282,43280,4291,5998,2,36000,1.71540513505
33006,37407,43355,4401,5948,2,36000,1.73991257566
33046,37863,43317,4817,5454,2,36000,1.88320498717
33235,37871,43002,4636,5131,2,36000,1.90352757747
33275,37967,43117,4692,5150,2,36000,1.91106796117
33604,37995,41737,4391,3742,2,36000,2.17343666489
33740,38062,43300,4322,5238,2,36000,1.82512409317
33816,38693,42297,4877,3604,2,36000,2.35321864595
33895,38781,43355,4886,4574,2,36000,2.06821163096
33946,39009,43355,5063,4346,2,36000,2.1649792913
33989,39130,43355,5141,4225,2,36000,2.21680473373
34034,39167,42972,5133,3805,2,36000,2.34901445466
34049,39208,43355,5159,4147,2,36000,2.24403183024
34116,39231,43355,5115,4124,2,36000,2.24030067895
34188,39237,43355,5049,4118,2,36000,2.22608062166
34204,39288,43355,5084,4067,2,36000,2.25006147037
34515,39403,43355,4888,3952,2,36000,2.23684210526
34802,39661,43355,4859,3694,2,36000,2.31537628587
35008,39855,43355,4847,3500,2,36000,2.38485714286
35044,39907,43355,4863,3448,2,36000,2.41038283063
38427,55583,63877,17156,8294,32,57600,3.0684832409
39290,39915,43355,625,3440,2,36000,1.18168604651
39394,39992,43355,598,3363,2,36000,1.17781742492
39651,40048,43355,397,3307,2,36000,1.12004838222
39844,40293,43355,449,3062,2,36000,1.1466361855
39898,40432,43355,534,2923,2,36000,1.18268901813
39913,40480,43355,567,2875,2,36000,1.1972173913
39983,40522,43355,539,2833,2,36000,1.19025767737
40038,40580,43355,542,2775,2,36000,1.19531531532
40283,40684,43359,401,2675,2,36000,1.14990654206
40421,40871,43359,450,2488,2,36000,1.1808681672
40470,41022,43359,552,2337,2,36000,1.23620025674
40512,41061,43359,549,2298,2,36000,1.23890339426
40570,41129,43359,559,2230,2,36000,1.25067264574
40673,41357,43359,684,2002,2,36000,1.34165834166
40860,41419,43359,559,1940,2,36000,1.2881443299
41012,41484,43359,472,1875,2,36000,1.25173333333
41051,41533,43359,482,1826,2,36000,1.26396495071
41118,41748,43359,630,1611,2,36000,1.39106145251
41345,41816,43359,471,1543,2,36000,1.30524951393
41409,41882,43359,473,1477,2,36000,1.32024373731
41473,42061,43359,588,1298,2,36000,1.4530046225
41524,42104,43359,580,1255,2,36000,1.46215139442
41739,42147,43359,408,1212,2,36000,1.33663366337
41805,42276,43359,471,1083,2,36000,1.43490304709
41872,42309,43359,437,1050,2,36000,1.41619047619
42050,42542,43359,492,817,2,36000,1.60220318237
42093,42731,43359,638,628,2,36000,2.01592356688
42135,42983,43359,848,376,2,36000,3.25531914894
42265,43013,43359,748,346,2,36000,3.16184971098
42298,43128,43359,830,231,2,36000,4.59307359307
42534,43291,43359,757,68,2,36000,12.1323529412
42722,43311,43359,589,48,2,36000,13.2708333333
42973,43329,43359,356,30,2,36000,12.8666666667
43392,43398,46697,6,3299,2,36000,1.00181873295
43394,43404,46913,10,3509,2,36000,1.00284981476
43395,43409,47593,14,4184,2,36000,1.00334608031
43396,43414,47531,18,4117,2,36000,1.00437211562
43398,43419,47245,21,3826,2,36000,1.00548876111
43399,43426,46966,27,3540,2,36000,1.00762711864
43401,43431,47006,30,3575,2,36000,1.00839160839
43403,43436,47222,33,3786,2,36000,1.0087163233
43404,43441,46854,37,3413,2,36000,1.01084090243
43406,43447,47459,41,4012,2,36000,1.01021934197
43407,43452,46743,45,3291,2,36000,1.01367365542
43408,43457,47253,49,3796,2,36000,1.01290832455
43410,43462,47790,52,4328,2,36000,1.01201478743
43411,43467,47668,56,4201,2,36000,1.01333015949
43413,43473,47203,60,3730,2,36000,1.01608579088
43414,43478,46876,64,3398,2,36000,1.01883460859
43415,43483,46495,68,3012,2,36000,1.02257636122
43417,43488,46912,71,3424,2,36000,1.02073598131
43418,43493,48215,75,4722,2,36000,1.01588310038
43419,43499,47239,80,3740,2,36000,1.02139037433
43421,43504,47376,83,3872,2,36000,1.02143595041
43422,43510,47437,88,3927,2,36000,1.02240896359
43423,43515,46834,92,3319,2,36000,1.02771919253
43425,43520,47692,95,4172,2,36000,1.02277085331
43426,43525,46869,99,3344,2,36000,1.02960526316
43428,43531,47257,103,3726,2,36000,1.02764358561
43429,43536,47618,107,4082,2,36000,1.02621264086
43430,43541,46818,111,3277,2,36000,1.03387244431
43432,43546,47434,114,3888,2,36000,1.02932098765
43433,43551,46533,118,2982,2,36000,1.03957075788
43434,43557,47065,123,3508,2,36000,1.0350627138
43436,43562,46807,126,3245,2,36000,1.03882896764
43437,43567,47331,130,3764,2,36000,1.03453772582
43439,43572,46845,133,3273,2,36000,1.0406355026
43440,43577,48471,137,4894,2,36000,1.02799346138
43441,43582,47446,141,3864,2,36000,1.03649068323
43443,43588,47654,145,4066,2,36000,1.03566158387
43444,43593,49269,149,5676,2,36000,1.0262508809
43445,43598,47809,153,4211,2,36000,1.03633341249
43447,43603,47511,156,3908,2,36000,1.03991811668
43448,43608,49172,160,5564,2,36000,1.02875629044
43450,43614,48318,164,4704,2,36000,1.03486394558
43451,43619,48275,168,4656,2,36000,1.03608247423
43453,43624,47129,171,3505,2,36000,1.0487874465
43454,43629,47168,175,3539,2,36000,1.04944899689
43455,46507,50786,3052,4279,2,36000,1.71325075952
43457,46544,49895,3087,3351,2,36000,1.921217547
43458,46708,50453,3250,3745,2,36000,1.86782376502
43459,46755,50625,3296,3870,2,36000,1.85167958656
43461,46818,49923,3357,3105,2,36000,2.08115942029
46496,46829,49810,333,2981,2,36000,1.11170748071
46535,46845,50407,310,3562,2,36000,1.08702975856
46698,46856,51183,158,4327,2,36000,1.0365149064
46743,46865,50851,122,3986,2,36000,1.03060712494
46809,46880,51110,71,4230,2,36000,1.01678486998
46824,46887,50890,63,4003,2,36000,1.01573819635
46839,46923,50709,84,3786,2,36000,1.02218700475
46854,46929,50747,75,3818,2,36000,1.01964379256
46855,46977,50177,122,3200,2,36000,1.038125
46870,47017,50168,147,3151,2,36000,1.04665185655
46885,47076,52306,191,5230,2,36000,1.03652007648
46912,47141,51611,229,4470,2,36000,1.05123042506
46914,47179,51211,265,4032,2,36000,1.06572420635
46965,47214,51803,249,4589,2,36000,1.0542601874
47007,47233,51396,226,4163,2,36000,1.05428777324
47067,47250,50644,183,3394,2,36000,1.05391868002
47131,47257,51411,126,4154,2,36000,1.03033220992
47167,47265,51906,98,4641,2,36000,1.02111613876
47203,47271,51805,68,4534,2,36000,1.01499779444
47224,47342,50974,118,3632,2,36000,1.03248898678
47239,47388,51287,149,3899,2,36000,1.0382149269
47254,47446,51322,192,3876,2,36000,1.04953560372
47256,47452,50877,196,3425,2,36000,1.05722627737
47271,47458,51719,187,4261,2,36000,1.04388641164
47331,47470,51572,139,4102,2,36000,1.03388590931
47377,47523,50435,146,2912,2,36000,1.05013736264
47434,47542,52134,108,4592,2,36000,1.02351916376
47450,47604,51412,154,3808,2,36000,1.04044117647
47451,47630,51505,179,3875,2,36000,1.04619354839
47466,47666,51149,200,3483,2,36000,1.05742176285
47511,47679,51161,168,3482,2,36000,1.04824813326
47532,47703,51321,171,3618,2,36000,1.04726368159
47592,47801,51559,209,3758,2,36000,1.05561468866
47619,47821,51396,202,3575,2,36000,1.0565034965
47655,48227,51367,572,3140,2,36000,1.1821656051
47670,48287,52269,617,3982,2,36000,1.15494726268
47691,48329,52425,638,4096,2,36000,1.15576171875
47791,48483,52135,692,3652,2,36000,1.18948521358
47812,49183,52425,1371,3242,2,36000,1.42288710672
48215,49280,52425,1065,3145,2,36000,1.3386327504
48275,49822,52425,1547,2603,2,36000,1.59431425279
48318,49906,52425,1588,2519,2,36000,1.63040889242
48472,49934,52425,1462,2491,2,36000,1.58691288639
49173,50179,52425,1006,2246,2,36000,1.44790739092
49270,50188,52425,918,2237,2,36000,1.41037103263
49809,50419,52425,610,2006,2,36000,1.30408773679
49897,50446,52425,549,1979,2,36000,1.27741283477
49924,50464,52425,540,1961,2,36000,1.27536970933
50168,50636,52430,468,1794,2,36000,1.26086956522
50183,50656,52430,473,1774,2,36000,1.26662908681
50409,50720,52430,311,1710,2,36000,1.18187134503
50436,50758,52430,322,1672,2,36000,1.19258373206
50454,50797,52430,343,1633,2,36000,1.21004286589
50626,50863,52430,237,1567,2,36000,1.15124441608
50648,50889,52430,241,1541,2,36000,1.15639195328
50711,50901,52430,190,1529,2,36000,1.12426422498
50747,50986,52430,239,1444,2,36000,1.16551246537
50786,51121,52430,335,1309,2,36000,1.25592055004
50853,51160,52430,307,1270,2,36000,1.24173228346
50877,51172,52430,295,1258,2,36000,1.23449920509
50892,51194,52430,302,1236,2,36000,1.24433656958
50977,51222,52430,245,1208,2,36000,1.20281456954
51109,51299,52430,190,1131,2,36000,1.16799292661
51148,51332,52430,184,1098,2,36000,1.16757741348
51164,51338,52430,174,1092,2,36000,1.15934065934
51184,51378,52430,194,1052,2,36000,1.18441064639
51211,51407,52430,196,1023,2,36000,1.19159335288
51287,51412,52430,125,1018,2,36000,1.12278978389
51321,51422,52430,101,1008,2,36000,1.1001984127
51335,51428,52430,93,1002,2,36000,1.09281437126
51368,51516,52431,148,915,2,36000,1.16174863388
51396,51570,52431,174,861,2,36000,1.20209059233
51397,51583,52431,186,848,2,36000,1.21933962264
51413,51623,52431,210,808,2,36000,1.2599009901
51414,51730,52431,316,701,2,36000,1.45078459344
51505,51815,52431,310,616,2,36000,1.50324675325
51559,51821,52431,262,610,2,36000,1.42950819672
51574,51917,52431,343,514,2,36000,1.6673151751
51613,52145,52431,532,286,2,36000,2.86013986014
51722,52151,52431,429,280,2,36000,2.53214285714
51804,52280,52431,476,151,2,36000,4.15231788079
51818,52317,52431,499,114,2,36000,5.37719298246
52530,52536,54060,6,1524,2,36000,1.00393700787
52531,52542,54060,11,1518,2,36000,1.00724637681
52533,52547,54060,14,1513,2,36000,1.00925313946
52534,52552,54060,18,1508,2,36000,1.01193633952
52535,52557,54060,22,1503,2,36000,1.01463739188
52536,52563,54060,27,1497,2,36000,1.01803607214
52538,52569,54060,31,1491,2,36000,1.02079141516
52539,52574,54060,35,1486,2,36000,1.02355316285
52540,52579,54060,39,1481,2,36000,1.02633355841
52542,52584,54060,42,1476,2,36000,1.02845528455
52543,52589,54060,46,1471,2,36000,1.03127124405
52544,52595,54060,51,1465,2,36000,1.03481228669
52546,52600,54060,54,1460,2,36000,1.03698630137
52547,52605,54060,58,1455,2,36000,1.03986254296
52548,52610,54060,62,1450,2,36000,1.04275862069
52550,52615,54060,65,1445,2,36000,1.04498269896
52551,52621,54060,70,1439,2,36000,1.04864489229
52553,52626,54060,73,1434,2,36000,1.05090655509
52554,52631,54060,77,1429,2,36000,1.05388383485
52555,52636,54060,81,1424,2,36000,1.05688202247
52557,52641,54060,84,1419,2,36000,1.05919661734
52558,52646,54060,88,1414,2,36000,1.06223479491
52559,52652,54060,93,1408,2,36000,1.06605113636
52561,52657,54060,96,1403,2,36000,1.06842480399
52562,52662,54060,100,1398,2,36000,1.07153075823
52563,52667,54060,104,1393,2,36000,1.07465900933
52565,52673,54060,108,1387,2,36000,1.07786589762
52566,52678,54060,112,1382,2,36000,1.08104196816
52567,52683,54060,116,1377,2,36000,1.08424110385
52569,52688,54060,119,1372,2,36000,1.08673469388
52570,52694,54060,124,1366,2,36000,1.09077598829
52571,52699,54060,128,1361,2,36000,1.09404849375
52573,52704,54060,131,1356,2,36000,1.09660766962
52574,52709,54060,135,1351,2,36000,1.09992598075
52575,52714,54060,139,1346,2,36000,1.10326894502
52577,52719,54060,142,1341,2,36000,1.10589112603
52578,52725,54060,147,1335,2,36000,1.11011235955
52579,52730,54060,151,1330,2,36000,1.11353383459
52581,52735,54060,154,1325,2,36000,1.11622641509
52582,52740,54060,158,1320,2,36000,1.1196969697
52583,52745,54060,162,1315,2,36000,1.12319391635
52585,52750,54060,165,1310,2,36000,1.12595419847
52586,52756,54060,170,1304,2,36000,1.13036809816
52587,52761,54060,174,1299,2,36000,1.13394919169
52589,52766,54060,177,1294,2,36000,1.13678516229
54429,54435,57559,6,3124,2,36000,1.0019206146
54430,54441,57783,11,3342,2,36000,1.00329144225
54432,54446,57838,14,3392,2,36000,1.00412735849
54433,54451,58035,18,3584,2,36000,1.00502232143
54434,54456,57416,22,2960,2,36000,1.00743243243
54436,54462,57747,26,3285,2,36000,1.00791476408
54437,54467,57663,30,3196,2,36000,1.00938673342
54438,54472,58052,34,3580,2,36000,1.0094972067
54440,54478,57625,38,3147,2,36000,1.01207499206
54441,54483,57964,42,3481,2,36000,1.01206549842
54442,54488,57666,46,3178,2,36000,1.01447451227
54444,54493,57896,49,3403,2,36000,1.01439905965
54445,54498,57934,53,3436,2,36000,1.01542491269
54447,54503,57732,56,3229,2,36000,1.0173428306
54448,54509,58136,61,3627,2,36000,1.01681830714
54449,54514,58218,65,3704,2,36000,1.01754859611
54451,54519,57664,68,3145,2,36000,1.02162162162
54452,54524,57849,72,3325,2,36000,1.02165413534
54453,54529,57822,76,3293,2,36000,1.02307925903
54455,54534,57862,79,3328,2,36000,1.02373798077
54456,54540,57821,84,3281,2,36000,1.02560195062
54457,54546,58312,89,3766,2,36000,1.02363250133
54459,54551,57754,92,3203,2,36000,1.02872307212
54460,54556,57604,96,3048,2,36000,1.03149606299
54461,54562,58076,101,3514,2,36000,1.02874217416
54463,54567,57537,104,2970,2,36000,1.03501683502
54464,54572,58448,108,3876,2,36000,1.02786377709
54465,54577,57602,112,3025,2,36000,1.03702479339
54467,54582,57898,115,3316,2,36000,1.03468033776
54468,54587,57569,119,2982,2,36000,1.03990610329
54469,54593,58163,124,3570,2,36000,1.03473389356
54471,54598,58154,127,3556,2,36000,1.03571428571
54472,54603,57689,131,3086,2,36000,1.04244977317
54473,54608,57859,135,3251,2,36000,1.0415256844
54474,54613,57494,139,2881,2,36000,1.04824713641
54476,54619,57796,143,3177,2,36000,1.04501101668
54477,54624,57458,147,2834,2,36000,1.0518701482
54478,54629,57716,151,3087,2,36000,1.04891480402
54480,54634,57865,154,3231,2,36000,1.04766326215
54481,54639,57814,158,3175,2,36000,1.04976377953
54482,54644,57994,162,3350,2,36000,1.04835820896
54484,54650,59205,166,4555,2,36000,1.03644346872
54485,54655,57885,170,3230,2,36000,1.05263157895
54486,54660,58160,174,3500,2,36000,1.04971428571
54488,54665,57852,177,3187,2,36000,1.05553812363
54489,55599,58371,1110,2772,2,36000,1.40043290043
54491,55604,58617,1113,3013,2,36000,1.36939926983
54492,55609,58659,1117,3050,2,36000,1.3662295082
54493,57427,61204,2934,3777,2,36000,1.77680698967
54495,57469,60916,2974,3447,2,36000,1.86277922831
54510,62012,65643,7502,3631,16,3600,3.0660974938
55683,55695,55699,12,4,1,900,1.6
55692,55710,55797,18,87,14,9960,1.20689655172
55731,55743,55748,12,5,1,900,1.7
55743,55760,55910,17,150,14,9960,1.11333333333
55796,55808,55814,12,6,1,900,1.8
55803,55825,55910,22,85,14,9960,1.25882352941
55907,56603,56608,696,5,1,900,70.1
55908,56608,56614,700,6,1,900,70.6
55914,55926,56076,12,150,14,9960,1.08
55914,55921,56005,7,84,14,9960,1.08333333333
56003,56614,56618,611,4,1,900,61.5
56009,56015,56104,6,89,14,9960,1.06741573034
56072,56619,56624,547,5,1,900,55.2
56078,56087,56225,9,138,14,9960,1.0652173913
56102,56624,56628,522,4,1,900,52.6
56109,56115,56203,6,88,14,9960,1.06818181818
56199,56629,56633,430,4,1,900,43.4
56207,56215,56301,8,86,14,9960,1.09302325581
56223,56635,56640,412,5,1,900,41.7
56231,56236,56393,5,157,14,9960,1.03184713376
56299,56640,56645,341,5,1,900,34.6
56306,56312,56404,6,92,14,9960,1.0652173913
56391,56645,56650,254,5,1,900,25.9
56397,56404,56534,7,130,14,9960,1.05384615385
56401,56650,56654,249,4,1,900,25.3
56409,56415,56499,6,84,14,9960,1.07142857143
56497,56655,56660,158,5,1,900,16.3
56503,56510,56592,7,82,14,9960,1.08536585366
56533,56661,56666,128,5,1,900,13.3
56540,56545,56683,5,138,14,9960,1.03623188406
56592,56666,56670,74,4,1,900,7.8
56598,56681,56768,83,87,14,9960,1.95402298851
56681,56839,56845,158,6,1,900,16.4
56687,56694,56828,7,134,14,9960,1.05223880597
56766,56844,56851,78,7,1,900,8.5
56773,56779,56866,6,87,14,9960,1.06896551724
56827,56849,56854,22,5,1,900,2.7
56835,56866,57000,31,134,14,9960,1.23134328358
56864,56877,56883,13,6,1,900,1.9
56872,56894,56983,22,89,14,9960,1.24719101124
56981,57288,57293,307,5,1,900,31.2
56989,56994,57080,5,86,14,9960,1.05813953488
56998,57293,57298,295,5,1,900,30.0
57005,57011,57148,6,137,14,9960,1.04379562044
57078,57298,57303,220,5,1,900,22.5
57085,57092,57178,7,86,14,9960,1.08139534884
57145,57304,57308,159,4,1,900,16.3
57152,57158,57308,6,150,14,9960,1.04
57176,57309,57313,133,4,1,900,13.7
57183,57188,57276,5,88,14,9960,1.05681818182
57274,57314,57317,40,3,1,900,4.3
57283,57320,57410,37,90,14,9960,1.41111111111
57306,57512,57518,206,6,1,900,21.2
57313,57329,57470,16,141,14,9960,1.1134751773
57408,57517,57522,109,5,1,900,11.4
57416,57421,57501,5,80,14,9960,1.0625
57418,57505,60743,87,3238,2,36000,1.02686843731
57460,57550,60675,90,3125,2,36000,1.0288
57467,57522,57528,55,6,1,900,6.1
57476,57481,57648,5,167,14,9960,1.02994011976
57496,57570,61079,74,3509,2,36000,1.02108862924
57501,57528,57533,27,5,1,900,3.2
57507,57544,57634,37,90,14,9960,1.41111111111
57538,57580,60708,42,3128,2,36000,1.01342710997
57561,57614,60660,53,3046,2,36000,1.01739986868
57576,57620,61090,44,3470,2,36000,1.01268011527
57603,57636,61026,33,3390,2,36000,1.00973451327
57618,57674,61111,56,3437,2,36000,1.01629327902
57632,57680,61094,48,3414,2,36000,1.01405975395
57633,57938,57945,305,7,1,900,31.2
57640,57647,57732,7,85,14,9960,1.08235294118
57643,57943,57949,300,6,1,900,30.6
57650,57660,57806,10,146,14,9960,1.06849315068
57666,57685,61009,19,3324,2,36000,1.00571600481
57667,57700,60983,33,3283,2,36000,1.01005178191
57668,57728,60988,60,3260,2,36000,1.01840490798
57689,57748,60926,59,3178,2,36000,1.01856513531
57716,57758,60954,42,3196,2,36000,1.01314142678
57730,57948,57953,218,5,1,900,22.3
57731,57765,61075,34,3310,2,36000,1.01027190332
57736,57742,57826,6,84,14,9960,1.07142857143
57749,57794,60873,45,3079,2,36000,1.01461513478
57763,57807,60961,44,3154,2,36000,1.013950539
57784,57825,61187,41,3362,2,36000,1.01219512195
57799,57832,61370,33,3538,2,36000,1.00932730356
57803,57954,57960,151,6,1,900,15.7
57810,57816,57960,6,144,14,9960,1.04166666667
57814,57843,61087,29,3244,2,36000,1.00893958076
57826,57959,57964,133,5,1,900,13.8
57829,57849,61188,20,3339,2,36000,1.00598981731
57830,57860,61246,30,3386,2,36000,1.00886001181
57832,57838,57927,6,89,14,9960,1.06741573034
57845,57866,61612,21,3746,2,36000,1.00560597971
57860,57872,61093,12,3221,2,36000,1.00372555107
57861,57878,61549,17,3671,2,36000,1.00463089077
57862,57883,61037,21,3154,2,36000,1.00665821179
57877,57897,60871,20,2974,2,36000,1.00672494956
57879,57907,61059,28,3152,2,36000,1.00888324873
57893,57913,61052,20,3139,2,36000,1.00637145588
57908,57970,61072,62,3102,2,36000,1.01998710509
57909,57981,61034,72,3053,2,36000,1.02358336063
57926,57964,57969,38,5,1,900,4.3
57933,58005,61383,72,3378,2,36000,1.02131438721
57934,57976,58070,42,94,14,9960,1.44680851064
57954,58143,58149,189,6,1,900,19.5
57961,57988,58132,27,144,14,9960,1.1875
57966,58046,61415,80,3369,2,36000,1.02374591867
57996,58064,61254,68,3190,2,36000,1.02131661442
58036,58087,61199,51,3112,2,36000,1.01638817481
58054,58159,62157,105,3998,2,36000,1.02626313157
58067,58148,58155,81,7,1,900,8.8
58074,58080,58164,6,84,14,9960,1.07142857143
58078,58165,61218,87,3053,2,36000,1.02849656076
58130,58153,58158,23,5,1,900,2.8
58138,58176,61461,38,3285,2,36000,1.01156773212
58138,58171,58322,33,151,14,9960,1.21854304636
58157,58187,61390,30,3203,2,36000,1.00936621917
58162,58685,58690,523,5,1,900,52.8
58169,58182,58272,13,90,14,9960,1.14444444444
58171,58229,61659,58,3430,2,36000,1.01690962099
58173,58324,61731,151,3407,2,36000,1.04432051658
58218,58381,61646,163,3265,2,36000,1.04992343032
58270,58690,58694,420,4,1,900,42.4
58278,58283,58371,5,88,14,9960,1.05681818182
58312,58460,61639,148,3179,2,36000,1.0465555206
58320,58695,58700,375,5,1,900,38.0
58326,58333,58478,7,145,14,9960,1.04827586207
58369,58701,58705,332,4,1,900,33.6
58370,58628,62001,258,3373,2,36000,1.07648977172
58376,58388,58480,12,92,14,9960,1.13043478261
58448,58670,61548,222,2878,2,36000,1.07713690063
58476,58706,58710,230,4,1,900,23.4
58478,58711,58714,233,3,1,900,23.6
58483,58489,58621,6,132,14,9960,1.04545454545
58484,58495,58580,11,85,14,9960,1.12941176471
58578,58716,58721,138,5,1,900,14.3
58586,58591,58674,5,83,14,9960,1.06024096386
58619,59216,62562,597,3346,2,36000,1.17842199641
58619,58721,58726,102,5,1,900,10.7
58626,58634,58763,8,129,14,9960,1.06201550388
58661,60671,64117,2010,3446,2,36000,1.58328496808
58673,58727,58730,54,3,1,900,5.7
58680,58741,58824,61,83,14,9960,1.73493975904
58762,58774,58779,12,5,1,900,1.7
58770,58791,59003,21,212,14,9960,1.09905660377
58822,59267,59273,445,6,1,900,45.1
58829,58835,58922,6,87,14,9960,1.06896551724
58920,59272,59277,352,5,1,900,35.7
58927,58933,59062,6,129,14,9960,1.04651162791
59000,59277,59283,277,6,1,900,28.3
59007,59014,59269,7,255,14,9960,1.02745098039
59061,59283,59287,222,4,1,900,22.6
59068,59073,59162,5,89,14,9960,1.05617977528
59160,59288,59292,128,4,1,900,13.2
59167,59173,59255,6,82,14,9960,1.07317073171
59208,60691,64305,1483,3614,2,36000,1.41034864416
59255,59293,59296,38,3,1,900,4.1
59262,59299,59378,37,79,14,9960,1.46835443038
59267,59386,59393,119,7,1,900,12.6
59274,59308,59523,34,215,14,9960,1.15813953488
59377,59405,59411,28,6,1,900,3.4
59384,59392,59479,8,87,14,9960,1.09195402299
59477,59483,59488,6,5,1,900,1.1
59484,59490,59576,6,86,14,9960,1.06976744186
59520,59527,59535,7,8,1,900,1.5
59528,59533,59754,5,221,14,9960,1.02262443439
59574,59580,59588,6,8,1,900,1.4
59581,59587,59671,6,84,14,9960,1.07142857143
59669,59675,59683,6,8,1,900,1.4
59675,59682,59767,7,85,14,9960,1.08235294118
59750,59757,59763,7,6,1,900,1.3
59759,59764,59993,5,229,14,9960,1.02183406114
59765,59774,59781,9,7,1,900,1.6
59772,59780,59868,8,88,14,9960,1.09090909091
59866,59873,59877,7,4,1,900,1.1
59873,59879,59962,6,83,14,9960,1.07228915663
59961,59967,59971,6,4,1,900,1.0
59967,59973,60057,6,84,14,9960,1.07142857143
59991,59997,60002,6,5,1,900,1.1
59997,60004,60209,7,205,14,9960,1.03414634146
60057,60063,60068,6,5,1,900,1.1
60064,60069,60163,5,94,14,9960,1.05319148936
60157,60163,60167,6,4,1,900,1.0
60163,60175,60260,12,85,14,9960,1.14117647059
60207,60213,60220,6,7,1,900,1.3
60214,60220,60453,6,233,14,9960,1.02575107296
60258,60264,60269,6,5,1,900,1.1
60265,60270,60356,5,86,14,9960,1.05813953488
60355,60361,60365,6,4,1,900,1.0
60362,60368,60453,6,85,14,9960,1.07058823529
60451,60476,60482,25,6,1,900,3.1
60451,60457,60462,6,5,1,900,1.1
60458,60465,60675,7,210,14,9960,1.03333333333
60458,60470,60608,12,138,14,9960,1.08695652174
60474,60493,115856,19,55363,1,57600,1.00034318949
60601,61748,61753,1147,5,1,900,115.2
60608,60619,60831,11,212,14,9960,1.05188679245
60665,60719,63999,54,3280,2,36000,1.01646341463
60673,61753,61758,1080,5,1,900,108.5
60679,60755,63854,76,3099,2,36000,1.02452404001
60681,60686,60770,5,84,14,9960,1.05952380952
60709,60884,64148,175,3264,2,36000,1.05361519608
60745,60889,64237,144,3348,2,36000,1.04301075269
60768,61759,61763,991,4,1,900,99.5
60774,60780,60867,6,87,14,9960,1.06896551724
60829,61764,61768,935,4,1,900,93.9
60837,60878,61063,41,185,14,9960,1.22162162162
60867,61769,61774,902,5,1,900,90.7
60872,60928,64063,56,3135,2,36000,1.01786283892
60872,61076,61163,204,87,14,9960,3.34482758621
60886,60937,64531,51,3594,2,36000,1.0141903172
60916,60965,64025,49,3060,2,36000,1.0160130719
60931,60972,64596,41,3624,2,36000,1.01131346578
60955,60994,64756,39,3762,2,36000,1.01036682616
60970,61000,64266,30,3266,2,36000,1.00918554807
60984,61020,64075,36,3055,2,36000,1.01178396072
60999,61037,64131,38,3094,2,36000,1.01228183581
61014,61045,64024,31,2979,2,36000,1.01040617657
61028,61051,64268,23,3217,2,36000,1.00714951818
61043,61062,64362,19,3300,2,36000,1.00575757576
61044,61070,64773,26,3703,2,36000,1.00702133405
61057,61774,61778,717,4,1,900,72.1
61059,61086,64132,27,3046,2,36000,1.00886408404
61060,61091,64240,31,3149,2,36000,1.00984439505
61064,61175,61400,111,225,14,9960,1.49333333333
61075,61097,64237,22,3140,2,36000,1.00700636943
61076,61103,64950,27,3847,2,36000,1.00701845594
61091,61108,64114,17,3006,2,36000,1.00565535595
61093,61114,64134,21,3020,2,36000,1.00695364238
61094,61119,64421,25,3302,2,36000,1.00757116899
61109,61125,64204,16,3079,2,36000,1.00519649237
61110,61199,64353,89,3154,2,36000,1.0282181357
61125,61204,64114,79,2910,2,36000,1.02714776632
61188,61210,65150,22,3940,2,36000,1.00558375635
61189,61216,64737,27,3521,2,36000,1.00766827606
61204,61229,64142,25,2913,2,36000,1.00858221765
61206,61257,64925,51,3668,2,36000,1.0139040349
61220,61265,64267,45,3002,2,36000,1.01499000666
61247,61381,65265,134,3884,2,36000,1.03450051493
61262,61394,64829,132,3435,2,36000,1.0384279476
61372,61401,64622,29,3221,2,36000,1.00900341509
61387,61426,64904,39,3478,2,36000,1.011213341
61395,61785,61789,390,4,1,900,39.4
61401,61472,64580,71,3108,2,36000,1.02284427284
61402,61412,61622,10,210,14,9960,1.04761904762
61416,61559,65167,143,3608,2,36000,1.03963414634
61462,61565,65126,103,3561,2,36000,1.02892445942
61550,61623,64925,73,3302,2,36000,1.02210781345
61552,61650,65040,98,3390,2,36000,1.02890855457
61612,61657,65048,45,3391,2,36000,1.0132704217
61620,61790,61795,170,5,1,900,17.5
61627,61633,61892,6,259,14,9960,1.02316602317
61639,61670,64481,31,2811,2,36000,1.01102810388
61654,61742,64985,88,3243,2,36000,1.02713536849
61669,62070,65097,401,3027,2,36000,1.13247439709
61732,62075,65104,343,3029,2,36000,1.11323869264
61889,61895,61902,6,7,1,900,1.3
61896,61903,62059,7,156,14,9960,1.04487179487
62001,62080,65501,79,3421,2,36000,1.02309266296
62057,62085,62090,28,5,1,900,3.3
62066,63888,64064,1822,176,14,9960,11.3522727273
62158,62168,65479,10,3311,2,36000,1.00302023558
62564,62573,65724,9,3151,2,36000,1.00285623612
63855,63865,67550,10,3685,2,36000,1.00271370421
64000,64006,67242,6,3236,2,36000,1.00185414091
64024,64030,67272,6,3242,2,36000,1.00185070944
64038,64045,67202,7,3157,2,36000,1.0022172949
64062,64068,66955,6,2887,2,36000,1.00207828195
64062,64073,64078,11,5,1,900,1.6
64069,64079,64293,10,214,14,9960,1.04672897196
64077,64085,67184,8,3099,2,36000,1.0025814779
64114,64120,67656,6,3536,2,36000,1.00169683258
64115,64126,67244,11,3118,2,36000,1.0035279025
64131,64137,67624,6,3487,2,36000,1.0017206768
64132,64143,67927,11,3784,2,36000,1.00290697674
64147,64153,67171,6,3018,2,36000,1.00198807157
64149,64159,67276,10,3117,2,36000,1.00320821303
64150,64164,67543,14,3379,2,36000,1.00414323764
64165,64171,67406,6,3235,2,36000,1.00185471406
64204,64210,67183,6,2973,2,36000,1.00201816347
64237,64243,66960,6,2717,2,36000,1.002208318
64239,64249,67714,10,3465,2,36000,1.00288600289
64253,64260,67547,7,3287,2,36000,1.00212960146
64268,64274,67299,6,3025,2,36000,1.00198347107
64270,64280,67788,10,3508,2,36000,1.00285062714
64271,64286,67362,15,3076,2,36000,1.00487646294
64291,64365,64369,74,4,1,900,7.8
64299,64305,64519,6,214,14,9960,1.02803738318
64307,64313,67501,6,3188,2,36000,1.00188205772
64353,64359,67525,6,3166,2,36000,1.00189513582
64368,64373,67483,5,3110,2,36000,1.00160771704
64422,64429,67459,7,3030,2,36000,1.00231023102
64484,64490,67756,6,3266,2,36000,1.00183710961
64517,64918,64922,401,4,1,900,40.5
64525,64531,64679,6,148,14,9960,1.04054054054
64532,64538,68249,6,3711,2,36000,1.00161681487
64581,64587,67694,6,3107,2,36000,1.00193112327
64599,64605,68166,6,3561,2,36000,1.00168491997
64623,64629,67686,6,3057,2,36000,1.00196270854
64677,64923,64927,246,4,1,900,25.0
64683,64689,64848,6,159,14,9960,1.03773584906
64738,64744,67514,6,2770,2,36000,1.00216606498
64756,64762,67673,6,2911,2,36000,1.00206114737
64774,64780,67782,6,3002,2,36000,1.00199866755
64829,64836,68756,7,3920,2,36000,1.00178571429
64846,64944,64949,98,5,1,900,10.3
64853,64859,65032,6,173,14,9960,1.03468208092
64906,64912,68290,6,3378,2,36000,1.00177619893
64927,64933,68385,6,3452,2,36000,1.00173812283
64928,64939,68096,11,3157,2,36000,1.00348432056
64953,64959,67988,6,3029,2,36000,1.00198085177
64986,64992,68013,6,3021,2,36000,1.00198609732
65030,65036,65039,6,3,1,900,1.0
65038,65044,65195,6,151,14,9960,1.03973509934
65041,65050,68523,9,3473,2,36000,1.00259141952
65056,65062,68276,6,3214,2,36000,1.00186683261
65099,65105,68475,6,3370,2,36000,1.00178041543
65114,65120,68479,6,3359,2,36000,1.00178624591
65128,65134,68151,6,3017,2,36000,1.00198873053
65149,65155,68726,6,3571,2,36000,1.00168020162
65167,65174,68581,7,3407,2,36000,1.00205459348
65193,65199,65203,6,4,1,900,1.0
65201,65206,65366,5,160,14,9960,1.03125
65265,65272,68434,7,3162,2,36000,1.00221378874
65365,65371,65377,6,6,1,900,1.2
65372,65378,65546,6,168,14,9960,1.03571428571
65480,65486,68684,6,3198,2,36000,1.00187617261
65501,65507,68793,6,3286,2,36000,1.00182592818
65544,65550,65556,6,6,1,900,1.2
65551,65557,65726,6,169,14,9960,1.03550295858
65724,65735,65740,11,5,1,900,1.6
65724,65730,69099,6,3369,2,36000,1.0017809439
65731,65741,65911,10,170,14,9960,1.05882352941
65909,65915,65919,6,4,1,900,1.0
65916,65922,66066,6,144,14,9960,1.04166666667
66059,66066,66069,7,3,1,900,1.0
66067,66073,66215,6,142,14,9960,1.04225352113
66213,66219,66224,6,5,1,900,1.1
66220,66226,66381,6,155,14,9960,1.03870967742
66374,66380,66386,6,6,1,900,1.2
66381,66387,66559,6,172,14,9960,1.03488372093
66515,66579,69105,64,2526,32,57600,1.0253365004
66557,66563,66568,6,5,1,900,1.1
66565,67257,67421,692,164,14,9960,5.21951219512
66961,66967,70794,6,3827,2,36000,1.00156780768
66962,66973,70050,11,3077,2,36000,1.00357491063
67171,67177,70375,6,3198,2,36000,1.00187617261
67186,67192,70929,6,3737,2,36000,1.00160556596
67187,67198,70424,11,3226,2,36000,1.00340979541
67202,67208,70338,6,3130,2,36000,1.00191693291
67245,67251,70717,6,3466,2,36000,1.00173110214
67247,67262,70283,15,3021,2,36000,1.0049652433
67274,67280,70208,6,2928,2,36000,1.00204918033
67289,67295,70924,6,3629,2,36000,1.00165334803
67304,67310,70454,6,3144,2,36000,1.00190839695
67364,67371,70529,7,3158,2,36000,1.00221659278
67407,67413,70703,6,3290,2,36000,1.00182370821
67419,67425,67432,6,7,1,900,1.3
67426,67432,67605,6,173,14,9960,1.03468208092
67462,67468,70502,6,3034,2,36000,1.00197758734
67484,67490,70909,6,3419,2,36000,1.00175489909
67502,67508,70775,6,3267,2,36000,1.00183654729
67517,67523,70539,6,3016,2,36000,1.00198938992
67532,67538,70694,6,3156,2,36000,1.00190114068
67547,67553,70916,6,3363,2,36000,1.00178412132
67548,67559,70862,11,3303,2,36000,1.00333030578
67563,67569,70844,6,3275,2,36000,1.00183206107
67602,67636,67641,34,5,1,900,3.9
67610,67616,67792,6,176,14,9960,1.03409090909
67624,67630,70733,6,3103,2,36000,1.00193361263
67657,67663,71073,6,3410,2,36000,1.00175953079
67675,67681,70962,6,3281,2,36000,1.00182871076
67690,67696,71111,6,3415,2,36000,1.00175695461
67705,67711,70913,6,3202,2,36000,1.00187382886
67720,67726,70589,6,2863,2,36000,1.00209570381
67757,67763,70879,6,3116,2,36000,1.00192554557
67784,67790,71349,6,3559,2,36000,1.00168586682
67788,67815,67820,27,5,1,900,3.2
67795,67803,67970,8,167,14,9960,1.04790419162
67799,67809,70908,10,3099,2,36000,1.00322684737
67927,67933,70964,6,3031,2,36000,1.0019795447
67968,67975,67980,7,5,1,900,1.2
67975,67981,68144,6,163,14,9960,1.03680981595
67989,67995,71921,6,3926,2,36000,1.00152827305
68016,68022,71440,6,3418,2,36000,1.00175541252
68098,68105,71333,7,3228,2,36000,1.0021685254
68142,68148,68153,6,5,1,900,1.1
68149,68154,68320,5,166,14,9960,1.03012048193
68153,68161,71547,8,3386,2,36000,1.00236266982
68168,68174,71693,6,3519,2,36000,1.00170502984
68250,68256,71948,6,3692,2,36000,1.00162513543
68277,68283,71300,6,3017,2,36000,1.00198873053
68292,68298,71566,6,3268,2,36000,1.00183598531
68316,68322,68327,6,5,1,900,1.1
68323,68329,68498,6,169,14,9960,1.03550295858
68387,68393,71423,6,3030,2,36000,1.00198019802
68436,68442,71538,6,3096,2,36000,1.0019379845
68476,68482,72512,6,4030,2,36000,1.00148883375
68491,68497,71798,6,3301,2,36000,1.00181763102
68494,68503,68509,9,6,1,900,1.5
68502,68509,68679,7,170,14,9960,1.04117647059
68524,68531,71891,7,3360,2,36000,1.00208333333
68582,68588,72057,6,3469,2,36000,1.00172960507
68679,68685,68690,6,5,1,900,1.1
68685,68691,68854,6,163,14,9960,1.03680981595
68685,68697,71887,12,3190,2,36000,1.00376175549
68728,68734,71765,6,3031,2,36000,1.0019795447
68758,68765,72249,7,3484,2,36000,1.00200918485
68795,68801,71951,6,3150,2,36000,1.0019047619
68852,68858,68865,6,7,1,900,1.3
68859,68865,69016,6,151,14,9960,1.03973509934
69014,69020,69026,6,6,1,900,1.2
69021,69027,69194,6,167,14,9960,1.03592814371
69102,69108,72437,6,3329,2,36000,1.00180234305
69191,69197,69202,6,5,1,900,1.1
69199,69204,69371,5,167,14,9960,1.02994011976
69369,69376,69382,7,6,1,900,1.3
69377,69383,69520,6,137,14,9960,1.04379562044
69421,69427,71841,6,2414,32,57600,1.00248550124
69518,69524,69528,6,4,1,900,1.0
69525,69530,69703,5,173,14,9960,1.0289017341
69702,69708,69713,6,5,1,900,1.1
69709,69714,69884,5,170,14,9960,1.02941176471
69879,69885,69891,6,6,1,900,1.2
69886,69895,70064,9,169,14,9960,1.05325443787
70056,70063,73234,7,3171,2,36000,1.00220750552
70062,70069,70074,7,5,1,900,1.2
70071,70077,70244,6,167,14,9960,1.03592814371
70208,70214,73582,6,3368,2,36000,1.00178147268
70242,70248,70253,6,5,1,900,1.1
70248,70254,70395,6,141,14,9960,1.04255319149
70284,70290,73881,6,3591,2,36000,1.00167084378
70336,70342,73941,6,3599,2,36000,1.00166712976
70375,70381,73577,6,3196,2,36000,1.00187734668
70392,70399,70405,7,6,1,900,1.3
70400,70406,70559,6,153,14,9960,1.03921568627
70424,70430,74388,6,3958,2,36000,1.00151591713
70454,70460,73335,6,2875,2,36000,1.00208695652
70500,70506,74705,6,4199,2,36000,1.00142891165
70530,70537,73691,7,3154,2,36000,1.00221940393
70545,70551,75312,6,4761,2,36000,1.00126023945
70557,70563,70569,6,6,1,900,1.2
70565,70571,70701,6,130,14,9960,1.04615384615
70591,70597,73609,6,3012,2,36000,1.00199203187
70695,70701,74507,6,3806,2,36000,1.00157645822
70700,70707,70713,7,6,1,900,1.3
70707,70713,70882,6,169,14,9960,1.03550295858
70710,70719,74081,9,3362,2,36000,1.00267697799
70725,70731,74356,6,3625,2,36000,1.00165517241
70740,70746,73684,6,2938,2,36000,1.00204220558
70776,70782,74081,6,3299,2,36000,1.00181873295
70794,70800,73870,6,3070,2,36000,1.00195439739
70846,70852,73786,6,2934,2,36000,1.00204498978
70864,70870,73941,6,3071,2,36000,1.00195376099
70879,70885,73856,6,2971,2,36000,1.00201952205
70880,70891,70896,11,5,1,900,1.6
70887,70897,71042,10,145,14,9960,1.06896551724
70907,70913,74425,6,3512,2,36000,1.00170842825
70923,70929,74401,6,3472,2,36000,1.0017281106
70924,70935,74401,11,3466,2,36000,1.00317368725
70925,70940,74036,15,3096,2,36000,1.00484496124
70941,70946,74991,5,4045,2,36000,1.00123609394
70942,70952,73903,10,2951,2,36000,1.0033886818
70964,70970,73726,6,2756,2,36000,1.00217706821
70965,70976,74235,11,3259,2,36000,1.00337526849
71040,71046,71052,6,6,1,900,1.2
71047,71052,71193,5,141,14,9960,1.03546099291
71073,71079,74829,6,3750,2,36000,1.0016
71113,71119,74330,6,3211,2,36000,1.00186857677
71191,71198,71204,7,6,1,900,1.3
71199,71204,71354,5,150,14,9960,1.03333333333
71301,71307,74385,6,3078,2,36000,1.00194931774
71334,71341,74502,7,3161,2,36000,1.00221448909
71350,71356,74573,6,3217,2,36000,1.0018650917
71352,71362,71369,10,7,1,900,1.7
71359,71368,71502,9,134,14,9960,1.0671641791
71421,71427,74269,6,2842,2,36000,1.0021111893
71468,71474,74478,6,3004,2,36000,1.00199733688
71470,71480,74324,10,2844,2,36000,1.0035161744
71471,71485,74780,14,3295,2,36000,1.00424886191
71472,71490,74904,18,3414,2,36000,1.00527240773
71473,71496,74942,23,3446,2,36000,1.00667440511
71475,71502,74548,27,3046,2,36000,1.00886408404
71476,71507,74818,31,3311,2,36000,1.00936273029
71477,71512,74962,35,3450,2,36000,1.01014492754
71479,71517,74700,38,3183,2,36000,1.01193842287
71480,71523,74555,43,3032,2,36000,1.01418205805
71481,71528,74718,47,3190,2,36000,1.01473354232
71483,71533,74680,50,3147,2,36000,1.01588814744
71484,71538,75225,54,3687,2,36000,1.0146460537
71485,71543,74675,58,3132,2,36000,1.01851851852
71486,71549,74654,63,3105,2,36000,1.02028985507
71488,71554,74944,66,3390,2,36000,1.01946902655
71489,71559,74633,70,3074,2,36000,1.02277163305
71490,71564,75650,74,4086,2,36000,1.01811062163
71492,71569,75797,77,4228,2,36000,1.01821192053
71493,71574,75409,81,3835,2,36000,1.02112125163
71494,71581,75002,87,3421,2,36000,1.02543116048
71496,71586,75163,90,3577,2,36000,1.02516074923
71497,71597,75034,100,3437,2,36000,1.02909514111
71498,71603,74927,105,3324,2,36000,1.03158844765
71500,71608,75072,108,3464,2,36000,1.0311778291
71500,71660,71666,160,6,1,900,16.6
71501,71613,76375,112,4762,2,36000,1.02351952961
71502,71618,74777,116,3159,2,36000,1.03672048116
71503,71623,75167,120,3544,2,36000,1.03386004515
71505,71629,74867,124,3238,2,36000,1.03829524398
71506,71634,75073,128,3439,2,36000,1.03722012213
71507,71639,74711,132,3072,2,36000,1.04296875
71507,71592,71758,85,166,14,9960,1.51204819277
71539,71644,75612,105,3968,2,36000,1.02646169355
71554,71649,74676,95,3027,2,36000,1.03138420879
71569,71654,75314,85,3660,2,36000,1.02322404372
71695,71701,75025,6,3324,2,36000,1.00180505415
71756,71762,71767,6,5,1,900,1.1
71764,71770,71912,6,142,14,9960,1.04225352113
71766,71776,75524,10,3748,2,36000,1.00266808965
71800,71806,75430,6,3624,2,36000,1.00165562914
71889,71895,75188,6,3293,2,36000,1.00182204677
71904,71911,74940,7,3029,2,36000,1.00231099373
71910,71917,71922,7,5,1,900,1.2
71917,71923,72074,6,151,14,9960,1.03973509934
71923,71930,75037,7,3107,2,36000,1.00225297715
71949,71955,75091,6,3136,2,36000,1.00191326531
71964,71970,75228,6,3258,2,36000,1.00184162063
72058,72064,76073,6,4009,2,36000,1.00149663258
72072,72079,72084,7,5,1,900,1.2
72079,72085,72176,6,91,14,9960,1.06593406593
72252,72258,75957,6,3699,2,36000,1.00162206002
72391,72397,73180,6,783,8,259200,1.00766283525
72392,72414,73206,22,792,8,259200,1.02777777778
72392,72408,73208,16,800,8,259200,1.02
72392,72419,73197,27,778,8,259200,1.03470437018
72392,72402,73224,10,822,8,259200,1.01216545012
72393,73960,74698,1567,738,8,259200,3.12330623306
72393,72424,73247,31,823,8,259200,1.03766707169
72393,73955,74731,1562,776,8,259200,3.01288659794
72438,72444,75585,6,3141,2,36000,1.00191021968
72511,72517,75663,6,3146,2,36000,1.00190718373
72711,73868,73902,1157,34,70,28800,35.0294117647
73236,73242,76974,6,3732,2,36000,1.00160771704
73337,73343,76341,6,2998,2,36000,1.00200133422
73347,73913,79314,566,5401,32,57600,1.10479540826
73579,73585,76739,6,3154,2,36000,1.00190234623
73594,73600,76740,6,3140,2,36000,1.00191082803
73609,73737,76842,128,3105,2,36000,1.04122383253
73686,73881,77292,195,3411,2,36000,1.05716798593
73701,73918,77091,217,3173,2,36000,1.06838953672
73726,73923,76971,197,3048,2,36000,1.06463254593
73787,73929,76975,142,3046,2,36000,1.04661851609
73858,73934,77158,76,3224,2,36000,1.02357320099
73874,73939,77909,65,3970,2,36000,1.01637279597
73889,73944,76973,55,3029,2,36000,1.01815780786
73904,73949,77517,45,3568,2,36000,1.01261210762
73938,73966,77722,28,3756,2,36000,1.00745473908
73953,73971,77262,18,3291,2,36000,1.00546946217
74039,74045,77919,6,3874,2,36000,1.00154878678
74082,74088,79420,6,5332,2,36000,1.00112528132
74084,74094,77223,10,3129,2,36000,1.00319590924
74238,74244,77492,6,3248,2,36000,1.00184729064
74269,74275,77268,6,2993,2,36000,1.00200467758
74324,74330,77313,6,2983,2,36000,1.00201139792
74339,74346,77674,7,3328,2,36000,1.00210336538
74358,74364,77491,6,3127,2,36000,1.00191877199
74386,74392,77576,6,3184,2,36000,1.00188442211
74388,74398,77679,10,3281,2,36000,1.00304785126
74403,74409,77806,6,3397,2,36000,1.00176626435
74404,74415,77623,11,3208,2,36000,1.00342892768
74426,74432,77584,6,3152,2,36000,1.0019035533
74478,74485,77622,7,3137,2,36000,1.0022314313
74503,74509,77958,6,3449,2,36000,1.00173963468
74518,74524,78425,6,3901,2,36000,1.00153806716
74549,74555,77665,6,3110,2,36000,1.00192926045
74565,74571,77911,6,3340,2,36000,1.00179640719
74580,74586,77818,6,3232,2,36000,1.00185643564
74635,74641,77806,6,3165,2,36000,1.0018957346
74657,74663,78003,6,3340,2,36000,1.00179640719
74676,74682,78133,6,3451,2,36000,1.00173862649
74677,74688,77858,11,3170,2,36000,1.00347003155
74693,74699,77848,6,3149,2,36000,1.00190536678
74708,74715,77667,7,2952,2,36000,1.00237127371
74710,74721,77808,11,3087,2,36000,1.00356333009
74725,74731,79053,6,4322,2,36000,1.00138824618
74726,74737,78305,11,3568,2,36000,1.00308295964
74779,74785,77871,6,3086,2,36000,1.00194426442
74794,74800,78140,6,3340,2,36000,1.00179640719
74819,74825,77878,6,3053,2,36000,1.00196528005
74834,74840,78575,6,3735,2,36000,1.0016064257
74868,74874,78609,6,3735,2,36000,1.0016064257
74905,74911,77768,6,2857,2,36000,1.00210010501
74930,74937,78733,7,3796,2,36000,1.00184404636
74946,74952,78618,6,3666,2,36000,1.00163666121
74947,74958,78165,11,3207,2,36000,1.00342999688
74948,74963,78261,15,3298,2,36000,1.00454821104
74964,74970,78196,6,3226,2,36000,1.00185988841
74992,74998,77978,6,2980,2,36000,1.00201342282
75007,75013,78279,6,3266,2,36000,1.00183710961
75027,75033,78758,6,3725,2,36000,1.00161073826
75042,75048,78329,6,3281,2,36000,1.00182871076
75043,75054,78377,11,3323,2,36000,1.00331026181
75075,75081,78146,6,3065,2,36000,1.00195758564
75076,75087,78200,11,3113,2,36000,1.0035335689
75092,75098,78078,6,2980,2,36000,1.00201342282
75164,75170,78149,6,2979,2,36000,1.00201409869
75165,75176,78533,11,3357,2,36000,1.00327673518
75190,75196,78732,6,3536,2,36000,1.00169683258
75226,75232,78478,6,3246,2,36000,1.00184842884
75241,75248,78918,7,3670,2,36000,1.00190735695
75314,75320,78715,6,3395,2,36000,1.00176730486
75315,75326,79845,11,4519,2,36000,1.00243416685
75409,75415,78506,6,3091,2,36000,1.00194111938
75432,75438,78431,6,2993,2,36000,1.00200467758
75525,75532,78831,7,3299,2,36000,1.00212185511
75587,75593,79239,6,3646,2,36000,1.00164563906
75615,75621,78793,6,3172,2,36000,1.00189155107
75652,75658,78924,6,3266,2,36000,1.00183710961
75667,75673,78653,6,2980,2,36000,1.00201342282
75798,75804,79150,6,3346,2,36000,1.00179318589
75959,75965,79318,6,3353,2,36000,1.00178944229
76075,76082,79586,7,3504,2,36000,1.00199771689
76342,76348,79691,6,3343,2,36000,1.00179479509
76376,76382,79727,6,3345,2,36000,1.00179372197
76558,76564,79869,6,3305,2,36000,1.00181543116
76559,76570,79723,11,3153,2,36000,1.00348874088
76560,76575,79787,15,3212,2,36000,1.00466998755
76562,76580,79721,18,3141,2,36000,1.00573065903
76563,76585,79739,22,3154,2,36000,1.0069752695
76564,76590,79994,26,3404,2,36000,1.00763807286
76566,76597,79860,31,3263,2,36000,1.0095004597
76567,76602,79790,35,3188,2,36000,1.01097867001
76568,76607,79448,39,2841,2,36000,1.01372756072
76570,76613,80459,43,3846,2,36000,1.01118044722
76741,76747,80269,6,3522,2,36000,1.00170357751
76742,76753,80102,11,3349,2,36000,1.00328456256
76845,76851,80137,6,3286,2,36000,1.00182592818
76973,76979,80075,6,3096,2,36000,1.0019379845
76974,76985,80254,11,3269,2,36000,1.00336494341
76976,76990,80098,14,3108,2,36000,1.0045045045
76991,76997,80207,6,3210,2,36000,1.00186915888
77090,77097,80608,7,3511,2,36000,1.00199373398
77158,77164,80699,6,3535,2,36000,1.00169731259
77224,77230,81143,6,3913,2,36000,1.00153335037
77265,77271,80285,6,3014,2,36000,1.00199071002
77280,77287,80324,7,3037,2,36000,1.00230490616
77296,77302,80529,6,3227,2,36000,1.00185931205
77315,77321,80668,6,3347,2,36000,1.00179265013
77492,77498,80567,6,3069,2,36000,1.00195503421
77493,77504,80846,11,3342,2,36000,1.00329144225
77518,77524,80625,6,3101,2,36000,1.00193485972
77576,77583,81140,7,3557,2,36000,1.00196795052
77592,77598,81014,6,3416,2,36000,1.00175644028
77623,77629,81237,6,3608,2,36000,1.00166297118
77625,77635,80586,10,2951,2,36000,1.0033886818
77676,77683,80936,7,3253,2,36000,1.00215185982
77678,77689,81054,11,3365,2,36000,1.00326894502
77679,77694,80765,15,3071,2,36000,1.00488440247
77695,77700,80649,5,2949,2,36000,1.00169549
77722,77728,80895,6,3167,2,36000,1.00189453742
77769,77775,80800,6,3025,2,36000,1.00198347107
77806,77812,81232,6,3420,2,36000,1.00175438596
77808,77818,81087,10,3269,2,36000,1.00305903946
77823,77829,80786,6,2957,2,36000,1.00202908353
77824,77835,80973,11,3138,2,36000,1.00350541746
77850,77856,81000,6,3144,2,36000,1.00190839695
77866,77872,81793,6,3921,2,36000,1.00153022188
77881,77887,80954,6,3067,2,36000,1.0019563091
77883,77893,81644,10,3751,2,36000,1.00266595575
77912,77919,81041,7,3122,2,36000,1.00224215247
77914,77925,81662,11,3737,2,36000,1.0029435376
77923,78176,78271,253,95,14,9960,3.66315789474
77930,77936,81097,6,3161,2,36000,1.0018981335
77961,77968,80984,7,3016,2,36000,1.00232095491
77980,77989,81203,9,3214,2,36000,1.00280024891
78005,78014,81725,9,3711,2,36000,1.00242522231
78079,78089,81881,10,3792,2,36000,1.0026371308
78139,78145,81185,6,3040,2,36000,1.00197368421
78159,78166,82003,7,3837,2,36000,1.00182434193
78161,78207,81289,46,3082,2,36000,1.01492537313
78162,78213,81811,51,3598,2,36000,1.01417454141
78178,78272,81682,94,3410,2,36000,1.0275659824
78196,78282,81231,86,2949,2,36000,1.02916242794
78212,78287,81787,75,3500,2,36000,1.02142857143
78262,78292,81786,30,3494,2,36000,1.00858614768
78269,78298,78301,29,3,1,900,3.2
78279,78388,78478,109,90,14,9960,2.21111111111
78281,78304,81217,23,2913,2,36000,1.00789564023
78306,78436,81407,130,2971,2,36000,1.04375631101
78331,78442,82171,111,3729,2,36000,1.02976669348
78378,78504,81711,126,3207,2,36000,1.03928905519
78428,78517,81992,89,3475,2,36000,1.02561151079
78443,78544,82578,101,4034,2,36000,1.02503718394
78472,78489,78492,17,3,1,900,2.0
78483,78495,78579,12,84,14,9960,1.14285714286
78489,78586,81780,97,3194,2,36000,1.03036944271
78518,78592,81691,74,3099,2,36000,1.02387867054
78536,78597,81915,61,3318,2,36000,1.01838456902
78577,78602,81949,25,3347,2,36000,1.00746937556
78578,78608,78610,30,2,1,900,3.2
78587,78842,78969,255,127,14,9960,3.00787401575
78612,78664,82144,52,3480,2,36000,1.01494252874
78627,78726,81950,99,3224,2,36000,1.03070719603
78664,78743,81765,79,3022,2,36000,1.02614162806
78717,78749,81896,32,3147,2,36000,1.01016841436
78736,78769,82026,33,3257,2,36000,1.01013202333
78737,78804,81938,67,3134,2,36000,1.02137843012
78755,80312,95875,1557,15563,64,36000,1.10004497847
78767,78935,82188,168,3253,2,36000,1.05164463572
78774,82094,104576,3320,22482,64,72000,1.14767369451
78795,79329,82594,534,3265,2,36000,1.16355283308
78801,95887,106785,17086,10898,64,36000,2.56781060745
78832,79459,82708,627,3249,2,36000,1.19298245614
78920,79732,82848,812,3116,2,36000,1.26059050064
78935,79738,83250,803,3512,2,36000,1.22864464692
78967,78973,78978,6,5,1,900,1.1
78977,78983,79063,6,80,14,9960,1.075
79054,79744,83556,690,3812,2,36000,1.18100734523
79061,79067,79070,6,3,1,900,1.0
79067,79074,79292,7,218,14,9960,1.03211009174
79153,79750,83018,597,3268,2,36000,1.18268053856
79240,79803,82939,563,3136,2,36000,1.17952806122
79290,79296,79304,6,8,1,900,1.4
79297,79303,79515,6,212,14,9960,1.02830188679
79318,79809,83344,491,3535,2,36000,1.13889674682
79420,79872,83151,452,3279,2,36000,1.13784690454
79451,79880,83584,429,3704,2,36000,1.11582073434
79513,79519,79526,6,7,1,900,1.3
79519,79526,79785,7,259,14,9960,1.02702702703
79596,80005,83707,409,3702,2,36000,1.11048082118
79692,80086,83879,394,3793,2,36000,1.10387556024
79724,80113,83449,389,3336,2,36000,1.11660671463
79725,80149,83406,424,3257,2,36000,1.1301811483
79740,80280,83866,540,3586,2,36000,1.15058561071
79742,80470,84191,728,3721,2,36000,1.19564633163
79784,79790,79797,6,7,1,900,1.3
79789,80619,83940,830,3321,2,36000,1.24992472147
79790,80995,84281,1205,3286,2,36000,1.36670724285
79791,79797,80036,6,239,14,9960,1.02510460251
79846,81011,84382,1165,3371,2,36000,1.345594779
79862,81052,84140,1190,3088,2,36000,1.3853626943
79877,81108,84382,1231,3274,2,36000,1.37599266952
79994,81196,84664,1202,3468,2,36000,1.34659746251
80032,80038,80044,6,6,1,900,1.2
80039,80045,80301,6,256,14,9960,1.0234375
80075,81214,84621,1139,3407,2,36000,1.33431171118
80101,81228,84531,1127,3303,2,36000,1.34120496518
80102,81301,84743,1199,3442,2,36000,1.34834398605
80137,81419,84622,1282,3203,2,36000,1.40024976584
80208,81694,85168,1486,3474,2,36000,1.42774899252
80255,81702,84783,1447,3081,2,36000,1.46965271016
80270,81722,85588,1452,3866,2,36000,1.3755819969
80286,81736,85182,1450,3446,2,36000,1.42077771329
80299,80305,80314,6,9,1,900,1.5
80307,80597,80820,290,223,14,9960,2.30044843049
80326,81777,85039,1451,3262,2,36000,1.44481912937
80460,81792,85688,1332,3896,2,36000,1.34188911704
80492,80498,80499,6,1,1,18000,1.0
80529,81804,84629,1275,2825,2,36000,1.45132743363
80567,81892,85044,1325,3152,2,36000,1.4203680203
80586,81908,85148,1322,3240,2,36000,1.40802469136
80608,81949,84979,1341,3030,2,36000,1.44257425743
80614,80636,80637,22,1,1,18000,2.3
80622,80641,80642,19,1,1,18000,2.0
80628,81960,85284,1332,3324,2,36000,1.40072202166
80649,81966,85534,1317,3568,2,36000,1.36911434978
80668,82003,85061,1335,3058,2,36000,1.43655984303
80700,82014,85505,1314,3491,2,36000,1.37639644801
80747,88880,160905,8133,72025,1,72000,1.1129191253
80769,82037,85364,1268,3327,2,36000,1.38112413586
80777,80783,83683,6,2900,1,18000,1.00206896552
80784,80790,83848,6,3058,1,18000,1.00196206671
80788,82155,85024,1367,2869,2,36000,1.47647263855
80803,82182,85353,1379,3171,2,36000,1.4348785872
80818,80824,80830,6,6,1,900,1.2
80824,80831,81064,7,233,14,9960,1.03004291845
80848,82199,85514,1351,3315,2,36000,1.40754147813
80899,82589,85849,1690,3260,2,36000,1.51840490798
80936,82605,85792,1669,3187,2,36000,1.52368999059
80955,82719,85729,1764,3010,2,36000,1.58604651163
80974,82859,85881,1885,3022,2,36000,1.62375909993
80989,82951,86115,1962,3164,2,36000,1.6201011378
81005,83029,86549,2024,3520,2,36000,1.575
81020,83162,86507,2142,3345,2,36000,1.64035874439
81042,83261,86308,2219,3047,2,36000,1.72825730226
81057,83355,86646,2298,3291,2,36000,1.69826800365
81062,81068,81075,6,7,1,900,1.3
81069,81075,81323,6,248,14,9960,1.02419354839
81088,83417,86328,2329,2911,2,36000,1.80006870491
81104,83460,86525,2356,3065,2,36000,1.76867862969
81141,83568,86794,2427,3226,2,36000,1.75232486051
81142,83595,86545,2453,2950,2,36000,1.83152542373
81186,83718,86954,2532,3236,2,36000,1.78244746601
81204,83878,87162,2674,3284,2,36000,1.81425091352
81220,83890,87348,2670,3458,2,36000,1.77212261423
81236,83951,87062,2715,3111,2,36000,1.87270973963
81237,84151,87757,2914,3606,2,36000,1.80809761509
81253,84202,87906,2949,3704,2,36000,1.7961663067
81290,84292,87619,3002,3327,2,36000,1.90231439735
81322,81328,81338,6,10,1,900,1.6
81330,81335,81597,5,262,14,9960,1.01908396947
81409,84393,87820,2984,3427,2,36000,1.87073241903
81594,81600,81608,6,8,1,900,1.4
81602,81608,81830,6,222,14,9960,1.02702702703
81647,84398,87821,2751,3423,2,36000,1.8036809816
81663,84543,88106,2880,3563,2,36000,1.80830760595
81685,84632,88005,2947,3373,2,36000,1.87370293507
81700,84637,87743,2937,3106,2,36000,1.94558918223
81716,84644,87808,2928,3164,2,36000,1.92541087231
81732,84675,87621,2943,2946,2,36000,1.99898167006
81766,84755,88189,2989,3434,2,36000,1.87041351194
81782,84795,88241,3013,3446,2,36000,1.87434706907
81798,84991,88336,3193,3345,2,36000,1.95455904335
81799,85036,87966,3237,2930,2,36000,2.104778157
81800,85051,88617,3251,3566,2,36000,1.91166573191
81816,85057,88341,3241,3284,2,36000,1.98690621194
81828,81834,81842,6,8,1,900,1.4
81835,81841,82071,6,230,14,9960,1.02608695652
81882,85072,88317,3190,3245,2,36000,1.98305084746
81898,85159,88276,3261,3117,2,36000,2.04619826756
81917,85179,88479,3262,3300,2,36000,1.98848484848
81939,85194,88531,3255,3337,2,36000,1.97542703027
81955,85295,88244,3340,2949,2,36000,2.13258731773
81956,85364,88604,3408,3240,2,36000,2.05185185185
81995,85376,89280,3381,3904,2,36000,1.86603483607
82010,85517,88819,3507,3302,2,36000,2.06208358571
82026,85525,88643,3499,3118,2,36000,2.12219371392
82069,82075,82083,6,8,1,900,1.4
82076,104587,104822,22511,235,14,9960,96.7914893617
82145,85546,89300,3401,3754,2,36000,1.90596696857
82174,85599,88868,3425,3269,2,36000,2.0477210156
82190,85699,88769,3509,3070,2,36000,2.14299674267
82579,85740,89081,3161,3341,2,36000,1.946123915
82595,85803,89191,3208,3388,2,36000,1.94687131051
82709,85860,89088,3151,3228,2,36000,1.97614622057
82855,85892,89551,3037,3659,2,36000,1.83000819896
82940,86126,89519,3186,3393,2,36000,1.93899204244
83019,86319,89855,3300,3536,2,36000,1.93325791855
83152,86339,89377,3187,3038,2,36000,2.04904542462
83252,86518,90105,3266,3587,2,36000,1.91051017563
83344,86537,90665,3193,4128,2,36000,1.77349806202
83404,86557,90287,3153,3730,2,36000,1.84530831099
83451,86563,89632,3112,3069,2,36000,2.01401107853
83554,86658,89779,3104,3121,2,36000,1.99455302788
83585,86805,90258,3220,3453,2,36000,1.93252244425
83707,86965,90613,3258,3648,2,36000,1.89309210526
83869,87073,90262,3204,3189,2,36000,2.00470366886
83885,87173,90801,3288,3628,2,36000,1.90628445424
83944,87359,90314,3415,2955,2,36000,2.15566835871
84141,87630,90809,3489,3179,2,36000,2.09751494181
84192,87636,91065,3444,3429,2,36000,2.00437445319
84280,87754,91283,3474,3529,2,36000,1.9844148484
84385,87768,91260,3383,3492,2,36000,1.96878579611
84386,87819,91274,3433,3455,2,36000,1.99363241679
84531,87831,91429,3300,3598,2,36000,1.91717620901
84622,87837,90908,3215,3071,2,36000,2.04689026376
84623,87917,90770,3294,2853,2,36000,2.15457413249
84639,87977,91399,3338,3422,2,36000,1.97545295149
84664,88017,91089,3353,3072,2,36000,2.09147135417
84744,88117,91221,3373,3104,2,36000,2.08666237113
84785,88200,91556,3415,3356,2,36000,2.01758045292
84980,88252,91800,3272,3548,2,36000,1.9222096956
85025,88258,91402,3233,3144,2,36000,2.02830788804
85041,88288,91448,3247,3160,2,36000,2.02753164557
85057,88328,91303,3271,2975,2,36000,2.09949579832
85073,88348,92552,3275,4204,2,36000,1.77901998097
85152,88354,91723,3202,3369,2,36000,1.95043039478
85168,88490,92295,3322,3805,2,36000,1.87306176084
85183,88542,91613,3359,3071,2,36000,2.09378052752
85286,88616,91719,3330,3103,2,36000,2.07315501128
85355,88629,92006,3274,3377,2,36000,1.96949955582
85371,88654,91826,3283,3172,2,36000,2.03499369483
85464,106801,130773,21337,23972,2,36000,1.89008009344
85468,106806,106866,21338,60,2,36000,356.633333333
85475,106811,106874,21336,63,2,36000,339.666666667
85506,88780,92089,3274,3309,2,36000,1.98942278634
85522,88830,91757,3308,2927,2,36000,2.1301674069
85538,89093,92413,3555,3320,2,36000,2.07078313253
85591,89099,92303,3508,3204,2,36000,2.09488139825
85690,89202,92408,3512,3206,2,36000,2.09544603868
85731,89291,92306,3560,3015,2,36000,2.1807628524
85793,89311,92468,3518,3157,2,36000,2.11434906557
85850,89388,92629,3538,3241,2,36000,2.09163838322
85873,104592,104658,18719,66,14,9960,284.621212121
85881,89530,92696,3649,3166,2,36000,2.15255843335
86114,89562,92733,3448,3171,2,36000,2.08735414696
86309,89643,92625,3334,2982,2,36000,2.11804158283
86328,89790,93179,3462,3389,2,36000,2.02154027737
86508,89866,93298,3358,3432,2,36000,1.97843822844
86527,90116,93305,3589,3189,2,36000,2.12543116965
86546,90269,93663,3723,3394,2,36000,2.096935769
86562,90275,93346,3713,3071,2,36000,2.20905242592
86649,90298,93212,3649,2914,2,36000,2.25223061084
86797,90325,94161,3528,3836,2,36000,1.9197080292
86956,90624,94161,3668,3537,2,36000,2.03703703704
87064,90676,94040,3612,3364,2,36000,2.07372175981
87164,90781,93857,3617,3076,2,36000,2.17587776333
87348,90812,94167,3464,3355,2,36000,2.03248882265
87620,90820,93809,3200,2989,2,36000,2.07059217129
87621,90919,94108,3298,3189,2,36000,2.03417999373
87746,91077,94454,3331,3377,2,36000,1.9863784424
87761,91100,94428,3339,3328,2,36000,2.00330528846
87811,91232,94563,3421,3331,2,36000,2.02701891324
87827,91271,94577,3444,3306,2,36000,2.04174228675
87829,91285,95034,3456,3749,2,36000,1.92184582555
87909,91294,94759,3385,3465,2,36000,1.97691197691
87969,91314,94438,3345,3124,2,36000,2.07074263764
88007,91410,94796,3403,3386,2,36000,2.00502067336
88107,91416,94603,3309,3187,2,36000,2.03828051459
88191,91440,94579,3249,3139,2,36000,2.03504300733
88242,91460,94928,3218,3468,2,36000,1.92791234141
88258,91567,94948,3309,3381,2,36000,1.97870452529
88277,91625,94903,3348,3278,2,36000,2.02135448444
88317,91731,94867,3414,3136,2,36000,2.08864795918
88340,91737,94704,3397,2967,2,36000,2.14492753623
88356,91769,94875,3413,3106,2,36000,2.09884095299
88483,91811,95048,3328,3237,2,36000,2.0281124498
88533,91838,94984,3305,3146,2,36000,2.05054036872
88606,92017,94978,3411,2961,2,36000,2.15197568389
88622,92100,95244,3478,3144,2,36000,2.10623409669
88645,92306,95456,3661,3150,2,36000,2.16222222222
88772,92314,95793,3542,3479,2,36000,2.01810865191
88822,92320,96891,3498,4571,2,36000,1.76525924305
88870,92420,95739,3550,3319,2,36000,2.06959927689
89084,92426,96014,3342,3588,2,36000,1.93143812709
89100,92479,96531,3379,4052,2,36000,1.83390918065
89192,92563,96150,3371,3587,2,36000,1.93978254809
89281,92636,95965,3355,3329,2,36000,2.0078101532
89300,92642,95646,3342,3004,2,36000,2.11251664447
89379,92707,96215,3328,3508,2,36000,1.94868871152
89520,92744,95830,3224,3086,2,36000,2.04471808166
89552,93190,96844,3638,3654,2,36000,1.995621237
89633,93223,96933,3590,3710,2,36000,1.96765498652
89782,93309,96576,3527,3267,2,36000,2.07958371595
89858,93316,96242,3458,2926,2,36000,2.18181818182
90107,93357,96437,3250,3080,2,36000,2.05519480519
90262,93674,97013,3412,3339,2,36000,2.02186283318
90263,93821,97352,3558,3531,2,36000,2.00764655905
90289,93868,96903,3579,3035,2,36000,2.17924217463
90314,94051,97371,3737,3320,2,36000,2.12560240964
90615,94120,98076,3505,3956,2,36000,1.88599595551
90665,94178,97512,3513,3334,2,36000,2.05368926215
90772,94183,97539,3411,3356,2,36000,2.01638855781
90803,94189,97362,3386,3173,2,36000,2.06712890009
90819,94439,98662,3620,4223,2,36000,1.85721051385
90910,94449,97987,3539,3538,2,36000,2.00028264556
91069,94466,97642,3397,3176,2,36000,2.06958438287
91091,94574,97578,3483,3004,2,36000,2.15945406125
91224,94588,97569,3364,2981,2,36000,2.12848037571
91262,94594,97812,3332,3218,2,36000,2.03542573027
91278,94614,98337,3336,3723,2,36000,1.89605157131
91294,94715,98072,3421,3357,2,36000,2.01906464105
91310,94770,97696,3460,2926,2,36000,2.18250170882
91401,94807,98057,3406,3250,2,36000,2.048
91417,94879,98253,3462,3374,2,36000,2.02608180202
91433,94886,98652,3453,3766,2,36000,1.91688794477
91449,94914,98283,3465,3369,2,36000,2.0284951024
91558,94939,98151,3381,3212,2,36000,2.05261519303
91617,94959,98268,3342,3309,2,36000,2.00997280145
91721,94990,98554,3269,3564,2,36000,1.91722783389
91736,94996,98051,3260,3055,2,36000,2.06710310966
91759,95045,98515,3286,3470,2,36000,1.9469740634
91801,95059,98406,3258,3347,2,36000,1.97340902301
91828,95256,98523,3428,3267,2,36000,2.04928068564
92009,95467,98768,3458,3301,2,36000,2.04756134505
92092,95658,98931,3566,3273,2,36000,2.08952031775
92299,95750,99500,3451,3750,2,36000,1.92026666667
92314,95804,99359,3490,3555,2,36000,1.98171589311
92316,95842,99364,3526,3522,2,36000,2.00113571834
92409,95892,99183,3483,3291,2,36000,2.05834092981
92425,95976,99780,3551,3804,2,36000,1.93349106204
92469,96025,99552,3556,3527,2,36000,2.00822228523
92554,96161,99816,3607,3655,2,36000,1.98686730506
92626,96226,99208,3600,2982,2,36000,2.20724346076
92643,96253,99780,3610,3527,2,36000,2.02353274738
92697,96448,99752,3751,3304,2,36000,2.1352905569
92735,96542,99982,3807,3440,2,36000,2.10668604651
93182,96587,100096,3405,3509,2,36000,1.97036192647
93214,96855,100062,3641,3207,2,36000,2.13532896788
93302,96902,100499,3600,3597,2,36000,2.00083402836
93317,96914,100627,3597,3713,2,36000,1.96875841637
93349,96944,99629,3595,2685,2,36000,2.33891992551
93665,97024,100150,3359,3126,2,36000,2.07453614843
93811,97363,100407,3552,3044,2,36000,2.16688567674
93858,97374,100394,3516,3020,2,36000,2.1642384106
94042,97382,100347,3340,2965,2,36000,2.12647554806
94109,97523,100783,3414,3260,2,36000,2.0472392638
94165,97551,100792,3386,3241,2,36000,2.044739278
94166,97580,100781,3414,3201,2,36000,2.06654170572
94182,97589,101004,3407,3415,2,36000,1.99765739385
94432,97654,100753,3222,3099,2,36000,2.03969022265
94448,97707,100931,3259,3224,2,36000,2.0108560794
94465,97823,100881,3358,3058,2,36000,2.09810333551
94586,97998,101768,3412,3770,2,36000,1.9050397878
94587,98062,101022,3475,2960,2,36000,2.17398648649
94588,98068,101915,3480,3847,2,36000,1.90460098778
94605,98083,101210,3478,3127,2,36000,2.11224816118
94634,94640,94641,6,1,2,3540,1.0
94705,98089,101573,3384,3484,2,36000,1.97129735936
94762,98162,101653,3400,3491,2,36000,1.9739329705
94797,98264,101838,3467,3574,2,36000,1.97006155568
94868,98280,101453,3412,3173,2,36000,2.07532303813
94884,98294,101338,3410,3044,2,36000,2.12023653088
94906,98348,101756,3442,3408,2,36000,2.00997652582
94929,98417,101667,3488,3250,2,36000,2.07323076923
94952,98527,101789,3575,3262,2,36000,2.09595340282
94981,98534,101432,3553,2898,2,36000,2.22601794341
94998,98566,101719,3568,3153,2,36000,2.13162067872
95036,98663,101903,3627,3240,2,36000,2.11944444444
95052,98673,102137,3621,3464,2,36000,2.04532332564
95247,98779,102197,3532,3418,2,36000,2.03335283792
95465,98942,101871,3477,2929,2,36000,2.18709457153
95630,95636,95803,6,167,1,3600,1.03592814371
95648,99195,102197,3547,3002,2,36000,2.18154563624
95743,99219,102301,3476,3082,2,36000,2.12783906554
95795,99371,102689,3576,3318,2,36000,2.07775768535
95833,99377,102469,3544,3092,2,36000,2.14618369987
95966,99511,102404,3545,2893,2,36000,2.22537158659
95976,95983,96321,7,338,1,3600,1.02071005917
96017,99564,102680,3547,3116,2,36000,2.13831835687
96151,99640,102896,3489,3256,2,36000,2.07156019656
96217,99763,102766,3546,3003,2,36000,2.18081918082
96242,99791,103101,3549,3310,2,36000,2.07220543807
96439,99797,102804,3358,3007,2,36000,2.11672763552
96534,99827,103366,3293,3539,2,36000,1.93048883865
96578,99993,103378,3415,3385,2,36000,2.00886262925
96663,96669,97475,6,806,1,3600,1.00744416873
96846,100073,103378,3227,3305,2,36000,1.97639939486
96893,100107,103160,3214,3053,2,36000,2.05273501474
96910,100161,103382,3251,3221,2,36000,2.00931387768
96935,100358,103251,3423,2893,2,36000,2.18320082959
97015,100405,103755,3390,3350,2,36000,2.01194029851
97356,100419,103600,3063,3181,2,36000,1.96290474693
97372,100510,104341,3138,3831,2,36000,1.81910728269
97374,100638,103933,3264,3295,2,36000,1.99059180577
97538,100764,103904,3226,3140,2,36000,2.02738853503
97554,100792,104165,3238,3373,2,36000,1.95997628224
97570,100798,103842,3228,3044,2,36000,2.06044678055
97586,100804,103986,3218,3182,2,36000,2.01131363922
97644,100892,104004,3248,3112,2,36000,2.04370179949
97697,100942,103900,3245,2958,2,36000,2.0970250169
97814,101015,104333,3201,3318,2,36000,1.96473779385
97988,101033,104427,3045,3394,2,36000,1.89717147908
98052,101221,104227,3169,3006,2,36000,2.05422488357
98068,101349,104267,3281,2918,2,36000,2.12440027416
98085,101443,104976,3358,3533,2,36000,1.95046702519
98086,101464,104766,3378,3302,2,36000,2.02301635373
98178,101585,105193,3407,3608,2,36000,1.94429046563
98254,101665,104777,3411,3112,2,36000,2.09607969152
98270,101678,104924,3408,3246,2,36000,2.04990757856
98286,101730,105018,3444,3288,2,36000,2.04744525547
98340,101768,104983,3428,3215,2,36000,2.06625194401
98409,101779,105340,3370,3561,2,36000,1.94636338107
98519,101800,104862,3281,3062,2,36000,2.07152188112
98535,101850,105328,3315,3478,2,36000,1.95313398505
98558,101883,104938,3325,3055,2,36000,2.0883797054
98653,101914,105541,3261,3627,2,36000,1.89909015715
98670,101926,105091,3256,3165,2,36000,2.02875197472
98686,98692,98800,6,108,1,3600,1.05555555556
98768,102148,104873,3380,2725,2,36000,2.24036697248
98955,102208,105491,3253,3283,2,36000,1.99086201645
98967,98973,99276,6,303,1,3600,1.0198019802
99184,102213,105642,3029,3429,2,36000,1.88334791484
99211,102313,105833,3102,3520,2,36000,1.88125
99231,99286,99451,55,165,1,3600,1.33333333333
99371,102416,105398,3045,2982,2,36000,2.02112676056
99372,102480,105622,3108,3142,2,36000,1.98917886696
99515,102691,106123,3176,3432,2,36000,1.92540792541
99554,102701,106373,3147,3672,2,36000,1.85702614379
99617,99623,99958,6,335,1,3600,1.01791044776
99631,102777,106061,3146,3284,2,36000,1.95797807552
99739,99968,100544,229,576,1,3600,1.39756944444
99754,102815,106299,3061,3484,2,36000,1.87858783008
99781,102907,106258,3126,3351,2,36000,1.93285586392
99782,103113,106193,3331,3080,2,36000,2.08149350649
99818,103179,106444,3361,3265,2,36000,2.02940275651
99987,103262,106963,3275,3701,2,36000,1.88489597406
100064,103377,106796,3313,3419,2,36000,1.96899678268
100099,103389,106357,3290,2968,2,36000,2.10849056604
100153,103394,106645,3241,3251,2,36000,1.99692402338
100314,100554,101378,240,824,1,3600,1.29126213592
100348,103400,106599,3052,3199,2,36000,1.95404814004
100397,103611,107129,3214,3518,2,36000,1.91358726549
100414,103766,106838,3352,3072,2,36000,2.09114583333
100503,103853,107170,3350,3317,2,36000,2.00994874887
100644,103911,107652,3267,3741,2,36000,1.87329591018
100754,103917,107309,3163,3392,2,36000,1.93248820755
100784,103944,107474,3160,3530,2,36000,1.89518413598
100785,103997,107169,3212,3172,2,36000,2.01261034048
100801,104015,107300,3214,3285,2,36000,1.97838660578
100885,104176,107279,3291,3103,2,36000,2.06058652917
100932,104239,107322,3307,3083,2,36000,2.07265650341
101005,104278,107291,3273,3013,2,36000,2.0862927315
101025,104345,107320,3320,2975,2,36000,2.11596638655
101213,104357,107798,3144,3441,2,36000,1.91368788143
101342,104438,107748,3096,3310,2,36000,1.93534743202
101456,104597,107948,3141,3351,2,36000,1.93733213966
101458,104602,107648,3144,3046,2,36000,2.03217334209
101576,104608,107784,3032,3176,2,36000,1.95465994962
101656,104613,108140,2957,3527,2,36000,1.8383895662
101672,104618,108329,2946,3711,2,36000,1.79385610348
101720,104623,108147,2903,3524,2,36000,1.82377979569
101759,104628,107779,2869,3151,2,36000,1.91050460171
101775,104634,107508,2859,2874,2,36000,1.99478079332
101791,104639,107425,2848,2786,2,36000,2.02225412778
101842,104644,107584,2802,2940,2,36000,1.95306122449
101875,104649,108210,2774,3561,2,36000,1.77899466442
101905,104654,108146,2749,3492,2,36000,1.7872279496
101920,104660,107828,2740,3168,2,36000,1.8648989899
102140,104665,108302,2525,3637,2,36000,1.69425350564
102198,104670,108031,2472,3361,2,36000,1.73549538828
102200,104675,107587,2475,2912,2,36000,1.84993131868
102318,104680,107803,2362,3123,2,36000,1.75632404739
102407,104685,108470,2278,3785,2,36000,1.60184940555
102468,104777,107959,2309,3182,2,36000,1.7256442489
102567,102574,102682,7,108,1,3600,1.06481481481
102681,104788,108336,2107,3548,2,36000,1.59385569335
102698,104833,107969,2135,3136,2,36000,1.68080357143
102766,104838,108327,2072,3489,2,36000,1.59386643737
102805,104844,107612,2039,2768,2,36000,1.73663294798
102853,102859,103163,6,304,1,3600,1.01973684211
102877,103173,103292,296,119,1,1800,3.48739495798
102900,104849,107858,1949,3009,2,36000,1.64772349618
103103,104854,107792,1751,2938,2,36000,1.59598366236
103164,104859,108092,1695,3233,2,36000,1.5242808537
103254,104864,107986,1610,3122,2,36000,1.51569506726
103384,104874,107937,1490,3063,2,36000,1.48645119164
103386,104884,108074,1498,3190,2,36000,1.46959247649
103387,104938,108165,1551,3227,2,36000,1.4806321661
103388,104949,107934,1561,2985,2,36000,1.5229480737
103588,103594,103694,6,100,1,1800,1.06
103599,103704,104297,105,593,1,3600,1.17706576728
103606,104987,108046,1381,3059,2,36000,1.45145472377
103766,104994,108063,1228,3069,2,36000,1.40013033561
103845,105029,108211,1184,3182,2,36000,1.37209302326
103902,105102,109052,1200,3950,2,36000,1.30379746835
103918,105205,108378,1287,3173,2,36000,1.40560983297
103934,105339,108378,1405,3039,2,36000,1.46232313261
103988,105351,109049,1363,3698,2,36000,1.36857760952
104004,105409,108645,1405,3236,2,36000,1.43417799753
104170,105502,108712,1332,3210,2,36000,1.41495327103
104230,105552,109246,1322,3694,2,36000,1.35787763942
104270,105633,108776,1363,3143,2,36000,1.43366210627
104341,104351,104922,10,571,1,1800,1.01751313485
104352,105653,108798,1301,3145,2,36000,1.41367249603
104353,105844,109118,1491,3274,2,36000,1.45540623091
104429,106076,109912,1647,3836,2,36000,1.42935349322
104656,104932,104940,276,8,1,900,28.4
104665,104692,104911,27,219,14,9960,1.12328767123
104767,106134,109312,1367,3178,2,36000,1.43014474512
104784,106204,109372,1420,3168,2,36000,1.44823232323
104821,104955,104962,134,7,1,900,14.1
104832,104922,105138,90,216,14,9960,1.41666666667
104865,106269,109527,1404,3258,2,36000,1.43093922652
104882,106310,109341,1428,3031,2,36000,1.47113163972
104909,104973,104979,64,6,1,900,7.0
104915,105150,105308,235,158,14,9960,2.48734177215
104947,106369,109494,1422,3125,2,36000,1.45504
104949,106384,109423,1435,3039,2,36000,1.47219480092
104997,106455,109756,1458,3301,2,36000,1.44168433808
104998,106610,110002,1612,3392,2,36000,1.47523584906
105021,106657,109793,1636,3136,2,36000,1.52168367347
105093,106817,110065,1724,3248,2,36000,1.53078817734
105136,105143,105150,7,7,1,900,1.4
105146,105319,105574,173,255,14,9960,1.67843137255
105196,106822,109861,1626,3039,2,36000,1.53504442251
105306,105312,105318,6,6,1,900,1.2
105313,105585,105806,272,221,14,9960,2.23076923077
105332,106827,109841,1495,3014,2,36000,1.49601857996
105349,106832,110023,1483,3191,2,36000,1.46474459417
105402,106837,110341,1435,3504,2,36000,1.40953196347
105493,106843,109862,1350,3019,2,36000,1.4471679364
105542,106848,110288,1306,3440,2,36000,1.37965116279
105572,105578,105584,6,6,1,900,1.2
105583,105817,106066,234,249,14,9960,1.93975903614
105624,106853,110253,1229,3400,2,36000,1.36147058824
105644,106858,110021,1214,3163,2,36000,1.38381283592
105804,105810,105817,6,7,1,900,1.3
105811,106082,106335,271,253,14,9960,2.07114624506
105837,106863,110123,1026,3260,2,36000,1.31472392638
106064,106070,106075,6,5,1,900,1.1
106065,106869,109999,804,3130,2,36000,1.25686900958
106073,106346,106606,273,260,14,9960,2.05
106146,106874,110021,728,3147,2,36000,1.23133142676
106194,106879,109617,685,2738,2,36000,1.25018261505
106278,106884,109881,606,2997,2,36000,1.2022022022
106301,106889,110240,588,3351,2,36000,1.17547000895
106333,106339,106345,6,6,1,900,1.2
106339,106617,106873,278,256,14,9960,2.0859375
106360,106894,110175,534,3281,2,36000,1.16275525754
106376,106900,110325,524,3425,2,36000,1.15299270073
106449,106905,110081,456,3176,2,36000,1.1435768262
106525,106531,106584,6,53,1,1800,1.11320754717
106559,106594,106703,35,109,1,1800,1.32110091743
106599,106713,106721,114,8,1,900,12.2
106613,106796,107019,183,223,14,9960,1.82062780269
106617,106910,110557,293,3647,2,36000,1.08034000548
106649,106915,110116,266,3201,2,36000,1.08309903155
106827,106927,110488,100,3561,2,36000,1.02808199944
106844,106933,110216,89,3283,2,36000,1.0271093512
106871,106938,106944,67,6,1,900,7.3
106877,106922,107149,45,227,14,9960,1.19823788546
106895,106943,107028,48,85,1,1800,1.56470588235
106966,106972,110376,6,3404,2,36000,1.0017626322
107017,107023,107028,6,5,1,900,1.1
107026,107032,107137,6,105,1,1800,1.05714285714
107027,107038,107282,11,244,14,9960,1.04508196721
107029,107043,107045,14,2,1,600,1.6
107123,107129,107141,6,12,1,600,1.5
107148,107154,107161,6,7,1,900,1.3
107155,107161,107427,6,266,14,9960,1.02255639098
107160,107167,110018,7,2851,2,36000,1.00245527885
107177,107183,110218,6,3035,2,36000,1.00197693575
107179,107189,110118,10,2929,2,36000,1.00341413452
107280,107286,107290,6,4,1,900,1.0
107281,107292,110570,11,3278,2,36000,1.0033557047
107291,107298,107555,7,257,14,9960,1.02723735409
107298,107304,110543,6,3239,2,36000,1.00185242359
107316,107322,110557,6,3235,2,36000,1.00185471406
107317,107328,110700,11,3372,2,36000,1.00326215896
107334,107340,110342,6,3002,2,36000,1.00199866755
107335,107346,110669,11,3323,2,36000,1.00331026181
107425,107431,107438,6,7,1,900,1.3
107428,107437,110822,9,3385,2,36000,1.00265878877
107432,107443,107705,11,262,14,9960,1.04198473282
107476,107482,110589,6,3107,2,36000,1.00193112327
107478,107488,107691,10,203,1,600,1.04926108374
107512,107518,110841,6,3323,2,36000,1.00180559735
107553,107559,107564,6,5,1,900,1.1
107562,107569,107823,7,254,14,9960,1.02755905512
107588,107594,110784,6,3190,2,36000,1.00188087774
107590,107600,110766,10,3166,2,36000,1.0031585597
107613,107619,110970,6,3351,2,36000,1.0017905103
107652,107658,110782,6,3124,2,36000,1.0019206146
107653,107664,110988,11,3324,2,36000,1.00330926594
107702,107708,107716,6,8,1,900,1.4
107709,107716,107983,7,267,14,9960,1.02621722846
107752,107758,110896,6,3138,2,36000,1.00191204589
107783,107789,111060,6,3271,2,36000,1.00183430144
107791,107797,108360,6,563,1,1800,1.01065719361
107799,107805,111302,6,3497,2,36000,1.00171575636
107801,107811,111261,10,3450,2,36000,1.00289855072
107802,107816,111650,14,3834,2,36000,1.00365153886
107822,107833,107838,11,5,1,900,1.6
107822,107828,111517,6,3689,2,36000,1.00162645703
107831,107839,108058,8,219,14,9960,1.03652968037
107839,107845,111782,6,3937,2,36000,1.00152400305
107856,107862,111059,6,3197,2,36000,1.00187675946
107873,107879,108171,6,292,1,1800,1.02054794521
107875,107885,108028,10,143,1,600,1.06993006993
107938,107944,111894,6,3950,2,36000,1.00151898734
107939,107950,111531,11,3581,2,36000,1.00307176766
107956,107962,111403,6,3441,2,36000,1.00174367916
107973,107979,111544,6,3565,2,36000,1.00168302945
107974,107985,111095,11,3110,2,36000,1.00353697749
107980,107991,108005,11,14,1,900,1.78571428571
107987,107997,108256,10,259,14,9960,1.03861003861
107991,108002,111000,11,2998,2,36000,1.00366911274
108032,108038,111064,6,3026,2,36000,1.0019828156
108049,108055,112662,6,4607,2,36000,1.00130236596
108056,108062,108068,6,6,1,900,1.2
108063,108069,108322,6,253,14,9960,1.02371541502
108065,108075,111178,10,3103,2,36000,1.00322268772
108083,108089,111155,6,3066,2,36000,1.00195694716
108099,108106,111406,7,3300,2,36000,1.00212121212
108145,108151,111875,6,3724,2,36000,1.00161117078
108162,108168,111369,6,3201,2,36000,1.00187441425
108163,108174,111560,11,3386,2,36000,1.003248671
108180,108186,108824,6,638,4,600,1.00940438871
108188,108194,111331,6,3137,2,36000,1.0019126554
108213,108219,111223,6,3004,2,36000,1.00199733688
108214,108225,111291,11,3066,2,36000,1.00358773646
108253,108259,108267,6,8,1,900,1.4
108260,108267,108532,7,265,14,9960,1.02641509434
108305,108311,111500,6,3189,2,36000,1.00188146754
108319,108325,108332,6,7,1,900,1.3
108330,108340,111331,10,2991,2,36000,1.00334336342
108330,108335,108586,5,251,14,9960,1.01992031873
108331,108347,111564,16,3217,2,36000,1.00497357787
108348,108354,111674,6,3320,2,36000,1.00180722892
108412,108418,111533,6,3115,2,36000,1.00192616372
108414,108424,111704,10,3280,2,36000,1.00304878049
108490,108496,111561,6,3065,2,36000,1.00195758564
108531,108537,108544,6,7,1,900,1.3
108538,108544,108783,6,239,14,9960,1.02510460251
108584,108590,108597,6,7,1,900,1.3
108594,108600,108847,6,247,14,9960,1.02429149798
108651,108657,112038,6,3381,2,36000,1.00177462289
108716,108722,111921,6,3199,2,36000,1.00187558612
108779,108785,112262,6,3477,2,36000,1.00172562554
108781,108791,108798,10,7,1,900,1.7
108787,108797,109027,10,230,14,9960,1.04347826087
108799,108806,111789,7,2983,2,36000,1.00234663091
108845,108851,108858,6,7,1,900,1.3
108856,108862,109109,6,247,14,9960,1.02429149798
108936,108942,109232,6,290,4,3600,1.02068965517
109022,109029,109036,7,7,1,900,1.4
109030,109038,109307,8,269,14,9960,1.02973977695
109071,109077,112234,6,3157,2,36000,1.00190053849
109072,109083,112384,11,3301,2,36000,1.00333232354
109107,109113,109118,6,5,1,900,1.1
109116,109122,109380,6,258,14,9960,1.02325581395
109122,109128,112073,6,2945,2,36000,1.00203735144
109250,109256,112801,6,3545,2,36000,1.00169252468
109300,109306,109314,6,8,1,900,1.4
109307,109318,109552,11,234,14,9960,1.04700854701
109314,109324,112684,10,3360,2,36000,1.00297619048
109344,109351,113078,7,3727,2,36000,1.00187818621
109374,109380,112706,6,3326,2,36000,1.00180396873
109378,109386,109394,8,8,1,900,1.6
109387,109393,109643,6,250,14,9960,1.024
109425,109431,112629,6,3198,2,36000,1.00187617261
109495,109501,113158,6,3657,2,36000,1.00164068909
109531,109538,112526,7,2988,2,36000,1.00234270415
109549,109556,109563,7,7,1,900,1.4
109556,109563,109793,7,230,14,9960,1.03043478261
109619,109625,112551,6,2926,2,36000,1.002050581
109641,109647,109653,6,6,1,900,1.2
109654,109660,109912,6,252,14,9960,1.02380952381
109785,109792,113081,7,3289,2,36000,1.00212830648
109792,109798,109807,6,9,1,900,1.5
109799,109804,110038,5,234,14,9960,1.02136752137
109802,109810,113198,8,3388,2,36000,1.00236127509
109842,109849,113281,7,3432,2,36000,1.00203962704
109863,109869,113417,6,3548,2,36000,1.00169109357
109865,109875,113674,10,3799,2,36000,1.00263227165
109885,109891,112970,6,3079,2,36000,1.00194868464
109910,109916,109921,6,5,1,900,1.1
109914,109922,113135,8,3213,2,36000,1.00248988484
109919,109928,110160,9,232,14,9960,1.03879310345
110000,110006,113332,6,3326,2,36000,1.00180396873
110018,110024,112950,6,2926,2,36000,1.002050581
110019,110030,113424,11,3394,2,36000,1.00324101355
110023,110035,110085,12,50,1,1800,1.24
110036,110042,113313,6,3271,2,36000,1.00183430144
110037,110047,110053,10,6,1,900,1.6
110037,110058,113041,21,2983,2,36000,1.00703989273
110039,110063,113353,24,3290,2,36000,1.00729483283
110043,110053,110293,10,240,14,9960,1.04166666667
110069,110075,113597,6,3522,2,36000,1.00170357751
110086,110092,113292,6,3200,2,36000,1.001875
110138,110144,113791,6,3647,2,36000,1.00164518783
110139,110150,113696,11,3546,2,36000,1.00310208686
110141,110155,113735,14,3580,2,36000,1.00391061453
110157,110164,110170,7,6,1,900,1.3
110169,110176,110399,7,223,14,9960,1.03139013453
110177,110183,113445,6,3262,2,36000,1.00183936235
110219,110225,113945,6,3720,2,36000,1.00161290323
110220,110231,113131,11,2900,2,36000,1.00379310345
110241,110247,113378,6,3131,2,36000,1.00191632066
110257,110263,113711,6,3448,2,36000,1.00174013921
110290,110296,113340,6,3044,2,36000,1.00197109067
110291,110302,110309,11,7,1,900,1.8
110298,110410,110640,112,230,14,9960,1.48695652174
110326,110332,113420,6,3088,2,36000,1.00194300518
110343,110349,113352,6,3003,2,36000,1.001998002
110345,110355,113838,10,3483,2,36000,1.00287108814
110378,110384,113303,6,2919,2,36000,1.00205549846
110397,110403,110409,6,6,1,900,1.2
110407,110651,110903,244,252,14,9960,1.96825396825
110416,110423,110504,7,81,1,1800,1.08641975309
110490,110496,114118,6,3622,2,36000,1.00165654335
110547,110553,114226,6,3673,2,36000,1.00163354206
110565,110571,113496,6,2925,2,36000,1.00205128205
110567,110577,114109,10,3532,2,36000,1.00283125708
110584,110590,113772,6,3182,2,36000,1.00188560654
110600,110606,114047,6,3441,2,36000,1.00174367916
110638,110644,110650,6,6,1,900,1.2
110644,110914,111150,270,236,14,9960,2.14406779661
110672,110679,113874,7,3195,2,36000,1.00219092332
110702,110709,114157,7,3448,2,36000,1.00203016241
110769,110775,114273,6,3498,2,36000,1.00171526587
110786,110792,114208,6,3416,2,36000,1.00175644028
110787,110798,114343,11,3545,2,36000,1.00310296192
110824,110830,114250,6,3420,2,36000,1.00175438596
110844,110850,114201,6,3351,2,36000,1.0017905103
110900,110907,110913,7,6,1,900,1.3
110910,111161,111391,251,230,14,9960,2.09130434783
110911,110920,114228,9,3308,2,36000,1.00272067715
110973,110979,114243,6,3264,2,36000,1.00183823529
110990,110996,114433,6,3437,2,36000,1.00174570847
111007,111014,113932,7,2918,2,36000,1.00239890336
111060,111067,114654,7,3587,2,36000,1.0019514915
111062,111073,114268,11,3195,2,36000,1.0034428795
111078,111084,114664,6,3580,2,36000,1.00167597765
111098,111104,114305,6,3201,2,36000,1.00187441425
111147,111154,111160,7,6,1,900,1.3
111157,111167,114507,10,3340,2,36000,1.00299401198
111159,111205,111438,46,233,14,9960,1.1974248927
111182,111188,114331,6,3143,2,36000,1.00190900414
111228,111234,114396,6,3162,2,36000,1.00189753321
111264,111270,114375,6,3105,2,36000,1.00193236715
111295,111301,114878,6,3577,2,36000,1.00167738328
111311,111317,114960,6,3643,2,36000,1.00164699424
111335,111341,115039,6,3698,2,36000,1.00162249865
111336,111347,114354,11,3007,2,36000,1.00365813103
111373,111379,114600,6,3221,2,36000,1.00186277554
111388,111395,111401,7,6,1,900,1.3
111397,111403,111669,6,266,14,9960,1.02255639098
111407,111413,115215,6,3802,2,36000,1.00157811678
111408,111419,114487,11,3068,2,36000,1.00358539765
111416,111425,111714,9,289,1,1800,1.03114186851
111435,111441,111447,6,6,1,900,1.2
111445,111451,111657,6,206,14,9960,1.02912621359
111503,111509,114636,6,3127,2,36000,1.00191877199
111521,111527,114559,6,3032,2,36000,1.00197889182
111538,111544,114640,6,3096,2,36000,1.0019379845
111540,111550,115290,10,3740,2,36000,1.00267379679
111556,111563,114944,7,3381,2,36000,1.00207039337
111573,111579,115111,6,3532,2,36000,1.00169875425
111574,111585,115232,11,3647,2,36000,1.00301617768
111575,111590,114832,15,3242,2,36000,1.0046267736
111656,111662,111668,6,6,1,900,1.2
111664,111670,111675,6,5,1,900,1.1
111669,111676,111821,7,145,14,9960,1.04827586207
111672,111687,115035,15,3348,2,36000,1.00448028674
111674,111682,111909,8,227,14,9960,1.03524229075
111689,111695,115017,6,3322,2,36000,1.00180614088
111706,111712,114697,6,2985,2,36000,1.00201005025
111817,111823,115125,6,3302,2,36000,1.00181708056
111818,111829,115597,11,3768,2,36000,1.00291932059
111819,111889,111895,70,6,1,900,7.6
111825,111835,111977,10,142,14,9960,1.07042253521
111877,111883,115457,6,3574,2,36000,1.00167879127
111899,111905,115085,6,3180,2,36000,1.00188679245
111907,111913,111920,6,7,1,900,1.3
111918,111924,112147,6,223,14,9960,1.0269058296
111925,111931,114973,6,3042,2,36000,1.00197238659
111976,111988,111992,12,4,1,900,1.6
111983,112003,112181,20,178,14,9960,1.11235955056
112040,112046,114898,6,2852,2,36000,1.00210378682
112075,112081,115905,6,3824,2,36000,1.00156903766
112145,112159,112164,14,5,1,900,1.9
112157,112175,112402,18,227,14,9960,1.07929515419
112180,112192,112197,12,5,1,900,1.7
112195,112208,112353,13,145,14,9960,1.08965517241
112237,112243,115539,6,3296,2,36000,1.00182038835
112264,112270,115179,6,2909,2,36000,1.00206256446
112351,112357,112363,6,6,1,900,1.2
112359,112364,112517,5,153,14,9960,1.03267973856
112385,112391,115764,6,3373,2,36000,1.0017788319
112400,112406,112415,6,9,1,900,1.5
112408,112413,112668,5,255,14,9960,1.01960784314
112515,112521,112526,6,5,1,900,1.1
112522,112528,112685,6,157,14,9960,1.03821656051
112529,112535,115553,6,3018,2,36000,1.00198807157
112555,112562,115906,7,3344,2,36000,1.00209330144
112646,112652,115884,6,3232,2,36000,1.00185643564
112666,112677,112683,11,6,1,900,1.7
112666,112672,115719,6,3047,2,36000,1.00196914998
112678,112683,112942,5,259,14,9960,1.01930501931
112683,112689,112696,6,7,1,900,1.3
112686,112695,115711,9,3016,2,36000,1.00298408488
112690,112701,112873,11,172,14,9960,1.06395348837
112706,112712,115791,6,3079,2,36000,1.00194868464
112804,112810,115906,6,3096,2,36000,1.0019379845
112871,112877,112884,6,7,1,900,1.3
112878,112884,112971,6,87,14,9960,1.06896551724
112939,112945,112951,6,6,1,900,1.2
112948,112954,113173,6,219,14,9960,1.02739726027
112954,112960,115906,6,2946,2,36000,1.00203665988
112969,112975,112980,6,5,1,900,1.1
112972,112981,115906,9,2925,2,36000,1.00307692308
112975,112987,113077,12,90,14,9960,1.13333333333
113045,113051,115906,6,2855,2,36000,1.00210157618
113075,113081,113090,6,9,1,900,1.5
113082,113088,113227,6,139,14,9960,1.04316546763
113082,113093,115906,11,2813,2,36000,1.00391041593
113083,113099,115906,16,2807,2,36000,1.00570003563
113134,113140,115906,6,2766,2,36000,1.0021691974
113151,113157,115906,6,2749,2,36000,1.00218261186
113167,113173,115906,6,2733,2,36000,1.00219538968
113170,113179,113184,9,5,1,900,1.4
113180,113186,113416,6,230,14,9960,1.02608695652
113200,113206,115906,6,2700,2,36000,1.00222222222
113225,113231,113239,6,8,1,900,1.4
113231,113237,113411,6,174,14,9960,1.03448275862
113285,113292,115906,7,2614,2,36000,1.00267788829
113303,113309,115906,6,2597,2,36000,1.00231035811
113305,113315,115906,10,2591,2,36000,1.0038595137
113321,113328,115906,7,2578,2,36000,1.00271528317
113339,113344,115906,5,2562,2,36000,1.00195160031
113356,113362,115906,6,2544,2,36000,1.00235849057
113357,113368,115906,11,2538,2,36000,1.00433412136
113358,113373,115906,15,2533,2,36000,1.00592183182
113381,113387,115906,6,2519,2,36000,1.00238189758
113409,113415,113422,6,7,1,900,1.3
113413,113421,113428,8,7,1,900,1.5
113416,113427,113615,11,188,14,9960,1.0585106383
113420,113432,115906,12,2474,2,36000,1.00485044462
113422,113444,113699,22,255,14,9960,1.0862745098
113422,113437,115906,15,2469,2,36000,1.00607533414
113440,113451,115906,11,2455,2,36000,1.00448065173
113457,113463,115906,6,2443,2,36000,1.00245599673
113499,113506,115906,7,2400,2,36000,1.00291666667
113599,113605,115906,6,2301,2,36000,1.00260756193
113613,113619,113628,6,9,1,900,1.5
113621,113627,113795,6,168,14,9960,1.03571428571
113676,113682,115906,6,2224,2,36000,1.00269784173
113698,113704,113710,6,6,1,900,1.2
113699,113710,115907,11,2197,2,36000,1.00500682749
113705,113716,113973,11,257,14,9960,1.04280155642
113716,113722,115907,6,2185,2,36000,1.00274599542
113737,113743,115906,6,2163,2,36000,1.0027739251
113774,113780,115906,6,2126,2,36000,1.00282220132
113793,113800,115906,7,2106,2,36000,1.00332383666
113793,113805,113811,12,6,1,900,1.8
113801,113811,113991,10,180,14,9960,1.05555555556
113842,113848,115906,6,2058,2,36000,1.0029154519
113875,113881,115906,6,2025,2,36000,1.00296296296
113934,113941,115906,7,1965,2,36000,1.00356234097
113951,113958,115906,7,1948,2,36000,1.00359342916
113972,113978,113985,6,7,1,900,1.3
113980,113986,114243,6,257,14,9960,1.0233463035
113989,113995,114002,6,7,1,900,1.3
113996,114014,114185,18,171,14,9960,1.10526315789
114050,114056,115906,6,1850,2,36000,1.00324324324
114114,114120,115906,6,1786,2,36000,1.00335946249
114131,114137,115906,6,1769,2,36000,1.00339174675
114160,114167,115906,7,1739,2,36000,1.0040253019
114183,114189,114196,6,7,1,900,1.3
114189,114195,114339,6,144,14,9960,1.04166666667
114204,114210,115906,6,1696,2,36000,1.00353773585
114221,114228,115906,7,1678,2,36000,1.0041716329
114239,114246,115906,7,1660,2,36000,1.00421686747
114241,114252,115906,11,1654,2,36000,1.00665054414
114242,114257,114264,15,7,1,900,2.2
114252,114263,114504,11,241,14,9960,1.04564315353
114259,114269,115906,10,1637,2,36000,1.00610873549
114260,114274,115906,14,1632,2,36000,1.00857843137
114277,114283,115906,6,1623,2,36000,1.00369685767
114278,114289,115907,11,1618,2,36000,1.00679851669
114308,114314,115906,6,1592,2,36000,1.00376884422
114335,114341,115907,6,1566,2,36000,1.00383141762
114338,114347,114353,9,6,1,900,1.5
114345,114353,114522,8,169,14,9960,1.04733727811
114353,114359,115907,6,1548,2,36000,1.00387596899
114370,114376,115907,6,1531,2,36000,1.00391900718
114388,114394,115907,6,1513,2,36000,1.0039656312
114405,114411,115907,6,1496,2,36000,1.00401069519
114435,114441,115907,6,1466,2,36000,1.00409276944
114490,114496,115907,6,1411,2,36000,1.00425230333
114501,114508,114513,7,5,1,900,1.2
114510,114515,114751,5,236,14,9960,1.02118644068
114510,114521,115907,11,1386,2,36000,1.00793650794
114521,114527,114533,6,6,1,900,1.2
114528,114534,114699,6,165,14,9960,1.03636363636
114563,114569,115907,6,1338,2,36000,1.00448430493
114603,114610,115907,7,1297,2,36000,1.00539707016
114641,114647,115907,6,1260,2,36000,1.00476190476
114642,114653,115907,11,1254,2,36000,1.00877192982
114659,114665,115907,6,1242,2,36000,1.00483091787
114676,114682,115907,6,1225,2,36000,1.00489795918
114697,114703,114709,6,6,1,900,1.2
114701,114709,115907,8,1198,2,36000,1.00667779633
114704,114715,114861,11,146,14,9960,1.07534246575
114749,114755,114761,6,6,1,900,1.2
114757,114763,114983,6,220,14,9960,1.02727272727
114844,114850,115907,6,1057,2,36000,1.00567644276
114860,114866,114872,6,6,1,900,1.2
114867,114874,115052,7,178,14,9960,1.0393258427
114879,114886,115907,7,1021,2,36000,1.00685602351
114900,114906,115907,6,1001,2,36000,1.00599400599
114947,114953,115907,6,954,2,36000,1.00628930818
114965,114971,115907,6,936,2,36000,1.00641025641
114981,114987,114993,6,6,1,900,1.2
114982,114993,115907,11,914,2,36000,1.01203501094
114990,114999,115230,9,231,14,9960,1.03896103896
115020,115026,115907,6,881,2,36000,1.00681044268
115038,115044,115907,6,863,2,36000,1.00695249131
115049,115055,115060,6,5,1,900,1.1
115055,115061,115907,6,846,2,36000,1.00709219858
115057,115067,115238,10,171,14,9960,1.05847953216
115087,115093,115907,6,814,2,36000,1.00737100737
115113,115119,115907,6,788,2,36000,1.0076142132
115130,115136,115907,6,771,2,36000,1.00778210117
115181,115187,115907,6,720,2,36000,1.00833333333
115219,115225,115907,6,682,2,36000,1.00879765396
115228,115234,115241,6,7,1,900,1.3
115235,115247,115907,12,660,2,36000,1.01818181818
115236,115241,115424,5,183,14,9960,1.02732240437
115236,115252,115258,16,6,1,900,2.2
115242,115258,115428,16,170,14,9960,1.09411764706
115259,115269,115285,10,16,4,396000,1.625
115300,115306,115907,6,601,2,36000,1.00998336106
115422,115428,115434,6,6,1,900,1.2
115426,115434,115439,8,5,1,900,1.3
115431,115440,115660,9,220,14,9960,1.04090909091
115432,115445,115620,13,175,14,9960,1.07428571429
115463,115468,115907,5,439,2,36000,1.01138952164
115549,115555,115907,6,352,2,36000,1.01704545455
115566,115572,115907,6,335,2,36000,1.01791044776
115599,115605,115907,6,302,2,36000,1.01986754967
115618,115624,115630,6,6,1,900,1.2
115625,115631,115775,6,144,14,9960,1.04166666667
115646,115892,119956,246,4064,32,57600,1.06053149606
115658,115664,115671,6,7,1,900,1.3
115665,115671,115881,6,210,14,9960,1.02857142857
115715,115721,115907,6,186,2,36000,1.03225806452
115733,115739,115907,6,168,2,36000,1.03571428571
115765,115771,115907,6,136,2,36000,1.04411764706
115774,115780,115785,6,5,1,900,1.1
115781,115926,116082,145,156,14,9960,1.92948717949
115793,115799,115907,6,108,2,36000,1.05555555556
115878,115885,115891,7,6,1,900,1.3
115886,115897,115907,11,10,2,36000,2.1
115886,115931,116018,45,87,14,9960,1.51724137931
115975,115981,117078,6,1097,2,36000,1.00546946217
115977,115987,117078,10,1091,2,36000,1.00916590284
115978,115992,117078,14,1086,2,36000,1.01289134438
115980,115997,117078,17,1081,2,36000,1.01572617946
115981,116002,117078,21,1076,2,36000,1.01951672862
115985,116009,117078,24,1069,2,36000,1.02245088868
115986,116014,117078,28,1064,2,36000,1.02631578947
115988,116019,117078,31,1059,2,36000,1.02927289896
115991,116025,117078,34,1053,2,36000,1.03228869896
115993,116030,117078,37,1048,2,36000,1.03530534351
115995,116035,117078,40,1043,2,36000,1.03835091083
115999,116040,117078,41,1038,2,36000,1.03949903661
116001,116045,117078,44,1033,2,36000,1.04259438529
116005,116057,117078,52,1021,2,36000,1.05093046033
116008,116062,117078,54,1016,2,36000,1.0531496063
116009,116068,117078,59,1010,2,36000,1.05841584158
116012,116073,117078,61,1005,2,36000,1.06069651741
116014,116078,117078,64,1000,2,36000,1.064
116016,116151,116156,135,5,1,900,14.0
116016,116083,117078,67,995,2,36000,1.06733668342
116019,116089,117078,70,989,2,36000,1.07077856421
116020,116094,117078,74,984,2,36000,1.07520325203
116023,116099,117078,76,979,2,36000,1.07763023493
116025,116104,117078,79,974,2,36000,1.08110882957
116027,116110,117078,83,968,2,36000,1.08574380165
116029,116052,116140,23,88,14,9960,1.26136363636
116030,116115,117078,85,963,2,36000,1.08826583593
116031,116120,117078,89,958,2,36000,1.09290187891
116035,116125,117078,90,953,2,36000,1.0944386149
116037,116130,117078,93,948,2,36000,1.09810126582
116040,116136,117078,96,942,2,36000,1.10191082803
116042,116141,117078,99,937,2,36000,1.10565635005
116045,116146,117078,101,932,2,36000,1.10836909871
116049,116168,117078,119,910,2,36000,1.13076923077
116051,116173,117078,122,905,2,36000,1.13480662983
116053,116178,117078,125,900,2,36000,1.13888888889
116055,116183,117078,128,895,2,36000,1.14301675978
116056,116189,117078,133,889,2,36000,1.14960629921
116058,116194,117078,136,884,2,36000,1.15384615385
116061,116199,117078,138,879,2,36000,1.15699658703
116064,116204,117078,140,874,2,36000,1.16018306636
116066,116209,117078,143,869,2,36000,1.16455696203
116067,116215,117082,148,867,2,36000,1.17070357555
116069,116220,117082,151,862,2,36000,1.17517401392
116071,116225,117082,154,857,2,36000,1.1796966161
116073,116230,117082,157,852,2,36000,1.18427230047
116075,116235,117082,160,847,2,36000,1.18890200708
116078,116241,117082,163,841,2,36000,1.19381688466
116080,116246,117082,166,836,2,36000,1.1985645933
116080,116413,116420,333,7,1,900,34.0
116083,116251,117082,168,831,2,36000,1.20216606498
116086,116256,117082,170,826,2,36000,1.20581113801
116087,116157,116329,70,172,14,9960,1.40697674419
116089,116261,117082,172,821,2,36000,1.20950060901
116091,116267,117082,176,815,2,36000,1.21595092025
116094,116272,117082,178,810,2,36000,1.21975308642
116096,116277,117082,181,805,2,36000,1.2248447205
116099,116282,117082,183,800,2,36000,1.22875
116100,116287,117082,187,795,2,36000,1.23522012579
116104,116293,117082,189,789,2,36000,1.23954372624
116107,116298,117082,191,784,2,36000,1.24362244898
116110,116303,117082,193,779,2,36000,1.24775353017
116111,116308,117082,197,774,2,36000,1.25452196382
116114,116314,117082,200,768,2,36000,1.26041666667
116115,116319,117082,204,763,2,36000,1.26736566186
116118,116324,117082,206,758,2,36000,1.27176781003
116120,116329,117082,209,753,2,36000,1.2775564409
116124,116334,117082,210,748,2,36000,1.2807486631
116125,116340,117082,215,742,2,36000,1.2897574124
116128,116345,117082,217,737,2,36000,1.29443690638
116130,116350,117083,220,733,2,36000,1.30013642565
116132,116355,117083,223,728,2,36000,1.30631868132
116134,116360,117083,226,723,2,36000,1.31258644537
116136,116366,117083,230,717,2,36000,1.32078103208
116138,117090,117094,952,4,1,900,95.6
116139,116371,117083,232,712,2,36000,1.32584269663
116140,116376,117083,236,707,2,36000,1.33380480905
116142,116381,117083,239,702,2,36000,1.34045584046
116144,116386,117083,242,697,2,36000,1.34720229555
116147,116392,117083,245,691,2,36000,1.35455861071
116148,116162,116290,14,128,14,9960,1.109375
116149,116397,117083,248,686,2,36000,1.36151603499
116150,116402,117083,252,681,2,36000,1.37004405286
116152,116407,117083,255,676,2,36000,1.37721893491
116153,116431,117083,278,652,2,36000,1.4263803681
116155,116648,117083,493,435,2,36000,2.13333333333
116156,116653,117083,497,430,2,36000,2.15581395349
116158,116659,117083,501,424,2,36000,2.18160377358
116160,116664,117083,504,419,2,36000,2.20286396181
116161,116669,117083,508,414,2,36000,2.2270531401
116163,116674,117083,511,409,2,36000,2.24938875306
116165,116679,117083,514,404,2,36000,2.27227722772
116288,117095,117099,807,4,1,900,81.1
116300,116419,116637,119,218,14,9960,1.54587155963
116327,117100,117106,773,6,1,900,77.9
116334,116424,116606,90,182,14,9960,1.49450549451
116604,117106,117111,502,5,1,900,50.7
116611,116617,116782,6,165,14,9960,1.03636363636
116635,117111,117118,476,7,1,900,48.3
116646,116793,117050,147,257,14,9960,1.5719844358
116777,117116,117122,339,6,1,900,34.5
116784,117062,117241,278,179,14,9960,2.5530726257
117049,117121,117126,72,5,1,900,7.7
117056,117137,117265,81,128,14,9960,1.6328125
117170,117176,118422,6,1246,3,7200,1.00481540931
117230,117236,159782,6,42546,1,72000,1.00014102383
117239,117245,117252,6,7,1,900,1.3
117246,117252,117433,6,181,14,9960,1.03314917127
117262,117269,117277,7,8,1,900,1.5
117271,117277,117363,6,86,14,9960,1.06976744186
117361,117367,117371,6,4,1,900,1.0
117369,117375,117544,6,169,14,9960,1.03550295858
117400,117406,130173,6,12767,1,252000,1.00046996162
117431,117437,117442,6,5,1,900,1.1
117438,117443,117605,5,162,14,9960,1.03086419753
117515,117521,159654,6,42133,1,234000,1.00014240619
117543,117549,117558,6,9,1,900,1.5
117550,117556,117642,6,86,14,9960,1.06976744186
117567,117573,123155,6,5582,1,72000,1.00107488355
117603,117609,117615,6,6,1,900,1.2
117610,117616,117789,6,173,14,9960,1.03468208092
117642,117648,117654,6,6,1,900,1.2
117648,117654,117737,6,83,14,9960,1.07228915663
117736,117742,117749,6,7,1,900,1.3
117747,117753,141006,6,23253,64,36000,1.00025803122
117749,117759,117913,10,154,14,9960,1.06493506494
117788,117794,117801,6,7,1,900,1.3
117800,117806,117962,6,156,14,9960,1.03846153846
117911,117917,117924,6,7,1,900,1.3
117918,117924,118160,6,236,14,9960,1.02542372881
117957,117963,117968,6,5,1,900,1.1
117964,117974,118156,10,182,14,9960,1.05494505495
118154,118160,118170,6,10,1,900,1.6
118158,118166,118173,8,7,1,900,1.5
118161,118172,118345,11,173,14,9960,1.06358381503
118166,118177,118315,11,138,14,9960,1.07971014493
118225,118231,122100,6,3869,2,36000,1.00155078832
118227,118237,121848,10,3611,2,36000,1.00276931598
118228,118242,122230,14,3988,2,36000,1.00351053159
118229,118247,121902,18,3655,2,36000,1.0049247606
118230,118253,122098,23,3845,2,36000,1.00598179454
118232,118258,122366,26,4108,2,36000,1.00632911392
118233,118264,122252,31,3988,2,36000,1.00777331996
118234,118269,122373,35,4104,2,36000,1.00852826511
118236,118274,122443,38,4169,2,36000,1.00911489566
118237,118279,122074,42,3795,2,36000,1.01106719368
118238,118285,121999,47,3714,2,36000,1.0126548196
118240,118290,122429,50,4139,2,36000,1.01208021261
118241,118295,122143,54,3848,2,36000,1.01403326403
118242,118300,121835,58,3535,2,36000,1.01640735502
118244,118306,122260,62,3954,2,36000,1.01568032372
118245,118311,122003,66,3692,2,36000,1.01787648971
118246,118316,122164,70,3848,2,36000,1.01819126819
118248,118321,121729,73,3408,2,36000,1.02142018779
118249,118326,121912,77,3586,2,36000,1.02147239264
118250,118332,122170,82,3838,2,36000,1.02136529442
118251,118337,121956,86,3619,2,36000,1.02376347057
118253,118342,121958,89,3616,2,36000,1.02461283186
118254,118347,122128,93,3781,2,36000,1.02459666755
118255,118352,121873,97,3521,2,36000,1.02754899176
118257,118358,122272,101,3914,2,36000,1.02580480327
118258,118363,122009,105,3646,2,36000,1.02879868349
118260,118380,122312,120,3932,2,36000,1.03051881994
118261,118385,121751,124,3366,2,36000,1.03683897802
118262,118390,121890,128,3500,2,36000,1.03657142857
118263,118395,122150,132,3755,2,36000,1.03515312916
118265,118400,122290,135,3890,2,36000,1.03470437018
118266,118406,122012,140,3606,2,36000,1.03882418192
118267,118411,122233,144,3822,2,36000,1.03767660911
118269,118416,121821,147,3405,2,36000,1.04317180617
118270,118421,122295,151,3874,2,36000,1.03897780072
118271,118426,122008,155,3582,2,36000,1.04327191513
118273,118432,122097,159,3665,2,36000,1.04338335607
118274,118437,122115,163,3678,2,36000,1.04431756389
118275,118442,122147,167,3705,2,36000,1.04507422402
118277,118447,122248,170,3801,2,36000,1.04472507235
118278,118452,122089,174,3637,2,36000,1.04784162772
118279,118458,122084,179,3626,2,36000,1.04936569222
118281,118463,122468,182,4005,2,36000,1.045443196
118282,118579,122223,297,3644,2,36000,1.08150384193
118283,118728,122882,445,4154,2,36000,1.10712566201
118285,118733,122235,448,3502,2,36000,1.12792689891
118286,118738,122635,452,3897,2,36000,1.1159866564
118287,118744,122729,457,3985,2,36000,1.11468005019
118289,118749,122308,460,3559,2,36000,1.12924978927
118290,118754,122688,464,3934,2,36000,1.11794611083
118291,121741,125610,3450,3869,2,36000,1.8917032825
118293,121762,125352,3469,3590,2,36000,1.96629526462
118294,121833,125433,3539,3600,2,36000,1.98305555556
118295,121847,125561,3552,3714,2,36000,1.9563812601
118297,121884,125626,3587,3742,2,36000,1.95857830037
118298,121902,125874,3604,3972,2,36000,1.90735146022
118300,121913,125604,3613,3691,2,36000,1.97886751558
118301,121923,125527,3622,3604,2,36000,2.00499445061
118302,121967,125927,3665,3960,2,36000,1.92550505051
118304,121973,126301,3669,4328,2,36000,1.84773567468
118305,122010,125980,3705,3970,2,36000,1.93324937028
118306,122016,125746,3710,3730,2,36000,1.99463806971
118308,122022,126356,3714,4334,2,36000,1.85694508537
118309,122027,125919,3718,3892,2,36000,1.95529290853
118310,122033,126637,3723,4604,2,36000,1.80864465682
118312,122085,125553,3773,3468,2,36000,2.08794694348
118313,122095,126024,3782,3929,2,36000,1.96258589972
118314,122101,125866,3787,3765,2,36000,2.00584329349
118314,118468,118475,154,7,1,900,16.1
118316,122112,125749,3796,3637,2,36000,2.04371734946
118317,122118,126034,3801,3916,2,36000,1.97063329928
118323,118369,118591,46,222,14,9960,1.20720720721
118343,118474,118483,131,9,1,900,14.0
118351,118374,118563,23,189,14,9960,1.12169312169
118505,122126,150539,3621,28413,70,28800,1.12744166403
118561,118567,118574,6,7,1,900,1.3
118568,118574,118717,6,143,14,9960,1.04195804196
118587,118594,118602,7,8,1,900,1.5
118596,118602,118818,6,216,14,9960,1.02777777778
118716,118722,118732,6,10,1,900,1.6
118724,118829,119002,105,173,14,9960,1.60693641618
118816,118822,118834,6,12,1,900,1.5
118823,119013,119147,190,134,14,9960,2.41791044776
118973,122740,125826,3767,3086,1,108000,2.22067401167
118973,124639,127412,5666,2773,1,108000,3.04327443202
118974,126617,129692,7643,3075,1,108000,3.48552845528
119000,119006,119019,6,13,1,900,1.46153846154
119007,119159,119302,152,143,14,9960,2.06293706294
119090,127424,129237,8334,1813,1,259200,5.59680088252
119090,129248,131016,10158,1768,1,259200,6.74547511312
119091,129703,131450,10612,1747,1,259200,7.07441327991
119145,119151,119160,6,9,1,900,1.5
119153,119313,119526,160,213,14,9960,1.75117370892
119300,119306,119320,6,14,1,900,1.42857142857
119307,119538,119683,231,145,14,9960,2.59310344828
119312,131461,136608,12149,5147,1,72000,3.3604041189
119314,136624,142257,17310,5633,1,72000,4.07296289721
119317,142441,147839,23124,5398,1,72000,5.28380881808
119525,119532,119544,7,12,1,900,1.58333333333
119535,119694,119911,159,217,14,9960,1.73271889401
119681,119687,119697,6,10,1,900,1.6
119693,119922,120067,229,145,14,9960,2.57931034483
119908,119915,119926,7,11,1,900,1.63636363636
119917,119967,120180,50,213,14,9960,1.23474178404
120065,120071,120082,6,11,1,900,1.54545454545
120075,120081,120230,6,149,14,9960,1.04026845638
120177,120183,120190,6,7,1,900,1.3
120186,120192,120360,6,168,14,9960,1.03571428571
120228,120234,120247,6,13,1,900,1.46153846154
120235,120241,120414,6,173,14,9960,1.03468208092
120240,186034,223410,65794,37376,8,345600,2.76032748288
120358,120364,120372,6,8,1,900,1.4
120365,120371,120538,6,167,14,9960,1.03592814371
120412,120418,120430,6,12,1,900,1.5
120420,120425,120598,5,173,14,9960,1.0289017341
120494,186039,199376,65545,13337,8,345600,5.91452350604
120536,120542,120550,6,8,1,900,1.4
120545,120550,120771,5,221,14,9960,1.02262443439
120595,120602,120612,7,10,1,900,1.7
120607,120613,120785,6,172,14,9960,1.03488372093
120661,186044,208011,65383,21967,8,345600,3.97641917422
120761,186049,193367,65288,7318,8,345600,9.92156326865
120769,141017,169287,20248,28270,70,28800,1.71623629289
120769,120775,120784,6,9,1,900,1.5
120777,120783,120955,6,172,14,9960,1.03488372093
120783,120789,120800,6,11,1,900,1.54545454545
120798,120805,120955,7,150,14,9960,1.04666666667
120948,120954,120963,6,9,1,900,1.5
120953,120960,120970,7,10,1,900,1.7
120957,120966,121182,9,216,14,9960,1.04166666667
120960,120971,121114,11,143,14,9960,1.07692307692
121112,121118,121130,6,12,1,900,1.5
121120,121126,121296,6,170,14,9960,1.03529411765
121179,121185,121198,6,13,1,900,1.46153846154
121186,121193,121362,7,169,14,9960,1.04142011834
121294,121300,121309,6,9,1,900,1.5
121303,121310,121474,7,164,14,9960,1.04268292683
121354,121360,121370,6,10,1,900,1.6
121364,121370,121585,6,215,14,9960,1.02790697674
121472,121478,121488,6,10,1,900,1.6
121480,121485,121629,5,144,14,9960,1.03472222222
121582,121588,121600,6,12,1,900,1.5
121588,121594,121653,6,59,14,9960,1.10169491525
121625,121632,121641,7,9,1,900,1.6
121634,121640,121782,6,142,14,9960,1.04225352113
121651,121657,121658,6,1,1,900,1.0
121731,122131,125183,400,3052,2,36000,1.13106159895
121751,122140,126012,389,3872,2,36000,1.10046487603
121779,121786,121795,7,9,1,900,1.6
121788,121794,121938,6,144,14,9960,1.04166666667
121820,122154,125822,334,3668,2,36000,1.09105779716
121838,122160,126183,322,4023,2,36000,1.08003977131
121852,122166,125955,314,3789,2,36000,1.08287147004
121873,122175,125870,302,3695,2,36000,1.08173207037
121890,122181,125964,291,3783,2,36000,1.07692307692
121905,122241,126255,336,4014,2,36000,1.08370702541
121919,122247,126384,328,4137,2,36000,1.07928450568
121936,121942,121952,6,10,1,900,1.6
121944,121949,122094,5,145,14,9960,1.03448275862
121959,122259,126203,300,3944,2,36000,1.07606490872
121960,122265,126161,305,3896,2,36000,1.07828542094
121999,122272,125981,273,3709,2,36000,1.07360474521
122014,122283,126220,269,3937,2,36000,1.06832613665
122015,122301,126120,286,3819,2,36000,1.07488871432
122017,122307,126313,290,4006,2,36000,1.07239141288
122018,122323,126452,305,4129,2,36000,1.07386776459
122072,122377,126283,305,3906,2,36000,1.07808499744
122086,122384,125894,298,3510,2,36000,1.0849002849
122092,122106,122115,14,9,1,900,2.3
122099,123166,123321,1067,155,14,9960,7.88387096774
122103,122440,125977,337,3537,2,36000,1.09527848459
122104,122454,126173,350,3719,2,36000,1.09411132025
122106,122480,126084,374,3604,2,36000,1.10377358491
122107,124623,126637,2516,2014,2,36000,2.24925521351
122114,126657,130265,4543,3608,16,7200,2.25914634146
122122,124628,126637,2506,2009,2,36000,2.24738675958
122136,124633,126637,2497,2004,2,36000,2.24600798403
122152,125195,126637,3043,1442,2,36000,3.11026352288
122154,125363,126637,3209,1274,2,36000,3.51883830455
122155,125444,126637,3289,1193,2,36000,3.75691533948
122171,125542,126637,3371,1095,2,36000,4.07853881279
122172,125565,126637,3393,1072,2,36000,4.1651119403
122224,125572,126637,3348,1065,2,36000,4.14366197183
122238,125616,126637,3378,1021,2,36000,4.30852105779
122240,125622,126637,3382,1015,2,36000,4.33201970443
122241,125637,126637,3396,1000,2,36000,4.396
122256,125757,126637,3501,880,2,36000,4.97840909091
122257,125763,126637,3506,874,2,36000,5.0114416476
122273,125833,126637,3560,804,2,36000,5.42786069652
122274,125877,126637,3603,760,2,36000,5.74078947368
122289,125883,126637,3594,754,2,36000,5.76657824934
122304,125889,126637,3585,748,2,36000,5.79278074866
122319,125905,126637,3586,732,2,36000,5.89890710383
122320,125931,126637,3611,706,2,36000,6.11473087819
122365,125939,126637,3574,698,2,36000,6.12034383954
122373,150555,170010,28182,19455,32,57600,2.44857363146
122380,125966,126637,3586,671,2,36000,6.34426229508
122429,125976,126637,3547,661,2,36000,6.36611195159
122443,125989,126637,3546,648,2,36000,6.47222222222
122468,125995,126637,3527,642,2,36000,6.4937694704
122530,186569,498792,64039,312223,4,396000,1.2051066065
122637,126000,126637,3363,637,2,36000,6.27943485086
122689,126023,126637,3334,614,2,36000,6.42996742671
122705,166609,246068,43904,79459,2,86400,1.55253652827
122726,122732,122807,6,75,2,1800,1.08
122731,126035,126637,3304,602,2,36000,6.48837209302
122882,126045,126637,3163,592,2,36000,6.34290540541
123319,123333,123341,14,8,1,900,2.2
123333,123352,123519,19,167,14,9960,1.11377245509
123516,123530,123537,14,7,1,900,2.1
123528,123548,123730,20,182,14,9960,1.10989010989
123727,123741,123753,14,12,1,900,2.16666666667
123745,123765,123939,20,174,14,9960,1.11494252874
123936,124582,124594,646,12,1,900,54.8333333333
123944,123955,124104,11,149,14,9960,1.07382550336
124015,124116,124180,101,64,14,9960,2.578125
124102,124587,124601,485,14,1,900,35.6428571429
124108,124192,124277,84,85,14,9960,1.98823529412
124178,124593,124609,415,16,1,900,26.9375
124186,124288,124374,102,86,14,9960,2.18604651163
124275,124598,124599,323,1,1,900,32.4
124372,124603,124614,231,11,1,900,22.0
124379,124385,124473,6,88,14,9960,1.06818181818
124471,124608,124622,137,14,1,900,10.7857142857
124479,124484,124571,5,87,14,9960,1.05747126437
124571,124614,124626,43,12,1,900,4.58333333333
124578,126612,126758,2034,146,14,9960,14.9315068493
124617,169298,196522,44681,27224,40,43199,2.6412356744
124731,126651,135281,1920,8630,2,72000,1.2224797219
125529,125536,150758,7,25222,1,25200,1.00027753548
125702,169303,203243,43601,33940,12,57600,2.28464938126
126053,131333,135443,5280,4110,2,43200,2.28467153285
126148,134739,173463,8591,38724,2,43200,1.2218520814
126187,126193,126637,6,444,2,36000,1.01351351351
126205,126211,126637,6,426,2,36000,1.01408450704
126220,126226,126637,6,411,2,36000,1.01459854015
126231,186023,255610,59792,69587,4,86400,1.85924095018
126239,126245,127444,6,1199,1,18000,1.00500417014
126249,126255,126256,6,1,1,18000,1.0
126252,126262,126264,10,2,1,18000,1.2
126273,186028,186038,59755,10,4,86400,5976.5
126756,127456,127467,700,11,1,900,64.6363636364
126761,126768,127029,7,261,2,36000,1.02681992337
126763,126779,127029,16,250,2,36000,1.064
126764,126784,127029,20,245,2,36000,1.08163265306
126765,126789,127029,24,240,2,36000,1.1
126766,126774,126986,8,212,14,9960,1.03773584906
126767,126794,127029,27,235,2,36000,1.11489361702
126768,126800,127029,32,229,2,36000,1.13973799127
126769,126806,127029,37,223,2,36000,1.16591928251
126771,126811,127029,40,218,2,36000,1.18348623853
126772,126816,127029,44,213,2,36000,1.20657276995
126773,147098,147099,20325,1,1,360000,2032.6
126774,126821,127029,47,208,2,36000,1.22596153846
126775,126827,127029,52,202,2,36000,1.25742574257
126776,126832,127029,56,197,2,36000,1.28426395939
126777,126837,127029,60,192,2,36000,1.3125
126779,126842,127029,63,187,2,36000,1.33689839572
126780,126847,127029,67,182,2,36000,1.36813186813
126782,126853,127029,71,176,2,36000,1.40340909091
126783,126858,127029,75,171,2,36000,1.43859649123
126784,126863,127029,79,166,2,36000,1.47590361446
126786,126868,127029,82,161,2,36000,1.50931677019
126787,126873,127029,86,156,2,36000,1.55128205128
126788,126879,127029,91,150,2,36000,1.60666666667
126790,126884,127029,94,145,2,36000,1.64827586207
126791,126889,127029,98,140,2,36000,1.7
126792,126894,127029,102,135,2,36000,1.75555555556
126794,126899,127029,105,130,2,36000,1.80769230769
126795,126904,127029,109,125,2,36000,1.872
126797,126910,127029,113,119,2,36000,1.94957983193
126798,126915,127029,117,114,2,36000,2.02631578947
126799,126920,127029,121,109,2,36000,2.11009174312
126801,126925,127029,124,104,2,36000,2.19230769231
126802,126931,127029,129,98,2,36000,2.31632653061
126803,126936,127029,133,93,2,36000,2.43010752688
126805,126941,127029,136,88,2,36000,2.54545454545
126806,126946,127029,140,83,2,36000,2.68674698795
126807,126952,127029,145,77,2,36000,2.88311688312
126809,126957,127029,148,72,2,36000,3.05555555556
126810,126962,127029,152,67,2,36000,3.26865671642
126811,126967,127029,156,62,2,36000,3.51612903226
126813,126972,127029,159,57,2,36000,3.78947368421
126814,126978,127029,164,51,2,36000,4.21568627451
126984,127478,127487,494,9,1,900,50.3
126991,126997,127223,6,226,14,9960,1.02654867257
127110,127116,130773,6,3657,2,36000,1.00164068909
127111,127122,131361,11,4239,2,36000,1.00259495164
127113,127127,132758,14,5631,2,36000,1.0024862369
127114,127132,131711,18,4579,2,36000,1.0039309893
127115,127138,131262,23,4124,2,36000,1.0055771096
127117,127143,131276,26,4133,2,36000,1.00629082991
127119,127149,133174,30,6025,2,36000,1.00497925311
127120,127154,131874,34,4720,2,36000,1.00720338983
127122,127159,133166,37,6007,2,36000,1.00615948061
127123,127164,132977,41,5813,2,36000,1.00705315672
127124,127169,131507,45,4338,2,36000,1.01037344398
127126,127175,131587,49,4412,2,36000,1.01110607434
127127,127180,131893,53,4713,2,36000,1.01124549119
127128,127185,131493,57,4308,2,36000,1.01323119777
127130,127190,131417,60,4227,2,36000,1.01419446416
127131,127195,132489,64,5294,2,36000,1.01208915754
127132,127200,132978,68,5778,2,36000,1.01176877812
127134,127206,131069,72,3863,2,36000,1.01863836397
127135,127211,133630,76,6419,2,36000,1.01183985044
127137,127216,132895,79,5679,2,36000,1.01391089981
127138,127221,130901,83,3680,2,36000,1.02255434783
127139,127227,132743,88,5516,2,36000,1.01595358956
127141,127232,132465,91,5233,2,36000,1.01738964265
127142,127237,131741,95,4504,2,36000,1.02109236234
127143,127242,131582,99,4340,2,36000,1.02281105991
127145,127248,133068,103,5820,2,36000,1.0176975945
127146,127253,132457,107,5204,2,36000,1.02056110684
127148,127258,132101,110,4843,2,36000,1.0227131943
127149,127263,132803,114,5540,2,36000,1.02057761733
127150,127268,131076,118,3808,2,36000,1.03098739496
127152,127273,132435,121,5162,2,36000,1.02344052693
127153,127279,131760,126,4481,2,36000,1.0281187235
127154,127284,132914,130,5630,2,36000,1.02309058615
127156,127289,132927,133,5638,2,36000,1.02358992551
127157,127294,132161,137,4867,2,36000,1.02814875693
127158,127299,131148,141,3849,2,36000,1.03663289166
127160,127305,132535,145,5230,2,36000,1.02772466539
127161,127310,131360,149,4050,2,36000,1.03679012346
127163,127315,132548,152,5233,2,36000,1.02904643608
127164,127320,131218,156,3898,2,36000,1.04002052335
127221,127498,127508,277,10,1,900,28.7
127230,127326,127550,96,224,14,9960,1.42857142857
127371,127561,127654,190,93,14,9960,3.04301075269
127539,130197,130199,2658,2,1,18000,266.0
127542,130281,130282,2739,1,1,18000,274.0
127549,127555,127568,6,13,1,900,1.46153846154
127557,127665,127882,108,217,14,9960,1.49769585253
127651,127657,127671,6,14,1,900,1.42857142857
127659,127894,127980,235,86,14,9960,3.73255813953
127880,127886,127901,6,15,1,900,1.4
127888,127996,128245,108,249,14,9960,1.43373493976
127978,127984,127995,6,11,1,900,1.54545454545
127986,128256,128344,270,88,14,9960,4.06818181818
128244,128250,128263,6,13,1,900,1.46153846154
128251,128355,128608,104,253,14,9960,1.41106719368
128343,128349,128360,6,11,1,900,1.54545454545
128352,128619,128763,267,144,14,9960,2.85416666667
128605,128611,128626,6,15,1,900,1.4
128612,128773,129036,161,263,14,9960,1.61216730038
128760,128766,128779,6,13,1,900,1.46153846154
128768,129047,129195,279,148,14,9960,2.88513513514
129033,129039,129052,6,13,1,900,1.46153846154
129041,129206,129433,165,227,14,9960,1.7268722467
129192,129198,129209,6,11,1,900,1.54545454545
129205,129445,129667,240,222,14,9960,2.08108108108
129427,129433,129445,6,12,1,900,1.5
129434,129679,129937,245,258,14,9960,1.9496124031
129665,129671,129681,6,10,1,900,1.6
129673,130287,133014,614,2727,1,18000,1.22515584892
129680,129948,130181,268,233,14,9960,2.15021459227
129682,130292,131592,610,1300,1,18000,1.46923076923
129934,129941,129956,7,15,1,900,1.46666666667
129942,130192,130431,250,239,14,9960,2.0460251046
130178,130184,130200,6,16,1,900,1.375
130202,130276,130519,74,243,14,9960,1.30452674897
130430,130436,130453,6,17,1,900,1.35294117647
130439,130445,130693,6,248,14,9960,1.02419354839
130517,130523,130536,6,13,1,900,1.46153846154
130541,130547,130779,6,232,14,9960,1.02586206897
130693,130699,130716,6,17,1,900,1.35294117647
130702,130708,130963,6,255,14,9960,1.02352941176
130776,130790,135563,14,4773,2,36000,1.00293316572
130778,130784,130795,6,11,1,900,1.54545454545
130792,130799,131041,7,242,14,9960,1.02892561983
130902,130912,135563,10,4651,2,36000,1.00215007525
130962,130968,130978,6,10,1,900,1.6
130970,130976,131241,6,265,14,9960,1.02264150943
131040,131046,131055,6,9,1,900,1.5
131048,131054,131286,6,232,14,9960,1.02586206897
131071,131080,135563,9,4483,2,36000,1.00200758421
131086,131092,135563,6,4471,2,36000,1.00134198166
131149,131160,135563,11,4403,2,36000,1.00249829662
131221,131230,134828,9,3598,2,36000,1.00250138966
131238,131245,131258,7,13,1,900,1.53846153846
131246,131252,131509,6,257,14,9960,1.0233463035
131263,131273,135563,10,4290,2,36000,1.00233100233
131278,131287,135393,9,4106,2,36000,1.00219191427
131284,131293,131311,9,18,1,900,1.5
131292,131299,131540,7,241,14,9960,1.02904564315
131327,150550,161863,19223,11313,64,57600,2.69919561566
131335,161874,172388,30539,10514,64,57600,3.90460338596
131360,131371,135563,11,4192,2,36000,1.0026240458
131375,131381,135282,6,3901,2,36000,1.00153806716
131417,131428,135563,11,4135,2,36000,1.00266021765
131496,131504,135563,8,4059,2,36000,1.0019709288
131507,131513,131535,6,22,1,900,1.27272727273
131511,131519,135563,8,4044,2,36000,1.00197823937
131515,131525,131782,10,257,14,9960,1.03891050584
131539,131545,131555,6,10,1,900,1.6
131551,131558,131785,7,227,14,9960,1.03083700441
131583,131593,135563,10,3970,2,36000,1.00251889169
131598,131604,135563,6,3959,2,36000,1.00151553423
131713,131723,135563,10,3840,2,36000,1.00260416667
131740,131752,135563,12,3811,2,36000,1.00314877985
131761,131771,135563,10,3792,2,36000,1.0026371308
131782,131788,131806,6,18,1,900,1.33333333333
131784,131794,131809,10,15,1,900,1.66666666667
131791,131800,132055,9,255,14,9960,1.03529411765
131792,131805,132034,13,229,14,9960,1.05676855895
131877,131885,135563,8,3678,2,36000,1.00217509516
131894,131905,135563,11,3658,2,36000,1.00300710771
132031,132037,132051,6,14,1,900,1.42857142857
132040,132046,132290,6,244,14,9960,1.02459016393
132055,132061,132078,6,17,1,900,1.35294117647
132063,132069,132292,6,223,14,9960,1.0269058296
132102,132112,135563,10,3451,2,36000,1.00289771081
132139,132145,132152,6,7,2,14400,1.3
132163,132172,135563,9,3391,2,36000,1.00265408434
132182,132189,146625,7,14436,2,14400,1.00048489886
132289,132300,132315,11,15,1,900,1.73333333333
132289,132295,132306,6,11,1,900,1.54545454545
132297,132306,132562,9,256,14,9960,1.03515625
132307,132313,132569,6,256,14,9960,1.0234375
132437,132446,135563,9,3117,2,36000,1.00288739172
132458,132468,135563,10,3095,2,36000,1.00323101777
132473,132479,135563,6,3084,2,36000,1.00194552529
132491,132501,135563,10,3062,2,36000,1.00326583932
132537,132546,135563,9,3017,2,36000,1.00298309579
132551,132559,135565,8,3006,2,36000,1.00266134398
132559,132565,132582,6,17,1,900,1.35294117647
132567,132573,132797,6,224,14,9960,1.02678571429
132569,132579,132593,10,14,1,900,1.71428571429
132586,132592,132854,6,262,14,9960,1.02290076336
132745,132754,135563,9,2809,2,36000,1.00320398718
132761,132769,135563,8,2794,2,36000,1.00286327845
132785,135292,142430,2507,7138,2,72000,1.3512188288
132796,132802,132820,6,18,1,900,1.33333333333
132803,132816,135563,13,2747,2,36000,1.00473243538
132804,132810,133039,6,229,14,9960,1.02620087336
132852,132858,132877,6,19,1,900,1.31578947368
132861,132866,133122,5,256,14,9960,1.01953125
132895,132906,135563,11,2657,2,36000,1.00414000753
132916,132925,135563,9,2638,2,36000,1.00341167551
132930,132938,135563,8,2625,2,36000,1.00304761905
132979,132988,135563,9,2575,2,36000,1.00349514563
132980,132994,135563,14,2569,2,36000,1.00544959128
133033,133040,133056,7,16,1,900,1.4375
133041,133051,133281,10,230,14,9960,1.04347826087
133071,133079,135563,8,2484,2,36000,1.00322061192
133122,133128,133146,6,18,1,900,1.33333333333
133129,133136,133370,7,234,14,9960,1.02991452991
133165,133177,135563,12,2386,2,36000,1.0050293378
133180,133186,135563,6,2377,2,36000,1.00252419016
133210,133216,133663,6,447,2,7200,1.01342281879
133213,133674,134360,461,686,2,7200,1.67201166181
133278,133284,133299,6,15,1,900,1.4
133287,133293,133511,6,218,14,9960,1.02752293578
133368,133375,133391,7,16,1,900,1.4375
133376,133381,133638,5,257,14,9960,1.01945525292
133508,133514,133528,6,14,1,900,1.42857142857
133516,133522,133770,6,248,14,9960,1.02419354839
133632,133641,135563,9,1922,2,36000,1.00468262227
133638,133647,133662,9,15,1,900,1.6
133647,133653,133893,6,240,14,9960,1.025
133769,133776,133796,7,20,1,900,1.35
133778,133785,134035,7,250,14,9960,1.028
133890,133896,133905,6,9,1,900,1.5
133898,133904,134162,6,258,14,9960,1.02325581395
134032,134038,134053,6,15,1,900,1.4
134040,134046,134269,6,223,14,9960,1.0269058296
134084,193428,194269,59344,841,2,36000,71.5636147444
134090,194281,195122,60191,841,2,36000,72.5707491082
134094,195133,195972,61039,839,2,36000,73.7520858164
134160,134166,134176,6,10,1,900,1.6
134171,134177,134429,6,252,14,9960,1.02380952381
134210,169354,169910,35144,556,17,36000,64.2086330935
134217,169921,170456,35704,535,17,36000,67.7364485981
134224,186018,186553,51794,535,17,36000,97.8112149533
134269,134275,134290,6,15,1,900,1.4
134277,134283,134539,6,256,14,9960,1.0234375
134426,134432,134449,6,17,1,900,1.35294117647
134436,134550,134794,114,244,14,9960,1.46721311475
134536,134542,134573,6,31,1,900,1.1935483871
134545,134805,135026,260,221,14,9960,2.17647058824
134571,135455,147087,884,11632,2,72000,1.07599724897
134793,134799,134817,6,18,1,900,1.33333333333
134801,135037,135299,236,262,14,9960,1.90076335878
134832,134839,135563,7,724,2,36000,1.00966850829
135024,135030,135047,6,17,1,900,1.35294117647
135048,135310,135549,262,239,14,9960,2.09623430962
135287,135298,135563,11,265,2,36000,1.04150943396
135296,135304,135320,8,16,1,900,1.5
135309,135341,135581,32,240,14,9960,1.13333333333
135398,135404,135563,6,159,2,36000,1.03773584906
135547,135553,135566,6,13,1,900,1.46153846154
135563,135570,135803,7,233,14,9960,1.03004291845
135580,135586,135600,6,14,1,900,1.42857142857
135588,135594,135862,6,268,14,9960,1.0223880597
135626,135632,139225,6,3593,2,36000,1.00166991372
135627,135638,140293,11,4655,2,36000,1.00236305048
135629,135643,140276,14,4633,2,36000,1.00302180013
135630,135648,140977,18,5329,2,36000,1.00337774442
135631,135653,139867,22,4214,2,36000,1.00522069293
135633,135659,140457,26,4798,2,36000,1.00541892455
135634,135664,140817,30,5153,2,36000,1.00582185135
135636,135670,140388,34,4718,2,36000,1.00720644341
135637,135675,140569,38,4894,2,36000,1.00776460973
135638,135680,140358,42,4678,2,36000,1.00897819581
135640,135685,140463,45,4778,2,36000,1.0094181666
135641,135690,140504,49,4814,2,36000,1.01017864562
135642,135695,140575,53,4880,2,36000,1.01086065574
135644,135701,141043,57,5342,2,36000,1.01067016099
135645,135706,140255,61,4549,2,36000,1.01340954056
135647,135711,139958,64,4247,2,36000,1.0150694608
135648,135716,141733,68,6017,2,36000,1.01130131295
135649,135721,140645,72,4924,2,36000,1.01462225833
135651,135726,139220,75,3494,2,36000,1.0214653692
135652,135732,139741,80,4009,2,36000,1.01995510102
135654,135737,140127,83,4390,2,36000,1.01890660592
135655,135743,140591,88,4848,2,36000,1.01815181518
135656,135748,140578,92,4830,2,36000,1.01904761905
135658,135753,140580,95,4827,2,36000,1.01968096126
135659,135758,140048,99,4290,2,36000,1.02307692308
135661,135764,140713,103,4949,2,36000,1.02081228531
135662,135769,138750,107,2981,2,36000,1.0358939953
135663,135774,140044,111,4270,2,36000,1.02599531616
135665,135779,139916,114,4137,2,36000,1.02755620015
135666,135784,140194,118,4410,2,36000,1.02675736961
135667,135790,139943,123,4153,2,36000,1.02961714423
135669,135795,140873,126,5078,2,36000,1.02481291847
135670,135800,140353,130,4553,2,36000,1.02855260268
135671,135805,139520,134,3715,2,36000,1.03606998654
135673,135810,141177,137,5367,2,36000,1.02552636482
135674,135815,140514,141,4699,2,36000,1.03000638434
135676,135821,141165,145,5344,2,36000,1.02713323353
135677,135826,140659,149,4833,2,36000,1.03082971239
135678,135831,140246,153,4415,2,36000,1.03465458664
135680,136477,140779,797,4302,2,36000,1.18526266853
135755,135837,135839,82,2,8,7200,8.4
135800,135842,135856,42,14,1,900,4.0
135815,135850,136113,35,263,14,9960,1.13307984791
135861,135867,135885,6,18,1,900,1.33333333333
135868,135874,136108,6,234,14,9960,1.02564102564
136106,136112,136126,6,14,1,900,1.42857142857
136112,136118,136133,6,15,1,900,1.4
136115,136124,136353,9,229,14,9960,1.03930131004
136128,136134,136354,6,220,14,9960,1.02727272727
136203,136370,136371,167,1,8,7200,16.8
136351,136358,136371,7,13,1,900,1.53846153846
136352,136364,136378,12,14,1,900,1.85714285714
136359,136375,136631,16,256,14,9960,1.0625
136360,136382,136612,22,230,14,9960,1.09565217391
136611,136618,136635,7,17,1,900,1.41176470588
136628,136634,136659,6,25,1,900,1.24
136632,136640,136876,8,236,14,9960,1.03389830508
136636,136646,136864,10,218,14,9960,1.04587155963
136862,136868,136885,6,17,1,900,1.35294117647
136871,136877,137107,6,230,14,9960,1.02608695652
136873,136883,136900,10,17,1,900,1.58823529412
136881,136889,137128,8,239,14,9960,1.03347280335
137068,147123,153311,10055,6188,1,18000,2.62491919845
137104,137111,137129,7,18,1,900,1.38888888889
137113,137119,137353,6,234,14,9960,1.02564102564
137125,137131,137146,6,15,1,900,1.4
137137,137143,137385,6,242,14,9960,1.02479338843
137352,137358,137372,6,14,1,900,1.42857142857
137358,147850,159225,10492,11375,1,18000,1.92237362637
137361,137367,137576,6,209,14,9960,1.02870813397
137371,152899,159564,15528,6665,2,72000,3.32978244561
137382,137388,137399,6,11,1,900,1.54545454545
137390,137396,137636,6,240,14,9960,1.025
137574,137580,137597,6,17,1,900,1.35294117647
137582,137589,137835,7,246,14,9960,1.02845528455
137635,137642,137655,7,13,1,900,1.53846153846
137653,137659,137886,6,227,14,9960,1.02643171806
137832,137838,137856,6,18,1,900,1.33333333333
137841,137848,138090,7,242,14,9960,1.02892561983
137885,137891,137904,6,13,1,900,1.46153846154
137904,137911,138052,7,141,14,9960,1.04964539007
138050,138056,138069,6,13,1,900,1.46153846154
138066,138072,138298,6,226,14,9960,1.02654867257
138084,138090,138104,6,14,1,900,1.42857142857
138092,138101,138320,9,219,14,9960,1.04109589041
138296,138302,138313,6,11,1,900,1.54545454545
138303,186054,223303,47751,37249,3,43200,2.28194045478
138315,138331,138560,16,229,14,9960,1.06986899563
138319,138325,138338,6,13,1,900,1.46153846154
138328,139237,139465,909,228,14,9960,4.98684210526
138558,138564,138576,6,12,1,900,1.5
138558,139210,139221,652,11,8,7200,60.2727272727
138578,139474,139703,896,229,14,9960,4.91266375546
138754,138761,142323,7,3562,2,36000,1.0019651881
139059,159259,165719,20200,6460,2,72000,4.12693498452
139221,139231,144060,10,4829,2,36000,1.00207082212
139236,139243,143746,7,4503,2,36000,1.00155451921
139462,139468,139484,6,16,1,900,1.375
139471,139480,139696,9,216,14,9960,1.04166666667
139505,139707,139724,202,17,4,3600,12.8823529412
139515,139712,139724,197,12,4,3600,17.4166666667
139523,139531,144199,8,4668,2,36000,1.00171379606
139695,139701,139720,6,19,1,900,1.31578947368
139700,139718,139740,18,22,1,900,1.81818181818
139703,139724,139947,21,223,14,9960,1.09417040359
139721,139735,139976,14,241,14,9960,1.05809128631
139742,139752,145535,10,5783,2,36000,1.00172920629
139870,139878,144263,8,4385,2,36000,1.00182440137
139920,139927,144533,7,4606,2,36000,1.00151975684
139944,139950,139972,6,22,1,900,1.27272727273
139945,139956,144774,11,4818,2,36000,1.00228310502
139954,139962,140192,8,230,14,9960,1.0347826087
139961,139969,143026,8,3057,2,36000,1.00261694472
139975,139985,139999,10,14,1,900,1.71428571429
139994,140000,140224,6,224,14,9960,1.02678571429
140047,140055,144265,8,4210,2,36000,1.00190023753
140049,140061,144500,12,4439,2,36000,1.00270331156
140069,159575,166598,19506,7023,2,72000,3.7774455361
140128,140138,143669,10,3531,2,36000,1.00283205891
140189,140196,140219,7,23,1,900,1.30434782609
140196,140210,144590,14,4380,2,36000,1.00319634703
140198,140204,140440,6,236,14,9960,1.02542372881
140221,140227,140247,6,20,1,900,1.3
140242,140248,140495,6,247,14,9960,1.02429149798
140250,140257,146282,7,6025,2,36000,1.00116182573
140266,140272,145570,6,5298,2,36000,1.00113250283
140282,140287,143736,5,3449,2,36000,1.00144969556
140298,140304,144334,6,4030,2,36000,1.00148883375
140381,140387,145488,6,5101,2,36000,1.00117623995
140382,140393,144938,11,4545,2,36000,1.00242024202
140409,140415,145246,6,4831,2,36000,1.00124197889
140431,140437,140469,6,32,1,900,1.1875
140441,140451,140670,10,219,14,9960,1.04566210046
140462,140469,144298,7,3829,2,36000,1.00182815356
140480,140487,144613,7,4126,2,36000,1.00169655841
140486,140493,140552,7,59,1,900,1.1186440678
140520,140525,144998,5,4473,2,36000,1.00111781802
140521,140531,144798,10,4267,2,36000,1.00234356691
140577,140583,140821,6,238,14,9960,1.02521008403
140583,140589,144504,6,3915,2,36000,1.00153256705
140584,140595,144522,11,3927,2,36000,1.00280112045
140586,140600,144535,14,3935,2,36000,1.00355781449
140587,140606,146040,19,5434,2,36000,1.0034965035
140617,140623,143901,6,3278,2,36000,1.00183038438
140646,140653,140660,7,7,1,3600,1.4
140652,140659,144529,7,3870,2,36000,1.00180878553
140669,140674,140700,5,26,1,900,1.19230769231
140669,140680,144587,11,3907,2,36000,1.00281545943
140678,140686,140972,8,286,14,9960,1.02797202797
140736,140742,145476,6,4734,2,36000,1.00126742712
140783,140791,144918,8,4127,2,36000,1.00193845408
140820,140826,140863,6,37,1,900,1.16216216216
140820,140832,144304,12,3472,2,36000,1.0034562212
140848,140855,141030,7,175,14,9960,1.04
140881,140888,144749,7,3861,2,36000,1.00181300181
140966,140972,141016,6,44,1,900,1.13636363636
140979,140989,146394,10,5405,2,36000,1.00185013876
140981,141041,141329,60,288,14,9960,1.20833333333
141027,141034,141077,7,43,1,900,1.16279069767
141040,141340,141560,300,220,14,9960,2.36363636364
141056,141062,145707,6,4645,2,36000,1.00129171152
141065,141074,151901,9,10827,1,10800,1.0008312552
141169,141177,145291,8,4114,2,36000,1.00194457948
141186,141193,145949,7,4756,2,36000,1.00147182506
141323,141329,141366,6,37,1,900,1.16216216216
141334,141571,141831,237,260,14,9960,1.91153846154
141558,141564,141615,6,51,1,900,1.11764705882
141608,168974,174929,27366,5955,2,72000,5.59546599496
141627,141843,141977,216,134,14,9960,2.61194029851
141736,141747,146437,11,4690,2,36000,1.00234541578
141815,141821,141842,6,21,1,900,1.28571428571
141824,141988,142266,164,278,14,9960,1.58992805755
141970,141976,142061,6,85,1,900,1.07058823529
141991,142277,142474,286,197,14,9960,2.45177664975
142255,142262,142319,7,57,1,900,1.12280701754
142270,169308,169316,27038,8,14,9960,2704.6
142328,142334,147157,6,4823,2,36000,1.00124403898
142459,142465,142518,6,53,1,900,1.11320754717
142504,169327,169331,26823,4,14,9960,2682.7
142667,142673,142695,6,22,1,7200,1.27272727273
142723,142729,142748,6,19,1,7200,1.31578947368
142754,142760,142767,6,7,1,7200,1.3
142772,142777,142861,5,84,2,3600,1.05952380952
142886,142893,142915,7,22,1,7200,1.31818181818
143023,143029,143039,6,10,1,7200,1.6
143029,143037,148261,8,5224,2,36000,1.00153139357
143058,143064,143077,6,13,1,7200,1.46153846154
143064,143071,143106,7,35,1,7200,1.2
143136,169332,181688,26196,12356,2,36000,3.1201035934
143251,143257,143266,6,9,1,900,1.5
143254,143264,143272,10,8,1,900,1.8
143261,143271,143341,10,70,1,1140,1.14285714286
143294,150560,151826,7266,1266,2,14400,6.73933649289
143297,150566,154242,7269,3676,2,14400,2.9774211099
143367,143374,143387,7,13,1,1140,1.53846153846
143425,143432,144075,7,643,2,7200,1.01088646967
143428,143438,144271,10,833,2,7200,1.01200480192
143549,169337,181539,25788,12202,2,36000,3.11342402885
143677,143683,147916,6,4233,2,36000,1.00141743444
143743,143749,149265,6,5516,2,36000,1.00108774474
143759,143765,148156,6,4391,2,36000,1.00136643134
143765,143771,143810,6,39,1,1140,1.15384615385
143904,143912,148474,8,4562,2,36000,1.00175361683
144002,144008,144229,6,221,1,1140,1.02714932127
144062,144071,147612,9,3541,2,36000,1.0025416549
144203,144210,148630,7,4420,2,36000,1.00158371041
144254,177872,184135,33618,6263,2,72000,6.36771515248
144298,144304,149203,6,4899,2,36000,1.00122473974
144300,144310,148645,10,4335,2,36000,1.00230680507
144301,144315,148581,14,4266,2,36000,1.00328176278
144319,144326,147566,7,3240,2,36000,1.00216049383
144339,144345,148914,6,4569,2,36000,1.00131319764
144504,144520,149051,16,4531,2,36000,1.00353122931
144505,144515,148769,10,4254,2,36000,1.00235072873
144530,144536,149554,6,5018,2,36000,1.0011956955
144531,144542,148576,11,4034,2,36000,1.00272682201
144550,144556,149083,6,4527,2,36000,1.00132538105
144551,144562,149426,11,4864,2,36000,1.00226151316
144592,144598,149250,6,4652,2,36000,1.00128976784
144593,144604,149467,11,4863,2,36000,1.0022619782
144620,144626,148415,6,3789,2,36000,1.00158353127
144645,186059,193220,41414,7161,2,72000,6.78327049295
144763,144770,150503,7,5733,2,36000,1.00122100122
144796,144802,150322,6,5520,2,36000,1.00108695652
144812,144819,150497,7,5678,2,36000,1.00123282846
144922,144929,149653,7,4724,2,36000,1.00148179509
145063,169343,175790,24280,6447,2,36000,4.76609275632
145420,169348,176025,23928,6677,2,36000,4.58364534971
145670,145677,147138,7,1461,1,1815,1.00479123888
145960,145967,150042,7,4075,2,36000,1.00171779141
145962,145973,150349,11,4376,2,36000,1.00251371115
145963,145978,150672,15,4694,2,36000,1.00319556881
145965,145983,151493,18,5510,2,36000,1.00326678766
145966,145988,150135,22,4147,2,36000,1.00530503979
145967,145994,150625,27,4631,2,36000,1.00583027424
145969,146000,149870,31,3870,2,36000,1.00801033592
145970,146005,151513,35,5508,2,36000,1.00635439361
145971,146010,150429,39,4419,2,36000,1.00882552614
145973,146016,150225,43,4209,2,36000,1.01021620337
145980,169573,177860,23593,8287,2,36000,3.84698926029
146043,146051,150842,8,4791,2,36000,1.00166979754
146293,146299,150148,6,3849,2,36000,1.00155884645
146319,186065,192641,39746,6576,2,36000,7.04409975669
146397,146405,151896,8,5491,2,36000,1.00145692952
146438,146448,151647,10,5199,2,36000,1.00192344682
147158,147168,152204,10,5036,2,36000,1.00198570294
147568,147577,151948,9,4371,2,36000,1.00205902539
147588,187023,193416,39435,6393,2,36000,7.16846550915
147614,147623,151584,9,3961,2,36000,1.0022721535
147836,190816,206469,42980,15653,2,36000,3.74579952725
147932,147938,152842,6,4904,2,36000,1.00122349103
148159,148168,151571,9,3403,2,36000,1.00264472524
148264,148272,153035,8,4763,2,36000,1.00167961369
148418,148427,152159,9,3732,2,36000,1.00241157556
148488,148494,152318,6,3824,2,36000,1.00156903766
148579,148587,154150,8,5563,2,36000,1.00143807298
148595,148601,153293,6,4692,2,36000,1.00127877238
148632,148641,153270,9,4629,2,36000,1.00194426442
148643,170021,176217,21378,6196,2,21600,4.45029051001
148647,148656,152642,9,3986,2,36000,1.00225790266
148783,148790,153871,7,5081,2,36000,1.00137768156
148918,148926,152966,8,4040,2,36000,1.00198019802
149063,149069,153129,6,4060,2,36000,1.00147783251
149093,149099,152843,6,3744,2,36000,1.0016025641
149207,149215,153343,8,4128,2,36000,1.0019379845
149223,193378,205981,44155,12603,8,356400,4.50353090534
149254,149262,153236,8,3974,2,36000,1.00201308505
149269,149276,154670,7,5394,2,36000,1.00129773823
149405,150769,151969,1364,1200,2,7200,2.13666666667
149408,151837,153886,2429,2049,2,7200,2.18545632016
149427,149438,153413,11,3975,2,36000,1.0027672956
149472,149478,155435,6,5957,2,36000,1.0010072184
149494,192653,221847,43159,29194,2,72000,2.47835171611
149557,149565,153722,8,4157,2,36000,1.00192446476
149665,149671,153878,6,4207,2,36000,1.00142619444
149815,193231,220773,43416,27542,2,72000,2.57635611067
149871,149881,154729,10,4848,2,36000,1.00206270627
150044,150053,153824,9,3771,2,36000,1.00238663484
150138,150147,153382,9,3235,2,36000,1.0027820711
150154,150160,154652,6,4492,2,36000,1.00133570793
150232,150238,154418,6,4180,2,36000,1.0014354067
150323,150333,155551,10,5218,2,36000,1.00191644308
150351,150360,154958,9,4598,2,36000,1.00195737277
150430,150440,154738,10,4298,2,36000,1.00232666356
150511,150517,154481,6,3964,2,36000,1.0015136226
150512,150523,154449,11,3926,2,36000,1.00280183393
150572,151980,154124,1408,2144,2,3600,1.65671641791
150631,150636,155599,5,4963,2,36000,1.00100745517
150674,150683,154631,9,3948,2,36000,1.00227963526
150846,150853,154232,7,3379,2,36000,1.00207161882
151496,151505,154988,9,3483,2,36000,1.00258397933
151515,151524,155485,9,3961,2,36000,1.0022721535
151574,151583,155555,9,3972,2,36000,1.00226586103
151604,151610,155383,6,3773,2,36000,1.00159024649
151654,151660,157473,6,5813,2,36000,1.00103216928
151902,151908,156255,6,4347,2,36000,1.00138026225
151952,151959,157539,7,5580,2,36000,1.00125448029
152171,152177,157107,6,4930,2,36000,1.00121703854
152217,152223,156115,6,3892,2,36000,1.00154162384
152321,152329,157529,8,5200,2,36000,1.00153846154
152643,152653,157410,10,4757,2,36000,1.00210216523
152849,152855,156816,6,3961,2,36000,1.001514769
152850,152861,157666,11,4805,2,36000,1.002289282
152966,152977,157006,11,4029,2,36000,1.00273020601
153048,153054,157260,6,4206,2,36000,1.00142653352
153130,153140,157223,10,4083,2,36000,1.00244917952
153189,153322,153444,133,122,1,3015,2.09016393443
153239,153247,157501,8,4254,2,36000,1.00188058298
153272,153281,158203,9,4922,2,36000,1.00182852499
153294,153304,159008,10,5704,2,36000,1.00175315568
153349,153355,158179,6,4824,2,36000,1.00124378109
153384,153393,157869,9,4476,2,36000,1.00201072386
153415,153425,157121,10,3696,2,36000,1.00270562771
153724,153730,158656,6,4926,2,36000,1.0012180268
153825,153831,157681,6,3850,2,36000,1.00155844156
153874,153880,158406,6,4526,2,36000,1.00132567388
153889,153895,158375,6,4480,2,36000,1.00133928571
154152,154158,158764,6,4606,2,36000,1.00130264872
154244,154250,158795,6,4545,2,36000,1.00132013201
154421,154427,158216,6,3789,2,36000,1.00158353127
154449,154455,160247,6,5792,2,36000,1.0010359116
154483,154489,159248,6,4759,2,36000,1.00126076907
154632,154638,160874,6,6236,2,36000,1.00096215523
154654,154660,160319,6,5659,2,36000,1.001060258
154672,154678,160078,6,5400,2,36000,1.00111111111
154730,154736,159010,6,4274,2,36000,1.00140383715
154745,154751,160260,6,5509,2,36000,1.00108912688
154960,154966,159215,6,4249,2,36000,1.00141209696
154991,154997,159804,6,4807,2,36000,1.00124817974
155387,155393,159138,6,3745,2,36000,1.00160213618
155436,155442,160633,6,5191,2,36000,1.00115584666
155486,155492,159520,6,4028,2,36000,1.00148957299
155555,155561,158974,6,3413,2,36000,1.00175798418
155556,155567,161531,11,5964,2,36000,1.00184439973
155602,155608,161107,6,5499,2,36000,1.00109110747
156117,156123,160127,6,4004,2,36000,1.0014985015
156268,156274,159982,6,3708,2,36000,1.00161812298
156817,156823,160957,6,4134,2,36000,1.00145137881
157008,157014,160946,6,3932,2,36000,1.001525941
157108,157114,162017,6,4903,2,36000,1.00122374057
157123,157129,161335,6,4206,2,36000,1.00142653352
157224,157230,161839,6,4609,2,36000,1.00130180082
157262,157269,161684,7,4415,2,36000,1.00158550396
157410,157416,162385,6,4969,2,36000,1.00120748642
157495,157501,161837,6,4336,2,36000,1.00138376384
157510,157517,161295,7,3778,2,36000,1.00185283219
157529,157535,162028,6,4493,2,36000,1.00133541064
157544,157550,163106,6,5556,2,36000,1.00107991361
157668,157674,163144,6,5470,2,36000,1.00109689214
157683,157689,162338,6,4649,2,36000,1.00129060013
157871,157877,162687,6,4810,2,36000,1.00124740125
158142,159236,159247,1094,11,2,36000,100.454545455
158182,158188,162214,6,4026,2,36000,1.00149031297
158200,158206,162238,6,4032,2,36000,1.00148809524
158219,158225,161877,6,3652,2,36000,1.00164293538
158378,158384,163986,6,5602,2,36000,1.00107104605
158409,158415,162218,6,3803,2,36000,1.00157770181
158663,158669,162624,6,3955,2,36000,1.001517067
158766,158775,162937,9,4162,2,36000,1.00216242191
158797,158806,162548,9,3742,2,36000,1.00240513095
159001,159007,162957,6,3950,2,36000,1.00151898734
159017,159023,163874,6,4851,2,36000,1.00123685838
159018,159029,163153,11,4124,2,36000,1.00266731329
159140,159150,164121,10,4971,2,36000,1.00201166767
159215,159226,164496,11,5270,2,36000,1.00208728653
159261,159267,162565,6,3298,2,36000,1.00181928441
159380,186564,402591,27184,216027,18,216000,1.12583612234
159522,159532,163863,10,4331,2,36000,1.00230893558
159805,159816,164178,11,4362,2,36000,1.002521779
159984,159994,165522,10,5528,2,36000,1.0018089725
160080,160089,163622,9,3533,2,36000,1.00254741013
160121,160127,169749,6,9622,1,9600,1.00062357098
160134,160140,164782,6,4642,2,36000,1.00129254632
160250,160258,163986,8,3728,2,36000,1.00214592275
160264,160271,164295,7,4024,2,36000,1.00173956262
160319,160330,165000,11,4670,2,36000,1.00235546039
160636,160644,165073,8,4429,2,36000,1.00180627681
160714,196533,205981,35819,9448,8,356400,4.79117273497
160876,160885,165102,9,4217,2,36000,1.00213421864
160950,160956,166202,6,5246,2,36000,1.00114372856
160965,160971,166705,6,5734,2,36000,1.00104638995
161111,161117,164823,6,3706,2,36000,1.00161899622
161295,161302,164992,7,3690,2,36000,1.00189701897
161338,161344,166061,6,4717,2,36000,1.00127199491
161369,165731,167224,4362,1493,1,18000,3.92163429337
161533,161539,165467,6,3928,2,36000,1.00152749491
161684,161690,165762,6,4072,2,36000,1.00147347741
161838,161844,165568,6,3724,2,36000,1.00161117078
161853,161859,165646,6,3787,2,36000,1.00158436757
161877,161883,167222,6,5339,2,36000,1.00112380596
162020,162026,165921,6,3895,2,36000,1.00154043646
162035,162041,166425,6,4384,2,36000,1.00136861314
162035,166218,168963,4183,2745,1,18000,2.52386156648
162224,162230,165865,6,3635,2,36000,1.00165061898
162225,162236,165450,11,3214,2,36000,1.00342252645
162256,162262,166910,6,4648,2,36000,1.0012908778
162339,162345,166080,6,3735,2,36000,1.0016064257
162388,162394,167147,6,4753,2,36000,1.00126236061
162549,162555,167986,6,5431,2,36000,1.00110476892
162567,162573,167173,6,4600,2,36000,1.00130434783
162626,162632,167682,6,5050,2,36000,1.00118811881
162689,162696,166590,7,3894,2,36000,1.00179763739
162939,162945,167830,6,4885,2,36000,1.00122824974
162957,162964,167128,7,4164,2,36000,1.00168107589
163116,163122,167464,6,4342,2,36000,1.00138185168
163148,163155,168149,7,4994,2,36000,1.00140168202
163163,163170,167762,7,4592,2,36000,1.00152439024
163606,163613,163694,7,81,1,600,1.08641975309
163624,163634,167352,10,3718,2,36000,1.00268961807
163719,163725,164227,6,502,4,3600,1.01195219124
163864,163874,167307,10,3433,2,36000,1.00291290417
163879,163885,168574,6,4689,2,36000,1.00127959053
163988,163998,168817,10,4819,2,36000,1.00207511932
163990,164003,168280,13,4277,2,36000,1.00303951368
164121,164132,168371,11,4239,2,36000,1.00259495164
164181,164189,167927,8,3738,2,36000,1.00214018192
164296,164307,169067,11,4760,2,36000,1.00231092437
164497,164508,168683,11,4175,2,36000,1.00263473054
164783,164793,168853,10,4060,2,36000,1.00246305419
164825,164834,169105,9,4271,2,36000,1.00210723484
164994,165004,170429,10,5425,2,36000,1.00184331797
165009,165015,169606,6,4591,2,36000,1.00130690481
165075,165084,168917,9,3833,2,36000,1.00234803026
165102,165113,169693,11,4580,2,36000,1.00240174672
165452,165461,170184,9,4723,2,36000,1.00190556849
165469,165478,169527,9,4049,2,36000,1.00222277105
165523,165533,169414,10,3881,2,36000,1.0025766555
165568,165579,170399,11,4820,2,36000,1.00228215768
165647,165657,171008,10,5351,2,36000,1.00186880957
165764,165773,169539,9,3766,2,36000,1.00238980351
165867,165876,171731,9,5855,2,36000,1.00153714774
165924,165932,171726,8,5794,2,36000,1.0013807387
166063,166072,169671,9,3599,2,36000,1.00250069464
166081,166091,169960,10,3869,2,36000,1.0025846472
166204,166213,170762,9,4549,2,36000,1.0019784568
166427,166436,171540,9,5104,2,36000,1.00176332288
166592,166601,171140,9,4539,2,36000,1.0019828156
166707,166716,171312,9,4596,2,36000,1.00195822454
166911,166921,172298,10,5377,2,36000,1.00185977311
167131,167140,171681,9,4541,2,36000,1.0019819423
167149,167158,172082,9,4924,2,36000,1.00182778229
167173,167184,172612,11,5428,2,36000,1.00202652911
167224,167233,172063,9,4830,2,36000,1.00186335404
167308,167318,171939,10,4621,2,36000,1.00216403376
167353,167364,171342,11,3978,2,36000,1.00276520865
167465,167475,171749,10,4274,2,36000,1.00233972859
167685,167693,171705,8,4012,2,36000,1.00199401795
167764,167773,172709,9,4936,2,36000,1.00182333874
167833,167842,172573,9,4731,2,36000,1.00190234623
167929,167939,171676,10,3737,2,36000,1.00267594327
167987,167998,172275,11,4277,2,36000,1.00257189619
168152,168161,171854,9,3693,2,36000,1.00243704305
168282,168292,172850,10,4558,2,36000,1.00219394471
168372,168382,172499,10,4117,2,36000,1.00242895312
168574,168585,173581,11,4996,2,36000,1.00220176141
168686,168695,172924,9,4229,2,36000,1.00212816269
168819,168829,172135,10,3306,2,36000,1.00302480339
168855,168864,172898,9,4034,2,36000,1.00223103619
168918,168928,172689,10,3761,2,36000,1.00265886732
169072,169078,174084,6,5006,2,36000,1.00119856173
169108,169117,174438,9,5321,2,36000,1.00169141139
169415,169426,173686,11,4260,2,36000,1.00258215962
169530,169539,173832,9,4293,2,36000,1.00209643606
169545,169551,174076,6,4525,2,36000,1.00132596685
169567,172399,186006,2832,13607,64,57600,1.20812816932
169605,184146,202130,14541,17984,64,57600,1.80855204626
169608,169617,173480,9,3863,2,36000,1.0023297955
169669,169683,175611,14,5928,2,36000,1.00236167341
169693,169704,173439,11,3735,2,36000,1.00294511379
169780,169786,173379,6,3593,1,18000,1.00166991372
169961,169971,173380,10,3409,2,36000,1.00293341156
170187,170196,174975,9,4779,2,36000,1.00188323917
170392,170410,174921,18,4511,2,36000,1.00399024607
170431,170440,175770,9,5330,2,36000,1.00168855535
170539,170545,188552,6,18007,1,18000,1.00033320375
170762,170774,174850,12,4076,2,36000,1.00294406281
170842,170848,173178,6,2330,1,18000,1.0025751073
171010,171019,175859,9,4840,2,36000,1.00185950413
171142,171152,176533,10,5381,2,36000,1.00185839063
171314,171323,175563,9,4240,2,36000,1.00212264151
171344,171353,176624,9,5271,2,36000,1.00170745589
171542,171552,175595,10,4043,2,36000,1.00247341083
171678,171687,175249,9,3562,2,36000,1.00252667041
171692,171698,175465,6,3767,2,36000,1.0015927794
171707,171716,175846,9,4130,2,36000,1.00217917676
171711,192076,311043,20365,118967,1,180000,1.1711819244
171728,171737,175749,9,4012,2,36000,1.00224327019
171743,171749,177006,6,5257,2,36000,1.00114133536
171757,171764,176834,7,5070,2,36000,1.00138067061
171857,171866,175690,9,3824,2,36000,1.00235355649
171941,171950,177148,9,5198,2,36000,1.00173143517
172065,172074,176121,9,4047,2,36000,1.00222386953
172083,172093,178460,10,6367,2,36000,1.0015705984
172137,172146,176090,9,3944,2,36000,1.00228194726
172276,172286,177431,10,5145,2,36000,1.0019436346
172299,172309,177599,10,5290,2,36000,1.00189035917
172490,172496,175411,6,2915,1,18000,1.00205831904
172502,172510,177563,8,5053,2,36000,1.00158321789
172574,172585,177646,11,5061,2,36000,1.0021734835
172616,172624,176936,8,4312,2,36000,1.00185528757
172691,172701,177022,10,4321,2,36000,1.0023142791
172709,172720,177935,11,5215,2,36000,1.0021093001
172753,172759,190805,6,18046,1,18000,1.00033248365
172851,172861,177688,10,4827,2,36000,1.00207168013
172899,172910,176575,11,3665,2,36000,1.00300136426
172926,172936,178450,10,5514,2,36000,1.00181356547
173381,173391,177850,10,4459,2,36000,1.0022426553
173441,173450,176960,9,3510,2,36000,1.00256410256
173480,173491,177950,11,4459,2,36000,1.00246692083
173583,173592,179041,9,5449,2,36000,1.00165167921
173688,173697,177946,9,4249,2,36000,1.00211814545
173833,173843,177464,10,3621,2,36000,1.00276166805
173867,173873,173876,6,3,1,18000,1.0
174020,174026,192065,6,18039,1,18000,1.00033261267
174078,174087,178157,9,4070,2,36000,1.00221130221
174093,174099,177614,6,3515,2,36000,1.00170697013
174440,174449,179548,9,5099,2,36000,1.00176505197
174853,174861,178922,8,4061,2,36000,1.00196995814
174922,174933,180535,11,5602,2,36000,1.00196358443
174976,174986,180545,10,5559,2,36000,1.00179888469
175251,175260,179391,9,4131,2,36000,1.00217864924
175465,175476,179636,11,4160,2,36000,1.00264423077
175564,175574,179468,10,3894,2,36000,1.00256805342
175597,175607,181091,10,5484,2,36000,1.00182348651
175612,175623,179579,11,3956,2,36000,1.00278058645
175690,175702,180231,12,4529,2,36000,1.00264959152
175750,175760,180749,10,4989,2,36000,1.0020044097
175771,175782,180063,11,4281,2,36000,1.00256949311
175846,175857,179698,11,3841,2,36000,1.00286383754
175861,175870,179483,9,3613,2,36000,1.00249100471
176090,176102,180832,12,4730,2,36000,1.00253699789
176123,176133,179986,10,3853,2,36000,1.00259538022
176533,176544,181125,11,4581,2,36000,1.00240122244
176575,176586,180688,11,4102,2,36000,1.00268161872
176626,176635,180782,9,4147,2,36000,1.00217024355
176834,176845,181789,11,4944,2,36000,1.00222491909
176936,176947,182160,11,5213,2,36000,1.00211010934
176960,176971,182249,11,5278,2,36000,1.00208412277
177008,177018,181741,10,4723,2,36000,1.00211729833
177024,177033,180901,9,3868,2,36000,1.00232678387
177150,177159,182287,9,5128,2,36000,1.0017550702
177430,177442,181248,12,3806,2,36000,1.00315291645
177467,177475,181082,8,3607,2,36000,1.00221790962
177566,177575,181464,9,3889,2,36000,1.00231421959
177599,177610,181501,11,3891,2,36000,1.00282703675
177616,177625,182639,9,5014,2,36000,1.00179497407
177646,177657,181929,11,4272,2,36000,1.00257490637
177688,177700,181417,12,3717,2,36000,1.00322841001
177851,177861,182119,10,4258,2,36000,1.00234852043
177936,177946,181330,10,3384,2,36000,1.00295508274
177951,177957,181636,6,3679,2,36000,1.00163087796
177952,177963,181624,11,3661,2,36000,1.00300464354
178157,178168,182108,11,3940,2,36000,1.00279187817
178450,178461,183337,11,4876,2,36000,1.0022559475
178464,178471,184430,7,5959,2,36000,1.00117469374
178923,178933,183832,10,4899,2,36000,1.0020412329
179043,179052,184187,9,5135,2,36000,1.0017526777
179393,179402,184867,9,5465,2,36000,1.00164684355
179471,179479,184669,8,5190,2,36000,1.00154142582
179486,179494,184845,8,5351,2,36000,1.00149504765
179549,179559,184181,10,4622,2,36000,1.00216356556
179582,179591,185077,9,5486,2,36000,1.00164053956
179636,179647,184367,11,4720,2,36000,1.00233050847
179699,179709,183425,10,3716,2,36000,1.00269106566
179989,179997,184941,8,4944,2,36000,1.00161812298
180064,180074,183779,10,3705,2,36000,1.00269905533
180232,180242,185518,10,5276,2,36000,1.00189537528
180536,180547,184819,11,4272,2,36000,1.00257490637
180551,180557,185474,6,4917,2,36000,1.00122025625
180689,180699,184329,10,3630,2,36000,1.00275482094
180750,180760,185948,10,5188,2,36000,1.00192752506
180783,180793,184665,10,3872,2,36000,1.00258264463
180834,180843,186956,9,6113,2,36000,1.00147227221
180903,180912,185448,9,4536,2,36000,1.00198412698
181084,181093,184743,9,3650,2,36000,1.00246575342
181098,181105,184814,7,3709,2,36000,1.00188730116
181125,181136,186184,11,5048,2,36000,1.00217908082
181250,181259,185384,9,4125,2,36000,1.00218181818
181332,181341,186194,9,4853,2,36000,1.00185452298
181400,181406,181408,6,2,2,3540,1.0
181419,181428,185200,9,3772,2,36000,1.00238600212
181467,181476,186298,9,4822,2,36000,1.00186644546
181503,181512,185778,9,4266,2,36000,1.00210970464
181627,181635,185480,8,3845,2,36000,1.00208062419
181642,181647,186307,5,4660,2,36000,1.00107296137
181744,181753,186427,9,4674,2,36000,1.00192554557
181792,181801,186236,9,4435,2,36000,1.00202931229
181931,181940,186477,9,4537,2,36000,1.00198368966
182108,182119,186308,11,4189,2,36000,1.00262592504
182123,182130,186748,7,4618,2,36000,1.00151580771
182163,182172,186451,9,4279,2,36000,1.00210329516
182250,182260,186517,10,4257,2,36000,1.00234907212
182289,182298,187450,9,5152,2,36000,1.00174689441
182641,182650,187525,9,4875,2,36000,1.00184615385
183338,183348,188619,10,5271,2,36000,1.00189717321
183425,183436,188219,11,4783,2,36000,1.00229981183
183781,183790,187908,9,4118,2,36000,1.00218552695
183832,183844,187837,12,3993,2,36000,1.0030052592
184182,184192,189509,10,5317,2,36000,1.00188075983
184197,184203,188602,6,4399,2,36000,1.00136394635
184329,184340,189828,11,5488,2,36000,1.00200437318
184368,184378,188724,10,4346,2,36000,1.00230096641
184432,184442,188947,10,4505,2,36000,1.00221975583
184667,184676,189010,9,4334,2,36000,1.0020766036
184682,184688,188698,6,4010,2,36000,1.00149625935
184745,184754,189777,9,5023,2,36000,1.00179175791
184814,184826,189181,12,4355,2,36000,1.0027554535
184828,184835,189244,7,4409,2,36000,1.0015876616
184846,184856,189677,10,4821,2,36000,1.00207425845
184870,184878,190980,8,6102,2,36000,1.00131104556
184942,184953,189013,11,4060,2,36000,1.00270935961
185078,185088,190147,10,5059,2,36000,1.00197667523
185201,185212,189402,11,4190,2,36000,1.00262529833
185385,185395,188552,10,3157,2,36000,1.00316756414
185452,185460,191103,8,5643,2,36000,1.00141768563
185476,185485,188963,9,3478,2,36000,1.00258769408
185491,185497,190829,6,5332,2,36000,1.00112528132
185521,185529,190377,8,4848,2,36000,1.00165016502
185780,185790,191075,10,5285,2,36000,1.00189214759
185949,185960,190746,11,4786,2,36000,1.00229837025
186184,186195,191438,11,5243,2,36000,1.00209803548
186199,186205,191194,6,4989,2,36000,1.00120264582
186238,186248,189755,10,3507,2,36000,1.00285143998
186298,186309,190485,11,4176,2,36000,1.00263409962
186314,186319,191151,5,4832,2,36000,1.00103476821
186315,186325,191323,10,4998,2,36000,1.00200080032
186429,186438,190754,9,4316,2,36000,1.00208526413
186453,186462,191684,9,5222,2,36000,1.00172347759
186477,186488,190736,11,4248,2,36000,1.00258945386
186517,186528,191385,11,4857,2,36000,1.00226477249
186749,186759,191245,10,4486,2,36000,1.00222915738
186957,186967,191427,10,4460,2,36000,1.00224215247
187452,187462,191461,10,3999,2,36000,1.00250062516
187527,187536,191782,9,4246,2,36000,1.00211964202
187838,187848,193264,10,5416,2,36000,1.00184638109
187911,187920,193806,9,5886,2,36000,1.00152905199
188221,188230,192810,9,4580,2,36000,1.0019650655
188553,188563,192985,10,4422,2,36000,1.00226142017
188604,188613,193144,9,4531,2,36000,1.00198631649
188622,188630,192504,8,3874,2,36000,1.00206504904
188701,188709,192590,8,3881,2,36000,1.0020613244
188725,188735,193648,10,4913,2,36000,1.00203541624
188948,188959,193804,11,4845,2,36000,1.00227038184
188966,188974,193017,8,4043,2,36000,1.00197872867
189011,189021,195007,10,5986,2,36000,1.00167056465
189026,189032,193449,6,4417,2,36000,1.00135838805
189182,189192,193102,10,3910,2,36000,1.00255754476
189246,189255,194399,9,5144,2,36000,1.0017496112
189399,189413,194246,14,4833,2,36000,1.0028967515
189511,189521,195206,10,5685,2,36000,1.00175901495
189679,189688,196001,9,6313,2,36000,1.00142562965
189758,189766,195354,8,5588,2,36000,1.00143163923
189778,189788,193922,10,4134,2,36000,1.00241896468
189830,189839,194479,9,4640,2,36000,1.00193965517
190149,190158,196554,9,6396,2,36000,1.00140712946
190378,190388,194091,10,3703,2,36000,1.0027005131
190486,190496,194843,10,4347,2,36000,1.00230043708
190736,190747,195918,11,5171,2,36000,1.00212724811
190751,190757,194753,6,3996,2,36000,1.0015015015
190766,190772,195122,6,4350,2,36000,1.00137931034
190830,190840,195077,10,4237,2,36000,1.00236016049
190980,190991,195379,11,4388,2,36000,1.00250683683
191077,191086,195601,9,4515,2,36000,1.00199335548
191104,191115,195447,11,4332,2,36000,1.00253924284
191152,191163,196687,11,5524,2,36000,1.00199131064
191197,191206,194904,9,3698,2,36000,1.00243374797
191245,191256,196106,11,4850,2,36000,1.00226804124
191323,191334,195625,11,4291,2,36000,1.00256350501
191386,191396,195596,10,4200,2,36000,1.00238095238
191429,191438,197348,9,5910,2,36000,1.00152284264
191443,191449,195694,6,4245,2,36000,1.00141342756
191461,191472,195790,11,4318,2,36000,1.00254747568
191687,191696,196106,9,4410,2,36000,1.00204081633
191783,191793,197871,10,6078,2,36000,1.00164527805
192506,192516,197306,10,4790,2,36000,1.00208768267
192591,192601,197793,10,5192,2,36000,1.00192604006
192811,192821,198324,10,5503,2,36000,1.00181719062
192986,192996,196779,10,3783,2,36000,1.00264340471
193019,193028,197132,9,4104,2,36000,1.00219298246
193103,193114,197305,11,4191,2,36000,1.00262467192
193145,193155,198594,10,5439,2,36000,1.00183857327
193265,193275,197714,10,4439,2,36000,1.00225275963
193449,193460,197562,11,4102,2,36000,1.00268161872
193648,193659,199144,11,5485,2,36000,1.00200546946
193804,193815,199595,11,5780,2,36000,1.00190311419
193819,193825,197744,6,3919,2,36000,1.00153100281
193923,193933,199043,10,5110,2,36000,1.00195694716
194091,194102,198446,11,4344,2,36000,1.00253222836
194248,194257,199149,9,4892,2,36000,1.00183973835
194401,194410,198378,9,3968,2,36000,1.00226814516
194480,194490,198851,10,4361,2,36000,1.00229305205
194754,194765,199445,11,4680,2,36000,1.00235042735
194844,194854,198731,10,3877,2,36000,1.0025793139
194905,194916,199486,11,4570,2,36000,1.00240700219
195007,195018,200227,11,5209,2,36000,1.0021117297
195079,195088,199502,9,4414,2,36000,1.00203896692
195123,195138,200789,15,5651,2,36000,1.00265439745
195207,195217,200773,10,5556,2,36000,1.00179985601
195356,195365,199090,9,3725,2,36000,1.00241610738
195380,195390,199069,10,3679,2,36000,1.00271812993
195449,195458,199647,9,4189,2,36000,1.00214848413
195597,195607,200404,10,4797,2,36000,1.00208463623
195612,195618,199556,6,3938,2,36000,1.00152361605
195627,195637,200184,10,4547,2,36000,1.00219925225
195696,195705,200563,9,4858,2,36000,1.00185261424
195792,195801,201266,9,5465,2,36000,1.00164684355
195919,195929,201481,10,5552,2,36000,1.00180115274
196004,196012,201186,8,5174,2,36000,1.0015461925
196106,196117,201554,11,5437,2,36000,1.00202317454
196107,196122,200223,15,4101,2,36000,1.00365764448
196555,196561,202013,6,5452,2,36000,1.00110051357
196688,196694,202421,6,5727,2,36000,1.00104766894
196781,196787,201678,6,4891,2,36000,1.001226743
197134,197140,203551,6,6411,2,36000,1.00093589144
197306,197312,201737,6,4425,2,36000,1.0013559322
197308,197318,203160,10,5842,2,36000,1.00171174255
197351,197357,202324,6,4967,2,36000,1.00120797262
197565,197571,203291,6,5720,2,36000,1.00104895105
197715,197722,201936,7,4214,2,36000,1.00166112957
197745,197751,203259,6,5508,2,36000,1.00108932462
197794,197800,201748,6,3948,2,36000,1.00151975684
197872,197878,201877,6,3999,2,36000,1.00150037509
198325,198331,203896,6,5565,2,36000,1.00107816712
198379,198385,204072,6,5687,2,36000,1.00105503781
198448,198454,203008,6,4554,2,36000,1.00131752306
198596,198602,203592,6,4990,2,36000,1.00120240481
198731,198738,204119,7,5381,2,36000,1.00130087344
198852,198858,204417,6,5559,2,36000,1.00107933081
199045,199051,204255,6,5204,2,36000,1.00115295926
199069,199075,205000,6,5925,2,36000,1.00101265823
199093,199099,203445,6,4346,2,36000,1.00138057984
199147,199153,203982,6,4829,2,36000,1.00124249327
199161,199168,203864,7,4696,2,36000,1.00149063032
199449,199456,205551,7,6095,2,36000,1.00114848236
199486,199492,203735,6,4243,2,36000,1.0014140938
199504,199510,205895,6,6385,2,36000,1.00093970243
199558,199564,205044,6,5480,2,36000,1.00109489051
199597,199603,203613,6,4010,2,36000,1.00149625935
199649,199655,205170,6,5515,2,36000,1.00108794198
200185,200191,205457,6,5266,2,36000,1.00113938473
200224,200231,205694,7,5463,2,36000,1.00128134725
200239,200245,205109,6,4864,2,36000,1.00123355263
200407,200413,205416,6,5003,2,36000,1.00119928043
200563,200569,205609,6,5040,2,36000,1.00119047619
200774,200780,206520,6,5740,2,36000,1.00104529617
200792,200798,205489,6,4691,2,36000,1.00127904498
201186,201193,205105,7,3912,2,36000,1.00178936605
201268,201274,206400,6,5126,2,36000,1.00117050332
201482,201488,205938,6,4450,2,36000,1.00134831461
201556,201562,205199,6,3637,2,36000,1.0016497113
201680,201687,206590,7,4903,2,36000,1.00142769733
201738,201744,206543,6,4799,2,36000,1.00125026047
201753,201759,207693,6,5934,2,36000,1.00101112235
201878,201885,206048,7,4163,2,36000,1.0016814797
201936,201942,207596,6,5654,2,36000,1.00106119561
201937,202141,204021,204,1880,32,57600,1.1085106383
202015,202021,207582,6,5561,2,36000,1.00107894264
202329,202335,207660,6,5325,2,36000,1.00112676056
202416,204032,236457,1616,32425,70,32400,1.0498380879
202423,202429,208206,6,5777,2,36000,1.00103860135
203009,203015,206756,6,3741,2,36000,1.00160384924
203107,204037,218346,930,14309,17,36000,1.06499405968
203113,206894,220907,3781,14013,17,36000,1.26982088061
203124,275808,287591,72684,11783,17,36000,7.168547908
203161,203167,207364,6,4197,2,36000,1.00142959257
203253,205910,231542,2657,25632,2,36000,1.10365948814
203261,203267,208006,6,4739,2,36000,1.00126608989
203290,206061,230137,2771,24076,2,36000,1.11509386941
203291,203297,207151,6,3854,2,36000,1.00155682408
203321,208023,231870,4702,23847,2,36000,1.19717364868
203427,203434,234292,7,30858,1,57600,1.00022684555
203448,203454,208800,6,5346,2,36000,1.00112233446
203552,203558,207485,6,3927,2,36000,1.00152788388
203594,203600,209630,6,6030,2,36000,1.00099502488
203615,203621,209124,6,5503,2,36000,1.00109031437
203736,203742,207859,6,4117,2,36000,1.00145737187
203818,205058,226843,1240,21785,2,72000,1.05691989901
203866,203872,208023,6,4151,2,36000,1.00144543483
203896,203903,209045,7,5142,2,36000,1.001361338
203931,205564,239379,1633,33815,2,72000,1.04829217803
203984,203990,208060,6,4070,2,36000,1.00147420147
204072,204078,208203,6,4125,2,36000,1.00145454545
204122,204128,208914,6,4786,2,36000,1.0012536565
204256,204262,207742,6,3480,2,36000,1.00172413793
204419,204425,208960,6,4535,2,36000,1.001323043
204985,204992,205012,7,20,2,600,1.35
205003,205009,208841,6,3832,2,36000,1.001565762
205045,205052,209706,7,4654,2,36000,1.00150408251
205106,205112,210527,6,5415,2,36000,1.00110803324
205121,205127,209344,6,4217,2,36000,1.00142281243
205172,205178,209779,6,4601,2,36000,1.00130406433
205200,205206,210096,6,4890,2,36000,1.00122699387
205418,205424,210544,6,5120,2,36000,1.001171875
205457,205463,210500,6,5037,2,36000,1.00119118523
205491,205498,209258,7,3760,2,36000,1.00186170213
205552,205558,210944,6,5386,2,36000,1.00111399926
205610,205617,211180,7,5563,2,36000,1.00125831386
205695,205702,209288,7,3586,2,36000,1.00195203569
205898,205904,209471,6,3567,2,36000,1.00168208579
205940,205946,211383,6,5437,2,36000,1.00110354975
206049,206055,210618,6,4563,2,36000,1.00131492439
206278,206284,213747,6,7463,12,22800,1.00080396623
206400,206406,210734,6,4328,2,36000,1.00138632163
206522,206528,211661,6,5133,2,36000,1.00116890707
206546,206552,210281,6,3729,2,36000,1.00160901046
206593,206599,211661,6,5062,2,36000,1.00118530225
206616,207708,228519,1092,20811,2,72000,1.05247225025
206757,206763,210332,6,3569,2,36000,1.00168114318
206917,206923,206966,6,43,2,600,1.13953488372
207154,207159,211661,5,4502,2,36000,1.0011106175
207366,207372,211308,6,3936,2,36000,1.00152439024
207488,207494,211661,6,4167,2,36000,1.00143988481
207585,207591,211661,6,4070,2,36000,1.00147420147
207600,207606,211661,6,4055,2,36000,1.00147965475
207661,207667,211661,6,3994,2,36000,1.00150225338
207696,207702,211661,6,3959,2,36000,1.00151553423
207745,207753,211661,8,3908,2,36000,1.00204708291
207860,207873,211661,13,3788,2,36000,1.00343189018
208009,208017,211661,8,3644,2,36000,1.00219538968
208024,208030,211661,6,3631,2,36000,1.00165243735
208062,208068,211303,6,3235,2,36000,1.00185471406
208094,228530,230269,20436,1739,2,72000,12.7515813686
208205,208211,211661,6,3450,2,36000,1.00173913043
208207,208217,211661,10,3444,2,36000,1.00290360046
208338,236468,271934,28130,35466,64,57600,1.79315400665
208345,268184,287646,59839,19462,64,57600,4.0746583085
208352,271946,295021,63594,23075,64,57600,3.75596966414
208801,208807,211661,6,2854,2,36000,1.00210231254
208841,208847,211661,6,2814,2,36000,1.00213219616
208917,208923,211661,6,2738,2,36000,1.00219138057
208963,208969,211661,6,2692,2,36000,1.00222882615
209048,209054,211661,6,2607,2,36000,1.00230149597
209127,209134,211661,7,2527,2,36000,1.0027700831
209259,209265,211661,6,2396,2,36000,1.00250417362
209288,209294,211661,6,2367,2,36000,1.00253485425
209345,209352,211661,7,2309,2,36000,1.00303161542
209474,209479,211661,5,2182,2,36000,1.00229147571
209632,209638,211661,6,2023,2,36000,1.00296589224
209708,209715,211661,7,1946,2,36000,1.0035971223
209782,209788,211661,6,1873,2,36000,1.00320341698
209811,209818,210343,7,525,1,1140,1.01333333333
210096,210103,211661,7,1558,2,36000,1.00449293967
210282,210288,211661,6,1373,2,36000,1.00436999272
210334,210340,211661,6,1321,2,36000,1.00454201363
210501,210507,211661,6,1154,2,36000,1.00519930676
210529,210535,211661,6,1126,2,36000,1.0053285968
210547,210553,211661,6,1108,2,36000,1.00541516245
210620,210626,211661,6,1035,2,36000,1.00579710145
210664,210670,210963,6,293,1,1140,1.0204778157
210735,210741,211661,6,920,2,36000,1.00652173913
210941,210947,211661,6,714,2,36000,1.00840336134
211183,211189,211663,6,474,2,36000,1.01265822785
211304,211311,211661,7,350,2,36000,1.02
211319,211325,211661,6,336,2,36000,1.01785714286
211383,211389,211661,6,272,2,36000,1.02205882353
211402,211408,211518,6,110,1,1140,1.05454545455
211927,211933,212229,6,296,1,1140,1.02027027027
211949,211955,216059,6,4104,2,36000,1.0014619883
211950,211961,215544,11,3583,2,36000,1.00307005303
211951,211966,215742,15,3776,2,36000,1.00397245763
211953,211971,215853,18,3882,2,36000,1.00463678516
211954,211976,216059,22,4083,2,36000,1.00538819495
211955,211982,216059,27,4077,2,36000,1.00662251656
211957,211988,216059,31,4071,2,36000,1.00761483665
211958,211993,215616,35,3623,2,36000,1.00966050235
211959,211998,215604,39,3606,2,36000,1.01081530782
211961,212003,216059,42,4056,2,36000,1.01035502959
211962,212009,215610,47,3601,2,36000,1.01305193002
211963,212014,216059,51,4045,2,36000,1.01260815822
211965,212019,216059,54,4040,2,36000,1.01336633663
211966,212024,216059,58,4035,2,36000,1.01437422553
211967,212029,216059,62,4030,2,36000,1.01538461538
211969,212035,216059,66,4024,2,36000,1.01640159046
211970,212040,215640,70,3600,2,36000,1.01944444444
211971,212045,216059,74,4014,2,36000,1.01843547583
211973,212050,215820,77,3770,2,36000,1.02042440318
211974,212055,215920,81,3865,2,36000,1.02095730918
211975,212060,215664,85,3604,2,36000,1.02358490566
211977,212066,216059,89,3993,2,36000,1.02228900576
211978,212071,216014,93,3943,2,36000,1.02358610195
211980,212076,215478,96,3402,2,36000,1.02821869489
211981,212081,216059,100,3978,2,36000,1.02513826043
211982,212086,215654,104,3568,2,36000,1.02914798206
211984,212092,215997,108,3905,2,36000,1.02765685019
211985,212098,216059,113,3961,2,36000,1.02852814946
211986,212103,215993,117,3890,2,36000,1.03007712082
211988,212108,216059,120,3951,2,36000,1.03037205771
211989,212113,215535,124,3422,2,36000,1.03623611923
211990,212118,216059,128,3941,2,36000,1.03247906623
211992,212123,215963,131,3840,2,36000,1.03411458333
211993,212129,216059,136,3930,2,36000,1.03460559796
211994,212134,216059,140,3925,2,36000,1.03566878981
211996,212139,216059,143,3920,2,36000,1.03647959184
211997,212144,216059,147,3915,2,36000,1.03754789272
211998,212149,216059,151,3910,2,36000,1.03861892583
212000,212155,215820,155,3665,2,36000,1.04229195089
212001,212575,216060,574,3485,2,36000,1.16470588235
212209,275813,307428,63604,31615,12,57600,3.01182982761
212706,212712,213018,6,306,1,1140,1.01960784314
213031,230149,251301,17118,21152,2,72000,1.80928517398
213321,213758,239421,437,25663,2,43200,1.01702840666
213326,230280,245581,16954,15301,2,72000,2.10803215476
213441,287662,368194,74221,80532,4,86400,1.92163363632
213580,213586,213587,6,1,1,18000,1.0
213699,213705,214509,6,804,1,18000,1.00746268657
213804,213810,218413,6,4603,16,7200,1.00130349772
214463,287693,476145,73230,188452,1,360000,1.3885870142
214487,287699,472244,73212,184545,1,360000,1.39671624807
214551,287704,545643,73153,257939,1,360000,1.28360581378
214586,287709,287710,73123,1,1,360000,7312.4
215090,215096,215223,6,127,1,1140,1.04724409449
215482,215490,216059,8,569,2,36000,1.01405975395
215536,215546,216060,10,514,2,36000,1.01945525292
215538,235712,268173,20174,32461,70,32400,1.62148424263
215551,215557,216059,6,502,2,36000,1.01195219124
215605,215615,216060,10,445,2,36000,1.02247191011
215619,215625,216060,6,435,2,36000,1.01379310345
215620,215631,216060,11,429,2,36000,1.02564102564
215641,215651,216060,10,409,2,36000,1.02444987775
215656,215665,216060,9,395,2,36000,1.02278481013
215670,215677,216060,7,383,2,36000,1.0182767624
215743,215753,216060,10,307,2,36000,1.0325732899
215822,215831,216060,9,229,2,36000,1.03930131004
215823,215836,216060,13,224,2,36000,1.05803571429
215856,215864,216060,8,196,2,36000,1.04081632653
215923,215932,216060,9,128,2,36000,1.0703125
215965,215974,216060,9,86,2,36000,1.10465116279
215994,216005,216060,11,55,2,36000,1.2
216009,216015,216060,6,45,2,36000,1.13333333333
216025,216031,216060,6,29,2,36000,1.20689655172
216336,216342,221499,6,5157,2,36000,1.00116346713
216337,216348,221769,11,5421,2,36000,1.00202914591
216338,216353,220364,15,4011,2,36000,1.00373971578
216340,216358,221891,18,5533,2,36000,1.00325320802
216341,216363,220417,22,4054,2,36000,1.00542673902
216342,216369,221948,27,5579,2,36000,1.00483957699
216344,216374,221403,30,5029,2,36000,1.00596540068
216345,216379,221114,34,4735,2,36000,1.00718057022
216346,216385,222202,39,5817,2,36000,1.00670448685
216348,216390,221427,42,5037,2,36000,1.00833829661
216349,216395,221923,46,5528,2,36000,1.00832127352
216350,216400,222084,50,5684,2,36000,1.0087966221
216352,216405,222136,53,5731,2,36000,1.00924794975
216353,216411,221795,58,5384,2,36000,1.01077265973
216354,216416,220373,62,3957,2,36000,1.01566843568
216356,216421,221791,65,5370,2,36000,1.01210428305
216357,216426,220293,69,3867,2,36000,1.01784328937
216358,216431,221674,73,5243,2,36000,1.01392332634
216360,216436,221480,76,5044,2,36000,1.01506740682
216361,216442,221693,81,5251,2,36000,1.01542563321
216362,216447,222246,85,5799,2,36000,1.0146576996
216363,216452,221631,89,5179,2,36000,1.01718478471
216365,216457,221871,92,5414,2,36000,1.01699298116
216366,216462,221709,96,5247,2,36000,1.01829616924
216367,216468,220831,101,4363,2,36000,1.02314920926
216369,216473,221773,104,5300,2,36000,1.01962264151
216370,216479,221213,109,4734,2,36000,1.02302492607
216371,216484,221801,113,5317,2,36000,1.02125258604
216373,216489,222386,116,5897,2,36000,1.01967101916
216374,216495,221175,121,4680,2,36000,1.02585470085
216375,216500,221712,125,5212,2,36000,1.02398311589
216377,216505,221377,128,4872,2,36000,1.026272578
216378,216510,220851,132,4341,2,36000,1.03040774015
216379,216515,222197,136,5682,2,36000,1.02393523407
216381,216520,222081,139,5561,2,36000,1.02499550441
216382,216526,221377,144,4851,2,36000,1.02968460111
216383,216531,221120,148,4589,2,36000,1.03225103508
216385,216536,221896,151,5360,2,36000,1.02817164179
216386,216541,222196,155,5655,2,36000,1.02740937224
216387,216546,220835,159,4289,2,36000,1.03707157846
216486,231554,243307,15068,11753,2,72000,2.28205564537
216818,216825,216936,7,111,1,1140,1.06306306306
217207,217213,221399,6,4186,7,19140,1.00143334926
219367,219373,220068,6,695,4,3600,1.00863309353
220294,220304,225580,10,5276,2,36000,1.00189537528
220366,220375,224366,9,3991,2,36000,1.00225507392
220380,220387,225228,7,4841,2,36000,1.00144598224
220401,220408,220419,7,11,3,21600,1.63636363636
220419,220428,224973,9,4545,2,36000,1.00198019802
220833,220842,226245,9,5403,2,36000,1.00166574125
220848,220854,225890,6,5036,2,36000,1.00119142176
220863,220869,225882,6,5013,2,36000,1.00119688809
221450,221456,233321,6,11865,32,14400,1.000505689
221484,221490,222196,6,706,1,3600,1.00849858357
221685,221692,226251,7,4559,2,36000,1.00153542444
221687,221697,225942,10,4245,2,36000,1.0023557126
221688,221703,227058,15,5355,2,36000,1.00280112045
221689,221708,226147,19,4439,2,36000,1.0042802433
221691,221713,226488,22,4775,2,36000,1.00460732984
221692,221718,228022,26,6304,2,36000,1.00412436548
221693,221724,226789,31,5065,2,36000,1.00612043435
221695,221729,226975,34,5246,2,36000,1.00648112848
221696,221735,226642,39,4907,2,36000,1.00794782963
221697,221740,226074,43,4334,2,36000,1.00992155053
221699,221745,227522,46,5777,2,36000,1.00796261035
221700,221750,228020,50,6270,2,36000,1.00797448166
221715,221755,227296,40,5541,2,36000,1.00721891355
221717,221760,227581,43,5821,2,36000,1.0073870469
221718,221766,227317,48,5551,2,36000,1.00864709061
221769,221780,226527,11,4747,2,36000,1.002317253
221784,221791,226755,7,4964,2,36000,1.0014101531
221800,221806,226545,6,4739,2,36000,1.00126608989
221801,221812,226994,11,5182,2,36000,1.00212273254
221816,221822,226271,6,4449,2,36000,1.00134861767
221874,221882,226436,8,4554,2,36000,1.00175669741
221892,221903,226908,11,5005,2,36000,1.0021978022
221906,221912,227243,6,5331,2,36000,1.0011254924
221924,221934,227167,10,5233,2,36000,1.00191094974
221948,221960,227050,12,5090,2,36000,1.00235756385
222053,235717,253114,13664,17397,3,21600,1.78542277404
222073,222079,222585,6,506,1,3600,1.01185770751
222084,222092,227598,8,5506,2,36000,1.00145296041
222086,222098,226814,12,4716,2,36000,1.00254452926
222113,222119,222123,6,4,1,14160,1.0
222137,222147,226508,10,4361,2,36000,1.00229305205
222172,222179,222184,7,5,1,14040,1.2
222198,222207,226846,9,4639,2,36000,1.00194007329
222199,222213,227408,14,5195,2,36000,1.00269489894
222214,222221,227568,7,5347,2,36000,1.00130914532
222247,222257,227529,10,5272,2,36000,1.00189681335
222272,222278,235092,6,12814,1,14100,1.00046823786
222288,222294,234981,6,12687,1,14040,1.00047292504
222292,287667,289232,65375,1565,8,356400,42.7731629393
222374,222381,234610,7,12229,1,13920,1.00057240985
222389,222397,227233,8,4836,2,36000,1.00165425972
222461,222467,234820,6,12353,1,13680,1.00048571197
222580,231483,243977,8903,12494,2,43200,1.71258203938
223044,223050,224057,6,1007,4,3600,1.00595829196
223068,239390,251781,16322,12391,2,43200,2.31724638851
223541,282423,283070,58882,647,3,43200,92.0077279753
224020,283081,326286,59061,43205,3,43200,2.36699456081
224368,224378,229826,10,5448,2,36000,1.00183553598
224441,239433,249408,14992,9975,2,43200,2.50295739348
224807,243318,255465,18511,12147,2,43200,2.52391537005
224898,224904,225049,6,145,1,3600,1.04137931034
224977,224984,230666,7,5682,2,36000,1.00123196058
225114,225120,225493,6,373,1,3600,1.01608579088
225122,225128,226962,6,1834,6,1800,1.00327153762
225230,225239,229293,9,4054,2,36000,1.0022200296
225490,225496,229131,6,3635,1,3600,1.00165061898
225585,225591,230082,6,4491,2,36000,1.00133600534
225884,225893,230389,9,4496,2,36000,1.00200177936
225899,225905,230558,6,4653,2,36000,1.00128949065
225945,225953,232011,8,6058,2,36000,1.00132056784
226076,226085,231387,9,5302,2,36000,1.00169747265
226150,226158,231240,8,5082,2,36000,1.00157418339
226188,226194,226303,6,109,1,1140,1.05504587156
226248,226256,231875,8,5619,2,36000,1.00142374088
226263,226269,230386,6,4117,2,36000,1.00145737187
226278,226284,231101,6,4817,2,36000,1.00124558854
226359,226365,226475,6,110,1,1140,1.05454545455
226439,226447,232169,8,5722,2,36000,1.00139811255
226490,226499,232123,9,5624,2,36000,1.0016002845
226511,226519,231782,8,5263,2,36000,1.0015200456
226529,226539,231523,10,4984,2,36000,1.00200642055
226547,226556,230681,9,4125,2,36000,1.00218181818
226643,226653,232117,10,5464,2,36000,1.00183016105
226756,226762,226781,6,19,1,2340,1.31578947368
226758,226768,232578,10,5810,2,36000,1.0017211704
226782,226788,227203,6,415,1,2340,1.01445783133
226792,226800,231473,8,4673,2,36000,1.00171196234
226816,226825,231818,9,4993,2,36000,1.00180252353
226847,226857,231558,10,4701,2,36000,1.00212720698
226910,226919,232740,9,5821,2,36000,1.0015461261
226976,226986,231700,10,4714,2,36000,1.00212134069
226997,227006,231505,9,4499,2,36000,1.00200044454
227051,227061,232097,10,5036,2,36000,1.00198570294
227065,227072,232182,7,5110,2,36000,1.00136986301
227168,227178,232906,10,5728,2,36000,1.00174581006
227235,227244,232975,9,5731,2,36000,1.00157040656
227250,227256,231297,6,4041,2,36000,1.00148478099
227298,227307,232496,9,5189,2,36000,1.00173443823
227319,227329,232535,10,5206,2,36000,1.00192086055
227410,227419,231860,9,4441,2,36000,1.00202657059
227524,227533,232275,9,4742,2,36000,1.00189793336
227539,227545,231403,6,3858,2,36000,1.00155520995
227569,227579,233107,10,5528,2,36000,1.0018089725
227585,227592,231513,7,3921,2,36000,1.00178525886
227600,227609,232369,9,4760,2,36000,1.0018907563
227665,227671,235701,6,8030,32,8100,1.00074719801
228025,228031,233738,6,5707,2,36000,1.00105134046
228026,228037,233060,11,5023,2,36000,1.00218992634
229110,229116,229951,6,835,4,3600,1.00718562874
229188,229195,229211,7,16,2,1200,1.4375
229294,229304,234484,10,5180,2,36000,1.00193050193
229581,229588,230792,7,1204,2,1200,1.00581395349
229676,287678,287684,58002,6,8,259200,5800.8
229676,287672,287679,57996,7,8,259200,5800.3
229828,229838,235001,10,5163,2,36000,1.00193685842
229925,287688,287694,57763,6,8,259200,5776.9
229925,287683,287693,57758,10,8,259200,5776.8
230082,230093,234828,11,4735,2,36000,1.00232312566
230389,230397,235874,8,5477,2,36000,1.00146065364
230404,230410,234787,6,4377,2,36000,1.00137080192
230558,230569,235207,11,4638,2,36000,1.00237171194
230666,230678,235139,12,4461,2,36000,1.00268997983
230681,230692,236596,11,5904,2,36000,1.00186314363
230833,230839,232071,6,1232,4,1200,1.00487012987
231105,231113,235653,8,4540,2,36000,1.00176211454
231241,231251,236783,10,5532,2,36000,1.0018076645
231298,231308,236508,10,5200,2,36000,1.00192307692
231390,231399,236869,9,5470,2,36000,1.00164533821
231405,231414,236191,9,4777,2,36000,1.00188402763
231476,231490,235859,14,4369,2,36000,1.0032043946
231507,231517,237095,10,5578,2,36000,1.00179275726
231523,231529,235875,6,4346,2,36000,1.00138057984
231524,231535,236549,11,5014,2,36000,1.0021938572
231561,231570,236108,9,4538,2,36000,1.00198325253
231702,231712,236640,10,4928,2,36000,1.00202922078
231784,231794,236470,10,4676,2,36000,1.00213857998
231822,231829,237044,7,5215,2,36000,1.00134228188
231861,231882,236375,21,4493,2,36000,1.00467393724
231877,231888,237612,11,5724,2,36000,1.00192173305
232013,232022,237450,9,5428,2,36000,1.00165806927
232029,232082,232084,53,2,4,1140,5.5
232096,232102,232138,6,36,6,600,1.16666666667
232099,232108,237225,9,5117,2,36000,1.00175884307
232121,232128,236558,7,4430,2,36000,1.00158013544
232124,232149,233375,25,1226,1,1200,1.02039151713
232137,232143,237815,6,5672,2,36000,1.00105782793
232171,232180,237588,9,5408,2,36000,1.00166420118
232177,232186,232448,9,262,4,1140,1.03435114504
232186,232194,237621,8,5427,2,36000,1.00147411093
232277,232286,236885,9,4599,2,36000,1.00195694716
232372,232380,238534,8,6154,2,36000,1.0012999675
232500,232507,237076,7,4569,2,36000,1.00153206391
232536,232546,237829,10,5283,2,36000,1.0018928639
232581,232589,238080,8,5491,2,36000,1.00145692952
232742,232751,237375,9,4624,2,36000,1.00194636678
232909,232917,237767,8,4850,2,36000,1.00164948454
232978,232987,238649,9,5662,2,36000,1.00158954433
233060,233071,238287,11,5216,2,36000,1.00210889571
233108,233118,237684,10,4566,2,36000,1.00219010074
233131,233332,233558,201,226,8,1740,1.88938053097
233635,234303,318762,668,84459,1,86400,1.00790916303
233727,233733,233964,6,231,8,1740,1.02597402597
233742,233750,238713,8,4963,2,36000,1.00161192827
233861,268189,275797,34328,7608,32,57600,5.51209253417
234488,234496,239192,8,4696,2,36000,1.00170357751
234650,287721,309678,53071,21957,8,345600,3.41704240106
234697,234703,252721,6,18018,1,18000,1.00033300033
234788,234798,240623,10,5825,2,36000,1.0017167382
234831,234839,240248,8,5409,2,36000,1.00147901645
234893,243988,250864,9095,6876,2,43200,2.32271669575
234907,236473,254518,1566,18045,1,18000,1.08678304239
234908,287726,305751,52818,18025,8,345600,3.93026352288
235003,235013,239951,10,4938,2,36000,1.00202511138
235047,236479,254515,1432,18036,1,18000,1.07939676203
235050,287731,317575,52681,29844,8,345600,2.76521243801
235139,235150,240567,11,5417,2,36000,1.00203064427
235167,236484,254493,1317,18009,1,18000,1.07313010162
235208,235218,240713,10,5495,2,36000,1.00181983621
235385,251313,251982,15928,669,4,3600,24.8086696562
235411,251993,252946,16582,953,4,3600,18.3997901364
235429,245592,252465,10163,6873,2,43200,2.47868470828
235444,252477,253070,17033,593,4,3600,29.7234401349
235559,252734,253799,17175,1065,4,3600,17.1267605634
235656,235664,239873,8,4209,2,36000,1.001900689
235862,235871,241573,9,5702,2,36000,1.00157839355
235878,235885,241737,7,5852,2,36000,1.00119617225
235879,235891,241840,12,5949,2,36000,1.00201714574
235988,246086,252723,10098,6637,2,43200,2.52147054392
236113,236119,241658,6,5539,2,36000,1.00108322802
236162,236489,237801,327,1312,1,3540,1.24923780488
236191,236202,241295,11,5093,2,36000,1.00215982721
236378,236386,242048,8,5662,2,36000,1.00141292829
236406,249420,255994,13014,6574,2,43200,2.97961667174
236472,236495,240734,23,4239,2,36000,1.00542580797
236508,236519,241570,11,5051,2,36000,1.00217778658
236551,236560,241992,9,5432,2,36000,1.00165684831
236565,236571,241081,6,4510,2,36000,1.00133037694
236598,236607,242033,9,5426,2,36000,1.00165868043
236641,236651,240693,10,4042,2,36000,1.00247402276
236776,287715,294556,50939,6841,2,43200,8.4461336062
236786,236794,241787,8,4993,2,36000,1.00160224314
236870,236880,241685,10,4805,2,36000,1.00208116545
236885,236896,242766,11,5870,2,36000,1.00187393526
237045,237055,241298,10,4243,2,36000,1.002356823
237076,237087,242533,11,5446,2,36000,1.00201983107
237098,237106,241641,8,4535,2,36000,1.00176405733
237226,237236,241612,10,4376,2,36000,1.00228519196
237377,237386,242261,9,4875,2,36000,1.00184615385
237453,237461,242169,8,4708,2,36000,1.00169923534
237590,237600,242685,10,5085,2,36000,1.00196656834
237615,237623,242577,8,4954,2,36000,1.00161485668
237630,237636,242580,6,4944,2,36000,1.00121359223
237684,237695,242990,11,5295,2,36000,1.00207743154
237768,237779,243139,11,5360,2,36000,1.00205223881
237817,237826,243560,9,5734,2,36000,1.00156958493
237832,237840,243940,8,6100,2,36000,1.00131147541
238080,238091,243510,11,5419,2,36000,1.00202989481
238288,238298,242762,10,4464,2,36000,1.00224014337
238535,238545,243489,10,4944,2,36000,1.00202265372
238649,238661,243679,12,5018,2,36000,1.00239139099
238715,238725,243777,10,5052,2,36000,1.00197941409
238985,238992,239828,7,836,1,18000,1.00837320574
239193,239203,245328,10,6125,2,36000,1.00163265306
239654,239660,239663,6,3,1,3540,1.0
239873,239884,245100,11,5216,2,36000,1.00210889571
239951,239962,245215,11,5253,2,36000,1.0020940415
240250,240259,245441,9,5182,2,36000,1.00173678117
240309,240315,258343,6,18028,1,18000,1.00033281562
240568,240578,246359,10,5781,2,36000,1.00172980453
240623,240634,245921,11,5287,2,36000,1.002080575
240694,240705,246532,11,5827,2,36000,1.00188776386
240715,240724,245933,9,5209,2,36000,1.00172777884
240733,240745,246320,12,5575,2,36000,1.00215246637
241083,241092,246145,9,5053,2,36000,1.00178112013
241297,241306,246303,9,4997,2,36000,1.00180108065
241299,241312,246606,13,5294,2,36000,1.00245561012
241571,241581,246224,10,4643,2,36000,1.00215377988
241585,241591,247348,6,5757,2,36000,1.00104220948
241612,241623,247675,11,6052,2,36000,1.00181758096
241642,241653,247355,11,5702,2,36000,1.00192914767
241660,241674,247483,14,5809,2,36000,1.00241005337
241662,241668,241670,6,2,1,3540,1.0
241686,241696,247301,10,5605,2,36000,1.00178412132
241738,241748,247399,10,5651,2,36000,1.0017695983
241789,241798,246658,9,4860,2,36000,1.00185185185
241841,241852,246858,11,5006,2,36000,1.00219736316
241996,242004,247417,8,5413,2,36000,1.00147792352
242032,242044,247451,12,5407,2,36000,1.00221934529
242050,242060,247859,10,5799,2,36000,1.00172443525
242093,242099,243364,6,1265,1,3540,1.004743083
242171,242180,246067,9,3887,2,36000,1.00231541034
242262,242273,247577,11,5304,2,36000,1.00207390649
242536,242544,248276,8,5732,2,36000,1.00139567341
242579,242588,247993,9,5405,2,36000,1.00166512488
242593,242599,248056,6,5457,2,36000,1.00109950522
242687,242696,248001,9,5305,2,36000,1.00169651272
242763,242773,247827,10,5054,2,36000,1.00197863079
242778,242784,248319,6,5535,2,36000,1.00108401084
242993,243001,248562,8,5561,2,36000,1.00143859018
243139,243151,247915,12,4764,2,36000,1.00251889169
243490,243500,248769,10,5269,2,36000,1.00189789334
243511,243522,248838,11,5316,2,36000,1.00206922498
243563,243571,248495,8,4924,2,36000,1.00162469537
243682,243690,248913,8,5223,2,36000,1.00153168677
243778,243788,249087,10,5299,2,36000,1.00188714852
243942,243951,249152,9,5201,2,36000,1.00173043645
245102,245112,249648,10,4536,2,36000,1.00220458554
245216,245226,250567,10,5341,2,36000,1.00187230856
245331,245340,249844,9,4504,2,36000,1.0019982238
245443,245453,250184,10,4731,2,36000,1.00211371803
245923,245933,250393,10,4460,2,36000,1.00224215247
245938,245944,250567,6,4623,2,36000,1.00129785853
246068,246078,250444,10,4366,2,36000,1.00229042602
246147,246156,250567,9,4411,2,36000,1.00204035366
246225,246235,250520,10,4285,2,36000,1.00233372229
246304,246314,250567,10,4253,2,36000,1.00235128145
246322,246331,250567,9,4236,2,36000,1.00212464589
246361,246371,250567,10,4196,2,36000,1.00238322212
246534,246543,250567,9,4024,2,36000,1.00223658052
246607,246617,250567,10,3950,2,36000,1.00253164557
246658,246669,250567,11,3898,2,36000,1.00282195998
246860,246869,250567,9,3698,2,36000,1.00243374797
247303,247313,250567,10,3254,2,36000,1.00307314075
247349,247359,250567,10,3208,2,36000,1.00311720698
247364,247370,250567,6,3197,2,36000,1.00187675946
247402,247411,250567,9,3156,2,36000,1.00285171103
247418,247428,250567,10,3139,2,36000,1.00318572794
247454,247463,250567,9,3104,2,36000,1.00289948454
247486,247494,250567,8,3073,2,36000,1.00260331923
247581,247589,250567,8,2978,2,36000,1.00268636669
247678,247686,250567,8,2881,2,36000,1.00277681361
247804,287657,287664,39853,7,18,36000,3986.0
247829,247838,250567,9,2729,2,36000,1.00329791132
247860,247870,250567,10,2697,2,36000,1.00370782351
247918,247926,250567,8,2641,2,36000,1.00302915562
247994,248004,250567,10,2563,2,36000,1.00390167772
248009,248015,250567,6,2552,2,36000,1.00235109718
248058,248068,250567,10,2499,2,36000,1.00400160064
248279,248287,250567,8,2280,2,36000,1.00350877193
248322,248331,250567,9,2236,2,36000,1.00402504472
248500,248506,250567,6,2061,2,36000,1.00291120815
248564,248573,250567,9,1994,2,36000,1.00451354062
248772,248780,250567,8,1787,2,36000,1.00447677672
248839,248850,250567,11,1717,2,36000,1.00640652301
248914,248924,250567,10,1643,2,36000,1.00608642727
249090,249098,250567,8,1469,2,36000,1.00544588155
249155,249163,250567,8,1404,2,36000,1.0056980057
249651,249659,250567,8,908,2,36000,1.00881057269
249845,249855,250567,10,712,2,36000,1.01404494382
250192,250198,250567,6,369,2,36000,1.0162601626
250394,250405,250568,11,163,2,36000,1.06748466258
250446,250455,250567,9,112,2,36000,1.08035714286
250528,250534,250567,6,33,2,36000,1.18181818182
250615,250621,253920,6,3299,2,36000,1.00181873295
250617,250627,254392,10,3765,2,36000,1.0026560425
250618,250632,253916,14,3284,2,36000,1.00426309379
250619,250637,254680,18,4043,2,36000,1.0044521395
250621,250642,254337,21,3695,2,36000,1.00568335589
250622,250648,253991,26,3343,2,36000,1.00777744541
250624,250653,254113,29,3460,2,36000,1.00838150289
250625,250659,254258,34,3599,2,36000,1.00944706863
250627,250664,253842,37,3178,2,36000,1.01164254248
250628,250669,254168,41,3499,2,36000,1.01171763361
250629,250674,254359,45,3685,2,36000,1.01221166893
250631,250679,253915,48,3236,2,36000,1.01483312732
250632,250685,253888,53,3203,2,36000,1.0165469872
250633,250690,253789,57,3099,2,36000,1.01839303001
250635,250695,254270,60,3575,2,36000,1.01678321678
250636,250700,255353,64,4653,2,36000,1.01375456695
250637,250705,254045,68,3340,2,36000,1.02035928144
250639,250710,253581,71,2871,2,36000,1.02473005921
250640,250716,253960,76,3244,2,36000,1.02342786683
250641,250721,254063,80,3342,2,36000,1.02393776182
250643,250726,254410,83,3684,2,36000,1.02252985885
250644,250732,253919,88,3187,2,36000,1.02761217446
250646,250737,254704,91,3967,2,36000,1.0229392488
250648,250742,253971,94,3229,2,36000,1.02911117993
250649,250748,254328,99,3580,2,36000,1.02765363128
250650,250753,254291,103,3538,2,36000,1.02911249293
250652,250758,254374,106,3616,2,36000,1.02931415929
250653,250763,254354,110,3591,2,36000,1.0306321359
250655,250768,254537,113,3769,2,36000,1.02998142743
250656,250774,254160,118,3386,2,36000,1.0348493798
250658,250779,254738,121,3959,2,36000,1.03056327355
250659,250787,253808,128,3021,2,36000,1.04237007613
250660,250792,254477,132,3685,2,36000,1.03582089552
250662,250797,254117,135,3320,2,36000,1.0406626506
250663,250802,254664,139,3862,2,36000,1.03599171414
250665,250807,254080,142,3273,2,36000,1.04338527345
250666,250813,254069,147,3256,2,36000,1.04514742015
250668,250818,254303,150,3485,2,36000,1.04304160689
250669,250823,254997,154,4174,2,36000,1.03689506469
250671,250828,254419,157,3591,2,36000,1.04372041214
253583,253589,257115,6,3526,2,36000,1.00170164492
253792,253799,257194,7,3395,2,36000,1.00206185567
253811,253817,257660,6,3843,2,36000,1.00156128025
253845,253851,257574,6,3723,2,36000,1.00161160355
253890,253897,258243,7,4346,2,36000,1.00161067648
253918,253925,258182,7,4257,2,36000,1.00164435048
253920,253931,257650,11,3719,2,36000,1.00295778435
253935,253941,257901,6,3960,2,36000,1.00151515152
253936,253947,257384,11,3437,2,36000,1.00320046552
253962,253968,257119,6,3151,2,36000,1.00190415741
253977,253983,258428,6,4445,2,36000,1.00134983127
253992,253998,257251,6,3253,2,36000,1.00184445128
254047,254053,258894,6,4841,2,36000,1.00123941334
254054,254061,254064,7,3,1,3600,1.0
254066,254072,257622,6,3550,2,36000,1.00169014085
254081,254087,259168,6,5081,2,36000,1.00118086991
254083,254093,258875,10,4782,2,36000,1.00209117524
254095,254101,254284,6,183,1,3600,1.03278688525
254116,254123,257960,7,3837,2,36000,1.00182434193
254118,254129,258700,11,4571,2,36000,1.00240647561
254164,254176,257197,12,3021,2,36000,1.00397219464
254180,254186,257767,6,3581,2,36000,1.00167550963
254260,254267,257802,7,3535,2,36000,1.00198019802
254276,254283,258572,7,4289,2,36000,1.00163208207
254291,254297,258050,6,3753,2,36000,1.00159872102
254306,254312,258343,6,4031,2,36000,1.0014884644
254331,254337,257966,6,3629,2,36000,1.00165334803
254350,254356,258819,6,4463,2,36000,1.00134438718
254367,254373,257942,6,3569,2,36000,1.00168114318
254369,254379,258006,10,3627,2,36000,1.00275709953
254383,254389,258116,6,3727,2,36000,1.00160987389
254398,254404,257700,6,3296,2,36000,1.00182038835
254413,254419,258049,6,3630,2,36000,1.00165289256
254429,254435,258776,6,4341,2,36000,1.00138217001
254478,254484,258502,6,4018,2,36000,1.00149328024
254539,254545,258162,6,3617,2,36000,1.00165883329
254665,254671,257979,6,3308,2,36000,1.00181378476
254683,254689,258446,6,3757,2,36000,1.0015970189
254705,254711,258298,6,3587,2,36000,1.001672707
254745,254750,258493,5,3743,2,36000,1.00133582688
254759,254765,255308,6,543,1,3600,1.01104972376
255004,255010,258434,6,3424,2,36000,1.00175233645
255356,255363,259648,7,4285,2,36000,1.0016336056
257117,257123,260730,6,3607,2,36000,1.00166343222
257133,257139,260704,6,3565,2,36000,1.00168302945
257196,257203,260742,7,3539,2,36000,1.00197795988
257212,257219,260791,7,3572,2,36000,1.00195968645
257255,257261,260524,6,3263,2,36000,1.00183879865
257385,257391,261313,6,3922,2,36000,1.00152983172
257577,257583,260862,6,3279,2,36000,1.00182982617
257625,257631,260883,6,3252,2,36000,1.00184501845
257655,257661,261151,6,3490,2,36000,1.00171919771
257669,257675,261610,6,3935,2,36000,1.00152477764
257703,257709,261626,6,3917,2,36000,1.00153178453
257770,257775,261387,5,3612,2,36000,1.00138427464
257806,257812,261374,6,3562,2,36000,1.00168444694
257904,257910,261788,6,3878,2,36000,1.00154718927
257938,257944,263196,6,5252,2,36000,1.00114242193
257962,257968,262243,6,4275,2,36000,1.00140350877
257976,257983,261733,7,3750,2,36000,1.00186666667
257991,257998,261280,7,3282,2,36000,1.00213284583
258009,258015,262056,6,4041,2,36000,1.00148478099
258053,258059,263420,6,5361,2,36000,1.00111919418
258054,258065,261304,11,3239,2,36000,1.00339610991
258119,258125,261614,6,3489,2,36000,1.00171969046
258165,258171,261804,6,3633,2,36000,1.00165152766
258184,258190,261578,6,3388,2,36000,1.00177095632
258245,258251,261991,6,3740,2,36000,1.00160427807
258299,258305,262774,6,4469,2,36000,1.00134258223
258348,258354,261667,6,3313,2,36000,1.00181104739
258430,258436,262235,6,3799,2,36000,1.00157936299
258446,258452,261686,6,3234,2,36000,1.00185528757
258447,258458,261999,11,3541,2,36000,1.0031064671
258493,258499,262462,6,3963,2,36000,1.00151400454
258509,258515,262207,6,3692,2,36000,1.00162513543
258576,258582,262069,6,3487,2,36000,1.0017206768
258703,258709,261843,6,3134,2,36000,1.00191448628
258780,258786,262115,6,3329,2,36000,1.00180234305
258819,258825,263666,6,4841,2,36000,1.00123941334
258876,258883,262176,7,3293,2,36000,1.00212572123
258897,258903,263139,6,4236,2,36000,1.00141643059
259168,259174,262637,6,3463,2,36000,1.00173260179
259651,259657,264014,6,4357,2,36000,1.00137709433
260527,260533,265420,6,4887,2,36000,1.00122774708
260708,260714,264160,6,3446,2,36000,1.00174114916
260733,260739,263917,6,3178,2,36000,1.00188797986
260747,260753,265710,6,4957,2,36000,1.00121040952
260793,260799,264673,6,3874,2,36000,1.00154878678
260863,260869,264103,6,3234,2,36000,1.00185528757
260884,260890,264720,6,3830,2,36000,1.00156657963
261093,271672,271686,10579,14,2,36000,756.642857143
261153,261160,264736,7,3576,2,36000,1.00195749441
261283,261289,264884,6,3595,2,36000,1.0016689847
261307,261313,264912,6,3599,2,36000,1.00166712976
261322,261328,264843,6,3515,2,36000,1.00170697013
261376,261382,265048,6,3666,2,36000,1.00163666121
261391,261397,264754,6,3357,2,36000,1.0017873101
261579,261585,264904,6,3319,2,36000,1.00180777343
261613,261619,265793,6,4174,2,36000,1.00143747005
261629,261635,265570,6,3935,2,36000,1.00152477764
261630,261641,265873,11,4232,2,36000,1.00259924386
261670,261676,264939,6,3263,2,36000,1.00183879865
261689,261695,266673,6,4978,2,36000,1.00120530333
261735,261741,265932,6,4191,2,36000,1.00143163923
261790,261796,265538,6,3742,2,36000,1.00160342063
261805,261811,265247,6,3436,2,36000,1.00174621653
261845,261851,265089,6,3238,2,36000,1.00185299568
261991,261997,267069,6,5072,2,36000,1.0011829653
262005,262012,265864,7,3852,2,36000,1.0018172378
262057,262063,265147,6,3084,2,36000,1.00194552529
262072,262078,267098,6,5020,2,36000,1.00119521912
262117,262123,266940,6,4817,2,36000,1.00124558854
262179,262185,266991,6,4806,2,36000,1.00124843945
262210,262216,266948,6,4732,2,36000,1.00126796281
262238,262244,266673,6,4429,2,36000,1.00135470761
262253,262259,266076,6,3817,2,36000,1.00157191512
262463,262469,266900,6,4431,2,36000,1.00135409614
262638,262644,266207,6,3563,2,36000,1.00168397418
262775,262781,267259,6,4478,2,36000,1.00133988388
263142,263148,267920,6,4772,2,36000,1.00125733445
263196,263202,266722,6,3520,2,36000,1.00170454545
263422,263428,267036,6,3608,2,36000,1.00166297118
263667,263673,266921,6,3248,2,36000,1.00184729064
263919,263925,268023,6,4098,2,36000,1.00146412884
264016,264022,267744,6,3722,2,36000,1.00161203654
264104,264110,268470,6,4360,2,36000,1.00137614679
264163,264169,268358,6,4189,2,36000,1.00143232275
264673,264679,269048,6,4369,2,36000,1.00137331197
264722,264728,268909,6,4181,2,36000,1.00143506338
264737,264743,268476,6,3733,2,36000,1.00160728636
264754,264761,268049,7,3288,2,36000,1.00212895377
264844,264851,268168,7,3317,2,36000,1.00211034067
264884,264890,268075,6,3185,2,36000,1.00188383046
264905,264911,268392,6,3481,2,36000,1.00172364263
264920,264926,268725,6,3799,2,36000,1.00157936299
264941,264947,269684,6,4737,2,36000,1.00126662445
265050,265057,268380,7,3323,2,36000,1.00210653024
265090,265096,268343,6,3247,2,36000,1.00184785956
265150,265156,268338,6,3182,2,36000,1.00188560654
265247,265253,269029,6,3776,2,36000,1.00158898305
265422,265428,269443,6,4015,2,36000,1.00149439601
265541,265547,269767,6,4220,2,36000,1.00142180095
265571,265578,269237,7,3659,2,36000,1.00191309101
265710,265717,269065,7,3348,2,36000,1.00209080048
265795,265801,269215,6,3414,2,36000,1.00175746924
265865,265871,269831,6,3960,2,36000,1.00151515152
265881,265888,269305,7,3417,2,36000,1.00204858063
265933,265939,269547,6,3608,2,36000,1.00166297118
266079,266085,270221,6,4136,2,36000,1.00145067698
266206,266212,269562,6,3350,2,36000,1.00179104478
266675,266681,270460,6,3779,2,36000,1.00158772162
266676,266687,270346,11,3659,2,36000,1.00300628587
266724,266731,270742,7,4011,2,36000,1.0017452007
266902,266909,270321,7,3412,2,36000,1.00205158265
266923,266929,271833,6,4904,2,36000,1.00122349103
266941,266947,271503,6,4556,2,36000,1.00131694469
266955,266962,270818,7,3856,2,36000,1.0018153527
266991,266998,270605,7,3607,2,36000,1.00194067092
267037,267043,270721,6,3678,2,36000,1.00163132137
267069,267076,270682,7,3606,2,36000,1.0019412091
267100,267106,272898,6,5792,2,36000,1.0010359116
267260,267266,271210,6,3944,2,36000,1.00152129817
267746,267752,272299,6,4547,2,36000,1.00131955135
267921,267927,271795,6,3868,2,36000,1.00155118925
268025,268031,271661,6,3630,2,36000,1.00165289256
268052,268058,271449,6,3391,2,36000,1.00176938956
268075,268082,271990,7,3908,2,36000,1.00179119754
268170,268176,273169,6,4993,2,36000,1.00120168236
268339,268345,272069,6,3724,2,36000,1.00161117078
268354,268360,272853,6,4493,2,36000,1.00133541064
268368,268375,273543,7,5168,2,36000,1.00135448916
268383,268389,271993,6,3604,2,36000,1.00166481687
268398,268404,272003,6,3599,2,36000,1.00166712976
268470,268476,271649,6,3173,2,36000,1.00189095493
268485,268491,273729,6,5238,2,36000,1.00114547537
268727,268733,272937,6,4204,2,36000,1.00142721218
268910,268916,272344,6,3428,2,36000,1.00175029172
269030,269037,274038,7,5001,2,36000,1.00139972006
269048,269055,272554,7,3499,2,36000,1.00200057159
269066,269073,273752,7,4679,2,36000,1.00149604616
269217,269223,273267,6,4044,2,36000,1.00148367953
269238,269244,274308,6,5064,2,36000,1.00118483412
269307,269313,274082,6,4769,2,36000,1.00125812539
269446,269452,274662,6,5210,2,36000,1.00115163148
269549,269555,273175,6,3620,2,36000,1.00165745856
269564,269570,274177,6,4607,2,36000,1.00130236596
269687,269693,273133,6,3440,2,36000,1.00174418605
269769,269775,273668,6,3893,2,36000,1.00154122784
269832,269838,273368,6,3530,2,36000,1.00169971671
270221,270227,274039,6,3812,2,36000,1.00157397692
270324,270330,274494,6,4164,2,36000,1.00144092219
270348,270354,274982,6,4628,2,36000,1.00129645635
270463,270469,274393,6,3924,2,36000,1.00152905199
270605,270611,274102,6,3491,2,36000,1.00171870524
270684,270690,275501,6,4811,2,36000,1.00124714197
270721,270727,275350,6,4623,2,36000,1.00129785853
270745,270751,274409,6,3658,2,36000,1.00164024057
270821,270827,274282,6,3455,2,36000,1.0017366136
271211,271218,274805,7,3587,2,36000,1.0019514915
271451,271457,275073,6,3616,2,36000,1.00165929204
271505,271511,276254,6,4743,2,36000,1.00126502214
271652,271658,275555,6,3897,2,36000,1.00153964588
271667,271678,274980,11,3302,2,36000,1.00333131435
271797,271803,275417,6,3614,2,36000,1.00166021029
271833,271839,275459,6,3620,2,36000,1.00165745856
271993,271999,276709,6,4710,2,36000,1.00127388535
271994,272005,275803,11,3798,2,36000,1.00289626119
272009,272015,274972,6,2957,2,36000,1.00202908353
272069,272076,276007,7,3931,2,36000,1.00178071737
272302,272308,276093,6,3785,2,36000,1.00158520476
272347,272353,276646,6,4293,2,36000,1.00139762404
272555,272561,276120,6,3559,2,36000,1.00168586682
272854,272860,276449,6,3589,2,36000,1.00167177487
272899,272905,278048,6,5143,2,36000,1.00116663426
272938,272944,277452,6,4508,2,36000,1.00133096717
273134,273140,277609,6,4469,2,36000,1.00134258223
273170,273177,277178,7,4001,2,36000,1.00174956261
273185,273191,277056,6,3865,2,36000,1.00155239327
273270,273276,279012,6,5736,2,36000,1.0010460251
273369,273376,277308,7,3932,2,36000,1.0017802645
273545,273552,278043,7,4491,2,36000,1.0015586729
273668,273674,277073,6,3399,2,36000,1.00176522507
273732,273738,277068,6,3330,2,36000,1.0018018018
273753,273759,277031,6,3272,2,36000,1.00183374083
273898,275430,276042,1532,612,1,36000,3.50326797386
274039,274045,277174,6,3129,2,36000,1.00191754554
274041,274051,278914,10,4863,2,36000,1.00205634382
274090,274096,278413,6,4317,2,36000,1.00138985407
274105,274111,277581,6,3470,2,36000,1.00172910663
274177,274183,277369,6,3186,2,36000,1.00188323917
274285,274292,278659,7,4367,2,36000,1.00160293107
274309,274316,278096,7,3780,2,36000,1.00185185185
274394,274400,277694,6,3294,2,36000,1.00182149362
274412,274418,278087,6,3669,2,36000,1.00163532298
274496,274502,278329,6,3827,2,36000,1.00156780768
274663,274669,277810,6,3141,2,36000,1.00191021968
274807,274813,278154,6,3341,2,36000,1.0017958695
274973,274979,278454,6,3475,2,36000,1.00172661871
274988,274994,279663,6,4669,2,36000,1.00128507175
274989,275000,278432,11,3432,2,36000,1.00320512821
275074,275080,278831,6,3751,2,36000,1.00159957345
275352,275358,278993,6,3635,2,36000,1.00165061898
275418,275424,280108,6,4684,2,36000,1.00128095645
275460,275470,280191,10,4721,2,36000,1.0021181953
275502,275512,279352,10,3840,2,36000,1.00260416667
275556,275566,279433,10,3867,2,36000,1.00258598397
275804,275819,279490,15,3671,2,36000,1.00408608009
276008,276018,279518,10,3500,2,36000,1.00285714286
276093,276104,279547,11,3443,2,36000,1.00319488818
276108,287752,647766,11644,360014,2,360000,1.03234318665
276120,276131,279833,11,3702,2,36000,1.00297136683
276256,276265,279995,9,3730,2,36000,1.00241286863
276451,276460,280079,9,3619,2,36000,1.00248687483
276648,276657,281803,9,5146,2,36000,1.00174893121
276712,276720,280117,8,3397,2,36000,1.00235501913
276815,287747,287750,10932,3,8,360000,1093.5
277032,277043,280484,11,3441,2,36000,1.00319674513
277056,277068,280508,12,3440,2,36000,1.00348837209
277071,277079,281677,8,4598,2,36000,1.00173988691
277086,277092,280783,6,3691,2,36000,1.00162557572
277173,277185,281762,12,4577,2,36000,1.00262180468
277188,277195,281548,7,4353,2,36000,1.00160808638
277309,277319,280849,10,3530,2,36000,1.00283286119
277369,277380,280501,11,3121,2,36000,1.00352451137
277454,277463,281006,9,3543,2,36000,1.00254022015
277583,277592,281448,9,3856,2,36000,1.0023340249
277610,277620,281905,10,4285,2,36000,1.00233372229
277695,277705,280917,10,3212,2,36000,1.00311332503
277812,277821,280961,9,3140,2,36000,1.00286624204
278044,278054,281134,10,3080,2,36000,1.00324675325
278059,278065,281998,6,3933,2,36000,1.00152555301
278089,278098,281896,9,3798,2,36000,1.00236966825
278104,278110,282288,6,4178,2,36000,1.00143609382
278155,278165,281442,10,3277,2,36000,1.00305157156
278330,278341,282137,11,3796,2,36000,1.00289778714
278415,278424,282222,9,3798,2,36000,1.00236966825
278433,278444,282008,11,3564,2,36000,1.00308641975
278457,278466,282461,9,3995,2,36000,1.00225281602
278663,278671,282579,8,3908,2,36000,1.00204708291
278832,278842,282622,10,3780,2,36000,1.00264550265
278915,278925,282918,10,3993,2,36000,1.00250438267
278993,279004,283037,11,4033,2,36000,1.00272749814
279014,279024,283200,10,4176,2,36000,1.00239463602
279354,279363,284304,9,4941,2,36000,1.00182149362
279436,279445,282776,9,3331,2,36000,1.00270189132
279490,279501,282853,11,3352,2,36000,1.00328162291
279518,279529,283124,11,3595,2,36000,1.00305980529
279548,279558,283436,10,3878,2,36000,1.00257864879
279666,279675,283146,9,3471,2,36000,1.00259291271
279835,279844,283514,9,3670,2,36000,1.00245231608
279995,280006,284090,11,4084,2,36000,1.00269343781
280079,280090,283793,11,3703,2,36000,1.00297056441
280109,280119,283560,10,3441,2,36000,1.00290613194
280124,280130,283562,6,3432,2,36000,1.00174825175
280194,280202,283257,8,3055,2,36000,1.00261865794
280484,280496,284340,12,3844,2,36000,1.00312174818
280502,280513,284130,11,3617,2,36000,1.00304119436
280517,280523,286259,6,5736,2,36000,1.0010460251
280785,280794,285001,9,4207,2,36000,1.00213929166
280852,280860,284865,8,4005,2,36000,1.00199750312
280919,280928,285147,9,4219,2,36000,1.00213320692
280961,280972,284445,11,3473,2,36000,1.00316729053
281009,281018,284645,9,3627,2,36000,1.00248138958
281136,281145,284637,9,3492,2,36000,1.00257731959
281444,281453,285408,9,3955,2,36000,1.00227560051
281459,281465,286267,6,4802,2,36000,1.00124947938
281550,281559,285404,9,3845,2,36000,1.00234070221
281679,281688,285304,9,3616,2,36000,1.00248893805
281763,281774,286308,11,4534,2,36000,1.00242611381
281805,281814,285136,9,3322,2,36000,1.00270921132
281896,281907,286111,11,4204,2,36000,1.00261655566
281911,281917,285487,6,3570,2,36000,1.00168067227
281999,282009,286074,10,4065,2,36000,1.0024600246
282014,282019,285692,5,3673,2,36000,1.00136128505
282138,282149,286242,11,4093,2,36000,1.00268751527
282222,282234,285886,12,3652,2,36000,1.00328587076
282288,282299,286140,11,3841,2,36000,1.00286383754
282461,282472,285630,11,3158,2,36000,1.00348321723
282579,282590,286954,11,4364,2,36000,1.00252062328
282625,282633,287036,8,4403,2,36000,1.00181694299
282779,282787,286329,8,3542,2,36000,1.00225861095
282811,287757,314029,4946,26272,2,36000,1.18826126675
282815,287762,311841,4947,24079,2,36000,1.20544873126
282821,287768,311604,4947,23836,2,36000,1.20754321195
282855,282865,286448,10,3583,2,36000,1.0027909573
282919,282930,286245,11,3315,2,36000,1.00331825038
283038,283048,286483,10,3435,2,36000,1.00291120815
283124,283135,287476,11,4341,2,36000,1.00253397835
283148,283157,286937,9,3780,2,36000,1.00238095238
283204,283212,286256,8,3044,2,36000,1.00262812089
283259,283268,287982,9,4714,2,36000,1.00190920662
283438,283447,287381,9,3934,2,36000,1.00228774784
283517,283526,287299,9,3773,2,36000,1.00238536973
283563,283571,287865,8,4294,2,36000,1.00186306474
283565,283577,288037,12,4460,2,36000,1.00269058296
283794,283804,287155,10,3351,2,36000,1.00298418383
284092,284101,287126,9,3025,2,36000,1.00297520661
284131,284142,287511,11,3369,2,36000,1.00326506382
284306,284315,288133,9,3818,2,36000,1.00235725511
284341,284351,288182,10,3831,2,36000,1.00261028452
284444,284456,288534,12,4078,2,36000,1.00294261893
284639,284648,288368,9,3720,2,36000,1.00241935484
284654,284660,288133,6,3473,2,36000,1.00172761301
284865,284876,288217,11,3341,2,36000,1.00329242742
285003,285012,289211,9,4199,2,36000,1.00214336747
285143,285149,288661,6,3512,2,36000,1.00170842825
285158,285164,289278,6,4114,2,36000,1.00145843461
285307,285316,289195,9,3879,2,36000,1.00232018561
285407,285416,290130,9,4714,2,36000,1.00190920662
285421,285427,288965,6,3538,2,36000,1.00169587337
285487,285498,288946,11,3448,2,36000,1.00319025522
285632,285642,290084,10,4442,2,36000,1.00225123818
285693,285703,288586,10,2883,2,36000,1.00346860909
285888,285897,289855,9,3958,2,36000,1.00227387569
286077,286085,289097,8,3012,2,36000,1.0026560425
286113,286122,289964,9,3842,2,36000,1.00234252993
286141,286151,289658,10,3507,2,36000,1.00285143998
286244,286253,289893,9,3640,2,36000,1.00247252747
286259,286265,289637,6,3372,2,36000,1.00177935943
286260,286271,290363,11,4092,2,36000,1.00268817204
286261,286276,289687,15,3411,2,36000,1.00439753738
286276,286282,290895,6,4613,2,36000,1.00130067201
286311,286319,289703,8,3384,2,36000,1.00236406619
286332,286341,290630,9,4289,2,36000,1.00209839123
286450,286459,290272,9,3813,2,36000,1.00236034618
286484,286495,290118,11,3623,2,36000,1.00303615788
286557,287737,290621,1180,2884,3,356400,1.40915395284
286938,286948,290859,10,3911,2,36000,1.00255689082
286956,286965,290828,9,3863,2,36000,1.0023297955
287038,287047,291613,9,4566,2,36000,1.00197109067
287128,287137,290651,9,3514,2,36000,1.00256118384
287158,287167,290681,9,3514,2,36000,1.00256118384
287300,287310,290690,10,3380,2,36000,1.00295857988
287389,287395,290897,6,3502,2,36000,1.00171330668
287479,287488,291766,9,4278,2,36000,1.00210378682
287512,287522,291294,10,3772,2,36000,1.00265111347
287750,288509,302401,759,13892,17,18000,1.05463576159
287764,295037,309076,7273,14039,17,18000,1.51805684166
287771,295042,309392,7271,14350,17,18000,1.50668989547
287865,287871,291658,6,3787,2,36000,1.00158436757
287980,287986,292590,6,4604,2,36000,1.0013032146
288037,288043,291291,6,3248,2,36000,1.00184729064
288135,288141,291994,6,3853,2,36000,1.00155722813
288136,288147,292627,11,4480,2,36000,1.00245535714
288184,288190,291666,6,3476,2,36000,1.00172612198
288218,288224,291587,6,3363,2,36000,1.00178412132
288368,288374,291988,6,3614,2,36000,1.00166021029
288534,288540,291641,6,3101,2,36000,1.00193485972
288588,288594,292440,6,3846,2,36000,1.0015600624
288678,288684,291930,6,3246,2,36000,1.00184842884
288679,288690,292098,11,3408,2,36000,1.00322769953
288680,288695,292158,15,3463,2,36000,1.00433150448
288682,288701,292699,19,3998,2,36000,1.00475237619
288683,288706,292365,23,3659,2,36000,1.00628587046
288684,288711,292471,27,3760,2,36000,1.00718085106
288686,288717,292287,31,3570,2,36000,1.00868347339
288948,288954,291992,6,3038,2,36000,1.00197498354
288966,288972,293579,6,4607,2,36000,1.00130236596
289099,289105,292119,6,3014,2,36000,1.00199071002
289196,289202,293369,6,4167,2,36000,1.00143988481
289211,289217,292525,6,3308,2,36000,1.00181378476
289281,289287,292811,6,3524,2,36000,1.00170261067
289640,289646,293622,6,3976,2,36000,1.00150905433
289661,289667,292839,6,3172,2,36000,1.00189155107
289688,289694,292849,6,3155,2,36000,1.00190174326
289706,289712,293514,6,3802,2,36000,1.00157811678
289856,289862,293386,6,3524,2,36000,1.00170261067
289896,289902,293416,6,3514,2,36000,1.00170745589
289965,289971,294323,6,4352,2,36000,1.00137867647
290087,290093,293960,6,3867,2,36000,1.00155159038
290120,290126,293588,6,3462,2,36000,1.00173310225
290135,290141,294176,6,4035,2,36000,1.00148698885
290274,290280,294773,6,4493,2,36000,1.00133541064
290365,290371,294247,6,3876,2,36000,1.00154798762
290630,290636,293757,6,3121,2,36000,1.00192246075
290645,291305,301395,660,10090,2,72000,1.06541129832
290651,290657,295366,6,4709,2,36000,1.00127415587
290681,290687,294074,6,3387,2,36000,1.00177147919
290696,290702,294396,6,3694,2,36000,1.00162425555
290829,290835,294345,6,3510,2,36000,1.00170940171
290859,290865,294730,6,3865,2,36000,1.00155239327
290898,290905,294058,7,3153,2,36000,1.00222010783
290900,290911,295446,11,4535,2,36000,1.00242557883
291175,291670,304607,495,12937,2,72000,1.0382623483
291293,291299,294895,6,3596,2,36000,1.00166852058
291307,291313,295076,6,3763,2,36000,1.0015944725
291588,291594,294877,6,3283,2,36000,1.00182759671
291616,291622,295612,6,3990,2,36000,1.0015037594
291643,291649,296670,6,5021,2,36000,1.00119498108
291658,291664,294932,6,3268,2,36000,1.00183598531
291673,291679,295860,6,4181,2,36000,1.00143506338
291768,292005,292436,237,431,3,356400,1.54988399072
291769,291775,295158,6,3383,2,36000,1.00177357375
291934,291940,295393,6,3453,2,36000,1.00173761946
291988,291995,295631,7,3636,2,36000,1.00192519252
292003,292011,296804,8,4793,2,36000,1.00166910077
292005,292016,295477,11,3461,2,36000,1.00317827218
292099,292105,295926,6,3821,2,36000,1.00157026956
292120,292126,295508,6,3382,2,36000,1.00177409817
292159,292165,295950,6,3785,2,36000,1.00158520476
292289,292295,296084,6,3789,2,36000,1.00158353127
292367,292373,297129,6,4756,2,36000,1.00126156434
292440,292446,295995,6,3549,2,36000,1.00169061708
292449,292859,294663,410,1804,3,356400,1.22727272727
292473,292480,296874,7,4394,2,36000,1.00159308147
292527,292533,295735,6,3202,2,36000,1.00187382886
292591,292597,296203,6,3606,2,36000,1.00166389351
292594,295032,297212,2438,2180,8,356400,2.11834862385
292627,292633,297275,6,4642,2,36000,1.00129254632
292700,292706,296369,6,3663,2,36000,1.00163800164
292812,292818,296410,6,3592,2,36000,1.00167037862
292839,292845,296162,6,3317,2,36000,1.00180886343
292853,292864,297174,11,4310,2,36000,1.00255220418
293370,293377,296930,7,3553,2,36000,1.00197016606
293388,293395,296353,7,2958,2,36000,1.00236646383
293416,293422,297200,6,3778,2,36000,1.00158814187
293454,293635,306069,181,12434,2,43200,1.01455686022
293516,293522,297071,6,3549,2,36000,1.00169061708
293580,293586,297469,6,3883,2,36000,1.00154519701
293595,293601,297507,6,3906,2,36000,1.00153609831
293622,293629,296618,7,2989,2,36000,1.00234192037
293758,293765,297319,7,3554,2,36000,1.00196961171
293963,293969,297547,6,3578,2,36000,1.00167691448
294060,294066,297442,6,3376,2,36000,1.00177725118
294075,294081,297722,6,3641,2,36000,1.00164789893
294177,294183,297902,6,3719,2,36000,1.00161333692
294247,294253,298698,6,4445,2,36000,1.00134983127
294325,294331,297695,6,3364,2,36000,1.00178359096
294346,294352,298178,6,3826,2,36000,1.00156821746
294398,294404,298061,6,3657,2,36000,1.00164068909
294732,294738,298097,6,3359,2,36000,1.00178624591
294775,294781,299447,6,4666,2,36000,1.00128589799
294854,294860,301657,6,6797,2,43200,1.00088274239
294879,294885,297978,6,3093,2,36000,1.00193986421
294894,294900,299484,6,4584,2,36000,1.00130890052
294933,294939,298763,6,3824,2,36000,1.00156903766
295079,295085,298441,6,3356,2,36000,1.00178784267
295163,295169,298937,6,3768,2,36000,1.00159235669
295371,295377,298929,6,3552,2,36000,1.00168918919
295395,295401,298562,6,3161,2,36000,1.0018981335
295447,295453,299339,6,3886,2,36000,1.00154400412
295477,295483,299555,6,4072,2,36000,1.00147347741
295511,295517,299080,6,3563,2,36000,1.00168397418
295614,295620,299760,6,4140,2,36000,1.00144927536
295632,295638,299444,6,3806,2,36000,1.00157645822
295738,295744,299392,6,3648,2,36000,1.00164473684
295860,295867,299913,7,4046,2,36000,1.00173010381
295928,295934,299826,6,3892,2,36000,1.00154162384
295950,295956,300027,6,4071,2,36000,1.00147383935
295998,296005,299362,7,3357,2,36000,1.00208519511
296087,296093,299614,6,3521,2,36000,1.00170406135
296163,296169,300939,6,4770,2,36000,1.00125786164
296206,296212,301057,6,4845,2,36000,1.00123839009
296355,296361,299754,6,3393,2,36000,1.0017683466
296370,296376,300751,6,4375,2,36000,1.00137142857
296413,296419,300824,6,4405,2,36000,1.00136208854
296619,296627,300267,8,3640,2,36000,1.0021978022
296671,296677,301014,6,4337,2,36000,1.00138344478
296804,296810,300219,6,3409,2,36000,1.00176004693
296875,296881,300398,6,3517,2,36000,1.00170599943
296930,296936,300300,6,3364,2,36000,1.00178359096
297073,297079,301201,6,4122,2,36000,1.00145560408
297130,297136,300660,6,3524,2,36000,1.00170261067
297160,299458,357109,2298,57651,32,57600,1.03986054015
297175,297181,301027,6,3846,2,36000,1.0015600624
297202,297209,300992,7,3783,2,36000,1.00185038329
297275,297281,300702,6,3421,2,36000,1.00175387314
297320,297326,301286,6,3960,2,36000,1.00151515152
297445,297451,301680,6,4229,2,36000,1.00141877512
297469,297475,301680,6,4205,2,36000,1.00142687277
297508,297514,301680,6,4166,2,36000,1.00144023044
297547,297554,300816,7,3262,2,36000,1.00214592275
297627,297633,297642,6,9,1,600,1.5
297635,297642,298552,7,910,4,3600,1.00769230769
297636,301918,305137,4282,3219,3,356400,2.3302267785
297697,297704,301245,7,3541,2,36000,1.0019768427
297722,297728,301680,6,3952,2,36000,1.00151821862
297754,301696,304211,3942,2515,8,356400,2.56739562624
297771,297778,297906,7,128,1,600,1.0546875
297795,297801,298307,6,506,4,7200,1.01185770751
297819,297826,297941,7,115,1,28800,1.06086956522
297872,297952,297965,80,13,1,28800,7.15384615385
297905,297911,301680,6,3769,2,36000,1.0015919342
297979,297985,301634,6,3649,2,36000,1.00164428611
298060,298066,301228,6,3162,2,36000,1.00189753321
298096,298103,301680,7,3577,2,36000,1.00195694716
298178,298184,301680,6,3496,2,36000,1.00171624714
298373,299569,306699,1196,7130,2,43200,1.16774193548
298441,298447,301680,6,3233,2,36000,1.00185586143
298563,298570,301680,7,3110,2,36000,1.00225080386
298700,298706,301680,6,2974,2,36000,1.00201748487
298766,298773,301680,7,2907,2,36000,1.00240798074
298806,299771,306691,965,6920,2,43200,1.13945086705
298930,298936,301680,6,2744,2,36000,1.00218658892
298945,298951,301680,6,2729,2,36000,1.00219860755
298968,298975,299089,7,114,1,600,1.06140350877
299082,299088,301680,6,2592,2,36000,1.00231481481
299119,299125,299169,6,44,1,600,1.13636363636
299124,299131,299245,7,114,4,600,1.06140350877
299202,301069,344314,1867,43245,2,43200,1.04317262111
299238,300836,307656,1598,6820,2,43200,1.23431085044
299342,299348,301680,6,2332,2,36000,1.0025728988
299363,299369,301682,6,2313,2,36000,1.00259403372
299393,299399,301680,6,2281,2,36000,1.00263042525
299394,299405,299435,11,30,1,28800,1.36666666667
299417,299423,299448,6,25,1,6600,1.24
299445,299452,301680,7,2228,2,36000,1.00314183124
299460,299466,301680,6,2214,2,36000,1.0027100271
299484,299491,301680,7,2189,2,36000,1.00319780722
299557,299563,301680,6,2117,2,36000,1.00283419934
299617,299623,301680,6,2057,2,36000,1.00291686923
299710,301673,312708,1963,11035,1,28800,1.17788853647
299747,301923,330745,2176,28822,1,28800,1.07549788356
299754,299760,301680,6,1920,2,36000,1.003125
299769,299777,301680,8,1903,2,36000,1.0042038886
299781,302444,312880,2663,10436,1,28800,1.25517439632
299813,302450,302459,2637,9,1,28800,264.6
299827,299837,301680,10,1843,2,36000,1.00542593597
299912,299924,301680,12,1756,2,36000,1.00683371298
300027,300038,301680,11,1642,2,36000,1.00669914738
300222,300230,301680,8,1450,2,36000,1.00551724138
300269,300278,301680,9,1402,2,36000,1.00641940086
300303,300311,301680,8,1369,2,36000,1.00584368152
300349,302455,309054,2106,6599,1,18000,1.31913926352
300400,300409,301680,9,1271,2,36000,1.00708103855
300573,301701,301824,1128,123,4,600,10.1707317073
300661,300671,301680,10,1009,2,36000,1.00991080278
300704,300713,301680,9,967,2,36000,1.00930713547
300753,300762,301680,9,918,2,36000,1.00980392157
300818,300827,301680,9,853,2,36000,1.01055099648
300834,300950,301680,116,730,2,36000,1.15890410959
300941,301004,301680,63,676,2,36000,1.09319526627
300993,301026,301680,33,654,2,36000,1.0504587156
301017,301039,301681,22,642,2,36000,1.03426791277
301035,301212,301680,177,468,2,36000,1.37820512821
301061,301239,301680,178,441,2,36000,1.40362811791
301202,301256,301680,54,424,2,36000,1.12735849057
301229,301297,301681,68,384,2,36000,1.17708333333
301247,301407,301681,160,274,2,36000,1.58394160584
301288,301645,301681,357,36,2,36000,10.9166666667
301638,301668,301681,30,13,2,36000,3.30769230769
301700,301708,305036,8,3328,2,36000,1.00240384615
301701,301713,305182,12,3469,2,36000,1.00345921015
301703,301718,305618,15,3900,2,36000,1.00384615385
301704,301724,305272,20,3548,2,36000,1.00563697858
301705,301729,304779,24,3050,2,36000,1.00786885246
301706,301734,305015,28,3281,2,36000,1.00853398354
301708,301740,305199,32,3459,2,36000,1.00925122868
301710,301745,305482,35,3737,2,36000,1.00936580145
301711,301750,305469,39,3719,2,36000,1.01048668997
301713,301755,305441,42,3686,2,36000,1.01139446555
301714,301760,305022,46,3262,2,36000,1.01410177805
301716,301766,305422,50,3656,2,36000,1.0136761488
301717,301771,305642,54,3871,2,36000,1.01394988375
301719,301777,304801,58,3024,2,36000,1.01917989418
301721,301782,305267,61,3485,2,36000,1.0175035868
301722,301787,305231,65,3444,2,36000,1.01887340302
301728,301793,304880,65,3087,2,36000,1.02105604146
301729,301798,305351,69,3553,2,36000,1.01942020827
301731,301803,304816,72,3013,2,36000,1.02389644872
301732,301808,305166,76,3358,2,36000,1.02263251936
301734,301813,305355,79,3542,2,36000,1.02230378317
301735,301819,305563,84,3744,2,36000,1.02243589744
301737,301824,305197,87,3373,2,36000,1.02579306256
301738,301829,305539,91,3710,2,36000,1.02452830189
301740,301834,305530,94,3696,2,36000,1.02543290043
301741,301839,305419,98,3580,2,36000,1.02737430168
301743,301844,305360,101,3516,2,36000,1.0287258248
301744,301850,304945,106,3095,2,36000,1.03424878837
301745,301855,305523,110,3668,2,36000,1.02998909487
301747,301860,305344,113,3484,2,36000,1.03243398393
301748,301865,305026,117,3161,2,36000,1.03701360329
301749,301870,305688,121,3818,2,36000,1.03169198533
301751,301876,305177,125,3301,2,36000,1.03786731294
301752,301881,305224,129,3343,2,36000,1.03858809453
301753,301886,305611,133,3725,2,36000,1.03570469799
301754,301891,305381,137,3490,2,36000,1.03925501433
301756,301896,305027,140,3131,2,36000,1.04471414883
301757,301902,305392,145,3490,2,36000,1.04154727794
301758,301907,305164,149,3257,2,36000,1.04574762051
301760,301912,305658,152,3746,2,36000,1.04057661506
301761,302413,305492,652,3079,2,36000,1.21175706398
301762,302418,306021,656,3603,2,36000,1.18207049681
301764,302423,305583,659,3160,2,36000,1.2085443038
301765,302429,305633,664,3204,2,36000,1.20724094881
301766,302434,305694,668,3260,2,36000,1.20490797546
301768,302439,305791,671,3352,2,36000,1.20017899761
302761,304222,304235,1461,13,6,3540,113.384615385
302817,302823,302831,6,8,1,14340,1.4
302832,304246,304250,1414,4,4,3600,141.8
304080,304086,318515,6,14429,2,14400,1.00041582923
304132,304227,304238,95,11,2,14400,9.63636363636
304257,304263,318719,6,14456,2,14400,1.00041505257
304273,304279,318716,6,14437,2,14400,1.00041559881
304324,304330,318775,6,14445,2,14400,1.00041536864
304375,304619,304629,244,10,4,3600,25.4
304779,304785,308164,6,3379,2,36000,1.00177567328
304803,304809,308032,6,3223,2,36000,1.00186161961
304817,304824,308464,7,3640,2,36000,1.00192307692
304881,304887,308231,6,3344,2,36000,1.00179425837
304948,304954,308588,6,3634,2,36000,1.0016510732
305017,305024,308587,7,3563,2,36000,1.00196463654
305034,305040,308347,6,3307,2,36000,1.00181433323
305035,305046,308594,11,3548,2,36000,1.00310033822
305036,305051,308593,15,3542,2,36000,1.00423489554
305051,305057,308723,6,3666,2,36000,1.00163666121
305169,305175,309108,6,3933,2,36000,1.00152555301
305170,305181,308773,11,3592,2,36000,1.0030623608
305185,305191,309119,6,3928,2,36000,1.00152749491
305186,305197,308895,11,3698,2,36000,1.00297458085
305202,305208,309525,6,4317,2,36000,1.00138985407
305203,305214,308968,11,3754,2,36000,1.00293020778
305225,305231,308682,6,3451,2,36000,1.00173862649
305240,305246,309053,6,3807,2,36000,1.00157604413
305240,305503,313514,263,8011,2,14400,1.03282985894
305267,305273,308871,6,3598,2,36000,1.00166759311
305282,305288,308614,6,3326,2,36000,1.00180396873
305345,305352,309072,7,3720,2,36000,1.00188172043
305361,305367,308825,6,3458,2,36000,1.001735107
305362,305373,309083,11,3710,2,36000,1.00296495957
305364,305378,308795,14,3417,2,36000,1.00409716125
305382,305388,309369,6,3981,2,36000,1.00150715901
305397,305403,309325,6,3922,2,36000,1.00152983172
305421,305427,308961,6,3534,2,36000,1.00169779287
305436,305442,308794,6,3352,2,36000,1.00178997613
305451,305457,308866,6,3409,2,36000,1.00176004693
305472,305478,308859,6,3381,2,36000,1.00177462289
305487,305493,309420,6,3927,2,36000,1.00152788388
305501,305509,308661,8,3152,2,36000,1.00253807107
305526,305533,309314,7,3781,2,36000,1.00185136207
305542,305548,309285,6,3737,2,36000,1.00160556596
305543,305554,308891,11,3337,2,36000,1.00329637399
305563,305570,309126,7,3556,2,36000,1.00196850394
305585,305591,309412,6,3821,2,36000,1.00157026956
305612,305618,309427,6,3809,2,36000,1.00157521659
305627,305633,308833,6,3200,2,36000,1.001875
305641,305648,309181,7,3533,2,36000,1.00198131899
305643,305654,309131,11,3477,2,36000,1.00316364682
305658,305664,309279,6,3615,2,36000,1.00165975104
305689,305695,309070,6,3375,2,36000,1.00177777778
305704,305710,310472,6,4762,2,36000,1.0012599748
305792,305799,309333,7,3534,2,36000,1.00198075835
306021,306028,309422,7,3394,2,36000,1.00206246317
306392,306398,310024,6,3626,4,3600,1.00165471594
306658,306664,335494,6,28830,1,28800,1.00020811655
306883,306890,307511,7,621,1,600,1.01127214171
307338,307344,320100,6,12756,2,36000,1.00047036689
307807,307813,310499,6,2686,4,3600,1.00223380491
307883,307890,307895,7,5,1,600,1.2
307984,307990,307992,6,2,1,600,1.0
308032,308038,311967,6,3929,2,36000,1.00152710613
308054,308060,308064,6,4,1,600,1.0
308116,308122,312878,6,4756,2,21600,1.00126156434
308126,308133,308752,7,619,1,600,1.0113085622
308165,308171,311796,6,3625,2,36000,1.00165517241
308231,308237,311150,6,2913,2,36000,1.00205973223
308265,308271,342374,6,34103,12,57600,1.0001759376
308348,308354,311490,6,3136,2,36000,1.00191326531
308349,309092,309443,743,351,6,3540,3.11680911681
308353,308479,311499,126,3020,1,14340,1.0417218543
308467,308473,312551,6,4078,2,36000,1.00147130947
308588,308594,311989,6,3395,2,36000,1.00176730486
308590,308600,311749,10,3149,2,36000,1.00317561131
308605,308611,312439,6,3828,2,36000,1.00156739812
308606,308617,312011,11,3394,2,36000,1.00324101355
308621,308627,312471,6,3844,2,36000,1.00156087409
308665,308671,312915,6,4244,2,36000,1.0014137606
308683,308689,312053,6,3364,2,36000,1.00178359096
308725,308731,312114,6,3383,2,36000,1.00177357375
308733,309097,321545,364,12448,2,14400,1.02924164524
308773,308780,312681,7,3901,2,36000,1.00179441169
308795,308801,312423,6,3622,2,36000,1.00165654335
308796,308807,312181,11,3374,2,36000,1.00326022525
308826,308833,312286,7,3453,2,36000,1.0020272227
308842,308848,312903,6,4055,2,36000,1.00147965475
308859,308866,312454,7,3588,2,36000,1.0019509476
308874,308880,312181,6,3301,2,36000,1.00181763102
308876,308886,312654,10,3768,2,36000,1.00265392781
308891,308897,312246,6,3349,2,36000,1.00179157958
308905,308911,312267,6,3356,2,36000,1.00178784267
308963,308970,312216,7,3246,2,36000,1.00215650031
308979,308985,312489,6,3504,2,36000,1.00171232877
309054,309061,312625,7,3564,2,36000,1.0019640853
309074,309080,312568,6,3488,2,36000,1.00172018349
309075,309086,312240,11,3154,2,36000,1.00348763475
309090,309108,312399,18,3291,2,36000,1.00546946217
309095,309103,312052,8,2949,4,3600,1.00271278399
309109,309115,312353,6,3238,2,36000,1.00185299568
309123,309129,312585,6,3456,2,36000,1.00173611111
309139,309145,312845,6,3700,2,36000,1.00162162162
309140,309151,312540,11,3389,2,36000,1.00324579522
309183,309189,312553,6,3364,2,36000,1.00178359096
309281,309287,312243,6,2956,2,36000,1.00202976996
309296,309302,313156,6,3854,2,36000,1.00155682408
309317,309323,313248,6,3925,2,36000,1.00152866242
309332,309338,313092,6,3754,2,36000,1.00159829515
309333,309344,313088,11,3744,2,36000,1.00293803419
309373,309379,312902,6,3523,2,36000,1.00170309395
309413,309419,312298,6,2879,2,36000,1.00208405696
309428,309434,313083,6,3649,2,36000,1.00164428611
309429,309440,313206,11,3766,2,36000,1.00292087095
309431,309445,312952,14,3507,2,36000,1.00399201597
309526,309532,313419,6,3887,2,36000,1.00154360689
310181,310187,310332,6,145,1,3540,1.04137931034
310212,310218,314867,6,4649,2,72000,1.00129060013
310472,310478,315023,6,4545,2,72000,1.00132013201
310476,310484,313618,8,3134,2,36000,1.00255264837
310485,310491,310497,6,6,8,7200,1.2
310927,310933,311386,6,453,12,7140,1.01324503311
311073,311080,320801,7,9721,2,72000,1.00072009053
311151,311157,314732,6,3575,2,36000,1.00167832168
311240,311246,311247,6,1,1,86100,1.0
311282,311289,311290,7,1,1,86100,1.0
311400,311406,313486,6,2080,12,7140,1.00288461538
311491,311497,314667,6,3170,2,36000,1.00189274448
311722,311728,322997,6,11269,2,72000,1.00053243411
311751,311757,315489,6,3732,2,36000,1.00160771704
311796,311802,315585,6,3783,2,36000,1.00158604282
311968,311974,315290,6,3316,2,36000,1.00180940893
311978,311984,319965,6,7981,2,72000,1.00075178549
311990,311996,315600,6,3604,2,36000,1.00166481687
312014,312020,315908,6,3888,2,36000,1.00154320988
312053,312060,315271,7,3211,2,36000,1.00218000623
312106,312112,312118,6,6,1,86100,1.2
312117,312123,316370,6,4247,2,36000,1.00141276195
312173,312179,312180,6,1,1,86100,1.0
312184,312190,315879,6,3689,2,36000,1.00162645703
312185,312196,315367,11,3171,2,36000,1.00346893724
312219,312225,315639,6,3414,2,36000,1.00175746924
312240,312246,315915,6,3669,2,36000,1.00163532298
312255,312261,315332,6,3071,2,36000,1.00195376099
312256,312267,315801,11,3534,2,36000,1.00311262026
312272,312278,315662,6,3384,2,36000,1.00177304965
312287,312293,315734,6,3441,2,36000,1.00174367916
312289,312299,312433,10,134,1,86100,1.07462686567
312302,312308,315613,6,3305,2,36000,1.00181543116
312329,312336,315392,7,3056,2,36000,1.00229057592
312331,312342,315779,11,3437,2,36000,1.00320046552
312332,312347,315975,15,3628,2,36000,1.00413450937
312333,312352,315808,19,3456,2,36000,1.00549768519
312335,312358,316322,23,3964,2,36000,1.00580221998
312336,312363,315587,27,3224,2,36000,1.00837468983
312337,312369,315634,32,3265,2,36000,1.00980091884
312339,312374,315887,35,3513,2,36000,1.00996299459
312340,312379,316057,39,3678,2,36000,1.01060358891
312341,312385,315729,44,3344,2,36000,1.01315789474
312342,312390,316341,48,3951,2,36000,1.01214882308
312344,312395,315788,51,3393,2,36000,1.01503094607
312345,312400,315792,55,3392,2,36000,1.01621462264
312346,312405,315774,59,3369,2,36000,1.01751261502
312348,312410,316102,62,3692,2,36000,1.01679306609
312349,312416,316000,67,3584,2,36000,1.01869419643
312350,312421,316211,71,3790,2,36000,1.01873350923
312352,312426,315979,74,3553,2,36000,1.02082746974
312353,312431,315918,78,3487,2,36000,1.02236879839
312354,312436,316229,82,3793,2,36000,1.02161877142
312369,312442,315945,73,3503,2,36000,1.02083928062
312400,312447,315922,47,3475,2,36000,1.01352517986
312425,312453,316399,28,3946,2,36000,1.00709579321
312425,312600,312601,175,1,1,86100,17.6
312440,312459,315871,19,3412,2,36000,1.00556858148
312454,312465,315879,11,3414,2,36000,1.00322202695
312472,312478,316111,6,3633,2,36000,1.00165152766
312491,312497,315704,6,3207,2,36000,1.00187090739
312542,312548,316240,6,3692,2,36000,1.00162513543
312557,312564,316187,7,3623,2,36000,1.00193210047
312559,312570,316059,11,3489,2,36000,1.00315276584
312574,312579,315957,5,3378,2,36000,1.00148016578
312588,312594,315841,6,3247,2,36000,1.00184785956
312628,312634,316140,6,3506,2,36000,1.00171135197
312655,312661,316195,6,3534,2,36000,1.00169779287
312682,312688,316584,6,3896,2,36000,1.00154004107
312733,312739,335045,6,22306,2,43200,1.00026898592
312762,312859,312862,97,3,1,3600,10.0
312847,312853,316535,6,3682,2,36000,1.00162954916
312902,312908,316458,6,3550,2,36000,1.00169014085
312919,312925,316397,6,3472,2,36000,1.0017281106
312920,312931,316345,11,3414,2,36000,1.00322202695
312954,312960,316716,6,3756,2,36000,1.00159744409
313025,313031,327875,6,14844,1,86100,1.00040420372
313084,313090,316649,6,3559,2,36000,1.00168586682
313099,313105,316717,6,3612,2,36000,1.00166112957
313100,313111,316685,11,3574,2,36000,1.003077784
313158,313164,316509,6,3345,2,36000,1.00179372197
313207,313213,316712,6,3499,2,36000,1.00171477565
313246,313252,316371,6,3119,2,36000,1.00192369349
313420,313426,316455,6,3029,2,36000,1.00198085177
313621,313627,317252,6,3625,2,36000,1.00165517241
313645,313651,313652,6,1,1,1140,1.0
313861,313868,313869,7,1,1,1140,1.0
313931,313937,313941,6,4,1,1140,1.0
314002,314008,314067,6,59,1,1140,1.10169491525
314078,314085,314086,7,1,1,3600,1.0
314195,314399,315922,204,1523,12,5400,1.1339461589
314669,314675,318267,6,3592,2,36000,1.00167037862
314735,314741,318522,6,3781,2,36000,1.00158688178
315053,315060,323810,7,8750,2,36000,1.0008
315272,315278,318522,6,3244,2,36000,1.00184956843
315293,315299,318527,6,3228,2,36000,1.00185873606
315335,315341,319266,6,3925,2,36000,1.00152866242
315368,315374,319084,6,3710,2,36000,1.00161725067
315391,315398,318537,7,3139,2,36000,1.00223000956
315491,315497,318876,6,3379,2,36000,1.00177567328
315530,315536,317373,6,1837,1,151200,1.00326619488
315585,315591,319488,6,3897,2,36000,1.00153964588
315600,315606,319202,6,3596,2,36000,1.00166852058
315601,315612,319140,11,3528,2,36000,1.00311791383
315616,315622,319236,6,3614,2,36000,1.00166021029
315637,315643,318956,6,3313,2,36000,1.00181104739
315652,315658,319143,6,3485,2,36000,1.00172166428
315667,315673,319407,6,3734,2,36000,1.00160685592
315706,315712,319332,6,3620,2,36000,1.00165745856
315730,315736,319461,6,3725,2,36000,1.00161073826
315744,315751,319212,7,3461,2,36000,1.00202253684
315778,315784,318635,6,2851,2,36000,1.00210452473
315793,315799,319437,6,3638,2,36000,1.00164925783
315795,315805,319136,10,3331,2,36000,1.00300210147
315796,315810,318912,14,3102,2,36000,1.00451321728
315811,315817,319324,6,3507,2,36000,1.00171086399
315812,315823,319058,11,3235,2,36000,1.00340030912
315842,315848,319029,6,3181,2,36000,1.00188619931
315873,315879,319508,6,3629,2,36000,1.00165334803
315888,315894,319379,6,3485,2,36000,1.00172166428
315889,315900,318880,11,2980,2,36000,1.00369127517
315891,315905,319067,14,3162,2,36000,1.00442757748
315909,315915,319557,6,3642,2,36000,1.00164744646
315924,315930,319464,6,3534,2,36000,1.00169779287
315926,315936,319528,10,3592,2,36000,1.00278396437
315927,315941,318943,14,3002,2,36000,1.00466355763
315948,315954,318877,6,2923,2,36000,1.0020526856
315963,315969,319201,6,3232,2,36000,1.00185643564
315978,315985,319494,7,3509,2,36000,1.00199487033
315980,315990,319240,10,3250,2,36000,1.00307692308
316002,316008,319983,6,3975,2,36000,1.00150943396
316060,316066,319373,6,3307,2,36000,1.00181433323
316061,316072,319390,11,3318,2,36000,1.00331525015
316103,316109,319190,6,3081,2,36000,1.00194741967
316118,316124,319638,6,3514,2,36000,1.00170745589
316137,316154,351668,17,35514,2,43200,1.00047868446
316142,316148,319907,6,3759,2,36000,1.00159616919
316187,316193,319578,6,3385,2,36000,1.00177252585
316202,316209,319705,7,3496,2,36000,1.00200228833
316217,316223,319876,6,3653,2,36000,1.00164248563
316232,316238,320056,6,3818,2,36000,1.0015715034
316247,316253,320201,6,3948,2,36000,1.00151975684
316323,316329,319495,6,3166,2,36000,1.00189513582
316345,316351,319529,6,3178,2,36000,1.00188797986
316346,316357,319808,11,3451,2,36000,1.00318748189
316363,316388,325075,25,8687,2,36000,1.00287786347
316370,316377,319748,7,3371,2,36000,1.00207653515
316372,316383,319798,11,3415,2,36000,1.00322108346
316399,316405,320248,6,3843,2,36000,1.00156128025
316400,316411,320000,11,3589,2,36000,1.00306492059
316455,316461,319558,6,3097,2,36000,1.00193735873
316470,316477,319936,7,3459,2,36000,1.00202370627
316509,316516,319749,7,3233,2,36000,1.00216517167
316526,316533,396898,7,80365,1,86400,1.00008710259
316537,316543,319877,6,3334,2,36000,1.00179964007
316582,316588,320655,6,4067,2,36000,1.00147528891
316651,316657,320268,6,3611,2,36000,1.00166158959
316687,316693,320635,6,3942,2,36000,1.00152207002
316711,316717,320241,6,3524,2,36000,1.00170261067
316726,316732,320184,6,3452,2,36000,1.00173812283
316728,316738,320079,10,3341,2,36000,1.00299311583
316818,317266,327027,448,9761,2,36000,1.04589693679
317254,317260,320727,6,3467,2,36000,1.00173060283
317315,317586,325613,271,8027,2,36000,1.03376105643
317519,317525,394969,6,77444,1,151200,1.00007747534
317597,317603,319368,6,1765,6,5400,1.00339943343
317766,318281,326751,515,8470,2,36000,1.06080283353
317879,318526,318588,647,62,2,86400,11.435483871
318222,318544,336569,322,18025,1,18000,1.01786407767
318269,318275,321569,6,3294,2,36000,1.00182149362
318359,318549,322871,190,4322,1,18000,1.04396112911
318514,318554,336582,40,18028,1,18000,1.0022187708
318526,318532,322291,6,3759,2,36000,1.00159616919
318527,318538,321995,11,3457,2,36000,1.00318194967
318542,318560,321751,18,3191,2,36000,1.00564086493
318543,318565,321703,22,3138,2,36000,1.00701083493
318637,318643,322210,6,3567,2,36000,1.00168208579
318642,318649,354721,7,36072,2,43200,1.00019405633
318702,318727,318728,25,1,2,86400,2.6
318879,318885,322642,6,3757,2,36000,1.0015970189
318880,318891,322419,11,3528,2,36000,1.00311791383
318895,318901,322464,6,3563,2,36000,1.00168397418
318913,318919,322752,6,3833,2,36000,1.00156535351
318946,318952,322912,6,3960,2,36000,1.00151515152
318961,318967,322210,6,3243,2,36000,1.00185013876
319030,319036,322803,6,3767,2,36000,1.0015927794
319060,319066,322363,6,3297,2,36000,1.00181983621
319075,319081,322551,6,3470,2,36000,1.00172910663
319090,319095,322167,5,3072,2,36000,1.00162760417
319138,319144,322323,6,3179,2,36000,1.00188738597
319153,319159,323023,6,3864,2,36000,1.00155279503
319155,319165,322201,10,3036,2,36000,1.00329380764
319191,319197,322680,6,3483,2,36000,1.00172265289
319206,319212,322910,6,3698,2,36000,1.00162249865
319208,319218,322914,10,3696,2,36000,1.00270562771
319222,319229,322916,7,3687,2,36000,1.00189856252
319237,319243,322753,6,3510,2,36000,1.00170940171
319252,319258,322894,6,3636,2,36000,1.00165016502
319267,319273,323262,6,3989,2,36000,1.00150413638
319315,319321,319326,6,5,3,43200,1.1
319325,319331,323283,6,3952,2,36000,1.00151821862
319340,319346,322696,6,3350,2,36000,1.00179104478
319376,319383,322921,7,3538,2,36000,1.00197851894
319384,319390,335610,6,16220,6,16200,1.00036991369
319392,319398,322427,6,3029,2,36000,1.00198085177
319393,319404,323231,11,3827,2,36000,1.00287431408
319408,319414,323020,6,3606,2,36000,1.00166389351
319438,319445,323400,7,3955,2,36000,1.0017699115
319463,319469,323153,6,3684,2,36000,1.0016286645
319471,319477,329170,6,9693,6,19800,1.0006190034
319477,319483,323183,6,3700,2,36000,1.00162162162
319478,319504,319530,26,26,3,43200,2.0
319492,319498,323142,6,3644,2,36000,1.00164654226
319508,319514,322961,6,3447,2,36000,1.00174064404
319509,319520,323250,11,3730,2,36000,1.00294906166
319510,319525,322537,15,3012,2,36000,1.00498007968
319529,319535,322993,6,3458,2,36000,1.001735107
319530,319541,323060,11,3519,2,36000,1.00312588804
319558,319564,323135,6,3571,2,36000,1.00168020162
319559,319575,323342,16,3767,2,36000,1.00424741173
319563,329127,330948,9564,1821,18,36000,6.25205930807
319564,319570,319589,6,19,3,43200,1.31578947368
319580,319586,323363,6,3777,2,36000,1.00158856235
319638,319644,322930,6,3286,2,36000,1.00182592818
319668,319949,319973,281,24,2,86400,12.7083333333
319696,319702,319711,6,9,1,43200,1.5
319708,319714,323438,6,3724,2,36000,1.00161117078
319751,319757,322835,6,3078,2,36000,1.00194931774
319752,319763,323174,11,3411,2,36000,1.00322486074
319774,319780,320081,6,301,1,43200,1.01993355482
319781,319813,363026,32,43213,2,43200,1.0007405179
319801,319807,323176,6,3369,2,36000,1.0017809439
319816,319822,323461,6,3639,2,36000,1.00164880462
319878,319884,323500,6,3616,2,36000,1.00165929204
319879,319890,323458,11,3568,2,36000,1.00308295964
319906,319913,323371,7,3458,2,36000,1.0020242915
319936,319943,323167,7,3224,2,36000,1.00217121588
319983,319989,323504,6,3515,2,36000,1.00170697013
320000,320007,323313,7,3306,2,36000,1.00211736237
320058,320064,323557,6,3493,2,36000,1.00171772116
320082,320088,323704,6,3616,2,36000,1.00165929204
320185,320191,325028,6,4837,2,36000,1.00124043829
320203,320209,324162,6,3953,2,36000,1.00151783456
320212,320218,334315,6,14097,2,43200,1.00042562247
320243,320249,323762,6,3513,2,36000,1.00170794193
320257,320263,323708,6,3445,2,36000,1.00174165457
320272,320278,323598,6,3320,2,36000,1.00180722892
320441,320813,324191,372,3378,2,86400,1.11012433393
320475,320648,328408,173,7760,2,43200,1.02229381443
320486,325882,685919,5396,360037,10,360000,1.01498734852
320490,320496,320501,6,5,1,3600,1.1
320571,320577,320645,6,68,1,3600,1.08823529412
320636,320642,324387,6,3745,2,36000,1.00160213618
320659,320665,323979,6,3314,2,36000,1.00181050091
320728,320734,324183,6,3449,2,36000,1.00173963468
321144,321150,321208,6,58,1,900,1.10344827586
321150,321218,336111,68,14893,1,86100,1.00456590344
321225,322221,324509,996,2288,3,356400,1.43531468531
321306,322927,325776,1621,2849,8,356400,1.56897156897
321570,321576,325220,6,3644,2,36000,1.00164654226
321705,321711,325044,6,3333,2,36000,1.00180018002
321750,321756,325532,6,3776,2,36000,1.00158898305
321997,322003,325477,6,3474,2,36000,1.00172711572
322169,322175,325531,6,3356,2,36000,1.00178784267
322205,322211,325892,6,3681,2,36000,1.00162999185
322220,322227,325418,7,3191,2,36000,1.0021936697
322222,322233,325482,11,3249,2,36000,1.00338565713
322291,322297,325731,6,3434,2,36000,1.00174723355
322325,322331,325745,6,3414,2,36000,1.00175746924
322364,322370,325760,6,3390,2,36000,1.0017699115
322418,322425,326192,7,3767,2,36000,1.00185824263
322433,322439,325754,6,3315,2,36000,1.00180995475
322463,322470,325851,7,3381,2,36000,1.00207039337
322539,322545,325680,6,3135,2,36000,1.0019138756
322554,322560,326366,6,3806,2,36000,1.00157645822
322642,322648,326666,6,4018,2,36000,1.00149328024
322680,322687,326273,7,3586,2,36000,1.00195203569
322699,322705,325691,6,2986,2,36000,1.00200937709
322753,322759,326210,6,3451,2,36000,1.00173862649
322754,322765,327095,11,4330,2,36000,1.0025404157
322803,322809,325976,6,3167,2,36000,1.00189453742
322836,322842,326195,6,3353,2,36000,1.00178944229
322893,322899,326576,6,3677,2,36000,1.00163176503
322911,322917,326040,6,3123,2,36000,1.00192122959
322927,322933,326274,6,3341,2,36000,1.0017958695
322928,322939,326479,11,3540,2,36000,1.00310734463
322929,322944,326763,15,3819,2,36000,1.00392772977
322931,322949,326775,18,3826,2,36000,1.00470465238
322946,322955,325911,9,2956,2,36000,1.00304465494
322963,322970,326719,7,3749,2,36000,1.00186716458
322993,323000,326697,7,3697,2,36000,1.0018934271
323021,323027,326194,6,3167,2,36000,1.00189453742
323023,323033,328422,10,5389,2,43200,1.00185563184
323035,323041,327152,6,4111,2,36000,1.00145949891
323063,323069,326409,6,3340,2,36000,1.00179640719
323135,323142,326284,7,3142,2,36000,1.00222788033
323151,323157,326710,6,3553,2,36000,1.00168871376
323165,323172,327285,7,4113,2,36000,1.00170192074
323181,323187,327026,6,3839,2,36000,1.00156290701
323182,323193,326954,11,3761,2,36000,1.00292475405
323183,323198,326461,15,3263,2,36000,1.00459699663
323198,323204,326574,6,3370,2,36000,1.00178041543
323231,323238,328354,7,5116,2,36000,1.00136825645
323249,323256,327148,7,3892,2,36000,1.00179856115
323264,323270,326900,6,3630,2,36000,1.00165289256
323285,323291,326614,6,3323,2,36000,1.00180559735
323315,323322,326518,7,3196,2,36000,1.0021902378
323343,323349,327042,6,3693,2,36000,1.00162469537
323361,323367,326888,6,3521,2,36000,1.00170406135
323376,323382,326582,6,3200,2,36000,1.001875
323400,323406,326770,6,3364,2,36000,1.00178359096
323439,323445,327377,6,3932,2,36000,1.001525941
323457,323463,326955,6,3492,2,36000,1.00171821306
323472,323478,327232,6,3754,2,36000,1.00159829515
323502,323508,326583,6,3075,2,36000,1.00195121951
323517,323523,327025,6,3502,2,36000,1.00171330668
323559,323565,327353,6,3788,2,36000,1.00158394931
323599,323606,327043,7,3437,2,36000,1.00203665988
323705,323711,326799,6,3088,2,36000,1.00194300518
323720,323726,327203,6,3477,2,36000,1.00172562554
323762,323768,327454,6,3686,2,36000,1.00162778079
323982,323988,327956,6,3968,2,36000,1.00151209677
324164,324170,328174,6,4004,2,36000,1.0014985015
324186,324193,327498,7,3305,2,36000,1.00211800303
324249,324255,324970,6,715,2,86400,1.00839160839
324387,324393,327910,6,3517,2,36000,1.00170599943
325030,325036,328993,6,3957,2,36000,1.00151630023
325046,325052,328158,6,3106,2,36000,1.00193174501
325221,325227,328814,6,3587,2,36000,1.001672707
325421,325427,329115,6,3688,2,36000,1.00162689805
325478,325484,328919,6,3435,2,36000,1.00174672489
325493,325499,329230,6,3731,2,36000,1.00160814795
325533,325539,329570,6,4031,2,36000,1.0014884644
325534,325545,329050,11,3505,2,36000,1.00313837375
325681,325688,329387,7,3699,2,36000,1.00189240335
325697,325704,328829,7,3125,2,36000,1.00224
325734,325740,329039,6,3299,2,36000,1.00181873295
325749,325755,328902,6,3147,2,36000,1.00190657769
325764,325770,329515,6,3745,2,36000,1.00160213618
325765,325776,329189,11,3413,2,36000,1.00322297099
325851,325857,329587,6,3730,2,36000,1.00160857909
325893,325899,329657,6,3758,2,36000,1.00159659393
325911,325917,329491,6,3574,2,36000,1.00167879127
325948,326721,342961,773,16240,6,16200,1.04759852217
325978,325984,329638,6,3654,2,36000,1.00164203612
326042,326048,329698,6,3650,2,36000,1.00164383562
326193,326199,329739,6,3540,2,36000,1.00169491525
326208,326214,329610,6,3396,2,36000,1.00176678445
326210,326220,329306,10,3086,2,36000,1.0032404407
326225,326231,330241,6,4010,2,36000,1.00149625935
326273,326279,330277,6,3998,2,36000,1.00150075038
326275,326285,329825,10,3540,2,36000,1.00282485876
326290,326296,329845,6,3549,2,36000,1.00169061708
326369,326375,330499,6,4124,2,36000,1.00145489816
326412,326418,329564,6,3146,2,36000,1.00190718373
326443,326449,326453,6,4,1,21600,1.0
326463,326470,330057,7,3587,2,36000,1.0019514915
326481,326488,329554,7,3066,2,36000,1.00228310502
326521,326527,330118,6,3591,2,36000,1.00167084378
326575,326581,329934,6,3353,2,36000,1.00178944229
326591,326597,330230,6,3633,2,36000,1.00165152766
326592,326603,329784,11,3181,2,36000,1.00345803207
326593,326608,329784,15,3176,2,36000,1.00472292191
326618,326624,329827,6,3203,2,36000,1.00187324383
326666,326672,330158,6,3486,2,36000,1.0017211704
326701,326707,329985,6,3278,2,36000,1.00183038438
326705,326713,326721,8,8,1,21600,1.6
326716,326727,330468,11,3741,2,36000,1.00294039027
326716,326733,326911,17,178,1,21600,1.09550561798
326719,326762,326785,43,23,1,21600,2.86956521739
326731,326739,330358,8,3619,2,36000,1.0022105554
326765,326771,329894,6,3123,2,36000,1.00192122959
326780,326786,329744,6,2958,2,36000,1.00202839757
326781,326792,330238,11,3446,2,36000,1.00319210679
326799,326805,330075,6,3270,2,36000,1.00183486239
326849,327040,340977,191,13937,6,16200,1.01370452752
326888,326894,330188,6,3294,2,36000,1.00182149362
326898,326922,326927,24,5,1,21600,2.9
326904,326910,330540,6,3630,2,36000,1.00165289256
326956,326962,330832,6,3870,2,36000,1.0015503876
326957,326968,330064,11,3096,2,36000,1.00355297158
326996,327063,327072,67,9,1,21600,7.6
327028,327034,330877,6,3843,2,36000,1.00156128025
327030,327045,330046,15,3001,2,36000,1.00499833389
327045,327052,330590,7,3538,2,36000,1.00197851894
327046,327057,330650,11,3593,2,36000,1.00306150849
327099,327105,330564,6,3459,2,36000,1.00173460538
327149,327155,331032,6,3877,2,36000,1.00154758834
327163,327170,330301,7,3131,2,36000,1.00223570744
327204,327210,330894,6,3684,2,36000,1.0016286645
327235,327241,330464,6,3223,2,36000,1.00186161961
327284,327290,330563,6,3273,2,36000,1.00183318057
327304,327311,327334,7,23,1,21600,1.30434782609
327309,327317,327341,8,24,1,21600,1.33333333333
327352,327358,330845,6,3487,2,36000,1.0017206768
327379,327385,330674,6,3289,2,36000,1.00182426269
327408,327414,327422,6,8,1,21600,1.4
327456,327462,331151,6,3689,2,36000,1.00162645703
327502,327508,330885,6,3377,2,36000,1.0017767249
327910,327916,331615,6,3699,2,36000,1.00162206002
327957,327963,331529,6,3566,2,36000,1.00168255749
328160,328166,331217,6,3051,2,36000,1.00196656834
328175,328181,331371,6,3190,2,36000,1.00188087774
328354,328361,331895,7,3534,2,36000,1.00198075835
328817,328823,332521,6,3698,2,36000,1.00162249865
328831,328838,332276,7,3438,2,36000,1.00203606748
328904,328910,332581,6,3671,2,36000,1.00163443203
328921,328927,332173,6,3246,2,36000,1.00184842884
328994,329000,332426,6,3426,2,36000,1.00175131349
329042,329048,332421,6,3373,2,36000,1.0017788319
329057,329063,332638,6,3575,2,36000,1.00167832168
329115,329121,332834,6,3713,2,36000,1.00161594398
329190,329197,332890,7,3693,2,36000,1.00189547793
329230,329236,333497,6,4261,2,36000,1.00140812016
329310,329316,333538,6,4222,2,36000,1.00142112743
329389,329395,332636,6,3241,2,36000,1.00185128047
329492,329498,332708,6,3210,2,36000,1.00186915888
329516,329522,332887,6,3365,2,36000,1.00178306092
329555,329561,333062,6,3501,2,36000,1.00171379606
329570,329577,333054,7,3477,2,36000,1.0020132298
329572,329583,333244,11,3661,2,36000,1.00300464354
329590,329596,333217,6,3621,2,36000,1.00165700083
329611,329617,332919,6,3302,2,36000,1.00181708056
329643,329649,332868,6,3219,2,36000,1.0018639329
329659,329665,333100,6,3435,2,36000,1.00174672489
329698,329704,332583,6,2879,2,36000,1.00208405696
329742,329748,334630,6,4882,2,36000,1.00122900451
329757,329763,333075,6,3312,2,36000,1.0018115942
329788,329794,333357,6,3563,2,36000,1.00168397418
329789,329800,332959,11,3159,2,36000,1.00348211459
329826,329832,333115,6,3283,2,36000,1.00182759671
329842,329849,333398,7,3549,2,36000,1.00197238659
329857,329863,333507,6,3644,2,36000,1.00164654226
329894,329900,333297,6,3397,2,36000,1.00176626435
329936,329942,333048,6,3106,2,36000,1.00193174501
329987,329993,333570,6,3577,2,36000,1.00167738328
330047,330054,333228,7,3174,2,36000,1.00220541903
330064,330070,333627,6,3557,2,36000,1.00168681473
330065,330076,333453,11,3377,2,36000,1.00325732899
330081,330086,333628,5,3542,2,36000,1.00141163185
330117,330123,333508,6,3385,2,36000,1.00177252585
330161,330167,333498,6,3331,2,36000,1.00180126088
330189,330195,333457,6,3262,2,36000,1.00183936235
330232,330238,333246,6,3008,2,36000,1.00199468085
330247,330253,333869,6,3616,2,36000,1.00165929204
330249,330259,333342,10,3083,2,36000,1.0032435939
330279,330285,333677,6,3392,2,36000,1.00176886792
330303,330309,334122,6,3813,2,36000,1.00157356412
330359,330365,333747,6,3382,2,36000,1.00177409817
330465,330471,333884,6,3413,2,36000,1.00175798418
330483,330489,335044,6,4555,2,36000,1.00131723381
330501,330507,334342,6,3835,2,36000,1.00156453716
330541,330548,333576,7,3028,2,36000,1.00231175694
330566,330572,333770,6,3198,2,36000,1.00187617261
330567,330578,333826,11,3248,2,36000,1.00338669951
330591,330597,334589,6,3992,2,36000,1.00150300601
330652,330658,333922,6,3264,2,36000,1.00183823529
330673,330679,334096,6,3417,2,36000,1.00175592625
330831,330837,334573,6,3736,2,36000,1.00160599572
330846,330852,334651,6,3799,2,36000,1.00157936299
330879,330885,334489,6,3604,2,36000,1.00166481687
330894,330900,334509,6,3609,2,36000,1.00166251039
330896,330906,334320,10,3414,2,36000,1.00292911541
330973,331860,337881,887,6021,18,21600,1.14731772131
331032,331038,334301,6,3263,2,36000,1.00183879865
331151,331157,335017,6,3860,2,36000,1.00155440415
331219,331224,334654,5,3430,2,36000,1.00145772595
331374,331380,334789,6,3409,2,36000,1.00176004693
331529,331535,334696,6,3161,2,36000,1.0018981335
331617,331623,334883,6,3260,2,36000,1.0018404908
331895,331901,335154,6,3253,2,36000,1.00184445128
332174,332180,335936,6,3756,2,36000,1.00159744409
332277,332283,335896,6,3613,2,36000,1.0016606698
332387,332393,332395,6,2,2,3540,1.0
332426,332432,335611,6,3179,2,36000,1.00188738597
332441,332447,335841,6,3394,2,36000,1.00176782557
332525,332531,336033,6,3502,2,36000,1.00171330668
332580,332586,336174,6,3588,2,36000,1.0016722408
332595,332602,336351,7,3749,2,36000,1.00186716458
332638,332645,336429,7,3784,2,36000,1.00184989429
332640,332651,336590,11,3939,2,36000,1.00279258695
332712,332717,336383,5,3666,2,36000,1.00136388434
332837,332843,336294,6,3451,2,36000,1.00173862649
332871,332877,336626,6,3749,2,36000,1.00160042678
332890,332896,336436,6,3540,2,36000,1.00169491525
332891,332902,336206,11,3304,2,36000,1.00332929782
332923,332929,336170,6,3241,2,36000,1.00185128047
332959,332965,336682,6,3717,2,36000,1.001614205
333051,333057,336519,6,3462,2,36000,1.00173310225
333066,333072,336689,6,3617,2,36000,1.00165883329
333068,333078,337022,10,3944,2,36000,1.00253549696
333083,333089,336230,6,3141,2,36000,1.00191021968
333102,333108,336329,6,3221,2,36000,1.00186277554
333117,333123,336293,6,3170,2,36000,1.00189274448
333184,333190,340895,6,7705,1,86100,1.00077871512
333206,333357,337218,151,3861,1,21300,1.03910903911
333218,333225,336359,7,3134,2,36000,1.00223356733
333233,333239,336761,6,3522,2,36000,1.00170357751
333250,333256,337135,6,3879,2,36000,1.00154679041
333251,333262,336537,11,3275,2,36000,1.00335877863
333299,333305,336979,6,3674,2,36000,1.00163309744
333345,333351,336820,6,3469,2,36000,1.00172960507
333361,333368,336618,7,3250,2,36000,1.00215384615
333400,333406,337196,6,3790,2,36000,1.00158311346
333457,333463,336486,6,3023,2,36000,1.00198478333
333458,333469,336594,11,3125,2,36000,1.00352
333500,333506,336841,6,3335,2,36000,1.00179910045
333501,333512,336787,11,3275,2,36000,1.00335877863
333517,333523,336543,6,3020,2,36000,1.00198675497
333518,333529,336592,11,3063,2,36000,1.00359125041
333541,333548,337251,7,3703,2,36000,1.00189035917
333572,333578,337423,6,3845,2,36000,1.00156046814
333587,333593,337218,6,3625,2,36000,1.00165517241
333627,333634,336834,7,3200,2,36000,1.0021875
333629,333640,337169,11,3529,2,36000,1.00311703032
333678,333684,337374,6,3690,2,36000,1.00162601626
333708,335169,340449,1461,5280,8,28800,1.27670454545
333748,333754,337631,6,3877,2,36000,1.00154758834
333771,333777,337188,6,3411,2,36000,1.00175901495
333829,333835,336993,6,3158,2,36000,1.00189993667
333836,335854,338253,2018,2399,3,356400,1.84118382659
333872,333878,337464,6,3586,2,36000,1.00167317345
333878,335624,338333,1746,2709,8,356400,1.64451827243
333889,333895,337227,6,3332,2,36000,1.00180072029
333924,333930,337365,6,3435,2,36000,1.00174672489
334097,334103,337625,6,3522,2,36000,1.00170357751
334122,334128,338551,6,4423,2,36000,1.00135654533
334302,334308,337889,6,3581,2,36000,1.00167550963
334321,334327,337762,6,3435,2,36000,1.00174672489
334343,334349,338685,6,4336,2,36000,1.00138376384
334489,334495,338013,6,3518,2,36000,1.0017055145
334511,334517,338220,6,3703,2,36000,1.00162030786
334574,334581,338070,7,3489,2,36000,1.00200630553
334589,334595,338348,6,3753,2,36000,1.00159872102
334633,334639,337967,6,3328,2,36000,1.00180288462
334654,334660,337731,6,3071,2,36000,1.00195376099
334655,334666,338081,11,3415,2,36000,1.00322108346
334698,334704,338396,6,3692,2,36000,1.00162513543
334789,334795,338357,6,3562,2,36000,1.00168444694
334884,334890,338400,6,3510,2,36000,1.00170940171
335018,335024,338742,6,3718,2,36000,1.00161377084
335045,335052,338041,7,2989,2,36000,1.00234192037
335157,335163,338535,6,3372,2,36000,1.00177935943
335612,335618,338806,6,3188,2,36000,1.00188205772
335842,335848,339529,6,3681,2,36000,1.00162999185
335897,335903,339308,6,3405,2,36000,1.00176211454
335937,335943,339141,6,3198,2,36000,1.00187617261
336033,336039,339797,6,3758,2,36000,1.00159659393
336171,336177,339656,6,3479,2,36000,1.00172463352
336172,336183,339811,11,3628,2,36000,1.00303197354
336206,336212,339282,6,3070,2,36000,1.00195439739
336230,336236,340221,6,3985,2,36000,1.00150564617
336296,336302,339961,6,3659,2,36000,1.00163979229
336297,336308,339868,11,3560,2,36000,1.00308988764
336330,336336,340074,6,3738,2,36000,1.00160513644
336352,336358,339578,6,3220,2,36000,1.00186335404
336366,336373,339642,7,3269,2,36000,1.00214132762
336386,336392,340138,6,3746,2,36000,1.00160170849
336432,336438,339675,6,3237,2,36000,1.00185356812
336447,336453,339749,6,3296,2,36000,1.00182038835
336487,336493,340176,6,3683,2,36000,1.00162910671
336520,336527,339947,7,3420,2,36000,1.00204678363
336538,336545,339557,7,3012,2,36000,1.00232403718
336553,336559,339712,6,3153,2,36000,1.00190294957
336590,336596,340115,6,3519,2,36000,1.00170502984
336605,336611,339585,6,2974,2,36000,1.00201748487
336606,336617,340452,11,3835,2,36000,1.00286831812
336622,336628,340062,6,3434,2,36000,1.00174723355
336623,336634,340286,11,3652,2,36000,1.00301204819
336681,336687,339837,6,3150,2,36000,1.0019047619
336696,336702,339775,6,3073,2,36000,1.00195248942
336762,336768,340256,6,3488,2,36000,1.00172018349
336786,336793,340712,7,3919,2,36000,1.00178616994
336821,336827,340149,6,3322,2,36000,1.00180614088
336838,336844,340348,6,3504,2,36000,1.00171232877
336852,336859,339971,7,3112,2,36000,1.00224935733
336981,336987,340523,6,3536,2,36000,1.00169683258
336996,337002,340673,6,3671,2,36000,1.00163443203
337026,337033,340711,7,3678,2,36000,1.00190320827
337137,337143,340450,6,3307,2,36000,1.00181433323
337170,337177,340200,7,3023,2,36000,1.00231558055
337189,337195,340618,6,3423,2,36000,1.00175284838
337205,337211,340310,6,3099,2,36000,1.00193610842
337220,337226,341477,6,4251,2,36000,1.0014114326
337235,337241,340403,6,3162,2,36000,1.00189753321
337253,337260,340713,7,3453,2,36000,1.0020272227
337368,337374,340649,6,3275,2,36000,1.00183206107
337382,337389,340979,7,3590,2,36000,1.00194986072
337420,337426,340590,6,3164,2,36000,1.00189633375
337466,337473,341203,7,3730,2,36000,1.0018766756
337627,337633,340904,6,3271,2,36000,1.00183430144
337642,337648,341234,6,3586,2,36000,1.00167317345
337731,337737,341044,6,3307,2,36000,1.00181433323
337761,337767,341437,6,3670,2,36000,1.00163487738
337772,337892,348189,120,10297,17,36000,1.01165387977
337786,338699,348193,913,9494,17,36000,1.09616599958
337793,339808,348195,2015,8387,17,36000,1.24025277215
337889,337898,341447,9,3549,2,36000,1.00253592561
337969,337975,341508,6,3533,2,36000,1.00169827342
338015,338021,341785,6,3764,2,36000,1.00159404888
338042,338048,340807,6,2759,2,36000,1.00217470098
338072,338078,341157,6,3079,2,36000,1.00194868464
338088,338094,341422,6,3328,2,36000,1.00180288462
338220,338226,341895,6,3669,2,36000,1.00163532298
338350,338356,342234,6,3878,2,36000,1.00154718927
338365,338371,342096,6,3725,2,36000,1.00161073826
338395,338401,342296,6,3895,2,36000,1.00154043646
338410,338416,341602,6,3186,2,36000,1.00188323917
338535,338542,341592,7,3050,2,36000,1.00229508197
338553,338560,342391,7,3831,2,36000,1.00182719916
338686,338693,341804,7,3111,2,36000,1.00225008036
338744,338753,342456,9,3703,2,36000,1.00243046179
338751,342977,350902,4226,7925,1,21300,1.53324921136
338757,343505,351409,4748,7904,1,21300,1.60070850202
338808,338818,341869,10,3051,2,36000,1.0032776139
339017,340988,341862,1971,874,8,356400,3.25514874142
339064,342972,345905,3908,2933,3,356400,2.33242413911
339145,339153,342857,8,3704,2,36000,1.00215982721
339284,339293,343035,9,3742,2,36000,1.00240513095
339308,339319,342666,11,3347,2,36000,1.00328652525
339531,339568,343047,37,3479,2,36000,1.01063524001
339558,339589,343487,31,3898,2,36000,1.00795279631
339580,339654,343016,74,3362,2,36000,1.02201070791
339594,339686,343026,92,3340,2,36000,1.02754491018
339644,339723,342923,79,3200,2,36000,1.0246875
339658,339761,343422,103,3661,2,36000,1.02813438951
339674,339822,343382,148,3560,2,36000,1.04157303371
339713,339848,343286,135,3438,2,36000,1.03926701571
339749,339880,344606,131,4726,2,36000,1.02771900127
339777,339958,343746,181,3788,2,36000,1.04778247096
339798,339973,343143,175,3170,2,36000,1.05520504732
339813,339982,343409,169,3427,2,36000,1.04931426904
339837,340073,343432,236,3359,2,36000,1.07025900566
339870,340085,343483,215,3398,2,36000,1.06327251324
339949,340126,344064,177,3938,2,36000,1.04494667344
339963,340149,343628,186,3479,2,36000,1.05346363898
339978,340160,344000,182,3840,2,36000,1.04739583333
340063,340187,343565,124,3378,2,36000,1.03670811131
340078,340211,343488,133,3277,2,36000,1.04058590174
340117,340233,343566,116,3333,2,36000,1.03480348035
340138,340267,343968,129,3701,2,36000,1.03485544447
340153,340297,343802,144,3505,2,36000,1.04108416548
340177,340321,344073,144,3752,2,36000,1.03837953092
340198,340359,343845,161,3486,2,36000,1.04618473896
340222,340415,343971,193,3556,2,36000,1.05427446569
340258,340461,344034,203,3573,2,36000,1.0568150014
340289,340534,343947,245,3413,2,36000,1.07178435394
340310,340601,344357,291,3756,2,36000,1.07747603834
340351,340629,344006,278,3377,2,36000,1.08232158721
340406,340684,344166,278,3482,2,36000,1.07983917289
340451,340723,343861,272,3138,2,36000,1.08667941364
340452,340728,344147,276,3419,2,36000,1.08072535829
340525,340734,344311,209,3577,2,36000,1.05842885099
340592,340819,344211,227,3392,2,36000,1.06692216981
340619,340915,344178,296,3263,2,36000,1.09071406681
340649,340993,344475,344,3482,2,36000,1.09879379667
340673,340999,344282,326,3283,2,36000,1.09929942126
340713,341005,344231,292,3226,2,36000,1.09051456913
340715,341055,344065,340,3010,2,36000,1.11295681063
340716,341168,344351,452,3183,2,36000,1.14200439837
340807,341246,344473,439,3227,2,36000,1.13603966532
340904,341433,346253,529,4820,2,36000,1.10975103734
340980,341448,345111,468,3663,2,36000,1.12776412776
341046,341458,345018,412,3560,2,36000,1.11573033708
341080,349107,377916,8027,28809,32,28800,1.27862820646
341158,341489,344775,331,3286,2,36000,1.10073037127
341203,341519,345261,316,3742,2,36000,1.08444681988
341237,341603,345057,366,3454,2,36000,1.10596409959
341421,341614,345207,193,3593,2,36000,1.05371555803
341439,341796,345701,357,3905,2,36000,1.0914212548
341454,341815,345499,361,3684,2,36000,1.09799131379
341478,341881,344981,403,3100,2,36000,1.13
341508,341907,345227,399,3320,2,36000,1.12018072289
341593,342107,346036,514,3929,2,36000,1.13082209214
341608,342246,345861,638,3615,2,36000,1.1764868603
341787,342307,345566,520,3259,2,36000,1.15955814667
341804,342385,345650,581,3265,2,36000,1.17794793262
341871,342390,345910,519,3520,2,36000,1.14744318182
341876,343494,345134,1618,1640,8,356400,1.98658536585
341898,342396,345769,498,3373,2,36000,1.14764304773
342091,342401,345857,310,3456,2,36000,1.08969907407
342236,342406,346149,170,3743,2,36000,1.04541811381
342296,342411,345735,115,3324,2,36000,1.03459687124
342393,342417,345922,24,3505,2,36000,1.00684736091
342457,342467,346407,10,3940,2,36000,1.00253807107
342668,342677,345990,9,3313,2,36000,1.00271657108
342853,342860,346251,7,3391,2,36000,1.00206428782
342911,342917,346172,6,3255,2,36000,1.00184331797
343017,343023,346610,6,3587,2,36000,1.001672707
343032,343038,346665,6,3627,2,36000,1.00165425972
343047,343053,346518,6,3465,2,36000,1.00173160173
343048,343059,346679,11,3620,2,36000,1.00303867403
343145,343151,346540,6,3389,2,36000,1.00177043376
343287,343293,347578,6,4285,2,36000,1.00140023337
343384,343390,346956,6,3566,2,36000,1.00168255749
343411,343420,346421,9,3001,2,36000,1.00299900033
343426,343433,347051,7,3618,2,36000,1.00193477059
343441,343447,346820,6,3373,2,36000,1.0017788319
343483,343500,346636,17,3136,2,36000,1.00542091837
343499,343576,347131,77,3555,2,36000,1.02165963432
343500,343582,347566,82,3984,2,36000,1.02058232932
343567,343639,347034,72,3395,2,36000,1.02120765832
343568,343757,346815,189,3058,2,36000,1.06180510137
343630,343813,347404,183,3591,2,36000,1.05096073517
343748,343856,346955,108,3099,2,36000,1.0348499516
343802,343872,347553,70,3681,2,36000,1.01901657158
343845,343958,347363,113,3405,2,36000,1.03318649046
343862,343979,347680,117,3701,2,36000,1.03161307755
343947,343985,348011,38,4026,2,36000,1.00943864878
343969,344011,347061,42,3050,2,36000,1.0137704918
343984,344017,347319,33,3302,2,36000,1.00999394306
344002,344045,347274,43,3229,2,36000,1.01331681635
344017,344075,347407,58,3332,2,36000,1.01740696279
344035,344081,348689,46,4608,2,36000,1.00998263889
344056,344087,347405,31,3318,2,36000,1.0093429777
344057,344159,347386,102,3227,2,36000,1.03160830493
344076,344177,347132,101,2955,2,36000,1.03417935702
344148,344189,347476,41,3287,2,36000,1.01247337998
344169,344222,348024,53,3802,2,36000,1.01394003156
344184,344242,347920,58,3678,2,36000,1.01576943991
344212,344293,347753,81,3460,2,36000,1.02341040462
344233,344322,347934,89,3612,2,36000,1.02464008859
344278,344362,347957,84,3595,2,36000,1.02336578581
344311,344369,347157,58,2788,2,36000,1.02080344333
344350,344485,347639,135,3154,2,36000,1.04280279011
344365,344491,348122,126,3631,2,36000,1.03470118425
344475,344617,347721,142,3104,2,36000,1.04574742268
344490,344786,347916,296,3130,2,36000,1.0945686901
344608,344993,348859,385,3866,2,36000,1.09958613554
344775,345029,348525,254,3496,2,36000,1.07265446224
344982,345068,349094,86,4026,2,36000,1.02136115251
345016,345122,348318,106,3196,2,36000,1.03316645807
345059,345145,348817,86,3672,2,36000,1.0234204793
345114,345150,348639,36,3489,2,36000,1.01031814273
345208,345214,348743,6,3529,2,36000,1.00170019836
345224,345230,348505,6,3275,2,36000,1.00183206107
345263,345269,348619,6,3350,2,36000,1.00179104478
345502,345508,348759,6,3251,2,36000,1.00184558597
345566,345572,348874,6,3302,2,36000,1.00181708056
345650,345657,349426,7,3769,2,36000,1.00185725657
345702,345708,349361,6,3653,2,36000,1.00164248563
345735,345742,349215,7,3473,2,36000,1.00201554852
345769,345775,349036,6,3261,2,36000,1.0018399264
345856,345862,349084,6,3222,2,36000,1.00186219739
345871,345877,349398,6,3521,2,36000,1.00170406135
345915,345921,349719,6,3798,2,36000,1.00157977883
345930,345936,349477,6,3541,2,36000,1.0016944366
345991,345997,349365,6,3368,2,36000,1.00178147268
346036,346043,350092,7,4049,2,36000,1.00172882193
346151,346157,349573,6,3416,2,36000,1.00175644028
346174,346180,349693,6,3513,2,36000,1.00170794193
346245,346251,350159,6,3908,2,36000,1.00153531218
346246,346257,349652,11,3395,2,36000,1.00324005891
346407,346413,349505,6,3092,2,36000,1.00194049159
346422,346428,349911,6,3483,2,36000,1.00172265289
346517,346523,349665,6,3142,2,36000,1.00190961171
346542,346548,350086,6,3538,2,36000,1.00169587337
346612,346619,350233,7,3614,2,36000,1.00193691201
346636,346642,350391,6,3749,2,36000,1.00160042678
346666,346672,350174,6,3502,2,36000,1.00171330668
346681,346687,350133,6,3446,2,36000,1.00174114916
346812,346819,350107,7,3288,2,36000,1.00212895377
346827,346834,350288,7,3454,2,36000,1.00202663578
346956,346962,350093,6,3131,2,36000,1.00191632066
346958,346968,350447,10,3479,2,36000,1.00287438919
347036,347042,350527,6,3485,2,36000,1.00172166428
347052,347058,350096,6,3038,2,36000,1.00197498354
347067,347073,349986,6,2913,2,36000,1.00205973223
347131,347137,350341,6,3204,2,36000,1.00187265918
347146,347152,350813,6,3661,2,36000,1.00163889648
347161,347167,351010,6,3843,2,36000,1.00156128025
347276,347282,351079,6,3797,2,36000,1.00158019489
347322,347328,351076,6,3748,2,36000,1.00160085379
347364,347370,350948,6,3578,2,36000,1.00167691448
347385,347391,350823,6,3432,2,36000,1.00174825175
347408,347415,350983,7,3568,2,36000,1.00196188341
347410,347421,350940,11,3519,2,36000,1.00312588804
347411,347426,350559,15,3133,2,36000,1.00478774338
347479,347485,351173,6,3688,2,36000,1.00162689805
347556,347562,351080,6,3518,2,36000,1.0017055145
347571,347577,350864,6,3287,2,36000,1.00182537268
347586,347592,351296,6,3704,2,36000,1.00161987041
347640,347646,351292,6,3646,2,36000,1.00164563906
347674,347680,351138,6,3458,2,36000,1.001735107
347726,347732,351650,6,3918,2,36000,1.00153139357
347753,347759,351097,6,3338,2,36000,1.00179748352
347917,347923,351325,6,3402,2,36000,1.00176366843
347932,347938,351896,6,3958,2,36000,1.00151591713
347947,347953,351367,6,3414,2,36000,1.00175746924
347961,347968,351588,7,3620,2,36000,1.00193370166
348013,348019,351406,6,3387,2,36000,1.00177147919
348028,348034,351355,6,3321,2,36000,1.00180668473
348122,348128,351674,6,3546,2,36000,1.00169204738
348319,348325,351587,6,3262,2,36000,1.00183936235
348505,348511,352431,6,3920,2,36000,1.00153061224
348519,348525,355726,6,7201,14,7200,1.00083321761
348526,348532,351694,6,3162,2,36000,1.00189753321
348623,348629,352166,6,3537,2,36000,1.00169635284
348641,348647,353510,6,4863,2,36000,1.00123380629
348691,348697,352262,6,3565,2,36000,1.00168302945
348746,348752,352186,6,3434,2,36000,1.00174723355
348760,348767,352664,7,3897,2,36000,1.00179625353
348818,348824,352037,6,3213,2,36000,1.00186741363
348861,348867,352878,6,4011,2,36000,1.00149588631
348876,348882,352819,6,3937,2,36000,1.00152400305
349038,349044,352833,6,3789,2,36000,1.00158353127
349087,349093,352685,6,3592,2,36000,1.00167037862
349103,349113,352931,10,3818,2,36000,1.00261917234
349219,349225,352234,6,3009,2,36000,1.00199401795
349366,349372,353052,6,3680,2,36000,1.00163043478
349367,349378,352773,11,3395,2,36000,1.00324005891
349399,349406,353186,7,3780,2,36000,1.00185185185
349427,349434,353120,7,3686,2,36000,1.00189907759
349479,349485,353447,6,3962,2,36000,1.00151438667
349507,349513,353097,6,3584,2,36000,1.00167410714
349578,349584,352814,6,3230,2,36000,1.00185758514
349653,349659,352917,6,3258,2,36000,1.00184162063
349668,349674,352711,6,3037,2,36000,1.00197563385
349692,349698,353245,6,3547,2,36000,1.00169157034
349719,349726,353029,7,3303,2,36000,1.0021192855
349913,349919,353924,6,4005,2,36000,1.00149812734
349987,349993,352985,6,2992,2,36000,1.00200534759
350087,350093,353623,6,3530,2,36000,1.00169971671
350104,350110,353716,6,3606,2,36000,1.00166389351
350105,350116,353240,11,3124,2,36000,1.00352112676
350107,350121,353383,14,3262,2,36000,1.00429184549
350121,350127,353616,6,3489,2,36000,1.00171969046
350136,350142,353798,6,3656,2,36000,1.00164113786
350161,350168,353631,7,3463,2,36000,1.00202136876
350176,350182,353673,6,3491,2,36000,1.00171870524
350184,351091,385002,907,33911,17,36000,1.02674648344
350190,355738,382008,5548,26270,17,36000,1.21119147316
350199,357121,382923,6922,25802,17,36000,1.26827377723
350234,350240,353739,6,3499,2,36000,1.00171477565
350289,350295,354002,6,3707,2,36000,1.00161855948
350341,350347,353812,6,3465,2,36000,1.00173160173
350395,350401,354170,6,3769,2,36000,1.0015919342
350446,350453,354213,7,3760,2,36000,1.00186170213
350530,350536,354053,6,3517,2,36000,1.00170599943
350560,350566,354194,6,3628,2,36000,1.00165380375
350816,350822,354297,6,3475,2,36000,1.00172661871
350831,350837,353902,6,3065,2,36000,1.00195758564
350866,350872,354400,6,3528,2,36000,1.00170068027
350942,350948,354426,6,3478,2,36000,1.00172512938
350957,350963,354171,6,3208,2,36000,1.00187032419
350987,350993,354070,6,3077,2,36000,1.00194995125
351013,351019,354276,6,3257,2,36000,1.00184218606
351078,351084,354518,6,3434,2,36000,1.00174723355
351094,351100,354612,6,3512,2,36000,1.00170842825
351095,351106,355332,11,4226,2,36000,1.00260293422
351112,351118,354509,6,3391,2,36000,1.00176938956
351139,351145,354206,6,3061,2,36000,1.00196014374
351176,351183,354731,7,3548,2,36000,1.0019729425
351293,351299,354491,6,3192,2,36000,1.00187969925
351308,351314,354609,6,3295,2,36000,1.00182094082
351326,351332,354849,6,3517,2,36000,1.00170599943
351357,351364,354797,7,3433,2,36000,1.00203903292
351373,351379,354891,6,3512,2,36000,1.00170842825
351411,351417,354739,6,3322,2,36000,1.00180614088
351592,351598,354939,6,3341,2,36000,1.0017958695
351594,351604,355031,10,3427,2,36000,1.00291800409
351650,351656,354860,6,3204,2,36000,1.00187265918
351674,351681,355212,7,3531,2,36000,1.00198244123
351696,351702,355153,6,3451,2,36000,1.00173862649
351896,351902,355502,6,3600,2,36000,1.00166666667
352039,352045,355569,6,3524,2,36000,1.00170261067
352167,352173,356247,6,4074,2,36000,1.00147275405
352188,352194,355348,6,3154,2,36000,1.00190234623
352237,352243,355338,6,3095,2,36000,1.00193861066
352264,352270,355296,6,3026,2,36000,1.0019828156
352433,352439,355988,6,3549,2,36000,1.00169061708
352664,352671,356158,7,3487,2,36000,1.00200745627
352683,352689,356159,6,3470,2,36000,1.00172910663
352713,352719,356451,6,3732,2,36000,1.00160771704
352773,352779,356644,6,3865,2,36000,1.00155239327
352816,352822,356157,6,3335,2,36000,1.00179910045
352830,352836,355894,6,3058,2,36000,1.00196206671
352845,352851,356378,6,3527,2,36000,1.00170116246
352879,352885,356572,6,3687,2,36000,1.0016273393
352918,352924,356894,6,3970,2,36000,1.00151133501
352933,352939,356004,6,3065,2,36000,1.00195758564
352984,352990,356729,6,3739,2,36000,1.00160470714
353030,353036,357273,6,4237,2,36000,1.00141609629
353054,353060,356593,6,3533,2,36000,1.00169827342
353098,353104,356960,6,3856,2,36000,1.0015560166
353121,353128,356503,7,3375,2,36000,1.00207407407
353188,353194,356871,6,3677,2,36000,1.00163176503
353240,353246,356749,6,3503,2,36000,1.00171281758
353254,353261,357278,7,4017,2,36000,1.00174259398
353384,353391,356560,7,3169,2,36000,1.00220889871
353448,353455,356716,7,3261,2,36000,1.0021465808
353512,353518,356927,6,3409,2,36000,1.00176004693
353618,353624,357852,6,4228,2,36000,1.00141911069
353633,353639,356995,6,3356,2,36000,1.00178784267
353634,353645,356762,11,3117,2,36000,1.00352903433
353674,353680,357186,6,3506,2,36000,1.00171135197
353718,353724,356692,6,2968,2,36000,1.00202156334
353739,353745,357387,6,3642,2,36000,1.00164744646
353796,353802,356776,6,2974,2,36000,1.00201748487
353812,353818,357605,6,3787,2,36000,1.00158436757
353890,353935,353937,45,2,2,3540,4.7
353904,353910,357708,6,3798,2,36000,1.00157977883
353922,353928,357774,6,3846,2,36000,1.0015600624
354004,354009,357160,5,3151,2,36000,1.00158679784
354055,354061,357400,6,3339,2,36000,1.00179694519
354070,354076,357913,6,3837,2,36000,1.00156372166
354170,354176,358045,6,3869,2,36000,1.00155078832
354185,354191,357964,6,3773,2,36000,1.00159024649
354200,354206,357386,6,3180,2,36000,1.00188679245
354215,354221,357820,6,3599,2,36000,1.00166712976
354216,354227,359518,11,5291,2,36000,1.00207900208
354277,354284,357941,7,3657,2,36000,1.00191413727
354295,354301,357532,6,3231,2,36000,1.00185701021
354398,354404,358698,6,4294,2,36000,1.00139729856
354428,354434,358328,6,3894,2,36000,1.00154083205
354492,354498,358125,6,3627,2,36000,1.00165425972
354510,354516,357820,6,3304,2,36000,1.00181598063
354525,354531,358157,6,3626,2,36000,1.00165471594
354611,354617,358936,6,4319,2,36000,1.00138921047
354625,354631,357884,6,3253,2,36000,1.00184445128
354732,354738,357803,6,3065,2,36000,1.00195758564
354747,354753,358421,6,3668,2,36000,1.00163576881
354799,354805,358066,6,3261,2,36000,1.0018399264
354845,354851,358018,6,3167,2,36000,1.00189453742
354861,354867,358060,6,3193,2,36000,1.00187911055
354894,354900,358157,6,3257,2,36000,1.00184218606
354942,354948,358056,6,3108,2,36000,1.00193050193
355030,355036,358865,6,3829,2,36000,1.00156698877
355155,355161,359623,6,4462,2,36000,1.00134468848
355213,355219,358549,6,3330,2,36000,1.0018018018
355298,355304,358581,6,3277,2,36000,1.00183094294
355332,355338,358636,6,3298,2,36000,1.00181928441
355347,355353,358512,6,3159,2,36000,1.00189933523
355362,355368,358811,6,3443,2,36000,1.00174266628
355504,355510,358926,6,3416,2,36000,1.00175644028
355571,355576,358880,5,3304,2,36000,1.00151331719
355894,355900,359986,6,4086,2,36000,1.00146842878
355991,355997,359617,6,3620,2,36000,1.00165745856
356006,356012,359517,6,3505,2,36000,1.00171184023
356158,356164,359346,6,3182,2,36000,1.00188560654
356160,356170,359765,10,3595,2,36000,1.00278164117
356174,356181,359379,7,3198,2,36000,1.00218886804
356251,356257,359626,6,3369,2,36000,1.0017809439
356380,356387,360013,7,3626,2,36000,1.00193050193
356453,356459,360396,6,3937,2,36000,1.00152400305
356505,356511,360292,6,3781,2,36000,1.00158688178
356562,356568,359841,6,3273,2,36000,1.00183318057
356577,356583,360270,6,3687,2,36000,1.0016273393
356595,356601,360221,6,3620,2,36000,1.00165745856
356643,356649,359833,6,3184,2,36000,1.00188442211
356691,356697,360066,6,3369,2,36000,1.0017809439
356717,357126,364342,409,7216,14,7200,1.05667960089
356718,356724,360217,6,3493,2,36000,1.00171772116
356733,356740,360472,7,3732,2,36000,1.00187566988
356751,356757,360388,6,3631,2,36000,1.00165243735
356766,356772,360589,6,3817,2,36000,1.00157191512
356781,356787,360581,6,3794,2,36000,1.00158144439
356872,356878,360706,6,3828,2,36000,1.00156739812
356896,356902,360359,6,3457,2,36000,1.00173560891
356929,356935,360583,6,3648,2,36000,1.00164473684
356962,356968,360427,6,3459,2,36000,1.00173460538
356996,357002,360133,6,3131,2,36000,1.00191632066
357162,357168,360727,6,3559,2,36000,1.00168586682
357189,357195,360872,6,3677,2,36000,1.00163176503
357274,357280,360726,6,3446,2,36000,1.00174114916
357288,357295,360817,7,3522,2,36000,1.0019875071
357389,357395,361319,6,3924,2,36000,1.00152905199
357390,357401,360995,11,3594,2,36000,1.00306065665
357405,357410,361054,5,3644,2,36000,1.00137211855
357532,357537,360990,5,3453,2,36000,1.00144801622
357604,357610,361004,6,3394,2,36000,1.00176782557
357710,357716,360790,6,3074,2,36000,1.00195185426
357775,357781,361194,6,3413,2,36000,1.00175798418
357802,357809,361415,7,3606,2,36000,1.0019412091
357817,357824,361191,7,3367,2,36000,1.00207900208
357832,357838,361335,6,3497,2,36000,1.00171575636
357854,357860,361237,6,3377,2,36000,1.0017767249
357884,357890,361441,6,3551,2,36000,1.00168966488
357914,357920,361630,6,3710,2,36000,1.00161725067
357941,357947,361256,6,3309,2,36000,1.00181323663
357965,357971,361714,6,3743,2,36000,1.00160299225
358019,358025,361627,6,3602,2,36000,1.00166574125
358046,358052,361345,6,3293,2,36000,1.00182204677
358063,358070,361317,7,3247,2,36000,1.00215583616
358065,358076,361795,11,3719,2,36000,1.00295778435
358079,358086,361714,7,3628,2,36000,1.00192943771
358128,358134,361588,6,3454,2,36000,1.00173711639
358158,358165,361773,7,3608,2,36000,1.00194013304
358160,358171,361919,11,3748,2,36000,1.00293489861
358329,358335,361951,6,3616,2,36000,1.00165929204
358423,358429,361702,6,3273,2,36000,1.00183318057
358510,358516,361806,6,3290,2,36000,1.00182370821
358549,358555,362231,6,3676,2,36000,1.00163220892
358582,358589,361647,7,3058,2,36000,1.00228907783
358637,358643,362152,6,3509,2,36000,1.00170988886
358700,358706,362279,6,3573,2,36000,1.00167926113
358812,358818,362390,6,3572,2,36000,1.00167973124
358866,358872,362028,6,3156,2,36000,1.00190114068
358881,358887,362490,6,3603,2,36000,1.00166527893
358926,358932,362111,6,3179,2,36000,1.00188738597
358941,358947,362322,6,3375,2,36000,1.00177777778
359347,359353,362398,6,3045,2,36000,1.00197044335
359380,359386,362783,6,3397,2,36000,1.00176626435
359520,359526,363052,6,3526,2,36000,1.00170164492
359521,359532,363066,11,3534,2,36000,1.00311262026
359618,359624,362966,6,3342,2,36000,1.00179533214
359633,359639,362844,6,3205,2,36000,1.00187207488
359634,359645,362896,11,3251,2,36000,1.00338357428
359754,359760,359761,6,1,1,360000,1.0
359768,359773,363803,5,4030,2,36000,1.00124069479
359794,359800,687031,6,327231,1,360000,1.00001833567
359820,359826,601538,6,241712,1,360000,1.00002482293
359835,359841,363274,6,3433,2,36000,1.0017477425
359845,359851,359852,6,1,1,360000,1.0
359850,359857,363247,7,3390,2,36000,1.00206489676
359916,359922,594175,6,234253,1,360000,1.00002561333
359983,359990,584070,7,224080,1,360000,1.00003123884
359988,359996,364078,8,4082,2,36000,1.00195982362
360016,360022,363696,6,3674,2,36000,1.00163309744
360067,360073,363661,6,3588,2,36000,1.0016722408
360133,360139,363321,6,3182,2,36000,1.00188560654
360219,360225,363481,6,3256,2,36000,1.00184275184
360220,360231,364071,11,3840,2,36000,1.00286458333
360271,360278,363834,7,3556,2,36000,1.00196850394
360293,360299,363559,6,3260,2,36000,1.0018404908
360360,360366,363555,6,3189,2,36000,1.00188146754
360390,360396,363995,6,3599,2,36000,1.00166712976
360405,360411,364278,6,3867,2,36000,1.00155159038
360428,360435,363805,7,3370,2,36000,1.00207715134
360474,360480,364477,6,3997,2,36000,1.00150112584
360584,360590,364390,6,3800,2,36000,1.00157894737
360585,360596,363995,11,3399,2,36000,1.00323624595
360600,360606,364245,6,3639,2,36000,1.00164880462
360608,360614,370299,6,9685,1,360000,1.00061951471
360706,360712,363804,6,3092,2,36000,1.00194049159
360727,360733,364057,6,3324,2,36000,1.00180505415
360742,360748,364126,6,3378,2,36000,1.00177619893
360790,360797,364817,7,4020,2,36000,1.00174129353
360820,360826,364452,6,3626,2,36000,1.00165471594
360875,360881,364406,6,3525,2,36000,1.00170212766
360990,360996,364622,6,3626,2,36000,1.00165471594
361005,361011,364384,6,3373,2,36000,1.0017788319
361006,361017,364768,11,3751,2,36000,1.00293255132
361056,361062,364745,6,3683,2,36000,1.00162910671
361192,361198,364888,6,3690,2,36000,1.00162601626
361208,361214,364448,6,3234,2,36000,1.00185528757
361238,361244,364472,6,3228,2,36000,1.00185873606
361259,361265,365057,6,3792,2,36000,1.00158227848
361316,361323,365160,7,3837,2,36000,1.00182434193
361331,361338,364885,7,3547,2,36000,1.00197349873
361347,361353,366102,6,4749,2,36000,1.00126342388
361348,361359,365077,11,3718,2,36000,1.00295857988
361415,361425,364747,10,3322,2,36000,1.0030102348
361443,361449,364875,6,3426,2,36000,1.00175131349
361589,361595,365062,6,3467,2,36000,1.00173060283
361628,361634,365087,6,3453,2,36000,1.00173761946
361645,361651,364636,6,2985,2,36000,1.00201005025
361659,361666,365440,7,3774,2,36000,1.00185479597
361705,361711,366852,6,5141,2,36000,1.00116708812
361721,361727,365394,6,3667,2,36000,1.00163621489
361722,361733,365244,11,3511,2,36000,1.00313301054
361774,361780,365516,6,3736,2,36000,1.00160599572
361795,361801,365556,6,3755,2,36000,1.00159786951
361810,361816,365579,6,3763,2,36000,1.0015944725
361920,361926,365267,6,3341,2,36000,1.0017958695
361950,361956,365185,6,3229,2,36000,1.00185816042
362023,362029,365196,6,3167,2,36000,1.00189453742
362111,362117,365701,6,3584,2,36000,1.00167410714
362154,362160,365302,6,3142,2,36000,1.00190961171
362233,362240,365508,7,3268,2,36000,1.00214198286
362279,362285,365586,6,3301,2,36000,1.00181763102
362324,362331,365897,7,3566,2,36000,1.00196298374
362391,362397,365824,6,3427,2,36000,1.00175080245
362406,362412,365761,6,3349,2,36000,1.00179157958
362492,362498,365954,6,3456,2,36000,1.00173611111
362783,362789,365888,6,3099,2,36000,1.00193610842
362845,362851,366704,6,3853,2,36000,1.00155722813
362901,362907,366452,6,3545,2,36000,1.00169252468
362967,362974,366463,7,3489,2,36000,1.00200630553
363053,363059,366455,6,3396,2,36000,1.00176678445
363067,363074,366901,7,3827,2,36000,1.00182910896
363248,363254,366612,6,3358,2,36000,1.00178677784
363275,363281,366747,6,3466,2,36000,1.00173110214
363322,363328,366735,6,3407,2,36000,1.00176108013
363482,363488,367360,6,3872,2,36000,1.00154958678
363558,363564,366921,6,3357,2,36000,1.0017873101
363572,363578,367147,6,3569,2,36000,1.00168114318
363660,363667,366961,7,3294,2,36000,1.0021250759
363698,363704,367015,6,3311,2,36000,1.00181214135
363805,363811,367113,6,3302,2,36000,1.00181708056
363806,363817,367508,11,3691,2,36000,1.00298022216
363821,363827,367464,6,3637,2,36000,1.0016497113
363837,363843,367542,6,3699,2,36000,1.00162206002
363995,364001,367329,6,3328,2,36000,1.00180288462
364010,364016,367761,6,3745,2,36000,1.00160213618
364058,364064,367773,6,3709,2,36000,1.00161768671
364073,364079,367346,6,3267,2,36000,1.00183654729
364089,364095,367479,6,3384,2,36000,1.00177304965
364128,364134,368034,6,3900,2,36000,1.00153846154
364246,364252,367784,6,3532,2,36000,1.00169875425
364281,364287,367959,6,3672,2,36000,1.00163398693
364387,364393,368329,6,3936,2,36000,1.00152439024
364403,364409,368222,6,3813,2,36000,1.00157356412
364418,364424,367991,6,3567,2,36000,1.00168208579
364448,364455,367897,7,3442,2,36000,1.00203370134
364463,364469,367727,6,3258,2,36000,1.00184162063
364478,364485,367798,7,3313,2,36000,1.00211288862
364480,364491,367621,11,3130,2,36000,1.003514377
364623,364630,368341,7,3711,2,36000,1.00188628402
364638,364645,368085,7,3440,2,36000,1.00203488372
364748,364754,368484,6,3730,2,36000,1.00160857909
364749,364760,368079,11,3319,2,36000,1.00331425128
364771,364777,367873,6,3096,2,36000,1.0019379845
364819,364825,368861,6,4036,2,36000,1.00148662042
364877,364883,368329,6,3446,2,36000,1.00174114916
364892,364898,368667,6,3769,2,36000,1.0015919342
364893,364904,368611,11,3707,2,36000,1.00296735905
365057,365063,368998,6,3935,2,36000,1.00152477764
365072,365078,368676,6,3598,2,36000,1.00166759311
365087,365093,368635,6,3542,2,36000,1.00169395822
365088,365099,368490,11,3391,2,36000,1.00324388086
365159,365164,368688,5,3524,2,36000,1.00141884222
365189,365195,368853,6,3658,2,36000,1.00164024057
365204,365210,369921,6,4711,2,36000,1.00127361494
365246,365252,369036,6,3784,2,36000,1.00158562368
365270,365276,369082,6,3806,2,36000,1.00157645822
365303,365310,368938,7,3628,2,36000,1.00192943771
365395,365401,368845,6,3444,2,36000,1.00174216028
365440,365447,369132,7,3685,2,36000,1.00189959294
365507,365513,369122,6,3609,2,36000,1.00166251039
365522,365529,368879,7,3350,2,36000,1.00208955224
365556,365562,368879,6,3317,2,36000,1.00180886343
365581,365588,369243,7,3655,2,36000,1.00191518468
365596,365602,369499,6,3897,2,36000,1.00153964588
365703,365709,368854,6,3145,2,36000,1.00190779014
365763,365769,369293,6,3524,2,36000,1.00170261067
365827,365833,369262,6,3429,2,36000,1.00174978128
365891,365897,369813,6,3916,2,36000,1.00153217569
365906,365912,369191,6,3279,2,36000,1.00182982617
365954,365960,369793,6,3833,2,36000,1.00156535351
366104,366110,369633,6,3523,2,36000,1.00170309395
366453,366459,369921,6,3462,2,36000,1.00173310225
366454,366465,369921,11,3456,2,36000,1.00318287037
366469,366475,369705,6,3230,2,36000,1.00185758514
366615,366621,369921,6,3300,2,36000,1.00181818182
366707,366713,369921,6,3208,2,36000,1.00187032419
366737,366744,369921,7,3177,2,36000,1.00220333648
366754,366760,369921,6,3161,2,36000,1.0018981335
366854,366860,369921,6,3061,2,36000,1.00196014374
366903,366909,369921,6,3012,2,36000,1.00199203187
366921,366927,369921,6,2994,2,36000,1.00200400802
366963,366969,369921,6,2952,2,36000,1.00203252033
367014,367021,369921,7,2900,2,36000,1.0024137931
367115,367121,369921,6,2800,2,36000,1.00214285714
367149,367155,369921,6,2766,2,36000,1.0021691974
367331,367337,369921,6,2584,2,36000,1.00232198142
367346,367352,369921,6,2569,2,36000,1.00233553912
367361,367367,369921,6,2554,2,36000,1.00234925607
367464,367470,369921,6,2451,2,36000,1.00244798042
367482,367488,369921,6,2433,2,36000,1.00246609125
367510,367516,369921,6,2405,2,36000,1.00249480249
367544,367550,369921,6,2371,2,36000,1.00253057782
367625,367632,369921,7,2289,2,36000,1.00305810398
367729,367735,369921,6,2186,2,36000,1.00274473925
367762,367769,369921,7,2152,2,36000,1.0032527881
367777,367784,369921,7,2137,2,36000,1.00327562003
367793,367799,369921,6,2122,2,36000,1.00282752121
367808,367815,369921,7,2106,2,36000,1.00332383666
367872,367878,369921,6,2043,2,36000,1.00293685756
367899,367906,369921,7,2015,2,36000,1.00347394541
367960,367966,369921,6,1955,2,36000,1.00306905371
367993,367999,369921,6,1922,2,36000,1.00312174818
368036,368042,369921,6,1879,2,36000,1.00319318787
368078,368084,369921,6,1837,2,36000,1.00326619488
368093,368099,369921,6,1822,2,36000,1.00329308452
368226,368232,369922,6,1690,2,36000,1.00355029586
368329,368335,369922,6,1587,2,36000,1.00378071834
368330,368341,369921,11,1580,2,36000,1.00696202532
368345,368351,369921,6,1570,2,36000,1.00382165605
368485,368491,369922,6,1431,2,36000,1.00419287212
368499,368506,369922,7,1416,2,36000,1.00494350282
368611,368618,369922,7,1304,2,36000,1.00536809816
368633,368639,369922,6,1283,2,36000,1.00467653936
368669,368675,369922,6,1247,2,36000,1.00481154771
368684,368691,369922,7,1231,2,36000,1.00568643379
368699,368705,369922,6,1217,2,36000,1.00493015612
368846,368852,369922,6,1070,2,36000,1.00560747664
368862,368868,369922,6,1054,2,36000,1.00569259962
368863,368874,369922,11,1048,2,36000,1.01049618321
368864,368879,369922,15,1043,2,36000,1.01438159156
368880,368886,369922,6,1036,2,36000,1.00579150579
368881,368892,369922,11,1030,2,36000,1.01067961165
368939,368945,369922,6,977,2,36000,1.00614124872
369001,369007,369922,6,915,2,36000,1.00655737705
369036,369042,369922,6,880,2,36000,1.00681818182
369085,369091,369921,6,830,2,36000,1.00722891566
369122,369128,369923,6,795,2,36000,1.00754716981
369137,369143,369922,6,779,2,36000,1.00770218228
369192,369198,369921,6,723,2,36000,1.00829875519
369244,369250,369922,6,672,2,36000,1.00892857143
369262,369268,369922,6,654,2,36000,1.00917431193
369295,369301,369922,6,621,2,36000,1.00966183575
369499,369505,369922,6,417,2,36000,1.01438848921
369633,369640,369922,7,282,2,36000,1.02482269504
369706,369712,369922,6,210,2,36000,1.02857142857
369795,369801,369922,6,121,2,36000,1.04958677686
369816,369822,369922,6,100,2,36000,1.06
369945,369951,373303,6,3352,2,36000,1.00178997613
369946,369957,373089,11,3132,2,36000,1.00351213282
369947,369962,373718,15,3756,2,36000,1.00399361022
369949,369967,373384,18,3417,2,36000,1.00526777875
369951,369972,373192,21,3220,2,36000,1.00652173913
369954,369979,373207,25,3228,2,36000,1.00774473358
369956,369984,373522,28,3538,2,36000,1.00791407575
369958,369989,373672,31,3683,2,36000,1.00841705132
369960,369994,373900,34,3906,2,36000,1.00870455709
369962,370000,373449,38,3449,2,36000,1.01101768629
369964,370005,373530,41,3525,2,36000,1.01163120567
369967,370010,373112,43,3102,2,36000,1.0138620245
369969,370015,373607,46,3592,2,36000,1.01280623608
369971,370020,373502,49,3482,2,36000,1.0140723722
369972,370026,374092,54,4066,2,36000,1.01328086572
369974,370032,373652,58,3620,2,36000,1.01602209945
369976,370037,373749,61,3712,2,36000,1.01643318966
369977,370042,373284,65,3242,2,36000,1.02004935225
369979,370047,373620,68,3573,2,36000,1.01903162608
369980,370052,373769,72,3717,2,36000,1.01937046005
369981,370057,374107,76,4050,2,36000,1.0187654321
369983,370063,373800,80,3737,2,36000,1.02140754616
369984,370068,373601,84,3533,2,36000,1.02377582791
369986,370073,373524,87,3451,2,36000,1.02521008403
369987,370078,373654,91,3576,2,36000,1.02544742729
369989,370083,373868,94,3785,2,36000,1.0248348745
369990,370089,373609,99,3520,2,36000,1.028125
369992,370094,373374,102,3280,2,36000,1.03109756098
369993,370099,373237,106,3138,2,36000,1.03377947737
369994,370104,373797,110,3693,2,36000,1.02978608178
369996,370109,374124,113,4015,2,36000,1.02814445828
369997,370115,373689,118,3574,2,36000,1.03301622832
369999,370120,373341,121,3221,2,36000,1.0375659733
370000,370125,373615,125,3490,2,36000,1.03581661891
370002,370130,373542,128,3412,2,36000,1.03751465416
370003,370135,373483,132,3348,2,36000,1.0394265233
370004,370141,373295,137,3154,2,36000,1.04343690552
370006,370146,373634,140,3488,2,36000,1.04013761468
370007,370151,373455,144,3304,2,36000,1.04358353511
370008,370156,373517,148,3361,2,36000,1.04403451354
370010,370161,373761,151,3600,2,36000,1.04194444444
370011,370166,374116,155,3950,2,36000,1.03924050633
370013,370172,373647,159,3475,2,36000,1.04575539568
370014,370177,373587,163,3410,2,36000,1.04780058651
370015,370182,373782,167,3600,2,36000,1.04638888889
370017,370187,373948,170,3761,2,36000,1.04520074448
370018,370192,373703,174,3511,2,36000,1.04955853033
370019,370198,373687,179,3489,2,36000,1.0513040986
370021,370203,373909,182,3706,2,36000,1.04910955208
370022,370208,373918,186,3710,2,36000,1.05013477089
370023,370213,373360,190,3147,2,36000,1.06037496028
370025,370218,373779,193,3561,2,36000,1.05419825892
370026,370223,373360,197,3137,2,36000,1.06279885241
370027,370230,373442,203,3212,2,36000,1.06320049813
370029,370235,373344,206,3109,2,36000,1.06625924735
370030,370240,373770,210,3530,2,36000,1.05949008499
370031,370245,374210,214,3965,2,36000,1.05397225725
370033,370251,373577,218,3326,2,36000,1.06554419723
370034,370256,373554,222,3298,2,36000,1.06731352335
370036,370261,373532,225,3271,2,36000,1.06878630388
370037,370266,374117,229,3851,2,36000,1.05946507401
370038,370271,373367,233,3096,2,36000,1.07525839793
370040,370277,373962,237,3685,2,36000,1.06431478969
370041,370282,374111,241,3829,2,36000,1.06294071559
370042,370287,373596,245,3309,2,36000,1.07404049562
370044,370292,373787,248,3495,2,36000,1.07095851216
372187,376126,438560,3939,62434,32,360000,1.0630906237
373089,373095,376096,6,3001,2,36000,1.00199933356
373113,373119,376096,6,2977,2,36000,1.0020154518
373135,373141,376170,6,3029,3,356400,1.00198085177
373155,376108,378281,2953,2173,8,356400,2.35895075932
373194,373200,376096,6,2896,2,36000,1.0020718232
373209,373215,376096,6,2881,2,36000,1.0020826102
373239,373245,376096,6,2851,2,36000,1.00210452473
373284,373290,376096,6,2806,2,36000,1.00213827512
373299,373305,376096,6,2791,2,36000,1.00214976711
373315,373321,376096,6,2775,2,36000,1.00216216216
373342,373348,376096,6,2748,2,36000,1.00218340611
373357,373363,376096,6,2733,2,36000,1.00219538968
373372,373378,376096,6,2718,2,36000,1.00220750552
373373,373384,376096,11,2712,2,36000,1.0040560472
373375,373389,376096,14,2707,2,36000,1.00517177687
373391,373397,376096,6,2699,2,36000,1.00222304557
373392,373403,376096,11,2693,2,36000,1.00408466394
373443,373449,376096,6,2647,2,36000,1.00226671704
373458,373464,376096,6,2632,2,36000,1.00227963526
373459,373470,376097,11,2627,2,36000,1.00418728588
373483,373490,376096,7,2606,2,36000,1.00268610898
373504,373510,376096,6,2586,2,36000,1.00232018561
373519,373525,376096,6,2571,2,36000,1.00233372229
373534,373540,376096,6,2556,2,36000,1.00234741784
373535,373546,376096,11,2550,2,36000,1.00431372549
373537,373551,376096,14,2545,2,36000,1.00550098232
373538,373556,376096,18,2540,2,36000,1.00708661417
373555,373563,376096,8,2533,2,36000,1.0031583103
373556,373568,376096,12,2528,2,36000,1.00474683544
373577,373583,376097,6,2514,2,36000,1.00238663484
373592,373598,376096,6,2498,2,36000,1.00240192154
373607,373613,376096,6,2483,2,36000,1.00241643174
373609,373619,376096,10,2477,2,36000,1.0040371417
373610,373624,376097,14,2473,2,36000,1.00566114032
373631,373637,376097,6,2460,2,36000,1.00243902439
373633,373643,376097,10,2454,2,36000,1.00407497963
373634,373648,376097,14,2449,2,36000,1.00571661903
373649,373655,376097,6,2442,2,36000,1.00245700246
373650,373661,376097,11,2436,2,36000,1.00451559934
373665,373672,376097,7,2425,2,36000,1.00288659794
373667,373677,376097,10,2420,2,36000,1.0041322314
373681,373688,376097,7,2409,2,36000,1.00290577003
373696,373702,376097,6,2395,2,36000,1.00250521921
373698,373708,376097,10,2389,2,36000,1.00418585182
373713,373720,376097,7,2377,2,36000,1.00294488851
373728,373734,376097,6,2363,2,36000,1.00253914515
373749,373755,376097,6,2342,2,36000,1.00256191289
373764,373770,376097,6,2327,2,36000,1.00257842716
373779,373785,376097,6,2312,2,36000,1.00259515571
373781,373791,376097,10,2306,2,36000,1.00433651344
373782,373796,376097,14,2301,2,36000,1.00608431117
373801,373807,376097,6,2290,2,36000,1.00262008734
373802,373813,376097,11,2284,2,36000,1.00481611208
373803,373818,376097,15,2279,2,36000,1.00658183414
373804,373823,376097,19,2274,2,36000,1.00835532102
373869,373875,376097,6,2222,2,36000,1.00270027003
373903,373909,376097,6,2188,2,36000,1.00274223035
373918,373924,376097,6,2173,2,36000,1.00276115969
373919,373930,376097,11,2167,2,36000,1.00507614213
373952,373958,376097,6,2139,2,36000,1.00280504909
373966,373973,376097,7,2124,2,36000,1.00329566855
374094,374099,376097,5,1998,2,36000,1.0025025025
374110,374116,376097,6,1981,2,36000,1.00302877335
374126,374132,376097,6,1965,2,36000,1.00305343511
374127,374138,376097,11,1959,2,36000,1.00561510975
374129,374143,376097,14,1954,2,36000,1.00716479017
374130,374149,376097,19,1948,2,36000,1.00975359343
374212,374218,376097,6,1879,2,36000,1.00319318787
376129,376136,377798,7,1662,2,7200,1.00421179302
376231,376238,377732,7,1494,2,7200,1.0046854083
376242,376248,377818,6,1570,2,7200,1.00382165605
376252,376259,377732,7,1473,2,7200,1.00475220638
376263,376269,377687,6,1418,2,7200,1.00423131171
376273,376280,377691,7,1411,2,7200,1.00496102055
376284,376290,377845,6,1555,2,7200,1.0038585209
376295,376301,377687,6,1386,2,7200,1.00432900433
376305,376311,377698,6,1387,2,7200,1.0043258832
376316,376322,378133,6,1811,2,7200,1.00331308669
376326,376332,378044,6,1712,2,7200,1.0035046729
376337,376343,377716,6,1373,2,7200,1.00436999272
376347,376354,377630,7,1276,2,7200,1.00548589342
376358,376364,378054,6,1690,2,7200,1.00355029586
376369,376376,377877,7,1501,2,7200,1.00466355763
376379,376386,377847,7,1461,2,7200,1.00479123888
376390,376396,377691,6,1295,2,7200,1.00463320463
376400,376407,377742,7,1335,2,7200,1.00524344569
376411,376417,378170,6,1753,2,7200,1.00342270394
376422,376428,377969,6,1541,2,7200,1.0038935756
376432,376438,377854,6,1416,2,7200,1.00423728814
376443,376449,378109,6,1660,2,7200,1.00361445783
376453,376460,378219,7,1759,2,7200,1.00397953383
376464,376470,377823,6,1353,2,7200,1.0044345898
376475,376481,377871,6,1390,2,7200,1.00431654676
376485,376491,378060,6,1569,2,7200,1.00382409178
376496,376502,377917,6,1415,2,7200,1.00424028269
376506,376512,377954,6,1442,2,7200,1.00416088766
376517,376523,378011,6,1488,2,7200,1.00403225806
376528,376538,378126,10,1588,2,7200,1.00629722922
376538,376544,377913,6,1369,2,7200,1.00438276114
376549,376555,378284,6,1729,2,7200,1.003470214
376560,376566,378100,6,1534,2,7200,1.00391134289
376570,376576,378042,6,1466,2,7200,1.00409276944
376581,376587,378113,6,1526,2,7200,1.00393184797
376591,376598,378081,7,1483,2,7200,1.00472016183
376602,376608,378108,6,1500,2,7200,1.004
376613,376619,378079,6,1460,2,7200,1.00410958904
376623,376629,378175,6,1546,2,7200,1.00388098318
376630,377642,379248,1012,1606,2,43200,1.6301369863
376634,376640,377861,6,1221,2,7200,1.00491400491
376644,376651,377909,7,1258,2,7200,1.00556438792
376655,376661,378070,6,1409,2,7200,1.00425833925
376666,376672,377971,6,1299,2,7200,1.00461893764
376676,376682,378140,6,1458,2,7200,1.00411522634
376687,376693,378488,6,1795,2,7200,1.00334261838
376698,376704,378083,6,1379,2,7200,1.00435097897
376708,376715,378145,7,1430,2,7200,1.0048951049
376719,376725,378165,6,1440,2,7200,1.00416666667
376730,376736,378288,6,1552,2,7200,1.00386597938
376740,376746,378598,6,1852,2,7200,1.00323974082
376751,376757,378201,6,1444,2,7200,1.00415512465
376762,376769,378292,7,1523,2,7200,1.00459619173
376772,376778,378207,6,1429,2,7200,1.00419874038
376783,376789,378126,6,1337,2,7200,1.00448765894
376793,376800,378099,7,1299,2,7200,1.00538876059
376804,376810,378251,6,1441,2,7200,1.00416377516
376815,376821,378255,6,1434,2,7200,1.00418410042
376825,376831,378401,6,1570,2,7200,1.00382165605
376836,376845,378363,9,1518,2,7200,1.00592885375
376846,376852,378174,6,1322,2,7200,1.00453857791
376857,376863,378111,6,1248,2,7200,1.00480769231
376868,376874,378071,6,1197,2,7200,1.00501253133
376879,376885,378237,6,1352,2,7200,1.00443786982
376890,376896,378221,6,1325,2,7200,1.00452830189
376900,376906,378218,6,1312,2,7200,1.00457317073
376911,376917,378159,6,1242,2,7200,1.00483091787
376921,376928,378180,7,1252,2,7200,1.00559105431
376932,376938,378349,6,1411,2,7200,1.00425230333
376943,377698,379162,755,1464,2,7200,1.51571038251
377528,377703,388095,175,10392,1,21300,1.01683987683
377580,377709,399043,129,21334,1,21300,1.00604668604
377586,377721,399044,135,21323,1,21300,1.00633119167
377591,377726,399057,135,21331,1,21300,1.00632881721
377595,377731,399062,136,21331,1,21300,1.00637569734
377700,377715,379166,15,1451,2,7200,1.01033769814
377720,377737,378988,17,1251,2,7200,1.0135891287
377741,377747,379208,6,1461,2,7200,1.00410677618
377752,377758,379060,6,1302,2,7200,1.00460829493
377763,377769,379428,6,1659,2,7200,1.00361663653
377773,377809,379127,36,1318,2,7200,1.02731411229
377804,377829,379084,25,1255,2,7200,1.01992031873
377825,377835,379347,10,1512,2,7200,1.00661375661
377836,377856,379483,20,1627,2,7200,1.012292563
377857,377863,379341,6,1478,2,7200,1.00405953992
377868,377874,379183,6,1309,2,7200,1.00458365164
377878,377885,379159,7,1274,2,7200,1.00549450549
377889,377895,379167,6,1272,2,7200,1.00471698113
377900,377906,379187,6,1281,2,7200,1.00468384075
377910,377920,379175,10,1255,2,7200,1.00796812749
377921,377927,379335,6,1408,2,7200,1.00426136364
377932,377938,379309,6,1371,2,7200,1.00437636761
377942,377948,379360,6,1412,2,7200,1.00424929178
377953,377959,379145,6,1186,2,7200,1.00505902192
377963,377971,379546,8,1575,2,7200,1.00507936508
377974,377980,379312,6,1332,2,7200,1.0045045045
377985,377991,379360,6,1369,2,7200,1.00438276114
377996,378002,379514,6,1512,2,7200,1.00396825397
378007,378014,379429,7,1415,2,7200,1.00494699647
378018,378025,379554,7,1529,2,7200,1.00457815566
378030,378036,379655,6,1619,2,7200,1.00370599135
378042,378048,379763,6,1715,2,7200,1.00349854227
378053,378059,379300,6,1241,2,7200,1.00483481064
378064,378070,379384,6,1314,2,7200,1.00456621005
378075,378081,379813,6,1732,2,7200,1.00346420323
378085,378091,379584,6,1493,2,7200,1.00401875419
378096,378102,379497,6,1395,2,7200,1.00430107527
378107,378114,380069,7,1955,2,7200,1.00358056266
378117,378124,379460,7,1336,2,7200,1.00523952096
378128,378134,379532,6,1398,2,7200,1.00429184549
378139,378144,379579,5,1435,2,7200,1.00348432056
378149,378155,379652,6,1497,2,7200,1.00400801603
378160,378166,379550,6,1384,2,7200,1.00433526012
378171,378177,379503,6,1326,2,7200,1.00452488688
378181,378188,379599,7,1411,2,7200,1.00496102055
378192,378198,379613,6,1415,2,7200,1.00424028269
378203,378209,379583,6,1374,2,7200,1.00436681223
378213,378219,379580,6,1361,2,7200,1.00440852314
378222,379186,382358,964,3172,3,356400,1.30390920555
378224,378230,379547,6,1317,2,7200,1.00455580866
378235,378241,379530,6,1289,2,7200,1.00465477114
378246,378252,379641,6,1389,2,7200,1.00431965443
378257,378262,379631,5,1369,2,7200,1.00365230095
378267,378273,379436,6,1163,2,7200,1.00515907137
378278,378284,379710,6,1426,2,7200,1.00420757363
378289,378295,379681,6,1386,2,7200,1.00432900433
378299,378305,379467,6,1162,2,7200,1.00516351119
378310,378316,379545,6,1229,2,7200,1.0048820179
378320,378327,379731,7,1404,2,7200,1.00498575499
378331,378337,379985,6,1648,2,7200,1.0036407767
378342,378348,379690,6,1342,2,7200,1.0044709389
378353,378359,379706,6,1347,2,7200,1.00445434298
378363,378369,379732,6,1363,2,7200,1.00440205429
378374,378380,379876,6,1496,2,7200,1.00401069519
378384,378391,379839,7,1448,2,7200,1.00483425414
378395,378401,379687,6,1286,2,7200,1.00466562986
378406,378412,379625,6,1213,2,7200,1.00494641385
378416,378423,380169,7,1746,2,7200,1.0040091638
378427,378433,379781,6,1348,2,7200,1.00445103858
378438,378444,379877,6,1433,2,7200,1.00418702024
378448,378455,379735,7,1280,2,7200,1.00546875
378459,378465,379790,6,1325,2,7200,1.00452830189
378461,379174,380902,713,1728,8,356400,1.41261574074
378470,378476,379782,6,1306,2,7200,1.0045941807
378481,378487,380065,6,1578,2,7200,1.00380228137
378492,378499,379807,7,1308,2,7200,1.00535168196
378502,378509,379957,7,1448,2,7200,1.00483425414
378513,378519,379693,6,1174,2,7200,1.00511073254
378524,378530,379720,6,1190,2,7200,1.00504201681
378535,378541,379831,6,1290,2,7200,1.00465116279
378546,378552,379878,6,1326,2,7200,1.00452488688
378556,378562,379878,6,1316,2,7200,1.00455927052
378567,378573,379955,6,1382,2,7200,1.00434153401
378578,378584,379915,6,1331,2,7200,1.00450788881
378589,378595,379855,6,1260,2,7200,1.00476190476
378599,378609,379835,10,1226,2,7200,1.00815660685
378610,378999,380337,389,1338,2,7200,1.29073243647
379000,379071,380356,71,1285,2,7200,1.05525291829
379056,379198,379199,142,1,1,360000,14.3
379072,379138,380645,66,1507,2,7200,1.04379562044
379134,379180,380424,46,1244,2,7200,1.03697749196
379185,379192,380412,7,1220,2,7200,1.00573770492
379196,379204,380526,8,1322,2,7200,1.00605143722
379207,379213,380482,6,1269,2,7200,1.00472813239
379217,379223,380412,6,1189,2,7200,1.00504625736
379228,379234,380481,6,1247,2,7200,1.00481154771
379239,379245,380464,6,1219,2,7200,1.00492206727
379249,379256,380503,7,1247,2,7200,1.00561347233
379260,379266,380626,6,1360,2,7200,1.00441176471
379271,379277,380537,6,1260,2,7200,1.00476190476
379281,379311,380589,30,1278,2,7200,1.0234741784
379312,379321,380998,9,1677,2,7200,1.0053667263
379323,379329,380681,6,1352,2,7200,1.00443786982
379334,379346,380605,12,1259,2,7200,1.00953137411
379344,379352,380948,8,1596,2,7200,1.00501253133
379355,379361,380793,6,1432,2,7200,1.00418994413
379366,379371,380797,5,1426,2,7200,1.00350631136
379376,379382,380634,6,1252,2,7200,1.00479233227
379387,379396,380732,9,1336,2,7200,1.00673652695
379398,379439,380574,41,1135,2,7200,1.03612334802
379439,379446,380928,7,1482,2,7200,1.00472334683
379450,379456,380673,6,1217,2,7200,1.00493015612
379460,379471,380772,11,1301,2,7200,1.00845503459
379471,379478,380655,7,1177,2,7200,1.0059473237
379482,379494,380970,12,1476,2,7200,1.0081300813
379492,379509,381389,17,1880,2,7200,1.00904255319
379498,379515,381449,17,1934,1,360000,1.00879007239
379513,379525,380691,12,1166,2,7200,1.0102915952
379524,379542,380795,18,1253,2,7200,1.01436552275
379545,379551,380797,6,1246,2,7200,1.00481540931
379551,379558,383264,7,3706,2,3600,1.00188882893
379556,379564,380999,8,1435,2,7200,1.00557491289
379566,379572,380968,6,1396,2,7200,1.00429799427
379577,379583,380845,6,1262,2,7200,1.00475435816
379588,379594,381002,6,1408,2,7200,1.00426136364
379598,379605,380797,7,1192,2,7200,1.00587248322
379609,379615,380965,6,1350,2,7200,1.00444444444
379620,379626,380822,6,1196,2,7200,1.00501672241
379630,379636,380902,6,1266,2,7200,1.00473933649
379641,379647,380853,6,1206,2,7200,1.00497512438
379652,379658,381012,6,1354,2,7200,1.00443131462
379663,379669,380820,6,1151,2,7200,1.00521285838
379674,379680,381212,6,1532,2,7200,1.00391644909
379684,379690,381081,6,1391,2,7200,1.00431344357
379691,379774,381771,83,1997,2,72000,1.04156234352
379695,379701,380914,6,1213,2,7200,1.00494641385
379706,379712,381247,6,1535,2,7200,1.00390879479
379716,379722,380990,6,1268,2,7200,1.0047318612
379727,379733,380903,6,1170,2,7200,1.00512820513
379738,379744,380928,6,1184,2,7200,1.00506756757
379748,379755,380894,7,1139,2,7200,1.00614574188
379759,379765,380942,6,1177,2,7200,1.00509770603
379770,379780,381109,10,1329,2,7200,1.00752445448
379781,379787,381019,6,1232,2,7200,1.00487012987
379791,379797,381275,6,1478,2,7200,1.00405953992
379802,379808,380985,6,1177,2,7200,1.00509770603
379813,379819,381264,6,1445,2,7200,1.00415224913
379824,379830,381080,6,1250,2,7200,1.0048
379835,379841,381367,6,1526,2,7200,1.00393184797
379846,379851,381300,5,1449,2,7200,1.00345065562
379856,379862,381111,6,1249,2,7200,1.00480384307
379867,379873,381039,6,1166,2,7200,1.0051457976
379878,379884,381040,6,1156,2,7200,1.00519031142
379889,379895,381191,6,1296,2,7200,1.00462962963
379899,379905,381057,6,1152,2,7200,1.00520833333
379910,379916,381195,6,1279,2,7200,1.00469116497
379921,379926,381129,5,1203,2,7200,1.00415627598
379931,379938,381189,7,1251,2,7200,1.00559552358
379942,379948,381690,6,1742,2,7200,1.00344431688
379953,379959,381099,6,1140,2,7200,1.00526315789
379960,380082,386755,122,6673,2,72000,1.0182826315
379963,379970,381213,7,1243,2,7200,1.0056315366
379974,379980,381119,6,1139,2,7200,1.00526777875
379985,379991,381124,6,1133,2,7200,1.0052956752
379995,380002,381228,7,1226,2,7200,1.0057096248
380006,380076,381240,70,1164,2,7200,1.06013745704
380078,380181,381581,103,1400,2,7200,1.07357142857
380181,380348,381776,167,1428,2,7200,1.11694677871
380345,380367,381641,22,1274,2,7200,1.01726844584
380366,380423,381595,57,1172,2,7200,1.04863481229
380428,380434,381584,6,1150,2,7200,1.0052173913
380463,380469,382312,6,1843,2,7200,1.00325556158
380474,380480,381813,6,1333,2,7200,1.00450112528
380484,380492,381757,8,1265,2,7200,1.00632411067
380495,380501,381800,6,1299,2,7200,1.00461893764
380506,380515,382085,9,1570,2,7200,1.00573248408
380516,380537,381862,21,1325,2,7200,1.0158490566
380537,380548,381977,11,1429,2,7200,1.00769769069
380548,380585,381825,37,1240,2,7200,1.02983870968
380590,380600,381939,10,1339,2,7200,1.0074682599
380601,380617,381870,16,1253,2,7200,1.01276935355
380621,380637,382153,16,1516,2,7200,1.01055408971
380642,380649,381919,7,1270,2,7200,1.00551181102
381037,381044,386512,7,5468,2,43200,1.00128017557
381881,381888,390086,7,8198,2,21600,1.0008538668
382342,382348,385344,6,2996,3,356400,1.00200267023
382637,382643,384382,6,1739,8,356400,1.00345025877
383430,383436,383437,6,1,1,536400,1.0
383497,383503,420868,6,37365,2,72000,1.00016057808
383545,383551,383731,6,180,1,21600,1.03333333333
383561,383567,383568,6,1,1,536400,1.0
383610,383616,383798,6,182,1,21600,1.03296703297
383786,383792,455848,6,72056,2,72000,1.00008326857
383804,383810,805893,6,422083,1,536400,1.00001421521
383851,383858,387383,7,3525,2,36000,1.0019858156
383853,383864,387193,11,3329,2,36000,1.00330429558
383854,383869,387101,15,3232,2,36000,1.00464108911
383855,383874,387004,19,3130,2,36000,1.00607028754
383857,383879,386961,22,3082,2,36000,1.00713822193
383858,383885,386951,27,3066,2,36000,1.00880626223
383859,383891,387031,32,3140,2,36000,1.0101910828
383860,383896,387038,36,3142,2,36000,1.01145767027
383862,383901,387186,39,3285,2,36000,1.01187214612
383863,383907,387376,44,3469,2,36000,1.01268377054
383864,383912,387105,48,3193,2,36000,1.01503288443
383866,383917,387350,51,3433,2,36000,1.01485581124
383867,383922,387117,55,3195,2,36000,1.0172143975
383868,383927,387613,59,3686,2,36000,1.01600651112
383870,383932,387098,62,3166,2,36000,1.01958307012
383871,383938,388201,67,4263,2,36000,1.01571663148
383872,383943,387198,71,3255,2,36000,1.02181259601
383874,383948,387096,74,3148,2,36000,1.02350698856
383875,383953,387420,78,3467,2,36000,1.02249783675
383876,383958,387432,82,3474,2,36000,1.0236039148
383878,383964,387596,86,3632,2,36000,1.0236784141
383879,383969,387556,90,3587,2,36000,1.02509060496
383880,383974,386594,94,2620,2,36000,1.0358778626
383881,383979,387269,98,3290,2,36000,1.02978723404
383883,383984,387588,101,3604,2,36000,1.02802441731
383884,383989,387182,105,3193,2,36000,1.0328844347
383885,383995,387190,110,3195,2,36000,1.03442879499
383887,384001,387442,114,3441,2,36000,1.0331299041
383888,384006,387301,118,3295,2,36000,1.03581183612
383889,384011,386870,122,2859,2,36000,1.04267226303
383891,384017,386891,126,2874,2,36000,1.04384133612
383892,384022,387141,130,3119,2,36000,1.04168002565
383893,384027,387536,134,3509,2,36000,1.03818751781
383895,384032,387454,137,3422,2,36000,1.04003506721
383896,384037,387522,141,3485,2,36000,1.04045911047
383897,384042,387636,145,3594,2,36000,1.04034501948
383899,384048,387705,149,3657,2,36000,1.04074377905
383900,384053,387262,153,3209,2,36000,1.04767840449
383901,384058,387547,157,3489,2,36000,1.04499856692
383903,384064,387534,161,3470,2,36000,1.04639769452
384130,384136,391078,6,6942,2,72000,1.00086430424
384392,384399,386632,7,2233,16,7200,1.00313479624
386022,386028,386681,6,653,4,360000,1.00918836141
386594,386600,388201,6,1601,2,36000,1.00374765771
386701,386707,446937,6,60230,2,72000,1.00009961813
386871,386877,388202,6,1325,2,36000,1.00452830189
386891,386897,388201,6,1304,2,36000,1.00460122699
386951,386957,388201,6,1244,2,36000,1.00482315113
386965,386971,388201,6,1230,2,36000,1.00487804878
387004,387010,388201,6,1191,2,36000,1.00503778338
387030,387036,388201,6,1165,2,36000,1.00515021459
387045,387051,388201,6,1150,2,36000,1.0052173913
387058,387064,445951,6,58887,2,72000,1.00010189006
387096,387102,388201,6,1099,2,36000,1.00545950864
387097,387108,388201,11,1093,2,36000,1.01006404392
387113,387119,388202,6,1083,2,36000,1.0055401662
387114,387125,388202,11,1077,2,36000,1.01021355617
387129,387135,388202,6,1067,2,36000,1.00562324274
387144,387150,388202,6,1052,2,36000,1.00570342205
387182,387189,388202,7,1013,2,36000,1.00691016782
387197,387203,388202,6,999,2,36000,1.00600600601
387199,387209,388202,10,993,2,36000,1.01007049345
387200,387214,388202,14,988,2,36000,1.01417004049
387201,387219,388202,18,983,2,36000,1.01831129196
387261,387267,388202,6,935,2,36000,1.0064171123
387276,387282,388202,6,920,2,36000,1.00652173913
387300,387306,387312,6,6,2,86400,1.2
387302,387312,388202,10,890,2,36000,1.01123595506
387350,387356,388202,6,846,2,36000,1.00709219858
387377,387383,388202,6,819,2,36000,1.00732600733
387388,387394,388823,6,1429,2,3600,1.00419874038
387392,387400,388203,8,803,2,36000,1.0099626401
387419,387425,388202,6,777,2,36000,1.00772200772
387433,387439,388202,6,763,2,36000,1.00786369594
387448,387453,388202,5,749,2,36000,1.00667556742
387462,387468,388202,6,734,2,36000,1.00817438692
387522,387528,388202,6,674,2,36000,1.00890207715
387537,387543,388202,6,659,2,36000,1.0091047041
387538,387549,388202,11,653,2,36000,1.01684532925
387553,387558,388202,5,644,2,36000,1.00776397516
387567,387573,388202,6,629,2,36000,1.00953895072
387588,387594,388202,6,608,2,36000,1.00986842105
387602,387608,388202,6,594,2,36000,1.0101010101
387617,387623,388202,6,579,2,36000,1.0103626943
387635,387641,388202,6,561,2,36000,1.01069518717
387707,387713,388202,6,489,2,36000,1.01226993865
387961,387967,394677,6,6710,2,36000,1.00089418778
387999,388005,388028,6,23,2,86400,1.26086956522
388249,388255,388324,6,69,2,36000,1.08695652174
388278,388284,388305,6,21,2,86400,1.28571428571
388340,388346,391304,6,2958,2,36000,1.00202839757
388341,388352,391203,11,2851,2,36000,1.00385829533
388343,388357,391636,14,3279,2,36000,1.00426959439
388344,388362,391328,18,2966,2,36000,1.0060687795
388345,388367,391210,22,2843,2,36000,1.00773830461
388346,388373,391439,27,3066,2,36000,1.00880626223
388348,388378,391249,30,2871,2,36000,1.01044932079
388349,388384,391293,35,2909,2,36000,1.01203162599
388350,388389,391351,39,2962,2,36000,1.0131667792
388352,388394,391168,42,2774,2,36000,1.0151405912
388353,388399,391062,46,2663,2,36000,1.01727375141
388354,388404,391157,50,2753,2,36000,1.01816200509
388356,388410,391173,54,2763,2,36000,1.01954397394
388357,388415,391350,58,2935,2,36000,1.01976149915
388358,388420,391165,62,2745,2,36000,1.02258652095
388360,388425,391339,65,2914,2,36000,1.02230610844
388361,388430,391321,69,2891,2,36000,1.02386717399
388362,388436,391174,74,2738,2,36000,1.02702702703
388364,388441,391807,77,3366,2,36000,1.02287581699
388365,388446,391143,81,2697,2,36000,1.03003337041
388366,388451,391245,85,2794,2,36000,1.03042233357
388368,388456,391258,88,2802,2,36000,1.03140613847
388369,388462,391226,93,2764,2,36000,1.03364688857
388370,388467,391299,97,2832,2,36000,1.03425141243
388372,388472,391659,100,3187,2,36000,1.03137747098
388373,388477,391415,104,2938,2,36000,1.03539823009
388374,388483,391561,109,3078,2,36000,1.03541260559
388376,388488,391770,112,3282,2,36000,1.03412553321
388377,388493,391878,116,3385,2,36000,1.03426883309
388378,388499,391740,121,3241,2,36000,1.03733415612
388380,388504,391237,124,2733,2,36000,1.04537138675
388381,388509,391260,128,2751,2,36000,1.04652853508
388382,388514,391300,132,2786,2,36000,1.04737975592
388384,388519,391435,135,2916,2,36000,1.0462962963
388385,388524,391455,139,2931,2,36000,1.04742408734
388386,388530,391457,144,2927,2,36000,1.04919713017
388387,388535,391536,148,3001,2,36000,1.04931689437
388389,388540,391236,151,2696,2,36000,1.05600890208
388390,388545,391558,155,3013,2,36000,1.05144374378
388391,388550,391937,159,3387,2,36000,1.04694419841
388395,388556,389309,161,753,1,21300,1.21381142098
388403,388561,389309,158,748,1,21300,1.21122994652
388410,388566,389309,156,743,1,21300,1.20995962315
388415,388571,389309,156,738,1,21300,1.21138211382
388419,388577,389309,158,732,1,21300,1.21584699454
388423,388582,389309,159,727,1,21300,1.21870701513
388428,388587,389309,159,722,1,21300,1.22022160665
388433,388592,389309,159,717,1,21300,1.22175732218
388437,388603,389309,166,706,1,21300,1.23512747875
388441,388608,389309,167,701,1,21300,1.23823109843
389351,389357,390901,6,1544,1,21300,1.00388601036
389359,389366,393499,7,4133,1,21300,1.00169368497
389653,389659,394494,6,4835,1,21300,1.0012409514
389661,389667,399336,6,9669,1,21300,1.00062053987
389671,389681,411024,10,21343,1,21300,1.00046853769
390385,390391,392227,6,1836,3,356400,1.00326797386
390432,390438,392279,6,1841,8,356400,1.00325909832
390669,390675,395465,6,4790,1,21300,1.0012526096
390677,390683,400366,6,9683,1,21300,1.00061964267
390686,390692,411831,6,21139,1,21300,1.00028383556
390690,390698,411751,8,21053,1,21300,1.00037999335
390694,390704,401328,10,10624,1,21300,1.00094126506
390697,390709,401351,12,10642,1,21300,1.00112760759
391063,391069,394315,6,3246,2,36000,1.00184842884
391142,391148,393896,6,2748,2,36000,1.00218340611
391158,391164,393986,6,2822,2,36000,1.00212615167
391174,391180,394003,6,2823,2,36000,1.00212539851
391176,391186,394301,10,3115,2,36000,1.00321027287
391177,391191,394356,14,3165,2,36000,1.00442338073
391178,391197,394511,19,3314,2,36000,1.00573325287
391203,391209,394128,6,2919,2,36000,1.00205549846
391219,391225,393935,6,2710,2,36000,1.00221402214
391237,391243,394150,6,2907,2,36000,1.00206398349
391238,391249,394295,11,3046,2,36000,1.0036112935
391239,391254,394596,15,3342,2,36000,1.00448833034
391257,391263,394140,6,2877,2,36000,1.00208550574
391258,391269,394054,11,2785,2,36000,1.0039497307
391275,391281,394066,6,2785,2,36000,1.00215439856
391276,391287,394174,11,2887,2,36000,1.00381018358
391293,391299,393955,6,2656,2,36000,1.00225903614
391309,391315,393723,6,2408,2,36000,1.00249169435
391310,391321,394281,11,2960,2,36000,1.00371621622
391312,391326,394144,14,2818,2,36000,1.00496806246
391328,391334,394215,6,2881,2,36000,1.0020826102
391329,391340,394380,11,3040,2,36000,1.00361842105
391345,391350,394004,5,2654,2,36000,1.00188394876
391361,391367,394169,6,2802,2,36000,1.00214132762
391363,391373,394069,10,2696,2,36000,1.00370919881
391418,391424,394775,6,3351,2,36000,1.0017905103
391437,391443,394443,6,3000,2,36000,1.002
391438,391449,394326,11,2877,2,36000,1.00382342718
391458,391464,394368,6,2904,2,36000,1.0020661157
391459,391470,394470,11,3000,2,36000,1.00366666667
391539,391545,394513,6,2968,2,36000,1.00202156334
391553,391559,427579,6,36020,17,36000,1.00016657413
391558,391565,394521,7,2956,2,36000,1.00236806495
391561,391891,423388,330,31497,17,36000,1.0104771883
391567,427590,463625,36023,36035,17,36000,1.99966699043
391576,391582,394387,6,2805,2,36000,1.00213903743
391637,391644,395076,7,3432,2,36000,1.00203962704
391660,391666,394554,6,2888,2,36000,1.00207756233
391743,391749,394447,6,2698,2,36000,1.00222386953
391770,391776,394483,6,2707,2,36000,1.0022164758
391806,391812,394814,6,3002,2,36000,1.00199866755
391879,391885,394718,6,2833,2,36000,1.00211789622
391936,391942,395412,6,3470,2,36000,1.00172910663
391941,398148,426996,6207,28848,70,28800,1.21516222962
392833,451518,454311,58685,2793,3,356400,22.0114572145
392946,449601,451507,56655,1906,8,356400,30.7245540399
393466,393473,407898,7,14425,2,14400,1.00048526863
393531,393537,398892,6,5355,2,21600,1.00112044818
393728,393734,396672,6,2938,2,36000,1.00204220558
393896,393902,396836,6,2934,2,36000,1.00204498978
393935,393941,396940,6,2999,2,36000,1.00200066689
393956,393962,397024,6,3062,2,36000,1.00195950359
393986,393992,397143,6,3151,2,36000,1.00190415741
394000,479236,569733,85236,90497,4,360000,1.9418654762
394004,394010,397018,6,3008,2,36000,1.00199468085
394005,394016,396934,11,2918,2,36000,1.00376970528
394053,394059,396775,6,2716,2,36000,1.00220913108
394068,394074,397313,6,3239,2,36000,1.00185242359
394082,394089,396969,7,2880,2,36000,1.00243055556
394130,394136,396731,6,2595,2,36000,1.00231213873
394145,394151,397251,6,3100,2,36000,1.00193548387
394147,394157,397144,10,2987,2,36000,1.00334784064
394161,394167,397002,6,2835,2,36000,1.00211640212
394176,394182,397270,6,3088,2,36000,1.00194300518
394177,394188,397218,11,3030,2,36000,1.00363036304
394212,394485,398137,273,3652,12,57600,1.07475355969
394216,394222,397358,6,3136,2,36000,1.00191326531
394282,394288,397505,6,3217,2,36000,1.0018650917
394297,394303,397489,6,3186,2,36000,1.00188323917
394312,394318,397372,6,3054,2,36000,1.00196463654
394327,394333,397408,6,3075,2,36000,1.00195121951
394328,394339,397180,11,2841,2,36000,1.0038718761
394358,394364,396918,6,2554,2,36000,1.00234925607
394367,394373,394376,6,3,1,57600,1.0
394373,394379,397250,6,2871,2,36000,1.00208986416
394388,394394,397436,6,3042,2,36000,1.00197238659
394389,394400,397383,11,2983,2,36000,1.00368756286
394443,394450,397162,7,2712,2,36000,1.00258112094
394458,394464,397315,6,2851,2,36000,1.00210452473
394473,394479,397283,6,2804,2,36000,1.00213980029
394488,394494,397331,6,2837,2,36000,1.00211491012
394512,394518,397325,6,2807,2,36000,1.00213751336
394527,394533,397056,6,2523,2,36000,1.00237812128
394528,394539,397171,11,2632,2,36000,1.00417933131
394555,394561,397523,6,2962,2,36000,1.00202565834
394597,394603,397240,6,2637,2,36000,1.00227531286
394718,394724,397672,6,2948,2,36000,1.00203527815
394774,394781,397536,7,2755,2,36000,1.00254083485
394814,394825,397669,11,2844,2,36000,1.00386779184
395080,395088,397862,8,2774,2,36000,1.00288392213
395181,395187,396284,6,1097,1,7200,1.00546946217
395288,395294,449347,6,54053,1,57600,1.00011100216
395362,395423,407264,61,11841,1,43200,1.00515159193
395412,395418,395526,6,108,1,57600,1.05555555556
395414,395430,398153,16,2723,2,36000,1.0058758722
395436,449580,467425,54144,17845,4,172800,4.0341272065
395539,449586,600735,54047,151149,4,172800,1.35757431409
395697,449591,622436,53894,172845,4,172800,1.31180537476
395712,395718,437900,6,42182,1,57600,1.00014224077
395746,438587,447365,42841,8778,2,36000,5.88049669629
395865,411035,417408,15170,6373,32,14400,3.38035462106
396208,438582,476888,42374,38306,3,43200,2.10619746254
396236,396242,412464,6,16222,6,16200,1.00036986808
396352,438592,455733,42240,17141,2,43200,3.46426696225
396534,449606,453849,53072,4243,2,43200,13.5081310394
396672,396684,399565,12,2881,2,36000,1.00416522041
396732,396742,400044,10,3302,2,36000,1.0030284676
396777,396787,400103,10,3316,2,36000,1.00301568154
396815,449611,450347,52796,736,2,43200,72.7336956522
396837,396847,399493,10,2646,2,36000,1.00377928949
396918,396930,399949,12,3019,2,36000,1.0039748261
396933,396945,400123,12,3178,2,36000,1.00377595972
396948,396954,399835,6,2881,2,36000,1.0020826102
396969,396980,399798,11,2818,2,36000,1.00390347764
397002,397013,399826,11,2813,2,36000,1.00391041593
397016,397029,399953,13,2924,2,36000,1.00444596443
397031,397037,400370,6,3333,2,36000,1.00180018002
397058,397067,400394,9,3327,2,36000,1.00270513977
397144,397154,399951,10,2797,2,36000,1.00357525921
397145,397160,400171,15,3011,2,36000,1.00498173364
397163,397173,400266,10,3093,2,36000,1.00323310702
397178,397184,399957,6,2773,2,36000,1.0021637216
397180,397191,400219,11,3028,2,36000,1.0036327609
397220,397229,399959,9,2730,2,36000,1.0032967033
397241,397251,399870,10,2619,2,36000,1.00381825124
397256,397262,400051,6,2789,2,36000,1.00215130871
397257,397268,400190,11,2922,2,36000,1.00376454483
397272,397281,400214,9,2933,2,36000,1.00306853051
397288,397294,400100,6,2806,2,36000,1.00213827512
397315,397324,400360,9,3036,2,36000,1.00296442688
397316,397330,400404,14,3074,2,36000,1.00455432661
397332,397338,400672,6,3334,2,36000,1.00179964007
397333,397344,400578,11,3234,2,36000,1.00340136054
397357,397369,400389,12,3020,2,36000,1.00397350993
397372,397383,400439,11,3056,2,36000,1.00359947644
397387,397394,400677,7,3283,2,36000,1.00213219616
397408,397419,400084,11,2665,2,36000,1.00412757974
397435,397447,400193,12,2746,2,36000,1.00436999272
397488,397500,400556,12,3056,2,36000,1.00392670157
397505,397517,400473,12,2956,2,36000,1.00405953992
397524,397535,400501,11,2966,2,36000,1.00370869858
397539,397547,400072,8,2525,2,36000,1.00316831683
397654,449617,468232,51963,18615,2,72000,3.79145850121
397673,397680,401469,7,3789,2,36000,1.00184745315
397674,397686,400322,12,2636,2,36000,1.00455235205
397863,397873,400674,10,2801,2,36000,1.00357015352
398090,449622,479233,51532,29611,2,72000,2.74029921313
398155,398164,401096,9,2932,2,36000,1.00306957708
398269,450239,482149,51970,31910,2,43200,2.6286430586
398532,450245,488921,51713,38676,2,43200,2.33708242838
399137,412475,418702,13338,6227,2,14400,3.14196242171
399496,399504,402370,8,2866,2,36000,1.00279134682
399565,399577,402658,12,3081,2,36000,1.00389483934
399799,399809,402946,10,3137,2,36000,1.00318775901
399826,399837,402941,11,3104,2,36000,1.00354381443
399842,399848,402356,6,2508,2,36000,1.0023923445
399872,399882,402605,10,2723,2,36000,1.00367242012
399950,399960,403093,10,3133,2,36000,1.00319182892
399952,399966,403173,14,3207,2,36000,1.00436545058
399967,399972,402730,5,2758,2,36000,1.0018129079
399968,399978,402586,10,2608,2,36000,1.00383435583
399969,399983,402961,14,2978,2,36000,1.00470114171
400044,400055,403019,11,2964,2,36000,1.00371120108
400059,400065,402909,6,2844,2,36000,1.00210970464
400069,450359,467588,50290,17229,2,43200,3.91891578153
400074,400083,402790,9,2707,2,36000,1.00332471371
400088,400095,402868,7,2773,2,36000,1.00252434187
400104,400111,402990,7,2879,2,36000,1.00243139979
400105,400117,403809,12,3692,2,36000,1.00325027086
400123,400134,402971,11,2837,2,36000,1.00387733521
400161,400168,400170,7,2,1,600,1.0
400171,400182,403110,11,2928,2,36000,1.0037568306
400189,400201,403543,12,3342,2,36000,1.00359066427
400204,400210,402967,6,2757,2,36000,1.00217627856
400219,400225,403047,6,2822,2,36000,1.00212615167
400220,400231,403191,11,2960,2,36000,1.00371621622
400268,400277,403558,9,3281,2,36000,1.00274306614
400320,400333,403126,13,2793,2,36000,1.00465449338
400362,400371,403478,9,3107,2,36000,1.00289668491
400376,400383,403253,7,2870,2,36000,1.00243902439
400391,400401,403293,10,2892,2,36000,1.00345781466
400407,400414,403449,7,3035,2,36000,1.00230642504
400409,400420,403303,11,2883,2,36000,1.00381547
400436,400443,400447,7,4,1,600,1.1
400439,400450,403059,11,2609,2,36000,1.00421617478
400472,400484,403722,12,3238,2,36000,1.00370599135
400503,400512,403456,9,2944,2,36000,1.00305706522
400557,400568,403517,11,2949,2,36000,1.00373007799
400578,400589,403519,11,2930,2,36000,1.00375426621
400674,400684,403730,10,3046,2,36000,1.00328299409
400676,400690,403577,14,2887,2,36000,1.00484932456
400691,400697,403549,6,2852,2,36000,1.00210378682
401098,401107,403803,9,2696,2,36000,1.00333827893
401473,401481,404417,8,2936,2,36000,1.00272479564
401694,450596,468959,48902,18363,2,86400,3.66307248271
401834,450793,468982,48959,18189,2,43200,3.69168178569
401976,449575,530750,47599,81175,32,86400,1.58637511549
402141,402147,402252,6,105,6,3600,1.05714285714
402358,402368,405528,10,3160,2,36000,1.00316455696
402370,411762,416752,9392,4990,1,36000,2.88216432866
402373,402381,405033,8,2652,2,36000,1.00301659125
402587,402597,405513,10,2916,2,36000,1.00342935528
402607,402616,405341,9,2725,2,36000,1.00330275229
402659,402670,405436,11,2766,2,36000,1.00397686189
402696,402703,402802,7,99,6,3600,1.07070707071
402712,402718,402721,6,3,1,600,1.0
402732,402741,405823,9,3082,2,36000,1.0029201817
402803,402809,405614,6,2805,2,36000,1.00213903743
402829,402835,402996,6,161,1,1800,1.03726708075
402869,402879,405986,10,3107,2,36000,1.00321853878
402911,402921,405902,10,2981,2,36000,1.003354579
402943,402952,405728,9,2776,2,36000,1.00324207493
402958,402964,406124,6,3160,2,36000,1.00189873418
402974,402979,406154,5,3175,2,36000,1.00157480315
402975,402985,405806,10,2821,2,36000,1.00354484225
402976,402990,406383,14,3393,2,36000,1.00412614206
402991,403001,405928,10,2927,2,36000,1.00341646737
403018,403030,405715,12,2685,2,36000,1.00446927374
403050,403058,406070,8,3012,2,36000,1.0026560425
403065,403071,405731,6,2660,2,36000,1.0022556391
403095,403106,406133,11,3027,2,36000,1.00363396102
403110,403121,406278,11,3157,2,36000,1.00348432056
403127,403137,406228,10,3091,2,36000,1.00323519896
403175,403184,405896,9,2712,2,36000,1.00331858407
403193,403202,406007,9,2805,2,36000,1.00320855615
403254,403264,406075,10,2811,2,36000,1.00355745286
403293,403304,406188,11,2884,2,36000,1.00381414702
403307,403315,406235,8,2920,2,36000,1.00273972603
403439,411842,412342,8403,500,1,14400,17.806
403450,403460,406693,10,3233,2,36000,1.00309310238
403465,403471,406316,6,2845,2,36000,1.00210896309
403481,403490,406562,9,3072,2,36000,1.0029296875
403517,403528,406836,11,3308,2,36000,1.00332527207
403532,403538,406425,6,2887,2,36000,1.00207828195
403547,403555,406347,8,2792,2,36000,1.00286532951
403562,403568,406830,6,3262,2,36000,1.00183936235
403563,403574,406507,11,2933,2,36000,1.00375042618
403578,403588,406244,10,2656,2,36000,1.00376506024
403724,403733,406427,9,2694,2,36000,1.00334075724
403739,403746,406971,7,3225,2,36000,1.00217054264
403803,403814,406884,11,3070,2,36000,1.00358306189
403817,403824,406672,7,2848,2,36000,1.00245786517
403914,445680,450585,41766,4905,2,21600,9.51498470948
404303,404309,405476,6,1167,2,1800,1.00514138817
404418,404429,407295,11,2866,2,36000,1.00383810188
405036,405044,407841,8,2797,2,36000,1.00286020737
405331,451333,460630,46002,9297,2,43200,5.94804775734
405343,405352,408195,9,2843,2,36000,1.00316567007
405436,405447,408229,11,2782,2,36000,1.00395398994
405514,405524,408223,10,2699,2,36000,1.00370507595
405529,405539,408514,10,2975,2,36000,1.00336134454
405613,405625,408419,12,2794,2,36000,1.00429491768
405716,405727,408589,11,2862,2,36000,1.00384346611
405731,405739,408889,8,3150,2,36000,1.00253968254
405732,405745,408420,13,2675,2,36000,1.00485981308
405808,405817,408934,9,3117,2,36000,1.00288739172
405823,405834,408802,11,2968,2,36000,1.00370619946
405898,405907,408765,9,2858,2,36000,1.00314905528
405912,405919,408888,7,2969,2,36000,1.00235769619
405930,405940,408699,10,2759,2,36000,1.00362450163
405987,405998,408684,11,2686,2,36000,1.00409530901
405998,445685,455829,39687,10144,2,36000,4.91236198738
406008,406018,409287,10,3269,2,36000,1.00305903946
406071,406081,409057,10,2976,2,36000,1.00336021505
406086,406092,409783,6,3691,2,36000,1.00162557572
406125,412353,414401,6228,2048,1,7200,4.041015625
406125,406135,409049,10,2914,2,36000,1.00343170899
406139,406146,408855,7,2709,2,36000,1.00258397933
406154,406166,409366,12,3200,2,36000,1.00375
406190,406200,409007,10,2807,2,36000,1.00356252227
406226,406239,409406,13,3167,2,36000,1.00410483107
406241,406247,408919,6,2672,2,36000,1.00224550898
406256,406262,409340,6,3078,2,36000,1.00194931774
406279,406290,409018,11,2728,2,36000,1.00403225806
406316,406327,409120,11,2793,2,36000,1.00393841747
406348,406359,409126,11,2767,2,36000,1.00397542465
406385,406394,409169,9,2775,2,36000,1.00324324324
406427,406437,409105,10,2668,2,36000,1.00374812594
406429,406443,409321,14,2878,2,36000,1.00486448923
406507,406518,409063,11,2545,2,36000,1.00432220039
406564,406574,409449,10,2875,2,36000,1.00347826087
406673,406684,409884,11,3200,2,36000,1.0034375
406694,406705,409657,11,2952,2,36000,1.00372628726
406830,406841,410039,11,3198,2,36000,1.00343964978
406844,406851,409532,7,2681,2,36000,1.00261096606
406883,406895,409738,12,2843,2,36000,1.00422089342
406971,406982,409772,11,2790,2,36000,1.00394265233
407239,445691,450229,38452,4538,2,28800,9.47333627149
407298,407307,410252,9,2945,2,36000,1.00305602716
407333,417419,433328,10086,15909,1,43200,1.6339807656
407843,407852,410666,9,2814,2,36000,1.00319829424
408102,427007,428419,18905,1412,64,21600,14.3888101983
408195,408207,410892,12,2685,2,36000,1.00446927374
408225,408234,411475,9,3241,2,36000,1.0027769207
408240,408246,411039,6,2793,2,36000,1.00214822771
408420,408430,411336,10,2906,2,36000,1.00344115623
408422,408436,411744,14,3308,2,36000,1.00423216445
408515,408525,411266,10,2741,2,36000,1.00364830354
408590,408601,411641,11,3040,2,36000,1.00361842105
408684,408696,411377,12,2681,2,36000,1.00447594181
408699,408710,411834,11,3124,2,36000,1.00352112676
408765,408776,411660,11,2884,2,36000,1.00381414702
408804,408813,411430,9,2617,2,36000,1.00343905235
408855,408866,412120,11,3254,2,36000,1.00338045482
408888,408899,412038,11,3139,2,36000,1.00350430073
408903,408910,411664,7,2754,2,36000,1.00254175744
408918,408930,411994,12,3064,2,36000,1.00391644909
408936,408945,411546,9,2601,2,36000,1.00346020761
409008,409018,412065,10,3047,2,36000,1.00328191664
409023,409029,412425,6,3396,2,36000,1.00176678445
409050,409060,412410,10,3350,2,36000,1.00298507463
409065,409071,412067,6,2996,2,36000,1.00200267023
409066,409077,411902,11,2825,2,36000,1.00389380531
409105,409116,412432,11,3316,2,36000,1.0033172497
409119,409131,412156,12,3025,2,36000,1.00396694215
409134,409140,411825,6,2685,2,36000,1.00223463687
409170,409180,411876,10,2696,2,36000,1.00370919881
409287,409298,412195,11,2897,2,36000,1.00379703141
409323,409332,412110,9,2778,2,36000,1.00323974082
409341,409352,411845,11,2493,2,36000,1.00441235459
409368,409378,412252,10,2874,2,36000,1.00347947112
409408,409417,412163,9,2746,2,36000,1.00327749454
409451,409461,412492,10,3031,2,36000,1.00329924117
409535,409543,412845,8,3302,2,36000,1.00242277408
409659,409668,412815,9,3147,2,36000,1.00285986654
409740,409749,412600,9,2851,2,36000,1.00315678709
409773,409783,412256,10,2473,2,36000,1.00404367165
409787,409794,412503,7,2709,2,36000,1.00258397933
409884,409895,412902,11,3007,2,36000,1.00365813103
410041,410050,413028,9,2978,2,36000,1.00302216253
410251,410263,413023,12,2760,2,36000,1.00434782609
410667,410678,413435,11,2757,2,36000,1.00398984403
410892,410903,413586,11,2683,2,36000,1.00409988818
411041,411050,414067,9,3017,2,36000,1.00298309579
411266,411278,414394,12,3116,2,36000,1.00385109114
411335,411347,414597,12,3250,2,36000,1.00369230769
411377,411388,414166,11,2778,2,36000,1.00395968323
411431,411441,414747,10,3306,2,36000,1.00302480339
411476,411486,414281,10,2795,2,36000,1.00357781753
411548,411558,414413,10,2855,2,36000,1.00350262697
411641,411652,414581,11,2929,2,36000,1.00375554797
411659,411671,414883,12,3212,2,36000,1.00373599004
411674,411680,414407,6,2727,2,36000,1.00220022002
411746,411755,414595,9,2840,2,36000,1.00316901408
411827,411836,414820,9,2984,2,36000,1.00301608579
411842,411848,414681,6,2833,2,36000,1.00211789622
411857,411863,414808,6,2945,2,36000,1.00203735144
411877,411887,415186,10,3299,2,36000,1.00303122158
411904,411913,415243,9,3330,2,36000,1.0027027027
411994,412005,414866,11,2861,2,36000,1.00384480951
412039,412049,414891,10,2842,2,36000,1.00351864884
412066,412076,415019,10,2943,2,36000,1.00339789331
412068,412082,414828,14,2746,2,36000,1.00509832484
412111,412121,415057,10,2936,2,36000,1.00340599455
412126,412132,415198,6,3066,2,36000,1.00195694716
412156,412167,414941,11,2774,2,36000,1.00396539293
412171,412177,415191,6,3014,2,36000,1.00199071002
412195,412206,414908,11,2702,2,36000,1.00407105848
412252,412264,415224,12,2960,2,36000,1.00405405405
412267,412273,414922,6,2649,2,36000,1.00226500566
412411,412421,415694,10,3273,2,36000,1.00305530095
412426,412436,415643,10,3207,2,36000,1.00311817898
412441,412447,415362,6,2915,2,36000,1.00205831904
412495,412504,415327,9,2823,2,36000,1.00318809777
412510,412516,415173,6,2657,2,36000,1.00225818592
412602,412611,415583,9,2972,2,36000,1.0030282638
412816,412826,415863,10,3037,2,36000,1.00329272308
412846,412856,415576,10,2720,2,36000,1.00367647059
412903,412913,415510,10,2597,2,36000,1.00385059684
413024,413034,415769,10,2735,2,36000,1.00365630713
413038,413044,416401,6,3357,2,36000,1.0017873101
413436,413446,416724,10,3278,2,36000,1.00305064063
413587,413597,416256,10,2659,2,36000,1.00376081234
414068,414078,416870,10,2792,2,36000,1.00358166189
414168,414177,417009,9,2832,2,36000,1.0031779661
414282,414292,416827,10,2535,2,36000,1.00394477318
414394,414405,417173,11,2768,2,36000,1.00397398844
414409,414418,417592,9,3174,2,36000,1.00283553875
414424,414430,417418,6,2988,2,36000,1.00200803213
414583,414593,417206,10,2613,2,36000,1.00382701875
414598,414606,417401,8,2795,2,36000,1.00286225403
414600,414612,417965,12,3353,2,36000,1.00357888458
414681,414692,417407,11,2715,2,36000,1.00405156538
414747,414758,417812,11,3054,2,36000,1.00360183366
414811,414820,417744,9,2924,2,36000,1.00307797538
414826,414832,417879,6,3047,2,36000,1.00196914998
414841,414847,418041,6,3194,2,36000,1.00187852223
414865,414877,417864,12,2987,2,36000,1.00401740877
414883,414894,418439,11,3545,2,36000,1.00310296192
414898,414904,417623,6,2719,2,36000,1.00220669364
414913,414919,418300,6,3381,2,36000,1.00177462289
414928,414934,417730,6,2796,2,36000,1.00214592275
414943,414952,417667,9,2715,2,36000,1.00331491713
414950,438576,469212,23626,30636,6,30600,1.77118422771
414990,438571,445669,23581,7098,18,21600,4.32220343759
415019,415030,417603,11,2573,2,36000,1.00427516518
415058,415068,418439,10,3371,2,36000,1.00296647879
415174,415185,418310,11,3125,2,36000,1.00352
415189,415198,417991,9,2793,2,36000,1.00322234157
415204,415211,417957,7,2746,2,36000,1.00254916242
415206,415217,418196,11,2979,2,36000,1.00369251427
415224,415235,418077,11,2842,2,36000,1.00387051372
415245,415255,418193,10,2938,2,36000,1.00340367597
415327,415338,417966,11,2628,2,36000,1.00418569254
415363,415374,418245,11,2871,2,36000,1.00383141762
415512,415522,418121,10,2599,2,36000,1.00384763371
415576,415587,418651,11,3064,2,36000,1.00359007833
415591,415597,418630,6,3033,2,36000,1.00197823937
415646,415655,419051,9,3396,2,36000,1.00265017668
415698,415705,418526,7,2821,2,36000,1.00248138958
415702,427012,448772,11310,21760,64,57600,1.51976102941
415741,428431,449562,12690,21131,64,57600,1.60053949174
415744,448784,470283,33040,21499,64,57600,2.53681566584
415771,415780,418502,9,2722,2,36000,1.00330639236
415865,415874,418417,9,2543,2,36000,1.00353912702
416259,416268,419384,9,3116,2,36000,1.00288831836
416400,416412,419783,12,3371,2,36000,1.00355977455
416725,416735,419898,10,3163,2,36000,1.00316155549
416828,416838,420077,10,3239,2,36000,1.00308737265
416870,416881,419814,11,2933,2,36000,1.00375042618
417010,417021,419878,11,2857,2,36000,1.00385019251
417176,417184,419732,8,2548,2,36000,1.00313971743
417209,417218,419990,9,2772,2,36000,1.00324675325
417403,417412,420904,9,3492,2,36000,1.00257731959
417418,417425,420991,7,3566,2,36000,1.00196298374
417420,417431,420442,11,3011,2,36000,1.00365327134
417594,417603,420375,9,2772,2,36000,1.00324675325
417610,417616,420228,6,2612,2,36000,1.00229709035
417625,417634,420942,9,3308,2,36000,1.00272067715
417667,417678,420908,11,3230,2,36000,1.00340557276
417731,417741,420511,10,2770,2,36000,1.0036101083
417745,417755,420424,10,2669,2,36000,1.00374672162
417812,417823,420430,11,2607,2,36000,1.00421940928
417863,417875,420634,12,2759,2,36000,1.00434940196
417881,417890,420333,9,2443,2,36000,1.00368399509
417957,417968,420630,11,2662,2,36000,1.0041322314
417973,417978,421975,5,3997,2,36000,1.0012509382
417974,417984,420678,10,2694,2,36000,1.00371195249
417992,418002,420653,10,2651,2,36000,1.00377216145
418043,418052,420807,9,2755,2,36000,1.00326678766
418079,418088,420985,9,2897,2,36000,1.00310666206
418122,418132,420613,10,2481,2,36000,1.00403063281
418194,418204,421110,10,2906,2,36000,1.00344115623
418196,418210,420934,14,2724,2,36000,1.00513950073
418247,418256,420849,9,2593,2,36000,1.00347088315
418302,418311,421417,9,3106,2,36000,1.00289761751
418317,418323,420892,6,2569,2,36000,1.00233553912
418420,418429,421017,9,2588,2,36000,1.00347758887
418441,418451,421318,10,2867,2,36000,1.00348796652
418442,418456,421448,14,2992,2,36000,1.00467914439
418506,418514,421583,8,3069,2,36000,1.00260671228
418527,418537,421397,10,2860,2,36000,1.0034965035
418632,418642,421647,10,3005,2,36000,1.00332778702
418654,418662,422181,8,3519,2,36000,1.00227337312
418879,449596,501143,30717,51547,18,86400,1.59590276835
419051,419062,421939,11,2877,2,36000,1.00382342718
419362,419368,419369,6,1,2,3540,1.0
419386,419395,422334,9,2939,2,36000,1.00306226608
419735,419744,422649,9,2905,2,36000,1.00309810671
419786,419795,422621,9,2826,2,36000,1.00318471338
419816,419825,422516,9,2691,2,36000,1.00334448161
419879,419889,423068,10,3179,2,36000,1.00314564328
419900,419909,422948,9,3039,2,36000,1.00296150049
419991,420001,423063,10,3062,2,36000,1.00326583932
420078,420088,423104,10,3016,2,36000,1.00331564987
420229,420239,423467,10,3228,2,36000,1.00309789343
420334,420344,423285,10,2941,2,36000,1.00340020401
420378,420386,423077,8,2691,2,36000,1.00297287254
420426,420435,423362,9,2927,2,36000,1.00307482064
420443,420449,422936,6,2487,2,36000,1.00241254524
420444,420455,423251,11,2796,2,36000,1.0039341917
420516,420522,423438,6,2916,2,36000,1.00205761317
420617,420624,423646,7,3022,2,36000,1.00231634679
420632,420642,423856,10,3214,2,36000,1.00311138768
420647,420653,423760,6,3107,2,36000,1.00193112327
420662,420668,423794,6,3126,2,36000,1.0019193858
420680,420690,423316,10,2626,2,36000,1.00380807312
420810,420819,423915,9,3096,2,36000,1.00290697674
420849,420860,424221,11,3361,2,36000,1.00327283547
420894,420903,423761,9,2858,2,36000,1.00314905528
420910,420916,423437,6,2521,2,36000,1.00238000793
420911,420922,423651,11,2729,2,36000,1.00403078051
420935,420945,423653,10,2708,2,36000,1.00369276219
420950,420956,423559,6,2603,2,36000,1.00230503265
420986,420996,424288,10,3292,2,36000,1.00303766707
421001,421007,424075,6,3068,2,36000,1.00195567145
421019,421028,423818,9,2790,2,36000,1.00322580645
421110,421121,423861,11,2740,2,36000,1.00401459854
421318,421329,424241,11,2912,2,36000,1.00377747253
421396,421408,424657,12,3249,2,36000,1.00369344414
421417,421428,424147,11,2719,2,36000,1.004045605
421447,421459,424287,12,2828,2,36000,1.00424328147
421583,421594,424452,11,2858,2,36000,1.00384884535
421649,421659,424372,10,2713,2,36000,1.00368595651
421938,421950,424765,12,2815,2,36000,1.00426287744
421975,421986,424919,11,2933,2,36000,1.00375042618
422178,422192,425329,14,3137,2,36000,1.00446286261
422335,422346,425008,11,2662,2,36000,1.0041322314
422512,422527,425106,15,2579,2,36000,1.00581620783
422621,422632,425405,11,2773,2,36000,1.00396682294
422648,422660,425420,12,2760,2,36000,1.00434782609
422939,422947,425524,8,2577,2,36000,1.00310438494
422954,422959,425997,5,3038,2,36000,1.00164581962
423065,423074,426168,9,3094,2,36000,1.00290885585
423066,423080,425916,14,2836,2,36000,1.00493653032
423082,423088,426026,6,2938,2,36000,1.00204220558
423103,423115,426182,12,3067,2,36000,1.00391261819
423235,433339,439993,10104,6654,1,21300,2.51848512173
423248,437911,451151,14663,13240,1,21300,2.10747734139
423251,423262,426217,11,2955,2,36000,1.00372250423
423253,438597,451836,15344,13239,1,21300,2.15899992447
423257,440005,446946,16748,6941,1,21300,3.41290880277
423264,445701,452772,22437,7071,1,21300,4.17310140008
423284,423296,426315,12,3019,2,36000,1.0039748261
423318,423327,426538,9,3211,2,36000,1.00280286515
423363,423373,426398,10,3025,2,36000,1.00330578512
423439,423448,426207,9,2759,2,36000,1.00326205147
423441,423454,426400,13,2946,2,36000,1.00441276307
423468,423479,426061,11,2582,2,36000,1.00426026336
423558,423570,426739,12,3169,2,36000,1.0037866835
423649,423658,426343,9,2685,2,36000,1.00335195531
423664,423670,426158,6,2488,2,36000,1.00241157556
423665,423676,426858,11,3182,2,36000,1.00345694532
423759,423771,426961,12,3190,2,36000,1.00376175549
423760,423777,426803,17,3026,2,36000,1.00561797753
423794,423805,426771,11,2966,2,36000,1.00370869858
423818,423829,426517,11,2688,2,36000,1.0040922619
423857,423867,426930,10,3063,2,36000,1.0032647731
423872,423878,426880,6,3002,2,36000,1.00199866755
423915,423926,427428,11,3502,2,36000,1.00314106225
424078,424087,426920,9,2833,2,36000,1.00317684433
424150,424159,426962,9,2803,2,36000,1.00321084552
424222,424232,426865,10,2633,2,36000,1.00379794911
424240,424252,427313,12,3061,2,36000,1.00392028749
424289,424299,427117,10,2818,2,36000,1.00354861604
424290,424304,427554,14,3250,2,36000,1.00430769231
424372,424383,427773,11,3390,2,36000,1.00324483776
424450,424463,427796,13,3333,2,36000,1.00390039004
424658,424669,427822,11,3153,2,36000,1.00348874088
424767,424776,427756,9,2980,2,36000,1.00302013423
424921,424930,427667,9,2737,2,36000,1.00328827183
425008,425019,428454,11,3435,2,36000,1.00320232897
425108,425117,428069,9,2952,2,36000,1.00304878049
425332,425341,428520,9,3179,2,36000,1.00283107896
425404,425416,428245,12,2829,2,36000,1.00424178155
425422,425432,428400,10,2968,2,36000,1.00336927224
425524,425536,429160,12,3624,2,36000,1.00331125828
425916,425927,428436,11,2509,2,36000,1.00438421682
425997,426008,428941,11,2933,2,36000,1.00375042618
426028,426037,428820,9,2783,2,36000,1.00323392023
426064,426072,428496,8,2424,2,36000,1.00330033003
426158,426170,429002,12,2832,2,36000,1.00423728814
426173,426179,431249,6,5070,2,36000,1.00118343195
426188,426194,428924,6,2730,2,36000,1.0021978022
426207,426218,429100,11,2882,2,36000,1.00381679389
426222,426228,429292,6,3064,2,36000,1.00195822454
426315,426326,429408,11,3082,2,36000,1.00356911097
426346,426354,429386,8,3032,2,36000,1.00263852243
426398,426409,431955,11,5546,2,36000,1.00198341147
426399,426415,429367,16,2952,2,36000,1.0054200542
426518,426529,429668,11,3139,2,36000,1.00350430073
426539,426550,429572,11,3022,2,36000,1.00363997353
426738,426751,429672,13,2921,2,36000,1.00445053064
426771,426782,429507,11,2725,2,36000,1.00403669725
426804,426815,430066,11,3251,2,36000,1.00338357428
426859,426869,429923,10,3054,2,36000,1.00327439424
426874,426880,429533,6,2653,2,36000,1.00226159065
426889,426895,429528,6,2633,2,36000,1.00227876946
426922,426931,429797,9,2866,2,36000,1.00314026518
426937,426943,429749,6,2806,2,36000,1.00213827512
426958,426972,430148,14,3176,2,36000,1.00440806045
426973,426979,429968,6,2989,2,36000,1.00200736032
427116,427129,429976,13,2847,2,36000,1.00456621005
427315,427324,430209,9,2885,2,36000,1.00311958406
427430,427439,430358,9,2919,2,36000,1.00308324769
427554,427565,430280,11,2715,2,36000,1.00405156538
427668,427678,430641,10,2963,2,36000,1.00337495781
427756,427768,430421,12,2653,2,36000,1.0045231813
427774,427784,430744,10,2960,2,36000,1.00337837838
427798,427807,430387,9,2580,2,36000,1.00348837209
427823,427834,431536,11,3702,2,36000,1.00297136683
428070,428080,431280,10,3200,2,36000,1.003125
428244,428256,431347,12,3091,2,36000,1.00388223876
428404,428411,431582,7,3171,2,36000,1.00220750552
428437,428447,431321,10,2874,2,36000,1.00347947112
428455,428466,432199,11,3733,2,36000,1.00294669167
428498,428508,431717,10,3209,2,36000,1.00311623559
428519,428532,431724,13,3192,2,36000,1.0040726817
428821,428831,431641,10,2810,2,36000,1.00355871886
428928,428935,432076,7,3141,2,36000,1.00222858962
428943,428953,432280,10,3327,2,36000,1.00300571085
429005,429013,431614,8,2601,2,36000,1.0030757401
429101,429111,432267,10,3156,2,36000,1.00316856781
429161,429171,432032,10,2861,2,36000,1.00349528137
429294,429303,432374,9,3071,2,36000,1.00293064148
429366,429378,432153,12,2775,2,36000,1.00432432432
429388,429397,432282,9,2885,2,36000,1.00311958406
429409,429419,432262,10,2843,2,36000,1.00351741119
429508,429518,432515,10,2997,2,36000,1.00333667
429529,429539,432355,10,2816,2,36000,1.00355113636
429544,429550,432606,6,3056,2,36000,1.00196335079
429574,429584,432744,10,3160,2,36000,1.00316455696
429668,429680,432910,12,3230,2,36000,1.00371517028
429683,429689,433101,6,3412,2,36000,1.00175849941
429749,429760,432649,11,2889,2,36000,1.00380754586
429798,429808,432617,10,2809,2,36000,1.00355998576
429925,429934,433237,9,3303,2,36000,1.00272479564
429973,429979,432897,6,2918,2,36000,1.00205620288
429988,429994,432732,6,2738,2,36000,1.00219138057
430067,430077,433076,10,2999,2,36000,1.00333444481
430146,430159,433475,13,3316,2,36000,1.00392038601
430209,430220,432994,11,2774,2,36000,1.00396539293
430282,430291,433245,9,2954,2,36000,1.00304671632
430360,430370,433224,10,2854,2,36000,1.00350385424
430387,430398,433319,11,2921,2,36000,1.00376583362
430421,430432,433397,11,2965,2,36000,1.00370994941
430642,430652,433695,10,3043,2,36000,1.00328623069
430744,430755,433648,11,2893,2,36000,1.00380228137
431251,431260,433975,9,2715,2,36000,1.00331491713
431279,431291,434630,12,3339,2,36000,1.00359389039
431321,431332,434238,11,2906,2,36000,1.00378527185
431348,431359,434181,11,2822,2,36000,1.00389794472
431538,431547,434304,9,2757,2,36000,1.00326441785
431583,431593,434603,10,3010,2,36000,1.00332225914
431613,431625,434650,12,3025,2,36000,1.00396694215
431643,431653,434343,10,2690,2,36000,1.00371747212
431719,431728,434759,9,3031,2,36000,1.00296931706
431734,431740,434568,6,2828,2,36000,1.00212164074
431954,431966,435244,12,3278,2,36000,1.00366076876
432033,432044,434719,11,2675,2,36000,1.00411214953
432078,432088,434746,10,2658,2,36000,1.00376222724
432153,432165,434989,12,2824,2,36000,1.00424929178
432199,432210,435254,11,3044,2,36000,1.00361366623
432262,432273,435385,11,3112,2,36000,1.00353470437
432277,432283,435048,6,2765,2,36000,1.00216998192
432292,432298,435199,6,2901,2,36000,1.00206825233
432293,432304,435377,11,3073,2,36000,1.00357956394
432356,432366,435092,10,2726,2,36000,1.00366837858
432374,432385,435019,11,2634,2,36000,1.00417615793
432516,432526,435335,10,2809,2,36000,1.00355998576
432606,432617,435360,11,2743,2,36000,1.0040102078
432624,432630,435614,6,2984,2,36000,1.00201072386
432651,432660,436218,9,3558,2,36000,1.00252951096
432732,432744,435495,12,2751,2,36000,1.00436205016
432747,432755,435582,8,2827,2,36000,1.00282985497
432898,432908,436005,10,3097,2,36000,1.00322893122
432913,432922,436021,9,3099,2,36000,1.00290416263
432994,433005,435928,11,2923,2,36000,1.00376325693
433076,433087,436193,11,3106,2,36000,1.00354153252
433103,433113,436102,10,2989,2,36000,1.00334560054
433226,433236,436467,10,3231,2,36000,1.00309501702
433241,433249,436144,8,2895,2,36000,1.00276338515
433256,433262,436050,6,2788,2,36000,1.00215208034
433321,433330,436124,9,2794,2,36000,1.00322118826
433399,433408,436760,9,3352,2,36000,1.0026849642
433475,433486,436341,11,2855,2,36000,1.00385288967
433647,433659,436550,12,2891,2,36000,1.00415081287
433695,433707,437235,12,3528,2,36000,1.00340136054
433976,433986,436937,10,2951,2,36000,1.0033886818
434183,434192,437134,9,2942,2,36000,1.00305914344
434238,434250,437082,12,2832,2,36000,1.00423728814
434305,434315,437004,10,2689,2,36000,1.00371885459
434344,434354,437488,10,3134,2,36000,1.00319081047
434567,434579,438252,12,3673,2,36000,1.00326708413
434606,434614,437550,8,2936,2,36000,1.00272479564
434634,434642,437198,8,2556,2,36000,1.00312989045
434652,434661,437476,9,2815,2,36000,1.00319715808
434721,434730,437719,9,2989,2,36000,1.00301104048
434745,434757,437390,12,2633,2,36000,1.00455753893
434761,434770,437987,9,3217,2,36000,1.00279763755
434990,435000,437971,10,2971,2,36000,1.00336587008
435020,435031,437860,11,2829,2,36000,1.00388829975
435051,435059,437835,8,2776,2,36000,1.00288184438
435093,435104,437905,11,2801,2,36000,1.00392716887
435198,435210,437967,12,2757,2,36000,1.00435255713
435245,435255,438552,10,3297,2,36000,1.00303306036
435260,435266,437848,6,2582,2,36000,1.00232378002
435337,435346,437672,9,2326,2,36000,1.00386930353
435361,435371,438514,10,3143,2,36000,1.00318167356
435376,435388,438363,12,2975,2,36000,1.00403361345
435391,435397,438421,6,3024,2,36000,1.00198412698
435496,435506,438058,10,2552,2,36000,1.0039184953
435584,435593,438417,9,2824,2,36000,1.00318696884
435614,435625,438784,11,3159,2,36000,1.00348211459
435928,435939,439078,11,3139,2,36000,1.00350430073
436008,436016,439168,8,3152,2,36000,1.00253807107
436023,436032,438895,9,2863,2,36000,1.00314355571
436050,436061,439460,11,3399,2,36000,1.00323624595
436102,436114,439091,12,2977,2,36000,1.00403090359
436126,436135,439376,9,3241,2,36000,1.0027769207
436144,436155,438930,11,2775,2,36000,1.00396396396
436197,436205,439324,8,3119,2,36000,1.00256492466
436218,436229,438738,11,2509,2,36000,1.00438421682
436342,436352,439637,10,3285,2,36000,1.00304414003
436469,436478,439537,9,3059,2,36000,1.00294213795
436550,436562,440025,12,3463,2,36000,1.00346520358
436762,436771,439809,9,3038,2,36000,1.00296247531
436937,436948,439894,11,2946,2,36000,1.00373387644
437006,437015,439971,9,2956,2,36000,1.00304465494
437082,437093,440008,11,2915,2,36000,1.00377358491
437136,437146,440572,10,3426,2,36000,1.00291885581
437196,437209,440174,13,2965,2,36000,1.00438448567
437236,437247,440119,11,2872,2,36000,1.00383008357
437392,437401,440263,9,2862,2,36000,1.00314465409
437477,437487,440546,10,3059,2,36000,1.00326904217
437492,437500,440197,8,2697,2,36000,1.00296625881
437550,437561,440557,11,2996,2,36000,1.00367156208
437674,437684,440778,10,3094,2,36000,1.00323206206
437720,437730,440533,10,2803,2,36000,1.00356760614
437837,437846,440560,9,2714,2,36000,1.00331613854
437852,437858,440846,6,2988,2,36000,1.00200803213
437867,437873,440851,6,2978,2,36000,1.00201477502
437906,437917,440512,11,2595,2,36000,1.004238921
437969,437978,441099,9,3121,2,36000,1.00288369112
437970,437984,440671,14,2687,2,36000,1.00521027168
437989,437998,440956,9,2958,2,36000,1.00304259635
438061,438070,441080,9,3010,2,36000,1.00299003322
438254,438263,441624,9,3361,2,36000,1.00267777447
438363,438374,441287,11,2913,2,36000,1.00377617576
438417,438429,441295,12,2866,2,36000,1.00418702024
438432,438438,441107,6,2669,2,36000,1.00224803297
438516,438525,442063,9,3538,2,36000,1.00254381006
438552,438563,441741,11,3178,2,36000,1.00346129641
438739,438749,442079,10,3330,2,36000,1.003003003
438785,438795,441689,10,2894,2,36000,1.00345542502
438896,438906,442005,10,3099,2,36000,1.00322684737
438930,438941,441762,11,2821,2,36000,1.00389932648
439081,439089,441610,8,2521,2,36000,1.00317334391
439096,439102,441652,6,2550,2,36000,1.00235294118
439168,439180,442538,12,3358,2,36000,1.00357355569
439325,439335,442062,10,2727,2,36000,1.00366703337
439377,439387,441994,10,2607,2,36000,1.00383582662
439462,439471,442566,9,3095,2,36000,1.00290791599
439537,439548,442757,11,3209,2,36000,1.00342785915
439639,439648,443341,9,3693,2,36000,1.00243704305
439808,439820,442451,12,2631,2,36000,1.00456100342
439896,439906,443206,10,3300,2,36000,1.00303030303
439973,439982,443052,9,3070,2,36000,1.00293159609
440009,440020,442817,11,2797,2,36000,1.00393278513
440027,440036,442839,9,2803,2,36000,1.00321084552
440122,440130,442773,8,2643,2,36000,1.00302686341
440179,440185,442834,6,2649,2,36000,1.00226500566
440198,440208,443230,10,3022,2,36000,1.00330906684
440264,440274,443409,10,3135,2,36000,1.00318979266
440517,440523,443324,6,2801,2,36000,1.00214209211
440532,440544,443362,12,2818,2,36000,1.00425833925
440547,440558,443580,11,3022,2,36000,1.00363997353
440565,440571,443668,6,3097,2,36000,1.00193735873
440566,440577,443474,11,2897,2,36000,1.00379703141
440581,440587,443237,6,2650,2,36000,1.00226415094
440672,440682,443766,10,3084,2,36000,1.00324254215
440782,440790,443632,8,2842,2,36000,1.00281491907
440847,440857,443359,10,2502,2,36000,1.00399680256
440862,440868,443415,6,2547,2,36000,1.0023557126
440956,440967,443683,11,2716,2,36000,1.00405007364
441081,441092,443972,11,2880,2,36000,1.00381944444
441102,441110,443914,8,2804,2,36000,1.00285306705
441118,441124,443840,6,2716,2,36000,1.00220913108
441291,441299,444386,8,3087,2,36000,1.0025915128
441308,441314,444221,6,2907,2,36000,1.00206398349
441398,445706,445876,4308,170,1,3600,26.3411764706
441610,441621,444468,11,2847,2,36000,1.00386371619
441626,441636,444678,10,3042,2,36000,1.00328731098
441654,441663,444310,9,2647,2,36000,1.00340007556
441693,441700,444534,7,2834,2,36000,1.00247000706
441742,441753,444761,11,3008,2,36000,1.00365691489
441765,441774,444777,9,3003,2,36000,1.002997003
441998,442005,445045,7,3040,2,36000,1.00230263158
442014,442020,444933,6,2913,2,36000,1.00205973223
442066,442073,444927,7,2854,2,36000,1.00245269797
442068,442079,445065,11,2986,2,36000,1.003683858
442094,442100,445153,6,3053,2,36000,1.00196528005
442454,442463,445767,9,3304,2,36000,1.00272397094
442542,442549,445391,7,2842,2,36000,1.00246305419
442567,442578,445778,11,3200,2,36000,1.0034375
442757,442768,445777,11,3009,2,36000,1.00365569957
442778,442784,446368,6,3584,2,36000,1.00167410714
442819,442829,445928,10,3099,2,36000,1.00322684737
442834,442845,445789,11,2944,2,36000,1.00373641304
442849,442855,445967,6,3112,2,36000,1.00192802057
443052,443063,445697,11,2634,2,36000,1.00417615793
443208,443217,446573,9,3356,2,36000,1.002681764
443233,443241,446295,8,3054,2,36000,1.00261951539
443247,443254,446370,7,3116,2,36000,1.00224646983
443323,443335,446354,12,3019,2,36000,1.0039748261
443344,443352,446391,8,3039,2,36000,1.00263244488
443363,443370,446185,7,2815,2,36000,1.00248667851
443364,443376,446517,12,3141,2,36000,1.00382043935
443414,443420,446452,6,3032,2,36000,1.00197889182
443431,443437,446763,6,3326,2,36000,1.00180396873
443476,443486,446048,10,2562,2,36000,1.00390320062
443582,443591,446555,9,2964,2,36000,1.00303643725
443633,443643,446520,10,2877,2,36000,1.00347584289
443672,443680,446568,8,2888,2,36000,1.0027700831
443687,443694,446576,7,2882,2,36000,1.00242886884
443768,443777,446544,9,2767,2,36000,1.00325262017
443844,443851,446901,7,3050,2,36000,1.00229508197
443918,443926,447135,8,3209,2,36000,1.00249298847
443972,443983,446649,11,2666,2,36000,1.00412603151
444220,444232,447140,12,2908,2,36000,1.00412654746
444312,444322,447187,10,2865,2,36000,1.0034904014
444389,444398,447392,9,2994,2,36000,1.00300601202
444467,444479,447296,12,2817,2,36000,1.00425985091
444515,451523,537932,7008,86409,2,86400,1.08110266292
444539,444546,447177,7,2631,2,36000,1.00266058533
444678,444689,447596,11,2907,2,36000,1.00378396973
444763,444772,447329,9,2557,2,36000,1.00351974971
444778,444788,447634,10,2846,2,36000,1.00351370344
444929,444938,447803,9,2865,2,36000,1.00314136126
444944,444950,448101,6,3151,2,36000,1.00190415741
444945,445711,445886,766,175,1,3600,5.37714285714
445046,445056,447929,10,2873,2,36000,1.00348068221
445067,445077,448028,10,2951,2,36000,1.0033886818
445154,445165,448308,11,3143,2,36000,1.00349984092
445392,445403,448074,11,2671,2,36000,1.00411830775
445697,445717,448401,20,2684,2,36000,1.00745156483
445770,445776,448701,6,2925,2,36000,1.00205128205
445785,445792,449153,7,3361,2,36000,1.00208271348
445787,445798,448910,11,3112,2,36000,1.00353470437
445802,445808,448713,6,2905,2,36000,1.00206540448
445929,445935,449145,6,3210,2,36000,1.00186915888
445970,445977,449215,7,3238,2,36000,1.00216182829
446048,446948,447423,900,475,1,3600,2.89473684211
446049,446055,448949,6,2894,2,36000,1.00207325501
446060,446953,447411,893,458,1,3600,2.94978165939
446185,446191,448850,6,2659,2,36000,1.0022564874
446297,446303,449114,6,2811,2,36000,1.00213447172
446355,446361,449237,6,2876,2,36000,1.00208623088
446370,446376,449262,6,2886,2,36000,1.00207900208
446371,446382,449679,11,3297,2,36000,1.00333636639
446392,446398,449699,6,3301,2,36000,1.00181763102
446452,446458,449483,6,3025,2,36000,1.00198347107
446519,446525,449519,6,2994,2,36000,1.00200400802
446520,446531,449708,11,3177,2,36000,1.0034623859
446545,446551,449382,6,2831,2,36000,1.00211939244
446560,446566,449715,6,3149,2,36000,1.00190536678
446576,446582,449516,6,2934,2,36000,1.00204498978
446577,446588,449560,11,2972,2,36000,1.00370121131
446579,446594,449457,15,2863,2,36000,1.00523925952
446648,446654,449633,6,2979,2,36000,1.00201409869
446766,446772,449827,6,3055,2,36000,1.00196399345
446901,446908,449650,7,2742,2,36000,1.00255288111
447137,447143,449982,6,2839,2,36000,1.00211342022
447152,447158,450223,6,3065,2,36000,1.00195758564
447180,447186,450362,6,3176,2,36000,1.00188916877
447194,447201,450036,7,2835,2,36000,1.0024691358
447297,447303,450155,6,2852,2,36000,1.00210378682
447330,447336,450751,6,3415,2,36000,1.00175695461
447395,447401,450228,6,2827,2,36000,1.00212239123
447598,447604,450779,6,3175,2,36000,1.00188976378
447634,447640,450578,6,2938,2,36000,1.00204220558
447744,447750,448505,6,755,1,3600,1.00794701987
447745,448413,449272,668,859,1,3600,1.77764842841
447803,447810,450704,7,2894,2,36000,1.00241879751
447931,447937,450753,6,2816,2,36000,1.00213068182
448027,448034,451137,7,3103,2,36000,1.00225588141
448076,448082,450638,6,2556,2,36000,1.00234741784
448103,448109,451002,6,2893,2,36000,1.00207397166
448308,448314,451444,6,3130,2,36000,1.00191693291
448401,448407,451594,6,3187,2,36000,1.00188264826
448589,448595,448710,6,115,1,1800,1.05217391304
448701,448707,451623,6,2916,2,36000,1.00205761317
448717,448723,451467,6,2744,2,36000,1.00218658892
448850,448856,452206,6,3350,2,36000,1.00179104478
448911,448918,451575,7,2657,2,36000,1.00263455024
448951,448957,451784,6,2827,2,36000,1.00212239123
449014,449020,449129,6,109,1,1800,1.05504587156
449114,449120,452083,6,2963,2,36000,1.00202497469
449146,449152,452241,6,3089,2,36000,1.00194237617
449161,449167,452132,6,2965,2,36000,1.00202360877
449216,449222,451943,6,2721,2,36000,1.00220507166
449238,449246,452411,8,3165,2,36000,1.00252764613
449259,449265,452062,6,2797,2,36000,1.00214515552
449383,449389,452264,6,2875,2,36000,1.00208695652
449460,449466,452747,6,3281,2,36000,1.00182871076
449484,449490,452128,6,2638,2,36000,1.00227445034
449518,449524,452364,6,2840,2,36000,1.00211267606
449519,449530,452603,11,3073,2,36000,1.00357956394
449563,449569,452998,6,3429,2,36000,1.00174978128
449633,449639,452790,6,3151,2,36000,1.00190415741
449651,449657,452345,6,2688,2,36000,1.00223214286
449679,449685,452921,6,3236,2,36000,1.00185414091
449702,449708,452748,6,3040,2,36000,1.00197368421
449718,449724,452457,6,2733,2,36000,1.00219538968
449719,449730,452589,11,2859,2,36000,1.00384749913
449763,449769,450273,6,504,1,1800,1.0119047619
449770,450283,450398,513,115,1,3600,5.46086956522
449828,449834,452904,6,3070,2,36000,1.00195439739
449982,449988,452850,6,2862,2,36000,1.00209643606
450033,450040,452538,7,2498,2,36000,1.00280224179
450156,450162,452833,6,2671,2,36000,1.00224634968
450223,450228,452940,5,2712,2,36000,1.00184365782
450239,450250,453615,11,3365,2,36000,1.00326894502
450364,450370,452944,6,2574,2,36000,1.00233100233
450534,450540,450660,6,120,1,3600,1.05
450570,450670,450995,100,325,1,3600,1.30769230769
450580,450586,453526,6,2940,2,36000,1.00204081633
450637,450644,453346,7,2702,2,36000,1.00259067358
450705,450711,454121,6,3410,2,36000,1.00175953079
450753,450760,453856,7,3096,2,36000,1.00226098191
450755,450766,453276,11,2510,2,36000,1.00438247012
450779,450787,453707,8,2920,2,36000,1.00273972603
450842,451005,451326,163,321,1,3600,1.50778816199
451004,451014,454050,10,3036,2,36000,1.00329380764
451138,451149,454198,11,3049,2,36000,1.00360774024
451438,451528,452298,90,770,1,3600,1.11688311688
451447,451455,454183,8,2728,2,36000,1.00293255132
451469,451478,454307,9,2829,2,36000,1.00318133616
451577,451583,454401,6,2818,2,36000,1.00212916962
451592,451598,454796,6,3198,2,36000,1.00187617261
451625,451631,454824,6,3193,2,36000,1.00187911055
451753,451847,452555,94,708,1,3600,1.13276836158
451782,451788,454819,6,3031,2,36000,1.0019795447
451925,452308,452368,383,60,1,1800,7.38333333333
451949,451955,454777,6,2822,2,36000,1.00212615167
452066,452073,455102,7,3029,2,36000,1.00231099373
452085,452091,455253,6,3162,2,36000,1.00189753321
452131,452137,455422,6,3285,2,36000,1.00182648402
452146,452152,455301,6,3149,2,36000,1.00190536678
452207,452213,455229,6,3016,2,36000,1.00198938992
452243,452249,454931,6,2682,2,36000,1.00223713647
452265,452271,455272,6,3001,2,36000,1.00199933356
452311,452378,452498,67,120,1,1800,1.55833333333
452347,452353,455066,6,2713,2,36000,1.0022115739
452365,452371,455553,6,3182,2,36000,1.00188560654
452413,452419,455300,6,2881,2,36000,1.0020826102
452458,452464,455509,6,3045,2,36000,1.00197044335
452540,452546,455480,6,2934,2,36000,1.00204498978
452590,452596,455348,6,2752,2,36000,1.00218023256
452605,452611,455180,6,2569,2,36000,1.00233553912
452683,452783,452869,100,86,1,1800,2.16279069767
452747,452753,455606,6,2853,2,36000,1.00210304942
452748,452759,455909,11,3150,2,36000,1.00349206349
452792,452799,455312,7,2513,2,36000,1.00278551532
452835,452841,456046,6,3205,2,36000,1.00187207488
452842,452879,452996,37,117,1,1800,1.31623931624
452850,452856,455740,6,2884,2,36000,1.00208044383
452906,452912,456031,6,3119,2,36000,1.00192369349
452921,452927,455889,6,2962,2,36000,1.00202565834
452942,452948,455904,6,2956,2,36000,1.00202976996
452943,452954,455890,11,2936,2,36000,1.00374659401
452998,453006,456056,8,3050,2,36000,1.00262295082
453278,453284,456010,6,2726,2,36000,1.00220102715
453347,453353,456287,6,2934,2,36000,1.00204498978
453529,453535,456477,6,2942,2,36000,1.00203942896
453618,453624,456307,6,2683,2,36000,1.00223630265
453674,453861,454372,187,511,1,1800,1.36594911937
453698,453866,454146,168,280,1,1800,1.6
453708,453714,456830,6,3116,2,36000,1.00192554557
453856,453872,456606,16,2734,2,36000,1.00585223116
454050,454056,456923,6,2867,2,36000,1.00209277991
454124,454130,457325,6,3195,2,36000,1.00187793427
454185,454191,456973,6,2782,2,36000,1.00215672178
454200,454207,457146,7,2939,2,36000,1.0023817625
454309,454315,456885,6,2570,2,36000,1.00233463035
454403,454409,457424,6,3015,2,36000,1.00199004975
454778,454784,457945,6,3161,2,36000,1.0018981335
454796,454802,457544,6,2742,2,36000,1.00218818381
454820,454827,457525,7,2698,2,36000,1.00259451446
454836,454842,457795,6,2953,2,36000,1.00203183204
454932,454939,458269,7,3330,2,36000,1.0021021021
455070,455076,458562,6,3486,2,36000,1.0017211704
455104,455110,458055,6,2945,2,36000,1.00203735144
455179,455185,458471,6,3286,2,36000,1.00182592818
455230,455237,458251,7,3014,2,36000,1.00232249502
455255,455261,458196,6,2935,2,36000,1.00204429302
455273,455279,458220,6,2941,2,36000,1.00204012241
455300,455307,458092,7,2785,2,36000,1.00251346499
455302,455313,458047,11,2734,2,36000,1.00402340892
455317,455323,458273,6,2950,2,36000,1.00203389831
455350,455356,458338,6,2982,2,36000,1.00201207243
455422,455428,458134,6,2706,2,36000,1.0022172949
455480,455486,458339,6,2853,2,36000,1.00210304942
455510,455516,458429,6,2913,2,36000,1.00205973223
455555,455561,458456,6,2895,2,36000,1.00207253886
455608,455614,458308,6,2694,2,36000,1.00222717149
455741,455747,458361,6,2614,2,36000,1.00229533282
455889,455895,458766,6,2871,2,36000,1.00208986416
455890,455901,458819,11,2918,2,36000,1.00376970528
455905,455912,459494,7,3582,2,36000,1.00195421552
455920,455927,458780,7,2853,2,36000,1.00245355766
456011,456017,458920,6,2903,2,36000,1.00206682742
456032,456038,458978,6,2940,2,36000,1.00204081633
456047,456053,458711,6,2658,2,36000,1.00225733634
456062,456068,458797,6,2729,2,36000,1.00219860755
456220,456986,457039,766,53,1,1800,15.4528301887
456288,456295,459023,7,2728,2,36000,1.0025659824
456307,456313,458977,6,2664,2,36000,1.00225225225
456478,456485,459404,7,2919,2,36000,1.00239808153
456608,456615,459763,7,3148,2,36000,1.00222363405
456831,456838,460207,7,3369,2,36000,1.00207776788
456886,456892,459736,6,2844,2,36000,1.00210970464
456925,456931,459556,6,2625,2,36000,1.00228571429
456974,456980,460303,6,3323,2,36000,1.00180559735
457148,457155,460244,7,3089,2,36000,1.00226610554
457324,457330,460341,6,3011,2,36000,1.00199269346
457382,457436,457518,54,82,1,1800,1.65853658537
457424,457430,460284,6,2854,2,36000,1.00210231254
457528,457534,460648,6,3114,2,36000,1.00192678227
457543,457549,460257,6,2708,2,36000,1.00221565731
457796,457802,460689,6,2887,2,36000,1.00207828195
457945,457951,461048,6,3097,2,36000,1.00193735873
458047,458054,461030,7,2976,2,36000,1.00235215054
458062,458069,461905,7,3836,2,36000,1.00182481752
458093,458099,461043,6,2944,2,36000,1.00203804348
458135,458141,461270,6,3129,2,36000,1.00191754554
458196,458202,461018,6,2816,2,36000,1.00213068182
458220,458226,461227,6,3001,2,36000,1.00199933356
458250,458257,461067,7,2810,2,36000,1.0024911032
458269,458275,461464,6,3189,2,36000,1.00188146754
458284,458290,461530,6,3240,2,36000,1.00185185185
458309,458315,461661,6,3346,2,36000,1.00179318589
458341,458347,461519,6,3172,2,36000,1.00189155107
458342,458353,461242,11,2889,2,36000,1.00380754586
458360,458366,461117,6,2751,2,36000,1.00218102508
458431,458437,461305,6,2868,2,36000,1.00209205021
458458,458464,461444,6,2980,2,36000,1.00201342282
458473,458479,461298,6,2819,2,36000,1.00212841433
458554,458779,459079,225,300,1,1800,1.75
458564,458570,461900,6,3330,2,36000,1.0018018018
458712,458718,461557,6,2839,2,36000,1.00211342022
458767,458773,461491,6,2718,2,36000,1.00220750552
458782,458788,461693,6,2905,2,36000,1.00206540448
458797,458803,461564,6,2761,2,36000,1.00217312568
458819,458825,461666,6,2841,2,36000,1.00211193242
458922,458928,461611,6,2683,2,36000,1.00223630265
458978,458984,461643,6,2659,2,36000,1.0022564874
458979,458990,462079,11,3089,2,36000,1.00356102298
459022,459028,462394,6,3366,2,36000,1.00178253119
459406,459412,462029,6,2617,2,36000,1.00229270157
459494,459500,462318,6,2818,2,36000,1.00212916962
459558,459564,462541,6,2977,2,36000,1.0020154518
459739,459745,462662,6,2917,2,36000,1.00205690778
459763,459769,462871,6,3102,2,36000,1.00193423598
460209,460215,462893,6,2678,2,36000,1.00224047797
460245,460251,463569,6,3318,2,36000,1.00180831826
460260,460267,463185,7,2918,2,36000,1.00239890336
460285,460291,463479,6,3188,2,36000,1.00188205772
460306,460312,463263,6,2951,2,36000,1.00203320908
460342,460348,462998,6,2650,2,36000,1.00226415094
460646,460653,463570,7,2917,2,36000,1.00239972575
460689,460695,463765,6,3070,2,36000,1.00195439739
461020,461026,463871,6,2845,2,36000,1.00210896309
461036,461042,463752,6,2710,2,36000,1.00221402214
461051,461057,463987,6,2930,2,36000,1.00204778157
461053,461063,463682,10,2619,2,36000,1.00381825124
461068,461074,464190,6,3116,2,36000,1.00192554557
461119,461125,464238,6,3113,2,36000,1.00192740122
461228,461234,464097,6,2863,2,36000,1.00209570381
461244,461251,463923,7,2672,2,36000,1.00261976048
461272,461279,464138,7,2859,2,36000,1.00244840853
461297,461303,464253,6,2950,2,36000,1.00203389831
461312,461318,464111,6,2793,2,36000,1.00214822771
461444,461450,464295,6,2845,2,36000,1.00210896309
461466,461472,464700,6,3228,2,36000,1.00185873606
461493,461500,464186,7,2686,2,36000,1.00260610573
461521,461527,464136,6,2609,2,36000,1.0022997317
461536,461542,464603,6,3061,2,36000,1.00196014374
461554,461560,464405,6,2845,2,36000,1.00210896309
461570,461575,464621,5,3046,2,36000,1.00164149705
461612,461618,464720,6,3102,2,36000,1.00193423598
461645,461651,464590,6,2939,2,36000,1.00204151072
461660,461666,464430,6,2764,2,36000,1.002170767
461675,461681,464783,6,3102,2,36000,1.00193423598
461693,461699,464750,6,3051,2,36000,1.00196656834
461843,467436,468555,5593,1119,32,360000,5.9982126899
461901,461907,464813,6,2906,2,36000,1.00206469374
461917,461923,464707,6,2784,2,36000,1.00215517241
462028,462035,465209,7,3174,2,36000,1.00220541903
462080,462086,465497,6,3411,2,36000,1.00175901495
462319,462325,465180,6,2855,2,36000,1.00210157618
462394,462400,465130,6,2730,2,36000,1.0021978022
462543,462549,465766,6,3217,2,36000,1.0018650917
462664,462670,465735,6,3065,2,36000,1.00195758564
462871,462878,466247,7,3369,2,36000,1.00207776788
462896,462902,465837,6,2935,2,36000,1.00204429302
462998,463004,466231,6,3227,2,36000,1.00185931205
463186,463192,465781,6,2589,2,36000,1.0023174971
463264,463270,466165,6,2895,2,36000,1.00207253886
463479,463485,466673,6,3188,2,36000,1.00188205772
463516,463776,535790,260,72014,2,72000,1.00361040909
463570,463576,466429,6,2853,2,36000,1.00210304942
463571,463582,466449,11,2867,2,36000,1.00383676317
463683,463689,466822,6,3133,2,36000,1.00191509735
463755,463761,466683,6,2922,2,36000,1.00205338809
463770,463781,467238,11,3457,2,36000,1.00318194967
463870,463876,466914,6,3038,2,36000,1.00197498354
463925,463931,466666,6,2735,2,36000,1.00219378428
463988,463994,466620,6,2626,2,36000,1.00228484387
464097,464103,466807,6,2704,2,36000,1.00221893491
464112,464118,466643,6,2525,2,36000,1.00237623762
464136,464143,467294,7,3151,2,36000,1.00222151698
464152,464159,467207,7,3048,2,36000,1.00229658793
464186,464192,467335,6,3143,2,36000,1.00190900414
464201,464207,467396,6,3189,2,36000,1.00188146754
464240,464246,466964,6,2718,2,36000,1.00220750552
464255,464261,467064,6,2803,2,36000,1.00214056368
464297,464303,467758,6,3455,2,36000,1.0017366136
464406,464412,467372,6,2960,2,36000,1.00202702703
464430,464436,467308,6,2872,2,36000,1.00208913649
464590,464596,467974,6,3378,2,36000,1.00177619893
464605,464611,467410,6,2799,2,36000,1.00214362272
464620,464626,467258,6,2632,2,36000,1.00227963526
464702,464708,467466,6,2758,2,36000,1.00217548949
464717,464723,467801,6,3078,2,36000,1.00194931774
464732,464738,467905,6,3167,2,36000,1.00189453742
464753,464759,467824,6,3065,2,36000,1.00195758564
464783,464789,468023,6,3234,2,36000,1.00185528757
464816,464822,467460,6,2638,2,36000,1.00227445034
465130,465136,468022,6,2886,2,36000,1.00207900208
465182,465188,467976,6,2788,2,36000,1.00215208034
465209,465215,468293,6,3078,2,36000,1.00194931774
465369,465375,471784,6,6409,1,28800,1.00093618349
465496,465501,468453,5,2952,2,36000,1.00169376694
465735,465741,468531,6,2790,2,36000,1.00215053763
465768,465774,468829,6,3055,2,36000,1.00196399345
465785,465791,468720,6,2929,2,36000,1.00204848071
465839,465845,469056,6,3211,2,36000,1.00186857677
466167,466173,469012,6,2839,2,36000,1.00211342022
466231,466237,468942,6,2705,2,36000,1.0022181146
466249,466255,468911,6,2656,2,36000,1.00225903614
466430,466436,469611,6,3175,2,36000,1.00188976378
466448,466454,469462,6,3008,2,36000,1.00199468085
466623,466629,469483,6,2854,2,36000,1.00210231254
466644,466650,469475,6,2825,2,36000,1.00212389381
466665,466671,469609,6,2938,2,36000,1.00204220558
466680,466686,469594,6,2908,2,36000,1.00206327373
466695,466701,469577,6,2876,2,36000,1.00208623088
466808,466814,469503,6,2689,2,36000,1.00223131276
466825,466831,469504,6,2673,2,36000,1.00224466891
466917,466923,469907,6,2984,2,36000,1.00201072386
466965,466971,469858,6,2887,2,36000,1.00207828195
467067,467073,469760,6,2687,2,36000,1.00223297358
467209,467215,470007,6,2792,2,36000,1.00214899713
467223,467310,471479,87,4169,2,21600,1.02086831374
467240,467246,470301,6,3055,2,36000,1.00196399345
467258,467264,470398,6,3134,2,36000,1.00191448628
467298,467304,470215,6,2911,2,36000,1.00206114737
467313,467319,470124,6,2805,2,36000,1.00213903743
467338,467344,470094,6,2750,2,36000,1.00218181818
467376,467382,470480,6,3098,2,36000,1.00193673338
467398,467405,470289,7,2884,2,36000,1.00242718447
467414,467420,470032,6,2612,2,36000,1.00229709035
467464,467470,470411,6,2941,2,36000,1.00204012241
467479,467485,470942,6,3457,2,36000,1.00173560891
467761,467767,470981,6,3214,2,36000,1.00186683261
467804,467810,471219,6,3409,2,36000,1.00176004693
467825,467831,470901,6,3070,2,36000,1.00195439739
467906,467912,471152,6,3240,2,36000,1.00185185185
467977,467983,470609,6,2626,2,36000,1.00228484387
467978,467989,470970,11,2981,2,36000,1.0036900369
468024,468030,470874,6,2844,2,36000,1.00210970464
468025,468036,470761,11,2725,2,36000,1.00403669725
468052,468244,473249,192,5005,2,21600,1.03836163836
468294,468305,471281,11,2976,2,36000,1.00369623656
468454,468460,471275,6,2815,2,36000,1.00213143872
468532,468538,471320,6,2782,2,36000,1.00215672178
468720,468726,471943,6,3217,2,36000,1.0018650917
468830,468836,471713,6,2877,2,36000,1.00208550574
468837,468844,471381,7,2537,16,7200,1.00275916437
468913,468919,471617,6,2698,2,36000,1.00222386953
468943,468949,471841,6,2892,2,36000,1.0020746888
469013,469019,472497,6,3478,2,36000,1.00172512938
469058,469064,472065,6,3001,2,36000,1.00199933356
469286,469292,472405,6,3113,2,21600,1.00192740122
469464,469470,472559,6,3089,2,36000,1.00194237617
469479,469485,472242,6,2757,2,36000,1.00217627856
469495,469501,472200,6,2699,2,36000,1.00222304557
469510,469516,472706,6,3190,2,36000,1.00188087774
469511,469522,472380,11,2858,2,36000,1.00384884535
469578,469584,472798,6,3214,2,36000,1.00186683261
469593,469599,472768,6,3169,2,36000,1.00189334175
469612,469618,472534,6,2916,2,36000,1.00205761317
469613,469624,472433,11,2809,2,36000,1.00391598434
469669,470295,487984,626,17689,18,21600,1.03538922494
469761,469768,472845,7,3077,2,36000,1.00227494313
469858,469865,472818,7,2953,2,36000,1.00237047071
469908,469915,472749,7,2834,2,36000,1.00247000706
470008,470014,472666,6,2652,2,36000,1.00226244344
470032,470038,472711,6,2673,2,36000,1.00224466891
470095,470101,472770,6,2669,2,36000,1.00224803297
470125,470131,473491,6,3360,2,36000,1.00178571429
470158,470300,507752,142,37452,14,43200,1.00379151981
470217,470223,473193,6,2970,2,36000,1.00202020202
470290,470306,473157,16,2851,2,36000,1.00561206594
470305,470312,473428,7,3116,2,36000,1.00224646983
470398,470404,473365,6,2961,2,36000,1.00202634245
470413,470419,473338,6,2919,2,36000,1.00205549846
470482,470489,473584,7,3095,2,36000,1.00226171244
470613,470619,473465,6,2846,2,36000,1.00210822207
470761,470767,473566,6,2799,2,36000,1.00214362272
470874,470880,473476,6,2596,2,36000,1.00231124807
470902,470908,473800,6,2892,2,36000,1.0020746888
470944,470950,473427,6,2477,2,36000,1.00242228502
470972,470978,474034,6,3056,2,36000,1.00196335079
470987,470993,473688,6,2695,2,36000,1.00222634508
471153,471159,473752,6,2593,2,36000,1.0023139221
471221,471226,473913,5,2687,2,36000,1.00186081131
471276,471282,474084,6,2802,2,36000,1.00214132762
471291,471297,474435,6,3138,2,36000,1.00191204589
471321,471327,474253,6,2926,2,36000,1.002050581
471620,471626,474244,6,2618,2,36000,1.00229182582
471711,471717,474602,6,2885,2,36000,1.0020797227
471844,471850,474596,6,2746,2,36000,1.00218499636
471944,471950,474838,6,2888,2,36000,1.00207756233
472062,472069,475276,7,3207,2,36000,1.00218272529
472190,472197,475120,7,2923,2,36000,1.00239479986
472242,472248,475190,6,2942,2,36000,1.00203942896
472380,472386,475467,6,3081,2,36000,1.00194741967
472436,472442,475166,6,2724,2,36000,1.00220264317
472497,472503,475325,6,2822,2,36000,1.00212615167
472537,472543,475359,6,2816,2,36000,1.00213068182
472559,472565,475353,6,2788,2,36000,1.00215208034
472665,472671,475345,6,2674,2,36000,1.00224382947
472706,472712,475548,6,2836,2,36000,1.00211565585
472721,472727,475484,6,2757,2,36000,1.00217627856
472750,472756,475552,6,2796,2,36000,1.00214592275
472770,472776,475612,6,2836,2,36000,1.00211565585
472771,472782,475877,11,3095,2,36000,1.00355411955
472800,472806,475469,6,2663,2,36000,1.00225309801
472819,472825,475566,6,2741,2,36000,1.00218898212
472846,472852,475838,6,2986,2,36000,1.00200937709
473164,473171,475862,7,2691,2,36000,1.00260126347
473195,473202,476477,7,3275,2,36000,1.00213740458
473269,473276,474356,7,1080,2,43200,1.00648148148
473338,473344,476352,6,3008,2,36000,1.00199468085
473366,473372,476068,6,2696,2,36000,1.00222551929
473428,473434,476210,6,2776,2,36000,1.00216138329
473429,473440,476106,11,2666,2,36000,1.00412603151
473468,473474,476004,6,2530,2,36000,1.0023715415
473483,473489,476871,6,3382,2,36000,1.00177409817
473498,473504,476445,6,2941,2,36000,1.00204012241
473567,473574,476855,7,3281,2,36000,1.00213349589
473586,473592,477115,6,3523,2,36000,1.00170309395
473691,473697,476659,6,2962,2,36000,1.00202565834
473755,473761,477107,6,3346,2,36000,1.00179318589
473800,473806,476277,6,2471,2,36000,1.00242816673
473912,473918,476766,6,2848,2,36000,1.00210674157
474034,474041,477303,7,3262,2,36000,1.00214592275
474086,474092,477005,6,2913,2,36000,1.00205973223
474243,474249,477074,6,2825,2,36000,1.00212389381
474258,474264,477337,6,3073,2,36000,1.00195248942
474297,474303,474311,6,8,4,600,1.4
474342,474348,474352,6,4,4,1800,1.0
474435,474441,477700,6,3259,2,36000,1.00184105554
474438,474452,487976,14,13524,2,43200,1.00103519669
474438,474447,474453,9,6,4,1800,1.5
474601,474607,477588,6,2981,2,36000,1.0020127474
474615,474622,477271,7,2649,2,36000,1.00264250661
474839,474845,477797,6,2952,2,36000,1.00203252033
475120,475127,478196,7,3069,2,36000,1.00228087325
475166,475172,478067,6,2895,2,36000,1.00207253886
475190,475196,478176,6,2980,2,36000,1.00201342282
475278,475284,478365,6,3081,2,36000,1.00194741967
475326,475332,478531,6,3199,2,36000,1.00187558612
475344,475350,478056,6,2706,2,36000,1.0022172949
475360,475366,477899,6,2533,2,36000,1.00236873273
475361,475372,478405,11,3033,2,36000,1.00362677217
475465,475471,478259,6,2788,2,36000,1.00215208034
475480,475486,478258,6,2772,2,36000,1.00216450216
475495,475501,478374,6,2873,2,36000,1.00208840933
475549,475556,478660,7,3104,2,36000,1.00225515464
475564,475571,478091,7,2520,2,36000,1.00277777778
475579,475585,478556,6,2971,2,36000,1.00201952205
475613,475619,478649,6,3030,2,36000,1.00198019802
475836,475843,479412,7,3569,2,36000,1.00196133371
475864,475870,478694,6,2824,2,36000,1.00212464589
475879,475885,478535,6,2650,2,36000,1.00226415094
476006,476012,478937,6,2925,2,36000,1.00205128205
476069,476075,479109,6,3034,2,36000,1.00197758734
476106,476113,479097,7,2984,2,36000,1.0023458445
476212,476218,479021,6,2803,2,36000,1.00214056368
476276,476282,479153,6,2871,2,36000,1.00208986416
476352,476358,479185,6,2827,2,36000,1.00212239123
476446,476452,479223,6,2771,2,36000,1.00216528329
476476,476482,479801,6,3319,2,36000,1.00180777343
476661,476667,479924,6,3257,2,36000,1.00184218606
476766,476772,479602,6,2830,2,36000,1.00212014134
476857,476863,479693,6,2830,2,36000,1.00212014134
476872,476878,479670,6,2792,2,36000,1.00214899713
477005,477011,480133,6,3122,2,36000,1.00192184497
477052,477058,477096,6,38,3,356400,1.15789473684
477075,477081,479554,6,2473,2,36000,1.00242620299
477108,477115,480051,7,2936,2,36000,1.00238419619
477123,477130,480120,7,2990,2,36000,1.00234113712
477207,477213,477565,6,352,3,356400,1.01704545455
477272,477278,481275,6,3997,2,36000,1.00150112584
477303,477309,480463,6,3154,2,36000,1.00190234623
477340,477346,480302,6,2956,2,36000,1.00202976996
477585,478008,479224,423,1216,3,356400,1.34786184211
477591,477597,480656,6,3059,2,36000,1.0019614253
477593,478546,483488,953,4942,12,356400,1.19283690813
477702,477708,480737,6,3029,2,36000,1.00198085177
477800,477806,480925,6,3119,2,36000,1.00192369349
477900,477906,481017,6,3111,2,36000,1.00192864031
478056,478063,480716,7,2653,2,36000,1.00263852243
478073,478079,481272,6,3193,2,36000,1.00187911055
478091,478097,480660,6,2563,2,36000,1.00234100663
478176,478182,481273,6,3091,2,36000,1.00194111938
478197,478203,480886,6,2683,2,36000,1.00223630265
478258,478264,480860,6,2596,2,36000,1.00231124807
478260,478270,481094,10,2824,2,36000,1.00354107649
478367,478373,481104,6,2731,2,36000,1.00219699744
478382,478388,481274,6,2886,2,36000,1.00207900208
478406,478412,481062,6,2650,2,36000,1.00226415094
478533,478539,481546,6,3007,2,36000,1.0019953442
478549,478555,481315,6,2760,2,36000,1.00217391304
478564,478570,481392,6,2822,2,36000,1.00212615167
478652,478658,481411,6,2753,2,36000,1.00217944061
478666,478672,481591,6,2919,2,36000,1.00205549846
478694,478700,481586,6,2886,2,36000,1.00207900208
478940,478947,481957,7,3010,2,36000,1.0023255814
479022,479028,481956,6,2928,2,36000,1.00204918033
479097,479103,482134,6,3031,2,36000,1.0019795447
479112,479118,481757,6,2639,2,36000,1.00227358848
479156,479162,482328,6,3166,2,36000,1.00189513582
479187,479194,481845,7,2651,2,36000,1.00264051301
479224,479230,482239,6,3009,2,36000,1.00199401795
479416,479422,482231,6,2809,2,36000,1.00213599146
479472,482921,503298,3449,20377,70,25200,1.16925945919
479556,479562,482301,6,2739,2,36000,1.0021905805
479604,479610,482455,6,2845,2,36000,1.00210896309
479671,479676,482494,5,2818,2,36000,1.00177430802
479695,479701,482558,6,2857,2,36000,1.00210010501
479802,479808,482883,6,3075,2,36000,1.00195121951
479926,479932,482662,6,2730,2,36000,1.0021978022
480053,480059,482965,6,2906,2,36000,1.00206469374
480120,480126,483306,6,3180,2,36000,1.00188679245
480135,480141,483327,6,3186,2,36000,1.00188323917
480304,480310,483052,6,2742,2,36000,1.00218818381
480436,488707,566421,8271,77714,32,288000,1.10642870011
480465,480471,483531,6,3060,2,36000,1.00196078431
480657,480663,483992,6,3329,2,36000,1.00180234305
480674,480680,483204,6,2524,2,36000,1.00237717908
480717,480723,483520,6,2797,2,36000,1.00214515552
480738,480744,483329,6,2585,2,36000,1.00232108317
480810,480816,481014,6,198,28,33000,1.0303030303
480863,480869,483588,6,2719,2,36000,1.00220669364
480882,480888,483816,6,2928,2,36000,1.00204918033
480924,480930,484313,6,3383,2,36000,1.00177357375
481018,481024,483984,6,2960,2,36000,1.00202702703
481063,481069,483777,6,2708,2,36000,1.00221565731
481094,481100,484114,6,3014,2,36000,1.00199071002
481109,481115,484168,6,3053,2,36000,1.00196528005
481156,481163,481391,7,228,32,31800,1.03070175439
481278,481284,484177,6,2893,2,36000,1.00207397166
481280,481290,484234,10,2944,2,36000,1.00339673913
481281,481295,484500,14,3205,2,36000,1.00436817473
481282,481301,483999,19,2698,2,36000,1.00704225352
481316,481322,484111,6,2789,2,36000,1.00215130871
481394,481401,484205,7,2804,2,36000,1.00249643367
481412,481419,484381,7,2962,2,36000,1.00236326806
481543,481549,484211,6,2662,2,36000,1.0022539444
481587,481593,484320,6,2727,2,36000,1.00220022002
481602,481608,484292,6,2684,2,36000,1.00223546945
481705,481712,482004,7,292,24,30600,1.02397260274
481759,481765,484652,6,2887,2,36000,1.00207828195
481847,481854,484748,7,2894,2,36000,1.00241879751
481957,481963,484941,6,2978,2,36000,1.00201477502
481958,481969,485333,11,3364,2,36000,1.00326991677
482134,482140,484911,6,2771,2,36000,1.00216528329
482233,482239,485180,6,2941,2,36000,1.00204012241
482248,482255,485451,7,3196,2,36000,1.0021902378
482303,482309,485071,6,2762,2,36000,1.00217233888
482331,482337,485095,6,2758,2,36000,1.00217548949
482455,482466,485301,11,2835,2,36000,1.00388007055
482495,482505,485299,10,2794,2,36000,1.00357909807
482558,482569,485393,11,2824,2,36000,1.00389518414
482661,482673,485387,12,2714,2,36000,1.00442151805
482886,482895,485626,9,2731,2,36000,1.00329549616
482964,482970,485916,6,2946,2,36000,1.00203665988
483055,483061,485943,6,2882,2,36000,1.00208188758
483206,483212,486005,6,2793,2,36000,1.00214822771
483306,483312,486745,6,3433,2,36000,1.0017477425
483327,483333,486422,6,3089,2,36000,1.00194237617
483342,483348,486079,6,2731,2,36000,1.00219699744
483520,483526,486367,6,2841,2,36000,1.00211193242
483537,483544,486656,7,3112,2,36000,1.00224935733
483589,483595,486403,6,2808,2,36000,1.00213675214
483779,483785,486593,6,2808,2,36000,1.00213675214
483785,503324,503392,19539,68,3,356400,288.338235294
483816,483822,486340,6,2518,2,36000,1.00238284353
483939,487987,489328,4048,1341,2,57600,4.01864280388
483985,483991,486595,6,2604,2,36000,1.00230414747
484000,484006,487227,6,3221,2,36000,1.00186277554
484006,484012,487323,6,3311,2,36000,1.00181214135
484112,484118,487328,6,3210,2,36000,1.00186915888
484127,484133,487632,6,3499,2,36000,1.00171477565
484166,484173,486924,7,2751,2,36000,1.00254452926
484182,484188,486942,6,2754,2,36000,1.00217864924
484206,484212,487485,6,3273,2,36000,1.00183318057
484221,484227,487128,6,2901,2,36000,1.00206825233
484236,484243,487365,7,3122,2,36000,1.00224215247
484295,484301,487038,6,2737,2,36000,1.00219218122
484313,484319,487480,6,3161,2,36000,1.0018981335
484328,484334,487318,6,2984,2,36000,1.00201072386
484380,484386,486962,6,2576,2,36000,1.00232919255
484500,484506,487418,6,2912,2,36000,1.00206043956
484651,484657,487573,6,2916,2,36000,1.00205761317
484749,484755,487932,6,3177,2,36000,1.00188857413
484914,484920,487864,6,2944,2,36000,1.00203804348
484942,484948,488063,6,3115,2,36000,1.00192616372
484961,503330,505162,18369,1832,3,356400,11.0267467249
485070,485076,487726,6,2650,2,36000,1.00226415094
485094,485101,487733,7,2632,2,36000,1.00265957447
485180,485186,488209,6,3023,2,36000,1.00198478333
485298,485304,488625,6,3321,2,36000,1.00180668473
485313,485319,488306,6,2987,2,36000,1.00200870439
485331,485337,487996,6,2659,2,36000,1.0022564874
485389,485395,488555,6,3160,2,36000,1.00189873418
485404,485410,488515,6,3105,2,36000,1.00193236715
485453,485460,488430,7,2970,2,36000,1.00235690236
485626,485632,488470,6,2838,2,36000,1.0021141649
485917,485923,488494,6,2571,2,36000,1.00233372229
485944,485950,489363,6,3413,2,36000,1.00175798418
486005,486011,488962,6,2951,2,36000,1.00203320908
486078,486084,489065,6,2981,2,36000,1.0020127474
486340,486346,489295,6,2949,2,36000,1.002034588
486367,486374,488919,7,2545,2,36000,1.00275049116
486401,486407,489724,6,3317,2,36000,1.00180886343
486422,486428,489416,6,2988,2,36000,1.00200803213
486596,486602,489776,6,3174,2,36000,1.00189035917
486597,486608,489280,11,2672,2,36000,1.00411676647
486658,486664,489671,6,3007,2,36000,1.0019953442
486747,486753,489481,6,2728,2,36000,1.00219941349
486926,486932,489673,6,2741,2,36000,1.00218898212
486944,486950,489793,6,2843,2,36000,1.00211044671
486962,486968,489708,6,2740,2,36000,1.00218978102
487038,487044,489986,6,2942,2,36000,1.00203942896
487127,487133,490121,6,2988,2,36000,1.00200803213
487227,487233,490217,6,2984,2,36000,1.00201072386
487318,487325,489910,7,2585,2,36000,1.00270793037
487334,487340,490305,6,2965,2,36000,1.00202360877
487335,487346,490116,11,2770,2,36000,1.00397111913
487367,487373,490493,6,3120,2,36000,1.00192307692
487377,489339,532572,1962,43233,2,43200,1.04538199986
487383,500114,500703,12731,589,2,43200,22.6146010187
487420,487426,490688,6,3262,2,36000,1.00183936235
487481,487487,490593,6,3106,2,36000,1.00193174501
487496,487503,490330,7,2827,2,36000,1.0024761231
487572,487578,490548,6,2970,2,36000,1.00202020202
487619,487625,487794,6,169,12,1800,1.03550295858
487633,487639,490996,6,3357,2,36000,1.0017873101
487726,487733,491011,7,3278,2,36000,1.00213544844
487741,487748,490960,7,3212,2,36000,1.00217932752
487864,487870,491390,6,3520,2,36000,1.00170454545
487932,487938,490626,6,2688,2,36000,1.00223214286
487999,488005,490914,6,2909,2,36000,1.00206256446
488062,488069,491176,7,3107,2,36000,1.00225297715
488210,488217,491253,7,3036,2,36000,1.00230566535
488307,488313,491151,6,2838,2,36000,1.0021141649
488431,488437,491434,6,2997,2,36000,1.002002002
488471,488477,491137,6,2660,2,36000,1.0022556391
488495,488501,491547,6,3046,2,36000,1.00196979645
488496,502165,530619,13669,28454,3,43200,1.48038940044
488509,488515,488618,6,103,12,720,1.05825242718
488516,488522,491404,6,2882,2,36000,1.00208188758
488556,488562,491530,6,2968,2,36000,1.00202156334
488628,488634,491822,6,3188,2,36000,1.00188205772
488918,488924,491971,6,3047,2,36000,1.00196914998
488963,488970,491895,7,2925,2,36000,1.00239316239
489066,489072,491637,6,2565,2,36000,1.00233918129
489280,489287,492765,7,3478,2,36000,1.00201265095
489295,489301,492352,6,3051,2,36000,1.00196656834
489365,489371,492376,6,3005,2,36000,1.00199667221
489416,489422,492595,6,3173,2,36000,1.00189095493
489483,489488,492688,5,3200,2,36000,1.0015625
489556,501154,522764,11598,21610,18,21600,1.53669597409
489674,489680,492569,6,2889,2,36000,1.0020768432
489676,489686,492598,10,2912,2,36000,1.00343406593
489709,489715,492255,6,2540,2,36000,1.00236220472
489724,489730,492450,6,2720,2,36000,1.00220588235
489778,489784,492852,6,3068,2,36000,1.00195567145
489793,489799,492553,6,2754,2,36000,1.00217864924
489911,489917,492614,6,2697,2,36000,1.0022246941
489987,489993,493097,6,3104,2,36000,1.00193298969
490022,500714,535081,10692,34367,2,43200,1.31111240434
490117,490123,493349,6,3226,2,36000,1.00185988841
490134,490140,493073,6,2933,2,36000,1.00204568701
490218,490225,493157,7,2932,2,36000,1.00238744884
490303,502170,528559,11867,26389,2,43200,1.44969494865
490306,490312,493254,6,2942,2,36000,1.00203942896
490332,490338,493203,6,2865,2,36000,1.00209424084
490495,490501,493674,6,3173,2,36000,1.00189095493
490551,490557,493641,6,3084,2,36000,1.00194552529
490593,490599,493544,6,2945,2,36000,1.00203735144
490626,490632,493526,6,2894,2,36000,1.00207325501
490690,490696,493706,6,3010,2,36000,1.00199335548
490915,490921,493897,6,2976,2,36000,1.00201612903
490961,490967,494024,6,3057,2,36000,1.00196270854
490998,491004,493986,6,2982,2,36000,1.00201207243
491015,491021,493871,6,2850,2,36000,1.00210526316
491133,491139,494182,6,3043,2,36000,1.00197173842
491151,491157,494064,6,2907,2,36000,1.00206398349
491179,491185,494162,6,2977,2,36000,1.0020154518
491255,491261,494647,6,3386,2,36000,1.00177200236
491391,491397,494013,6,2616,2,36000,1.00229357798
491406,491413,494090,7,2677,2,36000,1.00261486739
491434,491440,494618,6,3178,2,36000,1.00188797986
491532,491538,494655,6,3117,2,36000,1.00192492782
491547,491553,494360,6,2807,2,36000,1.00213751336
491638,491644,494524,6,2880,2,36000,1.00208333333
491825,491832,494425,7,2593,2,36000,1.00269957578
491899,491905,494584,6,2679,2,36000,1.00223964166
491972,491978,494907,6,2929,2,36000,1.00204848071
492014,503309,575324,11295,72015,2,72000,1.15684232452
492258,492264,495124,6,2860,2,36000,1.0020979021
492353,492359,495134,6,2775,2,36000,1.00216216216
492377,492383,495646,6,3263,2,36000,1.00183879865
492451,492457,495284,6,2827,2,36000,1.00212239123
492555,492561,495578,6,3017,2,36000,1.00198873053
492570,492576,495402,6,2826,2,36000,1.00212314225
492596,492602,495448,6,2846,2,36000,1.00210822207
492612,492618,495404,6,2786,2,36000,1.00215362527
492627,492633,495390,6,2757,2,36000,1.00217627856
492693,492699,495350,6,2651,2,36000,1.00226329687
492767,492773,495608,6,2835,2,36000,1.00211640212
492856,492862,495803,6,2941,2,36000,1.00204012241
492856,503314,522946,10458,19632,2,72000,1.53270171149
493079,493085,496384,6,3299,2,36000,1.00181873295
493097,493103,496567,6,3464,2,36000,1.00173210162
493160,493166,496327,6,3161,2,36000,1.0018981335
493206,493212,496023,6,2811,2,36000,1.00213447172
493255,493261,496376,6,3115,2,36000,1.00192616372
493349,493355,496480,6,3125,2,36000,1.00192
493528,493534,496169,6,2635,2,36000,1.00227703985
493545,493552,496210,7,2658,2,36000,1.00263355907
493643,493649,496525,6,2876,2,36000,1.00208623088
493677,493683,496329,6,2646,2,36000,1.0022675737
493707,493713,496628,6,2915,2,36000,1.00205831904
493871,493877,496459,6,2582,2,36000,1.00232378002
493898,493904,497085,6,3181,2,36000,1.00188619931
493985,493991,497395,6,3404,2,36000,1.0017626322
494015,494022,496763,7,2741,2,36000,1.00255381248
494031,494037,496958,6,2921,2,36000,1.00205409106
494064,494070,497630,6,3560,2,36000,1.00168539326
494091,494097,497134,6,3037,2,36000,1.00197563385
494164,494170,496814,6,2644,2,36000,1.00226928896
494182,494188,497229,6,3041,2,36000,1.00197303519
494361,494368,497327,7,2959,2,36000,1.00236566408
494425,494431,497428,6,2997,2,36000,1.002002002
494451,503319,513644,8868,10325,2,72000,1.85888619855
494527,494533,497151,6,2618,2,36000,1.00229182582
494585,494591,497275,6,2684,2,36000,1.00223546945
494618,494624,497273,6,2649,2,36000,1.00226500566
494646,494652,497556,6,2904,2,36000,1.0020661157
494660,494666,497669,6,3003,2,36000,1.001998002
494908,494914,497711,6,2797,2,36000,1.00214515552
495126,495132,497653,6,2521,2,36000,1.00238000793
495141,495147,497955,6,2808,2,36000,1.00213675214
495286,495292,498093,6,2801,2,36000,1.00214209211
495349,495356,498088,7,2732,2,36000,1.00256222548
495392,495398,498502,6,3104,2,36000,1.00193298969
495407,495414,498486,7,3072,2,36000,1.00227864583
495409,495420,498638,11,3218,2,36000,1.00341827222
495448,495454,498564,6,3110,2,36000,1.00192926045
495578,495584,498357,6,2773,2,36000,1.0021637216
495608,495614,498803,6,3189,2,36000,1.00188146754
495647,495653,498562,6,2909,2,36000,1.00206256446
495804,495811,498777,7,2966,2,36000,1.00236008092
496025,496031,498762,6,2731,2,36000,1.00219699744
496170,496176,499310,6,3134,2,36000,1.00191448628
496213,496219,499197,6,2978,2,36000,1.00201477502
496328,496334,499307,6,2973,2,36000,1.00201816347
496343,496349,499555,6,3206,2,36000,1.00187149095
496376,496382,499674,6,3292,2,36000,1.00182260024
496391,496397,499692,6,3295,2,36000,1.00182094082
496461,496467,499401,6,2934,2,36000,1.00204498978
496482,496488,500204,6,3716,2,36000,1.0016146394
496527,496533,499184,6,2651,2,36000,1.00226329687
496567,496573,499650,6,3077,2,36000,1.00194995125
496630,496636,499939,6,3303,2,36000,1.00181653043
496766,496772,499306,6,2534,2,36000,1.00236779795
496815,496821,499814,6,2993,2,36000,1.00200467758
496960,496966,500379,6,3413,2,36000,1.00175798418
497087,497094,500258,7,3164,2,36000,1.00221238938
497137,497143,499897,6,2754,2,36000,1.00217864924
497152,497158,500088,6,2930,2,36000,1.00204778157
497230,497236,500101,6,2865,2,36000,1.00209424084
497276,497282,500136,6,2854,2,36000,1.00210231254
497278,497288,500110,10,2822,2,36000,1.00354358611
497329,497335,500084,6,2749,2,36000,1.00218261186
497397,497402,500154,5,2752,2,36000,1.00181686047
497430,497436,500256,6,2820,2,36000,1.00212765957
497557,497563,500313,6,2750,2,36000,1.00218181818
497630,497636,500254,6,2618,2,36000,1.00229182582
497654,497660,500642,6,2982,2,36000,1.00201207243
497669,497675,500936,6,3261,2,36000,1.0018399264
497711,497718,500512,7,2794,2,36000,1.00250536865
497920,497927,497950,7,23,1,21600,1.30434782609
497956,497963,501077,7,3114,2,36000,1.00224791265
497995,498001,498020,6,19,1,21600,1.31578947368
498089,498095,500795,6,2700,2,36000,1.00222222222
498104,498110,501556,6,3446,2,36000,1.00174114916
498359,498365,501499,6,3134,2,36000,1.00191448628
498485,498492,501542,7,3050,2,36000,1.00229508197
498503,498510,501364,7,2854,2,36000,1.00245269797
498562,498568,501582,6,3014,2,36000,1.00199071002
498577,498583,501237,6,2654,2,36000,1.00226073851
498641,498647,501115,6,2468,2,36000,1.00243111831
498762,498768,501372,6,2604,2,36000,1.00230414747
498778,498784,501648,6,2864,2,36000,1.00209497207
498805,498812,501783,7,2971,2,36000,1.00235610905
499186,499192,501720,6,2528,2,36000,1.00237341772
499201,499208,502233,7,3025,2,36000,1.00231404959
499308,499315,501792,7,2477,2,36000,1.00282599919
499310,499321,502135,11,2814,2,36000,1.0039090263
499324,499331,503054,7,3723,2,36000,1.00188020414
499403,499409,502018,6,2609,2,36000,1.0022997317
499558,499564,503003,6,3439,2,36000,1.00174469322
499652,499658,502787,6,3129,2,36000,1.00191754554
499673,499680,502585,7,2905,2,36000,1.00240963855
499692,499698,502454,6,2756,2,36000,1.00217706821
499816,499822,502489,6,2667,2,36000,1.00224971879
499898,499904,502817,6,2913,2,36000,1.00205973223
499940,499946,502705,6,2759,2,36000,1.00217470098
500086,500092,503152,6,3060,2,36000,1.00196078431
500101,500108,503098,7,2990,2,36000,1.00234113712
500103,500119,502964,16,2845,2,36000,1.00562390158
500118,500125,502899,7,2774,2,36000,1.00252343187
500136,500147,502911,11,2764,2,36000,1.00397973951
500156,500166,503438,10,3272,2,36000,1.00305623472
500205,500215,503580,10,3365,2,36000,1.0029717682
500254,500265,503046,11,2781,2,36000,1.00395541172
500270,500276,502967,6,2691,2,36000,1.0022296544
500271,500282,503486,11,3204,2,36000,1.00343320849
500313,500325,503121,12,2796,2,36000,1.00429184549
500380,500390,503228,10,2838,2,36000,1.00352360817
500513,500524,503202,11,2678,2,36000,1.00410754294
500644,500653,504056,9,3403,2,36000,1.00264472524
500795,500806,503463,11,2657,2,36000,1.00414000753
500939,500948,504294,9,3346,2,36000,1.00268977884
501078,501088,504349,10,3261,2,36000,1.003066544
501117,501126,504106,9,2980,2,36000,1.00302013423
501238,501248,504187,10,2939,2,36000,1.00340251786
501366,501376,504230,10,2854,2,36000,1.00350385424
501381,501387,504351,6,2964,2,36000,1.0020242915
501499,501510,504320,11,2810,2,36000,1.00391459075
501544,501553,504554,9,3001,2,36000,1.00299900033
501559,501567,504120,8,2553,2,36000,1.00313356835
501584,501594,504627,10,3033,2,36000,1.00329706561
501648,501659,504805,11,3146,2,36000,1.0034965035
501720,501731,504869,11,3138,2,36000,1.00350541746
501784,501794,504679,10,2885,2,36000,1.00346620451
501801,501807,504625,6,2818,2,36000,1.00212916962
502019,502029,505152,10,3123,2,36000,1.00320204931
502137,502146,504934,9,2788,2,36000,1.00322812052
502149,503335,505211,1186,1876,8,356400,1.63219616205
502234,502244,505088,10,2844,2,36000,1.0035161744
502454,502465,505866,11,3401,2,36000,1.00323434284
502491,502500,505262,9,2762,2,36000,1.00325850833
502585,502596,505328,11,2732,2,36000,1.00402635432
502706,502716,505658,10,2942,2,36000,1.00339904827
502788,502799,505988,11,3189,2,36000,1.00344935717
502818,502829,505392,11,2563,2,36000,1.00429184549
502900,502910,506092,10,3182,2,36000,1.00314267756
502915,502922,505562,7,2640,2,36000,1.00265151515
502964,502975,505820,11,2845,2,36000,1.00386643234
502981,502987,505844,6,2857,2,36000,1.00210010501
503005,503015,505937,10,2922,2,36000,1.00342231348
503048,503057,505622,9,2565,2,36000,1.00350877193
503063,503069,505873,6,2804,2,36000,1.00213980029
503100,503110,505726,10,2616,2,36000,1.00382262997
503124,503133,505839,9,2706,2,36000,1.00332594235
503151,503163,506497,12,3334,2,36000,1.00359928014
503204,503214,506011,10,2797,2,36000,1.00357525921
503229,503239,506377,10,3138,2,36000,1.00318674315
503438,503444,506031,6,2587,2,36000,1.00231928875
503468,503474,506070,6,2596,2,36000,1.00231124807
503487,503493,506459,6,2966,2,36000,1.0020229265
503581,503588,506496,7,2908,2,36000,1.00240715268
504056,504062,506829,6,2767,2,36000,1.00216841344
504105,504111,507180,6,3069,2,36000,1.00195503421
504120,504126,507197,6,3071,2,36000,1.00195376099
504190,504196,507713,6,3517,2,36000,1.00170599943
504230,504236,506990,6,2754,2,36000,1.00217864924
504296,504302,507458,6,3156,2,36000,1.00190114068
504321,504327,507072,6,2745,2,36000,1.00218579235
504348,504356,507250,8,2894,2,36000,1.00276434001
504363,504369,507198,6,2829,2,36000,1.00212089077
504556,504562,507201,6,2639,2,36000,1.00227358848
504625,504631,507342,6,2711,2,36000,1.00221320546
504640,504646,507348,6,2702,2,36000,1.00222057735
504680,504686,507561,6,2875,2,36000,1.00208695652
504806,504813,507587,7,2774,2,36000,1.00252343187
504870,504876,507633,6,2757,2,36000,1.00217627856
504937,504942,508085,5,3143,2,36000,1.00159083678
505088,505094,507762,6,2668,2,36000,1.00224887556
505151,505158,508369,7,3211,2,36000,1.00218000623
505163,505169,505171,6,2,2,3540,1.0
505262,505268,508175,6,2907,2,36000,1.00206398349
505328,505334,507806,6,2472,2,36000,1.00242718447
505391,505397,508266,6,2869,2,36000,1.00209132102
505563,505569,508426,6,2857,2,36000,1.00210010501
505624,505630,508581,6,2951,2,36000,1.00203320908
505660,505666,508348,6,2682,2,36000,1.00223713647
505727,505733,508617,6,2884,2,36000,1.00208044383
505818,505824,508636,6,2812,2,36000,1.00213371266
505839,505845,508946,6,3101,2,36000,1.00193485972
505854,505860,508667,6,2807,2,36000,1.00213751336
505870,505876,508604,6,2728,2,36000,1.00219941349
505885,505891,508710,6,2819,2,36000,1.00212841433
505936,505942,508820,6,2878,2,36000,1.0020847811
505988,505994,508948,6,2954,2,36000,1.00203114421
506012,506018,509157,6,3139,2,36000,1.00191143676
506030,506036,508856,6,2820,2,36000,1.00212765957
506072,506078,509368,6,3290,2,36000,1.00182370821
506073,507763,767468,1690,259705,18,288000,1.00650738338
506093,506099,509266,6,3167,2,36000,1.00189453742
506377,506383,509341,6,2958,2,36000,1.00202839757
506459,506465,509482,6,3017,2,36000,1.00198873053
506496,506502,509675,6,3173,2,36000,1.00189095493
506511,506517,510039,6,3522,2,36000,1.00170357751
506830,506836,509823,6,2987,2,36000,1.00200870439
506990,506996,510159,6,3163,2,36000,1.00189693329
507072,507078,509812,6,2734,2,36000,1.00219458669
507188,507193,510399,5,3206,2,36000,1.0015595758
507203,507209,510197,6,2988,2,36000,1.00200803213
507204,507215,510132,11,2917,2,36000,1.0037709976
507205,507220,510510,15,3290,2,36000,1.00455927052
507251,507257,509877,6,2620,2,36000,1.00229007634
507345,507351,509938,6,2587,2,36000,1.00231928875
507360,507366,510170,6,2804,2,36000,1.00213980029
507459,507465,510187,6,2722,2,36000,1.00220426157
507562,507568,510521,6,2953,2,36000,1.00203183204
507586,507592,510893,6,3301,2,36000,1.00181763102
507634,507641,510648,7,3007,2,36000,1.00232790156
507713,507719,510294,6,2575,2,36000,1.00233009709
507759,507769,510879,10,3110,2,36000,1.00321543408
507807,507813,510530,6,2717,2,36000,1.002208318
508085,508092,510844,7,2752,2,36000,1.00254360465
508176,508182,510842,6,2660,2,36000,1.0022556391
508267,508273,511213,6,2940,2,36000,1.00204081633
508348,508354,511184,6,2830,2,36000,1.00212014134
508369,508375,511315,6,2940,2,36000,1.00204081633
508427,508433,511317,6,2884,2,36000,1.00208044383
508580,508586,511488,6,2902,2,36000,1.00206753963
508605,508611,512841,6,4230,2,36000,1.00141843972
508620,508626,511529,6,2903,2,36000,1.00206682742
508638,508644,511547,6,2903,2,36000,1.00206682742
508668,508674,511471,6,2797,2,36000,1.00214515552
508710,508716,511437,6,2721,2,36000,1.00220507166
508819,508825,511586,6,2761,2,36000,1.00217312568
508855,508862,511696,7,2834,2,36000,1.00247000706
508947,508953,511733,6,2780,2,36000,1.00215827338
508948,508959,511721,11,2762,2,36000,1.00398262129
509157,509163,512360,6,3197,2,36000,1.00187675946
509266,509272,512252,6,2980,2,36000,1.00201342282
509341,509348,512007,7,2659,2,36000,1.00263256863
509369,509375,512572,6,3197,2,36000,1.00187675946
509481,509487,512626,6,3139,2,36000,1.00191143676
509677,509683,513979,6,4296,2,36000,1.00139664804
509814,509820,512646,6,2826,2,36000,1.00212314225
509829,509835,512417,6,2582,2,36000,1.00232378002
509877,509884,512748,7,2864,2,36000,1.00244413408
509938,509944,512745,6,2801,2,36000,1.00214209211
510040,510047,512674,7,2627,2,36000,1.00266463647
510131,510137,512926,6,2789,2,36000,1.00215130871
510178,510184,512992,6,2808,2,36000,1.00213675214
510179,510190,513774,11,3584,2,36000,1.00306919643
510181,510195,513565,14,3370,2,36000,1.00415430267
510182,510200,513209,18,3009,2,36000,1.00598205384
510183,510205,513567,22,3362,2,36000,1.00654372397
510185,510211,513250,26,3039,2,36000,1.00855544587
510186,510217,512959,31,2742,2,36000,1.01130561634
510187,510222,512789,35,2567,2,36000,1.01363459291
510189,510227,512970,38,2743,2,36000,1.01385344513
510190,510232,513313,42,3081,2,36000,1.01363193768
510191,510237,513316,46,3079,2,36000,1.01493991556
510192,510243,513003,51,2760,2,36000,1.01847826087
510194,510248,513216,54,2968,2,36000,1.01819407008
510195,510253,513171,58,2918,2,36000,1.01987662783
510196,510258,513121,62,2863,2,36000,1.02165560601
510198,510263,513290,65,3027,2,36000,1.02147340601
510199,510269,513203,70,2934,2,36000,1.02385821404
510200,510274,513062,74,2788,2,36000,1.02654232425
510202,510279,512972,77,2693,2,36000,1.0285926476
510203,510284,513108,81,2824,2,36000,1.02868271955
510204,510289,512992,85,2703,2,36000,1.03144654088
510206,510294,513387,88,3093,2,36000,1.02845134174
510207,510300,513269,93,2969,2,36000,1.03132367801
510208,510305,513306,97,3001,2,36000,1.03232255915
510209,510310,513746,101,3436,2,36000,1.02939464494
510211,510315,513363,104,3048,2,36000,1.03412073491
510212,510321,513393,109,3072,2,36000,1.03548177083
510213,510326,513441,113,3115,2,36000,1.03627608347
510215,510332,513559,117,3227,2,36000,1.03625658506
510216,510337,513279,121,2942,2,36000,1.04112848402
510217,510342,513179,125,2837,2,36000,1.04406062742
510219,510347,513199,128,2852,2,36000,1.04488078541
510235,510352,513103,117,2751,2,36000,1.04252998909
510236,510357,512976,121,2619,2,36000,1.04620084002
510295,510363,514143,68,3780,2,36000,1.01798941799
510400,510410,513065,10,2655,2,36000,1.00376647834
510512,510522,513305,10,2783,2,36000,1.0035932447
510527,510533,513356,6,2823,2,36000,1.00212539851
510542,510548,513535,6,2987,2,36000,1.00200870439
510648,510659,513674,11,3015,2,36000,1.00364842454
510843,510853,514119,10,3266,2,36000,1.00306184936
510857,510864,513792,7,2928,2,36000,1.00239071038
510879,510890,514066,11,3176,2,36000,1.00346347607
510894,510904,514141,10,3237,2,36000,1.0030892802
511187,511196,514177,9,2981,2,36000,1.0030191211
511214,511224,514040,10,2816,2,36000,1.00355113636
511317,511326,514269,9,2943,2,36000,1.00305810398
511319,511332,514434,13,3102,2,36000,1.00419084462
511437,511448,514649,11,3201,2,36000,1.00343642612
511471,511482,514753,11,3271,2,36000,1.00336288597
511489,511499,514501,10,3002,2,36000,1.00333111259
511531,511540,514534,9,2994,2,36000,1.00300601202
511549,511558,514538,9,2980,2,36000,1.00302013423
511586,511597,514544,11,2947,2,36000,1.00373260943
511698,511707,514112,9,2405,2,36000,1.00374220374
511722,511732,514541,10,2809,2,36000,1.00355998576
511737,511745,514569,8,2824,2,36000,1.00283286119
512009,512018,514944,9,2926,2,36000,1.0030758715
512254,512263,515128,9,2865,2,36000,1.00314136126
512361,512372,515537,11,3165,2,36000,1.00347551343
512418,512428,515294,10,2866,2,36000,1.00348918353
512573,512583,515623,10,3040,2,36000,1.00328947368
512627,512638,515458,11,2820,2,36000,1.00390070922
512648,512657,515507,9,2850,2,36000,1.00315789474
512676,512685,515611,9,2926,2,36000,1.0030758715
512746,512756,515771,10,3015,2,36000,1.00331674959
512761,512767,515531,6,2764,2,36000,1.002170767
512791,512800,515704,9,2904,2,36000,1.00309917355
512842,512852,515933,10,3081,2,36000,1.00324569945
512927,512937,515729,10,2792,2,36000,1.00358166189
512961,512970,515941,9,2971,2,36000,1.00302928307
512976,512982,515691,6,2709,2,36000,1.00221483942
512978,512988,516124,10,3136,2,36000,1.00318877551
512979,512993,515689,14,2696,2,36000,1.00519287834
512995,513003,515615,8,2612,2,36000,1.00306278714
512996,513008,516411,12,3403,2,36000,1.00352630032
513011,513017,516100,6,3083,2,36000,1.00194615634
513063,513073,515739,10,2666,2,36000,1.00375093773
513078,513084,515893,6,2809,2,36000,1.00213599146
513105,513114,516228,9,3114,2,36000,1.00289017341
513121,513127,515780,6,2653,2,36000,1.00226159065
513122,513133,515904,11,2771,2,36000,1.00396968603
513174,513182,516277,8,3095,2,36000,1.00258481422
513189,513195,515788,6,2593,2,36000,1.0023139221
513205,513211,515883,6,2672,2,36000,1.00224550898
513206,513217,515885,11,2668,2,36000,1.00412293853
513222,513227,516423,5,3196,2,36000,1.00156445557
513223,513233,516068,10,2835,2,36000,1.00352733686
513251,513261,516211,10,2950,2,36000,1.00338983051
513269,513281,516126,12,2845,2,36000,1.00421792619
513284,513290,516010,6,2720,2,36000,1.00220588235
513299,513306,516101,7,2795,2,36000,1.00250447227
513315,513322,515902,7,2580,2,36000,1.00271317829
513317,513328,516113,11,2785,2,36000,1.0039497307
513318,513333,516470,15,3137,2,36000,1.00478163851
513319,513339,516475,20,3136,2,36000,1.00637755102
513356,513367,516419,11,3052,2,36000,1.00360419397
513371,513377,516352,6,2975,2,36000,1.00201680672
513389,513398,516916,9,3518,2,36000,1.00255827175
513405,513411,516435,6,3024,2,36000,1.00198412698
513444,513453,516536,9,3083,2,36000,1.00291923451
513535,513546,516637,11,3091,2,36000,1.00355871886
513559,513570,516206,11,2636,2,36000,1.00417298938
513575,513581,516948,6,3367,2,36000,1.00178200178
513576,513587,516177,11,2590,2,36000,1.00424710425
513673,513679,516652,6,2973,2,36000,1.00201816347
513746,513752,516510,6,2758,2,36000,1.00217548949
513777,513783,516648,6,2865,2,36000,1.00209424084
513792,513798,516877,6,3079,2,36000,1.00194868464
513981,513986,517120,5,3134,2,36000,1.00159540523
514042,514048,517162,6,3114,2,36000,1.00192678227
514067,514073,516922,6,2849,2,36000,1.00210600211
514112,514118,516868,6,2750,2,36000,1.00218181818
514127,514133,517372,6,3239,2,36000,1.00185242359
514144,514150,516919,6,2769,2,36000,1.00216684724
514145,514156,517000,11,2844,2,36000,1.00386779184
514178,514185,517318,7,3133,2,36000,1.00223428024
514269,514275,517284,6,3009,2,36000,1.00199401795
514436,514442,517422,6,2980,2,36000,1.00201342282
514503,514509,517603,6,3094,2,36000,1.00193923723
514537,514543,517372,6,2829,2,36000,1.00212089077
514539,514549,517502,10,2953,2,36000,1.00338638673
514555,514561,517449,6,2888,2,36000,1.00207756233
514556,514567,517424,11,2857,2,36000,1.00385019251
514571,514577,517388,6,2811,2,36000,1.00213447172
514650,514656,517374,6,2718,2,36000,1.00220750552
514756,514762,517552,6,2790,2,36000,1.00215053763
514947,514954,517927,7,2973,2,36000,1.00235452405
515129,515135,518618,6,3483,2,36000,1.00172265289
515295,515301,517838,6,2537,2,36000,1.00236499803
515459,515465,518259,6,2794,2,36000,1.00214745884
515510,515516,518552,6,3036,2,36000,1.00197628458
515531,515538,518389,7,2851,2,36000,1.00245527885
515547,515553,518351,6,2798,2,36000,1.00214438885
515613,515619,518699,6,3080,2,36000,1.00194805195
515629,515634,518273,5,2639,2,36000,1.00189465707
515630,515640,518629,10,2989,2,36000,1.00334560054
515691,515697,518233,6,2536,2,36000,1.0023659306
515692,515703,518733,11,3030,2,36000,1.00363036304
515707,515714,518666,7,2952,2,36000,1.00237127371
515728,515735,518838,7,3103,2,36000,1.00225588141
515743,515750,518579,7,2829,2,36000,1.00247437257
515771,515777,518911,6,3134,2,36000,1.00191448628
515787,515792,518600,5,2808,2,36000,1.00178062678
515802,515808,519553,6,3745,2,36000,1.00160213618
515884,515890,518877,6,2987,2,36000,1.00200870439
515899,515905,518889,6,2984,2,36000,1.00201072386
515901,515911,518627,10,2716,2,36000,1.00368188513
515916,515922,518582,6,2660,2,36000,1.0022556391
515917,515928,518847,11,2919,2,36000,1.00376841384
515935,515942,518953,7,3011,2,36000,1.00232480903
515951,515957,518856,6,2899,2,36000,1.0020696792
516011,516017,519160,6,3143,2,36000,1.00190900414
516069,516075,519101,6,3026,2,36000,1.0019828156
516103,516109,519365,6,3256,2,36000,1.00184275184
516104,516115,519547,11,3432,2,36000,1.00320512821
516119,516125,519478,6,3353,2,36000,1.00178944229
516134,516141,519187,7,3046,2,36000,1.00229809586
516136,516147,519385,11,3238,2,36000,1.00339715874
516178,516184,519684,6,3500,2,36000,1.00171428571
516205,516212,519202,7,2990,2,36000,1.00234113712
516221,516227,518973,6,2746,2,36000,1.00218499636
516236,516242,519022,6,2780,2,36000,1.00215827338
516278,516284,518994,6,2710,2,36000,1.00221402214
516354,516360,519388,6,3028,2,36000,1.00198150594
516411,516417,519579,6,3162,2,36000,1.00189753321
516427,516433,519522,6,3089,2,36000,1.00194237617
516428,516439,519206,11,2767,2,36000,1.00397542465
516443,516449,519085,6,2636,2,36000,1.00227617602
516471,516477,519076,6,2599,2,36000,1.00230858022
516486,516492,519222,6,2730,2,36000,1.0021978022
516510,516516,519235,6,2719,2,36000,1.00220669364
516537,516544,519269,7,2725,2,36000,1.00256880734
516638,516644,519285,6,2641,2,36000,1.00227186672
516653,516659,519413,6,2754,2,36000,1.00217864924
516654,516665,520021,11,3356,2,36000,1.00327771156
516869,516875,519542,6,2667,2,36000,1.00224971879
516885,516891,520356,6,3465,2,36000,1.00173160173
516918,516925,519587,7,2662,2,36000,1.0026296018
516934,516940,519803,6,2863,2,36000,1.00209570381
516935,516946,520010,11,3064,2,36000,1.00359007833
516950,516956,520161,6,3205,2,36000,1.00187207488
517001,517007,520011,6,3004,2,36000,1.00199733688
517119,517125,519904,6,2779,2,36000,1.00215905002
517166,517172,519960,6,2788,2,36000,1.00215208034
517283,517290,519888,7,2598,2,36000,1.00269438029
517317,517323,520235,6,2912,2,36000,1.00206043956
517371,517378,520775,7,3397,2,36000,1.00206064174
517373,517384,520535,11,3151,2,36000,1.00349095525
517389,517395,520357,6,2962,2,36000,1.00202565834
517390,517401,520513,11,3112,2,36000,1.00353470437
517424,517430,520124,6,2694,2,36000,1.00222717149
517425,517436,520612,11,3176,2,36000,1.00346347607
517450,517456,520871,6,3415,2,36000,1.00175695461
517505,517511,520308,6,2797,2,36000,1.00214515552
517553,517559,520383,6,2824,2,36000,1.00212464589
517604,517610,520403,6,2793,2,36000,1.00214822771
517838,517844,520553,6,2709,2,36000,1.00221483942
517929,517935,520818,6,2883,2,36000,1.00208116545
518235,518241,521048,6,2807,2,36000,1.00213751336
518259,518265,521370,6,3105,2,36000,1.00193236715
518274,518280,521572,6,3292,2,36000,1.00182260024
518353,518360,521207,7,2847,2,36000,1.00245872849
518390,518396,521648,6,3252,2,36000,1.00184501845
518554,518560,521477,6,2917,2,36000,1.00205690778
518581,518587,521794,6,3207,2,36000,1.00187090739
518582,518593,521524,11,2931,2,36000,1.00375298533
518601,518607,521282,6,2675,2,36000,1.00224299065
518619,518625,521675,6,3050,2,36000,1.00196721311
518634,518640,521311,6,2671,2,36000,1.00224634968
518636,518646,521848,10,3202,2,36000,1.00312304809
518666,518672,521670,6,2998,2,36000,1.00200133422
518699,518706,521094,7,2388,2,36000,1.00293132328
518733,518739,521772,6,3033,2,36000,1.00197823937
518838,518844,521872,6,3028,2,36000,1.00198150594
518853,518859,521652,6,2793,2,36000,1.00214822771
518868,518874,521824,6,2950,2,36000,1.00203389831
518883,518889,521616,6,2727,2,36000,1.00220022002
518898,518905,522693,7,3788,2,36000,1.00184794087
518914,518920,521629,6,2709,2,36000,1.00221483942
518953,518959,522706,6,3747,2,36000,1.00160128102
518974,518980,521833,6,2853,2,36000,1.00210304942
518995,519001,522074,6,3073,2,36000,1.00195248942
519022,519029,521979,7,2950,2,36000,1.00237288136
519077,519083,521874,6,2791,2,36000,1.00214976711
519092,519098,522237,6,3139,2,36000,1.00191143676
519108,519113,522540,5,3427,2,36000,1.00145900204
519162,519168,522329,6,3161,2,36000,1.0018981335
519186,519193,522130,7,2937,2,36000,1.00238338441
519205,519211,521877,6,2666,2,36000,1.00225056264
519220,519226,522033,6,2807,2,36000,1.00213751336
519235,519241,522593,6,3352,2,36000,1.00178997613
519236,519247,522258,11,3011,2,36000,1.00365327134
519270,519276,522268,6,2992,2,36000,1.00200534759
519288,519294,522758,6,3464,2,36000,1.00173210162
519366,519372,522201,6,2829,2,36000,1.00212089077
519387,519394,522095,7,2701,2,36000,1.00259163273
519389,519400,522441,11,3041,2,36000,1.00361723117
519413,519419,522508,6,3089,2,36000,1.00194237617
519480,519485,522644,5,3159,2,36000,1.00158277936
519522,519528,522629,6,3101,2,36000,1.00193485972
519543,519549,522585,6,3036,2,36000,1.00197628458
519559,519565,522754,6,3189,2,36000,1.00188146754
519560,519571,522622,11,3051,2,36000,1.00360537529
519582,519588,522198,6,2610,2,36000,1.00229885057
519597,519603,522424,6,2821,2,36000,1.00212690535
519685,519691,522949,6,3258,2,36000,1.00184162063
519806,519812,522683,6,2871,2,36000,1.00208986416
519890,519896,522738,6,2842,2,36000,1.0021111893
519905,519911,522981,6,3070,2,36000,1.00195439739
519963,519969,522897,6,2928,2,36000,1.00204918033
520011,520017,523375,6,3358,2,36000,1.00178677784
520013,520023,522810,10,2787,2,36000,1.00358808755
520028,520034,523364,6,3330,2,36000,1.0018018018
520124,520131,523063,7,2932,2,36000,1.00238744884
520164,520170,523471,6,3301,2,36000,1.00181763102
520236,520243,522988,7,2745,2,36000,1.00255009107
520309,520315,523041,6,2726,2,36000,1.00220102715
520358,520364,523433,6,3069,2,36000,1.00195503421
520359,520370,523053,11,2683,2,36000,1.00409988818
520384,520390,523224,6,2834,2,36000,1.00211714891
520405,520411,523467,6,3056,2,36000,1.00196335079
520513,520520,523311,7,2791,2,36000,1.00250806163
520534,520541,523474,7,2933,2,36000,1.00238663484
520555,520562,523380,7,2818,2,36000,1.00248403123
520613,520619,523369,6,2750,2,36000,1.00218181818
520776,520782,523784,6,3002,2,36000,1.00199866755
520818,520824,523643,6,2819,2,36000,1.00212841433
520873,520879,523545,6,2666,2,36000,1.00225056264
521048,521054,524317,6,3263,2,36000,1.00183879865
521097,521103,523906,6,2803,2,36000,1.00214056368
521209,521215,524367,6,3152,2,36000,1.0019035533
521284,521290,524717,6,3427,2,36000,1.00175080245
521311,521318,524098,7,2780,2,36000,1.00251798561
521369,521375,524111,6,2736,2,36000,1.00219298246
521478,521484,524281,6,2797,2,36000,1.00214515552
521526,521532,524613,6,3081,2,36000,1.00194741967
521571,521578,524730,7,3152,2,36000,1.00222081218
521617,521623,524629,6,3006,2,36000,1.00199600798
521632,521638,524632,6,2994,2,36000,1.00200400802
521651,521657,524841,6,3184,2,36000,1.00188442211
521666,521672,524560,6,2888,2,36000,1.00207756233
521682,521688,524706,6,3018,2,36000,1.00198807157
521683,521694,524783,11,3089,2,36000,1.00356102298
521774,521780,524889,6,3109,2,36000,1.00192988099
521795,521801,524732,6,2931,2,36000,1.00204708291
521825,521831,524699,6,2868,2,36000,1.00209205021
521840,521847,524557,7,2710,2,36000,1.00258302583
521856,521862,524583,6,2721,2,36000,1.00220507166
521874,521880,524715,6,2835,2,36000,1.00211640212
521875,521886,524987,11,3101,2,36000,1.00354724282
521890,521896,524953,6,3057,2,36000,1.00196270854
521981,521987,525001,6,3014,2,36000,1.00199071002
522036,522042,525006,6,2964,2,36000,1.0020242915
522075,522081,525167,6,3086,2,36000,1.00194426442
522096,522102,525324,6,3222,2,36000,1.00186219739
522133,522139,525053,6,2914,2,36000,1.00205902539
522200,522205,525398,5,3193,2,36000,1.00156592546
522215,522221,525256,6,3035,2,36000,1.00197693575
522239,522245,525292,6,3047,2,36000,1.00196914998
522260,522266,525080,6,2814,2,36000,1.00213219616
522275,522281,525071,6,2790,2,36000,1.00215053763
522330,522336,525107,6,2771,2,36000,1.00216528329
522424,522430,525555,6,3125,2,36000,1.00192
522442,522448,525119,6,2671,2,36000,1.00224634968
522508,522514,525077,6,2563,2,36000,1.00234100663
522541,522548,525418,7,2870,2,36000,1.00243902439
522587,522593,525829,6,3236,2,36000,1.00185414091
522602,522609,525710,7,3101,2,36000,1.00225733634
522624,522630,525766,6,3136,2,36000,1.00191326531
522639,522645,525738,6,3093,2,36000,1.00193986421
522654,522660,525544,6,2884,2,36000,1.00208044383
522684,522691,525736,7,3045,2,36000,1.00229885057
522700,522706,525443,6,2737,2,36000,1.00219218122
522715,522721,525573,6,2852,2,36000,1.00210378682
522739,522745,525584,6,2839,2,36000,1.00211342022
522754,522760,525622,6,2862,2,36000,1.00209643606
522769,522775,526216,6,3441,2,36000,1.00174367916
522811,522818,526130,7,3312,2,36000,1.00211352657
522899,522905,525790,6,2885,2,36000,1.0020797227
522950,522956,525706,6,2750,2,36000,1.00218181818
522984,522990,525699,6,2709,2,36000,1.00221483942
522999,523005,526195,6,3190,2,36000,1.00188087774
523041,523047,526927,6,3880,2,36000,1.00154639175
523056,523062,526467,6,3405,2,36000,1.00176211454
523071,523077,525956,6,2879,2,36000,1.00208405696
523225,523231,526258,6,3027,2,36000,1.00198216056
523313,523319,526341,6,3022,2,36000,1.00198544011
523364,523370,526358,6,2988,2,36000,1.00200803213
523379,523386,526614,7,3228,2,36000,1.0021685254
523381,523392,526274,11,2882,2,36000,1.00381679389
523382,523397,526253,15,2856,2,36000,1.00525210084
523434,523440,526445,6,3005,2,36000,1.00199667221
523467,523473,526306,6,2833,2,36000,1.00211789622
523482,523489,526231,7,2742,2,36000,1.00255288111
523484,523495,526096,11,2601,2,36000,1.00422914264
523547,523553,526420,6,2867,2,36000,1.00209277991
523644,523650,526501,6,2851,2,36000,1.00210452473
523786,523792,527253,6,3461,2,36000,1.001733603
523908,523914,526936,6,3022,2,36000,1.00198544011
524098,524104,527049,6,2945,2,36000,1.00203735144
524113,524119,526858,6,2739,2,36000,1.0021905805
524282,524288,527268,6,2980,2,36000,1.00201342282
524319,524325,527305,6,2980,2,36000,1.00201342282
524367,524373,527230,6,2857,2,36000,1.00210010501
524561,524567,527415,6,2848,2,36000,1.00210674157
524562,524573,527713,11,3140,2,36000,1.00350318471
524587,524593,527248,6,2655,2,36000,1.00225988701
524614,524620,527525,6,2905,2,36000,1.00206540448
524630,524636,527193,6,2557,2,36000,1.0023464998
524645,524651,527458,6,2807,2,36000,1.00213751336
524702,524708,528392,6,3684,2,36000,1.0016286645
524718,524724,528113,6,3389,2,36000,1.00177043376
524719,524730,527673,11,2943,2,36000,1.00373768264
524721,524735,527819,14,3084,2,36000,1.00453955901
524736,524742,528022,6,3280,2,36000,1.00182926829
524737,524748,527600,11,2852,2,36000,1.0038569425
524783,524789,528245,6,3456,2,36000,1.00173611111
524843,524850,527920,7,3070,2,36000,1.00228013029
524889,524895,527825,6,2930,2,36000,1.00204778157
524952,524958,528030,6,3072,2,36000,1.001953125
524989,524995,527788,6,2793,2,36000,1.00214822771
525004,525010,527699,6,2689,2,36000,1.00223131276
525019,525025,527937,6,2912,2,36000,1.00206043956
525055,525061,527930,6,2869,2,36000,1.00209132102
525073,525079,528295,6,3216,2,36000,1.00186567164
525088,525094,527992,6,2898,2,36000,1.00207039337
525090,525100,527949,10,2849,2,36000,1.00351000351
525108,525114,528176,6,3062,2,36000,1.00195950359
525123,525129,528070,6,2941,2,36000,1.00204012241
525168,525174,528111,6,2937,2,36000,1.00204290092
525259,525265,528096,6,2831,2,36000,1.00211939244
525292,525298,528290,6,2992,2,36000,1.00200534759
525325,525332,529179,7,3847,2,36000,1.00181959969
525398,525404,528494,6,3090,2,36000,1.00194174757
525419,525425,528200,6,2775,2,36000,1.00216216216
525443,525450,528038,7,2588,2,36000,1.00270479134
525546,525552,528285,6,2733,2,36000,1.00219538968
525561,525568,528711,7,3143,2,36000,1.00222717149
525576,525583,528409,7,2826,2,36000,1.00247699929
525592,525598,528713,6,3115,2,36000,1.00192616372
525622,525628,528457,6,2829,2,36000,1.00212089077
525701,525707,528634,6,2927,2,36000,1.00204988042
525716,525722,528664,6,2942,2,36000,1.00203942896
525717,525728,528643,11,2915,2,36000,1.00377358491
525736,525742,528470,6,2728,2,36000,1.00219941349
525737,525748,528788,11,3040,2,36000,1.00361842105
525765,525771,528952,6,3181,2,36000,1.00188619931
525789,525795,528805,6,3010,2,36000,1.00199335548
525831,525837,528928,6,3091,2,36000,1.00194111938
525958,525964,528747,6,2783,2,36000,1.00215594682
526097,526103,529066,6,2963,2,36000,1.00202497469
526130,526136,528940,6,2804,2,36000,1.00213980029
526197,526202,530407,5,4205,2,36000,1.00118906064
526215,526221,529537,6,3316,2,36000,1.00180940893
526233,526239,529473,6,3234,2,36000,1.00185528757
526255,526261,529397,6,3136,2,36000,1.00191326531
526270,526276,528766,6,2490,2,36000,1.00240963855
526285,526291,529411,6,3120,2,36000,1.00192307692
526306,526312,528977,6,2665,2,36000,1.00225140713
526342,526348,529222,6,2874,2,36000,1.00208768267
526360,526366,529232,6,2866,2,36000,1.00209351012
526421,526427,529320,6,2893,2,36000,1.00207397166
526448,526454,529228,6,2774,2,36000,1.0021629416
526469,526475,529024,6,2549,2,36000,1.00235386426
526502,526508,529168,6,2660,2,36000,1.0022556391
526618,526624,529250,6,2626,2,36000,1.00228484387
526861,526867,529776,6,2909,2,36000,1.00206256446
526927,526934,529660,7,2726,2,36000,1.002567865
526942,526948,530096,6,3148,2,36000,1.00190597205
527000,527006,527007,6,1,2,3540,1.0
527051,527057,530295,6,3238,2,36000,1.00185299568
527194,527200,530442,6,3242,2,36000,1.00185070944
527230,527236,530320,6,3084,2,36000,1.00194552529
527248,527255,530283,7,3028,2,36000,1.00231175694
527263,527270,530454,7,3184,2,36000,1.00219849246
527278,527285,530418,7,3133,2,36000,1.00223428024
527306,527312,530760,6,3448,2,36000,1.00174013921
527418,527424,530177,6,2753,2,36000,1.00217944061
527461,527467,530351,6,2884,2,36000,1.00208044383
527527,527533,530297,6,2764,2,36000,1.002170767
527600,527606,530718,6,3112,2,36000,1.00192802057
527675,527681,530411,6,2730,2,36000,1.0021978022
527699,527705,530361,6,2656,2,36000,1.00225903614
527711,527717,527879,6,162,1,3600,1.03703703704
527714,527723,530952,9,3229,2,36000,1.00278724063
527790,527796,530789,6,2993,2,36000,1.00200467758
527821,527827,531051,6,3224,2,36000,1.00186104218
527835,527842,530512,7,2670,2,36000,1.00262172285
527921,527927,530392,6,2465,2,36000,1.00243407708
527936,527942,530758,6,2816,2,36000,1.00213068182
527937,527948,531289,11,3341,2,36000,1.00329242742
527953,527959,531531,6,3572,2,36000,1.00167973124
527992,527998,531165,6,3167,2,36000,1.00189453742
528022,528029,530975,7,2946,2,36000,1.00237610319
528038,528044,531358,6,3314,2,36000,1.00181050091
528039,528050,530829,11,2779,2,36000,1.00395825837
528065,528072,528408,7,336,1,3600,1.02083333333
528072,528078,531075,6,2997,2,36000,1.002002002
528097,528103,531010,6,2907,2,36000,1.00206398349
528112,528118,531195,6,3077,2,36000,1.00194995125
528127,528133,531064,6,2931,2,36000,1.00204708291
528178,528184,531175,6,2991,2,36000,1.00200601805
528202,528209,530880,7,2671,2,36000,1.0026207413
528245,528251,531824,6,3573,2,36000,1.00167926113
528288,528295,531006,7,2711,2,36000,1.00258207304
528304,528310,531408,6,3098,2,36000,1.00193673338
528306,528316,531375,10,3059,2,36000,1.00326904217
528394,528400,531499,6,3099,2,36000,1.00193610842
528412,528418,531438,6,3020,2,36000,1.00198675497
528458,528464,531150,6,2686,2,36000,1.00223380491
528473,528479,531724,6,3245,2,36000,1.00184899846
528494,528500,531179,6,2679,2,36000,1.00223964166
528637,528643,531407,6,2764,2,36000,1.002170767
528652,528658,531791,6,3133,2,36000,1.00191509735
528667,528673,531481,6,2808,2,36000,1.00213675214
528713,528719,531607,6,2888,2,36000,1.00207756233
528714,528725,532077,11,3352,2,36000,1.00328162291
528748,528754,531949,6,3195,2,36000,1.00187793427
528769,528775,531440,6,2665,2,36000,1.00225140713
528773,528781,529622,8,841,1,3600,1.00951248514
528790,528796,531767,6,2971,2,36000,1.00201952205
528805,528811,531964,6,3153,2,36000,1.00190294957
528929,528936,531686,7,2750,2,36000,1.00254545455
528945,528951,532066,6,3115,2,36000,1.00192616372
528959,528965,531772,6,2807,2,36000,1.00213751336
528977,528984,532225,7,3241,2,36000,1.00215982721
529026,529032,531980,6,2948,2,36000,1.00203527815
529068,529074,532067,6,2993,2,36000,1.00200467758
529171,529177,532393,6,3216,2,36000,1.00186567164
529186,529192,532466,6,3274,2,36000,1.00183262065
529223,529229,532131,6,2902,2,36000,1.00206753963
529238,529244,532319,6,3075,2,36000,1.00195121951
529239,529250,532000,11,2750,2,36000,1.004
529254,529260,532071,6,2811,2,36000,1.00213447172
529321,529327,532128,6,2801,2,36000,1.00214209211
529396,529403,532573,7,3170,2,36000,1.00220820189
529412,529418,532230,6,2812,2,36000,1.00213371266
529475,529482,531950,7,2468,2,36000,1.0028363047
529539,529545,532864,6,3319,2,36000,1.00180777343
529661,529667,532532,6,2865,2,36000,1.00209424084
529777,529783,532914,6,3131,2,36000,1.00191632066
530097,530104,532822,7,2718,2,36000,1.00257542311
530180,530187,533323,7,3136,2,36000,1.00223214286
530284,530290,533166,6,2876,2,36000,1.00208623088
530299,530305,533132,6,2827,2,36000,1.00212239123
530300,530311,533648,11,3337,2,36000,1.00329637399
530321,530328,533342,7,3014,2,36000,1.00232249502
530352,530358,533652,6,3294,2,36000,1.00182149362
530367,530373,533466,6,3093,2,36000,1.00193986421
530391,530398,533292,7,2894,2,36000,1.00241879751
530410,530416,533279,6,2863,2,36000,1.00209570381
530426,530432,533461,6,3029,2,36000,1.00198085177
530427,530438,533758,11,3320,2,36000,1.00331325301
530442,530449,533783,7,3334,2,36000,1.00209958008
530457,530464,533163,7,2699,2,36000,1.00259355317
530512,530519,533735,7,3216,2,36000,1.00217661692
530719,530725,533534,6,2809,2,36000,1.00213599146
530760,530766,534082,6,3316,2,36000,1.00180940893
530761,530772,533817,11,3045,2,36000,1.00361247947
530791,530798,534048,7,3250,2,36000,1.00215384615
530824,530830,530941,6,111,1,3600,1.05405405405
530831,530837,533633,6,2796,2,36000,1.00214592275
530882,530888,533796,6,2908,2,36000,1.00206327373
530953,530959,533804,6,2845,2,36000,1.00210896309
530977,530983,534057,6,3074,2,36000,1.00195185426
531008,531014,534687,6,3673,2,36000,1.00163354206
531023,531029,534120,6,3091,2,36000,1.00194111938
531053,531059,533990,6,2931,2,36000,1.00204708291
531068,531074,533941,6,2867,2,36000,1.00209277991
531083,531090,534021,7,2931,2,36000,1.00238826339
531109,531115,531429,6,314,1,3600,1.01910828025
531147,531153,534112,6,2959,2,36000,1.00202771206
531165,531171,534474,6,3303,2,36000,1.00181653043
531181,531186,534641,5,3455,2,36000,1.001447178
531182,531192,533926,10,2734,2,36000,1.00365764448
531197,531203,534404,6,3201,2,36000,1.00187441425
531217,531223,531396,6,173,1,3600,1.03468208092
531292,531298,534288,6,2990,2,36000,1.00200668896
531358,531364,534405,6,3041,2,36000,1.00197303519
531377,531383,534250,6,2867,2,36000,1.00209277991
531408,531414,534007,6,2593,2,36000,1.0023139221
531409,531420,534650,11,3230,2,36000,1.00340557276
531441,531447,534428,6,2981,2,36000,1.0020127474
531442,531453,534492,11,3039,2,36000,1.00361961171
531482,531488,534643,6,3155,2,36000,1.00190174326
531500,531507,534583,7,3076,2,36000,1.0022756827
531531,531537,534408,6,2871,2,36000,1.00208986416
531566,531572,531910,6,338,1,3600,1.01775147929
531606,531612,534815,6,3203,2,36000,1.00187324383
531688,531694,534540,6,2846,2,36000,1.00210822207
531724,531731,534932,7,3201,2,36000,1.00218681662
531767,531773,534516,6,2743,2,36000,1.00218738607
531782,531788,535130,6,3342,2,36000,1.00179533214
531797,531803,534371,6,2568,2,36000,1.0023364486
531824,531831,534659,7,2828,2,36000,1.00247524752
531841,531847,532442,6,595,1,3600,1.01008403361
531949,531955,534776,6,2821,2,36000,1.00212690535
531951,531961,535064,10,3103,2,36000,1.00322268772
531966,531972,534760,6,2788,2,36000,1.00215208034
531981,531987,535449,6,3462,2,36000,1.00173310225
532002,532008,534823,6,2815,2,36000,1.00213143872
532066,532072,534772,6,2700,2,36000,1.00222222222
532082,532088,535083,6,2995,2,36000,1.0020033389
532083,532094,535431,11,3337,2,36000,1.00329637399
532084,532099,535333,15,3234,2,36000,1.00463821892
532130,532136,535246,6,3110,2,36000,1.00192926045
532145,532151,535166,6,3015,2,36000,1.00199004975
532200,532207,532947,7,740,1,3600,1.00945945946
532227,532233,535699,6,3466,2,36000,1.00173110214
532242,532248,535220,6,2972,2,36000,1.00201884253
532320,532327,535729,7,3402,2,36000,1.00205761317
532393,532399,535388,6,2989,2,36000,1.00200736032
532466,532472,535335,6,2863,2,36000,1.00209570381
532533,532538,535721,5,3183,2,36000,1.00157084511
532575,532581,535267,6,2686,2,36000,1.00223380491
532824,532830,535640,6,2810,2,36000,1.00213523132
532866,532872,535546,6,2674,2,36000,1.00224382947
532915,532921,536062,6,3141,2,36000,1.00191021968
533134,533140,536215,6,3075,2,36000,1.00195121951
533165,533171,536170,6,2999,2,36000,1.00200066689
533180,533186,536384,6,3198,2,36000,1.00187617261
533280,533286,536128,6,2842,2,36000,1.0021111893
533295,533301,536543,6,3242,2,36000,1.00185070944
533325,533331,536056,6,2725,2,36000,1.00220183486
533343,533349,536452,6,3103,2,36000,1.00193361263
533462,533468,536153,6,2685,2,36000,1.00223463687
533477,533483,536367,6,2884,2,36000,1.00208044383
533534,533540,536397,6,2857,2,36000,1.00210010501
533634,533640,536505,6,2865,2,36000,1.00209424084
533649,533655,536617,6,2962,2,36000,1.00202565834
533664,533670,536483,6,2813,2,36000,1.00213295414
533737,533743,536678,6,2935,2,36000,1.00204429302
533758,533764,536705,6,2941,2,36000,1.00204012241
533785,533792,536480,7,2688,2,36000,1.00260416667
533800,533807,536779,7,2972,2,36000,1.00235531629
533816,533822,536913,6,3091,2,36000,1.00194111938
533817,533828,536744,11,2916,2,36000,1.00377229081
533927,533933,536999,6,3066,2,36000,1.00195694716
533942,533948,536805,6,2857,2,36000,1.00210010501
533990,533996,536906,6,2910,2,36000,1.00206185567
534008,534015,537007,7,2992,2,36000,1.00233957219
534024,534030,537153,6,3123,2,36000,1.00192122959
534048,534054,536904,6,2850,2,36000,1.00210526316
534063,534069,536909,6,2840,2,36000,1.00211267606
534084,534090,537290,6,3200,2,36000,1.001875
534115,534121,537107,6,2986,2,36000,1.00200937709
534130,534136,537105,6,2969,2,36000,1.00202088245
534197,534203,534314,6,111,1,3600,1.05405405405
534251,534257,537749,6,3492,2,36000,1.00171821306
534287,534293,536979,6,2686,2,36000,1.00223380491
534373,534379,537060,6,2681,2,36000,1.00223797091
534404,534410,537167,6,2757,2,36000,1.00217627856
534405,534416,537876,11,3460,2,36000,1.00317919075
534406,534422,537544,16,3122,2,36000,1.00512491992
534428,534434,537285,6,2851,2,36000,1.00210452473
534474,534480,537917,6,3437,2,36000,1.00174570847
534476,534486,534803,10,317,1,3600,1.03154574132
534495,534501,537339,6,2838,2,36000,1.0021141649
534516,534522,537732,6,3210,2,36000,1.00186915888
534540,534547,537236,7,2689,2,36000,1.00260319821
534583,534589,537871,6,3282,2,36000,1.00182815356
534644,534650,537539,6,2889,2,36000,1.0020768432
534645,534656,537771,11,3115,2,36000,1.00353130016
534661,534667,537654,6,2987,2,36000,1.00200870439
534662,534673,537727,11,3054,2,36000,1.00360183366
534687,534693,537701,6,3008,2,36000,1.00199468085
534759,534765,538005,6,3240,2,36000,1.00185185185
534775,534781,538059,6,3278,2,36000,1.00183038438
534776,534787,537608,11,2821,2,36000,1.00389932648
534816,534822,537682,6,2860,2,36000,1.0020979021
534831,534837,537927,6,3090,2,36000,1.00194174757
534906,534912,535030,6,118,1,1800,1.05084745763
534931,534937,537962,6,3025,2,36000,1.00198347107
535065,535072,538208,7,3136,2,36000,1.00223214286
535084,535090,538389,6,3299,2,36000,1.00181873295
535129,535135,538696,6,3561,2,36000,1.00168491997
535166,535172,537853,6,2681,2,36000,1.00223797091
535221,535227,538322,6,3095,2,36000,1.00193861066
535248,535254,538686,6,3432,2,36000,1.00174825175
535250,535260,535861,10,601,1,3600,1.01663893511
535269,535275,538797,6,3522,2,36000,1.00170357751
535328,535335,535446,7,111,1,1800,1.06306306306
535334,535341,538278,7,2937,2,36000,1.00238338441
535349,535355,538180,6,2825,2,36000,1.00212389381
535388,535394,538614,6,3220,2,36000,1.00186335404
535434,535440,538637,6,3197,2,36000,1.00187675946
535449,535457,538508,8,3051,2,36000,1.00262209112
535546,535552,538398,6,2846,2,36000,1.00210822207
535640,535646,538916,6,3270,2,36000,1.00183486239
535701,535707,538641,6,2934,2,36000,1.00204498978
535722,535728,538521,6,2793,2,36000,1.00214822771
535738,535744,538672,6,2928,2,36000,1.00204918033
536057,536064,539135,7,3071,2,36000,1.00227938782
536072,536079,539200,7,3121,2,36000,1.00224287087
536103,536109,536670,6,561,1,1800,1.01069518717
536127,536133,539454,6,3321,2,36000,1.00180668473
536154,536160,538914,6,2754,2,36000,1.00217864924
536170,536176,539412,6,3236,2,36000,1.00185414091
536215,536221,538881,6,2660,2,36000,1.0022556391
536367,536373,539577,6,3204,2,36000,1.00187265918
536384,536391,539105,7,2714,2,36000,1.00257921887
536400,536406,539087,6,2681,2,36000,1.00223797091
536454,536461,539446,7,2985,2,36000,1.00234505863
536482,536488,539543,6,3055,2,36000,1.00196399345
536483,536494,539377,11,2883,2,36000,1.00381547
536505,536511,539365,6,2854,2,36000,1.00210231254
536545,536551,539681,6,3130,2,36000,1.00191693291
536617,536623,539474,6,2851,2,36000,1.00210452473
536678,536685,539745,7,3060,2,36000,1.0022875817
536706,536712,539584,6,2872,2,36000,1.00208913649
536746,536752,539693,6,2941,2,36000,1.00204012241
536779,536785,539769,6,2984,2,36000,1.00201072386
536806,536812,539978,6,3166,2,36000,1.00189513582
536904,536910,540359,6,3449,2,36000,1.00173963468
536920,536926,539792,6,2866,2,36000,1.00209351012
536921,536932,539749,11,2817,2,36000,1.00390486333
536922,536937,539852,15,2915,2,36000,1.0051457976
536980,536986,540196,6,3210,2,36000,1.00186915888
536998,537004,539647,6,2643,2,36000,1.00227014756
537013,537019,540122,6,3103,2,36000,1.00193361263
537059,537065,539632,6,2567,2,36000,1.00233735878
537104,537111,539866,7,2755,2,36000,1.00254083485
537106,537117,539955,11,2838,2,36000,1.00387596899
537155,537161,540172,6,3011,2,36000,1.00199269346
537170,537176,540109,6,2933,2,36000,1.00204568701
537237,537242,540045,5,2803,2,36000,1.00178380307
537285,537292,540474,7,3182,2,36000,1.00219987429
537300,537307,540458,7,3151,2,36000,1.00222151698
537340,537346,540334,6,2988,2,36000,1.00200803213
537540,537546,540399,6,2853,2,36000,1.00210304942
537555,537561,540996,6,3435,2,36000,1.00174672489
537610,537616,540895,6,3279,2,36000,1.00182982617
537655,537662,540319,7,2657,2,36000,1.00263455024
537682,537688,540592,6,2904,2,36000,1.0020661157
537704,537710,540983,6,3273,2,36000,1.00183318057
537728,537734,540555,6,2821,2,36000,1.00212690535
537743,537749,540867,6,3118,2,36000,1.00192431046
537758,537764,541106,6,3342,2,36000,1.00179533214
537773,537780,540900,7,3120,2,36000,1.00224358974
537855,537861,541339,6,3478,2,36000,1.00172512938
537874,537880,540517,6,2637,2,36000,1.00227531286
537889,537895,541181,6,3286,2,36000,1.00182592818
537919,537925,541179,6,3254,2,36000,1.00184388445
537934,537940,540631,6,2691,2,36000,1.0022296544
537964,537971,540679,7,2708,2,36000,1.00258493353
538007,538013,540848,6,2835,2,36000,1.00211640212
538058,538065,541167,7,3102,2,36000,1.00225660864
538181,538187,541377,6,3190,2,36000,1.00188087774
538209,538215,541379,6,3164,2,36000,1.00189633375
538278,538285,541613,7,3328,2,36000,1.00210336538
538324,538330,541201,6,2871,2,36000,1.00208986416
538365,538371,538417,6,46,1,1800,1.13043478261
538390,538396,541113,6,2717,2,36000,1.002208318
538405,538411,541685,6,3274,2,36000,1.00183262065
538509,538515,541833,6,3318,2,36000,1.00180831826
538524,538530,541360,6,2830,2,36000,1.00212014134
538558,538564,538684,6,120,1,1800,1.05
538615,538621,541542,6,2921,2,36000,1.00205409106
538640,538646,541241,6,2595,2,36000,1.00231213873
538641,538652,541741,11,3089,2,36000,1.00356102298
538672,538678,541762,6,3084,2,36000,1.00194552529
538691,538697,541405,6,2708,2,36000,1.00221565731
538706,538712,541792,6,3080,2,36000,1.00194805195
538730,538736,538817,6,81,1,1800,1.07407407407
538797,538802,541462,5,2660,2,36000,1.00187969925
538882,538888,541793,6,2905,2,36000,1.00206540448
538916,538922,541958,6,3036,2,36000,1.00197628458
538917,538928,541995,11,3067,2,36000,1.00358656668
539005,539011,539124,6,113,1,1800,1.05309734513
539090,539097,542250,7,3153,2,36000,1.00222010783
539106,539112,542307,6,3195,2,36000,1.00187793427
539136,539142,542688,6,3546,2,36000,1.00169204738
539200,539206,542600,6,3394,2,36000,1.00176782557
539367,539373,542249,6,2876,2,36000,1.00208623088
539382,539388,542543,6,3155,2,36000,1.00190174326
539412,539418,542200,6,2782,2,36000,1.00215672178
539449,539455,542648,6,3193,2,36000,1.00187911055
539464,539470,542639,6,3169,2,36000,1.00189334175
539479,539485,542641,6,3156,2,36000,1.00190114068
539543,539549,542581,6,3032,2,36000,1.00197889182
539579,539585,543182,6,3597,2,36000,1.00166805671
539594,539600,542558,6,2958,2,36000,1.00202839757
539633,539640,542680,7,3040,2,36000,1.00230263158
539649,539655,542660,6,3005,2,36000,1.00199667221
539654,539661,539947,7,286,1,1800,1.02447552448
539682,539688,542507,6,2819,2,36000,1.00212841433
539697,539703,542903,6,3200,2,36000,1.001875
539746,539752,542627,6,2875,2,36000,1.00208695652
539761,539768,543004,7,3236,2,36000,1.0021631644
539777,539783,542953,6,3170,2,36000,1.00189274448
539788,539794,540363,6,569,1,1800,1.01054481547
539792,539800,542668,8,2868,2,36000,1.00278940028
539852,539859,542881,7,3022,2,36000,1.00231634679
539867,539874,542502,7,2628,2,36000,1.00266362253
539956,539962,542730,6,2768,2,36000,1.00216763006
539977,539984,542719,7,2735,2,36000,1.00255941499
540047,540054,543108,7,3054,2,36000,1.00229207597
540111,540117,543347,6,3230,2,36000,1.00185758514
540126,540132,543300,6,3168,2,36000,1.00189393939
540171,540178,542956,7,2778,2,36000,1.00251979842
540196,540202,543187,6,2985,2,36000,1.00201005025
540320,540326,543189,6,2863,2,36000,1.00209570381
540335,540341,542815,6,2474,2,36000,1.00242522231
540360,540366,543643,6,3277,2,36000,1.00183094294
540400,540406,543432,6,3026,2,36000,1.0019828156
540461,540467,543732,6,3265,2,36000,1.00183767228
540476,540482,543555,6,3073,2,36000,1.00195248942
540518,540524,543193,6,2669,2,36000,1.00224803297
540555,540561,543548,6,2987,2,36000,1.00200870439
540597,540603,543713,6,3110,2,36000,1.00192926045
540627,540633,543658,6,3025,2,36000,1.00198347107
540679,540685,543631,6,2946,2,36000,1.00203665988
540849,540855,543763,6,2908,2,36000,1.00206327373
540867,540873,543608,6,2735,2,36000,1.00219378428
540897,540903,543905,6,3002,2,36000,1.00199866755
540912,540918,543764,6,2846,2,36000,1.00210822207
540985,540991,543805,6,2814,2,36000,1.00213219616
541000,541006,544280,6,3274,2,36000,1.00183262065
541107,541113,543847,6,2734,2,36000,1.00219458669
541122,541128,543816,6,2688,2,36000,1.00223214286
541167,541173,544794,6,3621,2,36000,1.00165700083
541183,541189,544549,6,3360,2,36000,1.00178571429
541184,541195,544247,11,3052,2,36000,1.00360419397
541202,541209,544142,7,2933,2,36000,1.00238663484
541242,541248,543836,6,2588,2,36000,1.00231839258
541342,541348,544430,6,3082,2,36000,1.0019467878
541360,541366,544040,6,2674,2,36000,1.00224382947
541379,541385,544349,6,2964,2,36000,1.0020242915
541380,541391,544136,11,2745,2,36000,1.00400728597
541405,541411,544278,6,2867,2,36000,1.00209277991
541459,541465,544672,6,3207,2,36000,1.00187090739
541541,541547,544705,6,3158,2,36000,1.00189993667
541614,541620,544471,6,2851,2,36000,1.00210452473
541687,541693,544728,6,3035,2,36000,1.00197693575
541741,541747,545466,6,3719,2,36000,1.00161333692
541763,541769,544748,6,2979,2,36000,1.00201409869
541800,541807,545008,7,3201,2,36000,1.00218681662
541802,541813,544868,11,3055,2,36000,1.00360065466
541835,541841,544475,6,2634,2,36000,1.00227790433
541960,541966,545119,6,3153,2,36000,1.00190294957
541996,542002,545748,6,3746,2,36000,1.00160170849
542202,542208,545177,6,2969,2,36000,1.00202088245
542251,542257,544965,6,2708,2,36000,1.00221565731
542253,542263,545450,10,3187,2,36000,1.0031377471
542295,542301,542351,6,50,1,1800,1.12
542307,542313,545220,6,2907,2,36000,1.00206398349
542505,542511,545548,6,3037,2,36000,1.00197563385
542520,542526,545303,6,2777,2,36000,1.00216060497
542544,542551,545706,7,3155,2,36000,1.00221870048
542560,542566,545478,6,2912,2,36000,1.00206043956
542581,542587,545557,6,2970,2,36000,1.00202020202
542602,542609,545436,7,2827,2,36000,1.0024761231
542630,542636,545826,6,3190,2,36000,1.00188087774
542646,542652,545664,6,3012,2,36000,1.00199203187
542647,542658,545420,11,2762,2,36000,1.00398262129
542663,542669,545288,6,2619,2,36000,1.00229095074
542664,542675,545344,11,2669,2,36000,1.00412139378
542680,542686,545337,6,2651,2,36000,1.00226329687
542690,542696,542775,6,79,1,1800,1.07594936709
542695,542702,545550,7,2848,2,36000,1.00245786517
542696,542707,545875,11,3168,2,36000,1.00347222222
542721,542727,545855,6,3128,2,36000,1.00191815857
542736,542742,545541,6,2799,2,36000,1.00214362272
542816,542822,545909,6,3087,2,36000,1.0019436346
542882,542888,546084,6,3196,2,36000,1.00187734668
542903,542910,546197,7,3287,2,36000,1.00212960146
542955,542962,546081,7,3119,2,36000,1.00224430907
542957,542967,546034,10,3067,2,36000,1.00326051516
543005,543012,545983,7,2971,2,36000,1.00235610905
543108,543115,545635,7,2520,2,36000,1.00277777778
543182,543188,546707,6,3519,2,36000,1.00170502984
543198,543204,546519,6,3315,2,36000,1.00180995475
543199,543210,546087,11,2877,2,36000,1.00382342718
543200,543215,546780,15,3565,2,36000,1.00420757363
543301,543307,546143,6,2836,2,36000,1.00211565585
543349,543355,546648,6,3293,2,36000,1.00182204677
543431,543437,546276,6,2839,2,36000,1.00211342022
543550,543556,546374,6,2818,2,36000,1.00212916962
543565,543571,546311,6,2740,2,36000,1.00218978102
543610,543616,546735,6,3119,2,36000,1.00192369349
543631,543638,546418,7,2780,2,36000,1.00251798561
543647,543653,546845,6,3192,2,36000,1.00187969925
543662,543668,546828,6,3160,2,36000,1.00189873418
543713,543719,546417,6,2698,2,36000,1.00222386953
543735,543741,546688,6,2947,2,36000,1.00203596878
543744,543750,544037,6,287,1,1800,1.02090592334
543765,543772,546796,7,3024,2,36000,1.00231481481
543767,543778,546678,11,2900,2,36000,1.00379310345
543806,543813,546647,7,2834,2,36000,1.00247000706
543822,543827,546977,5,3150,2,36000,1.00158730159
543837,543843,546965,6,3122,2,36000,1.00192184497
543852,543858,546787,6,2929,2,36000,1.00204848071
543906,543912,546964,6,3052,2,36000,1.00196592398
544042,544049,547479,7,3430,2,36000,1.00204081633
544137,544143,547354,6,3211,2,36000,1.00186857677
544152,544158,547443,6,3285,2,36000,1.00182648402
544249,544255,547483,6,3228,2,36000,1.00185873606
544280,544286,547855,6,3569,2,36000,1.00168114318
544281,544292,546990,11,2698,2,36000,1.00407709414
544351,544357,547314,6,2957,2,36000,1.00202908353
544430,544436,547695,6,3259,2,36000,1.00184105554
544473,544479,547262,6,2783,2,36000,1.00215594682
544488,544495,547153,7,2658,2,36000,1.00263355907
544549,544555,547277,6,2722,2,36000,1.00220426157
544673,544679,547398,6,2719,2,36000,1.00220669364
544707,544713,547492,6,2779,2,36000,1.00215905002
544728,544734,548209,6,3475,2,36000,1.00172661871
544749,544755,547543,6,2788,2,36000,1.00215208034
544794,544800,548242,6,3442,2,36000,1.00174317257
544870,544876,547565,6,2689,2,36000,1.00223131276
544967,544973,548026,6,3053,2,36000,1.00196528005
545010,545016,547901,6,2885,2,36000,1.0020797227
545119,545125,548000,6,2875,2,36000,1.00208695652
545180,545186,547891,6,2705,2,36000,1.0022181146
545222,545228,548213,6,2985,2,36000,1.00201005025
545289,545294,548599,5,3305,2,36000,1.0015128593
545304,545310,548354,6,3044,2,36000,1.00197109067
545337,545343,548154,6,2811,2,36000,1.00213447172
545353,545359,548360,6,3001,2,36000,1.00199933356
545419,545425,548503,6,3078,2,36000,1.00194931774
545438,545444,548330,6,2886,2,36000,1.00207900208
545453,545459,548227,6,2768,2,36000,1.00216763006
545468,545474,548533,6,3059,2,36000,1.0019614253
545483,545489,548672,6,3183,2,36000,1.00188501414
545544,545550,548224,6,2674,2,36000,1.00224382947
545559,545566,548717,7,3151,2,36000,1.00222151698
545561,545572,548364,11,2792,2,36000,1.00393982808
545562,545577,548356,15,2779,2,36000,1.00539762504
545635,545642,548294,7,2652,2,36000,1.00263951735
545666,545672,548264,6,2592,2,36000,1.00231481481
545705,545712,548756,7,3044,2,36000,1.00229960578
545748,545754,548949,6,3195,2,36000,1.00187793427
545827,545833,549301,6,3468,2,36000,1.00173010381
545854,545860,548414,6,2554,2,36000,1.00234925607
545876,545882,549121,6,3239,2,36000,1.00185242359
545909,545915,548828,6,2913,2,36000,1.00205973223
545982,545988,548889,6,2901,2,36000,1.00206825233
546033,546040,548832,7,2792,2,36000,1.00250716332
546083,546089,549208,6,3119,2,36000,1.00192369349
546084,546095,548996,11,2901,2,36000,1.00379179593
546099,546106,548618,7,2512,2,36000,1.0027866242
546145,546151,548978,6,2827,2,36000,1.00212239123
546197,546203,548740,6,2537,2,36000,1.00236499803
546278,546285,549885,7,3600,2,36000,1.00194444444
546312,546318,549629,6,3311,2,36000,1.00181214135
546376,546382,549364,6,2982,2,36000,1.00201207243
546416,546422,549192,6,2770,2,36000,1.00216606498
546431,546437,549216,6,2779,2,36000,1.00215905002
546521,546527,549368,6,2841,2,36000,1.00211193242
546649,546654,549415,5,2761,2,36000,1.00181093807
546650,546661,549809,11,3148,2,36000,1.00349428208
546678,546684,549786,6,3102,2,36000,1.00193423598
546693,546699,549418,6,2719,2,36000,1.00220669364
546708,546714,549445,6,2731,2,36000,1.00219699744
546736,546742,549879,6,3137,2,36000,1.0019126554
546778,546785,549492,7,2707,2,36000,1.00258588844
546794,546800,550025,6,3225,2,36000,1.00186046512
546809,546815,549689,6,2874,2,36000,1.00208768267
546827,546834,549737,7,2903,2,36000,1.00241129866
546846,546852,550026,6,3174,2,36000,1.00189035917
546964,546970,550097,6,3127,2,36000,1.00191877199
546965,546976,550454,11,3478,2,36000,1.00316273721
546980,546987,550013,7,3026,2,36000,1.00231328486
546996,547002,550232,6,3230,2,36000,1.00185758514
547154,547160,550256,6,3096,2,36000,1.0019379845
547263,547269,550122,6,2853,2,36000,1.00210304942
547278,547284,550041,6,2757,2,36000,1.00217627856
547315,547321,550768,6,3447,2,36000,1.00174064404
547354,547361,550242,7,2881,2,36000,1.00242971191
547397,547403,550922,6,3519,2,36000,1.00170502984
547445,547451,550287,6,2836,2,36000,1.00211565585
547479,547485,550305,6,2820,2,36000,1.00212765957
547494,547500,551084,6,3584,2,36000,1.00167410714
547496,547506,550538,10,3032,2,36000,1.00329815303
547545,547551,550398,6,2847,2,36000,1.00210748156
547566,547572,550517,6,2945,2,36000,1.00203735144
547697,547703,550648,6,2945,2,36000,1.00203735144
547855,547861,550543,6,2682,2,36000,1.00223713647
547891,547897,550622,6,2725,2,36000,1.00220183486
547906,547912,550988,6,3076,2,36000,1.00195058518
548000,548006,550816,6,2810,2,36000,1.00213523132
548028,548034,551498,6,3464,2,36000,1.00173210162
548155,548161,551594,6,3433,2,36000,1.0017477425
548210,548216,551273,6,3057,2,36000,1.00196270854
548226,548232,550981,6,2749,2,36000,1.00218261186
548227,548238,550794,11,2556,2,36000,1.00430359937
548229,548243,551526,14,3283,2,36000,1.00426439232
548245,548251,551589,6,3338,2,36000,1.00179748352
548266,548272,551075,6,2803,2,36000,1.00214056368
548294,548300,551046,6,2746,2,36000,1.00218499636
548330,548336,551264,6,2928,2,36000,1.00204918033
548355,548361,551314,6,2953,2,36000,1.00203183204
548371,548377,551373,6,2996,2,36000,1.00200267023
548372,548383,551202,11,2819,2,36000,1.00390209294
548373,548388,551223,15,2835,2,36000,1.00529100529
548416,548422,551407,6,2985,2,36000,1.00201005025
548505,548511,551212,6,2701,2,36000,1.00222139948
548532,548538,551793,6,3255,2,36000,1.00184331797
548599,548605,551797,6,3192,2,36000,1.00187969925
548620,548627,551743,7,3116,2,36000,1.00224646983
548672,548678,551444,6,2766,2,36000,1.0021691974
548718,548724,551336,6,2612,2,36000,1.00229709035
548742,548749,551402,7,2653,2,36000,1.00263852243
548758,548764,551583,6,2819,2,36000,1.00212841433
548831,548837,551955,6,3118,2,36000,1.00192431046
548832,548843,552094,11,3251,2,36000,1.00338357428
548890,548896,552206,6,3310,2,36000,1.00181268882
548951,548957,551630,6,2673,2,36000,1.00224466891
548978,548984,551942,6,2958,2,36000,1.00202839757
548997,549003,552267,6,3264,2,36000,1.00183823529
549121,549127,552060,6,2933,2,36000,1.00204568701
549191,549198,552691,7,3493,2,36000,1.00200400802
549207,549213,552103,6,2890,2,36000,1.00207612457
549222,549228,551903,6,2675,2,36000,1.00224299065
549298,549304,552255,6,2951,2,36000,1.00203320908
549365,549372,552229,7,2857,2,36000,1.00245012251
549381,549387,555470,6,6083,2,36000,1.00098635542
549416,549422,552186,6,2764,2,36000,1.002170767
549431,549437,552750,6,3313,2,36000,1.00181104739
549446,549453,552623,7,3170,2,36000,1.00220820189
549493,549499,552681,6,3182,2,36000,1.00188560654
549630,549636,553585,6,3949,2,36000,1.00151937199
549691,549697,552405,6,2708,2,36000,1.00221565731
549736,549743,552626,7,2883,2,36000,1.00242802636
549744,549750,549927,6,177,8,144000,1.03389830508
549788,549794,553211,6,3417,2,36000,1.00175592625
549810,549816,553174,6,3358,2,36000,1.00178677784
549877,549882,552383,5,2501,2,36000,1.00199920032
549892,549898,552996,6,3098,2,36000,1.00193673338
549926,549938,574965,12,25027,8,180000,1.00047948216
550014,550021,553074,7,3053,2,36000,1.00229282673
550030,550036,552875,6,2839,2,36000,1.00211342022
550032,550042,553202,10,3160,2,36000,1.00316455696
550047,550053,553510,6,3457,2,36000,1.00173560891
550096,550102,552890,6,2788,2,36000,1.00215208034
550123,550129,552995,6,2866,2,36000,1.00209351012
550232,550238,553059,6,2821,2,36000,1.00212690535
550248,550254,552966,6,2712,2,36000,1.00221238938
550263,550269,552871,6,2602,2,36000,1.00230591852
550288,550294,553298,6,3004,2,36000,1.00199733688
550306,550312,553279,6,2967,2,36000,1.00202224469
550397,550403,553018,6,2615,2,36000,1.00229445507
550452,550458,553562,6,3104,2,36000,1.00193298969
550519,550525,553481,6,2956,2,36000,1.00202976996
550541,550547,553433,6,2886,2,36000,1.00207900208
550556,550562,553342,6,2780,2,36000,1.00215827338
550623,550629,553364,6,2735,2,36000,1.00219378428
550648,550654,554033,6,3379,2,36000,1.00177567328
550770,550776,553455,6,2679,2,36000,1.00223964166
550797,550803,553430,6,2627,2,36000,1.00228397411
550819,550825,553612,6,2787,2,36000,1.00215285253
550922,550928,554094,6,3166,2,36000,1.00189513582
550983,550989,554010,6,3021,2,36000,1.00198609732
550998,551004,554186,6,3182,2,36000,1.00188560654
551047,551053,553798,6,2745,2,36000,1.00218579235
551078,551084,553797,6,2713,2,36000,1.0022115739
551093,551099,553674,6,2575,2,36000,1.00233009709
551205,551212,554126,7,2914,2,36000,1.00240219629
551221,551227,553910,6,2683,2,36000,1.00223630265
551236,551242,554108,6,2866,2,36000,1.00209351012
551267,551273,554241,6,2968,2,36000,1.00202156334
551282,551288,554090,6,2802,2,36000,1.00214132762
551315,551322,553918,7,2596,2,36000,1.00269645609
551337,551343,554282,6,2939,2,36000,1.00204151072
551373,551379,554301,6,2922,2,36000,1.00205338809
551404,551410,554157,6,2747,2,36000,1.00218420095
551419,551425,554354,6,2929,2,36000,1.00204848071
551446,551452,554458,6,3006,2,36000,1.00199600798
551498,551504,554163,6,2659,2,36000,1.0022564874
551526,551532,554188,6,2656,2,36000,1.00225903614
551584,551590,554637,6,3047,2,36000,1.00196914998
551599,551605,554334,6,2729,2,36000,1.00219860755
551601,551611,554670,10,3059,2,36000,1.00326904217
551631,551637,554823,6,3186,2,36000,1.00188323917
551744,551750,554723,6,2973,2,36000,1.00201816347
551793,551799,554418,6,2619,2,36000,1.00229095074
551808,551814,555054,6,3240,2,36000,1.00185185185
551906,551912,554707,6,2795,2,36000,1.00214669052
551942,551948,554762,6,2814,2,36000,1.00213219616
551957,551963,555106,6,3143,2,36000,1.00190900414
552061,552067,555408,6,3341,2,36000,1.0017958695
552094,552100,554843,6,2743,2,36000,1.00218738607
552109,552115,554832,6,2717,2,36000,1.002208318
552185,552191,554965,6,2774,2,36000,1.0021629416
552207,552213,554990,6,2777,2,36000,1.00216060497
552231,552237,555085,6,2848,2,36000,1.00210674157
552255,552261,555317,6,3056,2,36000,1.00196335079
552270,552276,555206,6,2930,2,36000,1.00204778157
552383,552389,555417,6,3028,2,36000,1.00198150594
552407,552413,555424,6,3011,2,36000,1.00199269346
552623,552629,555703,6,3074,2,36000,1.00195185426
552638,552645,555779,7,3134,2,36000,1.00223356733
552681,552687,555373,6,2686,2,36000,1.00223380491
552696,552702,555641,6,2939,2,36000,1.00204151072
552749,552756,556377,7,3621,2,36000,1.00193316763
552820,552826,553846,6,1020,1,86400,1.00588235294
552871,552877,555786,6,2909,2,36000,1.00206256446
552886,552892,556329,6,3437,2,36000,1.00174570847
552901,552907,556544,6,3637,2,36000,1.0016497113
552968,552974,555743,6,2769,2,36000,1.00216684724
552995,553002,556433,7,3431,2,36000,1.00204022151
552997,553008,555867,11,2859,2,36000,1.00384749913
553019,553025,556028,6,3003,2,36000,1.001998002
553061,553067,556292,6,3225,2,36000,1.00186046512
553077,553083,555976,6,2893,2,36000,1.00207397166
553078,553088,556339,10,3251,1,86400,1.00307597662
553175,553181,555956,6,2775,2,36000,1.00216216216
553183,553189,581035,6,27846,1,172800,1.0002154708
553205,553211,556561,6,3350,2,36000,1.00179104478
553221,553227,556754,6,3527,2,36000,1.00170116246
553278,553285,556468,7,3183,2,36000,1.00219918316
553300,553306,556682,6,3376,2,36000,1.00177725118
553345,553351,556216,6,2865,2,36000,1.00209424084
553363,553370,556268,7,2898,2,36000,1.00241545894
553448,553454,556720,6,3266,2,36000,1.00183710961
553450,553460,555974,10,2514,2,36000,1.00397772474
553451,553465,556717,14,3252,2,36000,1.00430504305
553452,553470,556270,18,2800,2,36000,1.00642857143
553454,553476,556306,22,2830,2,36000,1.00777385159
553455,553482,556477,27,2995,2,36000,1.00901502504
553456,553487,556670,31,3183,2,36000,1.00973923971
553457,553492,556992,35,3500,2,36000,1.01
553459,553497,556223,38,2726,2,36000,1.01393983859
553460,553502,556101,42,2599,2,36000,1.01616006156
553461,553508,556470,47,2962,2,36000,1.01586765699
553463,553513,556300,50,2787,2,36000,1.01794043775
553464,553518,556814,54,3296,2,36000,1.01638349515
553466,553523,556608,57,3085,2,36000,1.01847649919
553467,553528,556474,61,2946,2,36000,1.02070604209
553468,553534,556654,66,3120,2,36000,1.02115384615
553469,553539,556707,70,3168,2,36000,1.0220959596
553471,553544,556405,73,2861,2,36000,1.025515554
553472,553549,556713,77,3164,2,36000,1.02433628319
553473,553554,556775,81,3221,2,36000,1.02514746973
553475,553559,556482,84,2923,2,36000,1.02873759836
553476,553565,556700,89,3135,2,36000,1.0283891547
553491,553571,556708,80,3137,2,36000,1.02550207204
553493,553576,556238,83,2662,2,36000,1.03117956424
553512,553581,556634,69,3053,2,36000,1.0226007206
553563,553587,556971,24,3384,2,36000,1.00709219858
553589,553595,556363,6,2768,2,36000,1.00216763006
553613,553620,557148,7,3528,2,36000,1.00198412698
553674,553680,556719,6,3039,2,36000,1.00197433366
553800,553806,556471,6,2665,2,36000,1.00225140713
553801,553812,557117,11,3305,2,36000,1.00332829047
553911,553917,557337,6,3420,2,36000,1.00175438596
553927,553933,556545,6,2612,2,36000,1.00229709035
554012,554018,557715,6,3697,2,36000,1.00162293752
554033,554039,557084,6,3045,2,36000,1.00197044335
554092,554098,556862,6,2764,2,36000,1.002170767
554107,554114,557157,7,3043,2,36000,1.00230036149
554122,554129,557555,7,3426,2,36000,1.00204319907
554138,554144,557489,6,3345,2,36000,1.00179372197
554159,554166,557583,7,3417,2,36000,1.00204858063
554175,554181,557089,6,2908,2,36000,1.00206327373
554190,554196,557355,6,3159,2,36000,1.00189933523
554191,554202,558079,11,3877,2,36000,1.00283724529
554243,554250,558537,7,4287,2,36000,1.00163284348
554283,554289,557411,6,3122,2,36000,1.00192184497
554302,554308,557615,6,3307,2,36000,1.00181433323
554335,554341,557436,6,3095,2,36000,1.00193861066
554354,554360,557161,6,2801,2,36000,1.00214209211
554418,554424,557812,6,3388,2,36000,1.00177095632
554460,554466,557562,6,3096,2,36000,1.0019379845
554639,554646,557770,7,3124,2,36000,1.00224071703
554670,554676,557954,6,3278,2,36000,1.00183038438
554709,554716,557947,7,3231,2,36000,1.00216651192
554725,554731,557721,6,2990,2,36000,1.00200668896
554764,554770,558328,6,3558,2,36000,1.00168634064
554826,554832,558134,6,3302,2,36000,1.00181708056
554841,554847,557985,6,3138,2,36000,1.00191204589
554857,554863,557841,6,2978,2,36000,1.00201477502
554966,554972,558444,6,3472,2,36000,1.0017281106
554991,554997,558050,6,3053,2,36000,1.00196528005
555055,555061,558317,6,3256,2,36000,1.00184275184
555085,555092,557939,7,2847,2,36000,1.00245872849
555107,555113,558133,6,3020,2,36000,1.00198675497
555208,555214,558254,6,3040,2,36000,1.00197368421
555317,555323,558294,6,2971,2,36000,1.00201952205
555375,555381,558125,6,2744,2,36000,1.00218658892
555409,555415,558525,6,3110,2,36000,1.00192926045
555425,555431,558436,6,3005,2,36000,1.00199667221
555426,555437,558734,11,3297,2,36000,1.00333636639
555472,555478,558655,6,3177,2,36000,1.00188857413
555642,555648,559006,6,3358,2,36000,1.00178677784
555703,555709,558765,6,3056,2,36000,1.00196335079
555743,555749,558766,6,3017,2,36000,1.00198873053
555744,555755,565624,11,9869,1,356400,1.00111460128
555780,555786,558667,6,2881,2,36000,1.0020826102
555795,555801,558669,6,2868,2,36000,1.00209205021
555868,555874,558925,6,3051,2,36000,1.00196656834
555957,555963,559128,6,3165,2,36000,1.0018957346
555976,555982,559035,6,3053,2,36000,1.00196528005
555977,555988,559167,11,3179,2,36000,1.00346020761
556029,556035,559322,6,3287,2,36000,1.00182537268
556102,556109,559102,7,2993,2,36000,1.00233879051
556122,556227,565699,105,9472,3,356400,1.01108530405
556215,556221,559524,6,3303,2,36000,1.00181653043
556231,556237,559275,6,3038,2,36000,1.00197498354
556246,556252,559290,6,3038,2,36000,1.00197498354
556271,556277,559376,6,3099,2,36000,1.00193610842
556272,556283,559357,11,3074,2,36000,1.00357839948
556294,556300,559764,6,3464,2,36000,1.00173210162
556309,556315,559707,6,3392,2,36000,1.00176886792
556310,556321,559057,11,2736,2,36000,1.00402046784
556329,556335,559390,6,3055,2,36000,1.00196399345
556363,556369,559509,6,3140,2,36000,1.00191082803
556378,556384,560339,6,3955,2,36000,1.001517067
556405,556412,559408,7,2996,2,36000,1.0023364486
556433,556439,559235,6,2796,2,36000,1.00214592275
556437,556445,565661,8,9216,1,356400,1.00086805556
556471,556477,559626,6,3149,2,36000,1.00190536678
556472,556483,559288,11,2805,2,36000,1.00392156863
556474,556489,559352,15,2863,2,36000,1.00523925952
556491,556497,559449,6,2952,2,36000,1.00203252033
556492,556503,559540,11,3037,2,36000,1.00362199539
556493,556508,559459,15,2951,2,36000,1.0050830227
556546,556552,559134,6,2582,2,36000,1.00232378002
556547,556558,560008,11,3450,2,36000,1.0031884058
556562,556569,559900,7,3331,2,36000,1.00210147103
556608,556614,559606,6,2992,2,36000,1.00200534759
556636,556642,559590,6,2948,2,36000,1.00203527815
556654,556660,559702,6,3042,2,36000,1.00197238659
556673,556679,559588,6,2909,2,36000,1.00206256446
556688,556694,559984,6,3290,2,36000,1.00182370821
556704,556711,559959,7,3248,2,36000,1.00215517241
556721,556727,559398,6,2671,2,36000,1.00224634968
556723,556733,559740,10,3007,2,36000,1.00332557366
556724,556738,559697,14,2959,2,36000,1.00473132815
556725,556744,559318,19,2574,2,36000,1.00738150738
556727,556749,559841,22,3092,2,36000,1.00711513583
556728,556755,560091,27,3336,2,36000,1.00809352518
556757,556763,559483,6,2720,2,36000,1.00220588235
556775,556781,560051,6,3270,2,36000,1.00183486239
556814,557132,567084,318,9952,8,356400,1.03195337621
556815,556820,559715,5,2895,2,36000,1.00172711572
556863,556870,559863,7,2993,2,36000,1.00233879051
556973,556979,560114,6,3135,2,36000,1.0019138756
556995,557001,559756,6,2755,2,36000,1.00217785844
557087,557093,560169,6,3076,2,36000,1.00195058518
557102,557108,560191,6,3083,2,36000,1.00194615634
557120,557126,559847,6,2721,2,36000,1.00220507166
557148,557154,560076,6,2922,2,36000,1.00205338809
557164,557170,560405,6,3235,2,36000,1.00185471406
557165,557176,560267,11,3091,2,36000,1.00355871886
557338,557344,560112,6,2768,2,36000,1.00216763006
557357,557363,560015,6,2652,2,36000,1.00226244344
557412,557418,560468,6,3050,2,36000,1.00196721311
557436,557442,560672,6,3230,2,36000,1.00185758514
557491,557497,560906,6,3409,2,36000,1.00176004693
557558,557564,560807,6,3243,2,36000,1.00185013876
557574,557580,560574,6,2994,2,36000,1.00200400802
557589,557595,560465,6,2870,2,36000,1.00209059233
557616,557622,560474,6,2852,2,36000,1.00210378682
557717,557723,560742,6,3019,2,36000,1.00198741305
557732,557738,560995,6,3257,2,36000,1.00184218606
557772,557778,560890,6,3112,2,36000,1.00192802057
557814,557820,560808,6,2988,2,36000,1.00200803213
557842,557848,560829,6,2981,2,36000,1.0020127474
557942,557948,560998,6,3050,2,36000,1.00196721311
557958,557964,561002,6,3038,2,36000,1.00197498354
557959,557970,561095,11,3125,2,36000,1.00352
557987,557993,561197,6,3204,2,36000,1.00187265918
558050,558057,560742,7,2685,2,36000,1.00260707635
558078,558084,561591,6,3507,2,36000,1.00171086399
558127,558133,561151,6,3018,2,36000,1.00198807157
558143,558149,561345,6,3196,2,36000,1.00187734668
558144,558155,561183,11,3028,2,36000,1.0036327609
558254,558260,561419,6,3159,2,36000,1.00189933523
558296,558303,561095,7,2792,2,36000,1.00250716332
558318,558324,561460,6,3136,2,36000,1.00191326531
558333,558339,561076,6,2737,2,36000,1.00219218122
558437,558443,561471,6,3028,2,36000,1.00198150594
558452,558458,561116,6,2658,2,36000,1.00225733634
558525,558531,561650,6,3119,2,36000,1.00192369349
558540,558546,561340,6,2794,2,36000,1.00214745884
558656,558662,561464,6,2802,2,36000,1.00214132762
558672,558678,562027,6,3349,2,36000,1.00179157958
558673,558684,561552,11,2868,2,36000,1.00383542538
558734,558741,561450,7,2709,2,36000,1.00258397933
558766,558772,561339,6,2567,2,36000,1.00233735878
558767,558778,561977,11,3199,2,36000,1.00343857455
558928,558934,561944,6,3010,2,36000,1.00199335548
559008,559014,561910,6,2896,2,36000,1.0020718232
559035,559041,562108,6,3067,2,36000,1.0019563091
559057,559063,562196,6,3133,2,36000,1.00191509735
559102,559108,562027,6,2919,2,36000,1.00205549846
559130,559136,562176,6,3040,2,36000,1.00197368421
559145,559151,562351,6,3200,2,36000,1.001875
559169,559176,562456,7,3280,2,36000,1.00213414634
559236,559242,562659,6,3417,2,36000,1.00175592625
559276,559282,562705,6,3423,2,36000,1.00175284838
559292,559298,562507,6,3209,2,36000,1.00186974135
559293,559304,562369,11,3065,2,36000,1.00358890701
559322,559328,562643,6,3315,2,36000,1.00180995475
559323,559334,562399,11,3065,2,36000,1.00358890701
559355,559361,562268,6,2907,2,36000,1.00206398349
559371,559377,562442,6,3065,2,36000,1.00195758564
559386,559392,562295,6,2903,2,36000,1.00206682742
559402,559408,562395,6,2987,2,36000,1.00200870439
559403,559414,562470,11,3056,2,36000,1.00359947644
559418,559424,562805,6,3381,2,36000,1.00177462289
559449,559455,562307,6,2852,2,36000,1.00210378682
559464,559470,563069,6,3599,2,36000,1.00166712976
559485,559491,562534,6,3043,2,36000,1.00197173842
559510,559516,562647,6,3131,2,36000,1.00191632066
559525,559531,562763,6,3232,2,36000,1.00185643564
559541,559547,562464,6,2917,2,36000,1.00205690778
559590,559596,562778,6,3182,2,36000,1.00188560654
559591,559602,562604,11,3002,2,36000,1.00366422385
559607,559613,562350,6,2737,2,36000,1.00219218122
559628,559634,562857,6,3223,2,36000,1.00186161961
559699,559705,562946,6,3241,2,36000,1.00185128047
559715,559721,562902,6,3181,2,36000,1.00188619931
559716,559727,562691,11,2964,2,36000,1.00371120108
559718,559732,562582,14,2850,2,36000,1.0049122807
559743,559749,562811,6,3062,2,36000,1.00195950359
559758,559764,562923,6,3159,2,36000,1.00189933523
559773,559779,562841,6,3062,2,36000,1.00195950359
559841,559847,563210,6,3363,2,36000,1.00178412132
559857,559863,562724,6,2861,2,36000,1.00209716882
559872,559878,562941,6,3063,2,36000,1.00195886386
559902,559909,562759,7,2850,2,36000,1.00245614035
559961,559967,562942,6,2975,2,36000,1.00201680672
559985,559991,562813,6,2822,2,36000,1.00212615167
560010,560016,563210,6,3194,2,36000,1.00187852223
560025,560031,562860,6,2829,2,36000,1.00212089077
560053,560062,563170,9,3108,2,36000,1.0028957529
560077,560083,563099,6,3016,2,36000,1.00198938992
560092,560099,563210,7,3111,2,36000,1.00225008036
560111,560118,562875,7,2757,2,36000,1.00253899166
560113,560123,563210,10,3087,2,36000,1.00323939099
560171,560177,563210,6,3033,2,36000,1.00197823937
560192,560198,563210,6,3012,2,36000,1.00199203187
560269,560275,563137,6,2862,2,36000,1.00209643606
560339,560345,563204,6,2859,2,36000,1.00209863589
560406,560411,563210,5,2799,2,36000,1.00178635227
560468,560474,563210,6,2736,2,36000,1.00219298246
560469,560480,563210,11,2730,2,36000,1.00402930403
560486,560492,563211,6,2719,2,36000,1.00220669364
560574,560580,563211,6,2631,2,36000,1.00228050171
560675,560681,563211,6,2530,2,36000,1.0023715415
560745,560751,563211,6,2460,2,36000,1.00243902439
560747,560757,563211,10,2454,2,36000,1.00407497963
560808,560815,563211,7,2396,2,36000,1.00292153589
560810,560820,563211,10,2391,2,36000,1.00418235048
560831,560837,563211,6,2374,2,36000,1.00252737995
560890,560896,563211,6,2315,2,36000,1.00259179266
560906,560912,563211,6,2299,2,36000,1.00260983036
560998,561004,563211,6,2207,2,36000,1.00271862256
560999,561010,563211,11,2201,2,36000,1.00499772831
561015,561021,563211,6,2190,2,36000,1.00273972603
561079,561085,563211,6,2126,2,36000,1.00282220132
561095,561101,563211,6,2110,2,36000,1.0028436019
561097,561107,563211,10,2104,2,36000,1.00475285171
561118,561124,563211,6,2087,2,36000,1.00287494011
561152,561158,563211,6,2053,2,36000,1.00292255236
561185,561192,563211,7,2019,2,36000,1.0034670629
561201,561207,563211,6,2004,2,36000,1.00299401198
561340,561346,563211,6,1865,2,36000,1.00321715818
561341,561352,563211,11,1859,2,36000,1.00591715976
561356,561362,563211,6,1849,2,36000,1.0032449973
561420,561426,563211,6,1785,2,36000,1.00336134454
561451,561457,563211,6,1754,2,36000,1.00342075257
561466,561473,563211,7,1738,2,36000,1.00402761795
561468,561478,563212,10,1734,2,36000,1.00576701269
561483,561489,563212,6,1723,2,36000,1.00348229832
561553,561559,563212,6,1653,2,36000,1.00362976407
561593,561599,563212,6,1613,2,36000,1.00371977681
561651,561657,563212,6,1555,2,36000,1.0038585209
561912,561918,563212,6,1294,2,36000,1.00463678516
561946,561952,563212,6,1260,2,36000,1.00476190476
561980,561986,563212,6,1226,2,36000,1.00489396411
562029,562035,563212,6,1177,2,36000,1.00509770603
562031,562041,563212,10,1171,2,36000,1.00853970965
562111,562117,563212,6,1095,2,36000,1.00547945205
562178,562183,563212,5,1029,2,36000,1.00485908649
562199,562205,563212,6,1007,2,36000,1.00595829196
562269,562275,563212,6,937,2,36000,1.00640341515
562297,562303,563212,6,909,2,36000,1.00660066007
562312,562318,563212,6,894,2,36000,1.0067114094
562352,562358,563212,6,854,2,36000,1.00702576112
562354,562364,563212,10,848,2,36000,1.01179245283
562369,562375,563212,6,837,2,36000,1.00716845878
562397,562403,563212,6,809,2,36000,1.00741656366
562413,562419,563212,6,793,2,36000,1.00756620429
562443,562449,563212,6,763,2,36000,1.00786369594
562459,562465,563212,6,747,2,36000,1.00803212851
562474,562480,563212,6,732,2,36000,1.00819672131
562475,562486,563212,11,726,2,36000,1.01515151515
562509,562516,563212,7,696,2,36000,1.01005747126
562537,562543,563212,6,669,2,36000,1.00896860987
562583,562589,563212,6,623,2,36000,1.00963081862
562605,562611,563212,6,601,2,36000,1.00998336106
562645,562651,563212,6,561,2,36000,1.01069518717
562660,562666,563212,6,546,2,36000,1.01098901099
562661,562672,563212,11,540,2,36000,1.02037037037
562692,562698,563212,6,514,2,36000,1.01167315175
562707,562714,563212,7,498,2,36000,1.0140562249
562726,562732,563212,6,480,2,36000,1.0125
562760,562766,563212,6,446,2,36000,1.0134529148
562775,562782,563212,7,430,2,36000,1.01627906977
562791,562797,563212,6,415,2,36000,1.01445783133
562806,562812,563212,6,400,2,36000,1.015
562822,562828,563212,6,384,2,36000,1.015625
562823,562834,563212,11,378,2,36000,1.0291005291
562845,562851,563212,6,361,2,36000,1.01662049861
562861,562867,563212,6,345,2,36000,1.01739130435
562862,562873,563212,11,339,2,36000,1.03244837758
562878,562884,563212,6,328,2,36000,1.01829268293
562905,562911,563212,6,301,2,36000,1.01993355482
562924,562930,563212,6,282,2,36000,1.02127659574
562943,562949,563212,6,263,2,36000,1.02281368821
562945,562955,563212,10,257,2,36000,1.03891050584
562960,562966,563212,6,246,2,36000,1.0243902439
563069,563075,563212,6,137,2,36000,1.04379562044
563100,563106,563212,6,106,2,36000,1.05660377358
563136,563142,563212,6,70,2,36000,1.08571428571
563170,563176,563212,6,36,2,36000,1.16666666667
563207,563213,563214,6,1,2,36000,1.0
563256,563262,566178,6,2916,2,36000,1.00205761317
563257,563267,566260,10,2993,2,36000,1.0033411293
563259,563273,566131,14,2858,2,36000,1.00489853044
563260,563278,566546,18,3268,2,36000,1.00550795594
563262,563283,566201,21,2918,2,36000,1.00719671008
563264,563289,566220,25,2931,2,36000,1.00852951211
563266,563294,566665,28,3371,2,36000,1.00830614061
563267,563299,566644,32,3345,2,36000,1.00956651719
563269,563304,566721,35,3417,2,36000,1.01024290313
563271,563310,566545,39,3235,2,36000,1.01205564142
563273,563315,566214,42,2899,2,36000,1.0144877544
563275,563320,566755,45,3435,2,36000,1.01310043668
563277,563325,566285,48,2960,2,36000,1.01621621622
563279,563330,566387,51,3057,2,36000,1.01668302257
563281,563336,566382,55,3046,2,36000,1.0180564675
563283,563341,566467,58,3126,2,36000,1.0185540627
563285,563346,566353,61,3007,2,36000,1.02028599933
563287,563352,566195,65,2843,2,36000,1.0228631727
563289,563357,566592,68,3235,2,36000,1.02102009274
563290,563362,566266,72,2904,2,36000,1.02479338843
563292,563367,566831,75,3464,2,36000,1.02165127021
563294,563372,566843,78,3471,2,36000,1.02247191011
563296,563377,566901,81,3524,2,36000,1.02298524404
563298,563383,566251,85,2868,2,36000,1.02963737796
563300,563388,566840,88,3452,2,36000,1.02549246813
563301,563393,566059,92,2666,2,36000,1.03450862716
563303,563398,566609,95,3211,2,36000,1.02958579882
563305,563403,566176,98,2773,2,36000,1.03534078615
563307,563409,566281,102,2872,2,36000,1.03551532033
563309,563414,566451,105,3037,2,36000,1.03457359236
563310,563419,566674,109,3255,2,36000,1.03348694316
563312,563424,566360,112,2936,2,36000,1.03814713896
563314,563430,566550,116,3120,2,36000,1.03717948718
563315,563435,566887,120,3452,2,36000,1.03476245655
563317,563440,566880,123,3440,2,36000,1.03575581395
563319,563445,566182,126,2737,2,36000,1.04603580563
563320,563450,566087,130,2637,2,36000,1.0492984452
563322,563456,566747,134,3291,2,36000,1.04071710726
563324,563461,566687,137,3226,2,36000,1.04246745195
563325,563466,566708,141,3242,2,36000,1.04349167181
563327,563471,567223,144,3752,2,36000,1.03837953092
563329,563476,566492,147,3016,2,36000,1.04874005305
563330,563482,566527,152,3045,2,36000,1.04991789819
563332,563487,566972,155,3485,2,36000,1.04447632712
563334,563492,566909,158,3417,2,36000,1.04623939128
563336,563497,567207,161,3710,2,36000,1.04339622642
563337,563502,566772,165,3270,2,36000,1.0504587156
563339,563508,566612,169,3104,2,36000,1.05444587629
563341,563513,566359,172,2846,2,36000,1.06043569923
563343,563519,566172,176,2653,2,36000,1.06633999246
563344,563524,566756,180,3232,2,36000,1.05569306931
563346,563529,566741,183,3212,2,36000,1.05697384807
563348,563535,567702,187,4167,2,36000,1.04487640989
563349,563540,567097,191,3557,2,36000,1.05369693562
563351,563545,567110,194,3565,2,36000,1.05441795231
563353,563550,566707,197,3157,2,36000,1.06240101362
563355,563555,566950,200,3395,2,36000,1.058910162
563356,563561,566700,205,3139,2,36000,1.06530742275
563358,563566,566790,208,3224,2,36000,1.06451612903
563360,563571,566971,211,3400,2,36000,1.06205882353
563362,563576,566503,214,2927,2,36000,1.07311240178
563364,563581,566874,217,3293,2,36000,1.06589735803
563365,563586,566650,221,3064,2,36000,1.07212793734
563367,563592,566861,225,3269,2,36000,1.06882838789
563369,563599,566707,230,3108,2,36000,1.074002574
563370,563604,567018,234,3414,2,36000,1.06854130053
563372,563609,566835,237,3226,2,36000,1.07346559206
563373,563614,566709,241,3095,2,36000,1.07786752827
563374,563619,566474,245,2855,2,36000,1.08581436077
563376,563624,567064,248,3440,2,36000,1.07209302326
563377,563630,566996,253,3366,2,36000,1.07516339869
563379,563635,566438,256,2803,2,36000,1.09133071709
563380,563640,567037,260,3397,2,36000,1.07653812187
563382,563645,566829,263,3184,2,36000,1.08260050251
563383,563650,566416,267,2766,2,36000,1.09652928416
563385,563656,567343,271,3687,2,36000,1.07350149173
563386,563661,566918,275,3257,2,36000,1.08443352779
563388,563666,566667,278,3001,2,36000,1.09263578807
563389,563671,566901,282,3230,2,36000,1.08730650155
563391,563676,566612,285,2936,2,36000,1.09707084469
563392,563682,566660,290,2978,2,36000,1.09738079248
563394,563687,566705,293,3018,2,36000,1.0970841617
563395,563692,566786,297,3094,2,36000,1.09599224305
563397,563697,567204,300,3507,2,36000,1.08554319932
563398,563702,567547,304,3845,2,36000,1.07906371912
563399,563707,566565,308,2858,2,36000,1.1077676697
563401,563713,567086,312,3373,2,36000,1.09249925882
563403,563718,566760,315,3042,2,36000,1.10355029586
563404,563723,566509,319,2786,2,36000,1.11450107681
563405,563728,567121,323,3393,2,36000,1.09519599175
566059,566065,569068,6,3003,2,36000,1.001998002
566089,566095,569225,6,3130,2,36000,1.00191693291
566131,566138,569318,7,3180,2,36000,1.00220125786
566175,566181,569035,6,2854,2,36000,1.00210231254
566191,566197,568984,6,2787,2,36000,1.00215285253
566192,566203,569229,11,3026,2,36000,1.00363516193
566194,566208,569074,14,2866,2,36000,1.00488485694
566209,566215,569631,6,3416,2,36000,1.00175644028
566210,566221,569796,11,3575,2,36000,1.00307692308
566226,566232,569113,6,2881,2,36000,1.0020826102
566227,566238,569475,11,3237,2,36000,1.00339820822
566251,566257,568987,6,2730,2,36000,1.0021978022
566267,566273,569312,6,3039,2,36000,1.00197433366
566268,566279,569036,11,2757,2,36000,1.00398984403
566284,566290,569508,6,3218,2,36000,1.00186451212
566299,566305,569428,6,3123,2,36000,1.00192122959
566354,566360,569651,6,3291,2,36000,1.00182315406
566369,566375,569401,6,3026,2,36000,1.0019828156
566371,566381,569337,10,2956,2,36000,1.00338294993
566386,566392,569594,6,3202,2,36000,1.00187382886
566387,566398,569515,11,3117,2,36000,1.00352903433
566418,566424,569255,6,2831,2,36000,1.00211939244
566439,566445,569267,6,2822,2,36000,1.00212615167
566454,566460,569478,6,3018,2,36000,1.00198807157
566469,566476,569793,7,3317,2,36000,1.00211034067
566485,566491,569427,6,2936,2,36000,1.00204359673
566500,566506,569752,6,3246,2,36000,1.00184842884
566516,566522,569500,6,2978,2,36000,1.00201477502
566517,566528,569667,11,3139,2,36000,1.00350430073
566532,566538,569473,6,2935,2,36000,1.00204429302
566548,566555,569821,7,3266,2,36000,1.00214329455
566550,566561,569847,11,3286,2,36000,1.003347535
566565,566571,569228,6,2657,2,36000,1.00225818592
566567,566577,570505,10,3928,2,36000,1.00254582485
566594,566601,570036,7,3435,2,36000,1.00203784571
566610,566616,569759,6,3143,2,36000,1.00190900414
566625,566631,569323,6,2692,2,36000,1.00222882615
566626,566637,569967,11,3330,2,36000,1.0033033033
566642,566648,569474,6,2826,2,36000,1.00212314225
566658,566664,569867,6,3203,2,36000,1.00187324383
566674,566681,569963,7,3282,2,36000,1.00213284583
566676,566687,569885,11,3198,2,36000,1.00343964978
566677,566692,569863,15,3171,2,36000,1.00473036897
566678,566697,569218,19,2521,2,36000,1.00753669179
566700,566706,569806,6,3100,2,36000,1.00193548387
566701,566712,569355,11,2643,2,36000,1.00416193719
566720,566726,570710,6,3984,2,36000,1.0015060241
566721,566732,569582,11,2850,2,36000,1.00385964912
566722,566737,570328,15,3591,2,36000,1.00417710944
566724,566742,570238,18,3496,2,36000,1.00514874142
566725,566748,569760,23,3012,2,36000,1.00763612218
566740,566754,569783,14,3029,2,36000,1.00462198745
566741,566759,569747,18,2988,2,36000,1.00602409639
566758,566765,570022,7,3257,2,36000,1.00214921707
566760,566771,570000,11,3229,2,36000,1.00340662744
566761,566776,570058,15,3282,2,36000,1.00457038391
566776,566782,569721,6,2939,2,36000,1.00204151072
566778,566788,569827,10,3039,2,36000,1.0032905561
566792,566799,569622,7,2823,2,36000,1.0024796316
566794,566805,570010,11,3205,2,36000,1.00343213729
566831,566838,569997,7,3159,2,36000,1.0022158911
566832,566844,570070,12,3226,2,36000,1.00371977681
566849,566855,570352,6,3497,2,36000,1.00171575636
566850,566861,569932,11,3071,2,36000,1.00358189515
566851,566866,569905,15,3039,2,36000,1.00493583416
566866,566872,569925,6,3053,2,36000,1.00196528005
566882,566888,570044,6,3156,2,36000,1.00190114068
566883,566894,570026,11,3132,2,36000,1.00351213282
566898,566904,570206,6,3302,2,36000,1.00181708056
566914,566920,570302,6,3382,2,36000,1.00177409817
566915,566926,570065,11,3139,2,36000,1.00350430073
566917,566931,569914,14,2983,2,36000,1.00469326182
566932,566937,569849,5,2912,2,36000,1.00171703297
566953,566959,569754,6,2795,2,36000,1.00214669052
566972,566978,570073,6,3095,2,36000,1.00193861066
566973,566984,570270,11,3286,2,36000,1.003347535
566998,567004,569849,6,2845,2,36000,1.00210896309
567019,567025,569666,6,2641,2,36000,1.00227186672
567037,567043,569805,6,2762,2,36000,1.00217233888
567065,567071,570134,6,3063,2,36000,1.00195886386
567090,567096,570378,6,3282,2,36000,1.00182815356
567105,567111,570279,6,3168,2,36000,1.00189393939
567120,567127,570197,7,3070,2,36000,1.00228013029
567122,567133,570036,11,2903,2,36000,1.0037891836
567205,567212,570098,7,2886,2,36000,1.00242550243
567221,567227,570047,6,2820,2,36000,1.00212765957
567236,567242,570499,6,3257,2,36000,1.00184218606
567345,567352,570825,7,3473,2,36000,1.00201554852
567549,567555,570132,6,2577,2,36000,1.00232828871
567622,569239,652075,1617,82836,32,208800,1.01952049833
567703,567709,571253,6,3544,2,36000,1.00169300226
567997,569332,591008,1335,21676,3,356400,1.06158885403
568025,569326,591008,1301,21682,8,356400,1.0600036897
568357,569349,591008,992,21659,1,172800,1.04580082183
568698,569354,591008,656,21654,1,356400,1.03029463379
568987,568994,572162,7,3168,2,36000,1.00220959596
568989,569000,572516,11,3516,2,36000,1.00312855518
569036,569042,572295,6,3253,2,36000,1.00184445128
569038,569048,572122,10,3074,2,36000,1.00325309044
569071,569077,572572,6,3495,2,36000,1.0017167382
569086,569092,572043,6,2951,2,36000,1.00203320908
569113,569120,572026,7,2906,2,36000,1.00240880936
569219,569225,572697,6,3472,2,36000,1.0017281106
569235,569246,572201,11,2955,2,36000,1.00372250423
569236,569251,572400,15,3149,2,36000,1.00476341696
569238,569256,572129,18,2873,2,36000,1.00626522798
569256,569263,572160,7,2897,2,36000,1.00241629272
569271,569277,572970,6,3693,2,36000,1.00162469537
569314,569320,572507,6,3187,2,36000,1.00188264826
569329,569338,572730,9,3392,2,36000,1.00265330189
569330,569343,572397,13,3054,2,36000,1.00425671251
569346,569361,572630,15,3269,2,36000,1.00458855919
569361,569367,572181,6,2814,2,36000,1.00213219616
569403,569410,572423,7,3013,2,36000,1.00232326585
569428,569434,572769,6,3335,2,36000,1.00179910045
569429,569440,572487,11,3047,2,36000,1.0036101083
569477,569483,572269,6,2786,2,36000,1.00215362527
569478,569490,572232,12,2742,2,36000,1.00437636761
569479,569495,572597,16,3102,2,36000,1.0051579626
569495,569501,572387,6,2886,2,36000,1.00207900208
569510,569516,572679,6,3163,2,36000,1.00189693329
569511,569522,573055,11,3533,2,36000,1.00311350127
569526,569532,572606,6,3074,2,36000,1.00195185426
569584,569590,572827,6,3237,2,36000,1.00185356812
569599,569605,572574,6,2969,2,36000,1.00202088245
569623,569629,572542,6,2913,2,36000,1.00205973223
569638,569644,572702,6,3058,2,36000,1.00196206671
569653,569659,573426,6,3767,2,36000,1.0015927794
569669,569675,573062,6,3387,2,36000,1.00177147919
569670,569681,573062,11,3381,2,36000,1.0032534753
569722,569728,573577,6,3849,2,36000,1.00155884645
569747,569753,572671,6,2918,2,36000,1.00205620288
569763,569769,572899,6,3130,2,36000,1.00191693291
569764,569775,572840,11,3065,2,36000,1.00358890701
569766,569780,572638,14,2858,2,36000,1.00489853044
569767,569785,572970,18,3185,2,36000,1.00565149137
569785,569792,572737,7,2945,2,36000,1.00237691002
569804,569810,572726,6,2916,2,36000,1.00205761317
569805,569816,572968,11,3152,2,36000,1.00348984772
569821,569827,572773,6,2946,2,36000,1.00203665988
569822,569833,572687,11,2854,2,36000,1.00385423966
569823,569838,573241,15,3403,2,36000,1.0044078754
569839,569845,573298,6,3453,2,36000,1.00173761946
569856,569862,573453,6,3591,2,36000,1.00167084378
569857,569868,573361,11,3493,2,36000,1.00314915545
569858,569873,572894,15,3021,2,36000,1.0049652433
569874,569879,573252,5,3373,2,36000,1.00148235992
569875,569885,572642,10,2757,2,36000,1.00362713094
569890,569896,572851,6,2955,2,36000,1.00203045685
569905,569911,573464,6,3553,2,36000,1.00168871376
569920,569926,573156,6,3230,2,36000,1.00185758514
569936,569942,572941,6,2999,2,36000,1.00200066689
569937,569948,572791,11,2843,2,36000,1.0038691523
569965,569971,573039,6,3068,2,36000,1.00195567145
569980,569986,572901,6,2915,2,36000,1.00205831904
569999,570005,573258,6,3253,2,36000,1.00184445128
570014,570020,572845,6,2825,2,36000,1.00212389381
570015,570026,573331,11,3305,2,36000,1.00332829047
570031,570037,573021,6,2984,2,36000,1.00201072386
570032,570043,572855,11,2812,2,36000,1.00391180654
570048,570054,573212,6,3158,2,36000,1.00189993667
570049,570060,572683,11,2623,2,36000,1.00419367137
570050,570065,573138,15,3073,2,36000,1.00488122356
570052,570071,573436,19,3365,2,36000,1.00564635958
570067,570077,573326,10,3249,2,36000,1.00307787011
570068,570082,573453,14,3371,2,36000,1.00415307031
570084,570090,573083,6,2993,2,36000,1.00200467758
570085,570096,573095,11,2999,2,36000,1.0036678893
570101,570107,573407,6,3300,2,36000,1.00181818182
570135,570141,573527,6,3386,2,36000,1.00177200236
570136,570147,573175,11,3028,2,36000,1.0036327609
570200,570206,573347,6,3141,2,36000,1.00191021968
570215,570221,573252,6,3031,2,36000,1.0019795447
570239,570245,573553,6,3308,2,36000,1.00181378476
570272,570279,572690,7,2411,2,36000,1.0029033596
570288,570294,573409,6,3115,2,36000,1.00192616372
570303,570309,573498,6,3189,2,36000,1.00188146754
570330,570336,573650,6,3314,2,36000,1.00181050091
570352,570358,573531,6,3173,2,36000,1.00189095493
570379,570385,573513,6,3128,2,36000,1.00191815857
570500,570506,573771,6,3265,2,36000,1.00183767228
570515,570521,573383,6,2862,2,36000,1.00209643606
570709,570715,573456,6,2741,2,36000,1.00218898212
570827,570833,574048,6,3215,2,36000,1.00186625194
571252,571258,574414,6,3156,2,36000,1.00190114068
572004,572193,723364,189,151171,4,201600,1.00125023979
572029,572035,574806,6,2771,2,36000,1.00216528329
572045,572051,575171,6,3120,2,36000,1.00192307692
572123,572129,574972,6,2843,2,36000,1.00211044671
572139,572145,574781,6,2636,2,36000,1.00227617602
572160,572167,575563,7,3396,2,36000,1.00206124853
572175,572182,574840,7,2658,2,36000,1.00263355907
572191,572199,575671,8,3472,2,36000,1.00230414747
572206,572212,575209,6,2997,2,36000,1.002002002
572233,572239,575916,6,3677,2,36000,1.00163176503
572269,572276,575597,7,3321,2,36000,1.00210779886
572297,572303,575479,6,3176,2,36000,1.00188916877
572388,572394,575791,6,3397,2,36000,1.00176626435
572404,572410,575941,6,3531,2,36000,1.00169923534
572406,572416,576107,10,3691,2,36000,1.00270929287
572424,572431,575658,7,3227,2,36000,1.0021691974
572488,572494,575603,6,3109,2,36000,1.00192988099
572510,572516,575963,6,3447,2,36000,1.00174064404
572525,572531,575916,6,3385,2,36000,1.00177252585
572543,572549,575242,6,2693,2,36000,1.00222799851
572574,572580,576171,6,3591,2,36000,1.00167084378
572575,572586,576093,11,3507,2,36000,1.00313658397
572597,572603,575842,6,3239,2,36000,1.00185242359
572612,572618,575423,6,2805,2,36000,1.00213903743
572630,572637,575780,7,3143,2,36000,1.00222717149
572646,572652,576016,6,3364,2,36000,1.00178359096
572647,572658,575509,11,2851,2,36000,1.00385829533
572673,572679,575917,6,3238,2,36000,1.00185299568
572674,572685,575808,11,3123,2,36000,1.00352225424
572690,572696,576135,6,3439,2,36000,1.00174469322
572692,572702,575952,10,3250,2,36000,1.00307692308
572693,572707,575308,14,2601,2,36000,1.00538254517
572708,572714,575459,6,2745,2,36000,1.00218579235
572710,572720,575918,10,3198,2,36000,1.00312695435
572728,572735,575719,7,2984,2,36000,1.0023458445
572744,572750,575633,6,2883,2,36000,1.00208116545
572745,572756,576011,11,3255,2,36000,1.00337941628
572770,572776,576064,6,3288,2,36000,1.00182481752
572785,572791,575273,6,2482,2,36000,1.00241740532
572800,572806,576042,6,3236,2,36000,1.00185414091
572828,572834,575782,6,2948,2,36000,1.00203527815
572844,572850,575970,6,3120,2,36000,1.00192307692
572859,572865,575965,6,3100,2,36000,1.00193548387
572861,572872,576107,11,3235,2,36000,1.00340030912
572862,572877,575522,15,2645,2,36000,1.0056710775
572897,572903,576040,6,3137,2,36000,1.0019126554
572913,572919,575711,6,2792,2,36000,1.00214899713
572914,572925,576623,11,3698,2,36000,1.00297458085
572943,572949,576114,6,3165,2,36000,1.0018957346
572971,572977,575620,6,2643,2,36000,1.00227014756
572972,572983,576062,11,3079,2,36000,1.0035725885
572974,572988,576027,14,3039,2,36000,1.00460677855
573023,573029,576152,6,3123,2,36000,1.00192122959
573041,573047,576170,6,3123,2,36000,1.00192122959
573056,573062,575866,6,2804,2,36000,1.00213980029
573071,573077,575981,6,2904,2,36000,1.0020661157
573073,573083,576454,10,3371,2,36000,1.00296647879
573088,573094,575945,6,2851,2,36000,1.00210452473
573103,573109,575803,6,2694,2,36000,1.00222717149
573140,573146,576170,6,3024,2,36000,1.00198412698
573158,573164,576702,6,3538,2,36000,1.00169587337
573176,573182,576831,6,3649,2,36000,1.00164428611
573213,573219,575885,6,2666,2,36000,1.00225056264
573243,573250,576603,7,3353,2,36000,1.00208768267
573259,573265,576085,6,2820,2,36000,1.00212765957
573261,573271,576780,10,3509,2,36000,1.00284981476
573262,573276,576542,14,3266,2,36000,1.0042865891
573298,573305,576849,7,3544,2,36000,1.0019751693
573329,573335,576255,6,2920,2,36000,1.00205479452
573345,573351,576548,6,3197,2,36000,1.00187675946
573360,573366,576312,6,2946,2,36000,1.00203665988
573375,573382,576175,7,2793,2,36000,1.00250626566
573391,573397,576410,6,3013,2,36000,1.00199137073
573409,573415,576355,6,2940,2,36000,1.00204081633
573410,573421,576722,11,3301,2,36000,1.00333232354
573426,573432,576607,6,3175,2,36000,1.00188976378
573441,573447,576257,6,2810,2,36000,1.00213523132
573457,573464,576893,7,3429,2,36000,1.00204141149
573459,573470,576960,11,3490,2,36000,1.00315186246
573460,573475,576665,15,3190,2,36000,1.00470219436
573475,573481,576651,6,3170,2,36000,1.00189274448
573500,573506,576926,6,3420,2,36000,1.00175438596
573515,573521,576429,6,2908,2,36000,1.00206327373
573531,573537,576716,6,3179,2,36000,1.00188738597
573532,573543,576678,11,3135,2,36000,1.00350877193
573554,573560,576542,6,2982,2,36000,1.00201207243
573578,573584,576717,6,3133,2,36000,1.00191509735
573651,573657,576732,6,3075,2,36000,1.00195121951
573773,573779,577005,6,3226,2,36000,1.00185988841
574048,574055,577203,7,3148,2,36000,1.00222363405
574415,574421,577412,6,2991,2,36000,1.00200601805
574782,574789,578140,7,3351,2,36000,1.00208892868
574807,574813,578066,6,3253,2,36000,1.00184445128
574840,574846,578421,6,3575,2,36000,1.00167832168
574973,574979,578535,6,3556,2,36000,1.00168728909
575172,575179,577980,7,2801,2,36000,1.00249910746
575209,575215,578506,6,3291,2,36000,1.00182315406
575242,575248,578281,6,3033,2,36000,1.00197823937
575276,575282,578271,6,2989,2,36000,1.00200736032
575309,575315,578365,6,3050,2,36000,1.00196721311
575424,575430,578084,6,2654,2,36000,1.00226073851
575460,575466,578924,6,3458,2,36000,1.001735107
575481,575487,578622,6,3135,2,36000,1.0019138756
575512,575518,578768,6,3250,2,36000,1.00184615385
575527,575533,578282,6,2749,2,36000,1.00218261186
575563,575569,578604,6,3035,2,36000,1.00197693575
575600,575606,578819,6,3213,2,36000,1.00186741363
575615,575621,578742,6,3121,2,36000,1.00192246075
575630,575636,579000,6,3364,2,36000,1.00178359096
575645,575651,579288,6,3637,2,36000,1.0016497113
575660,575666,578886,6,3220,2,36000,1.00186335404
575675,575681,578907,6,3226,2,36000,1.00185988841
575711,575718,578757,7,3039,2,36000,1.00230338927
575726,575733,578910,7,3177,2,36000,1.00220333648
575781,575787,579091,6,3304,2,36000,1.00181598063
575783,575793,579017,10,3224,2,36000,1.00310173697
575798,575804,578347,6,2543,2,36000,1.00235941801
575814,575820,578684,6,2864,2,36000,1.00209497207
575815,575826,578926,11,3100,2,36000,1.0035483871
575843,575849,578750,6,2901,2,36000,1.00206825233
575867,575873,579095,6,3222,2,36000,1.00186219739
575888,575894,579218,6,3324,2,36000,1.00180505415
575916,575922,578602,6,2680,2,36000,1.00223880597
575918,575928,579542,10,3614,2,36000,1.00276701716
575933,575939,578985,6,3046,2,36000,1.00196979645
575934,575945,578908,11,2963,2,36000,1.00371245359
575950,575956,579146,6,3190,2,36000,1.00188087774
575951,575962,579233,11,3271,2,36000,1.00336288597
575968,575974,578852,6,2878,2,36000,1.0020847811
575970,575980,578750,10,2770,2,36000,1.0036101083
575971,575985,578864,14,2879,2,36000,1.00486279958
575987,575993,579032,6,3039,2,36000,1.00197433366
575988,575999,579223,11,3224,2,36000,1.00341191067
576014,576020,579506,6,3486,2,36000,1.0017211704
576029,576035,578988,6,2953,2,36000,1.00203183204
576030,576041,579065,11,3024,2,36000,1.00363756614
576046,576052,579071,6,3019,2,36000,1.00198741305
576047,576058,579481,11,3423,2,36000,1.00321355536
576063,576069,579149,6,3080,2,36000,1.00194805195
576078,576085,579527,7,3442,2,36000,1.00203370134
576094,576100,578945,6,2845,2,36000,1.00210896309
576095,576106,579341,11,3235,2,36000,1.00340030912
576111,576118,579286,7,3168,2,36000,1.00220959596
576113,576124,578809,11,2685,2,36000,1.00409683426
576129,576135,578932,6,2797,2,36000,1.00214515552
576144,576150,579148,6,2998,2,36000,1.00200133422
576159,576165,579878,6,3713,2,36000,1.00161594398
576176,576181,579503,5,3322,2,36000,1.0015051174
576177,576187,579146,10,2959,2,36000,1.00337952011
576178,576192,579891,14,3699,2,36000,1.0037848067
576179,576197,579315,18,3118,2,36000,1.00577293137
576257,576262,579614,5,3352,2,36000,1.00149164678
576272,576278,579276,6,2998,2,36000,1.00200133422
576311,576317,579524,6,3207,2,36000,1.00187090739
576357,576363,579695,6,3332,2,36000,1.00180072029
576411,576417,578987,6,2570,2,36000,1.00233463035
576430,576436,579664,6,3228,2,36000,1.00185873606
576457,576463,578873,6,2410,2,36000,1.00248962656
576542,576548,580097,6,3549,2,36000,1.00169061708
576543,576554,579680,11,3126,2,36000,1.00351887396
576559,576565,579801,6,3236,2,36000,1.00185414091
576604,576610,579672,6,3062,2,36000,1.00195950359
576619,576625,579671,6,3046,2,36000,1.00196979645
576634,576640,579266,6,2626,2,36000,1.00228484387
576652,576659,579525,7,2866,2,36000,1.00244242847
576668,576674,580345,6,3671,2,36000,1.00163443203
576683,576689,580073,6,3384,2,36000,1.00177304965
576705,576711,580325,6,3614,2,36000,1.00166021029
576721,576727,579786,6,3059,2,36000,1.0019614253
576722,576733,580629,11,3896,2,36000,1.00282340862
576738,576744,580338,6,3594,2,36000,1.00166944908
576739,576750,580206,11,3456,2,36000,1.00318287037
576782,576788,579730,6,2942,2,36000,1.00203942896
576831,576838,580063,7,3225,2,36000,1.00217054264
576853,576859,580289,6,3430,2,36000,1.00174927114
576895,576901,579622,6,2721,2,36000,1.00220507166
576929,576935,580463,6,3528,2,36000,1.00170068027
576962,576968,580183,6,3215,2,36000,1.00186625194
577008,577014,580303,6,3289,2,36000,1.00182426269
577205,577211,580468,6,3257,2,36000,1.00184218606
577263,577269,591622,6,14353,1,25200,1.00041803107
577415,577421,580332,6,2911,2,36000,1.00206114737
577431,578546,610819,1115,32273,18,64800,1.03454900381
577981,577986,581137,5,3151,2,36000,1.00158679784
578066,578072,581265,6,3193,2,36000,1.00187911055
578084,578090,580622,6,2532,2,36000,1.00236966825
578142,578148,581334,6,3186,2,36000,1.00188323917
578272,578278,581036,6,2758,2,36000,1.00217548949
578287,578293,581169,6,2876,2,36000,1.00208623088
578288,578299,581335,11,3036,2,36000,1.00362318841
578349,578355,581335,6,2980,2,36000,1.00201342282
578367,578432,581335,65,2903,2,36000,1.02239063038
578421,578517,581085,96,2568,2,36000,1.03738317757
578506,578551,581335,45,2784,2,36000,1.0161637931
578536,578613,581335,77,2722,2,36000,1.02828802351
578603,578619,581335,16,2716,2,36000,1.0058910162
578618,578633,581335,15,2702,2,36000,1.00555144338
578633,578695,581335,62,2640,2,36000,1.02348484848
578684,578753,581335,69,2582,2,36000,1.02672347018
578744,578761,581335,17,2574,2,36000,1.0066045066
578760,578767,581335,7,2568,2,36000,1.0027258567
578761,578773,581335,12,2562,2,36000,1.00468384075
578763,578779,581335,16,2556,2,36000,1.00625978091
578778,578820,581335,42,2515,2,36000,1.01669980119
578811,578830,581335,19,2505,2,36000,1.00758483034
578826,578864,581335,38,2471,2,36000,1.01537838932
578853,578875,581335,22,2460,2,36000,1.00894308943
578868,578884,581335,16,2451,2,36000,1.00652794778
578871,578956,579143,85,187,6,1740,1.45454545455
578884,578897,581335,13,2438,2,36000,1.00533223954
578899,578918,581335,19,2417,2,36000,1.00786098469
578901,578929,580207,28,1278,1,3540,1.02190923318
578915,578924,581335,9,2411,2,36000,1.00373289092
578916,578943,581335,27,2392,2,36000,1.01128762542
578918,578996,581335,78,2339,2,36000,1.03334758444
578934,579002,581335,68,2333,2,36000,1.029147021
578935,579007,581335,72,2328,2,36000,1.03092783505
578936,579013,581335,77,2322,2,36000,1.03316106804
578952,579028,581335,76,2307,2,36000,1.0329432163
578986,579044,581335,58,2291,2,36000,1.0253164557
579002,579076,581335,74,2259,2,36000,1.03275785746
579003,579083,581335,80,2252,2,36000,1.03552397869
579004,579102,581335,98,2233,2,36000,1.04388714734
579019,579108,581335,89,2227,2,36000,1.03996407723
579035,579154,581335,119,2181,2,36000,1.05456212746
579065,579159,581335,94,2176,2,36000,1.04319852941
579080,579164,581335,84,2171,2,36000,1.03869184708
579095,579171,581335,76,2164,2,36000,1.03512014787
579096,579176,581335,80,2159,2,36000,1.03705419176
579147,579182,581335,35,2153,2,36000,1.01625638644
579148,579187,581335,39,2148,2,36000,1.01815642458
579164,579229,581335,65,2106,2,36000,1.03086419753
579165,579235,581335,70,2100,2,36000,1.03333333333
579214,579244,581335,30,2091,2,36000,1.0143472023
579229,579277,581335,48,2058,2,36000,1.02332361516
579244,579288,581335,44,2047,2,36000,1.02149487054
579268,579297,581335,29,2038,2,36000,1.0142296369
579284,579303,581335,19,2032,2,36000,1.0093503937
579299,579326,581335,27,2009,2,36000,1.01343952215
579300,579352,581335,52,1983,2,36000,1.0262228946
579316,579492,581335,176,1843,2,36000,1.09549647314
579343,579514,581335,171,1821,2,36000,1.09390444811
579482,579520,581335,38,1815,2,36000,1.02093663912
579507,579535,581335,28,1800,2,36000,1.01555555556
579508,579541,581335,33,1794,2,36000,1.01839464883
579527,579546,581335,19,1789,2,36000,1.01062045836
579529,579553,581335,24,1782,2,36000,1.01346801347
579530,579625,581335,95,1710,2,36000,1.05555555556
579545,579633,581335,88,1702,2,36000,1.05170387779
579615,579675,581335,60,1660,2,36000,1.03614457831
579630,579682,581335,52,1653,2,36000,1.03145795523
579664,579688,581335,24,1647,2,36000,1.014571949
579680,579694,581335,14,1641,2,36000,1.0085313833
579681,579706,581335,25,1629,2,36000,1.01534683855
579683,579742,581335,59,1593,2,36000,1.03703703704
579698,579797,581335,99,1538,2,36000,1.06436931079
579732,579812,581335,80,1523,2,36000,1.05252790545
579786,579889,581335,103,1446,2,36000,1.07123098202
579802,579902,581336,100,1434,2,36000,1.06973500697
579877,580074,581335,197,1261,2,36000,1.15622521808
579893,580084,581335,191,1251,2,36000,1.15267785771
580062,580108,581335,46,1227,2,36000,1.03748981255
580077,580194,581336,117,1142,2,36000,1.10245183888
580099,580217,581336,118,1119,2,36000,1.1054512958
580183,580223,581336,40,1113,2,36000,1.03593890386
580208,580300,581336,92,1036,2,36000,1.0888030888
580290,580314,581336,24,1022,2,36000,1.02348336595
580305,580336,581336,31,1000,2,36000,1.031
580326,580343,581336,17,993,2,36000,1.01711983887
580342,580349,581336,7,987,2,36000,1.00709219858
580343,580357,581336,14,979,2,36000,1.01430030644
580358,580474,581336,116,862,2,36000,1.13457076566
580464,580480,581336,16,856,2,36000,1.01869158879
580479,580634,581336,155,702,2,36000,1.2207977208
580624,580640,581336,16,696,2,36000,1.02298850575
580639,581047,581336,408,289,2,36000,2.41176470588
580988,581347,667792,359,86445,1,86400,1.00415292961
581004,581352,667797,348,86445,1,86400,1.00402568107
581037,581096,581336,59,240,2,36000,1.24583333333
581050,581366,754190,316,172824,1,172800,1.00182844975
581085,581148,581336,63,188,2,36000,1.33510638298
581137,581180,581336,43,156,2,36000,1.27564102564
581170,581276,581336,106,60,2,36000,2.76666666667
582360,582366,585088,6,2722,2,36000,1.00220426157
582361,582372,585533,11,3161,2,36000,1.00347991142
582362,582377,585683,15,3306,2,36000,1.00453720508
582364,582382,585599,18,3217,2,36000,1.0055952751
582365,582387,585286,22,2899,2,36000,1.00758882373
582366,582392,585370,26,2978,2,36000,1.00873069174
582368,582398,585766,30,3368,2,36000,1.00890736342
582369,582403,585785,34,3382,2,36000,1.01005322295
582370,582408,585662,38,3254,2,36000,1.01167793485
582372,582414,585879,42,3465,2,36000,1.01212121212
582374,582419,585456,45,3037,2,36000,1.01481725387
582375,582424,585756,49,3332,2,36000,1.01470588235
582376,582429,585707,53,3278,2,36000,1.01616839536
582378,582434,585226,56,2792,2,36000,1.02005730659
582379,582439,585112,60,2673,2,36000,1.02244668911
582381,582445,585661,64,3216,2,36000,1.01990049751
582382,582450,585821,68,3371,2,36000,1.02017205577
582383,582455,585974,72,3519,2,36000,1.02046035806
582385,582460,585080,75,2620,2,36000,1.0286259542
582386,582465,585513,79,3048,2,36000,1.02591863517
582388,582471,585698,83,3227,2,36000,1.02572048342
582389,582476,585641,87,3165,2,36000,1.02748815166
582391,582481,585509,90,3028,2,36000,1.02972258917
582392,582486,586149,94,3663,2,36000,1.02566202566
582393,582492,585788,99,3296,2,36000,1.03003640777
582395,582497,585485,102,2988,2,36000,1.03413654618
582396,582502,586002,106,3500,2,36000,1.03028571429
582397,582508,585298,111,2790,2,36000,1.03978494624
582399,582513,585210,114,2697,2,36000,1.04226918799
582400,582518,585401,118,2883,2,36000,1.04092958724
582402,582523,586048,121,3525,2,36000,1.03432624113
582403,582528,585968,125,3440,2,36000,1.0363372093
582404,582533,585403,129,2870,2,36000,1.04494773519
582406,582539,585792,133,3253,2,36000,1.04088533661
582407,582544,585420,137,2876,2,36000,1.04763560501
582409,582550,585724,141,3174,2,36000,1.04442344045
582410,582555,585584,145,3029,2,36000,1.04787058435
582411,582560,585132,149,2572,2,36000,1.05793157076
582413,582565,585778,152,3213,2,36000,1.04730781201
582414,582571,585870,157,3299,2,36000,1.04759017884
582416,582576,585439,160,2863,2,36000,1.05588543486
582417,582581,585988,164,3407,2,36000,1.0481361902
582418,582586,585348,168,2762,2,36000,1.06082548878
582420,582591,585498,171,2907,2,36000,1.05882352941
582421,582597,585407,176,2810,2,36000,1.06263345196
582423,582602,585703,179,3101,2,36000,1.05772331506
582424,582607,585668,183,3061,2,36000,1.05978438419
582425,582612,585653,187,3041,2,36000,1.06149292996
582427,582617,585440,190,2823,2,36000,1.06730428622
582428,582622,586119,194,3497,2,36000,1.05547612239
582430,582628,585826,198,3198,2,36000,1.06191369606
582431,582633,586117,202,3484,2,36000,1.0579793341
582432,582638,585950,206,3312,2,36000,1.06219806763
582434,582643,585576,209,2933,2,36000,1.07125809751
582435,582648,585570,213,2922,2,36000,1.07289527721
582437,582654,586024,217,3370,2,36000,1.06439169139
582438,582659,585781,221,3122,2,36000,1.07078795644
582439,582664,585659,225,2995,2,36000,1.07512520868
582441,582669,585620,228,2951,2,36000,1.0772619451
582442,582674,585894,232,3220,2,36000,1.07204968944
582443,582679,585578,236,2899,2,36000,1.08140738186
582445,582685,585801,240,3116,2,36000,1.07702182285
582446,582690,586000,244,3310,2,36000,1.07371601208
582448,582695,585986,247,3291,2,36000,1.07505317533
582449,582700,585588,251,2888,2,36000,1.08691135734
582451,582705,585794,254,3089,2,36000,1.08222725801
582452,582711,585924,259,3213,2,36000,1.08061002179
582453,582716,585401,263,2685,2,36000,1.09795158287
582455,582721,585684,266,2963,2,36000,1.08977387783
582456,582726,585939,270,3213,2,36000,1.08403361345
582457,582731,585590,274,2859,2,36000,1.09583770549
582459,582736,585696,277,2960,2,36000,1.09358108108
582460,582742,585571,282,2829,2,36000,1.09968186638
582462,582747,585804,285,3057,2,36000,1.09322865554
582463,582752,586551,289,3799,2,36000,1.0760726507
582464,582757,585600,293,2843,2,36000,1.10306014773
582466,582762,585810,296,3048,2,36000,1.09711286089
582467,582768,586107,301,3339,2,36000,1.09014675052
582469,582773,586137,304,3364,2,36000,1.0903686088
582470,582778,585442,308,2664,2,36000,1.11561561562
582471,582783,585727,312,2944,2,36000,1.10597826087
582473,582788,585684,315,2896,2,36000,1.10877071823
582474,582793,586017,319,3224,2,36000,1.09894540943
582476,582799,585886,323,3087,2,36000,1.10463232912
582477,582804,585854,327,3050,2,36000,1.10721311475
582479,582809,585970,330,3161,2,36000,1.10439734261
582480,582814,586068,334,3254,2,36000,1.10264290104
582481,582819,586296,338,3477,2,36000,1.09721023871
582483,585092,587814,2609,2722,2,36000,1.95848640705
582484,585099,588096,2615,2997,2,36000,1.87253920587
585082,585123,588368,41,3245,2,36000,1.0126348228
585097,585143,588313,46,3170,2,36000,1.01451104101
585115,585221,588353,106,3132,2,36000,1.03384418902
585133,585237,588473,104,3236,2,36000,1.03213844252
585212,585297,588071,85,2774,2,36000,1.03064167267
585227,585309,588451,82,3142,2,36000,1.02609802673
585287,585359,588304,72,2945,2,36000,1.02444821732
585302,585381,588689,79,3308,2,36000,1.0238814994
585348,585413,588387,65,2974,2,36000,1.02185608608
585372,585418,588351,46,2933,2,36000,1.01568360041
585403,585424,588739,21,3315,2,36000,1.00633484163
585405,585429,588430,24,3001,2,36000,1.00799733422
585406,585435,588978,29,3543,2,36000,1.00818515382
585423,585450,588113,27,2663,2,36000,1.01013894104
585424,585456,588482,32,3026,2,36000,1.01057501652
585440,585461,588872,21,3411,2,36000,1.00615655233
585441,585468,588470,27,3002,2,36000,1.008994004
585457,585496,588515,39,3019,2,36000,1.01291818483
585458,585509,588398,51,2889,2,36000,1.01765316719
585486,585520,588749,34,3229,2,36000,1.01052957572
585501,585526,588626,25,3100,2,36000,1.00806451613
585516,585545,588692,29,3147,2,36000,1.00921512552
585517,585582,588815,65,3233,2,36000,1.02010516548
585536,585588,588912,52,3324,2,36000,1.01564380265
585573,585593,588562,20,2969,2,36000,1.00673627484
585575,585599,588491,24,2892,2,36000,1.00829875519
585592,585604,588629,12,3025,2,36000,1.00396694215
585593,585610,588627,17,3017,2,36000,1.00563473649
585595,585616,588585,21,2969,2,36000,1.00707308858
585596,585622,591416,26,5794,2,36000,1.00448740076
585597,585627,589159,30,3532,2,36000,1.00849377123
585613,585633,589265,20,3632,2,36000,1.00550660793
585614,585652,588908,38,3256,2,36000,1.01167076167
585630,585664,588698,34,3034,2,36000,1.01120632828
585645,585670,588990,25,3320,2,36000,1.00753012048
585661,585676,589045,15,3369,2,36000,1.00445235975
585663,585681,588518,18,2837,2,36000,1.00634473035
585664,585688,588424,24,2736,2,36000,1.00877192982
585665,585694,589163,29,3469,2,36000,1.00835975786
585682,585700,588764,18,3064,2,36000,1.00587467363
585698,585706,588516,8,2810,2,36000,1.00284697509
585700,585712,588869,12,3157,2,36000,1.00380107697
585701,585717,588861,16,3144,2,36000,1.00508905852
585702,585724,588694,22,2970,2,36000,1.00740740741
585704,585729,588674,25,2945,2,36000,1.00848896435
585719,585736,588530,17,2794,2,36000,1.00608446671
585721,585742,589539,21,3797,2,36000,1.00553068212
585736,585767,589442,31,3675,2,36000,1.00843537415
585738,585777,589101,39,3324,2,36000,1.01173285199
585759,585790,588769,31,2979,2,36000,1.01040617657
585774,585796,589302,22,3506,2,36000,1.00627495722
585791,585802,588977,11,3175,2,36000,1.00346456693
585793,585807,588603,14,2796,2,36000,1.00500715308
585794,585813,588705,19,2892,2,36000,1.00656984786
585795,585818,588987,23,3169,2,36000,1.00725781003
585812,585825,588740,13,2915,2,36000,1.00445969125
585813,585830,588668,17,2838,2,36000,1.0059901339
585814,585836,589329,22,3493,2,36000,1.00629831091
585816,585842,588736,26,2894,2,36000,1.00898410504
585817,585847,588675,30,2828,2,36000,1.01060820368
585833,585865,588761,32,2896,2,36000,1.01104972376
585835,585881,589162,46,3281,2,36000,1.01402011582
585856,585890,588607,34,2717,2,36000,1.01251380199
585871,585900,588982,29,3082,2,36000,1.00940947437
585895,585906,588786,11,2880,2,36000,1.00381944444
585896,585936,589176,40,3240,2,36000,1.01234567901
585898,585950,588937,52,2987,2,36000,1.01740877134
585926,585961,589045,35,3084,2,36000,1.01134889754
585941,585979,589140,38,3161,2,36000,1.01202151218
585956,585985,589592,29,3607,2,36000,1.00803992237
585971,585990,589031,19,3041,2,36000,1.00624794476
585972,585997,589474,25,3477,2,36000,1.00719010641
585989,586003,588699,14,2696,2,36000,1.00519287834
585990,586012,589304,22,3292,2,36000,1.00668286756
585991,586018,588877,27,2859,2,36000,1.00944386149
586007,586028,589037,21,3009,2,36000,1.00697906281
586009,586036,589135,27,3099,2,36000,1.0087124879
586024,586059,589073,35,3014,2,36000,1.01161247512
586026,586079,589174,53,3095,2,36000,1.01712439418
586050,586118,588961,68,2843,2,36000,1.02391839606
586069,586128,589376,59,3248,2,36000,1.01816502463
586108,586134,589238,26,3104,2,36000,1.00837628866
586124,586148,589566,24,3418,2,36000,1.00702165009
586125,586160,589309,35,3149,2,36000,1.01111463957
586140,586307,589878,167,3571,2,36000,1.04676561187
586155,586562,589509,407,2947,2,36000,1.13810654903
586298,587826,590898,1528,3072,2,36000,1.49739583333
586552,588082,591492,1530,3410,2,36000,1.44868035191
587814,588107,591291,293,3184,2,36000,1.09202261307
588071,588124,590885,53,2761,2,36000,1.0191959435
588098,588315,591381,217,3066,2,36000,1.07077625571
588116,588324,591138,208,2814,2,36000,1.07391613362
588307,588362,591139,55,2777,2,36000,1.01980554555
588322,588368,590985,46,2617,2,36000,1.01757737868
588353,588379,591496,26,3117,2,36000,1.00834135387
588355,588398,591696,43,3298,2,36000,1.01303820497
588370,588409,591708,39,3299,2,36000,1.01182176417
588388,588436,591770,48,3334,2,36000,1.01439712058
588403,588442,591765,39,3323,2,36000,1.01173638279
588427,588462,591193,35,2731,2,36000,1.01281581838
588442,588481,591289,39,2808,2,36000,1.01388888889
588457,588487,592056,30,3569,2,36000,1.00840571589
588473,588493,591756,20,3263,2,36000,1.00612932884
588474,588502,591475,28,2973,2,36000,1.0094180962
588490,588526,591787,36,3261,2,36000,1.01103955842
588505,588532,591414,27,2882,2,36000,1.0093684941
588521,588538,591486,17,2948,2,36000,1.00576662144
588523,588544,591853,21,3309,2,36000,1.0063463282
588524,588574,591395,50,2821,2,36000,1.01772421127
588540,588597,591696,57,3099,2,36000,1.01839303001
588564,588614,591637,50,3023,2,36000,1.01653986107
588585,588620,591693,35,3073,2,36000,1.01138952164
588604,588637,592069,33,3432,2,36000,1.00961538462
588620,588643,591705,23,3062,2,36000,1.00751143044
588635,588648,592081,13,3433,2,36000,1.00378677542
588637,588680,591724,43,3044,2,36000,1.0141261498
588638,588686,591714,48,3028,2,36000,1.01585204756
588668,588691,591574,23,2883,2,36000,1.0079778009
588684,588700,591972,16,3272,2,36000,1.00488997555
588685,588706,591589,21,2883,2,36000,1.00728407908
588701,588712,591880,11,3168,2,36000,1.00347222222
588703,588717,591806,14,3089,2,36000,1.00453221107
588704,588723,591490,19,2767,2,36000,1.00686664257
588705,588729,592033,24,3304,2,36000,1.00726392252
588707,588747,591905,40,3158,2,36000,1.01266624446
588722,588753,592176,31,3423,2,36000,1.00905638329
588738,588758,591414,20,2656,2,36000,1.00753012048
588753,588765,591808,12,3043,2,36000,1.00394347683
588754,588772,592174,18,3402,2,36000,1.00529100529
588755,588778,591924,23,3146,2,36000,1.00731087095
588771,588784,591759,13,2975,2,36000,1.0043697479
588772,588798,591689,26,2891,2,36000,1.00899342788
588774,588826,591988,52,3162,2,36000,1.01644528779
588789,588872,591868,83,2996,2,36000,1.02770360481
588816,588881,592057,65,3176,2,36000,1.02046599496
588861,588887,591855,26,2968,2,36000,1.00876010782
588877,588893,591807,16,2914,2,36000,1.00549073439
588878,588919,591928,41,3009,2,36000,1.0136257893
588880,588925,591675,45,2750,2,36000,1.01636363636
588911,588948,591937,37,2989,2,36000,1.01237872198
588926,588972,592083,46,3111,2,36000,1.01478624237
588941,588988,592445,47,3457,2,36000,1.01359560312
588963,588994,591902,31,2908,2,36000,1.01066024759
588978,588999,592143,21,3144,2,36000,1.00667938931
588979,589006,592254,27,3248,2,36000,1.00831280788
588996,589011,591836,15,2825,2,36000,1.00530973451
588997,589042,592295,45,3253,2,36000,1.01383338457
588999,589049,592043,50,2994,2,36000,1.0167000668
589032,589056,592021,24,2965,2,36000,1.00809443508
589048,589061,592184,13,3123,2,36000,1.00416266411
589049,589084,591875,35,2791,2,36000,1.01254030813
589050,589113,591956,63,2843,2,36000,1.02215969047
589074,589147,592428,73,3281,2,36000,1.02224931423
589105,589153,592284,48,3131,2,36000,1.01533056531
589138,589170,592126,32,2956,2,36000,1.01082543978
589153,589176,591780,23,2604,2,36000,1.00883256528
589169,589181,592024,12,2843,2,36000,1.00422089342
589170,589193,592583,23,3390,2,36000,1.00678466077
589172,589188,592394,16,3206,2,36000,1.00499064255
589187,589250,592241,63,2991,2,36000,1.02106318957
589188,589276,592651,88,3375,2,36000,1.02607407407
589240,589313,592698,73,3385,2,36000,1.02156573117
589265,589319,592305,54,2986,2,36000,1.01808439384
589305,589325,592293,20,2968,2,36000,1.00673854447
589306,589340,592434,34,3094,2,36000,1.01098901099
589321,589388,592491,67,3103,2,36000,1.02159200773
589336,589453,592641,117,3188,2,36000,1.03670012547
589379,589485,592785,106,3300,2,36000,1.03212121212
589443,589520,592392,77,2872,2,36000,1.02681058496
589476,589550,592541,74,2991,2,36000,1.02474088933
589509,589578,592423,69,2845,2,36000,1.02425307557
589540,589603,592380,63,2777,2,36000,1.02268635218
589567,589889,593124,322,3235,2,36000,1.09953632148
589594,590896,593726,1302,2830,2,36000,1.46007067138
589878,590909,594438,1031,3529,2,36000,1.29215075092
590888,590996,593916,108,2920,2,36000,1.03698630137
590903,591019,594281,116,3262,2,36000,1.03556100552
590987,591150,593976,163,2826,2,36000,1.05767869781
591139,591155,594268,16,3113,2,36000,1.00513973659
591140,591205,594550,65,3345,2,36000,1.01943198804
591195,591300,594979,105,3679,2,36000,1.02854036423
591292,591306,594319,14,3013,2,36000,1.0046465317
591293,591392,594311,99,2919,2,36000,1.03391572456
591384,591407,594166,23,2759,2,36000,1.00833635375
591399,591425,594921,26,3496,2,36000,1.00743707094
591416,591430,594775,14,3345,2,36000,1.00418535127
591417,591436,594353,19,2917,2,36000,1.00651354131
591432,591487,594352,55,2865,2,36000,1.01919720768
591477,591497,594251,20,2754,2,36000,1.00726216412
591493,591503,594514,10,3011,2,36000,1.00332115576
591495,591508,594897,13,3389,2,36000,1.00383593981
591496,591515,594936,19,3421,2,36000,1.0055539316
591511,591586,594524,75,2938,2,36000,1.02552756978
591575,591600,594580,25,2980,2,36000,1.00838926174
591584,591707,591709,123,2,2,3540,12.5
591590,591633,595082,43,3449,2,36000,1.01246738185
591638,591649,594518,11,2869,2,36000,1.00383408853
591675,591686,594472,11,2786,2,36000,1.00394831299
591691,591701,594308,10,2607,2,36000,1.00383582662
591708,591714,594766,6,3052,2,36000,1.00196592398
591710,591720,594767,10,3047,2,36000,1.00328191664
591711,591725,594871,14,3146,2,36000,1.00445009536
591712,591730,594556,18,2826,2,36000,1.00636942675
591714,591736,594881,22,3145,2,36000,1.00699523052
591729,591742,594740,13,2998,2,36000,1.00433622415
591731,591747,595044,16,3297,2,36000,1.00485289657
591756,591767,594418,11,2651,2,36000,1.00414937759
591772,591778,594652,6,2874,2,36000,1.00208768267
591773,591784,594741,11,2957,2,36000,1.00371998647
591775,591789,594745,14,2956,2,36000,1.00473612991
591790,591796,594543,6,2747,2,36000,1.00218420095
591791,591802,595026,11,3224,2,36000,1.00341191067
591807,591817,594779,10,2962,2,36000,1.00337609723
591808,591823,595217,15,3394,2,36000,1.00441956394
591824,591830,594580,6,2750,2,36000,1.00218181818
591839,591847,595197,8,3350,2,36000,1.0023880597
591854,591864,594688,10,2824,2,36000,1.00354107649
591855,591870,594618,15,2748,2,36000,1.00545851528
591871,591879,594714,8,2835,2,36000,1.00282186949
591887,591893,594779,6,2886,2,36000,1.00207900208
591888,591899,594933,11,3034,2,36000,1.0036255768
591904,591913,594804,9,2891,2,36000,1.00311310965
591919,591925,594820,6,2895,2,36000,1.00207253886
591934,591940,594672,6,2732,2,36000,1.00219619327
591935,591946,595204,11,3258,2,36000,1.00337630448
591950,591958,595430,8,3472,2,36000,1.00230414747
591965,591972,595557,7,3585,2,36000,1.0019525802
591981,591987,595069,6,3082,2,36000,1.0019467878
591996,592002,594848,6,2846,2,36000,1.00210822207
592024,592030,595178,6,3148,2,36000,1.00190597205
592025,592036,594644,11,2608,2,36000,1.00421779141
592040,592047,595096,7,3049,2,36000,1.0022958347
592056,592062,595140,6,3078,2,36000,1.00194931774
592057,592068,595009,11,2941,2,36000,1.00374022441
592058,592073,594491,15,2418,1,356400,1.00620347395
592064,594554,595091,2490,537,8,356400,5.63687150838
592074,592079,595777,5,3698,2,36000,1.00135208221
592075,592085,594994,10,2909,2,36000,1.00343760743
592076,592090,595091,14,3001,3,356400,1.00466511163
592088,592298,595091,210,2793,1,172800,1.07518796992
592090,592096,595290,6,3194,2,36000,1.00187852223
592092,592102,594703,10,2601,2,36000,1.00384467512
592128,592134,595225,6,3091,2,36000,1.00194111938
592146,592152,595131,6,2979,2,36000,1.00201409869
592177,592183,595248,6,3065,2,36000,1.00195758564
592178,592189,595839,11,3650,2,36000,1.00301369863
592193,592199,595370,6,3171,2,36000,1.00189214759
592243,592249,595548,6,3299,2,36000,1.00181873295
592258,592264,595599,6,3335,2,36000,1.00179910045
592285,592292,595144,7,2852,2,36000,1.00245441795
592301,592307,595057,6,2750,2,36000,1.00218181818
592303,592313,595509,10,3196,2,36000,1.00312891114
592318,592324,595778,6,3454,2,36000,1.00173711639
592381,592387,594971,6,2584,2,36000,1.00232198142
592397,592403,595344,6,2941,2,36000,1.00204012241
592399,592409,595290,10,2881,2,36000,1.00347101701
592426,592432,595798,6,3366,2,36000,1.00178253119
592441,592447,595590,6,3143,2,36000,1.00190900414
592443,592453,596161,10,3708,2,36000,1.00269687163
592458,592464,595783,6,3319,2,36000,1.00180777343
592491,592497,596145,6,3648,2,36000,1.00164473684
592542,592548,595584,6,3036,2,36000,1.00197628458
592585,592591,595751,6,3160,2,36000,1.00189873418
592643,592649,595814,6,3165,2,36000,1.0018957346
592658,592664,595901,6,3237,2,36000,1.00185356812
592697,592704,595820,7,3116,2,36000,1.00224646983
592785,592791,595610,6,2819,2,36000,1.00212841433
593124,593130,596059,6,2929,2,36000,1.00204848071
593728,593734,596730,6,2996,2,36000,1.00200267023
593915,593922,596777,7,2855,2,36000,1.00245183888
593976,593982,597030,6,3048,2,36000,1.00196850394
594166,594172,597610,6,3438,2,36000,1.0017452007
594254,594260,596904,6,2644,2,36000,1.00226928896
594269,594275,597404,6,3129,2,36000,1.00191754554
594279,594285,595091,6,806,1,356400,1.00744416873
594284,594291,597426,7,3135,2,36000,1.00223285486
594309,594315,597290,6,2975,2,36000,1.00201680672
594324,594330,597440,6,3110,2,36000,1.00192926045
594326,594336,597133,10,2797,2,36000,1.00357525921
594353,594359,597174,6,2815,2,36000,1.00213143872
594354,594365,597091,11,2726,2,36000,1.00403521643
594421,594427,597832,6,3405,2,36000,1.00176211454
594439,594445,597698,6,3253,2,36000,1.00184445128
594472,594478,597272,6,2794,2,36000,1.00214745884
594515,594521,597477,6,2956,2,36000,1.00202976996
594516,594530,597296,14,2766,2,36000,1.00506146059
594531,594538,597919,7,3381,2,36000,1.00207039337
594547,594561,597471,14,2910,2,36000,1.00481099656
594562,594568,597660,6,3092,2,36000,1.00194049159
594563,594591,597689,28,3098,2,36000,1.00903808909
594582,594596,597585,14,2989,2,36000,1.00468384075
594583,594629,597694,46,3065,2,36000,1.01500815661
594620,594655,597626,35,2971,2,36000,1.01178054527
594644,594663,597640,19,2977,2,36000,1.00638226402
594659,594683,597875,24,3192,2,36000,1.00751879699
594674,594699,597829,25,3130,2,36000,1.00798722045
594689,594714,597982,25,3268,2,36000,1.0076499388
594704,594725,597516,21,2791,2,36000,1.00752418488
594720,594751,597634,31,2883,2,36000,1.01075268817
594741,594757,597683,16,2926,2,36000,1.00546821599
594743,594762,597468,19,2706,2,36000,1.00702143385
594758,594777,597792,19,3015,2,36000,1.00630182421
594774,594783,598175,9,3392,2,36000,1.00265330189
594775,594789,597941,14,3152,2,36000,1.00444162437
594791,594797,597553,6,2756,2,36000,1.00217706821
594793,594803,598095,10,3292,2,36000,1.00303766707
594794,594815,597789,21,2974,2,36000,1.00706119704
594809,594832,597960,23,3128,2,36000,1.00735294118
594824,594859,597794,35,2935,2,36000,1.01192504259
594848,594882,597748,34,2866,2,36000,1.01186322401
594872,594892,597880,20,2988,2,36000,1.00669344043
594887,594908,597839,21,2931,2,36000,1.00716479017
594903,594932,598157,29,3225,2,36000,1.00899224806
594924,594944,598440,20,3496,2,36000,1.0057208238
594939,594950,597766,11,2816,2,36000,1.00390625
594941,594982,597679,41,2697,2,36000,1.01520207638
594971,594990,597734,19,2744,2,36000,1.00692419825
594986,595005,598081,19,3076,2,36000,1.00617685306
595001,595021,598130,20,3109,2,36000,1.00643293664
595016,595037,598210,21,3173,2,36000,1.00661834226
595031,595055,597843,24,2788,2,36000,1.00860832138
595046,595068,597879,22,2811,2,36000,1.0078263963
595062,595080,597943,18,2863,2,36000,1.00628711142
595077,595093,597901,16,2808,2,36000,1.0056980057
595092,595102,598116,10,3014,2,36000,1.00331785003
595107,595113,598268,6,3155,2,36000,1.00190174326
595132,595142,598084,10,2942,2,36000,1.00339904827
595147,595153,598395,6,3242,2,36000,1.00185070944
595148,595159,598205,11,3046,2,36000,1.0036112935
595179,595189,598311,10,3122,2,36000,1.00320307495
595200,595209,598600,9,3391,2,36000,1.00265408434
595215,595221,598359,6,3138,2,36000,1.00191204589
595231,595237,598387,6,3150,2,36000,1.0019047619
595232,595243,598113,11,2870,2,36000,1.00383275261
595251,595259,598296,8,3037,2,36000,1.00263417847
595290,595301,598175,11,2874,2,36000,1.00382741823
595292,595306,598183,14,2877,2,36000,1.00486618005
595346,595355,598565,9,3210,2,36000,1.00280373832
595371,595381,598489,10,3108,2,36000,1.00321750322
595431,595442,598561,11,3119,2,36000,1.0035267714
595509,595520,598889,11,3369,2,36000,1.00326506382
595548,595559,598477,11,2918,2,36000,1.00376970528
595563,595570,598650,7,3080,2,36000,1.00227272727
595585,595596,598990,11,3394,2,36000,1.00324101355
595600,595607,598656,7,3049,2,36000,1.0022958347
595602,595613,599188,11,3575,2,36000,1.00307692308
595617,595623,598619,6,2996,2,36000,1.00200267023
595753,595762,599270,9,3508,2,36000,1.00256556442
595778,595788,598581,10,2793,2,36000,1.00358037952
595779,595794,598643,15,2849,2,36000,1.00526500527
595794,595801,599151,7,3350,2,36000,1.00208955224
595810,595816,598874,6,3058,2,36000,1.00196206671
595825,595831,598544,6,2713,2,36000,1.0022115739
595827,595837,598771,10,2934,2,36000,1.00340831629
595842,595850,599223,8,3373,2,36000,1.00237177587
595902,595913,598912,11,2999,2,36000,1.0036678893
595999,596006,596074,7,68,2,356400,1.10294117647
596010,596016,596047,6,31,8,356400,1.1935483871
596059,596065,599504,6,3439,2,36000,1.00174469322
596147,596153,599196,6,3043,2,36000,1.00197173842
596162,596168,599216,6,3048,2,36000,1.00196850394
596732,596739,599879,7,3140,2,36000,1.00222929936
596778,596784,599483,6,2699,2,36000,1.00222304557
596905,596911,599913,6,3002,2,36000,1.00199866755
596965,596971,596972,6,1,1,356400,1.0
596978,596989,815353,11,218364,2,356400,1.0000503746
596995,597488,833517,493,236029,8,356400,1.00208872639
597032,597038,600074,6,3036,2,36000,1.00197628458
597092,597098,600038,6,2940,2,36000,1.00204081633
597129,597135,597136,6,1,1,356400,1.0
597134,597141,599959,7,2818,2,36000,1.00248403123
597176,597183,600664,7,3481,2,36000,1.0020109164
597204,597210,597211,6,1,1,356400,1.0
597273,597279,599930,6,2651,2,36000,1.00226329687
597291,597297,600007,6,2710,2,36000,1.00221402214
597306,597313,600062,7,2749,2,36000,1.0025463805
597313,597319,597320,6,1,1,356400,1.0
597403,597409,600709,6,3300,2,36000,1.00181818182
597427,597434,600336,7,2902,2,36000,1.00241212957
597442,597449,600258,7,2809,2,36000,1.00249199003
597459,597465,597467,6,2,1,356400,1.0
597470,597476,600516,6,3040,2,36000,1.00197368421
597486,597494,600635,8,3141,2,36000,1.00254695957
597487,597527,600775,40,3248,2,36000,1.01231527094
597517,597564,600920,47,3356,2,36000,1.01400476758
597553,597597,600763,44,3166,2,36000,1.01389766267
597587,597622,600786,35,3164,2,36000,1.0110619469
597611,597637,600716,26,3079,2,36000,1.0084443001
597626,597646,600493,20,2847,2,36000,1.00702493853
597642,597652,600375,10,2723,2,36000,1.00367242012
597643,597671,600693,28,3022,2,36000,1.00926538716
597661,597690,600809,29,3119,2,36000,1.00929785188
597679,597696,600732,17,3036,2,36000,1.00559947299
597700,597706,600785,6,3079,2,36000,1.00194868464
597702,597712,600517,10,2805,2,36000,1.00356506239
597703,597717,600413,14,2696,2,36000,1.00519287834
597704,597745,601348,41,3603,2,36000,1.01137940605
597735,597759,600369,24,2610,2,36000,1.0091954023
597750,597777,600854,27,3077,2,36000,1.00877478063
597768,597801,600427,33,2626,2,36000,1.01256664128
597790,597807,600706,17,2899,2,36000,1.00586409107
597805,597813,601762,8,3949,2,36000,1.00202582932
597807,597840,601040,33,3200,2,36000,1.0103125
597832,597846,600775,14,2929,2,36000,1.00477978832
597833,597852,600899,19,3047,2,36000,1.00623564161
597849,597858,600968,9,3110,2,36000,1.00289389068
597851,597886,601265,35,3379,2,36000,1.01035809411
597875,597892,601414,17,3522,2,36000,1.00482680295
597890,597898,600731,8,2833,2,36000,1.00282386163
597891,597912,600664,21,2752,2,36000,1.00763081395
597907,597931,600841,24,2910,2,36000,1.00824742268
597922,597952,600986,30,3034,2,36000,1.00988793672
597943,597958,600577,15,2619,2,36000,1.00572737686
597945,597971,601084,26,3113,2,36000,1.00835207196
597960,597993,600962,33,2969,2,36000,1.01111485349
597984,598093,601058,109,2965,2,36000,1.03676222597
598082,598099,601240,17,3141,2,36000,1.00541228908
598097,598107,601300,10,3193,2,36000,1.00313185092
598098,598124,601260,26,3136,2,36000,1.00829081633
598113,598130,601441,17,3311,2,36000,1.00513440048
598129,598141,600919,12,2778,2,36000,1.00431965443
598144,598168,600786,24,2618,2,36000,1.00916730328
598159,598186,601212,27,3026,2,36000,1.00892267019
598175,598192,601525,17,3333,2,36000,1.00510051005
598176,598198,600801,22,2603,2,36000,1.0084517864
598191,598217,601236,26,3019,2,36000,1.00861212322
598206,598223,601012,17,2789,2,36000,1.00609537469
598221,598279,601464,58,3185,2,36000,1.01821036107
598270,598307,601433,37,3126,2,36000,1.01183621241
598297,598322,601009,25,2687,2,36000,1.00930405657
598313,598370,601416,57,3046,2,36000,1.01871306632
598362,598398,601247,36,2849,2,36000,1.01263601264
598389,598406,601596,17,3190,2,36000,1.00532915361
598404,598451,601747,47,3296,2,36000,1.01425970874
598440,598488,601257,48,2769,2,36000,1.0173347779
598480,598500,601607,20,3107,2,36000,1.00643707757
598495,598555,601495,60,2940,2,36000,1.02040816327
598547,598572,601818,25,3246,2,36000,1.00770178681
598562,598578,601427,16,2849,2,36000,1.00561600562
598577,598592,601613,15,3021,2,36000,1.0049652433
598592,598611,601715,19,3104,2,36000,1.00612113402
598607,598631,602032,24,3401,2,36000,1.00705674802
598622,598654,601674,32,3020,2,36000,1.01059602649
598643,598662,601541,19,2879,2,36000,1.00659951372
598659,598668,601493,9,2825,2,36000,1.00318584071
598660,598782,601931,122,3149,2,36000,1.03874245792
598772,598885,602052,113,3167,2,36000,1.03568045469
598875,598900,601886,25,2986,2,36000,1.00837240455
598890,598923,602312,33,3389,2,36000,1.00973738566
598914,599001,602019,87,3018,2,36000,1.02882703777
598990,599162,602368,172,3206,2,36000,1.05364940736
599154,599199,602171,45,2972,2,36000,1.01514131898
599190,599207,602000,17,2793,2,36000,1.00608664518
599205,599227,602782,22,3555,2,36000,1.00618846695
599220,599235,602041,15,2806,2,36000,1.00534568781
599235,599281,602620,46,3339,2,36000,1.01377657981
599271,599494,602495,223,3001,2,36000,1.07430856381
599486,599516,602554,30,3038,2,36000,1.00987491771
599504,599890,602760,386,2870,2,36000,1.13449477352
599879,599924,603183,45,3259,2,36000,1.01380791654
599915,599941,602596,26,2655,2,36000,1.00979284369
599930,599970,603014,40,3044,2,36000,1.01314060447
599961,600019,603032,58,3013,2,36000,1.01924991703
600009,600049,603669,40,3620,2,36000,1.01104972376
600039,600074,602837,35,2763,2,36000,1.01266739052
600063,600085,602891,22,2806,2,36000,1.00784034212
600078,600270,603010,192,2740,2,36000,1.0700729927
600260,600347,603144,87,2797,2,36000,1.03110475509
600338,600380,603435,42,3055,2,36000,1.01374795417
600371,600386,603221,15,2835,2,36000,1.00529100529
600386,600424,603346,38,2922,2,36000,1.01300479124
600411,600438,603394,27,2956,2,36000,1.00913396482
600429,600504,603166,75,2662,2,36000,1.02817430503
600493,600527,603160,34,2633,2,36000,1.01291302697
600517,600533,604071,16,3538,2,36000,1.004522329
600518,600588,603622,70,3034,2,36000,1.02307185234
600576,600646,603512,70,2866,2,36000,1.02442428472
600637,600675,603645,38,2970,2,36000,1.01279461279
600664,600680,603975,16,3295,2,36000,1.00485584219
600666,600704,604177,38,3473,2,36000,1.01094154909
600693,600717,603441,24,2724,2,36000,1.00881057269
600709,600723,603405,14,2682,2,36000,1.00521998509
600725,600731,603344,6,2613,2,36000,1.00229621125
600726,600743,603936,17,3193,2,36000,1.00532414657
600741,600749,604028,8,3279,2,36000,1.00243976822
600743,600754,603893,11,3139,2,36000,1.00350430073
600764,600770,603488,6,2718,2,36000,1.00220750552
600780,600786,603590,6,2804,2,36000,1.00213980029
600781,600792,603425,11,2633,2,36000,1.00417774402
600796,600802,603756,6,2954,2,36000,1.00203114421
600798,600808,603776,10,2968,2,36000,1.00336927224
600799,600813,603953,14,3140,2,36000,1.00445859873
600814,600820,603581,6,2761,2,36000,1.00217312568
600816,600826,603702,10,2876,2,36000,1.00347705146
600843,600849,604092,6,3243,2,36000,1.00185013876
600858,600864,604065,6,3201,2,36000,1.00187441425
600901,600907,603779,6,2872,2,36000,1.00208913649
600922,600928,603611,6,2683,2,36000,1.00223630265
600923,600934,604302,11,3368,2,36000,1.00326603325
600964,600970,604480,6,3510,2,36000,1.00170940171
600979,600985,604254,6,3269,2,36000,1.00183542368
600994,601000,603616,6,2616,2,36000,1.00229357798
601012,601019,604186,7,3167,2,36000,1.00221029365
601014,601025,604044,11,3019,2,36000,1.00364359059
601041,601047,603905,6,2858,2,36000,1.00209937019
601059,601065,604263,6,3198,2,36000,1.00187617261
601083,601089,603969,6,2880,2,36000,1.00208333333
601213,601219,604403,6,3184,2,36000,1.00188442211
601238,601244,604132,6,2888,2,36000,1.00207756233
601254,601260,604445,6,3185,2,36000,1.00188383046
601255,601266,604609,11,3343,2,36000,1.00329045767
601272,601278,604267,6,2989,2,36000,1.00200736032
601273,601284,604653,11,3369,2,36000,1.00326506382
601274,601289,604047,15,2758,2,36000,1.00543872371
601302,601308,604383,6,3075,2,36000,1.00195121951
601350,601356,604413,6,3057,2,36000,1.00196270854
601417,601423,604169,6,2746,2,36000,1.00218499636
601419,601429,604197,10,2768,2,36000,1.00361271676
601434,601441,604664,7,3223,2,36000,1.00217188954
601436,601447,604147,11,2700,2,36000,1.00407407407
601451,601457,604365,6,2908,2,36000,1.00206327373
601466,601472,604285,6,2813,2,36000,1.00213295414
601494,601500,604227,6,2727,2,36000,1.00220022002
601509,601515,604485,6,2970,2,36000,1.00202020202
601527,601533,604565,6,3032,2,36000,1.00197889182
601542,601548,604985,6,3437,2,36000,1.00174570847
601597,601603,604504,6,2901,2,36000,1.00206825233
601612,601618,604716,6,3098,2,36000,1.00193673338
601627,601633,604732,6,3099,2,36000,1.00193610842
601675,601682,605080,7,3398,2,36000,1.00206003531
601718,601724,604888,6,3164,2,36000,1.00189633375
601748,601754,604897,6,3143,2,36000,1.00190900414
601763,601769,604866,6,3097,2,36000,1.00193735873
601821,601827,604809,6,2982,2,36000,1.00201207243
601887,601893,604616,6,2723,2,36000,1.00220345207
601933,601939,604667,6,2728,2,36000,1.00219941349
601999,602005,604777,6,2772,2,36000,1.00216450216
602021,602027,605075,6,3048,2,36000,1.00196850394
602036,602042,605051,6,3009,2,36000,1.00199401795
602052,602058,604729,6,2671,2,36000,1.00224634968
602053,602064,605036,11,2972,2,36000,1.00370121131
602171,602177,604884,6,2707,2,36000,1.0022164758
602313,602319,605320,6,3001,2,36000,1.00199933356
602371,602377,605312,6,2935,2,36000,1.00204429302
602498,602504,605814,6,3310,2,36000,1.00181268882
602555,602561,605578,6,3017,2,36000,1.00198873053
602598,602604,605415,6,2811,2,36000,1.00213447172
602622,602628,605295,6,2667,2,36000,1.00224971879
602760,602767,606000,7,3233,2,36000,1.00216517167
602782,602788,606101,6,3313,2,36000,1.00181104739
602839,602845,606001,6,3156,2,36000,1.00190114068
602891,602897,605644,6,2747,2,36000,1.00218420095
603012,603018,606256,6,3238,2,36000,1.00185299568
603027,603033,606266,6,3233,2,36000,1.00185586143
603042,603048,606144,6,3096,2,36000,1.0019379845
603145,603151,605967,6,2816,2,36000,1.00213068182
603161,603167,606024,6,2857,2,36000,1.00210010501
603176,603182,606000,6,2818,2,36000,1.00212916962
603191,603197,606138,6,2941,2,36000,1.00204012241
603224,603230,605971,6,2741,2,36000,1.00218898212
603345,603351,606529,6,3178,2,36000,1.00188797986
603347,603357,606631,10,3274,2,36000,1.00305436775
603395,603402,606410,7,3008,2,36000,1.00232712766
603411,603417,606502,6,3085,2,36000,1.00194489465
603426,603432,606383,6,2951,2,36000,1.00203320908
603441,603447,606461,6,3014,2,36000,1.00199071002
603443,603453,606205,10,2752,2,36000,1.00363372093
603489,603495,606889,6,3394,2,36000,1.00176782557
603513,603519,606823,6,3304,2,36000,1.00181598063
603583,603589,606310,6,2721,2,36000,1.00220507166
603598,603604,606430,6,2826,2,36000,1.00212314225
603613,603620,606539,7,2919,2,36000,1.00239808153
603629,603635,606470,6,2835,2,36000,1.00211640212
603630,603641,606532,11,2891,2,36000,1.0038049118
603645,603652,606746,7,3094,2,36000,1.00226244344
603670,603676,606603,6,2927,2,36000,1.00204988042
603704,603710,606547,6,2837,2,36000,1.00211491012
603758,603764,606898,6,3134,2,36000,1.00191448628
603776,603783,606845,7,3062,2,36000,1.00228608752
603792,603798,606819,6,3021,2,36000,1.00198609732
603895,603901,607280,6,3379,2,36000,1.00177567328
603910,603916,606675,6,2759,2,36000,1.00217470098
603938,603944,606733,6,2789,2,36000,1.00215130871
603956,603962,606867,6,2905,2,36000,1.00206540448
603971,603978,606708,7,2730,2,36000,1.00256410256
603986,603993,607123,7,3130,2,36000,1.00223642173
604029,604035,606926,6,2891,2,36000,1.00207540643
604045,604051,607087,6,3036,2,36000,1.00197628458
604060,604066,607369,6,3303,2,36000,1.00181653043
604075,604081,607100,6,3019,2,36000,1.00198741305
604077,604087,606795,10,2708,2,36000,1.00369276219
604092,604098,607070,6,2972,2,36000,1.00201884253
604132,604138,607075,6,2937,2,36000,1.00204290092
604150,604156,606891,6,2735,2,36000,1.00219378428
604171,604177,607035,6,2858,2,36000,1.00209937019
604186,604192,607237,6,3045,2,36000,1.00197044335
604188,604198,606921,10,2723,2,36000,1.00367242012
604203,604209,607681,6,3472,2,36000,1.0017281106
604230,604236,607436,6,3200,2,36000,1.001875
604255,604261,607234,6,2973,2,36000,1.00201816347
604270,604276,607078,6,2802,2,36000,1.00214132762
604271,604282,606965,11,2683,2,36000,1.00409988818
604286,604293,607069,7,2776,2,36000,1.00252161383
604305,604311,606861,6,2550,2,36000,1.00235294118
604365,604372,607093,7,2721,2,36000,1.00257258361
604384,604390,607788,6,3398,2,36000,1.00176574456
604405,604411,607159,6,2748,2,36000,1.00218340611
604420,604426,607823,6,3397,2,36000,1.00176626435
604447,604453,607345,6,2892,2,36000,1.0020746888
604481,604487,607178,6,2691,2,36000,1.0022296544
604496,604502,607347,6,2845,2,36000,1.00210896309
604511,604517,607306,6,2789,2,36000,1.00215130871
604565,604571,607474,6,2903,2,36000,1.00206682742
604611,604617,607668,6,3051,2,36000,1.00196656834
604626,604632,607318,6,2686,2,36000,1.00223380491
604653,604659,607711,6,3052,2,36000,1.00196592398
604668,604674,607419,6,2745,2,36000,1.00218579235
604670,604681,607819,11,3138,2,36000,1.00350541746
604718,604724,607485,6,2761,2,36000,1.00217312568
604734,604740,607611,6,2871,2,36000,1.00208986416
604735,604746,607282,11,2536,2,36000,1.00433753943
604778,604784,607813,6,3029,2,36000,1.00198085177
