SubmitTime,StartTime,EndTime,QueuedTime,RunTime,NodesRequested,walltime,bslowdown
22,550,557,528,7,1,600,53.5
23,556,566,533,10,1,600,54.3
24,561,573,537,12,1,600,45.75
26,566,597,540,31,1,600,18.4193548387
27,571,581,544,10,1,600,55.4
29,577,584,548,7,1,600,55.5
91,587,627,496,40,1,600,13.4
93,592,608,499,16,1,600,32.1875
94,598,602,504,4,1,600,50.8
95,616,622,521,6,1,600,52.7
97,622,628,525,6,1,600,53.1
98,627,634,529,7,1,600,53.6
99,632,633,533,1,1,600,53.4
101,637,654,536,17,1,600,32.5294117647
102,643,649,541,6,1,600,54.7
103,648,674,545,26,1,600,21.9615384615
105,653,690,548,37,1,600,15.8108108108
106,659,666,553,7,1,600,56.0
107,664,682,557,18,1,600,31.9444444444
109,669,699,560,30,1,600,19.6666666667
110,674,699,564,25,1,600,23.56
123,1917,4880,1794,2963,2,7200,1.60546743166
171,680,694,509,14,1,600,37.3571428571
173,685,691,512,6,1,600,51.8
174,690,691,516,1,1,600,51.7
176,696,704,520,8,1,600,52.8
177,701,716,524,15,1,600,35.9333333333
178,706,716,528,10,1,600,53.8
180,712,718,532,6,1,600,53.8
181,730,737,549,7,1,600,55.6
182,735,736,553,1,1,600,55.4
184,740,745,556,5,1,600,56.1
185,745,755,560,10,1,600,57.0
186,751,761,565,10,1,600,57.5
187,756,765,569,9,1,600,57.8
189,761,769,572,8,1,600,58.0
202,1931,4962,1729,3031,2,7200,1.57043879908
248,1936,5138,1688,3202,2,7200,1.52717051843
250,766,773,516,7,1,600,52.3
252,772,777,520,5,1,600,52.5
253,777,778,524,1,1,600,52.5
254,782,788,528,6,1,600,53.4
256,788,793,532,5,1,600,53.7
257,793,836,536,43,1,600,13.4651162791
258,798,861,540,63,1,600,9.57142857143
259,803,804,544,1,1,600,54.5
261,809,824,548,15,1,600,37.5333333333
262,814,815,552,1,1,600,55.3
263,819,827,556,8,1,600,56.4
265,825,831,560,6,1,600,56.6
306,1942,5007,1636,3065,2,7200,1.53376835237
321,1947,4854,1626,2907,2,7200,1.55933952528
326,830,831,504,1,1,600,50.5
327,835,849,508,14,1,600,37.2857142857
329,840,847,511,7,1,600,51.8
330,848,854,518,6,1,600,52.4
331,853,873,522,20,1,600,27.1
333,859,927,526,68,1,600,8.73529411765
334,864,870,530,6,1,600,53.6
335,869,870,534,1,1,600,53.5
336,2081,5221,1745,3140,2,7200,1.55573248408
337,875,884,538,9,1,600,54.7
338,880,886,542,6,1,600,54.8
339,885,890,546,5,1,600,55.1
341,890,891,549,1,1,600,55.0
342,896,903,554,7,1,600,56.1
343,901,908,558,7,1,600,56.5
344,906,920,562,14,1,600,41.1428571429
346,912,917,566,5,1,600,57.1
407,917,926,510,9,1,600,51.9
408,922,923,514,1,1,600,51.5
410,927,933,517,6,1,600,52.3
412,938,939,526,1,1,600,52.7
414,943,944,529,1,1,600,53.0
415,949,1013,534,64,1,600,9.34375
416,954,970,538,16,1,600,34.625
418,959,968,541,9,1,600,55.0
419,978,986,559,8,1,600,56.7
420,983,992,563,9,1,600,57.2
422,988,993,566,5,1,600,57.1
483,994,998,511,4,1,600,51.5
484,999,1000,515,1,1,600,51.6
486,1004,1005,518,1,1,600,51.9
487,1010,1021,523,11,1,600,48.5454545455
488,1015,1034,527,19,1,600,28.7368421053
490,1020,1022,530,2,1,600,53.2
491,1025,1034,534,9,1,600,54.3
492,1031,1038,539,7,1,600,54.6
493,1036,1045,543,9,1,600,55.2
495,1041,1042,546,1,1,600,54.7
496,1047,1055,551,8,1,600,55.9
497,1052,1078,555,26,1,600,22.3461538462
499,1057,1058,558,1,1,600,55.9
500,1063,1068,563,5,1,600,56.8
510,2095,4960,1585,2865,2,7200,1.55322862129
552,2186,5180,1634,2994,2,7200,1.54575818303
561,1068,1105,507,37,1,600,14.7027027027
563,1073,1107,510,34,1,600,16.0
564,1078,1091,514,13,1,600,40.5384615385
565,1084,1091,519,7,1,600,52.6
566,1093,1097,527,4,1,600,53.1
568,2203,5166,1635,2963,2,7200,1.55180560243
568,1098,1107,530,9,1,600,53.9
569,2278,5301,1709,3023,2,7200,1.56533245121
569,1103,1104,534,1,1,600,53.5
570,1109,1119,539,10,1,600,54.9
572,1114,1139,542,25,1,600,22.68
573,1119,1120,546,1,1,600,54.7
574,1124,1142,550,18,1,600,31.5555555556
577,1135,1142,558,7,1,600,56.5
584,2480,5526,1896,3046,2,7200,1.62245567958
600,2548,5735,1948,3187,2,7200,1.61123313461
638,1143,1152,505,9,1,600,51.4
640,1149,1158,509,9,1,600,51.8
641,1154,1164,513,10,1,600,52.3
643,1159,1160,516,1,1,600,51.7
645,2661,5608,2016,2947,2,7200,1.68408551069
645,1170,1175,525,5,1,600,53.0
647,1175,1181,528,6,1,600,53.4
648,1180,1188,532,8,1,600,54.0
649,1186,1192,537,6,1,600,54.3
650,1191,1197,541,6,1,600,54.7
652,1196,1197,544,1,1,600,54.5
653,1202,1217,549,15,1,600,37.6
654,1207,1212,553,5,1,600,55.8
716,1212,1241,496,29,1,600,18.1034482759
717,1217,1218,500,1,1,600,50.1
718,1223,1229,505,6,1,600,51.1
718,2679,5559,1961,2880,2,7200,1.68090277778
720,1228,1252,508,24,1,600,22.1666666667
721,1233,1240,512,7,1,600,51.9
722,1239,1246,517,7,1,600,52.4
724,1244,1248,520,4,1,600,52.4
725,1249,1259,524,10,1,600,53.4
726,1254,1255,528,1,1,600,52.9
728,1260,1277,532,17,1,600,32.2941176471
729,1265,1266,536,1,1,600,53.7
730,1270,1277,540,7,1,600,54.7
731,1276,1277,545,1,1,600,54.6
733,1281,1288,548,7,1,600,55.5
737,2687,5690,1950,3003,2,7200,1.64935064935
785,2700,5875,1915,3175,2,7200,1.6031496063
795,1286,1292,491,6,1,600,49.7
796,1291,1296,495,5,1,600,50.0
799,1302,1316,503,14,1,600,36.9285714286
800,1307,1338,507,31,1,600,17.3548387097
801,1337,1344,536,7,1,600,54.3
804,1348,1354,544,6,1,600,55.0
805,1353,1393,548,40,1,600,14.7
807,1358,1366,551,8,1,600,55.9
808,1364,1424,556,60,1,600,10.2666666667
809,1369,1375,560,6,1,600,56.6
811,1374,1393,563,19,1,600,30.6315789474
870,2738,5719,1868,2981,2,7200,1.62663535726
875,1390,1414,515,24,1,600,22.4583333333
876,1395,1403,519,8,1,600,52.7
877,1401,1421,524,20,1,600,27.2
878,1406,1407,528,1,1,600,52.9
880,1411,1417,531,6,1,600,53.7
881,1417,1422,536,5,1,600,54.1
882,1422,1431,540,9,1,600,54.9
884,1427,1485,543,58,1,600,10.3620689655
885,2744,5771,1859,3027,2,7200,1.61413941196
885,1432,1457,547,25,1,600,22.88
887,1443,1457,556,14,1,600,40.7142857143
904,2871,6092,1967,3221,2,7200,1.61067991307
919,2912,6273,1993,3361,2,7200,1.59297828027
949,1448,1449,499,1,1,600,50.0
950,1454,1460,504,6,1,600,51.0
951,1459,1474,508,15,1,600,34.8666666667
953,1464,1470,511,6,1,600,51.7
954,1469,1475,515,6,1,600,52.1
955,1475,1483,520,8,1,600,52.8
957,1480,1522,523,42,1,600,13.4523809524
958,1485,1508,527,23,1,600,23.9130434783
959,1491,1497,532,6,1,600,53.8
961,1496,1505,535,9,1,600,54.4
962,1501,1518,539,17,1,600,32.7058823529
963,1506,1514,543,8,1,600,55.1
964,1512,1516,548,4,1,600,55.2
966,1525,1534,559,9,1,600,56.8
967,1531,1537,564,6,1,600,57.0
968,2918,6207,1950,3289,2,7200,1.59288537549
1004,2923,6144,1919,3221,2,7200,1.59577770879
1028,1536,1542,508,6,1,600,51.4
1030,1541,1547,511,6,1,600,51.7
1031,1547,1552,516,5,1,600,52.1
1032,1552,1561,520,9,1,600,52.9
1034,1557,1673,523,116,1,600,5.50862068966
1035,1562,1568,527,6,1,600,53.3
1035,2941,6118,1906,3177,2,7200,1.59993704753
1036,1568,1586,532,18,1,600,30.5555555556
1038,1573,1582,535,9,1,600,54.4
1039,1578,1584,539,6,1,600,54.5
1040,1584,1591,544,7,1,600,55.1
1042,1589,1596,547,7,1,600,55.4
1043,1594,1602,551,8,1,600,55.9
1044,1599,1613,555,14,1,600,40.6428571429
1046,1605,1612,559,7,1,600,56.6
1050,2983,5986,1933,3003,2,7200,1.64368964369
1090,3111,6354,2021,3243,2,7200,1.6231884058
1107,1610,1624,503,14,1,600,36.9285714286
1108,1615,1616,507,1,1,600,50.8
1110,1621,1629,511,8,1,600,51.9
1111,1626,1631,515,5,1,600,52.0
1112,1631,1632,519,1,1,600,52.0
1114,1636,1646,522,10,1,600,53.2
1116,1647,1691,531,44,1,600,13.0681818182
1118,1652,1663,534,11,1,600,49.5454545455
1119,1658,1663,539,5,1,600,54.4
1121,1668,1669,547,1,1,600,54.8
1123,1673,1680,550,7,1,600,55.7
1184,1679,1686,495,7,1,600,50.2
1185,1684,1685,499,1,1,600,50.0
1187,1720,1727,533,7,1,600,54.0
1188,1725,1743,537,18,1,600,30.8333333333
1189,1730,1736,541,6,1,600,54.7
1190,1735,1741,545,6,1,600,55.1
1192,1741,1749,549,8,1,600,55.7
1193,1746,1750,553,4,1,600,55.7
1194,1751,1758,557,7,1,600,56.4
1197,1762,1805,565,43,1,600,14.1395348837
1198,1767,1808,569,41,1,600,14.8780487805
1199,1772,1780,573,8,1,600,58.1
1201,1778,1807,577,29,1,600,20.8965517241
1202,1783,1790,581,7,1,600,58.8
1203,1788,1789,585,1,1,600,58.6
1205,1794,1799,589,5,1,600,59.4
1266,1799,1822,533,23,1,600,24.1739130435
1267,1804,1824,537,20,1,600,27.85
1269,1809,1810,540,1,1,600,54.1
1270,1815,1832,545,17,1,600,33.0588235294
1271,1820,1824,549,4,1,600,55.3
1272,1826,1830,554,4,1,600,55.8
1274,1831,1836,557,5,1,600,56.2
1275,1836,1853,561,17,1,600,34.0
1277,1842,1848,565,6,1,600,57.1
1278,1847,1848,569,1,1,600,57.0
1279,1852,1869,573,17,1,600,34.7058823529
1342,1863,1868,521,5,1,600,52.6
1343,1868,1869,525,1,1,600,52.6
1345,1874,1881,529,7,1,600,53.6
1346,1879,1880,533,1,1,600,53.4
1347,1885,1890,538,5,1,600,54.3
1348,1890,1896,542,6,1,600,54.8
1350,1895,1908,545,13,1,600,42.9230769231
1351,1901,1924,550,23,1,600,24.9130434783
1352,6783,6793,5431,10,1,600,544.1
1354,6805,6812,5451,7,1,600,545.8
1355,6824,6830,5469,6,1,600,547.5
1378,3163,6476,1785,3313,2,7200,1.53878659825
1417,6842,6857,5425,15,1,600,362.666666667
1418,6852,6853,5434,1,1,600,543.5
1419,6864,6874,5445,10,1,600,545.5
1420,6872,6879,5452,7,1,600,545.9
1422,6885,6892,5463,7,1,600,547.0
1423,6892,6899,5469,7,1,600,547.6
1424,6903,6911,5479,8,1,600,548.7
1426,6910,6932,5484,22,1,600,250.272727273
1427,6922,6923,5495,1,1,600,549.6
1428,6934,6935,5506,1,1,600,550.7
1431,6951,6961,5520,10,1,600,553.0
1432,6958,6979,5526,21,1,600,264.142857143
1434,6973,6980,5539,7,1,600,554.6
1484,3191,6140,1707,2949,2,7200,1.57884028484
1495,7021,7022,5526,1,1,600,552.7
1496,7035,7043,5539,8,1,600,554.7
1498,7055,7059,5557,4,1,600,556.1
1499,7071,7079,5572,8,1,600,558.0
1501,7090,7096,5589,6,1,600,559.5
1502,7109,7113,5607,4,1,600,561.1
1503,7125,7136,5622,11,1,600,512.090909091
1503,3196,6319,1693,3123,2,7200,1.54210694845
1505,7147,7218,5642,71,1,600,80.4647887324
1508,7220,7230,5712,10,1,600,572.2
1510,7230,7235,5720,5,1,600,572.5
1511,7242,7345,5731,103,1,600,56.640776699
1518,3201,6170,1683,2969,2,7200,1.56685752779
1536,3207,6471,1671,3264,2,7200,1.51194852941
1572,7248,7249,5676,1,1,600,567.7
1573,3212,6395,1639,3183,2,7200,1.51492302859
1575,7274,7280,5699,6,1,600,570.5
1578,7304,7314,5726,10,1,600,573.6
1579,7326,7342,5747,16,1,600,360.1875
1580,7354,7404,5774,50,1,600,116.48
1583,7542,7549,5959,7,1,600,596.6
1584,7561,7569,5977,8,1,600,598.5
1585,7580,7581,5995,1,1,600,599.6
1587,7593,7601,6006,8,1,600,601.4
1588,7612,7660,6024,48,1,600,126.5
1589,7672,7678,6083,6,1,600,608.9
1598,3217,6326,1619,3109,2,7200,1.52074622065
1651,7689,7698,6038,9,1,600,604.7
1652,7709,7710,6057,1,1,600,605.8
1653,7721,7728,6068,7,1,600,607.5
1655,7740,7746,6085,6,1,600,609.1
1657,7770,7793,6113,23,1,600,266.782608696
1658,7805,7811,6147,6,1,600,615.3
1660,7822,7835,6162,13,1,600,475.0
1661,7846,7847,6185,1,1,600,618.6
1662,7858,7865,6196,7,1,600,620.3
1664,7876,7937,6212,61,1,600,102.836065574
1665,7949,7983,6284,34,1,600,185.823529412
1666,7999,8007,6333,8,1,600,634.1
1728,9819,9825,8091,6,1,600,809.7
1729,9836,9887,8107,51,1,600,159.960784314
1730,9898,9899,8168,1,1,600,816.9
1731,9906,9949,8175,43,1,600,191.11627907
1734,9926,9932,8192,6,1,600,819.8
1735,9945,9970,8210,25,1,600,329.4
1736,9952,9957,8216,5,1,600,822.1
1738,9962,9999,8224,37,1,600,223.27027027
1739,9970,9988,8231,18,1,600,458.277777778
1762,3260,6112,1498,2852,2,7200,1.5252454418
1800,9983,9992,8183,9,1,600,819.2
1802,9989,9997,8187,8,1,600,819.5
1802,3369,6482,1567,3113,2,7200,1.50337295214
1803,9999,10004,8196,5,1,600,820.1
1805,10006,10007,8201,1,1,600,820.2
1806,10058,10059,8252,1,1,600,825.3
1808,10071,10118,8263,47,1,600,176.808510638
1809,10130,10150,8321,20,1,600,417.05
1810,10162,10190,8352,28,1,600,299.285714286
1812,10202,10206,8390,4,1,600,839.4
1813,10217,10234,8404,17,1,600,495.352941176
1814,10246,10253,8432,7,1,600,843.9
1816,10264,10265,8448,1,1,600,844.9
1817,10276,10303,8459,27,1,600,314.296296296
1818,10315,10322,8497,7,1,600,850.4
1820,10333,10334,8513,1,1,600,851.4
1821,3374,6472,1553,3098,2,7200,1.50129115558
1881,10345,10346,8464,1,1,600,846.5
1884,10372,10431,8488,59,1,600,144.86440678
1885,10443,10462,8558,19,1,600,451.421052632
1887,10473,10478,8586,5,1,600,859.1
1888,10490,10496,8602,6,1,600,860.8
1889,10507,10511,8618,4,1,600,862.2
1893,10548,10579,8655,31,1,600,280.193548387
1896,10603,10607,8707,4,1,600,871.1
1897,10619,10624,8722,5,1,600,872.7
1899,10635,10641,8736,6,1,600,874.2
1900,10653,10657,8753,4,1,600,875.7
1901,10668,10675,8767,7,1,600,877.4
1964,10699,10713,8735,14,1,600,624.928571429
1965,10726,10733,8761,7,1,600,876.8
2067,3468,6616,1401,3148,2,7200,1.44504447268
2086,3536,6593,1450,3057,2,7200,1.47432122996
2177,3857,6802,1680,2945,2,7200,1.57045840407
2192,3980,7242,1788,3262,2,7200,1.54812998161
2268,4025,7186,1757,3161,2,7200,1.55583676052
2469,4031,7099,1562,3068,2,7200,1.50912646675
2536,4313,7472,1777,3159,2,7200,1.56251978474
2652,4406,7609,1754,3203,2,7200,1.54761161411
2671,4434,7347,1763,2913,2,7200,1.60521798833
2672,4610,7685,1938,3075,2,7200,1.63024390244
2687,4675,7718,1988,3043,2,7200,1.65330266185
2727,4829,7923,2102,3094,2,7200,1.67937944409
2742,4866,7766,2124,2900,2,7200,1.7324137931
2861,4877,8012,2016,3135,2,7200,1.64306220096
2931,4892,8005,1961,3113,2,7200,1.62993896563
3037,17404,19075,14367,1671,16,21600,9.59784560144
3102,4948,8304,1846,3356,2,7200,1.55005959476
3153,4984,7982,1831,2998,2,7200,1.61074049366
3248,5037,8196,1789,3159,2,7200,1.56631845521
3319,19101,22751,15782,3650,16,3600,5.32383561644
3358,5042,8097,1684,3055,2,7200,1.55122749591
3360,5149,8425,1789,3276,2,7200,1.54609279609
3457,5178,8337,1721,3159,2,7200,1.5447926559
3527,5185,8254,1658,3069,2,7200,1.54024112089
3846,5193,8081,1347,2888,2,7200,1.46641274238
3971,5233,8283,1262,3050,2,7200,1.4137704918
4014,5313,8362,1299,3049,2,7200,1.42604132502
4029,5538,8780,1509,3242,2,7200,1.46545342381
4302,5572,8877,1270,3305,2,7200,1.38426626324
4393,5620,8744,1227,3124,2,7200,1.39276568502
4424,5703,8980,1279,3277,2,7200,1.39029600244
4597,5732,8645,1135,2913,2,7200,1.38963268108
4664,5748,8600,1084,2852,2,7200,1.38008415147
4819,5783,9042,964,3259,2,7200,1.29579625652
4856,5887,9027,1031,3140,2,7200,1.32834394904
4871,6103,8765,1232,2662,2,7200,1.46280991736
4886,6124,9293,1238,3169,2,7200,1.39065951404
4935,6131,9334,1196,3203,2,7200,1.37339993756
4963,6367,9551,1404,3184,2,7200,1.44095477387
4964,6463,9436,1499,2973,2,7200,1.50420450723
5011,6483,9614,1472,3131,2,7200,1.47013733631
5012,6490,9547,1478,3057,2,7200,1.48348053647
5140,6495,9584,1355,3089,2,7200,1.43865328585
5167,6502,9558,1335,3056,2,7200,1.43684554974
5183,6605,9720,1422,3115,2,7200,1.45650080257
5184,6627,9686,1443,3059,2,7200,1.47172278522
5224,6813,9876,1589,3063,2,7200,1.51877244532
5303,6992,10112,1689,3120,2,7200,1.54134615385
5528,7115,10412,1587,3297,2,7200,1.4813466788
5562,7201,10226,1639,3025,2,7200,1.54181818182
5610,7256,10283,1646,3027,2,7200,1.54377271226
5693,7361,10353,1668,2992,2,7200,1.55748663102
5720,7416,10395,1696,2979,2,7200,1.56931856328
5736,7484,10557,1748,3073,2,7200,1.5688252522
5772,7622,10504,1850,2882,2,7200,1.64191533657
5876,7696,10846,1820,3150,2,7200,1.57777777778
5988,7731,10449,1743,2718,2,7200,1.6412803532
6091,7778,10937,1687,3159,2,7200,1.53402975625
6113,7934,11111,1821,3177,2,7200,1.5731822474
6128,7993,11132,1865,3139,2,7200,1.59413826059
6144,8017,11034,1873,3017,2,7200,1.62081537952
6145,8024,11026,1879,3002,2,7200,1.62591605596
6173,8092,11303,1919,3211,2,7200,1.59763313609
6209,8109,11259,1900,3150,2,7200,1.60317460317
6273,8207,11144,1934,2937,2,7200,1.65849506299
6319,8265,11288,1946,3023,2,7200,1.64373139266
6334,8295,11349,1961,3054,2,7200,1.64210870989
6356,8316,11277,1960,2961,2,7200,1.66193853428
6395,8348,11473,1953,3125,2,7200,1.62496
6472,8373,11488,1901,3115,2,7200,1.61027287319
6473,8443,11769,1970,3326,2,7200,1.59230306675
6489,8612,11652,2123,3040,2,7200,1.69835526316
6490,8656,11682,2166,3026,2,7200,1.71579643093
6593,8755,11914,2162,3159,2,7200,1.6843937955
6618,8777,11734,2159,2957,2,7200,1.73013189043
6803,8791,11849,1988,3058,2,7200,1.65009810334
6834,10745,10756,3911,11,1,600,356.545454545
6837,10780,10786,3943,6,1,600,394.9
6898,10798,10896,3900,98,1,600,40.7959183673
6899,10907,10913,4008,6,1,600,401.4
6901,10924,10935,4023,11,1,600,366.727272727
6905,10973,10979,4068,6,1,600,407.4
6966,10991,11008,4025,17,1,600,237.764705882
6967,11020,11029,4053,9,1,600,406.2
6969,11044,11052,4075,8,1,600,408.3
6970,11065,11072,4095,7,1,600,410.2
6971,11084,11092,4113,8,1,600,412.1
6972,11104,11110,4132,6,1,600,413.8
7034,11122,11141,4088,19,1,600,216.157894737
7035,11153,11170,4118,17,1,600,243.235294118
7098,11194,11202,4096,8,1,600,410.4
7101,11226,11258,4125,32,1,600,129.90625
7101,8889,11893,1788,3004,2,7200,1.59520639148
7102,11269,11275,4167,6,1,600,417.3
7163,11287,11292,4124,5,1,600,412.9
7165,11307,11315,4142,8,1,600,415.0
7186,8992,11755,1806,2763,2,7200,1.65363735071
7227,11338,11377,4111,39,1,600,106.41025641
7229,11388,11395,4159,7,1,600,416.6
7244,9039,11970,1795,2931,2,7200,1.61241896963
7290,11407,11414,4117,7,1,600,412.4
7293,11437,11438,4144,1,1,600,414.5
7294,11449,11453,4155,4,1,600,415.9
7348,9055,12207,1707,3152,2,7200,1.54156091371
7358,11496,11502,4138,6,1,600,414.4
7422,11540,11553,4118,13,1,600,317.769230769
7472,9304,12219,1832,2915,2,7200,1.62847341338
7544,11564,11565,4020,1,1,600,402.1
7605,11581,11600,3976,19,1,600,210.263157895
7607,11611,11621,4004,10,1,600,401.4
7608,11632,11633,4024,1,1,600,402.5
7609,9345,12285,1736,2940,2,7200,1.59047619048
7685,9448,12372,1763,2924,2,7200,1.60294117647
7719,9558,12522,1839,2964,2,7200,1.62044534413
7732,11671,11675,3939,4,1,600,394.3
7733,11688,11700,3955,12,1,600,330.583333333
7735,11711,11717,3976,6,1,600,398.2
7767,9565,12791,1798,3226,2,7200,1.55734655921
7797,11740,11756,3943,16,1,600,247.4375
7799,17427,17438,9628,11,1,600,876.272727273
7800,17440,17443,9640,3,1,600,964.3
7861,17451,17458,9590,7,1,600,959.7
7863,17457,17466,9594,9,1,600,960.3
7864,17469,17473,9605,4,1,600,960.9
7925,17478,17484,9553,6,1,600,955.9
7926,9572,12557,1646,2985,2,7200,1.55142378559
7983,9595,12626,1612,3031,2,7200,1.53183767733
7987,17484,17490,9497,6,1,600,950.3
7988,17495,17503,9507,8,1,600,951.5
8005,9625,12900,1620,3275,2,7200,1.49465648855
8020,9699,12697,1679,2998,2,7200,1.56004002668
8049,17504,17512,9455,8,1,600,946.3
8081,9732,12499,1651,2767,2,7200,1.59667509939
8097,9805,13047,1708,3242,2,7200,1.52683528686
8199,9888,13106,1689,3218,2,7200,1.52486016159
8255,10013,13025,1758,3012,2,7200,1.58366533865
8286,10020,13184,1734,3164,2,7200,1.54804045512
8307,10123,13177,1816,3054,2,7200,1.59462999345
8338,10238,13383,1900,3145,2,7200,1.60413354531
8363,10294,13135,1931,2841,2,7200,1.67969024991
8426,10364,13466,1938,3102,2,7200,1.6247582205
8603,10406,13371,1803,2965,2,7200,1.60809443508
8646,10424,13261,1778,2837,2,7200,1.62671836447
8747,10460,13505,1713,3045,2,7200,1.56256157635
8768,10516,13620,1748,3104,2,7200,1.5631443299
8783,10568,13513,1785,2945,2,7200,1.60611205433
8881,10859,13941,1978,3082,2,7200,1.64179104478
8981,10954,14019,1973,3065,2,7200,1.64371941272
9027,11038,14272,2011,3234,2,7200,1.6218305504
9045,11052,14211,2007,3159,2,7200,1.63532763533
9294,11129,14146,1835,3017,2,7200,1.60822008618
9334,11144,14518,1810,3374,2,7200,1.536455246
9437,11160,14267,1723,3107,2,7200,1.55455423238
9547,11276,14432,1729,3156,2,7200,1.54784537389
9562,11293,14355,1731,3062,2,7200,1.56531678641
9564,11301,14156,1737,2855,2,7200,1.60840630473
9585,11314,14346,1729,3032,2,7200,1.57025065963
9616,11361,14547,1745,3186,2,7200,1.54770872567
9686,11489,14575,1803,3086,2,7200,1.5842514582
9723,11502,14758,1779,3256,2,7200,1.54637592138
9854,17514,17520,7660,6,1,600,766.6
9878,11663,14984,1785,3321,2,7200,1.53748870822
9915,17523,17531,7608,8,1,600,761.6
9916,17532,17539,7616,7,1,600,762.3
9978,17542,17552,7564,10,1,600,757.4
9979,17551,17559,7572,8,1,600,758.0
9980,17569,17585,7589,16,1,600,475.3125
9982,17576,17600,7594,24,1,600,317.416666667
9983,17597,17602,7614,5,1,600,761.9
10046,17618,17619,7572,1,1,600,757.3
10047,17630,17636,7583,6,1,600,758.9
10048,17635,17636,7587,1,1,600,758.8
10049,17647,17681,7598,34,1,600,224.470588235
10051,17653,17666,7602,13,1,600,585.769230769
10112,17678,17683,7566,5,1,600,757.1
10115,11694,14825,1579,3131,2,7200,1.50431172149
10174,17692,17702,7518,10,1,600,752.8
10175,17700,17731,7525,31,1,600,243.741935484
10227,11753,14883,1526,3130,2,7200,1.4875399361
10236,17714,17720,7478,6,1,600,748.4
10238,17733,17740,7495,7,1,600,750.2
10239,17743,17764,7504,21,1,600,358.333333333
10285,11772,14870,1487,3098,2,7200,1.47998708844
10300,17756,17757,7456,1,1,600,745.7
10302,17768,17775,7466,7,1,600,747.3
10352,11780,14813,1428,3033,2,7200,1.47082096934
10363,17775,17788,7412,13,1,600,571.153846154
10364,17789,17801,7425,12,1,600,619.75
10366,17800,17828,7434,28,1,600,266.5
10367,17814,17857,7447,43,1,600,174.186046512
10368,17839,17840,7471,1,1,600,747.2
10395,11861,15005,1466,3144,2,7200,1.46628498728
10413,11905,14964,1492,3059,2,7200,1.48774109186
10450,11927,14763,1477,2836,2,7200,1.52080394922
10490,17851,17852,7361,1,1,600,736.2
10491,17864,17889,7373,25,1,600,295.92
10492,17872,17888,7380,16,1,600,462.25
10505,11982,15094,1477,3112,2,7200,1.47461439589
10554,17905,17906,7351,1,1,600,735.2
10556,17917,17925,7361,8,1,600,736.9
10560,12219,15284,1659,3065,2,7200,1.54127243067
10619,17936,17937,7317,1,1,600,731.8
10620,17941,17947,7321,6,1,600,732.7
10683,17958,17959,7275,1,1,600,727.6
10684,17966,17984,7282,18,1,600,405.555555556
10685,17972,17973,7287,1,1,600,728.8
10749,18003,18026,7254,23,1,600,316.391304348
10751,18009,18017,7258,8,1,600,726.6
10812,18029,18112,7217,83,1,600,87.9518072289
10813,18038,18043,7225,5,1,600,723.0
10815,18055,18062,7240,7,1,600,724.7
10849,12231,15037,1382,2806,2,7200,1.49251603706
10936,18074,18199,7138,125,1,600,58.104
10938,18124,18133,7186,9,1,600,719.5
10940,12297,15317,1357,3020,2,7200,1.44933774834
10999,18144,18150,7145,6,1,600,715.1
11000,18149,18156,7149,7,1,600,715.6
11002,18162,18168,7160,6,1,600,716.6
11026,12383,15486,1357,3103,2,7200,1.43731872382
11041,12511,15499,1470,2988,2,7200,1.49196787149
11064,18181,18195,7117,14,1,600,509.357142857
11066,18193,18201,7127,8,1,600,713.5
11067,18206,18216,7139,10,1,600,714.9
11111,12534,15670,1423,3136,2,7200,1.4537627551
11130,18219,18225,7089,6,1,600,709.5
11131,18225,18233,7094,8,1,600,710.2
11133,12568,15525,1435,2957,2,7200,1.4852891444
11148,12638,15724,1490,3086,2,7200,1.48282566429
11192,18238,18279,7046,41,1,600,172.853658537
11194,18243,18248,7049,5,1,600,705.4
11256,18274,18280,7018,6,1,600,702.4
11258,18279,18296,7021,17,1,600,414.0
11261,12710,15871,1449,3161,2,7200,1.45839924075
11279,12803,15737,1524,2934,2,7200,1.51942740286
11295,12911,15918,1616,3007,2,7200,1.53741270369
11310,13037,16391,1727,3354,2,7200,1.51490757305
11319,18292,18301,6973,9,1,600,698.2
11320,18297,18306,6977,9,1,600,698.6
11323,18316,18317,6993,1,1,600,699.4
11350,13058,16176,1708,3118,2,7200,1.54778704298
11384,18328,18329,6944,1,1,600,694.5
11386,18334,18339,6948,5,1,600,695.3
11447,18339,18348,6892,9,1,600,690.1
11450,18358,18363,6908,5,1,600,691.3
11451,18363,18368,6912,5,1,600,691.7
11474,13117,16060,1643,2943,2,7200,1.5582738702
11490,13147,16196,1657,3049,2,7200,1.54345687111
11512,18370,18376,6858,6,1,600,686.4
11514,18376,18377,6862,1,1,600,686.3
11515,18384,18390,6869,6,1,600,687.5
11578,18396,18709,6818,313,1,600,22.7827476038
11579,18402,18434,6823,32,1,600,214.21875
11581,18420,18482,6839,62,1,600,111.306451613
11643,18445,18452,6802,7,1,600,680.9
11654,13188,16188,1534,3000,2,7200,1.51133333333
11685,13196,16052,1511,2856,2,7200,1.52906162465
11707,18490,18491,6783,1,1,600,678.4
11708,18498,18515,6790,17,1,600,400.411764706
11709,18505,18511,6796,6,1,600,680.2
11711,18522,18534,6811,12,1,600,568.583333333
11736,13274,16232,1538,2958,2,7200,1.5199459094
11758,13384,16728,1626,3344,2,7200,1.48624401914
11774,13395,16662,1621,3267,2,7200,1.49617385981
11775,18549,18554,6774,5,1,600,677.9
11851,13478,16283,1627,2805,2,7200,1.58003565062
11894,13516,16780,1622,3264,2,7200,1.49693627451
11916,13525,16604,1609,3079,2,7200,1.52257226372
11971,13632,16594,1661,2962,2,7200,1.56076975017
12209,13953,16957,1744,3004,2,7200,1.58055925433
12224,14030,16993,1806,2963,2,7200,1.60951738103
12288,14159,17203,1871,3044,2,7200,1.61465177398
12376,14168,17367,1792,3199,2,7200,1.5601750547
12438,37823,37830,25385,7,1,1800,2539.2
12500,14223,17263,1723,3040,2,7200,1.56677631579
12522,14278,17355,1756,3077,2,7200,1.57068573286
12558,14285,17346,1727,3061,2,7200,1.56419470761
12625,14357,17240,1732,2883,2,7200,1.600763094
12699,14368,17648,1669,3280,2,7200,1.50884146341
12793,14444,17397,1651,2953,2,7200,1.55909244836
12902,14530,17881,1628,3351,2,7200,1.48582512683
13027,14558,17689,1531,3131,2,7200,1.48898115618
13049,14586,17551,1537,2965,2,7200,1.51838111298
13107,14769,17735,1662,2966,2,7200,1.56035064059
13137,14782,17879,1645,3097,2,7200,1.53115918631
13177,14824,17769,1647,2945,2,7200,1.55925297114
13192,14837,17874,1645,3037,2,7200,1.54165294699
13262,14882,18130,1620,3248,2,7200,1.49876847291
13372,14894,18126,1522,3232,2,7200,1.47091584158
13387,14977,18206,1590,3229,2,7200,1.49241251161
13469,14995,18249,1526,3254,2,7200,1.46896127843
13506,15018,18216,1512,3198,2,7200,1.47279549719
13522,15048,18097,1526,3049,2,7200,1.50049196458
13622,15105,18164,1483,3059,2,7200,1.48479895391
13941,15296,18472,1355,3176,2,7200,1.4266372796
14020,15330,18146,1310,2816,2,7200,1.46519886364
14148,15497,18602,1349,3105,2,7200,1.4344605475
14163,15511,18697,1348,3186,2,7200,1.42310106717
14209,15536,18325,1327,2789,2,7200,1.47579777698
14267,15682,18988,1415,3306,2,7200,1.42800967937
14282,15736,18860,1454,3124,2,7200,1.46542893726
14346,15749,19003,1403,3254,2,7200,1.4311616472
14361,15883,19147,1522,3264,2,7200,1.46629901961
14435,15930,18956,1495,3026,2,7200,1.49405155321
14520,16064,19117,1544,3053,2,7200,1.50573206682
14548,16071,19167,1523,3096,2,7200,1.4919250646
14575,16188,19347,1613,3159,2,7200,1.51060462172
14761,16199,19331,1438,3132,2,7200,1.45913154534
14776,16209,19052,1433,2843,2,7200,1.50404502286
14813,16243,19358,1430,3115,2,7200,1.45906902087
14828,16295,19345,1467,3050,2,7200,1.48098360656
14871,16403,19516,1532,3113,2,7200,1.49212977835
14886,16606,19416,1720,2810,2,7200,1.61209964413
14966,16616,19797,1650,3181,2,7200,1.51870480981
14984,16674,19615,1690,2941,2,7200,1.57463447807
15006,16739,19915,1733,3176,2,7200,1.54565491184
15040,16791,19952,1751,3161,2,7200,1.55393862702
15094,16968,20019,1874,3051,2,7200,1.61422484431
15286,17004,19916,1718,2912,2,7200,1.58997252747
15317,17215,20164,1898,2949,2,7200,1.64360800271
15489,17253,20204,1764,2951,2,7200,1.59776347001
15505,17275,20298,1770,3023,2,7200,1.58551108171
15526,17357,20429,1831,3072,2,7200,1.59602864583
15672,17366,20352,1694,2986,2,7200,1.56731413262
15724,17380,20523,1656,3143,2,7200,1.52688514158
15740,17433,20295,1693,2862,2,7200,1.59154437456
15873,17562,20795,1689,3233,2,7200,1.52242499227
15919,17659,20510,1740,2851,2,7200,1.61031217117
16053,17707,20586,1654,2879,2,7200,1.57450503647
16068,17750,20704,1682,2954,2,7200,1.56939742722
16177,17782,20837,1605,3055,2,7200,1.52536824877
16193,17886,20983,1693,3097,2,7200,1.54665805618
16208,17894,21001,1686,3107,2,7200,1.54264563888
16233,17899,21008,1666,3109,2,7200,1.53586362174
16284,18110,21283,1826,3173,2,7200,1.57548061771
16394,18138,21291,1744,3153,2,7200,1.55312400888
16594,18155,21070,1561,2915,2,7200,1.53550600343
16610,18167,21246,1557,3079,2,7200,1.50568366353
16662,18186,20971,1524,2785,2,7200,1.54721723519
16729,18231,20897,1502,2666,2,7200,1.56339084771
16781,18248,21392,1467,3144,2,7200,1.46660305344
16960,18284,21607,1324,3323,2,7200,1.39843514896
16993,18351,21226,1358,2875,2,7200,1.47234782609
17203,18484,21800,1281,3316,2,7200,1.38630880579
17240,18735,21781,1495,3046,2,7200,1.49080761655
17264,18894,22039,1630,3145,2,7200,1.51828298887
17347,19026,22192,1679,3166,2,7200,1.53032217309
17362,19054,22110,1692,3056,2,7200,1.55366492147
17377,19095,22045,1718,2950,2,7200,1.58237288136
17399,19141,22223,1742,3082,2,7200,1.5652173913
17486,18565,18566,1079,1,1,600,108.0
17487,18573,18579,1086,6,1,600,109.2
17488,18580,18597,1092,17,1,600,65.2352941176
17490,18591,18615,1101,24,1,600,46.875
17491,18608,18615,1117,7,1,600,112.4
17551,19146,22359,1595,3213,2,7200,1.49642079054
17553,18616,18618,1063,2,1,600,106.5
17554,18621,18632,1067,11,1,600,98.0
17555,18627,18633,1072,6,1,600,107.8
17556,18633,18654,1077,21,1,600,52.2857142857
17558,18640,18644,1082,4,1,600,108.6
17559,18647,18662,1088,15,1,600,73.5333333333
17560,18652,18657,1092,5,1,600,109.7
17623,18666,18693,1043,27,1,600,39.6296296296
17624,18673,18679,1049,6,1,600,105.5
17626,18678,18679,1052,1,1,600,105.3
17627,18690,18691,1063,1,1,600,106.4
17648,19152,22227,1504,3075,2,7200,1.48910569106
17690,18701,18717,1011,16,1,600,64.1875
17691,19164,22404,1473,3240,2,7200,1.45462962963
17691,18707,18713,1016,6,1,600,102.2
17692,18713,18765,1021,52,1,600,20.6346153846
17693,18718,18728,1025,10,1,600,103.5
17695,18725,18755,1030,30,1,600,35.3333333333
17737,19178,22462,1441,3284,2,7200,1.43879415347
17756,18730,18739,974,9,1,600,98.3
17757,18743,18750,986,7,1,600,99.3
17759,18748,18749,989,1,1,600,99.0
17760,18754,18787,994,33,1,600,31.1212121212
17770,19354,22477,1584,3123,2,7200,1.50720461095
17823,18767,18774,944,7,1,600,95.1
17824,18774,18780,950,6,1,600,95.6
17825,18779,18814,954,35,1,600,28.2571428571
17826,18786,18791,960,5,1,600,96.5
17874,19361,22292,1487,2931,2,7200,1.50733538042
17888,18791,18802,903,11,1,600,83.0909090909
17889,18798,18819,909,21,1,600,44.2857142857
17890,18803,18810,913,7,1,600,92.0
17890,19366,22466,1476,3100,2,7200,1.47612903226
17891,19378,22476,1487,3098,2,7200,1.47998708844
17892,18810,18865,918,55,1,600,17.6909090909
17953,18817,18851,864,34,1,600,26.4117647059
17954,18823,18833,869,10,1,600,87.9
17956,18831,18836,875,5,1,600,88.0
17957,18836,18849,879,13,1,600,68.6153846154
17958,18844,18845,886,1,1,600,88.7
17959,18852,18856,893,4,1,600,89.7
17961,18858,18859,897,1,1,600,89.8
17962,18865,18873,903,8,1,600,91.1
17963,18871,18877,908,6,1,600,91.4
18026,18883,18888,857,5,1,600,86.2
18027,18889,19051,862,162,1,600,6.32098765432
18030,18906,18914,876,8,1,600,88.4
18031,18911,18932,880,21,1,600,42.9047619048
18033,18917,18952,884,35,1,600,26.2571428571
18094,18924,18938,830,14,1,600,60.2857142857
18096,18931,18936,835,5,1,600,84.0
18098,19433,22274,1335,2841,2,7200,1.46990496304
18125,19528,22500,1403,2972,2,7200,1.47207267833
18141,19626,22559,1485,2933,2,7200,1.50630753495
18156,19810,22781,1654,2971,2,7200,1.5567149108
18157,18944,18950,787,6,1,600,79.3
18160,18956,18977,796,21,1,600,38.9047619048
18161,18963,18979,802,16,1,600,51.125
18172,19927,23004,1755,3077,2,7200,1.57036074098
18209,19934,22859,1725,2925,2,7200,1.58974358974
18223,18968,18974,745,6,1,600,75.1
18224,18975,18986,751,11,1,600,69.2727272727
18224,19966,23402,1742,3436,2,7200,1.50698486612
18225,18980,18985,755,5,1,600,76.0
18227,18986,18995,759,9,1,600,76.8
18228,18993,19009,765,16,1,600,48.8125
18229,18998,19005,769,7,1,600,77.6
18231,19003,19004,772,1,1,600,77.3
18232,19010,19016,778,6,1,600,78.4
18252,20030,22961,1778,2931,2,7200,1.6066189014
18294,19015,19054,721,39,1,600,19.4871794872
18295,19020,19027,725,7,1,600,73.2
18296,19033,19040,737,7,1,600,74.4
18298,19038,19088,740,50,1,600,15.8
18326,20176,23054,1850,2878,2,7200,1.64280750521
18361,19049,19053,688,4,1,600,69.2
18362,19061,19070,699,9,1,600,70.8
18363,19066,19075,703,9,1,600,71.2
18365,19072,19202,707,130,1,600,6.43846153846
18366,19079,19084,713,5,1,600,71.8
18367,19084,19085,717,1,1,600,71.8
18369,19089,19090,720,1,1,600,72.1
18370,19157,19184,787,27,1,600,30.1481481481
18371,19196,19221,825,25,1,600,34.0
18373,19213,19251,840,38,1,600,23.1052631579
18435,19245,19248,810,3,1,600,81.3
18437,19259,19266,822,7,1,600,82.9
18438,19266,19267,828,1,1,600,82.9
18440,19278,19287,838,9,1,600,84.7
18441,19283,19289,842,6,1,600,84.8
18442,19298,19307,856,9,1,600,86.5
18475,20218,23211,1743,2993,2,7200,1.58235883729
18504,19305,19309,801,4,1,600,80.5
18505,19318,19330,813,12,1,600,68.75
18507,19326,19329,819,3,1,600,82.2
18508,19341,19347,833,6,1,600,83.9
18509,19346,19353,837,7,1,600,84.4
18571,19371,19386,800,15,1,600,54.3333333333
18572,19398,19401,826,3,1,600,82.9
18573,19413,19414,840,1,1,600,84.1
18575,19425,19432,850,7,1,600,85.7
18576,19443,19444,867,1,1,600,86.8
18577,19455,19468,878,13,1,600,68.5384615385
18579,19479,19546,900,67,1,600,14.4328358209
18580,19533,19539,953,6,1,600,95.9
18603,20307,23407,1704,3100,2,7200,1.54967741935
18642,19551,19557,909,6,1,600,91.5
18643,19557,19568,914,11,1,600,84.0909090909
18644,19570,19576,926,6,1,600,93.2
18646,19580,19625,934,45,1,600,21.7555555556
18647,19588,19592,941,4,1,600,94.5
18648,19605,19623,957,18,1,600,54.1666666667
18650,19635,19641,985,6,1,600,99.1
18651,19642,19762,991,120,1,600,9.25833333333
18697,20314,23284,1617,2970,2,7200,1.54444444444
18714,19665,19670,951,5,1,600,95.6
18717,19695,19718,978,23,1,600,43.5217391304
18718,19730,19760,1012,30,1,600,34.7333333333
18719,19772,19778,1053,6,1,600,105.9
18721,19778,19791,1057,13,1,600,82.3076923077
18722,19790,19800,1068,10,1,600,107.8
18723,19802,19810,1079,8,1,600,108.7
18725,19817,19918,1092,101,1,600,11.8118811881
18789,19848,19854,1059,6,1,600,106.5
18792,19878,19897,1086,19,1,600,58.1578947368
18793,19909,19928,1116,19,1,600,59.7368421053
18797,19952,19958,1155,6,1,600,116.1
18798,19959,19980,1161,21,1,600,56.2857142857
18801,19984,19993,1183,9,1,600,119.2
18802,19992,19998,1190,6,1,600,119.6
18861,20364,23318,1503,2954,2,7200,1.50880162492
18864,20005,20008,1141,3,1,600,114.4
18865,20012,20021,1147,9,1,600,115.6
18868,20038,20051,1170,13,1,600,91.0
18869,20043,20077,1174,34,1,600,35.5294117647
18872,20074,20080,1202,6,1,600,120.8
18873,20089,20094,1216,5,1,600,122.1
18875,20095,20105,1220,10,1,600,123.0
18876,20106,20110,1230,4,1,600,123.4
18879,20124,20129,1245,5,1,600,125.0
18880,20131,20146,1251,15,1,600,84.4
18942,20140,20151,1198,11,1,600,109.909090909
18943,20158,20235,1215,77,1,600,16.7792207792
18945,20164,20199,1219,35,1,600,35.8285714286
18946,20211,20218,1265,7,1,600,127.2
18947,20230,20249,1283,19,1,600,68.5263157895
18949,20248,20252,1299,4,1,600,130.3
18950,20261,20267,1311,6,1,600,131.7
18951,20268,20275,1317,7,1,600,132.4
18959,20449,23637,1490,3188,2,7200,1.46737766625
18990,20521,23692,1531,3171,2,7200,1.48281299275
19005,20535,23534,1530,2999,2,7200,1.51017005669
19013,20278,20301,1265,23,1,600,56.0
19016,20298,20307,1282,9,1,600,129.1
19017,20320,20327,1303,7,1,600,131.0
19018,20326,20352,1308,26,1,600,51.3076923077
19020,20338,20343,1318,5,1,600,132.3
19021,20354,20360,1333,6,1,600,133.9
19026,20389,20394,1363,5,1,600,136.8
19028,20396,20402,1368,6,1,600,137.4
19029,20407,20413,1378,6,1,600,138.4
19055,20602,23792,1547,3190,2,7200,1.48495297806
19091,20419,20426,1328,7,1,600,133.5
19092,20425,20426,1333,1,1,600,133.4
19094,20438,20444,1344,6,1,600,135.0
19095,20443,20448,1348,5,1,600,135.3
19097,20457,20462,1360,5,1,600,136.5
19098,20464,20536,1366,72,1,600,19.9722222222
19101,20485,20534,1384,49,1,600,29.2448979592
19102,20546,20557,1444,11,1,600,132.272727273
19104,20553,20558,1449,5,1,600,145.4
19105,20569,20719,1464,150,1,600,10.76
19106,20576,20583,1470,7,1,600,147.7
19119,20716,24072,1597,3356,2,7200,1.47586412396
19150,20806,23815,1656,3009,2,7200,1.55034895314
19169,20849,24204,1680,3355,2,7200,1.50074515648
19228,20594,20604,1366,10,1,600,137.6
19229,20616,20628,1387,12,1,600,116.583333333
19231,20640,20650,1409,10,1,600,141.9
19293,20674,20685,1381,11,1,600,126.545454545
19295,20697,20837,1402,140,1,600,11.0142857143
19296,20730,20745,1434,15,1,600,96.6
19297,20756,20757,1459,1,1,600,146.0
19300,20782,20799,1482,17,1,600,88.1764705882
19333,20909,23868,1576,2959,2,7200,1.53261236904
19348,20983,24112,1635,3129,2,7200,1.52253116012
19350,20998,24027,1648,3029,2,7200,1.5440739518
19361,20814,20822,1453,8,1,600,146.1
19363,20834,20847,1471,13,1,600,114.153846154
19364,20854,20862,1490,8,1,600,149.8
19365,20860,20867,1495,7,1,600,150.2
19365,21012,23920,1647,2908,2,7200,1.56636863824
19367,20874,20880,1507,6,1,600,151.3
19368,20881,20886,1513,5,1,600,151.8
19417,21019,24011,1602,2992,2,7200,1.53542780749
19429,20892,20897,1463,5,1,600,146.8
19431,20898,21002,1467,104,1,600,15.1057692308
19432,20914,20915,1482,1,1,600,148.3
19493,20926,20935,1433,9,1,600,144.2
19495,20946,20955,1451,9,1,600,146.0
19496,20967,20980,1471,13,1,600,114.153846154
19517,21082,24220,1565,3138,2,7200,1.49872530274
19557,20991,21011,1434,20,1,600,72.7
19559,21024,21029,1465,5,1,600,147.0
19619,21129,24026,1510,2897,2,7200,1.52122885744
19620,21031,21047,1411,16,1,600,89.1875
19621,21040,21063,1419,23,1,600,62.6956521739
19623,21059,21135,1436,76,1,600,19.8947368421
19624,21076,21088,1452,12,1,600,122.0
19685,21100,21106,1415,6,1,600,142.1
19687,21118,21124,1431,6,1,600,143.7
19688,21136,21137,1448,1,1,600,144.9
19689,21146,21147,1457,1,1,600,145.8
19691,21154,21172,1463,18,1,600,82.2777777778
19753,21173,21174,1420,1,1,600,142.1
19798,21238,24386,1440,3148,2,7200,1.45743329098
19815,21184,21190,1369,6,1,600,137.5
19816,21191,21205,1375,14,1,600,99.2142857143
19818,21202,21207,1384,5,1,600,138.9
19819,21216,21220,1397,4,1,600,140.1
19820,21223,21293,1403,70,1,600,21.0428571429
19822,21232,21239,1410,7,1,600,141.7
19883,21251,21256,1368,5,1,600,137.3
19884,21271,21277,1387,6,1,600,139.3
19886,21288,21298,1402,10,1,600,141.2
19887,21313,21390,1426,77,1,600,19.5194805195
19917,21257,24170,1340,2913,2,7200,1.46000686577
19919,21301,24164,1382,2863,2,7200,1.48271044359
19936,44147,44233,24211,86,1,1800,282.523255814
19949,21319,21334,1370,15,1,600,92.3333333333
19950,21345,21351,1395,6,1,600,140.1
19951,21363,21369,1412,6,1,600,141.8
19952,21308,24193,1356,2885,2,7200,1.47001733102
19953,21381,21386,1428,5,1,600,143.3
19954,21398,21407,1444,9,1,600,145.3
20015,21410,21422,1395,12,1,600,117.25
20017,21418,21419,1401,1,1,600,140.2
20018,21431,21447,1413,16,1,600,89.3125
20019,21404,24354,1385,2950,2,7200,1.46949152542
20019,21437,21473,1418,36,1,600,40.3888888889
20021,21458,21474,1437,16,1,600,90.8125
20022,21485,21492,1463,7,1,600,147.0
20084,21490,21498,1406,8,1,600,141.4
20085,21503,21504,1418,1,1,600,141.9
20087,21510,21517,1423,7,1,600,143.0
20088,21517,21524,1429,7,1,600,143.6
20089,21529,21543,1440,14,1,600,103.857142857
20091,21536,21541,1445,5,1,600,145.0
20152,21559,21560,1407,1,1,600,140.8
20153,21564,21565,1411,1,1,600,141.2
20155,21572,21582,1417,10,1,600,142.7
20156,21578,21604,1422,26,1,600,55.6923076923
20158,21594,21600,1436,6,1,600,144.2
20159,21614,21620,1455,6,1,600,146.1
20160,21626,21636,1466,10,1,600,147.6
20166,21621,24511,1455,2890,2,7200,1.50346020761
20205,21793,24699,1588,2906,2,7200,1.54645560908
20222,21632,21637,1410,5,1,600,141.5
20283,21648,21657,1365,9,1,600,137.4
20286,21666,21667,1380,1,1,600,138.1
20287,21674,21683,1387,9,1,600,139.6
20288,21681,21688,1393,7,1,600,140.0
20297,21812,24771,1515,2959,2,7200,1.51199729638
20298,22050,25088,1752,3038,2,7200,1.57669519421
20351,21701,21706,1350,5,1,600,135.5
20353,21717,21724,1364,7,1,600,137.1
20354,22063,25259,1709,3196,2,7200,1.53473091364
20355,21724,21725,1369,1,1,600,137.0
20356,21735,22021,1379,286,1,600,5.82167832168
20357,21742,21749,1385,7,1,600,139.2
20419,21761,21766,1342,5,1,600,134.7
20420,21778,21792,1358,14,1,600,98.0
20421,21805,21811,1384,6,1,600,139.0
20422,21823,22108,1401,285,1,600,5.91578947368
20424,22033,22038,1609,5,1,600,161.4
20426,22070,22089,1644,19,1,600,87.5263157895
20430,22123,24808,1693,2685,2,7200,1.63054003724
20488,22100,22120,1612,20,1,600,81.6
20489,27628,27640,7139,12,1,600,595.916666667
20490,27651,27659,7161,8,1,600,716.9
20492,27675,27676,7183,1,1,600,718.4
20493,27687,27696,7194,9,1,600,720.3
20494,27707,27721,7213,14,1,600,516.214285714
20512,22204,25286,1692,3082,2,7200,1.54899415964
20527,22234,25152,1707,2918,2,7200,1.58498971899
20556,27714,27724,7158,10,1,600,716.8
20557,27720,27722,7163,2,1,600,716.5
20588,22241,25132,1653,2891,2,7200,1.5717744725
20619,27733,27752,7114,19,1,600,375.421052632
20621,27751,27756,7130,5,1,600,713.5
20623,27757,27758,7134,1,1,600,713.5
20684,27764,27771,7080,7,1,600,708.7
20685,27771,27777,7086,6,1,600,709.2
20687,27777,27785,7090,8,1,600,709.8
20704,22286,25671,1582,3385,2,7200,1.46735598227
20748,27782,27793,7034,11,1,600,640.454545455
20751,27795,27805,7044,10,1,600,705.4
20795,22304,25443,1509,3139,2,7200,1.48072634597
20812,27800,27806,6988,6,1,600,699.4
20813,27806,27817,6993,11,1,600,636.727272727
20815,27811,27817,6996,6,1,600,700.2
20838,22371,25574,1533,3203,2,7200,1.47861379956
20876,27818,27831,6942,13,1,600,535.0
20878,27823,27832,6945,9,1,600,695.4
20880,27834,27835,6954,1,1,600,695.5
20881,27839,27864,6958,25,1,600,279.32
20899,22417,25644,1518,3227,2,7200,1.4704059498
20943,27845,27856,6902,11,1,600,628.454545455
20944,27850,27858,6906,8,1,600,691.4
20946,27862,27863,6916,1,1,600,691.7
20947,27868,27880,6921,12,1,600,577.75
20948,27873,27888,6925,15,1,600,462.666666667
20972,22474,25311,1502,2837,2,7200,1.52943249912
20988,22480,25341,1492,2861,2,7200,1.52149598043
21003,22487,25292,1484,2805,2,7200,1.52905525847
21010,27878,27886,6868,8,1,600,687.6
21012,27889,27900,6877,11,1,600,626.181818182
21018,22494,25596,1476,3102,2,7200,1.47582205029
21070,22512,25411,1442,2899,2,7200,1.497412901
21074,27917,27918,6843,1,1,600,684.4
21075,27923,27976,6848,53,1,600,130.20754717
21076,27929,27930,6853,1,1,600,685.4
21077,27935,27956,6858,21,1,600,327.571428571
21139,27947,27953,6808,6,1,600,681.4
21140,27964,27970,6824,6,1,600,683.0
21141,27972,27980,6831,8,1,600,683.9
21143,27983,28001,6840,18,1,600,381.0
21144,27989,28001,6845,12,1,600,571.416666667
21206,27994,28002,6788,8,1,600,679.6
21207,28001,28006,6794,5,1,600,679.9
21208,28006,28007,6798,1,1,600,679.9
21211,28023,28030,6812,7,1,600,681.9
21213,28034,28042,6821,8,1,600,682.9
21229,22572,25684,1343,3112,2,7200,1.43155526992
21247,22768,25888,1521,3120,2,7200,1.4875
21275,28039,28040,6764,1,1,600,676.5
21276,28052,28058,6776,6,1,600,678.2
21284,22773,25973,1489,3200,2,7200,1.4653125
21299,22778,25821,1479,3043,2,7200,1.48603351955
21339,28062,28086,6723,24,1,600,281.125
21340,28069,28123,6729,54,1,600,125.611111111
21341,28074,28081,6733,7,1,600,674.0
21343,28080,28090,6737,10,1,600,674.7
21394,22792,25711,1398,2919,2,7200,1.4789311408
21404,28093,28097,6689,4,1,600,669.3
21405,28099,28100,6694,1,1,600,669.5
21407,28106,28107,6699,1,1,600,670.0
21408,28120,28127,6712,7,1,600,671.9
21469,28170,28191,6701,21,1,600,320.095238095
21471,28175,28176,6704,1,1,600,670.5
21472,28187,28190,6715,3,1,600,671.8
21473,28202,28203,6729,1,1,600,673.0
21535,28207,28217,6672,10,1,600,668.2
21536,28223,28224,6687,1,1,600,668.8
21537,28230,28235,6693,5,1,600,669.8
21539,28238,28243,6699,5,1,600,670.4
21540,28250,28263,6710,13,1,600,517.153846154
21541,28256,28265,6715,9,1,600,672.4
21542,28262,28269,6720,7,1,600,672.7
21607,28293,28294,6686,1,1,600,668.7
21608,28305,28317,6697,12,1,600,559.083333333
21610,22870,25944,1260,3074,2,7200,1.40988939493
21611,28316,28336,6705,20,1,600,336.25
21612,28321,28351,6709,30,1,600,224.633333333
21673,28327,28328,6654,1,1,600,665.5
21675,28334,28335,6659,1,1,600,666.0
21676,28342,28348,6666,6,1,600,667.2
21679,28354,28355,6675,1,1,600,667.6
21680,28359,28382,6679,23,1,600,291.391304348
21743,28382,28387,6639,5,1,600,664.4
21744,28387,28403,6643,16,1,600,416.1875
21745,28393,28399,6648,6,1,600,665.4
21747,28400,28405,6653,5,1,600,665.8
21748,28405,28415,6657,10,1,600,666.7
21749,28410,28460,6661,50,1,600,134.22
21783,22974,26111,1191,3137,2,7200,1.37966209755
21802,23015,25963,1213,2948,2,7200,1.41146540027
21812,28428,28444,6616,16,1,600,414.5
21813,28433,28442,6620,9,1,600,662.9
21875,28455,28461,6580,6,1,600,658.6
22042,23067,26246,1025,3179,2,7200,1.32242843662
22056,28748,28786,6692,38,1,600,177.105263158
22057,23222,26591,1165,3369,2,7200,1.34579994064
22058,28754,28761,6696,7,1,600,670.3
22112,23295,26277,1183,2982,2,7200,1.39671361502
22119,28772,28779,6653,7,1,600,666.0
22121,28790,28791,6669,1,1,600,667.0
22122,28800,28801,6678,1,1,600,667.9
22183,28821,28831,6638,10,1,600,664.8
22195,23329,26475,1134,3146,2,7200,1.36045772409
22222,23414,26437,1192,3023,2,7200,1.39431028779
22237,23421,26426,1184,3005,2,7200,1.39400998336
22277,23546,26632,1269,3086,2,7200,1.41121192482
22293,23648,26761,1355,3113,2,7200,1.43527144234
22360,23704,26932,1344,3228,2,7200,1.41635687732
22406,23804,26858,1398,3054,2,7200,1.45776031434
22464,23826,26714,1362,2888,2,7200,1.4716066482
22480,23880,26972,1400,3092,2,7200,1.45278137128
22482,23932,26915,1450,2983,2,7200,1.48608783104
22483,24023,27047,1540,3024,2,7200,1.50925925926
22502,24037,27616,1535,3579,2,7200,1.42889075161
22560,24043,26922,1483,2879,2,7200,1.51510941299
22782,24083,27122,1301,3039,2,7200,1.42810134913
22862,24123,26933,1261,2810,2,7200,1.4487544484
22963,24175,27316,1212,3141,2,7200,1.3858643744
23006,24183,27285,1177,3102,2,7200,1.37943262411
23055,24205,27511,1150,3306,2,7200,1.34785238959
23213,24216,27242,1003,3026,2,7200,1.33146067416
23286,24231,27335,945,3104,2,7200,1.30444587629
23320,24365,27390,1045,3025,2,7200,1.34545454545
23402,24397,27227,995,2830,2,7200,1.35159010601
23417,24522,27555,1105,3033,2,7200,1.36432575008
23536,24711,27795,1175,3084,2,7200,1.38099870298
23639,24775,27771,1136,2996,2,7200,1.37917222964
23694,24781,27701,1087,2920,2,7200,1.37226027397
23795,24786,28117,991,3331,2,7200,1.29750825578
23816,24791,27759,975,2968,2,7200,1.32850404313
23869,24796,27798,927,3002,2,7200,1.30879413724
23920,24802,27965,882,3163,2,7200,1.2788491938
24012,24814,27982,802,3168,2,7200,1.25315656566
24028,24820,27959,792,3139,2,7200,1.25230965276
24029,25099,28282,1070,3183,2,7200,1.33616085454
24075,25143,28288,1068,3145,2,7200,1.33958664547
24115,25168,28158,1053,2990,2,7200,1.35217391304
24166,25270,28362,1104,3092,2,7200,1.35705045278
24182,25298,28125,1116,2827,2,7200,1.39476476831
24197,25304,28232,1107,2928,2,7200,1.37807377049
24212,25322,28331,1110,3009,2,7200,1.36889332004
24227,25352,28596,1125,3244,2,7200,1.34679408138
24355,25424,28331,1069,2907,2,7200,1.36773305814
24386,25455,28804,1069,3349,2,7200,1.31919976112
24514,25586,28578,1072,2992,2,7200,1.35828877005
24700,25608,28737,908,3129,2,7200,1.29018855864
24773,25655,28793,882,3138,2,7200,1.2810707457
24810,25682,28837,872,3155,2,7200,1.2763866878
25089,25696,28793,607,3097,2,7200,1.19599612528
25135,25722,28424,587,2702,2,7200,1.21724648409
25153,25832,28830,679,2998,2,7200,1.22648432288
25260,25899,28851,639,2952,2,7200,1.21646341463
25288,25956,29101,668,3145,2,7200,1.21240063593
25304,25976,29085,672,3109,2,7200,1.21614667096
25319,25984,29356,665,3372,2,7200,1.19721233689
25344,26122,29334,778,3212,2,7200,1.24221668742
25414,26257,29526,843,3269,2,7200,1.25787702661
25444,26288,29400,844,3112,2,7200,1.27120822622
25575,26439,29427,864,2988,2,7200,1.28915662651
25596,26448,29321,852,2873,2,7200,1.29655412461
25645,26486,29418,841,2932,2,7200,1.28683492497
25670,26603,29511,933,2908,2,7200,1.32083906465
25685,26643,29928,958,3285,2,7200,1.29162861492
25713,26725,29727,1012,3002,2,7200,1.33710859427
25823,26772,29906,949,3134,2,7200,1.30280791321
25890,26869,29888,979,3019,2,7200,1.32427956277
25945,26926,29844,981,2918,2,7200,1.33618917066
25963,26933,30164,970,3231,2,7200,1.30021665119
25979,26943,29877,964,2934,2,7200,1.32856169052
26113,26950,30191,837,3241,2,7200,1.25825362542
26247,26984,30022,737,3038,2,7200,1.24259381172
26278,27058,29955,780,2897,2,7200,1.26924404556
26427,27134,30143,707,3009,2,7200,1.23496178132
26442,27239,30352,797,3113,2,7200,1.25602312881
26476,27254,30409,778,3155,2,7200,1.24659270998
26592,27297,30367,705,3070,2,7200,1.22964169381
26631,27328,30474,697,3146,2,7200,1.2215511761
26717,27346,30353,629,3007,2,7200,1.20917858331
26762,27402,30276,640,2874,2,7200,1.2226861517
26859,27524,30697,665,3173,2,7200,1.20958083832
26917,27567,30599,650,3032,2,7200,1.21437994723
26933,27856,30816,923,2960,2,7200,1.31182432432
26934,27906,30971,972,3065,2,7200,1.31712887439
26935,27912,31082,977,3170,2,7200,1.30820189274
26976,27940,31161,964,3221,2,7200,1.29928593604
27049,27977,31029,928,3052,2,7200,1.30406290957
27122,28012,31063,890,3051,2,7200,1.29170763684
27228,28085,31283,857,3198,2,7200,1.26797998749
27244,28113,31182,869,3069,2,7200,1.28315412186
27288,28128,31216,840,3088,2,7200,1.27202072539
27318,28136,31243,818,3107,2,7200,1.26327647248
27337,28143,30910,806,2767,2,7200,1.291290206
27392,28274,31385,882,3111,2,7200,1.28351012536
27513,28299,31456,786,3157,2,7200,1.24897054165
27556,28365,31432,809,3067,2,7200,1.26377567656
27620,28416,31800,796,3384,2,7200,1.23522458629
27653,31738,31787,4085,49,1,600,84.3673469388
27699,28440,31342,741,2902,2,7200,1.25534114404
27715,31799,31810,4084,11,1,600,372.272727273
27716,31822,31823,4106,1,1,600,410.7
27718,31834,31848,4116,14,1,600,295.0
27760,28445,31223,685,2778,2,7200,1.24658027358
27775,28462,31738,687,3276,2,7200,1.20970695971
27779,31859,31869,4080,10,1,600,409.0
27781,31881,31882,4100,1,1,600,410.1
27783,31908,31929,4125,21,1,600,197.428571429
27785,32266,32267,4481,1,1,600,448.2
27786,33003,33020,5217,17,1,600,307.882352941
27788,33008,33025,5220,17,1,600,308.058823529
27789,33014,33025,5225,11,1,600,476.0
27790,33019,33022,5229,3,1,600,523.2
27792,33025,33032,5233,7,1,600,524.0
27794,28474,31639,680,3165,2,7200,1.21484992101
27795,28590,31923,795,3333,2,7200,1.23852385239
27853,33030,33097,5177,67,1,600,78.2686567164
27855,33042,33043,5187,1,1,600,518.8
27856,33047,33058,5191,11,1,600,472.909090909
27857,33053,33063,5196,10,1,600,520.6
27859,33058,33066,5199,8,1,600,520.7
27860,33065,33070,5205,5,1,600,521.0
27862,33070,33111,5208,41,1,600,128.024390244
27863,33075,33082,5212,7,1,600,521.9
27864,33082,33083,5218,1,1,600,521.9
27866,33087,33162,5221,75,1,600,70.6133333333
27867,33093,33097,5226,4,1,600,523.0
27868,33098,33099,5230,1,1,600,523.1
27870,33105,33112,5235,7,1,600,524.2
27871,33110,33111,5239,1,1,600,524.0
27933,33122,33123,5189,1,1,600,519.0
27934,33127,33412,5193,285,1,600,19.2210526316
27935,33134,33237,5199,103,1,600,51.4757281553
27937,33139,33145,5202,6,1,600,520.8
27938,33144,33145,5206,1,1,600,520.7
27939,33150,33157,5211,7,1,600,521.8
27941,33157,33208,5216,51,1,600,103.274509804
27961,28608,31545,647,2937,2,7200,1.2202928158
27976,28808,31851,832,3043,2,7200,1.27341439369
27991,28813,31883,822,3070,2,7200,1.267752443
28002,33162,33168,5160,6,1,600,516.6
28004,33170,33176,5166,6,1,600,517.2
28006,33189,33195,5183,6,1,600,518.9
28008,33194,33198,5186,4,1,600,519.0
28009,33201,33207,5192,6,1,600,519.8
28010,33208,33217,5198,9,1,600,520.7
28012,33214,33220,5202,6,1,600,520.8
28013,33227,33233,5214,6,1,600,522.0
28014,33233,33239,5219,6,1,600,522.5
28077,33245,33246,5168,1,1,600,516.9
28079,33257,33262,5178,5,1,600,518.3
28080,33262,33276,5182,14,1,600,371.142857143
28081,33268,33273,5187,5,1,600,519.2
28083,33273,33288,5190,15,1,600,347.0
28084,33285,33327,5201,42,1,600,124.833333333
28117,28826,32241,709,3415,2,7200,1.20761346999
28132,28842,31654,710,2812,2,7200,1.25248933144
28145,33290,33302,5145,12,1,600,429.75
28147,33303,33309,5156,6,1,600,516.2
28148,33308,33309,5160,1,1,600,516.1
28149,33320,33325,5171,5,1,600,517.6
28151,33325,33330,5174,5,1,600,517.9
28152,33331,33336,5179,5,1,600,518.4
28155,33343,33344,5188,1,1,600,518.9
28160,28848,31851,688,3003,2,7200,1.2291042291
28216,33355,33362,5139,7,1,600,514.6
28218,33360,33365,5142,5,1,600,514.7
28219,33366,33378,5147,12,1,600,429.916666667
28221,33378,33379,5157,1,1,600,515.8
28233,28854,31928,621,3074,2,7200,1.20201691607
28282,33384,33389,5102,5,1,600,510.7
28283,33391,33398,5108,7,1,600,511.5
28285,33396,33406,5111,10,1,600,512.1
28285,28862,32056,577,3194,2,7200,1.18065122104
28286,33401,33412,5115,11,1,600,466.0
28288,33407,33414,5119,7,1,600,512.6
28289,33413,33414,5124,1,1,600,512.5
28290,33419,33424,5129,5,1,600,513.4
28292,33426,33442,5134,16,1,600,321.875
28293,33431,33457,5138,26,1,600,198.615384615
28300,29098,31951,798,2853,2,7200,1.27970557308
28331,29113,32272,782,3159,2,7200,1.24754669199
28332,29333,32265,1001,2932,2,7200,1.34140518417
28354,33436,33441,5082,5,1,600,508.7
28356,33442,33466,5086,24,1,600,212.916666667
28357,33447,33455,5090,8,1,600,509.8
28359,33454,33464,5095,10,1,600,510.5
28360,33459,33466,5099,7,1,600,510.6
28361,33465,33470,5104,5,1,600,510.9
28363,29347,32153,984,2806,2,7200,1.35067712046
28364,33477,33625,5113,148,1,600,35.5472972973
28365,33482,33495,5117,13,1,600,394.615384615
28367,33488,33493,5121,5,1,600,512.6
28427,29367,32435,940,3068,2,7200,1.30638852673
28428,33500,33508,5072,8,1,600,508.0
28431,33511,33524,5080,13,1,600,391.769230769
28433,33516,33522,5083,6,1,600,508.9
28434,33534,33543,5100,9,1,600,510.9
28435,33539,33540,5104,1,1,600,510.5
28437,33544,33556,5107,12,1,600,426.583333333
28438,33550,33556,5112,6,1,600,511.8
28499,33568,33574,5069,6,1,600,507.5
28501,33573,33579,5072,6,1,600,507.8
28502,33578,33579,5076,1,1,600,507.7
28503,33584,33589,5081,5,1,600,508.6
28580,29411,32640,831,3229,2,7200,1.25735521833
28599,29430,32507,831,3077,2,7200,1.27006824829
28738,29439,32526,701,3087,2,7200,1.22708130871
28794,29523,32698,729,3175,2,7200,1.22960629921
28795,29538,32702,743,3164,2,7200,1.23482932996
28805,33591,33662,4786,71,1,600,68.4084507042
28807,33596,33625,4789,29,1,600,166.137931034
28808,33601,33607,4793,6,1,600,479.9
28810,33606,33607,4796,1,1,600,479.7
28811,33614,33644,4803,30,1,600,161.1
28811,29738,32638,927,2900,2,7200,1.31965517241
28832,29856,32964,1024,3108,2,7200,1.32947232947
28847,29888,32862,1041,2974,2,7200,1.35003362475
28863,29900,32891,1037,2991,2,7200,1.34670678703
28872,33619,33624,4747,5,1,600,475.2
29085,29917,33028,832,3111,2,7200,1.26743812279
29103,29940,32871,837,2931,2,7200,1.28556806551
29322,29967,33285,645,3318,2,7200,1.19439421338
29337,30034,33237,697,3203,2,7200,1.21760849204
29356,30156,33253,800,3097,2,7200,1.2583144979
29402,30176,33441,774,3265,2,7200,1.23705972435
29420,30202,33205,782,3003,2,7200,1.26040626041
29436,30287,33349,851,3062,2,7200,1.27792292619
29512,30363,33160,851,2797,2,7200,1.30425455846
29527,30371,33498,844,3127,2,7200,1.26990725935
29728,30378,33501,650,3123,2,7200,1.20813320525
29846,30422,33528,576,3106,2,7200,1.18544752093
29877,30486,33531,609,3045,2,7200,1.2
29892,30610,33950,718,3340,2,7200,1.21497005988
29908,30708,33722,800,3014,2,7200,1.26542800265
29932,30828,34136,896,3308,2,7200,1.27085852479
29956,30921,33922,965,3001,2,7200,1.32155948017
30024,30982,34100,958,3118,2,7200,1.30724823605
30145,31040,34223,895,3183,2,7200,1.28118127553
30164,31074,34108,910,3034,2,7200,1.29993408042
30192,31094,34179,902,3085,2,7200,1.29238249595
30277,31172,34421,895,3249,2,7200,1.27546937519
30353,31193,34369,840,3176,2,7200,1.2644836272
30354,31232,34456,878,3224,2,7200,1.2723325062
30370,31239,34440,869,3201,2,7200,1.27147766323
30410,31254,34381,844,3127,2,7200,1.26990725935
30477,31294,34525,817,3231,2,7200,1.25286289075
30599,31353,34285,754,2932,2,7200,1.25716234652
30696,31397,34693,701,3296,2,7200,1.21268203883
30818,31443,34441,625,2998,2,7200,1.20847231488
30910,31468,34497,558,3029,2,7200,1.18421921426
30974,31556,34838,582,3282,2,7200,1.1773308958
31029,31650,34908,621,3258,2,7200,1.19060773481
31066,31665,34635,599,2970,2,7200,1.20168350168
31084,31749,34667,665,2918,2,7200,1.22789581905
31160,31811,34824,651,3013,2,7200,1.21606372386
31182,31866,34834,684,2968,2,7200,1.23045822102
31216,31871,35057,655,3186,2,7200,1.20558694288
31231,31900,34862,669,2962,2,7200,1.22586090479
31246,31936,35080,690,3144,2,7200,1.21946564885
31283,31942,35051,659,3109,2,7200,1.21196526214
31344,31962,34964,618,3002,2,7200,1.20586275816
31387,32068,35103,681,3035,2,7200,1.22438220758
31433,32161,35232,728,3071,2,7200,1.23705633344
31457,32169,35443,712,3274,2,7200,1.21747098351
31546,32252,35239,706,2987,2,7200,1.23635754938
31640,32278,35100,638,2822,2,7200,1.22608079376
31656,32284,35390,628,3106,2,7200,1.20218931101
31741,32384,35448,643,3064,2,7200,1.20985639687
31802,32447,35565,645,3118,2,7200,1.20686337396
31818,33626,33635,1808,9,1,600,181.7
31820,33631,33660,1811,29,1,600,63.4482758621
31851,32518,35609,667,3091,2,7200,1.21578777095
31853,32537,35677,684,3140,2,7200,1.2178343949
31881,33638,33650,1757,12,1,600,147.416666667
31883,33643,33655,1760,12,1,600,147.666666667
31884,32649,36060,765,3411,2,7200,1.22427440633
31884,33649,33675,1765,26,1,600,68.8846153846
31923,32657,35762,734,3105,2,7200,1.23639291465
31939,32709,35727,770,3018,2,7200,1.25513585156
31945,33656,33685,1711,29,1,600,60.0
31947,33661,33670,1714,9,1,600,172.3
31948,33668,33675,1720,7,1,600,172.7
31954,32717,35658,763,2941,2,7200,1.25943556613
32058,32724,35833,666,3109,2,7200,1.21421678996
32155,32874,35902,719,3028,2,7200,1.23745046235
32241,32882,35972,641,3090,2,7200,1.2074433657
32265,32903,35799,638,2896,2,7200,1.2203038674
32281,32976,36068,695,3092,2,7200,1.22477360931
32310,33673,33674,1363,1,1,600,136.4
32437,33117,36124,680,3007,2,7200,1.22613900898
32510,33176,36225,666,3049,2,7200,1.21843227288
32529,33222,36414,693,3192,2,7200,1.21710526316
32635,40872,68437,8237,27565,1,36000,1.29882096862
32638,33252,36484,614,3232,2,7200,1.18997524752
32654,33280,36291,626,3011,2,7200,1.20790435071
32684,40877,67502,8193,26625,1,36000,1.30771830986
32701,33298,36348,597,3050,2,7200,1.19573770492
32716,33373,36618,657,3245,2,7200,1.20246533128
32751,40901,67583,8150,26682,1,36000,1.30544936661
32862,33523,36731,661,3208,2,7200,1.20604738155
32877,33528,36351,651,2823,2,7200,1.23060573858
32893,33557,36537,664,2980,2,7200,1.22281879195
32922,34533,100306,1611,65773,12,86400,1.02449333313
32966,33562,36691,596,3129,2,7200,1.19047619048
33030,33738,36720,708,2982,2,7200,1.23742454728
33032,33680,33687,648,7,1,600,65.5
33033,33685,33695,652,10,1,600,66.2
33035,33692,33711,657,19,1,600,35.5789473684
33036,33697,33698,661,1,1,600,66.2
33038,33703,33743,665,40,1,600,17.625
33099,33708,33766,609,58,1,600,11.5
33100,33715,33716,615,1,1,600,61.6
33102,33720,33729,618,9,1,600,62.7
33104,33731,33737,627,6,1,600,63.3
33106,33743,33748,637,5,1,600,64.2
33107,33749,33762,642,13,1,600,50.3846153846
33109,33754,33760,645,6,1,600,65.1
33110,33761,33776,651,15,1,600,44.4
33111,33767,33799,656,32,1,600,21.5
33161,33948,37003,787,3055,2,7200,1.25761047463
33174,33777,33802,603,25,1,600,25.12
33175,33784,33790,609,6,1,600,61.5
33177,33789,33790,612,1,1,600,61.3
33178,33795,33821,617,26,1,600,24.7307692308
33180,33800,33801,620,1,1,600,62.1
33182,33812,33827,630,15,1,600,43.0
33184,33818,33824,634,6,1,600,64.0
33185,33825,33831,640,6,1,600,64.6
33207,33962,37026,755,3064,2,7200,1.24640992167
33238,34119,37005,881,2886,2,7200,1.30526680527
33246,33831,33838,585,7,1,600,59.2
33248,33836,33862,588,26,1,600,23.6153846154
33249,33841,33856,592,15,1,600,40.4666666667
33250,33848,33853,598,5,1,600,60.3
33252,33853,33886,601,33,1,600,19.2121212121
33253,33858,33864,605,6,1,600,61.1
33254,33864,33881,610,17,1,600,36.8823529412
33254,34147,37144,893,2997,2,7200,1.2979646313
33257,33876,33883,619,7,1,600,62.6
33258,33881,33882,623,1,1,600,62.4
33259,33889,33925,630,36,1,600,18.5
33261,33894,33900,633,6,1,600,63.9
33288,34238,37321,950,3083,2,7200,1.30814142069
33323,33907,33913,584,6,1,600,59.0
33325,33912,33921,587,9,1,600,59.6
33326,33917,33949,591,32,1,600,19.46875
33328,33923,33934,595,11,1,600,55.0909090909
33329,33930,33939,601,9,1,600,61.0
33330,33935,33942,605,7,1,600,61.2
33332,33940,33961,608,21,1,600,29.9523809524
33333,34433,41996,1100,7563,16,21600,1.14544492926
33333,34112,34113,779,1,1,600,78.0
33352,34451,37576,1099,3125,2,7200,1.35168
33395,34126,34144,731,18,1,600,41.6111111111
33396,34156,34161,760,5,1,600,76.5
33397,34174,34177,777,3,1,600,78.0
33399,34189,34195,790,6,1,600,79.6
33401,34207,34219,806,12,1,600,68.1666666667
33403,34214,34227,811,13,1,600,63.3846153846
33404,34231,34236,827,5,1,600,83.2
33406,34245,34246,839,1,1,600,84.0
33407,34252,34258,845,6,1,600,85.1
33440,34459,37190,1019,2731,2,7200,1.37312339802
33468,34259,34268,791,9,1,600,80.0
33470,34270,34271,800,1,1,600,80.1
33471,34280,34286,809,6,1,600,81.5
33473,34287,34342,814,55,1,600,15.8
33474,34301,34313,827,12,1,600,69.9166666667
33475,34306,34313,831,7,1,600,83.8
33477,34312,34326,835,14,1,600,60.6428571429
33478,34325,34333,847,8,1,600,85.5
33479,34330,34331,851,1,1,600,85.2
33481,34338,34422,857,84,1,600,11.2023809524
33482,34345,34366,863,21,1,600,42.0952380952
33483,34350,34356,867,6,1,600,87.3
33485,34358,34367,873,9,1,600,88.2
33486,34368,34421,882,53,1,600,17.641509434
33487,34378,34379,891,1,1,600,89.2
33502,34509,37556,1007,3047,2,7200,1.33048900558
33503,34546,37539,1043,2993,2,7200,1.34847978617
33531,34704,37698,1173,2994,2,7200,1.39178356713
33532,34851,37996,1319,3145,2,7200,1.41939586645
33549,34385,34711,836,326,1,600,3.56441717791
33550,34390,34403,840,13,1,600,65.6153846154
33552,34396,34401,844,5,1,600,84.9
33553,34408,34413,855,5,1,600,86.0
33554,34413,34419,859,6,1,600,86.5
33556,34421,34441,865,20,1,600,44.25
33557,34426,34427,869,1,1,600,87.0
33559,34539,34542,980,3,1,600,98.3
33620,34551,34559,931,8,1,600,93.9
33621,34558,34564,937,6,1,600,94.3
33623,34571,34585,948,14,1,600,68.7142857143
33624,34578,34585,954,7,1,600,96.1
33626,34598,34628,972,30,1,600,33.4
33627,34603,34698,976,95,1,600,11.2736842105
33628,34640,34652,1012,12,1,600,85.3333333333
33630,34647,34652,1017,5,1,600,102.2
33631,34652,34671,1021,19,1,600,54.7368421053
33632,34664,34670,1032,6,1,600,103.8
33634,34669,34682,1035,13,1,600,80.6153846154
33695,34680,34689,985,9,1,600,99.4
33696,34692,34697,996,5,1,600,100.1
33698,34697,34702,999,5,1,600,100.4
33701,34715,34724,1014,9,1,600,102.3
33702,34721,34727,1019,6,1,600,102.5
33703,34728,34734,1025,6,1,600,103.1
33705,34733,34744,1028,11,1,600,94.4545454545
33706,34739,34765,1033,26,1,600,40.7307692308
33707,34744,34752,1037,8,1,600,104.5
33708,34750,34769,1042,19,1,600,55.8421052632
33710,34757,34758,1047,1,1,600,104.8
33712,34768,34787,1056,19,1,600,56.5789473684
33725,34856,37930,1131,3074,2,7200,1.3679245283
33774,34773,34781,999,8,1,600,100.7
33775,34781,34800,1006,19,1,600,53.9473684211
33777,34786,34792,1009,6,1,600,101.5
33778,34792,34815,1014,23,1,600,45.0869565217
33779,34797,34823,1018,26,1,600,40.1538461538
33781,34802,34809,1021,7,1,600,102.8
33782,34809,34815,1027,6,1,600,103.3
33783,34814,34840,1031,26,1,600,40.6538461538
33785,34820,34826,1035,6,1,600,104.1
33786,34827,34828,1041,1,1,600,104.2
33788,34833,34844,1045,11,1,600,96.0
33789,34838,34843,1049,5,1,600,105.4
33850,34843,34986,993,143,1,600,7.94405594406
33852,34862,34868,1010,6,1,600,101.6
33853,34867,34868,1014,1,1,600,101.5
33854,34873,34882,1019,9,1,600,102.8
33856,34878,34884,1022,6,1,600,102.8
33857,34890,34906,1033,16,1,600,65.5625
33858,34896,34902,1038,6,1,600,104.4
33860,34901,34913,1041,12,1,600,87.75
33861,34906,34912,1045,6,1,600,105.1
33863,34912,34928,1049,16,1,600,66.5625
33864,34919,34920,1055,1,1,600,105.6
33865,34924,34930,1059,6,1,600,106.5
33867,34930,35040,1063,110,1,600,10.6636363636
33868,34935,34943,1067,8,1,600,107.5
33869,34942,34955,1073,13,1,600,83.5384615385
33922,34885,38279,963,3394,2,7200,1.28373600471
33931,34947,34954,1016,7,1,600,102.3
33932,34953,34961,1021,8,1,600,102.9
33934,34958,34959,1024,1,1,600,102.5
33935,34963,34969,1028,6,1,600,103.4
33936,34969,34977,1033,8,1,600,104.1
33938,34974,34981,1036,7,1,600,104.3
33939,37850,37875,3911,25,1,600,157.44
33940,37887,37894,3947,7,1,600,395.4
33943,37921,37927,3978,6,1,600,398.4
33944,38613,38615,4669,2,1,600,467.1
33946,38627,38633,4681,6,1,600,468.7
33953,35063,38107,1110,3044,2,7200,1.36465177398
34007,38646,38655,4639,9,1,600,464.8
34008,38667,38678,4659,11,1,600,424.545454545
34010,38690,38697,4680,7,1,600,468.7
34103,35071,38014,968,2943,2,7200,1.32891607204
34118,35092,38343,974,3251,2,7200,1.29960012304
34131,38711,38719,4580,8,1,600,458.8
34136,35112,37888,976,2776,2,7200,1.35158501441
34182,35119,38295,937,3176,2,7200,1.29502518892
34194,38746,38770,4552,24,1,600,190.666666667
34195,38781,38790,4586,9,1,600,459.5
34225,35244,38492,1019,3248,2,7200,1.31373152709
34252,35052,37800,800,2748,12,21600,1.29112081514
34257,38801,38808,4544,7,1,600,455.1
34259,38835,38883,4576,48,1,600,96.3333333333
34261,38895,38901,4634,6,1,600,464.0
34262,38912,38913,4650,1,1,600,465.1
34264,38925,38939,4661,14,1,600,333.928571429
34265,38951,38978,4686,27,1,600,174.555555556
34286,35251,38383,965,3132,2,7200,1.30810983397
34326,38990,38991,4664,1,1,600,466.5
34328,39002,39003,4674,1,1,600,467.5
34329,39015,39020,4686,5,1,600,469.1
34330,39032,39045,4702,13,1,600,362.692307692
34332,39057,39065,4725,8,1,600,473.3
34372,35401,38557,1029,3156,2,7200,1.32604562738
34387,35455,38727,1068,3272,2,7200,1.32640586797
34395,39091,39096,4696,5,1,600,470.1
34396,39109,39115,4713,6,1,600,471.9
34398,39127,39128,4729,1,1,600,473.0
34400,39158,39177,4758,19,1,600,251.421052632
34402,39189,39239,4787,50,1,600,96.74
34421,35461,38692,1040,3231,2,7200,1.32188177035
34440,35576,38648,1136,3072,2,7200,1.36979166667
34455,35621,38836,1166,3215,2,7200,1.36267496112
34457,35669,38749,1212,3080,2,7200,1.39350649351
34465,39261,39278,4796,17,1,600,283.117647059
34466,39290,39299,4824,9,1,600,483.3
34467,39311,39315,4844,4,1,600,484.8
34469,39327,39343,4858,16,1,600,304.625
34470,39360,39367,4890,7,1,600,489.7
34472,39379,39384,4907,5,1,600,491.2
34473,39396,39415,4923,19,1,600,260.105263158
34474,39408,39413,4934,5,1,600,493.9
34500,35688,38810,1188,3122,2,7200,1.38052530429
34528,35739,38657,1211,2918,2,7200,1.41501028101
34596,39424,39441,4828,17,1,600,285.0
34597,39441,39442,4844,1,1,600,484.5
34599,39477,39522,4878,45,1,600,109.4
34600,39535,39562,4935,27,1,600,183.777777778
34601,39575,39582,4974,7,1,600,498.1
34638,35774,38968,1136,3194,2,7200,1.35566687539
34663,39594,39601,4931,7,1,600,493.8
34664,39617,39625,4953,8,1,600,496.1
34665,39637,39661,4972,24,1,600,208.166666667
34668,35810,38866,1142,3056,2,7200,1.37369109948
34693,35844,39249,1151,3405,2,7200,1.33803230543
34727,39674,39690,4947,16,1,600,310.1875
34728,39702,39708,4974,6,1,600,498.0
34730,39720,39726,4990,6,1,600,499.6
34732,39750,39759,5018,9,1,600,502.7
34735,39784,39790,5049,6,1,600,505.5
34738,39815,39820,5077,5,1,600,508.2
34739,39838,39843,5099,5,1,600,510.4
34742,39868,39872,5126,4,1,600,513.0
34803,39884,39891,5081,7,1,600,508.8
34805,39903,39909,5098,6,1,600,510.4
34806,39921,39931,5115,10,1,600,512.5
34807,39944,40081,5137,137,1,600,38.496350365
34809,40093,40099,5284,6,1,600,529.0
34810,40111,40112,5301,1,1,600,530.2
34811,40123,40124,5312,1,1,600,531.3
34813,40136,40144,5323,8,1,600,533.1
34814,40156,40164,5342,8,1,600,535.0
34816,40176,40184,5360,8,1,600,536.8
34817,40196,40202,5379,6,1,600,538.5
34824,35914,39126,1090,3212,2,7200,1.33935242839
34840,35983,39178,1143,3195,2,7200,1.35774647887
34841,36071,39104,1230,3033,2,7200,1.40553907023
34863,36079,39360,1216,3281,2,7200,1.37061871381
34879,40214,40228,5335,14,1,600,382.071428571
34880,40241,40250,5361,9,1,600,537.0
34882,40267,40273,5385,6,1,600,539.1
34886,40310,40316,5424,6,1,600,543.0
34889,40341,40376,5452,35,1,600,156.771428571
34890,40388,40394,5498,6,1,600,550.4
34892,40406,40413,5514,7,1,600,552.1
34893,40425,40431,5532,6,1,600,553.8
34894,40443,40448,5549,5,1,600,555.4
34909,36136,39395,1227,3259,2,7200,1.37649585763
34957,40479,40483,5522,4,1,600,552.6
34959,40495,40573,5536,78,1,600,71.9743589744
34960,40585,40590,5625,5,1,600,563.0
34961,40603,40620,5642,17,1,600,332.882352941
34964,36236,39342,1272,3106,2,7200,1.40952994205
34964,40650,40659,5686,9,1,600,569.5
34967,40689,40694,5722,5,1,600,572.7
34968,40715,40716,5747,1,1,600,574.8
34970,40728,40923,5758,195,1,600,30.5282051282
34971,40749,40755,5778,6,1,600,578.4
35033,40754,40761,5721,7,1,600,572.8
35034,40767,40768,5733,1,1,600,573.4
35035,40774,40782,5739,8,1,600,574.7
35037,40781,40790,5744,9,1,600,575.3
35046,36302,39424,1256,3122,2,7200,1.40230621397
35061,36360,39416,1299,3056,2,7200,1.42506544503
35080,36367,39418,1287,3051,2,7200,1.42182890855
35098,40795,40800,5697,5,1,600,570.2
35102,36425,39423,1323,2998,2,7200,1.44129419613
35234,36495,39481,1261,2986,2,7200,1.42230408573
35249,36548,39477,1299,2929,2,7200,1.44349607375
35389,36629,39646,1240,3017,2,7200,1.41100430892
35444,36702,39821,1258,3119,2,7200,1.40333440205
35459,36731,39825,1272,3094,2,7200,1.41111829347
35566,36742,39598,1176,2856,2,7200,1.41176470588
35609,37015,40018,1406,3003,2,7200,1.4681984682
35658,37022,40250,1364,3228,2,7200,1.42255266419
35679,37038,40452,1359,3414,2,7200,1.39806678383
35725,37155,40013,1430,2858,2,7200,1.50034989503
35765,37202,40452,1437,3250,2,7200,1.44215384615
35799,37335,40645,1536,3310,2,7200,1.46404833837
35833,37550,40698,1717,3148,2,7200,1.54542566709
35903,37567,40724,1664,3157,2,7200,1.52708267342
35973,37587,40773,1614,3186,2,7200,1.5065913371
36062,37709,40687,1647,2978,2,7200,1.55305574211
36077,37813,40737,1736,2924,2,7200,1.59370725034
36126,37818,41023,1692,3205,2,7200,1.527925117
36228,37829,40922,1601,3093,2,7200,1.51762043324
36292,37834,40860,1542,3026,2,7200,1.50958360872
36350,37845,40890,1495,3045,2,7200,1.49096880131
36351,37867,40939,1516,3072,2,7200,1.49348958333
36416,37900,40979,1484,3079,2,7200,1.4819746671
36486,37942,41151,1456,3209,2,7200,1.45372390153
36538,38007,40867,1469,2860,2,7200,1.51363636364
36620,38025,41089,1405,3064,2,7200,1.45855091384
36693,38119,41653,1426,3534,2,7200,1.40350877193
36721,38291,41201,1570,2910,2,7200,1.53951890034
36737,38306,41354,1569,3048,2,7200,1.51476377953
37004,38354,41487,1350,3133,2,7200,1.43089690393
37006,38394,41572,1388,3178,2,7200,1.43675267464
37027,38503,41641,1476,3138,2,7200,1.47036328872
37146,38568,41708,1422,3140,2,7200,1.45286624204
37192,38591,41484,1399,2893,2,7200,1.48358105773
37325,38597,41655,1272,3058,2,7200,1.41595814258
37540,38602,41620,1062,3018,2,7200,1.35188866799
37559,38607,41883,1048,3276,2,7200,1.3199023199
37577,38659,41486,1082,2827,2,7200,1.38273788468
37699,38673,41813,974,3140,2,7200,1.3101910828
37891,38703,42093,812,3390,2,7200,1.2395280236
37925,40813,40969,2888,156,1,600,19.5128205128
37926,40819,40820,2893,1,1,600,289.4
37931,38738,41735,807,2997,2,7200,1.26926926927
37988,40831,40836,2843,5,1,600,284.8
37998,38761,41829,763,3068,2,7200,1.24869621904
37999,64609,64610,26610,1,1,1800,2661.1
38016,38827,41958,811,3131,2,7200,1.25902267646
38107,38847,41922,740,3075,2,7200,1.2406504065
38279,38878,42032,599,3154,2,7200,1.189917565
38295,38979,41759,684,2780,2,7200,1.24604316547
38347,39115,42278,768,3163,2,7200,1.24280746127
38384,39137,42380,753,3243,2,7200,1.23219241443
38493,39196,42259,703,3063,2,7200,1.22951354881
38557,39267,42107,710,2840,2,7200,1.25
38649,39354,42337,705,2983,2,7200,1.23633925578
38664,39372,42350,708,2978,2,7200,1.23774345198
38692,39431,42521,739,3090,2,7200,1.23915857605
38713,40889,40890,2176,1,1,600,217.7
38714,40907,40908,2193,1,1,600,219.4
38729,39436,42399,707,2963,2,7200,1.23860951738
38750,39459,42470,709,3011,2,7200,1.23546994354
38777,40932,40939,2155,7,1,600,216.2
38778,40944,40945,2166,1,1,600,216.7
38780,40956,41010,2176,54,1,600,41.2962962963
38812,39464,42864,652,3400,2,7200,1.19176470588
38837,39472,42516,635,3044,2,7200,1.20860709593
38841,40963,41206,2122,243,1,600,9.73251028807
38843,40981,41410,2138,429,1,600,5.98368298368
38844,41022,41023,2178,1,1,600,217.9
38867,39489,42497,622,3008,2,7200,1.20678191489
38906,41039,41040,2133,1,1,600,213.4
38907,41044,41055,2137,11,1,600,195.272727273
38970,41064,41076,2094,12,1,600,175.5
38971,39495,42646,524,3151,2,7200,1.16629641384
38992,39414,114908,422,75494,8,288000,1.0055898482
39001,39454,114937,453,75483,8,288000,1.0060013513
39031,41070,41106,2039,36,1,600,57.6388888889
39034,41105,41121,2071,16,1,600,130.4375
39035,41120,41195,2085,75,1,600,28.8
39097,41133,41149,2036,16,1,600,128.25
39098,41162,41175,2064,13,1,600,159.769230769
39100,41186,41303,2086,117,1,600,18.8290598291
39105,39609,42586,504,2977,2,7200,1.16929795096
39126,39657,42632,531,2975,2,7200,1.17848739496
39161,41207,41240,2046,33,1,600,63.0
39162,41220,41226,2058,6,1,600,206.4
39164,41239,41243,2075,4,1,600,207.9
39165,41253,41273,2088,20,1,600,105.4
39179,39832,42812,653,2980,2,7200,1.21912751678
39223,39544,114994,321,75450,8,144000,1.00425447316
39227,41260,41292,2033,32,1,600,64.53125
39252,39844,42994,592,3150,2,7200,1.18793650794
39288,41286,41292,1998,6,1,600,200.4
39290,41304,41388,2014,84,1,600,24.9761904762
39291,41309,41398,2018,89,1,600,23.6741573034
39304,41508,114990,2204,73482,8,144000,1.02999373996
39343,40024,43314,681,3290,2,7200,1.20699088146
39354,41328,41343,1974,15,1,600,132.6
39355,41355,41361,2000,6,1,600,200.6
39362,40031,43042,669,3011,2,7200,1.22218532049
39397,41940,114905,2543,72965,8,144000,1.03485232646
39398,40261,43380,863,3119,2,7200,1.27669124719
39417,40467,43644,1050,3177,2,7200,1.33050047214
39417,41366,41377,1949,11,1,600,178.181818182
39418,41371,41380,1953,9,1,600,196.2
39418,40472,43789,1054,3317,2,7200,1.31775700935
39420,41378,41383,1958,5,1,600,196.3
39421,41389,41397,1968,8,1,600,197.6
39434,40662,43602,1228,2940,2,7200,1.41768707483
39435,40703,43918,1268,3215,2,7200,1.39440124417
39479,40710,43851,1231,3141,2,7200,1.39191340337
39483,41395,41402,1912,7,1,600,191.9
39484,41401,41409,1917,8,1,600,192.5
39494,40737,43939,1243,3202,2,7200,1.3881948782
39545,41408,41447,1863,39,1,600,48.7692307692
39601,40788,44062,1187,3274,2,7200,1.36255345144
39607,41415,41421,1808,6,1,600,181.4
39609,41420,41432,1811,12,1,600,151.916666667
39646,40884,44166,1238,3282,2,7200,1.37720901889
39672,41433,41440,1761,7,1,600,176.8
39673,41438,41444,1765,6,1,600,177.1
39735,41443,41451,1708,8,1,600,171.6
39736,41451,41460,1715,9,1,600,172.4
39737,41456,41463,1719,7,1,600,172.6
39799,41464,41526,1665,62,1,600,27.8548387097
39801,41469,41493,1668,24,1,600,70.5
39802,41475,41492,1673,17,1,600,99.4117647059
39804,41480,41481,1676,1,1,600,167.7
39823,40938,44135,1115,3197,2,7200,1.34876446669
39838,40950,44131,1112,3181,2,7200,1.34957560516
39865,41487,41497,1622,10,1,600,163.2
39866,41492,41504,1626,12,1,600,136.5
39868,41516,41522,1648,6,1,600,165.4
39869,41534,41542,1665,8,1,600,167.3
39932,41553,41560,1621,7,1,600,162.8
39934,41560,41568,1626,8,1,600,163.4
39995,41573,41618,1578,45,1,600,36.0666666667
40016,40990,44172,974,3182,2,7200,1.30609679447
40031,41034,43973,1003,2939,2,7200,1.34127254168
40117,41580,41588,1463,8,1,600,147.1
40118,41587,41597,1469,10,1,600,147.9
40119,41592,41593,1473,1,1,600,147.4
40182,41607,41671,1425,64,1,600,23.265625
40184,41614,41620,1430,6,1,600,143.6
40245,41619,41635,1374,16,1,600,86.875
40246,41630,41631,1384,1,1,600,138.5
40248,41642,41720,1394,78,1,600,18.8717948718
40253,41112,44242,859,3130,2,7200,1.27444089457
40309,41650,41658,1341,8,1,600,134.9
40312,41662,41705,1350,43,1,600,32.3953488372
40313,41727,41732,1414,5,1,600,141.9
40374,41732,41733,1358,1,1,600,135.9
40376,41739,41753,1363,14,1,600,98.3571428571
40437,41744,41745,1307,1,1,600,130.8
40440,41762,41776,1322,14,1,600,95.4285714286
40453,41168,44296,715,3128,2,7200,1.22858056266
40455,41213,44408,758,3195,2,7200,1.2372456964
40502,41773,41795,1271,22,1,600,58.7727272727
40504,41785,41849,1281,64,1,600,21.015625
40626,41796,41803,1170,7,1,600,117.7
40628,41803,41851,1175,48,1,600,25.4791666667
40629,41808,41845,1179,37,1,600,32.8648648649
40646,41499,44699,853,3200,2,7200,1.2665625
40689,41637,44922,948,3285,2,7200,1.28858447489
40691,41815,41821,1124,6,1,600,113.0
40692,41820,41828,1128,8,1,600,113.6
40693,41833,41836,1140,3,1,600,114.3
40705,41669,44850,964,3181,2,7200,1.30304935555
40726,41716,45070,990,3354,2,7200,1.29516994633
40742,41721,44708,979,2987,2,7200,1.32775359893
40756,41845,41846,1089,1,1,600,109.0
40772,41757,44835,985,3078,2,7200,1.32001299545
40817,41857,41862,1040,5,1,600,104.5
40819,41863,41867,1044,4,1,600,104.8
40820,41870,41883,1050,13,1,600,81.7692307692
40821,41875,41903,1054,28,1,600,38.6428571429
40823,41881,41928,1058,47,1,600,23.5106382979
40824,41886,41890,1062,4,1,600,106.6
40825,41893,41898,1068,5,1,600,107.3
40827,41898,41903,1071,5,1,600,107.6
40861,41780,44677,919,2897,2,7200,1.31722471522
40876,41827,44814,951,2987,2,7200,1.31837964513
40888,44158,44362,3270,204,1,600,17.0294117647
40889,45990,46000,5101,10,1,600,511.1
40891,45995,46002,5104,7,1,600,511.1
40891,41852,44745,961,2893,2,7200,1.33218112686
40922,41933,45126,1011,3193,2,7200,1.31663012841
40937,41969,45072,1032,3103,2,7200,1.33258137286
40952,46007,46016,5055,9,1,600,506.4
40954,46012,46020,5058,8,1,600,506.6
40955,46019,46026,5064,7,1,600,507.1
40956,46024,46036,5068,12,1,600,423.333333333
40959,46035,46041,5076,6,1,600,508.2
40980,42043,45201,1063,3158,2,7200,1.33660544649
41020,46042,46093,5022,51,1,600,99.4705882353
41022,46047,46083,5025,36,1,600,140.583333333
41023,42104,45077,1081,2973,2,7200,1.3636057854
41083,46052,46053,4969,1,1,600,497.0
41085,46058,46067,4973,9,1,600,498.2
41086,46063,46071,4977,8,1,600,498.5
41087,46068,46081,4981,13,1,600,384.153846154
41089,46081,46082,4992,1,1,600,499.3
41090,42118,45233,1028,3115,2,7200,1.33001605136
41150,46087,46105,4937,18,1,600,275.277777778
41151,46092,46104,4941,12,1,600,412.75
41153,46097,46104,4944,7,1,600,495.1
41154,42271,45562,1117,3291,2,7200,1.33941051352
41203,42289,45276,1086,2987,2,7200,1.36357549381
41214,46102,46109,4888,7,1,600,489.5
41215,46115,46119,4900,4,1,600,490.4
41217,46121,46129,4904,8,1,600,491.2
41279,46131,46132,4852,1,1,600,485.3
41281,46136,46173,4855,37,1,600,132.216216216
41282,46142,46156,4860,14,1,600,348.142857143
41283,46147,46154,4864,7,1,600,487.1
41345,46152,46153,4807,1,1,600,480.8
41346,46159,46164,4813,5,1,600,481.8
41347,46164,46184,4817,20,1,600,241.85
41349,46170,46175,4821,5,1,600,482.6
41350,46175,46192,4825,17,1,600,284.823529412
41356,42348,45409,992,3061,2,7200,1.32407709899
41412,46180,46188,4768,8,1,600,477.6
41413,46185,46186,4772,1,1,600,477.3
41416,46196,46197,4780,1,1,600,478.1
41417,46214,46220,4797,6,1,600,480.3
41418,46219,46226,4801,7,1,600,480.8
41420,46225,46233,4805,8,1,600,481.3
41422,46235,46241,4813,6,1,600,481.9
41424,46240,46241,4816,1,1,600,481.7
41485,42363,45355,878,2992,2,7200,1.29344919786
41485,46246,46256,4761,10,1,600,477.1
41487,46251,46257,4764,6,1,600,477.0
41488,46256,46257,4768,1,1,600,476.9
41490,46261,46277,4771,16,1,600,299.1875
41491,46267,46273,4776,6,1,600,478.2
41493,46272,46273,4779,1,1,600,478.0
41494,47841,47852,6347,11,1,600,578.0
41495,47847,47855,6352,8,1,600,636.0
41497,47863,47870,6366,7,1,600,637.3
41498,47870,47885,6372,15,1,600,425.8
41500,47881,47940,6381,59,1,600,109.152542373
41500,42391,45237,891,2846,2,7200,1.31307097681
41501,47888,47890,6387,2,1,600,638.9
41502,42410,45550,908,3140,2,7200,1.28917197452
41502,47894,47911,6392,17,1,600,377.0
41564,47900,47908,6336,8,1,600,634.4
41565,47907,47914,6342,7,1,600,634.9
41567,47949,47955,6382,6,1,600,638.8
41568,47961,47969,6393,8,1,600,640.1
41569,47968,48057,6399,89,1,600,72.8988764045
41571,47985,47991,6414,6,1,600,642.0
41575,42482,45818,907,3336,2,7200,1.271882494
41618,42509,45853,891,3344,2,7200,1.26644736842
41632,48016,48017,6384,1,1,600,638.5
41634,48030,48038,6396,8,1,600,640.4
41635,48049,48070,6414,21,1,600,306.428571429
41636,48068,48080,6432,12,1,600,537.0
41638,48082,48089,6444,7,1,600,645.1
41639,48096,48097,6457,1,1,600,645.8
41640,42527,45716,887,3189,2,7200,1.27814361869
41640,48103,48112,6463,9,1,600,647.2
41642,48110,48111,6468,1,1,600,646.9
41643,48122,48124,6479,2,1,600,648.1
41655,42534,45740,879,3206,2,7200,1.27417342483
41657,42598,45647,941,3049,2,7200,1.30862577894
41704,48174,48182,6470,8,1,600,647.8
41706,48180,48189,6474,9,1,600,648.3
41707,48193,48194,6486,1,1,600,648.7
41709,42643,45835,934,3192,2,7200,1.29260651629
41736,42658,45726,922,3068,2,7200,1.30052151239
41761,42823,45815,1062,2992,2,7200,1.35494652406
41769,48252,48254,6483,2,1,600,648.5
41770,48266,48272,6496,6,1,600,650.2
41771,48283,48293,6512,10,1,600,652.2
41773,48290,48305,6517,15,1,600,435.466666667
41774,48304,48311,6530,7,1,600,653.7
41775,48316,48320,6541,4,1,600,654.5
41777,48323,48333,6546,10,1,600,655.6
41778,48331,48346,6553,15,1,600,437.866666667
41813,42875,46046,1062,3171,2,7200,1.33491012299
41832,42908,46167,1076,3259,2,7200,1.33016262657
41840,48345,48352,6505,7,1,600,651.2
41841,48357,48366,6516,9,1,600,652.5
41842,48364,48372,6522,8,1,600,653.0
41844,48377,48385,6533,8,1,600,654.1
41845,48384,48385,6539,1,1,600,654.0
41846,48396,48445,6550,49,1,600,134.673469388
41848,48401,48423,6553,22,1,600,298.863636364
41849,48434,48435,6585,1,1,600,658.6
41884,42913,46013,1029,3100,2,7200,1.33193548387
41910,48446,48456,6536,10,1,600,654.6
41912,48456,48462,6544,6,1,600,655.0
41913,48467,48473,6554,6,1,600,656.0
41915,48474,48482,6559,8,1,600,656.7
41916,48484,48493,6568,9,1,600,657.7
41919,48508,48515,6589,7,1,600,659.6
41922,48526,48533,6604,7,1,600,661.1
41923,48531,48537,6608,6,1,600,661.4
41924,42919,46007,995,3088,2,7200,1.32221502591
41925,48545,48571,6620,26,1,600,255.615384615
41961,42924,45995,963,3071,2,7200,1.31357863888
41986,48552,48558,6566,6,1,600,657.2
42034,42929,46040,895,3111,2,7200,1.28768884603
42095,42934,46095,839,3161,2,7200,1.2654223347
42110,42940,45978,830,3038,2,7200,1.27320605662
42260,42945,46197,685,3252,2,7200,1.2106396064
42278,43005,46179,727,3174,2,7200,1.22904851922
42339,43053,45805,714,2752,2,7200,1.25944767442
42355,43325,46518,970,3193,2,7200,1.30378953962
42379,43392,46300,1013,2908,2,7200,1.34834938102
42401,43613,46814,1212,3201,2,7200,1.3786316776
42471,43655,46759,1184,3104,2,7200,1.38144329897
42499,43800,46797,1301,2997,2,7200,1.43410076743
42517,43862,46789,1345,2927,2,7200,1.45951486163
42532,43929,47088,1397,3159,2,7200,1.44222855334
42588,43950,46874,1362,2924,2,7200,1.4658002736
42634,43984,47052,1350,3068,2,7200,1.44002607562
42649,44073,47116,1424,3043,2,7200,1.46795925074
42674,49807,70860,7133,21053,1,604800,1.3388115708
42718,49835,70836,7117,21001,1,604800,1.33888862435
42744,49937,51015,7193,1078,1,604800,7.67254174397
42814,44115,47058,1301,2943,2,7200,1.44206591913
42866,44120,47371,1254,3251,2,7200,1.38572746847
42995,44126,47020,1131,2894,2,7200,1.39080856945
43044,44131,47251,1087,3120,2,7200,1.3483974359
43314,44136,47416,822,3280,2,7200,1.2506097561
43382,44142,47359,760,3217,2,7200,1.23624494871
43601,44152,47254,551,3102,2,7200,1.1776273372
43647,44164,47502,517,3338,2,7200,1.15488316357
43790,44170,47222,380,3052,2,7200,1.124508519
43851,44178,47445,327,3267,2,7200,1.10009182736
43921,44185,47324,264,3139,2,7200,1.08410321759
43939,44253,47407,314,3154,2,7200,1.09955611921
43973,44308,47303,335,2995,2,7200,1.11185308848
44065,44373,47221,308,2848,2,7200,1.10814606742
44132,44419,47606,287,3187,2,7200,1.0900533417
44147,44689,47676,542,2987,2,7200,1.18145296284
44169,44710,47614,541,2904,2,7200,1.18629476584
44184,44719,47872,535,3153,2,7200,1.16967967016
44245,44756,47759,511,3003,2,7200,1.17016317016
44297,44825,48006,528,3181,2,7200,1.16598553914
44391,49813,49819,5422,6,1,600,542.8
44410,44847,47938,437,3091,2,7200,1.14137819476
44679,44862,48213,183,3351,2,7200,1.05461056401
44700,44933,47830,233,2897,2,7200,1.080428029
44715,45083,48163,368,3080,2,7200,1.11948051948
44746,45089,48279,343,3190,2,7200,1.10752351097
44817,45095,47966,278,2871,2,7200,1.09683037269
44838,45138,48198,300,3060,2,7200,1.09803921569
44854,45213,48072,359,2859,2,7200,1.12556838055
44924,45244,48240,320,2996,2,7200,1.10680907877
45074,45251,48490,177,3239,2,7200,1.05464649583
45075,45287,48351,212,3064,2,7200,1.06919060052
45090,45367,48395,277,3028,2,7200,1.09147952444
45127,45420,48391,293,2971,2,7200,1.09861999327
45204,45561,48516,357,2955,2,7200,1.12081218274
45234,45574,48686,340,3112,2,7200,1.10925449871
45250,45659,48968,409,3309,2,7200,1.12360229677
45277,45727,48969,450,3242,2,7200,1.1388032079
45290,46288,67933,998,21645,16,21600,1.04610764611
45357,45738,48904,381,3166,2,7200,1.12034112445
45412,45751,48898,339,3147,2,7200,1.10772163966
45552,45816,48803,264,2987,2,7200,1.08838299297
45567,45827,48877,260,3050,2,7200,1.08524590164
45650,45833,48932,183,3099,2,7200,1.05905130687
45717,45846,49124,129,3278,2,7200,1.03935326419
45733,45865,48966,132,3101,2,7200,1.0425669139
45748,46076,49128,328,3052,2,7200,1.10747051114
45806,46208,49555,402,3347,2,7200,1.12010755901
45822,46312,49531,490,3219,2,7200,1.1522211867
45823,46529,49323,706,2794,2,7200,1.25268432355
45839,46770,49817,931,3047,2,7200,1.30554643912
45854,46800,49751,946,2951,2,7200,1.32056929854
45979,46809,49865,830,3056,2,7200,1.27159685864
45994,46825,49826,831,3001,2,7200,1.27690769743
46009,46885,50094,876,3209,2,7200,1.27298223746
46015,49943,49945,3928,2,1,600,393.0
46016,49964,50064,3948,100,1,600,40.48
46024,47032,49796,1008,2764,2,7200,1.36468885673
46040,47073,49926,1033,2853,2,7200,1.36207500876
46055,47078,49940,1023,2862,2,7200,1.35744234801
46078,50082,50276,4004,194,1,600,21.6391752577
46079,50288,50289,4209,1,1,600,421.0
46081,50300,50304,4219,4,1,600,422.3
46082,50317,50341,4235,24,1,600,177.458333333
46083,50353,50360,4270,7,1,600,427.7
46084,50372,50378,4288,6,1,600,429.4
46088,50421,50425,4333,4,1,600,433.7
46091,51350,51361,5259,11,1,600,479.090909091
46092,51355,51361,5263,6,1,600,526.9
46098,47099,50114,1001,3015,2,7200,1.3320066335
46154,51373,51380,5219,7,1,600,522.6
46155,51378,51379,5223,1,1,600,522.4
46156,51391,51397,5235,6,1,600,524.1
46158,51398,51417,5240,19,1,600,276.789473684
46159,51415,51422,5256,7,1,600,526.3
46160,51420,51444,5260,24,1,600,220.166666667
46162,51425,51446,5263,21,1,600,251.619047619
46163,51432,51442,5269,10,1,600,527.9
46164,51438,51439,5274,1,1,600,527.5
46165,47127,50135,962,3008,2,7200,1.31981382979
46166,51451,51457,5285,6,1,600,529.1
46167,51457,51481,5290,24,1,600,221.416666667
46169,51462,51463,5293,1,1,600,529.4
46170,51468,51480,5298,12,1,600,442.5
46181,47232,50245,1051,3013,2,7200,1.34882177232
46199,47239,50134,1040,2895,2,7200,1.35924006908
46231,51474,51475,5243,1,1,600,524.4
46234,51487,51493,5253,6,1,600,525.9
46235,51494,51500,5259,6,1,600,526.5
46237,51499,51507,5262,8,1,600,527.0
46238,51505,51511,5267,6,1,600,527.3
46240,51512,51524,5272,12,1,600,440.333333333
46303,47263,50061,960,2798,2,7200,1.34310221587
46519,47270,50250,751,2980,2,7200,1.25201342282
46762,47314,50437,552,3123,2,7200,1.176753122
46790,47335,50498,545,3163,2,7200,1.17230477395
46805,47370,50505,565,3135,2,7200,1.18022328549
46820,47383,50556,563,3173,2,7200,1.17743460448
46875,47418,50376,543,2958,2,7200,1.18356997972
47021,47427,50461,406,3034,2,7200,1.13381674357
47052,47456,50693,404,3237,2,7200,1.12480691999
47067,47513,50737,446,3224,2,7200,1.13833746898
47089,47617,50910,528,3293,2,7200,1.1603401154
47117,47626,50639,509,3013,2,7200,1.16893461666
47224,47688,50773,464,3085,2,7200,1.15040518639
47225,47775,50915,550,3140,2,7200,1.17515923567
47254,47922,50742,668,2820,2,7200,1.23687943262
47255,47955,51112,700,3157,2,7200,1.22172949002
47304,47978,51273,674,3295,2,7200,1.20455235205
47325,48024,50940,699,2916,2,7200,1.23971193416
47359,48090,51211,731,3121,2,7200,1.23421980135
47375,48135,51402,760,3267,2,7200,1.23262932354
47409,48205,51325,796,3120,2,7200,1.25512820513
47425,48212,51126,787,2914,2,7200,1.2700754976
47447,48225,51511,778,3286,2,7200,1.23676202069
47505,48296,51726,791,3430,2,7200,1.2306122449
47608,48370,51305,762,2935,2,7200,1.25962521295
47624,48409,51653,785,3244,2,7200,1.24198520345
47676,48414,51657,738,3243,2,7200,1.22756706753
47742,51517,51529,3775,12,1,600,315.583333333
47743,51529,51541,3786,12,1,600,316.5
47745,51534,51535,3789,1,1,600,379.0
47746,51541,51579,3795,38,1,600,100.868421053
47747,51546,51558,3799,12,1,600,317.583333333
47748,51553,51556,3805,3,1,600,380.8
47750,51558,51570,3808,12,1,600,318.333333333
47751,51569,51577,3818,8,1,600,382.6
47752,51576,51590,3824,14,1,600,274.142857143
47753,51583,51622,3830,39,1,600,99.2051282051
47754,51590,51602,3836,12,1,600,320.666666667
47757,51603,51616,3846,13,1,600,296.846153846
47758,48502,51614,744,3112,2,7200,1.23907455013
47831,48538,51396,707,2858,2,7200,1.24737578726
47874,48582,51724,708,3142,2,7200,1.22533418205
47878,51610,51622,3732,12,1,600,312.0
47880,51617,51620,3737,3,1,600,374.0
47881,51633,51635,3752,2,1,600,375.4
47942,51638,51640,3696,2,1,600,369.8
47942,48697,51889,755,3192,2,7200,1.23652882206
47944,51645,51657,3701,12,1,600,309.416666667
47945,51650,51659,3705,9,1,600,371.4
47946,51657,51669,3711,12,1,600,310.25
47947,51662,51664,3715,2,1,600,371.7
47949,51680,51682,3731,2,1,600,373.3
47969,48814,51922,845,3108,2,7200,1.27187902188
48006,48888,51838,882,2950,2,7200,1.29898305085
48011,51692,51705,3681,13,1,600,284.153846154
48013,51697,51700,3684,3,1,600,368.7
48070,48910,51924,840,3014,2,7200,1.27869940279
48074,51705,51719,3631,14,1,600,260.357142857
48075,51710,51713,3635,3,1,600,363.8
48078,51722,51723,3644,1,1,600,364.5
48139,51729,51731,3590,2,1,600,359.2
48140,51734,51746,3594,12,1,600,300.5
48142,51746,51749,3604,3,1,600,360.7
48143,51752,51767,3609,15,1,600,241.6
48144,51757,51760,3613,3,1,600,361.6
48145,51762,51778,3617,16,1,600,227.0625
48162,48917,52225,755,3308,2,7200,1.22823458283
48199,48944,52152,745,3208,2,7200,1.2322319202
48207,51769,51771,3562,2,1,600,356.4
48208,51774,51790,3566,16,1,600,223.875
48209,51779,51792,3570,13,1,600,275.615384615
48215,48978,52067,763,3089,2,7200,1.2470055034
48243,48985,52003,742,3018,2,7200,1.24585818423
48271,51787,51799,3516,12,1,600,294.0
48282,48991,52158,709,3167,2,7200,1.22387117146
48332,51792,51801,3460,9,1,600,346.9
48333,51797,51801,3464,4,1,600,346.8
48334,51804,51809,3470,5,1,600,347.5
48336,51809,51813,3473,4,1,600,347.7
48337,51815,51853,3478,38,1,600,92.5263157895
48353,49135,52144,782,3009,2,7200,1.25988700565
48393,49142,52288,749,3146,2,7200,1.23808010172
48398,51822,51834,3424,12,1,600,286.333333333
48400,51827,51839,3427,12,1,600,286.583333333
48401,51832,51834,3431,2,1,600,343.3
48402,51838,51842,3436,4,1,600,344.0
48404,51845,51847,3441,2,1,600,344.3
48405,51857,51858,3452,1,1,600,345.3
48406,51862,51865,3456,3,1,600,345.9
48408,49334,52477,926,3143,2,7200,1.29462297168
48468,51868,51871,3400,3,1,600,340.3
48469,51875,51887,3406,12,1,600,284.833333333
48470,51880,51884,3410,4,1,600,341.4
48471,51885,51898,3414,13,1,600,263.615384615
48473,51891,51903,3418,12,1,600,285.833333333
48487,49542,52580,1055,3038,2,7200,1.34726793943
48518,49567,52506,1049,2939,2,7200,1.35692412385
48534,51898,51901,3364,3,1,600,336.7
48535,51903,51916,3368,13,1,600,260.076923077
48537,51909,51911,3372,2,1,600,337.4
48538,51920,51932,3382,12,1,600,282.833333333
48540,51931,51971,3391,40,1,600,85.775
48542,51936,51937,3394,1,1,600,339.5
48543,51953,51966,3410,13,1,600,263.307692308
48604,51959,51973,3355,14,1,600,240.642857143
48606,51964,51966,3358,2,1,600,336.0
48689,49762,52675,1073,2913,2,7200,1.36834878133
48805,49828,52769,1023,2941,2,7200,1.34784087045
48878,49843,52927,965,3084,2,7200,1.31290531777
48900,49877,53140,977,3263,2,7200,1.29941771376
48916,49951,53009,1035,3058,2,7200,1.33845650752
48934,50074,53449,1140,3375,2,7200,1.33777777778
48969,50105,53043,1136,2938,2,7200,1.3866575902
48970,50128,53332,1158,3204,2,7200,1.36142322097
48972,50146,53205,1174,3059,2,7200,1.38378555083
49128,50152,53382,1024,3230,2,7200,1.31702786378
49129,50256,53182,1127,2926,2,7200,1.38516746411
49324,50263,53324,939,3061,2,7200,1.30676249592
49531,50387,53538,856,3151,2,7200,1.27165979054
49555,50451,53590,896,3139,2,7200,1.28544122332
49753,50474,53378,721,2904,2,7200,1.24827823691
49795,50509,53532,714,3023,2,7200,1.23618921601
49820,50516,53526,696,3010,2,7200,1.23122923588
49835,50568,53656,733,3088,2,7200,1.23737046632
49866,50650,53563,784,2913,2,7200,1.26913834535
49869,51971,51980,2102,9,1,600,211.1
49927,50704,53845,777,3141,2,7200,1.24737344795
49942,50748,53741,806,2993,2,7200,1.26929502172
49990,51976,51985,1986,9,1,600,199.5
50061,50755,54038,694,3283,2,7200,1.21139201949
50094,50784,54026,690,3242,2,7200,1.21283158544
50116,50921,54003,805,3082,2,7200,1.26119402985
50135,50928,54145,793,3217,2,7200,1.24650295306
50136,50952,54158,816,3206,2,7200,1.25452276981
50245,51027,54077,782,3050,2,7200,1.25639344262
50261,51123,54376,862,3253,2,7200,1.26498616662
50293,51988,51992,1695,4,1,600,169.9
50294,51993,52003,1699,10,1,600,170.9
50356,52000,52004,1644,4,1,600,164.8
50357,52005,52006,1648,1,1,600,164.9
50376,51137,54046,761,2909,2,7200,1.26160192506
50419,52010,52011,1591,1,1,600,159.2
50420,52016,52019,1596,3,1,600,159.9
50421,52023,52056,1602,33,1,600,49.5454545455
50423,52028,52032,1605,4,1,600,160.9
50439,51223,54302,784,3079,2,7200,1.25462812601
50463,51284,54392,821,3108,2,7200,1.26415701416
50484,52033,52046,1549,13,1,600,120.153846154
50485,52038,52054,1553,16,1,600,98.0625
50500,51317,54726,817,3409,2,7200,1.23965972426
50515,51407,54475,892,3068,2,7200,1.29074315515
50558,51524,54503,966,2979,2,7200,1.32426988922
50640,51625,54625,985,3000,2,7200,1.32833333333
50696,51669,54810,973,3141,2,7200,1.30977395734
50739,51674,54879,935,3205,2,7200,1.29173166927
50754,51741,54731,987,2990,2,7200,1.33010033445
50772,51851,54887,1079,3036,2,7200,1.35540184453
50913,51915,54976,1002,3061,2,7200,1.32734400523
50928,51943,55140,1015,3197,2,7200,1.31748514232
50944,51948,55016,1004,3068,2,7200,1.32724902216
51114,52055,55262,941,3207,2,7200,1.29342064234
51130,52096,55296,966,3200,2,7200,1.301875
51212,52162,55317,950,3155,2,7200,1.30110935024
51273,52196,55356,923,3160,2,7200,1.29208860759
51307,52201,55451,894,3250,2,7200,1.27507692308
51328,53586,200379,2258,146793,18,198000,1.01538220487
51328,52253,55531,925,3278,2,7200,1.28218425869
51390,52061,52074,671,13,1,600,52.6153846154
51392,52066,52067,674,1,1,600,67.5
51398,52317,55486,919,3169,2,7200,1.28999684443
51413,52504,55581,1091,3077,2,7200,1.35456613585
51453,52073,52085,620,12,1,600,52.6666666667
51454,52078,52113,624,35,1,600,18.8285714286
51456,52084,52092,628,8,1,600,63.6
51458,52101,52104,643,3,1,600,64.6
51459,52106,52146,647,40,1,600,17.175
51461,52114,52127,653,13,1,600,51.2307692308
51514,52533,55907,1019,3374,2,7200,1.30201541197
51522,52119,52133,597,14,1,600,43.6428571429
51523,52124,52140,601,16,1,600,38.5625
51525,52131,52134,606,3,1,600,60.9
51526,52136,52148,610,12,1,600,51.8333333333
51527,52143,52150,616,7,1,600,62.3
51528,52150,52151,622,1,1,600,62.3
51530,52155,52158,625,3,1,600,62.8
51531,52167,52170,636,3,1,600,63.9
51532,52173,52176,641,3,1,600,64.4
51534,52178,52181,644,3,1,600,64.7
51535,52183,52195,648,12,1,600,55.0
51536,52188,52201,652,13,1,600,51.1538461538
51599,52212,52213,613,1,1,600,61.4
51600,52217,52221,617,4,1,600,62.1
51601,52223,52227,622,4,1,600,62.6
51603,52230,52243,627,13,1,600,49.2307692308
51605,52241,52255,636,14,1,600,46.4285714286
51607,52246,52258,639,12,1,600,54.25
51608,52258,52261,650,3,1,600,65.3
51609,52263,52276,654,13,1,600,51.3076923077
51614,52607,55611,993,3004,2,7200,1.33055925433
51654,52689,55908,1035,3219,2,7200,1.32152842498
51670,52787,55710,1117,2923,2,7200,1.38214163531
51672,52276,52311,604,35,1,600,18.2571428571
51673,52281,52282,608,1,1,600,60.9
51674,52287,52299,613,12,1,600,52.0833333333
51676,52292,52295,616,3,1,600,61.9
51677,52299,52311,622,12,1,600,52.8333333333
51678,52304,52317,626,13,1,600,49.1538461538
51679,52310,52313,631,3,1,600,63.4
51681,52322,52335,641,13,1,600,50.3076923077
51682,52328,52341,646,13,1,600,50.6923076923
51725,52952,56138,1227,3186,2,7200,1.38512241055
51740,53058,56186,1318,3128,2,7200,1.42135549872
51743,52335,52336,592,1,1,600,59.3
51745,52340,52343,595,3,1,600,59.8
51746,52346,52355,600,9,1,600,60.9
51747,52351,52352,604,1,1,600,60.5
51749,52358,52371,609,13,1,600,47.8461538462
51750,52363,52365,613,2,1,600,61.5
51751,52369,52372,618,3,1,600,62.1
51752,52374,52386,622,12,1,600,52.8333333333
51754,52381,52393,627,12,1,600,53.25
51755,52386,52389,631,3,1,600,63.4
51756,52392,52395,636,3,1,600,63.9
51818,52399,52403,581,4,1,600,58.5
51819,52404,52417,585,13,1,600,46.0
51820,52410,52445,590,35,1,600,17.8571428571
51821,52417,52440,596,23,1,600,26.9130434783
51823,52422,52426,599,4,1,600,60.3
51824,52428,52444,604,16,1,600,38.75
51825,52433,52446,608,13,1,600,47.7692307692
51826,52440,52448,614,8,1,600,62.2
51828,52445,52458,617,13,1,600,48.4615384615
51830,52459,52461,629,2,1,600,63.1
51838,53172,56177,1334,3005,2,7200,1.44392678869
51890,53207,56188,1317,2981,2,7200,1.44179805434
51892,52464,52465,572,1,1,600,57.3
51894,52476,52480,582,4,1,600,58.6
51897,52487,52489,590,2,1,600,59.2
51898,52492,52501,594,9,1,600,60.3
51900,52498,52510,598,12,1,600,50.8333333333
51901,52510,52523,609,13,1,600,47.8461538462
51902,52515,52528,613,13,1,600,48.1538461538
51904,52521,52533,617,12,1,600,52.4166666667
51905,52526,52529,621,3,1,600,62.4
51906,52538,52543,632,5,1,600,63.7
51907,52544,52556,637,12,1,600,54.0833333333
51909,52551,52555,642,4,1,600,64.6
51921,53381,56422,1460,3041,2,7200,1.48010522854
51922,53442,56556,1520,3114,2,7200,1.48811817598
51970,52556,52559,586,3,1,600,58.9
51973,52567,52599,594,32,1,600,19.5625
51974,52574,52586,600,12,1,600,51.0
51975,52579,52580,604,1,1,600,60.5
51978,52590,52597,612,7,1,600,61.9
51979,52595,52608,616,13,1,600,48.3846153846
51980,52613,52627,633,14,1,600,46.2142857143
52005,53592,56718,1587,3126,2,7200,1.50767754319
52042,52618,52622,576,4,1,600,58.0
52043,52623,52636,580,13,1,600,45.6153846154
52044,52636,52640,592,4,1,600,59.6
52046,52641,52657,595,16,1,600,38.1875
52047,52647,52650,600,3,1,600,60.3
52048,52654,52682,606,28,1,600,22.6428571429
52049,52659,52672,610,13,1,600,47.9230769231
52051,52665,52672,614,7,1,600,62.1
52052,52670,52672,618,2,1,600,62.0
52053,52677,52689,624,12,1,600,53.0
52055,52682,52697,627,15,1,600,42.8
52056,52694,52697,638,3,1,600,64.1
52066,53598,56923,1532,3325,2,7200,1.4607518797
52119,52705,52717,586,12,1,600,49.8333333333
52120,52712,52724,592,12,1,600,50.3333333333
52121,52717,52720,596,3,1,600,59.9
52122,52723,52735,601,12,1,600,51.0833333333
52124,52728,52729,604,1,1,600,60.5
52125,52733,52734,608,1,1,600,60.9
52126,52745,52746,619,1,1,600,62.0
52128,52751,52763,623,12,1,600,52.9166666667
52129,52756,52769,627,13,1,600,49.2307692308
52145,53604,56675,1459,3071,2,7200,1.47508954738
52161,53610,56778,1449,3168,2,7200,1.45738636364
52162,53667,56489,1505,2822,2,7200,1.53330970943
52190,52761,52774,571,13,1,600,44.9230769231
52191,52769,52772,578,3,1,600,58.1
52193,52775,52780,582,5,1,600,58.7
52195,52792,52805,597,13,1,600,46.9230769231
52197,52798,52800,601,2,1,600,60.3
52198,52803,52815,605,12,1,600,51.4166666667
52200,52816,52823,616,7,1,600,62.3
52202,52821,52829,619,8,1,600,62.7
52203,52827,52861,624,34,1,600,19.3529411765
52205,52834,52847,629,13,1,600,49.3846153846
52206,52839,52862,633,23,1,600,28.5217391304
52207,52845,52849,638,4,1,600,64.2
52227,53752,56943,1525,3191,2,7200,1.47790661235
52269,52852,52884,583,32,1,600,19.21875
52270,52857,52858,587,1,1,600,58.8
52273,52870,52872,597,2,1,600,59.9
52274,52877,52889,603,12,1,600,51.25
52275,52882,52886,607,4,1,600,61.1
52277,52887,52900,610,13,1,600,47.9230769231
52279,52905,52921,626,16,1,600,40.125
52282,52916,52919,634,3,1,600,63.7
52288,53857,56964,1569,3107,2,7200,1.50498873511
52343,52923,52924,580,1,1,600,58.1
52345,52929,52941,584,12,1,600,49.6666666667
52346,52934,52937,588,3,1,600,59.1
52347,52939,52940,592,1,1,600,59.3
52349,52958,52970,609,12,1,600,51.75
52350,52963,52976,613,13,1,600,48.1538461538
52351,52968,52984,617,16,1,600,39.5625
52353,52976,52979,623,3,1,600,62.6
52354,52981,52994,627,13,1,600,49.2307692308
52355,52987,52990,632,3,1,600,63.5
52357,52994,52995,637,1,1,600,63.8
52358,52999,53000,641,1,1,600,64.2
52421,53012,53016,591,4,1,600,59.5
52422,53017,53034,595,17,1,600,36.0
52423,53022,53035,599,13,1,600,47.0769230769
52425,53028,53041,603,13,1,600,47.3846153846
52426,53033,53036,607,3,1,600,61.0
52427,53040,53041,613,1,1,600,61.4
52429,53045,53049,616,4,1,600,62.0
52430,53051,53089,621,38,1,600,17.3421052632
52431,53063,53076,632,13,1,600,49.6153846154
52477,54015,57196,1538,3181,2,7200,1.48349575605
52494,53074,53075,580,1,1,600,58.1
52495,53079,53083,584,4,1,600,58.8
52497,53085,53088,588,3,1,600,59.1
52498,53092,53094,594,2,1,600,59.6
52499,53097,53110,598,13,1,600,47.0
52501,53103,53107,602,4,1,600,60.6
52502,53108,53121,606,13,1,600,47.6153846154
52503,53115,53119,612,4,1,600,61.6
52505,53121,53134,616,13,1,600,48.3846153846
52507,53131,53135,624,4,1,600,62.8
52508,54038,57382,1530,3344,2,7200,1.45753588517
52509,53138,53141,629,3,1,600,63.2
52510,53144,53146,634,2,1,600,63.6
52511,53149,53152,638,3,1,600,64.1
52573,53154,53157,581,3,1,600,58.4
52574,53160,53162,586,2,1,600,58.8
52576,53178,53186,602,8,1,600,61.0
52577,53183,53197,606,14,1,600,44.2857142857
52578,53189,53192,611,3,1,600,61.4
52580,53194,53208,614,14,1,600,44.8571428571
52581,53199,53203,618,4,1,600,62.2
52581,54050,57270,1469,3220,2,7200,1.45621118012
52582,53212,53226,630,14,1,600,46.0
52584,53218,53229,634,11,1,600,58.6363636364
52585,53223,53237,638,14,1,600,46.5714285714
52586,53228,53241,642,13,1,600,50.3846153846
52648,53234,53236,586,2,1,600,58.8
52649,53241,53245,592,4,1,600,59.6
52651,53246,53247,595,1,1,600,59.6
52652,53252,53264,600,12,1,600,51.0
52653,53257,53262,604,5,1,600,60.9
52655,53263,53265,608,2,1,600,61.0
52656,53268,53280,612,12,1,600,52.0
52657,53273,53274,616,1,1,600,61.7
52660,53292,53305,632,13,1,600,49.6153846154
52676,54057,57162,1381,3105,2,7200,1.44476650564
52721,53297,53306,576,9,1,600,58.5
52723,53303,53306,580,3,1,600,58.3
52724,53308,53311,584,3,1,600,58.7
52725,53313,53316,588,3,1,600,59.1
52727,53319,53321,592,2,1,600,59.4
52728,53324,53337,596,13,1,600,46.8461538462
52729,53331,53334,602,3,1,600,60.5
52731,53336,53337,605,1,1,600,60.6
52732,53342,53345,610,3,1,600,61.3
52733,53347,53348,614,1,1,600,61.5
52735,53353,53355,618,2,1,600,62.0
52736,53358,53374,622,16,1,600,39.875
52738,53363,53364,625,1,1,600,62.6
52770,54088,56931,1318,2843,2,7200,1.46359479423
52799,53369,53381,570,12,1,600,48.5
52800,53387,53396,587,9,1,600,59.6
52802,53392,53395,590,3,1,600,59.3
52803,53397,53406,594,9,1,600,60.3
52804,53403,53439,599,36,1,600,17.6388888889
52806,53408,53411,602,3,1,600,60.5
52807,53413,53414,606,1,1,600,60.7
52808,53419,53421,611,2,1,600,61.3
52810,53424,53425,614,1,1,600,61.5
52811,53429,53432,618,3,1,600,62.1
52812,53435,53437,623,2,1,600,62.5
52874,53448,53465,574,17,1,600,34.7647058824
52875,53453,53492,578,39,1,600,15.8205128205
52876,53458,53471,582,13,1,600,45.7692307692
52878,53464,53476,586,12,1,600,49.8333333333
52879,53469,53486,590,17,1,600,35.7058823529
52880,53474,53481,594,7,1,600,60.1
52883,53485,53497,602,12,1,600,51.1666666667
52884,53490,53491,606,1,1,600,60.7
52886,53496,53508,610,12,1,600,51.8333333333
52887,53501,53516,614,15,1,600,41.9333333333
52929,54156,57314,1227,3158,2,7200,1.38853704877
52948,53515,53518,567,3,1,600,57.0
52950,53520,53538,570,18,1,600,32.6666666667
52951,53526,53535,575,9,1,600,58.4
52952,53531,53534,579,3,1,600,58.2
52954,53536,53553,582,17,1,600,35.2352941176
52956,53547,53559,591,12,1,600,50.25
52958,53552,53565,594,13,1,600,46.6923076923
52960,53563,53565,603,2,1,600,60.5
52962,53568,53578,606,10,1,600,61.6
52963,53573,53585,610,12,1,600,51.8333333333
53012,54171,57630,1159,3459,2,7200,1.33506793871
53024,53579,53581,555,2,1,600,55.7
53026,60518,60531,7492,13,1,600,577.307692308
53027,60523,60526,7496,3,1,600,749.9
53028,60537,60540,7509,3,1,600,751.2
53030,60544,60560,7514,16,1,600,470.625
53031,60551,60554,7520,3,1,600,752.3
53032,60566,60567,7534,1,1,600,753.5
53034,60573,60576,7539,3,1,600,754.2
53035,60580,60584,7545,4,1,600,754.9
53036,60587,60588,7551,1,1,600,755.2
53045,54313,57288,1268,2975,2,7200,1.42621848739
53098,60595,60612,7497,17,1,600,442.0
53099,60602,60633,7503,31,1,600,243.032258065
53101,60623,60624,7522,1,1,600,752.3
53102,60635,60639,7533,4,1,600,753.7
53103,60644,60648,7541,4,1,600,754.5
53105,60650,60651,7545,1,1,600,754.6
53106,60659,60672,7553,13,1,600,582.0
53107,60666,60667,7559,1,1,600,756.0
53109,60678,60691,7569,13,1,600,583.230769231
53110,60685,60698,7575,13,1,600,583.692307692
53112,60702,60703,7590,1,1,600,759.1
53113,60709,60712,7596,3,1,600,759.9
53114,60720,60734,7606,14,1,600,544.285714286
53116,60727,60732,7611,5,1,600,761.6
53117,60743,60746,7626,3,1,600,762.9
53140,54387,57279,1247,2892,2,7200,1.43118948824
53179,60749,60750,7570,1,1,600,757.1
53180,60767,60770,7587,3,1,600,759.0
53181,60772,60784,7591,12,1,600,633.583333333
53183,54403,57459,1220,3056,2,7200,1.39921465969
53183,60781,60793,7598,12,1,600,634.166666667
53184,60795,60796,7611,1,1,600,761.2
53185,60808,60811,7623,3,1,600,762.6
53187,60813,60814,7626,1,1,600,762.7
53188,60822,60825,7634,3,1,600,763.7
53189,60829,60842,7640,13,1,600,588.692307692
53192,60849,60850,7657,1,1,600,765.8
53204,54487,57646,1283,3159,2,7200,1.40614118392
53253,60856,60858,7603,2,1,600,760.5
53255,60863,60867,7608,4,1,600,761.2
53256,60870,60882,7614,12,1,600,635.5
53258,60878,60903,7620,25,1,600,305.8
53259,60894,60909,7635,15,1,600,510.0
53260,60914,60915,7654,1,1,600,765.5
53262,60921,60937,7659,16,1,600,479.6875
53263,60928,60943,7665,15,1,600,512.0
53265,60948,60961,7683,13,1,600,592.0
53266,60955,60956,7689,1,1,600,769.0
53267,60967,60983,7700,16,1,600,482.25
53269,60974,60977,7705,3,1,600,770.8
53270,60988,61000,7718,12,1,600,644.166666667
53271,60995,61014,7724,19,1,600,407.526315789
53326,54514,57461,1188,2947,2,7200,1.4031218188
53333,61012,61024,7679,12,1,600,640.916666667
53334,61026,61033,7692,7,1,600,769.9
53336,61035,61043,7699,8,1,600,770.7
53337,61048,61051,7711,3,1,600,771.4
53338,61060,61063,7722,3,1,600,772.5
53340,61072,61074,7732,2,1,600,773.4
53341,61079,61080,7738,1,1,600,773.9
53342,61091,61092,7749,1,1,600,775.0
53342,54636,57990,1294,3354,2,7200,1.38580799046
53344,61097,61099,7753,2,1,600,775.5
53345,61103,61104,7758,1,1,600,775.9
53346,61111,61125,7765,14,1,600,555.642857143
53348,61117,61130,7769,13,1,600,598.615384615
53379,54737,57829,1358,3092,2,7200,1.43919793014
53394,54744,57889,1350,3145,2,7200,1.42925278219
53409,61136,61139,7727,3,1,600,773.0
53410,61143,61161,7733,18,1,600,430.611111111
53412,61150,61163,7738,13,1,600,596.230769231
53413,61172,61185,7759,13,1,600,597.846153846
53414,61179,61191,7765,12,1,600,648.083333333
53416,61196,61236,7780,40,1,600,195.5
53417,61203,61216,7786,13,1,600,599.923076923
53418,61227,61268,7809,41,1,600,191.463414634
53420,61247,61286,7827,39,1,600,201.692307692
53421,61279,61280,7858,1,1,600,785.9
53422,61291,61293,7869,2,1,600,787.1
53452,54821,57934,1369,3113,2,7200,1.43976871185
53484,61298,61311,7814,13,1,600,602.076923077
53485,61311,61314,7826,3,1,600,782.9
53487,61322,61323,7835,1,1,600,783.6
53488,61329,61339,7841,10,1,600,785.1
53489,61336,61349,7847,13,1,600,604.615384615
53491,61350,61360,7859,10,1,600,786.9
53492,61360,61372,7868,12,1,600,656.666666667
53493,61371,61384,7878,13,1,600,607.0
53495,61384,61388,7889,4,1,600,789.3
53496,61395,61398,7899,3,1,600,790.2
53497,61403,61406,7906,3,1,600,790.9
53499,61414,61415,7915,1,1,600,791.6
53500,61421,61424,7921,3,1,600,792.4
53528,54890,58045,1362,3155,2,7200,1.43169572108
53544,54899,57900,1355,3001,2,7200,1.45151616128
53546,54987,57883,1441,2896,2,7200,1.49758287293
53561,61428,61441,7867,13,1,600,606.153846154
53563,61435,61436,7872,1,1,600,787.3
53564,55028,58238,1464,3210,2,7200,1.45607476636
53564,61447,61448,7883,1,1,600,788.4
53565,61454,61466,7889,12,1,600,658.416666667
53567,61461,61464,7894,3,1,600,789.7
53568,61475,61488,7907,13,1,600,609.230769231
53569,61482,61497,7913,15,1,600,528.533333333
53571,61499,61512,7928,13,1,600,610.846153846
53572,61509,61510,7937,1,1,600,793.8
53573,61521,61522,7948,1,1,600,794.9
53575,61528,61536,7953,8,1,600,796.1
53576,61540,61573,7964,33,1,600,242.333333333
53577,61548,61549,7971,1,1,600,797.2
53589,55151,58009,1562,2858,2,7200,1.54653603919
53639,61560,61569,7921,9,1,600,793.0
53640,61580,61590,7940,10,1,600,795.0
53641,61587,61627,7946,40,1,600,199.65
53657,55273,58434,1616,3161,2,7200,1.51123062322
53742,55307,58623,1565,3316,2,7200,1.47195416164
53845,55328,58394,1483,3066,2,7200,1.48369210698
54004,55367,58448,1363,3081,2,7200,1.44238883479
54028,55462,58576,1434,3114,2,7200,1.46050096339
54044,55497,58720,1453,3223,2,7200,1.45082221533
54046,55542,58584,1496,3042,2,7200,1.49178172255
54079,55592,58608,1513,3016,2,7200,1.50165782493
54146,55622,58821,1476,3199,2,7200,1.46139418568
54162,55721,58789,1559,3068,2,7200,1.50814863103
54302,55919,59021,1617,3102,2,7200,1.52127659574
54378,55925,58827,1547,2902,2,7200,1.53308063405
54393,56149,59249,1756,3100,2,7200,1.5664516129
54476,56188,59329,1712,3141,2,7200,1.54504934734
54504,56197,59384,1693,3187,2,7200,1.53122058362
54626,56204,59172,1578,2968,2,7200,1.53167115903
54729,56433,59414,1704,2981,2,7200,1.57162026166
54745,56500,59577,1755,3077,2,7200,1.57036074098
54812,56572,59768,1760,3196,2,7200,1.55068836045
54879,56686,59849,1807,3163,2,7200,1.57129307619
54894,56730,59852,1836,3122,2,7200,1.58808456118
54976,56789,59734,1813,2945,2,7200,1.6156196944
55016,56934,59943,1918,3009,2,7200,1.63742107012
55139,56942,59843,1803,2901,2,7200,1.6215098242
55265,56954,60057,1689,3103,2,7200,1.54431195617
55299,56975,60176,1676,3201,2,7200,1.52358637926
55317,57173,60080,1856,2907,2,7200,1.63845889233
55357,57207,60168,1850,2961,2,7200,1.62478892266
55452,57281,60507,1829,3226,2,7200,1.56695598264
55485,57291,60398,1806,3107,2,7200,1.58126810428
55531,57299,60272,1768,2973,2,7200,1.59468550286
55583,57325,60492,1742,3167,2,7200,1.55004736344
55616,57393,60340,1777,2947,2,7200,1.60298608755
55712,57471,60787,1759,3316,2,7200,1.53045838359
55908,57478,60442,1570,2964,2,7200,1.52968960864
55909,57642,60697,1733,3055,2,7200,1.56726677578
56141,57658,60734,1517,3076,2,7200,1.49317295189
56179,57840,60733,1661,2893,2,7200,1.57414448669
56195,57895,61026,1700,3131,2,7200,1.54295752156
56196,57902,61038,1706,3136,2,7200,1.54400510204
56422,57911,61325,1489,3414,2,7200,1.43614528412
56492,57945,60994,1453,3049,2,7200,1.47654968842
56556,58001,60969,1445,2968,2,7200,1.48685983827
56675,58020,61177,1345,3157,2,7200,1.42603737726
56721,58209,61283,1488,3074,2,7200,1.48405985686
56779,58360,61385,1581,3025,2,7200,1.5226446281
56926,58510,61739,1584,3229,2,7200,1.49055435119
56941,58592,61643,1651,3051,2,7200,1.54113405441
56957,58597,61576,1640,2979,2,7200,1.55052030883
56972,58605,61815,1633,3210,2,7200,1.50872274143
57161,58611,61620,1450,3009,2,7200,1.48188767032
57197,58619,61600,1422,2981,2,7200,1.47702113385
57268,58634,61515,1366,2881,2,7200,1.47414092329
57283,58732,61809,1449,3077,2,7200,1.47091322717
57298,58801,61747,1503,2946,2,7200,1.51018329939
57317,58832,61930,1515,3098,2,7200,1.48902517753
57384,58839,62017,1455,3178,2,7200,1.45783511643
57461,59032,62079,1571,3047,2,7200,1.51558910404
57462,59184,62112,1722,2928,2,7200,1.5881147541
57633,59260,62506,1627,3246,2,7200,1.50123228589
57648,59340,62281,1692,2941,2,7200,1.57531451887
57828,59395,62619,1567,3224,2,7200,1.48604218362
57887,59426,62533,1539,3107,2,7200,1.49533311876
57902,59588,62883,1686,3295,2,7200,1.51168437026
57903,59745,62989,1842,3244,2,7200,1.56781750925
57934,59779,63009,1845,3230,2,7200,1.57120743034
57992,59854,62958,1862,3104,2,7200,1.59987113402
58011,59861,63117,1850,3256,2,7200,1.56818181818
58047,59868,62970,1821,3102,2,7200,1.58704061896
58239,59954,63152,1715,3198,2,7200,1.53627267042
58394,60068,63021,1674,2953,2,7200,1.56688113783
58434,60091,63207,1657,3116,2,7200,1.53177150193
58449,60179,63366,1730,3187,2,7200,1.54283024788
58577,60188,63292,1611,3104,2,7200,1.51900773196
58592,60283,63543,1691,3260,2,7200,1.51871165644
58611,60351,63375,1740,3024,2,7200,1.5753968254
58626,60409,63446,1783,3037,2,7200,1.58709252552
58724,60454,63550,1730,3096,2,7200,1.55878552972
58791,60505,63611,1714,3106,2,7200,1.55183515776
58822,60714,63802,1892,3088,2,7200,1.61269430052
58837,60755,63689,1918,2934,2,7200,1.65371506476
59023,60760,63742,1737,2982,2,7200,1.58249496982
59175,60802,64009,1627,3207,2,7200,1.50732772061
59252,60982,63820,1730,2838,2,7200,1.60958421424
59331,61006,64227,1675,3221,2,7200,1.52002483701
59386,61042,64442,1656,3400,2,7200,1.48705882353
59417,61066,64449,1649,3383,2,7200,1.48743718593
59578,61189,64342,1611,3153,2,7200,1.51094196004
59736,61304,64459,1568,3155,2,7200,1.4969889065
59770,61342,64214,1572,2872,2,7200,1.54735376045
59843,61408,64529,1565,3121,2,7200,1.50144184556
59859,61534,64499,1675,2965,2,7200,1.56492411467
59860,61592,64640,1732,3048,2,7200,1.56824146982
59946,61611,64831,1665,3220,2,7200,1.51708074534
60058,61631,64660,1573,3029,2,7200,1.51931330472
60083,61639,64597,1556,2958,2,7200,1.5260311021
60168,61654,64580,1486,2926,2,7200,1.50786056049
60184,61751,64923,1567,3172,2,7200,1.49401008827
60275,61758,64856,1483,3098,2,7200,1.47869593286
60342,61821,64741,1479,2920,2,7200,1.50650684932
60400,61828,64757,1428,2929,2,7200,1.48753840901
60443,61941,65020,1498,3079,2,7200,1.48652159792
60496,62028,65279,1532,3251,2,7200,1.47123961858
60511,62090,65321,1579,3231,2,7200,1.48870318787
60554,66737,66781,6183,44,1,600,141.522727273
60555,66743,66757,6188,14,1,600,443.0
60556,66748,66753,6192,5,1,600,619.7
60618,66754,66768,6136,14,1,600,439.285714286
60619,66759,66761,6140,2,1,600,614.2
60620,66764,66780,6144,16,1,600,385.0
60622,66770,66772,6148,2,1,600,615.0
60623,66775,66789,6152,14,1,600,440.428571429
60624,66781,66790,6157,9,1,600,616.6
60625,66787,66826,6162,39,1,600,159.0
60678,67039,68089,6361,1050,1,604800,7.0580952381
60687,66799,66813,6112,14,1,600,437.571428571
60688,66805,66817,6117,12,1,600,510.75
60689,66810,66828,6121,18,1,600,341.055555556
60691,66816,66826,6125,10,1,600,613.5
60692,66822,66834,6130,12,1,600,511.833333333
60693,66833,66837,6140,4,1,600,614.4
60694,66839,66851,6145,12,1,600,513.083333333
60697,62123,65219,1426,3096,2,7200,1.46059431525
60734,62292,65501,1558,3209,2,7200,1.48550950452
60736,62517,65461,1781,2944,2,7200,1.60495923913
60756,66850,66863,6094,13,1,600,469.769230769
60757,66856,66877,6099,21,1,600,291.428571429
60758,66862,66875,6104,13,1,600,470.538461538
60760,66868,66870,6108,2,1,600,611.0
60761,66880,66883,6119,3,1,600,612.2
60762,66892,66901,6130,9,1,600,613.9
60763,66898,66900,6135,2,1,600,613.7
60789,62544,65372,1755,2828,2,7200,1.62057991513
60826,66909,66914,6083,5,1,600,608.8
60827,66921,66922,6094,1,1,600,609.5
60829,66927,66939,6098,12,1,600,509.166666667
60830,66932,66934,6102,2,1,600,610.4
60831,66938,66940,6107,2,1,600,610.9
60833,66943,66956,6110,13,1,600,471.0
60834,66950,66953,6116,3,1,600,611.9
60895,66955,66968,6060,13,1,600,467.153846154
60896,66962,66975,6066,13,1,600,467.615384615
60898,66969,66980,6071,11,1,600,552.909090909
60899,66974,66977,6075,3,1,600,607.8
60900,66981,66994,6081,13,1,600,468.769230769
60902,66988,67000,6086,12,1,600,508.166666667
60963,66993,67007,6030,14,1,600,431.714285714
60964,67000,67003,6036,3,1,600,603.9
60965,67007,67015,6042,8,1,600,605.0
60967,67014,67017,6047,3,1,600,605.0
60968,67019,67022,6051,3,1,600,605.4
60968,62631,65765,1663,3134,2,7200,1.53063178047
60969,67026,67027,6057,1,1,600,605.8
60996,62895,66178,1899,3283,2,7200,1.57843435882
61027,62969,66247,1942,3278,2,7200,1.59243441123
61033,67049,67050,6016,1,1,600,601.7
61035,67061,67074,6026,13,1,600,464.538461538
61036,67067,67079,6031,12,1,600,503.583333333
61037,67072,67110,6035,38,1,600,159.815789474
61038,67085,67088,6047,3,1,600,605.0
61043,62981,66124,1938,3143,2,7200,1.61660833598
61100,67092,67105,5992,13,1,600,461.923076923
61101,67104,67109,6003,5,1,600,600.8
61102,67116,67119,6014,3,1,600,601.7
61104,67123,67127,6019,4,1,600,602.3
61106,67135,67136,6029,1,1,600,603.0
61108,67142,67144,6034,2,1,600,603.6
61169,67148,67151,5979,3,1,600,598.2
61170,67154,67167,5984,13,1,600,461.307692308
61171,67161,67164,5990,3,1,600,599.3
61173,67168,67181,5995,13,1,600,462.153846154
61174,67175,67176,6001,1,1,600,600.2
61176,67182,67195,6006,13,1,600,463.0
61176,63001,66206,1825,3205,2,7200,1.56942277691
61237,67189,67205,5952,16,1,600,373.0
61238,67195,67200,5957,5,1,600,596.2
61240,67206,67219,5966,13,1,600,459.923076923
61283,63020,66128,1737,3108,2,7200,1.55888030888
61301,67212,67213,5911,1,1,600,591.2
61302,67219,67232,5917,13,1,600,456.153846154
61304,67226,67227,5922,1,1,600,592.3
61305,67234,67238,5929,4,1,600,593.3
61306,67240,67241,5934,1,1,600,593.5
61326,63031,66002,1705,2971,2,7200,1.5738808482
61368,67247,67251,5879,4,1,600,588.3
61369,67254,67267,5885,13,1,600,453.692307692
61370,67260,67275,5890,15,1,600,393.666666667
61372,67266,67279,5894,13,1,600,454.384615385
61373,67278,67281,5905,3,1,600,590.8
61374,67286,67290,5912,4,1,600,591.6
61385,63128,66413,1743,3285,2,7200,1.53059360731
61436,67514,67519,6078,5,1,600,608.3
61437,67530,67544,6093,14,1,600,436.214285714
61438,67555,67558,6117,3,1,600,612.0
61440,67570,67582,6130,12,1,600,511.833333333
61441,67594,67606,6153,12,1,600,513.75
61442,67601,67605,6159,4,1,600,616.3
61444,67616,67620,6172,4,1,600,617.6
61445,67623,67626,6178,3,1,600,618.1
61446,67631,67644,6185,13,1,600,476.769230769
61508,67638,67639,6130,1,1,600,613.1
61509,67651,67666,6142,15,1,600,410.466666667
61510,67657,67658,6147,1,1,600,614.8
61512,67669,67678,6157,9,1,600,616.6
61516,63163,66155,1647,2992,2,7200,1.55046791444
61574,67690,67702,6116,12,1,600,510.666666667
61576,67695,67703,6119,8,1,600,612.7
61577,63219,66318,1642,3099,2,7200,1.52984833817
61578,67720,67736,6142,16,1,600,384.875
61580,67732,67744,6152,12,1,600,513.666666667
61581,67748,67761,6167,13,1,600,475.384615385
61582,67756,67760,6174,4,1,600,617.8
61601,63303,66202,1702,2899,2,7200,1.58709899966
61620,63378,66180,1758,2802,2,7200,1.62740899358
61645,67777,67780,6132,3,1,600,613.5
61645,63386,66415,1741,3029,2,7200,1.57477715418
61742,63457,66351,1715,2894,2,7200,1.59260539046
61758,63555,66598,1797,3043,2,7200,1.5905356556
61810,63562,66480,1752,2918,2,7200,1.60041124058
61825,63623,66792,1798,3169,2,7200,1.56737141054
61932,63700,66862,1768,3162,2,7200,1.55913978495
62017,63754,67026,1737,3272,2,7200,1.53086797066
62081,63813,66838,1732,3025,2,7200,1.57256198347
62112,63832,66890,1720,3058,2,7200,1.56245912361
62283,64020,67081,1737,3061,2,7200,1.56746161385
62508,64225,67473,1717,3248,2,7200,1.52863300493
62533,64238,67324,1705,3086,2,7200,1.55249513934
62621,64353,67409,1732,3056,2,7200,1.5667539267
62886,64453,67709,1567,3256,2,7200,1.48126535627
62960,64460,67763,1500,3303,2,7200,1.45413260672
62975,64470,67763,1495,3293,2,7200,1.45399331916
62990,64510,67544,1520,3034,2,7200,1.50098879367
63009,64540,67509,1531,2969,2,7200,1.515661839
63025,64592,67432,1567,2840,2,7200,1.55176056338
63119,64620,67855,1501,3235,2,7200,1.46398763524
63153,64651,67848,1498,3197,2,7200,1.46856427901
63208,64672,67857,1464,3185,2,7200,1.45965463108
63293,64752,67715,1459,2963,2,7200,1.49240634492
63367,64768,67970,1401,3202,2,7200,1.4375390381
63382,64842,67905,1460,3063,2,7200,1.47665687235
63446,64867,68063,1421,3196,2,7200,1.44461827284
63544,64935,68014,1391,3079,2,7200,1.45177005521
63559,65032,68217,1473,3185,2,7200,1.46248037677
63612,65230,68171,1618,2941,2,7200,1.55015300918
63691,65290,68315,1599,3025,2,7200,1.52859504132
63743,65333,68602,1590,3269,2,7200,1.4863872744
63805,65384,68755,1579,3371,2,7200,1.46840700089
63820,65474,68519,1654,3045,2,7200,1.54318555008
64010,65512,68679,1502,3167,2,7200,1.47426586675
64217,65776,68837,1559,3061,2,7200,1.50931068278
64233,66026,69143,1793,3117,2,7200,1.57523259544
64342,66135,69330,1793,3195,2,7200,1.56118935837
64443,66142,69276,1699,3134,2,7200,1.54211869815
64458,66166,69315,1708,3149,2,7200,1.54239441092
64460,66190,69136,1730,2946,2,7200,1.58723693143
64500,66196,69566,1696,3370,2,7200,1.50326409496
64527,65683,233160,1156,167477,8,604800,1.00690244034
64531,66214,69505,1683,3291,2,7200,1.51139471285
64583,66221,69286,1638,3065,2,7200,1.53442088091
64588,66378,75389,1790,9011,4,604800,1.19864609921
64598,66259,69280,1661,3021,2,7200,1.54981794108
64641,66329,69498,1688,3169,2,7200,1.53266014516
64663,66362,69392,1699,3030,2,7200,1.56072607261
64742,66384,69734,1642,3350,2,7200,1.49014925373
64757,66389,69409,1632,3020,2,7200,1.54039735099
64833,66424,69526,1591,3102,2,7200,1.51289490651
64855,66431,69405,1576,2974,2,7200,1.52992602555
64925,66492,69700,1567,3208,2,7200,1.48846633416
65023,66610,69876,1587,3266,2,7200,1.48591549296
65221,66792,70151,1571,3359,2,7200,1.46769871986
65279,66827,70174,1548,3347,2,7200,1.46250373469
65322,66845,70094,1523,3249,2,7200,1.46875961834
65374,66873,69829,1499,2956,2,7200,1.50710419486
65462,66886,69996,1424,3110,2,7200,1.4578778135
65502,66915,70148,1413,3233,2,7200,1.43705536653
65763,67055,70081,1292,3026,2,7200,1.42696629213
66003,67098,70352,1095,3254,2,7200,1.33650891211
66125,67336,70216,1211,2880,2,7200,1.42048611111
66127,67421,70753,1294,3332,2,7200,1.38835534214
66155,67444,70555,1289,3111,2,7200,1.41433622629
66179,67485,70478,1306,2993,2,7200,1.4363514868
66181,67521,70873,1340,3352,2,7200,1.39976133652
66203,67561,70614,1358,3053,2,7200,1.44480838519
66218,67726,70900,1508,3174,2,7200,1.47511027095
66249,67738,70629,1489,2891,2,7200,1.51504669664
66319,67784,70963,1465,3179,2,7200,1.46083674111
66353,67789,70878,1436,3089,2,7200,1.4648753642
66414,67795,71046,1381,3251,2,7200,1.42479237158
66416,67860,70818,1444,2958,2,7200,1.48816768087
66483,67867,70844,1384,2977,2,7200,1.46489754787
66599,67874,70926,1275,3052,2,7200,1.41775884666
66795,67916,70849,1121,2933,2,7200,1.38220252301
66814,67971,67982,1157,11,1,600,106.181818182
66815,67994,67997,1179,3,1,600,118.2
66817,68010,68012,1193,2,1,600,119.5
66818,68024,68036,1206,12,1,600,101.5
66819,68048,68061,1229,13,1,600,95.5384615385
66821,68073,68082,1252,9,1,600,126.1
66823,68449,68451,1626,2,1,600,162.8
66824,68463,68474,1639,11,1,600,150.0
66826,68487,68488,1661,1,1,600,166.2
66827,68500,68502,1673,2,1,600,167.5
66840,67956,70887,1116,2931,2,7200,1.38075742068
66865,67981,71196,1116,3215,2,7200,1.34712286159
66888,68514,68516,1626,2,1,600,162.8
66890,70835,70843,3945,8,1,600,395.3
66891,70874,70879,3983,5,1,600,398.8
66892,71063,71075,4171,12,1,600,348.583333333
66893,68030,70996,1137,2966,2,7200,1.38334457181
66894,71088,71120,4194,32,1,600,132.0625
66895,71132,71145,4237,13,1,600,326.923076923
66896,71157,71166,4261,9,1,600,427.0
66897,71177,71179,4280,2,1,600,428.2
66899,71192,71194,4293,2,1,600,429.5
66900,71207,71209,4307,2,1,600,430.9
66901,71221,71260,4320,39,1,600,111.769230769
66963,71272,71285,4309,13,1,600,332.461538462
66964,71297,71300,4333,3,1,600,433.6
66965,71318,71327,4353,9,1,600,436.2
66968,71351,71354,4383,3,1,600,438.6
66969,71366,71368,4397,2,1,600,439.9
66970,71380,71382,4410,2,1,600,441.2
66972,71394,71406,4422,12,1,600,369.5
66973,71419,71422,4446,3,1,600,444.9
66974,71435,71450,4461,15,1,600,298.4
66975,71467,71471,4492,4,1,600,449.6
67027,68079,70993,1052,2914,2,7200,1.36101578586
67037,71483,71495,4446,12,1,600,371.5
67038,71508,71510,4470,2,1,600,447.2
67039,71522,71524,4483,2,1,600,448.5
67042,71549,71552,4507,3,1,600,451.0
67043,71564,71576,4521,12,1,600,377.75
67045,71587,71590,4542,3,1,600,454.5
67046,71602,71614,4556,12,1,600,380.666666667
67047,71627,71630,4580,3,1,600,458.3
67048,71641,71657,4593,16,1,600,288.0625
67050,71670,71672,4620,2,1,600,462.2
67052,71697,71709,4645,12,1,600,388.083333333
67082,68105,71341,1023,3236,2,7200,1.31613102596
67115,71734,71736,4619,2,1,600,462.1
67116,71748,71756,4632,8,1,600,464.0
67120,71792,71804,4672,12,1,600,390.333333333
67121,71816,71819,4695,3,1,600,469.8
67183,71831,71834,4648,3,1,600,465.1
67184,71846,71848,4662,2,1,600,466.4
67187,71873,71885,4686,12,1,600,391.5
67188,71901,71906,4713,5,1,600,471.8
67190,71918,71930,4728,12,1,600,395.0
67191,67945,84437,754,16492,8,288000,1.04571913655
67191,71942,71944,4751,2,1,600,475.3
67192,71956,71969,4764,13,1,600,367.461538462
67194,71982,71992,4788,10,1,600,479.8
67200,67951,84302,751,16351,8,288000,1.04592991254
67257,72016,72020,4759,4,1,600,476.3
67258,72037,72073,4779,36,1,600,133.75
67259,72085,72125,4826,40,1,600,121.65
67260,72138,72150,4878,12,1,600,407.5
67262,72162,72169,4900,7,1,600,490.7
67263,72182,72184,4919,2,1,600,492.1
67264,72197,72209,4933,12,1,600,412.083333333
67265,72222,72225,4957,3,1,600,496.0
67326,68182,71299,856,3117,2,7200,1.27462303497
67329,72263,72275,4934,12,1,600,412.166666667
67331,72290,72302,4959,12,1,600,414.25
67332,72317,72320,4985,3,1,600,498.8
67333,72332,72334,4999,2,1,600,500.1
67334,72347,72349,5013,2,1,600,501.5
67411,68229,71415,818,3186,2,7200,1.2567482737
67433,68326,71450,893,3124,2,7200,1.28585147247
67476,68530,71647,1054,3117,2,7200,1.33814565287
67512,68613,71963,1101,3350,2,7200,1.32865671642
67546,68690,71882,1144,3192,2,7200,1.35839598997
67576,72362,72364,4786,2,1,600,478.8
67577,72376,72378,4799,2,1,600,480.1
67579,72390,72402,4811,12,1,600,401.916666667
67640,72415,72417,4775,2,1,600,477.7
67641,72429,72441,4788,12,1,600,400.0
67643,72459,72471,4816,12,1,600,402.333333333
67644,72488,72492,4844,4,1,600,484.8
67645,72504,72507,4859,3,1,600,486.2
67647,72519,72528,4872,9,1,600,488.1
67708,72545,72554,4837,9,1,600,484.6
67709,72566,72578,4857,12,1,600,405.75
67710,72683,72715,4973,32,1,600,156.40625
67711,68766,72020,1055,3254,2,7200,1.32421634911
67712,72728,72742,5016,14,1,600,359.285714286
67713,72754,72770,5041,16,1,600,316.0625
67714,72787,72790,5073,3,1,600,507.6
67726,68848,71784,1122,2936,2,7200,1.38215258856
67766,69147,72269,1381,3122,2,7200,1.44234465086
67767,69155,72423,1388,3268,2,7200,1.4247246022
67777,72814,72826,5037,12,1,600,420.75
67778,72839,72840,5061,1,1,600,506.2
67781,72863,72876,5082,13,1,600,391.923076923
67782,72887,72889,5105,2,1,600,510.7
67783,72901,72904,5118,3,1,600,512.1
67845,72916,72928,5071,12,1,600,423.583333333
67850,69287,72298,1437,3011,2,7200,1.47725008303
67866,69294,72410,1428,3116,2,7200,1.45827984596
67867,69301,72462,1434,3161,2,7200,1.45365390699
67904,69327,72469,1423,3142,2,7200,1.45289624443
67971,69341,72264,1370,2923,2,7200,1.46869654465
68017,69403,72525,1386,3122,2,7200,1.44394618834
68026,72939,72942,4913,3,1,600,491.6
68028,72953,72968,4925,15,1,600,329.333333333
68029,72985,72987,4956,2,1,600,495.8
68063,69417,72439,1354,3022,2,7200,1.44804765056
68090,72999,73012,4909,13,1,600,378.615384615
68091,73023,73036,4932,13,1,600,380.384615385
68093,73047,73059,4954,12,1,600,413.833333333
68154,73070,73083,4916,13,1,600,379.153846154
68173,69423,72512,1250,3089,2,7200,1.40466170282
68219,69509,72921,1290,3412,2,7200,1.37807737397
68317,69516,72676,1199,3160,2,7200,1.37943037975
68516,73094,73107,4578,13,1,600,353.153846154
68517,73118,73121,4601,3,1,600,460.4
68519,73133,73136,4614,3,1,600,461.7
68520,73150,73184,4630,34,1,600,137.176470588
68521,69538,72702,1017,3164,2,7200,1.32142857143
68581,73196,73198,4615,2,1,600,461.7
68603,69577,72815,974,3238,2,7200,1.30080296479
68679,69711,72764,1032,3053,2,7200,1.33802816901
68755,69745,72864,990,3119,2,7200,1.3174094261
68837,69840,72761,1003,2921,2,7200,1.34337555632
69139,69887,72820,748,2933,2,7200,1.25502898057
69154,70007,73160,853,3153,2,7200,1.27053599746
69279,70092,73260,813,3168,2,7200,1.25662878788
69281,70106,73234,825,3128,2,7200,1.26374680307
69296,70159,73416,863,3257,2,7200,1.26496776174
69318,70166,73132,848,2966,2,7200,1.28590694538
69333,70185,73337,852,3152,2,7200,1.27030456853
69394,70228,73414,834,3186,2,7200,1.26177024482
69410,70364,73393,954,3029,2,7200,1.31495543084
69411,70490,73203,1079,2713,2,7200,1.39771470697
69500,70566,73514,1066,2948,2,7200,1.36160108548
69515,70625,73853,1110,3228,2,7200,1.343866171
69530,70640,73751,1110,3111,2,7200,1.35679845709
69567,70764,73980,1197,3216,2,7200,1.37220149254
69701,70829,74131,1128,3302,2,7200,1.34161114476
69735,70854,74104,1119,3250,2,7200,1.34430769231
69829,70861,74009,1032,3148,2,7200,1.32782719187
69878,70867,74057,989,3190,2,7200,1.31003134796
69997,70884,74167,887,3283,2,7200,1.27017971368
70082,70891,73876,809,2985,2,7200,1.27102177554
70097,70898,73793,801,2895,2,7200,1.27668393782
70150,70911,73650,761,2739,2,7200,1.27783862724
70151,70937,74064,786,3127,2,7200,1.25135913016
70176,70974,74175,798,3201,2,7200,1.24929709466
70219,71004,74119,785,3115,2,7200,1.25200642055
70353,71011,74222,658,3211,2,7200,1.20492058549
70479,71057,74274,578,3217,2,7200,1.17967050047
70558,71213,74511,655,3298,2,7200,1.19860521528
70613,71310,74322,697,3012,2,7200,1.23140770252
70632,71357,74290,725,2933,2,7200,1.24718718036
70753,71427,74301,674,2874,2,7200,1.23451635351
70821,71461,74607,640,3146,2,7200,1.20343293071
70845,71659,74890,814,3231,2,7200,1.25193438564
70861,71798,75070,937,3272,2,7200,1.28636919315
70866,73209,73212,2343,3,1,600,234.6
70876,71893,74933,1017,3040,2,7200,1.33453947368
70891,71974,74986,1083,3012,2,7200,1.35956175299
70893,72031,75055,1138,3024,2,7200,1.37632275132
70908,72275,75315,1367,3040,2,7200,1.44967105263
70926,72282,75477,1356,3195,2,7200,1.42441314554
70927,73224,73228,2297,4,1,600,230.1
70963,72309,75458,1346,3149,2,7200,1.42743728168
70994,72421,75560,1427,3139,2,7200,1.45460337687
71010,72435,75271,1425,2836,2,7200,1.50246826516
71047,72451,75808,1404,3357,2,7200,1.418230563
71170,73253,73257,2083,4,1,600,208.7
71172,73268,73269,2096,1,1,600,209.7
71173,73282,73315,2109,33,1,600,64.9090909091
71196,72473,75827,1277,3354,2,7200,1.38073941562
71234,73326,73339,2092,13,1,600,161.923076923
71236,73355,73358,2119,3,1,600,212.2
71298,73381,73382,2083,1,1,600,208.4
71300,72480,75564,1180,3084,2,7200,1.38261997406
71300,73394,73401,2094,7,1,600,210.1
71341,72525,75597,1184,3072,2,7200,1.38541666667
71361,73413,73414,2052,1,1,600,205.3
71362,73431,73437,2069,6,1,600,207.5
71363,73450,73462,2087,12,1,600,174.916666667
71365,73473,73478,2108,5,1,600,211.3
71418,72537,75780,1119,3243,2,7200,1.34505087882
71427,73501,73504,2074,3,1,600,207.7
71429,73515,73519,2086,4,1,600,209.0
71430,73532,73549,2102,17,1,600,124.647058824
71452,72690,75913,1238,3223,2,7200,1.38411417934
71491,73561,73576,2070,15,1,600,139.0
71493,73587,73590,2094,3,1,600,209.7
71554,73601,73602,2047,1,1,600,204.8
71555,73613,73616,2058,3,1,600,206.1
71557,73627,73642,2070,15,1,600,139.0
71558,73654,73669,2096,15,1,600,140.733333333
71559,73681,73685,2122,4,1,600,212.6
71622,73709,73711,2087,2,1,600,208.9
71623,73723,73735,2100,12,1,600,176.0
71650,72714,75714,1064,3000,2,7200,1.35466666667
71685,73746,73759,2061,13,1,600,159.538461538
71686,73770,73779,2084,9,1,600,209.3
71687,73790,73799,2103,9,1,600,211.2
71749,73812,73824,2063,12,1,600,172.916666667
71750,73835,73838,2085,3,1,600,208.8
71751,73849,73862,2098,13,1,600,162.384615385
71752,73874,73886,2122,12,1,600,177.833333333
71787,72773,75685,986,2912,2,7200,1.3385989011
71814,73897,73900,2083,3,1,600,208.6
71815,73912,73916,2097,4,1,600,210.1
71816,73927,73935,2111,8,1,600,211.9
71818,73947,73953,2129,6,1,600,213.5
71879,73965,73967,2086,2,1,600,208.8
71880,73979,73990,2099,11,1,600,191.818181818
71882,74001,74041,2119,40,1,600,53.975
71884,72779,75809,895,3030,2,7200,1.29537953795
71944,74064,74065,2120,1,1,600,212.1
71946,74083,74096,2137,13,1,600,165.384615385
71947,74107,74110,2160,3,1,600,216.3
71964,72826,75990,862,3164,2,7200,1.27243994943
72008,74122,74135,2114,13,1,600,163.615384615
72010,74150,74154,2140,4,1,600,214.4
72013,74178,74189,2165,11,1,600,197.818181818
72022,72832,75802,810,2970,2,7200,1.27272727273
72074,74200,74201,2126,1,1,600,212.7
72135,74213,74225,2078,12,1,600,174.166666667
72137,74240,74249,2103,9,1,600,211.2
72198,74261,74264,2063,3,1,600,206.6
72200,74276,74278,2076,2,1,600,207.8
72201,74292,74305,2091,13,1,600,161.846153846
72262,74319,74331,2057,12,1,600,172.416666667
72264,74344,74347,2080,3,1,600,208.3
72265,72875,75894,610,3019,2,7200,1.20205366015
72265,74358,74364,2093,6,1,600,209.9
72266,74375,74376,2109,1,1,600,211.0
72280,72933,75894,653,2961,2,7200,1.22053360351
72299,73143,76325,844,3182,2,7200,1.26524198617
72328,74387,74400,2059,13,1,600,159.384615385
72329,74411,74424,2082,13,1,600,161.153846154
72330,74435,74438,2105,3,1,600,210.8
72392,74450,74454,2058,4,1,600,206.2
72393,74465,74478,2072,13,1,600,160.384615385
72395,74489,74501,2094,12,1,600,175.5
72396,74513,74519,2117,6,1,600,212.3
72411,73172,76387,761,3215,2,7200,1.2367029549
72427,73216,76494,789,3278,2,7200,1.24069554606
72443,73246,76155,803,2909,2,7200,1.27603987625
72457,74531,74543,2074,12,1,600,173.833333333
72459,74554,74566,2095,12,1,600,175.583333333
72460,74578,74590,2118,12,1,600,177.5
72461,73276,76383,815,3107,2,7200,1.26231091085
72477,73348,76455,871,3107,2,7200,1.28033472803
72514,73404,76424,890,3020,2,7200,1.29470198675
72522,74601,74635,2079,34,1,600,62.1470588235
72523,74646,74677,2123,31,1,600,69.4838709677
72525,74690,74692,2165,2,1,600,216.7
72529,73426,76248,897,2822,2,7200,1.31785967399
72586,74703,74716,2117,13,1,600,163.846153846
72588,74727,74740,2139,13,1,600,165.538461538
72589,74752,74764,2163,12,1,600,181.25
72678,73437,76850,759,3413,2,7200,1.22238499854
72703,73525,76548,822,3023,2,7200,1.27191531591
72761,73662,76996,901,3334,2,7200,1.27024595081
72771,74775,74787,2004,12,1,600,168.0
72772,74799,74802,2027,3,1,600,203.0
72777,73762,76704,985,2942,2,7200,1.33480625425
72816,73804,76760,988,2956,2,7200,1.33423545332
72832,73865,76983,1033,3118,2,7200,1.33130211674
72833,74814,74826,1981,12,1,600,166.083333333
72835,74837,74846,2002,9,1,600,201.1
72836,74858,74870,2022,12,1,600,169.5
72837,74883,74886,2046,3,1,600,204.9
72866,73888,77080,1022,3192,2,7200,1.3201754386
72898,74897,74900,1999,3,1,600,200.2
72900,74912,74920,2012,8,1,600,202.0
72901,74931,74944,2030,13,1,600,157.153846154
72902,74955,74956,2053,1,1,600,205.4
72921,73991,77124,1070,3133,2,7200,1.34152569422
72964,74967,74976,2003,9,1,600,201.2
72965,74988,74996,2023,8,1,600,203.1
72966,75007,75008,2041,1,1,600,204.2
73028,75019,75023,1991,4,1,600,199.5
73029,75035,75039,2006,4,1,600,201.0
73030,75050,75053,2020,3,1,600,202.3
73091,75075,75077,1984,2,1,600,198.6
73093,75089,75092,1996,3,1,600,199.9
73094,75103,75108,2009,5,1,600,201.4
73134,74020,77238,886,3218,2,7200,1.27532628962
73155,75119,75132,1964,13,1,600,152.076923077
73157,75144,75146,1987,2,1,600,198.9
73158,75157,75161,1999,4,1,600,200.3
73162,74071,77243,909,3172,2,7200,1.28656998739
73205,74078,77122,873,3044,2,7200,1.28679369251
73219,75172,75185,1953,13,1,600,151.230769231
73221,75196,75211,1975,15,1,600,132.666666667
73222,75229,75260,2007,31,1,600,65.7419354839
73236,74116,77190,880,3074,2,7200,1.28627195836
73260,74131,77208,871,3077,2,7200,1.2830679233
73283,75272,75274,1989,2,1,600,199.1
73285,75289,75302,2004,13,1,600,155.153846154
73286,75314,75326,2028,12,1,600,170.0
73287,75337,75375,2050,38,1,600,54.9473684211
73340,74143,77163,803,3020,2,7200,1.26589403974
73349,75387,75399,2038,12,1,600,170.833333333
73350,75413,75417,2063,4,1,600,206.7
73395,74184,77244,789,3060,2,7200,1.25784313725
73411,75428,75441,2017,13,1,600,156.153846154
73413,75458,75459,2045,1,1,600,204.6
73414,75482,75498,2068,16,1,600,130.25
73415,75509,75512,2094,3,1,600,209.7
73417,74191,77225,774,3034,2,7200,1.2551087673
73418,74233,77102,815,2869,2,7200,1.28407110491
73476,75523,75526,2047,3,1,600,205.0
73478,75543,75555,2065,12,1,600,173.083333333
73479,75566,75567,2087,1,1,600,208.8
73516,74285,77213,769,2928,2,7200,1.26263661202
73540,75586,75598,2046,12,1,600,171.5
73542,75616,75629,2074,13,1,600,160.538461538
73543,75643,75650,2100,7,1,600,210.7
73544,75661,75674,2117,13,1,600,163.846153846
73606,75686,75698,2080,12,1,600,174.333333333
73607,75709,75712,2102,3,1,600,210.5
73608,75724,75736,2116,12,1,600,177.333333333
73609,75747,75748,2138,1,1,600,213.9
73653,74302,77569,649,3267,2,7200,1.19865319865
73671,75761,75768,2090,7,1,600,209.7
73672,75780,75783,2108,3,1,600,211.1
73734,75800,75812,2066,12,1,600,173.166666667
73735,75832,75833,2097,1,1,600,209.8
73736,75845,75849,2109,4,1,600,211.3
73737,75861,75870,2124,9,1,600,213.3
73751,74313,77449,562,3136,2,7200,1.17920918367
73794,74334,77172,540,2838,2,7200,1.19027484144
73799,75881,75889,2082,8,1,600,209.0
73800,75900,75913,2100,13,1,600,162.538461538
73801,75930,75946,2129,16,1,600,134.0625
73855,74524,77705,669,3181,2,7200,1.21031122289
73863,75958,75970,2095,12,1,600,175.583333333
73864,75981,75982,2117,1,1,600,211.8
73866,75994,76006,2128,12,1,600,178.333333333
73877,74619,77766,742,3147,2,7200,1.23578010804
73927,76018,76030,2091,12,1,600,175.25
73930,76053,76057,2123,4,1,600,212.7
73931,76068,76081,2137,13,1,600,165.384615385
73980,74904,77913,924,3009,2,7200,1.30707876371
73992,76092,76102,2100,10,1,600,211.0
73994,76113,76127,2119,14,1,600,152.357142857
73995,76139,76142,2144,3,1,600,214.7
73997,76153,76166,2156,13,1,600,166.846153846
74011,74946,78262,935,3316,2,7200,1.28196622437
74059,76190,76202,2131,12,1,600,178.583333333
74060,74998,78179,938,3181,2,7200,1.29487582521
74075,75070,78046,995,2976,2,7200,1.33434139785
74103,75081,78480,978,3399,2,7200,1.28773168579
74121,76214,76226,2093,12,1,600,175.416666667
74122,75282,78547,1160,3265,2,7200,1.35528330781
74122,76237,76240,2115,3,1,600,211.8
74123,76251,76254,2128,3,1,600,213.1
74137,75327,78414,1190,3087,2,7200,1.38548752834
74165,75401,78594,1236,3193,2,7200,1.38709677419
74180,75407,78548,1227,3141,2,7200,1.39063992359
74185,76268,76275,2083,7,1,600,209.0
74186,76286,76289,2100,3,1,600,210.3
74188,76300,76313,2112,13,1,600,163.461538462
74223,75470,78531,1247,3061,2,7200,1.4073832081
74249,76324,76328,2075,4,1,600,207.9
74250,76343,76346,2093,3,1,600,209.6
74252,76357,76358,2105,1,1,600,210.6
74275,75488,78345,1213,2857,2,7200,1.42457122856
74290,75573,78667,1283,3094,2,7200,1.41467356173
74306,75580,78914,1274,3334,2,7200,1.38212357528
74313,76369,76377,2056,8,1,600,206.4
74315,76388,76397,2073,9,1,600,208.2
74316,76408,76411,2092,3,1,600,209.5
74317,76422,76435,2105,13,1,600,162.923076923
74325,75609,78706,1284,3097,2,7200,1.41459476913
74379,76447,76449,2068,2,1,600,207.0
74380,76460,76472,2080,12,1,600,174.333333333
74381,76484,76497,2103,13,1,600,162.769230769
74383,76512,76525,2129,13,1,600,164.769230769
74444,76536,76548,2092,12,1,600,175.333333333
74445,76565,76577,2120,12,1,600,177.666666667
74508,76601,76605,2093,4,1,600,209.7
74509,76617,76625,2108,8,1,600,211.6
74511,76643,76655,2132,12,1,600,178.666666667
74513,75697,78830,1184,3133,2,7200,1.37791254389
74572,76666,76669,2094,3,1,600,209.7
74573,76680,76689,2107,9,1,600,211.6
74574,76701,76713,2127,12,1,600,178.25
74608,75731,78813,1123,3082,2,7200,1.36437378326
74636,76725,76732,2089,7,1,600,209.6
74697,76744,76747,2047,3,1,600,205.0
74698,76758,76771,2060,13,1,600,159.461538462
74700,76783,76795,2083,12,1,600,174.583333333
74761,76807,76810,2046,3,1,600,204.9
74762,76859,76860,2097,1,1,600,209.8
74824,76872,76875,2048,3,1,600,205.1
74825,76887,76890,2062,3,1,600,206.5
74826,76901,76927,2075,26,1,600,80.8076923077
74888,76939,76951,2051,12,1,600,171.916666667
74889,76964,76970,2075,6,1,600,208.1
74890,76981,76996,2091,15,1,600,140.4
74891,75794,78879,903,3085,2,7200,1.29270664506
74892,77013,77015,2121,2,1,600,212.3
74934,75814,78980,880,3166,2,7200,1.27795325332
74953,77027,77067,2074,40,1,600,52.85
74954,77079,77081,2125,2,1,600,212.7
74955,77098,77108,2143,10,1,600,215.3
74989,75820,78892,831,3072,2,7200,1.2705078125
75017,77121,77129,2104,8,1,600,211.2
75018,77146,77147,2128,1,1,600,212.9
75019,77159,77161,2140,2,1,600,214.2
75056,75826,78843,770,3017,2,7200,1.25522041763
75072,75838,78817,766,2979,2,7200,1.2571332662
75084,77208,77209,2124,1,1,600,212.5
75085,77231,77235,2146,4,1,600,215.0
75086,77246,77249,2160,3,1,600,216.3
75147,77271,77275,2124,4,1,600,212.8
75149,77287,77300,2138,13,1,600,165.461538462
75211,77323,77326,2112,3,1,600,211.5
75213,77338,77350,2125,12,1,600,178.083333333
75214,77361,77365,2147,4,1,600,215.1
75273,75908,78973,635,3065,2,7200,1.20717781403
75275,77376,77380,2101,4,1,600,210.5
75277,77392,77404,2115,12,1,600,177.25
75315,75913,79122,598,3209,2,7200,1.18635088813
75338,77416,77419,2078,3,1,600,208.1
75339,77431,77446,2092,15,1,600,140.466666667
75341,77458,77468,2117,10,1,600,212.7
75402,77480,77482,2078,2,1,600,208.0
75459,75924,79068,465,3144,2,7200,1.14790076336
75463,77495,77498,2032,3,1,600,203.5
75465,77510,77522,2045,12,1,600,171.416666667
75466,77534,77546,2068,12,1,600,173.333333333
75467,77558,77561,2091,3,1,600,209.4
75477,76002,79395,525,3393,2,7200,1.15473032714
75493,84318,119897,8825,35579,6,604800,1.24803957391
75529,77572,77582,2043,10,1,600,205.3
75530,77594,77606,2064,12,1,600,173.0
75531,77617,77620,2086,3,1,600,208.9
75563,76167,78987,604,2820,2,7200,1.21418439716
75570,84450,119900,8880,35450,6,604800,1.25049365303
75578,76261,79400,683,3139,2,7200,1.21758521822
75593,77632,77640,2039,8,1,600,204.7
75594,77651,77659,2057,8,1,600,206.5
75600,76337,79348,737,3011,2,7200,1.24476917967
75655,77671,77685,2016,14,1,600,145.0
75657,77696,77699,2039,3,1,600,204.2
75658,77711,77749,2053,38,1,600,55.0263157895
75685,76395,79527,710,3132,2,7200,1.22669220945
75715,76401,79781,686,3380,2,7200,1.20295857988
75719,77762,77774,2043,12,1,600,171.25
75721,77786,77792,2065,6,1,600,207.1
75722,77804,77807,2082,3,1,600,208.5
75782,76437,79632,655,3195,2,7200,1.20500782473
75783,77819,77822,2036,3,1,600,203.9
75785,77834,77837,2049,3,1,600,205.2
75786,77849,77852,2063,3,1,600,206.6
75804,76466,79522,662,3056,2,7200,1.21662303665
75819,76506,79544,687,3038,2,7200,1.22613561554
75821,76560,79776,739,3216,2,7200,1.22978855721
75836,76715,79750,879,3035,2,7200,1.28962108731
75848,77864,77868,2016,4,1,600,202.0
75849,77880,77897,2031,17,1,600,120.470588235
75850,77915,77934,2065,19,1,600,109.684210526
75894,76771,79707,877,2936,2,7200,1.29870572207
75895,76866,79924,971,3058,2,7200,1.31752779595
75912,77946,77958,2034,12,1,600,170.5
75914,76995,80303,1081,3308,2,7200,1.32678355502
75914,77982,77983,2068,1,1,600,206.9
75976,77994,78007,2018,13,1,600,156.230769231
75977,78019,78031,2042,12,1,600,171.166666667
75978,78042,78043,2064,1,1,600,206.5
75990,77008,80110,1018,3102,2,7200,1.32817537073
76040,78055,78066,2015,11,1,600,184.181818182
76041,78077,78080,2036,3,1,600,203.9
76042,78091,78104,2049,13,1,600,158.615384615
76107,78141,78144,2034,3,1,600,203.7
76108,78155,78156,2047,1,1,600,204.8
76154,77091,80253,937,3162,2,7200,1.2963314358
76169,78169,78209,2000,40,1,600,51.0
76171,78221,78257,2050,36,1,600,57.9444444444
76172,78272,78275,2100,3,1,600,210.3
76234,78288,78326,2054,38,1,600,55.0526315789
76235,78343,78346,2108,3,1,600,211.1
76249,77113,79992,864,2879,2,7200,1.30010420285
76298,78379,78391,2081,12,1,600,174.416666667
76299,78403,78405,2104,2,1,600,210.6
76300,78416,78428,2116,12,1,600,177.333333333
76301,78440,78479,2139,39,1,600,55.8461538462
76328,77133,80290,805,3157,2,7200,1.25498891353
76363,78490,78494,2127,4,1,600,213.1
76365,78519,78548,2154,29,1,600,75.275862069
76367,78571,78573,2204,2,1,600,220.6
76386,77140,80018,754,2878,2,7200,1.26198749131
76401,77179,80182,778,3003,2,7200,1.25907425907
76426,77187,80188,761,3001,2,7200,1.25358213929
76428,78590,78602,2162,12,1,600,181.166666667
76429,78614,78616,2185,2,1,600,218.7
76431,78628,78640,2197,12,1,600,184.083333333
76456,77201,80538,745,3337,2,7200,1.22325442014
76492,78652,78664,2160,12,1,600,181.0
76493,78676,78678,2183,2,1,600,218.5
76495,78690,78702,2195,12,1,600,183.916666667
76495,78998,79596,2503,598,1,604800,5.1856187291
76496,77219,80426,723,3207,2,7200,1.22544434051
76548,77225,80297,677,3072,2,7200,1.22037760417
76556,78714,78726,2158,12,1,600,180.833333333
76557,78737,78750,2180,13,1,600,168.692307692
76558,78761,78774,2203,13,1,600,170.461538462
76620,78785,78789,2165,4,1,600,216.9
76621,78800,78813,2179,13,1,600,168.615384615
76622,78830,78833,2208,3,1,600,221.1
76685,78867,78880,2182,13,1,600,168.846153846
76686,78896,78908,2210,12,1,600,185.166666667
76707,77237,80225,530,2988,2,7200,1.17737617135
76748,78920,78921,2172,1,1,600,217.3
76749,78933,78937,2184,4,1,600,218.8
76750,78950,78952,2200,2,1,600,220.2
76762,77253,80199,491,2946,2,7200,1.16666666667
76812,78964,78976,2152,12,1,600,180.333333333
76813,79608,79614,2795,6,1,600,280.1
76814,79625,79629,2811,4,1,600,281.5
76815,79641,79653,2826,12,1,600,236.5
76853,77259,80331,406,3072,2,7200,1.13216145833
76877,79665,79677,2788,12,1,600,233.333333333
76939,79701,79713,2762,12,1,600,231.166666667
76941,79726,79733,2785,7,1,600,279.2
76984,77265,80219,281,2954,2,7200,1.09512525389
77000,77465,80342,465,2877,2,7200,1.16162669447
77002,79745,79757,2743,12,1,600,229.583333333
77003,79768,79771,2765,3,1,600,276.8
77005,79781,79794,2776,13,1,600,214.538461538
77066,79805,79808,2739,3,1,600,274.2
77082,77581,80858,499,3277,2,7200,1.15227342081
77103,77717,81056,614,3339,2,7200,1.18388739143
77122,77778,80662,656,2884,2,7200,1.22746185853
77123,77927,80994,804,3067,2,7200,1.26214541898
77127,79820,79833,2693,13,1,600,208.153846154
77129,79844,79857,2715,13,1,600,209.846153846
77130,79868,79881,2738,13,1,600,211.615384615
77163,78061,80960,898,2899,2,7200,1.30976198689
77179,78190,81366,1011,3176,2,7200,1.31832493703
77191,79893,79907,2702,14,1,600,194.0
77193,79918,79919,2725,1,1,600,272.6
77194,79931,79933,2737,2,1,600,273.9
77194,78278,81346,1084,3068,2,7200,1.35332464146
77195,79944,79950,2749,6,1,600,275.5
77209,78360,81417,1151,3057,2,7200,1.37651292116
77225,78425,81461,1200,3036,2,7200,1.395256917
77226,78498,81581,1272,3083,2,7200,1.41258514434
77242,78542,81416,1300,2874,2,7200,1.45233124565
77243,78559,81520,1316,2961,2,7200,1.44444444444
77256,79961,79974,2705,13,1,600,209.076923077
77258,79985,79986,2727,1,1,600,272.8
77259,79997,80000,2738,3,1,600,274.1
77259,78565,81793,1306,3228,2,7200,1.40458488228
77260,80012,80018,2752,6,1,600,275.8
77322,80035,80038,2713,3,1,600,271.6
77323,80050,80062,2727,12,1,600,228.25
77324,80074,80076,2750,2,1,600,275.2
77386,80088,80126,2702,38,1,600,72.1052631579
77387,80138,80151,2751,13,1,600,212.615384615
77388,80163,80165,2775,2,1,600,277.7
77389,80176,80180,2787,4,1,600,279.1
77451,78605,81869,1154,3264,2,7200,1.35355392157
77451,80191,80203,2740,12,1,600,229.333333333
77452,80218,80230,2766,12,1,600,231.5
77453,80244,80247,2791,3,1,600,279.4
77516,80273,80280,2757,7,1,600,276.4
77517,80292,80331,2775,39,1,600,72.1538461538
77567,78683,81602,1116,2919,2,7200,1.38232271326
77579,80348,80353,2769,5,1,600,277.4
77580,80365,80374,2785,9,1,600,279.4
77582,80386,80398,2804,12,1,600,234.666666667
77643,80410,80413,2767,3,1,600,277.0
77644,80425,80427,2781,2,1,600,278.3
77646,80444,80457,2798,13,1,600,216.230769231
77647,80468,80478,2821,10,1,600,283.1
77708,80489,80490,2781,1,1,600,278.2
77708,78721,81967,1013,3246,2,7200,1.31207640173
77710,80501,80505,2791,4,1,600,279.5
77711,80517,80530,2806,13,1,600,216.846153846
77769,78825,82030,1056,3205,2,7200,1.32948517941
77772,80541,80554,2769,13,1,600,214.0
77834,80566,80578,2732,12,1,600,228.666666667
77835,80590,80630,2755,40,1,600,69.875
77837,80641,80644,2804,3,1,600,280.7
77838,80655,80694,2817,39,1,600,73.2307692308
77899,80705,80709,2806,4,1,600,281.0
77901,80720,80728,2819,8,1,600,282.7
77902,80739,80747,2837,8,1,600,284.5
77903,80759,80772,2856,13,1,600,220.692307692
77915,78841,81899,926,3058,2,7200,1.30281229562
77965,80783,80787,2818,4,1,600,282.2
77966,80799,80809,2833,10,1,600,284.3
78027,80820,80821,2793,1,1,600,279.4
78029,80832,80845,2803,13,1,600,216.615384615
78030,80860,80873,2830,13,1,600,218.692307692
78049,78849,81960,800,3111,2,7200,1.25715204114
78091,80889,80890,2798,1,1,600,279.9
78093,80908,80911,2815,3,1,600,281.8
78094,80923,80935,2829,12,1,600,236.75
78096,80946,80947,2850,1,1,600,285.1
78158,80958,80962,2800,4,1,600,280.4
78160,80991,80999,2831,8,1,600,283.9
78162,81013,81021,2851,8,1,600,285.9
78163,81032,81045,2869,13,1,600,221.692307692
78180,78861,82089,681,3228,2,7200,1.21096654275
78224,81056,81071,2832,15,1,600,189.8
78265,78891,81795,626,2904,2,7200,1.21556473829
78286,81088,81090,2802,2,1,600,280.4
78287,81101,81114,2814,13,1,600,217.461538462
78348,81126,81138,2778,12,1,600,232.5
78348,78904,81851,556,2947,2,7200,1.18866644045
78410,81150,81162,2740,12,1,600,229.333333333
78411,81173,81176,2762,3,1,600,276.5
78412,81187,81188,2775,1,1,600,277.6
78414,81199,81200,2785,1,1,600,278.6
78415,78927,82285,512,3358,2,7200,1.15247170935
78475,81212,81214,2737,2,1,600,273.9
78482,78985,82169,503,3184,2,7200,1.15797738693
78534,78993,82245,459,3252,2,7200,1.14114391144
78536,81225,81261,2689,36,1,600,75.6944444444
78538,81273,81282,2735,9,1,600,274.4
78539,81300,81315,2761,15,1,600,185.066666667
78549,79005,82130,456,3125,2,7200,1.14592
78551,79079,82109,528,3030,2,7200,1.17425742574
78594,79134,82379,540,3245,2,7200,1.16640986133
78600,81327,81342,2727,15,1,600,182.8
78602,81353,81362,2751,9,1,600,276.0
78663,81374,81386,2711,12,1,600,226.916666667
78664,81398,81410,2734,12,1,600,228.833333333
78666,81421,81434,2755,13,1,600,212.923076923
78670,79360,82445,690,3085,2,7200,1.22366288493
78707,79407,82486,700,3079,2,7200,1.22734654108
78727,81447,81459,2720,12,1,600,227.666666667
78728,81470,81473,2742,3,1,600,274.5
78729,81485,81490,2756,5,1,600,276.1
78791,81502,81522,2711,20,1,600,136.55
78792,81539,81543,2747,4,1,600,275.1
78795,81569,81571,2774,2,1,600,277.6
78814,79414,82778,600,3364,2,7200,1.17835909631
78829,79534,82682,705,3148,2,7200,1.22395171537
78831,79540,82572,709,3032,2,7200,1.23383905013
78846,79555,82512,709,2957,2,7200,1.2397700372
78856,81583,81595,2727,12,1,600,228.25
78857,81607,81614,2750,7,1,600,275.7
78881,79647,82702,766,3055,2,7200,1.25073649755
78896,79719,83018,823,3299,2,7200,1.24946953622
78918,79762,82804,844,3042,2,7200,1.27744904668
78919,81627,81639,2708,12,1,600,226.666666667
78920,81650,81651,2730,1,1,600,273.1
78921,81663,81675,2742,12,1,600,229.5
78973,79789,82698,816,2909,2,7200,1.2805087659
78984,81698,81701,2714,3,1,600,271.7
78987,81724,81725,2737,1,1,600,273.8
78989,79795,83002,806,3207,2,7200,1.25132522607
78990,79937,83055,947,3118,2,7200,1.30372033355
79070,80004,83259,934,3255,2,7200,1.28694316436
79122,80029,83185,907,3156,2,7200,1.28738910013
79351,80121,83234,770,3113,2,7200,1.24734982332
79396,80198,83169,802,2971,2,7200,1.26994278021
79412,80205,83297,793,3092,2,7200,1.2564683053
79525,80211,83449,686,3238,2,7200,1.21185917233
79540,80230,83179,690,2949,2,7200,1.23397761953
79555,80236,83249,681,3013,2,7200,1.2260205775
79632,80265,83095,633,2830,2,7200,1.22367491166
79649,81737,81749,2088,12,1,600,175.0
79708,80301,83365,593,3064,2,7200,1.19353785901
79712,81772,81775,2060,3,1,600,206.3
79713,81792,81802,2079,10,1,600,208.9
79714,81819,81821,2105,2,1,600,210.7
79751,80308,83367,557,3059,2,7200,1.1820856489
79775,81834,81846,2059,12,1,600,172.583333333
79778,80315,83210,537,2895,2,7200,1.18549222798
79778,81871,81880,2093,9,1,600,210.2
79779,81891,81904,2112,13,1,600,163.461538462
79794,80342,83541,548,3199,2,7200,1.17130353235
79840,81918,81932,2078,14,1,600,149.428571429
79842,81943,81956,2101,13,1,600,162.615384615
79843,81968,81970,2125,2,1,600,212.7
79904,81986,81989,2082,3,1,600,208.5
79905,82000,82013,2095,13,1,600,162.153846154
79928,80354,83580,426,3226,2,7200,1.13205207688
79967,82024,82028,2057,4,1,600,206.1
79968,82040,82052,2072,12,1,600,173.666666667
79969,82064,82072,2095,8,1,600,210.3
79971,82086,82089,2115,3,1,600,211.8
79992,80438,83252,446,2814,2,7200,1.15849324805
80019,80550,83715,531,3165,2,7200,1.16777251185
80032,82105,82115,2073,10,1,600,208.3
80033,82128,82131,2095,3,1,600,209.8
80034,82149,82152,2115,3,1,600,211.8
80036,82163,82167,2127,4,1,600,213.1
80097,82178,82214,2081,36,1,600,58.8055555556
80098,82226,82239,2128,13,1,600,164.692307692
80100,82251,82263,2151,12,1,600,180.25
80111,80674,83768,563,3094,2,7200,1.18196509373
80161,82276,82279,2115,3,1,600,211.8
80162,82291,82303,2129,12,1,600,178.416666667
80181,80872,84025,691,3153,2,7200,1.21915635902
80197,80971,83926,774,2955,2,7200,1.26192893401
80212,81005,84249,793,3244,2,7200,1.2444512947
80223,82314,82332,2091,18,1,600,117.166666667
80225,82343,82355,2118,12,1,600,177.5
80226,82366,82378,2140,12,1,600,179.333333333
80228,81073,84237,845,3164,2,7200,1.26706700379
80229,81360,84457,1131,3097,2,7200,1.36519212141
80254,81380,84466,1126,3086,2,7200,1.36487362281
80287,82396,82399,2109,3,1,600,211.2
80289,82411,82413,2122,2,1,600,212.4
80290,81428,84284,1138,2856,2,7200,1.39845938375
80290,82425,82428,2135,3,1,600,213.8
80291,82440,82456,2149,16,1,600,135.3125
80306,81434,84612,1128,3178,2,7200,1.35494021397
80308,81478,84415,1170,2937,2,7200,1.39836567926
80332,81533,84418,1201,2885,2,7200,1.41629116118
80347,81593,84609,1246,3016,2,7200,1.41312997347
80353,82467,82470,2114,3,1,600,211.7
80414,82481,82484,2067,3,1,600,207.0
80415,82495,82503,2080,8,1,600,208.8
80416,82514,82517,2098,3,1,600,210.1
80427,81613,84898,1186,3285,2,7200,1.36103500761
80478,82531,82534,2053,3,1,600,205.6
80480,82557,82561,2077,4,1,600,208.1
80539,81805,85234,1266,3429,2,7200,1.36920384952
80542,82573,82575,2031,2,1,600,203.3
80543,82591,82594,2048,3,1,600,205.1
80544,82605,82618,2061,13,1,600,159.538461538
80546,82630,82632,2084,2,1,600,208.6
80607,82643,82646,2036,3,1,600,203.9
80664,81812,84812,1148,3000,2,7200,1.38266666667
80670,82670,82677,2000,7,1,600,200.7
80671,82688,82689,2017,1,1,600,201.8
80732,82701,82703,1969,2,1,600,197.1
80733,82722,82726,1989,4,1,600,199.3
80735,82738,82741,2003,3,1,600,200.6
80796,82754,82757,1958,3,1,600,196.1
80797,82768,82772,1971,4,1,600,197.5
80799,82784,82787,1985,3,1,600,198.8
80859,81865,84870,1006,3005,2,7200,1.33477537438
80860,82799,82804,1939,5,1,600,194.4
80861,82820,82821,1959,1,1,600,196.0
80863,82832,82848,1969,16,1,600,124.0625
80924,82860,82863,1936,3,1,600,193.9
80925,82875,82894,1950,19,1,600,103.631578947
80927,82905,82906,1978,1,1,600,197.9
80962,81881,85083,919,3202,2,7200,1.28700811993
80988,82918,82920,1930,2,1,600,193.2
80991,82944,82956,1953,12,1,600,163.75
80993,81911,85154,918,3243,2,7200,1.28307123034
81053,82980,82982,1927,2,1,600,192.9
81055,82994,83001,1939,7,1,600,194.6
81056,83019,83031,1963,12,1,600,164.583333333
81057,81975,85110,918,3135,2,7200,1.29282296651
81119,83054,83067,1935,13,1,600,149.846153846
81120,83078,83079,1958,1,1,600,195.9
81182,83091,83095,1909,4,1,600,191.3
81183,83112,83115,1929,3,1,600,193.2
81184,83127,83130,1943,3,1,600,194.6
81246,83142,83143,1896,1,1,600,189.7
81248,83167,83179,1919,12,1,600,160.916666667
81310,83196,83208,1886,12,1,600,158.166666667
81349,81981,85019,632,3038,2,7200,1.20803159974
81367,82046,85195,679,3149,2,7200,1.21562400762
81374,83250,83251,1876,1,1,600,187.7
81417,82100,85316,683,3216,2,7200,1.21237562189
81418,82121,85191,703,3070,2,7200,1.22899022801
81436,83285,83286,1849,1,1,600,185.0
81461,82141,85159,680,3018,2,7200,1.225314778
81499,83315,83327,1816,12,1,600,152.333333333
81500,83339,83341,1839,2,1,600,184.1
81502,83352,83366,1850,14,1,600,133.142857143
81523,82185,85318,662,3133,2,7200,1.21129907437
81565,83401,83409,1836,8,1,600,184.4
81566,83421,83433,1855,12,1,600,155.583333333
81567,83444,83457,1877,13,1,600,145.384615385
81584,82258,85333,674,3075,2,7200,1.21918699187
81602,82298,85095,696,2797,2,7200,1.24883804076
81629,83469,83472,1840,3,1,600,184.3
81630,83483,83496,1853,13,1,600,143.538461538
81631,83507,83521,1876,14,1,600,135.0
81693,83532,83571,1839,39,1,600,48.1538461538
81694,83583,83596,1889,13,1,600,146.307692308
81695,83607,83610,1912,3,1,600,191.5
81697,83621,83662,1924,41,1,600,47.9268292683
81758,83673,83686,1915,13,1,600,148.307692308
81759,83697,83709,1938,12,1,600,162.5
81761,83720,83723,1959,3,1,600,196.2
81797,82390,85461,593,3071,2,7200,1.19309671117
81798,82456,85620,658,3164,2,7200,1.20796460177
81823,83749,83761,1926,12,1,600,161.5
81825,83773,83789,1948,16,1,600,122.75
81826,83801,83815,1975,14,1,600,142.071428571
81827,83826,83829,1999,3,1,600,200.2
81833,84456,119902,2623,35446,6,604800,1.07399988715
81854,82501,85382,647,2881,2,7200,1.22457480042
81872,82524,85688,652,3164,2,7200,1.20606826802
81888,83841,83842,1953,1,1,600,195.4
81890,83854,83856,1964,2,1,600,196.6
81891,83871,83874,1980,3,1,600,198.3
81894,82583,85781,689,3198,2,7200,1.21544715447
81952,83891,83892,1939,1,1,600,194.0
81961,82695,85949,734,3254,2,7200,1.22556853104
81976,82710,85747,734,3037,2,7200,1.24168587422
82016,83927,83928,1911,1,1,600,191.2
82018,83945,83979,1927,34,1,600,57.6764705882
82019,83991,83992,1972,1,1,600,197.3
82031,82717,85760,686,3043,2,7200,1.22543542557
82080,84003,84007,1923,4,1,600,192.7
82082,84025,84028,1943,3,1,600,194.6
82083,84044,84082,1961,38,1,600,52.6052631579
82090,82791,85621,701,2830,2,7200,1.24770318021
82111,82815,85606,704,2791,2,7200,1.25223934074
82133,83013,86305,880,3292,2,7200,1.26731470231
82144,84094,84106,1950,12,1,600,163.5
82146,84122,84126,1976,4,1,600,198.0
82147,84138,84140,1991,2,1,600,199.3
82169,83030,86105,861,3075,2,7200,1.28
82210,84168,84180,1958,12,1,600,164.166666667
82246,83067,86111,821,3044,2,7200,1.2697109067
82271,84194,84207,1923,13,1,600,148.923076923
82272,84219,84221,1947,2,1,600,194.9
82286,83107,85927,821,2820,2,7200,1.29113475177
82335,84245,84248,1910,3,1,600,191.3
82336,84259,84262,1923,3,1,600,192.6
82338,84273,84282,1935,9,1,600,194.4
82380,83180,86288,800,3108,2,7200,1.2574002574
82399,84294,84307,1895,13,1,600,146.769230769
82400,84306,84310,1906,4,1,600,191.0
82445,83190,86103,745,2913,2,7200,1.25575008582
82462,84311,84316,1849,5,1,600,185.4
82463,84323,84336,1860,13,1,600,144.076923077
82464,84328,84341,1864,13,1,600,144.384615385
82465,84334,84337,1869,3,1,600,187.2
82488,83202,86219,714,3017,2,7200,1.23665893271
82516,83226,86424,710,3198,2,7200,1.2220137586
82527,84340,84343,1813,3,1,600,181.6
82528,84345,84346,1817,1,1,600,181.8
82529,84351,84352,1822,1,1,600,182.3
82574,83245,86488,671,3243,2,7200,1.20690718471
82592,84363,84376,1771,13,1,600,137.230769231
82593,84369,84381,1776,12,1,600,149.0
82595,84374,84386,1779,12,1,600,149.25
82596,84379,84380,1783,1,1,600,178.4
82657,84385,84398,1728,13,1,600,133.923076923
82659,84393,84406,1734,13,1,600,134.384615385
82660,84398,84410,1738,12,1,600,145.833333333
82661,84403,84406,1742,3,1,600,174.5
82678,83260,86253,582,2993,2,7200,1.19445372536
82699,83267,86174,568,2907,2,7200,1.19539043688
82715,83278,86405,563,3127,2,7200,1.18004477135
82722,84410,84412,1688,2,1,600,169.0
82724,84415,84419,1691,4,1,600,169.5
82725,84422,84436,1697,14,1,600,122.214285714
82726,84427,84439,1701,12,1,600,142.75
82779,83308,86343,529,3035,2,7200,1.17429983526
82788,84432,84436,1644,4,1,600,164.8
82789,84444,84445,1655,1,1,600,165.6
82790,84484,84485,1694,1,1,600,169.5
82792,84498,84500,1706,2,1,600,170.8
82793,84511,84514,1718,3,1,600,172.1
82804,83376,86395,572,3019,2,7200,1.18946671083
82854,84525,84529,1671,4,1,600,167.5
82857,84556,84560,1699,4,1,600,170.3
82920,84584,84587,1664,3,1,600,166.7
82921,84599,84605,1678,6,1,600,168.4
82982,84616,84620,1634,4,1,600,163.8
82984,84637,84639,1653,2,1,600,165.5
82985,84650,84663,1665,13,1,600,129.076923077
82986,84674,84689,1688,15,1,600,113.533333333
82988,84701,84703,1713,2,1,600,171.5
83004,83383,86234,379,2851,2,7200,1.132935812
83021,83461,86463,440,3002,2,7200,1.14656895403
83049,84716,84728,1667,12,1,600,139.916666667
83052,84757,84769,1705,12,1,600,143.083333333
83058,83552,86502,494,2950,2,7200,1.16745762712
83098,83591,86810,493,3219,2,7200,1.15315315315
83114,84794,84797,1680,3,1,600,168.3
83171,83727,86545,556,2818,2,7200,1.19730305181
83180,84847,84862,1667,15,1,600,112.133333333
83181,84875,84888,1694,13,1,600,131.307692308
83186,83779,86875,593,3096,2,7200,1.1915374677
83188,83939,86801,751,2862,2,7200,1.26240391335
83212,84036,87348,824,3312,2,7200,1.24879227053
83237,84252,87504,1015,3252,2,7200,1.31211562116
83243,84901,84915,1658,14,1,600,119.428571429
83244,84927,84929,1683,2,1,600,168.5
83245,84941,84982,1696,41,1,600,42.3658536585
83246,84994,84997,1748,3,1,600,175.1
83252,84266,87462,1014,3196,2,7200,1.31727158949
83254,84439,87318,1185,2879,2,7200,1.41160125043
83269,84474,87428,1205,2954,2,7200,1.40792146242
83300,84479,87661,1179,3182,2,7200,1.37052168448
83308,85009,85019,1701,10,1,600,171.1
83311,85049,85082,1738,33,1,600,53.6666666667
83312,85094,85097,1782,3,1,600,178.5
83367,84491,87470,1124,2979,2,7200,1.37730782142
83368,84622,87751,1254,3129,2,7200,1.40076701822
83373,85115,85123,1742,8,1,600,175.0
83375,85135,85137,1760,2,1,600,176.2
83376,85149,85163,1773,14,1,600,127.642857143
83440,85209,85222,1769,13,1,600,137.076923077
83450,84630,87740,1180,3110,2,7200,1.37942122186
83501,85234,85246,1733,12,1,600,145.416666667
83503,85258,85265,1755,7,1,600,176.2
83504,85277,85281,1773,4,1,600,177.7
83542,84827,88074,1285,3247,2,7200,1.39574992301
83565,85293,85296,1728,3,1,600,173.1
83581,84881,87932,1300,3051,2,7200,1.42608980662
83627,85308,85314,1681,6,1,600,168.7
83628,85327,85342,1699,15,1,600,114.266666667
83629,85354,85357,1725,3,1,600,172.8
83691,85369,85380,1678,11,1,600,153.545454545
83692,85392,85395,1700,3,1,600,170.3
83716,84910,87826,1194,2916,2,7200,1.40946502058
83753,85407,85410,1654,3,1,600,165.7
83755,85422,85434,1667,12,1,600,139.916666667
83756,85447,85461,1691,14,1,600,121.785714286
83771,85030,88260,1259,3230,2,7200,1.38978328173
83817,85477,85478,1660,1,1,600,166.1
83819,85490,85491,1671,1,1,600,167.2
83880,85507,85519,1627,12,1,600,136.583333333
83881,85531,85547,1650,16,1,600,104.125
83882,85559,85569,1677,10,1,600,168.7
83884,85581,85584,1697,3,1,600,170.0
83885,85595,85634,1710,39,1,600,44.8461538462
83929,85101,88029,1172,2928,2,7200,1.40027322404
83946,85647,85662,1701,15,1,600,114.4
83948,85675,85687,1727,12,1,600,144.916666667
83949,85699,85711,1750,12,1,600,146.833333333
83950,85723,85726,1773,3,1,600,177.6
84011,85738,85750,1727,12,1,600,144.916666667
84013,85766,85768,1753,2,1,600,175.5
84014,85780,85782,1766,2,1,600,176.8
84023,85108,88109,1085,3001,2,7200,1.36154615128
84075,85800,85804,1725,4,1,600,172.9
84138,85828,85831,1690,3,1,600,169.3
84139,85843,85847,1704,4,1,600,170.8
84201,85860,85868,1659,8,1,600,166.7
84202,85881,85882,1679,1,1,600,168.0
84239,85121,88143,882,3022,2,7200,1.29185969557
84254,85165,88373,911,3208,2,7200,1.28397755611
84265,85906,85918,1641,12,1,600,137.75
84266,85930,85933,1664,3,1,600,166.7
84267,85947,85949,1680,2,1,600,168.2
84269,85966,85978,1697,12,1,600,142.416666667
84285,85172,88030,887,2858,2,7200,1.31035689293
84331,86004,86009,1673,5,1,600,167.8
84334,86032,86033,1698,1,1,600,169.9
84335,86045,86057,1710,12,1,600,143.5
84396,86069,86106,1673,37,1,600,46.2162162162
84398,86133,86145,1735,12,1,600,145.583333333
84399,86157,86163,1758,6,1,600,176.4
84400,86175,86210,1775,35,1,600,51.7142857143
84402,86222,86230,1820,8,1,600,182.8
84403,86242,86245,1839,3,1,600,184.2
84404,86258,86262,1854,4,1,600,185.8
84405,86274,86286,1869,12,1,600,156.75
84407,86298,86310,1891,12,1,600,158.583333333
84409,86338,86353,1929,15,1,600,129.6
84412,86377,86390,1965,13,1,600,152.153846154
84413,86402,86414,1989,12,1,600,166.75
84413,85204,88456,791,3252,2,7200,1.24323493235
84428,85216,88361,788,3145,2,7200,1.25055643879
84459,85246,88323,787,3077,2,7200,1.25576860578
84474,85333,88281,859,2948,2,7200,1.29138398915
84475,86427,86429,1952,2,1,600,195.4
84476,86443,86451,1967,8,1,600,197.5
84477,86463,86476,1986,13,1,600,153.769230769
84479,86505,86506,2026,1,1,600,202.7
84482,86533,86534,2051,1,1,600,205.2
84543,86546,86548,2003,2,1,600,200.5
84545,86565,86569,2020,4,1,600,202.4
84546,86580,86581,2034,1,1,600,203.5
84547,86593,86595,2046,2,1,600,204.8
84549,86607,86611,2058,4,1,600,206.2
84611,85339,88319,728,2980,2,7200,1.24429530201
84611,86640,86643,2029,3,1,600,203.2
84613,86655,86657,2042,2,1,600,204.4
84613,85347,88471,734,3124,2,7200,1.23495518566
84614,86669,86682,2055,13,1,600,159.076923077
84676,86694,86708,2018,14,1,600,145.142857143
84677,86720,86722,2043,2,1,600,204.5
84678,86734,86735,2056,1,1,600,205.7
84740,86747,86750,2007,3,1,600,201.0
84741,86762,86773,2021,11,1,600,184.727272727
84742,86785,86788,2043,3,1,600,204.6
84804,86800,86804,1996,4,1,600,200.0
84805,86820,86832,2015,12,1,600,168.916666667
84806,86852,86854,2046,2,1,600,204.8
84808,86867,86869,2059,2,1,600,206.1
84815,85398,88657,583,3259,2,7200,1.17888922983
84869,86881,86896,2012,15,1,600,135.133333333
84870,86908,86910,2038,2,1,600,204.0
84873,85472,88770,599,3298,2,7200,1.18162522741
84873,86936,86948,2063,12,1,600,172.916666667
84901,85617,88769,716,3152,2,7200,1.22715736041
84934,86964,86976,2030,12,1,600,170.166666667
84937,87001,87019,2064,18,1,600,115.666666667
84999,87031,87034,2032,3,1,600,203.5
85019,85632,88663,613,3031,2,7200,1.202243484
85061,87063,87075,2002,12,1,600,167.833333333
85063,87087,87090,2024,3,1,600,202.7
85083,85638,88757,555,3119,2,7200,1.17794164796
85099,85705,88896,606,3191,2,7200,1.1899091194
85114,85758,88838,644,3080,2,7200,1.20909090909
85124,87102,87116,1978,14,1,600,142.285714286
85126,87128,87140,2002,12,1,600,167.833333333
85157,85772,88949,615,3177,2,7200,1.19357884797
85172,85792,88948,620,3156,2,7200,1.19645120406
85187,87152,87164,1965,12,1,600,164.75
85188,87176,87179,1988,3,1,600,199.1
85190,87192,87194,2002,2,1,600,200.4
85191,87207,87215,2016,8,1,600,202.4
85192,85939,89262,747,3323,2,7200,1.2247968703
85207,85960,88990,753,3030,2,7200,1.24851485149
85235,86115,89170,880,3055,2,7200,1.28805237316
85252,87232,87233,1980,1,1,600,198.1
85254,87245,87258,1991,13,1,600,154.153846154
85255,87270,87285,2015,15,1,600,135.333333333
85317,86122,89180,805,3058,2,7200,1.26324395029
85318,87310,87322,1992,12,1,600,167.0
85319,86127,89135,808,3008,2,7200,1.26861702128
85320,87350,87364,2030,14,1,600,146.0
85334,86185,89194,851,3009,2,7200,1.28281821203
85382,87378,87381,1996,3,1,600,199.9
85383,87393,87397,2010,4,1,600,201.4
85383,86230,89244,847,3014,2,7200,1.28102189781
85444,87409,87421,1965,12,1,600,164.75
85446,87432,87448,1986,16,1,600,125.125
85447,87460,87462,2013,2,1,600,201.5
85448,87479,87483,2031,4,1,600,203.5
85462,86248,89391,786,3143,2,7200,1.25007954184
85510,87495,87503,1985,8,1,600,199.3
85511,87521,87524,2010,3,1,600,201.3
85512,87536,87549,2024,13,1,600,156.692307692
85574,87561,87573,1987,12,1,600,166.583333333
85575,87587,87599,2012,12,1,600,168.666666667
85576,87611,87614,2035,3,1,600,203.8
85609,86264,89460,655,3196,2,7200,1.2049436796
85624,86304,89644,680,3340,2,7200,1.20359281437
85625,86316,89364,691,3048,2,7200,1.22670603675
85637,87626,87628,1989,2,1,600,199.1
85689,86354,89484,665,3130,2,7200,1.2124600639
85700,87654,87664,1954,10,1,600,196.4
85747,86408,89498,661,3090,2,7200,1.21391585761
85763,87692,87694,1929,2,1,600,193.1
85763,86417,89620,654,3203,2,7200,1.2041835779
85764,87706,87716,1942,10,1,600,195.2
85765,87728,87740,1963,12,1,600,164.583333333
85781,86435,89569,654,3134,2,7200,1.20867900447
85827,87757,87773,1930,16,1,600,121.625
85828,87785,87788,1957,3,1,600,196.0
85831,87812,87824,1981,12,1,600,166.083333333
85892,87837,87839,1945,2,1,600,194.7
85893,87851,87860,1958,9,1,600,196.7
85896,87884,87896,1988,12,1,600,166.666666667
85927,86474,89589,547,3115,2,7200,1.17560192616
85949,86499,89808,550,3309,2,7200,1.16621335751
85957,87908,87911,1951,3,1,600,195.4
85960,87935,87937,1975,2,1,600,197.7
85961,87951,87963,1990,12,1,600,166.833333333
86022,87975,87976,1953,1,1,600,195.4
86025,88000,88012,1975,12,1,600,165.583333333
86086,88024,88037,1938,13,1,600,150.076923077
86088,88054,88066,1966,12,1,600,164.833333333
86089,88078,88081,1989,3,1,600,199.2
86104,86514,89333,410,2819,2,7200,1.14544164597
86106,86559,89463,453,2904,2,7200,1.15599173554
86121,86812,89601,691,2789,2,7200,1.24775905342
86150,88093,88095,1943,2,1,600,194.5
86152,88107,88111,1955,4,1,600,195.9
86176,86826,89754,650,2928,2,7200,1.22199453552
86222,86887,89818,665,2931,2,7200,1.22688502218
86237,87329,90310,1092,2981,2,7200,1.36632002684
86255,87359,90362,1104,3003,2,7200,1.36763236763
86274,88139,88142,1865,3,1,600,186.8
86276,88154,88163,1878,9,1,600,188.7
86277,88175,88187,1898,12,1,600,159.166666667
86278,88199,88201,1921,2,1,600,192.3
86289,87438,90577,1149,3139,2,7200,1.36604014017
86307,87473,90414,1166,2941,2,7200,1.39646378783
86340,88213,88215,1873,2,1,600,187.5
86341,88227,88228,1886,1,1,600,188.7
86342,88240,88252,1898,12,1,600,159.166666667
86344,87485,90544,1141,3059,2,7200,1.37299771167
86396,87515,90657,1119,3142,2,7200,1.35614258434
86403,88270,88282,1867,12,1,600,156.583333333
86405,88300,88314,1895,14,1,600,136.357142857
86406,88325,88326,1919,1,1,600,192.0
86411,87672,90751,1261,3079,2,7200,1.40954855473
86427,87751,90880,1324,3129,2,7200,1.42313838287
86463,87763,90697,1300,2934,2,7200,1.44308111793
86467,88345,88367,1878,22,1,600,86.3636363636
86469,88380,88392,1911,12,1,600,160.25
86470,88404,88444,1934,40,1,600,49.35
86488,87843,90898,1355,3055,2,7200,1.44353518822
86503,87943,90896,1440,2953,2,7200,1.48763968845
86531,88455,88458,1924,3,1,600,192.7
86533,88475,88487,1942,12,1,600,162.833333333
86534,88499,88509,1965,10,1,600,197.5
86535,88521,88533,1986,12,1,600,166.5
86546,88041,90949,1495,2908,2,7200,1.51409903714
86597,88545,88557,1948,12,1,600,163.333333333
86598,88569,88572,1971,3,1,600,197.4
86599,88584,88593,1985,9,1,600,199.4
86600,88605,88616,2005,11,1,600,183.272727273
86602,88629,88633,2027,4,1,600,203.1
86663,88645,88657,1982,12,1,600,166.166666667
86664,88674,88677,2010,3,1,600,201.3
86666,88690,88699,2024,9,1,600,203.3
86667,88711,88714,2044,3,1,600,204.7
86728,88726,88756,1998,30,1,600,67.6
86730,88774,88778,2044,4,1,600,204.8
86792,88808,88810,2016,2,1,600,201.8
86794,88822,88825,2028,3,1,600,203.1
86795,88837,88840,2042,3,1,600,204.5
86796,88857,88860,2061,3,1,600,206.4
86803,88046,91250,1243,3204,2,7200,1.3879525593
86818,88085,91256,1267,3171,2,7200,1.3995584989
86858,88872,88876,2014,4,1,600,201.8
86859,88888,88890,2029,2,1,600,203.1
86860,88902,88937,2042,35,1,600,59.3428571429
86876,88120,90925,1244,2805,2,7200,1.44349376114
86922,88950,88952,2028,2,1,600,203.0
86924,88985,88987,2061,2,1,600,206.3
86985,88999,89002,2014,3,1,600,201.7
86987,89014,89017,2027,3,1,600,203.0
86988,89030,89031,2042,1,1,600,204.3
87049,89043,89051,1994,8,1,600,200.2
87051,89063,89076,2012,13,1,600,155.769230769
87052,89088,89091,2036,3,1,600,203.9
87053,89103,89115,2050,12,1,600,171.833333333
87115,89127,89130,2012,3,1,600,201.5
87116,89143,89145,2027,2,1,600,202.9
87177,89157,89164,1980,7,1,600,198.7
87179,89177,89181,1998,4,1,600,200.2
87180,89199,89202,2019,3,1,600,202.2
87241,89215,89227,1974,12,1,600,165.5
87243,89239,89267,1996,28,1,600,72.2857142857
87244,89282,89295,2038,13,1,600,157.769230769
87245,89312,89314,2067,2,1,600,206.9
87308,89339,89340,2031,1,1,600,203.2
87309,89352,89365,2043,13,1,600,158.153846154
87320,88160,91049,840,2889,2,7200,1.29075804777
87347,88276,91434,929,3158,2,7200,1.29417352755
87371,89383,89385,2012,2,1,600,201.4
87372,89397,89399,2025,2,1,600,202.7
87373,89411,89414,2038,3,1,600,204.1
87427,88292,91437,865,3145,2,7200,1.27503974563
87435,89426,89428,1991,2,1,600,199.3
87436,89440,89452,2004,12,1,600,168.0
87437,89464,89473,2027,9,1,600,203.6
87463,88332,91536,869,3204,2,7200,1.27122347066
87479,88340,91438,861,3098,2,7200,1.27792123951
87498,89486,89495,1988,9,1,600,199.7
87500,89515,89517,2015,2,1,600,201.7
87501,89530,89537,2029,7,1,600,203.6
87506,88372,91397,866,3025,2,7200,1.28628099174
87562,89550,89553,1988,3,1,600,199.1
87564,89566,89572,2002,6,1,600,200.8
87565,89593,89627,2028,34,1,600,60.6470588235
87626,89644,89650,2018,6,1,600,202.4
87628,89663,89665,2035,2,1,600,203.7
87629,89677,89689,2048,12,1,600,171.666666667
87661,88386,91458,725,3072,2,7200,1.23600260417
87690,89701,89713,2011,12,1,600,168.583333333
87693,89737,89740,2044,3,1,600,204.7
87694,89752,89755,2058,3,1,600,206.1
87740,88467,91552,727,3085,2,7200,1.23565640194
87755,89772,89780,2017,8,1,600,202.5
87756,88488,91892,732,3404,2,7200,1.21504112808
87757,89793,89796,2036,3,1,600,203.9
87758,89808,89810,2050,2,1,600,205.2
87820,89827,89830,2007,3,1,600,201.0
87821,89847,89851,2026,4,1,600,203.0
87822,89862,89866,2040,4,1,600,204.4
87826,88668,91577,842,2909,2,7200,1.2894465452
87884,89878,89887,1994,9,1,600,200.3
87886,89911,89923,2025,12,1,600,169.75
87887,89938,89945,2051,7,1,600,205.8
87933,88680,91706,747,3026,2,7200,1.24686054197
87949,89963,89965,2014,2,1,600,201.6
87950,89982,89994,2032,12,1,600,170.333333333
87951,90006,90010,2055,4,1,600,205.9
87953,90022,90034,2069,12,1,600,173.416666667
88014,90046,90058,2032,12,1,600,170.333333333
88017,90082,90085,2065,3,1,600,206.8
88031,88768,91681,737,2913,2,7200,1.25300377618
88032,88780,91802,748,3022,2,7200,1.24751819987
88075,88787,91765,712,2978,2,7200,1.23908663533
88079,90110,90113,2031,3,1,600,203.4
88081,90125,90133,2044,8,1,600,205.2
88109,88850,91891,741,3041,2,7200,1.24366984545
88142,88909,92035,767,3126,2,7200,1.24536148433
88142,90146,90148,2004,2,1,600,200.6
88143,90160,90161,2017,1,1,600,201.8
88144,90173,90176,2029,3,1,600,203.2
88146,90187,90200,2041,13,1,600,158.0
88209,90227,90235,2018,8,1,600,202.6
88210,90247,90259,2037,12,1,600,170.75
88211,90271,90273,2060,2,1,600,206.2
88261,88959,92093,698,3134,2,7200,1.22271857052
88273,90285,90299,2012,14,1,600,144.714285714
88274,90311,90323,2037,12,1,600,170.75
88275,90335,90338,2060,3,1,600,206.3
88282,88966,91960,684,2994,2,7200,1.22845691383
88319,89005,92080,686,3075,2,7200,1.22308943089
88335,89150,92377,815,3227,2,7200,1.25255655407
88336,90350,90352,2014,2,1,600,201.6
88338,90365,90368,2027,3,1,600,203.0
88339,90381,90383,2042,2,1,600,204.4
88363,89183,92247,820,3064,2,7200,1.26762402089
88378,89192,91993,814,2801,2,7200,1.29061049625
88402,90409,90421,2007,12,1,600,168.25
88457,89205,92227,748,3022,2,7200,1.24751819987
88463,90434,90446,1971,12,1,600,165.25
88464,90459,90461,1995,2,1,600,199.7
88473,89255,92330,782,3075,2,7200,1.25430894309
88526,90473,90476,1947,3,1,600,195.0
88527,90488,90490,1961,2,1,600,196.3
88589,90502,90506,1913,4,1,600,191.7
88591,90530,90542,1939,12,1,600,162.583333333
88653,90554,90557,1901,3,1,600,190.4
88654,90570,90573,1916,3,1,600,191.9
88655,90585,90597,1930,12,1,600,161.833333333
88658,89274,92526,616,3252,2,7200,1.18942189422
88674,89345,92374,671,3029,2,7200,1.22152525586
88717,90608,90624,1891,16,1,600,119.1875
88718,90636,90643,1918,7,1,600,192.5
88719,90654,90658,1935,4,1,600,193.9
88721,90676,90677,1955,1,1,600,195.6
88759,89375,92180,616,2805,2,7200,1.21960784314
88776,89403,92538,627,3135,2,7200,1.2
88777,89471,92593,694,3122,2,7200,1.22229340167
88782,90689,90692,1907,3,1,600,191.0
88783,90704,90719,1921,15,1,600,129.066666667
88838,89478,92378,640,2900,2,7200,1.22068965517
88846,90744,90759,1898,15,1,600,127.533333333
88847,90771,90783,1924,12,1,600,161.333333333
88849,90795,90807,1946,12,1,600,163.166666667
88899,89495,92786,596,3291,2,7200,1.18109996961
88910,90819,90831,1909,12,1,600,160.083333333
88911,90843,90856,1932,13,1,600,149.615384615
88913,90868,90880,1955,12,1,600,163.916666667
88948,89509,92752,561,3243,2,7200,1.1729879741
88950,89580,92547,630,2967,2,7200,1.21233569262
88974,90897,90901,1923,4,1,600,192.7
88975,90921,90934,1946,13,1,600,150.692307692
88990,89600,92799,610,3199,2,7200,1.19068458893
89037,90946,90958,1909,12,1,600,160.083333333
89038,90970,90972,1932,2,1,600,193.4
89039,90983,90984,1944,1,1,600,194.5
89041,90995,91008,1954,13,1,600,151.307692308
89042,91020,91032,1978,12,1,600,165.833333333
89103,91044,91056,1941,12,1,600,162.75
89105,91069,91081,1964,12,1,600,164.666666667
89106,91094,91097,1988,3,1,600,199.1
89136,89612,92608,476,2996,2,7200,1.15887850467
89167,91109,91121,1942,12,1,600,162.833333333
89169,91133,91135,1964,2,1,600,196.6
89170,91148,91163,1978,15,1,600,132.866666667
89171,91175,91177,2004,2,1,600,200.6
89173,89631,92662,458,3031,2,7200,1.15110524579
89189,89655,92668,466,3013,2,7200,1.15466312645
89204,89765,92871,561,3106,2,7200,1.1806181584
89233,91189,91191,1956,2,1,600,195.8
89235,91215,91218,1980,3,1,600,198.3
89247,89820,92896,573,3076,2,7200,1.18628088427
89262,89839,92952,577,3113,2,7200,1.18535175072
89297,91230,91242,1933,12,1,600,162.083333333
89336,90321,93437,985,3116,2,7200,1.31611039795
89358,91254,91263,1896,9,1,600,190.5
89359,91276,91279,1917,3,1,600,192.0
89361,91291,91294,1930,3,1,600,193.3
89362,91306,91315,1944,9,1,600,195.3
89363,90373,93552,1010,3179,2,7200,1.31770997169
89394,90425,93310,1031,2885,2,7200,1.35736568458
89423,91327,91330,1904,3,1,600,190.7
89426,91356,91359,1930,3,1,600,193.3
89427,91372,91386,1945,14,1,600,139.928571429
89462,90560,93782,1098,3222,2,7200,1.34078212291
89477,90591,93561,1114,2970,2,7200,1.37508417508
89490,91416,91417,1926,1,1,600,192.7
89491,91430,91442,1939,12,1,600,162.583333333
89493,90668,93791,1175,3123,2,7200,1.37624079411
89508,90710,93966,1202,3256,2,7200,1.36916461916
89552,91464,91479,1912,15,1,600,128.466666667
89554,91491,91503,1937,12,1,600,162.416666667
89555,91515,91517,1960,2,1,600,196.2
89572,90762,93927,1190,3165,2,7200,1.37598736177
89590,90891,94244,1301,3353,2,7200,1.38801073665
89606,90908,94322,1302,3414,2,7200,1.38137082601
89616,91529,91530,1913,1,1,600,191.4
89621,90916,94166,1295,3250,2,7200,1.39846153846
89646,90936,93760,1290,2824,2,7200,1.45679886686
89680,91572,91573,1892,1,1,600,189.3
89743,91599,91614,1856,15,1,600,124.733333333
89745,91638,91640,1893,2,1,600,189.5
89756,90960,94234,1204,3274,2,7200,1.3677458766
89808,91664,91666,1856,2,1,600,185.8
89809,91678,91682,1869,4,1,600,187.3
89811,91703,91716,1892,13,1,600,146.538461538
89812,91060,94167,1248,3107,2,7200,1.40167364017
89827,91261,94352,1434,3091,2,7200,1.46392753154
89872,91728,91737,1856,9,1,600,186.5
89873,91749,91752,1876,3,1,600,187.9
89875,91765,91777,1890,12,1,600,158.5
89876,91789,91791,1913,2,1,600,191.5
89937,91804,91819,1867,15,1,600,125.466666667
89939,91832,91833,1893,1,1,600,189.4
89940,91845,91857,1905,12,1,600,159.75
90001,91869,91882,1868,13,1,600,144.692307692
90003,91894,91906,1891,12,1,600,158.583333333
90004,91918,91920,1914,2,1,600,191.6
90065,91933,91941,1868,8,1,600,187.6
90067,91953,91965,1886,12,1,600,158.166666667
90068,91979,92012,1911,33,1,600,58.9090909091
90129,92024,92027,1895,3,1,600,189.8
90131,92039,92057,1908,18,1,600,107.0
90132,92069,92071,1937,2,1,600,193.9
90133,92083,92094,1950,11,1,600,178.272727273
90195,92112,92124,1917,12,1,600,160.75
90196,92136,92148,1940,12,1,600,162.666666667
90197,92160,92172,1963,12,1,600,164.583333333
90199,92184,92224,1985,40,1,600,50.625
90260,92237,92240,1977,3,1,600,198.0
90261,92252,92264,1991,12,1,600,166.916666667
90263,92277,92279,2014,2,1,600,201.6
90311,91268,94354,957,3086,2,7200,1.31011017498
90325,92304,92316,1979,12,1,600,165.916666667
90327,92329,92332,2002,3,1,600,200.5
90363,91408,94268,1045,2860,2,7200,1.36538461538
90388,92349,92385,1961,36,1,600,55.4722222222
90389,92405,92407,2016,2,1,600,201.8
90391,92419,92421,2028,2,1,600,203.0
90392,92434,92446,2042,12,1,600,171.166666667
90393,92458,92470,2065,12,1,600,173.083333333
90415,91446,94437,1031,2991,2,7200,1.34470076897
90455,92482,92494,2027,12,1,600,169.916666667
90456,92506,92507,2050,1,1,600,205.1
90458,92519,92523,2061,4,1,600,206.5
90519,92536,92548,2017,12,1,600,169.083333333
90520,92566,92567,2046,1,1,600,204.7
90521,92578,92616,2057,38,1,600,55.1315789474
90523,92629,92636,2106,7,1,600,211.3
90524,92648,92660,2124,12,1,600,178.0
90545,91453,94856,908,3403,2,7200,1.26682339113
90576,91459,94431,883,2972,2,7200,1.29710632571
90585,92672,92676,2087,4,1,600,209.1
90587,92693,92705,2106,12,1,600,176.5
90649,92732,92764,2083,32,1,600,66.09375
90651,92777,92793,2126,16,1,600,133.875
90652,92805,92808,2153,3,1,600,215.6
90659,91470,94536,811,3066,2,7200,1.26451402479
90699,91548,94730,849,3182,2,7200,1.26681332495
90713,92820,92823,2107,3,1,600,211.0
90715,92835,92844,2120,9,1,600,212.9
90716,92855,92870,2139,15,1,600,143.6
90754,91564,94634,810,3070,2,7200,1.26384364821
90777,92881,92894,2104,13,1,600,162.846153846
90779,92907,92909,2128,2,1,600,213.0
90780,92922,92924,2142,2,1,600,214.4
90841,92940,92943,2099,3,1,600,210.2
90842,92955,92971,2113,16,1,600,133.0625
90844,92983,92986,2139,3,1,600,214.2
90882,91591,94468,709,2877,2,7200,1.24643726104
90898,91692,94830,794,3138,2,7200,1.25302740599
90899,91718,94623,819,2905,2,7200,1.28192771084
90905,92998,93035,2093,37,1,600,57.5675675676
90906,93053,93065,2147,12,1,600,179.916666667
90908,93077,93089,2169,12,1,600,181.75
90927,91777,94812,850,3035,2,7200,1.28006589786
90952,91813,94811,861,2998,2,7200,1.28719146097
90969,93101,93104,2132,3,1,600,213.5
90970,93116,93118,2146,2,1,600,214.8
91033,93148,93151,2115,3,1,600,211.8
91034,93162,93163,2128,1,1,600,212.9
91049,91902,95195,853,3293,2,7200,1.25903431521
91096,93176,93178,2080,2,1,600,208.2
91097,93189,93203,2092,14,1,600,150.428571429
91098,93215,93218,2117,3,1,600,212.0
91160,93230,93233,2070,3,1,600,207.3
91161,93245,93248,2084,3,1,600,208.7
91224,93273,93312,2049,39,1,600,53.5384615385
91225,93329,93341,2104,12,1,600,176.333333333
91226,93353,93365,2127,12,1,600,178.25
91229,93390,93402,2161,12,1,600,181.083333333
91250,91909,94901,659,2992,2,7200,1.2202540107
91266,91971,95017,705,3046,2,7200,1.23145108339
91290,93414,93417,2124,3,1,600,212.7
91291,93431,93441,2140,10,1,600,215.0
91293,93457,93469,2164,12,1,600,181.333333333
91354,93481,93493,2127,12,1,600,178.25
91355,93504,93505,2149,1,1,600,215.0
91358,93530,93533,2172,3,1,600,217.5
91400,92005,95127,605,3122,2,7200,1.19378603459
91421,93558,93570,2137,12,1,600,179.083333333
91422,93582,93596,2160,14,1,600,155.285714286
91423,93609,93611,2186,2,1,600,218.8
91437,92047,95070,610,3023,2,7200,1.201786305
91439,92093,95089,654,2996,2,7200,1.21829105474
91440,92104,95143,664,3039,2,7200,1.2184929253
91459,92192,95482,733,3290,2,7200,1.22279635258
91485,93625,93640,2140,15,1,600,143.666666667
91486,93653,93656,2167,3,1,600,217.0
91538,92243,95300,705,3057,2,7200,1.23061825319
91547,93668,93680,2121,12,1,600,177.75
91549,93692,93695,2143,3,1,600,214.6
91550,93706,93719,2156,13,1,600,166.846153846
91551,93731,93734,2180,3,1,600,218.3
91554,92258,95244,704,2986,2,7200,1.23576691226
91578,92341,95435,763,3094,2,7200,1.24660633484
91613,93746,93779,2133,33,1,600,65.6363636364
91615,93810,93811,2195,1,1,600,219.6
91678,93836,93837,2158,1,1,600,215.9
91680,93861,93873,2181,12,1,600,182.75
91682,93885,93897,2203,12,1,600,184.583333333
91682,92385,95494,703,3109,2,7200,1.22611772274
91710,92392,95298,682,2906,2,7200,1.23468685478
91746,93936,93943,2190,7,1,600,219.7
91765,92398,95255,633,2857,2,7200,1.22156107805
91805,92542,95463,737,2921,2,7200,1.25231085245
91807,93955,93969,2148,14,1,600,154.428571429
91808,93990,94003,2182,13,1,600,168.846153846
91810,94015,94017,2205,2,1,600,220.7
91871,94030,94039,2159,9,1,600,216.8
91873,94051,94055,2178,4,1,600,218.2
91894,92549,95725,655,3176,2,7200,1.20623425693
91895,92558,95497,663,2939,2,7200,1.22558693433
91935,94080,94081,2145,1,1,600,214.6
91937,94093,94095,2156,2,1,600,215.8
91938,94107,94110,2169,3,1,600,217.2
91962,92604,95576,642,2972,2,7200,1.21601615074
91996,92620,95702,624,3082,2,7200,1.20246593121
91999,94122,94135,2123,13,1,600,164.307692308
92001,94147,94159,2146,12,1,600,179.833333333
92036,92678,95631,642,2953,2,7200,1.21740602777
92062,94171,94184,2109,13,1,600,163.230769231
92065,94209,94225,2144,16,1,600,135.0
92082,92685,95479,603,2794,2,7200,1.21581961346
92097,92767,95904,670,3137,2,7200,1.21357985336
92126,94237,94250,2111,13,1,600,163.384615385
92128,94263,94275,2135,12,1,600,178.916666667
92180,92797,95767,617,2970,2,7200,1.20774410774
92190,94310,94350,2120,40,1,600,54.0
92192,94363,94375,2171,12,1,600,181.916666667
92229,92811,96203,582,3392,2,7200,1.17158018868
92248,92888,95736,640,2848,2,7200,1.22471910112
92253,94397,94412,2144,15,1,600,143.933333333
92254,94424,94436,2170,12,1,600,181.833333333
92316,94455,94456,2139,1,1,600,214.0
92317,94468,94477,2151,9,1,600,216.0
92318,94489,94499,2171,10,1,600,218.1
92331,92913,95978,582,3065,2,7200,1.1898858075
92377,92963,96033,586,3070,2,7200,1.19087947883
92378,93321,96532,943,3211,2,7200,1.29367798194
92380,93449,96586,1069,3137,2,7200,1.34077143768
92380,94510,94511,2130,1,1,600,213.1
92381,94523,94535,2142,12,1,600,179.5
92443,94547,94559,2104,12,1,600,176.333333333
92445,94583,94586,2138,3,1,600,214.1
92507,94598,94638,2091,40,1,600,53.275
92509,94669,94681,2160,12,1,600,181.0
92529,93564,96925,1035,3361,2,7200,1.30794406427
92545,93573,96545,1028,2972,2,7200,1.34589502019
92560,93772,96651,1212,2879,2,7200,1.42097950677
92571,94693,94705,2122,12,1,600,177.833333333
92572,94717,94729,2145,12,1,600,179.75
92573,94741,94753,2168,12,1,600,181.666666667
92574,94765,94768,2191,3,1,600,219.4
92594,93797,97109,1203,3312,2,7200,1.36322463768
92609,93804,97077,1195,3273,2,7200,1.36510846318
92636,94780,94782,2144,2,1,600,214.6
92665,93942,96969,1277,3027,2,7200,1.42186983812
92680,93978,96988,1298,3010,2,7200,1.43122923588
92697,94794,94834,2097,40,1,600,53.425
92698,94850,94856,2152,6,1,600,215.8
92700,94872,94873,2172,1,1,600,217.3
92753,94177,97149,1424,2972,2,7200,1.47913862719
92761,94885,94897,2124,12,1,600,178.0
92762,94909,94912,2147,3,1,600,215.0
92787,94184,97141,1397,2957,2,7200,1.47243828204
92802,94246,97259,1444,3013,2,7200,1.47925655493
92824,94923,94936,2099,13,1,600,162.461538462
92825,94948,94960,2123,12,1,600,177.916666667
92826,94972,94975,2146,3,1,600,214.9
92873,94255,97082,1382,2827,2,7200,1.48885744606
92888,94987,94999,2099,12,1,600,175.916666667
92889,95012,95014,2123,2,1,600,212.5
92890,95026,95032,2136,6,1,600,214.2
92898,94279,97539,1381,3260,2,7200,1.4236196319
92952,95044,95046,2092,2,1,600,209.4
92953,94333,97189,1380,2856,2,7200,1.48319327731
92953,95058,95060,2105,2,1,600,210.7
92954,95072,95081,2118,9,1,600,212.7
93017,95109,95129,2092,20,1,600,105.6
93018,95146,95149,2128,3,1,600,213.1
93080,95162,95174,2082,12,1,600,174.5
93081,95186,95189,2105,3,1,600,210.8
93142,95201,95203,2059,2,1,600,206.1
93145,95228,95236,2083,8,1,600,209.1
93146,95248,95250,2102,2,1,600,210.4
93207,95263,95296,2056,33,1,600,63.303030303
93210,95328,95330,2118,2,1,600,212.0
93273,95355,95356,2082,1,1,600,208.3
93274,95368,95382,2094,14,1,600,150.571428571
93275,95394,95395,2119,1,1,600,212.0
93276,95407,95409,2131,2,1,600,213.3
93312,94369,97398,1057,3029,2,7200,1.34896005282
93338,95421,95433,2083,12,1,600,174.583333333
93399,95452,95464,2053,12,1,600,172.083333333
93400,95482,95523,2082,41,1,600,51.7804878049
93402,95535,95536,2133,1,1,600,213.4
93440,94375,97130,935,2755,2,7200,1.33938294011
93463,95548,95551,2085,3,1,600,208.8
93464,95563,95569,2099,6,1,600,210.5
93466,95581,95593,2115,12,1,600,177.25
93527,95606,95617,2079,11,1,600,190.0
93528,95629,95641,2101,12,1,600,176.083333333
93530,95654,95667,2124,13,1,600,164.384615385
93531,95680,95683,2149,3,1,600,215.2
93555,94442,97561,887,3119,2,7200,1.28438602116
93571,94449,97664,878,3215,2,7200,1.27309486781
93592,95695,95734,2103,39,1,600,54.9230769231
93594,95747,95752,2153,5,1,600,215.8
93595,95764,95766,2169,2,1,600,217.1
93656,95777,95780,2121,3,1,600,212.4
93658,95792,95804,2134,12,1,600,178.833333333
93659,95821,95824,2162,3,1,600,216.5
93720,95836,95838,2116,2,1,600,211.8
93722,95851,95853,2129,2,1,600,213.1
93724,95878,95890,2154,12,1,600,180.5
93762,94479,97586,717,3107,2,7200,1.23076923077
93778,94553,97527,775,2974,2,7200,1.26059179556
93786,95906,95918,2120,12,1,600,177.666666667
93787,95931,95945,2144,14,1,600,154.142857143
93793,94635,97695,842,3060,2,7200,1.27516339869
93849,95957,95959,2108,2,1,600,211.0
93850,95971,95975,2121,4,1,600,212.5
93851,95986,95989,2135,3,1,600,213.8
93853,96001,96003,2148,2,1,600,215.0
93914,96016,96028,2102,12,1,600,176.166666667
93915,96041,96053,2126,12,1,600,178.166666667
93917,96065,96068,2148,3,1,600,215.1
93918,96080,96082,2162,2,1,600,216.4
93930,94645,97766,715,3121,2,7200,1.22909323935
93967,94747,97838,780,3091,2,7200,1.25234551925
93979,96094,96096,2115,2,1,600,211.7
93981,96108,96109,2127,1,1,600,212.8
93982,96121,96122,2139,1,1,600,214.0
94043,96135,96136,2092,1,1,600,209.3
94045,96148,96160,2103,12,1,600,176.25
94108,96185,96189,2077,4,1,600,208.1
94110,96213,96215,2103,2,1,600,210.5
94112,96232,96264,2120,32,1,600,67.25
94168,94822,97817,654,2995,2,7200,1.2183639399
94170,94829,98095,659,3266,2,7200,1.20177587263
94173,96279,96291,2106,12,1,600,176.5
94174,96303,96306,2129,3,1,600,213.2
94176,96318,96336,2142,18,1,600,120.0
94237,96354,96357,2117,3,1,600,212.0
94237,94842,97877,605,3035,2,7200,1.19934102142
94238,96369,96385,2131,16,1,600,134.1875
94240,96397,96411,2157,14,1,600,155.071428571
94253,94867,98091,614,3224,2,7200,1.19044665012
94268,94915,97986,647,3071,2,7200,1.21068056008
94301,96424,96436,2123,12,1,600,177.916666667
94302,96447,96448,2145,1,1,600,214.6
94320,95032,98164,712,3132,2,7200,1.22733077905
94354,95081,98129,727,3048,2,7200,1.23851706037
94355,95101,98307,746,3206,2,7200,1.23268870867
94365,96472,96487,2107,15,1,600,141.466666667
94426,96499,96511,2073,12,1,600,173.75
94428,96523,96525,2095,2,1,600,209.7
94432,95138,98198,706,3060,2,7200,1.23071895425
94447,95154,98421,707,3267,2,7200,1.21640648913
94469,95207,98180,738,2973,2,7200,1.24823410696
94489,96537,96549,2048,12,1,600,171.666666667
94490,96565,96577,2075,12,1,600,173.916666667
94491,96589,96603,2098,14,1,600,150.857142857
94538,95255,98507,717,3252,2,7200,1.2204797048
94554,96626,96629,2072,3,1,600,207.5
94555,96640,96644,2085,4,1,600,208.9
94617,96656,96671,2039,15,1,600,136.933333333
94618,96686,96720,2068,34,1,600,61.8235294118
94620,96732,96734,2112,2,1,600,211.4
94627,95269,98484,642,3215,2,7200,1.19968895801
94642,95315,98331,673,3016,2,7200,1.22314323607
94681,96751,96752,2070,1,1,600,207.1
94682,96764,96779,2082,15,1,600,139.8
94731,95321,98581,590,3260,2,7200,1.18098159509
94744,96791,96800,2047,9,1,600,205.6
94745,96812,96824,2067,12,1,600,173.25
94746,96836,96850,2090,14,1,600,150.285714286
94808,96862,96874,2054,12,1,600,172.166666667
94809,96886,96891,2077,5,1,600,208.2
94810,96903,96906,2093,3,1,600,209.6
94814,95446,98514,632,3068,2,7200,1.20599739244
94816,95474,98575,658,3101,2,7200,1.21218961625
94831,95491,98442,660,2951,2,7200,1.22365299898
94858,95498,98537,640,3039,2,7200,1.21059559065
94872,96917,96920,2045,3,1,600,204.8
94873,96933,96945,2060,12,1,600,172.666666667
94905,95505,98626,600,3121,2,7200,1.19224607498
94936,96969,96976,2033,7,1,600,204.0
94937,96989,96991,2052,2,1,600,205.4
94998,97008,97010,2010,2,1,600,201.2
95000,97022,97034,2022,12,1,600,169.5
95018,95513,98478,495,2965,2,7200,1.16694772344
95062,97059,97071,1997,12,1,600,167.416666667
95064,97083,97095,2019,12,1,600,169.25
95065,97107,97119,2042,12,1,600,171.166666667
95066,97131,97133,2065,2,1,600,206.7
95067,97150,97166,2083,16,1,600,131.1875
95070,95587,98558,517,2971,2,7200,1.174015483
95089,95642,99085,553,3443,2,7200,1.16061574209
95129,95715,98838,586,3123,2,7200,1.18764008966
95130,97192,97201,2062,9,1,600,207.1
95144,95737,98842,593,3105,2,7200,1.19098228663
95192,97213,97217,2021,4,1,600,202.5
95193,97229,97232,2036,3,1,600,203.9
95194,97244,97253,2050,9,1,600,205.9
95195,97266,97305,2071,39,1,600,54.1025641026
95196,95753,98901,557,3148,2,7200,1.17693773825
95245,95784,98925,539,3141,2,7200,1.17160140083
95257,97317,97329,2060,12,1,600,172.666666667
95258,97342,97356,2084,14,1,600,149.857142857
95259,97368,97371,2109,3,1,600,211.2
95261,95915,98962,654,3047,2,7200,1.21463734821
95261,97382,97384,2121,2,1,600,212.3
95302,95992,99116,690,3124,2,7200,1.22087067862
95303,96048,98993,745,2945,2,7200,1.25297113752
95322,97397,97400,2075,3,1,600,207.8
95323,97417,97420,2094,3,1,600,209.7
95385,97433,97436,2048,3,1,600,205.1
95386,97449,97461,2063,12,1,600,172.916666667
95387,97474,97486,2087,12,1,600,174.916666667
95388,97498,97501,2110,3,1,600,211.3
95437,96219,99249,782,3030,2,7200,1.25808580858
95450,97515,97527,2065,12,1,600,173.083333333
95451,97544,97547,2093,3,1,600,209.6
95452,97559,97564,2107,5,1,600,211.2
95465,96543,99781,1078,3238,2,7200,1.33292155652
95481,96557,99497,1076,2940,2,7200,1.36598639456
95482,96602,99742,1120,3140,2,7200,1.35668789809
95499,96662,99850,1163,3188,2,7200,1.3648055207
95500,96939,100094,1439,3155,2,7200,1.45610142631
95514,97580,97583,2066,3,1,600,206.9
95577,96980,100193,1403,3213,2,7200,1.43666355431
95577,97609,97618,2032,9,1,600,204.1
95578,97631,97643,2053,12,1,600,172.083333333
95579,97655,97656,2076,1,1,600,207.7
95632,97000,100222,1368,3222,2,7200,1.42458100559
95641,97668,97680,2027,12,1,600,169.916666667
95642,97692,97696,2050,4,1,600,205.4
95703,97089,100202,1386,3113,2,7200,1.44522968198
95705,97727,97730,2022,3,1,600,202.5
95706,97742,97754,2036,12,1,600,170.666666667
95721,97096,100223,1375,3127,2,7200,1.43971858011
95737,97121,100312,1384,3191,2,7200,1.43371983704
95767,97765,97766,1998,1,1,600,199.9
95768,97142,100258,1374,3116,2,7200,1.44094993582
95769,97783,97787,2014,4,1,600,201.8
95830,97799,97800,1969,1,1,600,197.0
95831,97812,97814,1981,2,1,600,198.3
95834,97841,97849,2007,8,1,600,201.5
95896,97861,97863,1965,2,1,600,196.7
95898,97887,97890,1989,3,1,600,199.2
95906,97156,100220,1250,3064,2,7200,1.40796344648
95961,97915,97916,1954,1,1,600,195.5
95962,97928,97942,1966,14,1,600,141.428571429
95980,97163,100354,1183,3191,2,7200,1.37073017863
96024,97954,97955,1930,1,1,600,193.1
96025,97967,97968,1942,1,1,600,194.3
96026,97980,98016,1954,36,1,600,55.2777777778
96032,97200,100425,1168,3225,2,7200,1.36217054264
96089,98041,98043,1952,2,1,600,195.4
96090,98055,98063,1965,8,1,600,197.3
96093,98087,98118,1994,31,1,600,65.3225806452
96154,98130,98132,1976,2,1,600,197.8
96158,98175,98189,2017,14,1,600,145.071428571
96206,97272,100513,1066,3241,2,7200,1.32891082999
96220,98201,98203,1981,2,1,600,198.3
96221,98217,98229,1996,12,1,600,167.333333333
96222,98241,98245,2019,4,1,600,202.3
96223,98257,98260,2034,3,1,600,203.7
96286,98285,98293,1999,8,1,600,200.7
96349,98317,98329,1968,12,1,600,165.0
96350,98341,98344,1991,3,1,600,199.4
96411,98357,98369,1946,12,1,600,163.166666667
96413,98381,98383,1968,2,1,600,197.0
96474,98395,98409,1921,14,1,600,138.214285714
96475,98421,98424,1946,3,1,600,194.9
96478,98452,98465,1974,13,1,600,152.846153846
96534,97409,100287,875,2878,2,7200,1.30403057679
96539,98477,98489,1938,12,1,600,162.5
96541,98504,98507,1963,3,1,600,196.6
96542,98524,98527,1982,3,1,600,198.5
96549,97538,100424,989,2886,2,7200,1.34268884269
96586,97550,100620,964,3070,2,7200,1.31400651466
96604,98557,98560,1953,3,1,600,195.6
96650,97573,100576,923,3003,2,7200,1.30735930736
96666,98577,98587,1911,10,1,600,192.1
96667,98601,98602,1934,1,1,600,193.5
96668,98614,98617,1946,3,1,600,194.9
96670,98629,98637,1959,8,1,600,196.7
96732,98663,98665,1931,2,1,600,193.3
96794,98677,98716,1883,39,1,600,49.2820512821
96795,98728,98731,1933,3,1,600,193.6
96796,98744,98747,1948,3,1,600,195.1
96858,98759,98761,1901,2,1,600,190.3
96859,98773,98781,1914,8,1,600,192.2
96860,98793,98796,1933,3,1,600,193.6
96922,98808,98842,1886,34,1,600,56.4705882353
96923,98862,98865,1939,3,1,600,194.2
96924,98879,98891,1955,12,1,600,163.916666667
96925,98903,98909,1978,6,1,600,198.4
96927,97602,100615,675,3013,2,7200,1.22402920677
96969,97677,100584,708,2907,2,7200,1.2435500516
96988,98926,98944,1938,18,1,600,108.666666667
96991,97707,101023,716,3316,2,7200,1.21592279855
96991,98969,98981,1978,12,1,600,165.833333333
97053,98994,98996,1941,2,1,600,194.3
97054,99012,99028,1958,16,1,600,123.375
97056,99040,99043,1984,3,1,600,198.7
97080,97777,100906,697,3129,2,7200,1.22275487376
97095,97834,101021,739,3187,2,7200,1.23187951051
97110,97850,100870,740,3020,2,7200,1.24503311258
97118,99066,99106,1948,40,1,600,49.7
97120,99123,99137,2003,14,1,600,144.071428571
97132,97893,100925,761,3032,2,7200,1.25098944591
97148,97997,101080,849,3083,2,7200,1.27538112228
97163,98103,101134,940,3031,2,7200,1.31012867041
97182,99150,99162,1968,12,1,600,165.0
97183,99174,99177,1991,3,1,600,199.4
97184,99189,99191,2005,2,1,600,200.7
97185,99203,99215,2018,12,1,600,169.166666667
97191,98110,101161,919,3051,2,7200,1.30121271714
97248,99227,99229,1979,2,1,600,198.1
97249,99242,99254,1993,12,1,600,167.083333333
97251,99268,99280,2017,12,1,600,169.083333333
97261,98142,101110,881,2968,2,7200,1.2968328841
97312,99292,99304,1980,12,1,600,166.0
97314,99316,99349,2002,33,1,600,61.6666666667
97376,99374,99386,1998,12,1,600,167.5
97378,99408,99411,2030,3,1,600,203.3
97398,98181,101529,783,3348,2,7200,1.23387096774
97439,99423,99425,1984,2,1,600,198.6
97440,99437,99441,1997,4,1,600,200.1
97442,99453,99465,2011,12,1,600,168.583333333
97443,99477,99480,2034,3,1,600,203.7
97504,99492,99500,1988,8,1,600,199.6
97506,99517,99520,2011,3,1,600,201.4
97507,99532,99544,2025,12,1,600,169.75
97529,98191,101223,662,3032,2,7200,1.21833773087
97545,98209,101339,664,3130,2,7200,1.21214057508
97563,98323,101244,760,2921,2,7200,1.2601848682
97569,99556,99559,1987,3,1,600,199.0
97570,99570,99571,2000,1,1,600,200.1
97588,98347,101296,759,2949,2,7200,1.25737538149
97633,99596,99608,1963,12,1,600,164.583333333
97634,99620,99622,1986,2,1,600,198.8
97635,99633,99636,1998,3,1,600,200.1
97664,98433,101581,769,3148,2,7200,1.24428208386
97697,99648,99662,1951,14,1,600,140.357142857
97698,98459,101484,761,3025,2,7200,1.25157024793
97698,99674,99707,1976,33,1,600,60.8787878788
97699,99719,99721,2020,2,1,600,202.2
97761,99734,99737,1973,3,1,600,197.6
97762,99749,99753,1987,4,1,600,199.1
97763,99765,99768,2002,3,1,600,200.5
97765,99780,99792,2015,12,1,600,168.916666667
97769,98489,101891,720,3402,2,7200,1.21164021164
97818,98496,101457,678,2961,2,7200,1.22897669706
97826,99810,99812,1984,2,1,600,198.6
97827,99824,99857,1997,33,1,600,61.5151515152
97829,99870,99882,2041,12,1,600,171.083333333
97830,99894,99901,2064,7,1,600,207.1
97839,98518,101747,679,3229,2,7200,1.210281821
97879,98530,101898,651,3368,2,7200,1.19328978622
97893,99932,99936,2039,4,1,600,204.3
97894,99948,99952,2054,4,1,600,205.8
97895,99964,99977,2069,13,1,600,160.153846154
97958,100002,100014,2044,12,1,600,171.333333333
97959,100026,100033,2067,7,1,600,207.4
97960,100044,100054,2084,10,1,600,209.4
97962,100066,100067,2104,1,1,600,210.5
97986,98549,101482,563,2933,2,7200,1.19195363109
98023,100079,100092,2056,13,1,600,159.153846154
98024,100104,100116,2080,12,1,600,174.333333333
98087,100141,100173,2054,32,1,600,65.1875
98088,100185,100197,2097,12,1,600,175.75
98090,100212,100224,2122,12,1,600,177.833333333
98093,98569,101787,476,3218,2,7200,1.14791796147
98095,98586,101644,491,3058,2,7200,1.16056245912
98133,98593,101432,460,2839,2,7200,1.16202888341
98151,100249,100261,2098,12,1,600,175.833333333
98164,98638,101863,474,3225,2,7200,1.14697674419
98179,98849,102026,670,3177,2,7200,1.21089077746
98200,98856,101830,656,2974,2,7200,1.22057834566
98214,100290,100302,2076,12,1,600,174.0
98215,100315,100327,2100,12,1,600,176.0
98216,100360,100397,2144,37,1,600,58.9459459459
98218,100410,100420,2192,10,1,600,220.2
98279,100432,100441,2153,9,1,600,216.2
98280,100454,100458,2174,4,1,600,217.8
98281,100470,100482,2189,12,1,600,183.416666667
98283,100494,100497,2211,3,1,600,221.4
98311,98913,101652,602,2739,2,7200,1.21978824388
98332,98936,101984,604,3048,2,7200,1.19816272966
98344,100509,100518,2165,9,1,600,217.4
98345,100531,100532,2186,1,1,600,218.7
98347,100544,100546,2197,2,1,600,219.9
98408,100558,100560,2150,2,1,600,215.2
98409,100573,100582,2164,9,1,600,217.3
98411,100600,100614,2189,14,1,600,157.357142857
98424,98975,102169,551,3194,2,7200,1.17251095805
98442,99004,102132,562,3128,2,7200,1.17966751918
98472,100632,100645,2160,13,1,600,167.153846154
98473,100656,100661,2183,5,1,600,218.8
98476,100685,100697,2209,12,1,600,185.083333333
98479,99096,102283,617,3187,2,7200,1.19359899592
98494,99130,102111,636,2981,2,7200,1.21335122442
98509,99260,102221,751,2961,2,7200,1.25363053023
98524,99511,102672,987,3161,2,7200,1.31224296109
98537,100709,100711,2172,2,1,600,217.4
98540,100735,100739,2195,4,1,600,219.9
98540,99755,102995,1215,3240,2,7200,1.375
98559,99792,102680,1233,2888,2,7200,1.42693905817
98577,99862,103147,1285,3285,2,7200,1.39117199391
98592,100110,103343,1518,3233,2,7200,1.46953294154
98601,100751,100763,2150,12,1,600,180.166666667
98602,100776,100785,2174,9,1,600,218.3
98604,100797,100801,2193,4,1,600,219.7
98629,100204,103108,1575,2904,2,7200,1.5423553719
98641,117366,117374,18725,8,1,1800,1873.3
98665,100813,100816,2148,3,1,600,215.1
98666,100828,100866,2162,38,1,600,57.8947368421
98668,100878,100881,2210,3,1,600,221.3
98730,100906,100918,2176,12,1,600,182.333333333
98732,100930,100939,2198,9,1,600,220.7
98793,100951,100967,2158,16,1,600,135.875
98796,100991,101025,2195,34,1,600,65.5588235294
98797,101046,101049,2249,3,1,600,225.2
98841,100224,103443,1383,3219,2,7200,1.42963653308
98856,100231,103226,1375,2995,2,7200,1.4590984975
98860,101074,101075,2214,1,1,600,221.5
98902,100238,103672,1336,3434,2,7200,1.38905066977
98921,101087,101099,2166,12,1,600,181.5
98922,101111,101114,2189,3,1,600,219.2
98923,101129,101133,2206,4,1,600,221.0
98927,100244,103287,1317,3043,2,7200,1.43279658232
98964,100269,103430,1305,3161,2,7200,1.4128440367
98985,101145,101146,2160,1,1,600,216.1
98986,101159,101172,2173,13,1,600,168.153846154
98994,100299,103114,1305,2815,2,7200,1.46358792185
99049,101197,101205,2148,8,1,600,215.6
99050,101217,101229,2167,12,1,600,181.583333333
99051,101242,101254,2191,12,1,600,183.583333333
99086,100321,103553,1235,3232,2,7200,1.38211633663
99113,101266,101298,2153,32,1,600,68.28125
99114,101315,101318,2201,3,1,600,220.4
99117,100327,103556,1210,3229,2,7200,1.37472901827
99176,101331,101335,2155,4,1,600,215.9
99238,101361,101365,2123,4,1,600,212.7
99240,101377,101380,2137,3,1,600,214.0
99241,101392,101395,2151,3,1,600,215.4
99242,101407,101441,2165,34,1,600,64.6764705882
99251,100332,103584,1081,3252,2,7200,1.33241082411
99304,101453,101465,2149,12,1,600,180.083333333
99367,101489,101501,2122,12,1,600,177.833333333
99368,101513,101522,2145,9,1,600,215.4
99369,101534,101537,2165,3,1,600,216.8
99431,101549,101552,2118,3,1,600,212.1
99432,101564,101576,2132,12,1,600,178.666666667
99433,101588,101601,2155,13,1,600,166.769230769
99495,101612,101621,2117,9,1,600,212.6
99496,101633,101645,2137,12,1,600,179.083333333
99497,101663,101666,2166,3,1,600,216.9
99498,100337,103430,839,3093,2,7200,1.27125767863
99559,101684,101686,2125,2,1,600,212.7
99560,101698,101710,2138,12,1,600,179.166666667
99562,101722,101724,2160,2,1,600,216.2
99623,101736,101748,2113,12,1,600,177.083333333
99624,101766,101769,2142,3,1,600,214.5
99627,101792,101793,2165,1,1,600,216.6
99629,101806,101807,2177,1,1,600,217.8
99690,101819,101822,2129,3,1,600,213.2
99691,101834,101842,2143,8,1,600,215.1
99744,100342,103484,598,3142,2,7200,1.19032463399
99753,101854,101866,2101,12,1,600,176.083333333
99754,101882,101893,2128,11,1,600,194.454545455
99755,101915,101917,2160,2,1,600,216.2
99781,100348,103344,567,2996,2,7200,1.18925233645
99817,101929,101932,2112,3,1,600,211.5
99818,101944,101947,2126,3,1,600,212.9
99819,101959,101971,2140,12,1,600,179.333333333
99821,101982,101995,2161,13,1,600,167.230769231
99851,100355,103476,504,3121,2,7200,1.16148670298
99882,102007,102010,2125,3,1,600,212.8
99943,102022,102025,2079,3,1,600,208.2
99945,102037,102040,2092,3,1,600,209.5
99946,102058,102070,2112,12,1,600,177.0
99947,102083,102091,2136,8,1,600,214.4
100010,102115,102121,2105,6,1,600,211.1
100011,102133,102145,2122,12,1,600,177.833333333
100072,102157,102160,2085,3,1,600,208.8
100074,102173,102185,2099,12,1,600,175.916666667
100075,102197,102200,2122,3,1,600,212.5
100076,102212,102214,2136,2,1,600,213.8
100094,100366,103577,272,3211,2,7200,1.08470881345
100138,102227,102228,2089,1,1,600,209.0
100139,102241,102244,2102,3,1,600,210.5
100195,100438,103453,243,3015,2,7200,1.08059701493
100202,102271,102273,2069,2,1,600,207.1
100203,102285,102288,2082,3,1,600,208.5
100211,100444,103534,233,3090,2,7200,1.07540453074
100227,100523,103350,296,2827,2,7200,1.10470463389
100228,100587,103409,359,2822,2,7200,1.12721474132
100230,100594,103516,364,2922,2,7200,1.12457221081
100257,100626,103451,369,2825,2,7200,1.13061946903
100264,102306,102309,2042,3,1,600,204.5
100288,100638,103958,350,3320,2,7200,1.10542168675
100313,100884,103997,571,3113,2,7200,1.1834243495
100326,102321,102330,1995,9,1,600,200.4
100328,102359,102361,2031,2,1,600,203.3
100356,100918,104170,562,3252,2,7200,1.17281672817
100390,102374,102376,1984,2,1,600,198.6
100427,100937,104223,510,3286,2,7200,1.15520389531
100428,101033,104398,605,3365,2,7200,1.17979197623
100451,102389,102398,1938,9,1,600,194.7
100452,102410,102413,1958,3,1,600,196.1
100454,102425,102457,1971,32,1,600,62.59375
100514,101041,104014,527,2973,2,7200,1.17726202489
100515,102469,102481,1954,12,1,600,163.833333333
100517,102506,102508,1989,2,1,600,199.1
100578,101093,104249,515,3156,2,7200,1.16318124208
100579,102520,102532,1941,12,1,600,162.75
100580,102544,102559,1964,15,1,600,131.933333333
100581,102571,102584,1990,13,1,600,154.076923077
100583,102596,102629,2013,33,1,600,62.0
100593,101121,104332,528,3211,2,7200,1.16443475553
100618,101152,104369,534,3217,2,7200,1.16599316133
100633,101172,104353,539,3181,2,7200,1.1694435712
100644,102646,102649,2002,3,1,600,200.5
100645,102661,102673,2016,12,1,600,169.0
100707,102691,102702,1984,11,1,600,181.363636364
100708,102714,102747,2006,33,1,600,61.7878787879
100711,102772,102784,2061,12,1,600,172.75
100772,102797,102811,2025,14,1,600,145.642857143
100773,102824,102836,2051,12,1,600,171.916666667
100775,102848,102850,2073,2,1,600,207.5
100839,102887,102899,2048,12,1,600,171.666666667
100840,102912,102913,2072,1,1,600,207.3
100871,101234,103994,363,2760,2,7200,1.13152173913
100901,102931,102933,2030,2,1,600,203.2
100903,102946,102960,2043,14,1,600,146.928571429
100904,102972,103007,2068,35,1,600,60.0857142857
100909,101255,104254,346,2999,2,7200,1.1153717906
100927,101307,104519,380,3212,2,7200,1.11830635118
100965,103019,103022,2054,3,1,600,205.7
100967,103034,103048,2067,14,1,600,148.642857143
101022,101354,104568,332,3214,2,7200,1.10329807094
101028,103061,103095,2033,34,1,600,60.7941176471
101029,103107,103119,2078,12,1,600,174.166666667
101031,103134,103140,2103,6,1,600,210.9
101037,101443,104642,406,3199,2,7200,1.12691466083
101080,101468,104245,388,2777,2,7200,1.13971912135
101094,103166,103174,2072,8,1,600,208.0
101095,103186,103188,2091,2,1,600,209.3
101111,101495,104354,384,2859,2,7200,1.13431269675
101136,101501,104548,365,3047,2,7200,1.11978995734
101156,103200,103201,2044,1,1,600,204.5
101159,103226,103229,2067,3,1,600,207.0
101160,103245,103248,2085,3,1,600,208.8
101164,101540,104482,376,2942,2,7200,1.12780421482
101222,103261,103276,2039,15,1,600,136.933333333
101223,103292,103295,2069,3,1,600,207.2
101224,103307,103320,2083,13,1,600,161.230769231
101225,101595,104476,370,2881,2,7200,1.1284276293
101244,101655,104823,411,3168,2,7200,1.12973484848
101286,103332,103345,2046,13,1,600,158.384615385
101296,101669,104966,373,3297,2,7200,1.11313315135
101339,101758,105014,419,3256,2,7200,1.12868550369
101349,103381,103394,2032,13,1,600,157.307692308
101350,103405,103409,2055,4,1,600,205.9
101351,103425,103429,2074,4,1,600,207.8
101413,103441,103453,2028,12,1,600,170.0
101414,103477,103480,2063,3,1,600,206.6
101415,103495,103526,2080,31,1,600,68.0967741935
101433,101799,104874,366,3075,2,7200,1.11902439024
101458,101842,104918,384,3076,2,7200,1.12483745124
101478,103553,103565,2075,12,1,600,173.916666667
101479,103580,103592,2101,12,1,600,176.083333333
101483,101874,104944,391,3070,2,7200,1.12736156352
101484,101902,105021,418,3119,2,7200,1.13401731324
101531,101909,104996,378,3087,2,7200,1.12244897959
101543,103630,103632,2087,2,1,600,208.9
101544,103644,103659,2100,15,1,600,141.0
101583,101997,104974,414,2977,2,7200,1.139066174
101606,103671,103675,2065,4,1,600,206.9
101647,102043,105334,396,3291,2,7200,1.12032816773
101662,102122,105406,460,3284,2,7200,1.14007308161
101670,103715,103753,2045,38,1,600,54.8157894737
101671,103765,103767,2094,2,1,600,209.6
101672,103779,103818,2107,39,1,600,55.0256410256
101734,103830,103834,2096,4,1,600,210.0
101735,103846,103849,2111,3,1,600,211.4
101736,103861,103873,2125,12,1,600,178.083333333
101748,102143,105267,395,3124,2,7200,1.12644046095
101788,102181,105318,393,3137,2,7200,1.12527892891
101798,103885,103918,2087,33,1,600,64.2424242424
101799,103929,103932,2130,3,1,600,213.3
101800,103944,103947,2144,3,1,600,214.7
101802,103958,103972,2156,14,1,600,155.0
101831,102233,105527,402,3294,2,7200,1.12204007286
101863,103984,103996,2121,12,1,600,177.75
101864,104018,104019,2154,1,1,600,215.5
101865,102294,105414,429,3120,2,7200,1.1375
101866,104033,104036,2167,3,1,600,217.0
101892,102683,105794,791,3111,2,7200,1.25425908068
101908,102697,105982,789,3285,2,7200,1.2401826484
101927,104048,104065,2121,17,1,600,125.764705882
101928,104077,104089,2149,12,1,600,180.083333333
101930,104101,104103,2171,2,1,600,217.3
101987,103006,106167,1019,3161,2,7200,1.32236633977
101991,104116,104128,2125,12,1,600,178.083333333
101992,104140,104152,2148,12,1,600,180.0
102027,103119,106031,1092,2912,2,7200,1.375
102055,104176,104190,2121,14,1,600,152.5
102056,104202,104205,2146,3,1,600,214.9
102058,104217,104220,2159,3,1,600,216.2
102059,104232,104244,2173,12,1,600,182.083333333
102113,103126,106091,1013,2965,2,7200,1.34165261383
102120,104256,104259,2136,3,1,600,213.9
102121,104281,104284,2160,3,1,600,216.3
102123,104296,104297,2173,1,1,600,217.4
102135,103159,106510,1024,3351,2,7200,1.30558042375
102172,103237,106316,1065,3079,2,7200,1.34589152322
102184,104309,104326,2125,17,1,600,126.0
102185,104338,104353,2153,15,1,600,144.533333333
102187,104381,104389,2194,8,1,600,220.2
102224,103298,106337,1074,3039,2,7200,1.35340572557
102248,104401,104413,2153,12,1,600,180.416666667
102249,104425,104432,2176,7,1,600,218.3
102251,104444,104448,2193,4,1,600,219.7
102252,104460,104463,2208,3,1,600,221.1
102253,104475,104487,2222,12,1,600,186.166666667
102285,103354,106517,1069,3163,2,7200,1.33797028138
102315,104502,104513,2187,11,1,600,199.818181818
102316,104525,104529,2209,4,1,600,221.3
102318,104554,104563,2236,9,1,600,224.5
102380,104575,104578,2195,3,1,600,219.8
102381,104596,104608,2215,12,1,600,185.583333333
102383,104620,104626,2237,6,1,600,224.3
102384,104641,104645,2257,4,1,600,226.1
102445,104662,104671,2217,9,1,600,222.6
102446,104683,104686,2237,3,1,600,224.0
102508,104698,104699,2190,1,1,600,219.1
102509,104711,104723,2202,12,1,600,184.5
102510,104735,104736,2225,1,1,600,222.6
102572,104748,104760,2176,12,1,600,182.333333333
102573,104772,104802,2199,30,1,600,74.3
102636,104827,104831,2191,4,1,600,219.5
102637,104843,104855,2206,12,1,600,184.833333333
102675,103361,106345,686,2984,2,7200,1.22989276139
102690,103373,106595,683,3222,2,7200,1.21198013656
102699,104867,104869,2168,2,1,600,217.0
102700,104882,104892,2182,10,1,600,219.2
102761,104904,104916,2143,12,1,600,179.583333333
102763,104928,104931,2165,3,1,600,216.8
102825,104961,104962,2136,1,1,600,213.7
102827,104974,104977,2147,3,1,600,215.0
102888,104995,105007,2107,12,1,600,176.583333333
102889,105019,105031,2130,12,1,600,178.5
102892,105058,105070,2166,12,1,600,181.5
102956,105109,105117,2153,8,1,600,216.1
102994,103420,106592,426,3172,2,7200,1.1343001261
103018,105130,105133,2112,3,1,600,211.5
103019,105145,105146,2126,1,1,600,212.7
103081,105158,105161,2077,3,1,600,208.0
103082,105178,105183,2096,5,1,600,210.1
103110,103447,106496,337,3049,2,7200,1.11052804198
103125,103453,106555,328,3102,2,7200,1.1057382334
103143,105195,105207,2052,12,1,600,172.0
103145,105220,105235,2075,15,1,600,139.333333333
103146,105248,105260,2102,12,1,600,176.166666667
103150,103459,106631,309,3172,2,7200,1.0974148802
103207,105272,105284,2065,12,1,600,173.083333333
103209,105297,105310,2088,13,1,600,161.615384615
103210,105322,105324,2112,2,1,600,211.4
103211,105338,105347,2127,9,1,600,213.6
103229,103466,106397,237,2931,2,7200,1.08085977482
103273,105359,105371,2086,12,1,600,174.833333333
103274,105383,105385,2109,2,1,600,211.1
103275,105397,105409,2122,12,1,600,177.833333333
103290,103472,106583,182,3111,2,7200,1.05850208936
103337,105425,105439,2088,14,1,600,150.142857143
103338,105452,105465,2114,13,1,600,163.615384615
103339,105477,105480,2138,3,1,600,214.1
103346,103487,106469,141,2982,2,7200,1.04728370221
103347,103501,106633,154,3132,2,7200,1.04916985951
103362,103527,106344,165,2817,2,7200,1.05857294995
103401,105492,105495,2091,3,1,600,209.4
103402,105507,105509,2105,2,1,600,210.7
103403,105521,105533,2118,12,1,600,177.5
103411,103545,106632,134,3087,2,7200,1.04340783933
103433,103565,106378,132,2813,2,7200,1.04692499111
103435,103572,106646,137,3074,2,7200,1.04456733897
103451,103588,106498,137,2910,2,7200,1.0470790378
103452,103595,106629,143,3034,2,7200,1.04713249835
103465,105546,105558,2081,12,1,600,174.416666667
103467,105582,105614,2115,32,1,600,67.09375
103468,103683,106666,215,2983,2,7200,1.07207509219
103483,103969,107087,486,3118,2,7200,1.15586914689
103485,104005,107036,520,3031,2,7200,1.17156054108
103516,104013,107056,497,3043,2,7200,1.16332566546
103529,105626,105628,2097,2,1,600,209.9
103534,104025,107212,491,3187,2,7200,1.15406338249
103553,104182,107353,629,3171,2,7200,1.19836013876
103569,104238,107321,669,3083,2,7200,1.21699643205
103585,104262,107457,677,3195,2,7200,1.21189358372
103586,104268,107207,682,2939,2,7200,1.23205171827
103590,105640,105652,2050,12,1,600,171.833333333
103591,105664,105676,2073,12,1,600,173.75
103593,105688,105700,2095,12,1,600,175.583333333
103654,105711,105719,2057,8,1,600,206.5
103655,105735,105747,2080,12,1,600,174.333333333
103657,105760,105772,2103,12,1,600,176.25
103658,105788,105797,2130,9,1,600,213.9
103671,104275,107224,604,2949,2,7200,1.20481519159
103719,105813,105815,2094,2,1,600,209.6
103721,105828,105833,2107,5,1,600,211.2
103722,105845,105857,2123,12,1,600,177.916666667
103723,105869,105872,2146,3,1,600,214.9
103786,105901,105914,2115,13,1,600,163.692307692
103847,105926,105934,2079,8,1,600,208.7
103848,105945,105958,2097,13,1,600,162.307692308
103910,105971,105973,2061,2,1,600,206.3
103911,105985,105986,2074,1,1,600,207.5
103958,104344,107500,386,3156,2,7200,1.12230671736
103972,106006,106010,2034,4,1,600,203.8
103974,106022,106032,2048,10,1,600,205.8
103996,104363,107466,367,3103,2,7200,1.11827263938
104011,104376,107583,365,3207,2,7200,1.1138135329
104027,104388,107236,361,2848,2,7200,1.12675561798
104036,106061,106063,2025,2,1,600,202.7
104038,106075,106089,2037,14,1,600,146.5
104039,106101,106104,2062,3,1,600,206.5
104100,106116,106120,2016,4,1,600,202.0
104102,106132,106144,2030,12,1,600,170.166666667
104164,106168,106180,2004,12,1,600,168.0
104166,106196,106199,2030,3,1,600,203.3
104167,106211,106215,2044,4,1,600,204.8
104173,104409,107616,236,3207,2,7200,1.07358902401
104225,104488,107570,263,3082,2,7200,1.08533419857
104228,106227,106229,1999,2,1,600,200.1
104229,106246,106249,2017,3,1,600,202.0
104231,106261,106263,2030,2,1,600,203.2
104232,106276,106289,2044,13,1,600,158.230769231
104247,104494,107548,247,3054,2,7200,1.08087753766
104263,104531,107320,268,2789,2,7200,1.09609178917
104264,104562,107870,298,3308,2,7200,1.09008464329
104293,106301,106314,2008,13,1,600,155.461538462
104295,106325,106326,2030,1,1,600,203.1
104296,106339,106352,2043,13,1,600,158.153846154
104334,104581,107964,247,3383,2,7200,1.07301211942
104356,104655,107627,299,2972,2,7200,1.10060565276
104357,104835,108035,478,3200,2,7200,1.149375
104357,106373,106386,2016,13,1,600,156.076923077
104359,106398,106429,2039,31,1,600,66.7741935484
104360,106441,106456,2081,15,1,600,139.733333333
104373,104888,107962,515,3074,2,7200,1.16753415745
104401,104935,108095,534,3160,2,7200,1.16898734177
104421,106468,106480,2047,12,1,600,171.583333333
104423,106493,106495,2070,2,1,600,207.2
104477,104955,108269,478,3314,2,7200,1.14423657212
104484,106507,106518,2023,11,1,600,184.909090909
104486,106545,106547,2059,2,1,600,206.1
104493,104980,108093,487,3113,2,7200,1.15644073241
104521,104988,108056,467,3068,2,7200,1.15221642764
104548,105011,108198,463,3187,2,7200,1.14527769062
104548,106575,106591,2027,16,1,600,127.6875
104550,106603,106615,2053,12,1,600,172.083333333
104551,106626,106638,2075,12,1,600,173.916666667
104552,106671,106674,2119,3,1,600,212.2
104570,105025,108108,455,3083,2,7200,1.14758352254
104615,106699,106712,2084,13,1,600,161.307692308
104616,106724,106727,2108,3,1,600,211.1
104644,105037,108037,393,3000,2,7200,1.131
104678,106738,106742,2060,4,1,600,206.4
104679,106754,106757,2075,3,1,600,207.8
104680,106769,106772,2089,3,1,600,209.2
104742,106784,106792,2042,8,1,600,205.0
104743,106805,106819,2062,14,1,600,148.285714286
104745,106832,106835,2087,3,1,600,209.0
104807,106859,106871,2052,12,1,600,172.0
104824,105278,108468,454,3190,2,7200,1.14231974922
104870,106896,106930,2026,34,1,600,60.5882352941
104871,106943,106951,2072,8,1,600,208.0
104873,106963,106975,2090,12,1,600,175.166666667
104876,105330,108669,454,3339,2,7200,1.13596885295
104919,105346,108614,427,3268,2,7200,1.13066095471
104934,106987,106989,2053,2,1,600,205.5
104935,107001,107013,2066,12,1,600,173.166666667
104937,107026,107038,2089,12,1,600,175.083333333
104938,107056,107072,2118,16,1,600,133.375
104944,105417,108477,473,3060,2,7200,1.1545751634
104969,105431,108350,462,2919,2,7200,1.15827338129
104984,105538,108479,554,2941,2,7200,1.18837130228
105000,107085,107087,2085,2,1,600,208.7
105000,105805,109181,805,3376,2,7200,1.2384478673
105001,107105,107118,2104,13,1,600,162.846153846
105015,105993,108965,978,2972,2,7200,1.32907133244
105030,106043,109110,1013,3067,2,7200,1.33029018585
105064,107142,107147,2078,5,1,600,208.3
105065,107159,107171,2094,12,1,600,175.5
105066,107182,107185,2116,3,1,600,211.9
105128,107197,107207,2069,10,1,600,207.9
105129,107224,107232,2095,8,1,600,210.3
105130,107245,107247,2115,2,1,600,211.7
105132,107259,107272,2127,13,1,600,164.615384615
105193,107284,107296,2091,12,1,600,175.25
105194,107308,107312,2114,4,1,600,211.8
105195,107324,107326,2129,2,1,600,213.1
105197,107345,107354,2148,9,1,600,215.7
105258,107372,107375,2114,3,1,600,211.7
105259,107388,107389,2129,1,1,600,213.0
105267,106107,109117,840,3010,2,7200,1.27906976744
105319,106181,109275,862,3094,2,7200,1.27860374919
105321,107401,107415,2080,14,1,600,149.571428571
105322,107428,107431,2106,3,1,600,210.9
105323,107443,107455,2120,12,1,600,177.666666667
105335,106331,109474,996,3143,2,7200,1.31689468661
105385,107468,107471,2083,3,1,600,208.6
105386,107489,107501,2103,12,1,600,176.25
105387,107519,107520,2132,1,1,600,213.3
105409,106348,109294,939,2946,2,7200,1.31873727088
105424,106360,109376,936,3016,2,7200,1.31034482759
105449,107532,107536,2083,4,1,600,208.7
105450,107548,107560,2098,12,1,600,175.833333333
105451,107572,107574,2121,2,1,600,212.3
105513,107589,107597,2076,8,1,600,208.4
105516,107635,107636,2119,1,1,600,212.0
105528,106367,109221,839,2854,2,7200,1.29397337071
105578,107649,107685,2071,36,1,600,58.5277777778
105579,107697,107732,2118,35,1,600,61.5142857143
105580,107744,107756,2164,12,1,600,181.333333333
105642,107769,107772,2127,3,1,600,213.0
105643,107784,107796,2141,12,1,600,179.416666667
105705,107808,107823,2103,15,1,600,141.2
105706,107835,107847,2129,12,1,600,178.416666667
105707,107859,107862,2152,3,1,600,215.5
105768,107875,107888,2107,13,1,600,163.076923077
105770,107901,107913,2131,12,1,600,178.583333333
105796,106390,109354,594,2964,2,7200,1.2004048583
105831,107925,107937,2094,12,1,600,175.5
105832,107949,107963,2117,14,1,600,152.214285714
105834,107980,107992,2146,12,1,600,179.833333333
105896,108016,108028,2120,12,1,600,177.666666667
105898,108040,108044,2142,4,1,600,214.6
105899,108061,108073,2162,12,1,600,181.166666667
105960,108086,108123,2126,37,1,600,58.4594594595
105962,108135,108138,2173,3,1,600,217.6
105983,106409,109644,426,3235,2,7200,1.13168469861
106023,108150,108162,2127,12,1,600,178.25
106024,108174,108185,2150,11,1,600,196.454545455
106026,108198,108200,2172,2,1,600,217.4
106027,108217,108250,2190,33,1,600,67.3636363636
106033,106480,109614,447,3134,2,7200,1.14262922782
106088,108262,108265,2174,3,1,600,217.7
106090,108278,108279,2188,1,1,600,218.9
106091,106513,109600,422,3087,2,7200,1.13670229997
106091,108292,108293,2201,1,1,600,220.2
106152,108305,108307,2153,2,1,600,215.5
106154,108320,108323,2166,3,1,600,216.9
106155,108335,108337,2180,2,1,600,218.2
106156,108349,108361,2193,12,1,600,183.75
106168,106519,109293,351,2774,2,7200,1.12653208363
106218,108373,108385,2155,12,1,600,180.583333333
106219,108397,108413,2178,16,1,600,137.125
106220,108425,108437,2205,12,1,600,184.75
106222,108450,108453,2228,3,1,600,223.1
106283,108465,108467,2182,2,1,600,218.4
106285,108485,108525,2200,40,1,600,56.0
106286,108538,108540,2252,2,1,600,225.4
106318,106531,109464,213,2933,2,7200,1.07262188885
106339,106539,109604,200,3065,2,7200,1.06525285481
106347,108552,108587,2205,35,1,600,64.0
106349,108599,108603,2250,4,1,600,225.4
106350,108615,108627,2265,12,1,600,189.75
106355,106568,109807,213,3239,2,7200,1.06576103736
106356,106595,109540,239,2945,2,7200,1.08115449915
106379,106609,109770,230,3161,2,7200,1.07276178425
106398,106615,109851,217,3236,2,7200,1.06705809642
106411,108639,108642,2228,3,1,600,223.1
106413,108654,108667,2241,13,1,600,173.384615385
106471,106640,109469,169,2829,2,7200,1.05973842347
106474,108679,108692,2205,13,1,600,170.615384615
106476,108704,108716,2228,12,1,600,186.666666667
106496,106647,109867,151,3220,2,7200,1.04689440994
106497,106653,109608,156,2955,2,7200,1.05279187817
106513,106658,109482,145,2824,2,7200,1.05134560907
106528,106665,109618,137,2953,2,7200,1.04639349814
106537,108728,108735,2191,7,1,600,219.8
106538,108747,108759,2209,12,1,600,185.083333333
106540,108771,108778,2231,7,1,600,223.8
106556,106677,109866,121,3189,2,7200,1.03794292882
106584,107048,110163,464,3115,2,7200,1.14895666132
106600,107067,110043,467,2976,2,7200,1.15692204301
106601,108790,108802,2189,12,1,600,183.416666667
106601,107100,110325,499,3225,2,7200,1.15472868217
106603,108814,108823,2211,9,1,600,222.0
106629,107218,110515,589,3297,2,7200,1.17864725508
106646,107230,110296,584,3066,2,7200,1.19047619048
106647,107237,110467,590,3230,2,7200,1.1826625387
106649,107251,110521,602,3270,2,7200,1.18409785933
106650,107332,110267,682,2935,2,7200,1.23236797274
106665,108848,108880,2183,32,1,600,69.21875
106667,108892,108893,2225,1,1,600,222.6
106669,107337,110257,668,2920,2,7200,1.22876712329
106728,108905,108917,2177,12,1,600,182.416666667
106729,108929,108933,2200,4,1,600,220.4
106792,108961,108969,2169,8,1,600,217.7
106793,108989,109001,2196,12,1,600,184.0
106795,109013,109025,2218,12,1,600,185.833333333
106796,109038,109041,2242,3,1,600,224.5
106858,109053,109070,2195,17,1,600,130.117647059
106859,109082,109095,2223,13,1,600,172.0
106860,109112,109114,2252,2,1,600,225.4
106861,109134,109135,2273,1,1,600,227.4
106923,109147,109149,2224,2,1,600,222.6
106985,109180,109184,2195,4,1,600,219.9
106988,109214,109216,2226,2,1,600,222.8
107038,107364,110358,326,2994,2,7200,1.10888443554
107049,109228,109231,2179,3,1,600,218.2
107051,109244,109246,2193,2,1,600,219.5
107052,109259,109262,2207,3,1,600,221.0
107056,107474,110473,418,2999,2,7200,1.13937979326
107090,107481,110767,391,3286,2,7200,1.11898965307
107113,109274,109282,2161,8,1,600,216.9
107115,109295,109298,2180,3,1,600,218.3
107176,109317,109318,2141,1,1,600,214.2
107177,109330,109337,2153,7,1,600,216.0
107178,109350,109351,2172,1,1,600,217.3
107209,107511,110707,302,3196,2,7200,1.0944931164
107225,107559,110727,334,3168,2,7200,1.10542929293
107226,107581,110400,355,2819,2,7200,1.12593118127
107241,109378,109382,2137,4,1,600,214.1
107242,109395,109398,2153,3,1,600,215.6
107242,107595,110652,353,3057,2,7200,1.11547268564
107244,109410,109422,2166,12,1,600,181.5
107305,109435,109447,2130,12,1,600,178.5
107306,109459,109473,2153,14,1,600,154.785714286
107308,109505,109509,2197,4,1,600,220.1
107321,107628,110668,307,3040,2,7200,1.10098684211
107322,107641,110969,319,3328,2,7200,1.09585336538
107350,107881,110905,531,3024,2,7200,1.1755952381
107369,109521,109537,2152,16,1,600,135.5
107370,109548,109585,2178,37,1,600,59.8648648649
107433,109617,109620,2184,3,1,600,218.7
107434,109647,109649,2213,2,1,600,221.5
107457,107974,110951,517,2977,2,7200,1.17366476318
107472,107986,111131,514,3145,2,7200,1.16343402226
107498,109687,109700,2189,13,1,600,169.384615385
107500,109713,109725,2213,12,1,600,185.416666667
107503,108046,110993,543,2947,2,7200,1.18425517475
107549,108053,111251,504,3198,2,7200,1.15759849906
107561,109737,109741,2176,4,1,600,218.0
107562,109753,109765,2191,12,1,600,183.583333333
107564,109777,109785,2213,8,1,600,222.1
107571,108067,111060,496,2993,2,7200,1.16572001336
107587,108104,111058,517,2954,2,7200,1.1750169262
107617,108112,110974,495,2862,2,7200,1.17295597484
107626,109810,109822,2184,12,1,600,183.0
107628,109834,109837,2206,3,1,600,220.9
107629,109849,109862,2220,13,1,600,171.769230769
107630,109874,109877,2244,3,1,600,224.7
107633,108120,111406,487,3286,2,7200,1.14820450396
107692,109894,109906,2202,12,1,600,184.5
107693,109918,109930,2225,12,1,600,186.416666667
107754,109943,109955,2189,12,1,600,183.416666667
107816,109968,109982,2152,14,1,600,154.714285714
107817,109994,109997,2177,3,1,600,218.0
107870,108209,111277,339,3068,2,7200,1.11049543677
107880,110022,110034,2142,12,1,600,179.5
107881,110046,110058,2165,12,1,600,181.416666667
107882,110070,110072,2188,2,1,600,219.0
107943,110085,110088,2142,3,1,600,214.5
107945,110100,110117,2155,17,1,600,127.764705882
107946,110130,110138,2184,8,1,600,219.2
107962,108284,111657,322,3373,2,7200,1.09546397865
107978,108362,111445,384,3083,2,7200,1.12455400584
108007,110150,110181,2143,31,1,600,70.1290322581
108009,110193,110196,2184,3,1,600,218.7
108010,110208,110211,2198,3,1,600,220.1
108036,108480,111706,444,3226,2,7200,1.1376317421
108038,108492,111239,454,2747,2,7200,1.16527120495
108060,108497,111637,437,3140,2,7200,1.13917197452
108072,110222,110236,2150,14,1,600,154.571428571
108073,110248,110251,2175,3,1,600,217.8
108094,108625,111645,531,3020,2,7200,1.17582781457
108110,108685,111882,575,3197,2,7200,1.17985611511
108111,108977,112247,866,3270,2,7200,1.26483180428
108134,110263,110265,2129,2,1,600,213.1
108136,110277,110280,2141,3,1,600,214.4
108197,110293,110307,2096,14,1,600,150.714285714
108198,110320,110332,2122,12,1,600,177.833333333
108199,109121,112194,922,3073,2,7200,1.30003254149
108200,110345,110357,2145,12,1,600,179.75
108261,110375,110385,2114,10,1,600,212.4
108263,110398,110410,2135,12,1,600,178.916666667
108273,109129,112324,856,3195,2,7200,1.26791862285
108324,110422,110434,2098,12,1,600,175.833333333
108325,110447,110460,2122,13,1,600,164.230769231
108327,110472,110484,2145,12,1,600,179.75
108329,110508,110515,2179,7,1,600,218.6
108349,109192,112301,843,3109,2,7200,1.27114827919
108391,110543,110546,2152,3,1,600,215.5
108392,110558,110571,2166,13,1,600,167.615384615
108393,110584,110594,2191,10,1,600,220.1
108455,110606,110618,2151,12,1,600,180.25
108456,110630,110637,2174,7,1,600,218.1
108468,109235,112290,767,3055,2,7200,1.25106382979
108484,109287,112477,803,3190,2,7200,1.25172413793
108486,109304,112479,818,3175,2,7200,1.25763779528
108519,110661,110674,2142,13,1,600,165.769230769
108580,110688,110696,2108,8,1,600,211.6
108582,110709,110712,2127,3,1,600,213.0
108614,109312,112334,698,3022,2,7200,1.23097286565
108643,110727,110739,2084,12,1,600,174.666666667
108644,110752,110754,2108,2,1,600,211.0
108646,110766,110801,2120,35,1,600,61.5714285714
108669,109370,112956,701,3586,2,7200,1.19548243168
108707,110813,110825,2106,12,1,600,176.5
108708,110837,110849,2129,12,1,600,178.416666667
108710,110861,110864,2151,3,1,600,215.4
108771,110876,110877,2105,1,1,600,210.6
108774,110901,110916,2127,15,1,600,142.8
108835,110928,110940,2093,12,1,600,175.416666667
108836,110953,110968,2117,15,1,600,142.133333333
108899,113717,113720,4818,3,1,600,482.1
108900,113735,113738,4835,3,1,600,483.8
108902,113750,113756,4848,6,1,600,485.4
108963,113768,113808,4805,40,1,600,121.125
108964,113820,113823,4856,3,1,600,485.9
108966,113835,113836,4869,1,1,600,487.0
108968,109387,112756,419,3369,2,7200,1.12436924904
109028,113865,113866,4837,1,1,600,483.8
109090,113878,113893,4788,15,1,600,320.2
109091,113905,113906,4814,1,1,600,481.5
109092,113918,113921,4826,3,1,600,482.9
109111,109475,112675,364,3200,2,7200,1.11375
109126,109488,112692,362,3204,2,7200,1.11298377029
109154,113933,113945,4779,12,1,600,399.25
109155,113959,113971,4804,12,1,600,401.333333333
109156,113984,113986,4828,2,1,600,483.0
109158,113998,114013,4840,15,1,600,323.666666667
109185,109494,112533,309,3039,2,7200,1.10167818361
109219,114025,114037,4806,12,1,600,401.5
109220,114052,114091,4832,39,1,600,124.897435897
109221,109500,112465,279,2965,2,7200,1.09409780776
109222,114104,114116,4882,12,1,600,407.833333333
109223,114128,114143,4905,15,1,600,328.0
109276,109554,112671,278,3117,2,7200,1.0891883221
109284,114155,114167,4871,12,1,600,406.916666667
109286,114184,114186,4898,2,1,600,490.0
109287,114199,114212,4912,13,1,600,378.846153846
109288,114224,114229,4936,5,1,600,494.1
109295,109611,112768,316,3157,2,7200,1.10009502692
109297,109623,112614,326,2991,2,7200,1.10899364761
109350,114242,114244,4892,2,1,600,489.4
109351,114256,114259,4905,3,1,600,490.8
109352,114279,114291,4927,12,1,600,411.583333333
109355,109629,112782,274,3153,2,7200,1.08690136378
109376,109636,112724,260,3088,2,7200,1.08419689119
109414,114309,114315,4895,6,1,600,490.1
109416,114341,114353,4925,12,1,600,411.416666667
109417,114365,114403,4948,38,1,600,131.210526316
109465,109641,113025,176,3384,2,7200,1.05200945626
109479,114415,114423,4936,8,1,600,494.4
109480,114436,114448,4956,12,1,600,414.0
109481,109655,112607,174,2952,2,7200,1.05894308943
109482,109783,112628,301,2845,2,7200,1.10579964851
109483,109818,113143,335,3325,2,7200,1.1007518797
109542,109862,112865,320,3003,2,7200,1.10656010656
109543,114472,114474,4929,2,1,600,493.1
109544,114486,114505,4942,19,1,600,261.105263158
109600,109881,112913,281,3032,2,7200,1.09267810026
109605,114517,114519,4912,2,1,600,491.4
109607,114533,114545,4926,12,1,600,411.5
109617,109886,112990,269,3104,2,7200,1.08666237113
109618,110055,112961,437,2906,2,7200,1.15037852719
109619,110175,113421,556,3246,2,7200,1.17128773876
109635,110270,113321,635,3051,2,7200,1.20812848246
109650,110284,113578,634,3294,2,7200,1.19247115968
109668,114558,114570,4890,12,1,600,408.5
109669,114583,114586,4914,3,1,600,491.7
109670,114599,114602,4929,3,1,600,493.2
109732,114615,114617,4883,2,1,600,488.5
109733,114633,114645,4900,12,1,600,409.333333333
109735,114657,114659,4922,2,1,600,492.4
109772,110307,113407,535,3100,2,7200,1.17258064516
109796,114672,114675,4876,3,1,600,487.9
109797,114687,114690,4890,3,1,600,489.3
109799,114703,114712,4904,9,1,600,491.3
109809,110338,113594,529,3256,2,7200,1.16246928747
109852,110369,113561,517,3192,2,7200,1.16196741855
109860,114724,114726,4864,2,1,600,486.6
109861,114744,114756,4883,12,1,600,407.916666667
109863,114773,114804,4910,31,1,600,159.387096774
109868,110411,113301,543,2890,2,7200,1.18788927336
109869,110479,113645,610,3166,2,7200,1.1926721415
109924,114816,114818,4892,2,1,600,489.4
109925,114830,114833,4905,3,1,600,490.8
109927,114847,114854,4920,7,1,600,492.7
109988,114866,114878,4878,12,1,600,407.5
109990,114890,114893,4900,3,1,600,490.3
109991,114905,114908,4914,3,1,600,491.7
110044,110486,113575,442,3089,2,7200,1.14308837812
110052,114962,114968,4910,6,1,600,491.6
110054,114997,114999,4943,2,1,600,494.5
110055,115026,115038,4971,12,1,600,415.25
110116,115032,115037,4916,5,1,600,492.1
110118,115037,115048,4919,11,1,600,448.181818182
110119,115042,115052,4923,10,1,600,493.3
110166,110533,113621,367,3088,2,7200,1.11884715026
110180,115048,115062,4868,14,1,600,348.714285714
110182,115053,115067,4871,14,1,600,348.928571429
110245,115081,115087,4836,6,1,600,484.2
110246,115086,115090,4840,4,1,600,484.4
110247,115099,115136,4852,37,1,600,132.135135135
110260,110538,113687,278,3149,2,7200,1.08828199428
110276,110668,113788,392,3120,2,7200,1.12564102564
110297,110681,113912,384,3231,2,7200,1.11884865367
110309,115104,115108,4795,4,1,600,479.9
110310,115109,115143,4799,34,1,600,142.147058824
110311,115114,115119,4803,5,1,600,480.8
110313,115121,115122,4808,1,1,600,480.9
110328,110719,113833,391,3114,2,7200,1.12556197816
110359,110738,113716,379,2978,2,7200,1.12726662189
110374,115127,115139,4753,12,1,600,397.083333333
110375,115133,115146,4758,13,1,600,367.0
110402,110778,114098,376,3320,2,7200,1.11325301205
110437,115139,115142,4702,3,1,600,470.5
110438,115147,115160,4709,13,1,600,363.230769231
110439,115154,115157,4715,3,1,600,471.8
110469,110916,113940,447,3024,2,7200,1.14781746032
110484,110987,114290,503,3303,2,7200,1.15228580079
110501,115166,115169,4665,3,1,600,466.8
110502,115174,115214,4672,40,1,600,117.8
110503,115179,115183,4676,4,1,600,468.0
110518,110992,114205,474,3213,2,7200,1.14752567694
110534,111010,114020,476,3010,2,7200,1.15813953488
110565,115226,115238,4661,12,1,600,389.416666667
110566,115250,115262,4684,12,1,600,391.333333333
110627,115274,115288,4647,14,1,600,332.928571429
110629,115305,115322,4676,17,1,600,276.058823529
110630,115334,115368,4704,34,1,600,139.352941176
110653,111071,114099,418,3028,2,7200,1.13804491413
110672,111078,114093,406,3015,2,7200,1.13466003317
110691,115380,115393,4689,13,1,600,361.692307692
110693,115404,115417,4711,13,1,600,363.384615385
110694,115428,115431,4734,3,1,600,473.7
110709,111263,114262,554,2999,2,7200,1.18472824275
110727,111289,114514,562,3225,2,7200,1.17426356589
110755,115445,115449,4690,4,1,600,469.4
110757,115461,115474,4704,13,1,600,362.846153846
110758,115485,115488,4727,3,1,600,473.0
110767,111418,114337,651,2919,2,7200,1.22302158273
110819,115499,115503,4680,4,1,600,468.4
110821,115514,115518,4693,4,1,600,469.7
110882,115529,115542,4647,13,1,600,358.461538462
110883,115553,115556,4670,3,1,600,467.3
110885,115570,115582,4685,12,1,600,391.416666667
110907,111457,114630,550,3173,2,7200,1.17333753546
110947,115605,115612,4658,7,1,600,466.5
110949,115624,115657,4675,33,1,600,142.666666667
110950,115668,115671,4718,3,1,600,472.1
110953,111650,114534,697,2884,2,7200,1.24167822469
110960,110979,132108,19,21129,1,86400,1.00089923801
110960,110968,130915,8,19947,1,86400,1.00040106282
110961,111142,132384,181,21242,1,86400,1.00852085491
110961,111004,132148,43,21144,1,86400,1.00203367386
110961,112259,132600,1298,20341,1,86400,1.06381200531
110961,112301,132685,1340,20384,1,86400,1.06573783359
110961,111148,131793,187,20645,1,86400,1.00905788326
110961,111256,133069,295,21813,1,86400,1.01352404529
110961,111250,132139,289,20889,1,86400,1.01383503279
110962,112319,132901,1357,20582,1,86400,1.06593139637
110962,112335,133343,1373,21008,1,86400,1.06535605484
110962,112307,132322,1345,20015,1,86400,1.0671996003
110962,112341,133020,1379,20679,1,86400,1.06668600996
110962,112313,132863,1351,20550,1,86400,1.06574209246
110963,112639,134287,1676,21648,1,86400,1.07742054693
110963,112495,133602,1532,21107,1,86400,1.07258255555
110963,112618,134002,1655,21384,1,86400,1.07739431351
110963,112631,134695,1668,22064,1,86400,1.07559825961
110963,112625,134851,1662,22226,1,86400,1.07477728786
110964,112695,115950,1731,3255,1,86400,1.53179723502
110964,112645,134586,1681,21941,1,86400,1.07661455722
110964,112703,115916,1739,3213,1,86400,1.54123871771
110964,112709,115957,1745,3248,1,86400,1.53725369458
110964,112689,139771,1725,27082,1,86400,1.06369544347
110965,112741,116057,1776,3316,1,86400,1.53558504222
110965,112735,115982,1770,3247,1,86400,1.54511857099
110972,111657,114753,685,3096,2,7200,1.22125322997
110987,111670,114862,683,3192,2,7200,1.21397243108
111002,111724,114931,722,3207,2,7200,1.22513252261
111011,115682,115686,4671,4,1,600,467.5
111061,111895,115022,834,3127,2,7200,1.26670930604
111062,112206,115287,1144,3081,2,7200,1.37130801688
111133,112348,115427,1215,3079,2,7200,1.39460863917
111242,112477,115550,1235,3073,2,7200,1.40188740644
111258,112489,115720,1231,3231,2,7200,1.38099659548
111279,112501,115628,1222,3127,2,7200,1.39078989447
111408,112545,115599,1137,3054,2,7200,1.37229862475
111448,112683,115731,1235,3048,2,7200,1.40518372703
111640,112767,115854,1127,3087,2,7200,1.36507936508
111655,112780,115800,1125,3020,2,7200,1.37251655629
111670,112793,115743,1123,2950,2,7200,1.3806779661
111707,112876,116082,1169,3206,2,7200,1.36462882096
111736,266435,267443,154699,1008,1,14400,154.471230159
111884,112924,115740,1040,2816,2,7200,1.36931818182
112194,112967,116039,773,3072,2,7200,1.25162760417
112249,112974,115976,725,3002,2,7200,1.24150566289
112292,113001,115918,709,2917,2,7200,1.24305793624
112307,113037,116189,730,3152,2,7200,1.23159898477
112326,113154,116369,828,3215,2,7200,1.25754276827
112341,113312,116339,971,3027,2,7200,1.32077964982
112466,113333,116336,867,3003,2,7200,1.28871128871
112482,113418,116737,936,3319,2,7200,1.28201265441
112483,113432,116354,949,2922,2,7200,1.32477754962
112536,113573,116905,1037,3332,2,7200,1.3112244898
112609,113586,116655,977,3069,2,7200,1.3183447377
112624,113593,116626,969,3033,2,7200,1.31948565776
112640,113606,116474,966,2868,2,7200,1.33682008368
112674,113634,116863,960,3229,2,7200,1.29730566739
112689,113656,116934,967,3278,2,7200,1.29499694936
112704,113698,116637,994,2939,2,7200,1.3382102756
112726,113727,116783,1001,3056,2,7200,1.32755235602
112757,113800,117007,1043,3207,2,7200,1.32522606798
112772,113845,116818,1073,2973,2,7200,1.36091490077
112788,113924,117205,1136,3281,2,7200,1.34623590369
112867,113951,117035,1084,3084,2,7200,1.35149156939
112916,114031,117252,1115,3221,2,7200,1.34616578702
112959,114110,117479,1151,3369,2,7200,1.34164440487
112975,114116,117214,1141,3098,2,7200,1.36830213041
112991,114121,117309,1130,3188,2,7200,1.35445420326
113029,114216,117333,1187,3117,2,7200,1.38081488611
113146,114273,117480,1127,3207,2,7200,1.35141877144
113302,114301,116934,999,2633,2,7200,1.37941511584
113323,114350,117480,1027,3130,2,7200,1.32811501597
113409,114526,117768,1117,3242,2,7200,1.34454040716
113424,114546,117729,1122,3183,2,7200,1.35249764373
113562,114641,117805,1079,3164,2,7200,1.34102402023
113577,114765,118023,1188,3258,2,7200,1.36464088398
113579,114874,117962,1295,3088,2,7200,1.41936528497
113598,114917,117873,1319,2956,2,7200,1.44621109608
113622,114922,117871,1300,2949,2,7200,1.44082739912
113647,114928,118077,1281,3149,2,7200,1.40679580819
113687,114933,118070,1246,3137,2,7200,1.39719477208
113717,115711,115714,1994,3,1,600,199.7
113718,114941,118022,1223,3081,2,7200,1.39694904252
113778,115726,115729,1948,3,1,600,195.1
113779,115746,115748,1967,2,1,600,196.9
113781,115961,115965,2180,4,1,600,218.4
113789,114946,117955,1157,3009,2,7200,1.38451312728
113834,114951,117986,1117,3035,2,7200,1.36803953871
113842,115998,116004,2156,6,1,600,216.2
113845,116027,116040,2182,13,1,600,168.846153846
113907,116068,116083,2161,15,1,600,145.066666667
113909,116074,116076,2165,2,1,600,216.7
113914,114956,117868,1042,2912,2,7200,1.35782967033
113942,114969,117843,1027,2874,2,7200,1.35734168406
113971,116101,116113,2130,12,1,600,178.5
113973,116106,116123,2133,17,1,600,126.470588235
114021,114974,118148,953,3174,2,7200,1.30025204789
114034,116124,116129,2090,5,1,600,209.5
114035,116135,116140,2100,5,1,600,210.5
114037,116141,116142,2104,1,1,600,210.5
114095,114979,118175,884,3196,2,7200,1.27659574468
114098,116152,116156,2054,4,1,600,205.8
114110,114984,117890,874,2906,2,7200,1.30075705437
114112,114990,117762,878,2772,2,7200,1.31673881674
114161,116170,116173,2009,3,1,600,201.2
114162,116177,116181,2015,4,1,600,201.9
114206,115003,118060,797,3057,2,7200,1.26071311744
114223,116184,116197,1961,13,1,600,151.846153846
114224,116193,116201,1969,8,1,600,197.7
114226,116208,116212,1982,4,1,600,198.6
114265,115009,117851,744,2842,2,7200,1.26178747361
114287,116215,116249,1928,34,1,600,57.7058823529
114288,116223,116226,1935,3,1,600,193.8
114289,115014,118278,725,3264,2,7200,1.22212009804
114338,115019,118207,681,3188,2,7200,1.21361355082
114351,116256,116268,1905,12,1,600,159.75
114352,116262,116265,1910,3,1,600,191.3
114354,116276,116288,1922,12,1,600,161.166666667
114415,116283,116296,1868,13,1,600,144.692307692
114416,116300,116314,1884,14,1,600,135.571428571
114478,116307,116328,1829,21,1,600,88.0952380952
114479,116326,116338,1847,12,1,600,154.916666667
114480,116339,116375,1859,36,1,600,52.6388888889
114482,116388,116392,1906,4,1,600,191.0
114515,115058,118114,543,3056,2,7200,1.17768324607
114536,115076,118209,540,3133,2,7200,1.17235876157
114543,116403,116406,1860,3,1,600,186.3
114544,116417,116421,1873,4,1,600,187.7
114606,116432,116446,1826,14,1,600,131.428571429
114607,116457,116469,1850,12,1,600,155.166666667
114608,116488,116497,1880,9,1,600,188.9
114610,116508,116521,1898,13,1,600,147.0
114631,115092,118004,461,2912,2,7200,1.15831043956
114671,116533,116544,1862,11,1,600,170.272727273
114672,116556,116564,1884,8,1,600,189.2
114674,116575,116578,1901,3,1,600,190.4
114735,116589,116602,1854,13,1,600,143.615384615
114736,116613,116623,1877,10,1,600,188.7
114738,116641,116645,1903,4,1,600,190.7
114739,116657,116661,1918,4,1,600,192.2
114756,115160,118215,404,3055,2,7200,1.13224222586
114800,116674,116676,1874,2,1,600,187.6
114862,116688,116691,1826,3,1,600,182.9
114863,116702,116715,1839,13,1,600,142.461538462
114863,115194,118310,331,3116,2,7200,1.10622593068
114864,116727,116738,1863,11,1,600,170.363636364
114865,116749,116750,1884,1,1,600,188.5
114927,116755,116767,1828,12,1,600,153.333333333
114928,116760,116761,1832,1,1,600,183.3
114929,116768,116780,1839,12,1,600,154.25
114934,115299,118394,365,3095,2,7200,1.11793214863
114991,116775,116784,1784,9,1,600,179.3
115024,115438,118587,414,3149,2,7200,1.13147030803
115052,116782,116784,1730,2,1,600,173.2
115054,116793,116805,1739,12,1,600,145.916666667
115056,116810,116813,1754,3,1,600,175.7
115119,116823,116827,1704,4,1,600,170.8
115120,116838,116839,1718,1,1,600,171.9
115122,116843,116846,1721,3,1,600,172.4
115123,116851,116863,1728,12,1,600,145.0
115125,116863,116875,1738,12,1,600,145.833333333
115127,116869,116876,1742,7,1,600,174.9
115128,116877,116880,1749,3,1,600,175.2
115190,116882,116886,1692,4,1,600,169.6
115191,116887,116902,1696,15,1,600,114.066666667
115193,116900,116908,1707,8,1,600,171.5
115195,116906,116908,1711,2,1,600,171.3
115196,116913,116916,1717,3,1,600,172.0
115197,116918,116927,1721,9,1,600,173.0
115199,116930,116934,1731,4,1,600,173.5
115200,116935,116948,1735,13,1,600,134.461538462
115261,116941,116943,1680,2,1,600,168.2
115263,116964,116973,1701,9,1,600,171.0
115290,115563,118543,273,2980,2,7200,1.09161073826
115324,116969,116970,1645,1,1,600,164.6
115326,116975,116987,1649,12,1,600,138.416666667
115387,116982,116983,1595,1,1,600,159.6
115388,116987,116988,1599,1,1,600,160.0
115428,115613,118518,185,2905,2,7200,1.06368330465
115451,117000,117002,1549,2,1,600,155.1
115453,117005,117044,1552,39,1,600,40.7948717949
115515,117016,117017,1501,1,1,600,150.2
115517,117029,117033,1512,4,1,600,151.6
115518,117035,117047,1517,12,1,600,127.416666667
115550,115640,118670,90,3030,2,7200,1.0297029703
115579,117040,117041,1461,1,1,600,146.2
115581,117053,117057,1472,4,1,600,147.6
115582,117058,117062,1476,4,1,600,148.0
115599,115734,118589,135,2855,2,7200,1.0472854641
115630,115764,118876,134,3112,2,7200,1.04305912596
115644,117066,117070,1422,4,1,600,142.6
115645,117071,117085,1426,14,1,600,102.857142857
115708,117084,117088,1376,4,1,600,138.0
115709,117089,117102,1380,13,1,600,107.153846154
115722,115769,118829,47,3060,2,7200,1.01535947712
115738,115775,119071,37,3296,2,7200,1.01122572816
115753,115811,118923,58,3112,2,7200,1.01863753213
115755,115865,118871,110,3006,2,7200,1.03659347971
115772,117102,117106,1330,4,1,600,133.4
115773,117107,117108,1334,1,1,600,133.5
115774,117113,117115,1339,2,1,600,134.1
115801,115927,118971,126,3044,2,7200,1.04139290407
115856,115934,119131,78,3197,2,7200,1.02439787301
115920,115977,118849,57,2872,2,7200,1.01984679666
115976,115990,118863,14,2873,2,7200,1.0048729551
116016,117119,117134,1103,15,1,600,74.5333333333
116017,117125,117128,1108,3,1,600,111.1
116040,116051,119254,11,3203,2,7200,1.00343428036
116079,117130,117146,1051,16,1,600,66.6875
116080,117135,117148,1055,13,1,600,82.1538461538
116081,117143,117145,1062,2,1,600,106.4
116083,117148,117149,1065,1,1,600,106.6
116083,116093,119481,10,3388,2,7200,1.00295159386
116144,117156,117159,1012,3,1,600,101.5
116146,117163,117177,1017,14,1,600,73.6428571429
116147,117168,117184,1021,16,1,600,64.8125
116148,117174,117183,1026,9,1,600,103.5
116150,117179,117188,1029,9,1,600,103.8
116152,117193,117199,1041,6,1,600,104.7
116190,116200,119184,10,2984,2,7200,1.00335120643
116214,117200,117201,986,1,1,600,98.7
116215,117205,117211,990,6,1,600,99.6
116217,117211,117223,994,12,1,600,83.8333333333
116218,117216,117219,998,3,1,600,100.1
116219,117228,117232,1009,4,1,600,101.3
116221,117233,117243,1012,10,1,600,102.2
116222,117239,117241,1017,2,1,600,101.9
116283,117251,117254,968,3,1,600,97.1
116285,117257,117269,972,12,1,600,82.0
116286,117262,117301,976,39,1,600,26.0256410256
116287,117274,117278,987,4,1,600,99.1
116289,117280,117292,991,12,1,600,83.5833333333
116339,116349,119231,10,2882,2,7200,1.00346981263
116341,116356,119383,15,3027,2,7200,1.00495540139
116350,117285,117288,935,3,1,600,93.8
116352,117293,117296,941,3,1,600,94.4
116353,117298,117311,945,13,1,600,73.6923076923
116355,117311,117312,956,1,1,600,95.7
116356,116366,119235,10,2869,2,7200,1.00348553503
116371,116381,119349,10,2968,2,7200,1.00336927224
116417,117319,117331,902,12,1,600,76.1666666667
116418,117324,117328,906,4,1,600,91.0
116475,116481,119636,6,3155,2,7200,1.00190174326
116481,117342,117351,861,9,1,600,87.0
116482,117347,117355,865,8,1,600,87.3
116483,117360,117361,877,1,1,600,87.8
116545,117371,117372,826,1,1,600,82.7
116546,117378,117415,832,37,1,600,23.4864864865
116608,117383,117393,775,10,1,600,78.5
116610,117396,117408,786,12,1,600,66.5
116612,117401,117413,789,12,1,600,66.75
116628,116635,119843,7,3208,2,7200,1.00218204489
116643,116650,119463,7,2813,2,7200,1.0024884465
116658,116668,119738,10,3070,2,7200,1.00325732899
116674,117413,117414,739,1,1,600,74.0
116676,117420,117432,744,12,1,600,63.0
116737,117425,117438,688,13,1,600,53.9230769231
116738,116799,119774,61,2975,2,7200,1.02050420168
116739,117433,117445,694,12,1,600,58.8333333333
116740,117438,117443,698,5,1,600,70.3
116784,116833,120000,49,3167,2,7200,1.01547205557
116801,117444,117456,643,12,1,600,54.5833333333
116803,117451,117453,648,2,1,600,65.0
116804,117456,117459,652,3,1,600,65.5
116805,117463,117467,658,4,1,600,66.2
116807,117468,117504,661,36,1,600,19.3611111111
116808,117475,117483,667,8,1,600,67.5
116809,117480,117493,671,13,1,600,52.6153846154
116811,117486,117490,675,4,1,600,67.9
116821,116925,120009,104,3084,2,7200,1.03372243839
116864,116953,120089,89,3136,2,7200,1.02838010204
116875,117521,117522,646,1,1,600,64.7
116876,117526,117527,650,1,1,600,65.1
116877,117532,117534,655,2,1,600,65.7
116880,117544,117552,664,8,1,600,67.2
116881,117549,117553,668,4,1,600,67.2
116882,117555,117558,673,3,1,600,67.6
116884,117562,117578,678,16,1,600,43.375
116907,116958,120251,51,3293,2,7200,1.01548739751
116935,117024,120132,89,3108,2,7200,1.02863577864
116936,117048,120030,112,2982,2,7200,1.03755868545
116945,117574,117577,629,3,1,600,63.2
116946,117579,117580,633,1,1,600,63.4
116948,117585,117622,637,37,1,600,18.2162162162
116950,117590,117602,640,12,1,600,54.3333333333
116951,117597,117635,646,38,1,600,18.0
116952,117602,117620,650,18,1,600,37.1111111111
116954,117607,117643,653,36,1,600,19.1388888889
116955,117615,117622,660,7,1,600,66.7
116958,117640,117654,682,14,1,600,49.7142857143
116959,117645,117649,686,4,1,600,69.0
117010,117223,120528,213,3305,2,7200,1.06444780635
117022,117662,117673,640,11,1,600,59.1818181818
117023,117668,117671,645,3,1,600,64.8
117025,117759,117760,734,1,1,600,73.5
117026,117765,117784,739,19,1,600,39.8947368421
117027,117770,117773,743,3,1,600,74.6
117030,117798,117799,768,1,1,600,76.9
117031,117804,117807,773,3,1,600,77.6
117033,117816,117855,783,39,1,600,21.0769230769
117038,117246,120456,208,3210,2,7200,1.06479750779
117094,117821,117824,727,3,1,600,73.0
117096,117827,117829,731,2,1,600,73.3
117097,117832,117833,735,1,1,600,73.6
117098,117844,117847,746,3,1,600,74.9
117100,117850,117859,750,9,1,600,75.9
117101,117857,117864,756,7,1,600,76.3
117102,117862,117867,760,5,1,600,76.5
117105,117873,117886,768,13,1,600,60.0769230769
117106,117891,117894,785,3,1,600,78.8
117108,117896,117898,788,2,1,600,79.0
117171,117907,117911,736,4,1,600,74.0
117172,117913,117915,741,2,1,600,74.3
117173,117918,117920,745,2,1,600,74.7
117175,117923,117924,748,1,1,600,74.9
117176,117929,117941,753,12,1,600,63.75
117177,117934,117947,757,13,1,600,59.2307692308
117179,117942,117951,763,9,1,600,77.2
117180,117947,117961,767,14,1,600,55.7857142857
117181,117953,117959,772,6,1,600,77.8
117183,117958,117977,775,19,1,600,41.7894736842
117184,117964,117968,780,4,1,600,78.4
117209,117269,120305,60,3036,2,7200,1.01976284585
117224,117337,120570,113,3233,2,7200,1.03495205691
117246,117969,117982,723,13,1,600,56.6153846154
117247,117974,117987,727,13,1,600,56.9230769231
117250,117985,117986,735,1,1,600,73.6
117251,117991,117999,740,8,1,600,74.8
117253,117996,118005,743,9,1,600,75.2
117254,118001,118018,747,17,1,600,44.9411764706
117255,117355,120321,100,2966,2,7200,1.03371544167
117255,118007,118019,752,12,1,600,63.6666666667
117257,118012,118033,755,21,1,600,36.9523809524
117258,118036,118039,778,3,1,600,78.1
117259,118042,118054,783,12,1,600,66.25
117261,118047,118059,786,12,1,600,66.5
117262,118053,118065,791,12,1,600,66.9166666667
117310,117493,120660,183,3167,2,7200,1.05778339122
117324,118058,118061,734,3,1,600,73.7
117325,118063,118072,738,9,1,600,74.7
117327,118069,118103,742,34,1,600,22.8235294118
117328,118074,118078,746,4,1,600,75.0
117329,118079,118085,750,6,1,600,75.6
117332,118090,118103,758,13,1,600,59.3076923077
117333,118096,118099,763,3,1,600,76.6
117335,117498,120427,163,2929,2,7200,1.05565039263
117335,118101,118103,766,2,1,600,76.8
117336,118106,118116,770,10,1,600,78.0
117338,118112,118125,774,13,1,600,60.5384615385
117339,118131,118135,792,4,1,600,79.6
117400,118137,118140,737,3,1,600,74.0
117402,118142,118159,740,17,1,600,44.5294117647
117403,118147,118150,744,3,1,600,74.7
117404,118153,118160,749,7,1,600,75.6
117406,118158,118176,752,18,1,600,42.7777777778
117407,118164,118177,757,13,1,600,59.2307692308
117469,118169,118173,700,4,1,600,70.4
117470,118174,118195,704,21,1,600,34.5238095238
117471,118180,118194,709,14,1,600,51.6428571429
117473,118185,118200,712,15,1,600,48.4666666667
117474,118191,118194,717,3,1,600,72.0
117475,118196,118204,721,8,1,600,72.9
117477,118201,118204,724,3,1,600,72.7
117478,118207,118220,729,13,1,600,57.0769230769
117479,117503,120501,24,2998,2,7200,1.00800533689
117479,118212,118213,733,1,1,600,73.4
117481,118218,118230,737,12,1,600,62.4166666667
117481,117782,120712,301,2930,2,7200,1.10273037543
117482,118223,118238,741,15,1,600,50.4
117483,118228,118233,745,5,1,600,75.0
117496,117787,121125,291,3338,2,7200,1.08717795087
117546,118239,118244,693,5,1,600,69.8
117547,118245,118247,698,2,1,600,70.0
117549,122211,122212,4662,1,1,600,466.3
117550,122223,122224,4673,1,1,600,467.4
117553,122250,122252,4697,2,1,600,469.9
117554,122263,122276,4709,13,1,600,363.230769231
117555,122288,122301,4733,13,1,600,365.076923077
117557,122313,122314,4756,1,1,600,475.7
117558,122325,122338,4767,13,1,600,367.692307692
117560,122349,122352,4789,3,1,600,479.2
117561,122363,122364,4802,1,1,600,480.3
117622,122428,122435,4806,7,1,600,481.3
117624,122433,122436,4809,3,1,600,481.2
117625,122447,122459,4822,12,1,600,402.833333333
117626,122454,122457,4828,3,1,600,483.1
117628,122468,122483,4840,15,1,600,323.666666667
117629,122475,122484,4846,9,1,600,485.5
117630,122488,122497,4858,9,1,600,486.7
117632,122494,122508,4862,14,1,600,348.285714286
117693,122501,122512,4808,11,1,600,438.090909091
117695,122506,122509,4811,3,1,600,481.4
117696,122513,122515,4817,2,1,600,481.9
117697,122521,122535,4824,14,1,600,345.571428571
117730,117810,120645,80,2835,2,7200,1.02821869489
117764,117839,121208,75,3369,2,7200,1.02226179875
117780,117885,120973,105,3088,2,7200,1.03400259067
117807,118020,120861,213,2841,2,7200,1.07497360084
117823,122553,122555,4730,2,1,600,473.2
117825,122558,122559,4733,1,1,600,473.4
117826,122572,122580,4746,8,1,600,475.4
117827,122577,122587,4750,10,1,600,476.0
117829,122591,122594,4762,3,1,600,476.5
117830,122598,122638,4768,40,1,600,120.2
117831,122605,122618,4774,13,1,600,368.230769231
117844,118025,121458,181,3433,2,7200,1.05272356539
117860,118031,121251,171,3220,2,7200,1.05310559006
117876,118120,121396,244,3276,2,7200,1.07448107448
117877,118125,121173,248,3048,2,7200,1.0813648294
117878,118269,121244,391,2975,2,7200,1.13142857143
117893,122629,122632,4736,3,1,600,473.9
117894,118277,121445,383,3168,2,7200,1.12089646465
117894,122643,122647,4749,4,1,600,475.3
117897,122659,122662,4762,3,1,600,476.5
117898,122667,122670,4769,3,1,600,477.2
117900,122674,122677,4774,3,1,600,477.7
117901,122681,122689,4780,8,1,600,478.8
117902,122689,122698,4787,9,1,600,479.6
117904,122701,122704,4797,3,1,600,480.0
117905,122709,122712,4804,3,1,600,480.7
117907,122716,122717,4809,1,1,600,481.0
117908,122723,122726,4815,3,1,600,481.8
117955,118290,121354,335,3064,2,7200,1.10933420366
117970,122734,122741,4764,7,1,600,477.1
117971,122740,122741,4769,1,1,600,477.0
117971,118322,121400,351,3078,2,7200,1.11403508772
117972,122752,122753,4780,1,1,600,478.1
117974,122758,122765,4784,7,1,600,479.1
117975,122787,122795,4812,8,1,600,482.0
117976,122806,122811,4830,5,1,600,483.5
117978,122822,122825,4844,3,1,600,484.7
117979,122840,122854,4861,14,1,600,348.214285714
117980,122865,122869,4885,4,1,600,488.9
117982,122881,122889,4899,8,1,600,490.7
117983,122901,122913,4918,12,1,600,410.833333333
117986,118406,121107,420,2701,2,7200,1.15549796372
118005,118530,121452,525,2922,2,7200,1.17967145791
118013,118253,126309,240,8056,32,43200,1.02979145978
118024,118555,121644,531,3089,2,7200,1.17190029136
118025,118598,121747,573,3149,2,7200,1.18196252779
118045,122925,122927,4880,2,1,600,488.2
118046,122938,122951,4892,13,1,600,377.307692308
118048,122961,122962,4913,1,1,600,491.4
118049,122973,122982,4924,9,1,600,493.3
118050,122978,122981,4928,3,1,600,493.1
118052,122993,123005,4941,12,1,600,412.75
118053,123000,123002,4947,2,1,600,494.9
118054,123015,123027,4961,12,1,600,414.416666667
118056,123021,123033,4965,12,1,600,414.75
118057,123038,123040,4981,2,1,600,498.3
118059,118605,121869,546,3264,2,7200,1.16727941176
118075,118682,121735,607,3053,2,7200,1.19882083197
118090,118841,121937,751,3096,2,7200,1.24257105943
118115,118861,121823,746,2962,2,7200,1.25185685348
118119,123045,123048,4926,3,1,600,492.9
118120,123052,123053,4932,1,1,600,493.3
118121,123060,123061,4939,1,1,600,494.0
118123,123587,123597,5464,10,1,600,547.4
118124,123594,123599,5470,5,1,600,547.5
118125,123613,123615,5488,2,1,600,549.0
118127,123630,123642,5503,12,1,600,459.583333333
118128,123642,123646,5514,4,1,600,551.8
118129,123655,123659,5526,4,1,600,553.0
118131,123667,123680,5536,13,1,600,426.846153846
118132,123674,123683,5542,9,1,600,555.1
118134,123699,123719,5565,20,1,600,279.25
118135,123705,123709,5570,4,1,600,557.4
118136,123714,123728,5578,14,1,600,399.428571429
118149,118875,122100,726,3225,2,7200,1.22511627907
118177,118882,122005,705,3123,2,7200,1.22574447646
118198,123720,123733,5522,13,1,600,425.769230769
118199,123726,123739,5527,13,1,600,426.153846154
118201,123744,123747,5543,3,1,600,554.6
118202,123756,123768,5554,12,1,600,463.833333333
118203,123761,123769,5558,8,1,600,556.6
118205,123766,123770,5561,4,1,600,556.5
118206,123773,123782,5567,9,1,600,557.6
118207,123780,123783,5573,3,1,600,557.6
118208,118890,121818,682,2928,2,7200,1.23292349727
118209,118935,121962,726,3027,2,7200,1.23984142716
118209,123786,123788,5577,2,1,600,557.9
118210,123791,123797,5581,6,1,600,558.7
118211,123796,123803,5585,7,1,600,559.2
118213,123809,123822,5596,13,1,600,431.461538462
118214,123814,123824,5600,10,1,600,561.0
118215,123819,123820,5604,1,1,600,560.5
118225,118982,121886,757,2904,2,7200,1.26067493113
118277,123825,123828,5548,3,1,600,555.1
118278,123836,123852,5558,16,1,600,348.375
118279,123841,123842,5562,1,1,600,556.3
118280,119083,122199,803,3116,2,7200,1.25770218228
118281,123847,123852,5566,5,1,600,557.1
118283,123864,123867,5581,3,1,600,558.4
118285,123869,123870,5584,1,1,600,558.5
118286,123874,123875,5588,1,1,600,558.9
118311,119142,122362,831,3220,2,7200,1.25807453416
118313,120810,127441,2497,6631,2,14400,1.37656462072
118394,119195,122213,801,3018,2,7200,1.26540755467
118519,119243,122469,724,3226,2,7200,1.22442653441
118544,119249,122321,705,3072,2,7200,1.2294921875
118587,119265,122416,678,3151,2,7200,1.21516978737
118588,119360,122552,772,3192,2,7200,1.24185463659
118671,119395,122363,724,2968,2,7200,1.24393530997
118830,119475,122555,645,3080,2,7200,1.20941558442
118849,119493,122474,644,2981,2,7200,1.21603488762
118865,119647,122775,782,3128,2,7200,1.25
118880,119749,122943,869,3194,2,7200,1.27207263619
118882,119785,122820,903,3035,2,7200,1.29752883031
118922,119854,122949,932,3095,2,7200,1.30113085622
118971,120011,123140,1040,3129,2,7200,1.33237456056
119072,120021,123018,949,2997,2,7200,1.31664998332
119133,120041,123384,908,3343,2,7200,1.27161232426
119185,120101,123388,916,3287,2,7200,1.27867356252
119231,120146,123132,915,2986,2,7200,1.3064300067
119246,120262,123263,1016,3001,2,7200,1.33855381539
119262,120316,123412,1054,3096,2,7200,1.34043927649
119351,120334,123419,983,3085,2,7200,1.31863857374
119384,120439,123670,1055,3231,2,7200,1.32652429588
119467,120469,123558,1002,3089,2,7200,1.32437682098
119482,120514,123525,1032,3011,2,7200,1.34274327466
119635,120539,123538,904,2999,2,7200,1.30143381127
119739,120581,123932,842,3351,2,7200,1.25126827813
119776,120663,123821,887,3158,2,7200,1.28087397087
119843,120673,123704,830,3031,2,7200,1.27383701749
119856,121831,127859,1975,6028,2,14400,1.32763769078
120001,120729,123586,728,2857,2,7200,1.25481274064
120017,120815,124135,798,3320,2,7200,1.24036144578
120032,120820,124108,788,3288,2,7200,1.2396593674
120090,120833,124021,743,3188,2,7200,1.23306148055
120133,120838,123703,705,2865,2,7200,1.24607329843
120253,120844,124088,591,3244,2,7200,1.18218249075
120305,120849,123767,544,2918,2,7200,1.186429061
120323,120855,123825,532,2970,2,7200,1.17912457912
120430,120860,123856,430,2996,2,7200,1.1435246996
120458,120890,124129,432,3239,2,7200,1.1333744983
120501,120984,124149,483,3165,2,7200,1.15260663507
120528,121118,124527,590,3409,2,7200,1.1730712819
120571,121136,124005,565,2869,2,7200,1.19693272917
120645,121184,124392,539,3208,2,7200,1.16801745636
120664,121219,124289,555,3070,2,7200,1.18078175896
120713,121257,124411,544,3154,2,7200,1.17247939125
120861,121263,124403,402,3140,2,7200,1.12802547771
120971,121367,124346,396,2979,2,7200,1.1329305136
121108,121407,124470,299,3063,2,7200,1.09761671564
121127,121414,124389,287,2975,2,7200,1.09647058824
121170,121456,124564,286,3108,2,7200,1.09202059202
121210,121463,124341,253,2878,2,7200,1.08790826963
121244,121469,124725,225,3256,2,7200,1.0691031941
121259,121656,124839,397,3183,2,7200,1.1247251021
121354,121746,124831,392,3085,2,7200,1.12706645057
121397,121759,124588,362,2829,2,7200,1.12796041004
121412,121837,124967,425,3130,2,7200,1.1357827476
121446,121880,125087,434,3207,2,7200,1.13532896788
121452,123880,129925,2428,6045,2,14400,1.40165425972
121462,121898,125062,436,3164,2,7200,1.13780025284
121463,121948,125134,485,3186,2,7200,1.15222849969
121646,121973,124790,327,2817,2,7200,1.11608093717
121738,122017,125150,279,3133,2,7200,1.08905202681
121753,122111,125105,358,2994,2,7200,1.11957247829
121821,122231,125361,410,3130,2,7200,1.13099041534
121836,122333,125208,497,2875,2,7200,1.17286956522
121870,122374,125503,504,3129,2,7200,1.1610738255
121888,122380,125521,492,3141,2,7200,1.15663801337
121937,122386,125820,449,3434,2,7200,1.13075131043
121962,122482,125720,520,3238,2,7200,1.16059295862
122005,122545,125610,540,3065,2,7200,1.17618270799
122045,126413,202038,4368,75625,2,75600,1.05775867769
122081,126435,198440,4354,72005,2,72000,1.06046802305
122099,122565,125703,466,3138,2,7200,1.14850223072
122200,122583,125656,383,3073,2,7200,1.12463390823
122216,122776,125999,560,3223,2,7200,1.17375116351
122253,124803,124808,2550,5,1,600,255.5
122254,124808,124812,2554,4,1,600,255.8
122256,124820,124834,2564,14,1,600,184.142857143
122317,124827,124838,2510,11,1,600,229.181818182
122318,124856,124868,2538,12,1,600,212.5
122320,124861,124874,2541,13,1,600,196.461538462
122321,124881,124882,2560,1,1,600,256.1
122322,122833,126107,511,3274,2,7200,1.15607819181
122363,122955,125872,592,2917,2,7200,1.20294823449
122364,122967,126142,603,3175,2,7200,1.18992125984
122382,124888,124889,2506,1,1,600,250.7
122384,124895,124898,2511,3,1,600,251.4
122385,124902,124903,2517,1,1,600,251.8
122417,123031,125979,614,2948,2,7200,1.20827679783
122446,124910,124913,2464,3,1,600,246.7
122448,124917,124929,2469,12,1,600,206.75
122469,123144,126263,675,3119,2,7200,1.21641551779
122485,123152,126086,667,2934,2,7200,1.22733469666
122509,124925,124928,2416,3,1,600,241.9
122510,124940,124952,2430,12,1,600,203.5
122513,124965,124968,2452,3,1,600,245.5
122514,124970,124973,2456,3,1,600,245.9
122516,124979,124993,2463,14,1,600,176.928571429
122517,124984,124985,2467,1,1,600,246.8
122518,124992,124994,2474,2,1,600,247.6
122552,123275,126342,723,3067,2,7200,1.23573524617
122568,123396,126422,828,3026,2,7200,1.27362855254
122580,124997,124998,2417,1,1,600,241.8
122581,125004,125006,2423,2,1,600,242.5
122583,125011,125024,2428,13,1,600,187.769230769
122584,125016,125017,2432,1,1,600,243.3
122585,125022,125025,2437,3,1,600,244.0
122587,125028,125032,2441,4,1,600,244.5
122588,125034,125036,2446,2,1,600,244.8
122589,125041,125057,2452,16,1,600,154.25
122651,125046,125050,2395,4,1,600,239.9
122652,125053,125065,2401,12,1,600,201.083333333
122653,125058,125063,2405,5,1,600,241.0
122655,125065,125069,2410,4,1,600,241.4
122656,125072,125075,2416,3,1,600,241.9
122657,125084,125098,2427,14,1,600,174.357142857
122659,125090,125092,2431,2,1,600,243.3
122720,125097,125115,2377,18,1,600,133.055555556
122721,125102,125138,2381,36,1,600,67.1388888889
122723,125114,125117,2391,3,1,600,239.4
122725,125133,125173,2408,40,1,600,61.2
122727,125138,125147,2411,9,1,600,242.0
122728,125145,125157,2417,12,1,600,202.416666667
122729,125157,125170,2428,13,1,600,187.769230769
122778,123404,126380,626,2976,2,7200,1.21034946237
122791,125169,125172,2378,3,1,600,238.1
122793,125183,125197,2390,14,1,600,171.714285714
122795,125190,125194,2395,4,1,600,239.9
122796,125195,125217,2399,22,1,600,110.045454545
122821,123424,126495,603,3071,2,7200,1.19635297949
122857,125201,125204,2344,3,1,600,234.7
122859,125208,125210,2349,2,1,600,235.1
122860,125215,125227,2355,12,1,600,197.25
122861,125227,125258,2366,31,1,600,77.3225806452
122923,125233,125245,2310,12,1,600,193.5
122924,125240,125243,2316,3,1,600,231.9
122926,125245,125257,2319,12,1,600,194.25
122943,123431,126402,488,2971,2,7200,1.16425445978
122959,123537,126575,578,3038,2,7200,1.19025674786
122987,125255,125258,2268,3,1,600,227.1
122988,125262,125265,2274,3,1,600,227.7
122990,125269,125272,2279,3,1,600,228.2
122992,125281,125293,2289,12,1,600,191.75
123017,123551,126723,534,3172,2,7200,1.1683480454
123054,125288,125296,2234,8,1,600,224.2
123055,125293,125306,2238,13,1,600,173.153846154
123056,125298,125311,2242,13,1,600,173.461538462
123056,123323,227081,267,103758,3,144000,1.00257329555
123057,125306,125318,2249,12,1,600,188.416666667
123059,125313,125320,2254,7,1,600,226.1
123060,125320,125322,2260,2,1,600,226.2
123061,125327,125328,2266,1,1,600,226.7
123123,125334,125346,2211,12,1,600,185.25
123133,123570,126624,437,3054,2,7200,1.14309102816
123148,123602,126885,454,3283,2,7200,1.13828815108
123264,123687,126491,423,2804,2,7200,1.15085592011
123386,123732,126865,346,3133,2,7200,1.11043728056
123402,123885,126943,483,3058,2,7200,1.15794637018
123418,123893,127061,475,3168,2,7200,1.14993686869
123419,123898,126890,479,2992,2,7200,1.16009358289
123526,123903,126911,377,3008,2,7200,1.12533244681
123542,123908,127236,366,3328,2,7200,1.10997596154
123560,123944,126933,384,2989,2,7200,1.12847106056
123588,124016,127034,428,3018,2,7200,1.14181577203
123605,125339,125343,1734,4,1,600,173.8
123606,125345,125361,1739,16,1,600,109.6875
123667,125352,125355,1685,3,1,600,168.8
123669,125359,125363,1690,4,1,600,169.4
123670,125364,125377,1694,13,1,600,131.307692308
123671,125371,125374,1700,3,1,600,170.3
123673,124035,127315,362,3280,2,7200,1.11036585366
123705,124101,127052,396,2951,2,7200,1.13419179939
123706,124120,127054,414,2934,2,7200,1.14110429448
123733,125383,125385,1650,2,1,600,165.2
123734,125388,125391,1654,3,1,600,165.7
123735,125395,125407,1660,12,1,600,139.333333333
123736,125400,125409,1664,9,1,600,167.3
123738,125407,125416,1669,9,1,600,167.8
123739,125412,125425,1673,13,1,600,129.692307692
123767,124140,127137,373,2997,2,7200,1.12445779112
123800,125420,125422,1620,2,1,600,162.2
123802,125426,125429,1624,3,1,600,162.7
123803,125433,125436,1630,3,1,600,163.3
123804,125441,125442,1637,1,1,600,163.8
123806,125446,125459,1640,13,1,600,127.153846154
123807,125452,125455,1645,3,1,600,164.8
123808,125459,125471,1651,12,1,600,138.583333333
123809,125464,125465,1655,1,1,600,165.6
123811,125471,125472,1660,1,1,600,166.1
123812,125476,125485,1664,9,1,600,167.3
123822,124147,127241,325,3094,2,7200,1.10504201681
123824,124160,127170,336,3010,2,7200,1.11162790698
123858,124302,127509,444,3207,2,7200,1.13844714687
123873,125483,125496,1610,13,1,600,124.846153846
123875,125488,125500,1613,12,1,600,135.416666667
123876,125494,125507,1618,13,1,600,125.461538462
123877,125502,125506,1625,4,1,600,162.9
123879,125509,125549,1630,40,1,600,41.75
123880,125521,125536,1641,15,1,600,110.4
123882,125528,125537,1646,9,1,600,165.5
123883,125533,125536,1650,3,1,600,165.3
123884,125540,125553,1656,13,1,600,128.384615385
123886,125545,125558,1659,13,1,600,128.615384615
123935,124353,127364,418,3011,2,7200,1.13882431086
124006,124360,127439,354,3079,2,7200,1.11497239363
124021,124401,127432,380,3031,2,7200,1.12537116463
124089,124408,127608,319,3200,2,7200,1.0996875
124107,124415,127506,308,3091,2,7200,1.09964412811
124129,124424,127259,295,2835,2,7200,1.10405643739
124146,124483,127538,337,3055,2,7200,1.11031096563
124162,124538,127867,376,3329,2,7200,1.11294683088
124290,124576,127853,286,3277,2,7200,1.0872749466
124342,124601,127497,259,2896,2,7200,1.08943370166
124358,124737,127835,379,3098,2,7200,1.12233699161
124389,124844,127956,455,3112,2,7200,1.14620822622
124405,124851,127988,446,3137,2,7200,1.14217405164
124406,125079,128059,673,2980,2,7200,1.22583892617
124422,125108,127980,686,2872,2,7200,1.23885793872
124470,125120,128051,650,2931,2,7200,1.22176731491
124529,125151,128028,622,2877,2,7200,1.21619742788
124566,125163,128227,597,3064,2,7200,1.19484334204
124590,125222,128300,632,3078,2,7200,1.20532813515
124728,125377,128536,649,3159,2,7200,1.205444761
124752,126354,140781,1602,14427,16,14400,1.11104179663
124826,125515,128628,689,3113,2,7200,1.22132990684
124842,125695,128799,853,3104,2,7200,1.27480670103
124843,125729,128907,886,3178,2,7200,1.27879169289
124849,125558,125570,709,12,1,600,60.0833333333
124851,125563,125571,712,8,1,600,72.0
124852,125570,125571,718,1,1,600,71.9
124853,125576,125588,723,12,1,600,61.25
124915,125581,125593,666,12,1,600,56.5
124916,125586,125598,670,12,1,600,56.8333333333
124917,125593,125596,676,3,1,600,67.9
124918,125598,125601,680,3,1,600,68.3
124920,125603,125607,683,4,1,600,68.7
124921,125610,125614,689,4,1,600,69.3
124923,125615,125618,692,3,1,600,69.5
124968,125768,128778,800,3010,2,7200,1.2657807309
124984,125620,125624,636,4,1,600,64.0
124985,125626,125638,641,12,1,600,54.4166666667
124986,125633,125645,647,12,1,600,54.9166666667
124988,125638,125650,650,12,1,600,55.1666666667
124989,125643,125646,654,3,1,600,65.7
124990,125649,125661,659,12,1,600,55.9166666667
124992,125654,125657,662,3,1,600,66.5
125053,125659,125672,606,13,1,600,47.6153846154
125054,125667,125680,613,13,1,600,48.1538461538
125056,125672,125685,616,13,1,600,48.3846153846
125058,125683,125695,625,12,1,600,53.0833333333
125060,125688,125701,628,13,1,600,49.3076923077
125061,125700,125703,639,3,1,600,64.2
125062,125706,125709,644,3,1,600,64.7
125063,125836,128926,773,3090,2,7200,1.2501618123
125063,125711,125713,648,2,1,600,65.0
125065,125716,125720,651,4,1,600,65.5
125066,125721,125734,655,13,1,600,51.3846153846
125087,125903,128977,816,3074,2,7200,1.26545217957
125106,125994,129280,888,3286,2,7200,1.27023737066
125127,125734,125735,607,1,1,600,60.8
125129,125740,125757,611,17,1,600,36.9411764706
125131,125750,125753,619,3,1,600,62.2
125133,125755,125768,622,13,1,600,48.8461538462
125134,125761,125764,627,3,1,600,63.0
125135,125773,125776,638,3,1,600,64.1
125136,125778,125779,642,1,1,600,64.3
125137,126113,129055,976,2942,2,7200,1.33174711081
125153,126158,129240,1005,3082,2,7200,1.32608695652
125199,125789,125809,590,20,1,600,30.5
125200,125794,125807,594,13,1,600,46.6923076923
125202,125802,125811,600,9,1,600,60.9
125203,125807,125810,604,3,1,600,60.7
125204,125813,125825,609,12,1,600,51.75
125206,125818,125834,612,16,1,600,39.25
125207,125823,125836,616,13,1,600,48.3846153846
125208,126164,129012,956,2848,2,7200,1.3356741573
125210,125841,125842,631,1,1,600,63.2
125211,125847,125849,636,2,1,600,63.8
125274,125857,125860,583,3,1,600,58.6
125276,125864,125865,588,1,1,600,58.9
125277,125869,125872,592,3,1,600,59.5
125278,125875,125877,597,2,1,600,59.9
125279,125880,125892,601,12,1,600,51.0833333333
125281,125885,125888,604,3,1,600,60.7
125282,125890,125903,608,13,1,600,47.7692307692
125285,125908,125946,623,38,1,600,17.3947368421
125286,125914,125917,628,3,1,600,63.1
125347,125919,125931,572,12,1,600,48.6666666667
125349,125924,125928,575,4,1,600,57.9
125350,125929,125930,579,1,1,600,58.0
125351,125937,125938,586,1,1,600,58.7
125353,125942,125943,589,1,1,600,59.0
125354,125948,125960,594,12,1,600,50.5
125355,125953,125956,598,3,1,600,60.1
125356,125960,125964,604,4,1,600,60.8
125358,125966,125969,608,3,1,600,61.1
125359,125971,125975,612,4,1,600,61.6
125360,125976,125986,616,10,1,600,62.6
125363,126281,129493,918,3212,2,7200,1.28580323786
125422,125982,125994,560,12,1,600,47.6666666667
125423,125987,125990,564,3,1,600,56.7
125424,125999,126004,575,5,1,600,58.0
125426,126005,126014,579,9,1,600,58.8
125427,126010,126021,583,11,1,600,54.0
125428,126015,126030,587,15,1,600,40.1333333333
125429,126021,126025,592,4,1,600,59.6
125431,126034,126037,603,3,1,600,60.6
125432,126039,126040,607,1,1,600,60.8
125435,126050,126052,615,2,1,600,61.7
125436,126055,126064,619,9,1,600,62.8
125497,126061,126092,564,31,1,600,19.1935483871
125499,126066,126079,567,13,1,600,44.6153846154
125500,126073,126086,573,13,1,600,45.0769230769
125501,126079,126081,578,2,1,600,58.0
125503,126359,129226,856,2867,2,7200,1.29856993373
125503,126084,126124,581,40,1,600,15.525
125504,126089,126090,585,1,1,600,58.6
125505,126095,126099,590,4,1,600,59.4
125506,126100,126103,594,3,1,600,59.7
125508,126105,126121,597,16,1,600,38.3125
125509,126119,126123,610,4,1,600,61.4
125522,126365,129552,843,3187,2,7200,1.26451208033
125570,126124,126161,554,37,1,600,15.972972973
125572,126129,126142,557,13,1,600,43.8461538462
125574,126140,126148,566,8,1,600,57.4
125576,126145,126158,569,13,1,600,44.7692307692
125577,126151,126163,574,12,1,600,48.8333333333
125578,126169,126170,591,1,1,600,59.2
125579,126174,126177,595,3,1,600,59.8
125581,126180,126220,599,40,1,600,15.975
125582,126185,126198,603,13,1,600,47.3846153846
125583,126190,126194,607,4,1,600,61.1
125585,126196,126208,611,12,1,600,51.9166666667
125611,126370,129704,759,3334,2,7200,1.22765446911
125646,126208,126210,562,2,1,600,56.4
125647,126213,126216,566,3,1,600,56.9
125649,126218,126231,569,13,1,600,44.7692307692
125650,126224,126236,574,12,1,600,48.8333333333
125651,126229,126230,578,1,1,600,57.9
125654,126241,126277,587,36,1,600,17.3055555556
125655,126247,126250,592,3,1,600,59.5
125656,126252,126264,596,12,1,600,50.6666666667
125657,126375,129455,718,3080,2,7200,1.23311688312
125658,126257,126271,599,14,1,600,43.7857142857
125659,126263,126275,604,12,1,600,51.3333333333
125661,126268,126271,607,3,1,600,61.0
125662,126274,126286,612,12,1,600,52.0
125663,126286,126289,623,3,1,600,62.6
125706,126381,129437,675,3056,2,7200,1.22087696335
125721,126386,129567,665,3181,2,7200,1.20905375668
125725,126292,126301,567,9,1,600,57.6
125726,126297,126310,571,13,1,600,44.9230769231
125727,126302,126305,575,3,1,600,57.8
125728,126307,126320,579,13,1,600,45.5384615385
125730,126315,126318,585,3,1,600,58.8
125731,126320,126359,589,39,1,600,16.1025641026
125732,126326,126328,594,2,1,600,59.6
125734,126331,126344,597,13,1,600,46.9230769231
125735,126336,126339,601,3,1,600,60.4
125737,126347,126351,610,4,1,600,61.4
125799,126418,126419,619,1,1,600,62.0
125800,126441,126444,641,3,1,600,64.4
125802,126448,126463,646,15,1,600,44.0666666667
125805,126468,126483,663,15,1,600,45.2
125806,126479,126492,673,13,1,600,52.7692307692
125807,126495,126504,688,9,1,600,69.7
125809,126509,126521,700,12,1,600,59.3333333333
125810,126515,126528,705,13,1,600,55.2307692308
125811,126533,126536,722,3,1,600,72.5
125812,126539,126552,727,13,1,600,56.9230769231
125822,126391,129478,569,3087,2,7200,1.18432134759
125874,126547,126550,673,3,1,600,67.6
125874,126397,129528,523,3131,2,7200,1.16703928457
125877,126575,126578,698,3,1,600,70.1
125878,126587,126590,709,3,1,600,71.2
125879,126599,126602,720,3,1,600,72.3
125880,126606,126618,726,12,1,600,61.5
125882,126614,126616,732,2,1,600,73.4
125883,126628,126631,745,3,1,600,74.8
125884,126634,126647,750,13,1,600,58.6923076923
125886,126643,126653,757,10,1,600,76.7
125887,126658,126671,771,13,1,600,60.3076923077
125888,126665,126668,777,3,1,600,78.0
125890,126681,126693,791,12,1,600,66.9166666667
125891,126687,126690,796,3,1,600,79.9
125954,126709,126721,755,12,1,600,63.9166666667
125956,126728,126740,772,12,1,600,65.3333333333
125958,126734,126735,776,1,1,600,77.7
125959,126747,126749,788,2,1,600,79.0
125961,126759,126761,798,2,1,600,80.0
125962,126771,126774,809,3,1,600,81.2
125963,126777,126780,814,3,1,600,81.7
125965,126786,126788,821,2,1,600,82.3
125966,126792,126793,826,1,1,600,82.7
125967,126805,126807,838,2,1,600,84.0
125969,126811,126822,842,11,1,600,77.5454545455
125970,126819,126831,849,12,1,600,71.75
125981,126402,129683,421,3281,2,7200,1.12831453825
126000,126407,129652,407,3245,2,7200,1.12542372881
126031,126833,126843,802,10,1,600,81.2
126033,126843,126845,810,2,1,600,81.2
126034,126854,126871,820,17,1,600,49.2352941176
126036,126862,126880,826,18,1,600,46.8888888889
126037,126882,126885,845,3,1,600,84.8
126038,126896,126904,858,8,1,600,86.6
126040,126902,126905,862,3,1,600,86.5
126043,126913,126917,870,4,1,600,87.4
126044,126919,126922,875,3,1,600,87.8
126046,126925,126932,879,7,1,600,88.6
126047,126930,126931,883,1,1,600,88.4
126108,126936,126940,828,4,1,600,83.2
126110,126942,126954,832,12,1,600,70.3333333333
126111,126947,126950,836,3,1,600,83.9
126113,126953,126955,840,2,1,600,84.2
126114,126965,126967,851,2,1,600,85.3
126115,126970,126983,855,13,1,600,66.7692307692
126117,126976,127011,859,35,1,600,25.5428571429
126118,126983,127019,865,36,1,600,25.0277777778
126120,126988,126992,868,4,1,600,87.2
126121,126993,126994,872,1,1,600,87.3
126182,126999,127011,817,12,1,600,69.0833333333
126184,127005,127009,821,4,1,600,82.5
126185,127011,127023,826,12,1,600,69.8333333333
126186,127016,127029,830,13,1,600,64.8461538462
126188,127023,127038,835,15,1,600,56.6666666667
126189,127028,127029,839,1,1,600,84.0
126191,127033,127050,842,17,1,600,50.5294117647
126192,127051,127053,859,2,1,600,86.1
126193,127058,127063,865,5,1,600,87.0
126195,127063,127066,868,3,1,600,87.1
126196,127070,127090,874,20,1,600,44.7
126257,127075,127078,818,3,1,600,82.1
126259,127081,127082,822,1,1,600,82.3
126260,127086,127098,826,12,1,600,69.8333333333
126261,127091,127092,830,1,1,600,83.1
126264,127109,127122,845,13,1,600,66.0
126266,127114,127115,848,1,1,600,84.9
126268,127125,127133,857,8,1,600,86.5
126270,127130,127131,860,1,1,600,86.1
126271,127136,127148,865,12,1,600,73.0833333333
126272,127141,127154,869,13,1,600,67.8461538462
126334,127147,127161,813,14,1,600,59.0714285714
126335,127154,127167,819,13,1,600,64.0
126336,127159,127173,823,14,1,600,59.7857142857
126338,127165,127168,827,3,1,600,83.0
126339,127170,127205,831,35,1,600,24.7428571429
126341,127176,127180,835,4,1,600,83.9
126342,127181,127193,839,12,1,600,70.9166666667
126343,127186,127224,843,38,1,600,23.1842105263
126345,127192,127205,847,13,1,600,66.1538461538
126346,129490,129497,3144,7,1,600,315.1
126347,129495,129497,3148,2,1,600,315.0
126349,129514,129526,3165,12,1,600,264.75
126350,129519,129522,3169,3,1,600,317.2
126352,129534,129538,3182,4,1,600,318.6
126353,129540,129553,3187,13,1,600,246.153846154
126414,129546,129548,3132,2,1,600,313.4
126416,129551,129555,3135,4,1,600,313.9
126477,129563,129573,3086,10,1,600,309.6
126478,129580,129581,3102,1,1,600,310.3
126480,129593,129596,3113,3,1,600,311.6
126481,129598,129607,3117,9,1,600,312.6
126543,129604,129609,3061,5,1,600,306.6
126544,129616,129617,3072,1,1,600,307.3
126545,129621,129630,3076,9,1,600,308.5
126547,130919,130933,4372,14,1,600,313.285714286
126548,130924,130935,4376,11,1,600,398.818181818
126549,130930,130940,4381,10,1,600,439.1
126611,130946,130949,4335,3,1,600,433.8
126612,130953,130963,4341,10,1,600,435.1
126613,130958,130962,4345,4,1,600,434.9
126615,130965,130971,4350,6,1,600,435.6
126617,130979,130980,4362,1,1,600,436.3
126679,130986,130988,4307,2,1,600,430.9
126680,130991,131003,4311,12,1,600,360.25
126682,130998,131002,4316,4,1,600,432.0
126683,131003,131013,4320,10,1,600,433.0
126684,131010,131011,4326,1,1,600,432.7
126686,131022,131023,4336,1,1,600,433.7
126687,131027,131030,4340,3,1,600,434.3
126748,131033,131042,4285,9,1,600,429.4
126750,131040,131043,4290,3,1,600,429.3
126751,131045,131057,4294,12,1,600,358.833333333
126752,131069,131085,4317,16,1,600,270.8125
126754,131074,131086,4320,12,1,600,361.0
126755,131079,131117,4324,38,1,600,114.789473684
126820,131188,131201,4368,13,1,600,337.0
126821,131212,131215,4391,3,1,600,439.4
126824,131243,131255,4419,12,1,600,369.25
126825,131250,131253,4425,3,1,600,442.8
126827,131266,131278,4439,12,1,600,370.916666667
126828,131273,131284,4445,11,1,600,405.090909091
126889,131290,131293,4401,3,1,600,440.4
126891,131297,131332,4406,35,1,600,126.885714286
126895,131331,131343,4436,12,1,600,370.666666667
126896,131344,131356,4448,12,1,600,371.666666667
126958,131354,131355,4396,1,1,600,439.7
126959,131367,131369,4408,2,1,600,441.0
126960,131374,131378,4414,4,1,600,441.8
126962,131381,131384,4419,3,1,600,442.2
126963,131390,131394,4427,4,1,600,443.1
126966,131406,131433,4440,27,1,600,165.444444444
126967,131413,131426,4446,13,1,600,343.0
126969,131438,131450,4469,12,1,600,373.416666667
126970,131444,131448,4474,4,1,600,447.8
126971,131460,131472,4489,12,1,600,375.083333333
127017,127045,137808,28,10763,2,21600,1.00260150516
127033,131466,131483,4433,17,1,600,261.764705882
127034,131488,131521,4454,33,1,600,135.96969697
127035,131494,131531,4459,37,1,600,121.513513514
127038,131543,131545,4505,2,1,600,450.7
127041,131557,131560,4516,3,1,600,451.9
127042,131564,131576,4522,12,1,600,377.833333333
127044,131571,131584,4527,13,1,600,349.230769231
127045,131588,131591,4543,3,1,600,454.6
127046,131595,131602,4549,7,1,600,455.6
127048,131602,131604,4554,2,1,600,455.6
127052,266429,267060,139377,631,1,3600,221.882725832
127109,131614,131622,4505,8,1,600,451.3
127110,131620,131633,4510,13,1,600,347.923076923
127112,131625,131638,4513,13,1,600,348.153846154
127113,131632,131634,4519,2,1,600,452.1
127115,131639,131651,4524,12,1,600,378.0
127116,131646,131658,4530,12,1,600,378.5
127118,131651,131678,4533,27,1,600,168.888888889
127119,131658,131660,4539,2,1,600,454.1
127121,131665,131668,4544,3,1,600,454.7
127122,131672,131674,4550,2,1,600,455.2
127123,131678,131683,4555,5,1,600,456.0
127185,131685,131697,4500,12,1,600,376.0
127186,131692,131704,4506,12,1,600,376.5
127187,131697,131705,4510,8,1,600,451.8
127188,127199,130081,11,2882,2,7200,1.00381679389
127189,131704,131707,4515,3,1,600,451.8
127189,127204,130170,15,2966,2,7200,1.00505731625
127190,131716,131728,4526,12,1,600,378.166666667
127191,127209,130379,18,3170,2,7200,1.00567823344
127192,131721,131736,4529,15,1,600,302.933333333
127192,127215,129946,23,2731,2,7200,1.00842182351
127194,131733,131746,4539,13,1,600,350.153846154
127194,127222,129948,28,2726,2,7200,1.01027146001
127195,127227,130157,32,2930,2,7200,1.01092150171
127196,131740,131752,4544,12,1,600,379.666666667
127196,127232,130267,36,3035,2,7200,1.0118616145
127197,131745,131758,4548,13,1,600,350.846153846
127198,131752,131755,4554,3,1,600,455.7
127198,127238,130110,40,2872,2,7200,1.0139275766
127199,127243,128641,44,1398,2,7200,1.03147353362
127200,131759,131775,4559,16,1,600,285.9375
127201,127248,130126,47,2878,2,7200,1.01633078527
127202,127254,130406,52,3152,2,7200,1.01649746193
127203,127259,130173,56,2914,2,7200,1.01921757035
127205,127265,130340,60,3075,2,7200,1.01951219512
127206,127270,130118,64,2848,2,7200,1.02247191011
127207,127275,130201,68,2926,2,7200,1.02323991798
127209,127281,130125,72,2844,2,7200,1.0253164557
127210,127286,130382,76,3096,2,7200,1.02454780362
127212,127291,130069,79,2778,2,7200,1.02843772498
127213,127297,130254,84,2957,2,7200,1.02840716943
127214,127302,130284,88,2982,2,7200,1.02951039571
127216,127314,130124,98,2810,2,7200,1.03487544484
127217,127319,130156,102,2837,2,7200,1.03595347198
127218,127325,130298,107,2973,2,7200,1.0359905819
127220,127330,130066,110,2736,2,7200,1.04020467836
127221,127337,130296,116,2959,2,7200,1.03920243325
127223,127375,130162,152,2787,2,7200,1.05453893075
127224,127443,130196,219,2753,2,7200,1.07954958227
127225,127450,130374,225,2924,2,7200,1.0769493844
127227,127462,130336,235,2874,2,7200,1.08176757133
127228,127509,130373,281,2864,2,7200,1.09811452514
127230,127517,130668,287,3151,2,7200,1.09108219613
127231,127525,130368,294,2843,2,7200,1.10341188885
127232,127549,130251,317,2702,2,7200,1.11732050333
127234,127621,130212,387,2591,2,7200,1.14936318024
127235,127847,130804,612,2957,2,7200,1.20696652012
127236,127865,130534,629,2669,2,7200,1.23566878981
127238,127872,130907,634,3035,2,7200,1.20889621087
127239,127878,130549,639,2671,2,7200,1.23923624111
127241,127967,130895,726,2928,2,7200,1.24795081967
127242,127992,130679,750,2687,2,7200,1.27912169706
127244,127999,131063,755,3064,2,7200,1.24640992167
127245,128041,130997,796,2956,2,7200,1.26928281461
127246,128063,130890,817,2827,2,7200,1.2889989388
127248,128070,130978,822,2908,2,7200,1.28266850069
127249,128238,131032,989,2794,2,7200,1.35397279885
127251,128313,131503,1062,3190,2,7200,1.3329153605
127252,128548,131682,1296,3134,2,7200,1.41352903638
127253,128639,131587,1386,2948,2,7200,1.47014925373
127255,128653,131468,1398,2815,2,7200,1.49662522202
127256,128789,132023,1533,3234,2,7200,1.47402597403
127261,131766,131768,4505,2,1,600,450.7
127263,131773,131785,4510,12,1,600,376.833333333
127264,131778,131779,4514,1,1,600,451.5
127859,129237,139994,1378,10757,2,21600,1.12810263085
128197,129575,129598,1378,23,4,28800,60.9130434783
128257,129448,147457,1191,18009,2,21600,1.06613359987
128641,128811,131799,170,2988,2,7200,1.05689424364
129023,129611,129628,588,17,4,14400,35.5882352941
129029,129683,129691,654,8,4,14400,66.2
129030,129706,129714,676,8,4,14400,68.4
129031,129725,129734,694,9,4,14400,70.3
129032,129745,129754,713,9,4,14400,72.2
129032,129765,129774,733,9,4,14400,74.2
129033,129787,129796,754,9,4,14400,76.3
129033,129812,129820,779,8,4,14400,78.7
129034,129832,129840,798,8,4,14400,80.6
129034,129872,129885,838,13,4,14400,65.4615384615
129034,129852,129860,818,8,4,14400,82.6
129035,129897,129905,862,8,4,14400,87.0
129035,131057,131058,2022,1,1,300,202.3
129127,129466,143106,339,13640,2,21600,1.02485337243
129549,131785,131797,2236,12,1,600,187.333333333
129550,131791,131804,2241,13,1,600,173.384615385
129553,131804,131806,2251,2,1,600,225.3
129554,131811,131813,2257,2,1,600,225.9
129555,131816,131818,2261,2,1,600,226.3
129612,129633,132400,21,2767,2,7200,1.00758944705
129614,129639,131176,25,1537,2,7200,1.01626545218
129615,129644,132563,29,2919,2,7200,1.00993490922
129617,129649,131012,32,1363,2,7200,1.02347762289
129617,131821,131825,2204,4,1,600,220.8
129618,129655,132543,37,2888,2,7200,1.01281163435
129618,131834,131842,2216,8,1,600,222.4
129619,129660,129999,41,339,2,7200,1.1209439528
129619,131839,131840,2220,1,1,600,222.1
129621,129666,131212,45,1546,2,7200,1.02910737387
129622,131850,131887,2228,37,1,600,61.2162162162
129622,129671,132436,49,2765,2,7200,1.01772151899
129623,129688,132701,65,3013,2,7200,1.02157318287
129625,131862,131874,2237,12,1,600,187.416666667
129625,129694,131237,69,1543,2,7200,1.04471808166
129626,129699,132461,73,2762,2,7200,1.0264301231
129626,131867,131880,2241,13,1,600,173.384615385
129627,129711,132151,84,2440,2,7200,1.03442622951
129629,129718,132676,89,2958,2,7200,1.03008789723
129630,129917,131598,287,1681,2,7200,1.17073170732
129632,129922,132714,290,2792,2,7200,1.10386819484
129633,129937,132872,304,2935,2,7200,1.10357751278
129634,129959,130262,325,303,2,7200,2.07260726073
129636,129965,130204,329,239,2,7200,2.37656903766
129637,130011,130924,374,913,2,7200,1.40963855422
129638,130077,132616,439,2539,2,7200,1.17290271761
129688,131873,131875,2185,2,1,600,218.7
129741,132988,133204,3247,216,2,21600,16.0324074074
129945,130083,133008,138,2925,2,7200,1.04717948718
129959,130092,133035,133,2943,2,7200,1.04519198097
129998,130121,132889,123,2768,2,7200,1.04443641618
130067,130131,133014,64,2883,2,7200,1.02219909816
130082,130137,133036,55,2899,2,7200,1.01897205933
130083,130143,132998,60,2855,2,7200,1.02101576182
130110,130148,133227,38,3079,2,7200,1.01234166937
130125,130171,132916,46,2745,2,7200,1.01675774135
130126,130177,132580,51,2403,2,7200,1.02122347066
130128,130194,133234,66,3040,2,7200,1.02171052632
130142,130199,133218,57,3019,2,7200,1.01888042398
130157,130206,132810,49,2604,2,7200,1.0188172043
130159,130213,133415,54,3202,2,7200,1.01686445971
130174,130218,133232,44,3014,2,7200,1.01459854015
130175,130225,132915,50,2690,2,7200,1.01858736059
130177,130230,133259,53,3029,2,7200,1.01749752394
130197,130263,133075,66,2812,2,7200,1.02347083926
130212,130269,133340,57,3071,2,7200,1.0185607294
130213,130276,133164,63,2888,2,7200,1.02181440443
130215,130282,133226,67,2944,2,7200,1.02275815217
130251,130296,133530,45,3234,2,7200,1.01391465677
130266,130308,133307,42,2999,2,7200,1.01400466822
130267,130316,132730,49,2414,2,7200,1.02029826015
130282,130347,133322,65,2975,2,7200,1.0218487395
130297,130354,133292,57,2938,2,7200,1.01940095303
130298,130384,133047,86,2663,2,7200,1.03229440481
130299,130390,133294,91,2904,2,7200,1.03133608815
130335,130396,133357,61,2961,2,7200,1.02060114826
130350,130401,133050,51,2649,2,7200,1.01925254813
130368,130407,133234,39,2827,2,7200,1.01379554298
130383,130418,133435,35,3017,2,7200,1.01160092807
130384,130545,133583,161,3038,2,7200,1.05299539171
130386,130561,133372,175,2811,2,7200,1.06225542512
130387,130679,133791,292,3112,2,7200,1.09383033419
130408,130690,133910,282,3220,2,7200,1.08757763975
130534,130816,133876,282,3060,2,7200,1.09215686275
130549,130902,133792,353,2890,2,7200,1.12214532872
130670,130909,133750,239,2841,2,7200,1.08412530799
130684,130938,134061,254,3123,2,7200,1.08133205251
130805,131015,133819,210,2804,2,7200,1.07489300999
130875,131128,143727,253,12599,6,604800,1.02008095881
130889,132318,135446,1429,3128,1,36000,1.45684143223
130892,131050,133788,158,2738,2,7200,1.057706355
130907,131097,134179,190,3082,2,7200,1.06164828034
130908,131194,134154,286,2960,2,7200,1.09662162162
130926,131224,134353,298,3129,2,7200,1.09523809524
130952,131887,131925,935,38,1,600,25.6052631579
130954,131892,131924,938,32,1,600,30.3125
130955,132160,144861,1205,12701,6,604800,1.09487441934
130955,131899,131900,944,1,1,600,94.5
130980,131481,134312,501,2831,2,7200,1.17696926881
130982,132438,132964,1456,526,6,604800,3.7680608365
130998,131515,134241,517,2726,2,7200,1.18965517241
131013,131608,134462,595,2854,2,7200,1.20847932726
131016,131904,131944,888,40,1,600,23.2
131018,131910,131917,892,7,1,600,89.9
131019,131922,131934,903,12,1,600,76.25
131020,131928,131931,908,3,1,600,91.1
131023,131948,131951,925,3,1,600,92.8
131024,131955,131958,931,3,1,600,93.4
131026,131960,131963,934,3,1,600,93.7
131028,131972,131980,944,8,1,600,95.2
131029,131979,131991,950,12,1,600,80.1666666667
131034,131709,134579,675,2870,2,7200,1.23519163763
131063,131827,134866,764,3039,2,7200,1.25139848634
131091,131984,132011,893,27,1,600,34.0740740741
131092,131989,132002,897,13,1,600,70.0
131096,132011,132013,915,2,1,600,91.7
131097,132018,132032,921,14,1,600,66.7857142857
131099,132023,132035,924,12,1,600,78.0
131100,132030,132033,930,3,1,600,93.3
131161,132035,132039,874,4,1,600,87.8
131175,131936,134756,761,2820,2,7200,1.26985815603
131214,132042,134887,828,2845,2,7200,1.29103690685
131223,132049,132062,826,13,1,600,64.5384615385
131224,132054,132061,830,7,1,600,83.7
131234,132448,135641,1214,3193,2,7200,1.38020670216
131286,132059,132100,773,41,1,600,19.8536585366
131289,132079,132080,790,1,1,600,79.1
131352,132091,132104,739,13,1,600,57.8461538462
131353,132098,132102,745,4,1,600,74.9
131355,132103,132106,748,3,1,600,75.1
131356,132111,132119,755,8,1,600,76.3
131357,132119,132127,762,8,1,600,77.0
131419,132124,132125,705,1,1,600,70.6
131420,132129,132132,709,3,1,600,71.2
131422,132136,132137,714,1,1,600,71.5
131424,132147,132159,723,12,1,600,61.25
131426,132167,132171,741,4,1,600,74.5
131427,132172,132184,745,12,1,600,63.0833333333
131469,132474,135286,1005,2812,2,7200,1.35739687055
131489,132179,132183,690,4,1,600,69.4
131490,132186,132198,696,12,1,600,59.0
131493,132202,132214,709,12,1,600,60.0833333333
131494,132208,132211,714,3,1,600,71.7
131495,132216,132228,721,12,1,600,61.0833333333
131505,132554,135387,1049,2833,2,7200,1.37027885634
131557,132223,132238,666,15,1,600,45.4
131558,132230,132266,672,36,1,600,19.6666666667
131561,132250,132257,689,7,1,600,69.6
131589,132575,135496,986,2921,2,7200,1.33755563163
131604,132644,135833,1040,3189,2,7200,1.32612104108
131623,132268,132272,645,4,1,600,64.9
131625,132274,132277,649,3,1,600,65.2
131626,132281,132289,655,8,1,600,66.3
131629,132294,132307,665,13,1,600,52.1538461538
131631,132306,132346,675,40,1,600,17.875
131632,132311,132324,679,13,1,600,53.2307692308
131682,132886,135804,1204,2918,2,7200,1.41261137766
131693,132334,132378,641,44,1,600,15.5681818182
131695,132341,132353,646,12,1,600,54.8333333333
131696,132358,132367,662,9,1,600,67.1
131697,132364,132369,667,5,1,600,67.2
131699,132380,132382,681,2,1,600,68.3
131700,132387,132389,687,2,1,600,68.9
131702,132393,132405,691,12,1,600,58.5833333333
131703,132399,132411,696,12,1,600,59.0
131705,132406,132418,701,12,1,600,59.4166666667
131706,132411,132427,705,16,1,600,45.0625
131707,132592,132604,885,12,1,600,74.75
131769,132612,132615,843,3,1,600,84.6
131771,132626,132639,855,13,1,600,66.7692307692
131773,132634,132636,861,2,1,600,86.3
131774,132639,132640,865,1,1,600,86.6
131776,132651,132663,875,12,1,600,73.9166666667
131777,132656,132661,879,5,1,600,88.4
131778,132662,132663,884,1,1,600,88.5
131780,132672,132675,892,3,1,600,89.5
131781,132680,132692,899,12,1,600,75.9166666667
131782,132685,132698,903,13,1,600,70.4615384615
131785,132697,132714,912,17,1,600,54.6470588235
131799,132981,136010,1182,3029,2,7200,1.39022779795
131846,132703,132715,857,12,1,600,72.4166666667
131848,132709,132728,861,19,1,600,46.3157894737
131849,132715,132719,866,4,1,600,87.0
131851,132720,132724,869,4,1,600,87.3
131852,132725,132729,873,4,1,600,87.7
131853,132738,132742,885,4,1,600,88.9
131855,132744,132756,889,12,1,600,75.0833333333
131856,132749,132758,893,9,1,600,90.2
131857,132754,132765,897,11,1,600,82.5454545455
131859,132760,132790,901,30,1,600,31.0333333333
131860,132765,132778,905,13,1,600,70.6153846154
131922,132771,132783,849,12,1,600,71.75
131923,132777,132778,854,1,1,600,85.5
131924,132783,132787,859,4,1,600,86.3
131926,132788,132789,862,1,1,600,86.3
131927,132794,132806,867,12,1,600,73.25
131928,132799,132800,871,1,1,600,87.2
131930,132804,132817,874,13,1,600,68.2307692308
131931,132810,132823,879,13,1,600,68.6153846154
131934,132820,132837,886,17,1,600,53.1176470588
131995,132838,132855,843,17,1,600,50.5882352941
131996,132843,132856,847,13,1,600,66.1538461538
131998,132849,132851,851,2,1,600,85.3
131999,132854,132868,855,14,1,600,62.0714285714
132000,132859,132873,859,14,1,600,62.3571428571
132002,132865,132874,863,9,1,600,87.2
132003,132870,132879,867,9,1,600,87.6
132004,132875,132878,871,3,1,600,87.4
132006,132881,132921,875,40,1,600,22.875
132007,132893,132924,886,31,1,600,29.5806451613
132009,132898,132913,889,15,1,600,60.2666666667
132010,132904,132917,894,13,1,600,69.7692307692
132011,132909,132912,898,3,1,600,90.1
132025,132993,135664,968,2671,2,7200,1.36241108199
132073,132915,132927,842,12,1,600,71.1666666667
132074,132920,132921,846,1,1,600,84.7
132076,132925,132928,849,3,1,600,85.2
132077,132931,132933,854,2,1,600,85.6
132078,132936,132954,858,18,1,600,48.6666666667
132080,132941,132942,861,1,1,600,86.2
132081,132947,132980,866,33,1,600,27.2424242424
132082,132952,132955,870,3,1,600,87.3
132084,132958,132970,874,12,1,600,73.8333333333
132085,132963,132998,878,35,1,600,26.0857142857
132086,133036,133044,950,8,1,600,95.8
132148,133358,133363,1210,5,1,600,121.5
132149,133375,133388,1226,13,1,600,95.3076923077
132151,133399,133412,1248,13,1,600,97.0
132151,132998,135933,847,2935,2,7200,1.28858603066
132152,133424,133438,1272,14,1,600,91.8571428571
132153,133454,133465,1301,11,1,600,119.272727273
132155,133476,133485,1321,9,1,600,133.0
132156,133497,133501,1341,4,1,600,134.5
132157,133513,133516,1356,3,1,600,135.9
132159,133528,133539,1369,11,1,600,125.454545455
132160,133551,133553,1391,2,1,600,139.3
132162,133571,133573,1409,2,1,600,141.1
132223,133584,133587,1361,3,1,600,136.4
132225,133602,133746,1377,144,1,600,10.5625
132226,133758,133766,1532,8,1,600,154.0
132227,134014,134015,1787,1,1,600,178.8
132229,134027,134030,1798,3,1,600,180.1
132230,134598,134604,2368,6,1,600,237.4
132232,134617,134620,2385,3,1,600,238.8
132233,134631,134636,2398,5,1,600,240.3
132234,134648,134660,2414,12,1,600,202.166666667
132296,134672,134675,2376,3,1,600,237.9
132297,134692,134696,2395,4,1,600,239.9
132298,134706,134721,2408,15,1,600,161.533333333
132300,134713,134721,2413,8,1,600,242.1
132301,134863,134865,2562,2,1,600,256.4
132302,134877,134885,2575,8,1,600,258.3
132304,134896,134900,2592,4,1,600,259.6
132305,134911,134923,2606,12,1,600,218.166666667
132306,134935,134944,2629,9,1,600,263.8
132316,134056,140082,1740,6026,2,21600,1.28874875539
132368,134956,134964,2588,8,1,600,259.6
132369,134975,134978,2606,3,1,600,260.9
132371,134995,135002,2624,7,1,600,263.1
132373,135025,135026,2652,1,1,600,265.3
132375,135043,135045,2668,2,1,600,267.0
132401,133004,135952,603,2948,2,7200,1.20454545455
132436,135056,135068,2620,12,1,600,219.333333333
132437,133011,136014,574,3003,2,7200,1.19114219114
132437,135080,135093,2643,13,1,600,204.307692308
132439,135105,135108,2666,3,1,600,266.9
132440,135120,135132,2680,12,1,600,224.333333333
132441,135159,135172,2718,13,1,600,210.076923077
132443,135458,135461,3015,3,1,600,301.8
132444,135474,135487,3030,13,1,600,234.076923077
132458,132970,134024,512,1054,16,36000,1.48576850095
132458,133016,136048,558,3032,2,7200,1.18403693931
132545,133022,135926,477,2904,2,7200,1.16425619835
132563,133028,135908,465,2880,2,7200,1.16145833333
132581,133048,135930,467,2882,2,7200,1.16204024983
132617,133053,136204,436,3151,2,7200,1.13836877182
132626,135498,135511,2872,13,1,600,221.923076923
132627,135523,135525,2896,2,1,600,289.8
132629,135537,135549,2908,12,1,600,243.333333333
132677,133060,135887,383,2827,2,7200,1.13547930669
132690,135562,135576,2872,14,1,600,206.142857143
132691,135590,135605,2899,15,1,600,194.266666667
132693,135616,135621,2923,5,1,600,292.8
132694,135632,135645,2938,13,1,600,227.0
132695,135660,135664,2965,4,1,600,296.9
132697,135685,135687,2988,2,1,600,299.0
132698,135698,135699,3000,1,1,600,300.1
132699,135710,135713,3011,3,1,600,301.4
132701,135729,135742,3028,13,1,600,233.923076923
132701,133067,135908,366,2841,2,7200,1.12882787751
132715,133081,136111,366,3030,2,7200,1.12079207921
132730,133088,136049,358,2961,2,7200,1.12090509963
132762,135753,135757,2991,4,1,600,299.5
132765,135786,135798,3021,12,1,600,252.75
132767,135810,135819,3043,9,1,600,305.2
132768,135831,135833,3063,2,1,600,306.5
132769,135844,135847,3075,3,1,600,307.8
132771,135858,135871,3087,13,1,600,238.461538462
132772,135883,135886,3111,3,1,600,311.4
132774,135969,135973,3195,4,1,600,319.9
132775,135984,135997,3209,13,1,600,247.846153846
132776,136008,136021,3232,13,1,600,249.615384615
132812,133176,136347,364,3171,2,7200,1.11479028698
132838,136041,136045,3203,4,1,600,320.7
132839,136058,136060,3219,2,1,600,322.1
132841,136077,136080,3236,3,1,600,323.9
132842,136091,136092,3249,1,1,600,325.0
132843,136110,136114,3267,4,1,600,327.1
132845,136129,136131,3284,2,1,600,328.6
132846,136143,136155,3297,12,1,600,275.75
132847,136167,136171,3320,4,1,600,332.4
132849,136184,136193,3335,9,1,600,334.4
132850,136204,136218,3354,14,1,600,240.571428571
132851,136232,136235,3381,3,1,600,338.4
132853,136258,136270,3405,12,1,600,284.75
132898,133216,136230,318,3014,2,7200,1.10550763106
132899,133235,136084,336,2849,2,7200,1.11793611794
132914,133246,136016,332,2770,2,7200,1.11985559567
132914,136282,136294,3368,12,1,600,281.666666667
132915,133252,136213,337,2961,2,7200,1.11381290105
132916,136311,136313,3395,2,1,600,339.7
132917,136325,136340,3408,15,1,600,228.2
132918,136352,136368,3434,16,1,600,215.625
132920,136379,136392,3459,13,1,600,267.076923077
132921,136403,136416,3482,13,1,600,268.846153846
132922,136431,136441,3509,10,1,600,351.9
132924,136452,136465,3528,13,1,600,272.384615385
132925,136481,136484,3556,3,1,600,355.9
132926,136522,136528,3596,6,1,600,360.2
132928,136539,136543,3611,4,1,600,361.5
132929,136554,136566,3625,12,1,600,303.083333333
132931,136577,136578,3646,1,1,600,364.7
132932,136591,136593,3659,2,1,600,366.1
132933,136609,136622,3676,13,1,600,283.769230769
132935,136633,136636,3698,3,1,600,370.1
132975,135680,141512,2705,5832,2,21600,1.46382030178
132996,136647,136648,3651,1,1,600,365.2
132997,136661,136664,3664,3,1,600,366.7
132999,136676,136688,3677,12,1,600,307.416666667
133000,133264,136235,264,2971,2,7200,1.08885897004
133000,136699,136703,3699,4,1,600,370.3
133002,136715,136724,3713,9,1,600,372.2
133003,136735,136750,3732,15,1,600,249.8
133004,136762,136789,3758,27,1,600,140.185185185
133015,133269,136371,254,3102,2,7200,1.08188265635
133016,133274,136356,258,3082,2,7200,1.08371187541
133024,151556,151962,18532,406,1,3600,46.645320197
133034,133287,136371,253,3084,2,7200,1.08203631647
133035,133303,136092,268,2789,2,7200,1.09609178917
133050,133310,136294,260,2984,2,7200,1.08713136729
133052,133318,136572,266,3254,2,7200,1.08174554395
133076,133334,136180,258,2846,2,7200,1.09065354884
133163,133351,136097,188,2746,2,7200,1.06846321923
133220,133368,135988,148,2620,2,7200,1.05648854962
133235,133384,136325,149,2941,2,7200,1.05066303978
133236,133430,136257,194,2827,2,7200,1.06862398302
133238,133447,136223,209,2776,2,7200,1.07528818444
133239,133542,136465,303,2923,2,7200,1.10366062265
133241,133595,136583,354,2988,2,7200,1.11847389558
133258,133770,136548,512,2778,2,7200,1.18430525558
133291,133778,136643,487,2865,2,7200,1.16998254799
133293,133800,136916,507,3116,2,7200,1.16270860077
133307,133806,136652,499,2846,2,7200,1.17533380183
133322,133812,136405,490,2593,2,7200,1.18897030467
133340,133831,136826,491,2995,2,7200,1.16393989983
133358,133888,136850,530,2962,2,7200,1.17893315327
133373,133922,136586,549,2664,2,7200,1.20608108108
133415,134035,136987,620,2952,2,7200,1.21002710027
133428,136814,136816,3386,2,1,600,338.8
133429,136828,136832,3399,4,1,600,340.3
133430,136845,136857,3415,12,1,600,285.583333333
133436,134041,136952,605,2911,2,7200,1.20783236001
133467,135899,149009,2432,13110,2,21600,1.18550724638
133492,136874,136887,3382,13,1,600,261.153846154
133493,136899,136908,3406,9,1,600,341.5
133494,136919,136922,3425,3,1,600,342.8
133529,134046,136972,517,2926,2,7200,1.17669172932
133556,136934,136947,3378,13,1,600,260.846153846
133583,134051,137017,468,2966,2,7200,1.15778826703
133745,137013,137016,3268,3,1,600,327.1
133746,137033,137036,3287,3,1,600,329.0
133752,134062,137202,310,3140,2,7200,1.09872611465
133788,134067,136849,279,2782,2,7200,1.1002875629
133803,134072,136969,269,2897,2,7200,1.09285467725
133804,134078,137029,274,2951,2,7200,1.0928498814
133808,137054,137057,3246,3,1,600,324.9
133809,137068,137072,3259,4,1,600,326.3
133819,134167,137015,348,2848,2,7200,1.12219101124
133876,134190,136671,314,2481,2,7200,1.12656187021
133912,134253,137473,341,3220,2,7200,1.10590062112
134051,137084,137096,3033,12,1,600,253.75
134052,137107,137120,3055,13,1,600,236.0
134062,134298,137063,236,2765,2,7200,1.08535262206
134156,134324,137189,168,2865,2,7200,1.05863874346
134179,134365,137088,186,2723,2,7200,1.06830701432
134243,134473,137361,230,2888,2,7200,1.0796398892
134312,134590,135032,278,442,2,7200,1.62895927602
134353,134732,137470,379,2738,2,7200,1.13842220599
134443,135944,146324,1501,10380,2,21600,1.14460500963
134462,134767,137641,305,2874,2,7200,1.10612386917
134579,134883,137804,304,2921,2,7200,1.10407394728
134657,137156,137168,2499,12,1,600,209.25
134718,137180,137188,2462,8,1,600,247.0
134721,137213,137216,2492,3,1,600,249.5
134756,134903,137673,147,2770,2,7200,1.05306859206
134782,137227,137233,2445,6,1,600,245.1
134783,137245,137248,2462,3,1,600,246.5
134816,136306,141599,1490,5293,2,21600,1.28150387304
134868,135050,138195,182,3145,2,7200,1.05786963434
134885,135298,138349,413,3051,2,7200,1.13536545395
134905,137260,137261,2355,1,1,600,235.6
134906,137272,137276,2366,4,1,600,237.0
134908,137289,137301,2381,12,1,600,199.416666667
134969,137312,137313,2343,1,1,600,234.4
134970,137324,137340,2354,16,1,600,148.125
134972,137351,137364,2379,13,1,600,184.0
135033,137380,137392,2347,12,1,600,196.583333333
135033,135399,138400,366,3001,2,7200,1.12195934688
135035,137404,137412,2369,8,1,600,237.7
135036,137424,137427,2388,3,1,600,239.1
135037,137439,137442,2402,3,1,600,240.5
135099,137454,137456,2355,2,1,600,235.7
135100,137467,137480,2367,13,1,600,183.076923077
135101,137497,137500,2396,3,1,600,239.9
135136,135143,135148,7,5,1,900,1.2
135161,136966,142717,1805,5751,2,21600,1.3138584594
135163,137512,137516,2349,4,1,600,235.3
135164,137528,137531,2364,3,1,600,236.7
135166,135183,142592,17,7409,1,604800,1.00229450668
135286,135508,138494,222,2986,2,7200,1.07434695244
135388,135653,138647,265,2994,2,7200,1.08851035404
135467,137554,137567,2087,13,1,600,161.538461538
135496,135816,138907,320,3091,2,7200,1.10352636687
135505,138383,139457,2878,1074,1,36000,3.67970204842
135529,137579,137616,2050,37,1,600,56.4054054054
135530,137628,137631,2098,3,1,600,210.1
135532,137643,137654,2111,11,1,600,192.909090909
135593,137666,137670,2073,4,1,600,207.7
135595,137682,137694,2087,12,1,600,174.916666667
135641,135851,138884,210,3033,2,7200,1.06923837784
135656,137706,137710,2050,4,1,600,205.4
135657,137721,137726,2064,5,1,600,206.9
135659,137737,137741,2078,4,1,600,208.2
135664,135919,138822,255,2903,2,7200,1.08784016535
135720,137752,137764,2032,12,1,600,170.333333333
135721,137776,137779,2055,3,1,600,205.8
135722,137790,137793,2068,3,1,600,207.1
135724,137804,137839,2080,35,1,600,60.4285714286
135728,139662,140935,3934,1273,1,36000,4.09033778476
135780,139799,140935,4019,1136,1,36000,4.53785211268
135785,137850,137854,2065,4,1,600,206.9
135786,137865,137866,2079,1,1,600,208.0
135788,137878,137886,2090,8,1,600,209.8
135803,135925,139029,122,3104,2,7200,1.03930412371
135836,135937,138979,101,3042,2,7200,1.03320184089
135849,137897,137900,2048,3,1,600,205.1
135850,137911,137924,2061,13,1,600,159.538461538
135852,137936,137938,2084,2,1,600,208.6
135853,137949,137959,2096,10,1,600,210.6
135887,135950,138786,63,2836,2,7200,1.02221438646
135908,135964,138746,56,2782,2,7200,1.02012940331
135909,136000,138703,91,2703,2,7200,1.03366629671
135914,137971,138003,2057,32,1,600,65.28125
135915,138015,138016,2100,1,1,600,210.1
135927,136022,138914,95,2892,2,7200,1.03284923928
135942,136028,139001,86,2973,2,7200,1.02892700975
135944,136034,138784,90,2750,2,7200,1.03272727273
135959,136064,138704,105,2640,2,7200,1.03977272727
135989,136070,139314,81,3244,2,7200,1.02496917386
136010,136098,138796,88,2698,2,7200,1.03261675315
136025,136105,138781,80,2676,2,7200,1.02989536622
136027,136116,139010,89,2894,2,7200,1.03075328265
136038,138028,138030,1990,2,1,600,199.2
136039,138042,138078,2003,36,1,600,56.6388888889
136040,138089,138126,2049,37,1,600,56.3783783784
136048,136122,138951,74,2829,2,7200,1.02615765288
136049,136191,138917,142,2726,2,7200,1.05209097579
136085,136216,138847,131,2631,2,7200,1.04979095401
136100,136224,139106,124,2882,2,7200,1.04302567661
136101,136239,139196,138,2957,2,7200,1.0466689212
136102,138137,138140,2035,3,1,600,203.8
136103,138151,138165,2048,14,1,600,147.285714286
136104,138177,138189,2073,12,1,600,173.75
136106,138201,138203,2095,2,1,600,209.7
136116,136246,139266,130,3020,2,7200,1.04304635762
136167,138214,138218,2047,4,1,600,205.1
136169,138229,138233,2060,4,1,600,206.4
136170,138244,138281,2074,37,1,600,57.0540540541
136179,136253,139214,74,2961,2,7200,1.02499155691
136204,136268,139044,64,2776,2,7200,1.02305475504
136219,136339,138884,120,2545,2,7200,1.04715127701
136231,138293,138297,2062,4,1,600,206.6
136232,138309,138322,2077,13,1,600,160.769230769
136234,138333,138356,2099,23,1,600,92.2608695652
136234,136359,139214,125,2855,2,7200,1.04378283713
136235,136367,139613,132,3246,2,7200,1.04066543438
136250,136386,139267,136,2881,2,7200,1.04720583131
136265,136391,139484,126,3093,2,7200,1.0407371484
136295,138368,138371,2073,3,1,600,207.6
136295,136425,139125,130,2700,2,7200,1.04814814815
136296,139469,139472,3173,3,1,600,317.6
136325,136476,139379,151,2903,2,7200,1.05201515673
136348,136561,139274,213,2713,2,7200,1.07851087357
136358,139484,139496,3126,12,1,600,261.5
136359,139507,139520,3148,13,1,600,243.153846154
136361,139540,139548,3179,8,1,600,318.7
136363,136584,139516,221,2932,2,7200,1.07537517053
136378,136598,139553,220,2955,2,7200,1.0744500846
136379,136604,139725,225,3121,2,7200,1.07209227812
136404,136654,139793,250,3139,2,7200,1.07964319847
136422,139559,139573,3137,14,1,600,225.071428571
136423,139584,139597,3161,13,1,600,244.153846154
136425,139608,139623,3183,15,1,600,213.2
136467,136668,139529,201,2861,2,7200,1.07025515554
136476,136495,136511,19,16,1,900,2.1875
136486,139634,139635,3148,1,1,600,314.9
136487,139647,139650,3160,3,1,600,316.3
136548,136682,139817,134,3135,2,7200,1.04274322169
136549,139782,139787,3233,5,1,600,323.8
136550,142604,142606,6054,2,1,600,605.6
136551,142618,142621,6067,3,1,600,607.0
136572,136838,139678,266,2840,2,7200,1.09366197183
136587,136867,140115,280,3248,2,7200,1.08620689655
136588,136927,139918,339,2991,2,7200,1.11334002006
136613,142632,142636,6019,4,1,600,602.3
136614,142649,142653,6035,4,1,600,603.9
136615,142665,142669,6050,4,1,600,605.4
136645,136981,140076,336,3095,2,7200,1.10856219709
136660,136988,139834,328,2846,2,7200,1.11524947294
136675,137001,139760,326,2759,2,7200,1.11815875317
136676,142681,142693,6005,12,1,600,501.416666667
136678,142704,142708,6026,4,1,600,603.0
136679,142719,142732,6040,13,1,600,465.615384615
136680,142744,142756,6064,12,1,600,506.333333333
136735,136861,136988,126,127,2,600,1.99212598425
136742,142767,142768,6025,1,1,600,602.6
136743,142781,142793,6038,12,1,600,504.166666667
136744,142795,142810,6051,15,1,600,404.4
136806,142800,142813,5994,13,1,600,462.076923077
136807,142806,142819,5999,13,1,600,462.461538462
136809,142835,142836,6026,1,1,600,602.7
136825,137006,140086,181,3080,2,7200,1.05876623377
136849,137028,140248,179,3220,2,7200,1.05559006211
136851,137039,139739,188,2700,2,7200,1.06962962963
136870,142847,142886,5977,39,1,600,154.256410256
136873,142910,142923,6037,13,1,600,465.384615385
136918,137046,140072,128,3026,2,7200,1.04230006609
136934,142935,142936,6001,1,1,600,600.2
136936,142948,142955,6012,7,1,600,601.9
136937,142966,142970,6029,4,1,600,603.3
136954,137076,140273,122,3197,2,7200,1.03816077573
136969,137099,140275,130,3176,2,7200,1.04093198992
136984,137207,140160,223,2953,2,7200,1.07551642398
136998,137219,140032,221,2813,2,7200,1.07856381088
136998,142987,143000,5989,13,1,600,461.692307692
137000,143011,143014,6011,3,1,600,601.4
137001,143026,143028,6025,2,1,600,602.7
137003,143040,143052,6037,12,1,600,504.083333333
137013,137373,140004,360,2631,2,7200,1.13683010262
137028,137490,140286,462,2796,2,7200,1.1652360515
137030,137594,140292,564,2698,2,7200,1.2090437361
137064,143064,143065,6000,1,1,600,600.1
137066,143076,143089,6010,13,1,600,463.307692308
137066,137653,140546,587,2893,2,7200,1.20290356032
137067,143104,143117,6037,13,1,600,465.384615385
137090,137688,140704,598,3016,2,7200,1.19827586207
137128,143123,143127,5995,4,1,600,599.9
137130,143128,143133,5998,5,1,600,600.3
137131,143140,143157,6009,17,1,600,354.470588235
137192,143169,143171,5977,2,1,600,597.9
137192,137816,140622,624,2806,2,7200,1.22238061297
137194,143182,143200,5988,18,1,600,333.666666667
137195,143211,143224,6016,13,1,600,463.769230769
137196,143235,143238,6039,3,1,600,604.2
137207,137823,141177,616,3354,2,7200,1.18366129994
137258,143247,143248,5989,1,1,600,599.0
137259,143252,143254,5993,2,1,600,599.5
137261,143706,143708,6445,2,1,600,644.7
137262,143720,143721,6458,1,1,600,645.9
137323,143732,143735,6409,3,1,600,641.2
137325,143756,143757,6431,1,1,600,643.2
137326,143769,143772,6443,3,1,600,644.6
137327,143783,143798,6456,15,1,600,431.4
137360,138207,141123,847,2916,2,7200,1.29046639232
137389,143809,143819,6420,10,1,600,643.0
137390,143830,143834,6440,4,1,600,644.4
137412,137483,137581,71,98,2,600,1.72448979592
137452,143846,143855,6394,9,1,600,640.3
137453,143866,143869,6413,3,1,600,641.6
137454,143881,143884,6427,3,1,600,643.0
137456,143895,143898,6439,3,1,600,644.2
137472,138360,141435,888,3075,2,7200,1.2887804878
137486,138411,141471,925,3060,2,7200,1.3022875817
137517,143910,143913,6393,3,1,600,639.6
137520,143936,143949,6416,13,1,600,494.538461538
137529,143744,144143,6215,399,6,604800,16.5764411028
137583,143972,143984,6389,12,1,600,533.416666667
137584,143996,144014,6412,18,1,600,357.222222222
137637,138506,141318,869,2812,2,7200,1.30903271693
137647,144038,144051,6391,13,1,600,492.615384615
137676,138660,141358,984,2698,2,7200,1.36471460341
137709,144075,144077,6366,2,1,600,636.8
137711,144088,144091,6377,3,1,600,638.0
137712,144103,144105,6391,2,1,600,639.3
137775,144129,144141,6354,12,1,600,530.5
137776,144152,144153,6376,1,1,600,637.7
137777,144171,144174,6394,3,1,600,639.7
137802,138714,141717,912,3003,2,7200,1.3036963037
137839,144185,144186,6346,1,1,600,634.7
137840,144197,144236,6357,39,1,600,164.0
137901,144249,144255,6348,6,1,600,635.4
137903,144272,144274,6369,2,1,600,637.1
137904,144285,144286,6381,1,1,600,638.2
137905,144299,144303,6394,4,1,600,639.8
137968,144339,144346,6371,7,1,600,637.8
137969,144358,144360,6389,2,1,600,639.1
137970,144372,144375,6402,3,1,600,640.5
138032,144387,144397,6355,10,1,600,636.5
138033,144409,144421,6376,12,1,600,532.333333333
138096,144452,144454,6356,2,1,600,635.8
138157,144465,144468,6308,3,1,600,631.1
138158,144470,144480,6312,10,1,600,632.2
138197,138722,141477,525,2755,2,7200,1.19056261343
138220,144477,144491,6257,14,1,600,447.928571429
138221,144488,144489,6267,1,1,600,626.8
138222,144496,144499,6274,3,1,600,627.7
138224,144502,144503,6278,1,1,600,627.9
138285,144508,144520,6223,12,1,600,519.583333333
138347,144514,144545,6167,31,1,600,199.935483871
138348,144520,144542,6172,22,1,600,281.545454545
138349,144532,144544,6183,12,1,600,516.25
138350,138757,141726,407,2969,2,7200,1.13708319299
138395,138792,141907,397,3115,2,7200,1.12744783307
138410,144553,144554,6143,1,1,600,614.4
138412,144560,144564,6148,4,1,600,615.2
138494,138800,141784,306,2984,2,7200,1.10254691689
138648,138805,141593,157,2788,2,7200,1.05631276901
138702,138812,141637,110,2825,2,7200,1.0389380531
138717,138834,141459,117,2625,2,7200,1.04457142857
138747,138860,141974,113,3114,2,7200,1.03628773282
138783,138896,141682,113,2786,2,7200,1.04055994257
138798,138901,141569,103,2668,2,7200,1.03860569715
138800,138919,141818,119,2899,2,7200,1.04104863746
138801,138925,141813,124,2888,2,7200,1.04293628809
138822,138932,141684,110,2752,2,7200,1.03997093023
138846,138962,141862,116,2900,2,7200,1.04
138885,138991,142299,106,3308,2,7200,1.03204353083
138887,139014,142106,127,3092,2,7200,1.04107373868
138907,139021,142025,114,3004,2,7200,1.0379494008
138922,139040,141687,118,2647,2,7200,1.04457876842
138924,139056,141156,132,2100,2,7200,1.06285714286
138951,139117,142065,166,2948,2,7200,1.05630936228
138969,266456,312240,127487,45784,2,72000,3.78453171414
138980,139138,142352,158,3214,2,7200,1.04915992533
139001,139207,142004,206,2797,2,7200,1.07365033965
139016,139231,141806,215,2575,2,7200,1.08349514563
139031,139236,142145,205,2909,2,7200,1.07047095222
139046,139278,142051,232,2773,2,7200,1.08366390191
139074,266461,345847,127387,79386,2,144000,2.60465321341
139106,139284,142270,178,2986,2,7200,1.05961152043
139126,139291,142345,165,3054,2,7200,1.05402750491
139196,139326,142376,130,3050,2,7200,1.04262295082
139214,139391,139708,177,317,2,7200,1.55835962145
139216,139528,142341,312,2813,2,7200,1.11091361536
139264,139547,142485,283,2938,2,7200,1.09632402995
139279,139565,142305,286,2740,2,7200,1.10437956204
139280,139615,142674,335,3059,2,7200,1.10951291272
139316,139625,142600,309,2975,2,7200,1.10386554622
139347,139495,139598,148,103,2,600,2.43689320388
139379,139690,142808,311,3118,2,7200,1.09974342527
139484,139720,142763,236,3043,2,7200,1.07755504436
139517,139736,142804,219,3068,2,7200,1.07138200782
139532,139751,142775,219,3024,2,7200,1.07242063492
139552,139771,142480,219,2709,2,7200,1.08084163898
139557,144572,144573,5015,1,1,600,501.6
139558,144580,144599,5022,19,1,600,265.315789474
139559,144585,144598,5026,13,1,600,387.615384615
139615,139806,142631,191,2825,2,7200,1.06761061947
139621,144592,144604,4971,12,1,600,415.25
139622,144609,144610,4987,1,1,600,498.8
139678,139829,142845,151,3016,2,7200,1.050066313
139683,144617,144629,4934,12,1,600,412.166666667
139685,144622,144625,4937,3,1,600,494.0
139686,144629,144630,4943,1,1,600,494.4
139708,139846,142782,138,2936,2,7200,1.0470027248
139711,144709,173648,4998,28939,1,36000,1.17270811016
139726,139929,142859,203,2930,2,7200,1.06928327645
139741,140005,142733,264,2728,2,7200,1.09677419355
139761,140016,143030,255,3014,2,7200,1.08460517585
139794,140043,143121,249,3078,2,7200,1.08089668616
139808,144634,144639,4826,5,1,600,483.1
139818,140084,142862,266,2778,2,7200,1.09575233981
139836,140090,143134,254,3044,2,7200,1.08344283837
139906,262617,867433,122711,604816,3,604800,1.2028898045
139917,140097,142947,180,2850,2,7200,1.06315789474
139945,260228,865078,120283,604850,3,604800,1.1988641812
140004,140102,142969,98,2867,2,7200,1.03418207185
140034,140127,143241,93,3114,2,7200,1.02986512524
140073,140171,143352,98,3181,2,7200,1.03080792204
140088,140260,143087,172,2827,2,7200,1.06084188185
140089,140285,143290,196,3005,2,7200,1.06522462562
140113,140291,143245,178,2954,2,7200,1.06025727827
140161,140299,143289,138,2990,2,7200,1.04615384615
140249,140305,143103,56,2798,2,7200,1.02001429593
140273,140558,143447,285,2889,2,7200,1.09865005192
140274,140634,143732,360,3098,2,7200,1.11620400258
140289,140717,143601,428,2884,2,7200,1.14840499307
140303,140946,143689,643,2743,2,7200,1.23441487423
140548,141135,143840,587,2705,2,7200,1.21700554529
140623,141168,144206,545,3038,2,7200,1.17939433838
140705,141188,143974,483,2786,2,7200,1.17336683417
140707,140791,140846,84,55,8,288000,2.52727272727
140711,140797,140846,86,49,8,324000,2.75510204082
140784,140857,146123,73,5266,16,14400,1.01386251424
140941,200193,203061,59252,2868,8,324000,21.659693166
140943,200220,203056,59277,2836,8,324000,21.9016220028
141006,146176,173316,5170,27140,1,36000,1.19049373618
141038,146182,173158,5144,26976,1,36000,1.19068801898
141067,146277,172979,5210,26702,1,36000,1.19511647068
141123,141330,144308,207,2978,2,7200,1.06950973808
141156,141372,144351,216,2979,2,7200,1.07250755287
141177,141446,144574,269,3128,2,7200,1.08599744246
141319,141471,144035,152,2564,2,7200,1.05928237129
141358,141482,144498,124,3016,2,7200,1.04111405836
141436,141494,144202,58,2708,2,7200,1.02141802068
141460,141524,144452,64,2928,2,7200,1.0218579235
141475,141582,144276,107,2694,2,7200,1.03971789161
141490,141604,144458,114,2854,2,7200,1.03994393833
141571,141611,144615,40,3004,2,7200,1.01331557923
141595,141649,144622,54,2973,2,7200,1.01816347124
141639,141693,145265,54,3572,2,7200,1.01511758119
141685,141699,144827,14,3128,2,7200,1.00447570332
141687,141705,144528,18,2823,2,7200,1.00637619554
141701,141729,144787,28,3058,2,7200,1.00915631131
141719,141738,144704,19,2966,2,7200,1.00640593392
141734,141795,144878,61,3083,2,7200,1.0197859228
141785,141817,144607,32,2790,2,7200,1.01146953405
141809,141824,144834,15,3010,2,7200,1.0049833887
141824,141831,144751,7,2920,2,7200,1.00239726027
141825,141875,145074,50,3199,2,7200,1.01562988434
141864,141918,144748,54,2830,2,7200,1.01908127208
141909,141986,144835,77,2849,2,7200,1.02702702703
141976,142016,144725,40,2709,2,7200,1.01476559616
142006,142038,145197,32,3159,2,7200,1.01012978791
142026,142063,145053,37,2990,2,7200,1.01237458194
142053,142077,145291,24,3214,2,7200,1.00746733043
142068,142118,145187,50,3069,2,7200,1.01629195178
142107,142157,145124,50,2967,2,7200,1.0168520391
142146,142282,145087,136,2805,2,7200,1.04848484848
142270,142311,145588,41,3277,2,7200,1.01251144339
142300,142319,144934,19,2615,2,7200,1.00726577438
142315,142353,145279,38,2926,2,7200,1.01298701299
142342,142359,145426,17,3067,2,7200,1.00554287577
142357,142367,145224,10,2857,2,7200,1.00350017501
142359,142387,145077,28,2690,2,7200,1.01040892193
142376,142494,145580,118,3086,2,7200,1.03823720026
142389,143147,143228,758,81,4,28800,10.3580246914
142482,142501,145484,19,2983,2,7200,1.00636942675
142497,142611,145576,114,2965,2,7200,1.03844856661
142603,142643,145585,40,2942,2,7200,1.01359619307
142633,142687,145583,54,2896,2,7200,1.01864640884
142635,144640,144653,2005,13,1,600,155.230769231
142637,144645,144659,2008,14,1,600,144.428571429
142675,142729,145970,54,3241,2,7200,1.01666152422
142698,144650,144655,1952,5,1,600,195.7
142699,144658,144671,1959,13,1,600,151.692307692
142701,144663,144667,1962,4,1,600,196.6
142702,144669,144681,1967,12,1,600,164.916666667
142735,142750,145839,15,3089,2,7200,1.00485594043
142764,142774,145688,10,2914,2,7200,1.00343170899
142765,144799,144803,2034,4,1,600,203.8
142766,144804,144809,2038,5,1,600,204.3
142779,142787,145979,8,3192,2,7200,1.00250626566
142794,142815,145682,21,2867,2,7200,1.00732472968
142809,142822,145892,13,3070,2,7200,1.00423452769
142810,142828,145755,18,2927,2,7200,1.00614964127
142829,144814,144827,1985,13,1,600,153.692307692
142830,144822,144834,1992,12,1,600,167.0
142832,144838,144851,2006,13,1,600,155.307692308
142833,144845,144851,2012,6,1,600,201.8
142835,144850,144852,2015,2,1,600,201.7
142848,142857,146072,9,3215,2,7200,1.00279937792
142862,142871,145954,9,3083,2,7200,1.00291923451
142864,142877,145613,13,2736,2,7200,1.00475146199
142897,144856,144860,1959,4,1,600,196.3
142898,144861,144866,1963,5,1,600,196.8
142948,142958,145772,10,2814,2,7200,1.00355366027
142960,144868,144872,1908,4,1,600,191.2
142961,144873,144887,1912,14,1,600,137.571428571
142962,144879,144893,1917,14,1,600,137.928571429
142963,144884,144897,1921,13,1,600,148.769230769
142969,142981,145746,12,2765,2,7200,1.00433996383
143025,144889,144902,1864,13,1,600,144.384615385
143026,144897,144900,1871,3,1,600,187.4
143027,144902,144915,1875,13,1,600,145.230769231
143032,143046,145723,14,2677,2,7200,1.00522973478
143086,143098,145957,12,2859,2,7200,1.00419727177
143089,144907,144912,1818,5,1,600,182.3
143090,144913,144917,1823,4,1,600,182.7
143091,144918,144921,1827,3,1,600,183.0
143104,143115,146088,11,2973,2,7200,1.00369996636
143122,143135,145904,13,2769,2,7200,1.00469483568
143136,143241,146258,105,3017,2,7200,1.03480278422
143153,144924,144927,1771,3,1,600,177.4
143154,144929,144943,1775,14,1,600,127.785714286
143155,144934,144948,1779,14,1,600,128.071428571
143157,144940,144953,1783,13,1,600,138.153846154
143218,144945,144958,1727,13,1,600,133.846153846
143219,144950,144988,1731,38,1,600,46.5526315789
143221,144958,144959,1737,1,1,600,173.8
143242,143259,146285,17,3026,2,7200,1.00561797753
143257,143265,146396,8,3131,2,7200,1.00255509422
143282,144964,144967,1682,3,1,600,168.5
143283,144969,144981,1686,12,1,600,141.5
143285,144974,144978,1689,4,1,600,169.3
143286,144980,144992,1694,12,1,600,142.166666667
143290,143296,146140,6,2844,2,7200,1.00210970464
143291,143302,146550,11,3248,2,7200,1.00338669951
143303,144160,144248,857,88,4,28800,10.7386363636
143354,143360,146138,6,2778,2,7200,1.00215982721
143401,143407,146197,6,2790,2,7200,1.00215053763
143402,143458,146098,56,2640,2,7200,1.02121212121
143403,143612,146805,209,3193,2,7200,1.06545568431
143405,143700,146799,295,3099,2,7200,1.09519199742
143406,143751,146583,345,2832,2,7200,1.1218220339
143407,143853,146825,446,2972,2,7200,1.15006729475
143408,143985,147114,577,3129,2,7200,1.18440396293
143410,144048,147212,638,3164,2,7200,1.20164348925
143411,144165,146888,754,2723,2,7200,1.27690047741
143412,144213,144641,801,428,2,7200,2.8714953271
143448,144220,146869,772,2649,2,7200,1.29143072858
143602,144260,147237,658,2977,2,7200,1.22102788042
143689,144265,147169,576,2904,2,7200,1.19834710744
143734,144292,147448,558,3156,2,7200,1.17680608365
143768,144985,144997,1217,12,1,600,102.416666667
143769,144990,144993,1221,3,1,600,122.4
143770,144996,144999,1226,3,1,600,122.9
143772,145001,145014,1229,13,1,600,95.5384615385
143833,145006,145007,1173,1,1,600,117.4
143834,145012,145015,1178,3,1,600,118.1
143836,145017,145019,1181,2,1,600,118.3
143842,144332,147456,490,3124,2,7200,1.15685019206
143898,145023,145027,1125,4,1,600,112.9
143899,146297,146298,2398,1,1,600,239.9
143900,146310,146322,2410,12,1,600,201.833333333
143901,146333,146337,2432,4,1,600,243.6
143963,146340,146342,2377,2,1,600,237.9
143964,146346,146348,2382,2,1,600,238.4
143967,146359,146372,2392,13,1,600,185.0
143968,146365,146377,2397,12,1,600,200.75
143976,144365,147341,389,2976,2,7200,1.13071236559
144030,146372,146375,2342,3,1,600,234.5
144031,146383,146384,2352,1,1,600,235.3
144036,144482,147190,446,2708,2,7200,1.1646971935
144093,146390,146403,2297,13,1,600,177.692307692
144094,146396,146410,2302,14,1,600,165.428571429
144095,146408,146424,2313,16,1,600,145.5625
144097,146414,146417,2317,3,1,600,232.0
144098,146420,146423,2322,3,1,600,232.5
144159,146427,146440,2268,13,1,600,175.461538462
144161,146434,146437,2273,3,1,600,227.6
144205,144525,147464,320,2939,2,7200,1.10888057162
144207,144540,147351,333,2811,2,7200,1.11846318036
144225,146454,146466,2229,12,1,600,186.75
144226,146459,146467,2233,8,1,600,224.1
144279,144597,147050,318,2453,2,7200,1.12963717896
144288,146464,146467,2176,3,1,600,217.9
144289,146470,146479,2181,9,1,600,219.0
144290,146477,146509,2187,32,1,600,69.34375
144292,146483,146496,2191,13,1,600,169.538461538
144309,144679,147532,370,2853,2,7200,1.12968804767
144351,144685,145128,334,443,2,7200,1.7539503386
144353,146489,146491,2136,2,1,600,213.8
144355,146496,146508,2141,12,1,600,179.416666667
144356,146504,146507,2148,3,1,600,215.1
144406,144697,151010,291,6313,4,28800,1.04609535878
144417,146510,146523,2093,13,1,600,162.0
144419,146519,146521,2100,2,1,600,210.2
144420,146525,146537,2105,12,1,600,176.416666667
144455,144702,147874,247,3172,2,7200,1.07786885246
144469,144715,147518,246,2803,2,7200,1.08776311095
144482,146531,146543,2049,12,1,600,171.75
144483,146538,146550,2055,12,1,600,172.25
144484,146543,146546,2059,3,1,600,206.2
144486,146549,146550,2063,1,1,600,206.4
144487,146561,146564,2074,3,1,600,207.7
144499,144738,147807,239,3069,2,7200,1.07787552949
144526,144760,147974,234,3214,2,7200,1.07280647169
144548,146573,146577,2025,4,1,600,202.9
144550,146578,146583,2028,5,1,600,203.3
144551,146584,146585,2033,1,1,600,203.4
144553,146598,146602,2045,4,1,600,204.9
144554,146604,146640,2050,36,1,600,57.9444444444
144555,146614,146616,2059,2,1,600,206.1
144557,146627,146668,2070,41,1,600,51.487804878
144560,146663,146666,2103,3,1,600,210.6
144574,144767,147858,193,3091,2,7200,1.06243934002
144608,145041,147946,433,2905,2,7200,1.14905335628
144621,146678,146681,2057,3,1,600,206.0
144623,145046,147767,423,2721,2,7200,1.15545755237
144623,146684,146691,2061,7,1,600,206.8
144625,146693,146705,2068,12,1,600,173.333333333
144625,145052,148147,427,3095,2,7200,1.1379644588
144626,146703,146716,2077,13,1,600,160.769230769
144628,146716,146719,2088,3,1,600,209.1
144629,146727,146730,2098,3,1,600,210.1
144630,146734,146737,2104,3,1,600,210.7
144632,146742,146743,2110,1,1,600,211.1
144643,145057,147929,414,2872,2,7200,1.14415041783
144695,146756,146757,2061,1,1,600,206.2
144696,146762,146763,2066,1,1,600,206.7
144698,146769,146772,2071,3,1,600,207.4
144699,146777,146780,2078,3,1,600,208.1
144700,146783,146819,2083,36,1,600,58.8611111111
144702,146792,146804,2090,12,1,600,175.166666667
144703,146810,146827,2107,17,1,600,124.941176471
144704,146817,146830,2113,13,1,600,163.538461538
144706,146831,146843,2125,12,1,600,178.083333333
144706,145064,148276,358,3212,2,7200,1.11145703611
144727,145069,147691,342,2622,2,7200,1.13043478261
144751,145074,147499,323,2425,2,7200,1.13319587629
144752,145080,147967,328,2887,2,7200,1.1136127468
144786,145085,148312,299,3227,2,7200,1.09265571738
144828,145092,147898,264,2806,2,7200,1.09408410549
144828,146844,146845,2016,1,1,600,201.7
144829,146850,146852,2021,2,1,600,202.3
144843,145097,148264,254,3167,2,7200,1.08020208399
144845,145102,147963,257,2861,2,7200,1.08982873121
144881,145109,148091,228,2982,2,7200,1.07645875252
144891,146856,146860,1965,4,1,600,196.9
144892,146861,146862,1969,1,1,600,197.0
144893,146869,146881,1976,12,1,600,165.666666667
144895,146876,146888,1981,12,1,600,166.083333333
144896,146881,146897,1985,16,1,600,125.0625
144898,146901,146916,2003,15,1,600,134.533333333
144899,146906,146907,2007,1,1,600,200.8
144900,146911,146913,2011,2,1,600,201.3
144902,146917,146958,2015,41,1,600,50.1463414634
144903,146925,146948,2022,23,1,600,88.9130434783
144904,146930,146934,2026,4,1,600,203.0
144906,146936,146939,2030,3,1,600,203.3
144912,151030,155157,6118,4127,4,14400,2.48243275987
144917,155190,159602,10273,4412,4,14400,3.32842248413
144918,162389,166709,17471,4320,4,14400,5.04421296296
144919,198720,198959,53801,239,4,14400,226.108786611
144919,166721,171130,21802,4409,4,14400,5.94488546156
144935,145135,147997,200,2862,2,7200,1.06988120196
144967,146946,146952,1979,6,1,600,198.5
144968,146952,146965,1984,13,1,600,153.615384615
144970,146959,146973,1989,14,1,600,143.071428571
144971,146965,146969,1994,4,1,600,199.8
144973,146972,147012,1999,40,1,600,50.975
144974,146978,146982,2004,4,1,600,200.8
144975,146985,146998,2010,13,1,600,155.615384615
144977,146991,146998,2014,7,1,600,202.1
144978,146998,147000,2020,2,1,600,202.2
144979,147010,147026,2031,16,1,600,127.9375
144981,147015,147017,2034,2,1,600,203.6
144982,147021,147024,2039,3,1,600,204.2
144999,145036,145040,37,4,8,21600,4.1
145043,147028,147040,1985,12,1,600,166.416666667
145045,147034,147069,1989,35,1,600,57.8285714286
145046,147040,147053,1994,13,1,600,154.384615385
145047,147046,147082,1999,36,1,600,56.5277777778
145049,147052,147061,2003,9,1,600,201.2
145050,147068,147075,2018,7,1,600,202.5
145051,147076,147078,2025,2,1,600,202.7
145052,145142,148206,90,3064,2,7200,1.02937336815
145053,147083,147086,2030,3,1,600,203.3
145054,147089,147092,2035,3,1,600,203.8
145056,147095,147097,2039,2,1,600,204.1
145057,147101,147102,2044,1,1,600,204.5
145059,147107,147119,2048,12,1,600,171.666666667
145074,145199,148126,125,2927,2,7200,1.04270584216
145089,145208,148079,119,2871,2,7200,1.04144897248
145090,145235,148399,145,3164,2,7200,1.04582806574
145123,145276,147874,153,2598,2,7200,1.05889145497
145138,145290,146541,152,1251,2,7200,1.12150279776
145186,145302,148425,116,3123,2,7200,1.03714377201
145202,145437,148527,235,3090,2,7200,1.07605177994
145226,145496,148488,270,2992,2,7200,1.09024064171
145269,145588,148666,319,3078,2,7200,1.10363872645
145283,145594,148381,311,2787,2,7200,1.11158952278
145298,145600,148660,302,3060,2,7200,1.09869281046
145308,146133,146138,825,5,8,21600,83.0
145428,145607,148871,179,3264,2,7200,1.05484068627
145487,145612,148612,125,3000,2,7200,1.04166666667
145577,145624,148543,47,2919,2,7200,1.01610140459
145592,145693,148664,101,2971,2,7200,1.03399528778
145594,145700,148792,106,3092,2,7200,1.03428201811
145595,145735,148326,140,2591,2,7200,1.05403319182
145596,145757,148626,161,2869,2,7200,1.05611711398
145614,145766,148648,152,2882,2,7200,1.05274115198
145684,145784,148546,100,2762,2,7200,1.03620564808
145699,145851,148848,152,2997,2,7200,1.05071738405
145725,145904,148973,179,3069,2,7200,1.05832518736
145746,145916,148917,170,3001,2,7200,1.05664778407
145761,145965,148843,204,2878,2,7200,1.07088255733
145776,145972,148812,196,2840,2,7200,1.06901408451
145839,145982,148719,143,2737,2,7200,1.05224698575
145890,145991,149004,101,3013,2,7200,1.03352140724
145905,146084,149190,179,3106,2,7200,1.05763039279
145953,146101,148859,148,2758,2,7200,1.05366207397
145968,146109,149050,141,2941,2,7200,1.04794287657
145983,146138,149199,155,3061,2,7200,1.05063704672
145985,146144,149262,159,3118,2,7200,1.05099422707
146072,146149,149391,77,3242,2,7200,1.02375077113
146090,146154,149078,64,2924,2,7200,1.0218878249
146104,146161,148694,57,2533,2,7200,1.02250296092
146137,146166,149145,29,2979,2,7200,1.00973481034
146153,146171,148800,18,2629,2,7200,1.00684670978
146157,203069,216405,56912,13336,6,604800,5.2675464907
146186,203081,216738,56895,13657,6,604800,5.1659954602
146198,146204,148824,6,2620,2,7200,1.00229007634
146258,146265,149283,7,3018,2,7200,1.00231941683
146263,146272,156313,9,10041,1,604800,1.00089632507
146285,146291,149397,6,3106,2,7200,1.00193174501
146323,147113,147116,790,3,1,600,79.3
146385,147119,147127,734,8,1,600,74.2
146386,147124,147136,738,12,1,600,62.5
146387,147136,147148,749,12,1,600,63.4166666667
146389,147141,147145,752,4,1,600,75.6
146390,147147,147151,757,4,1,600,76.1
146391,147153,147171,762,18,1,600,43.3333333333
146393,147160,147172,767,12,1,600,64.9166666667
146395,147165,147183,770,18,1,600,43.7777777778
146395,146402,148977,7,2575,2,7200,1.0027184466
146396,147171,147174,775,3,1,600,77.8
146446,204089,204355,57643,266,6,604800,217.703007519
146457,147187,147190,730,3,1,600,73.3
146459,147193,147197,734,4,1,600,73.8
146460,147198,147199,738,1,1,600,73.9
146461,147211,147221,750,10,1,600,76.0
146462,147217,147258,755,41,1,600,19.4146341463
146464,147222,147228,758,6,1,600,76.4
146465,147227,147234,762,7,1,600,76.9
146466,147233,147237,767,4,1,600,77.1
146468,147238,147254,770,16,1,600,49.125
146529,147243,147283,714,40,1,600,18.85
146530,147249,147263,719,14,1,600,52.3571428571
146532,147254,147259,722,5,1,600,72.7
146533,147259,147275,726,16,1,600,46.375
146534,147265,147282,731,17,1,600,44.0
146536,147270,147282,734,12,1,600,62.1666666667
146537,147275,147290,738,15,1,600,50.2
146538,147281,147300,743,19,1,600,40.1052631579
146540,147286,147302,746,16,1,600,47.625
146541,147291,147306,750,15,1,600,51.0
146542,146555,149717,13,3162,2,7200,1.00411132195
146542,147297,147302,755,5,1,600,76.0
146544,147302,147307,758,5,1,600,76.3
146557,146568,149411,11,2843,2,7200,1.0038691523
146584,146591,149759,7,3168,2,7200,1.00220959596
146605,147307,147311,702,4,1,600,70.6
146606,147313,147327,707,14,1,600,51.5
146608,147331,147344,723,13,1,600,56.6153846154
146609,147336,147337,727,1,1,600,72.8
146610,147342,147344,732,2,1,600,73.4
146612,147347,147348,735,1,1,600,73.6
146613,147352,147356,739,4,1,600,74.3
146614,147357,147361,743,4,1,600,74.7
146677,147368,147371,691,3,1,600,69.4
146678,147373,147374,695,1,1,600,69.6
146680,147379,147391,699,12,1,600,59.25
146681,147384,147390,703,6,1,600,70.9
146682,147389,147390,707,1,1,600,70.8
146744,147394,147397,650,3,1,600,65.3
146745,147400,147404,655,4,1,600,65.9
146746,147405,147410,659,5,1,600,66.4
146747,147410,147415,663,5,1,600,66.8
146749,147429,147442,680,13,1,600,53.3076923077
146750,147434,147444,684,10,1,600,69.4
146751,147440,147452,689,12,1,600,58.4166666667
146753,147445,147453,692,8,1,600,70.0
146798,146804,149675,6,2871,2,7200,1.00208986416
146813,146824,149872,11,3048,2,7200,1.00360892388
146814,147450,147464,636,14,1,600,46.4285714286
146815,147456,147459,641,3,1,600,64.4
146817,147461,147463,644,2,1,600,64.6
146818,147466,147468,648,2,1,600,65.0
146819,147471,147472,652,1,1,600,65.3
146821,147477,147479,656,2,1,600,65.8
146828,146837,147666,9,829,2,7200,1.01085645356
146871,146887,149887,16,3000,2,7200,1.00533333333
146882,147482,147494,600,12,1,600,51.0
146883,147487,147490,604,3,1,600,60.7
146885,147511,147525,626,14,1,600,45.7142857143
146886,147516,147517,630,1,1,600,63.1
146887,147522,147525,635,3,1,600,63.8
146888,146894,149621,6,2727,2,7200,1.00220022002
146889,147527,147530,638,3,1,600,64.1
146890,147532,147547,642,15,1,600,43.8
146891,147537,147553,646,16,1,600,41.375
146893,147543,147556,650,13,1,600,51.0
146894,147548,147560,654,12,1,600,55.5
146955,147571,147574,616,3,1,600,61.9
146957,147576,147579,619,3,1,600,62.2
146958,147583,147602,625,19,1,600,33.8947368421
146959,147589,147597,630,8,1,600,63.8
146961,147594,147606,633,12,1,600,53.75
146962,147599,147612,637,13,1,600,50.0
146963,147606,147610,643,4,1,600,64.7
146966,147619,147623,653,4,1,600,65.7
147027,147624,147637,597,13,1,600,46.9230769231
147028,147630,147642,602,12,1,600,51.1666666667
147030,147636,147649,606,13,1,600,47.6153846154
147032,147647,147648,615,1,1,600,61.6
147034,147652,147655,618,3,1,600,62.1
147035,147659,147662,624,3,1,600,62.7
147038,147670,147683,632,13,1,600,49.6153846154
147039,147675,147688,636,13,1,600,49.9230769231
147040,147688,147692,648,4,1,600,65.2
147051,147061,149837,10,2776,2,7200,1.00360230548
147102,147693,147697,591,4,1,600,59.5
147103,147707,147711,604,4,1,600,60.8
147104,147713,147725,609,12,1,600,51.75
147105,147718,147722,613,4,1,600,61.7
147108,147731,147734,623,3,1,600,62.6
147109,147738,147740,629,2,1,600,63.1
147111,147743,147747,632,4,1,600,63.6
147112,147748,147761,636,13,1,600,49.9230769231
147114,147756,147766,642,10,1,600,65.2
147114,147131,150087,17,2956,2,7200,1.00575101488
147115,147761,147764,646,3,1,600,64.9
147168,147181,150245,13,3064,2,7200,1.00424281984
147176,147769,147771,593,2,1,600,59.5
147178,147781,147794,603,13,1,600,47.3846153846
147179,147787,147790,608,3,1,600,61.1
147180,147792,147795,612,3,1,600,61.5
147181,147799,147800,618,1,1,600,61.9
147183,147807,147819,624,12,1,600,53.0
147184,147812,147815,628,3,1,600,63.1
147185,147817,147820,632,3,1,600,63.5
147187,147832,147835,645,3,1,600,64.8
147188,147837,147850,649,13,1,600,50.9230769231
147189,147205,150261,16,3056,2,7200,1.00523560209
147189,147842,147843,653,1,1,600,65.4
147210,147321,150163,111,2842,2,7200,1.03905700211
147238,147326,150237,88,2911,2,7200,1.03023016146
147251,147850,147863,599,13,1,600,47.0769230769
147252,147857,147871,605,14,1,600,44.2142857143
147253,147863,147872,610,9,1,600,61.9
147255,147876,147882,621,6,1,600,62.7
147256,147896,147904,640,8,1,600,64.8
147257,147901,147916,644,15,1,600,43.9333333333
147259,147906,147919,647,13,1,600,50.7692307692
147260,147921,147925,661,4,1,600,66.5
147324,147951,147955,627,4,1,600,63.1
147327,147969,147972,642,3,1,600,64.5
147328,147981,147986,653,5,1,600,65.8
147329,147999,148002,670,3,1,600,67.3
147330,148012,148024,682,12,1,600,57.8333333333
147332,148019,148032,687,13,1,600,53.8461538462
147333,148024,148036,691,12,1,600,58.5833333333
147334,148030,148032,696,2,1,600,69.8
147336,148036,148051,700,15,1,600,47.6666666667
147338,148049,148052,711,3,1,600,71.4
147340,148056,148058,716,2,1,600,71.8
147343,147419,150401,76,2982,2,7200,1.02548625084
147358,147424,150583,66,3159,2,7200,1.02089268756
147401,148061,148080,660,19,1,600,35.7368421053
147402,148069,148073,667,4,1,600,67.1
147404,148074,148076,670,2,1,600,67.2
147405,148081,148098,676,17,1,600,40.7647058824
147406,148093,148095,687,2,1,600,68.9
147408,148098,148099,690,1,1,600,69.1
147409,148113,148115,704,2,1,600,70.6
147410,148118,148131,708,13,1,600,55.4615384615
147411,148123,148126,712,3,1,600,71.5
147413,148131,148149,718,18,1,600,40.8888888889
147414,148143,148155,729,12,1,600,61.75
147415,148149,148163,734,14,1,600,53.4285714286
147417,148155,148164,738,9,1,600,74.7
147418,148167,148170,749,3,1,600,75.2
147419,148173,148182,754,9,1,600,76.3
147448,147495,150283,47,2788,2,7200,1.0168579627
147463,147500,150365,37,2865,2,7200,1.01291448517
147478,147506,150268,28,2762,2,7200,1.01013758146
147482,148186,148189,704,3,1,600,70.7
147483,148193,148194,710,1,1,600,71.1
147485,148198,148199,713,1,1,600,71.4
147486,148204,148206,718,2,1,600,72.0
147489,148216,148249,727,33,1,600,23.0303030303
147490,148221,148233,731,12,1,600,61.9166666667
147491,148234,148267,743,33,1,600,23.5151515152
147494,148257,148269,763,12,1,600,64.5833333333
147502,147555,150669,53,3114,2,7200,1.01701991008
147520,147560,150763,40,3203,2,7200,1.01248829223
147535,147566,150461,31,2895,2,7200,1.01070811744
147555,148264,148276,709,12,1,600,60.0833333333
147556,148280,148294,724,14,1,600,52.7142857143
147558,148285,148302,727,17,1,600,43.7647058824
147559,148297,148334,738,37,1,600,20.9459459459
147560,148303,148317,743,14,1,600,54.0714285714
147563,148317,148320,754,3,1,600,75.7
147564,148331,148337,767,6,1,600,77.3
147566,148343,148346,777,3,1,600,78.0
147567,148350,148362,783,12,1,600,66.25
147629,148355,148367,726,12,1,600,61.5
147630,148361,148364,731,3,1,600,73.4
147631,148374,148386,743,12,1,600,62.9166666667
147633,148381,148393,748,12,1,600,63.3333333333
147634,148386,148398,752,12,1,600,63.6666666667
147635,148399,148412,764,13,1,600,59.7692307692
147638,148419,148424,781,5,1,600,78.6
147640,148424,148427,784,3,1,600,78.7
147667,147683,149547,16,1864,2,7200,1.00858369099
147691,147700,150725,9,3025,2,7200,1.00297520661
147701,148436,148449,735,13,1,600,57.5384615385
147703,148443,148456,740,13,1,600,57.9230769231
147704,148449,148459,745,10,1,600,75.5
147705,148461,148463,756,2,1,600,75.8
147707,148468,148480,761,12,1,600,64.4166666667
147708,148474,148475,766,1,1,600,76.7
147711,148486,148487,775,1,1,600,77.6
147712,148494,148497,782,3,1,600,78.5
147714,148499,148500,785,1,1,600,78.6
147715,148512,148524,797,12,1,600,67.4166666667
147718,148524,148532,806,8,1,600,81.4
147767,147775,150508,8,2733,2,7200,1.00292718624
147779,148531,148534,752,3,1,600,75.5
147780,148543,148556,763,13,1,600,59.6923076923
147782,148550,148563,768,13,1,600,60.0769230769
147783,148555,148567,772,12,1,600,65.3333333333
147785,148560,148576,775,16,1,600,49.4375
147786,148584,148586,798,2,1,600,80.0
147789,148602,148616,813,14,1,600,59.0714285714
147790,148607,148621,817,14,1,600,59.3571428571
147791,148615,148619,824,4,1,600,82.8
147806,147825,150865,19,3040,2,7200,1.00625
147853,148620,148623,767,3,1,600,77.0
147855,148639,148653,784,14,1,600,57.0
147856,148644,148645,788,1,1,600,78.9
147857,148652,148659,795,7,1,600,80.2
147859,148657,148666,798,9,1,600,80.7
147860,147870,150879,10,3009,2,7200,1.00332336324
147860,148663,148675,803,12,1,600,67.9166666667
147861,148680,148683,819,3,1,600,82.2
147863,148686,148688,823,2,1,600,82.5
147864,148709,148710,845,1,1,600,84.6
147865,148715,148722,850,7,1,600,85.7
147875,147883,150972,8,3089,2,7200,1.0025898349
147876,147889,150710,13,2821,2,7200,1.00460829493
147900,147914,150569,14,2655,2,7200,1.00527306968
147927,148720,148734,793,14,1,600,57.6428571429
147928,148738,148750,810,12,1,600,68.5
147930,148743,148756,813,13,1,600,63.5384615385
147931,147943,150870,12,2927,2,7200,1.00409976085
147931,148749,148764,818,15,1,600,55.5333333333
147932,148756,148769,824,13,1,600,64.3846153846
147934,148761,148777,827,16,1,600,52.6875
147935,148766,148770,831,4,1,600,83.5
147938,148779,148781,841,2,1,600,84.3
147949,147964,148774,15,810,2,7200,1.01851851852
147964,147976,151188,12,3212,2,7200,1.00373599004
147979,147989,150915,10,2926,2,7200,1.003417635
147981,147994,151005,13,3011,2,7200,1.00431750249
147999,148784,148788,785,4,1,600,78.9
147999,148006,151023,7,3017,2,7200,1.00232018561
148001,148790,148829,789,39,1,600,21.2307692308
148002,148808,148810,806,2,1,600,80.8
148003,148813,148814,810,1,1,600,81.1
148005,148818,148819,813,1,1,600,81.4
148066,148836,148838,770,2,1,600,77.2
148068,148841,148842,773,1,1,600,77.4
148069,148846,148862,777,16,1,600,49.5625
148072,148870,148883,798,13,1,600,62.3846153846
148073,148876,148879,803,3,1,600,80.6
148075,148881,148893,806,12,1,600,68.1666666667
148076,148905,148906,829,1,1,600,83.0
148077,148910,148915,833,5,1,600,83.8
148079,148923,148931,844,8,1,600,85.2
148080,148087,150925,7,2838,2,7200,1.00246652572
148095,148106,148546,11,440,2,7200,1.025
148128,148138,150935,10,2797,2,7200,1.00357525921
148140,148929,148941,789,12,1,600,66.75
148142,148934,148952,792,18,1,600,45.0
148143,148939,148942,796,3,1,600,79.9
148145,148952,148959,807,7,1,600,81.4
148146,148957,148973,811,16,1,600,51.6875
148147,148970,148979,823,9,1,600,83.2
148149,148975,148988,826,13,1,600,64.5384615385
148149,148161,151226,12,3065,2,7200,1.00391517129
148150,148981,148984,831,3,1,600,83.4
148206,148228,151203,22,2975,2,7200,1.00739495798
148211,148998,149001,787,3,1,600,79.0
148213,149004,149044,791,40,1,600,20.775
148214,149021,149034,807,13,1,600,63.0769230769
148215,149026,149029,811,3,1,600,81.4
148218,149039,149053,821,14,1,600,59.6428571429
148219,149044,149046,825,2,1,600,82.7
148221,149050,149065,829,15,1,600,56.2666666667
148222,149055,149067,833,12,1,600,70.4166666667
148224,149060,149063,836,3,1,600,83.9
148225,149073,149078,848,5,1,600,85.3
148226,149079,149091,853,12,1,600,72.0833333333
148266,148273,151479,7,3206,2,7200,1.00218340611
148281,148292,151284,11,2992,2,7200,1.00367647059
148288,149084,149087,796,3,1,600,79.9
148289,149089,149102,800,13,1,600,62.5384615385
148291,149095,149107,804,12,1,600,68.0
148294,149118,149120,824,2,1,600,82.6
148295,149123,149136,828,13,1,600,64.6923076923
148314,148323,151178,9,2855,2,7200,1.00315236427
148329,148337,151205,8,2868,2,7200,1.00278940028
148357,149129,149131,772,2,1,600,77.4
148358,149136,149137,778,1,1,600,77.9
148359,149141,149154,782,13,1,600,61.1538461538
148361,149147,149159,786,12,1,600,66.5
148362,149152,149160,790,8,1,600,79.8
148363,149157,149160,794,3,1,600,79.7
148365,149170,149202,805,32,1,600,26.15625
148366,149176,149188,810,12,1,600,68.5
148383,148392,151276,9,2884,2,7200,1.00312066574
148401,148414,151382,13,2968,2,7200,1.00438005391
148425,148431,151123,6,2692,2,7200,1.00222882615
148427,149181,149193,754,12,1,600,63.8333333333
148429,149188,149220,759,32,1,600,24.71875
148430,149193,149196,763,3,1,600,76.6
148431,149199,149202,768,3,1,600,77.1
148433,149204,149208,771,4,1,600,77.5
148434,149216,149229,782,13,1,600,61.1538461538
148436,149221,149222,785,1,1,600,78.6
148437,149227,149239,790,12,1,600,66.8333333333
148438,149239,149240,801,1,1,600,80.2
148440,149244,149281,804,37,1,600,22.7297297297
148488,148507,148779,19,272,2,7200,1.06985294118
148501,149250,149262,749,12,1,600,63.4166666667
148503,149255,149256,752,1,1,600,75.3
148504,149262,149270,758,8,1,600,76.6
148505,149267,149280,762,13,1,600,59.6153846154
148507,149273,149281,766,8,1,600,77.4
148508,149285,149289,777,4,1,600,78.1
148509,149291,149307,782,16,1,600,49.875
148511,149303,149338,792,35,1,600,23.6285714286
148512,149309,149321,797,12,1,600,67.4166666667
148513,149314,149318,801,4,1,600,80.5
148527,148538,151511,11,2973,2,7200,1.00369996636
148546,148568,151487,22,2919,2,7200,1.00753682768
148547,148573,151649,26,3076,2,7200,1.00845253576
148548,148578,148664,30,86,2,7200,1.3488372093
148575,149320,149324,745,4,1,600,74.9
148576,149332,149344,756,12,1,600,64.0
148577,149337,149340,760,3,1,600,76.3
148579,149345,149357,766,12,1,600,64.8333333333
148580,149350,149382,770,32,1,600,25.0625
148582,149355,149358,773,3,1,600,77.6
148583,149362,149363,779,1,1,600,78.0
148584,149368,149380,784,12,1,600,66.3333333333
148612,148627,151608,15,2981,2,7200,1.0050318685
148627,148634,151466,7,2832,2,7200,1.00247175141
148646,149373,149386,727,13,1,600,56.9230769231
148647,149380,149392,733,12,1,600,62.0833333333
148648,149385,149392,737,7,1,600,74.4
148648,148670,151597,22,2927,2,7200,1.00751622822
148650,149391,149403,741,12,1,600,62.75
148651,149403,149406,752,3,1,600,75.5
148652,149408,149412,756,4,1,600,76.0
148654,149414,149426,760,12,1,600,64.3333333333
148663,148675,151753,12,3078,2,7200,1.00389863548
148665,148693,151491,28,2798,2,7200,1.01000714796
148666,148698,151678,32,2980,2,7200,1.01073825503
148681,148704,151887,23,3183,2,7200,1.00722588753
148697,148727,151947,30,3220,2,7200,1.00931677019
148715,149427,149430,712,3,1,600,71.5
148717,149432,149472,715,40,1,600,18.875
148718,149437,149440,719,3,1,600,72.2
148721,148733,151424,12,2691,2,7200,1.00445930881
148721,149455,149494,734,39,1,600,19.8205128205
148722,149461,149465,739,4,1,600,74.3
148724,149466,149468,742,2,1,600,74.4
148775,148797,151943,22,3146,2,7200,1.00699300699
148785,149473,149486,688,13,1,600,53.9230769231
148787,149478,149490,691,12,1,600,58.5833333333
148788,149485,149487,697,2,1,600,69.9
148789,149490,149492,701,2,1,600,70.3
148790,148802,151913,12,3111,2,7200,1.00385728062
148791,149495,149503,704,8,1,600,71.2
148792,149503,149506,711,3,1,600,71.4
148793,149508,149521,715,13,1,600,56.0
148795,149514,149526,719,12,1,600,60.9166666667
148796,149521,149527,725,6,1,600,73.1
148798,149526,149539,728,13,1,600,57.0
148806,148825,148950,19,125,2,7200,1.152
148807,148830,151656,23,2826,2,7200,1.00813871196
148822,148854,149291,32,437,2,7200,1.07322654462
148837,148859,152105,22,3246,2,7200,1.0067775724
148852,148889,151669,37,2780,2,7200,1.01330935252
148854,148894,151789,40,2895,2,7200,1.01381692573
148861,149537,149541,676,4,1,600,68.0
148862,149544,149557,682,13,1,600,53.4615384615
148865,149555,149568,690,13,1,600,54.0769230769
148866,149560,149565,694,5,1,600,69.9
148868,148900,151688,32,2788,2,7200,1.01147776184
148868,149573,149582,705,9,1,600,71.4
148869,149579,149596,710,17,1,600,42.7647058824
148883,148918,151759,35,2841,2,7200,1.01231960577
148916,148947,152211,31,3264,2,7200,1.00949754902
148930,149584,149596,654,12,1,600,55.5
148932,149591,149603,659,12,1,600,55.9166666667
148933,149596,149635,663,39,1,600,18.0
148935,149601,149616,666,15,1,600,45.4
148937,149614,149630,677,16,1,600,43.3125
148939,149619,149632,680,13,1,600,53.3076923077
148953,148965,151947,12,2982,2,7200,1.00402414487
148974,148988,151816,14,2828,2,7200,1.00495049505
148979,148993,149405,14,412,1,3600,1.03398058252
148988,149010,151931,22,2921,2,7200,1.00753166724
149000,149632,149650,632,18,1,600,36.1111111111
149001,149637,149656,636,19,1,600,34.4736842105
149003,149645,149661,642,16,1,600,41.125
149003,149016,151897,13,2881,2,7200,1.00451232211
149004,149650,149659,646,9,1,600,65.5
149006,149656,149659,650,3,1,600,65.3
149007,149661,149665,654,4,1,600,65.8
149008,149668,149675,660,7,1,600,66.7
149010,149673,149674,663,1,1,600,66.4
149011,149679,149692,668,13,1,600,52.3846153846
149051,149068,151902,17,2834,2,7200,1.00599858857
149072,149691,149695,619,4,1,600,62.3
149074,149697,149709,623,12,1,600,52.9166666667
149075,149702,149703,627,1,1,600,62.8
149078,149102,152191,24,3089,2,7200,1.00776950469
149078,149714,149749,636,35,1,600,19.1714285714
149079,149720,149723,641,3,1,600,64.4
149081,149725,149734,644,9,1,600,65.3
149082,149730,149733,648,3,1,600,65.1
149083,149743,149744,660,1,1,600,66.1
149085,149749,149765,664,16,1,600,42.5
149096,149107,149909,11,802,1,3600,1.01371571072
149145,149165,151959,20,2794,2,7200,1.00715819613
149148,149766,149767,618,1,1,600,61.9
149149,149772,149775,623,3,1,600,62.6
149150,149777,149779,627,2,1,600,62.9
149152,149782,149786,630,4,1,600,63.4
149153,149795,149808,642,13,1,600,50.3846153846
149154,149801,149804,647,3,1,600,65.0
149156,149806,149807,650,1,1,600,65.1
149157,149811,149824,654,13,1,600,51.3076923077
149190,149211,152166,21,2955,2,7200,1.00710659898
149205,149234,151964,29,2730,2,7200,1.01062271062
149219,149817,149830,598,13,1,600,47.0
149220,149824,149836,604,12,1,600,51.3333333333
149221,149829,149842,608,13,1,600,47.7692307692
149223,149835,149847,612,12,1,600,52.0
149224,149840,149852,616,12,1,600,52.3333333333
149225,149845,149848,620,3,1,600,62.3
149227,149858,149863,631,5,1,600,63.6
149228,149864,149867,636,3,1,600,63.9
149231,149876,149880,645,4,1,600,64.9
149232,149882,149891,650,9,1,600,65.9
149233,149887,149889,654,2,1,600,65.6
149235,149905,149908,670,3,1,600,67.3
149259,149280,152384,21,3104,2,7200,1.00676546392
149283,149298,152142,15,2844,2,7200,1.0052742616
149296,149910,149913,614,3,1,600,61.7
149298,149327,152289,29,2962,2,7200,1.00979068197
149298,149915,149918,617,3,1,600,62.0
149299,149921,149925,622,4,1,600,62.6
149301,149928,149942,627,14,1,600,45.7857142857
149302,149933,149947,631,14,1,600,46.0714285714
149304,149939,149979,635,40,1,600,16.875
149305,149944,149953,639,9,1,600,64.8
149307,149949,149958,642,9,1,600,65.1
149308,149955,149968,647,13,1,600,50.7692307692
149370,149960,149968,590,8,1,600,59.8
149371,149967,149979,596,12,1,600,50.6666666667
149372,149972,149985,600,13,1,600,47.1538461538
149375,149983,149988,608,5,1,600,61.3
149376,149988,149989,612,1,1,600,61.3
149378,149995,149998,617,3,1,600,62.0
149379,150000,150013,621,13,1,600,48.7692307692
149381,150006,150010,625,4,1,600,62.9
149382,150011,150015,629,4,1,600,63.3
149392,149398,152164,6,2766,2,7200,1.0021691974
149406,149421,152380,15,2959,2,7200,1.00506928016
149421,149450,152469,29,3019,2,7200,1.00960582974
149443,150017,150020,574,3,1,600,57.7
149445,150022,150034,577,12,1,600,49.0833333333
149446,150029,150042,583,13,1,600,45.8461538462
149448,150034,150037,586,3,1,600,58.9
149449,150040,150052,591,12,1,600,50.25
149452,150050,150054,598,4,1,600,60.2
149455,150061,150063,606,2,1,600,60.8
149456,150073,150076,617,3,1,600,62.0
149459,150084,150087,625,3,1,600,62.8
149522,150095,150129,573,34,1,600,17.8529411765
149524,150100,150110,576,10,1,600,58.6
149525,150106,150114,581,8,1,600,58.9
149526,150124,150146,598,22,1,600,28.1818181818
149528,150129,150169,601,40,1,600,16.025
149529,150135,150147,606,12,1,600,51.5
149531,150142,150144,611,2,1,600,61.3
149532,150147,150159,615,12,1,600,52.25
149535,150158,150162,623,4,1,600,62.7
149536,150166,150181,630,15,1,600,43.0
149538,150171,150173,633,2,1,600,63.5
149539,150176,150189,637,13,1,600,50.0
149548,149568,152542,20,2974,2,7200,1.00672494956
149601,150182,150185,581,3,1,600,58.4
149602,150199,150202,597,3,1,600,60.0
149604,150205,150213,601,8,1,600,60.9
149605,150210,150222,605,12,1,600,51.4166666667
149607,150216,150219,609,3,1,600,61.2
149608,150223,150235,615,12,1,600,52.25
149610,150228,150231,618,3,1,600,62.1
149611,150233,150273,622,40,1,600,16.55
149612,150239,150242,627,3,1,600,63.0
149614,150251,150264,637,13,1,600,50.0
149615,150257,150296,642,39,1,600,17.4615384615
149620,149626,150070,6,444,2,7200,1.01351351351
149674,149686,152740,12,3054,2,7200,1.00392927308
149677,150262,150275,585,13,1,600,46.0
149678,150267,150268,589,1,1,600,59.0
149679,150286,150290,607,4,1,600,61.1
149681,150291,150305,610,14,1,600,44.5714285714
149682,150296,150309,614,13,1,600,48.2307692308
149684,150302,150311,618,9,1,600,62.7
149685,150320,150323,635,3,1,600,63.8
149687,150325,150328,638,3,1,600,64.1
149688,150331,150333,643,2,1,600,64.5
149689,150336,150337,647,1,1,600,64.8
149691,150341,150354,650,13,1,600,51.0
149692,150347,150359,655,12,1,600,55.5833333333
149716,149738,149751,22,13,2,7200,2.69230769231
149753,149761,152945,8,3184,2,7200,1.00251256281
149754,150354,150358,600,4,1,600,60.4
149755,150360,150363,605,3,1,600,60.8
149756,150365,150379,609,14,1,600,44.5
149758,150370,150373,612,3,1,600,61.5
149759,150376,150378,617,2,1,600,61.9
149761,150381,150382,620,1,1,600,62.1
149763,150405,150413,642,8,1,600,65.0
149765,150410,150411,645,1,1,600,64.6
149766,150416,150420,650,4,1,600,65.4
149767,149790,152496,23,2706,2,7200,1.00849963045
149767,150421,150433,654,12,1,600,55.5
149829,150426,150439,597,13,1,600,46.9230769231
149830,150432,150434,602,2,1,600,60.4
149832,150444,150448,612,4,1,600,61.6
149833,150450,150453,617,3,1,600,62.0
149834,150455,150468,621,13,1,600,48.7692307692
149836,149853,152922,17,3069,2,7200,1.0055392636
149836,150461,150464,625,3,1,600,62.8
149837,150468,150469,631,1,1,600,63.2
149838,150473,150477,635,4,1,600,63.9
149840,150479,150482,639,3,1,600,64.2
149841,150484,150488,643,4,1,600,64.7
149842,150490,150492,648,2,1,600,65.0
149873,149894,152725,21,2831,2,7200,1.00741787354
149887,149899,153089,12,3190,2,7200,1.00376175549
149904,150508,150511,604,3,1,600,60.7
149905,150513,150518,608,5,1,600,61.3
149907,150518,150531,611,13,1,600,48.0
149908,150524,150528,616,4,1,600,62.0
149909,150536,150549,627,13,1,600,49.2307692308
149911,150542,150545,631,3,1,600,63.4
149912,150547,150548,635,1,1,600,63.6
149914,150553,150557,639,4,1,600,64.3
149915,150560,150562,645,2,1,600,64.7
149916,150565,150566,649,1,1,600,65.0
149918,150571,150580,653,9,1,600,66.2
149919,150576,150579,657,3,1,600,66.0
149980,150588,150601,608,13,1,600,47.7692307692
149982,150594,150606,612,12,1,600,52.0
149983,150599,150600,616,1,1,600,61.7
149985,150604,150611,619,7,1,600,62.6
149986,150616,150629,630,13,1,600,49.4615384615
149987,150622,150634,635,12,1,600,53.9166666667
149989,150627,150665,638,38,1,600,17.7894736842
149990,150634,150642,644,8,1,600,65.2
149992,150639,150642,647,3,1,600,65.0
149993,150644,150657,651,13,1,600,51.0769230769
149996,150657,150669,661,12,1,600,56.0833333333
149997,150664,150697,667,33,1,600,21.2121212121
149998,150669,150672,671,3,1,600,67.4
150058,150068,150102,10,34,1,3600,1.29411764706
150060,150675,150679,615,4,1,600,61.9
150061,150687,150690,626,3,1,600,62.9
150062,150692,150696,630,4,1,600,63.4
150064,150698,150710,634,12,1,600,53.8333333333
150065,150705,150717,640,12,1,600,54.3333333333
150067,150710,150722,643,12,1,600,54.5833333333
150068,150715,150731,647,16,1,600,41.4375
150069,150728,150731,659,3,1,600,66.2
150071,150733,150737,662,4,1,600,66.6
150072,150113,153239,41,3126,2,7200,1.01311580294
150072,150739,150747,667,8,1,600,67.5
150073,150751,150790,678,39,1,600,18.3846153846
150075,150756,150760,681,4,1,600,68.5
150087,150119,153092,32,2973,2,7200,1.01076353851
150138,150767,150777,629,10,1,600,63.9
150139,150779,150783,640,4,1,600,64.4
150140,150784,150793,644,9,1,600,65.3
150142,150790,150819,648,29,1,600,23.3448275862
150143,150795,150798,652,3,1,600,65.5
150144,150802,150814,658,12,1,600,55.8333333333
150146,150807,150811,661,4,1,600,66.5
150166,150189,153422,23,3233,2,7200,1.00711413548
150169,150194,150316,25,122,1,3600,1.20491803279
150207,150812,150815,605,3,1,600,60.8
150209,150818,150830,609,12,1,600,51.75
150210,150823,150836,613,13,1,600,48.1538461538
150211,150830,150838,619,8,1,600,62.7
150213,150835,150838,622,3,1,600,62.5
150214,150840,150853,626,13,1,600,49.1538461538
150217,150851,150852,634,1,1,600,63.5
150218,150858,150861,640,3,1,600,64.3
150219,150863,150866,644,3,1,600,64.7
150221,150868,150881,647,13,1,600,50.7692307692
150222,150874,150876,652,2,1,600,65.4
150224,150879,150880,655,1,1,600,65.6
150225,150884,150885,659,1,1,600,66.0
150238,150246,150384,8,138,2,7200,1.05797101449
150253,150275,153277,22,3002,2,7200,1.0073284477
150268,150280,153506,12,3226,2,7200,1.00371977681
150269,150309,153379,40,3070,2,7200,1.01302931596
150284,150315,153353,31,3038,2,7200,1.01020408163
150287,150907,150910,620,3,1,600,62.3
150288,150913,150916,625,3,1,600,62.8
150289,150918,150921,629,3,1,600,63.2
150291,150923,150927,632,4,1,600,63.6
150292,150936,150943,644,7,1,600,65.1
150294,150942,150954,648,12,1,600,55.0
150295,150947,150955,652,8,1,600,66.0
150296,150952,150961,656,9,1,600,66.5
150298,150971,150983,673,12,1,600,57.0833333333
150359,150976,150986,617,10,1,600,62.7
150361,150981,150982,620,1,1,600,62.1
150362,150994,151006,632,12,1,600,53.6666666667
150363,150999,151003,636,4,1,600,64.0
150366,151012,151014,646,2,1,600,64.8
150366,150394,153312,28,2918,2,7200,1.00959561343
150368,151017,151029,649,12,1,600,55.0833333333
150369,151022,151031,653,9,1,600,66.2
150370,151040,151041,670,1,1,600,67.1
150372,151046,151055,674,9,1,600,68.3
150373,151051,151063,678,12,1,600,57.5
150374,151056,151070,682,14,1,600,49.7142857143
150384,150399,153452,15,3053,2,7200,1.00491320013
150402,150439,153259,37,2820,2,7200,1.01312056738
150436,151069,151072,633,3,1,600,63.6
150438,151074,151087,636,13,1,600,49.9230769231
150439,151080,151092,641,12,1,600,54.4166666667
150440,151087,151090,647,3,1,600,65.0
150442,151092,151096,650,4,1,600,65.4
150443,151097,151100,654,3,1,600,65.7
150444,151103,151118,659,15,1,600,44.9333333333
150446,151110,151122,664,12,1,600,56.3333333333
150447,151115,151127,668,12,1,600,56.6666666667
150449,151121,151124,672,3,1,600,67.5
150450,151126,151128,676,2,1,600,67.8
150462,150497,153376,35,2879,2,7200,1.01215699896
150485,150502,153434,17,2932,1,3600,1.00579809004
150508,150531,153301,23,2770,2,7200,1.0083032491
150511,151139,151143,628,4,1,600,63.2
150513,151145,151157,632,12,1,600,53.6666666667
150514,151150,151152,636,2,1,600,63.8
150516,151157,151193,641,36,1,600,18.8055555556
150517,151162,151175,645,13,1,600,50.6153846154
150518,151167,151168,649,1,1,600,65.0
150520,151173,151176,653,3,1,600,65.6
150521,151178,151181,657,3,1,600,66.0
150524,151195,151230,671,35,1,600,20.1714285714
150565,150583,153058,18,2475,2,7200,1.00727272727
150583,150611,153190,28,2579,2,7200,1.01085692129
150587,151214,151229,627,15,1,600,42.8
150588,151219,151232,631,13,1,600,49.5384615385
150590,151224,151237,634,13,1,600,49.7692307692
150591,151230,151233,639,3,1,600,64.2
150592,151235,151245,643,10,1,600,65.3
150594,151240,151244,646,4,1,600,65.0
150595,151246,151258,651,12,1,600,55.25
150596,151269,151272,673,3,1,600,67.6
150598,151275,151287,677,12,1,600,57.4166666667
150599,151280,151281,681,1,1,600,68.2
150661,151293,151294,632,1,1,600,63.3
150662,151298,151299,636,1,1,600,63.7
150663,151304,151311,641,7,1,600,64.8
150665,151309,151322,644,13,1,600,50.5384615385
150666,151322,151335,656,13,1,600,51.4615384615
150667,151327,151363,660,36,1,600,19.3333333333
150667,150682,152291,15,1609,2,7200,1.0093225606
150669,151333,151341,664,8,1,600,67.2
150670,151338,151350,668,12,1,600,56.6666666667
150672,151351,151384,679,33,1,600,21.5757575758
150673,151357,151360,684,3,1,600,68.7
150674,151363,151376,689,13,1,600,54.0
150676,151369,151381,693,12,1,600,58.75
150712,150723,153428,11,2705,2,7200,1.00406654344
150728,150746,153676,18,2930,2,7200,1.00614334471
150737,151374,151375,637,1,1,600,63.8
150738,151381,151384,643,3,1,600,64.6
150740,151387,151399,647,12,1,600,54.9166666667
150741,151399,151409,658,10,1,600,66.8
150742,151404,151405,662,1,1,600,66.3
150745,151417,151419,672,2,1,600,67.4
150746,151422,151434,676,12,1,600,57.3333333333
150748,151427,151443,679,16,1,600,43.4375
150749,151433,151445,684,12,1,600,58.0
150750,151445,151448,695,3,1,600,69.8
150764,150774,153661,10,2887,2,7200,1.00346380326
150812,151451,151453,639,2,1,600,64.1
150813,151456,151459,643,3,1,600,64.6
150815,151464,151503,649,39,1,600,17.641025641
150816,151469,151471,653,2,1,600,65.5
150819,151480,151516,661,36,1,600,19.3611111111
150820,151498,151501,678,3,1,600,68.1
150821,151504,151507,683,3,1,600,68.6
150823,151509,151513,686,4,1,600,69.0
150824,151514,151515,690,1,1,600,69.1
150825,151538,151551,713,13,1,600,55.8461538462
150864,150891,153736,27,2845,2,7200,1.00949033392
150879,150897,154123,18,3226,2,7200,1.00557966522
150880,150902,153979,22,3077,2,7200,1.00714982125
150888,151549,151552,661,3,1,600,66.4
150890,151561,151564,671,3,1,600,67.4
150892,151572,151575,680,3,1,600,68.3
150894,151579,151591,685,12,1,600,58.0833333333
150895,151584,151596,689,12,1,600,58.4166666667
150898,151595,151598,697,3,1,600,70.0
150899,151607,151608,708,1,1,600,70.9
150900,151613,151625,713,12,1,600,60.4166666667
150902,151625,151632,723,7,1,600,73.0
150903,151630,151632,727,2,1,600,72.9
150904,151636,151648,732,12,1,600,62.0
150917,150931,154096,14,3165,2,7200,1.00442338073
150931,150960,153574,29,2614,2,7200,1.01109410865
150946,150965,153784,19,2819,2,7200,1.00673997872
150966,151641,151643,675,2,1,600,67.7
150967,151648,151651,681,3,1,600,68.4
150968,151653,151654,685,1,1,600,68.6
150970,151659,151665,689,6,1,600,69.5
150971,151671,151684,700,13,1,600,54.8461538462
150971,150989,154300,18,3311,2,7200,1.00543642404
150973,151677,151689,704,12,1,600,59.6666666667
150974,151682,151686,708,4,1,600,71.2
150975,151687,151697,712,10,1,600,72.2
151007,151035,154035,28,3000,2,7200,1.00933333333
151025,151064,154107,39,3043,2,7200,1.0128162997
151037,151711,151715,674,4,1,600,67.8
151038,151724,151733,686,9,1,600,69.5
151041,151735,151742,694,7,1,600,70.1
151042,151740,151743,698,3,1,600,70.1
151044,151748,151750,704,2,1,600,70.6
151045,151753,151765,708,12,1,600,60.0
151046,151758,151771,712,13,1,600,55.7692307692
151048,151771,151783,723,12,1,600,61.25
151049,151776,151786,727,10,1,600,73.7
151110,151782,151794,672,12,1,600,57.0
151112,151794,151807,682,13,1,600,53.4615384615
151113,151800,151812,687,12,1,600,58.25
151114,151812,151824,698,12,1,600,59.1666666667
151116,151817,151818,701,1,1,600,70.2
151117,151823,151858,706,35,1,600,21.1714285714
151118,151835,151850,717,15,1,600,48.8
151120,151840,151843,720,3,1,600,72.3
151121,151846,151854,725,8,1,600,73.3
151121,151134,154137,13,3003,2,7200,1.00432900433
151179,151185,154004,6,2819,2,7200,1.00212841433
151183,151852,151853,669,1,1,600,67.0
151184,151860,151872,676,12,1,600,57.3333333333
151185,151867,151879,682,12,1,600,57.8333333333
151187,151872,151885,685,13,1,600,53.6923076923
151188,151877,151890,689,13,1,600,54.0
151189,151885,151897,696,12,1,600,59.0
151191,151890,151891,699,1,1,600,70.0
151192,151902,151905,710,3,1,600,71.3
151193,151907,151910,714,3,1,600,71.7
151194,151208,154360,14,3152,2,7200,1.00444162437
151196,151931,151944,735,13,1,600,57.5384615385
151200,151960,151964,760,4,1,600,76.4
151209,151253,154421,44,3168,2,7200,1.01388888889
151210,151259,151323,49,64,2,7200,1.765625
151225,151264,154269,39,3005,2,7200,1.01297836938
151261,151966,151978,705,12,1,600,59.75
151263,151989,151990,726,1,1,600,72.7
151264,151995,152007,731,12,1,600,61.9166666667
151265,152000,152015,735,15,1,600,50.0
151268,152011,152014,743,3,1,600,74.6
151270,152029,152038,759,9,1,600,76.8
151271,152034,152047,763,13,1,600,59.6923076923
151272,152040,152043,768,3,1,600,77.1
151276,151288,154374,12,3086,2,7200,1.00388852884
151291,151317,154395,26,3078,2,7200,1.00844704353
151324,151346,154376,22,3030,2,7200,1.00726072607
151334,152045,152047,711,2,1,600,71.3
151335,152058,152069,723,11,1,600,66.7272727273
151338,152076,152085,738,9,1,600,74.7
151339,152084,152087,745,3,1,600,74.8
151341,152089,152090,748,1,1,600,74.9
151342,152097,152099,755,2,1,600,75.7
151344,152110,152130,766,20,1,600,39.3
151381,151394,154331,13,2937,2,7200,1.00442628533
151407,152121,152135,714,14,1,600,52.0
151408,152134,152137,726,3,1,600,72.9
151409,152147,152159,738,12,1,600,62.5
151411,152228,152230,817,2,1,600,81.9
151412,152233,152238,821,5,1,600,82.6
151413,152242,152258,829,16,1,600,52.8125
151415,152250,152265,835,15,1,600,56.6666666667
151416,152269,152303,853,34,1,600,26.0882352941
151419,152290,152302,871,12,1,600,73.5833333333
151422,152320,152323,898,3,1,600,90.1
151423,151440,154398,17,2958,2,7200,1.00574712644
151466,151487,154646,21,3159,2,7200,1.00664767331
151481,151493,154918,12,3425,2,7200,1.00350364964
151486,152342,152344,856,2,1,600,85.8
151487,152348,152351,861,3,1,600,86.4
151489,152355,152358,866,3,1,600,86.9
151490,152363,152366,873,3,1,600,87.6
151491,152371,152383,880,12,1,600,74.3333333333
151493,152378,152380,885,2,1,600,88.7
151494,152393,152402,899,9,1,600,90.8
151496,151522,154307,26,2785,2,7200,1.00933572711
151497,151528,154440,31,2912,2,7200,1.0106456044
151512,151533,154418,21,2885,2,7200,1.00727902946
151556,152398,152411,842,13,1,600,65.7692307692
151557,152404,152416,847,12,1,600,71.5833333333
151558,152416,152432,858,16,1,600,54.625
151560,152423,152427,863,4,1,600,86.7
151561,152429,152433,868,4,1,600,87.2
151562,152435,152446,873,11,1,600,80.3636363636
151564,152443,152446,879,3,1,600,88.2
151565,152449,152459,884,10,1,600,89.4
151566,152455,152467,889,12,1,600,75.0833333333
151594,151602,154444,8,2842,2,7200,1.00281491907
151609,151619,154469,10,2850,2,7200,1.00350877193
151628,152462,152465,834,3,1,600,83.7
151629,152467,152470,838,3,1,600,84.1
151631,152474,152476,843,2,1,600,84.5
151632,152486,152492,854,6,1,600,86.0
151634,152491,152498,857,7,1,600,86.4
151635,152499,152517,864,18,1,600,49.0
151636,152504,152516,868,12,1,600,73.3333333333
151638,152509,152510,871,1,1,600,87.2
151639,152515,152518,876,3,1,600,87.9
151640,152527,152540,887,13,1,600,69.2307692308
151642,152533,152562,891,29,1,600,31.724137931
151651,151666,154704,15,3038,2,7200,1.00493745885
151666,151695,154821,29,3126,2,7200,1.00927703135
151681,151700,154731,19,3031,2,7200,1.00626855823
151682,151706,154526,24,2820,2,7200,1.0085106383
151697,151719,154903,22,3184,2,7200,1.00690954774
151703,152538,152541,835,3,1,600,83.8
151705,152545,152560,840,15,1,600,57.0
151706,152550,152590,844,40,1,600,22.1
151707,152556,152576,849,20,1,600,43.45
151709,152561,152573,852,12,1,600,72.0
151710,152566,152579,856,13,1,600,66.8461538462
151712,152579,152607,867,28,1,600,31.9642857143
151713,152585,152588,872,3,1,600,87.5
151752,151766,155133,14,3367,2,7200,1.00415800416
151767,151789,154991,22,3202,2,7200,1.00687070581
151776,152595,152634,819,39,1,600,22.0
151777,152602,152605,825,3,1,600,82.8
151779,152608,152625,829,17,1,600,49.7647058824
151780,152613,152653,833,40,1,600,21.825
151781,152618,152619,837,1,1,600,83.8
151783,152624,152628,841,4,1,600,84.5
151784,152629,152632,845,3,1,600,84.8
151785,152635,152638,850,3,1,600,85.3
151791,151807,154790,16,2983,2,7200,1.00536372779
151818,151830,154815,12,2985,2,7200,1.0040201005
151847,152640,152652,793,12,1,600,67.0833333333
151848,152652,152655,804,3,1,600,80.7
151850,152658,152670,808,12,1,600,68.3333333333
151851,152663,152675,812,12,1,600,68.6666666667
151853,152669,152701,816,32,1,600,26.5
151854,152674,152692,820,18,1,600,46.5555555556
151855,152679,152680,824,1,1,600,82.5
151858,152698,152701,840,3,1,600,84.3
151860,152703,152707,843,4,1,600,84.7
151861,152708,152721,847,13,1,600,66.1538461538
151890,151897,154858,7,2961,2,7200,1.00236406619
151905,151915,155070,10,3155,2,7200,1.00316957211
151906,151920,154739,14,2819,2,7200,1.00496630011
151921,151944,154999,23,3055,2,7200,1.00752864157
151923,152714,152726,791,12,1,600,66.9166666667
151924,152719,152722,795,3,1,600,79.8
151925,152727,152731,802,4,1,600,80.6
151927,152732,152735,805,3,1,600,80.8
151928,152738,152742,810,4,1,600,81.4
151930,152743,152756,813,13,1,600,63.5384615385
151931,152748,152760,817,12,1,600,69.0833333333
151932,152767,152784,835,17,1,600,50.1176470588
151934,152772,152786,838,14,1,600,60.8571428571
151936,151949,154379,13,2430,2,7200,1.00534979424
151952,151973,154958,21,2985,2,7200,1.00703517588
151953,151979,155020,26,3041,2,7200,1.00854981914
151955,151984,155007,29,3023,2,7200,1.00959311942
151970,152018,155233,48,3215,2,7200,1.01493001555
151971,152023,154892,52,2869,2,7200,1.01812478215
151997,152783,152784,786,1,1,600,78.7
151998,152790,152793,792,3,1,600,79.5
152000,152795,152814,795,19,1,600,42.8421052632
152001,152801,152813,800,12,1,600,67.6666666667
152002,152808,152809,806,1,1,600,80.7
152004,152813,152816,809,3,1,600,81.2
152018,152053,152099,35,46,2,600,1.76086956522
152053,152071,152481,18,410,2,900,1.04390243902
152065,152819,152821,754,2,1,600,75.6
152067,152824,152827,757,3,1,600,76.0
152068,152831,152839,763,8,1,600,77.1
152069,152836,152839,767,3,1,600,77.0
152071,152842,152844,771,2,1,600,77.3
152072,152847,152861,775,14,1,600,56.3571428571
152074,152854,152857,780,3,1,600,78.3
152075,152859,152863,784,4,1,600,78.8
152078,152870,152873,792,3,1,600,79.5
152078,152104,152514,26,410,2,900,1.06341463415
152107,152129,152659,22,530,2,7200,1.04150943396
152107,152159,152570,52,411,2,900,1.12652068127
152139,152878,152881,739,3,1,600,74.2
152141,152883,152893,742,10,1,600,75.2
152142,152889,152901,747,12,1,600,63.25
152143,152894,152898,751,4,1,600,75.5
152143,152154,155157,11,3003,2,7200,1.00366300366
152145,152899,152912,754,13,1,600,59.0
152146,152907,152910,761,3,1,600,76.4
152146,152207,152618,61,411,2,900,1.14841849148
152148,152912,152915,764,3,1,600,76.7
152149,152917,152921,768,4,1,600,77.2
152164,152170,155159,6,2989,2,7200,1.00200736032
152166,152177,155172,11,2995,2,7200,1.00367278798
152193,152200,152630,7,430,2,7200,1.01627906977
152211,152925,152937,714,12,1,600,60.5
152214,152220,154953,6,2733,2,7200,1.00219538968
152272,152930,152931,658,1,1,600,65.9
152274,152935,152939,661,4,1,600,66.5
152275,152941,152953,666,12,1,600,56.5
152276,152953,152966,677,13,1,600,53.0769230769
152290,152297,155397,7,3100,2,7200,1.00225806452
152291,152304,155202,13,2898,2,7200,1.00448585231
152338,152959,152962,621,3,1,600,62.4
152339,152964,152976,625,12,1,600,53.0833333333
152341,152976,152978,635,2,1,600,63.7
152342,152981,152997,639,16,1,600,40.9375
152344,152987,152989,643,2,1,600,64.5
152345,152994,153034,649,40,1,600,17.225
152346,152999,153003,653,4,1,600,65.7
152379,152385,155076,6,2691,2,7200,1.0022296544
152393,152411,155152,18,2741,2,7200,1.00656694637
152408,153005,153045,597,40,1,600,15.925
152409,153010,153019,601,9,1,600,61.0
152410,153018,153019,608,1,1,600,60.9
152412,153023,153027,611,4,1,600,61.5
152413,153029,153047,616,18,1,600,35.2222222222
152415,153036,153039,621,3,1,600,62.4
152416,153041,153051,625,10,1,600,63.5
152417,153049,153062,632,13,1,600,49.6153846154
152469,152480,155509,11,3029,2,7200,1.00363156157
152479,153054,153058,575,4,1,600,57.9
152480,153062,153080,582,18,1,600,33.3333333333
152482,153067,153080,585,13,1,600,46.0
152483,153072,153073,589,1,1,600,59.0
152484,153085,153088,601,3,1,600,60.4
152486,153090,153091,604,1,1,600,60.5
152487,153096,153109,609,13,1,600,47.8461538462
152488,153114,153126,626,12,1,600,53.1666666667
152490,153119,153132,629,13,1,600,49.3846153846
152491,153125,153138,634,13,1,600,49.7692307692
152493,153130,153131,637,1,1,600,63.8
152499,152522,155584,23,3062,2,7200,1.00751143044
152541,152574,155429,33,2855,2,7200,1.011558669
152554,153135,153138,581,3,1,600,58.4
152555,153143,153159,588,16,1,600,37.75
152557,153149,153152,592,3,1,600,59.5
152558,153154,153166,596,12,1,600,50.6666666667
152560,153159,153162,599,3,1,600,60.2
152561,153165,153167,604,2,1,600,60.6
152562,153172,153174,610,2,1,600,61.2
152564,153178,153214,614,36,1,600,18.0555555556
152565,153183,153187,618,4,1,600,62.2
152626,153188,153191,562,3,1,600,56.5
152628,153194,153198,566,4,1,600,57.0
152629,153207,153209,578,2,1,600,58.0
152631,153212,153224,581,12,1,600,49.4166666667
152632,152647,155447,15,2800,2,7200,1.00535714286
152632,153217,153218,585,1,1,600,58.6
152633,153223,153225,590,2,1,600,59.2
152635,153230,153242,595,12,1,600,50.5833333333
152636,153235,153238,599,3,1,600,60.2
152637,153241,153247,604,6,1,600,61.0
152639,153246,153250,607,4,1,600,61.1
152640,153251,153264,611,13,1,600,48.0
152642,153257,153277,615,20,1,600,31.75
152643,153262,153265,619,3,1,600,62.2
152646,153285,153298,639,13,1,600,50.1538461538
152659,152692,155628,33,2936,2,7200,1.01123978202
152707,153291,153300,584,9,1,600,59.3
152709,153296,153299,587,3,1,600,59.0
152710,153308,153309,598,1,1,600,59.9
152711,153314,153316,603,2,1,600,60.5
152713,153319,153328,606,9,1,600,61.5
152714,153325,153329,611,4,1,600,61.5
152715,153330,153331,615,1,1,600,61.6
152717,153335,153371,618,36,1,600,18.1666666667
152718,153354,153358,636,4,1,600,64.0
152720,153360,153373,640,13,1,600,50.2307692308
152721,153365,153368,644,3,1,600,64.7
152728,152756,155635,28,2879,2,7200,1.00972559917
152743,152761,155785,18,3024,2,7200,1.00595238095
152782,153371,153385,589,14,1,600,43.0714285714
152784,153376,153379,592,3,1,600,59.5
152785,153382,153384,597,2,1,600,59.9
152787,153387,153388,600,1,1,600,60.1
152788,153392,153405,604,13,1,600,47.4615384615
152789,153416,153428,627,12,1,600,53.25
152791,153421,153437,630,16,1,600,40.375
152792,153427,153441,635,14,1,600,46.3571428571
152794,153432,153433,638,1,1,600,63.9
152795,153438,153440,643,2,1,600,64.5
152796,153443,153446,647,3,1,600,65.0
152798,153448,153464,650,16,1,600,41.625
152861,153483,153495,622,12,1,600,52.8333333333
152862,153488,153489,626,1,1,600,62.7
152863,153494,153497,631,3,1,600,63.4
152865,153499,153512,634,13,1,600,49.7692307692
152866,153506,153508,640,2,1,600,64.2
152868,153511,153524,643,13,1,600,50.4615384615
152869,153517,153531,648,14,1,600,47.2857142857
152870,153522,153531,652,9,1,600,66.1
152872,153528,153531,656,3,1,600,65.9
152873,153540,153553,667,13,1,600,52.3076923077
152876,153551,153564,675,13,1,600,52.9230769231
152877,153557,153559,680,2,1,600,68.2
152878,153569,153578,691,9,1,600,70.0
152924,152948,155722,24,2774,2,7200,1.0086517664
152940,153575,153583,635,8,1,600,64.3
152941,153580,153581,639,1,1,600,64.0
152943,153586,153598,643,12,1,600,54.5833333333
152944,153598,153599,654,1,1,600,65.5
152945,152971,155925,26,2954,2,7200,1.00880162492
152946,153604,153620,658,16,1,600,42.125
152947,153609,153622,662,13,1,600,51.9230769231
152949,153614,153622,665,8,1,600,67.3
152950,153622,153624,672,2,1,600,67.4
152951,153627,153631,676,4,1,600,68.0
152954,153640,153644,686,4,1,600,69.0
153016,153645,153649,629,4,1,600,63.3
153017,153651,153654,634,3,1,600,63.7
153019,153656,153661,637,5,1,600,64.2
153020,153664,153667,644,3,1,600,64.7
153021,153669,153672,648,3,1,600,65.1
153023,153674,153683,651,9,1,600,66.0
153024,153680,153684,656,4,1,600,66.0
153026,153698,153710,672,12,1,600,57.0
153027,153703,153706,676,3,1,600,67.9
153029,153709,153711,680,2,1,600,68.2
153057,153080,155974,23,2894,2,7200,1.00794747754
153090,153103,156079,13,2976,2,7200,1.00436827957
153090,153714,153717,624,3,1,600,62.7
153092,153109,155981,17,2872,2,7200,1.00591922006
153092,153721,153733,629,12,1,600,53.4166666667
153093,153726,153730,633,4,1,600,63.7
153094,153732,153735,638,3,1,600,64.1
153096,153737,153739,641,2,1,600,64.3
153100,153761,153762,661,1,1,600,66.2
153101,153766,153769,665,3,1,600,66.8
153104,153777,153781,673,4,1,600,67.7
153105,153782,153786,677,4,1,600,68.1
153168,153795,153814,627,19,1,600,34.0
153170,153801,153807,631,6,1,600,63.7
153171,153806,153818,635,12,1,600,53.9166666667
153173,153811,153812,638,1,1,600,63.9
153174,153817,153821,643,4,1,600,64.7
153176,153835,153846,659,11,1,600,60.9090909091
153177,153841,153843,664,2,1,600,66.6
153178,153846,153859,668,13,1,600,52.3846153846
153180,153851,153864,671,13,1,600,52.6153846154
153181,153857,153859,676,2,1,600,67.8
153183,153864,153876,681,12,1,600,57.75
153184,153869,153878,685,9,1,600,69.4
153191,153201,156121,10,2920,2,7200,1.00342465753
153240,153269,156558,29,3289,2,7200,1.00881726969
153246,153875,153883,629,8,1,600,63.7
153247,153880,153881,633,1,1,600,63.4
153248,153887,153895,639,8,1,600,64.7
153250,153892,153893,642,1,1,600,64.3
153253,153904,153918,651,14,1,600,47.5
153254,153910,153913,656,3,1,600,65.9
153255,153915,153929,660,14,1,600,48.1428571429
153257,153920,153923,663,3,1,600,66.6
153258,153926,153938,668,12,1,600,56.6666666667
153259,153933,153946,674,13,1,600,52.8461538462
153261,153274,156115,13,2841,2,7200,1.00457585357
153261,153938,153942,677,4,1,600,68.1
153278,153303,156044,25,2741,2,7200,1.00912075885
153303,153343,156215,40,2872,2,7200,1.0139275766
153317,153349,156366,32,3017,2,7200,1.01060656281
153322,153944,153947,622,3,1,600,62.5
153324,153949,153953,625,4,1,600,62.9
153325,153956,153987,631,31,1,600,21.3548387097
153327,153961,153974,634,13,1,600,49.7692307692
153328,153967,153969,639,2,1,600,64.1
153329,153972,153976,643,4,1,600,64.7
153331,153980,153998,649,18,1,600,37.0555555556
153332,153985,153997,653,12,1,600,55.4166666667
153334,153990,153991,656,1,1,600,65.7
153335,154003,154006,668,3,1,600,67.1
153338,154014,154015,676,1,1,600,67.7
153354,153400,156165,46,2765,2,7200,1.01663652803
153375,153405,156255,30,2850,2,7200,1.01052631579
153390,153410,156461,20,3051,2,7200,1.00655522779
153399,154026,154041,627,15,1,600,42.8
153401,154032,154042,631,10,1,600,64.1
153402,154037,154040,635,3,1,600,63.8
153403,154042,154046,639,4,1,600,64.3
153405,154048,154057,643,9,1,600,65.2
153406,154066,154079,660,13,1,600,51.7692307692
153406,153477,153478,71,1,1,3600,7.2
153408,154071,154074,663,3,1,600,66.6
153409,154077,154080,668,3,1,600,67.1
153424,153461,156439,37,2978,2,7200,1.01242444594
153438,153467,156774,29,3307,2,7200,1.00876927729
153453,153472,156775,19,3303,2,7200,1.00575234635
153470,154082,154094,612,12,1,600,52.0
153472,154090,154093,618,3,1,600,62.1
153473,154095,154113,622,18,1,600,35.5555555556
153475,154101,154105,626,4,1,600,63.0
153476,154113,154126,637,13,1,600,50.0
153477,154119,154131,642,12,1,600,54.5
153479,154124,154125,645,1,1,600,64.6
153480,154130,154134,650,4,1,600,65.4
153482,154148,154150,666,2,1,600,66.8
153508,153535,156207,27,2672,2,7200,1.01010479042
153534,153564,153818,30,254,1,3600,1.11811023622
153543,154153,154194,610,41,1,600,15.8780487805
153545,154159,154171,614,12,1,600,52.1666666667
153546,154171,154174,625,3,1,600,62.8
153548,154177,154180,629,3,1,600,63.2
153549,154182,154185,633,3,1,600,63.6
153551,154188,154196,637,8,1,600,64.5
153552,154195,154234,643,39,1,600,17.4871794872
153554,154200,154209,646,9,1,600,65.5
153557,154213,154253,656,40,1,600,17.4
153574,153593,156543,19,2950,2,7200,1.00644067797
153618,154218,154231,600,13,1,600,47.1538461538
153620,154224,154236,604,12,1,600,51.3333333333
153621,154231,154233,610,2,1,600,61.2
153622,154236,154239,614,3,1,600,61.7
153624,154243,154258,619,15,1,600,42.2666666667
153627,154255,154258,628,3,1,600,63.1
153630,154268,154280,638,12,1,600,54.1666666667
153631,154273,154275,642,2,1,600,64.4
153632,154278,154282,646,4,1,600,65.0
153634,154291,154298,657,7,1,600,66.4
153662,153687,156860,25,3173,2,7200,1.00787897888
153677,153692,156759,15,3067,2,7200,1.00489077274
153695,154296,154309,601,13,1,600,47.2307692308
153696,154302,154310,606,8,1,600,61.4
153698,154314,154323,616,9,1,600,62.5
153701,154325,154326,624,1,1,600,62.5
153702,154337,154341,635,4,1,600,63.9
153705,154348,154357,643,9,1,600,65.2
153707,154354,154357,647,3,1,600,65.0
153708,154359,154371,651,12,1,600,55.25
153737,153750,156877,13,3127,2,7200,1.0041573393
153770,154365,154367,595,2,1,600,59.7
153771,154383,154386,612,3,1,600,61.5
153773,154389,154397,616,8,1,600,62.4
153774,154394,154406,620,12,1,600,52.6666666667
153775,154400,154402,625,2,1,600,62.7
153777,154423,154436,646,13,1,600,50.6923076923
153778,154429,154441,651,12,1,600,55.25
153780,154434,154438,654,4,1,600,65.8
153781,154439,154447,658,8,1,600,66.6
153782,154445,154455,663,10,1,600,67.3
153784,154450,154463,666,13,1,600,52.2307692308
153785,154485,154526,700,41,1,600,18.0731707317
153786,153830,156911,44,3081,2,7200,1.01428107757
153787,154491,154492,704,1,1,600,70.5
153788,154496,154509,708,13,1,600,55.4615384615
153849,154515,154527,666,12,1,600,56.5
153851,154520,154532,669,12,1,600,56.75
153852,154525,154538,673,13,1,600,52.7692307692
153854,154531,154543,677,12,1,600,57.4166666667
153855,154543,154544,688,1,1,600,68.9
153856,154549,154552,693,3,1,600,69.6
153858,154556,154557,698,1,1,600,69.9
153859,154561,154574,702,13,1,600,55.0
153861,154567,154570,706,3,1,600,70.9
153922,154572,154580,650,8,1,600,65.8
153924,154577,154590,653,13,1,600,51.2307692308
153925,154585,154586,660,1,1,600,66.1
153926,154590,154603,664,13,1,600,52.0769230769
153928,154596,154608,668,12,1,600,56.6666666667
153929,154603,154612,674,9,1,600,68.3
153931,154608,154609,677,1,1,600,67.8
153932,154614,154626,682,12,1,600,57.8333333333
153934,154619,154620,685,1,1,600,68.6
153935,154627,154647,692,20,1,600,35.6
153936,154632,154644,696,12,1,600,59.0
153938,154638,154646,700,8,1,600,70.8
153939,154643,154655,704,12,1,600,59.6666666667
153941,154650,154654,709,4,1,600,71.3
153979,153998,156924,19,2926,2,7200,1.00649350649
154002,154655,154695,653,40,1,600,17.325
154004,154668,154671,664,3,1,600,66.7
154005,154674,154686,669,12,1,600,56.75
154006,154021,156971,15,2950,2,7200,1.00508474576
154007,154679,154688,672,9,1,600,68.1
154008,154686,154698,678,12,1,600,57.5
154009,154691,154704,682,13,1,600,53.4615384615
154011,154697,154699,686,2,1,600,68.8
154012,154704,154708,692,4,1,600,69.6
154014,154709,154722,695,13,1,600,54.4615384615
154015,154722,154735,707,13,1,600,55.3846153846
154016,154728,154732,712,4,1,600,71.6
154018,154733,154734,715,1,1,600,71.6
154019,154738,154751,719,13,1,600,56.3076923077
154021,154751,154764,730,13,1,600,57.1538461538
154022,154757,154798,735,41,1,600,18.9268292683
154031,154061,154123,30,62,1,3600,1.48387096774
154036,154055,156695,19,2640,2,7200,1.0071969697
154083,154762,154765,679,3,1,600,68.2
154085,154768,154772,683,4,1,600,68.7
154086,154780,154783,694,3,1,600,69.7
154088,154786,154788,698,2,1,600,70.0
154089,154793,154795,704,2,1,600,70.6
154091,154798,154799,707,1,1,600,70.8
154092,154803,154807,711,4,1,600,71.5
154093,154817,154831,724,14,1,600,52.7142857143
154097,154108,156941,11,2833,2,7200,1.00388280974
154111,154137,156241,26,2104,2,7200,1.01235741445
154126,154142,156720,16,2578,2,7200,1.00620636152
154141,154166,156904,25,2738,2,7200,1.00913075237
154155,154822,154828,667,6,1,600,67.3
154157,154827,154831,670,4,1,600,67.4
154158,154833,154842,675,9,1,600,68.4
154159,154838,154841,679,3,1,600,68.2
154161,154857,154859,696,2,1,600,69.8
154163,154862,154865,699,3,1,600,70.2
154165,154873,154876,708,3,1,600,71.1
154167,154887,154890,720,3,1,600,72.3
154228,154892,154893,664,1,1,600,66.5
154230,154897,154900,667,3,1,600,67.0
154231,154903,154906,672,3,1,600,67.5
154233,154908,154921,675,13,1,600,52.9230769231
154234,154927,154930,693,3,1,600,69.6
154235,154932,154933,697,1,1,600,69.8
154237,154938,154950,701,12,1,600,59.4166666667
154238,154943,154956,705,13,1,600,55.2307692308
154240,154956,154996,716,40,1,600,18.9
154242,154967,154968,725,1,1,600,72.6
154244,154973,154976,729,3,1,600,73.2
154245,154991,155026,746,35,1,600,22.3142857143
154268,154286,157130,18,2844,2,7200,1.00632911392
154301,154309,155411,8,1102,2,7200,1.00725952813
154307,154996,154998,689,2,1,600,69.1
154308,155001,155014,693,13,1,600,54.3076923077
154311,155025,155037,714,12,1,600,60.5
154312,155030,155037,718,7,1,600,72.5
154314,155036,155048,722,12,1,600,61.1666666667
154315,155054,155057,739,3,1,600,74.2
154316,154332,157492,16,3160,2,7200,1.00506329114
154317,155060,155098,743,38,1,600,20.5526315789
154318,155065,155067,747,2,1,600,74.9
154319,155072,155075,753,3,1,600,75.6
154321,155077,155090,756,13,1,600,59.1538461538
154331,154372,157142,41,2770,2,7200,1.01480144404
154361,154378,157216,17,2838,2,7200,1.0059901339
154376,154407,156712,31,2305,2,7200,1.01344902386
154378,154413,157528,35,3115,2,7200,1.01123595506
154382,155083,155085,701,2,1,600,70.3
154384,155088,155101,704,13,1,600,55.1538461538
154385,155107,155119,722,12,1,600,61.1666666667
154387,155112,155142,725,30,1,600,25.1666666667
154388,155120,155128,732,8,1,600,74.0
154390,155125,155135,735,10,1,600,74.5
154391,155131,155143,740,12,1,600,62.6666666667
154392,155136,155140,744,4,1,600,74.8
154393,154418,157447,25,3029,2,7200,1.00825354903
154394,155149,155157,755,8,1,600,76.3
154408,154458,157457,50,2999,2,7200,1.01667222407
154409,154464,157182,55,2718,2,7200,1.02023546726
154425,154469,157630,44,3161,2,7200,1.01391964568
154426,154475,157422,49,2947,2,7200,1.01662707838
154441,154480,157767,39,3287,2,7200,1.01186492242
154456,154504,157274,48,2770,2,7200,1.01732851986
154457,155167,155168,710,1,1,600,71.1
154458,155172,155173,714,1,1,600,71.5
154461,155183,155220,722,37,1,600,20.5135135135
154464,155212,155216,748,4,1,600,75.2
154465,155217,155218,752,1,1,600,75.3
154466,155223,155235,757,12,1,600,64.0833333333
154471,154509,157389,38,2880,2,7200,1.01319444444
154525,154538,157279,13,2741,2,7200,1.0047427946
154528,155228,155231,700,3,1,600,70.3
154530,155234,155239,704,5,1,600,70.9
154531,155251,155264,720,13,1,600,56.3846153846
154533,155257,155285,724,28,1,600,26.8571428571
154534,155262,155275,728,13,1,600,57.0
154595,155275,155276,680,1,1,600,68.1
154597,155281,155283,684,2,1,600,68.6
154598,155286,155326,688,40,1,600,18.2
154600,155293,155305,693,12,1,600,58.75
154601,155298,155300,697,2,1,600,69.9
154602,155303,155340,701,37,1,600,19.9459459459
154604,155311,155313,707,2,1,600,70.9
154605,155316,155325,711,9,1,600,72.0
154608,155329,155341,721,12,1,600,61.0833333333
154611,155341,155342,730,1,1,600,73.1
154646,154663,157564,17,2901,2,7200,1.00586004826
154672,155348,155350,676,2,1,600,67.8
154674,155353,155368,679,15,1,600,46.2666666667
154675,155359,155371,684,12,1,600,58.0
154676,155366,155375,690,9,1,600,69.9
154678,155371,155384,693,13,1,600,54.3076923077
154679,155377,155388,698,11,1,600,64.4545454545
154680,155382,155385,702,3,1,600,70.5
154682,155389,155401,707,12,1,600,59.9166666667
154683,155394,155395,711,1,1,600,71.2
154684,155400,155413,716,13,1,600,56.0769230769
154686,155412,155416,726,4,1,600,73.0
154703,154717,157847,14,3130,2,7200,1.00447284345
154734,154746,157804,12,3058,2,7200,1.00392413342
154747,155417,155430,670,13,1,600,52.5384615385
154749,155423,155436,674,13,1,600,52.8461538462
154749,154775,157745,26,2970,2,7200,1.00875420875
154750,155428,155431,678,3,1,600,68.1
154752,155447,155459,695,12,1,600,58.9166666667
154753,155452,155465,699,13,1,600,54.7692307692
154754,155458,155466,704,8,1,600,71.2
154756,155470,155477,714,7,1,600,72.1
154757,155476,155488,719,12,1,600,60.9166666667
154758,155481,155485,723,4,1,600,72.7
154760,155487,155489,727,2,1,600,72.9
154761,155492,155495,731,3,1,600,73.4
154763,155499,155502,736,3,1,600,73.9
154791,154811,157663,20,2852,2,7200,1.00701262272
154818,154846,157550,28,2704,2,7200,1.01035502959
154824,155504,155513,680,9,1,600,68.9
154827,155515,155527,688,12,1,600,58.3333333333
154828,155520,155525,692,5,1,600,69.7
154831,155539,155543,708,4,1,600,71.2
154832,155544,155557,712,13,1,600,55.7692307692
154833,154852,157913,19,3061,2,7200,1.00620712186
154834,155550,155553,716,3,1,600,71.9
154835,155555,155558,720,3,1,600,72.3
154837,155561,155572,724,11,1,600,66.8181818182
154838,155568,155583,730,15,1,600,49.6666666667
154840,155573,155577,733,4,1,600,73.7
154857,154881,157995,24,3114,2,7200,1.00770712909
154893,154916,157821,23,2905,2,7200,1.00791738382
154901,155579,155591,678,12,1,600,57.5
154902,155584,155587,682,3,1,600,68.5
154904,155590,155602,686,12,1,600,58.1666666667
154905,155603,155605,698,2,1,600,70.0
154907,155608,155611,701,3,1,600,70.4
154908,154921,157892,13,2971,2,7200,1.0043756311
154908,155613,155616,705,3,1,600,70.8
154911,155624,155627,713,3,1,600,71.6
154913,155636,155652,723,16,1,600,46.1875
154923,154951,157661,28,2710,2,7200,1.01033210332
154953,154980,157855,27,2875,2,7200,1.00939130435
154968,154985,157495,17,2510,2,7200,1.00677290837
154975,155642,155652,667,10,1,600,67.7
154976,155647,155648,671,1,1,600,67.2
154978,155653,155669,675,16,1,600,43.1875
154979,155658,155662,679,4,1,600,68.3
154981,155663,155664,682,1,1,600,68.3
154982,155682,155685,700,3,1,600,70.3
154983,155687,155691,704,4,1,600,70.8
154985,155693,155700,708,7,1,600,71.5
154992,155014,157958,22,2944,2,7200,1.00747282609
155007,155019,157917,12,2898,2,7200,1.00414078675
155009,155043,158108,34,3065,2,7200,1.01109298532
155024,155049,158045,25,2996,2,7200,1.00834445928
155046,155698,155702,652,4,1,600,65.6
155048,155704,155716,656,12,1,600,55.6666666667
155049,155711,155723,662,12,1,600,56.1666666667
155051,155716,155717,665,1,1,600,66.6
155052,155722,155762,670,40,1,600,17.75
155054,155727,155740,673,13,1,600,52.7692307692
155055,155732,155735,677,3,1,600,68.0
155057,155746,155749,689,3,1,600,69.2
155069,155096,157991,27,2895,2,7200,1.00932642487
155084,155101,157994,17,2893,2,7200,1.00587625302
155118,155751,155764,633,13,1,600,49.6923076923
155119,155756,155769,637,13,1,600,50.0
155121,155762,155763,641,1,1,600,64.2
155122,155769,155772,647,3,1,600,65.0
155124,155774,155775,650,1,1,600,65.1
155125,155780,155782,655,2,1,600,65.7
155127,155787,155818,660,31,1,600,22.2903225806
155128,155792,155796,664,4,1,600,66.8
155136,155144,158213,8,3069,2,7200,1.00260671228
155154,155162,158326,8,3164,2,7200,1.00252844501
155169,155196,158210,27,3014,2,7200,1.00895819509
155170,155201,158148,31,2947,2,7200,1.01051917204
155185,155241,158035,56,2794,2,7200,1.02004294918
155191,155803,155804,612,1,1,600,61.3
155192,155809,155822,617,13,1,600,48.4615384615
155194,155814,155815,620,1,1,600,62.1
155195,155827,155830,632,3,1,600,63.5
155197,155833,155836,636,3,1,600,63.9
155198,155838,155877,640,39,1,600,17.4102564103
155199,155843,155846,644,3,1,600,64.7
155201,155851,155853,650,2,1,600,65.2
155202,155856,155870,654,14,1,600,47.7142857143
155203,155246,158277,43,3031,2,7200,1.01418673705
155236,155270,157964,34,2694,2,7200,1.01262063846
155264,155862,155874,598,12,1,600,50.8333333333
155265,155867,155871,602,4,1,600,60.6
155267,155872,155885,605,13,1,600,47.5384615385
155268,155880,155881,612,1,1,600,61.3
155269,155886,155889,617,3,1,600,62.0
155271,155893,155905,622,12,1,600,52.8333333333
155272,155898,155902,626,4,1,600,63.0
155274,155904,155912,630,8,1,600,63.8
155335,155909,155913,574,4,1,600,57.8
155336,155914,155917,578,3,1,600,58.1
155338,155922,155925,584,3,1,600,58.7
155339,155927,155940,588,13,1,600,46.2307692308
155341,155933,155937,592,4,1,600,59.6
155342,155938,155957,596,19,1,600,32.3684210526
155343,155951,155959,608,8,1,600,61.6
155345,155957,155970,612,13,1,600,48.0769230769
155346,155962,155963,616,1,1,600,61.7
155349,155975,155990,626,15,1,600,42.7333333333
155350,155981,155984,631,3,1,600,63.4
155352,155993,156006,641,13,1,600,50.3076923077
155354,155999,156001,645,2,1,600,64.7
155399,155407,158554,8,3147,2,7200,1.00254210359
155414,155436,158299,22,2863,2,7200,1.00768424729
155415,156004,156037,589,33,1,600,18.8484848485
155417,156010,156019,593,9,1,600,60.2
155419,156039,156052,620,13,1,600,48.6923076923
155421,156045,156048,624,3,1,600,62.7
155422,156068,156072,646,4,1,600,65.0
155425,156079,156083,654,4,1,600,65.8
155428,156103,156115,675,12,1,600,57.25
155429,156132,156136,703,4,1,600,70.7
155429,155441,158383,12,2942,2,7200,1.00407885792
155447,155465,158023,18,2558,2,7200,1.00703674746
155491,156148,156160,657,12,1,600,55.75
155494,156187,156224,693,37,1,600,19.7297297297
155495,156227,156230,732,3,1,600,73.5
155497,156232,156236,735,4,1,600,73.9
155500,156246,156249,746,3,1,600,74.9
155501,156264,156273,763,9,1,600,77.2
155502,156285,156297,783,12,1,600,66.25
155505,156324,156339,819,15,1,600,55.6
155508,155528,158476,20,2948,2,7200,1.00678426052
155567,156331,156348,764,17,1,600,45.9411764706
155568,156352,156364,784,12,1,600,66.3333333333
155569,156359,156398,790,39,1,600,21.2564102564
155572,156390,156402,818,12,1,600,69.1666666667
155574,156411,156413,837,2,1,600,83.9
155575,156417,156434,842,17,1,600,50.5294117647
155577,156425,156437,848,12,1,600,71.6666666667
155578,156445,156448,867,3,1,600,87.0
155579,156458,156470,879,12,1,600,74.25
155581,156465,156477,884,12,1,600,74.6666666667
155582,156482,156484,900,2,1,600,90.2
155583,155597,158908,14,3311,2,7200,1.00422832981
155631,155671,158588,40,2917,2,7200,1.01371271855
155644,156489,156497,845,8,1,600,85.3
155645,156496,156498,851,2,1,600,85.3
155646,155677,158862,31,3185,2,7200,1.00973312402
155648,156516,156519,868,3,1,600,87.1
155650,156522,156526,872,4,1,600,87.6
155651,156530,156543,879,13,1,600,68.6153846154
155652,156538,156547,886,9,1,600,89.5
155654,156562,156565,908,3,1,600,91.1
155655,156577,156581,922,4,1,600,92.6
155658,156605,156606,947,1,1,600,94.8
155722,155740,158753,18,3013,2,7200,1.00597411218
155722,156644,156656,922,12,1,600,77.8333333333
155724,156668,156681,944,13,1,600,73.6153846154
155727,156727,156740,1000,13,1,600,77.9230769231
155728,156732,156745,1004,13,1,600,78.2307692308
155729,156752,156754,1023,2,1,600,102.5
155731,156759,156771,1028,12,1,600,86.6666666667
155732,156766,156769,1034,3,1,600,103.7
155734,156781,156783,1047,2,1,600,104.9
155735,156795,156807,1060,12,1,600,89.3333333333
155785,155822,159023,37,3201,2,7200,1.01155888785
155797,156819,156822,1022,3,1,600,102.5
155799,156847,156859,1048,12,1,600,88.3333333333
155801,156871,156874,1070,3,1,600,107.3
155805,156913,156926,1108,13,1,600,86.2307692308
155806,156944,156956,1138,12,1,600,95.8333333333
155808,156967,156980,1159,13,1,600,90.1538461538
155809,156992,156995,1183,3,1,600,118.6
155810,157007,157009,1197,2,1,600,119.9
155812,157020,157034,1208,14,1,600,87.2857142857
155813,157046,157058,1233,12,1,600,103.75
155875,157070,157082,1195,12,1,600,100.583333333
155876,157093,157097,1217,4,1,600,122.1
155877,157110,157113,1233,3,1,600,123.6
155879,157125,157137,1246,12,1,600,104.833333333
155880,157148,157149,1268,1,1,600,126.9
155882,157163,157166,1281,3,1,600,128.4
155883,157178,157181,1295,3,1,600,129.8
155884,157193,157205,1309,12,1,600,110.083333333
155886,157217,157229,1331,12,1,600,111.916666667
155887,157241,157255,1354,14,1,600,97.7142857143
155888,157267,157271,1379,4,1,600,138.3
155890,157283,157286,1393,3,1,600,139.6
155891,157303,157307,1412,4,1,600,141.6
155927,155946,158936,19,2990,2,7200,1.00635451505
155954,157332,157344,1378,12,1,600,115.833333333
155956,157356,157368,1400,12,1,600,117.666666667
155958,157391,157392,1433,1,1,600,143.4
155960,157408,157410,1448,2,1,600,145.0
155961,157422,157453,1461,31,1,600,48.1290322581
155963,157466,157469,1503,3,1,600,150.6
155964,157480,157485,1516,5,1,600,152.1
155965,157497,157509,1532,12,1,600,128.666666667
155967,157523,157528,1556,5,1,600,156.1
155975,155988,156001,13,13,2,7200,2.0
155985,156017,159196,32,3179,5,14400,1.01006605851
155990,156023,159382,33,3359,2,7200,1.00982435249
156005,156028,158864,23,2836,2,7200,1.0081100141
156016,156052,159007,36,2955,5,14400,1.01218274112
156017,156057,158952,40,2895,5,14400,1.01381692573
156029,157530,157542,1501,12,1,600,126.083333333
156032,157555,157563,1523,8,1,600,153.1
156033,157561,157574,1528,13,1,600,118.538461538
156035,157574,157586,1539,12,1,600,129.25
156036,157588,157606,1552,18,1,600,87.2222222222
156037,157598,157601,1561,3,1,600,156.4
156039,157613,157627,1574,14,1,600,113.428571429
156040,157620,157622,1580,2,1,600,158.2
156044,156063,158767,19,2704,2,7200,1.00702662722
156048,156092,159208,44,3116,5,14400,1.01412066752
156059,156097,159010,38,2913,5,14400,1.01304497082
156080,156110,159052,30,2942,2,7200,1.0101971448
156090,156788,159433,698,2645,5,14400,1.26389413989
156101,158964,162007,2863,3043,5,14400,1.94084784752
156102,157634,157639,1532,5,1,600,153.7
156105,159614,159621,3509,7,1,600,351.6
156106,159619,159624,3513,5,1,600,351.8
156108,159625,159633,3517,8,1,600,352.5
156109,159631,159636,3522,5,1,600,352.7
156111,159638,159639,3527,1,1,600,352.8
156116,156127,158630,11,2503,2,7200,1.00439472633
156131,156139,158902,8,2763,2,7200,1.00289540355
156167,156180,159062,13,2882,2,7200,1.00451075642
156172,159644,159648,3472,4,1,600,347.6
156173,159656,159657,3483,1,1,600,348.4
156175,159662,159674,3487,12,1,600,291.583333333
156210,156219,159081,9,2862,2,7200,1.00314465409
156224,156253,159178,29,2925,2,7200,1.00991452991
156236,159667,159687,3431,20,1,600,172.55
156238,159674,159686,3436,12,1,600,287.333333333
156239,159679,159682,3440,3,1,600,344.3
156242,156258,158940,16,2682,2,7200,1.00596569724
156257,156272,159410,15,3138,2,7200,1.00478011472
156301,159687,159700,3386,13,1,600,261.461538462
156302,159694,159696,3392,2,1,600,339.4
156304,159701,159704,3397,3,1,600,340.0
156305,159707,159720,3402,13,1,600,262.692307692
156306,159714,159715,3408,1,1,600,340.9
156366,156383,159364,17,2981,2,7200,1.0057027843
156368,159720,159732,3352,12,1,600,280.333333333
156369,159726,159729,3357,3,1,600,336.0
156371,159732,159734,3361,2,1,600,336.3
156372,159737,159740,3365,3,1,600,336.8
156434,159744,159758,3310,14,1,600,237.428571429
156435,159750,159752,3315,2,1,600,331.7
156437,159755,159768,3318,13,1,600,256.230769231
156438,159761,159764,3323,3,1,600,332.6
156439,159766,159769,3327,3,1,600,333.0
156441,156453,159549,12,3096,2,7200,1.00387596899
156463,156473,157502,10,1029,2,7200,1.00971817298
156501,159780,159792,3279,12,1,600,274.25
156502,159785,159786,3283,1,1,600,328.4
156505,159796,159801,3291,5,1,600,329.6
156507,159801,159816,3294,15,1,600,220.6
156508,159807,159821,3299,14,1,600,236.642857143
156510,159812,159815,3302,3,1,600,330.5
156544,156554,159447,10,2893,2,7200,1.00345661943
156562,156571,159770,9,3199,2,7200,1.00281337918
156571,159818,159822,3247,4,1,600,325.1
156573,159823,159826,3250,3,1,600,325.3
156574,159829,159832,3255,3,1,600,325.8
156575,159842,159844,3267,2,1,600,326.9
156577,159847,159849,3270,2,1,600,327.2
156578,159853,159855,3275,2,1,600,327.7
156640,159858,159861,3218,3,1,600,322.1
156641,159864,159876,3223,12,1,600,269.583333333
156643,159869,159882,3226,13,1,600,249.153846154
156645,159880,159893,3235,13,1,600,249.846153846
156695,156706,159766,11,3060,2,7200,1.00359477124
156707,159886,159888,3179,2,1,600,318.1
156708,159891,159893,3183,2,1,600,318.5
156709,159897,159909,3188,12,1,600,266.666666667
156713,156719,159385,6,2666,2,7200,1.00225056264
156728,156739,159605,11,2866,2,7200,1.00383810188
156758,156773,159826,15,3053,2,7200,1.00491320013
156771,159902,159915,3131,13,1,600,241.846153846
156772,159916,159935,3144,19,1,600,166.473684211
156774,159921,159935,3147,14,1,600,225.785714286
156775,159927,159939,3152,12,1,600,263.666666667
156776,156878,160186,102,3308,2,7200,1.03083434099
156777,156894,159730,117,2836,2,7200,1.04125528914
156777,159932,159938,3155,6,1,600,316.1
156789,159019,161423,2230,2404,5,14400,1.92762063228
156838,159938,159940,3100,2,1,600,310.2
156840,159943,159949,3103,6,1,600,310.9
156842,159954,159957,3112,3,1,600,311.5
156862,156921,159729,59,2808,2,7200,1.02101139601
156877,156928,160105,51,3177,2,7200,1.01605288008
156904,159960,159963,3056,3,1,600,305.9
156904,156936,159705,32,2769,2,7200,1.0115565186
156905,159965,159970,3060,5,1,600,306.5
156907,159971,159973,3064,2,1,600,306.6
156908,159976,159990,3068,14,1,600,220.142857143
156919,156953,159750,34,2797,2,7200,1.0121558813
156934,156983,159766,49,2783,2,7200,1.01760689903
156948,157142,159900,194,2758,2,7200,1.07034082669
156971,159990,159993,3019,3,1,600,302.2
156972,157156,159972,184,2816,2,7200,1.06534090909
157032,159996,159999,2964,3,1,600,296.7
157034,160002,160014,2968,12,1,600,248.333333333
157035,160007,160010,2972,3,1,600,297.5
157097,160013,160026,2916,13,1,600,225.307692308
157098,160019,160022,2921,3,1,600,292.4
157099,160024,160036,2925,12,1,600,244.75
157132,157200,160261,68,3061,2,7200,1.02221496243
157147,157228,160458,81,3230,2,7200,1.02507739938
157161,160029,160033,2868,4,1,600,287.2
157162,160035,160037,2873,2,1,600,287.5
157164,160040,160043,2876,3,1,600,287.9
157165,160046,160055,2881,9,1,600,289.0
157180,157290,160332,110,3042,2,7200,1.03616042078
157217,157296,157733,79,437,2,7200,1.18077803204
157227,160051,160052,2824,1,1,600,282.5
157228,160057,160059,2829,2,1,600,283.1
157229,160062,160063,2833,1,1,600,283.4
157277,157401,159944,124,2543,2,7200,1.04876130554
157278,157434,160348,156,2914,2,7200,1.05353466026
157291,160068,160071,2777,3,1,600,278.0
157292,160083,160086,2791,3,1,600,279.4
157294,160088,160100,2794,12,1,600,233.833333333
157295,160094,160098,2799,4,1,600,280.3
157357,160099,160102,2742,3,1,600,274.5
157358,160105,160117,2747,12,1,600,229.916666667
157359,160110,160149,2751,39,1,600,71.5384615385
157390,157459,160475,69,3016,2,7200,1.02287798408
157422,160121,160134,2699,13,1,600,208.615384615
157424,160127,160131,2703,4,1,600,270.7
157424,157473,160465,49,2992,2,7200,1.01637700535
157425,160132,160135,2707,3,1,600,271.0
157448,157504,160572,56,3068,2,7200,1.01825293351
157462,157511,160602,49,3091,2,7200,1.01585247493
157486,160138,160140,2652,2,1,600,265.4
157488,160143,160155,2655,12,1,600,222.25
157492,157539,160646,47,3107,2,7200,1.01512713228
157504,157518,172499,14,14981,1,604800,1.00093451705
157508,157568,160298,60,2730,2,7200,1.02197802198
157509,157581,160662,72,3081,2,7200,1.02336903603
157527,157648,160680,121,3032,2,7200,1.03990765172
157551,160154,160157,2603,3,1,600,260.6
157551,157655,160585,104,2930,2,7200,1.03549488055
157552,160160,160163,2608,3,1,600,261.1
157553,160165,160166,2612,1,1,600,261.3
157555,160174,160177,2619,3,1,600,262.2
157566,157673,160994,107,3321,2,7200,1.03221921108
157616,160180,160192,2564,12,1,600,214.666666667
157618,160185,160189,2567,4,1,600,257.1
157620,160196,160199,2576,3,1,600,257.9
157622,160203,160206,2581,3,1,600,258.4
157632,157680,160492,48,2812,2,7200,1.01706970128
157663,157745,160495,82,2750,2,7200,1.02981818182
157664,157757,160619,93,2862,2,7200,1.03249475891
157683,160208,160211,2525,3,1,600,252.8
157685,160214,160217,2529,3,1,600,253.2
157686,160219,160230,2533,11,1,600,231.272727273
157687,160225,160229,2538,4,1,600,254.2
157734,157779,160618,45,2839,2,7200,1.01585065164
157748,157816,160996,68,3180,2,7200,1.0213836478
157769,157834,160711,65,2877,2,7200,1.0225929788
157805,157859,160733,54,2874,2,7200,1.01878914405
157823,157867,160769,44,2902,2,7200,1.01516195727
157847,157903,160921,56,3018,2,7200,1.01855533466
157862,157925,160749,63,2824,2,7200,1.02230878187
157892,157932,158371,40,439,2,7200,1.09111617312
157913,157970,160616,57,2646,2,7200,1.02154195011
157928,157977,160587,49,2610,2,7200,1.01877394636
157958,158003,160741,45,2738,2,7200,1.01643535427
157973,158010,160941,37,2931,2,7200,1.01262367793
157992,158015,160835,23,2820,2,7200,1.00815602837
158007,158035,161095,28,3060,2,7200,1.0091503268
158008,158046,160834,38,2788,2,7200,1.01362984218
158023,158057,161172,34,3115,2,7200,1.01091492777
158038,158120,160950,82,2830,2,7200,1.02897526502
158053,158161,161004,108,2843,2,7200,1.0379880408
158110,158222,161429,112,3207,2,7200,1.03492360461
158149,158229,161277,80,3048,2,7200,1.02624671916
158204,158290,161078,86,2788,2,7200,1.03084648494
158218,158310,161530,92,3220,2,7200,1.02857142857
158279,158338,161255,59,2917,2,7200,1.02022625986
158300,158383,161254,83,2871,2,7200,1.02890978753
158327,158395,161443,68,3048,2,7200,1.02230971129
158372,158488,161286,116,2798,2,7200,1.04145818442
158387,158567,161585,180,3018,2,7200,1.05964214712
158478,158600,161539,122,2939,2,7200,1.04151071793
158553,158642,161650,89,3008,2,7200,1.02958776596
158587,158765,161745,178,2980,2,7200,1.05973154362
158632,158779,161791,147,3012,2,7200,1.04880478088
158753,158874,162042,121,3168,2,7200,1.03819444444
158768,158881,161879,113,2998,2,7200,1.03769179453
158862,158914,161793,52,2879,2,7200,1.01806182702
158877,158921,162055,44,3134,2,7200,1.01403956605
158904,158948,161865,44,2917,2,7200,1.0150839904
158919,158955,162112,36,3157,2,7200,1.01140323092
158937,159034,162093,97,3059,2,7200,1.03170970906
158952,159064,161894,112,2830,2,7200,1.03957597173
158965,159026,161563,61,2537,5,14400,1.02404414663
159017,159208,162333,191,3125,5,14400,1.06112
159024,159075,161989,51,2914,2,7200,1.01750171585
159028,159220,161660,192,2440,5,14400,1.07868852459
159051,159093,161997,42,2904,2,7200,1.01446280992
159066,159190,162299,124,3109,2,7200,1.03988420714
159081,159376,162273,295,2897,2,7200,1.10182947877
159178,159395,162500,217,3105,2,7200,1.06988727858
159213,159445,161881,232,2436,5,14400,1.09523809524
159224,160685,162650,1461,1965,5,14400,1.74351145038
159365,159402,162379,37,2977,2,7200,1.01242861942
159383,159422,162262,39,2840,2,7200,1.01373239437
159384,159459,162475,75,3016,2,7200,1.02486737401
159412,159561,162447,149,2886,2,7200,1.05162855163
159440,160752,162650,1312,1898,5,14400,1.69125395153
159448,159649,162493,201,2844,2,7200,1.07067510549
159550,159772,162680,222,2908,2,7200,1.07634112792
159608,159834,162789,226,2955,2,7200,1.07648054146
159647,160695,204073,1048,43378,32,43200,1.0241597123
159672,160231,160250,559,19,1,600,30.4210526316
159673,160237,160243,564,6,1,600,57.0
159675,160242,160257,567,15,1,600,38.8
159676,160248,160250,572,2,1,600,57.4
159678,160254,160257,576,3,1,600,57.9
159679,160259,160272,580,13,1,600,45.6153846154
159681,160265,160267,584,2,1,600,58.6
159682,160274,160286,592,12,1,600,50.3333333333
159707,159908,162783,201,2875,2,7200,1.06991304348
159725,161322,204665,1597,43343,32,43200,1.03684562674
159732,160074,162688,342,2614,2,7200,1.13083397093
159733,160370,163259,637,2889,2,7200,1.22049151956
159741,162181,162362,2440,181,32,3600,14.4806629834
159744,160279,160282,535,3,1,600,53.8
159745,160285,160288,540,3,1,600,54.3
159747,160291,160294,544,3,1,600,54.7
159748,160296,160299,548,3,1,600,55.1
159750,160302,160305,552,3,1,600,55.5
159751,160515,163357,764,2842,2,7200,1.26882477129
159751,160308,160317,557,9,1,600,56.6
159753,160313,160326,560,13,1,600,44.0769230769
159754,160319,160334,565,15,1,600,38.6666666667
159757,160330,160343,573,13,1,600,45.0769230769
159758,160336,160344,578,8,1,600,58.6
159761,162372,168211,2611,5839,8,21600,1.44716561055
159761,160347,160360,586,13,1,600,46.0769230769
159770,160758,163687,988,2929,2,7200,1.33731649027
159771,160868,163407,1097,2539,2,7200,1.43205986609
159772,161003,163923,1231,2920,2,7200,1.42157534247
159807,204083,511591,44276,307508,16,324000,1.14398324596
159813,204675,511604,44862,306929,16,324000,1.14616409658
159823,160353,160365,530,12,1,600,45.1666666667
159824,160358,160362,534,4,1,600,53.8
159826,160364,160368,538,4,1,600,54.2
159827,160379,160383,552,4,1,600,55.6
159827,161306,164067,1479,2761,2,7200,1.5356754799
159830,160391,160424,561,33,1,600,18.0
159832,160396,160402,564,6,1,600,57.0
159833,160402,160414,569,12,1,600,48.4166666667
159834,160408,160411,574,3,1,600,57.7
159836,160413,160417,577,4,1,600,58.1
159838,160419,160422,581,3,1,600,58.4
159839,160425,160441,586,16,1,600,37.625
159840,160430,160446,590,16,1,600,37.875
159842,160436,160442,594,6,1,600,60.0
159902,161312,164062,1410,2750,2,7200,1.51272727273
159903,160441,160446,538,5,1,600,54.3
159905,160447,160449,542,2,1,600,54.4
159906,160452,160465,546,13,1,600,43.0
159908,160458,160472,550,14,1,600,40.2857142857
159909,160463,160467,554,4,1,600,55.8
159911,160469,160478,558,9,1,600,56.7
159912,160475,160479,563,4,1,600,56.7
159914,160481,160493,567,12,1,600,48.25
159915,160486,160499,571,13,1,600,44.9230769231
159916,160492,160495,576,3,1,600,57.9
159918,160498,160512,580,14,1,600,42.4285714286
159944,161461,164580,1517,3119,2,7200,1.48637383777
159971,161548,164529,1577,2981,2,7200,1.52901710835
159979,160504,160518,525,14,1,600,38.5
159981,160509,160512,528,3,1,600,53.1
159982,160525,160527,543,2,1,600,54.5
159984,160530,160545,546,15,1,600,37.4
159986,160536,160539,550,3,1,600,55.3
159987,160542,160579,555,37,1,600,16.0
159989,160547,160560,558,13,1,600,43.9230769231
159990,160553,160557,563,4,1,600,56.7
159993,160564,160565,571,1,1,600,57.2
159995,160570,160573,575,3,1,600,57.8
159996,160576,160588,580,12,1,600,49.3333333333
159998,160582,160585,584,3,1,600,58.7
159999,160587,160600,588,13,1,600,46.2307692308
160062,160598,160611,536,13,1,600,42.2307692308
160064,160604,160641,540,37,1,600,15.5945945946
160065,160610,160613,545,3,1,600,54.8
160067,160616,160619,549,3,1,600,55.2
160068,160621,160635,553,14,1,600,40.5
160070,160627,160640,557,13,1,600,43.8461538462
160071,160633,160667,562,34,1,600,17.5294117647
160073,160638,160639,565,1,1,600,56.6
160074,160644,160647,570,3,1,600,57.3
160076,160650,160653,574,3,1,600,57.7
160078,160656,160665,578,9,1,600,58.7
160081,160667,160680,586,13,1,600,46.0769230769
160082,160673,160674,591,1,1,600,59.2
160107,161625,164621,1518,2996,2,7200,1.50667556742
160144,160679,160681,535,2,1,600,53.7
160145,160700,160713,555,13,1,600,43.6923076923
160147,160706,160718,559,12,1,600,47.5833333333
160148,160711,160714,563,3,1,600,56.6
160150,160717,160718,567,1,1,600,56.8
160151,160723,160735,572,12,1,600,48.6666666667
160153,160729,160731,576,2,1,600,57.8
160154,160734,160735,580,1,1,600,58.1
160157,160746,160747,589,1,1,600,59.0
160158,160766,160770,608,4,1,600,61.2
160160,160772,160775,612,3,1,600,61.5
160163,160783,160793,620,10,1,600,63.0
160189,161673,164665,1484,2992,2,7200,1.49598930481
160224,160789,160799,565,10,1,600,57.5
160226,160795,160807,569,12,1,600,48.4166666667
160228,160800,160801,572,1,1,600,57.3
160229,160806,160807,577,1,1,600,57.8
160231,160812,160814,581,2,1,600,58.3
160232,160817,160818,585,1,1,600,58.6
160235,160823,160854,588,31,1,600,19.9677419355
160236,160829,160841,593,12,1,600,50.4166666667
160238,160834,160847,596,13,1,600,46.8461538462
160239,160840,160852,601,12,1,600,51.0833333333
160241,160845,160846,604,1,1,600,60.5
160242,160851,160853,609,2,1,600,61.1
160261,161742,164857,1481,3115,2,7200,1.47544141252
160300,161748,164629,1448,2881,2,7200,1.50260326276
160304,160856,160859,552,3,1,600,55.5
160307,160877,160883,570,6,1,600,57.6
160309,160883,160898,574,15,1,600,39.2666666667
160310,160889,160901,579,12,1,600,49.25
160312,160895,160898,583,3,1,600,58.6
160313,160900,160901,587,1,1,600,58.8
160317,160912,160915,595,3,1,600,59.8
160318,160917,160925,599,8,1,600,60.7
160320,160923,160925,603,2,1,600,60.5
160322,160929,160931,607,2,1,600,60.9
160323,160934,160935,611,1,1,600,61.2
160325,160940,160953,615,13,1,600,48.3076923077
160333,161895,164917,1562,3022,2,7200,1.5168762409
160348,162005,164996,1657,2991,2,7200,1.55399531929
160386,160946,160951,560,5,1,600,56.5
160388,160952,160960,564,8,1,600,57.2
160390,160957,160996,567,39,1,600,15.5384615385
160392,160963,160976,571,13,1,600,44.9230769231
160393,160969,160978,576,9,1,600,58.5
160395,160974,160975,579,1,1,600,58.0
160396,160980,160992,584,12,1,600,49.6666666667
160399,160991,161004,592,13,1,600,46.5384615385
160401,160997,161010,596,13,1,600,46.8461538462
160403,161012,161016,609,4,1,600,61.3
160405,161018,161029,613,11,1,600,56.7272727273
160460,162010,165231,1550,3221,2,7200,1.48121701335
160466,161024,161030,558,6,1,600,56.4
160468,161030,161037,562,7,1,600,56.9
160469,161035,161036,566,1,1,600,56.7
160471,161041,161042,570,1,1,600,57.1
160472,161047,161059,575,12,1,600,48.9166666667
160474,161053,161068,579,15,1,600,39.6
160476,161058,161062,582,4,1,600,58.6
160476,162193,164960,1717,2767,2,7200,1.62052764727
160478,162274,165040,1796,2766,2,7200,1.64931308749
160478,161064,161065,586,1,1,600,58.7
160479,161070,161074,591,4,1,600,59.5
160481,161075,161088,594,13,1,600,46.6923076923
160482,161081,161093,599,12,1,600,50.9166666667
160484,161087,161092,603,5,1,600,60.8
160486,161092,161093,606,1,1,600,60.7
160487,161098,161107,611,9,1,600,62.0
160489,161104,161116,615,12,1,600,52.25
160490,161109,161113,619,4,1,600,62.3
160493,162287,165245,1794,2958,2,7200,1.60649087221
160508,162311,165112,1803,2801,2,7200,1.64369867904
160552,161115,161119,563,4,1,600,56.7
160554,161121,161124,567,3,1,600,57.0
160556,161127,161129,571,2,1,600,57.3
160557,161132,161135,575,3,1,600,57.8
160559,161148,161160,589,12,1,600,50.0833333333
160560,161153,161156,593,3,1,600,59.6
160562,161159,161162,597,3,1,600,60.0
160563,161165,161177,602,12,1,600,51.1666666667
160565,161170,161179,605,9,1,600,61.4
160567,161176,161182,609,6,1,600,61.5
160568,161182,161185,614,3,1,600,61.7
160570,161188,161194,618,6,1,600,62.4
160572,161193,161196,621,3,1,600,62.4
160575,162395,165608,1820,3213,2,7200,1.56644880174
160590,162401,165498,1811,3097,2,7200,1.58475944462
160591,162407,165255,1816,2848,2,7200,1.63764044944
160606,162413,165416,1807,3003,2,7200,1.60173160173
160622,162418,165299,1796,2881,2,7200,1.62339465463
160624,162431,165521,1807,3090,2,7200,1.58478964401
160626,162459,165447,1833,2988,2,7200,1.61345381526
160634,161199,161203,565,4,1,600,56.9
160635,161205,161208,570,3,1,600,57.3
160637,161210,161213,573,3,1,600,57.6
160638,161216,161218,578,2,1,600,58.0
160640,161222,161258,582,36,1,600,17.1666666667
160641,161227,161230,586,3,1,600,58.9
160643,161233,161242,590,9,1,600,59.9
160645,161239,161252,594,13,1,600,46.6923076923
160646,161245,161248,599,3,1,600,60.2
160647,162493,165372,1846,2879,2,7200,1.64119485933
160648,161250,161263,602,13,1,600,47.3076923077
160649,161256,161268,607,12,1,600,51.5833333333
160651,161261,161268,610,7,1,600,61.7
160653,161267,161279,614,12,1,600,52.1666666667
160654,161273,161277,619,4,1,600,62.3
160662,162508,165472,1846,2964,2,7200,1.62280701754
160680,162515,165500,1835,2985,2,7200,1.61474036851
160683,161138,162650,455,1512,5,14400,1.30092592593
160710,162732,165542,2022,2810,2,7200,1.71957295374
160716,161278,161281,562,3,1,600,56.5
160717,161284,161287,567,3,1,600,57.0
160719,161289,161299,570,10,1,600,58.0
160720,161295,161298,575,3,1,600,57.8
160722,161300,161303,578,3,1,600,58.1
160724,161328,161332,604,4,1,600,60.8
160725,161344,161356,619,12,1,600,52.5833333333
160727,161368,161371,641,3,1,600,64.4
160729,161383,161395,654,12,1,600,55.5
160730,161408,161441,678,33,1,600,21.5454545455
160732,161442,161458,710,16,1,600,45.375
160732,162738,165413,2006,2675,2,7200,1.74990654206
160747,162744,165958,1997,3214,2,7200,1.62134411948
160749,162750,165781,2001,3031,2,7200,1.66017815902
160755,161333,162650,578,1317,5,14400,1.43887623386
160770,162755,165983,1985,3228,2,7200,1.61493184634
160793,161448,161491,655,43,1,600,16.2325581395
160795,161455,161459,660,4,1,600,66.4
160796,161470,161483,674,13,1,600,52.8461538462
160798,161477,161482,679,5,1,600,68.4
160799,161494,161497,695,3,1,600,69.8
160801,161501,161504,700,3,1,600,70.3
160803,161508,161547,705,39,1,600,19.0769230769
160805,161515,161518,710,3,1,600,71.3
160806,161522,161530,716,8,1,600,72.4
160808,161530,161546,722,16,1,600,46.125
160809,161542,161553,733,11,1,600,67.6363636364
160834,162761,162892,1927,131,2,7200,15.7099236641
160849,162767,166027,1918,3260,2,7200,1.58834355828
160871,161555,161556,684,1,1,600,68.5
160873,161561,161563,688,2,1,600,69.0
160874,161568,161572,694,4,1,600,69.8
160877,161579,161592,702,13,1,600,55.0
160879,161585,161597,706,12,1,600,59.8333333333
160882,161597,161600,715,3,1,600,71.8
160884,161603,161615,719,12,1,600,60.9166666667
160886,161608,161649,722,41,1,600,18.6097560976
160887,161614,161618,727,4,1,600,73.1
160890,161633,161636,743,3,1,600,74.6
160921,162773,165842,1852,3069,2,7200,1.60345389378
160942,162779,165896,1837,3117,2,7200,1.58934873276
160953,161638,161641,685,3,1,600,68.8
160954,161644,161653,690,9,1,600,69.9
160956,161650,161662,694,12,1,600,58.8333333333
160957,161655,161656,698,1,1,600,69.9
160957,162784,165846,1827,3062,2,7200,1.59666884389
160959,161661,161665,702,4,1,600,70.6
160960,161667,161671,707,4,1,600,71.1
160962,161681,161684,719,3,1,600,72.2
160964,161686,161687,722,1,1,600,72.3
160966,161692,161695,726,3,1,600,72.9
160967,161698,161712,731,14,1,600,53.2142857143
160969,161703,161704,734,1,1,600,73.5
160972,161714,161721,742,7,1,600,74.9
160997,162790,166001,1793,3211,2,7200,1.55839302398
160998,162796,165436,1798,2640,2,7200,1.68106060606
161014,162802,165679,1788,2877,2,7200,1.62148070907
161033,161720,161723,687,3,1,600,69.0
161035,161725,161728,690,3,1,600,69.3
161037,161731,161735,694,4,1,600,69.8
161038,161737,161739,699,2,1,600,70.1
161040,161756,161764,716,8,1,600,72.4
161041,161762,161765,721,3,1,600,72.4
161043,161767,161770,724,3,1,600,72.7
161045,161773,161785,728,12,1,600,61.6666666667
161046,161779,161781,733,2,1,600,73.5
161048,161784,161797,736,13,1,600,57.6153846154
161049,161790,161794,741,4,1,600,74.5
161053,161802,161805,749,3,1,600,75.2
161054,161807,161820,753,13,1,600,58.9230769231
161080,162807,165685,1727,2878,2,7200,1.6000694927
161095,162813,163481,1718,668,2,7200,3.57185628743
161116,161813,161825,697,12,1,600,59.0833333333
161118,161819,161831,701,12,1,600,59.4166666667
161119,161827,161828,708,1,1,600,70.9
161121,161833,161837,712,4,1,600,71.6
161123,161838,161848,715,10,1,600,72.5
161124,161844,161879,720,35,1,600,21.5714285714
161127,161855,161868,728,13,1,600,57.0
161129,161861,161870,732,9,1,600,74.1
161132,161872,161888,740,16,1,600,47.25
161134,161878,161895,744,17,1,600,44.7647058824
161135,161883,161898,748,15,1,600,50.8666666667
161137,161889,161893,752,4,1,600,75.6
161138,161903,161919,765,16,1,600,48.8125
161173,162819,165420,1646,2601,2,7200,1.63283352557
161199,161435,162650,236,1215,5,14400,1.19423868313
161200,161909,161921,709,12,1,600,60.0833333333
161202,161914,161915,712,1,1,600,71.3
161203,161920,161924,717,4,1,600,72.1
161205,161925,161929,720,4,1,600,72.4
161206,161931,161943,725,12,1,600,61.4166666667
161208,161937,161949,729,12,1,600,61.75
161209,161942,161955,733,13,1,600,57.3846153846
161213,161954,161966,741,12,1,600,62.75
161215,161959,161960,744,1,1,600,74.5
161216,161965,161979,749,14,1,600,54.5
161218,161970,161971,752,1,1,600,75.3
161219,161976,161977,757,1,1,600,75.8
161255,162903,165906,1648,3003,2,7200,1.54878454878
161257,162909,165938,1652,3029,2,7200,1.54539451964
161278,162914,165723,1636,2809,2,7200,1.58241367035
161281,161982,162000,701,18,1,600,39.9444444444
161282,161988,162000,706,12,1,600,59.8333333333
161284,161993,162005,709,12,1,600,60.0833333333
161286,161999,162002,713,3,1,600,71.6
161288,162021,162033,733,12,1,600,62.0833333333
161289,162027,162040,738,13,1,600,57.7692307692
161291,162032,162033,741,1,1,600,74.2
161292,162038,162042,746,4,1,600,75.0
161293,162044,162056,751,12,1,600,63.5833333333
161293,162920,165705,1627,2785,2,7200,1.5842010772
161295,162050,162063,755,13,1,600,59.0769230769
161296,162055,162068,759,13,1,600,59.3846153846
161298,162061,162070,763,9,1,600,77.2
161299,162067,162068,768,1,1,600,76.9
161333,162187,162650,854,463,5,14400,2.8444924406
161361,162073,162074,712,1,1,600,71.3
161364,162084,162087,720,3,1,600,72.3
161366,162090,162099,724,9,1,600,73.3
161367,162096,162098,729,2,1,600,73.1
161429,162998,165870,1569,2872,2,7200,1.5463091922
161429,162102,162114,673,12,1,600,57.0833333333
161431,162107,162110,676,3,1,600,67.9
161437,162351,162650,914,299,5,14400,4.05685618729
161444,163346,166241,1902,2895,2,7200,1.65699481865
161493,162113,162121,620,8,1,600,62.8
161496,162125,162130,629,5,1,600,63.4
161498,162130,162134,632,4,1,600,63.6
161499,162136,162145,637,9,1,600,64.6
161501,162142,162145,641,3,1,600,64.4
161531,163611,166462,2080,2851,2,7200,1.72956857243
161546,163809,166786,2263,2977,2,7200,1.76016123614
161564,162153,162157,589,4,1,600,59.3
161565,162159,162160,594,1,1,600,59.5
161567,162165,162166,598,1,1,600,59.9
161569,162171,162173,602,2,1,600,60.4
161570,162200,162212,630,12,1,600,53.5
161572,162225,162234,653,9,1,600,66.2
161573,162246,162248,673,2,1,600,67.5
161575,162260,162262,685,2,1,600,68.7
161586,164011,166900,2425,2889,2,7200,1.83939079266
161636,162280,162283,644,3,1,600,64.7
161638,162295,162303,657,8,1,600,66.5
161639,162318,162332,679,14,1,600,49.5
161641,162344,162356,703,12,1,600,59.5833333333
161643,162424,162436,781,12,1,600,66.0833333333
161644,162449,162461,805,12,1,600,68.0833333333
161647,162486,162488,839,2,1,600,84.1
161649,162501,162502,852,1,1,600,85.3
161649,164151,167116,2502,2965,2,7200,1.84384485666
161651,162521,162525,870,4,1,600,87.4
161652,162537,162539,885,2,1,600,88.7
161714,162551,162554,837,3,1,600,84.0
161715,162566,162578,851,12,1,600,71.9166666667
161718,162602,162603,884,1,1,600,88.5
161720,162615,162616,895,1,1,600,89.6
161722,162628,162640,906,12,1,600,76.5
161723,162652,162656,929,4,1,600,93.3
161725,162663,162677,938,14,1,600,68.0
161726,162669,162671,943,2,1,600,94.5
161728,162674,162714,946,40,1,600,24.65
161729,162680,162681,951,1,1,600,95.2
161731,162686,162689,955,3,1,600,95.8
161734,162698,162701,964,3,1,600,96.7
161735,162703,162708,968,5,1,600,97.3
161746,164157,167175,2411,3018,2,7200,1.79887342611
161792,164619,167649,2827,3030,2,7200,1.93300330033
161793,164698,165144,2905,446,2,7200,7.5134529148
161797,162709,162713,912,4,1,600,91.6
161799,162715,162717,916,2,1,600,91.8
161800,162721,162731,921,10,1,600,93.1
161802,162726,162727,924,1,1,600,92.5
161803,162828,162862,1025,34,1,600,31.1470588235
161805,162834,162848,1029,14,1,600,74.5
161806,162839,162852,1033,13,1,600,80.4615384615
161808,162845,162858,1037,13,1,600,80.7692307692
161810,162851,162863,1041,12,1,600,87.75
161813,162862,162865,1049,3,1,600,105.2
161865,164970,167384,3105,2414,2,7200,2.28624689312
161875,162868,162881,993,13,1,600,77.3846153846
161876,162874,162888,998,14,1,600,72.2857142857
161878,162880,162892,1002,12,1,600,84.5
161879,162885,162926,1006,41,1,600,25.5365853659
161881,162891,162892,1010,1,1,600,101.1
161881,165056,168000,3175,2944,2,7200,2.07846467391
161882,162897,162909,1015,12,1,600,85.5833333333
161884,162928,162932,1044,4,1,600,104.8
161886,162934,162947,1048,13,1,600,81.6153846154
161887,162940,162955,1053,15,1,600,71.2
161889,162946,162958,1057,12,1,600,89.0833333333
161890,162952,162964,1062,12,1,600,89.5
161896,165062,168221,3166,3159,2,7200,2.0022158911
161952,162957,162961,1005,4,1,600,100.9
161954,162963,162976,1009,13,1,600,78.6153846154
161955,162969,162981,1014,12,1,600,85.5
161957,162975,162988,1018,13,1,600,79.3076923077
161958,162981,162993,1023,12,1,600,86.25
161960,162987,162992,1027,5,1,600,103.2
161963,163007,163043,1044,36,1,600,30.0
161965,163013,163016,1048,3,1,600,105.1
161966,163019,163032,1053,13,1,600,82.0
161968,163025,163026,1057,1,1,600,105.8
161971,163037,163041,1066,4,1,600,107.0
161973,163042,163055,1069,13,1,600,83.2307692308
161974,163048,163051,1074,3,1,600,107.7
161989,165159,168225,3170,3066,2,7200,2.03392041748
162004,165262,168266,3258,3004,2,7200,2.0845539281
162036,163054,163091,1018,37,1,600,28.5135135135
162038,163060,163065,1022,5,1,600,102.7
162039,163065,163066,1026,1,1,600,102.7
162041,165383,168366,3342,2983,2,7200,2.12034864231
162042,163071,163101,1029,30,1,600,35.3
162043,163077,163080,1034,3,1,600,103.7
162045,163085,163098,1040,13,1,600,81.0
162046,163091,163126,1045,35,1,600,30.8571428571
162048,163097,163109,1049,12,1,600,88.4166666667
162050,163102,163105,1052,3,1,600,105.5
162051,163108,163120,1057,12,1,600,89.0833333333
162053,163114,163126,1061,12,1,600,89.4166666667
162056,165558,168532,3502,2974,2,7200,2.17753866846
162092,165565,168494,3473,2929,2,7200,2.18572891772
162113,165620,168514,3507,2894,2,7200,2.21181755356
162115,163120,163123,1005,3,1,600,100.8
162116,163125,163129,1009,4,1,600,101.3
162118,163131,163134,1013,3,1,600,101.6
162120,163137,163146,1017,9,1,600,102.6
162122,163145,163148,1023,3,1,600,102.6
162123,163151,163155,1028,4,1,600,103.2
162125,163157,163171,1032,14,1,600,74.7142857143
162126,163163,163166,1037,3,1,600,104.0
162128,163168,163172,1040,4,1,600,104.4
162129,163174,163177,1045,3,1,600,104.8
162133,163186,163188,1053,2,1,600,105.5
162135,163191,163194,1056,3,1,600,105.9
162136,163197,163200,1061,3,1,600,106.4
162138,163203,163206,1065,3,1,600,106.8
162140,163211,163224,1071,13,1,600,83.3846153846
162186,162378,162650,192,272,5,14400,1.70588235294
162201,163217,163230,1016,13,1,600,79.1538461538
162204,163229,163241,1025,12,1,600,86.4166666667
162206,163234,163237,1028,3,1,600,103.1
162208,163240,163241,1032,1,1,600,103.3
162211,163252,163255,1041,3,1,600,104.4
162261,165692,168692,3431,3000,2,7200,2.14366666667
162273,163257,163260,984,3,1,600,98.7
162274,163263,163264,989,1,1,600,99.0
162276,165699,168623,3423,2924,2,7200,2.17065663475
162276,163269,163273,993,4,1,600,99.7
162277,163277,163279,1000,2,1,600,100.2
162297,165717,168894,3420,3177,2,7200,2.07648725212
162339,163283,163295,944,12,1,600,79.6666666667
162341,163289,163317,948,28,1,600,34.8571428571
162342,163294,163308,952,14,1,600,69.0
162351,162384,162650,33,266,5,14400,1.12406015038
162379,165735,168437,3356,2702,2,7200,2.24204293116
162404,163300,163313,896,13,1,600,69.9230769231
162414,165573,208920,3159,43347,32,43200,1.07287701571
162449,165794,168735,3345,2941,2,7200,2.13736824209
162466,163306,163319,840,13,1,600,65.6153846154
162476,165854,168667,3378,2813,2,7200,2.20085318166
162491,165862,168753,3371,2891,2,7200,2.1660325147
162506,165883,168764,3377,2881,2,7200,2.1721624436
162529,163318,163321,789,3,1,600,79.2
162530,163323,163324,793,1,1,600,79.4
162532,163329,163332,797,3,1,600,80.0
162534,163335,163349,801,14,1,600,58.2142857143
162595,163341,163353,746,12,1,600,63.1666666667
162597,163355,163356,758,1,1,600,75.9
162599,163361,163377,762,16,1,600,48.625
162601,163367,163369,766,2,1,600,76.8
162662,163373,163376,711,3,1,600,71.4
162664,163379,163391,715,12,1,600,60.5833333333
162666,163384,163392,718,8,1,600,72.6
162667,163390,163391,723,1,1,600,72.4
162681,165908,168822,3227,2914,2,7200,2.10741249142
162696,165918,168421,3222,2503,2,7200,2.28725529365
162729,163396,163403,667,7,1,600,67.4
162730,163401,163421,671,20,1,600,34.55
162732,163407,163411,675,4,1,600,67.9
162734,163413,163427,679,14,1,600,49.5
162735,163421,163437,686,16,1,600,43.875
162737,163427,163433,690,6,1,600,69.6
162739,163433,163446,694,13,1,600,54.3846153846
162741,163439,163452,698,13,1,600,54.6923076923
162742,163444,163458,702,14,1,600,51.1428571429
162744,163450,163461,706,11,1,600,65.1818181818
162746,163456,163464,710,8,1,600,71.8
162747,163461,163474,714,13,1,600,55.9230769231
162784,165950,169087,3166,3137,2,7200,2.00924450112
162799,165970,168851,3171,2881,2,7200,2.10065949323
162869,163467,163501,598,34,1,600,18.5882352941
162871,163473,163485,602,12,1,600,51.1666666667
162872,163486,163499,614,13,1,600,48.2307692308
162874,163492,163496,618,4,1,600,62.2
162876,163498,163510,622,12,1,600,52.8333333333
162877,163504,163505,627,1,1,600,62.8
162879,163510,163512,631,2,1,600,63.3
162893,165995,168935,3102,2940,2,7200,2.05510204082
162941,163515,163516,574,1,1,600,57.5
162943,163521,163562,578,41,1,600,15.0975609756
162944,163527,163540,583,13,1,600,45.8461538462
162946,163533,163537,587,4,1,600,59.1
162948,163539,163552,591,13,1,600,46.4615384615
162949,163545,163557,596,12,1,600,50.6666666667
162951,163553,163557,602,4,1,600,60.6
162953,163559,163571,606,12,1,600,51.5
163015,163565,163577,550,12,1,600,46.8333333333
163016,163570,163583,554,13,1,600,43.6153846154
163018,163576,163586,558,10,1,600,56.8
163020,163582,163595,562,13,1,600,44.2307692308
163022,163588,163600,566,12,1,600,48.1666666667
163023,163593,163601,570,8,1,600,57.8
163025,163599,163612,574,13,1,600,45.1538461538
163027,163605,163617,578,12,1,600,49.1666666667
163028,163619,163625,591,6,1,600,59.7
163030,163625,163638,595,13,1,600,46.7692307692
163032,163631,163634,599,3,1,600,60.2
163033,163636,163640,603,4,1,600,60.7
163089,163478,166580,389,3102,5,14400,1.12540296583
163095,163642,163643,547,1,1,600,54.8
163097,163648,163651,551,3,1,600,55.4
163098,163653,163654,555,1,1,600,55.6
163100,163659,163663,559,4,1,600,56.3
163101,163665,163669,564,4,1,600,56.8
163103,163671,163683,568,12,1,600,48.3333333333
163105,163676,163677,571,1,1,600,57.2
163107,163685,163686,578,1,1,600,57.9
163108,163691,163694,583,3,1,600,58.6
163110,163697,163701,587,4,1,600,59.1
163111,163703,163707,592,4,1,600,59.6
163114,163708,163711,594,3,1,600,59.7
163115,163714,163716,599,2,1,600,60.1
163117,163720,163742,603,22,1,600,28.4090909091
163179,163725,163726,546,1,1,600,54.7
163181,163731,163732,550,1,1,600,55.1
163182,163737,163745,555,8,1,600,56.3
163184,163743,163763,559,20,1,600,28.95
163186,163751,163755,565,4,1,600,56.9
163187,163757,163758,570,1,1,600,57.1
163189,163763,163766,574,3,1,600,57.7
163191,163769,163772,578,3,1,600,58.1
163193,163774,163777,581,3,1,600,58.4
163194,163780,163783,586,3,1,600,58.9
163196,163786,163787,590,1,1,600,59.1
163199,163798,163811,599,13,1,600,47.0769230769
163201,163803,163837,602,34,1,600,18.7058823529
163202,163818,163823,616,5,1,600,62.1
163204,163824,163825,620,1,1,600,62.1
163262,166013,168690,2751,2677,2,7200,2.02764288383
163265,163830,163833,565,3,1,600,56.8
163267,163836,163840,569,4,1,600,57.3
163269,163842,163843,573,1,1,600,57.4
163271,163848,163865,577,17,1,600,34.9411764706
163272,163854,163858,582,4,1,600,58.6
163274,163860,163863,586,3,1,600,58.9
163276,163866,163867,590,1,1,600,59.1
163277,163872,163885,595,13,1,600,46.7692307692
163279,163878,163881,599,3,1,600,60.2
163280,163886,163890,606,4,1,600,61.0
163282,163892,163896,610,4,1,600,61.4
163284,163898,163901,614,3,1,600,61.7
163286,163904,163906,618,2,1,600,62.0
163287,163910,163922,623,12,1,600,52.9166666667
163349,163915,163919,566,4,1,600,57.0
163351,163921,163934,570,13,1,600,44.8461538462
163352,163927,163928,575,1,1,600,57.6
163354,163933,163945,579,12,1,600,49.25
163356,163939,163942,583,3,1,600,58.6
163358,163945,163948,587,3,1,600,59.0
163359,166040,168937,2681,2897,2,7200,1.92544011046
163360,163953,163956,593,3,1,600,59.6
163361,163959,163960,598,1,1,600,59.9
163363,163965,163968,602,3,1,600,60.5
163365,163971,163974,606,3,1,600,60.9
163366,163976,163977,610,1,1,600,61.1
163368,163982,163983,614,1,1,600,61.5
163407,166253,166267,2846,14,2,7200,204.285714286
163430,163988,164001,558,13,1,600,43.9230769231
163431,163994,164006,563,12,1,600,47.9166666667
163433,164000,164012,567,12,1,600,48.25
163435,164006,164022,571,16,1,600,36.6875
163436,164020,164023,584,3,1,600,58.7
163438,164026,164029,588,3,1,600,59.1
163440,164032,164036,592,4,1,600,59.6
163441,164037,164038,596,1,1,600,59.7
163443,164043,164047,600,4,1,600,60.4
163444,164049,164053,605,4,1,600,60.9
163446,164055,164057,609,2,1,600,61.1
163448,164061,164065,613,4,1,600,61.7
163479,164771,167709,1292,2938,5,14400,1.43975493533
163480,165546,168498,2066,2952,5,14400,1.69986449864
163483,166279,169523,2796,3244,2,7200,1.86189889026
163509,164066,164070,557,4,1,600,56.1
163511,164072,164075,561,3,1,600,56.4
163512,164078,164092,566,14,1,600,41.4285714286
163514,164087,164099,573,12,1,600,48.75
163516,164092,164095,576,3,1,600,57.9
163518,164099,164114,581,15,1,600,39.7333333333
163519,164104,164122,585,18,1,600,33.5
163521,164110,164113,589,3,1,600,59.2
163523,164116,164128,593,12,1,600,50.4166666667
163524,164122,164124,598,2,1,600,60.0
163526,164128,164142,602,14,1,600,44.0
163527,164134,164137,607,3,1,600,61.0
163529,164139,164140,610,1,1,600,61.1
163531,164145,164185,614,40,1,600,16.35
163592,164165,164169,573,4,1,600,57.7
163595,164171,164184,576,13,1,600,45.3076923077
163596,164177,164190,581,13,1,600,45.6923076923
163598,164183,164196,585,13,1,600,46.0
163601,164195,164198,594,3,1,600,59.7
163603,164201,164214,598,13,1,600,47.0
163604,164206,164210,602,4,1,600,60.6
163606,164212,164225,606,13,1,600,47.6153846154
163608,164218,164219,610,1,1,600,61.1
163610,164224,164225,614,1,1,600,61.5
163611,164230,164243,619,13,1,600,48.6153846154
163613,164238,164250,625,12,1,600,53.0833333333
163674,164244,164257,570,13,1,600,44.8461538462
163677,164250,164263,573,13,1,600,45.0769230769
163678,164256,164270,578,14,1,600,42.2857142857
163680,164262,164274,582,12,1,600,49.5
163682,164268,164280,586,12,1,600,49.8333333333
163684,164274,164287,590,13,1,600,46.3846153846
163685,164280,164288,595,8,1,600,60.3
163687,164285,164289,598,4,1,600,60.2
163688,166475,169490,2787,3015,2,7200,1.92437810945
163689,164291,164306,602,15,1,600,41.1333333333
163690,164297,164299,607,2,1,600,60.9
163692,164303,164311,611,8,1,600,61.9
163694,164311,164312,617,1,1,600,61.8
163696,164317,164326,621,9,1,600,63.0
163759,164329,164331,570,2,1,600,57.2
163760,164335,164347,575,12,1,600,48.9166666667
163762,164340,164344,578,4,1,600,58.2
163764,164346,164358,582,12,1,600,49.5
163766,164352,164353,586,1,1,600,58.7
163767,164358,164371,591,13,1,600,46.4615384615
163769,164364,164372,595,8,1,600,60.3
163771,164372,164385,601,13,1,600,47.2307692308
163772,164378,164380,606,2,1,600,60.8
163774,164384,164397,610,13,1,600,47.9230769231
163776,164389,164392,613,3,1,600,61.6
163777,164395,164404,618,9,1,600,62.7
163779,164401,164413,622,12,1,600,52.8333333333
163780,164407,164421,627,14,1,600,45.7857142857
163842,164413,164430,571,17,1,600,34.5882352941
163844,164418,164421,574,3,1,600,57.7
163846,164424,164428,578,4,1,600,58.2
163847,164430,164443,583,13,1,600,45.8461538462
163850,164438,164442,588,4,1,600,59.2
163851,164444,164450,593,6,1,600,59.9
163853,164450,164454,597,4,1,600,60.1
163855,164456,164460,601,4,1,600,60.5
163857,164462,164465,605,3,1,600,60.8
163859,164468,164481,609,13,1,600,47.8461538462
163861,164473,164474,612,1,1,600,61.3
163922,164479,164492,557,13,1,600,43.8461538462
163924,166799,169832,2875,3033,2,7200,1.94790636334
163927,164491,164493,564,2,1,600,56.6
163928,164499,164508,571,9,1,600,58.0
163930,164505,164509,575,4,1,600,57.9
163932,164511,164517,579,6,1,600,58.5
163933,164517,164554,584,37,1,600,16.7837837838
163935,164523,164527,588,4,1,600,59.2
163938,164535,164544,597,9,1,600,60.6
163940,164540,164553,600,13,1,600,47.1538461538
163942,164546,164559,604,13,1,600,47.4615384615
163944,164552,164569,608,17,1,600,36.7647058824
163945,164558,164570,613,12,1,600,52.0833333333
164007,164566,164603,559,37,1,600,16.1081081081
164012,164583,164596,571,13,1,600,44.9230769231
164014,164589,164590,575,1,1,600,57.6
164015,164595,164600,580,5,1,600,58.5
164017,164601,164602,584,1,1,600,58.5
164021,164613,164625,592,12,1,600,50.3333333333
164023,164627,164640,604,13,1,600,47.4615384615
164024,164633,164637,609,4,1,600,61.3
164026,164639,164672,613,33,1,600,19.5757575758
164063,166912,169633,2849,2721,2,7200,2.04704152885
164078,167128,169882,3050,2754,2,7200,2.10748002905
164088,164645,164646,557,1,1,600,55.8
164090,164651,164663,561,12,1,600,47.75
164091,164657,164660,566,3,1,600,56.9
164094,164668,164681,574,13,1,600,45.1538461538
164096,164674,164681,578,7,1,600,58.5
164098,164680,164684,582,4,1,600,58.6
164100,164686,164699,586,13,1,600,46.0769230769
164101,164692,164699,591,7,1,600,59.8
164103,164707,164709,604,2,1,600,60.6
164105,164712,164716,607,4,1,600,61.1
164106,164718,164722,612,4,1,600,61.6
164108,164724,164736,616,12,1,600,52.3333333333
164110,164730,164732,620,2,1,600,62.2
164173,164741,164754,568,13,1,600,44.6923076923
164175,164747,164760,572,13,1,600,45.0
164177,164753,164754,576,1,1,600,57.7
164178,164759,164776,581,17,1,600,35.1764705882
164180,164765,164804,585,39,1,600,16.0
164182,164779,164813,597,34,1,600,18.5588235294
164184,164785,164798,601,13,1,600,47.2307692308
164186,164790,164793,604,3,1,600,60.7
164248,164796,164797,548,1,1,600,54.9
164249,164802,164819,553,17,1,600,33.5294117647
164251,164808,164811,557,3,1,600,56.0
164253,164814,164816,561,2,1,600,56.3
164254,164819,164832,565,13,1,600,44.4615384615
164256,164825,164838,569,13,1,600,44.7692307692
164258,164831,164835,573,4,1,600,57.7
164259,164837,164840,578,3,1,600,58.1
164261,164845,164848,584,3,1,600,58.7
164263,164851,164854,588,3,1,600,59.1
164265,164857,164869,592,12,1,600,50.3333333333
164266,164863,164876,597,13,1,600,46.9230769231
164268,164869,164881,601,12,1,600,51.0833333333
164270,164875,164879,605,4,1,600,60.9
164271,164880,164884,609,4,1,600,61.3
164333,164886,164889,553,3,1,600,55.6
164335,164892,164894,557,2,1,600,55.9
164336,164898,164905,562,7,1,600,56.9
164338,164906,164910,568,4,1,600,57.2
164339,164912,164914,573,2,1,600,57.5
164342,164918,164931,576,13,1,600,45.3076923077
164343,164924,164936,581,12,1,600,49.4166666667
164346,164930,164943,584,13,1,600,45.9230769231
164347,164936,164939,589,3,1,600,59.2
164349,164941,164944,592,3,1,600,59.5
164351,164947,164959,596,12,1,600,50.6666666667
164354,164959,164962,605,3,1,600,60.8
164356,164965,164967,609,2,1,600,61.1
164359,164985,164998,626,13,1,600,49.1538461538
164421,164991,164995,570,4,1,600,57.4
164423,164997,165001,574,4,1,600,57.8
164424,165003,165007,579,4,1,600,58.3
164426,165009,165021,583,12,1,600,49.5833333333
164428,165015,165019,587,4,1,600,59.1
164429,165021,165024,592,3,1,600,59.5
164431,165027,165045,596,18,1,600,34.1111111111
164433,165033,165036,600,3,1,600,60.3
164434,165038,165041,604,3,1,600,60.7
164436,165044,165048,608,4,1,600,61.2
164438,165050,165063,612,13,1,600,48.0769230769
164440,165071,165073,631,2,1,600,63.3
164441,165077,165080,636,3,1,600,63.9
164504,165082,165086,578,4,1,600,58.2
164505,165088,165091,583,3,1,600,58.6
164508,165094,165095,586,1,1,600,58.7
164509,165100,165103,591,3,1,600,59.4
164511,165106,165120,595,14,1,600,43.5
164512,165112,165124,600,12,1,600,51.0
164516,165124,165128,608,4,1,600,61.2
164519,165135,165138,616,3,1,600,61.9
164520,165141,165144,621,3,1,600,62.4
164522,165147,165160,625,13,1,600,49.0769230769
164524,165153,165156,629,3,1,600,63.2
164526,165168,165169,642,1,1,600,64.3
164528,167187,169902,2659,2715,2,7200,1.97937384899
164579,167396,167435,2817,39,2,7200,73.2307692308
164588,165174,165175,586,1,1,600,58.7
164589,165180,165183,591,3,1,600,59.4
164591,165186,165198,595,12,1,600,50.5833333333
164593,165192,165194,599,2,1,600,60.1
164594,165198,165212,604,14,1,600,44.1428571429
164597,165203,165207,606,4,1,600,61.0
164598,165209,165217,611,8,1,600,61.9
164600,165215,165228,615,13,1,600,48.3076923077
164602,165221,165223,619,2,1,600,62.1
164604,165227,165231,623,4,1,600,62.7
164605,165233,165246,628,13,1,600,49.3076923077
164607,165238,165241,631,3,1,600,63.4
164609,165244,165258,635,14,1,600,46.3571428571
164610,165250,165262,640,12,1,600,54.3333333333
164612,165256,165269,644,13,1,600,50.5384615385
164614,165271,165273,657,2,1,600,65.9
164621,167447,170673,2826,3226,2,7200,1.87600743955
164636,167661,170624,3025,2963,2,7200,2.02092473844
164666,168012,170889,3346,2877,2,7200,2.16301703163
164677,165283,165286,606,3,1,600,60.9
164679,165288,165301,609,13,1,600,47.8461538462
164681,165294,165297,613,3,1,600,61.6
164683,165300,165303,617,3,1,600,62.0
164685,165306,165307,621,1,1,600,62.2
164687,165312,165316,625,4,1,600,62.9
164689,165318,165330,629,12,1,600,53.4166666667
164692,165329,165345,637,16,1,600,40.8125
164694,165335,165348,641,13,1,600,50.3076923077
164755,165341,165354,586,13,1,600,46.0769230769
164757,165347,165348,590,1,1,600,59.1
164758,165353,165356,595,3,1,600,59.8
164761,165359,165361,598,2,1,600,60.0
164762,165365,165378,603,13,1,600,47.3846153846
164764,165371,165374,607,3,1,600,61.0
164766,165377,165389,611,12,1,600,51.9166666667
164768,165392,165432,624,40,1,600,16.6
164769,165398,165411,629,13,1,600,49.3846153846
164771,165552,168751,781,3199,5,14400,1.24413879337
164771,165404,165416,633,12,1,600,53.75
164773,165409,165413,636,4,1,600,64.0
164834,165415,165432,581,17,1,600,35.1764705882
164838,165427,165441,589,14,1,600,43.0714285714
164839,165434,165437,595,3,1,600,59.8
164841,165439,165452,598,13,1,600,47.0
164843,165445,165448,602,3,1,600,60.5
164844,165451,165454,607,3,1,600,61.0
164846,165457,165471,611,14,1,600,44.6428571429
164848,165463,165466,615,3,1,600,61.8
164852,165475,165483,623,8,1,600,63.1
164854,165481,165483,627,2,1,600,62.9
164857,168229,170964,3372,2735,2,7200,2.23290676417
164857,165493,165504,636,11,1,600,58.8181818182
164917,168243,171416,3326,3173,2,7200,2.04821935077
164919,165498,165501,579,3,1,600,58.2
164921,165505,165508,584,3,1,600,58.7
164922,165510,165513,588,3,1,600,59.1
164927,165523,165525,596,2,1,600,59.8
164928,165529,165541,601,12,1,600,51.0833333333
164931,165535,165560,604,25,1,600,25.16
164932,168235,168248,3303,13,1,600,255.076923077
164934,168260,168269,3326,9,1,600,333.5
164935,168286,168299,3351,13,1,600,258.769230769
164937,168311,168314,3374,3,1,600,337.7
164939,168326,168328,3387,2,1,600,338.9
164962,168249,171516,3287,3267,2,7200,2.0061218243
164999,168278,171233,3279,2955,2,7200,2.10964467005
165000,168341,168354,3341,13,1,600,258.0
165004,172510,172523,7506,13,1,600,578.384615385
165006,172534,172547,7528,13,1,600,580.076923077
165007,172559,172571,7552,12,1,600,630.333333333
165009,172583,172585,7574,2,1,600,757.6
165011,172597,172628,7586,31,1,600,245.709677419
165012,172639,172643,7627,4,1,600,763.1
165014,172654,172657,7640,3,1,600,764.3
165016,172669,172684,7653,15,1,600,511.2
165018,172695,172696,7677,1,1,600,767.8
165019,172707,172720,7688,13,1,600,592.384615385
165021,172732,172734,7711,2,1,600,771.3
165041,168379,171207,3338,2828,2,7200,2.18033946252
165083,172746,172749,7663,3,1,600,766.6
165084,172760,172776,7676,16,1,600,480.75
165086,172788,172801,7702,13,1,600,593.461538462
165088,172990,172993,7902,3,1,600,790.5
165090,173004,173007,7914,3,1,600,791.7
165092,173018,173038,7926,20,1,600,397.3
165093,173049,173083,7956,34,1,600,235.0
165096,173094,173107,7998,13,1,600,616.230769231
165097,173120,173132,8023,12,1,600,669.583333333
165099,173143,173147,8044,4,1,600,804.8
165101,173329,173336,8228,7,1,600,823.5
165102,173347,173348,8245,1,1,600,824.6
165104,173360,173373,8256,13,1,600,636.076923077
165114,168433,171536,3319,3103,2,7200,2.06961005479
165147,168449,171558,3302,3109,2,7200,2.06207783853
165166,195356,195359,30190,3,1,600,3019.3
165167,195372,195375,30205,3,1,600,3020.8
165169,195386,195390,30217,4,1,600,3022.1
165171,195401,195404,30230,3,1,600,3023.3
165174,198842,198881,33668,39,1,600,864.282051282
165178,198905,198913,33727,8,1,600,3373.5
165180,198924,198937,33744,13,1,600,2596.69230769
165181,198948,198952,33767,4,1,600,3377.1
165183,198964,198967,33781,3,1,600,3378.4
165185,198983,198996,33798,13,1,600,2600.84615385
165232,168506,171111,3274,2605,2,7200,2.25681381958
165246,199007,199017,33761,10,1,600,3377.1
165247,168527,171234,3280,2707,2,7200,2.21167343923
165250,199045,199052,33795,7,1,600,3380.2
165252,199063,199064,33811,1,1,600,3381.2
165253,199076,199078,33823,2,1,600,3382.5
165257,199102,199114,33845,12,1,600,2821.41666667
165259,199125,199140,33866,15,1,600,2258.73333333
165260,199151,199160,33891,9,1,600,3390.0
165262,199172,199173,33910,1,1,600,3391.1
165262,168544,171626,3282,3082,2,7200,2.06489292667
165264,199187,199200,33923,13,1,600,2610.46153846
165266,199211,199216,33945,5,1,600,3395.0
165302,168635,171377,3333,2742,2,7200,2.21553610503
165328,199227,199231,33899,4,1,600,3390.3
165330,199243,199244,33913,1,1,600,3391.4
165331,199256,199259,33925,3,1,600,3392.8
165335,199284,199285,33949,1,1,600,3395.0
165337,199297,199299,33960,2,1,600,3396.2
165338,199311,199323,33973,12,1,600,2832.08333333
165340,199340,199353,34000,13,1,600,2616.38461538
165342,199364,199368,34022,4,1,600,3402.6
165343,199379,199392,34036,13,1,600,2619.15384615
165345,199403,199406,34058,3,1,600,3406.1
165347,199417,199421,34070,4,1,600,3407.4
165372,168679,171830,3307,3151,2,7200,2.04950809267
165409,199433,199445,34024,12,1,600,2836.33333333
165411,199457,199460,34046,3,1,600,3404.9
165412,168703,171891,3291,3188,2,7200,2.03230865747
165412,199471,199484,34059,13,1,600,2620.92307692
165414,199496,199508,34082,12,1,600,2841.16666667
165416,199519,199532,34103,13,1,600,2624.30769231
165417,199543,199548,34126,5,1,600,3413.1
165419,199559,199568,34140,9,1,600,3414.9
165421,199579,199617,34158,38,1,600,899.894736842
165423,199630,199632,34207,2,1,600,3420.9
165425,199644,199658,34219,14,1,600,2445.21428571
165426,199669,199682,34243,13,1,600,2635.07692308
165428,168711,172067,3283,3356,2,7200,1.97824791418
165429,168748,171321,3319,2573,2,7200,2.28993392927
165432,199694,199706,34262,12,1,600,2856.16666667
165434,199717,199719,34283,2,1,600,3428.5
165445,168772,172172,3327,3400,2,7200,1.97852941176
165460,168780,171667,3320,2887,2,7200,2.14998268098
165475,168834,171801,3359,2967,2,7200,2.13211998652
165495,199731,199746,34236,15,1,600,2283.4
165497,199758,199770,34261,12,1,600,2856.08333333
165499,199781,199794,34282,13,1,600,2638.07692308
165500,168863,171895,3363,3032,2,7200,2.10916886544
165500,199806,199816,34306,10,1,600,3431.6
165502,199827,199830,34325,3,1,600,3432.8
165502,168906,171942,3404,3036,2,7200,2.12121212121
165506,199854,199860,34348,6,1,600,3435.4
165507,199871,199890,34364,19,1,600,1809.63157895
165509,199902,199914,34393,12,1,600,2867.08333333
165512,199938,199977,34426,39,1,600,883.717948718
165514,199988,199991,34474,3,1,600,3447.7
165516,200004,200016,34488,12,1,600,2875.0
165518,200027,200061,34509,34,1,600,1015.97058824
165520,200073,200085,34553,12,1,600,2880.41666667
165521,200096,200109,34575,13,1,600,2660.61538462
165523,200120,200133,34597,13,1,600,2662.30769231
165524,168948,171859,3424,2911,2,7200,2.17622810031
165525,205745,205749,40220,4,1,600,4022.4
165539,168957,171943,3418,2986,2,7200,2.1446751507
165551,166592,169559,1041,2967,5,14400,1.35085945399
165552,167721,170571,2169,2850,5,14400,1.76105263158
165586,205761,205762,40175,1,1,600,4017.6
165589,205783,205798,40194,15,1,600,2680.6
165609,169099,172504,3490,3405,2,7200,2.02496328928
165679,169502,172394,3823,2892,2,7200,2.32192254495
165695,169535,172676,3840,3141,2,7200,2.22254059217
165710,169644,172403,3934,2759,2,7200,2.42587894165
165725,169844,172750,4119,2906,2,7200,2.41741225052
165780,169894,173010,4114,3116,2,7200,2.32028241335
165844,169913,172857,4069,2944,2,7200,2.38213315217
165859,170635,173494,4776,2859,2,7200,2.67051416579
165874,170685,173765,4811,3080,2,7200,2.56201298701
165895,170900,174098,5005,3198,2,7200,2.56504065041
165911,170976,173706,5065,2730,2,7200,2.85531135531
165938,171122,174222,5184,3100,2,7200,2.67225806452
165959,171219,174254,5260,3035,2,7200,2.73311367381
165984,171245,174393,5261,3148,2,7200,2.67121982211
165999,171252,174225,5253,2973,2,7200,2.76690211907
166029,171333,174387,5304,3054,2,7200,2.73673870334
166241,171389,174377,5148,2988,2,7200,2.72289156627
166268,171427,174648,5159,3221,2,7200,2.60167649798
166462,171527,174424,5065,2897,2,7200,2.7483603728
166787,171547,174773,4760,3226,2,7200,2.47551146931
166899,171570,174277,4671,2707,2,7200,2.725526413
167091,168223,171389,1132,3166,5,14400,1.35754895768
167116,171639,174891,4523,3252,2,7200,2.39083640836
167174,171679,174689,4505,3010,2,7200,2.49667774086
167382,171813,174721,4431,2908,2,7200,2.52372764787
167437,171842,174745,4405,2903,2,7200,2.51739579745
167597,200395,346506,32798,146111,18,198000,1.2244731745
167651,171870,174843,4219,2973,2,7200,2.41910528086
167718,168513,170935,795,2422,5,14400,1.32824112304
168001,171903,174718,3902,2815,2,7200,2.38614564831
168221,168764,171491,543,2727,5,14400,1.19911991199
168222,171911,175009,3689,3098,2,7200,2.19076823757
168237,171954,174772,3717,2818,2,7200,2.31902058197
168267,171960,174904,3693,2944,2,7200,2.25441576087
168295,205788,205801,37493,13,1,600,2885.07692308
168297,205795,205798,37498,3,1,600,3750.1
168359,205810,205818,37451,8,1,600,3745.9
168361,205815,205816,37454,1,1,600,3745.5
168363,205821,205835,37458,14,1,600,2676.57142857
168365,205828,205829,37463,1,1,600,3746.4
168367,172080,174905,3713,2825,2,7200,2.31433628319
168422,172184,175203,3762,3019,2,7200,2.24610798278
168426,205835,205838,37409,3,1,600,3741.2
168437,172405,175456,3968,3051,2,7200,2.30055719436
168495,172415,175257,3920,2842,2,7200,2.37931034483
168509,169571,172726,1062,3155,5,14400,1.33660855784
168510,172517,175705,4007,3188,2,7200,2.25690087829
168535,172687,175700,4152,3013,2,7200,2.37802854298
168625,172767,175701,4142,2934,2,7200,2.41172460804
168668,172869,175766,4201,2897,2,7200,2.45012081464
168689,173025,175863,4336,2838,2,7200,2.52783650458
168705,173169,173576,4464,407,2,7200,11.9680589681
168738,173505,176416,4767,2911,2,7200,2.63758158708
168753,173587,176318,4834,2731,2,7200,2.77004760161
168768,170582,173147,1814,2565,5,14400,1.70721247563
168769,173660,176470,4891,2810,2,7200,2.74056939502
168823,173718,176783,4895,3065,2,7200,2.59706362153
168851,173776,176976,4925,3200,2,7200,2.5390625
168896,174109,177358,5213,3249,2,7200,2.60449369037
168935,174234,177230,5299,2996,2,7200,2.76869158879
168951,174241,177313,5290,3072,2,7200,2.72200520833
169087,174265,177159,5178,2894,2,7200,2.78921907395
169491,174289,177312,4798,3023,2,7200,2.58716506781
169524,174389,177467,4865,3078,2,7200,2.58057179987
169569,170947,173374,1378,2427,5,14400,1.56777915122
169632,174398,177707,4766,3309,2,7200,2.44031429435
169831,174405,177561,4574,3156,2,7200,2.44930291508
169882,174436,177311,4554,2875,2,7200,2.584
169903,174660,177878,4757,3218,2,7200,2.47824735861
170585,171143,174359,558,3216,5,14400,1.17350746269
170626,174701,177712,4075,3011,2,7200,2.3533709731
170674,174731,177670,4057,2939,2,7200,2.38040149711
170888,174738,177534,3850,2796,2,7200,2.37696709585
170944,171401,173955,457,2554,5,14400,1.17893500392
170963,174756,177544,3793,2788,2,7200,2.36047345768
171111,174784,174817,3673,33,2,7200,112.303030303
171140,171503,174531,363,3028,5,14400,1.11988110964
171207,174791,177901,3584,3110,2,7200,2.15241157556
171234,174828,177933,3594,3105,2,7200,2.15748792271
171236,174855,177696,3619,2841,2,7200,2.27384723689
171323,174902,177902,3579,3000,2,7200,2.193
171377,174916,177787,3539,2871,2,7200,2.23267154302
171397,172738,175509,1341,2771,5,14400,1.48394081559
171416,174921,178083,3505,3162,2,7200,2.10847564832
171500,173158,175623,1658,2465,5,14400,1.67261663286
171515,175020,178019,3505,2999,2,7200,2.16872290764
171536,175214,175257,3678,43,2,7200,86.5348837209
171561,175269,178180,3708,2911,2,7200,2.27378907592
171624,175274,178172,3650,2898,2,7200,2.25948930297
171669,175467,178577,3798,3110,2,7200,2.22122186495
171735,205843,580070,34108,374227,1,576000,1.09114254183
171801,175712,178647,3911,2935,2,7200,2.33253833049
171831,175719,178661,3888,2942,2,7200,2.32154996601
171858,175724,178729,3866,3005,2,7200,2.28652246256
171891,175779,178725,3888,2946,2,7200,2.31975560081
171906,175875,176316,3969,441,2,7200,10.0
171942,176328,179510,4386,3182,2,7200,2.37837837838
171944,176335,179150,4391,2815,2,7200,2.55985790409
172067,176428,179325,4361,2897,2,7200,2.50535036244
172173,176483,179425,4310,2942,2,7200,2.46498980286
172396,176795,179905,4399,3110,2,7200,2.41446945338
172411,176988,180159,4577,3171,2,7200,2.44339325134
172504,177171,179895,4667,2724,2,7200,2.71328928047
172575,205849,205888,33274,39,1,600,854.179487179
172576,205855,205858,33279,3,1,600,3328.2
172577,205869,205873,33292,4,1,600,3329.6
172639,205884,205887,33245,3,1,600,3324.8
172640,205899,205912,33259,13,1,600,2559.38461538
172676,177241,179837,4565,2596,2,7200,2.75847457627
172702,205906,205910,33204,4,1,600,3320.8
172704,205928,205931,33224,3,1,600,3322.7
172706,205936,205948,33230,12,1,600,2770.16666667
172742,173385,175977,643,2592,5,14400,1.24807098765
172751,177323,180463,4572,3140,2,7200,2.45605095541
172767,205942,205947,33175,5,1,600,3318.0
172768,205959,205971,33191,12,1,600,2766.91666667
172770,205965,205966,33195,1,1,600,3319.6
172794,172812,195341,18,22529,1,604800,1.00079897022
172831,205971,205990,33140,19,1,600,1745.21052632
172832,205977,206014,33145,37,1,600,896.810810811
172859,177330,180520,4471,3190,2,7200,2.40156739812
173009,177335,180239,4326,2904,2,7200,2.48966942149
173015,205989,205999,32974,10,1,600,3298.4
173077,205997,205999,32920,2,1,600,3292.2
173139,206011,206025,32872,14,1,600,2349.0
173141,206016,206017,32875,1,1,600,3287.6
173163,173966,176865,803,2899,5,14400,1.27699206623
173384,206029,206046,32645,17,1,600,1921.29411765
173385,206035,206037,32650,2,1,600,3265.2
173386,206041,206054,32655,13,1,600,2512.92307692
173389,174371,177660,982,3289,5,14400,1.29857099422
173493,177370,177394,3877,24,2,7200,162.541666667
173575,177406,180069,3831,2663,2,7200,2.43860307923
173707,177479,180218,3772,2739,2,7200,2.37714494341
173765,177546,180233,3781,2687,2,7200,2.40714551544
173964,174543,177472,579,2929,5,14400,1.19767838853
174099,177556,180704,3457,3148,2,7200,2.09815756036
174223,177573,177984,3350,411,2,7200,9.15085158151
174238,177683,180597,3445,2914,2,7200,2.18222374743
174256,177707,180479,3451,2772,2,7200,2.24494949495
174277,177718,180573,3441,2855,2,7200,2.20525394046
174375,175520,178265,1145,2745,5,14400,1.41712204007
174379,177726,180528,3347,2802,2,7200,2.19450392577
174394,177798,180822,3404,3024,2,7200,2.12566137566
174396,177889,180725,3493,2836,2,7200,2.23166431594
174426,177912,181059,3486,3147,2,7200,2.10772163966
174540,175635,178498,1095,2863,5,14400,1.38246594481
174649,177920,181119,3271,3199,2,7200,2.02250703345
174688,177945,180803,3257,2858,2,7200,2.13960811756
174718,177995,180860,3277,2865,2,7200,2.14380453752
174733,178030,181028,3297,2998,2,7200,2.09973315544
174748,178094,180804,3346,2710,2,7200,2.23468634686
174772,178185,181162,3413,2977,2,7200,2.14645616392
174787,178191,181042,3404,2851,2,7200,2.19396702911
174820,178588,181172,3768,2584,2,7200,2.45820433437
174841,178659,181765,3818,3106,2,7200,2.22923374115
174892,178672,181403,3780,2731,2,7200,2.38410838521
174907,178737,181829,3830,3092,2,7200,2.23868046572
174908,178743,181605,3835,2862,2,7200,2.33997204752
175010,179162,182325,4152,3163,2,7200,2.3126778375
175203,179336,182324,4133,2988,2,7200,2.38319946452
175258,179437,182195,4179,2758,2,7200,2.5152284264
175259,179522,182362,4263,2840,2,7200,2.50105633803
175455,179848,182519,4393,2671,2,7200,2.64470235867
175524,175989,178884,465,2895,5,14400,1.16062176166
175638,176876,179959,1238,3083,5,14400,1.40155692507
175699,179906,183015,4207,3109,2,7200,2.35316822129
175715,179917,182920,4202,3003,2,7200,2.39926739927
175716,180080,180533,4364,453,2,7200,10.6335540839
175767,180170,183335,4403,3165,2,7200,2.39115323855
175863,180230,183232,4367,3002,2,7200,2.45469686875
175987,177485,180517,1498,3032,5,14400,1.49406332454
176319,180246,183054,3927,2808,2,7200,2.3985042735
176320,180253,183133,3933,2880,2,7200,2.365625
176414,180474,183432,4060,2958,2,7200,2.37254901961
176471,180490,183697,4019,3207,2,7200,2.25319613346
176782,180536,183514,3754,2978,2,7200,2.26057756884
176880,177671,180095,791,2424,5,14400,1.32632013201
176978,180542,183586,3564,3044,2,7200,2.17082785808
177158,180550,183521,3392,2971,2,7200,2.14170313026
177231,180584,183714,3353,3130,2,7200,2.07124600639
177312,180609,183645,3297,3036,2,7200,2.08596837945
177314,180717,183359,3403,2642,2,7200,2.28803936412
177315,180736,183589,3421,2853,2,7200,2.19908867858
177357,180814,183663,3457,2849,2,7200,2.21340821341
177396,180821,183299,3425,2478,2,7200,2.38216303471
177469,180834,183522,3365,2688,2,7200,2.25186011905
177486,178276,181131,790,2855,5,14400,1.27670753065
177535,180872,182945,3337,2073,2,7200,2.60974433189
177550,181041,183933,3491,2892,2,7200,2.2071230982
177565,181053,184083,3488,3030,2,7200,2.15115511551
177671,178509,181415,838,2906,5,14400,1.28836889195
177673,181070,184404,3397,3334,2,7200,2.01889622076
177697,181131,184152,3434,3021,2,7200,2.13670969878
177712,181174,184142,3462,2968,2,7200,2.16644204852
177714,181184,184038,3470,2854,2,7200,2.21583742116
177789,181414,184074,3625,2660,2,7200,2.36278195489
177879,181617,184577,3738,2960,2,7200,2.26283783784
177900,181776,184651,3876,2875,2,7200,2.34817391304
177902,181841,184672,3939,2831,2,7200,2.39138113741
177935,182206,185097,4271,2891,2,7200,2.47734347976
177983,182336,185181,4353,2845,2,7200,2.53005272408
178019,182342,185260,4323,2918,2,7200,2.48149417409
178086,182373,185215,4287,2842,2,7200,2.50844475721
178173,182530,185461,4357,2931,2,7200,2.48652337086
178188,182931,183362,4743,431,2,7200,12.0046403712
178277,178896,181381,619,2485,5,14400,1.2490945674
178514,179970,182304,1456,2334,5,14400,1.62382176521
178576,182956,185785,4380,2829,2,7200,2.54825026511
178649,183026,186020,4377,2994,2,7200,2.4619238477
178664,183066,185943,4402,2877,2,7200,2.53006604101
178727,183146,186032,4419,2886,2,7200,2.53118503119
178742,183244,183717,4502,473,2,7200,10.5179704017
178894,180107,182931,1213,2824,5,14400,1.4295325779
179151,183311,186418,4160,3107,2,7200,2.33891213389
179326,183346,186532,4020,3186,2,7200,2.26177024482
179426,183371,186433,3945,3062,2,7200,2.28837361202
179510,183377,186360,3867,2983,2,7200,2.29634596044
179838,183443,186610,3605,3167,2,7200,2.13830123145
179896,183526,186188,3630,2662,2,7200,2.36363636364
179910,183533,186417,3623,2884,2,7200,2.25624133148
179971,180528,183283,557,2755,5,14400,1.20217785844
180070,183539,186732,3469,3193,2,7200,2.0864390855
180105,181142,183600,1037,2458,5,14400,1.42188771359
180161,183597,186563,3436,2966,2,7200,2.15846257586
180221,183605,186349,3384,2744,2,7200,2.2332361516
180236,183657,186680,3421,3023,2,7200,2.13165729408
180251,183675,184166,3424,491,2,7200,7.97352342159
180465,183708,186446,3243,2738,2,7200,2.18444119795
180480,183726,186585,3246,2859,2,7200,2.13536201469
180522,183733,186699,3211,2966,2,7200,2.0826028321
180526,181393,184231,867,2838,5,14400,1.30549682875
180537,183944,186975,3407,3031,2,7200,2.12405146816
180538,184049,187167,3511,3118,2,7200,2.12604233483
180574,184085,187049,3511,2964,2,7200,2.18454790823
180598,184094,186887,3496,2793,2,7200,2.25170068027
180704,184153,185963,3449,1810,2,7200,2.90552486188
180728,184163,187100,3435,2937,2,7200,2.1695607763
180806,184177,187405,3371,3228,2,7200,2.04429987608
180808,184415,187554,3607,3139,2,7200,2.14909206754
180822,184589,187533,3767,2944,2,7200,2.27955163043
180861,184662,187530,3801,2868,2,7200,2.32531380753
181028,184683,187503,3655,2820,2,7200,2.29609929078
181043,185108,188060,4065,2952,2,7200,2.37703252033
181061,185193,188055,4132,2862,2,7200,2.44374563242
181121,185226,188035,4105,2809,2,7200,2.4613741545
181142,181428,183863,286,2435,5,14400,1.11745379877
181163,185271,188461,4108,3190,2,7200,2.28777429467
181178,185473,188267,4295,2794,2,7200,2.5372226199
181388,182315,185724,927,3409,5,14400,1.27192725139
181404,185797,189124,4393,3327,2,7200,2.32040877668
181430,182942,185964,1512,3022,5,14400,1.50033090668
181606,185955,188860,4349,2905,2,7200,2.49707401033
181765,185974,188744,4209,2770,2,7200,2.51949458484
181826,186031,188835,4205,2804,2,7200,2.49964336662
182197,186043,189153,3846,3110,2,7200,2.23665594855
182313,183295,186513,982,3218,5,14400,1.30515848353
182326,186199,189392,3873,3193,2,7200,2.21296586282
182328,186361,189361,4033,3000,2,7200,2.34433333333
182362,186375,189519,4013,3144,2,7200,2.27639949109
182522,186429,189186,3907,2757,2,7200,2.41712005803
182920,186436,189279,3516,2843,2,7200,2.23672177278
182939,183614,186098,675,2484,5,14400,1.27173913043
182947,186445,189259,3498,2814,2,7200,2.24307036247
183016,186458,189540,3442,3082,2,7200,2.11680726801
183055,186543,189579,3488,3036,2,7200,2.1488801054
183134,186575,189638,3441,3063,2,7200,2.12340842311
183233,186596,189307,3363,2711,2,7200,2.2405016599
183298,183875,186351,577,2476,5,14400,1.2330371567
183299,186621,189341,3322,2720,2,7200,2.22132352941
183335,186692,189778,3357,3086,2,7200,2.08781594297
183359,186710,189623,3351,2913,2,7200,2.15036045314
183374,186745,189550,3371,2805,2,7200,2.20178253119
183432,186898,189644,3466,2746,2,7200,2.262199563
183516,186987,189960,3471,2973,2,7200,2.16750756811
183531,187061,190136,3530,3075,2,7200,2.14796747967
183533,187113,189975,3580,2862,2,7200,2.25087351502
183587,187178,189346,3591,2168,2,7200,2.65636531365
183602,187416,190360,3814,2944,2,7200,2.29551630435
183617,184242,187194,625,2952,5,14400,1.21172086721
183647,187515,190547,3868,3032,2,7200,2.27572559367
183665,187541,190702,3876,3161,2,7200,2.22619424233
183698,187549,190101,3851,2552,2,7200,2.50901253918
183713,187566,190373,3853,2807,2,7200,2.372639829
183728,188047,191103,4319,3056,2,7200,2.41328534031
183874,185735,188201,1861,2466,5,14400,1.75466342255
183933,188066,190851,4133,2785,2,7200,2.48402154399
184039,188074,190989,4035,2915,2,7200,2.38421955403
184075,188278,191025,4203,2747,2,7200,2.53003276301
184089,188473,191570,4384,3097,2,7200,2.4155634485
184144,188755,192024,4611,3269,2,7200,2.41052309575
184159,188846,191648,4687,2802,2,7200,2.6727337616
184173,188872,191652,4699,2780,2,7200,2.69028776978
184244,185981,188476,1737,2495,5,14400,1.69619238477
184405,189137,192033,4732,2896,2,7200,2.63397790055
184577,189164,192070,4587,2906,2,7200,2.57845836201
184653,189197,192248,4544,3051,2,7200,2.48934775483
184674,189272,192282,4598,3010,2,7200,2.52757475083
185099,189290,192396,4191,3106,2,7200,2.34932388925
185177,189318,192146,4141,2828,2,7200,2.46428571429
185216,189353,192329,4137,2976,2,7200,2.39012096774
185261,189359,192252,4098,2893,2,7200,2.41652264086
185463,189372,192341,3909,2969,2,7200,2.31660491748
185731,186110,189283,379,3173,5,14400,1.11944531989
185786,189404,192390,3618,2986,2,7200,2.21165438714
185942,189531,192587,3589,3056,2,7200,2.17441099476
185963,189552,192572,3589,3020,2,7200,2.18841059603
185978,186368,188968,390,2600,5,14400,1.15
186021,189562,192433,3541,2871,2,7200,2.2333681644
186036,189591,192311,3555,2720,2,7200,2.30698529412
186112,186525,189671,413,3146,5,14400,1.1312778131
186189,189634,192439,3445,2805,2,7200,2.22816399287
186349,189651,192694,3302,3043,2,7200,2.08511337496
186364,189658,192635,3294,2977,2,7200,2.10648303661
186369,187205,190018,836,2813,5,14400,1.29719161038
186418,189789,192656,3371,2867,2,7200,2.17579351238
186420,189972,192637,3552,2665,2,7200,2.33283302064
186435,189987,193028,3552,3041,2,7200,2.16803682999
186450,190112,192938,3662,2826,2,7200,2.29582448691
186523,188212,191011,1689,2799,5,14400,1.60342979636
186534,190147,193261,3613,3114,2,7200,2.16024405909
186564,190373,193070,3809,2697,2,7200,2.41230997405
186585,190384,193296,3799,2912,2,7200,2.30460164835
186612,190559,193407,3947,2848,2,7200,2.38588483146
186681,190714,192345,4033,1631,2,7200,3.47271612508
186699,190864,193998,4165,3134,2,7200,2.32897255903
186732,191000,194037,4268,3037,2,7200,2.40533421139
186889,191036,193893,4147,2857,2,7200,2.45152257613
186976,191114,194090,4138,2976,2,7200,2.39045698925
187052,191582,194578,4530,2996,2,7200,2.51201602136
187100,191659,194584,4559,2925,2,7200,2.55863247863
187166,191667,191915,4501,248,2,7200,19.1491935484
187211,188487,190921,1276,2434,5,14400,1.52423993426
187404,191927,194821,4523,2894,2,7200,2.56288873531
187504,192035,195032,4531,2997,2,7200,2.51184517851
187531,192044,194706,4513,2662,2,7200,2.69534184823
187546,192082,194799,4536,2717,2,7200,2.66948840633
187560,192158,195102,4598,2944,2,7200,2.56182065217
188037,192260,195235,4223,2975,2,7200,2.41949579832
188055,192266,195335,4211,3069,2,7200,2.37210817856
188070,192293,195065,4223,2772,2,7200,2.52344877345
188217,188979,191577,762,2598,5,14400,1.29330254042
188268,192322,195415,4054,3093,2,7200,2.31070158422
188461,192341,195293,3880,2952,2,7200,2.31436314363
188484,189298,192154,814,2856,5,14400,1.2850140056
188742,192353,195313,3611,2960,2,7200,2.21993243243
188835,192360,194813,3525,2453,2,7200,2.4370158989
188862,192401,195586,3539,3185,2,7200,2.11114599686
188977,189683,192812,706,3129,5,14400,1.22563119207
189124,192409,195266,3285,2857,2,7200,2.14980749037
189155,192445,195437,3290,2992,2,7200,2.09959893048
189188,192457,195837,3269,3380,2,7200,1.96715976331
189260,192585,195742,3325,3157,2,7200,2.05321507761
189281,192599,195704,3318,3105,2,7200,2.06859903382
189295,190029,192434,734,2405,5,14400,1.3051975052
189308,192646,195522,3338,2876,2,7200,2.16063977747
189341,192654,195591,3313,2937,2,7200,2.12802179094
189356,192669,195515,3313,2846,2,7200,2.16408995081
189371,192706,195718,3335,3012,2,7200,2.1072377158
189391,192950,196020,3559,3070,2,7200,2.15928338762
189521,193040,195736,3519,2696,2,7200,2.30526706231
189542,193082,196039,3540,2957,2,7200,2.19715928306
189557,193273,196092,3716,2819,2,7200,2.31819794253
189581,193309,196302,3728,2993,2,7200,2.24557300368
189623,193418,196207,3795,2789,2,7200,2.36070276085
189638,193904,196627,4266,2723,2,7200,2.56665442527
189653,194009,196994,4356,2985,2,7200,2.45929648241
189686,190933,193701,1247,2768,5,14400,1.45050578035
189777,194048,196846,4271,2798,2,7200,2.52644746247
189961,194102,194518,4141,416,2,7200,10.9543269231
189976,194530,197481,4554,2951,2,7200,2.54320569299
190025,191023,193820,998,2797,5,14400,1.35681086879
190102,194590,197514,4488,2924,2,7200,2.53488372093
190135,194597,197619,4462,3022,2,7200,2.47650562541
190235,563289,575412,373054,12123,12,21600,31.7724160686
190361,194724,197560,4363,2836,2,7200,2.53843441467
190376,194811,197397,4435,2586,2,7200,2.71500386698
190548,194824,197609,4276,2785,2,7200,2.53536804309
190702,194832,196708,4130,1876,2,7200,3.20149253731
190853,195044,198213,4191,3169,2,7200,2.32249921111
190938,191588,194704,650,3116,5,14400,1.20860077022
190988,195077,198157,4089,3080,2,7200,2.3275974026
191021,192166,195331,1145,3165,5,14400,1.36176935229
191024,195113,197981,4089,2868,2,7200,2.42573221757
191103,195247,198060,4144,2813,2,7200,2.47316032705
191570,195278,198386,3708,3108,2,7200,2.19305019305
191585,192451,195502,866,3051,5,14400,1.28384136349
191648,195305,198301,3657,2996,2,7200,2.22062750334
191663,195326,198093,3663,2767,2,7200,2.32381640766
191917,195349,198446,3432,3097,2,7200,2.108169196
192025,195427,198545,3402,3118,2,7200,2.09108402822
192040,195448,198401,3408,2953,2,7200,2.154080596
192070,195528,198391,3458,2863,2,7200,2.20782396088
192145,195534,198323,3389,2789,2,7200,2.21513087128
192170,192824,196174,654,3350,5,14400,1.1952238806
192248,195598,198204,3350,2606,2,7200,2.28549501151
192263,195604,198663,3341,3059,2,7200,2.09218698921
192284,195715,198868,3431,3153,2,7200,2.08816999683
192311,195730,198860,3419,3130,2,7200,2.09233226837
192332,195748,198872,3416,3124,2,7200,2.09346991037
192347,195755,198695,3408,2940,2,7200,2.15918367347
192348,195848,198683,3500,2835,2,7200,2.23456790123
192390,196031,199016,3641,2985,2,7200,2.21976549414
192405,196051,198898,3646,2847,2,7200,2.28064629434
192435,196104,198941,3669,2837,2,7200,2.29326753613
192447,193714,196165,1267,2451,5,14400,1.51693186455
192450,196219,199451,3769,3232,2,7200,2.1661509901
192574,196315,199494,3741,3179,2,7200,2.17678515256
192588,196638,200006,4050,3368,2,7200,2.20249406176
192637,196720,199422,4083,2702,2,7200,2.51110288675
192638,196858,199322,4220,2464,2,7200,2.71266233766
192656,197006,199822,4350,2816,2,7200,2.54474431818
192695,197409,200319,4714,2910,2,7200,2.61993127148
192827,193831,196395,1004,2564,5,14400,1.39157566303
192940,197492,200201,4552,2709,2,7200,2.68032484312
193027,197525,200546,4498,3021,2,7200,2.48891095664
193069,197571,200498,4502,2927,2,7200,2.53809361121
193263,197621,200377,4358,2756,2,7200,2.58127721335
193296,197630,200485,4334,2855,2,7200,2.5180385289
193407,197992,200901,4585,2909,2,7200,2.57614300447
193710,194716,197571,1006,2855,5,14400,1.3523642732
193833,195342,198248,1509,2906,5,14400,1.51927047488
193893,198074,201078,4181,3004,2,7200,2.39181091877
193999,198104,200557,4105,2453,2,7200,2.67346106808
194038,198169,201224,4131,3055,2,7200,2.35220949264
194092,198216,200861,4124,2645,2,7200,2.55916824197
194521,198224,201578,3703,3354,2,7200,2.10405485987
194580,198261,201191,3681,2930,2,7200,2.25631399317
194595,198266,201340,3671,3074,2,7200,2.19420949902
194708,198271,201365,3563,3094,2,7200,2.15158371041
194718,195515,198057,797,2542,5,14400,1.31353265146
194801,198312,201245,3511,2933,2,7200,2.19706784862
194816,198335,201434,3519,3099,2,7200,2.13552758955
194831,198397,201182,3566,2785,2,7200,2.28043087971
195033,198403,201393,3370,2990,2,7200,2.127090301
195063,198412,201370,3349,2958,2,7200,2.13218390805
195102,198452,201325,3350,2873,2,7200,2.16602854159
195235,198459,201628,3224,3169,2,7200,2.01735563269
195268,198556,201419,3288,2863,2,7200,2.14844568634
195295,198628,201467,3333,2839,2,7200,2.17400493131
195316,198634,201537,3318,2903,2,7200,2.14295556321
195336,198675,201689,3339,3014,2,7200,2.10783012608
195344,196177,198709,833,2532,5,14400,1.32898894155
195384,206047,206049,10663,2,1,600,1066.5
195386,206054,206092,10668,38,1,600,281.736842105
195418,198695,202107,3277,3412,2,7200,1.96043376319
195436,198706,201307,3270,2601,2,7200,2.25720876586
195447,206060,206079,10613,19,1,600,559.578947368
195448,206066,206068,10618,2,1,600,1062.0
195450,206073,206110,10623,37,1,600,288.108108108
195514,198726,202003,3212,3277,2,7200,1.98016478486
195518,196186,198616,668,2430,5,14400,1.27489711934
195529,198832,201844,3303,3012,2,7200,2.09661354582
195587,198837,201770,3250,2933,2,7200,2.10808046369
195601,198871,201975,3270,3104,2,7200,2.05347938144
195704,198880,201753,3176,2873,2,7200,2.10546467108
195719,198887,201951,3168,3064,2,7200,2.03394255875
195736,198912,199169,3176,257,2,7200,13.3579766537
195751,198955,202040,3204,3085,2,7200,2.03857374392
195839,198970,202243,3131,3273,2,7200,1.95661472655
196020,198976,202252,2956,3276,2,7200,1.90231990232
196041,199027,201825,2986,2798,2,7200,2.06719085061
196092,199181,202478,3089,3297,2,7200,1.93691234456
196175,196406,198820,231,2414,5,14400,1.09569179785
196186,197583,200119,1397,2536,5,14400,1.55086750789
196210,199333,202100,3123,2767,2,7200,2.12865919769
196303,199439,202314,3136,2875,2,7200,2.0907826087
196402,198068,200885,1666,2817,5,14400,1.59140930067
196629,199464,202253,2835,2789,2,7200,2.0164933668
196710,199506,202522,2796,3016,2,7200,1.92705570292
196849,199835,202669,2986,2834,2,7200,2.05363443896
196993,200017,202836,3024,2819,2,7200,2.07272082299
197397,200130,202807,2733,2677,2,7200,2.02091893911
197482,200136,203098,2654,2962,2,7200,1.89601620527
197515,200144,202825,2629,2681,2,7200,1.98060425214
197560,200213,203365,2653,3152,2,7200,1.84168781726
197608,200330,203337,2722,3007,2,7200,1.90522115065
197623,200388,203473,2765,3085,2,7200,1.89627228525
197982,200496,203397,2514,2901,2,7200,1.86659772492
198060,200510,203340,2450,2830,2,7200,1.86572438163
198093,200557,203493,2464,2936,2,7200,1.83923705722
198157,200569,203572,2412,3003,2,7200,1.8031968032
198205,200873,203860,2668,2987,2,7200,1.8932038835
198220,200898,203822,2678,2924,2,7200,1.91586867305
198301,200903,203752,2602,2849,2,7200,1.9133029133
198326,200913,203859,2587,2946,2,7200,1.87813985064
198386,201090,203939,2704,2849,2,7200,1.9491049491
198401,201193,203999,2792,2806,2,7200,1.99501069138
198402,201203,204080,2801,2877,2,7200,1.97358359402
198447,201235,203937,2788,2702,2,7200,2.03182827535
198544,201257,204296,2713,3039,2,7200,1.89272787101
198664,201318,204368,2654,3050,2,7200,1.87016393443
198685,201337,204087,2652,2750,2,7200,1.96436363636
198700,201351,204323,2651,2972,2,7200,1.89199192463
198860,201377,204201,2517,2824,2,7200,1.89128895184
198876,201384,204315,2508,2931,2,7200,1.85568065507
198877,201405,204442,2528,3037,2,7200,1.83240039513
198898,201432,204467,2534,3035,2,7200,1.83492586491
198937,206080,206082,7143,2,1,600,714.5
198938,206090,206103,7152,13,1,600,551.153846154
198943,201445,204475,2502,3030,2,7200,1.82574257426
199001,206104,206125,7103,21,1,600,339.238095238
199003,206110,206111,7107,1,1,600,710.8
199004,206118,206132,7114,14,1,600,509.142857143
199005,206124,206137,7119,13,1,600,548.615384615
199016,201480,202804,2464,1324,2,7200,2.86102719033
199068,206137,206140,7069,3,1,600,707.2
199069,206143,206178,7074,35,1,600,203.114285714
199071,206148,206161,7077,13,1,600,545.384615385
199132,206156,206159,7024,3,1,600,702.7
199134,206161,206169,7027,8,1,600,703.5
199135,206170,206171,7035,1,1,600,703.6
199170,201548,204591,2378,3043,2,7200,1.78146565889
199196,206177,206178,6981,1,1,600,698.2
199198,206184,206188,6986,4,1,600,699.0
199199,206190,206193,6991,3,1,600,699.4
199260,206196,206197,6936,1,1,600,693.7
199261,206202,206207,6941,5,1,600,694.6
199263,206208,206227,6945,19,1,600,366.526315789
199264,206214,206218,6950,4,1,600,695.4
199265,206219,206223,6954,4,1,600,695.8
199324,201590,204358,2266,2768,2,7200,1.8186416185
199327,206225,206238,6898,13,1,600,531.615384615
199328,206232,206235,6904,3,1,600,690.7
199331,206244,206252,6913,8,1,600,692.1
199392,206250,206263,6858,13,1,600,528.538461538
199393,206256,206258,6863,2,1,600,686.5
199424,201639,203630,2215,1991,2,7200,2.11250627825
199451,201702,204360,2251,2658,2,7200,1.84687735139
199455,206261,206275,6806,14,1,600,487.142857143
199456,206268,206271,6812,3,1,600,681.5
199457,206274,206277,6817,3,1,600,682.0
199459,206279,206280,6820,1,1,600,682.1
199493,201764,204660,2271,2896,2,7200,1.78418508287
199520,206285,206289,6765,4,1,600,676.9
199521,206293,206300,6772,7,1,600,677.9
199523,206298,206312,6775,14,1,600,484.928571429
199584,206303,206306,6719,3,1,600,672.2
199585,206310,206313,6725,3,1,600,672.8
199587,206317,206329,6730,12,1,600,561.833333333
199648,206323,206332,6675,9,1,600,668.4
199649,206328,206333,6679,5,1,600,668.4
199711,206335,206338,6624,3,1,600,662.7
199712,206342,206345,6630,3,1,600,663.3
199713,206348,206361,6635,13,1,600,511.384615385
199775,206354,206363,6579,9,1,600,658.8
199776,206361,206373,6585,12,1,600,549.75
199777,206366,206382,6589,16,1,600,412.8125
199822,201782,204139,1960,2357,2,7200,1.83156554943
199839,206372,206375,6533,3,1,600,653.6
199840,206380,206382,6540,2,1,600,654.2
199842,206386,206394,6544,8,1,600,655.2
199903,206391,206394,6488,3,1,600,649.1
199905,206398,206410,6493,12,1,600,542.083333333
199906,206403,206415,6497,12,1,600,542.416666667
199968,206410,206422,6442,12,1,600,537.833333333
199969,206415,206417,6446,2,1,600,644.8
200006,201837,204816,1831,2979,2,7200,1.61463578382
200030,206421,206434,6391,13,1,600,492.615384615
200032,206429,206432,6397,3,1,600,640.0
200033,206434,206450,6401,16,1,600,401.0625
200095,206440,206443,6345,3,1,600,634.8
200096,206448,206460,6352,12,1,600,530.333333333
200157,206453,206483,6296,30,1,600,210.866666667
200159,206458,206467,6299,9,1,600,630.8
200202,201855,205074,1653,3219,2,7200,1.51351351351
200319,201962,204418,1643,2456,2,7200,1.66897394137
200376,201987,204921,1611,2934,2,7200,1.5490797546
200485,202014,205261,1529,3247,2,7200,1.47089621189
200500,202051,204984,1551,2933,2,7200,1.52881009206
200548,202057,205134,1509,3077,2,7200,1.49041273968
200563,202112,205286,1549,3174,2,7200,1.48802772527
200861,202119,202395,1258,276,2,7200,5.55797101449
200900,202255,205210,1355,2955,2,7200,1.45854483926
201078,202264,205299,1186,3035,2,7200,1.39077429984
201184,202270,205117,1086,2847,2,7200,1.38145416228
201199,202326,205371,1127,3045,2,7200,1.37011494253
201223,202407,205350,1184,2943,2,7200,1.40231056745
201247,202489,205436,1242,2947,2,7200,1.42144553784
201307,202534,202585,1227,51,2,7200,25.0588235294
201325,202597,203066,1272,469,2,7200,3.71215351812
201340,202680,205390,1340,2710,2,7200,1.49446494465
201368,202815,205781,1447,2966,2,7200,1.487862441
201383,202823,205733,1440,2910,2,7200,1.49484536082
201398,202837,203293,1439,456,2,7200,4.15570175439
201419,202848,205759,1429,2911,2,7200,1.49089659911
201434,203074,205960,1640,2886,2,7200,1.56826056826
201467,203086,205771,1619,2685,2,7200,1.60297951583
201536,203091,206061,1555,2970,2,7200,1.52356902357
201579,203109,205970,1530,2861,2,7200,1.53477804963
201627,203305,206435,1678,3130,2,7200,1.53610223642
201685,203348,206384,1663,3036,2,7200,1.5477602108
201754,203356,206465,1602,3109,2,7200,1.51527822451
201769,203376,206443,1607,3067,2,7200,1.52396478644
201826,203409,206432,1583,3023,2,7200,1.52365200132
201844,203485,206560,1641,3075,2,7200,1.53365853659
201950,203505,206852,1555,3347,2,7200,1.46459515984
201977,203585,206635,1608,3050,2,7200,1.52721311475
202004,203643,206385,1639,2742,2,7200,1.59773887673
202040,203763,206648,1723,2885,2,7200,1.5972270364
202101,203835,206790,1734,2955,2,7200,1.58680203046
202115,203871,206638,1756,2767,2,7200,1.63462233466
202242,203878,206637,1636,2759,2,7200,1.59296846684
202257,203948,206785,1691,2837,2,7200,1.59605216778
202259,203955,207029,1696,3074,2,7200,1.55172413793
202316,204010,207189,1694,3179,2,7200,1.53287197232
202397,204094,206892,1697,2798,2,7200,1.60650464618
202473,204099,206948,1626,2849,2,7200,1.57072657073
202524,204105,207040,1581,2935,2,7200,1.53867120954
202587,204111,207150,1524,3039,2,7200,1.50148075025
202669,204117,206898,1448,2781,2,7200,1.52067601582
202805,204122,207012,1317,2890,2,7200,1.45570934256
202820,204127,204576,1307,449,2,7200,3.91091314031
202835,204150,206931,1315,2781,2,7200,1.47285149227
202842,205311,215707,2469,10396,2,21600,1.23749519046
202850,204213,206846,1363,2633,2,7200,1.51766046335
203067,204307,207181,1240,2874,2,7200,1.43145441893
203097,204327,205543,1230,1216,2,7200,2.01151315789
203292,205686,216282,2394,10596,2,21600,1.22593431484
203293,204334,207164,1041,2830,2,7200,1.36784452297
203338,204367,207434,1029,3067,2,7200,1.33550701011
203353,204372,207688,1019,3316,2,7200,1.30729794934
203368,204377,207457,1009,3080,2,7200,1.3275974026
203398,204384,207507,986,3123,2,7200,1.31572206212
203474,204389,207319,915,2930,2,7200,1.31228668942
203495,204394,207480,899,3086,2,7200,1.29131561892
203573,204430,207638,857,3208,2,7200,1.2671446384
203631,204453,207240,822,2787,2,7200,1.29494079656
203754,204479,207342,725,2863,2,7200,1.2532308767
203824,204487,207758,663,3271,2,7200,1.20269030877
203860,204587,206842,727,2255,2,7200,1.32239467849
203862,204603,207518,741,2915,2,7200,1.25420240137
203937,204680,205674,743,994,2,7200,1.74748490946
203952,204686,207684,734,2998,2,7200,1.24482988659
203994,204691,207818,697,3127,2,7200,1.2228973457
204081,204696,207665,615,2969,2,7200,1.20714045133
204096,204702,207833,606,3131,2,7200,1.1935483871
204139,204707,204750,568,43,2,7200,14.2093023256
204202,204757,207693,555,2936,2,7200,1.18903269755
204296,204763,207494,467,2731,2,7200,1.17099963383
204317,204768,207637,451,2869,2,7200,1.15719762984
204332,204774,207965,442,3191,2,7200,1.13851457223
204359,204828,207730,469,2902,2,7200,1.16161268091
204360,204934,207450,574,2516,2,7200,1.22813990461
204377,204996,207991,619,2995,2,7200,1.20667779633
204419,205086,207880,667,2794,2,7200,1.23872584109
204443,205128,208175,685,3047,2,7200,1.22481128979
204467,205146,207857,679,2711,2,7200,1.25046108447
204483,205222,208263,739,3041,2,7200,1.24301216705
204576,205273,208047,697,2774,2,7200,1.25126171593
204591,205298,208254,707,2956,2,7200,1.23917456022
204660,205363,208028,703,2665,2,7200,1.26378986867
204751,205383,208464,632,3081,2,7200,1.20512820513
204777,205558,208764,781,3206,5,14400,1.24360573924
204818,205402,208261,584,2859,2,7200,1.2042672263
205600,224202,224203,18602,1,1,300,1860.3
205809,206464,206467,655,3,1,600,65.8
205811,206471,206484,660,13,1,600,51.7692307692
205812,206476,206477,664,1,1,600,66.5
205813,206483,206486,670,3,1,600,67.3
205816,206493,206506,677,13,1,600,53.0769230769
205878,206500,206512,622,12,1,600,52.8333333333
205879,206505,206518,626,13,1,600,49.1538461538
205880,206510,206511,630,1,1,600,63.1
205883,206521,206533,638,12,1,600,54.1666666667
205884,206528,206537,644,9,1,600,65.3
205886,206533,206542,647,9,1,600,65.6
205947,206538,206551,591,13,1,600,46.4615384615
205949,206544,206558,595,14,1,600,43.5
205950,206551,206554,601,3,1,600,60.4
205951,206556,206560,605,4,1,600,60.9
205953,206561,206565,608,4,1,600,61.2
205954,206567,206607,613,40,1,600,16.325
205955,206573,206581,618,8,1,600,62.6
205957,206578,206581,621,3,1,600,62.4
206018,206585,206597,567,12,1,600,48.25
206019,206590,206606,571,16,1,600,36.6875
206021,206595,206599,574,4,1,600,57.8
206022,206603,206605,581,2,1,600,58.3
206024,206608,206609,584,1,1,600,58.5
206025,206622,206624,597,2,1,600,59.9
206026,206627,206640,601,13,1,600,47.2307692308
206028,206632,206633,604,1,1,600,60.5
206029,206638,206641,609,3,1,600,61.2
206030,206644,206645,614,1,1,600,61.5
206032,206649,206653,617,4,1,600,62.1
206093,206656,206669,563,13,1,600,44.3076923077
206094,206662,206665,568,3,1,600,57.1
206096,206667,206670,571,3,1,600,57.4
206097,206672,206676,575,4,1,600,57.9
206098,206678,206682,580,4,1,600,58.4
206099,206685,206688,586,3,1,600,58.9
206101,206690,206702,589,12,1,600,50.0833333333
206102,206695,206704,593,9,1,600,60.2
206103,206701,206716,598,15,1,600,40.8666666667
206165,206713,206717,548,4,1,600,55.2
206166,206718,206725,552,7,1,600,55.9
206167,206724,206732,557,8,1,600,56.5
206169,206736,206744,567,8,1,600,57.5
206170,206741,206751,571,10,1,600,58.1
206172,206747,206749,575,2,1,600,57.7
206173,206752,206755,579,3,1,600,58.2
206174,206764,206775,590,11,1,600,54.6363636364
206176,206769,206777,593,8,1,600,60.1
206177,206775,206778,598,3,1,600,60.1
206179,206782,206784,603,2,1,600,60.5
206180,206787,206791,607,4,1,600,61.1
206241,206792,206793,551,1,1,600,55.2
206243,206800,206803,557,3,1,600,56.0
206244,206805,206808,561,3,1,600,56.4
206246,206810,206811,564,1,1,600,56.5
206247,206816,206819,569,3,1,600,57.2
206248,206828,206829,580,1,1,600,58.1
206250,206833,206834,583,1,1,600,58.4
206252,206844,206860,592,16,1,600,38.0
206254,206849,206862,595,13,1,600,46.7692307692
206255,206854,206867,599,13,1,600,47.0769230769
206256,206862,206865,606,3,1,600,60.9
206258,206867,206884,609,17,1,600,36.8235294118
206319,206872,206885,553,13,1,600,43.5384615385
206322,206885,206886,563,1,1,600,56.4
206323,206890,206908,567,18,1,600,32.5
206325,206896,206900,571,4,1,600,57.5
206327,206906,206910,579,4,1,600,58.3
206329,206918,206928,589,10,1,600,59.9
206331,206931,206943,600,12,1,600,51.0
206333,206936,206945,603,9,1,600,61.2
206394,206943,206966,549,23,1,600,24.8695652174
206395,206948,206958,553,10,1,600,56.3
206397,206954,206955,557,1,1,600,55.8
206398,206959,206960,561,1,1,600,56.2
206399,206987,206988,588,1,1,600,58.9
206401,206992,207007,591,15,1,600,40.4
206402,206998,207002,596,4,1,600,60.0
206403,207003,207007,600,4,1,600,60.4
206405,207010,207023,605,13,1,600,47.5384615385
206406,207015,207018,609,3,1,600,61.2
206407,207021,207025,614,4,1,600,61.8
206409,207026,207029,617,3,1,600,62.0
206410,207031,207044,621,13,1,600,48.7692307692
206471,207045,207049,574,4,1,600,57.8
206473,207051,207065,578,14,1,600,42.2857142857
206474,207057,207073,583,16,1,600,37.4375
206476,207064,207068,588,4,1,600,59.2
206477,207069,207094,592,25,1,600,24.68
206478,207077,207080,599,3,1,600,60.2
206480,207084,207087,604,3,1,600,60.7
206481,207090,207093,609,3,1,600,61.2
206482,207097,207101,615,4,1,600,61.9
206484,207105,207108,621,3,1,600,62.4
206485,207110,207114,625,4,1,600,62.9
206487,207116,207120,629,4,1,600,63.3
206548,207122,207124,574,2,1,600,57.6
206549,207128,207141,579,13,1,600,45.5384615385
206551,207134,207137,583,3,1,600,58.6
206552,207148,207161,596,13,1,600,46.8461538462
206554,207155,207171,601,16,1,600,38.5625
206555,207162,207164,607,2,1,600,60.9
206556,207168,207184,612,16,1,600,39.25
206558,206913,211232,355,4319,8,72000,1.08219495254
206558,207174,207187,616,13,1,600,48.3846153846
206559,207181,207194,622,13,1,600,48.8461538462
206561,207188,207189,627,1,1,600,62.8
206562,207195,207201,633,6,1,600,63.9
206563,207202,207204,639,2,1,600,64.1
206565,207207,207210,642,3,1,600,64.5
206566,207214,207226,648,12,1,600,55.0
206567,207219,207222,652,3,1,600,65.5
206569,207225,207238,656,13,1,600,51.4615384615
206586,207038,210598,452,3560,8,72000,1.12696629213
206601,206615,222148,14,15533,2,21600,1.00090130689
206630,207231,207236,601,5,1,600,60.6
206632,207237,207250,605,13,1,600,47.5384615385
206633,207243,207248,610,5,1,600,61.5
206635,207250,207262,615,12,1,600,52.25
206636,207255,207258,619,3,1,600,62.2
206637,207262,207265,625,3,1,600,62.8
206639,207267,207270,628,3,1,600,63.1
206640,207273,207284,633,11,1,600,58.5454545455
206642,207279,207293,637,14,1,600,46.5
206643,207286,207298,643,12,1,600,54.5833333333
206645,207291,207303,646,12,1,600,54.8333333333
206646,207537,308651,891,101114,8,144000,1.00881183615
206646,207298,207301,652,3,1,600,65.5
206647,207304,207305,657,1,1,600,65.8
206651,207711,308602,1060,100891,8,144000,1.01050638808
206709,207312,207320,603,8,1,600,61.1
206712,207324,207327,612,3,1,600,61.5
206713,207329,207342,616,13,1,600,48.3846153846
206714,207337,207340,623,3,1,600,62.6
206716,207342,207343,626,1,1,600,62.7
206717,207349,207350,632,1,1,600,63.3
206718,207357,207361,639,4,1,600,64.3
206720,207362,207363,642,1,1,600,64.3
206721,207368,207386,647,18,1,600,36.9444444444
206722,207373,207374,651,1,1,600,65.2
206785,207385,207394,600,9,1,600,60.9
206786,207390,207391,604,1,1,600,60.5
206788,207397,207409,609,12,1,600,51.75
206789,207402,207415,613,13,1,600,48.1538461538
206791,207408,207410,617,2,1,600,61.9
206792,207414,207419,622,5,1,600,62.7
206796,207432,207441,636,9,1,600,64.5
206797,207437,207438,640,1,1,600,64.1
206800,207450,207451,650,1,1,600,65.1
206862,207455,207458,593,3,1,600,59.6
206864,207468,207469,604,1,1,600,60.5
206866,207473,207480,607,7,1,600,61.4
206867,207479,207483,612,4,1,600,61.6
206868,207484,207497,616,13,1,600,48.3846153846
206871,207497,207499,626,2,1,600,62.8
206872,207502,207505,630,3,1,600,63.3
206874,207508,207510,634,2,1,600,63.6
206875,207513,207514,638,1,1,600,63.9
206937,207518,207526,581,8,1,600,58.9
206938,207524,207528,586,4,1,600,59.0
206939,207529,207548,590,19,1,600,32.0526315789
206941,207544,207545,603,1,1,600,60.4
206942,207550,207554,608,4,1,600,61.2
206944,207557,207593,613,36,1,600,18.0277777778
206946,207570,207585,624,15,1,600,42.6
206948,207578,207581,630,3,1,600,63.3
206949,207593,207605,644,12,1,600,54.6666666667
206950,207600,207613,650,13,1,600,51.0
206952,207606,207609,654,3,1,600,65.7
207014,207618,207620,604,2,1,600,60.6
207015,207625,207634,610,9,1,600,61.9
207016,207630,207643,614,13,1,600,48.2307692308
207018,207637,207652,619,15,1,600,42.2666666667
207019,207645,207677,626,32,1,600,20.5625
207021,207653,207658,632,5,1,600,63.7
207022,207658,207683,636,25,1,600,26.44
207023,207671,207675,648,4,1,600,65.2
207025,207686,207687,661,1,1,600,66.2
207086,207833,207877,747,44,1,600,17.9772727273
207087,207839,207854,752,15,1,600,51.1333333333
207089,207870,207878,781,8,1,600,78.9
207090,207892,207905,802,13,1,600,62.6923076923
207092,207898,207906,806,8,1,600,81.4
207093,207903,207940,810,37,1,600,22.8918918919
207094,207909,207914,815,5,1,600,82.0
207096,207917,207929,821,12,1,600,69.4166666667
207097,207922,207935,825,13,1,600,64.4615384615
207099,207928,207931,829,3,1,600,83.2
207100,207940,207953,840,13,1,600,65.6153846154
207101,207947,207950,846,3,1,600,84.9
207134,207140,222439,6,15299,2,21600,1.0003921825
207163,207953,207955,790,2,1,600,79.2
207164,207960,207963,796,3,1,600,79.9
207166,207967,207980,801,13,1,600,62.6153846154
207167,207972,207984,805,12,1,600,68.0833333333
207168,207977,207990,809,13,1,600,63.2307692308
207170,207990,208033,820,43,1,600,20.0697674419
207171,208004,208007,833,3,1,600,83.6
207172,208009,208018,837,9,1,600,84.6
207174,208014,208017,840,3,1,600,84.3
207235,208022,208025,787,3,1,600,79.0
207236,208028,208032,792,4,1,600,79.6
207238,208041,208050,803,9,1,600,81.2
207239,208048,208051,809,3,1,600,81.2
207242,208068,208080,826,12,1,600,69.8333333333
207243,208073,208086,830,13,1,600,64.8461538462
207245,208078,208091,833,13,1,600,65.0769230769
207246,208092,208095,846,3,1,600,84.9
207247,208098,208131,851,33,1,600,26.7878787879
207249,208106,208118,857,12,1,600,72.4166666667
207250,208112,208115,862,3,1,600,86.5
207270,209055,236536,1785,27481,1,36000,1.0649539682
207312,208127,208139,815,12,1,600,68.9166666667
207313,208134,208137,821,3,1,600,82.4
207314,208144,208156,830,12,1,600,70.1666666667
207316,208150,208163,834,13,1,600,65.1538461538
207317,208155,208168,838,13,1,600,65.4615384615
207318,208167,208171,849,4,1,600,85.3
207320,208174,208175,854,1,1,600,85.5
207321,208187,208188,866,1,1,600,86.7
207324,208199,208202,875,3,1,600,87.8
207327,208214,208226,887,12,1,600,74.9166666667
207328,208221,208255,893,34,1,600,27.2647058824
207329,208237,208238,908,1,1,600,90.9
207391,208250,208262,859,12,1,600,72.5833333333
207392,208274,208276,882,2,1,600,88.4
207393,208292,208297,899,5,1,600,90.4
207395,208309,208321,914,12,1,600,77.1666666667
207396,208332,208349,936,17,1,600,56.0588235294
207399,208373,208374,974,1,1,600,97.5
207400,208385,208394,985,9,1,600,99.4
207402,208406,208407,1004,1,1,600,100.5
207403,208418,208419,1015,1,1,600,101.6
207404,208431,208444,1027,13,1,600,80.0
207406,208455,208456,1049,1,1,600,105.0
207467,208467,208481,1000,14,1,600,72.4285714286
207469,208492,208496,1023,4,1,600,102.7
207470,208507,208548,1037,41,1,600,26.2926829268
207473,208571,208574,1098,3,1,600,110.1
207474,208585,208589,1111,4,1,600,111.5
207475,208601,208603,1126,2,1,600,112.8
207477,208615,208627,1138,12,1,600,95.8333333333
207478,208639,208642,1161,3,1,600,116.4
207479,208653,208687,1174,34,1,600,35.5294117647
207481,208698,208711,1217,13,1,600,94.6153846154
207482,208753,208766,1271,13,1,600,98.7692307692
207484,208777,208781,1293,4,1,600,129.7
207545,208792,208808,1247,16,1,600,78.9375
207547,208819,208820,1272,1,1,600,127.3
207548,208833,208869,1285,36,1,600,36.6944444444
207549,208880,208893,1331,13,1,600,103.384615385
207551,208905,208907,1354,2,1,600,135.6
207552,208918,208931,1366,13,1,600,106.076923077
207554,208930,208944,1376,14,1,600,99.2857142857
207555,208935,208949,1380,14,1,600,99.5714285714
207556,208941,208954,1385,13,1,600,107.538461538
207558,208946,208960,1388,14,1,600,100.142857143
207559,208951,208967,1392,16,1,600,88.0
207560,208957,208961,1397,4,1,600,140.1
207562,208962,208964,1400,2,1,600,140.2
207623,208968,208990,1345,22,1,600,62.1363636364
207625,208973,208977,1348,4,1,600,135.2
207626,208978,208983,1352,5,1,600,135.7
207627,208984,208986,1357,2,1,600,135.9
207629,208989,209030,1360,41,1,600,34.1707317073
207631,208995,209009,1364,14,1,600,98.4285714286
207632,209000,209014,1368,14,1,600,98.7142857143
207634,209006,209010,1372,4,1,600,137.6
207648,207664,210714,16,3050,2,7200,1.00524590164
207666,207679,210711,13,3032,2,7200,1.00428759894
207684,207693,210697,9,3004,2,7200,1.00299600533
207686,207698,210893,12,3195,2,7200,1.00375586854
207687,207704,210552,17,2848,2,7200,1.00596910112
207696,209011,209027,1315,16,1,600,83.1875
207697,209017,209031,1320,14,1,600,95.2857142857
207699,209022,209026,1323,4,1,600,132.7
207700,209028,209029,1328,1,1,600,132.9
207702,209033,209037,1331,4,1,600,133.5
207703,209038,209052,1335,14,1,600,96.3571428571
207704,209044,209046,1340,2,1,600,134.2
207706,209049,209058,1343,9,1,600,135.2
207732,207738,210708,6,2970,2,7200,1.00202020202
207756,207762,210755,6,2993,2,7200,1.00200467758
207819,207826,210612,7,2786,2,7200,1.00251256281
207834,207845,210522,11,2677,2,7200,1.00410907733
207855,207862,210870,7,3008,2,7200,1.00232712766
207879,207885,210677,6,2792,2,7200,1.00214899713
207887,209060,209074,1173,14,1,600,84.7857142857
207889,209066,209071,1177,5,1,600,118.2
207890,209071,209086,1181,15,1,600,79.7333333333
207951,209085,209087,1134,2,1,600,113.6
207953,209090,209102,1137,12,1,600,95.75
207954,209095,209108,1141,13,1,600,88.7692307692
207955,209101,209109,1146,8,1,600,115.4
207957,209106,209119,1149,13,1,600,89.3846153846
207958,209112,209115,1154,3,1,600,115.7
207960,209117,209132,1157,15,1,600,78.1333333333
207961,209122,209123,1161,1,1,600,116.2
207962,209128,209130,1166,2,1,600,116.8
207964,209133,209165,1169,32,1,600,37.53125
207967,207985,211100,18,3115,2,7200,1.00577849117
207991,207996,210947,5,2951,2,7200,1.0016943409
208025,209139,209148,1114,9,1,600,112.3
208026,209144,209156,1118,12,1,600,94.1666666667
208027,208035,210899,8,2864,2,7200,1.00279329609
208028,209149,209162,1121,13,1,600,87.2307692308
208029,209155,209191,1126,36,1,600,32.2777777778
208030,209160,209161,1130,1,1,600,113.1
208032,209166,209168,1134,2,1,600,113.6
208033,209171,209184,1138,13,1,600,88.5384615385
208034,209176,209190,1142,14,1,600,82.5714285714
208045,208061,211139,16,3078,2,7200,1.00519818064
208097,209187,209188,1090,1,1,600,109.1
208099,209193,209205,1094,12,1,600,92.1666666667
208100,209198,209207,1098,9,1,600,110.7
208101,209203,209211,1102,8,1,600,111.0
208103,209209,209223,1106,14,1,600,80.0
208104,209214,209217,1110,3,1,600,111.3
208105,209220,209225,1115,5,1,600,112.0
208107,209225,209231,1118,6,1,600,112.4
208168,209230,209232,1062,2,1,600,106.4
208170,209325,209339,1155,14,1,600,83.5
208171,209331,209343,1160,12,1,600,97.6666666667
208173,209336,209337,1163,1,1,600,116.4
208174,209341,209344,1167,3,1,600,117.0
208175,208181,211125,6,2944,2,7200,1.00203804348
208175,209348,209360,1173,12,1,600,98.75
208177,209353,209366,1176,13,1,600,91.4615384615
208178,209359,209362,1181,3,1,600,118.4
208181,209371,209405,1190,34,1,600,36.0
208182,208267,219527,85,11260,2,21600,1.00754884547
208242,209376,209392,1134,16,1,600,71.875
208244,209383,209386,1139,3,1,600,114.2
208245,209388,209389,1143,1,1,600,114.4
208246,209393,209397,1147,4,1,600,115.1
208248,209399,209401,1151,2,1,600,115.3
208249,209405,209408,1156,3,1,600,115.9
208253,208260,211067,7,2807,2,7200,1.00249376559
208268,208280,210878,12,2598,2,7200,1.00461893764
208270,208286,211228,16,2942,2,7200,1.00543847723
208310,209411,209423,1101,12,1,600,92.75
208312,209416,209428,1104,12,1,600,93.0
208313,209423,209432,1110,9,1,600,111.9
208315,209428,209431,1113,3,1,600,111.6
208376,209434,209435,1058,1,1,600,105.9
208379,209446,209458,1067,12,1,600,89.9166666667
208380,209451,209455,1071,4,1,600,107.5
208442,209456,209469,1014,13,1,600,79.0
208443,209462,209471,1019,9,1,600,102.8
208444,209468,209481,1024,13,1,600,79.7692307692
208463,208474,211316,11,2842,2,7200,1.00387051372
208507,209479,209480,972,1,1,600,97.3
208508,209486,209526,978,40,1,600,25.45
208510,209491,209504,981,13,1,600,76.4615384615
208571,209497,209509,926,12,1,600,78.1666666667
208573,209502,209504,929,2,1,600,93.1
208634,209509,209521,875,12,1,600,73.9166666667
208635,209514,209526,879,12,1,600,74.25
208637,209520,209525,883,5,1,600,88.8
208638,209526,209538,888,12,1,600,75.0
208699,209531,209539,832,8,1,600,84.0
208701,209538,209542,837,4,1,600,84.1
208711,208722,208742,11,20,1,300,1.55
208762,209543,209555,781,12,1,600,66.0833333333
208804,210048,210733,1244,685,1,3600,2.81605839416
208824,209548,209554,724,6,1,600,73.0
208825,209554,209558,729,4,1,600,73.3
208826,209560,209573,734,13,1,600,57.4615384615
208828,209565,209568,737,3,1,600,74.0
208889,209571,209574,682,3,1,600,68.5
208951,209578,209590,627,12,1,600,53.25
208952,209583,209584,631,1,1,600,63.2
208953,209588,209591,635,3,1,600,63.8
208955,209595,209596,640,1,1,600,64.1
208956,209600,209601,644,1,1,600,64.5
209018,209606,209609,588,3,1,600,59.1
209019,209611,209614,592,3,1,600,59.5
209020,209618,209622,598,4,1,600,60.2
209022,209623,209624,601,1,1,600,60.2
209023,209628,209643,605,15,1,600,41.3333333333
209025,209634,209640,609,6,1,600,61.5
209026,209641,209642,615,1,1,600,61.6
209027,209646,209649,619,3,1,600,62.2
209029,209652,209664,623,12,1,600,52.9166666667
209030,209657,209669,627,12,1,600,53.25
209032,209664,209681,632,17,1,600,38.1764705882
209033,209669,209673,636,4,1,600,64.0
209036,209680,209692,644,12,1,600,54.6666666667
209038,209687,209699,649,12,1,600,55.0833333333
209039,209692,209705,653,13,1,600,51.2307692308
209040,209697,209706,657,9,1,600,66.6
209058,209079,238714,21,29635,1,604800,1.00070862156
209102,209703,209713,601,10,1,600,61.1
209103,209710,209725,607,15,1,600,41.4666666667
209105,209715,209716,610,1,1,600,61.1
209106,209722,209734,616,12,1,600,52.3333333333
209108,209727,209739,619,12,1,600,52.5833333333
209110,209732,209736,622,4,1,600,62.6
209111,209739,209773,628,34,1,600,19.4705882353
209113,209744,209757,631,13,1,600,49.5384615385
209115,209757,209769,642,12,1,600,54.5
209122,209239,211727,117,2488,5,14400,1.04702572347
209123,209250,212313,127,3063,5,14400,1.04146261835
209123,209245,212526,122,3281,5,14400,1.03718378543
209124,209261,211896,137,2635,5,14400,1.05199240987
209124,209255,212219,131,2964,5,14400,1.04419703104
209124,209272,212346,148,3074,5,14400,1.04814573845
209124,209266,211751,142,2485,5,14400,1.05714285714
209125,209277,211807,152,2530,5,14400,1.06007905138
209125,209288,212631,163,3343,5,14400,1.04875860006
209125,209282,211734,157,2452,5,14400,1.06402936378
209126,209304,211747,178,2443,5,14400,1.07286123619
209126,209298,211862,172,2564,5,14400,1.06708268331
209126,209293,212458,167,3165,5,14400,1.05276461295
209127,209309,211770,182,2461,5,14400,1.07395367737
209127,209315,212349,188,3034,5,14400,1.06196440343
209127,209320,212603,193,3283,5,14400,1.05878769418
209128,209898,212888,770,2990,5,14400,1.25752508361
209128,210611,213818,1483,3207,5,14400,1.46242594325
209128,210730,213386,1602,2656,5,14400,1.6031626506
209129,211250,214221,2121,2971,5,14400,1.71390104342
209129,211245,214679,2116,3434,5,14400,1.61619103087
209129,211740,214586,2611,2846,5,14400,1.91742796908
209130,211764,214323,2634,2559,5,14400,2.02930832356
209130,211769,214434,2639,2665,5,14400,1.99024390244
209130,211783,214800,2653,3017,5,14400,1.87935034803
209130,211747,214667,2617,2920,5,14400,1.89623287671
209131,211874,214446,2743,2572,5,14400,2.06648522551
209131,211819,214546,2688,2727,5,14400,1.98569856986
209131,211908,214515,2777,2607,5,14400,2.06520905255
209178,209767,209776,589,9,1,600,59.8
209180,209774,209777,594,3,1,600,59.7
209181,209779,209782,598,3,1,600,60.1
209182,209784,209788,602,4,1,600,60.6
209184,209792,209805,608,13,1,600,47.7692307692
209185,209797,209806,612,9,1,600,62.1
209187,209803,209817,616,14,1,600,45.0
209188,209808,209821,620,13,1,600,48.6923076923
209189,209815,209850,626,35,1,600,18.8857142857
209191,209820,209833,629,13,1,600,49.3846153846
209192,209826,209843,634,17,1,600,38.2941176471
209194,209832,209846,638,14,1,600,46.5714285714
209195,209838,209841,643,3,1,600,64.6
209196,209844,209847,648,3,1,600,65.1
209198,209851,209863,653,12,1,600,55.4166666667
209199,209857,209860,658,3,1,600,66.1
209261,209863,209873,602,10,1,600,61.2
209262,209868,209880,606,12,1,600,51.5
209265,209880,209884,615,4,1,600,61.9
209266,209885,209886,619,1,1,600,62.0
209269,209905,209908,636,3,1,600,63.9
209270,209919,209922,649,3,1,600,65.2
209392,209934,209940,542,6,1,600,54.8
209393,209951,209970,558,19,1,600,30.3684210526
209395,209982,209985,587,3,1,600,59.0
209396,209997,210012,601,15,1,600,41.0666666667
209398,210023,210036,625,13,1,600,49.0769230769
209399,210616,210623,1217,7,1,600,122.4
209400,210621,210625,1221,4,1,600,122.5
209402,210627,210644,1225,17,1,600,73.0588235294
209403,210641,210643,1238,2,1,600,124.0
209405,210646,210652,1241,6,1,600,124.7
209406,210655,210668,1249,13,1,600,97.0769230769
209407,210660,210673,1253,13,1,600,97.3846153846
209409,210667,210678,1258,11,1,600,115.363636364
209472,210686,210699,1214,13,1,600,94.3846153846
209473,210710,210714,1237,4,1,600,124.1
209475,210744,210745,1269,1,1,600,127.0
209476,210757,210769,1281,12,1,600,107.75
209479,210792,210795,1313,3,1,600,131.6
209480,210806,210818,1326,12,1,600,111.5
209482,210829,210833,1347,4,1,600,135.1
209483,210844,210857,1361,13,1,600,105.692307692
209484,210869,210873,1385,4,1,600,138.9
209486,210888,210901,1402,13,1,600,108.846153846
209487,210919,210941,1432,22,1,600,66.0909090909
209489,210952,210970,1463,18,1,600,82.2777777778
209551,210993,211006,1442,13,1,600,111.923076923
209553,211017,211030,1464,13,1,600,113.615384615
209556,211053,211057,1497,4,1,600,150.1
209557,211068,211087,1511,19,1,600,80.5263157895
209558,211098,211113,1540,15,1,600,103.666666667
209560,211124,211142,1564,18,1,600,87.8888888889
209561,211158,211159,1597,1,1,600,159.8
209562,211170,211211,1608,41,1,600,40.2195121951
209564,211223,211227,1659,4,1,600,166.3
209565,211238,211239,1673,1,1,600,167.4
209566,211257,211269,1691,12,1,600,141.916666667
209568,211281,211287,1713,6,1,600,171.9
209629,211299,211300,1670,1,1,600,167.1
209631,211312,211314,1681,2,1,600,168.3
209632,211325,211326,1693,1,1,600,169.4
209633,213748,241308,4115,27560,1,36000,1.14931059507
209633,211338,211346,1705,8,1,600,171.3
209635,211357,211358,1722,1,1,600,172.3
209636,211370,211373,1734,3,1,600,173.7
209638,211385,211395,1747,10,1,600,175.7
209639,211406,211407,1767,1,1,600,176.8
209640,211419,211427,1779,8,1,600,178.7
209642,211438,211451,1796,13,1,600,139.153846154
209643,211462,211475,1819,13,1,600,140.923076923
209645,211486,211501,1841,15,1,600,123.733333333
209646,211512,211524,1866,12,1,600,156.5
209647,211536,211539,1889,3,1,600,189.2
209649,211550,211553,1901,3,1,600,190.4
209712,211576,211580,1864,4,1,600,186.8
209713,211592,211607,1879,15,1,600,126.266666667
209714,211619,211620,1905,1,1,600,190.6
209716,211631,211644,1915,13,1,600,148.307692308
209717,211655,211668,1938,13,1,600,150.076923077
209719,211679,211683,1960,4,1,600,196.4
209720,211694,211707,1974,13,1,600,152.846153846
209722,211719,211721,1997,2,1,600,199.9
209723,211734,211746,2011,12,1,600,168.583333333
209725,211757,211760,2032,3,1,600,203.5
209726,211776,211780,2050,4,1,600,205.4
209752,213840,240737,4088,26897,1,36000,1.15198721047
209788,211791,211796,2003,5,1,600,200.8
209789,211807,211808,2018,1,1,600,201.9
209791,211825,211828,2034,3,1,600,203.7
209792,211839,211840,2047,1,1,600,204.8
209793,211852,211854,2059,2,1,600,206.1
209796,211880,211917,2084,37,1,600,57.3243243243
209797,211929,211933,2132,4,1,600,213.6
209799,211945,211953,2146,8,1,600,215.4
209800,211965,211968,2165,3,1,600,216.8
209801,211980,211992,2179,12,1,600,182.583333333
209803,212003,212006,2200,3,1,600,220.3
209804,212018,212030,2214,12,1,600,185.5
209866,212041,212044,2175,3,1,600,217.8
209867,212055,212093,2188,38,1,600,58.5789473684
209869,212105,212121,2236,16,1,600,140.75
209870,212132,212135,2262,3,1,600,226.5
209871,212146,212159,2275,13,1,600,176.0
209873,212170,212205,2297,35,1,600,66.6285714286
209874,212218,212222,2344,4,1,600,234.8
209875,212241,212254,2366,13,1,600,183.0
209878,212260,212264,2382,4,1,600,238.6
209880,212267,212275,2387,8,1,600,239.5
209881,212275,212276,2394,1,1,600,239.5
209883,212286,212295,2403,9,1,600,241.2
209884,212294,212306,2410,12,1,600,201.833333333
209947,212317,212358,2370,41,1,600,58.8048780488
209948,212324,212325,2376,1,1,600,237.7
209950,212330,212333,2380,3,1,600,238.3
209951,212335,212336,2384,1,1,600,238.5
209953,212340,212353,2387,13,1,600,184.615384615
209954,212345,212354,2391,9,1,600,240.0
210017,212357,212370,2340,13,1,600,181.0
210080,212368,212376,2288,8,1,600,229.6
210524,210534,213602,10,3068,2,7200,1.00325945241
210551,210564,213546,13,2982,2,7200,1.00435949027
210611,210633,213247,22,2614,2,7200,1.00841622035
210677,210694,213620,17,2926,2,7200,1.00580997949
210682,212375,212387,1693,12,1,600,142.083333333
210684,212380,212396,1696,16,1,600,107.0
210685,212385,212397,1700,12,1,600,142.666666667
210686,212390,212396,1704,6,1,600,171.0
210689,212403,212406,1714,3,1,600,171.7
210690,212408,212409,1718,1,1,600,171.9
210692,212414,212422,1722,8,1,600,173.0
210693,212420,212424,1727,4,1,600,173.1
210695,210702,213827,7,3125,2,7200,1.00224
210710,210716,213970,6,3254,2,7200,1.00184388445
210712,210723,213618,11,2895,2,7200,1.00379965458
210727,210766,213675,39,2909,2,7200,1.01340666896
210741,213715,227482,2974,13767,2,21600,1.21602382509
210755,212426,212438,1671,12,1,600,140.25
210756,212431,212444,1675,13,1,600,129.846153846
210757,210881,213613,124,2732,2,7200,1.04538799414
210758,212436,212449,1678,13,1,600,130.076923077
210819,212442,212445,1623,3,1,600,162.6
210821,212447,212459,1626,12,1,600,136.5
210822,212454,212461,1632,7,1,600,163.9
210871,210894,213804,23,2910,2,7200,1.00790378007
210883,212459,212463,1576,4,1,600,158.0
210885,212465,212489,1580,24,1,600,66.8333333333
210886,210905,213791,19,2886,2,7200,1.00658350658
210887,212477,212478,1590,1,1,600,159.1
210901,210912,213831,11,2919,2,7200,1.00376841384
210902,210960,213776,58,2816,2,7200,1.02059659091
210947,211079,213790,132,2711,2,7200,1.0486905201
210949,212482,212491,1533,9,1,600,154.2
211011,212495,212507,1484,12,1,600,124.666666667
211013,212500,212501,1487,1,1,600,148.8
211014,212506,212509,1492,3,1,600,149.5
211068,211111,213558,43,2447,2,7200,1.0175725378
211075,212511,212524,1436,13,1,600,111.461538462
211077,212518,212522,1441,4,1,600,144.5
211078,212523,212525,1445,2,1,600,144.7
211098,211136,214022,38,2886,2,7200,1.01316701317
211125,211152,214031,27,2879,2,7200,1.00937825634
211139,212528,212537,1389,9,1,600,139.8
211140,211332,214492,192,3160,2,7200,1.06075949367
211141,212534,212537,1393,3,1,600,139.6
211192,213789,231211,2597,17422,2,21600,1.14906440133
211202,212541,212545,1339,4,1,600,134.3
211203,212546,212582,1343,36,1,600,38.3055555556
211227,212230,215156,1003,2926,2,7200,1.34278879016
211265,212552,212562,1287,10,1,600,129.7
211266,212557,212558,1291,1,1,600,129.2
211267,212562,212566,1295,4,1,600,129.9
211317,212236,215384,919,3148,2,7200,1.29193138501
211329,212568,212582,1239,14,1,600,89.5
211330,212573,212583,1243,10,1,600,125.3
211331,212579,212592,1248,13,1,600,97.0
211333,212584,212596,1251,12,1,600,105.25
211334,212589,212590,1255,1,1,600,125.6
211395,212597,212609,1202,12,1,600,101.166666667
211397,212602,212615,1205,13,1,600,93.6923076923
211398,212608,212622,1210,14,1,600,87.4285714286
211459,212613,212626,1154,13,1,600,89.7692307692
211461,212619,212621,1158,2,1,600,116.0
211462,212624,212628,1162,4,1,600,116.6
211463,212629,212630,1166,1,1,600,116.7
211526,212640,212653,1114,13,1,600,86.6923076923
211587,212647,212651,1060,4,1,600,106.4
211590,212658,212693,1068,35,1,600,31.5142857143
211592,212664,212676,1072,12,1,600,90.3333333333
211593,212669,212673,1076,4,1,600,108.0
211655,212674,212675,1019,1,1,600,102.0
211656,212680,212692,1024,12,1,600,86.3333333333
211657,212685,212698,1028,13,1,600,80.0769230769
211719,212690,212700,971,10,1,600,98.1
211720,212696,212708,976,12,1,600,82.3333333333
211721,212701,212702,980,1,1,600,98.1
211784,212713,212716,929,3,1,600,93.2
211785,212718,212722,933,4,1,600,93.7
211787,212724,212727,937,3,1,600,94.0
211848,330099,332253,118251,2154,16,36000,55.8983286908
211848,212729,212730,881,1,1,600,88.2
211849,212735,212737,886,2,1,600,88.8
211852,212745,212758,893,13,1,600,69.6923076923
211913,212753,212756,840,3,1,600,84.3
211915,212759,212761,844,2,1,600,84.6
211976,212764,212765,788,1,1,600,78.9
211977,212769,212775,792,6,1,600,79.8
211979,212775,212802,796,27,1,600,30.4814814815
211980,212780,212781,800,1,1,600,80.1
212041,212785,212788,744,3,1,600,74.7
212044,212796,212797,752,1,1,600,75.3
212105,212801,212805,696,4,1,600,70.0
212107,212807,212810,700,3,1,600,70.3
212168,212814,212815,646,1,1,600,64.7
212171,212825,212837,654,12,1,600,55.5
212207,213710,217990,1503,4280,25,21599,1.3511682243
212232,212830,212844,598,14,1,600,43.7142857143
212233,212835,212848,602,13,1,600,47.3076923077
212295,212841,212855,546,14,1,600,40.0
212296,212846,212860,550,14,1,600,40.2857142857
212297,212852,212854,555,2,1,600,55.7
212299,212857,212861,558,4,1,600,56.2
212300,212862,212877,562,15,1,600,38.4666666667
212301,212870,212871,569,1,1,600,57.0
212363,212875,212878,512,3,1,600,51.5
212365,212886,212894,521,8,1,600,52.9
212367,212892,212894,525,2,1,600,52.7
212368,212897,212899,529,2,1,600,53.1
212369,212902,212915,533,13,1,600,42.0
212372,212913,212922,541,9,1,600,55.0
212373,212920,212953,547,33,1,600,17.5757575758
212375,212926,212929,551,3,1,600,55.4
212438,212936,212940,498,4,1,600,50.2
212439,212942,212944,503,2,1,600,50.5
212441,212947,212949,506,2,1,600,50.8
212442,212952,212953,510,1,1,600,51.1
212444,212958,212970,514,12,1,600,43.8333333333
212445,212963,212966,518,3,1,600,52.1
212446,212968,212973,522,5,1,600,52.7
212448,212974,212986,526,12,1,600,44.8333333333
212449,212979,212992,530,13,1,600,41.7692307692
212450,212984,212990,534,6,1,600,54.0
212452,212991,213003,539,12,1,600,45.9166666667
212453,212998,213001,545,3,1,600,54.8
212455,213003,213012,548,9,1,600,55.7
212456,213009,213012,553,3,1,600,55.6
212467,213820,226372,1353,12552,2,21600,1.107791587
212517,213014,213018,497,4,1,600,50.1
212519,213020,213023,501,3,1,600,50.4
212520,213025,213061,505,36,1,600,15.0277777778
212521,213030,213033,509,3,1,600,51.2
212523,213036,213049,513,13,1,600,40.4615384615
212524,213041,213042,517,1,1,600,51.8
212526,213046,213050,520,4,1,600,52.4
212527,213052,213054,525,2,1,600,52.7
212528,213057,213061,529,4,1,600,53.3
212530,213062,213075,532,13,1,600,41.9230769231
212531,213068,213080,537,12,1,600,45.75
212532,213076,213088,544,12,1,600,46.3333333333
212534,213081,213093,547,12,1,600,46.5833333333
212535,213086,213116,551,30,1,600,19.3666666667
212597,213092,213095,495,3,1,600,49.8
212598,213097,213105,499,8,1,600,50.7
212599,213102,213107,503,5,1,600,50.8
212601,213108,213120,507,12,1,600,43.25
212602,213113,213125,511,12,1,600,43.5833333333
212603,213118,213127,515,9,1,600,52.4
212605,213124,213136,519,12,1,600,44.25
212606,213129,213142,523,13,1,600,41.2307692308
212608,213135,213148,527,13,1,600,41.5384615385
212609,213140,213142,531,2,1,600,53.3
212611,213145,213158,534,13,1,600,42.0769230769
212612,213151,213153,539,2,1,600,54.1
212674,213158,213193,484,35,1,600,14.8285714286
212675,213164,213168,489,4,1,600,49.3
212677,213169,213186,492,17,1,600,29.9411764706
212678,213174,213175,496,1,1,600,49.7
212679,213180,213183,501,3,1,600,50.4
212681,213185,213186,504,1,1,600,50.5
212682,213190,213193,508,3,1,600,51.1
212683,213196,213205,513,9,1,600,52.2
212685,213201,213205,516,4,1,600,52.0
212686,213207,213219,521,12,1,600,44.4166666667
212687,213212,213246,525,34,1,600,16.4411764706
212689,213217,213220,528,3,1,600,53.1
212690,213223,213235,533,12,1,600,45.4166666667
212691,213228,213232,537,4,1,600,54.1
212715,278693,278711,65978,18,1,1200,3666.44444444
212753,213235,213248,482,13,1,600,38.0769230769
212756,213246,213255,490,9,1,600,49.9
212757,213251,213255,494,4,1,600,49.8
212758,213257,213269,499,12,1,600,42.5833333333
212760,213262,213265,502,3,1,600,50.5
212761,213267,213271,506,4,1,600,51.0
212762,213273,213277,511,4,1,600,51.5
212764,213278,213281,514,3,1,600,51.7
212765,213283,213296,518,13,1,600,40.8461538462
212766,213289,213292,523,3,1,600,52.6
212768,213294,213306,526,12,1,600,44.8333333333
212769,213299,213302,530,3,1,600,53.3
212770,213305,213308,535,3,1,600,53.8
212772,213312,213313,540,1,1,600,54.1
212773,213318,213321,545,3,1,600,54.8
212775,213323,213336,548,13,1,600,43.1538461538
212836,213328,213332,492,4,1,600,49.6
212837,213334,213337,497,3,1,600,50.0
212839,213339,213372,500,33,1,600,16.1515151515
212840,213345,213357,505,12,1,600,43.0833333333
212841,213350,213353,509,3,1,600,51.2
212843,213355,213387,512,32,1,600,17.0
212844,213361,213365,517,4,1,600,52.1
212846,213366,213368,520,2,1,600,52.2
212847,213371,213375,524,4,1,600,52.8
212850,213382,213390,532,8,1,600,54.0
212851,213396,213399,545,3,1,600,54.8
212912,213401,213414,489,13,1,600,38.6153846154
212914,213406,213409,492,3,1,600,49.5
212915,213412,213451,497,39,1,600,13.7435897436
212917,213417,213429,500,12,1,600,42.6666666667
212918,213422,213425,504,3,1,600,50.7
212920,213428,213430,508,2,1,600,51.0
212921,213433,213434,512,1,1,600,51.3
212922,213438,213455,516,17,1,600,31.3529411765
212925,213449,213450,524,1,1,600,52.5
212926,213454,213458,528,4,1,600,53.2
212929,213465,213466,536,1,1,600,53.7
212930,213471,213479,541,8,1,600,54.9
212932,213479,213483,547,4,1,600,55.1
212993,213484,213485,491,1,1,600,49.2
212995,213489,213502,494,13,1,600,39.0
212996,213495,213497,499,2,1,600,50.1
212997,213500,213504,503,4,1,600,50.7
212997,213830,222818,833,8988,2,21600,1.09267912773
212999,213505,213518,506,13,1,600,39.9230769231
213000,213511,213514,511,3,1,600,51.4
213002,213516,213517,514,1,1,600,51.5
213003,213521,213537,518,16,1,600,33.375
213005,213527,213561,522,34,1,600,16.3529411765
213006,213532,213549,526,17,1,600,31.9411764706
213007,213538,213546,531,8,1,600,53.9
213009,213543,213557,534,14,1,600,39.1428571429
213010,213548,213553,538,5,1,600,54.3
213012,213554,213557,542,3,1,600,54.5
213013,213559,213567,546,8,1,600,55.4
213074,213565,213567,491,2,1,600,49.3
213076,213570,213571,494,1,1,600,49.5
213077,213575,213588,498,13,1,600,39.3076923077
213079,213584,213596,505,12,1,600,43.0833333333
213082,213594,213598,512,4,1,600,51.6
213083,213600,213602,517,2,1,600,51.9
213084,213605,213614,521,9,1,600,53.0
213086,213610,213613,524,3,1,600,52.7
213087,213616,213620,529,4,1,600,53.3
213089,213621,213635,532,14,1,600,39.0
213090,213626,213639,536,13,1,600,42.2307692308
213091,213632,213644,541,12,1,600,46.0833333333
213153,213637,213638,484,1,1,600,48.5
213154,213643,213646,489,3,1,600,49.2
213155,213648,213664,493,16,1,600,31.8125
213157,213653,213656,496,3,1,600,49.9
213158,213659,213668,501,9,1,600,51.0
213160,213664,213673,504,9,1,600,51.3
213161,213669,213682,508,13,1,600,40.0769230769
213164,213680,213693,516,13,1,600,40.6923076923
213166,213691,213725,525,34,1,600,16.4411764706
213168,213989,213991,821,2,1,600,82.3
213169,214003,214009,834,6,1,600,84.0
213170,214020,214033,850,13,1,600,66.3846153846
213172,214034,214047,862,13,1,600,67.3076923077
213233,214048,214051,815,3,1,600,81.8
213235,214058,214061,823,3,1,600,82.6
213237,214065,214066,828,1,1,600,82.9
213238,214073,214075,835,2,1,600,83.7
213238,214624,511544,1386,296920,8,324000,1.00466792402
213240,214080,214092,840,12,1,600,71.0
213241,214087,214099,846,12,1,600,71.5
213243,214103,214104,860,1,1,600,86.1
213244,214110,214123,866,13,1,600,67.6153846154
213246,214118,214121,872,3,1,600,87.5
213247,213387,213971,140,584,2,7200,1.2397260274
213247,214133,214145,886,12,1,600,74.8333333333
213250,214153,214156,903,3,1,600,90.6
213251,214160,214172,909,12,1,600,76.75
213252,214168,214180,916,12,1,600,77.3333333333
213254,214184,214196,930,12,1,600,78.5
213255,214191,214204,936,13,1,600,73.0
213317,214208,214211,891,3,1,600,89.4
213318,214215,214218,897,3,1,600,90.0
213322,214236,214244,914,8,1,600,92.2
213324,214242,214248,918,6,1,600,92.4
213325,214247,214249,922,2,1,600,92.4
213327,214253,214265,926,12,1,600,78.1666666667
213328,214259,214260,931,1,1,600,93.2
213329,214264,214279,935,15,1,600,63.3333333333
213331,214270,214273,939,3,1,600,94.2
213332,214281,214285,949,4,1,600,95.3
213333,214288,214291,955,3,1,600,95.8
213335,214296,214308,961,12,1,600,81.0833333333
213396,214302,214309,906,7,1,600,91.3
213398,214307,214311,909,4,1,600,91.3
213400,214320,214323,920,3,1,600,92.3
213401,214326,214339,925,13,1,600,72.1538461538
213402,214332,214347,930,15,1,600,63.0
213404,214338,214342,934,4,1,600,93.8
213405,214350,214351,945,1,1,600,94.6
213407,214358,214361,951,3,1,600,95.4
213408,214364,214399,956,35,1,600,28.3142857143
213409,214370,214379,961,9,1,600,97.0
213411,214376,214413,965,37,1,600,27.0810810811
213412,214391,214432,979,41,1,600,24.8780487805
213414,214412,214427,998,15,1,600,67.5333333333
213415,214424,214425,1009,1,1,600,101.0
213464,214693,511550,1229,296857,8,324000,1.00414004049
213478,214443,214456,965,13,1,600,75.2307692308
213479,214449,214465,970,16,1,600,61.625
213481,214456,214458,975,2,1,600,97.7
213482,214468,214483,986,15,1,600,66.7333333333
213485,214481,214482,996,1,1,600,99.7
213486,214488,214497,1002,9,1,600,101.1
213487,214495,214504,1008,9,1,600,101.7
213489,214501,214503,1012,2,1,600,101.4
213490,214514,214526,1024,12,1,600,86.3333333333
213492,214519,214523,1027,4,1,600,103.1
213493,214526,214538,1033,12,1,600,87.0833333333
213494,214532,214544,1038,12,1,600,87.5
213496,214537,214540,1041,3,1,600,104.4
213546,213696,216787,150,3091,2,7200,1.04852798447
213557,214542,214557,985,15,1,600,66.6666666667
213559,214548,214561,989,13,1,600,77.0769230769
213560,214553,214566,993,13,1,600,77.3846153846
213562,214561,214565,999,4,1,600,100.3
213564,214566,214567,1002,1,1,600,100.3
213564,213702,216895,138,3193,2,7200,1.04321954275
213565,214572,214577,1007,5,1,600,101.2
213567,214577,214581,1010,4,1,600,101.4
213571,214595,214598,1024,3,1,600,102.7
213572,214601,214604,1029,3,1,600,103.2
213574,214606,214619,1032,13,1,600,80.3846153846
213575,214611,214624,1036,13,1,600,80.6923076923
213576,214617,214629,1041,12,1,600,87.75
213578,214629,214668,1051,39,1,600,27.9487179487
213579,214635,214637,1056,2,1,600,105.8
213603,213721,216763,118,3042,2,7200,1.03879026956
213619,213726,216581,107,2855,2,7200,1.03747810858
213620,213732,216573,112,2841,2,7200,1.03942273847
213622,213737,216725,115,2988,2,7200,1.03848728246
213641,214642,214656,1001,14,1,600,72.5
213642,214647,214662,1005,15,1,600,68.0
213643,214652,214661,1009,9,1,600,101.8
213645,213835,228686,190,14851,2,21600,1.01279375126
213646,214667,214668,1021,1,1,600,102.2
213648,214675,214678,1027,3,1,600,103.0
213649,214680,214693,1031,13,1,600,80.3076923077
213652,214699,214712,1047,13,1,600,81.5384615385
213653,214706,214722,1053,16,1,600,66.8125
213655,214724,214727,1069,3,1,600,107.2
213656,214733,214736,1077,3,1,600,108.0
213658,214740,214741,1082,1,1,600,108.3
213676,213742,215672,66,1930,2,7200,1.03419689119
213719,214748,214751,1029,3,1,600,103.2
213720,214754,214763,1034,9,1,600,104.3
213722,214763,214778,1041,15,1,600,70.4
213723,214774,214780,1051,6,1,600,105.7
213725,214790,214793,1065,3,1,600,106.8
213727,214810,214812,1083,2,1,600,108.5
213730,214823,214824,1093,1,1,600,109.4
213775,213783,216692,8,2909,2,7200,1.00275008594
213791,213798,216807,7,3009,2,7200,1.00232635427
213792,213805,216603,13,2798,2,7200,1.00464617584
213807,213814,216465,7,2651,2,7200,1.00264051301
213828,213848,215843,20,1995,2,7200,1.01002506266
213843,213855,216604,12,2749,2,7200,1.00436522372
213958,273850,422724,59892,148874,18,198000,1.40229993149
213969,213977,216906,8,2929,2,7200,1.00273130761
213971,213982,216876,11,2894,2,7200,1.00380096752
214019,214027,216899,8,2872,2,7200,1.00278551532
214034,214838,214840,804,2,1,600,80.6
214034,214041,217092,7,3051,2,7200,1.00229432973
214095,214845,214857,750,12,1,600,63.5
214097,214851,214854,754,3,1,600,75.7
214098,214865,214884,767,19,1,600,41.3684210526
214099,214872,214873,773,1,1,600,77.4
214101,214884,214897,783,13,1,600,61.2307692308
214102,214895,214908,793,13,1,600,62.0
214103,214909,214913,806,4,1,600,81.0
214105,214920,214923,815,3,1,600,81.8
214169,214941,214944,772,3,1,600,77.5
214171,214948,214956,777,8,1,600,78.5
214172,214957,214960,785,3,1,600,78.8
214173,214968,214971,795,3,1,600,79.8
214235,214974,214987,739,13,1,600,57.8461538462
214236,214984,214986,748,2,1,600,75.0
214237,215171,215177,934,6,1,600,94.0
214239,215176,215190,937,14,1,600,67.9285714286
214240,215188,215194,948,6,1,600,95.4
214241,215203,215205,962,2,1,600,96.4
214244,215216,215229,972,13,1,600,75.7692307692
214266,214276,223206,10,8930,2,21600,1.00111982083
214306,215224,215236,918,12,1,600,77.5
214307,215241,215278,934,37,1,600,26.2432432432
214308,215248,215251,940,3,1,600,94.3
214310,215262,215266,952,4,1,600,95.6
214311,215277,215290,966,13,1,600,75.3076923077
214312,215289,215293,977,4,1,600,98.1
214314,215302,215314,988,12,1,600,83.3333333333
214315,215308,215311,993,3,1,600,99.6
214316,215322,215354,1006,32,1,600,32.4375
214318,215329,215340,1011,11,1,600,92.9090909091
214319,215351,215389,1032,38,1,600,28.1578947368
214382,215378,215417,996,39,1,600,26.5384615385
214383,215396,215397,1013,1,1,600,101.4
214384,215402,215405,1018,3,1,600,102.1
214386,215408,215424,1022,16,1,600,64.875
214387,215413,215420,1026,7,1,600,103.3
214388,215420,215450,1032,30,1,600,35.4
214390,215429,215437,1039,8,1,600,104.7
214451,215437,215449,986,12,1,600,83.1666666667
214454,215442,215445,988,3,1,600,99.1
214457,215456,215460,999,4,1,600,100.3
214458,215464,215476,1006,12,1,600,84.8333333333
214459,215469,215471,1010,2,1,600,101.2
214490,214508,217592,18,3084,2,7200,1.00583657588
214521,215474,215477,953,3,1,600,95.6
214522,215480,215481,958,1,1,600,95.9
214524,215487,215489,963,2,1,600,96.5
214525,215492,215497,967,5,1,600,97.2
214526,215498,215511,972,13,1,600,75.7692307692
214528,215504,215516,976,12,1,600,82.3333333333
214529,215510,215514,981,4,1,600,98.5
214530,215516,215530,986,14,1,600,71.4285714286
214533,215529,215532,996,3,1,600,99.9
214534,215535,215537,1001,2,1,600,100.3
214596,215541,215545,945,4,1,600,94.9
214597,215547,215549,950,2,1,600,95.2
214599,215554,215560,955,6,1,600,96.1
214600,215559,215571,959,12,1,600,80.9166666667
214601,215565,215597,964,32,1,600,31.125
214603,215571,215609,968,38,1,600,26.4736842105
214604,215577,215587,973,10,1,600,98.3
214606,215583,215586,977,3,1,600,98.0
214607,215598,215610,991,12,1,600,83.5833333333
214608,215604,215607,996,3,1,600,99.9
214610,215611,215614,1001,3,1,600,100.4
214611,215619,215631,1008,12,1,600,85.0
214612,215625,215628,1013,3,1,600,101.6
214614,215630,215643,1016,13,1,600,79.1538461538
214675,215635,215638,960,3,1,600,96.3
214677,215642,215645,965,3,1,600,96.8
214678,215648,215660,970,12,1,600,81.8333333333
214679,215654,215666,975,12,1,600,82.25
214681,215659,215660,978,1,1,600,97.9
214682,215666,215669,984,3,1,600,98.7
214684,215674,215682,990,8,1,600,99.8
214685,215679,215688,994,9,1,600,100.3
214686,215693,215706,1007,13,1,600,78.4615384615
214688,215700,215719,1012,19,1,600,54.2631578947
214689,215717,215721,1028,4,1,600,103.2
214751,215723,215727,972,4,1,600,97.6
214752,215729,215741,977,12,1,600,82.4166666667
214753,215735,215748,982,13,1,600,76.5384615385
214755,215741,215753,986,12,1,600,83.1666666667
214756,215747,215751,991,4,1,600,99.5
214758,215755,215758,997,3,1,600,100.0
214759,215761,215765,1002,4,1,600,100.6
214761,215774,215777,1013,3,1,600,101.6
214823,215788,215789,965,1,1,600,96.6
214826,215802,215808,976,6,1,600,98.2
214827,215810,215816,983,6,1,600,98.9
214829,215821,215824,992,3,1,600,99.5
214830,215827,215836,997,9,1,600,100.6
214832,215835,215848,1003,13,1,600,78.1538461538
214874,214998,229975,124,14977,2,21600,1.00827936169
214893,215854,215867,961,13,1,600,74.9230769231
214894,215861,215864,967,3,1,600,97.0
214896,215876,215879,980,3,1,600,98.3
214897,215882,215885,985,3,1,600,98.8
214900,215897,215910,997,13,1,600,77.6923076923
214962,215904,215907,942,3,1,600,94.5
214963,215919,215929,956,10,1,600,96.6
214964,215926,215927,962,1,1,600,96.3
214967,215939,215943,972,4,1,600,97.6
214968,215945,215949,977,4,1,600,98.1
214970,215950,215963,980,13,1,600,76.3846153846
214971,215956,215959,985,3,1,600,98.8
214972,215963,215975,991,12,1,600,83.5833333333
215034,215968,215971,934,3,1,600,93.7
215035,215975,215977,940,2,1,600,94.2
215157,215164,218258,7,3094,2,7200,1.00226244344
215218,215987,215990,769,3,1,600,77.2
215220,215992,215994,772,2,1,600,77.4
215221,215998,216011,777,13,1,600,60.7692307692
215222,216004,216016,782,12,1,600,66.1666666667
215224,216010,216014,786,4,1,600,79.0
215286,216022,216025,736,3,1,600,73.9
215288,216029,216030,741,1,1,600,74.2
215289,216035,216038,746,3,1,600,74.9
215290,216040,216044,750,4,1,600,75.4
215352,216047,216054,695,7,1,600,70.2
215353,216052,216054,699,2,1,600,70.1
215354,216058,216061,704,3,1,600,70.7
215357,216070,216079,713,9,1,600,72.2
215383,215390,215840,7,450,2,7200,1.01555555556
215418,216076,216079,658,3,1,600,66.1
215420,216083,216086,663,3,1,600,66.6
215421,216088,216096,667,8,1,600,67.5
215422,216094,216107,672,13,1,600,52.6923076923
215424,216100,216109,676,9,1,600,68.5
215426,216114,216116,688,2,1,600,69.0
215488,216121,216133,633,12,1,600,53.75
215489,216126,216139,637,13,1,600,50.0
215490,216131,216132,641,1,1,600,64.2
215492,216138,216139,646,1,1,600,64.7
215493,216146,216160,653,14,1,600,47.6428571429
215494,216151,216167,657,16,1,600,42.0625
215498,216169,216173,671,4,1,600,67.5
215499,216176,216216,677,40,1,600,17.925
215501,216182,216184,681,2,1,600,68.3
215502,216188,216191,686,3,1,600,68.9
215503,216194,216197,691,3,1,600,69.4
215564,216200,216213,636,13,1,600,49.9230769231
215566,216207,216220,641,13,1,600,50.3076923077
215568,216224,216237,656,13,1,600,51.4615384615
215570,216231,216234,661,3,1,600,66.4
215571,216237,216239,666,2,1,600,66.8
215572,216242,216244,670,2,1,600,67.2
215574,216249,216251,675,2,1,600,67.7
215575,216254,216266,679,12,1,600,57.5833333333
215576,216260,216296,684,36,1,600,20.0
215578,216266,216268,688,2,1,600,69.0
215640,216272,216273,632,1,1,600,63.3
215641,216279,216283,638,4,1,600,64.2
215644,216292,216295,648,3,1,600,65.1
215646,216299,216311,653,12,1,600,55.4166666667
215647,216304,216319,657,15,1,600,44.8
215648,216309,216349,661,40,1,600,17.525
215650,216315,216330,665,15,1,600,45.3333333333
215651,216322,216327,671,5,1,600,67.6
215652,216327,216339,675,12,1,600,57.25
215654,216334,216347,680,13,1,600,53.3076923077
215655,216339,216340,684,1,1,600,68.5
215672,215685,218591,13,2906,2,7200,1.0044735031
215718,216352,216356,634,4,1,600,63.8
215719,216358,216368,639,10,1,600,64.9
215720,216364,216402,644,38,1,600,17.9473684211
215722,216369,216382,647,13,1,600,50.7692307692
215724,216382,216391,658,9,1,600,66.7
215726,216387,216400,661,13,1,600,51.8461538462
215727,216393,216395,666,2,1,600,66.8
215762,215768,215917,6,149,2,21600,1.04026845638
215788,216400,216412,612,12,1,600,52.0
215790,216405,216409,615,4,1,600,61.9
215791,216412,216424,621,12,1,600,52.75
215794,216422,216426,628,4,1,600,63.2
215795,216429,216436,634,7,1,600,64.1
215796,216434,216445,638,11,1,600,59.0
215798,216440,216453,642,13,1,600,50.3846153846
215799,216445,216484,646,39,1,600,17.5641025641
215800,216451,216466,651,15,1,600,44.4
215801,216456,216472,655,16,1,600,41.9375
215841,215847,218787,6,2940,2,7200,1.00204081633
215856,215867,218527,11,2660,2,7200,1.00413533835
215863,216461,216473,598,12,1,600,50.8333333333
215864,216467,216504,603,37,1,600,17.2972972973
215865,216472,216484,607,12,1,600,51.5833333333
215867,216477,216481,610,4,1,600,61.4
215868,216490,216492,622,2,1,600,62.4
215869,216495,216496,626,1,1,600,62.7
215931,216501,216504,570,3,1,600,57.3
215932,216506,216507,574,1,1,600,57.5
215933,216511,216512,578,1,1,600,57.9
215935,216517,216519,582,2,1,600,58.4
215936,216524,216527,588,3,1,600,59.1
215937,216529,216532,592,3,1,600,59.5
215939,216535,216549,596,14,1,600,43.5714285714
215940,216540,216543,600,3,1,600,60.3
215941,216546,216559,605,13,1,600,47.5384615385
216003,216551,216564,548,13,1,600,43.1538461538
216004,216556,216560,552,4,1,600,55.6
216007,216567,216579,560,12,1,600,47.6666666667
216008,216574,216576,566,2,1,600,56.8
216010,216579,216595,569,16,1,600,36.5625
216011,216585,216594,574,9,1,600,58.3
216012,216590,216591,578,1,1,600,57.9
216014,216595,216600,581,5,1,600,58.6
216015,216601,216605,586,4,1,600,59.0
216016,216606,216623,590,17,1,600,35.7058823529
216078,216612,216615,534,3,1,600,53.7
216079,216643,216655,564,12,1,600,48.0
216080,216648,216650,568,2,1,600,57.0
216082,216663,216671,581,8,1,600,58.9
216083,216669,216682,586,13,1,600,46.0769230769
216084,216683,216686,599,3,1,600,60.2
216086,216693,216697,607,4,1,600,61.1
216087,216708,216748,621,40,1,600,16.525
216089,216750,216756,661,6,1,600,66.7
216090,216755,216758,665,3,1,600,66.8
216091,216760,216770,669,10,1,600,67.9
216092,216766,216802,674,36,1,600,19.7222222222
216095,216771,216786,676,15,1,600,46.0666666667
216096,216777,216787,681,10,1,600,69.1
216158,216789,216802,631,13,1,600,49.5384615385
216159,216795,216798,636,3,1,600,63.9
216163,216873,216886,710,13,1,600,55.6153846154
216164,216897,216910,733,13,1,600,57.3846153846
216166,217101,217115,935,14,1,600,67.7857142857
216167,217106,217110,939,4,1,600,94.3
216169,217122,217134,953,12,1,600,80.4166666667
216170,217129,217141,959,12,1,600,80.9166666667
216173,217153,217162,980,9,1,600,98.9
216174,217159,217162,985,3,1,600,98.8
216235,217173,217181,938,8,1,600,94.6
216237,217179,217191,942,12,1,600,79.5
216240,217202,217203,962,1,1,600,96.3
216241,217210,217213,969,3,1,600,97.2
216242,217216,217229,974,13,1,600,75.9230769231
216244,217224,217237,980,13,1,600,76.3846153846
216245,217241,217253,996,12,1,600,84.0
216248,217264,217267,1016,3,1,600,101.9
216249,217269,217270,1020,1,1,600,102.1
216251,217274,217287,1023,13,1,600,79.6923076923
216312,217281,217284,969,3,1,600,97.2
216314,217286,217299,972,13,1,600,75.7692307692
216315,217292,217304,977,12,1,600,82.4166666667
216316,217299,217306,983,7,1,600,99.0
216318,217304,217312,986,8,1,600,99.4
216319,217311,217314,992,3,1,600,99.5
216320,217318,217320,998,2,1,600,100.0
216322,217323,217332,1001,9,1,600,101.0
216322,242268,271933,25946,29665,1,604800,1.87463340637
216324,217335,217347,1011,12,1,600,85.25
216386,217342,217345,956,3,1,600,95.9
216387,217347,217349,960,2,1,600,96.2
216389,217354,217389,965,35,1,600,28.5714285714
216390,217360,217361,970,1,1,600,97.1
216391,217366,217369,975,3,1,600,97.8
216393,217371,217374,978,3,1,600,98.1
216394,217378,217390,984,12,1,600,83.0
216395,217385,217418,990,33,1,600,31.0
216397,217391,217395,994,4,1,600,99.8
216398,217401,217413,1003,12,1,600,84.5833333333
216401,217413,217416,1012,3,1,600,101.5
216464,217427,217439,963,12,1,600,81.25
216465,217434,217446,969,12,1,600,81.75
216465,216485,219365,20,2880,2,7200,1.00694444444
216466,217439,217442,973,3,1,600,97.6
216468,217445,217449,977,4,1,600,98.1
216469,217451,217456,982,5,1,600,98.7
216470,217458,217461,988,3,1,600,99.1
216472,217464,217466,992,2,1,600,99.4
216473,217471,217478,998,7,1,600,100.5
216475,217476,217516,1001,40,1,600,26.025
216476,217483,217495,1007,12,1,600,84.9166666667
216477,217488,217492,1011,4,1,600,101.5
216480,217504,217516,1024,12,1,600,86.3333333333
216542,217511,217523,969,12,1,600,81.75
216543,217516,217517,973,1,1,600,97.4
216544,217527,217531,983,4,1,600,98.7
216546,217533,217535,987,2,1,600,98.9
216547,217540,217552,993,12,1,600,83.75
216548,217545,217557,997,12,1,600,84.0833333333
216550,217552,217566,1002,14,1,600,72.5714285714
216551,217557,217569,1006,12,1,600,84.8333333333
216552,217564,217576,1012,12,1,600,85.3333333333
216554,217571,217610,1017,39,1,600,27.0769230769
216555,217577,217580,1022,3,1,600,102.5
216556,217585,217597,1029,12,1,600,86.75
216559,217597,217598,1038,1,1,600,103.9
216574,216619,219874,45,3255,2,7200,1.01382488479
216589,216625,219360,36,2735,2,7200,1.01316270567
216604,216630,217089,26,459,2,7200,1.05664488017
216606,216636,219407,30,2771,2,7200,1.01082641646
216621,217611,217619,990,8,1,600,99.8
216622,217616,217632,994,16,1,600,63.125
216624,217622,217631,998,9,1,600,100.7
216625,217630,217661,1005,31,1,600,33.4193548387
216627,217642,217658,1015,16,1,600,64.4375
216628,217650,217662,1022,12,1,600,86.1666666667
216630,217670,217682,1040,12,1,600,87.6666666667
216631,217677,217684,1046,7,1,600,105.3
216632,217682,217685,1050,3,1,600,105.3
216634,217694,217708,1060,14,1,600,76.7142857143
216635,217701,217710,1066,9,1,600,107.5
216636,217706,217718,1070,12,1,600,90.1666666667
216638,218002,218014,1364,12,1,600,114.666666667
216693,216700,219830,7,3130,2,7200,1.00223642173
216699,218007,218045,1308,38,1,600,35.4210526316
216701,218012,218025,1311,13,1,600,101.846153846
216702,218018,218019,1316,1,1,600,131.7
216704,218023,218024,1319,1,1,600,132.0
216705,218029,218042,1324,13,1,600,102.846153846
216706,218034,218047,1328,13,1,600,103.153846154
216726,216733,219952,7,3219,2,7200,1.00217458838
216765,216784,219827,19,3043,2,7200,1.00624383832
216769,218045,218046,1276,1,1,600,127.7
216771,218050,218051,1279,1,1,600,128.0
216786,216802,217247,16,445,2,7200,1.03595505618
216807,216816,217720,9,904,8,6000,1.00995575221
216807,216822,217707,15,885,8,6000,1.01694915254
216808,216833,217708,25,875,8,6000,1.02857142857
216808,216827,217710,19,883,8,6000,1.02151755379
216808,216838,217713,30,875,8,6000,1.03428571429
216808,216854,219553,46,2699,2,7200,1.01704334939
216809,216843,217719,34,876,8,6000,1.03881278539
216809,216849,217727,40,878,8,6000,1.04555808656
216809,217719,218614,910,895,8,6000,2.01675977654
216810,217726,218615,916,889,8,6000,2.0303712036
216810,217736,218614,926,878,8,6000,2.05466970387
216810,217731,218595,921,864,8,6000,2.06597222222
216811,217754,218629,943,875,8,6000,2.07771428571
216811,217744,218640,933,896,8,6000,2.04129464286
216811,217749,218695,938,946,8,6000,1.99154334038
216812,218783,219678,1971,895,8,6000,3.20223463687
216812,218773,219653,1961,880,8,6000,3.22840909091
216812,218778,219670,1966,892,8,6000,3.20403587444
216813,218982,219861,2169,879,8,6000,3.46757679181
216813,218788,219657,1975,869,8,6000,3.27272727273
216813,218988,219868,2175,880,8,6000,3.47159090909
216813,219665,220546,2852,881,8,6000,4.23723041998
216814,219689,220572,2875,883,8,6000,4.25594563986
216814,219681,220561,2867,880,8,6000,4.25795454545
216814,219672,220555,2858,883,8,6000,4.23669309173
216815,220558,221460,3743,902,8,6000,5.14966740576
216815,219877,220842,3062,965,8,6000,4.17305699482
216815,219885,220786,3070,901,8,6000,4.40732519423
216816,220574,221458,3758,884,8,6000,5.25113122172
216816,220566,221447,3750,881,8,6000,5.25652667423
216816,220583,221487,3767,904,8,6000,5.16703539823
216817,221459,222336,4642,877,8,6000,6.29304446978
216817,220798,221705,3981,907,8,6000,5.38919514884
216817,220855,221754,4038,899,8,6000,5.49165739711
216818,221475,222428,4657,953,8,6000,5.88667366212
216818,221499,222457,4681,958,8,6000,5.88622129436
216818,221469,222343,4651,874,8,6000,6.32151029748
216819,222347,223256,5528,909,8,6000,7.08140814081
216819,221717,222601,4898,884,8,6000,6.5407239819
216819,221767,222671,4948,904,8,6000,6.47345132743
216819,222356,223234,5537,878,8,6000,7.30637813212
216820,222440,223349,5620,909,8,6000,7.18261826183
216820,222468,223375,5648,907,8,6000,7.22712238148
216820,222618,223501,5798,883,8,6000,7.56625141563
216821,222684,223587,5863,903,8,6000,7.49280177187
216821,223247,224157,6426,910,8,6000,8.06153846154
216821,223269,224159,6448,890,8,6000,8.24494382022
216821,223361,224258,6540,897,8,6000,8.29096989967
216822,223387,224274,6565,887,8,6000,8.40135287486
216822,223514,224430,6692,916,8,6000,8.3056768559
216822,223598,224496,6776,898,8,6000,8.54565701559
216823,224176,225061,7353,885,8,6000,9.30847457627
216823,224171,225132,7348,961,8,6000,8.64620187305
216823,224271,225259,7448,988,8,6000,8.53846153846
216824,225073,225959,8249,886,8,6000,10.3103837472
216824,224285,225170,7461,885,8,6000,9.43050847458
216824,224508,225400,7684,892,8,6000,9.61434977578
216824,224441,225335,7617,894,8,6000,9.52013422819
216825,225146,226052,8321,906,8,6000,10.1843267108
216825,225274,226202,8449,928,8,6000,10.1045258621
216825,225182,226079,8357,897,8,6000,10.3166109253
216826,225412,226308,8586,896,8,6000,10.5825892857
216826,225347,226261,8521,914,8,6000,10.3227571116
216826,225974,226871,9148,897,8,6000,11.1984392419
216827,226064,226954,9237,890,8,6000,11.3786516854
216827,226091,227025,9264,934,8,6000,10.9186295503
216827,226214,227112,9387,898,8,6000,11.4532293987
216828,226319,227230,9491,911,8,6000,11.4182217344
216828,226273,227193,9445,920,8,6000,11.2663043478
216828,226886,227796,10058,910,8,6000,12.0527472527
216829,227131,228068,10302,937,8,6000,11.9946638207
216829,227042,227935,10213,893,8,6000,12.4367301232
216829,226970,227869,10141,899,8,6000,12.2803114572
216830,227299,228225,10469,926,8,6000,12.3056155508
216830,227246,228156,10416,910,8,6000,12.4461538462
216830,227807,228705,10977,898,8,6000,13.223830735
216830,227204,228105,10374,901,8,6000,12.5138734739
216831,227880,228797,11049,917,8,6000,13.0490730643
216831,227947,228847,11116,900,8,6000,13.3511111111
216831,228080,228984,11249,904,8,6000,13.4435840708
216831,228117,229049,11286,932,8,6000,13.1094420601
216832,228167,229068,11335,901,8,6000,13.5804661487
216832,228236,229131,11404,895,8,6000,13.7418994413
216832,218056,218074,1224,18,1,600,69.0
216832,228723,229632,11891,909,8,6000,14.0814081408
216833,229001,229900,12168,899,8,6000,14.5350389321
216833,228858,229771,12025,913,8,6000,14.1708652793
216833,228809,229834,11976,1025,8,6000,12.683902439
216834,218061,218070,1227,9,1,600,123.6
216834,229061,229963,12227,902,8,6000,14.5554323725
216834,229079,230012,12245,933,8,6000,14.1243301179
216834,229143,230079,12309,936,8,6000,14.1506410256
216835,218066,218071,1231,5,1,600,123.6
216835,229792,230710,12957,918,8,6000,15.114379085
216835,229854,230759,13019,905,8,6000,15.3856353591
216835,229643,230535,12808,892,8,6000,15.3587443946
216836,229911,230824,13075,913,8,6000,15.3209200438
216836,229979,230903,13143,924,8,6000,15.224025974
216836,230025,230963,13189,938,8,6000,15.0607675906
216836,230092,231019,13256,927,8,6000,15.2998921251
216836,218072,218079,1236,7,1,600,124.3
216837,230770,231678,13933,908,8,6000,16.3447136564
216837,230723,231624,13886,901,8,6000,16.4117647059
216837,230547,231476,13710,929,8,6000,15.7578040904
216838,230836,231739,13998,903,8,6000,16.5016611296
216838,218077,218083,1239,6,1,600,124.5
216839,218083,218085,1244,2,1,600,124.6
216841,218088,218093,1247,5,1,600,125.2
216877,216884,219817,7,2933,2,7200,1.00238663484
216895,216904,219785,9,2881,2,7200,1.00312391531
216902,218093,218102,1191,9,1,600,120.0
216904,218099,218104,1195,5,1,600,120.0
216910,216917,219721,7,2804,2,7200,1.00249643367
216912,216924,219743,12,2819,2,7200,1.00425682866
216965,218104,218109,1139,5,1,600,114.4
217087,217093,219696,6,2603,2,7200,1.00230503265
217102,217113,219997,11,2884,2,7200,1.00381414702
217147,218110,218112,963,2,1,600,96.5
217149,218115,218118,966,3,1,600,96.9
217150,218120,218134,970,14,1,600,70.2857142857
217152,218126,218129,974,3,1,600,97.7
217153,218131,218134,978,3,1,600,98.1
217214,218140,218144,926,4,1,600,93.0
217216,218145,218148,929,3,1,600,93.2
217217,218151,218163,934,12,1,600,78.8333333333
217218,218156,218164,938,8,1,600,94.6
217220,218161,218165,941,4,1,600,94.5
217222,218172,218185,950,13,1,600,74.0769230769
217247,217257,220001,10,2744,2,7200,1.00364431487
217284,218178,218217,894,39,1,600,23.9230769231
217285,218183,218186,898,3,1,600,90.1
217287,218188,218192,901,4,1,600,90.5
217288,218194,218234,906,40,1,600,23.65
217289,218199,218212,910,13,1,600,71.0
217292,218210,218215,918,5,1,600,92.3
217293,218215,218229,922,14,1,600,66.8571428571
217355,218221,218233,866,12,1,600,73.1666666667
217356,218226,218241,870,15,1,600,59.0
217357,218231,218244,874,13,1,600,68.2307692308
217359,218236,218237,877,1,1,600,87.8
217361,218247,218262,886,15,1,600,60.0666666667
217364,218252,218253,888,1,1,600,88.9
217365,218261,218274,896,13,1,600,69.9230769231
217366,218266,218267,900,1,1,600,90.1
217368,218272,218284,904,12,1,600,76.3333333333
217369,218277,218286,908,9,1,600,91.7
217370,218282,218285,912,3,1,600,91.5
217406,219607,266405,2201,46798,40,129600,1.04703192444
217432,218287,218290,855,3,1,600,85.8
217433,218293,218294,860,1,1,600,86.1
217435,218299,218311,864,12,1,600,73.0
217436,218304,218321,868,17,1,600,52.0588235294
217438,218309,218319,871,10,1,600,88.1
217439,218314,218327,875,13,1,600,68.3076923077
217440,218320,218323,880,3,1,600,88.3
217442,218325,218330,883,5,1,600,88.8
217443,218330,218365,887,35,1,600,26.3428571429
217445,218336,218353,891,17,1,600,53.4117647059
217446,218341,218345,895,4,1,600,89.9
217507,218346,218349,839,3,1,600,84.2
217509,218351,218354,842,3,1,600,84.5
217510,218357,218359,847,2,1,600,84.9
217511,218362,218366,851,4,1,600,85.5
217513,218367,218370,854,3,1,600,85.7
217514,218373,218376,859,3,1,600,86.2
217515,218378,218386,863,8,1,600,87.1
217517,218386,218391,869,5,1,600,87.4
217518,218391,218423,873,32,1,600,28.28125
217519,218397,218409,878,12,1,600,74.1666666667
217581,218402,218405,821,3,1,600,82.4
217582,218407,218445,825,38,1,600,22.7105263158
217583,218412,218416,829,4,1,600,83.3
217585,218418,218421,833,3,1,600,83.6
217586,218423,218435,837,12,1,600,70.75
217587,218428,218441,841,13,1,600,65.6923076923
217589,218434,218436,845,2,1,600,84.7
217590,218439,218476,849,37,1,600,23.9459459459
217591,218444,218453,853,9,1,600,86.2
217593,218449,218452,856,3,1,600,85.9
217593,217604,220450,11,2846,2,7200,1.00386507379
217594,218455,218458,861,3,1,600,86.4
217595,218460,218462,865,2,1,600,86.7
217657,218465,218468,808,3,1,600,81.1
217658,218470,218475,812,5,1,600,81.7
217659,218476,218488,817,12,1,600,69.0833333333
217660,218481,218484,821,3,1,600,82.4
217662,218486,218491,824,5,1,600,82.9
217663,218492,218495,829,3,1,600,83.2
217664,218497,218536,833,39,1,600,22.358974359
217666,218502,218507,836,5,1,600,84.1
217667,218516,218520,849,4,1,600,85.3
217668,218521,218529,853,8,1,600,86.1
217729,218526,218527,797,1,1,600,79.8
217731,218532,218534,801,2,1,600,80.3
217732,218537,218550,805,13,1,600,62.9230769231
217733,218542,218545,809,3,1,600,81.2
217735,218548,218563,813,15,1,600,55.2
217736,218553,218566,817,13,1,600,63.8461538462
217886,219839,593268,1953,373429,1,576000,1.00522990984
218038,218558,218594,520,36,1,600,15.4444444444
218039,218563,218567,524,4,1,600,52.8
218042,218574,218582,532,8,1,600,54.0
218103,218579,218582,476,3,1,600,47.9
218105,218584,218597,479,13,1,600,37.8461538462
218106,218590,218603,484,13,1,600,38.2307692308
218108,218595,218604,487,9,1,600,49.6
218109,218600,218601,491,1,1,600,49.2
218111,218606,218611,495,5,1,600,50.0
218112,218611,218623,499,12,1,600,42.5833333333
218114,218616,218628,502,12,1,600,42.8333333333
218115,218621,218652,506,31,1,600,17.3225806452
218116,218627,218644,511,17,1,600,31.0588235294
218118,218632,218636,514,4,1,600,51.8
218119,218640,218643,521,3,1,600,52.4
218120,218646,218655,526,9,1,600,53.5
218122,218651,218663,529,12,1,600,45.0833333333
218123,218656,218657,533,1,1,600,53.4
218125,218661,218664,536,3,1,600,53.9
218126,218667,218670,541,3,1,600,54.4
218128,218672,218675,544,3,1,600,54.7
218190,218677,218693,487,16,1,600,31.4375
218191,218682,218683,491,1,1,600,49.2
218192,218688,218690,496,2,1,600,49.8
218194,218693,218696,499,3,1,600,50.2
218195,218698,218711,503,13,1,600,39.6923076923
218197,218704,218708,507,4,1,600,51.1
218198,218709,218712,511,3,1,600,51.4
218199,218714,218724,515,10,1,600,52.5
218201,218719,218726,518,7,1,600,52.5
218202,218725,218728,523,3,1,600,52.6
218203,218730,218735,527,5,1,600,53.2
218205,218735,218748,530,13,1,600,41.7692307692
218259,218508,221299,249,2791,2,7200,1.08921533501
218266,218741,218753,475,12,1,600,40.5833333333
218268,218746,218759,478,13,1,600,37.7692307692
218269,218751,218756,482,5,1,600,48.7
218270,218757,218769,487,12,1,600,41.5833333333
218272,218762,218765,490,3,1,600,49.3
218273,218767,218776,494,9,1,600,50.3
218274,218808,218811,534,3,1,600,53.7
218276,218813,218828,537,15,1,600,36.8
218277,218818,218857,541,39,1,600,14.8717948718
218278,218823,218836,545,13,1,600,42.9230769231
218279,218829,218841,550,12,1,600,46.8333333333
218281,218834,218837,553,3,1,600,55.6
218282,218839,218876,557,37,1,600,16.0540540541
218283,218845,218857,562,12,1,600,47.8333333333
218285,218850,218853,565,3,1,600,56.8
218346,218855,218870,509,15,1,600,34.9333333333
218347,218860,218862,513,2,1,600,51.5
218349,218866,218875,517,9,1,600,52.6
218350,218871,218874,521,3,1,600,52.4
218351,218876,218893,525,17,1,600,31.8823529412
218353,218882,218915,529,33,1,600,17.0303030303
218354,218887,218890,533,3,1,600,53.6
218356,218892,218895,536,3,1,600,53.9
218357,218897,218910,540,13,1,600,42.5384615385
218358,218903,218915,545,12,1,600,46.4166666667
218360,218908,218909,548,1,1,600,54.9
218361,218913,218914,552,1,1,600,55.3
218362,218919,218922,557,3,1,600,56.0
218364,218924,218937,560,13,1,600,44.0769230769
218365,218929,218930,564,1,1,600,56.5
218366,218935,218939,569,4,1,600,57.3
218428,218940,218944,512,4,1,600,51.6
218429,218945,218953,516,8,1,600,52.4
218431,218951,218963,520,12,1,600,44.3333333333
218432,218956,218959,524,3,1,600,52.7
218433,218961,218974,528,13,1,600,41.6153846154
218435,218966,218979,531,13,1,600,41.8461538462
218436,218972,218977,536,5,1,600,54.1
218438,218977,218985,539,8,1,600,54.7
218439,219001,219014,562,13,1,600,44.2307692308
218441,219006,219007,565,1,1,600,56.6
218442,219012,219024,570,12,1,600,48.5
218443,219017,219018,574,1,1,600,57.5
218445,219022,219025,577,3,1,600,58.0
218446,219028,219038,582,10,1,600,59.2
218507,219033,219036,526,3,1,600,52.9
218509,219038,219042,529,4,1,600,53.3
218510,219044,219057,534,13,1,600,42.0769230769
218513,219054,219092,541,38,1,600,15.2368421053
218514,219059,219060,545,1,1,600,54.6
218515,219065,219077,550,12,1,600,46.8333333333
218517,219070,219082,553,12,1,600,47.0833333333
218518,219075,219078,557,3,1,600,56.0
218519,219081,219095,562,14,1,600,41.1428571429
218521,219086,219089,565,3,1,600,56.8
218522,219091,219092,569,1,1,600,57.0
218523,219096,219107,573,11,1,600,53.0909090909
218528,218794,221905,266,3111,2,7200,1.08550305368
218585,219102,219105,517,3,1,600,52.0
218586,219107,219116,521,9,1,600,53.0
218587,219112,219125,525,13,1,600,41.3846153846
218589,219118,219133,529,15,1,600,36.2666666667
218590,219123,219135,533,12,1,600,45.4166666667
218592,219128,219141,536,13,1,600,42.2307692308
218593,219134,219146,541,12,1,600,46.0833333333
218594,218799,222037,205,3238,2,7200,1.06331068561
218594,219139,219152,545,13,1,600,42.9230769231
218596,219144,219145,548,1,1,600,54.9
218597,219149,219157,552,8,1,600,56.0
218599,219155,219157,556,2,1,600,55.8
218600,219160,219163,560,3,1,600,56.3
218601,219165,219173,564,8,1,600,57.2
218603,219170,219171,567,1,1,600,56.8
218604,219179,219180,575,1,1,600,57.6
218665,219184,219201,519,17,1,600,31.5294117647
218667,219190,219202,523,12,1,600,44.5833333333
218668,219195,219354,527,159,1,600,4.31446540881
218669,219200,219355,531,155,1,600,4.42580645161
218671,219206,219355,535,149,1,600,4.59060402685
218672,219216,219369,544,153,1,600,4.55555555556
218674,219226,219357,552,131,1,600,5.21374045802
218675,219236,219369,561,133,1,600,5.21804511278
218676,219247,219360,571,113,1,600,6.05309734513
218678,219257,219365,579,108,1,600,6.36111111111
218679,219267,219356,588,89,1,600,7.60674157303
218680,219277,219365,597,88,1,600,7.78409090909
218682,219288,219369,606,81,1,600,8.48148148148
218683,219298,219362,615,64,1,600,10.609375
218684,219308,219373,624,65,1,600,10.6
218686,219319,219368,633,49,1,600,13.9183673469
218747,219329,219367,582,38,1,600,16.3157894737
218749,219339,219357,590,18,1,600,33.7777777778
218750,219349,219360,599,11,1,600,55.4545454545
218751,219355,219359,604,4,1,600,60.8
218752,219360,219378,608,18,1,600,34.7777777778
218754,219366,219370,612,4,1,600,61.6
218755,219371,219375,616,4,1,600,62.0
218756,219376,219381,620,5,1,600,62.5
218758,219382,219397,624,15,1,600,42.6
218759,219387,219392,628,5,1,600,63.3
218760,219392,219409,632,17,1,600,38.1764705882
218762,219398,219411,636,13,1,600,49.9230769231
218763,219403,219417,640,14,1,600,46.7142857143
218764,219408,219413,644,5,1,600,64.9
218766,219417,219439,651,22,1,600,30.5909090909
218787,218993,221883,206,2890,2,7200,1.07128027682
218827,219423,219438,596,15,1,600,40.7333333333
218828,219428,219441,600,13,1,600,47.1538461538
218830,219433,219439,603,6,1,600,60.9
218831,219439,219441,608,2,1,600,61.0
218893,219444,219460,551,16,1,600,35.4375
218894,219449,219458,555,9,1,600,56.4
218895,219454,219467,559,13,1,600,44.0
218897,219460,219463,563,3,1,600,56.6
218898,219465,219478,567,13,1,600,44.6153846154
218899,219470,219473,571,3,1,600,57.4
218901,219476,219480,575,4,1,600,57.9
218904,219486,219498,582,12,1,600,49.5
218905,219491,219505,586,14,1,600,42.8571428571
218906,219497,219506,591,9,1,600,60.0
218908,219502,219512,594,10,1,600,60.4
218909,219507,219511,598,4,1,600,60.2
218910,219513,219521,603,8,1,600,61.1
218912,219518,219522,606,4,1,600,61.0
218973,219523,219538,550,15,1,600,37.6666666667
218974,219529,219541,555,12,1,600,47.25
218976,219534,219537,558,3,1,600,56.1
218977,219539,219540,562,1,1,600,56.3
218978,219545,219547,567,2,1,600,56.9
218980,219550,219563,570,13,1,600,44.8461538462
218981,219555,219568,574,13,1,600,45.1538461538
218982,219560,219561,578,1,1,600,57.9
218983,219566,219579,583,13,1,600,45.8461538462
218985,219571,219575,586,4,1,600,59.0
218986,219576,219577,590,1,1,600,59.1
218987,219582,219587,595,5,1,600,60.0
218989,219587,219589,598,2,1,600,60.0
218990,219844,219859,854,15,1,600,57.9333333333
218991,219870,219883,879,13,1,600,68.6153846154
218993,219898,219902,905,4,1,600,90.9
218994,219914,219916,920,2,1,600,92.2
219056,219927,219938,871,11,1,600,80.1818181818
219058,219961,219962,903,1,1,600,90.4
219060,219976,219998,916,22,1,600,42.6363636364
219061,222538,222539,3477,1,1,600,347.8
219062,222550,222553,3488,3,1,600,349.1
219064,222565,222567,3501,2,1,600,350.3
219065,222579,222580,3514,1,1,600,351.5
219066,222592,222596,3526,4,1,600,353.0
219068,222611,222613,3543,2,1,600,354.5
219069,222630,222633,3561,3,1,600,356.4
219131,222647,222648,3516,1,1,600,351.7
219132,222659,222663,3527,4,1,600,353.1
219135,222691,222703,3556,12,1,600,297.333333333
219136,222714,222718,3578,4,1,600,358.2
219137,222729,222730,3592,1,1,600,359.3
219140,222756,222758,3616,2,1,600,361.8
219141,222769,222774,3628,5,1,600,363.3
219143,223236,223237,4093,1,1,600,409.4
219144,223241,223246,4097,5,1,600,410.2
219146,223262,223302,4116,40,1,600,103.9
219148,223314,223326,4166,12,1,600,348.166666667
219354,223338,223350,3984,12,1,600,333.0
219355,223368,223406,4013,38,1,600,106.605263158
219356,223423,223435,4067,12,1,600,339.916666667
219358,223428,223430,4070,2,1,600,407.2
219359,223443,223453,4084,10,1,600,409.4
219360,219592,222484,232,2892,2,7200,1.08022130014
219361,223450,223452,4089,2,1,600,409.1
219362,223464,223476,4102,12,1,600,342.833333333
219364,223471,223486,4107,15,1,600,274.8
219365,223488,223490,4123,2,1,600,412.5
219366,223499,223511,4133,12,1,600,345.416666667
219368,223505,223518,4137,13,1,600,319.230769231
219369,223534,223536,4165,2,1,600,416.7
219372,223560,223591,4188,31,1,600,136.096774194
219373,223605,223618,4232,13,1,600,326.538461538
219374,219598,222355,224,2757,2,7200,1.08124773304
219376,223637,223652,4261,15,1,600,285.066666667
219378,223648,223651,4270,3,1,600,427.3
219380,223655,223674,4275,19,1,600,226.0
219381,223660,223664,4279,4,1,600,428.3
219382,223665,223678,4283,13,1,600,330.461538462
219384,223672,223710,4288,38,1,600,113.842105263
219386,223683,223686,4297,3,1,600,430.0
219387,223691,223703,4304,12,1,600,359.666666667
219390,223701,223704,4311,3,1,600,431.4
219393,223713,223715,4320,2,1,600,432.2
219394,223719,223724,4325,5,1,600,433.0
219395,223724,223732,4329,8,1,600,433.7
219397,223730,223732,4333,2,1,600,433.5
219398,223737,223743,4339,6,1,600,434.5
219407,219618,222521,211,2903,2,7200,1.07268343093
219459,223742,223754,4283,12,1,600,357.916666667
219461,223747,223781,4286,34,1,600,127.058823529
219462,223753,223757,4291,4,1,600,429.5
219465,223766,223769,4301,3,1,600,430.4
219466,223771,223784,4305,13,1,600,332.153846154
219467,223777,223816,4310,39,1,600,111.512820513
219469,223783,223786,4314,3,1,600,431.7
219470,223789,223790,4319,1,1,600,432.0
219471,223796,223812,4325,16,1,600,271.3125
219473,223802,223814,4329,12,1,600,361.75
219474,223808,223821,4334,13,1,600,334.384615385
219475,223814,223816,4339,2,1,600,434.1
219477,223823,223824,4346,1,1,600,434.7
219538,223830,223843,4292,13,1,600,331.153846154
219540,223836,223838,4296,2,1,600,429.8
219541,223841,223844,4300,3,1,600,430.3
219542,223848,223851,4306,3,1,600,430.9
219544,223853,223854,4309,1,1,600,431.0
219545,223860,223861,4315,1,1,600,431.6
219546,223865,223867,4319,2,1,600,432.1
219548,223870,223873,4322,3,1,600,432.5
219549,223877,223886,4328,9,1,600,433.7
219550,223882,223891,4332,9,1,600,434.1
219552,223887,223900,4335,13,1,600,334.461538462
219552,219612,222603,60,2991,2,7200,1.02006018054
219553,223894,223896,4341,2,1,600,434.3
219555,223899,223908,4344,9,1,600,435.3
219556,223906,223918,4350,12,1,600,363.5
219559,223918,223930,4359,12,1,600,364.25
219620,223923,223931,4303,8,1,600,431.1
219621,223929,223942,4308,13,1,600,332.384615385
219623,223934,223937,4311,3,1,600,431.4
219624,223939,223952,4315,13,1,600,332.923076923
219625,223947,223961,4322,14,1,600,309.714285714
219627,223952,223964,4325,12,1,600,361.416666667
219628,223958,223966,4330,8,1,600,433.8
219629,223964,223976,4335,12,1,600,362.25
219697,219707,222738,10,3031,2,7200,1.00329924117
219722,219732,222629,10,2897,2,7200,1.00345184674
219743,219755,222869,12,3114,2,7200,1.00385356455
219782,219797,222481,15,2684,2,7200,1.00558867362
219818,219829,222795,11,2966,2,7200,1.00370869858
219833,219851,222775,18,2924,2,7200,1.00615595075
219835,219892,222797,57,2905,2,7200,1.01962134251
219871,223970,223983,4099,13,1,600,316.307692308
219874,219969,222860,95,2891,2,7200,1.03286060187
219934,223982,223984,4048,2,1,600,405.0
219935,223988,223992,4053,4,1,600,405.7
219952,220009,222996,57,2987,2,7200,1.01908269166
219997,223993,224000,3996,7,1,600,400.3
219998,220015,223255,17,3240,2,7200,1.00524691358
219998,223999,224033,4001,34,1,600,118.676470588
219999,220462,223411,463,2949,2,7200,1.15700237369
220000,224006,224038,4006,32,1,600,126.1875
220061,224011,224024,3950,13,1,600,304.846153846
220449,221310,224352,861,3042,2,7200,1.28303747535
220625,233172,233173,12547,1,8,18000,1254.8
220903,222452,222592,1549,140,2,21600,12.0642857143
221299,221895,225132,596,3237,2,7200,1.18412109978
221570,222790,223203,1220,413,2,900,3.95399515738
221591,222814,223224,1223,410,2,900,3.98292682927
221624,223214,223625,1590,411,2,900,4.86861313869
221651,223221,223638,1570,417,2,900,4.76498800959
221885,221916,224903,31,2987,2,7200,1.01037830599
221906,222048,225154,142,3106,2,7200,1.04571796523
222036,222160,225135,124,2975,2,7200,1.04168067227
222118,222604,222736,486,132,2,21600,4.68181818182
222355,222367,225563,12,3196,2,7200,1.00375469337
222482,222494,225395,12,2901,2,7200,1.00413650465
222497,222504,225374,7,2870,2,7200,1.00243902439
222524,222533,225552,9,3019,2,7200,1.00298111958
222586,224016,224031,1430,15,1,600,96.3333333333
222588,224023,224027,1435,4,1,600,143.9
222589,224036,224039,1447,3,1,600,145.0
222591,224042,224055,1451,13,1,600,112.615384615
222602,222623,225407,21,2784,2,7200,1.00754310345
222629,222640,225554,11,2914,2,7200,1.00377487989
222652,224048,224049,1396,1,1,600,139.7
222654,224053,224056,1399,3,1,600,140.2
222655,224060,224072,1405,12,1,600,118.083333333
222656,224065,224068,1409,3,1,600,141.2
222718,224070,224074,1352,4,1,600,135.6
222719,224078,224080,1359,2,1,600,136.1
222721,224083,224085,1362,2,1,600,136.4
222737,222748,223514,11,766,2,7200,1.01436031332
222776,222783,225837,7,3054,2,7200,1.00229207597
222782,224090,224102,1308,12,1,600,110.0
222783,224095,224107,1312,12,1,600,110.333333333
222785,224100,224103,1315,3,1,600,131.8
222786,224107,224119,1321,12,1,600,111.083333333
222787,224112,224124,1325,12,1,600,111.416666667
222794,222806,225796,12,2990,2,7200,1.00401337793
222809,222830,225734,21,2904,2,7200,1.00723140496
222861,222871,225922,10,3051,2,7200,1.0032776139
222875,222882,225746,7,2864,2,7200,1.00244413408
222996,223007,225927,11,2920,2,7200,1.00376712329
223256,223274,226478,18,3204,2,7200,1.00561797753
223269,224118,224133,849,15,1,600,57.6
223271,224123,224137,852,14,1,600,61.8571428571
223272,224135,224138,863,3,1,600,86.6
223333,224141,224146,808,5,1,600,81.3
223335,224147,224161,812,14,1,600,59.0
223396,224154,224156,758,2,1,600,76.0
223410,223416,226414,6,2998,2,7200,1.00200133422
223431,223529,231789,98,8260,2,21600,1.01186440678
223458,224159,224172,701,13,1,600,54.9230769231
223459,224164,224177,705,13,1,600,55.2307692308
223462,224188,224201,726,13,1,600,56.8461538462
223463,224195,224203,732,8,1,600,74.0
223512,223522,226225,10,2703,2,7200,1.00369959304
223524,224213,224225,689,12,1,600,58.4166666667
223526,224220,224258,694,38,1,600,19.2631578947
223527,224225,224227,698,2,1,600,70.0
223528,224236,224237,708,1,1,600,70.9
223530,224243,224255,713,12,1,600,60.4166666667
223591,224249,224253,658,4,1,600,66.2
223592,224265,224301,673,36,1,600,19.6944444444
223654,224314,224326,660,12,1,600,56.0
223655,224337,224341,682,4,1,600,68.6
223657,224352,224365,695,13,1,600,54.4615384615
223659,224388,224406,729,18,1,600,41.5
223661,224417,224432,756,15,1,600,51.4
223722,224448,224462,726,14,1,600,52.8571428571
223723,224473,224486,750,13,1,600,58.6923076923
223725,224497,224498,772,1,1,600,77.3
223726,224516,224554,790,38,1,600,21.7894736842
223727,224566,224578,839,12,1,600,70.9166666667
223729,224589,224592,860,3,1,600,86.3
223730,224603,224604,873,1,1,600,87.4
223732,224615,224617,883,2,1,600,88.5
223733,224629,224642,896,13,1,600,69.9230769231
223735,224653,224656,918,3,1,600,92.1
223736,224667,224670,931,3,1,600,93.4
223737,224681,224685,944,4,1,600,94.8
223739,224697,224729,958,32,1,600,30.9375
223740,224740,224753,1000,13,1,600,77.9230769231
223802,224765,224777,963,12,1,600,81.25
223803,224788,224789,985,1,1,600,98.6
223804,224800,224804,996,4,1,600,100.0
223806,224816,224817,1010,1,1,600,101.1
223807,224828,224829,1021,1,1,600,102.2
223808,224841,224844,1033,3,1,600,103.6
223809,224856,224859,1047,3,1,600,105.0
223811,224870,224873,1059,3,1,600,106.2
223812,224885,224887,1073,2,1,600,107.5
223873,224900,224912,1027,12,1,600,86.5833333333
223875,224924,224926,1049,2,1,600,105.1
223876,224937,224941,1061,4,1,600,106.5
223877,224952,224965,1075,13,1,600,83.6923076923
223879,224976,224986,1097,10,1,600,110.7
223880,224998,225010,1118,12,1,600,94.1666666667
223882,225021,225022,1139,1,1,600,114.0
223883,225033,225036,1150,3,1,600,115.3
223884,225047,225048,1163,1,1,600,116.4
223886,225060,225073,1174,13,1,600,91.3076923077
223887,225085,225097,1198,12,1,600,100.833333333
223888,225108,225109,1220,1,1,600,122.1
223890,225120,225133,1230,13,1,600,95.6153846154
223891,225157,225159,1266,2,1,600,126.8
223892,225170,225174,1278,4,1,600,128.2
223954,225189,225191,1235,2,1,600,123.7
223955,225202,225205,1247,3,1,600,125.0
223956,225220,225226,1264,6,1,600,127.0
223958,225225,225229,1267,4,1,600,127.1
223959,225230,225243,1271,13,1,600,98.7692307692
223960,225237,225250,1277,13,1,600,99.2307692308
223962,225243,225246,1281,3,1,600,128.4
223963,225255,225259,1292,4,1,600,129.6
223967,225267,225279,1300,12,1,600,109.333333333
223968,225279,225292,1311,13,1,600,101.846153846
223969,225291,225294,1322,3,1,600,132.5
223971,225303,225312,1332,9,1,600,134.1
223972,225310,225322,1338,12,1,600,112.5
224001,266418,273839,42417,7421,25,10799,6.71580649508
224033,225325,225328,1292,3,1,600,129.5
224035,225333,225337,1298,4,1,600,130.2
224036,225340,225349,1304,9,1,600,131.3
224037,225355,225368,1318,13,1,600,102.384615385
224039,225361,225374,1322,13,1,600,102.692307692
224040,225389,225401,1349,12,1,600,113.416666667
224041,225418,225422,1377,4,1,600,138.1
224043,225434,225437,1391,3,1,600,139.4
224044,225449,225451,1405,2,1,600,140.7
224045,225463,225467,1418,4,1,600,142.2
224047,225478,225481,1431,3,1,600,143.4
224109,225505,225507,1396,2,1,600,139.8
224111,225519,225523,1408,4,1,600,141.2
224112,225534,225551,1422,17,1,600,84.6470588235
224113,225566,225581,1453,15,1,600,97.8666666667
224115,225593,225599,1478,6,1,600,148.4
224116,225611,225615,1495,4,1,600,149.9
224117,225627,225630,1510,3,1,600,151.3
224119,225642,225654,1523,12,1,600,127.916666667
224120,225666,225668,1546,2,1,600,154.8
224122,225679,225685,1557,6,1,600,156.3
224123,225696,225699,1573,3,1,600,157.6
224184,225710,225714,1526,4,1,600,153.0
224186,225726,225733,1540,7,1,600,154.7
224187,225753,225756,1566,3,1,600,156.9
224190,225780,225794,1590,14,1,600,114.571428571
224192,225811,225823,1619,12,1,600,135.916666667
224193,225835,225838,1642,3,1,600,164.5
224194,225853,225861,1659,8,1,600,166.7
224197,225884,225885,1687,1,1,600,168.8
224198,225896,225900,1698,4,1,600,170.2
224211,231830,232889,7619,1059,4,14400,8.19452313503
224260,225912,225917,1652,5,1,600,165.7
224261,225928,225929,1667,1,1,600,166.8
224262,225942,225957,1680,15,1,600,113.0
224264,225948,225960,1684,12,1,600,141.333333333
224265,225968,225972,1703,4,1,600,170.7
224266,225980,225992,1714,12,1,600,143.833333333
224269,225999,226001,1730,2,1,600,173.2
224330,226006,226018,1676,12,1,600,140.666666667
224332,226014,226032,1682,18,1,600,94.4444444444
224354,224360,227286,6,2926,2,7200,1.002050581
224393,226029,226041,1636,12,1,600,137.333333333
224394,226043,226080,1649,37,1,600,45.5675675676
224396,226053,226067,1657,14,1,600,119.357142857
224457,226079,226095,1622,16,1,600,102.375
224458,226107,226109,1649,2,1,600,165.1
224520,226120,226123,1600,3,1,600,160.3
224521,226135,226147,1614,12,1,600,135.5
224522,226158,226159,1636,1,1,600,163.7
224584,226171,226178,1587,7,1,600,159.4
224585,226190,226192,1605,2,1,600,160.7
224646,226208,226212,1562,4,1,600,156.6
224648,226224,226226,1576,2,1,600,157.8
224650,226245,226248,1595,3,1,600,159.8
224712,226251,226260,1539,9,1,600,154.8
224713,226260,226263,1547,3,1,600,155.0
224714,226279,226283,1565,4,1,600,156.9
224777,226307,226309,1530,2,1,600,153.2
224839,226326,226339,1487,13,1,600,115.384615385
224840,226351,226363,1511,12,1,600,126.916666667
224842,226384,226404,1542,20,1,600,78.1
224844,226389,226391,1545,2,1,600,154.7
224905,226395,226396,1490,1,1,600,149.1
224905,224912,227950,7,3038,2,7200,1.00230414747
224907,226402,226405,1495,3,1,600,149.8
224908,226408,226421,1500,13,1,600,116.384615385
224909,226415,226419,1506,4,1,600,151.0
224972,226436,226443,1464,7,1,600,147.1
224973,226441,226453,1468,12,1,600,123.333333333
224974,226446,226460,1472,14,1,600,106.142857143
225036,226455,226473,1419,18,1,600,79.8333333333
225037,226466,226478,1429,12,1,600,120.083333333
225039,226473,226476,1434,3,1,600,143.7
225100,226484,226489,1384,5,1,600,138.9
225103,226503,226507,1400,4,1,600,140.4
225104,226509,226512,1405,3,1,600,140.8
225132,225138,227835,6,2697,2,7200,1.0022246941
225133,225151,227874,18,2723,2,7200,1.00661035622
225154,225164,225202,10,38,2,7200,1.26315789474
225167,226525,226526,1358,1,1,600,135.9
225168,226531,226535,1363,4,1,600,136.7
225206,225213,228340,7,3127,2,7200,1.00223856732
225230,226538,226554,1308,16,1,600,82.75
225231,226546,226547,1315,1,1,600,131.6
225232,226559,226568,1327,9,1,600,133.6
225234,226565,226566,1331,1,1,600,133.2
225235,226577,226584,1342,7,1,600,134.9
225297,226584,226587,1287,3,1,600,129.0
225298,226595,226596,1297,1,1,600,129.8
225301,226610,226612,1309,2,1,600,131.1
225302,226616,226617,1314,1,1,600,131.5
225304,226625,226627,1321,2,1,600,132.3
225305,226631,226639,1326,8,1,600,133.4
225306,226638,226639,1332,1,1,600,133.3
225368,226650,226662,1282,12,1,600,107.833333333
225369,226655,226690,1286,35,1,600,37.7428571429
225370,226674,226675,1304,1,1,600,130.5
225372,226686,226689,1314,3,1,600,131.7
225373,226700,226703,1327,3,1,600,133.0
225374,226706,226707,1332,1,1,600,133.3
225374,225382,228578,8,3196,2,7200,1.00250312891
225395,225402,228375,7,2973,2,7200,1.00235452405
225410,225425,228515,15,3090,2,7200,1.00485436893
225436,226714,226716,1278,2,1,600,128.0
225437,226721,226734,1284,13,1,600,99.7692307692
225439,226727,226760,1288,33,1,600,40.0303030303
225500,226745,226757,1245,12,1,600,104.75
225501,226768,226771,1267,3,1,600,127.0
225502,225747,239319,245,13572,2,21600,1.0180518715
225503,226776,226811,1273,35,1,600,37.3714285714
225504,226782,226794,1278,12,1,600,107.5
225505,226807,226811,1302,4,1,600,130.6
225552,225559,228255,7,2696,2,7200,1.00259643917
225567,225573,228394,6,2821,2,7200,1.00212690535
225567,226823,226826,1256,3,1,600,125.9
225568,225580,228534,12,2954,2,7200,1.00406228842
225568,226828,226831,1260,3,1,600,126.3
225631,226844,226845,1213,1,1,600,121.4
225632,226851,226854,1219,3,1,600,122.2
225634,226858,226895,1224,37,1,600,34.0810810811
225695,226866,226868,1171,2,1,600,117.3
225697,226880,226892,1183,12,1,600,99.5833333333
225698,226904,226911,1206,7,1,600,121.3
225734,225741,228544,7,2803,2,7200,1.0024973243
225749,225759,228626,10,2867,2,7200,1.00348796652
225762,226928,226940,1166,12,1,600,98.1666666667
225763,226935,226938,1172,3,1,600,117.5
225797,225804,227072,7,1268,2,7200,1.00552050473
225826,226956,226959,1130,3,1,600,113.3
225827,226963,226967,1136,4,1,600,114.0
225829,226975,226979,1146,4,1,600,115.0
225840,225846,228812,6,2966,2,7200,1.0020229265
225890,226982,226985,1092,3,1,600,109.5
225892,226990,226993,1098,3,1,600,110.1
225893,226998,227001,1105,3,1,600,110.8
225894,227005,227007,1111,2,1,600,111.3
225925,225936,228709,11,2773,2,7200,1.00396682294
225939,225955,228994,16,3039,2,7200,1.00526488977
225956,227013,227016,1057,3,1,600,106.0
225957,227020,227023,1063,3,1,600,106.6
225958,227028,227040,1070,12,1,600,90.1666666667
226020,227034,227047,1014,13,1,600,79.0
226021,227051,227064,1030,13,1,600,80.2307692308
226022,227058,227062,1036,4,1,600,104.0
226024,227074,227076,1050,2,1,600,105.2
226025,227087,227099,1062,12,1,600,89.5
226026,227094,227105,1068,11,1,600,98.0909090909
226028,227099,227104,1071,5,1,600,107.6
226060,233184,233188,7124,4,6,259200,712.8
226062,266506,302525,40444,36019,9,36000,2.1228518282
226087,233199,233201,7112,2,6,259200,711.4
226089,227105,227113,1016,8,1,600,102.4
226090,227112,227115,1022,3,1,600,102.5
226093,227124,227127,1031,3,1,600,103.4
226154,227136,227140,982,4,1,600,98.6
226156,227143,227146,987,3,1,600,99.0
226157,227151,227164,994,13,1,600,77.4615384615
226159,227159,227171,1000,12,1,600,84.3333333333
226168,233213,233214,7045,1,6,259200,704.6
226202,233226,233228,7024,2,6,259200,702.6
226221,227183,227195,962,12,1,600,81.1666666667
226223,227190,227193,967,3,1,600,97.0
226224,227210,227222,986,12,1,600,83.1666666667
226226,226233,229018,7,2785,2,7200,1.00251346499
226273,233239,233241,6966,2,6,259200,696.8
226285,227216,227229,931,13,1,600,72.6153846154
226287,227234,227246,947,12,1,600,79.9166666667
226288,227240,227243,952,3,1,600,95.5
226289,227254,227255,965,1,1,600,96.6
226291,227261,227265,970,4,1,600,97.4
226292,227268,227272,976,4,1,600,98.0
226296,233254,233256,6958,2,6,259200,696.0
226353,227276,227284,923,8,1,600,93.1
226355,227285,227287,930,2,1,600,93.2
226356,228698,228707,2342,9,1,600,235.1
226416,226429,229674,13,3245,2,7200,1.00400616333
226417,228703,228704,2286,1,1,600,228.7
226419,228716,228728,2297,12,1,600,192.416666667
226420,228740,228752,2320,12,1,600,194.333333333
226421,228765,228779,2344,14,1,600,168.428571429
226423,228790,228803,2367,13,1,600,183.076923077
226424,228815,228837,2391,22,1,600,109.681818182
226425,228848,228849,2423,1,1,600,242.4
226427,228866,228878,2439,12,1,600,204.25
226428,228889,228893,2461,4,1,600,246.5
226480,226492,229238,12,2746,2,7200,1.00436999272
226490,228905,228908,2415,3,1,600,241.8
226491,228919,228920,2428,1,1,600,242.9
226492,228931,228935,2439,4,1,600,244.3
226494,228947,228959,2453,12,1,600,205.416666667
226495,228971,228983,2476,12,1,600,207.333333333
226496,228995,229009,2499,14,1,600,179.5
226560,229048,229052,2488,4,1,600,249.2
226562,229067,229068,2505,1,1,600,250.6
226563,229148,229163,2585,15,1,600,173.333333333
226565,229186,229189,2621,3,1,600,262.4
226567,229200,229201,2633,1,1,600,263.4
226568,229213,229217,2645,4,1,600,264.9
226629,229230,229242,2601,12,1,600,217.75
226631,229256,229260,2625,4,1,600,262.9
226632,229271,229276,2639,5,1,600,264.4
226633,229287,229300,2654,13,1,600,205.153846154
226635,229312,229314,2677,2,1,600,267.9
226636,229325,229326,2689,1,1,600,269.0
226637,229337,229352,2700,15,1,600,181.0
226638,229363,229367,2725,4,1,600,272.9
226640,229378,229409,2738,31,1,600,89.3225806452
226701,229421,229424,2720,3,1,600,272.3
226702,229435,229439,2733,4,1,600,273.7
226704,229451,229452,2747,1,1,600,274.8
226705,229463,229466,2758,3,1,600,276.1
226706,229477,229480,2771,3,1,600,277.4
226708,229492,229495,2784,3,1,600,278.7
226709,229507,229509,2798,2,1,600,280.0
226770,229521,229534,2751,13,1,600,212.615384615
226772,229545,229558,2773,13,1,600,214.307692308
226773,229569,229570,2796,1,1,600,279.7
226774,229582,229594,2808,12,1,600,235.0
226777,229618,229620,2841,2,1,600,284.3
226838,229632,229634,2794,2,1,600,279.6
226840,229650,229651,2810,1,1,600,281.1
226841,229662,229674,2821,12,1,600,236.083333333
226842,229692,229704,2850,12,1,600,238.5
226844,229716,229728,2872,12,1,600,240.333333333
226845,229735,229745,2890,10,1,600,290.0
226906,229740,229755,2834,15,1,600,189.933333333
226908,229746,229764,2838,18,1,600,158.666666667
226909,229756,229757,2847,1,1,600,284.8
226911,229766,229768,2855,2,1,600,285.7
226912,229773,229785,2861,12,1,600,239.416666667
226974,229780,229789,2806,9,1,600,281.5
226975,229785,229793,2810,8,1,600,281.8
226976,229798,229810,2822,12,1,600,236.166666667
226978,229804,229805,2826,1,1,600,282.7
226979,229810,229823,2831,13,1,600,218.769230769
226980,229822,229837,2842,15,1,600,190.466666667
226983,229842,229858,2859,16,1,600,179.6875
227044,229848,229863,2804,15,1,600,187.933333333
227046,229860,229872,2814,12,1,600,235.5
227047,229874,229886,2827,12,1,600,236.583333333
227048,229880,229895,2832,15,1,600,189.8
227050,229887,229891,2837,4,1,600,284.1
227051,229897,229937,2846,40,1,600,72.15
227052,229905,229908,2853,3,1,600,285.6
227054,229917,229925,2863,8,1,600,287.1
227055,229929,229941,2874,12,1,600,240.5
227071,227080,229830,9,2750,2,7200,1.00327272727
227117,229936,229949,2819,13,1,600,217.846153846
227118,229948,229961,2830,13,1,600,218.692307692
227119,229955,229993,2836,38,1,600,75.6315789474
227121,229962,229965,2841,3,1,600,284.4
227122,229973,229989,2851,16,1,600,179.1875
227123,229985,229997,2862,12,1,600,239.5
227125,229997,229998,2872,1,1,600,287.3
227126,230002,230018,2876,16,1,600,180.75
227127,230008,230011,2881,3,1,600,288.4
227189,230013,230014,2824,1,1,600,282.5
227190,230019,230031,2829,12,1,600,236.75
227191,230031,230043,2840,12,1,600,237.666666667
227193,230038,230047,2845,9,1,600,285.4
227194,230045,230059,2851,14,1,600,204.642857143
227229,227493,229723,264,2230,2,28800,1.11838565022
227257,230061,230074,2804,13,1,600,216.692307692
227258,230069,230081,2811,12,1,600,235.25
227259,230075,230088,2816,13,1,600,217.615384615
227261,230085,230116,2824,31,1,600,92.0967741935
227264,230109,230112,2845,3,1,600,284.8
227265,230116,230119,2851,3,1,600,285.4
227285,227292,230084,7,2792,2,7200,1.00250716332
227326,230124,230139,2798,15,1,600,187.533333333
227328,230151,230164,2823,13,1,600,218.153846154
227329,230175,230188,2846,13,1,600,219.923076923
227330,230200,230202,2870,2,1,600,287.2
227664,230214,259542,2550,29328,1,36000,1.08694762684
227835,227846,230925,11,3079,2,7200,1.0035725885
227874,227887,230792,13,2905,2,7200,1.00447504303
227952,227962,230725,10,2763,2,7200,1.00361925443
228256,228266,231488,10,3222,2,7200,1.00310366232
228342,228352,231229,10,2877,2,7200,1.00347584289
228375,228386,231578,11,3192,2,7200,1.00344611529
228393,228405,231149,12,2744,2,7200,1.00437317784
228516,228526,231592,10,3066,2,7200,1.0032615786
228534,228546,231403,12,2857,2,7200,1.00420021001
228549,228555,231606,6,3051,2,7200,1.00196656834
228579,228589,231342,10,2753,2,7200,1.00363240102
228627,228637,231598,10,2961,2,7200,1.00337723742
228708,228728,231806,20,3078,2,7200,1.0064977258
228714,230825,230831,2111,6,1,600,211.7
228715,230848,230849,2133,1,1,600,213.4
228776,230866,230869,2090,3,1,600,209.3
228778,230881,230885,2103,4,1,600,210.7
228811,228823,231884,12,3061,2,7200,1.00392028749
228839,230897,230910,2058,13,1,600,159.307692308
228841,230927,230939,2086,12,1,600,174.833333333
228848,260165,260212,31317,47,1,610,667.319148936
228902,230950,230953,2048,3,1,600,205.1
228903,230965,230977,2062,12,1,600,172.833333333
228905,230989,231001,2084,12,1,600,174.666666667
228906,231019,231021,2113,2,1,600,211.5
228967,231039,231057,2072,18,1,600,116.111111111
228969,231068,231100,2099,32,1,600,66.59375
228970,231117,231129,2147,12,1,600,179.916666667
228971,231141,231153,2170,12,1,600,181.833333333
228996,229008,229912,12,904,2,7200,1.01327433628
229017,229029,232097,12,3068,2,7200,1.00391134289
229033,231174,231175,2141,1,1,600,214.2
229034,231192,231205,2158,13,1,600,167.0
229035,231217,231229,2182,12,1,600,182.833333333
229097,231243,231245,2146,2,1,600,214.8
229098,231256,231269,2158,13,1,600,167.0
229099,231280,231292,2181,12,1,600,182.75
229222,231317,231329,2095,12,1,600,175.583333333
229223,231346,231359,2123,13,1,600,164.307692308
229225,231365,231369,2140,4,1,600,214.4
229226,231377,231387,2151,10,1,600,216.1
229240,229249,232154,9,2905,2,7200,1.00309810671
229287,231384,231393,2097,9,1,600,210.6
229289,231398,231399,2109,1,1,600,211.0
229352,231419,231427,2067,8,1,600,207.5
229353,231439,231442,2086,3,1,600,208.9
229354,231454,231466,2100,12,1,600,176.0
229416,231479,231491,2063,12,1,600,172.916666667
229417,231502,231505,2085,3,1,600,208.8
229418,231517,231529,2099,12,1,600,175.916666667
229480,231540,231553,2060,13,1,600,159.461538462
229481,231565,231578,2084,13,1,600,161.307692308
229482,231793,231805,2311,12,1,600,193.583333333
229484,231819,231822,2335,3,1,600,233.8
229546,231849,231853,2303,4,1,600,230.7
229548,231864,231872,2316,8,1,600,232.4
229549,232166,232167,2617,1,1,600,261.8
229610,232178,232179,2568,1,1,600,256.9
229612,232190,232191,2578,1,1,600,257.9
229613,232203,232215,2590,12,1,600,216.833333333
229614,232226,232239,2612,13,1,600,201.923076923
229675,229686,232699,11,3013,2,7200,1.00365084633
229676,232251,232253,2575,2,1,600,257.7
229677,232265,232274,2588,9,1,600,259.7
229678,232286,232290,2608,4,1,600,261.2
229680,232301,232314,2621,13,1,600,202.615384615
229741,232327,232335,2586,8,1,600,259.4
229742,232347,232359,2605,12,1,600,218.083333333
229788,230915,231207,1127,292,8,1500,4.8595890411
229788,230980,231270,1192,290,8,1500,5.11034482759
229789,231034,231329,1245,295,8,1500,5.22033898305
229789,231224,231513,1435,289,8,1500,5.96539792388
229789,231287,231579,1498,292,8,1500,6.1301369863
229789,231341,231636,1552,295,8,1500,6.26101694915
229790,231525,231819,1735,294,8,1500,6.90136054422
229790,231489,231781,1699,292,8,1500,6.81849315068
229790,231593,231880,1803,287,8,1500,7.28222996516
229790,231352,231644,1562,292,8,1500,6.34931506849
229791,231648,231937,1857,289,8,1500,7.42560553633
229791,231690,231983,1899,293,8,1500,7.48122866894
229791,231656,231945,1865,289,8,1500,7.45328719723
229791,231635,231927,1844,292,8,1500,7.31506849315
229792,231751,232041,1959,290,8,1500,7.75517241379
229805,232383,232385,2578,2,1,600,258.0
229806,232397,232398,2591,1,1,600,259.2
229808,232409,232422,2601,13,1,600,201.076923077
229809,232434,232436,2625,2,1,600,262.7
229810,232448,232460,2638,12,1,600,220.833333333
229812,232471,232510,2659,39,1,600,69.1794871795
229813,232522,232523,2709,1,1,600,271.0
229814,232535,232537,2721,2,1,600,272.3
229828,229835,232538,7,2703,2,7200,1.00258971513
229876,233273,233290,3397,17,1,600,200.823529412
229877,233301,233314,3424,13,1,600,264.384615385
229878,233325,233333,3447,8,1,600,345.5
229880,233345,233375,3465,30,1,600,116.5
229881,233447,233470,3566,23,1,600,156.043478261
229882,233482,233483,3600,1,1,600,360.1
229913,229924,232810,11,2886,2,7200,1.00381150381
229945,233507,233529,3562,22,1,600,162.909090909
229946,233541,233554,3595,13,1,600,277.538461538
229947,233565,233568,3618,3,1,600,362.1
229949,233580,233582,3631,2,1,600,363.3
229950,233598,233606,3648,8,1,600,365.6
229952,233633,233642,3681,9,1,600,369.0
230014,233654,233666,3640,12,1,600,304.333333333
230015,233678,233682,3663,4,1,600,366.7
230016,233693,233699,3677,6,1,600,368.3
230018,233710,233711,3692,1,1,600,369.3
230020,233734,233747,3714,13,1,600,286.692307692
230022,233759,233765,3737,6,1,600,374.3
230023,233776,233779,3753,3,1,600,375.6
230024,233790,233791,3766,1,1,600,376.7
230026,233802,233806,3776,4,1,600,378.0
230035,230130,235587,95,5457,2,86400,1.01740883269
230084,230097,233074,13,2977,2,7200,1.00436681223
230087,233818,233821,3731,3,1,600,373.4
230089,233834,233846,3745,12,1,600,313.083333333
230090,233857,233871,3767,14,1,600,270.071428571
230091,233884,233896,3793,12,1,600,317.083333333
230093,233907,233911,3814,4,1,600,381.8
230094,233923,233926,3829,3,1,600,383.2
230095,233937,233940,3842,3,1,600,384.5
230096,233952,233954,3856,2,1,600,385.8
230158,233966,233969,3808,3,1,600,381.1
230159,233980,233983,3821,3,1,600,382.4
230160,233998,234011,3838,13,1,600,296.230769231
230162,234023,234055,3861,32,1,600,121.65625
230163,234067,234069,3904,2,1,600,390.6
230224,234081,234093,3857,12,1,600,322.416666667
230227,234116,234151,3889,35,1,600,112.114285714
230303,231801,249100,1498,17299,2,21600,1.08659460084
230660,255310,255721,24650,411,2,900,60.9756690998
230683,255732,256142,25049,410,2,900,62.0951219512
230728,230736,233750,8,3014,2,7200,1.00265428003
230769,230820,230827,51,7,5,14400,5.8
230795,230801,233614,6,2813,2,7200,1.00213295414
230821,230843,230847,22,4,5,14400,2.6
230827,232553,254173,1726,21620,2,21600,1.07983348751
230832,230858,230863,26,5,5,14400,3.1
230843,230874,230879,31,5,5,14400,3.6
230854,230890,230894,36,4,5,14400,4.0
230876,230906,230910,30,4,5,14400,3.4
230887,230921,230925,34,4,5,14400,3.8
230891,234177,234179,3286,2,1,600,328.8
230892,234190,234191,3298,1,1,600,329.9
230908,230937,230941,29,4,5,14400,3.3
230919,230958,230962,39,4,5,14400,4.3
230924,230942,233579,18,2637,2,7200,1.00682593857
230940,230974,230978,34,4,5,14400,3.8
230955,234215,234227,3260,12,1,600,272.666666667
230957,234239,234251,3282,12,1,600,274.5
230961,230996,231000,35,4,5,14400,3.9
230972,231011,231016,39,5,5,14400,4.4
230993,231027,231031,34,4,5,14400,3.8
231015,231046,231050,31,4,5,14400,3.5
231018,234269,234272,3251,3,1,600,325.4
231019,234284,234297,3265,13,1,600,252.153846154
231021,234308,234311,3287,3,1,600,329.0
231026,231061,231066,35,5,5,14400,4.0
231047,231078,231082,31,4,5,14400,3.5
231058,231094,231098,36,4,5,14400,4.0
231079,231110,231114,31,4,5,14400,3.5
231082,234322,234335,3240,13,1,600,250.230769231
231084,234346,234359,3262,13,1,600,251.923076923
231090,231125,231130,35,5,5,14400,4.0
231111,231147,231152,36,5,5,14400,4.1
231122,231169,231173,47,4,5,14400,5.1
231143,231184,231189,41,5,5,14400,4.6
231145,234370,234383,3225,13,1,600,249.076923077
231146,234395,234434,3249,39,1,600,84.3076923077
231150,231162,233831,12,2669,2,7200,1.00449606594
231164,231201,231206,37,5,5,14400,4.2
231185,231229,231234,44,5,5,14400,4.9
231196,231250,231254,54,4,5,14400,5.8
231208,234446,234458,3238,12,1,600,270.833333333
231211,234481,234485,3270,4,1,600,327.4
231228,231266,231270,38,4,5,14400,4.2
231229,231236,234168,7,2932,2,7200,1.00238744884
231249,231292,231296,43,4,5,14400,4.7
231270,231310,231314,40,4,5,14400,4.4
231272,234497,234500,3225,3,1,600,322.8
231273,234511,234514,3238,3,1,600,324.1
231275,234525,234528,3250,3,1,600,325.3
231291,231327,231331,36,4,5,14400,4.0
231313,231610,231614,297,4,5,14400,30.1
231323,231627,231631,304,4,5,14400,30.8
231336,234539,234552,3203,13,1,600,247.384615385
231337,236548,236570,5211,22,1,600,237.863636364
231339,236593,236600,5254,7,1,600,526.1
231343,231358,232993,15,1635,2,7200,1.00917431193
231400,236612,236620,5212,8,1,600,522.0
231401,236632,236645,5231,13,1,600,403.384615385
231403,236656,236669,5253,13,1,600,405.076923077
231404,231411,234273,7,2862,2,7200,1.00244584207
231404,236680,236694,5276,14,1,600,377.857142857
231405,236706,236709,5301,3,1,600,530.4
231467,236721,236733,5254,12,1,600,438.833333333
231468,236744,236760,5276,16,1,600,330.75
231469,236774,236788,5305,14,1,600,379.928571429
231488,231496,232601,8,1105,2,7200,1.007239819
231531,236800,236814,5269,14,1,600,377.357142857
231532,236831,236871,5299,40,1,600,133.475
231534,236882,236890,5348,8,1,600,535.6
231535,236902,236937,5367,35,1,600,154.342857143
231578,231586,234551,8,2965,2,7200,1.00269814503
231593,231599,234338,6,2739,2,7200,1.0021905805
231596,236948,236949,5352,1,1,600,535.3
231598,236960,236963,5362,3,1,600,536.5
231608,231618,234154,10,2536,2,7200,1.00394321767
231610,231697,234715,87,3018,2,7200,1.02882703777
231612,231642,231646,30,4,5,14400,3.4
231623,231662,231665,39,3,5,14400,4.2
231633,233190,254835,1557,21645,2,21600,1.07193347193
231644,231677,231682,33,5,5,14400,3.8
231806,231813,234735,7,2922,2,7200,1.00239561944
231840,236974,236978,5134,4,1,600,513.8
231841,236989,237002,5148,13,1,600,397.0
231862,231872,236577,10,4705,5,14400,1.00212539851
231873,231885,236345,12,4460,5,14400,1.00269058296
231873,231879,236447,6,4568,5,14400,1.00131348511
231884,231897,232345,13,448,2,7200,1.02901785714
231884,231892,236635,8,4743,5,14400,1.00168669618
231885,231938,236312,53,4374,5,14400,1.01211705533
231895,231944,236068,49,4124,5,14400,1.01188166828
231904,237026,237039,5122,13,1,600,395.0
231905,237050,237055,5145,5,1,600,515.0
231937,231951,236570,14,4619,5,14400,1.00303095908
231948,231958,236026,10,4068,5,14400,1.00245821042
231948,231963,236232,15,4269,5,14400,1.00351370344
231959,231994,236444,35,4450,5,14400,1.00786516854
231960,232000,236110,40,4110,5,14400,1.0097323601
231991,232052,235994,61,3942,5,14400,1.01547437849
232002,232899,237859,897,4960,5,14400,1.18084677419
232054,233267,237246,1213,3979,5,14400,1.30485046494
232099,232105,234917,6,2812,2,7200,1.00213371266
232153,232160,235196,7,3036,2,7200,1.00230566535
232207,237067,237080,4860,13,1,600,374.846153846
232208,237091,237094,4883,3,1,600,488.6
232210,237105,237108,4895,3,1,600,489.8
232224,235598,255298,3374,19700,2,21600,1.17126903553
232271,237120,237123,4849,3,1,600,485.2
232273,237139,237156,4866,17,1,600,287.235294118
232274,237145,237160,4871,15,1,600,325.733333333
232330,377871,382386,145541,4515,16,21600,33.2349944629
232335,237167,237180,4832,13,1,600,372.692307692
232337,237173,237177,4836,4,1,600,484.0
232338,237188,237201,4850,13,1,600,374.076923077
232346,232354,232791,8,437,2,7200,1.01830663616
232400,237194,237207,4794,13,1,600,369.769230769
232401,237212,237227,4811,15,1,600,321.733333333
232402,237220,237233,4818,13,1,600,371.615384615
232404,237238,237241,4834,3,1,600,483.7
232467,237253,237255,4786,2,1,600,478.8
232468,237266,237275,4798,9,1,600,480.7
232469,237287,237300,4818,13,1,600,371.615384615
232531,237311,237314,4780,3,1,600,478.3
232532,237325,237330,4793,5,1,600,479.8
232539,232546,235381,7,2835,2,7200,1.0024691358
232593,237347,237384,4754,37,1,600,129.486486486
232602,232612,235312,10,2700,2,7200,1.0037037037
232698,232711,235689,13,2978,2,7200,1.00436534587
232792,232803,235870,11,3067,2,7200,1.00358656668
232810,232822,235711,12,2889,2,7200,1.0041536864
232898,236006,240362,3108,4356,5,14400,1.71349862259
232962,238745,256459,5783,17714,2,21600,1.32646494298
232993,233004,236035,11,3031,2,7200,1.00362916529
233075,233086,234250,11,1164,2,7200,1.00945017182
233269,236037,240480,2768,4443,5,14400,1.6230024758
233316,237396,237408,4080,12,1,600,341.0
233377,237419,237432,4042,13,1,600,311.923076923
233379,237444,237455,4065,11,1,600,370.545454545
233502,237479,237497,3977,18,1,600,221.944444444
233503,237508,237511,4005,3,1,600,400.8
233504,237523,237529,4019,6,1,600,402.5
233526,239331,256085,5805,16754,2,21600,1.34648442163
233566,237541,237555,3975,14,1,600,284.928571429
233567,237567,237579,4000,12,1,600,334.333333333
233578,233591,236574,13,2983,2,7200,1.00435802883
233614,233625,236447,11,2822,2,7200,1.00389794472
233629,237590,237598,3961,8,1,600,396.9
233630,237609,237618,3979,9,1,600,398.8
233631,237629,237630,3998,1,1,600,399.9
233632,237644,237656,4012,12,1,600,335.333333333
233687,237259,248023,3572,10764,6,259200,1.33184689706
233694,237667,237708,3973,41,1,600,97.9024390244
233695,237720,237732,4025,12,1,600,336.416666667
233696,237743,237744,4047,1,1,600,404.8
233715,248034,258788,14319,10754,6,259200,2.33150455644
233753,233765,236408,12,2643,2,7200,1.00454029512
233758,237755,237757,3997,2,1,600,399.9
233759,237769,237773,4010,4,1,600,401.4
233762,237801,237804,4039,3,1,600,404.2
233764,258800,269654,25036,10854,6,259200,3.30661507278
233809,269671,279610,35862,9939,6,259200,4.6082100815
233825,237827,237831,4002,4,1,600,400.6
233826,237848,237862,4022,14,1,600,288.285714286
233827,237878,237881,4051,3,1,600,405.4
233829,237893,237907,4064,14,1,600,291.285714286
233831,233842,236756,11,2914,2,7200,1.00377487989
233850,273856,286774,40006,12918,6,259200,4.09691902771
233884,280449,290328,46565,9879,6,259200,5.71353375848
233890,237918,237919,4028,1,1,600,402.9
233891,237931,237943,4040,12,1,600,337.666666667
233953,237954,237967,4001,13,1,600,308.769230769
233954,237978,238014,4024,36,1,600,112.777777778
233955,238025,238026,4070,1,1,600,407.1
233957,238038,238040,4081,2,1,600,408.3
234018,238052,238066,4034,14,1,600,289.142857143
234019,238082,238094,4063,12,1,600,339.583333333
234021,238105,238108,4084,3,1,600,408.7
234022,238119,238123,4097,4,1,600,410.1
234085,238147,238151,4062,4,1,600,406.6
234146,238163,238175,4017,12,1,600,335.75
234148,238186,238195,4038,9,1,600,404.7
234154,234169,234619,15,450,2,7200,1.03333333333
234169,234183,236813,14,2630,2,7200,1.00532319392
234209,238207,238210,3998,3,1,600,400.1
234210,238221,238261,4011,40,1,600,101.275
234212,238272,238285,4060,13,1,600,313.307692308
234213,238297,238309,4084,12,1,600,341.333333333
234214,238321,238324,4107,3,1,600,411.0
234251,234262,237394,11,3132,2,7200,1.00351213282
234275,234290,237122,15,2832,2,7200,1.00529661017
234276,238335,238354,4059,19,1,600,214.631578947
234277,238365,238369,4088,4,1,600,409.2
234296,256097,256507,21801,410,2,900,54.1731707317
234338,234353,237396,15,3043,2,7200,1.00492934604
234340,238393,238395,4053,2,1,600,405.5
234342,238407,238419,4065,12,1,600,339.75
234343,238430,238434,4087,4,1,600,409.1
234404,238446,238448,4042,2,1,600,404.4
234406,238459,238463,4053,4,1,600,405.7
234468,238487,238499,4019,12,1,600,335.916666667
234530,238510,238515,3980,5,1,600,398.5
234531,238527,238539,3996,12,1,600,334.0
234532,238551,238554,4019,3,1,600,402.2
234534,238565,238566,4031,1,1,600,403.2
234552,234563,237269,11,2706,2,7200,1.00406504065
234596,238589,238602,3993,13,1,600,308.153846154
234618,234631,237327,13,2696,2,7200,1.00482195846
234715,234727,235174,12,447,2,7200,1.02684563758
234736,234747,237781,11,3034,2,7200,1.0036255768
234848,240748,257157,5900,16409,2,21600,1.35955877872
234916,234929,237748,13,2819,2,7200,1.00461156438
235176,235185,238063,9,2878,2,7200,1.00312717165
235197,235207,238095,10,2888,2,7200,1.00346260388
235311,235324,238141,13,2817,2,7200,1.00461483848
235381,235392,237623,11,2231,2,7200,1.00493052443
235651,246167,262253,10516,16086,2,21600,1.6537361681
235691,235701,238759,10,3058,2,7200,1.00327011118
235712,235722,238727,10,3005,2,7200,1.00332778702
235872,235881,238814,9,2933,2,7200,1.00306853051
236009,236080,239929,71,3849,5,14400,1.0184463497
236035,236047,238346,12,2299,2,7200,1.00521966072
236041,236121,240310,80,4189,5,14400,1.01909763667
236083,236244,240522,161,4278,5,14400,1.0376344086
236124,236324,241381,200,5057,5,14400,1.03954913981
236248,236357,240744,109,4387,5,14400,1.02484613631
236321,236456,240835,135,4379,5,14400,1.03082895638
236357,249111,259867,12754,10756,2,21600,2.18575678691
236363,236462,240996,99,4534,5,14400,1.02183502426
236409,236420,237318,11,898,2,7200,1.01224944321
236448,236468,239374,20,2906,2,7200,1.00688231246
236456,236588,241146,132,4558,5,14400,1.02896007021
236467,236599,241126,132,4527,5,14400,1.02915838304
236574,236581,239561,7,2980,2,7200,1.00234899329
236581,238613,238619,2032,6,1,600,203.8
236591,236646,241475,55,4829,5,14400,1.01138952164
236602,237871,241830,1269,3959,5,14400,1.32053548876
236614,254184,266965,17570,12781,2,21600,2.37469681559
236642,238630,238643,1988,13,1,600,153.923076923
236643,238654,238693,2011,39,1,600,52.5641025641
236644,239942,244495,3298,4553,5,14400,1.72435756644
236705,238704,238708,1999,4,1,600,200.3
236706,238720,238728,2014,8,1,600,202.2
236708,238726,238734,2018,8,1,600,202.6
236755,236768,239554,13,2786,2,7200,1.00466618808
236769,239573,239585,2804,12,1,600,234.666666667
236770,244346,244351,7576,5,1,600,758.1
236772,244362,244363,7590,1,1,600,759.1
236812,236824,239886,12,3062,2,7200,1.00391900718
236833,244374,244387,7541,13,1,600,581.076923077
236835,244409,244447,7574,38,1,600,200.315789474
236862,254846,260186,17984,5340,2,21600,4.36779026217
236896,244459,244463,7563,4,1,600,756.7
236897,244476,244491,7579,15,1,600,506.266666667
236959,244503,244511,7544,8,1,600,755.2
236960,244522,244526,7562,4,1,600,756.6
237021,244538,244573,7517,35,1,600,215.771428571
237023,244584,244605,7561,21,1,600,361.047619048
237024,244616,244619,7592,3,1,600,759.5
237025,244630,244633,7605,3,1,600,760.8
237087,244644,244647,7557,3,1,600,756.0
237088,244658,244668,7570,10,1,600,758.0
237089,244680,244692,7591,12,1,600,633.583333333
237120,237134,240227,14,3093,2,7200,1.00452634982
237151,244703,244704,7552,1,1,600,755.3
237152,244716,244728,7564,12,1,600,631.333333333
237153,244739,244740,7586,1,1,600,758.7
237216,244763,244764,7547,1,1,600,754.8
237217,244776,244778,7559,2,1,600,756.1
237219,244789,244790,7570,1,1,600,757.1
237220,244802,244815,7582,13,1,600,584.230769231
237268,237281,240250,13,2969,2,7200,1.00437857865
237283,244838,244851,7555,13,1,600,582.153846154
237284,244862,244865,7578,3,1,600,758.1
237285,244876,244889,7591,13,1,600,584.923076923
237287,244901,244903,7614,2,1,600,761.6
237288,244916,244931,7628,15,1,600,509.533333333
237289,244943,244957,7654,14,1,600,547.714285714
237316,237333,240091,17,2758,2,7200,1.00616388687
237331,237340,240356,9,3016,2,7200,1.00298408488
237351,244968,244975,7617,7,1,600,762.4
237352,244986,244990,7634,4,1,600,763.8
237353,245001,245002,7648,1,1,600,764.9
237395,237406,237852,11,446,2,7200,1.02466367713
237396,237413,240663,17,3250,2,7200,1.00523076923
237416,245025,245028,7609,3,1,600,761.2
237477,245039,245040,7562,1,1,600,756.3
237479,245052,245064,7573,12,1,600,632.083333333
237546,245114,245127,7568,13,1,600,583.153846154
237607,245138,245139,7531,1,1,600,753.2
237609,245150,245151,7541,1,1,600,754.2
237610,245162,245175,7552,13,1,600,581.923076923
237622,237637,240592,15,2955,2,7200,1.00507614213
237671,245187,245190,7516,3,1,600,751.9
237673,245200,245213,7527,13,1,600,580.0
237674,245225,245237,7551,12,1,600,630.25
237736,245248,245286,7512,38,1,600,198.684210526
237749,237762,240948,13,3186,2,7200,1.00408035154
237782,237793,237830,11,37,2,7200,1.2972972973
237797,245298,245310,7501,12,1,600,626.083333333
237798,245321,245325,7523,4,1,600,752.7
237800,245336,245337,7536,1,1,600,753.7
237801,245348,245384,7547,36,1,600,210.638888889
237802,245396,245398,7594,2,1,600,759.6
237833,237841,240723,8,2882,2,7200,1.0027758501
237854,237864,240690,10,2826,2,7200,1.00353857042
237864,245409,245422,7545,13,1,600,581.384615385
237865,245433,245465,7568,32,1,600,237.5
237867,245476,245480,7609,4,1,600,761.3
237868,245491,245498,7623,7,1,600,763.0
237870,240322,244796,2452,4474,5,14400,1.54805543138
237929,245514,245516,7585,2,1,600,758.7
237931,245528,245536,7597,8,1,600,760.5
237932,245547,245550,7615,3,1,600,761.8
237993,245561,245573,7568,12,1,600,631.666666667
237995,245585,245588,7590,3,1,600,759.3
238056,245599,245603,7543,4,1,600,754.7
238058,245614,245627,7556,13,1,600,582.230769231
238059,245639,245647,7580,8,1,600,758.8
238062,238075,240736,13,2661,2,7200,1.00488538144
238095,238112,240818,17,2706,2,7200,1.00628233555
238120,245659,245671,7539,12,1,600,629.25
238122,245683,245695,7561,12,1,600,631.083333333
238123,245708,245710,7585,2,1,600,758.7
238144,238154,240982,10,2828,2,7200,1.00353606789
238184,245722,245726,7538,4,1,600,754.2
238186,245737,245738,7551,1,1,600,755.2
238187,245749,245753,7562,4,1,600,756.6
238188,245764,245771,7576,7,1,600,758.3
238250,245782,245785,7532,3,1,600,753.5
238251,245798,245810,7547,12,1,600,629.916666667
238312,245822,245826,7510,4,1,600,751.4
238314,245837,245841,7523,4,1,600,752.7
238315,245853,245867,7538,14,1,600,539.428571429
238342,238357,241270,15,2913,2,7200,1.00514933059
238376,245879,245891,7503,12,1,600,626.25
238378,245902,245905,7524,3,1,600,752.7
238379,245916,245930,7537,14,1,600,539.357142857
238440,245942,245945,7502,3,1,600,750.5
238442,245957,245970,7515,13,1,600,579.076923077
238443,245982,245986,7539,4,1,600,754.3
238444,245998,246010,7554,12,1,600,630.5
238506,246022,246024,7516,2,1,600,751.8
238507,246036,246051,7529,15,1,600,502.933333333
238508,246062,246075,7554,13,1,600,582.076923077
238509,246086,246099,7577,13,1,600,583.846153846
238572,246123,246126,7551,3,1,600,755.4
238573,246137,246140,7564,3,1,600,756.7
238575,246152,246154,7577,2,1,600,757.9
238636,256159,256161,17523,2,1,600,1752.5
238637,256174,256188,17537,14,1,600,1253.64285714
238639,256200,256203,17561,3,1,600,1756.4
238700,256215,256228,17515,13,1,600,1348.30769231
238701,256239,256252,17538,13,1,600,1350.07692308
238728,238738,241820,10,3082,2,7200,1.00324464633
238758,238771,241642,13,2871,2,7200,1.00452803901
238763,256263,256275,17500,12,1,600,1459.33333333
238764,256288,256290,17524,2,1,600,1752.6
238815,238826,241559,11,2733,2,7200,1.00402488108
239376,239386,242409,10,3023,2,7200,1.00330797221
239554,239566,242738,12,3172,2,7200,1.00378310214
239569,239597,242254,28,2657,2,7200,1.01053820098
239607,256314,256322,16707,8,1,600,1671.5
239886,239898,242822,12,2924,2,7200,1.00410396717
239939,240374,244385,435,4011,5,14400,1.10845175767
240094,240102,242549,8,2447,2,7200,1.00326930936
240226,240238,242909,12,2671,2,7200,1.00449269936
240250,240262,243134,12,2872,2,7200,1.00417827298
240321,240491,244402,170,3911,5,14400,1.04346714395
240356,240367,240381,11,14,2,7200,1.78571428571
240373,240534,244767,161,4233,5,14400,1.0380344909
240383,240393,243327,10,2934,2,7200,1.00340831629
240487,240755,245046,268,4291,5,14400,1.06245630389
240539,240847,244871,308,4024,5,14400,1.07654075547
240594,240604,243602,10,2998,2,7200,1.00333555704
240663,240675,242251,12,1576,2,7200,1.0076142132
240690,240703,243902,13,3199,2,7200,1.00406376993
240723,240735,243794,12,3059,2,7200,1.0039228506
240738,240829,243750,91,2921,2,7200,1.03115371448
240756,241008,245498,252,4490,5,14400,1.0561247216
240817,240959,244043,142,3084,2,7200,1.04604409857
240849,241137,245078,288,3941,5,14400,1.07307789901
240949,240994,244027,45,3033,2,7200,1.01483679525
240982,241281,244137,299,2856,2,7200,1.10469187675
241004,241159,246235,155,5076,5,14400,1.030535855
241138,241393,245689,255,4296,5,14400,1.0593575419
241159,241486,246150,327,4664,5,14400,1.07011149228
241272,241320,244329,48,3009,2,7200,1.01595214357
241397,241842,245683,445,3841,5,14400,1.11585524603
241490,244397,248458,2907,4061,5,14400,1.71583353854
241561,241570,244636,9,3066,2,7200,1.00293542074
241643,241654,244457,11,2803,2,7200,1.00392436675
241820,241831,244683,11,2852,2,7200,1.0038569425
241840,244416,249032,2576,4616,5,14400,1.55805892548
242252,242262,245245,10,2983,2,7200,1.00335232987
242266,242421,245373,155,2952,2,7200,1.05250677507
242408,242561,245883,153,3322,2,7200,1.04605659241
242550,242749,245657,199,2908,2,7200,1.06843191197
242740,242833,245804,93,2971,2,7200,1.03130259172
242824,242921,245860,97,2939,2,7200,1.03300442327
242911,243145,246155,234,3010,2,7200,1.07774086379
243134,243338,243440,204,102,2,7200,3.0
243327,243452,246447,125,2995,2,7200,1.04173622705
243442,243613,246847,171,3234,2,7200,1.05287569573
243602,243762,246708,160,2946,2,7200,1.05431093007
243753,243805,246799,52,2994,2,7200,1.01736806947
243795,243914,246942,119,3028,2,7200,1.0392998679
243903,244038,247174,135,3136,2,7200,1.04304846939
244027,244055,244965,28,910,2,7200,1.03076923077
244045,244149,247142,104,2993,2,7200,1.03474774474
244139,244341,247587,202,3246,2,7200,1.06223043746
244329,244469,247302,140,2833,2,7200,1.04941757854
244394,244509,248444,115,3935,5,14400,1.0292249047
244415,244783,248718,368,3935,5,14400,1.09351969504
244416,256333,256340,11917,7,1,600,1192.4
244418,256351,256366,11933,15,1,600,796.533333333
244419,256378,256382,11959,4,1,600,1196.3
244458,244651,247618,193,2967,2,7200,1.06504887091
244480,256393,256396,11913,3,1,600,1191.6
244482,256407,256416,11925,9,1,600,1193.4
244508,244808,249643,300,4835,5,14400,1.0620475698
244539,278656,278657,34117,1,1,3600,3411.8
244543,256427,256430,11884,3,1,600,1188.7
244544,256441,256442,11897,1,1,600,1189.8
244546,256454,256458,11908,4,1,600,1191.2
244607,256469,256472,11862,3,1,600,1186.5
244636,244695,247713,59,3018,2,7200,1.01954937044
244668,256483,256496,11815,13,1,600,909.846153846
244670,256507,256520,11837,13,1,600,911.538461538
244671,256519,256522,11848,3,1,600,1185.1
244672,256524,256545,11852,21,1,600,565.380952381
244674,256531,256534,11857,3,1,600,1186.0
244684,244977,248144,293,3167,2,7200,1.0925165772
244735,256546,256549,11811,3,1,600,1181.4
244736,256556,256559,11820,3,1,600,1182.3
244738,256562,256567,11824,5,1,600,1182.9
244787,244883,248948,96,4065,5,14400,1.02361623616
244800,256585,256598,11785,13,1,600,907.538461538
244802,256609,256612,11807,3,1,600,1181.0
244803,256624,256643,11821,19,1,600,623.157894737
244805,256655,256659,11850,4,1,600,1185.4
244808,245058,249598,250,4540,5,14400,1.0550660793
244866,256670,256673,11804,3,1,600,1180.7
244867,256688,256701,11821,13,1,600,910.307692308
244869,256712,256722,11843,10,1,600,1185.3
244881,245095,249463,214,4368,5,14400,1.04899267399
244930,256735,256747,11805,12,1,600,984.75
244933,256770,256783,11837,13,1,600,911.538461538
244968,245256,248323,288,3067,2,7200,1.09390283665
244994,256795,256797,11801,2,1,600,1180.3
244995,256931,256947,11936,16,1,600,747.0
244997,256937,256953,11940,16,1,600,747.25
244998,256958,256961,11960,3,1,600,1196.3
245056,245509,250043,453,4534,5,14400,1.09991177768
245060,256964,256965,11904,1,1,600,1190.5
245061,256973,256985,11912,12,1,600,993.666666667
245062,256980,256992,11918,12,1,600,994.166666667
245064,256996,257004,11932,8,1,600,1194.0
245098,245696,249640,598,3944,5,14400,1.15162271805
245125,257004,257019,11879,15,1,600,792.933333333
245126,257016,257019,11890,3,1,600,1189.3
245128,257030,257034,11902,4,1,600,1190.6
245190,257045,257058,11855,13,1,600,912.923076923
245192,257051,257064,11859,13,1,600,913.230769231
245193,257070,257082,11877,12,1,600,990.75
245194,257076,257079,11882,3,1,600,1188.5
245196,257092,257104,11896,12,1,600,992.333333333
245245,245385,248202,140,2817,2,7200,1.04969826056
245258,257110,257111,11852,1,1,600,1185.3
245320,257116,257155,11796,39,1,600,303.461538462
245321,257123,257135,11802,12,1,600,984.5
245364,276368,276372,31004,4,8,18000,3100.8
245375,245669,248567,294,2898,2,7200,1.10144927536
245382,257146,257150,11764,4,1,600,1176.8
245384,259554,259566,14170,12,1,600,1181.83333333
245445,259578,259589,14133,11,1,600,1285.81818182
245446,259600,259601,14154,1,1,600,1415.5
245448,259613,259616,14165,3,1,600,1416.8
245509,259627,259628,14118,1,1,600,1411.9
245510,259639,259642,14129,3,1,600,1413.2
245510,245702,249786,192,4084,5,14400,1.04701273262
245511,259654,259657,14143,3,1,600,1414.6
245573,259668,259673,14095,5,1,600,1410.0
245574,259684,259701,14110,17,1,600,831.0
245575,259713,259716,14138,3,1,600,1414.1
245637,259727,259728,14090,1,1,600,1409.1
245638,259745,259758,14107,13,1,600,1086.15384615
245639,259770,259777,14131,7,1,600,1413.8
245641,259789,259792,14148,3,1,600,1415.1
245659,245815,248617,156,2802,2,7200,1.0556745182
245696,246161,250314,465,4153,5,14400,1.11196725259
245702,259803,259804,14101,1,1,600,1410.2
245703,259816,259828,14113,12,1,600,1177.08333333
245705,259841,259843,14136,2,1,600,1413.8
245707,246248,251206,541,4958,5,14400,1.10911657927
245766,259855,259859,14089,4,1,600,1409.3
245769,259879,259881,14110,2,1,600,1411.2
245770,259884,259885,14114,1,1,600,1411.5
245803,245871,248848,68,2977,2,7200,1.02284178703
245831,259890,259927,14059,37,1,600,380.972972973
245833,259897,259900,14064,3,1,600,1406.7
245834,259903,259906,14069,3,1,600,1407.2
245835,259911,259915,14076,4,1,600,1408.0
245860,245895,248749,35,2854,2,7200,1.01226348984
245884,246460,249691,576,3231,2,7200,1.1782729805
245897,259917,259920,14020,3,1,600,1402.3
245898,259928,259940,14030,12,1,600,1170.16666667
245899,259935,259945,14036,10,1,600,1404.6
245961,259947,259949,13986,2,1,600,1398.8
245962,259954,259966,13992,12,1,600,1167.0
245963,259978,259991,14015,13,1,600,1079.07692308
246025,260003,260015,13978,12,1,600,1165.83333333
246026,260027,260066,14001,39,1,600,360.0
246027,260041,260079,14014,38,1,600,369.789473684
246089,260078,260090,13989,12,1,600,1166.75
246090,260090,260109,14000,19,1,600,737.842105263
246091,260103,260107,14012,4,1,600,1401.6
246153,260118,260131,13965,13,1,600,1075.23076923
246154,260124,260138,13970,14,1,600,998.857142857
246155,260142,260145,13987,3,1,600,1399.0
246156,246719,249765,563,3046,2,7200,1.1848325673
246157,260150,260154,13993,4,1,600,1399.7
246161,248456,252495,2295,4039,5,14400,1.56820995296
246218,260157,260171,13939,14,1,600,996.642857143
246244,248471,252865,2227,4394,5,14400,1.50682749203
246448,246810,250075,362,3265,2,7200,1.11087289433
246708,246859,249892,151,3033,2,7200,1.04978569074
246798,246955,249796,157,2841,2,7200,1.05526223161
246849,247154,249889,305,2735,2,7200,1.11151736746
246943,247185,250132,242,2947,2,7200,1.08211740753
247142,247314,250419,172,3105,2,7200,1.05539452496
247175,247600,250703,425,3103,2,7200,1.13696422817
247302,247629,250450,327,2821,2,7200,1.11591634172
247588,247725,250645,137,2920,2,7200,1.04691780822
247618,248156,251062,538,2906,2,7200,1.18513420509
247715,248214,250829,499,2615,2,7200,1.19082217973
248146,248335,251157,189,2822,2,7200,1.06697377746
248203,248579,249908,376,1329,2,7200,1.28291948834
248324,248629,251623,305,2994,2,7200,1.10187040748
248458,248730,252835,272,4105,5,14400,1.06626065773
248469,248960,253602,491,4642,5,14400,1.10577337355
248568,248761,251571,193,2810,2,7200,1.06868327402
248619,248860,252080,241,3220,2,7200,1.0748447205
248727,249044,253679,317,4635,5,14400,1.06839266451
248751,249702,252460,951,2758,2,7200,1.34481508339
248848,249776,252434,928,2658,2,7200,1.34913468774
248965,249475,254258,510,4783,5,14400,1.10662763956
249048,249610,254559,562,4949,5,14400,1.1135582946
249470,249651,253664,181,4013,5,14400,1.0451034139
249615,249659,253545,44,3886,5,14400,1.01132269686
249657,249797,254652,140,4855,5,14400,1.02883625129
249657,250054,254497,397,4443,5,14400,1.08935404006
249692,249807,252737,115,2930,2,7200,1.03924914676
249765,249901,250340,136,439,2,7200,1.30979498861
249798,249907,253236,109,3329,2,7200,1.03274256533
249802,250325,254350,523,4025,5,14400,1.1299378882
249891,249919,252950,28,3031,2,7200,1.00923787529
249892,250087,252795,195,2708,2,7200,1.07200886263
249910,250143,253247,233,3104,2,7200,1.07506443299
250050,251218,255079,1168,3861,5,14400,1.30251230251
250076,250351,253417,275,3066,2,7200,1.08969341161
250133,250430,253470,297,3040,2,7200,1.09769736842
250328,252506,256359,2178,3853,5,14400,1.56527381261
250342,250463,253126,121,2663,2,7200,1.04543747653
250420,250656,253474,236,2818,2,7200,1.08374733854
250450,250714,253743,264,3029,2,7200,1.08715747772
250646,250842,253716,196,2874,2,7200,1.06819763396
250703,251074,253908,371,2834,2,7200,1.13091037403
250830,251169,254192,339,3023,2,7200,1.11214025802
251062,251583,254438,521,2855,2,7200,1.18248686515
251158,251641,254274,483,2633,2,7200,1.18344094189
251223,252846,256796,1623,3950,5,14400,1.41088607595
251572,252092,255085,520,2993,2,7200,1.17373872369
251623,252446,255487,823,3041,2,7200,1.27063465965
252082,252471,255215,389,2744,2,7200,1.1417638484
252435,252749,255951,314,3202,2,7200,1.09806371018
252461,252807,255698,346,2891,2,7200,1.11968177101
252509,252878,256874,369,3996,5,14400,1.09234234234
252739,252961,255841,222,2880,2,7200,1.07708333333
252796,253137,255904,341,2767,2,7200,1.12323816408
252849,253557,257945,708,4388,5,14400,1.161349134
252880,253613,258627,733,5014,5,14400,1.14619066613
252950,253248,256029,298,2781,2,7200,1.10715569939
253128,253260,254490,132,1230,2,7200,1.10731707317
253236,253429,256573,193,3144,2,7200,1.06138676845
253251,253483,256526,232,3043,2,7200,1.07624055209
253417,253490,256434,73,2944,2,7200,1.02479619565
253471,253728,256674,257,2946,2,7200,1.08723693143
253486,253754,256580,268,2826,2,7200,1.09483368719
253560,253676,257626,116,3950,5,14400,1.02936708861
253612,253691,258632,79,4941,5,14400,1.01598866626
253674,254271,259070,597,4799,5,14400,1.12440091686
253695,254361,258929,666,4568,5,14400,1.14579684764
253718,253920,254042,202,122,2,7200,2.65573770492
253745,254054,257153,309,3099,2,7200,1.09970958374
253908,254204,257199,296,2995,2,7200,1.09883138564
254044,254286,257227,242,2941,2,7200,1.0822849371
254195,254451,257311,256,2860,2,7200,1.08951048951
254272,254509,258739,237,4230,5,14400,1.05602836879
254276,254502,257249,226,2747,2,7200,1.08227156898
254365,254571,258452,206,3881,5,14400,1.05307910332
254439,255098,258074,659,2976,2,7200,1.22143817204
254490,255227,257889,737,2662,2,7200,1.27685950413
254509,254665,259137,156,4472,5,14400,1.03488372093
254571,255090,259060,519,3970,5,14400,1.13073047859
254664,256372,260320,1708,3948,5,14400,1.43262411348
255052,265346,271770,10294,6424,4,36000,2.60242839352
255085,255499,258397,414,2898,2,7200,1.14285714286
255086,256808,261690,1722,4882,5,14400,1.35272429332
255214,255709,258547,495,2838,2,7200,1.17441860465
255488,255853,258891,365,3038,2,7200,1.12014483213
255699,255915,259059,216,3144,2,7200,1.06870229008
255841,255963,258240,122,2277,2,7200,1.05357927097
255907,256040,258770,133,2730,2,7200,1.04871794872
255952,256153,259283,201,3130,2,7200,1.0642172524
256027,256447,259121,420,2674,2,7200,1.15706806283
256194,260196,260214,4002,18,1,600,223.333333333
256195,260202,260216,4007,14,1,600,287.214285714
256256,260208,260209,3952,1,1,600,395.3
256259,260236,260240,3977,4,1,600,398.1
256320,260252,260254,3932,2,1,600,393.4
256322,260266,260307,3944,41,1,600,97.1951219512
256323,260318,260331,3995,13,1,600,308.307692308
256373,256886,261610,513,4724,5,14400,1.10859441152
256384,260344,260353,3960,9,1,600,396.9
256386,260364,260365,3978,1,1,600,397.9
256388,260389,260391,4001,2,1,600,400.3
256437,256476,256919,39,443,2,7200,1.08803611738
256450,260404,260416,3954,12,1,600,330.5
256451,260428,260431,3977,3,1,600,398.0
256452,260442,260445,3990,3,1,600,399.3
256454,260457,260460,4003,3,1,600,400.6
256516,260484,260498,3968,14,1,600,284.428571429
256518,260510,260522,3992,12,1,600,333.666666667
256527,256538,259240,11,2702,2,7200,1.00407105848
256572,256579,257782,7,1203,2,7200,1.00581878637
256582,260558,260571,3976,13,1,600,306.846153846
256583,260582,260585,3999,3,1,600,400.2
256584,260597,260609,4013,12,1,600,335.416666667
256585,260620,260623,4035,3,1,600,403.8
256587,256593,259663,6,3070,2,7200,1.00195439739
256587,260635,260638,4048,3,1,600,405.1
256588,260649,260652,4061,3,1,600,406.4
256650,260669,260684,4019,15,1,600,268.933333333
256651,260695,260708,4044,13,1,600,312.076923077
256652,260719,260722,4067,3,1,600,407.0
256674,256681,259548,7,2867,2,7200,1.00244157656
256714,260733,260746,4019,13,1,600,310.153846154
256715,260757,260761,4042,4,1,600,404.6
256716,260772,260775,4056,3,1,600,405.9
256778,260787,260795,4009,8,1,600,401.7
256779,260807,260819,4028,12,1,600,336.666666667
256780,260830,260834,4050,4,1,600,405.4
256805,257168,261419,363,4251,5,14400,1.08539167255
256842,260846,260849,4004,3,1,600,400.7
256888,257637,261385,749,3748,5,14400,1.19983991462
256918,256924,259929,6,3005,2,7200,1.00199667221
256964,260872,260873,3908,1,1,600,390.9
256966,260884,260912,3918,28,1,600,140.928571429
256967,260924,260927,3957,3,1,600,396.0
257029,261436,261448,4407,12,1,600,368.25
257030,261461,261464,4431,3,1,600,443.4
257031,261476,261488,4445,12,1,600,371.416666667
257032,261500,261503,4468,3,1,600,447.1
257034,261516,261519,4482,3,1,600,448.5
257096,261544,261556,4448,12,1,600,371.666666667
257098,261569,261581,4471,12,1,600,373.583333333
257099,261593,261604,4494,11,1,600,409.545454545
257100,261616,261629,4516,13,1,600,348.384615385
257102,261641,261643,4539,2,1,600,454.1
257103,261658,261670,4555,12,1,600,380.583333333
257154,257162,260025,8,2863,2,7200,1.00279427174
257164,261681,261684,4517,3,1,600,452.0
257166,257957,262167,791,4210,5,14400,1.18788598575
257166,261696,261708,4530,12,1,600,378.5
257167,261720,261727,4553,7,1,600,456.0
257168,261740,261752,4572,12,1,600,382.0
257169,261764,261778,4595,14,1,600,329.214285714
257170,261789,261802,4619,13,1,600,356.307692308
257203,257211,259954,8,2743,2,7200,1.00291651476
257227,257238,260006,11,2768,2,7200,1.00397398844
257249,257261,260323,12,3062,2,7200,1.00391900718
257312,257322,259816,10,2494,2,7200,1.0040096231
257639,258465,263227,826,4762,5,14400,1.17345653087
257782,257795,260656,13,2861,2,7200,1.00454386578
257890,257901,260728,11,2827,2,7200,1.00389105058
257959,258638,263609,679,4971,5,14400,1.13659223496
258074,258086,260934,12,2848,2,7200,1.00421348315
258240,258252,261191,12,2939,2,7200,1.00408302144
258397,258409,261333,12,2924,2,7200,1.00410396717
258463,258645,263112,182,4467,5,14400,1.04074322812
258547,258558,261696,11,3138,2,7200,1.00350541746
258639,258750,263463,111,4713,5,14400,1.02355187778
258650,258941,263025,291,4084,5,14400,1.07125367287
258753,259078,264125,325,5047,5,14400,1.06439468991
258770,258783,261767,13,2984,2,7200,1.00435656836
258891,258903,261760,12,2857,2,7200,1.00420021001
258939,259085,263388,146,4303,5,14400,1.03392981641
259060,259071,262318,11,3247,2,7200,1.00338774253
259083,259148,263370,65,4222,5,14400,1.01539554713
259084,260331,265111,1247,4780,5,14400,1.26087866109
259123,259134,262127,11,2993,2,7200,1.00367524223
259146,261397,265335,2251,3938,5,14400,1.57160995429
259240,259251,262005,11,2754,2,7200,1.00399419027
259282,259295,262129,13,2834,2,7200,1.00458715596
259548,259560,261638,12,2078,2,7200,1.00577478345
259575,261813,261831,2238,18,1,600,125.333333333
259637,261842,261858,2205,16,1,600,138.8125
259638,261869,261870,2231,1,1,600,223.2
259640,261881,261882,2241,1,1,600,224.2
259662,259674,262649,12,2975,2,7200,1.00403361345
259702,261905,261914,2203,9,1,600,221.2
259703,261925,261938,2222,13,1,600,171.923076923
259705,261949,261958,2244,9,1,600,225.3
259766,261970,261983,2204,13,1,600,170.538461538
259767,261994,262003,2227,9,1,600,223.6
259769,262022,262025,2253,3,1,600,225.6
259770,262037,262050,2267,13,1,600,175.384615385
259816,259827,262690,11,2863,2,7200,1.00384212365
259831,262061,262064,2230,3,1,600,223.3
259833,262076,262081,2243,5,1,600,224.8
259834,262092,262100,2258,8,1,600,226.6
259835,262113,262126,2278,13,1,600,176.230769231
259897,262265,262269,2368,4,1,600,237.2
259898,262271,262285,2373,14,1,600,170.5
259899,262280,262281,2381,1,1,600,238.2
259901,262292,262296,2391,4,1,600,239.5
259902,262300,262302,2398,2,1,600,240.0
259930,259941,262873,11,2932,2,7200,1.00375170532
259955,259960,262605,5,2645,2,7200,1.00189035917
259963,262308,262310,2345,2,1,600,234.7
259965,262314,262317,2349,3,1,600,235.2
259966,262321,262322,2355,1,1,600,235.6
259967,262334,262338,2367,4,1,600,237.1
259968,262340,262344,2372,4,1,600,237.6
259970,262349,262350,2379,1,1,600,238.0
259971,262355,262358,2384,3,1,600,238.7
259972,262361,262366,2389,5,1,600,239.4
259974,262369,262372,2395,3,1,600,239.8
260009,260015,263128,6,3113,2,7200,1.00192740122
260027,260034,262972,7,2938,2,7200,1.00238257318
260035,262378,262382,2343,4,1,600,234.7
260036,262384,262397,2348,13,1,600,181.615384615
260098,262393,262394,2295,1,1,600,229.6
260099,262405,262408,2306,3,1,600,230.9
260100,262411,262452,2311,41,1,600,57.3658536585
260162,262420,262437,2258,17,1,600,133.823529412
260163,262448,262465,2285,17,1,600,135.411764706
260164,262464,262466,2300,2,1,600,230.2
260166,262477,262480,2311,3,1,600,231.4
260167,262484,262496,2317,12,1,600,194.083333333
260168,262492,262507,2324,15,1,600,155.933333333
260230,262508,262544,2278,36,1,600,64.2777777778
260232,262530,262543,2298,13,1,600,177.769230769
260234,262554,262567,2320,13,1,600,179.461538462
260235,262561,262578,2326,17,1,600,137.823529412
260296,262578,262579,2282,1,1,600,228.3
260298,262592,262605,2294,13,1,600,177.461538462
260325,260338,263554,13,3216,2,7200,1.00404228856
260329,261430,265677,1101,4247,5,14400,1.25924181775
260359,262598,262613,2239,15,1,600,150.266666667
260360,262624,262628,2264,4,1,600,226.8
260362,262639,262642,2277,3,1,600,228.0
260423,262653,262656,2230,3,1,600,223.3
260424,262668,262681,2244,13,1,600,173.615384615
260426,262692,262707,2266,15,1,600,152.066666667
260427,262718,262731,2291,13,1,600,177.230769231
260490,262755,262767,2265,12,1,600,189.75
260491,262779,262788,2288,9,1,600,229.7
260492,262800,262804,2308,4,1,600,231.2
260554,262815,262824,2261,9,1,600,227.0
260556,262848,262850,2292,2,1,600,229.4
260557,262861,262865,2304,4,1,600,230.8
260619,262877,262889,2258,12,1,600,189.166666667
260620,262900,262904,2280,4,1,600,228.4
260621,262916,262919,2295,3,1,600,229.8
260657,260663,263709,6,3046,2,7200,1.00196979645
260683,262930,262943,2247,13,1,600,173.846153846
260684,262954,262994,2270,40,1,600,57.75
260685,263007,263020,2322,13,1,600,179.615384615
260729,260746,263259,17,2513,2,7200,1.00676482292
260747,263031,263046,2284,15,1,600,153.266666667
260748,263058,263060,2310,2,1,600,231.2
260749,263073,263085,2324,12,1,600,194.666666667
260811,263097,263105,2286,8,1,600,229.4
260812,263116,263148,2304,32,1,600,73.0
260813,263124,263129,2311,5,1,600,231.6
260815,263129,263136,2314,7,1,600,232.1
260876,263135,263154,2259,19,1,600,119.894736842
260877,263149,263161,2272,12,1,600,190.333333333
260879,263160,263176,2281,16,1,600,143.5625
260880,263167,263168,2287,1,1,600,228.8
260881,263175,263187,2294,12,1,600,192.166666667
260931,260940,263303,9,2363,2,7200,1.00380871773
260943,263181,263194,2238,13,1,600,173.153846154
260944,263187,263191,2243,4,1,600,224.7
261193,261201,264224,8,3023,2,7200,1.00264637777
261336,261343,264179,7,2836,2,7200,1.00246826516
261400,261623,266260,223,4637,5,14400,1.04809143843
261431,261702,265681,271,3979,5,14400,1.06810756471
261486,263198,263199,1712,1,1,600,171.3
261487,263205,263217,1718,12,1,600,144.166666667
261549,263212,263224,1663,12,1,600,139.583333333
261550,263217,263220,1667,3,1,600,167.0
261552,263228,263241,1676,13,1,600,129.923076923
261553,263235,263236,1682,1,1,600,168.3
261614,263241,263253,1627,12,1,600,136.583333333
261616,263254,263256,1638,2,1,600,164.0
261617,263264,263273,1647,9,1,600,165.6
261627,262179,266121,552,3942,5,14400,1.1400304414
261640,261650,264491,10,2841,2,7200,1.00351988736
261678,263277,263289,1599,12,1,600,134.25
261680,263284,263288,1604,4,1,600,160.8
261698,261708,264828,10,3120,2,7200,1.00320512821
261700,263038,267098,1338,4060,5,14400,1.32955665025
261742,263321,263336,1579,15,1,600,106.266666667
261744,263326,263330,1582,4,1,600,158.6
261745,263341,263354,1596,13,1,600,123.769230769
261761,261771,264797,10,3026,2,7200,1.00330469266
261776,261782,264626,6,2844,2,7200,1.00210970464
261806,263348,263351,1542,3,1,600,154.5
261808,263362,263363,1554,1,1,600,155.5
261809,263370,263382,1561,12,1,600,131.083333333
261870,263377,263385,1507,8,1,600,151.5
261872,263383,263392,1511,9,1,600,152.0
261933,263394,263396,1461,2,1,600,146.3
261934,263406,263409,1472,3,1,600,147.5
261936,263413,263425,1477,12,1,600,124.083333333
261937,263418,263430,1481,12,1,600,124.416666667
261998,263424,263425,1426,1,1,600,142.7
261999,263436,263449,1437,13,1,600,111.538461538
262001,263442,263475,1441,33,1,600,44.6666666667
262005,262015,265095,10,3080,2,7200,1.00324675325
262063,263460,263461,1397,1,1,600,139.8
262065,263466,263469,1401,3,1,600,140.4
262126,263472,263473,1346,1,1,600,134.7
262128,263488,263491,1360,3,1,600,136.3
262128,262137,264931,9,2794,2,7200,1.00322118826
262129,263493,263496,1364,3,1,600,136.7
262130,262144,262573,14,429,2,7200,1.03263403263
262174,263247,264659,1073,1412,8,6000,1.75991501416
262190,263503,263509,1313,6,1,600,131.9
262312,263510,263513,1198,3,1,600,120.1
262313,263521,263536,1208,15,1,600,81.5333333333
262314,263527,263531,1213,4,1,600,121.7
262316,263543,263559,1227,16,1,600,77.6875
262317,263550,263562,1233,12,1,600,103.75
262318,263573,263574,1255,1,1,600,125.6
262319,262328,265085,9,2757,2,7200,1.00326441785
262380,263579,263581,1199,2,1,600,120.1
262381,263586,263598,1205,12,1,600,101.416666667
262382,263592,263607,1210,15,1,600,81.6666666667
262384,263610,263622,1226,12,1,600,103.166666667
262385,263618,263622,1233,4,1,600,123.7
262386,263626,263640,1240,14,1,600,89.5714285714
262388,263631,263634,1243,3,1,600,124.6
262389,263637,263640,1248,3,1,600,125.1
262390,263644,263683,1254,39,1,600,33.1538461538
262452,263649,263653,1197,4,1,600,120.1
262453,263656,263658,1203,2,1,600,120.5
262454,263661,263664,1207,3,1,600,121.0
262456,263666,263679,1210,13,1,600,94.0769230769
262517,263673,263685,1156,12,1,600,97.3333333333
262518,263678,263682,1160,4,1,600,116.4
262520,263684,263697,1164,13,1,600,90.5384615385
262521,263692,263704,1171,12,1,600,98.5833333333
262522,263699,263711,1177,12,1,600,99.0833333333
262524,263704,263712,1180,8,1,600,118.8
262525,263709,263721,1184,12,1,600,99.6666666667
262573,262585,265730,12,3145,2,7200,1.00381558029
262586,263722,263761,1136,39,1,600,30.1282051282
262588,263728,263740,1140,12,1,600,96.0
262589,263735,263741,1146,6,1,600,115.2
262590,263740,263749,1150,9,1,600,115.9
262592,263752,263789,1160,37,1,600,32.3513513514
262603,262609,265965,6,3356,2,7200,1.00178784267
262651,262660,265379,9,2719,2,7200,1.00331004046
262653,263758,263771,1105,13,1,600,86.0
262654,263766,263778,1112,12,1,600,93.6666666667
262656,263773,263774,1117,1,1,600,111.8
262690,262702,265608,12,2906,2,7200,1.00412938747
262718,263789,263790,1071,1,1,600,107.2
262720,263794,263802,1074,8,1,600,108.2
262721,263801,263804,1080,3,1,600,108.3
262782,263806,263814,1024,8,1,600,103.2
262784,263812,263821,1028,9,1,600,103.7
262785,263819,263821,1034,2,1,600,103.6
262846,263824,263836,978,12,1,600,82.5
262848,263830,263839,982,9,1,600,99.1
262849,263837,263838,988,1,1,600,98.9
262874,262884,265771,10,2887,2,7200,1.00346380326
262912,263849,263850,937,1,1,600,93.8
262913,263854,263867,941,13,1,600,73.3846153846
262914,263861,263893,947,32,1,600,30.59375
262916,263866,263867,950,1,1,600,95.1
262973,262984,265699,11,2715,2,7200,1.00405156538
262977,263872,263905,895,33,1,600,28.1212121212
262979,263878,263891,899,13,1,600,70.1538461538
263038,263401,264813,363,1412,8,6000,1.25708215297
263042,263895,263896,853,1,1,600,85.4
263103,263902,263906,799,4,1,600,80.3
263104,263908,263920,804,12,1,600,68.0
263106,263914,263926,808,12,1,600,68.3333333333
263130,263142,265962,12,2820,2,7200,1.00425531915
263167,263920,263929,753,9,1,600,76.2
263169,263925,263929,756,4,1,600,76.0
263170,263932,263945,762,13,1,600,59.6153846154
263171,263939,263942,768,3,1,600,77.1
263173,263945,263946,772,1,1,600,77.3
263175,263957,263960,782,3,1,600,78.5
263237,263962,263965,725,3,1,600,72.8
263239,263974,263986,735,12,1,600,62.25
263241,263979,263992,738,13,1,600,57.7692307692
263242,263986,264025,744,39,1,600,20.0769230769
263244,263481,264881,237,1400,8,6000,1.16928571429
263244,263991,263994,747,3,1,600,75.0
263245,263997,263998,752,1,1,600,75.3
263246,264003,264004,757,1,1,600,75.8
263248,264010,264019,762,9,1,600,77.1
263260,263272,263288,12,16,2,7200,1.75
263290,263300,266432,10,3132,2,7200,1.00319284802
263305,263314,266311,9,2997,2,7200,1.003003003
263310,264022,264061,712,39,1,600,19.2564102564
263312,264028,264031,716,3,1,600,71.9
263313,264036,264039,723,3,1,600,72.6
263314,264042,264043,728,1,1,600,72.9
263316,264048,264049,732,1,1,600,73.3
263317,264054,264067,737,13,1,600,57.6923076923
263379,264060,264063,681,3,1,600,68.4
263380,264066,264079,686,13,1,600,53.7692307692
263381,264074,264086,693,12,1,600,58.75
263383,264081,264083,698,2,1,600,70.0
263384,264086,264101,702,15,1,600,47.8
263399,264141,265561,742,1420,8,6000,1.52253521127
263445,264092,264095,647,3,1,600,65.0
263447,264100,264102,653,2,1,600,65.5
263448,264105,264117,657,12,1,600,55.75
263450,264111,264124,661,13,1,600,51.8461538462
263452,264123,264135,671,12,1,600,56.9166666667
263454,264129,264130,675,1,1,600,67.6
263456,264146,264159,690,13,1,600,54.0769230769
263458,264154,264164,696,10,1,600,70.6
263482,264672,266078,1190,1406,8,6000,1.84637268848
263519,264159,264162,640,3,1,600,64.3
263520,264171,264183,651,12,1,600,55.25
263522,264177,264178,655,1,1,600,65.6
263523,264183,264185,660,2,1,600,66.2
263524,264196,264208,672,12,1,600,57.0
263526,264202,264215,676,13,1,600,53.0
263527,264219,264222,692,3,1,600,69.5
263528,264227,264232,699,5,1,600,70.4
263555,263567,266440,12,2873,2,7200,1.00417681866
263590,264239,264251,649,12,1,600,55.0833333333
263591,264245,264257,654,12,1,600,55.5
263593,264263,264281,670,18,1,600,38.2222222222
263594,264269,264282,675,13,1,600,52.9230769231
263595,264293,264305,698,12,1,600,59.1666666667
263597,264299,264312,702,13,1,600,55.0
263658,264317,264320,659,3,1,600,66.2
263659,264324,264329,665,5,1,600,67.0
263661,264331,264349,670,18,1,600,38.2222222222
263665,264362,264397,697,35,1,600,20.9142857143
263666,264368,264371,702,3,1,600,70.5
263667,264383,264390,716,7,1,600,72.3
263669,264402,264408,733,6,1,600,73.9
263670,264408,264412,738,4,1,600,74.2
263709,263715,266736,6,3021,2,7200,1.00198609732
263734,264433,264437,699,4,1,600,70.3
263736,264440,264443,704,3,1,600,70.7
263737,264448,264461,711,13,1,600,55.6923076923
263738,264454,264458,716,4,1,600,72.0
263740,264469,264473,729,4,1,600,73.3
263741,264477,264506,736,29,1,600,26.3793103448
263742,264486,264488,744,2,1,600,74.6
263804,264504,264517,700,13,1,600,54.8461538462
263805,264517,264520,712,3,1,600,71.5
263806,264528,264538,722,10,1,600,73.2
263808,264534,264535,726,1,1,600,72.7
263810,264553,264566,743,13,1,600,58.1538461538
263811,264560,264573,749,13,1,600,58.6153846154
263813,264578,264590,765,12,1,600,64.75
263814,264585,264587,771,2,1,600,77.3
263815,264598,264599,783,1,1,600,78.4
263817,264605,264618,788,13,1,600,61.6153846154
263818,264613,264615,795,2,1,600,79.7
263819,264628,264637,809,9,1,600,81.8
263881,264640,264652,759,12,1,600,64.25
263882,264648,264662,766,14,1,600,55.7142857143
263883,264664,264676,781,12,1,600,66.0833333333
263885,264678,264690,793,12,1,600,67.0833333333
263886,264687,264700,801,13,1,600,62.6153846154
263888,264711,264714,823,3,1,600,82.6
263890,264718,264721,828,3,1,600,83.1
263891,264727,264739,836,12,1,600,70.6666666667
263892,264734,264746,842,12,1,600,71.1666666667
263954,264750,264759,796,9,1,600,80.5
263956,264769,264773,813,4,1,600,81.7
263957,264777,264789,820,12,1,600,69.3333333333
263959,264785,264794,826,9,1,600,83.5
263960,264801,264809,841,8,1,600,84.9
263961,264820,264823,859,3,1,600,86.2
263963,264835,264838,872,3,1,600,87.5
263964,264850,264862,886,12,1,600,74.8333333333
263965,264874,264877,909,3,1,600,91.2
263967,264888,264902,921,14,1,600,66.7857142857
263968,264901,264902,933,1,1,600,93.4
263969,264913,264921,944,8,1,600,95.2
263970,264918,264921,948,3,1,600,95.1
264033,264938,264951,905,13,1,600,70.6153846154
264034,264950,264984,916,34,1,600,27.9411764706
264036,264963,264967,927,4,1,600,93.1
264038,264990,265015,952,25,1,600,39.08
264040,264998,265010,958,12,1,600,80.8333333333
264041,265021,265024,980,3,1,600,98.3
264044,265036,265048,992,12,1,600,83.6666666667
264045,265043,265045,998,2,1,600,100.0
264046,265056,265065,1010,9,1,600,101.9
264109,265076,265088,967,12,1,600,81.5833333333
264110,265083,265095,973,12,1,600,82.0833333333
264112,265099,265112,987,13,1,600,76.9230769231
264113,265107,265110,994,3,1,600,99.7
264114,265112,265121,998,9,1,600,100.7
264115,265134,265145,1019,11,1,600,93.6363636364
264117,265156,265157,1039,1,1,600,104.0
264118,265168,265182,1050,14,1,600,76.0
264119,265195,265197,1076,2,1,600,107.8
264121,265210,265222,1089,12,1,600,91.75
264140,264827,266249,687,1422,8,6000,1.48312236287
264179,264189,267175,10,2986,2,7200,1.00334896182
264182,265234,265246,1052,12,1,600,88.6666666667
264183,265258,265262,1075,4,1,600,107.9
264185,265274,265286,1089,12,1,600,91.75
264187,265309,265313,1122,4,1,600,112.6
264189,265325,265337,1136,12,1,600,95.6666666667
264190,265353,265369,1163,16,1,600,73.6875
264191,265381,265393,1190,12,1,600,100.166666667
264193,265404,265407,1211,3,1,600,121.4
264194,265419,265422,1225,3,1,600,122.8
264195,265434,265438,1239,4,1,600,124.3
264196,265450,265452,1254,2,1,600,125.6
264224,264233,266725,9,2492,2,7200,1.00361155698
264258,265463,265472,1205,9,1,600,121.4
264260,265496,265508,1236,12,1,600,104.0
264262,265520,265523,1258,3,1,600,126.1
264263,265534,265537,1271,3,1,600,127.4
264264,265549,265561,1285,12,1,600,108.083333333
264326,265578,265580,1252,2,1,600,125.4
264327,265592,265625,1265,33,1,600,39.3333333333
264330,265648,265649,1318,1,1,600,131.9
264331,265660,265662,1329,2,1,600,133.1
264392,265675,265687,1283,12,1,600,107.916666667
264394,265688,265705,1294,17,1,600,77.1176470588
264395,265694,265695,1299,1,1,600,130.0
264396,265706,265718,1310,12,1,600,110.166666667
264397,265719,265729,1322,10,1,600,133.2
264399,265730,265743,1331,13,1,600,103.384615385
264460,265744,265756,1284,12,1,600,108.0
264461,265749,265762,1288,13,1,600,100.076923077
264463,265756,265759,1293,3,1,600,129.6
264464,265767,265768,1303,1,1,600,130.4
264465,265775,265777,1310,2,1,600,131.2
264467,265780,265793,1313,13,1,600,102.0
264468,265792,265801,1324,9,1,600,133.3
264469,265805,265817,1336,12,1,600,112.333333333
264470,265814,265816,1344,2,1,600,134.6
264492,264499,267278,7,2779,2,7200,1.00251889169
264532,265827,265828,1295,1,1,600,129.6
264533,265835,265837,1302,2,1,600,130.4
264534,265841,265854,1307,13,1,600,101.538461538
264536,265850,265862,1314,12,1,600,110.5
264537,265866,265869,1329,3,1,600,133.2
264598,265873,265886,1275,13,1,600,99.0769230769
264600,265880,265883,1280,3,1,600,128.3
264601,265894,265908,1293,14,1,600,93.3571428571
264604,265914,265917,1310,3,1,600,131.3
264606,265928,265929,1322,1,1,600,132.3
264608,265935,265948,1327,13,1,600,103.076923077
264628,264634,267539,6,2905,2,7200,1.00206540448
264669,265942,265945,1273,3,1,600,127.6
264671,265956,265996,1285,40,1,600,33.125
264673,265977,265981,1304,4,1,600,130.8
264675,264896,266302,221,1406,8,6000,1.15718349929
264675,265982,266009,1307,27,1,600,49.4074074074
264736,265994,265995,1258,1,1,600,125.9
264739,266013,266028,1274,15,1,600,85.9333333333
264740,266020,266022,1280,2,1,600,128.2
264741,266026,266027,1285,1,1,600,128.6
264743,266033,266034,1290,1,1,600,129.1
264797,264807,267769,10,2962,2,7200,1.00337609723
264804,266040,266048,1236,8,1,600,124.4
264805,266045,266049,1240,4,1,600,124.4
264808,266060,266062,1252,2,1,600,125.4
264809,266066,266070,1257,4,1,600,126.1
264811,266072,266084,1261,12,1,600,106.083333333
264812,266078,266079,1266,1,1,600,126.7
264829,265125,266546,296,1421,8,6000,1.20830401126
264830,264843,267955,13,3112,2,7200,1.00417737789
264873,266085,266100,1212,15,1,600,81.8
264875,266099,266101,1224,2,1,600,122.6
264876,266111,266124,1235,13,1,600,96.0
264877,266118,266119,1241,1,1,600,124.2
264892,265573,267001,681,1428,8,6000,1.4768907563
264932,264944,267902,12,2958,2,7200,1.00405679513
264939,266130,266162,1191,32,1,600,38.21875
264940,266174,266177,1234,3,1,600,123.7
264942,266188,266201,1246,13,1,600,96.8461538462
264943,266213,266225,1270,12,1,600,106.833333333
264944,266236,266240,1292,4,1,600,129.6
264946,266252,266264,1306,12,1,600,109.833333333
265007,266273,266285,1266,12,1,600,106.5
265008,266278,266281,1270,3,1,600,127.3
265010,266283,266300,1273,17,1,600,75.8823529412
265011,266289,266293,1278,4,1,600,128.2
265072,266294,266295,1222,1,1,600,122.3
265074,266301,266313,1227,12,1,600,103.25
265075,266306,266309,1231,3,1,600,123.4
265076,266311,266314,1235,3,1,600,123.8
265078,266331,266344,1253,13,1,600,97.3846153846
265079,266356,266359,1277,3,1,600,128.0
265081,266371,266374,1290,3,1,600,129.3
265082,266385,266400,1303,15,1,600,87.8666666667
265086,265093,268211,7,3118,2,7200,1.00224502886
265101,265118,268137,17,3019,2,7200,1.00563100364
265129,265701,267115,572,1414,8,6000,1.4045261669
265143,266412,266415,1269,3,1,600,127.2
265145,267071,267078,1926,7,1,600,193.3
265146,267090,267094,1944,4,1,600,194.8
265147,267106,267118,1959,12,1,600,164.25
265149,267133,267146,1984,13,1,600,153.615384615
265210,267143,267158,1933,15,1,600,129.866666667
265212,267149,267162,1937,13,1,600,150.0
265213,267154,267170,1941,16,1,600,122.3125
265214,267159,267173,1945,14,1,600,139.928571429
265277,267173,267177,1896,4,1,600,190.0
265278,267178,267181,1900,3,1,600,190.3
265341,267197,267199,1856,2,1,600,185.8
265342,267202,267206,1860,4,1,600,186.4
265344,267207,267240,1863,33,1,600,57.4545454545
265381,265391,268286,10,2895,2,7200,1.00345423143
265405,267214,267226,1809,12,1,600,151.75
265407,267219,267222,1812,3,1,600,181.5
265468,267225,267228,1757,3,1,600,176.0
265469,267234,267237,1765,3,1,600,176.8
265472,267247,267259,1775,12,1,600,148.916666667
265533,267253,267270,1720,17,1,600,102.176470588
265535,267259,267262,1724,3,1,600,172.7
265536,267264,267276,1728,12,1,600,145.0
265537,267271,267274,1734,3,1,600,173.7
265571,266092,267516,521,1424,8,6000,1.36587078652
265600,267284,267297,1684,13,1,600,130.538461538
265601,267296,267308,1695,12,1,600,142.25
265610,265620,268556,10,2936,2,7200,1.00340599455
265663,267309,267325,1646,16,1,600,103.875
265664,267320,267332,1656,12,1,600,139.0
265665,267336,267341,1671,5,1,600,167.6
265700,265713,268662,13,2949,2,7200,1.00440827399
265705,266136,267552,431,1416,8,6000,1.30437853107
265727,267344,267356,1617,12,1,600,135.75
265728,267354,267366,1626,12,1,600,136.5
265729,267367,267382,1638,15,1,600,110.2
265730,267378,267390,1648,12,1,600,138.333333333
265730,265737,268560,7,2823,2,7200,1.0024796316
265732,267393,267430,1661,37,1,600,45.8918918919
265772,265786,268735,14,2949,2,7200,1.00474737199
265793,267402,267414,1609,12,1,600,135.083333333
265794,267418,267430,1624,12,1,600,136.333333333
265796,267424,267427,1628,3,1,600,163.1
265797,267430,267443,1633,13,1,600,126.615384615
265798,267438,267451,1640,13,1,600,127.153846154
265800,267444,267447,1644,3,1,600,164.7
265802,267457,267459,1655,2,1,600,165.7
265864,267462,267474,1598,12,1,600,134.166666667
265865,267468,267471,1603,3,1,600,160.6
265866,267474,267480,1608,6,1,600,161.4
265868,267479,267498,1611,19,1,600,85.7894736842
265869,267486,267498,1617,12,1,600,135.75
265870,267491,267495,1621,4,1,600,162.5
265872,267496,267500,1624,4,1,600,162.8
265933,267503,267506,1570,3,1,600,157.3
265934,267509,267512,1575,3,1,600,157.8
265936,267515,267527,1579,12,1,600,132.583333333
265937,267520,267552,1583,32,1,600,50.46875
265938,267526,267534,1588,8,1,600,159.6
265942,267568,267581,1626,13,1,600,126.076923077
265962,265970,268795,8,2825,2,7200,1.00283185841
265977,265988,268783,11,2795,2,7200,1.00393559928
266004,267592,267627,1588,35,1,600,46.3714285714
266005,267638,267642,1633,4,1,600,163.7
266006,267654,267666,1648,12,1,600,138.333333333
266008,267677,267690,1669,13,1,600,129.384615385
266009,267701,267714,1692,13,1,600,131.153846154
266010,267725,267727,1715,2,1,600,171.7
266072,267740,267743,1668,3,1,600,167.1
266073,267755,267768,1682,13,1,600,130.384615385
266074,267779,267783,1705,4,1,600,170.9
266075,267794,267807,1719,13,1,600,133.230769231
266077,267818,267822,1741,4,1,600,174.5
266078,267833,267863,1755,30,1,600,59.5
266081,267886,267890,1805,4,1,600,180.9
266082,267901,267913,1819,12,1,600,152.583333333
266083,267925,267928,1842,3,1,600,184.5
266086,267950,267963,1864,13,1,600,144.384615385
266096,266262,267670,166,1408,8,6000,1.11789772727
266138,266318,267762,180,1444,8,6000,1.12465373961
266148,267987,267991,1839,4,1,600,184.3
266150,268003,268005,1853,2,1,600,185.5
266151,268018,268020,1867,2,1,600,186.9
266152,268033,268042,1881,9,1,600,189.0
266214,268054,268056,1840,2,1,600,184.2
266215,268067,268080,1852,13,1,600,143.461538462
266216,268091,268092,1875,1,1,600,187.6
266262,266511,267921,249,1410,8,6000,1.17659574468
266278,268103,268107,1825,4,1,600,182.9
266279,268118,268119,1839,1,1,600,184.0
266280,268130,268131,1850,1,1,600,185.1
266312,266324,267290,12,966,2,7200,1.01242236025
266314,266557,267964,243,1407,8,6000,1.17270788913
266342,268143,268159,1801,16,1,600,113.5625
266343,268172,268187,1829,15,1,600,122.933333333
266344,268199,268209,1855,10,1,600,186.5
266347,268233,268246,1886,13,1,600,146.076923077
266348,268258,268261,1910,3,1,600,191.3
266350,268272,268310,1922,38,1,600,51.5789473684
266351,268323,268335,1972,12,1,600,165.333333333
266352,268347,268350,1995,3,1,600,199.8
266414,268361,268374,1947,13,1,600,150.769230769
266415,268385,268398,1970,13,1,600,152.538461538
266416,268409,268446,1993,37,1,600,54.8648648649
266434,266518,269430,84,2912,2,7200,1.02884615385
266449,266736,269402,287,2666,2,7200,1.10765191298
266478,268458,268473,1980,15,1,600,133.0
266510,267013,268429,503,1416,8,6000,1.3552259887
266562,267126,268529,564,1403,8,6000,1.40199572345
266726,266747,269754,21,3007,2,7200,1.00698370469
266741,266978,267407,237,429,2,7200,1.55244755245
267015,267544,268951,529,1407,8,6000,1.37597725657
267073,267112,267132,39,20,4,14400,2.95
267129,267550,268955,421,1405,8,6000,1.29964412811
267142,268496,268499,1354,3,1,600,135.7
267144,268510,268511,1366,1,1,600,136.7
267177,267184,270098,7,2914,2,7200,1.00240219629
267206,268534,268538,1328,4,1,600,133.2
267208,268549,268553,1341,4,1,600,134.5
267209,268564,268565,1355,1,1,600,135.6
267210,268583,268595,1373,12,1,600,115.416666667
267212,268610,268611,1398,1,1,600,139.9
267213,268623,268635,1410,12,1,600,118.5
267214,268646,268649,1432,3,1,600,143.5
267216,268661,268674,1445,13,1,600,112.153846154
267217,268685,268689,1468,4,1,600,147.2
267218,268700,268713,1482,13,1,600,115.0
267279,267291,270286,12,2995,2,7200,1.0040066778
267280,268724,268725,1444,1,1,600,144.5
267281,268737,268749,1456,12,1,600,122.333333333
267282,268760,268763,1478,3,1,600,148.1
267283,268774,268790,1491,16,1,600,94.1875
267285,268802,268814,1517,12,1,600,127.416666667
267286,268826,268829,1540,3,1,600,154.3
267287,268841,268875,1554,34,1,600,46.7058823529
267289,268887,268899,1598,12,1,600,134.166666667
267290,268911,268913,1621,2,1,600,162.3
267291,268925,268927,1634,2,1,600,163.6
267293,268938,268941,1645,3,1,600,164.8
267294,267303,270351,9,3048,2,7200,1.00295275591
267355,268975,268978,1620,3,1,600,162.3
267357,268994,268998,1637,4,1,600,164.1
267359,269028,269030,1669,2,1,600,167.1
267360,269042,269054,1682,12,1,600,141.166666667
267362,269065,269077,1703,12,1,600,142.916666667
267406,267412,270152,6,2740,2,7200,1.00218978102
267423,269089,269108,1666,19,1,600,88.6842105263
267424,269119,269122,1695,3,1,600,169.8
267426,269134,269142,1708,8,1,600,171.6
267427,269153,269156,1726,3,1,600,172.9
267488,269168,269171,1680,3,1,600,168.3
267490,269183,269186,1693,3,1,600,169.6
267491,269198,269210,1707,12,1,600,143.25
267492,269221,269224,1729,3,1,600,173.2
267496,269259,269272,1763,13,1,600,136.615384615
267498,269284,269286,1786,2,1,600,178.8
267499,269297,269302,1798,5,1,600,180.3
267501,269314,269317,1813,3,1,600,181.6
267502,269328,269368,1826,40,1,600,46.65
267503,269379,269391,1876,12,1,600,157.333333333
267505,269403,269418,1898,15,1,600,127.533333333
267506,269429,269445,1923,16,1,600,121.1875
267508,269457,269470,1949,13,1,600,150.923076923
267540,267563,268976,23,1413,8,6000,1.01627742392
267541,267787,270803,246,3016,2,7200,1.08156498674
267542,271781,271803,4239,22,4,14400,193.681818182
267551,267684,269096,133,1412,8,6000,1.09419263456
267561,267773,269199,212,1426,8,6000,1.14866760168
267569,269482,269514,1913,32,1,600,60.78125
267572,269538,269541,1966,3,1,600,196.9
267573,269553,269566,1980,13,1,600,153.307692308
267574,269577,269590,2003,13,1,600,155.076923077
267576,269601,269605,2025,4,1,600,202.9
267577,269616,269629,2039,13,1,600,157.846153846
267638,269641,269653,2003,12,1,600,167.916666667
267685,267933,269341,248,1408,8,6000,1.17613636364
267701,269678,269681,1977,3,1,600,198.0
267704,269704,269713,2000,9,1,600,200.9
267765,269724,269729,1959,5,1,600,196.4
267767,269740,269744,1973,4,1,600,197.7
267768,269755,269768,1987,13,1,600,153.846153846
267770,267914,270760,144,2846,2,7200,1.05059732959
267778,267981,269396,203,1415,8,6000,1.14346289753
267829,269780,269782,1951,2,1,600,195.3
267831,269794,269796,1963,2,1,600,196.5
267832,269808,269811,1976,3,1,600,197.9
267833,269823,269826,1990,3,1,600,199.3
267852,278668,278676,10816,8,1,3600,1082.4
267895,269837,269854,1942,17,1,600,115.235294118
267896,269865,269878,1969,13,1,600,152.461538462
267897,269889,269893,1992,4,1,600,199.6
267903,267967,270985,64,3018,2,7200,1.02120609675
267933,268441,269834,508,1393,8,6000,1.36468054559
267954,268149,271309,195,3160,2,7200,1.06170886076
267959,269904,269907,1945,3,1,600,194.8
267961,269930,269933,1969,3,1,600,197.2
267985,268541,269962,556,1421,8,6000,1.39127375088
268023,269944,269948,1921,4,1,600,192.5
268024,269959,269972,1935,13,1,600,149.846153846
268025,269984,269987,1959,3,1,600,196.2
268027,269999,270003,1972,4,1,600,197.6
268028,270014,270018,1986,4,1,600,199.0
268089,270030,270043,1941,13,1,600,150.307692308
268091,270055,270057,1964,2,1,600,196.6
268092,270069,270072,1977,3,1,600,198.0
268138,268227,271286,89,3059,2,7200,1.02909447532
268153,270084,270087,1931,3,1,600,193.4
268154,270098,270107,1944,9,1,600,195.3
268156,270119,270131,1963,12,1,600,164.583333333
268157,270143,270158,1986,15,1,600,133.4
268213,268298,271323,85,3025,2,7200,1.02809917355
268218,270170,270171,1952,1,1,600,195.3
268220,270183,270186,1963,3,1,600,196.6
268221,270198,270216,1977,18,1,600,110.833333333
268282,270228,270231,1946,3,1,600,194.9
268284,270243,270245,1959,2,1,600,196.1
268285,270256,270272,1971,16,1,600,124.1875
268286,268570,268996,284,426,2,7200,1.66666666667
268346,270284,270298,1938,14,1,600,139.428571429
268409,270322,270334,1913,12,1,600,160.416666667
268411,270345,270349,1934,4,1,600,193.8
268412,270360,270383,1948,23,1,600,85.6956521739
268437,268962,270379,525,1417,8,6000,1.37050105857
268473,270408,270421,1935,13,1,600,149.846153846
268536,270445,270448,1909,3,1,600,191.2
268537,270460,270476,1923,16,1,600,121.1875
268539,270488,270491,1949,3,1,600,195.2
268540,268970,270383,430,1413,8,6000,1.30431705591
268540,270503,270506,1963,3,1,600,196.6
268557,268578,268591,21,13,2,7200,2.61538461538
268572,268603,271724,31,3121,2,7200,1.00993271387
268593,268673,271151,80,2478,2,7200,1.03228410008
268601,270518,270531,1917,13,1,600,148.461538462
268603,270543,270555,1940,12,1,600,162.666666667
268604,270567,270570,1963,3,1,600,196.6
268605,270581,270582,1976,1,1,600,197.7
268662,268747,271858,85,3111,2,7200,1.02732240437
268667,270593,270606,1926,13,1,600,149.153846154
268668,270618,270630,1950,12,1,600,163.5
268669,270644,270645,1975,1,1,600,197.6
268731,270656,270660,1925,4,1,600,192.9
268732,270671,270673,1939,2,1,600,194.1
268733,270684,270685,1951,1,1,600,195.2
268735,270696,270709,1961,13,1,600,151.846153846
268735,268794,271718,59,2924,2,7200,1.02017783858
268784,268808,271433,24,2625,2,7200,1.00914285714
268796,270720,270721,1924,1,1,600,192.5
268797,270732,270733,1935,1,1,600,193.6
268799,269009,272248,210,3239,2,7200,1.06483482556
268799,270745,270757,1946,12,1,600,163.166666667
268860,270772,270782,1912,10,1,600,192.2
268923,270791,270806,1868,15,1,600,125.533333333
268924,270798,270811,1874,13,1,600,145.153846154
268926,270818,270820,1892,2,1,600,189.4
268961,268987,270382,26,1395,8,6000,1.01863799283
268972,269107,270525,135,1418,8,6000,1.0952045134
268983,269211,270626,228,1415,8,6000,1.16113074205
268988,270829,270842,1841,13,1,600,142.615384615
268990,270842,270843,1852,1,1,600,185.3
268991,270847,270860,1856,13,1,600,143.769230769
268998,269417,272007,419,2590,2,7200,1.16177606178
269052,270853,270857,1801,4,1,600,180.5
269054,270859,270872,1805,13,1,600,139.846153846
269055,270865,270877,1810,12,1,600,151.833333333
269107,269353,270770,246,1417,8,6000,1.1736062103
269116,270871,270877,1755,6,1,600,176.1
269118,270876,270879,1758,3,1,600,176.1
269119,270884,270886,1765,2,1,600,176.7
269180,270890,270893,1710,3,1,600,171.3
269181,270895,270898,1714,3,1,600,171.7
269183,270901,270913,1718,12,1,600,144.166666667
269184,270907,270920,1723,13,1,600,133.538461538
269210,269410,270824,200,1414,8,6000,1.1414427157
269245,270913,270925,1668,12,1,600,140.0
269248,270926,270942,1678,16,1,600,105.875
269249,270932,270936,1683,4,1,600,168.7
269311,270938,270939,1627,1,1,600,162.8
269312,270944,270957,1632,13,1,600,126.538461538
269313,270950,270953,1637,3,1,600,164.0
269314,270956,270959,1642,3,1,600,164.5
269354,269845,271275,491,1430,8,6000,1.34335664336
269376,270962,270984,1586,22,1,600,73.0909090909
269377,270969,270982,1592,13,1,600,123.461538462
269403,269441,272308,38,2867,2,7200,1.01325427276
269406,269974,271426,568,1452,8,6000,1.391184573
269429,269765,272851,336,3086,2,7200,1.10887880752
269438,270975,270977,1537,2,1,600,153.9
269440,270981,271016,1541,35,1,600,45.0285714286
269501,270988,270992,1487,4,1,600,149.1
269503,271000,271015,1497,15,1,600,100.8
269564,271006,271022,1442,16,1,600,91.125
269565,271027,271029,1462,2,1,600,146.4
269567,271032,271036,1465,4,1,600,146.9
269628,271038,271042,1410,4,1,600,141.4
269629,271045,271048,1416,3,1,600,141.9
269631,271052,271055,1421,3,1,600,142.4
269692,271059,271071,1367,12,1,600,114.916666667
269693,271064,271071,1371,7,1,600,137.8
269695,271070,271074,1375,4,1,600,137.9
269696,271082,271086,1386,4,1,600,139.0
269752,270111,273082,359,2971,2,7200,1.12083473578
269757,271087,271090,1330,3,1,600,133.3
269759,271093,271106,1334,13,1,600,103.615384615
269760,271100,271115,1340,15,1,600,90.3333333333
269761,271106,271114,1345,8,1,600,135.3
269823,271118,271121,1295,3,1,600,129.8
269824,271125,271138,1301,13,1,600,101.076923077
269825,271132,271147,1307,15,1,600,88.1333333333
269848,270390,271809,542,1419,8,6000,1.38195912615
269888,271149,271158,1261,9,1,600,127.0
269889,271154,271157,1265,3,1,600,126.8
269953,271178,271182,1225,4,1,600,122.9
269955,271183,271196,1228,13,1,600,95.4615384615
269956,271189,271190,1233,1,1,600,123.4
269972,270397,271800,425,1403,8,6000,1.30292230934
270019,271201,271217,1182,16,1,600,74.875
270020,271206,271222,1186,16,1,600,75.125
270021,271213,271216,1192,3,1,600,119.5
270083,271219,271231,1136,12,1,600,95.6666666667
270084,271227,271230,1143,3,1,600,114.6
270085,271234,271236,1149,2,1,600,115.1
270087,271239,271242,1152,3,1,600,115.5
270099,270163,273059,64,2896,2,7200,1.02209944751
270148,271246,271249,1098,3,1,600,110.1
270150,271251,271267,1101,16,1,600,69.8125
270151,271257,271261,1106,4,1,600,111.0
270153,270298,273053,145,2755,2,7200,1.05263157895
270212,271263,271275,1051,12,1,600,88.5833333333
270214,271269,271306,1055,37,1,600,29.5135135135
270215,271275,271311,1060,36,1,600,30.4444444444
270276,271281,271303,1005,22,1,600,46.6818181818
270278,271294,271308,1016,14,1,600,73.5714285714
270279,271320,271323,1041,3,1,600,104.4
270286,270368,273044,82,2676,2,7200,1.03064275037
270342,271332,271341,990,9,1,600,99.9
270343,271337,271350,994,13,1,600,77.4615384615
270344,271349,271352,1005,3,1,600,100.8
270349,270402,273320,53,2918,2,7200,1.01816312543
270393,270536,271944,143,1408,8,6000,1.1015625
270394,270638,272042,244,1404,8,6000,1.17378917379
270406,271355,271356,949,1,1,600,95.0
270407,271362,271366,955,4,1,600,95.9
270469,271370,271382,901,12,1,600,76.0833333333
270470,271375,271380,905,5,1,600,91.0
270471,271382,271386,911,4,1,600,91.5
270533,271391,271395,858,4,1,600,86.2
270534,271399,271401,865,2,1,600,86.7
270535,271404,271416,869,12,1,600,73.4166666667
270537,271410,271423,873,13,1,600,68.1538461538
270539,270784,272204,245,1420,8,6000,1.17253521127
270599,271428,271430,829,2,1,600,83.1
270601,271434,271447,833,13,1,600,65.0769230769
270642,270837,272258,195,1421,8,6000,1.13722730471
270662,271440,271443,778,3,1,600,78.1
270663,271457,271470,794,13,1,600,62.0769230769
270665,271464,271476,799,12,1,600,67.5833333333
270727,271481,271486,754,5,1,600,75.9
270728,271487,271499,759,12,1,600,64.25
270730,271494,271497,764,3,1,600,76.7
270731,271500,271504,769,4,1,600,77.3
270760,270766,273865,6,3099,2,7200,1.00193610842
270786,271288,272734,502,1446,8,6000,1.34716459198
270792,271508,271521,716,13,1,600,56.0769230769
270794,271514,271522,720,8,1,600,72.8
270795,271522,271530,727,8,1,600,73.5
270796,271533,271537,737,4,1,600,74.1
270805,270811,273560,6,2749,2,7200,1.00218261186
270838,271447,272881,609,1434,8,6000,1.42468619247
270858,271539,271552,681,13,1,600,53.3846153846
270859,271547,271553,688,6,1,600,69.4
270860,271554,271566,694,12,1,600,58.8333333333
270862,271564,271574,702,10,1,600,71.2
270864,271578,271607,714,29,1,600,25.6206896552
270866,271584,271587,718,3,1,600,72.1
270867,271591,271629,724,38,1,600,20.0526315789
270928,271599,271615,671,16,1,600,42.9375
270930,271619,271623,689,4,1,600,69.3
270931,271626,271639,695,13,1,600,54.4615384615
270932,271634,271643,702,9,1,600,71.1
270934,271640,271643,706,3,1,600,70.9
270935,271650,271651,715,1,1,600,71.6
270936,271657,271664,721,7,1,600,72.8
270938,271663,271696,725,33,1,600,22.9696969697
270939,271669,271673,730,4,1,600,73.4
270940,271675,271676,735,1,1,600,73.6
270941,271686,271688,745,2,1,600,74.7
270943,271692,271695,749,3,1,600,75.2
270986,270995,273907,9,2912,2,7200,1.00309065934
271004,271700,271701,696,1,1,600,69.7
271005,271707,271710,702,3,1,600,70.5
271007,271712,271716,705,4,1,600,70.9
271008,271719,271732,711,13,1,600,55.6923076923
271009,271732,271742,723,10,1,600,73.3
271011,271737,271741,726,4,1,600,73.0
271012,271749,271750,737,1,1,600,73.8
271014,271762,271771,748,9,1,600,75.7
271015,271788,271790,773,2,1,600,77.5
271076,271802,271818,726,16,1,600,46.375
271078,271823,271836,745,13,1,600,58.3076923077
271079,271828,271837,749,9,1,600,75.8
271080,271840,271853,760,13,1,600,59.4615384615
271082,271847,271850,765,3,1,600,76.8
271083,271854,271885,771,31,1,600,25.8709677419
271084,271861,271865,777,4,1,600,78.1
271085,271869,271881,784,12,1,600,66.3333333333
271087,271883,271886,796,3,1,600,79.9
271089,271900,271912,811,12,1,600,68.5833333333
271151,271161,274292,10,3131,2,7200,1.00319386777
271152,271911,271924,759,13,1,600,59.3846153846
271153,271918,271931,765,13,1,600,59.8461538462
271155,271924,271928,769,4,1,600,77.3
271156,271937,271939,781,2,1,600,78.3
271157,271944,271956,787,12,1,600,66.5833333333
271159,271949,271952,790,3,1,600,79.3
271160,271961,271964,801,3,1,600,80.4
271161,271967,271970,806,3,1,600,80.9
271162,271973,271976,811,3,1,600,81.4
271164,271979,271982,815,3,1,600,81.8
271225,271986,271989,761,3,1,600,76.4
271226,271992,272008,766,16,1,600,48.875
271228,272000,272012,772,12,1,600,65.3333333333
271229,272006,272007,777,1,1,600,77.8
271230,272024,272033,794,9,1,600,80.3
271232,272030,272044,798,14,1,600,58.0
271233,272045,272047,812,2,1,600,81.4
271234,272061,272064,827,3,1,600,83.0
271235,272066,272078,831,12,1,600,70.25
271237,272075,272080,838,5,1,600,84.3
271238,272090,272093,852,3,1,600,85.5
271287,271301,274489,14,3188,2,7200,1.00439146801
271291,271756,273172,465,1416,8,6000,1.32838983051
271300,272096,272099,796,3,1,600,79.9
271301,272104,272105,803,1,1,600,80.4
271302,272111,272113,809,2,1,600,81.1
271305,272126,272138,821,12,1,600,69.4166666667
271306,272133,272135,827,2,1,600,82.9
271308,271314,274378,6,3064,2,7200,1.00195822454
271323,271344,274323,21,2979,2,7200,1.00704934542
271368,272147,272150,779,3,1,600,78.2
271369,272153,272154,784,1,1,600,78.5
271370,272161,272164,791,3,1,600,79.4
271372,272169,272208,797,39,1,600,21.4358974359
271373,272175,272177,802,2,1,600,80.4
271375,272189,272198,814,9,1,600,82.3
271376,272209,272249,833,40,1,600,21.825
271377,272223,272236,846,13,1,600,66.0769230769
271379,272247,272260,868,13,1,600,67.7692307692
271380,272262,272265,882,3,1,600,88.5
271435,271452,274262,17,2810,2,7200,1.00604982206
271443,272283,272296,840,13,1,600,65.6153846154
271444,272289,272290,845,1,1,600,84.6
271445,271811,273230,366,1419,8,6000,1.25792811839
271445,272302,272312,857,10,1,600,86.7
271447,272308,272321,861,13,1,600,67.2307692308
271448,272323,272335,875,12,1,600,73.9166666667
271449,272328,272348,879,20,1,600,44.95
271452,272340,272342,888,2,1,600,89.0
271453,272347,272359,894,12,1,600,75.5
271455,272352,272364,897,12,1,600,75.75
271456,272359,272362,903,3,1,600,90.6
271517,272365,272366,848,1,1,600,84.9
271520,272378,272382,858,4,1,600,86.2
271521,278673,278682,7152,9,1,1800,716.1
271521,272384,272396,863,12,1,600,72.9166666667
271523,272389,272402,866,13,1,600,67.6153846154
271526,272407,272423,881,16,1,600,56.0625
271528,272413,272425,885,12,1,600,74.75
271589,272420,272429,831,9,1,600,84.0
271590,272425,272435,835,10,1,600,84.5
271592,272435,272447,843,12,1,600,71.25
271593,272442,272453,849,11,1,600,78.1818181818
271594,272447,272457,853,10,1,600,86.3
271596,272453,272494,857,41,1,600,21.9024390244
271597,272460,272463,863,3,1,600,86.6
271599,272466,272470,867,4,1,600,87.1
271660,272473,272485,813,12,1,600,68.75
271662,272479,272518,817,39,1,600,21.9487179487
271663,272485,272489,822,4,1,600,82.6
271664,272496,272508,832,12,1,600,70.3333333333
271666,272503,272506,837,3,1,600,84.0
271667,272510,272513,843,3,1,600,84.6
271668,272518,272520,850,2,1,600,85.2
271669,272524,272537,855,13,1,600,66.7692307692
271671,272530,272533,859,3,1,600,86.2
271718,271727,271741,9,14,2,7200,1.64285714286
271732,272537,272549,805,12,1,600,68.0833333333
271733,271744,274870,11,3126,2,7200,1.00351887396
271735,272549,272552,814,3,1,600,81.7
271736,272554,272557,818,3,1,600,82.1
271738,272560,272561,822,1,1,600,82.3
271739,272566,272569,827,3,1,600,83.0
271740,272572,272575,832,3,1,600,83.5
271743,272583,272616,840,33,1,600,26.4545454545
271748,271817,274716,69,2899,2,7200,1.0238013108
271754,271835,273241,81,1406,8,6000,1.05761024182
271804,272589,272590,785,1,1,600,78.6
271806,272595,272608,789,13,1,600,61.6923076923
271807,272600,272612,793,12,1,600,67.0833333333
271809,272607,272626,798,19,1,600,43.0
271810,272620,272623,810,3,1,600,81.3
271812,278686,278848,6874,162,1,3600,43.4320987654
271817,271955,273381,138,1426,8,6000,1.09677419355
271838,272054,273478,216,1424,8,6000,1.15168539326
271857,271876,275152,19,3276,2,7200,1.0057997558
271872,272627,272644,755,17,1,600,45.4117647059
271873,272633,272648,760,15,1,600,51.6666666667
271874,272640,272648,766,8,1,600,77.4
271876,272645,272647,769,2,1,600,77.1
271878,272663,272703,785,40,1,600,20.625
271940,272668,272680,728,12,1,600,61.6666666667
271941,272673,272686,732,13,1,600,57.3076923077
271942,272680,272692,738,12,1,600,62.5
271944,272691,272694,747,3,1,600,75.0
271945,272698,272699,753,1,1,600,75.4
271947,272706,272721,759,15,1,600,51.6
271951,272723,272724,772,1,1,600,77.3
271951,272217,273635,266,1418,8,6000,1.18758815233
271952,272730,272744,778,14,1,600,56.5714285714
272008,272018,275077,10,3059,2,7200,1.00326904217
272014,272735,272739,721,4,1,600,72.5
272015,272742,272744,727,2,1,600,72.9
272016,272747,272750,731,3,1,600,73.4
272018,272760,272763,742,3,1,600,74.5
272019,272766,272778,747,12,1,600,63.25
272020,272773,272775,753,2,1,600,75.5
272022,272779,272792,757,13,1,600,59.2307692308
272023,272787,272790,764,3,1,600,76.7
272024,272794,272829,770,35,1,600,23.0
272026,272801,272839,775,38,1,600,21.3947368421
272055,272271,273690,216,1419,8,6000,1.15221987315
272087,272808,272821,721,13,1,600,56.4615384615
272088,272832,272841,744,9,1,600,75.3
272090,272840,272844,750,4,1,600,75.4
272091,272850,272853,759,3,1,600,76.2
272093,272858,272874,765,16,1,600,48.8125
272094,272863,272875,769,12,1,600,65.0833333333
272155,272875,272878,720,3,1,600,72.3
272158,272892,272895,734,3,1,600,73.7
272160,272897,272906,737,9,1,600,74.6
272161,272910,272914,749,4,1,600,75.3
272162,272917,272930,755,13,1,600,59.0769230769
272164,272925,272940,761,15,1,600,51.7333333333
272165,272942,272981,777,39,1,600,20.9230769231
272220,272753,274179,533,1426,8,6000,1.37377279102
272228,272963,272976,735,13,1,600,57.5384615385
272229,272988,272996,759,8,1,600,76.7
272231,272995,273007,764,12,1,600,64.6666666667
272232,273007,273008,775,1,1,600,77.6
272249,272256,275259,7,3003,2,7200,1.00233100233
272272,272904,274354,632,1450,8,6000,1.43586206897
272293,273019,273031,726,12,1,600,61.5
272295,273026,273029,731,3,1,600,73.4
272296,273040,273041,744,1,1,600,74.5
272297,273048,273060,751,12,1,600,63.5833333333
272299,273061,273062,762,1,1,600,76.3
272300,273067,273084,767,17,1,600,46.1176470588
272302,273861,273863,1559,2,1,600,156.1
272310,272316,275045,6,2729,2,7200,1.00219860755
272319,273073,274854,754,1781,4,14400,1.42335766423
272363,273874,273877,1511,3,1,600,151.4
272364,273889,273890,1525,1,1,600,152.6
272366,273902,273906,1536,4,1,600,154.0
272367,273918,273921,1551,3,1,600,155.4
272368,273932,273945,1564,13,1,600,121.307692308
272370,273957,273969,1587,12,1,600,133.25
272371,273980,273984,1609,4,1,600,161.3
272374,274007,274020,1633,13,1,600,126.615384615
272375,274031,274044,1656,13,1,600,128.384615385
272436,274055,274059,1619,4,1,600,162.3
272438,274070,274073,1632,3,1,600,163.5
272439,274085,274093,1646,8,1,600,165.4
272441,274104,274113,1663,9,1,600,167.2
272442,274125,274138,1683,13,1,600,130.461538462
272443,274149,274152,1706,3,1,600,170.9
272445,274164,274166,1719,2,1,600,172.1
272446,274177,274178,1731,1,1,600,173.2
272447,274189,274204,1742,15,1,600,117.133333333
272449,274216,274219,1767,3,1,600,177.0
272510,274230,274241,1720,11,1,600,157.363636364
272512,274252,274253,1740,1,1,600,174.1
272513,274264,274274,1751,10,1,600,176.1
272514,274286,274298,1772,12,1,600,148.666666667
272516,274309,274312,1793,3,1,600,179.6
272517,274323,274326,1806,3,1,600,180.9
272518,274342,274354,1824,12,1,600,153.0
272520,274365,274369,1845,4,1,600,184.9
272521,274381,274385,1860,4,1,600,186.4
272523,274396,274399,1873,3,1,600,187.6
272524,274411,274425,1887,14,1,600,135.785714286
272525,274436,274449,1911,13,1,600,148.0
272527,274460,274461,1933,1,1,600,193.4
272588,274472,274473,1884,1,1,600,188.5
272590,274484,274488,1894,4,1,600,189.8
272591,274500,274512,1909,12,1,600,160.083333333
272592,274524,274526,1932,2,1,600,193.4
272594,274538,274550,1944,12,1,600,163.0
272595,274562,274598,1967,36,1,600,55.6388888889
272596,274609,274622,2013,13,1,600,155.846153846
272598,274633,274634,2035,1,1,600,203.6
272599,274645,274648,2046,3,1,600,204.9
272600,274866,274882,2266,16,1,600,142.625
272602,274871,274886,2269,15,1,600,152.266666667
272663,274876,274879,2213,3,1,600,221.6
272665,274881,274898,2216,17,1,600,131.352941176
272666,274896,274899,2230,3,1,600,223.3
272667,274901,274914,2234,13,1,600,172.846153846
272669,274907,274912,2238,5,1,600,224.3
272670,274914,274915,2244,1,1,600,224.5
272671,274920,274924,2249,4,1,600,225.3
272673,274935,274938,2262,3,1,600,226.5
272674,274949,274962,2275,13,1,600,176.0
272675,274973,274975,2298,2,1,600,230.0
272737,274987,275001,2250,14,1,600,161.714285714
272738,275012,275025,2274,13,1,600,175.923076923
272740,275036,275049,2296,13,1,600,177.615384615
272741,275060,275073,2319,13,1,600,179.384615385
272742,275090,275103,2348,13,1,600,181.615384615
272744,275096,275108,2352,12,1,600,197.0
272745,275114,275117,2369,3,1,600,237.2
272747,275120,275124,2373,4,1,600,237.7
272748,275135,275138,2387,3,1,600,239.0
272749,275149,275158,2400,9,1,600,240.9
272751,275164,275177,2413,13,1,600,186.615384615
272752,275171,275184,2419,13,1,600,187.076923077
272753,275188,275192,2435,4,1,600,243.9
272756,273184,274613,428,1429,8,6000,1.29951014696
272815,275195,275208,2380,13,1,600,184.076923077
272816,275205,275208,2389,3,1,600,239.2
272817,275219,275223,2402,4,1,600,240.6
272819,275224,275228,2405,4,1,600,240.9
272820,275234,275240,2414,6,1,600,242.0
272821,275240,275250,2419,10,1,600,242.9
272853,272870,276049,17,3179,2,7200,1.00534759358
272883,275251,275260,2368,9,1,600,237.7
272884,275261,275274,2377,13,1,600,183.846153846
272886,275275,275278,2389,3,1,600,239.2
272887,275285,275298,2398,13,1,600,185.461538462
272888,275291,275295,2403,4,1,600,240.7
272890,275306,275319,2416,13,1,600,186.846153846
272893,275325,275329,2432,4,1,600,243.6
272894,275332,275336,2438,4,1,600,244.2
272895,275340,275345,2445,5,1,600,245.0
272900,273242,274647,342,1405,8,6000,1.24341637011
272957,275347,275350,2390,3,1,600,239.3
272958,275356,275359,2398,3,1,600,240.1
272959,275363,275367,2404,4,1,600,240.8
272961,275370,275383,2409,13,1,600,186.307692308
272962,275379,275394,2417,15,1,600,162.133333333
272964,275394,275395,2430,1,1,600,243.1
273025,275406,275426,2381,20,1,600,120.05
273026,275412,275415,2386,3,1,600,238.9
273028,275427,275428,2399,1,1,600,240.0
273029,275439,275441,2410,2,1,600,241.2
273030,275446,275481,2416,35,1,600,70.0285714286
273046,273054,276075,8,3021,2,7200,1.00264812976
273061,273079,276104,18,3025,2,7200,1.00595041322
273062,273094,276033,32,2939,2,7200,1.01088805716
273083,273101,276145,18,3044,2,7200,1.00591327201
273092,275452,275459,2360,7,1,600,236.7
273093,275470,275473,2377,3,1,600,238.0
273096,275492,275493,2396,1,1,600,239.7
273097,275499,275500,2402,1,1,600,240.3
273099,275505,275518,2406,13,1,600,186.076923077
273188,273253,274671,65,1418,8,6000,1.04583921016
273240,273393,274831,153,1438,8,6000,1.10639777469
273251,273489,274909,238,1420,8,6000,1.1676056338
273322,273332,276289,10,2957,2,7200,1.00338180588
273395,273647,275059,252,1412,8,6000,1.17847025496
273489,273702,275116,213,1414,8,6000,1.15063649222
273560,273572,276230,12,2658,2,7200,1.00451467269
273643,274195,275609,552,1414,8,6000,1.39038189533
273706,274372,275782,666,1410,8,6000,1.47234042553
273865,273880,276706,15,2826,2,7200,1.00530785563
273907,273924,277032,17,3108,2,7200,1.00546975547
273943,275524,275538,1581,14,1,600,113.928571429
273945,275544,275555,1599,11,1,600,146.363636364
274008,275562,275563,1554,1,1,600,155.5
274010,275569,275572,1559,3,1,600,156.2
274011,275575,275584,1564,9,1,600,157.3
274012,275583,275586,1571,3,1,600,157.4
274074,275595,275598,1521,3,1,600,152.4
274075,275602,275615,1527,13,1,600,118.461538462
274076,275610,275624,1534,14,1,600,110.571428571
274138,275628,275629,1490,1,1,600,149.1
274139,275636,275641,1497,5,1,600,150.2
274141,275642,275658,1501,16,1,600,94.8125
274200,274624,276053,424,1429,8,6000,1.2967109867
274202,275652,275653,1450,1,1,600,145.1
274203,275665,275673,1462,8,1,600,147.0
274206,275683,275724,1477,41,1,600,37.0243902439
274263,274274,277090,11,2816,2,7200,1.00390625
274267,275690,275706,1423,16,1,600,89.9375
274269,275717,275729,1448,12,1,600,121.666666667
274270,275736,275745,1466,9,1,600,147.5
274271,275743,275751,1472,8,1,600,148.0
274293,274303,277239,10,2936,2,7200,1.00340599455
274323,274335,277447,12,3112,2,7200,1.00385604113
274334,275763,275793,1429,30,1,600,48.6333333333
274335,275771,275773,1436,2,1,600,143.8
274337,275784,275793,1447,9,1,600,145.6
274375,274659,276094,284,1435,8,6000,1.19790940767
274380,274389,277134,9,2745,2,7200,1.00327868852
274398,275804,275818,1406,14,1,600,101.428571429
274399,275810,275812,1411,2,1,600,141.3
274401,275825,275828,1424,3,1,600,142.7
274462,275831,275834,1369,3,1,600,137.2
274463,275839,275879,1376,40,1,600,35.4
274465,275846,275847,1381,1,1,600,138.2
274491,274506,277435,15,2929,2,7200,1.00512120178
274526,275858,275859,1332,1,1,600,133.3
274529,275883,275895,1354,12,1,600,113.833333333
274530,275891,275893,1361,2,1,600,136.3
274531,275905,275908,1374,3,1,600,137.7
274593,275912,275913,1319,1,1,600,132.0
274622,274682,276115,60,1433,8,6000,1.04187020237
274654,275920,275927,1266,7,1,600,127.3
274655,275926,275927,1271,1,1,600,127.2
274657,275940,275947,1283,7,1,600,129.0
274658,275945,275957,1287,12,1,600,108.25
274664,274843,276266,179,1423,8,6000,1.12579058327
274685,274926,276355,241,1429,8,6000,1.16864940518
274715,274728,277835,13,3107,2,7200,1.00418410042
274840,275070,276490,230,1420,8,6000,1.16197183099
274872,274888,277933,16,3045,2,7200,1.0052545156
274900,275960,275963,1060,3,1,600,106.3
274901,275968,275981,1067,13,1,600,83.0769230769
274902,275976,275989,1074,13,1,600,83.6153846154
274904,275992,275995,1088,3,1,600,109.1
274905,276001,276003,1096,2,1,600,109.8
274923,275129,276565,206,1436,8,6000,1.143454039
274934,276159,276325,1225,166,4,14400,8.37951807229
274966,276007,276026,1041,19,1,600,55.7894736842
274968,276015,276033,1047,18,1,600,59.1666666667
274969,276038,276041,1069,3,1,600,107.2
274971,276049,276062,1078,13,1,600,83.9230769231
274972,276056,276065,1084,9,1,600,109.3
274973,276074,276088,1101,14,1,600,79.6428571429
275036,276092,276095,1056,3,1,600,105.9
275037,276098,276101,1061,3,1,600,106.4
275047,275053,277861,6,2808,2,7200,1.00213675214
275067,275622,277086,555,1464,8,6000,1.37909836066
275077,275084,277951,7,2867,2,7200,1.00244157656
275099,276111,276123,1012,12,1,600,85.3333333333
275100,276123,276124,1023,1,1,600,102.4
275129,275796,277203,667,1407,8,6000,1.47405828003
275152,275158,278309,6,3151,2,7200,1.00190415741
275161,276128,276144,967,16,1,600,61.4375
275163,276140,276144,977,4,1,600,98.1
275164,276146,276148,982,2,1,600,98.4
275165,276337,276350,1172,13,1,600,91.1538461538
275167,276343,276345,1176,2,1,600,117.8
275168,276348,276356,1180,8,1,600,118.8
275229,276354,276357,1125,3,1,600,112.8
275231,276361,276364,1130,3,1,600,113.3
275233,276382,276398,1149,16,1,600,72.8125
275235,276394,276402,1159,8,1,600,116.7
275236,276399,276401,1163,2,1,600,116.5
275237,276409,276422,1172,13,1,600,91.1538461538
275260,275268,277940,8,2672,2,7200,1.00299401198
275299,276417,276425,1118,8,1,600,112.6
275300,276422,276425,1122,3,1,600,112.5
275301,276434,276446,1133,12,1,600,95.4166666667
275303,276440,276443,1137,3,1,600,114.0
275304,276446,276458,1142,12,1,600,96.1666666667
275307,276461,276473,1154,12,1,600,97.1666666667
275368,276468,276480,1100,12,1,600,92.6666666667
275369,276475,276512,1106,37,1,600,30.8918918919
275372,276491,276529,1119,38,1,600,30.4473684211
275373,276499,276511,1126,12,1,600,94.8333333333
275374,276523,276525,1149,2,1,600,115.1
275376,276529,276530,1153,1,1,600,115.4
275377,276538,276540,1161,2,1,600,116.3
275439,276545,276558,1106,13,1,600,86.0769230769
275440,276550,276551,1110,1,1,600,111.1
275441,276556,276559,1115,3,1,600,111.8
275447,276587,276593,1140,6,1,600,114.6
275509,276594,276606,1085,12,1,600,91.4166666667
275510,276599,276600,1089,1,1,600,109.0
275511,276606,276608,1095,2,1,600,109.7
275513,276612,276613,1099,1,1,600,110.0
275514,276619,276651,1105,32,1,600,35.53125
275515,276624,276639,1109,15,1,600,74.9333333333
275577,276631,276644,1054,13,1,600,82.0769230769
275578,276650,276654,1072,4,1,600,107.6
275580,276657,276673,1077,16,1,600,68.3125
275581,276663,276668,1082,5,1,600,108.7
275582,276670,276700,1088,30,1,600,37.2666666667
275584,276684,276697,1100,13,1,600,85.6153846154
275585,276690,276694,1105,4,1,600,110.9
275586,276695,276699,1109,4,1,600,111.3
275624,276069,277492,445,1423,8,6000,1.31271960647
275648,276700,276716,1052,16,1,600,66.75
275649,276706,276709,1057,3,1,600,106.0
275651,276719,276720,1068,1,1,600,106.9
275652,276725,276738,1073,13,1,600,83.5384615385
275653,276732,276735,1079,3,1,600,108.2
275655,276738,276743,1083,5,1,600,108.8
275656,276747,276759,1091,12,1,600,91.9166666667
275717,276754,276766,1037,12,1,600,87.4166666667
275719,276760,276761,1041,1,1,600,104.2
275720,276770,276786,1050,16,1,600,66.625
275722,276777,276780,1055,3,1,600,105.8
275723,276782,276785,1059,3,1,600,106.2
275784,276791,276794,1007,3,1,600,101.0
275786,276798,276810,1012,12,1,600,85.3333333333
275787,276803,276804,1016,1,1,600,101.7
275788,276810,276826,1022,16,1,600,64.875
275790,276816,276829,1026,13,1,600,79.9230769231
275791,276823,276824,1032,1,1,600,103.3
275799,276106,277540,307,1434,8,6000,1.21408647141
275853,276836,276839,983,3,1,600,98.6
275854,276843,276845,989,2,1,600,99.1
275855,276848,276861,993,13,1,600,77.3846153846
275857,276855,276858,998,3,1,600,100.1
275858,276861,276868,1003,7,1,600,101.0
275859,276869,276874,1010,5,1,600,101.5
275861,276876,276881,1015,5,1,600,102.0
275922,276883,276885,961,2,1,600,96.3
275924,276889,276893,965,4,1,600,96.9
275925,276895,276899,970,4,1,600,97.4
275926,276902,276941,976,39,1,600,26.0256410256
275928,276908,276912,980,4,1,600,98.4
275929,276914,276915,985,1,1,600,98.6
275930,276923,276964,993,41,1,600,25.2195121951
275992,276929,276932,937,3,1,600,94.0
275993,276943,276951,950,8,1,600,95.8
275995,276952,276965,957,13,1,600,74.6153846154
275996,276962,276966,966,4,1,600,97.0
275997,276975,276988,978,13,1,600,76.2307692308
275999,276982,276995,983,13,1,600,76.6153846154
276000,276988,277000,988,12,1,600,83.3333333333
276001,276999,277012,998,13,1,600,77.7692307692
276033,276044,278535,11,2491,2,7200,1.00441589723
276051,276063,279024,12,2961,2,7200,1.0040526849
276063,277007,277010,944,3,1,600,94.7
276064,277013,277016,949,3,1,600,95.2
276066,277022,277024,956,2,1,600,95.8
276067,277028,277029,961,1,1,600,96.2
276067,276135,277586,68,1451,8,6000,1.04686423156
276068,277034,277038,966,4,1,600,97.0
276075,276087,276671,12,584,2,7200,1.02054794521
276105,276118,279377,13,3259,2,7200,1.00398895367
276109,276279,277707,170,1428,8,6000,1.11904761905
276130,277047,277087,917,40,1,600,23.925
276131,277052,277070,921,18,1,600,52.1666666667
276133,277058,277061,925,3,1,600,92.8
276134,277073,277075,939,2,1,600,94.1
276135,277082,277094,947,12,1,600,79.9166666667
276137,277088,277101,951,13,1,600,74.1538461538
276138,277110,277122,972,12,1,600,82.0
276140,276388,277820,248,1432,8,6000,1.17318435754
276144,276153,279196,9,3043,2,7200,1.00295760762
276199,277115,277117,916,2,1,600,91.8
276201,277122,277125,921,3,1,600,92.4
276202,277129,277133,927,4,1,600,93.1
276232,276242,279383,10,3141,2,7200,1.00318369946
276275,276505,277938,230,1433,8,6000,1.16050244243
276289,276301,279339,12,3038,2,7200,1.00394996708
276384,277136,277139,752,3,1,600,75.5
276385,277141,277150,756,9,1,600,76.5
276386,277153,277161,767,8,1,600,77.5
276388,276576,278001,188,1425,8,6000,1.13192982456
276389,277166,277172,777,6,1,600,78.3
276391,277172,277185,781,13,1,600,61.0769230769
276452,277178,277191,726,13,1,600,56.8461538462
276453,277184,277185,731,1,1,600,73.2
276455,277196,277208,741,12,1,600,62.75
276456,277201,277214,745,13,1,600,58.3076923077
276457,277208,277212,751,4,1,600,75.5
276459,277222,277231,763,9,1,600,77.2
276460,277230,277244,770,14,1,600,56.0
276461,277235,277238,774,3,1,600,77.7
276463,277243,277246,780,3,1,600,78.3
276502,277097,278517,595,1420,8,6000,1.41901408451
276526,277262,277271,736,9,1,600,74.5
276527,277268,277285,741,17,1,600,44.5882352941
276528,277274,277289,746,15,1,600,50.7333333333
276530,277282,277289,752,7,1,600,75.9
276531,277297,277300,766,3,1,600,76.9
276533,277303,277342,770,39,1,600,20.7435897436
276534,277309,277322,775,13,1,600,60.6153846154
276574,277216,278643,642,1427,8,6000,1.44989488437
276600,277340,277353,740,13,1,600,57.9230769231
276601,277347,277360,746,13,1,600,58.3846153846
276602,277354,277367,752,13,1,600,58.8461538462
276605,277371,277375,766,4,1,600,77.0
276607,277378,277391,771,13,1,600,60.3076923077
276608,277383,277387,775,4,1,600,77.9
276671,277399,277401,728,2,1,600,73.0
276672,276678,279686,6,3008,2,7200,1.00199468085
276672,277405,277418,733,13,1,600,57.3846153846
276673,277411,277414,738,3,1,600,74.1
276675,277418,277430,743,12,1,600,62.9166666667
276676,277426,277430,750,4,1,600,75.4
276677,277432,277436,755,4,1,600,75.9
276680,277452,277455,772,3,1,600,77.5
276705,276714,279472,9,2758,2,7200,1.00326323423
276741,277464,277468,723,4,1,600,72.7
276743,277470,277483,727,13,1,600,56.9230769231
276744,277479,277488,735,9,1,600,74.4
276745,277495,277507,750,12,1,600,63.5
276746,277502,277504,756,2,1,600,75.8
276748,277516,277518,768,2,1,600,77.0
276749,277522,277526,773,4,1,600,77.7
276750,277530,277543,780,13,1,600,61.0
276752,277538,277554,786,16,1,600,50.125
276753,277559,277568,806,9,1,600,81.5
276815,277571,277575,756,4,1,600,76.0
276816,277580,277584,764,4,1,600,76.8
276817,277587,277590,770,3,1,600,77.3
276819,277596,277598,777,2,1,600,77.9
276820,277608,277616,788,8,1,600,79.6
276821,277614,277648,793,34,1,600,24.3235294118
276822,277627,277631,805,4,1,600,80.9
276824,277643,277646,819,3,1,600,82.2
276825,277659,277661,834,2,1,600,83.6
276886,277666,277700,780,34,1,600,23.9411764706
276888,277673,277676,785,3,1,600,78.8
276889,277687,277719,798,32,1,600,25.9375
276891,277713,277715,822,2,1,600,82.4
276892,277726,277733,834,7,1,600,84.1
276893,277734,277746,841,12,1,600,71.0833333333
276894,277744,277748,850,4,1,600,85.4
276896,277759,277768,863,9,1,600,87.2
276898,277777,277781,879,4,1,600,88.3
276900,277784,277787,884,3,1,600,88.7
276901,277793,277805,892,12,1,600,75.3333333333
276962,277799,277813,837,14,1,600,60.7857142857
276964,277817,277820,853,3,1,600,85.6
276965,277824,277825,859,1,1,600,86.0
276966,277837,277843,871,6,1,600,87.7
276968,277849,277865,881,16,1,600,56.0625
276969,277856,277868,887,12,1,600,74.9166666667
276970,277861,277875,891,14,1,600,64.6428571429
276972,277866,277870,894,4,1,600,89.8
276973,277880,277884,907,4,1,600,91.1
277034,277040,279992,6,2952,2,7200,1.00203252033
277036,277893,277901,857,8,1,600,86.5
277038,277904,277908,866,4,1,600,87.0
277040,277910,277922,870,12,1,600,73.5
277041,277917,277929,876,12,1,600,74.0
277042,277922,277930,880,8,1,600,88.8
277044,277928,277937,884,9,1,600,89.3
277045,277935,277940,890,5,1,600,89.5
277091,277103,280030,12,2927,2,7200,1.00409976085
277099,277508,278952,409,1444,8,6000,1.28324099723
277106,277948,277949,842,1,1,600,84.3
277108,277965,277978,857,13,1,600,66.9230769231
277109,277978,277990,869,12,1,600,73.4166666667
277110,277989,278025,879,36,1,600,25.4166666667
277112,278001,278041,889,40,1,600,23.225
277113,278036,278049,923,13,1,600,72.0
277133,277148,280161,15,3013,2,7200,1.00497842682
277174,278053,278061,879,8,1,600,88.7
277177,278073,278087,896,14,1,600,65.0
277178,278078,278082,900,4,1,600,90.4
277180,278093,278097,913,4,1,600,91.7
277181,278100,278101,919,1,1,600,92.0
277182,278108,278142,926,34,1,600,28.2352941176
277185,278128,278140,943,12,1,600,79.5833333333
277213,277553,278984,340,1431,8,6000,1.23759608665
277239,277250,277558,11,308,2,7200,1.03571428571
277246,278151,278157,905,6,1,600,91.1
277248,278158,278173,910,15,1,600,61.6666666667
277249,278168,278169,919,1,1,600,92.0
277252,278188,278196,936,8,1,600,94.4
277253,278194,278207,941,13,1,600,73.3846153846
277256,278218,278235,962,17,1,600,57.5882352941
277257,278224,278237,967,13,1,600,75.3846153846
277258,278248,278251,990,3,1,600,99.3
277320,278254,278259,934,5,1,600,93.9
277321,278263,278275,942,12,1,600,79.5
277322,278270,278273,948,3,1,600,95.1
277324,278284,278297,960,13,1,600,74.8461538462
277325,278290,278293,965,3,1,600,96.8
277326,278304,278308,978,4,1,600,98.2
277329,278325,278337,996,12,1,600,84.0
277391,278330,278333,939,3,1,600,94.2
277392,278345,278346,953,1,1,600,95.4
277394,278351,278355,957,4,1,600,96.1
277395,278357,278363,962,6,1,600,96.8
277396,278366,278369,970,3,1,600,97.3
277398,278374,278377,976,3,1,600,97.9
277399,278382,278386,983,4,1,600,98.7
277400,278388,278402,988,14,1,600,71.5714285714
277402,278398,278412,996,14,1,600,72.1428571429
277403,278413,278426,1010,13,1,600,78.6923076923
277404,278423,278427,1019,4,1,600,102.3
277435,277441,280402,6,2961,2,7200,1.00202634245
277449,277459,280306,10,2847,2,7200,1.00351246927
277466,278438,278450,972,12,1,600,82.0
277467,278445,278479,978,34,1,600,29.7647058824
277469,278462,278465,993,3,1,600,99.6
277470,278476,278517,1006,41,1,600,25.5365853659
277471,278490,278505,1019,15,1,600,68.9333333333
277473,278517,278556,1044,39,1,600,27.7692307692
277475,278547,278549,1072,2,1,600,107.4
277477,278552,278555,1075,3,1,600,107.8
277511,277603,279040,92,1437,8,6000,1.06402226862
277538,278557,278561,1019,4,1,600,102.3
277540,278563,278572,1023,9,1,600,103.2
277553,277719,279164,166,1445,8,6000,1.11487889273
277558,277566,280547,8,2981,2,7200,1.0026836632
277605,277832,279261,227,1429,8,6000,1.1588523443
277719,277955,279384,236,1429,8,6000,1.16515045486
277832,278013,279434,181,1421,8,6000,1.12737508797
277835,277844,280655,9,2811,2,7200,1.00320170758
277860,277874,280930,14,3056,2,7200,1.00458115183
277932,277943,281193,11,3250,2,7200,1.00338461538
277947,277960,280684,13,2724,2,7200,1.00477239354
277956,278528,279951,572,1423,8,6000,1.40196767393
277962,277973,280712,11,2739,2,7200,1.00401606426
278018,278663,280098,645,1435,8,6000,1.44947735192
278311,278317,281050,6,2733,2,7200,1.00219538968
278531,278963,280396,432,1433,8,6000,1.30146545708
278534,278540,281669,6,3129,2,7200,1.00191754554
278664,278995,280438,331,1443,8,6000,1.22938322938
278782,278788,278949,6,161,1,3600,1.03726708075
278878,278884,278962,6,78,1,1800,1.07692307692
278962,279051,280496,89,1445,8,6000,1.0615916955
278974,278980,279382,6,402,1,3600,1.01492537313
278993,279177,280610,184,1433,8,6000,1.12840195394
279026,279032,281978,6,2946,2,7200,1.00203665988
279054,279273,280716,219,1443,8,6000,1.15176715177
279075,279081,279391,6,310,1,3600,1.01935483871
279171,279392,279472,221,80,1,1800,3.7625
279178,279399,280835,221,1436,8,6000,1.15389972145
279195,279201,282303,6,3102,2,7200,1.00193423598
279259,279404,279511,145,107,1,1800,2.35514018692
279270,279446,280877,176,1431,8,6000,1.12299091544
279340,279347,282177,7,2830,2,7200,1.00247349823
279379,279385,282594,6,3209,2,7200,1.00186974135
279393,279410,282400,17,2990,2,7200,1.00568561873
279404,279622,281076,218,1454,8,6000,1.14993122421
279445,279963,281398,518,1435,8,6000,1.36097560976
279472,279478,282441,6,2963,2,7200,1.00202497469
279605,279611,280429,6,818,1,3600,1.00733496333
279626,279632,280469,6,837,1,3600,1.00716845878
279686,279698,282674,12,2976,2,7200,1.00403225806
279716,279723,279821,7,98,1,1800,1.07142857143
279957,280109,281543,152,1434,8,6000,1.1059972106
279991,280003,281191,12,1188,2,7200,1.0101010101
280021,280027,280412,6,385,1,1800,1.01558441558
280031,280041,282963,10,2922,2,7200,1.00342231348
280100,280407,281852,307,1445,8,6000,1.2124567474
280160,280173,283256,13,3083,2,7200,1.00421667207
280308,280318,283266,10,2948,2,7200,1.00339213026
280350,280422,280796,72,374,1,1800,1.19251336898
280401,280413,283341,12,2928,2,7200,1.00409836066
280406,280509,284977,103,4468,5,14400,1.02305282005
280448,280514,284733,66,4219,5,14400,1.01564351742
280509,280621,284686,112,4065,5,14400,1.02755227552
280510,280627,285021,117,4394,5,14400,1.02662721893
280549,280555,283568,6,3013,2,7200,1.00199137073
280623,280847,284889,224,4042,5,14400,1.05541810985
280623,280731,284879,108,4148,5,14400,1.02603664417
280658,280667,283485,9,2818,2,7200,1.00319375444
280682,280695,283704,13,3009,2,7200,1.00432037222
280715,280724,284009,9,3285,2,7200,1.00273972603
280726,280852,285143,126,4291,5,14400,1.02936378467
280850,280889,284867,39,3978,5,14400,1.00980392157
280850,280895,284838,45,3943,5,14400,1.01141262998
280892,281088,285196,196,4108,5,14400,1.04771178189
280892,281205,284943,313,3738,5,14400,1.08373461744
280932,280942,283691,10,2749,2,7200,1.00363768643
281050,281062,284249,12,3187,2,7200,1.00376529652
281068,281094,281100,26,6,1,1800,3.2
281087,281410,285318,323,3908,5,14400,1.08265097236
281192,281198,283925,6,2727,2,7200,1.00220022002
281193,281416,284359,223,2943,2,7200,1.07577302073
281211,281555,286056,344,4501,5,14400,1.07642746056
281251,283583,283689,2332,106,1,3600,23.0
281251,283699,283747,2448,48,1,1800,52.0
281315,283757,283856,2442,99,1,3600,25.6666666667
281416,281863,285882,447,4019,5,14400,1.11122169694
281560,281869,285914,309,4045,5,14400,1.07639060569
281670,281676,284772,6,3096,2,7200,1.0019379845
281867,284697,288789,2830,4092,5,14400,1.69159335288
281868,284745,288652,2877,3907,5,14400,1.73637061684
281946,283866,283923,1920,57,1,1800,34.6842105263
281980,281987,285076,7,3089,2,7200,1.00226610554
282176,282184,285171,8,2987,2,7200,1.00267827251
282303,282309,285283,6,2974,2,7200,1.00201748487
282402,282409,285501,7,3092,2,7200,1.00226390686
282441,282448,285295,7,2847,2,7200,1.00245872849
282595,282601,285584,6,2983,2,7200,1.00201139792
282674,282681,285483,7,2802,2,7200,1.00249821556
282780,301214,302640,18434,1426,4,14400,13.9270687237
282963,282969,285973,6,3004,2,7200,1.00199733688
283256,283262,286219,6,2957,2,7200,1.00202908353
283271,283277,286523,6,3246,2,7200,1.00184842884
283343,283350,283784,7,434,2,7200,1.01612903226
283485,283491,286402,6,2911,2,7200,1.00206114737
283570,283576,285418,6,1842,2,7200,1.00325732899
283690,283707,286722,17,3015,2,7200,1.0056384743
283705,283716,286502,11,2786,2,7200,1.00394831299
283786,283795,287110,9,3315,2,7200,1.00271493213
283826,283933,284223,107,290,1,3600,1.36896551724
283925,283940,286457,15,2517,2,7200,1.00595947557
283995,284001,284088,6,87,1,1800,1.06896551724
284002,284099,284394,97,295,1,3600,1.32881355932
284010,284020,286938,10,2918,2,7200,1.0034270048
284195,284233,284316,38,83,1,1800,1.4578313253
284251,284261,287452,10,3191,2,7200,1.00313381385
284362,284371,287405,9,3034,2,7200,1.00296638102
284489,284495,285019,6,524,1,3600,1.01145038168
284670,284676,285223,6,547,1,3600,1.01096892139
284694,284849,288919,155,4070,5,14400,1.03808353808
284716,285029,285296,313,267,1,1800,2.17228464419
284745,284879,289124,134,4245,5,14400,1.03156654888
284773,284784,287397,11,2613,2,7200,1.00420972063
284848,284891,289189,43,4298,5,14400,1.01000465333
284879,284901,289066,22,4165,5,14400,1.00528211285
284890,284954,288867,64,3913,5,14400,1.01635573729
284901,284988,289058,87,4070,5,14400,1.02137592138
284944,285233,285485,289,252,1,1800,2.14682539683
284953,285035,289198,82,4163,5,14400,1.01969733365
284984,285155,289322,171,4167,5,14400,1.04103671706
285035,285207,289399,172,4192,5,14400,1.04103053435
285077,285087,288049,10,2962,2,7200,1.00337609723
285159,285329,289126,170,3797,5,14400,1.04477218857
285171,285182,285745,11,563,2,7200,1.01953818828
285210,285895,290168,685,4273,5,14400,1.16030891645
285285,285295,288418,10,3123,2,7200,1.00320204931
285300,285306,288319,6,3013,2,7200,1.00199137073
285334,285926,290094,592,4168,5,14400,1.14203454894
285418,285430,288414,12,2984,2,7200,1.00402144772
285484,285491,288074,7,2583,2,7200,1.0027100271
285502,285508,288357,6,2849,2,7200,1.00210600211
285586,285592,288274,6,2682,2,7200,1.00223713647
285746,285752,288601,6,2849,2,7200,1.00210600211
285898,286068,289984,170,3916,5,14400,1.04341164454
285929,286786,290673,857,3887,5,14400,1.22047851814
285975,285982,288953,7,2971,2,7200,1.00235610905
286073,287416,291376,1343,3960,5,14400,1.33914141414
286220,286226,289340,6,3114,2,7200,1.00192678227
286404,286410,289544,6,3134,2,7200,1.00191448628
286458,286464,289275,6,2811,2,7200,1.00213447172
286500,286506,289260,6,2754,2,7200,1.00217864924
286524,286530,289487,6,2957,2,7200,1.00202908353
286723,286730,289940,7,3210,2,7200,1.00218068536
286938,286944,289876,6,2932,2,7200,1.00204638472
287110,287116,290138,6,3022,2,7200,1.00198544011
287399,287405,288371,6,966,2,7200,1.00621118012
287414,287464,290051,50,2587,2,7200,1.01932740626
287414,288664,292511,1250,3847,5,14400,1.32492851573
287453,288061,290813,608,2752,2,7200,1.22093023256
288050,288086,291256,36,3170,2,7200,1.01135646688
288071,288286,291353,215,3067,2,7200,1.07010107597
288273,288331,291464,58,3133,2,7200,1.01851260772
288319,288368,291297,49,2929,2,7200,1.01672925913
288358,288382,290957,24,2575,2,7200,1.00932038835
288373,288425,291224,52,2799,2,7200,1.01857806359
288415,288432,291437,17,3005,2,7200,1.00565723794
288430,288612,288630,182,18,2,7200,11.1111111111
288602,288642,291768,40,3126,2,7200,1.01279590531
288629,288964,292170,335,3206,2,7200,1.10449157829
288664,288800,292867,136,4067,5,14400,1.03343988198
288798,288879,292881,81,4002,5,14400,1.02023988006
288880,288931,292962,51,4031,5,14400,1.01265194741
288932,289069,293303,137,4234,5,14400,1.03235710912
288952,289272,292116,320,2844,2,7200,1.11251758087
289026,290345,292199,1319,1854,1,18000,1.71143473571
289065,289079,293080,14,4001,5,14400,1.00349912522
289076,289136,293553,60,4417,5,14400,1.01358388046
289128,289142,292991,14,3849,5,14400,1.00363730839
289139,289200,292958,61,3758,5,14400,1.01623203832
289200,289209,293514,9,4305,5,14400,1.00209059233
289211,289333,293178,122,3845,5,14400,1.03172951886
289263,289287,292333,24,3046,2,7200,1.00787918582
289278,289352,292379,74,3027,2,7200,1.02444664685
289335,289411,293355,76,3944,5,14400,1.01926977688
289342,289499,292253,157,2754,2,7200,1.05700798838
289407,289995,294415,588,4420,5,14400,1.13303167421
289486,289556,292395,70,2839,2,7200,1.02465656921
289547,289888,292947,341,3059,2,7200,1.11147433802
289876,289952,292728,76,2776,2,7200,1.02737752161
289942,290062,293087,120,3025,2,7200,1.03966942149
290001,290105,294373,104,4268,5,14400,1.02436738519
290050,290151,293332,101,3181,2,7200,1.03175102169
290103,290179,294380,76,4201,5,14400,1.01809093073
290141,290824,291250,683,426,2,7200,2.60328638498
290176,290340,294448,164,4108,5,14400,1.03992210321
290340,290685,294796,345,4111,5,14400,1.08392118706
290688,291387,295438,699,4051,5,14400,1.17254998766
290813,290969,294069,156,3100,2,7200,1.05032258065
290958,291235,294121,277,2886,2,7200,1.09598059598
291224,291262,291282,38,20,2,7200,2.9
291251,291268,294486,17,3218,2,7200,1.00528278434
291266,291293,294227,27,2934,2,7200,1.00920245399
291283,291308,293940,25,2632,2,7200,1.00949848024
291298,291364,293344,66,1980,2,7200,1.03333333333
291353,291449,291563,96,114,2,7200,1.84210526316
291384,292524,296649,1140,4125,5,14400,1.27636363636
291437,291475,294443,38,2968,2,7200,1.0128032345
291464,291574,291988,110,414,2,7200,1.26570048309
291564,291779,294627,215,2848,2,7200,1.07549157303
291769,291999,294709,230,2710,2,7200,1.08487084871
291989,292128,295242,139,3114,2,7200,1.04463712267
292116,292182,295169,66,2987,2,7200,1.02209574824
292170,292265,295194,95,2929,2,7200,1.03243427791
292254,292345,295432,91,3087,2,7200,1.02947845805
292336,292390,295441,54,3051,2,7200,1.01769911504
292381,292407,295492,26,3085,2,7200,1.00842787682
292396,292740,295846,344,3106,2,7200,1.11075338055
292520,292878,296929,358,4051,5,14400,1.08837324118
292728,292958,295911,230,2953,2,7200,1.07788689468
292879,292892,296983,13,4091,5,14400,1.00317770716
292890,292969,296776,79,3807,5,14400,1.0207512477
292948,292977,295860,29,2883,2,7200,1.01005896635
292972,293002,297110,30,4108,5,14400,1.00730282376
293003,293091,297247,88,4156,5,14400,1.02117420597
293087,293098,295687,11,2589,2,7200,1.00424874469
293096,293190,297453,94,4263,5,14400,1.02205019939
293189,293314,297699,125,4385,5,14400,1.02850627138
293312,293366,297492,54,4126,5,14400,1.01308773631
293334,293340,296407,6,3067,2,7200,1.0019563091
293337,293347,297677,10,4330,2,14400,1.00230946882
293349,293355,296415,6,3060,2,7200,1.00196078431
293363,293526,297864,163,4338,5,14400,1.03757491932
293528,293565,297465,37,3900,5,14400,1.00948717949
293569,294384,298269,815,3885,5,14400,1.20978120978
293756,295923,296296,2167,373,1,610,6.80965147453
293940,293946,296822,6,2876,2,7200,1.00208623088
294070,294076,295308,6,1232,2,7200,1.00487012987
294121,294127,296997,6,2870,2,7200,1.00209059233
294227,294497,304068,270,9571,2,21600,1.02821021837
294389,294395,298939,6,4544,5,14400,1.00132042254
294399,294427,298604,28,4177,5,14400,1.00670337563
294411,295205,304155,794,8950,1,18000,1.0887150838
294431,294455,298471,24,4016,5,14400,1.00597609562
294452,294461,298370,9,3909,5,14400,1.00230237913
294462,294720,298558,258,3838,5,14400,1.06722251172
294719,294808,298575,89,3767,5,14400,1.02362622777
294811,295254,299325,443,4071,5,14400,1.10881847212
295251,295449,299531,198,4082,5,14400,1.04850563449
295264,295858,306752,594,10894,2,14400,1.05452542684
295446,295455,299814,9,4359,5,14400,1.00206469374
295457,295699,299444,242,3745,5,14400,1.06461949266
295702,296418,300643,716,4225,5,14400,1.16946745562
296416,296661,300854,245,4193,5,14400,1.05843071786
296432,301014,301391,4582,377,1,610,13.1538461538
296660,296789,297077,129,288,8,1500,1.44791666667
296661,297088,297379,427,291,8,1500,2.46735395189
296661,297121,297413,460,292,8,1500,2.57534246575
296662,297390,297678,728,288,8,1500,3.52777777778
296662,297694,297983,1032,289,8,1500,4.57093425606
296662,297425,297713,763,288,8,1500,3.64930555556
296663,296940,301003,277,4063,5,14400,1.06817622446
296663,297994,298282,1331,288,8,1500,5.62152777778
296663,297724,298013,1061,289,8,1500,4.67128027682
296939,296994,300900,55,3906,5,14400,1.01408090118
296939,298024,298312,1085,288,8,1500,4.76736111111
296990,297258,301070,268,3812,5,14400,1.0703043022
296990,298294,298586,1304,292,8,1500,5.46575342466
296991,298323,298613,1332,290,8,1500,5.59310344828
297146,299157,358626,2011,59469,8,180000,1.03381593772
297242,302103,302107,4861,4,4,2580,486.5
297256,297464,301491,208,4027,5,14400,1.05165135336
297256,298549,298844,1293,295,8,1500,5.38305084746
297287,297688,303986,401,6298,2,14400,1.06367100667
297460,298597,298886,1137,289,8,1500,4.93425605536
297461,297476,301460,15,3984,5,14400,1.00376506024
297481,297504,301203,23,3699,5,14400,1.00621789673
297481,298624,298914,1143,290,8,1500,4.94137931034
297502,298855,299145,1353,290,8,1500,5.66551724138
297502,297710,302088,208,4378,5,14400,1.04751027867
297707,298898,299190,1191,292,8,1500,5.07876712329
297707,297877,301943,170,4066,5,14400,1.04181013281
297881,298282,302107,401,3825,5,14400,1.10483660131
297881,298925,299214,1044,289,8,1500,4.6124567474
298279,298382,302079,103,3697,5,14400,1.02786042737
298381,298483,302360,102,3877,5,14400,1.02630900181
298484,298555,302853,71,4298,5,14400,1.01651931131
298556,298569,302985,13,4416,5,14400,1.00294384058
298566,298586,302682,20,4096,5,14400,1.0048828125
298587,298615,302876,28,4261,5,14400,1.00657122741
298618,298951,302846,333,3895,5,14400,1.08549422336
298955,299201,303337,246,4136,5,14400,1.05947775629
299200,299225,303632,25,4407,5,14400,1.00567279328
299221,299232,303152,11,3920,5,14400,1.00280612245
299232,299337,303473,105,4136,5,14400,1.0253868472
299312,604263,612307,304951,8044,16,14400,38.9103679761
299334,299455,303277,121,3822,5,14400,1.03165881737
299457,299542,303526,85,3984,5,14400,1.02133534137
299539,299825,303633,286,3808,5,14400,1.07510504202
299577,302656,303204,3079,548,4,14400,6.61861313869
299825,300655,304782,830,4127,5,14400,1.2011146111
300402,301220,302222,818,1002,1,900,1.81636726547
300652,300865,304865,213,4000,5,14400,1.05325
300866,300912,304839,46,3927,5,14400,1.01171377642
300915,301082,302483,167,1401,8,6000,1.11920057102
301026,302091,318711,1065,16620,4,18000,1.06407942238
301079,301471,302873,392,1402,8,6000,1.27960057061
301092,377865,382189,76773,4324,25,10799,18.7550878816
301467,301956,303365,489,1409,8,6000,1.34705464869
301629,302096,302106,467,10,1,300,47.7
301667,302108,302109,441,1,1,600,44.2
301668,302126,302127,458,1,1,600,45.9
301669,302138,302139,469,1,1,600,47.0
301671,302150,302185,479,35,1,600,14.6857142857
301672,302197,302199,525,2,1,600,52.7
301673,302210,302213,537,3,1,600,54.0
301674,302224,302226,550,2,1,600,55.2
301675,302232,302239,557,7,1,600,56.4
301677,302239,302240,562,1,1,600,56.3
301678,302250,302253,572,3,1,600,57.5
301679,302257,302259,578,2,1,600,58.0
301682,302271,302273,589,2,1,600,59.1
301683,302277,302279,594,2,1,600,59.6
301684,302284,302287,600,3,1,600,60.3
301685,302290,302292,605,2,1,600,60.7
301686,302298,302300,612,2,1,600,61.4
301688,302305,302306,617,1,1,600,61.8
301689,302312,302313,623,1,1,600,62.4
301690,302318,302320,628,2,1,600,63.0
301691,302324,302326,633,2,1,600,63.5
301693,302332,302333,639,1,1,600,64.0
301695,302345,302348,650,3,1,600,65.3
301696,302351,302353,655,2,1,600,65.7
301697,302359,302361,662,2,1,600,66.4
301699,302366,302367,667,1,1,600,66.8
301700,302378,302379,678,1,1,600,67.9
301701,302390,302391,689,1,1,600,69.0
301702,302402,302404,700,2,1,600,70.2
301704,302415,302417,711,2,1,600,71.3
301705,302428,302430,723,2,1,600,72.5
301706,302441,302442,735,1,1,600,73.6
301707,302453,302457,746,4,1,600,75.0
301709,302470,302471,761,1,1,600,76.2
301710,302484,302485,774,1,1,600,77.5
301712,302501,302502,789,1,1,600,79.0
301713,302514,302516,801,2,1,600,80.3
301714,302527,302529,813,2,1,600,81.5
301716,302542,302550,826,8,1,600,83.4
301717,302547,302550,830,3,1,600,83.3
301719,302553,302558,834,5,1,600,83.9
301720,302560,302563,840,3,1,600,84.3
301721,302566,302569,845,3,1,600,84.8
301723,302572,302573,849,1,1,600,85.0
301724,302578,302580,854,2,1,600,85.6
301725,302584,302585,859,1,1,600,86.0
301727,302590,302593,863,3,1,600,86.6
301728,302596,302597,868,1,1,600,86.9
301729,302602,302603,873,1,1,600,87.4
301730,302608,302609,878,1,1,600,87.9
301732,302614,302616,882,2,1,600,88.4
301733,302620,302621,887,1,1,600,88.8
301734,302625,302628,891,3,1,600,89.4
301735,302632,302633,897,1,1,600,89.8
301736,302637,302638,901,1,1,600,90.2
301738,302643,302645,905,2,1,600,90.7
301739,302649,302650,910,1,1,600,91.1
301740,302661,302662,921,1,1,600,92.2
301741,302666,302667,925,1,1,600,92.6
301743,302672,302673,929,1,1,600,93.0
301744,302678,302680,934,2,1,600,93.6
301745,302684,302685,939,1,1,600,94.0
301746,302690,302691,944,1,1,600,94.5
301748,302695,302698,947,3,1,600,95.0
301749,302702,302703,953,1,1,600,95.4
301750,302707,302709,957,2,1,600,95.9
301751,302713,302714,962,1,1,600,96.3
301752,302718,302719,966,1,1,600,96.7
301754,302723,302726,969,3,1,600,97.2
301755,302729,302730,974,1,1,600,97.5
301756,302734,302737,978,3,1,600,98.1
301759,302746,302747,987,1,1,600,98.8
301760,302751,302754,991,3,1,600,99.4
301761,302757,302759,996,2,1,600,99.8
301762,302762,302765,1000,3,1,600,100.3
301765,302768,302769,1003,1,1,600,100.4
301766,302773,302780,1007,7,1,600,101.4
301767,302780,302781,1013,1,1,600,101.4
301769,302785,302786,1016,1,1,600,101.7
301770,302791,302793,1021,2,1,600,102.3
301772,302796,302797,1024,1,1,600,102.5
301773,302801,302803,1028,2,1,600,103.0
301774,302807,302819,1033,12,1,600,87.0833333333
301776,302812,302813,1036,1,1,600,103.7
301778,302824,302826,1046,2,1,600,104.8
301779,302830,302832,1051,2,1,600,105.3
301781,302835,302836,1054,1,1,600,105.5
301782,302840,302844,1058,4,1,600,106.2
301783,302846,302847,1063,1,1,600,106.4
301784,302851,302853,1067,2,1,600,106.9
301786,302863,302865,1077,2,1,600,107.9
301787,302876,302883,1089,7,1,600,109.6
301788,302881,302882,1093,1,1,600,109.4
301789,302894,302895,1105,1,1,600,110.6
301791,302901,302902,1110,1,1,600,111.1
301792,302906,302908,1114,2,1,600,111.6
301793,302912,302914,1119,2,1,600,112.1
301794,302919,302920,1125,1,1,600,112.6
301951,302118,303518,167,1400,8,6000,1.11928571429
302115,302372,303784,257,1412,8,6000,1.18201133144
302156,302926,302927,770,1,1,600,77.1
302158,302931,302932,773,1,1,600,77.4
302220,302950,302952,730,2,1,600,73.2
302222,302956,302959,734,3,1,600,73.7
302223,302964,302965,741,1,1,600,74.2
302284,302969,302970,685,1,1,600,68.6
302285,302975,302977,690,2,1,600,69.2
302287,302982,302986,695,4,1,600,69.9
302288,302988,302989,700,1,1,600,70.1
302289,302995,302996,706,1,1,600,70.7
302291,303007,303008,716,1,1,600,71.7
302292,303012,303025,720,13,1,600,56.3846153846
302295,303024,303025,729,1,1,600,73.0
302356,303030,303032,674,2,1,600,67.6
302357,303037,303038,680,1,1,600,68.1
302358,303042,303043,684,1,1,600,68.5
302360,303048,303050,688,2,1,600,69.0
302361,303056,303057,695,1,1,600,69.6
302362,303061,303064,699,3,1,600,70.2
302364,303067,303068,703,1,1,600,70.4
302365,303075,303076,710,1,1,600,71.1
302366,303081,303083,715,2,1,600,71.7
302369,303094,303096,725,2,1,600,72.7
302371,302494,303900,123,1406,8,6000,1.08748221906
302430,303100,303102,670,2,1,600,67.2
302431,303106,303108,675,2,1,600,67.7
302433,303112,303114,679,2,1,600,68.1
302434,303119,303120,685,1,1,600,68.6
302436,303124,303125,688,1,1,600,68.9
302437,303131,303133,694,2,1,600,69.6
302495,302537,303944,42,1407,8,6000,1.02985074627
302498,303144,303147,646,3,1,600,64.9
302500,303158,303160,658,2,1,600,66.0
302501,303221,303235,720,14,1,600,52.4285714286
302502,303227,303241,725,14,1,600,52.7857142857
302536,302858,304265,322,1407,8,6000,1.22885572139
302564,303232,303236,668,4,1,600,67.2
302565,303239,303250,674,11,1,600,62.2727272727
302566,303247,303248,681,1,1,600,68.2
302568,303254,303255,686,1,1,600,68.7
302569,303259,303261,690,2,1,600,69.2
302570,303265,303266,695,1,1,600,69.6
302572,303271,303272,699,1,1,600,70.0
302633,303277,303278,644,1,1,600,64.5
302636,303288,303290,652,2,1,600,65.4
302637,303301,303302,664,1,1,600,66.5
302639,303314,303316,675,2,1,600,67.7
302640,303327,303329,687,2,1,600,68.9
302641,303340,303342,699,2,1,600,70.1
302643,303349,303351,706,2,1,600,70.8
302644,303354,303355,710,1,1,600,71.1
302645,303359,303361,714,2,1,600,71.6
302647,303365,303367,718,2,1,600,72.0
302648,303370,303373,722,3,1,600,72.5
302649,303383,303385,734,2,1,600,73.6
302651,303390,303393,739,3,1,600,74.2
302712,303398,303399,686,1,1,600,68.7
302715,303411,303428,696,17,1,600,41.9411764706
302716,303418,303420,702,2,1,600,70.4
302718,303431,303432,713,1,1,600,71.4
302719,303439,303440,720,1,1,600,72.1
302720,303446,303448,726,2,1,600,72.8
302721,303453,303454,732,1,1,600,73.3
302723,303459,303462,736,3,1,600,73.9
302724,303465,303468,741,3,1,600,74.4
302725,303473,303475,748,2,1,600,75.0
302727,303479,303482,752,3,1,600,75.5
302788,303492,303494,704,2,1,600,70.6
302789,303498,303501,709,3,1,600,71.2
302791,303505,303514,714,9,1,600,72.3
302792,303513,303514,721,1,1,600,72.2
302793,303525,303531,732,6,1,600,73.8
302795,303531,303532,736,1,1,600,73.7
302796,303644,303646,848,2,1,600,85.0
302797,303649,303650,852,1,1,600,85.3
302799,303654,303656,855,2,1,600,85.7
302800,303667,303668,867,1,1,600,86.8
302801,303672,303674,871,2,1,600,87.3
302803,303679,303681,876,2,1,600,87.8
302804,303687,303688,883,1,1,600,88.4
302805,303693,303695,888,2,1,600,89.0
302854,302871,304364,17,1493,8,6000,1.01138647019
302867,303700,303701,833,1,1,600,83.4
302869,303714,303715,845,1,1,600,84.6
302871,303721,303722,850,1,1,600,85.1
302872,303727,303729,855,2,1,600,85.7
302873,303733,303735,860,2,1,600,86.2
302875,303740,303742,865,2,1,600,86.7
302875,302889,304298,14,1409,8,6000,1.00993612491
302876,303746,303751,870,5,1,600,87.5
302877,303753,303754,876,1,1,600,87.7
302879,303762,303764,883,2,1,600,88.5
302880,303769,303771,889,2,1,600,89.1
302886,303002,304414,116,1412,8,6000,1.0821529745
302929,302937,302949,8,12,1,300,1.66666666667
302942,303775,303777,833,2,1,600,83.5
302943,303782,303783,839,1,1,600,84.0
302944,303789,303791,845,2,1,600,84.7
302946,303803,303804,857,1,1,600,85.8
302947,303815,303835,868,20,1,600,44.4
302948,303847,303849,899,2,1,600,90.1
302950,303860,303873,910,13,1,600,71.0
302951,303885,303888,934,3,1,600,93.7
302952,303899,303906,947,7,1,600,95.4
302999,303172,304585,173,1413,8,6000,1.12243453645
303015,303930,303931,915,1,1,600,91.6
303016,303943,303944,927,1,1,600,92.8
303018,303955,303957,937,2,1,600,93.9
303019,303992,303995,973,3,1,600,97.6
303020,304007,304008,987,1,1,600,98.8
303022,304020,304021,998,1,1,600,99.9
303023,304032,304034,1009,2,1,600,101.1
303024,304045,304046,1021,1,1,600,102.2
303026,304058,304059,1032,1,1,600,103.3
303027,304070,304071,1043,1,1,600,104.4
303088,304079,304086,991,7,1,600,99.8
303090,304085,304088,995,3,1,600,99.8
303091,304091,304092,1000,1,1,600,100.1
303092,304098,304100,1006,2,1,600,100.8
303094,304104,304106,1010,2,1,600,101.2
303095,304110,304111,1015,1,1,600,101.6
303096,304116,304118,1020,2,1,600,102.2
303098,304123,304125,1025,2,1,600,102.7
303099,304129,304131,1030,2,1,600,103.2
303100,304135,304136,1035,1,1,600,103.6
303102,304142,304143,1040,1,1,600,104.1
303104,304154,304156,1050,2,1,600,105.2
303128,303138,306965,10,3827,2,14400,1.0026130128
303156,303216,303228,60,12,1,300,6.0
303166,304159,304165,993,6,1,600,99.9
303167,304165,304168,998,3,1,600,100.1
303168,304171,304174,1003,3,1,600,100.6
303170,304177,304178,1007,1,1,600,100.8
303171,304183,304184,1012,1,1,600,101.3
303172,304189,304191,1017,2,1,600,101.9
303173,303294,304711,121,1417,8,6000,1.08539167255
303173,304195,304197,1022,2,1,600,102.4
303175,304200,304202,1025,2,1,600,102.7
303296,304205,304206,909,1,1,600,91.0
303296,303377,304797,81,1420,8,6000,1.05704225352
303299,304218,304221,919,3,1,600,92.2
303300,304224,304227,924,3,1,600,92.7
303301,304230,304231,929,1,1,600,93.0
303303,304235,304236,932,1,1,600,93.3
303304,304242,304245,938,3,1,600,94.1
303305,304247,304248,942,1,1,600,94.3
303307,304254,304256,947,2,1,600,94.9
303308,304259,304263,951,4,1,600,95.5
303311,304271,304273,960,2,1,600,96.2
303312,304283,304285,971,2,1,600,97.3
303374,305683,305684,2309,1,1,600,231.0
303375,306025,306027,2650,2,1,600,265.2
303376,306039,306040,2663,1,1,600,266.4
303378,306051,306053,2673,2,1,600,267.5
303379,306065,306066,2686,1,1,600,268.7
303379,303485,304893,106,1408,8,6000,1.07528409091
303380,306077,306080,2697,3,1,600,270.0
303382,306091,306093,2709,2,1,600,271.1
303383,306105,306107,2722,2,1,600,272.4
303444,306118,306120,2674,2,1,600,267.6
303446,306132,306134,2686,2,1,600,268.8
303447,306146,306148,2699,2,1,600,270.1
303448,306159,306162,2711,3,1,600,271.4
303449,306173,306175,2724,2,1,600,272.6
303450,306187,306188,2737,1,1,600,273.8
303452,306247,306249,2795,2,1,600,279.7
303453,306273,306274,2820,1,1,600,282.1
303454,306285,306287,2831,2,1,600,283.3
303481,303537,304949,56,1412,8,6000,1.03966005666
303516,306293,306295,2777,2,1,600,277.9
303517,306299,306300,2782,1,1,600,278.3
303518,306307,306308,2789,1,1,600,279.0
303519,306313,306314,2794,1,1,600,279.5
303521,307145,307148,3624,3,1,600,362.7
303522,307159,307161,3637,2,1,600,363.9
303523,311353,311356,7830,3,1,600,783.3
303524,311367,311369,7843,2,1,600,784.5
303526,311381,311383,7855,2,1,600,785.7
303533,303544,304956,11,1412,8,6000,1.00779036827
303544,303660,305109,116,1449,8,6000,1.08005521049
303587,311402,311409,7815,7,1,600,782.2
303588,311421,311422,7833,1,1,600,783.4
303657,303796,305217,139,1421,8,6000,1.09781843772
303710,311435,311436,7725,1,1,600,772.6
303711,311448,311449,7737,1,1,600,773.8
303714,311485,311487,7771,2,1,600,777.3
303716,311519,311520,7803,1,1,600,780.4
303718,311531,311533,7813,2,1,600,781.5
303719,311539,311540,7820,1,1,600,782.1
303720,311546,311547,7826,1,1,600,782.7
303721,311558,311559,7837,1,1,600,783.8
303723,311564,311565,7841,1,1,600,784.2
303784,311570,311577,7786,7,1,600,779.3
303785,311577,311588,7792,11,1,600,709.363636364
303787,311582,311583,7795,1,1,600,779.6
303788,311589,311590,7801,1,1,600,780.2
303789,311596,311597,7807,1,1,600,780.8
303790,311608,311609,7818,1,1,600,781.9
303792,311614,311616,7822,2,1,600,782.4
303793,311622,311623,7829,1,1,600,783.0
303794,311628,311631,7834,3,1,600,783.7
303796,311636,311668,7840,32,1,600,246.0
303797,311643,311644,7846,1,1,600,784.7
303800,303912,305323,112,1411,8,6000,1.07937632884
303842,303999,307830,157,3831,2,86400,1.04098146698
303858,311661,311663,7803,2,1,600,780.5
303860,311679,311685,7819,6,1,600,782.5
303861,311686,311692,7825,6,1,600,783.1
303913,303962,305372,49,1410,8,6000,1.03475177305
303922,311696,311697,7774,1,1,600,777.5
303924,311704,311705,7780,1,1,600,778.1
303925,311710,311711,7785,1,1,600,778.6
303926,311717,311718,7791,1,1,600,779.2
303952,303969,303981,17,12,1,300,2.41666666667
303965,304277,305689,312,1412,8,6000,1.2209631728
303988,311724,311728,7736,4,1,600,774.0
303990,311741,311742,7751,1,1,600,775.2
304052,311747,311748,7695,1,1,600,769.6
304053,311754,311755,7701,1,1,600,770.2
304054,311761,311769,7707,8,1,600,771.5
304057,311781,311782,7724,1,1,600,772.5
304118,311787,311789,7669,2,1,600,767.1
304119,311794,311795,7675,1,1,600,767.6
304121,311802,311803,7681,1,1,600,768.2
304122,311809,311810,7687,1,1,600,768.8
304123,311815,311817,7692,2,1,600,769.4
304124,311821,311823,7697,2,1,600,769.9
304126,311828,311830,7702,2,1,600,770.4
304127,311835,311837,7708,2,1,600,771.0
304128,311843,311844,7715,1,1,600,771.6
304190,311850,311851,7660,1,1,600,766.1
304191,311856,311858,7665,2,1,600,766.7
304194,311870,311871,7676,1,1,600,767.7
304195,311877,311879,7682,2,1,600,768.4
304196,311883,311884,7687,1,1,600,768.8
304197,311895,311896,7698,1,1,600,769.9
304199,311900,311902,7701,2,1,600,770.3
304200,311907,311908,7707,1,1,600,770.8
304201,311920,311922,7719,2,1,600,772.1
304203,311927,311929,7724,2,1,600,772.6
304204,311933,311934,7729,1,1,600,773.0
304205,311941,311942,7736,1,1,600,773.7
304268,311959,311961,7691,2,1,600,769.3
304269,311966,311968,7697,2,1,600,769.9
304271,311972,311973,7701,1,1,600,770.2
304272,311979,311981,7707,2,1,600,770.9
304273,311993,311995,7720,2,1,600,772.2
304274,304290,305695,16,1405,1,72000,1.01138790036
304275,312007,312010,7732,3,1,600,773.5
304275,304295,305672,20,1377,1,72000,1.01452432825
304275,304300,305708,25,1408,1,72000,1.01775568182
304276,304318,305671,42,1353,1,72000,1.0310421286
304276,304306,305692,30,1386,1,72000,1.02164502165
304276,312022,312023,7746,1,1,600,774.7
304277,304800,306187,523,1387,1,72000,1.37707281903
304277,304794,306235,517,1441,1,72000,1.35877862595
304278,304805,306190,527,1385,1,72000,1.38050541516
304278,304810,306215,532,1405,1,72000,1.37864768683
304279,304816,306306,537,1490,1,72000,1.36040268456
304279,312048,312050,7769,2,1,600,777.1
304279,304850,306334,571,1484,1,72000,1.38477088949
304280,312061,312062,7781,1,1,600,778.2
304280,304856,306257,576,1401,1,72000,1.41113490364
304280,304861,306347,581,1486,1,72000,1.39098250336
304281,312073,312075,7792,2,1,600,779.4
304281,304866,306238,585,1372,1,72000,1.42638483965
304281,304872,306370,591,1498,1,72000,1.39452603471
304282,304879,306282,597,1403,1,72000,1.42551674982
304282,304312,305723,30,1411,8,6000,1.02126151665
304283,312090,312091,7807,1,1,600,780.8
304313,304376,305805,63,1429,8,6000,1.04408677397
304344,312109,312110,7765,1,1,600,776.6
304375,304426,305842,51,1416,8,6000,1.03601694915
304427,304596,306007,169,1411,8,6000,1.11977321049
304601,304722,306125,121,1403,8,6000,1.08624376336
304724,304822,306252,98,1430,8,6000,1.06853146853
304827,304904,306312,77,1408,8,6000,1.0546875
304905,304911,305828,6,917,2,15000,1.00654307525
304906,304917,305805,11,888,2,15000,1.01238738739
304906,305695,306646,789,951,2,15000,1.82965299685
304907,305709,306646,802,937,2,15000,1.85592315902
304907,305823,306677,916,854,2,15000,2.07259953162
304908,305840,306752,932,912,2,15000,2.02192982456
304908,306227,307074,1319,847,2,15000,2.5572609209
304908,306199,307088,1291,889,2,15000,2.45219347582
304909,306260,307129,1351,869,2,15000,2.55466052934
304910,304962,306375,52,1413,8,6000,1.03680113234
304910,306319,307243,1409,924,2,15000,2.52489177489
304947,308670,320515,3723,11845,8,43200,1.31430983537
304961,306346,307225,1385,879,2,15000,2.57565415245
304961,304968,306362,7,1394,8,6000,1.0050215208
304972,305120,306646,148,1526,8,6000,1.09698558322
304972,306382,307272,1410,890,2,15000,2.58426966292
305116,306663,307578,1547,915,2,15000,2.69071038251
305116,305229,306646,113,1417,8,6000,1.07974594213
305229,306668,307584,1439,916,2,15000,2.57096069869
305230,306688,307618,1458,930,2,15000,2.56774193548
305230,306763,307673,1533,910,2,15000,2.68461538462
305231,305335,306741,104,1406,8,6000,1.07396870555
305231,306769,307624,1538,855,2,15000,2.79883040936
305334,305384,306800,50,1416,8,6000,1.03531073446
305334,306976,307854,1642,878,2,15000,2.8701594533
305386,305716,307129,330,1413,8,6000,1.23354564756
305386,307099,307989,1713,890,2,15000,2.92471910112
305386,307085,308027,1699,942,2,15000,2.80360934183
305587,332265,937103,26678,604838,16,604800,1.04410767842
305614,305703,305705,89,2,8,259200,9.1
305714,305734,307153,20,1419,8,6000,1.0140944327
305728,312122,312123,6394,1,1,600,639.5
305735,305817,307223,82,1406,8,6000,1.05832147937
305817,305854,307256,37,1402,8,6000,1.02639087019
305859,306019,307441,160,1422,8,6000,1.11251758087
305923,307140,307360,1217,220,8,259200,6.53181818182
306023,306139,307543,116,1404,8,6000,1.08262108262
306046,312405,917216,6359,604811,6,604800,1.01051402835
306090,312138,312140,6048,2,1,600,605.0
306091,312151,312153,6060,2,1,600,606.2
306092,312164,312165,6072,1,1,600,607.3
306095,312188,312189,6093,1,1,600,609.4
306136,306266,307698,130,1432,8,6000,1.09078212291
306156,312201,312204,6045,3,1,600,604.8
306158,312215,312217,6057,2,1,600,605.9
306159,312228,312248,6069,20,1,600,304.45
306160,312253,312258,6093,5,1,600,609.8
306162,312258,312259,6096,1,1,600,609.7
306223,312264,312266,6041,2,1,600,604.3
306224,312272,312280,6048,8,1,600,605.6
306226,312277,312278,6051,1,1,600,605.2
306270,306325,307742,55,1417,8,6000,1.03881439661
306288,312291,312296,6003,5,1,600,600.8
306321,306374,307789,53,1415,8,6000,1.03745583039
306350,312297,312300,5947,3,1,600,595.0
306351,312303,312304,5952,1,1,600,595.3
306352,312309,312319,5957,10,1,600,596.7
306353,312316,312317,5963,1,1,600,596.4
306355,312321,312327,5966,6,1,600,597.2
306373,306389,307802,16,1413,8,6000,1.01132342534
306394,306658,308083,264,1425,8,6000,1.18526315789
306657,306675,308106,18,1431,8,6000,1.01257861635
306678,306752,308228,74,1476,8,6000,1.05013550136
306750,306811,308215,61,1404,8,6000,1.04344729345
306812,307165,308592,353,1427,8,6000,1.24737210932
307162,307172,308098,10,926,2,15000,1.01079913607
307163,307241,308124,78,883,2,15000,1.08833522084
307163,307254,308159,91,905,2,15000,1.10055248619
307164,307283,308190,119,907,2,15000,1.13120176406
307164,307589,308503,425,914,2,15000,1.46498905908
307165,307629,308528,464,899,2,15000,1.51612903226
307165,307597,308538,432,941,2,15000,1.45908607864
307166,307635,308503,469,868,2,15000,1.54032258065
307166,307685,308563,519,878,2,15000,1.59111617312
307167,307814,308756,647,942,2,15000,1.68683651805
307167,307819,308738,652,919,2,15000,1.70946681175
307168,307830,308763,662,933,2,15000,1.70953912111
307168,307825,308732,657,907,2,15000,1.7243660419
307169,307842,308724,673,882,2,15000,1.76303854875
307169,307866,308806,697,940,2,15000,1.7414893617
307170,307234,308651,64,1417,8,6000,1.04516584333
307170,308038,308920,868,882,2,15000,1.98412698413
307170,308002,308927,832,925,2,15000,1.89945945946
307186,312328,312336,5142,8,1,600,515.0
307188,312335,312337,5147,2,1,600,514.9
307232,307267,308699,35,1432,8,6000,1.02444134078
307232,308109,309011,877,902,2,15000,1.97228381375
307264,307371,308797,107,1426,8,6000,1.07503506311
307264,308136,309081,872,945,2,15000,1.92275132275
307367,308170,309081,803,911,2,15000,1.88144895719
307367,308202,309048,835,846,2,15000,1.98699763593
307368,308519,309397,1151,878,2,15000,2.31093394077
307368,308514,309455,1146,941,2,15000,2.2178533475
307369,308539,309470,1170,931,2,15000,2.2567132116
307369,308550,309490,1181,940,2,15000,2.25638297872
307370,308736,309624,1366,888,2,15000,2.53828828829
307370,308574,309512,1204,938,2,15000,2.28358208955
307371,308744,309648,1373,904,2,15000,2.51880530973
307371,308751,309663,1380,912,2,15000,2.51315789474
307372,308768,309679,1396,911,2,15000,2.5323819978
307373,308775,309713,1402,938,2,15000,2.49466950959
307373,308817,309696,1444,879,2,15000,2.64277588168
307374,308932,309748,1558,816,2,15000,2.90931372549
307374,308939,309776,1565,837,2,15000,2.86977299881
307375,309024,309874,1649,850,2,15000,2.94
307375,309060,309900,1685,840,2,15000,3.00595238095
307376,309099,309981,1723,882,2,15000,2.95351473923
307376,309093,310027,1717,934,2,15000,2.83832976445
307376,309409,310241,2033,832,2,15000,3.44350961538
307377,307452,308872,75,1420,8,6000,1.05281690141
307377,309466,310299,2089,833,2,15000,3.50780312125
307389,382213,408771,74824,26558,24,36000,3.81738082687
307449,307556,308971,107,1415,8,6000,1.07561837456
307480,310917,336271,3437,25354,2,172800,1.13556046383
307552,309482,310352,1930,870,2,15000,3.2183908046
307552,307711,309217,159,1506,8,6000,1.10557768924
307691,311388,320675,3697,9287,2,21600,1.39808334231
307706,309502,310348,1796,846,2,15000,3.12293144208
307707,309528,310400,1821,872,2,15000,3.08830275229
307707,309635,310498,1928,863,2,15000,3.23406720742
307708,309674,310560,1966,886,2,15000,3.21896162528
307708,309660,310476,1952,816,2,15000,3.39215686275
307709,309708,310531,1999,823,2,15000,3.42891859052
307709,309696,310557,1987,861,2,15000,3.30778164925
307710,309724,310581,2014,857,2,15000,3.35005834306
307711,309787,310641,2076,854,2,15000,3.43091334895
307711,309760,310653,2049,893,2,15000,3.29451287794
307712,309885,310673,2173,788,2,15000,3.7576142132
307712,309911,310753,2199,842,2,15000,3.61163895487
307713,309992,310825,2279,833,2,15000,3.73589435774
307713,310038,310905,2325,867,2,15000,3.68166089965
307714,310252,311123,2538,871,2,15000,3.91389207807
307714,310310,311120,2596,810,2,15000,4.2049382716
307715,310361,311179,2646,818,2,15000,4.23471882641
307715,310367,311237,2652,870,2,15000,4.04827586207
307716,310411,311306,2695,895,2,15000,4.01117318436
307716,310487,311342,2771,855,2,15000,4.24093567251
307716,307753,309169,37,1416,8,6000,1.0261299435
307758,307804,309237,46,1433,8,6000,1.03210048849
307758,310510,311379,2752,869,2,15000,4.166858458
307810,308095,309512,285,1417,8,6000,1.20112914608
307810,310542,311376,2732,834,2,15000,4.2757793765
307942,311190,321406,3248,10216,1,259200,1.31793265466
308097,308118,309523,21,1405,8,6000,1.01494661922
308118,308227,309637,109,1410,8,6000,1.07730496454
308222,308239,309677,17,1438,8,6000,1.01182197497
308243,308603,310016,360,1413,8,6000,1.25477707006
308244,310568,311416,2324,848,2,15000,3.74056603774
308250,346519,372790,38269,26271,16,324000,2.45670130562
308338,372808,696849,64470,324041,16,324000,1.19895630491
308602,308616,310059,14,1443,8,6000,1.0097020097
308613,308663,310081,50,1418,8,6000,1.03526093089
308614,310574,311450,1960,876,2,15000,3.23744292237
308665,308710,310138,45,1428,8,6000,1.03151260504
308665,310592,311459,1927,867,2,15000,3.22260668973
308707,308808,310233,101,1425,8,6000,1.07087719298
308810,310652,311521,1842,869,2,15000,3.11967779056
308810,308883,310314,73,1431,8,6000,1.05101327743
308882,308982,310468,100,1486,8,6000,1.06729475101
308882,310670,311502,1788,832,2,15000,3.14903846154
308985,309181,310613,196,1432,8,6000,1.13687150838
308985,310684,311542,1699,858,2,15000,2.98018648019
309180,309229,310653,49,1424,8,6000,1.03441011236
309232,309248,310674,16,1426,8,6000,1.01122019635
309232,310765,311643,1533,878,2,15000,2.74601366743
309253,309523,310955,270,1432,8,6000,1.18854748603
309253,310836,311676,1583,840,2,15000,2.88452380952
309440,311394,324679,1954,13285,2,21600,1.14708317651
309519,309535,310962,16,1427,8,6000,1.01121233357
309540,309649,311073,109,1424,8,6000,1.07654494382
309654,309688,311131,34,1443,8,6000,1.02356202356
309685,310028,311448,343,1420,8,6000,1.24154929577
310025,310071,311495,46,1424,8,6000,1.03230337079
310067,310092,311538,25,1446,8,6000,1.01728907331
310088,310150,311591,62,1441,8,6000,1.04302567661
310150,310245,311660,95,1415,8,6000,1.06713780919
310242,310326,311753,84,1427,8,6000,1.05886475123
310325,310479,311902,154,1423,8,6000,1.10822206606
310479,310625,312042,146,1417,8,6000,1.1030345801
310493,312966,313197,2473,231,8,259200,11.7056277056
310570,333752,333769,23182,17,4,2580,1364.64705882
310623,310665,312091,42,1426,8,6000,1.02945301543
310664,310691,312120,27,1429,8,6000,1.0188943317
310695,310966,312388,271,1422,8,6000,1.1905766526
310766,311132,312004,366,872,2,15000,1.41972477064
310838,311139,311973,301,834,2,15000,1.36091127098
310962,310973,312398,11,1425,8,6000,1.00771929825
310973,311084,312505,111,1421,8,6000,1.07811400422
311016,311427,323648,411,12221,2,21600,1.03363063579
311086,311145,312568,59,1423,8,6000,1.04146170063
311135,311513,316343,378,4830,5,14400,1.07826086957
311135,311317,316032,182,4715,5,14400,1.03860021209
311148,311459,312879,311,1420,8,6000,1.21901408451
311320,311654,316560,334,4906,5,14400,1.06807990216
311395,312342,312344,947,2,1,600,94.9
311397,312349,312350,952,1,1,600,95.3
311429,311466,322029,37,10563,2,21600,1.00350279277
311456,311506,312949,50,1443,8,6000,1.03465003465
311459,312360,312361,901,1,1,600,90.2
311461,312367,312369,906,2,1,600,90.8
311462,312372,312373,910,1,1,600,91.1
311463,312379,312384,916,5,1,600,92.1
311508,311553,312975,45,1422,8,6000,1.03164556962
311515,311985,317043,470,5058,5,14400,1.0929221036
311525,312386,312387,861,1,1,600,86.2
311526,312391,312392,865,1,1,600,86.6
311527,312398,312404,871,6,1,600,87.7
311529,312522,312524,993,2,1,600,99.5
311549,311603,313031,54,1428,8,6000,1.03781512605
311590,312537,312538,947,1,1,600,94.8
311591,312549,312551,958,2,1,600,96.0
311593,312562,312565,969,3,1,600,97.2
311594,312576,312578,982,2,1,600,98.4
311595,312596,312598,1001,2,1,600,100.3
311597,312609,312611,1012,2,1,600,101.4
311598,312623,312624,1025,1,1,600,102.6
311599,312635,312637,1036,2,1,600,103.8
311601,311672,313090,71,1418,8,6000,1.05007052186
311601,312648,312650,1047,2,1,600,104.9
311659,312416,317443,757,5027,5,14400,1.15058683111
311662,312662,312664,1000,2,1,600,100.2
311665,312687,312689,1022,2,1,600,102.4
311666,312701,312702,1035,1,1,600,103.6
311667,312713,312715,1046,2,1,600,104.8
311669,312726,312728,1057,2,1,600,105.9
311670,312740,312741,1070,1,1,600,107.1
311673,311767,313195,94,1428,8,6000,1.06582633053
311732,312753,312755,1021,2,1,600,102.3
311733,312767,312769,1034,2,1,600,103.6
311734,312780,312782,1046,2,1,600,104.8
311737,312806,312808,1069,2,1,600,107.1
311738,312819,312821,1081,2,1,600,108.3
311740,312832,312833,1092,1,1,600,109.3
311742,312858,312859,1116,1,1,600,111.7
311766,311915,313351,149,1436,8,6000,1.10376044568
311804,312871,312872,1067,1,1,600,106.8
311805,312883,312885,1078,2,1,600,108.0
311806,312896,312901,1090,5,1,600,109.5
311808,312902,312904,1094,2,1,600,109.6
311809,312912,312913,1103,1,1,600,110.4
311810,312919,312920,1109,1,1,600,111.0
311812,312926,312933,1114,7,1,600,112.1
311813,312933,312936,1120,3,1,600,112.3
311816,312952,312959,1136,7,1,600,114.3
311877,312959,312960,1082,1,1,600,108.3
311879,321419,321424,9540,5,1,600,954.5
311880,321435,321438,9555,3,1,600,955.8
311881,321449,321451,9568,2,1,600,957.0
311883,321463,321465,9580,2,1,600,958.2
311884,321479,321480,9595,1,1,600,959.6
311885,321491,321492,9606,1,1,600,960.7
311887,321503,321506,9616,3,1,600,961.9
311889,321529,321531,9640,2,1,600,964.2
311891,321542,321544,9651,2,1,600,965.3
311920,312055,313497,135,1442,8,6000,1.09361997226
311952,321555,321558,9603,3,1,600,960.6
311954,321570,321571,9616,1,1,600,961.7
311955,321582,321584,9627,2,1,600,962.9
311956,321595,321606,9639,11,1,600,877.272727273
311958,321617,321619,9659,2,1,600,966.1
311959,321630,321631,9671,1,1,600,967.2
311960,321644,321646,9684,2,1,600,968.6
311962,321657,321659,9695,2,1,600,969.7
311987,312422,317465,435,5043,5,14400,1.08625817965
312023,321676,321677,9653,1,1,600,965.4
312024,321688,321699,9664,11,1,600,879.545454545
312026,321710,321712,9684,2,1,600,968.6
312027,321729,321730,9702,1,1,600,970.3
312028,321741,321743,9713,2,1,600,971.5
312030,321754,321762,9724,8,1,600,973.2
312031,321775,321776,9744,1,1,600,974.5
312053,312103,313527,50,1424,8,6000,1.03511235955
312094,321799,321801,9705,2,1,600,970.7
312095,321813,321814,9718,1,1,600,971.9
312096,321825,321826,9729,1,1,600,973.0
312098,321838,321840,9740,2,1,600,974.2
312105,312132,313554,27,1422,8,6000,1.01898734177
312134,312410,317003,276,4593,5,14400,1.0600914435
312159,321851,321853,9692,2,1,600,969.4
312160,321865,321867,9705,2,1,600,970.7
312162,321879,321880,9717,1,1,600,971.8
312163,321892,321893,9729,1,1,600,973.0
312225,321904,321906,9679,2,1,600,968.1
312226,321917,321919,9691,2,1,600,969.3
312228,321930,321932,9702,2,1,600,970.4
312229,321943,321945,9714,2,1,600,971.6
312230,321956,321958,9726,2,1,600,972.8
312292,321969,321972,9677,3,1,600,968.0
312293,321984,321985,9691,1,1,600,969.2
312294,321996,321998,9702,2,1,600,970.4
312295,322016,322017,9721,1,1,600,972.2
312297,322030,322031,9733,1,1,600,973.4
312298,322046,322047,9748,1,1,600,974.9
312361,322070,322071,9709,1,1,600,971.0
312363,322095,322096,9732,1,1,600,973.3
312365,322109,322110,9744,1,1,600,974.5
312366,322121,322124,9755,3,1,600,975.8
312367,322136,322137,9769,1,1,600,977.0
312369,322148,322150,9779,2,1,600,978.1
312370,322162,322165,9792,3,1,600,979.5
312371,322181,322183,9810,2,1,600,981.2
312372,322195,322197,9823,2,1,600,982.5
312376,322233,322234,9857,1,1,600,985.8
312411,312516,317136,105,4620,5,14400,1.02272727273
312418,313514,318466,1096,4952,5,14400,1.22132471729
312418,312589,317539,171,4950,5,14400,1.03454545455
312438,322245,322248,9807,3,1,600,981.0
312439,322260,322261,9821,1,1,600,982.2
312440,322273,322274,9833,1,1,600,983.4
312441,322286,322287,9845,1,1,600,984.6
312494,507802,515022,195308,7220,1,7200,28.0509695291
312494,507795,507862,195301,67,1,7200,2915.94029851
312494,507879,508090,195385,211,1,7200,926.995260664
312495,508102,515304,195607,7202,1,7200,28.1600944182
312495,509199,509235,196704,36,1,7200,5465.0
312495,509204,509282,196709,78,1,7200,2522.91025641
312495,509209,509442,196714,233,1,7200,845.266094421
312495,509215,516445,196720,7230,1,7200,28.2088520055
312495,509193,511995,196698,2802,1,7200,71.199143469
312496,509246,509259,196750,13,1,7200,15135.6153846
312496,509293,516501,196797,7208,1,7200,28.3025804661
312496,509270,509299,196774,29,1,7200,6786.31034483
312496,509221,509944,196725,723,1,7200,273.095435685
312496,509227,511166,196731,1939,1,7200,102.460030944
312497,511079,518305,198582,7226,1,7200,28.481594243
312497,511085,515075,198588,3990,1,7200,50.7714285714
312497,509956,517170,197459,7214,1,7200,28.3716384807
312497,509311,511422,196814,2111,1,7200,94.232591189
312497,509454,516700,196957,7246,1,7200,28.1814794369
312498,511178,518423,198680,7245,1,7200,28.4230503796
312498,511382,518609,198884,7227,1,7200,28.5195793552
312498,511770,519005,199272,7235,1,7200,28.5427781617
312498,511434,513064,198936,1630,1,7200,123.046625767
312498,511299,518507,198801,7208,1,7200,28.5806048835
312498,511764,518968,199266,7204,1,7200,28.6604664076
312499,513123,513203,200624,80,1,7200,2508.8
312499,513076,513112,200577,36,1,7200,5572.58333333
312499,513195,513449,200696,254,1,7200,791.141732283
312499,512006,519246,199507,7240,1,7200,28.5562154696
312499,513201,520434,200702,7233,1,7200,28.7480989907
312500,513461,513487,200961,26,1,7200,7730.26923077
312500,513211,520413,200711,7202,1,7200,28.8687864482
312500,513498,520725,200998,7227,1,7200,28.8120935381
312500,513206,520443,200706,7237,1,7200,28.7333149095
312500,513217,520442,200717,7225,1,7200,28.780899654
312501,513762,520976,201261,7214,1,7200,28.8986692542
312501,513713,520936,201212,7223,1,7200,28.8571230791
312501,513768,520988,201267,7220,1,7200,28.8763157895
312501,514079,519584,201578,5505,1,7200,37.6172570391
312501,514084,521301,201583,7217,1,7200,28.9316890675
312501,514073,521312,201572,7239,1,7200,28.8452824976
312502,514380,514991,201878,611,1,7200,331.40589198
312502,514113,514369,201611,256,1,7200,788.54296875
312502,514097,521331,201595,7234,1,7200,28.8677080453
312502,514108,515061,201606,953,1,7200,212.548793284
312502,514103,514544,201601,441,1,7200,458.145124717
312503,514755,514880,202252,125,1,7200,1619.016
312503,514744,514898,202241,154,1,7200,1314.25324675
312503,514749,514943,202246,194,1,7200,1043.50515464
312503,514739,514796,202236,57,1,7200,3549.0
312503,514555,515680,202052,1125,1,7200,180.601777778
312504,514942,516971,202438,2029,1,7200,100.772301626
312504,514956,519303,202452,4347,1,7200,47.5728088337
312504,514760,514946,202256,186,1,7200,1088.39784946
312504,514892,514931,202388,39,1,7200,5190.43589744
312504,514808,515169,202304,361,1,7200,561.398891967
312504,514909,514961,202405,52,1,7200,3893.40384615
312505,515033,517533,202528,2500,1,7200,82.0112
312505,514962,522180,202457,7218,1,7200,29.048905514
312505,514972,522200,202467,7228,1,7200,29.0114831212
312505,515003,522237,202498,7234,1,7200,28.9925352502
312505,515072,519006,202567,3934,1,7200,52.4913573971
312506,515181,522413,202675,7232,1,7200,29.0247511062
312514,312584,317017,70,4433,5,14400,1.01579066095
312564,322311,322313,9747,2,1,600,974.9
312565,322325,322326,9760,1,1,600,976.1
312567,322338,322341,9771,3,1,600,977.4
312586,312986,317770,400,4784,5,14400,1.08361204013
312593,313545,318558,952,5013,5,14400,1.18990624377
312628,322353,322355,9725,2,1,600,972.7
312629,322366,322367,9737,1,1,600,973.8
312631,322378,322380,9747,2,1,600,974.9
312632,322391,322392,9759,1,1,600,976.0
312633,322404,322407,9771,3,1,600,977.4
312657,312972,316754,315,3782,2,21600,1.08328926494
312694,322418,322419,9724,1,1,600,972.5
312696,322431,322433,9735,2,1,600,973.7
312697,322444,322446,9747,2,1,600,974.9
312698,322457,322462,9759,5,1,600,976.4
312700,322473,322475,9773,2,1,600,977.5
312761,322487,322488,9726,1,1,600,972.7
312762,322499,322501,9737,2,1,600,973.9
312764,322512,322514,9748,2,1,600,975.0
312765,322526,322528,9761,2,1,600,976.3
312766,322541,322542,9775,1,1,600,977.6
312828,322553,322555,9725,2,1,600,972.7
312829,322567,322568,9738,1,1,600,973.9
312830,322579,322581,9749,2,1,600,975.1
312831,322592,322594,9761,2,1,600,976.3
312833,322606,322608,9773,2,1,600,977.5
312876,312890,420194,14,107304,6,604800,1.00013047044
312894,322620,322621,9726,1,1,600,972.7
312897,322646,322654,9749,8,1,600,975.7
312898,322665,322666,9767,1,1,600,976.8
312899,322678,322679,9779,1,1,600,978.0
312955,313043,317562,88,4519,5,14400,1.01947333481
312962,322707,322708,9745,1,1,600,974.6
312963,322719,322721,9756,2,1,600,975.8
312966,322744,322746,9778,2,1,600,978.0
312967,322757,322759,9790,2,1,600,979.2
312968,322770,322772,9802,2,1,600,980.4
312969,322783,322786,9814,3,1,600,981.7
312971,322798,322799,9827,1,1,600,982.8
312987,313049,317344,62,4295,5,14400,1.01443538999
313017,377597,377853,64580,256,64,3600,253.265625
313049,313107,317194,58,4087,5,14400,1.01419133839
313049,313101,317773,52,4672,5,14400,1.01113013699
313101,313207,317426,106,4219,5,14400,1.02512443707
313204,313213,317758,9,4545,5,14400,1.00198019802
313205,313219,317331,14,4112,5,14400,1.00340466926
313216,313362,317302,146,3940,5,14400,1.03705583756
313360,313509,318436,149,4927,5,14400,1.03024152628
313504,313539,317541,35,4002,5,14400,1.00874562719
313516,321670,326492,8154,4822,5,14400,2.69099958523
313535,313566,317892,31,4326,5,14400,1.00716597319
313536,316044,320278,2508,4234,5,14400,1.59234766179
313547,322009,326917,8462,4908,5,14400,2.72412387938
313567,316354,320201,2787,3847,5,14400,1.72446061866
313638,320527,320573,6889,46,8,259200,150.760869565
316352,316572,320696,220,4124,5,14400,1.05334626576
316455,318721,675101,2266,356380,4,604800,1.0063583815
316568,316765,321098,197,4333,5,14400,1.04546503577
316765,317015,321992,250,4977,5,14400,1.05023106289
317012,317028,321392,16,4364,5,14400,1.00366636114
317033,317055,321282,22,4227,5,14400,1.00520463686
317054,317149,321585,95,4436,5,14400,1.02141568981
317146,317206,321610,60,4404,5,14400,1.0136239782
317209,317313,321830,104,4517,5,14400,1.02302413106
317312,317344,322164,32,4820,5,14400,1.00663900415
317343,317355,321159,12,3804,5,14400,1.00315457413
317354,317438,321987,84,4549,5,14400,1.01846559683
317436,317455,321867,19,4412,5,14400,1.00430643699
317457,317476,321711,19,4235,5,14400,1.00448642267
317479,317551,321460,72,3909,5,14400,1.018419033
317551,317557,321633,6,4076,5,14400,1.0014720314
317562,317574,321654,12,4080,5,14400,1.00294117647
317572,317769,321650,197,3881,5,14400,1.05076011337
317768,317781,322091,13,4310,5,14400,1.0030162413
317778,320586,337158,2808,16572,6,604800,1.16944243302
317779,317788,321794,9,4006,5,14400,1.00224663005
317790,317904,323061,114,5157,5,14400,1.02210587551
317903,318448,322644,545,4196,5,14400,1.12988560534
318448,318478,323275,30,4797,5,14400,1.00625390869
318479,318570,322675,91,4105,5,14400,1.0221680877
318572,320213,324236,1641,4023,5,14400,1.40790454884
318715,320591,325406,1876,4815,2,14400,1.38961578401
320135,320686,325057,551,4371,2,14400,1.12605811027
320215,320290,324838,75,4548,5,14400,1.01649076517
320287,320707,324569,420,3862,5,14400,1.108751942
320709,321109,325122,400,4013,5,14400,1.09967605283
321109,321171,325923,62,4752,5,14400,1.01304713805
321172,321293,325420,121,4127,5,14400,1.029319118
321295,321403,326147,108,4744,5,14400,1.02276559865
321409,321472,325875,63,4403,5,14400,1.01430842607
321444,322811,322812,1367,1,1,600,136.8
321445,322824,322825,1379,1,1,600,138.0
321471,321601,326226,130,4625,5,14400,1.02810810811
321507,322836,322838,1329,2,1,600,133.1
321508,322849,322850,1341,1,1,600,134.2
321509,322862,322864,1353,2,1,600,135.5
321511,322876,322878,1365,2,1,600,136.7
321512,322890,322891,1378,1,1,600,137.9
321573,322902,322903,1329,1,1,600,133.0
321575,322914,322915,1339,1,1,600,134.0
321576,322926,322928,1350,2,1,600,135.2
321577,322939,322940,1362,1,1,600,136.3
321578,322951,322953,1373,2,1,600,137.5
321605,321623,325514,18,3891,5,14400,1.00462606014
321626,321650,325930,24,4280,5,14400,1.00560747664
321640,322965,322966,1325,1,1,600,132.6
321641,322977,322979,1336,2,1,600,133.8
321642,322990,322992,1348,2,1,600,135.0
321644,323004,323006,1360,2,1,600,136.2
321648,321664,325951,16,4287,5,14400,1.00373221367
321669,321724,326154,55,4430,5,14400,1.01241534989
321674,325944,330828,4270,4884,5,14400,1.87428337428
321705,323017,323020,1312,3,1,600,131.5
321706,323031,323033,1325,2,1,600,132.7
321707,323046,323047,1339,1,1,600,134.0
321709,323059,323060,1350,1,1,600,135.1
321720,321807,325581,87,3774,5,14400,1.02305246423
321770,323071,323073,1301,2,1,600,130.3
321771,323086,323087,1315,1,1,600,131.6
321773,323099,323101,1326,2,1,600,132.8
321774,323112,323114,1338,2,1,600,134.0
321803,321845,326397,42,4552,5,14400,1.00922671353
321835,323126,323127,1291,1,1,600,129.2
321837,323139,323141,1302,2,1,600,130.4
321839,323164,323166,1325,2,1,600,132.7
321840,323177,323179,1337,2,1,600,133.9
321845,321885,326043,40,4158,5,14400,1.00962000962
321886,322003,326721,117,4718,5,14400,1.02479864349
321902,323190,323192,1288,2,1,600,129.0
321903,323203,323205,1300,2,1,600,130.2
321904,323216,323219,1312,3,1,600,131.5
321906,323230,323232,1324,2,1,600,132.6
321907,323245,323248,1338,3,1,600,134.1
321968,323260,323261,1292,1,1,600,129.3
321969,323272,323274,1303,2,1,600,130.5
321971,323286,323287,1315,1,1,600,131.6
321972,323299,323300,1327,1,1,600,132.8
321973,323311,323313,1338,2,1,600,134.0
322000,322103,327057,103,4954,5,14400,1.02079127977
322013,326172,331091,4159,4919,5,14400,1.84549705225
322029,322040,333739,11,11699,2,21600,1.0009402513
322035,323324,323326,1289,2,1,600,129.1
322036,323337,323339,1301,2,1,600,130.3
322037,323350,323352,1313,2,1,600,131.5
322038,323364,323365,1326,1,1,600,132.7
322040,323376,323378,1336,2,1,600,133.8
322101,323389,323391,1288,2,1,600,129.0
322102,323402,323403,1300,1,1,600,130.1
322103,322175,327317,72,5142,5,14400,1.01400233372
322104,323414,323416,1310,2,1,600,131.2
322105,323427,323428,1322,1,1,600,132.3
322106,323439,323441,1333,2,1,600,133.5
322168,323452,323454,1284,2,1,600,128.6
322169,323465,323466,1296,1,1,600,129.7
322170,323477,323478,1307,1,1,600,130.8
322172,323490,323491,1318,1,1,600,131.9
322173,323502,323504,1329,2,1,600,133.1
322175,322655,327273,480,4618,5,14400,1.10394110004
322234,323515,323518,1281,3,1,600,128.4
322236,323529,323531,1293,2,1,600,129.5
322237,323542,323543,1305,1,1,600,130.6
322238,323555,323556,1317,1,1,600,131.8
322240,323568,323572,1328,4,1,600,133.2
322301,323584,323586,1283,2,1,600,128.5
322302,323598,323599,1296,1,1,600,129.7
322304,323610,323612,1306,2,1,600,130.8
322305,323624,323625,1319,1,1,600,132.0
322330,323659,333872,1329,10213,2,21600,1.13012826789
322368,323649,323651,1281,2,1,600,128.3
322369,323666,323676,1297,10,1,600,130.7
322371,323688,323691,1317,3,1,600,132.0
322372,323702,323704,1330,2,1,600,133.2
322374,323715,323722,1341,7,1,600,134.8
322435,323734,323735,1299,1,1,600,130.0
322436,323747,323748,1311,1,1,600,131.2
322438,323760,323762,1322,2,1,600,132.4
322439,323772,323773,1333,1,1,600,133.4
322502,323797,323798,1295,1,1,600,129.6
322503,323809,323811,1306,2,1,600,130.8
322504,323823,323824,1319,1,1,600,132.0
322506,323836,323837,1330,1,1,600,133.1
322507,323849,323850,1342,1,1,600,134.3
322568,323862,323863,1294,1,1,600,129.5
322570,323874,323876,1304,2,1,600,130.6
322571,323888,323889,1317,1,1,600,131.8
322572,323901,323902,1329,1,1,600,133.0
322574,323914,323915,1340,1,1,600,134.1
322635,323927,323928,1292,1,1,600,129.3
322636,323940,323942,1304,2,1,600,130.6
322638,323953,323955,1315,2,1,600,131.7
322639,323966,323968,1327,2,1,600,132.9
322640,323980,323981,1340,1,1,600,134.1
322658,322688,326669,30,3981,5,14400,1.00753579503
322690,323078,327076,388,3998,5,14400,1.09704852426
322702,323993,323994,1291,1,1,600,129.2
322703,324005,324013,1302,8,1,600,131.0
322704,324024,324026,1320,2,1,600,132.2
322706,324037,324044,1331,7,1,600,133.8
322767,324055,324058,1288,3,1,600,129.1
322769,324069,324070,1300,1,1,600,130.1
322770,324082,324083,1312,1,1,600,131.3
322834,324119,324121,1285,2,1,600,128.7
322835,324132,324134,1297,2,1,600,129.9
322837,324145,324147,1308,2,1,600,131.0
322838,324158,324159,1320,1,1,600,132.1
322839,324172,324173,1333,1,1,600,133.4
322901,324184,324186,1283,2,1,600,128.5
322902,324197,324199,1295,2,1,600,129.7
322903,324210,324212,1307,2,1,600,130.9
322904,324224,324225,1320,1,1,600,132.1
322906,324237,324238,1331,1,1,600,133.2
322967,324255,324256,1288,1,1,600,128.9
322968,324268,324269,1300,1,1,600,130.1
322970,324280,324282,1310,2,1,600,131.2
322971,324293,324296,1322,3,1,600,132.5
322972,324308,324327,1336,19,1,600,71.3157894737
322974,324340,324341,1366,1,1,600,136.7
323035,324353,324354,1318,1,1,600,131.9
323036,324366,324368,1330,2,1,600,133.2
323038,324379,324380,1341,1,1,600,134.2
323039,324392,324394,1353,2,1,600,135.5
323040,324405,324406,1365,1,1,600,136.6
323081,323292,327735,211,4443,5,14400,1.04749043439
323102,324417,324428,1315,11,1,600,120.545454545
323103,324439,324440,1336,1,1,600,133.7
323104,324452,324454,1348,2,1,600,135.0
323107,324477,324478,1370,1,1,600,137.1
323125,324695,328706,1570,4011,2,14400,1.39142358514
323168,324490,324496,1322,6,1,600,132.8
323169,324507,324508,1338,1,1,600,133.9
323171,324520,324526,1349,6,1,600,135.5
323172,324537,324539,1365,2,1,600,136.7
323173,324550,324554,1377,4,1,600,138.1
323235,324565,324566,1330,1,1,600,133.1
323236,324577,324579,1341,2,1,600,134.3
323237,324591,324594,1354,3,1,600,135.7
323238,324606,324613,1368,7,1,600,137.5
323240,324624,324626,1384,2,1,600,138.6
323297,324247,328771,950,4524,5,14400,1.20999115827
323301,324637,324639,1336,2,1,600,133.8
323304,324663,324664,1359,1,1,600,136.0
323305,324675,324676,1370,1,1,600,137.1
323306,324688,324695,1382,7,1,600,138.9
323368,324708,324710,1340,2,1,600,134.2
323370,324733,324735,1363,2,1,600,136.5
323372,324746,324748,1374,2,1,600,137.6
323373,324759,324761,1386,2,1,600,138.8
323434,324772,324774,1338,2,1,600,134.0
323436,324786,324793,1350,7,1,600,135.7
323437,324804,324805,1367,1,1,600,136.8
323438,324818,324819,1380,1,1,600,138.1
323440,324830,324832,1390,2,1,600,139.2
323501,324844,324845,1343,1,1,600,134.4
323502,324856,324858,1354,2,1,600,135.6
323503,324870,324872,1367,2,1,600,136.9
323505,324885,324886,1380,1,1,600,138.1
323506,324897,324903,1391,6,1,600,139.7
323567,324915,324916,1348,1,1,600,134.9
323569,324928,324929,1359,1,1,600,136.0
323570,324940,324943,1370,3,1,600,137.3
323571,324954,324955,1383,1,1,600,138.4
323573,324966,324967,1393,1,1,600,139.4
323634,324978,324981,1344,3,1,600,134.7
323635,324992,324994,1357,2,1,600,135.9
323636,325005,325007,1369,2,1,600,137.1
323638,325019,325021,1381,2,1,600,138.3
323639,325032,325033,1393,1,1,600,139.4
323700,325045,325046,1345,1,1,600,134.6
323702,325057,325058,1355,1,1,600,135.6
323703,325069,325071,1366,2,1,600,136.8
323704,325074,325076,1370,2,1,600,137.2
323766,325081,325083,1315,2,1,600,131.7
323767,325087,325089,1320,2,1,600,132.2
323768,325092,325094,1324,2,1,600,132.6
323770,325099,325101,1329,2,1,600,133.1
323771,325106,325108,1335,2,1,600,133.7
323832,325111,325116,1279,5,1,600,128.4
323833,325117,325118,1284,1,1,600,128.5
323835,325124,325126,1289,2,1,600,129.1
323836,325132,325133,1296,1,1,600,129.7
323837,325137,325139,1300,2,1,600,130.2
323899,325149,325151,1250,2,1,600,125.2
323900,325156,325157,1256,1,1,600,125.7
323901,325161,325162,1260,1,1,600,126.1
323903,325168,325172,1265,4,1,600,126.9
323904,325174,325176,1270,2,1,600,127.2
323965,325180,325181,1215,1,1,600,121.6
323967,325187,325188,1220,1,1,600,122.1
323968,325192,325199,1224,7,1,600,123.1
323969,325198,325208,1229,10,1,600,123.9
323970,325206,325207,1236,1,1,600,123.7
324032,325212,325214,1180,2,1,600,118.2
324033,325218,325220,1185,2,1,600,118.7
324035,325225,325226,1190,1,1,600,119.1
324036,325231,325232,1195,1,1,600,119.6
324037,325236,325238,1199,2,1,600,120.1
324099,325242,325244,1143,2,1,600,114.5
324100,325249,325257,1149,8,1,600,115.7
324101,325254,325255,1153,1,1,600,115.4
324103,325261,325263,1158,2,1,600,116.0
324104,325267,325269,1163,2,1,600,116.5
324165,325274,325275,1109,1,1,600,111.0
324167,325279,325280,1112,1,1,600,111.3
324168,325285,325286,1117,1,1,600,111.8
324169,325299,325307,1130,8,1,600,113.8
324171,325318,325325,1147,7,1,600,115.4
324232,325336,325337,1104,1,1,600,110.5
324234,325349,325351,1115,2,1,600,111.7
324235,325363,325365,1128,2,1,600,113.0
324236,325376,325378,1140,2,1,600,114.2
324237,325389,325391,1152,2,1,600,115.4
324252,324584,328788,332,4204,5,14400,1.07897240723
324299,325402,325405,1103,3,1,600,110.6
324300,325417,325420,1117,3,1,600,112.0
324302,325437,325438,1135,1,1,600,113.6
324303,325449,325451,1146,2,1,600,114.8
324304,325462,325464,1158,2,1,600,116.0
324366,325476,325477,1110,1,1,600,111.1
324367,325488,325492,1121,4,1,600,112.5
324368,325503,325510,1135,7,1,600,114.2
324430,325522,325523,1092,1,1,600,109.3
324431,325535,325539,1104,4,1,600,110.8
324432,325551,325552,1119,1,1,600,112.0
324434,325563,325575,1129,12,1,600,95.0833333333
324435,325586,325588,1151,2,1,600,115.3
324496,325600,325603,1104,3,1,600,110.7
324498,325614,325616,1116,2,1,600,111.8
324500,325640,325641,1140,1,1,600,114.1
324502,325652,325654,1150,2,1,600,115.2
324563,325665,325667,1102,2,1,600,110.4
324565,325679,325680,1114,1,1,600,111.5
324566,325691,325692,1125,1,1,600,112.6
324567,325704,325705,1137,1,1,600,113.8
324581,324850,328639,269,3789,5,14400,1.07099498548
324629,325721,325723,1092,2,1,600,109.4
324630,325734,325736,1104,2,1,600,110.6
324631,325747,325749,1116,2,1,600,111.8
324633,325761,325762,1128,1,1,600,112.9
324634,325774,325775,1140,1,1,600,114.1
324695,325787,325788,1092,1,1,600,109.3
324697,325799,325800,1102,1,1,600,110.3
324698,325811,325817,1113,6,1,600,111.9
324699,325830,325832,1131,2,1,600,113.3
324761,325844,325845,1083,1,1,600,108.4
324762,325850,325853,1088,3,1,600,109.1
324763,325856,325859,1093,3,1,600,109.6
324765,325863,325864,1098,1,1,600,109.9
324766,325870,325877,1104,7,1,600,111.1
324767,325877,325878,1110,1,1,600,111.1
324828,325882,325887,1054,5,1,600,105.9
324830,325895,325897,1065,2,1,600,106.7
324832,325909,325911,1077,2,1,600,107.9
324848,325144,328964,296,3820,5,14400,1.07748691099
324894,325917,325918,1023,1,1,600,102.4
324895,325923,325924,1028,1,1,600,102.9
324896,325930,325933,1034,3,1,600,103.7
324898,325950,325952,1052,2,1,600,105.4
324899,325969,325970,1070,1,1,600,107.1
324960,325982,325984,1022,2,1,600,102.4
324961,325995,325997,1034,2,1,600,103.6
324963,326009,326010,1046,1,1,600,104.7
324965,326033,326035,1068,2,1,600,107.0
324969,408607,408623,83638,16,40,129600,5228.375
325027,326046,326048,1019,2,1,600,102.1
325028,326062,326064,1034,2,1,600,103.6
325029,326075,326077,1046,2,1,600,104.8
325031,326089,326090,1058,1,1,600,105.9
325032,326101,326103,1069,2,1,600,107.1
325093,326115,326116,1022,1,1,600,102.3
325095,326127,326130,1032,3,1,600,103.5
325096,326135,326137,1039,2,1,600,104.1
325098,326147,326148,1049,1,1,600,105.0
325100,326154,326156,1054,2,1,600,105.6
325101,326160,326161,1059,1,1,600,106.0
325102,326177,326180,1075,3,1,600,107.8
325146,325431,329300,285,3869,5,14400,1.07366244508
325162,326213,326270,1051,57,4,180000,19.4385964912
325164,326183,326184,1019,1,1,600,102.0
325165,326188,326189,1023,1,1,600,102.4
325166,326195,326196,1029,1,1,600,103.0
325168,326200,326201,1032,1,1,600,103.3
325169,326206,326207,1037,1,1,600,103.8
325170,326219,326221,1049,2,1,600,105.1
325173,326246,326248,1073,2,1,600,107.5
325174,326260,326261,1086,1,1,600,108.7
325175,326275,326276,1100,1,1,600,110.1
325237,326287,326289,1050,2,1,600,105.2
325238,326300,326301,1062,1,1,600,106.3
325239,326313,326315,1074,2,1,600,107.6
325240,326326,326327,1086,1,1,600,108.7
325242,326339,326340,1097,1,1,600,109.8
325243,326351,326353,1108,2,1,600,111.0
325244,326365,326366,1121,1,1,600,112.2
325246,326378,326380,1132,2,1,600,113.4
325248,326404,326405,1156,1,1,600,115.7
325249,326418,326420,1169,2,1,600,117.1
325251,326431,326433,1180,2,1,600,118.2
325252,326446,326450,1194,4,1,600,119.8
325282,325292,325703,10,411,2,900,1.02433090024
325313,326461,326467,1148,6,1,600,115.4
325315,326478,326483,1163,5,1,600,116.8
325316,326495,326496,1179,1,1,600,118.0
325317,326510,326512,1193,2,1,600,119.5
325318,326524,326525,1206,1,1,600,120.7
325320,326536,326538,1216,2,1,600,121.8
325321,326550,326551,1229,1,1,600,123.0
325384,326575,326576,1191,1,1,600,119.2
325385,326587,326588,1202,1,1,600,120.3
325386,326599,326600,1213,1,1,600,121.4
325389,326624,326626,1235,2,1,600,123.7
325406,325423,325834,17,411,2,900,1.04136253041
325434,325529,329720,95,4191,5,14400,1.02266762109
325450,326639,326640,1189,1,1,600,119.0
325452,326651,326654,1199,3,1,600,120.2
325453,326665,326667,1212,2,1,600,121.4
325454,326678,326679,1224,1,1,600,122.5
325463,325715,326124,252,409,2,900,1.61613691932
325515,326692,326694,1177,2,1,600,117.9
325517,326705,326707,1188,2,1,600,119.0
325518,326719,326720,1201,1,1,600,120.2
325519,326738,326741,1219,3,1,600,122.2
325520,326753,326754,1233,1,1,600,123.4
325527,325594,330164,67,4570,5,14400,1.01466083151
325582,326765,326767,1183,2,1,600,118.5
325583,326780,326781,1197,1,1,600,119.8
325584,326792,326794,1208,2,1,600,121.0
325586,326806,326807,1220,1,1,600,122.1
325589,325889,330748,300,4859,5,14400,1.06174109899
325647,326818,326820,1171,2,1,600,117.3
325648,326833,326834,1185,1,1,600,118.6
325650,326845,326847,1195,2,1,600,119.7
325651,326858,326861,1207,3,1,600,121.0
325652,326872,326873,1220,1,1,600,122.1
325714,326885,326886,1171,1,1,600,117.2
325715,326897,326899,1182,2,1,600,118.4
325716,326910,326912,1194,2,1,600,119.6
325717,326923,326924,1206,1,1,600,120.7
325719,326937,326938,1218,1,1,600,121.9
325780,326949,326951,1169,2,1,600,117.1
325781,326962,326965,1181,3,1,600,118.4
325783,326976,326978,1193,2,1,600,119.5
325784,326990,326995,1206,5,1,600,121.1
325785,327007,327008,1222,1,1,600,122.3
325847,327019,327021,1172,2,1,600,117.4
325848,327033,327035,1185,2,1,600,118.7
325849,327047,327049,1198,2,1,600,120.0
325851,327060,327063,1209,3,1,600,121.2
325852,327075,327082,1223,7,1,600,123.0
325888,325936,330008,48,4072,5,14400,1.01178781925
325914,327094,327103,1180,9,1,600,118.9
325915,327116,327120,1201,4,1,600,120.5
325916,327132,327133,1216,1,1,600,121.7
325918,327144,327145,1226,1,1,600,122.7
325919,327157,327158,1238,1,1,600,123.9
325920,327169,327171,1249,2,1,600,125.1
325922,327183,327184,1261,1,1,600,126.2
325923,327195,327197,1272,2,1,600,127.4
325924,327208,327210,1284,2,1,600,128.6
325926,327221,327223,1295,2,1,600,129.7
325940,325963,330582,23,4619,5,14400,1.00497943278
325941,330756,335644,4815,4888,5,14400,1.98506546645
325961,326056,330742,95,4686,5,14400,1.02027315408
325987,327234,327235,1247,1,1,600,124.8
325990,327259,327260,1269,1,1,600,127.0
325993,327284,327286,1291,2,1,600,129.3
326054,327297,327308,1243,11,1,600,114.0
326054,326167,330577,113,4410,5,14400,1.02562358277
326055,327319,327321,1264,2,1,600,126.6
326057,327338,327340,1281,2,1,600,128.3
326058,327352,327353,1294,1,1,600,129.5
326059,327364,327365,1305,1,1,600,130.6
326121,327376,327378,1255,2,1,600,125.7
326122,327389,327391,1267,2,1,600,126.9
326123,327402,327404,1279,2,1,600,128.1
326125,327415,327417,1290,2,1,600,129.2
326126,327429,327432,1303,3,1,600,130.6
326167,330774,335810,4607,5036,5,14400,1.91481334392
326167,326239,330416,72,4177,5,14400,1.01723725162
326187,327443,327444,1256,1,1,600,125.7
326189,327455,327457,1266,2,1,600,126.8
326190,327468,327470,1278,2,1,600,128.0
326191,327481,327483,1290,2,1,600,129.2
326193,327494,327496,1301,2,1,600,130.3
326194,327508,327509,1314,1,1,600,131.5
326195,327520,327521,1325,1,1,600,132.6
326197,327532,327533,1335,1,1,600,133.6
326198,327546,327547,1348,1,1,600,134.9
326240,326410,330362,170,3952,5,14400,1.04301619433
326259,327558,327560,1299,2,1,600,130.1
326261,327572,327573,1311,1,1,600,131.2
326262,327585,327586,1323,1,1,600,132.4
326263,327597,327600,1334,3,1,600,133.7
326265,327611,327613,1346,2,1,600,134.8
326266,327624,327626,1358,2,1,600,136.0
326267,327637,327638,1370,1,1,600,137.1
326270,326281,347621,11,21340,4,180000,1.00051546392
326329,327650,327651,1321,1,1,600,132.2
326330,327663,327664,1333,1,1,600,133.4
326333,327687,327690,1354,3,1,600,135.7
326334,327701,327703,1367,2,1,600,136.9
326396,327714,327716,1318,2,1,600,132.0
326397,327728,327733,1331,5,1,600,133.6
326398,327745,327748,1347,3,1,600,135.0
326400,327759,327761,1359,2,1,600,136.1
326401,327772,327774,1371,2,1,600,137.3
326415,326503,331319,88,4816,5,14400,1.01827242525
326462,327785,327786,1323,1,1,600,132.4
326464,327797,327799,1333,2,1,600,133.5
326465,327810,327812,1345,2,1,600,134.7
326466,327824,327825,1358,1,1,600,135.9
326508,326685,330708,177,4023,5,14400,1.04399701715
326528,327836,327838,1308,2,1,600,131.0
326529,327849,327851,1320,2,1,600,132.2
326531,327862,327864,1331,2,1,600,133.3
326532,327876,327878,1344,2,1,600,134.6
326533,327890,327891,1357,1,1,600,135.8
326595,327902,327904,1307,2,1,600,130.9
326596,327915,327917,1319,2,1,600,132.1
326599,327940,327942,1341,2,1,600,134.3
326600,327954,327958,1354,4,1,600,135.8
326662,327971,327972,1309,1,1,600,131.0
326663,327983,327984,1320,1,1,600,132.1
326664,327996,327997,1332,1,1,600,133.3
326666,328009,328014,1343,5,1,600,134.8
326667,328026,328028,1359,2,1,600,136.1
326683,326732,330469,49,3737,5,14400,1.01311212202
326728,328039,328041,1311,2,1,600,131.3
326730,328053,328054,1323,1,1,600,132.4
326731,328065,328067,1334,2,1,600,133.6
326732,328079,328082,1347,3,1,600,135.0
326733,328094,328095,1361,1,1,600,136.2
326735,326930,332053,195,5123,5,14400,1.03806363459
326795,328106,328108,1311,2,1,600,131.3
326796,328120,328122,1324,2,1,600,132.6
326798,328133,328134,1335,1,1,600,133.6
326799,328145,328148,1346,3,1,600,134.9
326800,328159,328160,1359,1,1,600,136.0
326862,328171,328173,1309,2,1,600,131.1
326863,328185,328187,1322,2,1,600,132.4
326864,328198,328203,1334,5,1,600,133.9
326866,328214,328223,1348,9,1,600,135.7
326867,328234,328236,1367,2,1,600,136.9
326928,328247,328249,1319,2,1,600,132.1
326930,327069,331635,139,4566,5,14400,1.03044240035
326930,328260,328262,1330,2,1,600,133.2
326931,328273,328275,1342,2,1,600,134.4
326932,328287,328288,1355,1,1,600,135.6
326995,328311,328314,1316,3,1,600,131.9
326996,328326,328327,1330,1,1,600,133.1
326997,328339,328340,1342,1,1,600,134.3
326999,328352,328353,1353,1,1,600,135.4
327060,328365,328367,1305,2,1,600,130.7
327061,328378,328380,1317,2,1,600,131.9
327063,328391,328393,1328,2,1,600,133.0
327064,328406,328408,1342,2,1,600,134.4
327064,327087,331123,23,4036,5,14400,1.0056987116
327065,328419,328420,1354,1,1,600,135.5
327085,327291,331139,206,3848,5,14400,1.05353430353
327127,328432,328440,1305,8,1,600,131.3
327128,328451,328453,1323,2,1,600,132.5
327129,328464,328466,1335,2,1,600,133.7
327130,328478,328479,1348,1,1,600,134.9
327193,328503,328504,1310,1,1,600,131.1
327194,328515,328517,1321,2,1,600,132.3
327196,328528,328529,1332,1,1,600,133.3
327197,328540,328542,1343,2,1,600,134.5
327258,328553,328555,1295,2,1,600,129.7
327260,328566,328568,1306,2,1,600,130.8
327261,328579,328580,1318,1,1,600,131.9
327262,328591,328594,1329,3,1,600,133.2
327291,327330,331331,39,4001,5,14400,1.00974756311
327325,328617,328618,1292,1,1,600,129.3
327326,328630,328631,1304,1,1,600,130.5
327327,328643,328645,1316,2,1,600,131.8
327329,328658,328659,1329,1,1,600,133.0
327330,328671,328672,1341,1,1,600,134.2
327334,327752,332319,418,4567,5,14400,1.09152616597
327391,328684,328685,1293,1,1,600,129.4
327393,328696,328698,1303,2,1,600,130.5
327394,328710,328711,1316,1,1,600,131.7
327395,328718,328719,1323,1,1,600,132.4
327396,328723,328724,1327,1,1,600,132.8
327458,328729,328730,1271,1,1,600,127.2
327459,328736,328737,1277,1,1,600,127.8
327460,328741,328751,1281,10,1,600,129.1
327462,328748,328749,1286,1,1,600,128.7
327463,328754,328756,1291,2,1,600,129.3
327524,328761,328766,1237,5,1,600,124.2
327526,328767,328769,1241,2,1,600,124.3
327527,328773,328774,1246,1,1,600,124.7
327528,328779,328781,1251,2,1,600,125.3
327530,328792,328793,1262,1,1,600,126.3
327591,328798,328800,1207,2,1,600,120.9
327592,328810,328811,1218,1,1,600,121.9
327593,328816,328821,1223,5,1,600,122.8
327595,328823,328832,1228,9,1,600,123.7
327596,328832,328834,1236,2,1,600,123.8
327659,328850,328852,1191,2,1,600,119.3
327660,328857,328858,1197,1,1,600,119.8
327662,328863,328864,1201,1,1,600,120.2
327663,328869,328874,1206,5,1,600,121.1
327724,328875,328876,1151,1,1,600,115.2
327726,328886,328887,1160,1,1,600,116.1
327727,328892,328893,1165,1,1,600,116.6
327728,328904,328905,1176,1,1,600,117.7
327730,328910,328911,1180,1,1,600,118.1
327757,328650,333392,893,4742,5,14400,1.18831716575
327791,328917,328918,1126,1,1,600,112.7
327793,328924,328925,1131,1,1,600,113.2
327794,328930,328931,1136,1,1,600,113.7
327795,328937,328939,1142,2,1,600,114.4
327797,328943,328945,1146,2,1,600,114.8
327858,328950,328952,1092,2,1,600,109.4
327859,328957,328958,1098,1,1,600,109.9
327862,328970,328978,1108,8,1,600,111.6
327863,328983,328984,1120,1,1,600,112.1
327925,328989,328991,1064,2,1,600,106.6
327926,328997,328998,1071,1,1,600,107.2
327927,329003,329005,1076,2,1,600,107.8
327929,329011,329012,1082,1,1,600,108.3
327930,329018,329019,1088,1,1,600,108.9
327991,329024,329026,1033,2,1,600,103.5
327993,329030,329031,1037,1,1,600,103.8
327994,329039,329040,1045,1,1,600,104.6
327995,329045,329047,1050,2,1,600,105.2
327997,329053,329061,1056,8,1,600,106.4
328058,329059,329061,1001,2,1,600,100.3
328059,329072,329075,1013,3,1,600,101.6
328061,329078,329080,1017,2,1,600,101.9
328062,329087,329113,1025,26,1,600,40.4230769231
328063,329093,329094,1030,1,1,600,103.1
328125,329105,329107,980,2,1,600,98.2
328126,329118,329120,992,2,1,600,99.4
328127,329124,329125,997,1,1,600,99.8
328129,329132,329143,1003,11,1,600,92.1818181818
328130,329139,329141,1009,2,1,600,101.1
328191,329152,329154,961,2,1,600,96.3
328192,329159,329161,967,2,1,600,96.9
328194,329166,329167,972,1,1,600,97.3
328195,329172,329175,977,3,1,600,98.0
328196,329179,329181,983,2,1,600,98.5
328258,329188,329189,930,1,1,600,93.1
328259,329194,329196,935,2,1,600,93.7
328260,329201,329202,941,1,1,600,94.2
328262,329207,329209,945,2,1,600,94.7
328323,329214,329216,891,2,1,600,89.3
328324,329220,329221,896,1,1,600,89.7
328325,329228,329230,903,2,1,600,90.5
328327,329234,329235,907,1,1,600,90.8
328328,329241,329244,913,3,1,600,91.6
328389,329249,329250,860,1,1,600,86.1
328391,329256,329257,865,1,1,600,86.6
328392,329262,329264,870,2,1,600,87.2
328393,329269,329270,876,1,1,600,87.7
328395,329275,329276,880,1,1,600,88.1
328456,329281,329282,825,1,1,600,82.6
328457,329288,329289,831,1,1,600,83.2
328459,329295,329298,836,3,1,600,83.9
328460,329303,329305,843,2,1,600,84.5
328461,329309,329312,848,3,1,600,85.1
328523,329321,329323,798,2,1,600,80.0
328524,329328,329330,804,2,1,600,80.6
328525,329333,329337,808,4,1,600,81.2
328528,329346,329348,818,2,1,600,82.0
328589,329352,329355,763,3,1,600,76.6
328590,329358,329364,768,6,1,600,77.4
328592,329364,329365,772,1,1,600,77.3
328593,329370,329372,777,2,1,600,77.9
328594,329376,329377,782,1,1,600,78.3
328650,328786,333570,136,4784,5,14400,1.02842809365
328656,329382,329383,726,1,1,600,72.7
328658,329393,329395,735,2,1,600,73.7
328659,329400,329401,741,1,1,600,74.2
328661,329405,329406,744,1,1,600,74.5
328722,329411,329412,689,1,1,600,69.0
328723,329418,329419,695,1,1,600,69.6
328725,329423,329424,698,1,1,600,69.9
328726,329430,329432,704,2,1,600,70.6
328727,329436,329438,709,2,1,600,71.1
328729,329442,329444,713,2,1,600,71.5
328730,329448,329449,718,1,1,600,71.9
328784,328804,333341,20,4537,5,14400,1.00440819925
328791,329454,329455,663,1,1,600,66.4
328793,329461,329463,668,2,1,600,67.0
328794,329466,329468,672,2,1,600,67.4
328795,329473,329474,678,1,1,600,67.9
328799,329491,329492,692,1,1,600,69.3
328802,329503,329504,701,1,1,600,70.2
328803,329508,329510,705,2,1,600,70.7
328805,328977,332968,172,3991,5,14400,1.04309696818
328864,329515,329516,651,1,1,600,65.2
328865,329520,329523,655,3,1,600,65.8
328868,329533,329534,665,1,1,600,66.6
328869,329539,329541,670,2,1,600,67.2
328871,329545,329546,674,1,1,600,67.5
328872,329551,329553,679,2,1,600,68.1
328873,329558,329560,685,2,1,600,68.7
328874,329564,329565,690,1,1,600,69.1
328936,329571,329573,635,2,1,600,63.7
328937,329578,329579,641,1,1,600,64.2
328938,329583,329584,645,1,1,600,64.6
328940,329589,329592,649,3,1,600,65.2
328941,329596,329597,655,1,1,600,65.6
328942,329601,329602,659,1,1,600,66.0
328944,329607,329609,663,2,1,600,66.5
328945,329614,329615,669,1,1,600,67.0
328946,329620,329621,674,1,1,600,67.5
328947,329626,329627,679,1,1,600,68.0
328980,329316,334421,336,5105,5,14400,1.06581782566
329009,329632,329633,623,1,1,600,62.4
329010,329639,329640,629,1,1,600,63.0
329011,329644,329645,633,1,1,600,63.4
329013,329650,329652,637,2,1,600,63.9
329014,329656,329658,642,2,1,600,64.4
329018,329675,329676,657,1,1,600,65.8
329020,329687,329697,667,10,1,600,67.7
329082,329692,329693,610,1,1,600,61.1
329083,329699,329702,616,3,1,600,61.9
329084,329706,329708,622,2,1,600,62.4
329086,329713,329715,627,2,1,600,62.9
329087,329718,329719,631,1,1,600,63.2
329088,329724,329727,636,3,1,600,63.9
329090,329736,329738,646,2,1,600,64.8
329091,329741,329742,650,1,1,600,65.1
329092,329748,329749,656,1,1,600,65.7
329153,329755,329756,602,1,1,600,60.3
329155,329760,329761,605,1,1,600,60.6
329156,329766,329767,610,1,1,600,61.1
329157,329773,329775,616,2,1,600,61.8
329159,329779,329780,620,1,1,600,62.1
329160,329785,329794,625,9,1,600,63.4
329161,329793,329794,632,1,1,600,63.3
329162,329798,329800,636,2,1,600,63.8
329224,329805,329806,581,1,1,600,58.2
329225,329810,329812,585,2,1,600,58.7
329226,329818,329819,592,1,1,600,59.3
329228,329823,329825,595,2,1,600,59.7
329229,329830,329832,601,2,1,600,60.3
329230,329836,329837,606,1,1,600,60.7
329233,329848,329849,615,1,1,600,61.6
329234,329854,329855,620,1,1,600,62.1
329235,329860,329862,625,2,1,600,62.7
329237,329865,329866,628,1,1,600,62.9
329298,329871,329872,573,1,1,600,57.4
329299,329878,329879,579,1,1,600,58.0
329301,329883,329886,582,3,1,600,58.5
329302,329889,329891,587,2,1,600,58.9
329303,329897,329898,594,1,1,600,59.5
329305,329904,329905,599,1,1,600,60.0
329306,329909,329912,603,3,1,600,60.6
329307,329915,329917,608,2,1,600,61.0
329308,329922,329923,614,1,1,600,61.5
329310,329929,329931,619,2,1,600,62.1
329319,329731,334228,412,4497,5,14400,1.09161663331
329372,329940,329941,568,1,1,600,56.9
329374,329947,329949,573,2,1,600,57.5
329375,329953,329954,578,1,1,600,57.9
329376,329960,329962,584,2,1,600,58.6
329378,329966,329967,588,1,1,600,58.9
329379,329972,329974,593,2,1,600,59.5
329380,329978,329979,598,1,1,600,59.9
329381,329983,329985,602,2,1,600,60.4
329383,329990,329995,607,5,1,600,61.2
329384,329995,329997,611,2,1,600,61.3
329385,330002,330003,617,1,1,600,61.8
329447,330008,330009,561,1,1,600,56.2
329448,330013,330014,565,1,1,600,56.6
329450,330025,330027,575,2,1,600,57.7
329451,330032,330033,581,1,1,600,58.2
329454,330044,330045,590,1,1,600,59.1
329456,330056,330058,600,2,1,600,60.2
329459,330068,330069,609,1,1,600,61.0
329460,330074,330075,614,1,1,600,61.5
329462,330080,330084,618,4,1,600,62.2
329463,330086,330089,623,3,1,600,62.6
329524,330091,330095,567,4,1,600,57.1
329526,330104,330105,578,1,1,600,57.9
329527,330111,330113,584,2,1,600,58.6
329528,330116,330118,588,2,1,600,59.0
329530,330123,330124,593,1,1,600,59.4
329532,330135,330137,603,2,1,600,60.5
329534,330142,330144,608,2,1,600,61.0
329535,330147,330148,612,1,1,600,61.3
329536,330153,330155,617,2,1,600,61.9
329538,330160,330164,622,4,1,600,62.6
329602,330185,330186,583,1,1,600,58.4
329603,330191,330192,588,1,1,600,58.9
329605,330198,330204,593,6,1,600,59.9
329606,330203,330205,597,2,1,600,59.9
329607,330210,330211,603,1,1,600,60.4
329608,330217,330222,609,5,1,600,61.4
329610,330222,330223,612,1,1,600,61.3
329611,330229,330230,618,1,1,600,61.9
329613,330236,330237,623,1,1,600,62.4
329614,330241,330243,627,2,1,600,62.9
329615,330247,330249,632,2,1,600,63.4
329617,330254,330255,637,1,1,600,63.8
329678,330259,330265,581,6,1,600,58.7
329679,330265,330266,586,1,1,600,58.7
329681,330272,330273,591,1,1,600,59.2
329682,330279,330281,597,2,1,600,59.9
329684,330285,330286,601,1,1,600,60.2
329685,330291,330293,606,2,1,600,60.8
329686,330298,330300,612,2,1,600,61.4
329688,330304,330343,616,39,1,600,16.7948717949
329689,330310,330312,621,2,1,600,62.3
329690,330316,330318,626,2,1,600,62.8
329692,330324,330325,632,1,1,600,63.3
329693,330331,330333,638,2,1,600,64.0
329730,330020,334148,290,4128,5,14400,1.07025193798
329754,330337,330339,583,2,1,600,58.5
329756,330345,330346,589,1,1,600,59.0
329757,330351,330353,594,2,1,600,59.6
329758,330359,330361,601,2,1,600,60.3
329761,330370,330373,609,3,1,600,61.2
329762,330382,330386,620,4,1,600,62.4
329764,330387,330389,623,2,1,600,62.5
329768,330405,330406,637,1,1,600,63.8
329769,330412,330414,643,2,1,600,64.5
329830,330417,330418,587,1,1,600,58.8
329832,330423,330425,591,2,1,600,59.3
329833,330435,330436,602,1,1,600,60.3
329835,330441,330445,606,4,1,600,61.0
329836,330447,330448,611,1,1,600,61.2
329837,330452,330453,615,1,1,600,61.6
329839,330459,330460,620,1,1,600,62.1
329840,330464,330467,624,3,1,600,62.7
329841,330471,330472,630,1,1,600,63.1
329843,330478,330483,635,5,1,600,64.0
329844,330490,330499,646,9,1,600,65.5
329845,330495,330496,650,1,1,600,65.1
329907,330501,330504,594,3,1,600,59.7
329908,330508,330511,600,3,1,600,60.3
329909,330515,330516,606,1,1,600,60.7
329911,330521,330523,610,2,1,600,61.2
329913,330533,330538,620,5,1,600,62.5
329916,330545,330547,629,2,1,600,63.1
329917,330551,330552,634,1,1,600,63.5
329919,330557,330558,638,1,1,600,63.9
329920,330564,330572,644,8,1,600,65.2
329922,330569,330570,647,1,1,600,64.8
329986,330595,330596,609,1,1,600,61.0
329987,330600,330601,613,1,1,600,61.4
329988,330612,330613,624,1,1,600,62.5
329990,330617,330620,627,3,1,600,63.0
329991,330623,330624,632,1,1,600,63.3
329992,330630,330632,638,2,1,600,64.0
329994,330637,330640,643,3,1,600,64.6
329996,330650,330651,654,1,1,600,65.5
329998,330657,330658,659,1,1,600,66.0
330019,330180,334803,161,4623,5,14400,1.03482587065
330059,330662,330664,603,2,1,600,60.5
330060,330669,330670,609,1,1,600,61.0
330062,330675,330677,613,2,1,600,61.5
330064,330687,330689,623,2,1,600,62.5
330066,330695,330696,629,1,1,600,63.0
330067,330700,330702,633,2,1,600,63.5
330068,330707,330710,639,3,1,600,64.2
330070,330714,330715,644,1,1,600,64.5
330071,330719,330720,648,1,1,600,64.9
330072,330731,330732,659,1,1,600,66.0
330074,330738,330739,664,1,1,600,66.5
330075,330743,330745,668,2,1,600,67.0
330137,330749,330750,612,1,1,600,61.3
330138,330761,330763,623,2,1,600,62.5
330139,330767,330768,628,1,1,600,62.9
330141,330779,330780,638,1,1,600,63.9
330142,330785,330817,643,32,1,600,21.09375
330143,330791,330793,648,2,1,600,65.0
330145,330797,330798,652,1,1,600,65.3
330146,330805,330806,659,1,1,600,66.0
330147,330811,330813,664,2,1,600,66.6
330149,330817,330819,668,2,1,600,67.0
330150,330825,330826,675,1,1,600,67.6
330183,330377,334394,194,4017,5,14400,1.04829474732
330212,330832,330833,620,1,1,600,62.1
330213,330837,330839,624,2,1,600,62.6
330214,330849,330850,635,1,1,600,63.6
330216,330855,330863,639,8,1,600,64.7
330218,330868,330871,650,3,1,600,65.3
330220,330874,330878,654,4,1,600,65.8
330221,330879,330880,658,1,1,600,65.9
330222,330886,330887,664,1,1,600,66.5
330224,330892,330893,668,1,1,600,66.9
330285,330898,330903,613,5,1,600,61.8
330286,330904,330906,618,2,1,600,62.0
330288,330909,330912,621,3,1,600,62.4
330289,330917,330918,628,1,1,600,62.9
330291,330923,330925,632,2,1,600,63.4
330292,330929,330930,637,1,1,600,63.8
330293,330935,330938,642,3,1,600,64.5
330295,330942,330944,647,2,1,600,64.9
330296,330948,330950,652,2,1,600,65.4
330297,330954,330957,657,3,1,600,66.0
330299,330961,330962,662,1,1,600,66.3
330300,330966,330968,666,2,1,600,66.8
330301,330973,330975,672,2,1,600,67.4
330363,330980,330981,617,1,1,600,61.8
330364,330985,330986,621,1,1,600,62.2
330366,330991,330994,625,3,1,600,62.8
330367,330998,330999,631,1,1,600,63.2
330368,331004,331005,636,1,1,600,63.7
330370,331010,331012,640,2,1,600,64.2
330371,331016,331017,645,1,1,600,64.6
330372,331022,331024,650,2,1,600,65.2
330374,331029,331031,655,2,1,600,65.7
330376,331041,331042,665,1,1,600,66.6
330379,330430,334738,51,4308,5,14400,1.01183844011
330431,330484,335070,53,4586,5,14400,1.01155691234
330438,331047,331049,609,2,1,600,61.1
330439,331053,331054,614,1,1,600,61.5
330440,331059,331060,619,1,1,600,62.0
330442,331066,331067,624,1,1,600,62.5
330443,331071,331073,628,2,1,600,63.0
330444,331077,331078,633,1,1,600,63.4
330446,331084,331085,638,1,1,600,63.9
330447,331091,331092,644,1,1,600,64.5
330451,331114,331116,663,2,1,600,66.5
330483,330590,335011,107,4421,5,14400,1.02420266908
330512,331120,331122,608,2,1,600,61.0
330514,331126,331128,612,2,1,600,61.4
330515,331133,331135,618,2,1,600,62.0
330516,331138,331139,622,1,1,600,62.3
330518,331150,331152,632,2,1,600,63.4
330519,331162,331163,643,1,1,600,64.4
330520,331167,331170,647,3,1,600,65.0
330522,331174,331175,652,1,1,600,65.3
330523,331179,331181,656,2,1,600,65.8
330524,331185,331187,661,2,1,600,66.3
330526,331192,331193,666,1,1,600,66.7
330586,330607,334797,21,4190,5,14400,1.00501193317
330587,331197,331198,610,1,1,600,61.1
330589,331204,331205,615,1,1,600,61.6
330590,331210,331211,620,1,1,600,62.1
330591,331216,331217,625,1,1,600,62.6
330594,331228,331240,634,12,1,600,53.8333333333
330595,331235,331236,640,1,1,600,64.1
330597,331240,331242,643,2,1,600,64.5
330598,331248,331249,650,1,1,600,65.1
330599,331255,331256,656,1,1,600,65.7
330601,331260,331262,659,2,1,600,66.1
330602,331273,331274,671,1,1,600,67.2
330607,330726,334657,119,3931,5,14400,1.03027219537
330664,331278,331279,614,1,1,600,61.5
330665,331285,331286,620,1,1,600,62.1
330666,331292,331293,626,1,1,600,62.7
330668,331297,331300,629,3,1,600,63.2
330669,331303,331307,634,4,1,600,63.8
330670,331311,331312,641,1,1,600,64.2
330672,331317,331320,645,3,1,600,64.8
330673,331324,331326,651,2,1,600,65.3
330675,331330,331331,655,1,1,600,65.6
330676,331342,331352,666,10,1,600,67.6
330677,331354,331356,677,2,1,600,67.9
330728,336601,338017,5873,1416,8,6000,5.14759887006
330739,331359,331360,620,1,1,600,62.1
330740,331366,331367,626,1,1,600,62.7
330741,331373,331374,632,1,1,600,63.3
330743,331378,331380,635,2,1,600,63.7
330744,331385,331386,641,1,1,600,64.2
330745,331391,331394,646,3,1,600,64.9
330747,331396,331397,649,1,1,600,65.0
330748,331403,331413,655,10,1,600,66.5
330749,331410,331411,661,1,1,600,66.2
330751,331415,331416,664,1,1,600,66.5
330752,331423,331424,671,1,1,600,67.2
330754,330844,335748,90,4904,5,14400,1.01835236542
330775,331102,336333,327,5231,5,14400,1.062511948
330813,331430,331431,617,1,1,600,61.8
330815,331435,331437,620,2,1,600,62.2
330817,331449,331450,632,1,1,600,63.3
330819,331454,331456,635,2,1,600,63.7
330820,331461,331462,641,1,1,600,64.2
330821,331468,331469,647,1,1,600,64.8
330823,331473,331475,650,2,1,600,65.2
330824,331479,331481,655,2,1,600,65.7
330825,331486,331493,661,7,1,600,66.8
330847,331145,336000,298,4855,5,14400,1.0613800206
330887,331492,331495,605,3,1,600,60.8
330888,331499,331500,611,1,1,600,61.2
330889,331505,331507,616,2,1,600,61.8
330891,331513,331520,622,7,1,600,62.9
330892,331518,331524,626,6,1,600,63.2
330893,331525,331526,632,1,1,600,63.3
330895,331531,331532,636,1,1,600,63.7
330897,331544,331545,647,1,1,600,64.8
330899,331550,331552,651,2,1,600,65.3
330900,331556,331557,656,1,1,600,65.7
330962,331563,331564,601,1,1,600,60.2
330963,331570,331571,607,1,1,600,60.8
330964,331575,331576,611,1,1,600,61.2
330966,331582,331583,616,1,1,600,61.7
330967,331589,331590,622,1,1,600,62.3
330968,331594,331595,626,1,1,600,62.7
330970,331600,331607,630,7,1,600,63.7
330971,331608,331609,637,1,1,600,63.8
330972,331613,331619,641,6,1,600,64.7
330974,331620,331631,646,11,1,600,59.7272727273
330975,331627,331632,652,5,1,600,65.7
330976,331633,331635,657,2,1,600,65.9
331038,331642,331644,604,2,1,600,60.6
331039,331655,331657,616,2,1,600,61.8
331040,331660,331661,620,1,1,600,62.1
331042,331668,331669,626,1,1,600,62.7
331043,331675,331676,632,1,1,600,63.3
331044,331680,331681,636,1,1,600,63.7
331046,331686,331688,640,2,1,600,64.2
331047,331694,331695,647,1,1,600,64.8
331048,331699,331700,651,1,1,600,65.2
331050,331705,331708,655,3,1,600,65.8
331051,331713,331715,662,2,1,600,66.4
331052,331718,331719,666,1,1,600,66.7
331104,331157,336139,53,4982,5,14400,1.01063829787
331115,331731,331733,616,2,1,600,61.8
331116,331737,331738,621,1,1,600,62.2
331118,331743,331745,625,2,1,600,62.7
331119,331750,331752,631,2,1,600,63.3
331120,331756,331758,636,2,1,600,63.8
331122,331762,331764,640,2,1,600,64.2
331123,331770,331771,647,1,1,600,64.8
331124,331775,331776,651,1,1,600,65.2
331126,331782,331784,656,2,1,600,65.8
331129,331794,331796,665,2,1,600,66.7
331146,331337,336206,191,4869,5,14400,1.03922776751
331150,332361,591605,1211,259244,8,259200,1.00467127494
331156,331349,336225,193,4876,5,14400,1.03958162428
331190,331800,331802,610,2,1,600,61.2
331191,331806,331807,615,1,1,600,61.6
331194,331820,331821,626,1,1,600,62.7
331196,331825,331827,629,2,1,600,63.1
331197,331831,331832,634,1,1,600,63.5
331198,331839,331840,641,1,1,600,64.2
331200,331844,331846,644,2,1,600,64.6
331201,331850,331852,649,2,1,600,65.1
331203,331857,331860,654,3,1,600,65.7
331204,331862,331864,658,2,1,600,66.0
331258,331267,331269,9,2,1,259200,1.1
331265,331869,331871,604,2,1,600,60.6
331267,331876,331878,609,2,1,600,61.1
331268,331881,331883,613,2,1,600,61.5
331270,331888,331889,618,1,1,600,61.9
331272,331900,331901,628,1,1,600,62.9
331274,331907,331908,633,1,1,600,63.4
331275,331912,331913,637,1,1,600,63.8
331276,331919,331920,643,1,1,600,64.4
331278,331925,331927,647,2,1,600,64.9
331339,331931,331934,592,3,1,600,59.5
331342,331650,336586,308,4936,5,14400,1.0623987034
331342,331944,331945,602,1,1,600,60.3
331343,331951,331953,608,2,1,600,61.0
331345,331956,331958,611,2,1,600,61.3
331346,331963,331964,617,1,1,600,61.8
331347,331969,331970,622,1,1,600,62.3
331349,331974,331981,625,7,1,600,63.2
331350,331982,331984,632,2,1,600,63.4
331351,331987,331988,636,1,1,600,63.7
331352,332064,336914,712,4850,5,14400,1.14680412371
331413,331994,331996,581,2,1,600,58.3
331414,332001,332005,587,4,1,600,59.1
331417,332013,332023,596,10,1,600,60.6
331418,332019,332021,601,2,1,600,60.3
331419,332025,332026,606,1,1,600,60.7
331421,332034,332035,613,1,1,600,61.4
331422,332039,332041,617,2,1,600,61.9
331423,332046,332047,623,1,1,600,62.4
331425,332052,332055,627,3,1,600,63.0
331426,332057,332059,631,2,1,600,63.3
331427,332070,332071,643,1,1,600,64.4
331489,332077,332078,588,1,1,600,58.9
331492,332089,332090,597,1,1,600,59.8
331493,332096,332097,603,1,1,600,60.4
331494,332101,332103,607,2,1,600,60.9
331496,332108,332109,612,1,1,600,61.3
331497,332114,332116,617,2,1,600,61.9
331499,332120,332121,621,1,1,600,62.2
331500,332126,332128,626,2,1,600,62.8
331501,332134,332138,633,4,1,600,63.7
331503,332139,332140,636,1,1,600,63.7
331504,332146,332147,642,1,1,600,64.3
331567,332158,332160,591,2,1,600,59.3
331568,332164,332166,596,2,1,600,59.8
331569,332170,332171,601,1,1,600,60.2
331571,332177,332179,606,2,1,600,60.8
331572,332184,332185,612,1,1,600,61.3
331573,332189,332190,616,1,1,600,61.7
331575,332196,332198,621,2,1,600,62.3
331578,332208,332211,630,3,1,600,63.3
331579,332215,332216,636,1,1,600,63.7
331643,332234,332235,591,1,1,600,59.2
331645,332239,332240,594,1,1,600,59.5
331646,332246,332247,600,1,1,600,60.1
331647,332253,332254,606,1,1,600,60.7
331649,332258,332259,609,1,1,600,61.0
331650,332270,332271,620,1,1,600,62.1
331650,332332,337190,682,4858,5,14400,1.14038699053
331653,332282,332283,629,1,1,600,63.0
331654,332288,332289,634,1,1,600,63.5
331656,332294,332298,638,4,1,600,64.2
331717,332300,332301,583,1,1,600,58.4
331718,332306,332307,588,1,1,600,58.9
331720,332312,332313,592,1,1,600,59.3
331721,332317,332319,596,2,1,600,59.8
331723,332325,332327,602,2,1,600,60.4
331724,332337,332338,613,1,1,600,61.4
331725,332342,332343,617,1,1,600,61.8
331727,332350,332352,623,2,1,600,62.5
331728,332355,332356,627,1,1,600,62.8
331729,332367,332368,638,1,1,600,63.9
331731,332373,332375,642,2,1,600,64.4
331793,332385,332387,592,2,1,600,59.4
331795,332393,332394,598,1,1,600,59.9
331796,332398,332400,602,2,1,600,60.4
331798,332404,332406,606,2,1,600,60.8
331799,332410,332418,611,8,1,600,61.9
331800,332417,332421,617,4,1,600,62.1
331802,332422,332433,620,11,1,600,57.3636363636
331803,332429,332431,626,2,1,600,62.8
331804,332436,332441,632,5,1,600,63.7
331806,332443,332444,637,1,1,600,63.8
331807,332450,332452,643,2,1,600,64.5
331808,332457,332458,649,1,1,600,65.0
331870,332462,332464,592,2,1,600,59.4
331871,332469,332470,598,1,1,600,59.9
331872,332475,332478,603,3,1,600,60.6
331874,332481,332482,607,1,1,600,60.8
331875,332488,332489,613,1,1,600,61.4
331876,332494,332496,618,2,1,600,62.0
331878,332499,332500,621,1,1,600,62.2
331879,332507,332508,628,1,1,600,62.9
331880,332514,332515,634,1,1,600,63.5
331882,332519,332521,637,2,1,600,63.9
331883,332525,332527,642,2,1,600,64.4
331884,332533,332534,649,1,1,600,65.0
331946,332538,332539,592,1,1,600,59.3
331947,332545,332546,598,1,1,600,59.9
331949,332552,332553,603,1,1,600,60.4
331950,332557,332558,607,1,1,600,60.8
331951,332564,332567,613,3,1,600,61.6
331953,332570,332574,617,4,1,600,62.1
331955,332583,332585,628,2,1,600,63.0
331957,332590,332596,633,6,1,600,63.9
331958,332595,332596,637,1,1,600,63.8
331959,332602,332605,643,3,1,600,64.6
331961,332608,332610,647,2,1,600,64.9
332024,332620,332631,596,11,1,600,55.1818181818
332025,332628,332629,603,1,1,600,60.4
332026,332633,332635,607,2,1,600,60.9
332028,332640,332642,612,2,1,600,61.4
332029,332647,332648,618,1,1,600,61.9
332030,332652,332653,622,1,1,600,62.3
332032,332659,332660,627,1,1,600,62.8
332033,332666,332667,633,1,1,600,63.4
332034,332671,332672,637,1,1,600,63.8
332036,332678,332679,642,1,1,600,64.3
332037,332685,332686,648,1,1,600,64.9
332061,332981,337932,920,4951,5,14400,1.18582104625
332064,338029,339455,5965,1426,8,6000,5.18302945302
332098,332690,332692,592,2,1,600,59.4
332100,332696,332699,596,3,1,600,59.9
332101,332703,332704,602,1,1,600,60.3
332103,332709,332710,606,1,1,600,60.7
332104,332715,332717,611,2,1,600,61.3
332105,332721,332722,616,1,1,600,61.7
332108,332734,332736,626,2,1,600,62.8
332111,332747,332748,636,1,1,600,63.7
332112,332754,332755,642,1,1,600,64.3
332174,332759,332761,585,2,1,600,58.7
332175,332765,332767,590,2,1,600,59.2
332176,332772,332774,596,2,1,600,59.8
332178,332777,332778,599,1,1,600,60.0
332179,332783,332785,604,2,1,600,60.6
332180,332790,332791,610,1,1,600,61.1
332182,332795,332796,613,1,1,600,61.4
332183,332801,332802,618,1,1,600,61.9
332185,332808,332810,623,2,1,600,62.5
332186,332814,332816,628,2,1,600,63.0
332187,332820,332822,633,2,1,600,63.5
332189,332827,332828,638,1,1,600,63.9
332250,332832,332834,582,2,1,600,58.4
332251,332838,332839,587,1,1,600,58.8
332254,332850,332852,596,2,1,600,59.8
332255,332856,332857,601,1,1,600,60.2
332257,332862,332863,605,1,1,600,60.6
332258,332868,332872,610,4,1,600,61.4
332259,332874,332875,615,1,1,600,61.6
332261,332881,332882,620,1,1,600,62.1
332262,332887,332889,625,2,1,600,62.7
332263,332893,332894,630,1,1,600,63.1
332265,332899,332901,634,2,1,600,63.6
332266,332907,332908,641,1,1,600,64.2
332327,332912,332914,585,2,1,600,58.7
332328,333355,338428,1027,5073,5,14400,1.20244431303
332329,332919,332930,590,11,1,600,54.6363636364
332330,332925,332926,595,1,1,600,59.6
332332,332930,332931,598,1,1,600,59.9
332337,332956,332957,619,1,1,600,62.0
332338,332962,332963,624,1,1,600,62.5
332401,332974,332975,573,1,1,600,57.4
332402,332986,332987,584,1,1,600,58.5
332404,332991,332994,587,3,1,600,59.0
332405,332998,333000,593,2,1,600,59.5
332406,333004,333005,598,1,1,600,59.9
332408,333010,333012,602,2,1,600,60.4
332409,333018,333021,609,3,1,600,61.2
332410,333023,333024,613,1,1,600,61.4
332413,333037,333038,624,1,1,600,62.5
332415,333042,333044,627,2,1,600,62.9
332476,333049,333051,573,2,1,600,57.5
332477,333056,333057,579,1,1,600,58.0
332479,333061,333063,582,2,1,600,58.4
332481,333074,333079,593,5,1,600,59.8
332483,333079,333081,596,2,1,600,59.8
332484,333086,333087,602,1,1,600,60.3
332487,333099,333101,612,2,1,600,61.4
332488,333105,333107,617,2,1,600,61.9
332489,333111,333115,622,4,1,600,62.6
332491,333118,333119,627,1,1,600,62.8
332554,333131,333133,577,2,1,600,57.9
332555,333137,333139,582,2,1,600,58.4
332557,333150,333152,593,2,1,600,59.5
332559,333156,333157,597,1,1,600,59.8
332561,333170,333172,609,2,1,600,61.1
332563,333175,333177,612,2,1,600,61.4
332564,333181,333182,617,1,1,600,61.8
332565,333188,333190,623,2,1,600,62.5
332567,333194,333195,627,1,1,600,62.8
332628,333201,333202,573,1,1,600,57.4
332630,333208,333209,578,1,1,600,57.9
332631,333213,333215,582,2,1,600,58.4
332632,333220,333221,588,1,1,600,58.9
332634,333227,333229,593,2,1,600,59.5
332635,333232,333237,597,5,1,600,60.2
332638,333245,333247,607,2,1,600,60.9
332639,333252,333255,613,3,1,600,61.6
332640,333258,333259,618,1,1,600,61.9
332642,333264,333266,622,2,1,600,62.4
332643,333272,333274,629,2,1,600,63.1
332705,333277,333279,572,2,1,600,57.4
332706,333284,333285,578,1,1,600,57.9
332707,333290,333295,583,5,1,600,58.8
332709,333295,333297,586,2,1,600,58.8
332710,333302,333304,592,2,1,600,59.4
332711,333310,333321,599,11,1,600,55.4545454545
332713,333315,333316,602,1,1,600,60.3
332714,333322,333330,608,8,1,600,61.6
332715,333329,333331,614,2,1,600,61.6
332717,333336,333337,619,1,1,600,62.0
332718,333342,333344,624,2,1,600,62.6
332719,333347,333349,628,2,1,600,63.0
332781,333360,333361,579,1,1,600,58.0
332782,333367,333374,585,7,1,600,59.2
332783,333372,333373,589,1,1,600,59.0
332785,333379,333389,594,10,1,600,60.4
332786,333385,333386,599,1,1,600,60.0
332787,333390,333392,603,2,1,600,60.5
332792,333415,333418,623,3,1,600,62.6
332794,333427,333428,633,1,1,600,63.4
332796,333434,333435,638,1,1,600,63.9
332797,333439,333441,642,2,1,600,64.4
332858,333446,333449,588,3,1,600,59.1
332861,333458,333460,597,2,1,600,59.9
332862,333465,333470,603,5,1,600,60.8
332864,333470,333471,606,1,1,600,60.7
332865,333476,333478,611,2,1,600,61.3
332866,333483,333484,617,1,1,600,61.8
332868,333488,333491,620,3,1,600,62.3
332869,333495,333497,626,2,1,600,62.8
332871,333501,333504,630,3,1,600,63.3
332872,333508,333512,636,4,1,600,64.0
332873,333513,333514,640,1,1,600,64.1
332935,333519,333521,584,2,1,600,58.6
332936,333526,333528,590,2,1,600,59.2
332937,333532,333534,595,2,1,600,59.7
332939,333538,333540,599,2,1,600,60.1
332940,333545,333547,605,2,1,600,60.7
332943,333558,333559,615,1,1,600,61.6
332944,333564,333566,620,2,1,600,62.2
332946,333570,333571,624,1,1,600,62.5
332947,333576,333578,629,2,1,600,63.1
332948,333589,333592,641,3,1,600,64.4
332950,333595,333596,645,1,1,600,64.6
332951,333601,333603,650,2,1,600,65.2
332985,333404,338270,419,4866,5,14400,1.08610768598
333013,333609,333610,596,1,1,600,59.7
333014,333614,333615,600,1,1,600,60.1
333015,333621,333622,606,1,1,600,60.7
333017,333628,333629,611,1,1,600,61.2
333018,333633,333634,615,1,1,600,61.6
333022,333652,333653,630,1,1,600,63.1
333024,333659,333660,635,1,1,600,63.6
333026,333670,333673,644,3,1,600,64.7
333089,333682,333684,593,2,1,600,59.5
333091,333688,333699,597,11,1,600,55.2727272727
333092,333694,333695,602,1,1,600,60.3
333093,333700,333702,607,2,1,600,60.9
333095,333707,333712,612,5,1,600,61.7
333096,333713,333715,617,2,1,600,61.9
333097,333719,333720,622,1,1,600,62.3
333099,333726,333727,627,1,1,600,62.8
333100,333732,333734,632,2,1,600,63.4
333103,333744,333745,641,1,1,600,64.2
333164,333758,333763,594,5,1,600,59.9
333166,333774,333776,608,2,1,600,61.0
333167,333781,333785,614,4,1,600,61.8
333168,333787,333789,619,2,1,600,62.1
333170,333792,333794,622,2,1,600,62.4
333171,333798,333799,627,1,1,600,62.8
333174,333810,333812,636,2,1,600,63.8
333175,333816,333818,641,2,1,600,64.3
333177,333823,333827,646,4,1,600,65.0
333178,333828,333830,650,2,1,600,65.2
333179,333834,333835,655,1,1,600,65.6
333242,333851,333855,609,4,1,600,61.3
333244,333858,333859,614,1,1,600,61.5
333245,333863,333864,618,1,1,600,61.9
333246,333868,333872,622,4,1,600,62.6
333248,333874,333875,626,1,1,600,62.7
333249,333881,333884,632,3,1,600,63.5
333251,333886,333888,635,2,1,600,63.7
333252,333891,333893,639,2,1,600,64.1
333253,333906,333908,653,2,1,600,65.5
333255,333911,333912,656,1,1,600,65.7
333256,333920,333921,664,1,1,600,66.5
333317,333926,333928,609,2,1,600,61.1
333319,333933,333935,614,2,1,600,61.6
333320,333939,333941,619,2,1,600,62.1
333323,333953,333954,630,1,1,600,63.1
333324,333959,333961,635,2,1,600,63.7
333325,333967,333968,642,1,1,600,64.3
333327,333974,333975,647,1,1,600,64.8
333328,333981,333982,653,1,1,600,65.4
333331,334002,334003,671,1,1,600,67.2
333355,333584,338456,229,4872,5,14400,1.04700328407
333392,334009,334011,617,2,1,600,61.9
333394,334016,334017,622,1,1,600,62.3
333395,334022,334023,627,1,1,600,62.8
333396,334029,334032,633,3,1,600,63.6
333398,334037,334038,639,1,1,600,64.0
333399,334044,334045,645,1,1,600,64.6
333401,334050,334052,649,2,1,600,65.1
333402,334058,334059,656,1,1,600,65.7
333403,334065,334067,662,2,1,600,66.4
333405,334078,334081,673,3,1,600,67.6
333406,334085,334086,679,1,1,600,68.0
333407,333899,338819,492,4920,5,14400,1.1
333408,334093,334094,685,1,1,600,68.6
333469,334100,334101,631,1,1,600,63.2
333470,334107,334109,637,2,1,600,63.9
333472,334114,334115,642,1,1,600,64.3
333473,334120,334122,647,2,1,600,64.9
333474,334128,334132,654,4,1,600,65.8
333476,334135,334137,659,2,1,600,66.1
333477,334144,334145,667,1,1,600,66.8
333479,334151,334152,672,1,1,600,67.3
333480,334158,334159,678,1,1,600,67.9
333481,334170,334171,689,1,1,600,69.0
333483,334177,334178,694,1,1,600,69.5
333484,334184,334187,700,3,1,600,70.3
333547,334206,334208,659,2,1,600,66.1
333548,334212,334214,664,2,1,600,66.6
333551,334226,334229,675,3,1,600,67.8
333552,334232,334233,680,1,1,600,68.1
333553,334246,334247,693,1,1,600,69.4
333555,334251,334252,696,1,1,600,69.7
333556,334259,334260,703,1,1,600,70.4
333557,334265,334267,708,2,1,600,71.0
333560,334279,334281,719,2,1,600,72.1
333582,334165,339184,583,5019,5,14400,1.11615859733
333622,334286,334287,664,1,1,600,66.5
333623,334293,334294,670,1,1,600,67.1
333624,334300,334301,676,1,1,600,67.7
333626,334306,334307,680,1,1,600,68.1
333627,334312,334313,685,1,1,600,68.6
333628,334318,334332,690,14,1,600,50.2857142857
333630,334325,334326,695,1,1,600,69.6
333631,334337,334339,706,2,1,600,70.8
333632,334344,334346,712,2,1,600,71.4
333634,334351,334352,717,1,1,600,71.8
333635,334358,334360,723,2,1,600,72.5
333697,334365,334367,668,2,1,600,67.0
333701,334391,334393,690,2,1,600,69.2
333702,334399,334400,697,1,1,600,69.8
333703,334411,334413,708,2,1,600,71.0
333705,334424,334427,719,3,1,600,72.2
333706,334440,334442,734,2,1,600,73.6
333707,334453,334454,746,1,1,600,74.7
333709,334466,334467,757,1,1,600,75.8
333710,334478,334479,768,1,1,600,76.9
333711,334491,334492,780,1,1,600,78.1
333773,334504,334506,731,2,1,600,73.3
333774,334518,334519,744,1,1,600,74.5
333776,334531,334532,755,1,1,600,75.6
333777,334544,334547,767,3,1,600,77.0
333778,334560,334562,782,2,1,600,78.4
333780,334573,334574,793,1,1,600,79.4
333781,334980,334984,1199,4,1,600,120.3
333783,334995,334997,1212,2,1,600,121.4
333784,335008,335011,1224,3,1,600,122.7
333817,333841,333842,24,1,1,259200,2.5
333845,335023,335025,1178,2,1,600,118.0
333847,335036,335037,1189,1,1,600,119.0
333848,335049,335050,1201,1,1,600,120.2
333849,335062,335064,1213,2,1,600,121.5
333851,335075,335076,1224,1,1,600,122.5
333852,335090,335091,1238,1,1,600,123.9
333854,335104,335105,1250,1,1,600,125.1
333856,335129,335130,1273,1,1,600,127.4
333858,335142,335144,1284,2,1,600,128.6
333859,335155,335157,1296,2,1,600,129.8
333861,335169,335170,1308,1,1,600,130.9
333922,335181,335183,1259,2,1,600,126.1
333923,335195,335196,1272,1,1,600,127.3
333925,335209,335211,1284,2,1,600,128.6
333926,335223,335230,1297,7,1,600,130.4
333927,335242,335243,1315,1,1,600,131.6
333929,335254,335256,1325,2,1,600,132.7
333930,335267,335273,1337,6,1,600,134.3
333932,335284,335292,1352,8,1,600,136.0
333933,335303,335304,1370,1,1,600,137.1
333935,335315,335317,1380,2,1,600,138.2
333936,335329,335330,1393,1,1,600,139.4
333975,333987,333989,12,2,1,259200,1.4
333997,335341,335350,1344,9,1,600,135.3
333999,335362,335363,1363,1,1,600,136.4
334000,335374,335375,1374,1,1,600,137.5
334001,335387,335389,1386,2,1,600,138.8
334003,335400,335405,1397,5,1,600,140.2
334004,335416,335418,1412,2,1,600,141.4
334006,335429,335431,1423,2,1,600,142.5
334007,335444,335445,1437,1,1,600,143.8
334008,335456,335458,1448,2,1,600,145.0
334010,335471,335473,1461,2,1,600,146.3
334064,334071,334072,7,1,1,259200,1.0
334071,335484,335486,1413,2,1,600,141.5
334073,335498,335499,1425,1,1,600,142.6
334074,335511,335512,1437,1,1,600,143.8
334075,335523,335531,1448,8,1,600,145.6
334077,335543,335544,1466,1,1,600,146.7
334078,335555,335557,1477,2,1,600,147.9
334079,335568,335570,1489,2,1,600,149.1
334081,335581,335583,1500,2,1,600,150.2
334082,335595,335598,1513,3,1,600,151.6
334143,335609,335610,1466,1,1,600,146.7
334145,335622,335624,1477,2,1,600,147.9
334146,335636,335643,1490,7,1,600,149.7
334148,335654,335656,1506,2,1,600,150.8
334149,335667,335669,1518,2,1,600,152.0
334150,335680,335682,1530,2,1,600,153.2
334153,335705,335706,1552,1,1,600,155.3
334154,335717,335719,1563,2,1,600,156.5
334156,335730,335731,1574,1,1,600,157.5
334167,334239,339105,72,4866,5,14400,1.01479654747
334179,334190,334191,11,1,1,259200,1.2
334217,335743,335745,1526,2,1,600,152.8
334218,335756,335760,1538,4,1,600,154.2
334220,335771,335782,1551,11,1,600,142.0
334221,335793,335795,1572,2,1,600,157.4
334222,335806,335808,1584,2,1,600,158.6
334224,335820,335822,1596,2,1,600,159.8
334225,335833,335835,1608,2,1,600,161.0
334226,335846,335848,1620,2,1,600,162.2
334228,335859,335861,1631,2,1,600,163.3
334240,334405,339399,165,4994,5,14400,1.03303964758
334289,335872,335884,1583,12,1,600,132.916666667
334291,335895,335897,1604,2,1,600,160.6
334292,335909,335910,1617,1,1,600,161.8
334295,335933,335936,1638,3,1,600,164.1
334296,335948,335950,1652,2,1,600,165.4
334297,335962,335964,1665,2,1,600,166.7
334299,335975,335976,1676,1,1,600,167.7
334300,335988,335989,1688,1,1,600,168.9
334301,336000,336007,1699,7,1,600,170.6
334363,336020,336021,1657,1,1,600,165.8
334364,336032,336033,1668,1,1,600,166.9
334366,336044,336046,1678,2,1,600,168.0
334367,336057,336059,1690,2,1,600,169.2
334368,336070,336071,1702,1,1,600,170.3
334370,336082,336093,1712,11,1,600,156.636363636
334371,336105,336106,1734,1,1,600,173.5
334372,336117,336119,1745,2,1,600,174.7
334374,336130,336131,1756,1,1,600,175.7
334376,334385,334387,9,2,1,259200,1.1
334404,334433,339443,29,5010,5,14400,1.00578842315
334436,334669,339559,233,4890,5,14400,1.04764826176
334437,336158,336159,1721,1,1,600,172.2
334438,336171,336172,1733,1,1,600,173.4
334439,336185,336187,1746,2,1,600,174.8
334441,336199,336200,1758,1,1,600,175.9
334442,336211,336213,1769,2,1,600,177.1
334443,336225,336228,1782,3,1,600,178.5
334505,336245,336246,1740,1,1,600,174.1
334506,336257,336259,1751,2,1,600,175.3
334507,336270,336272,1763,2,1,600,176.5
334509,336283,336284,1774,1,1,600,177.5
334510,336288,336291,1778,3,1,600,178.1
334512,336294,336296,1782,2,1,600,178.4
334573,336300,336302,1727,2,1,600,172.9
334574,336307,336309,1733,2,1,600,173.5
334576,336312,336314,1736,2,1,600,173.8
334577,336319,336323,1742,4,1,600,174.6
334579,334585,334968,6,383,1,259200,1.01566579634
334672,334749,339682,77,4933,5,14400,1.01560916278
334755,334809,339671,54,4862,5,14400,1.01110654052
334807,334816,339691,9,4875,5,14400,1.00184615385
334818,335030,339982,212,4952,5,14400,1.04281098546
335000,336331,336332,1331,1,1,600,133.2
335034,335083,339992,49,4909,5,14400,1.00998166633
335062,336337,336339,1275,2,1,600,127.7
335065,336355,336358,1290,3,1,600,129.3
335066,336362,336363,1296,1,1,600,129.7
335067,336367,336368,1300,1,1,600,130.1
335086,335661,340672,575,5011,5,14400,1.11474755538
335129,336373,336376,1244,3,1,600,124.7
335130,336380,336382,1250,2,1,600,125.2
335131,336385,336387,1254,2,1,600,125.6
335133,336391,336393,1258,2,1,600,126.0
335134,336398,336399,1264,1,1,600,126.5
335135,336404,336407,1269,3,1,600,127.2
335197,336410,336411,1213,1,1,600,121.4
335198,336415,336417,1217,2,1,600,121.9
335200,336421,336422,1221,1,1,600,122.2
335201,336427,336437,1226,10,1,600,123.6
335202,336433,336434,1231,1,1,600,123.2
335265,336446,336447,1181,1,1,600,118.2
335266,336452,336454,1186,2,1,600,118.8
335268,336458,336459,1190,1,1,600,119.1
335329,336465,336467,1136,2,1,600,113.8
335330,336471,336472,1141,1,1,600,114.2
335332,336477,336479,1145,2,1,600,114.7
335394,336488,336489,1094,1,1,600,109.5
335395,336494,336496,1099,2,1,600,110.1
335397,336500,336501,1103,1,1,600,110.4
335398,336507,336509,1109,2,1,600,111.1
335399,336513,336515,1114,2,1,600,111.6
335461,336519,336521,1058,2,1,600,106.0
335463,336532,336535,1069,3,1,600,107.2
335464,336537,336539,1073,2,1,600,107.5
335466,336544,336546,1078,2,1,600,108.0
335527,336550,336569,1023,19,1,600,54.8421052632
335528,336556,336557,1028,1,1,600,102.9
335530,336562,336563,1032,1,1,600,103.3
335531,336568,336570,1037,2,1,600,103.9
335592,336575,336577,983,2,1,600,98.5
335594,336581,336583,987,2,1,600,98.9
335595,336587,336588,992,1,1,600,99.3
335596,336593,336596,997,3,1,600,100.0
335598,336608,336609,1010,1,1,600,101.1
335659,336621,336622,962,1,1,600,96.3
335660,336633,336635,973,2,1,600,97.5
335661,336647,336648,986,1,1,600,98.7
335662,335764,340685,102,4921,5,14400,1.02072749441
335663,336660,336661,997,1,1,600,99.8
335664,336672,336674,1008,2,1,600,101.0
335725,336685,336687,960,2,1,600,96.2
335727,336698,336700,971,2,1,600,97.3
335728,336711,336713,983,2,1,600,98.5
335729,336725,336726,996,1,1,600,99.7
335731,336737,336738,1006,1,1,600,100.7
335765,335827,340663,62,4836,5,14400,1.01282051282
335792,336749,336750,957,1,1,600,95.8
335793,336761,336763,968,2,1,600,97.0
335795,336775,336782,980,7,1,600,98.7
335796,336793,336795,997,2,1,600,99.9
335827,336013,340967,186,4954,5,14400,1.03754541784
335857,336806,336808,949,2,1,600,95.1
335859,336819,336821,960,2,1,600,96.2
335860,336832,336834,972,2,1,600,97.4
335861,336846,336848,985,2,1,600,98.7
335862,336859,336861,997,2,1,600,99.9
335924,336873,336874,949,1,1,600,95.0
335925,336885,336887,960,2,1,600,96.2
335926,336899,336901,973,2,1,600,97.5
335928,336912,336914,984,2,1,600,98.6
335929,336931,336932,1002,1,1,600,100.3
335990,336943,336951,953,8,1,600,96.1
335992,336962,336963,970,1,1,600,97.1
335993,336975,336980,982,5,1,600,98.7
335994,336992,336993,998,1,1,600,99.9
335996,337005,337007,1009,2,1,600,101.1
336013,336151,341051,138,4900,5,14400,1.02816326531
336057,337019,337020,962,1,1,600,96.3
336058,337031,337033,973,2,1,600,97.5
336060,337045,337046,985,1,1,600,98.6
336122,337069,337072,947,3,1,600,95.0
336125,337095,337097,970,2,1,600,97.2
336126,337108,337110,982,2,1,600,98.4
336127,337122,337124,995,2,1,600,99.7
336146,336218,341108,72,4890,5,14400,1.01472392638
336189,337135,337137,946,2,1,600,94.8
336190,337148,337149,958,1,1,600,95.9
336191,337160,337162,969,2,1,600,97.1
336192,337175,337180,983,5,1,600,98.8
336194,337182,337183,988,1,1,600,98.9
336219,336237,341244,18,5007,5,14400,1.00359496705
336240,336350,341255,110,4905,5,14400,1.02242609582
336255,337193,337195,938,2,1,600,94.0
336256,337199,337207,943,8,1,600,95.1
336258,337213,337214,955,1,1,600,95.6
336320,337226,337228,906,2,1,600,90.8
336322,337233,337235,911,2,1,600,91.3
336323,337240,337245,917,5,1,600,92.2
336324,337247,337248,923,1,1,600,92.4
336326,337257,337268,931,11,1,600,85.6363636364
336327,337263,337265,936,2,1,600,93.8
336328,337277,337278,949,1,1,600,95.0
336329,337284,337285,955,1,1,600,95.6
336331,337291,337321,960,30,1,600,33.0
336353,336925,341818,572,4893,5,14400,1.1169016963
336393,337309,337311,916,2,1,600,91.8
336395,337323,337330,928,7,1,600,93.5
336396,337333,337334,937,1,1,600,93.8
336397,337341,337343,944,2,1,600,94.6
336399,337347,337348,948,1,1,600,94.9
336401,337361,337363,960,2,1,600,96.2
336403,337367,337368,964,1,1,600,96.5
336404,337374,337375,970,1,1,600,97.1
336405,337380,337382,975,2,1,600,97.7
336406,337387,337390,981,3,1,600,98.4
336468,337394,337397,926,3,1,600,92.9
336469,337402,337405,933,3,1,600,93.6
336470,337408,337411,938,3,1,600,94.1
336472,337417,337419,945,2,1,600,94.7
336473,337425,337431,952,6,1,600,95.8
336476,337443,337444,967,1,1,600,96.8
336477,337450,337451,973,1,1,600,97.4
336481,337470,337472,989,2,1,600,99.1
336482,337477,337480,995,3,1,600,99.8
336543,337484,337486,941,2,1,600,94.3
336545,337492,337493,947,1,1,600,94.8
336546,337498,337500,952,2,1,600,95.4
336547,337506,337508,959,2,1,600,96.1
336550,337519,337521,969,2,1,600,97.1
336551,337526,337528,975,2,1,600,97.7
336552,337532,337535,980,3,1,600,98.3
336554,337539,337541,985,2,1,600,98.7
336555,337547,337548,992,1,1,600,99.3
336556,337554,337564,998,10,1,600,100.8
336557,337560,337561,1003,1,1,600,100.4
336600,339468,340884,2868,1416,8,6000,3.02542372881
336619,337572,337574,953,2,1,600,95.5
336620,337579,337581,959,2,1,600,96.1
336624,337600,337601,976,1,1,600,97.7
336625,337607,337611,982,4,1,600,98.6
336627,337613,337616,986,3,1,600,98.9
336631,337636,337638,1005,2,1,600,100.7
336692,337642,337644,950,2,1,600,95.2
336693,337651,337653,958,2,1,600,96.0
336695,337657,337660,962,3,1,600,96.5
336696,337664,337666,968,2,1,600,97.0
336697,337671,337672,974,1,1,600,97.5
336759,337678,337689,919,11,1,600,84.5454545455
336760,337684,337686,924,2,1,600,92.6
336761,337698,337699,937,1,1,600,93.8
336763,337704,337707,941,3,1,600,94.4
336764,337711,337712,947,1,1,600,94.8
336826,337718,337719,892,1,1,600,89.3
336827,337726,337727,899,1,1,600,90.0
336828,337733,337757,905,24,1,600,38.7083333333
336830,337739,337741,909,2,1,600,91.1
336831,337753,337754,922,1,1,600,92.3
336892,337765,337767,873,2,1,600,87.5
336894,337772,337773,878,1,1,600,87.9
336897,337785,337787,888,2,1,600,89.0
336898,337792,337794,894,2,1,600,89.6
336929,337169,342203,240,5034,5,14400,1.04767580453
336959,337800,337801,841,1,1,600,84.2
336961,337806,337808,845,2,1,600,84.7
336962,337813,337814,851,1,1,600,85.2
336963,337819,337821,856,2,1,600,85.8
337026,337833,337838,807,5,1,600,81.2
337027,337840,337845,813,5,1,600,81.8
337029,337850,337857,821,7,1,600,82.8
337030,337857,337858,827,1,1,600,82.8
337091,337869,337875,778,6,1,600,78.4
337093,337875,337878,782,3,1,600,78.5
337094,337886,337888,792,2,1,600,79.4
337095,337893,337894,798,1,1,600,79.9
337097,337900,337902,803,2,1,600,80.5
337158,337906,337909,748,3,1,600,75.1
337161,337921,337929,760,8,1,600,76.8
337162,337929,337930,767,1,1,600,76.8
337164,337940,337942,776,2,1,600,77.8
337165,337206,342041,41,4835,5,14400,1.00847983454
337207,337948,343017,741,5069,5,14400,1.14618267903
337225,337953,337959,728,6,1,600,73.4
337226,337959,337962,733,3,1,600,73.6
337228,337971,337972,743,1,1,600,74.4
337229,337977,337979,748,2,1,600,75.0
337232,337990,337992,758,2,1,600,76.0
337233,337997,337998,764,1,1,600,76.5
337234,338004,338006,770,2,1,600,77.2
337296,338012,338019,716,7,1,600,72.3
337297,338018,338019,721,1,1,600,72.2
337298,338036,338038,738,2,1,600,74.0
337300,338041,338043,741,2,1,600,74.3
337301,338050,338052,749,2,1,600,75.1
337302,338058,338059,756,1,1,600,75.7
337304,338065,338066,761,1,1,600,76.2
337305,338071,338073,766,2,1,600,76.8
337366,338078,338079,712,1,1,600,71.3
337368,338085,338086,717,1,1,600,71.8
337369,338091,338093,722,2,1,600,72.4
337371,338099,338100,728,1,1,600,72.9
337372,338106,338107,734,1,1,600,73.5
337373,338112,338113,739,1,1,600,74.0
337375,338119,338120,744,1,1,600,74.5
337439,338140,338141,701,1,1,600,70.2
337440,338147,338148,707,1,1,600,70.8
337443,338161,338162,718,1,1,600,71.9
337444,338167,338172,723,5,1,600,72.8
337445,338175,338176,730,1,1,600,73.1
337447,338183,338185,736,2,1,600,73.8
337448,338189,338191,741,2,1,600,74.3
337449,338196,338198,747,2,1,600,74.9
337451,338204,338205,753,1,1,600,75.4
337512,338211,338212,699,1,1,600,70.0
337513,338218,338219,705,1,1,600,70.6
337515,338224,338226,709,2,1,600,71.1
337516,338231,338233,715,2,1,600,71.7
337517,338239,338240,722,1,1,600,72.3
337519,338246,338249,727,3,1,600,73.0
337520,338252,338253,732,1,1,600,73.3
337521,338261,338263,740,2,1,600,74.2
337523,338268,338270,745,2,1,600,74.7
337524,338276,338277,752,1,1,600,75.3
337585,338288,338289,703,1,1,600,70.4
337587,338295,338296,708,1,1,600,70.9
337588,338301,338302,713,1,1,600,71.4
337589,338307,338318,718,11,1,600,66.2727272727
337591,338313,338315,722,2,1,600,72.4
337592,338328,338329,736,1,1,600,73.7
337593,338334,338336,741,2,1,600,74.3
337595,338342,338343,747,1,1,600,74.8
337596,338348,338350,752,2,1,600,75.4
337597,338354,338356,757,2,1,600,75.9
337599,338362,338363,763,1,1,600,76.4
337660,338369,338376,709,7,1,600,71.6
337662,338375,338377,713,2,1,600,71.5
337663,338388,338390,725,2,1,600,72.7
337664,338394,338395,730,1,1,600,73.1
337666,338401,338403,735,2,1,600,73.7
337668,338416,338417,748,1,1,600,74.9
337669,346637,346640,8968,3,8,259200,897.1
337670,338423,338424,753,1,1,600,75.4
337671,338430,338431,759,1,1,600,76.0
337672,338437,338438,765,1,1,600,76.6
337734,338449,338450,715,1,1,600,71.6
337735,338455,338458,720,3,1,600,72.3
337736,338463,338464,727,1,1,600,72.8
337738,338475,338476,737,1,1,600,73.8
337739,338487,338489,748,2,1,600,75.0
337740,338500,338503,760,3,1,600,76.3
337742,338514,338516,772,2,1,600,77.4
337743,338528,338530,785,2,1,600,78.7
337804,338542,338543,738,1,1,600,73.9
337806,338554,338555,748,1,1,600,74.9
337807,338567,338568,760,1,1,600,76.1
337808,338579,338582,771,3,1,600,77.4
337810,338593,338596,783,3,1,600,78.6
337811,338608,338609,797,1,1,600,79.8
337812,338620,338622,808,2,1,600,81.0
337814,338633,338635,819,2,1,600,82.1
337815,338647,338648,832,1,1,600,83.3
337816,338659,338661,843,2,1,600,84.5
337879,338684,338685,805,1,1,600,80.6
337880,338696,338698,816,2,1,600,81.8
337882,338709,338715,827,6,1,600,83.3
337883,338727,338731,844,4,1,600,84.8
337884,338743,338744,859,1,1,600,86.0
337886,338755,338757,869,2,1,600,87.1
337887,338768,338772,881,4,1,600,88.5
337888,338783,338784,895,1,1,600,89.6
337946,338283,343223,337,4940,5,14400,1.06821862348
337950,338796,338797,846,1,1,600,84.7
337951,338809,338810,858,1,1,600,85.9
337953,338821,338822,868,1,1,600,86.9
337954,338836,338837,882,1,1,600,88.3
337955,338842,338844,887,2,1,600,88.9
337958,338855,338858,897,3,1,600,90.0
337959,338863,338864,904,1,1,600,90.5
338021,338869,338872,848,3,1,600,85.1
338022,338875,338878,853,3,1,600,85.6
338023,338883,338885,860,2,1,600,86.2
338025,338890,338898,865,8,1,600,87.3
338026,338896,338898,870,2,1,600,87.2
338027,340900,342311,2873,1411,8,6000,3.03614457831
338027,338909,338911,882,2,1,600,88.4
338029,338914,338915,885,1,1,600,88.6
338030,338922,338924,892,2,1,600,89.4
338033,338937,338944,904,7,1,600,91.1
338094,338943,338944,849,1,1,600,85.0
338095,338955,338956,860,1,1,600,86.1
338097,338960,338962,863,2,1,600,86.5
338098,338968,338970,870,2,1,600,87.2
338099,338975,338976,876,1,1,600,87.7
338101,338982,338987,881,5,1,600,88.6
338102,338988,338990,886,2,1,600,88.8
338103,338999,339000,896,1,1,600,89.7
338106,339012,339016,906,4,1,600,91.0
338167,339018,339019,851,1,1,600,85.2
338169,339027,339029,858,2,1,600,86.0
338170,339034,339035,864,1,1,600,86.5
338171,339040,339041,869,1,1,600,87.0
338173,339047,339048,874,1,1,600,87.5
338174,339054,339056,880,2,1,600,88.2
338175,339061,339062,886,1,1,600,88.7
338177,339068,339070,891,2,1,600,89.3
338178,339074,339076,896,2,1,600,89.8
338179,339082,339083,903,1,1,600,90.4
338241,339088,339090,847,2,1,600,84.9
338242,339095,339096,853,1,1,600,85.4
338243,339101,339103,858,2,1,600,86.0
338245,339108,339110,863,2,1,600,86.5
338246,339115,339116,869,1,1,600,87.0
338247,339126,339128,879,2,1,600,88.1
338248,339133,339135,885,2,1,600,88.7
338251,339147,339150,896,3,1,600,89.9
338252,339153,339154,901,1,1,600,90.2
338285,338444,343371,159,4927,5,14400,1.03227115892
338314,339161,339163,847,2,1,600,84.9
338315,339168,339176,853,8,1,600,86.1
338316,339174,339175,858,1,1,600,85.9
338319,339193,339194,874,1,1,600,87.5
338320,339205,339208,885,3,1,600,88.8
338321,339211,339238,890,27,1,600,33.962962963
338323,339219,339221,896,2,1,600,89.8
338324,339233,339234,909,1,1,600,91.0
338325,339247,339248,922,1,1,600,92.3
338386,339253,339258,867,5,1,600,87.2
338388,339261,339262,873,1,1,600,87.4
338389,339269,339272,880,3,1,600,88.3
338390,339275,339281,885,6,1,600,89.1
338391,339284,339285,893,1,1,600,89.4
338393,339293,339295,900,2,1,600,90.2
338394,339299,339303,905,4,1,600,90.9
338395,339306,339308,911,2,1,600,91.3
338397,339314,339315,917,1,1,600,91.8
338440,338469,343335,29,4866,5,14400,1.00595972051
338458,339320,339324,862,4,1,600,86.6
338459,339327,339330,868,3,1,600,87.1
338460,339335,339337,875,2,1,600,87.7
338462,339342,339355,880,13,1,600,68.6923076923
338463,339349,339350,886,1,1,600,88.7
338464,339361,339363,897,2,1,600,89.9
338466,339369,339370,903,1,1,600,90.4
338467,339375,339377,908,2,1,600,91.0
338468,339382,339392,914,10,1,600,92.4
338470,339388,339390,918,2,1,600,92.0
338471,338830,343694,359,4864,5,14400,1.07380756579
338531,339402,339403,871,1,1,600,87.2
338534,339421,339422,887,1,1,600,88.8
338535,339427,339429,892,2,1,600,89.4
338536,339434,339436,898,2,1,600,90.0
338598,339442,339443,844,1,1,600,84.5
338599,339448,339450,849,2,1,600,85.1
338600,339461,339462,861,1,1,600,86.2
338601,339473,339474,872,1,1,600,87.3
338603,339479,339481,876,2,1,600,87.8
338664,339486,339488,822,2,1,600,82.4
338665,339492,339494,827,2,1,600,82.9
338667,339499,339501,832,2,1,600,83.4
338668,339506,339515,838,9,1,600,84.7
338669,339512,339515,843,3,1,600,84.6
338731,339526,339527,795,1,1,600,79.6
338732,339531,339533,799,2,1,600,80.1
338733,339539,339542,806,3,1,600,80.9
338734,339545,339547,811,2,1,600,81.3
338796,339554,339555,758,1,1,600,75.9
338797,339560,339567,763,7,1,600,77.0
338798,339567,339568,769,1,1,600,77.0
338800,339580,339586,780,6,1,600,78.6
338801,339586,339587,785,1,1,600,78.6
338802,339597,339599,795,2,1,600,79.7
338831,339121,343885,290,4764,5,14400,1.06087321579
338865,339611,339619,746,8,1,600,75.4
338866,339617,339618,751,1,1,600,75.2
338867,339629,339631,762,2,1,600,76.4
338869,339636,339639,767,3,1,600,77.0
338871,339650,339657,779,7,1,600,78.6
338933,339656,339658,723,2,1,600,72.5
338934,339670,339671,736,1,1,600,73.7
338935,339675,339677,740,2,1,600,74.2
338937,339688,339697,751,9,1,600,76.0
338938,339700,339702,762,2,1,600,76.4
338939,339713,339714,774,1,1,600,77.5
338940,339718,339719,778,1,1,600,77.9
338942,339726,339727,784,1,1,600,78.5
339004,339738,339740,734,2,1,600,73.6
339007,339752,339754,745,2,1,600,74.7
339008,339759,339762,751,3,1,600,75.4
339010,339765,339767,755,2,1,600,75.7
339011,339774,339775,763,1,1,600,76.4
339012,339780,339788,768,8,1,600,77.6
339014,339787,339789,773,2,1,600,77.5
339015,339799,339800,784,1,1,600,78.5
339016,339806,339813,790,7,1,600,79.7
339079,339824,339825,745,1,1,600,74.6
339080,339829,339833,749,4,1,600,75.3
339081,339836,339839,755,3,1,600,75.8
339083,339844,339846,761,2,1,600,76.3
339084,339850,339852,766,2,1,600,76.8
339085,339857,339859,772,2,1,600,77.4
339086,339864,339866,778,2,1,600,78.0
339088,339871,339881,783,10,1,600,79.3
339089,339877,339891,788,14,1,600,57.2857142857
339090,339892,339893,802,1,1,600,80.3
339119,339200,344101,81,4901,5,14400,1.01652723934
339152,339902,339904,750,2,1,600,75.2
339153,339910,339911,757,1,1,600,75.8
339157,339931,339933,774,2,1,600,77.6
339158,339937,339939,779,2,1,600,78.1
339159,339945,339948,786,3,1,600,78.9
339161,339952,339954,791,2,1,600,79.3
339162,339959,339960,797,1,1,600,79.8
339201,339416,344247,215,4831,5,14400,1.04450424343
339225,339973,339974,748,1,1,600,74.9
339226,339979,339981,753,2,1,600,75.5
339227,339986,339987,759,1,1,600,76.0
339229,339992,339994,763,2,1,600,76.5
339230,340005,340006,775,1,1,600,77.6
339231,340017,340018,786,1,1,600,78.7
339233,340024,340025,791,1,1,600,79.2
339294,340030,340032,736,2,1,600,73.8
339295,340036,340038,741,2,1,600,74.3
339297,340043,340044,746,1,1,600,74.7
339298,340050,340052,752,2,1,600,75.4
339299,340057,340058,758,1,1,600,75.9
339300,340063,340065,763,2,1,600,76.5
339302,340070,340072,768,2,1,600,77.0
339303,340076,340083,773,7,1,600,78.0
339304,340085,340086,781,1,1,600,78.2
339366,340096,340103,730,7,1,600,73.7
339367,340103,340105,736,2,1,600,73.8
339368,340115,340117,747,2,1,600,74.9
339370,340121,340126,751,5,1,600,75.6
339371,340128,340131,757,3,1,600,76.0
339372,340137,340138,765,1,1,600,76.6
339373,340144,340146,771,2,1,600,77.3
339375,340150,340152,775,2,1,600,77.7
339376,340157,340159,781,2,1,600,78.3
339377,340164,340165,787,1,1,600,78.8
339417,339455,344277,38,4822,5,14400,1.00788054749
339439,340170,340172,731,2,1,600,73.3
339440,340177,340178,737,1,1,600,73.8
339441,340183,340185,742,2,1,600,74.4
339443,340191,340192,748,1,1,600,74.9
339444,340198,340199,754,1,1,600,75.5
339445,340204,340205,759,1,1,600,76.0
339447,340211,340217,764,6,1,600,77.0
339448,340218,340219,770,1,1,600,77.1
339449,340229,340231,780,2,1,600,78.2
339459,339574,344595,115,5021,5,14400,1.02290380402
339472,342327,343737,2855,1410,8,6000,3.02482269504
339511,340235,340237,724,2,1,600,72.6
339512,340243,340244,731,1,1,600,73.2
339513,340249,340251,736,2,1,600,73.8
339516,340263,340265,747,2,1,600,74.9
339517,340270,340272,753,2,1,600,75.5
339518,340278,340279,760,1,1,600,76.1
339572,339682,344595,110,4913,5,14400,1.02238957867
339580,340284,340286,704,2,1,600,70.6
339581,340292,340293,711,1,1,600,71.2
339582,340298,340300,716,2,1,600,71.8
339584,340305,340306,721,1,1,600,72.2
339585,340311,340313,726,2,1,600,72.8
339586,340318,340320,732,2,1,600,73.4
339589,340331,340332,742,1,1,600,74.3
339590,340338,340342,748,4,1,600,75.2
339652,340344,340346,692,2,1,600,69.4
339653,340354,340355,701,1,1,600,70.2
339655,340368,340369,713,1,1,600,71.4
339657,340374,340376,717,2,1,600,71.9
339658,340382,340387,724,5,1,600,72.9
339659,340388,340391,729,3,1,600,73.2
339661,340398,340400,737,2,1,600,73.9
339663,340412,340413,749,1,1,600,75.0
339686,339695,344733,9,5038,5,14400,1.00178642318
339696,339707,344681,11,4974,5,14400,1.0022114998
339707,340000,345014,293,5014,5,14400,1.05843637814
339726,340427,340435,701,8,1,600,70.9
339727,340433,340434,706,1,1,600,70.7
339728,340445,340447,717,2,1,600,71.9
339730,340453,340454,723,1,1,600,72.4
339731,340459,340461,728,2,1,600,73.0
339732,340466,340467,734,1,1,600,73.5
339734,340473,340481,739,8,1,600,74.7
339795,340479,340481,684,2,1,600,68.6
339796,340493,340495,697,2,1,600,69.9
339797,340498,340499,701,1,1,600,70.2
339799,340506,340515,707,9,1,600,71.6
339800,340514,340515,714,1,1,600,71.5
339801,340526,340528,725,2,1,600,72.7
339803,340532,340534,729,2,1,600,73.1
339804,340540,340545,736,5,1,600,74.1
339805,340546,340548,741,2,1,600,74.3
339807,340557,340559,750,2,1,600,75.2
339868,340563,340568,695,5,1,600,70.0
339869,340570,340577,701,7,1,600,70.8
339872,340589,340590,717,1,1,600,71.8
339873,340595,340598,722,3,1,600,72.5
339874,340603,340604,729,1,1,600,73.0
339876,340609,340610,733,1,1,600,73.4
339878,340623,340624,745,1,1,600,74.6
339940,340630,340662,690,32,1,600,22.5625
339941,340636,340638,695,2,1,600,69.7
339942,340649,340651,707,2,1,600,70.9
339944,340662,340664,718,2,1,600,72.0
339945,340673,340676,728,3,1,600,73.1
339946,340686,340687,740,1,1,600,74.1
339947,340698,340699,751,1,1,600,75.2
339949,340710,340711,761,1,1,600,76.2
339950,340717,340718,767,1,1,600,76.8
339997,340012,345070,15,5058,5,14400,1.00296559905
340007,340680,345557,673,4877,5,14400,1.13799466885
340011,340724,340726,713,2,1,600,71.5
340013,340730,340733,717,3,1,600,72.0
340014,340737,340739,723,2,1,600,72.5
340015,340745,340746,730,1,1,600,73.1
340017,340751,340752,734,1,1,600,73.5
340018,340758,340760,740,2,1,600,74.2
340019,340765,340766,746,1,1,600,74.7
340020,340772,340773,752,1,1,600,75.3
340022,340779,340785,757,6,1,600,76.3
340083,340785,340787,702,2,1,600,70.4
340084,340798,340800,714,2,1,600,71.6
340086,340804,340807,718,3,1,600,72.1
340087,340812,340814,725,2,1,600,72.7
340088,340818,340820,730,2,1,600,73.2
340089,340826,340827,737,1,1,600,73.8
340091,340833,340834,742,1,1,600,74.3
340092,340840,340841,748,1,1,600,74.9
340093,340846,340853,753,7,1,600,76.0
340095,340852,340854,757,2,1,600,75.9
340096,340864,340866,768,2,1,600,77.0
340157,340871,340872,714,1,1,600,71.5
340159,340877,340883,718,6,1,600,72.4
340160,340884,340887,724,3,1,600,72.7
340161,340894,340896,733,2,1,600,73.5
340162,340906,340908,744,2,1,600,74.6
340164,340912,340922,748,10,1,600,75.8
340165,340920,340923,755,3,1,600,75.8
340168,340939,340940,771,1,1,600,77.2
340229,340947,340948,718,1,1,600,71.9
340230,340953,340955,723,2,1,600,72.5
340232,340960,340962,728,2,1,600,73.0
340233,340967,340968,734,1,1,600,73.5
340234,340973,340974,739,1,1,600,74.0
340236,340985,340987,749,2,1,600,75.1
340237,340991,340994,754,3,1,600,75.7
340238,340998,341000,760,2,1,600,76.2
340240,341006,341007,766,1,1,600,76.7
340241,341012,341015,771,3,1,600,77.4
340242,341018,341020,776,2,1,600,77.8
340304,341027,341037,723,10,1,600,73.3
340305,341033,341035,728,2,1,600,73.0
340307,341046,341048,739,2,1,600,74.1
340308,341053,341055,745,2,1,600,74.7
340309,341061,341063,752,2,1,600,75.4
340310,341073,341074,763,1,1,600,76.4
340312,341080,341081,768,1,1,600,76.9
340313,341086,341089,773,3,1,600,77.6
340314,341094,341096,780,2,1,600,78.2
340316,341101,341102,785,1,1,600,78.6
340377,341107,341109,730,2,1,600,73.2
340379,341114,341116,735,2,1,600,73.7
340380,341126,341127,746,1,1,600,74.7
340381,341132,341138,751,6,1,600,75.7
340382,341139,341148,757,9,1,600,76.6
340384,341151,341152,767,1,1,600,76.8
340385,341160,341162,775,2,1,600,77.7
340386,341167,341169,781,2,1,600,78.3
340388,341174,341175,786,1,1,600,78.7
340389,341180,341181,791,1,1,600,79.2
340451,341186,341188,735,2,1,600,73.7
340452,341193,341194,741,1,1,600,74.2
340455,341207,341209,752,2,1,600,75.4
340457,341221,341223,764,2,1,600,76.6
340459,341227,341228,768,1,1,600,76.9
340461,341242,341243,781,1,1,600,78.2
340463,341249,341250,786,1,1,600,78.7
340524,341260,341263,736,3,1,600,73.9
340526,341273,341277,747,4,1,600,75.1
340528,341289,341292,761,3,1,600,76.4
340531,341304,341305,773,1,1,600,77.4
340532,341310,341313,778,3,1,600,78.1
340534,341317,341319,783,2,1,600,78.5
340535,341324,341326,789,2,1,600,79.1
340596,341331,341334,735,3,1,600,73.8
340598,341338,341348,740,10,1,600,75.0
340599,341345,341347,746,2,1,600,74.8
340602,341366,341367,764,1,1,600,76.5
340603,341373,341374,770,1,1,600,77.1
340605,341379,341381,774,2,1,600,77.6
340606,341386,341387,780,1,1,600,78.1
340608,341392,341394,784,2,1,600,78.6
340669,341400,341410,731,10,1,600,74.1
340670,341406,341408,736,2,1,600,73.8
340672,341419,341422,747,3,1,600,75.0
340673,341427,341429,754,2,1,600,75.6
340674,341433,341435,759,2,1,600,76.1
340676,341441,341443,765,2,1,600,76.7
340677,341448,341453,771,5,1,600,77.6
340678,341455,341457,777,2,1,600,77.9
340686,340693,345596,7,4903,5,14400,1.00142769733
340697,340705,345713,8,5008,5,14400,1.00159744409
340707,340979,345778,272,4799,5,14400,1.05667847468
340740,341464,341466,724,2,1,600,72.6
340741,341472,341473,731,1,1,600,73.2
340742,341478,341480,736,2,1,600,73.8
340744,341485,341486,741,1,1,600,74.2
340745,341492,341493,747,1,1,600,74.8
340746,341499,341500,753,1,1,600,75.4
340747,341505,341507,758,2,1,600,76.0
340749,341513,341515,764,2,1,600,76.6
340810,341520,341522,710,2,1,600,71.2
340812,341527,341528,715,1,1,600,71.6
340813,341534,341535,721,1,1,600,72.2
340814,341541,341542,727,1,1,600,72.8
340815,341547,341550,732,3,1,600,73.5
340818,341561,341563,743,2,1,600,74.5
340821,341575,341577,754,2,1,600,75.6
340822,341583,341584,761,1,1,600,76.2
340883,341589,341591,706,2,1,600,70.8
340885,341597,341598,712,1,1,600,71.3
340887,341610,341612,723,2,1,600,72.5
340890,341623,341625,733,2,1,600,73.5
340891,341629,341630,738,1,1,600,73.9
340893,341636,341638,743,2,1,600,74.5
340894,341644,341645,750,1,1,600,75.1
340895,341650,341651,755,1,1,600,75.6
340898,343752,345161,2854,1409,8,6000,3.02555003549
340957,341657,341659,700,2,1,600,70.2
340958,341665,341671,707,6,1,600,71.3
340959,341672,341673,713,1,1,600,71.4
340961,341683,341684,722,1,1,600,72.3
340962,341689,341690,727,1,1,600,72.8
340963,341695,341696,732,1,1,600,73.3
340965,341702,341709,737,7,1,600,74.4
340966,341708,341709,742,1,1,600,74.3
340967,341720,341722,753,2,1,600,75.5
340975,341067,346048,92,4981,5,14400,1.01847018671
341029,341726,341727,697,1,1,600,69.8
341030,341733,341736,703,3,1,600,70.6
341031,341739,341741,708,2,1,600,71.0
341033,341748,341749,715,1,1,600,71.6
341034,341754,341756,720,2,1,600,72.2
341037,341768,341770,731,2,1,600,73.3
341038,341775,341776,737,1,1,600,73.8
341068,341121,346147,53,5026,5,14400,1.01054516514
341101,341788,341789,687,1,1,600,68.8
341102,341794,341796,692,2,1,600,69.4
341103,341800,341803,697,3,1,600,70.0
341107,341821,341824,714,3,1,600,71.7
341109,341829,341830,720,1,1,600,72.1
341111,341847,341850,736,3,1,600,73.9
341120,341255,346212,135,4957,5,14400,1.02723421424
341173,341854,341856,681,2,1,600,68.3
341174,341862,341864,688,2,1,600,69.0
341175,341869,341871,694,2,1,600,69.6
341177,341876,341877,699,1,1,600,70.0
341178,341883,341887,705,4,1,600,70.9
341179,341890,341892,711,2,1,600,71.3
341180,341898,341899,718,1,1,600,71.9
341182,341905,341908,723,3,1,600,72.6
341244,341920,341921,676,1,1,600,67.7
341246,341927,341930,681,3,1,600,68.4
341247,341933,341936,686,3,1,600,68.9
341248,341943,341944,695,1,1,600,69.6
341250,341949,341951,699,2,1,600,70.1
341251,341957,341958,706,1,1,600,70.7
341254,341267,346199,13,4932,5,14400,1.00263584753
341254,341970,341972,716,2,1,600,71.8
341255,341976,341979,721,3,1,600,72.4
341256,341983,341985,727,2,1,600,72.9
341257,341990,341991,733,1,1,600,73.4
341265,341836,346831,571,4995,5,14400,1.11431431431
341319,341997,341998,678,1,1,600,67.9
341322,342011,342016,689,5,1,600,69.4
341324,342028,342033,704,5,1,600,70.9
341325,342034,342036,709,2,1,600,71.1
341327,342045,342046,718,1,1,600,71.9
341328,342052,342054,724,2,1,600,72.6
341390,342064,342065,674,1,1,600,67.5
341391,342070,342072,679,2,1,600,68.1
341392,342077,342079,685,2,1,600,68.7
341394,342084,342086,690,2,1,600,69.2
341395,342092,342094,697,2,1,600,69.9
341396,342098,342100,702,2,1,600,70.4
341398,342106,342107,708,1,1,600,70.9
341399,342113,342114,714,1,1,600,71.5
341400,342120,342121,720,1,1,600,72.1
341402,342126,342128,724,2,1,600,72.6
341463,342133,342134,670,1,1,600,67.1
341466,342147,342148,681,1,1,600,68.2
341467,342154,342156,687,2,1,600,68.9
341470,342172,342174,702,2,1,600,70.4
341471,342179,342181,708,2,1,600,71.0
341474,342192,342193,718,1,1,600,71.9
341535,342200,342228,665,28,1,600,24.75
341536,342207,342215,671,8,1,600,67.9
341538,342227,342228,689,1,1,600,69.0
341539,342239,342240,700,1,1,600,70.1
341540,342245,342246,705,1,1,600,70.6
341543,342259,342260,716,1,1,600,71.7
341544,342267,342268,723,1,1,600,72.4
341545,342274,342275,729,1,1,600,73.0
341547,342280,342281,733,1,1,600,73.4
341548,342286,342289,738,3,1,600,74.1
341609,342293,342294,684,1,1,600,68.5
341611,342301,342302,690,1,1,600,69.1
341612,342307,342309,695,2,1,600,69.7
341613,342314,342318,701,4,1,600,70.5
341615,342321,342334,706,13,1,600,55.3076923077
341616,342334,342336,718,2,1,600,72.0
341617,342345,342347,728,2,1,600,73.0
341619,342352,342354,733,2,1,600,73.5
341685,342388,342389,703,1,1,600,70.4
341687,342394,342395,707,1,1,600,70.8
341688,342402,342403,714,1,1,600,71.5
341689,342408,342411,719,3,1,600,72.2
341691,342416,342417,725,1,1,600,72.6
341692,342422,342427,730,5,1,600,73.5
341693,342430,342432,737,2,1,600,73.9
341696,342446,342448,750,2,1,600,75.2
341757,342452,342454,695,2,1,600,69.7
341759,342459,342462,700,3,1,600,70.3
341760,342466,342472,706,6,1,600,71.2
341761,342474,342487,713,13,1,600,55.8461538462
341763,342484,342490,721,6,1,600,72.7
341764,342498,342499,734,1,1,600,73.5
341765,342504,342506,739,2,1,600,74.1
341767,342511,342514,744,3,1,600,74.7
341768,342519,342520,751,1,1,600,75.2
341769,342525,342528,756,3,1,600,75.9
341832,342540,342549,708,9,1,600,71.7
341833,342058,346949,225,4891,5,14400,1.0460028624
341833,342546,342548,713,2,1,600,71.5
341836,342566,342567,730,1,1,600,73.1
341837,342573,342575,736,2,1,600,73.8
341839,342579,342582,740,3,1,600,74.3
341840,342586,342588,746,2,1,600,74.8
341841,342594,342595,753,1,1,600,75.4
341843,342600,342601,757,1,1,600,75.8
341904,342606,342608,702,2,1,600,70.4
341905,342613,342615,708,2,1,600,71.0
341907,342621,342622,714,1,1,600,71.5
341908,342628,342629,720,1,1,600,72.1
341911,342641,342642,730,1,1,600,73.1
341912,342647,342648,735,1,1,600,73.6
341914,342654,342655,740,1,1,600,74.1
341916,342668,342671,752,3,1,600,75.5
341978,342675,342677,697,2,1,600,69.9
341979,342684,342685,705,1,1,600,70.6
341980,342690,342691,710,1,1,600,71.1
341981,342697,342699,716,2,1,600,71.8
341983,342704,342706,721,2,1,600,72.3
341984,342711,342714,727,3,1,600,73.0
341985,342719,342720,734,1,1,600,73.5
341987,342725,342729,738,4,1,600,74.2
341988,342732,342742,744,10,1,600,75.4
341989,342742,342744,753,2,1,600,75.5
341991,342754,342755,763,1,1,600,76.4
342052,342761,342763,709,2,1,600,71.1
342055,342774,342775,719,1,1,600,72.0
342056,342781,342784,725,3,1,600,72.8
342058,342789,342790,731,1,1,600,73.2
342059,342796,342798,737,2,1,600,73.9
342060,342214,347102,154,4888,5,14400,1.03150572831
342060,342803,342804,743,1,1,600,74.4
342062,342810,342811,748,1,1,600,74.9
342063,342817,342818,754,1,1,600,75.5
342124,342824,342825,700,1,1,600,70.1
342126,342831,342832,705,1,1,600,70.6
342127,342838,342839,711,1,1,600,71.2
342128,342845,342847,717,2,1,600,71.9
342130,342851,342852,721,1,1,600,72.2
342131,342858,342870,727,12,1,600,61.5833333333
342132,342865,342867,733,2,1,600,73.5
342134,342878,342883,744,5,1,600,74.9
342135,342885,342886,750,1,1,600,75.1
342136,342896,342897,760,1,1,600,76.1
342198,342903,342905,705,2,1,600,70.7
342199,342909,342910,710,1,1,600,71.1
342200,342917,342924,717,7,1,600,72.4
342202,342924,342925,722,1,1,600,72.3
342203,342935,342937,732,2,1,600,73.4
342204,342941,342943,737,2,1,600,73.9
342206,342948,342954,742,6,1,600,74.8
342207,342955,342957,748,2,1,600,75.0
342208,342965,342967,757,2,1,600,75.9
342214,343028,347972,814,4944,5,14400,1.16464401294
342270,342973,342983,703,10,1,600,71.3
342271,342979,342982,708,3,1,600,71.1
342272,342993,342996,721,3,1,600,72.4
342274,343000,343011,726,11,1,600,67.0
342275,343008,343009,733,1,1,600,73.4
342276,343022,343024,746,2,1,600,74.8
342278,343033,343035,755,2,1,600,75.7
342279,343039,343041,760,2,1,600,76.2
342280,343046,343048,766,2,1,600,76.8
342324,344608,346020,2284,1412,8,6000,2.61756373938
342342,343053,343055,711,2,1,600,71.3
342343,343060,343061,717,1,1,600,71.8
342344,343068,343069,724,1,1,600,72.5
342346,343074,343076,728,2,1,600,73.0
342347,343082,343085,735,3,1,600,73.8
342350,343097,343099,747,2,1,600,74.9
342351,343104,343106,753,2,1,600,75.5
342352,343111,343112,759,1,1,600,76.0
342414,343118,343119,704,1,1,600,70.5
342416,343132,343134,716,2,1,600,71.8
342418,343140,343141,722,1,1,600,72.3
342419,343147,343148,728,1,1,600,72.9
342422,343161,343162,739,1,1,600,74.0
342423,343167,343169,744,2,1,600,74.6
342426,343182,343183,756,1,1,600,75.7
342488,343196,343197,708,1,1,600,70.9
342490,343202,343204,712,2,1,600,71.4
342491,343210,343211,719,1,1,600,72.0
342492,343217,343218,725,1,1,600,72.6
342494,343224,343231,730,7,1,600,73.7
342495,343230,343233,735,3,1,600,73.8
342496,343244,343245,748,1,1,600,74.9
342498,343251,343252,753,1,1,600,75.4
342559,343258,343259,699,1,1,600,70.0
342560,343265,343266,705,1,1,600,70.6
342562,343271,343272,709,1,1,600,71.0
342563,343278,343279,715,1,1,600,71.6
342564,343285,343286,721,1,1,600,72.2
342566,343293,343294,727,1,1,600,72.8
342568,343307,343308,739,1,1,600,74.0
342570,343314,343315,744,1,1,600,74.5
342631,343321,343323,690,2,1,600,69.2
342633,343327,343330,694,3,1,600,69.7
342634,343335,343336,701,1,1,600,70.2
342635,343342,343343,707,1,1,600,70.8
342636,343354,343356,718,2,1,600,72.0
342638,343360,343361,722,1,1,600,72.3
342639,343368,343369,729,1,1,600,73.0
342641,343374,343376,733,2,1,600,73.5
342642,343382,343384,740,2,1,600,74.2
342643,343394,343395,751,1,1,600,75.2
342645,343401,343402,756,1,1,600,75.7
342706,343407,343409,701,2,1,600,70.3
342707,343415,343416,708,1,1,600,70.9
342710,343429,343430,719,1,1,600,72.0
342711,343436,343443,725,7,1,600,73.2
342715,343460,343468,745,8,1,600,75.3
342717,343467,343475,750,8,1,600,75.8
342718,343480,343482,762,2,1,600,76.4
342780,343487,343488,707,1,1,600,70.8
342781,343493,343495,712,2,1,600,71.4
342782,343500,343503,718,3,1,600,72.1
342784,343508,343509,724,1,1,600,72.5
342785,343515,343516,730,1,1,600,73.1
342786,343521,343522,735,1,1,600,73.6
342788,343527,343528,739,1,1,600,74.0
342790,343541,343542,751,1,1,600,75.2
342792,343548,343549,756,1,1,600,75.7
342853,343554,343556,701,2,1,600,70.3
342855,343562,343563,707,1,1,600,70.8
342856,343569,343570,713,1,1,600,71.4
342858,343576,343577,718,1,1,600,71.9
342859,343583,343584,724,1,1,600,72.5
342860,343590,343591,730,1,1,600,73.1
342864,343610,343612,746,2,1,600,74.8
342866,343617,343619,751,2,1,600,75.3
342927,343624,343626,697,2,1,600,69.9
342929,343632,343633,703,1,1,600,70.4
342930,343638,343641,708,3,1,600,71.1
342931,343645,343648,714,3,1,600,71.7
342933,343652,343654,719,2,1,600,72.1
342934,343660,343661,726,1,1,600,72.7
342935,343666,343676,731,10,1,600,74.1
342937,343674,343676,737,2,1,600,73.9
342938,343688,343689,750,1,1,600,75.1
342999,343693,343694,694,1,1,600,69.5
343001,343700,343702,699,2,1,600,70.1
343002,343713,343715,711,2,1,600,71.3
343003,343720,343721,717,1,1,600,71.8
343005,343727,343734,722,7,1,600,72.9
343006,343733,343736,727,3,1,600,73.0
343007,343746,343747,739,1,1,600,74.0
343009,343758,343760,749,2,1,600,75.1
343026,343237,348113,211,4876,5,14400,1.04327317473
343070,343764,343766,694,2,1,600,69.6
343072,343772,343775,700,3,1,600,70.3
343073,343778,343780,705,2,1,600,70.7
343074,343788,343789,714,1,1,600,71.5
343076,343794,343796,718,2,1,600,72.0
343077,343801,343802,724,1,1,600,72.5
343078,343809,343811,731,2,1,600,73.3
343080,343815,343820,735,5,1,600,74.0
343082,343832,343836,750,4,1,600,75.4
343144,343838,343839,694,1,1,600,69.5
343145,343848,343849,703,1,1,600,70.4
343148,343861,343862,713,1,1,600,71.4
343149,343869,343870,720,1,1,600,72.1
343151,343875,343877,724,2,1,600,72.6
343152,343882,343885,730,3,1,600,73.3
343153,343889,343890,736,1,1,600,73.7
343155,343902,343903,747,1,1,600,74.8
343156,343909,343910,753,1,1,600,75.4
343217,343915,343916,698,1,1,600,69.9
343219,343922,343923,703,1,1,600,70.4
343220,343929,343931,709,2,1,600,71.1
343223,343944,343945,721,1,1,600,72.2
343224,343951,343952,727,1,1,600,72.8
343226,343957,343959,731,2,1,600,73.3
343227,343964,343965,737,1,1,600,73.8
343230,343977,343978,747,1,1,600,74.8
343242,343349,348197,107,4848,5,14400,1.0220709571
343291,343983,343985,692,2,1,600,69.4
343292,343991,343992,699,1,1,600,70.0
343295,344004,344006,709,2,1,600,71.1
343298,344018,344020,720,2,1,600,72.2
343299,344026,344027,727,1,1,600,72.8
343301,344032,344033,731,1,1,600,73.2
343302,344039,344040,737,1,1,600,73.8
343303,344046,344048,743,2,1,600,74.5
343345,343389,348301,44,4912,5,14400,1.00895765472
343365,344053,344054,688,1,1,600,68.9
343366,344060,344061,694,1,1,600,69.5
343367,344067,344069,700,2,1,600,70.2
343369,344074,344075,705,1,1,600,70.6
343370,344080,344085,710,5,1,600,71.5
343371,344087,344090,716,3,1,600,71.9
343373,344097,344099,724,2,1,600,72.6
343374,344104,344105,730,1,1,600,73.1
343375,344110,344111,735,1,1,600,73.6
343377,344122,344133,745,11,1,600,68.7272727273
343386,343708,348758,322,5050,5,14400,1.06376237624
343438,344128,344142,690,14,1,600,50.2857142857
343440,344145,344147,705,2,1,600,70.7
343442,344161,344163,719,2,1,600,72.1
343444,344168,344169,724,1,1,600,72.5
343445,344174,344176,729,2,1,600,73.1
343446,344181,344182,735,1,1,600,73.6
343448,344188,344190,740,2,1,600,74.2
343450,344202,344205,752,3,1,600,75.5
343512,344208,344211,696,3,1,600,69.9
343513,344216,344228,703,12,1,600,59.5833333333
343515,344224,344226,709,2,1,600,71.1
343516,344238,344239,722,1,1,600,72.3
343517,344245,344246,728,1,1,600,72.9
343519,344252,344254,733,2,1,600,73.5
343520,344263,344265,743,2,1,600,74.5
343521,344270,344272,749,2,1,600,75.1
343523,344278,344281,755,3,1,600,75.8
343584,344284,344286,700,2,1,600,70.2
343586,344299,344301,713,2,1,600,71.5
343587,344304,344306,717,2,1,600,71.9
343590,344320,344321,730,1,1,600,73.1
343591,344326,344328,735,2,1,600,73.7
343592,344333,344335,741,2,1,600,74.3
343594,344341,344342,747,1,1,600,74.8
343595,344348,344349,753,1,1,600,75.4
343596,344355,344361,759,6,1,600,76.5
343598,344362,344363,764,1,1,600,76.5
343659,344372,344373,713,1,1,600,71.4
343660,344379,344381,719,2,1,600,72.1
343662,344386,344389,724,3,1,600,72.7
343663,344394,344395,731,1,1,600,73.2
343665,344400,344401,735,1,1,600,73.6
343666,344406,344408,740,2,1,600,74.2
343667,344412,344414,745,2,1,600,74.7
343669,344419,344421,750,2,1,600,75.2
343670,344426,344428,756,2,1,600,75.8
343671,344434,344435,763,1,1,600,76.4
343705,343897,348726,192,4829,5,14400,1.03975978463
343733,344440,344442,707,2,1,600,70.9
343734,344448,344449,714,1,1,600,71.5
343735,344455,344456,720,1,1,600,72.1
343737,344462,344463,725,1,1,600,72.6
343738,344468,344470,730,2,1,600,73.2
343739,344475,344477,736,2,1,600,73.8
343741,344482,344483,741,1,1,600,74.2
343742,344488,344489,746,1,1,600,74.7
343743,344496,344497,753,1,1,600,75.4
343750,344697,346118,947,1421,8,6000,1.66643209008
343805,344502,344504,697,2,1,600,69.9
343806,344509,344511,703,2,1,600,70.5
343810,344530,344532,720,2,1,600,72.2
343812,344537,344539,725,2,1,600,72.7
343813,344543,344544,730,1,1,600,73.1
343815,344550,344552,735,2,1,600,73.7
343876,344558,344560,682,2,1,600,68.4
343877,344565,344567,688,2,1,600,69.0
343879,344573,344574,694,1,1,600,69.5
343880,344580,344581,700,1,1,600,70.1
343881,344587,344588,706,1,1,600,70.7
343883,344593,344595,710,2,1,600,71.2
343884,344601,344602,717,1,1,600,71.8
343886,344613,344614,727,1,1,600,72.8
343887,344620,344621,733,1,1,600,73.4
343888,344627,344628,739,1,1,600,74.0
343901,344116,348934,215,4818,5,14400,1.04462432545
343950,344633,344634,683,1,1,600,68.4
343951,344641,344642,690,1,1,600,69.1
343952,344647,344649,695,2,1,600,69.7
343954,344655,344656,701,1,1,600,70.2
343955,344661,344664,706,3,1,600,70.9
343956,344668,344671,712,3,1,600,71.5
343958,344676,344678,718,2,1,600,72.0
343959,344683,344685,724,2,1,600,72.6
343960,344690,344691,730,1,1,600,73.1
343962,344703,344705,741,2,1,600,74.3
344023,344718,344719,695,1,1,600,69.6
344025,344730,344732,705,2,1,600,70.7
344026,344743,344747,717,4,1,600,72.1
344027,344759,344760,732,1,1,600,73.3
344029,344771,344773,742,2,1,600,74.4
344030,344784,344786,754,2,1,600,75.6
344031,344797,344799,766,2,1,600,76.8
344033,344811,344812,778,1,1,600,77.9
344034,344823,344825,789,2,1,600,79.1
344037,344848,344850,811,2,1,600,81.3
344038,344862,344863,824,1,1,600,82.5
344100,344874,344876,774,2,1,600,77.6
344101,344887,344889,786,2,1,600,78.8
344102,344901,344902,799,1,1,600,80.0
344104,344913,344916,809,3,1,600,81.2
344105,344927,344929,822,2,1,600,82.4
344108,344952,344962,844,10,1,600,85.4
344109,344974,344975,865,1,1,600,86.6
344110,344987,344988,877,1,1,600,87.8
344112,345000,345001,888,1,1,600,88.9
344117,344258,349193,141,4935,5,14400,1.02857142857
344173,345013,345015,840,2,1,600,84.2
344175,345032,345034,857,2,1,600,85.9
344177,345057,345058,880,1,1,600,88.1
344179,345069,345078,890,9,1,600,89.9
344180,345090,345091,910,1,1,600,91.1
344182,345103,345104,921,1,1,600,92.2
344183,345115,345117,932,2,1,600,93.4
344244,345128,345130,884,2,1,600,88.6
344246,345141,345143,895,2,1,600,89.7
344247,345155,345156,908,1,1,600,90.9
344251,345193,345195,942,2,1,600,94.4
344254,345219,345220,965,1,1,600,96.6
344255,345231,345232,976,1,1,600,97.7
344261,344292,349141,31,4849,5,14400,1.00639307074
344292,344751,349587,459,4836,5,14400,1.09491315136
344317,345244,345245,927,1,1,600,92.8
344318,345256,345258,938,2,1,600,94.0
344319,345269,345271,950,2,1,600,95.2
344321,345282,345284,961,2,1,600,96.3
344322,345295,345298,973,3,1,600,97.6
344325,345322,345324,997,2,1,600,99.9
344326,345336,345337,1010,1,1,600,101.1
344327,345348,345350,1021,2,1,600,102.3
344389,345361,345363,972,2,1,600,97.4
344390,345374,345375,984,1,1,600,98.5
344391,345386,345387,995,1,1,600,99.6
344394,345411,345412,1017,1,1,600,101.8
344395,345423,345426,1028,3,1,600,103.1
344397,345437,345439,1040,2,1,600,104.2
344398,345451,345452,1053,1,1,600,105.4
344399,345463,345467,1064,4,1,600,106.8
344401,345478,345487,1077,9,1,600,108.6
344462,345498,345500,1036,2,1,600,103.8
344464,345511,345513,1047,2,1,600,104.9
344465,345524,345528,1059,4,1,600,106.3
344466,345540,345541,1074,1,1,600,107.5
344468,345552,345554,1084,2,1,600,108.6
344469,345565,345573,1096,8,1,600,110.4
344470,345584,345587,1114,3,1,600,111.7
344472,345598,345600,1126,2,1,600,112.8
344473,345614,345615,1141,1,1,600,114.2
344474,345626,345627,1152,1,1,600,115.3
344476,345638,345639,1162,1,1,600,116.3
344537,345651,345653,1114,2,1,600,111.6
344538,345664,345678,1126,14,1,600,81.4285714286
344540,345689,345691,1149,2,1,600,115.1
344541,345702,345704,1161,2,1,600,116.3
344542,345716,345717,1174,1,1,600,117.5
344544,345731,345733,1187,2,1,600,118.9
344546,345757,345760,1211,3,1,600,121.4
344548,345771,345773,1223,2,1,600,122.5
344549,345784,345791,1235,7,1,600,124.2
344550,345802,345805,1252,3,1,600,125.5
344612,345818,345820,1206,2,1,600,120.8
344613,345833,345834,1220,1,1,600,122.1
344613,345174,346615,561,1441,8,6000,1.3893129771
344614,345845,345846,1231,1,1,600,123.2
344616,345857,345864,1241,7,1,600,124.8
344617,345865,345868,1248,3,1,600,125.1
344618,345870,345873,1252,3,1,600,125.5
344621,345884,345885,1263,1,1,600,126.4
344622,345891,345893,1269,2,1,600,127.1
344684,345896,345897,1212,1,1,600,121.3
344685,345903,345905,1218,2,1,600,122.0
344686,345909,345911,1223,2,1,600,122.5
344688,345915,345916,1227,1,1,600,122.8
344689,345921,345923,1232,2,1,600,123.4
344690,345928,345930,1238,2,1,600,124.0
344692,345933,345934,1241,1,1,600,124.2
344693,345939,345940,1246,1,1,600,124.7
344694,345946,345947,1252,1,1,600,125.3
344695,346041,347467,1346,1426,8,6000,1.94389901823
344696,345952,345977,1256,25,1,600,51.24
344697,345958,345960,1261,2,1,600,126.3
344755,345026,349941,271,4915,5,14400,1.05513733469
344759,345963,345965,1204,2,1,600,120.6
344760,345971,345973,1211,2,1,600,121.3
344761,345977,345979,1216,2,1,600,121.8
344763,345985,345986,1222,1,1,600,122.3
344824,345991,345993,1167,2,1,600,116.9
344826,345997,345999,1171,2,1,600,117.3
344827,346004,346005,1177,1,1,600,117.8
344828,346011,346012,1183,1,1,600,118.4
344830,346016,346018,1186,2,1,600,118.8
344831,346022,346024,1191,2,1,600,119.3
344892,346029,346030,1137,1,1,600,113.8
344894,346034,346037,1140,3,1,600,114.3
344895,346047,346049,1152,2,1,600,115.4
344896,346053,346055,1157,2,1,600,115.9
344898,346066,346068,1168,2,1,600,117.0
344961,346079,346082,1118,3,1,600,112.1
344963,346094,346096,1131,2,1,600,113.3
345022,345083,350031,61,4948,5,14400,1.01232821342
345025,346101,346105,1076,4,1,600,108.0
345026,346107,346108,1081,1,1,600,108.2
345027,346117,346122,1090,5,1,600,109.5
345029,346124,346125,1095,1,1,600,109.6
345030,346136,346137,1106,1,1,600,110.7
345085,345572,350546,487,4974,5,14400,1.09790912746
345092,346142,346144,1050,2,1,600,105.2
345093,346148,346149,1055,1,1,600,105.6
345094,346154,346156,1060,2,1,600,106.2
345096,346167,346168,1071,1,1,600,107.2
345097,346173,346175,1076,2,1,600,107.8
345160,346187,346189,1027,2,1,600,102.9
345161,346194,346195,1033,1,1,600,103.4
345162,346200,346201,1038,1,1,600,103.9
345164,346207,346209,1043,2,1,600,104.5
345178,346130,347623,952,1493,8,6000,1.63764233088
345225,346219,346220,994,1,1,600,99.5
345226,346231,346232,1005,1,1,600,100.6
345228,346238,346239,1010,1,1,600,101.1
345229,346245,346246,1016,1,1,600,101.7
345230,346252,346253,1022,1,1,600,102.3
345292,346258,346260,966,2,1,600,96.8
345293,346266,346267,973,1,1,600,97.4
345294,346272,346274,978,2,1,600,98.0
345295,346279,346280,984,1,1,600,98.5
345297,346285,346287,988,2,1,600,99.0
345359,346299,346300,940,1,1,600,94.1
345361,346305,346306,944,1,1,600,94.5
345362,346311,346313,949,2,1,600,95.1
345363,346318,346320,955,2,1,600,95.7
345425,346325,346328,900,3,1,600,90.3
345426,346332,346333,906,1,1,600,90.7
345427,346339,346341,912,2,1,600,91.4
345428,346345,346346,917,1,1,600,91.8
345430,346353,346354,923,1,1,600,92.4
345431,346360,346361,929,1,1,600,93.0
345492,346366,346368,874,2,1,600,87.6
345494,346372,346374,878,2,1,600,88.0
345495,346379,346381,884,2,1,600,88.6
345496,346386,346388,890,2,1,600,89.2
345558,346393,346399,835,6,1,600,84.1
345559,346399,346401,840,2,1,600,84.2
345560,346411,346412,851,1,1,600,85.2
345561,346417,346419,856,2,1,600,85.8
345563,346424,346425,861,1,1,600,86.2
345578,345608,350543,30,4935,5,14400,1.00607902736
345609,345725,350627,116,4902,5,14400,1.02366381069
345624,346431,346434,807,3,1,600,81.0
345625,346437,346439,812,2,1,600,81.4
345627,346445,346447,818,2,1,600,82.0
345689,346459,346461,770,2,1,600,77.2
345690,346465,346466,775,1,1,600,77.6
345692,346473,346474,781,1,1,600,78.2
345693,346479,346480,786,1,1,600,78.7
345723,345791,350700,68,4909,5,14400,1.01385210837
345754,346485,346487,731,2,1,600,73.3
345756,346492,346493,736,1,1,600,73.7
345757,346499,346520,742,21,1,600,36.3333333333
345758,346505,346508,747,3,1,600,75.0
345760,346524,346527,764,3,1,600,76.7
345795,346059,350951,264,4892,5,14400,1.05396565822
345821,346529,346531,708,2,1,600,71.0
345822,346537,346541,715,4,1,600,71.9
345823,346542,346544,719,2,1,600,72.1
345825,346548,346550,723,2,1,600,72.5
345826,346554,346557,728,3,1,600,73.1
345887,346560,346562,673,2,1,600,67.5
345890,346573,346579,683,6,1,600,68.9
345891,346578,346579,687,1,1,600,68.8
345893,346585,346589,692,4,1,600,69.6
345894,346590,346591,696,1,1,600,69.7
345895,346597,346598,702,1,1,600,70.3
345959,346614,346616,655,2,1,600,65.7
345961,346620,346621,659,1,1,600,66.0
345963,346631,346633,668,2,1,600,67.0
345966,346649,346650,683,1,1,600,68.4
345967,346662,346663,695,1,1,600,69.6
345970,346676,346677,706,1,1,600,70.7
345971,346682,346684,711,2,1,600,71.3
346032,346689,346692,657,3,1,600,66.0
346033,346695,346697,662,2,1,600,66.4
346035,346705,346707,670,2,1,600,67.2
346036,346712,346714,676,2,1,600,67.8
346037,346719,346731,682,12,1,600,57.8333333333
346039,346657,348063,618,1406,8,6000,1.43954480797
346039,346725,346731,686,6,1,600,69.2
346040,347633,347634,1593,1,1,600,159.4
346041,347638,347670,1597,32,1,600,50.90625
346042,347643,347645,1601,2,1,600,160.3
346044,347649,347651,1605,2,1,600,160.7
346045,347661,347663,1616,2,1,600,161.8
346046,347668,347669,1622,1,1,600,162.3
346062,346162,351148,100,4986,5,14400,1.02005615724
346108,347673,347675,1565,2,1,600,156.7
346109,347679,347683,1570,4,1,600,157.4
346110,347686,347687,1576,1,1,600,157.7
346112,347691,347693,1579,2,1,600,158.1
346113,347697,347698,1584,1,1,600,158.5
346114,347704,347706,1590,2,1,600,159.2
346116,347709,347710,1593,1,1,600,159.4
346117,347715,347717,1598,2,1,600,160.0
346118,347721,347723,1603,2,1,600,160.5
346132,347478,348877,1346,1399,8,6000,1.962115797
346165,346214,351127,49,4913,5,14400,1.00997353959
346180,347728,347732,1548,4,1,600,155.2
346181,347733,347734,1552,1,1,600,155.3
346182,347740,347747,1558,7,1,600,156.5
346183,347745,347746,1562,1,1,600,156.3
346185,347752,347753,1567,1,1,600,156.8
346186,347757,347758,1571,1,1,600,157.2
346187,347764,347765,1577,1,1,600,157.8
346189,347769,347778,1580,9,1,600,158.9
346190,347776,347778,1586,2,1,600,158.8
346217,346225,351121,8,4896,5,14400,1.00163398693
346228,346743,351712,515,4969,5,14400,1.10364258402
346252,347781,347787,1529,6,1,600,153.5
346253,347787,347788,1534,1,1,600,153.5
346255,347800,347802,1545,2,1,600,154.7
346257,347807,347808,1550,1,1,600,155.1
346258,347812,347815,1554,3,1,600,155.7
346259,347817,347826,1558,9,1,600,156.7
346261,347824,347825,1563,1,1,600,156.4
346323,347836,347838,1513,2,1,600,151.5
346325,347841,347843,1516,2,1,600,151.8
346326,347849,347851,1523,2,1,600,152.5
346327,347854,347855,1527,1,1,600,152.8
346328,347860,347865,1532,5,1,600,153.7
346330,347866,347867,1536,1,1,600,153.7
346331,347872,347885,1541,13,1,600,119.538461538
346335,347890,347892,1555,2,1,600,155.7
346336,347896,347898,1560,2,1,600,156.2
346399,347907,347908,1508,1,1,600,150.9
346400,347913,347916,1513,3,1,600,151.6
346401,347919,347920,1518,1,1,600,151.9
346403,347924,347926,1521,2,1,600,152.3
346404,347931,347933,1527,2,1,600,152.9
346405,347936,347960,1531,24,1,600,64.7916666667
346409,347954,347956,1545,2,1,600,154.7
346410,347960,347961,1550,1,1,600,155.1
346472,347966,347967,1494,1,1,600,149.5
346473,347974,347975,1501,1,1,600,150.2
346474,347979,347981,1505,2,1,600,150.7
346476,347984,347987,1508,3,1,600,151.1
346477,347996,347998,1519,2,1,600,152.1
346478,348001,348002,1523,1,1,600,152.4
346479,348009,348016,1530,7,1,600,153.7
346481,348014,348015,1533,1,1,600,153.4
346482,348020,348022,1538,2,1,600,154.0
346483,348026,348028,1543,2,1,600,154.5
346545,348032,348034,1487,2,1,600,148.9
346546,348038,348043,1492,5,1,600,149.7
346547,348045,348056,1498,11,1,600,137.181818182
346548,348050,348053,1502,3,1,600,150.5
346551,348062,348064,1511,2,1,600,151.3
346552,348068,348069,1516,1,1,600,151.7
346554,348074,348075,1520,1,1,600,152.1
346555,348079,348081,1524,2,1,600,152.6
346556,348091,348092,1535,1,1,600,153.6
346618,348096,348098,1478,2,1,600,148.0
346619,348104,348111,1485,7,1,600,149.2
346620,348109,348110,1489,1,1,600,149.0
346621,348114,348116,1493,2,1,600,149.5
346623,348120,348122,1497,2,1,600,149.9
346624,348134,348137,1510,3,1,600,151.3
346625,348148,348149,1523,1,1,600,152.4
346627,348161,348163,1534,2,1,600,153.6
346628,348175,348176,1547,1,1,600,154.8
346629,348187,348201,1558,14,1,600,112.285714286
346631,348215,348217,1584,2,1,600,158.6
346632,348229,348231,1597,2,1,600,159.9
346633,348243,348244,1610,1,1,600,161.1
346656,347656,349079,1000,1423,8,6000,1.70274068869
346695,348256,348260,1561,4,1,600,156.5
346696,348272,348273,1576,1,1,600,157.7
346698,348284,348286,1586,2,1,600,158.8
346699,348297,348299,1598,2,1,600,160.0
346700,348310,348312,1610,2,1,600,161.2
346701,348323,348324,1622,1,1,600,162.3
346703,348336,348338,1633,2,1,600,163.5
346705,348362,348363,1657,1,1,600,165.8
346741,346842,351832,101,4990,5,14400,1.02024048096
346767,348376,348377,1609,1,1,600,161.0
346768,348388,348390,1620,2,1,600,162.2
346769,348401,348403,1632,2,1,600,163.4
346771,348414,348416,1643,2,1,600,164.5
346844,346962,351828,118,4866,5,14400,1.02424989725
346958,347114,351919,156,4805,5,14400,1.03246618106
347112,347991,352986,879,4995,5,14400,1.17597597598
347477,348086,349508,609,1422,8,6000,1.42827004219
347652,348127,349534,475,1407,8,6000,1.33759772566
347673,348427,348429,754,2,1,600,75.6
347675,348440,348442,765,2,1,600,76.7
347676,348453,348454,777,1,1,600,77.8
347678,348466,348467,788,1,1,600,78.9
347679,348478,348480,799,2,1,600,80.1
347682,348504,348505,822,1,1,600,82.3
347743,348516,348518,773,2,1,600,77.5
347744,348529,348531,785,2,1,600,78.7
347746,348542,348543,796,1,1,600,79.7
347747,348555,348562,808,7,1,600,81.5
347749,348573,348574,824,1,1,600,82.5
347750,348585,348586,835,1,1,600,83.6
347751,348597,348600,846,3,1,600,84.9
347753,348611,348612,858,1,1,600,85.9
347754,348624,348625,870,1,1,600,87.1
347755,348636,348638,881,2,1,600,88.3
347757,348649,348651,892,2,1,600,89.4
347758,348662,348663,904,1,1,600,90.5
347759,348675,348677,916,2,1,600,91.8
347821,348689,348695,868,6,1,600,87.4
347824,348719,348721,895,2,1,600,89.7
347825,348733,348739,908,6,1,600,91.4
347826,348751,348752,925,1,1,600,92.6
347828,348764,348765,936,1,1,600,93.7
347829,348777,348778,948,1,1,600,94.9
347830,348789,348791,959,2,1,600,96.1
347831,348803,348804,972,1,1,600,97.3
347833,348816,348817,983,1,1,600,98.4
347835,348841,348848,1006,7,1,600,101.3
347837,348860,348861,1023,1,1,600,102.4
347898,348872,348874,974,2,1,600,97.6
347900,348887,348888,987,1,1,600,98.8
347901,348900,348901,999,1,1,600,100.0
347902,348912,348913,1010,1,1,600,101.1
347904,348924,348926,1020,2,1,600,102.2
347905,348938,348939,1033,1,1,600,103.4
347906,348953,348954,1047,1,1,600,104.8
347909,348966,348967,1057,1,1,600,105.8
347910,348978,348981,1068,3,1,600,107.1
347911,348992,348994,1081,2,1,600,108.3
347913,349006,349007,1093,1,1,600,109.4
347914,349018,349021,1104,3,1,600,110.7
347916,349032,349033,1116,1,1,600,111.7
347980,349068,349069,1088,1,1,600,108.9
347981,349080,349082,1099,2,1,600,110.1
347982,349097,349100,1115,3,1,600,111.8
347984,349111,349113,1127,2,1,600,112.9
347985,349125,349126,1140,1,1,600,114.1
347987,349137,349139,1150,2,1,600,115.2
347988,349150,349151,1162,1,1,600,116.3
347990,349164,349165,1174,1,1,600,117.5
347991,349177,349178,1186,1,1,600,118.7
347993,349189,349190,1196,1,1,600,119.7
347994,349202,349203,1208,1,1,600,120.9
347995,348209,353063,214,4854,5,14400,1.04408735064
348055,349215,349218,1160,3,1,600,116.3
348057,349230,349231,1173,1,1,600,117.4
348058,349242,349245,1184,3,1,600,118.7
348059,349258,349259,1199,1,1,600,120.0
348061,349270,349271,1209,1,1,600,121.0
348062,349283,349284,1221,1,1,600,122.2
348064,349295,349297,1231,2,1,600,123.3
348065,349309,349310,1244,1,1,600,124.5
348066,349321,349323,1255,2,1,600,125.7
348068,349335,349346,1267,11,1,600,116.181818182
348070,349369,349371,1299,2,1,600,130.1
348083,348894,350299,811,1405,8,6000,1.57722419929
348125,349090,350504,965,1414,8,6000,1.68246110325
348132,349382,349383,1250,1,1,600,125.1
348133,349394,349397,1261,3,1,600,126.4
348134,349409,349410,1275,1,1,600,127.6
348136,349422,349423,1286,1,1,600,128.7
348137,349435,349436,1298,1,1,600,129.9
348138,349448,349449,1310,1,1,600,131.1
348140,349460,349463,1320,3,1,600,132.3
348141,349474,349476,1333,2,1,600,133.5
348142,349488,349490,1346,2,1,600,134.8
348144,349502,349503,1358,1,1,600,135.9
348205,349514,349516,1309,2,1,600,131.1
348206,349528,349531,1322,3,1,600,132.5
348208,349543,349544,1335,1,1,600,133.6
348209,349556,349558,1347,2,1,600,134.9
348211,348317,353215,106,4898,5,14400,1.02164148632
348271,349569,349571,1298,2,1,600,130.0
348272,349582,349584,1310,2,1,600,131.2
348273,349595,349597,1322,2,1,600,132.4
348275,349609,349611,1334,2,1,600,133.6
348314,348740,353652,426,4912,5,14400,1.08672638436
348336,349622,349624,1286,2,1,600,128.8
348337,349635,349637,1298,2,1,600,130.0
348340,349660,349661,1320,1,1,600,132.1
348341,349673,349675,1332,2,1,600,133.4
348403,349686,349687,1283,1,1,600,128.4
348404,349698,349700,1294,2,1,600,129.6
348405,349711,349716,1306,5,1,600,131.1
348407,349727,349728,1320,1,1,600,132.1
348408,349739,349741,1331,2,1,600,133.3
348409,349752,349754,1343,2,1,600,134.5
348471,349766,349767,1295,1,1,600,129.6
348472,349778,349779,1306,1,1,600,130.7
348474,349790,349792,1316,2,1,600,131.8
348475,349803,349805,1328,2,1,600,133.0
348476,349816,349824,1340,8,1,600,134.8
348538,349835,349838,1297,3,1,600,130.0
348539,349849,349851,1310,2,1,600,131.2
348540,349863,349865,1323,2,1,600,132.5
348542,349876,349878,1334,2,1,600,133.6
348543,349891,349892,1348,1,1,600,134.9
348604,349903,349904,1299,1,1,600,130.0
348606,349916,349918,1310,2,1,600,131.2
348607,349930,349938,1323,8,1,600,133.1
348608,349949,349951,1341,2,1,600,134.3
348610,349963,349964,1353,1,1,600,135.4
348671,349975,349976,1304,1,1,600,130.5
348672,349987,349991,1315,4,1,600,131.9
348674,350002,350003,1328,1,1,600,132.9
348675,350014,350016,1339,2,1,600,134.1
348676,350027,350028,1351,1,1,600,135.2
348738,350040,350041,1302,1,1,600,130.3
348739,350053,350055,1314,2,1,600,131.6
348741,350066,350067,1325,1,1,600,132.6
348742,350078,350088,1336,10,1,600,134.6
348745,348771,353601,26,4830,5,14400,1.00538302277
348766,348946,353858,180,4912,5,14400,1.03664495114
348803,350099,350105,1296,6,1,600,130.2
348805,350116,350118,1311,2,1,600,131.3
348806,350129,350131,1323,2,1,600,132.5
348807,350142,350144,1335,2,1,600,133.7
348809,350155,350158,1346,3,1,600,134.9
348810,350169,350171,1359,2,1,600,136.1
348871,350182,350183,1311,1,1,600,131.2
348873,350195,350197,1322,2,1,600,132.4
348874,350208,350211,1334,3,1,600,133.7
348875,350222,350229,1347,7,1,600,135.4
348894,349521,350928,627,1407,8,6000,1.44562899787
348937,350241,350244,1304,3,1,600,130.7
348938,350256,350257,1318,1,1,600,131.9
348940,350269,350270,1329,1,1,600,133.0
348941,349158,354050,217,4892,5,14400,1.04435813573
348941,350281,350283,1340,2,1,600,134.2
348942,350294,350295,1352,1,1,600,135.3
349004,350307,350308,1303,1,1,600,130.4
349005,350319,350321,1314,2,1,600,131.6
349006,350332,350333,1326,1,1,600,132.7
349009,350356,350366,1347,10,1,600,135.7
349070,350378,350379,1308,1,1,600,130.9
349071,350390,350392,1319,2,1,600,132.1
349073,350403,350406,1330,3,1,600,133.3
349074,350417,350419,1343,2,1,600,134.5
349075,350431,350433,1356,2,1,600,135.8
349076,350444,350446,1368,2,1,600,137.0
349089,349549,350964,460,1415,8,6000,1.32508833922
349138,350457,350459,1319,2,1,600,132.1
349139,350470,350478,1331,8,1,600,133.9
349140,350489,350491,1349,2,1,600,135.1
349142,350503,350510,1361,7,1,600,136.8
349157,349209,354043,52,4834,5,14400,1.01075713695
349204,350522,350524,1318,2,1,600,132.0
349206,350536,350537,1330,1,1,600,133.1
349207,350548,350550,1341,2,1,600,134.3
349208,350568,350569,1360,1,1,600,136.1
349209,349603,354425,394,4822,5,14400,1.08170883451
349210,350580,350582,1370,2,1,600,137.2
349211,350594,350595,1383,1,1,600,138.4
349272,350606,350607,1334,1,1,600,133.5
349275,350631,350632,1356,1,1,600,135.7
349277,350646,350648,1369,2,1,600,137.1
349278,350661,350663,1383,2,1,600,138.5
349339,350674,350676,1335,2,1,600,133.7
349341,350687,350689,1346,2,1,600,134.8
349342,350700,350703,1358,3,1,600,136.1
349343,350720,350721,1377,1,1,600,137.8
349405,350734,350735,1329,1,1,600,133.0
349406,350746,350747,1340,1,1,600,134.1
349409,350771,350772,1362,1,1,600,136.3
349410,350784,350787,1374,3,1,600,137.7
349471,350798,350800,1327,2,1,600,132.9
349473,350811,350813,1338,2,1,600,134.0
349474,350825,350826,1351,1,1,600,135.2
349475,350837,350839,1362,2,1,600,136.4
349477,350851,350857,1374,6,1,600,138.0
349521,350313,351741,792,1428,8,6000,1.55462184874
349539,350881,350882,1342,1,1,600,134.3
349541,350894,350895,1353,1,1,600,135.4
349542,350906,350908,1364,2,1,600,136.6
349543,350919,350921,1376,2,1,600,137.8
349552,350515,351917,963,1402,8,6000,1.68687589158
349599,349956,355027,357,5071,5,14400,1.07040031552
349605,350933,350935,1328,2,1,600,133.0
349606,350946,350948,1340,2,1,600,134.2
349607,350959,350961,1352,2,1,600,135.4
349608,350973,350975,1365,2,1,600,136.7
349610,350986,350988,1376,2,1,600,137.8
349671,350999,351001,1328,2,1,600,133.0
349672,351012,351014,1340,2,1,600,134.2
349674,351026,351027,1352,1,1,600,135.3
349675,351038,351040,1363,2,1,600,136.5
349676,351051,351053,1375,2,1,600,137.7
349738,351064,351068,1326,4,1,600,133.0
349739,351079,351081,1340,2,1,600,134.2
349740,351093,351096,1353,3,1,600,135.6
349741,351108,351109,1367,1,1,600,136.8
349743,351120,351121,1377,1,1,600,137.8
349804,351138,351139,1334,1,1,600,133.5
349805,351151,351153,1346,2,1,600,134.8
349807,351167,351169,1360,2,1,600,136.2
349809,351194,351195,1385,1,1,600,138.6
349810,351207,351208,1397,1,1,600,139.8
349872,351220,351221,1348,1,1,600,134.9
349873,351233,351234,1360,1,1,600,136.1
349874,351246,351247,1372,1,1,600,137.3
349876,351258,351261,1382,3,1,600,138.5
349937,351272,351275,1335,3,1,600,133.8
349938,351287,351288,1349,1,1,600,135.0
349940,351300,351301,1360,1,1,600,136.1
349941,351313,351316,1372,3,1,600,137.5
349959,350046,355004,87,4958,5,14400,1.01754739814
350002,351328,351329,1326,1,1,600,132.7
350003,351340,351342,1337,2,1,600,133.9
350006,351367,351369,1361,2,1,600,136.3
350007,351381,351382,1374,1,1,600,137.5
350009,351393,351395,1384,2,1,600,138.6
350052,350556,355461,504,4905,5,14400,1.10275229358
350070,351409,351412,1339,3,1,600,134.2
350071,351423,351425,1352,2,1,600,135.4
350072,351436,351439,1364,3,1,600,136.7
350074,351451,351453,1377,2,1,600,137.9
350075,351464,351466,1389,2,1,600,139.1
350136,351482,351484,1346,2,1,600,134.8
350138,351496,351497,1358,1,1,600,135.9
350139,351509,351511,1370,2,1,600,137.2
350140,351524,351525,1384,1,1,600,138.5
350202,351536,351538,1334,2,1,600,133.6
350203,351549,351551,1346,2,1,600,134.8
350204,351563,351564,1359,1,1,600,136.0
350205,351575,351577,1370,2,1,600,137.2
350207,351588,351590,1381,2,1,600,138.3
350268,351601,351606,1333,5,1,600,133.8
350269,351618,351620,1349,2,1,600,135.1
350271,351632,351633,1361,1,1,600,136.2
350311,350939,352346,628,1407,8,6000,1.44633972992
350333,351657,351658,1324,1,1,600,132.5
350335,351669,351671,1334,2,1,600,133.6
350336,351682,351684,1346,2,1,600,134.8
350337,351695,351696,1358,1,1,600,135.9
350338,351708,351709,1370,1,1,600,137.1
350340,351720,351722,1380,2,1,600,138.2
350401,351734,351736,1333,2,1,600,133.5
350402,351749,351750,1347,1,1,600,134.8
350404,351762,351766,1358,4,1,600,136.2
350405,351777,351785,1372,8,1,600,138.0
350466,351796,351797,1330,1,1,600,133.1
350468,351808,351810,1340,2,1,600,134.2
350469,351822,351825,1353,3,1,600,135.6
350470,351836,351838,1366,2,1,600,136.8
350472,351851,351852,1379,1,1,600,138.0
350517,350980,352386,463,1406,8,6000,1.3293029872
350533,351864,351865,1331,1,1,600,133.2
350534,351877,351878,1343,1,1,600,134.4
350536,351891,351892,1355,1,1,600,135.6
350555,350562,355416,7,4854,5,14400,1.0014421096
350566,350639,355549,73,4910,5,14400,1.01486761711
350598,351915,351916,1317,1,1,600,131.8
350601,351947,351949,1346,2,1,600,134.8
350602,351960,351963,1358,3,1,600,136.1
350603,351975,351977,1372,2,1,600,137.4
350638,350712,355636,74,4924,5,14400,1.01502843217
350665,351989,351990,1324,1,1,600,132.5
350666,352002,352004,1336,2,1,600,133.8
350667,352016,352017,1349,1,1,600,135.0
350669,352028,352029,1359,1,1,600,136.0
350710,350966,356014,256,5048,5,14400,1.05071315372
350731,352053,352054,1322,1,1,600,132.3
350733,352065,352073,1332,8,1,600,134.0
350735,352096,352098,1361,2,1,600,136.3
350796,352109,352114,1313,5,1,600,131.8
350798,352126,352128,1328,2,1,600,133.0
350800,352151,352154,1351,3,1,600,135.4
350802,352165,352167,1363,2,1,600,136.5
350864,352191,352197,1327,6,1,600,133.3
350866,352208,352210,1342,2,1,600,134.4
350867,352222,352223,1355,1,1,600,135.6
350868,352234,352242,1366,8,1,600,137.4
350929,352253,352255,1324,2,1,600,132.6
350931,352266,352269,1335,3,1,600,133.8
350932,352281,352282,1349,1,1,600,135.0
350933,352293,352295,1360,2,1,600,136.2
350935,352306,352308,1371,2,1,600,137.3
350937,351755,353191,818,1436,8,6000,1.56963788301
350968,351132,356067,164,4935,5,14400,1.03323201621
350979,351844,353271,865,1427,8,6000,1.60616678346
350996,352321,352324,1325,3,1,600,132.8
350997,352337,352338,1340,1,1,600,134.1
351000,352365,352367,1365,2,1,600,136.7
351001,352378,352381,1377,3,1,600,138.0
351063,352393,352395,1330,2,1,600,133.2
351064,352405,352409,1341,4,1,600,134.5
351065,352410,352413,1345,3,1,600,134.8
351067,352417,352418,1350,1,1,600,135.1
351068,352423,352426,1355,3,1,600,135.8
351129,352430,352435,1301,5,1,600,130.6
351131,352436,352438,1305,2,1,600,130.7
351132,352442,352444,1310,2,1,600,131.2
351132,351145,355965,13,4820,5,14400,1.00269709544
351133,352449,352452,1316,3,1,600,131.9
351134,352455,352456,1321,1,1,600,132.2
351143,351160,356082,17,4922,5,14400,1.00345388054
351164,351727,356713,563,4986,5,14400,1.11291616526
351196,352461,352464,1265,3,1,600,126.8
351197,352468,352470,1271,2,1,600,127.3
351200,352479,352481,1279,2,1,600,128.1
351201,352486,352487,1285,1,1,600,128.6
351263,352491,352492,1228,1,1,600,122.9
351264,352498,352499,1234,1,1,600,123.5
351265,352505,352506,1240,1,1,600,124.1
351267,352510,352512,1243,2,1,600,124.5
351268,352516,352517,1248,1,1,600,124.9
351329,352523,352525,1194,2,1,600,119.6
351331,352529,352558,1198,29,1,600,42.3103448276
351332,352535,352538,1203,3,1,600,120.6
351333,352542,352543,1209,1,1,600,121.0
351395,352549,352551,1154,2,1,600,115.6
351396,352555,352557,1159,2,1,600,116.1
351397,352563,352564,1166,1,1,600,116.7
351399,352569,352572,1170,3,1,600,117.3
351400,352575,352577,1175,2,1,600,117.7
351401,352581,352595,1180,14,1,600,85.2857142857
351446,354440,360173,2994,5733,4,14400,1.5222396651
351463,352588,352591,1125,3,1,600,112.8
351464,352593,352595,1129,2,1,600,113.1
351465,352603,352615,1138,12,1,600,95.8333333333
351467,352609,352611,1142,2,1,600,114.4
351528,352615,352617,1087,2,1,600,108.9
351530,352622,352624,1092,2,1,600,109.4
351531,352628,352630,1097,2,1,600,109.9
351532,352634,352635,1102,1,1,600,110.3
351534,352640,352642,1106,2,1,600,110.8
351595,352647,352649,1052,2,1,600,105.4
351596,352653,352660,1057,7,1,600,106.4
351599,352666,352668,1067,2,1,600,106.9
351600,352673,352675,1073,2,1,600,107.5
351662,352678,352679,1016,1,1,600,101.7
351663,352684,352686,1021,2,1,600,102.3
351665,352691,352694,1026,3,1,600,102.9
351666,352697,352699,1031,2,1,600,103.3
351667,352703,352706,1036,3,1,600,103.9
351729,352710,352712,981,2,1,600,98.3
351730,351940,356999,210,5059,5,14400,1.04151017988
351730,352716,352719,986,3,1,600,98.9
351731,352723,352724,992,1,1,600,99.3
351733,352728,352730,995,2,1,600,99.7
351734,352734,352735,1000,1,1,600,100.1
351759,351935,353354,176,1419,8,6000,1.12403100775
351795,352740,352742,945,2,1,600,94.7
351797,352746,352747,949,1,1,600,95.0
351798,352753,352754,955,1,1,600,95.6
351799,352759,352761,960,2,1,600,96.2
351841,352358,353790,517,1432,8,6000,1.36103351955
351862,352771,352773,909,2,1,600,91.1
351863,352777,352778,914,1,1,600,91.5
351865,352783,352786,918,3,1,600,92.1
351866,352789,352790,923,1,1,600,92.4
351928,352794,352796,866,2,1,600,86.8
351929,352801,352803,872,2,1,600,87.4
351930,352806,352808,876,2,1,600,87.8
351932,352813,352814,881,1,1,600,88.2
351933,352819,352820,886,1,1,600,88.7
351934,352399,353790,465,1391,8,6000,1.33429187635
351934,352824,352826,890,2,1,600,89.2
351937,352999,357847,1062,4848,5,14400,1.21905940594
351996,352831,352832,835,1,1,600,83.6
351997,352837,352838,840,1,1,600,84.1
351998,352843,352844,845,1,1,600,84.6
352000,352848,352850,848,2,1,600,85.0
352061,352856,352858,795,2,1,600,79.7
352062,352861,352862,799,1,1,600,80.0
352064,352867,352869,803,2,1,600,80.5
352065,352875,352881,810,6,1,600,81.6
352066,352880,352882,814,2,1,600,81.6
352128,352887,352888,759,1,1,600,76.0
352129,352893,352894,764,1,1,600,76.5
352132,352905,352907,773,2,1,600,77.5
352194,352918,352920,724,2,1,600,72.6
352197,352929,352931,732,2,1,600,73.4
352198,352936,352938,738,2,1,600,74.0
352260,352941,352950,681,9,1,600,69.0
352261,352947,352949,686,2,1,600,68.8
352262,352955,352963,693,8,1,600,70.1
352264,352961,352962,697,1,1,600,69.8
352265,352966,352968,701,2,1,600,70.3
352326,352974,352976,648,2,1,600,65.0
352327,352980,352982,653,2,1,600,65.5
352330,352992,352994,662,2,1,600,66.4
352331,353004,353005,673,1,1,600,67.4
352355,353207,354615,852,1408,8,6000,1.60511363636
352393,353009,353011,616,2,1,600,61.8
352394,353016,353022,622,6,1,600,62.8
352395,353021,353022,626,1,1,600,62.7
352396,353028,353029,632,1,1,600,63.3
352397,353286,354701,889,1415,8,6000,1.62826855124
352459,353040,353041,581,1,1,600,58.2
352460,353046,353047,586,1,1,600,58.7
352462,353052,353053,590,1,1,600,59.1
352464,353064,353065,600,1,1,600,60.1
352465,353070,353071,605,1,1,600,60.6
352467,353076,353077,609,1,1,600,61.0
352468,353087,353088,619,1,1,600,62.0
352469,353093,353095,624,2,1,600,62.6
352471,353099,353105,628,6,1,600,63.4
352532,353105,353106,573,1,1,600,57.4
352535,353119,353121,584,2,1,600,58.6
352536,353124,353125,588,1,1,600,58.9
352537,353131,353132,594,1,1,600,59.5
352539,353138,353139,599,1,1,600,60.0
352540,353143,353144,603,1,1,600,60.4
352541,353149,353151,608,2,1,600,61.0
352542,353157,353158,615,1,1,600,61.6
352545,353169,353170,624,1,1,600,62.5
352606,353175,353177,569,2,1,600,57.1
352608,353181,353182,573,1,1,600,57.4
352609,353188,353191,579,3,1,600,58.2
352611,353200,353203,589,3,1,600,59.2
352613,353212,353213,599,1,1,600,60.0
352614,353218,353219,604,1,1,600,60.5
352615,353224,353234,609,10,1,600,61.9
352617,353229,353242,612,13,1,600,48.0769230769
352618,353241,353242,623,1,1,600,62.4
352620,353255,353256,635,1,1,600,63.6
352684,353274,353282,590,8,1,600,59.8
352686,353279,353280,593,1,1,600,59.4
352687,353291,353292,604,1,1,600,60.5
352690,353303,353304,613,1,1,600,61.4
352691,353309,353312,618,3,1,600,62.1
352693,353321,353323,628,2,1,600,63.0
352695,353329,353330,634,1,1,600,63.5
352696,353334,353335,638,1,1,600,63.9
352757,353341,353345,584,4,1,600,58.8
352759,353348,353349,589,1,1,600,59.0
352760,353353,353355,593,2,1,600,59.5
352761,353360,353361,599,1,1,600,60.0
352763,353371,353372,608,1,1,600,60.9
352764,353377,353378,613,1,1,600,61.4
352765,353383,353386,618,3,1,600,62.1
352766,353388,353390,622,2,1,600,62.4
352768,353395,353396,627,1,1,600,62.8
352769,353402,353403,633,1,1,600,63.4
352770,353407,353408,637,1,1,600,63.8
352773,353421,353424,648,3,1,600,65.1
352834,353426,353428,592,2,1,600,59.4
352836,353433,353435,597,2,1,600,59.9
352837,353439,353442,602,3,1,600,60.5
352839,353445,353446,606,1,1,600,60.7
352840,353451,353453,611,2,1,600,61.3
352841,353458,353460,617,2,1,600,61.9
352843,353463,353465,620,2,1,600,62.2
352844,353470,353472,626,2,1,600,62.8
352845,353477,353479,632,2,1,600,63.4
352847,353483,353484,636,1,1,600,63.7
352848,353490,353492,642,2,1,600,64.4
352850,353497,353498,647,1,1,600,64.8
352851,353502,353503,651,1,1,600,65.2
352912,353508,353510,596,2,1,600,59.8
352914,353516,353517,602,1,1,600,60.3
352915,353521,353522,606,1,1,600,60.7
352916,353527,353530,611,3,1,600,61.4
352919,353539,353541,620,2,1,600,62.2
352920,353545,353547,625,2,1,600,62.7
352922,353551,353553,629,2,1,600,63.1
352923,353558,353559,635,1,1,600,63.6
352924,353564,353566,640,2,1,600,64.2
352926,353570,353571,644,1,1,600,64.5
352927,353577,353579,650,2,1,600,65.2
352989,353583,353585,594,2,1,600,59.6
352991,353595,353597,604,2,1,600,60.6
352994,353608,353610,614,2,1,600,61.6
352997,353625,353627,628,2,1,600,63.0
352998,353632,353634,634,2,1,600,63.6
353002,353650,353651,648,1,1,600,64.9
353003,353656,353657,653,1,1,600,65.4
353004,353082,358032,78,4950,5,14400,1.01575757576
353065,353662,353664,597,2,1,600,59.9
353066,353668,353670,602,2,1,600,60.4
353069,353686,353688,617,2,1,600,61.9
353070,353692,353698,622,6,1,600,62.8
353071,353699,353703,628,4,1,600,63.2
353073,353706,353707,633,1,1,600,63.4
353074,353713,353714,639,1,1,600,64.0
353075,353720,353721,645,1,1,600,64.6
353077,353725,353726,648,1,1,600,64.9
353079,353738,353739,659,1,1,600,66.0
353086,353235,358083,149,4848,5,14400,1.03073432343
353141,353744,353745,603,1,1,600,60.4
353142,353750,353751,608,1,1,600,60.9
353143,353756,353757,613,1,1,600,61.4
353145,353763,353764,618,1,1,600,61.9
353146,353768,353778,622,10,1,600,63.2
353147,353774,353776,627,2,1,600,62.9
353149,353782,353783,633,1,1,600,63.4
353150,353788,353790,638,2,1,600,64.0
353152,353796,353797,644,1,1,600,64.5
353153,353801,353802,648,1,1,600,64.9
353154,353819,353820,665,1,1,600,66.6
353207,353366,354770,159,1404,8,6000,1.11324786325
353216,353826,353827,610,1,1,600,61.1
353217,353831,353832,614,1,1,600,61.5
353218,353837,353839,619,2,1,600,62.1
353220,353845,353847,625,2,1,600,62.7
353221,353850,353851,629,1,1,600,63.0
353222,353856,353858,634,2,1,600,63.6
353224,353864,353867,640,3,1,600,64.3
353225,353869,353872,644,3,1,600,64.7
353228,353881,353883,653,2,1,600,65.5
353229,353887,353898,658,11,1,600,60.8181818182
353241,353614,358517,373,4903,5,14400,1.07607587192
353290,353808,355218,518,1410,8,6000,1.36737588652
353290,353893,353894,603,1,1,600,60.4
353292,353898,353900,606,2,1,600,60.8
353293,353904,353905,611,1,1,600,61.2
353294,353911,353913,617,2,1,600,61.9
353296,353917,353919,621,2,1,600,62.3
353297,353922,353929,625,7,1,600,63.2
353298,353929,353930,631,1,1,600,63.2
353300,353934,353935,634,1,1,600,63.5
353301,353941,353942,640,1,1,600,64.1
353302,353946,353948,644,2,1,600,64.6
353304,353952,353954,648,2,1,600,65.0
353362,353813,355226,451,1413,8,6000,1.31917905166
353367,353964,353965,597,1,1,600,59.8
353369,353976,353977,607,1,1,600,60.8
353371,353982,353983,611,1,1,600,61.2
353372,353987,353989,615,2,1,600,61.7
353373,353994,353996,621,2,1,600,62.3
353375,353999,354000,624,1,1,600,62.5
353376,354005,354007,629,2,1,600,63.1
353377,354011,354013,634,2,1,600,63.6
353379,354017,354019,638,2,1,600,64.0
353441,354030,354031,589,1,1,600,59.0
353443,354035,354038,592,3,1,600,59.5
353444,354041,354042,597,1,1,600,59.8
353445,354047,354048,602,1,1,600,60.3
353447,354053,354055,606,2,1,600,60.8
353448,354058,354068,610,10,1,600,62.0
353449,354064,354068,615,4,1,600,61.9
353453,354094,354097,641,3,1,600,64.4
353455,354102,354115,647,13,1,600,50.7692307692
353516,354108,354111,592,3,1,600,59.5
353517,354123,354124,606,1,1,600,60.7
353519,354129,354135,610,6,1,600,61.6
353520,354135,354136,615,1,1,600,61.6
353521,354146,354148,625,2,1,600,62.7
353523,354154,354156,631,2,1,600,63.3
353524,354160,354162,636,2,1,600,63.8
353525,354168,354170,643,2,1,600,64.5
353527,354175,354176,648,1,1,600,64.9
353528,354182,354191,654,9,1,600,66.3
353529,354189,354190,660,1,1,600,66.1
353531,354202,354212,671,10,1,600,68.1
353592,354207,354208,615,1,1,600,61.6
353594,354220,354222,626,2,1,600,62.8
353595,354227,354228,632,1,1,600,63.3
353596,354234,354243,638,9,1,600,64.7
353598,354241,354242,643,1,1,600,64.4
353599,354253,354264,654,11,1,600,60.4545454545
353600,354261,354262,661,1,1,600,66.2
353602,354274,354280,672,6,1,600,67.8
353603,354281,354282,678,1,1,600,67.9
353604,354291,354294,687,3,1,600,69.0
353606,354298,354300,692,2,1,600,69.4
353607,354306,354307,699,1,1,600,70.0
353610,353675,358609,65,4934,5,14400,1.01317389542
353670,354320,354321,650,1,1,600,65.1
353671,354326,354328,655,2,1,600,65.7
353672,354334,354335,662,1,1,600,66.3
353674,354340,354342,666,2,1,600,66.8
353675,354347,354348,672,1,1,600,67.3
353676,354354,354355,678,1,1,600,67.9
353678,354360,354362,682,2,1,600,68.4
353679,354367,354375,688,8,1,600,69.6
353680,354374,354376,694,2,1,600,69.6
353682,354387,354392,705,5,1,600,71.0
353743,354394,354395,651,1,1,600,65.2
353745,354404,354406,659,2,1,600,66.1
353746,354411,354414,665,3,1,600,66.8
353747,354418,354419,671,1,1,600,67.2
353749,354425,354434,676,9,1,600,68.5
353750,354432,354434,682,2,1,600,68.4
353751,354445,354450,694,5,1,600,69.9
353753,354452,354456,699,4,1,600,70.3
353754,354457,354458,703,1,1,600,70.4
353755,354464,354465,709,1,1,600,71.0
353757,354471,354473,714,2,1,600,71.6
353758,354476,354477,718,1,1,600,71.9
353804,354071,355479,267,1408,8,6000,1.18963068182
353815,354076,355491,261,1415,8,6000,1.18445229682
353819,354483,354485,664,2,1,600,66.6
353821,354489,354492,668,3,1,600,67.1
353822,354495,354496,673,1,1,600,67.4
353823,354502,354503,679,1,1,600,68.0
353825,354509,354510,684,1,1,600,68.5
353826,354514,354524,688,10,1,600,69.8
353827,354520,354522,693,2,1,600,69.5
353829,354527,354528,698,1,1,600,69.9
353830,354533,354535,703,2,1,600,70.5
353892,354541,354543,649,2,1,600,65.1
353893,354546,354549,653,3,1,600,65.6
353895,354552,354554,657,2,1,600,65.9
353896,354560,354561,664,1,1,600,66.5
353897,354566,354567,669,1,1,600,67.0
353899,354572,354573,673,1,1,600,67.4
353900,354578,354579,678,1,1,600,67.9
353901,354584,354586,683,2,1,600,68.5
353902,354590,354593,688,3,1,600,69.1
353904,354595,354596,691,1,1,600,69.2
353905,354602,354604,697,2,1,600,69.9
353906,354609,354610,703,1,1,600,70.4
353908,354615,354616,707,1,1,600,70.8
353969,354621,354628,652,7,1,600,65.9
353972,354639,354641,667,2,1,600,66.9
353973,354646,354649,673,3,1,600,67.6
353976,354658,354660,682,2,1,600,68.4
353977,354665,354666,688,1,1,600,68.9
353978,354670,354671,692,1,1,600,69.3
353980,354677,354678,697,1,1,600,69.8
353981,354684,354685,703,1,1,600,70.4
353982,354689,354691,707,2,1,600,70.9
353984,354695,354697,711,2,1,600,71.3
353985,354702,354703,717,1,1,600,71.8
354047,354707,354709,660,2,1,600,66.2
354048,354720,354721,672,1,1,600,67.3
354049,354727,354728,678,1,1,600,67.9
354050,354734,354735,684,1,1,600,68.5
354052,354740,354742,688,2,1,600,69.0
354053,354748,354749,695,1,1,600,69.6
354055,354754,354755,699,1,1,600,70.0
354056,354761,354764,705,3,1,600,70.8
354057,354769,354770,712,1,1,600,71.3
354059,354775,354780,716,5,1,600,72.1
354060,354788,354792,728,4,1,600,73.2
354062,354795,354796,733,1,1,600,73.4
354063,354804,354806,741,2,1,600,74.3
354072,354634,356059,562,1425,8,6000,1.39438596491
354073,354715,356120,642,1405,8,6000,1.45693950178
354125,354810,354812,685,2,1,600,68.7
354126,354818,354819,692,1,1,600,69.3
354127,354824,354831,697,7,1,600,70.4
354129,354831,354833,702,2,1,600,70.4
354130,354843,354845,713,2,1,600,71.5
354132,354850,354852,718,2,1,600,72.0
354133,354858,354860,725,2,1,600,72.7
354134,354864,354865,730,1,1,600,73.1
354196,354871,354874,675,3,1,600,67.8
354197,354877,354879,680,2,1,600,68.2
354199,354887,354888,688,1,1,600,68.9
354200,354893,354895,693,2,1,600,69.5
354204,354914,354916,710,2,1,600,71.2
354205,354922,354923,717,1,1,600,71.8
354207,354928,354929,721,1,1,600,72.2
354268,354936,354937,668,1,1,600,66.9
354269,354942,354943,673,1,1,600,67.4
354271,354949,354952,678,3,1,600,68.1
354272,354955,354958,683,3,1,600,68.6
354273,354964,354966,691,2,1,600,69.3
354275,354971,354972,696,1,1,600,69.7
354276,354977,354980,701,3,1,600,70.4
354277,354984,354985,707,1,1,600,70.8
354339,354991,354993,652,2,1,600,65.4
354340,354999,355000,659,1,1,600,66.0
354341,355005,355008,664,3,1,600,66.7
354343,355012,355014,669,2,1,600,67.1
354344,355019,355021,675,2,1,600,67.7
354345,355024,355026,679,2,1,600,68.1
354347,355031,355033,684,2,1,600,68.6
354348,355044,355045,696,1,1,600,69.7
354349,355050,355053,701,3,1,600,70.4
354351,355058,355059,707,1,1,600,70.8
354412,355064,355065,652,1,1,600,65.3
354413,355071,355073,658,2,1,600,66.0
354415,355078,355080,663,2,1,600,66.5
354416,355086,355087,670,1,1,600,67.1
354417,355092,355095,675,3,1,600,67.8
354419,355099,355100,680,1,1,600,68.1
354421,355113,355115,692,2,1,600,69.4
354423,355120,355122,697,2,1,600,69.9
354424,355128,355129,704,1,1,600,70.5
354485,355134,355139,649,5,1,600,65.4
354487,355141,355157,654,16,1,600,41.875
354488,355151,355155,663,4,1,600,66.7
354489,355167,355168,678,1,1,600,67.9
354491,355174,355176,683,2,1,600,68.5
354492,355180,355181,688,1,1,600,68.9
354493,355187,355188,694,1,1,600,69.5
354495,355194,355197,699,3,1,600,70.2
354496,355201,355202,705,1,1,600,70.6
354497,355208,355211,711,3,1,600,71.4
354559,355215,355217,656,2,1,600,65.8
354560,355222,355224,662,2,1,600,66.4
354561,355235,355236,674,1,1,600,67.5
354563,355246,355248,683,2,1,600,68.5
354564,355252,355253,688,1,1,600,68.9
354565,355258,355260,693,2,1,600,69.5
354567,355265,355269,698,4,1,600,70.2
354570,355277,355279,707,2,1,600,70.9
354571,355284,355286,713,2,1,600,71.5
354572,355290,355303,718,13,1,600,56.2307692308
354574,355297,355299,723,2,1,600,72.5
354635,355303,355305,668,2,1,600,67.0
354637,354783,356190,146,1407,8,6000,1.10376687989
354637,355311,355321,674,10,1,600,68.4
354638,355317,355319,679,2,1,600,68.1
354641,355330,355332,689,2,1,600,69.1
354642,355337,355339,695,2,1,600,69.7
354643,355343,355344,700,1,1,600,70.1
354645,355349,355355,704,6,1,600,71.0
354646,355356,355358,710,2,1,600,71.2
354648,355362,355363,714,1,1,600,71.5
354649,355368,355370,719,2,1,600,72.1
354710,355375,355377,665,2,1,600,66.7
354712,355381,355382,669,1,1,600,67.0
354715,355393,355394,678,1,1,600,67.9
354716,355398,355399,682,1,1,600,68.3
354719,355411,355412,692,1,1,600,69.3
354720,355039,356449,319,1410,8,6000,1.22624113475
354720,355417,355418,697,1,1,600,69.8
354722,355422,355425,700,3,1,600,70.3
354723,355435,355437,712,2,1,600,71.4
354725,355441,355443,716,2,1,600,71.8
354782,355229,356660,447,1431,8,6000,1.31236897275
354786,355448,355449,662,1,1,600,66.3
354787,355455,355456,668,1,1,600,66.9
354789,355461,355463,672,2,1,600,67.4
354790,355468,355470,678,2,1,600,68.0
354792,355476,355482,684,6,1,600,69.0
354793,355482,355511,689,29,1,600,24.7586206897
354794,355498,355499,704,1,1,600,70.5
354797,355516,355519,719,3,1,600,72.2
354798,355524,355529,726,5,1,600,73.1
354860,355529,355531,669,2,1,600,67.1
354861,355535,355537,674,2,1,600,67.6
354862,355542,355543,680,1,1,600,68.1
354864,355547,355549,683,2,1,600,68.5
354865,355554,355555,689,1,1,600,69.0
354867,355560,355561,693,1,1,600,69.4
354868,355565,355566,697,1,1,600,69.8
354869,355577,355578,708,1,1,600,70.9
354872,355589,355591,717,2,1,600,71.9
354933,355595,355597,662,2,1,600,66.4
354935,355600,355602,665,2,1,600,66.7
354936,355606,355608,670,2,1,600,67.2
354937,355613,355615,676,2,1,600,67.8
354939,355618,355620,679,2,1,600,68.1
354940,355625,355626,685,1,1,600,68.6
354944,355642,355643,698,1,1,600,69.9
354946,355648,355650,702,2,1,600,70.4
355008,355673,355675,665,2,1,600,66.7
355011,355698,355706,687,8,1,600,69.5
355012,355717,355720,705,3,1,600,70.8
355014,355731,355733,717,2,1,600,71.9
355015,355744,355746,729,2,1,600,73.1
355017,355757,355759,740,2,1,600,74.2
355018,355770,355775,752,5,1,600,75.7
355019,355786,355788,767,2,1,600,76.9
355039,355241,356647,202,1406,8,6000,1.14366998578
355082,355811,355813,729,2,1,600,73.1
355083,355824,355828,741,4,1,600,74.5
355085,355840,355842,755,2,1,600,75.7
355086,355853,355855,767,2,1,600,76.9
355087,355866,355868,779,2,1,600,78.1
355089,355879,355880,790,1,1,600,79.1
355090,355891,355897,801,6,1,600,80.7
355091,355909,355910,818,1,1,600,81.9
355093,355923,355924,830,1,1,600,83.1
355094,355935,355937,841,2,1,600,84.3
355156,355948,355950,792,2,1,600,79.4
355157,355961,355962,804,1,1,600,80.5
355158,355973,355975,815,2,1,600,81.7
355159,355986,355988,827,2,1,600,82.9
355161,356000,356001,839,1,1,600,84.0
355162,356012,356014,850,2,1,600,85.2
355163,356030,356035,867,5,1,600,87.2
355165,356046,356048,881,2,1,600,88.3
355166,356059,356061,893,2,1,600,89.5
355227,356077,356079,850,2,1,600,85.2
355229,356083,356090,854,7,1,600,86.1
355230,356089,356093,859,4,1,600,86.3
355231,356094,356098,863,4,1,600,86.7
355232,356106,356108,874,2,1,600,87.6
355234,355429,356842,195,1413,8,6000,1.13800424628
355234,356113,356114,879,1,1,600,88.0
355236,356123,356124,887,1,1,600,88.8
355238,356129,356131,891,2,1,600,89.3
355245,355490,356907,245,1417,8,6000,1.172900494
355300,356140,356145,840,5,1,600,84.5
355303,356169,356171,866,2,1,600,86.8
355304,356183,356184,879,1,1,600,88.0
355305,356197,356198,892,1,1,600,89.3
355307,356210,356211,903,1,1,600,90.4
355308,356222,356225,914,3,1,600,91.7
355309,356236,356238,927,2,1,600,92.9
355310,356249,356251,939,2,1,600,94.1
355312,356262,356269,950,7,1,600,95.7
355373,356280,356282,907,2,1,600,90.9
355374,356293,356299,919,6,1,600,92.5
355376,356310,356312,934,2,1,600,93.6
355377,356323,356325,946,2,1,600,94.8
355378,356337,356338,959,1,1,600,96.0
355380,356349,356351,969,2,1,600,97.1
355381,356362,356364,981,2,1,600,98.3
355382,356375,356378,993,3,1,600,99.6
355384,356389,356391,1005,2,1,600,100.7
355385,356403,356404,1018,1,1,600,101.9
355386,356415,356416,1029,1,1,600,103.0
355387,356428,356429,1041,1,1,600,104.2
355430,355504,356920,74,1416,8,6000,1.05225988701
355449,356440,356441,991,1,1,600,99.2
355450,356452,356454,1002,2,1,600,100.4
355452,356467,356471,1015,4,1,600,101.9
355453,356482,356484,1029,2,1,600,103.1
355454,356496,356497,1042,1,1,600,104.3
355456,356510,356511,1054,1,1,600,105.5
355457,356522,356524,1065,2,1,600,106.7
355458,356536,356537,1078,1,1,600,107.9
355460,356549,356550,1089,1,1,600,109.0
355461,356561,356562,1100,1,1,600,110.1
355462,356574,356575,1112,1,1,600,111.3
355492,355571,356975,79,1404,8,6000,1.05626780627
355503,355654,357075,151,1421,8,6000,1.10626319493
355524,356586,356588,1062,2,1,600,106.4
355525,356600,356601,1075,1,1,600,107.6
355526,356612,356613,1086,1,1,600,108.7
355528,356627,356628,1099,1,1,600,110.0
355529,356639,356641,1110,2,1,600,111.2
355530,356653,356654,1123,1,1,600,112.4
355532,356666,356668,1134,2,1,600,113.6
355593,356680,356691,1087,11,1,600,99.8181818182
355594,356703,356704,1109,1,1,600,111.0
355595,356715,356717,1120,2,1,600,112.2
355597,356730,356736,1133,6,1,600,113.9
355598,356736,356738,1138,2,1,600,114.0
355599,356749,356751,1150,2,1,600,115.2
355601,356755,356757,1154,2,1,600,115.6
355602,356763,356764,1161,1,1,600,116.2
355603,356769,356770,1166,1,1,600,116.7
355604,356777,356778,1173,1,1,600,117.4
355607,356790,356793,1183,3,1,600,118.6
355608,356798,356799,1190,1,1,600,119.1
355657,356025,357425,368,1400,8,6000,1.26285714286
355671,356812,356818,1141,6,1,600,114.7
355672,356819,356820,1147,1,1,600,114.8
355674,356829,356831,1155,2,1,600,115.7
355675,356837,356839,1162,2,1,600,116.4
355676,356843,356851,1167,8,1,600,117.5
355678,356851,356863,1173,12,1,600,98.75
355679,356864,356866,1185,2,1,600,118.7
355680,356874,356877,1194,3,1,600,119.7
355682,356882,356884,1200,2,1,600,120.2
355743,356889,356891,1146,2,1,600,114.8
355744,356896,356897,1152,1,1,600,115.3
355746,356902,356903,1156,1,1,600,115.7
355747,356908,356911,1161,3,1,600,116.4
355808,356916,356917,1108,1,1,600,110.9
355811,356940,356941,1129,1,1,600,113.0
355812,356946,356948,1134,2,1,600,113.6
355813,356954,356955,1141,1,1,600,114.2
355875,356960,356966,1085,6,1,600,109.1
355876,356968,356969,1092,1,1,600,109.3
355877,356978,356979,1101,1,1,600,110.2
355879,356985,356987,1106,2,1,600,110.8
355880,356997,356998,1117,1,1,600,111.8
355941,357003,357005,1062,2,1,600,106.4
355943,357010,357014,1067,4,1,600,107.1
355944,357015,357018,1071,3,1,600,107.4
355946,357028,357030,1082,2,1,600,108.4
356008,357033,357036,1025,3,1,600,102.8
356009,357039,357041,1030,2,1,600,103.2
356010,357045,357047,1035,2,1,600,103.7
356012,357052,357053,1040,1,1,600,104.1
356013,357057,357059,1044,2,1,600,104.6
356027,356070,357476,43,1406,8,6000,1.03058321479
356069,356100,357522,31,1422,8,6000,1.02180028129
356074,357063,357065,989,2,1,600,99.1
356076,357069,357070,993,1,1,600,99.4
356077,357075,357077,998,2,1,600,100.0
356078,357081,357082,1003,1,1,600,100.4
356100,356147,357561,47,1414,8,6000,1.03323903819
356140,357093,357095,953,2,1,600,95.5
356141,357099,357104,958,5,1,600,96.3
356142,357104,357105,962,1,1,600,96.3
356145,357116,357118,971,2,1,600,97.3
356146,357122,357123,976,1,1,600,97.7
356149,357134,357137,985,3,1,600,98.8
356150,357139,357142,989,3,1,600,99.2
356151,357147,357148,996,1,1,600,99.7
356152,356204,357612,52,1408,8,6000,1.03693181818
356153,357152,357153,999,1,1,600,100.0
356203,356460,357868,257,1408,8,6000,1.18252840909
356214,357157,357159,943,2,1,600,94.5
356215,357164,357165,949,1,1,600,95.0
356217,357169,357171,952,2,1,600,95.4
356218,357174,357176,956,2,1,600,95.8
356281,357187,357188,906,1,1,600,90.7
356282,357192,357194,910,2,1,600,91.2
356283,357199,357206,916,7,1,600,92.3
356284,357205,357212,921,7,1,600,92.8
356346,357210,357211,864,1,1,600,86.5
356347,357217,357218,870,1,1,600,87.1
356348,357222,357224,874,2,1,600,87.6
356350,357229,357231,879,2,1,600,88.1
356351,357234,357241,883,7,1,600,89.0
356412,357239,357240,827,1,1,600,82.8
356414,357246,357248,832,2,1,600,83.4
356415,357251,357253,836,2,1,600,83.8
356416,357256,357258,840,2,1,600,84.2
356418,357262,357263,844,1,1,600,84.5
356460,356660,358075,200,1415,8,6000,1.14134275618
356481,357273,357276,792,3,1,600,79.5
356482,357280,357282,798,2,1,600,80.0
356483,357285,357293,802,8,1,600,81.0
356485,357291,357292,806,1,1,600,80.7
356547,357303,357304,756,1,1,600,75.7
356549,357308,357309,759,1,1,600,76.0
356551,357320,357322,769,2,1,600,77.1
356613,357325,357327,712,2,1,600,71.4
356614,357331,357334,717,3,1,600,72.0
356615,357337,357338,722,1,1,600,72.3
356617,357342,357344,725,2,1,600,72.7
356619,357354,357355,735,1,1,600,73.6
356656,356674,358173,18,1499,8,6000,1.01200800534
356677,356724,358141,47,1417,8,6000,1.0331686662
356681,357359,357363,678,4,1,600,68.2
356682,357367,357368,685,1,1,600,68.6
356684,357372,357373,688,1,1,600,68.9
356685,357377,357379,692,2,1,600,69.4
356729,356857,358283,128,1426,8,6000,1.08976157083
356746,357383,357384,637,1,1,600,63.8
356748,357390,357391,642,1,1,600,64.3
356749,357395,357398,646,3,1,600,64.9
356750,357400,357402,650,2,1,600,65.2
356752,357407,357408,655,1,1,600,65.6
356813,357413,357416,600,3,1,600,60.3
356814,357418,357420,604,2,1,600,60.6
356816,357425,357426,609,1,1,600,61.0
356817,357430,357432,613,2,1,600,61.5
356818,357435,357437,617,2,1,600,61.9
356820,357447,357449,627,2,1,600,62.9
356821,357453,357455,632,2,1,600,63.4
356822,357460,357461,638,1,1,600,63.9
356824,357465,357466,641,1,1,600,64.2
356825,357471,357474,646,3,1,600,64.9
356826,357477,357478,651,1,1,600,65.2
356862,356922,358355,60,1433,8,6000,1.04187020237
356888,357483,357492,595,9,1,600,60.4
356889,357489,357491,600,2,1,600,60.2
356891,357501,357509,610,8,1,600,61.8
356892,357506,357508,614,2,1,600,61.6
356893,357514,357515,621,1,1,600,62.2
356896,357525,357530,629,5,1,600,63.4
356925,356935,358353,10,1418,8,6000,1.00705218618
356935,356992,358420,57,1428,8,6000,1.03991596639
356959,357543,357544,584,1,1,600,58.5
356960,357548,357550,588,2,1,600,59.0
356962,357556,357559,594,3,1,600,59.7
356963,357561,357563,598,2,1,600,60.0
356964,357566,357568,602,2,1,600,60.4
356965,357578,357580,613,2,1,600,61.5
356967,357583,357585,616,2,1,600,61.8
356968,357590,357591,622,1,1,600,62.3
356987,357088,358518,101,1430,8,6000,1.07062937063
357030,357595,357596,565,1,1,600,56.6
357031,357601,357602,570,1,1,600,57.1
357032,357607,357609,575,2,1,600,57.7
357035,357619,357620,584,1,1,600,58.5
357036,357624,357626,588,2,1,600,59.0
357038,357636,357637,598,1,1,600,59.9
357039,357641,357643,602,2,1,600,60.4
357042,357653,357655,611,2,1,600,61.3
357043,357658,357660,615,2,1,600,61.7
357090,357442,358873,352,1431,8,6000,1.24598183089
357105,357665,357667,560,2,1,600,56.2
357106,357671,357683,565,12,1,600,48.0833333333
357108,357677,357679,569,2,1,600,57.1
357109,357683,357684,574,1,1,600,57.5
357110,357689,357690,579,1,1,600,58.0
357112,357696,357698,584,2,1,600,58.6
357113,357701,357702,588,1,1,600,58.9
357114,357706,357709,592,3,1,600,59.5
357116,357713,357714,597,1,1,600,59.8
357117,357718,357719,601,1,1,600,60.2
357118,357724,357725,606,1,1,600,60.7
357120,357730,357732,610,2,1,600,61.2
357181,357736,357737,555,1,1,600,55.6
357182,357743,357744,561,1,1,600,56.2
357184,357748,357749,564,1,1,600,56.5
357185,357754,357757,569,3,1,600,57.2
357186,357760,357762,574,2,1,600,57.6
357188,357766,357768,578,2,1,600,58.0
357189,357772,357774,583,2,1,600,58.5
357190,357779,357780,589,1,1,600,59.0
357192,357784,357785,592,1,1,600,59.3
357193,357790,357792,597,2,1,600,59.9
357194,357796,357797,602,1,1,600,60.3
357197,357808,357810,611,2,1,600,61.3
357259,357814,357816,555,2,1,600,55.7
357260,357820,357821,560,1,1,600,56.1
357261,357825,357826,564,1,1,600,56.5
357263,357831,357834,568,3,1,600,57.1
357264,357837,357838,573,1,1,600,57.4
357265,357844,357845,579,1,1,600,58.0
357267,357849,357850,582,1,1,600,58.3
357268,357856,357857,588,1,1,600,58.9
357269,357861,357862,592,1,1,600,59.3
357271,357873,357875,602,2,1,600,60.4
357272,357878,357880,606,2,1,600,60.8
357273,357890,357891,617,1,1,600,61.8
357275,357895,357897,620,2,1,600,62.2
357276,357902,357903,626,1,1,600,62.7
357337,357907,357908,570,1,1,600,57.1
357340,357919,357926,579,7,1,600,58.6
357341,357925,357926,584,1,1,600,58.5
357343,357931,357933,588,2,1,600,59.0
357344,357936,357937,592,1,1,600,59.3
357345,357943,357944,598,1,1,600,59.9
357347,357948,357949,601,1,1,600,60.2
357348,357955,357957,607,2,1,600,60.9
357350,357960,357962,610,2,1,600,61.2
357351,357966,357968,615,2,1,600,61.7
357352,357972,357975,620,3,1,600,62.3
357355,357984,357987,629,3,1,600,63.2
357416,357991,357993,575,2,1,600,57.7
357418,357996,357999,578,3,1,600,58.1
357419,358001,358003,582,2,1,600,58.4
357420,358008,358010,588,2,1,600,59.0
357422,358013,358017,591,4,1,600,59.5
357423,358020,358021,597,1,1,600,59.8
357425,358025,358028,600,3,1,600,60.3
357426,358032,358033,606,1,1,600,60.7
357427,358037,358040,610,3,1,600,61.3
357429,358043,358044,614,1,1,600,61.5
357430,358049,358052,619,3,1,600,62.2
357431,358054,358056,623,2,1,600,62.5
357440,357496,358918,56,1422,8,6000,1.03938115331
357492,357538,358951,46,1413,8,6000,1.03255484784
357494,358067,358068,573,1,1,600,57.4
357495,358072,358074,577,2,1,600,57.9
357497,358077,358079,580,2,1,600,58.2
357498,358083,358084,585,1,1,600,58.6
357500,358095,358096,595,1,1,600,59.6
357501,358100,358107,599,7,1,600,60.6
357502,358112,358114,610,2,1,600,61.2
357504,358118,358119,614,1,1,600,61.5
357505,358123,358125,618,2,1,600,62.0
357506,358130,358137,624,7,1,600,63.1
357533,357573,358992,40,1419,8,6000,1.0281888654
357568,358135,358137,567,2,1,600,56.9
357569,358142,358143,573,1,1,600,57.4
357572,358159,358160,587,1,1,600,58.8
357573,358164,358171,591,7,1,600,59.8
357575,358170,358171,595,1,1,600,59.6
357575,357631,359056,56,1425,8,6000,1.03929824561
357576,358177,358180,601,3,1,600,60.4
357577,358182,358184,605,2,1,600,60.7
357579,358187,358190,608,3,1,600,61.1
357580,358199,358201,619,2,1,600,62.1
357582,358205,358207,623,2,1,600,62.5
357627,357868,359310,241,1442,8,6000,1.16712898752
357643,358210,358212,567,2,1,600,56.9
357644,358217,358224,573,7,1,600,58.0
357646,358222,358224,576,2,1,600,57.8
357647,358227,358230,580,3,1,600,58.3
357648,358235,358242,587,7,1,600,59.4
357650,358240,358243,590,3,1,600,59.3
357651,358247,358248,596,1,1,600,59.7
357652,358252,358253,600,1,1,600,60.1
357654,358257,358259,603,2,1,600,60.5
357655,358264,358266,609,2,1,600,61.1
357656,358269,358271,613,2,1,600,61.5
357657,358275,358277,618,2,1,600,62.0
357719,358280,358282,561,2,1,600,56.3
357720,358287,358288,567,1,1,600,56.8
357722,358292,358294,570,2,1,600,57.2
357723,358297,358299,574,2,1,600,57.6
357724,358310,358311,586,1,1,600,58.7
357726,358316,358319,590,3,1,600,59.3
357727,358321,358322,594,1,1,600,59.5
357728,358326,358329,598,3,1,600,60.1
357730,358334,358335,604,1,1,600,60.5
357731,358339,358340,608,1,1,600,60.9
357734,358350,358352,616,2,1,600,61.8
357735,358355,358357,620,2,1,600,62.2
357796,358362,358363,566,1,1,600,56.7
357798,358367,358369,569,2,1,600,57.1
357800,358378,358379,578,1,1,600,57.9
357802,358390,358392,588,2,1,600,59.0
357803,358396,358398,593,2,1,600,59.5
357804,358401,358403,597,2,1,600,59.9
357806,358406,358409,600,3,1,600,60.3
357807,358412,358418,605,6,1,600,61.1
357808,358424,358426,616,2,1,600,61.8
357810,358430,358431,620,1,1,600,62.1
357811,358435,358436,624,1,1,600,62.5
357812,358440,358442,628,2,1,600,63.0
357873,357885,359319,12,1434,8,6000,1.00836820084
357874,358453,358455,579,2,1,600,58.1
357877,358464,358465,587,1,1,600,58.8
357878,358469,358472,591,3,1,600,59.4
357881,358482,358483,601,1,1,600,60.2
357882,358487,358489,605,2,1,600,60.7
357884,358090,359506,206,1416,8,6000,1.14548022599
357884,358493,358494,609,1,1,600,61.0
357885,358498,358499,613,1,1,600,61.4
357887,358504,358512,617,8,1,600,62.5
357888,358510,358511,622,1,1,600,62.3
357889,358515,358516,626,1,1,600,62.7
357951,358520,358522,569,2,1,600,57.1
357952,358527,358528,575,1,1,600,57.6
357953,358532,358533,579,1,1,600,58.0
357955,358538,358540,583,2,1,600,58.5
357956,358543,358545,587,2,1,600,58.9
357958,358556,358557,598,1,1,600,59.9
357959,358561,358565,602,4,1,600,60.6
357960,358566,358568,606,2,1,600,60.8
357962,358572,358573,610,1,1,600,61.1
357963,358577,358580,614,3,1,600,61.7
357965,358589,358591,624,2,1,600,62.6
357966,358595,358597,629,2,1,600,63.1
357968,358601,358603,633,2,1,600,63.5
358029,358608,358609,579,1,1,600,58.0
358030,358615,358617,585,2,1,600,58.7
358032,358620,358622,588,2,1,600,59.0
358033,358627,358629,594,2,1,600,59.6
358035,358632,358635,597,3,1,600,60.0
358036,358638,358642,602,4,1,600,60.6
358037,358643,358644,606,1,1,600,60.7
358039,358655,358659,616,4,1,600,62.0
358040,358660,358661,620,1,1,600,62.1
358041,358666,358668,625,2,1,600,62.7
358043,358671,358672,628,1,1,600,62.9
358044,358678,358679,634,1,1,600,63.5
358046,358683,358685,637,2,1,600,63.9
358090,358107,359533,17,1426,8,6000,1.01192145863
358107,358688,358697,581,9,1,600,59.0
358109,358694,358696,585,2,1,600,58.7
358110,358701,358702,591,1,1,600,59.2
358111,358154,359581,43,1427,8,6000,1.03013314646
358111,358706,358708,595,2,1,600,59.7
358113,358711,358713,598,2,1,600,60.0
358116,358724,358725,608,1,1,600,60.9
358117,358729,358730,612,1,1,600,61.3
358118,358735,358742,617,7,1,600,62.4
358120,358740,358741,620,1,1,600,62.1
358121,358747,358748,626,1,1,600,62.7
358152,358194,359617,42,1423,8,6000,1.02951510892
358183,360554,361865,2371,1311,4,14400,2.80854309687
358183,358752,358754,569,2,1,600,57.1
358184,358757,358765,573,8,1,600,58.1
358185,358763,358764,578,1,1,600,57.9
358187,358770,358798,583,28,1,600,21.8214285714
358187,361877,367361,3690,5484,4,14400,1.67286652079
358188,382241,382849,24053,608,4,14400,40.5608552632
358188,358775,358777,587,2,1,600,58.9
358188,377910,378856,19722,946,4,14400,21.8477801268
358189,412598,421518,54409,8920,4,14400,7.09966367713
358189,408646,412584,50457,3938,4,14400,13.812849162
358189,358781,358782,592,1,1,600,59.3
358190,421530,425007,63340,3477,4,14400,19.2168536094
358190,433943,435514,75753,1571,4,14400,49.2196053469
358191,358786,358787,595,1,1,600,59.6
358191,435530,437043,77339,1513,4,14400,52.1163251818
358193,358798,358799,605,1,1,600,60.6
358194,358305,359700,111,1395,8,6000,1.07956989247
358195,358803,358805,608,2,1,600,61.0
358196,358810,358811,614,1,1,600,61.5
358197,358815,358816,618,1,1,600,61.9
358260,358826,358827,566,1,1,600,56.7
358261,358832,358834,571,2,1,600,57.3
358263,358838,358842,575,4,1,600,57.9
358264,358843,358844,579,1,1,600,58.0
358265,358848,358850,583,2,1,600,58.5
358267,358854,358855,587,1,1,600,58.8
358268,358861,358862,593,1,1,600,59.4
358269,358866,358869,597,3,1,600,60.0
358271,358871,358873,600,2,1,600,60.2
358274,358884,358895,610,11,1,600,56.4545454545
358307,358385,359821,78,1436,8,6000,1.05431754875
358335,358889,358890,554,1,1,600,55.5
358336,358894,358897,558,3,1,600,56.1
358338,358900,358902,562,2,1,600,56.4
358340,358919,358921,579,2,1,600,58.1
358343,358936,358937,593,1,1,600,59.4
358344,358943,358946,599,3,1,600,60.2
358346,358948,358949,602,1,1,600,60.3
358347,358954,358957,607,3,1,600,61.0
358348,358961,358962,613,1,1,600,61.4
358350,358966,358967,616,1,1,600,61.7
358390,358419,359851,29,1432,8,6000,1.02025139665
358413,358985,358986,572,1,1,600,57.3
358414,358990,358991,576,1,1,600,57.7
358416,358997,358998,581,1,1,600,58.2
358417,359009,359015,592,6,1,600,59.8
358418,359014,359015,596,1,1,600,59.7
358420,359022,359023,602,1,1,600,60.3
358421,359028,359030,607,2,1,600,60.9
358421,358448,359890,27,1442,8,6000,1.01872399445
358423,359034,359035,611,1,1,600,61.2
358424,359040,359041,616,1,1,600,61.7
358425,359046,359052,621,6,1,600,62.7
358427,359052,359053,625,1,1,600,62.6
358453,358550,359986,97,1436,8,6000,1.06754874652
358488,359059,359060,571,1,1,600,57.2
358490,359066,359068,576,2,1,600,57.8
358491,359071,359073,580,2,1,600,58.2
358493,359083,359085,590,2,1,600,59.2
358494,359090,359091,596,1,1,600,59.7
358497,359101,359108,604,7,1,600,61.1
358498,359109,359110,611,1,1,600,61.2
358499,359114,359115,615,1,1,600,61.6
358501,359121,359122,620,1,1,600,62.1
358502,359128,359129,626,1,1,600,62.7
358503,359133,359134,630,1,1,600,63.1
358505,359140,359148,635,8,1,600,64.3
358546,358584,359992,38,1408,8,6000,1.02698863636
358566,359146,359148,580,2,1,600,58.2
358568,359152,359153,584,1,1,600,58.5
358569,359160,359161,591,1,1,600,59.2
358570,359165,359166,595,1,1,600,59.6
358572,359171,359172,599,1,1,600,60.0
358573,359179,359181,606,2,1,600,60.8
358574,359184,359188,610,4,1,600,61.4
358576,359191,359192,615,1,1,600,61.6
358577,359198,359199,621,1,1,600,62.2
358580,359210,359211,630,1,1,600,63.1
358581,359216,359218,635,2,1,600,63.7
358587,358650,360091,63,1441,8,6000,1.04371963914
358643,359222,359223,579,1,1,600,58.0
358644,359228,359230,584,2,1,600,58.6
358646,359235,359237,589,2,1,600,59.1
358648,359247,359249,599,2,1,600,60.1
358649,358907,360315,258,1408,8,6000,1.18323863636
358650,359255,359256,605,1,1,600,60.6
358651,359260,359261,609,1,1,600,61.0
358652,359267,359268,615,1,1,600,61.6
358655,359279,359280,624,1,1,600,62.5
358657,359285,359288,628,3,1,600,63.1
358718,359291,359292,573,1,1,600,57.4
358719,359297,359298,578,1,1,600,57.9
358721,359305,359306,584,1,1,600,58.5
358722,359310,359317,588,7,1,600,59.5
358725,359329,359331,604,2,1,600,60.6
358726,359341,359342,615,1,1,600,61.6
358728,359346,359347,618,1,1,600,61.9
358729,359353,359355,624,2,1,600,62.6
358730,359359,359361,629,2,1,600,63.1
358732,359365,359366,633,1,1,600,63.4
358733,359371,359372,638,1,1,600,63.9
358734,359378,359380,644,2,1,600,64.6
358736,359384,359386,648,2,1,600,65.0
358798,359398,359399,600,1,1,600,60.1
358800,359403,359410,603,7,1,600,61.0
358801,359409,359410,608,1,1,600,60.9
358802,359416,359419,614,3,1,600,61.7
358804,359424,359425,620,1,1,600,62.1
358805,359429,359431,624,2,1,600,62.6
358806,359436,359437,630,1,1,600,63.1
358808,359442,359443,634,1,1,600,63.5
358809,359447,359449,638,2,1,600,64.0
358810,359454,359459,644,5,1,600,64.9
358812,359460,359469,648,9,1,600,65.7
358813,359466,359467,653,1,1,600,65.4
358874,359474,359475,600,1,1,600,60.1
358877,359486,359487,609,1,1,600,61.0
358879,359492,359493,613,1,1,600,61.4
358881,359504,359505,623,1,1,600,62.4
358883,359509,359511,626,2,1,600,62.8
358884,359517,359518,633,1,1,600,63.4
358886,359522,359524,636,2,1,600,63.8
358887,359534,359536,647,2,1,600,64.9
358888,359541,359542,653,1,1,600,65.4
358890,359546,359547,656,1,1,600,65.7
358891,359558,359567,667,9,1,600,67.6
358906,358930,360368,24,1438,8,6000,1.01668984701
358927,358972,360403,45,1431,8,6000,1.03144654088
358953,359565,359566,612,1,1,600,61.3
358954,359570,359584,616,14,1,600,45.0
358955,359577,359579,622,2,1,600,62.4
358957,359585,359587,628,2,1,600,63.0
358958,359592,359593,634,1,1,600,63.5
358959,359604,359606,645,2,1,600,64.7
358961,359609,359611,648,2,1,600,65.0
358962,359617,359618,655,1,1,600,65.6
358963,359624,359626,661,2,1,600,66.3
358965,359629,359631,664,2,1,600,66.6
358966,359641,359642,675,1,1,600,67.6
358967,359647,359649,680,2,1,600,68.2
358969,359004,360420,35,1416,8,6000,1.02471751412
359000,359077,360529,77,1452,8,6000,1.05303030303
359029,359653,359659,624,6,1,600,63.0
359030,359660,359667,630,7,1,600,63.7
359032,359666,359668,634,2,1,600,63.6
359034,359680,359682,646,2,1,600,64.8
359036,359685,359686,649,1,1,600,65.0
359037,359692,359701,655,9,1,600,66.4
359038,359699,359700,661,1,1,600,66.2
359040,359704,359705,664,1,1,600,66.5
359041,359718,359720,677,2,1,600,67.9
359083,359323,360750,240,1427,8,6000,1.1681850035
359102,359723,359732,621,9,1,600,63.0
359104,359730,359731,626,1,1,600,62.7
359105,359737,359738,632,1,1,600,63.3
359106,359744,359760,638,16,1,600,40.875
359108,359749,359751,641,2,1,600,64.3
359110,359763,359765,653,2,1,600,65.5
359112,359770,359771,658,1,1,600,65.9
359113,359776,359782,663,6,1,600,66.9
359115,359781,359783,666,2,1,600,66.8
359116,359787,359788,671,1,1,600,67.2
359177,359795,359797,618,2,1,600,62.0
359179,359800,359802,621,2,1,600,62.3
359180,359807,359809,627,2,1,600,62.9
359181,359814,359815,633,1,1,600,63.4
359183,359819,359820,636,1,1,600,63.7
359184,359826,359827,642,1,1,600,64.3
359185,359838,359839,653,1,1,600,65.4
359187,359843,359854,656,11,1,600,60.6363636364
359188,359850,359857,662,7,1,600,66.9
359252,359876,359878,624,2,1,600,62.6
359253,359881,359883,628,2,1,600,63.0
359255,359887,359889,632,2,1,600,63.4
359256,359895,359896,639,1,1,600,64.0
359257,359907,359908,650,1,1,600,65.1
359259,359912,359915,653,3,1,600,65.6
359260,359919,359920,659,1,1,600,66.0
359261,359925,359928,664,3,1,600,66.7
359263,359933,359934,670,1,1,600,67.1
359264,359938,359939,674,1,1,600,67.5
359265,359945,359950,680,5,1,600,68.5
359267,359952,359953,685,1,1,600,68.6
359319,359335,360759,16,1424,8,6000,1.01123595506
359331,359970,359972,639,2,1,600,64.1
359332,359976,359988,644,12,1,600,54.6666666667
359333,359983,359984,650,1,1,600,65.1
359335,359989,359990,654,1,1,600,65.5
359336,359997,359998,661,1,1,600,66.2
359337,360009,360010,672,1,1,600,67.3
359339,360014,360016,675,2,1,600,67.7
359340,359528,360944,188,1416,8,6000,1.13276836158
359340,360020,360021,680,1,1,600,68.1
359341,360025,360027,684,2,1,600,68.6
359403,360030,360032,627,2,1,600,62.9
359404,360036,360037,632,1,1,600,63.3
359405,360048,360050,643,2,1,600,64.5
359407,360054,360056,647,2,1,600,64.9
359408,360059,360060,651,1,1,600,65.2
359409,360064,360066,655,2,1,600,65.7
359411,360070,360072,659,2,1,600,66.1
359412,360077,360078,665,1,1,600,66.6
359413,360082,360084,669,2,1,600,67.1
359415,360088,360090,673,2,1,600,67.5
359416,360093,360094,677,1,1,600,67.8
359417,360098,360101,681,3,1,600,68.4
359479,360111,360113,632,2,1,600,63.4
359480,360117,360119,637,2,1,600,63.9
359482,360122,360123,640,1,1,600,64.1
359483,360127,360128,644,1,1,600,64.5
359484,360133,360136,649,3,1,600,65.2
359486,360139,360140,653,1,1,600,65.4
359487,360146,360148,659,2,1,600,66.1
359488,360151,360154,663,3,1,600,66.6
359490,360157,360158,667,1,1,600,66.8
359491,360162,360164,671,2,1,600,67.3
359493,360168,360172,675,4,1,600,67.9
359494,360175,360176,681,1,1,600,68.2
359525,359553,360988,28,1435,8,6000,1.01951219512
359555,360180,360182,625,2,1,600,62.7
359557,359599,361019,42,1420,8,6000,1.02957746479
359557,360186,360188,629,2,1,600,63.1
359558,360191,360193,633,2,1,600,63.5
359560,360196,360198,636,2,1,600,63.8
359561,360209,360210,648,1,1,600,64.9
359562,360215,360217,653,2,1,600,65.5
359564,360221,360233,657,12,1,600,55.75
359565,360227,360228,662,1,1,600,66.3
359567,360232,360233,665,1,1,600,66.6
359599,359636,361072,37,1436,8,6000,1.02576601671
359628,360238,360240,610,2,1,600,61.2
359629,360245,360247,616,2,1,600,61.8
359631,360250,360258,619,8,1,600,62.7
359632,360256,360257,624,1,1,600,62.5
359635,360268,360270,633,2,1,600,63.5
359636,360274,360275,638,1,1,600,63.9
359638,360280,360282,642,2,1,600,64.4
359639,360285,360287,646,2,1,600,64.8
359640,360292,360293,652,1,1,600,65.3
359640,359712,361135,72,1423,8,6000,1.05059732959
359642,360297,360298,655,1,1,600,65.6
359704,360309,360311,605,2,1,600,60.7
359706,360316,360324,610,8,1,600,61.8
359707,360321,360323,614,2,1,600,61.6
359708,360327,360328,619,1,1,600,62.0
359710,360339,360341,629,2,1,600,63.1
359711,360346,360347,635,1,1,600,63.6
359713,360351,360352,638,1,1,600,63.9
359713,359832,361277,119,1445,8,6000,1.08235294118
359714,360356,360367,642,11,1,600,59.3636363636
359715,360364,360367,649,3,1,600,65.2
359717,360369,360371,652,2,1,600,65.4
359778,360375,360376,597,1,1,600,59.8
359779,360387,360389,608,2,1,600,61.0
359781,360392,360394,611,2,1,600,61.3
359783,360405,360407,622,2,1,600,62.4
359785,360412,360413,627,1,1,600,62.8
359786,360417,360418,631,1,1,600,63.2
359788,360422,360428,634,6,1,600,64.0
359789,360434,360437,645,3,1,600,64.8
359790,360439,360441,649,2,1,600,65.1
359792,360452,360461,660,9,1,600,66.9
359836,359863,361290,27,1427,8,6000,1.01892081289
359853,360458,360459,605,1,1,600,60.6
359854,360470,360471,616,1,1,600,61.7
359856,360475,360477,619,2,1,600,62.1
359857,360482,360483,625,1,1,600,62.6
359859,360487,360489,628,2,1,600,63.0
359861,360500,360501,639,1,1,600,64.0
359863,360505,360513,642,8,1,600,65.0
359864,360512,360515,648,3,1,600,65.1
359866,360517,360518,651,1,1,600,65.2
359867,360524,360534,657,10,1,600,66.7
359868,359901,361346,33,1445,8,6000,1.02283737024
359899,360003,361444,104,1441,8,6000,1.07217210271
359929,360531,360532,602,1,1,600,60.3
359930,360536,360538,606,2,1,600,60.8
359931,360541,360543,610,2,1,600,61.2
359933,360559,360562,626,3,1,600,62.9
359934,360567,360568,633,1,1,600,63.4
359935,360572,360574,637,2,1,600,63.9
359937,360578,360579,641,1,1,600,64.2
359938,360585,360587,647,2,1,600,64.9
359939,360591,360592,652,1,1,600,65.3
359941,360598,360603,657,5,1,600,66.2
360002,360605,360606,603,1,1,600,60.4
360002,360043,361488,41,1445,8,6000,1.02837370242
360004,360610,360611,606,1,1,600,60.7
360005,360616,360618,611,2,1,600,61.3
360007,360624,360625,617,1,1,600,61.8
360008,360629,360630,621,1,1,600,62.2
360011,360643,360644,632,1,1,600,63.3
360014,360655,360657,641,2,1,600,64.3
360015,360662,360663,647,1,1,600,64.8
360016,360667,360668,651,1,1,600,65.2
360044,360106,361537,62,1431,8,6000,1.04332634521
360078,360673,360675,595,2,1,600,59.7
360079,360681,360684,602,3,1,600,60.5
360081,360686,360687,605,1,1,600,60.6
360082,360693,360695,611,2,1,600,61.3
360084,360699,360701,615,2,1,600,61.7
360086,360712,360713,626,1,1,600,62.7
360088,360719,360720,631,1,1,600,63.2
360089,360724,360725,635,1,1,600,63.6
360090,360730,360738,640,8,1,600,64.8
360093,360743,360744,650,1,1,600,65.1
360107,360204,361655,97,1451,8,6000,1.06685044797
360156,360755,360772,599,17,1,600,36.2352941176
360157,360767,360768,610,1,1,600,61.1
360159,360772,360780,613,8,1,600,62.1
360160,360791,360792,631,1,1,600,63.2
360162,360796,360799,634,3,1,600,63.7
360163,360803,360804,640,1,1,600,64.1
360164,360809,360811,645,2,1,600,64.7
360166,360815,360818,649,3,1,600,65.2
360167,360821,360823,654,2,1,600,65.6
360169,360828,360831,659,3,1,600,66.2
360170,360834,360836,664,2,1,600,66.6
360171,360839,360841,668,2,1,600,67.0
360199,360334,361755,135,1421,8,6000,1.09500351865
360233,360846,360847,613,1,1,600,61.4
360234,360852,360855,618,3,1,600,62.1
360236,360857,360859,621,2,1,600,62.3
360237,360865,360866,628,1,1,600,62.9
360238,360872,360873,634,1,1,600,63.5
360240,360877,360879,637,2,1,600,63.9
360241,360884,360885,643,1,1,600,64.4
360243,360891,360893,648,2,1,600,65.0
360244,360896,360898,652,2,1,600,65.4
360246,360903,360904,657,1,1,600,65.8
360247,360909,360910,662,1,1,600,66.3
360310,360921,360922,611,1,1,600,61.2
360311,360927,360928,616,1,1,600,61.7
360313,360933,360934,620,1,1,600,62.1
360314,360939,360941,625,2,1,600,62.7
360315,360945,360947,630,2,1,600,63.2
360317,360950,360951,633,1,1,600,63.4
360318,360962,360968,644,6,1,600,65.0
360319,360974,360980,655,6,1,600,66.1
360321,360979,360981,658,2,1,600,66.0
360322,360986,360987,664,1,1,600,66.5
360323,360994,360996,671,2,1,600,67.3
360325,360999,361001,674,2,1,600,67.6
360333,360382,361819,49,1437,8,6000,1.03409881698
360384,360429,365113,45,4684,5,14400,1.00960717336
360386,361011,361013,625,2,1,600,62.7
360388,361024,361026,636,2,1,600,63.8
360389,361037,361038,648,1,1,600,64.9
360390,361050,361052,660,2,1,600,66.2
360392,361064,361065,672,1,1,600,67.3
360393,361077,361078,684,1,1,600,68.5
360395,361089,361090,694,1,1,600,69.5
360398,361100,361101,702,1,1,600,70.3
360399,361112,361113,713,1,1,600,71.4
360402,361126,361128,724,2,1,600,72.6
360425,360447,364987,22,4540,5,14400,1.00484581498
360446,360465,364870,19,4405,5,14400,1.00431328036
360463,361132,361134,669,2,1,600,67.1
360464,361140,361141,676,1,1,600,67.7
360466,361461,361464,995,3,1,600,99.8
360467,361475,361477,1008,2,1,600,101.0
360468,360549,365257,81,4708,5,14400,1.01720475786
360469,361488,361490,1019,2,1,600,102.1
360470,361554,361563,1084,9,1,600,109.3
360471,361559,361564,1088,5,1,600,109.3
360473,361565,361569,1092,4,1,600,109.6
360474,361574,361581,1100,7,1,600,110.7
360536,361581,361583,1045,2,1,600,104.7
360537,361587,361588,1050,1,1,600,105.1
360539,361594,361596,1055,2,1,600,105.7
360540,361601,361608,1061,7,1,600,106.8
360541,361606,361608,1065,2,1,600,106.7
360544,361619,361620,1075,1,1,600,107.6
360545,361624,361625,1079,1,1,600,108.0
360547,361630,361631,1083,1,1,600,108.4
360548,361638,361639,1090,1,1,600,109.1
360550,361643,361644,1093,1,1,600,109.4
360550,360762,365232,212,4470,5,14400,1.04742729306
360551,361649,361651,1098,2,1,600,110.0
360552,361657,361659,1105,2,1,600,110.7
360614,361662,361670,1048,8,1,600,105.6
360615,361674,361677,1059,3,1,600,106.2
360616,361680,361682,1064,2,1,600,106.6
360618,361685,361687,1067,2,1,600,106.9
360619,361692,361693,1073,1,1,600,107.4
360621,361697,361699,1076,2,1,600,107.8
360622,361702,361710,1080,8,1,600,108.8
360623,361710,361713,1087,3,1,600,109.0
360625,361715,361717,1090,2,1,600,109.2
360626,361721,361722,1095,1,1,600,109.6
360689,361733,361736,1044,3,1,600,104.7
360690,361738,361740,1048,2,1,600,105.0
360692,361746,361748,1054,2,1,600,105.6
360693,361751,361753,1058,2,1,600,106.0
360695,361756,361757,1061,1,1,600,106.2
360696,361764,361766,1068,2,1,600,107.0
360697,361769,361771,1072,2,1,600,107.4
360699,361775,361776,1076,1,1,600,107.7
360700,361787,361828,1087,41,1,600,27.512195122
360701,361793,361794,1092,1,1,600,109.3
360703,361798,361799,1095,1,1,600,109.6
360764,361810,361813,1046,3,1,600,104.9
360766,360779,364946,13,4167,5,14400,1.00311975042
360766,361817,361818,1051,1,1,600,105.2
360767,361822,361824,1055,2,1,600,105.7
360768,361829,361830,1061,1,1,600,106.2
360770,361841,361843,1071,2,1,600,107.3
360771,361846,361851,1075,5,1,600,108.0
360774,361866,361867,1092,1,1,600,109.3
360775,361871,361872,1096,1,1,600,109.7
360777,360786,365412,9,4626,5,14400,1.00194552529
360777,361884,361886,1107,2,1,600,110.9
360778,361890,361891,1112,1,1,600,111.3
360788,360957,365070,169,4113,5,14400,1.04108922927
360840,361898,361900,1058,2,1,600,106.0
360841,361905,361911,1064,6,1,600,107.0
360842,361912,361913,1070,1,1,600,107.1
360844,361924,361931,1080,7,1,600,108.7
360845,361931,361932,1086,1,1,600,108.7
360848,361949,361950,1101,1,1,600,110.2
360849,361957,361959,1108,2,1,600,111.0
360851,361963,361964,1112,1,1,600,111.3
360852,361971,361972,1119,1,1,600,112.0
360853,361978,361979,1125,1,1,600,112.6
360915,361985,361986,1070,1,1,600,107.1
360916,361991,361993,1075,2,1,600,107.7
360918,361999,362000,1081,1,1,600,108.2
360919,362006,362007,1087,1,1,600,108.8
360921,362013,362014,1092,1,1,600,109.3
360922,362019,362021,1097,2,1,600,109.9
360923,362025,362027,1102,2,1,600,110.4
360925,362032,362033,1107,1,1,600,110.8
360926,362038,362041,1112,3,1,600,111.5
360928,362046,362052,1118,6,1,600,112.4
360929,362052,362054,1123,2,1,600,112.5
360930,362064,362066,1134,2,1,600,113.6
360953,360968,365221,15,4253,5,14400,1.00352692217
360974,361006,365491,32,4485,5,14400,1.00713489409
360992,362070,362073,1078,3,1,600,108.1
360994,362085,362086,1091,1,1,600,109.2
360996,362091,362093,1095,2,1,600,109.7
360997,362098,362100,1101,2,1,600,110.3
360999,362105,362107,1106,2,1,600,110.8
361000,362111,362113,1111,2,1,600,111.3
361003,362125,362127,1122,2,1,600,112.4
361005,361018,365074,13,4056,5,14400,1.00320512821
361016,361030,364934,14,3904,5,14400,1.00358606557
361027,361083,365955,56,4872,5,14400,1.01149425287
361066,362140,362141,1074,1,1,600,107.5
361067,362147,362149,1080,2,1,600,108.2
361069,362154,362160,1085,6,1,600,109.1
361071,362161,362162,1090,1,1,600,109.1
361074,362179,362180,1105,1,1,600,110.6
361089,361107,365125,18,4018,5,14400,1.00447984072
361110,361146,365441,36,4295,5,14400,1.00838183935
361135,362186,362187,1051,1,1,600,105.2
361137,362192,362194,1055,2,1,600,105.7
361138,362199,362200,1061,1,1,600,106.2
361139,362207,362208,1068,1,1,600,106.9
361142,362220,362230,1078,10,1,600,108.8
361143,361152,365337,9,4185,5,14400,1.00215053763
361144,362228,362229,1084,1,1,600,108.5
361145,362240,362242,1095,2,1,600,109.7
361154,361289,365095,135,3806,5,14400,1.03547031004
361206,362247,362249,1041,2,1,600,104.3
361288,361302,365440,14,4138,5,14400,1.00338327695
361299,361308,365577,9,4269,5,14400,1.00210822207
361310,361357,366200,47,4843,5,14400,1.00970472847
361361,361456,365754,95,4298,5,14400,1.02210330386
361454,361468,366125,14,4657,5,14400,1.00300622718
361465,361500,365999,35,4499,5,14400,1.00777950656
361497,361507,366066,10,4559,5,14400,1.00219346348
361508,362254,362256,746,2,1,600,74.8
361508,361549,366032,41,4483,5,14400,1.00914566139
361510,362261,362263,751,2,1,600,75.3
361511,362267,362269,756,2,1,600,75.8
361549,361669,366290,120,4621,5,14400,1.02596840511
361572,362275,362276,703,1,1,600,70.4
361574,362282,362283,708,1,1,600,70.9
361575,362288,362290,713,2,1,600,71.5
361637,362296,362297,659,1,1,600,66.0
361638,362303,362304,665,1,1,600,66.6
361639,362309,362312,670,3,1,600,67.3
361641,362317,362318,676,1,1,600,67.7
361642,362323,362325,681,2,1,600,68.3
361644,362330,362333,686,3,1,600,68.9
361646,362344,362346,698,2,1,600,70.0
361648,362351,362353,703,2,1,600,70.5
361649,362357,362360,708,3,1,600,71.1
361650,362365,362366,715,1,1,600,71.6
361652,362372,362374,720,2,1,600,72.2
361673,361782,365777,109,3995,5,14400,1.02728410513
361713,362379,362380,666,1,1,600,66.7
361715,362386,362387,671,1,1,600,67.2
361716,362392,362393,676,1,1,600,67.7
361718,362398,362399,680,1,1,600,68.1
361719,362405,362407,686,2,1,600,68.8
361720,362412,362413,692,1,1,600,69.3
361722,362419,362426,697,7,1,600,70.4
361723,362426,362428,703,2,1,600,70.5
361725,362438,362439,713,1,1,600,71.4
361726,362445,362446,719,1,1,600,72.0
361728,362451,362453,723,2,1,600,72.5
361729,362459,362460,730,1,1,600,73.1
361787,361805,366413,18,4608,5,14400,1.00390625
361792,362473,362474,681,1,1,600,68.2
361793,362480,362482,687,2,1,600,68.9
361796,362494,362495,698,1,1,600,69.9
361797,362500,362502,703,2,1,600,70.5
361799,362507,362509,708,2,1,600,71.0
361800,362515,362516,715,1,1,600,71.6
361803,362528,362530,725,2,1,600,72.7
361805,362535,362537,730,2,1,600,73.2
361808,361835,366439,27,4604,5,14400,1.00586446568
361840,361859,365964,19,4105,5,14400,1.00462850183
361861,364887,368807,3026,3920,5,14400,1.77193877551
361866,362543,362545,677,2,1,600,67.9
361868,362549,362550,681,1,1,600,68.2
361869,362556,362557,687,1,1,600,68.8
361871,362563,362565,692,2,1,600,69.4
361872,362569,362578,697,9,1,600,70.6
361873,362577,362578,704,1,1,600,70.5
361875,362590,362591,715,1,1,600,71.6
361878,362603,362604,725,1,1,600,72.6
361879,362610,362615,731,5,1,600,73.6
361941,362617,362618,676,1,1,600,67.7
361942,362626,362628,684,2,1,600,68.6
361944,362633,362635,689,2,1,600,69.1
361945,362640,362642,695,2,1,600,69.7
361946,362648,362650,702,2,1,600,70.4
361948,362655,362657,707,2,1,600,70.9
361949,362662,362663,713,1,1,600,71.4
361950,362669,362670,719,1,1,600,72.0
362012,362675,362677,663,2,1,600,66.5
362013,362683,362689,670,6,1,600,67.6
362015,362689,362690,674,1,1,600,67.5
362016,362701,362703,685,2,1,600,68.7
362017,362708,362709,691,1,1,600,69.2
362019,362715,362717,696,2,1,600,69.8
362020,362722,362729,702,7,1,600,70.9
362086,362754,362755,668,1,1,600,66.9
362087,362761,362775,674,14,1,600,49.1428571429
362090,362780,362782,690,2,1,600,69.2
362092,362794,362795,702,1,1,600,70.3
362094,362800,362802,706,2,1,600,70.8
362095,362807,362811,712,4,1,600,71.6
362096,362813,362815,717,2,1,600,71.9
362098,362824,362832,726,8,1,600,73.4
362099,362830,362832,731,2,1,600,73.3
362162,362849,362850,687,1,1,600,68.8
362163,362856,362858,693,2,1,600,69.5
362165,362863,362864,698,1,1,600,69.9
362166,362870,362871,704,1,1,600,70.5
362167,362877,362913,710,36,1,600,20.7222222222
362169,362884,362885,715,1,1,600,71.6
362170,362897,362898,727,1,1,600,72.8
362171,362909,362910,738,1,1,600,73.9
362173,362921,362923,748,2,1,600,75.0
362237,362943,362944,706,1,1,600,70.7
362238,362950,362953,712,3,1,600,71.5
362240,362957,362958,717,1,1,600,71.8
362241,362966,362967,725,1,1,600,72.6
362242,362973,362975,731,2,1,600,73.3
362244,362980,362982,736,2,1,600,73.8
362245,362986,362988,741,2,1,600,74.3
362307,362994,362995,687,1,1,600,68.8
362309,363007,363009,698,2,1,600,70.0
362311,363015,363017,704,2,1,600,70.6
362312,363022,363023,710,1,1,600,71.1
362313,363029,363030,716,1,1,600,71.7
362315,363036,363037,721,1,1,600,72.2
362316,363043,363044,727,1,1,600,72.8
362318,363050,363051,732,1,1,600,73.3
362319,363056,363064,737,8,1,600,74.5
362320,363063,363064,743,1,1,600,74.4
362382,363075,363076,693,1,1,600,69.4
362383,363081,363082,698,1,1,600,69.9
362384,363089,363090,705,1,1,600,70.6
362386,363096,363097,710,1,1,600,71.1
362387,363103,363104,716,1,1,600,71.7
362389,363110,363111,721,1,1,600,72.2
362391,363124,363125,733,1,1,600,73.4
362393,363130,363133,737,3,1,600,74.0
362396,363145,363147,749,2,1,600,75.1
362457,363151,363153,694,2,1,600,69.6
362458,363159,363160,701,1,1,600,70.2
362460,363166,363167,706,1,1,600,70.7
362461,363173,363174,712,1,1,600,71.3
362463,363180,363181,717,1,1,600,71.8
362464,363187,363189,723,2,1,600,72.5
362465,363193,363195,728,2,1,600,73.0
362467,363200,363201,733,1,1,600,73.4
362468,363206,363208,738,2,1,600,74.0
362470,363213,363214,743,1,1,600,74.4
362531,363219,363221,688,2,1,600,69.0
362532,363226,363227,694,1,1,600,69.5
362535,363240,363241,705,1,1,600,70.6
362538,363253,363255,715,2,1,600,71.7
362539,363260,363262,721,2,1,600,72.3
362541,363267,363268,726,1,1,600,72.7
362542,363274,363280,732,6,1,600,73.8
362543,363281,363283,738,2,1,600,74.0
362606,363298,363300,692,2,1,600,69.4
362608,363306,363308,698,2,1,600,70.0
362609,363313,363319,704,6,1,600,71.0
362610,363320,363322,710,2,1,600,71.2
362612,363330,363332,718,2,1,600,72.0
362613,363337,363339,724,2,1,600,72.6
362614,363344,363345,730,1,1,600,73.1
362616,363351,363353,735,2,1,600,73.7
362617,363358,363359,741,1,1,600,74.2
362679,363364,363366,685,2,1,600,68.7
362680,363371,363373,691,2,1,600,69.3
362681,363378,363379,697,1,1,600,69.8
362683,363385,363386,702,1,1,600,70.3
362685,363399,363400,714,1,1,600,71.5
362688,363413,363414,725,1,1,600,72.6
362690,363420,363445,730,25,1,600,30.2
362691,363426,363429,735,3,1,600,73.8
362754,363452,363453,698,1,1,600,69.9
362755,363459,363461,704,2,1,600,70.6
362758,363474,363475,716,1,1,600,71.7
362759,363481,363482,722,1,1,600,72.3
362761,363487,363490,726,3,1,600,72.9
362762,363494,363496,732,2,1,600,73.4
362763,363501,363502,738,1,1,600,73.9
362765,363508,363511,743,3,1,600,74.6
362826,363516,363517,690,1,1,600,69.1
362827,363522,363525,695,3,1,600,69.8
362829,363530,363531,701,1,1,600,70.2
362832,363544,363546,712,2,1,600,71.4
362833,363550,363552,717,2,1,600,71.9
362834,363558,363561,724,3,1,600,72.7
362836,363565,363566,729,1,1,600,73.0
362897,363571,363574,674,3,1,600,67.7
362898,363578,363580,680,2,1,600,68.2
362900,363585,363587,685,2,1,600,68.7
362901,363592,363593,691,1,1,600,69.2
362902,363599,363601,697,2,1,600,69.9
362904,363605,363612,701,7,1,600,70.8
362905,363613,363614,708,1,1,600,70.9
362907,363625,363627,718,2,1,600,72.0
362969,363638,363639,669,1,1,600,67.0
362971,363645,363646,674,1,1,600,67.5
362972,363651,363654,679,3,1,600,68.2
362973,363659,363660,686,1,1,600,68.7
362975,363665,363666,690,1,1,600,69.1
362976,363671,363673,695,2,1,600,69.7
362978,363678,363679,700,1,1,600,70.1
362979,363685,363686,706,1,1,600,70.7
362980,363693,363694,713,1,1,600,71.4
362982,363700,363702,718,2,1,600,72.0
363043,363707,363709,664,2,1,600,66.6
363045,363713,363714,668,1,1,600,66.9
363046,363721,363723,675,2,1,600,67.7
363047,363727,363728,680,1,1,600,68.1
363049,363734,363736,685,2,1,600,68.7
363050,363742,363744,692,2,1,600,69.4
363051,363748,363751,697,3,1,600,70.0
363053,363755,363756,702,1,1,600,70.3
363054,363763,363765,709,2,1,600,71.1
363056,363770,363772,714,2,1,600,71.6
363057,363776,363779,719,3,1,600,72.2
363118,363783,363784,665,1,1,600,66.6
363120,363791,363793,671,2,1,600,67.3
363121,363797,363805,676,8,1,600,68.4
363123,363805,363806,682,1,1,600,68.3
363125,363823,363825,698,2,1,600,70.0
363127,363831,363832,704,1,1,600,70.5
363128,363838,363839,710,1,1,600,71.1
363129,363845,363847,716,2,1,600,71.8
363192,363858,363860,666,2,1,600,66.8
363194,363865,363867,671,2,1,600,67.3
363195,363872,363874,677,2,1,600,67.9
363197,363879,363881,682,2,1,600,68.4
363198,363887,363888,689,1,1,600,69.0
363199,363893,363895,694,2,1,600,69.6
363201,363901,363902,700,1,1,600,70.1
363202,363908,363909,706,1,1,600,70.7
363203,363915,363922,712,7,1,600,71.9
363205,363921,363923,716,2,1,600,71.8
363266,363934,363935,668,1,1,600,66.9
363268,363940,363941,672,1,1,600,67.3
363269,363946,363948,677,2,1,600,67.9
363270,363953,363954,683,1,1,600,68.4
363272,363959,363960,687,1,1,600,68.8
363273,363966,363968,693,2,1,600,69.5
363275,363973,363975,698,2,1,600,70.0
363277,363986,363987,709,1,1,600,71.0
363342,364008,364009,666,1,1,600,66.7
363343,364015,364016,672,1,1,600,67.3
363346,364029,364030,683,1,1,600,68.4
363347,364035,364037,688,2,1,600,69.0
363349,364043,364044,694,1,1,600,69.5
363350,364050,364052,700,2,1,600,70.2
363352,364057,364059,705,2,1,600,70.7
363353,364064,364065,711,1,1,600,71.2
363355,364070,364072,715,2,1,600,71.7
363416,364077,364080,661,3,1,600,66.4
363419,364091,364093,672,2,1,600,67.4
363421,364099,364101,678,2,1,600,68.0
363422,364105,364106,683,1,1,600,68.4
363425,364119,364120,694,1,1,600,69.5
363426,364126,364127,700,1,1,600,70.1
363428,364133,364134,705,1,1,600,70.6
363429,364139,364142,710,3,1,600,71.3
363490,364147,364148,657,1,1,600,65.8
363492,364154,364155,662,1,1,600,66.3
363493,364161,364162,668,1,1,600,66.9
363495,364167,364169,672,2,1,600,67.4
363496,364174,364177,678,3,1,600,68.1
363497,364180,364182,683,2,1,600,68.5
363499,364189,364190,690,1,1,600,69.1
363502,364202,364204,700,2,1,600,70.2
363503,364210,364212,707,2,1,600,70.9
363564,364217,364218,653,1,1,600,65.4
363566,364224,364225,658,1,1,600,65.9
363567,364230,364237,663,7,1,600,67.0
363569,364238,364239,669,1,1,600,67.0
363570,364249,364251,679,2,1,600,68.1
363571,364255,364258,684,3,1,600,68.7
363573,364262,364263,689,1,1,600,69.0
363574,364270,364274,696,4,1,600,70.0
363576,364277,364278,701,1,1,600,70.2
363640,364300,364301,660,1,1,600,66.1
363642,364307,364317,665,10,1,600,67.5
363643,364314,364315,671,1,1,600,67.2
363644,364327,364330,683,3,1,600,68.6
363646,364333,364335,687,2,1,600,68.9
363647,364342,364345,695,3,1,600,69.8
363648,364349,364350,701,1,1,600,70.2
363651,364364,364371,713,7,1,600,72.0
363653,364370,364372,717,2,1,600,71.9
363714,364382,364384,668,2,1,600,67.0
363715,364390,364401,675,11,1,600,62.3636363636
363717,364396,364398,679,2,1,600,68.1
363718,364410,364414,692,4,1,600,69.6
363720,364416,364418,696,2,1,600,69.8
363721,364425,364430,704,5,1,600,70.9
363724,364441,364443,717,2,1,600,71.9
363725,364449,364450,724,1,1,600,72.5
363727,364456,364461,729,5,1,600,73.4
363788,364463,364464,675,1,1,600,67.6
363791,364478,364481,687,3,1,600,69.0
363794,364494,364495,700,1,1,600,70.1
363795,364501,364503,706,2,1,600,70.8
363797,364508,364512,711,4,1,600,71.5
363798,364515,364518,717,3,1,600,72.0
363799,364524,364525,725,1,1,600,72.6
363801,364530,364532,729,2,1,600,73.1
363802,364537,364539,735,2,1,600,73.7
363864,364544,364545,680,1,1,600,68.1
363865,364550,364551,685,1,1,600,68.6
363866,364556,364558,690,2,1,600,69.2
363868,364564,364565,696,1,1,600,69.7
363869,364570,364572,701,2,1,600,70.3
363871,364578,364579,707,1,1,600,70.8
363872,364585,364586,713,1,1,600,71.4
363873,364592,364593,719,1,1,600,72.0
363875,364599,364600,724,1,1,600,72.5
363876,364606,364607,730,1,1,600,73.1
363938,364613,364614,675,1,1,600,67.6
363939,364620,364621,681,1,1,600,68.2
363943,364641,364644,698,3,1,600,70.1
363944,364648,364649,704,1,1,600,70.5
363946,364655,364657,709,2,1,600,71.1
363947,364663,364664,716,1,1,600,71.7
363949,364670,364672,721,2,1,600,72.3
363950,364676,364678,726,2,1,600,72.8
364012,364684,364685,672,1,1,600,67.3
364013,364690,364692,677,2,1,600,67.9
364016,364703,364704,687,1,1,600,68.8
364017,364710,364711,693,1,1,600,69.4
364019,364717,364718,698,1,1,600,69.9
364020,364724,364725,704,1,1,600,70.5
364023,364738,364739,715,1,1,600,71.6
364024,364745,364746,721,1,1,600,72.2
364026,364751,364753,725,2,1,600,72.7
364087,364759,364760,672,1,1,600,67.3
364089,364765,364766,676,1,1,600,67.7
364090,364771,364779,681,8,1,600,68.9
364091,364778,364779,687,1,1,600,68.8
364093,364790,364792,697,2,1,600,69.9
364094,364796,364801,702,5,1,600,70.7
364096,364804,364805,708,1,1,600,70.9
364097,364813,364818,716,5,1,600,72.1
364098,364819,364820,721,1,1,600,72.2
364100,364830,364831,730,1,1,600,73.1
364101,364836,364838,735,2,1,600,73.7
364163,364842,364846,679,4,1,600,68.3
364164,364849,364851,685,2,1,600,68.7
364165,364859,364861,694,2,1,600,69.6
364168,364873,364874,705,1,1,600,70.6
364170,364880,364882,710,2,1,600,71.2
364171,364892,364894,721,2,1,600,72.3
364172,364899,364900,727,1,1,600,72.8
364174,364905,364907,731,2,1,600,73.3
364175,364912,364914,737,2,1,600,73.9
364176,364918,364919,742,1,1,600,74.3
364238,364926,364928,688,2,1,600,69.0
364239,364933,364934,694,1,1,600,69.5
364241,364939,364941,698,2,1,600,70.0
364242,364952,364953,710,1,1,600,71.1
364243,364964,364965,721,1,1,600,72.2
364245,364971,364972,726,1,1,600,72.7
364248,364984,364987,736,3,1,600,73.9
364249,364991,364994,742,3,1,600,74.5
364251,365011,365012,760,1,1,600,76.1
364312,365016,365019,704,3,1,600,70.7
364313,365023,365025,710,2,1,600,71.2
364315,365031,365032,716,1,1,600,71.7
364316,365037,365076,721,39,1,600,19.4871794872
364318,365044,365045,726,1,1,600,72.7
364319,365056,365058,737,2,1,600,73.9
364320,365070,365072,750,2,1,600,75.2
364322,365090,365092,768,2,1,600,77.0
364323,365095,365097,772,2,1,600,77.4
364325,365101,365102,776,1,1,600,77.7
364386,365106,365107,720,1,1,600,72.1
364387,365118,365120,731,2,1,600,73.3
364389,365124,365126,735,2,1,600,73.7
364390,365136,365137,746,1,1,600,74.7
364392,365142,365143,750,1,1,600,75.1
364393,365153,365156,760,3,1,600,76.3
364394,365159,365161,765,2,1,600,76.7
364396,365164,365165,768,1,1,600,76.9
364457,365178,365179,721,1,1,600,72.2
364459,365183,365185,724,2,1,600,72.6
364460,365190,365192,730,2,1,600,73.2
364461,365197,365199,736,2,1,600,73.8
364463,365204,365205,741,1,1,600,74.2
364464,365210,365212,746,2,1,600,74.8
364466,365217,365226,751,9,1,600,76.0
364467,365225,365230,758,5,1,600,76.3
364468,365240,365243,772,3,1,600,77.5
364530,365252,365253,722,1,1,600,72.3
364531,365259,365261,728,2,1,600,73.0
364532,365265,365267,733,2,1,600,73.5
364534,365277,365278,743,1,1,600,74.4
364535,365284,365285,749,1,1,600,75.0
364537,365290,365292,753,2,1,600,75.5
364538,365298,365299,760,1,1,600,76.1
364539,365304,365306,765,2,1,600,76.7
364541,365312,365313,771,1,1,600,77.2
364542,365319,365320,777,1,1,600,77.8
364604,365326,365327,722,1,1,600,72.3
364605,365332,365334,727,2,1,600,72.9
364606,365339,365343,733,4,1,600,73.7
364608,365346,365347,738,1,1,600,73.9
364609,365360,365361,751,1,1,600,75.2
364611,365365,365372,754,7,1,600,76.1
364614,365384,365385,770,1,1,600,77.1
364615,365390,365392,775,2,1,600,77.7
364616,365397,365399,781,2,1,600,78.3
364618,365405,365407,787,2,1,600,78.9
364679,365412,365414,733,2,1,600,73.5
364682,365433,365440,751,7,1,600,75.8
364683,365438,365443,755,5,1,600,76.0
364685,365457,365458,772,1,1,600,77.3
364686,365469,365471,783,2,1,600,78.5
364688,365476,365478,788,2,1,600,79.0
364689,365483,365484,794,1,1,600,79.5
364690,365490,365492,800,2,1,600,80.2
364692,365497,365498,805,1,1,600,80.6
364693,365509,365511,816,2,1,600,81.8
364755,365517,365520,762,3,1,600,76.5
364756,365524,365525,768,1,1,600,76.9
364757,365532,365533,775,1,1,600,77.6
364759,365539,365540,780,1,1,600,78.1
364760,365545,365548,785,3,1,600,78.8
364762,365553,365554,791,1,1,600,79.2
364763,365560,365562,797,2,1,600,79.9
364764,365566,365567,802,1,1,600,80.3
364766,365574,365575,808,1,1,600,80.9
364767,365581,365582,814,1,1,600,81.5
364768,365587,365589,819,2,1,600,82.1
364830,365600,365601,770,1,1,600,77.1
364831,365607,365608,776,1,1,600,77.7
364833,365614,365615,781,1,1,600,78.2
364834,365621,365623,787,2,1,600,78.9
364836,365627,365629,791,2,1,600,79.3
364837,365636,365638,799,2,1,600,80.1
364838,365642,365644,804,2,1,600,80.6
364840,365649,365652,809,3,1,600,81.2
364841,365655,365656,814,1,1,600,81.5
364889,364947,369308,58,4361,5,14400,1.0132997019
364904,365671,365673,767,2,1,600,76.9
364906,365678,365679,772,1,1,600,77.3
364907,365685,365687,778,2,1,600,78.0
364908,365692,365693,784,1,1,600,78.5
364911,365706,365707,795,1,1,600,79.6
364912,365712,365749,800,37,1,600,22.6216216216
364914,365719,365721,805,2,1,600,80.7
364915,365733,365735,818,2,1,600,82.0
364952,364959,369179,7,4220,5,14400,1.00165876777
364962,365006,368847,44,3841,5,14400,1.01145535017
364977,365747,365749,770,2,1,600,77.2
364978,365761,365762,783,1,1,600,78.4
364980,365766,365768,786,2,1,600,78.8
364982,365785,365786,803,1,1,600,80.4
364984,365797,365799,813,2,1,600,81.5
364985,365803,365805,818,2,1,600,82.0
364988,365818,365819,830,1,1,600,83.1
365004,365082,369321,78,4239,5,14400,1.01840056617
365051,365831,365833,780,2,1,600,78.2
365052,365838,365840,786,2,1,600,78.8
365054,365846,365847,792,1,1,600,79.3
365055,365852,365854,797,2,1,600,79.9
365056,365859,365860,803,1,1,600,80.4
365058,365866,365867,808,1,1,600,80.9
365087,365113,369111,26,3998,5,14400,1.00650325163
365118,365131,369838,13,4707,5,14400,1.00276184406
365119,365873,365874,754,1,1,600,75.5
365125,365901,365902,776,1,1,600,77.7
365126,365907,365909,781,2,1,600,78.3
365129,365148,369734,19,4586,5,14400,1.00414304405
365129,365922,365923,793,1,1,600,79.4
365150,365171,370060,21,4889,5,14400,1.00429535692
365171,365234,369256,63,4022,5,14400,1.01566384883
365191,365929,365930,738,1,1,600,73.9
365192,365936,365937,744,1,1,600,74.5
365193,365942,365943,749,1,1,600,75.0
365196,365957,365958,761,1,1,600,76.2
365199,365976,365978,777,2,1,600,77.9
365200,365988,365989,788,1,1,600,78.9
365202,365994,365996,792,2,1,600,79.4
365234,365247,369027,13,3780,5,14400,1.00343915344
365244,365272,370079,28,4807,5,14400,1.00582483878
365263,366001,366003,738,2,1,600,74.0
365265,366008,366009,743,1,1,600,74.4
365266,366021,366022,755,1,1,600,75.6
365267,366027,366029,760,2,1,600,76.2
365271,366054,366056,783,2,1,600,78.5
365273,366061,366062,788,1,1,600,78.9
365274,366068,366070,794,2,1,600,79.6
365276,365353,369277,77,3924,5,14400,1.01962283384
365336,366074,366075,738,1,1,600,73.9
365337,366086,366087,749,1,1,600,75.0
365338,366094,366095,756,1,1,600,75.7
365340,366101,366107,761,6,1,600,76.7
365341,366108,366109,767,1,1,600,76.8
365343,366120,366121,777,1,1,600,77.8
365346,366134,366135,788,1,1,600,78.9
365347,366146,366149,799,3,1,600,80.2
365348,365426,369319,78,3893,5,14400,1.02003596198
365409,366153,366154,744,1,1,600,74.5
365410,366160,366162,750,2,1,600,75.2
365412,366167,366168,755,1,1,600,75.6
365413,366174,366175,761,1,1,600,76.2
365416,366188,366189,772,1,1,600,77.3
365418,366194,366195,776,1,1,600,77.7
365419,366202,366203,783,1,1,600,78.4
365421,366209,366210,788,1,1,600,78.9
365422,366221,366223,799,2,1,600,80.1
365431,365452,370365,21,4913,5,14400,1.00427437411
365452,365464,369522,12,4058,5,14400,1.00295712173
365463,365504,370097,41,4593,5,14400,1.00892662748
365484,366227,366229,743,2,1,600,74.5
365485,366235,366236,750,1,1,600,75.1
365487,366241,366244,754,3,1,600,75.7
365491,366262,366264,771,2,1,600,77.3
365492,366270,366273,778,3,1,600,78.1
365505,365595,369919,90,4324,5,14400,1.02081406105
365554,366277,366279,723,2,1,600,72.5
365557,366292,366294,735,2,1,600,73.7
365558,366299,366300,741,1,1,600,74.2
365560,366311,366312,751,1,1,600,75.2
365561,366318,366322,757,4,1,600,76.1
365564,366335,366336,771,1,1,600,77.2
365565,366342,366343,777,1,1,600,77.8
365598,365773,370317,175,4544,5,14400,1.03851232394
365627,366349,366351,722,2,1,600,72.4
365628,366355,366358,727,3,1,600,73.0
365630,366362,366364,732,2,1,600,73.4
365631,366369,366370,738,1,1,600,73.9
365632,366375,366376,743,1,1,600,74.4
365634,366382,366386,748,4,1,600,75.2
365635,366389,366390,754,1,1,600,75.5
365637,366398,366399,761,1,1,600,76.2
365638,366405,366406,767,1,1,600,76.8
365639,366411,366413,772,2,1,600,77.4
365701,366419,366420,718,1,1,600,71.9
365702,366431,366433,729,2,1,600,73.1
365704,366437,366440,733,3,1,600,73.6
365705,366444,366446,739,2,1,600,74.1
365706,366456,366459,750,3,1,600,75.3
365708,366464,366466,756,2,1,600,75.8
365709,366471,366472,762,1,1,600,76.3
365711,366478,366479,767,1,1,600,76.8
365712,366484,366517,772,33,1,600,24.3939393939
365713,366491,366493,778,2,1,600,78.0
365715,366504,366506,789,2,1,600,79.1
365773,365792,369710,19,3918,5,14400,1.00484941297
365776,366517,366519,741,2,1,600,74.3
365778,366529,366531,751,2,1,600,75.3
365779,366536,366537,757,1,1,600,75.8
365780,366543,366544,763,1,1,600,76.4
365782,366550,366555,768,5,1,600,77.3
365783,366557,366558,774,1,1,600,77.5
365795,365971,370233,176,4262,5,14400,1.04129516659
365845,366568,366570,723,2,1,600,72.5
365846,366574,366576,728,2,1,600,73.0
365848,366583,366584,735,1,1,600,73.6
365849,366590,366592,741,2,1,600,74.3
365850,366597,366598,747,1,1,600,74.8
365852,366604,366605,752,1,1,600,75.3
365853,366611,366614,758,3,1,600,76.1
365855,366617,366619,762,2,1,600,76.4
365856,366626,366628,770,2,1,600,77.2
365857,366633,366634,776,1,1,600,77.7
365919,366640,366651,721,11,1,600,66.5454545455
365920,366647,366648,727,1,1,600,72.8
365922,366660,366662,738,2,1,600,74.0
365923,366667,366669,744,2,1,600,74.6
365924,366673,366675,749,2,1,600,75.1
365926,366680,366685,754,5,1,600,75.9
365927,366688,366689,761,1,1,600,76.2
365929,366697,366698,768,1,1,600,76.9
365930,366704,366706,774,2,1,600,77.6
365931,366710,366712,779,2,1,600,78.1
365933,366718,366719,785,1,1,600,78.6
365970,365983,370127,13,4144,5,14400,1.00313706564
365981,366016,370448,35,4432,5,14400,1.00789711191
365994,366725,366730,731,5,1,600,73.6
365996,366731,366732,735,1,1,600,73.6
365998,366749,366750,751,1,1,600,75.2
366000,366756,366758,756,2,1,600,75.8
366002,366770,366772,768,2,1,600,77.0
366004,366777,366779,773,2,1,600,77.5
366012,366049,369755,37,3706,5,14400,1.00998381004
366054,366081,370358,27,4277,5,14400,1.0063128361
366067,366792,366793,725,1,1,600,72.6
366068,366798,366800,730,2,1,600,73.2
366070,366805,366808,735,3,1,600,73.8
366071,366812,366815,741,3,1,600,74.4
366073,366819,366820,746,1,1,600,74.7
366074,366827,366828,753,1,1,600,75.4
366075,366834,366835,759,1,1,600,76.0
366077,366841,366842,764,1,1,600,76.5
366078,366848,366849,770,1,1,600,77.1
366085,366141,370185,56,4044,5,14400,1.01384767557
366138,366216,371136,78,4920,5,14400,1.01585365854
366141,366862,366864,721,2,1,600,72.3
366143,366869,366871,726,2,1,600,72.8
366144,366875,366878,731,3,1,600,73.4
366147,366890,366891,743,1,1,600,74.4
366148,366897,366898,749,1,1,600,75.0
366211,366910,366911,699,1,1,600,70.0
366213,366918,366924,705,6,1,600,71.1
366214,366925,366927,711,2,1,600,71.3
366215,366935,366937,720,2,1,600,72.2
366217,366942,366945,725,3,1,600,72.8
366218,366950,366951,732,1,1,600,73.3
366219,366956,366957,737,1,1,600,73.8
366221,366963,366965,742,2,1,600,74.4
366221,366306,371078,85,4772,5,14400,1.01781223806
366222,366970,366971,748,1,1,600,74.9
366224,366977,366978,753,1,1,600,75.4
366285,366984,366985,699,1,1,600,70.0
366287,366991,366992,704,1,1,600,70.5
366288,366998,367000,710,2,1,600,71.2
366291,367012,367014,721,2,1,600,72.3
366292,367019,367020,727,1,1,600,72.8
366294,367026,367027,732,1,1,600,73.3
366295,367032,367033,737,1,1,600,73.8
366298,367046,367048,748,2,1,600,75.0
366300,367053,367061,753,8,1,600,76.1
366304,366426,371160,122,4734,5,14400,1.02577101817
366361,367060,367069,699,9,1,600,70.8
366364,367081,367082,717,1,1,600,71.8
366365,367088,367089,723,1,1,600,72.4
366368,367102,367103,734,1,1,600,73.5
366370,367108,367115,738,7,1,600,74.5
366371,367115,367119,744,4,1,600,74.8
366372,367128,367131,756,3,1,600,75.9
366428,366451,371555,23,5104,5,14400,1.00450626959
366434,367135,367136,701,1,1,600,70.2
366435,367142,367144,707,2,1,600,70.9
366437,367149,367150,712,1,1,600,71.3
366438,367157,367159,719,2,1,600,72.1
366440,367164,367166,724,2,1,600,72.6
366441,367171,367172,730,1,1,600,73.1
366442,367178,367179,736,1,1,600,73.7
366444,367185,367186,741,1,1,600,74.2
366447,367198,367199,751,1,1,600,75.2
366449,367376,371435,927,4059,5,14400,1.22838137472
366509,367212,367213,703,1,1,600,70.4
366514,367233,367239,719,6,1,600,72.5
366515,367240,367241,725,1,1,600,72.6
366517,367251,367252,734,1,1,600,73.5
366578,367258,367259,680,1,1,600,68.1
366579,367264,367265,685,1,1,600,68.6
366581,367270,367273,689,3,1,600,69.2
366584,367285,367287,701,2,1,600,70.3
366585,367291,367293,706,2,1,600,70.8
366586,367299,367300,713,1,1,600,71.4
366588,367306,367307,718,1,1,600,71.9
366589,367313,367314,724,1,1,600,72.5
366655,367341,367342,686,1,1,600,68.7
366656,367348,367349,692,1,1,600,69.3
366658,367355,367356,697,1,1,600,69.8
366659,367362,367363,703,1,1,600,70.4
366660,367369,367370,709,1,1,600,71.0
366662,367383,367384,721,1,1,600,72.2
366663,367395,367396,732,1,1,600,73.3
366725,367410,367414,685,4,1,600,68.9
366726,367426,367428,700,2,1,600,70.2
366727,367440,367441,713,1,1,600,71.4
366729,367453,367455,724,2,1,600,72.6
366732,367479,367482,747,3,1,600,75.0
366736,367520,367521,784,1,1,600,78.5
366737,367533,367534,796,1,1,600,79.7
366739,367545,367546,806,1,1,600,80.7
366800,367559,367560,759,1,1,600,76.0
366801,367572,367573,771,1,1,600,77.2
366803,367585,367586,782,1,1,600,78.3
366804,367599,367600,795,1,1,600,79.6
366806,367612,367614,806,2,1,600,80.8
366807,367626,367627,819,1,1,600,82.0
366808,367639,367640,831,1,1,600,83.2
366810,367651,367653,841,2,1,600,84.3
366873,367677,367678,804,1,1,600,80.5
366875,367702,367708,827,6,1,600,83.3
366877,367721,367722,844,1,1,600,84.5
366878,367734,367735,856,1,1,600,85.7
366880,367747,367748,867,1,1,600,86.8
366885,367798,367799,913,1,1,600,91.4
366886,367811,367813,925,2,1,600,92.7
366948,367825,367826,877,1,1,600,87.8
366949,367838,367839,889,1,1,600,89.0
366951,367851,367853,900,2,1,600,90.2
366954,367877,367879,923,2,1,600,92.5
366956,367904,367905,948,1,1,600,94.9
366958,367917,367918,959,1,1,600,96.0
366959,367930,367932,971,2,1,600,97.3
366961,367944,367945,983,1,1,600,98.4
367022,367957,367958,935,1,1,600,93.6
367025,367981,367984,956,3,1,600,95.9
367026,367996,367997,970,1,1,600,97.1
367028,368009,368010,981,1,1,600,98.2
367029,368022,368023,993,1,1,600,99.4
367030,368036,368037,1006,1,1,600,100.7
367033,368061,368063,1028,2,1,600,103.0
367035,368074,368076,1039,2,1,600,104.1
367036,368088,368091,1052,3,1,600,105.5
367098,368103,368104,1005,1,1,600,100.6
367099,368115,368118,1016,3,1,600,101.9
367102,368142,368143,1040,1,1,600,104.1
367103,368155,368157,1052,2,1,600,105.4
367105,368168,368170,1063,2,1,600,106.5
367106,368181,368183,1075,2,1,600,107.7
367108,368194,368196,1086,2,1,600,108.8
367109,368207,368211,1098,4,1,600,110.2
367110,368223,368225,1113,2,1,600,111.5
367172,368236,368238,1064,2,1,600,106.6
367173,368249,368250,1076,1,1,600,107.7
367175,368262,368264,1087,2,1,600,108.9
367176,368275,368277,1099,2,1,600,110.1
367178,368289,368293,1111,4,1,600,111.5
367179,368304,368305,1125,1,1,600,112.6
367180,368317,368330,1137,13,1,600,88.4615384615
367182,368342,368344,1160,2,1,600,116.2
367183,368355,368357,1172,2,1,600,117.4
367246,368380,368381,1134,1,1,600,113.5
367248,368393,368395,1145,2,1,600,114.7
367249,368408,368409,1159,1,1,600,116.0
367251,368421,368422,1170,1,1,600,117.1
367252,368433,368443,1181,10,1,600,119.1
367253,368455,368460,1202,5,1,600,120.7
367255,368471,368472,1216,1,1,600,121.7
367256,368486,368488,1230,2,1,600,123.2
367258,368499,368501,1241,2,1,600,124.3
367259,368513,368514,1254,1,1,600,125.5
367321,368525,368536,1204,11,1,600,110.454545455
367322,368548,368549,1226,1,1,600,122.7
367323,368560,368561,1237,1,1,600,123.8
367325,368573,368575,1248,2,1,600,125.0
367326,368586,368588,1260,2,1,600,126.2
367328,368600,368602,1272,2,1,600,127.4
367329,368614,368616,1285,2,1,600,128.7
367331,368627,368629,1296,2,1,600,129.8
367332,368640,368642,1308,2,1,600,131.0
367333,368653,368655,1320,2,1,600,132.2
367335,368667,368669,1332,2,1,600,133.4
367374,368823,372980,1449,4157,5,14400,1.34856867934
367396,368680,368686,1284,6,1,600,129.0
367398,368697,368699,1299,2,1,600,130.1
367399,368710,368713,1311,3,1,600,131.4
367401,368724,368726,1323,2,1,600,132.5
367402,368737,368738,1335,1,1,600,133.6
367404,368750,368751,1346,1,1,600,134.7
367405,368762,368764,1357,2,1,600,135.9
367407,368775,368777,1368,2,1,600,137.0
367468,368789,368790,1321,1,1,600,132.2
367470,368801,368803,1331,2,1,600,133.3
367471,368817,368818,1346,1,1,600,134.7
367473,368830,368831,1357,1,1,600,135.8
367474,368843,368844,1369,1,1,600,137.0
367536,368855,368857,1319,2,1,600,132.1
367540,368893,368895,1353,2,1,600,135.5
367541,368906,368908,1365,2,1,600,136.7
367603,368919,368920,1316,1,1,600,131.7
367604,368931,368934,1327,3,1,600,133.0
367606,368945,368947,1339,2,1,600,134.1
367607,368959,368960,1352,1,1,600,135.3
367608,368971,368993,1363,22,1,600,62.9545454545
367670,369004,369007,1334,3,1,600,133.7
367672,369019,369020,1347,1,1,600,134.8
367673,369031,369033,1358,2,1,600,136.0
367675,369046,369047,1371,1,1,600,137.2
367676,369058,369060,1382,2,1,600,138.4
367738,369071,369072,1333,1,1,600,133.4
367739,369084,369085,1345,1,1,600,134.6
367741,369097,369098,1356,1,1,600,135.7
367742,369109,369111,1367,2,1,600,136.9
367744,369128,369129,1384,1,1,600,138.5
367805,369141,369146,1336,5,1,600,134.1
367807,369157,369159,1350,2,1,600,135.2
367808,369171,369172,1363,1,1,600,136.4
367810,369184,369185,1374,1,1,600,137.5
367811,369198,369199,1387,1,1,600,138.8
367874,369223,369228,1349,5,1,600,135.4
367876,369241,369250,1365,9,1,600,137.4
367877,369262,369264,1385,2,1,600,138.7
367879,369275,369276,1396,1,1,600,139.7
367940,369293,369295,1353,2,1,600,135.5
367942,369307,369312,1365,5,1,600,137.0
367943,369326,369328,1383,2,1,600,138.5
367945,369346,369347,1401,1,1,600,140.2
367946,369360,369362,1414,2,1,600,141.6
368008,369374,369375,1366,1,1,600,136.7
368009,369386,369394,1377,8,1,600,138.5
368010,369406,369407,1396,1,1,600,139.7
368012,369418,369421,1406,3,1,600,140.9
368013,369433,369434,1420,1,1,600,142.1
368075,369446,369447,1371,1,1,600,137.2
368076,369458,369461,1382,3,1,600,138.5
368077,369473,369474,1396,1,1,600,139.7
368080,369498,369500,1418,2,1,600,142.0
368143,369523,369525,1380,2,1,600,138.2
368144,369541,369542,1397,1,1,600,139.8
368145,369554,369556,1409,2,1,600,141.1
368146,369569,369570,1423,1,1,600,142.4
368208,369583,369584,1375,1,1,600,137.6
368209,369595,369597,1386,2,1,600,138.8
368210,369608,369610,1398,2,1,600,140.0
368212,369621,369623,1409,2,1,600,141.1
368213,369634,369636,1421,2,1,600,142.3
368274,369648,369649,1374,1,1,600,137.5
368276,369660,369662,1384,2,1,600,138.6
368277,369673,369675,1396,2,1,600,139.8
368278,369686,369688,1408,2,1,600,141.0
368280,369699,369701,1419,2,1,600,142.1
368341,369712,369714,1371,2,1,600,137.3
368342,369727,369732,1385,5,1,600,139.0
368344,369743,369745,1399,2,1,600,140.1
368345,369756,369758,1411,2,1,600,141.3
368406,369773,369775,1367,2,1,600,136.9
368409,369798,369800,1389,2,1,600,139.1
368412,369824,369825,1412,1,1,600,141.3
368473,369838,369840,1365,2,1,600,136.7
368474,369857,369859,1383,2,1,600,138.5
368476,369870,369871,1394,1,1,600,139.5
368477,369882,369883,1405,1,1,600,140.6
368478,369894,369896,1416,2,1,600,141.8
368540,369908,369910,1368,2,1,600,137.0
368541,369922,369925,1381,3,1,600,138.4
368543,369937,369939,1394,2,1,600,139.6
368544,369951,369952,1407,1,1,600,140.8
368605,369964,369974,1359,10,1,600,136.9
368608,369997,369998,1389,1,1,600,139.0
368609,370009,370011,1400,2,1,600,140.2
368611,370022,370031,1411,9,1,600,142.0
368672,370042,370045,1370,3,1,600,137.3
368673,370056,370057,1383,1,1,600,138.4
368675,370068,370070,1393,2,1,600,139.5
368676,370081,370083,1405,2,1,600,140.7
368678,370098,370099,1420,1,1,600,142.1
368739,370116,370117,1377,1,1,600,137.8
368740,370128,370129,1388,1,1,600,138.9
368743,370157,370160,1414,3,1,600,141.7
368744,370171,370202,1427,31,1,600,47.0322580645
368806,370214,370215,1408,1,1,600,140.9
368807,370226,370227,1419,1,1,600,142.0
368808,370238,370240,1430,2,1,600,143.2
368810,370252,370255,1442,3,1,600,144.5
368811,370266,370267,1455,1,1,600,145.6
368822,368862,373549,40,4687,5,14400,1.00853424365
368863,369040,373734,177,4694,5,14400,1.03770771197
368872,370278,370279,1406,1,1,600,140.7
368874,370291,370294,1417,3,1,600,142.0
368875,370306,370308,1431,2,1,600,143.3
368876,370319,370320,1443,1,1,600,144.4
368878,370335,370337,1457,2,1,600,145.9
368939,370348,370350,1409,2,1,600,141.1
368941,370361,370364,1420,3,1,600,142.3
368942,370376,370377,1434,1,1,600,143.5
368943,370390,370391,1447,1,1,600,144.8
368944,370402,370404,1458,2,1,600,146.0
369006,370415,370417,1409,2,1,600,141.1
369007,370428,370430,1421,2,1,600,142.3
369009,370442,370444,1433,2,1,600,143.5
369039,369123,373041,84,3918,5,14400,1.02143950995
369070,370455,370456,1385,1,1,600,138.6
369072,370468,370470,1396,2,1,600,139.8
369073,370482,370483,1409,1,1,600,141.0
369074,370495,370498,1421,3,1,600,142.4
369075,370509,370510,1434,1,1,600,143.5
369122,369190,373113,68,3923,5,14400,1.01733367321
369138,370534,370536,1396,2,1,600,139.8
369140,370548,370549,1408,1,1,600,140.9
369142,370572,370573,1430,1,1,600,143.1
369194,369268,373255,74,3987,5,14400,1.01856032104
369204,370585,370586,1381,1,1,600,138.2
369205,370597,370599,1392,2,1,600,139.4
369207,370611,370612,1404,1,1,600,140.5
369208,370624,370630,1416,6,1,600,142.2
369209,370642,370644,1433,2,1,600,143.5
369266,369288,373308,22,4020,5,14400,1.00547263682
369271,370655,370657,1384,2,1,600,138.6
369272,370668,370671,1396,3,1,600,139.9
369273,370682,370683,1409,1,1,600,141.0
369275,370694,370696,1419,2,1,600,142.1
369288,369319,373395,31,4076,5,14400,1.00760549558
369319,369334,373689,15,4355,5,14400,1.00344431688
369330,369340,373923,10,4583,5,14400,1.00218197687
369336,370707,370710,1371,3,1,600,137.4
369338,370721,370723,1383,2,1,600,138.5
369339,370734,370738,1395,4,1,600,139.9
369340,370749,370752,1409,3,1,600,141.2
369341,369534,373508,193,3974,5,14400,1.0485656769
369402,370763,370765,1361,2,1,600,136.3
369403,370776,370778,1373,2,1,600,137.5
369405,370790,370791,1385,1,1,600,138.6
369406,370802,370804,1396,2,1,600,139.8
369467,370816,370817,1349,1,1,600,135.0
369469,370829,370838,1360,9,1,600,136.9
369470,370850,370851,1380,1,1,600,138.1
369472,370863,370864,1391,1,1,600,139.2
369473,370875,370877,1402,2,1,600,140.4
369534,370888,370890,1354,2,1,600,135.6
369536,370901,370903,1365,2,1,600,136.7
369536,369721,374452,185,4731,5,14400,1.03910378356
369538,370928,370930,1390,2,1,600,139.2
369540,370941,370944,1401,3,1,600,140.4
369601,370955,370957,1354,2,1,600,135.6
369603,370968,370970,1365,2,1,600,136.7
369604,370981,370983,1377,2,1,600,137.9
369607,371007,371008,1400,1,1,600,140.1
369668,371021,371022,1353,1,1,600,135.4
369669,371033,371036,1364,3,1,600,136.7
369671,371049,371050,1378,1,1,600,137.9
369722,369749,374582,27,4833,5,14400,1.00558659218
369735,371086,371088,1351,2,1,600,135.3
369736,371100,371102,1364,2,1,600,136.6
369737,371115,371116,1378,1,1,600,137.9
369739,371127,371131,1388,4,1,600,139.2
369740,371143,371145,1403,2,1,600,140.5
369753,369767,374151,14,4384,5,14400,1.00319343066
369764,369850,373884,86,4034,5,14400,1.02131879028
369801,371156,371158,1355,2,1,600,135.7
369803,371170,371171,1367,1,1,600,136.8
369804,371184,371185,1380,1,1,600,138.1
369805,371197,371204,1392,7,1,600,139.9
369807,371215,371217,1408,2,1,600,141.0
369846,369930,373794,84,3864,5,14400,1.02173913043
369868,371229,371230,1361,1,1,600,136.2
369869,371241,371243,1372,2,1,600,137.4
369871,371255,371256,1384,1,1,600,138.5
369872,371267,371268,1395,1,1,600,139.6
369929,370075,374685,146,4610,5,14400,1.031670282
369934,371279,371281,1345,2,1,600,134.7
369935,371292,371293,1357,1,1,600,135.8
369936,371304,371306,1368,2,1,600,137.0
369937,371317,371319,1380,2,1,600,138.2
369939,371331,371332,1392,1,1,600,139.3
370000,371345,371346,1345,1,1,600,134.6
370003,371370,371371,1367,1,1,600,136.8
370004,371383,371384,1379,1,1,600,138.0
370005,371396,371397,1391,1,1,600,139.2
370067,371410,371411,1343,1,1,600,134.4
370068,371423,371424,1355,1,1,600,135.6
370069,371435,371437,1366,2,1,600,136.8
370071,371453,371454,1382,1,1,600,138.3
370074,370091,374215,17,4124,5,14400,1.00412221145
370095,370109,374068,14,3959,5,14400,1.00353624653
370105,370138,375017,33,4879,5,14400,1.00676368108
370132,371466,371467,1334,1,1,600,133.5
370134,371479,371481,1345,2,1,600,134.7
370135,371493,371502,1358,9,1,600,136.7
370136,371514,371515,1378,1,1,600,137.9
370137,370197,374961,60,4764,5,14400,1.01259445844
370137,371527,371528,1390,1,1,600,139.1
370199,371540,371541,1341,1,1,600,134.2
370199,370246,374460,47,4214,5,14400,1.01115329853
370200,371552,371555,1352,3,1,600,135.5
370251,370329,374179,78,3850,5,14400,1.02025974026
370262,371572,371577,1310,5,1,600,131.5
370263,371588,371590,1325,2,1,600,132.7
370264,371602,371606,1338,4,1,600,134.2
370265,371618,371620,1353,2,1,600,135.5
370267,371632,371633,1365,1,1,600,136.6
370328,371644,371645,1316,1,1,600,131.7
370329,371656,371658,1327,2,1,600,132.9
370331,371669,371670,1338,1,1,600,133.9
370332,371682,371683,1350,1,1,600,135.1
370333,370370,374354,37,3984,5,14400,1.00928714859
370333,371694,371696,1361,2,1,600,136.3
370375,370382,374969,7,4587,5,14400,1.00152605189
370386,370462,375370,76,4908,5,14400,1.01548492258
370395,371708,371709,1313,1,1,600,131.4
370396,371721,371725,1325,4,1,600,132.9
370397,371736,371747,1339,11,1,600,122.727272727
370399,371759,371761,1360,2,1,600,136.2
370400,371773,371774,1373,1,1,600,137.4
370458,371094,375592,636,4498,5,14400,1.14139617608
370462,371786,371794,1324,8,1,600,133.2
370463,371807,371808,1344,1,1,600,134.5
370464,371820,371822,1356,2,1,600,135.8
370465,371833,371835,1368,2,1,600,137.0
370467,371847,371848,1380,1,1,600,138.1
370528,371859,371870,1331,11,1,600,122.0
370531,371893,371894,1362,1,1,600,136.3
370532,371906,371907,1374,1,1,600,137.5
370533,371918,371919,1385,1,1,600,138.6
370595,371931,371933,1336,2,1,600,133.8
370596,371945,371946,1349,1,1,600,135.0
370597,371957,371958,1360,1,1,600,136.1
370599,371970,371971,1371,1,1,600,137.2
370600,371982,371984,1382,2,1,600,138.4
370661,371996,371998,1335,2,1,600,133.7
370663,372010,372021,1347,11,1,600,123.454545455
370664,372032,372033,1368,1,1,600,136.9
370665,372044,372046,1379,2,1,600,138.1
370667,372057,372059,1390,2,1,600,139.2
370728,372071,372072,1343,1,1,600,134.4
370729,372084,372085,1355,1,1,600,135.6
370731,372097,372103,1366,6,1,600,137.2
370732,372114,372116,1382,2,1,600,138.4
370733,372128,372130,1395,2,1,600,139.7
370795,372141,372148,1346,7,1,600,135.3
370796,372159,372161,1363,2,1,600,136.5
370797,372172,372175,1375,3,1,600,137.8
370799,372186,372189,1387,3,1,600,139.0
370800,372203,372204,1403,1,1,600,140.4
370861,372216,372217,1355,1,1,600,135.6
370864,372240,372242,1376,2,1,600,137.8
370866,372254,372255,1388,1,1,600,138.9
370927,372266,372267,1339,1,1,600,134.0
370928,372279,372280,1351,1,1,600,135.2
370930,372292,372329,1362,37,1,600,37.8108108108
370931,372340,372349,1409,9,1,600,141.8
370932,372361,372365,1429,4,1,600,143.3
370994,372377,372378,1383,1,1,600,138.4
370997,372401,372403,1404,2,1,600,140.6
370998,372415,372416,1417,1,1,600,141.8
370999,372428,372429,1429,1,1,600,143.0
371001,372440,372442,1439,2,1,600,144.1
371062,372453,372455,1391,2,1,600,139.3
371063,372466,372468,1403,2,1,600,140.5
371065,372480,372481,1415,1,1,600,141.6
371066,372493,372494,1427,1,1,600,142.8
371096,371149,375917,53,4768,5,14400,1.01111577181
371128,372506,372508,1378,2,1,600,138.0
371129,372519,372521,1390,2,1,600,139.2
371130,372532,372534,1402,2,1,600,140.4
371132,372546,372547,1414,1,1,600,141.5
371133,372558,372560,1425,2,1,600,142.7
371148,371177,375217,29,4040,5,14400,1.00717821782
371179,371447,376138,268,4691,5,14400,1.05713067576
371194,372571,372574,1377,3,1,600,138.0
371196,372585,372587,1389,2,1,600,139.1
371197,372598,372600,1401,2,1,600,140.3
371198,372611,372618,1413,7,1,600,142.0
371200,372630,372632,1430,2,1,600,143.2
371261,372644,372645,1383,1,1,600,138.4
371263,372656,372658,1393,2,1,600,139.5
371264,372670,372671,1406,1,1,600,140.7
371265,372683,372684,1418,1,1,600,141.9
371267,372695,372698,1428,3,1,600,143.1
371328,372710,372711,1382,1,1,600,138.3
371330,372724,372725,1394,1,1,600,139.5
371332,372749,372751,1417,2,1,600,141.9
371334,372763,372764,1429,1,1,600,143.0
371396,372788,372789,1392,1,1,600,139.3
371398,372800,372802,1402,2,1,600,140.4
371399,372815,372817,1416,2,1,600,141.8
371400,372829,372831,1429,2,1,600,143.1
371447,371567,376106,120,4539,5,14400,1.02643754131
371462,372843,372844,1381,1,1,600,138.2
371463,372856,372858,1393,2,1,600,139.5
371465,372870,372872,1405,2,1,600,140.7
371466,372884,372910,1418,26,1,600,55.5384615385
371467,372921,372923,1454,2,1,600,145.6
371529,372934,372936,1405,2,1,600,140.7
371530,372947,372950,1417,3,1,600,142.0
371531,372962,372963,1431,1,1,600,143.2
371533,372975,372976,1442,1,1,600,144.3
371534,372988,372990,1454,2,1,600,145.6
371571,372995,377367,1424,4372,5,14400,1.32570905764
371596,373002,373004,1406,2,1,600,140.8
371597,373016,373017,1419,1,1,600,142.0
371598,373028,373029,1430,1,1,600,143.1
371600,373040,373042,1440,2,1,600,144.2
371661,373058,373059,1397,1,1,600,139.8
371662,373071,373072,1409,1,1,600,141.0
371665,373095,373098,1430,3,1,600,143.3
371683,377603,377812,5920,209,8,259200,29.3253588517
371728,373122,373123,1394,1,1,600,139.5
371729,373135,373136,1406,1,1,600,140.7
371730,373148,373149,1418,1,1,600,141.9
371732,373160,373163,1428,3,1,600,143.1
371733,373174,373175,1441,1,1,600,144.2
371794,373186,373187,1392,1,1,600,139.3
371796,373199,373200,1403,1,1,600,140.4
371797,373211,373213,1414,2,1,600,141.6
371858,373225,373226,1367,1,1,600,136.8
371860,373237,373241,1377,4,1,600,138.1
371861,373252,373255,1391,3,1,600,139.4
371862,373271,373273,1409,2,1,600,141.1
371863,373284,373286,1421,2,1,600,142.3
371925,373297,373299,1372,2,1,600,137.4
371926,373311,373312,1385,1,1,600,138.6
371927,373326,373329,1399,3,1,600,140.2
371929,373341,373342,1412,1,1,600,141.3
371930,373353,373354,1423,1,1,600,142.4
371991,373366,373368,1375,2,1,600,137.7
371993,373379,373381,1386,2,1,600,138.8
371994,373392,373394,1398,2,1,600,140.0
371997,373420,373421,1423,1,1,600,142.4
372058,373432,373434,1374,2,1,600,137.6
372060,373445,373447,1385,2,1,600,138.7
372061,373458,373460,1397,2,1,600,139.9
372062,373471,373472,1409,1,1,600,141.0
372124,373483,373486,1359,3,1,600,136.2
372125,373498,373500,1373,2,1,600,137.5
372126,373511,373512,1385,1,1,600,138.6
372127,373521,373522,1394,1,1,600,139.5
372129,373526,373527,1397,1,1,600,139.8
372190,373533,373534,1343,1,1,600,134.4
372193,373545,373547,1352,2,1,600,135.4
372194,373551,373553,1357,2,1,600,135.9
372195,373557,373558,1362,1,1,600,136.3
372257,373564,373565,1307,1,1,600,130.8
372258,373569,373571,1311,2,1,600,131.3
372259,373574,373584,1315,10,1,600,132.5
372261,373580,373581,1319,1,1,600,132.0
372262,373585,373587,1323,2,1,600,132.5
372323,373592,373593,1269,1,1,600,127.0
372325,373597,373598,1272,1,1,600,127.3
372386,373602,373603,1216,1,1,600,121.7
372387,373607,373609,1220,2,1,600,122.2
372389,373614,373616,1225,2,1,600,122.7
372390,373620,373621,1230,1,1,600,123.1
372451,373625,373626,1174,1,1,600,117.5
372453,373630,373632,1177,2,1,600,117.9
372454,373635,373638,1181,3,1,600,118.4
372455,373641,373643,1186,2,1,600,118.8
372518,373653,373660,1135,7,1,600,114.2
372519,373658,373660,1139,2,1,600,114.1
372521,373663,373664,1142,1,1,600,114.3
372522,373669,373671,1147,2,1,600,114.9
372523,373675,373677,1152,2,1,600,115.4
372585,373681,373683,1096,2,1,600,109.8
372586,373686,373687,1100,1,1,600,110.1
372587,373691,373692,1104,1,1,600,110.5
372589,373697,373698,1108,1,1,600,110.9
372590,373702,373703,1112,1,1,600,111.3
372652,373709,373711,1057,2,1,600,105.9
372653,373714,373716,1061,2,1,600,106.3
372654,373720,373721,1066,1,1,600,106.7
372655,373725,373727,1070,2,1,600,107.2
372657,373730,373732,1073,2,1,600,107.5
372718,373735,373737,1017,2,1,600,101.9
372720,373741,373742,1021,1,1,600,102.2
372722,373764,373765,1042,1,1,600,104.3
372724,373769,373771,1045,2,1,600,104.7
372785,373774,373776,989,2,1,600,99.1
372786,373780,373781,994,1,1,600,99.5
372788,373785,373787,997,2,1,600,99.9
372789,373790,373793,1001,3,1,600,100.4
372791,373796,373798,1005,2,1,600,100.7
372852,373801,373805,949,4,1,600,95.3
372853,373806,373807,953,1,1,600,95.4
372855,373819,373820,964,1,1,600,96.5
372856,373824,373826,968,2,1,600,97.0
372857,373829,373831,972,2,1,600,97.4
372919,373835,373840,916,5,1,600,92.1
372920,373840,373841,920,1,1,600,92.1
372922,373845,373847,923,2,1,600,92.5
372983,373851,373852,868,1,1,600,86.9
372985,373856,373870,871,14,1,600,63.2142857143
372986,373861,373869,875,8,1,600,88.3
372987,373866,373869,879,3,1,600,88.2
372989,373872,373873,883,1,1,600,88.4
372999,373053,377340,54,4287,5,14400,1.01259622113
373050,373900,373902,850,2,1,600,85.2
373051,373905,373907,854,2,1,600,85.6
373051,373128,377075,77,3947,5,14400,1.01950848746
373054,373920,373923,866,3,1,600,86.9
373055,373926,373928,871,2,1,600,87.3
373117,373941,373943,824,2,1,600,82.6
373118,373954,373956,836,2,1,600,83.8
373119,373968,373970,849,2,1,600,85.1
373122,373993,373996,871,3,1,600,87.4
373134,373266,377365,132,4099,5,14400,1.03220297634
373185,374019,374021,834,2,1,600,83.6
373186,374032,374034,846,2,1,600,84.8
373187,374048,374050,861,2,1,600,86.3
373189,374061,374064,872,3,1,600,87.5
373250,374075,374077,825,2,1,600,82.7
373252,374088,374090,836,2,1,600,83.8
373254,374114,374120,860,6,1,600,86.6
373256,374131,374132,875,1,1,600,87.6
373268,373319,377805,51,4486,5,14400,1.01136870263
373317,374144,374145,827,1,1,600,82.8
373319,373413,377531,94,4118,5,14400,1.02282661486
373320,374170,374172,850,2,1,600,85.2
373321,374183,374185,862,2,1,600,86.4
373322,374198,374200,876,2,1,600,87.8
373385,374223,374225,838,2,1,600,84.0
373386,374231,374241,845,10,1,600,85.5
373388,374236,374242,848,6,1,600,85.4
373389,374241,374243,852,2,1,600,85.4
373412,373746,377861,334,4115,5,14400,1.08116646416
373450,374247,374251,797,4,1,600,80.1
373452,374252,374254,800,2,1,600,80.2
373454,374264,374265,810,1,1,600,81.1
373456,374269,374271,813,2,1,600,81.5
373517,374274,374276,757,2,1,600,75.9
373518,374282,374284,764,2,1,600,76.6
373520,374287,374289,767,2,1,600,76.9
373521,374292,374294,771,2,1,600,77.3
373522,374298,374300,776,2,1,600,77.8
373584,374305,374306,721,1,1,600,72.2
373585,374310,374312,725,2,1,600,72.7
373586,374315,374317,729,2,1,600,73.1
373588,374321,374322,733,1,1,600,73.4
373589,374328,374329,739,1,1,600,74.0
373590,374333,374336,743,3,1,600,74.6
373592,374338,374340,746,2,1,600,74.8
373593,374344,374346,751,2,1,600,75.3
373594,374351,374352,757,1,1,600,75.8
373596,374356,374360,760,4,1,600,76.4
373597,374361,374363,764,2,1,600,76.6
373598,374367,374368,769,1,1,600,77.0
373600,374381,374382,781,1,1,600,78.2
373661,374386,374387,725,1,1,600,72.6
373663,374395,374397,732,2,1,600,73.4
373664,374402,374404,738,2,1,600,74.0
373665,374410,374411,745,1,1,600,74.6
373667,374417,374418,750,1,1,600,75.1
373669,374431,374437,762,6,1,600,76.8
373671,374438,374450,767,12,1,600,64.9166666667
373672,374449,374450,777,1,1,600,77.8
373675,374467,374470,792,3,1,600,79.5
373676,374479,374481,803,2,1,600,80.5
373677,374485,374486,808,1,1,600,80.9
373679,374490,374520,811,30,1,600,28.0333333333
373740,374497,374498,757,1,1,600,75.8
373741,374502,374503,761,1,1,600,76.2
373742,373812,377836,70,4024,5,14400,1.01739562624
373743,374509,374510,766,1,1,600,76.7
373744,374516,374517,772,1,1,600,77.3
373745,374521,374522,776,1,1,600,77.7
373748,374535,374536,787,1,1,600,78.8
373749,374540,374543,791,3,1,600,79.4
373751,374546,374548,795,2,1,600,79.7
373752,374553,374554,801,1,1,600,80.2
373753,374558,374559,805,1,1,600,80.6
373755,374565,374569,810,4,1,600,81.4
373756,374570,374571,814,1,1,600,81.5
373813,373879,375285,66,1406,8,6000,1.04694167852
373817,374577,374578,760,1,1,600,76.1
373819,374582,374584,763,2,1,600,76.5
373820,374589,374591,769,2,1,600,77.1
373821,377882,377884,4061,2,12,86400,406.3
373821,374594,374596,773,2,1,600,77.5
373823,374608,374609,785,1,1,600,78.6
373824,374613,374615,789,2,1,600,79.1
373825,374620,374624,795,4,1,600,79.9
373827,374627,374628,800,1,1,600,80.1
373828,374636,374637,808,1,1,600,80.9
373829,374643,374644,814,1,1,600,81.5
373831,374650,374653,819,3,1,600,82.2
373832,374657,374659,825,2,1,600,82.7
373875,373886,375299,11,1413,8,6000,1.00778485492
373885,373934,375352,49,1418,8,6000,1.03455571227
373895,374673,374677,778,4,1,600,78.2
373896,374680,374682,784,2,1,600,78.6
373897,374688,374689,791,1,1,600,79.2
373899,374695,374704,796,9,1,600,80.5
373900,374703,374704,803,1,1,600,80.4
373901,374708,374709,807,1,1,600,80.8
373903,374713,374715,810,2,1,600,81.2
373904,374720,374721,816,1,1,600,81.7
373937,374164,375561,227,1397,8,6000,1.16249105225
373965,374725,374726,760,1,1,600,76.1
373967,374731,374736,764,5,1,600,76.9
373968,374737,374739,769,2,1,600,77.1
373970,374743,374744,773,1,1,600,77.4
373971,374748,374749,777,1,1,600,77.8
373972,374755,374757,783,2,1,600,78.5
373974,374760,374766,786,6,1,600,79.2
373975,374767,374768,792,1,1,600,79.3
374036,374772,374785,736,13,1,600,57.6153846154
374038,374779,374781,741,2,1,600,74.3
374039,374784,374785,745,1,1,600,74.6
374042,374797,374799,755,2,1,600,75.7
374104,374808,374810,704,2,1,600,70.6
374106,374815,374816,709,1,1,600,71.0
374107,374820,374821,713,1,1,600,71.4
374108,374825,374827,717,2,1,600,71.9
374164,374191,375589,27,1398,8,6000,1.01931330472
374170,374832,374841,662,9,1,600,67.1
374171,374837,374839,666,2,1,600,66.8
374172,374843,374845,671,2,1,600,67.3
374174,374849,374851,675,2,1,600,67.7
374195,374374,375780,179,1406,8,6000,1.12731152205
374235,374856,374857,621,1,1,600,62.2
374236,374861,374862,625,1,1,600,62.6
374238,374868,374871,630,3,1,600,63.3
374239,374873,374875,634,2,1,600,63.6
374302,374885,374890,583,5,1,600,58.8
374303,374891,374903,588,12,1,600,50.0
374305,374898,374901,593,3,1,600,59.6
374306,374903,374906,597,3,1,600,60.0
374307,374910,374911,603,1,1,600,60.4
374308,374917,374918,609,1,1,600,61.0
374310,374922,374923,612,1,1,600,61.3
374311,374929,374930,618,1,1,600,61.9
374312,374934,374935,622,1,1,600,62.3
374314,374941,374942,627,1,1,600,62.8
374315,374946,374949,631,3,1,600,63.4
374316,374953,374955,637,2,1,600,63.9
374318,374958,374960,640,2,1,600,64.2
374320,374970,374973,650,3,1,600,65.3
374370,374474,375966,104,1492,8,6000,1.06970509383
374382,374982,374989,600,7,1,600,60.7
374383,375000,375002,617,2,1,600,61.9
374384,375014,375015,630,1,1,600,63.1
374386,375028,375030,642,2,1,600,64.4
374387,375035,375036,648,1,1,600,64.9
374388,375040,375042,652,2,1,600,65.4
374390,375046,375050,656,4,1,600,66.0
374391,375053,375055,662,2,1,600,66.4
374392,375058,375060,666,2,1,600,66.8
374394,375065,375066,671,1,1,600,67.2
374395,375070,375072,675,2,1,600,67.7
374396,375077,375078,681,1,1,600,68.2
374458,375082,375084,624,2,1,600,62.6
374459,375089,375090,630,1,1,600,63.1
374461,375094,375096,633,2,1,600,63.5
374462,375101,375108,639,7,1,600,64.6
374464,375106,375107,642,1,1,600,64.3
374465,375113,375114,648,1,1,600,64.9
374466,375118,375119,652,1,1,600,65.3
374468,375125,375126,657,1,1,600,65.8
374469,375130,375132,661,2,1,600,66.3
374473,374601,376009,128,1408,8,6000,1.09090909091
374531,375137,375138,606,1,1,600,60.7
374532,375142,375145,610,3,1,600,61.3
374534,375149,375150,615,1,1,600,61.6
374535,375154,375156,619,2,1,600,62.1
374536,375161,375162,625,1,1,600,62.6
374538,375166,375174,628,8,1,600,63.6
374539,375173,375174,634,1,1,600,63.5
374540,375178,375180,638,2,1,600,64.0
374542,375185,375186,643,1,1,600,64.4
374545,375197,375199,652,2,1,600,65.4
374597,374977,376385,380,1408,8,6000,1.26988636364
374606,375202,375203,596,1,1,600,59.7
374607,375210,375211,603,1,1,600,60.4
374609,375215,375217,606,2,1,600,60.8
374610,375222,375223,612,1,1,600,61.3
374612,375227,375228,615,1,1,600,61.6
374614,375246,375247,632,1,1,600,63.3
374616,375252,375260,636,8,1,600,64.4
374617,375260,375261,643,1,1,600,64.4
374618,375271,375273,653,2,1,600,65.5
374620,375279,375280,659,1,1,600,66.0
374621,375286,375288,665,2,1,600,66.7
374682,375293,375295,611,2,1,600,61.3
374684,375305,375307,621,2,1,600,62.3
374685,375317,375319,632,2,1,600,63.4
374687,375323,375324,636,1,1,600,63.7
374688,375335,375337,647,2,1,600,64.9
374689,375342,375343,653,1,1,600,65.4
374691,375347,375352,656,5,1,600,66.1
374692,375354,375356,662,2,1,600,66.4
374693,375361,375362,668,1,1,600,66.9
374695,375373,375374,678,1,1,600,67.9
374756,375379,375380,623,1,1,600,62.4
374758,375385,375387,627,2,1,600,62.9
374760,375398,375399,638,1,1,600,63.9
374763,375410,375412,647,2,1,600,64.9
374764,375417,375418,653,1,1,600,65.4
374766,375422,375424,656,2,1,600,65.8
374767,375429,375430,662,1,1,600,66.3
374768,375436,375438,668,2,1,600,67.0
374770,375441,375444,671,3,1,600,67.4
374831,375453,375455,622,2,1,600,62.4
374833,375461,375463,628,2,1,600,63.0
374834,375466,375468,632,2,1,600,63.4
374836,375473,375477,637,4,1,600,64.1
374837,375480,375483,643,3,1,600,64.6
374839,375485,375491,646,6,1,600,65.2
374840,375492,375493,652,1,1,600,65.3
374841,375499,375500,658,1,1,600,65.9
374843,375506,375508,663,2,1,600,66.5
374844,375511,375513,667,2,1,600,66.9
374845,375518,375520,673,2,1,600,67.5
374847,375526,375527,679,1,1,600,68.0
374848,375531,375532,683,1,1,600,68.4
374850,375538,375540,688,2,1,600,69.0
374851,375545,375546,694,1,1,600,69.5
374912,375550,375553,638,3,1,600,64.1
374915,375564,375566,649,2,1,600,65.1
374917,375571,375572,654,1,1,600,65.5
374918,375576,375577,658,1,1,600,65.9
374919,375588,375591,669,3,1,600,67.2
374921,375595,375596,674,1,1,600,67.5
374922,375600,375601,678,1,1,600,67.9
374923,375613,375618,690,5,1,600,69.5
374925,375618,375630,693,12,1,600,58.75
374926,375623,375625,697,2,1,600,69.9
374928,375636,375638,708,2,1,600,71.0
374929,375641,375644,712,3,1,600,71.5
374977,374989,376393,12,1404,8,6000,1.00854700855
374988,375234,376646,246,1412,8,6000,1.17422096317
374991,375649,375654,658,5,1,600,66.3
374992,375654,375656,662,2,1,600,66.4
374995,375666,375667,671,1,1,600,67.2
374996,375673,375674,677,1,1,600,67.8
374998,375678,375682,680,4,1,600,68.4
374999,375683,375684,684,1,1,600,68.5
375000,375691,375693,691,2,1,600,69.3
375002,375696,375698,694,2,1,600,69.6
375063,375704,375705,641,1,1,600,64.2
375065,375709,375711,644,2,1,600,64.6
375066,375716,375717,650,1,1,600,65.1
375068,375721,375728,653,7,1,600,66.0
375069,375727,375734,658,7,1,600,66.5
375072,375739,375740,667,1,1,600,66.8
375075,375751,375753,676,2,1,600,67.8
375138,375764,375766,626,2,1,600,62.8
375139,375769,375771,630,2,1,600,63.2
375140,375776,375777,636,1,1,600,63.7
375142,375781,375783,639,2,1,600,64.1
375143,375788,375790,645,2,1,600,64.7
375145,375793,375795,648,2,1,600,65.0
375146,375805,375808,659,3,1,600,66.2
375147,375810,375818,663,8,1,600,67.1
375149,375818,375819,669,1,1,600,67.0
375150,375823,375826,673,3,1,600,67.6
375151,375830,375849,679,19,1,600,36.7368421053
375153,375835,375837,682,2,1,600,68.4
375214,375842,375844,628,2,1,600,63.0
375216,375847,375849,631,2,1,600,63.3
375217,375854,375856,637,2,1,600,63.9
375218,375860,375863,642,3,1,600,64.5
375220,375866,375868,646,2,1,600,64.8
375221,375873,375875,652,2,1,600,65.4
375223,375878,375879,655,1,1,600,65.6
375224,375885,375886,661,1,1,600,66.2
375226,375890,375893,664,3,1,600,66.7
375227,375897,375898,670,1,1,600,67.1
375228,375902,375907,674,5,1,600,67.9
375231,375914,375915,683,1,1,600,68.4
375235,375299,376704,64,1405,8,6000,1.04555160142
375292,375920,375922,628,2,1,600,63.0
375294,375926,375927,632,1,1,600,63.3
375295,375931,375932,636,1,1,600,63.7
375297,375312,376728,15,1416,8,6000,1.01059322034
375297,375945,375950,648,5,1,600,65.3
375298,375950,375952,652,2,1,600,65.4
375299,375963,375965,664,2,1,600,66.6
375301,375970,375971,669,1,1,600,67.0
375302,375976,375978,674,2,1,600,67.6
375303,375988,375989,685,1,1,600,68.6
375308,375368,376776,60,1408,8,6000,1.04261363636
375365,375995,375999,630,4,1,600,63.4
375366,376001,376003,635,2,1,600,63.7
375368,376012,376019,644,7,1,600,65.1
375369,376019,376020,650,1,1,600,65.1
375370,376033,376034,663,1,1,600,66.4
375371,375583,377000,212,1417,8,6000,1.14961185603
375372,376038,376040,666,2,1,600,66.8
375373,376047,376049,674,2,1,600,67.6
375375,376054,376055,679,1,1,600,68.0
375436,376060,376062,624,2,1,600,62.6
375438,376068,376069,630,1,1,600,63.1
375439,376074,376076,635,2,1,600,63.7
375440,376082,376084,642,2,1,600,64.4
375443,376097,376098,654,1,1,600,65.5
375446,376111,376112,665,1,1,600,66.6
375447,376117,376123,670,6,1,600,67.6
375449,376123,376127,674,4,1,600,67.8
375450,376128,376132,678,4,1,600,68.2
375451,376133,376135,682,2,1,600,68.4
375513,376139,376144,626,5,1,600,63.1
375514,376144,376145,630,1,1,600,63.1
375515,376151,376162,636,11,1,600,58.8181818182
375517,376156,376157,639,1,1,600,64.0
375519,376167,376169,648,2,1,600,65.0
375521,376172,376179,651,7,1,600,65.8
375522,376178,376181,656,3,1,600,65.9
375524,376183,376187,659,4,1,600,66.3
375525,376189,376192,664,3,1,600,66.7
375526,376194,376198,668,4,1,600,67.2
375587,375607,377042,20,1435,8,6000,1.01393728223
375588,376199,376200,611,1,1,600,61.2
375589,376207,376208,618,1,1,600,61.9
375591,376213,376214,622,1,1,600,62.3
375592,376218,376219,626,1,1,600,62.7
375595,376229,376230,634,1,1,600,63.5
375596,376235,376237,639,2,1,600,64.1
375598,376240,376241,642,1,1,600,64.3
375599,376245,376246,646,1,1,600,64.7
375601,376251,376252,650,1,1,600,65.1
375602,376256,376258,654,2,1,600,65.6
375608,375631,377054,23,1423,8,6000,1.01616303584
375629,375800,377203,171,1403,8,6000,1.12188168211
375664,376263,376265,599,2,1,600,60.1
375666,376274,376277,608,3,1,600,61.1
375668,376280,376281,612,1,1,600,61.3
375669,376285,376286,616,1,1,600,61.7
375671,376290,376291,619,1,1,600,62.0
375672,376296,376297,624,1,1,600,62.5
375673,376301,376303,628,2,1,600,63.0
375675,376307,376314,632,7,1,600,63.9
375676,376312,376313,636,1,1,600,63.7
375738,376325,376327,587,2,1,600,58.9
375739,376330,376343,591,13,1,600,46.4615384615
375742,376341,376343,599,2,1,600,60.1
375743,376347,376349,604,2,1,600,60.6
375745,376352,376353,607,1,1,600,60.8
375746,376357,376359,611,2,1,600,61.3
375748,376363,376365,615,2,1,600,61.7
375749,376368,376370,619,2,1,600,62.1
375751,376374,376375,623,1,1,600,62.4
375752,376382,376383,630,1,1,600,63.1
375753,376387,376389,634,2,1,600,63.6
375755,376392,376395,637,3,1,600,64.0
375804,375938,377335,134,1397,8,6000,1.0959198282
375818,376403,376415,585,12,1,600,49.75
375819,376409,376410,590,1,1,600,59.1
375820,376414,376415,594,1,1,600,59.5
375822,376419,376422,597,3,1,600,60.0
375823,376425,376426,602,1,1,600,60.3
375825,376430,376431,605,1,1,600,60.6
375826,376437,376439,611,2,1,600,61.3
375827,376443,376445,616,2,1,600,61.8
375829,376448,376462,619,14,1,600,45.2142857143
375830,376454,376457,624,3,1,600,62.7
375832,376459,376460,627,1,1,600,62.8
375893,376464,376466,571,2,1,600,57.3
375895,376470,376472,575,2,1,600,57.7
375896,376475,376477,579,2,1,600,58.1
375897,376481,376482,584,1,1,600,58.5
375899,376486,376488,587,2,1,600,58.9
375900,376491,376494,591,3,1,600,59.4
375901,376497,376500,596,3,1,600,59.9
375903,376502,376504,599,2,1,600,60.1
375904,376516,376517,612,1,1,600,61.3
375906,376521,376524,615,3,1,600,61.8
375907,376526,376528,619,2,1,600,62.1
375908,376532,376533,624,1,1,600,62.5
375938,375983,377387,45,1404,8,6000,1.03205128205
375970,376537,376539,567,2,1,600,56.9
375971,376543,376545,572,2,1,600,57.4
375973,376548,376551,575,3,1,600,57.8
375974,376553,376561,579,8,1,600,58.7
375976,376559,376561,583,2,1,600,58.5
375977,376564,376565,587,1,1,600,58.8
375978,376570,376571,592,1,1,600,59.3
375980,376575,376576,595,1,1,600,59.6
375980,376026,377435,46,1409,8,6000,1.03264726757
375981,376580,376583,599,3,1,600,60.2
375982,376586,376587,604,1,1,600,60.5
375984,376594,376596,610,2,1,600,61.2
376032,376508,377906,476,1398,8,6000,1.34048640916
376045,376599,376600,554,1,1,600,55.5
376047,376605,376606,558,1,1,600,55.9
376048,376610,376611,562,1,1,600,56.3
376049,376615,376618,566,3,1,600,56.9
376051,376621,376622,570,1,1,600,57.1
376052,376626,376628,574,2,1,600,57.6
376054,376632,376633,578,1,1,600,57.9
376055,376637,376639,582,2,1,600,58.4
376116,376642,376643,526,1,1,600,52.7
376119,376653,376654,534,1,1,600,53.5
376121,376659,376660,538,1,1,600,53.9
376122,376666,376667,544,1,1,600,54.5
376123,376671,376673,548,2,1,600,55.0
376125,376677,376679,552,2,1,600,55.4
376127,376682,376683,555,1,1,600,55.6
376128,376688,376689,560,1,1,600,56.1
376129,376693,376694,564,1,1,600,56.5
376191,376698,376701,507,3,1,600,51.0
376192,376704,376705,512,1,1,600,51.3
376194,376709,376711,515,2,1,600,51.7
376195,376715,376716,520,1,1,600,52.1
376196,376720,376721,524,1,1,600,52.5
376198,376726,376727,528,1,1,600,52.9
376199,376731,376732,532,1,1,600,53.3
376201,376736,376737,535,1,1,600,53.6
376202,376742,376743,540,1,1,600,54.1
376203,376747,376748,544,1,1,600,54.5
376205,376753,376755,548,2,1,600,55.0
376206,376766,376769,560,3,1,600,56.3
376208,376771,376774,563,3,1,600,56.6
376211,376782,376784,571,2,1,600,57.3
376272,376788,376790,516,2,1,600,51.8
376274,376793,376794,519,1,1,600,52.0
376275,376799,376800,524,1,1,600,52.5
376277,376804,376806,527,2,1,600,52.9
376278,376809,376817,531,8,1,600,53.9
376280,376815,376816,535,1,1,600,53.6
376281,376820,376821,539,1,1,600,54.0
376283,376825,376828,542,3,1,600,54.5
376284,376831,376832,547,1,1,600,54.8
376286,376836,376837,550,1,1,600,55.1
376287,376842,376853,555,11,1,600,51.4545454545
376288,376847,376848,559,1,1,600,56.0
376290,376852,376854,562,2,1,600,56.4
376291,376858,376859,567,1,1,600,56.8
376293,376863,376865,570,2,1,600,57.2
376354,376869,376870,515,1,1,600,51.6
376355,376874,376876,519,2,1,600,52.1
376357,376880,376881,523,1,1,600,52.4
376358,376885,376887,527,2,1,600,52.9
376360,376891,376892,531,1,1,600,53.2
376361,376896,376897,535,1,1,600,53.6
376362,376901,376911,539,10,1,600,54.9
376364,376907,376908,543,1,1,600,54.4
376365,376916,376917,551,1,1,600,55.2
376367,376921,376922,554,1,1,600,55.5
376368,376927,376966,559,39,1,600,15.3333333333
376370,376932,376933,562,1,1,600,56.3
376371,376938,376939,567,1,1,600,56.8
376432,376943,376945,511,2,1,600,51.3
376434,376948,376950,514,2,1,600,51.6
376435,376954,376955,519,1,1,600,52.0
376437,376959,376961,522,2,1,600,52.4
376440,376970,376972,530,2,1,600,53.2
376441,376975,376977,534,2,1,600,53.6
376444,376986,376994,542,8,1,600,55.0
376446,376992,376993,546,1,1,600,54.7
376447,376997,377000,550,3,1,600,55.3
376449,377003,377004,554,1,1,600,55.5
376450,377008,377009,558,1,1,600,55.9
376451,377013,377015,562,2,1,600,56.4
376504,376758,378176,254,1418,8,6000,1.17912552891
376513,377019,377020,506,1,1,600,50.7
376514,377024,377025,510,1,1,600,51.1
376516,377030,377031,514,1,1,600,51.5
376517,377035,377037,518,2,1,600,52.0
376519,377040,377042,521,2,1,600,52.3
376522,377051,377053,529,2,1,600,53.1
376523,377057,377065,534,8,1,600,54.2
376524,377071,377084,547,13,1,600,43.0769230769
376526,377077,377080,551,3,1,600,55.4
376527,377082,377090,555,8,1,600,56.3
376529,377087,377100,558,13,1,600,43.9230769231
376530,377093,377098,563,5,1,600,56.8
376592,377098,377100,506,2,1,600,50.8
376593,377104,377110,511,6,1,600,51.7
376595,377109,377111,514,2,1,600,51.6
376596,377115,377121,519,6,1,600,52.5
376597,377120,377121,523,1,1,600,52.4
376599,377126,377129,527,3,1,600,53.0
376600,377131,377147,531,16,1,600,34.1875
376602,377136,377138,534,2,1,600,53.6
376603,377142,377143,539,1,1,600,54.0
376605,377147,377149,542,2,1,600,54.4
376606,377153,377155,547,2,1,600,54.9
376608,377158,377161,550,3,1,600,55.3
376611,377169,377171,558,2,1,600,56.0
376612,377174,377176,562,2,1,600,56.4
376674,377180,377181,506,1,1,600,50.7
376675,377185,377189,510,4,1,600,51.4
376677,377191,377192,514,1,1,600,51.5
376678,377196,377198,518,2,1,600,52.0
376679,377202,377204,523,2,1,600,52.5
376681,377207,377212,526,5,1,600,53.1
376682,377213,377217,531,4,1,600,53.5
376684,377218,377227,534,9,1,600,54.3
376685,377223,377226,538,3,1,600,54.1
376688,377234,377237,546,3,1,600,54.9
376689,377240,377242,551,2,1,600,55.3
376690,377245,377247,555,2,1,600,55.7
376692,377251,377252,559,1,1,600,56.0
376753,377256,377257,503,1,1,600,50.4
376755,377262,377263,507,1,1,600,50.8
376756,377267,377268,511,1,1,600,51.2
376758,377272,377273,514,1,1,600,51.5
376759,377278,377279,519,1,1,600,52.0
376761,377062,378474,301,1412,8,6000,1.21317280453
376761,377283,377285,522,2,1,600,52.4
376762,377289,377291,527,2,1,600,52.9
376764,377294,377296,530,2,1,600,53.2
376765,377310,377311,545,1,1,600,54.6
376767,377315,377318,548,3,1,600,55.1
376768,377321,377322,553,1,1,600,55.4
376769,377326,377327,557,1,1,600,55.8
376771,377332,377334,561,2,1,600,56.3
376832,377337,377339,505,2,1,600,50.7
376834,377343,377345,509,2,1,600,51.1
376835,377348,377349,513,1,1,600,51.4
376837,377353,377356,516,3,1,600,51.9
376838,377359,377361,521,2,1,600,52.3
376840,377364,377367,524,3,1,600,52.7
376841,377370,377371,529,1,1,600,53.0
376843,377375,377377,532,2,1,600,53.4
376844,377381,377384,537,3,1,600,54.0
376845,377386,377389,541,3,1,600,54.4
376847,377391,377397,544,6,1,600,55.0
376848,377397,377399,549,2,1,600,55.1
376850,377402,377404,552,2,1,600,55.4
376851,377408,377410,557,2,1,600,55.9
376914,377473,377475,559,2,1,600,56.1
376915,377478,377480,563,2,1,600,56.5
376918,377489,377490,571,1,1,600,57.2
376919,377494,377495,575,1,1,600,57.6
376921,377500,377501,579,1,1,600,58.0
376922,377505,377507,583,2,1,600,58.5
376924,377511,377513,587,2,1,600,58.9
376925,377549,377554,624,5,1,600,62.9
376927,377554,377555,627,1,1,600,62.8
376928,377559,377561,631,2,1,600,63.3
376929,377565,377570,636,5,1,600,64.1
376931,377570,377571,639,1,1,600,64.0
376932,377576,377577,644,1,1,600,64.5
376934,377581,377582,647,1,1,600,64.8
376995,377619,377621,624,2,1,600,62.6
376997,377625,377631,628,6,1,600,63.4
376998,377630,377632,632,2,1,600,63.4
376999,377642,377643,643,1,1,600,64.4
377001,377649,377651,648,2,1,600,65.0
377002,377654,377655,652,1,1,600,65.3
377004,377661,377662,657,1,1,600,65.8
377005,377668,377669,663,1,1,600,66.4
377007,377673,377674,666,1,1,600,66.7
377008,377680,377681,672,1,1,600,67.3
377011,377692,377693,681,1,1,600,68.2
377012,377699,377700,687,1,1,600,68.8
377014,377704,377706,690,2,1,600,69.2
377015,377710,377722,695,12,1,600,58.9166666667
377017,377718,377720,701,2,1,600,70.3
377060,377300,378732,240,1432,8,6000,1.16759776536
377078,377413,377414,335,1,1,600,33.6
377080,377419,377420,339,1,1,600,34.0
377081,377424,377425,343,1,1,600,34.4
377082,377429,377431,347,2,1,600,34.9
377084,377435,377437,351,2,1,600,35.3
377085,377440,377442,355,2,1,600,35.7
377087,377446,377448,359,2,1,600,36.1
377088,377451,377455,363,4,1,600,36.7
377089,377456,377458,367,2,1,600,36.9
377091,377462,377463,371,1,1,600,37.2
377092,377467,377469,375,2,1,600,37.7
377154,377516,377519,362,3,1,600,36.5
377155,377522,377523,367,1,1,600,36.8
377157,377527,377529,370,2,1,600,37.2
377158,377532,377534,374,2,1,600,37.6
377160,377538,377539,378,1,1,600,37.9
377161,377543,377545,382,2,1,600,38.4
377163,377723,377725,560,2,1,600,56.2
377164,377733,377734,569,1,1,600,57.0
377166,377740,377742,574,2,1,600,57.6
377167,377745,377746,578,1,1,600,57.9
377170,377759,377762,589,3,1,600,59.2
377171,377764,377765,593,1,1,600,59.4
377174,377778,377780,604,2,1,600,60.6
377176,377783,377784,607,1,1,600,60.8
377177,377790,377796,613,6,1,600,61.9
377239,377796,377802,557,6,1,600,56.3
377241,377802,377804,561,2,1,600,56.3
377242,377808,377813,566,5,1,600,57.1
377243,377815,377816,572,1,1,600,57.3
377245,377834,377836,589,2,1,600,59.1
377246,377839,377841,593,2,1,600,59.5
377248,377854,377855,606,1,1,600,60.7
377249,377859,377860,610,1,1,600,61.1
377251,377887,377892,636,5,1,600,64.1
377252,377892,377894,640,2,1,600,64.2
377253,377898,377900,645,2,1,600,64.7
377255,377915,377917,660,2,1,600,66.2
377258,377926,377928,668,2,1,600,67.0
377259,377938,377941,679,3,1,600,68.2
377298,377586,379020,288,1434,8,6000,1.20083682008
377322,377956,377958,634,2,1,600,63.6
377323,377963,377964,640,1,1,600,64.1
377325,377970,377972,645,2,1,600,64.7
377326,377978,377979,652,1,1,600,65.3
377327,377984,377987,657,3,1,600,66.0
377329,377992,377994,663,2,1,600,66.5
377330,377999,378002,669,3,1,600,67.2
377332,378006,378007,674,1,1,600,67.5
377333,378014,378027,681,13,1,600,53.3846153846
377334,378022,378048,688,26,1,600,27.4615384615
377336,378038,378039,702,1,1,600,70.3
377350,377608,379029,258,1421,8,6000,1.18156228008
377397,378050,378052,653,2,1,600,65.5
377399,378060,378061,661,1,1,600,66.2
377400,378066,378067,666,1,1,600,66.7
377402,378074,378076,672,2,1,600,67.4
377403,378081,378096,678,15,1,600,46.2
377405,378087,378089,682,2,1,600,68.4
377406,378101,378108,695,7,1,600,70.2
377409,378120,378122,711,2,1,600,71.3
377411,378125,378128,714,3,1,600,71.7
377414,378140,378142,726,2,1,600,72.8
377415,378147,378154,732,7,1,600,73.9
377417,378154,378155,737,1,1,600,73.8
377418,378166,378167,748,1,1,600,74.9
377420,378172,378173,752,1,1,600,75.3
377481,378180,378186,699,6,1,600,70.5
377484,378201,378202,717,1,1,600,71.8
377486,378206,378207,720,1,1,600,72.1
377487,378214,378215,727,1,1,600,72.8
377489,378221,378223,732,2,1,600,73.4
377490,378229,378230,739,1,1,600,74.0
377491,378236,378237,745,1,1,600,74.6
377493,378242,378244,749,2,1,600,75.1
377494,378254,378256,760,2,1,600,76.2
377496,378261,378263,765,2,1,600,76.7
377497,378268,378269,771,1,1,600,77.2
377498,378274,378275,776,1,1,600,77.7
377500,378281,378284,781,3,1,600,78.4
377501,378288,378292,787,4,1,600,79.1
377564,378303,378305,739,2,1,600,74.1
377566,378310,378312,744,2,1,600,74.6
377568,378318,378319,750,1,1,600,75.1
377569,378325,378326,756,1,1,600,75.7
377571,378331,378333,760,2,1,600,76.2
377572,378338,378340,766,2,1,600,76.8
377573,378346,378347,773,1,1,600,77.4
377575,378353,378355,778,2,1,600,78.0
377576,378360,378363,784,3,1,600,78.7
377578,378366,378367,788,1,1,600,78.9
377579,378374,378376,795,2,1,600,79.7
377582,378389,378390,807,1,1,600,80.8
377586,377614,379021,28,1407,8,6000,1.01990049751
377607,377637,379113,30,1476,8,6000,1.02032520325
377618,377822,379227,204,1405,8,6000,1.14519572954
377639,377829,379245,190,1416,8,6000,1.13418079096
377644,378403,378416,759,13,1,600,59.3846153846
377646,378409,378412,763,3,1,600,76.6
377647,378424,378425,777,1,1,600,77.8
377649,378431,378432,782,1,1,600,78.3
377650,378438,378439,788,1,1,600,78.9
377712,378445,378446,733,1,1,600,73.4
377713,378452,378453,739,1,1,600,74.0
377714,378459,378460,745,1,1,600,74.6
377716,378466,378468,750,2,1,600,75.2
377717,378472,378474,755,2,1,600,75.7
377718,378480,378481,762,1,1,600,76.3
377720,378492,378493,772,1,1,600,77.3
377721,378498,378508,777,10,1,600,78.7
377723,378506,378509,783,3,1,600,78.6
377724,378520,378521,796,1,1,600,79.7
377785,378525,378526,740,1,1,600,74.1
377787,378533,378535,746,2,1,600,74.8
377788,378540,378547,752,7,1,600,75.9
377791,378558,378560,767,2,1,600,76.9
377792,378564,378565,772,1,1,600,77.3
377794,378571,378572,777,1,1,600,77.8
377795,378579,378581,784,2,1,600,78.6
377798,378592,378595,794,3,1,600,79.7
377801,378606,378607,805,1,1,600,80.6
377802,378612,378613,810,1,1,600,81.1
377835,377876,379285,41,1409,8,6000,1.02909865153
377865,378627,378628,762,1,1,600,76.3
377866,378633,378634,767,1,1,600,76.8
377868,378640,378642,772,2,1,600,77.4
377869,378648,378649,779,1,1,600,78.0
377870,378654,378656,784,2,1,600,78.6
377872,378662,378663,790,1,1,600,79.1
377873,378668,378673,795,5,1,600,80.0
377876,377905,379337,29,1432,8,6000,1.02025139665
377907,377933,379348,26,1415,8,6000,1.0183745583
377929,377944,379354,15,1410,8,6000,1.01063829787
377935,378675,378676,740,1,1,600,74.1
377936,378685,378686,749,1,1,600,75.0
377938,378691,378692,753,1,1,600,75.4
377939,378699,378700,760,1,1,600,76.1
377941,378706,378708,765,2,1,600,76.7
377942,378713,378714,771,1,1,600,77.2
377950,378193,379600,243,1407,8,6000,1.17270788913
378004,378720,378722,716,2,1,600,71.8
378005,378726,378728,721,2,1,600,72.3
378007,378734,378735,727,1,1,600,72.8
378008,378740,378742,732,2,1,600,73.4
378010,378753,378759,743,6,1,600,74.9
378011,378759,378762,748,3,1,600,75.1
378013,378771,378777,758,6,1,600,76.4
378016,378789,378790,773,1,1,600,77.4
378017,378795,378802,778,7,1,600,78.5
378078,378801,378802,723,1,1,600,72.4
378080,378814,378816,734,2,1,600,73.6
378081,378819,378820,738,1,1,600,73.9
378083,378828,378829,745,1,1,600,74.6
378084,378835,378836,751,1,1,600,75.2
378085,378842,378845,757,3,1,600,76.0
378087,378849,378850,762,1,1,600,76.3
378148,378856,378858,708,2,1,600,71.0
378150,378864,378866,714,2,1,600,71.6
378151,378876,378878,725,2,1,600,72.7
378152,378882,378885,730,3,1,600,73.3
378154,378889,378890,735,1,1,600,73.6
378157,378904,378906,747,2,1,600,74.9
378158,378910,378913,752,3,1,600,75.5
378159,378917,378926,758,9,1,600,76.7
378161,378925,378927,764,2,1,600,76.6
378196,378487,379912,291,1425,8,6000,1.20421052632
378222,378938,378939,716,1,1,600,71.7
378224,378944,378945,720,1,1,600,72.1
378225,378952,378953,727,1,1,600,72.8
378227,378959,378960,732,1,1,600,73.3
378228,378965,378971,737,6,1,600,74.3
378229,378972,378973,743,1,1,600,74.4
378231,378982,378984,751,2,1,600,75.3
378232,378989,378992,757,3,1,600,76.0
378294,378996,378997,702,1,1,600,70.3
378296,379011,379012,715,1,1,600,71.6
378298,379017,379020,719,3,1,600,72.2
378300,379037,379039,737,2,1,600,73.9
378302,379049,379051,747,2,1,600,74.9
378303,379061,379063,758,2,1,600,76.0
378306,379075,379076,769,1,1,600,77.0
378368,379081,379083,713,2,1,600,71.5
378369,379088,379096,719,8,1,600,72.7
378370,379095,379097,725,2,1,600,72.7
378373,379113,379114,740,1,1,600,74.1
378374,379119,379121,745,2,1,600,74.7
378376,379132,379134,756,2,1,600,75.8
378377,379139,379141,762,2,1,600,76.4
378380,379153,379154,773,1,1,600,77.4
378443,379167,379168,724,1,1,600,72.5
378444,379173,379175,729,2,1,600,73.1
378446,379181,379182,735,1,1,600,73.6
378447,379187,379188,740,1,1,600,74.1
378449,379195,379200,746,5,1,600,75.1
378450,379201,379203,751,2,1,600,75.3
378451,379211,379212,760,1,1,600,76.1
378453,379217,379219,764,2,1,600,76.6
378484,378748,380195,264,1447,8,6000,1.18244644091
378516,379231,379232,715,1,1,600,71.6
378517,379244,379246,727,2,1,600,72.9
378518,379249,379250,731,1,1,600,73.2
378520,379255,379256,735,1,1,600,73.6
378522,379273,379275,751,2,1,600,75.3
378524,379280,379283,756,3,1,600,75.9
378525,379285,379286,760,1,1,600,76.1
378527,379292,379293,765,1,1,600,76.6
378559,422736,509171,44177,86435,12,86400,1.51110082721
378588,379304,379307,716,3,1,600,71.9
378590,379309,379311,719,2,1,600,72.1
378591,379316,379319,725,3,1,600,72.8
378592,379324,379325,732,1,1,600,73.3
378594,379329,379330,735,1,1,600,73.6
378595,379341,379342,746,1,1,600,74.7
378597,379347,379348,750,1,1,600,75.1
378598,379353,379354,755,1,1,600,75.6
378599,379365,379366,766,1,1,600,76.7
378601,379370,379371,769,1,1,600,77.0
378662,379382,379384,720,2,1,600,72.2
378665,379399,379406,734,7,1,600,74.1
378666,379406,379413,740,7,1,600,74.7
378668,379411,379413,743,2,1,600,74.5
378669,379417,379418,748,1,1,600,74.9
378671,379425,379426,754,1,1,600,75.5
378672,379430,379431,758,1,1,600,75.9
378673,379436,379438,763,2,1,600,76.5
378675,379443,379444,768,1,1,600,76.9
378736,379449,379450,713,1,1,600,71.4
378738,379455,379457,717,2,1,600,71.9
378739,379461,379463,722,2,1,600,72.4
378741,379468,379469,727,1,1,600,72.8
378742,379474,379476,732,2,1,600,73.4
378743,379480,379485,737,5,1,600,74.2
378745,379487,379488,742,1,1,600,74.3
378746,379493,379495,747,2,1,600,74.9
378748,379501,379502,753,1,1,600,75.4
378749,379506,379508,757,2,1,600,75.9
378750,379512,379514,762,2,1,600,76.4
378751,378871,380281,120,1410,8,6000,1.08510638298
378812,379518,379520,706,2,1,600,70.8
378813,379524,379537,711,13,1,600,55.6923076923
378815,379530,379532,715,2,1,600,71.7
378816,379537,379539,721,2,1,600,72.3
378817,379544,379545,727,1,1,600,72.8
378819,379551,379553,732,2,1,600,73.4
378820,379556,379558,736,2,1,600,73.8
378821,379562,379564,741,2,1,600,74.3
378875,379031,380444,156,1413,8,6000,1.11040339703
378883,379569,379570,686,1,1,600,68.7
378884,379575,379577,691,2,1,600,69.3
378886,379581,379582,695,1,1,600,69.6
378887,379587,379589,700,2,1,600,70.2
378888,379595,379604,707,9,1,600,71.6
378890,379600,379602,710,2,1,600,71.2
378891,379606,379613,715,7,1,600,72.2
378893,379619,379623,726,4,1,600,73.0
378894,379625,379626,731,1,1,600,73.2
378956,379631,379633,675,2,1,600,67.7
378957,379637,379644,680,7,1,600,68.7
378958,379643,379645,685,2,1,600,68.7
378960,379650,379651,690,1,1,600,69.1
378961,379657,379660,696,3,1,600,69.9
378962,379662,379663,700,1,1,600,70.1
378964,379669,379670,705,1,1,600,70.6
378965,379676,379677,711,1,1,600,71.2
378967,379681,379683,714,2,1,600,71.6
378968,379688,379690,720,2,1,600,72.2
379029,379044,380449,15,1405,8,6000,1.01067615658
379030,379695,379700,665,5,1,600,67.0
379031,379701,379702,670,1,1,600,67.1
379033,379707,379709,674,2,1,600,67.6
379034,379713,379714,679,1,1,600,68.0
379035,379718,379720,683,2,1,600,68.5
379037,379725,379726,688,1,1,600,68.9
379038,379730,379732,692,2,1,600,69.4
379039,379736,379738,697,2,1,600,69.9
379040,379056,380474,16,1418,8,6000,1.01128349788
379041,379743,379745,702,2,1,600,70.4
379061,379127,380538,66,1411,8,6000,1.04677533664
379102,379748,379750,646,2,1,600,64.8
379104,379756,379757,652,1,1,600,65.3
379105,379762,379765,657,3,1,600,66.0
379106,379768,379769,662,1,1,600,66.3
379108,379774,379775,666,1,1,600,66.7
379109,379781,379782,672,1,1,600,67.3
379110,379787,379789,677,2,1,600,67.9
379112,379794,379795,682,1,1,600,68.3
379123,379238,380662,115,1424,8,6000,1.08075842697
379173,379799,379801,626,2,1,600,62.8
379175,379806,379808,631,2,1,600,63.3
379176,379813,379816,637,3,1,600,64.0
379177,379818,379820,641,2,1,600,64.3
379179,379824,379826,645,2,1,600,64.7
379180,379837,379838,657,1,1,600,65.8
379181,379842,379843,661,1,1,600,66.2
379183,379848,379850,665,2,1,600,66.7
379184,379854,379857,670,3,1,600,67.3
379236,379263,380680,27,1417,8,6000,1.01905434016
379247,379866,379868,619,2,1,600,62.1
379248,379873,379874,625,1,1,600,62.6
379250,379878,379880,628,2,1,600,63.0
379251,379884,379886,633,2,1,600,63.5
379252,379891,379902,639,11,1,600,59.0909090909
379254,379896,379899,642,3,1,600,64.5
379255,379903,379905,648,2,1,600,65.0
379256,379911,379913,655,2,1,600,65.7
379258,379918,379920,660,2,1,600,66.2
379259,379923,379924,664,1,1,600,66.5
379268,379299,380731,31,1432,8,6000,1.02164804469
379299,379359,380780,60,1421,8,6000,1.04222378607
379320,379935,379938,615,3,1,600,61.8
379322,379941,379942,619,1,1,600,62.0
379323,379947,379948,624,1,1,600,62.5
379325,379953,379955,628,2,1,600,63.0
379326,379959,379961,633,2,1,600,63.5
379328,379965,379967,637,2,1,600,63.9
379330,379972,379974,642,2,1,600,64.4
379331,379977,379979,646,2,1,600,64.8
379333,379983,379985,650,2,1,600,65.2
379334,379990,379991,656,1,1,600,65.7
379336,379995,379996,659,1,1,600,66.0
379361,379377,380793,16,1416,8,6000,1.01129943503
379382,379388,380808,6,1420,8,6000,1.00422535211
379393,379612,381029,219,1417,8,6000,1.15455187015
379397,380002,380004,605,2,1,600,60.7
379400,380014,380015,614,1,1,600,61.5
379401,380021,380023,620,2,1,600,62.2
379403,380026,380027,623,1,1,600,62.4
379406,380040,380041,634,1,1,600,63.5
379467,380045,380048,578,3,1,600,58.1
379470,380058,380060,588,2,1,600,59.0
379471,380065,380067,594,2,1,600,59.6
379472,380071,380073,599,2,1,600,60.1
379474,380078,380079,604,1,1,600,60.5
379475,380084,380086,609,2,1,600,61.1
379478,380097,380101,619,4,1,600,62.3
379479,380104,380112,625,8,1,600,63.3
379481,380109,380120,628,11,1,600,58.0909090909
379482,380116,380117,634,1,1,600,63.5
379483,380124,380126,641,2,1,600,64.3
379545,380131,380132,586,1,1,600,58.7
379546,380138,380140,592,2,1,600,59.4
379548,380143,380144,595,1,1,600,59.6
379549,380150,380151,601,1,1,600,60.2
379552,380162,380163,610,1,1,600,61.1
379553,380168,380170,615,2,1,600,61.7
379556,380181,380183,625,2,1,600,62.7
379557,380186,380188,629,2,1,600,63.1
379559,380193,380194,634,1,1,600,63.5
379560,380199,380201,639,2,1,600,64.1
379609,379930,381346,321,1416,8,6000,1.22669491525
379622,380205,380208,583,3,1,600,58.6
379623,380217,380219,594,2,1,600,59.6
379624,380224,380225,600,1,1,600,60.1
379626,380229,380230,603,1,1,600,60.4
379627,380235,380236,608,1,1,600,60.9
379629,380242,380244,613,2,1,600,61.5
379630,380248,380249,618,1,1,600,61.9
379631,380255,380256,624,1,1,600,62.5
379633,380262,380269,629,7,1,600,63.6
379634,380267,380270,633,3,1,600,63.6
379635,380274,380275,639,1,1,600,64.0
379697,380281,380282,584,1,1,600,58.5
379698,380287,380288,589,1,1,600,59.0
379701,380304,380306,603,2,1,600,60.5
379702,380311,380312,609,1,1,600,61.0
379704,380316,380321,612,5,1,600,61.7
379705,380323,380324,618,1,1,600,61.9
379707,380329,380331,622,2,1,600,62.4
379708,380336,380338,628,2,1,600,63.0
379710,380341,380342,631,1,1,600,63.2
379712,380355,380356,643,1,1,600,64.4
379774,380360,380361,586,1,1,600,58.7
379775,380367,380368,592,1,1,600,59.3
379778,380379,380380,601,1,1,600,60.2
379779,380385,380388,606,3,1,600,60.9
379780,380391,380392,611,1,1,600,61.2
379783,380403,380406,620,3,1,600,62.3
379785,380409,380410,624,1,1,600,62.5
379786,380416,380417,630,1,1,600,63.1
379787,380422,380424,635,2,1,600,63.7
379789,380428,380429,639,1,1,600,64.0
379790,380435,380437,645,2,1,600,64.7
379852,380442,380443,590,1,1,600,59.1
379853,380447,380448,594,1,1,600,59.5
379854,380453,380454,599,1,1,600,60.0
379856,380466,380468,610,2,1,600,61.2
379857,380472,380474,615,2,1,600,61.7
379859,380484,380485,625,1,1,600,62.6
379860,380496,380497,636,1,1,600,63.7
379861,380501,380502,640,1,1,600,64.1
379863,380508,380512,645,4,1,600,64.9
379864,380514,380516,650,2,1,600,65.2
379865,380521,380523,656,2,1,600,65.8
379867,380528,380529,661,1,1,600,66.2
379928,380212,381617,284,1405,8,6000,1.20213523132
379929,380533,380535,604,2,1,600,60.6
379930,380540,380546,610,6,1,600,61.6
379932,380546,380548,614,2,1,600,61.6
379933,380551,380553,618,2,1,600,62.0
379934,380564,380566,630,2,1,600,63.2
379936,380571,380574,635,3,1,600,63.8
379937,380576,380579,639,3,1,600,64.2
379940,380590,380591,650,1,1,600,65.1
379941,380597,380631,656,34,1,600,20.2941176471
380003,380602,380603,599,1,1,600,60.0
380004,380609,380621,605,12,1,600,51.4166666667
380006,380620,380623,614,3,1,600,61.7
380007,380633,380638,626,5,1,600,63.1
380011,380654,380658,643,4,1,600,64.7
380013,380659,380670,646,11,1,600,59.7272727273
380014,380666,380667,652,1,1,600,65.3
380015,380673,380674,658,1,1,600,65.9
380017,380685,380686,668,1,1,600,66.9
380018,380697,380698,679,1,1,600,68.0
380020,380703,380704,683,1,1,600,68.4
380021,380709,380717,688,8,1,600,69.6
380082,380714,380716,632,2,1,600,63.4
380084,380722,380723,638,1,1,600,63.9
380085,380728,380731,643,3,1,600,64.6
380087,380734,380735,647,1,1,600,64.8
380088,380741,380742,653,1,1,600,65.4
380089,380753,380755,664,2,1,600,66.6
380091,380759,380760,668,1,1,600,66.9
380092,380766,380767,674,1,1,600,67.5
380093,380773,380774,680,1,1,600,68.1
380095,380778,380780,683,2,1,600,68.5
380098,380797,380801,699,4,1,600,70.3
380159,380802,380805,643,3,1,600,64.6
380162,380827,380828,665,1,1,600,66.6
380163,380833,380835,670,2,1,600,67.2
380165,380839,380841,674,2,1,600,67.6
380166,380845,380846,679,1,1,600,68.0
380168,380852,380853,684,1,1,600,68.5
380169,380859,380860,690,1,1,600,69.1
380170,380864,380867,694,3,1,600,69.7
380172,380871,380872,699,1,1,600,70.0
380173,380878,380879,705,1,1,600,70.6
380216,380293,381715,77,1422,8,6000,1.05414908579
380235,380885,380889,650,4,1,600,65.4
380236,380890,380891,654,1,1,600,65.5
380240,380909,380911,669,2,1,600,67.1
380242,380916,380917,674,1,1,600,67.5
380243,380921,380922,678,1,1,600,67.9
380244,380927,380929,683,2,1,600,68.5
380246,380935,380939,689,4,1,600,69.3
380247,380940,380942,693,2,1,600,69.5
380249,380946,380948,697,2,1,600,69.9
380298,380461,381880,163,1419,8,6000,1.1148696265
380311,380958,380961,647,3,1,600,65.0
380313,380965,380967,652,2,1,600,65.4
380314,380970,380975,656,5,1,600,66.1
380315,380977,380981,662,4,1,600,66.6
380317,380984,380986,667,2,1,600,66.9
380320,380998,380999,678,1,1,600,67.9
380321,381003,381004,682,1,1,600,68.3
380322,381009,381010,687,1,1,600,68.8
380385,381022,381024,637,2,1,600,63.9
380387,381029,381030,642,1,1,600,64.3
380388,381034,381036,646,2,1,600,64.8
380389,381041,381052,652,11,1,600,60.2727272727
380391,381052,381053,661,1,1,600,66.2
380392,381058,381059,666,1,1,600,66.7
380393,381064,381066,671,2,1,600,67.3
380395,381070,381073,675,3,1,600,67.8
380396,381076,381079,680,3,1,600,68.3
380399,381090,381091,691,1,1,600,69.2
380400,381096,381097,696,1,1,600,69.7
380402,381102,381103,700,1,1,600,70.1
380403,381108,381109,705,1,1,600,70.6
380463,380479,381900,16,1421,8,6000,1.01125967628
380465,381115,381117,650,2,1,600,65.2
380466,381120,381122,654,2,1,600,65.6
380467,381126,381128,659,2,1,600,66.1
380469,381133,381138,664,5,1,600,66.9
380470,381138,381140,668,2,1,600,67.0
380471,381145,381149,674,4,1,600,67.8
380473,381152,381153,679,1,1,600,68.0
380474,381157,381158,683,1,1,600,68.4
380476,381164,381165,688,1,1,600,68.9
380477,381170,381172,693,2,1,600,69.5
380484,380491,381915,7,1424,8,6000,1.00491573034
380495,380559,381970,64,1411,8,6000,1.0453579022
380538,381176,381190,638,14,1,600,46.5714285714
380540,381183,381185,643,2,1,600,64.5
380541,381190,381191,649,1,1,600,65.0
380543,381197,381198,654,1,1,600,65.5
380544,381204,381206,660,2,1,600,66.2
380545,381209,381211,664,2,1,600,66.6
380547,381215,381217,668,2,1,600,67.0
380548,381222,381224,674,2,1,600,67.6
380550,381227,381228,677,1,1,600,67.8
380557,380680,382100,123,1420,8,6000,1.08661971831
380611,381233,381236,622,3,1,600,62.5
380614,381246,381248,632,2,1,600,63.4
380617,381258,381260,641,2,1,600,64.3
380618,381264,381266,646,2,1,600,64.8
380620,381270,381276,650,6,1,600,65.6
380621,381277,381300,656,23,1,600,29.5217391304
380623,381283,381284,660,1,1,600,66.1
380681,380692,382165,11,1473,8,6000,1.00746775289
380684,381289,381291,605,2,1,600,60.7
380685,381296,381298,611,2,1,600,61.3
380687,381303,381305,616,2,1,600,61.8
380690,381316,381318,626,2,1,600,62.8
380691,380748,382184,57,1436,8,6000,1.03969359331
380691,381322,381323,631,1,1,600,63.2
380693,381328,381330,635,2,1,600,63.7
380694,381335,381336,641,1,1,600,64.2
380695,381340,381341,645,1,1,600,64.6
380697,381347,381348,650,1,1,600,65.1
380698,381353,381358,655,5,1,600,66.0
380753,380792,382214,39,1422,8,6000,1.02742616034
380760,381359,381360,599,1,1,600,60.0
380761,381371,381372,610,1,1,600,61.1
380762,381377,381379,615,2,1,600,61.7
380764,381383,381387,619,4,1,600,62.3
380766,381397,381398,631,1,1,600,63.2
380768,381404,381405,636,1,1,600,63.7
380769,381409,381411,640,2,1,600,64.2
380771,381416,381417,645,1,1,600,64.6
380773,381422,381427,649,5,1,600,65.4
380774,381428,381430,654,2,1,600,65.6
380795,380809,382220,14,1411,8,6000,1.00992204111
380806,380822,382238,16,1416,8,6000,1.01129943503
380827,381047,382458,220,1411,8,6000,1.1559177888
380835,381434,381445,599,11,1,600,55.4545454545
380837,381441,381443,604,2,1,600,60.6
380838,381446,381448,608,2,1,600,61.0
380840,381455,381456,615,1,1,600,61.6
380841,381462,381463,621,1,1,600,62.2
380843,381467,381468,624,1,1,600,62.5
380844,381473,381475,629,2,1,600,63.1
380845,381481,381482,636,1,1,600,63.7
380847,381486,381488,639,2,1,600,64.1
380908,381493,381494,585,1,1,600,58.6
380910,381500,381501,590,1,1,600,59.1
380911,381505,381507,594,2,1,600,59.6
380913,381512,381513,599,1,1,600,60.0
380914,381518,381519,604,1,1,600,60.5
380915,381523,381524,608,1,1,600,60.9
380917,381529,381531,612,2,1,600,61.4
380918,381536,381537,618,1,1,600,61.9
380920,381541,381543,621,2,1,600,62.3
380922,381553,381555,631,2,1,600,63.3
380923,381559,381568,636,9,1,600,64.5
380924,381565,381567,641,2,1,600,64.3
380987,381579,381580,592,1,1,600,59.3
380989,381586,381587,597,1,1,600,59.8
380990,381591,381592,601,1,1,600,60.2
380992,381597,381600,605,3,1,600,60.8
380993,381605,381607,612,2,1,600,61.4
380994,381610,381613,616,3,1,600,61.9
380996,381617,381618,621,1,1,600,62.2
380999,381636,381637,637,1,1,600,63.8
381001,381648,381654,647,6,1,600,65.3
381043,381366,382778,323,1412,8,6000,1.22875354108
381063,381654,381660,591,6,1,600,59.7
381064,381661,381663,597,2,1,600,59.9
381066,381668,381669,602,1,1,600,60.3
381068,381674,381676,606,2,1,600,60.8
381069,381680,381682,611,2,1,600,61.3
381071,381687,381689,616,2,1,600,61.8
381072,381694,381695,622,1,1,600,62.3
381073,381699,381701,626,2,1,600,62.8
381076,381712,381714,636,2,1,600,63.8
381078,381718,381719,640,1,1,600,64.1
381079,381725,381726,646,1,1,600,64.7
381140,381737,381738,597,1,1,600,59.8
381143,381750,381752,607,2,1,600,60.9
381144,381755,381757,611,2,1,600,61.3
381146,381761,381763,615,2,1,600,61.7
381147,381769,381771,622,2,1,600,62.4
381149,381774,381776,625,2,1,600,62.7
381150,381781,381782,631,1,1,600,63.2
381151,381788,381789,637,1,1,600,63.8
381154,381800,381801,646,1,1,600,64.7
381155,381807,381808,652,1,1,600,65.3
381217,381812,381814,595,2,1,600,59.7
381218,381819,381820,601,1,1,600,60.2
381220,381826,381828,606,2,1,600,60.8
381221,381831,381832,610,1,1,600,61.1
381222,381838,381839,616,1,1,600,61.7
381225,381849,381851,624,2,1,600,62.6
381226,381856,381858,630,2,1,600,63.2
381228,381861,381868,633,7,1,600,64.0
381229,381868,381869,639,1,1,600,64.0
381230,381874,381876,644,2,1,600,64.6
381232,381881,381882,649,1,1,600,65.0
381293,381887,381888,594,1,1,600,59.5
381295,381899,381900,604,1,1,600,60.5
381296,381904,381907,608,3,1,600,61.1
381297,381911,381912,614,1,1,600,61.5
381299,381923,381925,624,2,1,600,62.6
381300,381935,381936,635,1,1,600,63.6
381301,381940,381941,639,1,1,600,64.0
381303,381947,381949,644,2,1,600,64.6
381304,381953,381954,649,1,1,600,65.0
381305,381959,381961,654,2,1,600,65.6
381308,381972,381973,664,1,1,600,66.5
381369,381978,381980,609,2,1,600,61.1
381371,381631,383061,260,1430,8,6000,1.18181818182
381371,381984,381985,613,1,1,600,61.4
381372,381996,381997,624,1,1,600,62.5
381375,382008,382010,633,2,1,600,63.5
381376,382014,382017,638,3,1,600,64.1
381377,382020,382021,643,1,1,600,64.4
381379,382027,382028,648,1,1,600,64.9
381380,382034,382036,654,2,1,600,65.6
381381,382039,382040,658,1,1,600,65.9
381383,382046,382047,663,1,1,600,66.4
381446,382058,382060,612,2,1,600,61.4
381447,382065,382066,618,1,1,600,61.9
381449,382070,382071,621,1,1,600,62.2
381450,382082,382084,632,2,1,600,63.4
381451,382089,382090,638,1,1,600,63.9
381453,382094,382096,641,2,1,600,64.3
381454,382101,382103,647,2,1,600,64.9
381456,382107,382108,651,1,1,600,65.2
381457,382112,382113,655,1,1,600,65.6
381458,382125,382127,667,2,1,600,66.9
381460,382130,382131,670,1,1,600,67.1
381521,382137,382139,616,2,1,600,61.8
381523,382144,382145,621,1,1,600,62.2
381524,382149,382150,625,1,1,600,62.6
381525,382155,382168,630,13,1,600,49.4615384615
381527,382162,382165,635,3,1,600,63.8
381528,382168,382172,640,4,1,600,64.4
381529,382182,382183,653,1,1,600,65.4
381531,382189,382190,658,1,1,600,65.9
381532,382194,382195,662,1,1,600,66.3
381534,382206,382207,672,1,1,600,67.3
381535,382218,382226,683,8,1,600,69.1
381536,382224,382225,688,1,1,600,68.9
381538,382229,382244,691,15,1,600,47.0666666667
381599,382248,382249,649,1,1,600,65.0
381601,382253,382254,652,1,1,600,65.3
381602,382265,382266,663,1,1,600,66.4
381604,382271,382273,667,2,1,600,66.9
381605,382277,382278,672,1,1,600,67.3
381607,382284,382285,677,1,1,600,67.8
381608,382291,382292,683,1,1,600,68.4
381610,382296,382297,686,1,1,600,68.7
381612,382310,382312,698,2,1,600,70.0
381614,382315,382316,701,1,1,600,70.2
381628,381732,383155,104,1423,8,6000,1.07308503162
381675,382321,382323,646,2,1,600,64.8
381677,382328,382329,651,1,1,600,65.2
381678,382333,382335,655,2,1,600,65.7
381680,382340,382341,660,1,1,600,66.1
381681,382346,382348,665,2,1,600,66.7
381682,382352,382355,670,3,1,600,67.3
381684,382359,382361,675,2,1,600,67.7
381685,382365,382366,680,1,1,600,68.1
381687,382371,382373,684,2,1,600,68.6
381688,382378,382379,690,1,1,600,69.1
381690,382383,382384,693,1,1,600,69.4
381731,381893,383307,162,1414,8,6000,1.11456859972
381751,382389,382392,638,3,1,600,64.1
381754,382402,382403,648,1,1,600,64.9
381755,382414,382416,659,2,1,600,66.1
381757,382420,382421,663,1,1,600,66.4
381758,382425,382427,667,2,1,600,66.9
381759,382430,382433,671,3,1,600,67.4
381761,382436,382438,675,2,1,600,67.7
381762,382441,382443,679,2,1,600,68.1
381764,382447,382448,683,1,1,600,68.4
381765,382452,382454,687,2,1,600,68.9
381828,382463,382464,635,1,1,600,63.6
381829,382476,382477,647,1,1,600,64.8
381831,382481,382482,650,1,1,600,65.1
381832,382493,382495,661,2,1,600,66.3
381835,382505,382508,670,3,1,600,67.3
381836,382511,382514,675,3,1,600,67.8
381838,382517,382522,679,5,1,600,68.4
381839,382523,382525,684,2,1,600,68.6
381840,382530,382531,690,1,1,600,69.1
381842,382536,382538,694,2,1,600,69.6
381896,381918,383341,22,1423,8,6000,1.01546029515
381903,382542,382543,639,1,1,600,64.0
381905,382548,382550,643,2,1,600,64.5
381906,382556,382557,650,1,1,600,65.1
381907,382561,382563,654,2,1,600,65.6
381909,382568,382570,659,2,1,600,66.1
381910,382574,382576,664,2,1,600,66.6
381911,382579,382580,668,1,1,600,66.9
381913,382587,382595,674,8,1,600,68.2
381914,382593,382603,679,10,1,600,68.9
381916,382598,382599,682,1,1,600,68.3
381917,381929,383362,12,1433,8,6000,1.00837404047
381917,382606,382608,689,2,1,600,69.1
381919,382613,382615,694,2,1,600,69.6
381928,381991,383414,63,1423,8,6000,1.04427266339
381980,382621,382622,641,1,1,600,64.2
381982,382626,382627,644,1,1,600,64.5
381983,382632,382633,649,1,1,600,65.0
381984,382640,382642,656,2,1,600,65.8
381986,382645,382646,659,1,1,600,66.0
381987,382652,382655,665,3,1,600,66.8
381989,382659,382660,670,1,1,600,67.1
381990,382120,383558,130,1438,8,6000,1.09040333797
381990,382664,382665,674,1,1,600,67.5
381991,382671,382672,680,1,1,600,68.1
382054,382683,382684,629,1,1,600,63.0
382056,382689,382691,633,2,1,600,63.5
382057,382695,382706,638,11,1,600,59.0
382058,382702,382703,644,1,1,600,64.5
382061,382715,382716,654,1,1,600,65.5
382063,382723,382724,660,1,1,600,66.1
382064,382728,382729,664,1,1,600,66.5
382065,382735,382736,670,1,1,600,67.1
382067,382741,382743,674,2,1,600,67.6
382124,382177,383613,53,1436,8,6000,1.03690807799
382129,382754,382756,625,2,1,600,62.7
382132,382766,382767,634,1,1,600,63.5
382134,382772,382774,638,2,1,600,64.0
382135,382778,382779,643,1,1,600,64.4
382136,382784,382786,648,2,1,600,65.0
382138,382797,382798,659,1,1,600,66.0
382139,382805,382812,666,7,1,600,67.3
382140,382812,382813,672,1,1,600,67.3
382142,382860,382862,718,2,1,600,72.0
382175,382201,383624,26,1423,8,6000,1.01827125791
382196,382236,383669,40,1433,8,6000,1.02791346825
382203,382866,382869,663,3,1,600,66.6
382205,382871,382872,666,1,1,600,66.7
382206,382877,382881,671,4,1,600,67.5
382208,382883,382887,675,4,1,600,67.9
382209,382888,382890,679,2,1,600,68.1
382210,382894,382905,684,11,1,600,63.1818181818
382213,382906,382908,693,2,1,600,69.5
382215,382913,382915,698,2,1,600,70.0
382216,382918,382919,702,1,1,600,70.3
382238,382260,383685,22,1425,8,6000,1.01543859649
382259,382409,383829,150,1420,8,6000,1.10563380282
382277,382924,382933,647,9,1,600,65.6
382279,382930,382931,651,1,1,600,65.2
382280,382937,382938,657,1,1,600,65.8
382282,382942,382943,660,1,1,600,66.1
382283,382948,382951,665,3,1,600,66.8
382286,382961,382962,675,1,1,600,67.6
382287,382966,382968,679,2,1,600,68.1
382349,382973,382974,624,1,1,600,62.5
382350,382978,382981,628,3,1,600,63.1
382352,382985,382987,633,2,1,600,63.5
382353,382990,382991,637,1,1,600,63.8
382355,382997,382998,642,1,1,600,64.3
382356,383002,383004,646,2,1,600,64.8
382357,383009,383011,652,2,1,600,65.4
382359,383014,383016,655,2,1,600,65.7
382360,383021,383023,661,2,1,600,66.3
382362,383026,383027,664,1,1,600,66.5
382364,383033,383034,669,1,1,600,67.0
382365,383038,383039,673,1,1,600,67.4
382366,383044,383045,678,1,1,600,67.9
382413,382470,383879,57,1409,8,6000,1.04045422285
382428,383050,383052,622,2,1,600,62.4
382430,383057,383059,627,2,1,600,62.9
382431,383062,383064,631,2,1,600,63.3
382433,383068,383069,635,1,1,600,63.6
382434,383080,383084,646,4,1,600,65.0
382436,383086,383088,650,2,1,600,65.2
382437,383092,383094,655,2,1,600,65.7
382439,383098,383101,659,3,1,600,66.2
382440,383105,383106,665,1,1,600,66.6
382441,383110,383112,669,2,1,600,67.1
382444,383123,383124,679,1,1,600,68.0
382476,382488,383904,12,1416,8,6000,1.00847457627
382486,382792,384220,306,1428,8,6000,1.21428571429
382506,383128,383130,622,2,1,600,62.4
382507,383135,383140,628,5,1,600,63.3
382508,383140,383142,632,2,1,600,63.4
382510,383146,383155,636,9,1,600,64.5
382511,383153,383155,642,2,1,600,64.4
382513,383158,383160,645,2,1,600,64.7
382514,383176,383178,662,2,1,600,66.4
382515,383189,383196,674,7,1,600,68.1
382517,383208,383209,691,1,1,600,69.2
382518,383222,383223,704,1,1,600,70.5
382520,383234,383236,714,2,1,600,71.6
382557,403329,407594,20772,4265,25,10799,5.87033997655
382581,383248,383249,667,1,1,600,66.8
382583,383260,383262,677,2,1,600,67.9
382584,383274,383276,690,2,1,600,69.2
382585,383288,383289,703,1,1,600,70.4
382590,383326,383328,736,2,1,600,73.8
382591,383342,383343,751,1,1,600,75.2
382594,383372,383373,778,1,1,600,77.9
382656,383399,383405,743,6,1,600,74.9
382658,383417,383418,759,1,1,600,76.0
382659,383433,383436,774,3,1,600,77.7
382661,383448,383453,787,5,1,600,79.2
382662,383465,383467,803,2,1,600,80.5
382663,383479,383481,816,2,1,600,81.8
382665,383493,383496,828,3,1,600,83.1
382666,383508,383509,842,1,1,600,84.3
382667,383522,383523,855,1,1,600,85.6
382670,383546,383547,876,1,1,600,87.7
382672,383558,383560,886,2,1,600,88.8
382673,383576,383578,903,2,1,600,90.5
382734,383582,383585,848,3,1,600,85.1
382736,383590,383591,854,1,1,600,85.5
382737,383596,383600,859,4,1,600,86.3
382738,383604,383606,866,2,1,600,86.8
382740,383612,383613,872,1,1,600,87.3
382741,383619,383620,878,1,1,600,87.9
382743,383631,383633,888,2,1,600,89.0
382744,383637,383638,893,1,1,600,89.4
382745,383642,383643,897,1,1,600,89.8
382747,383654,383656,907,2,1,600,90.9
382748,383660,383661,912,1,1,600,91.3
382749,383667,383668,918,1,1,600,91.9
382795,382825,384258,30,1433,8,6000,1.02093510119
382811,383672,383674,861,2,1,600,86.3
382813,383678,383682,865,4,1,600,86.9
382815,385089,396816,2274,11727,6,259200,1.19391148631
382816,383696,383699,880,3,1,600,88.3
382817,383701,383703,884,2,1,600,88.6
382819,383714,383716,895,2,1,600,89.7
382820,383719,383721,899,2,1,600,90.1
382821,383727,383728,906,1,1,600,90.7
382823,383732,383733,909,1,1,600,91.0
382826,383075,384506,249,1431,8,6000,1.17400419287
382830,385107,394713,2277,9606,6,259200,1.23703935041
382855,385150,394493,2295,9343,6,259200,1.2456384459
382863,385300,393364,2437,8064,6,259200,1.30220734127
382886,385361,394165,2475,8804,6,259200,1.28112221717
382886,383744,383747,858,3,1,600,86.1
382889,383756,383758,867,2,1,600,86.9
382895,386062,395084,3167,9022,6,259200,1.35103081357
382952,383769,383770,817,1,1,600,81.8
382953,383774,383776,821,2,1,600,82.3
382954,383781,383782,827,1,1,600,82.8
382956,383786,383787,830,1,1,600,83.1
382959,383798,383799,839,1,1,600,84.0
382961,383804,383813,843,9,1,600,85.2
382962,383810,383818,848,8,1,600,85.6
382964,383815,383817,851,2,1,600,85.3
382965,383821,383823,856,2,1,600,85.8
382967,383828,383832,861,4,1,600,86.5
382968,383834,383846,866,12,1,600,73.1666666667
382970,383846,383847,876,1,1,600,87.7
382971,383852,383854,881,2,1,600,88.3
383033,383859,383860,826,1,1,600,82.7
383035,383864,383866,829,2,1,600,83.1
383036,383870,383871,834,1,1,600,83.5
383037,383877,383879,840,2,1,600,84.2
383039,383882,383884,843,2,1,600,84.5
383040,383889,383890,849,1,1,600,85.0
383042,383894,383895,852,1,1,600,85.3
383043,383906,383909,863,3,1,600,86.6
383045,383912,383914,867,2,1,600,86.9
383046,383924,383926,878,2,1,600,88.0
383048,383930,383932,882,2,1,600,88.4
383049,383937,383939,888,2,1,600,89.0
383051,383942,383945,891,3,1,600,89.4
383052,383950,383951,898,1,1,600,89.9
383073,383171,384584,98,1413,8,6000,1.06935598018
383114,383955,383957,841,2,1,600,84.3
383115,383962,383963,847,1,1,600,84.8
383117,383967,383968,850,1,1,600,85.1
383118,383974,383986,856,12,1,600,72.3333333333
383119,383979,383987,860,8,1,600,86.8
383121,383986,383988,865,2,1,600,86.7
383122,383991,383993,869,2,1,600,87.1
383124,383997,383999,873,2,1,600,87.5
383125,384004,384005,879,1,1,600,88.0
383126,384009,384012,883,3,1,600,88.6
383128,384016,384017,888,1,1,600,88.9
383129,384021,384023,892,2,1,600,89.4
383146,393376,426794,10230,33418,6,604800,1.30612244898
383176,383320,384753,144,1433,8,6000,1.10048848569
383191,384028,384031,837,3,1,600,84.0
383192,384033,384035,841,2,1,600,84.3
383194,384040,384042,846,2,1,600,84.8
383195,384045,384048,850,3,1,600,85.3
383197,384052,384055,855,3,1,600,85.8
383198,384057,384058,859,1,1,600,86.0
383261,384069,384070,808,1,1,600,80.9
383263,384075,384077,812,2,1,600,81.4
383264,384081,384082,817,1,1,600,81.8
383266,384086,384088,820,2,1,600,82.2
383267,384093,384094,826,1,1,600,82.7
383269,384098,384108,829,10,1,600,83.9
383320,383353,384788,33,1435,8,6000,1.02299651568
383330,384105,384107,775,2,1,600,77.7
383332,384110,384111,778,1,1,600,77.9
383333,384117,384118,784,1,1,600,78.5
383335,384124,384125,789,1,1,600,79.0
383336,384129,384130,793,1,1,600,79.4
383352,383380,384822,28,1442,8,6000,1.01941747573
383383,383426,384860,43,1434,8,6000,1.029986053
383398,384134,384136,736,2,1,600,73.8
383400,384142,384143,742,1,1,600,74.3
383401,384147,384148,746,1,1,600,74.7
383402,384152,384157,750,5,1,600,75.5
383425,383570,384994,145,1424,8,6000,1.1018258427
383464,384159,384161,695,2,1,600,69.7
383465,384164,384166,699,2,1,600,70.1
383467,384170,384172,703,2,1,600,70.5
383468,384177,384178,709,1,1,600,71.0
383531,384182,384185,651,3,1,600,65.4
383532,384189,384190,657,1,1,600,65.8
383534,384194,384195,660,1,1,600,66.1
383535,384201,384202,666,1,1,600,66.7
383536,384206,384207,670,1,1,600,67.1
383569,383626,385081,57,1455,8,6000,1.03917525773
383598,384213,384215,615,2,1,600,61.7
383599,384218,384220,619,2,1,600,62.1
383601,384224,384226,623,2,1,600,62.5
383602,384230,384234,628,4,1,600,63.2
383604,384242,384243,638,1,1,600,63.9
383605,384248,384249,643,1,1,600,64.4
383606,384254,384256,648,2,1,600,65.0
383621,383649,385077,28,1428,8,6000,1.01960784314
383653,383691,385130,38,1439,8,6000,1.02640722724
383668,384260,384262,592,2,1,600,59.4
383669,384265,384267,596,2,1,600,59.8
383671,384277,384279,606,2,1,600,60.8
383672,384283,384284,611,1,1,600,61.2
383674,384290,384296,616,6,1,600,62.2
383675,384295,384297,620,2,1,600,62.2
383677,384302,384305,625,3,1,600,62.8
383678,384307,384308,629,1,1,600,63.0
383680,384314,384315,634,1,1,600,63.5
383681,384319,384320,638,1,1,600,63.9
383694,383709,385129,15,1420,8,6000,1.01056338028
383705,383841,385288,136,1447,8,6000,1.09398756047
383743,384326,384329,583,3,1,600,58.6
383744,384331,384333,587,2,1,600,58.9
383745,384338,384339,593,1,1,600,59.4
383747,384343,384352,596,9,1,600,60.5
383748,384350,384351,602,1,1,600,60.3
383750,384355,384360,605,5,1,600,61.0
383751,384361,384363,610,2,1,600,61.2
383753,384368,384370,615,2,1,600,61.7
383754,384374,384375,620,1,1,600,62.1
383755,384381,384382,626,1,1,600,62.7
383817,384386,384401,569,15,1,600,38.9333333333
383818,384394,384395,576,1,1,600,57.7
383820,384399,384401,579,2,1,600,58.1
383821,384405,384406,584,1,1,600,58.5
383824,384419,384420,595,1,1,600,59.6
383825,384424,384426,599,2,1,600,60.1
383827,384430,384431,603,1,1,600,60.4
383828,384437,384440,609,3,1,600,61.2
383830,384442,384444,612,2,1,600,61.4
383831,384449,384450,618,1,1,600,61.9
383832,384454,384456,622,2,1,600,62.4
383834,384460,384462,626,2,1,600,62.8
383839,383901,385349,62,1448,8,6000,1.04281767956
383898,384478,384480,580,2,1,600,58.2
383899,384485,384487,586,2,1,600,58.8
383901,384490,384491,589,1,1,600,59.0
383901,383919,385345,18,1426,8,6000,1.0126227209
383902,384495,384498,593,3,1,600,59.6
383904,384502,384504,598,2,1,600,60.0
383906,384507,384514,601,7,1,600,60.8
383907,384513,384514,606,1,1,600,60.7
383909,384525,384527,616,2,1,600,61.8
383910,384531,384534,621,3,1,600,62.4
383923,384237,385683,314,1446,8,6000,1.21715076072
383972,384537,384539,565,2,1,600,56.7
383973,384543,384546,570,3,1,600,57.3
383975,384550,384551,575,1,1,600,57.6
383976,384555,384556,579,1,1,600,58.0
383979,384567,384568,588,1,1,600,58.9
383980,384573,384574,593,1,1,600,59.4
383982,384579,384580,597,1,1,600,59.8
383983,384584,384586,601,2,1,600,60.3
383985,384592,384593,607,1,1,600,60.8
384046,384597,384599,551,2,1,600,55.3
384048,384602,384606,554,4,1,600,55.8
384049,384615,384616,566,1,1,600,56.7
384050,384621,384623,571,2,1,600,57.3
384052,384627,384628,575,1,1,600,57.6
384053,384633,384634,580,1,1,600,58.1
384055,384638,384640,583,2,1,600,58.5
384056,384645,384647,589,2,1,600,59.1
384057,384650,384653,593,3,1,600,59.6
384059,384657,384658,598,1,1,600,59.9
384060,384662,384663,602,1,1,600,60.3
384061,384669,384670,608,1,1,600,60.9
384063,384674,384677,611,3,1,600,61.4
384064,384680,384682,616,2,1,600,61.8
384066,384686,384688,620,2,1,600,62.2
384127,384693,384694,566,1,1,600,56.7
384128,384698,384699,570,1,1,600,57.1
384130,384705,384706,575,1,1,600,57.6
384131,384710,384711,579,1,1,600,58.0
384133,384717,384718,584,1,1,600,58.5
384134,384722,384723,588,1,1,600,58.9
384136,384729,384735,593,6,1,600,59.9
384137,384734,384736,597,2,1,600,59.9
384138,384741,384742,603,1,1,600,60.4
384140,384746,384747,606,1,1,600,60.7
384143,384758,384759,615,1,1,600,61.6
384144,384765,384766,621,1,1,600,62.2
384205,384770,384771,565,1,1,600,56.6
384207,384775,384777,568,2,1,600,57.0
384208,384787,384799,579,12,1,600,49.25
384210,384792,384794,582,2,1,600,58.4
384211,384800,384801,589,1,1,600,59.0
384213,384805,384806,592,1,1,600,59.3
384214,384817,384819,603,2,1,600,60.5
384215,384823,384824,608,1,1,600,60.9
384217,384842,384843,625,1,1,600,62.6
384218,384847,384848,629,1,1,600,63.0
384220,384855,384856,635,1,1,600,63.6
384221,384861,384863,640,2,1,600,64.2
384223,384874,384877,651,3,1,600,65.4
384241,384272,385713,31,1441,8,6000,1.02151283831
384272,384520,385945,248,1425,8,6000,1.17403508772
384285,384886,384888,601,2,1,600,60.3
384286,384898,384900,612,2,1,600,61.4
384287,384905,384912,618,7,1,600,62.5
384290,384923,384925,633,2,1,600,63.5
384292,384928,384930,636,2,1,600,63.8
384293,384937,384938,644,1,1,600,64.5
384295,384944,384946,649,2,1,600,65.1
384296,384951,384952,655,1,1,600,65.6
384298,384958,384960,660,2,1,600,66.2
384359,384965,384966,606,1,1,600,60.7
384361,384972,384974,611,2,1,600,61.3
384362,384978,384979,616,1,1,600,61.7
384364,384986,384987,622,1,1,600,62.3
384365,384992,384994,627,2,1,600,62.9
384366,385000,385001,634,1,1,600,63.5
384368,385012,385025,644,13,1,600,50.5384615385
384369,385037,385040,668,3,1,600,67.1
384370,385051,385052,681,1,1,600,68.2
384372,385064,385065,692,1,1,600,69.3
384373,385077,385078,704,1,1,600,70.5
384375,385094,385099,719,5,1,600,72.4
384376,385100,385101,724,1,1,600,72.5
384377,385112,385114,735,2,1,600,73.7
384439,385119,385120,680,1,1,600,68.1
384440,385124,385126,684,2,1,600,68.6
384442,385131,385132,689,1,1,600,69.0
384443,385137,385141,694,4,1,600,69.8
384446,385161,385162,715,1,1,600,71.6
384447,385175,385176,728,1,1,600,72.9
384449,385305,385306,856,1,1,600,85.7
384450,385310,385325,860,15,1,600,58.3333333333
384451,385318,385320,867,2,1,600,86.9
384453,385333,385334,880,1,1,600,88.1
384454,385339,385341,885,2,1,600,88.7
384516,385347,385352,831,5,1,600,83.6
384517,385354,385355,837,1,1,600,83.8
384518,385731,385733,1213,2,1,600,121.5
384519,384610,386044,91,1434,8,6000,1.06345885635
384521,385745,385746,1224,1,1,600,122.5
384523,385752,385754,1229,2,1,600,123.1
384524,385759,385761,1235,2,1,600,123.7
384527,385774,385776,1247,2,1,600,124.9
384528,385781,385783,1253,2,1,600,125.5
384530,385787,385788,1257,1,1,600,125.8
384531,385795,385796,1264,1,1,600,126.5
384594,385809,385810,1215,1,1,600,121.6
384595,385815,385816,1220,1,1,600,122.1
384597,385822,385824,1225,2,1,600,122.7
384598,385829,385830,1231,1,1,600,123.2
384600,385836,385837,1236,1,1,600,123.7
384603,385849,385850,1246,1,1,600,124.7
384604,385857,385869,1253,12,1,600,105.416666667
384607,385877,385878,1270,1,1,600,127.1
384609,385884,385885,1275,1,1,600,127.6
384611,385898,385900,1287,2,1,600,128.9
384612,384782,386277,170,1495,8,6000,1.11371237458
384673,385905,385906,1232,1,1,600,123.3
384674,385913,385915,1239,2,1,600,124.1
384677,385926,385928,1249,2,1,600,125.1
384680,385941,385942,1261,1,1,600,126.2
384681,385947,385950,1266,3,1,600,126.9
384686,385986,385988,1300,2,1,600,130.2
384687,386000,386004,1313,4,1,600,131.7
384750,386029,386031,1279,2,1,600,128.1
384753,386055,386057,1302,2,1,600,130.4
384754,386069,386071,1315,2,1,600,131.7
384755,386083,386084,1328,1,1,600,132.9
384757,386096,386098,1339,2,1,600,134.1
384758,386109,386111,1351,2,1,600,135.3
384760,386123,386124,1363,1,1,600,136.4
384761,386136,386137,1375,1,1,600,137.6
384762,386150,386151,1388,1,1,600,138.9
384764,386164,386165,1400,1,1,600,140.1
384765,386178,386179,1413,1,1,600,141.4
384767,386192,386193,1425,1,1,600,142.6
384784,384812,389520,28,4708,5,14400,1.0059473237
384815,384830,389307,15,4477,5,14400,1.0033504579
384826,384837,389423,11,4586,5,14400,1.00239860445
384828,386205,386206,1377,1,1,600,137.8
384829,386218,386219,1389,1,1,600,139.0
384832,386242,386243,1410,1,1,600,141.1
384834,386255,386257,1421,2,1,600,142.3
384835,386269,386270,1434,1,1,600,143.5
384837,384881,389659,44,4778,5,14400,1.00920887401
384838,386296,386297,1458,1,1,600,145.9
384839,386309,386310,1470,1,1,600,147.1
384879,384893,389360,14,4467,5,14400,1.00313409447
384890,385007,389141,117,4134,5,14400,1.02830188679
384901,386321,386323,1420,2,1,600,142.2
384902,386335,386341,1433,6,1,600,143.9
384903,386353,386354,1450,1,1,600,145.1
384905,386366,386367,1461,1,1,600,146.2
384906,386378,386381,1472,3,1,600,147.5
384908,386392,386393,1484,1,1,600,148.5
384909,386405,386406,1496,1,1,600,149.7
384971,386417,386419,1446,2,1,600,144.8
384973,386443,386444,1470,1,1,600,147.1
384976,386468,386469,1492,1,1,600,149.3
384978,386481,386485,1503,4,1,600,150.7
384979,386497,386503,1518,6,1,600,152.4
384980,386515,386516,1535,1,1,600,153.6
384982,386528,386533,1546,5,1,600,155.1
384983,386546,386547,1563,1,1,600,156.4
385003,385019,389659,16,4640,5,14400,1.00344827586
385024,385155,389232,131,4077,5,14400,1.03213146922
385045,386559,386566,1514,7,1,600,152.1
385046,386578,386580,1532,2,1,600,153.4
385049,386604,386606,1555,2,1,600,155.7
385050,386618,386619,1568,1,1,600,156.9
385051,386631,386633,1580,2,1,600,158.2
385113,386647,386648,1534,1,1,600,153.5
385116,386673,386674,1557,1,1,600,155.8
385117,386686,386687,1569,1,1,600,157.0
385119,386699,386700,1580,1,1,600,158.1
385120,386714,386715,1594,1,1,600,159.5
385158,385168,389332,10,4164,5,14400,1.00240153698
385169,385188,389725,19,4537,5,14400,1.00418778929
385182,386726,386727,1544,1,1,600,154.5
385183,386739,386740,1556,1,1,600,155.7
385184,386752,386753,1568,1,1,600,156.9
385186,386765,386767,1579,2,1,600,158.1
385187,386778,386780,1591,2,1,600,159.3
385189,386803,386804,1614,1,1,600,161.5
385190,385366,389342,176,3976,5,14400,1.04426559356
385365,385373,389231,8,3858,5,14400,1.00207361327
385371,386816,386817,1445,1,1,600,144.6
385372,386829,386830,1457,1,1,600,145.8
385374,386842,386843,1468,1,1,600,146.9
385375,386855,386856,1480,1,1,600,148.1
385376,385694,390652,318,4958,5,14400,1.06413876563
385377,386868,386869,1491,1,1,600,149.2
385378,386881,386882,1503,1,1,600,150.4
385379,386894,386895,1515,1,1,600,151.6
385694,385701,389817,7,4116,5,14400,1.00170068027
385705,385726,390003,21,4277,5,14400,1.00490998363
385726,385961,390227,235,4266,5,14400,1.0550867323
385741,386906,386908,1165,2,1,600,116.7
385804,386932,386933,1128,1,1,600,112.9
385806,386945,386946,1139,1,1,600,114.0
385807,386958,386959,1151,1,1,600,115.2
385809,386971,386972,1162,1,1,600,116.3
385810,386983,386985,1173,2,1,600,117.5
385812,386997,387000,1185,3,1,600,118.8
385813,387012,387013,1199,1,1,600,120.0
385815,387025,387031,1210,6,1,600,121.6
385816,387044,387045,1228,1,1,600,122.9
385817,387057,387058,1240,1,1,600,124.1
385880,387083,387084,1203,1,1,600,120.4
385882,387096,387098,1214,2,1,600,121.6
385883,387110,387114,1227,4,1,600,123.1
385885,387127,387129,1242,2,1,600,124.4
385886,387142,387144,1256,2,1,600,125.8
385888,387156,387157,1268,1,1,600,126.9
385889,387169,387170,1280,1,1,600,128.1
385891,387182,387185,1291,3,1,600,129.4
385892,387197,387199,1305,2,1,600,130.7
385954,387211,387212,1257,1,1,600,125.8
385956,387236,387237,1280,1,1,600,128.1
385958,387249,387250,1291,1,1,600,129.2
385959,387262,387263,1303,1,1,600,130.4
385961,387275,387277,1314,2,1,600,131.6
385962,387289,387290,1327,1,1,600,132.8
385963,387302,387303,1339,1,1,600,134.0
385963,385974,389876,11,3902,5,14400,1.00281906715
385965,387315,387316,1350,1,1,600,135.1
385966,387328,387330,1362,2,1,600,136.4
385974,386289,390401,315,4112,5,14400,1.07660505837
386028,387342,387343,1314,1,1,600,131.5
386030,387355,387356,1325,1,1,600,132.6
386031,387368,387369,1337,1,1,600,133.8
386033,387381,387382,1348,1,1,600,134.9
386095,387394,387400,1299,6,1,600,130.5
386096,387412,387413,1316,1,1,600,131.7
386097,387425,387427,1328,2,1,600,133.0
386099,387439,387442,1340,3,1,600,134.3
386100,387454,387455,1354,1,1,600,135.5
386162,387467,387468,1305,1,1,600,130.6
386164,387480,387481,1316,1,1,600,131.7
386167,387507,387508,1340,1,1,600,134.1
386168,387520,387527,1352,7,1,600,135.9
386230,387539,387540,1309,1,1,600,131.0
386231,387553,387554,1322,1,1,600,132.3
386233,387567,387568,1334,1,1,600,133.5
386236,387592,387593,1356,1,1,600,135.7
386237,387605,387607,1368,2,1,600,137.0
386292,386303,390522,11,4219,5,14400,1.0026072529
386299,387619,387632,1320,13,1,600,102.538461538
386300,387645,387646,1345,1,1,600,134.6
386302,387660,387663,1358,3,1,600,136.1
386303,387675,387676,1372,1,1,600,137.3
386303,389159,394099,2856,4940,5,14400,1.57813765182
386366,387701,387730,1335,29,1,600,47.0344827586
386367,387742,387749,1375,7,1,600,138.2
386369,387761,387764,1392,3,1,600,139.5
386370,387776,387777,1406,1,1,600,140.7
386433,387804,387806,1371,2,1,600,137.3
386435,387818,387819,1383,1,1,600,138.4
386436,387831,387832,1395,1,1,600,139.6
386438,387844,387845,1406,1,1,600,140.7
386439,387857,387858,1418,1,1,600,141.9
386501,387870,387871,1369,1,1,600,137.0
386502,387884,387885,1382,1,1,600,138.3
386503,387897,387898,1394,1,1,600,139.5
386505,387910,387912,1405,2,1,600,140.7
386566,387925,387938,1359,13,1,600,105.538461538
386568,387951,387952,1383,1,1,600,138.4
386569,387964,387965,1395,1,1,600,139.6
386572,387989,387992,1417,3,1,600,142.0
386637,388029,388031,1392,2,1,600,139.4
386638,388043,388045,1405,2,1,600,140.7
386640,388057,388058,1417,1,1,600,141.8
386701,388071,388072,1370,1,1,600,137.1
386702,388085,388086,1383,1,1,600,138.4
386704,388098,388100,1394,2,1,600,139.6
386705,388112,388114,1407,2,1,600,140.9
386707,388126,388128,1419,2,1,600,142.1
386768,388140,388148,1372,8,1,600,138.0
386770,388160,388161,1390,1,1,600,139.1
386773,388187,388188,1414,1,1,600,141.5
386836,388213,388215,1377,2,1,600,137.9
386837,388227,388229,1390,2,1,600,139.2
386839,388241,388242,1402,1,1,600,140.3
386840,388254,388255,1414,1,1,600,141.5
386842,388268,388269,1426,1,1,600,142.7
386904,388281,388284,1377,3,1,600,138.0
386905,388296,388297,1391,1,1,600,139.2
386906,388309,388310,1403,1,1,600,140.4
386908,388322,388324,1414,2,1,600,141.6
386909,388336,388337,1427,1,1,600,142.8
386972,388349,388350,1377,1,1,600,137.8
386973,388363,388364,1390,1,1,600,139.1
386975,388377,388378,1402,1,1,600,140.3
386976,388391,388394,1415,3,1,600,141.8
386979,388418,388419,1439,1,1,600,144.0
387042,388431,388432,1389,1,1,600,139.0
387043,388444,388445,1401,1,1,600,140.2
387045,388457,388458,1412,1,1,600,141.3
387046,388470,388471,1424,1,1,600,142.5
387108,388483,388485,1375,2,1,600,137.7
387109,388497,388500,1388,3,1,600,139.1
387111,388512,388513,1401,1,1,600,140.2
387112,388525,388527,1413,2,1,600,141.5
387114,388539,388540,1425,1,1,600,142.6
387175,388552,388553,1377,1,1,600,137.8
387177,388565,388568,1388,3,1,600,139.1
387179,388580,388582,1401,2,1,600,140.3
387180,388594,388595,1414,1,1,600,141.5
387182,388607,388611,1425,4,1,600,142.9
387184,395097,550244,7913,155147,8,259200,1.05100324209
387243,388623,388624,1380,1,1,600,138.1
387246,388649,388650,1403,1,1,600,140.4
387248,388662,388665,1414,3,1,600,141.7
387249,388677,388685,1428,8,1,600,143.6
387311,388697,388698,1386,1,1,600,138.7
387312,388710,388715,1398,5,1,600,140.3
387314,388728,388731,1414,3,1,600,141.7
387315,388743,388745,1428,2,1,600,143.0
387317,388757,388758,1440,1,1,600,144.1
387379,388770,388771,1391,1,1,600,139.2
387380,388783,388788,1403,5,1,600,140.8
387382,388800,388801,1418,1,1,600,141.9
387383,388813,388815,1430,2,1,600,143.2
387385,388833,388834,1448,1,1,600,144.9
387446,388846,388847,1400,1,1,600,140.1
387450,388873,388874,1423,1,1,600,142.4
387451,388886,388887,1435,1,1,600,143.6
387453,388900,388902,1447,2,1,600,144.9
387514,388914,388915,1400,1,1,600,140.1
387519,388952,388954,1433,2,1,600,143.5
387520,388966,388970,1446,4,1,600,145.0
387583,388995,388998,1412,3,1,600,141.5
387585,389010,389011,1425,1,1,600,142.6
387586,389023,389025,1437,2,1,600,143.9
387588,389037,389038,1449,1,1,600,145.0
387649,389051,389052,1402,1,1,600,140.3
387651,389064,389066,1413,2,1,600,141.5
387652,389078,389079,1426,1,1,600,142.7
387654,389092,389098,1438,6,1,600,144.4
387716,389110,389111,1394,1,1,600,139.5
387717,389123,389125,1406,2,1,600,140.8
387719,389137,389139,1418,2,1,600,142.0
387780,389152,389157,1372,5,1,600,137.7
387782,389170,389172,1388,2,1,600,139.0
387783,389184,389186,1401,2,1,600,140.3
387785,389198,389199,1413,1,1,600,141.4
387848,389225,389232,1377,7,1,600,138.4
387850,389256,389257,1406,1,1,600,140.7
387851,389270,389273,1419,3,1,600,142.2
387853,389285,389286,1432,1,1,600,143.3
387916,389312,389313,1396,1,1,600,139.7
387917,389326,389327,1409,1,1,600,141.0
387919,389341,389343,1422,2,1,600,142.4
387921,389361,389363,1440,2,1,600,144.2
387982,389380,389381,1398,1,1,600,139.9
387984,389393,389395,1409,2,1,600,141.1
387986,389407,389408,1421,1,1,600,142.2
387987,389420,389421,1433,1,1,600,143.4
388050,389448,389455,1398,7,1,600,140.5
388052,389467,389468,1415,1,1,600,141.6
388055,389493,389494,1438,1,1,600,143.9
388117,389506,389507,1389,1,1,600,139.0
388118,389519,389522,1401,3,1,600,140.4
388120,389540,389541,1420,1,1,600,142.1
388121,389553,389560,1432,7,1,600,143.9
388123,389572,389573,1449,1,1,600,145.0
388184,389586,389587,1402,1,1,600,140.3
388186,389600,389607,1414,7,1,600,142.1
388188,389619,389620,1431,1,1,600,143.2
388189,389632,389634,1443,2,1,600,144.5
388251,389646,389649,1395,3,1,600,139.8
388252,389661,389662,1409,1,1,600,141.0
388254,389677,389680,1423,3,1,600,142.6
388255,389693,389695,1438,2,1,600,144.0
388257,389707,389708,1450,1,1,600,145.1
388318,389720,389721,1402,1,1,600,140.3
388320,389733,389736,1413,3,1,600,141.6
388321,389748,389750,1427,2,1,600,142.9
388323,389762,389763,1439,1,1,600,144.0
388324,389775,389776,1451,1,1,600,145.2
388386,389789,389790,1403,1,1,600,140.4
388388,389801,389807,1413,6,1,600,141.9
388389,389820,389821,1431,1,1,600,143.2
388392,389847,389848,1455,1,1,600,145.6
388454,389859,389861,1405,2,1,600,140.7
388457,389884,389886,1427,2,1,600,142.9
388458,389897,389898,1439,1,1,600,144.0
388521,389922,389924,1401,2,1,600,140.3
388523,389935,389937,1412,2,1,600,141.4
388526,389962,389963,1436,1,1,600,143.7
388527,389974,389976,1447,2,1,600,144.9
388590,389999,390000,1409,1,1,600,141.0
388592,390012,390014,1420,2,1,600,142.2
388593,390025,390036,1432,11,1,600,131.181818182
388595,390048,390051,1453,3,1,600,145.6
388657,390063,390065,1406,2,1,600,140.8
388658,390076,390087,1418,11,1,600,129.909090909
388660,390098,390100,1438,2,1,600,144.0
388661,390111,390115,1450,4,1,600,145.4
388663,390127,390129,1464,2,1,600,146.6
388724,390140,390143,1416,3,1,600,141.9
388726,390154,390155,1428,1,1,600,142.9
388729,390178,390180,1449,2,1,600,145.1
388791,390191,390194,1400,3,1,600,140.3
388792,390206,390207,1414,1,1,600,141.5
388794,390218,390220,1424,2,1,600,142.6
388795,390231,390232,1436,1,1,600,143.7
388858,390257,390258,1399,1,1,600,140.0
388860,390269,390271,1409,2,1,600,141.1
388862,390283,390285,1421,2,1,600,142.3
388863,390296,390297,1433,1,1,600,143.4
388925,390309,390310,1384,1,1,600,138.5
388927,390322,390324,1395,2,1,600,139.7
388928,390335,390338,1407,3,1,600,141.0
388930,390350,390351,1420,1,1,600,142.1
388931,390364,390365,1433,1,1,600,143.4
388933,390376,390379,1443,3,1,600,144.6
388995,390390,390392,1395,2,1,600,139.7
388996,390403,390405,1407,2,1,600,140.9
388998,390422,390424,1424,2,1,600,142.6
389000,390435,390437,1435,2,1,600,143.7
389061,390449,390450,1388,1,1,600,138.9
389063,390461,390463,1398,2,1,600,140.0
389064,390474,390476,1410,2,1,600,141.2
389066,390488,390490,1422,2,1,600,142.4
389067,390501,390503,1434,2,1,600,143.6
389129,390514,390516,1385,2,1,600,138.7
389131,390527,390529,1396,2,1,600,139.8
389133,390540,390547,1407,7,1,600,141.4
389134,390558,390560,1424,2,1,600,142.6
389136,390571,390572,1435,1,1,600,143.6
389158,389243,393510,85,4267,5,14400,1.01992031873
389198,390584,390586,1386,2,1,600,138.8
389199,390597,390600,1398,3,1,600,140.1
389201,390611,390613,1410,2,1,600,141.2
389202,390625,390626,1423,1,1,600,142.4
389241,389250,394063,9,4813,5,14400,1.00186993559
389252,389319,393888,67,4569,5,14400,1.01466404027
389264,390637,390639,1373,2,1,600,137.5
389267,390662,390664,1395,2,1,600,139.7
389269,390676,390678,1407,2,1,600,140.9
389325,389348,393920,23,4572,5,14400,1.00503062117
389331,390690,390691,1359,1,1,600,136.0
389332,390702,390704,1370,2,1,600,137.2
389334,390715,390717,1381,2,1,600,138.3
389335,390728,390730,1393,2,1,600,139.5
389346,389355,394132,9,4777,5,14400,1.00188402763
389357,389373,394003,16,4630,5,14400,1.00345572354
389379,389441,393315,62,3874,5,14400,1.0160041301
389399,390754,390756,1355,2,1,600,135.7
389400,390767,390770,1367,3,1,600,137.0
389402,390781,390788,1379,7,1,600,138.6
389404,390799,390801,1395,2,1,600,139.7
389441,389533,394196,92,4663,5,14400,1.01972978769
389465,390812,390814,1347,2,1,600,134.9
389469,390837,390839,1368,2,1,600,137.0
389470,390851,390852,1381,1,1,600,138.2
389532,390864,390865,1332,1,1,600,133.3
389533,390876,390878,1343,2,1,600,134.5
389534,389671,394155,137,4484,5,14400,1.03055307761
389535,390889,390897,1354,8,1,600,136.2
389537,390908,390909,1371,1,1,600,137.2
389539,390920,390925,1381,5,1,600,138.6
389600,390936,390938,1336,2,1,600,133.8
389602,390951,390953,1349,2,1,600,135.1
389605,390976,390979,1371,3,1,600,137.4
389667,390991,390992,1324,1,1,600,132.5
389668,391004,391005,1336,1,1,600,133.7
389669,389685,393683,16,3998,5,14400,1.004002001
389670,391016,391018,1346,2,1,600,134.8
389672,391029,391030,1357,1,1,600,135.8
389690,389740,393624,50,3884,5,14400,1.01287332647
389735,391053,391056,1318,3,1,600,132.1
389737,391067,391068,1330,1,1,600,133.1
389738,391082,391085,1344,3,1,600,134.7
389742,391109,391110,1367,1,1,600,136.8
389742,389829,394129,87,4300,5,14400,1.02023255814
389803,391121,391122,1318,1,1,600,131.9
389804,391134,391136,1330,2,1,600,133.2
389806,391147,391149,1341,2,1,600,134.3
389807,391161,391163,1354,2,1,600,135.6
389825,389891,394145,66,4254,5,14400,1.01551480959
389868,391174,391177,1306,3,1,600,130.9
389870,391189,391190,1319,1,1,600,132.0
389871,391201,391203,1330,2,1,600,133.2
389872,391214,391215,1342,1,1,600,134.3
389874,391227,391231,1353,4,1,600,135.7
389887,390018,393865,131,3847,5,14400,1.03405250845
389935,391243,391245,1308,2,1,600,131.0
389937,391257,391282,1320,25,1,600,53.8
389938,391293,391295,1355,2,1,600,135.7
389939,391306,391309,1367,3,1,600,137.0
389940,391320,391321,1380,1,1,600,138.1
390002,391332,391334,1330,2,1,600,133.2
390003,391346,391348,1343,2,1,600,134.5
390004,391359,391361,1355,2,1,600,135.7
390006,391373,391375,1367,2,1,600,136.9
390007,391387,391388,1380,1,1,600,138.1
390008,391401,391402,1393,1,1,600,139.4
390021,390238,394507,217,4269,5,14400,1.05083157648
390070,391418,391419,1348,1,1,600,134.9
390071,391431,391432,1360,1,1,600,136.1
390074,391455,391457,1381,2,1,600,138.3
390135,391469,391470,1334,1,1,600,133.5
390138,391493,391495,1355,2,1,600,135.7
390139,391506,391508,1367,2,1,600,136.9
390201,391519,391521,1318,2,1,600,132.0
390202,391532,391534,1330,2,1,600,133.2
390203,391545,391547,1342,2,1,600,134.4
390205,391558,391560,1353,2,1,600,135.5
390206,391572,391573,1366,1,1,600,136.7
390237,390416,394344,179,3928,5,14400,1.04557026477
390267,391584,391586,1317,2,1,600,131.9
390269,391598,391599,1329,1,1,600,133.0
390270,391611,391619,1341,8,1,600,134.9
390271,391631,391632,1360,1,1,600,136.1
390273,391644,391646,1371,2,1,600,137.3
390334,391657,391658,1323,1,1,600,132.4
390335,391670,391671,1335,1,1,600,133.6
390337,391682,391691,1345,9,1,600,135.4
390338,391702,391703,1364,1,1,600,136.5
390339,391714,391716,1375,2,1,600,137.7
390401,391727,391732,1326,5,1,600,133.1
390402,391744,391746,1342,2,1,600,134.4
390403,391757,391759,1354,2,1,600,135.6
390405,391771,391773,1366,2,1,600,136.8
390406,391784,391787,1378,3,1,600,138.1
390412,390534,395273,122,4739,5,14400,1.02574382781
390467,391798,391801,1331,3,1,600,133.4
390469,391813,391814,1344,1,1,600,134.5
390470,391826,391827,1356,1,1,600,135.7
390471,391838,391840,1367,2,1,600,136.9
390473,391851,391853,1378,2,1,600,138.0
390534,391864,391865,1330,1,1,600,133.1
390535,390669,395257,134,4588,5,14400,1.02920662598
390535,391877,391880,1342,3,1,600,134.5
390536,391891,391893,1355,2,1,600,135.7
390537,401608,404038,11071,2430,4,2580,5.55596707819
390538,391905,391911,1367,6,1,600,137.3
390539,391922,391924,1383,2,1,600,138.5
390602,391947,391948,1345,1,1,600,134.6
390603,391960,391962,1357,2,1,600,135.9
390604,391973,391974,1369,1,1,600,137.0
390606,391986,391987,1380,1,1,600,138.1
390667,391999,392000,1332,1,1,600,133.3
390669,393327,398287,2658,4960,5,14400,1.53588709677
390669,392011,392013,1342,2,1,600,134.4
390670,392025,392032,1355,7,1,600,136.2
390671,392043,392044,1372,1,1,600,137.3
390673,392055,392056,1382,1,1,600,138.3
390734,392069,392070,1335,1,1,600,133.6
390736,392081,392083,1345,2,1,600,134.7
390737,392094,392096,1357,2,1,600,135.9
390738,392108,392109,1370,1,1,600,137.1
390740,392120,392122,1380,2,1,600,138.2
390801,392133,392135,1332,2,1,600,133.4
390802,392147,392155,1345,8,1,600,135.3
390804,392167,392170,1363,3,1,600,136.6
390805,392182,392183,1377,1,1,600,137.8
390806,392195,392197,1389,2,1,600,139.1
390868,392208,392209,1340,1,1,600,134.1
390871,392233,392234,1362,1,1,600,136.3
390872,392246,392247,1374,1,1,600,137.5
390873,392258,392260,1385,2,1,600,138.7
390935,392271,392272,1336,1,1,600,133.7
390936,392284,392285,1348,1,1,600,134.9
390937,392297,392298,1360,1,1,600,136.1
390939,392310,392311,1371,1,1,600,137.2
391000,392323,392324,1323,1,1,600,132.4
391001,392335,392342,1334,7,1,600,134.1
391003,392355,392363,1352,8,1,600,136.0
391004,392374,392376,1370,2,1,600,137.2
391005,392388,392389,1383,1,1,600,138.4
391068,392400,392401,1332,1,1,600,133.3
391069,392413,392415,1344,2,1,600,134.6
391070,392426,392428,1356,2,1,600,135.8
391072,392440,392441,1368,1,1,600,136.9
391073,392452,392454,1379,2,1,600,138.1
391074,392466,392467,1392,1,1,600,139.3
391137,392491,392492,1354,1,1,600,135.5
391139,392504,392505,1365,1,1,600,136.6
391140,392516,392519,1376,3,1,600,137.9
391201,392530,392539,1329,9,1,600,133.8
391203,392550,392558,1347,8,1,600,135.5
391206,392781,392789,1575,8,1,600,158.3
391268,392801,392802,1533,1,1,600,153.4
391269,392814,392815,1545,1,1,600,154.6
391270,392827,392829,1557,2,1,600,155.9
391272,392841,392842,1569,1,1,600,157.0
391333,392853,392855,1520,2,1,600,152.2
391335,392867,392868,1532,1,1,600,153.3
391336,392880,392882,1544,2,1,600,154.6
391337,392894,392895,1557,1,1,600,155.8
391399,392907,392908,1508,1,1,600,150.9
391400,392919,392920,1519,1,1,600,152.0
391401,392931,392933,1530,2,1,600,153.2
391403,392944,392950,1541,6,1,600,154.7
391465,392974,392975,1509,1,1,600,151.0
391467,392986,392987,1519,1,1,600,152.0
391468,392998,393000,1530,2,1,600,153.2
391469,393011,393013,1542,2,1,600,154.4
391471,393025,393026,1554,1,1,600,155.5
391532,393037,393038,1505,1,1,600,150.6
391533,393050,393053,1517,3,1,600,152.0
391535,393064,393067,1529,3,1,600,153.2
391536,393079,393080,1543,1,1,600,154.4
391537,393091,393093,1554,2,1,600,155.6
391600,393116,393118,1516,2,1,600,151.8
391601,393129,393130,1528,1,1,600,152.9
391603,393142,393143,1539,1,1,600,154.0
391604,393154,393156,1550,2,1,600,155.2
391605,393167,393169,1562,2,1,600,156.4
391667,393180,393182,1513,2,1,600,151.5
391668,393193,393194,1525,1,1,600,152.6
391669,393206,393207,1537,1,1,600,153.8
391670,393218,393220,1548,2,1,600,155.0
391732,393232,393233,1500,1,1,600,150.1
391733,393244,393245,1511,1,1,600,151.2
391734,393257,393267,1523,10,1,600,153.3
391736,393279,393292,1543,13,1,600,119.692307692
391797,393303,393304,1506,1,1,600,150.7
391800,393345,393358,1545,13,1,600,119.846153846
391801,393369,393371,1568,2,1,600,157.0
391802,393382,393383,1580,1,1,600,158.1
391849,410090,590096,18241,180006,4,180000,1.10133551104
391864,393395,393396,1531,1,1,600,153.2
391865,393407,393408,1542,1,1,600,154.3
391866,393420,393421,1554,1,1,600,155.5
391868,393432,393434,1564,2,1,600,156.6
391869,393445,393446,1576,1,1,600,157.7
391899,410095,590141,18196,180046,4,180000,1.10106306166
391930,393457,393460,1527,3,1,600,153.0
391931,393471,393477,1540,6,1,600,154.6
391934,393500,393501,1566,1,1,600,156.7
391935,393512,393514,1577,2,1,600,157.9
391997,393528,393533,1531,5,1,600,153.6
391998,393545,393546,1547,1,1,600,154.8
391999,393557,393563,1558,6,1,600,156.4
392001,393563,393567,1562,4,1,600,156.6
392002,393574,393576,1572,2,1,600,157.4
392063,393580,393582,1517,2,1,600,151.9
392065,393589,393593,1524,4,1,600,152.8
392066,393595,393597,1529,2,1,600,153.1
392067,393604,393607,1537,3,1,600,154.0
392069,393612,393613,1543,1,1,600,154.4
392130,393619,393621,1489,2,1,600,149.1
392131,393626,393628,1495,2,1,600,149.7
392133,393632,393634,1499,2,1,600,150.1
392134,393645,393646,1511,1,1,600,151.2
392135,393650,393651,1515,1,1,600,151.6
392196,393657,393672,1461,15,1,600,98.4
392198,393663,393665,1465,2,1,600,146.7
392199,393676,393678,1477,2,1,600,147.9
392200,393684,393685,1484,1,1,600,148.5
392262,393690,393693,1428,3,1,600,143.1
392263,393703,393704,1440,1,1,600,144.1
392264,393710,393711,1446,1,1,600,144.7
392266,393716,393717,1450,1,1,600,145.1
392268,393729,393731,1461,2,1,600,146.3
392330,393736,393738,1406,2,1,600,140.8
392331,393743,393746,1412,3,1,600,141.5
392332,393749,393750,1417,1,1,600,141.8
392334,393758,393759,1424,1,1,600,142.5
392335,393764,393766,1429,2,1,600,143.1
392369,408640,458133,16271,49493,16,324000,1.32875356111
392396,393771,393773,1375,2,1,600,137.7
392398,393778,393780,1380,2,1,600,138.2
392399,393785,393787,1386,2,1,600,138.8
392400,393791,393792,1391,1,1,600,139.2
392462,393798,393799,1336,1,1,600,133.7
392463,393805,393807,1342,2,1,600,134.4
392464,393812,393815,1348,3,1,600,135.1
392466,393819,393821,1353,2,1,600,135.5
392467,393827,393828,1360,1,1,600,136.1
392528,393833,393835,1305,2,1,600,130.7
392530,393840,393866,1310,26,1,600,51.3846153846
392531,393846,393849,1315,3,1,600,131.8
392533,393860,393877,1327,17,1,600,79.0588235294
392534,393883,393885,1349,2,1,600,135.1
392710,393891,393892,1181,1,1,600,118.2
392712,393897,393900,1185,3,1,600,118.8
392713,393910,393911,1197,1,1,600,119.8
392714,393916,393918,1202,2,1,600,120.4
392836,393924,393928,1088,4,1,600,109.2
392837,393930,393932,1093,2,1,600,109.5
392838,393943,393944,1105,1,1,600,110.6
392840,393949,393951,1109,2,1,600,111.1
392902,393956,393957,1054,1,1,600,105.5
392903,393963,393965,1060,2,1,600,106.2
392905,393969,393970,1064,1,1,600,106.5
392906,393976,393978,1070,2,1,600,107.2
392907,393983,393986,1076,3,1,600,107.9
392969,393990,393992,1021,2,1,600,102.3
392971,393997,393998,1026,1,1,600,102.7
392972,394003,394006,1031,3,1,600,103.4
392973,394011,394014,1038,3,1,600,104.1
392975,394022,394024,1047,2,1,600,104.9
393037,394029,394030,992,1,1,600,99.3
393038,394035,394037,997,2,1,600,99.9
393039,394042,394044,1003,2,1,600,100.5
393041,394049,394057,1008,8,1,600,101.6
393042,394055,394057,1013,2,1,600,101.5
393104,394068,394069,964,1,1,600,96.5
393105,394073,394075,968,2,1,600,97.0
393107,394085,394086,978,1,1,600,97.9
393108,394091,394093,983,2,1,600,98.5
393109,394098,394104,989,6,1,600,99.5
393111,394105,394108,994,3,1,600,99.7
393172,394118,394120,946,2,1,600,94.8
393173,394125,394126,952,1,1,600,95.3
393175,394132,394134,957,2,1,600,95.9
393176,394138,394146,962,8,1,600,97.0
393177,394150,394152,973,2,1,600,97.5
393239,394162,394167,923,5,1,600,92.8
393240,394174,394177,934,3,1,600,93.7
393241,394179,394192,938,13,1,600,73.1538461538
393243,394192,394194,949,2,1,600,95.1
393244,394197,394199,953,2,1,600,95.5
393305,394209,394210,904,1,1,600,90.5
393307,394221,394222,914,1,1,600,91.5
393308,394227,394229,919,2,1,600,92.1
393309,394235,394236,926,1,1,600,92.7
393330,393521,397487,191,3966,5,14400,1.04815935451
393371,394242,394247,871,5,1,600,87.6
393372,394248,394254,876,6,1,600,88.2
393433,394259,394260,826,1,1,600,82.7
393435,394266,394267,831,1,1,600,83.2
393436,394273,394274,837,1,1,600,83.8
393438,394287,394288,849,1,1,600,85.0
393440,394293,394295,853,2,1,600,85.5
393501,394299,394301,798,2,1,600,80.0
393504,394314,394315,810,1,1,600,81.1
393505,394321,394322,816,1,1,600,81.7
393525,393551,397334,26,3783,5,14400,1.00687285223
393556,393638,398330,82,4692,5,14400,1.01747655584
393568,394334,394337,766,3,1,600,76.9
393569,394341,394342,772,1,1,600,77.3
393571,394349,394351,778,2,1,600,78.0
393572,394360,394361,788,1,1,600,78.9
393574,394366,394369,792,3,1,600,79.5
393635,394373,394375,738,2,1,600,74.0
393638,394388,394389,750,1,1,600,75.1
393639,394394,394395,755,1,1,600,75.6
393639,393697,397665,58,3968,5,14400,1.01461693548
393640,394400,394410,760,10,1,600,77.0
393643,394419,394421,776,2,1,600,77.8
393644,394426,394429,782,3,1,600,78.5
393646,394432,394434,786,2,1,600,78.8
393701,393876,397714,175,3838,5,14400,1.04559666493
393707,394441,394442,734,1,1,600,73.5
393708,394447,394449,739,2,1,600,74.1
393710,394453,394454,743,1,1,600,74.4
393711,394461,394463,750,2,1,600,75.2
393712,394468,394469,756,1,1,600,75.7
393713,394475,394476,762,1,1,600,76.3
393715,394482,394484,767,2,1,600,76.9
393716,394489,394491,773,2,1,600,77.5
393717,394496,394497,779,1,1,600,78.0
393779,394503,394504,724,1,1,600,72.5
393780,394515,394519,735,4,1,600,73.9
393781,394520,394528,739,8,1,600,74.7
393783,394532,394534,749,2,1,600,75.1
393785,394545,394547,760,2,1,600,76.2
393787,394551,394552,764,1,1,600,76.5
393788,394558,394560,770,2,1,600,77.2
393789,394565,394566,776,1,1,600,77.7
393790,394570,394572,780,2,1,600,78.2
393852,394576,394577,724,1,1,600,72.5
393853,394584,394585,731,1,1,600,73.2
393854,394589,394593,735,4,1,600,73.9
393856,394596,394600,740,4,1,600,74.4
393857,394603,394604,746,1,1,600,74.7
393858,394609,394610,751,1,1,600,75.2
393861,394622,394623,761,1,1,600,76.2
393862,394629,394634,767,5,1,600,77.2
393876,393905,398816,29,4911,5,14400,1.00590511098
393907,393936,398044,29,4108,5,14400,1.0070593963
393923,394634,394635,711,1,1,600,71.2
393925,394640,394655,715,15,1,600,48.6666666667
393926,394647,394649,721,2,1,600,72.3
393927,394652,394660,725,8,1,600,73.3
393929,394660,394667,731,7,1,600,73.8
393930,394667,394669,737,2,1,600,73.9
393931,394674,394676,743,2,1,600,74.5
393939,394017,398595,78,4578,5,14400,1.01703800786
393993,394680,394681,687,1,1,600,68.8
393994,394686,394687,692,1,1,600,69.3
393995,394692,394695,697,3,1,600,70.0
393997,394698,394701,701,3,1,600,70.4
393998,394704,394706,706,2,1,600,70.8
393999,394711,394719,712,8,1,600,72.0
394001,394718,394721,717,3,1,600,72.0
394002,394724,394736,722,12,1,600,61.1666666667
394003,394736,394748,733,12,1,600,62.0833333333
394005,394741,394745,736,4,1,600,74.0
394006,394748,394749,742,1,1,600,74.3
394021,394079,398424,58,4345,5,14400,1.01334867664
394067,394753,394754,686,1,1,600,68.7
394069,394760,394761,691,1,1,600,69.2
394070,394765,394766,695,1,1,600,69.6
394071,394771,394772,700,1,1,600,70.1
394072,394777,394778,705,1,1,600,70.6
394074,394783,394784,709,1,1,600,71.0
394078,394800,394802,722,2,1,600,72.4
394083,394111,398649,28,4538,5,14400,1.006170119
394115,394145,398030,30,3885,5,14400,1.00772200772
394140,394811,394817,671,6,1,600,67.7
394143,394823,394825,680,2,1,600,68.2
394144,394829,394830,685,1,1,600,68.6
394146,394156,398486,10,4330,5,14400,1.00230946882
394146,394836,394837,690,1,1,600,69.1
394147,394841,394842,694,1,1,600,69.5
394148,394847,394849,699,2,1,600,70.1
394157,394169,398567,12,4398,5,14400,1.00272851296
394168,394186,398711,18,4525,5,14400,1.00397790055
394189,394203,397888,14,3685,5,14400,1.00379918589
394199,394216,398523,17,4307,5,14400,1.00394706292
394210,394853,394856,643,3,1,600,64.6
394211,394860,394866,649,6,1,600,65.5
394212,394865,394867,653,2,1,600,65.5
394214,394871,394872,657,1,1,600,65.8
394216,394883,394885,667,2,1,600,66.9
394219,394894,394896,675,2,1,600,67.7
394220,394355,398499,135,4144,5,14400,1.03257722008
394280,394900,394901,620,1,1,600,62.1
394283,394911,394912,628,1,1,600,62.9
394284,394918,394921,634,3,1,600,63.7
394287,394928,394929,641,1,1,600,64.2
394288,394935,394936,647,1,1,600,64.8
394290,394940,394942,650,2,1,600,65.2
394291,394945,394947,654,2,1,600,65.6
394353,394952,394953,599,1,1,600,60.0
394354,394509,399245,155,4736,5,14400,1.03272804054
394354,394957,394971,603,14,1,600,44.0714285714
394355,394964,394965,609,1,1,600,61.0
394357,394969,394972,612,3,1,600,61.5
394358,394975,394976,617,1,1,600,61.8
394359,394982,394991,623,9,1,600,63.2
394361,394989,394990,628,1,1,600,62.9
394362,394994,394996,632,2,1,600,63.4
394363,394999,395010,636,11,1,600,58.8181818182
394365,395006,395008,641,2,1,600,64.3
394426,395011,395021,585,10,1,600,59.5
394428,395018,395019,590,1,1,600,59.1
394429,395025,395032,596,7,1,600,60.3
394430,395030,395032,600,2,1,600,60.2
394432,395037,395038,605,1,1,600,60.6
394433,395042,395044,609,2,1,600,61.1
394434,395049,395051,615,2,1,600,61.7
394436,395054,395055,618,1,1,600,61.9
394437,395061,395062,624,1,1,600,62.5
394438,395066,395068,628,2,1,600,63.0
394440,395073,395074,633,1,1,600,63.4
394501,395078,395079,577,1,1,600,57.8
394503,395085,395087,582,2,1,600,58.4
394504,395090,395091,586,1,1,600,58.7
394505,395104,395106,599,2,1,600,60.1
394507,395109,395115,602,6,1,600,60.8
394508,395119,395121,611,2,1,600,61.3
394509,394527,399285,18,4758,5,14400,1.00378310214
394509,395127,395129,618,2,1,600,62.0
394511,395134,395137,623,3,1,600,62.6
394512,395142,395144,630,2,1,600,63.2
394513,395148,395152,635,4,1,600,63.9
394530,394731,399467,201,4736,5,14400,1.04244087838
394575,395155,395157,580,2,1,600,58.2
394576,395163,395165,587,2,1,600,58.9
394577,395170,395174,593,4,1,600,59.7
394579,395176,395179,597,3,1,600,60.0
394580,395186,395187,606,1,1,600,60.7
394582,395192,395195,610,3,1,600,61.3
394583,395199,395200,616,1,1,600,61.7
394584,395208,395209,624,1,1,600,62.5
394586,395215,395216,629,1,1,600,63.0
394587,395221,395222,634,1,1,600,63.5
394648,395227,395229,579,2,1,600,58.1
394650,395234,395235,584,1,1,600,58.5
394651,395241,395243,590,2,1,600,59.2
394653,395248,395250,595,2,1,600,59.7
394654,395256,395257,602,1,1,600,60.3
394655,395263,395264,608,1,1,600,60.9
394657,395275,395276,618,1,1,600,61.9
394658,395282,395284,624,2,1,600,62.6
394660,395294,395295,634,1,1,600,63.5
394661,395301,395302,640,1,1,600,64.1
394662,395307,395309,645,2,1,600,64.7
394724,395315,395316,591,1,1,600,59.2
394725,395321,395322,596,1,1,600,59.7
394727,395328,395330,601,2,1,600,60.3
394728,395336,395341,608,5,1,600,61.3
394729,395342,395346,613,4,1,600,61.7
394731,395353,395355,622,2,1,600,62.4
394732,395359,395361,627,2,1,600,62.9
394733,395366,395368,633,2,1,600,63.5
394735,395373,395375,638,2,1,600,64.0
394736,395380,395381,644,1,1,600,64.5
394736,395269,400362,533,5093,5,14400,1.10465344591
394737,395387,395389,650,2,1,600,65.2
394799,395395,395396,596,1,1,600,59.7
394800,395401,395403,601,2,1,600,60.3
394802,395409,395410,607,1,1,600,60.8
394804,395423,395431,619,8,1,600,62.7
394806,395429,395431,623,2,1,600,62.5
394807,395442,395444,635,2,1,600,63.7
394809,395447,395449,638,2,1,600,64.0
394810,395455,395459,645,4,1,600,64.9
394811,395462,395463,651,1,1,600,65.2
394813,395471,395473,658,2,1,600,66.0
394814,395478,395480,664,2,1,600,66.6
394816,395486,395498,670,12,1,600,56.8333333333
394817,395492,395495,675,3,1,600,67.8
394879,395506,395508,627,2,1,600,62.9
394880,395514,395515,634,1,1,600,63.5
394881,395520,395522,639,2,1,600,64.1
394883,395527,395529,644,2,1,600,64.6
394885,395542,395543,657,1,1,600,65.8
394887,395549,395550,662,1,1,600,66.3
394888,395556,395557,668,1,1,600,66.9
394890,395563,395564,673,1,1,600,67.4
394891,395570,395571,679,1,1,600,68.0
394892,395576,395577,684,1,1,600,68.5
394894,395583,395585,689,2,1,600,69.1
394896,395590,395592,694,2,1,600,69.6
394897,395597,395604,700,7,1,600,70.7
394958,395605,395612,647,7,1,600,65.4
394960,395616,395618,656,2,1,600,65.8
394961,395623,395625,662,2,1,600,66.4
394964,395637,395639,673,2,1,600,67.5
394966,395644,395646,678,2,1,600,68.0
394967,395651,395652,684,1,1,600,68.5
394968,395657,395659,689,2,1,600,69.1
394970,395664,395666,694,2,1,600,69.6
394971,395671,395672,700,1,1,600,70.1
394974,395685,395687,711,2,1,600,71.3
395036,395691,395693,655,2,1,600,65.7
395037,395698,395701,661,3,1,600,66.4
395039,395705,395707,666,2,1,600,66.8
395040,395712,395714,672,2,1,600,67.4
395041,395719,395720,678,1,1,600,67.9
395043,395726,395728,683,2,1,600,68.5
395044,395733,395734,689,1,1,600,69.0
395045,395740,395742,695,2,1,600,69.7
395047,395748,395750,701,2,1,600,70.3
395048,395754,395757,706,3,1,600,70.9
395050,395761,395763,711,2,1,600,71.3
395051,395770,395771,719,1,1,600,72.0
395052,395776,395777,724,1,1,600,72.5
395054,395784,395785,730,1,1,600,73.1
395115,395790,395797,675,7,1,600,68.2
395117,395797,395799,680,2,1,600,68.2
395119,395817,395818,698,1,1,600,69.9
395121,395823,395825,702,2,1,600,70.4
395122,395830,395833,708,3,1,600,71.1
395123,395837,395838,714,1,1,600,71.5
395125,395846,395847,721,1,1,600,72.2
395127,395859,395892,732,33,1,600,23.1818181818
395129,395866,395868,737,2,1,600,73.9
395190,395880,395881,690,1,1,600,69.1
395192,395892,395895,700,3,1,600,70.3
395193,395903,395905,710,2,1,600,71.2
395194,395910,395912,716,2,1,600,71.8
395196,395916,395918,720,2,1,600,72.2
395197,395923,395925,726,2,1,600,72.8
395198,395930,395931,732,1,1,600,73.3
395200,395936,395938,736,2,1,600,73.8
395201,395943,395944,742,1,1,600,74.3
395202,395949,395952,747,3,1,600,75.0
395264,395956,395993,692,37,1,600,19.7027027027
395265,395964,395965,699,1,1,600,70.0
395267,395976,395984,709,8,1,600,71.7
395268,395995,395998,727,3,1,600,73.0
395269,396004,396006,735,2,1,600,73.7
395270,395288,399233,18,3945,5,14400,1.00456273764
395271,396012,396013,741,1,1,600,74.2
395272,396018,396020,746,2,1,600,74.8
395273,396026,396029,753,3,1,600,75.6
395275,396032,396035,757,3,1,600,76.0
395276,396040,396047,764,7,1,600,77.1
395291,396827,400794,1536,3967,5,14400,1.38719435342
395337,396048,396049,711,1,1,600,71.2
395340,396065,396066,725,1,1,600,72.6
395341,396072,396074,731,2,1,600,73.3
395343,396079,396081,736,2,1,600,73.8
395344,396087,396089,743,2,1,600,74.5
395346,396094,396095,748,1,1,600,74.9
395347,396101,396102,754,1,1,600,75.5
395410,396114,396115,704,1,1,600,70.5
395411,396121,396123,710,2,1,600,71.2
395412,396129,396130,717,1,1,600,71.8
395414,396135,396137,721,2,1,600,72.3
395415,396142,396144,727,2,1,600,72.9
395416,396149,396151,733,2,1,600,73.5
395419,396162,396166,743,4,1,600,74.7
395420,396169,396170,749,1,1,600,75.0
395422,396177,396178,755,1,1,600,75.6
395423,396184,396185,761,1,1,600,76.2
395485,396191,396193,706,2,1,600,70.8
395486,396198,396199,712,1,1,600,71.3
395487,396205,396206,718,1,1,600,71.9
395489,396211,396213,722,2,1,600,72.4
395490,396219,396220,729,1,1,600,73.0
395491,396225,396227,734,2,1,600,73.6
395493,396232,396238,739,6,1,600,74.5
395494,396238,396240,744,2,1,600,74.6
395555,396249,396251,694,2,1,600,69.6
395557,396257,396258,700,1,1,600,70.1
395558,396263,396265,705,2,1,600,70.7
395559,396270,396272,711,2,1,600,71.3
395561,396278,396279,717,1,1,600,71.8
395562,396284,396286,722,2,1,600,72.4
395564,396290,396293,726,3,1,600,72.9
395565,396297,396299,732,2,1,600,73.4
395566,396304,396305,738,1,1,600,73.9
395629,396317,396339,688,22,1,600,32.2727272727
395630,396325,396326,695,1,1,600,69.6
395632,396338,396339,706,1,1,600,70.7
395633,396350,396352,717,2,1,600,71.9
395634,396356,396357,722,1,1,600,72.3
395636,396364,396365,728,1,1,600,72.9
395637,396370,396373,733,3,1,600,73.6
395638,396376,396377,738,1,1,600,73.9
395640,396384,396386,744,2,1,600,74.6
395641,396392,396393,751,1,1,600,75.2
395703,396398,396400,695,2,1,600,69.7
395704,396405,396407,701,2,1,600,70.3
395705,396412,396413,707,1,1,600,70.8
395707,396419,396420,712,1,1,600,71.3
395708,396426,396427,718,1,1,600,71.9
395709,396433,396434,724,1,1,600,72.5
395711,396440,396441,729,1,1,600,73.0
395712,396447,396448,735,1,1,600,73.6
395713,396454,396455,741,1,1,600,74.2
395715,396461,396462,746,1,1,600,74.7
395716,396468,396474,752,6,1,600,75.8
395777,396475,396476,698,1,1,600,69.9
395780,396493,396494,713,1,1,600,71.4
395781,396500,396501,719,1,1,600,72.0
395783,396507,396508,724,1,1,600,72.5
395784,396514,396516,730,2,1,600,73.2
395786,396521,396522,735,1,1,600,73.6
395787,396527,396528,740,1,1,600,74.1
395788,396534,396535,746,1,1,600,74.7
395790,396541,396542,751,1,1,600,75.2
395791,396547,396549,756,2,1,600,75.8
395852,396554,396555,702,1,1,600,70.3
395854,396560,396562,706,2,1,600,70.8
395855,396566,396568,711,2,1,600,71.3
395856,396573,396575,717,2,1,600,71.9
395858,396579,396581,721,2,1,600,72.3
395859,396587,396588,728,1,1,600,72.9
395860,396593,396594,733,1,1,600,73.4
395862,396601,396603,739,2,1,600,74.1
395863,396607,396609,744,2,1,600,74.6
395925,396614,396616,689,2,1,600,69.1
395926,396622,396623,696,1,1,600,69.7
395927,396628,396629,701,1,1,600,70.2
395929,396635,396638,706,3,1,600,70.9
395930,396643,396645,713,2,1,600,71.5
395933,396657,396659,724,2,1,600,72.6
395934,396664,396667,730,3,1,600,73.3
395996,396671,396673,675,2,1,600,67.7
395997,396679,396681,682,2,1,600,68.4
395998,396685,396687,687,2,1,600,68.9
396000,396692,396693,692,1,1,600,69.3
396001,396699,396701,698,2,1,600,70.0
396003,396707,396709,704,2,1,600,70.6
396004,396714,396720,710,6,1,600,71.6
396005,396721,396726,716,5,1,600,72.1
396067,396731,396733,664,2,1,600,66.6
396068,396738,396740,670,2,1,600,67.2
396069,396745,396746,676,1,1,600,67.7
396071,396751,396753,680,2,1,600,68.2
396072,396758,396771,686,13,1,600,53.7692307692
396073,396765,396766,692,1,1,600,69.3
396075,396777,396779,702,2,1,600,70.4
396076,396785,396786,709,1,1,600,71.0
396077,396791,396793,714,2,1,600,71.6
396139,396798,396799,659,1,1,600,66.0
396140,396805,396807,665,2,1,600,66.7
396142,396812,396815,670,3,1,600,67.3
396143,396818,396820,675,2,1,600,67.7
396144,396833,396835,689,2,1,600,69.1
396146,396838,396840,692,2,1,600,69.4
396147,396845,396846,698,1,1,600,69.9
396148,396851,396855,703,4,1,600,70.7
396150,396856,396857,706,1,1,600,70.7
396151,396862,396863,711,1,1,600,71.2
396152,396870,396871,718,1,1,600,71.9
396214,396875,396876,661,1,1,600,66.2
396215,396881,396884,666,3,1,600,66.9
396216,396888,396889,672,1,1,600,67.3
396219,396901,396902,682,1,1,600,68.3
396220,396906,396908,686,2,1,600,68.8
396222,396912,396914,690,2,1,600,69.2
396223,396919,396921,696,2,1,600,69.8
396225,396925,396928,700,3,1,600,70.3
396226,396931,396932,705,1,1,600,70.6
396227,396937,396939,710,2,1,600,71.2
396289,396945,396947,656,2,1,600,65.8
396290,396950,396951,660,1,1,600,66.1
396291,396956,396958,665,2,1,600,66.7
396293,396963,396965,670,2,1,600,67.2
396294,396968,396970,674,2,1,600,67.6
396295,396974,397002,679,28,1,600,25.25
396298,396986,396989,688,3,1,600,69.1
396299,396993,396998,694,5,1,600,69.9
396301,397001,397002,700,1,1,600,70.1
396362,397010,397012,648,2,1,600,65.0
396365,397023,397024,658,1,1,600,65.9
396366,397029,397031,663,2,1,600,66.5
396367,397035,397037,668,2,1,600,67.0
396369,397041,397042,672,1,1,600,67.3
396370,397048,397049,678,1,1,600,67.9
396372,397053,397054,681,1,1,600,68.2
396373,397060,397061,687,1,1,600,68.8
396434,397066,397068,632,2,1,600,63.4
396437,397078,397080,641,2,1,600,64.3
396438,397085,397087,647,2,1,600,64.9
396440,397091,397092,651,1,1,600,65.2
396441,397098,397099,657,1,1,600,65.8
396442,397105,397107,663,2,1,600,66.5
396444,397110,397111,666,1,1,600,66.7
396445,397116,397118,671,2,1,600,67.3
396446,397123,397126,677,3,1,600,68.0
396448,397128,397129,680,1,1,600,68.1
396509,397135,397136,626,1,1,600,62.7
396510,397141,397142,631,1,1,600,63.2
396512,397147,397148,635,1,1,600,63.6
396513,397153,397154,640,1,1,600,64.1
396514,397158,397160,644,2,1,600,64.6
396516,397166,397167,650,1,1,600,65.1
396517,397171,397173,654,2,1,600,65.6
396518,397178,397179,660,1,1,600,66.1
396520,397185,397186,665,1,1,600,66.6
396583,397197,397198,614,1,1,600,61.5
396584,397204,397210,620,6,1,600,62.6
396587,397215,397216,628,1,1,600,62.9
396588,397222,397223,634,1,1,600,63.5
396589,397227,397228,638,1,1,600,63.9
396591,397234,397236,643,2,1,600,64.5
396592,397241,397242,649,1,1,600,65.0
396593,397246,397251,653,5,1,600,65.8
396595,397252,397255,657,3,1,600,66.0
396596,397260,397265,664,5,1,600,66.9
396657,397267,397269,610,2,1,600,61.2
396659,397272,397292,613,20,1,600,31.65
396660,397279,397280,619,1,1,600,62.0
396661,397285,397286,624,1,1,600,62.5
396663,397293,397294,630,1,1,600,63.1
396664,397300,397301,636,1,1,600,63.7
396665,397307,397308,642,1,1,600,64.3
396667,397312,397313,645,1,1,600,64.6
396668,397318,397321,650,3,1,600,65.3
396669,397326,397327,657,1,1,600,65.8
396731,397331,397332,600,1,1,600,60.1
396732,397338,397340,606,2,1,600,60.8
396734,397344,397347,610,3,1,600,61.3
396735,397350,397352,615,2,1,600,61.7
396736,397362,397363,626,1,1,600,62.7
396738,397369,397370,631,1,1,600,63.2
396739,397374,397375,635,1,1,600,63.6
396740,397381,397382,641,1,1,600,64.2
396742,397388,397391,646,3,1,600,64.9
396743,397393,397394,650,1,1,600,65.1
396804,397400,397401,596,1,1,600,59.7
396806,397407,397408,601,1,1,600,60.2
396807,397412,397413,605,1,1,600,60.6
396808,397419,397422,611,3,1,600,61.4
396810,397425,397427,615,2,1,600,61.7
396811,397431,397432,620,1,1,600,62.1
396812,397438,397443,626,5,1,600,63.1
396814,397444,397452,630,8,1,600,63.8
396815,397450,397464,635,14,1,600,46.3571428571
396816,397456,397458,640,2,1,600,64.2
396831,397357,402149,526,4792,5,14400,1.10976627713
396878,397464,397465,586,1,1,600,58.7
396879,397470,397471,591,1,1,600,59.2
396882,397483,397484,601,1,1,600,60.2
396883,397489,397496,606,7,1,600,61.3
396885,397495,397497,610,2,1,600,61.2
396886,397507,397514,621,7,1,600,62.8
396887,397514,397522,627,8,1,600,63.5
396889,397519,397520,630,1,1,600,63.1
396890,397526,397527,636,1,1,600,63.7
396891,397533,397534,642,1,1,600,64.3
396954,397545,397546,591,1,1,600,59.2
396955,397551,397552,596,1,1,600,59.7
396957,397557,397558,600,1,1,600,60.1
396958,397563,397566,605,3,1,600,60.8
396961,397575,397582,614,7,1,600,62.1
396962,397582,397583,620,1,1,600,62.1
396965,397593,397594,628,1,1,600,62.9
396966,397600,397602,634,2,1,600,63.6
396968,397605,397607,637,2,1,600,63.9
397029,397611,397613,582,2,1,600,58.4
397030,397618,397626,588,8,1,600,59.6
397032,397623,397626,591,3,1,600,59.4
397033,397631,397632,598,1,1,600,59.9
397034,397637,397638,603,1,1,600,60.4
397038,397655,397657,617,2,1,600,61.9
397040,397661,397663,621,2,1,600,62.3
397042,397673,397675,631,2,1,600,63.3
397044,397686,397688,642,2,1,600,64.4
397105,397693,397695,588,2,1,600,59.0
397107,397699,397701,592,2,1,600,59.4
397111,397721,397722,610,1,1,600,61.1
397112,397733,397734,621,1,1,600,62.2
397113,397739,397742,626,3,1,600,62.9
397115,397747,397748,632,1,1,600,63.3
397116,397753,397755,637,2,1,600,63.9
397119,397767,397768,648,1,1,600,64.9
397120,397774,397776,654,2,1,600,65.6
397181,397781,397783,600,2,1,600,60.2
397183,397788,397789,605,1,1,600,60.6
397184,397795,397796,611,1,1,600,61.2
397186,397801,397803,615,2,1,600,61.7
397187,397809,397810,622,1,1,600,62.3
397188,397816,397817,628,1,1,600,62.9
397190,397823,397824,633,1,1,600,63.4
397191,397829,397831,638,2,1,600,64.0
397192,397837,397838,645,1,1,600,64.6
397195,397850,397852,655,2,1,600,65.7
397259,397871,397872,612,1,1,600,61.3
397261,397877,397878,616,1,1,600,61.7
397262,397883,397885,621,2,1,600,62.3
397263,397889,397891,626,2,1,600,62.8
397265,397896,397897,631,1,1,600,63.2
397266,397909,397910,643,1,1,600,64.4
397267,397914,397916,647,2,1,600,64.9
397269,397920,397922,651,2,1,600,65.3
397270,397927,397928,657,1,1,600,65.8
397271,397933,397941,662,8,1,600,67.0
397273,397939,397940,666,1,1,600,66.7
397334,397945,397947,611,2,1,600,61.3
397336,397952,397964,616,12,1,600,52.3333333333
397337,397957,397959,620,2,1,600,62.2
397338,397964,397965,626,1,1,600,62.7
397340,397971,397972,631,1,1,600,63.2
397341,397978,397979,637,1,1,600,63.8
397342,397983,397988,641,5,1,600,64.6
397344,397989,397996,645,7,1,600,65.2
397348,398010,398034,662,24,1,600,28.5833333333
397349,398016,398017,667,1,1,600,66.8
397355,397501,402174,146,4673,5,14400,1.03124331265
397411,398022,398029,611,7,1,600,61.8
397412,398028,398033,616,5,1,600,62.1
397413,398040,398043,627,3,1,600,63.0
397416,398058,398059,642,1,1,600,64.3
397418,398070,398072,652,2,1,600,65.4
397419,398075,398077,656,2,1,600,65.8
397420,398081,398084,661,3,1,600,66.4
397422,398088,398090,666,2,1,600,66.8
397423,398094,398097,671,3,1,600,67.4
397425,398101,398109,676,8,1,600,68.4
397486,398106,398108,620,2,1,600,62.2
397487,398112,398114,625,2,1,600,62.7
397489,398119,398121,630,2,1,600,63.2
397490,398127,398128,637,1,1,600,63.8
397494,398145,398147,651,2,1,600,65.3
397496,398151,398152,655,1,1,600,65.6
397497,398158,398159,661,1,1,600,66.2
397499,397681,401590,182,3909,5,14400,1.04655922231
397499,398164,398166,665,2,1,600,66.7
397561,398176,398178,615,2,1,600,61.7
397563,398183,398185,620,2,1,600,62.2
397564,398188,398190,624,2,1,600,62.6
397566,398195,398196,629,1,1,600,63.0
397567,398201,398203,634,2,1,600,63.6
397568,398206,398207,638,1,1,600,63.9
397570,398212,398214,642,2,1,600,64.4
397571,398218,398220,647,2,1,600,64.9
397574,398231,398232,657,1,1,600,65.8
397575,398237,398239,662,2,1,600,66.4
397577,398243,398244,666,1,1,600,66.7
397578,398249,398251,671,2,1,600,67.3
397640,398256,398257,616,1,1,600,61.7
397641,398261,398262,620,1,1,600,62.1
397642,398269,398271,627,2,1,600,62.9
397644,398274,398275,630,1,1,600,63.1
397645,398281,398289,636,8,1,600,64.4
397647,398288,398289,641,1,1,600,64.2
397648,398293,398295,645,2,1,600,64.7
397649,398306,398308,657,2,1,600,65.9
397651,398311,398313,660,2,1,600,66.2
397652,398317,398319,665,2,1,600,66.7
397653,398323,398326,670,3,1,600,67.3
397655,398329,398330,674,1,1,600,67.5
397656,398335,398337,679,2,1,600,68.1
397685,397728,401674,43,3946,5,14400,1.010897111
397718,398348,398349,630,1,1,600,63.1
397719,398353,398354,634,1,1,600,63.5
397720,398358,398361,638,3,1,600,64.1
397722,398365,398377,643,12,1,600,54.5833333333
397723,398370,398373,647,3,1,600,65.0
397726,397903,401862,177,3959,5,14400,1.04470825966
397726,398383,398389,657,6,1,600,66.3
397727,398390,398391,663,1,1,600,66.4
397729,398395,398397,666,2,1,600,66.8
397730,398400,398401,670,1,1,600,67.1
397792,398407,398408,615,1,1,600,61.6
397793,398412,398414,619,2,1,600,62.1
397794,398418,398420,624,2,1,600,62.6
397797,398431,398432,634,1,1,600,63.5
397798,398436,398437,638,1,1,600,63.9
397800,398448,398449,648,1,1,600,64.9
397801,398453,398456,652,3,1,600,65.5
397802,398460,398468,658,8,1,600,66.6
397804,398465,398467,661,2,1,600,66.3
397865,398471,398472,606,1,1,600,60.7
397867,398477,398479,610,2,1,600,61.2
397868,398483,398485,615,2,1,600,61.7
397869,398488,398490,619,2,1,600,62.1
397871,398494,398495,623,1,1,600,62.4
397872,398506,398509,634,3,1,600,63.7
397873,398511,398513,638,2,1,600,64.0
397876,398528,398530,652,2,1,600,65.4
397877,398540,398541,663,1,1,600,66.4
397879,398545,398546,666,1,1,600,66.7
397902,398047,401975,145,3928,5,14400,1.03691446029
397940,398550,398552,610,2,1,600,61.2
397941,398556,398558,615,2,1,600,61.7
397943,398562,398564,619,2,1,600,62.1
397944,398569,398571,625,2,1,600,62.7
397945,398574,398575,629,1,1,600,63.0
397947,398586,398587,639,1,1,600,64.0
397948,398591,398592,643,1,1,600,64.4
397949,398597,398599,648,2,1,600,65.0
397951,398603,398605,652,2,1,600,65.4
397952,398615,398616,663,1,1,600,66.4
397953,398620,398622,667,2,1,600,66.9
398015,398626,398628,611,2,1,600,61.3
398016,398632,398641,616,9,1,600,62.5
398017,398638,398639,621,1,1,600,62.2
398020,398650,398651,630,1,1,600,63.1
398021,398655,398657,634,2,1,600,63.6
398022,398667,398668,645,1,1,600,64.6
398024,398672,398673,648,1,1,600,64.9
398025,398678,398680,653,2,1,600,65.5
398026,398684,398685,658,1,1,600,65.9
398046,398065,402170,19,4105,5,14400,1.00462850183
398067,398300,402640,233,4340,5,14400,1.05368663594
398088,398690,398692,602,2,1,600,60.4
398089,398696,398697,607,1,1,600,60.8
398090,398702,398703,612,1,1,600,61.3
398092,398707,398709,615,2,1,600,61.7
398093,398713,398714,620,1,1,600,62.1
398094,398719,398720,625,1,1,600,62.6
398096,398730,398732,634,2,1,600,63.6
398097,398736,398737,639,1,1,600,64.0
398098,398741,398742,643,1,1,600,64.4
398100,398747,398749,647,2,1,600,64.9
398162,398760,398761,598,1,1,600,59.9
398164,398765,398766,601,1,1,600,60.2
398165,398771,398773,606,2,1,600,60.8
398166,398777,398779,611,2,1,600,61.3
398168,398783,398785,615,2,1,600,61.7
398169,398789,398791,620,2,1,600,62.2
398170,398795,398798,625,3,1,600,62.8
398173,398807,398810,634,3,1,600,63.7
398176,398819,398820,643,1,1,600,64.4
398177,398824,398826,647,2,1,600,64.9
398238,398836,398839,598,3,1,600,60.1
398240,398842,398845,602,3,1,600,60.5
398241,398847,398848,606,1,1,600,60.7
398242,398853,398856,611,3,1,600,61.4
398244,398859,398861,615,2,1,600,61.7
398248,398877,398881,629,4,1,600,63.3
398249,398882,398884,633,2,1,600,63.5
398253,398900,398901,647,1,1,600,64.8
398303,398343,403159,40,4816,5,14400,1.00830564784
398314,398906,398909,592,3,1,600,59.5
398316,398911,398912,595,1,1,600,59.6
398317,398917,398918,600,1,1,600,60.1
398318,398923,398926,605,3,1,600,60.8
398320,398928,398930,608,2,1,600,61.0
398322,398940,398944,618,4,1,600,62.2
398324,398945,398947,621,2,1,600,62.3
398325,398951,398953,626,2,1,600,62.8
398328,398963,398969,635,6,1,600,64.1
398345,398443,402439,98,3996,5,14400,1.02452452452
398389,398969,398971,580,2,1,600,58.2
398390,398975,398977,585,2,1,600,58.7
398392,398981,398982,589,1,1,600,59.0
398393,398988,398990,595,2,1,600,59.7
398395,398993,398994,598,1,1,600,59.9
398396,399000,399001,604,1,1,600,60.5
398397,399005,399007,608,2,1,600,61.0
398399,399011,399019,612,8,1,600,62.0
398400,399017,399020,617,3,1,600,62.0
398403,399029,399030,626,1,1,600,62.7
398404,399035,399037,631,2,1,600,63.3
398448,398501,403328,53,4827,5,14400,1.0109799047
398466,399041,399042,575,1,1,600,57.6
398467,399046,399047,579,1,1,600,58.0
398468,399052,399055,584,3,1,600,58.7
398470,399058,399059,588,1,1,600,58.9
398471,399065,399070,594,5,1,600,59.9
398472,399070,399072,598,2,1,600,60.0
398474,399076,399078,602,2,1,600,60.4
398475,399082,399084,607,2,1,600,60.9
398476,399088,399090,612,2,1,600,61.4
398478,399094,399095,616,1,1,600,61.7
398479,399101,399102,622,1,1,600,62.3
398480,399106,399107,626,1,1,600,62.7
398500,398518,403300,18,4782,5,14400,1.00376411543
398521,398534,403003,13,4469,5,14400,1.00290892817
398532,398581,402604,49,4023,5,14400,1.0121799652
398542,399112,399119,570,7,1,600,57.7
398543,399118,399119,575,1,1,600,57.6
398546,399130,399133,584,3,1,600,58.7
398547,399136,399138,589,2,1,600,59.1
398550,399147,399149,597,2,1,600,59.9
398551,399153,399156,602,3,1,600,60.5
398552,399159,399167,607,8,1,600,61.5
398554,399164,399165,610,1,1,600,61.1
398584,398610,402461,26,3851,5,14400,1.00675149312
398615,398662,403171,47,4509,5,14400,1.01042359725
398615,399170,399173,555,3,1,600,55.8
398616,399176,399177,560,1,1,600,56.1
398618,399183,399184,565,1,1,600,56.6
398620,399195,399196,575,1,1,600,57.6
398622,399200,399209,578,9,1,600,58.7
398623,399207,399208,584,1,1,600,58.5
398624,399212,399213,588,1,1,600,58.9
398625,399218,399221,593,3,1,600,59.6
398628,399231,399232,603,1,1,600,60.4
398667,398725,402854,58,4129,5,14400,1.01404698474
398689,399236,399237,547,1,1,600,54.8
398691,399242,399247,551,5,1,600,55.6
398692,399248,399249,556,1,1,600,55.7
398693,399260,399264,567,4,1,600,57.1
398695,399265,399266,570,1,1,600,57.1
398696,399277,399279,581,2,1,600,58.3
398697,399282,399284,585,2,1,600,58.7
398699,399288,399290,589,2,1,600,59.1
398700,399294,399296,594,2,1,600,59.6
398701,399306,399308,605,2,1,600,60.7
398703,399311,399313,608,2,1,600,61.0
398704,399317,399320,613,3,1,600,61.6
398729,398831,402751,102,3920,5,14400,1.02602040816
398766,399323,399324,557,1,1,600,55.8
398767,399329,399331,562,2,1,600,56.4
398768,399335,399337,567,2,1,600,56.9
398771,399347,399349,576,2,1,600,57.8
398772,399353,399355,581,2,1,600,58.3
398774,399359,399360,585,1,1,600,58.6
398775,399364,399369,589,5,1,600,59.4
398776,399370,399376,594,6,1,600,60.0
398778,399376,399377,598,1,1,600,59.9
398779,399383,399385,604,2,1,600,60.6
398780,399388,399390,608,2,1,600,61.0
398832,399254,404140,422,4886,5,14400,1.08636921817
398842,399395,399396,553,1,1,600,55.4
398844,399400,399402,556,2,1,600,55.8
398845,399406,399408,561,2,1,600,56.3
398846,399412,399426,566,14,1,600,41.4285714286
398848,399419,399425,571,6,1,600,57.7
398849,399424,399425,575,1,1,600,57.6
398850,399430,399431,580,1,1,600,58.1
398852,399437,399438,585,1,1,600,58.6
398853,399442,399468,589,26,1,600,23.6538461538
398854,399449,399451,595,2,1,600,59.7
398856,399454,399455,598,1,1,600,59.9
398857,399460,399462,603,2,1,600,60.5
398918,399466,399468,548,2,1,600,55.0
398920,399472,399473,552,1,1,600,55.3
398921,399483,399485,562,2,1,600,56.4
398922,399489,399492,567,3,1,600,57.0
398924,399495,399498,571,3,1,600,57.4
398925,399500,399502,575,2,1,600,57.7
398926,399507,399509,581,2,1,600,58.3
398927,399512,399521,585,9,1,600,59.4
398930,399524,399526,594,2,1,600,59.6
398931,399530,399532,599,2,1,600,60.1
398933,399535,399537,602,2,1,600,60.4
398934,399542,399543,608,1,1,600,60.9
398995,399548,399550,553,2,1,600,55.5
398997,399554,399555,557,1,1,600,55.8
398998,399560,399562,562,2,1,600,56.4
398999,399565,399567,566,2,1,600,56.8
399001,399571,399573,570,2,1,600,57.2
399002,399577,399578,575,1,1,600,57.6
399003,399584,399586,581,2,1,600,58.3
399005,399589,399590,584,1,1,600,58.5
399006,399595,399596,589,1,1,600,59.0
399008,399601,399603,593,2,1,600,59.5
399009,399607,399608,598,1,1,600,59.9
399012,399618,399629,606,11,1,600,56.0909090909
399013,399624,399631,611,7,1,600,61.8
399075,399630,399631,555,1,1,600,55.6
399076,399635,399636,559,1,1,600,56.0
399077,399641,399643,564,2,1,600,56.6
399079,399647,399650,568,3,1,600,57.1
399080,399653,399656,573,3,1,600,57.6
399081,399658,399660,577,2,1,600,57.9
399083,399665,399667,582,2,1,600,58.4
399084,399670,399671,586,1,1,600,58.7
399085,399677,399678,592,1,1,600,59.3
399087,399682,399684,595,2,1,600,59.7
399088,399689,399690,601,1,1,600,60.2
399091,399701,399703,610,2,1,600,61.2
399152,399706,399707,554,1,1,600,55.5
399154,399712,399713,558,1,1,600,55.9
399155,399718,399720,563,2,1,600,56.5
399156,399724,399727,568,3,1,600,57.1
399158,399729,399730,571,1,1,600,57.2
399159,399735,399736,576,1,1,600,57.7
399160,399741,399742,581,1,1,600,58.2
399162,399747,399748,585,1,1,600,58.6
399163,399752,399754,589,2,1,600,59.1
399165,399759,399760,594,1,1,600,59.5
399166,399764,399766,598,2,1,600,60.0
399167,399771,399773,604,2,1,600,60.6
399230,399783,399784,553,1,1,600,55.4
399232,399788,399789,556,1,1,600,55.7
399233,399795,399796,562,1,1,600,56.3
399234,399800,399801,566,1,1,600,56.7
399236,399807,399809,571,2,1,600,57.3
399237,399812,399814,575,2,1,600,57.7
399238,399819,399820,581,1,1,600,58.2
399240,399824,399826,584,2,1,600,58.6
399241,399831,399832,590,1,1,600,59.1
399242,399836,399838,594,2,1,600,59.6
399245,399848,399850,603,2,1,600,60.5
399246,399854,399856,608,2,1,600,61.0
399253,399272,404236,19,4964,5,14400,1.00382755842
399274,399301,403571,27,4270,5,14400,1.00632318501
399305,399478,403272,173,3794,5,14400,1.04559831313
399309,399865,399866,556,1,1,600,55.7
399310,399872,399873,562,1,1,600,56.3
399312,399877,399878,565,1,1,600,56.6
399313,399882,399889,569,7,1,600,57.6
399314,399890,399891,576,1,1,600,57.7
399315,399895,399896,580,1,1,600,58.1
399317,399900,399902,583,2,1,600,58.5
399318,399907,399909,589,2,1,600,59.1
399319,399912,399914,593,2,1,600,59.5
399381,399919,399920,538,1,1,600,53.9
399382,399924,399925,542,1,1,600,54.3
399385,399936,399937,551,1,1,600,55.2
399386,399943,399944,557,1,1,600,55.8
399387,399948,399949,561,1,1,600,56.2
399389,399953,399956,564,3,1,600,56.7
399390,399960,399962,570,2,1,600,57.2
399391,399965,399968,574,3,1,600,57.7
399393,399972,399973,579,1,1,600,58.0
399394,399977,399978,583,1,1,600,58.4
399396,399984,399985,588,1,1,600,58.9
399397,399989,399991,592,2,1,600,59.4
399459,399996,400002,537,6,1,600,54.3
399462,400007,400009,545,2,1,600,54.7
399463,400013,400014,550,1,1,600,55.1
399464,400020,400021,556,1,1,600,55.7
399466,400025,400027,559,2,1,600,56.1
399467,400031,400033,564,2,1,600,56.6
399469,400037,400038,568,1,1,600,56.9
399470,400043,400044,573,1,1,600,57.4
399471,400049,400050,578,1,1,600,57.9
399473,400055,400056,582,1,1,600,58.3
399474,400061,400068,587,7,1,600,59.4
399475,400066,400069,591,3,1,600,59.4
399480,400384,404386,904,4002,5,14400,1.22588705647
399537,400072,400075,535,3,1,600,53.8
399538,400078,400079,540,1,1,600,54.1
399539,400085,400086,546,1,1,600,54.7
399541,400090,400092,549,2,1,600,55.1
399542,400097,400098,555,1,1,600,55.6
399543,400102,400104,559,2,1,600,56.1
399545,400109,400110,564,1,1,600,56.5
399546,400114,400115,568,1,1,600,56.9
399548,400121,400123,573,2,1,600,57.5
399549,400126,400128,577,2,1,600,57.9
399550,400132,400133,582,1,1,600,58.3
399551,400138,400140,587,2,1,600,58.9
399613,400144,400147,531,3,1,600,53.4
399615,400150,400151,535,1,1,600,53.6
399616,400155,400158,539,3,1,600,54.2
399617,400162,400163,545,1,1,600,54.6
399619,400167,400170,548,3,1,600,55.1
399620,400174,400175,554,1,1,600,55.5
399621,400179,400181,558,2,1,600,56.0
399623,400185,400188,562,3,1,600,56.5
399624,400191,400194,567,3,1,600,57.0
399626,400198,400199,572,1,1,600,57.3
399627,400203,400204,576,1,1,600,57.7
399628,400210,400224,582,14,1,600,42.5714285714
399690,400215,400216,525,1,1,600,52.6
399691,400221,400224,530,3,1,600,53.3
399692,400227,400240,535,13,1,600,42.1538461538
399694,400234,400235,540,1,1,600,54.1
399695,400240,400242,545,2,1,600,54.7
399696,400246,400247,550,1,1,600,55.1
399698,400252,400254,554,2,1,600,55.6
399701,400265,400266,564,1,1,600,56.5
399702,400270,400272,568,2,1,600,57.0
399703,400277,400283,574,6,1,600,58.0
399705,400282,400284,577,2,1,600,57.9
399707,400294,400296,587,2,1,600,58.9
399709,400301,400305,592,4,1,600,59.6
399770,400306,400308,536,2,1,600,53.8
399772,400311,400314,539,3,1,600,54.2
399773,400319,400321,546,2,1,600,54.8
399774,400324,400325,550,1,1,600,55.1
399776,400330,400333,554,3,1,600,55.7
399778,400343,400344,565,1,1,600,56.6
399780,400348,400350,568,2,1,600,57.0
399782,400360,400363,578,3,1,600,58.1
399784,400367,400368,583,1,1,600,58.4
399787,400377,400379,590,2,1,600,59.2
399848,400389,400390,541,1,1,600,54.2
399851,400400,400401,549,1,1,600,55.0
399852,400406,400408,554,2,1,600,55.6
399855,400417,400418,562,1,1,600,56.3
399856,400424,400425,568,1,1,600,56.9
399858,400429,400431,571,2,1,600,57.3
399859,400434,400435,575,1,1,600,57.6
399860,400442,400443,582,1,1,600,58.3
399862,400447,400448,585,1,1,600,58.6
399863,400453,400455,590,2,1,600,59.2
399864,400459,400462,595,3,1,600,59.8
399866,400466,400467,600,1,1,600,60.1
399927,400471,400473,544,2,1,600,54.6
399929,400478,400483,549,5,1,600,55.4
399930,400483,400484,553,1,1,600,55.4
399931,400490,400491,559,1,1,600,56.0
399933,400495,400497,562,2,1,600,56.4
399934,400502,400504,568,2,1,600,57.0
399935,400507,400509,572,2,1,600,57.4
399937,400514,400515,577,1,1,600,57.8
399938,400519,400520,581,1,1,600,58.2
399940,400525,400526,585,1,1,600,58.6
399941,400531,400539,590,8,1,600,59.8
399942,400537,400539,595,2,1,600,59.7
400005,400548,400550,543,2,1,600,54.5
400006,400555,400556,549,1,1,600,55.0
400008,400560,400562,552,2,1,600,55.4
400009,400565,400577,556,12,1,600,47.3333333333
400011,400571,400573,560,2,1,600,56.2
400012,400577,400578,565,1,1,600,56.6
400013,400584,400593,571,9,1,600,58.0
400015,400591,400593,576,2,1,600,57.8
400016,400596,400600,580,4,1,600,58.4
400018,400601,400602,583,1,1,600,58.4
400019,400607,400609,588,2,1,600,59.0
400021,400613,400615,592,2,1,600,59.4
400022,400620,400622,598,2,1,600,60.0
400083,400625,400626,542,1,1,600,54.3
400085,400632,400633,547,1,1,600,54.8
400087,400637,400638,550,1,1,600,55.1
400088,400643,400650,555,7,1,600,56.2
400089,400648,400651,559,3,1,600,56.2
400091,400656,400658,565,2,1,600,56.7
400092,400661,400663,569,2,1,600,57.1
400093,400668,400669,575,1,1,600,57.6
400095,400673,400677,578,4,1,600,58.2
400096,400680,400686,584,6,1,600,59.0
400098,400685,400687,587,2,1,600,58.9
400099,400691,400693,592,2,1,600,59.4
400100,400697,400698,597,1,1,600,59.8
400163,400714,400716,551,2,1,600,55.3
400165,400719,400721,554,2,1,600,55.6
400167,400732,400733,565,1,1,600,56.6
400169,400738,400741,569,3,1,600,57.2
400170,400744,400745,574,1,1,600,57.5
400172,400750,400751,578,1,1,600,57.9
400174,400762,400764,588,2,1,600,59.0
400176,400768,400770,592,2,1,600,59.4
400177,400773,400775,596,2,1,600,59.8
400178,400780,400781,602,1,1,600,60.3
400240,400785,400787,545,2,1,600,54.7
400241,400792,400793,551,1,1,600,55.2
400243,400797,400799,554,2,1,600,55.6
400244,400803,400806,559,3,1,600,56.2
400245,400809,400811,564,2,1,600,56.6
400247,400821,400824,574,3,1,600,57.7
400248,400826,400828,578,2,1,600,58.0
400249,400833,400844,584,11,1,600,54.0909090909
400251,400838,400840,587,2,1,600,58.9
400252,400845,400863,593,18,1,600,33.9444444444
400254,400850,400853,596,3,1,600,59.9
400255,400857,400858,602,1,1,600,60.3
400256,400862,400863,606,1,1,600,60.7
400318,400868,400870,550,2,1,600,55.2
400319,400875,400876,556,1,1,600,55.7
400320,400880,400883,560,3,1,600,56.3
400323,400893,400895,570,2,1,600,57.2
400325,400898,400899,573,1,1,600,57.4
400326,400904,400908,578,4,1,600,58.2
400327,400910,400913,583,3,1,600,58.6
400329,400917,400919,588,2,1,600,59.0
400331,400922,400923,591,1,1,600,59.2
400332,400928,400930,596,2,1,600,59.8
400334,400934,400935,600,1,1,600,60.1
400385,400816,405420,431,4604,5,14400,1.09361424848
400397,400946,400947,549,1,1,600,55.0
400399,400952,400954,553,2,1,600,55.5
400400,400958,400960,558,2,1,600,56.0
400401,400963,400965,562,2,1,600,56.4
400403,400969,400971,566,2,1,600,56.8
400406,400982,400986,576,4,1,600,58.0
400407,400987,400988,580,1,1,600,58.1
400408,400994,400996,586,2,1,600,58.8
400410,400999,401001,589,2,1,600,59.1
400411,401006,401007,595,1,1,600,59.6
400412,401011,401019,599,8,1,600,60.7
400414,401018,401019,604,1,1,600,60.5
400475,401023,401026,548,3,1,600,55.1
400477,401030,401031,553,1,1,600,55.4
400478,401036,401042,558,6,1,600,56.4
400479,401042,401043,563,1,1,600,56.4
400481,401049,401050,568,1,1,600,56.9
400482,401054,401055,572,1,1,600,57.3
400484,401061,401063,577,2,1,600,57.9
400485,401066,401068,581,2,1,600,58.3
400486,401078,401108,592,30,1,600,20.7333333333
400488,401083,401085,595,2,1,600,59.7
400490,401090,401093,600,3,1,600,60.3
400491,401095,401096,604,1,1,600,60.5
400493,401108,401109,615,1,1,600,61.6
400555,401113,401115,558,2,1,600,56.0
400556,401118,401119,562,1,1,600,56.3
400558,401126,401131,568,5,1,600,57.3
400559,401131,401133,572,2,1,600,57.4
400561,401138,401141,577,3,1,600,58.0
400563,401150,401151,587,1,1,600,58.8
400565,401155,401156,590,1,1,600,59.1
400567,401167,401168,600,1,1,600,60.1
400569,401174,401175,605,1,1,600,60.6
400570,401179,401180,609,1,1,600,61.0
400571,401184,401186,613,2,1,600,61.5
400633,401191,401193,558,2,1,600,56.0
400634,401196,401197,562,1,1,600,56.3
400636,401203,401204,567,1,1,600,56.8
400637,401208,401210,571,2,1,600,57.3
400638,401215,401219,577,4,1,600,58.1
400640,401220,401221,580,1,1,600,58.1
400641,401232,401234,591,2,1,600,59.3
400642,401237,401239,595,2,1,600,59.7
400644,401244,401245,600,1,1,600,60.1
400645,401249,401251,604,2,1,600,60.6
400646,401256,401257,610,1,1,600,61.1
400648,401261,401262,613,1,1,600,61.4
400649,401268,401270,619,2,1,600,62.1
400711,401273,401274,562,1,1,600,56.3
400712,401280,401281,568,1,1,600,56.9
400714,401285,401286,571,1,1,600,57.2
400715,401291,401293,576,2,1,600,57.8
400716,401297,401299,581,2,1,600,58.3
400718,401304,401306,586,2,1,600,58.8
400719,401309,401311,590,2,1,600,59.2
400721,401316,401317,595,1,1,600,59.6
400722,401321,401323,599,2,1,600,60.1
400723,401333,401335,610,2,1,600,61.2
400725,401339,401340,614,1,1,600,61.5
400727,401345,401348,618,3,1,600,62.1
400728,401351,401352,623,1,1,600,62.4
400790,401357,401360,567,3,1,600,57.0
400791,401363,401370,572,7,1,600,57.9
400792,401370,401371,578,1,1,600,57.9
400794,401375,401376,581,1,1,600,58.2
400795,401381,401383,586,2,1,600,58.8
400797,401387,401390,590,3,1,600,59.3
400798,401394,401395,596,1,1,600,59.7
400799,401399,401402,600,3,1,600,60.3
400801,401406,401407,605,1,1,600,60.6
400802,401411,401414,609,3,1,600,61.2
400803,401418,401420,615,2,1,600,61.7
400805,401423,401425,618,2,1,600,62.0
400816,401674,406450,858,4776,5,14400,1.17964824121
400868,401435,401437,567,2,1,600,56.9
400869,401441,401442,572,1,1,600,57.3
400871,401447,401448,576,1,1,600,57.7
400872,401452,401454,580,2,1,600,58.2
400873,401459,401461,586,2,1,600,58.8
400875,401464,401465,589,1,1,600,59.0
400876,401471,401472,595,1,1,600,59.6
400878,401476,401478,598,2,1,600,60.0
400879,401483,401484,604,1,1,600,60.5
400881,401488,401496,607,8,1,600,61.5
400882,401495,401497,613,2,1,600,61.5
400883,401500,401502,617,2,1,600,61.9
400946,401507,401508,561,1,1,600,56.2
400948,401513,401514,565,1,1,600,56.6
400949,401518,401519,569,1,1,600,57.0
400950,401524,401526,574,2,1,600,57.6
400952,401530,401531,578,1,1,600,57.9
400953,401536,401537,583,1,1,600,58.4
400954,401541,401543,587,2,1,600,58.9
400956,401548,401550,592,2,1,600,59.4
400957,401553,401561,596,8,1,600,60.4
400960,401565,401566,605,1,1,600,60.6
400961,401572,401574,611,2,1,600,61.3
400963,401577,401579,614,2,1,600,61.6
401024,401584,401586,560,2,1,600,56.2
401026,401589,401590,563,1,1,600,56.4
401029,401601,401603,572,2,1,600,57.4
401030,401613,401615,583,2,1,600,58.5
401031,401620,401621,589,1,1,600,59.0
401033,401626,401627,593,1,1,600,59.4
401036,401640,401642,604,2,1,600,60.6
401037,401648,401649,611,1,1,600,61.2
401038,401655,401663,617,8,1,600,62.5
401040,401662,401663,622,1,1,600,62.3
401041,401992,401996,951,4,1,600,95.5
401103,401998,402001,895,3,1,600,89.8
401104,402007,402009,903,2,1,600,90.5
401106,402014,402018,908,4,1,600,91.2
401107,402022,402024,915,2,1,600,91.7
401108,402030,402032,922,2,1,600,92.4
401110,402037,402038,927,1,1,600,92.8
401111,402043,402046,932,3,1,600,93.5
401113,402051,402053,938,2,1,600,94.0
401114,402058,402059,944,1,1,600,94.5
401115,402064,402066,949,2,1,600,95.1
401117,402071,402074,954,3,1,600,95.7
401178,402079,402080,901,1,1,600,90.2
401179,402085,402087,906,2,1,600,90.8
401181,402093,402095,912,2,1,600,91.4
401182,402100,402101,918,1,1,600,91.9
401184,402106,402107,922,1,1,600,92.3
401185,402114,402116,929,2,1,600,93.1
401186,402121,402122,935,1,1,600,93.6
401189,402136,402138,947,2,1,600,94.9
401190,402142,402144,952,2,1,600,95.4
401193,402157,402180,964,23,1,600,42.9130434783
401194,402164,402170,970,6,1,600,97.6
401256,402169,402173,913,4,1,600,91.7
401257,402175,402178,918,3,1,600,92.1
401259,402180,402190,921,10,1,600,93.1
401260,402186,402189,926,3,1,600,92.9
401261,402191,402193,930,2,1,600,93.2
401263,402198,402203,935,5,1,600,94.0
401264,402203,402211,939,8,1,600,94.7
401265,402209,402210,944,1,1,600,94.5
401267,402214,402216,947,2,1,600,94.9
401268,402220,402223,952,3,1,600,95.5
401270,402225,402227,955,2,1,600,95.7
401271,402230,402234,959,4,1,600,96.3
401333,402236,402238,903,2,1,600,90.5
401334,402249,402250,915,1,1,600,91.6
401335,402254,402255,919,1,1,600,92.0
401337,402260,402261,923,1,1,600,92.4
401338,402265,402266,927,1,1,600,92.8
401339,402270,402271,931,1,1,600,93.2
401342,402281,402285,939,4,1,600,94.3
401344,402287,402289,943,2,1,600,94.5
401345,402292,402293,947,1,1,600,94.8
401347,402297,402299,950,2,1,600,95.2
401348,402305,402306,957,1,1,600,95.8
401410,402310,402312,900,2,1,600,90.2
401411,402316,402317,905,1,1,600,90.6
401413,402321,402323,908,2,1,600,91.0
401414,402327,402329,913,2,1,600,91.5
401416,402332,402342,916,10,1,600,92.6
401417,402337,402340,920,3,1,600,92.3
401418,402343,402345,925,2,1,600,92.7
401420,402348,402350,928,2,1,600,93.0
401421,402354,402355,933,1,1,600,93.4
401423,402361,402362,938,1,1,600,93.9
401424,402367,402368,943,1,1,600,94.4
401426,402372,402373,946,1,1,600,94.7
401427,402377,402379,950,2,1,600,95.2
401490,402388,402390,898,2,1,600,90.0
401491,402394,402395,903,1,1,600,90.4
401493,402399,402401,906,2,1,600,90.8
401494,402404,402406,910,2,1,600,91.2
401495,402412,402416,917,4,1,600,92.1
401497,402417,402420,920,3,1,600,92.3
401499,402428,402429,929,1,1,600,93.0
401501,402433,402435,932,2,1,600,93.4
401503,402439,402440,936,1,1,600,93.7
401504,402444,402445,940,1,1,600,94.1
401506,402450,402452,944,2,1,600,94.6
401567,402455,402458,888,3,1,600,89.1
401568,402462,402463,894,1,1,600,89.5
401570,402468,402469,898,1,1,600,89.9
401571,402473,402474,902,1,1,600,90.3
401573,402478,402503,905,25,1,600,37.2
401575,402489,402491,914,2,1,600,91.6
401577,402494,402495,917,1,1,600,91.8
401578,402500,402503,922,3,1,600,92.5
401580,402505,402507,925,2,1,600,92.7
401581,402511,402513,930,2,1,600,93.2
401583,402516,402520,933,4,1,600,93.7
401584,402529,402532,945,3,1,600,94.8
401647,402540,402542,893,2,1,600,89.5
401649,402546,402547,897,1,1,600,89.8
401650,402551,402553,901,2,1,600,90.3
401652,402556,402558,904,2,1,600,90.6
401653,402562,402563,909,1,1,600,91.0
401655,402567,402569,912,2,1,600,91.4
401656,402572,402574,916,2,1,600,91.8
401657,402578,402579,921,1,1,600,92.2
401659,402583,402585,924,2,1,600,92.6
401679,401685,406074,6,4389,5,14400,1.001367054
401690,401875,406661,185,4786,5,14400,1.03865440869
401722,402601,402603,879,2,1,600,88.1
401723,402607,402609,884,2,1,600,88.6
401875,402241,406245,366,4004,5,14400,1.09140859141
402025,402612,402614,587,2,1,600,58.9
402026,402617,402618,591,1,1,600,59.2
402028,402623,402624,595,1,1,600,59.6
402029,402628,402630,599,2,1,600,60.1
402031,402634,402635,603,1,1,600,60.4
402092,402639,402641,547,2,1,600,54.9
402094,402644,402646,550,2,1,600,55.2
402095,402650,402653,555,3,1,600,55.8
402097,402655,402657,558,2,1,600,56.0
402098,402660,402662,562,2,1,600,56.4
402099,402666,402667,567,1,1,600,56.8
402101,402673,402676,572,3,1,600,57.5
402103,402684,402685,581,1,1,600,58.2
402105,402689,402692,584,3,1,600,58.7
402166,402695,402697,529,2,1,600,53.1
402168,402700,402702,532,2,1,600,53.4
402169,402706,402707,537,1,1,600,53.8
402170,402711,402714,541,3,1,600,54.4
402172,402716,402718,544,2,1,600,54.6
402175,402727,402729,552,2,1,600,55.4
402176,402740,402743,564,3,1,600,56.7
402177,402746,402748,569,2,1,600,57.1
402179,402751,402752,572,1,1,600,57.3
402240,402757,402758,517,1,1,600,51.8
402242,402762,402765,520,3,1,600,52.3
402243,402767,402769,524,2,1,600,52.6
402244,402773,402776,529,3,1,600,53.2
402244,402522,407275,278,4753,5,14400,1.05848937513
402246,402778,402779,532,1,1,600,53.3
402247,402784,402787,537,3,1,600,54.0
402249,402789,402790,540,1,1,600,54.1
402250,402794,402796,544,2,1,600,54.6
402252,402800,402801,548,1,1,600,54.9
402253,402807,402810,554,3,1,600,55.7
402255,402813,402814,558,1,1,600,55.9
402256,402818,402820,562,2,1,600,56.4
402258,402824,402825,566,1,1,600,56.7
402259,402829,402831,570,2,1,600,57.2
402260,402834,402836,574,2,1,600,57.6
402322,402840,402842,518,2,1,600,52.0
402323,402845,402847,522,2,1,600,52.4
402325,402850,402852,525,2,1,600,52.7
402326,402856,402864,530,8,1,600,53.8
402328,402861,402863,533,2,1,600,53.5
402329,402866,402868,537,2,1,600,53.9
402330,402872,402875,542,3,1,600,54.5
402332,402885,402887,553,2,1,600,55.5
402333,402891,402893,558,2,1,600,56.0
402334,402896,402898,562,2,1,600,56.4
402336,402901,402903,565,2,1,600,56.7
402337,402907,402914,570,7,1,600,57.7
402339,402912,402914,573,2,1,600,57.5
402400,402918,402925,518,7,1,600,52.5
402401,402923,402926,522,3,1,600,52.5
402403,402928,402933,525,5,1,600,53.0
402404,402934,402936,530,2,1,600,53.2
402406,402939,402944,533,5,1,600,53.8
402407,402945,402948,538,3,1,600,54.1
402408,402950,402951,542,1,1,600,54.3
402410,402955,402958,545,3,1,600,54.8
402411,402961,402963,550,2,1,600,55.2
402413,402966,402970,553,4,1,600,55.7
402414,402972,402973,558,1,1,600,55.9
402416,402977,402979,561,2,1,600,56.3
402417,402982,402985,565,3,1,600,56.8
402419,402991,402993,572,2,1,600,57.4
402480,402996,402998,516,2,1,600,51.8
402483,403007,403018,524,11,1,600,48.6363636364
402484,403013,403014,529,1,1,600,53.0
402486,403018,403019,532,1,1,600,53.3
402487,403023,403025,536,2,1,600,53.8
402488,403029,403038,541,9,1,600,55.0
402490,403034,403041,544,7,1,600,55.1
402491,403040,403041,549,1,1,600,55.0
402493,403045,403046,552,1,1,600,55.3
402494,403050,403051,556,1,1,600,55.7
402497,403061,403063,564,2,1,600,56.6
402522,402594,407133,72,4539,5,14400,1.01586252479
402560,403072,403075,512,3,1,600,51.5
402562,403077,403078,515,1,1,600,51.6
402563,403083,403086,520,3,1,600,52.3
402565,403088,403089,523,1,1,600,52.4
402566,403101,403102,535,1,1,600,53.6
402568,403107,403109,539,2,1,600,54.1
402569,403112,403114,543,2,1,600,54.5
402570,403118,403120,548,2,1,600,55.0
402572,403123,403125,551,2,1,600,55.3
402573,403128,403130,555,2,1,600,55.7
402574,403134,403142,560,8,1,600,56.8
402576,403139,403140,563,1,1,600,56.4
402577,403145,403149,568,4,1,600,57.2
402579,403150,403151,571,1,1,600,57.2
402580,403155,403156,575,1,1,600,57.6
402594,402733,407075,139,4342,5,14400,1.03201289728
402641,403161,403162,520,1,1,600,52.1
402643,403166,403167,523,1,1,600,52.4
402644,403171,403174,527,3,1,600,53.0
402646,403177,403178,531,1,1,600,53.2
402647,403182,403184,535,2,1,600,53.7
402648,403187,403189,539,2,1,600,54.1
402650,403193,403201,543,8,1,600,55.1
402651,403198,403199,547,1,1,600,54.8
402652,403204,403206,552,2,1,600,55.4
402654,403209,403211,555,2,1,600,55.7
402656,403217,403224,561,7,1,600,56.8
402657,403222,403225,565,3,1,600,56.8
402658,403228,403230,570,2,1,600,57.2
402720,403233,403235,513,2,1,600,51.5
402721,403239,403240,518,1,1,600,51.9
402723,403244,403246,521,2,1,600,52.3
402724,403249,403250,525,1,1,600,52.6
402728,403260,403261,532,1,1,600,53.3
402729,403266,403268,537,2,1,600,53.9
402731,403272,403274,541,2,1,600,54.3
402732,403277,403279,545,2,1,600,54.7
402735,403288,403295,553,7,1,600,56.0
402738,402878,407285,140,4407,5,14400,1.03176764239
402738,403299,403300,561,1,1,600,56.2
402739,403304,403306,565,2,1,600,56.7
402801,403310,403312,509,2,1,600,51.1
402802,403315,403317,513,2,1,600,51.5
402803,403342,403344,539,2,1,600,54.1
402805,403361,403362,556,1,1,600,55.7
402806,403374,403375,568,1,1,600,56.9
402807,403386,403395,579,9,1,600,58.8
402809,403407,403414,598,7,1,600,60.5
402810,403426,403428,616,2,1,600,61.8
402812,403440,403441,628,1,1,600,62.9
402813,403453,403454,640,1,1,600,64.1
402814,403465,403466,651,1,1,600,65.2
402817,403491,403493,674,2,1,600,67.6
402879,403506,403507,627,1,1,600,62.8
402880,403520,403521,640,1,1,600,64.1
402882,403094,407095,212,4001,5,14400,1.05298675331
402883,403545,403549,662,4,1,600,66.6
402884,403561,403564,677,3,1,600,68.0
402886,403576,403577,690,1,1,600,69.1
402887,403584,403587,697,3,1,600,70.0
402889,403596,403597,707,1,1,600,70.8
402890,403603,403604,713,1,1,600,71.4
402892,403610,403611,718,1,1,600,71.9
402893,403617,403619,724,2,1,600,72.6
402896,403630,403632,734,2,1,600,73.6
402958,403637,403638,679,1,1,600,68.0
402959,403644,403645,685,1,1,600,68.6
402960,403650,403652,690,2,1,600,69.2
402962,403658,403659,696,1,1,600,69.7
402963,403665,403667,702,2,1,600,70.4
402965,403672,403673,707,1,1,600,70.8
402966,403678,403680,712,2,1,600,71.4
402967,403686,403687,719,1,1,600,72.0
402969,403692,403693,723,1,1,600,72.4
402970,403700,403701,730,1,1,600,73.1
402972,403707,403708,735,1,1,600,73.6
402973,403714,403728,741,14,1,600,53.9285714286
402974,403720,403721,746,1,1,600,74.7
402976,403734,403746,758,12,1,600,64.1666666667
402977,403740,403742,763,2,1,600,76.5
402978,403754,403755,776,1,1,600,77.7
403040,403760,403761,720,1,1,600,72.1
403041,403767,403769,726,2,1,600,72.8
403043,403775,403776,732,1,1,600,73.3
403044,403781,403782,737,1,1,600,73.8
403046,403789,403790,743,1,1,600,74.4
403047,403795,403796,748,1,1,600,74.9
403050,403809,403810,759,1,1,600,76.0
403051,403817,403822,766,5,1,600,77.1
403053,403824,403825,771,1,1,600,77.2
403055,403840,403842,785,2,1,600,78.7
403058,403854,403861,796,7,1,600,80.3
403098,403321,407480,223,4159,5,14400,1.05361865833
403120,403861,403862,741,1,1,600,74.2
403121,403872,403874,751,2,1,600,75.3
403123,403880,403882,757,2,1,600,75.9
403124,403887,403901,763,14,1,600,55.5
403125,403894,403897,769,3,1,600,77.2
403127,403909,403918,782,9,1,600,79.1
403128,403916,403917,788,1,1,600,78.9
403130,403929,403931,799,2,1,600,80.1
403131,403935,403938,804,3,1,600,80.7
403132,403942,403947,810,5,1,600,81.5
403134,403949,403951,815,2,1,600,81.7
403137,403966,403967,829,1,1,600,83.0
403198,403973,403974,775,1,1,600,77.6
403200,403980,403983,780,3,1,600,78.3
403201,403986,403988,785,2,1,600,78.7
403203,403996,403997,793,1,1,600,79.4
403204,404002,404003,798,1,1,600,79.9
403206,404009,404010,803,1,1,600,80.4
403207,404016,404017,809,1,1,600,81.0
403209,404022,404024,813,2,1,600,81.5
403210,404029,404031,819,2,1,600,82.1
403212,404036,404039,824,3,1,600,82.7
403215,404057,404058,842,1,1,600,84.3
403216,404069,404071,853,2,1,600,85.5
403219,404095,404096,876,1,1,600,87.7
403281,404108,404110,827,2,1,600,82.9
403282,404121,404123,839,2,1,600,84.1
403283,404136,404138,853,2,1,600,85.5
403285,404149,404155,864,6,1,600,87.0
403286,404168,404171,882,3,1,600,88.5
403288,404183,404186,895,3,1,600,89.8
403289,404198,404199,909,1,1,600,91.0
403290,404212,404214,922,2,1,600,92.4
403292,404226,404228,934,2,1,600,93.6
403293,404241,404244,948,3,1,600,95.1
403295,404256,404258,961,2,1,600,96.3
403296,404270,404271,974,1,1,600,97.5
403298,404284,404287,986,3,1,600,98.9
403303,403335,407848,32,4513,5,14400,1.00709062708
403334,403347,407404,13,4057,5,14400,1.00320433818
403345,403354,407474,9,4120,5,14400,1.00218446602
403356,403589,407676,233,4087,5,14400,1.05701003181
403359,404298,404300,939,2,1,600,94.1
403361,404312,404313,951,1,1,600,95.2
403362,404325,404327,963,2,1,600,96.5
403363,404338,404340,975,2,1,600,97.7
403365,404352,404354,987,2,1,600,98.9
403366,404365,404367,999,2,1,600,100.1
403367,404379,404381,1012,2,1,600,101.4
403369,404393,404394,1024,1,1,600,102.5
403430,404399,404402,969,3,1,600,97.2
403432,404406,404408,974,2,1,600,97.6
403433,404413,404415,980,2,1,600,98.2
403434,404420,404421,986,1,1,600,98.7
403496,404427,404430,931,3,1,600,93.4
403497,404435,404437,938,2,1,600,94.0
403498,404441,404454,943,13,1,600,73.5384615385
403500,404449,404450,949,1,1,600,95.0
403501,404462,404463,961,1,1,600,96.2
403563,404468,404470,905,2,1,600,90.7
403564,404476,404477,912,1,1,600,91.3
403565,404482,404484,917,2,1,600,91.9
403567,404489,404491,922,2,1,600,92.4
403589,404050,405467,461,1417,8,6000,1.32533521524
403628,404496,404498,868,2,1,600,87.0
403629,404504,404506,875,2,1,600,87.7
403631,404511,404512,880,1,1,600,88.1
403632,404518,404519,886,1,1,600,88.7
403634,404525,404526,891,1,1,600,89.2
403635,404531,404532,896,1,1,600,89.7
403636,404539,404543,903,4,1,600,90.7
403638,404545,404547,907,2,1,600,90.9
403639,404555,404558,916,3,1,600,91.9
403700,404561,404562,861,1,1,600,86.2
403702,404570,404571,868,1,1,600,86.9
403703,404577,404578,874,1,1,600,87.5
403705,404584,404586,879,2,1,600,88.1
403706,404591,404592,885,1,1,600,88.6
403707,404598,404601,891,3,1,600,89.4
403709,404605,404607,896,2,1,600,89.8
403710,404613,404615,903,2,1,600,90.5
403713,404627,404634,914,7,1,600,92.1
403714,404634,404638,920,4,1,600,92.4
403776,404645,404650,869,5,1,600,87.4
403777,404653,404659,876,6,1,600,88.2
403778,404662,404663,884,1,1,600,88.5
403780,404671,404673,891,2,1,600,89.3
403781,404678,404679,897,1,1,600,89.8
403782,404684,404685,902,1,1,600,90.3
403784,404691,404692,907,1,1,600,90.8
403847,404705,404707,858,2,1,600,86.0
403848,404712,404713,864,1,1,600,86.5
403850,404719,404720,869,1,1,600,87.0
403851,404725,404726,874,1,1,600,87.5
403852,404733,404735,881,2,1,600,88.3
403854,404740,404741,886,1,1,600,88.7
403855,404747,404749,892,2,1,600,89.4
403858,404760,404762,902,2,1,600,90.4
403859,404768,404769,909,1,1,600,91.0
403921,404775,404776,854,1,1,600,85.5
403922,404781,404783,859,2,1,600,86.1
403923,404789,404791,866,2,1,600,86.8
403925,404796,404797,871,1,1,600,87.2
403926,404802,404803,876,1,1,600,87.7
403927,404809,404811,882,2,1,600,88.4
403929,404817,404819,888,2,1,600,89.0
403930,404824,404825,894,1,1,600,89.5
403992,404831,404832,839,1,1,600,84.0
403993,404838,404839,845,1,1,600,84.6
403994,404845,404846,851,1,1,600,85.2
403996,404852,404853,856,1,1,600,85.7
403997,404859,404861,862,2,1,600,86.4
403999,404866,404867,867,1,1,600,86.8
404000,404873,404874,873,1,1,600,87.4
404001,404880,404881,879,1,1,600,88.0
404003,404887,404889,884,2,1,600,88.6
404004,404894,404896,890,2,1,600,89.2
404008,406473,433853,2465,27380,3,39540,1.09002921841
404050,404248,405649,198,1401,8,6000,1.14132762313
404065,404901,404902,836,1,1,600,83.7
404067,404907,404908,840,1,1,600,84.1
404068,404914,404915,846,1,1,600,84.7
404070,404921,404932,851,11,1,600,78.3636363636
404071,404927,404930,856,3,1,600,85.9
404072,404942,404944,870,2,1,600,87.2
404074,404948,404950,874,2,1,600,87.6
404075,404956,404959,881,3,1,600,88.4
404077,404964,404966,887,2,1,600,88.9
404138,404971,404973,833,2,1,600,83.5
404140,404977,404979,837,2,1,600,83.9
404141,404984,404990,843,6,1,600,84.9
404143,404991,404992,848,1,1,600,84.9
404144,405002,405004,858,2,1,600,86.0
404206,405009,405010,803,1,1,600,80.4
404209,405022,405025,813,3,1,600,81.6
404210,405030,405031,820,1,1,600,82.1
404246,405135,406544,889,1409,8,6000,1.63094393187
404272,405036,405038,764,2,1,600,76.6
404274,405044,405046,770,2,1,600,77.2
404275,405050,405053,775,3,1,600,77.8
404276,405057,405058,781,1,1,600,78.2
404278,405064,405069,786,5,1,600,79.1
404339,405071,405073,732,2,1,600,73.4
404341,405082,405083,741,1,1,600,74.2
404342,405088,405090,746,2,1,600,74.8
404344,405096,405098,752,2,1,600,75.4
404405,405103,405105,698,2,1,600,70.0
404408,405117,405124,709,7,1,600,71.6
404411,405432,405435,1021,3,1,600,102.4
404412,405437,405440,1025,3,1,600,102.8
404473,405442,405445,969,3,1,600,97.2
404475,405448,405456,973,8,1,600,98.1
404476,405453,405456,977,3,1,600,98.0
404478,405460,405463,982,3,1,600,98.5
404479,405465,405466,986,1,1,600,98.7
404480,405470,405472,990,2,1,600,99.2
404482,405477,405478,995,1,1,600,99.6
404483,405482,405493,999,11,1,600,91.8181818182
404485,405488,405491,1003,3,1,600,100.6
404486,405493,405495,1007,2,1,600,100.9
404547,405505,405507,958,2,1,600,96.0
404549,405512,405513,963,1,1,600,96.4
404550,405520,405523,970,3,1,600,97.3
404551,405525,405528,974,3,1,600,97.7
404553,405531,405533,978,2,1,600,98.0
404554,405536,405537,982,1,1,600,98.3
404556,405543,405554,987,11,1,600,90.7272727273
404557,405548,405549,991,1,1,600,99.2
404558,405553,405555,995,2,1,600,99.7
404560,405560,405565,1000,5,1,600,100.5
404621,405566,405569,945,3,1,600,94.8
404625,405583,405591,958,8,1,600,96.6
404627,405589,405590,962,1,1,600,96.3
404629,405601,405611,972,10,1,600,98.2
404631,405607,405608,976,1,1,600,97.7
404632,405614,405616,982,2,1,600,98.4
404633,405619,405622,986,3,1,600,98.9
404695,405625,405627,930,2,1,600,93.2
404696,405632,405633,936,1,1,600,93.7
404698,405637,405638,939,1,1,600,94.0
404699,405642,405644,943,2,1,600,94.5
404701,405649,405651,948,2,1,600,95.0
404703,405660,405662,957,2,1,600,95.9
404705,405672,405675,967,3,1,600,97.0
404707,405687,405689,980,2,1,600,98.2
404769,405694,405699,925,5,1,600,93.0
404770,405701,405702,931,1,1,600,93.2
404772,405711,405713,939,2,1,600,94.1
404773,405718,405721,945,3,1,600,94.8
404774,405725,405729,951,4,1,600,95.5
404776,405732,405734,956,2,1,600,95.8
404777,405740,405742,963,2,1,600,96.5
404779,405748,405750,969,2,1,600,97.1
404780,405755,405756,975,1,1,600,97.6
404781,405761,405774,980,13,1,600,76.3846153846
404783,405768,405770,985,2,1,600,98.7
404844,405782,405784,938,2,1,600,94.0
404846,405789,405790,943,1,1,600,94.4
404847,405797,405799,950,2,1,600,95.2
404850,405811,405813,961,2,1,600,96.3
404851,405818,405819,967,1,1,600,96.8
404853,405825,405827,972,2,1,600,97.4
404854,405832,405833,978,1,1,600,97.9
404897,405846,405847,949,1,1,600,95.0
404898,405853,405859,955,6,1,600,96.1
404899,405860,405866,961,6,1,600,96.7
404901,405872,405878,971,6,1,600,97.7
404902,405879,405881,977,2,1,600,97.9
404904,405890,405897,986,7,1,600,99.3
404905,405897,405900,992,3,1,600,99.5
404908,405915,405917,1007,2,1,600,100.9
404969,405922,405930,953,8,1,600,96.1
404972,405942,405943,970,1,1,600,97.1
404973,405947,405949,974,2,1,600,97.6
404975,405954,405955,979,1,1,600,98.0
404976,405962,405963,986,1,1,600,98.7
404977,405968,405974,991,6,1,600,99.7
404979,405976,405977,997,1,1,600,99.8
404980,405986,406017,1006,31,1,600,33.4516129032
405041,405993,405995,952,2,1,600,95.4
405044,406018,406021,974,3,1,600,97.7
405046,406028,406031,982,3,1,600,98.5
405047,406035,406057,988,22,1,600,45.9090909091
405050,406056,406057,1006,1,1,600,100.7
405051,406069,406072,1018,3,1,600,102.1
405052,406074,406076,1022,2,1,600,102.4
405115,406096,406099,981,3,1,600,98.4
405116,406103,406111,987,8,1,600,99.5
405118,406111,406119,993,8,1,600,100.1
405119,406124,406126,1005,2,1,600,100.7
405121,406131,406133,1010,2,1,600,101.2
405123,406145,406182,1022,37,1,600,28.6216216216
405125,406151,406152,1026,1,1,600,102.7
405126,406165,406167,1039,2,1,600,104.1
405139,405500,406906,361,1406,8,6000,1.25675675676
405187,406180,406182,993,2,1,600,99.5
405189,406193,406198,1004,5,1,600,100.9
405490,406198,406204,708,6,1,600,71.4
405492,406209,406213,717,4,1,600,72.1
405493,406217,406219,724,2,1,600,72.6
405494,406226,406228,732,2,1,600,73.4
405496,406232,406233,736,1,1,600,73.7
405497,406239,406245,742,6,1,600,74.8
405499,406246,406249,747,3,1,600,75.0
405499,405667,407089,168,1422,8,6000,1.11814345992
405500,406257,406264,757,7,1,600,76.4
405501,406264,406270,763,6,1,600,76.9
405503,406276,406281,773,5,1,600,77.8
405504,406283,406285,779,2,1,600,78.1
405505,406293,406295,788,2,1,600,79.0
405567,406300,406302,733,2,1,600,73.5
405568,406306,406309,738,3,1,600,74.1
405569,406315,406318,746,3,1,600,74.9
405571,406322,406324,751,2,1,600,75.3
405572,406330,406333,758,3,1,600,76.1
405576,406352,406359,776,7,1,600,78.3
405578,406359,406361,781,2,1,600,78.3
405579,406371,406376,792,5,1,600,79.7
405580,406378,406381,798,3,1,600,80.1
405582,406389,406393,807,4,1,600,81.1
405643,406396,406399,753,3,1,600,75.6
405647,406418,406423,771,5,1,600,77.6
405649,406425,406429,776,4,1,600,78.0
405650,406435,406437,785,2,1,600,78.7
405651,406442,406448,791,6,1,600,79.7
405653,406449,406450,796,1,1,600,79.7
405654,406460,406468,806,8,1,600,81.4
405655,406479,406483,824,4,1,600,82.8
405656,408635,553738,2979,145103,18,198000,1.02053024403
405657,406494,406502,837,8,1,600,84.5
405659,406526,406528,867,2,1,600,86.9
405663,406091,407519,428,1428,8,6000,1.29971988796
405721,406541,406546,820,5,1,600,82.5
405724,406575,406581,851,6,1,600,85.7
405725,406593,406596,868,3,1,600,87.1
405726,406608,406612,882,4,1,600,88.6
405728,406624,406626,896,2,1,600,89.8
405729,406637,406640,908,3,1,600,91.1
405730,406654,406663,924,9,1,600,93.3
405732,406674,406704,942,30,1,600,32.4
405793,406717,406719,924,2,1,600,92.6
405796,406743,406746,947,3,1,600,95.0
405799,406771,406776,972,5,1,600,97.7
405800,406788,406793,988,5,1,600,99.3
405801,406804,406807,1003,3,1,600,100.6
405803,406819,406821,1016,2,1,600,101.8
405804,406833,406836,1029,3,1,600,103.2
405806,406847,406851,1041,4,1,600,104.5
405867,406863,406870,996,7,1,600,100.3
405868,406883,406885,1015,2,1,600,101.7
405870,406897,406899,1027,2,1,600,102.9
405873,406926,406928,1053,2,1,600,105.5
405874,406939,406970,1065,31,1,600,35.3548387097
405875,406982,406987,1107,5,1,600,111.2
405877,406999,407001,1122,2,1,600,112.4
405940,407024,407025,1084,1,1,600,108.5
405941,407037,407040,1096,3,1,600,109.9
405942,407052,407054,1110,2,1,600,111.2
405944,407066,407074,1122,8,1,600,113.0
405946,407100,407124,1154,24,1,600,49.0833333333
405949,407612,407663,1663,51,1,600,33.6078431373
405950,407618,407630,1668,12,1,600,140.0
406012,407623,407629,1611,6,1,600,161.7
406013,407628,407631,1615,3,1,600,161.8
406015,407634,407635,1619,1,1,600,162.0
406016,407639,407641,1623,2,1,600,162.5
406018,407645,407647,1627,2,1,600,162.9
406019,407650,407653,1631,3,1,600,163.4
406020,407655,407660,1635,5,1,600,164.0
406082,407661,407664,1579,3,1,600,158.2
406083,407666,407669,1583,3,1,600,158.6
406084,407672,407674,1588,2,1,600,159.0
406086,407677,407685,1591,8,1,600,159.9
406087,407683,407688,1596,5,1,600,160.1
406089,407688,407696,1599,8,1,600,160.7
406090,407693,407694,1603,1,1,600,160.4
406091,407699,407703,1608,4,1,600,161.2
406093,407704,407708,1611,4,1,600,161.5
406095,406468,407870,373,1402,8,6000,1.26604850214
406154,407710,407716,1556,6,1,600,156.2
406156,407715,407751,1559,36,1,600,44.3055555556
406157,407721,407725,1564,4,1,600,156.8
406158,407726,407732,1568,6,1,600,157.4
406160,407732,407738,1572,6,1,600,157.8
406161,407737,407740,1576,3,1,600,157.9
406163,407745,407746,1582,1,1,600,158.3
406224,407751,407757,1527,6,1,600,153.3
406226,407756,407775,1530,19,1,600,81.5263157895
406227,407762,407765,1535,3,1,600,153.8
406228,407767,407769,1539,2,1,600,154.1
406230,407773,407777,1543,4,1,600,154.7
406231,407778,407809,1547,31,1,600,50.9032258065
406232,407783,407787,1551,4,1,600,155.5
406234,407789,407791,1555,2,1,600,155.7
406296,407794,407797,1498,3,1,600,150.1
406297,407800,407803,1503,3,1,600,150.6
406298,407805,407806,1507,1,1,600,150.8
406300,407810,407815,1510,5,1,600,151.5
406301,407816,407847,1515,31,1,600,49.8709677419
406303,407821,407823,1518,2,1,600,152.0
406304,407827,407829,1523,2,1,600,152.5
406305,407832,407833,1527,1,1,600,152.8
406367,407837,407838,1470,1,1,600,147.1
406368,407843,407845,1475,2,1,600,147.7
406370,407848,407850,1478,2,1,600,148.0
406372,407859,407866,1487,7,1,600,149.4
406374,407873,407876,1499,3,1,600,150.2
406375,407879,407882,1504,3,1,600,150.7
406376,407884,407886,1508,2,1,600,151.0
406378,407890,407893,1512,3,1,600,151.5
406439,407895,407897,1456,2,1,600,145.8
406441,407901,407906,1460,5,1,600,146.5
406442,407906,407909,1464,3,1,600,146.7
406445,407917,407981,1472,64,1,600,24.0
406446,407923,407928,1477,5,1,600,148.2
406447,407928,407936,1481,8,1,600,148.9
406449,407934,407936,1485,2,1,600,148.7
406450,407939,407942,1489,3,1,600,149.2
406465,406556,407977,91,1421,8,6000,1.06403940887
406511,407944,407947,1433,3,1,600,143.6
406514,407955,407957,1441,2,1,600,144.3
406516,407961,407967,1445,6,1,600,145.1
406517,407966,407967,1449,1,1,600,145.0
406558,406919,408329,361,1410,8,6000,1.25602836879
406578,407972,407979,1394,7,1,600,140.1
406580,407977,407979,1397,2,1,600,139.9
406581,407983,407985,1402,2,1,600,140.4
406582,407988,407991,1406,3,1,600,140.9
406644,407994,407999,1350,5,1,600,135.5
406645,407999,408005,1354,6,1,600,136.0
406647,408007,408011,1360,4,1,600,136.4
406648,408013,408016,1365,3,1,600,136.8
406649,408018,408021,1369,3,1,600,137.2
406711,408024,408027,1313,3,1,600,131.6
406712,408029,408031,1317,2,1,600,131.9
406774,408035,408062,1261,27,1,600,47.7037037037
406775,408040,408104,1265,64,1,600,20.765625
406777,408045,408054,1268,9,1,600,127.7
406778,408051,408055,1273,4,1,600,127.7
406839,408056,408059,1217,3,1,600,122.0
406841,408062,408064,1221,2,1,600,122.3
406842,408067,408068,1225,1,1,600,122.6
406843,408073,408075,1230,2,1,600,123.2
406845,408078,408079,1233,1,1,600,123.4
406906,408083,408084,1177,1,1,600,117.8
406908,408089,408092,1181,3,1,600,118.4
406909,408094,408097,1185,3,1,600,118.8
406910,408100,408102,1190,2,1,600,119.2
406918,407093,408492,175,1399,8,6000,1.12508934954
406972,408105,408108,1133,3,1,600,113.6
406973,408111,408114,1138,3,1,600,114.1
407035,408116,408151,1081,35,1,600,31.8857142857
407036,408122,408130,1086,8,1,600,109.4
407037,408127,408128,1090,1,1,600,109.1
407039,408133,408135,1094,2,1,600,109.6
407040,408138,408143,1098,5,1,600,110.3
407093,407106,408516,13,1410,8,6000,1.00921985816
407102,408157,408182,1055,25,1,600,43.2
407103,408163,408165,1060,2,1,600,106.2
407104,407136,408549,32,1413,8,6000,1.02264685067
407104,408168,408170,1064,2,1,600,106.6
407106,408174,408176,1068,2,1,600,107.0
407135,407286,408706,151,1420,8,6000,1.10633802817
407167,408179,408181,1012,2,1,600,101.4
407290,407416,408807,126,1391,8,6000,1.09058231488
407414,407486,408892,72,1406,8,6000,1.05120910384
407486,407531,408958,45,1427,8,6000,1.03153468816
407528,407865,409260,337,1395,8,6000,1.24157706093
407649,408185,408191,536,6,1,600,54.2
407651,408190,408192,539,2,1,600,54.1
407653,408201,408202,548,1,1,600,54.9
407655,408206,408209,551,3,1,600,55.4
407656,408212,408214,556,2,1,600,55.8
407657,408217,408219,560,2,1,600,56.2
407719,408222,408229,503,7,1,600,51.0
407720,408228,408230,508,2,1,600,51.0
407722,408233,408235,511,2,1,600,51.3
407723,408239,408241,516,2,1,600,51.8
407724,408244,408294,520,50,1,600,11.4
407726,408250,408251,524,1,1,600,52.5
407727,408255,408258,528,3,1,600,53.1
407728,408260,408262,532,2,1,600,53.4
407730,408266,408283,536,17,1,600,32.5294117647
407731,408271,408280,540,9,1,600,54.9
407733,408277,408279,544,2,1,600,54.6
407734,408282,408283,548,1,1,600,54.9
407735,408288,408290,553,2,1,600,55.5
407737,408293,408296,556,3,1,600,55.9
407738,408301,408310,563,9,1,600,57.2
407800,408306,408310,506,4,1,600,51.0
407803,408317,408323,514,6,1,600,52.0
407804,408323,408325,519,2,1,600,52.1
407806,408328,408329,522,1,1,600,52.3
407807,408334,408352,527,18,1,600,30.2777777778
407808,408339,408342,531,3,1,600,53.4
407810,408345,408348,535,3,1,600,53.8
407811,408350,408355,539,5,1,600,54.4
407813,408355,408357,542,2,1,600,54.4
407814,408361,408382,547,21,1,600,27.0476190476
407815,408366,408369,551,3,1,600,55.4
407817,408372,408377,555,5,1,600,56.0
407818,408377,408379,559,2,1,600,56.1
407819,408382,408386,563,4,1,600,56.7
407821,408388,408392,567,4,1,600,57.1
407867,408144,409564,277,1420,8,6000,1.19507042254
407882,408393,408398,511,5,1,600,51.6
407884,408398,408401,514,3,1,600,51.7
407885,408404,408407,519,3,1,600,52.2
407886,408409,408410,523,1,1,600,52.4
407889,408420,408425,531,5,1,600,53.6
407891,408426,408432,535,6,1,600,54.1
407892,408435,408437,543,2,1,600,54.5
407894,408440,408443,546,3,1,600,54.9
407895,408446,408453,551,7,1,600,55.8
407896,408451,408454,555,3,1,600,55.8
407898,408456,408463,558,7,1,600,56.5
407899,408462,408467,563,5,1,600,56.8
407961,408467,408471,506,4,1,600,51.0
407963,408478,408483,515,5,1,600,52.0
407965,408484,408492,519,8,1,600,52.7
407966,408489,408492,523,3,1,600,52.6
407968,408494,408497,526,3,1,600,52.9
407969,408500,408504,531,4,1,600,53.5
407970,408505,408508,535,3,1,600,53.8
407972,408511,408514,539,3,1,600,54.2
407973,408516,408519,543,3,1,600,54.6
407974,408521,408524,547,3,1,600,55.0
407976,408527,408529,551,2,1,600,55.3
407977,408532,408540,555,8,1,600,56.3
407981,408149,409558,168,1409,8,6000,1.11923349894
408039,408538,408539,499,1,1,600,50.0
408040,408543,408573,503,30,1,600,17.7666666667
408041,408549,408557,508,8,1,600,51.6
408043,408554,408556,511,2,1,600,51.3
408044,408560,408567,516,7,1,600,52.3
408046,408565,408567,519,2,1,600,52.1
408047,408570,408575,523,5,1,600,52.8
408048,408576,408580,528,4,1,600,53.2
408050,408581,408583,531,2,1,600,53.3
408051,408587,408589,536,2,1,600,53.8
408052,408592,408603,540,11,1,600,50.0909090909
408054,408625,408627,571,2,1,600,57.3
408115,408651,408655,536,4,1,600,54.0
408117,408656,408684,539,28,1,600,20.25
408118,408664,408677,546,13,1,600,43.0
408120,408671,408673,551,2,1,600,55.3
408121,408685,408690,564,5,1,600,56.9
408124,408699,408706,575,7,1,600,58.2
408125,408706,408712,581,6,1,600,58.7
408127,408711,408716,584,5,1,600,58.9
408128,408723,408729,595,6,1,600,60.1
408129,408730,408733,601,3,1,600,60.4
408131,408735,408744,604,9,1,600,61.3
408132,408741,408750,609,9,1,600,61.8
408133,408749,408753,616,4,1,600,62.0
408136,408763,408770,627,7,1,600,63.4
408138,408770,408772,632,2,1,600,63.4
408145,408598,410002,453,1404,8,6000,1.32264957265
408199,408775,408779,576,4,1,600,58.0
408200,408782,408798,582,16,1,600,37.375
408202,408789,408794,587,5,1,600,59.2
408203,408796,408798,593,2,1,600,59.5
408204,408806,408808,602,2,1,600,60.4
408206,408813,408815,607,2,1,600,60.9
408207,408818,408819,611,1,1,600,61.2
408208,408830,408836,622,6,1,600,62.8
408211,408842,408845,631,3,1,600,63.4
408212,408848,408851,636,3,1,600,63.9
408214,408854,408857,640,3,1,600,64.3
408276,408867,408908,591,41,1,600,15.4146341463
408279,408880,408922,601,42,1,600,15.3095238095
408281,408886,408892,605,6,1,600,61.1
408282,408909,408932,627,23,1,600,28.2608695652
408283,408920,408922,637,2,1,600,63.9
408285,408933,408934,648,1,1,600,64.9
408286,408939,408942,653,3,1,600,65.6
408287,408945,408953,658,8,1,600,66.6
408289,408950,408953,661,3,1,600,66.4
408290,408958,408960,668,2,1,600,67.0
408292,408964,408973,672,9,1,600,68.1
408293,408970,408972,677,2,1,600,67.9
408354,408982,408988,628,6,1,600,63.4
408356,408989,408992,633,3,1,600,63.6
408357,408994,408995,637,1,1,600,63.8
408358,409000,409003,642,3,1,600,64.5
408361,409013,409015,652,2,1,600,65.4
408363,409020,409025,657,5,1,600,66.2
408364,409025,409027,661,2,1,600,66.3
408365,409032,409035,667,3,1,600,67.0
408367,409038,409043,671,5,1,600,67.6
408368,409043,409045,675,2,1,600,67.7
408370,409050,409053,680,3,1,600,68.3
408371,409057,409060,686,3,1,600,68.9
408372,409062,409071,690,9,1,600,69.9
408434,409069,409071,635,2,1,600,63.7
408437,409083,409085,646,2,1,600,64.8
408438,409088,409091,650,3,1,600,65.3
408439,409094,409096,655,2,1,600,65.7
408441,409102,409111,661,9,1,600,67.0
408442,409108,409109,666,1,1,600,66.7
408444,409114,409117,670,3,1,600,67.3
408445,409120,409121,675,1,1,600,67.6
408446,409126,409132,680,6,1,600,68.6
408448,409133,409134,685,1,1,600,68.6
408449,409138,409140,689,2,1,600,69.1
408450,409145,409150,695,5,1,600,70.0
408452,409152,409155,700,3,1,600,70.3
408453,409157,409165,704,8,1,600,71.2
408495,408612,410041,117,1429,8,6000,1.08187543737
408515,409164,409167,649,3,1,600,65.2
408516,409171,409173,655,2,1,600,65.7
408517,409178,409180,661,2,1,600,66.3
408519,409185,409193,666,8,1,600,67.4
408520,409190,409193,670,3,1,600,67.3
408523,409204,409205,681,1,1,600,68.2
408524,409210,409228,686,18,1,600,39.1111111111
408526,409216,409218,690,2,1,600,69.2
408527,409222,409223,695,1,1,600,69.6
408528,409230,409231,702,1,1,600,70.3
408531,409245,409247,714,2,1,600,71.6
408532,409250,409253,718,3,1,600,72.1
408534,409256,409257,722,1,1,600,72.3
408535,409263,409266,728,3,1,600,73.1
408597,409270,409272,673,2,1,600,67.5
408598,408618,410037,20,1419,8,6000,1.0140944327
408598,409275,409280,677,5,1,600,68.2
408599,409288,409290,689,2,1,600,69.1
408601,409295,409321,694,26,1,600,27.6923076923
408602,409300,409303,698,3,1,600,70.1
408604,409307,409309,703,2,1,600,70.5
408605,409315,409322,710,7,1,600,71.7
408607,409322,409325,715,3,1,600,71.8
408608,409332,409334,724,2,1,600,72.6
408609,408718,410132,109,1414,8,6000,1.07708628006
408610,409340,409342,730,2,1,600,73.2
408611,409345,409350,734,5,1,600,73.9
408612,409351,409354,739,3,1,600,74.2
408674,409359,409361,685,2,1,600,68.7
408675,409365,409374,690,9,1,600,69.9
408712,409695,410067,983,372,16,36000,3.64247311828
408712,408824,410231,112,1407,8,6000,1.07960199005
408737,409370,409395,633,25,1,600,26.32
408738,409378,409387,640,9,1,600,64.9
408740,409386,409388,646,2,1,600,64.8
408741,409399,409408,658,9,1,600,66.7
408744,409412,409416,668,4,1,600,67.2
408745,409419,409421,674,2,1,600,67.6
408747,409425,409429,678,4,1,600,68.2
408748,409432,409446,684,14,1,600,49.8571428571
408750,409438,409442,688,4,1,600,69.2
408751,409445,409450,694,5,1,600,69.9
408812,409454,409456,642,2,1,600,64.4
408814,409461,409463,647,2,1,600,64.9
408815,408904,410317,89,1413,8,6000,1.06298655343
408815,409467,409473,652,6,1,600,65.8
408817,409472,409473,655,1,1,600,65.6
408818,409479,409489,661,10,1,600,67.1
408819,409486,409488,667,2,1,600,66.9
408821,409491,409495,670,4,1,600,67.4
408824,409507,409513,683,6,1,600,68.9
408825,409512,409513,687,1,1,600,68.8
408827,409520,409527,693,7,1,600,70.0
408828,409527,409529,699,2,1,600,70.1
408889,409532,409535,643,3,1,600,64.6
408891,409539,409565,648,26,1,600,25.9230769231
408892,409546,409549,654,3,1,600,65.7
408893,409551,409567,658,16,1,600,42.125
408895,409561,409567,666,6,1,600,67.2
408896,409582,409584,686,2,1,600,68.8
408897,409589,409597,692,8,1,600,70.0
408898,408976,410425,78,1449,8,6000,1.05383022774
408899,409594,409595,695,1,1,600,69.6
408960,409601,409603,641,2,1,600,64.3
408960,409282,410712,322,1430,8,6000,1.22517482517
408962,409608,409612,646,4,1,600,65.0
408963,409615,409618,652,3,1,600,65.5
408965,409620,409624,655,4,1,600,65.9
408966,409627,409630,661,3,1,600,66.4
408967,409634,409635,667,1,1,600,66.8
408969,409641,409643,672,2,1,600,67.4
408972,409653,409659,681,6,1,600,68.7
409033,409659,409660,626,1,1,600,62.7
409035,409665,409670,630,5,1,600,63.5
409036,409671,409672,635,1,1,600,63.6
409037,409676,409685,639,9,1,600,64.8
409039,409683,409685,644,2,1,600,64.6
409040,409688,409723,648,35,1,600,19.5142857143
409041,409707,409710,666,3,1,600,66.9
409043,409712,409714,669,2,1,600,67.1
409044,409724,409727,680,3,1,600,68.3
409045,409730,409760,685,30,1,600,23.8333333333
409047,409738,409745,691,7,1,600,69.8
409108,409744,409759,636,15,1,600,43.4
409110,409756,409763,646,7,1,600,65.3
409111,409771,409774,660,3,1,600,66.3
409112,409778,409804,666,26,1,600,26.6153846154
409114,409783,409791,669,8,1,600,67.7
409116,409802,409805,686,3,1,600,68.9
409118,409808,409811,690,3,1,600,69.3
409119,409816,409818,697,2,1,600,69.9
409120,409822,409846,702,24,1,600,30.25
409122,409828,409831,706,3,1,600,70.9
409123,409835,409844,712,9,1,600,72.1
409124,409843,409845,719,2,1,600,72.1
409140,437055,441886,27915,4831,4,5160,6.77830676878
409186,409856,409868,670,12,1,600,56.8333333333
409187,409863,409866,676,3,1,600,67.9
409188,409868,409880,680,12,1,600,57.6666666667
409190,409877,409884,687,7,1,600,69.4
409191,409885,409888,694,3,1,600,69.7
409193,409892,409893,699,1,1,600,70.0
409194,409898,409901,704,3,1,600,70.7
409195,409906,409909,711,3,1,600,71.4
409197,409911,409913,714,2,1,600,71.6
409198,409917,409918,719,1,1,600,72.0
409200,409924,409927,724,3,1,600,72.7
409201,409930,409948,729,18,1,600,41.5
409262,409936,409937,674,1,1,600,67.5
409264,409943,409946,679,3,1,600,68.2
409265,409950,409955,685,5,1,600,69.0
409266,409958,409960,692,2,1,600,69.4
409268,409965,409972,697,7,1,600,70.4
409269,409972,409977,703,5,1,600,70.8
409269,409570,410978,301,1408,8,6000,1.21377840909
409271,409977,409980,706,3,1,600,70.9
409272,409984,409986,712,2,1,600,71.4
409273,409991,409996,718,5,1,600,72.3
409275,409997,409999,722,2,1,600,72.4
409276,410003,410007,727,4,1,600,73.1
409278,410010,410023,732,13,1,600,57.3076923077
409339,410022,410025,683,3,1,600,68.6
409340,410029,410031,689,2,1,600,69.1
409342,410036,410038,694,2,1,600,69.6
409343,410043,410051,700,8,1,600,70.8
409344,410048,410053,704,5,1,600,70.9
409346,410060,410063,714,3,1,600,71.7
409347,410072,410075,725,3,1,600,72.8
409349,410078,410095,729,17,1,600,43.8823529412
409350,410100,410103,750,3,1,600,75.3
409413,410113,410121,700,8,1,600,70.8
409414,410119,410122,705,3,1,600,70.8
409415,410125,410127,710,2,1,600,71.2
409417,410132,410135,715,3,1,600,71.8
409418,410140,410142,722,2,1,600,72.4
409420,410145,410150,725,5,1,600,73.0
409421,410157,410160,736,3,1,600,73.9
409422,410164,410186,742,22,1,600,34.7272727273
409424,410169,410170,745,1,1,600,74.6
409485,410175,410177,690,2,1,600,69.2
409486,410183,410185,697,2,1,600,69.9
409488,410190,410196,702,6,1,600,70.8
409489,410196,410199,707,3,1,600,71.0
409491,410204,410206,713,2,1,600,71.5
409492,410210,410213,718,3,1,600,72.1
409493,410215,410216,722,1,1,600,72.3
409495,410222,410224,727,2,1,600,72.9
409496,410229,410232,733,3,1,600,73.6
409497,410234,410238,737,4,1,600,74.1
409499,410240,410243,741,3,1,600,74.4
409560,410253,410256,693,3,1,600,69.6
409562,410260,410269,698,9,1,600,70.7
409563,410265,410268,702,3,1,600,70.5
409565,410272,410280,707,8,1,600,71.5
409566,410280,410286,714,6,1,600,72.0
409567,409576,410988,9,1412,8,6000,1.00637393768
409567,409700,411116,133,1416,8,6000,1.09392655367
409567,410285,410288,718,3,1,600,72.1
409569,410291,410295,722,4,1,600,72.6
409570,410297,410314,727,17,1,600,43.7647058824
409572,410305,410341,733,36,1,600,21.3611111111
409573,410311,410314,738,3,1,600,74.1
409574,410325,410327,751,2,1,600,75.3
409636,410330,410331,694,1,1,600,69.5
409637,410345,410347,708,2,1,600,71.0
409639,410350,410357,711,7,1,600,71.8
409640,410357,410359,717,2,1,600,71.9
409641,410364,410383,723,19,1,600,39.0526315789
409643,410371,410375,728,4,1,600,73.2
409644,410376,410379,732,3,1,600,73.5
409646,410387,410390,741,3,1,600,74.4
409647,410394,410397,747,3,1,600,75.0
409648,410400,410405,752,5,1,600,75.7
409701,410017,411474,316,1457,8,6000,1.21688400824
409710,410408,410414,698,6,1,600,70.4
409711,410414,410420,703,6,1,600,70.9
409713,410421,410426,708,5,1,600,71.3
409714,410428,410430,714,2,1,600,71.6
409715,410435,410437,720,2,1,600,72.2
409717,410447,410458,730,11,1,600,67.3636363636
409718,410453,410461,735,8,1,600,74.3
409719,410460,410462,741,2,1,600,74.3
409721,410470,410479,749,9,1,600,75.8
409782,410477,410483,695,6,1,600,70.1
409784,410482,410485,698,3,1,600,70.1
409785,410491,410493,706,2,1,600,70.8
409786,410497,410500,711,3,1,600,71.4
409788,410503,410508,715,5,1,600,72.0
409789,410510,410515,721,5,1,600,72.6
409791,410517,410545,726,28,1,600,26.9285714286
409852,410523,410542,671,19,1,600,36.3157894737
409854,410531,410534,677,3,1,600,68.0
409855,410546,410583,691,37,1,600,19.6756756757
409856,410555,410560,699,5,1,600,70.4
409858,410562,410568,704,6,1,600,71.0
409859,410573,410575,714,2,1,600,71.6
409862,410588,410590,726,2,1,600,72.8
409863,410595,410597,732,2,1,600,73.4
409865,410600,410601,735,1,1,600,73.6
409926,410607,410617,681,10,1,600,69.1
409929,410619,410623,690,4,1,600,69.4
409930,410626,410629,696,3,1,600,69.9
409932,410633,410639,701,6,1,600,70.7
409936,410654,410657,718,3,1,600,72.1
409937,410659,410661,722,2,1,600,72.4
409939,410666,410668,727,2,1,600,72.9
409940,410673,410676,733,3,1,600,73.6
410001,410678,410686,677,8,1,600,68.5
410004,410692,410694,688,2,1,600,69.0
410006,410699,410702,693,3,1,600,69.6
410007,410704,410705,697,1,1,600,69.8
410008,410711,410714,703,3,1,600,70.6
410010,410718,410728,708,10,1,600,71.8
410011,410724,410729,713,5,1,600,71.8
410012,410736,410737,724,1,1,600,72.5
410014,410744,410747,730,3,1,600,73.3
410017,410757,410758,740,1,1,600,74.1
410020,410055,411463,35,1408,8,6000,1.02485795455
410051,410067,411473,16,1406,8,6000,1.01137980085
410073,410084,411543,11,1459,8,6000,1.00753941056
410078,410763,410796,685,33,1,600,21.7575757576
410079,410769,410770,690,1,1,600,69.1
410081,410776,410780,695,4,1,600,69.9
410082,410783,410807,701,24,1,600,30.2083333333
410083,410793,410796,710,3,1,600,71.3
410084,410152,411571,68,1419,8,6000,1.04792107118
410085,410808,410814,723,6,1,600,72.9
410086,410813,410816,727,3,1,600,73.0
410087,410819,410822,732,3,1,600,73.5
410146,418767,704528,8621,285761,6,486000,1.03016856744
410149,410827,410831,678,4,1,600,68.2
410150,410834,410837,684,3,1,600,68.7
410152,410839,410840,687,1,1,600,68.8
410153,410846,410875,693,29,1,600,24.8965517241
410154,410853,410859,699,6,1,600,70.5
410156,410858,410863,702,5,1,600,70.7
410156,410247,411655,91,1408,8,6000,1.06463068182
410157,410871,410878,714,7,1,600,72.1
410158,410878,410882,720,4,1,600,72.4
410221,410893,410894,672,1,1,600,67.3
410222,410899,410901,677,2,1,600,67.9
410224,410905,410907,681,2,1,600,68.3
410225,410910,410916,685,6,1,600,69.1
410226,410918,410921,692,3,1,600,69.5
410229,410932,410935,703,3,1,600,70.6
410230,410939,410945,709,6,1,600,71.5
410232,410944,410952,712,8,1,600,72.0
410233,410952,410957,719,5,1,600,72.4
410234,410959,410962,725,3,1,600,72.8
410249,410338,411752,89,1414,8,6000,1.06294200849
410297,410973,410975,676,2,1,600,67.8
410300,410985,410990,685,5,1,600,69.0
410301,410997,411000,696,3,1,600,69.9
410302,411003,411010,701,7,1,600,70.8
410304,411015,411018,711,3,1,600,71.4
410305,411022,411025,717,3,1,600,72.0
410307,411027,411030,720,3,1,600,72.3
410308,411034,411037,726,3,1,600,72.9
410342,410442,411864,100,1422,8,6000,1.07032348805
410372,411055,411082,683,27,1,600,26.2962962963
410374,411060,411061,686,1,1,600,68.7
410375,411067,411070,692,3,1,600,69.5
410378,411082,411084,704,2,1,600,70.6
410379,411089,411094,710,5,1,600,71.5
410381,411096,411098,715,2,1,600,71.7
410443,411101,411102,658,1,1,600,65.9
410444,411108,411112,664,4,1,600,66.8
410445,410731,412144,286,1413,8,6000,1.20240622788
410447,411120,411121,673,1,1,600,67.4
410449,411127,411129,678,2,1,600,68.0
410450,411132,411138,682,6,1,600,68.8
410451,411145,411147,694,2,1,600,69.6
410453,411152,411166,699,14,1,600,50.9285714286
410454,411157,411159,703,2,1,600,70.5
410456,411164,411166,708,2,1,600,71.0
410491,418385,461591,7894,43206,8,43200,1.18270610563
410517,411172,411178,655,6,1,600,66.1
410519,411179,411183,660,4,1,600,66.4
410520,411184,411185,664,1,1,600,66.5
410522,411192,411196,670,4,1,600,67.4
410523,411199,411202,676,3,1,600,67.9
410524,411204,411223,680,19,1,600,36.7894736842
410527,411217,411220,690,3,1,600,69.3
410530,411231,411276,701,45,1,600,16.5777777778
410592,411239,411244,647,5,1,600,65.2
410594,411244,411247,650,3,1,600,65.3
410596,411255,411256,659,1,1,600,66.0
410597,411263,411265,666,2,1,600,66.8
410600,411277,411282,677,5,1,600,68.2
410603,411290,411299,687,9,1,600,69.6
410604,411297,411300,693,3,1,600,69.6
410607,411311,411313,704,2,1,600,70.6
410669,411317,411324,648,7,1,600,65.5
410670,411324,411327,654,3,1,600,65.7
410672,411331,411337,659,6,1,600,66.5
410673,411338,411340,665,2,1,600,66.7
410676,411352,411355,676,3,1,600,67.9
410677,411357,411393,680,36,1,600,19.8888888889
410679,411364,411366,685,2,1,600,68.7
410680,411371,411376,691,5,1,600,69.6
410682,411378,411386,696,8,1,600,70.4
410683,411387,411406,704,19,1,600,38.0526315789
410733,410992,412427,259,1435,8,6000,1.18048780488
410746,411406,411408,660,2,1,600,66.2
410749,411419,411421,670,2,1,600,67.2
410751,411425,411427,674,2,1,600,67.6
410752,411431,411432,679,1,1,600,68.0
410754,411438,411442,684,4,1,600,68.8
410755,411444,411447,689,3,1,600,69.2
410757,411451,411471,694,20,1,600,35.7
410760,411465,411472,705,7,1,600,71.2
410822,411472,411476,650,4,1,600,65.4
410823,411491,411492,668,1,1,600,66.9
410825,411497,411512,672,15,1,600,45.8
410826,411509,411543,683,34,1,600,21.0882352941
410828,411514,411518,686,4,1,600,69.0
410829,411524,411566,695,42,1,600,17.5476190476
410830,411531,411532,701,1,1,600,70.2
410833,411560,411567,727,7,1,600,73.4
410895,411567,411573,672,6,1,600,67.8
410896,411578,411580,682,2,1,600,68.4
410898,411590,411593,692,3,1,600,69.5
410899,411596,411598,697,2,1,600,69.9
410900,411602,411604,702,2,1,600,70.4
410902,411610,411613,708,3,1,600,71.1
410903,411615,411620,712,5,1,600,71.7
410905,411623,411658,718,35,1,600,21.5142857143
410906,411630,411634,724,4,1,600,72.8
410907,411637,411639,730,2,1,600,73.2
410970,411654,411658,684,4,1,600,68.8
410972,411660,411688,688,28,1,600,25.5714285714
410973,411675,411680,702,5,1,600,70.7
410975,411680,411681,705,1,1,600,70.6
410976,411692,411694,716,2,1,600,71.8
410978,411699,411701,721,2,1,600,72.3
410979,411706,411715,727,9,1,600,73.6
410980,411711,411714,731,3,1,600,73.4
410982,411717,411719,735,2,1,600,73.7
410983,411725,411726,742,1,1,600,74.3
410985,411732,411750,747,18,1,600,42.5
410986,411737,411744,751,7,1,600,75.8
410990,411010,412431,20,1421,8,6000,1.01407459536
411011,411140,412612,129,1472,8,6000,1.08763586957
411048,411744,411748,696,4,1,600,70.0
411049,411756,411758,707,2,1,600,70.9
411050,411763,411765,713,2,1,600,71.5
411052,411768,411769,716,1,1,600,71.7
411053,411781,411783,728,2,1,600,73.0
411055,411789,411796,734,7,1,600,74.1
411056,411795,411797,739,2,1,600,74.1
411059,411808,411809,749,1,1,600,75.0
411121,411813,411816,692,3,1,600,69.5
411122,411820,411847,698,27,1,600,26.8518518519
411124,411825,411829,701,4,1,600,70.5
411125,411833,411837,708,4,1,600,71.2
411127,411841,411844,714,3,1,600,71.7
411128,411849,411854,721,5,1,600,72.6
411131,411863,411865,732,2,1,600,73.4
411132,411870,411877,738,7,1,600,74.5
411134,411875,411918,741,43,1,600,18.2325581395
411135,411887,411891,752,4,1,600,75.6
411137,411895,411897,758,2,1,600,76.0
411145,411479,412900,334,1421,8,6000,1.23504574243
411199,411910,411918,711,8,1,600,71.9
411201,411917,411920,716,3,1,600,71.9
411202,411930,411959,728,29,1,600,26.1034482759
411204,411935,411941,731,6,1,600,73.7
411205,411942,411970,737,28,1,600,27.3214285714
411207,411953,411955,746,2,1,600,74.8
411208,411968,411970,760,2,1,600,76.2
411210,411975,411977,765,2,1,600,76.7
411211,411981,411989,770,8,1,600,77.8
411274,411994,412004,720,10,1,600,73.0
411275,412001,412003,726,2,1,600,72.8
411277,412006,412046,729,40,1,600,19.225
411280,412022,412026,742,4,1,600,74.6
411282,412038,412041,756,3,1,600,75.9
411284,412045,412047,761,2,1,600,76.3
411285,412053,412055,768,2,1,600,77.0
411347,412060,412066,713,6,1,600,71.9
411348,412065,412066,717,1,1,600,71.8
411353,412084,412090,731,6,1,600,73.7
411354,412091,412099,737,8,1,600,74.5
411355,412097,412105,742,8,1,600,75.0
411357,412104,412109,747,5,1,600,75.2
411358,412110,412112,752,2,1,600,75.4
411361,412124,412138,763,14,1,600,55.5
411362,412129,412130,767,1,1,600,76.8
411424,412136,412138,712,2,1,600,71.4
411425,412143,412145,718,2,1,600,72.0
411428,412155,412173,727,18,1,600,41.3888888889
411429,412167,412168,738,1,1,600,73.9
411431,412172,412177,741,5,1,600,74.6
411432,412180,412183,748,3,1,600,75.1
411434,412187,412190,753,3,1,600,75.6
411435,412194,412200,759,6,1,600,76.5
411437,412201,412204,764,3,1,600,76.7
411438,412206,412209,768,3,1,600,77.1
411474,411486,412903,12,1417,8,6000,1.00846859562
411485,411503,412908,18,1405,8,6000,1.0128113879
411501,412219,412227,718,8,1,600,72.6
411502,412227,412230,725,3,1,600,72.8
411504,412232,412233,728,1,1,600,72.9
411505,412239,412244,734,5,1,600,73.9
411506,411554,412981,48,1427,8,6000,1.0336370007
411507,412246,412248,739,2,1,600,74.1
411508,412251,412252,743,1,1,600,74.4
411558,411585,413004,27,1419,8,6000,1.01902748414
411570,412258,412263,688,5,1,600,69.3
411572,412270,412274,698,4,1,600,70.2
411574,412277,412278,703,1,1,600,70.4
411575,412283,412287,708,4,1,600,71.2
411577,412290,412302,713,12,1,600,60.4166666667
411578,412296,412298,718,2,1,600,72.0
411579,412303,412305,724,2,1,600,72.6
411590,411668,413086,78,1418,8,6000,1.05500705219
411641,412310,412312,669,2,1,600,67.1
411642,412316,412319,674,3,1,600,67.7
411645,412329,412331,684,2,1,600,68.6
411646,412335,412356,689,21,1,600,33.8095238095
411648,412341,412345,693,4,1,600,69.7
411649,412348,412350,699,2,1,600,70.1
411650,412357,412364,707,7,1,600,71.4
411673,411776,413195,103,1419,8,6000,1.0725863284
411712,412364,412368,652,4,1,600,65.6
411713,412371,412374,658,3,1,600,66.1
411715,412378,412383,663,5,1,600,66.8
411716,412385,412389,669,4,1,600,67.3
411719,412398,412403,679,5,1,600,68.4
411720,412406,412410,686,4,1,600,69.0
411722,412412,412415,690,3,1,600,69.3
411723,412419,412421,696,2,1,600,69.8
411725,412426,412433,701,7,1,600,70.8
411726,412432,412438,706,6,1,600,71.2
411776,411882,413309,106,1427,8,6000,1.07428170988
411788,412444,412446,656,2,1,600,65.8
411790,412458,412460,668,2,1,600,67.0
411791,412463,412466,672,3,1,600,67.5
411793,412471,412473,678,2,1,600,68.0
411794,412478,412481,684,3,1,600,68.7
411795,412483,412490,688,7,1,600,69.5
411797,412491,412497,694,6,1,600,70.0
411798,412498,412500,700,2,1,600,70.2
411861,412512,412514,651,2,1,600,65.3
411863,412518,412524,655,6,1,600,66.1
411864,412525,412529,661,4,1,600,66.5
411865,412532,412534,667,2,1,600,66.9
411867,412539,412544,672,5,1,600,67.7
411868,412546,412552,678,6,1,600,68.4
411869,412551,412552,682,1,1,600,68.3
411871,412558,412565,687,7,1,600,69.4
411872,412565,412567,693,2,1,600,69.5
411875,412578,412580,703,2,1,600,70.5
411879,412161,413576,282,1415,8,6000,1.19929328622
411937,412585,412587,648,2,1,600,65.0
411939,412591,412593,652,2,1,600,65.4
411942,412611,412613,669,2,1,600,67.1
411943,412617,412620,674,3,1,600,67.7
411944,412629,412637,685,8,1,600,69.3
411946,412636,412639,690,3,1,600,69.3
411947,412642,412647,695,5,1,600,70.0
412010,412656,412663,646,7,1,600,65.3
412012,412663,412670,651,7,1,600,65.8
412013,412668,412672,655,4,1,600,65.9
412015,412676,412678,661,2,1,600,66.3
412017,412690,412692,673,2,1,600,67.5
412019,412695,412696,676,1,1,600,67.7
412021,412710,412749,689,39,1,600,18.6666666667
412083,412716,412719,633,3,1,600,63.6
412084,412723,412726,639,3,1,600,64.2
412086,412731,412738,645,7,1,600,65.2
412087,412738,412741,651,3,1,600,65.4
412089,412750,412754,661,4,1,600,66.5
412090,412757,412762,667,5,1,600,67.2
412092,412764,412767,672,3,1,600,67.5
412093,412771,412774,678,3,1,600,68.1
412095,412778,412786,683,8,1,600,69.1
412096,412785,412788,689,3,1,600,69.2
412098,412792,412795,694,3,1,600,69.7
412159,412799,412802,640,3,1,600,64.3
412161,412806,412808,645,2,1,600,64.7
412162,412813,412816,651,3,1,600,65.4
412163,412819,412842,656,23,1,600,29.5217391304
412165,412825,412832,660,7,1,600,66.7
412168,412844,412846,676,2,1,600,67.8
412168,412439,413857,271,1418,8,6000,1.19111424542
412169,412849,412855,680,6,1,600,68.6
412171,412856,412862,685,6,1,600,69.1
412172,412862,412865,690,3,1,600,69.3
412234,412869,412871,635,2,1,600,63.7
412237,412883,412886,646,3,1,600,64.9
412238,412888,412892,650,4,1,600,65.4
412240,412896,412900,656,4,1,600,66.0
412241,412903,412905,662,2,1,600,66.4
412243,412910,412916,667,6,1,600,67.3
412244,412922,412927,678,5,1,600,68.3
412246,412928,412935,682,7,1,600,68.9
412247,412941,412945,694,4,1,600,69.8
412250,412959,412962,709,3,1,600,71.2
412251,412966,412968,715,2,1,600,71.7
412313,412972,412974,659,2,1,600,66.1
412314,412979,412981,665,2,1,600,66.7
412316,412986,412990,670,4,1,600,67.4
412317,412991,412992,674,1,1,600,67.5
412319,413004,413009,685,5,1,600,69.0
412320,413011,413016,691,5,1,600,69.6
412321,413017,413025,696,8,1,600,70.4
412323,413030,413032,707,2,1,600,70.9
412324,413037,413042,713,5,1,600,71.8
412326,413043,413045,717,2,1,600,71.9
412327,413050,413057,723,7,1,600,73.0
412329,413057,413061,728,4,1,600,73.2
412330,413062,413070,732,8,1,600,74.0
412392,413069,413073,677,4,1,600,68.1
412394,413076,413089,682,13,1,600,53.4615384615
412395,413083,413086,688,3,1,600,69.1
412397,413090,413098,693,8,1,600,70.1
412398,413098,413103,700,5,1,600,70.5
412400,413111,413113,711,2,1,600,71.3
412402,413118,413120,716,2,1,600,71.8
412403,413123,413129,720,6,1,600,72.6
412405,413131,413133,726,2,1,600,72.8
412406,413138,413140,732,2,1,600,73.4
412436,412452,413870,16,1418,8,6000,1.01128349788
412458,412624,414045,166,1421,8,6000,1.11681914145
412468,413145,413150,677,5,1,600,68.2
412471,413157,413158,686,1,1,600,68.7
412473,413165,413171,692,6,1,600,69.8
412475,413171,413173,696,2,1,600,69.8
412476,413178,413188,702,10,1,600,71.2
412478,413184,413185,706,1,1,600,70.7
412479,413190,413201,711,11,1,600,65.6363636364
412481,413197,413200,716,3,1,600,71.9
412482,413204,413220,722,16,1,600,46.125
412544,413218,413221,674,3,1,600,67.7
412546,413224,413232,678,8,1,600,68.6
412547,413232,413239,685,7,1,600,69.2
412549,413239,413243,690,4,1,600,69.4
412550,413246,413249,696,3,1,600,69.9
412552,413253,413259,701,6,1,600,70.7
412553,413260,413262,707,2,1,600,70.9
412555,413267,413269,712,2,1,600,71.4
412556,413274,413276,718,2,1,600,72.0
412558,413279,413282,721,3,1,600,72.4
412560,413286,413291,726,5,1,600,73.1
412561,413293,413301,732,8,1,600,74.0
412623,413300,413304,677,4,1,600,68.1
412623,412917,414341,294,1424,8,6000,1.20646067416
412624,413307,413310,683,3,1,600,68.6
412627,413327,413330,700,3,1,600,70.3
412629,413334,413342,705,8,1,600,71.3
412630,413339,413365,709,26,1,600,28.2692307692
412632,413347,413349,715,2,1,600,71.7
412633,413354,413356,721,2,1,600,72.3
412635,413362,413366,727,4,1,600,73.1
412697,413369,413375,672,6,1,600,67.8
412698,413377,413380,679,3,1,600,68.2
412700,413384,413386,684,2,1,600,68.6
412701,413391,413394,690,3,1,600,69.3
412703,413398,413399,695,1,1,600,69.6
412707,413417,413419,710,2,1,600,71.2
412710,413429,413436,719,7,1,600,72.6
412712,413437,413443,725,6,1,600,73.1
412713,413443,413445,730,2,1,600,73.2
412775,413450,413452,675,2,1,600,67.7
412776,413456,413457,680,1,1,600,68.1
412778,413462,413467,684,5,1,600,68.9
412779,413469,413476,690,7,1,600,69.7
412781,413475,413480,694,5,1,600,69.9
412782,413482,413484,700,2,1,600,70.2
412784,413489,413491,705,2,1,600,70.7
412785,413496,413516,711,20,1,600,36.55
412787,413502,413503,715,1,1,600,71.6
412849,413509,413512,660,3,1,600,66.3
412850,413516,413521,666,5,1,600,67.1
412851,413524,413529,673,5,1,600,67.8
412853,413531,413567,678,36,1,600,19.8333333333
412854,413538,413545,684,7,1,600,69.1
412856,413545,413556,689,11,1,600,63.6363636364
412857,413557,413589,700,32,1,600,22.875
412859,413568,413571,709,3,1,600,71.2
412862,413586,413588,724,2,1,600,72.6
412863,413598,413602,735,4,1,600,73.9
412911,412935,414349,24,1414,8,6000,1.01697312588
412925,413606,413613,681,7,1,600,68.8
412926,413611,413616,685,5,1,600,69.0
412928,413618,413623,690,5,1,600,69.5
412929,413624,413626,695,2,1,600,69.7
412931,413632,413641,701,9,1,600,71.0
412932,412948,414386,16,1438,8,6000,1.01112656467
412932,413639,413649,707,10,1,600,71.7
412934,413644,413647,710,3,1,600,71.3
412937,413660,413679,723,19,1,600,39.0526315789
412938,413667,413672,729,5,1,600,73.4
412953,412998,414420,45,1422,8,6000,1.03164556962
412995,413024,414435,29,1411,8,6000,1.02055279943
413000,413672,413694,672,22,1,600,31.5454545455
413004,413697,413703,693,6,1,600,69.9
413006,413704,413706,698,2,1,600,70.0
413008,413711,413720,703,9,1,600,71.2
413009,413717,413722,708,5,1,600,71.3
413012,413732,413734,720,2,1,600,72.2
413026,413105,414513,79,1408,8,6000,1.05610795455
413074,413739,413748,665,9,1,600,67.4
413075,413744,413747,669,3,1,600,67.2
413077,413752,413754,675,2,1,600,67.7
413080,413766,413770,686,4,1,600,69.0
413082,413771,413775,689,4,1,600,69.3
413083,413778,413783,695,5,1,600,70.0
413085,413785,413787,700,2,1,600,70.2
413088,413799,413801,711,2,1,600,71.3
413109,413211,414666,102,1455,8,6000,1.07010309278
413150,413804,413822,654,18,1,600,37.3333333333
413151,413811,413814,660,3,1,600,66.3
413153,413818,413825,665,7,1,600,67.2
413154,413826,413829,672,3,1,600,67.5
413155,413834,413837,679,3,1,600,68.2
413157,413841,413880,684,39,1,600,18.5384615385
413158,413847,413854,689,7,1,600,69.6
413160,413854,413855,694,1,1,600,69.5
413162,413866,413906,704,40,1,600,18.6
413163,413879,413881,716,2,1,600,71.8
413165,413892,413894,727,2,1,600,72.9
413166,413898,413901,732,3,1,600,73.5
413213,413321,414737,108,1416,8,6000,1.07627118644
413228,413907,413909,679,2,1,600,68.1
413231,413920,413927,689,7,1,600,69.6
413232,413927,413928,695,1,1,600,69.6
413234,413933,413939,699,6,1,600,70.5
413235,413940,413942,705,2,1,600,70.7
413237,413945,413948,708,3,1,600,71.1
413238,413952,413954,714,2,1,600,71.6
413240,413959,413961,719,2,1,600,72.1
413302,413965,413969,663,4,1,600,66.7
413303,413972,413981,669,9,1,600,67.8
413305,413979,413981,674,2,1,600,67.6
413306,413986,413987,680,1,1,600,68.1
413308,413993,413996,685,3,1,600,68.8
413309,413999,414002,690,3,1,600,69.3
413311,414006,414009,695,3,1,600,69.8
413312,414013,414020,701,7,1,600,70.8
413314,414020,414023,706,3,1,600,70.9
413315,414027,414029,712,2,1,600,71.4
413317,414034,414036,717,2,1,600,71.9
413318,414041,414043,723,2,1,600,72.5
413326,413593,415026,267,1433,8,6000,1.18632240056
413380,414047,414057,667,10,1,600,67.7
413381,414054,414091,673,37,1,600,19.1891891892
413383,414067,414070,684,3,1,600,68.7
413384,414074,414076,690,2,1,600,69.2
413386,414082,414085,696,3,1,600,69.9
413388,414089,414092,701,3,1,600,70.4
413389,414097,414105,708,8,1,600,71.6
413391,414104,414105,713,1,1,600,71.4
413392,414110,414160,718,50,1,600,15.36
413455,414123,414125,668,2,1,600,67.0
413457,414130,414134,673,4,1,600,67.7
413459,414137,414140,678,3,1,600,68.1
413460,414146,414148,686,2,1,600,68.8
413462,414153,414157,691,4,1,600,69.5
413463,414160,414162,697,2,1,600,69.9
413465,414169,414171,704,2,1,600,70.6
413466,414176,414178,710,2,1,600,71.2
413468,414182,414185,714,3,1,600,71.7
413469,414189,414194,720,5,1,600,72.5
413471,414196,414202,725,6,1,600,73.1
413532,414203,414206,671,3,1,600,67.4
413534,414210,414217,676,7,1,600,68.3
413535,414217,414223,682,6,1,600,68.8
413537,414224,414227,687,3,1,600,69.0
413540,414237,414240,697,3,1,600,70.0
413542,414245,414247,703,2,1,600,70.5
413543,414251,414260,708,9,1,600,71.7
413544,414258,414260,714,2,1,600,71.6
413546,414265,414267,719,2,1,600,72.1
413594,413873,415284,279,1411,8,6000,1.19773210489
413607,414272,414273,665,1,1,600,66.6
413610,414285,414293,675,8,1,600,68.3
413612,414291,414296,679,5,1,600,68.4
413613,414298,414300,685,2,1,600,68.7
413614,414305,414312,691,7,1,600,69.8
413616,414312,414317,696,5,1,600,70.1
413617,414317,414322,700,5,1,600,70.5
413619,414325,414357,706,32,1,600,23.0625
413680,414332,414334,652,2,1,600,65.4
413682,414339,414341,657,2,1,600,65.9
413683,414347,414350,664,3,1,600,66.7
413688,414380,414386,692,6,1,600,69.8
413689,414386,414388,697,2,1,600,69.9
413691,414393,414399,702,6,1,600,70.8
413693,414406,414408,713,2,1,600,71.5
413694,414412,414414,718,2,1,600,72.0
413756,414419,414420,663,1,1,600,66.4
413757,414426,414430,669,4,1,600,67.3
413759,414432,414434,673,2,1,600,67.5
413760,414445,414449,685,4,1,600,68.9
413762,414458,414459,696,1,1,600,69.7
413763,414464,414465,701,1,1,600,70.2
413765,414471,414474,706,3,1,600,70.9
413766,414477,414485,711,8,1,600,71.9
413768,414484,414493,716,9,1,600,72.5
413769,414491,414493,722,2,1,600,72.4
413771,414498,414501,727,3,1,600,73.0
413772,414505,414511,733,6,1,600,73.9
413834,414511,414516,677,5,1,600,68.2
413835,414518,414520,683,2,1,600,68.5
413838,414538,414540,700,2,1,600,70.2
413840,414543,414546,703,3,1,600,70.6
413841,414551,414552,710,1,1,600,71.1
413843,414558,414560,715,2,1,600,71.7
413844,414564,414567,720,3,1,600,72.3
413846,414571,414574,725,3,1,600,72.8
413847,414578,414579,731,1,1,600,73.2
413849,414585,414587,736,2,1,600,73.8
413872,413886,415301,14,1415,8,6000,1.00989399293
413883,414061,415480,178,1419,8,6000,1.12544045102
413911,414592,414595,681,3,1,600,68.4
413912,414598,414601,686,3,1,600,68.9
413914,414605,414608,691,3,1,600,69.4
413915,414612,414613,697,1,1,600,69.8
413917,414619,414624,702,5,1,600,70.7
413918,414626,414627,708,1,1,600,70.9
413920,414632,414635,712,3,1,600,71.5
413921,414639,414640,718,1,1,600,71.9
413922,414645,414648,723,3,1,600,72.6
413984,414652,414655,668,3,1,600,67.1
413986,414658,414660,672,2,1,600,67.4
413987,414665,414667,678,2,1,600,68.0
413989,414672,414678,683,6,1,600,68.9
413990,414678,414682,688,4,1,600,69.2
413992,414691,414699,699,8,1,600,70.7
413993,414698,414704,705,6,1,600,71.1
413995,414704,414712,709,8,1,600,71.7
413996,414711,414718,715,7,1,600,72.2
413998,414718,414719,720,1,1,600,72.1
414000,414725,414728,725,3,1,600,72.8
414058,414354,415780,296,1426,8,6000,1.20757363254
414061,414732,414735,671,3,1,600,67.4
414063,414738,414745,675,7,1,600,68.2
414068,414765,414783,697,18,1,600,39.7222222222
414069,414771,414776,702,5,1,600,70.7
414071,414778,414780,707,2,1,600,70.9
414073,414788,414793,715,5,1,600,72.0
414074,414795,414805,721,10,1,600,73.1
414137,414808,414815,671,7,1,600,67.8
414139,414815,414816,676,1,1,600,67.7
414142,414829,414830,687,1,1,600,68.8
414145,414842,414850,697,8,1,600,70.5
414146,414848,414851,702,3,1,600,70.5
414148,414854,414861,706,7,1,600,71.3
414150,414863,414865,713,2,1,600,71.5
414151,414868,414873,717,5,1,600,72.2
414214,414883,414891,669,8,1,600,67.7
414216,414890,414893,674,3,1,600,67.7
414218,414896,414899,678,3,1,600,68.1
414219,414903,414906,684,3,1,600,68.7
414221,414910,414912,689,2,1,600,69.1
414223,414917,414920,694,3,1,600,69.7
414224,414924,414930,700,6,1,600,70.6
414226,414930,414951,704,21,1,600,34.5238095238
414228,414937,414939,709,2,1,600,71.1
414229,414944,414945,715,1,1,600,71.6
414231,414952,414955,721,3,1,600,72.4
414233,414959,414965,726,6,1,600,73.2
414294,414966,414968,672,2,1,600,67.4
414296,414973,414976,677,3,1,600,68.0
414301,414993,414996,692,3,1,600,69.5
414302,414999,415004,697,5,1,600,70.2
414306,415013,415079,707,66,1,600,11.7121212121
414307,415020,415022,713,2,1,600,71.5
414309,415026,415064,717,38,1,600,19.8684210526
414358,414367,415790,9,1423,8,6000,1.0063246662
414369,414400,415822,31,1422,8,6000,1.02180028129
414372,415049,415091,677,42,1,600,17.119047619
414374,415076,415092,702,16,1,600,44.875
414375,415091,415093,716,2,1,600,71.8
414377,415103,415109,726,6,1,600,73.2
414378,415110,415118,732,8,1,600,74.0
414380,415116,415126,736,10,1,600,74.6
414382,415123,415124,741,1,1,600,74.2
414383,415130,415132,747,2,1,600,74.9
414385,415137,415139,752,2,1,600,75.4
414401,414439,415850,38,1411,8,6000,1.02693125443
414443,414452,415896,9,1444,8,6000,1.00623268698
414447,415144,415146,697,2,1,600,69.9
414448,415150,415169,702,19,1,600,37.9473684211
414450,415157,415160,707,3,1,600,71.0
414451,415164,415167,713,3,1,600,71.6
414453,415172,415174,719,2,1,600,72.1
414454,414525,415956,71,1431,8,6000,1.04961565339
414455,415179,415208,724,29,1,600,25.9655172414
414457,415186,415189,729,3,1,600,73.2
414458,415192,415194,734,2,1,600,73.6
414460,415201,415205,741,4,1,600,74.5
414521,415208,415212,687,4,1,600,69.1
414523,415217,415219,694,2,1,600,69.6
414525,415224,415228,699,4,1,600,70.3
414527,414685,416103,158,1418,8,6000,1.11142454161
414530,415244,415249,714,5,1,600,71.9
414531,415250,415259,719,9,1,600,72.8
414533,415257,415260,724,3,1,600,72.7
414535,415264,415266,729,2,1,600,73.1
414536,415271,415272,735,1,1,600,73.6
414538,415277,415280,739,3,1,600,74.2
414600,415284,415288,684,4,1,600,68.8
414601,415290,415297,689,7,1,600,69.6
414603,415303,415332,700,29,1,600,25.1379310345
414604,415310,415314,706,4,1,600,71.0
414607,415330,415333,723,3,1,600,72.6
414609,415336,415338,727,2,1,600,72.9
414611,415345,415347,734,2,1,600,73.6
414612,415350,415354,738,4,1,600,74.2
414614,415358,415363,744,5,1,600,74.9
414616,415365,415367,749,2,1,600,75.1
414677,415372,415375,695,3,1,600,69.8
414679,415379,415381,700,2,1,600,70.2
414681,415384,415388,703,4,1,600,70.7
414682,414752,416182,70,1430,8,6000,1.04895104895
414684,415399,415443,715,44,1,600,17.25
414685,415406,415414,721,8,1,600,72.9
414687,415412,415413,725,1,1,600,72.6
414690,415432,415434,742,2,1,600,74.4
414692,415439,415441,747,2,1,600,74.9
414694,415446,415449,752,3,1,600,75.5
414755,415453,415454,698,1,1,600,69.9
414755,415042,416480,287,1438,8,6000,1.19958275382
414757,415460,415500,703,40,1,600,18.575
414758,415466,415468,708,2,1,600,71.0
414760,415472,415497,712,25,1,600,29.48
414762,415481,415483,719,2,1,600,72.1
414765,415509,415510,744,1,1,600,74.5
414766,415516,415519,750,3,1,600,75.3
414768,415522,415525,754,3,1,600,75.7
414770,415529,415559,759,30,1,600,26.3
414833,415543,415551,710,8,1,600,71.8
414834,415550,415557,716,7,1,600,72.3
414836,415563,415564,727,1,1,600,72.8
414838,415570,415571,732,1,1,600,73.3
414839,415577,415579,738,2,1,600,74.0
414841,415583,415585,742,2,1,600,74.4
414843,415591,415593,748,2,1,600,75.0
414845,415598,415602,753,4,1,600,75.7
414846,415604,415606,758,2,1,600,76.0
414848,415611,415613,763,2,1,600,76.5
414910,415618,415620,708,2,1,600,71.0
414913,415631,415632,718,1,1,600,71.9
414917,415651,415654,734,3,1,600,73.7
414920,415657,415690,737,33,1,600,23.3333333333
414921,415664,415666,743,2,1,600,74.5
414923,415671,415674,748,3,1,600,75.1
414924,415679,415681,755,2,1,600,75.7
414926,415687,415688,761,1,1,600,76.2
414928,415694,415703,766,9,1,600,77.5
414989,415702,415705,713,3,1,600,71.6
414991,415707,415722,716,15,1,600,48.7333333333
414992,415716,415719,724,3,1,600,72.7
414994,415723,415726,729,3,1,600,73.2
414996,415731,415733,735,2,1,600,73.7
414997,415738,415752,741,14,1,600,53.9285714286
414999,415744,415747,745,3,1,600,74.8
415001,415751,415753,750,2,1,600,75.2
415003,415759,415760,756,1,1,600,75.7
415004,415766,415769,762,3,1,600,76.5
415006,415772,415775,766,3,1,600,76.9
415043,415297,416710,254,1413,8,6000,1.17975937721
415067,415779,415781,712,2,1,600,71.4
415069,415786,415791,717,5,1,600,72.2
415071,415799,415802,728,3,1,600,73.1
415074,415818,415821,744,3,1,600,74.7
415136,415825,415827,689,2,1,600,69.1
415137,415831,415834,694,3,1,600,69.7
415139,415844,415845,705,1,1,600,70.6
415141,415852,415853,711,1,1,600,71.2
415142,415858,415860,716,2,1,600,71.8
415144,415871,415878,727,7,1,600,73.4
415146,415877,415880,731,3,1,600,73.4
415147,415884,415918,737,34,1,600,22.6764705882
415149,415891,415897,742,6,1,600,74.8
415150,415898,415903,748,5,1,600,75.3
415152,415915,415917,763,2,1,600,76.5
415214,415921,415924,707,3,1,600,71.0
415215,415929,415930,714,1,1,600,71.5
415217,415935,415938,718,3,1,600,72.1
415219,415942,415957,723,15,1,600,49.2
415221,415948,415949,727,1,1,600,72.8
415222,415955,415957,733,2,1,600,73.5
415224,415962,415967,738,5,1,600,74.3
415226,415975,415977,749,2,1,600,75.1
415227,415982,415986,755,4,1,600,75.9
415229,415988,415994,759,6,1,600,76.5
415291,415995,416033,704,38,1,600,19.5263157895
415293,416002,416009,709,7,1,600,71.6
415294,416009,416016,715,7,1,600,72.2
415296,416021,416029,725,8,1,600,73.3
415297,416028,416033,731,5,1,600,73.6
415299,416042,416045,743,3,1,600,74.6
415300,415323,416758,23,1435,8,6000,1.01602787456
415300,416049,416053,749,4,1,600,75.3
415302,416055,416058,753,3,1,600,75.6
415304,416062,416071,758,9,1,600,76.7
415305,416069,416072,764,3,1,600,76.7
415307,416076,416079,769,3,1,600,77.2
415322,415492,416919,170,1427,8,6000,1.11913104415
415369,416083,416110,714,27,1,600,27.4444444444
415370,416090,416093,720,3,1,600,72.3
415372,416097,416099,725,2,1,600,72.7
415374,416105,416107,731,2,1,600,73.3
415376,416112,416143,736,31,1,600,24.7419354839
415377,416125,416127,748,2,1,600,75.0
415379,416132,416138,753,6,1,600,75.9
415380,416139,416142,759,3,1,600,76.2
415382,416152,416180,770,28,1,600,28.5
415384,416159,416162,775,3,1,600,77.8
415445,416165,416212,720,47,1,600,16.3191489362
415447,416174,416176,727,2,1,600,72.9
415448,416188,416191,740,3,1,600,74.3
415450,416201,416203,751,2,1,600,75.3
415452,416208,416209,756,1,1,600,75.7
415453,416215,416256,762,41,1,600,19.5853658537
415455,416222,416227,767,5,1,600,77.2
415456,416229,416231,773,2,1,600,77.5
415458,416239,416246,781,7,1,600,78.8
415460,416246,416247,786,1,1,600,78.7
415462,416258,416259,796,1,1,600,79.7
415497,415793,417235,296,1442,8,6000,1.2052704577
415523,416265,416280,742,15,1,600,50.4666666667
415525,416272,416275,747,3,1,600,75.0
415527,416278,416280,751,2,1,600,75.3
415528,416287,416292,759,5,1,600,76.4
415530,416294,416296,764,2,1,600,76.6
415531,416300,416303,769,3,1,600,77.2
415533,416307,416332,774,25,1,600,31.96
415534,416314,416317,780,3,1,600,78.3
415596,416321,416322,725,1,1,600,72.6
415597,416329,416332,732,3,1,600,73.5
415599,416336,416342,737,6,1,600,74.3
415601,416344,416352,743,8,1,600,75.1
415602,416350,416352,748,2,1,600,75.0
415604,416357,416360,753,3,1,600,75.6
415605,416364,416368,759,4,1,600,76.3
415607,416371,416374,764,3,1,600,76.7
415609,416378,416380,769,2,1,600,77.1
415610,416385,416392,775,7,1,600,78.2
415612,416391,416393,779,2,1,600,78.1
415674,416398,416405,724,7,1,600,73.1
415676,416405,416408,729,3,1,600,73.2
415677,416411,416436,734,25,1,600,30.36
415679,416418,416420,739,2,1,600,74.1
415681,416425,416439,744,14,1,600,54.1428571429
415682,416432,416464,750,32,1,600,24.4375
415684,416448,416455,764,7,1,600,77.1
415687,416468,416469,781,1,1,600,78.2
415689,416474,416477,785,3,1,600,78.8
415750,416481,416483,731,2,1,600,73.3
415754,416500,416512,746,12,1,600,63.1666666667
415755,416507,416511,752,4,1,600,75.6
415757,416513,416518,756,5,1,600,76.1
415758,416523,416526,765,3,1,600,76.8
415760,416530,416532,770,2,1,600,77.2
415762,416536,416538,774,2,1,600,77.6
415763,416543,416546,780,3,1,600,78.3
415765,416550,416580,785,30,1,600,27.1666666667
415766,416556,416558,790,2,1,600,79.2
415768,416563,416568,795,5,1,600,80.0
415796,415812,417243,16,1431,8,6000,1.01118099231
415817,415838,417266,21,1428,8,6000,1.01470588235
415831,416580,416581,749,1,1,600,75.0
415834,416587,416589,753,2,1,600,75.5
415835,416594,416596,759,2,1,600,76.1
415838,415865,417291,27,1426,8,6000,1.01893408135
415839,416607,416609,768,2,1,600,77.0
415840,416614,416620,774,6,1,600,78.0
415842,416620,416622,778,2,1,600,78.0
415844,416627,416634,783,7,1,600,79.0
415870,415908,417327,38,1419,8,6000,1.02677942213
415907,416640,416642,733,2,1,600,73.5
415909,416647,416659,738,12,1,600,62.5
415911,416653,416656,742,3,1,600,74.5
415912,415969,417387,57,1418,8,6000,1.04019746121
415912,416660,416662,748,2,1,600,75.0
415914,416668,416671,754,3,1,600,75.7
415915,416675,416681,760,6,1,600,76.6
415974,416119,417551,145,1432,8,6000,1.10125698324
415978,416681,416718,703,37,1,600,20.0
415979,416689,416691,710,2,1,600,71.2
415981,416696,416698,715,2,1,600,71.7
415982,416703,416707,721,4,1,600,72.5
415984,416710,416712,726,2,1,600,72.8
415986,416719,416722,733,3,1,600,73.6
415987,416732,416733,745,1,1,600,74.6
415989,416739,416741,750,2,1,600,75.2
415991,416745,416747,754,2,1,600,75.6
415992,416752,416753,760,1,1,600,76.1
415994,416759,416762,765,3,1,600,76.8
416056,416765,416768,709,3,1,600,71.2
416057,416778,416780,721,2,1,600,72.3
416059,416785,416789,726,4,1,600,73.0
416061,416791,416793,730,2,1,600,73.2
416062,416798,416824,736,26,1,600,29.3076923077
416064,416805,416808,741,3,1,600,74.4
416066,416811,416813,745,2,1,600,74.7
416068,416820,416821,752,1,1,600,75.3
416070,416827,416830,757,3,1,600,76.0
416119,416195,417623,76,1428,8,6000,1.05322128852
416131,416834,416836,703,2,1,600,70.5
416133,416841,416842,708,1,1,600,70.9
416135,416848,416851,713,3,1,600,71.6
416136,416854,416855,718,1,1,600,71.9
416138,416861,416865,723,4,1,600,72.7
416140,416868,416878,728,10,1,600,73.8
416141,416874,416876,733,2,1,600,73.5
416143,416881,416921,738,40,1,600,19.45
416145,416889,416896,744,7,1,600,75.1
416192,416494,417920,302,1426,8,6000,1.21178120617
416206,416896,416901,690,5,1,600,69.5
416208,416908,416909,700,1,1,600,70.1
416210,416915,416917,705,2,1,600,70.7
416212,416922,416928,710,6,1,600,71.6
416213,416929,416932,716,3,1,600,71.9
416216,416949,416955,733,6,1,600,73.9
416218,416955,416960,737,5,1,600,74.2
416220,416962,416968,742,6,1,600,74.8
416281,416969,416972,688,3,1,600,69.1
416283,416976,416978,693,2,1,600,69.5
416285,416983,416985,698,2,1,600,70.0
416286,416990,416991,704,1,1,600,70.5
416288,416996,416999,708,3,1,600,71.1
416290,417003,417006,713,3,1,600,71.6
416291,417009,417013,718,4,1,600,72.2
416293,417016,417022,723,6,1,600,72.9
416294,417023,417026,729,3,1,600,73.2
416356,417030,417032,674,2,1,600,67.6
416358,417037,417044,679,7,1,600,68.6
416359,417044,417049,685,5,1,600,69.0
416363,417057,417064,694,7,1,600,70.1
416364,417064,417067,700,3,1,600,70.3
416366,417070,417075,704,5,1,600,70.9
416368,417077,417081,709,4,1,600,71.3
416369,417084,417105,715,21,1,600,35.0476190476
416371,417091,417094,720,3,1,600,72.3
416373,417098,417101,725,3,1,600,72.8
416375,417106,417108,731,2,1,600,73.3
416436,417113,417119,677,6,1,600,68.3
416438,417120,417137,682,17,1,600,41.1176470588
416439,417126,417129,687,3,1,600,69.0
416441,417133,417135,692,2,1,600,69.4
416443,417141,417149,698,8,1,600,70.6
416444,417148,417151,704,3,1,600,70.7
416446,417155,417160,709,5,1,600,71.4
416447,417162,417165,715,3,1,600,71.8
416449,417169,417172,720,3,1,600,72.3
416490,416726,418142,236,1416,8,6000,1.16666666667
416511,417176,417184,665,8,1,600,67.3
416512,417183,417186,671,3,1,600,67.4
416514,417190,417192,676,2,1,600,67.8
416516,417197,417199,681,2,1,600,68.3
416517,417204,417207,687,3,1,600,69.0
416519,417210,417216,691,6,1,600,69.7
416520,417217,417223,697,6,1,600,70.3
416522,417224,417231,702,7,1,600,70.9
416524,417231,417233,707,2,1,600,70.9
416525,417238,417240,713,2,1,600,71.5
416587,417245,417248,658,3,1,600,66.1
416589,417251,417283,662,32,1,600,21.6875
416591,417264,417269,673,5,1,600,67.8
416592,417277,417284,685,7,1,600,69.2
416594,417290,417292,696,2,1,600,69.8
416596,417297,417300,701,3,1,600,70.4
416597,417303,417306,706,3,1,600,70.9
416599,417315,417318,716,3,1,600,71.9
416601,417323,417328,722,5,1,600,72.7
416603,417329,417331,726,2,1,600,72.8
416666,417349,417350,683,1,1,600,68.4
416668,417355,417362,687,7,1,600,69.4
416669,417362,417368,693,6,1,600,69.9
416671,417368,417369,697,1,1,600,69.8
416672,417375,417378,703,3,1,600,70.6
416674,417382,417383,708,1,1,600,70.9
416676,417388,417433,712,45,1,600,16.8222222222
416677,417395,417397,718,2,1,600,72.0
416679,417401,417403,722,2,1,600,72.4
416681,417415,417417,734,2,1,600,73.6
416682,417421,417423,739,2,1,600,74.1
416727,416772,418213,45,1441,8,6000,1.03122831367
416744,417430,417435,686,5,1,600,69.1
416746,417437,417439,691,2,1,600,69.3
416748,417445,417450,697,5,1,600,70.2
416749,417452,417498,703,46,1,600,16.2826086957
416751,417458,417461,707,3,1,600,71.0
416752,417466,417473,714,7,1,600,72.1
416754,417473,417478,719,5,1,600,72.4
416756,417485,417487,729,2,1,600,73.1
416758,417492,417497,734,5,1,600,73.9
416759,417500,417508,741,8,1,600,74.9
416761,417509,417515,748,6,1,600,75.4
416769,416936,418372,167,1436,8,6000,1.11629526462
416823,417516,417519,693,3,1,600,69.6
416824,417523,417550,699,27,1,600,26.8888888889
416826,417530,417533,704,3,1,600,70.7
416827,417537,417539,710,2,1,600,71.2
416829,417545,417551,716,6,1,600,72.2
416831,417552,417554,721,2,1,600,72.3
416833,417562,417563,729,1,1,600,73.0
416834,417575,417577,741,2,1,600,74.3
416836,417581,417582,745,1,1,600,74.6
416838,417588,417591,750,3,1,600,75.3
416900,417595,417598,695,3,1,600,69.8
416901,417601,417603,700,2,1,600,70.2
416903,417608,417610,705,2,1,600,70.7
416905,417615,417617,710,2,1,600,71.2
416907,417621,417627,714,6,1,600,72.0
416908,417628,417631,720,3,1,600,72.3
416910,417642,417645,732,3,1,600,73.5
416912,417649,417658,737,9,1,600,74.6
416913,417655,417656,742,1,1,600,74.3
416915,417662,417664,747,2,1,600,74.9
416934,417258,418701,324,1443,8,6000,1.22453222453
416977,417669,417671,692,2,1,600,69.4
416979,417676,417698,697,22,1,600,32.6818181818
416980,417682,417684,702,2,1,600,70.4
416982,417689,417698,707,9,1,600,71.6
416983,417696,417702,713,6,1,600,71.9
416985,417710,417712,725,2,1,600,72.7
416987,417716,417758,729,42,1,600,18.3571428571
416989,417723,417726,734,3,1,600,73.7
416990,417730,417732,740,2,1,600,74.2
416992,417739,417742,747,3,1,600,75.0
416993,417746,417747,753,1,1,600,75.4
417055,417754,417756,699,2,1,600,70.1
417057,417761,417769,704,8,1,600,71.2
417058,417768,417770,710,2,1,600,71.2
417060,417775,417776,715,1,1,600,71.6
417062,417782,417783,720,1,1,600,72.1
417063,417788,417792,725,4,1,600,72.9
417065,417795,417798,730,3,1,600,73.3
417067,417801,417810,734,9,1,600,74.3
417069,417808,417816,739,8,1,600,74.7
417070,417815,417816,745,1,1,600,74.6
417072,417823,417826,751,3,1,600,75.4
417074,417830,417881,756,51,1,600,15.8235294118
417136,417836,417837,700,1,1,600,70.1
417138,417843,417846,705,3,1,600,70.8
417140,417850,417853,710,3,1,600,71.3
417141,417859,417860,718,1,1,600,71.9
417143,417866,417867,723,1,1,600,72.4
417145,417873,417875,728,2,1,600,73.0
417147,417880,417883,733,3,1,600,73.6
417148,417887,417894,739,7,1,600,74.6
417150,417894,417913,744,19,1,600,40.1578947368
417152,417902,417904,750,2,1,600,75.2
417214,417909,417912,695,3,1,600,69.8
417215,417917,417921,702,4,1,600,70.6
417217,417923,417935,706,12,1,600,59.8333333333
417219,417931,417933,712,2,1,600,71.4
417220,417944,417949,724,5,1,600,72.9
417222,417951,417952,729,1,1,600,73.0
417223,417957,417959,734,2,1,600,73.6
417225,417964,417966,739,2,1,600,74.1
417227,417970,417971,743,1,1,600,74.4
417228,417978,417981,750,3,1,600,75.3
417230,417984,417992,754,8,1,600,76.2
417264,417271,418703,7,1432,8,6000,1.00488826816
417275,417284,418724,9,1440,8,6000,1.00625
417286,417310,418750,24,1440,8,6000,1.01666666667
417293,417999,418001,706,2,1,600,70.8
417295,418006,418009,711,3,1,600,71.4
417296,418012,418014,716,2,1,600,71.8
417298,418019,418028,721,9,1,600,73.0
417300,418026,418029,726,3,1,600,72.9
417301,418032,418034,731,2,1,600,73.3
417303,418040,418046,737,6,1,600,74.3
417305,418046,418048,741,2,1,600,74.3
417307,418053,418057,746,4,1,600,75.0
417307,417343,418787,36,1444,8,6000,1.02493074792
417349,417408,418844,59,1436,8,6000,1.04108635097
417368,418060,418062,692,2,1,600,69.4
417370,418066,418068,696,2,1,600,69.8
417372,418073,418074,701,1,1,600,70.2
417374,418080,418085,706,5,1,600,71.1
417375,418086,418090,711,4,1,600,71.5
417378,418093,418096,715,3,1,600,71.8
417379,418100,418107,721,7,1,600,72.8
417381,418107,418117,726,10,1,600,73.6
417382,418114,418120,732,6,1,600,73.8
417384,418121,418159,737,38,1,600,20.3947368421
417411,417569,419009,158,1440,8,6000,1.10972222222
417446,418129,418132,683,3,1,600,68.6
417448,418136,418138,688,2,1,600,69.0
417449,418144,418151,695,7,1,600,70.2
417451,418151,418154,700,3,1,600,70.3
417453,418165,418166,712,1,1,600,71.3
417454,418172,418174,718,2,1,600,72.0
417456,418178,418181,722,3,1,600,72.5
417457,418185,418186,728,1,1,600,72.9
417459,418192,418197,733,5,1,600,73.8
417521,418199,418204,678,5,1,600,68.3
417522,418205,418207,683,2,1,600,68.5
417524,418212,418213,688,1,1,600,68.9
417526,418219,418221,693,2,1,600,69.5
417527,418225,418227,698,2,1,600,70.0
417529,418239,418255,710,16,1,600,45.375
417530,418267,418271,737,4,1,600,74.1
417532,418284,418285,752,1,1,600,75.3
417534,418297,418310,763,13,1,600,59.6923076923
417566,417636,419057,70,1421,8,6000,1.04926108374
417596,418322,418328,726,6,1,600,73.2
417597,418340,418341,743,1,1,600,74.4
417599,418353,418356,754,3,1,600,75.7
417601,418368,418375,767,7,1,600,77.4
417602,418392,418395,790,3,1,600,79.3
417604,418407,418408,803,1,1,600,80.4
417606,418420,418427,814,7,1,600,82.1
417607,418439,418441,832,2,1,600,83.4
417609,418453,418474,844,21,1,600,41.1904761905
417611,418486,418487,875,1,1,600,87.6
417613,418499,418507,886,8,1,600,89.4
417639,417938,419359,299,1421,8,6000,1.21041520056
417674,418519,418524,845,5,1,600,85.0
417676,418536,418538,860,2,1,600,86.2
417678,418550,418553,872,3,1,600,87.5
417679,418565,418567,886,2,1,600,88.8
417681,418579,418581,898,2,1,600,90.0
417683,418593,418596,910,3,1,600,91.3
417685,418608,418610,923,2,1,600,92.5
417686,418622,418627,936,5,1,600,94.1
417688,418640,418642,952,2,1,600,95.4
417689,418655,418688,966,33,1,600,30.2727272727
417751,418700,418702,949,2,1,600,95.1
417753,418732,418733,979,1,1,600,98.0
417755,418746,418748,991,2,1,600,99.3
417757,418773,418778,1016,5,1,600,102.1
417758,418779,418810,1021,31,1,600,33.935483871
417760,418790,418792,1030,2,1,600,103.2
417761,418807,418810,1046,3,1,600,104.9
417763,420212,420221,2449,9,1,600,245.8
417765,420233,420252,2468,19,1,600,130.894736842
417767,420264,420270,2497,6,1,600,250.3
417829,420282,420288,2453,6,1,600,245.9
417830,420300,420302,2470,2,1,600,247.2
417834,420327,420329,2493,2,1,600,249.5
417835,420342,420348,2507,6,1,600,251.3
417837,420360,420363,2523,3,1,600,252.6
417838,420375,420377,2537,2,1,600,253.9
417840,420390,420393,2550,3,1,600,255.3
417842,420405,420408,2563,3,1,600,256.6
417843,420420,420422,2577,2,1,600,257.9
417846,420434,420437,2588,3,1,600,259.1
417907,420449,420451,2542,2,1,600,254.4
417909,420463,420465,2554,2,1,600,255.6
417911,420477,420478,2566,1,1,600,256.7
417912,420490,420496,2578,6,1,600,258.4
417914,420508,420510,2594,2,1,600,259.6
417916,420522,420524,2606,2,1,600,260.8
417917,420537,420539,2620,2,1,600,262.2
417919,420552,420554,2633,2,1,600,263.5
417921,420566,420567,2645,1,1,600,264.6
417922,420579,420581,2657,2,1,600,265.9
417924,420593,420603,2669,10,1,600,267.9
417937,418158,419584,221,1426,8,6000,1.15497896213
417986,420615,420618,2629,3,1,600,263.2
417988,420630,420633,2642,3,1,600,264.5
417989,420646,420649,2657,3,1,600,266.0
417991,420661,420664,2670,3,1,600,267.3
417993,420676,420679,2683,3,1,600,268.6
417994,420692,420696,2698,4,1,600,270.2
417996,420708,420709,2712,1,1,600,271.3
417998,420721,420730,2723,9,1,600,273.2
417999,420742,420745,2743,3,1,600,274.6
418002,420757,420758,2755,1,1,600,275.6
418003,420770,420787,2767,17,1,600,163.764705882
418065,420800,420803,2735,3,1,600,273.8
418067,420815,420818,2748,3,1,600,275.1
418068,420832,420834,2764,2,1,600,276.6
418070,420846,420893,2776,47,1,600,60.0638297872
418072,420905,420907,2833,2,1,600,283.5
418073,420919,420924,2846,5,1,600,285.1
418076,420936,420938,2860,2,1,600,286.2
418077,420950,420957,2873,7,1,600,288.0
418079,420969,420970,2890,1,1,600,289.1
418081,420982,420986,2901,4,1,600,290.5
418082,420998,421000,2916,2,1,600,291.8
418084,421012,421014,2928,2,1,600,293.0
418146,421026,421029,2880,3,1,600,288.3
418148,421041,421044,2893,3,1,600,289.6
418150,421056,421057,2906,1,1,600,290.7
418151,421069,421070,2918,1,1,600,291.9
418153,421082,421089,2929,7,1,600,293.6
418155,421101,421103,2946,2,1,600,294.8
418157,421115,421119,2958,4,1,600,296.2
418158,421131,421133,2973,2,1,600,297.5
418161,418232,422787,71,4555,5,14400,1.01558726674
418161,421146,421148,2985,2,1,600,298.7
418162,421161,421168,2999,7,1,600,300.6
418224,421180,421190,2956,10,1,600,296.6
418226,421203,421204,2977,1,1,600,297.8
418228,421217,421224,2989,7,1,600,299.6
418229,421237,421241,3008,4,1,600,301.2
418231,421254,421257,3023,3,1,600,302.6
418233,421269,421289,3036,20,1,600,152.8
418234,421301,421302,3067,1,1,600,306.8
418234,418246,423088,12,4842,5,14400,1.00247831475
418236,421315,421354,3079,39,1,600,79.9487179487
418238,421366,421374,3128,8,1,600,313.6
418239,421386,421391,3147,5,1,600,315.2
418242,421403,421415,3161,12,1,600,264.416666667
418245,418713,423467,468,4754,5,14400,1.09844341607
418305,421442,421444,3137,2,1,600,313.9
418307,421457,421464,3150,7,1,600,315.7
418369,421477,421481,3108,4,1,600,311.2
418371,421493,421496,3122,3,1,600,312.5
418372,421508,421511,3136,3,1,600,313.9
418374,421523,421556,3149,33,1,600,96.4242424242
418436,421568,421569,3132,1,1,600,313.3
418437,421581,421584,3144,3,1,600,314.7
418439,421596,421597,3157,1,1,600,315.8
418441,421609,421610,3168,1,1,600,316.9
418502,421622,421625,3120,3,1,600,312.3
418504,421638,421641,3134,3,1,600,313.7
418506,421653,421654,3147,1,1,600,314.8
418567,421666,421668,3099,2,1,600,310.1
418569,421681,421686,3112,5,1,600,311.7
418571,421698,421700,3127,2,1,600,312.9
418572,421712,421715,3140,3,1,600,314.3
418575,421727,421728,3152,1,1,600,315.3
418636,421741,421746,3105,5,1,600,311.0
418638,421758,421759,3120,1,1,600,312.1
418640,421771,421774,3131,3,1,600,313.4
418641,421786,421789,3145,3,1,600,314.8
418703,421802,421804,3099,2,1,600,310.1
418705,421817,421831,3112,14,1,600,223.285714286
418708,418720,423349,12,4629,5,14400,1.00259235256
418709,418726,423322,17,4596,5,14400,1.00369886858
418731,418739,422954,8,4215,5,14400,1.00189798339
418742,418760,423809,18,5049,5,14400,1.00356506239
418753,418800,422715,47,3915,5,14400,1.01200510856
418766,421843,421844,3077,1,1,600,307.8
418769,421856,421857,3087,1,1,600,308.8
418770,421869,421901,3099,32,1,600,97.84375
418796,418822,423037,26,4215,5,14400,1.00616844603
418827,418856,423532,29,4676,5,14400,1.00620188195
418832,421913,421914,3081,1,1,600,308.2
418833,421926,421927,3093,1,1,600,309.4
418835,421939,421945,3104,6,1,600,311.0
418836,421957,421958,3121,1,1,600,312.2
418849,419021,423040,172,4019,5,14400,1.0427967156
419014,419027,423076,13,4049,5,14400,1.0032106693
419025,419069,423847,44,4778,5,14400,1.00920887401
419067,419372,423298,305,3926,5,14400,1.07768721345
419366,419379,423791,13,4412,5,14400,1.00294650952
419377,419596,423792,219,4196,5,14400,1.05219256435
419594,419603,423583,9,3980,5,14400,1.00226130653
419605,420206,424689,601,4483,5,14400,1.13406201205
420212,422728,427181,2516,4453,5,14400,1.56501235122
420280,421970,421974,1690,4,1,600,169.4
420282,421986,421991,1704,5,1,600,170.9
420284,422003,422005,1719,2,1,600,172.1
420346,422017,422020,1671,3,1,600,167.4
420348,422032,422034,1684,2,1,600,168.6
420349,422047,422049,1698,2,1,600,170.0
420351,422062,422064,1711,2,1,600,171.3
420413,422076,422079,1663,3,1,600,166.6
420415,422092,422095,1677,3,1,600,168.0
420417,422107,422117,1690,10,1,600,170.0
420418,422130,422137,1712,7,1,600,171.9
420420,422149,422152,1729,3,1,600,173.2
420482,422164,422182,1682,18,1,600,94.4444444444
420483,422194,422199,1711,5,1,600,171.6
420486,422211,422217,1725,6,1,600,173.1
420487,422229,422236,1742,7,1,600,174.9
420489,422248,422250,1759,2,1,600,176.1
420551,422262,422263,1711,1,1,600,171.2
420553,422275,422276,1722,1,1,600,172.3
420554,422288,422289,1734,1,1,600,173.5
420556,422301,422303,1745,2,1,600,174.7
420618,422315,422324,1697,9,1,600,170.6
420619,422336,422338,1717,2,1,600,171.9
420621,422351,422353,1730,2,1,600,173.2
420623,422365,422368,1742,3,1,600,174.5
420624,422381,422384,1757,3,1,600,176.0
420686,422397,422411,1711,14,1,600,123.214285714
420688,422423,422424,1735,1,1,600,173.6
420689,422436,422445,1747,9,1,600,175.6
420753,422470,422471,1717,1,1,600,171.8
420755,422483,422491,1728,8,1,600,173.6
420756,422503,422536,1747,33,1,600,53.9393939394
420758,422548,422554,1790,6,1,600,179.6
420820,422566,422570,1746,4,1,600,175.0
420822,422582,422583,1760,1,1,600,176.1
420825,422609,422610,1784,1,1,600,178.5
420887,422622,422624,1735,2,1,600,173.7
420952,422664,422681,1712,17,1,600,101.705882353
420953,422693,422709,1740,16,1,600,109.75
421015,422721,422722,1706,1,1,600,170.7
421017,422748,422752,1731,4,1,600,173.5
421018,422754,422756,1736,2,1,600,173.8
421020,422764,422796,1744,32,1,600,55.5
421022,422771,422776,1749,5,1,600,175.4
421084,422789,422791,1705,2,1,600,170.7
421085,422807,422809,1722,2,1,600,172.4
421087,422814,422827,1727,13,1,600,133.846153846
421089,422821,422822,1732,1,1,600,173.3
421150,422837,422841,1687,4,1,600,169.1
421152,422845,422848,1693,3,1,600,169.6
421154,422855,422864,1701,9,1,600,171.0
421156,422862,422864,1706,2,1,600,170.8
421158,422876,422877,1718,1,1,600,171.9
421220,422883,422886,1663,3,1,600,166.6
421221,422890,422897,1669,7,1,600,167.6
421223,422898,422901,1675,3,1,600,167.8
421285,422910,422912,1625,2,1,600,162.7
421287,422918,422921,1631,3,1,600,163.4
421288,422925,422926,1637,1,1,600,163.8
421350,422933,422941,1583,8,1,600,159.1
421352,422940,422961,1588,21,1,600,76.619047619
421413,422953,422958,1540,5,1,600,154.5
421415,422975,422981,1560,6,1,600,156.6
421418,422980,422983,1562,3,1,600,156.5
421480,422994,422996,1514,2,1,600,151.6
421482,423001,423002,1519,1,1,600,152.0
421483,423010,423015,1527,5,1,600,153.2
421485,423018,423021,1533,3,1,600,153.6
421487,423028,423047,1541,19,1,600,82.1052631579
421550,423049,423052,1499,3,1,600,150.2
421612,423066,423069,1454,3,1,600,145.7
421616,423088,423126,1472,38,1,600,39.7368421053
421618,423094,423097,1476,3,1,600,147.9
421620,423108,423110,1488,2,1,600,149.0
421682,423114,423116,1432,2,1,600,143.4
421684,423122,423124,1438,2,1,600,144.0
421686,423137,423171,1451,34,1,600,43.6764705882
421687,423144,423151,1457,7,1,600,146.4
421749,423163,423166,1414,3,1,600,141.7
421751,423178,423181,1427,3,1,600,143.0
421752,423185,423217,1433,32,1,600,45.78125
421754,423193,423197,1439,4,1,600,144.3
421756,423209,423210,1453,1,1,600,145.4
421818,423222,423247,1404,25,1,600,57.16
421819,423231,423233,1412,2,1,600,141.4
421823,423259,423301,1436,42,1,600,35.1904761905
421887,423279,423295,1392,16,1,600,88.0
421889,423309,423311,1420,2,1,600,142.2
421951,423325,423327,1374,2,1,600,137.6
421953,423342,423350,1389,8,1,600,139.7
421955,423369,423375,1414,6,1,600,142.0
421957,423387,423390,1430,3,1,600,143.3
422019,423403,423405,1384,2,1,600,138.6
422021,423418,423446,1397,28,1,600,50.8928571429
422023,423458,423459,1435,1,1,600,143.6
422024,423471,423480,1447,9,1,600,145.6
422026,423492,423495,1466,3,1,600,146.9
422088,423507,423553,1419,46,1,600,31.847826087
422090,423565,423568,1475,3,1,600,147.8
422092,423581,423604,1489,23,1,600,65.7391304348
422093,423617,423619,1524,2,1,600,152.6
422155,423631,423637,1476,6,1,600,148.2
422160,423664,423692,1504,28,1,600,54.7142857143
422161,423705,423711,1544,6,1,600,155.0
422223,423723,423724,1500,1,1,600,150.1
422225,423736,423737,1511,1,1,600,151.2
422289,423763,423768,1474,5,1,600,147.9
422291,423781,423783,1490,2,1,600,149.2
422292,423796,423799,1504,3,1,600,150.7
422294,423818,423849,1524,31,1,600,50.1612903226
422296,423833,423835,1537,2,1,600,153.9
422358,423848,423888,1490,40,1,600,38.25
422361,423867,423903,1506,36,1,600,42.8333333333
422363,423900,423903,1537,3,1,600,154.0
422364,423916,423921,1552,5,1,600,155.7
422426,423923,423928,1497,5,1,600,150.2
422428,423936,423938,1508,2,1,600,151.0
422429,423947,423963,1518,16,1,600,95.875
422431,423955,423962,1524,7,1,600,153.1
422493,423975,423977,1482,2,1,600,148.4
422495,423981,423985,1486,4,1,600,149.0
422497,423989,423990,1492,1,1,600,149.3
422499,423999,424000,1500,1,1,600,150.1
422560,424006,424009,1446,3,1,600,144.9
422562,424015,424020,1453,5,1,600,145.8
422624,424022,424023,1398,1,1,600,139.9
422626,424033,424035,1407,2,1,600,140.9
422628,424041,424044,1413,3,1,600,141.6
422631,424057,424059,1426,2,1,600,142.8
422693,424065,424067,1372,2,1,600,137.4
422695,424072,424077,1377,5,1,600,138.2
422696,424079,424081,1383,2,1,600,138.5
422728,422742,428002,14,5260,5,14400,1.00266159696
422739,422800,427482,61,4682,5,14400,1.01302862025
422758,424089,424097,1331,8,1,600,133.9
422760,424097,424102,1337,5,1,600,134.2
422762,424110,424112,1348,2,1,600,135.0
422763,424117,424119,1354,2,1,600,135.6
422803,422966,427372,163,4406,5,14400,1.03699500681
422825,424125,424131,1300,6,1,600,130.6
422827,424134,424140,1307,6,1,600,131.3
422829,424144,424146,1315,2,1,600,131.7
422831,424154,424170,1323,16,1,600,83.6875
422832,424161,424163,1329,2,1,600,133.1
422834,424175,424181,1341,6,1,600,134.7
422896,424183,424185,1287,2,1,600,128.9
422898,424194,424195,1296,1,1,600,129.7
422899,424202,424209,1303,7,1,600,131.0
422901,424209,424212,1308,3,1,600,131.1
422903,424223,424227,1320,4,1,600,132.4
422905,424231,424236,1326,5,1,600,133.1
422909,424249,424251,1340,2,1,600,134.2
422968,423058,427782,90,4724,5,14400,1.01905165114
422971,424257,424260,1286,3,1,600,128.9
422974,424272,424278,1298,6,1,600,130.4
422976,424281,424284,1305,3,1,600,130.8
422979,424290,424292,1311,2,1,600,131.3
422980,424299,424312,1319,13,1,600,102.461538462
423042,424306,424308,1264,2,1,600,126.6
423045,424320,424321,1275,1,1,600,127.6
423047,424328,424331,1281,3,1,600,128.4
423049,424336,424339,1287,3,1,600,129.0
423051,424343,424346,1292,3,1,600,129.5
423054,424352,424359,1298,7,1,600,130.5
423056,424360,424363,1304,3,1,600,130.7
423058,424372,424374,1314,2,1,600,131.6
423060,424379,424380,1319,1,1,600,132.0
423062,423080,427707,18,4627,5,14400,1.00389020964
423083,423101,427873,18,4772,5,14400,1.00377200335
423105,423130,427816,25,4686,5,14400,1.00533504055
423122,424387,424388,1265,1,1,600,126.6
423123,424396,424399,1273,3,1,600,127.6
423125,424403,424405,1278,2,1,600,128.0
423127,424411,424416,1284,5,1,600,128.9
423127,423317,427146,190,3829,5,14400,1.04962131105
423131,424429,424434,1298,5,1,600,130.3
423133,424437,424439,1304,2,1,600,130.6
423195,424446,424454,1251,8,1,600,125.9
423197,424453,424456,1256,3,1,600,125.9
423198,424467,424470,1269,3,1,600,127.2
423200,424475,424480,1275,5,1,600,128.0
423262,424483,424485,1221,2,1,600,122.3
423266,424501,424508,1235,7,1,600,124.2
423267,424509,424513,1242,4,1,600,124.6
423269,424520,424528,1251,8,1,600,125.9
423271,424527,424534,1256,7,1,600,126.3
423273,424541,424544,1268,3,1,600,127.1
423322,423335,428030,13,4695,5,14400,1.00276890309
423334,423362,427935,28,4573,5,14400,1.00612289525
423335,424549,424551,1214,2,1,600,121.6
423338,424556,424559,1218,3,1,600,122.1
423340,424564,424575,1224,11,1,600,112.272727273
423341,424572,424579,1231,7,1,600,123.8
423366,423480,427475,114,3995,5,14400,1.02853566959
423406,424597,424599,1191,2,1,600,119.3
423408,424605,424607,1197,2,1,600,119.9
423470,424613,424619,1143,6,1,600,114.9
423473,424631,424640,1158,9,1,600,116.7
423479,423545,427582,66,4037,5,14400,1.01634877384
423535,424638,424639,1103,1,1,600,110.4
423537,424651,424652,1114,1,1,600,111.5
423542,423595,427849,53,4254,5,14400,1.01245886225
423594,423803,427934,209,4131,5,14400,1.05059307674
423599,424658,424661,1059,3,1,600,106.2
423601,424667,424670,1066,3,1,600,106.9
423663,424674,424677,1011,3,1,600,101.4
423665,424683,424686,1018,3,1,600,102.1
423667,424690,424691,1023,1,1,600,102.4
423669,424698,424701,1029,3,1,600,103.2
423732,424713,424717,981,4,1,600,98.5
423734,424721,424724,987,3,1,600,99.0
423735,424730,424763,995,33,1,600,31.1515151515
423799,424751,424755,952,4,1,600,95.6
423800,423811,427766,11,3955,5,14400,1.00278128951
423801,424768,424770,967,2,1,600,96.9
423803,424776,424778,973,2,1,600,97.5
423805,424783,424788,978,5,1,600,98.3
423811,423827,428271,16,4444,5,14400,1.00360036004
423833,423859,427809,26,3950,5,14400,1.00658227848
423864,424707,429443,843,4736,5,14400,1.17799831081
423866,424790,424832,924,42,1,600,23.0
423868,424801,424807,933,6,1,600,93.9
423931,424820,424850,889,30,1,600,30.6333333333
423933,424845,424862,912,17,1,600,54.6470588235
423936,424863,424866,927,3,1,600,93.0
423939,424875,424911,936,36,1,600,27.0
423942,424882,424888,940,6,1,600,94.6
423944,424901,424903,957,2,1,600,95.9
424006,424915,424920,909,5,1,600,91.4
424008,424925,424932,917,7,1,600,92.4
424010,424933,424942,923,9,1,600,93.2
424014,424955,424958,941,3,1,600,94.4
424016,424963,424965,947,2,1,600,94.9
424018,424971,424981,953,10,1,600,96.3
424080,424979,424986,899,7,1,600,90.6
424082,424993,424997,911,4,1,600,91.5
424085,425002,425004,917,2,1,600,91.9
424087,425009,425012,922,3,1,600,92.5
424088,425017,425020,929,3,1,600,93.2
424090,425034,425035,944,1,1,600,94.5
424092,425048,425050,956,2,1,600,95.8
424094,425063,425072,969,9,1,600,97.8
424096,425084,425085,988,1,1,600,98.9
424160,425111,425116,951,5,1,600,95.6
424162,425129,425130,967,1,1,600,96.8
424163,425142,425145,979,3,1,600,98.2
424165,425157,425160,992,3,1,600,99.5
424167,425173,425177,1006,4,1,600,101.0
424169,425190,425194,1021,4,1,600,102.5
424171,425207,425212,1036,5,1,600,104.1
424233,425225,425227,992,2,1,600,99.4
424237,425254,425257,1017,3,1,600,102.0
424239,425270,425277,1031,7,1,600,103.8
424242,425289,425323,1047,34,1,600,31.7941176471
424244,425336,425339,1092,3,1,600,109.5
424246,425352,425354,1106,2,1,600,110.8
424250,425381,425383,1131,2,1,600,113.3
424313,425410,425412,1097,2,1,600,109.9
424316,425424,425426,1108,2,1,600,111.0
424318,425439,425441,1121,2,1,600,112.3
424320,425454,425456,1134,2,1,600,113.6
424322,425468,425469,1146,1,1,600,114.7
424323,425482,425483,1159,1,1,600,116.0
424325,425496,425498,1171,2,1,600,117.3
424327,425510,425513,1183,3,1,600,118.6
424389,425525,425531,1136,6,1,600,114.2
424394,425557,425560,1163,3,1,600,116.6
424396,425573,425578,1177,5,1,600,118.2
424397,425592,425594,1195,2,1,600,119.7
424399,425607,425631,1208,24,1,600,51.3333333333
424401,425645,425649,1244,4,1,600,124.8
424403,425661,425668,1258,7,1,600,126.5
424405,425680,425681,1275,1,1,600,127.6
424467,425694,425696,1227,2,1,600,122.9
424470,425709,425735,1239,26,1,600,48.6538461538
424472,425749,425758,1277,9,1,600,128.6
424474,425770,425771,1296,1,1,600,129.7
424476,425783,425786,1307,3,1,600,131.0
424478,425799,425803,1321,4,1,600,132.5
424482,425829,425868,1347,39,1,600,35.5384615385
424544,425880,425881,1336,1,1,600,133.7
424547,425894,425896,1347,2,1,600,134.9
424549,425908,425912,1359,4,1,600,136.3
424550,425925,425929,1375,4,1,600,137.9
424552,425942,425943,1390,1,1,600,139.1
424554,425956,425958,1402,2,1,600,140.4
424556,425971,425981,1415,10,1,600,142.5
424558,425994,426001,1436,7,1,600,144.3
424560,426014,426019,1454,5,1,600,145.9
424622,426032,426039,1410,7,1,600,141.7
424624,426052,426060,1428,8,1,600,143.6
424628,426086,426089,1458,3,1,600,146.1
424634,426129,426132,1495,3,1,600,149.8
424636,426145,426147,1509,2,1,600,151.1
424698,426160,426163,1462,3,1,600,146.5
424700,426176,426178,1476,2,1,600,147.8
424703,426190,426193,1487,3,1,600,149.0
424704,426206,426209,1502,3,1,600,150.5
424706,426222,426229,1516,7,1,600,152.3
424707,425026,429658,319,4632,5,14400,1.06886873921
424713,426269,426271,1556,2,1,600,155.8
424715,426285,426287,1570,2,1,600,157.2
424777,426300,426302,1523,2,1,600,152.5
424779,426314,426354,1535,40,1,600,39.375
424780,426367,426369,1587,2,1,600,158.9
424782,426383,426385,1601,2,1,600,160.3
424784,426397,426398,1613,1,1,600,161.4
424786,426410,426413,1624,3,1,600,162.7
424788,426425,426428,1637,3,1,600,164.0
424850,426441,426444,1591,3,1,600,159.4
424852,426457,426463,1605,6,1,600,161.1
424854,426476,426478,1622,2,1,600,162.4
424856,426491,426494,1635,3,1,600,163.8
424918,426507,426511,1589,4,1,600,159.3
424921,426524,426538,1603,14,1,600,115.5
424925,426566,426572,1641,6,1,600,164.7
424928,426584,426592,1656,8,1,600,166.4
424930,426605,426607,1675,2,1,600,167.7
424992,426621,426648,1629,27,1,600,61.3333333333
424994,426661,426664,1667,3,1,600,167.0
424997,426677,426679,1680,2,1,600,168.2
425000,426692,426700,1692,8,1,600,170.0
425002,426712,426731,1710,19,1,600,91.0
425005,426744,426745,1739,1,1,600,174.0
425007,426758,426763,1751,5,1,600,175.6
425009,426776,426778,1767,2,1,600,176.9
425011,426791,426803,1780,12,1,600,149.333333333
425027,426807,431748,1780,4941,5,14400,1.36025096134
425073,426813,426820,1740,7,1,600,174.7
425075,426820,426823,1745,3,1,600,174.8
425077,426834,426844,1757,10,1,600,176.7
425080,426841,426844,1761,3,1,600,176.4
425082,426857,426862,1775,5,1,600,178.0
425144,426863,426866,1719,3,1,600,172.2
425146,426876,426877,1730,1,1,600,173.1
425148,426884,426890,1736,6,1,600,174.2
425150,426892,426893,1742,1,1,600,174.3
425152,426903,426904,1751,1,1,600,175.2
425216,426919,426920,1703,1,1,600,170.4
425218,426927,426929,1709,2,1,600,171.1
425221,426935,426997,1714,62,1,600,28.6451612903
425285,426956,426961,1671,5,1,600,167.6
425287,426974,426975,1687,1,1,600,168.8
425289,426988,426989,1699,1,1,600,170.0
425351,427003,427006,1652,3,1,600,165.5
425353,427011,427013,1658,2,1,600,166.0
425415,427019,427023,1604,4,1,600,160.8
425417,427027,427033,1610,6,1,600,161.6
425420,427036,427039,1616,3,1,600,161.9
425422,427047,427056,1625,9,1,600,163.4
425424,427055,427057,1631,2,1,600,163.3
425486,427070,427071,1584,1,1,600,158.5
425488,427077,427082,1589,5,1,600,159.4
425489,427085,427090,1596,5,1,600,160.1
425491,427096,427099,1605,3,1,600,160.8
425556,427112,427114,1556,2,1,600,155.8
425558,427120,427125,1562,5,1,600,156.7
425560,427128,427129,1568,1,1,600,156.9
425562,427138,427141,1576,3,1,600,157.9
425624,427146,427153,1522,7,1,600,152.9
425626,427154,427157,1528,3,1,600,153.1
425628,427172,427174,1544,2,1,600,154.6
425690,427178,427184,1488,6,1,600,149.4
425692,427187,427190,1495,3,1,600,149.8
425694,427204,427236,1510,32,1,600,48.1875
425696,427211,427214,1515,3,1,600,151.8
425758,427227,427231,1469,4,1,600,147.3
425760,427244,427247,1484,3,1,600,148.7
425822,427252,427286,1430,34,1,600,43.0588235294
425825,427261,427263,1436,2,1,600,143.8
425827,427276,427282,1449,6,1,600,145.5
425829,427296,427298,1467,2,1,600,146.9
425831,427304,427309,1473,5,1,600,147.8
425893,427312,427316,1419,4,1,600,142.3
425895,427323,427325,1428,2,1,600,143.0
425957,427331,427342,1374,11,1,600,125.909090909
425959,427339,427374,1380,35,1,600,40.4285714286
425961,427355,427372,1394,17,1,600,83.0
425963,427394,427399,1431,5,1,600,143.6
425965,427412,427413,1447,1,1,600,144.8
426027,427426,427432,1399,6,1,600,140.5
426029,427446,427450,1417,4,1,600,142.1
426031,427463,427466,1432,3,1,600,143.5
426094,427479,427481,1385,2,1,600,138.7
426096,427831,427833,1735,2,1,600,173.7
426098,427838,427840,1740,2,1,600,174.2
426101,427852,427884,1751,32,1,600,55.71875
426163,427861,427862,1698,1,1,600,169.9
426165,427877,427879,1712,2,1,600,171.4
426167,427894,427897,1727,3,1,600,173.0
426169,427902,427906,1733,4,1,600,173.7
426171,427910,427911,1739,1,1,600,174.0
426235,427927,427936,1692,9,1,600,170.1
426240,427955,427958,1715,3,1,600,171.8
426302,427962,427995,1660,33,1,600,51.303030303
426304,427978,427985,1674,7,1,600,168.1
426306,427999,428004,1693,5,1,600,169.8
426307,428008,428026,1701,18,1,600,95.5
426310,428024,428027,1714,3,1,600,171.7
426372,428039,428040,1667,1,1,600,166.8
426436,428062,428084,1626,22,1,600,74.9090909091
426440,428084,428090,1644,6,1,600,165.0
426442,428097,428098,1655,1,1,600,165.6
426504,428105,428108,1601,3,1,600,160.4
426506,428113,428116,1607,3,1,600,161.0
426508,428121,428124,1613,3,1,600,161.6
426510,428129,428134,1619,5,1,600,162.4
426572,428137,428143,1565,6,1,600,157.1
426574,428147,428148,1573,1,1,600,157.4
426578,428164,428168,1586,4,1,600,159.0
426640,428172,428175,1532,3,1,600,153.5
426643,428182,428224,1539,42,1,600,37.6428571429
426705,428190,428195,1485,5,1,600,149.0
426706,428209,428210,1503,1,1,600,150.4
426708,428223,428226,1515,3,1,600,151.8
426710,428237,428245,1527,8,1,600,153.5
426772,428244,428247,1472,3,1,600,147.5
426774,428258,428302,1484,44,1,600,34.7272727273
426777,428267,428269,1490,2,1,600,149.2
426804,427163,431137,359,3974,5,14400,1.09033719175
426841,428299,428302,1458,3,1,600,146.1
426843,428315,428318,1472,3,1,600,147.5
426845,428322,428326,1477,4,1,600,148.1
426909,428338,428344,1429,6,1,600,143.5
426915,428357,428360,1442,3,1,600,144.5
426917,428365,428369,1448,4,1,600,145.2
426919,428373,428379,1454,6,1,600,146.0
426922,428382,428385,1460,3,1,600,146.3
426924,428392,428400,1468,8,1,600,147.6
426926,428400,428403,1474,3,1,600,147.7
426928,428413,428418,1485,5,1,600,149.0
426991,428421,428424,1430,3,1,600,143.3
426993,428431,428435,1438,4,1,600,144.2
426995,428440,428448,1445,8,1,600,145.3
426999,428448,428450,1449,2,1,600,145.1
427001,428461,428462,1460,1,1,600,146.1
427063,428470,428476,1407,6,1,600,141.3
427065,428478,428480,1413,2,1,600,141.5
427068,428489,428492,1421,3,1,600,142.4
427070,428497,428503,1427,6,1,600,143.3
427073,428505,428510,1432,5,1,600,143.7
427075,428516,428521,1441,5,1,600,144.6
427077,428524,428530,1447,6,1,600,145.3
427081,428534,428562,1453,28,1,600,52.8928571429
427083,428547,428549,1464,2,1,600,146.6
427145,428565,428573,1420,8,1,600,142.8
427147,428575,428578,1428,3,1,600,143.1
427150,428586,428587,1436,1,1,600,143.7
427152,428594,428599,1442,5,1,600,144.7
427154,428602,428608,1448,6,1,600,145.4
427156,428612,428614,1456,2,1,600,145.8
427159,428622,428627,1463,5,1,600,146.8
427161,428630,428632,1469,2,1,600,147.1
427163,428640,428642,1477,2,1,600,147.9
427165,428649,428652,1484,3,1,600,148.7
427165,427195,431230,30,4035,5,14400,1.00743494424
427197,427385,432148,188,4763,5,14400,1.03947092169
427227,428657,428659,1430,2,1,600,143.2
427230,428664,428666,1434,2,1,600,143.6
427232,428673,428674,1441,1,1,600,144.2
427234,428681,428682,1447,1,1,600,144.8
427296,428689,428697,1393,8,1,600,140.1
427300,428697,428706,1397,9,1,600,140.6
427302,428710,428717,1408,7,1,600,141.5
427303,428720,428721,1417,1,1,600,141.8
427306,428730,428733,1424,3,1,600,142.7
427308,428738,428741,1430,3,1,600,143.3
427310,428746,428748,1436,2,1,600,143.8
427372,428755,428760,1383,5,1,600,138.8
427374,428763,428766,1389,3,1,600,139.2
427376,428773,428774,1397,1,1,600,139.8
427378,428781,428782,1403,1,1,600,140.4
427381,428789,428831,1408,42,1,600,34.5238095238
427383,427488,431409,105,3921,5,14400,1.02677888294
427384,428798,428827,1414,29,1,600,49.7586206897
427446,428840,428843,1394,3,1,600,139.7
427448,428848,428853,1400,5,1,600,140.5
427450,428856,428864,1406,8,1,600,141.4
427487,427496,431357,9,3861,5,14400,1.00233100233
427499,427595,432336,96,4741,5,14400,1.02024889264
427512,428866,428869,1354,3,1,600,135.7
427514,428877,428880,1363,3,1,600,136.6
427516,428885,428888,1369,3,1,600,137.2
427592,427720,432161,128,4441,5,14400,1.02882233731
427677,605940,610336,178263,4396,25,10799,41.5511828935
427717,427778,432383,61,4605,5,14400,1.01324647123
427780,427795,432012,15,4217,5,14400,1.00355703106
427792,427823,432277,31,4454,5,14400,1.00696003592
427824,427846,431888,22,4042,5,14400,1.00544285007
427846,427869,432122,23,4253,5,14400,1.00540794733
427868,427886,432215,18,4329,5,14400,1.00415800416
427878,428894,428896,1016,2,1,600,101.8
427882,428902,428908,1020,6,1,600,102.6
427884,428910,428916,1026,6,1,600,103.2
427886,428922,428930,1036,8,1,600,104.4
427890,427947,432513,57,4566,5,14400,1.01248357424
427949,428930,428931,981,1,1,600,98.2
427951,428943,428946,992,3,1,600,99.5
427953,427970,431907,17,3937,5,14400,1.00431800864
427953,428951,428952,998,1,1,600,99.9
427955,428959,428962,1004,3,1,600,100.7
427958,428967,428986,1009,19,1,600,54.1052631579
427960,428976,428979,1016,3,1,600,101.9
427962,428992,428996,1030,4,1,600,103.4
427975,428016,432416,41,4400,5,14400,1.00931818182
428018,428047,432116,29,4069,5,14400,1.00712705825
428024,429000,429005,976,5,1,600,98.1
428026,429009,429012,983,3,1,600,98.6
428028,429018,429033,990,15,1,600,67.0
428030,429026,429039,996,13,1,600,77.6153846154
428032,429046,429047,1014,1,1,600,101.5
428035,429055,429058,1020,3,1,600,102.3
428050,428291,432911,241,4620,5,14400,1.05216450216
428097,429063,429066,966,3,1,600,96.9
428101,429071,429074,970,3,1,600,97.3
428103,429079,429085,976,6,1,600,98.2
428105,429087,429093,982,6,1,600,98.8
428108,429105,429107,997,2,1,600,99.9
428110,429113,429131,1003,18,1,600,56.7222222222
428173,429121,429123,948,2,1,600,95.0
428175,429136,429137,961,1,1,600,96.2
428180,429152,429153,972,1,1,600,97.3
428182,429160,429166,978,6,1,600,98.4
428184,429168,429171,984,3,1,600,98.7
428186,429180,429189,994,9,1,600,100.3
428188,429188,429190,1000,2,1,600,100.2
428190,429202,429210,1012,8,1,600,102.0
428252,429210,429214,958,4,1,600,96.2
428254,429223,429226,969,3,1,600,97.2
428256,429231,429234,975,3,1,600,97.8
428258,429239,429242,981,3,1,600,98.4
428260,429247,429249,987,2,1,600,98.9
428262,429255,429257,993,2,1,600,99.5
428297,429459,434360,1162,4901,5,14400,1.23709447052
428324,429263,429266,939,3,1,600,94.2
428327,429271,429278,944,7,1,600,95.1
428329,429279,429282,950,3,1,600,95.3
428331,429291,429294,960,3,1,600,96.3
428334,429299,429305,965,6,1,600,97.1
428336,429308,429314,972,6,1,600,97.8
428338,429318,429319,980,1,1,600,98.1
428401,429327,429330,926,3,1,600,92.9
428403,429335,429337,932,2,1,600,93.4
428409,429351,429357,942,6,1,600,94.8
428412,429359,429361,947,2,1,600,94.9
428414,429371,429372,957,1,1,600,95.8
428417,429379,429390,962,11,1,600,88.4545454545
428420,429387,429422,967,35,1,600,28.6285714286
428482,429403,429405,921,2,1,600,92.3
428485,429418,429422,933,4,1,600,93.7
428487,429435,429436,948,1,1,600,94.9
428489,429442,429449,953,7,1,600,96.0
428493,429450,429451,957,1,1,600,95.8
428495,429467,429470,972,3,1,600,97.5
428497,429474,429477,977,3,1,600,98.0
428501,429483,429484,982,1,1,600,98.3
428503,429491,429492,988,1,1,600,98.9
428565,429499,429501,934,2,1,600,93.6
428567,429507,429511,940,4,1,600,94.4
428571,429515,429516,944,1,1,600,94.5
428573,429524,429533,951,9,1,600,96.0
428575,429532,429540,957,8,1,600,96.5
428577,429546,429549,969,3,1,600,97.2
428579,429555,429559,976,4,1,600,98.0
428642,429563,429567,921,4,1,600,92.5
428645,429573,429575,928,2,1,600,93.0
428647,429581,429588,934,7,1,600,94.1
428649,429589,429597,940,8,1,600,94.8
428653,429601,429605,948,4,1,600,95.2
428655,429610,429612,955,2,1,600,95.7
428657,429618,429620,961,2,1,600,96.3
428660,429626,429628,966,2,1,600,96.8
428726,429642,429649,916,7,1,600,92.3
428728,429650,429653,922,3,1,600,92.5
428730,429662,429664,932,2,1,600,93.4
428734,429670,429671,936,1,1,600,93.7
428736,429685,429687,949,2,1,600,95.1
428738,429693,429731,955,38,1,600,26.1315789474
428742,429701,429704,959,3,1,600,96.2
428744,429717,429735,973,18,1,600,55.0555555556
428746,429744,429753,998,9,1,600,100.7
428748,429752,429814,1004,62,1,600,17.1935483871
428810,429766,429778,956,12,1,600,80.6666666667
428813,429791,429798,978,7,1,600,98.5
428815,429811,429813,996,2,1,600,99.8
428817,429827,429836,1010,9,1,600,101.9
428819,429834,429841,1015,7,1,600,102.2
428881,429849,429857,968,8,1,600,97.6
428884,429857,429862,973,5,1,600,97.8
428890,429878,429886,988,8,1,600,99.6
428892,429886,429888,994,2,1,600,99.6
428894,429899,429901,1005,2,1,600,100.7
428898,429907,429910,1009,3,1,600,101.2
428900,429915,429922,1015,7,1,600,102.2
428963,429923,429926,960,3,1,600,96.3
428965,429935,429940,970,5,1,600,97.5
428967,429944,429945,977,1,1,600,97.8
428969,429954,429991,985,37,1,600,27.6216216216
428972,429962,429965,990,3,1,600,99.3
428974,429978,429985,1004,7,1,600,101.1
428976,429998,430001,1022,3,1,600,102.5
428978,430006,430009,1028,3,1,600,103.1
429042,430014,430022,972,8,1,600,98.0
429045,430022,430024,977,2,1,600,97.9
429047,430035,430038,988,3,1,600,99.1
429051,430043,430045,992,2,1,600,99.4
429053,430052,430057,999,5,1,600,100.4
429055,430060,430063,1005,3,1,600,100.8
429059,430070,430073,1011,3,1,600,101.4
429061,430079,430081,1018,2,1,600,102.0
429124,430087,430090,963,3,1,600,96.6
429126,430095,430097,969,2,1,600,97.1
429128,430102,430105,974,3,1,600,97.7
429132,430110,430113,978,3,1,600,98.1
429134,430118,430122,984,4,1,600,98.8
429136,430127,430129,991,2,1,600,99.3
429140,430136,430139,996,3,1,600,99.9
429142,430144,430150,1002,6,1,600,100.8
429144,430152,430161,1008,9,1,600,101.7
429207,430164,430167,957,3,1,600,96.0
429209,430174,430177,965,3,1,600,96.8
429211,430182,430183,971,1,1,600,97.2
429213,430191,430196,978,5,1,600,98.3
429215,430199,430206,984,7,1,600,99.1
429221,430220,430224,999,4,1,600,100.3
429223,430229,430231,1006,2,1,600,100.8
429287,430238,430262,951,24,1,600,40.625
429289,430247,430249,958,2,1,600,96.0
429291,430263,430265,972,2,1,600,97.4
429295,430277,430287,982,10,1,600,99.2
429297,430285,430291,988,6,1,600,99.4
429299,430300,430304,1001,4,1,600,100.5
429301,430309,430312,1008,3,1,600,101.1
429304,430317,430319,1013,2,1,600,101.5
429306,430327,430332,1021,5,1,600,102.6
429368,430335,430336,967,1,1,600,96.8
429370,430345,430348,975,3,1,600,97.8
429373,430354,430357,981,3,1,600,98.4
429375,430362,430370,987,8,1,600,99.5
429377,430372,430376,995,4,1,600,99.9
429380,430383,430386,1003,3,1,600,100.6
429383,430392,430394,1009,2,1,600,101.1
429385,430400,430402,1015,2,1,600,101.7
429388,430408,430411,1020,3,1,600,102.3
429450,430416,430448,966,32,1,600,31.1875
429452,430424,430443,972,19,1,600,52.1578947368
429455,430456,430459,1001,3,1,600,100.4
429457,430464,430469,1007,5,1,600,101.2
429459,429678,434362,219,4684,5,14400,1.04675491033
429460,430472,430499,1012,27,1,600,38.4814814815
429463,430483,430489,1020,6,1,600,102.6
429528,430513,430516,985,3,1,600,98.8
429531,430521,430523,990,2,1,600,99.2
429533,430529,430540,996,11,1,600,91.5454545455
429535,430538,430541,1003,3,1,600,100.6
429537,430554,430556,1017,2,1,600,101.9
429539,430563,430569,1024,6,1,600,103.0
429542,430572,430575,1030,3,1,600,103.3
429545,430583,430586,1038,3,1,600,104.1
429547,430592,430600,1045,8,1,600,105.3
429609,430600,430609,991,9,1,600,100.0
429611,430613,430618,1002,5,1,600,100.7
429614,430622,430629,1008,7,1,600,101.5
429616,430632,430633,1016,1,1,600,101.7
429618,430642,430643,1024,1,1,600,102.5
429622,430650,430653,1028,3,1,600,103.1
429624,430658,430659,1034,1,1,600,103.5
429626,430666,430669,1040,3,1,600,104.3
429676,431154,435718,1478,4564,5,14400,1.32383873795
429692,430684,430686,992,2,1,600,99.4
429694,430693,430697,999,4,1,600,100.3
429697,430701,430702,1004,1,1,600,100.5
429699,430710,430712,1011,2,1,600,101.3
429701,430718,430722,1017,4,1,600,102.1
429704,430726,430727,1022,1,1,600,102.3
429706,430735,430737,1029,2,1,600,103.1
429768,430744,430746,976,2,1,600,97.8
429770,430752,430759,982,7,1,600,98.9
429772,430760,430763,988,3,1,600,99.1
429837,430781,430785,944,4,1,600,94.8
429839,430789,430791,950,2,1,600,95.2
429841,430799,430802,958,3,1,600,96.1
429845,430808,430810,963,2,1,600,96.5
429847,430816,430819,969,3,1,600,97.2
429850,430824,430827,974,3,1,600,97.7
429912,430833,430840,921,7,1,600,92.8
429914,430841,430846,927,5,1,600,93.2
429917,430853,430856,936,3,1,600,93.9
429919,430861,430867,942,6,1,600,94.8
429922,430869,430898,947,29,1,600,33.6551724138
429924,430880,430881,956,1,1,600,95.7
429926,430894,430897,968,3,1,600,97.1
429928,430910,430911,982,1,1,600,98.3
429991,430918,430919,927,1,1,600,92.8
429994,430927,430931,933,4,1,600,93.7
429996,430935,430937,939,2,1,600,94.1
429998,430945,430996,947,51,1,600,19.568627451
430002,430954,430956,952,2,1,600,95.4
430004,430970,430975,966,5,1,600,97.1
430066,430988,430989,922,1,1,600,92.3
430069,431002,431005,933,3,1,600,93.6
430071,431010,431034,939,24,1,600,40.125
430074,431018,431019,944,1,1,600,94.5
430077,431032,431041,955,9,1,600,96.4
430079,431047,431054,968,7,1,600,97.5
430083,431057,431060,974,3,1,600,97.7
430085,431068,431070,983,2,1,600,98.5
430087,431076,431079,989,3,1,600,99.2
430091,431084,431087,993,3,1,600,99.6
430153,431092,431097,939,5,1,600,94.4
430155,431101,431102,946,1,1,600,94.7
430157,431111,431114,954,3,1,600,95.7
430160,431121,431123,961,2,1,600,96.3
430162,431130,431131,968,1,1,600,96.9
430164,431138,431144,974,6,1,600,98.0
430166,431146,431152,980,6,1,600,98.6
430170,431163,431169,993,6,1,600,99.9
430172,431171,431176,999,5,1,600,100.4
430174,431182,431185,1008,3,1,600,101.1
430237,431190,431225,953,35,1,600,28.2285714286
430240,431199,431201,959,2,1,600,96.1
430245,431229,431241,984,12,1,600,83.0
430248,431238,431240,990,2,1,600,99.2
430250,431254,431261,1004,7,1,600,101.1
430253,431262,431264,1009,2,1,600,101.1
430315,431274,431276,959,2,1,600,96.1
430317,431282,431284,965,2,1,600,96.7
430319,431291,431296,972,5,1,600,97.7
430323,431300,431302,977,2,1,600,97.9
430325,431311,431313,986,2,1,600,98.8
430327,431319,431320,992,1,1,600,99.3
430331,431327,431331,996,4,1,600,100.0
430334,431336,431339,1002,3,1,600,100.5
430396,431346,431347,950,1,1,600,95.1
430399,431354,431362,955,8,1,600,96.3
430401,431362,431363,961,1,1,600,96.2
430404,431380,431384,976,4,1,600,98.0
430406,431388,431390,982,2,1,600,98.4
430409,431398,431400,989,2,1,600,99.1
430412,431406,431407,994,1,1,600,99.5
430414,431414,431417,1000,3,1,600,100.3
430416,431429,431430,1013,1,1,600,101.4
430420,431438,431445,1018,7,1,600,102.5
430483,431447,431452,964,5,1,600,96.9
430485,431458,431461,973,3,1,600,97.6
430487,431466,431467,979,1,1,600,98.0
430490,431475,431477,985,2,1,600,98.7
430552,431483,431488,931,5,1,600,93.6
430555,431491,431497,936,6,1,600,94.2
430559,431501,431527,942,26,1,600,37.2307692308
430561,431510,431515,949,5,1,600,95.4
430564,431528,431531,964,3,1,600,96.7
430568,431541,431544,973,3,1,600,97.6
430570,431549,431555,979,6,1,600,98.5
430573,431558,431561,985,3,1,600,98.8
430635,431568,431574,933,6,1,600,93.9
430638,431576,431578,938,2,1,600,94.0
430640,431587,431599,947,12,1,600,79.9166666667
430643,431595,431598,952,3,1,600,95.5
430646,431612,431614,966,2,1,600,96.8
430648,431619,431622,971,3,1,600,97.4
430651,431628,431632,977,4,1,600,98.1
430654,431636,431660,982,24,1,600,41.9166666667
430657,431646,431648,989,2,1,600,99.1
430719,431661,431662,942,1,1,600,94.3
430722,431674,431686,952,12,1,600,80.3333333333
430725,431682,431689,957,7,1,600,96.4
430727,431699,431700,972,1,1,600,97.3
430731,431707,431713,976,6,1,600,98.2
430734,431716,431717,982,1,1,600,98.3
430736,431726,431729,990,3,1,600,99.3
430740,431734,431743,994,9,1,600,100.3
430742,431742,431743,1000,1,1,600,100.1
430744,431757,431760,1013,3,1,600,101.6
430748,431764,431768,1016,4,1,600,102.0
430812,431780,431781,968,1,1,600,96.9
430814,431788,431790,974,2,1,600,97.6
430817,431796,431803,979,7,1,600,98.6
430820,431805,431807,985,2,1,600,98.7
430825,431825,431827,1000,2,1,600,100.2
430829,431834,431837,1005,3,1,600,100.8
430831,431842,431845,1011,3,1,600,101.4
430833,431850,431853,1017,3,1,600,102.0
430838,431859,431864,1021,5,1,600,102.6
430900,431867,431868,967,1,1,600,96.8
430902,431877,431887,975,10,1,600,98.5
430906,431885,431893,979,8,1,600,98.7
430908,431900,431903,992,3,1,600,99.5
430911,431915,431918,1004,3,1,600,100.7
430914,431930,431948,1016,18,1,600,57.4444444444
430917,431939,431949,1022,10,1,600,103.2
430981,431970,431976,989,6,1,600,99.5
430984,431979,431981,995,2,1,600,99.7
430986,431989,431996,1003,7,1,600,101.0
430989,431997,432007,1008,10,1,600,101.8
430991,432009,432015,1018,6,1,600,102.4
431053,432021,432034,968,13,1,600,75.4615384615
431055,432038,432041,983,3,1,600,98.6
431058,432048,432054,990,6,1,600,99.6
431060,432056,432063,996,7,1,600,100.3
431064,432067,432071,1003,4,1,600,100.7
431066,432077,432080,1011,3,1,600,101.4
431068,432086,432094,1018,8,1,600,102.6
431072,432095,432136,1023,41,1,600,25.9512195122
431134,432107,432109,973,2,1,600,97.5
431137,432122,432127,985,5,1,600,99.0
431139,432140,432143,1001,3,1,600,100.4
431142,432156,432158,1014,2,1,600,101.6
431144,432172,432178,1028,6,1,600,103.4
431146,432188,432190,1042,2,1,600,104.4
431150,432196,432203,1046,7,1,600,105.3
431153,432205,432256,1052,51,1,600,21.6274509804
431155,432216,432220,1061,4,1,600,106.5
431156,431246,435252,90,4006,5,14400,1.02246630055
431218,432238,432244,1020,6,1,600,102.6
431220,432258,432259,1038,1,1,600,103.9
431222,432269,432272,1047,3,1,600,105.0
431228,432286,432292,1058,6,1,600,106.4
431230,432302,432310,1072,8,1,600,108.0
431234,432310,432311,1076,1,1,600,107.7
431251,431371,435380,120,4009,5,14400,1.02993265153
431296,432323,432335,1027,12,1,600,86.5833333333
431299,432331,432333,1032,2,1,600,103.4
431301,432347,432354,1046,7,1,600,105.3
431303,432363,432365,1060,2,1,600,106.2
431307,432371,432375,1064,4,1,600,106.8
431309,432381,432387,1072,6,1,600,107.8
431312,432389,432391,1077,2,1,600,107.9
431315,432407,432412,1092,5,1,600,109.7
431377,432414,432415,1037,1,1,600,103.8
431377,431422,435995,45,4573,5,14400,1.00984036737
431380,432426,432431,1046,5,1,600,105.1
431384,432442,432449,1058,7,1,600,106.5
431386,432450,432453,1064,3,1,600,106.7
431388,432462,432465,1074,3,1,600,107.7
431391,432470,432502,1079,32,1,600,34.71875
431394,432478,432480,1084,2,1,600,108.6
431397,432493,432496,1096,3,1,600,109.9
431399,432509,432512,1110,3,1,600,111.3
431419,431772,436251,353,4479,5,14400,1.07881223487
431462,432517,432521,1055,4,1,600,105.9
431465,432526,432528,1061,2,1,600,106.3
431467,432541,432546,1074,5,1,600,107.9
431471,432549,432551,1078,2,1,600,108.0
431473,432561,432563,1088,2,1,600,109.0
431476,432569,432575,1093,6,1,600,109.9
431479,432577,432580,1098,3,1,600,110.1
431482,432589,432615,1107,26,1,600,43.5769230769
431484,432597,432600,1113,3,1,600,111.6
431546,432613,432615,1067,2,1,600,106.9
431549,432629,432631,1080,2,1,600,108.2
431551,432635,432638,1084,3,1,600,108.7
431555,432645,432651,1090,6,1,600,109.6
431557,432653,432654,1096,1,1,600,109.7
431559,432664,432673,1105,9,1,600,111.4
431621,432672,432679,1051,7,1,600,105.8
431626,432696,432697,1070,1,1,600,107.1
431628,432704,432707,1076,3,1,600,107.9
431632,432712,432713,1080,1,1,600,108.1
431634,432721,432729,1087,8,1,600,109.5
431637,432730,432732,1093,2,1,600,109.5
431639,432742,432744,1103,2,1,600,110.5
431642,432750,432754,1108,4,1,600,111.2
431704,432759,432762,1055,3,1,600,105.8
431706,432767,432791,1061,24,1,600,45.2083333333
431709,432775,432778,1066,3,1,600,106.9
431712,432791,432794,1079,3,1,600,108.2
431715,432804,432805,1089,1,1,600,109.0
431717,432812,432813,1095,1,1,600,109.6
431719,432821,432822,1102,1,1,600,110.3
431770,431908,435929,138,4021,5,14400,1.03431982094
431782,432829,432833,1047,4,1,600,105.1
431784,432838,432848,1054,10,1,600,106.4
431787,432847,432852,1060,5,1,600,106.5
431789,432862,432867,1073,5,1,600,107.8
431792,432870,432878,1078,8,1,600,108.6
431795,432880,432882,1085,2,1,600,108.7
431797,432891,432894,1094,3,1,600,109.7
431801,432900,432904,1099,4,1,600,110.3
431863,432908,432912,1045,4,1,600,104.9
431865,432918,432925,1053,7,1,600,106.0
431868,432934,432936,1066,2,1,600,106.8
431870,432942,432948,1072,6,1,600,107.8
431873,432950,432953,1077,3,1,600,108.0
431878,432971,432974,1093,3,1,600,109.6
431881,432979,432998,1098,19,1,600,58.7894736842
431883,432988,432990,1105,2,1,600,110.7
431915,431924,436056,9,4132,5,14400,1.00217812197
431927,432030,435928,103,3898,5,14400,1.02642380708
431945,433003,433006,1058,3,1,600,106.1
431948,433011,433013,1063,2,1,600,106.5
431950,433019,433040,1069,21,1,600,51.9047619048
431952,433027,433030,1075,3,1,600,107.8
431955,433043,433046,1088,3,1,600,109.1
431958,433054,433072,1096,18,1,600,61.8888888889
432020,433062,433070,1042,8,1,600,105.0
432022,433083,433084,1061,1,1,600,106.2
432026,433092,433095,1066,3,1,600,106.9
432028,433101,433102,1073,1,1,600,107.4
432031,433109,433110,1078,1,1,600,107.9
432031,432132,435931,101,3799,5,14400,1.02658594367
432034,433118,433124,1084,6,1,600,109.0
432097,433126,433155,1029,29,1,600,36.4827586207
432103,433152,433154,1049,2,1,600,105.1
432106,433167,433203,1061,36,1,600,30.4722222222
432108,433176,433180,1068,4,1,600,107.2
432110,433193,433195,1083,2,1,600,108.5
432113,433210,433213,1097,3,1,600,110.0
432136,432149,436284,13,4135,5,14400,1.00314389359
432148,432165,436610,17,4445,5,14400,1.00382452193
432170,432181,437183,11,5002,5,14400,1.00219912035
432177,433218,433220,1041,2,1,600,104.3
432179,433226,433227,1047,1,1,600,104.8
432181,433235,433277,1054,42,1,600,26.0952380952
432184,432229,436147,45,3918,5,14400,1.01148545176
432184,433243,433244,1059,1,1,600,106.0
432186,433257,433264,1071,7,1,600,107.8
432189,433278,433287,1089,9,1,600,109.8
432227,432295,437161,68,4866,5,14400,1.01397451706
432251,433291,433293,1040,2,1,600,104.2
432254,433301,433302,1047,1,1,600,104.8
432257,433309,433317,1052,8,1,600,106.0
432259,433318,433328,1059,10,1,600,106.9
432300,432355,437195,55,4840,5,14400,1.01136363636
432321,433331,433334,1010,3,1,600,101.3
432323,433341,433344,1018,3,1,600,102.1
432327,433349,433352,1022,3,1,600,102.5
432330,433358,433360,1028,2,1,600,103.0
432332,433366,433399,1034,33,1,600,32.3333333333
432334,433374,433381,1040,7,1,600,104.7
432336,433394,433400,1058,6,1,600,106.4
432353,432398,436986,45,4588,5,14400,1.00980819529
432395,432435,436383,40,3948,5,14400,1.01013171226
432399,433412,433415,1013,3,1,600,101.6
432405,433429,433449,1024,20,1,600,52.2
432407,433437,433445,1030,8,1,600,103.8
432410,433460,433461,1050,1,1,600,105.1
432412,433469,433474,1057,5,1,600,106.2
432414,433478,433480,1064,2,1,600,106.6
432438,432534,436455,96,3921,5,14400,1.02448355011
432477,433487,433491,1010,4,1,600,101.4
432479,433496,433498,1017,2,1,600,101.9
432481,433504,433505,1023,1,1,600,102.4
432484,433513,433516,1029,3,1,600,103.2
432486,433521,433553,1035,32,1,600,33.34375
432489,433529,433546,1040,17,1,600,62.1764705882
432492,433559,433561,1067,2,1,600,106.9
432532,432927,437373,395,4446,5,14400,1.08884390463
432554,433568,433607,1014,39,1,600,27.0
432557,433577,433581,1020,4,1,600,102.4
432559,433595,433610,1036,15,1,600,70.0666666667
432561,433620,433622,1059,2,1,600,106.1
432565,433629,433632,1064,3,1,600,106.7
432567,433637,433645,1070,8,1,600,107.8
432570,433646,433653,1076,7,1,600,108.3
432573,433658,433681,1085,23,1,600,48.1739130435
432636,433668,433670,1032,2,1,600,103.4
432638,433685,433694,1047,9,1,600,105.6
432641,433694,433698,1053,4,1,600,105.7
432643,433707,433716,1064,9,1,600,107.3
432645,433715,433718,1070,3,1,600,107.3
432649,433729,433731,1080,2,1,600,108.2
432652,433737,433748,1085,11,1,600,99.6363636364
432714,433745,433761,1031,16,1,600,65.4375
432717,433761,433767,1044,6,1,600,105.0
432720,433774,433775,1054,1,1,600,105.5
432722,433782,433787,1060,5,1,600,106.5
432725,433791,433792,1066,1,1,600,106.7
432728,433800,433801,1072,1,1,600,107.3
432732,433818,433821,1086,3,1,600,108.9
432794,433827,433830,1033,3,1,600,103.6
432797,433836,433840,1039,4,1,600,104.3
432802,433853,433860,1051,7,1,600,105.8
432805,433862,433867,1057,5,1,600,106.2
432808,433870,433877,1062,7,1,600,106.9
432811,433878,433885,1067,7,1,600,107.4
432813,433885,433893,1072,8,1,600,108.0
432817,433894,433898,1077,4,1,600,108.1
432819,433902,433926,1083,24,1,600,46.125
432882,433909,433916,1027,7,1,600,103.4
432884,433918,433930,1034,12,1,600,87.1666666667
432890,433934,433937,1044,3,1,600,104.7
432892,433953,433957,1061,4,1,600,106.5
432896,433970,433973,1074,3,1,600,107.7
432899,433987,434012,1088,25,1,600,44.52
432901,434027,434030,1126,3,1,600,112.9
432924,434374,438466,1450,4092,5,14400,1.35434995112
432963,434043,434045,1080,2,1,600,108.2
432967,434060,434063,1093,3,1,600,109.6
432969,434077,434085,1108,8,1,600,111.6
432971,434099,434127,1128,28,1,600,41.2857142857
432976,434141,434142,1165,1,1,600,116.6
432978,434155,434158,1177,3,1,600,118.0
432980,434172,434174,1192,2,1,600,119.4
432984,434187,434190,1203,3,1,600,120.6
433047,434203,434210,1156,7,1,600,116.3
433050,434223,434256,1173,33,1,600,36.5454545455
433052,434269,434274,1217,5,1,600,122.2
433054,434287,434290,1233,3,1,600,123.6
433058,434304,434305,1246,1,1,600,124.7
433061,434318,434321,1257,3,1,600,126.0
433063,434334,434335,1271,1,1,600,127.2
433125,434349,434351,1224,2,1,600,122.6
433128,434364,434366,1236,2,1,600,123.8
433134,434405,434406,1271,1,1,600,127.2
433136,434420,434423,1284,3,1,600,128.7
433138,434437,434439,1299,2,1,600,130.1
433140,434452,434454,1312,2,1,600,131.4
433203,434468,434473,1265,5,1,600,127.0
433206,434486,434489,1280,3,1,600,128.3
433208,434502,434513,1294,11,1,600,118.636363636
433210,434526,434530,1316,4,1,600,132.0
433214,434544,434546,1330,2,1,600,133.2
433279,434574,434586,1295,12,1,600,108.916666667
433281,434601,434603,1320,2,1,600,132.2
433284,434616,434617,1332,1,1,600,133.3
433287,434630,434632,1343,2,1,600,134.5
433289,434647,434649,1358,2,1,600,136.0
433291,434662,434671,1371,9,1,600,138.0
433294,434684,434690,1390,6,1,600,139.6
433358,434718,434734,1360,16,1,600,86.0
433362,434748,434754,1386,6,1,600,139.2
433365,434767,434770,1402,3,1,600,140.5
433367,434784,434786,1417,2,1,600,141.9
433370,434800,434802,1430,2,1,600,143.2
433373,434817,434826,1444,9,1,600,145.3
433375,434839,434844,1464,5,1,600,146.9
433437,434857,434860,1420,3,1,600,142.3
433440,434873,434896,1433,23,1,600,63.3043478261
433442,434910,434914,1468,4,1,600,147.2
433444,434928,434930,1484,2,1,600,148.6
433446,434944,434946,1498,2,1,600,150.0
433509,434960,434962,1451,2,1,600,145.3
433512,434975,434985,1463,10,1,600,147.3
433514,434998,435003,1484,5,1,600,148.9
433517,435016,435020,1499,4,1,600,150.3
433520,435034,435038,1514,4,1,600,151.8
433522,435052,435054,1530,2,1,600,153.2
433526,435068,435074,1542,6,1,600,154.8
433528,435088,435090,1560,2,1,600,156.2
433530,435103,435104,1573,1,1,600,157.4
433592,435116,435118,1524,2,1,600,152.6
433595,435130,435139,1535,9,1,600,154.4
433597,435151,435155,1554,4,1,600,155.8
433599,435167,435171,1568,4,1,600,157.2
433662,435182,435183,1520,1,1,600,152.1
433664,435194,435197,1530,3,1,600,153.3
433666,435209,435211,1543,2,1,600,154.5
433669,435222,435225,1553,3,1,600,155.6
433671,435237,435240,1566,3,1,600,156.9
433673,435254,435256,1581,2,1,600,158.3
433736,435270,435272,1534,2,1,600,153.6
433738,435283,435286,1545,3,1,600,154.8
433741,435297,435299,1556,2,1,600,155.8
433744,435311,435338,1567,27,1,600,59.037037037
433746,435350,435353,1604,3,1,600,160.7
433748,435364,435371,1616,7,1,600,162.3
433750,435382,435384,1632,2,1,600,163.4
433814,435398,435401,1584,3,1,600,158.7
433816,435413,435416,1597,3,1,600,160.0
433819,435428,435433,1609,5,1,600,161.4
433823,435445,435452,1622,7,1,600,162.9
433828,435476,435479,1648,3,1,600,165.1
433832,435490,435493,1658,3,1,600,166.1
433834,435506,435512,1672,6,1,600,167.8
433841,435537,435541,1696,4,1,600,170.0
433905,435553,435555,1648,2,1,600,165.0
433908,435567,435568,1659,1,1,600,166.0
433914,435591,435594,1677,3,1,600,168.0
433917,435606,435614,1689,8,1,600,169.7
433919,435625,435626,1706,1,1,600,170.7
433923,435638,435643,1715,5,1,600,172.0
433927,435666,435670,1739,4,1,600,174.3
433990,435682,435692,1692,10,1,600,170.2
433992,435704,435707,1712,3,1,600,171.5
433995,435719,435724,1724,5,1,600,172.9
433997,435737,435739,1740,2,1,600,174.2
434000,435750,435752,1750,2,1,600,175.2
434002,435765,435772,1763,7,1,600,177.0
434065,435784,435811,1719,27,1,600,64.6666666667
434067,435822,435831,1755,9,1,600,176.4
434069,435842,435843,1773,1,1,600,177.4
434073,435855,435857,1782,2,1,600,178.4
434140,435880,435882,1740,2,1,600,174.2
434203,435893,435898,1690,5,1,600,169.5
434205,435910,435916,1705,6,1,600,171.1
434207,435927,435958,1720,31,1,600,56.4838709677
434210,435972,435989,1762,17,1,600,104.647058824
434272,436001,436003,1729,2,1,600,173.1
434275,436016,436017,1741,1,1,600,174.2
434337,436029,436031,1692,2,1,600,169.4
434339,436043,436046,1704,3,1,600,170.7
434341,436058,436060,1717,2,1,600,171.9
434345,436075,436077,1730,2,1,600,173.2
434347,436089,436090,1742,1,1,600,174.3
434373,434383,438392,10,4009,5,14400,1.00249438763
434386,435264,440186,878,4922,5,14400,1.17838277123
434409,436102,436104,1693,2,1,600,169.5
434412,436117,436119,1705,2,1,600,170.7
434416,436131,436134,1715,3,1,600,171.8
434418,436146,436148,1728,2,1,600,173.0
434483,436166,436170,1683,4,1,600,168.7
434485,436182,436187,1697,5,1,600,170.2
434487,436198,436204,1711,6,1,600,171.7
434490,436216,436223,1726,7,1,600,173.3
434552,436235,436237,1683,2,1,600,168.5
434556,436249,436309,1693,60,1,600,29.2166666667
434558,436320,436324,1762,4,1,600,176.6
434560,436335,436338,1775,3,1,600,177.8
434623,436349,436354,1726,5,1,600,173.1
434626,436366,436373,1740,7,1,600,174.7
434631,436402,436407,1771,5,1,600,177.6
434694,436419,436422,1725,3,1,600,172.8
434696,436434,436459,1738,25,1,600,70.52
434700,436473,436480,1773,7,1,600,178.0
434702,436492,436494,1790,2,1,600,179.2
434764,436506,436512,1742,6,1,600,174.8
434767,436525,436562,1758,37,1,600,48.5135135135
434831,436585,436588,1754,3,1,600,175.7
434835,436599,436601,1764,2,1,600,176.6
434838,436613,436615,1775,2,1,600,177.7
434902,436641,436646,1739,5,1,600,174.4
434905,436658,436664,1753,6,1,600,175.9
434908,436676,436700,1768,24,1,600,74.6666666667
434971,436712,436715,1741,3,1,600,174.4
434974,436727,436733,1753,6,1,600,175.9
434976,436746,436748,1770,2,1,600,177.2
434978,436759,436763,1781,4,1,600,178.5
435041,436774,436775,1733,1,1,600,173.4
435043,436787,436792,1744,5,1,600,174.9
435048,436803,436821,1755,18,1,600,98.5
435050,436832,436837,1782,5,1,600,178.7
435112,436848,436850,1736,2,1,600,173.8
435113,436862,436868,1749,6,1,600,175.5
435114,436879,436886,1765,7,1,600,177.2
435116,436898,436901,1782,3,1,600,178.5
435177,436912,436913,1735,1,1,600,173.6
435178,436924,436927,1746,3,1,600,174.9
435180,436938,436942,1758,4,1,600,176.2
435181,436954,436960,1773,6,1,600,177.9
435242,436971,437006,1729,35,1,600,50.4
435244,437018,437019,1774,1,1,600,177.5
435245,437030,437038,1785,8,1,600,179.3
435246,437049,437051,1803,2,1,600,180.5
435248,437064,437069,1816,5,1,600,182.1
435269,435392,440084,123,4692,5,14400,1.02621483376
435309,437080,437081,1771,1,1,600,177.2
435310,437092,437123,1782,31,1,600,58.4838709677
435312,437135,437137,1823,2,1,600,182.5
435313,437149,437150,1836,1,1,600,183.7
435374,437162,437164,1788,2,1,600,179.0
435376,437179,437180,1803,1,1,600,180.4
435377,437191,437195,1814,4,1,600,181.8
435393,435730,439973,337,4243,5,14400,1.07942493519
435439,437211,437214,1772,3,1,600,177.5
435440,437225,437234,1785,9,1,600,179.4
435443,437258,437266,1815,8,1,600,182.3
435504,437278,437281,1774,3,1,600,177.7
435506,437292,437302,1786,10,1,600,179.6
435507,437313,437318,1806,5,1,600,181.1
435508,437329,437354,1821,25,1,600,73.84
435570,437365,437368,1795,3,1,600,179.8
435571,437379,437414,1808,35,1,600,52.6571428571
435574,437438,437440,1864,2,1,600,186.6
435575,437452,437454,1877,2,1,600,187.9
435636,437465,437466,1829,1,1,600,183.0
435639,437490,437493,1851,3,1,600,185.4
435641,437505,437512,1864,7,1,600,187.1
435702,437524,437526,1822,2,1,600,182.4
435703,437539,437541,1836,2,1,600,183.8
435705,437552,437553,1847,1,1,600,184.8
435706,437564,437565,1858,1,1,600,185.9
435732,435940,439845,208,3905,5,14400,1.05326504481
435767,437576,437578,1809,2,1,600,181.1
435769,437590,437594,1821,4,1,600,182.5
435770,437607,437611,1837,4,1,600,184.1
435771,437622,437658,1851,36,1,600,52.4166666667
435833,437670,437675,1837,5,1,600,184.2
435834,437688,437690,1854,2,1,600,185.6
435895,437702,437705,1807,3,1,600,181.0
435897,437716,437717,1819,1,1,600,182.0
435898,437728,437749,1830,21,1,600,88.1428571429
435899,437762,437794,1863,32,1,600,59.21875
435901,437805,437821,1904,16,1,600,120.0
435938,435946,440243,8,4297,5,14400,1.00186176402
435949,435955,440834,6,4879,5,14400,1.0012297602
435960,436007,441220,47,5213,5,14400,1.00901592173
435962,437832,437834,1870,2,1,600,187.2
435963,437846,437848,1883,2,1,600,188.5
436011,436067,440671,56,4604,5,14400,1.01216333623
436026,437873,437876,1847,3,1,600,185.0
436027,437888,437890,1861,2,1,600,186.3
436029,437901,437904,1872,3,1,600,187.5
436063,436158,440839,95,4681,5,14400,1.0202948088
436090,437916,437918,1826,2,1,600,182.8
436091,437929,437930,1838,1,1,600,183.9
436093,437941,437955,1848,14,1,600,133.0
436094,437967,437969,1873,2,1,600,187.5
436155,437981,437988,1826,7,1,600,183.3
436156,436263,440406,107,4143,5,14400,1.02582669563
436157,437999,438021,1842,22,1,600,84.7272727273
436158,438033,438037,1875,4,1,600,187.9
436161,438060,438063,1899,3,1,600,190.2
436222,438074,438077,1852,3,1,600,185.5
436223,438089,438091,1866,2,1,600,186.8
436225,438102,438115,1877,13,1,600,145.384615385
436259,436296,441324,37,5028,5,14400,1.00735879077
436286,438127,438128,1841,1,1,600,184.2
436287,438139,438144,1852,5,1,600,185.7
436301,436394,440907,93,4513,5,14400,1.02060713494
436349,438156,438158,1807,2,1,600,180.9
436350,438170,438176,1820,6,1,600,182.6
436352,438188,438191,1836,3,1,600,183.9
436394,436467,440751,73,4284,5,14400,1.01704014939
436413,438203,438211,1790,8,1,600,179.8
436414,438222,438225,1808,3,1,600,181.1
436416,438237,438239,1821,2,1,600,182.3
436417,438250,438251,1833,1,1,600,183.4
436466,436622,441176,156,4554,5,14400,1.03425559947
436479,438262,438268,1783,6,1,600,178.9
436480,438279,438284,1799,5,1,600,180.4
436541,438295,438298,1754,3,1,600,175.7
436543,438309,438312,1766,3,1,600,176.9
436605,438336,438341,1731,5,1,600,173.6
436607,438352,438355,1745,3,1,600,174.8
436621,436998,440953,377,3955,5,14400,1.09532237674
436671,438433,438452,1762,19,1,600,93.7368421053
436672,438463,438471,1791,8,1,600,179.9
436674,438477,438481,1803,4,1,600,180.7
436675,438483,438487,1808,4,1,600,181.2
436736,438488,438494,1752,6,1,600,175.8
436738,438494,438505,1756,11,1,600,160.636363636
436739,438499,438506,1760,7,1,600,176.7
436801,438505,438513,1704,8,1,600,171.2
436802,438511,438514,1709,3,1,600,171.2
436803,438516,438522,1713,6,1,600,171.9
436804,438521,438527,1717,6,1,600,172.3
436866,438528,438538,1662,10,1,600,167.2
436867,438533,438552,1666,19,1,600,88.6842105263
436868,438538,438542,1670,4,1,600,167.4
436930,438544,438551,1614,7,1,600,162.1
436931,438551,438553,1620,2,1,600,162.2
436932,438556,438558,1624,2,1,600,162.6
436934,438561,438592,1627,31,1,600,53.4838709677
436935,438568,438596,1633,28,1,600,59.3214285714
436997,438573,438575,1576,2,1,600,157.8
436998,438578,438579,1580,1,1,600,158.1
437001,437172,441656,171,4484,5,14400,1.03813559322
437060,438584,438587,1524,3,1,600,152.7
437061,438590,438593,1529,3,1,600,153.2
437062,438595,438596,1533,1,1,600,153.4
437063,438601,438620,1538,19,1,600,81.9473684211
437125,438607,438609,1482,2,1,600,148.4
437126,438612,438613,1486,1,1,600,148.7
437176,437197,442068,21,4871,5,14400,1.00431122973
437187,438618,438620,1431,2,1,600,143.3
437189,438623,438628,1434,5,1,600,143.9
437190,438630,438633,1440,3,1,600,144.3
437193,438640,438682,1447,42,1,600,35.4523809524
437197,437206,441437,9,4231,5,14400,1.0021271567
437208,437386,441415,178,4029,5,14400,1.0441796972
437254,438647,438650,1393,3,1,600,139.6
437255,438652,438686,1397,34,1,600,42.0882352941
437256,438657,438666,1401,9,1,600,141.0
437258,438663,438672,1405,9,1,600,141.4
437320,438674,438677,1354,3,1,600,135.7
437322,438681,438704,1359,23,1,600,60.0869565217
437383,438404,442343,1021,3939,5,14400,1.25920284336
437384,438693,438700,1309,7,1,600,131.6
437386,438698,438706,1312,8,1,600,132.0
437448,438710,438718,1262,8,1,600,127.0
437450,438716,438725,1266,9,1,600,127.5
437511,438723,438726,1212,3,1,600,121.5
437512,438728,438735,1216,7,1,600,122.3
437514,438733,438735,1219,2,1,600,122.1
437515,438738,438744,1223,6,1,600,122.9
437576,438746,438748,1170,2,1,600,117.2
437578,438751,438756,1173,5,1,600,117.8
437579,438756,438759,1177,3,1,600,118.0
437580,438763,438766,1183,3,1,600,118.6
437582,438768,438773,1186,5,1,600,119.1
437643,438773,438776,1130,3,1,600,113.3
437644,438779,438781,1135,2,1,600,113.7
437646,438786,438789,1140,3,1,600,114.3
437707,438791,438813,1084,22,1,600,50.2727272727
437708,438796,438799,1088,3,1,600,109.1
437710,438802,438804,1092,2,1,600,109.4
437711,438809,438811,1098,2,1,600,110.0
437772,438814,438819,1042,5,1,600,104.7
437774,438819,438822,1045,3,1,600,104.8
437835,438825,438831,990,6,1,600,99.6
437836,438831,438833,995,2,1,600,99.7
437898,438836,438838,938,2,1,600,94.0
437899,438841,438844,942,3,1,600,94.5
437900,438848,438855,948,7,1,600,95.5
437901,438853,438854,952,1,1,600,95.3
437903,438858,438861,955,3,1,600,95.8
437964,438864,438869,900,5,1,600,90.5
437965,438870,438871,905,1,1,600,90.6
437967,438876,438884,909,8,1,600,91.7
437968,438881,438883,913,2,1,600,91.5
438029,438886,438892,857,6,1,600,86.3
438030,438894,438952,864,58,1,600,15.8965517241
438032,438899,438906,867,7,1,600,87.4
438093,438904,438911,811,7,1,600,81.8
438094,438911,438913,817,2,1,600,81.9
438096,438916,438918,820,2,1,600,82.2
438097,438921,438924,824,3,1,600,82.7
438098,438928,438930,830,2,1,600,83.2
438160,438933,438934,773,1,1,600,77.4
438161,438938,438945,777,7,1,600,78.4
438162,438945,438947,783,2,1,600,78.5
438223,438950,438957,727,7,1,600,73.4
438225,438955,438957,730,2,1,600,73.2
438226,438962,438966,736,4,1,600,74.0
438289,438972,438975,683,3,1,600,68.6
438290,438979,438985,689,6,1,600,69.5
438291,438984,438994,693,10,1,600,70.3
438292,438989,438991,697,2,1,600,69.9
438355,439000,439006,645,6,1,600,65.1
438356,439007,439013,651,6,1,600,65.7
438359,439017,439018,658,1,1,600,65.9
438360,439022,439029,662,7,1,600,66.9
438407,439877,441286,1470,1409,8,6000,2.04329311568
438422,439028,439050,606,22,1,600,28.5454545455
438483,439034,439037,551,3,1,600,55.4
438484,439039,439042,555,3,1,600,55.8
438486,439045,439047,559,2,1,600,56.1
438487,439050,439055,563,5,1,600,56.8
438548,439056,439058,508,2,1,600,51.0
438550,439062,439064,512,2,1,600,51.4
438551,439067,439073,516,6,1,600,52.2
438552,439074,439076,522,2,1,600,52.4
438554,439079,439080,525,1,1,600,52.6
438555,439084,439121,529,37,1,600,15.2972972973
438556,439090,439097,534,7,1,600,54.1
438559,439102,439108,543,6,1,600,54.9
438560,439107,439110,547,3,1,600,55.0
438561,439112,439113,551,1,1,600,55.2
438563,439119,439127,556,8,1,600,56.4
438564,439124,439140,560,16,1,600,36.0
438627,439137,439139,510,2,1,600,51.2
438629,439147,439150,518,3,1,600,52.1
438631,439154,439161,523,7,1,600,53.0
438632,439159,439168,527,9,1,600,53.6
438633,439164,439193,531,29,1,600,19.3103448276
438634,439170,439175,536,5,1,600,54.1
438636,439175,439178,539,3,1,600,54.2
438637,439181,439186,544,5,1,600,54.9
438640,439192,439200,552,8,1,600,56.0
438642,439204,439206,562,2,1,600,56.4
438643,439209,439210,566,1,1,600,56.7
438705,439215,439217,510,2,1,600,51.2
438706,439221,439231,515,10,1,600,52.5
438707,439227,439230,520,3,1,600,52.3
438709,439232,439237,523,5,1,600,52.8
438710,439237,439240,527,3,1,600,53.0
438711,439243,439245,532,2,1,600,53.4
438712,439250,439255,538,5,1,600,54.3
438714,439255,439256,541,1,1,600,54.2
438715,439261,439263,546,2,1,600,54.8
438716,439266,439269,550,3,1,600,55.3
438718,439273,439275,555,2,1,600,55.7
438719,439278,439283,559,5,1,600,56.4
438781,439283,439289,502,6,1,600,50.8
438782,439289,439297,507,8,1,600,51.5
438783,439296,439325,513,29,1,600,18.6896551724
438785,439301,439302,516,1,1,600,51.7
438786,439307,439309,521,2,1,600,52.3
438787,439312,439315,525,3,1,600,52.8
438789,439319,439320,530,1,1,600,53.1
438790,439324,439326,534,2,1,600,53.6
438791,439329,439330,538,1,1,600,53.9
438794,439341,439349,547,8,1,600,55.5
438795,439347,439349,552,2,1,600,55.4
438797,439354,439356,557,2,1,600,55.9
438798,439359,439367,561,8,1,600,56.9
438859,439364,439372,505,8,1,600,51.3
438861,439370,439373,509,3,1,600,51.2
438863,439382,439439,519,57,1,600,10.1052631579
438865,439387,439392,522,5,1,600,52.7
438866,439394,439412,528,18,1,600,30.3333333333
438867,439400,439408,533,8,1,600,54.1
438868,439405,439407,537,2,1,600,53.9
438871,439418,439439,547,21,1,600,27.0476190476
438872,439424,439425,552,1,1,600,55.3
438875,439435,439438,560,3,1,600,56.3
438876,439440,439443,564,3,1,600,56.7
438878,439448,439450,570,2,1,600,57.2
438939,439453,439456,514,3,1,600,51.7
438942,439465,439466,523,1,1,600,52.4
438943,439470,439476,527,6,1,600,53.3
438944,439476,439478,532,2,1,600,53.4
438945,439483,439485,538,2,1,600,54.0
438947,439488,439496,541,8,1,600,54.9
438948,439493,439521,545,28,1,600,20.4642857143
438949,439499,439505,550,6,1,600,55.6
438951,439506,439509,555,3,1,600,55.8
438952,439511,439514,559,3,1,600,56.2
439015,439524,439529,509,5,1,600,51.4
439016,439529,439536,513,7,1,600,52.0
439017,439534,439537,517,3,1,600,52.0
439019,439541,439548,522,7,1,600,52.9
439020,439546,439547,526,1,1,600,52.7
439021,439551,439552,530,1,1,600,53.1
439023,439557,439559,534,2,1,600,53.6
439024,439563,439567,539,4,1,600,54.3
439025,439569,439581,544,12,1,600,46.3333333333
439027,439574,439579,547,5,1,600,55.2
439028,439579,439580,551,1,1,600,55.2
439029,439585,439588,556,3,1,600,55.9
439030,439591,439593,561,2,1,600,56.3
439093,439602,439605,509,3,1,600,51.2
439094,439607,439612,513,5,1,600,51.8
439096,439614,439648,518,34,1,600,16.2352941176
439097,439619,439624,522,5,1,600,52.7
439098,439624,439633,526,9,1,600,53.5
439100,439630,439645,530,15,1,600,36.3333333333
439101,439637,439644,536,7,1,600,54.3
439102,439642,439669,540,27,1,600,21.0
439104,439647,439649,543,2,1,600,54.5
439105,439654,439658,549,4,1,600,55.3
439108,439666,439681,558,15,1,600,38.2
439109,439671,439674,562,3,1,600,56.5
439170,439677,439681,507,4,1,600,51.1
439171,439684,439698,513,14,1,600,37.6428571429
439173,439689,439690,516,1,1,600,51.7
439174,439694,439697,520,3,1,600,52.3
439175,439701,439702,526,1,1,600,52.7
439177,439706,439707,529,1,1,600,53.0
439178,439712,439718,534,6,1,600,54.0
439179,439717,439720,538,3,1,600,54.1
439180,439724,439730,544,6,1,600,55.0
439182,439729,439758,547,29,1,600,19.8620689655
439183,439734,439735,551,1,1,600,55.2
439184,439740,439748,556,8,1,600,56.4
439186,439746,439753,560,7,1,600,56.7
439187,439751,439754,564,3,1,600,56.7
439250,439762,439770,512,8,1,600,52.0
439251,439769,439771,518,2,1,600,52.0
439253,439774,439782,521,8,1,600,52.9
439254,439779,439781,525,2,1,600,52.7
439255,439785,439787,530,2,1,600,53.2
439257,439792,439795,535,3,1,600,53.8
439258,439797,439801,539,4,1,600,54.3
439259,439802,439805,543,3,1,600,54.6
439261,439809,439811,548,2,1,600,55.0
439262,439814,439822,552,8,1,600,56.0
439263,439819,439827,556,8,1,600,56.4
439265,439824,439832,559,8,1,600,56.7
439266,439831,439836,565,5,1,600,57.0
439269,439842,439844,573,2,1,600,57.5
439330,439849,439853,519,4,1,600,52.3
439331,439854,439865,523,11,1,600,48.5454545455
439333,439859,439864,526,5,1,600,53.1
439334,439865,439914,531,49,1,600,11.8367346939
439335,439870,439872,535,2,1,600,53.7
439337,439882,439913,545,31,1,600,18.5806451613
439338,439888,439895,550,7,1,600,55.7
439339,439907,439910,568,3,1,600,57.1
439341,439921,439926,580,5,1,600,58.5
439342,439928,439929,586,1,1,600,58.7
439345,439940,439958,595,18,1,600,34.0555555556
439409,439959,439960,550,1,1,600,55.1
439410,439966,439969,556,3,1,600,55.9
439411,439974,439980,563,6,1,600,56.9
439413,439979,439992,566,13,1,600,44.5384615385
439414,439986,440013,572,27,1,600,22.1851851852
439415,439991,439994,576,3,1,600,57.9
439417,439997,440001,580,4,1,600,58.4
439418,440003,440006,585,3,1,600,58.8
439420,440009,440013,589,4,1,600,59.3
439421,440016,440019,595,3,1,600,59.8
439422,440023,440024,601,1,1,600,60.2
439484,440030,440033,546,3,1,600,54.9
439485,440036,440038,551,2,1,600,55.3
439488,440048,440049,560,1,1,600,56.1
439489,440053,440055,564,2,1,600,56.6
439492,440065,440068,573,3,1,600,57.6
439493,440071,440073,578,2,1,600,58.0
439496,440082,440085,586,3,1,600,58.9
439497,440089,440093,592,4,1,600,59.6
439499,440094,440096,595,2,1,600,59.7
439500,440099,440102,599,3,1,600,60.2
439501,440113,440116,612,3,1,600,61.5
439563,440118,440121,555,3,1,600,55.8
439565,440135,440143,570,8,1,600,57.8
439567,440142,440144,575,2,1,600,57.7
439568,440154,440161,586,7,1,600,59.3
439569,440162,440169,593,7,1,600,60.0
439571,440172,440176,601,4,1,600,60.5
439572,440182,440187,610,5,1,600,61.5
439573,440188,440192,615,4,1,600,61.9
439575,440205,440212,630,7,1,600,63.7
439576,440210,440213,634,3,1,600,63.7
439577,440224,440226,647,2,1,600,64.9
439579,440231,440233,652,2,1,600,65.4
439640,440237,440239,597,2,1,600,59.9
439642,440244,440259,602,15,1,600,41.1333333333
439643,440252,440310,609,58,1,600,11.5
439644,440271,440277,627,6,1,600,63.3
439646,440290,440293,644,3,1,600,64.7
439647,440304,440307,657,3,1,600,66.0
439648,440318,440325,670,7,1,600,67.7
439650,440326,440328,676,2,1,600,67.8
439651,440336,440344,685,8,1,600,69.3
439652,440343,440352,691,9,1,600,70.0
439655,440363,440365,708,2,1,600,71.0
439656,440371,440373,715,2,1,600,71.7
439658,440378,440379,720,1,1,600,72.1
439719,440385,440388,666,3,1,600,66.9
439720,440391,440394,671,3,1,600,67.4
439722,440401,440403,679,2,1,600,68.1
439723,440409,440418,686,9,1,600,69.5
439724,440415,440423,691,8,1,600,69.9
439726,440429,440431,703,2,1,600,70.5
439727,440435,440436,708,1,1,600,70.9
439728,440442,440445,714,3,1,600,71.7
439730,440448,440451,718,3,1,600,72.1
439731,440456,440457,725,1,1,600,72.6
439732,440463,440473,731,10,1,600,74.1
439734,440469,440504,735,35,1,600,22.0
439735,440485,440487,750,2,1,600,75.2
439736,440499,440507,763,8,1,600,77.1
439798,440515,440518,717,3,1,600,72.0
439799,440523,440525,724,2,1,600,72.6
439800,440530,440533,730,3,1,600,73.3
439802,440537,440538,735,1,1,600,73.6
439803,440544,440545,741,1,1,600,74.2
439804,440552,440554,748,2,1,600,75.0
439806,440558,440566,752,8,1,600,76.0
439807,440567,440568,760,1,1,600,76.1
439808,440578,440602,770,24,1,600,33.0833333333
439810,440584,440597,774,13,1,600,60.5384615385
439811,440609,440640,798,31,1,600,26.7419354839
439814,440627,440653,813,26,1,600,32.2692307692
439815,440652,440654,837,2,1,600,83.9
439873,440107,441544,234,1437,8,6000,1.16283924843
439876,440664,440669,788,5,1,600,79.3
439878,440672,440675,794,3,1,600,79.7
439879,440680,440683,801,3,1,600,80.4
439880,440695,440698,815,3,1,600,81.8
439883,440722,440724,839,2,1,600,84.1
439884,440735,440738,851,3,1,600,85.4
439886,440750,440752,864,2,1,600,86.6
439887,440764,440766,877,2,1,600,87.9
439888,440777,440778,889,1,1,600,89.0
439890,440790,440792,900,2,1,600,90.2
439951,440803,440806,852,3,1,600,85.5
439952,440817,440825,865,8,1,600,87.3
439954,440837,440840,883,3,1,600,88.6
439955,440853,440855,898,2,1,600,90.0
439956,440919,440923,963,4,1,600,96.7
439958,440924,440928,966,4,1,600,97.0
439959,440930,440943,971,13,1,600,75.6923076923
439960,440935,440938,975,3,1,600,97.8
439962,440941,440945,979,4,1,600,98.3
440023,440947,440967,924,20,1,600,47.2
440027,440965,440970,938,5,1,600,94.3
440028,440970,440974,942,4,1,600,94.6
440031,440983,440995,952,12,1,600,80.3333333333
440032,441008,441016,976,8,1,600,98.4
440034,441027,441030,993,3,1,600,99.6
440035,441041,441043,1006,2,1,600,100.8
440036,441055,441058,1019,3,1,600,102.2
440038,441070,441072,1032,2,1,600,103.4
440039,441084,441088,1045,4,1,600,104.9
440100,441101,441108,1001,7,1,600,100.8
440102,441120,441121,1018,1,1,600,101.9
440103,441133,441134,1030,1,1,600,103.1
440104,441146,441149,1042,3,1,600,104.5
440106,441161,441163,1055,2,1,600,105.7
440108,441186,441187,1078,1,1,600,107.9
440110,440198,441619,88,1421,8,6000,1.06192821956
440110,441194,441200,1084,6,1,600,109.0
440111,441201,441203,1090,2,1,600,109.2
440112,441211,441213,1099,2,1,600,110.1
440114,441217,441220,1103,3,1,600,110.6
440115,441224,441227,1109,3,1,600,111.2
440177,441238,441240,1061,2,1,600,106.3
440179,441263,441264,1084,1,1,600,108.5
440181,441276,441278,1095,2,1,600,109.7
440182,441289,441290,1107,1,1,600,110.8
440184,441304,441308,1120,4,1,600,112.4
440185,441319,441322,1134,3,1,600,113.7
440186,441333,441339,1147,6,1,600,115.3
440202,440422,441853,220,1431,8,6000,1.1537386443
440248,441410,441412,1162,2,1,600,116.4
440250,441436,441439,1186,3,1,600,118.9
440252,441456,441459,1204,3,1,600,120.7
440253,441470,441471,1217,1,1,600,121.8
440254,441483,441485,1229,2,1,600,123.1
440317,441509,441513,1192,4,1,600,119.6
440318,441525,441528,1207,3,1,600,121.0
440320,441539,441542,1219,3,1,600,122.2
440321,441553,441572,1232,19,1,600,65.8421052632
440322,441584,441587,1262,3,1,600,126.5
440384,441598,441599,1214,1,1,600,121.5
440385,441611,441613,1226,2,1,600,122.8
440386,441624,441625,1238,1,1,600,123.9
440388,441637,441641,1249,4,1,600,125.3
440389,441652,441654,1263,2,1,600,126.5
440390,441667,441669,1277,2,1,600,127.9
440392,441898,441899,1506,1,1,600,150.7
440393,441904,441908,1511,4,1,600,151.5
440394,441909,441917,1515,8,1,600,152.3
440418,440687,442113,269,1426,8,6000,1.18863955119
440456,441914,441915,1458,1,1,600,145.9
440460,441932,441935,1472,3,1,600,147.5
440461,441938,441940,1477,2,1,600,147.9
440462,441943,441949,1481,6,1,600,148.7
440464,441949,441950,1485,1,1,600,148.6
440466,441961,441967,1495,6,1,600,150.1
440528,441967,441969,1439,2,1,600,144.1
440530,441978,441979,1448,1,1,600,144.9
440532,441984,441990,1452,6,1,600,145.8
440533,441990,442010,1457,20,1,600,73.85
440534,441995,441997,1461,2,1,600,146.3
440596,442001,442003,1405,2,1,600,140.7
440597,442007,442010,1410,3,1,600,141.3
440599,442014,442060,1415,46,1,600,31.7608695652
440600,442019,442043,1419,24,1,600,60.125
440601,442025,442026,1424,1,1,600,142.5
440603,442031,442033,1428,2,1,600,143.0
440604,442037,442043,1433,6,1,600,143.9
440665,442045,442046,1380,1,1,600,138.1
440667,442054,442057,1387,3,1,600,139.0
440668,442060,442062,1392,2,1,600,139.4
440669,442066,442072,1397,6,1,600,140.3
440671,442073,442075,1402,2,1,600,140.4
440685,440846,442270,161,1424,8,6000,1.11306179775
440734,442085,442088,1351,3,1,600,135.4
440735,442090,442091,1355,1,1,600,135.6
440736,442096,442099,1360,3,1,600,136.3
440738,442102,442104,1364,2,1,600,136.6
440739,442109,442115,1370,6,1,600,137.6
440801,442114,442115,1313,1,1,600,131.4
440803,442126,442135,1323,9,1,600,133.2
440805,442138,442143,1333,5,1,600,133.8
440849,440867,442276,18,1409,8,6000,1.01277501774
440867,442148,442149,1281,1,1,600,128.2
440869,442153,442155,1284,2,1,600,128.6
440870,440990,442403,120,1413,8,6000,1.08492569002
440870,442166,442167,1296,1,1,600,129.7
440871,442178,442228,1307,50,1,600,27.14
440932,442239,442243,1307,4,1,600,131.1
440934,442254,442261,1320,7,1,600,132.7
440994,441232,442649,238,1417,8,6000,1.16796047989
440995,442272,442277,1277,5,1,600,128.2
440997,442295,442297,1298,2,1,600,130.0
440998,442308,442311,1310,3,1,600,131.3
440999,442322,442366,1323,44,1,600,31.0681818182
441001,442354,442367,1353,13,1,600,105.076923077
441002,442360,442365,1358,5,1,600,136.3
441004,442365,442368,1361,3,1,600,136.4
441005,442370,442380,1365,10,1,600,137.5
441008,442383,442385,1375,2,1,600,137.7
441069,442388,442392,1319,4,1,600,132.3
441071,442393,442401,1322,8,1,600,133.0
441072,442399,442402,1327,3,1,600,133.0
441073,442406,442453,1333,47,1,600,29.3617021277
441135,442411,442414,1276,3,1,600,127.9
441136,442416,442424,1280,8,1,600,128.8
441138,442422,442424,1284,2,1,600,128.6
441139,442434,442450,1295,16,1,600,81.9375
441140,442440,442443,1300,3,1,600,130.3
441202,442446,442464,1244,18,1,600,70.1111111111
441203,442454,442458,1251,4,1,600,125.5
441204,442461,442467,1257,6,1,600,126.3
441206,442468,442507,1262,39,1,600,33.358974359
441207,442474,442476,1267,2,1,600,126.9
441209,442480,442481,1271,1,1,600,127.2
441230,441298,442708,68,1410,8,6000,1.04822695035
441270,442486,442489,1216,3,1,600,121.9
441272,442492,442511,1220,19,1,600,65.2105263158
441273,442498,442501,1225,3,1,600,122.8
441274,442504,442507,1230,3,1,600,123.3
441276,442512,442516,1236,4,1,600,124.0
441277,442518,442519,1241,1,1,600,124.2
441302,441341,442778,39,1437,8,6000,1.02713987474
441338,442524,442526,1186,2,1,600,118.8
441340,442530,442533,1190,3,1,600,119.3
441341,442535,442559,1194,24,1,600,50.75
441342,442541,442547,1199,6,1,600,120.5
441344,441450,442889,106,1439,8,6000,1.07366226546
441404,442547,442551,1143,4,1,600,114.7
441447,441561,442981,114,1420,8,6000,1.08028169014
441466,442553,442555,1087,2,1,600,108.9
441467,442560,442562,1093,2,1,600,109.5
441468,442566,442567,1098,1,1,600,109.9
441531,442578,442581,1047,3,1,600,105.0
441532,442583,442592,1051,9,1,600,106.0
441534,442589,442634,1055,45,1,600,24.4444444444
441535,442596,442600,1061,4,1,600,106.5
441536,442601,442603,1065,2,1,600,106.7
441560,441631,443056,71,1425,8,6000,1.0498245614
441598,442607,442610,1009,3,1,600,101.2
441599,442614,442615,1015,1,1,600,101.6
441601,442619,442621,1018,2,1,600,102.0
441633,441681,443087,48,1406,8,6000,1.03413940256
441662,442626,442628,964,2,1,600,96.6
441663,442632,442635,969,3,1,600,97.2
441665,442637,442653,972,16,1,600,61.75
441666,442644,442653,978,9,1,600,98.7
441667,442650,442652,983,2,1,600,98.5
441684,441865,443285,181,1420,8,6000,1.12746478873
441729,442656,442657,927,1,1,600,92.8
441869,442132,443565,263,1433,8,6000,1.18353105373
441910,442669,442676,759,7,1,600,76.6
441972,442674,442681,702,7,1,600,70.9
441973,442679,442682,706,3,1,600,70.9
441974,442684,442686,710,2,1,600,71.2
441976,442692,442694,716,2,1,600,71.8
441977,442699,442701,722,2,1,600,72.4
441978,442704,442707,726,3,1,600,72.9
441979,442709,442710,730,1,1,600,73.1
441981,442716,442721,735,5,1,600,74.0
441982,442721,442723,739,2,1,600,74.1
441983,442733,442735,750,2,1,600,75.2
441985,442738,442741,753,3,1,600,75.6
441986,442744,442752,758,8,1,600,76.6
441987,442750,442754,763,4,1,600,76.7
441989,442756,442759,767,3,1,600,77.0
442050,442762,442770,712,8,1,600,72.0
442051,442768,442771,717,3,1,600,72.0
442052,442774,442776,722,2,1,600,72.4
442054,442780,442786,726,6,1,600,73.2
442055,442787,442789,732,2,1,600,73.4
442056,442792,442829,736,37,1,600,20.8918918919
442058,442804,442806,746,2,1,600,74.8
442059,442811,442813,752,2,1,600,75.4
442062,442826,442828,764,2,1,600,76.6
442063,442832,442833,769,1,1,600,77.0
442125,442846,442853,721,7,1,600,72.8
442127,442852,442855,725,3,1,600,72.8
442128,442859,442864,731,5,1,600,73.6
442129,442865,442874,736,9,1,600,74.5
442131,442872,442874,741,2,1,600,74.3
442132,442878,442884,746,6,1,600,75.2
442133,442886,442891,753,5,1,600,75.8
442134,442891,442894,757,3,1,600,76.0
442136,442897,442903,761,6,1,600,76.7
442137,442160,443575,23,1415,8,6000,1.01625441696
442138,442916,442920,778,4,1,600,78.2
442158,442282,443709,124,1427,8,6000,1.08689558514
442200,442921,442928,721,7,1,600,72.8
442201,442927,442928,726,1,1,600,72.7
442202,442934,442943,732,9,1,600,74.1
442204,442942,442944,738,2,1,600,74.0
442205,442947,442954,742,7,1,600,74.9
442206,442956,442961,750,5,1,600,75.5
442267,442961,442964,694,3,1,600,69.7
442269,442967,442976,698,9,1,600,70.7
442270,442974,442978,704,4,1,600,70.8
442281,442289,443715,8,1426,8,6000,1.00561009818
442292,442429,443855,137,1426,8,6000,1.09607293128
442331,442982,442984,651,2,1,600,65.3
442333,442989,442997,656,8,1,600,66.4
442334,443001,443008,667,7,1,600,67.4
442397,443019,443022,622,3,1,600,62.5
442398,443027,443029,629,2,1,600,63.1
442399,443033,443035,634,2,1,600,63.6
442401,443040,443041,639,1,1,600,64.0
442402,443048,443055,646,7,1,600,65.3
442403,443054,443062,651,8,1,600,65.9
442426,442662,444108,236,1446,8,6000,1.16320885201
442466,443078,443104,612,26,1,600,24.5384615385
442467,443085,443087,618,2,1,600,62.0
442469,443104,443110,635,6,1,600,64.1
442470,443116,443118,646,2,1,600,64.8
442471,443123,443126,652,3,1,600,65.5
442472,443131,443133,659,2,1,600,66.1
442474,443137,443144,663,7,1,600,67.0
442475,443145,443152,670,7,1,600,67.7
442476,443155,443160,679,5,1,600,68.4
442478,443163,443166,685,3,1,600,68.8
442479,443171,443173,692,2,1,600,69.4
442540,443179,443187,639,8,1,600,64.7
442542,443185,443193,643,8,1,600,65.1
442543,443199,443202,656,3,1,600,65.9
442544,443205,443206,661,1,1,600,66.2
442546,443213,443217,667,4,1,600,67.1
442547,443220,443222,673,2,1,600,67.5
442548,443228,443234,680,6,1,600,68.6
442550,443236,443278,686,42,1,600,17.3333333333
442551,443245,443251,694,6,1,600,70.0
442552,443263,443271,711,8,1,600,71.9
442554,443282,443285,728,3,1,600,73.1
442555,443289,443297,734,8,1,600,74.2
442616,443301,443302,685,1,1,600,68.6
442618,443309,443312,691,3,1,600,69.4
442619,443316,443321,697,5,1,600,70.2
442620,443324,443366,704,42,1,600,17.7619047619
442622,443333,443335,711,2,1,600,71.3
442623,443347,443348,724,1,1,600,72.5
442624,443359,443366,735,7,1,600,74.2
442627,443383,443385,756,2,1,600,75.8
442629,443396,443398,767,2,1,600,76.9
442631,443404,443407,773,3,1,600,77.6
442632,443410,443413,778,3,1,600,78.1
442663,442728,444148,65,1420,8,6000,1.04577464789
442694,443418,443420,724,2,1,600,72.6
442695,443425,443428,730,3,1,600,73.3
442696,443432,443437,736,5,1,600,74.1
442697,443440,443477,743,37,1,600,21.0810810811
442699,443449,443455,750,6,1,600,75.6
442700,443466,443467,766,1,1,600,76.7
442701,443478,443482,777,4,1,600,78.1
442703,443488,443496,785,8,1,600,79.3
442704,443495,443496,791,1,1,600,79.2
442705,443507,443511,802,4,1,600,80.6
442707,443513,443515,806,2,1,600,80.8
442708,443523,443555,815,32,1,600,26.46875
442709,443529,443531,820,2,1,600,82.2
442725,442799,444226,74,1427,8,6000,1.05185704275
442771,443544,443546,773,2,1,600,77.5
442772,443558,443561,786,3,1,600,78.9
442773,443566,443571,793,5,1,600,79.8
442775,443572,443573,797,1,1,600,79.8
442776,443591,443599,815,8,1,600,82.3
442777,443597,443606,820,9,1,600,82.9
442779,443602,443612,823,10,1,600,83.3
442781,443613,443616,832,3,1,600,83.5
442782,443618,443620,836,2,1,600,83.8
442784,443626,443628,842,2,1,600,84.4
442785,443631,443639,846,8,1,600,85.4
442797,442904,444322,107,1418,8,6000,1.0754583921
442846,443636,443637,790,1,1,600,79.1
442848,443642,443648,794,6,1,600,80.0
442849,443648,443651,799,3,1,600,80.2
442850,443654,443656,804,2,1,600,80.6
442852,443659,443666,807,7,1,600,81.4
442853,443664,443668,811,4,1,600,81.5
442854,443671,443674,817,3,1,600,82.0
442856,443676,443716,820,40,1,600,21.5
442857,443681,443684,824,3,1,600,82.7
442859,443687,443690,828,3,1,600,83.1
442900,442996,444504,96,1508,8,6000,1.06366047745
442922,443699,443732,777,33,1,600,24.5454545455
442923,443704,443707,781,3,1,600,78.4
442924,443712,443718,788,6,1,600,79.4
442926,443717,443718,791,1,1,600,79.2
442927,443722,443726,795,4,1,600,79.9
442929,443734,443735,805,1,1,600,80.6
442930,443740,443746,810,6,1,600,81.6
442931,443745,443751,814,6,1,600,82.0
442933,443757,443759,824,2,1,600,82.6
442934,443762,443766,828,4,1,600,83.2
442935,443768,443798,833,30,1,600,28.7666666667
442993,443073,444508,80,1435,8,6000,1.05574912892
442997,443773,443776,776,3,1,600,77.9
442998,443780,443804,782,24,1,600,33.5833333333
443000,443785,443789,785,4,1,600,78.9
443001,443790,443800,789,10,1,600,79.9
443005,443808,443815,803,7,1,600,81.0
443008,443820,443823,812,3,1,600,81.5
443069,443825,443827,756,2,1,600,75.8
443071,443831,443844,760,13,1,600,59.4615384615
443072,443838,443844,766,6,1,600,77.2
443075,443848,443849,773,1,1,600,77.4
443076,443098,444526,22,1428,8,6000,1.01540616246
443076,443854,443856,778,2,1,600,78.0
443078,443860,443863,782,3,1,600,78.5
443079,443865,443871,786,6,1,600,79.2
443080,443871,443878,791,7,1,600,79.8
443097,443296,444719,199,1423,8,6000,1.13984539705
443142,443876,443878,734,2,1,600,73.6
443143,443881,443882,738,1,1,600,73.9
443144,443894,443896,750,2,1,600,75.2
443146,443899,443907,753,8,1,600,76.1
443147,443905,443907,758,2,1,600,76.0
443148,443912,443917,764,5,1,600,76.9
443150,443917,443920,767,3,1,600,77.0
443211,443922,443932,711,10,1,600,72.1
443213,443928,443935,715,7,1,600,72.2
443215,443940,443942,725,2,1,600,72.7
443217,443946,443949,729,3,1,600,73.2
443218,443951,443956,733,5,1,600,73.8
443219,443957,443960,738,3,1,600,74.1
443282,443968,443970,686,2,1,600,68.8
443283,443973,443978,690,5,1,600,69.5
443285,443981,443984,696,3,1,600,69.9
443286,443986,443989,700,3,1,600,70.3
443287,443991,443993,704,2,1,600,70.6
443289,443997,443999,708,2,1,600,71.0
443290,444004,444009,714,5,1,600,71.9
443292,443580,445016,288,1436,8,6000,1.20055710306
443351,444009,444011,658,2,1,600,66.0
443354,444020,444023,666,3,1,600,66.9
443355,444026,444027,671,1,1,600,67.2
443357,444032,444039,675,7,1,600,68.2
443358,444037,444045,679,8,1,600,68.7
443419,444043,444045,624,2,1,600,62.6
443421,444048,444078,627,30,1,600,21.9
443422,444055,444057,633,2,1,600,63.5
443424,444060,444061,636,1,1,600,63.7
443425,444066,444072,641,6,1,600,64.7
443426,444072,444076,646,4,1,600,65.0
443427,444077,444107,650,30,1,600,22.6666666667
443430,444088,444092,658,4,1,600,66.2
443492,444095,444100,603,5,1,600,60.8
443493,444100,444124,607,24,1,600,26.2916666667
443494,444105,444106,611,1,1,600,61.2
443496,444111,444113,615,2,1,600,61.7
443497,444117,444118,620,1,1,600,62.1
443498,444122,444129,624,7,1,600,63.1
443560,444128,444139,568,11,1,600,52.6363636364
443561,444140,444143,579,3,1,600,58.2
443562,444146,444148,584,2,1,600,58.6
443564,444151,444159,587,8,1,600,59.5
443565,444158,444161,593,3,1,600,59.6
443566,444163,444164,597,1,1,600,59.8
443568,444168,444170,600,2,1,600,60.2
443569,444174,444181,605,7,1,600,61.2
443580,443586,445013,6,1427,8,6000,1.00420462509
443591,443729,445167,138,1438,8,6000,1.09596662031
443630,444186,444188,556,2,1,600,55.8
443632,444191,444195,559,4,1,600,56.3
443633,444197,444202,564,5,1,600,56.9
443634,444202,444205,568,3,1,600,57.1
443636,444209,444211,573,2,1,600,57.5
443637,444214,444223,577,9,1,600,58.6
443641,444231,444234,590,3,1,600,59.3
443704,444242,444244,538,2,1,600,54.0
443705,444247,444250,542,3,1,600,54.5
443707,444259,444265,552,6,1,600,55.8
443708,444264,444270,556,6,1,600,56.2
443710,444270,444278,560,8,1,600,56.8
443711,444275,444285,564,10,1,600,57.4
443712,444282,444284,570,2,1,600,57.2
443714,444287,444290,573,3,1,600,57.6
443715,444292,444295,577,3,1,600,58.0
443716,444298,444302,582,4,1,600,58.6
443718,444305,444307,587,2,1,600,58.9
443725,443752,445168,27,1416,8,6000,1.01906779661
443756,443889,445386,133,1497,8,6000,1.08884435538
443779,444310,444311,531,1,1,600,53.2
443780,444315,444316,535,1,1,600,53.6
443783,444327,444330,544,3,1,600,54.7
443785,444333,444335,548,2,1,600,55.0
443786,444338,444361,552,23,1,600,25.0
443787,444343,444347,556,4,1,600,56.0
443790,444361,444363,571,2,1,600,57.3
443791,444366,444367,575,1,1,600,57.6
443793,444372,444374,579,2,1,600,58.1
443854,444378,444381,524,3,1,600,52.7
443856,444384,444387,528,3,1,600,53.1
443857,444389,444390,532,1,1,600,53.3
443858,444394,444397,536,3,1,600,53.9
443861,444407,444409,546,2,1,600,54.8
443862,444412,444413,550,1,1,600,55.1
443864,444417,444421,553,4,1,600,55.7
443867,444430,444439,563,9,1,600,57.2
443868,444435,444437,567,2,1,600,56.9
443869,444440,444441,571,1,1,600,57.2
443871,444446,444450,575,4,1,600,57.9
443872,444452,444454,580,2,1,600,58.2
443873,444458,444463,585,5,1,600,59.0
443875,444463,444465,588,2,1,600,59.0
443890,444135,445548,245,1413,8,6000,1.17338995046
443936,444468,444472,532,4,1,600,53.6
443938,444474,444475,536,1,1,600,53.7
443939,444481,444482,542,1,1,600,54.3
443940,444486,444492,546,6,1,600,55.2
443942,444491,444492,549,1,1,600,55.0
443943,444497,444499,554,2,1,600,55.6
443944,444503,444508,559,5,1,600,56.4
443946,444508,444509,562,1,1,600,56.3
443947,444514,444515,567,1,1,600,56.8
443949,444519,444521,570,2,1,600,57.2
443950,444531,444534,581,3,1,600,58.4
443951,444537,444560,586,23,1,600,26.4782608696
443953,444542,444545,589,3,1,600,59.2
443954,444547,444551,593,4,1,600,59.7
444015,444560,444564,545,4,1,600,54.9
444017,444565,444598,548,33,1,600,17.6060606061
444018,444571,444577,553,6,1,600,55.9
444020,444583,444586,563,3,1,600,56.6
444021,444589,444591,568,2,1,600,57.0
444022,444594,444607,572,13,1,600,45.0
444024,444599,444606,575,7,1,600,58.2
444025,444607,444610,582,3,1,600,58.5
444027,444612,444614,585,2,1,600,58.7
444028,444618,444628,590,10,1,600,60.0
444029,444625,444627,596,2,1,600,59.8
444031,444630,444631,599,1,1,600,60.0
444032,444635,444639,603,4,1,600,60.7
444034,444641,444644,607,3,1,600,61.0
444095,444648,444650,553,2,1,600,55.5
444097,444653,444693,556,40,1,600,14.9
444098,444659,444663,561,4,1,600,56.5
444099,444664,444669,565,5,1,600,57.0
444101,444671,444677,570,6,1,600,57.6
444102,444676,444680,574,4,1,600,57.8
444105,444688,444691,583,3,1,600,58.6
444106,444694,444696,588,2,1,600,59.0
444107,444699,444701,592,2,1,600,59.4
444109,444706,444707,597,1,1,600,59.8
444137,444181,445615,44,1434,8,6000,1.03068340307
444170,444711,444712,541,1,1,600,54.2
444171,444717,444720,546,3,1,600,54.9
444173,444722,444724,549,2,1,600,55.1
444174,444729,444734,555,5,1,600,56.0
444176,444734,444737,558,3,1,600,56.1
444177,444739,444743,562,4,1,600,56.6
444178,444745,444747,567,2,1,600,56.9
444178,444254,445679,76,1425,8,6000,1.05333333333
444180,444757,444763,577,6,1,600,58.3
444182,444768,444771,586,3,1,600,58.9
444184,444773,444774,589,1,1,600,59.0
444187,444786,444792,599,6,1,600,60.5
444188,444792,444797,604,5,1,600,60.9
444249,444797,444804,548,7,1,600,55.5
444251,444356,445785,105,1429,8,6000,1.07347795661
444251,444803,444806,552,3,1,600,55.5
444252,444809,444817,557,8,1,600,56.5
444253,444814,444817,561,3,1,600,56.4
444255,444820,444886,565,66,1,600,9.56060606061
444256,444826,444830,570,4,1,600,57.4
444258,444832,444840,574,8,1,600,58.2
444259,444837,444838,578,1,1,600,57.9
444260,444844,444846,584,2,1,600,58.6
444262,444849,444851,587,2,1,600,58.9
444263,444855,444857,592,2,1,600,59.4
444265,444862,444871,597,9,1,600,60.6
444326,444867,444874,541,7,1,600,54.8
444327,444873,444875,546,2,1,600,54.8
444330,444885,444886,555,1,1,600,55.6
444331,444891,444892,560,1,1,600,56.1
444334,444902,444904,568,2,1,600,57.0
444335,444907,444911,572,4,1,600,57.6
444338,444920,444923,582,3,1,600,58.5
444340,444925,444931,585,6,1,600,59.1
444341,444931,444940,590,9,1,600,59.9
444342,444938,444940,596,2,1,600,59.8
444344,444943,444945,599,2,1,600,60.1
444354,444526,445954,172,1428,8,6000,1.12044817927
444405,444948,444952,543,4,1,600,54.7
444407,444954,444961,547,7,1,600,55.4
444408,444961,444962,553,1,1,600,55.4
444409,444966,444987,557,21,1,600,27.5238095238
444411,444971,444977,560,6,1,600,56.6
444412,444977,444979,565,2,1,600,56.7
444413,444984,444987,571,3,1,600,57.4
444415,444989,444992,574,3,1,600,57.7
444416,444994,444998,578,4,1,600,58.2
444418,445001,445003,583,2,1,600,58.5
444419,445006,445010,587,4,1,600,59.1
444420,445011,445013,591,2,1,600,59.3
444484,445029,445030,545,1,1,600,54.6
444486,445035,445053,549,18,1,600,31.5
444487,445040,445043,553,3,1,600,55.6
444488,445052,445054,564,2,1,600,56.6
444490,445058,445060,568,2,1,600,57.0
444491,445063,445065,572,2,1,600,57.4
444492,445068,445073,576,5,1,600,58.1
444494,445080,445083,586,3,1,600,58.9
444495,445086,445094,591,8,1,600,59.9
444496,445091,445123,595,32,1,600,19.59375
444498,445096,445101,598,5,1,600,60.3
444499,445103,445123,604,20,1,600,31.2
444500,445108,445111,608,3,1,600,61.1
444528,444555,445983,27,1428,8,6000,1.01890756303
444560,444578,446003,18,1425,8,6000,1.01263157895
444562,445113,445121,551,8,1,600,55.9
444563,445120,445123,557,3,1,600,56.0
444565,445126,445128,561,2,1,600,56.3
444566,445132,445138,566,6,1,600,57.2
444567,445137,445138,570,1,1,600,57.1
444569,445145,445147,576,2,1,600,57.8
444570,445150,445152,580,2,1,600,58.2
444571,445155,445186,584,31,1,600,19.8387096774
444573,445161,445182,588,21,1,600,29.0
444574,445168,445171,594,3,1,600,59.7
444581,444752,446161,171,1409,8,6000,1.12136266856
444636,445173,445180,537,7,1,600,54.4
444637,445178,445179,541,1,1,600,54.2
444639,445184,445196,545,12,1,600,46.4166666667
444642,445201,445203,559,2,1,600,56.1
444643,445213,445224,570,11,1,600,52.8181818182
444644,445218,445221,574,3,1,600,57.7
444646,445224,445227,578,3,1,600,58.1
444647,445229,445230,582,1,1,600,58.3
444648,445234,445239,586,5,1,600,59.1
444650,445241,445272,591,31,1,600,20.064516129
444651,445246,445249,595,3,1,600,59.8
444653,445252,445254,599,2,1,600,60.1
444714,445257,445259,543,2,1,600,54.5
444715,445262,445267,547,5,1,600,55.2
444717,445269,445271,552,2,1,600,55.4
444718,445274,445281,556,7,1,600,56.3
444720,445279,445280,559,1,1,600,56.0
444721,445286,445288,565,2,1,600,56.7
444722,445291,445326,569,35,1,600,17.2571428571
444724,445296,445303,572,7,1,600,57.9
444725,445302,445309,577,7,1,600,58.4
444727,445309,445315,582,6,1,600,58.8
444728,445314,445315,586,1,1,600,58.7
444729,445319,445322,590,3,1,600,59.3
444731,445326,445347,595,21,1,600,29.3333333333
444732,445331,445339,599,8,1,600,60.7
444756,445047,446470,291,1423,8,6000,1.20449754041
444794,445337,445339,543,2,1,600,54.5
444795,445344,445351,549,7,1,600,55.6
444796,445349,445350,553,1,1,600,55.4
444798,445354,445355,556,1,1,600,55.7
444799,445361,445364,562,3,1,600,56.5
444801,445366,445371,565,5,1,600,57.0
444802,445372,445374,570,2,1,600,57.2
444807,445389,445392,582,3,1,600,58.5
444808,445394,445396,586,2,1,600,58.8
444869,445400,445405,531,5,1,600,53.6
444871,445412,445413,541,1,1,600,54.2
444872,445418,445421,546,3,1,600,54.9
444873,445423,445426,550,3,1,600,55.3
444875,445428,445429,553,1,1,600,55.4
444876,445435,445439,559,4,1,600,56.3
444877,445440,445441,563,1,1,600,56.4
444879,445446,445453,567,7,1,600,57.4
444881,445458,445493,577,35,1,600,17.4857142857
444883,445463,445464,580,1,1,600,58.1
444884,445468,445471,584,3,1,600,58.7
444885,445474,445476,589,2,1,600,59.1
444887,445480,445486,593,6,1,600,59.9
444948,445486,445488,538,2,1,600,54.0
444950,445491,445492,541,1,1,600,54.2
444951,445498,445543,547,45,1,600,13.1555555556
444953,445503,445508,550,5,1,600,55.5
444954,445508,445511,554,3,1,600,55.7
444955,445521,445523,566,2,1,600,56.8
444957,445526,445529,569,3,1,600,57.2
444958,445531,445533,573,2,1,600,57.5
444961,445543,445546,582,3,1,600,58.5
444962,445549,445551,587,2,1,600,58.9
444963,445554,445556,591,2,1,600,59.3
444965,445566,445569,601,3,1,600,60.4
445026,445571,445572,545,1,1,600,54.6
445027,445577,445581,550,4,1,600,55.4
445029,445582,445585,553,3,1,600,55.6
445030,445589,445591,559,2,1,600,56.1
445031,445594,445595,563,1,1,600,56.4
445033,445599,445605,566,6,1,600,57.2
445035,445612,445655,577,43,1,600,14.4186046512
445037,445617,445619,580,2,1,600,58.2
445038,445622,445623,584,1,1,600,58.5
445039,445628,445635,589,7,1,600,59.6
445041,445640,445648,599,8,1,600,60.7
445042,445645,445647,603,2,1,600,60.5
445043,445650,445652,607,2,1,600,60.9
445044,445075,446507,31,1432,8,6000,1.02164804469
445075,445190,446614,115,1424,8,6000,1.08075842697
445105,445656,445659,551,3,1,600,55.4
445106,445663,445664,557,1,1,600,55.8
445108,445668,445676,560,8,1,600,56.8
445109,445673,445674,564,1,1,600,56.5
445110,445680,445689,570,9,1,600,57.9
445112,445685,445686,573,1,1,600,57.4
445113,445691,445693,578,2,1,600,58.0
445114,445696,445699,582,3,1,600,58.5
445115,445708,445717,593,9,1,600,60.2
445117,445714,445716,597,2,1,600,59.9
445178,445719,445722,541,3,1,600,54.4
445180,445724,445727,544,3,1,600,54.7
445181,445731,445733,550,2,1,600,55.2
445182,445736,445739,554,3,1,600,55.7
445184,445741,445742,557,1,1,600,55.8
445185,445747,445750,562,3,1,600,56.5
445186,445753,445754,567,1,1,600,56.8
445188,445208,446639,20,1431,8,6000,1.01397624039
445188,445758,445766,570,8,1,600,57.8
445189,445764,445770,575,6,1,600,58.1
445191,445769,445772,578,3,1,600,58.1
445192,445775,445777,583,2,1,600,58.5
445195,445787,445790,592,3,1,600,59.5
445196,445792,445793,596,1,1,600,59.7
445209,445407,446828,198,1421,8,6000,1.13933849402
445258,445798,445800,540,2,1,600,54.2
445259,445810,445811,551,1,1,600,55.2
445260,445815,445818,555,3,1,600,55.8
445262,445821,445825,559,4,1,600,56.3
445263,445826,445827,563,1,1,600,56.4
445264,445831,445835,567,4,1,600,57.1
445266,445838,445843,572,5,1,600,57.7
445267,445843,445845,576,2,1,600,57.8
445268,445849,445851,581,2,1,600,58.3
445270,445854,445861,584,7,1,600,59.1
445271,445859,445891,588,32,1,600,19.375
445333,445866,445869,533,3,1,600,53.6
445334,445872,445877,538,5,1,600,54.3
445335,445877,445878,542,1,1,600,54.3
445337,445882,445885,545,3,1,600,54.8
445338,445889,445929,551,40,1,600,14.775
445339,445894,445895,555,1,1,600,55.6
445341,445900,445909,559,9,1,600,56.8
445342,445905,445907,563,2,1,600,56.5
445345,445917,445919,572,2,1,600,57.4
445346,445922,445923,576,1,1,600,57.7
445347,445929,445931,582,2,1,600,58.4
445349,445934,445936,585,2,1,600,58.7
445350,445939,445940,589,1,1,600,59.0
445405,445561,446988,156,1427,8,6000,1.10932025228
445413,445951,445953,538,2,1,600,54.0
445414,445956,445959,542,3,1,600,54.5
445416,445962,445964,546,2,1,600,54.8
445417,445974,445984,557,10,1,600,56.7
445418,445979,445981,561,2,1,600,56.3
445420,445985,445987,565,2,1,600,56.7
445421,445990,445994,569,4,1,600,57.3
445424,446007,446013,583,6,1,600,58.9
445425,446013,446038,588,25,1,600,24.52
445428,446030,446034,602,4,1,600,60.6
445429,446035,446039,606,4,1,600,61.0
445491,446041,446050,550,9,1,600,55.9
445492,446046,446049,554,3,1,600,55.7
445493,446053,446059,560,6,1,600,56.6
445495,446058,446060,563,2,1,600,56.5
445496,446063,446068,567,5,1,600,57.2
445497,446069,446086,572,17,1,600,34.6470588235
445499,446076,446079,577,3,1,600,58.0
445500,446081,446084,581,3,1,600,58.4
445501,446087,446089,586,2,1,600,58.8
445503,446092,446095,589,3,1,600,59.2
445505,446104,446107,599,3,1,600,60.2
445507,446109,446110,602,1,1,600,60.3
445559,445634,447072,75,1438,8,6000,1.05215577191
445568,446115,446120,547,5,1,600,55.2
445570,446121,446122,551,1,1,600,55.2
445571,446127,446128,556,1,1,600,55.7
445572,446132,446137,560,5,1,600,56.5
445574,446137,446140,563,3,1,600,56.6
445575,446143,446148,568,5,1,600,57.3
445578,446155,446156,577,1,1,600,57.8
445579,446160,446178,581,18,1,600,33.2777777778
445580,446166,446170,586,4,1,600,59.0
445582,446178,446185,596,7,1,600,60.3
445583,446183,446184,600,1,1,600,60.1
445631,445703,447143,72,1440,8,6000,1.05
445645,446189,446191,544,2,1,600,54.6
445646,446194,446200,548,6,1,600,55.4
445649,446206,446207,557,1,1,600,55.8
445650,446211,446212,561,1,1,600,56.2
445651,446217,446219,566,2,1,600,56.8
445653,446223,446226,570,3,1,600,57.3
445655,446234,446236,579,2,1,600,58.1
445657,446239,446242,582,3,1,600,58.5
445658,446245,446249,587,4,1,600,59.1
445660,446252,446253,592,1,1,600,59.3
445661,446257,446260,596,3,1,600,59.9
445704,445805,447233,101,1428,8,6000,1.07072829132
445722,446262,446265,540,3,1,600,54.3
445724,446268,446270,544,2,1,600,54.6
445725,446274,446277,549,3,1,600,55.2
445726,446280,446282,554,2,1,600,55.6
445728,446285,446288,557,3,1,600,56.0
445729,446290,446322,561,32,1,600,18.53125
445730,446297,446299,567,2,1,600,56.9
445732,446302,446305,570,3,1,600,57.3
445733,446307,446310,574,3,1,600,57.7
445734,446313,446315,579,2,1,600,58.1
445736,446320,446323,584,3,1,600,58.7
445737,446325,446328,588,3,1,600,59.1
445738,446330,446333,592,3,1,600,59.5
445801,446342,446344,541,2,1,600,54.3
445803,446347,446350,544,3,1,600,54.7
445804,446353,446357,549,4,1,600,55.3
445805,446360,446364,555,4,1,600,55.9
445807,445969,447390,162,1421,8,6000,1.11400422238
445807,446365,446367,558,2,1,600,56.0
445808,446370,446400,562,30,1,600,19.7333333333
445811,446383,446387,572,4,1,600,57.6
445813,446393,446396,580,3,1,600,58.3
445815,446398,446401,583,3,1,600,58.6
445876,446406,446410,530,4,1,600,53.4
445878,446411,446444,533,33,1,600,17.1515151515
445879,446416,446419,537,3,1,600,54.0
445880,446424,446427,544,3,1,600,54.7
445882,446429,446430,547,1,1,600,54.8
445883,446435,446438,552,3,1,600,55.5
445884,446440,446442,556,2,1,600,55.8
445886,446447,446449,561,2,1,600,56.3
445887,446452,446455,565,3,1,600,56.8
445889,446457,446458,568,1,1,600,56.9
445890,446465,446467,575,2,1,600,57.7
445891,446470,446471,579,1,1,600,58.0
445893,446476,446480,583,4,1,600,58.7
445954,446481,446483,527,2,1,600,52.9
445955,446493,446500,538,7,1,600,54.5
445957,446499,446502,542,3,1,600,54.5
445958,446504,446507,546,3,1,600,54.9
445960,446509,446512,549,3,1,600,55.2
445961,446517,446525,556,8,1,600,56.4
445962,446522,446524,560,2,1,600,56.2
445964,446528,446531,564,3,1,600,56.7
445965,446533,446541,568,8,1,600,57.6
445966,446545,446547,579,2,1,600,58.1
445968,446551,446556,583,5,1,600,58.8
445969,446556,446559,587,3,1,600,59.0
445970,446561,446562,591,1,1,600,59.2
445972,445997,447412,25,1415,8,6000,1.01766784452
445972,446569,446583,597,14,1,600,43.6428571429
445973,446574,446584,601,10,1,600,61.1
445993,446025,447437,32,1412,8,6000,1.02266288952
446024,446173,447595,149,1422,8,6000,1.10478199719
446036,446585,446586,549,1,1,600,55.0
446037,446592,446605,555,13,1,600,43.6923076923
446038,446597,446600,559,3,1,600,56.2
446040,446602,446605,562,3,1,600,56.5
446041,446610,446612,569,2,1,600,57.1
446042,446615,446622,573,7,1,600,58.0
446044,446620,446623,576,3,1,600,57.9
446045,446633,446640,588,7,1,600,59.5
446108,446644,446647,536,3,1,600,53.9
446109,446649,446650,540,1,1,600,54.1
446110,446661,446666,551,5,1,600,55.6
446112,446667,446693,555,26,1,600,22.3461538462
446113,446672,446678,559,6,1,600,56.5
446114,446677,446687,563,10,1,600,57.3
446116,446685,446687,569,2,1,600,57.1
446117,446690,446693,573,3,1,600,57.6
446118,446696,446698,578,2,1,600,58.0
446120,446703,446748,583,45,1,600,13.9555555556
446121,446708,446712,587,4,1,600,59.1
446122,446713,446716,591,3,1,600,59.4
446124,446721,446724,597,3,1,600,60.0
446168,446488,447921,320,1433,8,6000,1.22330774599
446185,446726,446728,541,2,1,600,54.3
446186,446731,446735,545,4,1,600,54.9
446189,446744,446747,555,3,1,600,55.8
446190,446749,446752,559,3,1,600,56.2
446192,446757,446759,565,2,1,600,56.7
446193,446762,446765,569,3,1,600,57.2
446194,446767,446768,573,1,1,600,57.4
446196,446775,446778,579,3,1,600,58.2
446197,446780,446787,583,7,1,600,59.0
446200,446791,446793,591,2,1,600,59.3
446201,446797,446804,596,7,1,600,60.3
446263,446803,446806,540,3,1,600,54.3
446264,446808,446811,544,3,1,600,54.7
446266,446814,446820,548,6,1,600,55.4
446267,446821,446823,554,2,1,600,55.6
446268,446826,446832,558,6,1,600,56.4
446270,446831,446832,561,1,1,600,56.2
446271,446837,446839,566,2,1,600,56.8
446272,446849,446851,577,2,1,600,57.9
446274,446854,446859,580,5,1,600,58.5
446276,446865,446867,589,2,1,600,59.1
446278,446872,446873,594,1,1,600,59.5
446279,446877,446878,598,1,1,600,59.9
446280,446882,446885,602,3,1,600,60.5
446342,446888,446895,546,7,1,600,55.3
446343,446893,446902,550,9,1,600,55.9
446344,446900,446904,556,4,1,600,56.0
446346,446905,446908,559,3,1,600,56.2
446347,446910,446915,563,5,1,600,56.8
446348,446916,446918,568,2,1,600,57.0
446350,446923,446926,573,3,1,600,57.6
446351,446928,446931,577,3,1,600,58.0
446352,446933,446939,581,6,1,600,58.7
446354,446939,446941,585,2,1,600,58.7
446355,446946,446951,591,5,1,600,59.6
446356,446951,446958,595,7,1,600,60.2
446358,446957,446965,599,8,1,600,60.7
446359,446962,446964,603,2,1,600,60.5
446421,446969,446993,548,24,1,600,23.8333333333
446422,446974,446977,552,3,1,600,55.5
446423,446979,446982,556,3,1,600,55.9
446425,446987,446990,562,3,1,600,56.5
446426,446992,447000,566,8,1,600,57.4
446427,446998,447005,571,7,1,600,57.8
446429,447015,447018,586,3,1,600,58.9
446431,447026,447041,595,15,1,600,40.6666666667
446433,447031,447034,598,3,1,600,60.1
446434,447039,447042,605,3,1,600,60.8
446435,447044,447047,609,3,1,600,61.2
446437,447049,447052,612,3,1,600,61.5
446487,446540,447958,53,1418,8,6000,1.03737658674
446498,447055,447058,557,3,1,600,56.0
446500,447062,447065,562,3,1,600,56.5
446501,447067,447073,566,6,1,600,57.2
446502,447072,447075,570,3,1,600,57.3
446504,447078,447084,574,6,1,600,58.0
446505,447090,447093,585,3,1,600,58.8
446507,447096,447110,589,14,1,600,43.0714285714
446508,447101,447103,593,2,1,600,59.5
446509,447106,447109,597,3,1,600,60.0
446511,447114,447119,603,5,1,600,60.8
446512,447119,447120,607,1,1,600,60.8
446514,447125,447128,611,3,1,600,61.4
446515,447131,447134,616,3,1,600,61.9
446539,446628,448052,89,1424,8,6000,1.0625
446577,447137,447139,560,2,1,600,56.2
446578,447142,447149,564,7,1,600,57.1
446579,447147,447190,568,43,1,600,14.2093023256
446582,447165,447171,583,6,1,600,58.9
446583,447171,447178,588,7,1,600,59.5
446585,447176,447177,591,1,1,600,59.2
446586,447182,447211,596,29,1,600,21.5517241379
446587,447188,447191,601,3,1,600,60.4
446589,447193,447194,604,1,1,600,60.5
446590,447200,447203,610,3,1,600,61.3
446592,447205,447206,613,1,1,600,61.4
446632,446656,448081,24,1425,8,6000,1.01684210526
446653,446844,448279,191,1435,8,6000,1.1331010453
446654,447217,447220,563,3,1,600,56.6
446656,447223,447268,567,45,1,600,13.6
446657,447230,447236,573,6,1,600,57.9
446658,447235,447239,577,4,1,600,58.1
446660,447241,447243,581,2,1,600,58.3
446661,447246,447252,585,6,1,600,59.1
446663,447258,447260,595,2,1,600,59.7
446664,447263,447269,599,6,1,600,60.5
446665,447269,447275,604,6,1,600,61.0
446728,447281,447282,553,1,1,600,55.4
446729,447287,447288,558,1,1,600,55.9
446731,447293,447300,562,7,1,600,56.9
446732,447299,447304,567,5,1,600,57.2
446734,447304,447312,570,8,1,600,57.8
446735,447310,447311,575,1,1,600,57.6
446736,447315,447320,579,5,1,600,58.4
446738,447322,447324,584,2,1,600,58.6
446739,447327,447335,588,8,1,600,59.6
446741,447332,447336,591,4,1,600,59.5
446744,447353,447359,609,6,1,600,61.5
446745,447359,447362,614,3,1,600,61.7
446806,447370,447371,564,1,1,600,56.5
446808,447377,447394,569,17,1,600,34.4705882353
446809,447385,447388,576,3,1,600,57.9
446810,447400,447402,590,2,1,600,59.2
446812,447412,447422,600,10,1,600,61.0
446813,447418,447420,605,2,1,600,60.7
446815,447431,447440,616,9,1,600,62.5
446816,447438,447439,622,1,1,600,62.3
446817,447456,447459,639,3,1,600,64.2
446819,447461,447465,642,4,1,600,64.6
446823,447484,447491,661,7,1,600,66.8
446848,447010,448445,162,1435,8,6000,1.11289198606
446884,447490,447493,606,3,1,600,60.9
446886,447502,447530,616,28,1,600,23.0
446887,447509,447511,622,2,1,600,62.4
446888,447522,447528,634,6,1,600,64.0
446890,447539,447545,649,6,1,600,65.5
446891,447546,447555,655,9,1,600,66.4
446892,447556,447559,664,3,1,600,66.7
446895,447574,447582,679,8,1,600,68.7
446897,447581,447582,684,1,1,600,68.5
446899,447599,447607,700,8,1,600,70.8
446901,447606,447609,705,3,1,600,70.8
446964,447626,447665,662,39,1,600,17.9743589744
446965,447633,447661,668,28,1,600,24.8571428571
446967,447673,447674,706,1,1,600,70.7
446968,447680,447682,712,2,1,600,71.4
446969,447686,447689,717,3,1,600,72.0
446971,447694,447699,723,5,1,600,72.8
446972,447701,447723,729,22,1,600,34.1363636364
446973,447711,447716,738,5,1,600,74.3
446975,447728,447730,753,2,1,600,75.5
446976,447736,447738,760,2,1,600,76.2
446977,447742,447745,765,3,1,600,76.8
446979,447751,447753,772,2,1,600,77.4
447013,447085,448503,72,1418,8,6000,1.05077574048
447040,447757,447761,717,4,1,600,72.1
447042,447765,447769,723,4,1,600,72.7
447043,447773,447776,730,3,1,600,73.3
447045,447780,447783,735,3,1,600,73.8
447046,447787,447792,741,5,1,600,74.6
447047,447794,447802,747,8,1,600,75.5
447049,447803,447807,754,4,1,600,75.8
447050,447814,447816,764,2,1,600,76.6
447051,447821,447825,770,4,1,600,77.4
447053,447828,447831,775,3,1,600,77.8
447054,447836,447841,782,5,1,600,78.7
447055,447844,447846,789,2,1,600,79.1
447086,447160,448579,74,1419,8,6000,1.05214940099
447117,447852,447855,735,3,1,600,73.8
447118,447859,447860,741,1,1,600,74.2
447120,447866,447873,746,7,1,600,75.3
447121,447873,447885,752,12,1,600,63.6666666667
447122,447884,447891,762,7,1,600,76.9
447124,447897,447898,773,1,1,600,77.4
447125,447904,447942,779,38,1,600,21.5
447127,447911,447942,784,31,1,600,26.2903225806
447128,447953,447956,825,3,1,600,82.8
447129,447959,447961,830,2,1,600,83.2
447131,447968,447970,837,2,1,600,83.9
447132,447980,447994,848,14,1,600,61.5714285714
447133,447986,447988,853,2,1,600,85.5
447158,447253,448688,95,1435,8,6000,1.06620209059
447195,448000,448003,805,3,1,600,80.8
447196,448007,448029,811,22,1,600,37.8636363636
447198,448015,448019,817,4,1,600,82.1
447199,448030,448031,831,1,1,600,83.2
447200,448040,448041,840,1,1,600,84.1
447202,448048,448050,846,2,1,600,84.8
447203,448055,448061,852,6,1,600,85.8
447204,448061,448063,857,2,1,600,85.9
447206,448074,448101,868,27,1,600,33.1481481481
447207,448080,448082,873,2,1,600,87.5
447209,448099,448102,890,3,1,600,89.3
447251,447407,448854,156,1447,8,6000,1.10780926054
447270,448112,448113,842,1,1,600,84.3
447273,448127,448129,854,2,1,600,85.6
447274,448134,448136,860,2,1,600,86.2
447276,448140,448146,864,6,1,600,87.0
447277,448148,448155,871,7,1,600,87.8
447278,448158,448160,880,2,1,600,88.2
447280,448167,448168,887,1,1,600,88.8
447281,448175,448177,894,2,1,600,89.6
447282,448182,448227,900,45,1,600,21.0
447284,448189,448191,905,2,1,600,90.7
447286,448215,448221,929,6,1,600,93.5
447288,448233,448235,945,2,1,600,94.7
447323,447339,448831,16,1492,4,14400,1.01072386059
447349,448239,448244,890,5,1,600,89.5
447351,448246,448278,895,32,1,600,28.96875
447352,448256,448258,904,2,1,600,90.6
447353,448269,448272,916,3,1,600,91.9
447356,448295,448298,939,3,1,600,94.2
447358,448303,448305,945,2,1,600,94.7
447359,448310,448313,951,3,1,600,95.4
447360,448317,448323,957,6,1,600,96.3
447406,447424,448841,18,1417,8,6000,1.01270289344
447423,448335,448337,912,2,1,600,91.4
447424,448341,448344,917,3,1,600,92.0
447426,448349,448350,923,1,1,600,92.4
447427,447449,448869,22,1420,8,6000,1.01549295775
447427,448355,448376,928,21,1,600,45.1904761905
447428,448362,448367,934,5,1,600,93.9
447430,448379,448381,949,2,1,600,95.1
447431,448388,448393,957,5,1,600,96.2
447433,448394,448395,961,1,1,600,96.2
447448,447612,449037,164,1425,8,6000,1.1150877193
447494,448405,448410,911,5,1,600,91.6
447495,448412,448413,917,1,1,600,91.8
447497,448422,448425,925,3,1,600,92.8
447498,448428,448436,930,8,1,600,93.8
447500,448437,448443,937,6,1,600,94.3
447501,448448,448452,947,4,1,600,95.1
447502,448455,448465,953,10,1,600,96.3
447504,448469,448475,965,6,1,600,97.1
447565,448477,448503,912,26,1,600,36.0769230769
447567,448486,448487,919,1,1,600,92.0
447568,448498,448504,930,6,1,600,93.6
447569,448520,448522,951,2,1,600,95.3
447571,448527,448529,956,2,1,600,95.8
447573,448540,448542,967,2,1,600,96.9
447612,447933,449363,321,1430,8,6000,1.22447552448
447635,448547,448555,912,8,1,600,92.0
447636,448554,448563,918,9,1,600,92.7
447638,448568,448571,930,3,1,600,93.3
447639,448574,448584,935,10,1,600,94.5
447640,448584,448586,944,2,1,600,94.6
447642,448598,448600,956,2,1,600,95.8
447703,448603,448606,900,3,1,600,90.3
447705,448612,448614,907,2,1,600,90.9
447706,448619,448648,913,29,1,600,32.4827586207
447707,448626,448629,919,3,1,600,92.2
447709,448641,448646,932,5,1,600,93.7
447710,448657,448660,947,3,1,600,95.0
447771,448665,448667,894,2,1,600,89.6
447773,448672,448674,899,2,1,600,90.1
447774,448679,448682,905,3,1,600,90.8
447777,448693,448702,916,9,1,600,92.5
447778,448706,448707,928,1,1,600,92.9
447780,448714,448720,934,6,1,600,94.0
447781,448721,448722,940,1,1,600,94.1
447782,448731,448746,949,15,1,600,64.2666666667
447844,448739,448742,895,3,1,600,89.8
447845,448754,448756,909,2,1,600,91.1
447847,448760,448763,913,3,1,600,91.6
447848,448767,448770,919,3,1,600,92.2
447849,448775,448779,926,4,1,600,93.0
447851,448782,448783,931,1,1,600,93.2
447852,448790,448792,938,2,1,600,94.0
447853,448798,448805,945,7,1,600,95.2
447855,448804,448808,949,4,1,600,95.3
447916,448816,448824,900,8,1,600,90.8
447918,448823,448828,905,5,1,600,91.0
447919,448836,448838,917,2,1,600,91.9
447920,448842,448852,922,10,1,600,93.2
447922,448848,448892,926,44,1,600,22.0454545455
447923,448853,448860,930,7,1,600,93.7
447931,447975,449418,44,1443,8,6000,1.03049203049
447973,448067,449505,94,1438,8,6000,1.06536856745
447984,448859,448864,875,5,1,600,88.0
447986,448864,448895,878,31,1,600,29.3225806452
447987,448876,448878,889,2,1,600,89.1
447989,448882,448902,893,20,1,600,45.65
447990,448894,448899,904,5,1,600,90.9
448051,448900,448904,849,4,1,600,85.3
448053,448912,448918,859,6,1,600,86.5
448054,448917,448918,863,1,1,600,86.4
448055,448923,448929,868,6,1,600,87.4
448058,448935,448937,877,2,1,600,87.9
448060,448941,448943,881,2,1,600,88.3
448061,448946,448975,885,29,1,600,31.5172413793
448066,448092,449530,26,1438,8,6000,1.01808066759
448097,448290,449725,193,1435,8,6000,1.13449477352
448122,448951,448986,829,35,1,600,24.6857142857
448124,448958,448961,834,3,1,600,83.7
448125,448963,448967,838,4,1,600,84.2
448126,448969,448971,843,2,1,600,84.5
448128,448974,448981,846,7,1,600,85.3
448129,448981,448989,852,8,1,600,86.0
448130,448986,448987,856,1,1,600,85.7
448192,448992,448995,800,3,1,600,80.3
448193,448998,449003,805,5,1,600,81.0
448195,449005,449007,810,2,1,600,81.2
448196,449010,449013,814,3,1,600,81.7
448197,449016,449018,819,2,1,600,82.1
448199,449021,449023,822,2,1,600,82.4
448200,449028,449031,828,3,1,600,83.1
448201,449033,449036,832,3,1,600,83.5
448263,449039,449041,776,2,1,600,77.8
448264,449044,449046,780,2,1,600,78.2
448265,449057,449098,792,41,1,600,20.3170731707
448267,449062,449065,795,3,1,600,79.8
448268,449067,449103,799,36,1,600,23.1944444444
448270,449073,449076,803,3,1,600,80.6
448293,448462,449916,169,1454,8,6000,1.11623108666
448331,449080,449087,749,7,1,600,75.6
448332,449085,449090,753,5,1,600,75.8
448334,449090,449092,756,2,1,600,75.8
448335,449097,449100,762,3,1,600,76.5
448336,449104,449107,768,3,1,600,77.1
448338,449109,449112,771,3,1,600,77.4
448339,449115,449118,776,3,1,600,77.9
448340,449122,449125,782,3,1,600,78.5
448402,449127,449128,725,1,1,600,72.6
448403,449133,449138,730,5,1,600,73.5
448405,449138,449141,733,3,1,600,73.6
448406,449145,449147,739,2,1,600,74.1
448408,449150,449153,742,3,1,600,74.5
448409,449155,449157,746,2,1,600,74.8
448410,449161,449188,751,27,1,600,28.8148148148
448412,449168,449213,756,45,1,600,17.8
448458,448514,449947,56,1433,8,6000,1.03907885555
448474,449173,449215,699,42,1,600,17.6428571429
448475,449178,449179,703,1,1,600,70.4
448476,449184,449192,708,8,1,600,71.6
448478,449190,449194,712,4,1,600,71.6
448479,449196,449217,717,21,1,600,35.1428571429
448481,449203,449211,722,8,1,600,73.0
448483,449215,449221,732,6,1,600,73.8
448512,448590,450026,78,1436,8,6000,1.05431754875
448545,449221,449228,676,7,1,600,68.3
448548,449233,449235,685,2,1,600,68.7
448549,449239,449241,690,2,1,600,69.2
448552,449251,449253,699,2,1,600,70.1
448553,449257,449262,704,5,1,600,70.9
448595,448701,450137,106,1436,8,6000,1.07381615599
448616,449262,449263,646,1,1,600,64.7
448617,449269,449272,652,3,1,600,65.5
448619,449274,449277,655,3,1,600,65.8
448620,449279,449286,659,7,1,600,66.6
448623,449292,449299,669,7,1,600,67.6
448624,449297,449300,673,3,1,600,67.6
448626,449303,449307,677,4,1,600,68.1
448687,449308,449310,621,2,1,600,62.3
448689,449315,449347,626,32,1,600,20.5625
448690,449320,449321,630,1,1,600,63.1
448692,449326,449328,634,2,1,600,63.6
448693,449331,449332,638,1,1,600,63.9
448694,449338,449346,644,8,1,600,65.2
448696,449343,449346,647,3,1,600,65.0
448697,449349,449352,652,3,1,600,65.5
448698,448871,450296,173,1425,8,6000,1.12140350877
448760,449356,449358,596,2,1,600,59.8
448761,449361,449367,600,6,1,600,60.6
448764,449373,449388,609,15,1,600,41.6
448765,449379,449385,614,6,1,600,62.0
448767,449384,449388,617,4,1,600,62.1
448768,449396,449401,628,5,1,600,63.3
448769,449402,449409,633,7,1,600,64.0
448831,449407,449410,576,3,1,600,57.9
448833,449415,449418,582,3,1,600,58.5
448834,449420,449427,586,7,1,600,59.3
448836,449426,449429,590,3,1,600,59.3
448837,449431,449432,594,1,1,600,59.5
448838,449443,449449,605,6,1,600,61.1
448840,449449,449457,609,8,1,600,61.7
448841,449454,449457,613,3,1,600,61.6
448875,448889,450317,14,1428,8,6000,1.00980392157
448886,448907,450375,21,1468,8,6000,1.01430517711
448904,449466,449470,562,4,1,600,56.6
448906,449472,449490,566,18,1,600,32.4444444444
448907,449051,450485,144,1434,8,6000,1.10041841004
448907,449477,449480,570,3,1,600,57.3
448909,449484,449486,575,2,1,600,57.7
448910,449489,449493,579,4,1,600,58.3
448912,449495,449497,583,2,1,600,58.5
448913,449500,449502,587,2,1,600,58.9
448915,449507,449510,592,3,1,600,59.5
448916,449512,449515,596,3,1,600,59.9
448978,449517,449518,539,1,1,600,54.0
448981,449535,449567,554,32,1,600,18.3125
448982,449540,449542,558,2,1,600,56.0
448983,449546,449565,563,19,1,600,30.6315789474
448985,449551,449552,566,1,1,600,56.7
448986,449557,449559,571,2,1,600,57.3
448987,449569,449571,582,2,1,600,58.4
448989,449574,449576,585,2,1,600,58.7
448990,449579,449580,589,1,1,600,59.0
448992,449587,449589,595,2,1,600,59.7
448993,449592,449594,599,2,1,600,60.1
448994,449598,449600,604,2,1,600,60.6
448996,449603,449611,607,8,1,600,61.5
449052,449391,450830,339,1439,8,6000,1.23558026407
449057,449610,449612,553,2,1,600,55.5
449059,449615,449617,556,2,1,600,55.8
449060,449620,449690,560,70,1,600,9.0
449061,449626,449631,565,5,1,600,57.0
449063,449633,449635,570,2,1,600,57.2
449064,449638,449641,574,3,1,600,57.7
449066,449644,449651,578,7,1,600,58.5
449067,449649,449651,582,2,1,600,58.4
449068,449656,449658,588,2,1,600,59.0
449070,449661,449662,591,1,1,600,59.2
449133,449673,449680,540,7,1,600,54.7
449134,449678,449680,544,2,1,600,54.6
449137,449689,449692,552,3,1,600,55.5
449138,449696,449699,558,3,1,600,56.1
449140,449701,449702,561,1,1,600,56.2
449141,449707,449712,566,5,1,600,57.1
449142,449712,449715,570,3,1,600,57.3
449144,449719,449721,575,2,1,600,57.7
449145,449724,449726,579,2,1,600,58.1
449147,449729,449732,582,3,1,600,58.5
449148,449735,449739,587,4,1,600,59.1
449150,449747,449764,597,17,1,600,36.1176470588
449151,449753,449755,602,2,1,600,60.4
449212,449758,449763,546,5,1,600,55.1
449214,449763,449765,549,2,1,600,55.1
449217,449775,449781,558,6,1,600,56.4
449218,449781,449788,563,7,1,600,57.0
449219,449788,449791,569,3,1,600,57.2
449221,449793,449795,572,2,1,600,57.4
449222,449799,449801,577,2,1,600,57.9
449224,449804,449806,580,2,1,600,58.2
449226,449816,449820,590,4,1,600,59.4
449228,449821,449824,593,3,1,600,59.6
449229,449827,449829,598,2,1,600,60.0
449290,449834,449836,544,2,1,600,54.6
449292,449839,449841,547,2,1,600,54.9
449293,449844,449852,551,8,1,600,55.9
449296,449857,449863,561,6,1,600,56.7
449297,449862,449867,565,5,1,600,57.0
449299,449868,449890,569,22,1,600,26.8636363636
449300,449873,449876,573,3,1,600,57.6
449301,449880,449884,579,4,1,600,58.3
449303,449885,449889,582,4,1,600,58.6
449304,449891,449893,587,2,1,600,58.9
449306,449896,449901,590,5,1,600,59.5
449308,449908,449916,600,8,1,600,60.8
449370,449913,449916,543,3,1,600,54.6
449371,449919,449925,548,6,1,600,55.4
449373,449925,449930,552,5,1,600,55.7
449374,449931,450000,557,69,1,600,9.07246376812
449376,449936,449939,560,3,1,600,56.3
449377,449948,449955,571,7,1,600,57.8
449378,449954,449962,576,8,1,600,58.4
449380,449959,449960,579,1,1,600,58.0
449381,449965,449967,584,2,1,600,58.6
449383,449977,449979,594,2,1,600,59.6
449384,449982,450018,598,36,1,600,17.6111111111
449386,449987,449990,601,3,1,600,60.4
449391,449438,450933,47,1495,8,6000,1.03143812709
449443,449530,450973,87,1443,8,6000,1.06029106029
449447,449995,449997,548,2,1,600,55.0
449448,450000,450016,552,16,1,600,35.5
449450,450006,450015,556,9,1,600,56.5
449451,450013,450022,562,9,1,600,57.1
449453,450018,450023,565,5,1,600,57.0
449454,450023,450026,569,3,1,600,57.2
449455,450031,450033,576,2,1,600,57.8
449457,450036,450038,579,2,1,600,58.1
449458,450041,450045,583,4,1,600,58.7
449460,450054,450057,594,3,1,600,59.7
449461,450060,450062,599,2,1,600,60.1
449462,450065,450068,603,3,1,600,60.6
449525,450078,450087,553,9,1,600,56.2
449525,449563,451012,38,1449,8,6000,1.02622498275
449526,450083,450087,557,4,1,600,56.1
449528,450089,450093,561,4,1,600,56.5
449529,450094,450098,565,4,1,600,56.9
449531,450101,450108,570,7,1,600,57.7
449532,450106,450107,574,1,1,600,57.5
449533,450111,450117,578,6,1,600,58.4
449535,450117,450119,582,2,1,600,58.4
449536,450124,450126,588,2,1,600,59.0
449537,450129,450130,592,1,1,600,59.3
449539,450135,450143,596,8,1,600,60.4
449540,450140,450141,600,1,1,600,60.1
449567,449742,451171,175,1429,8,6000,1.12246326102
449603,450152,450154,549,2,1,600,55.1
449606,450163,450169,557,6,1,600,56.3
449607,450175,450185,568,10,1,600,57.8
449608,450181,450183,573,2,1,600,57.5
449610,450186,450187,576,1,1,600,57.7
449611,450192,450195,581,3,1,600,58.4
449612,450197,450198,585,1,1,600,58.6
449614,450204,450219,590,15,1,600,40.3333333333
449615,450209,450216,594,7,1,600,60.1
449677,450215,450224,538,9,1,600,54.7
449678,450220,450223,542,3,1,600,54.5
449681,450232,450236,551,4,1,600,55.5
449682,450239,450274,557,35,1,600,16.9142857143
449683,450244,450251,561,7,1,600,56.8
449685,450250,450256,565,6,1,600,57.1
449686,450255,450263,569,8,1,600,57.7
449687,450261,450269,574,8,1,600,58.2
449690,450273,450274,583,1,1,600,58.4
449692,450279,450281,587,2,1,600,58.9
449693,450285,450289,592,4,1,600,59.6
449695,450291,450294,596,3,1,600,59.9
449696,450296,450305,600,9,1,600,60.9
449697,450302,450304,605,2,1,600,60.7
449742,449943,451389,201,1446,8,6000,1.13900414938
449759,450307,450309,548,2,1,600,55.0
449760,450319,450321,559,2,1,600,56.1
449761,450324,450325,563,1,1,600,56.4
449763,450330,450332,567,2,1,600,56.9
449764,450342,450345,578,3,1,600,58.1
449766,450347,450350,581,3,1,600,58.4
449769,450358,450363,589,5,1,600,59.4
449770,450363,450383,593,20,1,600,30.65
449771,450371,450378,600,7,1,600,60.7
449773,450376,450379,603,3,1,600,60.6
449774,450381,450390,607,9,1,600,61.6
449836,450387,450394,551,7,1,600,55.8
449837,450399,450400,562,1,1,600,56.3
449838,450405,450412,567,7,1,600,57.4
449840,450410,450424,570,14,1,600,41.7142857143
449842,450422,450423,580,1,1,600,58.1
449844,450427,450430,583,3,1,600,58.6
449845,450433,450436,588,3,1,600,59.1
449846,450440,450448,594,8,1,600,60.2
449848,450445,450482,597,37,1,600,17.1351351351
449849,450451,450455,602,4,1,600,60.6
449851,450456,450457,605,1,1,600,60.6
449852,450463,450471,611,8,1,600,61.9
449913,450468,450473,555,5,1,600,56.0
449915,450474,450479,559,5,1,600,56.4
449916,450481,450487,565,6,1,600,57.1
449918,450486,450492,568,6,1,600,57.4
449920,450498,450499,578,1,1,600,57.9
449922,450504,450534,582,30,1,600,20.4
449923,450516,450520,593,4,1,600,59.7
449925,450521,450528,596,7,1,600,60.3
449926,450526,450529,600,3,1,600,60.3
449927,450532,450534,605,2,1,600,60.7
449929,450537,450567,608,30,1,600,21.2666666667
449930,450544,450566,614,22,1,600,28.9090909091
449931,450549,450560,618,11,1,600,57.1818181818
449947,449971,451398,24,1427,8,6000,1.01681850035
449969,450049,451486,80,1437,8,6000,1.05567153793
449993,450555,450558,562,3,1,600,56.5
449996,450567,450570,571,3,1,600,57.4
449997,450574,450576,577,2,1,600,57.9
449998,450579,450582,581,3,1,600,58.4
450000,450584,450588,584,4,1,600,58.8
450001,450592,450599,591,7,1,600,59.8
450003,450597,450598,594,1,1,600,59.5
450004,450603,450606,599,3,1,600,60.2
450051,450170,451614,119,1444,8,6000,1.0824099723
450066,450608,450609,542,1,1,600,54.3
450067,450615,450617,548,2,1,600,55.0
450069,450620,450621,551,1,1,600,55.2
450070,450626,450633,556,7,1,600,56.3
450071,450631,450634,560,3,1,600,56.3
450073,450638,450641,565,3,1,600,56.8
450074,450643,450644,569,1,1,600,57.0
450076,450649,450652,573,3,1,600,57.6
450077,450654,450657,577,3,1,600,58.0
450078,450661,450664,583,3,1,600,58.6
450080,450666,450669,586,3,1,600,58.9
450081,450671,450676,590,5,1,600,59.5
450082,450677,450679,595,2,1,600,59.7
450084,450684,450686,600,2,1,600,60.2
450145,450689,450690,544,1,1,600,54.5
450147,450695,450697,548,2,1,600,55.0
450148,450700,450702,552,2,1,600,55.4
450149,450707,450723,558,16,1,600,35.875
450151,450712,450713,561,1,1,600,56.2
450152,450718,450720,566,2,1,600,56.8
450153,450723,450725,570,2,1,600,57.2
450155,450730,450733,575,3,1,600,57.8
450156,450735,450738,579,3,1,600,58.2
450157,450741,450743,584,2,1,600,58.6
450159,450748,450750,589,2,1,600,59.1
450160,450753,450758,593,5,1,600,59.8
450163,450764,450767,601,3,1,600,60.4
450164,450771,450772,607,1,1,600,60.8
450175,450313,451762,138,1449,8,6000,1.09523809524
450226,450776,450777,550,1,1,600,55.1
450227,450782,450785,555,3,1,600,55.8
450229,450787,450831,558,44,1,600,13.6818181818
450230,450793,450796,563,3,1,600,56.6
450232,450800,450817,568,17,1,600,34.4117647059
450233,450805,450808,572,3,1,600,57.5
450235,450811,450814,576,3,1,600,57.9
450236,450816,450825,580,9,1,600,58.9
450237,450823,450828,586,5,1,600,59.1
450239,450828,450836,589,8,1,600,59.7
450240,450835,450840,595,5,1,600,60.0
450242,450840,450842,598,2,1,600,60.0
450303,450852,450858,549,6,1,600,55.5
450304,450857,450858,553,1,1,600,55.4
450306,450863,450866,557,3,1,600,56.0
450307,450869,450870,562,1,1,600,56.3
450309,450336,451770,27,1434,8,6000,1.01882845188
450310,450880,450883,570,3,1,600,57.3
450312,450886,450888,574,2,1,600,57.6
450314,450898,450900,584,2,1,600,58.6
450316,450903,450906,587,3,1,600,59.0
450317,450908,450925,591,17,1,600,35.7647058824
450319,450914,450919,595,5,1,600,60.0
450320,450921,450925,601,4,1,600,60.5
450341,450394,451840,53,1446,8,6000,1.03665283541
450382,450926,450929,544,3,1,600,54.7
450383,450932,450970,549,38,1,600,15.4473684211
450384,450937,450939,553,2,1,600,55.5
450386,450944,450947,558,3,1,600,56.1
450387,450949,450952,562,3,1,600,56.5
450389,450955,450960,566,5,1,600,57.1
450390,450960,450966,570,6,1,600,57.6
450392,450972,450973,580,1,1,600,58.1
450393,450510,451943,117,1433,8,6000,1.08164689463
450393,450978,450982,585,4,1,600,58.9
450395,450983,450985,588,2,1,600,59.0
450396,450996,451002,600,6,1,600,60.6
450458,451001,451043,543,42,1,600,13.9285714286
450459,451006,451010,547,4,1,600,55.1
450462,451019,451021,557,2,1,600,55.9
450464,451024,451028,560,4,1,600,56.4
450465,451029,451035,564,6,1,600,57.0
450467,451042,451052,575,10,1,600,58.5
450468,451048,451072,580,24,1,600,25.1666666667
450469,451053,451057,584,4,1,600,58.8
450471,451060,451063,589,3,1,600,59.2
450472,451065,451068,593,3,1,600,59.6
450506,450847,452296,341,1449,8,6000,1.2353347136
450534,451070,451094,536,24,1,600,23.3333333333
450535,451078,451083,543,5,1,600,54.8
450537,451083,451087,546,4,1,600,55.0
450538,451089,451091,551,2,1,600,55.3
450539,451095,451096,556,1,1,600,55.7
450541,451101,451109,560,8,1,600,56.8
450542,451106,451109,564,3,1,600,56.7
450543,451113,451122,570,9,1,600,57.9
450545,451118,451119,573,1,1,600,57.4
450546,451123,451131,577,8,1,600,58.5
450548,451129,451134,581,5,1,600,58.6
450549,451136,451138,587,2,1,600,58.9
450550,451141,451146,591,5,1,600,59.6
450613,451152,451157,539,5,1,600,54.4
450615,451159,451162,544,3,1,600,54.7
450616,451164,451167,548,3,1,600,55.1
450619,451175,451178,556,3,1,600,55.9
450620,451180,451196,560,16,1,600,36.0
450622,451193,451199,571,6,1,600,57.7
450625,451204,451207,579,3,1,600,58.2
450626,451209,451250,583,41,1,600,15.2195121951
450628,451217,451220,589,3,1,600,59.2
450629,451222,451225,593,3,1,600,59.6
450631,451228,451231,597,3,1,600,60.0
450632,451233,451235,601,2,1,600,60.3
450694,451240,451242,546,2,1,600,54.8
450695,451245,451291,550,46,1,600,12.9565217391
450698,451258,451263,560,5,1,600,56.5
450699,451263,451280,564,17,1,600,34.1764705882
450701,451269,451277,568,8,1,600,57.6
450702,451276,451305,574,29,1,600,20.7931034483
450704,451281,451285,577,4,1,600,58.1
450705,451287,451289,582,2,1,600,58.4
450706,451294,451297,588,3,1,600,59.1
450708,451299,451304,591,5,1,600,59.6
450709,451307,451311,598,4,1,600,60.2
450711,451312,451314,601,2,1,600,60.3
450712,451318,451320,606,2,1,600,60.8
450775,451330,451336,555,6,1,600,56.1
450776,451335,451338,559,3,1,600,56.2
450778,451341,451344,563,3,1,600,56.6
450779,451348,451350,569,2,1,600,57.1
450780,451353,451354,573,1,1,600,57.4
450782,451358,451361,576,3,1,600,57.9
450783,451364,451373,581,9,1,600,59.0
450785,451371,451376,586,5,1,600,59.1
450786,451376,451379,590,3,1,600,59.3
450787,451382,451388,595,6,1,600,60.1
450789,451387,451388,598,1,1,600,59.9
450790,451394,451402,604,8,1,600,61.2
450791,451399,451408,608,9,1,600,61.7
450845,450967,452418,122,1451,8,6000,1.08407994487
450853,451404,451405,551,1,1,600,55.2
450854,451410,451413,556,3,1,600,55.9
450856,451422,451424,566,2,1,600,56.8
450857,451427,451430,570,3,1,600,57.3
450860,451438,451445,578,7,1,600,58.5
450861,451450,451452,589,2,1,600,59.1
450863,451456,451464,593,8,1,600,60.1
450864,451461,451465,597,4,1,600,60.1
450866,451467,451471,601,4,1,600,60.5
450867,451472,451477,605,5,1,600,61.0
450869,451484,451490,615,6,1,600,62.1
450930,451490,451537,560,47,1,600,12.914893617
450932,451497,451499,565,2,1,600,56.7
450933,451502,451519,569,17,1,600,34.4705882353
450935,451514,451529,579,15,1,600,39.6
450936,451520,451521,584,1,1,600,58.5
450938,451530,451533,592,3,1,600,59.5
450939,451538,451540,599,2,1,600,60.1
450942,451557,451560,615,3,1,600,61.8
450944,451564,451567,620,3,1,600,62.3
450945,451572,451575,627,3,1,600,63.0
450946,451579,451585,633,6,1,600,63.9
450948,451587,451591,639,4,1,600,64.3
450969,450990,452444,21,1454,8,6000,1.01444291609
450990,451037,452467,47,1430,8,6000,1.03286713287
451009,451598,451603,589,5,1,600,59.4
451011,451605,451607,594,2,1,600,59.6
451012,451616,451626,604,10,1,600,61.4
451014,451622,451623,608,1,1,600,60.9
451015,451637,451638,622,1,1,600,62.3
451016,451644,451666,628,22,1,600,29.5454545455
451018,451651,451653,633,2,1,600,63.5
451021,452633,452669,1612,36,1,600,45.7777777778
451022,452681,452685,1659,4,1,600,166.3
451024,452697,452702,1673,5,1,600,167.8
451042,451188,452616,146,1428,8,6000,1.10224089636
451085,452715,452720,1630,5,1,600,163.5
451086,452731,452740,1645,9,1,600,165.4
451088,452752,452778,1664,26,1,600,65.0
451092,452814,452819,1722,5,1,600,172.7
451094,452831,452833,1737,2,1,600,173.9
451095,452845,452847,1750,2,1,600,175.2
451097,452859,452865,1762,6,1,600,176.8
451098,452872,452879,1774,7,1,600,178.1
451099,452879,452881,1780,2,1,600,178.2
451101,452891,452894,1790,3,1,600,179.3
451102,452898,452903,1796,5,1,600,180.1
451103,452906,452909,1803,3,1,600,180.6
451165,452915,452918,1750,3,1,600,175.3
451166,452921,452922,1755,1,1,600,175.6
451168,452930,452936,1762,6,1,600,176.8
451169,452936,452941,1767,5,1,600,177.2
451171,452948,452951,1777,3,1,600,178.0
451172,452955,452957,1783,2,1,600,178.5
451173,452962,452970,1789,8,1,600,179.7
451175,452969,452978,1794,9,1,600,180.3
451176,452981,452989,1805,8,1,600,181.3
451178,452990,452999,1812,9,1,600,182.1
451180,454896,454899,3716,3,1,600,371.9
451182,454901,454911,3719,10,1,600,372.9
451186,451416,452855,230,1439,8,6000,1.15983321751
451243,454906,454911,3663,5,1,600,366.8
451245,454914,454917,3669,3,1,600,367.2
451246,454922,454925,3676,3,1,600,367.9
451247,454927,454929,3680,2,1,600,368.2
451249,454933,454939,3684,6,1,600,369.0
451250,454940,454943,3690,3,1,600,369.3
451251,454946,454971,3695,25,1,600,148.8
451253,454953,454959,3700,6,1,600,370.6
451254,454959,454962,3705,3,1,600,370.8
451256,454971,454975,3715,4,1,600,371.9
451257,454977,454983,3720,6,1,600,372.6
451259,454984,454987,3725,3,1,600,372.8
451320,454991,454998,3671,7,1,600,367.8
451321,454998,455003,3677,5,1,600,368.2
451323,455004,455007,3681,3,1,600,368.4
451324,455011,455013,3687,2,1,600,368.9
451326,455017,455025,3691,8,1,600,369.9
451327,455023,455031,3696,8,1,600,370.4
451328,455030,455070,3702,40,1,600,93.55
451330,455036,455043,3706,7,1,600,371.3
451331,455042,455067,3711,25,1,600,149.44
451332,455055,455057,3723,2,1,600,372.5
451335,455078,455081,3743,3,1,600,374.6
451398,455090,455093,3692,3,1,600,369.5
451399,455096,455127,3697,31,1,600,120.258064516
451402,455108,455109,3706,1,1,600,370.7
451404,455116,455118,3712,2,1,600,371.4
451406,455129,455132,3723,3,1,600,372.6
451408,455135,455141,3727,6,1,600,373.3
451409,455142,455143,3733,1,1,600,373.4
451410,455148,455149,3738,1,1,600,373.9
451412,455155,455162,3743,7,1,600,375.0
451413,455160,455161,3747,1,1,600,374.8
451414,455166,455174,3752,8,1,600,376.0
451416,455173,455176,3757,3,1,600,376.0
451422,451445,456233,23,4788,5,14400,1.00480367586
451443,451479,456131,36,4652,5,14400,1.00773860705
451477,455178,455184,3701,6,1,600,370.7
451479,455186,455191,3707,5,1,600,371.2
451480,455192,455193,3712,1,1,600,371.3
451482,455198,455202,3716,4,1,600,372.0
451483,455206,455213,3723,7,1,600,373.0
451484,451509,456528,25,5019,5,14400,1.00498107193
451485,455211,455243,3726,32,1,600,117.4375
451486,455217,455225,3731,8,1,600,373.9
451488,455224,455227,3736,3,1,600,373.9
451489,455236,455237,3747,1,1,600,374.8
451491,455243,455246,3752,3,1,600,375.5
451506,451551,456174,45,4623,5,14400,1.009733939
451547,451630,456301,83,4671,5,14400,1.0177692143
451552,455251,455253,3699,2,1,600,370.1
451554,455257,455261,3703,4,1,600,370.7
451555,455262,455271,3707,9,1,600,371.6
451557,455269,455271,3712,2,1,600,371.4
451558,455276,455283,3718,7,1,600,372.5
451559,455282,455290,3723,8,1,600,373.1
451561,455288,455290,3727,2,1,600,372.9
451562,455294,455302,3732,8,1,600,374.0
451563,455301,455303,3738,2,1,600,374.0
451625,455307,455308,3682,1,1,600,368.3
451626,455313,455314,3687,1,1,600,368.8
451628,455320,455321,3692,1,1,600,369.3
451629,455326,455328,3697,2,1,600,369.9
451630,451677,456148,47,4471,5,14400,1.01051218967
451631,455332,455335,3701,3,1,600,370.4
451632,455337,455340,3705,3,1,600,370.8
451633,455343,455345,3710,2,1,600,371.2
451636,455356,455360,3720,4,1,600,372.4
451682,451775,456523,93,4748,5,14400,1.01958719461
451698,455362,455364,3664,2,1,600,366.6
451699,455368,455371,3669,3,1,600,367.2
451700,455374,455376,3674,2,1,600,367.6
451701,455380,455381,3679,1,1,600,368.0
451775,451781,455817,6,4036,5,14400,1.00148662042
451785,451793,455912,8,4119,5,14400,1.00194221899
451796,451853,456705,57,4852,5,14400,1.01174773289
451858,451955,456125,97,4170,5,14400,1.02326139089
451951,451961,455992,10,4031,5,14400,1.002480774
451962,452308,457107,346,4799,5,14400,1.07209835382
452312,452318,456524,6,4206,5,14400,1.00142653352
452323,452430,456882,107,4452,5,14400,1.02403414196
452426,452455,457086,29,4631,5,14400,1.0062621464
452457,452463,456342,6,3879,5,14400,1.00154679041
452468,452479,456711,11,4232,5,14400,1.00259924386
452479,452627,456925,148,4298,5,14400,1.03443462075
452623,452639,457751,16,5112,5,14400,1.00312989045
452644,452867,457289,223,4422,5,14400,1.05042966983
452724,455387,455389,2663,2,1,600,266.5
452726,455393,455404,2667,11,1,600,243.454545455
452727,455399,455401,2672,2,1,600,267.4
452729,455406,455411,2677,5,1,600,268.2
452853,455428,455430,2575,2,1,600,257.7
452855,455433,455435,2578,2,1,600,258.0
452856,455439,455480,2583,41,1,600,64.0
452857,455446,455447,2589,1,1,600,259.0
452871,453012,457566,141,4554,5,14400,1.03096179183
452920,455458,455460,2538,2,1,600,254.0
452922,455465,455467,2543,2,1,600,254.5
452923,455472,455481,2549,9,1,600,255.8
452924,455480,455488,2556,8,1,600,256.4
452927,455499,455523,2572,24,1,600,108.166666667
452928,455505,455508,2577,3,1,600,258.0
452930,455511,455513,2581,2,1,600,258.3
452991,455520,455540,2529,20,1,600,127.45
452993,455527,455534,2534,7,1,600,254.1
452994,455535,455536,2541,1,1,600,254.2
452995,455545,455548,2550,3,1,600,255.3
452998,455558,455560,2560,2,1,600,256.2
453000,455564,455565,2564,1,1,600,256.5
453015,455832,460536,2817,4704,5,14400,1.59885204082
453061,455570,455572,2509,2,1,600,251.1
453062,455576,455578,2514,2,1,600,251.6
453382,458155,459452,4773,1297,4,14400,4.6800308404
454926,455582,455584,656,2,1,600,65.8
454928,455588,455590,660,2,1,600,66.2
454929,455595,455601,666,6,1,600,67.2
454930,455600,455602,670,2,1,600,67.2
454932,455606,455644,674,38,1,600,18.7368421053
454993,455613,455615,620,2,1,600,62.2
454994,455618,455619,624,1,1,600,62.5
454996,455626,455631,630,5,1,600,63.5
454997,455634,455636,637,2,1,600,63.9
454998,455642,455645,644,3,1,600,64.7
454999,455650,455656,651,6,1,600,65.7
455001,455661,455664,660,3,1,600,66.3
455002,455667,455675,665,8,1,600,67.3
455003,455673,455683,670,10,1,600,68.0
455005,455680,455683,675,3,1,600,67.8
455066,455687,455692,621,5,1,600,62.6
455070,455706,455712,636,6,1,600,64.2
455073,455718,455723,645,5,1,600,65.0
455074,455726,455749,652,23,1,600,29.347826087
455075,455731,455733,656,2,1,600,65.8
455076,455737,455744,661,7,1,600,66.8
455078,455744,455746,666,2,1,600,66.8
455139,455756,455759,617,3,1,600,62.0
455142,455768,455771,626,3,1,600,62.9
455143,455774,455776,631,2,1,600,63.3
455144,455780,455784,636,4,1,600,64.0
455145,455786,455789,641,3,1,600,64.4
455147,455794,455796,647,2,1,600,64.9
455148,455800,455803,652,3,1,600,65.5
455149,455806,455822,657,16,1,600,42.0625
455152,455819,455853,667,34,1,600,20.6176470588
455213,455825,455832,612,7,1,600,61.9
455215,455838,455839,623,1,1,600,62.4
455216,455846,455849,630,3,1,600,63.3
455217,455852,455855,635,3,1,600,63.8
455218,455860,455861,642,1,1,600,64.3
455220,455868,455870,648,2,1,600,65.0
455221,455873,455916,652,43,1,600,16.1627906977
455222,455880,455884,658,4,1,600,66.2
455224,455887,455894,663,7,1,600,67.0
455286,455906,455955,620,49,1,600,13.6530612245
455288,455912,455915,624,3,1,600,62.7
455289,455931,455934,642,3,1,600,64.5
455290,455936,455943,646,7,1,600,65.3
455291,455947,455952,656,5,1,600,66.1
455293,455954,455960,661,6,1,600,66.7
455294,455963,455970,669,7,1,600,67.6
455295,455970,455973,675,3,1,600,67.8
455297,455976,455985,679,9,1,600,68.8
455298,455984,456009,686,25,1,600,28.44
455299,455991,455993,692,2,1,600,69.4
455300,455997,455998,697,1,1,600,69.8
455362,456010,456012,648,2,1,600,65.0
455363,456021,456026,658,5,1,600,66.3
455364,456027,456028,663,1,1,600,66.4
455366,456039,456058,673,19,1,600,36.4210526316
455367,456045,456048,678,3,1,600,68.1
455368,456060,456068,692,8,1,600,70.0
455372,456087,456089,715,2,1,600,71.7
455374,456093,456095,719,2,1,600,72.1
455375,456101,456104,726,3,1,600,72.9
455376,456108,456114,732,6,1,600,73.8
455377,456116,456118,739,2,1,600,74.1
455439,456127,456130,688,3,1,600,69.1
455442,456153,456156,711,3,1,600,71.4
455443,456158,456161,715,3,1,600,71.8
455444,456171,456174,727,3,1,600,73.0
455447,456183,456186,736,3,1,600,73.9
455448,456195,456198,747,3,1,600,75.0
455450,456201,456209,751,8,1,600,75.9
455451,456207,456210,756,3,1,600,75.9
455452,456215,456217,763,2,1,600,76.5
455514,456222,456224,708,2,1,600,71.0
455515,456228,456237,713,9,1,600,72.2
455516,456234,456241,718,7,1,600,72.5
455518,456241,456246,723,5,1,600,72.8
455519,456254,456255,735,1,1,600,73.6
455521,456259,456261,738,2,1,600,74.0
455522,456266,456268,744,2,1,600,74.6
455523,456271,456280,748,9,1,600,75.7
455524,456278,456280,754,2,1,600,75.6
455590,456304,456306,714,2,1,600,71.6
455591,456309,456312,718,3,1,600,72.1
455593,456321,456324,728,3,1,600,73.1
455594,456328,456331,734,3,1,600,73.7
455595,456333,456336,738,3,1,600,74.1
455597,456340,456343,743,3,1,600,74.6
455598,456346,456349,748,3,1,600,75.1
455599,456359,456361,760,2,1,600,76.2
455601,456366,456371,765,5,1,600,77.0
455662,456371,456375,709,4,1,600,71.3
455663,456378,456380,715,2,1,600,71.7
455665,456385,456388,720,3,1,600,72.3
455666,456391,456394,725,3,1,600,72.8
455667,456397,456405,730,8,1,600,73.8
455669,456404,456407,735,3,1,600,73.8
455670,456410,456411,740,1,1,600,74.1
455671,456417,456421,746,4,1,600,75.0
455673,456424,456427,751,3,1,600,75.4
455674,456430,456433,756,3,1,600,75.9
455736,456436,456439,700,3,1,600,70.3
455737,456443,456495,706,52,1,600,14.5769230769
455738,456450,456453,712,3,1,600,71.5
455740,456456,456458,716,2,1,600,71.8
455741,456465,456471,724,6,1,600,73.0
455742,456471,456473,729,2,1,600,73.1
455745,456490,456512,745,22,1,600,34.8636363636
455746,456497,456498,751,1,1,600,75.2
455748,456507,456509,759,2,1,600,76.1
455809,456513,456545,704,32,1,600,23.0
455810,456521,456533,711,12,1,600,60.25
455812,456529,456532,717,3,1,600,72.0
455813,456549,456551,736,2,1,600,73.8
455814,456554,456580,740,26,1,600,29.4615384615
455816,456566,456591,750,25,1,600,31.0
455817,456573,456578,756,5,1,600,76.1
455818,456590,456597,772,7,1,600,77.9
455820,456596,456599,776,3,1,600,77.9
455822,456610,456613,788,3,1,600,79.1
455829,455924,460345,95,4421,5,14400,1.02148835105
455885,456622,456624,737,2,1,600,73.9
455886,456629,456635,743,6,1,600,74.9
455888,456634,456640,746,6,1,600,75.2
455890,456648,456656,758,8,1,600,76.6
455892,456655,456662,763,7,1,600,77.0
455893,456660,456667,767,7,1,600,77.4
455894,456669,456673,775,4,1,600,77.9
455896,456675,456681,779,6,1,600,78.5
455922,456004,460750,82,4746,5,14400,1.01727770754
455957,456682,456685,725,3,1,600,72.8
455959,456690,456692,731,2,1,600,73.3
455960,456697,456734,737,37,1,600,20.9189189189
455961,456702,456703,741,1,1,600,74.2
455963,456710,456716,747,6,1,600,75.3
455964,456722,456735,758,13,1,600,59.3076923077
455965,456734,456736,769,2,1,600,77.1
455967,456745,456750,778,5,1,600,78.3
455968,456753,456755,785,2,1,600,78.7
456004,456141,461155,137,5014,5,14400,1.02732349422
456029,456758,456761,729,3,1,600,73.2
456034,456778,456783,744,5,1,600,74.9
456035,456783,456786,748,3,1,600,75.1
456036,456789,456795,753,6,1,600,75.9
456038,456796,456800,758,4,1,600,76.2
456039,456804,456806,765,2,1,600,76.7
456040,456810,456812,770,2,1,600,77.2
456102,456817,456827,715,10,1,600,72.5
456103,456822,456830,719,8,1,600,72.7
456105,456829,456847,724,18,1,600,41.2222222222
456106,456839,456841,733,2,1,600,73.5
456107,456846,456849,739,3,1,600,74.2
456109,456852,456854,743,2,1,600,74.5
456110,456859,456864,749,5,1,600,75.4
456111,456865,456869,754,4,1,600,75.8
456138,456148,460077,10,3929,5,14400,1.00254517689
456149,456166,460782,17,4616,5,14400,1.00368284229
456170,456190,460739,20,4549,5,14400,1.00439657067
456173,456870,456894,697,24,1,600,30.0416666667
456174,456878,456881,704,3,1,600,70.7
456176,456885,456920,709,35,1,600,21.2571428571
456177,456892,456900,715,8,1,600,72.3
456178,456906,456910,728,4,1,600,73.2
456180,456912,456921,732,9,1,600,74.1
456181,456921,456925,740,4,1,600,74.4
456191,456248,460279,57,4031,5,14400,1.01414041181
456242,456932,456934,690,2,1,600,69.2
456243,456316,460290,73,3974,5,14400,1.01836940111
456244,456944,456948,700,4,1,600,70.4
456245,456949,456957,704,8,1,600,71.2
456246,456955,456958,709,3,1,600,71.2
456248,456962,456971,714,9,1,600,72.3
456249,456969,456972,720,3,1,600,72.3
456251,456974,457005,723,31,1,600,24.3225806452
456254,456989,456995,735,6,1,600,74.1
456316,456353,460701,37,4348,5,14400,1.00850965961
456318,457014,457016,696,2,1,600,69.8
456319,457021,457023,702,2,1,600,70.4
456321,457026,457032,705,6,1,600,71.1
456322,457032,457041,710,9,1,600,71.9
456323,457039,457045,716,6,1,600,72.2
456325,457045,457049,720,4,1,600,72.4
456326,457052,457053,726,1,1,600,72.7
456327,457059,457060,732,1,1,600,73.3
456330,457071,457074,741,3,1,600,74.4
456357,456535,460927,178,4392,5,14400,1.04052823315
456392,457078,457083,686,5,1,600,69.1
456396,457097,457098,701,1,1,600,70.2
456398,457102,457105,704,3,1,600,70.7
456399,457114,457158,715,44,1,600,17.25
456400,457126,457127,726,1,1,600,72.7
456402,457131,457135,729,4,1,600,73.3
456403,457138,457152,735,14,1,600,53.5
456404,457147,457149,743,2,1,600,74.5
456466,457160,457167,694,7,1,600,70.1
456467,457166,457173,699,7,1,600,70.6
456469,457174,457211,705,37,1,600,20.0540540541
456470,457180,457181,710,1,1,600,71.1
456471,457187,457193,716,6,1,600,72.2
456473,457193,457196,720,3,1,600,72.3
456474,457204,457205,730,1,1,600,73.1
456475,457211,457219,736,8,1,600,74.4
456477,457218,457222,741,4,1,600,74.5
456478,457225,457231,747,6,1,600,75.3
456480,457232,457234,752,2,1,600,75.4
456533,456542,460683,9,4141,5,14400,1.00217338807
456541,457239,457240,698,1,1,600,69.9
456542,457247,457255,705,8,1,600,71.3
456544,456561,461166,17,4605,5,14400,1.00369163952
456544,457252,457256,708,4,1,600,71.2
456545,457258,457287,713,29,1,600,25.5862068966
456546,457266,457271,720,5,1,600,72.5
456548,457274,457278,726,4,1,600,73.0
456549,457282,457285,733,3,1,600,73.6
456550,457289,457291,739,2,1,600,74.1
456565,456717,460715,152,3998,5,14400,1.0380190095
456612,457298,457300,686,2,1,600,68.8
456613,457310,457313,697,3,1,600,70.0
456615,457316,457318,701,2,1,600,70.3
456616,457323,457326,707,3,1,600,71.0
456617,457329,457332,712,3,1,600,71.5
456619,457335,457337,716,2,1,600,71.8
456620,457342,457344,722,2,1,600,72.4
456621,457348,457351,727,3,1,600,73.0
456623,457353,457356,730,3,1,600,73.3
456684,457360,457362,676,2,1,600,67.8
456686,457367,457373,681,6,1,600,68.7
456687,457373,457374,686,1,1,600,68.7
456689,457379,457384,690,5,1,600,69.5
456690,457385,457386,695,1,1,600,69.6
456693,457397,457402,704,5,1,600,70.9
456695,457402,457407,707,5,1,600,71.2
456696,457408,457437,712,29,1,600,25.5517241379
456698,457415,457426,717,11,1,600,66.1818181818
456699,457422,457425,723,3,1,600,72.6
456719,456729,461844,10,5115,5,14400,1.00195503421
456730,456898,461613,168,4715,5,14400,1.03563096501
456761,457437,457438,676,1,1,600,67.7
456762,457443,457445,681,2,1,600,68.3
456764,457449,457452,685,3,1,600,68.8
456765,457455,457458,690,3,1,600,69.3
456766,457461,457465,695,4,1,600,69.9
456768,457468,457473,700,5,1,600,70.5
456769,457475,457477,706,2,1,600,70.8
456770,457482,457489,712,7,1,600,71.9
456772,457488,457491,716,3,1,600,71.9
456833,457493,457521,660,28,1,600,24.5714285714
456834,457500,457505,666,5,1,600,67.1
456836,457507,457509,671,2,1,600,67.3
456837,457516,457517,679,1,1,600,68.0
456838,457524,457529,686,5,1,600,69.1
456840,457530,457537,690,7,1,600,69.7
456841,457538,457551,697,13,1,600,54.6153846154
456842,457545,457548,703,3,1,600,70.6
456844,457551,457555,707,4,1,600,71.1
456895,456939,461662,44,4723,5,14400,1.00931611264
456905,457560,457562,655,2,1,600,65.7
456906,457566,457567,660,1,1,600,66.1
456908,457572,457574,664,2,1,600,66.6
456909,457583,457584,674,1,1,600,67.5
456910,457589,457597,679,8,1,600,68.7
456911,457595,457598,684,3,1,600,68.7
456913,457601,457608,688,7,1,600,69.5
456914,457609,457611,695,2,1,600,69.7
456915,457615,457618,700,3,1,600,70.3
456916,457622,457624,706,2,1,600,70.8
456936,457109,461221,173,4112,5,14400,1.04207198444
456978,457628,457659,650,31,1,600,21.9677419355
456979,457635,457641,656,6,1,600,66.2
456983,457660,457666,677,6,1,600,68.3
456984,457666,457705,682,39,1,600,18.4871794872
456986,457674,457678,688,4,1,600,69.2
456987,457680,457683,693,3,1,600,69.6
456989,457697,457699,708,2,1,600,71.0
457051,457704,457706,653,2,1,600,65.5
457052,457711,457713,659,2,1,600,66.1
457053,457717,457740,664,23,1,600,29.8695652174
457055,457723,457725,668,2,1,600,67.0
457056,457729,457730,673,1,1,600,67.4
457058,457744,457748,686,4,1,600,69.0
457060,457750,457788,690,38,1,600,19.1578947368
457061,457757,457765,696,8,1,600,70.4
457062,457770,457772,708,2,1,600,71.0
457064,457776,457783,712,7,1,600,71.9
457112,457121,461041,9,3920,5,14400,1.00229591837
457122,457305,461974,183,4669,5,14400,1.03919468837
457125,457785,457794,660,9,1,600,66.9
457126,457796,457798,670,2,1,600,67.2
457128,457802,457808,674,6,1,600,68.0
457129,457808,457809,679,1,1,600,68.0
457130,457816,457818,686,2,1,600,68.8
457132,457823,457825,691,2,1,600,69.3
457133,457828,457829,695,1,1,600,69.6
457135,457834,457835,699,1,1,600,70.0
457197,457847,457849,650,2,1,600,65.2
457199,457853,457861,654,8,1,600,66.2
457200,457859,457865,659,6,1,600,66.5
457201,457865,457868,664,3,1,600,66.7
457203,457872,457874,669,2,1,600,67.1
457204,457878,457887,674,9,1,600,68.3
457205,457885,457890,680,5,1,600,68.5
457207,457890,457892,683,2,1,600,68.5
457208,457899,457903,691,4,1,600,69.5
457270,457907,457923,637,16,1,600,40.8125
457271,457912,457915,641,3,1,600,64.4
457272,457918,457921,646,3,1,600,64.9
457274,457927,457936,653,9,1,600,66.2
457275,457934,457936,659,2,1,600,66.1
457276,457939,457977,663,38,1,600,18.4473684211
457279,457953,457955,674,2,1,600,67.6
457280,457959,458000,679,41,1,600,17.5609756098
457282,457966,457968,684,2,1,600,68.6
457283,457980,457983,697,3,1,600,70.0
457308,457578,461623,270,4045,5,14400,1.06674907293
457344,457988,457991,644,3,1,600,64.7
457346,457995,457998,649,3,1,600,65.2
457347,458002,458005,655,3,1,600,65.8
457348,458009,458029,661,20,1,600,34.05
457350,458016,458024,666,8,1,600,67.4
457351,458021,458023,670,2,1,600,67.2
457352,458034,458042,682,8,1,600,69.0
457354,458042,458050,688,8,1,600,69.6
457355,458047,458069,692,22,1,600,32.4545454545
457356,458053,458060,697,7,1,600,70.4
457358,458062,458064,704,2,1,600,70.6
457419,458072,458074,653,2,1,600,65.5
457420,458078,458082,658,4,1,600,66.2
457422,458085,458093,663,8,1,600,67.1
457423,458090,458106,667,16,1,600,42.6875
457425,458096,458097,671,1,1,600,67.2
457426,458104,458106,678,2,1,600,68.0
457428,458117,458120,689,3,1,600,69.2
457430,458123,458160,693,37,1,600,19.7297297297
457431,458130,458132,699,2,1,600,70.1
457433,458137,458139,704,2,1,600,70.6
457494,458144,458146,650,2,1,600,65.2
457495,458161,458167,666,6,1,600,67.2
457497,458166,458168,669,2,1,600,67.1
457498,458172,458176,674,4,1,600,67.8
457499,458177,458186,678,9,1,600,68.7
457501,458182,458200,681,18,1,600,38.8333333333
457503,458193,458229,690,36,1,600,20.1666666667
457505,458198,458223,693,25,1,600,28.72
457506,458210,458213,704,3,1,600,70.7
457569,458222,458223,653,1,1,600,65.4
457570,458230,458232,660,2,1,600,66.2
457572,458235,458238,663,3,1,600,66.6
457573,458241,458244,668,3,1,600,67.1
457574,458246,458247,672,1,1,600,67.3
457575,457765,461998,190,4233,5,14400,1.04488542405
457577,458258,458261,681,3,1,600,68.4
457581,458274,458276,693,2,1,600,69.5
457644,458286,458289,642,3,1,600,64.5
457645,458291,458296,646,5,1,600,65.1
457647,458296,458302,649,6,1,600,65.5
457648,458304,458307,656,3,1,600,65.9
457649,458309,458311,660,2,1,600,66.2
457651,458314,458315,663,1,1,600,66.4
457652,458320,458321,668,1,1,600,66.9
457653,458326,458328,673,2,1,600,67.5
457655,458331,458332,676,1,1,600,67.7
457716,458338,458347,622,9,1,600,63.1
457717,458343,458345,626,2,1,600,62.8
457719,458348,458354,629,6,1,600,63.5
457720,458355,458361,635,6,1,600,64.1
457721,458360,458363,639,3,1,600,64.2
457723,458367,458370,644,3,1,600,64.7
457724,458372,458375,648,3,1,600,65.1
457726,458377,458389,651,12,1,600,55.25
457727,458384,458387,657,3,1,600,66.0
457761,458150,463190,389,5040,5,14400,1.07718253968
457790,458395,458398,605,3,1,600,60.8
457792,458402,458407,610,5,1,600,61.5
457793,458407,458413,614,6,1,600,62.0
457794,458412,458414,618,2,1,600,62.0
457796,458417,458420,621,3,1,600,62.4
457797,458424,458426,627,2,1,600,62.9
457798,458429,458431,631,2,1,600,63.3
457800,458436,458441,636,5,1,600,64.1
457801,458441,458447,640,6,1,600,64.6
457803,458446,458449,643,3,1,600,64.6
457865,458458,458460,593,2,1,600,59.5
457867,458463,458465,596,2,1,600,59.8
457868,458470,458476,602,6,1,600,60.8
457870,458475,458479,605,4,1,600,60.9
457871,458480,458482,609,2,1,600,61.1
457872,458487,458490,615,3,1,600,61.8
457874,458492,458497,618,5,1,600,62.3
457875,458499,458532,624,33,1,600,19.9090909091
457878,458509,458511,631,2,1,600,63.3
457879,458516,458523,637,7,1,600,64.4
457880,458521,458523,641,2,1,600,64.3
457942,458526,458528,584,2,1,600,58.6
457943,458532,458534,589,2,1,600,59.1
457944,458538,458577,594,39,1,600,16.2307692308
457946,458544,458551,598,7,1,600,60.5
457947,458550,458553,603,3,1,600,60.6
457948,458556,458592,608,36,1,600,17.8888888889
457950,458561,458562,611,1,1,600,61.2
457952,458573,458576,621,3,1,600,62.4
457954,458579,458582,625,3,1,600,62.8
458017,458592,458594,575,2,1,600,57.7
458018,458597,458603,579,6,1,600,58.5
458019,458604,458606,585,2,1,600,58.7
458020,458609,458615,589,6,1,600,59.5
458022,458614,458655,592,41,1,600,15.4390243902
458024,458626,458630,602,4,1,600,60.6
458086,458631,458634,545,3,1,600,54.8
458087,458638,458644,551,6,1,600,55.7
458088,458643,458646,555,3,1,600,55.8
458090,458650,458656,560,6,1,600,56.6
458091,458655,458658,564,3,1,600,56.7
458094,458667,458715,573,48,1,600,12.9375
458095,458674,458677,579,3,1,600,58.2
458096,458679,458726,583,47,1,600,13.4042553191
458098,458684,458687,586,3,1,600,58.9
458099,458690,458697,591,7,1,600,59.8
458151,458205,462558,54,4353,5,14400,1.01240523777
458160,458696,458701,536,5,1,600,54.1
458162,458703,458710,541,7,1,600,54.8
458163,458709,458732,546,23,1,600,24.7391304348
458164,458716,458717,552,1,1,600,55.3
458165,458722,458724,557,2,1,600,55.9
458167,458728,458736,561,8,1,600,56.9
458168,458734,458736,566,2,1,600,56.8
458170,458741,458743,571,2,1,600,57.3
458171,458746,458751,575,5,1,600,58.0
458172,458752,458753,580,1,1,600,58.1
458174,458758,458779,584,21,1,600,28.8095238095
458203,459468,464188,1265,4720,5,14400,1.26800847458
458235,458763,458782,528,19,1,600,28.7894736842
458236,458769,458772,533,3,1,600,53.6
458238,458775,458777,537,2,1,600,53.9
458239,458780,458782,541,2,1,600,54.3
458240,458787,458794,547,7,1,600,55.4
458242,458793,458796,551,3,1,600,55.4
458243,458799,458829,556,30,1,600,19.5333333333
458245,458804,458807,559,3,1,600,56.2
458246,458809,458812,563,3,1,600,56.6
458249,458821,458828,572,7,1,600,57.9
458250,458827,458830,577,3,1,600,58.0
458313,458838,458841,525,3,1,600,52.8
458315,458845,458846,530,1,1,600,53.1
458316,458850,458853,534,3,1,600,53.7
458317,458855,458862,538,7,1,600,54.5
458319,458860,458861,541,1,1,600,54.2
458320,458867,458869,547,2,1,600,54.9
458321,458872,458873,551,1,1,600,55.2
458323,458877,458880,554,3,1,600,55.7
458324,458884,458888,560,4,1,600,56.4
458325,458889,458891,564,2,1,600,56.6
458327,458894,458898,567,4,1,600,57.1
458328,458901,458907,573,6,1,600,57.9
458329,458906,458909,577,3,1,600,58.0
458391,458911,458919,520,8,1,600,52.8
458392,458917,458919,525,2,1,600,52.7
458393,458923,458928,530,5,1,600,53.5
458395,458930,458935,535,5,1,600,54.0
458396,458935,458936,539,1,1,600,54.0
458397,458941,458946,544,5,1,600,54.9
458398,458947,458950,549,3,1,600,55.2
458400,458952,459002,552,50,1,600,12.04
458401,458958,458962,557,4,1,600,56.1
458402,458964,458971,562,7,1,600,56.9
458403,458969,458977,566,8,1,600,57.4
458405,458975,458977,570,2,1,600,57.2
458406,458981,458992,575,11,1,600,53.2727272727
458467,458987,458990,520,3,1,600,52.3
458469,458994,458997,525,3,1,600,52.8
458470,459000,459022,530,22,1,600,25.0909090909
458471,459006,459007,535,1,1,600,53.6
458473,459012,459017,539,5,1,600,54.4
458474,459018,459021,544,3,1,600,54.7
458475,459024,459031,549,7,1,600,55.6
458477,459029,459037,552,8,1,600,56.0
458478,459036,459044,558,8,1,600,56.6
458479,459041,459044,562,3,1,600,56.5
458480,459046,459053,566,7,1,600,57.3
458482,459053,459058,571,5,1,600,57.6
458483,459058,459061,575,3,1,600,57.8
458547,459075,459077,528,2,1,600,53.0
458548,459082,459084,534,2,1,600,53.6
458550,459087,459125,537,38,1,600,15.1315789474
458551,459092,459100,541,8,1,600,54.9
458552,459099,459103,547,4,1,600,55.1
458553,459104,459110,551,6,1,600,55.7
458555,459109,459149,554,40,1,600,14.85
458556,459116,459117,560,1,1,600,56.1
458557,459122,459131,565,9,1,600,57.4
458559,459129,459131,570,2,1,600,57.2
458560,459134,459143,574,9,1,600,58.3
458621,459141,459149,520,8,1,600,52.8
458623,459147,459154,524,7,1,600,53.1
458624,459153,459171,529,18,1,600,30.3888888889
458625,459159,459161,534,2,1,600,53.6
458628,459172,459174,544,2,1,600,54.6
458629,459177,459181,548,4,1,600,55.2
458630,459185,459187,555,2,1,600,55.7
458632,459190,459196,558,6,1,600,56.4
458633,459195,459198,562,3,1,600,56.5
458635,459203,459206,568,3,1,600,57.1
458636,459208,459209,572,1,1,600,57.3
458638,459213,459217,575,4,1,600,57.9
458700,459220,459222,520,2,1,600,52.2
458701,459225,459226,524,1,1,600,52.5
458702,459231,459233,529,2,1,600,53.1
458704,459236,459263,532,27,1,600,20.7037037037
458705,459243,459245,538,2,1,600,54.0
458706,459248,459249,542,1,1,600,54.3
458707,459253,459256,546,3,1,600,54.9
458709,459260,459261,551,1,1,600,55.2
458710,459265,459268,555,3,1,600,55.8
458711,459271,459276,560,5,1,600,56.5
458713,459278,459286,565,8,1,600,57.3
458774,459283,459290,509,7,1,600,51.6
458775,459288,459323,513,35,1,600,15.6571428571
458777,459294,459300,517,6,1,600,52.3
458778,459300,459302,522,2,1,600,52.4
458779,459307,459311,528,4,1,600,53.2
458781,459312,459315,531,3,1,600,53.4
458782,459319,459352,537,33,1,600,17.2727272727
458783,459324,459329,541,5,1,600,54.6
458786,459336,459339,550,3,1,600,55.3
458787,459343,459346,556,3,1,600,55.9
458789,459348,459350,559,2,1,600,56.1
458790,459353,459356,563,3,1,600,56.6
458791,459360,459363,569,3,1,600,57.2
458792,459366,459374,574,8,1,600,58.2
458794,459372,459373,578,1,1,600,57.9
458855,459378,459380,523,2,1,600,52.5
458857,459383,459386,526,3,1,600,52.9
458858,459390,459394,532,4,1,600,53.6
458859,459395,459464,536,69,1,600,8.76811594203
458861,459400,459409,539,9,1,600,54.8
458862,459407,459410,545,3,1,600,54.8
458863,459412,459418,549,6,1,600,55.5
458865,459418,459424,553,6,1,600,55.9
458866,459424,459432,558,8,1,600,56.6
458867,459430,459465,563,35,1,600,17.0857142857
458868,459436,459438,568,2,1,600,57.0
458871,459449,459454,578,5,1,600,58.3
458872,459456,459458,584,2,1,600,58.6
458934,459461,459464,527,3,1,600,53.0
458935,459474,459478,539,4,1,600,54.3
458936,459482,459520,546,38,1,600,15.3684210526
458938,459487,459490,549,3,1,600,55.2
458939,459492,459494,553,2,1,600,55.5
458940,459499,459502,559,3,1,600,56.2
458943,459511,459514,568,3,1,600,57.1
458944,459518,459522,574,4,1,600,57.8
458945,459523,459547,578,24,1,600,25.0833333333
458947,459529,459532,582,3,1,600,58.5
458948,459536,459542,588,6,1,600,59.4
459011,459548,459551,537,3,1,600,54.0
459014,459561,459564,547,3,1,600,55.0
459015,459567,459575,552,8,1,600,56.0
459017,459573,459577,556,4,1,600,56.0
459018,459578,459623,560,45,1,600,13.4444444444
459019,459585,459587,566,2,1,600,56.8
459021,459591,459629,570,38,1,600,16.0
459022,459597,459600,575,3,1,600,57.8
459023,459604,459606,581,2,1,600,58.3
459025,459612,459615,587,3,1,600,59.0
459026,459619,459621,593,2,1,600,59.5
459028,459627,459629,599,2,1,600,60.1
459029,459634,459644,605,10,1,600,61.5
459090,459641,459646,551,5,1,600,55.6
459092,459646,459648,554,2,1,600,55.6
459093,459651,459654,558,3,1,600,56.1
459094,459657,459665,563,8,1,600,57.1
459096,459663,459666,567,3,1,600,57.0
459097,459670,459674,573,4,1,600,57.7
459098,459675,459677,577,2,1,600,57.9
459100,459682,459693,582,11,1,600,53.9090909091
459101,459687,459689,586,2,1,600,58.8
459102,459694,459700,592,6,1,600,59.8
459104,459699,459701,595,2,1,600,59.7
459165,459706,459708,541,2,1,600,54.3
459167,459711,459714,544,3,1,600,54.7
459168,459717,459723,549,6,1,600,55.5
459169,459723,459725,554,2,1,600,55.6
459171,459729,459732,558,3,1,600,56.1
459172,459735,459738,563,3,1,600,56.6
459173,459741,459744,568,3,1,600,57.1
459175,459747,459752,572,5,1,600,57.7
459176,459754,459757,578,3,1,600,58.1
459177,459759,459765,582,6,1,600,58.8
459179,459766,459768,587,2,1,600,58.9
459180,459771,459777,591,6,1,600,59.7
459183,459783,459790,600,7,1,600,60.7
459184,459790,459792,606,2,1,600,60.8
459246,459795,459801,549,6,1,600,55.5
459247,459800,459801,553,1,1,600,55.4
459248,459806,459810,558,4,1,600,56.2
459250,459812,459814,562,2,1,600,56.4
459251,459819,459825,568,6,1,600,57.4
459252,459824,459832,572,8,1,600,58.0
459254,459831,459833,577,2,1,600,57.9
459255,459836,459839,581,3,1,600,58.4
459257,459842,459848,585,6,1,600,59.1
459258,459850,459882,592,32,1,600,19.5
459259,459855,459858,596,3,1,600,59.9
459261,459862,459869,601,7,1,600,60.8
459262,459867,459872,605,5,1,600,61.0
459324,459873,459875,549,2,1,600,55.1
459325,459880,459883,555,3,1,600,55.8
459326,459886,459891,560,5,1,600,56.5
459328,459892,459898,564,6,1,600,57.0
459329,459898,459899,569,1,1,600,57.0
459331,459904,459907,573,3,1,600,57.6
459332,459910,459911,578,1,1,600,57.9
459334,459916,459925,582,9,1,600,59.1
459335,459921,459924,586,3,1,600,58.9
459336,459928,459930,592,2,1,600,59.4
459338,459933,459945,595,12,1,600,50.5833333333
459340,459939,459942,599,3,1,600,60.2
459402,459951,459954,549,3,1,600,55.2
459404,459958,459964,554,6,1,600,56.0
459405,459964,459968,559,4,1,600,56.3
459406,459969,459971,563,2,1,600,56.5
459408,459975,459978,567,3,1,600,57.0
459409,459981,459984,572,3,1,600,57.5
459411,459988,459992,577,4,1,600,58.1
459412,459993,459998,581,5,1,600,58.6
459414,459999,460000,585,1,1,600,58.6
459417,460011,460015,594,4,1,600,59.8
459418,460017,460019,599,2,1,600,60.1
459419,460022,460025,603,3,1,600,60.6
459467,460094,464596,627,4502,5,14400,1.13927143492
459481,460029,460031,548,2,1,600,55.0
459482,460034,460037,552,3,1,600,55.5
459484,460040,460048,556,8,1,600,56.4
459485,461607,476025,2122,14418,4,14400,1.14717713969
459485,460046,460048,561,2,1,600,56.3
459486,460052,460055,566,3,1,600,56.9
459488,460058,460061,570,3,1,600,57.3
459489,460064,460065,575,1,1,600,57.6
459490,460070,460083,580,13,1,600,45.6153846154
459492,460077,460080,585,3,1,600,58.8
459493,460082,460087,589,5,1,600,59.4
459494,460087,460088,593,1,1,600,59.4
459496,460101,460104,605,3,1,600,60.8
459557,460106,460109,549,3,1,600,55.2
459559,460111,460114,552,3,1,600,55.5
459560,460117,460120,557,3,1,600,56.0
459561,460124,460125,563,1,1,600,56.4
459563,460131,460136,568,5,1,600,57.3
459567,460150,460151,583,1,1,600,58.4
459568,460156,460160,588,4,1,600,59.2
459569,460162,460173,593,11,1,600,54.9090909091
459571,460168,460178,597,10,1,600,60.7
459572,460175,460177,603,2,1,600,60.5
459573,460184,460191,611,7,1,600,61.8
459635,460191,460216,556,25,1,600,23.24
459636,460196,460198,560,2,1,600,56.2
459637,460202,460209,565,7,1,600,57.2
459639,460210,460212,571,2,1,600,57.3
459641,460227,460235,586,8,1,600,59.4
459643,460232,460235,589,3,1,600,59.2
459644,460239,460264,595,25,1,600,24.8
459645,460247,460278,602,31,1,600,20.4193548387
459647,460252,460261,605,9,1,600,61.4
459708,460272,460273,564,1,1,600,56.5
459709,460280,460292,571,12,1,600,48.5833333333
459711,460287,460289,576,2,1,600,57.8
459712,460299,460303,587,4,1,600,59.1
459713,460311,460316,598,5,1,600,60.3
459715,460316,460318,601,2,1,600,60.3
459716,460323,460348,607,25,1,600,25.28
459717,460329,460330,612,1,1,600,61.3
459719,460334,460337,615,3,1,600,61.8
459720,460341,460343,621,2,1,600,62.3
459721,460349,460363,628,14,1,600,45.8571428571
459723,460355,460357,632,2,1,600,63.4
459724,460368,460387,644,19,1,600,34.8947368421
459726,460375,460403,649,28,1,600,24.1785714286
459788,460380,460385,592,5,1,600,59.7
459789,460396,460400,607,4,1,600,61.1
459790,460402,460403,612,1,1,600,61.3
459792,460411,460414,619,3,1,600,62.2
459793,460419,460467,626,48,1,600,14.0416666667
459794,460424,460427,630,3,1,600,63.3
459796,460430,460437,634,7,1,600,64.1
459797,460439,460448,642,9,1,600,65.1
459798,460449,460452,651,3,1,600,65.4
459800,460460,460462,660,2,1,600,66.2
459801,460467,460514,666,47,1,600,15.170212766
459802,460473,460474,671,1,1,600,67.2
459804,460480,460484,676,4,1,600,68.0
459866,460495,460502,629,7,1,600,63.6
459868,460502,460505,634,3,1,600,63.7
459869,460513,460514,644,1,1,600,64.5
459870,460520,460522,650,2,1,600,65.2
459872,460527,460529,655,2,1,600,65.7
459873,460532,460534,659,2,1,600,66.1
459874,460539,460541,665,2,1,600,66.7
459876,460545,460549,669,4,1,600,67.3
459877,460551,460553,674,2,1,600,67.6
459878,460562,460569,684,7,1,600,69.1
459880,460569,460570,689,1,1,600,69.0
459881,460575,460582,694,7,1,600,70.1
459943,460581,460608,638,27,1,600,24.6296296296
459944,460587,460590,643,3,1,600,64.6
459945,460594,460597,649,3,1,600,65.2
459947,460602,460610,655,8,1,600,66.3
459948,460609,460611,661,2,1,600,66.3
459949,460619,460658,670,39,1,600,18.1794871795
459951,460625,460628,674,3,1,600,67.7
459952,460631,460633,679,2,1,600,68.1
459953,460641,460645,688,4,1,600,69.2
459955,460648,460652,693,4,1,600,69.7
459956,460657,460658,701,1,1,600,70.2
459958,460664,460667,706,3,1,600,70.9
459959,460670,460673,711,3,1,600,71.4
459960,460676,460678,716,2,1,600,71.8
460023,460689,460694,666,5,1,600,67.1
460024,460694,460721,670,27,1,600,25.8148148148
460026,460707,460709,681,2,1,600,68.3
460027,460719,460720,692,1,1,600,69.3
460029,460726,460728,697,2,1,600,69.9
460030,460738,460740,708,2,1,600,71.0
460032,460743,460749,711,6,1,600,71.7
460033,460750,460758,717,8,1,600,72.5
460034,460762,460775,728,13,1,600,57.0
460036,460767,460771,731,4,1,600,73.5
460037,460779,460780,742,1,1,600,74.3
460038,460784,460787,746,3,1,600,74.9
460093,460294,464761,201,4467,5,14400,1.04499664204
460100,460791,460794,691,3,1,600,69.4
460101,460797,460800,696,3,1,600,69.9
460103,460802,460805,699,3,1,600,70.2
460104,460814,460817,710,3,1,600,71.3
460105,460820,460822,715,2,1,600,71.7
460107,460827,460837,720,10,1,600,73.0
460108,460832,460833,724,1,1,600,72.5
460109,460839,460857,730,18,1,600,41.5555555556
460111,460844,460851,733,7,1,600,74.0
460112,460851,460853,739,2,1,600,74.1
460113,460856,460862,743,6,1,600,74.9
460115,460863,460866,748,3,1,600,75.1
460176,460870,460879,694,9,1,600,70.3
460177,460875,460876,698,1,1,600,69.9
460179,460882,460921,703,39,1,600,19.0256410256
460180,460887,460890,707,3,1,600,71.0
460181,460894,460897,713,3,1,600,71.6
460183,460899,460902,716,3,1,600,71.9
460184,460905,460908,721,3,1,600,72.4
460186,460912,460924,726,12,1,600,61.5
460187,460919,460922,732,3,1,600,73.5
460188,460925,460930,737,5,1,600,74.2
460190,460934,460956,744,22,1,600,34.8181818182
460251,460939,460944,688,5,1,600,69.3
460252,460951,460954,699,3,1,600,70.2
460254,460957,460967,703,10,1,600,71.3
460255,460964,460966,709,2,1,600,71.1
460256,460971,460984,715,13,1,600,56.0
460258,460976,460983,718,7,1,600,72.5
460260,460988,460995,728,7,1,600,73.5
460289,460306,464376,17,4070,5,14400,1.00417690418
460310,460363,464730,53,4367,5,14400,1.01213647813
460322,460995,460996,673,1,1,600,67.4
460323,461000,461003,677,3,1,600,68.0
460326,461012,461015,686,3,1,600,68.9
460328,461024,461030,696,6,1,600,70.2
460330,461030,461032,700,2,1,600,70.2
460331,461036,461039,705,3,1,600,70.8
460332,461042,461047,710,5,1,600,71.5
460362,460557,464933,195,4376,5,14400,1.04456124314
460394,461048,461049,654,1,1,600,65.5
460395,461054,461058,659,4,1,600,66.3
460396,461066,461068,670,2,1,600,67.2
460398,461071,461075,673,4,1,600,67.7
460399,461077,461079,678,2,1,600,68.0
460402,461089,461092,687,3,1,600,69.0
460403,461096,461099,693,3,1,600,69.6
460465,461101,461103,636,2,1,600,63.8
460466,461106,461107,640,1,1,600,64.1
460467,461114,461116,647,2,1,600,64.9
460468,461119,461153,651,34,1,600,20.1470588235
460470,461126,461128,656,2,1,600,65.8
460471,461131,461133,660,2,1,600,66.2
460474,461145,461147,671,2,1,600,67.3
460475,461150,461153,675,3,1,600,67.8
460538,461164,461166,626,2,1,600,62.8
460539,461176,461177,637,1,1,600,63.8
460540,461182,461188,642,6,1,600,64.8
460542,461187,461188,645,1,1,600,64.6
460543,461199,461202,656,3,1,600,65.9
460544,461205,461210,661,5,1,600,66.6
460546,461212,461218,666,6,1,600,67.2
460547,461217,461219,670,2,1,600,67.2
460548,461224,461226,676,2,1,600,67.8
460550,461229,461236,679,7,1,600,68.6
460551,461241,461244,690,3,1,600,69.3
460558,460702,465344,144,4642,5,14400,1.03102111159
460612,461247,461250,635,3,1,600,63.8
460615,461259,461262,644,3,1,600,64.7
460618,461271,461307,653,36,1,600,19.1388888889
460619,461276,461283,657,7,1,600,66.4
460621,461288,461289,667,1,1,600,66.8
460622,461295,461298,673,3,1,600,67.6
460623,461301,461347,678,46,1,600,15.7391304348
460625,461310,461315,685,5,1,600,69.0
460686,461319,461321,633,2,1,600,63.5
460687,461327,461329,640,2,1,600,64.2
460689,461334,461356,645,22,1,600,30.3181818182
460690,461341,461347,651,6,1,600,65.7
460693,461364,461383,671,19,1,600,36.3157894737
460694,461371,461374,677,3,1,600,68.0
460695,461376,461379,681,3,1,600,68.4
460697,461386,461403,689,17,1,600,41.5294117647
460698,461393,461400,695,7,1,600,70.2
460702,460714,464529,12,3815,5,14400,1.00314547837
460713,460732,465342,19,4610,5,14400,1.00412147505
460734,460756,464927,22,4171,5,14400,1.0052745145
460755,460774,465588,19,4814,5,14400,1.00394682177
460761,461411,461420,650,9,1,600,65.9
460762,461418,461421,656,3,1,600,65.9
460764,461424,461426,660,2,1,600,66.2
460765,461432,461434,667,2,1,600,66.9
460766,461439,461441,673,2,1,600,67.5
460768,461444,461452,676,8,1,600,68.4
460769,461450,461453,681,3,1,600,68.4
460776,460809,466013,33,5204,5,14400,1.00634127594
460808,460946,465974,138,5028,5,14400,1.02744630072
460831,461457,461460,626,3,1,600,62.9
460832,461464,461469,632,5,1,600,63.7
460833,461470,461505,637,35,1,600,19.2
460835,461477,461509,642,32,1,600,21.0625
460836,461484,461487,648,3,1,600,65.1
460838,461498,461501,660,3,1,600,66.3
460839,461512,461515,673,3,1,600,67.6
460841,461519,461555,678,36,1,600,19.8333333333
460842,461524,461527,682,3,1,600,68.5
460844,461531,461533,687,2,1,600,68.9
460845,461536,461539,691,3,1,600,69.4
460906,461543,461547,637,4,1,600,64.1
460908,461549,461593,641,44,1,600,15.5681818182
460911,461564,461571,653,7,1,600,66.0
460913,461576,461577,663,1,1,600,66.4
460915,461582,461591,667,9,1,600,67.6
460918,461594,461595,676,1,1,600,67.7
460919,461614,461618,695,4,1,600,69.9
460920,461619,461620,699,1,1,600,70.0
460942,461060,466083,118,5023,5,14400,1.02349193709
460983,461637,461667,654,30,1,600,22.8
460985,461642,461654,657,12,1,600,55.75
460986,461654,461661,668,7,1,600,67.5
460987,461666,461670,679,4,1,600,68.3
460989,461672,461676,683,4,1,600,68.7
460990,461684,461685,694,1,1,600,69.5
460992,461691,461696,699,5,1,600,70.4
460993,461696,461698,703,2,1,600,70.5
460994,461703,461729,709,26,1,600,28.2692307692
460997,461715,461717,718,2,1,600,72.0
461059,461721,461722,662,1,1,600,66.3
461060,461729,461732,669,3,1,600,67.2
461061,461736,461738,675,2,1,600,67.7
461063,461743,461750,680,7,1,600,68.7
461064,461750,461772,686,22,1,600,32.1818181818
461066,461171,465263,105,4092,5,14400,1.02565982405
461066,461755,461758,689,3,1,600,69.2
461067,461762,461771,695,9,1,600,70.4
461070,461789,461791,719,2,1,600,72.1
461073,461804,461813,731,9,1,600,74.0
461076,461822,461831,746,9,1,600,75.5
461138,461842,461844,704,2,1,600,70.6
461140,461849,461855,709,6,1,600,71.5
461141,461861,461864,720,3,1,600,72.3
461142,461867,461875,725,8,1,600,73.3
461145,461887,461893,742,6,1,600,74.8
461147,461893,461894,746,1,1,600,74.7
461148,461904,461907,756,3,1,600,75.9
461149,461912,461932,763,20,1,600,39.15
461151,461919,461926,768,7,1,600,77.5
461169,461194,465283,25,4089,5,14400,1.00611396429
461190,461236,465820,46,4584,5,14400,1.01003490401
461212,461928,461933,716,5,1,600,72.1
461214,461938,461943,724,5,1,600,72.9
461215,461944,461945,729,1,1,600,73.0
461216,461950,461952,734,2,1,600,73.6
461218,461956,461957,738,1,1,600,73.9
461219,461961,461965,742,4,1,600,74.6
461221,461968,461970,747,2,1,600,74.9
461222,461973,461974,751,1,1,600,75.2
461223,461980,461981,757,1,1,600,75.8
461225,461992,462033,767,41,1,600,19.7073170732
461226,461997,462013,771,16,1,600,49.1875
461228,462005,462020,777,15,1,600,52.8
461232,461602,466335,370,4733,5,14400,1.07817451933
461272,461283,461388,11,105,1,300,1.10476190476
461289,462025,462027,736,2,1,600,73.8
461291,462031,462037,740,6,1,600,74.6
461292,462039,462082,747,43,1,600,18.3720930233
461294,462046,462053,752,7,1,600,75.9
461295,462053,462055,758,2,1,600,76.0
461297,462064,462074,767,10,1,600,77.7
461298,462072,462074,774,2,1,600,77.6
461300,462085,462119,785,34,1,600,24.0882352941
461301,462090,462092,789,2,1,600,79.1
461363,462097,462106,734,9,1,600,74.3
461364,462103,462109,739,6,1,600,74.5
461365,462118,462122,753,4,1,600,75.7
461367,462124,462131,757,7,1,600,76.4
461368,462132,462134,764,2,1,600,76.6
461369,462138,462147,769,9,1,600,77.8
461371,462145,462150,774,5,1,600,77.9
461372,462151,462161,779,10,1,600,78.9
461390,461399,461499,9,100,1,300,1.09
461435,462165,462167,730,2,1,600,73.2
461436,462172,462174,736,2,1,600,73.8
461438,462177,462179,739,2,1,600,74.1
461439,462184,462185,745,1,1,600,74.6
461441,462192,462194,751,2,1,600,75.3
461442,462197,462214,755,17,1,600,45.4117647059
461443,462203,462204,760,1,1,600,76.1
461445,462211,462213,766,2,1,600,76.8
461446,462218,462225,772,7,1,600,77.9
461447,462225,462229,778,4,1,600,78.2
461449,462231,462232,782,1,1,600,78.3
461510,462238,462241,728,3,1,600,73.1
461512,462251,462254,739,3,1,600,74.2
461513,462258,462261,745,3,1,600,74.8
461514,462266,462268,752,2,1,600,75.4
461517,462280,462286,763,6,1,600,76.9
461518,462287,462323,769,36,1,600,22.3611111111
461520,462298,462300,778,2,1,600,78.0
461521,462312,462318,791,6,1,600,79.7
461583,462330,462332,747,2,1,600,74.9
461584,462337,462339,753,2,1,600,75.5
461586,462344,462349,758,5,1,600,76.3
461587,462350,462353,763,3,1,600,76.6
461588,462360,462363,772,3,1,600,77.5
461590,462368,462371,778,3,1,600,78.1
461591,462375,462377,784,2,1,600,78.6
461594,462390,462399,796,9,1,600,80.5
461595,462396,462405,801,9,1,600,81.0
461597,462412,462419,815,7,1,600,82.2
461602,461631,465791,29,4160,5,14400,1.00697115385
461633,461649,465735,16,4086,5,14400,1.00391581008
461644,461679,465620,35,3941,5,14400,1.00888099467
461658,462419,462424,761,5,1,600,76.6
461660,462431,462433,771,2,1,600,77.3
461661,462438,462442,777,4,1,600,78.1
461663,462445,462447,782,2,1,600,78.4
461664,462451,462471,787,20,1,600,40.35
461665,462458,462461,793,3,1,600,79.6
461667,462464,462466,797,2,1,600,79.9
461676,461855,465898,179,4043,5,14400,1.04427405392
461728,462472,462489,744,17,1,600,44.7647058824
461730,462480,462485,750,5,1,600,75.5
461731,462486,462489,755,3,1,600,75.8
461734,462504,462507,770,3,1,600,77.3
461735,462509,462529,774,20,1,600,39.7
461737,462516,462521,779,5,1,600,78.4
461738,462522,462525,784,3,1,600,78.7
461739,462533,462535,794,2,1,600,79.6
461741,462540,462548,799,8,1,600,80.7
461742,462546,462547,804,1,1,600,80.5
461756,461770,461917,14,147,1,300,1.09523809524
461805,462558,462574,753,16,1,600,48.0625
461808,462571,462574,763,3,1,600,76.6
461809,462583,462587,774,4,1,600,77.8
461812,462595,462596,783,1,1,600,78.4
461813,462602,462604,789,2,1,600,79.1
461851,461987,466307,136,4320,5,14400,1.03148148148
461875,462607,462610,732,3,1,600,73.5
461878,462620,462623,742,3,1,600,74.5
461879,462627,462629,748,2,1,600,75.0
461880,462632,462640,752,8,1,600,76.0
461882,462639,462641,757,2,1,600,75.9
461883,462646,462654,763,8,1,600,77.1
461884,462653,462657,769,4,1,600,77.3
461886,462658,462660,772,2,1,600,77.4
461949,462673,462675,724,2,1,600,72.6
461950,462678,462679,728,1,1,600,72.9
461951,462685,462689,734,4,1,600,73.8
461953,462692,462700,739,8,1,600,74.7
461954,462697,462698,743,1,1,600,74.4
461955,462703,462706,748,3,1,600,75.1
461958,462717,462718,759,1,1,600,76.0
461985,462012,466328,27,4316,5,14400,1.0062557924
462017,462578,467616,561,5038,5,14400,1.11135371179
462020,462723,462728,703,5,1,600,70.8
462021,462729,462733,708,4,1,600,71.2
462023,462735,462737,712,2,1,600,71.4
462024,462742,462749,718,7,1,600,72.5
462025,462749,462751,724,2,1,600,72.6
462027,462754,462758,727,4,1,600,73.1
462028,462761,462763,733,2,1,600,73.5
462090,462768,462775,678,7,1,600,68.5
462091,462775,462780,684,5,1,600,68.9
462092,462780,462788,688,8,1,600,69.6
462094,462787,462830,693,43,1,600,17.1162790698
462095,462793,462801,698,8,1,600,70.6
462096,462801,462803,705,2,1,600,70.7
462098,462813,462818,715,5,1,600,72.0
462099,462819,462824,720,5,1,600,72.5
462162,462836,462840,674,4,1,600,67.8
462163,462843,462846,680,3,1,600,68.3
462164,462849,462855,685,6,1,600,69.1
462166,462855,462864,689,9,1,600,69.8
462167,462863,462865,696,2,1,600,69.8
462170,462881,462884,711,3,1,600,71.4
462171,462889,462894,718,5,1,600,72.3
462173,462896,462898,723,2,1,600,72.5
462175,462913,462916,738,3,1,600,74.1
462235,462246,462440,11,194,1,300,1.05670103093
462237,462919,462921,682,2,1,600,68.4
462238,462928,462965,690,37,1,600,19.6486486486
462239,462935,462943,696,8,1,600,70.4
462242,462967,462970,725,3,1,600,72.8
462243,462977,462979,734,2,1,600,73.6
462245,462984,463018,739,34,1,600,22.7352941176
462246,462991,463027,745,36,1,600,21.6944444444
462248,463022,463025,774,3,1,600,77.7
462249,463030,463033,781,3,1,600,78.4
462250,463037,463041,787,4,1,600,79.1
462312,463044,463046,732,2,1,600,73.4
462313,463051,463067,738,16,1,600,47.125
462314,463057,463063,743,6,1,600,74.9
462317,463075,463082,758,7,1,600,76.5
462318,463080,463082,762,2,1,600,76.4
462380,463087,463101,707,14,1,600,51.5
462381,463094,463096,713,2,1,600,71.5
462383,463099,463107,716,8,1,600,72.4
462384,463107,463114,723,7,1,600,73.0
462385,463114,463129,729,15,1,600,49.6
462387,463122,463126,735,4,1,600,73.9
462388,463128,463154,740,26,1,600,29.4615384615
462389,463137,463140,748,3,1,600,75.1
462391,463145,463161,754,16,1,600,48.125
462392,463151,463158,759,7,1,600,76.6
462454,463165,463166,711,1,1,600,71.2
462456,463172,463173,716,1,1,600,71.7
462459,463184,463186,725,2,1,600,72.7
462460,463189,463192,729,3,1,600,73.2
462461,463196,463221,735,25,1,600,30.4
462463,463208,463209,745,1,1,600,74.6
462524,463214,463237,690,23,1,600,31.0
462525,463220,463223,695,3,1,600,69.8
462527,463233,463238,706,5,1,600,71.1
462528,463240,463244,712,4,1,600,71.6
462529,463249,463256,720,7,1,600,72.7
462531,463255,463260,724,5,1,600,72.9
462533,463269,463272,736,3,1,600,73.9
462535,463275,463278,740,3,1,600,74.3
462536,463281,463284,745,3,1,600,74.8
462538,463287,463290,749,3,1,600,75.2
462583,463203,467219,620,4016,5,14400,1.15438247012
462600,463294,463300,694,6,1,600,70.0
462601,463302,463304,701,2,1,600,70.3
462602,463307,463309,705,2,1,600,70.7
462604,463314,463316,710,2,1,600,71.2
462605,463321,463323,716,2,1,600,71.8
462607,463326,463329,719,3,1,600,72.2
462608,463332,463335,724,3,1,600,72.7
462609,463339,463341,730,2,1,600,73.2
462611,463346,463349,735,3,1,600,73.8
462613,463351,463355,738,4,1,600,74.2
462614,463358,463363,744,5,1,600,74.9
462616,463364,463370,748,6,1,600,75.4
462677,463372,463381,695,9,1,600,70.4
462678,463378,463379,700,1,1,600,70.1
462680,463386,463388,706,2,1,600,70.8
462681,463392,463399,711,7,1,600,71.8
462683,463398,463400,715,2,1,600,71.7
462684,463405,463419,721,14,1,600,52.5
462685,463412,463417,727,5,1,600,73.2
462687,463417,463420,730,3,1,600,73.3
462688,463428,463433,740,5,1,600,74.5
462690,463436,463443,746,7,1,600,75.3
462691,463441,463450,750,9,1,600,75.9
462753,463448,463450,695,2,1,600,69.7
462754,463456,463462,702,6,1,600,70.8
462756,463463,463479,707,16,1,600,45.1875
462757,463468,463473,711,5,1,600,71.6
462759,463475,463477,716,2,1,600,71.8
462760,463485,463491,725,6,1,600,73.1
462762,463492,463497,730,5,1,600,73.5
462763,463497,463500,734,3,1,600,73.7
462764,463503,463504,739,1,1,600,74.0
462766,463511,463515,745,4,1,600,74.9
462767,463518,463520,751,2,1,600,75.3
462769,463523,463530,754,7,1,600,76.1
462770,463529,463532,759,3,1,600,76.2
462832,463537,463567,705,30,1,600,24.5
462833,463543,463546,710,3,1,600,71.3
462837,463565,463567,728,2,1,600,73.0
462839,463571,463574,732,3,1,600,73.5
462840,463579,463595,739,16,1,600,47.1875
462841,463584,463585,743,1,1,600,74.4
462843,463590,463593,747,3,1,600,75.0
462864,462870,463011,6,141,1,300,1.04255319149
462906,463605,463609,699,4,1,600,70.3
462908,463617,463619,709,2,1,600,71.1
462910,463623,463626,713,3,1,600,71.6
462911,463629,463632,718,3,1,600,72.1
462913,463636,463644,723,8,1,600,73.1
462915,463650,463652,735,2,1,600,73.7
462917,463657,463693,740,36,1,600,21.5555555556
462978,463662,463699,684,37,1,600,19.4864864865
462981,463680,463683,699,3,1,600,70.2
462984,463705,463708,721,3,1,600,72.4
462987,463717,463722,730,5,1,600,73.5
463048,463723,463730,675,7,1,600,68.2
463051,463736,463776,685,40,1,600,18.125
463052,463743,463754,691,11,1,600,63.8181818182
463054,463748,463775,694,27,1,600,26.7037037037
463055,463765,463767,710,2,1,600,71.2
463117,463780,463784,663,4,1,600,66.7
463118,463787,463795,669,8,1,600,67.7
463119,463794,463796,675,2,1,600,67.7
463121,463800,463801,679,1,1,600,68.0
463122,463807,463815,685,8,1,600,69.3
463125,463819,463828,694,9,1,600,70.3
463126,463826,463829,700,3,1,600,70.3
463128,463832,463834,704,2,1,600,70.6
463189,463839,463843,650,4,1,600,65.4
463190,463847,463863,657,16,1,600,42.0625
463192,463852,463855,660,3,1,600,66.3
463193,463858,463861,665,3,1,600,66.8
463195,463867,463869,672,2,1,600,67.4
463196,463873,463876,677,3,1,600,68.0
463197,463879,463880,682,1,1,600,68.3
463199,463887,463890,688,3,1,600,69.1
463199,464202,469289,1003,5087,5,14400,1.19716925496
463200,463894,463896,694,2,1,600,69.6
463201,463899,463902,698,3,1,600,70.1
463203,463906,463908,703,2,1,600,70.5
463266,463920,463923,654,3,1,600,65.7
463267,463925,463927,658,2,1,600,66.0
463268,463931,463935,663,4,1,600,66.7
463270,463938,463944,668,6,1,600,67.4
463271,463944,463950,673,6,1,600,67.9
463272,463951,463957,679,6,1,600,68.5
463274,463958,463960,684,2,1,600,68.6
463338,463977,463978,639,1,1,600,64.0
463339,463984,463990,645,6,1,600,65.1
463341,463989,463990,648,1,1,600,64.9
463342,463995,464000,653,5,1,600,65.8
463343,464003,464005,660,2,1,600,66.2
463345,464008,464018,663,10,1,600,67.3
463346,464015,464019,669,4,1,600,67.3
463349,464029,464041,680,12,1,600,57.6666666667
463350,464036,464039,686,3,1,600,68.9
463352,464042,464047,690,5,1,600,69.5
463413,464051,464058,638,7,1,600,64.5
463416,464064,464067,648,3,1,600,65.1
463417,464071,464073,654,2,1,600,65.6
463419,464077,464079,658,2,1,600,66.0
463420,464084,464091,664,7,1,600,67.1
463421,464091,464093,670,2,1,600,67.2
463423,464096,464097,673,1,1,600,67.4
463424,464102,464109,678,7,1,600,68.5
463425,464110,464113,685,3,1,600,68.8
463427,464115,464123,688,8,1,600,69.6
463428,464121,464127,693,6,1,600,69.9
463490,464129,464132,639,3,1,600,64.2
463491,464136,464173,645,37,1,600,18.4324324324
463492,464142,464156,650,14,1,600,47.4285714286
463494,464150,464158,656,8,1,600,66.4
463495,464168,464171,673,3,1,600,67.6
463496,464174,464175,678,1,1,600,67.9
463498,464183,464235,685,52,1,600,14.1730769231
463499,464189,464206,690,17,1,600,41.5882352941
463500,464195,464203,695,8,1,600,70.3
463562,464215,464218,653,3,1,600,65.6
463565,464230,464236,665,6,1,600,67.1
463566,464236,464238,670,2,1,600,67.2
463569,464254,464257,685,3,1,600,68.8
463570,464259,464266,689,7,1,600,69.6
463574,464280,464289,706,9,1,600,71.5
463576,464285,464286,709,1,1,600,71.0
463577,464291,464294,714,3,1,600,71.7
463638,464299,464307,661,8,1,600,66.9
463640,464306,464310,666,4,1,600,67.0
463641,464311,464317,670,6,1,600,67.6
463642,464318,464319,676,1,1,600,67.7
463644,464325,464328,681,3,1,600,68.4
463645,464333,464335,688,2,1,600,69.0
463647,464338,464341,691,3,1,600,69.4
463648,464344,464347,696,3,1,600,69.9
463649,464352,464354,703,2,1,600,70.5
463651,464358,464361,707,3,1,600,71.0
463652,464364,464366,712,2,1,600,71.4
463653,464371,464373,718,2,1,600,72.0
463715,464377,464382,662,5,1,600,66.7
463716,464382,464383,666,1,1,600,66.7
463718,464395,464400,677,5,1,600,68.2
463719,464402,464404,683,2,1,600,68.5
463720,464407,464410,687,3,1,600,69.0
463722,464414,464434,692,20,1,600,35.6
463724,464428,464448,704,20,1,600,36.2
463786,464435,464437,649,2,1,600,65.1
463789,464453,464456,664,3,1,600,66.7
463790,464459,464462,669,3,1,600,67.2
463792,464465,464467,673,2,1,600,67.5
463793,464472,464474,679,2,1,600,68.1
463794,464478,464481,684,3,1,600,68.7
463796,464484,464486,688,2,1,600,69.0
463857,464490,464524,633,34,1,600,19.6176470588
463858,464497,464500,639,3,1,600,64.2
463860,464503,464571,643,68,1,600,10.4558823529
463861,464512,464514,651,2,1,600,65.3
463863,464526,464549,663,23,1,600,29.8260869565
463864,464535,464543,671,8,1,600,67.9
463867,464562,464565,695,3,1,600,69.8
463868,464568,464569,700,1,1,600,70.1
463871,464584,464586,713,2,1,600,71.5
463872,464589,464592,717,3,1,600,72.0
463934,464595,464602,661,7,1,600,66.8
463935,464602,464605,667,3,1,600,67.0
463937,464614,464615,677,1,1,600,67.8
463939,464626,464628,687,2,1,600,68.9
463941,464633,464664,692,31,1,600,23.3225806452
463942,464638,464643,696,5,1,600,70.1
463944,464644,464647,700,3,1,600,70.3
463945,464655,464690,710,35,1,600,21.2857142857
463948,464673,464675,725,2,1,600,72.7
464011,464688,464690,677,2,1,600,67.9
464012,464695,464699,683,4,1,600,68.7
464013,464701,464709,688,8,1,600,69.6
464015,464707,464726,692,19,1,600,37.4210526316
464016,464713,464717,697,4,1,600,70.1
464017,464721,464722,704,1,1,600,70.5
464020,464736,464743,716,7,1,600,72.3
464022,464748,464749,726,1,1,600,72.7
464023,464754,464757,731,3,1,600,73.4
464024,464760,464765,736,5,1,600,74.1
464026,464765,464766,739,1,1,600,74.0
464027,464778,464780,751,2,1,600,75.3
464088,464785,464787,697,2,1,600,69.9
464090,464790,464792,700,2,1,600,70.2
464091,464797,464799,706,2,1,600,70.8
464093,464803,464805,710,2,1,600,71.2
464095,464816,464831,721,15,1,600,49.0666666667
464097,464823,464846,726,23,1,600,32.5652173913
464098,464828,464832,730,4,1,600,73.4
464099,464843,464852,744,9,1,600,75.3
464101,464849,464850,748,1,1,600,74.9
464102,464865,464868,763,3,1,600,76.6
464164,464870,464872,706,2,1,600,70.8
464165,464880,464888,715,8,1,600,72.3
464167,464887,464889,720,2,1,600,72.2
464168,464900,464904,732,4,1,600,73.6
464171,464916,464919,745,3,1,600,74.8
464207,464390,469185,183,4795,5,14400,1.03816475495
464234,464931,464948,697,17,1,600,42.0
464235,464937,464943,702,6,1,600,70.8
464236,464950,464953,714,3,1,600,71.7
464238,464964,464966,726,2,1,600,72.8
464241,464979,464986,738,7,1,600,74.5
464242,464986,464988,744,2,1,600,74.6
464244,464999,465001,755,2,1,600,75.7
464245,465005,465013,760,8,1,600,76.8
464247,465013,465016,766,3,1,600,76.9
464308,465025,465027,717,2,1,600,71.9
464309,465032,465041,723,9,1,600,73.2
464311,465039,465041,728,2,1,600,73.0
464312,465044,465048,732,4,1,600,73.6
464315,465058,465060,743,2,1,600,74.5
464316,465064,465070,748,6,1,600,75.4
464318,465070,465076,752,6,1,600,75.8
464319,465077,465079,758,2,1,600,76.0
464320,465084,465090,764,6,1,600,77.0
464382,465090,465092,708,2,1,600,71.0
464383,465096,465134,713,38,1,600,19.7631578947
464385,465103,465104,718,1,1,600,71.9
464389,465124,465127,735,3,1,600,73.8
464390,465131,465136,741,5,1,600,74.6
464392,465139,465141,747,2,1,600,74.9
464393,465147,465155,754,8,1,600,76.2
464393,464543,469159,150,4616,5,14400,1.03249566724
464396,465159,465195,763,36,1,600,22.1944444444
464397,465166,465180,769,14,1,600,55.9285714286
464460,465184,465186,724,2,1,600,72.6
464461,465193,465198,732,5,1,600,73.7
464464,465206,465211,742,5,1,600,74.7
464465,465214,465216,749,2,1,600,75.1
464467,465219,465223,752,4,1,600,75.6
464468,465226,465248,758,22,1,600,35.4545454545
464471,465240,465242,769,2,1,600,77.1
464472,465247,465276,775,29,1,600,27.724137931
464535,465261,465278,726,17,1,600,43.7058823529
464537,465268,465278,731,10,1,600,74.1
464539,465300,465302,761,2,1,600,76.3
464541,465305,465310,764,5,1,600,76.9
464547,464609,468746,62,4137,5,14400,1.01498670534
464602,465312,465343,710,31,1,600,23.9032258065
464604,465319,465321,715,2,1,600,71.7
464605,465326,465328,721,2,1,600,72.3
464606,465333,465371,727,38,1,600,20.1315789474
464608,465340,465343,732,3,1,600,73.5
464609,465366,465370,757,4,1,600,76.1
464609,464743,468697,134,3954,5,14400,1.03388973192
464611,465372,465379,761,7,1,600,76.8
464612,465382,465384,770,2,1,600,77.2
464614,465389,465392,775,3,1,600,77.8
464615,465396,465400,781,4,1,600,78.5
464616,465401,465408,785,7,1,600,79.2
464681,465422,465424,741,2,1,600,74.3
464682,465427,465429,745,2,1,600,74.7
464683,465433,465472,750,39,1,600,20.2307692308
464685,465441,465443,756,2,1,600,75.8
464686,465446,465448,760,2,1,600,76.2
464689,465462,465467,773,5,1,600,77.8
464743,464772,469332,29,4560,5,14400,1.00635964912
464752,465479,465486,727,7,1,600,73.4
464753,465486,465489,733,3,1,600,73.6
464754,465491,465493,737,2,1,600,73.9
464756,465498,465500,742,2,1,600,74.4
464757,465504,465508,747,4,1,600,75.1
464760,465516,465518,756,2,1,600,75.8
464761,465524,465556,763,32,1,600,24.84375
464763,465529,465536,766,7,1,600,77.3
464775,464944,469108,169,4164,5,14400,1.04058597502
464825,465548,465552,723,4,1,600,72.7
464827,465553,465554,726,1,1,600,72.7
464828,465564,465566,736,2,1,600,73.8
464830,465570,465571,740,1,1,600,74.1
464831,465576,465578,745,2,1,600,74.7
464832,465582,465589,750,7,1,600,75.7
464834,465587,465594,753,7,1,600,76.0
464835,465595,465597,760,2,1,600,76.2
464837,465607,465609,770,2,1,600,77.2
464848,464858,465025,10,167,1,300,1.05988023952
464899,465619,465628,720,9,1,600,72.9
464901,465626,465631,725,5,1,600,73.0
464902,465631,465637,729,6,1,600,73.5
464904,465644,465696,740,52,1,600,15.2307692308
464907,465657,465659,750,2,1,600,75.2
464908,465664,465669,756,5,1,600,76.1
464950,464956,468793,6,3837,5,14400,1.00156372166
464961,465276,470400,315,5124,5,14400,1.06147540984
464970,465671,465676,701,5,1,600,70.6
464971,465682,465685,711,3,1,600,71.4
464972,465688,465689,716,1,1,600,71.7
464974,465697,465703,723,6,1,600,72.9
464975,465704,465706,729,2,1,600,73.1
464977,465711,465727,734,16,1,600,46.875
464978,465718,465720,740,2,1,600,74.2
464979,465723,465724,744,1,1,600,74.5
464981,465731,465734,750,3,1,600,75.3
465043,465738,465740,695,2,1,600,69.7
465044,465743,465786,699,43,1,600,17.2558139535
465045,465756,465758,711,2,1,600,71.3
465047,465762,465763,715,1,1,600,71.6
465048,465770,465778,722,8,1,600,73.0
465050,465776,465777,726,1,1,600,72.7
465051,465788,465789,737,1,1,600,73.8
465052,465795,465798,743,3,1,600,74.6
465054,465802,465804,748,2,1,600,75.0
465115,465807,465809,692,2,1,600,69.4
465117,465819,465824,702,5,1,600,70.7
465118,465826,465829,708,3,1,600,71.1
465119,465831,465854,712,23,1,600,31.9565217391
465121,465843,465846,722,3,1,600,72.5
465122,465849,465852,727,3,1,600,73.0
465124,465858,465863,734,5,1,600,73.9
465125,465865,465867,740,2,1,600,74.2
465126,465871,465873,745,2,1,600,74.7
465128,465878,465881,750,3,1,600,75.3
465141,465885,466117,744,232,1,18000,4.20689655172
465189,465890,465892,701,2,1,600,70.3
465191,465897,465900,706,3,1,600,70.9
465192,465903,465907,711,4,1,600,71.5
465194,465917,465920,723,3,1,600,72.6
465195,465923,465926,728,3,1,600,73.1
465196,465932,465937,736,5,1,600,74.1
465199,465949,465951,750,2,1,600,75.2
465202,465963,465964,761,1,1,600,76.2
465204,465977,465980,773,3,1,600,77.6
465265,465991,465999,726,8,1,600,73.4
465266,465997,466000,731,3,1,600,73.4
465268,466011,466014,743,3,1,600,74.6
465269,466017,466024,748,7,1,600,75.5
465271,466031,466038,760,7,1,600,76.7
465272,466037,466053,765,16,1,600,48.8125
465274,466050,466053,776,3,1,600,77.9
465275,466065,466071,790,6,1,600,79.6
465280,465294,470287,14,4993,5,14400,1.0028039255
465290,465354,469540,64,4186,5,14400,1.01528905877
465326,466144,466398,818,254,1,18000,4.22047244094
465337,466070,466078,733,8,1,600,74.1
465338,466090,466093,752,3,1,600,75.5
465339,466096,466099,757,3,1,600,76.0
465341,466110,466113,769,3,1,600,77.2
465342,466117,466119,775,2,1,600,77.7
465343,466125,466129,782,4,1,600,78.6
465345,466132,466138,787,6,1,600,79.3
465346,466137,466138,791,1,1,600,79.2
465353,465361,469325,8,3964,5,14400,1.00201816347
465364,465602,469778,238,4176,5,14400,1.05699233716
465380,466247,466500,867,253,1,18000,4.42687747036
465408,466151,466162,743,11,1,600,68.5454545455
465409,466156,466160,747,4,1,600,75.1
465412,466179,466183,767,4,1,600,77.1
465413,466186,466226,773,40,1,600,20.325
465415,466194,466197,779,3,1,600,78.2
465420,466240,466243,820,3,1,600,82.3
465484,466280,466285,796,5,1,600,80.1
465486,466297,466306,811,9,1,600,82.0
465487,466318,466320,831,2,1,600,83.3
465488,466331,466333,843,2,1,600,84.5
465490,466347,466352,857,5,1,600,86.2
465491,466352,466354,861,2,1,600,86.3
465493,466358,466363,865,5,1,600,87.0
465494,466363,466366,869,3,1,600,87.2
465495,466368,466370,873,2,1,600,87.5
465557,466374,466376,817,2,1,600,81.9
465558,466381,466390,823,9,1,600,83.2
465560,466386,466388,826,2,1,600,82.8
465561,466391,466399,830,8,1,600,83.8
465564,466404,466406,840,2,1,600,84.2
465565,466409,466410,844,1,1,600,84.5
465567,466414,466441,847,27,1,600,32.3703703704
465568,466420,466422,852,2,1,600,85.4
465569,466434,466438,865,4,1,600,86.9
465600,465638,470473,38,4835,5,14400,1.00785935884
465631,466450,466452,819,2,1,600,82.1
465634,466464,466466,830,2,1,600,83.2
465635,466471,466475,836,4,1,600,84.0
465637,466477,466480,840,3,1,600,84.3
465638,466486,466491,848,5,1,600,85.3
465639,466493,466500,854,7,1,600,86.1
465641,466502,466505,861,3,1,600,86.4
465642,465751,470746,109,4995,5,14400,1.02182182182
465642,466511,466540,869,29,1,600,30.9655172414
465645,466524,466526,879,2,1,600,88.1
465706,466530,466531,824,1,1,600,82.5
465708,466538,466566,830,28,1,600,30.6428571429
465709,466544,466584,835,40,1,600,21.875
465711,466553,466556,842,3,1,600,84.5
465712,466567,466573,855,6,1,600,86.1
465713,466578,466584,865,6,1,600,87.1
465715,466585,466588,870,3,1,600,87.3
465716,466595,466597,879,2,1,600,88.1
465718,466601,466603,883,2,1,600,88.5
465755,465814,470378,59,4564,5,14400,1.01292725679
465779,466608,466638,829,30,1,600,28.6333333333
465780,466615,466618,835,3,1,600,83.8
465782,466620,466627,838,7,1,600,84.5
465783,466630,466637,847,7,1,600,85.4
465785,466639,466642,854,3,1,600,85.7
465786,466648,466653,862,5,1,600,86.7
465788,466655,466660,867,5,1,600,87.2
465818,465838,470620,20,4782,5,14400,1.00418235048
465839,465910,470460,71,4550,5,14400,1.0156043956
465853,466679,466684,826,5,1,600,83.1
465855,466685,466688,830,3,1,600,83.3
465856,466691,466694,835,3,1,600,83.8
465857,466697,466700,840,3,1,600,84.3
465860,466711,466716,851,5,1,600,85.6
465861,466717,466725,856,8,1,600,86.4
465863,466723,466729,860,6,1,600,86.6
465864,466730,466731,866,1,1,600,86.7
465911,465985,470816,74,4831,5,14400,1.0153177396
465926,466738,466740,812,2,1,600,81.4
465927,466745,466766,818,21,1,600,39.9523809524
465928,466750,466757,822,7,1,600,82.9
465930,466756,466757,826,1,1,600,82.7
465931,466768,466772,837,4,1,600,84.1
465934,466780,466781,846,1,1,600,84.7
465935,466787,466793,852,6,1,600,85.8
465964,465970,465974,6,4,1,300,1.0
465983,466025,470820,42,4795,5,14400,1.00875912409
465998,466800,466802,802,2,1,600,80.4
466000,466806,466810,806,4,1,600,81.0
466001,466812,466818,811,6,1,600,81.7
466002,466819,466826,817,7,1,600,82.4
466004,466825,466831,821,6,1,600,82.7
466005,466833,466835,828,2,1,600,83.0
466007,466839,466840,832,1,1,600,83.3
466008,466846,466847,838,1,1,600,83.9
466025,466103,470609,78,4506,5,14400,1.017310253
466069,466852,466855,783,3,1,600,78.6
466071,466858,466861,787,3,1,600,79.0
466072,466864,466866,792,2,1,600,79.4
466074,466870,466873,796,3,1,600,79.9
466075,466876,466879,801,3,1,600,80.4
466076,466884,466886,808,2,1,600,81.0
466108,466324,470956,216,4632,5,14400,1.04663212435
466138,466890,466892,752,2,1,600,75.4
466139,466896,466898,757,2,1,600,75.9
466141,466902,466905,761,3,1,600,76.4
466142,466909,466912,767,3,1,600,77.0
466143,466915,466921,772,6,1,600,77.8
466145,466922,466923,777,1,1,600,77.8
466146,466928,466934,782,6,1,600,78.8
466148,466936,466943,788,7,1,600,79.5
466209,466941,466949,732,8,1,600,74.0
466210,466947,466950,737,3,1,600,74.0
466212,466954,466958,742,4,1,600,74.6
466213,466961,466964,748,3,1,600,75.1
466215,466967,466989,752,22,1,600,35.1818181818
466216,466974,466976,758,2,1,600,76.0
466278,466980,466988,702,8,1,600,71.0
466279,466987,466990,708,3,1,600,71.1
466280,466999,467006,719,7,1,600,72.6
466282,467005,467009,723,4,1,600,72.7
466283,467011,467013,728,2,1,600,73.0
466285,467017,467021,732,4,1,600,73.6
466324,466340,470405,16,4065,5,14400,1.00393603936
466345,466427,470756,82,4329,5,14400,1.01894201894
466348,467030,467061,682,31,1,600,23.0
466349,467037,467052,688,15,1,600,46.8666666667
466351,467043,467050,692,7,1,600,69.9
466412,467063,467065,651,2,1,600,65.3
466413,467069,467078,656,9,1,600,66.5
466415,467076,467082,661,6,1,600,66.7
466416,467081,467088,665,7,1,600,67.2
466418,467089,467090,671,1,1,600,67.2
466419,467095,467100,676,5,1,600,68.1
466420,467101,467104,681,3,1,600,68.4
466423,467113,467116,690,3,1,600,69.3
466424,467119,467122,695,3,1,600,69.8
466426,467125,467127,699,2,1,600,70.1
466427,467131,467138,704,7,1,600,71.1
466428,467241,471734,813,4493,5,14400,1.18094814155
466429,467138,467140,709,2,1,600,71.1
466490,467143,467146,653,3,1,600,65.6
466492,467151,467152,659,1,1,600,66.0
466493,467157,467164,664,7,1,600,67.1
466494,467162,467167,668,5,1,600,67.3
466496,467168,467169,672,1,1,600,67.3
466497,467177,467179,680,2,1,600,68.2
466500,467189,467199,689,10,1,600,69.9
466561,467196,467202,635,6,1,600,64.1
466564,467211,467216,647,5,1,600,65.2
466567,467223,467225,656,2,1,600,65.8
466568,467230,467232,662,2,1,600,66.4
466631,467247,467254,616,7,1,600,62.3
466632,467254,467256,622,2,1,600,62.4
466633,467259,467264,626,5,1,600,63.1
466635,467265,467272,630,7,1,600,63.7
466637,467279,467280,642,1,1,600,64.3
466639,467287,467294,648,7,1,600,65.5
466640,467292,467295,652,3,1,600,65.5
466641,467298,467303,657,5,1,600,66.2
466643,467305,467310,662,5,1,600,66.7
466644,467312,467315,668,3,1,600,67.1
466706,467318,467321,612,3,1,600,61.5
466707,467326,467348,619,22,1,600,29.1363636364
466708,467332,467339,624,7,1,600,63.1
466710,467338,467340,628,2,1,600,63.0
466711,467351,467359,640,8,1,600,64.8
466712,467357,467359,645,2,1,600,64.7
466714,467364,467366,650,2,1,600,65.2
466715,467371,467397,656,26,1,600,26.2307692308
466716,467377,467381,661,4,1,600,66.5
466718,467384,467389,666,5,1,600,67.1
466719,467392,467395,673,3,1,600,67.6
466780,467400,467401,620,1,1,600,62.1
466782,467407,467411,625,4,1,600,62.9
466784,467419,467421,635,2,1,600,63.7
466786,467425,467426,639,1,1,600,64.0
466788,467437,467486,649,49,1,600,14.2448979592
466790,467442,467445,652,3,1,600,65.5
466791,467449,467452,658,3,1,600,66.1
466792,467456,467485,664,29,1,600,23.8965517241
466794,467463,467466,669,3,1,600,67.2
466855,467477,467478,622,1,1,600,62.3
466856,467489,467494,633,5,1,600,63.8
466858,467497,467499,639,2,1,600,64.1
466859,467503,467507,644,4,1,600,64.8
466860,467510,467527,650,17,1,600,39.2352941176
466862,467516,467525,654,9,1,600,66.3
466863,467523,467529,660,6,1,600,66.6
466864,467536,467537,672,1,1,600,67.3
466866,467542,467545,676,3,1,600,67.9
466867,467548,467553,681,5,1,600,68.6
466868,467554,467555,686,1,1,600,68.7
466870,467561,467563,691,2,1,600,69.3
466931,467567,467568,636,1,1,600,63.7
466933,467579,467580,646,1,1,600,64.7
466935,467584,467587,649,3,1,600,65.2
466936,467591,467594,655,3,1,600,65.8
466937,467596,467601,659,5,1,600,66.4
466939,467602,467605,663,3,1,600,66.6
466940,467608,467620,668,12,1,600,56.6666666667
466941,467615,467651,674,36,1,600,19.7222222222
466943,467621,467627,678,6,1,600,68.4
466944,467634,467637,690,3,1,600,69.3
467005,467641,467644,636,3,1,600,63.9
467007,467649,467685,642,36,1,600,18.8333333333
467008,467655,467658,647,3,1,600,65.0
467009,467662,467663,653,1,1,600,65.4
467011,467670,467675,659,5,1,600,66.4
467012,467676,467680,664,4,1,600,66.8
467013,467686,467687,673,1,1,600,67.4
467015,467693,467696,678,3,1,600,68.1
467016,467700,467706,684,6,1,600,69.0
467017,467706,467709,689,3,1,600,69.2
467019,467712,467715,693,3,1,600,69.6
467020,467720,467756,700,36,1,600,20.4444444444
467081,467725,467728,644,3,1,600,64.7
467083,467731,467732,648,1,1,600,64.9
467084,467740,467744,656,4,1,600,66.0
467085,467746,467749,661,3,1,600,66.4
467087,467756,467763,669,7,1,600,67.6
467088,467763,467766,675,3,1,600,67.8
467089,467769,467772,680,3,1,600,68.3
467091,467775,467778,684,3,1,600,68.7
467152,467781,467784,629,3,1,600,63.2
467153,467788,467789,635,1,1,600,63.6
467155,467795,467801,640,6,1,600,64.6
467156,467800,467803,644,3,1,600,64.7
467157,467807,467811,650,4,1,600,65.4
467159,467814,467818,655,4,1,600,65.9
467160,467820,467822,660,2,1,600,66.2
467161,467827,467835,666,8,1,600,67.4
467163,467833,467836,670,3,1,600,67.3
467164,467839,467841,675,2,1,600,67.7
467166,467846,467851,680,5,1,600,68.5
467167,467853,467856,686,3,1,600,68.9
467229,467859,467864,630,5,1,600,63.5
467230,467865,467868,635,3,1,600,63.8
467231,467872,467873,641,1,1,600,64.2
467233,467878,467882,645,4,1,600,64.9
467234,467885,467893,651,8,1,600,65.9
467235,467891,467893,656,2,1,600,65.8
467237,467897,467900,660,3,1,600,66.3
467238,467904,467907,666,3,1,600,66.9
467239,467628,471919,389,4291,5,14400,1.09065485901
467239,467911,467913,672,2,1,600,67.4
467241,467917,467928,676,11,1,600,62.4545454545
467242,467924,467956,682,32,1,600,22.3125
467243,467931,467938,688,7,1,600,69.5
467245,467939,467947,694,8,1,600,70.2
467307,467959,467962,652,3,1,600,65.5
467309,467965,467980,656,15,1,600,44.7333333333
467310,467973,467976,663,3,1,600,66.6
467311,467979,467986,668,7,1,600,67.5
467313,467992,467999,679,7,1,600,68.6
467314,467998,468000,684,2,1,600,68.6
467315,468005,468028,690,23,1,600,31.0
467317,468011,468017,694,6,1,600,70.0
467318,468016,468029,698,13,1,600,54.6923076923
467380,468029,468049,649,20,1,600,33.45
467381,468040,468043,659,3,1,600,66.2
467382,468047,468052,665,5,1,600,67.0
467383,468054,468055,671,1,1,600,67.2
467385,468061,468064,676,3,1,600,67.9
467386,468069,468074,683,5,1,600,68.8
467388,468074,468076,686,2,1,600,68.8
467389,468080,468083,691,3,1,600,69.4
467390,468087,468088,697,1,1,600,69.8
467452,468093,468095,641,2,1,600,64.3
467453,468099,468109,646,10,1,600,65.6
467454,468104,468111,650,7,1,600,65.7
467456,468111,468115,655,4,1,600,65.9
467457,468120,468147,663,27,1,600,25.5555555556
467458,468126,468146,668,20,1,600,34.4
467460,468132,468134,672,2,1,600,67.4
467461,468146,468147,685,1,1,600,68.6
467462,468158,468161,696,3,1,600,69.9
467464,468164,468186,700,22,1,600,32.8181818182
467465,468170,468173,705,3,1,600,70.8
467526,468177,468179,651,2,1,600,65.3
467528,468185,468186,657,1,1,600,65.8
467529,468191,468197,662,6,1,600,66.8
467530,468198,468200,668,2,1,600,67.0
467532,468203,468205,671,2,1,600,67.3
467533,468210,468215,677,5,1,600,68.2
467534,468217,468241,683,24,1,600,29.4583333333
467537,468228,468231,691,3,1,600,69.4
467538,468235,468237,697,2,1,600,69.9
467599,468242,468245,643,3,1,600,64.6
467601,468249,468254,648,5,1,600,65.3
467602,468255,468260,653,5,1,600,65.8
467603,468263,468272,660,9,1,600,66.9
467605,468269,468273,664,4,1,600,66.8
467606,468276,468277,670,1,1,600,67.1
467607,468291,468294,684,3,1,600,68.7
467609,468296,468299,687,3,1,600,69.0
467610,468303,468306,693,3,1,600,69.6
467611,468310,468312,699,2,1,600,70.1
467612,468315,468316,703,1,1,600,70.4
467614,468321,468327,707,6,1,600,71.3
467630,468710,472953,1080,4243,5,14400,1.25453688428
467676,468333,468368,657,35,1,600,19.7714285714
467678,468339,468375,661,36,1,600,19.3611111111
467679,468346,468352,667,6,1,600,67.3
467680,468364,468367,684,3,1,600,68.7
467682,468378,468381,696,3,1,600,69.9
467683,468386,468391,703,5,1,600,70.8
467684,468393,468397,709,4,1,600,71.3
467685,468398,468400,713,2,1,600,71.5
467747,468404,468414,657,10,1,600,66.7
467748,468411,468413,663,2,1,600,66.5
467749,468417,468423,668,6,1,600,67.4
467752,468430,468461,678,31,1,600,22.8709677419
467753,468436,468437,683,1,1,600,68.4
467754,468442,468450,688,8,1,600,69.6
467756,468448,468451,692,3,1,600,69.5
467757,468462,468464,705,2,1,600,70.7
467758,468467,468469,709,2,1,600,71.1
467820,468473,468481,653,8,1,600,66.1
467821,468481,468482,660,1,1,600,66.1
467822,468486,468488,664,2,1,600,66.6
467824,468492,468501,668,9,1,600,67.7
467825,468499,468515,674,16,1,600,43.125
467826,468505,468510,679,5,1,600,68.4
467829,468522,468528,693,6,1,600,69.9
467830,468529,468558,699,29,1,600,25.1034482759
467831,468534,468542,703,8,1,600,71.1
467833,468540,468547,707,7,1,600,71.4
467834,468553,468555,719,2,1,600,72.1
467895,468561,468568,666,7,1,600,67.3
467897,468568,468571,671,3,1,600,67.4
467898,468574,468581,676,7,1,600,68.3
467899,468580,468586,681,6,1,600,68.7
467900,468587,468628,687,41,1,600,17.756097561
467902,468593,468597,691,4,1,600,69.5
467903,468601,468640,698,39,1,600,18.8974358974
467906,468620,468623,714,3,1,600,71.7
467907,468634,468637,727,3,1,600,73.0
467908,468641,468661,733,20,1,600,37.65
467909,468648,468649,739,1,1,600,74.0
467971,468656,468659,685,3,1,600,68.8
467972,468663,468705,691,42,1,600,17.4523809524
467973,468670,468716,697,46,1,600,16.152173913
467975,468678,468680,703,2,1,600,70.5
467977,468704,468709,727,5,1,600,73.2
467979,468716,468717,737,1,1,600,73.8
467980,468722,468725,742,3,1,600,74.5
467981,468730,468732,749,2,1,600,75.1
468043,468735,468740,692,5,1,600,69.7
468044,468741,468746,697,5,1,600,70.2
468046,468749,468786,703,37,1,600,20.0
468047,468755,468758,708,3,1,600,71.1
468048,468768,468773,720,5,1,600,72.5
468050,468774,468780,724,6,1,600,73.0
468051,468784,468787,733,3,1,600,73.6
468052,468791,468830,739,39,1,600,19.9487179487
468114,468798,468801,684,3,1,600,68.7
468115,468804,468813,689,9,1,600,69.8
468116,468810,468813,694,3,1,600,69.7
468119,468824,468827,705,3,1,600,70.8
468121,468831,468833,710,2,1,600,71.2
468122,468836,468838,714,2,1,600,71.6
468123,468842,468845,719,3,1,600,72.2
468125,468848,468851,723,3,1,600,72.6
468126,468855,468859,729,4,1,600,73.3
468127,468860,468866,733,6,1,600,73.9
468129,468867,468869,738,2,1,600,74.0
468190,468872,468875,682,3,1,600,68.5
468193,468884,468886,691,2,1,600,69.3
468194,468890,468900,696,10,1,600,70.6
468195,468896,468898,701,2,1,600,70.3
468197,468901,468905,704,4,1,600,70.8
468198,468907,468910,709,3,1,600,71.2
468199,468915,468919,716,4,1,600,72.0
468201,468920,468922,719,2,1,600,72.1
468262,468926,468931,664,5,1,600,66.9
468265,468938,468939,673,1,1,600,67.4
468267,468950,468951,683,1,1,600,68.4
468269,468955,468958,686,3,1,600,68.9
468270,468961,468966,691,5,1,600,69.6
468271,468967,468986,696,19,1,600,37.6315789474
468274,468980,468983,706,3,1,600,70.9
468275,468985,468989,710,4,1,600,71.4
468275,468283,468291,8,8,1,300,1.6
468337,468992,468994,655,2,1,600,65.7
468338,468998,469004,660,6,1,600,66.6
468339,469004,469006,665,2,1,600,66.7
468341,469011,469016,670,5,1,600,67.5
468342,469016,469022,674,6,1,600,68.0
468343,469023,469030,680,7,1,600,68.7
468345,469028,469031,683,3,1,600,68.6
468346,469035,469041,689,6,1,600,69.5
468347,469040,469071,693,31,1,600,23.3548387097
468349,469046,469047,697,1,1,600,69.8
468410,469052,469054,642,2,1,600,64.4
468412,469058,469066,646,8,1,600,65.4
468413,469064,469069,651,5,1,600,65.6
468417,469084,469086,667,2,1,600,66.9
468419,469089,469095,670,6,1,600,67.6
468420,469095,469119,675,24,1,600,29.125
468421,469102,469105,681,3,1,600,68.4
468423,469107,469108,684,1,1,600,68.5
468484,469113,469150,629,37,1,600,18.0
468485,469126,469129,641,3,1,600,64.4
468487,469132,469139,645,7,1,600,65.2
468488,469141,469142,653,1,1,600,65.4
468489,469152,469155,663,3,1,600,66.6
468491,469159,469162,668,3,1,600,67.1
468492,469166,469169,674,3,1,600,67.7
468493,469179,469183,686,4,1,600,69.0
468495,469187,469192,692,5,1,600,69.7
468496,469195,469197,699,2,1,600,70.1
468497,469205,469210,708,5,1,600,71.3
468559,469212,469264,653,52,1,600,13.5576923077
468560,469221,469223,661,2,1,600,66.3
468561,469235,469240,674,5,1,600,67.9
468563,469252,469254,689,2,1,600,69.1
468564,469267,469269,703,2,1,600,70.5
468565,469276,469282,711,6,1,600,71.7
468568,469295,469297,727,2,1,600,72.9
468569,469307,469309,738,2,1,600,74.0
468631,469314,469322,683,8,1,600,69.1
468632,469320,469330,688,10,1,600,69.8
468633,469333,469336,700,3,1,600,70.3
468635,469340,469343,705,3,1,600,70.8
468636,469352,469354,716,2,1,600,71.8
468637,469358,469361,721,3,1,600,72.4
468639,469365,469379,726,14,1,600,52.8571428571
468640,469371,469375,731,4,1,600,73.5
468703,469387,469395,684,8,1,600,69.2
468704,469394,469399,690,5,1,600,69.5
468707,469407,469411,700,4,1,600,70.4
468708,468763,472789,55,4026,5,14400,1.01366120219
468708,469414,469422,706,8,1,600,71.4
468709,469419,469421,710,2,1,600,71.2
468758,469121,470562,363,1441,8,6000,1.25190839695
468771,469426,469435,655,9,1,600,66.4
468772,469433,469441,661,8,1,600,66.9
468773,469438,469443,665,5,1,600,67.0
468775,469453,469461,678,8,1,600,68.6
468776,469460,469461,684,1,1,600,68.5
468777,469467,469472,690,5,1,600,69.5
468781,469486,469490,705,4,1,600,70.9
468782,469492,469497,710,5,1,600,71.5
468817,476036,477849,7219,1813,4,14400,4.98179812466
468844,469499,469501,655,2,1,600,65.7
468845,469505,469506,660,1,1,600,66.1
468847,469512,469513,665,1,1,600,66.6
468848,469518,469521,670,3,1,600,67.3
468849,469524,469526,675,2,1,600,67.7
468851,469530,469532,679,2,1,600,68.1
468852,469537,469543,685,6,1,600,69.1
468853,469543,469560,690,17,1,600,41.5882352941
468855,469548,469554,693,6,1,600,69.9
468856,469561,469571,705,10,1,600,71.5
468857,469567,469574,710,7,1,600,71.7
468859,469574,469578,715,4,1,600,71.9
468860,469583,469586,723,3,1,600,72.6
468922,469589,469592,667,3,1,600,67.0
468923,469594,469597,671,3,1,600,67.4
468924,469608,469610,684,2,1,600,68.6
468925,469614,469654,689,40,1,600,18.225
468927,469621,469624,694,3,1,600,69.7
468928,469626,469630,698,4,1,600,70.2
468929,469635,469641,706,6,1,600,71.2
468931,469642,469651,711,9,1,600,72.0
468933,469662,469663,729,1,1,600,73.0
468935,469669,469670,734,1,1,600,73.5
468936,469674,469676,738,2,1,600,74.0
468938,469681,469683,743,2,1,600,74.5
468939,469686,469694,747,8,1,600,75.5
469000,469692,469694,692,2,1,600,69.4
469002,469698,469706,696,8,1,600,70.4
469004,469711,469744,707,33,1,600,22.4242424242
469006,469717,469719,711,2,1,600,71.3
469007,469723,469729,716,6,1,600,72.2
469008,469731,469739,723,8,1,600,73.1
469010,469740,469774,730,34,1,600,22.4705882353
469011,469751,469753,740,2,1,600,74.2
469012,469757,469764,745,7,1,600,75.2
469014,469765,469767,751,2,1,600,75.3
469015,469776,469779,761,3,1,600,76.4
469076,469782,469802,706,20,1,600,36.3
469078,469789,469795,711,6,1,600,71.7
469079,469794,469867,715,73,1,600,10.7945205479
469081,469801,469804,720,3,1,600,72.3
469082,469808,469809,726,1,1,600,72.7
469083,469815,469818,732,3,1,600,73.5
469085,469821,469824,736,3,1,600,73.9
469086,469827,469829,741,2,1,600,74.3
469087,469834,469836,747,2,1,600,74.9
469089,469840,469842,751,2,1,600,75.3
469090,469845,469847,755,2,1,600,75.7
469092,469851,469854,759,3,1,600,76.2
469093,469858,469860,765,2,1,600,76.7
469118,469173,470606,55,1433,8,6000,1.03838101884
469156,469870,469873,714,3,1,600,71.7
469157,469878,469911,721,33,1,600,22.8484848485
469159,469883,469885,724,2,1,600,72.6
469160,469889,469892,729,3,1,600,73.2
469161,469895,469902,734,7,1,600,74.1
469163,469902,469909,739,7,1,600,74.6
469164,469908,469915,744,7,1,600,75.1
469165,469916,469918,751,2,1,600,75.3
469170,469302,470719,132,1417,8,6000,1.09315455187
469227,469922,469924,695,2,1,600,69.7
469228,469927,469967,699,40,1,600,18.475
469229,469934,469941,705,7,1,600,71.2
469231,469939,469940,708,1,1,600,70.9
469232,469946,469948,714,2,1,600,71.6
469233,469953,469956,720,3,1,600,72.3
469234,469958,469987,724,29,1,600,25.9655172414
469296,469965,469974,669,9,1,600,67.8
469297,469971,469974,674,3,1,600,67.7
469299,469978,469983,679,5,1,600,68.4
469300,469985,469986,685,1,1,600,68.6
469301,469991,469993,690,2,1,600,69.2
469303,469997,470001,694,4,1,600,69.8
469303,469347,470768,44,1421,8,6000,1.03096410978
469304,470003,470005,699,2,1,600,70.1
469345,469555,470983,210,1428,8,6000,1.14705882353
469365,470009,470021,644,12,1,600,54.6666666667
469367,470015,470018,648,3,1,600,65.1
469368,470022,470024,654,2,1,600,65.6
469369,470027,470028,658,1,1,600,65.9
469371,470034,470036,663,2,1,600,66.5
469372,470039,470041,667,2,1,600,66.9
469431,469447,469452,16,5,1,300,2.1
469435,470051,470055,616,4,1,600,62.0
469436,470058,470061,622,3,1,600,62.5
469437,470063,470069,626,6,1,600,63.2
469439,470068,470070,629,2,1,600,63.1
469440,470076,470109,636,33,1,600,20.2727272727
469441,470081,470084,640,3,1,600,64.3
469443,470088,470111,645,23,1,600,29.0434782609
469444,470093,470095,649,2,1,600,65.1
469445,470100,470102,655,2,1,600,65.7
469446,470108,470111,662,3,1,600,66.5
469448,470114,470162,666,48,1,600,14.875
469449,470121,470129,672,8,1,600,68.0
469511,470128,470134,617,6,1,600,62.3
469512,470133,470137,621,4,1,600,62.5
469514,470140,470142,626,2,1,600,62.8
469515,470148,470165,633,17,1,600,38.2352941176
469516,470154,470155,638,1,1,600,63.9
469518,470160,470167,642,7,1,600,64.9
469519,470167,470170,648,3,1,600,65.1
469520,470173,470205,653,32,1,600,21.40625
469523,470186,470204,663,18,1,600,37.8333333333
469551,470300,471730,749,1430,8,6000,1.52377622378
469585,470192,470194,607,2,1,600,60.9
469586,470198,470201,612,3,1,600,61.5
469587,470206,470209,619,3,1,600,62.2
469589,469600,469605,11,5,1,300,1.6
469589,470212,470217,623,5,1,600,62.8
469590,470220,470222,630,2,1,600,63.2
469591,470225,470263,634,38,1,600,17.6842105263
469593,470232,470234,639,2,1,600,64.1
469596,470243,470246,647,3,1,600,65.0
469597,470251,470253,654,2,1,600,65.6
469599,470256,470262,657,6,1,600,66.3
469658,769963,769965,300305,2,16,21600,30030.7
469660,470262,470265,602,3,1,600,60.5
469661,470269,470276,608,7,1,600,61.5
469663,470276,470278,613,2,1,600,61.5
469664,470281,470283,617,2,1,600,61.9
469665,470288,470290,623,2,1,600,62.5
469667,470293,470295,626,2,1,600,62.8
469668,470305,470309,637,4,1,600,64.1
469669,470312,470314,643,2,1,600,64.5
469671,470317,470318,646,1,1,600,64.7
469723,470382,479398,659,9016,1,36000,1.07309228039
469735,470336,470339,601,3,1,600,60.4
469736,470343,470345,607,2,1,600,60.9
469738,470348,470351,610,3,1,600,61.3
469739,470355,470358,616,3,1,600,61.9
469740,470361,470369,621,8,1,600,62.9
469742,470368,470371,626,3,1,600,62.9
469805,470388,470391,583,3,1,600,58.6
469806,470394,470403,588,9,1,600,59.7
469807,470417,470429,610,12,1,600,51.8333333333
469809,470422,470429,613,7,1,600,62.0
469810,470427,470475,617,48,1,600,13.8541666667
469811,470433,470434,622,1,1,600,62.3
469813,470440,470444,627,4,1,600,63.1
469814,470445,470448,631,3,1,600,63.4
469815,470459,470461,644,2,1,600,64.6
469817,470465,470473,648,8,1,600,65.6
469818,470472,470478,654,6,1,600,66.0
469830,470516,479622,686,9106,1,36000,1.07533494399
469880,470490,470493,610,3,1,600,61.3
469881,470497,470502,616,5,1,600,62.1
469882,470502,470509,620,7,1,600,62.7
469884,470509,470516,625,7,1,600,63.2
469885,470522,470527,637,5,1,600,64.2
469886,470530,470532,644,2,1,600,64.6
469888,470538,470547,650,9,1,600,65.9
469889,470546,470549,657,3,1,600,66.0
469890,470558,470564,668,6,1,600,67.4
469892,470566,470569,674,3,1,600,67.7
469893,470582,470616,689,34,1,600,21.2647058824
469894,470587,470590,693,3,1,600,69.6
469956,470601,470602,645,1,1,600,64.6
469957,470613,470616,656,3,1,600,65.9
469958,470626,470628,668,2,1,600,67.0
469960,470638,470640,678,2,1,600,68.0
469961,470644,470647,683,3,1,600,68.6
469962,470651,470654,689,3,1,600,69.2
469964,470659,470665,695,6,1,600,70.1
469965,470708,479754,743,9046,1,36000,1.08213575061
469965,470667,470669,702,2,1,600,70.4
469966,470677,470679,711,2,1,600,71.3
469968,470683,470690,715,7,1,600,72.2
469969,470691,470694,722,3,1,600,72.5
470031,470701,470704,670,3,1,600,67.3
470032,470715,470718,683,3,1,600,68.6
470033,470730,470733,697,3,1,600,70.0
470035,470744,470749,709,5,1,600,71.4
470036,470764,470766,728,2,1,600,73.0
470037,470770,470811,733,41,1,600,18.8780487805
470039,470776,470779,737,3,1,600,74.0
470040,470781,470786,741,5,1,600,74.6
470042,470787,470790,745,3,1,600,74.8
470043,470792,470793,749,1,1,600,75.0
470045,470804,470809,759,5,1,600,76.4
470046,470811,470814,765,3,1,600,76.8
470048,470816,470819,768,3,1,600,77.1
470049,470823,470831,774,8,1,600,78.2
470051,470828,470831,777,3,1,600,78.0
470052,470840,470842,788,2,1,600,79.0
470114,470846,470871,732,25,1,600,30.28
470115,470852,470855,737,3,1,600,74.0
470116,470857,470862,741,5,1,600,74.6
470118,470865,470889,747,24,1,600,32.125
470119,470871,470877,752,6,1,600,75.8
470121,470879,470882,758,3,1,600,76.1
470122,470885,470886,763,1,1,600,76.4
470124,470892,470899,768,7,1,600,77.5
470126,470905,470913,779,8,1,600,78.7
470188,470942,470944,754,2,1,600,75.6
470189,470956,470961,767,5,1,600,77.2
470191,470968,470975,777,7,1,600,78.4
470192,470973,470974,781,1,1,600,78.2
470193,470978,470985,785,7,1,600,79.2
470195,470984,470987,789,3,1,600,79.2
470196,470989,470996,793,7,1,600,80.0
470197,471002,471005,805,3,1,600,80.8
470199,471009,471011,810,2,1,600,81.2
470200,471014,471026,814,12,1,600,68.8333333333
470202,471021,471024,819,3,1,600,82.2
470263,471027,471028,764,1,1,600,76.5
470264,471035,471041,771,6,1,600,77.7
470266,471042,471051,776,9,1,600,78.5
470267,471048,471051,781,3,1,600,78.4
470268,471054,471056,786,2,1,600,78.8
470270,471063,471065,793,2,1,600,79.5
470271,471068,471069,797,1,1,600,79.8
470273,471075,471078,802,3,1,600,80.5
470274,471081,471082,807,1,1,600,80.8
470275,471087,471115,812,28,1,600,30.0
470277,471093,471128,816,35,1,600,24.3142857143
470279,471111,471161,832,50,1,600,17.64
470301,470402,471819,101,1417,8,6000,1.07127734651
470341,471139,471150,798,11,1,600,73.5454545455
470342,471150,471155,808,5,1,600,81.3
470344,471161,471168,817,7,1,600,82.4
470345,471169,471175,824,6,1,600,83.0
470346,471175,471179,829,4,1,600,83.3
470348,471182,471183,834,1,1,600,83.5
470349,471190,471192,841,2,1,600,84.3
470350,471197,471200,847,3,1,600,85.0
470352,471202,471204,850,2,1,600,85.2
470353,471209,471217,856,8,1,600,86.4
470354,471215,471218,861,3,1,600,86.4
470357,471229,471231,872,2,1,600,87.4
470393,470411,470415,18,4,1,300,2.2
470404,470451,471878,47,1427,8,6000,1.03293622985
470419,471236,471238,817,2,1,600,81.9
470420,471241,471243,821,2,1,600,82.3
470421,471248,471250,827,2,1,600,82.9
470423,471254,471257,831,3,1,600,83.4
470424,471260,471263,836,3,1,600,83.9
470456,470485,471926,29,1441,8,6000,1.02012491325
470487,471274,471281,787,7,1,600,79.4
470488,470575,472003,87,1428,8,6000,1.06092436975
470490,471286,471291,796,5,1,600,80.1
470491,471292,471294,801,2,1,600,80.3
470493,471298,471314,805,16,1,600,51.3125
470494,471304,471307,810,3,1,600,81.3
470495,471312,471317,817,5,1,600,82.2
470497,471319,471321,822,2,1,600,82.4
470498,471326,471353,828,27,1,600,31.6666666667
470500,471332,471338,832,6,1,600,83.8
470561,471337,471342,776,5,1,600,78.1
470564,471356,471366,792,10,1,600,80.2
470567,471371,471375,804,4,1,600,80.8
470568,471377,471384,809,7,1,600,81.6
470570,471383,471388,813,5,1,600,81.8
470570,470620,472047,50,1427,8,6000,1.0350385424
470571,471389,471396,818,7,1,600,82.5
470622,470633,472080,11,1447,8,6000,1.00760193504
470633,470737,472178,104,1441,8,6000,1.07217210271
470633,471397,471399,764,2,1,600,76.6
470634,471403,471404,769,1,1,600,77.0
470635,471410,471414,775,4,1,600,77.9
470637,471416,471418,779,2,1,600,78.1
470638,471423,471428,785,5,1,600,79.0
470701,471434,471442,733,8,1,600,74.1
470702,471440,471443,738,3,1,600,74.1
470705,471446,471448,741,2,1,600,74.3
470706,471453,471458,747,5,1,600,75.2
470708,471461,471469,753,8,1,600,76.1
470709,471466,471519,757,53,1,600,15.2830188679
470712,471480,471487,768,7,1,600,77.5
470713,471488,471522,775,34,1,600,23.7941176471
470737,470758,472192,21,1434,8,6000,1.01464435146
470758,470799,472232,41,1433,8,6000,1.02861130495
470775,471498,471501,723,3,1,600,72.6
470776,471513,471515,737,2,1,600,73.9
470777,471526,471531,749,5,1,600,75.4
470779,471533,471541,754,8,1,600,76.2
470799,470835,472264,36,1429,8,6000,1.02519244227
470831,470912,472360,81,1448,8,6000,1.05593922652
470840,471538,471539,698,1,1,600,69.9
470842,471545,471548,703,3,1,600,70.6
470843,471551,471552,708,1,1,600,70.9
470844,471559,471561,715,2,1,600,71.7
470846,471566,471572,720,6,1,600,72.6
470847,471571,471573,724,2,1,600,72.6
470849,471577,471580,728,3,1,600,73.1
470850,471584,471587,734,3,1,600,73.7
470851,471589,471594,738,5,1,600,74.3
470853,471597,471599,744,2,1,600,74.6
470854,471603,471614,749,11,1,600,69.0909090909
470914,470925,470930,11,5,1,300,1.6
470914,470996,472431,82,1435,8,6000,1.05714285714
470916,471610,471613,694,3,1,600,69.7
470917,471615,471618,698,3,1,600,70.1
470918,471625,471642,707,17,1,600,42.5882352941
470920,471632,471639,712,7,1,600,71.9
470921,471637,471639,716,2,1,600,71.8
470922,471651,471659,729,8,1,600,73.7
470923,471656,471659,733,3,1,600,73.6
470925,471663,471665,738,2,1,600,74.0
470926,471670,471671,744,1,1,600,74.5
470927,471676,471683,749,7,1,600,75.6
470989,471682,471695,693,13,1,600,54.3076923077
470991,471688,471692,697,4,1,600,70.1
470992,471696,471701,704,5,1,600,70.9
470993,471704,471712,711,8,1,600,71.9
470995,471710,471713,715,3,1,600,71.8
470996,471717,471719,721,2,1,600,72.3
470996,471744,473195,748,1451,8,6000,1.51550654721
471058,471724,471736,666,12,1,600,56.5
471059,471729,471730,670,1,1,600,67.1
471061,471737,471742,676,5,1,600,68.1
471062,471751,471753,689,2,1,600,69.1
471063,471756,471764,693,8,1,600,70.1
471065,471761,471762,696,1,1,600,69.7
471066,471767,471769,701,2,1,600,70.3
471067,471772,471773,705,1,1,600,70.6
471070,471790,471791,720,1,1,600,72.1
471071,471796,471799,725,3,1,600,72.8
471112,471126,471137,14,11,1,300,2.27272727273
471133,471804,471830,671,26,1,600,26.8076923077
471134,471810,471812,676,2,1,600,67.8
471137,471837,471838,700,1,1,600,70.1
471138,471844,471846,706,2,1,600,70.8
471140,471849,471852,709,3,1,600,71.2
471201,471855,471856,654,1,1,600,65.5
471204,471870,471873,666,3,1,600,66.9
471205,471875,471882,670,7,1,600,67.7
471208,471888,471905,680,17,1,600,41.0
471209,471900,471928,691,28,1,600,25.6785714286
471211,471917,471918,706,1,1,600,70.7
471212,471929,471932,717,3,1,600,72.0
471213,471937,471959,724,22,1,600,33.9090909091
471275,471942,471943,667,1,1,600,66.8
471276,471947,471990,671,43,1,600,16.6046511628
471278,471953,471958,675,5,1,600,68.0
471279,471958,471983,679,25,1,600,28.16
471280,471970,471972,690,2,1,600,69.2
471282,471975,471978,693,3,1,600,69.6
471283,471983,471985,700,2,1,600,70.2
471284,471988,471989,704,1,1,600,70.5
471286,471995,471998,709,3,1,600,71.2
471287,472000,472009,713,9,1,600,72.2
471288,472005,472008,717,3,1,600,72.0
471290,472013,472015,723,2,1,600,72.5
471351,472018,472052,667,34,1,600,20.6176470588
471352,472023,472026,671,3,1,600,67.4
471354,472029,472032,675,3,1,600,67.8
471355,472041,472049,686,8,1,600,69.4
471356,472046,472050,690,4,1,600,69.4
471358,472054,472056,696,2,1,600,69.8
471359,472059,472062,700,3,1,600,70.3
471360,472071,472079,711,8,1,600,71.9
471362,472077,472079,715,2,1,600,71.7
471424,472089,472127,665,38,1,600,18.5
471426,472101,472102,675,1,1,600,67.6
471427,472106,472115,679,9,1,600,68.8
471428,472113,472116,685,3,1,600,68.8
471430,472126,472171,696,45,1,600,16.4666666667
471431,472133,472136,702,3,1,600,70.5
471432,472140,472143,708,3,1,600,71.1
471435,472155,472158,720,3,1,600,72.3
471436,472162,472164,726,2,1,600,72.8
471438,472169,472170,731,1,1,600,73.2
471439,472176,472177,737,1,1,600,73.8
471500,472183,472189,683,6,1,600,68.9
471502,472189,472192,687,3,1,600,69.0
471503,472201,472206,698,5,1,600,70.3
471504,472213,472222,709,9,1,600,71.8
471506,472219,472222,713,3,1,600,71.6
471507,472801,472803,1294,2,1,600,129.6
471509,472806,472809,1297,3,1,600,130.0
471510,472811,472819,1301,8,1,600,130.9
471571,472819,472822,1248,3,1,600,125.1
471573,472826,472828,1253,2,1,600,125.5
471574,472833,472839,1259,6,1,600,126.5
471575,472840,472842,1265,2,1,600,126.7
471577,472845,472851,1268,6,1,600,127.4
471578,472852,472854,1274,2,1,600,127.6
471579,472858,472861,1279,3,1,600,128.2
471581,472865,472867,1284,2,1,600,128.6
471582,472871,472876,1289,5,1,600,129.4
471583,472878,472881,1295,3,1,600,129.8
471585,472884,472887,1299,3,1,600,130.2
471586,472890,472894,1304,4,1,600,130.8
471648,472897,472899,1249,2,1,600,125.1
471649,472904,472906,1255,2,1,600,125.7
471650,472911,472914,1261,3,1,600,126.4
471652,472916,472918,1264,2,1,600,126.6
471653,472922,472935,1269,13,1,600,98.6153846154
471654,472929,472932,1275,3,1,600,127.8
471656,472935,472954,1279,19,1,600,68.3157894737
471657,472943,472946,1286,3,1,600,128.9
471658,472951,472954,1293,3,1,600,129.6
471720,472957,472960,1237,3,1,600,124.0
471721,472973,472978,1252,5,1,600,125.7
471723,472990,472993,1267,3,1,600,127.0
471724,473005,473010,1281,5,1,600,128.6
471725,473021,473024,1296,3,1,600,129.9
471727,473036,473041,1309,5,1,600,131.4
471728,473052,473056,1324,4,1,600,132.8
471729,473068,473070,1339,2,1,600,134.1
471732,473094,473124,1362,30,1,600,46.4
471734,473136,473140,1402,4,1,600,140.6
471747,471784,473224,37,1440,8,6000,1.02569444444
471788,471831,473257,43,1426,8,6000,1.0301542777
471795,473151,473152,1356,1,1,600,135.7
471796,473163,473167,1367,4,1,600,137.1
471798,473178,473179,1380,1,1,600,138.1
471799,473190,473194,1391,4,1,600,139.5
471801,473206,473215,1405,9,1,600,141.4
471802,473226,473247,1424,21,1,600,68.8095238095
471803,473259,473263,1456,4,1,600,146.0
471805,473274,473279,1469,5,1,600,147.4
471806,473290,473333,1484,43,1,600,35.511627907
471808,473346,473348,1538,2,1,600,154.0
471830,471895,473327,65,1432,8,6000,1.04539106145
471871,473373,473375,1502,2,1,600,150.4
471872,473387,473393,1515,6,1,600,152.1
471873,473404,473405,1531,1,1,600,153.2
471876,473431,473434,1555,3,1,600,155.8
471878,473446,473453,1568,7,1,600,157.5
471879,473465,473467,1586,2,1,600,158.8
471880,473478,473481,1598,3,1,600,160.1
471882,473498,473499,1616,1,1,600,161.7
471892,471965,473411,73,1446,8,6000,1.05048409405
471943,473510,473513,1567,3,1,600,157.0
471945,473524,473527,1579,3,1,600,158.2
471946,473541,473544,1595,3,1,600,159.8
471947,473555,473558,1608,3,1,600,161.1
471949,473570,473572,1621,2,1,600,162.3
471950,473583,473586,1633,3,1,600,163.6
471952,473598,473600,1646,2,1,600,164.8
471965,472036,473480,71,1444,8,6000,1.04916897507
472013,473612,473613,1599,1,1,600,160.0
472015,473624,473665,1609,41,1,600,40.243902439
472016,473677,473678,1661,1,1,600,166.2
472017,473694,473701,1677,7,1,600,168.4
472019,473699,473702,1680,3,1,600,168.3
472020,473713,473716,1693,3,1,600,169.6
472021,473718,473721,1697,3,1,600,170.0
472024,473737,473739,1713,2,1,600,171.5
472025,473744,473750,1719,6,1,600,172.5
472027,473752,473754,1725,2,1,600,172.7
472028,473761,473790,1733,29,1,600,60.7586206897
472037,472066,473504,29,1438,8,6000,1.02016689847
472069,472096,473522,27,1426,8,6000,1.01893408135
472090,473769,473775,1679,6,1,600,168.5
472091,473787,473788,1696,1,1,600,169.7
472092,473800,473815,1708,15,1,600,114.866666667
472094,473808,473812,1714,4,1,600,171.8
472095,473823,473869,1728,46,1,600,38.5652173913
472097,473829,473847,1732,18,1,600,97.2222222222
472098,473858,473866,1760,8,1,600,176.8
472099,473878,473880,1779,2,1,600,178.1
472100,472196,473627,96,1431,8,6000,1.06708595388
472101,473884,473886,1783,2,1,600,178.5
472164,473904,473906,1740,2,1,600,174.2
472166,473917,473926,1751,9,1,600,176.0
472168,473923,473929,1755,6,1,600,176.1
472169,473937,473940,1768,3,1,600,177.1
472171,473944,473945,1773,1,1,600,177.4
472172,473951,473954,1779,3,1,600,178.2
472173,473958,473959,1785,1,1,600,178.6
472175,473966,473972,1791,6,1,600,179.7
472176,473972,473976,1796,4,1,600,180.0
472177,473983,473991,1806,8,1,600,181.4
472193,472208,473639,15,1431,8,6000,1.01048218029
472204,472234,473677,30,1443,8,6000,1.02079002079
472235,472244,473677,9,1433,8,6000,1.00628053036
472240,474002,474005,1762,3,1,600,176.5
472241,474008,474011,1767,3,1,600,177.0
472243,474017,474025,1774,8,1,600,178.2
472244,474024,474047,1780,23,1,600,78.3913043478
472245,474036,474045,1791,9,1,600,180.0
472246,472276,473708,30,1432,8,6000,1.02094972067
472278,472372,473797,94,1425,8,6000,1.06596491228
472371,472444,473881,73,1437,8,6000,1.05080027836
472443,472967,474408,524,1441,8,6000,1.36363636364
472847,474056,474073,1209,17,1,600,72.1176470588
472849,474063,474064,1214,1,1,600,121.5
472850,474076,474082,1226,6,1,600,123.2
472852,474084,474088,1232,4,1,600,123.6
472853,474093,474098,1240,5,1,600,124.5
472855,474100,474101,1245,1,1,600,124.6
472856,474109,474112,1253,3,1,600,125.6
472857,474116,474121,1259,5,1,600,126.4
472919,474123,474126,1204,3,1,600,120.7
472920,474132,474135,1212,3,1,600,121.5
472922,474138,474141,1216,3,1,600,121.9
472923,474146,474147,1223,1,1,600,122.4
472924,474153,474178,1229,25,1,600,50.16
472926,474159,474162,1233,3,1,600,123.6
472927,474173,474174,1246,1,1,600,124.7
472928,474185,474192,1257,7,1,600,126.4
472930,474192,474195,1262,3,1,600,126.5
472931,474203,474204,1272,1,1,600,127.3
472932,474210,474215,1278,5,1,600,128.3
472967,473213,474661,246,1448,8,6000,1.16988950276
472995,474226,474228,1231,2,1,600,123.3
472997,474232,474235,1235,3,1,600,123.8
472998,474239,474240,1241,1,1,600,124.2
473001,474253,474256,1252,3,1,600,125.5
473002,474260,474261,1258,1,1,600,125.9
473004,474267,474269,1263,2,1,600,126.5
473065,474274,474281,1209,7,1,600,121.6
473067,474280,474283,1213,3,1,600,121.6
473070,474299,474309,1229,10,1,600,123.9
473131,474306,474309,1175,3,1,600,117.8
473133,474320,474321,1187,1,1,600,118.8
473134,474326,474328,1192,2,1,600,119.4
473195,474332,474333,1137,1,1,600,113.8
473197,474341,474343,1144,2,1,600,114.6
473198,474347,474351,1149,4,1,600,115.3
473199,474354,474357,1155,3,1,600,115.8
473201,474362,474363,1161,1,1,600,116.2
473214,473236,474670,22,1434,8,6000,1.01534170153
473235,473268,474694,33,1426,8,6000,1.02314165498
473262,474368,474376,1106,8,1,600,111.4
473264,474375,474378,1111,3,1,600,111.4
473267,473339,474770,72,1431,8,6000,1.05031446541
473325,474388,474394,1063,6,1,600,106.9
473326,474395,474396,1069,1,1,600,107.0
473339,473424,474869,85,1445,8,6000,1.05882352941
473388,474405,474408,1017,3,1,600,102.0
473389,474412,474417,1023,5,1,600,102.8
473391,474424,474430,1033,6,1,600,103.9
473392,474430,474433,1038,3,1,600,104.1
473422,473492,474928,70,1436,8,6000,1.04874651811
473453,474441,474442,988,1,1,600,98.9
473455,474447,474486,992,39,1,600,26.4358974359
473458,474465,474466,1007,1,1,600,100.8
473459,474477,474480,1018,3,1,600,102.1
473495,473518,474942,23,1424,8,6000,1.01615168539
473516,473534,474975,18,1441,8,6000,1.01249132547
473520,474491,474494,971,3,1,600,97.4
473522,474497,474498,975,1,1,600,97.6
473523,474505,474506,982,1,1,600,98.3
473524,474511,474514,987,3,1,600,99.0
473537,473638,475073,101,1435,8,6000,1.07038327526
473586,474518,474521,932,3,1,600,93.5
473587,474525,474531,938,6,1,600,94.4
473589,474533,474534,944,1,1,600,94.5
473590,474543,474550,953,7,1,600,96.0
473641,473650,475078,9,1428,8,6000,1.00630252101
473651,473689,475128,38,1439,8,6000,1.02640722724
473651,474549,474553,898,4,1,600,90.2
473653,474563,474564,910,1,1,600,91.1
473654,474569,474571,915,2,1,600,91.7
473693,473707,475151,14,1444,8,6000,1.00969529086
473704,473724,475170,20,1446,8,6000,1.01383125864
473716,474576,474582,860,6,1,600,86.6
473717,474583,474586,866,3,1,600,86.9
473718,474593,474596,875,3,1,600,87.8
473720,474600,474601,880,1,1,600,88.1
473725,473814,475246,89,1432,8,6000,1.06215083799
473781,474607,474610,826,3,1,600,82.9
473783,474615,474623,832,8,1,600,84.0
473784,474621,474625,837,4,1,600,84.1
473785,474635,474636,850,1,1,600,85.1
473787,474641,474644,854,3,1,600,85.7
473788,474648,474650,860,2,1,600,86.2
473789,474656,474663,867,7,1,600,87.4
473790,479234,572696,5444,93462,12,432000,1.05824827202
473818,473899,475348,81,1449,8,6000,1.05590062112
473851,474662,474669,811,7,1,600,81.8
473852,474680,474710,828,30,1,600,28.6
473853,474685,474695,832,10,1,600,84.2
473854,474712,474716,858,4,1,600,86.2
473856,474721,474727,865,6,1,600,87.1
473900,474419,475848,519,1429,8,6000,1.36319104269
473917,474727,474733,810,6,1,600,81.6
473919,474739,474742,820,3,1,600,82.3
473920,474745,474755,825,10,1,600,83.5
473922,474765,474771,843,6,1,600,84.9
473924,474771,474775,847,4,1,600,85.1
473986,474794,474800,808,6,1,600,81.4
473988,474800,474803,812,3,1,600,81.5
473989,474811,474815,822,4,1,600,82.6
473990,474818,474821,828,3,1,600,83.1
473992,474826,474829,834,3,1,600,83.7
473994,474840,474844,846,4,1,600,85.0
473995,474847,474850,852,3,1,600,85.5
473997,474855,474857,858,2,1,600,86.0
473998,474862,474868,864,6,1,600,87.0
474059,474869,474879,810,10,1,600,82.0
474061,474879,474886,818,7,1,600,82.5
474062,474893,474903,831,10,1,600,84.1
474063,474899,474907,836,8,1,600,84.4
474065,474914,474916,849,2,1,600,85.1
474127,474927,474930,800,3,1,600,80.3
474129,474934,474937,805,3,1,600,80.8
474130,474946,474951,816,5,1,600,82.1
474132,474967,474994,835,27,1,600,31.9259259259
474134,474972,474977,838,5,1,600,84.3
474135,474994,474996,859,2,1,600,86.1
474136,475006,475053,870,47,1,600,19.5106382979
474198,475012,475019,814,7,1,600,82.1
474199,475031,475037,832,6,1,600,83.8
474200,475048,475052,848,4,1,600,85.2
474202,475063,475084,861,21,1,600,42.0
474203,475071,475074,868,3,1,600,87.1
474204,475091,475095,887,4,1,600,89.1
474205,475097,475104,892,7,1,600,89.9
474207,475102,475104,895,2,1,600,89.7
474268,475107,475114,839,7,1,600,84.6
474269,475114,475124,845,10,1,600,85.5
474271,475120,475124,849,4,1,600,85.3
474272,475135,475144,863,9,1,600,87.2
474273,475141,475160,868,19,1,600,46.6842105263
474275,475155,475158,880,3,1,600,88.3
474276,475169,475176,893,7,1,600,90.0
474277,475175,475178,898,3,1,600,90.1
474278,475189,475192,911,3,1,600,91.4
474280,475195,475201,915,6,1,600,92.1
474341,475203,475234,862,31,1,600,28.8064516129
474342,475213,475215,871,2,1,600,87.3
474344,475226,475231,882,5,1,600,88.7
474345,475242,475245,897,3,1,600,90.0
474346,475250,475264,904,14,1,600,65.5714285714
474348,475262,475312,914,50,1,600,19.28
474349,475276,475278,927,2,1,600,92.9
474350,475289,475292,939,3,1,600,94.2
474352,475303,475304,951,1,1,600,95.2
474413,475316,475328,903,12,1,600,76.25
474414,475324,475334,910,10,1,600,92.0
474415,475339,475343,924,4,1,600,92.8
474417,475346,475348,929,2,1,600,93.1
474418,475355,475387,937,32,1,600,30.28125
474419,475367,475371,948,4,1,600,95.2
474421,475382,475386,961,4,1,600,96.5
474423,475404,475411,981,7,1,600,98.8
474424,474672,476123,248,1451,8,6000,1.17091660924
474485,475410,475412,925,2,1,600,92.7
474486,475423,475426,937,3,1,600,94.0
474487,475430,475433,943,3,1,600,94.6
474488,475437,475438,949,1,1,600,95.0
474490,475446,475451,956,5,1,600,96.1
474491,475453,475460,962,7,1,600,96.9
474492,475463,475465,971,2,1,600,97.3
474554,475471,475474,917,3,1,600,92.0
474555,475478,475481,923,3,1,600,92.6
474556,475485,475495,929,10,1,600,93.9
474558,475492,475495,934,3,1,600,93.7
474560,475512,475513,952,1,1,600,95.3
474561,475520,475521,959,1,1,600,96.0
474563,475526,475565,963,39,1,600,25.6923076923
474564,475533,475536,969,3,1,600,97.2
474625,475548,475551,923,3,1,600,92.6
474627,475562,475568,935,6,1,600,94.1
474628,475578,475604,950,26,1,600,37.5384615385
474629,475584,475588,955,4,1,600,95.9
474631,475599,475607,968,8,1,600,97.6
474632,475616,475618,984,2,1,600,98.6
474633,475623,475626,990,3,1,600,99.3
474634,475629,475630,995,1,1,600,99.6
474636,475638,475648,1002,10,1,600,101.2
474671,474692,476123,21,1431,8,6000,1.01467505241
474692,474705,476132,13,1427,8,6000,1.00911002102
474697,475644,475648,947,4,1,600,95.1
474698,475660,475666,962,6,1,600,96.8
474700,475665,475666,965,1,1,600,96.6
474701,475677,475683,976,6,1,600,98.2
474702,475682,475685,980,3,1,600,98.3
474703,474782,476235,79,1453,8,6000,1.05437026841
474704,475695,475702,991,7,1,600,99.8
474743,553750,702948,79007,149198,18,198000,1.52954463197
474765,475702,475709,937,7,1,600,94.4
474767,475715,475717,948,2,1,600,95.0
474768,475722,475724,954,2,1,600,95.6
474769,475728,475729,959,1,1,600,96.0
474770,475736,475740,966,4,1,600,97.0
474772,475742,475743,970,1,1,600,97.1
474773,475751,475752,978,1,1,600,97.9
474785,474885,476329,100,1444,8,6000,1.06925207756
474835,475759,475761,924,2,1,600,92.6
474836,475765,475768,929,3,1,600,93.2
474837,475773,475791,936,18,1,600,53.0
474838,475780,475784,942,4,1,600,94.6
474840,475796,475803,956,7,1,600,96.3
474841,475803,475806,962,3,1,600,96.5
474842,475816,475818,974,2,1,600,97.6
474844,475822,475823,978,1,1,600,97.9
474845,475829,475867,984,38,1,600,26.8947368421
474889,474940,476386,51,1446,8,6000,1.03526970954
474906,475836,475839,930,3,1,600,93.3
474908,475851,475854,943,3,1,600,94.6
474909,475866,475892,957,26,1,600,37.8076923077
474910,475878,475882,968,4,1,600,97.2
474911,475894,475899,983,5,1,600,98.8
474913,475904,475909,991,5,1,600,99.6
474914,475911,475920,997,9,1,600,100.6
474915,475920,475921,1005,1,1,600,100.6
474940,474959,476398,19,1439,8,6000,1.01320361362
474962,474986,476424,24,1438,8,6000,1.01668984701
474977,475931,475932,954,1,1,600,95.5
474978,475938,475945,960,7,1,600,96.7
474981,475956,475965,975,9,1,600,98.4
474982,475963,475971,981,8,1,600,98.9
474983,475084,476531,101,1447,8,6000,1.06979958535
474984,475985,475987,1001,2,1,600,100.3
475046,475992,476007,946,15,1,600,64.0666666667
475047,475999,476001,952,2,1,600,95.4
475048,476012,476016,964,4,1,600,96.8
475050,476020,476025,970,5,1,600,97.5
475086,475127,476565,41,1438,8,6000,1.02851182197
475112,476041,476047,929,6,1,600,93.5
475114,476049,476056,935,7,1,600,94.2
475115,476058,476067,943,9,1,600,95.2
475117,476069,476076,952,7,1,600,95.9
475118,476079,476080,961,1,1,600,96.2
475122,476094,476097,972,3,1,600,97.5
475128,475147,476611,19,1464,8,6000,1.01297814208
475149,475162,476603,13,1441,8,6000,1.00902151284
475160,475182,476618,22,1436,8,6000,1.01532033426
475181,475257,476685,76,1428,8,6000,1.05322128852
475183,476101,476105,918,4,1,600,92.2
475185,476109,476111,924,2,1,600,92.6
475186,476117,476121,931,4,1,600,93.5
475187,476124,476126,937,2,1,600,93.9
475189,476132,476138,943,6,1,600,94.9
475190,476145,476147,955,2,1,600,95.7
475191,476157,476159,966,2,1,600,96.8
475253,475362,476797,109,1435,8,6000,1.07595818815
475253,476169,476171,916,2,1,600,91.8
475257,476189,476192,932,3,1,600,93.5
475258,476196,476199,938,3,1,600,94.1
475260,476203,476209,943,6,1,600,94.9
475322,476221,476229,899,8,1,600,90.7
475324,476227,476230,903,3,1,600,90.6
475325,476240,476245,915,5,1,600,92.0
475326,476252,476257,926,5,1,600,93.1
475367,475860,477298,493,1438,8,6000,1.34283727399
475388,476258,476263,870,5,1,600,87.5
475389,476268,476280,879,12,1,600,74.25
475390,476275,476278,885,3,1,600,88.8
475392,476289,476295,897,6,1,600,90.3
475393,476296,476299,903,3,1,600,90.6
475395,476308,476341,913,33,1,600,28.6666666667
475396,476315,476317,919,2,1,600,92.1
475457,476328,476329,871,1,1,600,87.2
475459,476346,476349,887,3,1,600,89.0
475461,476360,476365,899,5,1,600,90.4
475463,476367,476370,904,3,1,600,90.7
475464,476377,476379,913,2,1,600,91.5
475466,476383,476390,917,7,1,600,92.4
475467,476390,476393,923,3,1,600,92.6
475530,476417,476420,887,3,1,600,89.0
475531,476423,476456,892,33,1,600,28.0303030303
475533,476431,476434,898,3,1,600,90.1
475534,476445,476448,911,3,1,600,91.4
475535,476460,476462,925,2,1,600,92.7
475537,476467,476470,930,3,1,600,93.3
475538,476475,476476,937,1,1,600,93.8
475599,476481,476518,882,37,1,600,24.8378378378
475601,476489,476491,888,2,1,600,89.0
475602,476502,476504,900,2,1,600,90.2
475604,476516,476518,912,2,1,600,91.4
475605,476529,476530,924,1,1,600,92.5
475666,476535,476556,869,21,1,600,42.380952381
475668,476541,476542,873,1,1,600,87.4
475669,476554,476557,885,3,1,600,88.8
475670,476567,476575,897,8,1,600,90.5
475672,476574,476579,902,5,1,600,90.7
475673,476586,476587,913,1,1,600,91.4
475675,476593,476602,918,9,1,600,92.7
475676,476600,476601,924,1,1,600,92.5
475677,476613,476619,936,6,1,600,94.2
475739,476625,476631,886,6,1,600,89.2
475740,476637,476640,897,3,1,600,90.0
475741,476649,476651,908,2,1,600,91.0
475743,476655,476658,912,3,1,600,91.5
475744,476662,476665,918,3,1,600,92.1
475745,476669,476677,924,8,1,600,93.2
475747,476677,476678,930,1,1,600,93.1
475748,476689,476691,941,2,1,600,94.3
475749,476695,476708,946,13,1,600,73.7692307692
475812,476720,476724,908,4,1,600,91.2
475814,476725,476726,911,1,1,600,91.2
475816,476742,476745,926,3,1,600,92.9
475818,476748,476749,930,1,1,600,93.1
475860,476140,477593,280,1453,8,6000,1.1927047488
475880,476764,476769,884,5,1,600,88.9
475882,476770,476771,888,1,1,600,88.9
475883,476780,476782,897,2,1,600,89.9
475884,476787,476794,903,7,1,600,91.0
475886,476794,476795,908,1,1,600,90.9
475887,476805,476807,918,2,1,600,92.0
475948,476817,476820,869,3,1,600,87.2
475950,476824,476827,874,3,1,600,87.7
475951,476831,476836,880,5,1,600,88.5
475953,476838,476884,885,46,1,600,20.2391304348
475954,476848,476873,894,25,1,600,36.76
475955,476884,476890,929,6,1,600,93.5
475958,476902,476909,944,7,1,600,95.1
476019,476910,476917,891,7,1,600,89.8
476021,476920,476928,899,8,1,600,90.7
476022,476928,476929,906,1,1,600,90.7
476023,476939,476940,916,1,1,600,91.7
476025,476946,476953,921,7,1,600,92.8
476026,476952,476954,926,2,1,600,92.8
476027,476964,476969,937,5,1,600,94.2
476089,476971,476974,882,3,1,600,88.5
476090,476981,477001,891,20,1,600,45.55
476092,476988,476991,896,3,1,600,89.9
476093,477002,477003,909,1,1,600,91.0
476094,477012,477018,918,6,1,600,92.4
476096,477018,477019,922,1,1,600,92.3
476097,477030,477033,933,3,1,600,93.6
476099,477036,477043,937,7,1,600,94.4
476138,476152,477580,14,1428,8,6000,1.00980392157
476148,476164,477658,16,1494,8,6000,1.01070950469
476159,476247,477695,88,1448,8,6000,1.06077348066
476160,477044,477046,884,2,1,600,88.6
476161,477054,477057,893,3,1,600,89.6
476163,477062,477064,899,2,1,600,90.1
476164,477068,477069,904,1,1,600,90.5
476165,477076,477079,911,3,1,600,91.4
476167,477082,477083,915,1,1,600,91.6
476168,477091,477095,923,4,1,600,92.7
476170,477097,477141,927,44,1,600,22.0681818182
476231,477106,477108,875,2,1,600,87.7
476232,477121,477123,889,2,1,600,89.1
476234,477135,477140,901,5,1,600,90.6
476235,477152,477155,917,3,1,600,92.0
476236,477159,477161,923,2,1,600,92.5
476238,477167,477174,929,7,1,600,93.6
476239,477174,477181,935,7,1,600,94.2
476240,477186,477210,946,24,1,600,40.4166666667
476242,477193,477218,951,25,1,600,39.04
476252,476341,477774,89,1433,8,6000,1.06210746685
476303,477221,477228,918,7,1,600,92.5
476305,477229,477231,924,2,1,600,92.6
476307,477247,477255,940,8,1,600,94.8
476309,477253,477256,944,3,1,600,94.7
476310,477266,477268,956,2,1,600,95.8
476311,477274,477280,963,6,1,600,96.9
476345,476398,477837,53,1439,8,6000,1.03683113273
476373,477280,477282,907,2,1,600,90.9
476374,477292,477294,918,2,1,600,92.0
476375,477299,477301,924,2,1,600,92.6
476377,477306,477308,929,2,1,600,93.1
476378,477318,477333,940,15,1,600,63.6666666667
476379,477324,477330,945,6,1,600,95.1
476381,477342,477370,961,28,1,600,35.3214285714
476397,476412,477885,15,1473,8,6000,1.01018329939
476408,476439,477874,31,1435,8,6000,1.02160278746
476439,476547,477987,108,1440,8,6000,1.075
476442,477350,477352,908,2,1,600,91.0
476444,477364,477368,920,4,1,600,92.4
476445,477380,477386,935,6,1,600,94.1
476446,477386,477390,940,4,1,600,94.4
476447,477399,477400,952,1,1,600,95.3
476449,477406,477409,957,3,1,600,96.0
476510,477413,477415,903,2,1,600,90.5
476512,477420,477421,908,1,1,600,90.9
476513,477427,477434,914,7,1,600,92.1
476514,477434,477438,920,4,1,600,92.4
476515,477446,477448,931,2,1,600,93.3
476517,477452,477488,935,36,1,600,26.9722222222
476553,476580,478026,27,1446,8,6000,1.01867219917
476580,477473,477475,893,2,1,600,89.5
476581,477487,477488,906,1,1,600,90.7
476582,477501,477506,919,5,1,600,92.4
476584,476620,478065,36,1445,8,6000,1.02491349481
476584,477506,477510,922,4,1,600,92.6
476585,477518,477520,933,2,1,600,93.5
476586,477525,477528,939,3,1,600,94.2
476588,477532,477533,944,1,1,600,94.5
476616,476632,478074,16,1442,8,6000,1.01109570042
476637,476643,478079,6,1436,8,6000,1.00417827298
476648,476702,478148,54,1446,8,6000,1.03734439834
476651,477546,477554,895,8,1,600,90.3
476652,511606,820007,34954,308401,16,324000,1.11333945091
476652,477553,477563,901,10,1,600,91.1
476653,477565,477571,912,6,1,600,91.8
476655,477577,477602,922,25,1,600,37.88
476656,477584,477613,928,29,1,600,33.0
476657,477612,477617,955,5,1,600,96.0
476659,477624,477626,965,2,1,600,96.7
476700,476812,478263,112,1451,8,6000,1.07718814611
476720,477631,477634,911,3,1,600,91.4
476722,477639,477648,917,9,1,600,92.6
476723,477645,477648,922,3,1,600,92.5
476724,477659,477660,935,1,1,600,93.6
476726,477665,477667,939,2,1,600,94.1
476727,477676,477682,949,6,1,600,95.5
476728,477683,477686,955,3,1,600,95.8
476791,477693,477696,902,3,1,600,90.5
476792,477701,477704,909,3,1,600,91.2
476793,477713,477715,920,2,1,600,92.2
476795,477719,477727,924,8,1,600,93.2
476796,477728,477732,932,4,1,600,93.6
476797,477739,477747,942,8,1,600,95.0
476799,477745,477752,946,7,1,600,95.3
476800,477759,477763,959,4,1,600,96.3
476801,477765,477786,964,21,1,600,46.9047619048
476803,477775,477782,972,7,1,600,97.9
476804,477793,477794,989,1,1,600,99.0
476813,477313,478766,500,1453,8,6000,1.34411562285
476866,477799,477809,933,10,1,600,94.3
476867,477806,477808,939,2,1,600,94.1
476870,477826,477831,956,5,1,600,96.1
476933,477842,477883,909,41,1,600,23.1707317073
476934,477854,477860,920,6,1,600,92.6
476936,477861,477874,925,13,1,600,72.1538461538
476937,477867,477870,930,3,1,600,93.3
476938,477872,477874,934,2,1,600,93.6
476940,477877,477882,937,5,1,600,94.2
476941,477883,477886,942,3,1,600,94.5
477004,477901,477904,897,3,1,600,90.0
477005,477913,477919,908,6,1,600,91.4
477007,477919,477926,912,7,1,600,91.9
477010,477937,477958,927,21,1,600,45.1428571429
477011,477944,477949,933,5,1,600,93.8
477012,477961,477970,949,9,1,600,95.8
477074,477969,477970,895,1,1,600,89.6
477075,477981,477982,906,1,1,600,90.7
477076,477986,477993,910,7,1,600,91.7
477078,477993,477995,915,2,1,600,91.7
477079,478006,478013,927,7,1,600,93.4
477080,478011,478014,931,3,1,600,93.4
477082,478025,478030,943,5,1,600,94.8
477083,478030,478033,947,3,1,600,95.0
477084,478044,478046,960,2,1,600,96.2
477147,478056,478058,909,2,1,600,91.1
477149,478062,478065,913,3,1,600,91.6
477150,478068,478075,918,7,1,600,92.5
477151,478075,478079,924,4,1,600,92.8
477153,478087,478134,934,47,1,600,20.8723404255
477214,478099,478102,885,3,1,600,88.8
477215,478104,478107,889,3,1,600,89.2
477217,478118,478126,901,8,1,600,90.9
477218,478125,478129,907,4,1,600,91.1
477219,478137,478143,918,6,1,600,92.4
477281,478144,478147,863,3,1,600,86.6
477282,478151,478155,869,4,1,600,87.3
477283,478157,478165,874,8,1,600,88.2
477285,478170,478173,885,3,1,600,88.8
477286,478175,478182,889,7,1,600,89.6
477289,478188,478195,899,7,1,600,90.6
477290,478193,478222,903,29,1,600,32.1379310345
477291,478198,478206,907,8,1,600,91.5
477316,477593,479046,277,1453,8,6000,1.19064005506
477353,478205,478210,852,5,1,600,85.7
477354,478210,478215,856,5,1,600,86.1
477355,478217,478224,862,7,1,600,86.9
477357,478224,478226,867,2,1,600,86.9
477358,478229,478236,871,7,1,600,87.8
477360,478235,478239,875,4,1,600,87.9
477421,478241,478244,820,3,1,600,82.3
477422,478246,478253,824,7,1,600,83.1
477424,478252,478259,828,7,1,600,83.5
477425,478258,478263,833,5,1,600,83.8
477426,478263,478270,837,7,1,600,84.4
477429,478275,478277,846,2,1,600,84.8
477430,478287,478288,857,1,1,600,85.8
477492,478292,478293,800,1,1,600,80.1
477493,478297,478298,804,1,1,600,80.5
477495,478303,478306,808,3,1,600,81.1
477496,478309,478314,813,5,1,600,81.8
477497,478315,478321,818,6,1,600,82.4
477499,478320,478327,821,7,1,600,82.8
477500,478325,478328,825,3,1,600,82.8
477561,478331,478334,770,3,1,600,77.3
477563,478337,478339,774,2,1,600,77.6
477564,478344,478346,780,2,1,600,78.2
477566,478349,478351,783,2,1,600,78.5
477567,478354,478359,787,5,1,600,79.2
477568,478361,478363,793,2,1,600,79.5
477570,478366,478374,796,8,1,600,80.4
477571,478371,478375,800,4,1,600,80.4
477594,477606,479187,12,1581,8,6000,1.00759013283
477605,477671,479187,66,1516,8,6000,1.04353562005
477632,478377,478380,745,3,1,600,74.8
477635,478388,478389,753,1,1,600,75.4
477636,478394,478395,758,1,1,600,75.9
477638,478400,478405,762,5,1,600,76.7
477639,478405,478408,766,3,1,600,76.9
477667,477707,479187,40,1480,8,6000,1.02702702703
477701,478410,478414,709,4,1,600,71.3
477702,478417,478433,715,16,1,600,45.6875
477703,478422,478426,719,4,1,600,72.3
477705,478427,478448,722,21,1,600,35.380952381
477706,478434,478440,728,6,1,600,73.4
477707,478439,478442,732,3,1,600,73.5
477709,477787,479240,78,1453,8,6000,1.05368203716
477709,478445,478448,736,3,1,600,73.9
477710,478451,478457,741,6,1,600,74.7
477772,478458,478501,686,43,1,600,16.9534883721
477773,478463,478469,690,6,1,600,69.6
477774,478470,478474,696,4,1,600,70.0
477776,478475,478495,699,20,1,600,35.95
477777,478480,478485,703,5,1,600,70.8
477778,478487,478489,709,2,1,600,71.1
477791,477848,479305,57,1457,8,6000,1.0391214825
477841,478499,478501,658,2,1,600,66.0
477844,478511,478515,667,4,1,600,67.1
477845,478517,478523,672,6,1,600,67.8
477846,478522,478523,676,1,1,600,67.7
477847,478528,478536,681,8,1,600,68.9
477849,478533,478536,684,3,1,600,68.7
477854,477896,479345,42,1449,8,6000,1.02898550725
477897,477907,479353,10,1446,8,6000,1.00691562932
477909,477999,479437,90,1438,8,6000,1.06258692629
477911,478539,478540,628,1,1,600,62.9
477912,478545,478552,633,7,1,600,64.0
477914,478550,478552,636,2,1,600,63.8
477915,478557,478564,642,7,1,600,64.9
477916,478562,478564,646,2,1,600,64.8
477918,478567,478570,649,3,1,600,65.2
477919,478574,478620,655,46,1,600,15.2391304348
477920,478579,478586,659,7,1,600,66.6
477922,478586,478592,664,6,1,600,67.0
477984,478591,478593,607,2,1,600,60.9
477986,478596,478599,610,3,1,600,61.3
477987,478602,478632,615,30,1,600,21.5
477988,478608,478609,620,1,1,600,62.1
477990,478614,478625,624,11,1,600,57.7272727273
477991,478620,478624,629,4,1,600,63.3
477992,478625,478633,633,8,1,600,64.1
477994,478632,478635,638,3,1,600,64.1
477996,478039,479481,43,1442,8,6000,1.02981969487
478039,478081,479531,42,1450,8,6000,1.02896551724
478056,478639,478679,583,40,1,600,15.575
478057,478645,478647,588,2,1,600,59.0
478059,478652,478657,593,5,1,600,59.8
478060,478657,478660,597,3,1,600,60.0
478061,478662,478664,601,2,1,600,60.3
478063,478669,478677,606,8,1,600,61.4
478064,478674,478722,610,48,1,600,13.7083333333
478067,478680,478701,613,21,1,600,30.1904761905
478083,478093,479547,10,1454,8,6000,1.00687757909
478094,478111,479555,17,1444,8,6000,1.01177285319
478115,478165,479619,50,1454,8,6000,1.03438789546
478131,478692,478693,561,1,1,600,56.2
478132,478698,478704,566,6,1,600,57.2
478133,478704,478707,571,3,1,600,57.4
478135,478709,478716,574,7,1,600,58.1
478136,478716,478721,580,5,1,600,58.5
478137,478722,478730,585,8,1,600,59.3
478139,478728,478731,589,3,1,600,59.2
478140,478734,478737,594,3,1,600,59.7
478167,478282,479744,115,1462,8,6000,1.07865937073
478201,478741,478770,540,29,1,600,19.6206896552
478203,478746,478754,543,8,1,600,55.1
478204,478752,478753,548,1,1,600,54.9
478205,478758,478759,553,1,1,600,55.4
478208,478769,478792,561,23,1,600,25.3913043478
478209,478775,478777,566,2,1,600,56.8
478211,478786,478788,575,2,1,600,57.7
478212,478792,478800,580,8,1,600,58.8
478273,478797,478799,524,2,1,600,52.6
478275,478804,478824,529,20,1,600,27.45
478276,478809,478813,533,4,1,600,53.7
478277,478816,478818,539,2,1,600,54.1
478279,478821,478822,542,1,1,600,54.3
478280,478781,480227,501,1446,8,6000,1.34647302905
478280,478826,478829,546,3,1,600,54.9
478281,478833,478850,552,17,1,600,33.4705882353
478283,478838,478846,555,8,1,600,56.3
478284,478844,478852,560,8,1,600,56.8
478285,478851,478869,566,18,1,600,32.4444444444
478286,478856,478858,570,2,1,600,57.2
478288,478863,478867,575,4,1,600,57.9
478289,478868,478875,579,7,1,600,58.6
478290,478874,478877,584,3,1,600,58.7
478352,478880,478889,528,9,1,600,53.7
478353,478886,478887,533,1,1,600,53.4
478354,478891,478898,537,7,1,600,54.4
478356,478897,478903,541,6,1,600,54.7
478357,478903,478906,546,3,1,600,54.9
478360,478914,478932,554,18,1,600,31.7777777778
478361,478920,478926,559,6,1,600,56.5
478363,478926,478928,563,2,1,600,56.5
478364,478931,478939,567,8,1,600,57.5
478367,478944,478948,577,4,1,600,58.1
478368,478949,478952,581,3,1,600,58.4
478369,478954,478963,585,9,1,600,59.4
478431,478961,478962,530,1,1,600,53.1
478432,478967,478973,535,6,1,600,54.1
478434,478972,478978,538,6,1,600,54.4
478435,478979,479029,544,50,1,600,11.88
478436,478984,478987,548,3,1,600,55.1
478438,478989,478993,551,4,1,600,55.5
478441,479001,479005,560,4,1,600,56.4
478442,479007,479013,565,6,1,600,57.1
478443,479013,479016,570,3,1,600,57.3
478445,479018,479019,573,1,1,600,57.4
478447,479030,479035,583,5,1,600,58.8
478493,479257,544277,764,65020,8,86400,1.0117502307
478509,479037,479199,528,162,1,600,4.25925925926
478510,479042,479045,532,3,1,600,53.5
478511,479052,479191,541,139,1,600,4.89208633094
478512,479063,479188,551,125,1,600,5.408
478514,479074,479191,560,117,1,600,5.78632478632
478515,479200,479207,685,7,1,600,69.2
478516,479205,479209,689,4,1,600,69.3
478518,479211,479214,693,3,1,600,69.6
478519,479216,479220,697,4,1,600,70.1
478520,479222,479224,702,2,1,600,70.4
478521,479227,479230,706,3,1,600,70.9
478523,479245,479248,722,3,1,600,72.5
478524,479250,479253,726,3,1,600,72.9
478586,479362,479372,776,10,1,600,78.6
478587,479388,479394,801,6,1,600,80.7
478589,479407,479409,818,2,1,600,82.0
478590,479413,479419,823,6,1,600,82.9
478591,479421,479424,830,3,1,600,83.3
478593,479431,479441,838,10,1,600,84.8
478594,479438,479440,844,2,1,600,84.6
478595,479564,479568,969,4,1,600,97.3
478597,479569,479573,972,4,1,600,97.6
478598,479575,479578,977,3,1,600,98.0
478599,479588,479590,989,2,1,600,99.1
478600,479638,479660,1038,22,1,600,48.1818181818
478602,479672,479693,1070,21,1,600,51.9523809524
478663,479705,479708,1042,3,1,600,104.5
478664,479719,479722,1055,3,1,600,105.8
478666,479733,479741,1067,8,1,600,107.5
478667,479752,479760,1085,8,1,600,109.3
478668,479766,479769,1098,3,1,600,110.1
478670,479781,479787,1111,6,1,600,111.7
478671,479798,479803,1127,5,1,600,113.2
478672,479815,479818,1143,3,1,600,114.6
478673,479829,479835,1156,6,1,600,116.2
478675,479846,479852,1171,6,1,600,117.7
478676,479863,479867,1187,4,1,600,119.1
478677,479878,479899,1201,21,1,600,58.1904761905
478695,515692,518250,36997,2558,1,14400,15.463252541
478739,479911,479913,1172,2,1,600,117.4
478740,479924,479925,1184,1,1,600,118.5
478741,479937,479939,1196,2,1,600,119.8
478743,479950,479958,1207,8,1,600,121.5
478744,479970,479975,1226,5,1,600,123.1
478745,479986,479990,1241,4,1,600,124.5
478747,480001,480002,1254,1,1,600,125.5
478748,480013,480014,1265,1,1,600,126.6
478749,480026,480028,1277,2,1,600,127.9
478751,480040,480041,1289,1,1,600,129.0
478752,480052,480086,1300,34,1,600,39.2352941176
478754,480098,480099,1344,1,1,600,134.5
478755,480110,480118,1355,8,1,600,136.3
478771,515797,515804,37026,7,1,28800,3703.3
478776,479193,480647,417,1454,8,6000,1.28679504814
478817,480130,480132,1313,2,1,600,131.5
478818,480144,480147,1326,3,1,600,132.9
478819,480159,480161,1340,2,1,600,134.2
478821,480174,480176,1353,2,1,600,135.5
478822,480189,480201,1367,12,1,600,114.916666667
478824,480212,480219,1388,7,1,600,139.5
478825,480231,480232,1406,1,1,600,140.7
478826,480247,480249,1421,2,1,600,142.3
478828,480261,480267,1433,6,1,600,143.9
478829,480279,480286,1450,7,1,600,145.7
478830,480297,480324,1467,27,1,600,55.3333333333
478832,480336,480344,1504,8,1,600,151.2
478833,480356,480357,1523,1,1,600,152.4
478834,480369,480375,1535,6,1,600,154.1
478836,480386,480388,1550,2,1,600,155.2
478897,480400,480407,1503,7,1,600,151.0
478898,480419,480448,1521,29,1,600,53.4482758621
478900,480460,480465,1560,5,1,600,156.5
478901,480477,480485,1576,8,1,600,158.4
478902,480496,480498,1594,2,1,600,159.6
478904,480510,480516,1606,6,1,600,161.2
478905,480528,480531,1623,3,1,600,162.6
478906,480543,480545,1637,2,1,600,163.9
478908,480556,480559,1648,3,1,600,165.1
478909,480570,480572,1661,2,1,600,166.3
478911,480583,480592,1672,9,1,600,168.1
478912,480604,480608,1692,4,1,600,169.6
478913,480620,480622,1707,2,1,600,170.9
478915,480634,480637,1719,3,1,600,172.2
478977,480665,480686,1688,21,1,600,81.380952381
478979,480704,480707,1725,3,1,600,172.8
478980,480718,480722,1738,4,1,600,174.2
478981,480733,480736,1752,3,1,600,175.5
478983,480748,480751,1765,3,1,600,176.8
478984,480762,480771,1778,9,1,600,178.7
478985,480782,480788,1797,6,1,600,180.3
478987,480799,480804,1812,5,1,600,181.7
478988,480815,480832,1827,17,1,600,108.470588235
478989,480844,480847,1855,3,1,600,185.8
479187,480860,480896,1673,36,1,600,47.4722222222
479188,480908,480911,1720,3,1,600,172.3
479189,480922,480927,1733,5,1,600,173.8
479191,480939,480943,1748,4,1,600,175.2
479192,480954,480957,1762,3,1,600,176.5
479193,480968,480974,1775,6,1,600,178.1
479195,480987,480994,1792,7,1,600,179.9
479196,481006,481010,1810,4,1,600,181.4
479198,479239,480686,41,1447,8,6000,1.02833448514
479198,481021,481024,1823,3,1,600,182.6
479199,481035,481043,1836,8,1,600,184.4
479201,481055,481058,1854,3,1,600,185.7
479202,481070,481072,1868,2,1,600,187.0
479203,481084,481087,1881,3,1,600,188.4
479205,481098,481105,1893,7,1,600,190.0
479206,481116,481150,1910,34,1,600,57.1764705882
479238,479262,482675,24,3413,5,14400,1.00703193671
479259,479269,482231,10,2962,5,14400,1.00337609723
479268,481161,481170,1893,9,1,600,190.2
479269,481181,481189,1912,8,1,600,192.0
479270,481200,481238,1930,38,1,600,51.7894736842
479270,479316,482556,46,3240,5,14400,1.01419753086
479272,481249,481253,1977,4,1,600,198.1
479273,481264,481267,1991,3,1,600,199.4
479274,481278,481280,2004,2,1,600,200.6
479275,481292,481315,2017,23,1,600,88.6956521739
479277,481326,481334,2049,8,1,600,205.7
479321,479356,482691,35,3335,5,14400,1.01049475262
479353,479368,482441,15,3073,5,14400,1.00488122356
479374,479380,482170,6,2790,5,14400,1.00215053763
479385,479448,482786,63,3338,5,14400,1.01887357699
479447,479456,482060,9,2604,5,14400,1.0034562212
479458,479492,482299,34,2807,5,14400,1.0121125757
479460,481359,481365,1899,6,1,600,190.5
479461,481376,481380,1915,4,1,600,191.9
479462,481392,481394,1930,2,1,600,193.2
479463,481406,481428,1943,22,1,600,89.3181818182
479465,481439,481442,1974,3,1,600,197.7
479466,481453,481458,1987,5,1,600,199.2
479489,479499,482568,10,3069,5,14400,1.00325839036
479500,479544,482238,44,2694,5,14400,1.01633259094
479542,479558,482048,16,2490,5,14400,1.00642570281
479563,479582,482895,19,3313,5,14400,1.0057349834
479584,479595,482309,11,2714,5,14400,1.00405305822
479588,481530,481536,1942,6,1,600,194.8
479591,481559,481584,1968,25,1,600,79.72
479595,479601,482453,6,2852,5,14400,1.00210378682
479606,479631,482534,25,2903,5,14400,1.00861178092
479637,479760,482266,123,2506,5,14400,1.04908220271
479652,481596,481607,1944,11,1,600,177.727272727
479714,481619,481623,1905,4,1,600,190.9
479716,481648,481652,1932,4,1,600,193.6
479761,479773,482682,12,2909,5,14400,1.00412512891
479772,480240,483050,468,2810,5,14400,1.1665480427
479778,481663,481671,1885,8,1,600,189.3
479779,481683,481689,1904,6,1,600,191.0
479781,481700,481702,1919,2,1,600,192.1
479782,481713,481716,1931,3,1,600,193.4
479844,481727,481729,1883,2,1,600,188.5
479845,481741,481742,1896,1,1,600,189.7
479846,481753,481795,1907,42,1,600,46.4047619048
479848,481807,481808,1959,1,1,600,196.0
479909,481821,481823,1912,2,1,600,191.4
479911,481835,481840,1924,5,1,600,192.9
479912,481851,481858,1939,7,1,600,194.6
479973,481869,481876,1896,7,1,600,190.3
479976,481899,481901,1923,2,1,600,192.5
479977,481913,481922,1936,9,1,600,194.5
480039,481933,481936,1894,3,1,600,189.7
480040,481947,481948,1907,1,1,600,190.8
480041,481959,481964,1918,5,1,600,192.3
480043,481975,481978,1932,3,1,600,193.5
480044,481989,482000,1945,11,1,600,177.818181818
480106,482012,482028,1906,16,1,600,120.125
480107,482040,482042,1933,2,1,600,193.5
480108,482053,482056,1945,3,1,600,194.8
480170,482067,482093,1897,26,1,600,73.9615384615
480171,482105,482107,1934,2,1,600,193.6
480172,482119,482121,1947,2,1,600,194.9
480174,482134,482139,1960,5,1,600,196.5
480235,482151,482155,1916,4,1,600,192.0
480236,482168,482175,1932,7,1,600,193.9
480238,482187,482213,1949,26,1,600,75.9615384615
480239,482225,482270,1986,45,1,600,45.1333333333
480245,480253,483683,8,3430,5,14400,1.00233236152
480256,480658,483561,402,2903,5,14400,1.13847743713
480301,482249,482252,1948,3,1,600,195.1
480302,482263,482266,1961,3,1,600,196.4
480303,482277,482307,1974,30,1,600,66.8
480365,482290,482292,1925,2,1,600,192.7
480366,482303,482306,1937,3,1,600,194.0
480367,482319,482321,1952,2,1,600,195.4
480429,482324,482326,1895,2,1,600,189.7
480430,482337,482398,1907,61,1,600,32.262295082
480431,482342,482343,1911,1,1,600,191.2
480493,482354,482357,1861,3,1,600,186.4
480494,482368,482371,1874,3,1,600,187.7
480495,482382,482384,1887,2,1,600,188.9
480557,482396,482399,1839,3,1,600,184.2
480559,482417,482419,1858,2,1,600,186.0
480560,482423,482427,1863,4,1,600,186.7
480622,482431,482438,1809,7,1,600,181.6
480623,482439,482444,1816,5,1,600,182.1
480625,482449,482452,1824,3,1,600,182.7
480626,482462,482464,1836,2,1,600,183.8
480627,482474,482480,1847,6,1,600,185.3
480657,480699,483997,42,3298,5,14400,1.0127349909
480689,482480,482505,1791,25,1,600,72.64
480690,482492,482494,1802,2,1,600,180.4
480691,482506,482554,1815,48,1,600,38.8125
480698,480710,483923,12,3213,5,14400,1.00373482726
480709,482060,485082,1351,3022,5,14400,1.44705493051
480753,482518,482520,1765,2,1,600,176.7
480754,482531,482536,1777,5,1,600,178.2
480755,482552,482555,1797,3,1,600,180.0
480757,482565,482575,1808,10,1,600,181.8
480818,482578,482580,1760,2,1,600,176.2
480819,482591,482597,1772,6,1,600,177.8
480820,482597,482599,1777,2,1,600,177.9
480882,482610,482613,1728,3,1,600,173.1
480883,482617,482619,1734,2,1,600,173.6
480946,482633,482636,1687,3,1,600,169.0
480947,482639,482641,1692,2,1,600,169.4
480948,482647,482653,1699,6,1,600,170.5
481010,482655,482659,1645,4,1,600,164.9
481011,482664,482683,1653,19,1,600,88.0
481012,482671,482712,1659,41,1,600,41.4634146341
481074,482694,482696,1620,2,1,600,162.2
481075,482713,482723,1638,10,1,600,164.8
481076,482724,482726,1648,2,1,600,165.0
481078,482734,482738,1656,4,1,600,166.0
481079,482742,482744,1663,2,1,600,166.5
481140,482750,482753,1610,3,1,600,161.3
481141,482756,482759,1615,3,1,600,161.8
481153,482789,491893,1636,9104,1,36000,1.17970123023
481191,482797,492166,1606,9369,1,36000,1.17141637315
481203,482764,482772,1561,8,1,600,156.9
481206,482783,482785,1577,2,1,600,157.9
481228,484911,493048,3683,8137,1,36000,1.45262381713
481267,484898,484899,3631,1,1,600,363.2
481268,484903,484907,3635,4,1,600,363.9
481330,484918,484921,3588,3,1,600,359.1
481331,484932,484936,3601,4,1,600,360.5
481332,484948,484955,3616,7,1,600,362.3
481351,484981,493112,3630,8131,1,36000,1.44643955233
481395,484975,484979,3580,4,1,600,358.4
481396,484990,485005,3594,15,1,600,240.6
481398,485016,485023,3618,7,1,600,362.5
481399,485034,485038,3635,4,1,600,363.9
481461,485049,485052,3588,3,1,600,359.1
481462,485063,485066,3601,3,1,600,360.4
481463,485077,485081,3614,4,1,600,361.8
481586,485105,485111,3519,6,1,600,352.5
481648,485123,485129,3475,6,1,600,348.1
481649,485140,485155,3491,15,1,600,233.733333333
481650,485166,485169,3516,3,1,600,351.9
481651,485181,485188,3530,7,1,600,353.7
481713,485199,485205,3486,6,1,600,349.2
481714,485219,485220,3505,1,1,600,350.6
481715,485231,485235,3516,4,1,600,352.0
481717,485246,485249,3529,3,1,600,353.2
481778,485261,485264,3483,3,1,600,348.6
481779,485275,485278,3496,3,1,600,349.9
481781,485291,485293,3510,2,1,600,351.2
481842,485305,485312,3463,7,1,600,347.0
481843,485325,485326,3482,1,1,600,348.3
481845,485339,485353,3494,14,1,600,250.571428571
481846,485365,485397,3519,32,1,600,110.96875
481907,485411,485415,3504,4,1,600,350.8
481909,485426,485427,3517,1,1,600,351.8
481910,485440,485443,3530,3,1,600,353.3
481911,485455,485458,3544,3,1,600,354.7
481973,485469,485472,3496,3,1,600,349.9
481974,485489,485492,3515,3,1,600,351.8
481975,485503,485506,3528,3,1,600,353.1
481976,485518,485520,3542,2,1,600,354.4
482038,485531,485555,3493,24,1,600,146.541666667
482039,485567,485568,3528,1,1,600,352.9
482040,485581,485583,3541,2,1,600,354.3
482065,482073,485200,8,3127,5,14400,1.00255836265
482076,482181,485462,105,3281,5,14400,1.03200243828
482102,485594,485595,3492,1,1,600,349.3
482103,485606,485607,3503,1,1,600,350.4
482104,485618,485624,3514,6,1,600,352.0
482167,485647,485651,3480,4,1,600,348.4
482168,485662,485665,3494,3,1,600,349.7
482170,485677,485682,3507,5,1,600,351.2
482179,482244,484952,65,2708,5,14400,1.02400295421
482232,485705,485708,3473,3,1,600,347.6
482241,482255,485306,14,3051,5,14400,1.00458865946
482252,482285,485194,33,2909,5,14400,1.0113441045
482283,482310,484880,27,2570,5,14400,1.01050583658
482294,485719,485722,3425,3,1,600,342.8
482295,485735,485758,3440,23,1,600,150.565217391
482296,485742,485762,3446,20,1,600,173.3
482297,485769,485772,3472,3,1,600,347.5
482315,482331,484879,16,2548,5,14400,1.00627943485
482336,482457,485393,121,2936,5,14400,1.04121253406
482359,485775,485779,3416,4,1,600,342.0
482360,485784,485791,3424,7,1,600,343.1
482362,485791,485797,3429,6,1,600,343.5
482363,485803,485805,3440,2,1,600,344.2
482364,485809,485812,3445,3,1,600,344.8
482366,485817,485825,3451,8,1,600,345.9
482427,485823,485824,3396,1,1,600,339.7
482428,485835,485843,3407,8,1,600,341.5
482430,485842,485844,3412,2,1,600,341.4
482431,485855,485861,3424,6,1,600,343.0
482433,485860,485864,3427,4,1,600,343.1
482434,485873,485879,3439,6,1,600,344.5
482435,485879,485881,3444,2,1,600,344.6
482460,482469,485315,9,2846,5,14400,1.0031623331
482471,482545,485087,74,2542,5,14400,1.02911093627
482497,485891,485894,3394,3,1,600,339.7
482498,485898,485902,3400,4,1,600,340.4
482500,485906,485908,3406,2,1,600,340.8
482501,485913,485915,3412,2,1,600,341.4
482502,485920,485928,3418,8,1,600,342.6
482504,485927,485930,3423,3,1,600,342.6
482543,482572,485467,29,2895,5,14400,1.01001727116
482565,485939,485943,3374,4,1,600,337.8
482566,485946,485972,3380,26,1,600,131.0
482568,485954,485959,3386,5,1,600,339.1
482569,485970,485981,3401,11,1,600,310.181818182
482570,485983,486002,3413,19,1,600,180.631578947
482574,482585,485173,11,2588,5,14400,1.0042503864
482585,482687,486053,102,3366,5,14400,1.0303030303
482632,485992,485993,3360,1,1,600,336.1
482635,486013,486015,3378,2,1,600,338.0
482636,486020,486026,3384,6,1,600,339.0
482637,486032,486034,3395,2,1,600,339.7
482639,486038,486039,3399,1,1,600,340.0
482640,486047,486050,3407,3,1,600,341.0
482688,482701,485717,13,3016,5,14400,1.00431034483
482699,482708,486011,9,3303,5,14400,1.00272479564
482701,486053,486059,3352,6,1,600,335.8
482703,486061,486071,3358,10,1,600,336.8
482704,486075,486076,3371,1,1,600,337.2
482706,486082,486083,3376,1,1,600,337.7
482708,486095,486098,3387,3,1,600,339.0
482710,482804,485422,94,2618,5,14400,1.0359052712
482770,486102,486106,3332,4,1,600,333.6
482771,486109,486116,3338,7,1,600,334.5
482772,486118,486120,3346,2,1,600,334.8
482774,486131,486140,3357,9,1,600,336.6
482775,486137,486139,3362,2,1,600,336.4
482776,486152,486153,3376,1,1,600,337.7
482778,486157,486165,3379,8,1,600,338.7
482779,486166,486168,3387,2,1,600,338.9
482780,486177,486179,3397,2,1,600,339.9
482803,482908,485494,105,2586,5,14400,1.04060324826
482842,486184,486186,3342,2,1,600,334.4
482906,483062,486112,156,3050,5,14400,1.05114754098
483061,483573,486126,512,2553,5,14400,1.20054837446
483575,483694,486310,119,2616,5,14400,1.04548929664
483691,493226,498323,9535,5097,4,10380,2.87070825976
483699,483935,487225,236,3290,5,14400,1.0717325228
483936,484009,486711,73,2702,5,14400,1.02701702443
484008,484890,487853,882,2963,5,14400,1.29767127911
484892,484963,487687,71,2724,5,14400,1.02606461087
484946,486191,486193,1245,2,1,600,124.7
484947,486199,486202,1252,3,1,600,125.5
484949,486205,486210,1256,5,1,600,126.1
484950,486213,486226,1263,13,1,600,98.1538461538
484965,485100,488048,135,2948,5,14400,1.04579375848
485011,486222,486226,1211,4,1,600,121.5
485013,486237,486238,1224,1,1,600,122.5
485014,486242,486243,1228,1,1,600,122.9
485015,486250,486252,1235,2,1,600,123.7
485077,486256,486257,1179,1,1,600,118.0
485078,486263,486267,1185,4,1,600,118.9
485079,486271,486279,1192,8,1,600,120.0
485081,486279,486281,1198,2,1,600,120.0
485099,485111,487715,12,2604,5,14400,1.00460829493
485110,485187,488018,77,2831,5,14400,1.02719886966
485142,486290,486293,1148,3,1,600,115.1
485143,486296,486297,1153,1,1,600,115.4
485145,486305,486307,1160,2,1,600,116.2
485146,486312,486319,1166,7,1,600,117.3
485192,485206,488086,14,2880,5,14400,1.00486111111
485203,485213,488330,10,3117,5,14400,1.00320821303
485207,486319,486322,1112,3,1,600,111.5
485209,486333,486335,1124,2,1,600,112.6
485210,486340,486379,1130,39,1,600,29.9743589744
485214,485318,487857,104,2539,5,14400,1.04096100827
485273,486359,486364,1086,5,1,600,109.1
485274,486376,486385,1102,9,1,600,111.1
485275,486390,486396,1115,6,1,600,112.1
485276,486398,486403,1122,5,1,600,112.7
485317,485332,488264,15,2932,5,14400,1.0051159618
485328,485405,488135,77,2730,5,14400,1.02820512821
485338,486407,486415,1069,8,1,600,107.7
485339,486415,486417,1076,2,1,600,107.8
485342,486433,486441,1091,8,1,600,109.9
485400,485434,488638,34,3204,5,14400,1.01061173533
485403,486440,486445,1037,5,1,600,104.2
485404,486454,486462,1050,8,1,600,105.8
485432,485476,488477,44,3001,5,14400,1.01466177941
485466,486461,486484,995,23,1,600,44.2608695652
485467,486474,486479,1007,5,1,600,101.2
485468,486491,486492,1023,1,1,600,102.4
485470,486497,486499,1027,2,1,600,102.9
485473,485482,488678,9,3196,5,14400,1.00281602003
485484,485509,488554,25,3045,5,14400,1.00821018062
485505,485729,488314,224,2585,5,14400,1.08665377176
485531,486504,486506,973,2,1,600,97.5
485532,486511,486516,979,5,1,600,98.4
485534,486517,486521,983,4,1,600,98.7
485535,486528,486533,993,5,1,600,99.8
485596,486535,486539,939,4,1,600,94.3
485599,486551,486576,952,25,1,600,39.08
485600,486559,486563,959,4,1,600,96.3
485661,486575,486580,914,5,1,600,91.9
485663,486588,486593,925,5,1,600,93.0
485664,486594,486602,930,8,1,600,93.8
485665,486606,486611,941,5,1,600,94.6
485727,486613,486619,886,6,1,600,89.2
485728,486622,486624,894,2,1,600,89.6
485729,486630,486635,901,5,1,600,90.6
485731,486638,486643,907,5,1,600,91.2
485732,486027,488551,295,2524,5,14400,1.11687797147
485732,486646,486676,914,30,1,600,31.4666666667
485793,486654,486655,861,1,1,600,86.2
485795,486666,486667,871,1,1,600,87.2
485796,486678,486681,882,3,1,600,88.5
485797,486688,486698,891,10,1,600,90.1
485799,486696,486703,897,7,1,600,90.4
485861,486716,486718,855,2,1,600,85.7
485863,486728,486731,865,3,1,600,86.8
485865,486742,486746,877,4,1,600,88.1
485869,486765,486767,896,2,1,600,89.8
485870,486771,486778,901,7,1,600,90.8
485932,486778,486779,846,1,1,600,84.7
485933,486789,486792,856,3,1,600,85.9
485934,486796,486804,862,8,1,600,87.0
485936,486804,486818,868,14,1,600,63.0
485937,486816,486818,879,2,1,600,88.1
485938,486830,486833,892,3,1,600,89.5
485940,486835,486838,895,3,1,600,89.8
485941,486845,486847,904,2,1,600,90.6
486002,486852,486856,850,4,1,600,85.4
486004,486859,486863,855,4,1,600,85.9
486005,486868,486871,863,3,1,600,86.6
486006,486876,486878,870,2,1,600,87.2
486008,486883,486885,875,2,1,600,87.7
486009,486889,486892,880,3,1,600,88.3
486011,486897,486899,886,2,1,600,88.8
486030,486069,489234,39,3165,5,14400,1.01232227488
486072,486125,489168,53,3043,5,14400,1.01741702267
486072,486904,486912,832,8,1,600,84.0
486073,486910,486911,837,1,1,600,83.8
486075,486923,486943,848,20,1,600,43.4
486076,486929,486931,853,2,1,600,85.5
486077,486942,486950,865,8,1,600,87.3
486080,486962,486966,882,4,1,600,88.6
486081,486969,486971,888,2,1,600,89.0
486124,486144,488868,20,2724,5,14400,1.00734214391
486143,486978,486980,835,2,1,600,83.7
486144,486984,486991,840,7,1,600,84.7
486145,486991,486994,846,3,1,600,84.9
486145,486326,488818,181,2492,5,14400,1.07263242376
486147,487004,487006,857,2,1,600,85.9
486148,487010,487013,862,3,1,600,86.5
486149,487017,487039,868,22,1,600,40.4545454545
486151,487025,487030,874,5,1,600,87.9
486152,487042,487047,890,5,1,600,89.5
486214,487051,487060,837,9,1,600,84.6
486215,487059,487061,844,2,1,600,84.6
486218,487078,487080,860,2,1,600,86.2
486219,487086,487095,867,9,1,600,87.6
486220,487092,487111,872,19,1,600,46.8947368421
486222,487107,487110,885,3,1,600,88.8
486284,487128,487130,844,2,1,600,84.6
486286,487135,487140,849,5,1,600,85.4
486287,487142,487144,855,2,1,600,85.7
486288,487152,487155,864,3,1,600,86.7
486290,487158,487167,868,9,1,600,87.7
486291,487166,487190,875,24,1,600,37.4583333333
486292,487179,487181,887,2,1,600,88.9
486294,487193,487196,899,3,1,600,90.2
486295,487203,487205,908,2,1,600,91.0
486330,486723,489301,393,2578,5,14400,1.15244375485
486356,487210,487224,854,14,1,600,62.0
486358,487216,487218,858,2,1,600,86.0
486359,487230,487234,871,4,1,600,87.5
486360,487245,487248,885,3,1,600,88.8
486362,487259,487302,897,43,1,600,21.8604651163
486363,487313,487317,950,4,1,600,95.4
486364,487329,487331,965,2,1,600,96.7
486426,487344,487347,918,3,1,600,92.1
486427,487358,487365,931,7,1,600,93.8
486429,487376,487379,947,3,1,600,95.0
486430,487390,487393,960,3,1,600,96.3
486431,487406,487425,975,19,1,600,52.3157894737
486434,487449,487456,1015,7,1,600,102.2
486435,487467,487472,1032,5,1,600,103.7
486497,487483,487485,986,2,1,600,98.8
486498,487498,487500,1000,2,1,600,100.2
486499,487511,487512,1012,1,1,600,101.3
486502,487536,487539,1034,3,1,600,103.7
486503,487551,487554,1048,3,1,600,105.1
486565,487565,487568,1000,3,1,600,100.3
486566,487580,487586,1014,6,1,600,102.0
486567,487597,487603,1030,6,1,600,103.6
486569,487614,487615,1045,1,1,600,104.6
486570,487627,487647,1057,20,1,600,53.85
486573,487670,487671,1097,1,1,600,109.8
486574,487682,487688,1108,6,1,600,111.4
486635,487704,487705,1069,1,1,600,107.0
486637,487716,487720,1079,4,1,600,108.3
486638,487733,487735,1095,2,1,600,109.7
486640,487746,487752,1106,6,1,600,111.2
486641,487763,487829,1122,66,1,600,18.0
486642,487841,487914,1199,73,1,600,17.4246575342
486644,487926,487927,1282,1,1,600,128.3
486645,487940,487942,1295,2,1,600,129.7
486706,487953,487954,1247,1,1,600,124.8
486708,487966,487969,1258,3,1,600,126.1
486709,487980,487984,1271,4,1,600,127.5
486710,487996,487999,1286,3,1,600,128.9
486712,488010,488011,1298,1,1,600,129.9
486713,488022,488023,1309,1,1,600,131.0
486714,488038,488039,1324,1,1,600,132.5
486716,488051,488053,1335,2,1,600,133.7
486721,487236,489737,515,2501,5,14400,1.20591763295
486777,488066,488068,1289,2,1,600,129.1
486780,488092,488096,1312,4,1,600,131.6
486782,488119,488127,1337,8,1,600,134.5
486784,488138,488163,1354,25,1,600,55.16
486785,488175,488181,1390,6,1,600,139.6
486786,488192,488194,1406,2,1,600,140.8
486788,488205,488209,1417,4,1,600,142.1
486849,488221,488223,1372,2,1,600,137.4
486851,488234,488236,1383,2,1,600,138.5
486852,488247,488248,1395,1,1,600,139.6
486853,488259,488268,1406,9,1,600,141.5
486855,488282,488285,1427,3,1,600,143.0
486856,488298,488300,1442,2,1,600,144.4
486857,488311,488312,1454,1,1,600,145.5
486919,488323,488326,1404,3,1,600,140.7
486920,488337,488339,1417,2,1,600,141.9
486921,488352,488355,1431,3,1,600,143.4
486923,488367,488370,1444,3,1,600,144.7
486924,488383,488386,1459,3,1,600,146.2
486925,488398,488412,1473,14,1,600,106.214285714
486927,488423,488432,1496,9,1,600,150.5
486928,488443,488450,1515,7,1,600,152.2
486930,488461,488462,1531,1,1,600,153.2
486991,488473,488474,1482,1,1,600,148.3
486992,488485,488490,1493,5,1,600,149.8
486994,488502,488504,1508,2,1,600,151.0
486995,488516,488518,1521,2,1,600,152.3
486997,488529,488531,1532,2,1,600,153.4
486998,488544,488546,1546,2,1,600,154.8
486999,488557,488560,1558,3,1,600,156.1
487001,488571,488584,1570,13,1,600,121.769230769
487002,488577,488579,1575,2,1,600,157.7
487063,488591,488597,1528,6,1,600,153.4
487065,488598,488600,1533,2,1,600,153.5
487066,488608,488611,1542,3,1,600,154.5
487069,488627,488629,1558,2,1,600,156.0
487070,488634,488636,1564,2,1,600,156.6
487072,488640,488656,1568,16,1,600,99.0
487133,488647,488650,1514,3,1,600,151.7
487134,488661,488664,1527,3,1,600,153.0
487136,488668,488671,1532,3,1,600,153.5
487137,488675,488678,1538,3,1,600,154.1
487138,488682,488683,1544,1,1,600,154.5
487140,488695,488700,1555,5,1,600,156.0
487141,488712,488718,1571,6,1,600,157.7
487202,488729,488732,1527,3,1,600,153.0
487204,488743,488747,1539,4,1,600,154.3
487205,488758,488759,1553,1,1,600,155.4
487206,488770,488773,1564,3,1,600,156.7
487208,488784,488793,1576,9,1,600,158.5
487209,488804,488805,1595,1,1,600,159.6
487210,488817,488821,1607,4,1,600,161.1
487235,487698,490360,463,2662,5,14400,1.17392937641
487273,488849,488851,1576,2,1,600,157.8
487274,488862,488868,1588,6,1,600,159.4
487276,488885,488887,1609,2,1,600,161.1
487277,488899,488906,1622,7,1,600,162.9
487338,488917,488924,1579,7,1,600,158.6
487340,488935,488938,1595,3,1,600,159.8
487341,488949,488950,1608,1,1,600,160.9
487402,488961,488964,1559,3,1,600,156.2
487404,488976,488979,1572,3,1,600,157.5
487405,488991,488996,1586,5,1,600,159.1
487406,489009,489020,1603,11,1,600,146.727272727
487469,489043,489044,1574,1,1,600,157.5
487470,489056,489060,1586,4,1,600,159.0
487532,489072,489095,1540,23,1,600,67.9565217391
487533,489106,489140,1573,34,1,600,47.2647058824
487534,489151,489156,1617,5,1,600,162.2
487536,489169,489207,1633,38,1,600,43.9736842105
487598,489231,489242,1633,11,1,600,149.454545455
487600,489253,489260,1653,7,1,600,166.0
487601,489272,489274,1671,2,1,600,167.3
487663,489297,489301,1634,4,1,600,163.8
487665,489317,489323,1652,6,1,600,165.8
487667,489346,489347,1679,1,1,600,168.0
487698,487726,490692,28,2966,5,14400,1.00944032367
487729,489358,489359,1629,1,1,600,163.0
487729,487865,491045,136,3180,5,14400,1.0427672956
487730,489370,489373,1640,3,1,600,164.3
487733,489396,489399,1663,3,1,600,166.6
487794,489415,489420,1621,5,1,600,162.6
487795,489432,489467,1637,35,1,600,47.7714285714
487857,489478,489481,1621,3,1,600,162.4
487863,487872,490569,9,2697,5,14400,1.00333704116
487874,488031,491204,157,3173,5,14400,1.04947998739
487978,489493,489494,1515,1,1,600,151.6
487980,489505,489506,1525,1,1,600,152.6
487981,489517,489521,1536,4,1,600,154.0
487982,489532,489534,1550,2,1,600,155.2
487984,489546,489547,1562,1,1,600,156.3
488028,488060,491335,32,3275,5,14400,1.00977099237
488045,489558,489563,1513,5,1,600,151.8
488046,489574,489599,1528,25,1,600,62.12
488048,489611,489613,1563,2,1,600,156.5
488049,489625,489638,1576,13,1,600,122.230769231
488050,489650,489654,1600,4,1,600,160.4
488060,488099,490968,39,2869,5,14400,1.01359358662
488101,488147,490838,46,2691,5,14400,1.01709401709
488112,489666,489667,1554,1,1,600,155.5
488113,489678,489683,1565,5,1,600,157.0
488114,489696,489707,1582,11,1,600,144.818181818
488116,489719,489722,1603,3,1,600,160.6
488117,489733,489736,1616,3,1,600,161.9
488143,488276,491033,133,2757,5,14400,1.04824084149
488180,489761,489762,1581,1,1,600,158.2
488186,607280,736902,119094,129622,40,129600,1.91877921958
488241,489774,489782,1533,8,1,600,154.1
488242,489794,489796,1552,2,1,600,155.4
488244,489808,489812,1564,4,1,600,156.8
488245,489823,489850,1578,27,1,600,59.4444444444
488246,489861,489863,1615,2,1,600,161.7
488277,488330,491742,53,3412,5,14400,1.01553341149
488308,489875,489878,1567,3,1,600,157.0
488309,489890,489892,1581,2,1,600,158.3
488310,489904,489911,1594,7,1,600,160.1
488311,489923,489929,1612,6,1,600,161.8
488329,488344,490856,15,2512,5,14400,1.00597133758
488350,488492,491109,142,2617,5,14400,1.05426060374
488373,489941,489948,1568,7,1,600,157.5
488374,489959,489964,1585,5,1,600,159.0
488375,489975,489978,1600,3,1,600,160.3
488377,489989,489991,1612,2,1,600,161.4
488378,490003,490008,1625,5,1,600,163.0
488439,490019,490028,1580,9,1,600,158.9
488440,490039,490044,1599,5,1,600,160.4
488442,490056,490060,1614,4,1,600,161.8
488494,488565,491673,71,3108,5,14400,1.02284427284
488503,490072,490076,1569,4,1,600,157.3
488504,490089,490096,1585,7,1,600,159.2
488506,490108,490110,1602,2,1,600,160.4
488507,490122,490127,1615,5,1,600,162.0
488567,488583,491874,16,3291,5,14400,1.00486174415
488568,490138,490139,1570,1,1,600,157.1
488570,490150,490152,1580,2,1,600,158.2
488571,490165,490168,1594,3,1,600,159.7
488572,490179,490182,1607,3,1,600,161.0
488573,490194,490197,1621,3,1,600,162.4
488588,488653,491325,65,2672,5,14400,1.02432634731
488635,490208,490209,1573,1,1,600,157.4
488636,490221,490222,1585,1,1,600,158.6
488639,490246,490247,1607,1,1,600,160.8
488640,490259,490261,1619,2,1,600,162.1
488641,490273,490283,1632,10,1,600,164.2
488643,490294,490327,1651,33,1,600,51.0303030303
488650,488689,491297,39,2608,5,14400,1.01495398773
488691,488829,491424,138,2595,5,14400,1.05317919075
488705,490351,490411,1646,60,1,600,28.4333333333
488707,490422,490462,1715,40,1,600,43.875
488708,490473,490477,1765,4,1,600,176.9
488709,490488,490495,1779,7,1,600,178.6
488711,490508,490510,1797,2,1,600,179.9
488712,490521,490525,1809,4,1,600,181.3
488713,490536,490538,1823,2,1,600,182.5
488774,490550,490557,1776,7,1,600,178.3
488776,490568,490578,1792,10,1,600,180.2
488777,490591,490593,1814,2,1,600,181.6
488778,490604,490610,1826,6,1,600,183.2
488780,490622,490627,1842,5,1,600,184.7
488825,488880,492157,55,3277,5,14400,1.01678364358
488841,490638,490644,1797,6,1,600,180.3
488842,490657,490662,1815,5,1,600,182.0
488844,490674,490676,1830,2,1,600,183.2
488845,490688,490690,1843,2,1,600,184.5
488877,489179,492557,302,3378,5,14400,1.08940201303
488906,490701,490736,1795,35,1,600,52.2857142857
488908,490747,490755,1839,8,1,600,184.7
488909,490767,490770,1858,3,1,600,186.1
488970,490781,490783,1811,2,1,600,181.3
488972,490795,490798,1823,3,1,600,182.6
488973,490810,490816,1837,6,1,600,184.3
488974,490829,490846,1855,17,1,600,110.117647059
488975,490858,490859,1883,1,1,600,188.4
489037,490874,490875,1837,1,1,600,183.8
489038,490886,490887,1848,1,1,600,184.9
489039,490898,490899,1859,1,1,600,186.0
489041,490910,490914,1869,4,1,600,187.3
489102,490925,490926,1823,1,1,600,182.4
489103,490937,490940,1834,3,1,600,183.7
489105,490953,490954,1848,1,1,600,184.9
489166,490967,490970,1801,3,1,600,180.4
489167,490986,490987,1819,1,1,600,182.0
489175,489245,492084,70,2839,5,14400,1.02465656921
489229,490998,491001,1769,3,1,600,177.2
489230,491013,491014,1783,1,1,600,178.4
489248,489312,492539,64,3227,5,14400,1.01983266192
489291,491027,491063,1736,36,1,600,49.2222222222
489293,491075,491107,1782,32,1,600,56.6875
489294,491119,491121,1825,2,1,600,182.7
489295,491132,491133,1837,1,1,600,183.8
489310,489754,492540,444,2786,5,14400,1.15936826992
489356,491145,491146,1789,1,1,600,179.0
489358,491158,491159,1800,1,1,600,180.1
489359,491170,491177,1811,7,1,600,181.8
489360,491188,491189,1828,1,1,600,182.9
489423,491212,491213,1789,1,1,600,179.0
489424,491225,491238,1801,13,1,600,139.538461538
489425,491249,491252,1824,3,1,600,182.7
489427,491263,491270,1836,7,1,600,184.3
489488,491281,491284,1793,3,1,600,179.6
489489,491295,491298,1806,3,1,600,180.9
489551,491308,491312,1757,4,1,600,176.1
489552,491313,491321,1761,8,1,600,176.9
489553,491319,491322,1766,3,1,600,176.9
489555,491326,491328,1771,2,1,600,177.3
489556,491331,491343,1775,12,1,600,148.916666667
489617,491344,491354,1727,10,1,600,173.7
489619,491358,491367,1739,9,1,600,174.8
489620,491365,491368,1745,3,1,600,174.8
489681,491379,491381,1698,2,1,600,170.0
489683,491385,491386,1702,1,1,600,170.3
489684,491392,491394,1708,2,1,600,171.0
489745,491399,491400,1654,1,1,600,165.5
489747,491406,491439,1659,33,1,600,51.2727272727
489748,491413,491415,1665,2,1,600,166.7
489749,491427,491429,1678,2,1,600,168.0
489752,490371,493885,619,3514,5,14400,1.17615253273
489811,491442,491446,1631,4,1,600,163.5
489812,491457,491462,1645,5,1,600,165.0
489814,491463,491480,1649,17,1,600,98.0
489815,491473,491475,1658,2,1,600,166.0
489876,491488,491490,1612,2,1,600,161.4
489878,491494,491502,1616,8,1,600,162.4
489879,491501,491504,1622,3,1,600,162.5
489940,491513,491514,1573,1,1,600,157.4
489942,491520,491524,1578,4,1,600,158.2
489943,491526,491529,1583,3,1,600,158.6
489944,491536,491556,1592,20,1,600,80.6
490006,491544,491549,1538,5,1,600,154.3
490007,491561,491568,1554,7,1,600,156.1
490009,491568,491575,1559,7,1,600,156.6
490010,491580,491588,1570,8,1,600,157.8
490071,491586,491608,1515,22,1,600,69.8636363636
490074,491612,491621,1538,9,1,600,154.7
490075,491619,491622,1544,3,1,600,154.7
490138,491639,491640,1501,1,1,600,150.2
490139,491646,491647,1507,1,1,600,150.8
490141,491653,491654,1512,1,1,600,151.3
490202,491660,491666,1458,6,1,600,146.4
490204,491666,491672,1462,6,1,600,146.8
490205,491679,491681,1474,2,1,600,147.6
490206,491692,491701,1486,9,1,600,149.5
490208,491712,491716,1504,4,1,600,150.8
490269,491727,491730,1458,3,1,600,146.1
490270,491741,491744,1471,3,1,600,147.4
490272,491762,491799,1490,37,1,600,41.2702702703
490273,491811,491815,1538,4,1,600,154.2
490274,491827,491830,1553,3,1,600,155.6
490336,491842,491845,1506,3,1,600,150.9
490337,491857,491859,1520,2,1,600,152.2
490369,490581,493452,212,2871,5,14400,1.07384186695
490399,491870,491873,1471,3,1,600,147.4
490460,491884,491885,1424,1,1,600,142.5
490521,491896,491897,1375,1,1,600,137.6
490523,491906,491909,1383,3,1,600,138.6
490524,491913,491950,1389,37,1,600,38.5405405405
490525,491920,491921,1395,1,1,600,139.6
490585,490708,493422,123,2714,5,14400,1.04532056006
490587,491933,491936,1346,3,1,600,134.9
490588,491947,491951,1359,4,1,600,136.3
490589,491962,491974,1373,12,1,600,115.416666667
490652,491981,491982,1329,1,1,600,133.0
490653,491987,491989,1334,2,1,600,133.6
490654,491994,491996,1340,2,1,600,134.2
490656,492000,492001,1344,1,1,600,134.5
490709,490850,493606,141,2756,5,14400,1.05116110305
490717,492007,492011,1290,4,1,600,129.4
490718,492014,492015,1296,1,1,600,129.7
490719,492022,492024,1303,2,1,600,130.5
490781,492030,492035,1249,5,1,600,125.4
490782,492037,492039,1255,2,1,600,125.7
490783,492046,492047,1263,1,1,600,126.4
490845,492054,492056,1209,2,1,600,121.1
490846,492061,492064,1215,3,1,600,121.8
490847,492067,492074,1220,7,1,600,122.7
490853,490867,493748,14,2881,5,14400,1.00485942381
490864,490980,493751,116,2771,5,14400,1.04186214363
490909,492076,492095,1167,19,1,600,62.4210526316
490910,492087,492093,1177,6,1,600,118.3
490913,492112,492117,1199,5,1,600,120.4
490914,492118,492144,1204,26,1,600,47.3076923077
490975,492129,492132,1154,3,1,600,115.7
490977,492144,492145,1167,1,1,600,116.8
490978,491046,494184,68,3138,5,14400,1.02166985341
490978,492156,492177,1178,21,1,600,57.0952380952
490979,492162,492164,1183,2,1,600,118.5
490980,492183,492185,1203,2,1,600,120.5
491043,492196,492199,1153,3,1,600,115.6
491044,492202,492245,1158,43,1,600,27.9302325581
491050,491056,494029,6,2973,5,14400,1.00201816347
491061,491126,493740,65,2614,5,14400,1.02486610559
491106,492210,492232,1104,22,1,600,51.1818181818
491123,491218,493869,95,2651,5,14400,1.03583553376
491167,492243,492244,1076,1,1,600,107.7
491168,492255,492256,1087,1,1,600,108.8
491170,492262,492264,1092,2,1,600,109.4
491171,492268,492271,1097,3,1,600,110.0
491223,491338,492258,115,920,8,6000,1.125
491234,492294,492299,1060,5,1,600,106.5
491235,492310,492313,1075,3,1,600,107.8
491237,492337,492345,1100,8,1,600,110.8
491300,492368,492370,1068,2,1,600,107.0
491301,492382,492388,1081,6,1,600,108.7
491303,492399,492407,1096,8,1,600,110.4
491304,492418,492419,1114,1,1,600,111.5
491337,491351,492276,14,925,8,6000,1.01513513514
491348,491686,492601,338,915,8,6000,1.3693989071
491365,492430,492437,1065,7,1,600,107.2
491368,492460,492463,1092,3,1,600,109.5
491369,492474,492476,1105,2,1,600,110.7
491371,492489,492494,1118,5,1,600,112.3
491372,492505,492514,1133,9,1,600,114.2
491373,492526,492528,1153,2,1,600,115.5
491375,492540,492542,1165,2,1,600,116.7
491436,492559,492561,1123,2,1,600,112.5
491437,492574,492593,1137,19,1,600,60.8421052632
491439,492605,492609,1166,4,1,600,117.0
491440,492620,492621,1180,1,1,600,118.1
491441,492632,492679,1191,47,1,600,26.3404255319
491443,492690,492699,1247,9,1,600,125.6
491444,492711,492715,1267,4,1,600,127.1
491506,492727,492732,1221,5,1,600,122.6
491507,492743,492752,1236,9,1,600,124.5
491509,492764,492771,1255,7,1,600,126.2
491510,492782,492785,1272,3,1,600,127.5
491511,492796,492799,1285,3,1,600,128.8
491513,492811,492814,1298,3,1,600,130.1
491514,492825,492827,1311,2,1,600,131.3
491575,492838,492839,1263,1,1,600,126.4
491577,492851,492860,1274,9,1,600,128.3
491578,492871,492878,1293,7,1,600,130.0
491579,492891,492893,1312,2,1,600,131.4
491581,492904,492909,1323,5,1,600,132.8
491582,492921,492929,1339,8,1,600,134.7
491583,492940,492970,1357,30,1,600,46.2333333333
491645,492981,492984,1336,3,1,600,133.9
491646,492996,493021,1350,25,1,600,55.0
491647,493036,493039,1389,3,1,600,139.2
491649,493050,493058,1401,8,1,600,140.9
491650,493059,493068,1409,9,1,600,141.8
491652,493069,493070,1417,1,1,600,141.8
491653,493080,493105,1427,25,1,600,58.08
491654,493087,493089,1433,2,1,600,143.5
491687,491754,492670,67,916,8,6000,1.0731441048
491716,493105,493111,1389,6,1,600,139.5
491718,493123,493125,1405,2,1,600,140.7
491720,493128,493135,1408,7,1,600,141.5
491721,493135,493153,1414,18,1,600,79.5555555556
491723,493141,493143,1418,2,1,600,142.0
491760,492096,493019,336,923,8,6000,1.36403033586
491784,493147,493148,1363,1,1,600,136.4
491786,493155,493156,1369,1,1,600,137.0
491847,493162,493165,1315,3,1,600,131.8
491848,493169,493174,1321,5,1,600,132.6
491850,493175,493182,1325,7,1,600,133.2
491851,493181,493184,1330,3,1,600,133.3
491913,493188,493191,1275,3,1,600,127.8
491914,493194,493195,1280,1,1,600,128.1
491917,493208,493214,1291,6,1,600,129.7
491918,493214,493216,1296,2,1,600,129.8
491980,493232,493274,1252,42,1,600,30.8095238095
491981,493237,493244,1256,7,1,600,126.3
491982,493244,493252,1262,8,1,600,127.0
491984,493249,493252,1265,3,1,600,126.8
491985,493255,493273,1270,18,1,600,71.5555555556
491986,493264,493273,1278,9,1,600,128.7
492048,493269,493312,1221,43,1,600,29.3953488372
492049,493285,493287,1236,2,1,600,123.8
492051,493290,493291,1239,1,1,600,124.0
492052,493296,493300,1244,4,1,600,124.8
492053,493303,493334,1250,31,1,600,41.3225806452
492055,493309,493311,1254,2,1,600,125.6
492056,493316,493332,1260,16,1,600,79.75
492058,493322,493323,1264,1,1,600,126.5
492059,493328,493329,1269,1,1,600,127.0
492060,493335,493336,1275,1,1,600,127.6
492062,493342,493347,1280,5,1,600,128.5
492099,492175,493087,76,912,8,6000,1.08333333333
492123,493350,493366,1227,16,1,600,77.6875
492125,493355,493362,1230,7,1,600,123.7
492126,493360,493365,1234,5,1,600,123.9
492127,493368,493370,1241,2,1,600,124.3
492129,493374,493377,1245,3,1,600,124.8
492130,493381,493385,1251,4,1,600,125.5
492171,492274,493204,103,930,8,6000,1.11075268817
492192,493387,493389,1195,2,1,600,119.7
492193,493392,493415,1199,23,1,600,53.1304347826
492194,493398,493410,1204,12,1,600,101.333333333
492195,493404,493406,1209,2,1,600,121.1
492197,493410,493419,1213,9,1,600,122.2
492198,493418,493427,1220,9,1,600,122.9
492199,493424,493426,1225,2,1,600,122.7
492261,493432,493437,1171,5,1,600,117.6
492262,493437,493444,1175,7,1,600,118.2
492263,493450,493456,1187,6,1,600,119.3
492265,493457,493460,1192,3,1,600,119.5
492266,493465,493479,1199,14,1,600,86.6428571429
492275,492288,493198,13,910,8,6000,1.01428571429
492286,492551,493473,265,922,8,6000,1.2874186551
492327,493493,493495,1166,2,1,600,116.8
492329,493506,493510,1177,4,1,600,118.1
492330,493521,493522,1191,1,1,600,119.2
492331,493618,493624,1287,6,1,600,129.3
492332,493623,493626,1291,3,1,600,129.4
492334,493636,493639,1302,3,1,600,130.5
492396,493650,493651,1254,1,1,600,125.5
492398,493658,493660,1260,2,1,600,126.2
492399,493665,493667,1266,2,1,600,126.8
492461,493671,493674,1210,3,1,600,121.3
492462,493678,493687,1216,9,1,600,122.5
492463,493685,493690,1222,5,1,600,122.7
492464,493698,493702,1234,4,1,600,123.8
492526,493705,493708,1179,3,1,600,118.2
492527,493713,493716,1186,3,1,600,118.9
492528,493720,493728,1192,8,1,600,120.0
492530,493728,493736,1198,8,1,600,120.6
492553,492568,493486,15,918,8,6000,1.01633986928
492564,492613,493522,49,909,8,6000,1.05390539054
492591,493740,493742,1149,2,1,600,115.1
492592,493747,493750,1155,3,1,600,115.8
492594,493768,493771,1174,3,1,600,117.7
492616,492682,493598,66,916,8,6000,1.07205240175
492655,493773,493776,1118,3,1,600,112.1
492656,493778,493782,1122,4,1,600,112.6
492657,493786,493789,1129,3,1,600,113.2
492678,493030,494024,352,994,8,6000,1.35412474849
492719,493793,493824,1074,31,1,600,35.6451612903
492720,493799,493800,1079,1,1,600,108.0
492721,493806,493809,1085,3,1,600,108.8
492783,493813,493815,1030,2,1,600,103.2
492784,493820,493833,1036,13,1,600,80.6923076923
492785,493828,493831,1043,3,1,600,104.6
492847,493836,493842,989,6,1,600,99.5
492848,493842,493843,994,1,1,600,99.5
492849,493849,493852,1000,3,1,600,100.3
492850,493857,493859,1007,2,1,600,100.9
492852,493862,493867,1010,5,1,600,101.5
492913,493868,493869,955,1,1,600,95.6
492914,493875,493878,961,3,1,600,96.4
492916,493889,493890,973,1,1,600,97.4
492917,493902,493910,985,8,1,600,99.3
492978,493921,493926,943,5,1,600,94.8
492980,493939,493946,959,7,1,600,96.6
492992,494018,501868,1026,7850,1,36000,1.13070063694
493022,494031,501850,1009,7819,1,36000,1.12904463486
493027,493099,494014,72,915,8,6000,1.07868852459
493041,493957,493959,916,2,1,600,91.8
493042,493971,494005,929,34,1,600,28.3235294118
493077,494122,501846,1045,7724,1,36000,1.13529259451
493100,493221,494140,121,919,8,6000,1.1316648531
493104,494044,494048,940,4,1,600,94.4
493105,494059,494060,954,1,1,600,95.5
493106,494071,494072,965,1,1,600,96.6
493108,494084,494091,976,7,1,600,98.3
493109,494102,494111,993,9,1,600,100.2
493130,494370,502011,1240,7641,1,36000,1.16228242377
493170,494195,494230,1025,35,1,600,30.2857142857
493172,494241,494256,1069,15,1,600,72.2666666667
493173,494267,494316,1094,49,1,600,23.3265306122
493174,494328,494330,1154,2,1,600,115.6
493176,494341,494344,1165,3,1,600,116.8
493177,494356,494359,1179,3,1,600,118.2
493178,494413,494423,1235,10,1,600,124.5
493181,494437,494440,1256,3,1,600,125.9
493182,494443,494448,1261,5,1,600,126.6
493183,494451,494457,1268,6,1,600,127.4
493224,493444,494361,220,917,8,6000,1.239912759
493245,494459,494462,1214,3,1,600,121.7
493246,494472,494475,1226,3,1,600,122.9
493248,494479,494480,1231,1,1,600,123.2
493249,494486,494489,1237,3,1,600,124.0
493250,494494,494499,1244,5,1,600,124.9
493252,494500,494503,1248,3,1,600,125.1
493253,494510,494513,1257,3,1,600,126.0
493255,494516,494519,1261,3,1,600,126.4
493316,494524,494525,1208,1,1,600,120.9
493317,494530,494533,1213,3,1,600,121.6
493319,494543,494577,1224,34,1,600,37.0
493320,494549,494553,1229,4,1,600,123.3
493321,494564,494573,1243,9,1,600,125.2
493323,494584,494587,1261,3,1,600,126.4
493324,494591,494641,1267,50,1,600,26.34
493325,494598,494602,1273,4,1,600,127.7
493327,494613,494616,1286,3,1,600,128.9
493328,494627,494628,1299,1,1,600,130.0
493329,494640,494642,1311,2,1,600,131.3
493391,494652,494656,1261,4,1,600,126.5
493392,494658,494662,1266,4,1,600,127.0
493393,494667,494668,1274,1,1,600,127.5
493395,494673,494674,1278,1,1,600,127.9
493397,494687,494689,1290,2,1,600,129.2
493399,494694,494702,1295,8,1,600,130.3
493400,494701,494704,1301,3,1,600,130.4
493401,494715,494716,1314,1,1,600,131.5
493403,494721,494726,1318,5,1,600,132.3
493404,494732,494736,1328,4,1,600,133.2
493406,494738,494741,1332,3,1,600,133.5
493440,493471,494395,31,924,8,6000,1.03354978355
493468,494758,494762,1290,4,1,600,129.4
493470,494764,494767,1294,3,1,600,129.7
493471,494773,494774,1302,1,1,600,130.3
493471,493486,494408,15,922,8,6000,1.01626898048
493472,494780,494784,1308,4,1,600,131.2
493474,494787,494788,1313,1,1,600,131.4
493476,494804,494805,1328,1,1,600,132.9
493479,494817,494842,1338,25,1,600,54.52
493484,493500,494415,16,915,8,6000,1.0174863388
493505,493533,494450,28,917,8,6000,1.03053435115
493536,493610,494521,74,911,8,6000,1.08122941822
493541,494829,494831,1288,2,1,600,129.0
493542,494842,494851,1300,9,1,600,130.9
493543,494855,494857,1312,2,1,600,131.4
493545,494862,494866,1317,4,1,600,132.1
493608,493754,494692,146,938,8,6000,1.15565031983
493666,494868,494869,1202,1,1,600,120.3
493667,494877,494881,1210,4,1,600,121.4
493669,494884,494886,1215,2,1,600,121.7
493670,494892,494895,1222,3,1,600,122.5
493671,494898,494901,1227,3,1,600,123.0
493673,494907,494955,1234,48,1,600,26.7083333333
493674,494913,494914,1239,1,1,600,124.0
493736,494925,494931,1189,6,1,600,119.5
493737,494942,494946,1205,4,1,600,120.9
493738,494958,494976,1220,18,1,600,68.7777777778
493740,494972,494976,1232,4,1,600,123.6
493741,494993,494996,1252,3,1,600,125.5
493743,494999,495004,1256,5,1,600,126.1
493745,495016,495022,1271,6,1,600,127.7
493752,493761,494692,9,931,8,6000,1.0096670247
493763,493883,494808,120,925,8,6000,1.12972972973
493807,495023,495026,1216,3,1,600,121.9
493808,495035,495037,1227,2,1,600,122.9
493809,495041,495043,1232,2,1,600,123.4
493811,495048,495055,1237,7,1,600,124.4
493812,495056,495088,1244,32,1,600,39.875
493814,495067,495108,1253,41,1,600,31.5609756098
493815,495100,495126,1285,26,1,600,50.4230769231
493816,495120,495122,1304,2,1,600,130.6
493879,495141,495143,1262,2,1,600,126.4
493881,495147,495154,1266,7,1,600,127.3
493882,495154,495155,1272,1,1,600,127.3
493883,495166,495168,1283,2,1,600,128.5
493885,495172,495175,1287,3,1,600,129.0
493886,495179,495180,1293,1,1,600,129.4
493887,495187,495189,1300,2,1,600,130.2
493887,494025,494952,138,927,8,6000,1.14886731392
493889,495193,495195,1304,2,1,600,130.6
493890,495200,495212,1310,12,1,600,110.166666667
493891,495207,495210,1316,3,1,600,131.9
493953,495221,495225,1268,4,1,600,127.2
493954,495229,495231,1275,2,1,600,127.7
493956,495237,495239,1281,2,1,600,128.3
493957,495244,495245,1287,1,1,600,128.8
494019,495250,495289,1231,39,1,600,32.5641025641
494020,495257,495264,1237,7,1,600,124.4
494021,494038,494961,17,923,8,6000,1.01841820152
494042,494051,494968,9,917,8,6000,1.00981461287
494053,494152,495076,99,924,8,6000,1.10714285714
494082,495276,495313,1194,37,1,600,33.2702702703
494083,495301,495307,1218,6,1,600,122.4
494085,495318,495324,1233,6,1,600,123.9
494146,495325,495328,1179,3,1,600,118.2
494147,495337,495344,1190,7,1,600,119.7
494156,494377,495298,221,921,8,6000,1.23995656895
494269,495343,495348,1074,5,1,600,107.9
494270,495357,495358,1087,1,1,600,108.8
494331,495363,495370,1032,7,1,600,103.9
494382,494407,495337,25,930,8,6000,1.02688172043
494393,495375,495381,982,6,1,600,98.8
494394,495387,495394,993,7,1,600,100.0
494395,495393,495413,998,20,1,600,50.9
494403,494425,495341,22,916,8,6000,1.02401746725
494424,494432,495352,8,920,8,6000,1.00869565217
494435,494466,495388,31,922,8,6000,1.03362255965
494457,495407,495410,950,3,1,600,95.3
494458,495421,495428,963,7,1,600,97.0
494459,495428,495429,969,1,1,600,97.0
494461,495439,495442,978,3,1,600,98.1
494466,494537,495469,71,932,8,6000,1.07618025751
494522,495447,495450,925,3,1,600,92.8
494523,495454,495457,931,3,1,600,93.4
494525,495462,495464,937,2,1,600,93.9
494527,495476,495523,949,47,1,600,21.1914893617
494529,495488,495496,959,8,1,600,96.7
494531,495520,495522,989,2,1,600,99.1
494532,495533,495534,1001,1,1,600,100.2
494534,495540,495542,1006,2,1,600,100.8
494538,494708,495632,170,924,8,6000,1.18398268398
494595,495547,495554,952,7,1,600,95.9
494596,495554,495561,958,7,1,600,96.5
494598,495565,495568,967,3,1,600,97.0
494599,495572,495574,973,2,1,600,97.5
494600,495580,495583,980,3,1,600,98.3
494662,495587,495595,925,8,1,600,93.3
494663,495595,495600,932,5,1,600,93.7
494664,495608,495615,944,7,1,600,95.1
494666,495615,495623,949,8,1,600,95.7
494667,495628,495634,961,6,1,600,96.7
494668,495635,495670,967,35,1,600,28.6285714286
494669,495650,495656,981,6,1,600,98.7
494713,494727,495651,14,924,8,6000,1.01515151515
494724,494823,495743,99,920,8,6000,1.10760869565
494731,495669,495699,938,30,1,600,32.2666666667
494733,495693,495696,960,3,1,600,96.3
494735,495707,495726,972,19,1,600,52.1578947368
494736,495714,495717,978,3,1,600,98.1
494737,495729,495732,992,3,1,600,99.5
494739,495737,495739,998,2,1,600,100.0
494740,495745,495748,1005,3,1,600,100.8
494741,495752,495754,1011,2,1,600,101.3
494802,495765,495781,963,16,1,600,61.1875
494804,495770,495777,966,7,1,600,97.3
494805,495789,495792,984,3,1,600,98.7
494806,495795,495798,989,3,1,600,99.2
494808,495803,495811,995,8,1,600,100.3
494809,495810,495814,1001,4,1,600,100.5
494810,495823,495827,1013,4,1,600,101.7
494811,495830,495832,1019,2,1,600,102.1
494826,494965,495892,139,927,8,6000,1.14994606257
494874,495845,495847,971,2,1,600,97.3
494875,495852,495854,977,2,1,600,97.9
494877,495858,495861,981,3,1,600,98.4
494879,495874,495876,995,2,1,600,99.7
494880,495881,495886,1001,5,1,600,100.6
494882,495888,495925,1006,37,1,600,28.1891891892
494943,495897,495905,954,8,1,600,96.2
494944,495923,495926,979,3,1,600,98.2
494946,495936,495939,990,3,1,600,99.3
494948,495950,495953,1002,3,1,600,100.5
494950,495958,495963,1008,5,1,600,101.3
494970,494979,495904,9,925,8,6000,1.00972972973
494981,494987,495906,6,919,8,6000,1.00652883569
494992,495087,496007,95,920,8,6000,1.10326086957
495013,495974,495980,961,6,1,600,96.7
495014,495981,495990,967,9,1,600,97.6
495015,495991,495994,976,3,1,600,97.9
495017,496002,496005,985,3,1,600,98.8
495018,496009,496015,991,6,1,600,99.7
495019,496016,496017,997,1,1,600,99.8
495081,496030,496033,949,3,1,600,95.2
495082,496035,496048,953,13,1,600,74.3076923077
495084,496045,496053,961,8,1,600,96.9
495085,496059,496062,974,3,1,600,97.7
495085,495310,496232,225,922,8,6000,1.24403470716
495087,496065,496074,978,9,1,600,98.7
495148,496073,496074,925,1,1,600,92.6
495149,496085,496090,936,5,1,600,94.1
495151,496090,496091,939,1,1,600,94.0
495152,496102,496103,950,1,1,600,95.1
495153,496108,496114,955,6,1,600,96.1
495155,496116,496118,961,2,1,600,96.3
495216,496126,496132,910,6,1,600,91.6
495217,496132,496137,915,5,1,600,92.0
495219,496143,496146,924,3,1,600,92.7
495220,496150,496156,930,6,1,600,93.6
495223,496167,496207,944,40,1,600,24.6
495224,496173,496174,949,1,1,600,95.0
495225,496185,496186,960,1,1,600,96.1
495227,496197,496200,970,3,1,600,97.3
495288,496211,496215,923,4,1,600,92.7
495289,496219,496224,930,5,1,600,93.5
495291,496227,496229,936,2,1,600,93.8
495292,496236,496238,944,2,1,600,94.6
495293,496242,496243,949,1,1,600,95.0
495310,495350,496269,40,919,8,6000,1.04352557127
495352,495369,496299,17,930,8,6000,1.01827956989
495355,496255,496271,900,16,1,600,57.25
495356,496261,496275,905,14,1,600,65.6428571429
495357,496287,496290,930,3,1,600,93.3
495359,496292,496296,933,4,1,600,93.7
495360,496301,496302,941,1,1,600,94.2
495361,496309,496343,948,34,1,600,28.8823529412
495363,496321,496358,958,37,1,600,26.8918918919
495364,496355,496358,991,3,1,600,99.4
495373,495382,496300,9,918,8,6000,1.00980392157
495384,495401,496323,17,922,8,6000,1.01843817787
495405,495483,496406,78,923,8,6000,1.08450704225
495426,496369,496376,943,7,1,600,95.0
495427,496375,496379,948,4,1,600,95.2
495428,496388,496392,960,4,1,600,96.4
495430,496395,496403,965,8,1,600,97.3
495431,496404,496408,973,4,1,600,97.7
495487,495643,496558,156,915,8,6000,1.17049180328
495492,496414,496415,922,1,1,600,92.3
495494,496427,496434,933,7,1,600,94.0
495495,496433,496440,938,7,1,600,94.5
495498,496452,496464,954,12,1,600,80.5
495499,496459,496462,960,3,1,600,96.3
495501,496473,496474,972,1,1,600,97.3
495502,496480,496492,978,12,1,600,82.5
495563,496486,496512,923,26,1,600,36.5
495565,496504,496508,939,4,1,600,94.3
495568,496527,496533,959,6,1,600,96.5
495569,496533,496535,964,2,1,600,96.6
495572,496551,496552,979,1,1,600,98.0
495633,496558,496559,925,1,1,600,92.6
495634,496565,496566,931,1,1,600,93.2
495636,496578,496580,942,2,1,600,94.4
495637,496585,496593,948,8,1,600,95.6
495638,496592,496595,954,3,1,600,95.7
495640,496610,496618,970,8,1,600,97.8
495641,496616,496624,975,8,1,600,98.3
495642,495662,496592,20,930,8,6000,1.02150537634
495642,496629,496631,987,2,1,600,98.9
495663,495758,496687,95,929,8,6000,1.10226049516
495704,496636,496637,932,1,1,600,93.3
495705,496643,496651,938,8,1,600,94.6
495707,496650,496674,943,24,1,600,40.2916666667
495708,496664,496689,956,25,1,600,39.24
495755,495904,496828,149,924,8,6000,1.16125541126
495771,496698,496700,927,2,1,600,92.9
495772,496710,496712,938,2,1,600,94.0
495774,496717,496719,943,2,1,600,94.5
495775,496723,496726,948,3,1,600,95.1
495778,496737,496738,959,1,1,600,96.0
495839,496743,496756,904,13,1,600,70.5384615385
495841,496750,496753,909,3,1,600,91.2
495842,496764,496766,922,2,1,600,92.4
495843,496771,496779,928,8,1,600,93.6
495845,496777,496782,932,5,1,600,93.7
495846,496791,496793,945,2,1,600,94.7
495847,496797,496800,950,3,1,600,95.3
495849,496805,496806,956,1,1,600,95.7
495910,495916,496833,6,917,8,6000,1.00654307525
495911,496819,496822,908,3,1,600,91.1
495913,496827,496830,914,3,1,600,91.7
495914,496833,496838,919,5,1,600,92.4
495915,496852,496856,937,4,1,600,94.1
495917,496858,496861,941,3,1,600,94.4
495918,496873,496875,955,2,1,600,95.7
495919,496879,496884,960,5,1,600,96.5
495920,495929,496854,9,925,8,6000,1.00972972973
495931,496023,496947,92,924,8,6000,1.09956709957
495981,496887,496890,906,3,1,600,90.9
495982,496895,496902,913,7,1,600,92.0
495984,496902,496904,918,2,1,600,92.0
495985,496914,496916,929,2,1,600,93.1
495988,496927,496930,939,3,1,600,94.2
495989,496935,496936,946,1,1,600,94.7
495990,496942,496944,952,2,1,600,95.4
496024,496249,497169,225,920,8,6000,1.24456521739
496052,496948,496949,896,1,1,600,89.7
496054,496968,496970,914,2,1,600,91.6
496056,496976,496978,920,2,1,600,92.2
496057,496982,496985,925,3,1,600,92.8
496058,496990,496992,932,2,1,600,93.4
496060,496996,497000,936,4,1,600,94.0
496061,497004,497011,943,7,1,600,95.0
496122,497013,497016,891,3,1,600,89.4
496124,497022,497027,898,5,1,600,90.3
496125,497029,497035,904,6,1,600,91.0
496126,497038,497042,912,4,1,600,91.6
496127,497046,497049,919,3,1,600,92.2
496129,497053,497060,924,7,1,600,93.1
496130,497061,497063,931,2,1,600,93.3
496131,497072,497076,941,4,1,600,94.5
496193,497079,497081,886,2,1,600,88.8
496194,497088,497095,894,7,1,600,90.1
496195,497095,497097,900,2,1,600,90.2
496196,497107,497109,911,2,1,600,91.3
496198,497113,497114,915,1,1,600,91.6
496199,497120,497125,921,5,1,600,92.6
496200,497126,497127,926,1,1,600,92.7
496250,496281,497202,31,921,8,6000,1.03365906623
496262,497137,497139,875,2,1,600,87.7
496263,497143,497151,880,8,1,600,88.8
496266,497163,497167,897,4,1,600,90.1
496267,497169,497177,902,8,1,600,91.0
496268,497179,497184,911,5,1,600,91.6
496270,497192,497193,922,1,1,600,92.3
496281,496316,497241,35,925,8,6000,1.03783783784
496312,496327,497252,15,925,8,6000,1.01621621622
496323,496334,497257,11,923,8,6000,1.0119176598
496331,497199,497202,868,3,1,600,87.1
496332,497207,497209,875,2,1,600,87.7
496334,497219,497225,885,6,1,600,89.1
496334,496422,497372,88,950,8,6000,1.09263157895
496335,497226,497229,891,3,1,600,89.4
496336,497237,497242,901,5,1,600,90.6
496399,497259,497260,860,1,1,600,86.1
496400,497265,497270,865,5,1,600,87.0
496401,497277,497285,876,8,1,600,88.4
496403,497289,497296,886,7,1,600,89.3
496404,497297,497303,893,6,1,600,89.9
496426,496573,497496,147,923,8,6000,1.15926327194
496465,497307,497315,842,8,1,600,85.0
496467,497315,497318,848,3,1,600,85.1
496468,497327,497328,859,1,1,600,86.0
496469,497333,497334,864,1,1,600,86.5
496470,497341,497349,871,8,1,600,87.9
496472,497348,497351,876,3,1,600,87.9
496473,497361,497368,888,7,1,600,89.5
496474,497367,497369,893,2,1,600,89.5
496536,497380,497382,844,2,1,600,84.6
496538,497398,497399,860,1,1,600,86.1
496540,497406,497423,866,17,1,600,51.9411764706
496541,497413,497436,872,23,1,600,38.9130434783
496542,497435,497437,893,2,1,600,89.5
496543,497448,497456,905,8,1,600,91.3
496570,496605,497536,35,931,8,6000,1.03759398496
496601,496704,497632,103,928,8,6000,1.11099137931
496605,497455,497457,850,2,1,600,85.2
496607,497473,497475,866,2,1,600,86.8
496609,497481,497483,872,2,1,600,87.4
496610,497488,497491,878,3,1,600,88.1
496611,497495,497497,884,2,1,600,88.6
496613,497502,497504,889,2,1,600,89.1
496674,497515,497522,841,7,1,600,84.8
496675,497522,497527,847,5,1,600,85.2
496677,497535,497539,858,4,1,600,86.2
496678,497541,497544,863,3,1,600,86.6
496681,497561,497581,880,20,1,600,45.0
496704,496840,497763,136,923,8,6000,1.14734561213
496742,497567,497568,825,1,1,600,82.6
496743,497580,497585,837,5,1,600,84.2
496746,497599,497618,853,19,1,600,45.8947368421
496747,497606,497610,859,4,1,600,86.3
496749,497621,497630,872,9,1,600,88.1
496750,497631,497636,881,5,1,600,88.6
496751,497642,497651,891,9,1,600,90.0
496814,497663,497670,849,7,1,600,85.6
496815,497669,497674,854,5,1,600,85.9
496817,497681,497684,864,3,1,600,86.7
496818,497688,497691,870,3,1,600,87.3
496819,497696,497709,877,13,1,600,68.4615384615
496821,497703,497705,882,2,1,600,88.4
496822,497717,497718,895,1,1,600,89.6
496823,497724,497726,901,2,1,600,90.3
496838,496847,497767,9,920,8,6000,1.0097826087
496849,496867,497795,18,928,8,6000,1.01939655172
496870,496963,497890,93,927,8,6000,1.1003236246
496885,497730,497735,845,5,1,600,85.0
496886,497737,497743,851,6,1,600,85.7
496889,497755,497757,866,2,1,600,86.8
496890,497761,497765,871,4,1,600,87.5
496891,497768,497773,877,5,1,600,88.2
496893,497783,497786,890,3,1,600,89.3
496954,497795,497797,841,2,1,600,84.3
496956,497801,497805,845,4,1,600,84.9
496957,497813,497815,856,2,1,600,85.8
496958,497821,497823,863,2,1,600,86.5
496960,497828,497830,868,2,1,600,87.0
496961,497834,497837,873,3,1,600,87.6
496962,497842,497866,880,24,1,600,37.6666666667
496963,497186,498112,223,926,8,6000,1.24082073434
496965,497861,497866,896,5,1,600,90.1
496966,497877,497922,911,45,1,600,21.2444444444
497028,497883,497885,855,2,1,600,85.7
497029,497896,497897,867,1,1,600,86.8
497032,497922,497923,890,1,1,600,89.1
497035,497941,497945,906,4,1,600,91.0
497036,497948,497950,912,2,1,600,91.4
497037,497956,497991,919,35,1,600,27.2571428571
497099,497964,497966,865,2,1,600,86.7
497100,497978,498007,878,29,1,600,31.275862069
497101,498003,498008,902,5,1,600,90.7
497104,498025,498026,921,1,1,600,92.2
497105,498032,498034,927,2,1,600,92.9
497107,498040,498042,933,2,1,600,93.5
497108,498047,498082,939,35,1,600,27.8285714286
497109,498053,498056,944,3,1,600,94.7
497172,498079,498082,907,3,1,600,91.0
497175,498098,498101,923,3,1,600,92.6
497176,498105,498107,929,2,1,600,93.1
497177,498112,498115,935,3,1,600,93.8
497179,498119,498122,940,3,1,600,94.3
497180,498132,498137,952,5,1,600,95.7
497188,497213,498133,25,920,8,6000,1.02717391304
497209,497253,498171,44,918,8,6000,1.04793028322
497241,498138,498144,897,6,1,600,90.3
497243,498152,498155,909,3,1,600,91.2
497244,498158,498160,914,2,1,600,91.6
497245,498167,498169,922,2,1,600,92.4
497247,498173,498176,926,3,1,600,92.9
497248,498181,498186,933,5,1,600,93.8
497251,498199,498201,948,2,1,600,95.0
497251,497271,498222,20,951,8,6000,1.02103049422
497252,498206,498214,954,8,1,600,96.2
497272,497284,498216,12,932,8,6000,1.01287553648
497283,497387,498309,104,922,8,6000,1.11279826464
497315,498224,498227,909,3,1,600,91.2
497316,498236,498242,920,6,1,600,92.6
497317,498248,498250,931,2,1,600,93.3
497319,498254,498257,935,3,1,600,93.8
497380,498262,498265,882,3,1,600,88.5
497382,498269,498271,887,2,1,600,88.9
497383,498277,498281,894,4,1,600,89.8
497384,498283,498294,899,11,1,600,82.7272727273
497386,498293,498294,907,1,1,600,90.8
497386,497509,498438,123,929,8,6000,1.13240043057
497387,498305,498308,918,3,1,600,92.1
497390,498319,498341,929,22,1,600,43.2272727273
497391,498332,498337,941,5,1,600,94.6
497452,498339,498346,887,7,1,600,89.4
497454,498344,498353,890,9,1,600,89.9
497455,498349,498358,894,9,1,600,90.3
497456,498355,498382,899,27,1,600,34.2962962963
497458,498362,498367,904,5,1,600,90.9
497509,497549,498478,40,929,8,6000,1.04305705059
497519,498367,498370,848,3,1,600,85.1
497520,498372,498373,852,1,1,600,85.3
497522,498379,498386,857,7,1,600,86.4
497523,498384,498387,861,3,1,600,86.4
497524,498389,498393,865,4,1,600,86.9
497527,498401,498407,874,6,1,600,88.0
497528,498406,498407,878,1,1,600,87.9
497530,498414,498421,884,7,1,600,89.1
497551,497649,498596,98,947,8,6000,1.10348468849
497591,498419,498426,828,7,1,600,83.5
497593,498424,498425,831,1,1,600,83.2
497594,498429,498431,835,2,1,600,83.7
497595,498436,498445,841,9,1,600,85.0
497596,498441,498442,845,1,1,600,84.6
497598,498447,498450,849,3,1,600,85.2
497600,498471,498474,871,3,1,600,87.4
497654,497775,498784,121,1009,8,6000,1.11992071358
497662,498486,498488,824,2,1,600,82.6
497663,498500,498502,837,2,1,600,83.9
497665,498514,498527,849,13,1,600,66.3076923077
497666,498539,498545,873,6,1,600,87.9
497667,498556,498566,889,10,1,600,89.9
497669,498577,498611,908,34,1,600,27.7058823529
497730,498623,498625,893,2,1,600,89.5
497731,498638,498645,907,7,1,600,91.4
497733,498656,498664,923,8,1,600,93.1
497734,498675,498677,941,2,1,600,94.3
497735,498689,498691,954,2,1,600,95.6
497737,498703,498705,966,2,1,600,96.8
497738,498718,498747,980,29,1,600,34.7931034483
497739,498759,498760,1020,1,1,600,102.1
497741,498772,498780,1031,8,1,600,103.9
497777,497789,498790,12,1001,8,6000,1.01198801199
497788,497808,498735,20,927,8,6000,1.02157497303
497802,498791,498794,989,3,1,600,99.2
497803,498805,498809,1002,4,1,600,100.6
497805,498822,498825,1017,3,1,600,102.0
497806,498837,498839,1031,2,1,600,103.3
497807,498858,498859,1051,1,1,600,105.2
497809,498870,498876,1061,6,1,600,106.7
497809,497904,498834,95,930,8,6000,1.10215053763
497810,498888,498891,1078,3,1,600,108.1
497811,498902,498905,1091,3,1,600,109.4
497873,498918,498921,1045,3,1,600,104.8
497874,498932,498936,1058,4,1,600,106.2
497877,498960,498970,1083,10,1,600,109.3
497878,498982,499014,1104,32,1,600,35.5
497881,499038,499044,1157,6,1,600,116.3
497902,498127,499045,225,918,8,6000,1.24509803922
497942,499056,499058,1114,2,1,600,111.6
497943,499070,499072,1127,2,1,600,112.9
497945,499089,499092,1144,3,1,600,114.7
497946,499103,499105,1157,2,1,600,115.9
497947,499118,499120,1171,2,1,600,117.3
497949,499135,499138,1186,3,1,600,118.9
498010,499150,499153,1140,3,1,600,114.3
498012,499164,499199,1152,35,1,600,33.9142857143
498013,499210,499232,1197,22,1,600,55.4090909091
498014,499243,499247,1229,4,1,600,123.3
498016,499259,499266,1243,7,1,600,125.0
498017,499277,499305,1260,28,1,600,46.0
498078,499316,499320,1238,4,1,600,124.2
498079,499331,499334,1252,3,1,600,125.5
498082,499357,499360,1275,3,1,600,127.8
498083,499371,499376,1288,5,1,600,129.3
498085,499387,499388,1302,1,1,600,130.3
498128,498144,499071,16,927,8,6000,1.01725997843
498146,499399,499400,1253,1,1,600,125.4
498147,499413,499418,1266,5,1,600,127.1
498149,498187,499116,38,929,8,6000,1.04090419806
498150,499430,499439,1280,9,1,600,128.9
498151,499435,499439,1284,4,1,600,128.8
498152,499441,499448,1289,7,1,600,129.6
498154,499453,499457,1299,4,1,600,130.3
498155,499465,499471,1310,6,1,600,131.6
498156,499471,499475,1315,4,1,600,131.9
498191,498230,499162,39,932,8,6000,1.04184549356
498217,499482,499489,1265,7,1,600,127.2
498219,499489,499492,1270,3,1,600,127.3
498220,499501,499503,1281,2,1,600,128.3
498221,499507,499510,1286,3,1,600,128.9
498223,499516,499523,1293,7,1,600,130.0
498224,499522,499525,1298,3,1,600,130.1
498225,499535,499536,1310,1,1,600,131.1
498226,499542,499582,1316,40,1,600,33.9
498228,499554,499556,1326,2,1,600,132.8
498232,498243,499175,11,932,8,6000,1.01180257511
498243,498326,499258,83,932,8,6000,1.08905579399
498289,499568,499570,1279,2,1,600,128.1
498290,499581,499587,1291,6,1,600,129.7
498292,499593,499600,1301,7,1,600,130.8
498293,499600,499603,1307,3,1,600,131.0
498294,499613,499620,1319,7,1,600,132.6
498296,499620,499622,1324,2,1,600,132.6
498297,499631,499636,1334,5,1,600,133.9
498325,498459,499405,134,946,8,6000,1.14164904863
498358,499638,499642,1280,4,1,600,128.4
498360,499648,499652,1288,4,1,600,129.2
498361,499655,499660,1294,5,1,600,129.9
498365,499678,499721,1313,43,1,600,31.5348837209
498366,499685,499691,1319,6,1,600,132.5
498368,499733,499734,1365,1,1,600,136.6
498369,499749,499752,1380,3,1,600,138.3
498430,499764,499797,1334,33,1,600,41.4242424242
498432,499786,499788,1354,2,1,600,135.6
498433,499792,499793,1359,1,1,600,136.0
498434,499797,499798,1363,1,1,600,136.4
498436,499802,499811,1366,9,1,600,137.5
498437,499808,499809,1371,1,1,600,137.2
498438,499813,499815,1375,2,1,600,137.7
498439,499818,499825,1379,7,1,600,138.6
498441,499824,499828,1383,4,1,600,138.7
498442,499836,499845,1394,9,1,600,140.3
498443,499841,499848,1398,7,1,600,140.5
498445,499848,499850,1403,2,1,600,140.5
498447,499861,499864,1414,3,1,600,141.7
498449,499866,499867,1417,1,1,600,141.8
498459,498465,499396,6,931,8,6000,1.00644468314
498470,498493,499423,23,930,8,6000,1.0247311828
498491,498607,499533,116,926,8,6000,1.1252699784
498510,499873,499876,1363,3,1,600,136.6
498513,499885,499887,1372,2,1,600,137.4
498514,499890,499892,1376,2,1,600,137.8
498515,499896,499899,1381,3,1,600,138.4
498578,499909,499911,1331,2,1,600,133.3
498579,499914,499941,1335,27,1,600,50.4444444444
498581,499921,499927,1340,6,1,600,134.6
498605,498747,499675,142,928,8,6000,1.15301724138
498642,499926,499930,1284,4,1,600,128.8
498644,499932,499935,1288,3,1,600,129.1
498705,499939,499940,1234,1,1,600,123.5
498706,499946,499951,1240,5,1,600,124.5
498708,499952,499955,1244,3,1,600,124.7
498749,498798,499731,49,933,8,6000,1.0525187567
498771,499963,499965,1192,2,1,600,119.4
498772,499970,499972,1198,2,1,600,120.0
498773,499975,499986,1202,11,1,600,110.272727273
498801,498812,499756,11,944,8,6000,1.01165254237
498812,498846,499774,34,928,8,6000,1.03663793103
498835,499980,499988,1145,8,1,600,115.3
498836,499987,499989,1151,2,1,600,115.3
498837,499992,499995,1155,3,1,600,115.8
498839,499998,499999,1159,1,1,600,116.0
498843,499063,499998,220,935,8,6000,1.23529411765
498900,500005,500007,1105,2,1,600,110.7
498902,500010,500011,1108,1,1,600,110.9
498903,500022,500027,1119,5,1,600,112.4
498904,500043,500053,1139,10,1,600,114.9
498966,500064,500097,1098,33,1,600,34.2727272727
498967,500108,500109,1141,1,1,600,114.2
498968,500121,500127,1153,6,1,600,115.9
498970,500126,500129,1156,3,1,600,115.9
499031,500138,500141,1107,3,1,600,111.0
499032,500152,500159,1120,7,1,600,112.7
499034,501858,501860,2824,2,1,600,282.6
499059,499082,500018,23,936,8,6000,1.02457264957
499080,499128,500057,48,929,8,6000,1.05166846071
499095,501865,501870,2770,5,1,600,277.5
499097,501872,501876,2775,4,1,600,277.9
499098,501879,501898,2781,19,1,600,147.368421053
499099,501887,501899,2788,12,1,600,233.333333333
499132,499174,500108,42,934,8,6000,1.04496788009
499161,501893,501898,2732,5,1,600,273.7
499162,501916,501917,2754,1,1,600,275.5
499163,501928,501957,2765,29,1,600,96.3448275862
499165,501969,501973,2804,4,1,600,280.8
499174,499186,500104,12,918,8,6000,1.01307189542
499184,499270,500206,86,936,8,6000,1.09188034188
499275,499408,502500,133,3092,5,14400,1.04301423027
499287,501997,502000,2710,3,1,600,271.3
499289,502011,502042,2722,31,1,600,88.8064516129
499290,502022,502027,2732,5,1,600,273.7
499351,502038,502047,2687,9,1,600,269.6
499353,502053,502056,2700,3,1,600,270.3
499354,502060,502064,2706,4,1,600,271.0
499355,502069,502081,2714,12,1,600,227.166666667
499409,499420,502359,11,2939,5,14400,1.00374276965
499417,502075,502077,2658,2,1,600,266.0
499418,502088,502093,2670,5,1,600,267.5
499419,502095,502098,2676,3,1,600,267.9
499419,499447,502596,28,3149,5,14400,1.00889171165
499420,502106,502110,2686,4,1,600,269.0
499451,499459,502742,8,3283,5,14400,1.00243679561
499461,499548,502615,87,3067,5,14400,1.0283664819
499482,502112,502114,2630,2,1,600,263.2
499483,502121,502122,2638,1,1,600,263.9
499484,502127,502130,2643,3,1,600,264.6
499486,502134,502138,2648,4,1,600,265.2
499487,502141,502146,2654,5,1,600,265.9
499488,502151,502152,2663,1,1,600,266.4
499490,502158,502168,2668,10,1,600,267.8
499491,502165,502168,2674,3,1,600,267.7
499544,499560,502329,16,2769,5,14400,1.0057782593
499552,502179,502182,2627,3,1,600,263.0
499554,502185,502187,2631,2,1,600,263.3
499555,502193,502194,2638,1,1,600,263.9
499556,502199,502200,2643,1,1,600,264.4
499558,502207,502209,2649,2,1,600,265.1
499559,502213,502222,2654,9,1,600,266.3
499560,502220,502276,2660,56,1,600,48.5
499565,499691,503054,126,3363,5,14400,1.03746654773
499622,502233,502234,2611,1,1,600,261.2
499624,502258,502263,2634,5,1,600,263.9
499625,502274,502282,2649,8,1,600,265.7
499627,502288,502292,2661,4,1,600,266.5
499628,502295,502297,2667,2,1,600,266.9
499629,502305,502306,2676,1,1,600,267.7
499631,502312,502313,2681,1,1,600,268.2
499689,499704,502320,15,2616,5,14400,1.00573394495
499692,502319,502320,2627,1,1,600,262.8
499693,502331,502335,2638,4,1,600,264.2
499695,502343,502346,2648,3,1,600,265.1
499697,502361,502364,2664,3,1,600,266.7
499699,502369,502371,2670,2,1,600,267.2
499699,499743,502498,44,2755,5,14400,1.01597096189
499700,502380,502383,2680,3,1,600,268.3
499741,499770,502690,29,2920,5,14400,1.00993150685
499763,502395,502415,2632,20,1,600,132.6
499764,502402,502404,2638,2,1,600,264.0
499772,499778,502474,6,2696,5,14400,1.00222551929
499783,499831,502311,48,2480,5,14400,1.01935483871
499825,502416,502418,2591,2,1,600,259.3
499828,502432,502435,2604,3,1,600,260.7
499829,502439,502440,2610,1,1,600,261.1
499831,502448,502465,2617,17,1,600,154.941176471
499833,502467,502468,2634,1,1,600,263.5
499835,500017,503334,182,3317,5,14400,1.0548688574
499835,502476,502504,2641,28,1,600,95.3214285714
499836,502483,502485,2647,2,1,600,264.9
499897,502498,502500,2601,2,1,600,260.3
499899,502518,502519,2619,1,1,600,262.0
499900,502523,502524,2623,1,1,600,262.4
499901,502535,502538,2634,3,1,600,263.7
499903,502542,502547,2639,5,1,600,264.4
499904,502550,502552,2646,2,1,600,264.8
499905,502558,502585,2653,27,1,600,99.2592592593
499908,502576,502582,2668,6,1,600,267.4
499909,502595,502603,2686,8,1,600,269.4
499910,502603,502608,2693,5,1,600,269.8
499912,502616,502620,2704,4,1,600,270.8
499973,502624,502627,2651,3,1,600,265.4
499974,502638,502640,2664,2,1,600,266.6
499976,502643,502645,2667,2,1,600,266.9
499977,502652,502654,2675,2,1,600,267.7
499978,502658,502661,2680,3,1,600,268.3
499980,502667,502669,2687,2,1,600,268.9
499981,502673,502676,2692,3,1,600,269.5
499982,502680,502684,2698,4,1,600,270.2
499984,502688,502690,2704,2,1,600,270.6
499987,502708,502710,2721,2,1,600,272.3
500020,500029,502685,9,2656,5,14400,1.00338855422
500031,500037,502883,6,2846,5,14400,1.00210822207
500042,500051,502930,9,2879,5,14400,1.00312608545
500049,502727,502729,2678,2,1,600,268.0
500051,502733,502740,2682,7,1,600,268.9
500052,502741,502748,2689,7,1,600,269.6
500053,500070,502577,17,2507,5,14400,1.00678101316
500055,502766,502768,2711,2,1,600,271.3
500056,502771,502778,2715,7,1,600,272.2
500057,502779,502803,2722,24,1,600,114.416666667
500059,502789,502792,2730,3,1,600,273.3
500074,500115,503049,41,2934,5,14400,1.0139740968
500115,500132,502880,17,2748,5,14400,1.00618631732
500120,502805,502808,2685,3,1,600,268.8
500136,500145,503547,9,3402,5,14400,1.00264550265
500147,500171,503136,24,2965,5,14400,1.00809443508
500168,500218,503534,50,3316,5,14400,1.01507840772
500183,502822,502825,2639,3,1,600,264.2
500184,502829,502836,2645,7,1,600,265.2
500185,502836,502839,2651,3,1,600,265.4
500187,502847,502849,2660,2,1,600,266.2
500220,501909,505190,1689,3281,5,14400,1.51478207863
501871,502854,502858,983,4,1,600,98.7
501905,502326,505340,421,3014,5,14400,1.1396814864
501932,502860,502861,928,1,1,600,92.9
501933,502869,502882,936,13,1,600,73.0
501935,502875,502878,940,3,1,600,94.3
501936,502889,502890,953,1,1,600,95.4
501937,502902,502904,965,2,1,600,96.7
501939,502914,502916,975,2,1,600,97.7
502000,502920,502922,920,2,1,600,92.2
502001,502927,502929,926,2,1,600,92.8
502003,502934,502936,931,2,1,600,93.3
502064,502947,502950,883,3,1,600,88.6
502065,502953,502954,888,1,1,600,88.9
502067,502962,502964,895,2,1,600,89.7
502068,502969,502973,901,4,1,600,90.5
502069,502976,502978,907,2,1,600,90.9
502132,502990,502991,858,1,1,600,85.9
502133,502996,502997,863,1,1,600,86.4
502135,503003,503030,868,27,1,600,33.1481481481
502136,503009,503016,873,7,1,600,88.0
502137,503027,503031,890,4,1,600,89.4
502139,503041,503042,902,1,1,600,90.3
502140,503048,503050,908,2,1,600,91.0
502141,503055,503058,914,3,1,600,91.7
502203,503066,503074,863,8,1,600,87.1
502207,503079,503085,872,6,1,600,87.8
502208,503085,503089,877,4,1,600,88.1
502210,503096,503097,886,1,1,600,88.7
502211,503103,503104,892,1,1,600,89.3
502214,503118,503136,904,18,1,600,51.2222222222
502215,503124,503130,909,6,1,600,91.5
502216,503141,503142,925,1,1,600,92.6
502218,503154,503190,936,36,1,600,27.0
502279,503160,503163,881,3,1,600,88.4
502280,503175,503179,895,4,1,600,89.9
502282,503190,503193,908,3,1,600,91.1
502283,503205,503211,922,6,1,600,92.8
502284,503210,503217,926,7,1,600,93.3
502326,502338,505519,12,3181,5,14400,1.00377239862
502337,502349,505629,12,3280,5,14400,1.00365853659
502346,503222,503223,876,1,1,600,87.7
502347,503229,503232,882,3,1,600,88.5
502348,502375,505080,27,2705,5,14400,1.00998151571
502349,503236,503239,887,3,1,600,89.0
502350,503243,503244,893,1,1,600,89.4
502351,503251,503258,900,7,1,600,90.7
502353,503257,503258,904,1,1,600,90.5
502355,503275,503277,920,2,1,600,92.2
502379,502491,505556,112,3065,5,14400,1.03654159869
502417,503281,503294,864,13,1,600,67.4615384615
502418,503288,503291,870,3,1,600,87.3
502421,503309,503318,888,9,1,600,89.7
502422,503316,503318,894,2,1,600,89.6
502424,503329,503331,905,2,1,600,90.7
502425,503335,503342,910,7,1,600,91.7
502426,503343,503349,917,6,1,600,92.3
502488,503357,503359,869,2,1,600,87.1
502489,503364,503365,875,1,1,600,87.6
502490,503371,503373,881,2,1,600,88.3
502492,503377,503378,885,1,1,600,88.6
502493,502511,505492,18,2981,5,14400,1.0060382422
502493,503385,503386,892,1,1,600,89.3
502494,503391,503392,897,1,1,600,89.8
502496,503398,503403,902,5,1,600,90.7
502514,502530,505106,16,2576,5,14400,1.00621118012
502535,502588,505147,53,2559,5,14400,1.02071121532
502557,503405,503408,848,3,1,600,85.1
502558,503415,503416,857,1,1,600,85.8
502560,503422,503427,862,5,1,600,86.7
502561,503428,503432,867,4,1,600,87.1
502562,503438,503440,876,2,1,600,87.8
502564,503444,503448,880,4,1,600,88.4
502565,503451,503457,886,6,1,600,89.2
502587,502609,505570,22,2961,5,14400,1.00742992232
502608,502631,505478,23,2847,5,14400,1.00807867931
502626,503459,503464,833,5,1,600,83.8
502628,503469,503480,841,11,1,600,77.4545454545
502629,502702,505257,73,2555,5,14400,1.02857142857
502629,503476,503479,847,3,1,600,85.0
502632,503497,503498,865,1,1,600,86.6
502633,503503,503506,870,3,1,600,87.3
502635,503509,503511,874,2,1,600,87.6
502698,503525,503526,827,1,1,600,82.8
502699,503533,503536,834,3,1,600,83.7
502700,503540,503542,840,2,1,600,84.2
502702,502714,505610,12,2896,5,14400,1.00414364641
502702,503553,503555,851,2,1,600,85.3
502703,503558,503561,855,3,1,600,85.8
502704,503571,503574,867,3,1,600,87.0
502706,503578,503580,872,2,1,600,87.4
502707,503585,503589,878,4,1,600,88.2
502712,502758,505354,46,2596,5,14400,1.01771956857
502754,502896,506221,142,3325,5,14400,1.04270676692
502768,503593,503595,825,2,1,600,82.7
502770,503600,503605,830,5,1,600,83.5
502771,503607,503664,836,57,1,600,15.6666666667
502772,503616,503621,844,5,1,600,84.9
502774,503633,503638,859,5,1,600,86.4
502775,503650,503652,875,2,1,600,87.7
502776,503663,503668,887,5,1,600,89.2
502838,503675,503678,837,3,1,600,84.0
502839,503682,503683,843,1,1,600,84.4
502840,503689,503690,849,1,1,600,85.0
502842,503695,503702,853,7,1,600,86.0
502843,503702,503703,859,1,1,600,86.0
502844,503714,503738,870,24,1,600,37.25
502846,503720,503723,874,3,1,600,87.7
502847,503735,503737,888,2,1,600,89.0
502898,502908,505913,10,3005,5,14400,1.00332778702
502908,503749,503751,841,2,1,600,84.3
502909,502942,506112,33,3170,5,14400,1.01041009464
502910,503755,503756,845,1,1,600,84.6
502911,503762,503795,851,33,1,600,26.7878787879
502912,503768,503769,856,1,1,600,85.7
502915,503792,503796,877,4,1,600,88.1
502940,503061,505595,121,2534,5,14400,1.04775059195
502977,503813,503826,836,13,1,600,65.3076923077
502979,503819,503822,840,3,1,600,84.3
502980,503832,503834,852,2,1,600,85.4
502981,503838,503839,857,1,1,600,85.8
502984,503852,503861,868,9,1,600,87.7
502985,503860,503862,875,2,1,600,87.7
502986,503873,503875,887,2,1,600,88.9
502988,503879,503886,891,7,1,600,89.8
503049,503887,503889,838,2,1,600,84.0
503050,503897,503905,847,8,1,600,85.5
503052,503903,503911,851,8,1,600,85.9
503053,503917,503926,864,9,1,600,87.3
503054,503923,503945,869,22,1,600,40.5
503056,503939,503944,883,5,1,600,88.8
503057,503955,503957,898,2,1,600,90.0
503058,503962,503969,904,7,1,600,91.1
503064,503074,505614,10,2540,5,14400,1.00393700787
503075,503149,506208,74,3059,5,14400,1.02419091206
503120,503969,504004,849,35,1,600,25.2571428571
503121,503981,503984,860,3,1,600,86.3
503122,503996,503997,874,1,1,600,87.5
503123,504009,504013,886,4,1,600,89.0
503125,504017,504019,892,2,1,600,89.4
503126,504024,504031,898,7,1,600,90.5
503147,503351,505899,204,2548,5,14400,1.08006279435
503190,504049,504051,859,2,1,600,86.1
503191,504055,504058,864,3,1,600,86.7
503193,504064,504066,871,2,1,600,87.3
503194,504071,504110,877,39,1,600,23.4871794872
503195,504077,504080,882,3,1,600,88.5
503257,504093,504098,836,5,1,600,84.1
503258,504112,504141,854,29,1,600,30.4482758621
503259,504121,504124,862,3,1,600,86.5
503262,504147,504153,885,6,1,600,89.1
503263,504154,504214,891,60,1,600,15.85
503264,504164,504167,900,3,1,600,90.3
503266,504178,504207,912,29,1,600,32.4482758621
503328,504226,504235,898,9,1,600,90.7
503329,504233,504235,904,2,1,600,90.6
503331,504246,504249,915,3,1,600,91.8
503332,504253,504254,921,1,1,600,92.2
503333,504261,504266,928,5,1,600,93.3
503335,504267,504270,932,3,1,600,93.5
503336,504279,504281,943,2,1,600,94.5
503337,504285,504289,948,4,1,600,95.2
503353,503547,506136,194,2589,5,14400,1.07493240633
503399,504292,504293,893,1,1,600,89.4
503400,504301,504303,901,2,1,600,90.3
503401,504308,504340,907,32,1,600,29.34375
503403,504314,504321,911,7,1,600,91.8
503404,504334,504338,930,4,1,600,93.4
503405,504351,504353,946,2,1,600,94.8
503406,504357,504358,951,1,1,600,95.2
503408,504366,504368,958,2,1,600,96.0
503409,504372,504376,963,4,1,600,96.7
503470,504379,504385,909,6,1,600,91.5
503472,504387,504394,915,7,1,600,92.2
503474,504406,504411,932,5,1,600,93.7
503477,504423,504457,946,34,1,600,28.8235294118
503478,504430,504439,952,9,1,600,96.1
503479,504451,504455,972,4,1,600,97.6
503525,515591,515787,12066,196,1,3600,62.5612244898
503541,504466,504502,925,36,1,600,26.6944444444
503542,504474,504476,932,2,1,600,93.4
503545,504501,504507,956,6,1,600,96.2
503546,504515,504517,969,2,1,600,97.1
503547,504522,504524,975,2,1,600,97.7
503549,503565,506826,16,3261,5,14400,1.00490647041
503550,504535,504564,985,29,1,600,34.9655172414
503551,504541,504543,990,2,1,600,99.2
503552,504556,504558,1004,2,1,600,100.6
503570,505094,507795,1524,2701,5,14400,1.56423546835
503614,504569,504575,955,6,1,600,96.1
503615,504576,504582,961,6,1,600,96.7
503617,504586,504591,969,5,1,600,97.4
503618,504593,504595,975,2,1,600,97.7
503619,504603,504613,984,10,1,600,99.4
503620,504611,504617,991,6,1,600,99.7
503683,504631,504667,948,36,1,600,27.3333333333
503684,504638,504642,954,4,1,600,95.8
503686,504653,504656,967,3,1,600,97.0
503688,504679,504683,991,4,1,600,99.5
503691,504694,504697,1003,3,1,600,100.6
503752,504701,504710,949,9,1,600,95.8
503754,504709,504711,955,2,1,600,95.7
503755,504721,504724,966,3,1,600,96.9
503756,504728,504730,972,2,1,600,97.4
503759,504743,504748,984,5,1,600,98.9
503760,504749,504774,989,25,1,600,40.56
503762,504759,504762,997,3,1,600,100.0
503823,504773,504774,950,1,1,600,95.1
503826,504791,504793,965,2,1,600,96.7
503827,504797,504804,970,7,1,600,97.7
503828,504805,504807,977,2,1,600,97.9
503830,504815,504818,985,3,1,600,98.8
503891,504822,504825,931,3,1,600,93.4
503892,504829,504835,937,6,1,600,94.3
503894,504837,504844,943,7,1,600,95.0
503895,504846,504849,951,3,1,600,95.4
503896,504856,504858,960,2,1,600,96.2
503898,504862,504865,964,3,1,600,96.7
503899,504869,504877,970,8,1,600,97.8
503900,504876,504878,976,2,1,600,97.8
503901,504888,504889,987,1,1,600,98.8
503963,504896,504898,933,2,1,600,93.5
503964,504902,504908,938,6,1,600,94.4
503965,504910,504918,945,8,1,600,95.3
503967,504919,504920,952,1,1,600,95.3
503968,504929,504930,961,1,1,600,96.2
504031,504943,504951,912,8,1,600,92.0
504032,504949,504972,917,23,1,600,40.8695652174
504034,504963,504965,929,2,1,600,93.1
504035,504976,504980,941,4,1,600,94.5
504036,504983,504990,947,7,1,600,95.4
504039,505001,505004,962,3,1,600,96.5
504040,505008,505009,968,1,1,600,96.9
504102,505015,505025,913,10,1,600,92.3
504103,505021,505024,918,3,1,600,92.1
504104,505036,505038,932,2,1,600,93.4
504106,505042,505051,936,9,1,600,94.5
504107,505050,505058,943,8,1,600,95.1
504108,505062,505064,954,2,1,600,95.6
504170,505070,505075,900,5,1,600,90.5
504171,505078,505079,907,1,1,600,90.8
504174,505099,505136,925,37,1,600,26.0
504175,505106,505108,931,2,1,600,93.3
504177,505125,505127,948,2,1,600,95.0
504238,505139,505141,901,2,1,600,90.3
504239,505147,505151,908,4,1,600,91.2
504241,505154,505155,913,1,1,600,91.4
504242,505167,505170,925,3,1,600,92.8
504243,505173,505177,930,4,1,600,93.4
504305,505182,505184,877,2,1,600,87.9
504306,505189,505191,883,2,1,600,88.5
504307,505195,505201,888,6,1,600,89.4
504309,505208,505210,899,2,1,600,90.1
504310,505215,505218,905,3,1,600,90.8
504313,505230,505234,917,4,1,600,92.1
504314,505236,505244,922,8,1,600,93.0
504376,505245,505249,869,4,1,600,87.3
504377,505255,505261,878,6,1,600,88.4
504378,505263,505270,885,7,1,600,89.2
504380,505276,505284,896,8,1,600,90.4
504381,505283,505287,902,4,1,600,90.6
504382,505297,505300,915,3,1,600,91.8
504384,505303,505304,919,1,1,600,92.0
504446,505320,505322,874,2,1,600,87.6
504448,505326,505337,878,11,1,600,80.8181818182
504449,505333,505336,884,3,1,600,88.7
504450,505348,505355,898,7,1,600,90.5
504513,505372,505398,859,26,1,600,34.0384615385
504514,505378,505382,864,4,1,600,86.8
504516,505393,505401,877,8,1,600,88.5
504517,505410,505447,893,37,1,600,25.1351351351
504519,505417,505418,898,1,1,600,89.9
504520,505430,505433,910,3,1,600,91.3
504582,505444,505448,862,4,1,600,86.6
504583,505458,505461,875,3,1,600,87.8
504584,505465,505468,881,3,1,600,88.4
504586,505473,505477,887,4,1,600,89.1
504587,505480,505483,893,3,1,600,89.6
504588,505494,505501,906,7,1,600,91.3
504590,505500,505503,910,3,1,600,91.3
504591,505514,505542,923,28,1,600,33.9642857143
504652,505519,505521,867,2,1,600,86.9
504654,505538,505543,884,5,1,600,88.9
504655,505554,505556,899,2,1,600,90.1
504656,505560,505563,904,3,1,600,90.7
504659,505579,505586,920,7,1,600,92.7
504720,505592,505595,872,3,1,600,87.5
504722,505599,505601,877,2,1,600,87.9
504723,505612,505661,889,49,1,600,19.1428571429
504725,505618,505619,893,1,1,600,89.4
504726,505637,505644,911,7,1,600,91.8
504727,505655,505658,928,3,1,600,93.1
504729,505670,505690,941,20,1,600,48.05
504730,505676,505680,946,4,1,600,95.0
504731,505693,505695,962,2,1,600,96.4
504793,505702,505706,909,4,1,600,91.3
504794,505708,505713,914,5,1,600,91.9
504795,505717,505720,922,3,1,600,92.5
504797,505725,505727,928,2,1,600,93.0
504798,505732,505734,934,2,1,600,93.6
504799,505738,505739,939,1,1,600,94.0
504801,505745,505746,944,1,1,600,94.5
504802,505753,505772,951,19,1,600,51.0526315789
504863,505759,505762,896,3,1,600,89.9
504865,505774,505776,909,2,1,600,91.1
504866,505783,505788,917,5,1,600,92.2
504867,505789,505795,922,6,1,600,92.8
504869,505800,505803,931,3,1,600,93.4
504871,505815,505817,944,2,1,600,94.6
504873,505822,505824,949,2,1,600,95.1
504874,505830,505832,956,2,1,600,95.8
504937,505844,505847,907,3,1,600,91.0
504938,505851,505853,913,2,1,600,91.5
504940,505858,505861,918,3,1,600,92.1
504941,505864,505866,923,2,1,600,92.5
504942,505873,505880,931,7,1,600,93.8
504944,505880,505884,936,4,1,600,94.0
504945,505891,505893,946,2,1,600,94.8
504946,505898,505901,952,3,1,600,95.5
505008,505906,505908,898,2,1,600,90.0
505009,505918,505926,909,8,1,600,91.7
505010,505924,505955,914,31,1,600,30.4838709677
505012,505938,505944,926,6,1,600,93.2
505013,505956,505958,943,2,1,600,94.5
505014,505967,505970,953,3,1,600,95.6
505016,505974,505983,958,9,1,600,96.7
505017,505982,506005,965,23,1,600,42.9565217391
505079,505995,505996,916,1,1,600,91.7
505080,506007,506012,927,5,1,600,93.2
505081,506016,506019,935,3,1,600,93.8
505083,506023,506028,940,5,1,600,94.5
505084,506030,506033,946,3,1,600,94.9
505085,506040,506042,955,2,1,600,95.7
505087,506048,506050,961,2,1,600,96.3
505088,506054,506059,966,5,1,600,97.1
505100,505117,508064,17,2947,5,14400,1.00576857822
505121,505161,507870,40,2709,5,14400,1.01476559616
505150,506061,506064,911,3,1,600,91.4
505151,506070,506073,919,3,1,600,92.2
505152,506077,506080,925,3,1,600,92.8
505153,506084,506087,931,3,1,600,93.4
505155,506091,506099,936,8,1,600,94.4
505156,506098,506106,942,8,1,600,95.0
505163,505202,508263,39,3061,5,14400,1.01274093434
505204,505269,507861,65,2592,5,14400,1.02507716049
505219,506118,506120,899,2,1,600,90.1
505220,506130,506132,910,2,1,600,91.2
505222,506136,506137,914,1,1,600,91.5
505223,506143,506145,920,2,1,600,92.2
505224,506155,506157,931,2,1,600,93.3
505226,506162,506164,936,2,1,600,93.8
505227,506169,506170,942,1,1,600,94.3
505228,506176,506179,948,3,1,600,95.1
505266,505354,508182,88,2828,5,14400,1.03111739745
505290,506183,506184,893,1,1,600,89.4
505291,506190,506195,899,5,1,600,90.4
505292,506197,506204,905,7,1,600,91.2
505294,509188,509190,3894,2,2,3540,389.6
505294,506206,506209,912,3,1,600,91.5
505295,506216,506218,921,2,1,600,92.3
505296,506228,506231,932,3,1,600,93.5
505298,506240,506246,942,6,1,600,94.8
505359,506246,506252,887,6,1,600,89.3
505359,505367,508291,8,2924,5,14400,1.00273597811
505360,506257,506258,897,1,1,600,89.8
505362,506264,506271,902,7,1,600,90.9
505363,506271,506278,908,7,1,600,91.5
505365,506282,506283,917,1,1,600,91.8
505367,506295,506299,928,4,1,600,93.2
505369,506302,506305,933,3,1,600,93.6
505370,505489,508599,119,3110,5,14400,1.03826366559
505430,506310,506313,880,3,1,600,88.3
505431,506317,506318,886,1,1,600,88.7
505433,506324,506327,891,3,1,600,89.4
505434,506331,506332,897,1,1,600,89.8
505494,505507,508010,13,2503,5,14400,1.00519376748
505496,506339,506341,843,2,1,600,84.5
505497,506345,506348,848,3,1,600,85.1
505498,506353,506361,855,8,1,600,86.3
505500,506360,506363,860,3,1,600,86.3
505501,506372,506401,871,29,1,600,31.0344827586
505503,506379,506381,876,2,1,600,87.8
505504,506393,506398,889,5,1,600,89.4
505505,505531,508456,26,2925,5,14400,1.00888888889
505537,505567,508349,30,2782,5,14400,1.01078360891
505565,506409,506431,844,22,1,600,39.3636363636
505567,506416,506419,849,3,1,600,85.2
505568,506430,506431,862,1,1,600,86.3
505568,505587,508743,19,3156,5,14400,1.00602027883
505569,506442,506444,873,2,1,600,87.5
505571,506447,506449,876,2,1,600,87.8
505572,506455,506456,883,1,1,600,88.4
505573,506461,506463,888,2,1,600,89.0
505589,505606,508644,17,3038,5,14400,1.0055957867
505610,505625,508809,15,3184,5,14400,1.00471105528
505621,505631,508674,10,3043,5,14400,1.00328623069
505632,505643,508231,11,2588,5,14400,1.0042503864
505635,506469,506471,834,2,1,600,83.6
505636,506476,506480,840,4,1,600,84.4
505638,506483,506485,845,2,1,600,84.7
505639,506491,506494,852,3,1,600,85.5
505640,506498,506508,858,10,1,600,86.8
505642,505912,508442,270,2530,5,14400,1.10671936759
505702,506506,506508,804,2,1,600,80.6
505703,506520,506527,817,7,1,600,82.4
505704,506525,506529,821,4,1,600,82.5
505706,506539,506541,833,2,1,600,83.5
505707,506545,506547,838,2,1,600,84.0
505709,506552,506579,843,27,1,600,32.2222222222
505770,506559,506560,789,1,1,600,79.0
505771,506571,506572,800,1,1,600,80.1
505773,506583,506585,810,2,1,600,81.2
505774,506591,506595,817,4,1,600,82.1
505775,506598,506599,823,1,1,600,82.4
505777,506607,506609,830,2,1,600,83.2
505778,506613,506622,835,9,1,600,84.4
505779,506620,506621,841,1,1,600,84.2
505781,506633,506637,852,4,1,600,85.6
505782,506639,506686,857,47,1,600,19.2340425532
505843,506648,506655,805,7,1,600,81.2
505845,506667,506732,822,65,1,600,13.6461538462
505846,506697,506703,851,6,1,600,85.7
505847,506715,506717,868,2,1,600,87.0
505849,506728,506737,879,9,1,600,88.8
505850,506743,506776,893,33,1,600,28.0606060606
505851,506750,506759,899,9,1,600,90.8
505853,506770,506777,917,7,1,600,92.4
505854,506788,506794,934,6,1,600,94.0
505910,505931,509090,21,3159,5,14400,1.00664767331
505916,506793,506837,877,44,1,600,20.9318181818
505918,506817,506822,899,5,1,600,90.4
505920,506833,506834,913,1,1,600,91.4
505921,506847,506848,926,1,1,600,92.7
505923,506854,506858,931,4,1,600,93.5
505924,506861,506864,937,3,1,600,94.0
505925,506869,506897,944,28,1,600,34.7142857143
505931,506124,509144,193,3020,5,14400,1.06390728477
505987,506876,506879,889,3,1,600,89.2
505988,506890,506893,902,3,1,600,90.5
505989,506904,506905,915,1,1,600,91.6
505991,506911,506913,920,2,1,600,92.2
505992,506918,506925,926,7,1,600,93.3
505993,506925,506933,932,8,1,600,94.0
506055,506937,506943,882,6,1,600,88.8
506056,506945,506952,889,7,1,600,89.6
506057,506954,506957,897,3,1,600,90.0
506058,506964,506971,906,7,1,600,91.3
506060,506972,506977,912,5,1,600,91.7
506061,506983,506985,922,2,1,600,92.4
506062,506990,506995,928,5,1,600,93.3
506064,506996,507001,932,5,1,600,93.7
506065,507007,507009,942,2,1,600,94.4
506126,507013,507014,887,1,1,600,88.8
506127,506150,508909,23,2759,5,14400,1.00833635375
506129,507027,507029,898,2,1,600,90.0
506130,507034,507036,904,2,1,600,90.6
506132,507041,507047,909,6,1,600,91.5
506133,507048,507051,915,3,1,600,91.8
506134,507058,507067,924,9,1,600,93.3
506135,507065,507069,930,4,1,600,93.4
506148,506222,508704,74,2482,5,14400,1.02981466559
506197,507078,507087,881,9,1,600,89.0
506198,507085,507088,887,3,1,600,89.0
506199,507099,507102,900,3,1,600,90.3
506201,507105,507127,904,22,1,600,42.0909090909
506202,507114,507115,912,1,1,600,91.3
506203,507127,507129,924,2,1,600,92.6
506206,507145,507147,939,2,1,600,94.1
506207,507152,507155,945,3,1,600,94.8
506220,506234,508765,14,2531,5,14400,1.00553141051
506231,506840,509330,609,2490,5,14400,1.24457831325
506269,507158,507161,889,3,1,600,89.2
506270,507166,507168,896,2,1,600,89.8
506271,507172,507175,901,3,1,600,90.4
506273,507179,507188,906,9,1,600,91.5
506274,507186,507190,912,4,1,600,91.6
506275,507199,507215,924,16,1,600,58.75
506277,507206,507215,929,9,1,600,93.8
506278,507227,507229,949,2,1,600,95.1
506339,507232,507234,893,2,1,600,89.5
506341,507240,507241,899,1,1,600,90.0
506342,507246,507264,904,18,1,600,51.2222222222
506343,507252,507269,909,17,1,600,54.4705882353
506344,507275,507282,931,7,1,600,93.8
506346,507283,507285,937,2,1,600,93.9
506347,507293,507297,946,4,1,600,95.0
506348,507300,507317,952,17,1,600,57.0
506350,507309,507311,959,2,1,600,96.1
506351,507322,507326,971,4,1,600,97.5
506412,507330,507332,918,2,1,600,92.0
506414,507337,507338,923,1,1,600,92.4
506415,507343,507345,928,2,1,600,93.0
506416,507350,507356,934,6,1,600,94.0
506418,507358,507361,940,3,1,600,94.3
506419,507369,507374,950,5,1,600,95.5
506480,507375,507405,895,30,1,600,30.8333333333
506482,507386,507388,904,2,1,600,90.6
506483,507400,507404,917,4,1,600,92.1
506484,507416,507418,932,2,1,600,93.4
506485,507422,507423,937,1,1,600,93.8
506487,507430,507433,943,3,1,600,94.6
506488,507436,507437,948,1,1,600,94.9
506489,507444,507449,955,5,1,600,96.0
506491,507450,507493,959,43,1,600,23.3023255814
506492,507460,507466,968,6,1,600,97.4
506553,507477,507480,924,3,1,600,92.7
506555,507491,507499,936,8,1,600,94.4
506556,507504,507529,948,25,1,600,38.92
506557,507511,507519,954,8,1,600,96.2
506558,507530,507564,972,34,1,600,29.5882352941
506561,507552,507555,991,3,1,600,99.4
506622,507566,507572,944,6,1,600,95.0
506624,507575,507581,951,6,1,600,95.7
506625,507583,507587,958,4,1,600,96.2
506626,507592,507593,966,1,1,600,96.7
506628,507599,507603,971,4,1,600,97.5
506629,507605,507607,976,2,1,600,97.8
506630,507614,507623,984,9,1,600,99.3
506632,507621,507623,989,2,1,600,99.1
506633,507634,507640,1001,6,1,600,100.7
506694,507640,507643,946,3,1,600,94.9
506696,507651,507654,955,3,1,600,95.8
506697,507658,507677,961,19,1,600,51.5789473684
506758,507665,507671,907,6,1,600,91.3
506760,507682,507685,922,3,1,600,92.5
506761,507688,507693,927,5,1,600,93.2
506762,507697,507703,935,6,1,600,94.1
506824,507705,507711,881,6,1,600,88.7
506825,507714,507716,889,2,1,600,89.1
506826,507723,507725,897,2,1,600,89.9
506828,507729,507732,901,3,1,600,90.4
506830,507744,507746,914,2,1,600,91.6
506837,507809,510458,972,2649,5,14400,1.36693091733
506892,507751,507768,859,17,1,600,51.5294117647
506894,507770,507772,876,2,1,600,87.8
506896,507779,507784,883,5,1,600,88.8
506897,507787,507788,890,1,1,600,89.1
507811,507873,510855,62,2982,5,14400,1.02079141516
507873,507886,511060,13,3174,5,14400,1.0040957782
507883,508021,510765,138,2744,5,14400,1.05029154519
508017,508076,511227,59,3151,5,14400,1.01872421454
508079,508194,511464,115,3270,5,14400,1.03516819572
508192,508242,511114,50,2872,5,14400,1.01740947075
508244,508275,510966,31,2691,5,14400,1.01151988109
508275,508302,511068,27,2766,5,14400,1.00976138829
508306,508361,511785,55,3424,5,14400,1.01606308411
508358,508455,510986,97,2531,5,14400,1.03832477282
508450,508468,511076,18,2608,5,14400,1.00690184049
508471,508610,511753,139,3143,5,14400,1.04422526249
508615,508655,511935,40,3280,5,14400,1.01219512195
508656,508685,511338,29,2653,5,14400,1.01093102149
508687,508715,511287,28,2572,5,14400,1.01088646967
508719,508755,511370,36,2615,5,14400,1.0137667304
508760,508776,512354,16,3578,5,14400,1.00447177194
508781,508820,512190,39,3370,5,14400,1.0115727003
508822,508920,511758,98,2838,5,14400,1.03453136011
508925,509102,512362,177,3260,5,14400,1.05429447853
509099,509156,511906,57,2750,5,14400,1.02072727273
509151,509183,512782,32,3599,5,14400,1.00889135871
509182,509341,512219,159,2878,5,14400,1.0552466991
509346,510469,513184,1123,2715,5,14400,1.41362799263
510471,510776,513520,305,2744,5,14400,1.1111516035
510778,510866,513747,88,2881,5,14400,1.03054494967
510870,510977,513745,107,2768,5,14400,1.03865606936
510973,510998,514081,25,3083,5,14400,1.00810898476
510994,511071,514062,77,2991,5,14400,1.02574389836
511076,511092,513702,16,2610,5,14400,1.0061302682
511087,511125,513783,38,2658,5,14400,1.01429646351
511127,511239,512157,112,918,8,6000,1.1220043573
511240,511349,512271,109,922,8,6000,1.11822125813
511353,511475,512402,122,927,8,6000,1.13160733549
511426,511617,729241,191,217624,16,324000,1.00087766055
511438,696861,741286,185423,44425,16,324000,5.17384355656
511477,511556,512497,79,941,8,6000,1.08395324123
511547,511563,820173,16,308610,8,324000,1.00005184537
511553,519044,820480,7491,301436,8,324000,1.02485104632
511559,511777,512704,218,927,8,6000,1.23516720604
511732,572707,586719,60975,14012,12,86400,5.35162717671
511774,511918,512839,144,921,8,6000,1.15635179153
511917,511947,512857,30,910,8,6000,1.03296703297
511949,512168,513075,219,907,8,6000,1.2414553473
512164,512230,513148,66,918,8,6000,1.07189542484
512226,512282,513207,56,925,8,6000,1.06054054054
512287,512366,513291,79,925,8,6000,1.08540540541
512370,512413,513331,43,918,8,6000,1.04684095861
512411,512508,513501,97,993,8,6000,1.09768378651
512514,512716,513630,202,914,8,6000,1.22100656455
512719,512794,513713,75,919,8,6000,1.08161044614
512791,512850,513763,59,913,8,6000,1.06462212486
512852,512868,513784,16,916,8,6000,1.01746724891
512873,513087,514002,214,915,8,6000,1.23387978142
513088,513161,514080,73,919,8,6000,1.07943416757
513160,513223,514144,63,921,8,6000,1.06840390879
513222,513303,514215,81,912,8,6000,1.08881578947
513304,513342,514262,38,920,8,6000,1.04130434783
513346,513513,514436,167,923,8,6000,1.18093174431
513510,513533,514461,23,928,8,6000,1.02478448276
513531,513641,514567,110,926,8,6000,1.11879049676
513644,513725,514649,81,924,8,6000,1.08766233766
513726,513756,514681,30,925,8,6000,1.03243243243
513757,513774,514709,17,935,8,6000,1.01818181818
513778,513795,514727,17,932,8,6000,1.01824034335
513799,513805,514719,6,914,8,6000,1.00656455142
513809,514013,514933,204,920,8,6000,1.22173913043
514014,514091,515013,77,922,8,6000,1.08351409978
514096,514155,515076,59,921,8,6000,1.06406080347
514158,514226,515150,68,924,8,6000,1.07359307359
514230,514273,515194,43,921,8,6000,1.04668838219
514271,514447,515376,176,929,8,6000,1.1894510226
514445,514472,515394,27,922,8,6000,1.02928416486
514477,514578,515498,101,920,8,6000,1.1097826087
514579,514661,515589,82,928,8,6000,1.08836206897
514661,514692,515620,31,928,8,6000,1.03340517241
514692,514720,515643,28,923,8,6000,1.03033586132
514723,514730,515651,7,921,8,6000,1.00760043431
514734,514766,515697,32,931,8,6000,1.03437164339
514765,514949,515875,184,926,8,6000,1.19870410367
514951,515026,515951,75,925,8,6000,1.08108108108
515023,515087,516012,64,925,8,6000,1.06918918919
515084,515163,516111,79,948,8,6000,1.08333333333
515166,515206,516136,40,930,8,6000,1.04301075269
515208,515392,516315,184,923,8,6000,1.19934994583
515392,515413,516330,21,917,8,6000,1.02290076336
515413,515515,516440,102,925,8,6000,1.11027027027
515515,515600,516542,85,942,8,6000,1.09023354565
515597,515631,516545,34,914,8,6000,1.03719912473
515628,515655,516579,27,924,8,6000,1.02922077922
515660,515666,516597,6,931,8,6000,1.00644468314
515670,515708,516635,38,927,8,6000,1.04099244876
515711,515886,516820,175,934,8,6000,1.18736616702
515885,515962,516891,77,929,8,6000,1.08288482239
515967,516023,516944,56,921,8,6000,1.06080347448
516029,516122,517040,93,918,8,6000,1.10130718954
516121,516147,517077,26,930,8,6000,1.02795698925
516152,516327,517258,175,931,8,6000,1.18796992481
516326,516341,517268,15,927,8,6000,1.01618122977
516347,516453,517376,106,923,8,6000,1.11484290358
516449,516459,517388,10,929,8,6000,1.01076426265
516460,516553,517477,93,924,8,6000,1.10064935065
516552,516559,517490,7,931,8,6000,1.00751879699
516563,516590,517514,27,924,8,6000,1.02922077922
516594,516608,517537,14,929,8,6000,1.01506996771
516604,516647,517574,43,927,8,6000,1.04638619202
516646,516832,517770,186,938,8,6000,1.19829424307
516830,516903,517832,73,929,8,6000,1.07857911733
516901,516955,517888,54,933,8,6000,1.0578778135
516953,517051,517971,98,920,8,6000,1.10652173913
517055,517088,518084,33,996,8,6000,1.03313253012
517086,517271,518207,185,936,8,6000,1.19764957265
517270,517280,518209,10,929,8,6000,1.01076426265
517281,517388,518326,107,938,8,6000,1.11407249467
517394,517399,518343,5,944,8,6000,1.00529661017
517404,517488,518411,84,923,8,6000,1.09100758397
517486,517501,518424,15,923,8,6000,1.01625135428
517497,517526,518460,29,934,8,6000,1.03104925054
517528,517548,518474,20,926,8,6000,1.02159827214
517549,517585,518516,36,931,8,6000,1.03866809882
517590,517781,518721,191,940,8,6000,1.20319148936
517784,517843,518771,59,928,8,6000,1.06357758621
517846,517899,518831,53,932,8,6000,1.05686695279
517897,517983,518919,86,936,8,6000,1.09188034188
517979,518095,519032,116,937,8,6000,1.12379935966
518092,518218,519144,126,926,8,6000,1.13606911447
518215,518224,519163,9,939,8,6000,1.00958466454
518225,518338,519278,113,940,8,6000,1.12021276596
518338,518354,519292,16,938,8,6000,1.0170575693
518359,518422,519348,63,926,8,6000,1.06803455724
518421,518434,519377,13,943,8,6000,1.01378579003
518431,518440,519376,9,936,8,6000,1.00961538462
518442,518471,519402,29,931,8,6000,1.03114930183
518473,518485,519417,12,932,8,6000,1.01287553648
518484,518528,519464,44,936,8,6000,1.04700854701
518525,518732,519672,207,940,8,6000,1.22021276596
518738,518784,523454,46,4670,5,14400,1.00985010707
518779,518790,523408,11,4618,5,14400,1.00238198354
518790,518842,523310,52,4468,5,14400,1.01163831692
518841,518930,523690,89,4760,5,14400,1.01869747899
518933,518940,523390,7,4450,5,14400,1.00157303371
518944,519156,523355,212,4199,5,14400,1.05048821148
519159,519165,523822,6,4657,5,14400,1.00128838308
519170,519176,523362,6,4186,5,14400,1.00143334926
519180,519186,523482,6,4296,5,14400,1.00139664804
519191,519290,523843,99,4553,5,14400,1.02174390512
519293,519303,523373,10,4070,5,14400,1.00245700246
519304,519310,523272,6,3962,5,14400,1.00151438667
519315,519360,524321,45,4961,5,14400,1.00907075186
519356,519366,523322,10,3956,5,14400,1.00252780586
519366,519388,523682,22,4294,5,14400,1.00512342804
519387,519394,523686,7,4292,5,14400,1.00163094129
519398,519404,523319,6,3915,5,14400,1.00153256705
519409,519415,523573,6,4158,5,14400,1.00144300144
519419,519425,523597,6,4172,5,14400,1.00143815916
519430,519436,524392,6,4956,5,14400,1.00121065375
519440,519475,523742,35,4267,5,14400,1.00820248418
519472,519481,524277,9,4796,5,14400,1.0018765638
519482,519683,524330,201,4647,5,14400,1.04325371207
519687,519693,524197,6,4504,5,14400,1.0013321492
519697,520737,525435,1040,4698,5,14400,1.22137079608
520738,521323,525899,585,4576,5,14400,1.12784090909
521320,522424,526463,1104,4039,5,14400,1.27333498391
522421,523284,527991,863,4707,5,14400,1.18334395581
523280,523322,527775,42,4453,5,14400,1.0094318437
523321,523330,527303,9,3973,5,14400,1.00226529071
523331,523338,527251,7,3913,5,14400,1.00178890877
523342,523366,527730,24,4364,5,14400,1.0054995417
523363,523373,527642,10,4269,5,14400,1.00234246896
523374,523384,527270,10,3886,5,14400,1.0025733402
523384,523401,527570,17,4169,5,14400,1.00407771648
523405,523419,527318,14,3899,5,14400,1.00359066427
523416,523465,528188,49,4723,5,14400,1.0103747618
523467,523493,528086,26,4593,5,14400,1.00566078816
523498,523584,528324,86,4740,5,14400,1.01814345992
523580,523609,527614,29,4005,5,14400,1.00724094881
523611,523693,527439,82,3746,5,14400,1.02189001602
523693,523699,528396,6,4697,5,14400,1.00127741111
523704,523710,527619,6,3909,5,14400,1.00153491942
523715,523753,527585,38,3832,5,14400,1.00991649269
523756,523834,528705,78,4871,5,14400,1.01601313899
523838,523854,527881,16,4027,5,14400,1.00397318103
523859,524208,528836,349,4628,5,14400,1.07541054451
524206,524289,528652,83,4363,5,14400,1.01902360761
524288,524333,528901,45,4568,5,14400,1.00985113835
524329,524341,528191,12,3850,5,14400,1.00311688312
524340,524403,528771,63,4368,5,14400,1.01442307692
524402,525447,529756,1045,4309,5,14400,1.24251566489
525442,525910,530383,468,4473,5,14400,1.1046277666
525911,526474,530177,563,3703,5,14400,1.15203888739
526472,527262,531497,790,4235,5,14400,1.186540732
527112,527631,527640,519,9,1,3600,52.8
527260,527281,531361,21,4080,5,14400,1.00514705882
527281,527314,532210,33,4896,5,14400,1.00674019608
527312,527329,532210,17,4881,5,14400,1.00348289285
527333,527452,532104,119,4652,5,14400,1.02558039553
527456,527581,532678,125,5097,5,14400,1.02452422994
527578,527597,531685,19,4088,5,14400,1.00464774951
527599,527625,531718,26,4093,5,14400,1.00635230882
527630,527650,532286,20,4636,5,14400,1.00431406385
527651,527657,532319,6,4662,5,14400,1.00128700129
527662,527742,531627,80,3885,5,14400,1.02059202059
527744,527786,531681,42,3895,5,14400,1.0107830552
527747,532227,532359,4480,132,1,3600,34.9393939394
527785,527892,531908,107,4016,5,14400,1.02664342629
527898,528003,531954,105,3951,5,14400,1.02657555049
528000,528097,532338,97,4241,5,14400,1.02287196416
528102,528199,532638,97,4439,5,14400,1.02185176842
528195,528205,532936,10,4731,5,14400,1.00211371803
528205,528336,532408,131,4072,5,14400,1.03217092338
528339,528407,533233,68,4826,5,14400,1.01409034397
528410,528663,533328,253,4665,5,14400,1.05423365488
528666,528716,533128,50,4412,5,14400,1.01133272892
528717,528783,532807,66,4024,5,14400,1.01640159046
528779,528847,532716,68,3869,5,14400,1.01757560093
528851,528912,533645,61,4733,5,14400,1.01288823157
528912,529767,533873,855,4106,5,14400,1.20823185582
529769,530188,534143,419,3955,5,14400,1.10594184576
530189,530395,535343,206,4948,5,14400,1.04163298302
530394,531372,536210,978,4838,5,14400,1.20214964862
530672,532947,532955,2275,8,1,1800,228.3
531010,532953,533112,1943,159,1,3600,13.2201257862
531373,531510,535717,137,4207,5,14400,1.032564773
531506,531638,535469,132,3831,5,14400,1.03445575568
531639,531693,535662,54,3969,5,14400,1.01360544218
531691,531700,536383,9,4683,5,14400,1.00192184497
531701,531729,536598,28,4869,5,14400,1.00575066749
531732,531919,536435,187,4516,5,14400,1.04140832595
531917,531965,536893,48,4928,5,14400,1.00974025974
531968,532115,536138,147,4023,5,14400,1.0365398956
532111,532221,536924,110,4703,5,14400,1.02338932596
532224,532297,536828,73,4531,5,14400,1.01611123372
532296,532330,536647,34,4317,5,14400,1.0078758397
532327,532349,536846,22,4497,5,14400,1.00489215032
532348,532365,536310,17,3945,5,14400,1.00430925222
532369,532419,536544,50,4125,5,14400,1.01212121212
532421,532650,537190,229,4540,5,14400,1.05044052863
532494,532958,533267,464,309,1,3600,2.50161812298
532646,532690,536808,44,4118,5,14400,1.01068479845
532687,532727,536964,40,4237,5,14400,1.00944064196
532728,532819,536888,91,4069,5,14400,1.02236421725
532818,533139,534540,321,1401,8,6000,1.22912205567
533124,533130,533212,6,82,1,1800,1.07317073171
533135,533339,534767,204,1428,8,6000,1.14285714286
533239,533245,533560,6,315,1,3600,1.01904761905
533339,533656,535079,317,1423,8,6000,1.22276879831
533458,533570,533674,112,104,1,1800,2.07692307692
533512,533684,534431,172,747,1,3600,1.23025435074
533656,534154,535608,498,1454,8,6000,1.34250343879
533793,533885,534617,92,732,1,3600,1.12568306011
534156,534551,535943,395,1392,8,6000,1.28376436782
534239,534245,534640,6,395,1,1800,1.01518987342
534554,534779,536179,225,1400,8,6000,1.16071428571
534779,535090,536510,311,1420,8,6000,1.21901408451
535085,535354,536751,269,1397,8,6000,1.19255547602
535308,535481,535488,173,7,1,1800,18.0
535348,535486,535680,138,194,1,3600,1.71134020619
535351,535619,537027,268,1408,8,6000,1.19034090909
535468,535491,535709,23,218,1,3600,1.10550458716
535616,535674,537081,58,1407,8,6000,1.04122245913
535678,535954,537365,276,1411,8,6000,1.19560595322
535744,535750,535796,6,46,1,1800,1.13043478261
535809,535815,536269,6,454,1,3600,1.01321585903
535833,535839,536334,6,495,1,3600,1.01212121212
535954,536149,537562,195,1413,8,6000,1.13800424628
536067,536221,536312,154,91,1,1800,2.69230769231
536148,536191,537611,43,1420,8,6000,1.03028169014
536190,536318,537733,128,1415,8,6000,1.09045936396
536323,536394,537817,71,1423,8,6000,1.0498945889
536395,536446,537859,51,1413,8,6000,1.03609341826
536446,536521,537916,75,1395,8,6000,1.05376344086
536518,536610,538020,92,1410,8,6000,1.06524822695
536557,536615,537399,58,784,1,3600,1.07397959184
536602,536620,537188,18,568,1,3600,1.03169014085
536611,536762,538179,151,1417,8,6000,1.10656316161
536765,536819,538225,54,1406,8,6000,1.03840682788
536816,536857,538263,41,1406,8,6000,1.02916073969
536857,536899,538306,42,1407,8,6000,1.02985074627
536899,536936,538363,37,1427,8,6000,1.02592852137
536938,537198,537464,260,266,1,1800,1.97744360902
536940,536975,538400,35,1425,8,6000,1.02456140351
536971,537039,538450,68,1411,8,6000,1.04819277108
537043,537092,538502,49,1410,8,6000,1.03475177305
537094,537376,538792,282,1416,8,6000,1.19915254237
537380,537574,539000,194,1426,8,6000,1.13604488079
537574,537623,539033,49,1410,8,6000,1.03475177305
537626,537744,539146,118,1402,8,6000,1.08416547789
537749,537828,539239,79,1411,8,6000,1.05598866052
537831,537871,539279,40,1408,8,6000,1.02840909091
537872,537927,539336,55,1409,8,6000,1.03903477644
537923,538032,539456,109,1424,8,6000,1.07654494382
538036,538190,539599,154,1409,8,6000,1.10929737402
538189,538237,539645,48,1408,8,6000,1.03409090909
538241,538274,539696,33,1422,8,6000,1.02320675105
538272,538317,539728,45,1411,8,6000,1.03189227498
538313,538374,539793,61,1419,8,6000,1.04298801973
538368,538380,538461,12,81,1,1800,1.14814814815
538375,538412,539834,37,1422,8,6000,1.02601969058
538416,538461,539887,45,1426,8,6000,1.03155680224
538458,538513,539947,55,1434,8,6000,1.03835425384
538509,538803,540232,294,1429,8,6000,1.20573827852
538704,538710,538803,6,93,1,1800,1.06451612903
538805,539011,540425,206,1414,8,6000,1.14568599717
539010,539044,540467,34,1423,8,6000,1.02389318342
539041,539157,540650,116,1493,8,6000,1.07769591427
539153,539251,540683,98,1432,8,6000,1.06843575419
539256,539290,540718,34,1428,8,6000,1.02380952381
539287,539347,540810,60,1463,8,6000,1.04101161996
539322,539328,539691,6,363,1,1800,1.01652892562
539348,539467,540877,119,1410,8,6000,1.08439716312
539471,539610,541029,139,1419,8,6000,1.09795630726
539615,539656,541070,41,1414,8,6000,1.02899575672
539656,539707,541119,51,1412,8,6000,1.03611898017
539707,539739,541143,32,1404,8,6000,1.02279202279
539738,539804,541241,66,1437,8,6000,1.04592901879
539800,539846,541264,46,1418,8,6000,1.03244005642
539842,539898,541326,56,1428,8,6000,1.03921568627
539904,539959,541416,55,1457,8,6000,1.0377487989
539955,540243,541658,288,1415,8,6000,1.2035335689
540241,540437,541862,196,1425,8,6000,1.13754385965
540436,540479,541885,43,1406,8,6000,1.03058321479
540477,540661,542093,184,1432,8,6000,1.12849162011
540661,540694,542117,33,1423,8,6000,1.02319044273
540692,540730,542149,38,1419,8,6000,1.02677942213
540733,540821,542248,88,1427,8,6000,1.06166783462
540825,540888,542308,63,1420,8,6000,1.04436619718
540852,540858,540897,6,39,1,1800,1.15384615385
540887,541040,542454,153,1414,8,6000,1.10820367751
541040,541082,542495,42,1413,8,6000,1.02972399151
541082,541130,542565,48,1435,8,6000,1.03344947735
541133,541158,542590,25,1432,8,6000,1.01745810056
541146,541152,541221,6,69,1,1800,1.08695652174
541154,541252,542684,98,1432,8,6000,1.06843575419
541256,541276,542705,20,1429,8,6000,1.01399580126
541277,541337,542752,60,1415,8,6000,1.04240282686
541339,541428,542853,89,1425,8,6000,1.06245614035
541431,541669,543119,238,1450,8,6000,1.16413793103
541666,541873,543301,207,1428,8,6000,1.14495798319
541858,541864,542104,6,240,1,1800,1.025
541870,541896,543334,26,1438,8,6000,1.01808066759
541901,542104,543519,203,1415,8,6000,1.14346289753
542106,542128,543546,22,1418,8,6000,1.01551480959
542127,542161,543585,34,1424,8,6000,1.02387640449
542158,542260,543683,102,1423,8,6000,1.07167955025
542260,542319,543754,59,1435,8,6000,1.04111498258
542322,542466,543884,144,1418,8,6000,1.10155148096
542465,542507,543947,42,1440,8,6000,1.02916666667
542506,542576,544021,70,1445,8,6000,1.04844290657
542578,542601,544025,23,1424,8,6000,1.01615168539
542599,542695,544136,96,1441,8,6000,1.0666204025
542691,542717,544146,26,1429,8,6000,1.01819454164
542722,542763,544180,41,1417,8,6000,1.02893436838
542763,542865,544284,102,1419,8,6000,1.07188160677
542866,543132,544576,266,1444,8,6000,1.18421052632
543132,543313,544752,181,1439,8,6000,1.12578179291
543316,543346,544771,30,1425,8,6000,1.02105263158
543347,543531,544974,184,1443,8,6000,1.12751212751
543530,543557,544994,27,1437,8,6000,1.01878914405
543562,543597,545033,35,1436,8,6000,1.02437325905
543593,543694,545123,101,1429,8,6000,1.07067879636
543695,543765,545197,70,1432,8,6000,1.04888268156
543767,543896,545316,129,1420,8,6000,1.09084507042
543900,543958,545383,58,1425,8,6000,1.04070175439
543959,543965,548641,6,4676,5,14400,1.00128314799
543969,544032,548598,63,4566,5,14400,1.01379763469
544031,544039,548528,8,4489,5,14400,1.00178213411
544042,544048,548882,6,4834,5,14400,1.00124120811
544052,544147,548648,95,4501,5,14400,1.0211064208
544144,544153,548351,9,4198,5,14400,1.00214387804
544155,544161,548839,6,4678,5,14400,1.0012825994
544166,544192,548226,26,4034,5,14400,1.00644521567
544197,544203,548438,6,4235,5,14400,1.00141676505
544207,544287,548854,80,4567,5,14400,1.01751696956
544279,544293,548262,14,3969,5,14400,1.00352733686
544290,544299,548282,9,3983,5,14400,1.00225960331
544301,544588,549510,287,4922,5,14400,1.05830963023
544587,544594,548709,7,4115,5,14400,1.00170109356
544597,544763,549097,166,4334,5,14400,1.03830179972
544761,544783,548969,22,4186,5,14400,1.00525561395
544782,544789,548674,7,3885,5,14400,1.0018018018
544792,544985,549132,193,4147,5,14400,1.04653966723
544986,544993,549159,7,4166,5,14400,1.00168026884
544997,545005,549976,8,4971,5,14400,1.00160933414
545008,545044,549554,36,4510,5,14400,1.00798226164
545049,545055,549697,6,4642,5,14400,1.00129254632
545060,545135,549821,75,4686,5,14400,1.01600512164
545131,545209,549691,78,4482,5,14400,1.01740294511
545214,545220,550009,6,4789,5,14400,1.00125287116
545224,545328,549920,104,4592,5,14400,1.02264808362
545327,545334,549364,7,4030,5,14400,1.0017369727
545337,545394,550040,57,4646,5,14400,1.01226861817
545399,548238,552684,2839,4446,5,14400,1.63855150697
548236,548273,552193,37,3920,5,14400,1.00943877551
548277,548293,552256,16,3963,5,14400,1.00403734545
548298,548362,552788,64,4426,5,14400,1.01446000904
548359,548449,552788,90,4339,5,14400,1.02074210648
548452,548539,552434,87,3895,5,14400,1.02233632863
548544,548610,552928,66,4318,5,14400,1.0152848541
548616,548652,552764,36,4112,5,14400,1.00875486381
548657,548663,553321,6,4658,5,14400,1.00128810648
548668,548685,553162,17,4477,5,14400,1.00379718562
548689,548720,553638,31,4918,5,14400,1.00630337536
548720,548851,552841,131,3990,5,14400,1.0328320802
548853,548866,552626,13,3760,5,14400,1.00345744681
548863,548894,553483,31,4589,5,14400,1.00675528438
548895,548980,552906,85,3926,5,14400,1.0216505349
548977,549108,553004,131,3896,5,14400,1.03362422998
549110,549143,553932,33,4789,5,14400,1.0068907914
549141,549172,553303,31,4131,5,14400,1.00750423626
549172,549376,553926,204,4550,5,14400,1.04483516484
549377,549522,553898,145,4376,5,14400,1.03313528336
549520,549566,554111,46,4545,5,14400,1.0101210121
549571,549702,553627,131,3925,5,14400,1.03337579618
549704,549711,554019,7,4308,5,14400,1.00162488394
549715,549833,554209,118,4376,5,14400,1.02696526508
549838,549931,554326,93,4395,5,14400,1.02116040956
549930,549987,553641,57,3654,5,14400,1.01559934319
549992,550020,554189,28,4169,5,14400,1.00671623891
550023,550052,554101,29,4049,5,14400,1.00716226229
550054,550255,555029,201,4774,5,14400,1.04210305823
550258,550265,554988,7,4723,5,14400,1.00148210883
550269,552204,556829,1935,4625,5,14400,1.41837837838
550725,550733,550932,8,199,1,300,1.04020100503
551602,551609,551802,7,193,1,300,1.03626943005
552207,552269,557480,62,5211,5,14400,1.01189790827
552268,552445,556461,177,4016,5,14400,1.04407370518
552442,552637,556670,195,4033,5,14400,1.0483511034
552636,552695,557365,59,4670,5,14400,1.01263383298
552698,552776,557433,78,4657,5,14400,1.01674898003
552780,552800,556721,20,3921,5,14400,1.00510073961
552801,552807,556718,6,3911,5,14400,1.00153413449
552812,552853,556903,41,4050,5,14400,1.01012345679
552834,552840,560752,6,7912,1,36000,1.00075834176
552853,552917,556881,64,3964,5,14400,1.01614530777
552915,552941,557108,26,4167,5,14400,1.00623950084
552946,553015,557377,69,4362,5,14400,1.01581843191
553018,553173,557791,155,4618,5,14400,1.03356431356
553171,553314,557429,143,4115,5,14400,1.0347509113
553315,553332,558097,17,4765,5,14400,1.00356768101
553336,553495,558356,159,4861,5,14400,1.03270931907
553500,553638,558020,138,4382,5,14400,1.03149246919
553634,553650,557705,16,4055,5,14400,1.00394574599
553655,553661,557513,6,3852,5,14400,1.0015576324
553665,553910,558440,245,4530,5,14400,1.05408388521
553911,553937,558151,26,4214,5,14400,1.00616990982
553942,553948,557872,6,3924,5,14400,1.00152905199
553952,554030,558858,78,4828,5,14400,1.01615575808
554034,554112,558925,78,4813,5,14400,1.01620610846
554116,554122,558426,6,4304,5,14400,1.00139405204
554127,554200,558033,73,3833,5,14400,1.01904513436
554199,554221,558169,22,3948,5,14400,1.00557244174
554220,554337,558960,117,4623,5,14400,1.0253082414
554343,555000,559962,657,4962,5,14400,1.13240628779
555006,555040,559558,34,4518,5,14400,1.00752545374
555037,556472,561222,1435,4750,5,14400,1.30210526316
555257,585094,604785,29837,19691,8,172800,2.51526077904
556477,556682,560749,205,4067,5,14400,1.05040570445
556681,556729,561492,48,4763,5,14400,1.01007768213
556733,556739,561220,6,4481,5,14400,1.00133898683
556743,556840,561108,97,4268,5,14400,1.02272727273
556846,556892,561398,46,4506,5,14400,1.01020861074
556897,556915,560968,18,4053,5,14400,1.0044411547
556918,557120,561273,202,4153,5,14400,1.04863953768
557122,557377,561983,255,4606,5,14400,1.05536257056
557378,557388,561494,10,4106,5,14400,1.0024354603
557388,557442,561627,54,4185,5,14400,1.01290322581
557440,557448,561395,8,3947,5,14400,1.00202685584
557448,557524,558945,76,1421,8,6000,1.05348346235
557530,557803,559216,273,1413,8,6000,1.1932059448
557806,557883,559294,77,1411,8,6000,1.05457122608
557888,558045,559444,157,1399,8,6000,1.11222301644
558041,558110,559530,69,1420,8,6000,1.0485915493
558113,558181,559593,68,1412,8,6000,1.04815864023
558185,558438,559852,253,1414,8,6000,1.17892503536
558440,558451,559909,11,1458,8,6000,1.00754458162
558451,558936,560372,485,1436,8,6000,1.33774373259
558941,558956,560412,15,1456,8,6000,1.0103021978
558952,558972,560370,20,1398,8,6000,1.01430615165
558973,559227,560625,254,1398,8,6000,1.18168812589
559228,559306,560704,78,1398,8,6000,1.05579399142
559310,559455,560866,145,1411,8,6000,1.10276399717
559453,559541,560958,88,1417,8,6000,1.06210303458
559545,559604,561012,59,1408,8,6000,1.04190340909
559607,559863,561275,256,1412,8,6000,1.18130311615
559862,559920,561417,58,1497,8,6000,1.03874415498
559924,559973,561409,49,1436,8,6000,1.03412256267
559975,560382,561802,407,1420,8,6000,1.28661971831
560384,560390,561795,6,1405,8,6000,1.00427046263
560394,560424,561849,30,1425,8,6000,1.02105263158
560426,560636,562084,210,1448,8,6000,1.14502762431
560640,560715,562146,75,1431,8,6000,1.05241090147
560712,560764,562205,52,1441,8,6000,1.03608605135
560763,560878,562292,115,1414,8,6000,1.08132956153
560876,560969,562379,93,1410,8,6000,1.06595744681
560968,561024,562449,56,1425,8,6000,1.03929824561
561030,561119,562527,89,1408,8,6000,1.06321022727
561122,561233,562637,111,1404,8,6000,1.07905982906
561234,561284,562697,50,1413,8,6000,1.03538570418
561286,561292,562742,6,1450,8,6000,1.00413793103
561296,561409,562825,113,1416,8,6000,1.07980225989
561409,561420,562844,11,1424,8,6000,1.0077247191
561419,561429,562836,10,1407,8,6000,1.00710732054
561430,561503,562954,73,1451,8,6000,1.05031013094
561502,561638,563040,136,1402,8,6000,1.0970042796
561635,561806,563212,171,1406,8,6000,1.12162162162
561809,561815,563228,6,1413,8,6000,1.0042462845
561820,561860,563278,40,1418,8,6000,1.02820874471
561861,562095,563526,234,1431,8,6000,1.16352201258
562096,562157,563572,61,1415,8,6000,1.04310954064
562157,562216,563628,59,1412,8,6000,1.04178470255
562219,562303,563761,84,1458,8,6000,1.05761316872
562227,702960,848521,140733,145561,18,198000,1.96683177499
562301,562390,563809,89,1419,8,6000,1.06272022551
562393,562460,563883,67,1423,8,6000,1.04708362614
562465,562538,563955,73,1417,8,6000,1.05151729005
562537,562648,564092,111,1444,8,6000,1.07686980609
562649,562708,564143,59,1435,8,6000,1.04111498258
562711,562753,564161,42,1408,8,6000,1.02982954545
562752,562836,564280,84,1444,8,6000,1.05817174515
562834,562847,564301,13,1454,8,6000,1.00894085282
562845,562855,564284,10,1429,8,6000,1.00699790063
562855,562965,564391,110,1426,8,6000,1.07713884993
562968,563051,564476,83,1425,8,6000,1.05824561404
563050,563223,564656,173,1433,8,6000,1.12072575017
563223,563240,564658,17,1418,8,6000,1.0119887165
563244,563537,564966,293,1429,8,6000,1.20503848845
563540,563584,565001,44,1417,8,6000,1.03105151729
563581,563640,565118,59,1478,8,6000,1.0399188092
563643,563772,565201,129,1429,8,6000,1.09027291812
563776,563820,565243,44,1423,8,6000,1.0309205903
563817,563894,565324,77,1430,8,6000,1.05384615385
563899,563966,565400,67,1434,8,6000,1.04672245467
563971,564104,565529,133,1425,8,6000,1.09333333333
564104,564154,565571,50,1417,8,6000,1.0352858151
564155,564172,565615,17,1443,8,6000,1.01178101178
564176,564291,565714,115,1423,8,6000,1.0808151792
564289,564298,565708,9,1410,8,6000,1.00638297872
564299,564312,565741,13,1429,8,6000,1.00909727082
564310,564403,565894,93,1491,8,6000,1.06237424547
564402,564487,565926,85,1439,8,6000,1.05906879778
564484,564668,566095,184,1427,8,6000,1.12894183602
564668,564675,566107,7,1432,8,6000,1.00488826816
564679,564977,566404,298,1427,8,6000,1.20882971268
564975,565012,566421,37,1409,8,6000,1.02625975869
565016,565130,566568,114,1438,8,6000,1.0792767733
565128,565214,566634,86,1420,8,6000,1.06056338028
565210,565254,566682,44,1428,8,6000,1.03081232493
565252,565336,566771,84,1435,8,6000,1.05853658537
565334,565411,566830,77,1419,8,6000,1.05426356589
565416,565541,566986,125,1445,8,6000,1.08650519031
565538,565582,567005,44,1423,8,6000,1.0309205903
565579,565627,567062,48,1435,8,6000,1.03344947735
565631,565720,567168,89,1448,8,6000,1.0614640884
565723,565729,567157,6,1428,8,6000,1.00420168067
565734,565752,567325,18,1573,8,6000,1.01144310235
565894,565937,567370,43,1433,8,6000,1.03000697837
565935,565944,567372,9,1428,8,6000,1.00630252101
565946,566106,567539,160,1433,8,6000,1.11165387299
566109,566118,567538,9,1420,8,6000,1.00633802817
566120,566416,567846,296,1430,8,6000,1.20699300699
566416,566432,567865,16,1433,8,6000,1.0111653873
566437,566580,567993,143,1413,8,6000,1.10120311394
566580,566645,568086,65,1441,8,6000,1.04510756419
566642,566693,568141,51,1448,8,6000,1.03522099448
566693,566783,568211,90,1428,8,6000,1.06302521008
566785,566841,568256,56,1415,8,6000,1.03957597173
566847,566997,568424,150,1427,8,6000,1.10511562719
567000,567016,568446,16,1430,8,6000,1.01118881119
567018,567073,571855,55,4782,5,14400,1.01150146382
567070,567079,571755,9,4676,5,14400,1.00192472198
567080,567168,572047,88,4879,5,14400,1.01803648289
567173,567179,571594,6,4415,5,14400,1.0013590034
567183,567189,571696,6,4507,5,14400,1.00133126248
567194,567336,571621,142,4285,5,14400,1.03313885648
567337,567343,572301,6,4958,5,14400,1.00121016539
567348,567381,571350,33,3969,5,14400,1.00831443689
567379,567388,571730,9,4342,5,14400,1.00207277752
567389,567395,572167,6,4772,5,14400,1.00125733445
567400,567549,571645,149,4096,5,14400,1.03637695312
567553,567559,571714,6,4155,5,14400,1.00144404332
567564,567570,572873,6,5303,5,14400,1.00113143504
567575,567857,571940,282,4083,5,14400,1.0690668626
567861,567867,572443,6,4576,5,14400,1.00131118881
567871,567877,572104,6,4227,5,14400,1.00141944642
567882,568005,571869,123,3864,5,14400,1.03183229814
568005,568011,572493,6,4482,5,14400,1.00133868809
568015,568098,572696,83,4598,5,14400,1.01805132666
568097,568152,573381,55,5229,5,14400,1.01051826353
568149,568159,572509,10,4350,5,14400,1.00229885057
568160,568223,572662,63,4439,5,14400,1.01419238567
568221,568229,572938,8,4709,5,14400,1.0016988745
568232,568267,572709,35,4442,5,14400,1.00787933363
568263,568435,573040,172,4605,5,14400,1.03735070575
568342,585913,605843,17571,19930,8,172800,1.88163572504
568437,568443,573549,6,5106,5,14400,1.00117508813
568447,568457,572320,10,3863,5,14400,1.00258866166
568458,571361,575797,2903,4436,5,14400,1.65441839495
569232,586730,606244,17498,19514,8,172800,1.89668955622
570665,572318,860364,1653,288046,1,288000,1.00573866674
571359,571605,576188,246,4583,5,14400,1.05367663103
571604,571632,575601,28,3969,5,14400,1.00705467372
571635,571656,575567,21,3911,5,14400,1.00536947072
571656,571707,576096,51,4389,5,14400,1.01161995899
571708,571725,575990,17,4265,5,14400,1.003985932
571729,571741,575661,12,3920,5,14400,1.00306122449
571739,571766,576078,27,4312,5,14400,1.00626159555
571770,571867,575843,97,3976,5,14400,1.02439637827
571864,571880,576764,16,4884,5,14400,1.00327600328
571885,571951,576507,66,4556,5,14400,1.01448639157
571948,572058,576678,110,4620,5,14400,1.02380952381
572061,572115,576062,54,3947,5,14400,1.01368127692
572112,572178,576209,66,4031,5,14400,1.01637310841
572174,572312,576703,138,4391,5,14400,1.03142792075
572317,572331,576209,14,3878,5,14400,1.0036101083
572327,572455,576362,128,3907,5,14400,1.03276170975
572450,572505,577258,55,4753,5,14400,1.01157163896
572502,572520,576934,18,4414,5,14400,1.00407793385
572523,572673,577506,150,4833,5,14400,1.03103662322
572676,572713,576870,37,4157,5,14400,1.00890064951
572717,572723,577193,6,4470,5,14400,1.00134228188
572728,572884,576851,156,3967,5,14400,1.03932442652
572881,572949,577274,68,4325,5,14400,1.01572254335
572953,573052,577193,99,4141,5,14400,1.02390726878
573055,573393,577902,338,4509,5,14400,1.07496118873
573392,573560,577506,168,3946,5,14400,1.04257475925
573556,575423,579763,1867,4340,5,14400,1.4301843318
575422,575429,579569,7,4140,5,14400,1.00169082126
575433,575439,580088,6,4649,5,14400,1.00129060013
575444,575579,580647,135,5068,5,14400,1.02663772691
575577,575613,580612,36,4999,5,14400,1.00720144029
575618,575672,580175,54,4503,5,14400,1.01199200533
575669,575808,579856,139,4048,5,14400,1.03433794466
575813,575854,579828,41,3974,5,14400,1.0103170609
575854,576002,580446,148,4444,5,14400,1.03330333033
576008,576073,580834,65,4761,5,14400,1.01365259399
576069,576089,580341,20,4252,5,14400,1.00470366886
576090,576107,580083,17,3976,5,14400,1.00427565392
576111,576199,580164,88,3965,5,14400,1.02219419924
576203,576221,579988,18,3767,5,14400,1.0047783382
576224,576230,580376,6,4146,5,14400,1.001447178
576235,576373,580613,138,4240,5,14400,1.03254716981
576378,576519,581587,141,5068,5,14400,1.02782162589
576521,576689,580713,168,4024,5,14400,1.04174950298
576685,576715,581317,30,4602,5,14400,1.00651890482
576716,576776,581599,60,4823,5,14400,1.0124403898
576778,576863,581631,85,4768,5,14400,1.01782718121
576860,576881,580923,21,4042,5,14400,1.0051954478
576881,576945,580866,64,3921,5,14400,1.01632236674
576942,577205,581874,263,4669,5,14400,1.05632897837
577208,577214,581108,6,3894,5,14400,1.00154083205
577218,577269,581163,51,3894,5,14400,1.01309707242
577270,577285,582236,15,4951,5,14400,1.00302969097
577291,577517,582528,226,5011,5,14400,1.04510077829
577515,577523,581838,8,4315,5,14400,1.00185399768
577526,577914,581887,388,3973,5,14400,1.0976591996
577914,579580,583641,1666,4061,5,14400,1.41024378232
578636,578642,579703,6,1061,1,28800,1.00565504241
578657,579713,580699,1056,986,1,14400,2.07099391481
578786,587571,671607,8785,84036,8,86400,1.10453853111
579577,579774,584575,197,4801,5,14400,1.0410331181
579771,579839,585019,68,5180,5,14400,1.01312741313
579843,579867,584437,24,4570,5,14400,1.00525164114
579863,580000,584909,137,4909,5,14400,1.02790792422
579997,580094,584102,97,4008,5,14400,1.02420159681
580099,580105,584817,6,4712,5,14400,1.00127334465
580110,580176,584684,66,4508,5,14400,1.01464063886
580181,580187,584685,6,4498,5,14400,1.00133392619
580192,580352,584788,160,4436,5,14400,1.03606853021
580356,580387,584413,31,4026,5,14400,1.00769995032
580387,580457,585098,70,4641,5,14400,1.01508295626
580458,580623,585082,165,4459,5,14400,1.03700381251
580622,580630,584845,8,4215,5,14400,1.00189798339
580633,580658,584738,25,4080,5,14400,1.00612745098
580654,580725,584611,71,3886,5,14400,1.01827071539
580725,580878,582302,153,1424,8,6000,1.10744382022
580878,580935,582425,57,1490,8,6000,1.03825503356
580940,581174,582603,234,1429,8,6000,1.16375087474
581175,581329,582748,154,1419,8,6000,1.10852713178
581328,581610,583036,282,1426,8,6000,1.19775596073
581614,581849,583272,235,1423,8,6000,1.16514406184
581849,581885,583304,36,1419,8,6000,1.02536997886
581890,582247,583666,357,1419,8,6000,1.25158562368
582188,583652,583653,1464,1,1,18000,146.5
582248,582313,583739,65,1426,8,6000,1.04558204769
582309,582436,583853,127,1417,8,6000,1.08962597036
582432,582539,584037,107,1498,8,6000,1.07142857143
582535,582615,584031,80,1416,8,6000,1.05649717514
582617,582759,584185,142,1426,8,6000,1.09957924264
582760,583047,584476,287,1429,8,6000,1.20083974808
583046,583283,584709,237,1426,8,6000,1.16619915849
583281,583316,584733,35,1417,8,6000,1.02470007057
583312,583677,585102,365,1425,8,6000,1.25614035088
583679,583751,585178,72,1427,8,6000,1.05045550105
583751,583864,585286,113,1422,8,6000,1.07946554149
583864,584042,585471,178,1429,8,6000,1.12456263121
584038,584048,585486,10,1438,8,6000,1.00695410292
584048,584114,585531,66,1417,8,6000,1.04657727594
584110,584196,585622,86,1426,8,6000,1.0603085554
584192,584449,585885,257,1436,8,6000,1.17896935933
584448,584487,585901,39,1414,8,6000,1.02758132956
584489,584586,586069,97,1483,8,6000,1.06540795684
584592,584695,586120,103,1425,8,6000,1.07228070175
584694,584701,586121,7,1420,8,6000,1.00492957746
584705,584722,586152,17,1430,8,6000,1.01188811189
584725,584744,586158,19,1414,8,6000,1.01343705799
584746,584799,586224,53,1425,8,6000,1.03719298246
584798,584856,586280,58,1424,8,6000,1.04073033708
584859,584920,586355,61,1435,8,6000,1.0425087108
584921,585110,586535,189,1425,8,6000,1.13263157895
585105,585116,586538,11,1422,8,6000,1.00773558368
585116,585189,586606,73,1417,8,6000,1.05151729005
585187,585299,586730,112,1431,8,6000,1.07826694619
585300,585482,586912,182,1430,8,6000,1.12727272727
585484,585498,586920,14,1422,8,6000,1.00984528833
585495,585543,586972,48,1429,8,6000,1.03358992302
585547,585634,587071,87,1437,8,6000,1.06054279749
585640,585897,587332,257,1435,8,6000,1.17909407666
585895,586080,587495,185,1415,8,6000,1.13074204947
586079,586132,587560,53,1428,8,6000,1.03711484594
586130,586138,587566,8,1428,8,6000,1.0056022409
586141,586164,587594,23,1430,8,6000,1.01608391608
586162,586170,587600,8,1430,8,6000,1.00559440559
586172,586235,587662,63,1427,8,6000,1.04414856342
586234,586291,587726,57,1435,8,6000,1.03972125436
586296,586367,587821,71,1454,8,6000,1.04883081155
586367,586547,587973,180,1426,8,6000,1.12622720898
586551,586557,587996,6,1439,8,6000,1.0041695622
586562,586617,588034,55,1417,8,6000,1.03881439661
586613,586741,588185,128,1444,8,6000,1.08864265928
586746,586923,588352,177,1429,8,6000,1.12386284115
586920,586932,588351,12,1419,8,6000,1.00845665962
586930,586983,588423,53,1440,8,6000,1.03680555556
586932,878455,880579,291523,2124,12,129600,138.251883239
586982,587082,588526,100,1444,8,6000,1.06925207756
587084,587343,588796,259,1453,8,6000,1.17825189264
587339,587506,588925,167,1419,8,6000,1.11768851304
587503,587579,589000,76,1421,8,6000,1.05348346235
587585,587605,589042,20,1437,8,6000,1.01391788448
587606,587611,589035,5,1424,8,6000,1.00351123596
587616,587673,589087,57,1414,8,6000,1.04031117397
587678,587737,589164,59,1427,8,6000,1.04134548003
587740,587832,589275,92,1443,8,6000,1.06375606376
587832,587985,589428,153,1443,8,6000,1.10602910603
587985,588008,589456,23,1448,8,6000,1.0158839779
588006,588045,589492,39,1447,8,6000,1.02695231513
588047,588197,589624,150,1427,8,6000,1.10511562719
588158,610348,616705,22190,6357,12,28800,4.49064023911
588200,588363,589795,163,1432,8,6000,1.11382681564
588364,588370,589807,6,1437,8,6000,1.00417536534
588374,588434,589860,60,1426,8,6000,1.04207573633
588436,588537,589973,101,1436,8,6000,1.07033426184
588538,588807,590250,269,1443,8,6000,1.18641718642
588804,588936,590376,132,1440,8,6000,1.09166666667
588937,589011,590446,74,1435,8,6000,1.05156794425
589009,589046,590481,37,1435,8,6000,1.02578397213
589050,589056,590499,6,1443,8,6000,1.00415800416
589060,589098,590537,38,1439,8,6000,1.02640722724
589102,589175,590612,73,1437,8,6000,1.05080027836
589173,589286,590726,113,1440,8,6000,1.07847222222
589286,589439,590873,153,1434,8,6000,1.10669456067
589439,589467,590906,28,1439,8,6000,1.01945795691
589453,589460,598760,7,9300,1,14400,1.00075268817
589470,589503,590934,33,1431,8,6000,1.02306079665
589501,589635,591082,134,1447,8,6000,1.09260539046
589634,589806,591243,172,1437,8,6000,1.11969380654
589808,589818,591250,10,1432,8,6000,1.00698324022
589819,589871,591315,52,1444,8,6000,1.03601108033
589870,589984,591416,114,1432,8,6000,1.07960893855
589982,590153,591600,171,1447,8,6000,1.11817553559
590156,590261,591714,105,1453,8,6000,1.0722642808
590258,590387,591821,129,1434,8,6000,1.089958159
590391,590458,591896,67,1438,8,6000,1.04659248957
590453,590492,591988,39,1496,8,6000,1.02606951872
590494,590510,591959,16,1449,8,6000,1.011042098
590515,590549,591986,34,1437,8,6000,1.02366040362
590546,590623,592064,77,1441,8,6000,1.0534351145
590628,590738,592184,110,1446,8,6000,1.07607192254
590741,590884,592311,143,1427,8,6000,1.10021023125
590881,590918,595562,37,4644,5,14400,1.0079672696
590922,590929,595476,7,4547,5,14400,1.00153947658
590933,590946,595467,13,4521,5,14400,1.00287547003
590944,591094,595859,150,4765,5,14400,1.0314795383
591097,591103,595520,6,4417,5,14400,1.00135838805
591108,591255,595492,147,4237,5,14400,1.03469435922
591251,591261,596324,10,5063,5,14400,1.00197511357
591262,591268,595372,6,4104,5,14400,1.0014619883
591272,591326,595488,54,4162,5,14400,1.01297453148
591315,591618,591619,303,1,2,3540,30.4
591324,591332,595813,8,4481,5,14400,1.00178531578
591334,591427,595449,93,4022,5,14400,1.02312282447
591427,591612,595468,185,3856,5,14400,1.04797717842
591611,591624,596537,13,4913,5,14400,1.00264604112
591622,591631,595630,9,3999,5,14400,1.00225056264
591633,591639,595983,6,4344,5,14400,1.00138121547
591643,591725,595994,82,4269,5,14400,1.01920824549
591725,591833,595651,108,3818,5,14400,1.02828706129
591838,591844,595922,6,4078,5,14400,1.00147130947
591848,591907,596120,59,4213,5,14400,1.01400427249
591910,591970,596886,60,4916,5,14400,1.01220504475
591972,591978,596344,6,4366,5,14400,1.00137425561
591982,591997,596838,15,4841,5,14400,1.00309853336
591993,592004,596621,11,4617,5,14400,1.00238249946
592003,592010,596605,7,4595,5,14400,1.00152339499
592014,592075,596847,61,4772,5,14400,1.01278290025
592076,592082,596655,6,4573,5,14400,1.00131204898
592086,592196,596166,110,3970,5,14400,1.02770780856
592199,592322,597081,123,4759,5,14400,1.02584576592
592322,592328,596830,6,4502,5,14400,1.001332741
592332,595383,599291,3051,3908,5,14400,1.7807062436
595380,595461,599395,81,3934,5,14400,1.02058973055
595463,595479,599819,16,4340,5,14400,1.00368663594
595483,595490,599854,7,4364,5,14400,1.001604033
595494,595500,599321,6,3821,5,14400,1.00157026956
595505,595511,599882,6,4371,5,14400,1.0013726836
595515,595521,599488,6,3967,5,14400,1.00151247794
595526,595532,600131,6,4599,5,14400,1.00130463144
595537,595573,600153,36,4580,5,14400,1.00786026201
595578,595641,600397,63,4756,5,14400,1.01324642557
595640,595663,599582,23,3919,5,14400,1.00586884409
595660,595825,599606,165,3781,5,14400,1.04363924888
595753,612324,612330,16571,6,8,172800,1657.7
595824,595870,600462,46,4592,5,14400,1.0100174216
595875,595934,599854,59,3920,5,14400,1.01505102041
595937,595995,599896,58,3901,5,14400,1.01486798257
595998,596005,600933,7,4928,5,14400,1.00142045455
596009,596131,600198,122,4067,5,14400,1.02999754119
596132,596177,600771,45,4594,5,14400,1.00979538529
596173,596335,600730,162,4395,5,14400,1.03686006826
596336,596355,600921,19,4566,5,14400,1.00416119141
596357,596549,600482,192,3933,5,14400,1.04881769641
596550,596616,600941,66,4325,5,14400,1.01526011561
596612,596632,600979,20,4347,5,14400,1.00460087417
596633,596666,601111,33,4445,5,14400,1.00742407199
596664,596841,600647,177,3806,5,14400,1.0465055176
596837,596849,601084,12,4235,5,14400,1.00283353011
596847,596858,600968,11,4110,5,14400,1.00267639903
596858,596897,601603,39,4706,5,14400,1.00828729282
596899,597094,601832,195,4738,5,14400,1.04115660616
597093,599302,604159,2209,4857,5,14400,1.45480749434
597369,597375,723494,6,126119,2,144000,1.00004757412
597452,598770,723494,1318,124724,2,144000,1.01056733267
597481,600952,723494,3471,122542,2,144000,1.02832498245
597521,604881,723494,7360,118613,2,144000,1.06205053409
599307,599333,604487,26,5154,5,14400,1.00504462553
599338,599407,603416,69,4009,5,14400,1.01721127463
599410,599499,603479,89,3980,5,14400,1.02236180905
599502,599593,604252,91,4659,5,14400,1.01953208843
599594,599617,604200,23,4583,5,14400,1.0050185468
599615,599830,603755,215,3925,5,14400,1.05477707006
599829,599865,603858,36,3993,5,14400,1.00901577761
599871,599877,603894,6,4017,5,14400,1.00149365198
599881,599893,603812,12,3919,5,14400,1.00306200561
599892,599908,604057,16,4149,5,14400,1.00385635093
599913,600143,604600,230,4457,5,14400,1.05160421808
600148,600165,604637,17,4472,5,14400,1.00380143113
600168,600210,604266,42,4056,5,14400,1.01035502959
600210,600408,605085,198,4677,5,14400,1.04233483002
600404,600473,605173,69,4700,5,14400,1.01468085106
600476,600493,604863,17,4370,5,14400,1.00389016018
600497,600658,604721,161,4063,5,14400,1.0396258922
600660,600741,604640,81,3899,5,14400,1.02077455758
600743,600782,605390,39,4608,5,14400,1.00846354167
600785,600932,605021,147,4089,5,14400,1.03595011005
600928,600944,604905,16,3961,5,14400,1.00403938399
600949,600980,605929,31,4949,5,14400,1.0062638917
600980,600991,605911,11,4920,5,14400,1.00223577236
600990,601095,605332,105,4237,5,14400,1.02478168515
601093,601122,604915,29,3793,5,14400,1.00764566306
601124,601614,605527,490,3913,5,14400,1.1252236136
601614,601844,606430,230,4586,5,14400,1.05015263846
601849,603428,608294,1579,4866,5,14400,1.32449650637
603429,603491,607928,62,4437,5,14400,1.01397340545
603491,603824,608616,333,4792,5,14400,1.06949081803
603829,603906,607866,77,3960,5,14400,1.01944444444
603911,604069,608762,158,4693,5,14400,1.03366716386
604064,604171,608776,107,4605,5,14400,1.02323561346
604166,604212,608516,46,4304,5,14400,1.01068773234
604208,604277,608698,69,4421,5,14400,1.01560732866
604279,604611,608623,332,4012,5,14400,1.08275174477
604616,604652,608766,36,4114,5,14400,1.00875060768
604657,604734,609363,77,4629,5,14400,1.01663426226
604729,604875,608934,146,4059,5,14400,1.0359694506
