SubmitTime,StartTime,EndTime,QueuedTime,RunTime,NodesRequested,walltime,bslowdown
825,873,4759,48,3886,5,14400,1.01235203294
876,1941,6440,1065,4499,5,14400,1.23671927095
1945,2009,6428,64,4419,5,14400,1.01448291469
2006,2047,7495,41,5448,5,14400,1.0075256975
2047,2076,6915,29,4839,5,14400,1.00599297375
2078,2189,6517,111,4328,5,14400,1.02564695009
2191,2200,7246,9,5046,5,14400,1.00178359096
2201,2213,6274,12,4061,5,14400,1.00295493721
2212,2462,6381,250,3919,5,14400,1.06379178362
2467,2585,7225,118,4640,5,14400,1.02543103448
2589,2758,6805,169,4047,5,14400,1.0417593279
2763,2813,6857,50,4044,5,14400,1.01236399604
2814,2892,7572,78,4680,5,14400,1.01666666667
2896,3115,7349,219,4234,5,14400,1.05172413793
3120,3126,7816,6,4690,5,14400,1.0012793177
3131,3416,7947,285,4531,5,14400,1.06290002207
3416,3467,7488,51,4021,5,14400,1.01268341209
3467,3593,8083,126,4490,5,14400,1.0280623608
3590,3750,7934,160,4184,5,14400,1.03824091778
3753,3795,8019,42,4224,5,14400,1.00994318182
3794,3821,8470,27,4649,5,14400,1.00580770058
3825,4770,8620,945,3850,5,14400,1.24545454545
4772,4928,9267,156,4339,5,14400,1.03595298456
4925,6285,10943,1360,4658,5,14400,1.29197080292
6289,6392,11062,103,4670,5,14400,1.02205567452
6391,6439,11357,48,4918,5,14400,1.00976006507
6443,6451,11092,8,4641,5,14400,1.00172376643
6453,6528,10538,75,4010,5,14400,1.0187032419
6525,6817,11546,292,4729,5,14400,1.06174666949
6820,6869,11389,49,4520,5,14400,1.01084070796
6872,6927,11036,55,4109,5,14400,1.01338525189
6923,7236,11270,313,4034,5,14400,1.07759048091
7239,7258,11300,19,4042,5,14400,1.00470064325
7260,7360,11566,100,4206,5,14400,1.02377555873
7362,7499,11576,137,4077,5,14400,1.03360313956
7505,7511,12612,6,5101,5,14400,1.00117623995
7515,7584,12151,69,4567,5,14400,1.01510838625
7587,7828,12599,241,4771,5,14400,1.05051351918
7832,7946,12499,114,4553,5,14400,1.0250384362
7945,7958,11988,13,4030,5,14400,1.00322580645
7955,8030,12046,75,4016,5,14400,1.0186752988
8027,8095,12454,68,4359,5,14400,1.01559990824
8099,8481,12288,382,3807,5,14400,1.10034147623
8477,8635,12528,158,3893,5,14400,1.04058566658
8623,8629,8636,6,7,1,3600,1.3
8640,9278,14185,638,4907,5,14400,1.13001834115
8738,8744,8871,6,127,1,3600,1.04724409449
8989,8995,9295,6,300,1,3600,1.02
9280,10549,15334,1269,4785,5,14400,1.26520376176
9515,9522,10151,7,629,1,3600,1.01112877583
10551,10954,14906,403,3952,5,14400,1.10197368421
10643,10649,10655,6,6,1,3600,1.2
10759,10766,10857,7,91,1,3600,1.07692307692
10958,11047,14996,89,3949,5,14400,1.02253735123
10977,10983,11265,6,282,1,3600,1.02127659574
11050,11073,15947,23,4874,5,14400,1.0047189167
11071,11104,15672,33,4568,5,14400,1.00722416813
11102,11281,16045,179,4764,5,14400,1.03757346767
11286,11311,16311,25,5000,5,14400,1.005
11316,11368,15606,52,4238,5,14400,1.01226993865
11367,11401,15460,34,4059,5,14400,1.0083764474
11398,11557,16170,159,4613,5,14400,1.03446780837
11538,11544,12063,6,519,1,3600,1.01156069364
11561,11577,16091,16,4514,5,14400,1.00354452813
11582,11588,15655,6,4067,5,14400,1.00147528891
11592,11999,16225,407,4226,5,14400,1.09630856602
12002,12057,16537,55,4480,5,14400,1.01227678571
12053,12162,16143,109,3981,5,14400,1.02738005526
12167,12299,16254,132,3955,5,14400,1.03337547408
12177,12184,12192,7,8,1,1800,1.5
12299,12466,16589,167,4123,5,14400,1.04050448702
12341,12347,12423,6,76,1,1800,1.07894736842
12460,12471,12601,11,130,1,3600,1.08461538462
12463,12510,16497,47,3987,5,14400,1.01178831201
12514,12539,16758,25,4219,5,14400,1.00592557478
12544,12611,17152,67,4541,5,14400,1.01475445937
12616,12623,17785,7,5162,5,14400,1.00135606354
12626,14196,18184,1570,3988,5,14400,1.39368104313
12638,12644,12742,6,98,1,1800,1.0612244898
12717,12723,13030,6,307,1,3600,1.01954397394
13206,13212,13587,6,375,1,1800,1.016
13231,13237,13851,6,614,1,3600,1.00977198697
14193,14917,18980,724,4063,5,14400,1.17819345311
14198,14204,14212,6,8,1,1800,1.4
14358,14364,14401,6,37,1,1800,1.16216216216
14611,14618,14780,7,162,1,3600,1.04320987654
14619,14626,14709,7,83,1,1800,1.0843373494
14885,14891,15176,6,285,1,3600,1.02105263158
14914,15007,19047,93,4040,5,14400,1.02301980198
15006,15345,19261,339,3916,5,14400,1.08656792646
15303,15309,15566,6,257,1,1800,1.0233463035
15341,15471,19646,130,4175,5,14400,1.03113772455
15438,15444,15978,6,534,1,3600,1.01123595506
15473,15617,19871,144,4254,5,14400,1.03385049365
15617,15666,19959,49,4293,5,14400,1.01141392965
15669,15683,19626,14,3943,5,14400,1.00355059599
15679,15958,20225,279,4267,5,14400,1.06538551676
15955,16056,19851,101,3795,5,14400,1.02661396574
16057,16102,20828,45,4726,5,14400,1.00952179433
16098,16155,20191,57,4036,5,14400,1.01412289395
16160,16181,20739,21,4558,5,14400,1.0046072839
16181,16236,21104,55,4868,5,14400,1.01129827445
16241,16323,17745,82,1422,8,6000,1.0576652602
16323,16509,17943,186,1434,8,6000,1.12970711297
16507,16600,18035,93,1435,8,6000,1.06480836237
16599,16769,18206,170,1437,8,6000,1.11830201809
16772,17756,19185,984,1429,8,6000,1.68859342197
17759,17796,19231,37,1435,8,6000,1.02578397213
17801,17954,19413,153,1459,8,6000,1.10486634681
17954,18046,19472,92,1426,8,6000,1.06451612903
18046,18218,19650,172,1432,8,6000,1.12011173184
18219,18992,20424,773,1432,8,6000,1.53980446927
18993,19196,20620,203,1424,8,6000,1.14255617978
19196,19242,20677,46,1435,8,6000,1.03205574913
19247,19272,20705,25,1433,8,6000,1.01744591766
19268,19424,20878,156,1454,8,6000,1.10729023384
19422,19483,20922,61,1439,8,6000,1.04239054899
19483,19658,21092,175,1434,8,6000,1.1220362622
19657,19664,21101,7,1437,8,6000,1.00487125957
19667,19882,21312,215,1430,8,6000,1.15034965035
19881,20203,21635,322,1432,8,6000,1.2248603352
19891,20209,20290,318,81,1,1800,4.92592592593
20206,20236,21682,30,1446,8,6000,1.02074688797
20237,20435,21880,198,1445,8,6000,1.13702422145
20431,20631,22078,200,1447,8,6000,1.13821700069
20531,20538,20635,7,97,1,1800,1.07216494845
20634,20688,22118,54,1430,8,6000,1.03776223776
20685,20716,22170,31,1454,8,6000,1.02132049519
20716,20840,22264,124,1424,8,6000,1.08707865169
20838,20890,22331,52,1441,8,6000,1.03608605135
20890,20933,22373,43,1440,8,6000,1.02986111111
20931,21103,22546,172,1443,8,6000,1.1191961192
21104,21113,22569,9,1456,8,6000,1.00618131868
21114,21120,22570,6,1450,8,6000,1.00413793103
21125,21323,22766,198,1443,8,6000,1.13721413721
21139,22780,23153,1641,373,1,1800,5.39946380697
21328,21646,23078,318,1432,8,6000,1.22206703911
21644,21695,23133,51,1438,8,6000,1.0354659249
21695,21891,23340,196,1449,8,6000,1.13526570048
21889,22089,23551,200,1462,8,6000,1.13679890561
22093,22130,23564,37,1434,8,6000,1.02580195258
22134,22181,23631,47,1450,8,6000,1.0324137931
22185,22275,23722,90,1447,8,6000,1.06219765031
22277,22342,24072,65,1730,8,6000,1.03757225434
22339,22384,24145,45,1761,8,6000,1.02555366269
22380,22557,24401,177,1844,8,6000,1.09598698482
22554,22581,24027,27,1446,8,6000,1.01867219917
22585,22774,24229,189,1455,8,6000,1.12989690722
22779,23090,24547,311,1457,8,6000,1.21345229925
23095,23144,24589,49,1445,8,6000,1.0339100346
23146,23163,24616,17,1453,8,6000,1.01169993118
23158,23352,24799,194,1447,8,6000,1.13407049067
23351,23562,25008,211,1446,8,6000,1.1459197787
23564,23575,25039,11,1464,8,6000,1.0075136612
23575,23642,25128,67,1486,8,6000,1.04508748318
23646,23733,25181,87,1448,8,6000,1.06008287293
23738,24038,25499,300,1461,8,6000,1.20533880903
24042,24084,25540,42,1456,8,6000,1.02884615385
24083,24156,25605,73,1449,8,6000,1.05037957212
24155,24241,25693,86,1452,8,6000,1.05922865014
24247,24414,25905,167,1491,8,6000,1.11200536553
24308,27567,27607,3259,40,1,1800,82.475
24409,24558,26016,149,1458,8,6000,1.10219478738
24562,24600,26062,38,1462,8,6000,1.02599179207
24603,24628,26085,25,1457,8,6000,1.01715854496
24624,24811,26263,187,1452,8,6000,1.12878787879
24808,25019,26472,211,1453,8,6000,1.14521679284
25022,25051,26498,29,1447,8,6000,1.0200414651
25053,25140,26590,87,1450,8,6000,1.06
25145,25192,26650,47,1458,8,6000,1.03223593964
25196,25510,27270,314,1760,8,6000,1.17840909091
25512,25551,26999,39,1448,8,6000,1.02693370166
25553,25616,27387,63,1771,8,6000,1.03557312253
25614,25704,27159,90,1455,8,6000,1.0618556701
25706,25916,27379,210,1463,8,6000,1.14354066986
25920,26028,27483,108,1455,8,6000,1.07422680412
26032,26073,27550,41,1477,8,6000,1.02775897089
26073,26096,27556,23,1460,8,6000,1.01575342466
26094,26274,27772,180,1498,8,6000,1.12016021362
26278,26483,27937,205,1454,8,6000,1.14099037139
26482,26510,27987,28,1477,8,6000,1.01895734597
26513,26601,28065,88,1464,8,6000,1.06010928962
26605,26662,28126,57,1464,8,6000,1.03893442623
26666,27010,28477,344,1467,8,6000,1.23449216087
27013,27171,28634,158,1463,8,6000,1.10799726589
27176,27281,28740,105,1459,8,6000,1.07196710075
27278,27391,28844,113,1453,8,6000,1.07777013076
27390,27398,28847,8,1449,8,6000,1.005521049
27402,27495,28955,93,1460,8,6000,1.06369863014
27494,27561,29060,67,1499,8,6000,1.04469646431
27566,27617,29065,51,1448,8,6000,1.03522099448
27617,27783,29287,166,1504,8,6000,1.11037234043
27780,27948,29742,168,1794,8,6000,1.09364548495
27852,29077,29148,1225,71,1,1800,18.2535211268
27953,27999,29457,46,1458,8,6000,1.03155006859
28004,28076,29556,72,1480,8,6000,1.04864864865
28076,28137,29604,61,1467,8,6000,1.04158145876
28137,28488,29958,351,1470,8,6000,1.2387755102
28494,28645,30148,151,1503,8,6000,1.1004657352
28647,28751,30206,104,1455,8,6000,1.07147766323
28749,28855,30320,106,1465,8,6000,1.07235494881
28851,28863,30325,12,1462,8,6000,1.00820793434
28862,28966,30731,104,1765,8,6000,1.05892351275
28964,29071,30538,107,1467,8,6000,1.07293796864
29076,29158,30634,82,1476,8,6000,1.05555555556
29158,29298,30766,140,1468,8,6000,1.09536784741
29300,29468,30928,168,1460,8,6000,1.11506849315
29472,29568,29571,96,3,5,14400,9.9
29563,29583,29587,20,4,5,14400,2.4
29584,29598,29602,14,4,5,14400,1.8
29594,29613,29617,19,4,5,14400,2.3
29615,29621,29630,6,9,5,14400,1.5
29626,29632,29636,6,4,5,14400,1.0
29636,29642,29646,6,4,5,14400,1.0
29647,29653,29657,6,4,5,14400,1.0
29657,29663,29667,6,4,5,14400,1.0
29668,29674,29678,6,4,5,14400,1.0
29678,29684,29688,6,4,5,14400,1.0
29689,29695,29699,6,4,5,14400,1.0
29699,29705,29709,6,4,5,14400,1.0
29710,29716,29720,6,4,5,14400,1.0
29720,29726,29730,6,4,5,14400,1.0
29731,29737,29741,6,4,5,14400,1.0
29741,29748,29752,7,4,5,14400,1.1
29752,29758,29762,6,4,5,14400,1.0
29763,29769,29773,6,4,5,14400,1.0
29773,29779,29782,6,3,5,14400,1.0
29777,29785,30041,8,256,1,1800,1.03125
29784,29792,29796,8,4,5,14400,1.2
29794,29800,29804,6,4,5,14400,1.0
29805,29811,29815,6,4,5,14400,1.0
29815,29822,29826,7,4,5,14400,1.1
29826,29832,29836,6,4,5,14400,1.0
29837,29843,29850,6,7,5,14400,1.3
29847,29853,29857,6,4,5,14400,1.0
29858,29864,29868,6,4,5,14400,1.0
29869,29875,29879,6,4,5,14400,1.0
29879,29886,29889,7,3,5,14400,1.0
29890,29896,29900,6,4,5,14400,1.0
29900,29907,29911,7,4,5,14400,1.1
29911,29917,29921,6,4,5,14400,1.0
29922,29928,29932,6,4,5,14400,1.0
29932,29938,29942,6,4,5,14400,1.0
29943,29949,29953,6,4,5,14400,1.0
29954,29960,29964,6,4,5,14400,1.0
29964,29976,29980,12,4,5,14400,1.6
29965,29982,29985,17,3,5,14400,2.0
29975,29988,29992,13,4,5,14400,1.7
29986,29995,29999,9,4,5,14400,1.3
29986,30001,30005,15,4,5,14400,1.9
29997,30007,30011,10,4,5,14400,1.4
30008,30014,30017,6,3,5,14400,1.0
30008,30020,30024,12,4,5,14400,1.6
30019,30027,30031,8,4,5,14400,1.2
30019,30033,30037,14,4,5,14400,1.8
30030,30039,30043,9,4,5,14400,1.3
30040,30046,30050,6,4,5,14400,1.0
30041,30054,30057,13,3,5,14400,1.6
30053,30061,30064,8,3,5,14400,1.1
30053,30066,30070,13,4,5,14400,1.7
30064,30073,30076,9,3,5,14400,1.2
30074,30081,30084,7,3,5,14400,1.0
30075,30086,30090,11,4,5,14400,1.5
30086,30098,30101,12,3,5,14400,1.5
30086,30092,30096,6,4,5,14400,1.0
30097,30110,30114,13,4,5,14400,1.7
30097,30105,30108,8,3,5,14400,1.1
30108,30117,30121,9,4,5,14400,1.3
30118,30125,30128,7,3,5,14400,1.0
30119,30131,30135,12,4,5,14400,1.6
30129,30138,30142,9,4,5,14400,1.3
30130,30144,30148,14,4,5,14400,1.8
30140,30150,30154,10,4,5,14400,1.4
30151,30157,30161,6,4,5,14400,1.0
30152,30163,30167,11,4,5,14400,1.5
30153,30169,30173,16,4,5,14400,2.0
30164,30180,30184,16,4,5,14400,2.0
30164,30186,30189,22,3,5,14400,2.5
30185,30193,30196,8,3,5,14400,1.1
30185,30198,30202,13,4,5,14400,1.7
30196,30204,30208,8,4,5,14400,1.2
30197,30210,30213,13,3,5,14400,1.6
30207,30216,30220,9,4,5,14400,1.3
30208,30222,30226,14,4,5,14400,1.8
30218,30229,30231,11,2,5,14400,1.3
30219,30234,30238,15,4,5,14400,1.9
30229,30241,30244,12,3,5,14400,1.5
30230,30246,30250,16,4,5,14400,2.0
30240,30253,30255,13,2,5,14400,1.5
30251,30260,30263,9,3,5,14400,1.2
30251,30265,30269,14,4,5,14400,1.8
30262,30277,30281,15,4,5,14400,1.9
30262,30272,30275,10,3,5,14400,1.3
30273,30283,30287,10,4,5,14400,1.4
30273,30289,30292,16,3,5,14400,1.9
30284,30295,30299,11,4,5,14400,1.5
30284,30301,30305,17,4,5,14400,2.1
30295,30308,30311,13,3,5,14400,1.6
30306,30320,30324,14,4,5,14400,1.8
30306,30315,30318,9,3,5,14400,1.2
30317,30326,30331,9,5,5,14400,1.4
30317,30332,30336,15,4,5,14400,1.9
30328,30339,30342,11,3,5,14400,1.4
30328,30344,30348,16,4,5,14400,2.0
30339,30350,30354,11,4,5,14400,1.5
30340,30356,30360,16,4,5,14400,2.0
30350,30362,30365,12,3,5,14400,1.5
30361,30374,30378,13,4,5,14400,1.7
30369,30381,30385,12,4,8,6000,1.6
30379,30388,30392,9,4,8,6000,1.3
30380,30393,30397,13,4,8,6000,1.7
30391,30406,30410,15,4,8,6000,1.9
30391,30400,30404,9,4,8,6000,1.3
30402,30418,30422,16,4,8,6000,2.0
30402,30412,30416,10,4,8,6000,1.4
30413,30424,30428,11,4,8,6000,1.5
30413,30430,30438,17,8,8,6000,2.5
30424,30437,30441,13,4,8,6000,1.7
30435,30443,30447,8,4,8,6000,1.2
30435,30449,30453,14,4,8,6000,1.8
30446,30455,30459,9,4,8,6000,1.3
30446,30461,30464,15,3,8,6000,1.8
30457,30473,30477,16,4,8,6000,2.0
30457,30467,30471,10,4,8,6000,1.4
30468,30479,30483,11,4,8,6000,1.5
30468,30485,30489,17,4,8,6000,2.1
30479,30492,30495,13,3,8,6000,1.6
30490,30498,30502,8,4,8,6000,1.2
30490,30504,30508,14,4,8,6000,1.8
30501,30510,30514,9,4,8,6000,1.3
30501,30516,30520,15,4,8,6000,1.9
30512,30523,30526,11,3,8,6000,1.4
30512,30528,30532,16,4,8,6000,2.0
30523,30540,30544,17,4,8,6000,2.1
30523,30534,30538,11,4,8,6000,1.5
30534,30547,30550,13,3,8,6000,1.6
30545,30553,30557,8,4,8,6000,1.2
30545,30559,30563,14,4,8,6000,1.8
30556,30566,30569,10,3,8,6000,1.3
30556,30571,30575,15,4,8,6000,1.9
30567,30577,30581,10,4,8,6000,1.4
30567,30583,30587,16,4,8,6000,2.0
30578,30589,30593,11,4,8,6000,1.5
30579,30595,30599,16,4,8,6000,2.0
30589,30602,30605,13,3,8,6000,1.6
30600,30609,30612,9,3,8,6000,1.2
30600,30614,30618,14,4,8,6000,1.8
30611,30621,30624,10,3,8,6000,1.3
30611,30626,30630,15,4,8,6000,1.9
30622,30632,30639,10,7,8,6000,1.7
30623,30638,30642,15,4,8,6000,1.9
30633,30645,30648,12,3,8,6000,1.5
30634,30650,30656,16,6,8,6000,2.2
30644,30657,30661,13,4,8,6000,1.7
30655,30664,30667,9,3,8,6000,1.2
30655,30669,30673,14,4,8,6000,1.8
30666,30676,30680,10,4,8,6000,1.4
30666,30681,30685,15,4,8,6000,1.9
30677,30687,30691,10,4,8,6000,1.4
30678,30693,30697,15,4,8,6000,1.9
30688,30700,30704,12,4,8,6000,1.6
30689,30705,30709,16,4,8,6000,2.0
30699,30712,30716,13,4,8,6000,1.7
30710,30719,30722,9,3,8,6000,1.2
30710,30724,30728,14,4,8,6000,1.8
30721,30736,30740,15,4,8,6000,1.9
30721,30731,30734,10,3,8,6000,1.3
30732,30748,30753,16,5,8,6000,2.1
30732,30742,30746,10,4,8,6000,1.4
30743,30754,30758,11,4,8,6000,1.5
30744,30760,30764,16,4,8,6000,2.0
30754,30767,30771,13,4,8,6000,1.7
30765,30773,30777,8,4,8,6000,1.2
30765,30779,30783,14,4,8,6000,1.8
30776,30785,30789,9,4,8,6000,1.3
30777,30791,30795,14,4,8,6000,1.8
30787,30803,30806,16,3,8,6000,1.9
30788,30808,30812,20,4,8,6000,2.4
30798,30815,30818,17,3,8,6000,2.0
30809,30821,30825,12,4,8,6000,1.6
30820,30834,30838,14,4,8,6000,1.8
30820,30829,30832,9,3,8,6000,1.2
30831,30840,30844,9,4,8,6000,1.3
30831,30846,30850,15,4,8,6000,1.9
30842,30852,30862,10,10,8,6000,2.0
30842,30858,30862,16,4,8,6000,2.0
30853,30864,30868,11,4,8,6000,1.5
30853,30870,30874,17,4,8,6000,2.1
30864,30877,30881,13,4,8,6000,1.7
30875,30883,30887,8,4,8,6000,1.2
30875,30889,30893,14,4,8,6000,1.8
30886,30901,30905,15,4,8,6000,1.9
30886,30896,30899,10,3,8,6000,1.3
30897,30907,30911,10,4,8,6000,1.4
30897,30913,30917,16,4,8,6000,2.0
30908,30920,30924,12,4,8,6000,1.6
30908,30925,30929,17,4,8,6000,2.1
30919,30932,30935,13,3,8,6000,1.6
30930,30944,30948,14,4,8,6000,1.8
30930,30938,30942,8,4,8,6000,1.2
30941,30951,30954,10,3,8,6000,1.3
30942,30956,30960,14,4,8,6000,1.8
30952,30963,30966,11,3,8,6000,1.4
30953,30968,30972,15,4,8,6000,1.9
30963,30974,30978,11,4,8,6000,1.5
30964,30980,30984,16,4,8,6000,2.0
30974,30986,30991,12,5,8,6000,1.7
30985,30994,30997,9,3,8,6000,1.2
30993,31001,31004,8,3,5,14400,1.1
30993,31006,31010,13,4,5,14400,1.7
31004,31018,31022,14,4,5,14400,1.8
31004,31013,31016,9,3,5,14400,1.2
31015,31030,31034,15,4,5,14400,1.9
31015,31025,31028,10,3,5,14400,1.3
31026,31037,31042,11,5,5,14400,1.6
31026,31042,31046,16,4,5,14400,2.0
31037,31049,31052,12,3,5,14400,1.5
31037,31054,31057,17,3,5,14400,2.0
31048,31060,31064,12,4,5,14400,1.6
31059,31067,31071,8,4,5,14400,1.2
31059,31073,31076,14,3,5,14400,1.7
31070,31080,31083,10,3,5,14400,1.3
31070,31085,31088,15,3,5,14400,1.8
31081,31091,31095,10,4,5,14400,1.4
31082,31097,31101,15,4,5,14400,1.9
31092,31104,31107,12,3,5,14400,1.5
31093,31109,31113,16,4,5,14400,2.0
31103,31116,31119,13,3,5,14400,1.6
31114,31123,31126,9,3,5,14400,1.2
31114,31128,31131,14,3,5,14400,1.7
31125,31134,31138,9,4,5,14400,1.3
31125,31140,31144,15,4,5,14400,1.9
31136,31147,31150,11,3,5,14400,1.4
31136,31152,31155,16,3,5,14400,1.9
31147,31158,31162,11,4,5,14400,1.5
31148,31164,31168,16,4,5,14400,2.0
31158,31170,31174,12,4,5,14400,1.6
31169,31177,31181,8,4,5,14400,1.2
31169,31183,31185,14,2,5,14400,1.6
31180,31195,31199,15,4,5,14400,1.9
31180,31190,31193,10,3,5,14400,1.3
31191,31201,31205,10,4,5,14400,1.4
31191,31207,31210,16,3,5,14400,1.9
31202,31214,31217,12,3,5,14400,1.5
31203,31219,31223,16,4,5,14400,2.0
31213,31226,31229,13,3,5,14400,1.6
31224,31232,31236,8,4,5,14400,1.2
31224,31238,31241,14,3,5,14400,1.7
31235,31250,31253,15,3,5,14400,1.8
31235,31245,31248,10,3,5,14400,1.3
31246,31257,31260,11,3,5,14400,1.4
31246,31262,31266,16,4,5,14400,2.0
31257,31274,31278,17,4,5,14400,2.1
31257,31268,31272,11,4,5,14400,1.5
31268,31281,31284,13,3,5,14400,1.6
31279,31288,31291,9,3,5,14400,1.2
31279,31293,31297,14,4,5,14400,1.8
31290,31299,31303,9,4,5,14400,1.3
31290,31305,31312,15,7,5,14400,2.2
31301,31312,31315,11,3,5,14400,1.4
31302,31317,31324,15,7,5,14400,2.2
31312,31323,31327,11,4,5,14400,1.5
31313,31329,31333,16,4,5,14400,2.0
31323,31335,31339,12,4,5,14400,1.6
31334,31342,31345,8,3,5,14400,1.1
31334,31347,31351,13,4,5,14400,1.7
31345,31359,31363,14,4,5,14400,1.8
31345,31354,31357,9,3,5,14400,1.2
31356,31365,31369,9,4,5,14400,1.3
31356,31371,31373,15,2,5,14400,1.7
31367,31383,31386,16,3,5,14400,1.9
31367,31377,31381,10,4,5,14400,1.4
31378,31390,31393,12,3,5,14400,1.5
31379,31395,31399,16,4,5,14400,2.0
31389,31401,31405,12,4,5,14400,1.6
31400,31408,31411,8,3,5,14400,1.1
31400,31414,31418,14,4,5,14400,1.8
31411,31421,31424,10,3,5,14400,1.3
31411,31426,31429,15,3,5,14400,1.8
31423,31433,31436,10,3,5,14400,1.3
31423,31438,31442,15,4,5,14400,1.9
31434,31445,31448,11,3,5,14400,1.4
31434,31450,31454,16,4,5,14400,2.0
31445,31456,31460,11,4,5,14400,1.5
31446,31462,31466,16,4,5,14400,2.0
31456,31468,31472,12,4,5,14400,1.6
31467,31475,31479,8,4,5,14400,1.2
31467,31481,31484,14,3,5,14400,1.7
31478,31493,31497,15,4,5,14400,1.9
31478,31488,31491,10,3,5,14400,1.3
31489,31500,31503,11,3,5,14400,1.4
31489,31505,31509,16,4,5,14400,2.0
31500,31512,31515,12,3,5,14400,1.5
31500,31517,31520,17,3,5,14400,2.0
31511,31523,31527,12,4,5,14400,1.6
31522,31530,31533,8,3,5,14400,1.1
31522,31535,31540,13,5,5,14400,1.8
31533,31541,31544,8,3,5,14400,1.1
31533,31547,31551,14,4,5,14400,1.8
31544,31553,31557,9,4,5,14400,1.3
31544,31559,31563,15,4,5,14400,1.9
31555,31566,31569,11,3,5,14400,1.4
31555,31571,31575,16,4,5,14400,2.0
31566,31583,31587,17,4,5,14400,2.1
31566,31578,31581,12,3,5,14400,1.5
31577,31590,31593,13,3,5,14400,1.6
31588,31596,31600,8,4,5,14400,1.2
31588,31602,31605,14,3,5,14400,1.7
31595,31609,31612,14,3,8,6000,1.7
31606,31616,31627,10,11,8,6000,1.90909090909
31606,31621,31625,15,4,8,6000,1.9
31617,31633,31637,16,4,8,6000,2.0
31617,31627,31631,10,4,8,6000,1.4
31628,31640,31644,12,4,8,6000,1.6
31628,31645,31649,17,4,8,6000,2.1
31639,31651,31655,12,4,8,6000,1.6
31650,31663,31667,13,4,8,6000,1.7
31650,31657,31661,7,4,8,6000,1.1
31661,31670,31673,9,3,8,6000,1.2
31661,31675,31679,14,4,8,6000,1.8
31672,31681,31685,9,4,8,6000,1.3
31672,31687,31691,15,4,8,6000,1.9
31683,31693,31697,10,4,8,6000,1.4
31683,31699,31703,16,4,8,6000,2.0
31694,31711,31715,17,4,8,6000,2.1
31694,31706,31710,12,4,8,6000,1.6
31705,31717,31721,12,4,8,6000,1.6
31716,31724,31728,8,4,8,6000,1.2
31716,31730,31734,14,4,8,6000,1.8
31727,31737,31740,10,3,8,6000,1.3
31727,31742,31746,15,4,8,6000,1.9
31738,31748,31752,10,4,8,6000,1.4
31738,31754,31758,16,4,8,6000,2.0
31749,31760,31764,11,4,8,6000,1.5
31749,31766,31770,17,4,8,6000,2.1
31760,31772,31776,12,4,8,6000,1.6
31771,31784,31788,13,4,8,6000,1.7
31771,31779,31783,8,4,8,6000,1.2
31782,31791,31795,9,4,8,6000,1.3
31782,31797,31801,15,4,8,6000,1.9
31793,31803,31807,10,4,8,6000,1.4
31793,31809,31813,16,4,8,6000,2.0
31804,31816,31819,12,3,8,6000,1.5
31804,31821,31825,17,4,8,6000,2.1
31815,31828,31832,13,4,8,6000,1.7
31826,31840,31844,14,4,8,6000,1.8
31826,31834,31838,8,4,8,6000,1.2
31837,31847,31850,10,3,8,6000,1.3
31837,31852,31856,15,4,8,6000,1.9
31848,31859,31867,11,8,8,6000,1.9
31848,31864,31868,16,4,8,6000,2.0
31859,31871,31874,12,3,8,6000,1.5
31859,31876,31880,17,4,8,6000,2.1
31870,31883,31886,13,3,8,6000,1.6
31881,31889,31893,8,4,8,6000,1.2
31881,31895,31898,14,3,8,6000,1.7
31892,31907,31911,15,4,8,6000,1.9
31892,31902,31905,10,3,8,6000,1.3
31903,31914,31917,11,3,8,6000,1.4
31903,31919,31923,16,4,8,6000,2.0
31914,31926,31929,12,3,8,6000,1.5
31914,31931,31935,17,4,8,6000,2.1
31925,31937,31942,12,5,8,6000,1.7
31936,31944,31948,8,4,8,6000,1.2
31936,31950,31954,14,4,8,6000,1.8
31947,31956,31960,9,4,8,6000,1.3
31947,31962,31966,15,4,8,6000,1.9
31958,31969,31972,11,3,8,6000,1.4
31958,31974,31978,16,4,8,6000,2.0
31969,31980,31984,11,4,8,6000,1.5
31970,31986,31990,16,4,8,6000,2.0
31980,31992,31996,12,4,8,6000,1.6
31991,32000,32003,9,3,8,6000,1.2
31991,32005,32009,14,4,8,6000,1.8
32002,32012,32015,10,3,8,6000,1.3
32002,32017,32021,15,4,8,6000,1.9
32013,32024,32027,11,3,8,6000,1.4
32013,32029,32033,16,4,8,6000,2.0
32024,32036,32039,12,3,8,6000,1.5
32024,32041,32045,17,4,8,6000,2.1
32035,32047,32051,12,4,8,6000,1.6
32046,32060,32064,14,4,8,6000,1.8
32046,32054,32058,8,4,8,6000,1.2
32057,32072,32076,15,4,8,6000,1.9
32057,32067,32071,10,4,8,6000,1.4
32068,32084,32088,16,4,8,6000,2.0
32068,32078,32082,10,4,8,6000,1.4
32079,32090,32094,11,4,8,6000,1.5
32079,32096,32100,17,4,8,6000,2.1
32090,32103,32107,13,4,8,6000,1.7
32101,32114,32118,13,4,8,6000,1.7
32101,32120,32124,19,4,8,6000,2.3
32112,32126,32130,14,4,8,6000,1.8
32122,32133,32137,11,4,8,6000,1.5
32123,32139,32143,16,4,8,6000,2.0
32133,32146,32149,13,3,8,6000,1.6
32144,32157,32161,13,4,8,6000,1.7
32144,32163,32167,19,4,8,6000,2.3
32155,32169,32173,14,4,8,6000,1.8
32166,32175,32179,9,4,8,6000,1.3
32166,32181,32185,15,4,8,6000,1.9
32177,32187,32191,10,4,8,6000,1.4
32177,32193,32197,16,4,8,6000,2.0
32188,32199,32203,11,4,8,6000,1.5
32188,32205,32209,17,4,8,6000,2.1
32199,32212,32215,13,3,8,6000,1.6
32209,32218,32227,9,9,8,6000,1.8
32210,32224,32228,14,4,8,6000,1.8
32217,32230,32234,13,4,5,14400,1.7
32228,32237,32241,9,4,5,14400,1.3
32228,32243,32247,15,4,5,14400,1.9
32239,32250,32254,11,4,5,14400,1.5
32239,32255,32259,16,4,5,14400,2.0
32250,32261,32265,11,4,5,14400,1.5
32251,32267,32271,16,4,5,14400,2.0
32261,32273,32277,12,4,5,14400,1.6
32272,32280,32284,8,4,5,14400,1.2
32272,32286,32289,14,3,5,14400,1.7
32283,32298,32302,15,4,5,14400,1.9
32283,32292,32301,9,9,5,14400,1.8
32294,32305,32308,11,3,5,14400,1.4
32295,32310,32314,15,4,5,14400,1.9
32305,32317,32319,12,2,5,14400,1.4
32306,32322,32326,16,4,5,14400,2.0
32316,32328,32332,12,4,5,14400,1.6
32327,32335,32338,8,3,5,14400,1.1
32327,32341,32343,14,2,5,14400,1.6
32338,32348,32351,10,3,5,14400,1.3
32338,32353,32357,15,4,5,14400,1.9
32349,32365,32369,16,4,5,14400,2.0
32349,32359,32363,10,4,5,14400,1.4
32360,32371,32375,11,4,5,14400,1.5
32360,32377,32380,17,3,5,14400,2.0
32371,32383,32387,12,4,5,14400,1.6
32382,32395,32399,13,4,5,14400,1.7
32382,32390,32394,8,4,5,14400,1.2
32393,32408,32412,15,4,5,14400,1.9
32393,32403,32406,10,3,5,14400,1.3
32404,32415,32418,11,3,5,14400,1.4
32404,32420,32424,16,4,5,14400,2.0
32415,32426,32430,11,4,5,14400,1.5
32416,32432,32436,16,4,5,14400,2.0
32426,32439,32442,13,3,5,14400,1.6
32437,32445,32449,8,4,5,14400,1.2
32437,32451,32460,14,9,5,14400,2.3
32448,32463,32467,15,4,5,14400,1.9
32448,32458,32461,10,3,5,14400,1.3
32459,32469,32472,10,3,5,14400,1.3
32460,32475,32479,15,4,5,14400,1.9
32470,32482,32485,12,3,5,14400,1.5
32471,32487,32491,16,4,5,14400,2.0
32481,32494,32497,13,3,5,14400,1.6
32493,32501,32504,8,3,5,14400,1.1
32493,32506,32510,13,4,5,14400,1.7
32504,32512,32516,8,4,5,14400,1.2
32505,32518,32522,13,4,5,14400,1.7
32515,32525,32530,10,5,5,14400,1.5
32516,32530,32534,14,4,5,14400,1.8
32526,32536,32540,10,4,5,14400,1.4
32527,32542,32546,15,4,5,14400,1.9
32538,32554,32558,16,4,5,14400,2.0
32538,32549,32557,11,8,5,14400,1.9
32549,32560,32568,11,8,5,14400,1.9
32559,32567,32571,8,4,5,14400,1.2
32560,32572,32576,12,4,5,14400,1.6
32570,32579,32583,9,4,5,14400,1.3
32571,32584,32588,13,4,5,14400,1.7
32582,32592,32595,10,3,5,14400,1.3
32582,32597,32601,15,4,5,14400,1.9
32593,32609,32613,16,4,5,14400,2.0
32593,32603,32607,10,4,5,14400,1.4
32604,32621,32625,17,4,5,14400,2.1
32604,32616,32619,12,3,5,14400,1.5
32615,32628,32631,13,3,5,14400,1.6
32626,32634,32638,8,4,5,14400,1.2
32626,32640,32643,14,3,5,14400,1.7
32637,32646,32650,9,4,5,14400,1.3
32637,32652,32656,15,4,5,14400,1.9
32648,32659,32662,11,3,5,14400,1.4
32648,32664,32668,16,4,5,14400,2.0
32659,32671,32674,12,3,5,14400,1.5
32660,32676,32680,16,4,5,14400,2.0
32670,32683,32686,13,3,5,14400,1.6
32681,32689,32692,8,3,5,14400,1.1
32681,32695,32699,14,4,5,14400,1.8
32692,32701,32705,9,4,5,14400,1.3
32692,32707,32711,15,4,5,14400,1.9
32703,32714,32717,11,3,5,14400,1.4
32704,32719,32723,15,4,5,14400,1.9
32714,32725,32729,11,4,5,14400,1.5
32715,32731,32735,16,4,5,14400,2.0
32725,32737,32741,12,4,5,14400,1.6
32736,32745,32748,9,3,5,14400,1.2
32736,32750,32754,14,4,5,14400,1.8
32747,32756,32760,9,4,5,14400,1.3
32748,32762,32766,14,4,5,14400,1.8
32758,32769,32772,11,3,5,14400,1.4
32759,32774,32777,15,3,5,14400,1.8
32769,32780,32784,11,4,5,14400,1.5
32770,32786,32790,16,4,5,14400,2.0
32780,32793,32796,13,3,5,14400,1.6
32791,32799,32803,8,4,5,14400,1.2
32792,32805,32809,13,4,5,14400,1.7
32802,32811,32816,9,5,5,14400,1.4
32803,32817,32821,14,4,5,14400,1.8
32813,32824,32827,11,3,5,14400,1.4
32814,32829,32832,15,3,5,14400,1.8
32824,32836,32839,12,3,5,14400,1.5
32832,32848,32852,16,4,8,6000,2.0
32832,32842,32846,10,4,8,6000,1.4
32843,32855,32859,12,4,8,6000,1.6
32853,32861,32865,8,4,8,6000,1.2
32854,32867,32872,13,5,8,6000,1.8
32864,32873,32877,9,4,8,6000,1.3
32865,32879,32884,14,5,8,6000,1.9
32875,32886,32889,11,3,8,6000,1.4
32876,32891,32895,15,4,8,6000,1.9
32887,32897,32901,10,4,8,6000,1.4
32887,32903,32907,16,4,8,6000,2.0
32898,32915,32919,17,4,8,6000,2.1
32898,32910,32913,12,3,8,6000,1.5
32909,32922,32925,13,3,8,6000,1.6
32920,32928,32932,8,4,8,6000,1.2
32920,32934,32938,14,4,8,6000,1.8
32931,32941,32945,10,4,8,6000,1.4
32931,32946,32950,15,4,8,6000,1.9
32942,32953,32956,11,3,8,6000,1.4
32942,32958,32962,16,4,8,6000,2.0
32953,32965,32968,12,3,8,6000,1.5
32954,32970,32974,16,4,8,6000,2.0
32964,32977,32980,13,3,8,6000,1.6
32975,32983,32987,8,4,8,6000,1.2
32975,32989,32994,14,5,8,6000,1.9
32986,32995,32999,9,4,8,6000,1.3
32986,33001,33008,15,7,8,6000,2.2
32997,33008,33011,11,3,8,6000,1.4
32998,33013,33017,15,4,8,6000,1.9
33008,33020,33023,12,3,8,6000,1.5
33009,33025,33029,16,4,8,6000,2.0
33019,33031,33035,12,4,8,6000,1.6
33030,33039,33042,9,3,8,6000,1.2
33030,33044,33048,14,4,8,6000,1.8
33041,33050,33054,9,4,8,6000,1.3
33042,33056,33060,14,4,8,6000,1.8
33052,33063,33067,11,4,8,6000,1.5
33053,33068,33072,15,4,8,6000,1.9
33063,33074,33078,11,4,8,6000,1.5
33064,33080,33084,16,4,8,6000,2.0
33074,33087,33091,13,4,8,6000,1.7
33085,33093,33097,8,4,8,6000,1.2
33086,33099,33103,13,4,8,6000,1.7
33096,33105,33109,9,4,8,6000,1.3
33097,33111,33120,14,9,8,6000,2.3
33107,33117,33125,10,8,8,6000,1.8
33108,33123,33128,15,5,8,6000,2.0
33118,33129,33133,11,4,8,6000,1.5
33119,33135,33139,16,4,8,6000,2.0
33130,33142,33145,12,3,8,6000,1.5
33140,33148,33152,8,4,8,6000,1.2
33141,33154,33158,13,4,8,6000,1.7
33151,33160,33164,9,4,8,6000,1.3
33152,33166,33170,14,4,8,6000,1.8
33162,33178,33181,16,3,8,6000,1.9
33163,33183,33187,20,4,8,6000,2.4
33174,33189,33193,15,4,8,6000,1.9
33184,33196,33205,12,9,8,6000,2.1
33195,33203,33207,8,4,8,6000,1.2
33195,33209,33213,14,4,8,6000,1.8
33206,33221,33230,15,9,8,6000,2.4
33206,33215,33219,9,4,8,6000,1.3
33217,33228,33231,11,3,8,6000,1.4
33218,33233,33237,15,4,8,6000,1.9
33228,33239,33243,11,4,8,6000,1.5
33229,33245,33249,16,4,8,6000,2.0
33239,33252,33255,13,3,8,6000,1.6
33250,33263,33267,13,4,8,6000,1.7
33250,33269,33273,19,4,8,6000,2.3
33261,33275,33279,14,4,8,6000,1.8
33272,33282,33285,10,3,8,6000,1.3
33272,33287,33291,15,4,8,6000,1.9
33283,33299,33303,16,4,8,6000,2.0
33283,33294,33298,11,4,8,6000,1.5
33294,33306,33309,12,3,8,6000,1.5
33295,33311,33315,16,4,8,6000,2.0
33305,33318,33321,13,3,8,6000,1.6
33316,33325,33328,9,3,8,6000,1.2
33316,33330,33334,14,4,8,6000,1.8
33327,33336,33340,9,4,8,6000,1.3
33327,33342,33346,15,4,8,6000,1.9
33338,33349,33353,11,4,8,6000,1.5
33339,33354,33358,15,4,8,6000,1.9
33349,33361,33364,12,3,8,6000,1.5
33350,33366,33370,16,4,8,6000,2.0
33360,33373,33377,13,4,8,6000,1.7
33371,33385,33390,14,5,8,6000,1.9
33371,33380,33383,9,3,8,6000,1.2
33382,33391,33395,9,4,8,6000,1.3
33382,33397,33401,15,4,8,6000,1.9
33393,33404,33408,11,4,8,6000,1.5
33394,33409,33413,15,4,8,6000,1.9
33404,33416,33419,12,3,8,6000,1.5
33405,33421,33425,16,4,8,6000,2.0
33415,33427,33431,12,4,8,6000,1.6
33426,33434,33438,8,4,8,6000,1.2
33426,33440,33444,14,4,8,6000,1.8
33437,33447,33451,10,4,8,6000,1.4
33438,33452,33459,14,7,8,6000,2.1
33448,33459,33463,11,4,8,6000,1.5
33455,33465,38174,10,4709,5,14400,1.00212359312
33456,33471,37964,15,4493,5,14400,1.0033385266
33466,33478,38662,12,5184,5,14400,1.00231481481
33467,33483,37617,16,4134,5,14400,1.00387034349
33477,33489,38130,12,4641,5,14400,1.00258564964
33488,33497,37494,9,3997,5,14400,1.00225168877
33489,33502,37763,13,4261,5,14400,1.00305092701
33499,33508,38198,9,4690,5,14400,1.00191897655
33500,33514,37642,14,4128,5,14400,1.00339147287
33510,33520,37597,10,4077,5,14400,1.00245278391
33511,33526,37648,15,4122,5,14400,1.00363901019
33522,33538,38893,16,5355,5,14400,1.00298786181
33522,33532,38354,10,4822,5,14400,1.00207382829
33533,33544,37675,11,4131,5,14400,1.00266279351
33533,33550,38088,17,4538,5,14400,1.00374614368
33544,33556,37853,12,4297,5,14400,1.00279264603
33555,33562,38269,7,4707,5,14400,1.0014871468
33565,34158,38797,593,4639,5,14400,1.12782927355
34156,35425,40436,1269,5011,5,14400,1.2532428657
34745,48623,49059,13878,436,4,18000,32.8302752294
35428,36269,40549,841,4280,5,14400,1.1964953271
35700,48642,59485,12942,10843,25,10799,2.19358111224
36273,37380,41375,1107,3995,5,14400,1.27709637046
37383,37505,41591,122,4086,5,14400,1.02985805188
37505,37609,42241,104,4632,5,14400,1.02245250432
37607,37628,42005,21,4377,5,14400,1.00479780672
37618,37820,124255,202,86435,6,108000,1.00233701625
37628,37654,42292,26,4638,5,14400,1.0056058646
37659,37665,41800,6,4135,5,14400,1.00145102781
37670,37687,42480,17,4793,5,14400,1.00354683914
37690,37774,41860,84,4086,5,14400,1.02055800294
37772,37864,41894,92,4030,5,14400,1.02282878412
37863,37918,37959,55,41,6,111600,2.34146341463
37864,37970,42749,106,4779,5,14400,1.02218037246
37966,37977,42093,11,4116,5,14400,1.00267249757
37977,38005,42005,28,4000,5,14400,1.007
37994,38075,75301,81,37226,6,111600,1.00217589857
38008,38099,42826,91,4727,5,14400,1.01925111064
38100,38141,42328,41,4187,5,14400,1.009792214
38141,38185,42903,44,4718,5,14400,1.00932598559
38182,38209,42884,27,4675,5,14400,1.00577540107
38213,38281,42390,68,4109,5,14400,1.0165490387
38285,38365,42605,80,4240,5,14400,1.01886792453
38326,42022,169082,3696,127060,3,144000,1.02908861955
38367,38673,42630,306,3957,5,14400,1.0773313116
38368,48653,154170,10285,105517,3,140400,1.0974724452
38402,48675,180924,10273,132249,3,136800,1.07767922631
38540,48665,52389,10125,3724,4,3600,3.71885069817
38672,38808,42961,136,4153,5,14400,1.03274741151
38805,38905,43496,100,4591,5,14400,1.0217817469
38850,43104,118806,4254,75702,6,129600,1.05619402394
38907,39332,43093,425,3761,5,14400,1.11300186121
39335,40448,44898,1113,4450,5,14400,1.25011235955
40444,40560,45362,116,4802,5,14400,1.02415660142
40557,41386,46032,829,4646,5,14400,1.1784330607
41383,41602,46282,219,4680,5,14400,1.04679487179
41537,48585,48606,7048,21,8,7200,336.619047619
41608,41811,46622,203,4811,5,14400,1.04219496986
41812,41871,45857,59,3986,5,14400,1.01480180632
41873,41905,46565,32,4660,5,14400,1.00686695279
41904,42016,46523,112,4507,5,14400,1.02485023297
42016,42104,46176,88,4072,5,14400,1.02161100196
42108,42253,46431,145,4178,5,14400,1.03470560077
42251,42303,46160,52,3857,5,14400,1.01348198081
42303,42339,46564,36,4225,5,14400,1.00852071006
42344,42402,46710,58,4308,5,14400,1.01346332405
42405,42491,46961,86,4470,5,14400,1.0192393736
42487,42616,47555,129,4939,5,14400,1.0261186475
42620,42641,47583,21,4942,5,14400,1.00424929178
42641,42760,47430,119,4670,5,14400,1.02548179872
42763,42837,47022,74,4185,5,14400,1.01768219833
42835,42895,46858,60,3963,5,14400,1.01514004542
42896,42915,47362,19,4447,5,14400,1.00427254329
42917,42972,46844,55,3872,5,14400,1.01420454545
42968,43508,47339,540,3831,5,14400,1.14095536413
43508,43706,48892,198,5186,5,14400,1.03817971462
43700,48575,48629,4875,54,64,600,91.2777777778
43703,44910,49947,1207,5037,5,14400,1.23962676196
44223,48670,48690,4447,20,4,7200,223.35
44914,45375,49376,461,4001,5,14400,1.1152211947
45315,241422,601431,196107,360009,4,360000,1.54472804847
45373,45868,49749,495,3881,5,14400,1.12754444731
45872,46043,51198,171,5155,5,14400,1.03317167798
46045,46171,50928,126,4757,5,14400,1.0264872819
46168,46187,51141,19,4954,5,14400,1.00383528462
46188,46293,50935,105,4642,5,14400,1.02261956053
46232,48591,56941,2359,8350,6,86400,1.28251497006
46291,46442,50856,151,4414,5,14400,1.03420933394
46445,46534,50850,89,4316,5,14400,1.02062094532
46537,46575,51252,38,4677,5,14400,1.00812486637
46578,46584,51031,6,4447,5,14400,1.0013492242
46589,46633,50762,44,4129,5,14400,1.01065633325
46630,46721,51076,91,4355,5,14400,1.02089552239
46722,46856,51682,134,4826,5,14400,1.02776626606
46855,46869,50966,14,4097,5,14400,1.00341713449
46865,46972,51142,107,4170,5,14400,1.02565947242
46978,47034,51049,56,4015,5,14400,1.01394769614
47039,47350,51320,311,3970,5,14400,1.07833753149
47355,47374,51467,19,4093,5,14400,1.00464207183
47376,47441,51924,65,4483,5,14400,1.01449921927
47437,47566,52452,129,4886,5,14400,1.0264019648
47570,47594,51517,24,3923,5,14400,1.00611776702
47591,48618,52816,1027,4198,5,14400,1.24464030491
48619,48648,52567,29,3919,5,14400,1.0073998469
48650,48659,52660,9,4001,5,14400,1.00224943764
48661,48687,52910,26,4223,5,14400,1.0061567606
48692,48698,53194,6,4496,5,14400,1.00133451957
48702,48709,54282,7,5573,5,14400,1.00125605598
48713,48719,52711,6,3992,5,14400,1.00150300601
48724,48730,53082,6,4352,5,14400,1.00137867647
48734,48740,52657,6,3917,5,14400,1.00153178453
48745,48751,53699,6,4948,5,14400,1.00121261116
48755,48761,52773,6,4012,5,14400,1.00149551346
48766,48772,53496,6,4724,5,14400,1.00127011008
48776,48903,53787,127,4884,5,14400,1.026003276
48906,49388,50825,482,1437,8,6000,1.33542101601
49385,49761,51210,376,1449,8,6000,1.25948930297
49530,168346,168349,118816,3,32,10800,11881.9
49762,50773,52211,1011,1438,8,6000,1.70305980529
50417,50424,50478,7,54,6,600,1.12962962963
50770,50836,52535,66,1699,8,6000,1.03884638022
50832,50861,52280,29,1419,8,6000,1.02043692741
50863,50939,52373,76,1434,8,6000,1.0529986053
50935,50977,52417,42,1440,8,6000,1.02916666667
50976,51042,52488,66,1446,8,6000,1.04564315353
51026,173566,173738,122540,172,64,600,713.441860465
51047,51087,52523,40,1436,8,6000,1.0278551532
51089,51152,52577,63,1425,8,6000,1.04421052632
51150,51209,52660,59,1451,8,6000,1.04066161268
51212,51222,53025,10,1803,8,6000,1.0055463117
51222,51332,52770,110,1438,8,6000,1.07649513213
51335,51478,52912,143,1434,8,6000,1.09972105997
51477,51693,53153,216,1460,8,6000,1.14794520548
51692,51936,53372,244,1436,8,6000,1.16991643454
51936,52223,53664,287,1441,8,6000,1.19916724497
52222,52291,53728,69,1437,8,6000,1.04801670146
52293,52385,53818,92,1433,8,6000,1.06420097697
52385,52428,53865,43,1437,8,6000,1.02992345164
52426,52463,53900,37,1437,8,6000,1.02574808629
52468,52499,53962,31,1463,8,6000,1.02118933698
52499,52534,53980,35,1446,8,6000,1.02420470263
52540,52546,53991,6,1445,8,6000,1.00415224913
52550,52588,54015,38,1427,8,6000,1.02662929222
52592,52669,54116,77,1447,8,6000,1.05321354527
52673,52680,54118,7,1438,8,6000,1.00486787204
52684,52690,54121,6,1431,8,6000,1.00419287212
52695,52783,54503,88,1720,8,6000,1.0511627907
52787,52793,54228,6,1435,8,6000,1.00418118467
52798,52921,54363,123,1442,8,6000,1.08529819695
52920,52928,54389,8,1461,8,6000,1.00547570157
52931,53036,54481,105,1445,8,6000,1.07266435986
53033,53094,54824,61,1730,8,6000,1.03526011561
53094,53164,54628,70,1464,8,6000,1.04781420765
53166,53384,54824,218,1440,8,6000,1.15138888889
53380,53507,54963,127,1456,8,6000,1.08722527473
53503,53675,55123,172,1448,8,6000,1.11878453039
53676,53711,55182,35,1471,8,6000,1.02379333787
53707,53740,55215,33,1475,8,6000,1.02237288136
53738,53829,55266,91,1437,8,6000,1.06332637439
53830,53876,55318,46,1442,8,6000,1.0319001387
53881,53911,55354,30,1443,8,6000,1.02079002079
53912,53975,55417,63,1442,8,6000,1.04368932039
53974,53991,55450,17,1459,8,6000,1.01165181631
53995,54002,55453,7,1451,8,6000,1.00482425913
54005,54026,55479,21,1453,8,6000,1.01445285616
54026,54129,55584,103,1455,8,6000,1.07079037801
54129,54135,55589,6,1454,8,6000,1.00412654746
54139,54146,55601,7,1455,8,6000,1.00481099656
54150,54224,55701,74,1477,8,6000,1.05010155721
54222,54230,55684,8,1454,8,6000,1.00550206327
54232,54239,55691,7,1452,8,6000,1.00482093664
54243,54293,55765,50,1472,8,6000,1.0339673913
54294,54374,55830,80,1456,8,6000,1.05494505495
54376,54400,55851,24,1451,8,6000,1.01654031702
54397,54492,55949,95,1457,8,6000,1.06520247083
54489,54514,55967,25,1453,8,6000,1.01720578114
54510,54639,56415,129,1776,8,6000,1.07263513514
54643,54836,56301,193,1465,8,6000,1.13174061433
54837,54842,56302,5,1460,8,6000,1.00342465753
54847,54974,56413,127,1439,8,6000,1.08825573315
54970,55134,56585,164,1451,8,6000,1.11302549966
55133,55193,56649,60,1456,8,6000,1.04120879121
55195,55226,56680,31,1454,8,6000,1.02132049519
55225,55277,56731,52,1454,8,6000,1.03576341128
55278,55329,56793,51,1464,8,6000,1.03483606557
55329,55365,56817,36,1452,8,6000,1.02479338843
55370,55429,56899,59,1470,8,6000,1.04013605442
55432,55462,56915,30,1453,8,6000,1.02064693737
55463,55469,56929,6,1460,8,6000,1.00410958904
55473,55490,56948,17,1458,8,6000,1.01165980796
55494,55595,57060,101,1465,8,6000,1.06894197952
55596,55603,57064,7,1461,8,6000,1.00479123888
55607,55613,57100,6,1487,8,6000,1.00403496974
55618,55696,57147,78,1451,8,6000,1.05375603032
55700,55706,57188,6,1482,8,6000,1.004048583
55710,55716,57171,6,1455,8,6000,1.00412371134
55721,55776,57226,55,1450,8,6000,1.03793103448
55772,55841,57310,69,1469,8,6000,1.04697072839
55844,55862,57366,18,1504,8,6000,1.01196808511
55865,55961,57416,96,1455,8,6000,1.06597938144
55957,55979,57443,22,1464,8,6000,1.0150273224
55978,56312,57767,334,1455,8,6000,1.2295532646
56314,56320,57779,6,1459,8,6000,1.00411240576
56325,56424,57889,99,1465,8,6000,1.06757679181
56427,56433,57910,6,1477,8,6000,1.00406228842
56437,56596,58361,159,1765,8,6000,1.09008498584
56601,56661,58137,60,1476,8,6000,1.0406504065
56662,56692,58160,30,1468,8,6000,1.0204359673
56693,56742,58205,49,1463,8,6000,1.03349282297
56744,56804,58270,60,1466,8,6000,1.04092769441
56806,56828,58328,22,1500,8,6000,1.01466666667
56827,56910,58374,83,1464,8,6000,1.05669398907
56909,56926,58394,17,1468,8,6000,1.01158038147
56929,56940,58418,11,1478,8,6000,1.00744248985
56940,56951,58446,11,1495,8,6000,1.00735785953
56950,56960,58432,10,1472,8,6000,1.00679347826
56961,57071,58539,110,1468,8,6000,1.07493188011
57073,57080,58537,7,1457,8,6000,1.00480439259
57082,57111,61584,29,4473,5,14400,1.00648334451
57112,57159,61775,47,4616,5,14400,1.01018197574
57164,57170,61625,6,4455,5,14400,1.00134680135
57174,57182,61706,8,4524,5,14400,1.0017683466
57185,57191,62348,6,5157,5,14400,1.00116346713
57196,57202,61152,6,3950,5,14400,1.00151898734
57206,57238,61352,32,4114,5,14400,1.00777831794
57237,57245,62025,8,4780,5,14400,1.00167364017
57248,57321,61460,73,4139,5,14400,1.01763711041
57319,57377,61377,58,4000,5,14400,1.0145
57381,57387,61490,6,4103,5,14400,1.00146234463
57391,57427,62174,36,4747,5,14400,1.0075837371
57432,57439,62303,7,4864,5,14400,1.00143914474
57443,57455,61484,12,4029,5,14400,1.00297840655
57454,57778,62387,324,4609,5,14400,1.07029724452
57780,57786,62006,6,4220,5,14400,1.00142180095
57790,57797,62698,7,4901,5,14400,1.00142827994
57801,57900,62464,99,4564,5,14400,1.02169149869
57903,57909,62230,6,4321,5,14400,1.00138856746
57914,57922,62083,8,4161,5,14400,1.00192261476
57924,57931,62005,7,4074,5,14400,1.00171821306
57935,58148,62502,213,4354,5,14400,1.04892053284
58150,58171,63089,21,4918,5,14400,1.00427002847
58170,58177,62654,7,4477,5,14400,1.00156354702
58181,58217,63039,36,4822,5,14400,1.00746578183
58222,58281,62661,59,4380,5,14400,1.01347031963
58284,58290,63721,6,5431,5,14400,1.00110476892
58294,58339,62282,45,3943,5,14400,1.01141262998
58335,58345,62252,10,3907,5,14400,1.00255950857
58346,58372,63109,26,4737,5,14400,1.00548870593
58377,58386,62469,9,4083,5,14400,1.00220426157
58388,58394,62238,6,3844,5,14400,1.00156087409
58398,58405,62993,7,4588,5,14400,1.00152571927
58409,58429,62546,20,4117,5,14400,1.00485790624
58430,58436,63037,6,4601,5,14400,1.00130406433
58440,58446,63049,6,4603,5,14400,1.00130349772
58451,58457,62492,6,4035,5,14400,1.00148698885
58461,58468,63015,7,4547,5,14400,1.00153947658
58472,58548,62838,76,4290,5,14400,1.01771561772
58544,58555,63010,11,4455,5,14400,1.0024691358
58555,58562,63363,7,4801,5,14400,1.00145802958
58565,59496,63261,931,3765,5,14400,1.24727755644
59493,59502,64045,9,4543,5,14400,1.00198106978
59503,59509,64298,6,4789,5,14400,1.00125287116
59514,59521,64009,7,4488,5,14400,1.0015597148
59525,59531,64311,6,4780,5,14400,1.00125523013
59535,61164,65831,1629,4667,5,14400,1.34904649668
60805,61364,63910,559,2546,6,86400,1.21956009427
61164,61388,65383,224,3995,5,14400,1.05607008761
61388,61472,66138,84,4666,5,14400,1.0180025718
61470,61495,65983,25,4488,5,14400,1.00557040998
61491,61502,66328,11,4826,5,14400,1.00227932035
61501,61595,65660,94,4065,5,14400,1.02312423124
61593,61636,65613,43,3977,5,14400,1.01081216998
61635,61717,65905,82,4188,5,14400,1.01957975167
61716,61787,66055,71,4268,5,14400,1.01663542643
61788,62016,66560,228,4544,5,14400,1.05017605634
62013,62022,66680,9,4658,5,14400,1.00193215973
62024,62036,66898,12,4862,5,14400,1.00246812012
62034,62094,66478,60,4384,5,14400,1.01368613139
62096,62185,66320,89,4135,5,14400,1.0215235792
62188,62242,66384,54,4142,5,14400,1.01303718011
62239,62249,66720,10,4471,5,14400,1.0022366361
62250,62264,66377,14,4113,5,14400,1.00340384148
62260,62294,66109,34,3815,5,14400,1.00891218873
62291,62314,67294,23,4980,5,14400,1.0046184739
62312,62361,67096,49,4735,5,14400,1.01034846885
62363,62399,66394,36,3995,5,14400,1.00901126408
62404,62475,66472,71,3997,5,14400,1.01776332249
62476,62483,67622,7,5139,5,14400,1.00136213271
62487,62505,67220,18,4715,5,14400,1.00381760339
62510,62516,67224,6,4708,5,14400,1.00127442651
62520,62557,67336,37,4779,5,14400,1.00774220548
62562,62665,67245,103,4580,5,14400,1.02248908297
62664,62677,67197,13,4520,5,14400,1.00287610619
62674,62710,67295,36,4585,5,14400,1.00785169029
62715,62849,67262,134,4413,5,14400,1.03036483118
62848,63004,67056,156,4052,5,14400,1.03849950642
63001,63024,67508,23,4484,5,14400,1.0051293488
63022,63030,67531,8,4501,5,14400,1.0017773828
63033,63050,67146,17,4096,5,14400,1.00415039062
63053,63061,67242,8,4181,5,14400,1.00191341784
63064,63070,67103,6,4033,5,14400,1.00148772626
63075,63100,67099,25,3999,5,14400,1.00625156289
63106,63120,67242,14,4122,5,14400,1.00339640951
63116,63272,67739,156,4467,5,14400,1.03492276696
63269,63374,68307,105,4933,5,14400,1.02128522197
63372,63732,67683,360,3951,5,14400,1.09111617312
63728,63920,68135,192,4215,5,14400,1.04555160142
63922,64020,67977,98,3957,5,14400,1.02476623705
64024,64057,68060,33,4003,5,14400,1.00824381714
64055,64309,68647,254,4338,5,14400,1.05855232826
64309,64322,68491,13,4169,5,14400,1.00311825378
64320,64838,68948,518,4110,5,14400,1.12603406326
64839,64845,69068,6,4223,5,14400,1.00142079091
64850,64856,69426,6,4570,5,14400,1.00131291028
64860,64868,68849,8,3981,5,14400,1.00200954534
64871,65395,70590,524,5195,5,14400,1.10086621752
65400,65624,69658,224,4034,5,14400,1.0555280119
65625,66066,126734,441,60668,6,108000,1.00726907101
65625,65671,70378,46,4707,5,14400,1.00977267899
65672,68658,68982,2986,324,16,36000,10.2160493827
65676,65843,70417,167,4574,5,14400,1.03651071272
65846,65994,67457,148,1463,8,6000,1.1011619959
65999,66150,67630,151,1480,8,6000,1.10202702703
66006,68993,81050,2987,12057,16,36000,1.24773990213
66153,66331,67763,178,1432,8,6000,1.12430167598
66336,81967,90451,15631,8484,16,36000,2.84240924092
66337,66389,67819,52,1430,8,6000,1.03636363636
66388,66405,67842,17,1437,8,6000,1.01183020181
66409,66483,67917,74,1434,8,6000,1.05160390516
66481,66571,68048,90,1477,8,6000,1.06093432634
66573,66691,68137,118,1446,8,6000,1.081604426
66695,66909,68346,214,1437,8,6000,1.14892136395
66909,67107,68538,198,1431,8,6000,1.13836477987
67103,67114,68545,11,1431,8,6000,1.00768693222
67113,67157,68594,44,1437,8,6000,1.03061934586
67154,67208,68647,54,1439,8,6000,1.03752605976
67206,67235,68669,29,1434,8,6000,1.02022315202
67237,67254,68689,17,1435,8,6000,1.0118466899
67260,67266,68704,6,1438,8,6000,1.00417246175
67271,67306,68761,35,1455,8,6000,1.02405498282
67302,67312,68760,10,1448,8,6000,1.00690607735
67312,67469,68905,157,1436,8,6000,1.10933147632
67465,67519,68964,54,1445,8,6000,1.03737024221
67517,67634,69106,117,1472,8,6000,1.07948369565
67639,67645,69095,6,1450,8,6000,1.00413793103
67650,67694,69435,44,1741,8,6000,1.02527283171
67691,67774,69229,83,1455,8,6000,1.05704467354
67773,67831,69289,58,1458,8,6000,1.03978052126
67834,67853,69293,19,1440,8,6000,1.01319444444
67855,67928,69370,73,1442,8,6000,1.05062413315
67926,67989,69437,63,1448,8,6000,1.04350828729
67988,68059,69521,71,1462,8,6000,1.04856361149
68059,68071,69523,12,1452,8,6000,1.00826446281
68070,68148,69587,78,1439,8,6000,1.05420430855
68152,68319,69759,167,1440,8,6000,1.11597222222
68325,68357,69805,32,1448,8,6000,1.02209944751
68356,68550,70012,194,1462,8,6000,1.13269493844
68549,68556,70002,7,1446,8,6000,1.00484094053
68560,68606,70052,46,1446,8,6000,1.03181189488
68612,68680,70133,68,1453,8,6000,1.04679972471
68684,68700,70138,16,1438,8,6000,1.01112656467
68705,68716,70165,11,1449,8,6000,1.00759144237
68716,68771,70232,55,1461,8,6000,1.03764544832
68767,68778,70253,11,1475,8,6000,1.00745762712
68778,68860,70311,82,1451,8,6000,1.05651274983
68859,68916,70363,57,1447,8,6000,1.0393918452
68921,68975,70430,54,1455,8,6000,1.03711340206
68972,69080,70525,108,1445,8,6000,1.07474048443
69084,69106,70563,22,1457,8,6000,1.01509951956
69105,69118,70594,13,1476,8,6000,1.00880758808
69116,69240,70685,124,1445,8,6000,1.08581314879
69137,69143,76479,6,7336,3,7200,1.00081788441
69238,69301,70769,63,1468,8,6000,1.04291553134
69299,69307,70759,8,1452,8,6000,1.00550964187
69310,69383,70849,73,1466,8,6000,1.04979536153
69335,69539,69827,204,288,8,3540,1.70833333333
69382,69446,70896,64,1450,8,6000,1.04413793103
69443,69453,70891,10,1438,8,6000,1.00695410292
69454,69533,71000,79,1467,8,6000,1.05385139741
69535,69598,71072,63,1474,8,6000,1.04274084125
69597,69670,71122,73,1452,8,6000,1.05027548209
69669,69770,71246,101,1476,8,6000,1.06842818428
69771,69816,71281,45,1465,8,6000,1.03071672355
69812,69838,71337,26,1499,8,6000,1.0173448966
69843,70014,71488,171,1474,8,6000,1.11601085482
69967,69974,70220,7,246,1,3540,1.02845528455
70016,70023,71480,7,1457,8,6000,1.00480439259
70027,70063,71528,36,1465,8,6000,1.02457337884
70068,70144,71625,76,1481,8,6000,1.05131667792
70140,70150,71607,10,1457,8,6000,1.00686341798
70149,168149,177870,98000,9721,25,10799,11.0812673593
70150,70176,71631,26,1455,8,6000,1.01786941581
70181,70244,71921,63,1677,8,6000,1.03756708408
70243,70265,71729,22,1464,8,6000,1.0150273224
70263,70324,71796,61,1472,8,6000,1.04144021739
70325,70375,71846,50,1471,8,6000,1.03399048266
70376,70428,71898,52,1470,8,6000,1.03537414966
70428,70442,71905,14,1463,8,6000,1.00956937799
70438,70536,71997,98,1461,8,6000,1.06707734428
70540,70574,72023,34,1449,8,6000,1.02346445825
70571,70602,72071,31,1469,8,6000,1.02110279101
70602,70609,72065,7,1456,8,6000,1.00480769231
70613,70696,72158,83,1462,8,6000,1.05677154583
70694,70770,72235,76,1465,8,6000,1.05187713311
70766,70781,72240,15,1459,8,6000,1.01028101439
70777,70860,72327,83,1467,8,6000,1.05657805044
70859,70902,72365,43,1463,8,6000,1.02939166097
70900,70908,72371,8,1463,8,6000,1.00546821599
70910,71011,72466,101,1455,8,6000,1.06941580756
71012,71085,72546,73,1461,8,6000,1.04996577687
71084,71133,72601,49,1468,8,6000,1.03337874659
71145,71258,72717,113,1459,8,6000,1.07745030843
71257,71292,72759,35,1467,8,6000,1.02385821404
71288,71348,72829,60,1481,8,6000,1.04051316678
71349,71491,72974,142,1483,8,6000,1.09575185435
71492,71500,72961,8,1461,8,6000,1.00547570157
71503,71540,73011,37,1471,8,6000,1.02515295717
71544,71618,73091,74,1473,8,6000,1.05023761032
71615,71636,73102,21,1466,8,6000,1.01432469304
71636,71643,73101,7,1458,8,6000,1.00480109739
71647,71740,73206,93,1466,8,6000,1.06343792633
71739,71808,73274,69,1466,8,6000,1.04706684857
71758,88117,124152,16359,36035,16,36000,1.45397530179
71810,71857,73324,47,1467,8,6000,1.03203817314
71861,71909,73381,48,1472,8,6000,1.03260869565
71913,71919,73382,6,1463,8,6000,1.004101162
71923,71932,73444,9,1512,8,6000,1.00595238095
71934,72008,73480,74,1472,8,6000,1.05027173913
72012,72035,77137,23,5102,5,14400,1.00450803606
72033,72076,76810,43,4734,5,14400,1.00908322771
72074,72084,76833,10,4749,5,14400,1.00210570646
72085,72091,76752,6,4661,5,14400,1.00128727741
72095,72101,77172,6,5071,5,14400,1.00118319858
72106,72170,76181,64,4011,5,14400,1.01595612067
72167,72246,76318,79,4072,5,14400,1.01940078585
72249,72255,77142,6,4887,5,14400,1.00122774708
72260,72266,76418,6,4152,5,14400,1.00144508671
72270,72338,76399,68,4061,5,14400,1.01674464418
72342,72348,76357,6,4009,5,14400,1.00149663258
72353,72376,77620,23,5244,5,14400,1.00438596491
72373,72383,77718,10,5335,5,14400,1.00187441425
72384,72390,76504,6,4114,5,14400,1.00145843461
72394,72477,77084,83,4607,5,14400,1.01801606251
72476,72484,76586,8,4102,5,14400,1.00195026816
72487,72558,77325,71,4767,5,14400,1.01489406335
72558,72613,77310,55,4697,5,14400,1.01170960187
72610,72619,77001,9,4382,5,14400,1.00205385669
72620,72728,77190,108,4462,5,14400,1.02420439265
72637,72643,79897,6,7254,2,72000,1.00082712986
72733,72770,77206,37,4436,5,14400,1.00834084761
72774,72780,77647,6,4867,5,14400,1.00123279227
72785,72841,77553,56,4712,5,14400,1.01188455008
72846,72972,77576,126,4604,5,14400,1.02736750652
72969,72978,78019,9,5041,5,14400,1.00178536005
72979,72985,77193,6,4208,5,14400,1.00142585551
72990,72996,78827,6,5831,5,14400,1.00102898302
73000,73022,77123,22,4101,5,14400,1.00536454523
73021,73102,77220,81,4118,5,14400,1.01966974259
73036,73108,73110,72,2,2,3540,7.4
73103,73114,78017,11,4903,5,14400,1.00224352437
73113,73121,77351,8,4230,5,14400,1.00189125296
73124,73130,77108,6,3978,5,14400,1.00150829563
73135,73141,78301,6,5160,5,14400,1.0011627907
73145,73218,77407,73,4189,5,14400,1.01742659346
73217,73224,78073,7,4849,5,14400,1.00144359662
73227,73286,78013,59,4727,5,14400,1.01248148932
73289,73335,77269,46,3934,5,14400,1.0116929334
73340,73346,78119,6,4773,5,14400,1.00125707102
73351,73393,77688,42,4295,5,14400,1.00977881257
73392,73399,77649,7,4250,5,14400,1.00164705882
73403,73409,78380,6,4971,5,14400,1.0012070006
73413,73455,77370,42,3915,5,14400,1.01072796935
73454,73462,77798,8,4336,5,14400,1.00184501845
73465,73491,78372,26,4881,5,14400,1.0053267773
73496,75312,80267,1816,4955,5,14400,1.36649848638
74562,90464,112831,15902,22367,16,36000,1.71095810793
75317,76192,81174,875,4982,5,14400,1.17563227619
75766,76374,76543,608,169,2,3540,4.59763313609
76193,76330,80980,137,4650,5,14400,1.02946236559
76326,76369,80420,43,4051,5,14400,1.01061466305
76367,76410,81615,43,5205,5,14400,1.00826128722
76408,76429,81365,21,4936,5,14400,1.00425445705
76429,76485,80696,56,4211,5,14400,1.01329850392
76490,76515,80549,25,4034,5,14400,1.00619732276
76511,76597,80561,86,3964,5,14400,1.02169525732
76593,76763,81023,170,4260,5,14400,1.03990610329
76766,76821,81361,55,4540,5,14400,1.01211453744
76818,76844,82154,26,5310,5,14400,1.00489642185
76849,77012,82125,163,5113,5,14400,1.03187952279
77012,77095,82144,83,5049,5,14400,1.01643889879
77094,77119,81885,25,4766,5,14400,1.00524548888
77124,77135,81165,11,4030,5,14400,1.00272952854
77135,77148,81153,13,4005,5,14400,1.00324594257
77146,77155,82210,9,5055,5,14400,1.00178041543
77156,77183,81129,27,3946,5,14400,1.00684237202
77187,77201,81141,14,3940,5,14400,1.00355329949
77198,77207,82649,9,5442,5,14400,1.00165380375
77208,77217,82251,9,5034,5,14400,1.00178784267
77219,77232,81124,13,3892,5,14400,1.00334018499
77230,77280,81481,50,4201,5,14400,1.01190192811
77281,77321,82560,40,5239,5,14400,1.00763504486
77322,77336,82393,14,5057,5,14400,1.00276843979
77332,77362,82398,30,5036,5,14400,1.00595710882
77363,77382,82347,19,4965,5,14400,1.00382678751
77384,77419,81903,35,4484,5,14400,1.00780553078
77415,77564,82072,149,4508,5,14400,1.03305235138
77568,77588,82479,20,4891,5,14400,1.00408914332
77589,77631,82334,42,4703,5,14400,1.00893046991
77631,77658,81933,27,4275,5,14400,1.00631578947
77661,77668,82113,7,4445,5,14400,1.00157480315
77672,77699,82520,27,4821,5,14400,1.00560049782
77703,77729,81813,26,4084,5,14400,1.00636630754
77734,77809,82767,75,4958,5,14400,1.01512706737
77806,78025,82199,219,4174,5,14400,1.05246765692
78030,78036,82089,6,4053,5,14400,1.0014803849
78040,78047,82261,7,4214,5,14400,1.00166112957
78051,78084,82906,33,4822,5,14400,1.00684363335
78082,78131,83279,49,5148,5,14400,1.00951825952
78100,78106,78356,6,250,2,3540,1.024
78133,78312,82363,179,4051,5,14400,1.04418662059
78317,78383,82308,66,3925,5,14400,1.01681528662
78388,78395,82515,7,4120,5,14400,1.00169902913
78399,78839,82865,440,4026,5,14400,1.10928961749
78837,80279,84505,1442,4226,5,14400,1.34122101278
79902,79908,121890,6,41982,2,72000,1.00014291839
80097,80809,85024,712,4215,2,72000,1.16892052195
80282,80431,84889,149,4458,5,14400,1.03342305967
80435,80560,84935,125,4375,5,14400,1.02857142857
80558,80572,84593,14,4021,5,14400,1.00348172096
80569,80707,85675,138,4968,5,14400,1.02777777778
80597,81142,81393,545,251,2,3540,3.17131474104
80613,105034,109404,24421,4370,16,36000,6.58832951945
80711,80991,85051,280,4060,5,14400,1.06896551724
80997,81035,86063,38,5028,5,14400,1.00755767701
81038,81135,85579,97,4444,5,14400,1.02182718272
81077,109418,145444,28341,36026,16,36000,1.78668184089
81140,81152,86485,12,5333,5,14400,1.00225014063
81151,81176,86098,25,4922,5,14400,1.00507923608
81151,81164,82147,13,983,8,3540,1.01322482197
81180,81372,82813,192,1441,8,6000,1.133240805
81375,81404,83097,29,1693,8,6000,1.01712935617
81405,81626,83066,221,1440,8,6000,1.15347222222
81630,81825,83255,195,1430,8,6000,1.13636363636
81824,81945,83382,121,1437,8,6000,1.08420320111
81841,81897,83412,56,1515,4,36000,1.03696369637
81946,82083,83516,137,1433,8,6000,1.09560362875
82079,82124,83563,45,1439,8,6000,1.03127171647
82120,82155,83600,35,1445,8,6000,1.02422145329
82151,82161,83601,10,1440,8,6000,1.00694444444
82161,82167,83609,6,1442,8,6000,1.00416088766
82172,82221,83664,49,1443,8,6000,1.03395703396
82223,82263,83700,40,1437,8,6000,1.02783576896
82265,82319,84059,54,1740,8,6000,1.03103448276
82316,82358,83785,42,1427,8,6000,1.02943237561
82357,82375,83823,18,1448,8,6000,1.01243093923
82378,82409,83848,31,1439,8,6000,1.02154273801
82409,82491,83932,82,1441,8,6000,1.05690492713
82490,82531,83960,41,1429,8,6000,1.02869139258
82533,82661,84114,128,1453,8,6000,1.08809359945
82665,82778,84209,113,1431,8,6000,1.07896575821
82777,82825,84274,48,1449,8,6000,1.033126294
82829,82917,84348,88,1431,8,6000,1.06149545772
82921,83077,84530,156,1453,8,6000,1.10736407433
83074,83108,84585,34,1477,8,6000,1.02301963439
83105,83266,84722,161,1456,8,6000,1.11057692308
83268,83290,84745,22,1455,8,6000,1.01512027491
83285,83617,83915,332,298,8,3540,2.11409395973
83289,83393,84837,104,1444,8,6000,1.07202216066
83365,83423,83597,58,174,2,3540,1.33333333333
83391,83527,84966,136,1439,8,6000,1.09451007644
83523,83574,85010,51,1436,8,6000,1.03551532033
83574,83611,85060,37,1449,8,6000,1.02553485162
83616,83623,85158,7,1535,8,6000,1.00456026059
83626,83675,85139,49,1464,8,6000,1.03346994536
83678,83711,85152,33,1441,8,6000,1.02290076336
83708,83797,85250,89,1453,8,6000,1.06125258087
83800,83834,85272,34,1438,8,6000,1.02364394993
83831,83866,85312,35,1446,8,6000,1.02420470263
83862,83926,85370,64,1444,8,6000,1.04432132964
83924,83944,85390,20,1446,8,6000,1.01383125864
83945,83972,85425,27,1453,8,6000,1.01858224363
83959,83966,112880,7,28914,4,28800,1.00024209725
83976,84070,85507,94,1437,8,6000,1.06541405706
84068,84126,85574,58,1448,8,6000,1.04005524862
84114,85592,86607,1478,1015,8,3540,2.45615763547
84130,84220,85668,90,1448,8,6000,1.06215469613
84222,84285,85724,63,1439,8,6000,1.04378040306
84283,84359,85808,76,1449,8,6000,1.05244996549
84349,84517,84780,168,263,2,3540,1.63878326996
84355,84542,85995,187,1453,8,6000,1.12869924295
84525,109847,115729,25322,5882,16,36000,5.3049982999
84538,84596,86057,58,1461,8,6000,1.03969883641
84600,84605,86095,5,1490,8,6000,1.0033557047
84610,84734,86182,124,1448,8,6000,1.08563535912
84733,84757,86200,24,1443,8,6000,1.01663201663
84754,84848,86298,94,1450,8,6000,1.06482758621
84845,84946,86379,101,1433,8,6000,1.07048150733
84948,84977,86433,29,1456,8,6000,1.01991758242
84979,85023,86497,44,1474,8,6000,1.02985074627
85014,87582,89042,2568,1460,8,3540,2.75890410959
85020,85062,86516,42,1454,8,6000,1.02888583219
85061,85071,86525,10,1454,8,6000,1.00687757909
85071,85150,86646,79,1496,8,6000,1.05280748663
85153,85164,86622,11,1458,8,6000,1.00754458162
85164,85170,86632,6,1462,8,6000,1.00410396717
85174,85261,86714,87,1453,8,6000,1.05987611838
85266,85283,86737,17,1454,8,6000,1.01169188446
85287,85323,86784,36,1461,8,6000,1.02464065708
85328,85381,86831,53,1450,8,6000,1.03655172414
85379,85403,86878,24,1475,8,6000,1.01627118644
85400,85436,86892,36,1456,8,6000,1.02472527473
85441,85518,87013,77,1495,8,6000,1.05150501672
85516,85586,87050,70,1464,8,6000,1.04781420765
85587,85680,87139,93,1459,8,6000,1.06374228924
85679,85735,87200,56,1465,8,6000,1.03822525597
85731,85819,87277,88,1458,8,6000,1.06035665295
85823,86006,87455,183,1449,8,6000,1.12629399586
86006,86068,87527,62,1459,8,6000,1.04249485949
86067,86074,87535,7,1461,8,6000,1.00479123888
86078,86106,87571,28,1465,8,6000,1.01911262799
86109,86193,87654,84,1461,8,6000,1.05749486653
86191,86211,87694,20,1483,8,6000,1.01348617667
86211,86309,88106,98,1797,8,6000,1.05453533667
86313,86391,87874,78,1483,8,6000,1.05259608901
86395,86444,88208,49,1764,8,6000,1.02777777778
86447,86496,87963,49,1467,8,6000,1.03340149966
86498,86508,87993,10,1485,8,6000,1.00673400673
86508,86527,87992,19,1465,8,6000,1.01296928328
86529,86536,88029,7,1493,8,6000,1.00468854655
86540,86618,88119,78,1501,8,6000,1.05196535643
86622,86633,88099,11,1466,8,6000,1.00750341064
86632,86643,88102,11,1459,8,6000,1.00753941056
86643,86657,88127,14,1470,8,6000,1.00952380952
86653,86725,88190,72,1465,8,6000,1.04914675768
86725,86748,88562,23,1814,8,6000,1.01267916207
86746,86795,88283,49,1488,8,6000,1.03293010753
86797,86842,88314,45,1472,8,6000,1.03057065217
86838,86890,88395,52,1505,8,6000,1.03455149502
86889,86903,88354,14,1451,8,6000,1.00964851826
86900,87025,88491,125,1466,8,6000,1.08526603001
87022,87061,88534,39,1473,8,6000,1.02647657841
87064,87150,88627,86,1477,8,6000,1.05822613406
87146,87211,88936,65,1725,8,6000,1.03768115942
87207,87288,88753,81,1465,8,6000,1.05529010239
87289,87466,88932,177,1466,8,6000,1.1207366985
87462,87539,89011,77,1472,8,6000,1.05230978261
87544,87551,89007,7,1456,8,6000,1.00480769231
87552,87665,92332,113,4667,5,14400,1.02421255625
87664,87671,92327,7,4656,5,14400,1.00150343643
87675,87705,92146,30,4441,5,14400,1.00675523531
87706,87712,91987,6,4275,5,14400,1.00140350877
87716,87885,92643,169,4758,5,14400,1.03551912568
87890,87974,92197,84,4223,5,14400,1.0198910727
87971,87981,91981,10,4000,5,14400,1.0025
87982,88003,93030,21,5027,5,14400,1.00417744181
88003,88010,92651,7,4641,5,14400,1.00150829563
88013,88019,92095,6,4076,5,14400,1.0014720314
88024,88040,92183,16,4143,5,14400,1.0038619358
88045,88051,92953,6,4902,5,14400,1.00122399021
88055,88110,92891,55,4781,5,14400,1.01150386948
88107,88130,92309,23,4179,5,14400,1.00550370902
88127,88137,92491,10,4354,5,14400,1.00229673863
88138,88144,92314,6,4170,5,14400,1.00143884892
88149,88202,92818,53,4616,5,14400,1.01148180243
88200,88209,92787,9,4578,5,14400,1.00196592398
88211,88221,92498,10,4277,5,14400,1.00233808744
88221,88228,92497,7,4269,5,14400,1.00163972827
88232,88294,92347,62,4053,5,14400,1.01529731063
88293,88327,92644,34,4317,5,14400,1.0078758397
88324,88333,92945,9,4612,5,14400,1.00195143105
88335,88365,93091,30,4726,5,14400,1.00634786289
88366,88408,93422,42,5014,5,14400,1.00837654567
88407,88415,92472,8,4057,5,14400,1.00197190042
88418,88502,93709,84,5207,5,14400,1.01613212983
88499,88508,92607,9,4099,5,14400,1.00219565748
88510,88545,92434,35,3889,5,14400,1.00899974286
88541,88573,93517,32,4944,5,14400,1.00647249191
88572,88579,92677,7,4098,5,14400,1.00170815032
88582,88638,92670,56,4032,5,14400,1.01388888889
88634,88765,93272,131,4507,5,14400,1.02906589749
88766,88773,92816,7,4043,5,14400,1.00173138758
88777,88943,93775,166,4832,5,14400,1.03435430464
88940,88949,93686,9,4737,5,14400,1.00189993667
88951,88957,92896,6,3939,5,14400,1.00152322925
88961,89019,93704,58,4685,5,14400,1.01237993597
89023,89029,93102,6,4073,5,14400,1.00147311564
89034,89040,93048,6,4008,5,14400,1.00149700599
89044,89053,93502,9,4449,5,14400,1.0020229265
89055,89061,92969,6,3908,5,14400,1.00153531218
89065,91992,96244,2927,4252,5,14400,1.68838193791
91988,91999,96921,11,4922,5,14400,1.00223486388
91998,92107,97047,109,4940,5,14400,1.02206477733
92111,92157,97057,46,4900,5,14400,1.0093877551
92162,92195,96810,33,4615,5,14400,1.00715059588
92193,92208,96347,15,4139,5,14400,1.00362406378
92204,92321,96953,117,4632,5,14400,1.02525906736
92326,92332,97088,6,4756,5,14400,1.00126156434
92337,92343,96495,6,4152,5,14400,1.00144508671
92347,92353,96432,6,4079,5,14400,1.00147094876
92358,92364,96321,6,3957,5,14400,1.00151630023
92368,92445,96556,77,4111,5,14400,1.01873023595
92450,92483,96686,33,4203,5,14400,1.00785153462
92481,92503,97125,22,4622,5,14400,1.00475984422
92502,92509,97380,7,4871,5,14400,1.00143707658
92513,92519,97250,6,4731,5,14400,1.00126823082
92523,92619,97127,96,4508,5,14400,1.02129547471
92615,92654,96669,39,4015,5,14400,1.0097135741
92657,92662,96570,5,3908,5,14400,1.00127942682
92667,92673,97142,6,4469,5,14400,1.00134258223
92678,92684,96602,6,3918,5,14400,1.00153139357
92688,92695,96467,7,3772,5,14400,1.00185577943
92699,92798,97748,99,4950,5,14400,1.02
92801,92828,97656,27,4828,5,14400,1.0055923778
92832,92838,96875,6,4037,5,14400,1.00148625217
92843,92902,96915,59,4013,5,14400,1.01470221779
92904,92910,97650,6,4740,5,14400,1.00126582278
92915,92956,97428,41,4472,5,14400,1.00916815742
92956,92964,97930,8,4966,5,14400,1.00161095449
92967,92980,97685,13,4705,5,14400,1.00276301807
92977,93041,97557,64,4516,5,14400,1.01417183348
93039,93059,97302,20,4243,5,14400,1.00471364601
93059,93102,97893,43,4791,5,14400,1.00897516176
93101,93113,97563,12,4450,5,14400,1.00269662921
93111,93284,97333,173,4049,5,14400,1.04272659916
93285,93434,97769,149,4335,5,14400,1.03437139562
93438,93513,98457,75,4944,5,14400,1.01516990291
93509,93528,97665,19,4137,5,14400,1.00459270002
93530,93697,98414,167,4717,5,14400,1.03540385838
93693,93715,98206,22,4491,5,14400,1.00489868626
93714,93722,97620,8,3898,5,14400,1.00205233453
93725,93786,97858,61,4072,5,14400,1.01498035363
93786,96255,100732,2469,4477,5,14400,1.55148536967
95034,95040,98647,6,3607,1,3600,1.00166343222
96253,96332,100936,79,4604,5,14400,1.01715899218
96335,96358,100246,23,3888,5,14400,1.00591563786
96356,96443,100645,87,4202,5,14400,1.02070442646
96448,96478,100912,30,4434,5,14400,1.00676589986
96478,96506,100380,28,3874,5,14400,1.00722767166
96509,96567,100708,58,4141,5,14400,1.01400627868
96571,96581,100839,10,4258,5,14400,1.00234852043
96581,96613,100684,32,4071,5,14400,1.00786047654
96612,96680,100712,68,4032,5,14400,1.01686507937
96685,96697,100828,12,4131,5,14400,1.00290486565
96695,96822,100712,127,3890,5,14400,1.03264781491
96818,96887,101816,69,4929,5,14400,1.01399878271
96890,96926,100987,36,4061,5,14400,1.00886481162
96931,96937,101745,6,4808,5,14400,1.00124792013
96941,96965,102059,24,5094,5,14400,1.00471142521
96969,97068,98494,99,1426,8,6000,1.06942496494
97071,97099,98536,28,1437,8,6000,1.01948503827
97102,97140,98574,38,1434,8,6000,1.02649930265
97143,97262,98705,119,1443,8,6000,1.08246708247
97266,97315,98748,49,1433,8,6000,1.0341939986
97317,97392,98815,75,1423,8,6000,1.05270555165
97389,97439,98891,50,1452,8,6000,1.03443526171
97440,97574,99007,134,1433,8,6000,1.09351011863
97573,97661,99089,88,1428,8,6000,1.06162464986
97665,97671,99113,6,1442,8,6000,1.00416088766
97675,97696,99120,21,1424,8,6000,1.01474719101
97696,97760,99186,64,1426,8,6000,1.04488078541
97758,97871,99312,113,1441,8,6000,1.07841776544
97870,97941,99376,71,1435,8,6000,1.04947735192
97941,98217,99653,276,1436,8,6000,1.1922005571
98222,98468,99967,246,1499,8,6000,1.16410940627
98467,98505,99962,38,1457,8,6000,1.02608098833
98508,98547,99995,39,1448,8,6000,1.02693370166
98549,98585,100318,36,1733,8,6000,1.02077322562
98590,98716,100149,126,1433,8,6000,1.08792742498
98607,98613,98622,6,9,1,1800,1.5
98713,98761,100200,48,1439,8,6000,1.03335649757
98747,98754,98884,7,130,1,3600,1.05384615385
98764,98826,100266,62,1440,8,6000,1.04305555556
98768,98774,98857,6,83,1,1800,1.07228915663
98825,98902,100344,77,1442,8,6000,1.05339805825
98897,98908,99036,11,128,1,3600,1.0859375
98907,99019,100456,112,1437,8,6000,1.0779401531
99002,99010,99348,8,338,1,3600,1.02366863905
99019,99101,100542,82,1441,8,6000,1.05690492713
99075,99081,99182,6,101,1,1800,1.05940594059
99101,99125,100582,24,1457,8,6000,1.01647220316
99122,99132,100596,10,1464,8,6000,1.00683060109
99132,99197,100644,65,1447,8,6000,1.04492052522
99155,99161,99503,6,342,1,3600,1.01754385965
99194,99323,100762,129,1439,8,6000,1.08964558721
99327,99388,100859,61,1471,8,6000,1.04146838885
99389,99665,101099,276,1434,8,6000,1.19246861925
99536,99542,145787,6,46245,2,72000,1.00012974376
99565,99571,100342,6,771,1,3600,1.00778210117
99650,99656,100042,6,386,1,1800,1.01554404145
99664,99974,101430,310,1456,8,6000,1.21291208791
99716,99981,100705,265,724,1,3600,1.36602209945
99980,100007,101460,27,1453,8,6000,1.01858224363
100011,100048,101493,37,1445,8,6000,1.02560553633
100055,100161,101617,106,1456,8,6000,1.0728021978
100158,100211,101671,53,1460,8,6000,1.03630136986
100209,100278,101725,69,1447,8,6000,1.04768486524
100280,100329,101776,49,1447,8,6000,1.03386316517
100331,100355,101812,24,1457,8,6000,1.01647220316
100352,100391,101838,39,1447,8,6000,1.02695231513
100393,100467,101920,74,1453,8,6000,1.05092911218
100465,100553,102002,88,1449,8,6000,1.06073153899
100556,100593,102038,37,1445,8,6000,1.02560553633
100598,100607,102056,9,1449,8,6000,1.00621118012
100608,100655,102112,47,1457,8,6000,1.03225806452
100659,100666,102119,7,1453,8,6000,1.00481761872
100670,100720,102206,50,1486,8,6000,1.0336473755
100722,100729,102188,7,1459,8,6000,1.00479780672
100733,100744,102212,11,1468,8,6000,1.00749318801
100743,100774,102228,31,1454,8,6000,1.02132049519
100774,100850,102306,76,1456,8,6000,1.0521978022
100846,100870,102338,24,1468,8,6000,1.01634877384
100867,100923,102364,56,1441,8,6000,1.03886190146
100928,100998,102441,70,1443,8,6000,1.04851004851
101000,101110,102562,110,1452,8,6000,1.07575757576
101095,101102,101111,7,9,1,1800,1.6
101112,101441,102895,329,1454,8,6000,1.22627235213
101255,101261,101308,6,47,1,1800,1.12765957447
101437,101471,102934,34,1463,8,6000,1.02323991798
101437,101448,101549,11,101,1,3600,1.10891089109
101468,101504,102955,36,1451,8,6000,1.02481047553
101509,101628,103112,119,1484,8,6000,1.08018867925
101522,101528,101614,6,86,1,1800,1.06976744186
101632,101685,103150,53,1465,8,6000,1.0361774744
101656,101662,101957,6,295,1,3600,1.02033898305
101673,101679,101776,6,97,1,3600,1.0618556701
101684,101736,103191,52,1455,8,6000,1.03573883162
101735,101788,103240,53,1452,8,6000,1.03650137741
101786,101824,103278,38,1454,8,6000,1.02613480055
101827,101834,103284,7,1450,8,6000,1.00482758621
101838,101849,103303,11,1454,8,6000,1.007565337
101848,101931,103384,83,1453,8,6000,1.05712319339
101884,101890,102181,6,291,1,3600,1.0206185567
101930,102013,103470,83,1457,8,6000,1.05696636925
102011,102049,103526,38,1477,8,6000,1.02572782668
102052,102067,103531,15,1464,8,6000,1.01024590164
102063,102074,103542,11,1468,8,6000,1.00749318801
102073,102123,103569,50,1446,8,6000,1.03457814661
102124,102130,103583,6,1453,8,6000,1.00412938747
102135,102199,103655,64,1456,8,6000,1.04395604396
102196,102217,103674,21,1457,8,6000,1.01441317776
102212,102228,102492,16,264,1,1800,1.06060606061
102217,102223,103736,6,1513,8,6000,1.0039656312
102227,102241,103704,14,1463,8,6000,1.00956937799
102229,102234,102772,5,538,1,3600,1.0092936803
102238,102317,103776,79,1459,8,6000,1.05414667581
102319,102349,103805,30,1456,8,6000,1.0206043956
102350,102375,103831,25,1456,8,6000,1.01717032967
102371,102452,103906,81,1454,8,6000,1.05570839065
102452,102573,104077,121,1504,8,6000,1.08045212766
102455,102502,103036,47,534,1,3600,1.08801498127
102576,102906,104369,330,1463,8,6000,1.22556390977
102902,102946,104406,44,1460,8,6000,1.0301369863
102943,102966,104440,23,1474,8,6000,1.01560379919
102964,103124,104588,160,1464,8,6000,1.10928961749
103127,103161,104629,34,1468,8,6000,1.02316076294
103158,103203,104662,45,1459,8,6000,1.03084304318
103199,103251,104712,52,1461,8,6000,1.03559206023
103251,103289,104750,38,1461,8,6000,1.02600958248
103292,103298,104754,6,1456,8,6000,1.00412087912
103302,103314,104779,12,1465,8,6000,1.00819112628
103313,103395,104870,82,1475,8,6000,1.05559322034
103395,103481,104967,86,1486,8,6000,1.05787348587
103477,103537,105013,60,1476,8,6000,1.0406504065
103538,103545,105020,7,1475,8,6000,1.00474576271
103549,103555,105023,6,1468,8,6000,1.00408719346
103560,103580,105039,20,1459,8,6000,1.01370801919
103580,103595,105081,15,1486,8,6000,1.01009421265
103591,103666,105395,75,1729,8,6000,1.04337767496
103663,103685,105149,22,1464,8,6000,1.0150273224
103681,103715,108695,34,4980,5,14400,1.00682730924
103713,103721,108679,8,4958,5,14400,1.00161355385
103723,103747,108301,24,4554,5,14400,1.00527009223
103744,103787,108098,43,4311,5,14400,1.00997448388
103785,103793,108970,8,5177,5,14400,1.0015452965
103796,103817,107778,21,3961,5,14400,1.00530169149
103816,103842,108254,26,4412,5,14400,1.00589301904
103847,103854,108300,7,4446,5,14400,1.00157444894
103858,103917,108179,59,4262,5,14400,1.01384326607
103919,103926,107929,7,4003,5,14400,1.00174868848
103930,104088,108199,158,4111,5,14400,1.03843347117
103953,104457,105395,504,938,4,14400,1.53731343284
104093,104380,109263,287,4883,5,14400,1.05877534303
104379,104386,109126,7,4740,5,14400,1.00147679325
104389,104417,108562,28,4145,5,14400,1.00675512666
104420,104451,108863,31,4412,5,14400,1.00702629193
104451,104600,108837,149,4237,5,14400,1.03516639131
104604,104611,109401,7,4790,5,14400,1.00146137787
104615,104640,109352,25,4712,5,14400,1.00530560272
104636,104673,108926,37,4253,5,14400,1.00869974136
104677,104683,108961,6,4278,5,14400,1.00140252454
104687,104724,108609,37,3885,5,14400,1.00952380952
104729,104735,108880,6,4145,5,14400,1.00144752714
104739,104761,109444,22,4683,5,14400,1.00469784326
104760,104767,109207,7,4440,5,14400,1.00157657658
104771,104777,109447,6,4670,5,14400,1.00128479657
104781,104790,108984,9,4194,5,14400,1.00214592275
104792,104881,109740,89,4859,5,14400,1.01831652603
104884,104890,108893,6,4003,5,14400,1.00149887584
104895,104978,109053,83,4075,5,14400,1.02036809816
104977,104985,109710,8,4725,5,14400,1.00169312169
104987,105024,109080,37,4056,5,14400,1.00912228797
105028,105050,108958,22,3908,5,14400,1.00562947799
105049,105056,109715,7,4659,5,14400,1.00150246834
105060,105093,109262,33,4169,5,14400,1.00791556728
105091,105160,109624,69,4464,5,14400,1.01545698925
105163,105169,109559,6,4390,5,14400,1.0013667426
105173,105406,109293,233,3887,5,14400,1.05994340108
105408,105414,110034,6,4620,5,14400,1.0012987013
105418,107790,111808,2372,4018,5,14400,1.59034345445
105852,105858,106635,6,777,4,14400,1.00772200772
106316,106647,106729,331,82,1,1800,5.03658536585
106968,106974,107065,6,91,1,1800,1.06593406593
107572,107578,107938,6,360,1,1800,1.01666666667
107788,107941,112289,153,4348,5,14400,1.03518859246
107941,108109,112764,168,4655,5,14400,1.03609022556
108114,108190,112124,76,3934,5,14400,1.01931875953
108186,108210,112615,24,4405,5,14400,1.00544835414
108206,108265,112993,59,4728,5,14400,1.01247884941
108268,108311,112931,43,4620,5,14400,1.00930735931
108308,108319,113212,11,4893,5,14400,1.00224810954
108319,108574,113333,255,4759,5,14400,1.05358268544
108573,108620,112805,47,4185,5,14400,1.01123058542
108624,108690,113432,66,4742,5,14400,1.01391817798
108686,108706,113151,20,4445,5,14400,1.00449943757
108706,108848,112938,142,4090,5,14400,1.03471882641
108849,108874,113016,25,4142,5,14400,1.00603573153
108879,108892,112795,13,3903,5,14400,1.0033307712
108890,108904,113049,14,4145,5,14400,1.00337756333
108900,108939,113230,39,4291,5,14400,1.00908879049
108941,108970,113820,29,4850,5,14400,1.00597938144
108972,108978,113565,6,4587,5,14400,1.00130804447
108983,108989,113776,6,4787,5,14400,1.00125339461
108993,109000,113717,7,4717,5,14400,1.00148399406
109004,109064,113301,60,4237,5,14400,1.01416096295
109065,109092,113219,27,4127,5,14400,1.00654228253
109087,109099,109144,12,45,1,1800,1.26666666667
109096,109137,113742,41,4605,5,14400,1.00890336591
109137,109218,113247,81,4029,5,14400,1.02010424423
109219,109274,113081,55,3807,5,14400,1.01444707118
109270,109280,114276,10,4996,5,14400,1.00200160128
109281,109305,114002,24,4697,5,14400,1.00510964445
109301,109363,113200,62,3837,5,14400,1.01615845713
109363,109412,113521,49,4109,5,14400,1.01192504259
109385,109392,109468,7,76,1,1800,1.09210526316
109414,109456,114385,42,4929,5,14400,1.00852099817
109455,109463,114128,8,4665,5,14400,1.00171489818
109466,109571,114367,105,4796,5,14400,1.02189324437
109568,109635,114491,67,4856,5,14400,1.01379736409
109640,109722,114275,82,4553,5,14400,1.01801010323
109721,109729,113993,8,4264,5,14400,1.00187617261
109732,109751,114192,19,4441,5,14400,1.00427831569
109753,110045,114531,292,4486,5,14400,1.06509139545
110047,111819,115808,1772,3989,5,14400,1.44422160943
110098,112854,113283,2756,429,1,1800,7.42424242424
110816,112849,128245,2033,15396,4,18000,1.13204728501
111819,112137,116475,318,4338,5,14400,1.07330567082
112135,112300,117025,165,4725,5,14400,1.03492063492
112298,112626,117430,328,4804,5,14400,1.0682764363
112625,112775,116697,150,3922,5,14400,1.03824579296
112778,112806,117383,28,4577,5,14400,1.00611754424
112809,112816,116853,7,4037,5,14400,1.00173396086
112819,112843,117028,24,4185,5,14400,1.00573476703
112840,112860,117570,20,4710,5,14400,1.0042462845
112861,112886,117814,25,4928,5,14400,1.00507305195
112882,112943,116924,61,3981,5,14400,1.01532278322
112943,112949,117189,6,4240,5,14400,1.00141509434
112954,113005,117168,51,4163,5,14400,1.01225078069
113005,113027,116984,22,3957,5,14400,1.0055597675
113026,113060,117342,34,4282,5,14400,1.00794021485
113057,113093,117295,36,4202,5,14400,1.00856734888
113098,113162,117546,64,4384,5,14400,1.01459854015
113160,113211,117231,51,4020,5,14400,1.01268656716
113211,113223,117630,12,4407,5,14400,1.00272294078
113222,113230,117090,8,3860,5,14400,1.00207253886
113232,113241,118378,9,5137,5,14400,1.00175199533
113243,113259,117378,16,4119,5,14400,1.00388443797
113264,113312,118175,48,4863,5,14400,1.00987045034
113317,113345,118207,28,4862,5,14400,1.00575894694
113347,113532,114978,185,1446,8,6000,1.12793914246
113531,113577,115043,46,1466,8,6000,1.03137789905
113572,113753,115184,181,1431,8,6000,1.12648497554
113756,113833,115266,77,1433,8,6000,1.05373342638
113838,114005,115431,167,1426,8,6000,1.11711079944
114001,114139,115571,138,1432,8,6000,1.09636871508
114144,114203,115664,59,1461,8,6000,1.04038329911
114206,114287,115724,81,1437,8,6000,1.05636743215
114288,114396,115833,108,1437,8,6000,1.0751565762
114400,114503,115928,103,1425,8,6000,1.07228070175
114502,114989,116431,487,1442,8,6000,1.33772538141
114991,115054,116476,63,1422,8,6000,1.04430379747
115053,115195,116630,142,1435,8,6000,1.09895470383
115196,115278,116711,82,1433,8,6000,1.05722260991
115278,115442,116880,164,1438,8,6000,1.1140472879
115441,115582,117011,141,1429,8,6000,1.09867039888
115584,115675,117116,91,1441,8,6000,1.06315058987
115676,115735,117213,59,1478,8,6000,1.0399188092
115738,115744,117180,6,1436,8,6000,1.00417827298
115748,115755,117197,7,1442,8,6000,1.00485436893
115759,115819,117283,60,1464,8,6000,1.04098360656
115821,115844,117304,23,1460,8,6000,1.01575342466
115841,115941,117387,100,1446,8,6000,1.06915629322
115944,116444,117882,500,1438,8,6000,1.34770514604
116443,116488,117937,45,1449,8,6000,1.03105590062
116484,116494,117941,10,1447,8,6000,1.00691085003
116495,116641,118074,146,1433,8,6000,1.10188415911
116554,116708,116802,154,94,4,18000,2.63829787234
116638,116722,118186,84,1464,8,6000,1.05737704918
116720,116865,118299,145,1434,8,6000,1.10111576011
116863,116891,118637,28,1746,8,6000,1.01603665521
116894,116996,118451,102,1455,8,6000,1.07010309278
116996,117022,118450,26,1428,8,6000,1.01820728291
117027,117037,118473,10,1436,8,6000,1.0069637883
117038,117101,118547,63,1446,8,6000,1.04356846473
117099,117128,118577,29,1449,8,6000,1.02001380262
117130,117180,118621,50,1441,8,6000,1.0346981263
117182,117191,118634,9,1443,8,6000,1.00623700624
117192,117209,118656,17,1447,8,6000,1.01174844506
117213,117226,118672,13,1446,8,6000,1.00899031812
117224,117243,118694,19,1451,8,6000,1.01309441764
117245,117294,118749,49,1455,8,6000,1.03367697595
117296,117316,118760,20,1444,8,6000,1.01385041551
117317,117353,118797,36,1444,8,6000,1.02493074792
117358,117389,118829,31,1440,8,6000,1.02152777778
117389,117399,119181,10,1782,8,6000,1.00561167228
117400,117441,118887,41,1446,8,6000,1.02835408022
117441,117557,119008,116,1451,8,6000,1.07994486561
117554,117641,119104,87,1463,8,6000,1.05946684894
117646,117894,119335,248,1441,8,6000,1.17210270645
117890,117948,119441,58,1493,8,6000,1.03884795713
117952,117958,119407,6,1449,8,6000,1.00414078675
117962,118085,119542,123,1457,8,6000,1.08442004118
118085,118186,119631,101,1445,8,6000,1.06989619377
118187,118198,119686,11,1488,8,6000,1.00739247312
118198,118219,119663,21,1444,8,6000,1.01454293629
118219,118310,119830,91,1520,8,6000,1.05986842105
118311,118462,119923,151,1461,8,6000,1.10335386721
118443,118449,120668,6,2219,4,14400,1.00270392068
118464,118470,119935,6,1465,8,6000,1.00409556314
118475,118486,119939,11,1453,8,6000,1.0075705437
118481,118492,122211,11,3719,2,21600,1.00295778435
118485,118558,120011,73,1453,8,6000,1.05024088094
118557,118590,120049,33,1459,8,6000,1.02261823167
118588,118634,120096,46,1462,8,6000,1.03146374829
118630,118646,120105,16,1459,8,6000,1.01096641535
118650,118656,120104,6,1448,8,6000,1.00414364641
118661,118675,120132,14,1457,8,6000,1.00960878518
118672,118683,120145,11,1462,8,6000,1.00752393981
118682,118705,120448,23,1743,8,6000,1.0131956397
118703,118761,120220,58,1459,8,6000,1.03975325565
118765,118771,120225,6,1454,8,6000,1.00412654746
118775,118811,120280,36,1469,8,6000,1.02450646698
118817,118841,120304,24,1463,8,6000,1.01640464798
118837,118899,120358,62,1459,8,6000,1.04249485949
118899,119020,120483,121,1463,8,6000,1.08270676692
119022,119116,120570,94,1454,8,6000,1.06464924347
119113,119192,120662,79,1470,8,6000,1.0537414966
119195,119346,120813,151,1467,8,6000,1.10293115201
119348,119418,120894,70,1476,8,6000,1.04742547425
119420,119452,120911,32,1459,8,6000,1.02193283071
119451,119553,121015,102,1462,8,6000,1.06976744186
119554,119643,121129,89,1486,8,6000,1.0598923284
119646,119674,121138,28,1464,8,6000,1.01912568306
119661,119667,123303,6,3636,2,3600,1.00165016502
119677,119697,121163,20,1466,8,6000,1.0136425648
119695,243422,265071,123727,21649,4,172800,6.71513695783
119697,119842,121309,145,1467,8,6000,1.09884117246
119756,121145,121197,1389,52,4,14400,27.7115384615
119759,121425,121474,1666,49,4,14400,35.0
119761,121632,121685,1871,53,4,14400,36.3018867925
119761,121570,121621,1809,51,4,14400,36.4705882353
119762,121782,121835,2020,53,4,14400,39.1132075472
119762,121846,121886,2084,40,4,14400,53.1
119762,121709,121757,1947,48,4,14400,41.5625
119840,119935,121401,95,1466,8,6000,1.06480218281
119932,119947,121425,15,1478,8,6000,1.0101488498
119943,119953,121413,10,1460,8,6000,1.00684931507
119954,120022,121553,68,1531,8,6000,1.04441541476
120025,120061,121524,36,1463,8,6000,1.02460697198
120030,120036,125151,6,5115,2,21600,1.00117302053
120056,120107,121600,51,1493,8,6000,1.03415941058
120108,120116,121580,8,1464,8,6000,1.00546448087
120118,120125,121591,7,1466,8,6000,1.00477489768
120129,120144,121604,15,1460,8,6000,1.0102739726
120140,120156,121648,16,1492,8,6000,1.01072386059
120161,120232,121690,71,1458,8,6000,1.04869684499
120232,120238,121713,6,1475,8,6000,1.00406779661
120243,120291,121766,48,1475,8,6000,1.03254237288
120294,120315,121785,21,1470,8,6000,1.01428571429
120315,120370,121850,55,1480,8,6000,1.03716216216
120367,120459,121939,92,1480,8,6000,1.06216216216
120459,120494,121945,35,1451,8,6000,1.02412129566
120497,120581,125524,84,4943,5,14400,1.0169937285
120579,120587,125125,8,4538,5,14400,1.00176289114
120589,120674,125675,85,5001,5,14400,1.01699660068
120671,120681,120703,10,22,5,14400,1.45454545455
120682,120714,125599,32,4885,5,14400,1.0065506653
120691,120697,123131,6,2434,2,21600,1.00246507806
120713,120826,124912,113,4086,5,14400,1.02765540871
120825,120905,125487,80,4582,5,14400,1.01745962462
120907,120914,125700,7,4786,5,14400,1.00146259925
120919,120925,125406,6,4481,5,14400,1.00133898683
120929,121027,125117,98,4090,5,14400,1.0239608802
121032,121038,125043,6,4005,5,14400,1.00149812734
121042,121140,126283,98,5143,5,14400,1.01905502625
121145,121152,125983,7,4831,5,14400,1.00144897537
121155,121174,125361,19,4187,5,14400,1.00453785527
121176,121182,125927,6,4745,5,14400,1.00126448894
121187,121209,125539,22,4330,5,14400,1.00508083141
121208,121320,126288,112,4968,5,14400,1.02254428341
121314,121325,123156,11,1831,2,21600,1.0060076461
121320,121413,126035,93,4622,5,14400,1.02012115967
121412,121419,125744,7,4325,5,14400,1.00161849711
121423,121438,125671,15,4233,5,14400,1.00354358611
121434,121444,125568,10,4124,5,14400,1.00242483026
121444,121486,125818,42,4332,5,14400,1.00969529086
121485,121535,121551,50,16,5,14400,4.125
121537,121562,126202,25,4640,5,14400,1.00538793103
121568,121576,126415,8,4839,5,14400,1.00165323414
121578,121591,125867,13,4276,5,14400,1.00304022451
121589,121598,126927,9,5329,5,14400,1.00168887221
121600,121606,125632,6,4026,5,14400,1.00149031297
121611,121617,125772,6,4155,5,14400,1.00144404332
121621,121627,126605,6,4978,5,14400,1.00120530333
121632,121638,121654,6,16,5,14400,1.375
121643,121649,125734,6,4085,5,14400,1.00146878825
121653,121659,126609,6,4950,5,14400,1.00121212121
121655,121665,126044,10,4379,5,14400,1.0022836264
121665,121696,126470,31,4774,5,14400,1.00649350649
121696,121703,126601,7,4898,5,14400,1.00142915476
121707,121724,125906,17,4182,5,14400,1.00406504065
121728,121769,126496,41,4727,5,14400,1.00867357732
121769,121777,125930,8,4153,5,14400,1.00192631832
121772,245987,312798,124215,66811,6,604800,2.85919983236
121779,121796,125937,17,4141,5,14400,1.00410528858
121800,121806,126621,6,4815,5,14400,1.00124610592
121811,121861,125724,50,3863,5,14400,1.01294330831
121862,121898,126349,36,4451,5,14400,1.0080880701
121884,124164,127091,2280,2927,16,36000,1.77895456098
121903,121952,126953,49,5001,5,14400,1.00979804039
121955,121961,127019,6,5058,5,14400,1.00118623962
121965,121974,127071,9,5097,5,14400,1.00176574456
121976,122130,126987,154,4857,5,14400,1.03170681491
122054,122060,194067,6,72007,2,72000,1.00008332523
122122,127103,127514,4981,411,16,36000,13.1192214112
122129,124266,128395,2137,4129,5,14400,1.51755873093
122224,122230,125799,6,3569,2,21600,1.00168114318
122240,123167,130202,927,7035,4,14400,1.13176972281
122526,127525,129809,4999,2284,16,36000,3.18870402802
122830,130214,130259,7384,45,4,14400,165.088888889
122833,130265,130303,7432,38,4,14400,196.578947368
122834,130390,130444,7556,54,4,14400,140.925925926
122834,130327,130379,7493,52,4,14400,145.096153846
122834,130494,130558,7660,64,4,14400,120.6875
122835,131824,131878,8989,54,4,14400,167.462962963
122835,131744,131811,8909,67,4,14400,133.970149254
122835,130571,130624,7736,53,4,14400,146.962264151
122835,130659,131738,7824,1079,4,14400,8.25115848007
122891,122897,126506,6,3609,2,21600,1.00166251039
123471,123477,127327,6,3850,2,21600,1.00155844156
124076,125163,125252,1087,89,2,21600,13.2134831461
124271,124923,129652,652,4729,5,14400,1.13787270036
124621,125264,125358,643,94,2,21600,7.84042553191
124923,125054,129618,131,4564,5,14400,1.0287028922
125056,125129,129260,73,4131,5,14400,1.01767126604
125128,125136,129233,8,4097,5,14400,1.00195264828
125139,125376,129425,237,4049,5,14400,1.0585329711
125147,125154,127801,7,2647,1,18000,1.00264450321
125242,125945,135016,703,9071,4,36000,1.0774997244
125308,125370,130500,62,5130,2,21600,1.01208576998
125374,125417,125440,43,23,5,14400,2.86956521739
125415,125451,130027,36,4576,5,14400,1.00786713287
125456,125499,130305,43,4806,5,14400,1.0089471494
125497,125535,130877,38,5342,5,14400,1.00711344066
125538,125550,130294,12,4744,5,14400,1.00252951096
125549,125579,130535,30,4956,5,14400,1.00605326877
125580,125611,129815,31,4204,5,14400,1.00737392959
125611,125644,129644,33,4000,5,14400,1.00825
125642,125682,130447,40,4765,5,14400,1.00839454355
125683,125689,130291,6,4602,5,14400,1.00130378096
125694,125711,129759,17,4048,5,14400,1.00419960474
125714,125735,130941,21,5206,5,14400,1.00403380715
125735,125745,125767,10,22,5,14400,1.45454545455
125746,125755,129827,9,4072,5,14400,1.00221021611
125757,125779,130047,22,4268,5,14400,1.00515463918
125778,125785,131051,7,5266,5,14400,1.00132928219
125788,125829,130419,41,4590,5,14400,1.00893246187
125829,125878,130702,49,4824,5,14400,1.01015754561
125881,125917,131317,36,5400,5,14400,1.00666666667
125922,125938,130472,16,4534,5,14400,1.00352889281
125943,125951,130554,8,4603,5,14400,1.00173799696
125953,125996,130754,43,4758,5,14400,1.00903741068
125996,126047,130761,51,4714,5,14400,1.01081883751
126047,126055,130254,8,4199,5,14400,1.00190521553
126058,126214,130694,156,4480,5,14400,1.03482142857
126097,126365,131153,268,4788,2,21600,1.0559732665
126104,126626,128331,522,1705,4,36000,1.30615835777
126211,126295,130959,84,4664,5,14400,1.0180102916
126268,126371,129022,103,2651,1,36000,1.03885326292
126294,126302,130569,8,4267,5,14400,1.00187485353
126305,126360,130526,55,4166,5,14400,1.01320211234
126356,126427,130694,71,4267,5,14400,1.01663932505
126415,126517,129170,102,2653,1,36000,1.03844704109
126428,126481,130579,53,4098,5,14400,1.01293313812
126479,126508,130743,29,4235,5,14400,1.00684769776
126510,126612,131376,102,4764,5,14400,1.02141057935
126583,127338,132720,755,5382,4,36000,1.14028242289
126592,128342,131974,1750,3632,4,36000,1.48182819383
126612,126620,132071,8,5451,5,14400,1.00146762062
126623,126632,130647,9,4015,5,14400,1.00224159402
126635,126744,130880,109,4136,5,14400,1.02635396518
126737,126938,131211,201,4273,5,14400,1.04703955067
126814,126821,128368,7,1547,1,3600,1.00452488688
126942,126964,130969,22,4005,5,14400,1.00549313358
126962,126999,131326,37,4327,5,14400,1.00855095909
127004,127030,131428,26,4398,5,14400,1.00591177808
127032,127038,127137,6,99,2,21600,1.06060606061
127035,127083,131553,48,4470,5,14400,1.01073825503
127086,128255,132270,1169,4015,5,14400,1.29115815691
127235,129397,137603,2162,8206,4,36000,1.26346575676
127241,129771,135794,2530,6023,4,36000,1.42005645027
127889,130025,134299,2136,4274,2,21600,1.49976602714
127958,129664,129716,1706,52,2,1800,33.8076923077
127958,129669,129720,1711,51,2,1800,34.5490196078
127958,129727,129779,1769,52,2,1800,35.0192307692
127958,129735,129785,1777,50,2,1800,36.54
127959,129777,129819,1818,42,2,1800,44.2857142857
127959,129791,129842,1832,51,2,1800,36.9215686275
127959,129797,129848,1838,51,2,1800,37.0392156863
127959,129826,129879,1867,53,2,1800,36.2264150943
127960,129832,129884,1872,52,2,1800,37.0
127960,129853,129905,1893,52,2,1800,37.4038461538
127960,129859,129911,1899,52,2,1800,37.5192307692
127960,129890,129941,1930,51,2,1800,38.8431372549
127960,129897,129951,1937,54,2,1800,36.8703703704
127961,129916,129968,1955,52,2,1800,38.5961538462
127961,129922,129974,1961,52,2,1800,38.7115384615
127961,129953,130005,1992,52,2,1800,39.3076923077
127961,129962,130014,2001,52,2,1800,39.4807692308
127962,129979,130031,2017,52,2,1800,39.7884615385
127962,129986,130038,2024,52,2,1800,39.9230769231
127962,130016,130068,2054,52,2,1800,40.5
128250,128406,132753,156,4347,5,14400,1.0358868185
128250,129820,138071,1570,8251,16,36000,1.19027996606
128383,128389,131069,6,2680,1,18000,1.00223880597
128403,129244,133248,841,4004,5,14400,1.21003996004
128507,130039,131924,1532,1885,2,21600,1.81273209549
128532,129111,131764,579,2653,1,18000,1.21824349793
128669,129181,131782,512,2601,1,18000,1.1968473664
128744,247429,247431,118685,2,8,86400,11868.7
128839,129034,129100,195,66,1,18000,3.95454545455
129179,130320,173560,1141,43240,6,43200,1.02638760407
129195,130044,136408,849,6364,2,21600,1.13340666248
129241,129272,134183,31,4911,5,14400,1.00631236001
129272,129436,133694,164,4258,5,14400,1.03851573509
129436,129629,134751,193,5122,5,14400,1.03768059352
129630,129656,134461,26,4805,5,14400,1.00541103018
129658,129838,131262,180,1424,8,6000,1.12640449438
129738,130050,137865,312,7815,2,21600,1.03992322457
129842,130058,131473,216,1415,8,6000,1.15265017668
130059,130315,131743,256,1428,8,6000,1.17927170868
130143,130149,132765,6,2616,1,18000,1.00229357798
130177,130277,130300,100,23,2,1800,5.34782608696
130177,130271,130293,94,22,2,1800,5.27272727273
130177,130283,130306,106,23,2,1800,5.60869565217
130178,130302,130324,124,22,2,1800,6.63636363636
130178,130308,130330,130,22,2,1800,6.90909090909
130178,130332,130354,154,22,2,1800,8.0
130178,130338,130359,160,21,2,1800,8.61904761905
130178,130344,130371,166,27,2,1800,7.14814814815
130179,130371,130393,192,22,2,1800,9.72727272727
130179,130382,130404,203,22,2,1800,10.2272727273
130179,130399,130420,220,21,2,1800,11.4761904762
130179,130365,130386,186,21,2,1800,9.85714285714
130180,130442,130464,262,22,2,1800,12.9090909091
130180,130448,130469,268,21,2,1800,13.7619047619
130180,130415,130437,235,22,2,1800,11.6818181818
130180,130405,130426,225,21,2,1800,11.7142857143
130180,130435,130457,255,22,2,1800,12.5909090909
130181,130475,130496,294,21,2,1800,15.0
130181,130469,130491,288,22,2,1800,14.0909090909
130181,130454,130476,273,22,2,1800,13.4090909091
130315,130461,130482,146,21,8,6000,7.95238095238
130424,130430,133715,6,3285,4,3600,1.00182648402
130458,130483,131896,25,1413,8,6000,1.01769285209
130489,130502,131962,13,1460,8,6000,1.00890410959
130499,130538,131954,39,1416,8,6000,1.02754237288
130512,130518,130523,6,5,1,600,1.1
130541,130565,131976,24,1411,8,6000,1.01700921332
130562,130580,132289,18,1709,8,6000,1.01053247513
130582,130635,132050,53,1415,8,6000,1.03745583039
130634,130705,132112,71,1407,8,6000,1.05046197584
130705,130714,132133,9,1419,8,6000,1.00634249471
130716,130765,132191,49,1426,8,6000,1.03436185133
130767,130774,132202,7,1428,8,6000,1.00490196078
130778,130891,132295,113,1404,8,6000,1.08048433048
130891,130971,132403,80,1432,8,6000,1.05586592179
130974,130982,132393,8,1411,8,6000,1.00566973777
130984,131164,132582,180,1418,8,6000,1.1269393512
131168,131273,132683,105,1410,8,6000,1.07446808511
131271,131328,132744,57,1416,8,6000,1.04025423729
131332,131338,132744,6,1406,8,6000,1.00426742532
131343,131439,132842,96,1403,8,6000,1.06842480399
131367,131388,131545,21,157,1,1800,1.13375796178
131435,131484,131502,49,18,8,6000,3.72222222222
131487,131515,132923,28,1408,8,6000,1.01988636364
131518,131755,133166,237,1411,8,6000,1.16796598157
131595,131602,131603,7,1,1,600,1.0
131700,131707,132072,7,365,1,3600,1.01917808219
131752,131793,133212,41,1419,8,6000,1.02889358703
131793,131908,133346,115,1438,8,6000,1.07997218359
131906,131965,133378,59,1413,8,6000,1.04175513093
131967,131973,133387,6,1414,8,6000,1.00424328147
131978,131985,133397,7,1412,8,6000,1.00495750708
131988,131994,132011,6,17,8,6000,1.35294117647
131999,132024,133433,25,1409,8,6000,1.0177430802
132020,132061,133494,41,1433,8,6000,1.02861130495
132061,132083,133502,22,1419,8,6000,1.01550387597
132081,132123,133579,42,1456,8,6000,1.02884615385
132122,132144,133563,22,1419,8,6000,1.01550387597
132143,132203,133615,60,1412,8,6000,1.04249291785
132205,132213,133628,8,1415,8,6000,1.00565371025
132216,132300,133707,84,1407,8,6000,1.05970149254
132303,132309,133722,6,1413,8,6000,1.0042462845
132314,132405,133815,91,1410,8,6000,1.06453900709
132406,132415,133821,9,1406,8,6000,1.00640113798
132416,132593,132615,177,22,8,6000,9.04545454545
132590,132626,134039,36,1413,8,6000,1.02547770701
132631,132694,134127,63,1433,8,6000,1.04396371249
132692,132731,134166,39,1435,8,6000,1.02717770035
132733,132755,134161,22,1406,8,6000,1.01564722617
132754,132761,134178,7,1417,8,6000,1.00494001411
132764,132854,134275,90,1421,8,6000,1.0633356791
132842,132848,134446,6,1598,4,14400,1.00375469337
132842,134458,134512,1616,54,4,14400,30.9259259259
132843,134798,134862,1955,64,4,14400,31.546875
132844,134937,134989,2093,52,4,14400,41.25
132844,134873,134926,2029,53,4,14400,39.2830188679
132845,135002,135054,2157,52,4,14400,42.4807692308
132846,135065,135119,2219,54,4,14400,42.0925925926
132846,135131,135181,2285,50,4,14400,46.7
132847,135192,135243,2345,51,4,14400,46.9803921569
132848,135255,135307,2407,52,4,14400,47.2884615385
132856,132934,134356,78,1422,8,6000,1.05485232068
132938,133178,134601,240,1423,8,6000,1.16865776528
133184,133224,134664,40,1440,8,6000,1.02777777778
133225,133260,134679,35,1419,8,6000,1.02466525722
133244,133627,133781,383,154,4,18000,3.48701298701
133266,133357,134781,91,1424,8,6000,1.06390449438
133357,133390,134819,33,1429,8,6000,1.02309307208
133388,133399,134810,11,1411,8,6000,1.00779588944
133398,133409,134831,11,1422,8,6000,1.00773558368
133409,133445,134856,36,1411,8,6000,1.02551381999
133450,133505,134911,55,1406,8,6000,1.03911806543
133501,133513,134932,12,1419,8,6000,1.00845665962
133512,133574,134985,62,1411,8,6000,1.04394046775
133573,133591,133609,18,18,8,6000,2.0
133594,133620,135024,26,1404,8,6000,1.01851851852
133625,133640,135060,15,1420,8,6000,1.01056338028
133636,133705,135157,69,1452,8,6000,1.04752066116
133636,247442,819635,113806,572193,3,604800,1.19889442898
133707,133718,135135,11,1417,8,6000,1.00776287932
133718,133791,135260,73,1469,8,6000,1.04969366916
133723,133733,148230,10,14497,8,14400,1.00068979789
133790,133826,135598,36,1772,8,6000,1.02031602709
133831,133837,135255,6,1418,8,6000,1.00423131171
133842,134051,134071,209,20,8,6000,11.45
134056,134082,135495,26,1413,8,6000,1.01840056617
134087,134138,135567,51,1429,8,6000,1.03568929321
134139,134173,135589,34,1416,8,6000,1.02401129944
134170,134179,135606,9,1427,8,6000,1.00630693763
134180,134189,135614,9,1425,8,6000,1.00631578947
134192,134286,135699,94,1413,8,6000,1.06652512385
134283,134310,135728,27,1418,8,6000,1.01904090268
134314,134367,135783,53,1416,8,6000,1.03742937853
134366,134524,135937,158,1413,8,6000,1.11181882519
134529,134613,136032,84,1419,8,6000,1.05919661734
134611,134676,136110,65,1434,8,6000,1.04532775453
134673,134690,136133,17,1443,8,6000,1.01178101178
134693,134792,136212,99,1420,8,6000,1.06971830986
134796,134821,136598,25,1777,8,6000,1.01406865504
134827,134833,136238,6,1405,8,6000,1.00427046263
134837,134843,136260,6,1417,8,6000,1.00423429781
134848,134867,136363,19,1496,8,6000,1.01270053476
134869,134922,136340,53,1418,8,6000,1.03737658674
134920,134944,136365,24,1421,8,6000,1.01688951443
134941,134996,136408,55,1412,8,6000,1.03895184136
134992,135036,136461,44,1425,8,6000,1.03087719298
135023,135029,140191,6,5162,4,18000,1.00116234018
135033,135073,136482,40,1409,8,6000,1.02838892832
135074,135147,135169,73,22,8,6000,4.31818181818
135146,135169,136602,23,1433,8,6000,1.01605024424
135167,135180,136611,13,1431,8,6000,1.00908455625
135177,135266,136702,89,1436,8,6000,1.06197771588
135269,135275,136701,6,1426,8,6000,1.00420757363
135280,135506,136925,226,1419,8,6000,1.1592670895
135504,135578,137002,74,1424,8,6000,1.05196629213
135575,135600,137026,25,1426,8,6000,1.0175315568
135596,135606,140275,10,4669,5,14400,1.00214178625
135607,135613,140061,6,4448,5,14400,1.00134892086
135614,135620,135689,6,69,4,7200,1.08695652174
135618,135627,140377,9,4750,5,14400,1.00189473684
135628,135634,139722,6,4088,5,14400,1.00146771037
135639,135645,140212,6,4567,5,14400,1.00131377272
135649,135700,139855,51,4155,5,14400,1.01227436823
135701,135710,139874,9,4164,5,14400,1.00216138329
135711,135739,140387,28,4648,5,14400,1.00602409639
135724,135730,135758,6,28,2,3600,1.21428571429
135742,135769,139826,27,4057,5,14400,1.00665516391
135773,135794,139850,21,4056,5,14400,1.00517751479
135794,135806,139941,12,4135,5,14400,1.00290205562
135805,135948,140823,143,4875,5,14400,1.02933333333
135806,135954,137406,148,1452,4,14400,1.10192837466
135948,136044,141371,96,5327,5,14400,1.01802140041
136040,136050,140168,10,4118,5,14400,1.00242836328
136050,136121,140595,71,4474,5,14400,1.01586946804
136122,136145,140319,23,4174,5,14400,1.00551030187
136143,136152,140823,9,4671,5,14400,1.00192678227
136153,136223,141625,70,5402,5,14400,1.01295816364
136225,136249,140292,24,4043,5,14400,1.005936186
136246,136260,140350,14,4090,5,14400,1.00342298289
136257,136271,140213,14,3942,5,14400,1.0035514967
136268,136277,140462,9,4185,5,14400,1.00215053763
136278,136351,141020,73,4669,5,14400,1.01563503962
136351,136374,141062,23,4688,5,14400,1.00490614334
136372,136381,141094,9,4713,5,14400,1.00190961171
136382,136388,140504,6,4116,5,14400,1.00145772595
136394,136419,141285,25,4866,5,14400,1.00513769009
136416,136425,140579,9,4154,5,14400,1.00216658642
136426,136472,140494,46,4022,5,14400,1.01143709597
136468,136479,141307,11,4828,5,14400,1.00227837614
136479,136494,140627,15,4133,5,14400,1.00362932495
136490,136501,140487,11,3986,5,14400,1.00275965881
136500,136609,141350,109,4741,5,14400,1.02299093018
136551,136616,142080,65,5464,2,21600,1.01189604685
136614,136622,140700,8,4078,5,14400,1.00196174595
136624,136630,141302,6,4672,5,14400,1.00128424658
136635,136641,141120,6,4479,5,14400,1.00133958473
136646,136713,140792,67,4079,5,14400,1.01642559451
136717,136723,140945,6,4222,5,14400,1.00142112743
136728,136734,140682,6,3948,5,14400,1.00151975684
136738,136936,141056,198,4120,5,14400,1.04805825243
136933,136942,141570,9,4628,5,14400,1.00194468453
136943,137013,140807,70,3794,5,14400,1.0184501845
137015,137038,141340,23,4302,5,14400,1.00534635053
137036,137045,141875,9,4830,5,14400,1.00186335404
137046,139733,144294,2687,4561,5,14400,1.58912519184
137100,137614,138260,514,646,8,1500,1.79566563467
137100,138271,138907,1171,636,8,1500,2.84119496855
137101,140834,141482,3733,648,8,1500,6.76080246914
137101,140211,140844,3110,633,8,1500,5.9131121643
137101,138918,139560,1817,642,8,1500,3.83021806854
137101,139571,140200,2470,629,8,1500,4.92686804452
137102,141501,142133,4399,632,8,1500,7.96044303797
137102,141318,141960,4216,642,8,1500,7.56697819315
137102,140856,141485,3754,629,8,1500,6.96820349762
137102,141494,142128,4392,634,8,1500,7.92744479495
137103,141971,142619,4868,648,8,1500,8.51234567901
137103,142139,142777,5036,638,8,1500,8.8934169279
137103,142146,142778,5043,632,8,1500,8.97943037975
137103,142630,143258,5527,628,8,1500,9.80095541401
137104,142788,143419,5684,631,8,1500,10.0079239303
137104,142795,143429,5691,634,8,1500,9.97634069401
137104,143269,143898,6165,629,8,1500,10.8012718601
137104,143430,144067,6326,637,8,1500,10.9309262166
137105,143440,144074,6335,634,8,1500,10.9921135647
137105,143910,144548,6805,638,8,1500,11.6661442006
137105,144078,144710,6973,632,8,1500,12.0332278481
137106,144085,144716,6979,631,8,1500,12.06022187
137106,144561,145195,7455,634,8,1500,12.7586750789
137194,137201,144728,7,7527,2,21600,1.00092998539
137419,137426,137427,7,1,1,18000,1.0
137599,138082,162449,483,24367,16,36000,1.01982189026
137871,137877,138080,6,203,1,18000,1.02955665025
138005,138011,140664,6,2653,1,18000,1.00226159065
138432,140505,150067,2073,9562,2,21600,1.21679564945
138855,138862,139070,7,208,1,18000,1.03365384615
138999,139867,140847,868,980,4,14400,1.88571428571
139292,139298,141989,6,2691,1,18000,1.0022296544
139323,145456,148834,6133,3378,16,36000,2.81557134399
139729,139837,144483,108,4646,5,14400,1.02324580284
139842,139861,144678,19,4817,5,14400,1.00394436371
139863,139886,143929,23,4043,5,14400,1.00568884492
139884,139952,144714,68,4762,5,14400,1.01427971441
139921,154646,154718,14725,72,4,14400,205.513888889
139921,140203,154633,282,14430,4,14400,1.01954261954
139922,154729,154793,14807,64,4,14400,232.359375
139922,154829,154912,14907,83,4,14400,180.602409639
139923,158495,158572,18572,77,4,14400,242.194805195
139924,158971,159047,19047,76,4,14400,251.618421053
139924,158836,158916,18912,80,4,14400,237.4
139925,159058,159125,19133,67,4,14400,286.567164179
139926,159136,159203,19210,67,4,14400,287.71641791
139927,159214,159279,19287,65,4,14400,297.723076923
139955,140073,144590,118,4517,5,14400,1.02612353332
140016,140022,140025,6,3,1,18000,1.0
140052,140511,144186,459,3675,2,21600,1.12489795918
140068,140180,144289,112,4109,5,14400,1.0272572402
140118,140124,140399,6,275,1,18000,1.02181818182
140181,140223,144670,42,4447,5,14400,1.00944456937
140222,140229,144106,7,3877,5,14400,1.00180551973
140232,140286,144509,54,4223,5,14400,1.01278711816
140284,140304,144674,20,4370,5,14400,1.00457665904
140305,140330,144809,25,4479,5,14400,1.00558160304
140336,140361,144871,25,4510,5,14400,1.00554323725
140367,140389,145309,22,4920,5,14400,1.00447154472
140388,140398,145112,10,4714,5,14400,1.00212134069
140398,140411,140572,13,161,1,1800,1.08074534161
140398,140474,144619,76,4145,5,14400,1.01833534379
140470,140498,144793,28,4295,5,14400,1.00651920838
140481,140516,140702,35,186,1,18000,1.18817204301
140501,140522,144924,21,4402,5,14400,1.00477055884
140509,148845,162629,8336,13784,16,36000,1.60475914103
140522,140591,144433,69,3842,5,14400,1.01795939615
140594,140612,144421,18,3809,5,14400,1.00472564978
140599,140605,140992,6,387,1,1800,1.01550387597
140615,140639,145881,24,5242,5,14400,1.00457840519
140636,140694,145708,58,5014,5,14400,1.01156761069
140697,140711,144825,14,4114,5,14400,1.0034030141
140708,140803,145346,95,4543,5,14400,1.0209112921
140752,140758,145272,6,4514,2,21600,1.00132919805
140800,140819,145948,19,5129,5,14400,1.00370442581
140821,140862,145528,41,4666,5,14400,1.00878696957
140862,140956,145885,94,4929,5,14400,1.01907080544
140867,141342,145289,475,3947,4,36000,1.12034456549
140921,144739,147112,3818,2373,4,36000,2.60893383902
140954,141032,145688,78,4656,5,14400,1.01675257732
141036,141067,145584,31,4517,5,14400,1.00686296214
141067,141073,145404,6,4331,5,14400,1.00138536135
141078,141105,145753,27,4648,5,14400,1.00580895009
141109,141131,145608,22,4477,5,14400,1.00491400491
141130,141297,145407,167,4110,5,14400,1.04063260341
141210,141324,141331,114,7,4,18000,12.1
141294,141351,145656,57,4305,5,14400,1.01324041812
141355,141362,146198,7,4836,5,14400,1.00144747725
141366,141382,145447,16,4065,5,14400,1.00393603936
141387,141581,145737,194,4156,5,14400,1.04667949952
141581,141636,146091,55,4455,5,14400,1.01234567901
141591,144689,148940,3098,4251,4,18000,1.72876970125
141632,141886,145881,254,3995,5,14400,1.06357947434
141724,162640,188040,20916,25400,16,36000,1.82346456693
141888,143941,148075,2053,4134,5,14400,1.49661344944
141990,142000,143586,10,1586,1,7200,1.00630517024
142470,144751,146858,2281,2107,4,36000,2.08258186996
142478,144820,148833,2342,4013,4,36000,1.58360328931
142956,142962,148488,6,5526,2,21600,1.00108577633
143307,144197,145712,890,1515,2,14400,1.58745874587
143648,143654,145486,6,1832,1,7200,1.00327510917
143938,144118,148627,180,4509,5,14400,1.03992015968
144122,144300,149160,178,4860,5,14400,1.0366255144
144165,144836,151896,671,7060,4,36000,1.09504249292
144296,144306,148257,10,3951,5,14400,1.00253100481
144306,144432,148624,126,4192,5,14400,1.03005725191
144429,144445,148336,16,3891,5,14400,1.00411205346
144450,144494,148510,44,4016,5,14400,1.0109561753
144491,144501,148734,10,4233,5,14400,1.00236239074
144502,144520,148950,18,4430,5,14400,1.00406320542
144523,144603,148860,80,4257,5,14400,1.01879257693
144537,251066,377264,106529,126198,6,126000,1.84414174551
144541,144727,147935,186,3208,2,21600,1.05798004988
144562,251071,308249,106509,57178,6,126000,2.86276190143
144605,144630,148634,25,4004,5,14400,1.00624375624
144636,144682,149040,46,4358,5,14400,1.0105553006
144654,251077,377281,106423,126204,6,126000,1.84326170327
144687,144695,148558,8,3863,5,14400,1.00207092933
144698,144721,149658,23,4937,5,14400,1.00465869962
144718,144734,148699,16,3965,5,14400,1.00403530895
144729,144745,149406,16,4661,5,14400,1.00343273976
144750,144804,149670,54,4866,5,14400,1.0110974106
144809,144935,146378,126,1443,8,6000,1.08731808732
144932,145123,146554,191,1431,8,6000,1.13347309574
144968,145284,148111,316,2827,2,21600,1.11177927131
145129,145207,146632,78,1425,8,6000,1.05473684211
145210,145321,146753,111,1432,8,6000,1.07751396648
145323,145418,146853,95,1435,8,6000,1.06620209059
145406,145412,149466,6,4054,2,21600,1.00148001973
145415,145464,146896,49,1432,8,6000,1.03421787709
145467,145539,146981,72,1442,8,6000,1.04993065187
145496,145502,146709,6,1207,2,14400,1.00497100249
145538,145619,147048,81,1429,8,6000,1.0566829951
145620,145700,147134,80,1434,8,6000,1.05578800558
145703,145719,147415,16,1696,8,6000,1.00943396226
145723,145749,147208,26,1459,8,6000,1.01782042495
145744,145893,147328,149,1435,8,6000,1.10383275261
145898,145910,151116,12,5206,5,7200,1.00230503265
145898,145905,147358,7,1453,8,6000,1.00481761872
145908,146210,147644,302,1434,8,6000,1.21059972106
145908,145960,151320,52,5360,5,7200,1.00970149254
146083,146871,149689,788,2818,2,21600,1.27963094393
146205,146389,147820,184,1431,8,6000,1.1285814116
146388,148350,153528,1962,5178,5,7200,1.37891077636
146388,146721,151747,333,5026,5,7200,1.06625547155
146389,146566,148023,177,1457,8,6000,1.12148249828
146389,148522,153909,2133,5387,5,7200,1.39595322072
146512,146876,149315,364,2439,2,21600,1.14924149241
146562,146643,148076,81,1433,8,6000,1.0565247732
146563,148569,153646,2006,5077,5,7200,1.39511522553
146644,148636,153792,1992,5156,5,7200,1.38634600465
146644,146764,148196,120,1432,8,6000,1.08379888268
146767,148643,154042,1876,5399,5,7200,1.34747175403
146767,146864,148308,97,1444,8,6000,1.06717451524
146869,146907,148333,38,1426,8,6000,1.02664796634
146910,148650,153777,1740,5127,5,7200,1.33937975424
146910,146992,148426,82,1434,8,6000,1.05718270572
146992,147059,148494,67,1435,8,6000,1.04668989547
146992,148710,153900,1718,5190,5,7200,1.33102119461
147064,147145,148585,81,1440,8,6000,1.05625
147064,148746,153962,1682,5216,5,7200,1.32246932515
147146,148952,154151,1806,5199,5,7200,1.3473744951
147146,147219,148650,73,1431,8,6000,1.05101327743
147218,148961,154136,1743,5175,5,7200,1.3368115942
147218,147340,148768,122,1428,8,6000,1.08543417367
147341,147370,148807,29,1437,8,6000,1.0201809325
147372,149052,154360,1680,5308,5,7200,1.31650339111
147372,147426,148882,54,1456,8,6000,1.03708791209
147423,149171,154229,1748,5058,5,7200,1.34559114274
147423,147656,149091,233,1435,8,6000,1.16236933798
147658,149418,154780,1760,5362,5,7200,1.32823573294
147658,147831,149273,173,1442,8,6000,1.11997226075
147729,147735,151462,6,3727,2,21600,1.00160987389
147832,149671,154924,1839,5253,5,7200,1.35008566533
147832,148034,149478,202,1444,8,6000,1.13988919668
148036,148086,149531,50,1445,8,6000,1.03460207612
148087,148093,149558,6,1465,8,6000,1.00409556314
148087,149682,154489,1595,4807,5,7200,1.33180778032
148098,151128,156391,3030,5263,5,7200,1.57571727152
148098,148209,149654,111,1445,8,6000,1.076816609
148210,151332,156485,3122,5153,5,7200,1.60586066369
148210,148240,149691,30,1451,8,6000,1.02067539628
148241,151758,157043,3517,5285,5,7200,1.66546830653
148241,148268,149707,27,1439,8,6000,1.01876302988
148272,152023,157232,3751,5209,5,7200,1.72009982722
148272,148319,149763,47,1444,8,6000,1.03254847645
148324,148345,149793,21,1448,8,6000,1.01450276243
148324,152574,157840,4250,5266,5,7200,1.80706418534
148345,148437,149888,92,1451,8,6000,1.06340454859
148437,148505,149961,68,1456,8,6000,1.0467032967
148509,148596,150041,87,1445,8,6000,1.06020761246
148543,148549,152151,6,3602,2,21600,1.00166574125
148602,148661,150105,59,1444,8,6000,1.04085872576
148663,148779,150221,116,1442,8,6000,1.08044382802
148667,251082,377123,102415,126041,6,126000,1.81255305813
148674,236526,237571,87852,1045,6,126000,85.0688995215
148677,251087,377097,102410,126010,6,126000,1.81271327672
148776,148819,150263,43,1444,8,6000,1.02977839335
148817,148872,150319,55,1447,8,6000,1.03800967519
148868,148893,150345,25,1452,8,6000,1.01721763085
148889,149102,150561,213,1459,8,6000,1.14599040439
148972,149326,152922,354,3596,2,21600,1.09844271413
149062,149700,149957,638,257,2,3540,3.48249027237
149104,149284,150720,180,1436,8,6000,1.12534818942
149280,149490,150936,210,1446,8,6000,1.14522821577
149305,149478,152563,173,3085,2,21600,1.05607779579
149453,163361,183933,13908,20572,16,36000,1.67606455376
149494,149542,150994,48,1452,8,6000,1.03305785124
149545,149570,151022,25,1452,8,6000,1.01721763085
149566,149665,151106,99,1441,8,6000,1.06870229008
149668,149706,151142,38,1436,8,6000,1.02646239554
149680,167462,203487,17782,36025,16,36000,1.49360166551
149709,149718,151175,9,1457,8,6000,1.00617707618
149719,149774,151224,55,1450,8,6000,1.03793103448
149771,149805,151237,34,1432,8,6000,1.02374301676
149802,149899,151338,97,1439,8,6000,1.06740792217
149904,149973,151416,69,1443,8,6000,1.04781704782
149976,150052,151498,76,1446,8,6000,1.05255878285
150035,150078,152011,43,1933,4,36000,1.02224521469
150048,150117,151564,69,1447,8,6000,1.04768486524
150119,150232,151680,113,1448,8,6000,1.07803867403
150128,151474,157985,1346,6511,2,21600,1.20672707725
150232,150274,151759,42,1485,8,6000,1.02828282828
150273,150330,151779,57,1449,8,6000,1.03933747412
150335,150356,151808,21,1452,8,6000,1.01446280992
150355,150573,152023,218,1450,8,6000,1.15034482759
150570,150731,152178,161,1447,8,6000,1.11126468556
150733,150948,152400,215,1452,8,6000,1.14807162534
150947,151006,152459,59,1453,8,6000,1.0406056435
151008,151033,152491,25,1458,8,6000,1.01714677641
151030,151117,152569,87,1452,8,6000,1.05991735537
151122,151153,152600,31,1447,8,6000,1.02142363511
151153,151186,152642,33,1456,8,6000,1.02266483516
151184,151236,152695,52,1459,8,6000,1.0356408499
151235,151249,152712,14,1463,8,6000,1.00956937799
151246,151350,152805,104,1455,8,6000,1.07147766323
151348,151427,152888,79,1461,8,6000,1.05407255305
151355,153986,155446,2631,1460,8,3540,2.80205479452
151430,151509,152972,79,1463,8,6000,1.05399863295
151512,151575,153032,63,1457,8,6000,1.04323953329
151574,151691,153157,117,1466,8,6000,1.07980900409
151696,151770,153222,74,1452,8,6000,1.05096418733
151718,151908,154567,190,2659,1,36000,1.07145543437
151768,151790,153253,22,1463,8,6000,1.01503759398
151789,151819,153273,30,1454,8,6000,1.02063273728
151820,152034,153490,214,1456,8,6000,1.14697802198
152034,152189,153637,155,1448,8,6000,1.1070441989
152187,152411,153886,224,1475,8,6000,1.15186440678
152412,152470,153971,58,1501,8,6000,1.03864090606
152473,152502,153965,29,1463,8,6000,1.01982228298
152486,152492,152519,6,27,4,18000,1.22222222222
152504,152580,154033,76,1453,8,6000,1.05230557467
152576,152611,154067,35,1456,8,6000,1.02403846154
152607,152654,154102,47,1448,8,6000,1.03245856354
152658,152706,154170,48,1464,8,6000,1.03278688525
152710,152723,154180,13,1457,8,6000,1.00892244338
152720,152816,154278,96,1462,8,6000,1.06566347469
152812,152899,154357,87,1458,8,6000,1.05967078189
152905,152983,154456,78,1473,8,6000,1.05295315682
152986,153043,154812,57,1769,8,6000,1.03222159412
153048,153168,154628,120,1460,8,6000,1.08219178082
153171,153233,154710,62,1477,8,6000,1.04197698037
153232,153266,154722,34,1456,8,6000,1.02335164835
153244,154050,158058,806,4008,4,7200,1.20109780439
153264,153284,154752,20,1468,8,6000,1.0136239782
153286,153501,154962,215,1461,8,6000,1.14715947981
153497,153539,158229,42,4690,5,14400,1.00895522388
153539,153648,158093,109,4445,5,14400,1.02452193476
153651,153657,158399,6,4742,5,14400,1.00126528891
153662,153668,157790,6,4122,5,14400,1.00145560408
153672,153788,158342,116,4554,5,14400,1.02547211243
153785,153804,157782,19,3978,5,14400,1.00477626948
153805,153897,158121,92,4224,5,14400,1.02178030303
153898,153911,158591,13,4680,5,14400,1.00277777778
153908,153921,157965,13,4044,5,14400,1.00321463897
153919,153973,158052,54,4079,5,14400,1.01323853886
153970,153980,158098,10,4118,5,14400,1.00242836328
153981,153993,158818,12,4825,5,14400,1.00248704663
153991,154045,159453,54,5408,5,14400,1.0099852071
154043,154056,158239,13,4183,5,14400,1.00310781736
154053,154078,158676,25,4598,5,14400,1.00543714659
154074,154113,158366,39,4253,5,14400,1.00916999765
154115,154122,158882,7,4760,5,14400,1.00147058824
154126,154147,158766,21,4619,5,14400,1.00454643862
154147,154162,158229,15,4067,5,14400,1.00368822228
154168,154181,158459,13,4278,5,14400,1.00303880318
154178,154187,158191,9,4004,5,14400,1.00224775225
154189,154195,158275,6,4080,5,14400,1.00147058824
154199,154206,158823,7,4617,5,14400,1.00151613602
154210,154241,158637,31,4396,5,14400,1.00705186533
154241,154290,158954,49,4664,5,14400,1.01050600343
154292,154370,158477,78,4107,5,14400,1.01899196494
154375,154381,159185,6,4804,5,14400,1.0012489592
154385,154391,158507,6,4116,5,14400,1.00145772595
154396,154468,158479,72,4011,5,14400,1.01795063575
154468,154474,159284,6,4810,5,14400,1.00124740125
154478,154500,158583,22,4083,5,14400,1.00538819495
154499,154639,158645,140,4006,5,14400,1.03494757863
154642,154721,159425,79,4704,5,14400,1.01679421769
154724,154736,158833,12,4097,5,14400,1.00292897242
154735,154742,159515,7,4773,5,14400,1.00146658286
154745,154751,159268,6,4517,5,14400,1.00132831525
154756,154763,158862,7,4099,5,14400,1.00170773359
154766,154791,159017,25,4226,5,14400,1.00591575958
154787,154804,158872,17,4068,5,14400,1.00417895772
154809,154823,158957,14,4134,5,14400,1.00338655056
154819,154924,159517,105,4593,5,14400,1.02286087524
154922,154936,159013,14,4077,5,14400,1.00343389747
154932,154974,159402,42,4428,5,14400,1.00948509485
154974,155458,160403,484,4945,5,14400,1.09787664307
155397,237201,586773,81804,349572,1,576000,1.23401187738
155463,155469,160114,6,4645,5,14400,1.00129171152
155474,156402,161304,928,4902,5,14400,1.18931048552
156226,158246,158267,2020,21,4,600,97.1904761905
156401,156496,161323,95,4827,5,14400,1.01968096126
156494,157054,161081,560,4027,5,14400,1.13906133598
157058,157243,161830,185,4587,5,14400,1.04033137127
157241,157794,162342,553,4548,5,14400,1.12159190853
157792,157801,161933,9,4132,5,14400,1.00217812197
157803,157851,162012,48,4161,5,14400,1.01153568854
157854,157977,161810,123,3833,5,14400,1.03208974693
157977,158063,162267,86,4204,5,14400,1.0204567079
158059,158069,162320,10,4251,5,14400,1.00235238767
158069,158104,162623,35,4519,5,14400,1.00774507634
158100,158110,162886,10,4776,5,14400,1.00209380235
158111,158132,163052,21,4920,5,14400,1.00426829268
158132,158202,162870,70,4668,5,14400,1.01499571551
158204,158241,162430,37,4189,5,14400,1.00883265696
158245,158252,162138,7,3886,5,14400,1.00180133814
158256,158279,162721,23,4442,5,14400,1.00517784782
158276,158286,162276,10,3990,5,14400,1.00250626566
158287,158353,162220,66,3867,5,14400,1.01706749418
158359,158377,163834,18,5457,5,14400,1.00329851567
158380,158411,163471,31,5060,5,14400,1.00612648221
158411,158471,162492,60,4021,5,14400,1.01492166128
158472,158489,162401,17,3912,5,14400,1.00434560327
158493,158519,163628,26,5109,5,14400,1.00508905852
158514,158584,163299,70,4715,5,14400,1.01484623542
158586,158594,163532,8,4938,5,14400,1.0016200891
158597,158602,163274,5,4672,5,14400,1.00107020548
158607,158648,163069,41,4421,5,14400,1.00927391993
158648,158656,162961,8,4305,5,14400,1.0018583043
158659,158687,163341,28,4654,5,14400,1.00601633004
158690,158778,163224,88,4446,5,14400,1.01979307242
158782,158829,162913,47,4084,5,14400,1.01150832517
158783,159025,165613,242,6588,8,7200,1.03673345477
158834,158845,163180,11,4335,5,14400,1.00253748558
158844,158873,163761,29,4888,5,14400,1.00593289689
158875,158883,162905,8,4022,5,14400,1.00198906017
158886,158893,163074,7,4181,5,14400,1.00167424061
158897,158927,162991,30,4064,5,14400,1.00738188976
158928,158965,163065,37,4100,5,14400,1.00902439024
158969,159032,163149,63,4117,5,14400,1.01530240466
159031,159196,163627,165,4431,5,14400,1.03723764387
159194,159279,164099,85,4820,5,14400,1.01763485477
159276,159295,163225,19,3930,5,14400,1.0048346056
159297,159413,163650,116,4237,5,14400,1.02737786169
159409,159437,163396,28,3959,5,14400,1.00707249305
159440,159465,163562,25,4097,5,14400,1.00610202587
159461,159526,163759,65,4233,5,14400,1.01535553981
159523,159532,163899,9,4367,5,14400,1.00206091138
159533,160125,164477,592,4352,5,14400,1.13602941176
159555,159561,159564,6,3,2,3540,1.0
160128,160414,164474,286,4060,5,14400,1.07044334975
160415,161092,165440,677,4348,5,14400,1.15570377185
161097,161316,165184,219,3868,5,14400,1.05661840745
161312,161334,166263,22,4929,5,14400,1.00446338
161333,161822,165750,489,3928,5,14400,1.12449083503
161822,161841,166459,19,4618,5,14400,1.00411433521
161843,161944,166862,101,4918,5,14400,1.02053680358
161942,162023,163453,81,1430,8,6000,1.05664335664
162024,162231,163667,207,1436,8,6000,1.14415041783
162228,162279,163712,51,1433,8,6000,1.03558967202
162280,162331,164060,51,1729,8,6000,1.02949681897
162331,162412,163858,81,1446,8,6000,1.05601659751
162413,162441,163875,28,1434,8,6000,1.01952580195
162444,162634,164056,190,1422,8,6000,1.13361462729
162473,167665,186966,5192,19301,16,36000,1.26900160613
162638,162733,164171,95,1438,8,6000,1.06606397775
162730,162898,164601,168,1703,8,6000,1.09864944216
162841,162881,163025,40,144,1,28800,1.27777777778
162894,162925,164386,31,1461,8,6000,1.0212183436
162925,162972,164422,47,1450,8,6000,1.0324137931
162976,163063,164511,87,1448,8,6000,1.06008287293
163068,163076,164517,8,1441,8,6000,1.00555170021
163079,163086,164524,7,1438,8,6000,1.00486787204
163090,163192,164623,102,1431,8,6000,1.071278826
163192,163235,164695,43,1460,8,6000,1.02945205479
163234,163285,164731,51,1446,8,6000,1.03526970954
163285,163311,164746,26,1435,8,6000,1.0181184669
163316,163407,164847,91,1440,8,6000,1.06319444444
163408,163465,164905,57,1440,8,6000,1.03958333333
163470,163543,164990,73,1447,8,6000,1.05044920525
163541,163573,165016,32,1443,8,6000,1.02217602218
163572,163639,165084,67,1445,8,6000,1.04636678201
163644,163661,165089,17,1428,8,6000,1.0119047619
163665,163679,165111,14,1432,8,6000,1.00977653631
163675,163723,165160,48,1437,8,6000,1.03340292276
163727,163773,165233,46,1460,8,6000,1.03150684932
163768,163870,165324,102,1454,8,6000,1.07015130674
163870,163886,165344,16,1458,8,6000,1.0109739369
163891,163911,165371,20,1460,8,6000,1.01369863014
163912,164067,165508,155,1441,8,6000,1.10756419153
163984,167686,203694,3702,36008,16,36000,1.10281048656
164065,164073,165518,8,1445,8,6000,1.00553633218
164076,164111,165556,35,1445,8,6000,1.02422145329
164107,164182,165650,75,1468,8,6000,1.05108991826
164179,164397,166144,218,1747,8,6000,1.12478534631
164393,164433,165871,40,1438,8,6000,1.02781641168
164434,164488,165929,54,1441,8,6000,1.03747397641
164485,164522,165970,37,1448,8,6000,1.02555248619
164527,164533,165984,6,1451,8,6000,1.00413507926
164537,164543,165983,6,1440,8,6000,1.00416666667
164548,164613,166061,65,1448,8,6000,1.04488950276
164609,164635,166085,26,1450,8,6000,1.01793103448
164640,164707,166156,67,1449,8,6000,1.04623878537
164712,164742,166192,30,1450,8,6000,1.02068965517
164743,164757,166207,14,1450,8,6000,1.00965517241
164754,164858,166302,104,1444,8,6000,1.07202216066
164755,167948,203988,3193,36040,16,36000,1.08859600444
164856,164916,166374,60,1458,8,6000,1.04115226337
164918,165002,166443,84,1441,8,6000,1.05829285219
165000,165027,166478,27,1451,8,6000,1.01860785665
165031,165095,166556,64,1461,8,6000,1.04380561259
165092,165102,166544,10,1442,8,6000,1.00693481276
165103,165122,166571,19,1449,8,6000,1.01311249137
165124,165172,166667,48,1495,8,6000,1.03210702341
165175,165195,166655,20,1460,8,6000,1.01369863014
165196,165244,166694,48,1450,8,6000,1.03310344828
165247,165336,166791,89,1455,8,6000,1.06116838488
165339,165355,166805,16,1450,8,6000,1.01103448276
165360,165383,166847,23,1464,8,6000,1.01571038251
165381,165520,166995,139,1475,8,6000,1.09423728814
165524,165530,166992,6,1462,8,6000,1.00410396717
165534,165567,167019,33,1452,8,6000,1.02272727273
165565,165623,167085,58,1462,8,6000,1.03967168263
165617,165661,167119,44,1458,8,6000,1.03017832647
165658,165762,167218,104,1456,8,6000,1.07142857143
165760,165882,167337,122,1455,8,6000,1.08384879725
165883,165940,167396,57,1456,8,6000,1.03914835165
165945,165982,167448,37,1466,8,6000,1.02523874488
165986,165996,167453,10,1457,8,6000,1.00686341798
165996,166002,167448,6,1446,8,6000,1.00414937759
166007,166072,167529,65,1457,8,6000,1.04461221688
166068,166096,167563,28,1467,8,6000,1.01908657123
166099,166155,167616,56,1461,8,6000,1.03832991102
166151,166167,167636,16,1469,8,6000,1.0108917631
166172,166203,167653,31,1450,8,6000,1.02137931034
166203,166219,167673,16,1454,8,6000,1.01100412655
166224,166314,167766,90,1452,8,6000,1.06198347107
166316,166385,167863,69,1478,8,6000,1.04668470907
166388,166455,167954,67,1499,8,6000,1.04469646431
166459,166471,167935,12,1464,8,6000,1.00819672131
166470,166490,167948,20,1458,8,6000,1.01371742112
166491,166555,168016,64,1461,8,6000,1.04380561259
166552,166567,168054,15,1487,8,6000,1.01008742434
166563,166582,168080,19,1498,8,6000,1.0126835781
166567,168363,179190,1796,10827,32,10800,1.16588159232
166584,166666,168133,82,1467,8,6000,1.05589638718
166618,168619,168633,2001,14,32,10800,143.928571429
166666,166678,168140,12,1462,8,6000,1.00820793434
166676,166705,168167,29,1462,8,6000,1.01983584131
166707,166802,168271,95,1469,8,6000,1.06466984343
166799,166816,168324,17,1508,8,6000,1.01127320955
166820,166858,168313,38,1455,8,6000,1.02611683849
166861,166873,168370,12,1497,8,6000,1.00801603206
166872,167003,168500,131,1497,8,6000,1.08750835003
167005,167011,168476,6,1465,8,6000,1.00409556314
167016,167030,168496,14,1466,8,6000,1.00954979536
167026,167096,168607,70,1511,8,6000,1.0463269358
167098,167131,168596,33,1465,8,6000,1.02252559727
167129,167230,168696,101,1466,8,6000,1.06889495225
167232,167349,168829,117,1480,8,6000,1.07905405405
167353,167407,167411,54,4,5,14400,5.8
167405,167424,167427,19,3,5,14400,2.2
167426,167440,167442,14,2,5,14400,1.6
167436,167455,167458,19,3,5,14400,2.2
167457,167468,167472,11,4,5,14400,1.5
167468,167475,167478,7,3,5,14400,1.0
167478,167485,167489,7,4,5,14400,1.1
167489,167495,167499,6,4,5,14400,1.0
167500,167506,167510,6,4,5,14400,1.0
167510,167517,167521,7,4,5,14400,1.1
167521,167527,167532,6,5,5,14400,1.1
167532,167538,167542,6,4,5,14400,1.0
167542,167548,167552,6,4,5,14400,1.0
167553,167559,167563,6,4,5,14400,1.0
167564,167570,167574,6,4,5,14400,1.0
167574,167580,167584,6,4,5,14400,1.0
167585,167591,167595,6,4,5,14400,1.0
167595,167602,167606,7,4,5,14400,1.1
167606,167612,167616,6,4,5,14400,1.0
167617,167623,167627,6,4,5,14400,1.0
167627,167633,167638,6,5,5,14400,1.1
167638,167644,167648,6,4,5,14400,1.0
167648,167655,167658,7,3,5,14400,1.0
167659,167671,167675,12,4,5,14400,1.6
167670,167677,167681,7,4,5,14400,1.1
167681,167692,167695,11,3,5,14400,1.4
167691,167700,167704,9,4,5,14400,1.3
167702,167708,167711,6,3,5,14400,1.0
167712,167719,167722,7,3,5,14400,1.0
167723,167729,167732,6,3,5,14400,1.0
167734,167740,167744,6,4,5,14400,1.0
167744,167751,167755,7,4,5,14400,1.1
167755,167761,167765,6,4,5,14400,1.0
167766,167772,167776,6,4,5,14400,1.0
167776,167782,167786,6,4,5,14400,1.0
167778,167789,168745,11,956,1,3600,1.01150627615
167787,167795,167799,8,4,5,14400,1.2
167797,167804,167808,7,4,5,14400,1.1
167808,167814,167821,6,7,5,14400,1.3
167819,167825,167829,6,4,5,14400,1.0
167829,167835,167839,6,4,5,14400,1.0
167840,167846,167850,6,4,5,14400,1.0
167850,167857,167861,7,4,5,14400,1.1
167861,167867,167871,6,4,5,14400,1.0
167872,167878,167882,6,4,5,14400,1.0
167882,167888,167892,6,4,5,14400,1.0
167893,167899,167903,6,4,5,14400,1.0
167903,167909,167913,6,4,5,14400,1.0
167914,167920,167924,6,4,5,14400,1.0
167925,167931,167935,6,4,5,14400,1.0
167935,167941,167944,6,3,5,14400,1.0
167946,167954,167958,8,4,5,14400,1.2
167956,167963,167967,7,4,5,14400,1.1
167967,167973,167977,6,4,5,14400,1.0
167977,167984,167988,7,4,5,14400,1.1
167988,167994,167998,6,4,5,14400,1.0
167999,168005,168009,6,4,5,14400,1.0
168009,168015,168019,6,4,5,14400,1.0
168020,168026,168030,6,4,5,14400,1.0
168031,168037,168041,6,4,5,14400,1.0
168041,168047,168051,6,4,5,14400,1.0
168052,168058,168062,6,4,5,14400,1.0
168062,168068,168072,6,4,5,14400,1.0
168073,168079,168083,6,4,5,14400,1.0
168083,168090,168094,7,4,5,14400,1.1
168094,168100,168104,6,4,5,14400,1.0
168105,168111,168114,6,3,5,14400,1.0
168115,168121,168129,6,8,5,14400,1.4
168126,168132,168136,6,4,5,14400,1.0
168136,168142,168146,6,4,5,14400,1.0
168147,168155,168158,8,3,5,14400,1.1
168158,168164,168168,6,4,5,14400,1.0
168168,168174,168178,6,4,5,14400,1.0
168179,168185,168189,6,4,5,14400,1.0
168189,168196,168200,7,4,5,14400,1.1
168200,168206,168210,6,4,5,14400,1.0
168211,168217,168221,6,4,5,14400,1.0
168221,168227,168230,6,3,5,14400,1.0
168232,168238,168242,6,4,5,14400,1.0
168242,168248,168252,6,4,5,14400,1.0
168253,168259,168262,6,3,5,14400,1.0
168263,168270,168274,7,4,5,14400,1.1
168274,168280,168283,6,3,5,14400,1.0
168285,168291,168295,6,4,5,14400,1.0
168295,168301,168305,6,4,5,14400,1.0
168306,168312,168316,6,4,5,14400,1.0
168316,168323,168327,7,4,5,14400,1.1
168317,168328,168332,11,4,5,14400,1.5
168327,168334,168338,7,4,5,14400,1.1
168328,168340,168344,12,4,5,14400,1.6
168338,168352,168356,14,4,5,14400,1.8
168339,168357,168361,18,4,5,14400,2.2
168349,168369,168373,20,4,5,14400,2.4
168360,168375,168379,15,4,5,14400,1.9
168371,168388,168392,17,4,5,14400,2.1
168371,168382,168386,11,4,5,14400,1.5
168382,168394,168398,12,4,5,14400,1.6
168392,168400,168404,8,4,5,14400,1.2
168393,168406,168410,13,4,5,14400,1.7
168403,168413,168416,10,3,5,14400,1.3
168404,168418,168422,14,4,5,14400,1.8
168411,168425,168428,14,3,8,6000,1.7
168421,168431,168435,10,4,8,6000,1.4
168421,168437,168441,16,4,8,6000,2.0
168432,168444,168447,12,3,8,6000,1.5
168432,168449,168453,17,4,8,6000,2.1
168443,168455,168459,12,4,8,6000,1.6
168454,168462,168465,8,3,8,6000,1.1
168454,168467,168471,13,4,8,6000,1.7
168465,168474,168478,9,4,8,6000,1.3
168465,168479,168483,14,4,8,6000,1.8
168476,168485,168489,9,4,8,6000,1.3
168476,168491,168495,15,4,8,6000,1.9
168487,168498,168502,11,4,8,6000,1.5
168487,168503,168507,16,4,8,6000,2.0
168498,168515,168519,17,4,8,6000,2.1
168498,168510,168513,12,3,8,6000,1.5
168509,168521,168528,12,7,8,6000,1.9
168519,168528,168533,9,5,8,6000,1.4
168520,168534,168539,14,5,8,6000,1.9
168530,168540,168544,10,4,8,6000,1.4
168531,168546,168550,15,4,8,6000,1.9
168542,168558,168562,16,4,8,6000,2.0
168542,168552,168556,10,4,8,6000,1.4
168553,168564,168568,11,4,8,6000,1.5
168563,168576,168580,13,4,8,6000,1.7
168563,168570,168574,7,4,8,6000,1.1
168574,168587,168591,13,4,8,6000,1.7
168574,168582,168586,8,4,8,6000,1.2
168585,168600,168604,15,4,8,6000,1.9
168585,168595,168604,10,9,8,6000,1.9
168596,168606,168610,10,4,8,6000,1.4
168596,168612,168616,16,4,8,6000,2.0
168607,168629,168633,22,4,8,6000,2.6
168607,168624,168628,17,4,8,6000,2.1
168628,168635,168639,7,4,8,6000,1.1
168629,168641,168645,12,4,8,6000,1.6
168639,168648,168652,9,4,8,6000,1.3
168640,168653,168661,13,8,8,6000,2.1
168650,168659,168663,9,4,8,6000,1.3
168651,168665,168672,14,7,8,6000,2.1
168661,168671,168675,10,4,8,6000,1.4
168662,168677,168681,15,4,8,6000,1.9
168672,168683,168687,11,4,8,6000,1.5
168673,168689,168693,16,4,8,6000,2.0
168683,168696,168699,13,3,8,6000,1.6
168694,168708,168717,14,9,8,6000,2.3
168694,168702,168706,8,4,8,6000,1.2
168705,168720,168724,15,4,8,6000,1.9
168705,168715,168719,10,4,8,6000,1.4
168716,168732,168736,16,4,8,6000,2.0
168716,168726,168730,10,4,8,6000,1.4
168727,168744,168748,17,4,8,6000,2.1
168727,168749,168753,22,4,8,6000,2.6
168730,168739,168796,9,57,32,10800,1.15789473684
168748,168755,168759,7,4,8,6000,1.1
168749,168761,168768,12,7,8,6000,1.9
168759,168767,168771,8,4,8,6000,1.2
168759,168773,168777,14,4,8,6000,1.8
168770,168779,168783,9,4,8,6000,1.3
168770,168784,168788,14,4,8,6000,1.8
168781,168791,168795,10,4,8,6000,1.4
168781,168796,168800,15,4,8,6000,1.9
168792,168808,168812,16,4,8,6000,2.0
168792,168802,168806,10,4,8,6000,1.4
168803,168814,168818,11,4,8,6000,1.5
168803,168820,168824,17,4,8,6000,2.1
168814,168826,168830,12,4,8,6000,1.6
168825,168833,168837,8,4,8,6000,1.2
168825,168839,168843,14,4,8,6000,1.8
168836,168845,168849,9,4,8,6000,1.3
168836,168851,168855,15,4,8,6000,1.9
168847,168857,168861,10,4,8,6000,1.4
168847,168863,168866,16,3,8,6000,1.9
168858,168869,168874,11,5,8,6000,1.6
168858,168875,168879,17,4,8,6000,2.1
168869,168881,168885,12,4,8,6000,1.6
168879,168888,168895,9,7,8,6000,1.6
168880,168894,168897,14,3,8,6000,1.7
168890,168900,168904,10,4,8,6000,1.4
168891,168906,168910,15,4,8,6000,1.9
168901,168912,168916,11,4,8,6000,1.5
168902,168918,168922,16,4,8,6000,2.0
168912,168924,168928,12,4,8,6000,1.6
168923,168930,168934,7,4,8,6000,1.1
168923,168936,168940,13,4,8,6000,1.7
168934,168942,168946,8,4,8,6000,1.2
168934,168947,168951,13,4,8,6000,1.7
168945,168954,168958,9,4,8,6000,1.3
168945,168960,168967,15,7,8,6000,2.2
168956,168967,168970,11,3,8,6000,1.4
168956,168972,168976,16,4,8,6000,2.0
168967,168983,168987,16,4,8,6000,2.0
168967,168978,168982,11,4,8,6000,1.5
168978,168989,168993,11,4,8,6000,1.5
168988,168996,169000,8,4,8,6000,1.2
168989,169002,169005,13,3,8,6000,1.6
168999,169009,169012,10,3,8,6000,1.3
169000,169014,169018,14,4,8,6000,1.8
169010,169020,169024,10,4,8,6000,1.4
169011,169026,169029,15,3,8,6000,1.8
169021,169032,169036,11,4,8,6000,1.5
169028,169039,169044,11,5,5,14400,1.6
169029,169045,169048,16,3,5,14400,1.9
169039,169051,169055,12,4,5,14400,1.6
169050,169058,169062,8,4,5,14400,1.2
169050,169064,169068,14,4,5,14400,1.8
169061,169076,169079,15,3,5,14400,1.8
169061,169070,169074,9,4,5,14400,1.3
169072,169082,169086,10,4,5,14400,1.4
169072,169088,169091,16,3,5,14400,1.9
169083,169094,169098,11,4,5,14400,1.5
169083,169100,169103,17,3,5,14400,2.0
169094,169106,169110,12,4,5,14400,1.6
169105,169113,169117,8,4,5,14400,1.2
169105,169119,169122,14,3,5,14400,1.7
169116,169125,169129,9,4,5,14400,1.3
169116,169131,169135,15,4,5,14400,1.9
169127,169138,169141,11,3,5,14400,1.4
169127,169143,169147,16,4,5,14400,2.0
169137,169149,169153,12,4,5,14400,1.6
169148,169156,169160,8,4,5,14400,1.2
169148,169162,169165,14,3,5,14400,1.7
169159,169174,169178,15,4,5,14400,1.9
169159,169168,169171,9,3,5,14400,1.2
169170,169180,169185,10,5,5,14400,1.5
169170,169186,169189,16,3,5,14400,1.9
169181,169192,169196,11,4,5,14400,1.5
169181,169198,169201,17,3,5,14400,2.0
169192,169204,169208,12,4,5,14400,1.6
169203,169211,169215,8,4,5,14400,1.2
169203,169217,169220,14,3,5,14400,1.7
169214,169223,169227,9,4,5,14400,1.3
169214,169229,169233,15,4,5,14400,1.9
169225,169235,169239,10,4,5,14400,1.4
169225,169241,169245,16,4,5,14400,2.0
169236,169253,169257,17,4,5,14400,2.1
169236,169247,169251,11,4,5,14400,1.5
169247,169259,169263,12,4,5,14400,1.6
169258,169266,169270,8,4,5,14400,1.2
169258,169272,169274,14,2,5,14400,1.6
169269,169278,169282,9,4,5,14400,1.3
169269,169284,169287,15,3,5,14400,1.8
169280,169291,169295,11,4,5,14400,1.5
169280,169296,169300,16,4,5,14400,2.0
169291,169308,169312,17,4,5,14400,2.1
169291,169302,169306,11,4,5,14400,1.5
169302,169314,169318,12,4,5,14400,1.6
169313,169321,169324,8,3,5,14400,1.1
169313,169327,169330,14,3,5,14400,1.7
169324,169333,169337,9,4,5,14400,1.3
169324,169339,169343,15,4,5,14400,1.9
169335,169346,169349,11,3,5,14400,1.4
169335,169351,169355,16,4,5,14400,2.0
169346,169357,169366,11,9,5,14400,2.0
169356,169364,169367,8,3,5,14400,1.1
169357,169370,169373,13,3,5,14400,1.6
169367,169377,169380,10,3,5,14400,1.3
169368,169382,169387,14,5,5,14400,1.9
169378,169389,169392,11,3,5,14400,1.4
169379,169394,169398,15,4,5,14400,1.9
169390,169401,169404,11,3,5,14400,1.4
169390,169406,169410,16,4,5,14400,2.0
169401,169412,169416,11,4,5,14400,1.5
169413,169419,169422,6,3,5,14400,1.0
169413,169426,169429,13,3,5,14400,1.6
169414,169431,169435,17,4,5,14400,2.1
169425,169438,169441,13,3,5,14400,1.6
169436,169445,169448,9,3,5,14400,1.2
169436,169450,169454,14,4,5,14400,1.8
169447,169456,169460,9,4,5,14400,1.3
169447,169462,169466,15,4,5,14400,1.9
169458,169474,169477,16,3,5,14400,1.9
169458,169468,169471,10,3,5,14400,1.3
169469,169486,169490,17,4,5,14400,2.1
169469,169480,169484,11,4,5,14400,1.5
169480,169492,169495,12,3,5,14400,1.5
169491,169499,169503,8,4,5,14400,1.2
169491,169505,169508,14,3,5,14400,1.7
169502,169512,169515,10,3,5,14400,1.3
169502,169517,169521,15,4,5,14400,1.9
169513,169524,169527,11,3,5,14400,1.4
169513,169529,169533,16,4,5,14400,2.0
169524,169541,169545,17,4,5,14400,2.1
169524,169536,169539,12,3,5,14400,1.5
169535,169547,169551,12,4,5,14400,1.6
169546,169553,169558,7,5,5,14400,1.2
169546,169559,169562,13,3,5,14400,1.6
169557,169565,169569,8,4,5,14400,1.2
169557,169571,169575,14,4,5,14400,1.8
169568,169583,169587,15,4,5,14400,1.9
169568,169577,169581,9,4,5,14400,1.3
169579,169589,169593,10,4,5,14400,1.4
169579,169595,169599,16,4,5,14400,2.0
169590,169601,169605,11,4,5,14400,1.5
169590,169607,169609,17,2,5,14400,1.9
169601,169614,169616,13,2,5,14400,1.5
169612,169621,169624,9,3,5,14400,1.2
169612,169626,169630,14,4,5,14400,1.8
169623,169632,169636,9,4,5,14400,1.3
169623,169638,169641,15,3,5,14400,1.8
169634,169644,169648,10,4,5,14400,1.4
169642,169651,169655,9,4,8,6000,1.3
169642,169657,169661,15,4,8,6000,1.9
169653,169669,169673,16,4,8,6000,2.0
169653,169663,169667,10,4,8,6000,1.4
169664,169676,169679,12,3,8,6000,1.5
169665,169681,169685,16,4,8,6000,2.0
169675,169687,169691,12,4,8,6000,1.6
169686,169695,169698,9,3,8,6000,1.2
169686,169700,169704,14,4,8,6000,1.8
169697,169706,169710,9,4,8,6000,1.3
169697,169712,169716,15,4,8,6000,1.9
169708,169724,169728,16,4,8,6000,2.0
169708,169718,169727,10,9,8,6000,1.9
169719,169731,169734,12,3,8,6000,1.5
169719,169736,169740,17,4,8,6000,2.1
169730,169743,169746,13,3,8,6000,1.6
169741,169749,169753,8,4,8,6000,1.2
169741,169755,169759,14,4,8,6000,1.8
169751,169761,169765,10,4,8,6000,1.4
169752,169767,169771,15,4,8,6000,1.9
169762,169774,169781,12,7,8,6000,1.9
169763,169779,169783,16,4,8,6000,2.0
169773,169786,169789,13,3,8,6000,1.6
169784,169792,169798,8,6,8,6000,1.4
169784,169798,169801,14,3,8,6000,1.7
169795,169810,169814,15,4,8,6000,1.9
169795,169805,169808,10,3,8,6000,1.3
169806,169822,169826,16,4,8,6000,2.0
169806,169816,169820,10,4,8,6000,1.4
169817,169834,169840,17,6,8,6000,2.3
169817,169828,169832,11,4,8,6000,1.5
169828,169840,169844,12,4,8,6000,1.6
169838,169847,169851,9,4,8,6000,1.3
169839,169853,169857,14,4,8,6000,1.8
169849,169859,169863,10,4,8,6000,1.4
169850,169865,169869,15,4,8,6000,1.9
169860,169871,169875,11,4,8,6000,1.5
169861,169877,169881,16,4,8,6000,2.0
169871,169883,169887,12,4,8,6000,1.6
169882,169891,169895,9,4,8,6000,1.3
169882,169896,169900,14,4,8,6000,1.8
169893,169902,169906,9,4,8,6000,1.3
169893,169908,169916,15,8,8,6000,2.3
169904,169914,169918,10,4,8,6000,1.4
169905,169920,169924,15,4,8,6000,1.9
169915,169926,169935,11,9,8,6000,2.0
169916,169932,169936,16,4,8,6000,2.0
169926,169939,169945,13,6,8,6000,1.9
169937,169945,169949,8,4,8,6000,1.2
169937,169951,169955,14,4,8,6000,1.8
169948,169958,169962,10,4,8,6000,1.4
169948,169963,169967,15,4,8,6000,1.9
169959,169975,169979,16,4,8,6000,2.0
169959,169970,169974,11,4,8,6000,1.5
169970,169981,169985,11,4,8,6000,1.5
169980,169989,169992,9,3,8,6000,1.2
169981,169994,169998,13,4,8,6000,1.7
169991,170000,170004,9,4,8,6000,1.3
169992,170006,170010,14,4,8,6000,1.8
170002,170013,170016,11,3,8,6000,1.4
170003,170018,170022,15,4,8,6000,1.9
170013,170024,170028,11,4,8,6000,1.5
170014,170030,170034,16,4,8,6000,2.0
170024,170037,170040,13,3,8,6000,1.6
170035,170043,170047,8,4,8,6000,1.2
170036,170049,170053,13,4,8,6000,1.7
170046,170061,170065,15,4,8,6000,1.9
170046,170056,170059,10,3,8,6000,1.3
170057,170067,170071,10,4,8,6000,1.4
170058,170073,170077,15,4,8,6000,1.9
170068,170080,170083,12,3,8,6000,1.5
170069,170085,170089,16,4,8,6000,2.0
170079,170092,170095,13,3,8,6000,1.6
170090,170104,170108,14,4,8,6000,1.8
170090,170099,170102,9,3,8,6000,1.2
170101,170116,170120,15,4,8,6000,1.9
170101,170111,170114,10,3,8,6000,1.3
170112,170123,170126,11,3,8,6000,1.4
170112,170128,170132,16,4,8,6000,2.0
170123,170140,170148,17,8,8,6000,2.5
170123,170134,170138,11,4,8,6000,1.5
170134,170147,170150,13,3,8,6000,1.6
170145,170153,170157,8,4,8,6000,1.2
170145,170159,170166,14,7,8,6000,2.1
170156,170171,170175,15,4,8,6000,1.9
170156,170166,170170,10,4,8,6000,1.4
170167,170183,170187,16,4,8,6000,2.0
170167,170177,170181,10,4,8,6000,1.4
170178,170190,170193,12,3,8,6000,1.5
170178,170195,170199,17,4,8,6000,2.1
170189,170201,170205,12,4,8,6000,1.6
170200,170214,170218,14,4,8,6000,1.8
170200,170209,170212,9,3,8,6000,1.2
170211,170220,170224,9,4,8,6000,1.3
170211,170226,170230,15,4,8,6000,1.9
170222,170238,170242,16,4,8,6000,2.0
170222,170233,170237,11,4,8,6000,1.5
170233,170244,170248,11,4,8,6000,1.5
170243,170251,170255,8,4,8,6000,1.2
170244,170257,170261,13,4,8,6000,1.7
170252,170269,170273,17,4,5,14400,2.1
170252,170264,170267,12,3,5,14400,1.5
170263,170276,170280,13,4,5,14400,1.7
170274,170288,170292,14,4,5,14400,1.8
170274,170283,170286,9,3,5,14400,1.2
170285,170294,170298,9,4,5,14400,1.3
170285,170300,170304,15,4,5,14400,1.9
170296,170307,170309,11,2,5,14400,1.3
170296,170312,170316,16,4,5,14400,2.0
170307,170318,170322,11,4,5,14400,1.5
170307,170324,170328,17,4,5,14400,2.1
170318,170331,170334,13,3,5,14400,1.6
170329,170338,170341,9,3,5,14400,1.2
170329,170343,170347,14,4,5,14400,1.8
170340,170355,170359,15,4,5,14400,1.9
170340,170349,170353,9,4,5,14400,1.3
170351,170367,170370,16,3,5,14400,1.9
170351,170361,170365,10,4,5,14400,1.4
170362,170379,170382,17,3,5,14400,2.0
170362,170373,170377,11,4,5,14400,1.5
170373,170385,170389,12,4,5,14400,1.6
170383,170392,170395,9,3,5,14400,1.2
170384,170398,170402,14,4,5,14400,1.8
170394,170404,170408,10,4,5,14400,1.4
170395,170410,170413,15,3,5,14400,1.8
170405,170416,170420,11,4,5,14400,1.5
170406,170422,170425,16,3,5,14400,1.9
170416,170428,170432,12,4,5,14400,1.6
170427,170435,170439,8,4,5,14400,1.2
170427,170441,170444,14,3,5,14400,1.7
170438,170447,170451,9,4,5,14400,1.3
170439,170453,170456,14,3,5,14400,1.7
170449,170459,170463,10,4,5,14400,1.4
170450,170465,170473,15,8,5,14400,2.3
170460,170472,170475,12,3,5,14400,1.5
170461,170477,170481,16,4,5,14400,2.0
170471,170484,170487,13,3,5,14400,1.6
170482,170490,170494,8,4,5,14400,1.2
170482,170496,170499,14,3,5,14400,1.7
170493,170502,170506,9,4,5,14400,1.3
170494,170508,170512,14,4,5,14400,1.8
170504,170515,170518,11,3,5,14400,1.4
170505,170520,170524,15,4,5,14400,1.9
170515,170527,170530,12,3,5,14400,1.5
170516,170532,170539,16,7,5,14400,2.3
170526,170539,170542,13,3,5,14400,1.6
170537,170545,170549,8,4,5,14400,1.2
170537,170551,170554,14,3,5,14400,1.7
170548,170558,170561,10,3,5,14400,1.3
170548,170563,170567,15,4,5,14400,1.9
170559,170570,170573,11,3,5,14400,1.4
170559,170575,170578,16,3,5,14400,1.9
170570,170581,170585,11,4,5,14400,1.5
170570,170587,170591,17,4,5,14400,2.1
170581,170593,170597,12,4,5,14400,1.6
170592,170600,170604,8,4,5,14400,1.2
170592,170606,170609,14,3,5,14400,1.7
170603,170618,170622,15,4,5,14400,1.9
170603,170612,170616,9,4,5,14400,1.3
170614,170624,170628,10,4,5,14400,1.4
170614,170630,170634,16,4,5,14400,2.0
170625,170636,170640,11,4,5,14400,1.5
170625,170642,170645,17,3,5,14400,2.0
170636,170648,170652,12,4,5,14400,1.6
170647,170661,170664,14,3,5,14400,1.7
170647,170655,170659,8,4,5,14400,1.2
170658,170668,170671,10,3,5,14400,1.3
170658,170673,170680,15,7,5,14400,2.2
170669,170679,170684,10,5,5,14400,1.5
170669,170685,170689,16,4,5,14400,2.0
170680,170692,170698,12,6,5,14400,1.8
170680,170697,170701,17,4,5,14400,2.1
170691,170704,170707,13,3,5,14400,1.6
170702,170710,170714,8,4,5,14400,1.2
170702,170716,170719,14,3,5,14400,1.7
170713,170728,170737,15,9,5,14400,2.4
170713,170722,170726,9,4,5,14400,1.3
170724,170734,170740,10,6,5,14400,1.6
170724,170740,170743,16,3,5,14400,1.9
170737,170746,170750,9,4,5,14400,1.3
170737,170752,170756,15,4,5,14400,1.9
170748,170759,170762,11,3,5,14400,1.4
170748,170764,170768,16,4,5,14400,2.0
170759,170776,170780,17,4,5,14400,2.1
170759,170771,170774,12,3,5,14400,1.5
170770,170783,170786,13,3,5,14400,1.6
170781,170795,170798,14,3,5,14400,1.7
170781,170789,170793,8,4,5,14400,1.2
170792,170807,170811,15,4,5,14400,1.9
170792,170802,170805,10,3,5,14400,1.3
170803,170819,170823,16,4,5,14400,2.0
170803,170814,170817,11,3,5,14400,1.4
170814,170831,170835,17,4,5,14400,2.1
170814,170825,170832,11,7,5,14400,1.8
170825,170838,170844,13,6,5,14400,1.9
170836,170844,170848,8,4,5,14400,1.2
170836,170850,170854,14,4,5,14400,1.8
170847,170862,170866,15,4,5,14400,1.9
170847,170856,170860,9,4,5,14400,1.3
170858,170869,170872,11,3,5,14400,1.4
170866,170876,170879,10,3,8,6000,1.3
170867,170881,170885,14,4,8,6000,1.8
170877,170888,170891,11,3,8,6000,1.4
170878,170893,170897,15,4,8,6000,1.9
170888,170899,170903,11,4,8,6000,1.5
170889,170905,170909,16,4,8,6000,2.0
170899,170911,170915,12,4,8,6000,1.6
170910,170918,170922,8,4,8,6000,1.2
170910,170924,170928,14,4,8,6000,1.8
170921,170931,170934,10,3,8,6000,1.3
170921,170936,170940,15,4,8,6000,1.9
170932,170948,170952,16,4,8,6000,2.0
170932,170943,170946,11,3,8,6000,1.4
170943,170955,170958,12,3,8,6000,1.5
170944,170960,170964,16,4,8,6000,2.0
170954,170966,170970,12,4,8,6000,1.6
170965,170974,170977,9,3,8,6000,1.2
170965,170979,170983,14,4,8,6000,1.8
170976,170986,170989,10,3,8,6000,1.3
170976,170991,170995,15,4,8,6000,1.9
170987,170998,171002,11,4,8,6000,1.5
170987,171003,171007,16,4,8,6000,2.0
170998,171009,171013,11,4,8,6000,1.5
170999,171015,171019,16,4,8,6000,2.0
171009,171021,171025,12,4,8,6000,1.6
171020,171029,171032,9,3,8,6000,1.2
171020,171034,171038,14,4,8,6000,1.8
171031,171040,171044,9,4,8,6000,1.3
171031,171046,171050,15,4,8,6000,1.9
171042,171052,171057,10,5,8,6000,1.5
171043,171058,171062,15,4,8,6000,1.9
171053,171064,171068,11,4,8,6000,1.5
171054,171070,171074,16,4,8,6000,2.0
171064,171077,171080,13,3,8,6000,1.6
171075,171089,171093,14,4,8,6000,1.8
171075,171083,171087,8,4,8,6000,1.2
171086,171096,171099,10,3,8,6000,1.3
171086,171101,171105,15,4,8,6000,1.9
171097,171108,171112,11,4,8,6000,1.5
171098,171113,171117,15,4,8,6000,1.9
171108,171120,171123,12,3,8,6000,1.5
171109,171125,171132,16,7,8,6000,2.3
171119,171132,171135,13,3,8,6000,1.6
171130,171138,171142,8,4,8,6000,1.2
171130,171144,171148,14,4,8,6000,1.8
171141,171151,171155,10,4,8,6000,1.4
171141,171156,171160,15,4,8,6000,1.9
171152,171162,171166,10,4,8,6000,1.4
171153,171168,171172,15,4,8,6000,1.9
171163,171175,171178,12,3,8,6000,1.5
171164,171180,171184,16,4,8,6000,2.0
171174,171186,171190,12,4,8,6000,1.6
171185,171193,171197,8,4,8,6000,1.2
171186,171199,171203,13,4,8,6000,1.7
171196,171205,171209,9,4,8,6000,1.3
171197,171211,171215,14,4,8,6000,1.8
171207,171218,171221,11,3,8,6000,1.4
171208,171223,171227,15,4,8,6000,1.9
171218,171229,171233,11,4,8,6000,1.5
171219,171235,171239,16,4,8,6000,2.0
171229,171241,171245,12,4,8,6000,1.6
171240,171248,171252,8,4,8,6000,1.2
171240,171254,171258,14,4,8,6000,1.8
171251,171260,171264,9,4,8,6000,1.3
171252,171266,171270,14,4,8,6000,1.8
171262,171273,171276,11,3,8,6000,1.4
171263,171278,171282,15,4,8,6000,1.9
171273,171285,171289,12,4,8,6000,1.6
171274,171290,171294,16,4,8,6000,2.0
171284,171297,171305,13,8,8,6000,2.1
171295,171304,171307,9,3,8,6000,1.2
171296,171309,171313,13,4,8,6000,1.7
171306,171315,171319,9,4,8,6000,1.3
171307,171321,171325,14,4,8,6000,1.8
171317,171328,171331,11,3,8,6000,1.4
171318,171333,171337,15,4,8,6000,1.9
171329,171339,171343,10,4,8,6000,1.4
171329,171345,171349,16,4,8,6000,2.0
171340,171352,171355,12,3,8,6000,1.5
171350,171359,171363,9,4,8,6000,1.3
171351,171364,171368,13,4,8,6000,1.7
171361,171370,171374,9,4,8,6000,1.3
171362,171376,171380,14,4,8,6000,1.8
171372,171383,171387,11,4,8,6000,1.5
171373,171388,171392,15,4,8,6000,1.9
171384,171394,171398,10,4,8,6000,1.4
171384,171400,171409,16,9,8,6000,2.5
171395,171407,171410,12,3,8,6000,1.5
171395,171412,171416,17,4,8,6000,2.1
171406,171418,171422,12,4,8,6000,1.6
171417,171431,171435,14,4,8,6000,1.8
171417,171426,171430,9,4,8,6000,1.3
171428,171438,171441,10,3,8,6000,1.3
171428,171443,171447,15,4,8,6000,1.9
171439,171450,171454,11,4,8,6000,1.5
171439,171455,171459,16,4,8,6000,2.0
171450,171461,171465,11,4,8,6000,1.5
171451,171467,171471,16,4,8,6000,2.0
171461,171474,171477,13,3,8,6000,1.6
171472,171481,171484,9,3,8,6000,1.2
173578,173749,174242,171,493,32,10800,1.34685598377
173598,173755,184570,157,10815,32,10800,1.01451687471
173618,174254,174265,636,11,32,10800,58.8181818182
173646,174276,174287,630,11,32,10800,58.2727272727
173665,174299,174304,634,5,32,10800,63.9
173683,174315,174337,632,22,32,10800,29.7272727273
173716,174348,174404,632,56,32,10800,12.2857142857
173734,174415,174421,681,6,32,10800,68.7
173775,174432,174452,657,20,32,10800,33.85
173799,174464,174470,665,6,32,10800,67.1
173815,174481,174491,666,10,32,10800,67.6
173847,174502,174508,655,6,32,10800,66.1
181420,181426,181433,6,7,1,3600,1.3
181537,181544,181793,7,249,1,3600,1.0281124498
181914,181920,182550,6,630,1,3600,1.00952380952
182773,182780,183466,7,686,1,3600,1.01020408163
183965,183971,183977,6,6,1,3600,1.2
184082,184088,184186,6,98,1,3600,1.0612244898
184305,184311,184625,6,314,1,3600,1.01910828025
184887,184893,185532,6,639,1,3600,1.00938967136
185008,185014,185022,6,8,1,1800,1.4
185197,185203,185282,6,79,1,1800,1.07594936709
185272,185278,185466,6,188,1,3600,1.03191489362
185540,185546,185644,6,98,1,1800,1.0612244898
185580,185586,186073,6,487,1,3600,1.01232032854
186184,186190,186558,6,368,1,1800,1.01630434783
186288,186294,187120,6,826,1,3600,1.00726392252
187180,187186,187192,6,6,1,1800,1.2
187343,187349,187387,6,38,1,1800,1.15789473684
187594,187600,187672,6,72,1,1800,1.08333333333
187913,187919,188048,6,129,1,3600,1.04651162791
188140,188146,188522,6,376,1,3600,1.01595744681
188370,188376,188636,6,260,1,1800,1.02307692308
188798,188804,189321,6,517,1,3600,1.01160541586
193184,193190,193269,6,79,1,1800,1.07594936709
193510,193516,193606,6,90,1,1800,1.06666666667
194112,194118,194476,6,358,1,1800,1.01675977654
195629,195635,195675,6,40,1,1800,1.15
195921,195927,195998,6,71,1,1800,1.08450704225
196628,196634,196870,6,236,1,1800,1.02542372881
200872,200879,201073,7,194,175,600,1.03608247423
202073,202079,202655,6,576,175,600,1.01041666667
202912,202918,203126,6,208,175,480,1.02884615385
203602,203608,203638,6,30,256,600,1.2
203789,203795,203825,6,30,255,600,1.2
203855,203861,203895,6,34,255,600,1.17647058824
204031,204038,204228,7,190,225,600,1.03684210526
204489,236780,243410,32291,6630,2,21600,5.87043740573
204512,204518,204724,6,206,235,600,1.02912621359
204773,237064,237071,32291,7,5,14400,3229.8
204954,204961,204993,7,32,256,240,1.21875
205050,205056,205210,6,154,245,120,1.03896103896
205335,243105,255871,37770,12766,2,21600,3.95864013787
206348,236860,245852,30512,8992,2,21600,4.39323843416
206644,236739,237225,30095,486,16,36000,62.9238683128
206757,236871,244905,30114,8034,2,28800,4.74831964152
206964,236908,236996,29944,88,4,14400,341.272727273
207021,281089,290837,74068,9748,16,36000,8.59827656955
207072,239266,247241,32194,7975,2,28800,5.03686520376
207453,236765,244481,29312,7716,2,28800,4.7988595127
207483,290857,307658,83374,16801,16,36000,5.96244271174
207873,247424,249075,39551,1651,25,10799,24.9557843731
208270,240809,243387,32539,2578,2,21600,13.6217998448
208279,254530,264313,46251,9783,4,14400,5.72769089236
208280,236968,237125,28688,157,1,610,183.72611465
208808,242013,245313,33205,3300,2,21600,11.0621212121
209874,236734,272779,26860,36045,16,36000,1.74517963657
210444,236881,241411,26437,4530,4,18000,6.83598233996
210449,236865,245578,26416,8713,2,21600,4.03179157581
210555,281047,281055,70492,8,16,288000,7050.0
210875,236887,238377,26012,1490,4,18000,18.4577181208
210881,281066,281077,70185,11,16,288000,6381.45454545
210940,236876,243892,25936,7016,2,21600,4.69669327252
213357,237243,237317,23886,74,4,36000,323.783783784
213728,264325,264393,50597,68,4,36000,745.073529412
213932,249086,321122,35154,72036,32,72000,1.488005997
214006,236897,251454,22891,14557,4,72000,2.57250807172
214049,236902,255096,22853,18194,4,72000,2.2560734308
214146,236936,236940,22790,4,4,14400,2279.4
214371,321230,393275,106859,72045,24,72000,2.48322576168
214949,236892,241484,21943,4592,2,21600,5.77852787456
218676,235997,246809,17321,10812,32,10800,2.60201627821
218693,259360,270189,40667,10829,32,10800,4.75537907471
218712,270200,270207,51488,7,32,10800,5149.5
218768,270218,281030,51450,10812,32,10800,5.75860155383
218787,236562,247412,17775,10850,32,10800,2.63824884793
218805,281041,281047,62236,6,32,10800,6224.2
218839,281058,281063,62219,5,32,10800,6222.4
218858,236581,236607,17723,26,32,10800,682.653846154
218881,281074,281082,62193,8,32,10800,6220.1
218966,236618,236662,17652,44,32,14400,402.181818182
218989,296080,296085,77091,5,32,14400,7709.6
219013,296164,296188,77151,24,32,10800,3215.625
219089,296232,296237,77143,5,32,14400,7714.8
219119,296251,296777,77132,526,32,10800,147.63878327
219141,296789,307615,77648,10826,32,10800,8.17236283022
219203,236689,236712,17486,23,32,10800,761.260869565
219288,307626,312731,88338,5105,32,14400,18.3042115573
219320,321195,328781,101875,7586,32,14400,14.4293435276
219342,321201,321219,101859,18,32,10800,5659.83333333
219377,281095,281614,61718,519,32,14400,119.917148362
219403,281625,296049,62222,14424,32,14400,5.31378258458
219420,296060,296069,76640,9,32,10800,7664.9
219460,296096,296153,76636,57,32,14400,1345.49122807
219492,236637,251055,17145,14418,32,14400,2.18913857678
219509,296200,296220,76691,20,32,10800,3835.55
219576,236785,255027,17209,18242,6,180000,1.94337243723
221474,236913,329666,15439,92753,2,172800,1.1664528371
221850,236918,313249,15068,76331,2,172800,1.19740341408
223675,236923,242000,13248,5077,2,21600,3.60941500886
225165,236931,250689,11766,13758,2,21600,1.8552115133
226485,236946,251049,10461,14103,2,21600,1.74175707296
226502,236941,243093,10439,6152,2,7200,2.69684655397
227145,236952,240797,9807,3845,2,21600,3.55058517555
227499,236957,239182,9458,2225,2,21600,5.25078651685
227776,236962,238054,9186,1092,2,21600,9.41208791209
228474,236973,236974,8499,1,1,900,850.0
233632,235919,235925,2287,6,2,3600,229.3
235215,236979,241294,1764,4315,2,21600,1.40880648899
235668,236984,240031,1316,3047,2,21600,1.43190022973
237059,237070,237076,11,6,8,6000,1.7
237060,237076,237082,16,6,8,6000,2.2
237071,237082,237087,11,5,8,6000,1.6
237081,237089,237093,8,4,8,6000,1.2
237082,237095,237101,13,6,8,6000,1.9
237092,237102,237105,10,3,8,6000,1.3
237093,237107,237111,14,4,8,6000,1.8
237104,237119,237123,15,4,8,6000,1.9
237104,237114,237117,10,3,8,6000,1.3
237115,237131,237135,16,4,8,6000,2.0
237115,237126,237129,11,3,8,6000,1.4
237126,237141,237146,15,5,8,6000,2.0
237136,237147,237152,11,5,8,6000,1.6
237137,237153,237157,16,4,8,6000,2.0
237147,237159,237163,12,4,8,6000,1.6
237148,237165,237169,17,4,8,6000,2.1
237159,237172,237175,13,3,8,6000,1.6
237169,237178,237182,9,4,8,6000,1.3
237170,237184,237188,14,4,8,6000,1.8
237180,237190,237194,10,4,8,6000,1.4
237181,237196,237201,15,5,8,6000,2.0
237191,237209,237212,18,3,8,6000,2.1
237192,237214,237218,22,4,8,6000,2.6
237213,237221,237224,8,3,8,6000,1.1
237213,237226,237230,13,4,8,6000,1.7
237224,237238,237242,14,4,8,6000,1.8
237224,237233,237236,9,3,8,6000,1.2
237235,237255,237261,20,6,8,6000,2.6
237235,237260,237265,25,5,8,6000,3.0
237256,237267,237270,11,3,8,6000,1.4
237256,237272,237277,16,5,8,6000,2.1
237267,237279,237283,12,4,8,6000,1.6
237268,237284,237288,16,4,8,6000,2.0
237278,237291,237294,13,3,8,6000,1.6
237289,237297,237301,8,4,8,6000,1.2
237289,237302,237306,13,4,8,6000,1.7
237300,237315,237321,15,6,8,6000,2.1
237300,237310,237314,10,4,8,6000,1.4
237311,237332,237336,21,4,8,6000,2.5
237311,237327,237331,16,4,8,6000,2.0
237322,237338,237342,16,4,8,6000,2.0
237333,237345,237349,12,4,8,6000,1.6
237343,237352,237356,9,4,8,6000,1.3
237344,237358,237362,14,4,8,6000,1.8
237354,237365,237368,11,3,8,6000,1.4
237355,237370,237374,15,4,8,6000,1.9
237365,237376,237380,11,4,8,6000,1.5
237366,237382,237386,16,4,8,6000,2.0
237376,237388,237392,12,4,8,6000,1.6
237387,237395,237399,8,4,8,6000,1.2
237388,237400,237404,12,4,8,6000,1.6
237398,237407,237411,9,4,8,6000,1.3
237399,237413,237417,14,4,8,6000,1.8
237409,237420,237424,11,4,8,6000,1.5
237410,237425,237429,15,4,8,6000,1.9
237420,237432,237435,12,3,8,6000,1.5
237421,237437,237450,16,13,8,6000,2.23076923077
237431,237447,237451,16,4,8,6000,2.0
237450,237457,237461,7,4,8,6000,1.1
237461,237467,237471,6,4,8,6000,1.0
237472,237478,237482,6,4,8,6000,1.0
237482,237489,237493,7,4,8,6000,1.1
237493,237499,237503,6,4,8,6000,1.0
237493,237505,237508,12,3,8,6000,1.5
237504,237511,237515,7,4,8,6000,1.1
237504,237517,237520,13,3,8,6000,1.6
237515,237523,237527,8,4,8,6000,1.2
237515,237529,237533,14,4,8,6000,1.8
237526,237536,237539,10,3,8,6000,1.3
237526,237541,237545,15,4,8,6000,1.9
237537,237548,237551,11,3,8,6000,1.4
237537,237553,237557,16,4,8,6000,2.0
237548,237559,237563,11,4,8,6000,1.5
237549,237565,237569,16,4,8,6000,2.0
237560,237571,237575,11,4,8,6000,1.5
237560,237577,237581,17,4,8,6000,2.1
237571,237610,237614,39,4,8,6000,4.3
237612,237618,237622,6,4,8,6000,1.0
237613,237624,237628,11,4,8,6000,1.5
237623,237631,237635,8,4,8,6000,1.2
237624,237636,237640,12,4,8,6000,1.6
237634,237643,237647,9,4,8,6000,1.3
237635,237648,237653,13,5,8,6000,1.8
237646,237660,237665,14,5,8,6000,1.9
237646,237655,237659,9,4,8,6000,1.3
237657,237667,237671,10,4,8,6000,1.4
237657,237672,237676,15,4,8,6000,1.9
237668,237684,237688,16,4,8,6000,2.0
237668,237679,237683,11,4,8,6000,1.5
237679,237691,237695,12,4,8,6000,1.6
237680,237696,237700,16,4,8,6000,2.0
237690,237703,237707,13,4,8,6000,1.7
237701,237710,237714,9,4,8,6000,1.3
237701,237715,237719,14,4,8,6000,1.8
237712,237722,237726,10,4,8,6000,1.4
237713,237727,237731,14,4,8,6000,1.8
237723,237734,237738,11,4,8,6000,1.5
237724,237739,237743,15,4,8,6000,1.9
237734,237747,237751,13,4,8,6000,1.7
237735,237752,237756,17,4,8,6000,2.1
237742,237759,237763,17,4,5,14400,2.1
237753,237766,237770,13,4,5,14400,1.7
237764,237778,237782,14,4,5,14400,1.8
237764,237773,237777,9,4,5,14400,1.3
237775,237785,237789,10,4,5,14400,1.4
237775,237790,237794,15,4,5,14400,1.9
237786,237797,237800,11,3,5,14400,1.4
237787,237802,237806,15,4,5,14400,1.9
237797,237809,237813,12,4,5,14400,1.6
237799,237814,237818,15,4,5,14400,1.9
237810,237821,237824,11,3,5,14400,1.4
237810,237826,237830,16,4,5,14400,2.0
237821,237833,237841,12,8,5,14400,2.0
237822,237838,237842,16,4,5,14400,2.0
237832,237845,237849,13,4,5,14400,1.7
237843,237852,237855,9,3,5,14400,1.2
237843,237857,237861,14,4,5,14400,1.8
237854,237864,237868,10,4,5,14400,1.4
237855,237870,237873,15,3,5,14400,1.8
237865,237877,237881,12,4,5,14400,1.6
237866,237882,237886,16,4,5,14400,2.0
237877,237889,237893,12,4,5,14400,1.6
237887,237896,237899,9,3,5,14400,1.2
237888,237901,237905,13,4,5,14400,1.7
237898,237908,237910,10,2,5,14400,1.2
237899,237913,237917,14,4,5,14400,1.8
237910,237920,237924,10,4,5,14400,1.4
237910,237925,237928,15,3,5,14400,1.8
237921,237932,237935,11,3,5,14400,1.4
237921,237937,237941,16,4,5,14400,2.0
237932,237944,237948,12,4,5,14400,1.6
237933,237949,237958,16,9,5,14400,2.5
237943,237956,237960,13,4,5,14400,1.7
237954,237963,237967,9,4,5,14400,1.3
237954,237968,237972,14,4,5,14400,1.8
237965,237975,237980,10,5,5,14400,1.5
237965,237980,237983,15,3,5,14400,1.8
237966,307669,343689,69703,36020,16,36000,2.93511937812
237976,237987,237990,11,3,5,14400,1.4
237977,237992,237995,15,3,5,14400,1.8
237987,237999,238003,12,4,5,14400,1.6
237988,238004,238007,16,3,5,14400,1.9
237999,238011,238015,12,4,5,14400,1.6
238009,238018,238021,9,3,5,14400,1.2
238010,238023,238027,13,4,5,14400,1.7
238020,238030,238034,10,4,5,14400,1.4
238021,238035,238051,14,16,5,14400,1.875
238031,238042,238053,11,11,5,14400,2.0
238032,238050,238054,18,4,5,14400,2.2
238053,238060,238063,7,3,5,14400,1.0
238064,238079,238082,15,3,5,14400,1.8
238075,238091,238095,16,4,5,14400,2.0
238075,238086,238089,11,3,5,14400,1.4
238086,238098,238101,12,3,5,14400,1.5
238087,238103,238107,16,4,5,14400,2.0
238097,238110,238113,13,3,5,14400,1.6
238109,238122,238126,13,4,5,14400,1.7
238109,238117,238120,8,3,5,14400,1.1
238120,238129,238133,9,4,5,14400,1.3
238120,238134,238138,14,4,5,14400,1.8
238129,288983,380814,50854,91831,6,126000,1.55377813592
238131,238146,238150,15,4,5,14400,1.9
238131,238141,238145,10,4,5,14400,1.4
238142,238153,238157,11,4,5,14400,1.5
238143,238158,238162,15,4,5,14400,1.9
238153,238166,238169,13,3,5,14400,1.6
238154,238171,238174,17,3,5,14400,2.0
238165,238178,238182,13,4,5,14400,1.7
238175,238185,238189,10,4,5,14400,1.4
238176,238190,238198,14,8,5,14400,2.2
238186,238197,238201,11,4,5,14400,1.5
238187,238202,238206,15,4,5,14400,1.9
238198,238209,238213,11,4,5,14400,1.5
238198,238214,238220,16,6,5,14400,2.2
238209,238221,238224,12,3,5,14400,1.5
238220,238233,238237,13,4,5,14400,1.7
238220,238228,238231,8,3,5,14400,1.1
238231,238245,238249,14,4,5,14400,1.8
238231,238240,238244,9,4,5,14400,1.3
238242,238252,238256,10,4,5,14400,1.4
238243,238257,238261,14,4,5,14400,1.8
238253,238264,238268,11,4,5,14400,1.5
238254,238269,238273,15,4,5,14400,1.9
238264,238276,238279,12,3,5,14400,1.5
238265,238281,238285,16,4,5,14400,2.0
238276,238288,238291,12,3,5,14400,1.5
238286,238295,238298,9,3,5,14400,1.2
238287,238300,238304,13,4,5,14400,1.7
238297,238307,238310,10,3,5,14400,1.3
238298,238312,238316,14,4,5,14400,1.8
238309,238319,238322,10,3,5,14400,1.3
238309,238324,238328,15,4,5,14400,1.9
238320,238331,238334,11,3,5,14400,1.4
238320,238336,238340,16,4,5,14400,2.0
238331,238343,238346,12,3,5,14400,1.5
238332,238348,238352,16,4,5,14400,2.0
238342,238355,238358,13,3,5,14400,1.6
238353,238362,238365,9,3,5,14400,1.2
238353,238367,238371,14,4,5,14400,1.8
238364,238374,238378,10,4,5,14400,1.4
238365,238379,238383,14,4,5,14400,1.8
238375,238386,238389,11,3,5,14400,1.4
238382,238404,238409,22,5,8,6000,2.7
238383,238409,238413,26,4,8,6000,3.0
238404,238416,238420,12,4,8,6000,1.6
238414,238422,238426,8,4,8,6000,1.2
238415,238428,238432,13,4,8,6000,1.7
238426,238435,238439,9,4,8,6000,1.3
238426,238440,238444,14,4,8,6000,1.8
238437,238447,238450,10,3,8,6000,1.3
238437,238452,238456,15,4,8,6000,1.9
238448,238459,238463,11,4,8,6000,1.5
238448,238464,238468,16,4,8,6000,2.0
238460,238476,238480,16,4,8,6000,2.0
238460,238471,238474,11,3,8,6000,1.4
238471,238488,238492,17,4,8,6000,2.1
238471,238483,238487,12,4,8,6000,1.6
238482,238495,238498,13,3,8,6000,1.6
238493,238502,238506,9,4,8,6000,1.3
238493,238507,238511,14,4,8,6000,1.8
238504,238514,238518,10,4,8,6000,1.4
238504,238519,238523,15,4,8,6000,1.9
238515,238526,238530,11,4,8,6000,1.5
238516,238531,238535,15,4,8,6000,1.9
238526,238538,238542,12,4,8,6000,1.6
238527,238543,238547,16,4,8,6000,2.0
238537,238550,238560,13,10,8,6000,2.3
238548,238557,238560,9,3,8,6000,1.2
238549,238562,238566,13,4,8,6000,1.7
238559,238569,238572,10,3,8,6000,1.3
238560,238574,238581,14,7,8,6000,2.1
238571,238581,238585,10,4,8,6000,1.4
238571,238586,238590,15,4,8,6000,1.9
238582,238593,238597,11,4,8,6000,1.5
238582,238598,238603,16,5,8,6000,2.1
238593,238604,238612,11,8,8,6000,1.9
238604,238612,238616,8,4,8,6000,1.2
238604,238617,238621,13,4,8,6000,1.7
238615,238629,238633,14,4,8,6000,1.8
238615,238624,238628,9,4,8,6000,1.3
238626,238636,238652,10,16,8,6000,1.625
238626,238642,238652,16,10,8,6000,2.6
238637,238656,238659,19,3,8,6000,2.2
238653,238662,238666,9,4,8,6000,1.3
238653,238668,238671,15,3,8,6000,1.8
238664,238675,238678,11,3,8,6000,1.4
238664,238680,238684,16,4,8,6000,2.0
238675,238687,238691,12,4,8,6000,1.6
238676,238692,238696,16,4,8,6000,2.0
238686,238699,238702,13,3,8,6000,1.6
238697,238706,238710,9,4,8,6000,1.3
238697,238711,238715,14,4,8,6000,1.8
238711,238718,238721,7,3,8,6000,1.0
238712,238723,238727,11,4,8,6000,1.5
238722,238730,238734,8,4,8,6000,1.2
238723,238735,238739,12,4,8,6000,1.6
238733,238742,238751,9,9,8,6000,1.8
238734,238747,238751,13,4,8,6000,1.7
238745,238754,238761,9,7,8,6000,1.6
238745,238759,238763,14,4,8,6000,1.8
238756,238766,238769,10,3,8,6000,1.3
238756,238771,238775,15,4,8,6000,1.9
238767,238778,238782,11,4,8,6000,1.5
238767,238783,238789,16,6,8,6000,2.2
238778,238790,238794,12,4,8,6000,1.6
238779,238795,238802,16,7,8,6000,2.3
238789,238802,238806,13,4,8,6000,1.7
238800,238809,238812,9,3,8,6000,1.2
238801,238814,238818,13,4,8,6000,1.7
238811,238821,238824,10,3,8,6000,1.3
238812,238826,238830,14,4,8,6000,1.8
238822,238833,238836,11,3,8,6000,1.4
238823,238838,238842,15,4,8,6000,1.9
238834,238845,238848,11,3,8,6000,1.4
238834,238850,238854,16,4,8,6000,2.0
238845,238857,238861,12,4,8,6000,1.6
238855,238864,238868,9,4,8,6000,1.3
238856,238869,238873,13,4,8,6000,1.7
238867,238876,238880,9,4,8,6000,1.3
238867,238881,238885,14,4,8,6000,1.8
238878,238888,238892,10,4,8,6000,1.4
238879,238893,238897,14,4,8,6000,1.8
238890,238900,238904,10,4,8,6000,1.4
238890,238905,238909,15,4,8,6000,1.9
238901,238911,238915,10,4,8,6000,1.4
238901,238917,238921,16,4,8,6000,2.0
238912,238924,238928,12,4,8,6000,1.6
238913,238929,238933,16,4,8,6000,2.0
238923,238936,238940,13,4,8,6000,1.7
238934,238942,238946,8,4,8,6000,1.2
238934,238948,238952,14,4,8,6000,1.8
238945,238955,238958,10,3,8,6000,1.3
238946,238960,238964,14,4,8,6000,1.8
238956,238967,238970,11,3,8,6000,1.4
238957,238972,238976,15,4,8,6000,1.9
238967,238979,238982,12,3,8,6000,1.5
238968,238984,238988,16,4,8,6000,2.0
238979,238990,238994,11,4,8,6000,1.5
238989,238998,239002,9,4,8,6000,1.3
238990,239003,239007,13,4,8,6000,1.7
239000,239010,239013,10,3,8,6000,1.3
239001,239015,239019,14,4,8,6000,1.8
239008,239022,239025,14,3,5,14400,1.7
239019,239029,239032,10,3,5,14400,1.3
239019,239034,239039,15,5,5,14400,2.0
239030,239041,239045,11,4,5,14400,1.5
239030,239046,239050,16,4,5,14400,2.0
239041,239053,239057,12,4,5,14400,1.6
239052,239065,239068,13,3,5,14400,1.6
239052,239060,239064,8,4,5,14400,1.2
239063,239072,239075,9,3,5,14400,1.2
239063,239077,239080,14,3,5,14400,1.7
239074,239084,239088,10,4,5,14400,1.4
239075,239089,239093,14,4,5,14400,1.8
239085,239096,239099,11,3,5,14400,1.4
239086,239101,239105,15,4,5,14400,1.9
239096,239108,239112,12,4,5,14400,1.6
239097,239113,239117,16,4,5,14400,2.0
239108,239120,239124,12,4,5,14400,1.6
239120,239127,239129,7,2,5,14400,1.0
239121,239134,239138,13,4,5,14400,1.7
239131,239141,239144,10,3,5,14400,1.3
239132,239146,239150,14,4,5,14400,1.8
239143,239153,239157,10,4,5,14400,1.4
239143,239158,239162,15,4,5,14400,1.9
239154,239165,239169,11,4,5,14400,1.5
239154,239170,239175,16,5,5,14400,2.1
239165,239177,239180,12,3,5,14400,1.5
239176,239184,239188,8,4,5,14400,1.2
239176,239189,239193,13,4,5,14400,1.7
239187,239196,239201,9,5,5,14400,1.4
239187,239201,239205,14,4,5,14400,1.8
239198,239207,239210,9,3,5,14400,1.2
239198,239213,239217,15,4,5,14400,1.9
239209,239220,239223,11,3,5,14400,1.4
239210,239225,239229,15,4,5,14400,1.9
239220,239232,239236,12,4,5,14400,1.6
239221,239237,239252,16,15,5,14400,2.06666666667
239231,239247,239252,16,5,5,14400,2.1
239252,239258,239262,6,4,5,14400,1.0
239263,239272,239276,9,4,5,14400,1.3
239273,239280,239283,7,3,5,14400,1.0
239274,239287,239290,13,3,5,14400,1.6
239285,239294,239299,9,5,5,14400,1.4
239285,239299,239303,14,4,5,14400,1.8
239296,239306,239309,10,3,5,14400,1.3
239296,239311,239315,15,4,5,14400,1.9
239307,239318,239322,11,4,5,14400,1.5
239307,239323,239326,16,3,5,14400,1.9
239318,239330,239333,12,3,5,14400,1.5
239319,239335,239339,16,4,5,14400,2.0
239329,239342,239345,13,3,5,14400,1.6
239340,239349,239353,9,4,5,14400,1.3
239341,239354,239358,13,4,5,14400,1.7
239351,239361,239365,10,4,5,14400,1.4
239352,239366,239370,14,4,5,14400,1.8
239362,239373,239377,11,4,5,14400,1.5
239363,239378,239382,15,4,5,14400,1.9
239374,239385,239389,11,4,5,14400,1.5
239374,239390,239395,16,5,5,14400,2.1
239385,239397,239400,12,3,5,14400,1.5
239395,239404,239407,9,3,5,14400,1.2
239396,239409,239413,13,4,5,14400,1.7
239407,239421,239425,14,4,5,14400,1.8
239407,239416,239420,9,4,5,14400,1.3
239419,239428,239432,9,4,5,14400,1.3
239420,239433,239437,13,4,5,14400,1.7
239430,239441,239445,11,4,5,14400,1.5
239431,239446,239450,15,4,5,14400,1.9
239441,239453,239457,12,4,5,14400,1.6
239442,239458,239462,16,4,5,14400,2.0
239453,239465,239468,12,3,5,14400,1.5
239463,239471,239475,8,4,5,14400,1.2
239464,239477,239481,13,4,5,14400,1.7
239475,239489,239493,14,4,5,14400,1.8
239475,239484,239488,9,4,5,14400,1.3
239486,239501,239505,15,4,5,14400,1.9
239486,239496,239499,10,3,5,14400,1.3
239497,239508,239511,11,3,5,14400,1.4
239497,239513,239517,16,4,5,14400,2.0
239508,239520,239524,12,4,5,14400,1.6
239509,239525,239529,16,4,5,14400,2.0
239519,239532,239535,13,3,5,14400,1.6
239530,239539,239542,9,3,5,14400,1.2
239531,239544,239551,13,7,5,14400,2.0
239541,239551,239554,10,3,5,14400,1.3
239542,239556,239560,14,4,5,14400,1.8
239552,239563,239567,11,4,5,14400,1.5
239553,239568,239572,15,4,5,14400,1.9
239564,239575,239578,11,3,5,14400,1.4
239564,239580,239583,16,3,5,14400,1.9
239575,239587,239591,12,4,5,14400,1.6
239585,239594,239597,9,3,5,14400,1.2
239586,239599,239602,13,3,5,14400,1.6
239597,239606,239609,9,3,5,14400,1.2
239597,239611,239615,14,4,5,14400,1.8
239608,239623,239626,15,3,5,14400,1.8
239608,239618,239621,10,3,5,14400,1.3
239619,239630,239633,11,3,5,14400,1.4
239619,239635,239639,16,4,5,14400,2.0
239630,239642,239650,12,8,5,14400,2.0
239631,239647,239651,16,4,5,14400,2.0
239638,239654,239661,16,7,8,6000,2.3
239648,239661,239669,13,8,8,6000,2.1
239659,239668,239676,9,8,8,6000,1.7
239660,239673,239677,13,4,8,6000,1.7
239670,239680,239684,10,4,8,6000,1.4
239671,239685,239689,14,4,8,6000,1.8
239682,239692,239696,10,4,8,6000,1.4
239682,239697,239701,15,4,8,6000,1.9
239693,239704,239708,11,4,8,6000,1.5
239693,239709,239715,16,6,8,6000,2.2
239704,239716,239719,12,3,8,6000,1.5
239705,239721,239725,16,4,8,6000,2.0
239715,239728,239731,13,3,8,6000,1.6
239726,239735,239738,9,3,8,6000,1.2
239727,239740,239744,13,4,8,6000,1.7
239737,239747,239750,10,3,8,6000,1.3
239738,239752,239756,14,4,8,6000,1.8
239748,239759,239762,11,3,8,6000,1.4
239749,239764,239768,15,4,8,6000,1.9
239760,239771,239774,11,3,8,6000,1.4
239760,239776,239780,16,4,8,6000,2.0
239771,239783,239787,12,4,8,6000,1.6
239771,239788,239792,17,4,8,6000,2.1
239782,239795,239799,13,4,8,6000,1.7
239793,239807,239811,14,4,8,6000,1.8
239793,239801,239805,8,4,8,6000,1.2
239804,239814,239818,10,4,8,6000,1.4
239805,239819,239823,14,4,8,6000,1.8
239815,239826,239830,11,4,8,6000,1.5
239816,239831,239835,15,4,8,6000,1.9
239827,239848,239854,21,6,8,6000,2.7
239827,239839,239853,12,14,8,6000,1.85714285714
239854,239861,239864,7,3,8,6000,1.0
239865,239872,239875,7,3,8,6000,1.0
239876,239883,239887,7,4,8,6000,1.1
239886,239893,239897,7,4,8,6000,1.1
239887,239899,239902,12,3,8,6000,1.5
239905,239911,239915,6,4,8,6000,1.0
239915,239922,239926,7,4,8,6000,1.1
239926,239932,239936,6,4,8,6000,1.0
239937,239943,239947,6,4,8,6000,1.0
239947,239955,239958,8,3,8,6000,1.1
239959,239966,239974,7,8,8,6000,1.5
239969,239976,239980,7,4,8,6000,1.1
239970,239981,239985,11,4,8,6000,1.5
239981,239988,239992,7,4,8,6000,1.1
239981,239993,239997,12,4,8,6000,1.6
239992,240000,240008,8,8,8,6000,1.6
239992,240005,240009,13,4,8,6000,1.7
240003,240017,240021,14,4,8,6000,1.8
240003,240012,240016,9,4,8,6000,1.3
240014,240023,240027,9,4,8,6000,1.3
240015,240029,240033,14,4,8,6000,1.8
240025,240036,240040,11,4,8,6000,1.5
240026,240041,240045,15,4,8,6000,1.9
240037,240053,240057,16,4,8,6000,2.0
240037,240047,240053,10,6,8,6000,1.6
240048,240065,240069,17,4,8,6000,2.1
240048,240060,240064,12,4,8,6000,1.6
240059,240072,240076,13,4,8,6000,1.7
240070,240084,240088,14,4,8,6000,1.8
240070,240079,240083,9,4,8,6000,1.3
240081,240091,240094,10,3,8,6000,1.3
240082,240096,240100,14,4,8,6000,1.8
240092,240103,240107,11,4,8,6000,1.5
240093,240108,240112,15,4,8,6000,1.9
240103,240115,240119,12,4,8,6000,1.6
240104,240120,240124,16,4,8,6000,2.0
240115,240127,240131,12,4,8,6000,1.6
240125,240134,240138,9,4,8,6000,1.3
240126,240139,240143,13,4,8,6000,1.7
240137,240147,240150,10,3,8,6000,1.3
240137,240152,240156,15,4,8,6000,1.9
240148,240159,240163,11,4,8,6000,1.5
240148,240164,240168,16,4,8,6000,2.0
240159,240171,240175,12,4,8,6000,1.6
240160,240176,240180,16,4,8,6000,2.0
240170,240183,240186,13,3,8,6000,1.6
240181,240190,240194,9,4,8,6000,1.3
240182,240195,240199,13,4,8,6000,1.7
240192,240202,240206,10,4,8,6000,1.4
240193,240207,240211,14,4,8,6000,1.8
240203,240214,240218,11,4,8,6000,1.5
240204,240219,240223,15,4,8,6000,1.9
240215,240226,240229,11,3,8,6000,1.4
240215,240231,240235,16,4,8,6000,2.0
240226,240238,240242,12,4,8,6000,1.6
240227,240243,240247,16,4,8,6000,2.0
240237,240250,240254,13,4,8,6000,1.7
240248,240257,240261,9,4,8,6000,1.3
240249,240262,240267,13,5,8,6000,1.8
240260,240269,240272,9,3,8,6000,1.2
240261,240274,240278,13,4,8,6000,1.7
240271,240281,240285,10,4,8,6000,1.4
240272,240286,240290,14,4,8,6000,1.8
240283,240293,240297,10,4,8,6000,1.4
240283,240298,240302,15,4,8,6000,1.9
240294,240305,240309,11,4,8,6000,1.5
240294,240310,240314,16,4,8,6000,2.0
240301,240317,245127,16,4810,5,14400,1.00332640333
240312,240324,244848,12,4524,5,14400,1.00265251989
240313,240329,245451,16,5122,5,14400,1.00312377977
240323,240336,240356,13,20,5,14400,1.65
240334,240343,245153,9,4810,5,14400,1.00187110187
240335,240348,244507,13,4159,5,14400,1.00312575138
240345,240355,244887,10,4532,5,14400,1.00220653133
240346,240360,245288,14,4928,5,14400,1.00284090909
240356,240367,244708,11,4341,5,14400,1.00253397835
240357,240372,244496,15,4124,5,14400,1.00363724539
240368,240384,245457,16,5073,5,14400,1.0031539523
240368,240378,244348,10,3970,5,14400,1.00251889169
240379,240390,245635,11,5245,5,14400,1.00209723546
240379,240396,244556,17,4160,5,14400,1.00408653846
240390,240403,245071,13,4668,5,14400,1.00278491859
240401,240414,246027,13,5613,5,14400,1.00231605202
240401,240409,244832,8,4423,5,14400,1.00180872711
240412,241496,246058,1084,4562,5,14400,1.2376150811
241370,241377,241450,7,73,1,1800,1.09589041096
241500,244492,245976,2992,1484,8,6000,3.01617250674
244556,244567,244572,11,5,5,14400,1.6
244556,244562,244567,6,5,5,14400,1.1
244567,244581,244584,14,3,5,14400,1.7
244567,244574,244579,7,5,5,14400,1.2
244579,244587,244591,8,4,5,14400,1.2
244580,244595,244598,15,3,5,14400,1.8
244590,244601,244605,11,4,5,14400,1.5
244601,244613,244617,12,4,5,14400,1.6
244601,244607,244611,6,4,5,14400,1.0
244612,244621,244624,9,3,5,14400,1.2
244613,244628,244631,15,3,5,14400,1.8
244623,244635,244652,12,17,5,14400,1.70588235294
244634,244653,244657,19,4,5,14400,2.3
244634,244642,244652,8,10,5,14400,1.8
244653,244665,244668,12,3,5,14400,1.5
244653,244670,244674,17,4,5,14400,2.1
244664,244677,244680,13,3,5,14400,1.6
244674,244684,244687,10,3,5,14400,1.3
244675,244691,244694,16,3,5,14400,1.9
244685,244698,244701,13,3,5,14400,1.6
244696,244711,244715,15,4,5,14400,1.9
244696,244705,244708,9,3,5,14400,1.2
244707,244717,244721,10,4,5,14400,1.4
244718,244724,244727,6,3,5,14400,1.0
244718,244731,244735,13,4,5,14400,1.7
244873,244879,250084,6,5205,5,14400,1.00115273775
244874,244885,249561,11,4676,5,14400,1.00235243798
244884,244891,249454,7,4563,5,14400,1.00153407846
244885,244897,249596,12,4699,5,14400,1.00255373484
244896,244909,249092,13,4183,5,14400,1.00310781736
244896,244904,249903,8,4999,5,14400,1.00160032006
244907,244915,249067,8,4152,5,14400,1.00192678227
244917,245084,249582,167,4498,5,14400,1.03712761227
245081,245139,249635,58,4496,5,14400,1.01290035587
245143,245165,249267,22,4102,5,14400,1.00536323745
245163,245301,249529,138,4228,5,14400,1.03263954588
245301,245326,250616,25,5290,5,14400,1.00472589792
245322,245462,250656,140,5194,5,14400,1.0269541779
245465,245471,249635,6,4164,5,14400,1.00144092219
245476,245647,250264,171,4617,5,14400,1.03703703704
245650,245993,250281,343,4288,5,14400,1.07999067164
245762,245864,245865,102,1,2,3540,10.3
245995,246040,250726,45,4686,5,14400,1.00960307298
246037,246070,250714,33,4644,5,14400,1.00710594315
246068,249080,253343,3012,4263,5,14400,1.70654468684
248581,255037,256017,6456,980,4,3600,7.58775510204
248914,264405,264473,15491,68,4,36000,228.808823529
249081,249104,253550,23,4446,5,14400,1.00517318938
249102,249279,253584,177,4305,5,14400,1.04111498258
249276,249465,254180,189,4715,5,14400,1.04008483563
249463,249540,254419,77,4879,5,14400,1.01578192253
249545,249573,254268,28,4695,5,14400,1.00596379127
249576,249595,254675,19,5080,5,14400,1.00374015748
249597,249608,254026,11,4418,5,14400,1.0024898144
249608,249646,254900,38,5254,5,14400,1.0072325847
249649,249656,253851,7,4195,5,14400,1.00166865316
249660,249915,254086,255,4171,5,14400,1.06113641813
249915,250097,255014,182,4917,5,14400,1.0370144397
250095,250276,254471,181,4195,5,14400,1.0431466031
250279,250294,254491,15,4197,5,14400,1.00357398142
250289,250628,255501,339,4873,5,14400,1.06956700185
250626,250667,255025,41,4358,5,14400,1.00940798531
250664,250726,255575,62,4849,5,14400,1.01278614147
250726,250738,255462,12,4724,5,14400,1.00254022015
250737,251093,255356,356,4263,5,14400,1.08350926578
251094,251466,256230,372,4764,5,14400,1.07808564232
251467,253355,257857,1888,4502,5,14400,1.41936916926
253357,253561,258671,204,5110,5,14400,1.03992172211
253561,253597,258988,36,5391,5,14400,1.00667779633
253592,253863,258288,271,4425,5,14400,1.06124293785
253860,254038,258562,178,4524,5,14400,1.03934571176
254034,254098,258918,64,4820,5,14400,1.0132780083
254096,254192,259199,96,5007,5,14400,1.01917315758
254188,254280,259459,92,5179,5,14400,1.01776404711
254281,254430,259391,149,4961,5,14400,1.03003426728
254434,254482,258692,48,4210,5,14400,1.01140142518
254485,254503,259184,18,4681,5,14400,1.00384533219
254506,254687,259349,181,4662,5,14400,1.03882453882
254691,254911,259246,220,4335,5,14400,1.05074971165
254912,255025,259067,113,4042,5,14400,1.0279564572
255024,255044,259057,20,4013,5,14400,1.00498380264
255045,255474,259797,429,4323,5,14400,1.09923664122
255470,255588,260205,118,4617,5,14400,1.02555772146
255593,257868,262872,2275,5004,5,14400,1.45463629097
257867,258299,263309,432,5010,5,14400,1.08622754491
258296,258574,263615,278,5041,5,14400,1.05514778814
258573,258682,263369,109,4687,5,14400,1.02325581395
258686,258929,263459,243,4530,5,14400,1.05364238411
258922,259000,263285,78,4285,5,14400,1.01820303384
258993,259069,263907,76,4838,5,14400,1.01570897065
259064,259079,263190,15,4111,5,14400,1.00364874726
259075,259197,263271,122,4074,5,14400,1.02994599902
259187,259210,264171,23,4961,5,14400,1.00463616206
259208,259257,264382,49,5125,5,14400,1.00956097561
259249,259366,263419,117,4053,5,14400,1.02886750555
259352,259403,263736,51,4333,5,14400,1.01177013616
259393,259471,264765,78,5294,5,14400,1.01473366075
259465,259808,264399,343,4591,5,14400,1.07471139185
259802,260217,265287,415,5070,5,14400,1.08185404339
260126,264484,269898,4358,5414,4,18000,1.80495012929
260210,262885,268335,2675,5450,5,14400,1.49082568807
261628,312754,422109,51126,109355,6,180000,1.46752320424
262875,263201,268052,326,4851,5,14400,1.06720263863
263191,263283,267884,92,4601,5,14400,1.01999565312
263274,263297,268068,23,4771,5,14400,1.00482079229
263295,263320,267943,25,4623,5,14400,1.00540774389
263316,263380,267572,64,4192,5,14400,1.01526717557
263377,263430,267853,53,4423,5,14400,1.01198281709
263419,263471,268086,52,4615,5,14400,1.01126760563
263461,263627,267886,166,4259,5,14400,1.03897628551
263624,263747,268087,123,4340,5,14400,1.02834101382
263737,263919,268069,182,4150,5,14400,1.04385542169
263918,264182,268238,264,4056,5,14400,1.0650887574
264173,264393,268573,220,4180,5,14400,1.05263157895
264387,264411,269047,24,4636,5,14400,1.00517687662
264408,264776,269855,368,5079,5,14400,1.07245520772
264769,265298,269329,529,4031,5,14400,1.13123294468
265290,267583,271714,2293,4131,5,14400,1.55507141128
267576,267864,272186,288,4322,5,14400,1.06663581675
267863,267896,271984,33,4088,5,14400,1.00807240705
267894,267954,272346,60,4392,5,14400,1.01366120219
267894,267902,273156,8,5254,5,14400,1.00152264941
267946,268065,272659,119,4594,5,14400,1.0259033522
268062,268079,272252,17,4173,5,14400,1.00407380781
268072,268086,272565,14,4479,5,14400,1.0031256977
268083,268099,272390,16,4291,5,14400,1.00372873456
268094,268251,272413,157,4162,5,14400,1.03772224892
268094,268105,273136,11,5031,5,14400,1.00218644405
268248,268346,273359,98,5013,5,14400,1.01954917215
268341,268585,273596,244,5011,5,14400,1.04869287567
268583,269342,270823,759,1481,8,6000,1.51249155976
269049,269867,271336,818,1469,8,6000,1.5568413887
269343,270834,272312,1491,1478,8,6000,2.00879566982
269487,269910,271289,423,1379,4,14400,1.3067440174
270832,271347,272819,515,1472,8,6000,1.34986413043
271336,271726,273202,390,1476,8,6000,1.26422764228
271723,271995,273500,272,1505,8,6000,1.18073089701
271989,272264,273723,275,1459,8,6000,1.18848526388
272109,322193,355168,50084,32975,12,43200,2.51884761183
272263,272324,273790,61,1466,8,6000,1.04160982265
272314,272359,273835,45,1476,8,6000,1.03048780488
272355,272425,274183,70,1758,8,6000,1.03981797497
272417,272672,274143,255,1471,8,6000,1.17335146159
272662,272792,274266,130,1474,8,6000,1.0881953867
272795,272802,274265,7,1463,8,6000,1.004784689
272805,272830,274291,25,1461,8,6000,1.01711156742
272826,273147,274626,321,1479,8,6000,1.21703853955
273151,273213,274685,62,1472,8,6000,1.04211956522
273213,273370,274865,157,1495,8,6000,1.10501672241
273366,273512,274976,146,1464,8,6000,1.09972677596
273512,273608,275078,96,1470,8,6000,1.06530612245
273605,273735,275206,130,1471,8,6000,1.08837525493
273738,273803,275360,65,1557,8,6000,1.04174694926
273800,273846,275379,46,1533,8,6000,1.03000652316
273851,274154,275665,303,1511,8,6000,1.20052945069
274156,274194,276073,38,1879,8,6000,1.02022352315
274197,274277,275748,80,1471,8,6000,1.05438477226
274279,274285,275759,6,1474,8,6000,1.00407055631
274290,274303,275791,13,1488,8,6000,1.00873655914
274300,274637,276128,337,1491,8,6000,1.22602280349
274637,274696,276194,59,1498,8,6000,1.0393858478
274693,274876,276368,183,1492,8,6000,1.1226541555
274877,274987,276474,110,1487,8,6000,1.07397444519
274990,275090,276566,100,1476,8,6000,1.06775067751
275092,275219,276703,127,1484,8,6000,1.08557951482
275215,275371,276853,156,1482,8,6000,1.10526315789
275377,275390,276884,13,1494,8,6000,1.00870147256
275388,275678,277155,290,1477,8,6000,1.19634394042
275675,275803,277278,128,1475,8,6000,1.08677966102
275808,276084,277565,276,1481,8,6000,1.18636056718
276084,276139,277654,55,1515,8,6000,1.03630363036
276141,276205,277962,64,1757,8,6000,1.03642572567
276204,276379,277850,175,1471,8,6000,1.11896668933
276378,276485,277961,107,1476,8,6000,1.07249322493
276485,276579,278090,94,1511,8,6000,1.06221045665
276577,276714,278225,137,1511,8,6000,1.0906684315
276720,276865,278337,145,1472,8,6000,1.09850543478
276863,276895,278367,32,1472,8,6000,1.02173913043
276894,277166,278690,272,1524,8,6000,1.17847769029
277165,277290,278779,125,1489,8,6000,1.08394895903
277288,277578,279068,290,1490,8,6000,1.19463087248
277573,277665,279147,92,1482,8,6000,1.0620782726
277665,277861,279355,196,1494,8,6000,1.1311914324
277859,277973,279452,114,1479,8,6000,1.07707910751
277971,277979,279449,8,1470,8,6000,1.00544217687
277982,278101,279594,119,1493,8,6000,1.07970529136
278105,278236,279701,131,1465,8,6000,1.08941979522
278253,278349,279821,96,1472,8,6000,1.0652173913
278345,278378,279851,33,1473,8,6000,1.02240325866
278376,278701,280190,325,1489,8,6000,1.21826729349
278704,278790,280271,86,1481,8,6000,1.05806887238
278786,279080,280542,294,1462,8,6000,1.20109439124
279077,279158,280652,81,1494,8,6000,1.05421686747
279159,279367,280853,208,1486,8,6000,1.1399730821
279363,279461,280946,98,1485,8,6000,1.06599326599
279459,279467,280953,8,1486,8,6000,1.00538358008
279470,279606,281084,136,1478,8,6000,1.09201623816
279603,279713,281187,110,1474,8,6000,1.07462686567
279716,279832,281307,116,1475,8,6000,1.0786440678
279828,279863,281360,35,1497,8,6000,1.02338009352
279859,280201,281696,342,1495,8,6000,1.22876254181
280197,280283,281762,86,1479,8,6000,1.05814739689
280279,280554,282027,275,1473,8,6000,1.18669382213
280555,280664,282150,109,1486,8,6000,1.0733512786
280663,280865,282339,202,1474,8,6000,1.13704206242
280867,280957,282450,90,1493,8,6000,1.06028131279
280960,280966,282515,6,1549,8,6000,1.00387346675
280970,281101,282588,131,1487,8,6000,1.08809683927
281103,281200,282684,97,1484,8,6000,1.0653638814
281195,281319,282797,124,1478,8,6000,1.08389715832
281315,281371,282850,56,1479,8,6000,1.03786342123
281377,281707,283188,330,1481,8,6000,1.22282241729
281703,281773,283263,70,1490,8,6000,1.04697986577
281775,282039,283536,264,1497,8,6000,1.17635270541
282037,282161,283651,124,1490,8,6000,1.08322147651
282160,282351,283838,191,1487,8,6000,1.12844653665
282354,282461,283935,107,1474,8,6000,1.07259158752
282460,282526,284005,66,1479,8,6000,1.04462474645
282522,282600,284078,78,1478,8,6000,1.05277401894
282604,282696,284197,92,1501,8,6000,1.06129247169
282696,282809,284298,113,1489,8,6000,1.07588985897
282809,282861,284342,52,1481,8,6000,1.03511141121
282860,283200,284691,340,1491,8,6000,1.22803487592
283197,283275,284758,78,1483,8,6000,1.05259608901
283278,283547,285052,269,1505,8,6000,1.17873754153
283543,283662,285145,119,1483,8,6000,1.08024275118
283663,283850,285332,187,1482,8,6000,1.12618083671
283846,283946,285415,100,1469,8,6000,1.0680735194
283948,284017,285494,69,1477,8,6000,1.04671631686
284020,284089,285571,69,1482,8,6000,1.04655870445
284092,284209,285695,117,1486,8,6000,1.07873485868
284204,284310,285782,106,1472,8,6000,1.07201086957
284314,284355,287528,41,3173,5,14400,1.01292152537
284355,284703,288092,348,3389,5,14400,1.10268515786
284692,284708,287989,16,3281,5,14400,1.00487656202
284712,284770,287746,58,2976,5,14400,1.01948924731
284764,285064,288406,300,3342,5,14400,1.08976660682
285059,285070,287675,11,2605,5,14400,1.00422264875
285069,285157,287973,88,2816,5,14400,1.03125
285151,285162,288241,11,3079,5,14400,1.0035725885
285162,285343,288102,181,2759,5,14400,1.06560347952
285346,285427,288190,81,2763,5,14400,1.02931596091
285417,285433,288067,16,2634,5,14400,1.00607441154
285438,285507,289239,69,3732,5,14400,1.01848874598
285495,285583,288887,88,3304,5,14400,1.02663438257
285577,285589,288289,12,2700,5,14400,1.00444444444
285588,285706,288669,118,2963,5,14400,1.03982450219
285700,285712,288679,12,2967,5,14400,1.00404448938
285711,285794,288971,83,3177,5,14400,1.02612527542
285793,287539,290716,1746,3177,5,14400,1.54957507082
287261,288258,288360,997,102,1,259200,10.7745098039
287541,287686,290532,145,2846,5,14400,1.05094869993
287684,287758,290642,74,2884,5,14400,1.02565880721
287756,287984,290549,228,2565,5,14400,1.08888888889
287982,288001,290981,19,2980,5,14400,1.00637583893
288003,288079,291770,76,3691,5,14400,1.02059062585
288075,288104,291232,29,3128,5,14400,1.00927109974
288106,288115,291353,9,3238,5,14400,1.00277949351
288117,288203,291054,86,2851,5,14400,1.03016485444
288199,288252,291580,53,3328,5,14400,1.01592548077
288250,288300,290959,50,2659,5,14400,1.01880406168
288302,288417,290992,115,2575,5,14400,1.04466019417
288414,288681,291959,267,3278,5,14400,1.08145210494
288681,288691,291302,10,2611,5,14400,1.00382995021
288692,288898,291469,206,2571,5,14400,1.08012446519
288896,289250,292797,354,3547,5,14400,1.09980265013
288903,308261,308266,19358,5,5,1800,1936.3
289240,290544,293380,1304,2836,5,14400,1.45980253879
290154,291319,296075,1165,4756,2,21600,1.24495374264
290538,290560,293720,22,3160,5,14400,1.00696202532
290559,290654,293611,95,2957,5,14400,1.0321271559
290648,296087,303706,5439,7619,2,21600,1.71387321171
290651,290729,293431,78,2702,5,14400,1.02886750555
290681,308282,308353,17601,71,4,3600,248.901408451
290723,290970,294420,247,3450,5,14400,1.0715942029
290780,308365,308398,17585,33,4,3600,533.878787879
290965,290992,293757,27,2765,5,14400,1.00976491863
290986,291003,293869,17,2866,5,14400,1.005931612
290997,291065,294406,68,3341,5,14400,1.02035318767
291059,291244,293771,185,2527,5,14400,1.07320933914
291232,291314,294363,82,3049,5,14400,1.02689406363
291304,291364,294641,60,3277,5,14400,1.01830942936
291356,291480,294781,124,3301,5,14400,1.03756437443
291472,291591,294921,119,3330,5,14400,1.03573573574
291584,291782,295289,198,3507,5,14400,1.05645851155
291702,303719,309071,12017,5352,2,21600,3.24532884903
291779,291971,294643,192,2672,5,14400,1.07185628743
291788,353482,353551,61694,69,4,36000,895.115942029
291816,353563,353632,61747,69,4,36000,895.884057971
291962,292808,295996,846,3188,5,14400,1.26537013802
292804,293392,296315,588,2923,5,14400,1.2011631885
292851,378713,727312,85862,348599,6,604800,1.24630592744
292874,378719,565131,85845,186412,6,604800,1.46051219879
292894,378724,983544,85830,604820,6,604800,1.14190998975
293093,334317,344095,41224,9778,4,14400,5.21599509102
293234,313751,321271,20517,7520,2,21600,3.72832446809
293272,322155,322164,28883,9,16,288000,2889.2
293321,322175,322182,28854,7,16,288000,2886.1
293386,293443,296281,57,2838,5,14400,1.0200845666
293437,293623,296259,186,2636,5,14400,1.07056145675
293621,293731,296358,110,2627,5,14400,1.04187285877
293723,293768,296448,45,2680,5,14400,1.01679104478
293765,293782,296749,17,2967,5,14400,1.00572969329
293775,293880,297117,105,3237,5,14400,1.03243744208
293870,294374,297829,504,3455,5,14400,1.14587554269
294091,334328,338986,40237,4658,2,21600,9.63825676256
294371,294417,297683,46,3266,5,14400,1.01408450704
294412,294432,297533,20,3101,5,14400,1.00644953241
294423,294653,297362,230,2709,5,14400,1.08490217793
294647,294660,297265,13,2605,5,14400,1.00499040307
294658,294792,297937,134,3145,5,14400,1.0426073132
294791,294932,297599,141,2667,5,14400,1.05286839145
294923,295300,297956,377,2656,5,14400,1.14194277108
294962,334333,338953,39371,4620,2,21600,9.52186147186
295298,296007,299439,709,3432,5,14400,1.20658508159
295889,313703,637747,17814,324044,6,324000,1.05497401587
296005,296271,299613,266,3342,5,14400,1.07959305805
296262,296292,298952,30,2660,5,14400,1.01127819549
296283,296327,298926,44,2599,5,14400,1.0169295883
296324,296369,299689,45,3320,5,14400,1.01355421687
296365,296459,299668,94,3209,5,14400,1.02929261452
296457,296761,300179,304,3418,5,14400,1.08894090111
296753,297128,300665,375,3537,5,14400,1.10602205259
297122,297278,300386,156,3108,5,14400,1.05019305019
297275,297373,300272,98,2899,5,14400,1.03380476026
297367,297545,300727,178,3182,5,14400,1.05593966059
297540,297611,300591,71,2980,5,14400,1.02382550336
297601,297694,300556,93,2862,5,14400,1.03249475891
297694,297841,300682,147,2841,5,14400,1.05174234424
297836,297948,301150,112,3202,5,14400,1.03497813866
297939,297968,300782,29,2814,5,14400,1.01030561478
297960,298937,301702,977,2765,5,14400,1.35334538879
298299,322210,324052,23911,1842,2,14400,13.9809989142
298929,298964,301759,35,2795,5,14400,1.01252236136
298960,299451,302140,491,2689,5,14400,1.18259576051
299433,334322,346476,34889,12154,4,18000,3.87057758763
299448,299625,302435,177,2810,5,14400,1.06298932384
299621,299685,302620,64,2935,5,14400,1.02180579216
299673,299700,303198,27,3498,5,14400,1.0077186964
299693,300190,302858,497,2668,5,14400,1.18628185907
299706,324064,329535,24358,5471,2,14400,5.45220252239
300138,334338,340722,34200,6384,2,14400,6.35714285714
300187,300284,302918,97,2634,5,14400,1.03682611997
300280,300398,303195,118,2797,5,14400,1.04218805863
300392,300567,303201,175,2634,5,14400,1.06643887623
300399,353302,353308,52903,6,16,36000,5290.9
300456,353321,381184,52865,27863,16,36000,2.89731902523
300494,309088,309192,8594,104,1,259200,83.6346153846
300556,300603,303290,47,2687,5,14400,1.01749162635
300598,300676,303589,78,2913,5,14400,1.02677651905
300670,300695,303552,25,2857,5,14400,1.00875043752
300690,300738,303248,48,2510,5,14400,1.01912350598
300731,300794,303730,63,2936,5,14400,1.02145776567
300783,301161,303762,378,2601,5,14400,1.14532871972
301072,334343,334637,33271,294,2,21600,114.166666667
301161,301714,305097,553,3383,5,14400,1.16346438073
301703,301770,304411,67,2641,5,14400,1.02536917834
301764,302152,305501,388,3349,5,14400,1.11585547925
301858,334650,337863,32792,3213,2,21600,11.2060379707
302141,302448,305862,307,3414,5,14400,1.089923843
302439,302870,303820,431,950,8,6000,1.45368421053
302549,335744,338966,33195,3222,2,21600,11.3026070764
302622,303206,304154,584,948,8,6000,1.61603375527
302867,303214,304186,347,972,8,6000,1.35699588477
303203,303259,304209,56,950,8,6000,1.05894736842
303214,303301,304281,87,980,8,6000,1.0887755102
303255,303600,304548,345,948,8,6000,1.36392405063
303555,303775,304715,220,940,8,6000,1.23404255319
303596,303833,304807,237,974,8,6000,1.24332648871
303779,304165,305132,386,967,8,6000,1.39917269907
303831,304198,305145,367,947,8,6000,1.38753959873
304011,353649,356334,49638,2685,2,72000,19.487150838
304161,304221,305163,60,942,8,6000,1.06369426752
304202,304293,305251,91,958,8,6000,1.09498956159
304223,304422,305370,199,948,8,6000,1.20991561181
304295,304560,305532,265,972,8,6000,1.27263374486
304418,304727,305679,309,952,8,6000,1.32457983193
304561,304818,305769,257,951,8,6000,1.27024185068
304726,305144,306092,418,948,8,6000,1.44092827004
304818,305156,306104,338,948,8,6000,1.35654008439
304877,309083,309094,4206,11,1,604800,383.363636364
305145,305175,306118,30,943,8,6000,1.03181336161
305156,305262,306210,106,948,8,6000,1.11181434599
305177,305382,306324,205,942,8,6000,1.21762208068
305261,305513,306461,252,948,8,6000,1.26582278481
305385,305543,306517,158,974,8,6000,1.16221765914
305518,305692,306656,174,964,8,6000,1.18049792531
305539,305780,306730,241,950,8,6000,1.25368421053
305692,305873,306825,181,952,8,6000,1.19012605042
305784,306105,307056,321,951,8,6000,1.33753943218
306098,306115,307074,17,959,8,6000,1.01772679875
306109,306129,307107,20,978,8,6000,1.02044989775
306120,306222,307174,102,952,8,6000,1.10714285714
306212,306336,307296,124,960,8,6000,1.12916666667
306324,306473,307430,149,957,8,6000,1.15569487983
306462,306528,307487,66,959,8,6000,1.06882168926
306525,306668,307623,143,955,8,6000,1.1497382199
306658,306741,307697,83,956,8,6000,1.08682008368
306740,306837,307832,97,995,8,6000,1.09748743719
306832,307067,308025,235,958,8,6000,1.24530271399
307057,307086,308043,29,957,8,6000,1.0303030303
307078,307118,308074,40,956,8,6000,1.04184100418
307109,307186,308137,77,951,8,6000,1.08096740273
307181,307307,308263,126,956,8,6000,1.13179916318
307304,307441,308387,137,946,8,6000,1.14482029598
307437,307500,308460,63,960,8,6000,1.065625
307488,307634,308604,146,970,8,6000,1.15051546392
307631,307708,308657,77,949,8,6000,1.08113804004
307698,307843,308793,145,950,8,6000,1.15263157895
307841,308036,308988,195,952,8,6000,1.20483193277
308034,308055,309018,21,963,8,6000,1.02180685358
308045,308086,309042,41,956,8,6000,1.04288702929
308076,308148,309103,72,955,8,6000,1.07539267016
308137,308276,309241,139,965,8,6000,1.14404145078
308270,308399,309367,129,968,8,6000,1.13326446281
308394,308472,309461,78,989,8,6000,1.07886754297
308424,335750,339387,27326,3637,2,21600,8.51333516635
308462,378729,381000,70267,2271,6,126000,31.9409951563
308466,308615,309578,149,963,8,6000,1.15472481828
308609,308668,309736,59,1068,8,6000,1.05524344569
308660,308806,309768,146,962,8,6000,1.15176715177
308803,309000,309969,197,969,8,6000,1.20330237358
308997,309029,310014,32,985,8,6000,1.03248730964
309028,309053,310008,25,955,8,6000,1.02617801047
309046,337874,341474,28828,3600,2,21600,9.00777777778
309049,309114,310073,65,959,8,6000,1.06777893639
309110,309208,310170,98,962,8,6000,1.10187110187
309213,309252,310212,39,960,8,6000,1.040625
309254,309378,310330,124,952,8,6000,1.13025210084
309376,309472,310436,96,964,8,6000,1.09958506224
309472,309589,310537,117,948,8,6000,1.12341772152
309585,309779,310740,194,961,8,6000,1.20187304891
309778,321134,321184,11356,50,64,3600,228.12
309778,309786,310754,8,968,8,6000,1.00826446281
309788,309980,310950,192,970,8,6000,1.19793814433
309799,338964,342549,29165,3585,2,21600,9.13528591353
309917,310181,321392,264,11211,1,604800,1.02354830078
309982,310019,310975,37,956,8,6000,1.03870292887
310023,310030,310988,7,958,8,6000,1.00730688935
310034,310085,311042,51,957,8,6000,1.05329153605
310081,310223,311184,142,961,8,6000,1.14776274714
310218,310342,311324,124,982,8,6000,1.12627291242
310340,310448,311406,108,958,8,6000,1.1127348643
310442,310548,311512,106,964,8,6000,1.10995850622
310521,338978,341974,28457,2996,2,21600,10.4983311081
310545,310752,311730,207,978,8,6000,1.21165644172
310752,310766,311720,14,954,8,6000,1.01467505241
310763,310961,311908,198,947,8,6000,1.2090813094
310957,310988,311944,31,956,8,6000,1.03242677824
310977,311000,311956,23,956,8,6000,1.02405857741
310998,311054,312026,56,972,8,6000,1.05761316872
311049,311196,312155,147,959,8,6000,1.15328467153
311192,311335,312283,143,948,8,6000,1.15084388186
311329,311418,312375,89,957,8,6000,1.09299895507
311412,311523,312489,111,966,8,6000,1.1149068323
311514,311731,312708,217,977,8,6000,1.22210849539
311728,311741,312713,13,972,8,6000,1.0133744856
311739,311920,312875,181,955,8,6000,1.18952879581
311782,311788,311904,6,116,1,600,1.05172413793
311825,329693,333989,17868,4296,25,10799,5.15921787709
311914,311956,312918,42,962,8,6000,1.04365904366
311935,338999,346231,27064,7232,2,21600,4.74225663717
311945,311967,312926,22,959,8,6000,1.02294056309
311966,312038,313005,72,967,8,6000,1.07445708376
312004,312748,313379,744,631,2,600,2.17908082409
312027,312227,313191,200,964,8,6000,1.20746887967
312160,312295,313258,135,963,8,6000,1.14018691589
312293,312386,313344,93,958,8,6000,1.09707724426
312385,312501,313460,116,959,8,6000,1.12095933264
312494,312720,313675,226,955,8,6000,1.23664921466
312614,312620,427714,6,115094,1,604800,1.0000521313
312664,321404,321454,8740,50,1,604800,175.8
312718,312726,313692,8,966,8,6000,1.0082815735
312719,312743,313707,24,964,8,6000,1.02489626556
312727,321465,327214,8738,5749,1,604800,2.51991650722
312740,312760,313733,20,973,8,6000,1.02055498458
312760,312767,313739,7,972,8,6000,1.00720164609
312769,312775,315923,6,3148,5,14400,1.00190597205
312779,312811,316254,32,3443,5,14400,1.00929422016
312810,312886,316051,76,3165,5,14400,1.02401263823
312882,312929,315730,47,2801,5,14400,1.01677972153
312934,312944,316243,10,3299,5,14400,1.00303122158
312944,312950,315564,6,2614,5,14400,1.00229533282
312955,313017,315756,62,2739,5,14400,1.02263599854
313011,339399,349203,26388,9804,2,21600,3.69155446756
313016,313023,316118,7,3095,5,14400,1.00226171244
313027,313204,315914,177,2710,5,14400,1.06531365314
313204,313268,315939,64,2671,5,14400,1.02396106327
313266,313281,315884,15,2603,5,14400,1.00576258164
313276,313356,316839,80,3483,5,14400,1.02296870514
313347,334306,363156,20959,28850,8,28800,1.72648180243
313358,313472,316765,114,3293,5,14400,1.03461888855
313471,313479,316147,8,2668,5,14400,1.00299850075
313481,313686,316692,205,3006,5,14400,1.06819693945
313489,353654,362705,40165,9051,1,604800,5.43763120097
313684,313709,316601,25,2892,5,14400,1.00864453665
313705,313715,316784,10,3069,5,14400,1.00325839036
313715,315575,318765,1860,3190,5,14400,1.58307210031
313959,313965,314590,6,625,5,600,1.0096
314037,340733,346803,26696,6070,2,21600,5.39802306425
314780,314786,315398,6,612,16,600,1.00980392157
314940,314946,314950,6,4,16,600,1.0
315012,315018,315024,6,6,16,600,1.2
315114,315120,315123,6,3,16,600,1.0
315187,315194,315197,7,3,16,600,1.0
315527,315533,315663,6,130,16,600,1.04615384615
315575,315742,318566,167,2824,5,14400,1.05913597734
315739,315770,318681,31,2911,5,14400,1.01064926142
315756,315762,315768,6,6,16,600,1.2
315770,315897,318523,127,2626,5,14400,1.04836252856
315892,315925,318914,33,2989,5,14400,1.01104048177
315923,315934,319517,11,3583,5,14400,1.00307005303
315934,315950,319057,16,3107,5,14400,1.00514966205
315955,316062,319317,107,3255,5,14400,1.03287250384
316021,316027,316030,6,3,16,600,1.0
316062,316129,318976,67,2847,5,14400,1.02353354408
316080,316086,316089,6,3,16,600,1.0
316134,316158,319462,24,3304,5,14400,1.00726392252
316155,316255,318928,100,2673,5,14400,1.03741114852
316257,316265,318826,8,2561,5,14400,1.00312377977
316268,316612,319946,344,3334,5,14400,1.10317936413
316347,316354,316359,7,5,16,600,1.2
316427,316433,316436,6,3,16,600,1.0
316546,316552,316576,6,24,16,600,1.25
316590,316597,316600,7,3,16,600,1.0
316616,316705,319316,89,2611,5,14400,1.03408655687
316701,316777,319335,76,2558,5,14400,1.02971071149
316772,316796,320349,24,3553,5,14400,1.00675485505
316793,316851,319727,58,2876,5,14400,1.02016689847
316818,316824,316838,6,14,16,600,1.42857142857
316855,318535,321644,1680,3109,5,14400,1.54036667739
317223,317229,317849,6,620,16,600,1.00967741935
317324,375833,378633,58509,2800,4,36000,21.8960714286
317340,355191,687422,37851,332231,1,576000,1.11392976574
317470,341485,342320,24015,835,2,21600,29.7604790419
317960,368104,476112,50144,108008,1,108000,1.46426190653
318067,318074,318077,7,3,16,600,1.0
318121,318127,318130,6,3,16,600,1.0
318154,322199,927015,4045,604816,1,604800,1.00668798444
318265,318272,318274,7,2,16,600,1.0
318349,318355,318358,6,3,16,600,1.0
318383,322204,927029,3821,604825,1,604800,1.00631752986
318413,318419,318422,6,3,16,600,1.0
318458,327226,932045,8768,604819,1,604800,1.01449689907
318472,318479,318481,7,2,16,600,1.0
318539,318580,321531,41,2951,5,14400,1.01389359539
318568,318574,318797,6,223,16,600,1.0269058296
318582,318692,321379,110,2687,5,14400,1.0409378489
318646,318652,318655,6,3,16,600,1.0
318694,318781,322279,87,3498,5,14400,1.02487135506
318697,318703,318707,6,4,16,600,1.0
318770,318776,318778,6,2,16,600,1.0
318777,318840,321589,63,2749,5,14400,1.02291742452
318827,318833,318838,6,5,16,600,1.1
318839,318926,321769,87,2843,5,14400,1.03060147731
318877,318883,318959,6,76,16,600,1.07894736842
318931,318940,322299,9,3359,5,14400,1.00267936886
318941,318987,321526,46,2539,5,14400,1.01811736904
318993,319069,322144,76,3075,5,14400,1.02471544715
319010,319016,319592,6,576,16,600,1.01041666667
319068,319328,322559,260,3231,5,14400,1.08047044259
319170,319177,319184,7,7,16,600,1.4
319280,319286,319583,6,297,16,600,1.0202020202
319327,319334,322698,7,3364,5,14400,1.00208085612
319338,319346,322685,8,3339,5,14400,1.00239592692
319348,319479,323038,131,3559,5,14400,1.03680809216
319481,319529,322201,48,2672,5,14400,1.01796407186
319524,320361,320801,837,440,8,43200,2.90227272727
319525,320366,320801,841,435,8,43200,2.93333333333
319616,378691,378697,59075,6,16,43800,5908.1
319773,378696,378700,58923,4,16,43800,5892.7
319843,341985,349647,22142,7662,2,21600,3.88984599321
319946,378701,422528,58755,43827,16,43800,2.34061195154
320417,378707,378710,58290,3,16,43800,5829.3
320748,320812,320896,64,84,8,43200,1.7619047619
320749,320817,320896,68,79,8,43200,1.86075949367
320903,320914,323848,11,2934,5,14400,1.00374914792
320903,320909,324120,6,3211,5,14400,1.00186857677
320914,320920,323776,6,2856,5,14400,1.00210084034
320924,322161,324684,1237,2523,5,14400,1.49028933809
320928,321537,322071,609,534,8,43200,2.1404494382
320928,321655,323560,727,1905,8,43200,1.38162729659
320929,322088,322513,1159,425,8,43200,3.72705882353
320929,322082,339210,1153,17128,8,43200,1.06731667445
320939,355186,363296,34247,8110,2,28800,5.22281134402
321704,363309,371424,41605,8115,2,28800,6.1269254467
322091,322217,324846,126,2629,5,14400,1.04792696843
322165,322291,325005,126,2714,5,14400,1.04642593957
322217,322311,325261,94,2950,5,14400,1.03186440678
322289,322524,325786,235,3262,5,14400,1.07204169221
322309,322570,326018,261,3448,5,14400,1.07569605568
322524,322697,325989,173,3292,5,14400,1.05255164034
322575,322710,325769,135,3059,5,14400,1.0441320693
322638,378645,378679,56007,34,64,3600,1648.26470588
322696,323050,325748,354,2698,5,14400,1.13120830245
322706,323573,326182,867,2609,5,14400,1.33231123036
322991,342332,344957,19341,2625,2,21600,8.368
323053,323578,326709,525,3131,5,14400,1.16767805813
323578,323788,326454,210,2666,5,14400,1.07876969242
323578,323859,326509,281,2650,5,14400,1.10603773585
323793,324131,327581,338,3450,5,14400,1.09797101449
323858,324696,328021,838,3325,5,14400,1.25203007519
324132,324858,327507,726,2649,5,14400,1.27406568516
324691,325018,327637,327,2619,5,14400,1.12485681558
324855,325273,328624,418,3351,5,14400,1.12473888392
325018,325759,328929,741,3170,5,14400,1.23375394322
325277,325781,329209,504,3428,5,14400,1.14702450408
325764,325798,329386,34,3588,5,14400,1.00947603122
325785,326000,329147,215,3147,5,14400,1.068319034
325796,326030,328877,234,2847,5,14400,1.08219178082
326000,326194,329378,194,3184,5,14400,1.06092964824
326031,326465,329458,434,2993,5,14400,1.14500501169
326194,326521,329326,327,2805,5,14400,1.11657754011
326467,326720,329543,253,2823,5,14400,1.0896209706
326518,327519,330712,1001,3193,5,14400,1.31349827748
326722,327592,330422,870,2830,5,14400,1.3074204947
327516,327649,330401,133,2752,5,14400,1.04832848837
327588,328032,330789,444,2757,5,14400,1.16104461371
327650,329338,332011,1688,2673,5,14400,1.63150018706
328037,329390,332207,1353,2817,5,14400,1.48029818956
328411,328892,334527,481,5635,8,43200,1.08535936114
328412,328940,329755,528,815,8,43200,1.64785276074
328412,329220,329656,808,436,8,43200,2.85321100917
328762,334268,334295,5506,27,32,10800,204.925925926
329333,329398,332317,65,2919,5,14400,1.02226789997
329395,329555,332214,160,2659,5,14400,1.06017299737
329395,329470,332923,75,3453,5,14400,1.02172024327
329467,329669,332404,202,2735,5,14400,1.07385740402
329559,329674,332462,115,2788,5,14400,1.0412482066
329671,329680,332342,9,2662,5,14400,1.0033809166
329672,329767,332449,95,2682,5,14400,1.03542132737
329764,330413,333284,649,2871,5,14400,1.22605363985
330403,330434,333288,31,2854,5,14400,1.01086194814
330424,330723,333224,299,2501,5,14400,1.11955217913
330716,330800,333744,84,2944,5,14400,1.0285326087
330798,332022,334628,1224,2606,5,14400,1.46968534152
332019,332219,335657,200,3438,5,14400,1.0581733566
332156,332163,332164,7,1,2,3540,1.0
332213,332225,334863,12,2638,5,14400,1.00454890068
332224,332329,335766,105,3437,5,14400,1.03054989817
332324,332356,335733,32,3377,5,14400,1.00947586615
332343,332349,333304,6,955,8,6000,1.00628272251
332354,332461,333404,107,943,8,6000,1.11346765642
332456,332473,333419,17,946,8,6000,1.01797040169
332477,333235,334191,758,956,8,6000,1.79288702929
333232,333297,334249,65,952,8,6000,1.06827731092
333293,333315,334257,22,942,8,6000,1.02335456476
333314,333415,334383,101,968,8,6000,1.10433884298
333406,333431,334408,25,977,8,6000,1.02558853634
333427,333757,334708,330,951,8,6000,1.34700315457
333760,334203,335153,443,950,8,6000,1.46631578947
334203,334260,335236,57,976,8,6000,1.05840163934
334264,334312,335263,48,951,8,6000,1.05047318612
334316,334395,335352,79,957,8,6000,1.08254963427
334398,334420,335371,22,951,8,6000,1.02313354364
334419,334538,335491,119,953,8,6000,1.12486883526
334541,334640,335591,99,951,8,6000,1.10410094637
334648,334720,335667,72,947,8,6000,1.07602956705
334719,335164,336121,445,957,8,6000,1.46499477534
335158,335255,336203,97,948,8,6000,1.10232067511
335250,335274,336222,24,948,8,6000,1.0253164557
335271,335363,336309,92,946,8,6000,1.09725158562
335355,335382,336327,27,945,8,6000,1.02857142857
335375,335504,336455,129,951,8,6000,1.1356466877
335498,335602,336557,104,955,8,6000,1.10890052356
335594,335668,336621,74,953,8,6000,1.07764952781
335666,335679,336633,13,954,8,6000,1.01362683438
335677,335778,336737,101,959,8,6000,1.10531803962
335779,336133,337085,354,952,8,6000,1.3718487395
336138,336214,337175,76,961,8,6000,1.0790842872
336210,336233,337193,23,960,8,6000,1.02395833333
336231,336322,337275,91,953,8,6000,1.09548793284
336323,336340,337284,17,944,8,6000,1.01800847458
336344,336467,337419,123,952,8,6000,1.12920168067
336467,336570,337538,103,968,8,6000,1.10640495868
336569,336633,337584,64,951,8,6000,1.06729758149
336631,336645,337602,14,957,8,6000,1.01462904911
336641,336748,337716,107,968,8,6000,1.11053719008
336754,337098,338055,344,957,8,6000,1.35945663532
337107,337188,338148,81,960,8,6000,1.084375
337189,337204,338167,15,963,8,6000,1.01557632399
337210,337286,338236,76,950,8,6000,1.08
337291,337298,338270,7,972,8,6000,1.00720164609
337302,337430,338382,128,952,8,6000,1.13445378151
337435,337550,338496,115,946,8,6000,1.12156448203
337547,337596,338549,49,953,8,6000,1.05141657922
337575,368621,487905,31046,119284,1,604800,1.26026960867
337599,337614,338568,15,954,8,6000,1.01572327044
337608,368665,369371,31057,706,1,604800,44.9900849858
337609,337728,338686,119,958,8,6000,1.124217119
337725,338066,339022,341,956,8,6000,1.35669456067
338071,338160,339120,89,960,8,6000,1.09270833333
338164,338178,339152,14,974,8,6000,1.01437371663
338174,338252,339223,78,971,8,6000,1.08032955716
338257,338282,339233,25,951,8,6000,1.02628811777
338278,338393,339350,115,957,8,6000,1.12016718913
338393,338507,339460,114,953,8,6000,1.11962224554
338506,338560,339519,54,959,8,6000,1.05630865485
338557,338579,339556,22,977,8,6000,1.02251791198
338578,338697,339654,119,957,8,6000,1.12434691745
338701,339034,339987,333,953,8,6000,1.34942287513
339039,339131,340090,92,959,8,6000,1.09593326382
339131,339164,340113,33,949,8,6000,1.03477344573
339162,339221,340179,59,958,8,6000,1.06158663883
339224,339235,340193,11,958,8,6000,1.0114822547
339234,339245,340226,11,981,8,6000,1.01121304791
339245,339362,340315,117,953,8,6000,1.12277019937
339358,339471,340431,113,960,8,6000,1.11770833333
339470,339530,340515,60,985,8,6000,1.06091370558
339536,339567,340543,31,976,8,6000,1.03176229508
339567,339665,340650,98,985,8,6000,1.09949238579
339669,340000,340960,331,960,8,6000,1.34479166667
339995,340102,341052,107,950,8,6000,1.11263157895
340097,340126,341079,29,953,8,6000,1.03043022036
340128,340191,341177,63,986,8,6000,1.06389452333
340190,340205,341160,15,955,8,6000,1.01570680628
340200,340238,341215,38,977,8,6000,1.03889457523
340242,340327,341290,85,963,8,6000,1.08826583593
340324,340442,341399,118,957,8,6000,1.12330198537
340446,340526,341488,80,962,8,6000,1.08316008316
340528,340555,341519,27,964,8,6000,1.02800829876
340559,340661,341630,102,969,8,6000,1.10526315789
340660,340971,341934,311,963,8,6000,1.32294911734
340970,341064,342025,94,961,8,6000,1.09781477627
341062,341090,342047,28,957,8,6000,1.02925809822
341093,341171,342121,78,950,8,6000,1.08210526316
341175,341188,342148,13,960,8,6000,1.01354166667
341186,341228,342194,42,966,8,6000,1.04347826087
341227,341302,342255,75,953,8,6000,1.07869884575
341302,341410,342365,108,955,8,6000,1.11308900524
341415,341500,342471,85,971,8,6000,1.08753861998
341497,341530,342520,33,990,8,6000,1.03333333333
341527,341642,342608,115,966,8,6000,1.11904761905
341640,341947,342911,307,964,8,6000,1.31846473029
341951,342037,342999,86,962,8,6000,1.0893970894
342033,342059,343023,26,964,8,6000,1.02697095436
342064,342133,343098,69,965,8,6000,1.07150259067
342135,342160,343124,25,964,8,6000,1.02593360996
342156,342205,343177,49,972,8,6000,1.05041152263
342207,342266,343227,59,961,8,6000,1.06139438085
342269,342378,343340,109,962,8,6000,1.11330561331
342381,342483,343461,102,978,8,6000,1.10429447853
342481,342532,343493,51,961,8,6000,1.05306971904
342529,342619,347790,90,5171,5,14400,1.0174047573
342615,342626,347028,11,4402,5,14400,1.00249886415
342626,342923,347067,297,4144,5,14400,1.07166988417
342921,343012,347583,91,4571,5,14400,1.01990811639
343002,343017,348293,15,5276,5,14400,1.00284306293
343013,343034,347570,21,4536,5,14400,1.00462962963
343034,343111,348206,77,5095,5,14400,1.01511285574
343105,343117,348144,12,5027,5,14400,1.00238710961
343116,343135,348430,19,5295,5,14400,1.00358829084
343137,343143,347357,6,4214,5,14400,1.00142382534
343147,343189,347351,42,4162,5,14400,1.01009130226
343189,343239,348134,50,4895,5,14400,1.0102145046
343230,343245,343260,15,15,5,14400,2.0
343240,343272,347407,32,4135,5,14400,1.00773881499
343271,343352,348502,81,5150,5,14400,1.01572815534
343353,343472,347757,119,4285,5,14400,1.02777129522
343466,343478,348755,12,5277,5,14400,1.00227401933
343476,343506,348190,30,4684,5,14400,1.00640478224
343507,343514,347603,7,4089,5,14400,1.00171191
343518,343702,348426,184,4724,5,14400,1.03895004234
343702,343708,347865,6,4157,5,14400,1.00144334857
343713,343720,347927,7,4207,5,14400,1.00166389351
343723,344107,349337,384,5230,5,14400,1.07342256214
344111,346488,350486,2377,3998,5,14400,1.59454727364
345656,352553,353230,6897,677,25,10799,11.1875923191
346491,346815,351343,324,4528,5,14400,1.07155477032
346816,347039,351991,223,4952,5,14400,1.04503231018
347040,347078,352008,38,4930,5,14400,1.00770791075
347082,347362,352620,280,5258,5,14400,1.05325218714
347366,347372,352084,6,4712,5,14400,1.00127334465
347376,347419,351410,43,3991,5,14400,1.01077424204
347418,347582,352385,164,4803,5,14400,1.03414532584
347581,347595,352065,14,4470,5,14400,1.00313199105
347592,347614,351608,22,3994,5,14400,1.00550826239
347613,347769,351936,156,4167,5,14400,1.03743700504
347766,347802,351814,36,4012,5,14400,1.00897308076
347797,347876,347898,79,22,5,14400,4.59090909091
347874,347910,352496,36,4586,5,14400,1.00784997819
347915,347938,352542,23,4604,5,14400,1.00499565595
347936,348145,352933,209,4788,5,14400,1.04365079365
348150,348156,352960,6,4804,5,14400,1.0012489592
348160,348201,353138,41,4937,5,14400,1.00830463844
348202,348219,352486,17,4267,5,14400,1.00398406375
348222,348305,352466,83,4161,5,14400,1.01994712809
348304,348438,353048,134,4610,5,14400,1.02906724512
348437,348450,352437,13,3987,5,14400,1.00326059694
348456,348514,352569,58,4055,5,14400,1.01430332922
348518,348767,353868,249,5101,5,14400,1.04881395805
348773,349349,349372,576,23,5,14400,26.0434782609
349346,349383,353467,37,4084,5,14400,1.00905974535
349387,350498,354627,1111,4129,5,14400,1.26907241463
350500,351421,356344,921,4923,5,14400,1.18708104814
351424,351619,356283,195,4664,5,14400,1.04180960549
351616,351948,357045,332,5097,5,14400,1.06513635472
351952,352003,357418,51,5415,5,14400,1.00941828255
352004,352019,356664,15,4645,5,14400,1.00322927879
352024,352077,356505,53,4428,5,14400,1.01196928636
352080,352096,356716,16,4620,5,14400,1.00346320346
352104,352449,357084,345,4635,5,14400,1.07443365696
352452,352478,356698,26,4220,5,14400,1.00616113744
352483,352497,356732,14,4235,5,14400,1.00330578512
352493,352580,357416,87,4836,5,14400,1.01799007444
352586,352631,356932,45,4301,5,14400,1.0104626831
352637,352944,357161,307,4217,5,14400,1.07280056912
352949,352972,357120,23,4148,5,14400,1.00554484089
352969,353149,357122,180,3973,5,14400,1.04530581425
353153,353308,357376,155,4068,5,14400,1.03810226155
353303,353315,357915,12,4600,5,14400,1.00260869565
353385,353443,353758,58,315,5,14400,1.18412698413
353448,353643,357794,195,4151,5,14400,1.04697663214
353642,353801,354152,159,351,5,14400,1.45299145299
353799,353962,357975,163,4013,5,14400,1.04061799153
353966,354168,354424,202,256,5,14400,1.7890625
354170,354521,354526,351,5,5,14400,35.6
354535,354638,358618,103,3980,5,14400,1.02587939698
354637,355180,359490,543,4310,5,14400,1.12598607889
355179,356295,360521,1116,4226,5,14400,1.26407950781
356293,356346,361311,53,4965,5,14400,1.01067472306
356345,356356,360549,11,4193,5,14400,1.00262341999
356356,356516,361112,160,4596,5,14400,1.03481288077
356519,356676,362174,157,5498,5,14400,1.02855583849
356671,356728,358243,57,1515,8,6000,1.03762376238
356733,356743,358263,10,1520,8,6000,1.00657894737
356744,357057,358523,313,1466,8,6000,1.21350613915
357060,357132,358602,72,1470,8,6000,1.04897959184
357133,357139,358606,6,1467,8,6000,1.00408997955
357144,357389,358864,245,1475,8,6000,1.16610169492
357389,357428,358867,39,1439,8,6000,1.02710215427
357430,357806,359272,376,1466,8,6000,1.25648021828
357805,357986,359461,181,1475,8,6000,1.12271186441
357989,358255,359701,266,1446,8,6000,1.18395573997
358258,358275,360019,17,1744,8,6000,1.00974770642
358280,358536,359996,256,1460,8,6000,1.17534246575
358535,358613,360065,78,1452,8,6000,1.05371900826
358618,358624,360073,6,1449,8,6000,1.00414078675
358628,358634,360098,6,1464,8,6000,1.00409836066
358639,358877,360319,238,1442,8,6000,1.16504854369
358875,358883,360333,8,1450,8,6000,1.00551724138
358885,359283,360745,398,1462,8,6000,1.27222982216
359289,359472,360926,183,1454,8,6000,1.12585969739
359474,359713,361168,239,1455,8,6000,1.16426116838
359708,360008,361446,300,1438,8,6000,1.20862308762
360009,360031,361464,22,1433,8,6000,1.01535240754
360030,360078,361524,48,1446,8,6000,1.03319502075
360082,360088,361560,6,1472,8,6000,1.00407608696
360093,360109,361559,16,1450,8,6000,1.01103448276
360114,360332,361773,218,1441,8,6000,1.15128383067
360328,360346,361784,18,1438,8,6000,1.01251738526
360349,360533,361973,184,1440,8,6000,1.12777777778
360536,360560,362006,24,1446,8,6000,1.01659751037
360557,360758,362215,201,1457,8,6000,1.13795470144
360761,360937,362398,176,1461,8,6000,1.12046543463
360935,361180,362620,245,1440,8,6000,1.17013888889
361186,361323,362801,137,1478,8,6000,1.09269282815
361318,361457,362947,139,1490,8,6000,1.0932885906
361461,361475,362917,14,1442,8,6000,1.00970873786
361472,361535,362991,63,1456,8,6000,1.04326923077
361534,361571,363014,37,1443,8,6000,1.02564102564
361575,361582,363394,7,1812,8,6000,1.00386313466
361585,361784,363238,199,1454,8,6000,1.13686382393
361790,361796,363241,6,1445,8,6000,1.00415224913
361800,361985,363431,185,1446,8,6000,1.12793914246
361984,362019,363453,35,1434,8,6000,1.02440725244
362015,362227,363690,212,1463,8,6000,1.14490772386
362231,362410,363863,179,1453,8,6000,1.12319339298
362407,362631,364067,224,1436,8,6000,1.15598885794
362631,362717,364171,86,1454,8,6000,1.05914718019
362713,362816,364268,103,1452,8,6000,1.07093663912
362815,362928,364369,113,1441,8,6000,1.07841776544
362929,362958,364411,29,1453,8,6000,1.01995870613
362963,363003,364471,40,1468,8,6000,1.0272479564
363004,363027,364480,23,1453,8,6000,1.01582931865
363025,363169,364620,144,1451,8,6000,1.09924190214
363168,363249,364699,81,1450,8,6000,1.05586206897
363250,363256,364697,6,1441,8,6000,1.00416377516
363261,363406,364843,145,1437,8,6000,1.10090466249
363404,363444,364881,40,1437,8,6000,1.02783576896
363445,363466,364920,21,1454,8,6000,1.01444291609
363466,363702,365163,236,1461,8,6000,1.16153319644
363700,363874,365336,174,1462,8,6000,1.11901504788
363874,364079,365533,205,1454,8,6000,1.14099037139
364078,364182,365623,104,1441,8,6000,1.07217210271
364180,364280,365718,100,1438,8,6000,1.06954102921
364282,364381,365827,99,1446,8,6000,1.06846473029
364385,364423,365869,38,1446,8,6000,1.02627939142
364426,364483,365946,57,1463,8,6000,1.03896103896
364487,364493,365949,6,1456,8,6000,1.00412087912
364498,364631,366071,133,1440,8,6000,1.09236111111
364631,364710,366154,79,1444,8,6000,1.05470914127
364707,364716,366167,9,1451,8,6000,1.00620261888
364718,364855,366310,137,1455,8,6000,1.0941580756
364854,364893,366350,39,1457,8,6000,1.02676733013
364895,364933,366382,38,1449,8,6000,1.02622498275
364936,365175,366629,239,1454,8,6000,1.1643741403
365171,365347,366807,176,1460,8,6000,1.12054794521
365346,365544,367017,198,1473,8,6000,1.13441955193
365540,365636,367075,96,1439,8,6000,1.06671299514
365633,365729,367193,96,1464,8,6000,1.06557377049
365725,365840,367299,115,1459,8,6000,1.07882111035
365837,365882,367360,45,1478,8,6000,1.03044654939
365878,365957,367434,79,1477,8,6000,1.05348679756
365963,365970,367443,7,1473,8,6000,1.00475220638
365974,366082,367574,108,1492,8,6000,1.07238605898
366086,366165,367631,79,1466,8,6000,1.05388813097
366168,366179,367632,11,1453,8,6000,1.0075705437
366179,366322,367772,143,1450,8,6000,1.09862068966
366322,366362,367807,40,1445,8,6000,1.0276816609
366363,366394,367837,31,1443,8,6000,1.02148302148
366394,366641,368092,247,1451,8,6000,1.17022742936
366642,366819,368325,177,1506,8,6000,1.11752988048
366815,367029,368537,214,1508,8,6000,1.14190981432
367029,367086,368609,57,1523,8,6000,1.03742613263
367091,367205,368654,114,1449,8,6000,1.07867494824
367204,367310,368791,106,1481,8,6000,1.07157326131
367306,367371,368843,65,1472,8,6000,1.0441576087
367371,367446,368909,75,1463,8,6000,1.05126452495
367443,367456,368930,13,1474,8,6000,1.00881953867
367454,367587,369068,133,1481,8,6000,1.08980418636
367587,367644,369088,57,1444,8,6000,1.03947368421
367639,367652,369107,13,1455,8,6000,1.0089347079
370544,370552,370610,8,58,1,7200,1.13793103448
370874,370880,375821,6,4941,1,7200,1.00121432908
370903,370914,372963,11,2049,8,7200,1.00536847243
370903,370909,372947,6,2038,8,7200,1.00294406281
370904,370921,373025,17,2104,8,7200,1.00807984791
370905,370932,373008,27,2076,8,7200,1.01300578035
370905,370926,373005,21,2079,8,7200,1.0101010101
370906,370937,373007,31,2070,8,7200,1.01497584541
370906,370944,373105,38,2161,8,7200,1.01758445164
370907,370958,373007,51,2049,8,7200,1.02489019034
370907,370952,373139,45,2187,8,7200,1.02057613169
370908,370963,372998,55,2035,8,7200,1.02702702703
370908,372958,375243,2050,2285,8,7200,1.89715536105
370909,372975,375276,2066,2301,8,7200,1.89787049109
374650,374661,376709,11,2048,8,28800,1.00537109375
374650,374656,376703,6,2047,8,28800,1.00293111871
374651,374673,376716,22,2043,8,28800,1.01076847773
374651,374668,376740,17,2072,8,28800,1.0082046332
374652,374684,376722,32,2038,8,28800,1.0157016683
374652,374679,376698,27,2019,8,28800,1.01337295691
374653,374689,376837,36,2148,8,28800,1.01675977654
375766,375772,378214,6,2442,8,7200,1.00245700246
375767,375779,378219,12,2440,8,7200,1.00491803279
375768,378225,380269,2457,2044,8,7200,2.20205479452
375768,375784,378248,16,2464,8,7200,1.00649350649
375769,376709,379181,940,2472,8,7200,1.38025889968
375769,378232,380310,2463,2078,8,7200,2.18527430221
375770,376723,379117,953,2394,8,7200,1.39807852966
375770,376716,379092,946,2376,8,7200,1.39814814815
375771,376737,379125,966,2388,8,7200,1.40452261307
375771,376730,379115,959,2385,8,7200,1.40209643606
375772,376848,379219,1076,2371,8,7200,1.45381695487
375772,376751,379106,979,2355,8,7200,1.41571125265
375793,378259,380348,2466,2089,8,7200,2.18046912398
375794,379103,381146,3309,2043,8,7200,2.61967694567
375794,379192,381146,3398,1954,8,7200,2.73899692938
375795,379132,381146,3337,2014,8,7200,2.65690168818
375796,379138,381146,3342,2008,8,7200,2.66434262948
375796,379126,381146,3330,2020,8,7200,2.64851485149
375797,379118,381146,3321,2028,8,7200,2.6375739645
375797,379230,381146,3433,1916,8,7200,2.79175365344
375798,380280,381149,4482,869,8,7200,6.15765247411
375799,380321,381149,4522,828,8,7200,6.461352657
375799,380359,381150,4560,791,8,7200,6.76485461441
377150,378742,407676,1592,28934,4,28800,1.05502177369
378277,378737,379225,460,488,6,36000,1.94262295082
379019,379025,382261,6,3236,2,14400,1.00185414091
380061,380067,380321,6,254,16,288000,1.02362204724
380096,380103,387009,7,6906,2,21600,1.00101361135
380324,393129,393137,12805,8,16,288000,1281.3
380366,393135,393136,12769,1,16,288000,1277.0
380795,382273,393074,1478,10801,25,10799,1.13683918156
380849,387022,391270,6173,4248,2,14400,2.45315442561
381152,393141,393146,11989,5,16,36000,1199.4
381152,381159,386588,7,5429,5,14400,1.00128937189
381152,381165,385189,13,4024,5,14400,1.0032306163
381163,381172,385353,9,4181,5,14400,1.00215259507
381163,381177,385661,14,4484,5,14400,1.00312221231
381174,381188,385850,14,4662,5,14400,1.003003003
381174,381183,385546,9,4363,5,14400,1.00206280083
381183,381226,382699,43,1473,8,6000,1.02919212492
381184,381194,383310,10,2116,8,7200,1.00472589792
381185,381200,383313,15,2113,8,7200,1.0070989115
381185,381205,383324,20,2119,8,7200,1.00943841435
381186,381210,383267,24,2057,8,7200,1.01166747691
381186,381216,383372,30,2156,8,7200,1.01391465677
381187,383321,385374,2134,2053,8,7200,2.03945445689
381187,381221,383364,34,2143,8,7200,1.01586560896
381188,383328,385438,2140,2110,8,7200,2.01421800948
381189,383336,385386,2147,2050,8,7200,2.04731707317
381189,383278,385328,2089,2050,8,7200,2.01902439024
381190,383376,385434,2186,2058,8,7200,2.06219630709
381190,383384,385523,2194,2139,8,7200,2.02571294998
381206,385672,387699,4466,2027,8,7200,3.20325604341
381207,386599,388672,5392,2073,8,7200,3.60106126387
381207,385862,387890,4655,2028,8,7200,3.29536489152
381208,387503,389540,6295,2037,8,7200,4.09032891507
381208,385385,387492,4177,2107,8,7200,2.98243948742
381209,385452,387525,4243,2073,8,7200,3.04679208876
381209,385398,387461,4189,2063,8,7200,3.03053805138
381210,385535,387578,4325,2043,8,7200,3.11698482624
381210,385339,387367,4129,2028,8,7200,3.03599605523
381211,385445,387514,4234,2069,8,7200,3.04639922668
381212,387378,389541,6166,2163,8,7200,3.85067036523
381212,385365,387400,4153,2035,8,7200,3.04078624079
381803,381811,383632,8,1821,6,1800,1.00439319055
381868,393169,437003,11301,43834,16,43800,1.25781356938
381915,381922,384815,7,2893,6,2880,1.0024196336
382303,393177,393188,10874,11,16,43800,989.545454545
382457,393199,393204,10742,5,16,43800,1074.7
382639,393147,400541,10508,7394,16,36000,2.42115228564
383071,383077,390321,6,7244,2,7200,1.00082827167
383204,388602,534185,5398,145583,1,604800,1.03707850505
383687,392428,392464,8741,36,1,604800,243.805555556
384010,393091,410933,9081,17842,2,21600,1.50896760453
384616,384770,384776,154,6,4,600,16.0
384764,393119,393123,8355,4,32,21600,835.9
385190,393239,395514,8049,2275,2,21600,4.53802197802
385293,385300,385305,7,5,1,600,1.2
385379,410946,464128,25567,53182,2,72000,1.48074536497
385563,393220,393226,7657,6,6,108000,766.3
385573,385580,385597,7,17,1,1200,1.41176470588
385664,393233,521612,7569,128379,6,144000,1.05895824083
385747,393085,393102,7338,17,64,3600,432.647058824
385833,393158,400544,7325,7386,16,36000,1.99174113187
386088,386095,386113,7,18,1,1200,1.38888888889
386443,387472,389594,1029,2122,8,25200,1.4849198869
386444,387536,389674,1092,2138,8,25200,1.51075771749
386444,387525,389669,1081,2144,8,25200,1.50419776119
386445,387710,389824,1265,2114,8,25200,1.59839167455
386445,387589,389756,1144,2167,8,25200,1.52791878173
386446,389566,391658,3120,2092,8,25200,2.4913957935
386446,387902,390091,1456,2189,8,25200,1.66514390132
386447,387908,390026,1461,2118,8,25200,1.68980169972
386447,388683,390785,2236,2102,8,25200,2.06374881066
386448,389558,391764,3110,2206,8,25200,2.40979147779
386803,410631,415377,23828,4746,2,21600,6.02064896755
386938,389606,389611,2668,5,8,28800,267.3
386939,389636,389639,2697,3,8,28800,270.0
386939,389650,389652,2711,2,8,28800,271.3
386940,389677,389679,2737,2,8,28800,273.9
386940,389664,389666,2724,2,8,28800,272.6
386941,389690,389693,2749,3,8,28800,275.2
386941,389683,389686,2742,3,8,28800,274.5
386942,389702,389704,2760,2,8,28800,276.2
386942,389695,389697,2753,2,8,28800,275.5
386943,389709,389711,2766,2,8,28800,276.8
386943,389623,389625,2680,2,8,28800,268.2
386944,389551,389554,2607,3,8,28800,261.0
387259,445677,727312,58418,281635,6,604800,1.20742450335
387430,393215,393222,5785,7,8,36000,579.2
387558,387566,387567,8,1,1,3600,1.0
387678,387685,387813,7,128,1,3600,1.0546875
387763,393164,393166,5401,2,16,36000,540.3
387944,387951,388257,7,306,1,3600,1.02287581699
388495,388501,389146,6,645,1,3600,1.00930232558
388595,393113,393118,4518,5,25,10799,452.3
388632,393292,393396,4660,104,4,36000,45.8076923077
389051,389058,389065,7,7,1,1200,1.4
389141,410636,415601,21495,4965,2,21600,5.32930513595
389161,389168,392811,7,3643,4,3600,1.00192149327
389700,390333,390334,633,1,1,3600,63.4
389704,389715,391470,11,1755,8,6000,1.00626780627
389705,389721,391175,16,1454,8,6000,1.01100412655
389716,389727,391183,11,1456,8,6000,1.00755494505
389726,389769,391219,43,1450,8,6000,1.02965517241
389757,389835,391285,78,1450,8,6000,1.05379310345
389829,390037,391486,208,1449,8,6000,1.14354727398
389964,389971,389977,7,6,1,1200,1.3
390021,390027,390124,6,97,1,1200,1.0618556701
390033,390104,391559,71,1455,8,6000,1.04879725086
390095,390797,392253,702,1456,8,6000,1.48214285714
390217,390223,390598,6,375,1,2940,1.016
390447,390454,390551,7,97,1,3600,1.07216494845
390664,390670,392071,6,1401,2,6120,1.00428265525
390687,391282,391579,595,297,1,3600,3.00336700337
390727,415613,443377,24886,27764,2,28800,1.89634058493
390788,391188,392649,400,1461,8,6000,1.27378507871
390993,393298,393306,2305,8,4,36000,231.3
391067,393303,393309,2236,6,4,36000,224.2
391185,391194,392671,9,1477,8,6000,1.00609343263
391186,391230,392697,44,1467,8,6000,1.02999318337
391227,391297,392762,70,1465,8,6000,1.04778156997
391288,391482,392946,194,1464,8,6000,1.1325136612
391472,391498,392957,26,1459,8,6000,1.01782042495
391493,391571,393017,78,1446,8,6000,1.05394190871
391498,445665,589691,54167,144026,9,144000,1.37609181676
391565,391670,393129,105,1459,8,6000,1.07196710075
391667,391775,393231,108,1456,8,6000,1.07417582418
391770,392265,393733,495,1468,8,6000,1.33719346049
391880,391886,392421,6,535,1,3600,1.01121495327
392259,392660,394118,401,1458,8,6000,1.27503429355
392657,392683,394141,26,1458,8,6000,1.01783264746
392678,392709,394173,31,1464,8,6000,1.02117486339
392699,392774,394241,75,1467,8,6000,1.05112474438
392771,392958,394415,187,1457,8,6000,1.12834591627
392884,393308,393353,424,45,4,3600,10.4222222222
392954,392974,394432,20,1458,8,6000,1.01371742112
392965,393029,394498,64,1469,8,6000,1.04356705242
393027,393152,394607,125,1455,8,6000,1.08591065292
393139,393245,393248,106,3,8,6000,10.9
393242,393251,394704,9,1453,8,6000,1.00619408121
393252,393259,394724,7,1465,8,6000,1.004778157
393263,393287,394767,24,1480,8,6000,1.01621621622
393284,393320,394791,36,1471,8,6000,1.02447314752
393325,393407,394871,82,1464,8,6000,1.05601092896
393351,401459,415974,8108,14515,4,14400,1.55859455735
393407,393745,395561,338,1816,8,6000,1.18612334802
393744,394129,395596,385,1467,8,6000,1.26244035446
393757,393763,395992,6,2229,1,3600,1.00269179004
393774,445655,466695,51881,21040,4,36000,3.4658269962
393813,445660,471833,51847,26173,4,36000,2.98093455087
394131,394152,395606,21,1454,8,6000,1.01444291609
394137,394735,398361,598,3626,4,3600,1.16492002206
394152,394184,395632,32,1448,8,6000,1.02209944751
394183,394252,395720,69,1468,8,6000,1.0470027248
394191,394802,464149,611,69347,16,288000,1.00881076326
394209,395228,464149,1019,68921,16,288000,1.01478504375
394255,394426,395963,171,1537,8,6000,1.11125569291
394429,394443,395963,14,1520,8,6000,1.00921052632
394439,394509,395972,70,1463,8,6000,1.04784688995
394511,394618,396074,107,1456,8,6000,1.07348901099
394624,394715,396173,91,1458,8,6000,1.06241426612
394716,395234,396703,518,1469,8,6000,1.3526208305
394918,445672,589725,50754,144053,9,144000,1.35232865681
395066,395073,396901,7,1828,6,1800,1.00382932166
395236,395572,397037,336,1465,8,6000,1.22935153584
395240,412289,415350,17049,3061,2,21600,6.56974844822
395572,395607,397077,35,1470,8,6000,1.02380952381
395604,395617,397082,13,1465,8,6000,1.00887372014
395614,395644,397131,30,1487,8,6000,1.02017484869
395645,395731,397188,86,1457,8,6000,1.05902539465
395727,395974,397438,247,1464,8,6000,1.16871584699
395973,395981,397440,8,1459,8,6000,1.00548320768
395973,395987,397447,14,1460,8,6000,1.0095890411
395984,396085,397572,101,1487,8,6000,1.06792199059
396087,396185,397684,98,1499,8,6000,1.06537691795
396150,417141,420255,20991,3114,2,21600,7.7408477842
396189,396714,398187,525,1473,8,6000,1.35641547862
396498,401465,412278,4967,10813,25,10799,1.45935448072
396517,402903,410613,6386,7710,25,10799,1.82827496757
396719,396921,398389,202,1468,8,6000,1.13760217984
396923,397048,398523,125,1475,8,6000,1.08474576271
397047,397088,398554,41,1466,8,6000,1.02796725784
397088,397094,398564,6,1470,8,6000,1.00408163265
397099,397143,398629,44,1486,8,6000,1.02960969044
397141,397199,398674,58,1475,8,6000,1.0393220339
397202,397449,398904,247,1455,8,6000,1.16975945017
397225,417147,429824,19922,12677,2,21600,2.57150745445
397447,397456,398917,9,1461,8,6000,1.00616016427
397458,397464,398921,6,1457,8,6000,1.00411805079
397468,397584,399046,116,1462,8,6000,1.07934336525
397581,397696,399166,115,1470,8,6000,1.07823129252
397607,417152,425696,19545,8544,2,21600,3.28757022472
397694,398198,399685,504,1487,8,6000,1.33893745797
398097,398104,566375,7,168271,1,604800,1.00004159956
398119,398371,398375,252,4,4,600,25.6
398119,422548,422581,24429,33,64,3600,741.272727273
398203,398400,399911,197,1511,8,6000,1.13037723362
398221,429038,448060,30817,19022,16,36000,2.62007149616
398366,398388,401469,22,3081,4,3600,1.00714053879
398396,437014,470041,38618,33027,16,36000,2.16928573591
398397,398534,400000,137,1466,8,6000,1.09345156889
398530,398565,400037,35,1472,8,6000,1.02377717391
398561,398576,400042,15,1466,8,6000,1.0102319236
398572,398641,400477,69,1836,8,6000,1.03758169935
398644,398685,400178,41,1493,8,6000,1.02746148694
398646,401454,401455,2808,1,1,300,280.9
398685,398915,400399,230,1484,8,6000,1.15498652291
398920,398928,400406,8,1478,8,6000,1.00541271989
398931,398937,400403,6,1466,8,6000,1.00409276944
398941,399058,400555,117,1497,8,6000,1.07815631263
399054,399177,400645,123,1468,8,6000,1.08378746594
399177,399697,401166,520,1469,8,6000,1.35398230088
399259,420277,430348,21018,10071,2,21600,3.08698242478
399682,437020,444467,37338,7447,2,21600,6.01383107292
399697,399922,401394,225,1472,8,6000,1.15285326087
399922,400011,401487,89,1476,8,6000,1.06029810298
400014,400048,401511,34,1463,8,6000,1.02323991798
400045,400055,401525,10,1470,8,6000,1.00680272109
400056,400189,401662,133,1473,8,6000,1.09029192125
400189,400411,401880,222,1469,8,6000,1.15112321307
400227,407686,411362,7459,3676,2,14400,3.02910772579
400413,400420,401898,7,1478,8,6000,1.00473612991
400424,400431,401940,7,1509,8,6000,1.00463883366
400435,400489,401960,54,1471,8,6000,1.03670972128
400486,400567,402080,81,1513,8,6000,1.05353602115
400569,400656,402128,87,1472,8,6000,1.05910326087
400661,401179,402643,518,1464,8,6000,1.35382513661
400700,445637,445642,44937,5,16,43800,4494.2
400752,445642,445653,44890,11,16,43800,4081.90909091
400846,445626,470044,44780,24418,16,36000,2.83389302973
400921,445631,470046,44710,24415,16,36000,2.83125127995
401184,401406,402892,222,1486,8,6000,1.14939434724
401382,407692,410994,6310,3302,2,14400,2.9109630527
401409,401498,402964,89,1466,8,6000,1.06070941337
401501,401536,403021,35,1485,8,6000,1.02356902357
401532,401674,403148,142,1474,8,6000,1.09633649932
401676,401892,403362,216,1470,8,6000,1.14693877551
401890,401911,403377,21,1466,8,6000,1.01432469304
401911,401952,403421,41,1469,8,6000,1.02791014295
401952,401972,403456,20,1484,8,6000,1.01347708895
401973,402091,403564,118,1473,8,6000,1.08010862186
401980,405168,408257,3188,3089,2,7200,2.03204920686
401981,405173,408284,3192,3111,2,7200,2.02603664417
401982,405178,408194,3196,3016,2,7200,2.05968169761
401984,405183,408366,3199,3183,2,7200,2.00502670437
401985,405189,408365,3204,3176,2,7200,2.00881612091
401986,405194,408257,3208,3063,2,7200,2.04733920992
401988,405199,408307,3211,3108,2,7200,2.03314028314
401989,405204,408216,3215,3012,2,7200,2.06739707835
401990,405210,408554,3220,3344,2,7200,1.96291866029
401991,405215,408230,3224,3015,2,7200,2.06932006633
401993,405220,408348,3227,3128,2,7200,2.03164961637
401994,405225,408566,3231,3341,2,7200,1.96707572583
401995,405231,408391,3236,3160,2,7200,2.02405063291
401997,405236,408196,3239,2960,2,7200,2.09425675676
401998,405241,408212,3243,2971,2,7200,2.09155166611
402392,402399,402400,7,1,1,300,1.0
403167,405247,408512,2080,3265,2,7200,1.63705972435
403481,405283,405368,1802,85,2,1800,22.2
403481,405278,405368,1797,90,2,1800,20.9666666667
403481,405272,405315,1791,43,2,1800,42.6511627907
403481,405257,405309,1776,52,2,1800,35.1538461538
403481,405252,405304,1771,52,2,1800,35.0576923077
403482,405304,405378,1822,74,2,1800,25.6216216216
403482,405299,405372,1817,73,2,1800,25.8904109589
403482,405293,405369,1811,76,2,1800,24.8289473684
403482,405288,405369,1806,81,2,1800,23.2962962963
403483,405309,405384,1826,75,2,1800,25.3466666667
403483,405315,405380,1832,65,2,1800,29.1846153846
403483,405320,405394,1837,74,2,1800,25.8243243243
403483,405325,405394,1842,69,2,1800,27.6956521739
403484,406449,406501,2965,52,2,1800,58.0192307692
403484,406475,406528,2991,53,2,1800,57.4339622642
403484,406454,406515,2970,61,2,1800,49.6885245902
403484,406459,406511,2975,52,2,1800,58.2115384615
403485,406470,406522,2985,52,2,1800,58.4038461538
403485,406464,406517,2979,53,2,1800,57.2075471698
403529,410625,410626,7096,1,1,300,709.7
403919,446305,471406,42386,25101,4,86400,2.68861798335
404566,404573,406037,7,1464,8,6000,1.00478142077
404803,443388,446292,38585,2904,2,21600,14.28684573
404978,422676,444319,17698,21643,32,21600,1.81772397542
405573,444313,447127,38740,2814,2,21600,14.7668798863
406074,422681,444301,16607,21620,32,21600,1.76813135985
406197,446684,449402,40487,2718,2,21600,15.895879323
407495,446689,450199,39194,3510,2,21600,12.1663817664
408234,446695,450383,38461,3688,2,21600,11.4286876356
408977,447138,450787,38161,3649,2,21600,11.4579336805
409584,448076,451018,38492,2942,2,21600,14.0836165874
418110,418116,429027,6,10911,4,10800,1.00054990377
418667,418674,418683,7,9,2,3540,1.6
420254,420266,422277,12,2011,2,7200,1.00596718051
420254,420260,422277,6,2017,2,7200,1.00297471492
420255,420283,420713,28,430,2,7200,1.06511627907
420255,420288,420727,33,439,2,7200,1.07517084282
420255,420271,420715,16,444,2,7200,1.03603603604
420256,420309,420738,53,429,2,7200,1.12354312354
420256,420298,420723,42,425,2,7200,1.09882352941
420256,420304,420701,48,397,2,7200,1.12090680101
420256,420293,420715,37,422,2,7200,1.08767772512
420257,420325,420757,68,432,2,7200,1.15740740741
420257,420320,420743,63,423,2,7200,1.14893617021
420257,420314,420739,57,425,2,7200,1.13411764706
420258,420341,420786,83,445,2,7200,1.18651685393
420258,420330,420758,72,428,2,7200,1.16822429907
420258,420346,420779,88,433,2,7200,1.20323325635
420258,420335,420753,77,418,2,7200,1.18421052632
420259,420356,420846,97,490,2,7200,1.19795918367
420259,420351,420793,92,442,2,7200,1.20814479638
420259,420362,420805,103,443,2,7200,1.23250564334
420260,420367,420816,107,449,2,7200,1.23830734967
420260,420372,420824,112,452,2,7200,1.24778761062
420260,420377,420796,117,419,2,7200,1.27923627685
420261,420383,420796,122,413,2,7200,1.29539951574
420262,420389,420817,127,428,2,7200,1.29672897196
420263,420400,420841,137,441,2,7200,1.31065759637
420263,420405,420859,142,454,2,7200,1.3127753304
420263,420394,420850,131,456,2,7200,1.28728070175
420264,420421,420867,157,446,2,7200,1.35201793722
420264,420415,420844,151,429,2,7200,1.35198135198
420264,420410,420836,146,426,2,7200,1.34272300469
420264,420426,420833,162,407,2,7200,1.39803439803
420265,420431,420840,166,409,2,7200,1.40586797066
420265,420436,420874,171,438,2,7200,1.3904109589
420265,420442,420846,177,404,2,7200,1.43811881188
420266,420452,420896,186,444,2,7200,1.41891891892
420266,420458,420882,192,424,2,7200,1.45283018868
420267,420485,420918,218,433,2,7200,1.50346420323
420267,420480,420911,213,431,2,7200,1.49419953596
420267,420465,420908,198,443,2,7200,1.44695259594
420267,420475,420904,208,429,2,7200,1.48484848485
420268,420713,421141,445,428,2,7200,2.03971962617
420268,420490,420935,222,445,2,7200,1.49887640449
420268,420496,420935,228,439,2,7200,1.51936218679
420269,420737,421159,468,422,2,7200,2.10900473934
420269,420724,421164,455,440,2,7200,2.03409090909
420269,420743,421169,474,426,2,7200,2.11267605634
420269,420732,421169,463,437,2,7200,2.05949656751
420270,420761,421192,491,431,2,7200,2.13921113689
420270,420749,421181,479,432,2,7200,2.1087962963
420270,420756,421174,486,418,2,7200,2.16267942584
420271,420766,421207,495,441,2,7200,2.12244897959
420271,420778,421201,507,423,2,7200,2.19858156028
420271,420773,421208,502,435,2,7200,2.15402298851
420272,420783,421195,511,412,2,7200,2.24029126214
420272,420791,421218,519,427,2,7200,2.21545667447
420272,420797,421218,525,421,2,7200,2.24703087886
420273,420813,421255,540,442,2,7200,2.22171945701
420273,420825,421244,552,419,2,7200,2.31742243437
420273,420805,421222,532,417,2,7200,2.2757793765
420273,420818,421244,545,426,2,7200,2.279342723
420274,420832,421267,558,435,2,7200,2.28275862069
420274,420837,421222,563,385,2,7200,2.46233766234
420274,420844,421286,570,442,2,7200,2.28959276018
420275,420851,421304,576,453,2,7200,2.27152317881
420275,420856,421236,581,380,2,7200,2.52894736842
420275,420863,421301,588,438,2,7200,2.34246575342
420276,420873,421292,597,419,2,7200,2.42482100239
420276,420868,421304,592,436,2,7200,2.35779816514
420276,420884,421312,608,428,2,7200,2.42056074766
420276,420878,421316,602,438,2,7200,2.37442922374
420277,420889,421312,612,423,2,7200,2.44680851064
420277,420901,421328,624,427,2,7200,2.46135831382
420277,420896,421322,619,426,2,7200,2.45305164319
420278,420906,421345,628,439,2,7200,2.430523918
420278,420911,421301,633,390,2,7200,2.62307692308
420278,420918,421324,640,406,2,7200,2.5763546798
420279,420930,421352,651,422,2,7200,2.54265402844
420279,420935,421335,656,400,2,7200,2.64
420279,420923,421340,644,417,2,7200,2.54436450839
420280,420940,421367,660,427,2,7200,2.54566744731
421143,421149,421592,6,443,2,7200,1.01354401806
421159,421166,421587,7,421,2,7200,1.01662707838
421164,421173,421620,9,447,2,7200,1.02013422819
421169,421180,421603,11,423,2,7200,1.02600472813
421170,421185,421614,15,429,2,7200,1.03496503497
421175,421192,421620,17,428,2,7200,1.03971962617
421182,421197,421638,15,441,2,7200,1.03401360544
421193,421204,421665,11,461,2,7200,1.02386117137
421195,421209,421671,14,462,2,7200,1.0303030303
421202,421215,421705,13,490,2,7200,1.02653061224
421208,421221,421669,13,448,2,7200,1.02901785714
421209,421226,421665,17,439,2,7200,1.03872437358
421219,421233,421683,14,450,2,7200,1.03111111111
421220,421238,421687,18,449,2,7200,1.04008908686
421223,421244,421675,21,431,2,7200,1.04872389791
421223,421249,421684,26,435,2,7200,1.05977011494
421237,421256,421693,19,437,2,7200,1.04347826087
421245,421267,421686,22,419,2,7200,1.05250596659
421245,421261,421673,16,412,2,7200,1.03883495146
421256,421274,421739,18,465,2,7200,1.03870967742
421268,421281,421710,13,429,2,7200,1.0303030303
421286,421293,421791,7,498,2,7200,1.0140562249
421292,421300,422277,8,977,2,7200,1.00818833163
421302,421308,421856,6,548,2,7200,1.01094890511
421304,421315,422277,11,962,2,7200,1.01143451143
421305,421320,421802,15,482,2,7200,1.03112033195
421306,421326,422277,20,951,2,7200,1.02103049422
421313,421338,421771,25,433,2,7200,1.05773672055
421313,421333,421793,20,460,2,7200,1.04347826087
421317,421344,421915,27,571,2,7200,1.0472854641
421323,421349,421772,26,423,2,7200,1.06146572104
421325,421354,422279,29,925,2,7200,1.03135135135
421329,421361,421807,32,446,2,7200,1.07174887892
421336,421366,421783,30,417,2,7200,1.07194244604
421341,421372,421832,31,460,2,7200,1.06739130435
421345,421377,421810,32,433,2,7200,1.07390300231
421353,421382,421829,29,447,2,7200,1.06487695749
421368,421389,421810,21,421,2,7200,1.04988123515
421588,421594,422207,6,613,2,7200,1.00978792822
421592,421601,422232,9,631,2,7200,1.01426307448
421604,421611,422203,7,592,2,7200,1.01182432432
421615,421621,422091,6,470,2,7200,1.01276595745
421621,421632,422088,11,456,2,7200,1.02412280702
421621,421627,422214,6,587,2,7200,1.01022146508
421638,421645,422082,7,437,2,7200,1.01601830664
421665,421672,422148,7,476,2,7200,1.01470588235
421666,421677,422134,11,457,2,7200,1.02407002188
421669,421684,422145,15,461,2,7200,1.03253796095
421673,421689,422139,16,450,2,7200,1.03555555556
421676,421694,422174,18,480,2,7200,1.0375
421684,421701,422177,17,476,2,7200,1.03571428571
421685,421709,422161,24,452,2,7200,1.05309734513
421687,421715,422167,28,452,2,7200,1.06194690265
421688,421720,422174,32,454,2,7200,1.0704845815
421693,421725,422185,32,460,2,7200,1.06956521739
421708,421732,422174,24,442,2,7200,1.05429864253
421710,421737,422195,27,458,2,7200,1.05895196507
421740,421746,422204,6,458,2,7200,1.01310043668
421772,421778,422226,6,448,2,7200,1.01339285714
421773,421785,422222,12,437,2,7200,1.02745995423
421784,421791,422277,7,486,2,7200,1.01440329218
421791,421798,422277,7,479,2,7200,1.01461377871
421794,421806,422279,12,473,2,7200,1.02536997886
421803,421813,422277,10,464,2,7200,1.02155172414
421807,421819,422277,12,458,2,7200,1.02620087336
421811,421825,422277,14,452,2,7200,1.03097345133
421812,421830,422277,18,447,2,7200,1.04026845638
421829,421837,422276,8,439,2,7200,1.01822323462
421833,421844,422279,11,435,2,7200,1.02528735632
421857,421864,422277,7,413,2,7200,1.01694915254
421915,421923,422277,8,354,2,7200,1.02259887006
422083,422089,422277,6,188,2,7200,1.03191489362
422089,422096,422279,7,183,2,7200,1.03825136612
422092,422102,422277,10,175,2,7200,1.05714285714
422138,422145,422277,7,132,2,7200,1.05303030303
422140,422152,422277,12,125,2,7200,1.096
422146,422157,422277,11,120,2,7200,1.09166666667
422149,422164,422277,15,113,2,7200,1.13274336283
422161,422170,422277,9,107,2,7200,1.08411214953
422168,422178,422277,10,99,2,7200,1.10101010101
422175,422184,422277,9,93,2,7200,1.09677419355
422177,422195,422279,18,84,2,7200,1.21428571429
422177,422189,422277,12,88,2,7200,1.13636363636
422178,422200,422277,22,77,2,7200,1.28571428571
422186,422207,422278,21,71,2,7200,1.29577464789
422196,422212,422277,16,65,2,7200,1.24615384615
422204,422219,422277,15,58,2,7200,1.25862068966
422205,422224,422277,19,53,2,7200,1.35849056604
422207,422229,422277,22,48,2,7200,1.45833333333
422215,422236,422277,21,41,2,7200,1.51219512195
422223,422241,422277,18,36,2,7200,1.5
422227,422251,422277,24,26,2,7200,1.92307692308
422232,422263,422278,31,15,2,7200,3.06666666667
422325,422332,422616,7,284,2,7200,1.02464788732
422326,422343,422356,17,13,2,7200,2.30769230769
422326,422348,422369,22,21,2,7200,2.04761904762
422326,422337,422349,11,12,2,7200,1.91666666667
422327,422365,422376,38,11,2,7200,4.45454545455
422327,422359,422371,32,12,2,7200,3.66666666667
422327,422354,422369,27,15,2,7200,2.8
422328,422381,422393,53,12,2,7200,5.41666666667
422328,422387,422398,59,11,2,7200,6.36363636364
422328,422371,422382,43,11,2,7200,4.90909090909
422328,422376,422388,48,12,2,7200,5.0
422329,422392,422403,63,11,2,7200,6.72727272727
422329,422397,422409,68,12,2,7200,6.66666666667
422329,422402,422414,73,12,2,7200,7.08333333333
422330,422408,422420,78,12,2,7200,7.5
422330,422413,422426,83,13,2,7200,7.38461538462
422330,422418,422430,88,12,2,7200,8.33333333333
422331,422439,422451,108,12,2,7200,10.0
422331,422423,422435,92,12,2,7200,8.66666666667
422331,422429,422441,98,12,2,7200,9.16666666667
422331,422434,422446,103,12,2,7200,9.58333333333
422332,422450,422462,118,12,2,7200,10.8333333333
422332,422455,422466,123,11,2,7200,12.1818181818
422332,422444,422456,112,12,2,7200,10.3333333333
422333,422460,422472,127,12,2,7200,11.5833333333
422333,422465,422477,132,12,2,7200,12.0
422333,422471,422484,138,13,2,7200,11.6153846154
422334,422481,422493,147,12,2,7200,13.25
422334,422476,422489,142,13,2,7200,11.9230769231
422334,422486,422499,152,13,2,7200,12.6923076923
422335,422507,422519,172,12,2,7200,15.3333333333
422335,422492,422503,157,11,2,7200,15.2727272727
422335,422497,422509,162,12,2,7200,14.5
422335,422502,422514,167,12,2,7200,14.9166666667
422336,422513,422525,177,12,2,7200,15.75
422336,422518,422530,182,12,2,7200,16.1666666667
422336,422523,422535,187,12,2,7200,16.5833333333
422337,422539,422550,202,11,2,7200,19.3636363636
422337,422534,422546,197,12,2,7200,17.4166666667
422337,422528,422541,191,13,2,7200,15.6923076923
422338,422558,422570,220,12,2,7200,19.3333333333
422338,422564,422576,226,12,2,7200,19.8333333333
422338,422553,422565,215,12,2,7200,18.9166666667
422339,422579,422591,240,12,2,7200,21.0
422339,422585,422597,246,12,2,7200,21.5
422339,422574,422586,235,12,2,7200,20.5833333333
422339,422569,422581,230,12,2,7200,20.1666666667
422340,422600,422612,260,12,2,7200,22.6666666667
422340,422590,422601,250,11,2,7200,23.7272727273
422340,422595,422608,255,13,2,7200,20.6153846154
422341,422606,422616,265,10,2,7200,27.5
422341,422611,422616,270,5,2,7200,27.5
422341,422616,422617,275,1,2,7200,27.6
422342,422622,422623,280,1,2,7200,28.1
422342,422637,422638,295,1,2,7200,29.6
422342,422627,422628,285,1,2,7200,28.6
422342,422632,422633,290,1,2,7200,29.1
422343,422643,422644,300,1,2,7200,30.1
422343,422648,422649,305,1,2,7200,30.6
422344,422653,422654,309,1,2,7200,31.0
422344,422658,422659,314,1,2,7200,31.5
422761,422768,422825,7,57,2,7200,1.12280701754
422762,422784,422797,22,13,2,7200,2.69230769231
422762,422778,422792,16,14,2,7200,2.14285714286
422762,422773,422785,11,12,2,7200,1.91666666667
422763,422790,422803,27,13,2,7200,3.07692307692
422763,422795,422808,32,13,2,7200,3.46153846154
422763,422800,422812,37,12,2,7200,4.08333333333
422764,422821,422825,57,4,2,7200,6.1
422764,422816,422825,52,9,2,7200,6.1
422764,422811,422823,47,12,2,7200,4.91666666667
422764,422806,422817,42,11,2,7200,4.81818181818
422765,422832,422833,67,1,2,7200,6.8
422765,422827,422828,62,1,2,7200,6.3
422765,422837,422838,72,1,2,7200,7.3
422766,422842,422843,76,1,2,7200,7.7
422766,422850,422866,84,16,2,7200,6.25
422766,422858,422866,92,8,2,7200,10.0
422766,422866,422867,100,1,2,7200,10.1
422767,422872,422873,105,1,2,7200,10.6
422767,422877,422878,110,1,2,7200,11.1
422767,422882,422883,115,1,2,7200,11.6
422768,422898,422899,130,1,2,7200,13.1
422768,422893,422894,125,1,2,7200,12.6
422768,422887,422888,119,1,2,7200,12.0
422769,422903,422910,134,7,2,7200,14.1
423141,423147,425085,6,1938,2,7200,1.00309597523
423144,423159,423172,15,13,2,7200,2.15384615385
423144,423154,425085,10,1931,2,7200,1.0051786639
423145,423175,423189,30,14,2,7200,3.14285714286
423145,423170,425085,25,1915,2,7200,1.01305483029
423145,423165,425085,20,1920,2,7200,1.01041666667
423146,423181,423194,35,13,2,7200,3.69230769231
423146,423191,425085,45,1894,2,7200,1.0237592397
423146,423186,425085,40,1899,2,7200,1.02106371775
423147,423202,424973,55,1771,2,7200,1.03105590062
423147,423197,425085,50,1888,2,7200,1.02648305085
423147,423208,423221,61,13,2,7200,5.69230769231
423148,423228,425085,80,1857,2,7200,1.04308023694
423148,423214,425085,66,1871,2,7200,1.03527525387
423148,423222,424912,74,1690,2,7200,1.04378698225
423149,423238,425085,89,1847,2,7200,1.04818624797
423149,423233,423253,84,20,2,7200,5.2
423150,423254,425085,104,1831,2,7200,1.05679956308
423150,423244,425085,94,1841,2,7200,1.05105920695
423150,423249,423262,99,13,2,7200,8.61538461538
423151,423260,423274,109,14,2,7200,8.78571428571
423151,423274,423383,123,109,2,7200,2.12844036697
423151,423279,425085,128,1806,2,7200,1.07087486157
423152,423290,425085,138,1795,2,7200,1.07688022284
423152,423295,425085,143,1790,2,7200,1.07988826816
423152,423284,423397,132,113,2,7200,2.16814159292
423153,423311,425086,158,1775,2,7200,1.08901408451
423153,423300,425085,147,1785,2,7200,1.08235294118
423153,423306,425086,153,1780,2,7200,1.08595505618
423154,423322,423430,168,108,2,7200,2.55555555556
423154,423316,425086,162,1770,2,7200,1.09152542373
423155,423327,425086,172,1759,2,7200,1.09778283115
423155,423332,423345,177,13,2,7200,14.6153846154
423155,423338,425086,183,1748,2,7200,1.10469107551
423156,423354,425086,198,1732,2,7200,1.1143187067
423156,423348,425086,192,1738,2,7200,1.11047180667
423156,423343,425086,187,1743,2,7200,1.10728628801
423157,423370,425086,213,1716,2,7200,1.12412587413
423157,423364,423465,207,101,2,7200,3.0495049505
423157,423359,423384,202,25,2,7200,9.08
423158,423375,425086,217,1711,2,7200,1.1268264173
423158,423386,425086,228,1700,2,7200,1.13411764706
423158,423380,424718,222,1338,2,7200,1.16591928251
423159,423396,423410,237,14,2,7200,17.9285714286
423159,423391,425086,232,1695,2,7200,1.13687315634
423159,423402,425086,243,1684,2,7200,1.14429928741
423160,423419,425086,259,1667,2,7200,1.15536892621
423160,423412,425086,252,1674,2,7200,1.15053763441
423160,423407,425086,247,1679,2,7200,1.14711137582
423161,423424,423778,263,354,2,7200,1.74293785311
423161,423430,423463,269,33,2,7200,9.15151515152
423162,423450,423466,288,16,2,7200,19.0
423162,423435,423463,273,28,2,7200,10.75
423162,423441,425086,279,1645,2,7200,1.16960486322
423163,423475,425086,312,1611,2,7200,1.19366852886
423163,423468,423481,305,13,2,7200,24.4615384615
423163,423463,425086,300,1623,2,7200,1.18484288355
423164,423480,425086,316,1606,2,7200,1.19676214197
423164,423485,425086,321,1601,2,7200,1.2004996877
423164,423491,423514,327,23,2,7200,15.2173913043
423165,423506,425086,341,1580,2,7200,1.21582278481
423165,423498,425086,333,1588,2,7200,1.209697733
423166,423791,423848,625,57,2,7200,11.9649122807
423166,423526,424267,360,741,2,7200,1.48582995951
423166,423514,425086,348,1572,2,7200,1.2213740458
423167,423860,425086,693,1226,2,7200,1.56525285481
423167,424730,424742,1563,12,2,7200,131.25
423167,424280,425086,1113,806,2,7200,2.38089330025
423168,424754,425086,1586,332,2,7200,5.77710843373
423168,424924,425086,1756,162,2,7200,11.8395061728
423168,424985,425002,1817,17,2,7200,107.882352941
423169,425038,425086,1869,48,2,7200,39.9375
423169,425013,425026,1844,13,2,7200,142.846153846
425230,425241,425577,11,336,2,7200,1.03273809524
425230,425236,426889,6,1653,2,7200,1.00362976407
425230,425251,426889,21,1638,2,7200,1.01282051282
425231,425266,426889,35,1623,2,7200,1.02156500308
425231,425274,426889,43,1615,2,7200,1.026625387
425231,425279,426889,48,1610,2,7200,1.0298136646
425232,425295,426889,63,1594,2,7200,1.03952321205
425232,425285,426889,53,1604,2,7200,1.03304239401
425232,425290,426889,58,1599,2,7200,1.03627267042
425233,425307,426889,74,1582,2,7200,1.04677623262
425233,425313,426889,80,1576,2,7200,1.05076142132
425233,425318,426889,85,1571,2,7200,1.05410566518
425233,425301,426889,68,1588,2,7200,1.04282115869
425234,425329,425366,95,37,2,7200,3.56756756757
425234,425323,426889,89,1566,2,7200,1.05683269476
425234,425334,426889,100,1555,2,7200,1.06430868167
425235,425339,426889,104,1550,2,7200,1.06709677419
425235,425344,426889,109,1545,2,7200,1.07055016181
425235,425355,426889,120,1534,2,7200,1.07822685789
425235,425350,426889,115,1539,2,7200,1.07472384665
425236,425360,426889,124,1529,2,7200,1.08109875736
425236,425366,426889,130,1523,2,7200,1.08535784636
425236,425371,426889,135,1518,2,7200,1.08893280632
425237,425382,426889,145,1507,2,7200,1.09621765096
425237,425387,426889,150,1502,2,7200,1.09986684421
425237,425376,425720,139,344,2,7200,1.40406976744
425238,425392,426889,154,1497,2,7200,1.10287241149
425238,425403,426889,165,1486,2,7200,1.11103633917
425238,425408,426889,170,1481,2,7200,1.11478730587
425238,425398,426889,160,1491,2,7200,1.10731052985
425239,425424,426889,185,1465,2,7200,1.12627986348
425239,425413,426889,174,1476,2,7200,1.11788617886
425239,425419,426889,180,1470,2,7200,1.12244897959
425240,425429,426890,189,1461,2,7200,1.12936344969
425240,425434,425582,194,148,2,7200,2.31081081081
425240,425440,426890,200,1450,2,7200,1.13793103448
425241,425450,426890,209,1440,2,7200,1.14513888889
425241,425445,426890,204,1445,2,7200,1.14117647059
425247,425455,426890,208,1435,2,7200,1.14494773519
425268,425462,426890,194,1428,2,7200,1.13585434174
425269,425468,426890,199,1422,2,7200,1.13994374121
425270,425499,426890,229,1391,2,7200,1.16462976276
425270,425494,426890,224,1396,2,7200,1.16045845272
425270,425473,426890,203,1417,2,7200,1.14326040932
425270,425478,426890,208,1412,2,7200,1.14730878187
425271,425589,426890,318,1301,2,7200,1.24442736357
425271,425504,426890,233,1386,2,7200,1.16810966811
425271,425595,426890,324,1295,2,7200,1.25019305019
425272,425732,426890,460,1158,2,7200,1.39723661485
426918,426932,430382,14,3450,2,7200,1.00405797101
426939,448071,459249,21132,11178,8,28800,2.89049919485
426997,427003,434231,6,7228,2,7200,1.00083010515
426997,427009,430123,12,3114,2,7200,1.00385356455
426998,427020,429576,22,2556,2,7200,1.00860719875
426998,427026,429920,28,2894,2,7200,1.00967519005
426998,427015,430113,17,3098,2,7200,1.00548741123
426999,427036,430150,37,3114,2,7200,1.01188182402
426999,427042,427106,43,64,2,7200,1.671875
426999,427031,429963,32,2932,2,7200,1.01091405184
427000,427052,430593,52,3541,2,7200,1.0146851172
427000,427063,430385,63,3322,2,7200,1.01896447923
427000,427070,429053,70,1983,2,7200,1.03530005043
427000,427076,430419,76,3343,2,7200,1.02273407119
427001,427087,429239,86,2152,2,7200,1.03996282528
427001,427092,430357,91,3265,2,7200,1.02787136294
427001,427081,430136,80,3055,2,7200,1.02618657938
427002,427103,427152,101,49,2,7200,3.0612244898
427002,427097,430034,95,2937,2,7200,1.03234593122
427002,427109,430356,107,3247,2,7200,1.03295349553
427003,427125,430426,122,3301,2,7200,1.03695849743
427003,427115,430423,112,3308,2,7200,1.0338573156
427003,427120,430160,117,3040,2,7200,1.03848684211
427004,427136,430320,132,3184,2,7200,1.04145728643
427004,427141,430469,137,3328,2,7200,1.04116586538
427004,427130,427248,126,118,2,7200,2.06779661017
427005,427162,430319,157,3157,2,7200,1.04973075705
427005,427146,430476,141,3330,2,7200,1.04234234234
427005,427151,430335,146,3184,2,7200,1.04585427136
427005,427157,430033,152,2876,2,7200,1.0528511822
427006,427172,427197,166,25,2,7200,7.64
427006,427183,430287,177,3104,2,7200,1.05702319588
427006,427178,430305,172,3127,2,7200,1.05500479693
427007,427199,430258,192,3059,2,7200,1.06276560968
427007,427194,430440,187,3246,2,7200,1.05760936537
427007,427188,427240,181,52,2,7200,4.48076923077
427008,427215,430320,207,3105,2,7200,1.06666666667
427008,427209,430338,201,3129,2,7200,1.06423777565
427008,427204,430393,196,3189,2,7200,1.06146127313
427008,427220,430567,212,3347,2,7200,1.06334030475
427009,427225,427291,216,66,2,7200,4.27272727273
427009,427237,430334,228,3097,2,7200,1.0736196319
427009,427232,430573,223,3341,2,7200,1.06674648309
427010,427252,430662,242,3410,2,7200,1.07096774194
427010,427242,430432,232,3190,2,7200,1.07272727273
427010,427260,430545,250,3285,2,7200,1.07610350076
427011,429251,432399,2240,3148,2,7200,1.71156289708
427011,429136,432464,2125,3328,2,7200,1.63852163462
427011,429064,429124,2053,60,2,7200,35.2166666667
427011,427303,430123,292,2820,2,7200,1.10354609929
427012,429932,432312,2920,2380,2,7200,2.2268907563
427012,429588,432780,2576,3192,2,7200,1.80701754386
427012,429975,433097,2963,3122,2,7200,1.94907110826
427013,430126,430168,3113,42,2,7200,75.119047619
427013,430072,433561,3059,3489,2,7200,1.87675551734
427013,430051,433368,3038,3317,2,7200,1.91588785047
427014,430147,430170,3133,23,2,7200,137.217391304
427014,430140,433124,3126,2984,2,7200,2.04758713137
427014,430162,433435,3148,3273,2,7200,1.96180873816
427014,430134,430195,3120,61,2,7200,52.1475409836
427015,430180,430196,3165,16,2,7200,198.8125
427015,430188,433273,3173,3085,2,7200,2.02852512156
427015,430172,433431,3157,3259,2,7200,1.96870205585
427016,430213,432354,3197,2141,2,7200,2.4932274638
427016,430271,433700,3255,3429,2,7200,1.94925634296
427016,430208,433193,3192,2985,2,7200,2.06934673367
427017,430331,433206,3314,2875,2,7200,2.15269565217
427017,430317,430362,3300,45,2,7200,74.3333333333
427017,430299,433554,3282,3255,2,7200,2.00829493088
427018,430354,433376,3336,3022,2,7200,2.10390469887
427018,430338,433035,3320,2697,2,7200,2.23099740452
427018,430343,432998,3325,2655,2,7200,2.25235404896
427018,430349,432926,3331,2577,2,7200,2.29258828095
427019,430375,431236,3356,861,2,7200,4.89779326365
427019,430360,433365,3341,3005,2,7200,2.11181364393
427019,430368,433436,3349,3068,2,7200,2.09159061278
427020,430400,433365,3380,2965,2,7200,2.13996627319
427020,430394,433712,3374,3318,2,7200,2.01687763713
427020,430380,433720,3360,3340,2,7200,2.00598802395
427021,430407,433259,3386,2852,2,7200,2.18723702665
427021,430438,433433,3417,2995,2,7200,2.1409015025
427021,430431,433604,3410,3173,2,7200,2.07469271982
429979,444330,445611,14351,1281,64,3600,12.2029664325
430124,430443,433082,319,2639,2,7200,1.12087912088
430380,430450,433738,70,3288,2,7200,1.02128953771
430433,430456,433739,23,3283,2,7200,1.00700578739
430546,430553,433455,7,2902,2,7200,1.00241212957
432313,432319,435736,6,3417,2,7200,1.00175592625
432355,432361,435482,6,3121,2,7200,1.00192246075
432464,432470,435568,6,3098,2,7200,1.00193673338
432781,432788,436025,7,3237,2,7200,1.00216249614
432926,432932,436202,6,3270,2,7200,1.00183486239
433036,433042,436139,6,3097,2,7200,1.00193735873
433081,433088,435712,7,2624,2,7200,1.00266768293
433097,433103,436542,6,3439,2,7200,1.00174469322
433125,433133,436471,8,3338,2,7200,1.0023966447
433206,433212,436560,6,3348,2,7200,1.0017921147
433260,433266,436364,6,3098,2,7200,1.00193673338
433274,433280,436142,6,2862,2,7200,1.00209643606
433368,433374,436247,6,2873,2,7200,1.00208840933
433376,433382,435984,6,2602,2,7200,1.00230591852
433431,433437,436501,6,3064,2,7200,1.00195822454
433433,433444,436593,11,3149,2,7200,1.00349317244
433436,433449,436711,13,3262,2,7200,1.0039852851
433437,433454,436898,17,3444,2,7200,1.00493612079
433456,433462,436390,6,2928,2,7200,1.00204918033
433555,433562,436751,7,3189,2,7200,1.00219504547
433562,433568,436507,6,2939,2,7200,1.00204151072
433713,433720,437094,7,3374,2,7200,1.0020746888
433721,433728,436859,7,3131,2,7200,1.00223570744
433738,433746,436937,8,3191,2,7200,1.00250705108
433740,433751,436772,11,3021,2,7200,1.00364117842
435482,435489,438990,7,3501,2,7200,1.00199942873
435569,435576,439081,7,3505,2,7200,1.00199714693
435712,435720,435733,8,13,2,7200,1.61538461538
435737,435744,438742,7,2998,2,7200,1.00233488993
435984,435990,437993,6,2003,2,7200,1.00299550674
436026,436033,439070,7,3037,2,7200,1.00230490616
436139,436145,439510,6,3365,2,7200,1.00178306092
436142,436152,438629,10,2477,2,7200,1.0040371417
436203,436209,439309,6,3100,2,7200,1.00193548387
436247,436253,439286,6,3033,2,7200,1.00197823937
436364,436370,439464,6,3094,2,7200,1.00193923723
436390,436397,436408,7,11,2,7200,1.63636363636
436471,436477,439587,6,3110,2,7200,1.00192926045
436501,436507,439676,6,3169,2,7200,1.00189334175
436508,436514,439605,6,3091,2,7200,1.00194111938
436542,436549,439955,7,3406,2,7200,1.00205519671
436560,436567,439816,7,3249,2,7200,1.00215450908
436593,436599,439912,6,3313,2,7200,1.00181104739
436711,436719,439687,8,2968,2,7200,1.00269541779
436752,436759,440204,7,3445,2,7200,1.00203193033
436772,436779,436792,7,13,2,7200,1.53846153846
436860,436866,439787,6,2921,2,7200,1.00205409106
436898,436905,440056,7,3151,2,7200,1.00222151698
436937,436944,436956,7,12,2,7200,1.58333333333
437094,437101,440314,7,3213,2,7200,1.00217864924
437994,438000,438013,6,13,2,7200,1.46153846154
438630,438636,438649,6,13,2,7200,1.46153846154
438743,438750,438763,7,13,2,7200,1.53846153846
438991,438997,439010,6,13,2,7200,1.46153846154
439072,439078,439091,6,13,2,7200,1.46153846154
439082,439089,439101,7,12,2,7200,1.58333333333
439287,439294,439306,7,12,2,7200,1.58333333333
439309,439316,439328,7,12,2,7200,1.58333333333
439465,439471,439483,6,12,2,7200,1.5
439511,439517,439530,6,13,2,7200,1.46153846154
439588,439595,439607,7,12,2,7200,1.58333333333
439606,439614,439626,8,12,2,7200,1.66666666667
439677,439684,439696,7,12,2,7200,1.58333333333
439687,439694,439712,7,18,2,7200,1.38888888889
439787,439794,439807,7,13,2,7200,1.53846153846
439816,439823,439835,7,12,2,7200,1.58333333333
439912,439918,439931,6,13,2,7200,1.46153846154
439955,439961,439974,6,13,2,7200,1.46153846154
440056,440062,440075,6,13,2,7200,1.46153846154
440205,440212,440225,7,13,2,7200,1.53846153846
440314,440320,440333,6,13,2,7200,1.46153846154
458414,471056,471199,12642,143,64,3600,89.4055944056
458553,458559,458760,6,201,2,1800,1.02985074627
459005,459011,459030,6,19,2,7200,1.31578947368
459005,459016,459031,11,15,2,7200,1.73333333333
459006,459029,459043,23,14,2,7200,2.64285714286
459006,459023,459036,17,13,2,7200,2.30769230769
459007,459040,459055,33,15,2,7200,3.2
459007,459035,461783,28,2748,2,7200,1.01018922853
459008,459051,459065,43,14,2,7200,4.07142857143
459008,459045,462304,37,3259,2,7200,1.01135317582
459009,459056,459068,47,12,2,7200,4.91666666667
459009,459061,459074,52,13,2,7200,5.0
459010,459072,459125,62,53,2,7200,2.16981132075
459010,459066,459079,56,13,2,7200,5.30769230769
459011,459085,459095,74,10,2,7200,8.4
459011,459079,459101,68,22,2,7200,4.09090909091
459012,459091,462146,79,3055,2,7200,1.02585924714
459012,459096,459108,84,12,2,7200,8.0
459013,459101,459114,88,13,2,7200,7.76923076923
459013,459106,462517,93,3411,2,7200,1.02726473175
459014,459117,462112,103,2995,2,7200,1.03439065109
459014,459112,459125,98,13,2,7200,8.53846153846
459014,459122,459136,108,14,2,7200,8.71428571429
459015,459133,462203,118,3070,2,7200,1.03843648208
459015,459128,459141,113,13,2,7200,9.69230769231
459016,459138,459153,122,15,2,7200,9.13333333333
459017,459155,462316,138,3161,2,7200,1.04365707055
459017,459148,459158,131,10,2,7200,14.1
459018,459166,461918,148,2752,2,7200,1.05377906977
459018,459161,459175,143,14,2,7200,11.2142857143
459019,459176,462146,157,2970,2,7200,1.05286195286
459019,459171,462422,152,3251,2,7200,1.04675484466
459020,459182,462312,162,3130,2,7200,1.0517571885
459020,459187,462147,167,2960,2,7200,1.05641891892
459021,459192,461988,171,2796,2,7200,1.06115879828
459021,459197,462157,176,2960,2,7200,1.05945945946
459024,459203,462223,179,3020,2,7200,1.05927152318
459030,459213,459225,183,12,2,7200,16.25
459030,459208,462473,178,3265,2,7200,1.05451761103
459032,459218,459231,186,13,2,7200,15.3076923077
459033,459224,459237,191,13,2,7200,15.6923076923
459037,459229,459245,192,16,2,7200,13.0
459043,459234,459247,191,13,2,7200,15.6923076923
459055,459239,459253,184,14,2,7200,14.1428571429
459065,459245,459258,180,13,2,7200,14.8461538462
459069,459250,459264,181,14,2,7200,13.9285714286
459074,459255,459268,181,13,2,7200,14.9230769231
459079,459261,459273,182,12,2,7200,16.1666666667
459096,459266,459279,170,13,2,7200,14.0769230769
459102,459271,459294,169,23,2,7200,8.34782608696
459109,459276,459289,167,13,2,7200,13.8461538462
459115,459282,459295,167,13,2,7200,13.8461538462
459125,459287,459301,162,14,2,7200,12.5714285714
459127,459292,462517,165,3225,2,7200,1.0511627907
459136,459297,459311,161,14,2,7200,12.5
459141,459303,459316,162,13,2,7200,13.4615384615
459153,459310,459326,157,16,2,7200,10.8125
459158,459316,459329,158,13,2,7200,13.1538461538
459175,459321,459336,146,15,2,7200,10.7333333333
459226,459326,459340,100,14,2,7200,8.14285714286
459232,459331,459344,99,13,2,7200,8.61538461538
459238,459337,459349,99,12,2,7200,9.25
459248,459342,459355,94,13,2,7200,8.23076923077
459248,459347,459360,99,13,2,7200,8.61538461538
459254,459353,459365,99,12,2,7200,9.25
459259,459358,459371,99,13,2,7200,8.61538461538
459265,459363,459376,98,13,2,7200,8.53846153846
459268,459368,459381,100,13,2,7200,8.69230769231
459274,459374,459387,100,13,2,7200,8.69230769231
459280,459379,459393,99,14,2,7200,8.07142857143
459290,459384,459397,94,13,2,7200,8.23076923077
459296,459389,459402,93,13,2,7200,8.15384615385
459296,459395,459407,99,12,2,7200,9.25
459301,459400,459412,99,12,2,7200,9.25
459311,459407,459420,96,13,2,7200,8.38461538462
459317,459412,459425,95,13,2,7200,8.30769230769
459327,459418,462723,91,3305,2,7200,1.02753403933
459330,459423,459436,93,13,2,7200,8.15384615385
459336,459428,459441,92,13,2,7200,8.07692307692
459340,459433,459471,93,38,2,7200,3.44736842105
459345,459439,459471,94,32,2,7200,3.9375
459350,459444,459471,94,27,2,7200,4.48148148148
459356,459451,459471,95,20,2,7200,5.75
459361,459457,462323,96,2866,2,7200,1.0334961619
459366,459463,459475,97,12,2,7200,9.08333333333
459371,459471,459481,100,10,2,7200,11.0
459377,459477,459491,100,14,2,7200,8.14285714286
459382,459482,459494,100,12,2,7200,9.33333333333
459387,459487,459500,100,13,2,7200,8.69230769231
459393,459492,459507,99,15,2,7200,7.6
459398,459498,459523,100,25,2,7200,5.0
459403,459506,459517,103,11,2,7200,10.3636363636
459407,459517,459523,110,6,2,7200,11.6
459413,459522,459534,109,12,2,7200,10.0833333333
459421,459527,459539,106,12,2,7200,9.83333333333
459426,459532,459545,106,13,2,7200,9.15384615385
459437,459538,462473,101,2935,2,7200,1.03441226576
459447,459543,459555,96,12,2,7200,9.0
459471,459548,459561,77,13,2,7200,6.92307692308
459473,459553,462378,80,2825,2,7200,1.02831858407
459474,459564,459576,90,12,2,7200,8.5
459474,459559,459572,85,13,2,7200,7.53846153846
459476,459569,459582,93,13,2,7200,8.15384615385
459482,459574,459587,92,13,2,7200,8.07692307692
459492,459580,459593,88,13,2,7200,7.76923076923
459495,459585,459598,90,13,2,7200,7.92307692308
459500,459592,459605,92,13,2,7200,8.07692307692
459507,459597,459610,90,13,2,7200,7.92307692308
459522,459602,459614,80,12,2,7200,7.66666666667
459524,459608,459620,84,12,2,7200,8.0
459525,459613,459639,88,26,2,7200,4.38461538462
459535,459618,459636,83,18,2,7200,5.61111111111
459541,459623,459636,82,13,2,7200,7.30769230769
459546,459634,459642,88,8,2,7200,9.6
459556,459640,459652,84,12,2,7200,8.0
459562,459645,459658,83,13,2,7200,7.38461538462
459573,459650,459663,77,13,2,7200,6.92307692308
459577,459655,459668,78,13,2,7200,7.0
459583,459661,459674,78,13,2,7200,7.0
459589,459668,459680,79,12,2,7200,7.58333333333
459593,459673,459686,80,13,2,7200,7.15384615385
459599,459679,459691,80,12,2,7200,7.66666666667
459606,459684,459696,78,12,2,7200,7.5
459611,459689,459702,78,13,2,7200,7.0
459616,459694,459707,78,13,2,7200,7.0
459621,459700,459711,79,11,2,7200,8.18181818182
459638,459710,459723,72,13,2,7200,6.53846153846
459638,459705,459718,67,13,2,7200,6.15384615385
459643,459715,459729,72,14,2,7200,6.14285714286
459653,459721,459733,68,12,2,7200,6.66666666667
459658,459726,459739,68,13,2,7200,6.23076923077
459664,459733,460550,69,817,2,7200,1.08445532436
459669,459738,459751,69,13,2,7200,6.30769230769
459675,459744,459756,69,12,2,7200,6.75
459682,459749,462724,67,2975,2,7200,1.0225210084
459687,459754,459766,67,12,2,7200,6.58333333333
459693,459759,459772,66,13,2,7200,6.07692307692
459697,459765,459778,68,13,2,7200,6.23076923077
459703,459770,459782,67,12,2,7200,6.58333333333
459708,459775,459788,67,13,2,7200,6.15384615385
459712,459780,459793,68,13,2,7200,6.23076923077
459719,459786,459798,67,12,2,7200,6.58333333333
459724,459791,459803,67,12,2,7200,6.58333333333
459730,459798,459810,68,12,2,7200,6.66666666667
459734,459803,459815,69,12,2,7200,6.75
459739,459808,459820,69,12,2,7200,6.75
459752,459814,459827,62,13,2,7200,5.76923076923
459757,459819,459832,62,13,2,7200,5.76923076923
459768,459824,459837,56,13,2,7200,5.30769230769
459773,459829,459842,56,13,2,7200,5.30769230769
459779,459835,459847,56,12,2,7200,5.66666666667
459784,459840,459853,56,13,2,7200,5.30769230769
459789,459845,459858,56,13,2,7200,5.30769230769
459794,459852,459865,58,13,2,7200,5.46153846154
459799,459857,459870,58,13,2,7200,5.46153846154
459804,459862,459875,58,13,2,7200,5.46153846154
459811,459868,459880,57,12,2,7200,5.75
459816,459873,459885,57,12,2,7200,5.75
459822,459878,459891,56,13,2,7200,5.30769230769
459828,459883,459896,55,13,2,7200,5.23076923077
459833,459889,459901,56,12,2,7200,5.66666666667
459838,459894,459906,56,12,2,7200,5.66666666667
459843,459899,459911,56,12,2,7200,5.66666666667
459849,459906,459919,57,13,2,7200,5.38461538462
459855,459911,461189,56,1278,2,7200,1.04381846635
459859,459916,459929,57,13,2,7200,5.38461538462
459866,459922,459934,56,12,2,7200,5.66666666667
459871,459927,462729,56,2802,2,7200,1.01998572448
459876,459932,459945,56,13,2,7200,5.30769230769
459880,459938,459950,58,12,2,7200,5.83333333333
459886,459943,459957,57,14,2,7200,5.07142857143
459892,459948,459961,56,13,2,7200,5.30769230769
459897,459953,459966,56,13,2,7200,5.30769230769
459903,459960,459972,57,12,2,7200,5.75
459908,459965,459977,57,12,2,7200,5.75
459912,459970,459983,58,13,2,7200,5.46153846154
459913,471210,488184,11297,16974,32,21600,1.66554730765
459920,459975,459988,55,13,2,7200,5.23076923077
459930,459981,459993,51,12,2,7200,5.25
459935,459986,459998,51,12,2,7200,5.25
459946,459991,462771,45,2780,2,7200,1.01618705036
459951,459997,463073,46,3076,2,7200,1.01495448635
459957,460004,460016,47,12,2,7200,4.91666666667
459961,460009,460022,48,13,2,7200,4.69230769231
459967,460014,462724,47,2710,2,7200,1.01734317343
459974,460020,460032,46,12,2,7200,4.83333333333
459978,460025,460038,47,13,2,7200,4.61538461538
459984,460030,462876,46,2846,2,7200,1.01616303584
459989,460035,460066,46,31,2,7200,2.48387096774
459995,460041,460066,46,25,2,7200,2.84
460000,460053,460067,53,14,2,7200,4.78571428571
460018,460061,460081,43,20,2,7200,3.15
460023,460068,460081,45,13,2,7200,4.46153846154
460034,460073,460086,39,13,2,7200,4.0
460039,460082,460094,43,12,2,7200,4.58333333333
460064,460088,462059,24,1971,2,7200,1.01217656012
460067,460094,460111,27,17,2,7200,2.58823529412
460067,460099,460114,32,15,2,7200,3.13333333333
460086,460105,460118,19,13,2,7200,2.46153846154
460087,460113,460124,26,11,2,7200,3.36363636364
460095,460118,460131,23,13,2,7200,2.76923076923
460114,460125,460138,11,13,2,7200,1.84615384615
460116,460130,460142,14,12,2,7200,2.16666666667
460118,460136,460148,18,12,2,7200,2.5
460125,460142,460154,17,12,2,7200,2.41666666667
460133,460147,460160,14,13,2,7200,2.07692307692
460136,509440,585741,49304,76301,6,108000,1.64617763856
460139,460154,460166,15,12,2,7200,2.25
460143,460159,460171,16,12,2,7200,2.33333333333
460149,460166,460178,17,12,2,7200,2.41666666667
460155,460172,460185,17,13,2,7200,2.30769230769
460161,460178,463090,17,2912,2,7200,1.00583791209
460172,460184,460197,12,13,2,7200,1.92307692308
460179,460190,460204,11,14,2,7200,1.78571428571
460187,460197,460210,10,13,2,7200,1.76923076923
460199,460205,460218,6,13,2,7200,1.46153846154
460205,460211,460224,6,13,2,7200,1.46153846154
460211,460219,460231,8,12,2,7200,1.66666666667
460219,460225,460237,6,12,2,7200,1.5
460224,460231,460244,7,13,2,7200,1.53846153846
460232,460244,460256,12,12,2,7200,2.0
460232,460238,460277,6,39,1,7200,1.15384615385
460238,460250,460263,12,13,2,7200,1.92307692308
460245,460256,460268,11,12,2,7200,1.91666666667
460257,460263,463524,6,3261,2,7200,1.0018399264
460264,460270,460283,6,13,2,7200,1.46153846154
460269,460277,463180,8,2903,2,7200,1.00275576989
460284,460290,460303,6,13,2,7200,1.46153846154
460295,460301,460498,6,197,1,7200,1.03045685279
460304,460310,460323,6,13,2,7200,1.46153846154
460324,460331,460344,7,13,2,7200,1.53846153846
460345,460351,460363,6,12,2,7200,1.5
460364,460371,463677,7,3306,2,7200,1.00211736237
460551,460557,460570,6,13,2,7200,1.46153846154
460571,460577,460591,6,14,2,7200,1.42857142857
460592,460598,460611,6,13,2,7200,1.46153846154
460612,460618,460631,6,13,2,7200,1.46153846154
460632,460638,460667,6,29,2,7200,1.20689655172
460666,460673,460685,7,12,2,7200,1.58333333333
460687,460693,463625,6,2932,2,7200,1.00204638472
461190,461196,461209,6,13,2,7200,1.46153846154
461210,461217,461230,7,13,2,7200,1.53846153846
461231,461237,461274,6,37,2,7200,1.16216216216
461784,461791,464894,7,3103,2,7200,1.00225588141
461919,461924,461937,5,13,2,7200,1.38461538462
461938,461944,461957,6,13,2,7200,1.46153846154
461958,461965,461976,7,11,2,7200,1.63636363636
461977,461984,461997,7,13,2,7200,1.53846153846
461989,461996,462008,7,12,2,7200,1.58333333333
461999,462005,462018,6,13,2,7200,1.46153846154
462009,462016,462028,7,12,2,7200,1.58333333333
462018,462026,465108,8,3082,2,7200,1.00259571707
462031,462037,462050,6,13,2,7200,1.46153846154
462051,462057,462070,6,13,2,7200,1.46153846154
462060,462067,462080,7,13,2,7200,1.53846153846
462071,462077,462090,6,13,2,7200,1.46153846154
462081,462087,462100,6,13,2,7200,1.46153846154
462091,462098,462110,7,12,2,7200,1.58333333333
462101,462109,462121,8,12,2,7200,1.66666666667
462111,462117,462131,6,14,2,7200,1.42857142857
462112,462124,465301,12,3177,2,7200,1.00377714825
462123,462130,462143,7,13,2,7200,1.53846153846
462132,462139,462152,7,13,2,7200,1.53846153846
462145,462151,462164,6,13,2,7200,1.46153846154
462148,462158,462170,10,12,2,7200,1.83333333333
462148,462163,462176,15,13,2,7200,2.15384615385
462150,462168,465428,18,3260,2,7200,1.00552147239
462153,462175,462187,22,12,2,7200,2.83333333333
462158,462180,462192,22,12,2,7200,2.83333333333
462166,462185,462198,19,13,2,7200,2.46153846154
462172,462192,462204,20,12,2,7200,2.66666666667
462177,462197,462210,20,13,2,7200,2.53846153846
462193,462203,462215,10,12,2,7200,1.83333333333
462194,462209,462221,15,12,2,7200,2.25
462200,462215,462227,15,12,2,7200,2.25
462204,462221,465238,17,3017,2,7200,1.00563473649
462206,462226,462238,20,12,2,7200,2.66666666667
462210,462233,462245,23,12,2,7200,2.91666666667
462216,462238,462250,22,12,2,7200,2.83333333333
462222,462243,462255,21,12,2,7200,2.75
462224,462249,462261,25,12,2,7200,3.08333333333
462229,462256,462268,27,12,2,7200,3.25
462239,462261,462273,22,12,2,7200,2.83333333333
462246,462266,462279,20,13,2,7200,2.53846153846
462251,462274,462286,23,12,2,7200,2.91666666667
462256,462279,462291,23,12,2,7200,2.91666666667
462262,462284,462297,22,13,2,7200,2.69230769231
462270,462291,462303,21,12,2,7200,2.75
462274,462296,462308,22,12,2,7200,2.83333333333
462280,462301,462314,21,13,2,7200,2.61538461538
462287,462308,462320,21,12,2,7200,2.75
462292,462313,462325,21,12,2,7200,2.75
462298,462318,462330,20,12,2,7200,2.66666666667
462304,462325,462337,21,12,2,7200,2.75
462306,462330,465584,24,3254,2,7200,1.0073755378
462309,462335,462348,26,13,2,7200,3.0
462313,462341,465609,28,3268,2,7200,1.00856793146
462315,462346,462358,31,12,2,7200,3.58333333333
462317,462351,465577,34,3226,2,7200,1.01053936764
462321,462358,462370,37,12,2,7200,4.08333333333
462326,462363,462376,37,13,2,7200,3.84615384615
462327,462369,462381,42,12,2,7200,4.5
462331,462374,462386,43,12,2,7200,4.58333333333
462338,462379,462391,41,12,2,7200,4.41666666667
462349,462385,462396,36,11,2,7200,4.27272727273
462359,462392,462404,33,12,2,7200,3.75
462371,462397,462409,26,12,2,7200,3.16666666667
462378,462402,462415,24,13,2,7200,2.84615384615
462379,462408,462420,29,12,2,7200,3.41666666667
462384,462413,462425,29,12,2,7200,3.41666666667
462387,462420,462437,33,17,2,7200,2.94117647059
462393,462425,462473,32,48,2,7200,1.66666666667
462397,462430,462514,33,84,2,7200,1.39285714286
462405,462436,462514,31,78,2,7200,1.39743589744
462410,462441,462516,31,75,2,7200,1.41333333333
462416,462452,462518,36,66,2,7200,1.54545454545
462423,462464,462522,41,58,2,7200,1.70689655172
462424,462477,465620,53,3143,2,7200,1.01686286987
462426,462483,462523,57,40,2,7200,2.425
462519,462526,462538,7,12,2,7200,1.58333333333
462519,462531,462544,12,13,2,7200,1.92307692308
462520,462538,462550,18,12,2,7200,2.5
462521,462548,462599,27,51,2,7200,1.52941176471
462521,462543,462566,22,23,2,7200,1.95652173913
462522,462554,462702,32,148,2,7200,1.21621621622
462522,462559,465693,37,3134,2,7200,1.01180599872
462525,462571,462721,46,150,2,7200,1.30666666667
462525,462566,462721,41,155,2,7200,1.26451612903
462526,462576,462721,50,145,2,7200,1.34482758621
462527,462582,466039,55,3457,2,7200,1.01590974834
462527,462587,462722,60,135,2,7200,1.44444444444
462541,462594,462722,53,128,2,7200,1.4140625
462545,462599,462724,54,125,2,7200,1.432
462557,462604,462723,47,119,2,7200,1.39495798319
462661,475088,475092,12427,4,16,43800,1243.1
462709,475115,475117,12406,2,16,43800,1240.8
462716,462722,462737,6,15,2,7200,1.4
462727,462734,462757,7,23,2,7200,1.30434782609
462728,462739,462756,11,17,2,7200,1.64705882353
462728,462756,462760,28,4,2,7200,3.2
462729,462767,462779,38,12,2,7200,4.16666666667
462729,462761,462774,32,13,2,7200,3.46153846154
462730,462777,462789,47,12,2,7200,4.91666666667
462730,462772,462785,42,13,2,7200,4.23076923077
462731,462788,462801,57,13,2,7200,5.38461538462
462731,462783,462795,52,12,2,7200,5.33333333333
462732,462798,462811,66,13,2,7200,6.07692307692
462732,462793,462805,61,12,2,7200,6.08333333333
462736,462804,462816,68,12,2,7200,6.66666666667
462737,462809,462822,72,13,2,7200,6.53846153846
462739,462815,462827,76,12,2,7200,7.33333333333
462757,462823,462857,66,34,2,7200,2.94117647059
462759,462828,462917,69,89,2,7200,1.77528089888
462760,462833,462982,73,149,2,7200,1.48993288591
462772,462839,462960,67,121,2,7200,1.55371900826
462776,462844,463073,68,229,2,7200,1.29694323144
462781,462849,463031,68,182,2,7200,1.37362637363
462786,462855,463085,69,230,2,7200,1.3
462790,462860,463073,70,213,2,7200,1.32863849765
462795,462866,463072,71,206,2,7200,1.34466019417
462802,462871,463086,69,215,2,7200,1.32093023256
462806,462876,463074,70,198,2,7200,1.35353535354
462813,462882,463082,69,200,2,7200,1.345
462818,462889,463074,71,185,2,7200,1.38378378378
462823,462894,463083,71,189,2,7200,1.37566137566
462828,462900,463083,72,183,2,7200,1.39344262295
462974,463043,474678,69,11635,8,14400,1.00593038247
463137,463144,463202,7,58,2,7200,1.12068965517
463139,463150,463212,11,62,2,7200,1.17741935484
463140,463156,463214,16,58,2,7200,1.27586206897
463145,463163,463215,18,52,2,7200,1.34615384615
463147,463169,463216,22,47,2,7200,1.46808510638
463154,463174,463214,20,40,2,7200,1.5
463194,463201,463215,7,14,2,7200,1.5
463200,463208,463221,8,13,2,7200,1.61538461538
463203,463215,463227,12,12,2,7200,2.0
463204,463220,463232,16,12,2,7200,2.33333333333
463205,463225,463238,20,13,2,7200,2.53846153846
463206,463231,463243,25,12,2,7200,3.08333333333
463206,463236,463249,30,13,2,7200,3.30769230769
463207,463241,463254,34,13,2,7200,3.61538461538
463208,463252,463264,44,12,2,7200,4.66666666667
463208,463247,463259,39,12,2,7200,4.25
463209,463260,463297,51,37,2,7200,2.37837837838
463209,463265,463388,56,123,2,7200,1.45528455285
463216,463270,463422,54,152,2,7200,1.35526315789
463217,463276,463429,59,153,2,7200,1.38562091503
463220,463281,463462,61,181,2,7200,1.33701657459
463220,463287,463476,67,189,2,7200,1.3544973545
463221,463292,463498,71,206,2,7200,1.34466019417
463222,463303,463518,81,215,2,7200,1.37674418605
463222,463297,463511,75,214,2,7200,1.35046728972
463224,463308,463523,84,215,2,7200,1.39069767442
463226,463313,463528,87,215,2,7200,1.40465116279
463228,463319,463535,91,216,2,7200,1.4212962963
463234,463324,463539,90,215,2,7200,1.41860465116
463239,463329,463550,90,221,2,7200,1.407239819
463245,463335,463554,90,219,2,7200,1.41095890411
463249,463340,463561,91,221,2,7200,1.41176470588
463255,463347,463563,92,216,2,7200,1.42592592593
463260,463353,463563,93,210,2,7200,1.44285714286
463269,463358,463557,89,199,2,7200,1.4472361809
463602,463608,463621,6,13,2,7200,1.46153846154
463606,463615,463628,9,13,2,7200,1.69230769231
463607,463625,463638,18,13,2,7200,2.38461538462
463607,463620,463632,13,12,2,7200,2.08333333333
463608,463631,463654,23,23,2,7200,2.0
463609,463638,463662,29,24,2,7200,2.20833333333
463610,463643,463673,33,30,2,7200,2.1
463612,463649,463676,37,27,2,7200,2.37037037037
463613,463670,463679,57,9,2,7200,6.6
463613,463656,463681,43,25,2,7200,2.72
463614,463676,463688,62,12,2,7200,6.16666666667
463614,463681,463693,67,12,2,7200,6.58333333333
463618,463686,463700,68,14,2,7200,5.85714285714
463619,463697,463712,78,15,2,7200,6.2
463619,463692,463710,73,18,2,7200,5.05555555556
463620,463702,463717,82,15,2,7200,6.46666666667
463621,463714,463726,93,12,2,7200,8.75
463621,463708,463720,87,12,2,7200,8.25
463622,463724,463736,102,12,2,7200,9.5
463622,463719,463731,97,12,2,7200,9.08333333333
463625,463730,463742,105,12,2,7200,9.75
463627,463735,463748,108,13,2,7200,9.30769230769
463629,463740,463753,111,13,2,7200,9.53846153846
463634,463754,463766,120,12,2,7200,11.0
463639,463759,463771,120,12,2,7200,11.0
463654,463765,463777,111,12,2,7200,10.25
463666,463770,463783,104,13,2,7200,9.0
463676,463775,463787,99,12,2,7200,9.25
463680,463780,463793,100,13,2,7200,8.69230769231
463680,463786,463797,106,11,2,7200,10.6363636364
463681,463791,463803,110,12,2,7200,10.1666666667
463682,463796,463807,114,11,2,7200,11.3636363636
463689,463802,463814,113,12,2,7200,10.4166666667
463694,463807,463819,113,12,2,7200,10.4166666667
463701,463812,463824,111,12,2,7200,10.25
463706,463818,463829,112,11,2,7200,11.1818181818
463712,463823,463835,111,12,2,7200,10.25
463717,463829,463843,112,14,2,7200,9.0
463722,463835,463847,113,12,2,7200,10.4166666667
463728,463840,463852,112,12,2,7200,10.3333333333
463733,463845,463857,112,12,2,7200,10.3333333333
463737,463851,463863,114,12,2,7200,10.5
463745,463856,463868,111,12,2,7200,10.25
463749,463870,463883,121,13,2,7200,10.3076923077
463755,463875,463888,120,13,2,7200,10.2307692308
463767,463881,463893,114,12,2,7200,10.5
463772,463886,463898,114,12,2,7200,10.5
463778,463891,463903,113,12,2,7200,10.4166666667
463783,463897,463909,114,12,2,7200,10.5
463788,463902,463914,114,12,2,7200,10.5
463794,463907,463920,113,13,2,7200,9.69230769231
463798,463913,463924,115,11,2,7200,11.4545454545
463804,463918,463930,114,12,2,7200,10.5
463808,463923,463984,115,61,2,7200,2.88524590164
463815,463928,464042,113,114,2,7200,1.99122807018
463820,463934,464112,114,178,2,7200,1.6404494382
463827,463939,464112,112,173,2,7200,1.64739884393
463831,463944,464113,113,169,2,7200,1.66863905325
463836,463950,464113,114,163,2,7200,1.69938650307
463844,463955,464113,111,158,2,7200,1.70253164557
463848,463960,464113,112,153,2,7200,1.73202614379
463854,463966,464113,112,147,2,7200,1.7619047619
463859,463971,464113,112,142,2,7200,1.78873239437
463864,463978,464117,114,139,2,7200,1.82014388489
463869,463984,464115,115,131,2,7200,1.87786259542
463885,463989,464115,104,126,2,7200,1.8253968254
463890,463994,464117,104,123,2,7200,1.84552845528
463894,464000,464119,106,119,2,7200,1.89075630252
463899,464005,464119,106,114,2,7200,1.9298245614
463905,464010,464119,105,109,2,7200,1.96330275229
463910,464016,464120,106,104,2,7200,2.01923076923
463915,464021,464119,106,98,2,7200,2.08163265306
463921,464026,464120,105,94,2,7200,2.1170212766
463926,464032,464120,106,88,2,7200,2.20454545455
463931,464037,464120,106,83,2,7200,2.27710843373
464051,465212,537243,1161,72031,2,72000,1.01611806028
464121,464128,464139,7,11,2,7200,1.63636363636
464121,464133,464145,12,12,2,7200,2.0
464122,464140,464152,18,12,2,7200,2.5
464127,464145,464157,18,12,2,7200,2.5
464128,464151,464161,23,10,2,7200,3.3
464128,464156,464168,28,12,2,7200,3.33333333333
464129,464161,464173,32,12,2,7200,3.66666666667
464129,464167,464179,38,12,2,7200,4.16666666667
464130,464172,464184,42,12,2,7200,4.5
464130,464177,464189,47,12,2,7200,4.91666666667
464131,464183,464195,52,12,2,7200,5.33333333333
464131,464188,464200,57,12,2,7200,5.75
464132,464193,464205,61,12,2,7200,6.08333333333
464132,464199,464211,67,12,2,7200,6.58333333333
464133,464204,464217,71,13,2,7200,6.46153846154
464133,464209,464222,76,13,2,7200,6.84615384615
464134,464215,464227,81,12,2,7200,7.75
464134,464222,464236,88,14,2,7200,7.28571428571
464135,464228,464246,93,18,2,7200,6.16666666667
464135,464233,464258,98,25,2,7200,4.92
464136,464238,464281,102,43,2,7200,3.37209302326
464136,464244,464281,108,37,2,7200,3.91891891892
464141,464253,464283,112,30,2,7200,4.73333333333
464146,464260,464283,114,23,2,7200,5.95652173913
464153,464265,464283,112,18,2,7200,7.22222222222
464159,464271,464283,112,12,2,7200,10.3333333333
464163,464281,464289,118,8,2,7200,12.6
464170,464288,464301,118,13,2,7200,10.0769230769
464176,464293,464307,117,14,2,7200,9.35714285714
464181,464299,464311,118,12,2,7200,10.8333333333
464186,464304,464320,118,16,2,7200,8.375
464192,464310,464322,118,12,2,7200,10.8333333333
464197,464315,464328,118,13,2,7200,10.0769230769
464202,464321,464333,119,12,2,7200,10.9166666667
464207,464326,464338,119,12,2,7200,10.9166666667
464212,464331,464344,119,13,2,7200,10.1538461538
464218,464340,464352,122,12,2,7200,11.1666666667
464222,464345,464357,123,12,2,7200,11.25
464231,464350,464362,119,12,2,7200,10.9166666667
464238,464356,464368,118,12,2,7200,10.8333333333
464246,464361,464373,115,12,2,7200,10.5833333333
464260,464366,464378,106,12,2,7200,9.83333333333
464283,464372,464384,89,12,2,7200,8.41666666667
464284,464377,464390,93,13,2,7200,8.15384615385
464286,464382,464394,96,12,2,7200,9.0
464287,464393,464405,106,12,2,7200,9.83333333333
464287,464388,464400,101,12,2,7200,9.41666666667
464291,464398,464410,107,12,2,7200,9.91666666667
464303,464404,464416,101,12,2,7200,9.41666666667
464309,464409,464421,100,12,2,7200,9.33333333333
464312,464414,464427,102,13,2,7200,8.84615384615
464320,464420,464431,100,11,2,7200,10.0909090909
464324,464425,464437,101,12,2,7200,9.41666666667
464329,464430,464443,101,13,2,7200,8.76923076923
464335,464439,464452,104,13,2,7200,9.0
464339,464445,464459,106,14,2,7200,8.57142857143
464346,464450,464464,104,14,2,7200,8.42857142857
464353,464455,464467,102,12,2,7200,9.5
464359,464461,464473,102,12,2,7200,9.5
464364,464466,464478,102,12,2,7200,9.5
464369,464471,464484,102,13,2,7200,8.84615384615
464374,464477,464489,103,12,2,7200,9.58333333333
464380,464482,464495,102,13,2,7200,8.84615384615
464386,464487,464500,101,13,2,7200,8.76923076923
464391,464493,464505,102,12,2,7200,9.5
464397,464498,464511,101,13,2,7200,8.76923076923
464401,464504,464516,103,12,2,7200,9.58333333333
464407,464509,464521,102,12,2,7200,9.5
464413,464514,464527,101,13,2,7200,8.76923076923
464418,464520,464531,102,11,2,7200,10.2727272727
464423,464525,464537,102,12,2,7200,9.5
464429,464530,464543,101,13,2,7200,8.76923076923
464432,464539,464551,107,12,2,7200,9.91666666667
464438,464544,464556,106,12,2,7200,9.83333333333
464444,464550,464562,106,12,2,7200,9.83333333333
464455,464555,464567,100,12,2,7200,9.33333333333
464460,464560,464572,100,12,2,7200,9.33333333333
464466,464566,464584,100,18,2,7200,6.55555555556
464469,464571,464584,102,13,2,7200,8.84615384615
464474,464576,464589,102,13,2,7200,8.84615384615
464480,464582,464594,102,12,2,7200,9.5
464485,464587,464599,102,12,2,7200,9.5
464490,464593,464605,103,12,2,7200,9.58333333333
464496,464598,464610,102,12,2,7200,9.5
464501,464603,464615,102,12,2,7200,9.5
464507,464609,464621,102,12,2,7200,9.5
464513,464614,464626,101,12,2,7200,9.41666666667
464517,464619,464632,102,13,2,7200,8.84615384615
464522,464625,464637,103,12,2,7200,9.58333333333
464530,464630,464642,100,12,2,7200,9.33333333333
464534,464655,464667,121,12,2,7200,11.0833333333
464539,464660,464672,121,12,2,7200,11.0833333333
464544,464666,464678,122,12,2,7200,11.1666666667
464553,464671,464683,118,12,2,7200,10.8333333333
464559,464677,464688,118,11,2,7200,11.7272727273
464564,464682,464694,118,12,2,7200,10.8333333333
464569,464687,464699,118,12,2,7200,10.8333333333
464574,464692,464705,118,13,2,7200,10.0769230769
464582,464698,464710,116,12,2,7200,10.6666666667
464586,464703,464716,117,13,2,7200,10.0
464590,464709,464721,119,12,2,7200,10.9166666667
464596,464714,464727,118,13,2,7200,10.0769230769
464600,464719,464733,119,14,2,7200,9.5
464607,464725,464737,118,12,2,7200,10.8333333333
464611,464730,464742,119,12,2,7200,10.9166666667
464617,464735,464748,118,13,2,7200,10.0769230769
464623,464741,464753,118,12,2,7200,10.8333333333
464628,464746,464758,118,12,2,7200,10.8333333333
464634,464752,464764,118,12,2,7200,10.8333333333
464638,464757,464769,119,12,2,7200,10.9166666667
464644,464762,464775,118,13,2,7200,10.0769230769
464669,464781,464793,112,12,2,7200,10.3333333333
464675,464786,464799,111,13,2,7200,9.53846153846
464680,464792,464804,112,12,2,7200,10.3333333333
464686,464797,464809,111,12,2,7200,10.25
464691,464802,464814,111,12,2,7200,10.25
464696,464808,464820,112,12,2,7200,10.3333333333
464701,464813,464826,112,13,2,7200,9.61538461538
464707,464818,464831,111,13,2,7200,9.53846153846
464712,464824,464838,112,14,2,7200,9.0
464717,464829,464852,112,23,2,7200,5.86956521739
464724,464835,464869,111,34,2,7200,4.26470588235
464730,464840,464875,110,35,2,7200,4.14285714286
464735,464846,464875,111,29,2,7200,4.8275862069
464739,464854,464875,115,21,2,7200,6.47619047619
464743,464860,464875,117,15,2,7200,8.8
464749,464868,464881,119,13,2,7200,10.1538461538
464754,464875,464887,121,12,2,7200,11.0833333333
464760,464881,464892,121,11,2,7200,12.0
464765,464886,464899,121,13,2,7200,10.3076923077
464769,464891,464906,122,15,2,7200,9.13333333333
464776,464905,464917,129,12,2,7200,11.75
464795,464911,464924,116,13,2,7200,9.92307692308
464801,464916,464928,115,12,2,7200,10.5833333333
464806,464921,464933,115,12,2,7200,10.5833333333
464811,464927,464939,116,12,2,7200,10.6666666667
464816,464932,464944,116,12,2,7200,10.6666666667
464822,464938,464950,116,12,2,7200,10.6666666667
464828,464943,464955,115,12,2,7200,10.5833333333
464835,464948,464960,113,12,2,7200,10.4166666667
464840,464954,464965,114,11,2,7200,11.3636363636
464850,464959,464971,109,12,2,7200,10.0833333333
464871,464964,464979,93,15,2,7200,7.2
464877,464970,464982,93,12,2,7200,8.75
464878,464975,464987,97,12,2,7200,9.08333333333
464878,464981,464993,103,12,2,7200,9.58333333333
464879,464986,464998,107,12,2,7200,9.91666666667
464881,464991,465003,110,12,2,7200,10.1666666667
464888,464997,465009,109,12,2,7200,10.0833333333
464899,465005,465017,106,12,2,7200,9.83333333333
464900,465010,465023,110,13,2,7200,9.46153846154
464901,465016,465028,115,12,2,7200,10.5833333333
464906,465021,465033,115,12,2,7200,10.5833333333
464920,465027,465040,107,13,2,7200,9.23076923077
464926,465032,465044,106,12,2,7200,9.83333333333
464931,465037,465049,106,12,2,7200,9.83333333333
464935,465043,465055,108,12,2,7200,10.0
464941,465048,465060,107,12,2,7200,9.91666666667
464946,465053,465065,107,12,2,7200,9.91666666667
464951,465059,465071,108,12,2,7200,10.0
464958,465064,465076,106,12,2,7200,9.83333333333
464962,465069,465081,107,12,2,7200,9.91666666667
464968,465075,465087,107,12,2,7200,9.91666666667
464973,465080,465092,107,12,2,7200,9.91666666667
464980,465085,465098,105,13,2,7200,9.07692307692
464984,465091,465104,107,13,2,7200,9.23076923077
464989,465096,465109,107,13,2,7200,9.23076923077
464994,465101,465114,107,13,2,7200,9.23076923077
465000,465110,465127,110,17,2,7200,7.47058823529
465004,465116,465131,112,15,2,7200,8.46666666667
465010,465121,465136,111,15,2,7200,8.4
465019,465126,465142,107,16,2,7200,7.6875
465025,465132,465147,107,15,2,7200,8.13333333333
465028,465137,465152,109,15,2,7200,8.26666666667
465034,465142,465158,108,16,2,7200,7.75
465041,465148,465163,107,15,2,7200,8.13333333333
465046,465153,465168,107,15,2,7200,8.13333333333
465052,465159,465174,107,15,2,7200,8.13333333333
465057,465164,465179,107,15,2,7200,8.13333333333
465063,465169,465184,106,15,2,7200,8.06666666667
465067,465175,465190,108,15,2,7200,8.2
465073,465180,465195,107,15,2,7200,8.13333333333
465079,465185,465200,106,15,2,7200,8.06666666667
465083,465191,465206,108,15,2,7200,8.2
465089,465196,465208,107,12,2,7200,9.91666666667
465094,465201,465214,107,13,2,7200,9.23076923077
465099,465207,465219,108,12,2,7200,10.0
465105,465220,465232,115,12,2,7200,10.5833333333
465110,465226,465238,116,12,2,7200,10.6666666667
465112,465231,465243,119,12,2,7200,10.9166666667
465115,465236,465248,121,12,2,7200,11.0833333333
465128,465241,465254,113,13,2,7200,9.69230769231
465132,465247,465258,115,11,2,7200,11.4545454545
465137,465252,465264,115,12,2,7200,10.5833333333
465144,465258,465269,114,11,2,7200,11.3636363636
465150,465263,465275,113,12,2,7200,10.4166666667
465152,465268,465280,116,12,2,7200,10.6666666667
465158,465274,465286,116,12,2,7200,10.6666666667
465165,465279,465291,114,12,2,7200,10.5
465171,465284,465296,113,12,2,7200,10.4166666667
465175,465290,465302,115,12,2,7200,10.5833333333
465181,465295,465307,114,12,2,7200,10.5
465185,465300,465312,115,12,2,7200,10.5833333333
465192,465306,465318,114,12,2,7200,10.5
465197,465311,465324,114,13,2,7200,9.76923076923
465202,465316,465329,114,13,2,7200,9.76923076923
465207,465322,465334,115,12,2,7200,10.5833333333
465210,465327,465340,117,13,2,7200,10.0
465215,465335,465348,120,13,2,7200,10.2307692308
465221,465340,465352,119,12,2,7200,10.9166666667
465234,465346,465358,112,12,2,7200,10.3333333333
465240,465351,465364,111,13,2,7200,9.53846153846
465241,465357,465369,116,12,2,7200,10.6666666667
465246,465362,465374,116,12,2,7200,10.6666666667
465250,465367,465379,117,12,2,7200,10.75
465255,465373,465385,118,12,2,7200,10.8333333333
465260,465378,465390,118,12,2,7200,10.8333333333
465266,465383,465395,117,12,2,7200,10.75
465272,465389,465401,117,12,2,7200,10.75
465278,465394,465406,116,12,2,7200,10.6666666667
465283,465399,465411,116,12,2,7200,10.6666666667
465287,465405,465417,118,12,2,7200,10.8333333333
465294,465410,465422,116,12,2,7200,10.6666666667
465299,465415,465427,116,12,2,7200,10.6666666667
465303,465421,465434,118,13,2,7200,10.0769230769
465305,465426,465439,121,13,2,7200,10.3076923077
465309,465431,465449,122,18,2,7200,7.77777777778
465314,465437,465468,123,31,2,7200,4.96774193548
465321,465443,465468,122,25,2,7200,5.88
465326,465449,465468,123,19,2,7200,7.47368421053
465331,465461,465472,130,11,2,7200,12.8181818182
465335,465469,465481,134,12,2,7200,12.1666666667
465341,465475,465487,134,12,2,7200,12.1666666667
465349,465480,465492,131,12,2,7200,11.9166666667
465354,465485,465497,131,12,2,7200,11.9166666667
465360,465491,465504,131,13,2,7200,11.0769230769
465366,465496,465510,130,14,2,7200,10.2857142857
465371,465501,465513,130,12,2,7200,11.8333333333
465377,465507,465519,130,12,2,7200,11.8333333333
465382,465513,465525,131,12,2,7200,11.9166666667
465386,465519,465531,133,12,2,7200,12.0833333333
465392,465524,465536,132,12,2,7200,12.0
465397,465529,465541,132,12,2,7200,12.0
465403,465535,465546,132,11,2,7200,13.0
465409,465540,465552,131,12,2,7200,11.9166666667
465413,465545,465557,132,12,2,7200,12.0
465417,465551,465562,134,11,2,7200,13.1818181818
465425,465556,465568,131,12,2,7200,11.9166666667
465431,465561,465573,130,12,2,7200,11.8333333333
465432,465567,465580,135,13,2,7200,11.3846153846
465435,465572,465585,137,13,2,7200,11.5384615385
465441,465578,465590,137,12,2,7200,12.4166666667
465468,465586,465598,118,12,2,7200,10.8333333333
465472,465591,465603,119,12,2,7200,10.9166666667
465472,465597,465609,125,12,2,7200,11.4166666667
465476,465602,465614,126,12,2,7200,11.5
465478,465608,465620,130,12,2,7200,11.8333333333
465483,465613,465628,130,15,2,7200,9.66666666667
465489,465618,465630,129,12,2,7200,11.75
465494,465627,465635,133,8,2,7200,14.1
465499,465632,465645,133,13,2,7200,11.2307692308
465510,465638,465650,128,12,2,7200,11.6666666667
465512,465643,465655,131,12,2,7200,11.9166666667
465515,465649,465661,134,12,2,7200,12.1666666667
465521,465654,465666,133,12,2,7200,12.0833333333
465527,465659,465672,132,13,2,7200,11.1538461538
465532,465665,465677,133,12,2,7200,12.0833333333
465538,465670,465682,132,12,2,7200,12.0
465543,465675,465688,132,13,2,7200,11.1538461538
465549,465681,465693,132,12,2,7200,12.0
465554,465686,465699,132,13,2,7200,11.1538461538
465560,465692,465705,132,13,2,7200,11.1538461538
465564,465697,465709,133,12,2,7200,12.0833333333
465572,465702,465715,130,13,2,7200,11.0
465574,465708,465720,134,12,2,7200,12.1666666667
465577,465713,465726,136,13,2,7200,11.4615384615
465584,465722,465734,138,12,2,7200,12.5
465587,465727,465739,140,12,2,7200,12.6666666667
465588,465732,465744,144,12,2,7200,13.0
465592,465738,465750,146,12,2,7200,13.1666666667
465601,465743,465755,142,12,2,7200,12.8333333333
465606,465748,465760,142,12,2,7200,12.8333333333
465611,465754,465767,143,13,2,7200,12.0
465614,465759,465772,145,13,2,7200,12.1538461538
465617,465765,465777,148,12,2,7200,13.3333333333
465621,465770,465782,149,12,2,7200,13.4166666667
465631,465775,465787,144,12,2,7200,13.0
465632,465781,465793,149,12,2,7200,13.4166666667
465637,465786,465798,149,12,2,7200,13.4166666667
465647,465791,465804,144,13,2,7200,12.0769230769
465652,465797,465809,145,12,2,7200,13.0833333333
465657,465802,465815,145,13,2,7200,12.1538461538
465663,465807,465820,144,13,2,7200,12.0769230769
465667,465813,465825,146,12,2,7200,13.1666666667
465673,465818,465830,145,12,2,7200,13.0833333333
465679,465823,465836,144,13,2,7200,12.0769230769
465684,465829,465844,145,15,2,7200,10.6666666667
465689,465834,465847,145,13,2,7200,12.1538461538
465695,465839,465853,144,14,2,7200,11.2857142857
465699,465845,465857,146,12,2,7200,13.1666666667
465702,465850,465863,148,13,2,7200,12.3846153846
465706,465856,465868,150,12,2,7200,13.5
465711,465861,465874,150,13,2,7200,12.5384615385
465718,465869,465882,151,13,2,7200,12.6153846154
465722,465875,465887,153,12,2,7200,13.75
465727,465880,465894,153,14,2,7200,11.9285714286
465735,465886,465898,151,12,2,7200,13.5833333333
465754,465891,465904,137,13,2,7200,11.5384615385
465754,465896,465909,142,13,2,7200,11.9230769231
465755,465902,465914,147,12,2,7200,13.25
465758,465907,465919,149,12,2,7200,13.4166666667
465763,465912,465925,149,13,2,7200,12.4615384615
465768,465918,465930,150,12,2,7200,13.5
465774,465923,465935,149,12,2,7200,13.4166666667
465779,465928,465941,149,13,2,7200,12.4615384615
465783,465934,465946,151,12,2,7200,13.5833333333
465789,465939,465951,150,12,2,7200,13.5
465796,465944,465957,148,13,2,7200,12.3846153846
465800,465950,465962,150,12,2,7200,13.5
465806,465955,465968,149,13,2,7200,12.4615384615
465810,465960,465971,150,11,2,7200,14.6363636364
465815,466014,466015,199,1,1,300,20.0
465817,465966,465978,149,12,2,7200,13.4166666667
465822,465971,465983,149,12,2,7200,13.4166666667
465827,465977,465989,150,12,2,7200,13.5
465835,465982,465995,147,13,2,7200,12.3076923077
465838,465987,466000,149,13,2,7200,12.4615384615
465845,465993,466005,148,12,2,7200,13.3333333333
465848,465998,466011,150,13,2,7200,12.5384615385
465855,466003,466016,148,13,2,7200,12.3846153846
465860,466009,466022,149,13,2,7200,12.4615384615
465865,466028,466041,163,13,2,7200,13.5384615385
465868,466034,466066,166,32,2,7200,6.1875
465875,466039,466068,164,29,2,7200,6.65517241379
465885,466044,466068,159,24,2,7200,7.625
465890,466052,466068,162,16,2,7200,11.125
465895,466059,466072,164,13,2,7200,13.6153846154
465901,466066,466077,165,11,2,7200,16.0
465906,466073,466085,167,12,2,7200,14.9166666667
465911,466078,466090,167,12,2,7200,14.9166666667
465915,466084,466096,169,12,2,7200,15.0833333333
465922,466089,466101,167,12,2,7200,14.9166666667
465927,466095,466113,168,18,2,7200,10.3333333333
465933,466100,466114,167,14,2,7200,12.9285714286
465938,466105,466117,167,12,2,7200,14.9166666667
465943,466112,466123,169,11,2,7200,16.3636363636
465948,466118,466130,170,12,2,7200,15.1666666667
465953,466123,466135,170,12,2,7200,15.1666666667
465957,466023,469667,66,3644,1,3600,1.01811196487
465959,466128,466140,169,12,2,7200,15.0833333333
465965,466134,466146,169,12,2,7200,15.0833333333
465971,466139,466151,168,12,2,7200,15.0
465973,466145,466156,172,11,2,7200,16.6363636364
465980,466150,466162,170,12,2,7200,15.1666666667
465985,466155,466167,170,12,2,7200,15.1666666667
465991,466161,466173,170,12,2,7200,15.1666666667
465997,466166,466178,169,12,2,7200,15.0833333333
466002,466171,466184,169,13,2,7200,14.0
466007,466177,466189,170,12,2,7200,15.1666666667
466013,466182,466193,169,11,2,7200,16.3636363636
466017,466191,466203,174,12,2,7200,15.5
466024,466196,466208,172,12,2,7200,15.3333333333
466036,471216,476009,5180,4793,16,180000,2.08074274984
466041,466202,466214,161,12,2,7200,14.4166666667
466068,466207,466219,139,12,2,7200,12.5833333333
466069,466213,466225,144,12,2,7200,13.0
466069,466218,466230,149,12,2,7200,13.4166666667
466070,466223,466235,153,12,2,7200,13.75
466073,466230,466242,157,12,2,7200,14.0833333333
466079,466235,466247,156,12,2,7200,14.0
466089,466241,466253,152,12,2,7200,13.6666666667
466093,466246,466258,153,12,2,7200,13.75
466098,466252,466264,154,12,2,7200,13.8333333333
466113,466257,466268,144,11,2,7200,14.0909090909
466118,466262,466274,144,12,2,7200,13.0
466119,466268,466281,149,13,2,7200,12.4615384615
466123,466273,466287,150,14,2,7200,11.7142857143
466126,466278,466290,152,12,2,7200,13.6666666667
466132,466284,466296,152,12,2,7200,13.6666666667
466137,466289,466301,152,12,2,7200,13.6666666667
466143,466295,466307,152,12,2,7200,13.6666666667
466148,466300,466311,152,11,2,7200,14.8181818182
466154,466305,466317,151,12,2,7200,13.5833333333
466158,466311,466323,153,12,2,7200,13.75
466165,466316,466328,151,12,2,7200,13.5833333333
466169,466322,466333,153,11,2,7200,14.9090909091
466175,466327,466339,152,12,2,7200,13.6666666667
466180,466332,466345,152,13,2,7200,12.6923076923
466186,466342,466354,156,12,2,7200,14.0
466189,466347,466361,158,14,2,7200,12.2857142857
466194,466352,466367,158,15,2,7200,11.5333333333
466206,466358,466371,152,13,2,7200,12.6923076923
466211,466363,466375,152,12,2,7200,13.6666666667
466217,466368,466385,151,17,2,7200,9.88235294118
466222,466374,466388,152,14,2,7200,11.8571428571
466227,466379,466393,152,14,2,7200,11.8571428571
466231,466385,466397,154,12,2,7200,13.8333333333
466236,466390,466403,154,13,2,7200,12.8461538462
466244,466395,466407,151,12,2,7200,13.5833333333
466249,466401,466413,152,12,2,7200,13.6666666667
466258,466406,466418,148,12,2,7200,13.3333333333
466261,466411,466423,150,12,2,7200,13.5
466267,466417,466428,150,11,2,7200,14.6363636364
466270,466422,466434,152,12,2,7200,13.6666666667
466279,466427,466440,148,13,2,7200,12.3846153846
466282,466433,466445,151,12,2,7200,13.5833333333
466290,466438,466450,148,12,2,7200,13.3333333333
466293,466444,466456,151,12,2,7200,13.5833333333
466299,466449,466461,150,12,2,7200,13.5
466302,471221,476009,4919,4788,16,176400,2.02736006683
466304,637758,1242586,171454,604828,6,604800,1.28347563274
466304,466454,466466,150,12,2,7200,13.5
466310,466460,466472,150,12,2,7200,13.5
466313,466465,466477,152,12,2,7200,13.6666666667
466320,466470,466484,150,14,2,7200,11.7142857143
466326,466476,466488,150,12,2,7200,13.5
466329,466481,466493,152,12,2,7200,13.6666666667
466334,466490,466502,156,12,2,7200,14.0
466341,466495,466507,154,12,2,7200,13.8333333333
466346,466501,466513,155,12,2,7200,13.9166666667
466358,466506,466518,148,12,2,7200,13.3333333333
466362,466511,466524,149,13,2,7200,12.4615384615
466369,466517,466529,148,12,2,7200,13.3333333333
466372,466522,466534,150,12,2,7200,13.5
466378,466527,466540,149,13,2,7200,12.4615384615
466384,466533,466545,149,12,2,7200,13.4166666667
466389,466538,466550,149,12,2,7200,13.4166666667
466397,466543,466555,146,12,2,7200,13.1666666667
466398,466549,466561,151,12,2,7200,13.5833333333
466404,466554,466565,150,11,2,7200,14.6363636364
466408,466560,466572,152,12,2,7200,13.6666666667
466416,466565,466577,149,12,2,7200,13.4166666667
466421,466570,466583,149,13,2,7200,12.4615384615
466426,466576,466588,150,12,2,7200,13.5
466430,466581,466593,151,12,2,7200,13.5833333333
466436,466586,466599,150,13,2,7200,12.5384615385
466442,466592,466604,150,12,2,7200,13.5
466447,466597,466609,150,12,2,7200,13.5
466452,466603,466615,151,12,2,7200,13.5833333333
466458,466608,466620,150,12,2,7200,13.5
466462,466613,466626,151,13,2,7200,12.6153846154
466469,466619,466631,150,12,2,7200,13.5
466477,466624,466636,147,12,2,7200,13.25
466480,466629,466645,149,16,2,7200,10.3125
466485,466639,466668,154,29,2,7200,6.31034482759
466489,466644,466668,155,24,2,7200,7.45833333333
466494,466652,466668,158,16,2,7200,10.875
466503,466658,466670,155,12,2,7200,13.9166666667
466509,466664,466676,155,12,2,7200,13.9166666667
466515,466671,466685,156,14,2,7200,12.1428571429
466521,466677,466691,156,14,2,7200,12.1428571429
466525,466682,466696,157,14,2,7200,12.2142857143
466531,466687,466699,156,12,2,7200,14.0
466534,466693,466708,159,15,2,7200,11.6
466544,466698,466710,154,12,2,7200,13.8333333333
466547,466704,466716,157,12,2,7200,14.0833333333
466552,466710,466722,158,12,2,7200,14.1666666667
466558,466716,466727,158,11,2,7200,15.3636363636
466562,466721,466733,159,12,2,7200,14.25
466567,466726,466738,159,12,2,7200,14.25
466574,466732,466744,158,12,2,7200,14.1666666667
466580,466737,466750,157,13,2,7200,13.0769230769
466586,466743,466755,157,12,2,7200,14.0833333333
466591,466748,466760,157,12,2,7200,14.0833333333
466595,466753,466769,158,16,2,7200,10.875
466602,466759,466771,157,12,2,7200,14.0833333333
466607,466764,466776,157,12,2,7200,14.0833333333
466611,466771,466783,160,12,2,7200,14.3333333333
466617,466776,466789,159,13,2,7200,13.2307692308
466623,466782,466794,159,12,2,7200,14.25
466627,466787,466800,160,13,2,7200,13.3076923077
466634,466796,466808,162,12,2,7200,14.5
466638,466801,466813,163,12,2,7200,14.5833333333
466668,466812,466826,144,14,2,7200,11.2857142857
466668,466806,466819,138,13,2,7200,11.6153846154
466671,466817,466829,146,12,2,7200,13.1666666667
466678,466822,466835,144,13,2,7200,12.0769230769
466687,466828,466840,141,12,2,7200,12.75
466692,466833,466845,141,12,2,7200,12.75
466697,466838,466850,141,12,2,7200,12.75
466701,466844,466856,143,12,2,7200,12.9166666667
466708,466849,466861,141,12,2,7200,12.75
466713,466854,466866,141,12,2,7200,12.75
466716,466860,466871,144,11,2,7200,14.0909090909
466726,466865,466877,139,12,2,7200,12.5833333333
466730,466870,466882,140,12,2,7200,12.6666666667
466734,466876,466888,142,12,2,7200,12.8333333333
466739,466881,466893,142,12,2,7200,12.8333333333
466747,466886,466898,139,12,2,7200,12.5833333333
466753,466892,466904,139,12,2,7200,12.5833333333
466758,466897,466909,139,12,2,7200,12.5833333333
466762,466902,466915,140,13,2,7200,11.7692307692
466769,466908,466921,139,13,2,7200,11.6923076923
466774,466913,466926,139,13,2,7200,11.6923076923
466778,466918,466931,140,13,2,7200,11.7692307692
466785,466924,466936,139,12,2,7200,12.5833333333
466792,466932,466945,140,13,2,7200,11.7692307692
466796,466938,466950,142,12,2,7200,12.8333333333
466802,466943,466955,141,12,2,7200,12.75
466810,466949,466961,139,12,2,7200,12.5833333333
466817,466954,466966,137,12,2,7200,12.4166666667
466820,466959,466971,139,12,2,7200,12.5833333333
466827,466965,466977,138,12,2,7200,12.5
466831,466970,466982,139,12,2,7200,12.5833333333
466837,466975,466987,138,12,2,7200,12.5
466842,466981,466993,139,12,2,7200,12.5833333333
466847,466986,466998,139,12,2,7200,12.5833333333
466852,466991,467003,139,12,2,7200,12.5833333333
466858,466997,467009,139,12,2,7200,12.5833333333
466862,467002,467014,140,12,2,7200,12.6666666667
466869,467008,467020,139,12,2,7200,12.5833333333
466875,467013,467025,138,12,2,7200,12.5
466881,467018,467030,137,12,2,7200,12.4166666667
466886,467024,467036,138,12,2,7200,12.5
466890,467029,467041,139,12,2,7200,12.5833333333
466894,467034,467047,140,13,2,7200,11.7692307692
466902,467040,467052,138,12,2,7200,12.5
466906,467045,467058,139,13,2,7200,11.6923076923
466912,467051,467063,139,12,2,7200,12.5833333333
466919,467056,467069,137,13,2,7200,11.5384615385
466923,467061,467074,138,13,2,7200,11.6153846154
466930,467069,467081,139,12,2,7200,12.5833333333
466932,467075,467089,143,14,2,7200,11.2142857143
466938,467080,467094,142,14,2,7200,11.1428571429
466947,467086,467098,139,12,2,7200,12.5833333333
466953,467091,467103,138,12,2,7200,12.5
466957,467096,467109,139,13,2,7200,11.6923076923
466963,467102,467114,139,12,2,7200,12.5833333333
466969,467107,467119,138,12,2,7200,12.5
466972,467112,467125,140,13,2,7200,11.7692307692
466978,467118,467130,140,12,2,7200,12.6666666667
466984,467123,467135,139,12,2,7200,12.5833333333
466990,467129,467141,139,12,2,7200,12.5833333333
466996,467134,467146,138,12,2,7200,12.5
467000,467139,467152,139,13,2,7200,11.6923076923
467005,467145,467157,140,12,2,7200,12.6666666667
467011,467150,467162,139,12,2,7200,12.5833333333
467015,467155,467168,140,13,2,7200,11.7692307692
467022,467161,467173,139,12,2,7200,12.5833333333
467028,467166,467178,138,12,2,7200,12.5
467034,467172,467183,138,11,2,7200,13.5454545455
467038,467177,467189,139,12,2,7200,12.5833333333
467042,467182,467194,140,12,2,7200,12.6666666667
467049,467188,467199,139,11,2,7200,13.6363636364
467054,467193,467205,139,12,2,7200,12.5833333333
467059,467198,467211,139,13,2,7200,11.6923076923
467066,467208,467220,142,12,2,7200,12.8333333333
467071,467213,467225,142,12,2,7200,12.8333333333
467075,467218,467231,143,13,2,7200,12.0
467090,467224,467236,134,12,2,7200,12.1666666667
467092,467229,467241,137,12,2,7200,12.4166666667
467096,467234,467258,138,24,2,7200,6.75
467101,467240,467265,139,25,2,7200,6.56
467105,467245,467265,140,20,2,7200,8.0
467111,467251,467265,140,14,2,7200,11.0
467117,467258,467274,141,16,2,7200,9.8125
467121,467265,467278,144,13,2,7200,12.0769230769
467127,467271,467282,144,11,2,7200,14.0909090909
467133,467276,467293,143,17,2,7200,9.41176470588
467137,467281,467293,144,12,2,7200,13.0
467143,467287,467299,144,12,2,7200,13.0
467148,467292,467319,144,27,2,7200,6.33333333333
467154,467297,467315,143,18,2,7200,8.94444444444
467158,467313,467318,155,5,2,7200,16.0
467164,467319,467331,155,12,2,7200,13.9166666667
467170,467324,467336,154,12,2,7200,13.8333333333
467176,467330,467341,154,11,2,7200,15.0
467180,467335,467347,155,12,2,7200,13.9166666667
467186,467340,467352,154,12,2,7200,13.8333333333
467192,467346,467357,154,11,2,7200,15.0
467196,467351,467367,155,16,2,7200,10.6875
467200,467360,467372,160,12,2,7200,14.3333333333
467207,467366,467377,159,11,2,7200,15.4545454545
467213,467371,467384,158,13,2,7200,13.1538461538
467222,467376,467388,154,12,2,7200,13.8333333333
467228,467382,467394,154,12,2,7200,13.8333333333
467232,467387,467399,155,12,2,7200,13.9166666667
467238,467392,467404,154,12,2,7200,13.8333333333
467246,467398,467410,152,12,2,7200,13.6666666667
467265,467403,467415,138,12,2,7200,12.5
467269,467414,467426,145,12,2,7200,13.0833333333
467269,467409,467421,140,12,2,7200,12.6666666667
467270,467419,467431,149,12,2,7200,13.4166666667
467272,467425,467437,153,12,2,7200,13.75
467279,467430,467441,151,11,2,7200,14.7272727273
467286,467436,467447,150,11,2,7200,14.6363636364
467295,467446,467458,151,12,2,7200,13.5833333333
467295,467441,467453,146,12,2,7200,13.1666666667
467302,467452,467464,150,12,2,7200,13.5
467319,467457,467469,138,12,2,7200,12.5
467323,467462,467475,139,13,2,7200,11.6923076923
467323,467468,467480,145,12,2,7200,13.0833333333
467333,467473,467485,140,12,2,7200,12.6666666667
467338,467478,467491,140,13,2,7200,11.7692307692
467344,467484,467496,140,12,2,7200,12.6666666667
467349,467489,467501,140,12,2,7200,12.6666666667
467357,467509,467521,152,12,2,7200,13.6666666667
467360,467515,467527,155,12,2,7200,13.9166666667
467366,467520,467532,154,12,2,7200,13.8333333333
467374,467525,467538,151,13,2,7200,12.6153846154
467380,467531,467542,151,11,2,7200,14.7272727273
467386,467536,467548,150,12,2,7200,13.5
467390,467504,474809,114,7305,2,21600,1.01560574949
467392,467541,467553,149,12,2,7200,13.4166666667
467396,467547,467559,151,12,2,7200,13.5833333333
467402,467552,467564,150,12,2,7200,13.5
467408,467557,467569,149,12,2,7200,13.4166666667
467412,467563,467575,151,12,2,7200,13.5833333333
467416,467568,467581,152,13,2,7200,12.6923076923
467424,467574,467586,150,12,2,7200,13.5
467428,467579,467591,151,12,2,7200,13.5833333333
467434,467584,467596,150,12,2,7200,13.5
467442,467590,467602,148,12,2,7200,13.3333333333
467445,467595,467607,150,12,2,7200,13.5
467448,467600,467612,152,12,2,7200,13.6666666667
467454,467606,467618,152,12,2,7200,13.6666666667
467460,467611,467623,151,12,2,7200,13.5833333333
467467,467617,467629,150,12,2,7200,13.5
467471,467622,467634,151,12,2,7200,13.5833333333
467477,467627,467640,150,13,2,7200,12.5384615385
467481,467633,467645,152,12,2,7200,13.6666666667
467487,467638,467650,151,12,2,7200,13.5833333333
467492,467643,467656,151,13,2,7200,12.6153846154
467499,467674,467686,175,12,2,7200,15.5833333333
467502,467679,467690,177,11,2,7200,17.0909090909
467525,467685,467697,160,12,2,7200,14.3333333333
467531,467690,467702,159,12,2,7200,14.25
467535,467695,467708,160,13,2,7200,13.3076923077
467539,467701,467713,162,12,2,7200,14.5
467543,467706,467718,163,12,2,7200,14.5833333333
467551,467712,467724,161,12,2,7200,14.4166666667
467557,467717,467730,160,13,2,7200,13.3076923077
467563,467722,467734,159,12,2,7200,14.25
467567,467728,467740,161,12,2,7200,14.4166666667
467573,467733,467745,160,12,2,7200,14.3333333333
467578,467738,467750,160,12,2,7200,14.3333333333
467582,467744,467756,162,12,2,7200,14.5
467589,467749,467761,160,12,2,7200,14.3333333333
467593,467754,467767,161,13,2,7200,13.3846153846
467598,467760,467772,162,12,2,7200,14.5
467605,467765,467777,160,12,2,7200,14.3333333333
467609,467771,467782,162,11,2,7200,15.7272727273
467615,467776,467788,161,12,2,7200,14.4166666667
467619,467781,467794,162,13,2,7200,13.4615384615
467626,467787,467799,161,12,2,7200,14.4166666667
467632,467792,467804,160,12,2,7200,14.3333333333
467636,467797,467810,161,13,2,7200,13.3846153846
467642,467803,467815,161,12,2,7200,14.4166666667
467646,467808,467821,162,13,2,7200,13.4615384615
467652,467814,467825,162,11,2,7200,15.7272727273
467657,467819,467831,162,12,2,7200,14.5
467691,467833,467866,142,33,2,7200,5.30303030303
467694,467838,467867,144,29,2,7200,5.96551724138
467701,467844,467866,143,22,2,7200,7.5
467705,467851,467866,146,15,2,7200,10.7333333333
467709,467859,467871,150,12,2,7200,13.5
467715,467865,467877,150,12,2,7200,13.5
467720,467871,467883,151,12,2,7200,13.5833333333
467729,467876,467888,147,12,2,7200,13.25
467733,467882,467894,149,12,2,7200,13.4166666667
467737,467887,467899,150,12,2,7200,13.5
467742,467892,467920,150,28,2,7200,6.35714285714
467748,467898,467923,150,25,2,7200,7.0
467754,467903,467920,149,17,2,7200,9.76470588235
467758,467918,467929,160,11,2,7200,15.5454545455
467764,467925,467937,161,12,2,7200,14.4166666667
467769,467930,467942,161,12,2,7200,14.4166666667
467773,467936,467948,163,12,2,7200,14.5833333333
467780,467941,467953,161,12,2,7200,14.4166666667
467786,467946,467958,160,12,2,7200,14.3333333333
467790,467952,467965,162,13,2,7200,13.4615384615
467797,467957,467970,160,13,2,7200,13.3076923077
467801,467962,467975,161,13,2,7200,13.3846153846
467806,467970,467983,164,13,2,7200,13.6153846154
467813,467975,467987,162,12,2,7200,14.5
467817,467980,467992,163,12,2,7200,14.5833333333
467823,467986,467998,163,12,2,7200,14.5833333333
467827,467995,468006,168,11,2,7200,16.2727272727
467832,468000,468012,168,12,2,7200,15.0
467866,468005,468017,139,12,2,7200,12.5833333333
467870,468011,468027,141,16,2,7200,9.8125
467870,468016,468029,146,13,2,7200,12.2307692308
467871,468022,468034,151,12,2,7200,13.5833333333
467874,468027,468039,153,12,2,7200,13.75
467878,468033,468045,155,12,2,7200,13.9166666667
467884,468038,468050,154,12,2,7200,13.8333333333
467890,468043,468055,153,12,2,7200,13.75
467896,468049,468061,153,12,2,7200,13.75
467916,468054,468068,138,14,2,7200,10.8571428571
467921,468065,468078,144,13,2,7200,12.0769230769
467921,468060,468072,139,12,2,7200,12.5833333333
467931,468070,468082,139,12,2,7200,12.5833333333
467942,468076,468088,134,12,2,7200,12.1666666667
467946,468081,468093,135,12,2,7200,12.25
467950,468087,468098,137,11,2,7200,13.4545454545
467958,468092,468104,134,12,2,7200,12.1666666667
467966,468097,468109,131,12,2,7200,11.9166666667
467970,468103,468115,133,12,2,7200,12.0833333333
467974,468108,468121,134,13,2,7200,11.3076923077
467978,468113,468126,135,13,2,7200,11.3846153846
467987,468123,468135,136,12,2,7200,12.3333333333
467990,468128,468140,138,12,2,7200,12.5
467994,468133,468145,139,12,2,7200,12.5833333333
467999,468139,468150,140,11,2,7200,13.7272727273
468008,468144,468156,136,12,2,7200,12.3333333333
468014,468149,468161,135,12,2,7200,12.25
468020,468155,468166,135,11,2,7200,13.2727272727
468027,468160,468172,133,12,2,7200,12.0833333333
468034,468165,468177,131,12,2,7200,11.9166666667
468037,468171,468183,134,12,2,7200,12.1666666667
468041,468176,468188,135,12,2,7200,12.25
468046,468182,468194,136,12,2,7200,12.3333333333
468052,468187,468199,135,12,2,7200,12.25
468058,468192,468204,134,12,2,7200,12.1666666667
468067,468198,468208,131,10,2,7200,14.1
468070,468203,468215,133,12,2,7200,12.0833333333
468076,468208,468220,132,12,2,7200,12.0
468080,468214,468226,134,12,2,7200,12.1666666667
468087,468219,468231,132,12,2,7200,12.0
468090,468225,468237,135,12,2,7200,12.25
468098,468230,468242,132,12,2,7200,12.0
468102,468235,468248,133,13,2,7200,11.2307692308
468106,468241,468253,135,12,2,7200,12.25
468113,468246,468258,133,12,2,7200,12.0833333333
468117,468255,468267,138,12,2,7200,12.5
468123,468260,468273,137,13,2,7200,11.5384615385
468127,468265,468278,138,13,2,7200,11.6153846154
468137,468271,468282,134,11,2,7200,13.1818181818
468142,468276,468288,134,12,2,7200,12.1666666667
468147,468281,468293,134,12,2,7200,12.1666666667
468153,468287,468298,134,11,2,7200,13.1818181818
468158,468292,468304,134,12,2,7200,12.1666666667
468162,468298,468309,136,11,2,7200,13.3636363636
468170,468303,468314,133,11,2,7200,13.0909090909
468176,468308,468320,132,12,2,7200,12.0
468182,468314,468326,132,12,2,7200,12.0
468186,468319,468331,133,12,2,7200,12.0833333333
468190,468324,468336,134,12,2,7200,12.1666666667
468196,468330,468342,134,12,2,7200,12.1666666667
468201,468335,468347,134,12,2,7200,12.1666666667
468209,468340,468352,131,12,2,7200,11.9166666667
468212,468346,468358,134,12,2,7200,12.1666666667
468221,468351,468364,130,13,2,7200,11.0
468224,468356,468368,132,12,2,7200,12.0
468228,468362,468374,134,12,2,7200,12.1666666667
468233,468367,468379,134,12,2,7200,12.1666666667
468240,468373,468385,133,12,2,7200,12.0833333333
468247,468381,468393,134,12,2,7200,12.1666666667
468251,468387,468398,136,11,2,7200,13.3636363636
468254,468392,468404,138,12,2,7200,12.5
468263,468397,468409,134,12,2,7200,12.1666666667
468269,468403,468415,134,12,2,7200,12.1666666667
468276,468408,468420,132,12,2,7200,12.0
468280,468414,468425,134,11,2,7200,13.1818181818
468285,468419,468431,134,12,2,7200,12.1666666667
468291,468424,468436,133,12,2,7200,12.0833333333
468296,468430,468442,134,12,2,7200,12.1666666667
468301,468435,468460,134,25,2,7200,6.36
468305,468440,468460,135,20,2,7200,7.75
468311,468446,468461,135,15,2,7200,10.0
468317,468453,468463,136,10,2,7200,14.6
468324,468459,468471,135,12,2,7200,12.25
468331,468465,468477,134,12,2,7200,12.1666666667
468334,468470,468482,136,12,2,7200,12.3333333333
468339,468476,468488,137,12,2,7200,12.4166666667
468343,468481,468493,138,12,2,7200,12.5
468350,468486,468498,136,12,2,7200,12.3333333333
468354,468492,468509,138,17,2,7200,9.11764705882
468361,468497,468509,136,12,2,7200,12.3333333333
468369,468503,468514,134,11,2,7200,13.1818181818
468372,468508,468520,136,12,2,7200,12.3333333333
468376,468522,468534,146,12,2,7200,13.1666666667
468380,468528,468541,148,13,2,7200,12.3846153846
468388,468533,468546,145,13,2,7200,12.1538461538
468397,468538,468550,141,12,2,7200,12.75
468401,468544,468556,143,12,2,7200,12.9166666667
468410,468549,468561,139,12,2,7200,12.5833333333
468413,471081,478038,2668,6957,25,10799,1.38349863447
468413,468554,468573,141,19,2,7200,8.42105263158
468417,468560,468572,143,12,2,7200,12.9166666667
468424,468569,468577,145,8,2,7200,15.3
468428,468576,468588,148,12,2,7200,13.3333333333
468433,468581,468593,148,12,2,7200,13.3333333333
468439,468586,468599,147,13,2,7200,12.3076923077
468461,468592,468604,131,12,2,7200,11.9166666667
468462,468597,468609,135,12,2,7200,12.25
468463,468602,468614,139,12,2,7200,12.5833333333
468465,468608,468620,143,12,2,7200,12.9166666667
468476,468613,468625,137,12,2,7200,12.4166666667
468479,468619,468630,140,11,2,7200,13.7272727273
468486,468624,468636,138,12,2,7200,12.5
468490,468629,468642,139,13,2,7200,11.6923076923
468494,468635,468647,141,12,2,7200,12.75
468499,468517,469312,18,795,1,3600,1.02264150943
468501,468640,468652,139,12,2,7200,12.5833333333
468509,468646,468657,137,11,2,7200,13.4545454545
468512,468763,468775,251,12,2,7200,21.9166666667
468518,468768,468782,250,14,2,7200,18.8571428571
468523,468774,468786,251,12,2,7200,21.9166666667
468537,468779,468791,242,12,2,7200,21.1666666667
468542,468784,468796,242,12,2,7200,21.1666666667
468549,468790,468802,241,12,2,7200,21.0833333333
468553,468795,468807,242,12,2,7200,21.1666666667
468558,468800,468815,242,15,2,7200,17.1333333333
468571,468806,468819,235,13,2,7200,19.0769230769
468574,468817,468828,243,11,2,7200,23.0909090909
468574,468811,468824,237,13,2,7200,19.2307692308
468579,468822,468836,243,14,2,7200,18.3571428571
468590,468827,468841,237,14,2,7200,17.9285714286
468596,468833,468847,237,14,2,7200,17.9285714286
468601,468838,468852,237,14,2,7200,17.9285714286
468605,468660,468683,55,23,2,1800,3.39130434783
468605,468655,468677,50,22,2,1800,3.27272727273
468606,468843,468855,237,12,2,7200,20.75
468606,468666,468689,60,23,2,1800,3.60869565217
468606,468676,468709,70,33,2,1800,3.12121212121
468606,468671,468695,65,24,2,1800,3.70833333333
468607,468682,468715,75,33,2,1800,3.27272727273
468607,468693,468728,86,35,2,1800,3.45714285714
468607,468698,468732,91,34,2,1800,3.67647058824
468607,468687,468721,80,34,2,1800,3.35294117647
468608,468704,468748,96,44,2,1800,3.18181818182
468608,468709,468754,101,45,2,1800,3.24444444444
468608,468714,468749,106,35,2,1800,4.02857142857
468609,468731,468777,122,46,2,1800,3.65217391304
468609,468720,468765,111,45,2,1800,3.46666666667
468609,468725,468771,116,46,2,1800,3.52173913043
468610,468747,468790,137,43,2,1800,4.18604651163
468610,468741,468800,131,59,2,1800,3.22033898305
468610,468736,468793,126,57,2,1800,3.21052631579
468611,468757,468794,146,37,2,1800,4.94594594595
468611,468849,468861,238,12,2,7200,20.8333333333
468611,468752,468798,141,46,2,1800,4.0652173913
468615,468854,468866,239,12,2,7200,20.9166666667
468689,468863,472218,174,3355,2,7200,1.05186289121
468690,468869,471650,179,2781,2,7200,1.06436533621
468692,468874,471806,182,2932,2,7200,1.06207366985
468693,468879,471859,186,2980,2,7200,1.06241610738
468695,468885,472168,190,3283,2,7200,1.05787389583
468696,468890,471979,194,3089,2,7200,1.06280349628
468697,468896,471929,199,3033,2,7200,1.06561160567
468699,468901,471960,202,3059,2,7200,1.06603465185
468700,468906,471913,206,3007,2,7200,1.06850681743
468701,468912,471992,211,3080,2,7200,1.06850649351
468703,468917,472087,214,3170,2,7200,1.06750788644
468704,468922,472155,218,3233,2,7200,1.06742963192
468706,468928,471991,222,3063,2,7200,1.07247796278
468707,468933,471884,226,2951,2,7200,1.07658420874
469095,476897,483743,7802,6846,2,21600,2.1396435875
469100,469107,472416,7,3309,2,7200,1.00211544273
469495,469502,469529,7,27,2,3600,1.25925925926
469667,474690,475077,5023,387,16,36000,13.9793281654
469756,469767,470399,11,632,8,1500,1.01740506329
469756,469762,470399,6,637,8,1500,1.00941915228
469756,469775,470411,19,636,8,1500,1.02987421384
469757,469780,470411,23,631,8,1500,1.03645007924
469757,469791,470419,34,628,8,1500,1.05414012739
469757,469785,470432,28,647,8,1500,1.04327666151
469758,469796,470438,38,642,8,1500,1.05919003115
469758,469807,470449,49,642,8,1500,1.07632398754
469758,469802,470432,44,630,8,1500,1.06984126984
469759,469823,470452,64,629,8,1500,1.10174880763
469759,469818,470459,59,641,8,1500,1.09204368175
469759,469813,470444,54,631,8,1500,1.08557844691
469760,470422,471054,662,632,8,1500,2.04746835443
469760,470416,471045,656,629,8,1500,2.04292527822
469760,470410,471045,650,635,8,1500,2.02362204724
469761,470444,471078,683,634,8,1500,2.07728706625
469761,470435,471069,674,634,8,1500,2.06309148265
469761,470428,471059,667,631,8,1500,2.05705229794
469762,470455,471086,693,631,8,1500,2.09825673534
469762,470449,471093,687,644,8,1500,2.06677018634
469763,470463,471096,700,633,8,1500,2.10584518167
469764,470468,471100,704,632,8,1500,2.11392405063
469765,470475,471107,710,632,8,1500,2.12341772152
470066,483756,490684,13690,6928,2,21600,2.97603926097
470155,480883,499798,10728,18915,2,86400,1.56716891356
470486,470498,475799,12,5301,5,7200,1.00226372383
470486,470492,475627,6,5135,5,7200,1.0011684518
470487,471098,476395,611,5297,5,7200,1.11534831036
470487,471105,476371,618,5266,5,7200,1.11735662742
470488,471110,476237,622,5127,5,7200,1.12131850985
470488,471117,476309,629,5192,5,7200,1.12114791988
470489,471127,476394,638,5267,5,7200,1.12113157395
470489,471122,476413,633,5291,5,7200,1.11963711964
470490,471417,476668,927,5251,5,7200,1.17653780232
470490,471139,476463,649,5324,5,7200,1.12190082645
470490,471134,476393,644,5259,5,7200,1.12245674083
470491,471871,477230,1380,5359,5,7200,1.25751072961
470491,471818,476886,1327,5068,5,7200,1.26183898974
470492,472003,477352,1511,5349,5,7200,1.28248270705
470492,471925,477263,1433,5338,5,7200,1.26845260397
470492,471990,477359,1498,5369,5,7200,1.27900912647
470493,472179,477481,1686,5302,5,7200,1.31799321011
470493,472427,477662,1934,5235,5,7200,1.3694364852
470494,475139,479962,4645,4823,5,7200,1.96309351026
470494,475128,480375,4634,5247,5,7200,1.883171336
470494,475133,480064,4639,4931,5,7200,1.94078280268
470495,475810,480978,5315,5168,5,7200,2.02844427245
470495,475638,480870,5143,5232,5,7200,1.98298929664
470610,549162,549164,78552,2,2,86400,7855.4
470766,490696,498391,19930,7695,2,21600,3.58999350227
470881,509445,518773,38564,9328,4,18000,5.13421955403
471352,495483,504469,24131,8986,2,28800,3.68539951035
472247,472255,472257,8,2,1,300,1.0
473210,583614,655652,110404,72038,8,72000,2.53258002721
473210,565161,637167,91951,72006,8,72000,2.27699080632
473210,585761,650744,112551,64983,8,72000,2.73200683256
473210,583619,648871,110409,65252,8,72000,2.69204009073
473210,589703,639012,116493,49309,8,72000,3.36250988663
473210,565144,565148,91934,4,8,72000,9193.8
473211,589738,661740,116527,72002,8,72000,2.6183856004
473211,630531,683370,157320,52839,8,72000,3.97734627832
473211,634094,679898,160883,45804,8,72000,4.51242249585
473211,630526,702559,157315,72033,8,72000,3.18392958783
473211,637179,706313,163968,69134,8,72000,3.3717418347
473211,634100,706104,160889,72004,8,72000,3.23444530859
473211,601444,673468,128233,72024,8,72000,2.78042041542
473212,639024,679548,165812,40524,8,72000,5.09169874642
473212,648882,680745,175670,31863,8,72000,6.51329127829
474101,498403,501432,24302,3029,2,14400,9.02310993727
474924,486369,486375,11445,6,8,7200,1145.1
475919,480386,509427,4467,29041,16,36000,1.15381701732
476008,476923,481969,915,5046,16,176400,1.18133174792
476031,476933,481969,902,5036,16,180000,1.17911040508
476099,518816,524796,42717,5980,4,36000,8.14331103679
476119,478053,481969,1934,3916,16,147600,1.49387129724
476171,478060,481969,1889,3909,16,151200,1.48324379637
476599,478074,547286,1475,69212,1,604800,1.02131133329
478142,520687,564499,42545,43812,16,43800,1.97108098238
478342,478350,478356,8,6,1,900,1.4
478486,478493,478731,7,238,1,900,1.02941176471
478933,539767,583602,60834,43835,16,43800,2.38779514087
479045,499809,503220,20764,3411,2,21600,7.08736440926
480513,501443,512832,20930,11389,2,21600,2.83773816841
481425,503231,508724,21806,5493,2,21600,4.96977971964
481976,482881,634083,905,151202,16,151200,1.00598537056
481998,482886,654964,888,172078,16,180000,1.00516045049
482013,482892,630515,879,147623,16,147600,1.00595435671
482029,482897,654679,868,171782,16,176400,1.00505291591
482169,504480,508663,22311,4183,2,21600,6.33373177146
482822,508675,509407,25853,732,2,21600,36.3183060109
483302,483309,486244,7,2935,2,7200,1.00238500852
483303,483315,486338,12,3023,2,7200,1.00396956666
483304,483320,486355,16,3035,2,7200,1.00527182867
483306,483326,486468,20,3142,2,7200,1.00636537237
483307,483331,486300,24,2969,2,7200,1.00808352981
483308,483336,486515,28,3179,2,7200,1.0088078012
483310,483342,486317,32,2975,2,7200,1.01075630252
483311,483348,486464,37,3116,2,7200,1.01187419769
483312,483354,486467,42,3113,2,7200,1.01349180854
483313,483359,486492,46,3133,2,7200,1.01468241302
483315,483364,486334,49,2970,2,7200,1.0164983165
483316,483370,486317,54,2947,2,7200,1.01832371904
483317,483375,486602,58,3227,2,7200,1.01797334986
483319,483380,486465,61,3085,2,7200,1.01977309562
483320,483385,486040,65,2655,2,7200,1.02448210923
483404,483410,486410,6,3000,2,7200,1.002
483406,483416,486268,10,2852,2,7200,1.00350631136
483407,483422,486464,15,3042,2,7200,1.00493096647
483408,483427,486612,19,3185,2,7200,1.00596546311
483409,483432,486554,23,3122,2,7200,1.00736707239
483411,483438,486433,27,2995,2,7200,1.00901502504
483412,483443,486358,31,2915,2,7200,1.01063464837
483413,483456,486464,43,3008,2,7200,1.01429521277
483415,483463,486557,48,3094,2,7200,1.01551389787
483416,483471,486442,55,2971,2,7200,1.01851228543
483417,483477,486286,60,2809,2,7200,1.02135991456
483419,483482,486383,63,2901,2,7200,1.02171664943
483420,483487,486611,67,3124,2,7200,1.021446863
483421,483492,486464,71,2972,2,7200,1.02388963661
483617,483625,486365,8,2740,2,7200,1.00291970803
483618,483631,486644,13,3013,2,7200,1.00431463657
483620,483637,486706,17,3069,2,7200,1.0055392636
483621,483642,486841,21,3199,2,7200,1.00656455142
483623,483647,486685,24,3038,2,7200,1.00789993417
483625,483653,487091,28,3438,2,7200,1.00814426992
483627,483660,486688,33,3028,2,7200,1.01089828269
483628,483665,486683,37,3018,2,7200,1.01225977469
483629,483670,486722,41,3052,2,7200,1.01343381389
483630,483675,486580,45,2905,2,7200,1.01549053356
484832,499014,520670,14182,21656,32,21600,1.65487624677
484944,508735,512328,23791,3593,2,21600,7.62148622321
485653,488195,499002,2542,10807,25,10799,1.23521791431
485888,509419,514146,23531,4727,2,21600,5.9779987307
486042,486048,488932,6,2884,2,7200,1.00208044383
486246,486253,489270,7,3017,2,7200,1.00232018561
486270,486277,489367,7,3090,2,7200,1.00226537217
486288,486295,489284,7,2989,2,7200,1.00234192037
486302,486309,489339,7,3030,2,7200,1.00231023102
486317,486329,489399,12,3070,2,7200,1.00390879479
486318,486334,489482,16,3148,2,7200,1.00508259212
486336,486346,489191,10,2845,2,7200,1.00351493849
486351,486376,489375,25,2999,2,7200,1.00833611204
486366,486387,489389,21,3002,2,7200,1.00699533644
486367,486392,489397,25,3005,2,7200,1.00831946755
486369,486397,489196,28,2799,2,7200,1.0100035727
486383,486404,489469,21,3065,2,7200,1.00685154976
486413,486420,489375,7,2955,2,7200,1.00236886633
486415,486475,486480,60,5,8,7200,6.5
486434,486440,489471,6,3031,2,7200,1.0019795447
486463,486481,489646,18,3165,2,7200,1.00568720379
486476,486494,486498,18,4,8,7200,2.2
486476,486487,486492,11,5,8,7200,1.6
486479,486510,489621,31,3111,2,7200,1.00996464159
486480,486515,489682,35,3167,2,7200,1.01105146827
486481,486521,489612,40,3091,2,7200,1.01294079586
486483,486526,489564,43,3038,2,7200,1.01415404872
486484,486531,489733,47,3202,2,7200,1.01467832605
486485,486539,489501,54,2962,2,7200,1.01823092505
486487,486544,489186,57,2642,2,7200,1.02157456472
486501,486549,489695,48,3146,2,7200,1.0152574698
486516,486555,489487,39,2932,2,7200,1.01330150068
486555,486562,489388,7,2826,2,7200,1.00247699929
486570,486576,489590,6,3014,2,7200,1.00199071002
486585,486591,489515,6,2924,2,7200,1.00205198358
486602,486609,489560,7,2951,2,7200,1.00237207726
486617,486625,489591,8,2966,2,7200,1.00269723533
486619,486630,489776,11,3146,2,7200,1.0034965035
486639,486645,489469,6,2824,2,7200,1.00212464589
486684,486690,489693,6,3003,2,7200,1.001998002
486699,486705,489879,6,3174,2,7200,1.00189035917
486701,486712,489748,11,3036,2,7200,1.00362318841
486715,486723,489681,8,2958,2,7200,1.00270453009
486730,486736,489836,6,3100,2,7200,1.00193548387
486844,486850,489830,6,2980,2,7200,1.00201342282
487094,487100,490031,6,2931,2,7200,1.00204708291
487952,539772,691071,51820,151299,18,198000,1.34250061137
488023,564519,714169,76496,149650,18,198000,1.51116605413
488151,488157,488211,6,54,1,600,1.11111111111
488299,488306,488337,7,31,1,1800,1.22580645161
488551,488559,488629,8,70,1,1800,1.11428571429
488746,488753,488754,7,1,1,300,1.0
488865,650755,812159,161890,161404,6,180000,2.00301107779
488935,488941,491968,6,3027,2,7200,1.00198216056
489188,489194,492323,6,3129,2,7200,1.00191754554
489203,489208,492131,5,2923,2,7200,1.00171057133
489204,489215,492329,11,3114,2,7200,1.00353243417
489273,489279,492234,6,2955,2,7200,1.00203045685
489288,489295,492517,7,3222,2,7200,1.00217256363
489342,489348,492364,6,3016,2,7200,1.00198938992
489368,489376,492599,8,3223,2,7200,1.00248215948
489383,489391,492475,8,3084,2,7200,1.00259403372
489385,489396,492618,11,3222,2,7200,1.00341402855
489400,489407,492650,7,3243,2,7200,1.00215849522
489401,489414,492530,13,3116,2,7200,1.0041720154
489402,489419,492348,17,2929,2,7200,1.00580402868
489404,489424,492385,20,2961,2,7200,1.00675447484
489473,489480,492644,7,3164,2,7200,1.00221238938
489474,489487,492465,13,2978,2,7200,1.00436534587
489490,489496,492635,6,3139,2,7200,1.00191143676
489491,489504,492699,13,3195,2,7200,1.00406885759
489492,489511,492417,19,2906,2,7200,1.00653819683
489515,489522,492664,7,3142,2,7200,1.00222788033
489530,489536,492816,6,3280,2,7200,1.00182926829
489564,489571,492605,7,3034,2,7200,1.00230718523
489579,489585,492541,6,2956,2,7200,1.00202976996
489594,489600,492467,6,2867,2,7200,1.00209277991
489595,489607,492788,12,3181,2,7200,1.00377239862
489613,489619,492549,6,2930,2,7200,1.00204778157
489628,489635,492601,7,2966,2,7200,1.00236008092
489646,489652,492673,6,3021,2,7200,1.00198609732
489652,489658,489663,6,5,8,7200,1.1
489682,489689,492772,7,3083,2,7200,1.00227051573
489683,489696,492566,13,2870,2,7200,1.00452961672
489698,489705,492663,7,2958,2,7200,1.00236646383
489700,489712,492748,12,3036,2,7200,1.00395256917
489708,534197,593727,44489,59530,1,604800,1.7473374769
489713,489718,489723,5,5,8,7200,1.0
489732,509451,512270,19719,2819,2,21600,7.99503369989
489736,489743,492816,7,3073,2,7200,1.00227790433
489751,489757,492698,6,2941,2,7200,1.00204012241
489774,489780,489785,6,5,8,7200,1.1
489777,489788,492951,11,3163,2,7200,1.00347771103
489831,489838,492809,7,2971,2,7200,1.00235610905
489835,489844,489849,9,5,8,7200,1.4
489846,489853,492863,7,3010,2,7200,1.0023255814
489882,489888,492850,6,2962,2,7200,1.00202565834
489896,489902,489907,6,5,8,7200,1.1
489957,489963,489967,6,4,8,7200,1.0
490018,490024,490029,6,5,8,7200,1.1
490024,509456,511713,19432,2257,2,21600,9.60965883917
490032,490040,492936,8,2896,2,7200,1.00276243094
490079,490085,490091,6,6,8,7200,1.2
490140,490146,490150,6,4,8,7200,1.0
490201,490207,490211,6,4,8,7200,1.0
490262,490268,490272,6,4,8,7200,1.0
490323,490329,490333,6,4,8,7200,1.0
490442,490448,490452,6,4,8,7200,1.0
490503,490509,490513,6,4,8,7200,1.0
490564,490570,490574,6,4,8,7200,1.0
490600,490606,494339,6,3733,8,7200,1.00160728636
490671,492396,494339,1725,1943,8,7200,1.88780236747
490672,492479,494339,1807,1860,8,7200,1.97150537634
490674,509461,512140,18787,2679,2,21600,8.01269130272
491971,492402,495298,431,2896,2,7200,1.14882596685
492133,492487,495470,354,2983,2,7200,1.11867247737
492235,492528,495509,293,2981,2,7200,1.09828916471
492291,511724,515036,19433,3312,2,21600,6.86745169082
492325,492542,495833,217,3291,2,7200,1.06593740504
492340,492553,495486,213,2933,2,7200,1.07262188885
492355,492560,495550,205,2990,2,7200,1.06856187291
492369,492579,495509,210,2930,2,7200,1.07167235495
492387,492611,495612,224,3001,2,7200,1.07464178607
492420,492618,495512,198,2894,2,7200,1.06841741534
492468,492623,495657,155,3034,2,7200,1.05108767304
492469,492629,495523,160,2894,2,7200,1.05528680028
492484,492647,495818,163,3171,2,7200,1.05140334279
492520,492657,495813,137,3156,2,7200,1.04340937896
492534,492663,495545,129,2882,2,7200,1.04476058293
492549,492675,495691,126,3016,2,7200,1.04177718833
492550,492682,495600,132,2918,2,7200,1.04523646333
492602,492704,495811,102,3107,2,7200,1.03282909559
492604,492711,495650,107,2939,2,7200,1.03640694114
492618,492716,495905,98,3189,2,7200,1.03073063656
492620,492760,495641,140,2881,2,7200,1.04859423811
492626,492636,496372,10,3736,4,3600,1.00267665953
492637,492785,495694,148,2909,2,7200,1.05087658989
492652,492800,495699,148,2899,2,7200,1.05105208693
492653,492820,495965,167,3145,2,7200,1.05310015898
492669,492828,495913,159,3085,2,7200,1.05153970827
492670,492833,496095,163,3262,2,7200,1.04996934396
492712,492862,496072,150,3210,2,7200,1.04672897196
492714,492876,495747,162,2871,2,7200,1.05642633229
492749,492948,495806,199,2858,2,7200,1.06962911127
492773,492963,496227,190,3264,2,7200,1.05821078431
492788,494351,497334,1563,2983,2,7200,1.52396915857
492812,494356,497616,1544,3260,2,7200,1.4736196319
492827,494361,497611,1534,3250,2,7200,1.472
492828,494367,497449,1539,3082,2,7200,1.49935107073
492852,494372,497269,1520,2897,2,7200,1.52468070418
492867,494377,497391,1510,3014,2,7200,1.50099535501
492939,494382,497265,1443,2883,2,7200,1.50052029136
492953,494388,497415,1435,3027,2,7200,1.47406673274
493068,493076,493616,8,540,1,1800,1.01481481481
493200,512153,515769,18953,3616,2,21600,6.24142699115
494009,512283,527284,18274,15001,2,21600,2.2181854543
494366,494394,501640,28,7246,8,7200,1.00386420094
494427,495535,502776,1108,7241,8,7200,1.15301753901
494428,495561,502808,1133,7247,8,7200,1.15634055471
494737,512340,515239,17603,2899,2,21600,7.07209382546
495300,495612,498596,312,2984,2,7200,1.10455764075
495471,495624,498363,153,2739,2,7200,1.05585980285
495489,495652,498594,163,2942,2,7200,1.05540448674
495509,495663,498590,154,2927,2,7200,1.05261359754
495524,495670,498730,146,3060,2,7200,1.0477124183
495525,495703,498846,178,3143,2,7200,1.05663378937
495527,495710,498646,183,2936,2,7200,1.06232970027
495547,495717,498620,170,2903,2,7200,1.05856011023
495562,495759,498822,197,3063,2,7200,1.06431603004
495601,495818,499137,217,3319,2,7200,1.0653811389
495616,495824,498947,208,3123,2,7200,1.06660262568
495643,495830,498783,187,2953,2,7200,1.06332543176
495658,495837,498783,179,2946,2,7200,1.06076035302
495659,495845,498759,186,2914,2,7200,1.06382978723
495692,495917,498905,225,2988,2,7200,1.07530120482
495707,495925,498914,218,2989,2,7200,1.07293409167
495709,495978,498767,269,2789,2,7200,1.09645034062
495747,496085,499208,338,3123,2,7200,1.10822926673
495807,496109,498949,302,2840,2,7200,1.10633802817
495822,496239,499248,417,3009,2,7200,1.13858424726
495824,497276,500116,1452,2840,2,7200,1.51126760563
495825,497284,500068,1459,2784,2,7200,1.52406609195
495840,497347,500320,1507,2973,2,7200,1.50689539186
495906,497404,500295,1498,2891,2,7200,1.5181598063
495920,497428,500531,1508,3103,2,7200,1.48598130841
495968,497461,500461,1493,3000,2,7200,1.49766666667
496073,497623,500618,1550,2995,2,7200,1.51752921536
496097,497630,500757,1533,3127,2,7200,1.4902462424
496229,498375,501222,2146,2847,2,7200,1.75377590446
496684,547299,577921,50615,30622,1,576000,2.65289661028
497268,498602,501608,1334,3006,2,7200,1.44377910845
497283,498609,501634,1326,3025,2,7200,1.43834710744
497336,498614,501529,1278,2915,2,7200,1.4384219554
497393,498632,501706,1239,3074,2,7200,1.40305790501
497417,498659,501599,1242,2940,2,7200,1.42244897959
497450,498742,501667,1292,2925,2,7200,1.44170940171
497612,498771,501731,1159,2960,2,7200,1.39155405405
497627,498779,501856,1152,3077,2,7200,1.37439064023
505004,512845,512868,7841,23,2,3540,341.913043478
506681,506687,507121,6,434,8,43200,1.01382488479
507579,507585,507590,6,5,8,7200,1.1
507649,507655,507659,6,4,8,7200,1.0
507655,507662,507667,7,5,8,7200,1.2
507656,507667,507670,11,3,8,7200,1.4
507662,507673,507674,11,1,8,7200,1.2
507663,507678,507679,15,1,8,7200,1.6
507688,507694,507698,6,4,8,7200,1.0
507694,507705,507710,11,5,8,7200,1.6
507694,507700,507704,6,4,8,7200,1.0
507700,507712,507717,12,5,8,7200,1.7
507777,507783,515003,6,7220,8,7200,1.00083102493
507783,507790,515028,7,7238,8,7200,1.00096711799
507784,507795,515044,11,7249,8,7200,1.00151745068
507790,507802,515033,12,7231,8,7200,1.0016595215
507796,507807,515047,11,7240,8,7200,1.00151933702
507802,507814,515017,12,7203,8,7200,1.00166597251
507808,507820,515063,12,7243,8,7200,1.00165677206
507814,507826,515033,12,7207,8,7200,1.00166504787
507819,507832,515053,13,7221,8,7200,1.00180030467
507825,507838,515069,13,7231,8,7200,1.00179781496
513126,515018,532492,1892,17474,8,43200,1.10827515165
513126,515032,518449,1906,3417,8,43200,1.5577992391
513127,515050,521611,1923,6561,8,43200,1.2930955647
513127,515043,517085,1916,2042,8,43200,1.93829578844
513128,515056,517325,1928,2269,8,43200,1.84971353019
515119,515125,570893,6,55768,8,72000,1.00010758858
515119,515131,571069,12,55938,8,72000,1.00021452322
515125,515137,570805,12,55668,8,72000,1.0002155637
515131,515142,571625,11,56483,8,72000,1.00019474886
515137,515149,575891,12,60742,8,72000,1.00019755688
515138,517096,573465,1958,56369,8,72000,1.03473540421
517086,517338,524556,252,7218,8,21600,1.0349127182
517330,518460,525659,1130,7199,8,21600,1.15696624531
517993,524808,549144,6815,24336,2,86400,1.28003780408
518283,537256,549160,18973,11904,2,86400,2.59383400538
518450,521622,528791,3172,7169,8,21600,1.44246059423
518809,520681,539756,1872,19075,25,28799,1.09813892529
521616,524567,531652,2951,7085,8,21600,1.41651376147
524561,525670,532778,1109,7108,8,21600,1.15602138436
525665,528802,535869,3137,7067,8,21600,1.44389415594
528795,531664,538804,2869,7140,8,21600,1.40182072829
530664,530680,530689,16,9,1,1800,2.5
530881,530887,530967,6,80,1,1800,1.075
530978,530984,531112,6,128,1,3600,1.046875
531228,531234,531331,6,97,1,1800,1.0618556701
531233,531241,531556,8,315,1,3600,1.0253968254
531656,532504,539643,848,7139,8,21600,1.11878414344
531776,531782,532478,6,696,1,3600,1.00862068966
531824,531830,532208,6,378,1,1800,1.01587301587
532493,532789,539920,296,7131,8,21600,1.04150890478
532779,535880,542972,3101,7092,8,21600,1.43725324309
532884,532891,532898,7,7,1,1800,1.4
533058,533066,533108,8,42,1,1800,1.19047619048
533298,533309,533399,11,90,1,3600,1.12222222222
533347,533354,533429,7,75,1,1800,1.09333333333
533523,533529,533817,6,288,1,3600,1.02083333333
534088,534094,534617,6,523,1,3600,1.01147227533
534121,534128,534376,7,248,1,1800,1.02822580645
535875,538815,545993,2940,7178,8,21600,1.40958484257
538496,538503,538580,7,77,1,1800,1.09090909091
538809,539655,546816,846,7161,8,21600,1.11813992459
538825,538831,538920,6,89,1,1800,1.06741573034
539428,539434,539792,6,358,1,1800,1.01675977654
539647,539931,595336,284,55405,8,72000,1.00512589117
539925,542983,599012,3058,56029,8,72000,1.05457887879
540944,540951,540990,7,39,1,1800,1.17948717949
541238,541244,541313,6,69,1,1800,1.08695652174
541950,541957,542196,7,239,1,1800,1.02928870293
542696,542702,542758,6,56,1,3600,1.10714285714
542977,546005,603901,3028,57896,8,72000,1.05230067708
545997,546827,604756,830,57929,8,72000,1.01432788413
546818,570904,572077,24086,1173,8,72000,21.5336743393
548437,549171,593735,734,44564,1,604800,1.01647069383
548900,549177,593738,277,44561,1,604800,1.00621619802
550832,655876,668133,105044,12257,12,64800,9.57012319491
553626,661752,672603,108126,10851,8,10800,10.9646115565
558500,558508,561555,8,3047,2,7200,1.00262553331
558501,561567,564161,3066,2594,2,7200,2.18195836546
559992,560106,560147,114,41,2,1800,3.78048780488
559992,559998,560041,6,43,2,1800,1.13953488372
559992,560053,560094,61,41,2,1800,2.48780487805
559993,560158,560200,165,42,2,1800,4.92857142857
559993,560211,560265,218,54,2,1800,5.03703703704
559993,560276,560326,283,50,2,1800,6.66
559993,560338,560386,345,48,2,1800,8.1875
559994,560398,560439,404,41,2,1800,10.8536585366
559994,560450,560492,456,42,2,1800,11.8571428571
559994,560503,560544,509,41,2,1800,13.4146341463
559994,560556,560598,562,42,2,1800,14.380952381
559995,560770,560811,775,41,2,1800,19.9024390244
559995,560823,560866,828,43,2,1800,20.2558139535
559995,560717,560758,722,41,2,1800,18.6097560976
559995,560664,560705,669,41,2,1800,17.3170731707
559995,560610,560652,615,42,2,1800,15.6428571429
559996,561044,561086,1048,42,2,1800,25.9523809524
559996,560990,561033,994,43,2,1800,24.1162790698
559996,560938,560979,942,41,2,1800,23.9756097561
559996,560877,560926,881,49,2,1800,18.9795918367
560338,561150,561192,812,42,2,1800,20.3333333333
560338,561098,561139,760,41,2,1800,19.5365853659
560339,561289,561320,950,31,2,1800,31.6451612903
560339,561204,561235,865,31,2,1800,28.9032258065
560339,561247,561278,908,31,2,1800,30.2903225806
560339,561332,561363,993,31,2,1800,33.0322580645
560340,561418,561468,1078,50,2,1800,22.56
560340,561588,561618,1248,30,2,1800,42.6
560340,561537,561575,1197,38,2,1800,32.5
560340,561479,561524,1139,45,2,1800,26.3111111111
560340,561374,561406,1034,32,2,1800,33.3125
560341,561632,561674,1291,42,2,1800,31.7380952381
560341,561729,561770,1388,41,2,1800,34.8536585366
560341,561782,561813,1441,31,2,1800,47.4838709677
560341,561686,561717,1345,31,2,1800,44.3870967742
560342,561879,561910,1537,31,2,1800,50.5806451613
560342,561921,561953,1579,32,2,1800,50.34375
560342,561824,561867,1482,43,2,1800,35.4651162791
560342,561964,562006,1622,42,2,1800,39.619047619
560343,562018,562067,1675,49,2,1800,35.1836734694
562156,562228,562249,72,21,2,1800,4.42857142857
562156,562194,562215,38,21,2,1800,2.80952380952
562156,562162,562183,6,21,2,1800,1.28571428571
562157,562261,562282,104,21,2,1800,5.95238095238
562157,562328,562349,171,21,2,1800,9.14285714286
562157,562294,562315,137,21,2,1800,7.52380952381
562157,562360,562381,203,21,2,1800,10.6666666667
562158,562492,562514,334,22,2,1800,16.1818181818
562158,562394,562415,236,21,2,1800,12.2380952381
562158,562460,562481,302,21,2,1800,15.380952381
562158,562525,562547,367,22,2,1800,17.6818181818
562158,562427,562448,269,21,2,1800,13.8095238095
562159,562560,562581,401,21,2,1800,20.0952380952
562159,562679,562700,520,21,2,1800,25.7619047619
562159,562592,562614,433,22,2,1800,20.6818181818
562159,562626,562667,467,41,2,1800,12.3902439024
562160,564278,564299,2118,21,2,1800,101.857142857
562160,564244,564265,2084,21,2,1800,100.238095238
562160,564209,564231,2049,22,2,1800,94.1363636364
562160,564174,564196,2014,22,2,1800,92.5454545455
562162,564311,564323,2149,12,2,1800,180.083333333
562162,564335,564357,2173,22,2,1800,99.7727272727
562162,564370,564391,2208,21,2,1800,106.142857143
562163,564404,564425,2241,21,2,1800,107.714285714
562163,564486,564522,2323,36,2,1800,65.5277777778
562163,564438,564473,2275,35,2,1800,66.0
562170,564672,564693,2502,21,2,1800,120.142857143
562170,564534,564555,2364,21,2,1800,113.571428571
562170,564569,564590,2399,21,2,1800,115.238095238
562170,564603,564625,2433,22,2,1800,111.590909091
562170,564638,564659,2468,21,2,1800,118.523809524
562171,564802,564823,2631,21,2,1800,126.285714286
562171,564769,564790,2598,21,2,1800,124.714285714
562171,564706,564717,2535,11,2,1800,231.454545455
562171,564731,564756,2560,25,2,1800,103.4
562172,564836,564858,2664,22,2,1800,122.090909091
562172,564871,564892,2699,21,2,1800,129.523809524
562172,564905,564926,2733,21,2,1800,131.142857143
562172,564939,564960,2767,21,2,1800,132.761904762
563269,571080,578133,7811,7053,8,21600,2.10747199773
563269,570816,577833,7547,7017,8,21600,2.07553085364
563270,571636,578647,8366,7011,8,21600,2.19326772215
563270,572088,579147,8818,7059,8,21600,2.24918543703
563271,575902,582927,12631,7025,8,21600,2.79800711744
563272,577844,584873,14572,7029,8,21600,3.07312562242
563272,573476,580412,10204,6936,8,21600,2.47116493656
563273,578144,585089,14871,6945,8,21600,3.14125269978
563273,578659,585826,15386,7167,8,21600,3.14678387052
563274,582938,589930,19664,6992,8,21600,3.81235697941
563274,579159,586153,15885,6994,8,21600,3.27123248499
563275,580424,587436,17149,7012,8,21600,3.44566457501
563276,595347,602461,32071,7114,8,21600,5.50815293787
563276,599023,606228,35747,7205,8,21600,5.96141568355
563277,585100,592277,21823,7177,8,21600,4.0406855232
563277,584884,592080,21607,7196,8,21600,4.00264035575
563278,585838,592950,22560,7112,8,21600,4.17210348706
563278,603912,610983,40634,7071,8,21600,6.74657049922
563279,606260,613450,42981,7190,8,21600,6.97788595271
563279,589941,597040,26662,7099,8,21600,4.7557402451
563280,587447,594526,24167,7079,8,21600,4.4139002684
563281,602472,609527,39191,7055,8,21600,6.55506732814
563281,604767,611958,41486,7191,8,21600,6.76915588931
563282,592289,599370,29007,7081,8,21600,5.09645530292
563288,592092,592096,28804,4,8,21600,2880.8
563288,592961,592966,29673,5,8,21600,2967.8
563289,606239,606249,42950,10,8,21600,4296.0
563289,607158,607163,43869,5,8,21600,4387.4
563290,597051,597061,33761,10,8,21600,3377.1
563291,586165,586173,22874,8,8,21600,2288.2
563291,594539,594543,31248,4,8,21600,3125.2
563292,604494,614384,41202,9890,8,21600,5.16602628918
563292,606078,615976,42786,9898,8,21600,5.32269145282
563293,599381,609298,36088,9917,8,21600,4.63900373097
563293,592108,602145,28815,10037,8,21600,3.87087775232
563294,592978,602925,29684,9947,8,21600,3.98421634664
563294,607174,617042,43880,9868,8,21600,5.44669639238
563295,602937,612833,39642,9896,8,21600,5.00586095392
563296,597072,607147,33776,10075,8,21600,4.35245657568
563296,594554,604483,31258,9929,8,21600,4.14815187834
563297,586185,596167,22888,9982,8,21600,3.29292726908
563297,602157,612111,38860,9954,8,21600,4.90395820776
563298,596179,606067,32881,9888,8,21600,4.32534385113
567746,661758,670055,94012,8297,4,18000,12.3308424732
577998,586785,724946,8787,138161,1,576000,1.06359971338
582863,655664,684494,72801,28830,25,28799,3.52518210198
591360,591367,591368,7,1,2,3540,1.0
593476,593483,593745,7,262,1,604800,1.02671755725
593877,593884,900265,7,306381,1,604800,1.00002284737
593925,598161,891664,4236,293503,1,604800,1.01443256117
594020,599004,841307,4984,242303,1,604800,1.02056928721
594039,650761,955990,56722,305229,1,604800,1.18583424249
594665,684511,817080,89846,132569,9,144000,1.67773008773
595842,595849,596097,7,248,4,600,1.02822580645
596678,596684,596928,6,244,4,600,1.02459016393
597466,597473,597476,7,3,4,600,1.0
597877,597883,598126,6,243,4,600,1.02469135802
