SubmitTime,StartTime,EndTime,QueuedTime,RunTime,NodesRequested,walltime,bslowdown
72,127,4270,55,4143,5,14400,1.0132754043
123,232,4280,109,4048,5,14400,1.02692687747
233,239,1656,6,1417,8,6000,1.00423429781
244,250,1674,6,1424,8,6000,1.00421348315
255,261,1665,6,1404,8,6000,1.00427350427
265,602,2019,337,1417,8,6000,1.23782639379
602,1055,2468,453,1413,8,6000,1.32059447983
1051,1676,3095,625,1419,8,6000,1.44045102185
1673,2486,3908,813,1422,8,6000,1.57172995781
2478,3106,4519,628,1413,8,6000,1.44444444444
3100,3139,4547,39,1408,8,6000,1.02769886364
3131,3727,5124,596,1397,8,6000,1.42662848962
3498,3827,5243,329,1416,8,6000,1.23234463277
3825,3909,5358,84,1449,8,6000,1.05797101449
3907,3919,5331,12,1412,8,6000,1.00849858357
3917,3973,5384,56,1411,8,6000,1.03968816442
3969,3987,5391,18,1404,8,6000,1.01282051282
3979,4281,5698,302,1417,8,6000,1.21312632322
4143,4291,5705,148,1414,8,6000,1.10466760962
4286,4530,5958,244,1428,8,6000,1.17086834734
4520,4558,5977,38,1419,8,6000,1.02677942213
4551,5135,6542,584,1407,8,6000,1.41506751955
5132,5254,6673,122,1419,8,6000,1.08597603946
5245,5342,6763,97,1421,8,6000,1.06826178747
5337,5370,6779,33,1409,8,6000,1.02342086586
5368,5395,6820,27,1425,8,6000,1.01894736842
5389,5402,6810,13,1408,8,6000,1.00923295455
5399,5554,6980,155,1426,8,6000,1.10869565217
5553,5560,6967,7,1407,8,6000,1.00497512438
5563,5710,7123,147,1413,8,6000,1.10403397028
5706,5717,7132,11,1415,8,6000,1.00777385159
5717,5969,7384,252,1415,8,6000,1.17809187279
5972,5988,7406,16,1418,8,6000,1.01128349788
5993,6554,7975,561,1421,8,6000,1.39479239972
6553,6684,8102,131,1418,8,6000,1.09238363893
6686,6774,8200,88,1426,8,6000,1.06171107994
6778,6790,8203,12,1413,8,6000,1.008492569
6789,6821,8243,32,1422,8,6000,1.02250351617
6820,6831,8236,11,1405,8,6000,1.00782918149
6830,6978,8389,148,1411,8,6000,1.10489014883
6983,6992,8415,9,1423,8,6000,1.0063246662
6994,7134,8561,140,1427,8,6000,1.09810791871
7137,7143,8558,6,1415,8,6000,1.00424028269
7148,7395,8814,247,1419,8,6000,1.17406624383
7392,7417,8839,25,1422,8,6000,1.01758087201
7413,7519,8932,106,1413,8,6000,1.07501769285
7516,7541,8950,25,1409,8,6000,1.0177430802
7547,7986,9405,439,1419,8,6000,1.30937279774
7985,8113,9509,128,1396,8,6000,1.09169054441
8117,8211,9708,94,1497,8,6000,1.06279225117
8210,8217,9649,7,1432,8,6000,1.00488826816
8220,8248,9679,28,1431,8,6000,1.01956673655
8251,8257,9690,6,1433,8,6000,1.00418702024
8262,8400,9818,138,1418,8,6000,1.09732016925
8405,8426,9855,21,1429,8,6000,1.01469559132
8426,8569,9969,143,1400,8,6000,1.10214285714
8569,8575,10006,6,1431,8,6000,1.00419287212
8579,8825,10241,246,1416,8,6000,1.17372881356
8673,11925,11931,3252,6,1,3600,325.8
8824,8850,10283,26,1433,8,6000,1.01814375436
8855,8944,10363,89,1419,8,6000,1.06272022551
8948,8961,10385,13,1424,8,6000,1.00912921348
8958,9416,10841,458,1425,8,6000,1.32140350877
9285,11941,551947,2656,540006,4,540000,1.00491846387
9324,32231,572236,22907,540005,8,540000,1.04241997759
9417,9520,10957,103,1437,8,6000,1.07167710508
9519,9660,11081,141,1421,8,6000,1.09922589726
9662,9690,11121,28,1431,8,6000,1.01956673655
9693,9701,11116,8,1415,8,6000,1.00565371025
9704,9719,11154,15,1435,8,6000,1.01045296167
9714,9829,11255,115,1426,8,6000,1.08064516129
9827,9866,11275,39,1409,8,6000,1.02767920511
9868,9980,11406,112,1426,8,6000,1.07854137447
9981,10017,11445,36,1428,8,6000,1.02521008403
10022,10253,11672,231,1419,8,6000,1.16279069767
10256,10294,11741,38,1447,8,6000,1.02626123013
10297,10374,11789,77,1415,8,6000,1.05441696113
10379,10396,11815,17,1419,8,6000,1.01198026779
10400,10853,12272,453,1419,8,6000,1.31923890063
10859,10968,12415,109,1447,8,6000,1.07532826538
10971,11092,12521,121,1429,8,6000,1.08467459762
11094,11128,12561,34,1433,8,6000,1.02372644801
11125,11134,12562,9,1428,8,6000,1.00630252101
11135,11165,12587,30,1422,8,6000,1.02109704641
11166,11266,12686,100,1420,8,6000,1.07042253521
11269,11287,12720,18,1433,8,6000,1.01256106071
11290,11417,12845,127,1428,8,6000,1.08893557423
11422,11457,12875,35,1418,8,6000,1.02468265162
11453,11684,13116,231,1432,8,6000,1.16131284916
11688,11752,13183,64,1431,8,6000,1.04472396925
11750,11800,13213,50,1413,8,6000,1.03538570418
11801,11826,13259,25,1433,8,6000,1.01744591766
11822,11919,13350,97,1431,8,6000,1.0677847659
11924,12284,13717,360,1433,8,6000,1.25122121424
12037,13230,13397,1193,167,1,3600,8.14371257485
12254,13235,13242,981,7,1,1800,98.8
12281,12427,13850,146,1423,8,6000,1.10260014055
12424,12533,13961,109,1428,8,6000,1.07633053221
12536,12573,14024,37,1451,8,6000,1.02549965541
12578,12584,14017,6,1433,8,6000,1.00418702024
12588,12599,14017,11,1418,8,6000,1.0077574048
12599,12697,14130,98,1433,8,6000,1.06838799721
12640,13240,13374,600,134,1,3600,5.4776119403
12701,12731,14158,30,1427,8,6000,1.02102312544
12732,12858,14295,126,1437,8,6000,1.08768267223
12855,12886,14313,31,1427,8,6000,1.02172389629
12886,13128,14585,242,1457,8,6000,1.16609471517
13131,13195,14655,64,1460,8,6000,1.04383561644
13200,13224,17721,24,4497,5,14400,1.00533689126
13221,13270,18026,49,4756,5,14400,1.01030277544
13272,13279,17875,7,4596,5,14400,1.00152306353
13283,13361,17936,78,4575,5,14400,1.01704918033
13365,13371,17833,6,4462,5,14400,1.00134468848
13376,13728,17865,352,4137,5,14400,1.08508581097
13439,13445,13526,6,81,1,1800,1.07407407407
13495,13501,13847,6,346,1,3600,1.01734104046
13525,13536,13917,11,381,1,3600,1.02887139108
13732,13863,18616,131,4753,5,14400,1.02756154008
13767,13857,13962,90,105,1,1800,1.85714285714
13865,13871,17825,6,3954,5,14400,1.00151745068
13876,13972,18259,96,4287,5,14400,1.02239328202
13968,13979,18743,11,4764,5,14400,1.00230898405
13978,14028,18069,50,4041,5,14400,1.01237317496
14030,14036,18083,6,4047,5,14400,1.00148257969
14040,14047,18709,7,4662,5,14400,1.0015015015
14051,14057,18164,6,4107,5,14400,1.00146092038
14062,14068,18687,6,4619,5,14400,1.00129898246
14072,14141,18240,69,4099,5,14400,1.01683337399
14075,14175,14867,100,692,1,3600,1.14450867052
14086,14180,14289,94,109,1,1800,1.8623853211
14144,14169,18027,25,3858,5,14400,1.00648004147
14151,14185,14980,34,795,1,3600,1.0427672956
14165,14306,18467,141,4161,5,14400,1.03388608508
14308,14314,18881,6,4567,5,14400,1.00131377272
14318,14324,19292,6,4968,5,14400,1.00120772947
14329,14335,18660,6,4325,5,14400,1.00138728324
14340,14596,19129,256,4533,5,14400,1.05647474079
14595,14666,19180,71,4514,5,14400,1.0157288436
14666,14673,19046,7,4373,5,14400,1.00160073176
14677,17732,22441,3055,4709,5,14400,1.64875769803
14949,14955,14963,6,8,1,1800,1.4
15133,15139,15183,6,44,1,1800,1.13636363636
15405,15411,15488,6,77,1,1800,1.07792207792
15754,15760,15859,6,99,1,3600,1.06060606061
15863,15869,15968,6,99,1,3600,1.06060606061
15985,15991,16289,6,298,1,3600,1.02013422819
16100,16106,16399,6,293,1,3600,1.0204778157
16125,16299,16563,174,264,1,1800,1.65909090909
16572,16579,17120,7,541,1,3600,1.01293900185
16690,16697,17225,7,528,1,3600,1.01325757576
17733,17836,22849,103,5013,5,14400,1.02054657889
17835,17845,21746,10,3901,5,14400,1.00256344527
17846,17876,22378,30,4502,5,14400,1.00666370502
17877,17886,22274,9,4388,5,14400,1.00205104831
17887,17947,22040,60,4093,5,14400,1.0146591742
17949,18037,21909,88,3872,5,14400,1.02272727273
18041,18047,22355,6,4308,5,14400,1.00139275766
18052,18080,22308,28,4228,5,14400,1.00662251656
18083,18095,22057,12,3962,5,14400,1.00302877335
18094,18176,22424,82,4248,5,14400,1.01930320151
18175,18251,22581,76,4330,5,14400,1.01755196305
18247,18271,23480,24,5209,5,14400,1.00460741025
18268,18478,23138,210,4660,5,14400,1.04506437768
18483,18627,23467,144,4840,5,14400,1.02975206612
18626,18671,22693,45,4022,5,14400,1.01118846345
18667,18698,22850,31,4152,5,14400,1.00746628131
18698,18720,23364,22,4644,5,14400,1.00473729543
18719,18754,22654,35,3900,5,14400,1.00897435897
18750,18893,22851,143,3958,5,14400,1.03612935826
18893,19058,23659,165,4601,5,14400,1.03586176918
19056,19140,23592,84,4452,5,14400,1.01886792453
19138,19192,23739,54,4547,5,14400,1.01187596217
19190,19303,23354,113,4051,5,14400,1.02789434707
19302,21757,26274,2455,4517,5,14400,1.54350232455
19932,26304,26384,6372,80,1,1800,80.65
21757,21920,25957,163,4037,5,14400,1.04037651722
21921,22051,26291,130,4240,5,14400,1.03066037736
22054,22068,26287,14,4219,5,14400,1.00331832188
22065,22285,26610,220,4325,5,14400,1.05086705202
22289,22319,26067,30,3748,5,14400,1.00800426894
22320,22366,26769,46,4403,5,14400,1.01044742221
22372,22389,26448,17,4059,5,14400,1.0041882237
22393,22435,27045,42,4610,5,14400,1.00911062907
22434,22452,27260,18,4808,5,14400,1.0037437604
22455,22594,27740,139,5146,5,14400,1.02701127089
22598,22665,27395,67,4730,5,14400,1.01416490486
22670,22704,26644,34,3940,5,14400,1.00862944162
22701,22860,27009,159,4149,5,14400,1.03832248735
22864,22870,27534,6,4664,5,14400,1.0012864494
22875,22881,27767,6,4886,5,14400,1.00122799836
22885,23150,27019,265,3869,5,14400,1.06849315068
23151,23365,27442,214,4077,5,14400,1.05248957567
23365,23376,27323,11,3947,5,14400,1.00278692678
23376,23478,27460,102,3982,5,14400,1.02561526871
23478,23492,27564,14,4072,5,14400,1.00343811395
23489,23603,28213,114,4610,5,14400,1.02472885033
23601,23670,28474,69,4804,5,14400,1.01436303081
23673,23750,27694,77,3944,5,14400,1.01952332657
23755,25969,30787,2214,4818,5,14400,1.4595267746
24928,31926,92603,6998,60677,8,172800,1.11533200389
25974,26078,31132,104,5054,5,14400,1.02057776019
26077,26285,30936,208,4651,5,14400,1.04472156525
26281,26298,30278,17,3980,5,14400,1.00427135678
26302,26310,30356,8,4046,5,14400,1.00197726149
26312,26460,30947,148,4487,5,14400,1.03298417651
26455,26621,30500,166,3879,5,14400,1.04279453467
26619,26655,30598,36,3943,5,14400,1.00913010398
26628,30947,31045,4319,98,1,1800,45.0714285714
26660,26781,31868,121,5087,5,14400,1.02378612149
26783,27021,32030,238,5009,5,14400,1.04751447395
27018,27031,31027,13,3996,5,14400,1.00325325325
27028,27056,31106,28,4050,5,14400,1.00691358025
27060,27271,31199,211,3928,5,14400,1.05371690428
27275,27334,32099,59,4765,5,14400,1.01238195173
27337,27406,32235,69,4829,5,14400,1.0142886726
27408,27453,31915,45,4462,5,14400,1.0100851636
27450,27472,32149,22,4677,5,14400,1.00470387
27470,27545,31683,75,4138,5,14400,1.01812469792
27542,27575,32327,33,4752,5,14400,1.00694444444
27573,27705,32330,132,4625,5,14400,1.02854054054
27706,27752,32216,46,4464,5,14400,1.0103046595
27757,27779,32125,22,4346,5,14400,1.00506212609
27778,28225,32352,447,4127,5,14400,1.10831112188
28227,28485,32766,258,4281,5,14400,1.06026629292
28482,30289,34970,1807,4681,5,14400,1.38602862636
30285,30367,34451,82,4084,5,14400,1.02007835455
30367,30512,34271,145,3759,5,14400,1.03857408885
30511,30610,34622,99,4012,5,14400,1.02467597208
30612,30798,32220,186,1422,8,6000,1.13080168776
30796,30958,32368,162,1410,8,6000,1.11489361702
30959,31118,32526,159,1408,8,6000,1.11292613636
31123,31144,32565,21,1421,8,6000,1.01477832512
31144,31694,33117,550,1423,8,6000,1.38650737878
31445,31451,31688,6,237,1,300,1.0253164557
31556,31562,31932,6,370,1,1800,1.01621621622
31694,32041,33482,347,1441,8,6000,1.24080499653
32041,32136,33564,95,1428,8,6000,1.06652661064
32133,32161,33573,28,1412,8,6000,1.01983002833
32164,32247,33648,83,1401,8,6000,1.05924339757
32246,32338,33751,92,1413,8,6000,1.06510969568
32338,32364,33783,26,1419,8,6000,1.01832276251
32369,32379,33802,10,1423,8,6000,1.00702740689
32380,32538,33941,158,1403,8,6000,1.11261582324
32533,32576,34002,43,1426,8,6000,1.0301542777
32574,33128,34527,554,1399,8,6000,1.39599714081
33089,35244,35284,2155,40,1,1800,54.875
33125,33493,34918,368,1425,8,6000,1.25824561404
33492,33575,34978,83,1403,8,6000,1.05915894512
33574,33584,34995,10,1411,8,6000,1.00708717222
33584,33660,35068,76,1408,8,6000,1.05397727273
33656,33762,35169,106,1407,8,6000,1.07533759773
33758,33794,35226,36,1432,8,6000,1.0251396648
33790,33813,35229,23,1416,8,6000,1.01624293785
33811,33952,35383,141,1431,8,6000,1.09853249476
33954,34013,35451,59,1438,8,6000,1.04102920723
34015,34282,35690,267,1408,8,6000,1.18963068182
34280,34462,35874,182,1412,8,6000,1.12889518414
34464,34538,35957,74,1419,8,6000,1.05214940099
34536,34930,36343,394,1413,8,6000,1.2788393489
34933,34982,36395,49,1413,8,6000,1.03467799009
34985,34991,36406,6,1415,8,6000,1.00424028269
34995,35006,36406,11,1400,8,6000,1.00785714286
35006,35080,36499,74,1419,8,6000,1.05214940099
35078,35180,36599,102,1419,8,6000,1.07188160677
35180,35238,36639,58,1401,8,6000,1.04139900071
35242,35251,36703,9,1452,8,6000,1.00619834711
35252,35394,36810,142,1416,8,6000,1.10028248588
35303,35309,37536,6,2227,1,18000,1.00269420745
35396,35462,36886,66,1424,8,6000,1.04634831461
35467,35701,37113,234,1412,8,6000,1.1657223796
35533,37562,37636,2029,74,1,1800,28.4189189189
35702,35885,37283,183,1398,8,6000,1.13090128755
35886,35968,37392,82,1424,8,6000,1.05758426966
35967,36354,37756,387,1402,8,6000,1.2760342368
36355,36406,37832,51,1426,8,6000,1.03576437588
36406,36417,37842,11,1425,8,6000,1.00771929825
36417,36423,37835,6,1412,8,6000,1.00424929178
36427,36511,37930,84,1419,8,6000,1.05919661734
36509,36611,38036,102,1425,8,6000,1.07157894737
36611,36650,38060,39,1410,8,6000,1.02765957447
36653,36714,38141,61,1427,8,6000,1.04274702172
36714,36821,38281,107,1460,8,6000,1.07328767123
36817,36897,38309,80,1412,8,6000,1.0566572238
36899,37124,38571,225,1447,8,6000,1.15549412578
37123,37294,38718,171,1424,8,6000,1.12008426966
37297,37403,38827,106,1424,8,6000,1.07443820225
37299,37549,37551,250,2,1,3600,25.2
37399,37767,39172,368,1405,8,6000,1.26192170819
37766,37843,39266,77,1423,8,6000,1.05411103303
37848,37854,39282,6,1428,8,6000,1.00420168067
37859,37865,39283,6,1418,8,6000,1.00423131171
37869,37941,39369,72,1428,8,6000,1.05042016807
37941,38048,39515,107,1467,8,6000,1.07293796864
38054,38071,39487,17,1416,8,6000,1.01200564972
38074,38152,39573,78,1421,8,6000,1.05489092189
38156,38293,39719,137,1426,8,6000,1.09607293128
38289,38321,39740,32,1419,8,6000,1.02255109232
38320,38582,39978,262,1396,8,6000,1.18767908309
38586,38729,40135,143,1406,8,6000,1.10170697013
38729,38839,40262,110,1423,8,6000,1.07730147576
38841,39183,40637,342,1454,8,6000,1.23521320495
39188,39278,40719,90,1441,8,6000,1.06245662734
39280,39294,40702,14,1408,8,6000,1.00994318182
39291,39300,40717,9,1417,8,6000,1.00635144672
39302,39381,40816,79,1435,8,6000,1.05505226481
39384,39498,40927,114,1429,8,6000,1.07977606718
39496,39526,40944,30,1418,8,6000,1.02115655853
39527,39585,41020,58,1435,8,6000,1.04041811847
39589,39730,41157,141,1427,8,6000,1.09880868956
39732,39752,41175,20,1423,8,6000,1.01405481377
39753,39989,41426,236,1437,8,6000,1.16423103688
39987,40146,41588,159,1442,8,6000,1.11026352288
40151,40274,41701,123,1427,8,6000,1.0861948143
40274,40648,42083,374,1435,8,6000,1.2606271777
40651,40713,42138,62,1425,8,6000,1.04350877193
40713,40728,42175,15,1447,8,6000,1.01036627505
40733,40740,42184,7,1444,8,6000,1.00484764543
40744,40827,42259,83,1432,8,6000,1.05796089385
40826,40938,42358,112,1420,8,6000,1.07887323944
40939,40955,42394,16,1439,8,6000,1.01111883252
40959,41032,42455,73,1423,8,6000,1.05130007027
41031,41168,42609,137,1441,8,6000,1.09507286607
41164,41186,42601,22,1415,8,6000,1.01554770318
41185,41437,42876,252,1439,8,6000,1.17512161223
41277,92614,202526,51337,109912,6,604800,1.46707365893
41440,41600,43039,160,1439,8,6000,1.11118832523
41603,41712,43155,109,1443,8,6000,1.07553707554
41716,42094,43524,378,1430,8,6000,1.26433566434
41990,42626,114665,636,72039,2,72000,1.0088285512
42092,42149,43575,57,1426,8,6000,1.03997194951
42154,42187,43633,33,1446,8,6000,1.02282157676
42185,42195,43625,10,1430,8,6000,1.00699300699
42195,42271,43705,76,1434,8,6000,1.0529986053
42267,42369,43788,102,1419,8,6000,1.07188160677
42369,42405,43854,36,1449,8,6000,1.0248447205
42410,42466,43881,56,1415,8,6000,1.03957597173
42470,42612,47397,142,4785,5,14400,1.02967607106
42613,42620,47280,7,4660,5,14400,1.00150214592
42624,42633,47261,9,4628,5,14400,1.00194468453
42635,42887,47720,252,4833,5,14400,1.052141527
42890,42896,47502,6,4606,5,14400,1.00130264872
42900,43050,47747,150,4697,5,14400,1.03193527784
43054,43166,47879,112,4713,5,14400,1.02376405686
43166,43172,47072,6,3900,5,14400,1.00153846154
43177,43535,47779,358,4244,5,14400,1.08435438266
43534,43586,48200,52,4614,5,14400,1.01127004768
43585,43592,47720,7,4128,5,14400,1.00169573643
43596,43636,47720,40,4084,5,14400,1.00979431929
43637,43643,48948,6,5305,5,14400,1.00113100848
43648,43654,47720,6,4066,5,14400,1.00147565175
43658,43716,48421,58,4705,5,14400,1.01232731137
43720,43726,47879,6,4153,5,14400,1.00144473874
43731,43865,47720,134,3855,5,14400,1.03476005188
43864,43871,48132,7,4261,5,14400,1.00164280685
43874,43880,48119,6,4239,5,14400,1.00141542817
43885,43893,48913,8,5020,5,14400,1.0015936255
43895,43902,48632,7,4730,5,14400,1.00147991543
43906,47083,51534,3177,4451,5,14400,1.71377218603
44430,65019,66134,20589,1115,1,54000,19.465470852
47085,47272,51815,187,4543,5,14400,1.0411622276
47268,47291,51697,23,4406,5,14400,1.00522015433
47289,47410,52155,121,4745,5,14400,1.02550052687
47412,47513,52215,101,4702,5,14400,1.02148022118
47514,47731,51722,217,3991,5,14400,1.05437233776
47730,47737,52212,7,4475,5,14400,1.00156424581
47741,47747,52294,6,4547,5,14400,1.00131955135
47752,47758,51659,6,3901,5,14400,1.00153806716
47762,47769,51680,7,3911,5,14400,1.00178982357
47773,47779,52324,6,4545,5,14400,1.00132013201
47784,47790,51960,6,4170,5,14400,1.00143884892
47794,47890,51923,96,4033,5,14400,1.02380362013
47887,47896,52052,9,4156,5,14400,1.00216554379
47897,48130,52097,233,3967,5,14400,1.05873456012
48132,48143,52745,11,4602,5,14400,1.0023902651
48143,48211,52761,68,4550,5,14400,1.01494505495
48215,48432,53033,217,4601,5,14400,1.04716366007
48429,48643,52637,214,3994,5,14400,1.05358037056
48643,48924,52958,281,4034,5,14400,1.06965790778
48929,48959,53585,30,4626,5,14400,1.00648508431
48960,51545,55615,2585,4070,5,14400,1.63513513514
50208,64977,118524,14769,53547,2,72000,1.27581377108
50220,64983,118526,14763,53543,2,72000,1.27572231664
50234,65013,118528,14779,53515,2,72000,1.27616556106
51548,51670,55587,122,3917,5,14400,1.03114628542
51670,51691,56273,21,4582,5,14400,1.00458315146
51691,51709,56080,18,4371,5,14400,1.00411805079
51712,51734,56464,22,4730,5,14400,1.00465116279
51733,51827,56272,94,4445,5,14400,1.02114735658
51825,51934,56449,109,4515,5,14400,1.02414174972
51937,51971,55867,34,3896,5,14400,1.00872689938
51968,52063,56188,95,4125,5,14400,1.02303030303
52061,52108,56426,47,4318,5,14400,1.01088466883
52112,52167,56571,55,4404,5,14400,1.01248864668
52163,52224,56067,61,3843,5,14400,1.01587301587
52225,52231,56600,6,4369,5,14400,1.00137331197
52236,52306,56406,70,4100,5,14400,1.01707317073
52307,52335,57134,28,4799,5,14400,1.00583454886
52338,52648,57535,310,4887,5,14400,1.06343359935
52645,52756,57495,111,4739,5,14400,1.02342266301
52757,52772,57357,15,4585,5,14400,1.00327153762
52768,52969,57051,201,4082,5,14400,1.04924056835
52972,53044,57121,72,4077,5,14400,1.01766004415
53044,53596,58101,552,4505,5,14400,1.12253052164
53594,55598,60240,2004,4642,5,14400,1.43171046963
53993,65029,69867,11036,4838,1,14400,3.28110789582
55601,55626,59681,25,4055,5,14400,1.00616522811
55632,55878,59795,246,3917,5,14400,1.06280316569
55877,56079,60019,202,3940,5,14400,1.05126903553
56081,56092,59931,11,3839,5,14400,1.00286532951
56092,56199,60400,107,4201,5,14400,1.02547012616
56204,56284,60763,80,4479,5,14400,1.01786112972
56286,56292,60845,6,4553,5,14400,1.00131781243
56297,56418,60789,121,4371,5,14400,1.02768245253
56420,56437,61011,17,4574,5,14400,1.00371665938
56440,56460,61184,20,4724,5,14400,1.00423370025
56461,56476,60901,15,4425,5,14400,1.00338983051
56472,56582,60618,110,4036,5,14400,1.02725470763
56584,56612,60472,28,3860,5,14400,1.00725388601
56615,57062,61759,447,4697,5,14400,1.09516712795
57064,57132,61259,68,4127,5,14400,1.0164768597
57136,57145,61104,9,3959,5,14400,1.00227330134
57146,57369,62377,223,5008,5,14400,1.04452875399
57371,57506,62210,135,4704,5,14400,1.02869897959
57504,57546,61605,42,4059,5,14400,1.0103473762
57511,66817,68954,9306,2137,8,86400,5.35470285447
57545,58112,61853,567,3741,5,14400,1.15156375301
57625,165186,173229,107561,8043,16,14400,14.3732438145
58116,59692,63631,1576,3939,5,14400,1.40010154862
59696,59807,64438,111,4631,5,14400,1.0239689052
59809,59942,65108,133,5166,5,14400,1.02574525745
59941,60031,64917,90,4886,5,14400,1.01841997544
60034,60251,64966,217,4715,5,14400,1.0460233298
60248,60411,64623,163,4212,5,14400,1.03869895537
60412,60483,65218,71,4735,5,14400,1.01499472017
60483,60629,64992,146,4363,5,14400,1.03346321339
60626,60774,65244,148,4470,5,14400,1.03310961969
60780,60800,65284,20,4484,5,14400,1.0044603033
60801,60857,64897,56,4040,5,14400,1.01386138614
60862,60912,65001,50,4089,5,14400,1.01222792859
60914,61022,65437,108,4415,5,14400,1.02446206116
61026,61115,65334,89,4219,5,14400,1.02109504622
61118,61196,65247,78,4051,5,14400,1.01925450506
61200,61271,65233,71,3962,5,14400,1.0179202423
61271,61770,63172,499,1402,8,6000,1.35592011412
61770,62221,63625,451,1404,8,6000,1.32122507123
62219,62389,63802,170,1413,8,6000,1.1203113942
62393,63184,64601,791,1417,8,6000,1.55822159492
63058,68965,70978,5907,2013,8,86400,3.93442622951
63187,63637,65068,450,1431,8,6000,1.31446540881
63636,63813,65224,177,1411,8,6000,1.12544294826
63810,64449,65861,639,1412,8,6000,1.45254957507
64452,64612,66021,160,1409,8,6000,1.11355571327
64615,64635,66049,20,1414,8,6000,1.01414427157
64636,64929,66327,293,1398,8,6000,1.2095851216
64932,65003,66427,71,1424,8,6000,1.04985955056
65004,65079,66502,75,1423,8,6000,1.05270555165
65075,65229,66647,154,1418,8,6000,1.10860366714
65228,65235,66649,7,1414,8,6000,1.00495049505
65239,65245,66653,6,1408,8,6000,1.00426136364
65250,65258,66670,8,1412,8,6000,1.00566572238
65260,65346,66768,86,1422,8,6000,1.06047819972
65342,65449,66859,107,1410,8,6000,1.07588652482
65455,65873,67291,418,1418,8,6000,1.29478138223
65714,136505,146178,70791,9673,12,57600,8.31841207485
65873,66032,67458,159,1426,8,6000,1.11150070126
66036,66060,67471,24,1411,8,6000,1.01700921332
66057,66338,67751,281,1413,8,6000,1.19886765747
66343,66438,67860,95,1422,8,6000,1.06680731364
66435,66513,67933,78,1420,8,6000,1.05492957746
66517,66658,68076,141,1418,8,6000,1.09943582511
66660,66666,68077,6,1411,8,6000,1.00425230333
66671,66677,68094,6,1417,8,6000,1.00423429781
66681,66687,68097,6,1410,8,6000,1.00425531915
66692,66780,68195,88,1415,8,6000,1.06219081272
66784,66870,68269,86,1399,8,6000,1.06147248034
66866,67302,68709,436,1407,8,6000,1.30987917555
67304,67469,68882,165,1413,8,6000,1.11677282378
67468,67482,68889,14,1407,8,6000,1.00995024876
67479,67762,69184,283,1422,8,6000,1.19901547117
67764,67872,69316,108,1444,8,6000,1.07479224377
67877,67944,69361,67,1417,8,6000,1.04728299224
67949,68087,69505,138,1418,8,6000,1.09732016925
68092,68098,69515,6,1417,8,6000,1.00423429781
68102,68108,69529,6,1421,8,6000,1.00422237861
68113,68119,69573,6,1454,8,6000,1.00412654746
68124,68206,69628,82,1422,8,6000,1.0576652602
68206,68280,69701,74,1421,8,6000,1.05207600281
68277,68720,70145,443,1425,8,6000,1.31087719298
68716,68893,70331,177,1438,8,6000,1.1230876217
68740,72439,80208,3699,7769,8,172800,1.47612305316
68889,68900,70316,11,1416,8,6000,1.00776836158
68900,69196,70612,296,1416,8,6000,1.20903954802
69196,69328,70756,132,1428,8,6000,1.09243697479
69329,69373,70787,44,1414,8,6000,1.03111739745
69370,69516,70931,146,1415,8,6000,1.10318021201
69513,69527,70955,14,1428,8,6000,1.00980392157
69523,69541,70980,18,1439,8,6000,1.01250868659
69544,69584,71016,40,1432,8,6000,1.02793296089
69585,69639,71068,54,1429,8,6000,1.0377886634
69637,69712,71139,75,1427,8,6000,1.05255781359
69709,70157,71573,448,1416,8,6000,1.31638418079
69770,70312,70321,542,9,2,600,55.1
70076,70082,70726,6,644,1,14400,1.00931677019
70157,70327,71753,170,1426,8,6000,1.11921458626
70331,70343,71770,12,1427,8,6000,1.00840925018
70341,70623,72041,282,1418,8,6000,1.19887165021
70627,70767,72197,140,1430,8,6000,1.0979020979
70770,70798,72224,28,1426,8,6000,1.01963534362
70801,70942,72358,141,1416,8,6000,1.09957627119
70944,70967,72407,23,1440,8,6000,1.01597222222
70965,70989,72427,24,1438,8,6000,1.01668984701
70986,70995,72419,9,1424,8,6000,1.00632022472
70996,71027,72436,31,1409,8,6000,1.02200141945
71027,71079,72495,52,1416,8,6000,1.03672316384
71079,71150,72586,71,1436,8,6000,1.04944289694
71150,71584,73046,434,1462,8,6000,1.29685362517
71217,80792,80923,9575,131,2,600,74.0916030534
71589,71764,73192,175,1428,8,6000,1.12254901961
71762,71781,73207,19,1426,8,6000,1.01332398317
71783,72053,73502,270,1449,8,6000,1.18633540373
72048,72208,73634,160,1426,8,6000,1.11220196353
72212,72235,73658,23,1423,8,6000,1.01616303584
72232,72369,73800,137,1431,8,6000,1.09573724668
72365,72418,73850,53,1432,8,6000,1.03701117318
72417,72430,73860,13,1430,8,6000,1.00909090909
72427,72448,73881,21,1433,8,6000,1.01465457083
72448,72506,73946,58,1440,8,6000,1.04027777778
72510,72598,74049,88,1451,8,6000,1.06064782908
72516,80218,83292,7702,3074,8,86400,3.50553025374
72522,83303,83440,10781,137,8,86400,79.6934306569
72602,73058,74481,456,1423,8,6000,1.32044975404
72898,80798,80831,7900,33,2,3540,240.393939394
72976,132120,136488,59144,4368,25,10799,14.5402930403
73060,73204,74628,144,1424,8,6000,1.10112359551
73203,73218,74734,15,1516,8,6000,1.0098944591
73214,73514,75019,300,1505,8,6000,1.19933554817
73510,73645,75075,135,1430,8,6000,1.09440559441
73643,73669,75116,26,1447,8,6000,1.01796821009
73674,73812,75239,138,1427,8,6000,1.09670637701
73817,73861,75277,44,1416,8,6000,1.03107344633
73858,73871,75322,13,1451,8,6000,1.00895933839
73868,73893,75318,25,1425,8,6000,1.01754385965
73889,73957,75392,68,1435,8,6000,1.04738675958
73961,74060,75480,99,1420,8,6000,1.06971830986
74063,74492,75932,429,1440,8,6000,1.29791666667
74491,74639,76064,148,1425,8,6000,1.10385964912
74644,74745,76220,101,1475,8,6000,1.06847457627
74747,75031,76467,284,1436,8,6000,1.19777158774
75032,75087,76515,55,1428,8,6000,1.03851540616
75084,75127,76544,43,1417,8,6000,1.03034580099
75125,75250,76693,125,1443,8,6000,1.08662508663
75247,75288,76720,41,1432,8,6000,1.02863128492
75288,75330,76759,42,1429,8,6000,1.02939118265
75327,75337,80262,10,4925,5,14400,1.00203045685
75338,75344,79906,6,4562,5,14400,1.00131521263
75348,75355,80033,7,4678,5,14400,1.00149636597
75359,75403,80182,44,4779,5,14400,1.00920694706
75400,75492,79910,92,4418,5,14400,1.02082390222
75492,75498,79732,6,4234,5,14400,1.00141709967
75503,75943,80549,440,4606,5,14400,1.09552757273
75941,76075,79960,134,3885,5,14400,1.03449163449
76074,76081,80193,7,4112,5,14400,1.00170233463
76085,76232,80781,147,4549,5,14400,1.03231479446
76238,76244,80433,6,4189,5,14400,1.00143232275
76248,76479,80452,231,3973,5,14400,1.05814246162
76483,76526,81501,43,4975,5,14400,1.00864321608
76524,76533,80479,9,3946,5,14400,1.00228079067
76535,76555,81038,20,4483,5,14400,1.00446129824
76556,76704,80774,148,4070,5,14400,1.03636363636
76709,76715,80546,6,3831,5,14400,1.00156617071
76720,76732,80882,12,4150,5,14400,1.00289156627
76730,76739,80964,9,4225,5,14400,1.00213017751
76741,76770,81712,29,4942,5,14400,1.00586806961
76772,79744,84585,2972,4841,5,14400,1.61392274323
79745,79917,84533,172,4616,5,14400,1.03726169844
79918,79924,84595,6,4671,5,14400,1.00128452152
79929,79971,84688,42,4717,5,14400,1.00890396438
79970,80044,84840,74,4796,5,14400,1.0154295246
80042,80193,84797,151,4604,5,14400,1.03279756733
80196,80204,84192,8,3988,5,14400,1.00200601805
80206,80274,85105,68,4831,5,14400,1.01407576071
80278,80444,84970,166,4526,5,14400,1.03667697746
80294,83451,142343,3157,58892,8,172800,1.05360660192
80442,80463,84486,21,4023,5,14400,1.00521998509
80462,80490,84267,28,3777,5,14400,1.00741329097
80493,80558,85015,65,4457,5,14400,1.01458380076
80555,80565,84674,10,4109,5,14400,1.00243368216
80566,80785,84609,219,3824,5,14400,1.05726987448
80790,80843,85122,53,4279,5,14400,1.01238607151
80842,80894,84901,52,4007,5,14400,1.01297728974
80893,80975,86063,82,5088,5,14400,1.0161163522
80975,81050,85679,75,4629,5,14400,1.0162022035
81047,81512,86394,465,4882,5,14400,1.09524784924
81516,81724,85616,208,3892,5,14400,1.05344295992
81720,84204,88216,2484,4012,5,14400,1.61914257228
84206,84278,89007,72,4729,5,14400,1.01522520617
84278,84497,88494,219,3997,5,14400,1.05479109332
84502,84544,88508,42,3964,5,14400,1.01059535822
84543,84596,89371,53,4775,5,14400,1.01109947644
84595,84606,88781,11,4175,5,14400,1.00263473054
84606,84621,89360,15,4739,5,14400,1.00316522473
84616,84686,88852,70,4166,5,14400,1.01680268843
84688,84699,89164,11,4465,5,14400,1.00246360582
84699,84808,88724,109,3916,5,14400,1.02783452503
84811,84852,88983,41,4131,5,14400,1.00992495764
84852,84912,88927,60,4015,5,14400,1.01494396015
84914,84981,89364,67,4383,5,14400,1.01528633356
84986,85026,88861,40,3835,5,14400,1.01043024772
85027,85116,89770,89,4654,5,14400,1.01912333477
85119,85134,89258,15,4124,5,14400,1.00363724539
85140,85628,90244,488,4616,5,14400,1.10571923744
85630,85690,90470,60,4780,5,14400,1.01255230126
85691,86074,90825,383,4751,5,14400,1.08061460745
86079,86405,91067,326,4662,5,14400,1.06992706993
86406,88227,92182,1821,3955,5,14400,1.46042983565
88230,88505,92401,275,3896,5,14400,1.07058521561
88505,88520,93184,15,4664,5,14400,1.0032161235
88516,88735,93450,219,4715,5,14400,1.04644750795
88741,88792,92854,51,4062,5,14400,1.01255539143
88792,88864,92724,72,3860,5,14400,1.01865284974
88864,88873,92864,9,3991,5,14400,1.00225507392
88875,88938,92834,63,3896,5,14400,1.01617043121
88936,88994,93055,58,4061,5,14400,1.0142821965
88998,89019,93241,21,4222,5,14400,1.004973946
89019,89175,94186,156,5011,5,14400,1.03113151068
89172,89269,93285,97,4016,5,14400,1.02415338645
89274,89372,94271,98,4899,5,14400,1.02000408247
89376,89382,94128,6,4746,5,14400,1.0012642225
89387,89393,93970,6,4577,5,14400,1.00131090234
89398,89781,93895,383,4114,5,14400,1.09309674283
89785,90256,94145,471,3889,5,14400,1.1211108254
90254,90481,94889,227,4408,5,14400,1.05149727768
90479,90837,94879,358,4042,5,14400,1.08857001484
90836,91079,95010,243,3931,5,14400,1.06181633172
91081,92193,97128,1112,4935,5,14400,1.22532928065
92192,92412,97089,220,4677,5,14400,1.04703870002
92416,92620,96606,204,3986,5,14400,1.05117912694
92620,92736,96541,116,3805,5,14400,1.03048620237
92733,92845,96977,112,4132,5,14400,1.02710551791
92845,92865,97533,20,4668,5,14400,1.00428449015
92866,92875,98007,9,5132,5,14400,1.00175370226
92877,93066,97736,189,4670,5,14400,1.04047109208
93071,93195,97824,124,4629,5,14400,1.02678764312
93194,93252,97404,58,4152,5,14400,1.01396917148
93255,93296,98171,41,4875,5,14400,1.00841025641
93296,93461,97887,165,4426,5,14400,1.0372797108
93460,93906,98395,446,4489,5,14400,1.09935397639
93909,93981,98417,72,4436,5,14400,1.01623083859
93981,94140,98103,159,3963,5,14400,1.04012112036
94145,94157,98232,12,4075,5,14400,1.00294478528
94155,94197,98871,42,4674,5,14400,1.00898587933
94197,94282,98536,85,4254,5,14400,1.01998119417
94278,94890,98960,612,4070,5,14400,1.15036855037
94890,94901,98823,11,3922,5,14400,1.00280469148
94899,96552,97975,1653,1423,8,6000,2.1616303584
95032,99738,102982,4706,3244,4,14400,2.45067817509
95058,95064,95072,6,8,1,3600,1.4
95176,95182,95306,6,124,1,3600,1.04838709677
95428,95434,95731,6,297,1,3600,1.0202020202
95951,95957,96584,6,627,1,3600,1.00956937799
96552,96988,98479,436,1491,8,6000,1.29242119383
96991,97100,98515,109,1415,8,6000,1.07703180212
97091,98182,98188,1091,6,1,3600,109.7
97103,97415,98826,312,1411,8,6000,1.22111977321
97419,97544,98952,125,1408,8,6000,1.08877840909
97542,97835,99260,293,1425,8,6000,1.20561403509
97838,97986,99388,148,1402,8,6000,1.10556348074
97991,98018,99441,27,1423,8,6000,1.01897399859
98022,98114,99532,92,1418,8,6000,1.06488011283
98114,98243,99666,129,1423,8,6000,1.09065354884
98247,98407,99821,160,1414,8,6000,1.11315417256
98301,98835,98934,534,99,1,3600,6.39393939394
98411,98490,99891,79,1401,8,6000,1.05638829408
98493,98527,99953,34,1426,8,6000,1.02384291725
98524,98547,99966,23,1419,8,6000,1.0162085976
98545,98842,100255,297,1413,8,6000,1.2101910828
98627,98944,98953,317,9,1,1800,32.6
98840,98882,100294,42,1412,8,6000,1.02974504249
98882,98963,100375,81,1412,8,6000,1.05736543909
98963,98972,100374,9,1402,8,6000,1.00641940086
98974,99744,99875,770,131,1,3600,6.87786259542
98974,99271,100698,297,1427,8,6000,1.20812894184
99056,99749,100044,693,295,1,3600,3.34915254237
99116,99885,99965,769,80,1,1800,10.6125
99270,99399,100820,129,1421,8,6000,1.09078114004
99403,99452,100858,49,1406,8,6000,1.03485064011
99454,99543,100961,89,1418,8,6000,1.06276445698
99546,99677,101096,131,1419,8,6000,1.09231853418
99679,99832,101241,153,1409,8,6000,1.10858765082
99832,99903,101318,71,1415,8,6000,1.05017667845
99905,99964,101372,59,1408,8,6000,1.04190340909
99966,99977,101410,11,1433,8,6000,1.00767620377
99977,100267,101661,290,1394,8,6000,1.20803443329
99998,100054,100360,56,306,1,3600,1.18300653595
100201,100370,100469,169,99,1,1800,2.70707070707
100272,100305,101736,33,1431,8,6000,1.02306079665
100303,100386,101813,83,1427,8,6000,1.05816398038
100332,100479,101171,147,692,1,3600,1.21242774566
100385,100392,101821,7,1429,8,6000,1.00489853044
100396,100709,102117,313,1408,8,6000,1.22230113636
100582,101181,101823,599,642,1,3600,1.93302180685
100712,100831,102304,119,1473,8,6000,1.08078750849
100835,100869,102277,34,1408,8,6000,1.02414772727
100866,100972,102386,106,1414,8,6000,1.07496463932
100965,101833,102215,868,382,1,1800,3.2722513089
100968,101108,102585,140,1477,8,6000,1.09478672986
101111,101252,102668,141,1416,8,6000,1.09957627119
101254,101329,102756,75,1427,8,6000,1.05255781359
101326,101383,102827,57,1444,8,6000,1.03947368421
101387,101421,102839,34,1418,8,6000,1.023977433
101418,101672,103079,254,1407,8,6000,1.18052594172
101674,101747,103168,73,1421,8,6000,1.05137227305
101745,101825,103246,80,1421,8,6000,1.05629838142
101828,101839,103232,11,1393,8,6000,1.00789662599
101838,102129,103551,291,1422,8,6000,1.20464135021
102134,102288,103720,154,1432,8,6000,1.10754189944
102287,102316,103745,29,1429,8,6000,1.02029391183
102318,102398,103807,80,1409,8,6000,1.05677785664
102400,102596,104027,196,1431,8,6000,1.13696715584
102594,102679,104107,85,1428,8,6000,1.05952380952
102668,102993,103092,325,99,1,3600,4.28282828283
102676,102767,104186,91,1419,8,6000,1.06412966878
102768,102839,104258,71,1419,8,6000,1.05003523608
102840,102850,104258,10,1408,8,6000,1.00710227273
102850,103090,104528,240,1438,8,6000,1.1668984701
102863,102999,103006,136,7,1,1800,14.3
103095,103182,104604,87,1422,8,6000,1.0611814346
103170,103176,103218,6,42,1,1800,1.14285714286
103188,103243,104660,55,1417,8,6000,1.03881439661
103211,103228,103519,17,291,1,3600,1.05841924399
103239,103257,104717,18,1460,8,6000,1.01232876712
103260,103562,104986,302,1424,8,6000,1.21207865169
103458,103529,103610,71,81,1,1800,1.87654320988
103566,103731,105153,165,1422,8,6000,1.11603375527
103729,103756,105184,27,1428,8,6000,1.01890756303
103760,103819,105251,59,1432,8,6000,1.04120111732
103795,105697,106227,1902,530,1,3600,4.58867924528
103822,104038,105438,216,1400,8,6000,1.15428571429
104036,104118,105549,82,1431,8,6000,1.0573025856
104118,104197,105624,79,1427,8,6000,1.05536089699
104200,104270,105680,70,1410,8,6000,1.04964539007
104240,105702,105962,1462,260,1,1800,6.62307692308
104272,104278,105679,6,1401,8,6000,1.00428265525
104282,104539,105958,257,1419,8,6000,1.18111346018
104537,104615,106055,78,1440,8,6000,1.05416666667
104619,104671,106096,52,1425,8,6000,1.03649122807
104671,104728,106157,57,1429,8,6000,1.03988803359
104732,104997,106425,265,1428,8,6000,1.18557422969
104998,105165,106588,167,1423,8,6000,1.11735769501
105161,105195,106628,34,1433,8,6000,1.02372644801
105192,105262,106691,70,1429,8,6000,1.04898530441
105264,105449,106862,185,1413,8,6000,1.13092710545
105448,105561,106988,113,1427,8,6000,1.07918710582
105560,105635,107064,75,1429,8,6000,1.05248425472
105632,105690,107123,58,1433,8,6000,1.04047452896
105693,105709,107131,16,1422,8,6000,1.01125175809
105714,105969,107385,255,1416,8,6000,1.18008474576
105969,106066,107509,97,1443,8,6000,1.06722106722
106071,106108,107550,37,1442,8,6000,1.02565880721
106112,106168,107592,56,1424,8,6000,1.0393258427
106164,106437,107863,273,1426,8,6000,1.19144460028
106339,106346,106427,7,81,1,1800,1.08641975309
106439,106600,108016,161,1416,8,6000,1.11370056497
106504,120392,120535,13888,143,8,86400,98.1188811189
106508,120546,123761,14038,3215,8,86400,5.36640746501
106603,106639,108077,36,1438,8,6000,1.02503477051
106644,106703,108140,59,1437,8,6000,1.04105775922
106679,109543,109642,2864,99,1,1800,29.9292929293
106705,106874,108345,169,1471,8,6000,1.11488783141
106879,107000,108432,121,1432,8,6000,1.0844972067
107002,107076,108522,74,1446,8,6000,1.05117565698
107073,107134,108566,61,1432,8,6000,1.04259776536
107135,107142,108587,7,1445,8,6000,1.00484429066
107145,107396,108829,251,1433,8,6000,1.17515701326
107401,107520,108958,119,1438,8,6000,1.08275382476
107523,107561,109027,38,1466,8,6000,1.02592087312
107564,107603,109031,39,1428,8,6000,1.02731092437
107606,107874,109343,268,1469,8,6000,1.18243703199
107871,108027,109469,156,1442,8,6000,1.10818307906
108024,108088,109526,64,1438,8,6000,1.04450625869
108085,108152,109597,67,1445,8,6000,1.04636678201
108155,108161,112575,6,4414,5,14400,1.00135931128
108166,108356,112907,190,4551,5,14400,1.04174906614
108360,108366,113184,6,4818,5,14400,1.00124533001
108370,108444,113080,74,4636,5,14400,1.01596203624
108442,108534,113110,92,4576,5,14400,1.0201048951
108534,108541,112812,7,4271,5,14400,1.00163896043
108545,108577,113583,32,5006,5,14400,1.0063923292
108576,108598,112395,22,3797,5,14400,1.00579404793
108597,108604,112798,7,4194,5,14400,1.00166905103
108607,108840,113761,233,4921,5,14400,1.04734809998
108842,108848,112867,6,4019,5,14400,1.00149290868
108852,108969,112859,117,3890,5,14400,1.03007712082
108965,109038,113716,73,4678,5,14400,1.01560495938
109037,109044,112918,7,3874,5,14400,1.00180691791
109047,109053,113892,6,4839,5,14400,1.0012399256
109058,109354,113356,296,4002,5,14400,1.07396301849
109354,109361,113216,7,3855,5,14400,1.00181582361
109364,109480,113603,116,4123,5,14400,1.02813485326
109477,109487,113734,10,4247,5,14400,1.00235460325
109487,109537,114567,50,5030,5,14400,1.00994035785
109539,109608,114185,69,4577,5,14400,1.01507537688
109611,109617,113796,6,4179,5,14400,1.00143575018
109621,112406,116932,2785,4526,5,14400,1.61533362793
110153,110159,110523,6,364,1,1800,1.01648351648
111683,111689,111730,6,41,1,1800,1.14634146341
111985,111991,112064,6,73,1,1800,1.08219178082
112403,112586,117158,183,4572,5,14400,1.04002624672
112586,112810,117557,224,4747,5,14400,1.04718769749
112715,114676,114929,1961,253,1,1800,8.75098814229
112811,112824,117454,13,4630,5,14400,1.00280777538
112822,112870,116833,48,3963,5,14400,1.01211203634
112873,112879,117637,6,4758,5,14400,1.00126103405
112884,112918,117404,34,4486,5,14400,1.00757913509
112915,112929,116882,14,3953,5,14400,1.00354161396
112926,113092,117001,166,3909,5,14400,1.04246610386
113089,113121,117137,32,4016,5,14400,1.00796812749
113120,113195,117316,75,4121,5,14400,1.01819946615
113192,113228,117191,36,3963,5,14400,1.00908402725
113233,113367,117791,134,4424,5,14400,1.03028933092
113366,113594,117464,228,3870,5,14400,1.05891472868
113590,113614,118421,24,4807,5,14400,1.00499271895
113611,113728,117867,117,4139,5,14400,1.02826769751
113724,113745,118758,21,5013,5,14400,1.00418910832
113745,113772,117968,27,4196,5,14400,1.00643469971
113776,113807,117657,31,3850,5,14400,1.00805194805
113807,113904,118628,97,4724,5,14400,1.02053344623
113909,114197,118151,288,3954,5,14400,1.07283763278
114195,114579,118565,384,3986,5,14400,1.09633718013
114582,116846,121722,2264,4876,5,14400,1.46431501231
114762,114768,118382,6,3614,1,3600,1.00166021029
114843,123772,124920,8929,1148,8,259200,8.77787456446
114953,129907,131892,14954,1985,4,14400,8.53350125945
116845,116893,121089,48,4196,5,14400,1.01143946616
116897,116944,121563,47,4619,5,14400,1.01017536263
116948,117012,121402,64,4390,5,14400,1.0145785877
117010,117148,121666,138,4518,5,14400,1.03054448871
117153,117170,121110,17,3940,5,14400,1.00431472081
117174,117202,121410,28,4208,5,14400,1.0066539924
117205,117327,121577,122,4250,5,14400,1.02870588235
117249,124932,128605,7683,3673,8,21600,3.09175061258
117327,117415,122043,88,4628,5,14400,1.01901469317
117420,117465,121272,45,3807,5,14400,1.01182033097
117461,117477,121907,16,4430,5,14400,1.00361173815
117482,117569,121682,87,4113,5,14400,1.02115244347
117574,117648,122371,74,4723,5,14400,1.01566800762
117646,117668,122636,22,4968,5,14400,1.00442834138
117666,117803,122680,137,4877,5,14400,1.02809103957
117799,117879,122821,80,4942,5,14400,1.01618777823
117881,117979,122014,98,4035,5,14400,1.02428748451
117984,118162,122059,178,3897,5,14400,1.04567616115
118116,119443,131309,1327,11866,2,14400,1.1118321254
118138,118394,118598,256,204,1,18000,2.25490196078
118168,118432,123038,264,4606,5,14400,1.05731654364
118201,118609,118773,408,164,1,18000,3.48780487805
118433,118577,122946,144,4369,5,14400,1.0329594873
118551,119607,120381,1056,774,6,604800,2.36434108527
118576,118639,122547,63,3908,5,14400,1.01612077789
118638,118771,122638,133,3867,5,14400,1.03439358676
118771,119436,123437,665,4001,5,14400,1.16620844789
118971,136499,207291,17528,70792,16,324000,1.24759859871
119332,119450,119488,118,38,2,72000,4.10526315789
119357,119499,119537,142,38,2,72000,4.73684210526
119375,119548,119586,173,38,2,72000,5.55263157895
119401,119597,119636,196,39,2,72000,6.02564102564
119434,121100,124954,1666,3854,5,14400,1.43227815257
119435,119613,127415,178,7802,1,36000,1.02281466291
119504,255576,302663,136072,47087,6,180000,3.88979973241
119569,119619,127463,50,7844,1,36000,1.00637429883
119608,127712,127882,8104,170,4,3600,48.6705882353
119608,127552,127700,7944,148,4,3600,54.6756756757
119608,127563,127745,7955,182,4,3600,44.7087912088
119609,127756,127916,8147,160,4,3600,51.91875
119609,127895,128060,8286,165,4,3600,51.2181818182
119609,127928,128068,8319,140,4,3600,60.4214285714
119610,128071,128228,8461,157,4,3600,54.8917197452
119610,129589,129746,9979,157,4,3600,64.5605095541
119610,129757,129895,10147,138,4,3600,74.5289855072
119686,262097,514470,142411,252373,6,306000,1.56428778039
120172,262134,265020,141962,2886,12,86400,50.1898821899
120786,142453,747303,21667,604850,6,604800,1.03582210465
120884,130045,221589,9161,91544,3,460800,1.10007209648
120996,124453,195993,3457,71540,16,604800,1.04832261672
121096,180245,785078,59149,604833,6,604800,1.09779393651
121097,121122,125177,25,4055,5,14400,1.00616522811
121118,121284,125526,166,4242,5,14400,1.03913248468
121176,133963,156395,12787,22432,2,72000,1.57003388017
121195,134805,156419,13610,21614,2,72000,1.62968446377
121214,134810,156431,13596,21621,2,72000,1.62883307895
121235,136014,156442,14779,20428,2,72000,1.72346778931
121281,121413,125979,132,4566,5,14400,1.02890932983
121415,121421,125344,6,3923,5,14400,1.00152944175
121425,121576,126515,151,4939,5,14400,1.03057299048
121579,121589,126409,10,4820,5,14400,1.0020746888
121590,121678,126107,88,4429,5,14400,1.01986904493
121682,121693,125849,11,4156,5,14400,1.00264677575
121693,121734,125648,41,3914,5,14400,1.01047521717
121735,121918,126127,183,4209,5,14400,1.04347826087
121890,241178,251526,119288,10348,4,10380,12.527638191
121919,122026,126004,107,3978,5,14400,1.02689793866
122022,122054,125962,32,3908,5,14400,1.00818833163
122053,122070,127144,17,5074,5,14400,1.00335041387
122074,122383,127160,309,4777,5,14400,1.06468494871
122381,122559,126651,178,4092,5,14400,1.04349951124
122555,122648,126484,93,3836,5,14400,1.02424400417
122648,122654,126646,6,3992,5,14400,1.00150300601
122658,122691,127291,33,4600,5,14400,1.00717391304
122690,122832,127528,142,4696,5,14400,1.03023850085
122833,122957,127540,124,4583,5,14400,1.0270565132
122952,242833,247865,119881,5032,4,10380,24.8237281399
122956,123049,127834,93,4785,5,14400,1.01943573668
123049,123449,127552,400,4103,5,14400,1.09748964173
123448,124965,129693,1517,4728,5,14400,1.32085448393
123711,139508,225053,15797,85545,6,540000,1.18466304284
124181,127302,129541,3121,2239,1,18000,2.39392585976
124365,127474,139223,3109,11749,2,14400,1.26461826538
124964,125189,129687,225,4498,5,14400,1.0500222321
125190,125355,129720,165,4365,5,14400,1.03780068729
125354,125538,130314,184,4776,5,14400,1.03852596315
125538,125660,129577,122,3917,5,14400,1.03114628542
125662,125860,130290,198,4430,5,14400,1.04469525959
125705,249532,253165,123827,3633,64,3600,35.0839526562
125856,125974,130534,118,4560,5,14400,1.02587719298
125969,125994,130034,25,4040,5,14400,1.00618811881
125990,126015,130152,25,4137,5,14400,1.00604302635
126011,126118,130068,107,3950,5,14400,1.02708860759
126122,126422,127829,300,1407,8,6000,1.2132196162
126419,126526,127949,107,1423,8,6000,1.07519325369
126522,126658,128068,136,1410,8,6000,1.09645390071
126655,127155,128640,500,1485,8,6000,1.3367003367
127049,128616,128624,1567,8,8,14400,157.5
127155,127171,128598,16,1427,8,6000,1.01121233357
127176,127540,128957,364,1417,8,6000,1.25688073394
127449,132125,279282,4676,147157,18,198000,1.03177558662
127543,127841,129240,298,1399,8,6000,1.21300929235
127759,130164,130166,2405,2,4,108000,240.7
127839,127847,129252,8,1405,8,6000,1.00569395018
127850,127960,129455,110,1495,8,6000,1.07357859532
127922,130190,143953,2268,13763,2,21600,1.16478965342
127963,128079,129512,116,1433,8,6000,1.08094905792
128075,128240,129648,165,1408,8,6000,1.1171875
128239,128609,130028,370,1419,8,6000,1.26074700493
128593,130196,133398,1603,3202,2,43200,1.50062460962
128607,128635,130063,28,1428,8,6000,1.01960784314
128639,128651,130067,12,1416,8,6000,1.00847457627
128649,128968,130392,319,1424,8,6000,1.22401685393
128872,130076,133607,1204,3531,8,14400,1.34097989238
128966,129252,130665,286,1413,8,6000,1.20240622788
129212,202538,209519,73326,6981,6,604800,11.5036527718
129253,129263,130682,10,1419,8,6000,1.00704721635
129263,129466,130902,203,1436,8,6000,1.14136490251
129297,131321,135791,2024,4470,2,14400,1.45279642058
129468,129524,130924,56,1400,8,6000,1.04
129520,129660,131079,140,1419,8,6000,1.09866102889
129663,129705,131116,42,1411,8,6000,1.02976612332
129705,129732,131140,27,1408,8,6000,1.01917613636
129736,130039,131444,303,1405,8,6000,1.21565836299
130043,130083,131506,40,1423,8,6000,1.02810962755
130052,132112,145635,2060,13523,2,21600,1.15233306219
130084,130090,131524,6,1434,8,6000,1.00418410042
130095,130325,131733,230,1408,8,6000,1.16335227273
130279,131903,131968,1624,65,4,3600,25.9846153846
130279,131979,132039,1700,60,4,3600,29.3333333333
130279,132051,132106,1772,55,4,3600,33.2181818182
130280,134388,134477,4108,89,4,3600,47.1573033708
130280,134489,134551,4209,62,4,3600,68.8870967742
130280,134562,134613,4282,51,4,3600,84.9607843137
130280,134625,134667,4345,42,4,3600,104.452380952
130281,134678,134721,4397,43,4,3600,103.255813953
130281,134732,134776,4451,44,4,3600,102.159090909
130330,130403,131812,73,1409,8,6000,1.05180979418
130402,130545,131958,143,1413,8,6000,1.10120311394
130546,130677,132093,131,1416,8,6000,1.09251412429
130679,130693,132097,14,1404,8,6000,1.00997150997
130690,130913,132329,223,1416,8,6000,1.15748587571
130915,130936,132350,21,1414,8,6000,1.01485148515
130936,131091,132504,155,1413,8,6000,1.10969568294
131090,131127,132528,37,1401,8,6000,1.02640970735
131131,131151,132572,20,1421,8,6000,1.01407459536
131154,131456,132881,302,1425,8,6000,1.21192982456
131272,134791,134793,3519,2,4,108000,352.1
131451,131518,132934,67,1416,8,6000,1.04731638418
131513,131537,132952,24,1415,8,6000,1.01696113074
131534,131744,133159,210,1415,8,6000,1.14840989399
131748,131823,133345,75,1522,8,6000,1.04927726675
131820,131970,133375,150,1405,8,6000,1.10676156584
131974,132105,133523,131,1418,8,6000,1.09238363893
132107,132340,133775,233,1435,8,6000,1.16236933798
132343,132362,133786,19,1424,8,6000,1.01334269663
132364,132516,133943,152,1427,8,6000,1.10651716889
132517,132540,133951,23,1411,8,6000,1.0163004961
132538,132584,134006,46,1422,8,6000,1.0323488045
132589,132893,134307,304,1414,8,6000,1.21499292786
132895,132945,134377,50,1432,8,6000,1.03491620112
132905,136425,138510,3520,2085,2,604800,2.68824940048
132931,136734,139077,3803,2343,2,604800,2.62313273581
132947,132963,134369,16,1406,8,6000,1.01137980085
132951,136740,138028,3789,1288,2,604800,3.94177018634
132968,133171,134591,203,1420,8,6000,1.14295774648
133172,133358,134773,186,1415,8,6000,1.13144876325
133356,133387,134806,31,1419,8,6000,1.02184637068
133387,133409,134833,22,1424,8,6000,1.0154494382
133408,133534,134953,126,1419,8,6000,1.088794926
133530,133786,135199,256,1413,8,6000,1.18117480538
133595,134524,134896,929,372,8,14400,3.49731182796
133784,133798,135211,14,1413,8,6000,1.00990799717
133795,133954,135379,159,1425,8,6000,1.11157894737
133958,134017,135459,59,1442,8,6000,1.04091539528
134000,134008,140339,8,6331,1,36000,1.00126362344
134019,134318,135745,299,1427,8,6000,1.20953048353
134324,134381,135823,57,1442,8,6000,1.03952843273
134385,134394,135821,9,1427,8,6000,1.00630693763
134395,134603,136042,208,1439,8,6000,1.14454482279
134599,134784,136221,185,1437,8,6000,1.12874043145
134783,134817,136243,34,1426,8,6000,1.02384291725
134813,134844,136268,31,1424,8,6000,1.02176966292
134844,134964,136373,120,1409,8,6000,1.08516678495
134966,135210,136628,244,1418,8,6000,1.17207334274
135028,135809,135996,781,187,8,14400,5.17647058824
135135,135802,136413,667,611,2,600,2.09165302782
135174,136516,136570,1342,54,4,108000,25.8518518519
135210,135224,136656,14,1432,8,6000,1.00977653631
135215,136582,136635,1367,53,4,108000,26.7924528302
135221,135390,136796,169,1406,8,6000,1.12019914651
135236,136646,136664,1410,18,4,108000,79.3333333333
135283,136676,136723,1393,47,4,108000,30.6382978723
135394,135471,136895,77,1424,8,6000,1.05407303371
135409,138041,148046,2632,10005,2,14400,1.26306846577
135448,152216,152625,16768,409,2,900,41.9975550122
135475,135757,137184,282,1427,8,6000,1.19761737912
135760,135833,137340,73,1507,8,6000,1.04844061048
135833,135839,137254,6,1415,8,6000,1.00424028269
135843,136008,137444,165,1436,8,6000,1.11490250696
136006,136053,137475,47,1422,8,6000,1.03305203938
136057,136232,137701,175,1469,8,6000,1.11912865895
136162,138522,181734,2360,43212,2,43200,1.05461445895
136193,136511,142991,318,6480,8,14400,1.04907407407
136211,139089,182338,2878,43249,2,43200,1.06654489121
136232,136255,137685,23,1430,8,6000,1.01608391608
136253,136279,137708,26,1429,8,6000,1.01819454164
136284,136385,137822,101,1437,8,6000,1.07028531663
136385,136639,138066,254,1427,8,6000,1.17799579537
136640,136667,138111,27,1444,8,6000,1.01869806094
136670,136808,138225,138,1417,8,6000,1.09738884968
136811,137461,137482,650,21,1,900,31.9523809524
136813,136907,138322,94,1415,8,6000,1.06643109541
136905,137196,138618,291,1422,8,6000,1.20464135021
136959,137493,139852,534,2359,1,18000,1.22636710471
137200,137265,138685,65,1420,8,6000,1.04577464789
137261,137351,138775,90,1424,8,6000,1.06320224719
137280,138908,177621,1628,38713,1,86400,1.04205305711
137353,137455,138861,102,1406,8,6000,1.07254623044
137359,137725,137885,366,160,2,600,3.2875
137455,137486,138925,31,1439,8,6000,1.02154273801
137486,137696,139126,210,1430,8,6000,1.14685314685
137699,137718,139135,19,1417,8,6000,1.01340860974
137720,137834,139271,114,1437,8,6000,1.07933194154
137755,138878,138896,1123,18,1,900,63.3888888889
137832,137896,139341,64,1445,8,6000,1.04429065744
137893,138078,139496,185,1418,8,6000,1.13046544429
138077,138122,139543,45,1421,8,6000,1.03166783955
138119,138236,139671,117,1435,8,6000,1.08153310105
138241,138334,139761,93,1427,8,6000,1.06517168886
138333,139234,141485,901,2251,2,604800,1.4002665482
138334,138629,140060,295,1431,8,6000,1.20614954577
138557,155109,175051,16552,19942,1,54000,1.83000702036
138617,140369,142189,1752,1820,1,1800,1.96263736264
138632,138697,140122,65,1425,8,6000,1.04561403509
138694,138786,140206,92,1420,8,6000,1.06478873239
138791,138872,143577,81,4705,5,14400,1.01721572795
138874,138936,143625,62,4689,5,14400,1.01322243549
138936,138942,143435,6,4493,5,14400,1.00133541064
138947,139137,143896,190,4759,5,14400,1.03992435386
139049,139864,141487,815,1623,1,604800,1.50215650031
139142,139148,143645,6,4497,5,14400,1.00133422282
139153,139159,143335,6,4176,5,14400,1.00143678161
139163,139284,143991,121,4707,5,14400,1.02570639473
139208,142458,147057,3250,4599,2,14400,1.70667536421
139288,139353,143393,65,4040,5,14400,1.01608910891
139350,139360,143606,10,4246,5,14400,1.0023551578
139362,139554,144077,192,4523,5,14400,1.04244970153
139491,142559,228996,3068,86437,2,86400,1.03549405926
139495,143982,143985,4487,3,2,86400,449.0
139558,139564,143646,6,4082,5,14400,1.00146986771
139569,139682,143598,113,3916,5,14400,1.02885597549
139683,139689,144649,6,4960,5,14400,1.00120967742
139694,139772,143895,78,4123,5,14400,1.0189182634
139719,140351,140353,632,2,1,86400,63.4
139777,140071,144387,294,4316,5,14400,1.06811862836
140076,140082,144462,6,4380,5,14400,1.00136986301
140086,140133,143963,47,3830,5,14400,1.01227154047
140138,140218,144349,80,4131,5,14400,1.019365771
140221,140227,144503,6,4276,5,14400,1.00140318054
140232,143348,148263,3116,4915,5,14400,1.63397761953
140472,141498,143732,1026,2234,1,18000,1.45926589078
140839,144001,150605,3162,6604,2,14400,1.47880072683
141337,142353,142442,1016,89,8,7200,12.4157303371
141418,142200,145567,782,3367,1,604800,1.23225423225
141451,143762,145570,2311,1808,1,604800,2.2782079646
141866,153130,153131,11264,1,1,86400,1126.5
141926,153148,543074,11222,389926,1,518400,1.02877981976
141934,154944,437277,13010,282333,1,518400,1.04608033776
141943,154949,523167,13006,368218,1,518400,1.03532146717
142302,142397,142546,95,149,2,600,1.63758389262
142630,143744,143751,1114,7,1,300,112.1
142832,146190,210177,3358,63987,8,86400,1.05247940988
143004,143903,156257,899,12354,8,14400,1.07276995305
143181,152638,152668,9457,30,2,180,316.233333333
143353,143404,147778,51,4374,5,14400,1.01165980796
143387,213138,321185,69751,108047,4,108000,1.64556165372
143404,143447,148210,43,4763,5,14400,1.00902792358
143445,143588,148346,143,4758,5,14400,1.03005464481
143445,265037,274586,121592,9549,4,108000,13.7334799455
143479,145646,152787,2167,7141,2,14400,1.30345889931
143486,143965,143967,479,2,2,900,48.1
143534,274598,275546,131064,948,4,108000,139.253164557
143578,275557,383597,131979,108040,4,108000,2.22157534247
143589,143609,148194,20,4585,5,14400,1.00436205016
143610,143617,148427,7,4810,5,14400,1.00145530146
143621,143638,148215,17,4577,5,14400,1.00371422329
143641,143656,147585,15,3929,5,14400,1.00381776533
143652,143663,148393,11,4730,5,14400,1.0023255814
143663,143911,148474,248,4563,5,14400,1.0543502082
143909,143918,147812,9,3894,5,14400,1.00231124807
143919,143975,147885,56,3910,5,14400,1.01432225064
143971,144008,148332,37,4324,5,14400,1.00855689177
144012,144089,148418,77,4329,5,14400,1.01778701779
144084,144361,148197,277,3836,5,14400,1.07221063608
144303,145585,155698,1282,10113,1,18000,1.12676752695
144361,144399,148671,38,4272,5,14400,1.00889513109
144402,144475,148516,73,4041,5,14400,1.01806483544
144457,147068,150571,2611,3503,2,21600,1.74536111904
144474,144515,149191,41,4676,5,14400,1.00876817793
144515,144661,149240,146,4579,5,14400,1.03188469098
144659,146195,150984,1536,4789,5,14400,1.32073501775
145488,232468,236789,86980,4321,25,7200,21.1295996297
145496,145578,148052,82,2474,1,18000,1.03314470493
145611,173374,488324,27763,314950,16,324000,1.08815050008
145614,196004,293573,50390,97569,16,324000,1.51645502157
145638,148064,156291,2426,8227,1,604800,1.29488270329
145663,148079,152203,2416,4124,2,14400,1.58583899127
145692,148212,156298,2520,8086,1,604800,1.31164976503
145847,152685,152726,6838,41,1,604800,167.780487805
145866,152738,153118,6872,380,1,604800,19.0842105263
146194,147597,151630,1403,4033,5,14400,1.34787999008
146260,152804,164598,6544,11794,1,54000,1.55485840258
146319,153018,165491,6699,12473,1,54000,1.537080093
147464,173264,173266,25800,2,16,7200,2580.2
147464,173277,173279,25813,2,16,7200,2581.5
147464,173241,173253,25777,12,16,7200,2149.08333333
147465,173329,173331,25864,2,16,7200,2586.6
147465,173290,173292,25825,2,16,7200,2582.7
147465,173316,173318,25851,2,16,7200,2585.3
147465,173303,173305,25838,2,16,7200,2584.0
147466,173343,173344,25877,1,16,7200,2587.8
147466,173355,173363,25889,8,16,7200,2589.7
147594,147789,151546,195,3757,5,14400,1.05190311419
147784,148057,148068,273,11,2,900,25.8181818182
147789,147823,152538,34,4715,5,14400,1.00721102863
147820,147898,151825,78,3927,5,14400,1.01986249045
147902,148205,152137,303,3932,5,14400,1.07706002035
148209,148219,153120,10,4901,5,14400,1.00204039992
148220,148226,152276,6,4050,5,14400,1.00148148148
148231,148237,152764,6,4527,5,14400,1.00132538105
148242,148274,152601,32,4327,5,14400,1.00739542408
148273,148345,152911,72,4566,5,14400,1.01576872536
148345,148357,152356,12,3999,5,14400,1.00300075019
148355,148404,152776,49,4372,5,14400,1.01120768527
148407,148429,152681,22,4252,5,14400,1.00517403575
148416,150583,154889,2167,4306,2,14400,1.50325127729
148428,148439,152960,11,4521,5,14400,1.00243309002
148439,148486,152229,47,3743,5,14400,1.01255677264
148490,148527,152682,37,4155,5,14400,1.00890493381
148532,148682,152798,150,4116,5,14400,1.03644314869
148686,149204,153931,518,4727,5,14400,1.10958324519
149185,152679,153006,3494,327,1,300,11.6850152905
149207,149252,154051,45,4799,5,14400,1.00937695353
149249,150996,155813,1747,4817,5,14400,1.3626738634
149823,229733,232058,79910,2325,8,3600,35.3698924731
150153,150617,150829,464,212,2,21600,3.18867924528
150598,150841,151050,243,209,2,21600,2.16267942584
150825,212383,212876,61558,493,4,900,125.864097363
150996,151558,156636,562,5078,5,14400,1.1106734935
151009,151061,159860,52,8799,2,43200,1.00590976247
151559,151641,155640,82,3999,5,14400,1.02050512628
151641,151836,155813,195,3977,5,14400,1.04903193362
151836,152148,156779,312,4631,5,14400,1.06737205787
151872,152799,155098,927,2299,1,18000,1.40321879078
152154,152240,156878,86,4638,5,14400,1.0185424752
152236,152289,156278,53,3989,5,14400,1.01328653798
152287,152367,156250,80,3883,5,14400,1.02060262683
152370,152549,156674,179,4125,5,14400,1.04339393939
152554,152613,156552,59,3939,5,14400,1.01497842092
152616,152692,156835,76,4143,5,14400,1.01834419503
152688,152699,157080,11,4381,5,14400,1.00251084227
152699,152776,157416,77,4640,5,14400,1.01659482759
152781,152787,156827,6,4040,5,14400,1.00148514851
152792,152811,157541,19,4730,5,14400,1.00401691332
152813,152923,157747,110,4824,5,14400,1.0228026534
152926,152971,157320,45,4349,5,14400,1.01034720625
152967,153136,157191,169,4055,5,14400,1.04167694205
153142,153943,157763,801,3820,5,14400,1.20968586387
153939,154063,158609,124,4546,5,14400,1.02727672679
154062,155652,159698,1590,4046,5,14400,1.3929807217
154460,154902,154931,442,29,2,180,16.2413793103
155468,156303,156332,835,29,2,180,29.7931034483
155647,155825,159758,178,3933,5,14400,1.04525807272
155821,155831,160680,10,4849,5,14400,1.00206228088
155832,156263,161058,431,4795,5,14400,1.08988529718
156129,156135,156285,6,150,1,604800,1.04
156262,157170,171592,908,14422,8,14400,1.06295936763
156262,156289,160518,27,4229,5,14400,1.00638448806
156293,156564,160342,271,3778,5,14400,1.07173107464
156336,156343,156390,7,47,3,604800,1.14893617021
156501,156507,208586,6,52079,2,72000,1.00011520959
156559,157344,208589,785,51245,2,72000,1.01531856767
156559,156647,160654,88,4007,5,14400,1.02196156726
156602,157307,157538,705,231,3,604800,4.05194805195
156652,156685,161322,33,4637,5,14400,1.00711667026
156675,157355,208595,680,51240,2,72000,1.01327088212
156683,156790,161560,107,4770,5,14400,1.02243186583
156705,180251,208597,23546,28346,2,72000,1.83066393847
156796,156840,161295,44,4455,5,14400,1.00987654321
156817,181745,208600,24928,26855,2,72000,1.92824427481
156837,156846,161727,9,4881,5,14400,1.00184388445
156848,156889,160968,41,4079,5,14400,1.01005148321
156889,157091,161852,202,4761,5,14400,1.04242806133
157094,157202,161655,108,4453,5,14400,1.02425331237
157207,157331,161639,124,4308,5,14400,1.02878365831
157330,157427,161925,97,4498,5,14400,1.02156514006
157423,157549,161559,126,4010,5,14400,1.03142144638
157546,157556,161764,10,4208,5,14400,1.00237642586
157557,157758,162307,201,4549,5,14400,1.04418553528
157762,157776,161845,14,4069,5,14400,1.00344064881
157772,165179,169263,7407,4084,5,14400,2.81366307542
157968,212888,213125,54920,237,4,900,232.729957806
158920,165807,166105,6887,298,1,900,24.110738255
160425,166117,168404,5692,2287,1,18000,3.48885002186
160522,168415,170896,7893,2481,1,18000,4.18137847642
160655,165174,169228,4519,4054,5,14400,2.11470152935
163070,182349,247172,19279,64823,2,64800,1.29740986995
163125,208601,208609,45476,8,2,64800,4548.4
163186,165169,273643,1983,108474,12,432000,1.01828087837
164771,164843,164871,72,28,2,3600,3.57142857143
164936,165054,165096,118,42,2,3600,3.80952380952
165178,165192,166603,14,1411,8,6000,1.00992204111
165179,165197,166609,18,1412,8,6000,1.01274787535
165189,165204,166620,15,1416,8,6000,1.01059322034
165200,165211,166617,11,1406,8,6000,1.00782361309
165201,165216,166621,15,1405,8,6000,1.01067615658
165211,165223,166680,12,1457,8,6000,1.00823610158
165212,165228,166643,16,1415,8,6000,1.01130742049
165222,165234,166660,12,1426,8,6000,1.00841514727
165233,166614,168031,1381,1417,8,6000,1.97459421313
165234,166620,168025,1386,1405,8,6000,1.98647686833
166610,166628,168059,18,1431,8,6000,1.01257861635
166621,166635,168045,14,1410,8,6000,1.00992907801
166632,166642,168069,10,1427,8,6000,1.00700770848
166632,166654,168088,22,1434,8,6000,1.01534170153
166643,166672,168094,29,1422,8,6000,1.02039381153
166654,166692,168097,38,1405,8,6000,1.02704626335
166675,168036,169452,1361,1416,8,6000,1.96115819209
166696,168044,169454,1348,1410,8,6000,1.95602836879
166921,170912,516563,3991,345651,1,576000,1.01154632852
168035,168056,169481,21,1425,8,6000,1.01473684211
168045,168070,169485,25,1415,8,6000,1.01766784452
168056,168081,169491,25,1410,8,6000,1.01773049645
168067,168099,169510,32,1411,8,6000,1.0226789511
168077,168107,169519,30,1412,8,6000,1.02124645892
168098,168113,169548,15,1435,8,6000,1.01045296167
168109,169239,170647,1130,1408,8,6000,1.80255681818
168110,169274,170675,1164,1401,8,6000,1.83083511777
169243,169463,170893,220,1430,8,6000,1.15384615385
169458,169470,170879,12,1409,8,6000,1.0085166785
169469,169492,170905,23,1413,8,6000,1.01627742392
169490,169499,170909,9,1410,8,6000,1.00638297872
169490,169506,170930,16,1424,8,6000,1.01123595506
169501,169521,170935,20,1414,8,6000,1.01414427157
169512,169530,170947,18,1417,8,6000,1.01270289344
169522,169561,170970,39,1409,8,6000,1.02767920511
169553,170660,172075,1107,1415,8,6000,1.78233215548
170657,170687,172105,30,1418,8,6000,1.02115655853
170678,170892,172297,214,1405,8,6000,1.15231316726
170884,170906,172329,22,1423,8,6000,1.01546029515
170894,170920,172356,26,1436,8,6000,1.01810584958
170905,170931,172342,26,1411,8,6000,1.01842664777
170916,170945,172357,29,1412,8,6000,1.02053824363
170937,170952,172373,15,1421,8,6000,1.01055594652
170948,170981,172415,33,1434,8,6000,1.0230125523
170948,170958,172432,10,1474,8,6000,1.00678426052
170979,171604,173042,625,1438,8,6000,1.43463143255
171603,172086,173508,483,1422,8,6000,1.33966244726
172083,172116,173552,33,1436,8,6000,1.02298050139
172115,172308,173724,193,1416,8,6000,1.13629943503
172309,172341,173758,32,1417,8,6000,1.02258292167
172340,172353,173790,13,1437,8,6000,1.00904662491
172351,172367,173803,16,1436,8,6000,1.01114206128
172362,172373,173786,11,1413,8,6000,1.00778485492
172372,172385,173805,13,1420,8,6000,1.00915492958
172383,172426,173845,43,1419,8,6000,1.0303030303
172425,172443,173859,18,1416,8,6000,1.01271186441
172446,173053,174478,607,1425,8,6000,1.42596491228
173049,173519,174948,470,1429,8,6000,1.3289013296
173519,173564,174973,45,1409,8,6000,1.03193754436
173561,173736,175174,175,1438,8,6000,1.12169680111
173735,173769,175201,34,1432,8,6000,1.02374301676
173766,173798,175230,32,1432,8,6000,1.02234636872
173797,173804,175228,7,1424,8,6000,1.00491573034
173808,173814,175241,6,1427,8,6000,1.00420462509
173808,173821,175228,13,1407,8,6000,1.0092395167
173819,173857,175256,38,1399,8,6000,1.02716225876
173860,173870,175295,10,1425,8,6000,1.00701754386
173871,174489,175934,618,1445,8,6000,1.4276816609
174494,174959,176382,465,1423,8,6000,1.32677442024
174964,174985,176427,21,1442,8,6000,1.0145631068
174985,175185,176632,200,1447,8,6000,1.13821700069
175189,175213,176640,24,1427,8,6000,1.01681850035
175210,175239,176665,29,1426,8,6000,1.02033660589
175231,175245,176683,14,1438,8,6000,1.00973574409
175242,175251,176678,9,1427,8,6000,1.00630693763
175242,175258,176659,16,1401,8,6000,1.01142041399
175253,175268,176701,15,1433,8,6000,1.01046755059
175264,175308,176759,44,1451,8,6000,1.03032391454
175305,175945,177369,640,1424,8,6000,1.44943820225
175949,176393,177828,444,1435,8,6000,1.30940766551
176398,176439,177871,41,1432,8,6000,1.02863128492
176440,176643,178090,203,1447,8,6000,1.1402902557
176645,176651,178077,6,1426,8,6000,1.00420757363
176656,176670,178114,14,1444,8,6000,1.00969529086
176666,176676,178103,10,1427,8,6000,1.00700770848
176677,176690,178147,13,1457,8,6000,1.00892244338
176688,176696,178119,8,1423,8,6000,1.00562192551
176698,176713,178134,15,1421,8,6000,1.01055594652
176709,176770,178197,61,1427,8,6000,1.04274702172
176771,177380,178800,609,1420,8,6000,1.42887323944
177384,177839,179268,455,1429,8,6000,1.31840447866
177844,177883,179298,39,1415,8,6000,1.02756183746
177885,178088,179529,203,1441,8,6000,1.14087439278
178090,178101,179532,11,1431,8,6000,1.00768693222
178100,178116,179533,16,1417,8,6000,1.01129146083
178111,178126,179576,15,1450,8,6000,1.01034482759
178122,178133,179573,11,1440,8,6000,1.00763888889
178133,178146,179575,13,1429,8,6000,1.00909727082
178144,178158,179582,14,1424,8,6000,1.00983146067
178154,178210,179622,56,1412,8,6000,1.03966005666
178206,178812,180234,606,1422,8,6000,1.42616033755
178817,179280,183929,463,4649,5,14400,1.09959130996
179276,179286,183946,10,4660,5,14400,1.00214592275
179287,179309,183704,22,4395,5,14400,1.00500568828
179308,179540,184086,232,4546,5,14400,1.05103387593
179533,179546,183933,13,4387,5,14400,1.00296330066
179544,179558,184563,14,5005,5,14400,1.0027972028
179544,179553,184139,9,4586,5,14400,1.00196249455
179555,179564,183625,9,4061,5,14400,1.00221620291
179566,179585,183697,19,4112,5,14400,1.00462062257
179576,179590,184113,14,4523,5,14400,1.00309529074
179587,179596,183605,9,4009,5,14400,1.00224494887
179588,179602,183665,14,4063,5,14400,1.00344572976
179598,179608,184547,10,4939,5,14400,1.00202470136
179599,179614,183623,15,4009,5,14400,1.00374158144
179609,179634,184151,25,4517,5,14400,1.00553464689
179630,179641,184016,11,4375,5,14400,1.00251428571
179641,183617,187402,3976,3785,5,14400,2.05046235139
181486,183963,183969,2477,6,1,3600,248.3
183614,183635,187842,21,4207,5,14400,1.00499168053
183625,183642,187893,17,4251,5,14400,1.00399905904
183635,183677,188638,42,4961,5,14400,1.00846603507
183666,183710,188308,44,4598,5,14400,1.00956937799
183708,183940,188576,232,4636,5,14400,1.05004314064
183708,183717,188120,9,4403,5,14400,1.00204406087
183933,183947,188403,14,4456,5,14400,1.00314183124
183944,183957,188750,13,4793,5,14400,1.00271228875
183955,184028,188646,73,4618,5,14400,1.01580770896
184027,184098,188102,71,4004,5,14400,1.01773226773
184074,184080,184212,6,132,1,3600,1.04545454545
184089,184125,188870,36,4745,5,14400,1.00758693361
184120,184150,188489,30,4339,5,14400,1.00691403549
184141,184162,188129,21,3967,5,14400,1.0052936728
184151,184559,188518,408,3959,5,14400,1.10305632736
184337,184343,184653,6,310,1,3600,1.01935483871
184550,184574,188656,24,4082,5,14400,1.00587947085
184571,187414,191767,2843,4353,5,14400,1.65311279577
184869,184875,185506,6,631,1,3600,1.00950871632
185031,185516,185524,485,8,1,1800,49.3
185379,185534,185662,155,128,1,3600,2.2109375
185696,185702,185781,6,79,1,1800,1.07594936709
185781,185791,186095,10,304,1,3600,1.03289473684
186015,186105,186214,90,109,1,1800,1.82568807339
186324,186330,186958,6,628,1,3600,1.00955414013
186444,186968,187067,524,99,1,3600,6.29292929293
186719,187077,187461,358,384,1,1800,1.93229166667
187199,187471,187768,272,297,1,3600,1.91582491582
187410,187853,191846,443,3993,5,14400,1.11094415227
187850,187905,192013,55,4108,5,14400,1.01338851022
187853,187859,187961,6,102,1,3600,1.05882352941
187902,188114,192102,212,3988,5,14400,1.05315947844
187911,221600,221610,33689,10,3,108000,3369.9
188037,188043,188580,6,537,1,3600,1.01117318436
188071,188606,188896,535,290,1,3600,2.84482758621
188106,188134,192986,28,4852,5,14400,1.00577081616
188127,188142,192649,15,4507,5,14400,1.0033281562
188138,188906,188913,768,7,1,1800,77.5
188138,188319,192954,181,4635,5,14400,1.03905070119
188312,188415,192424,103,4009,5,14400,1.02569219257
188404,188502,192352,98,3850,5,14400,1.02545454545
188497,188529,193320,32,4791,5,14400,1.00667919015
188513,188590,188594,77,4,1,7200,8.1
188528,188597,192475,69,3878,5,14400,1.01779267664
188579,188649,192676,70,4027,5,14400,1.017382667
188641,188658,193483,17,4825,5,14400,1.00352331606
188652,188668,192945,16,4277,5,14400,1.00374093991
188663,188761,193386,98,4625,5,14400,1.02118918919
188755,188882,193151,127,4269,5,14400,1.02974935582
188878,191778,196218,2900,4440,5,14400,1.65315315315
189079,189085,189129,6,44,1,1800,1.13636363636
189173,189179,189710,6,531,1,3600,1.01129943503
189368,189720,189815,352,95,1,1800,4.70526315789
190453,190459,190705,6,246,1,1800,1.0243902439
191768,191857,195791,89,3934,5,14400,1.02262328419
191850,192024,196271,174,4247,5,14400,1.04097009654
192014,192114,196445,100,4331,5,14400,1.02308935581
192027,192033,220865,6,28832,1,28800,1.00020810211
192106,192363,196665,257,4302,5,14400,1.05973965597
192362,192435,196184,73,3749,5,14400,1.01947185916
192434,192486,197057,52,4571,5,14400,1.01137606651
192485,192662,196820,177,4158,5,14400,1.04256854257
192659,192687,197528,28,4841,5,14400,1.00578392894
192680,192956,197780,276,4824,5,14400,1.05721393035
192946,192965,197925,19,4960,5,14400,1.00383064516
192957,192997,197675,40,4678,5,14400,1.00855066268
192988,193164,197217,176,4053,5,14400,1.04342462374
193152,193331,197229,179,3898,5,14400,1.04592098512
193326,193397,197932,71,4535,5,14400,1.01565600882
193388,193494,198077,106,4583,5,14400,1.02312895483
193490,195803,199705,2313,3902,5,14400,1.59277293696
195797,196197,200339,400,4142,5,14400,1.09657170449
196186,196230,200010,44,3780,5,14400,1.01164021164
196227,196282,200152,55,3870,5,14400,1.0142118863
196279,196458,200614,179,4156,5,14400,1.04307025987
196453,196677,201055,224,4378,5,14400,1.05116491549
196667,196831,201793,164,4962,5,14400,1.03305118904
196821,197068,200988,247,3920,5,14400,1.06301020408
197066,197228,202152,162,4924,5,14400,1.03290008123
197220,197240,201892,20,4652,5,14400,1.00429922614
197231,197539,202011,308,4472,5,14400,1.06887298748
197537,197686,201842,149,4156,5,14400,1.03585178056
197681,197792,201734,111,3942,5,14400,1.02815829528
197783,197937,202529,154,4592,5,14400,1.03353658537
197927,197944,201980,17,4036,5,14400,1.00421209118
197937,198089,201952,152,3863,5,14400,1.03934765726
198081,199716,204630,1635,4914,5,14400,1.33272283272
199101,223335,228964,24234,5629,1,86400,5.30520518742
199104,224664,232464,25560,7800,1,86400,4.27692307692
199715,200021,204968,306,4947,5,14400,1.0618556701
200011,200164,204132,153,3968,5,14400,1.03855846774
200155,200350,204200,195,3850,5,14400,1.05064935065
200349,200626,204625,277,3999,5,14400,1.06926731683
200615,201000,205771,385,4771,5,14400,1.08069587089
200993,201066,206142,73,5076,5,14400,1.01438140268
201065,201746,206385,681,4639,5,14400,1.14679887907
201740,201804,206633,64,4829,5,14400,1.01325326154
201801,201855,206290,54,4435,5,14400,1.01217587373
201853,201904,206768,51,4864,5,14400,1.01048519737
201894,201963,206455,69,4492,5,14400,1.01536064114
201956,201992,206405,36,4413,5,14400,1.00815771584
201987,202022,206297,35,4275,5,14400,1.0081871345
202018,202164,206232,146,4068,5,14400,1.03588987217
202161,202545,206714,384,4169,5,14400,1.09210841929
202530,204144,208480,1614,4336,5,14400,1.37223247232
202605,210187,236987,7582,26800,8,28800,1.28291044776
202921,214544,220540,11623,5996,16,7200,2.93845897265
202921,207304,214531,4383,7227,16,7200,1.60647571606
202921,215220,222466,12299,7246,16,7200,2.69735026221
202922,220552,227766,17630,7214,16,7200,3.44385916274
202922,222477,229715,19555,7238,16,7200,3.70171318044
202922,227778,235012,24856,7234,16,7200,4.43599668233
202923,236801,244020,33878,7219,16,7200,5.6928937526
202923,242269,249519,39346,7250,16,7200,6.42703448276
202923,235025,242256,32102,7231,16,7200,5.43949661181
203591,220878,223323,17287,2445,1,18000,8.07034764826
203650,221627,225575,17977,3948,1,18000,5.55344478217
204139,204213,208431,74,4218,5,14400,1.01754385965
204201,204636,208570,435,3934,5,14400,1.1105744789
204635,204643,208492,8,3849,5,14400,1.00207846194
204658,205783,207202,1125,1419,8,6000,1.79281183932
204978,206154,207554,1176,1400,8,6000,1.84
205035,208611,224171,3576,15560,2,21600,1.22982005141
205782,206302,207752,520,1450,8,6000,1.35862068966
206235,206396,207806,161,1410,8,6000,1.11418439716
206306,206417,207830,111,1413,8,6000,1.07855626327
206399,206645,208078,246,1433,8,6000,1.17166782973
206461,206725,208135,264,1410,8,6000,1.18723404255
206645,207214,208651,569,1437,8,6000,1.3959638135
206768,207566,208980,798,1414,8,6000,1.56435643564
207218,207765,209182,547,1417,8,6000,1.38602681722
207503,209498,219480,1995,9982,2,21600,1.19985974755
207565,207817,209227,252,1410,8,6000,1.17872340426
207770,207843,209246,73,1403,8,6000,1.05203136137
207821,208090,209501,269,1411,8,6000,1.19064493267
207842,208146,209563,304,1417,8,6000,1.21453775582
208009,838691,910084,630682,71393,16,604800,9.83394730576
208088,208443,209860,355,1417,8,6000,1.25052928723
208150,208505,209909,355,1404,8,6000,1.25284900285
208446,208582,209994,136,1412,8,6000,1.09631728045
208461,209509,223958,1048,14449,2,21600,1.072530971
208508,208664,210087,156,1423,8,6000,1.10962754743
208652,208991,210428,339,1437,8,6000,1.23590814196
208724,225299,290123,16575,64824,2,64800,1.25569233617
208819,209523,220263,704,10740,2,21600,1.06554934823
208990,209193,210614,203,1421,8,6000,1.14285714286
209185,209238,210652,53,1414,8,6000,1.03748231966
209236,209258,210681,22,1423,8,6000,1.01546029515
209247,209516,210933,269,1417,8,6000,1.18983768525
209316,212389,228841,3073,16452,2,21600,1.18678580112
209503,209530,210954,27,1424,8,6000,1.01896067416
209534,209575,210983,41,1408,8,6000,1.02911931818
209576,209871,211357,295,1486,8,6000,1.19851951548
209629,228853,228857,19224,4,2,72000,1922.8
209654,228870,228872,19216,2,2,72000,1921.8
209682,228885,228888,19203,3,2,72000,1920.6
209703,228900,228903,19197,3,2,72000,1920.0
209722,228915,228917,19193,2,2,72000,1919.5
209747,219492,262713,9745,43221,2,43200,1.22546910067
209873,209920,211335,47,1415,8,6000,1.0332155477
209924,210006,211422,82,1416,8,6000,1.05790960452
210007,210098,211514,91,1416,8,6000,1.06426553672
210099,210439,211857,340,1418,8,6000,1.23977433004
210437,210627,212030,190,1403,8,6000,1.13542409123
210465,380188,388266,169723,8078,32,10800,22.0105224065
210506,215386,301820,4880,86434,8,86400,1.05645926372
210632,210664,212122,32,1458,8,6000,1.0219478738
210663,210694,212083,31,1389,8,6000,1.02231821454
210676,220154,238056,9478,17902,2,21600,1.52943805161
210694,210944,212364,250,1420,8,6000,1.17605633803
210940,210966,212371,26,1405,8,6000,1.01850533808
210961,210998,212422,37,1424,8,6000,1.02598314607
211003,211347,212765,344,1418,8,6000,1.24259520451
211194,225068,225254,13874,186,1,900,75.5913978495
211272,225276,225438,14004,162,1,1800,87.4444444444
211351,211370,212787,19,1417,8,6000,1.01340860974
211372,211434,212855,62,1421,8,6000,1.0436312456
211434,211527,212949,93,1422,8,6000,1.06540084388
211526,211868,213294,342,1426,8,6000,1.23983169705
211864,212042,213464,178,1422,8,6000,1.12517580872
212039,212096,213515,57,1419,8,6000,1.04016913319
212100,212134,213554,34,1420,8,6000,1.02394366197
212132,212377,213792,245,1415,8,6000,1.17314487633
212378,212434,213864,56,1430,8,6000,1.03916083916
212430,212776,214204,346,1428,8,6000,1.24229691877
212535,229728,232455,17193,2727,4,2700,7.30473047305
212769,212798,214228,29,1430,8,6000,1.02027972028
212790,212867,214298,77,1431,8,6000,1.05380852551
212862,212960,214371,98,1411,8,6000,1.06945428774
212954,213306,214718,352,1412,8,6000,1.2492917847
213302,213475,214884,173,1409,8,6000,1.12278211498
213466,213527,214958,61,1431,8,6000,1.04262753319
213482,221621,229398,8139,7777,2,21600,2.04654751189
213518,213566,214988,48,1422,8,6000,1.03375527426
213559,213804,215217,245,1413,8,6000,1.17338995046
213795,213877,215324,82,1447,8,6000,1.05666897028
213867,214215,215649,348,1434,8,6000,1.24267782427
214119,225564,226278,11445,714,1,7200,17.0294117647
214139,225593,226536,11454,943,1,7200,13.1463414634
214205,214241,215677,36,1436,8,6000,1.02506963788
214236,214309,215747,73,1438,8,6000,1.05076495132
214298,214383,215818,85,1435,8,6000,1.05923344948
214381,214731,216138,350,1407,8,6000,1.24875621891
214729,214895,216325,166,1430,8,6000,1.11608391608
214893,214970,216386,77,1416,8,6000,1.05437853107
214965,215000,216423,35,1423,8,6000,1.0245959241
214996,215228,216692,232,1464,8,6000,1.15846994536
215221,215337,216786,116,1449,8,6000,1.08005521049
215265,263479,293967,48214,30488,8,324000,2.58140907898
215281,264841,319823,49560,54982,16,324000,1.90138590812
215334,215662,217088,328,1426,8,6000,1.23001402525
215533,275796,648235,60263,372439,4,432000,1.16180636292
215557,264847,466787,49290,201940,8,324000,1.24408240071
215633,279347,428068,63714,148721,4,345600,1.42841293429
215652,215689,217111,37,1422,8,6000,1.02601969058
215678,279969,539209,64291,259240,4,259200,1.24799799414
215683,215696,217128,13,1432,8,6000,1.00907821229
215694,215758,217175,64,1417,8,6000,1.04516584333
215756,215830,217287,74,1457,8,6000,1.05078929307
215828,216149,217569,321,1420,8,6000,1.22605633803
215871,280412,422511,64541,142099,4,345600,1.45419742574
215905,280478,306045,64573,25567,4,345600,3.5256385184
215938,280718,382183,64780,101465,4,345600,1.63844675504
215987,291147,319465,75160,28318,4,345600,3.65414224168
216025,306615,361376,90590,54761,4,345600,2.65427950549
216146,216336,217761,190,1425,8,6000,1.13333333333
216176,314945,746981,98769,432036,4,432000,1.22861289337
216235,315167,315174,98932,7,4,432000,9893.9
216297,315185,353124,98888,37939,4,345600,3.60649990775
216313,223969,225128,7656,1159,2,43200,7.60569456428
216317,224182,226270,7865,2088,2,43200,4.76676245211
216340,216397,217815,57,1418,8,6000,1.04019746121
216357,319476,665094,103119,345618,4,345600,1.29836119647
216402,216435,217855,33,1420,8,6000,1.02323943662
216433,216703,218122,270,1419,8,6000,1.19027484144
216626,321200,753230,104574,432030,4,432000,1.24205263523
216652,323810,755860,107158,432050,4,432000,1.24802221965
216695,343811,547563,127116,203752,4,432000,1.62387608465
216700,216798,218230,98,1432,8,6000,1.06843575419
216803,217099,218531,296,1432,8,6000,1.20670391061
216971,225139,234081,8168,8942,2,21600,1.91344218296
217100,217123,218537,23,1414,8,6000,1.01626591231
217121,217140,218570,19,1430,8,6000,1.01328671329
217142,217188,218618,46,1430,8,6000,1.03216783217
217184,217298,218725,114,1427,8,6000,1.07988787666
217192,253177,260405,35985,7228,16,7200,5.97855561704
217297,217580,219007,283,1427,8,6000,1.19831814996
217585,217772,219196,187,1424,8,6000,1.13132022472
217770,217826,219247,56,1421,8,6000,1.039408867
217832,217867,219297,35,1430,8,6000,1.02447552448
217863,218133,219557,270,1424,8,6000,1.18960674157
218130,218242,219672,112,1430,8,6000,1.07832167832
218243,218544,219972,301,1428,8,6000,1.21078431373
218458,226548,244586,8090,18038,1,18000,1.44849761614
218540,218550,219988,10,1438,8,6000,1.00695410292
218551,218581,220010,30,1429,8,6000,1.02099370189
218582,218630,220143,48,1513,8,6000,1.03172504957
218634,218738,220171,104,1433,8,6000,1.07257501745
218737,219018,220454,281,1436,8,6000,1.19568245125
219024,219207,220650,183,1443,8,6000,1.12681912682
219208,219258,220687,50,1429,8,6000,1.03498950315
219260,219309,220750,49,1441,8,6000,1.03400416378
219312,219570,221008,258,1438,8,6000,1.17941585535
219568,219684,221174,116,1490,8,6000,1.07785234899
219681,219984,221418,303,1434,8,6000,1.21129707113
219988,219999,224750,11,4751,5,14400,1.00231530204
219999,220006,224779,7,4773,5,14400,1.00146658286
220010,220149,224854,139,4705,5,14400,1.02954303932
220151,220160,225176,9,5016,5,14400,1.00179425837
220151,220166,224824,15,4658,5,14400,1.00322026621
220162,220183,224401,21,4218,5,14400,1.00497866287
220183,220274,225282,91,5008,5,14400,1.01817092652
220276,220465,224406,189,3941,5,14400,1.04795737123
220471,220661,225162,190,4501,5,14400,1.04221284159
220666,220673,225777,7,5104,5,14400,1.00137147335
220676,220699,224894,23,4195,5,14400,1.00548271752
220697,220762,224796,65,4034,5,14400,1.01611303917
220759,220768,225574,9,4806,5,14400,1.00187265918
220770,221020,225473,250,4453,5,14400,1.05614192679
221016,221027,225674,11,4647,5,14400,1.00236711857
221027,221186,225453,159,4267,5,14400,1.03726271385
221191,221430,225280,239,3850,5,14400,1.06207792208
221427,221436,225993,9,4557,5,14400,1.00197498354
221438,224413,229200,2975,4787,5,14400,1.62147482766
221533,262140,263468,40607,1328,8,28800,31.577560241
221803,225449,225553,3646,104,1,1800,36.0576923077
223702,229721,229725,6019,4,2,120,602.3
223711,228930,267491,5219,38561,2,86400,1.13534400041
223740,224420,224652,680,232,1,300,3.93103448276
224102,229012,238264,4910,9252,2,21600,1.53069606572
224417,224426,229464,9,5038,5,14400,1.00178642318
224428,224762,229268,334,4506,5,14400,1.07412339103
224750,243733,249472,18983,5739,2,43200,4.30771911483
224766,224790,229119,24,4329,5,14400,1.00554400554
224787,224809,229738,22,4929,5,14400,1.00446338
224808,224836,229505,28,4669,5,14400,1.0059970015
224839,224865,229851,26,4986,5,14400,1.00521460088
224871,224905,229950,34,5045,5,14400,1.00673934589
224902,225063,228956,161,3893,5,14400,1.0413562805
225056,225174,229869,118,4695,5,14400,1.02513312034
225179,225187,229564,8,4377,5,14400,1.00182773589
225190,225292,229174,102,3882,5,14400,1.02627511592
225293,225465,229377,172,3912,5,14400,1.04396728016
225397,228969,318995,3572,90026,6,90000,1.03967742652
225467,225485,229708,18,4223,5,14400,1.00426237272
225488,225585,229696,97,4111,5,14400,1.0235952323
225581,225686,229632,105,3946,5,14400,1.02660922453
225593,229411,236847,3818,7436,2,21600,1.51344809037
225684,225790,230178,106,4388,5,14400,1.02415679125
225712,856459,1324436,630747,467977,3,604800,2.34781623883
225752,856465,1412638,630713,556173,3,604800,2.13402304679
225787,226004,229948,217,3944,5,14400,1.05502028398
226002,226283,231239,281,4956,5,14400,1.05669895077
226225,226289,226657,64,368,1,1800,1.17391304348
226279,229131,233779,2852,4648,5,14400,1.61359724613
226492,249485,249486,22993,1,2,43200,2299.4
227825,227832,227871,7,39,1,1800,1.17948717949
228129,228135,228206,6,71,1,1800,1.08450704225
228193,233780,237501,5587,3721,2,21600,2.50147809729
228472,228479,228692,7,213,1,180,1.03286384977
228702,228708,228779,6,71,1,3600,1.08450704225
229038,229044,229167,6,123,1,540,1.0487804878
229065,229179,229433,114,254,1,1800,1.44881889764
229134,229186,234503,52,5317,5,14400,1.0097799511
229186,229212,233282,26,4070,5,14400,1.00638820639
229217,229280,233290,63,4010,5,14400,1.01571072319
229237,249498,253151,20261,3653,2,21600,6.546400219
229279,229389,234157,110,4768,5,14400,1.0230704698
229392,229477,233435,85,3958,5,14400,1.02147549267
229474,229517,233308,43,3791,5,14400,1.01134265365
229516,229577,234680,61,5103,5,14400,1.01195375269
229556,269922,270438,40366,516,2,21600,79.2286821705
229577,229644,234078,67,4434,5,14400,1.0151105097
229639,229714,234686,75,4972,5,14400,1.01508447305
229712,229750,234041,38,4291,5,14400,1.00885574458
229753,229880,234487,127,4607,5,14400,1.02756674626
229799,229805,230958,6,1153,1,28800,1.00520381613
229866,251538,255203,21672,3665,2,21600,6.91323328786
229876,229960,233882,84,3922,5,14400,1.02141764406
229948,229967,234352,19,4385,5,14400,1.00433295325
229959,230190,234402,231,4212,5,14400,1.05484330484
230184,231251,235960,1067,4709,5,14400,1.22658738586
230312,253163,262840,22851,9677,2,21600,3.36137232613
230406,230413,231756,7,1343,1,3600,1.00521221147
230443,230449,230715,6,266,1,2340,1.02255639098
231005,255665,268686,24660,13021,2,21600,2.89386375854
231248,233294,237170,2046,3876,5,14400,1.52786377709
231540,231547,231781,7,234,1,300,1.02991452991
231627,255670,264241,24043,8571,2,21600,3.80515692451
231928,231936,232188,8,252,1,3600,1.03174603175
232353,232360,232397,7,37,1,540,1.18918918919
232394,232409,232701,15,292,1,540,1.05136986301
232585,232592,233462,7,870,1,3600,1.00804597701
232587,242838,243579,10251,741,4,10380,14.8340080972
233284,233303,237759,19,4456,5,14400,1.00426391382
233290,259353,261025,26063,1672,2,21600,16.5879186603
233295,233320,237544,25,4224,5,14400,1.00591856061
233316,233452,238186,136,4734,5,14400,1.02872834812
233438,233445,233456,7,11,1,1140,1.63636363636
233439,233791,238858,352,5067,5,14400,1.06946911387
233466,233473,233767,7,294,1,1140,1.02380952381
233788,233894,239212,106,5318,5,14400,1.01993230538
233890,234053,238777,163,4724,5,14400,1.03450465707
234011,260612,272751,26601,12139,2,21600,3.19136666941
234044,234090,238318,46,4228,5,14400,1.01087984863
234086,234169,238147,83,3978,5,14400,1.02086475616
234099,234106,234300,7,194,1,1140,1.03608247423
234158,234364,239367,206,5003,5,14400,1.04117529482
234353,234415,239035,62,4620,5,14400,1.01341991342
234404,234499,238471,95,3972,5,14400,1.02391742195
234497,234517,238672,20,4155,5,14400,1.00481347774
234508,234692,238628,184,3936,5,14400,1.04674796748
234682,234699,238732,17,4033,5,14400,1.0042152244
234693,235972,240238,1279,4266,5,14400,1.2998124707
234789,262725,269910,27936,7185,2,72000,4.88810020877
234869,262851,270470,27982,7619,2,72000,4.67266045413
234891,264252,336297,29361,72045,2,72000,1.40753695607
234933,265042,337093,30109,72051,2,72000,1.417884554
234994,267502,339524,32508,72022,2,72000,1.45136208381
235008,261038,284590,26030,23552,2,32400,2.10521399457
235962,236859,241123,897,4264,5,14400,1.21036585366
236228,262150,272162,25922,10012,2,21600,3.58909308829
236646,238246,239670,1600,1424,8,3600,2.12359550562
236646,236806,238234,160,1428,8,3600,1.11204481793
236646,236997,238414,351,1417,8,3600,1.24770642202
236647,241415,242821,4768,1406,8,3600,4.39118065434
236647,241087,242559,4440,1472,8,3600,4.01630434783
236647,239860,241403,3213,1543,8,3600,3.08230719378
236647,239683,241075,3036,1392,8,3600,3.18103448276
236647,238426,239848,1779,1422,8,3600,2.25105485232
236648,242571,243881,5923,1310,8,3600,5.5213740458
236826,236834,236836,8,2,1,600,1.0
236858,237182,242335,324,5153,5,14400,1.06287599457
236918,236925,237534,7,609,1,600,1.01149425287
237178,237556,241450,378,3894,5,14400,1.09707241911
237223,262645,269353,25422,6708,2,21600,4.78980322004
237365,262651,310468,25286,47817,1,180000,1.5288077462
237378,264852,313472,27474,48620,1,180000,1.56507610037
237561,237771,242966,210,5195,5,14400,1.04042348412
237769,238068,242846,299,4778,5,14400,1.06257848472
238071,238160,243134,89,4974,5,14400,1.01789304383
238164,238199,242303,35,4104,5,14400,1.00852826511
238196,238330,242310,134,3980,5,14400,1.03366834171
238330,238483,242869,153,4386,5,14400,1.03488372093
238484,238641,242511,157,3870,5,14400,1.04056847545
238639,238684,242636,45,3952,5,14400,1.01138663968
238680,238745,243798,65,5053,5,14400,1.01286364536
238742,238789,243884,47,5095,5,14400,1.00922473013
238794,238870,242947,76,4077,5,14400,1.01864115771
238866,239047,242960,181,3913,5,14400,1.04625606951
239052,239223,243701,171,4478,5,14400,1.03818669049
239067,239073,239075,6,2,2,900,1.0
239226,239379,244572,153,5193,5,14400,1.0294627383
239381,240256,245290,875,5034,5,14400,1.17381803735
240013,240020,240022,7,2,2,900,1.0
240242,240249,240520,7,271,2,900,1.0258302583
240253,241462,246161,1209,4699,5,14400,1.25728878485
240520,240541,240735,21,194,2,900,1.10824742268
240739,240756,241166,17,410,2,900,1.04146341463
241464,242316,247527,852,5211,5,14400,1.16350028785
242315,242322,246535,7,4213,5,14400,1.00166152385
242326,242347,247652,21,5305,5,14400,1.00395852969
242347,242523,247152,176,4629,5,14400,1.03802117088
242522,242649,247009,127,4360,5,14400,1.02912844037
242646,242881,247797,235,4916,5,14400,1.04780309194
242872,242960,246963,88,4003,5,14400,1.02198351237
242954,242972,247455,18,4483,5,14400,1.00401516841
242965,242979,247474,14,4495,5,14400,1.00311457175
242976,243146,247355,170,4209,5,14400,1.04038964124
243140,243713,247842,573,4129,5,14400,1.13877452168
243703,243810,247932,107,4122,5,14400,1.02595827268
243804,243897,245318,93,1421,8,6000,1.0654468684
243886,245302,246728,1416,1426,8,6000,1.99298737728
244573,245329,246810,756,1481,8,6000,1.51046590142
245168,245175,245178,7,3,4,300,1.0
245193,245200,245490,7,290,4,3600,1.02413793103
245320,246547,247962,1227,1415,8,6000,1.86713780919
245704,245711,245712,7,1,2,3540,1.0
245763,245770,249416,7,3646,1,3600,1.00191991223
246170,246739,248149,569,1410,8,6000,1.40354609929
246291,246298,249909,7,3611,1,3600,1.00193852119
246549,246822,248239,273,1417,8,6000,1.19266055046
246744,246975,248465,231,1490,8,6000,1.15503355705
246826,247164,248578,338,1414,8,6000,1.23903818953
247011,247467,248872,456,1405,8,6000,1.32455516014
247359,247486,248890,127,1404,8,6000,1.09045584046
247472,247664,249078,192,1414,8,6000,1.13578500707
247534,247809,249233,275,1424,8,6000,1.19311797753
247667,247878,249344,211,1466,8,6000,1.14392905866
247852,247974,249383,122,1409,8,6000,1.08658623137
247965,248161,249556,196,1395,8,6000,1.14050179211
248150,248252,249660,102,1408,8,6000,1.07244318182
248243,248478,249889,235,1411,8,6000,1.16654854713
248469,248591,249998,122,1407,8,6000,1.08670931059
248582,248884,250302,302,1418,8,6000,1.21297602257
248879,248902,250320,23,1418,8,6000,1.01622002821
248900,249090,250506,190,1416,8,6000,1.13418079096
249085,249246,250681,161,1435,8,6000,1.11219512195
249239,249356,250765,117,1409,8,6000,1.08303761533
249353,249397,250806,44,1409,8,6000,1.03122782115
249384,249537,250952,153,1415,8,6000,1.10812720848
249538,249568,250974,30,1406,8,6000,1.0213371266
249569,249672,251082,103,1410,8,6000,1.07304964539
249672,249901,251310,229,1409,8,6000,1.16252661462
249817,253182,260437,3365,7255,16,7200,1.46381805651
249843,259358,261537,9515,2179,1,18000,5.3666819642
249898,250010,251431,112,1421,8,6000,1.07881773399
250011,250314,251735,303,1421,8,6000,1.21323011963
250319,250332,251742,13,1410,8,6000,1.00921985816
250330,250521,251921,191,1400,8,6000,1.13642857143
250474,260596,262086,10122,1490,16,14400,7.7932885906
250474,260601,262123,10127,1522,16,14400,7.65374507227
250474,253193,254196,2719,1003,16,14400,3.71086739781
250474,253187,254438,2713,1251,16,14400,3.16866506795
250475,280867,282277,30392,1410,16,14400,22.5546099291
250475,284094,285202,33619,1108,16,14400,31.3420577617
250475,282290,284082,31815,1792,16,14400,18.75390625
250475,279294,280855,28819,1561,16,14400,19.4618834081
250476,285213,285969,34737,756,16,14400,46.9484126984
250524,250693,252116,169,1423,8,6000,1.11876317639
250698,250778,252173,80,1395,8,6000,1.05734767025
250780,250818,252240,38,1422,8,6000,1.02672292546
250822,250964,252362,142,1398,8,6000,1.10157367668
250965,250986,252400,21,1414,8,6000,1.01485148515
250986,251094,252512,108,1418,8,6000,1.07616361072
251099,251322,252743,223,1421,8,6000,1.15693173821
251325,251443,252855,118,1412,8,6000,1.0835694051
251448,251747,253166,299,1419,8,6000,1.21071176885
251526,304815,315154,53289,10339,4,10380,6.15417351775
251746,251756,253176,10,1420,8,6000,1.00704225352
251757,251933,253354,176,1421,8,6000,1.12385643913
251931,252128,253563,197,1435,8,6000,1.13728222997
252128,252185,253611,57,1426,8,6000,1.03997194951
252190,252252,253679,62,1427,8,6000,1.04344779257
252252,252373,253781,121,1408,8,6000,1.0859375
252375,252412,253833,37,1421,8,6000,1.02603800141
252417,252524,253932,107,1408,8,6000,1.07599431818
252520,252755,254178,235,1423,8,6000,1.16514406184
252756,252867,254290,111,1423,8,6000,1.07800421644
252869,253200,254633,331,1433,8,6000,1.23098394976
253177,253205,254629,28,1424,8,6000,1.01966292135
253208,253366,254800,158,1434,8,6000,1.11018131102
253218,285980,286095,32762,115,16,14400,285.886956522
253265,260449,260579,7184,130,64,3600,56.2615384615
253265,286107,287231,32842,1124,16,14400,30.21886121
253290,287242,287343,33952,101,16,14400,337.158415842
253308,287355,287458,34047,103,16,14400,331.553398058
253324,287470,287562,34146,92,16,14400,372.152173913
253343,287574,287668,34231,94,16,14400,365.159574468
253362,253575,255003,213,1428,8,6000,1.14915966387
253578,253623,255037,45,1414,8,6000,1.03182461103
253620,253691,255105,71,1414,8,6000,1.05021216407
253692,253793,255209,101,1416,8,6000,1.07132768362
253795,253845,255282,50,1437,8,6000,1.0347947112
253847,253944,255396,97,1452,8,6000,1.06680440771
253940,254191,255631,251,1440,8,6000,1.17430555556
254187,254209,255634,22,1425,8,6000,1.01543859649
254208,254216,255653,8,1437,8,6000,1.00556715379
254218,254302,255719,84,1417,8,6000,1.05928016937
254301,254641,256084,340,1443,8,6000,1.23562023562
254640,254648,256068,8,1420,8,6000,1.00563380282
254651,254812,256231,161,1419,8,6000,1.11346018323
254815,255019,256456,204,1437,8,6000,1.14196242171
255021,255054,256470,33,1416,8,6000,1.02330508475
255052,255117,256540,65,1423,8,6000,1.04567814476
255114,255221,256662,107,1441,8,6000,1.07425399028
255217,255294,256714,77,1420,8,6000,1.05422535211
255289,255408,256824,119,1416,8,6000,1.08403954802
255413,255643,257085,230,1442,8,6000,1.15950069348
255639,255731,257158,92,1427,8,6000,1.06447091801
255731,256080,257504,349,1424,8,6000,1.24508426966
256080,256096,257531,16,1435,8,6000,1.01114982578
256101,256243,257660,142,1417,8,6000,1.10021171489
256245,256469,257897,224,1428,8,6000,1.1568627451
256471,256482,257912,11,1430,8,6000,1.00769230769
256482,256553,257982,71,1429,8,6000,1.04968509447
256554,256674,258118,120,1444,8,6000,1.08310249307
256678,256726,258156,48,1430,8,6000,1.03356643357
256729,256836,258258,107,1422,8,6000,1.07524613221
256832,257096,258545,264,1449,8,6000,1.18219461698
257067,268698,311184,11631,42486,2,43200,1.27376076825
257099,257170,258595,71,1425,8,6000,1.0498245614
257150,260591,264830,3441,4239,25,7200,1.81174805379
257171,257516,258947,345,1431,8,6000,1.24109014675
257379,257386,257797,7,411,2,900,1.01703163017
257514,257522,257861,8,339,2,900,1.02359882006
257520,257543,258968,23,1425,8,6000,1.01614035088
257541,257673,259098,132,1425,8,6000,1.09263157895
257581,257587,257998,6,411,2,900,1.01459854015
257675,257909,259331,234,1422,8,6000,1.16455696203
257911,257924,259340,13,1416,8,6000,1.00918079096
257922,257995,259422,73,1427,8,6000,1.0511562719
257994,258130,259555,136,1425,8,6000,1.09543859649
258127,258168,259577,41,1409,8,6000,1.02909865153
258169,258271,259710,102,1439,8,6000,1.07088255733
258272,258558,259994,286,1436,8,6000,1.1991643454
258513,269365,280354,10852,10989,2,43200,1.98753298753
258559,258608,260043,49,1435,8,6000,1.03414634146
258611,258959,260401,348,1442,8,6000,1.24133148405
258960,258980,260410,20,1430,8,6000,1.01398601399
258981,259110,260545,129,1435,8,6000,1.08989547038
259094,259100,259373,6,273,2,900,1.02197802198
259112,259344,264260,232,4916,5,14400,1.04719283971
259348,259364,264052,16,4688,5,14400,1.00341296928
259349,259434,263919,85,4485,5,14400,1.01895206243
259372,259378,259787,6,409,2,900,1.01466992665
259431,259567,264070,136,4503,5,14400,1.0302020875
259431,259441,264029,10,4588,5,14400,1.00217959895
259565,259589,263768,24,4179,5,14400,1.00574300072
259586,259595,264347,9,4752,5,14400,1.00189393939
259587,259722,263626,135,3904,5,14400,1.03457991803
259720,259728,263879,8,4151,5,14400,1.00192724645
259731,260005,264518,274,4513,5,14400,1.06071349435
259998,260055,264252,57,4197,5,14400,1.01358112938
260050,260412,265083,362,4671,5,14400,1.07749946478
260050,260062,263870,12,3808,5,14400,1.0031512605
260410,260426,264878,16,4452,5,14400,1.00359389039
260410,260419,264447,9,4028,5,14400,1.00223435948
260421,260557,264810,136,4253,5,14400,1.0319774277
260555,260563,264517,8,3954,5,14400,1.00202326758
260566,260607,264722,41,4115,5,14400,1.009963548
260607,262145,266603,1538,4458,5,14400,1.34499775684
262145,263637,268606,1492,4969,5,14400,1.30026162206
263642,263780,268533,138,4753,5,14400,1.02903429413
263775,263881,268207,106,4326,5,14400,1.02450300509
263878,263891,268400,13,4509,5,14400,1.00288312264
263889,263931,268223,42,4292,5,14400,1.00978564772
263931,264042,268641,111,4599,5,14400,1.02413568167
264044,264065,268617,21,4552,5,14400,1.00461335677
264065,264082,268040,17,3958,5,14400,1.00429509853
264086,264264,268960,178,4696,5,14400,1.03790459966
264261,264273,268565,12,4292,5,14400,1.00279589935
264271,264358,268292,87,3934,5,14400,1.02211489578
264354,264459,268310,105,3851,5,14400,1.02726564529
264457,264529,269094,72,4565,5,14400,1.01577217963
264529,264535,268689,6,4154,5,14400,1.00144439095
264540,264733,268522,193,3789,5,14400,1.05093692267
264735,264822,269001,87,4179,5,14400,1.0208183776
264818,264889,269041,71,4152,5,14400,1.01710019268
264890,265032,269635,142,4603,5,14400,1.03084944601
265034,265094,269450,60,4356,5,14400,1.01377410468
265096,266614,271766,1518,5152,5,14400,1.29464285714
266613,268052,271969,1439,3917,5,14400,1.36737298953
267856,270450,270461,2594,11,1,3600,236.818181818
268048,268219,272121,171,3902,5,14400,1.04382368016
268223,268234,272910,11,4676,5,14400,1.00235243798
268234,268304,272288,70,3984,5,14400,1.01757028112
268306,268322,272313,16,3991,5,14400,1.0040090203
268317,268411,273138,94,4727,5,14400,1.01988576264
268410,268534,272591,124,4057,5,14400,1.03056445649
268499,279299,279304,10800,5,3,259200,1080.5
268533,268545,273206,12,4661,5,14400,1.00257455482
268544,268577,272832,33,4255,5,14400,1.00775558167
268575,268619,273408,44,4789,5,14400,1.00918772186
268617,268628,272761,11,4133,5,14400,1.00266150496
268627,268653,272824,26,4171,5,14400,1.00623351714
268648,268705,273062,57,4357,5,14400,1.01308239614
268700,268971,273361,271,4390,5,14400,1.06173120729
268967,269013,272754,46,3741,5,14400,1.01229617749
269009,269054,273592,45,4538,5,14400,1.00991626267
269050,269106,273150,56,4044,5,14400,1.01384767557
269102,269462,274028,360,4566,5,14400,1.07884362681
269461,269646,274310,185,4664,5,14400,1.03966552316
269646,270483,275497,837,5014,5,14400,1.16693258875
270487,271778,276423,1291,4645,5,14400,1.27793326157
270566,272173,272424,1607,251,1,3600,7.40239043825
271537,272179,272186,642,7,1,1800,64.9
271778,271980,276049,202,4069,5,14400,1.04964364709
271801,272196,272326,395,130,1,3600,4.03846153846
271983,272134,276117,151,3983,5,14400,1.03791112227
272137,272300,276795,163,4495,5,14400,1.0362625139
272302,272325,276961,23,4636,5,14400,1.00496117343
272323,272602,276576,279,3974,5,14400,1.07020634122
272440,272447,272876,7,429,1,3600,1.01631701632
272442,272453,272536,11,83,1,1800,1.13253012048
272557,272563,273173,6,610,1,3600,1.00983606557
272600,272766,276698,166,3932,5,14400,1.04221770092
272765,272772,276550,7,3778,5,14400,1.00185283219
272775,272836,276654,61,3818,5,14400,1.01597695128
272834,272886,272987,52,101,1,1800,1.51485148515
272837,272844,277119,7,4275,5,14400,1.0016374269
272848,272922,277177,74,4255,5,14400,1.01739130435
272920,273074,278221,154,5147,5,14400,1.02992034195
273075,273151,277094,76,3943,5,14400,1.01927466396
273101,275801,276626,2700,825,1,3600,4.27272727273
273147,273161,278082,14,4921,5,14400,1.00284495021
273158,273183,277907,25,4724,5,14400,1.00529212532
273179,273218,277719,39,4501,5,14400,1.00866474117
273220,273372,277442,152,4070,5,14400,1.03734643735
273374,273419,277284,45,3865,5,14400,1.01164294955
273409,275807,276458,2398,651,1,3600,4.68356374808
273416,273604,277963,188,4359,5,14400,1.04312915806
273579,275812,276209,2233,397,1,1800,6.62468513854
273601,274040,278228,439,4188,5,14400,1.10482330468
274042,274322,278294,280,3972,5,14400,1.07049345418
274320,275509,280706,1189,5197,5,14400,1.22878583798
275509,275791,280467,282,4676,5,14400,1.06030795552
275796,276061,279958,265,3897,5,14400,1.06800102643
276063,276128,280043,65,3915,5,14400,1.01660280971
276125,276434,280399,309,3965,5,14400,1.07793190416
276433,276561,281585,128,5024,5,14400,1.02547770701
276567,276588,281290,21,4702,5,14400,1.0044661846
276588,276666,281351,78,4685,5,14400,1.0166488794
276670,276709,281445,39,4736,5,14400,1.0082347973
276712,276807,281051,95,4244,5,14400,1.02238454288
276804,276972,281507,168,4535,5,14400,1.03704520397
276881,276888,276895,7,7,1,1800,1.4
276969,277106,281737,137,4631,5,14400,1.02958324336
277045,277051,277091,6,40,1,1800,1.15
277103,277132,281497,29,4365,5,14400,1.00664375716
277134,277188,281629,54,4441,5,14400,1.01215942355
277186,277296,281211,110,3915,5,14400,1.02809706258
277299,277453,281594,154,4141,5,14400,1.03718908476
277326,277333,277406,7,73,1,1800,1.09589041096
277335,277416,277547,81,131,1,3600,1.61832061069
277448,277557,277657,109,100,1,3600,2.09
277453,277730,282054,277,4324,5,14400,1.06406105458
277676,277682,277981,6,299,1,3600,1.02006688963
277731,277920,282179,189,4259,5,14400,1.04437661423
277784,277991,278285,207,294,1,3600,1.70408163265
277915,277975,282485,60,4510,5,14400,1.0133037694
277978,278094,282069,116,3975,5,14400,1.02918238994
278051,278232,278490,181,258,1,1800,1.7015503876
278098,278239,279666,141,1427,8,6000,1.09880868956
278242,278305,279713,63,1408,8,6000,1.04474431818
278279,278295,278925,16,630,1,3600,1.0253968254
278304,279679,281092,1375,1413,8,6000,1.97310686483
278567,278573,279226,6,653,1,3600,1.00918836141
279249,279256,279337,7,81,1,1800,1.08641975309
279591,279975,280073,384,98,1,1800,4.91836734694
279678,279725,281159,47,1434,8,6000,1.03277545328
279729,280366,281770,637,1404,8,6000,1.4537037037
280365,281064,282471,699,1407,8,6000,1.49680170576
280596,280603,280980,7,377,1,1800,1.01856763926
281062,281104,282518,42,1414,8,6000,1.0297029703
281104,281170,282579,66,1409,8,6000,1.04684173172
281176,281301,282721,125,1420,8,6000,1.08802816901
281202,297665,297673,16463,8,4,900,1647.1
281299,281458,282878,159,1420,8,6000,1.11197183099
281453,281509,282909,56,1400,8,6000,1.04
281505,281596,283006,91,1410,8,6000,1.06453900709
281597,281606,283077,9,1471,8,6000,1.00611828688
281608,281748,283174,140,1426,8,6000,1.09817671809
281752,281782,283187,30,1405,8,6000,1.02135231317
281783,282080,283504,297,1424,8,6000,1.20856741573
282081,282191,283605,110,1414,8,6000,1.07779349364
282181,290135,290179,7954,44,1,1800,181.772727273
282194,282483,283924,289,1441,8,6000,1.20055517002
282481,282531,283958,50,1427,8,6000,1.0350385424
282532,282590,284003,58,1413,8,6000,1.04104741684
282594,282732,284133,138,1401,8,6000,1.09850107066
282728,282891,284313,163,1422,8,6000,1.11462728551
282892,282920,284346,28,1426,8,6000,1.01963534362
282923,283017,284437,94,1420,8,6000,1.0661971831
283016,283089,284499,73,1410,8,6000,1.05177304965
283088,283186,284613,98,1427,8,6000,1.0686755431
283191,283198,284610,7,1412,8,6000,1.00495750708
283202,283515,284928,313,1413,8,6000,1.22151450814
283519,283616,285036,97,1420,8,6000,1.06830985915
283612,283936,285344,324,1408,8,6000,1.23011363636
283690,297684,298825,13994,1141,4,3600,13.2646801052
283940,283970,285372,30,1402,8,6000,1.02139800285
283971,284015,285418,44,1403,8,6000,1.0313613685
284013,284144,285561,131,1417,8,6000,1.09244883557
284146,284325,285737,179,1412,8,6000,1.12677053824
284331,284357,285788,26,1431,8,6000,1.01816911251
284362,284449,285874,87,1425,8,6000,1.06105263158
284445,284512,285918,67,1406,8,6000,1.04765291607
284517,284601,286014,84,1413,8,6000,1.05944798301
284599,284621,286045,22,1424,8,6000,1.0154494382
284620,284629,286054,9,1425,8,6000,1.00631578947
284631,284941,286338,310,1397,8,6000,1.22190408017
284710,290140,308166,5430,18026,1,18000,1.30123155442
284939,285048,286465,109,1417,8,6000,1.07692307692
285052,285355,286775,303,1420,8,6000,1.21338028169
285359,285384,286810,25,1426,8,6000,1.0175315568
285380,285430,286847,50,1417,8,6000,1.0352858151
285432,285573,287000,141,1427,8,6000,1.09880868956
285497,287679,294006,2182,6327,8,28800,1.34487118698
285576,285749,287175,173,1426,8,6000,1.12131837307
285750,285800,287224,50,1424,8,6000,1.03511235955
285802,285887,287296,85,1409,8,6000,1.06032647268
285884,285930,287359,46,1429,8,6000,1.0321903429
285926,286025,287451,99,1426,8,6000,1.06942496494
286029,286057,287460,28,1403,8,6000,1.0199572345
286060,286066,287475,6,1409,8,6000,1.00425833925
286070,286349,287781,279,1432,8,6000,1.19483240223
286347,286477,287882,130,1405,8,6000,1.09252669039
286481,286787,288192,306,1405,8,6000,1.21779359431
286788,286822,288238,34,1416,8,6000,1.02401129944
286820,286858,288279,38,1421,8,6000,1.02674173118
286861,287012,288421,151,1409,8,6000,1.1071682044
287015,287187,288610,172,1423,8,6000,1.12087139845
287190,287236,288676,46,1440,8,6000,1.03194444444
287231,287307,288727,76,1420,8,6000,1.05352112676
287303,287371,288810,68,1439,8,6000,1.04725503822
287375,287463,288940,88,1477,8,6000,1.0595802302
287468,287478,288887,10,1409,8,6000,1.00709723208
287479,287486,288920,7,1434,8,6000,1.00488145049
287489,287685,289119,196,1434,8,6000,1.13668061367
287684,287793,289201,109,1408,8,6000,1.07741477273
287798,287893,289330,95,1437,8,6000,1.06610995129
287890,288203,289634,313,1431,8,6000,1.21872816212
288208,288249,289684,41,1435,8,6000,1.02857142857
288250,288290,289708,40,1418,8,6000,1.02820874471
288291,288433,289898,142,1465,8,6000,1.09692832765
288435,288622,290034,187,1412,8,6000,1.13243626062
288619,288688,290203,69,1515,8,6000,1.04554455446
288692,288739,290154,47,1415,8,6000,1.0332155477
288743,288821,290244,78,1423,8,6000,1.05481377372
288826,288899,290323,73,1424,8,6000,1.05126404494
288898,288932,290361,34,1429,8,6000,1.02379286214
288929,288952,290396,23,1444,8,6000,1.01592797784
288943,293584,300791,4641,7207,16,7200,1.64395726377
288943,307403,314621,18460,7218,16,7200,3.55749515101
288943,300803,308036,11860,7233,16,7200,2.63970689894
288943,306510,313739,17567,7229,16,7200,3.43007331581
288944,313751,320984,24807,7233,16,7200,4.42969722107
288944,314633,321867,25689,7234,16,7200,4.55114735969
288944,315387,322617,26443,7230,16,7200,4.65739972337
288944,308128,315372,19184,7244,16,7200,3.64826062949
288944,319835,327064,30891,7229,16,7200,5.27320514594
288950,289131,290557,181,1426,8,6000,1.12692847125
289135,289213,290642,78,1429,8,6000,1.05458362491
289218,289341,290762,123,1421,8,6000,1.08655876144
289341,289647,291065,306,1418,8,6000,1.21579689704
289649,289695,291128,46,1433,8,6000,1.03210048849
289656,292010,294091,2354,2081,3,180000,2.13118692936
289677,293984,726019,4307,432035,3,432000,1.00996909973
289686,294940,726967,5254,432027,3,432000,1.01216127696
289701,289721,291134,20,1413,8,6000,1.01415428167
289722,289910,291349,188,1439,8,6000,1.13064628214
289906,290046,291472,140,1426,8,6000,1.09817671809
290050,290166,291592,116,1426,8,6000,1.08134642356
290163,290216,291659,53,1443,8,6000,1.03672903673
290215,290257,291679,42,1422,8,6000,1.02953586498
290257,290334,291765,77,1431,8,6000,1.05380852551
290268,291152,309756,884,18604,1,86400,1.04751666308
290293,310480,330054,20187,19574,1,86400,2.03131705323
290339,290373,291805,34,1432,8,6000,1.02374301676
290358,291834,300240,1476,8406,2,21600,1.1755888651
290370,290408,291823,38,1415,8,6000,1.02685512367
290412,290568,291993,156,1425,8,6000,1.10947368421
290426,311968,324237,21542,12269,1,54000,2.75580731926
290440,299905,300055,9465,150,1,1800,64.1
290566,290654,292074,88,1420,8,6000,1.06197183099
290659,290775,292208,116,1433,8,6000,1.08094905792
290772,291077,292520,305,1443,8,6000,1.21136521137
291080,291139,292561,59,1422,8,6000,1.04149085795
291142,291360,292802,218,1442,8,6000,1.15117891817
291366,291483,296054,117,4571,5,14400,1.02559614964
291479,291490,296011,11,4521,5,14400,1.00243309002
291490,291604,296305,114,4701,5,14400,1.02425015954
291524,302681,306674,11157,3993,2,21600,3.79413974455
291604,291611,296398,7,4787,5,14400,1.00146229371
291614,291671,296264,57,4593,5,14400,1.01241018942
291666,291692,295888,26,4196,5,14400,1.0061963775
291687,291698,296571,11,4873,5,14400,1.00225733634
291698,291777,295685,79,3908,5,14400,1.02021494371
291780,291816,296193,36,4377,5,14400,1.00822481151
291822,291828,296569,6,4741,5,14400,1.00126555579
291832,291842,295951,10,4109,5,14400,1.00243368216
291843,292005,295975,162,3970,5,14400,1.04080604534
292008,292085,296828,77,4743,5,14400,1.01623445077
292090,292097,296024,7,3927,5,14400,1.00178253119
292101,292221,297372,120,5151,5,14400,1.02329644729
292224,292532,296614,308,4082,5,14400,1.07545320921
292532,292538,296395,6,3857,5,14400,1.00155561317
292543,292573,296704,30,4131,5,14400,1.00726216412
292574,292580,296882,6,4302,5,14400,1.00139470014
292585,292814,297577,229,4763,5,14400,1.04807894184
292676,346606,454645,53930,108039,4,108000,1.49917159544
292700,305191,305849,12491,658,4,10380,19.9832826748
292810,293979,298409,1169,4430,5,14400,1.26388261851
292947,346673,365966,53726,19293,4,108000,3.78474057948
293842,320997,645215,27155,324218,16,324000,1.08375537447
293978,294935,299376,957,4441,5,14400,1.2154920063
294009,294919,294923,910,4,8,28800,91.4
294090,328494,328499,34404,5,2,259200,3440.9
294197,306686,310833,12489,4147,2,21600,4.01157463226
294931,295004,299672,73,4668,5,14400,1.01563838903
295003,295696,300112,693,4416,5,14400,1.15692934783
295183,310846,314838,15663,3992,2,32400,4.92359719439
295482,312428,314893,16946,2465,6,259200,7.87464503043
295608,388479,392722,92871,4243,25,7200,22.8880509074
295692,295900,300564,208,4664,5,14400,1.04459691252
295898,295962,300805,64,4843,5,14400,1.01321494941
295960,295986,299858,26,3872,5,14400,1.00671487603
295992,296022,300708,30,4686,5,14400,1.00640204866
296023,296037,300315,14,4278,5,14400,1.00327255727
296034,296065,299937,31,3872,5,14400,1.00800619835
296065,296205,299995,140,3790,5,14400,1.03693931398
296096,311962,311973,15866,11,8,28800,1443.36363636
296210,296275,300507,65,4232,5,14400,1.01535916824
296272,296317,300635,45,4318,5,14400,1.01042149143
296313,296407,300269,94,3862,5,14400,1.02433972035
296407,296414,300561,7,4147,5,14400,1.00168796721
296417,296580,300501,163,3921,5,14400,1.0415710278
296519,298837,302544,2318,3707,4,3600,1.6253034799
296522,388278,388468,91756,190,64,3600,483.926315789
296582,296589,301223,7,4634,5,14400,1.00151057402
296593,296625,301044,32,4419,5,14400,1.00724145734
296625,296715,301522,90,4807,5,14400,1.01872269607
296718,296839,300834,121,3995,5,14400,1.03028785982
296842,296893,300759,51,3866,5,14400,1.01319192964
296887,297671,299894,784,2223,2,7200,1.3526765632
296897,306057,306109,9160,52,10,300,177.153846154
296974,297384,300745,410,3361,5,14400,1.12198750372
297079,312393,318860,15314,6467,2,32400,3.36802226689
297233,297589,297654,356,65,5,300,6.47692307692
297351,308049,308115,10698,66,20,300,163.090909091
297676,298421,303310,745,4889,5,14400,1.15238290039
298094,312446,321389,14352,8943,2,32400,2.60483059376
298417,299387,303331,970,3944,5,14400,1.24594320487
298806,300252,300421,1446,169,2,600,9.55621301775
299168,314850,347276,15682,32426,2,32400,1.48362425214
299387,299683,303552,296,3869,5,14400,1.07650555699
299686,299869,304803,183,4934,5,14400,1.03708958249
299872,299948,304069,76,4121,5,14400,1.0184421257
299945,300007,304586,62,4579,5,14400,1.01354007425
299956,351589,353202,51633,1613,4,14400,33.0105393676
300007,300125,304400,118,4275,5,14400,1.02760233918
300121,300280,304696,159,4416,5,14400,1.03600543478
300276,300327,304277,51,3950,5,14400,1.01291139241
300328,300512,304830,184,4318,5,14400,1.04261232052
300514,300520,305037,6,4517,5,14400,1.00132831525
300525,300573,305401,48,4828,5,14400,1.00994200497
300577,300583,304477,6,3894,5,14400,1.00154083205
300588,300652,305179,64,4527,5,14400,1.01413739784
300650,300719,304901,69,4182,5,14400,1.01649928264
300723,300757,305303,34,4546,5,14400,1.00747910251
300754,300770,305425,16,4655,5,14400,1.00343716434
300775,300817,305692,42,4875,5,14400,1.00861538462
300798,301835,302091,1037,256,1,1800,5.05078125
300817,300847,305290,30,4443,5,14400,1.00675219446
300849,301057,305137,208,4080,5,14400,1.05098039216
301055,301235,305171,180,3936,5,14400,1.04573170732
301231,301534,306153,303,4619,5,14400,1.06559861442
301531,301830,306498,299,4668,5,14400,1.06405312768
301830,301842,305781,12,3939,5,14400,1.00304645849
301841,302555,306557,714,4002,5,14400,1.1784107946
302552,302676,306598,124,3922,5,14400,1.03161652218
302677,303322,307371,645,4049,5,14400,1.15929859224
303326,303343,307391,17,4048,5,14400,1.00419960474
303333,311984,311990,8651,6,8,86400,865.7
303347,303564,307837,217,4273,5,14400,1.05078399251
303564,304082,309114,518,5032,5,14400,1.10294117647
304080,304289,308244,209,3955,5,14400,1.05284450063
304182,309772,312026,5590,2254,1,18000,3.48003549246
304287,304412,309197,125,4785,5,14400,1.02612330199
304411,304489,309348,78,4859,5,14400,1.01605268574
304494,304597,309113,103,4516,5,14400,1.02280779451
304598,304708,308800,110,4092,5,14400,1.02688172043
304712,304914,308790,202,3876,5,14400,1.05211558308
304916,304923,308648,7,3725,3,3600,1.00187919463
304918,305049,309418,131,4369,5,14400,1.02998397803
305053,305149,309277,96,4128,5,14400,1.02325581395
305146,305183,309162,37,3979,5,14400,1.0092988188
305188,305302,310232,114,4930,5,14400,1.02312373225
305302,305316,310054,14,4738,5,14400,1.00295483326
305313,305413,309392,100,3979,5,14400,1.0251319427
305416,305437,309228,21,3791,5,14400,1.00553943551
305437,305704,309730,267,4026,5,14400,1.06631892697
305706,305793,310608,87,4815,5,14400,1.01806853583
305789,306610,311244,821,4634,5,14400,1.1771687527
306613,308256,312764,1643,4508,5,14400,1.36446317657
308256,308803,313775,547,4972,5,14400,1.1100160901
308653,308659,312383,6,3724,3,3600,1.00161117078
308802,308813,313024,11,4211,5,14400,1.00261220613
308812,309124,313838,312,4714,5,14400,1.06618582944
308866,312399,366738,3533,54339,1,180000,1.06501775888
308866,312038,373898,3172,61860,1,180000,1.05127707727
308866,312346,370850,3480,58504,1,180000,1.05948311227
308867,315744,377119,6877,61375,1,180000,1.11204887984
308867,324250,380168,15383,55918,1,180000,1.27509925248
308867,324106,380168,15239,56062,1,180000,1.27182405194
308867,313185,369015,4318,55830,1,180000,1.07734193086
308867,313483,370506,4616,57023,1,180000,1.08094979219
308867,315286,373398,6419,58112,1,180000,1.11045911344
308868,327098,380173,18230,53075,1,180000,1.34347621291
308868,328239,380173,19371,51934,1,180000,1.37299264451
308868,324992,380168,16124,55176,1,180000,1.29222850515
308868,325399,380168,16531,54769,1,180000,1.30183132794
308868,324924,380168,16056,55244,1,180000,1.29063789733
308869,328516,376811,19647,48295,1,180000,1.40681229941
308869,328644,328645,19775,1,1,180000,1977.6
308869,328510,380173,19641,51663,1,180000,1.38017536728
308870,328664,328665,19794,1,1,180000,1979.5
308870,328658,328659,19788,1,1,180000,1978.9
308870,328651,328652,19781,1,1,180000,1978.2
308883,328685,380173,19802,51488,1,180000,1.38459446861
308883,328691,380173,19808,51482,1,180000,1.38475583699
308883,330065,380173,21182,50108,1,180000,1.42272690987
308883,330049,380173,21166,50124,1,180000,1.42227276355
308883,333273,380173,24390,46900,1,180000,1.52004264392
308883,333050,380173,24167,47123,1,180000,1.5128493517
308884,333278,380173,24394,46895,1,180000,1.52018338842
308884,334479,380173,25595,45694,1,180000,1.56013918676
308884,335141,380173,26257,45032,1,180000,1.58307425831
308884,335152,380173,26268,45021,1,180000,1.58346105151
308884,335146,380173,26262,45027,1,180000,1.58325004997
308885,336674,380173,27789,43499,1,180000,1.63884227224
308885,337111,337112,28226,1,1,180000,2822.7
308885,336314,380173,27429,43859,1,180000,1.62539045578
308885,336685,380173,27800,43488,1,180000,1.63925680648
308885,336679,380173,27794,43494,1,180000,1.6390306709
308885,337106,380173,28221,43067,1,180000,1.65528130587
308886,337123,337124,28237,1,1,180000,2823.8
308886,337135,337136,28249,1,1,180000,2825.0
308886,337148,337149,28262,1,1,180000,2826.3
308895,339537,380173,30642,40636,1,180000,1.75406043902
308895,339542,380173,30647,40631,1,180000,1.7542762915
308895,337209,380173,28314,42964,1,180000,1.65901685132
308896,342689,380173,33793,37484,1,180000,1.90153132003
308896,343817,380173,34921,36356,1,180000,1.96052921113
308896,346612,380173,37716,33561,1,180000,2.12380441584
308896,346678,380173,37782,33495,1,180000,2.12798925213
308896,348576,380173,39680,31597,1,180000,2.25581542552
308897,351835,380173,42938,28338,1,180000,2.51520925965
308897,355897,380176,47000,24279,1,180000,2.93582931752
308897,355513,380173,46616,24660,1,180000,2.8903487429
308897,348582,380173,39685,31591,1,180000,2.25621221234
308897,350933,380173,42036,29240,1,180000,2.43761969904
308897,351595,380173,42698,28578,1,180000,2.49408636014
308898,361420,380176,52522,18756,1,180000,3.80027724462
308898,359846,380176,50948,20330,1,180000,3.50605017216
308899,362918,362919,54019,1,1,180000,5402.0
308908,365715,380176,56807,14461,1,180000,4.92828988313
308908,365461,380176,56553,14715,1,180000,4.84322120285
308908,365450,380176,56542,14726,1,180000,4.83960342252
308908,362966,380176,54058,17210,1,180000,4.141080767
308909,365983,380176,57074,14193,1,180000,5.02127809484
308909,365988,380176,57079,14188,1,180000,5.0230476459
308909,366156,380176,57247,14020,1,180000,5.0832382311
308909,365993,380176,57084,14183,1,180000,5.02481844462
308909,367232,380176,58323,12944,1,180000,5.50579419036
308910,368883,380176,59973,11293,1,180000,6.31063490658
308910,368893,380176,59983,11283,1,180000,6.31622795356
308910,367237,380176,58327,12939,1,180000,5.50784450112
308910,367290,380176,58380,12886,1,180000,5.53049821512
308910,367427,380176,58517,12749,1,180000,5.58992862185
308910,368888,380176,59978,11288,1,180000,6.31343019135
308911,369038,369039,60127,1,1,180000,6012.8
308911,368934,380176,60023,11242,1,180000,6.33917452411
308912,370612,370613,61700,1,1,180000,6170.1
308912,369093,369094,60181,1,1,180000,6018.2
308912,370624,370625,61712,1,1,180000,6171.3
309121,309174,313733,53,4559,5,14400,1.01162535644
309163,309208,313595,45,4387,5,14400,1.01025757921
309205,309239,313778,34,4539,5,14400,1.0074906367
309236,309289,313365,53,4076,5,14400,1.01300294406
309278,309360,313491,82,4131,5,14400,1.01984991527
309350,309404,314097,54,4693,5,14400,1.01150649904
309402,309430,313273,28,3843,5,14400,1.0072859745
309423,309741,313734,318,3993,5,14400,1.0796393689
309515,314919,314923,5404,4,5,32400,540.8
309733,310066,313942,333,3876,5,14400,1.08591331269
310061,310620,312040,559,1420,8,6000,1.39366197183
310236,311257,312673,1021,1416,8,6000,1.72104519774
310618,312002,313414,1384,1412,8,6000,1.98016997167
310740,310746,312334,6,1588,1,2400,1.00377833753
310958,388485,533813,77527,145328,18,198000,1.53346223715
311029,388490,539506,77461,151016,18,198000,1.51293240451
311321,311327,313173,6,1846,1,1800,1.00325027086
311397,311403,311653,6,250,2,600,1.024
311418,311425,311673,7,248,2,600,1.02822580645
311640,311647,311882,7,235,2,300,1.02978723404
311670,327075,327082,15405,7,2,72000,1541.2
311679,327092,328597,15413,1505,2,72000,11.2411960133
311775,311782,312434,7,652,2,1800,1.01073619632
311956,314905,314907,2949,2,5,3600,295.1
312008,312052,313448,44,1396,8,6000,1.03151862464
312049,312684,314091,635,1407,8,6000,1.4513148543
312688,313036,314446,348,1410,8,6000,1.24680851064
313027,313377,314793,350,1416,8,6000,1.24717514124
313369,313426,314848,57,1422,8,6000,1.04008438819
313421,313460,314883,39,1423,8,6000,1.02740688686
313452,313503,314921,51,1418,8,6000,1.03596614951
313504,313744,315134,240,1390,8,6000,1.1726618705
313590,314910,315275,1320,365,1,3600,4.61643835616
313603,314950,315732,1347,782,1,3600,2.72250639386
313741,313756,315165,15,1409,8,6000,1.01064584812
313752,313789,315222,37,1433,8,6000,1.02581995813
313783,313953,315369,170,1416,8,6000,1.12005649718
313948,314102,315501,154,1399,8,6000,1.11007862759
314092,314110,315519,18,1409,8,6000,1.01277501774
314114,314458,315885,344,1427,8,6000,1.24106517169
314453,314806,316220,353,1414,8,6000,1.24964639321
314803,314861,316268,58,1407,8,6000,1.04122245913
314865,314894,316300,29,1406,8,6000,1.02062588905
314897,314934,316352,37,1418,8,6000,1.02609308886
314938,315146,316613,208,1467,8,6000,1.14178595774
315145,315176,316603,31,1427,8,6000,1.02172389629
315154,365371,366203,50217,832,4,10380,61.3569711538
315176,315234,316664,58,1430,8,6000,1.04055944056
315238,315380,316787,142,1407,8,6000,1.10092395167
315382,315514,316927,132,1413,8,6000,1.09341825902
315516,315530,316941,14,1411,8,6000,1.00992204111
315527,315896,317308,369,1412,8,6000,1.26133144476
315858,324092,324094,8234,2,1,52800,823.6
315898,316231,317645,333,1414,8,6000,1.23550212164
315898,319005,323334,3107,4329,5,32400,1.71771771772
316227,316281,317703,54,1422,8,6000,1.03797468354
316279,316312,317728,33,1416,8,6000,1.02330508475
316304,319011,319824,2707,813,1,5400,4.32964329643
316311,316365,317793,54,1428,8,6000,1.03781512605
316322,319841,320242,3519,401,1,3600,9.77556109726
316363,316615,318022,252,1407,8,6000,1.17910447761
316620,316627,318027,7,1400,8,6000,1.005
316631,316675,318099,44,1424,8,6000,1.0308988764
316673,316799,318206,126,1407,8,6000,1.08955223881
316797,316939,318352,142,1413,8,6000,1.10049539986
316941,316953,318395,12,1442,8,6000,1.00832177531
316952,317320,318736,368,1416,8,6000,1.25988700565
317196,318871,327242,1675,8371,2,21600,1.20009556803
317322,317656,319068,334,1412,8,6000,1.23654390935
317407,320253,324081,2846,3828,1,18000,1.7434691745
317525,321401,347151,3876,25750,2,86400,1.15052427184
317652,317714,319124,62,1410,8,6000,1.04397163121
317714,317740,319147,26,1407,8,6000,1.0184790334
317735,317806,319212,71,1406,8,6000,1.05049786629
317808,318033,319446,225,1413,8,6000,1.15923566879
318034,318041,319456,7,1415,8,6000,1.00494699647
318045,318112,319515,67,1403,8,6000,1.04775481112
318107,318217,319650,110,1433,8,6000,1.07676203768
318221,318365,319786,144,1421,8,6000,1.10133708656
318365,318408,319835,43,1427,8,6000,1.03013314646
318404,353136,371159,34732,18023,4,18000,2.92709315874
318407,318748,320155,341,1407,8,6000,1.24235963042
318743,353214,368866,34471,15652,4,18000,3.20233835932
318747,319080,320501,333,1421,8,6000,1.23434201267
318762,324803,326936,6041,2133,2,21600,3.8321612752
319071,324919,327064,5848,2145,2,21600,3.72634032634
319076,319135,320563,59,1428,8,6000,1.04131652661
319138,319160,320574,22,1414,8,6000,1.01555869873
319160,319224,320656,64,1432,8,6000,1.04469273743
319222,319458,320870,236,1412,8,6000,1.1671388102
319455,323352,323798,3897,446,5,3600,9.73766816143
319459,319467,320881,8,1414,8,6000,1.00565770863
319466,370637,372125,51171,1488,1,14400,35.3891129032
319469,319526,320961,57,1435,8,6000,1.03972125436
319532,319662,321086,130,1424,8,6000,1.09129213483
319652,325394,333248,5742,7854,2,21600,1.73109243697
319666,319797,321215,131,1418,8,6000,1.09238363893
319800,319849,321280,49,1431,8,6000,1.03424178896
319852,320166,321585,314,1419,8,6000,1.22128259338
320061,323815,325354,3754,1539,1,1800,3.43924626381
320171,320513,321924,342,1411,8,6000,1.24238128987
320473,326947,346776,6474,19829,2,32400,1.32649150235
320510,320575,322009,65,1434,8,6000,1.04532775453
320573,320587,322007,14,1420,8,6000,1.00985915493
320583,320668,322105,85,1437,8,6000,1.05915100905
320666,320881,322299,215,1418,8,6000,1.15162200282
320702,324797,324975,4095,178,6,3600,24.0056179775
320883,320892,322321,9,1429,8,6000,1.00629811057
320893,320972,322399,79,1427,8,6000,1.05536089699
320976,321098,322520,122,1422,8,6000,1.08579465541
321100,321227,322662,127,1435,8,6000,1.08850174216
321224,321291,322727,67,1436,8,6000,1.04665738162
321296,321597,323043,301,1446,8,6000,1.2081604426
321595,321884,323316,289,1432,8,6000,1.20181564246
321821,321879,321887,58,8,8,86400,6.6
321883,321898,323333,15,1435,8,6000,1.01045296167
321904,321935,323362,31,1427,8,6000,1.02172389629
321935,322019,323433,84,1414,8,6000,1.05940594059
322018,322025,323450,7,1425,8,6000,1.0049122807
322029,322116,323559,87,1443,8,6000,1.06029106029
322041,322630,327315,589,4685,8,86400,1.1257203842
322054,385936,386862,63882,926,24,3600,69.9870410367
322071,322635,322652,564,17,8,86400,34.1764705882
322112,322310,323740,198,1430,8,6000,1.13846153846
322207,323328,323352,1121,24,8,14400,47.7083333333
322308,322332,323759,24,1427,8,6000,1.01681850035
322329,322411,323850,82,1439,8,6000,1.05698401668
322411,322533,323975,122,1442,8,6000,1.08460471567
322535,322664,324104,129,1440,8,6000,1.08958333333
322664,327104,346903,4440,19799,2,32400,1.22425375019
322670,322677,324107,7,1430,8,6000,1.0048951049
322680,322740,324168,60,1428,8,6000,1.04201680672
322742,323056,324480,314,1424,8,6000,1.22050561798
323051,323344,324752,293,1408,8,6000,1.20809659091
323237,327253,359672,4016,32419,2,32400,1.12387797279
323350,323363,324786,13,1423,8,6000,1.00913562895
323361,323374,324819,13,1445,8,6000,1.00899653979
323372,323445,324887,73,1442,8,6000,1.05062413315
323444,323461,324897,17,1436,8,6000,1.01183844011
323465,323571,325006,106,1435,8,6000,1.07386759582
323568,323752,325195,184,1443,8,6000,1.12751212751
323754,323770,325200,16,1430,8,6000,1.01118881119
323775,323862,325282,87,1420,8,6000,1.06126760563
323858,323987,325426,129,1439,8,6000,1.08964558721
323992,324116,325570,124,1454,8,6000,1.08528198074
324116,324124,325549,8,1425,8,6000,1.00561403509
324126,324180,325608,54,1428,8,6000,1.03781512605
324178,324492,325920,314,1428,8,6000,1.21988795518
324495,324830,329524,335,4694,5,14400,1.07136770345
324660,324764,325187,104,423,8,14400,1.24586288416
324834,324899,329675,65,4776,5,14400,1.01360971524
324897,324907,330018,10,5111,5,14400,1.00195656427
324908,324913,329895,5,4982,5,14400,1.00100361301
324918,324986,329625,68,4639,5,14400,1.01465833154
324991,325017,325036,26,19,5,14400,2.36842105263
325022,325028,329553,6,4525,5,14400,1.00132596685
325033,325047,328988,14,3941,5,14400,1.00355239787
325044,325206,329397,162,4191,5,14400,1.03865425913
325077,325199,325376,122,177,8,86400,1.68926553672
325209,325216,329966,7,4750,5,14400,1.00147368421
325219,325226,329312,7,4086,5,14400,1.00171316691
325230,325294,329272,64,3978,5,14400,1.01608848668
325292,325366,330010,74,4644,5,14400,1.01593453919
325365,325388,329469,23,4081,5,14400,1.00563587356
325386,325439,330162,53,4723,5,14400,1.01122168113
325438,325562,329790,124,4228,5,14400,1.02932828761
325447,325581,336634,134,11053,8,14400,1.01212340541
325562,325569,329638,7,4069,5,14400,1.0017203244
325573,325620,329909,47,4289,5,14400,1.01095826533
325625,325932,330021,307,4089,5,14400,1.07507948154
325640,327082,327216,1442,134,8,86400,11.7611940299
325934,325940,330707,6,4767,5,14400,1.00125865324
325944,327087,331793,1143,4706,5,14400,1.24288142796
326168,328234,328483,2066,249,2,600,9.29718875502
327086,328228,332618,1142,4390,5,14400,1.26013667426
327262,328129,329994,867,1865,8,86400,1.46487935657
328227,329000,333505,773,4505,5,14400,1.17158712542
328591,328609,328626,18,17,1,86400,2.05882352941
328998,329285,333588,287,4303,5,14400,1.0666976528
329287,329325,333877,38,4552,5,14400,1.00834797891
329328,329409,333990,81,4581,5,14400,1.01768172888
329411,329480,333432,69,3952,5,14400,1.01745951417
329484,329535,334255,51,4720,5,14400,1.01080508475
329535,329565,334042,30,4477,5,14400,1.00670091579
329567,329637,333772,70,4135,5,14400,1.0169286578
329639,329649,333534,10,3885,5,14400,1.00257400257
329650,329686,333941,36,4255,5,14400,1.00846063455
329692,329802,334058,110,4256,5,14400,1.02584586466
329805,329907,333831,102,3924,5,14400,1.02599388379
329908,329922,334368,14,4446,5,14400,1.00314889789
329919,329977,333944,58,3967,5,14400,1.01462062012
329975,330907,332127,932,1220,8,86400,1.76393442623
329981,330021,330037,40,16,5,14400,3.5
330023,330029,335067,6,5038,5,14400,1.00119094879
330034,330041,334850,7,4809,5,14400,1.00145560408
330045,330056,334039,11,3983,5,14400,1.00276173738
330056,330174,334197,118,4023,5,14400,1.02933134477
330139,332331,355484,2192,23153,1,86400,1.09467455621
330163,332336,350921,2173,18585,1,86400,1.11692224913
330169,330718,335366,549,4648,5,14400,1.11811531842
330284,370861,376488,40577,5627,1,18000,8.21112493336
330714,331804,331823,1090,19,5,14400,58.3684210526
331032,332325,334467,1293,2142,1,18000,1.60364145658
331803,331834,335765,31,3931,5,14400,1.00788603409
331834,332320,337242,486,4922,5,14400,1.09874034945
332118,332315,334205,197,1890,8,86400,1.10423280423
332317,332630,337129,313,4499,5,14400,1.06957101578
332593,333045,333052,452,7,2,72000,45.9
332626,333039,337695,413,4656,5,14400,1.08870274914
332649,333063,382512,414,49449,2,72000,1.00837226233
332737,333260,333261,523,1,2,3540,52.4
333037,333445,337638,408,4193,5,14400,1.0973050322
333449,333516,337910,67,4394,5,14400,1.01524806554
333521,333546,337643,25,4097,5,14400,1.00610202587
333542,333600,338028,58,4428,5,14400,1.01309846432
333604,333783,338146,179,4363,5,14400,1.04102681641
333779,333842,338477,63,4635,5,14400,1.01359223301
333841,333890,337783,49,3893,5,14400,1.01258669407
333893,333953,338622,60,4669,5,14400,1.0128507175
333956,333962,337942,6,3980,5,14400,1.00150753769
333966,334003,338673,37,4670,5,14400,1.00792291221
333992,335136,335202,1144,66,5,3600,18.3333333333
334008,334051,338776,43,4725,5,14400,1.0091005291
334050,334058,338980,8,4922,5,14400,1.00162535555
334061,334070,339136,9,5066,5,14400,1.00177654955
334071,334209,338123,138,3914,5,14400,1.03525804803
334186,335119,335124,933,5,8,86400,93.8
334206,334267,338593,61,4326,5,14400,1.01410078595
334268,334379,339015,111,4636,5,14400,1.02394305436
334381,334862,339330,481,4468,5,14400,1.10765443151
334865,335079,339256,214,4177,5,14400,1.0512329423
335081,335214,339327,133,4113,5,14400,1.03233649404
335215,335378,339243,163,3865,5,14400,1.04217335058
335327,380662,381520,45335,858,10,3600,53.837995338
335380,335777,339709,397,3932,5,14400,1.1009664293
335781,336669,336696,888,27,5,14400,33.8888888889
336123,336308,385640,185,49332,1,68400,1.00375010135
336156,336647,336657,491,10,8,86400,50.1
336165,380202,380651,44037,449,12,3600,99.0779510022
336665,336707,341120,42,4413,5,14400,1.00951733515
336672,392745,395438,56073,2693,16,7200,21.8217601188
336706,337142,342364,436,5222,5,14400,1.08349291459
337138,337253,341402,115,4149,5,14400,1.02771752229
337252,337650,342715,398,5065,5,14400,1.07857847976
337652,337659,342555,7,4896,5,14400,1.00142973856
337663,337706,342188,43,4482,5,14400,1.00959393128
337705,337796,342099,91,4303,5,14400,1.02114803625
337797,337921,341975,124,4054,5,14400,1.03058707449
337920,337955,342749,35,4794,5,14400,1.00730079266
337952,338040,342060,88,4020,5,14400,1.02189054726
338044,338135,342123,91,3988,5,14400,1.02281845537
338137,338158,343196,21,5038,5,14400,1.00416832076
338158,338489,338511,331,22,5,14400,16.0454545455
338486,338523,342693,37,4170,5,14400,1.00887290168
338528,338604,342561,76,3957,5,14400,1.01920646955
338600,338633,342676,33,4043,5,14400,1.00816225575
338632,338685,343440,53,4755,5,14400,1.01114616193
338683,338787,343623,104,4836,5,14400,1.02150537634
338787,338991,343462,204,4471,5,14400,1.04562737643
338992,339027,343822,35,4795,5,14400,1.00729927007
339024,339147,343263,123,4116,5,14400,1.02988338192
339148,339254,344263,106,5009,5,14400,1.02116190856
339251,339267,343671,16,4404,5,14400,1.00363306085
339272,339339,343796,67,4457,5,14400,1.01503253309
339344,339352,343838,8,4486,5,14400,1.0017833259
339355,339720,343744,365,4024,5,14400,1.09070576541
339726,341131,345428,1405,4297,5,14400,1.32697230626
339987,392755,399597,52768,6842,8,86400,8.71236480561
341133,341414,345928,281,4514,5,14400,1.06225077537
341410,341987,346277,577,4290,5,14400,1.1344988345
341546,399608,486011,58062,86403,8,86400,1.67199055588
341986,342073,346169,87,4096,5,14400,1.02124023438
342069,342110,345999,41,3889,5,14400,1.01054255593
342108,342200,343621,92,1421,8,6000,1.06474313863
342201,342376,343793,175,1417,8,6000,1.12350035286
342218,346914,347326,4696,412,2,1200,12.3980582524
342376,342572,343994,196,1422,8,6000,1.13783403657
342571,342704,344131,133,1427,8,6000,1.09320252278
342706,342726,344157,20,1431,8,6000,1.01397624039
342727,343207,344624,480,1417,8,6000,1.33874382498
343210,343452,344870,242,1418,8,6000,1.1706629055
343456,343474,344892,18,1418,8,6000,1.01269393512
343478,343632,345063,154,1431,8,6000,1.10761705101
343632,343682,345112,50,1430,8,6000,1.03496503497
343684,343756,345172,72,1416,8,6000,1.05084745763
343756,343804,345224,48,1420,8,6000,1.0338028169
343808,343849,345268,41,1419,8,6000,1.02889358703
343850,344005,345431,155,1426,8,6000,1.10869565217
344004,344143,345555,139,1412,8,6000,1.09844192635
344140,344169,345576,29,1407,8,6000,1.02061122957
344171,344637,346058,466,1421,8,6000,1.32793807178
344633,344882,346316,249,1434,8,6000,1.17364016736
344880,344903,346353,23,1450,8,6000,1.01586206897
344901,345074,346488,173,1414,8,6000,1.12234794908
345076,345123,346577,47,1454,8,6000,1.03232462173
345129,345183,346595,54,1412,8,6000,1.03824362606
345181,345235,346661,54,1426,8,6000,1.03786816269
345233,345280,346701,47,1421,8,6000,1.03307529909
345285,345440,346868,155,1428,8,6000,1.10854341737
345439,345448,346863,9,1415,8,6000,1.00636042403
345450,345568,346979,118,1411,8,6000,1.08362863218
345563,345588,347016,25,1428,8,6000,1.0175070028
345584,345941,347384,357,1443,8,6000,1.2474012474
345944,346069,347480,125,1411,8,6000,1.08858965273
346068,346181,347610,113,1429,8,6000,1.07907627712
346181,346288,347712,107,1424,8,6000,1.07514044944
346284,346329,347743,45,1414,8,6000,1.03182461103
346326,346365,347784,39,1419,8,6000,1.02748414376
346368,346500,347945,132,1445,8,6000,1.09134948097
346502,346589,348011,87,1422,8,6000,1.0611814346
346673,346684,351367,11,4683,5,14400,1.00234892163
346684,346713,351343,29,4630,5,14400,1.00626349892
346715,346787,351380,72,4593,5,14400,1.01567602874
346785,346874,351482,89,4608,5,14400,1.01931423611
346870,346881,351346,11,4465,5,14400,1.00246360582
346881,346889,351177,8,4288,5,14400,1.00186567164
346892,346990,351551,98,4561,5,14400,1.02148651611
346990,346997,350929,7,3932,5,14400,1.0017802645
347001,347027,351148,26,4121,5,14400,1.00630914826
347033,347287,351818,254,4531,5,14400,1.05605826528
347098,347337,347663,239,326,2,21600,1.73312883436
347290,347396,351572,106,4176,5,14400,1.02538314176
347394,347492,351652,98,4160,5,14400,1.02355769231
347497,347504,352220,7,4716,5,14400,1.00148430874
347508,347622,351571,114,3949,5,14400,1.02886806787
347621,347724,352258,103,4534,5,14400,1.02271724746
347724,347731,352115,7,4384,5,14400,1.00159671533
347735,347754,351669,19,3915,5,14400,1.00485312899
347756,347762,352078,6,4316,5,14400,1.00139017609
347767,347796,352202,29,4406,5,14400,1.00658193373
347798,347956,353433,158,5477,5,14400,1.02884790944
347953,347964,352465,11,4501,5,14400,1.00244390136
347964,348022,352261,58,4239,5,14400,1.01368247228
348026,348064,353248,38,5184,5,14400,1.00733024691
348067,350941,355670,2874,4729,5,14400,1.60773947981
350325,355422,376414,5097,20992,2,86400,1.24280678354
350943,351165,356112,222,4947,5,14400,1.04487568223
351170,351189,356259,19,5070,5,14400,1.00374753452
351191,351354,355405,163,4051,5,14400,1.04023697852
351356,351362,355826,6,4464,5,14400,1.00134408602
351366,351379,355798,13,4419,5,14400,1.00294184205
351377,351391,355409,14,4018,5,14400,1.00348432056
351388,351494,355359,106,3865,5,14400,1.02742561449
351491,351562,356193,71,4631,5,14400,1.01533146189
351564,351582,355690,18,4108,5,14400,1.00438169426
351585,351664,355552,79,3888,5,14400,1.02031893004
351667,351680,355939,13,4259,5,14400,1.00305235971
351678,351830,355741,152,3911,5,14400,1.03886474048
351833,352089,357379,256,5290,5,14400,1.04839319471
352090,352126,356536,36,4410,5,14400,1.00816326531
352131,352214,357138,83,4924,5,14400,1.01685621446
352214,352233,356190,19,3957,5,14400,1.00480161739
352235,352270,356309,35,4039,5,14400,1.00866551127
352266,352277,357127,11,4850,5,14400,1.00226804124
352277,352477,356305,200,3828,5,14400,1.05224660397
352472,353260,357304,788,4044,5,14400,1.19485657765
353263,353444,358338,181,4894,5,14400,1.03698406212
353448,355371,359593,1923,4222,5,14400,1.4554713406
354261,355495,355502,1234,7,1,3600,124.1
355367,355416,360394,49,4978,5,14400,1.00984331057
355419,355563,359688,144,4125,5,14400,1.03490909091
355563,355682,360242,119,4560,5,14400,1.02609649123
355607,355758,355886,151,128,1,3600,2.1796875
355687,355701,359754,14,4053,5,14400,1.00345423143
355698,355752,360062,54,4310,5,14400,1.01252900232
355749,355810,360088,61,4278,5,14400,1.01425899953
355812,355838,360727,26,4889,5,14400,1.00531806095
355843,355950,359819,107,3869,5,14400,1.02765572499
355946,356123,360665,177,4542,5,14400,1.03896961691
356010,359684,360058,3674,374,1,3600,10.8235294118
356121,356203,360468,82,4265,5,14400,1.01922626026
356204,356210,361016,6,4806,5,14400,1.00124843945
356214,356271,361196,57,4925,5,14400,1.01157360406
356276,356317,361161,41,4844,5,14400,1.00846407927
356318,356324,360805,6,4481,5,14400,1.00133898683
356329,356549,360598,220,4049,5,14400,1.05433440356
356545,357138,361031,593,3893,5,14400,1.15232468533
357140,357150,361669,10,4519,5,14400,1.00221287896
357151,357315,362206,164,4891,5,14400,1.03353097526
357316,357391,361384,75,3993,5,14400,1.01878287002
357388,358350,362369,962,4019,5,14400,1.23936302563
357976,359689,359696,1713,7,1,1800,172.0
358204,359708,359836,1504,128,1,3600,12.75
358353,359604,363581,1251,3977,5,14400,1.3145587126
359605,359701,363712,96,4011,5,14400,1.023934181
359698,359766,363910,68,4144,5,14400,1.01640926641
359770,359830,364291,60,4461,5,14400,1.01344989913
359832,360086,364863,254,4777,5,14400,1.05317144651
359862,360068,360155,206,87,1,1800,3.36781609195
359957,360165,360549,208,384,1,3600,1.54166666667
360089,360099,364091,10,3992,5,14400,1.00250501002
360100,360254,365008,154,4754,5,14400,1.03239377366
360254,360405,365157,151,4752,5,14400,1.03177609428
360314,360559,361299,245,740,1,3600,1.33108108108
360409,360481,365099,72,4618,5,14400,1.01559116501
360436,361309,361410,873,101,1,1800,9.64356435644
360481,360610,364642,129,4032,5,14400,1.03199404762
360615,360676,364576,61,3900,5,14400,1.01564102564
360677,360738,365358,61,4620,5,14400,1.0132034632
360739,360817,364954,78,4137,5,14400,1.0188542422
360814,361394,362266,580,872,1,3600,1.66513761468
360822,361028,365048,206,4020,5,14400,1.05124378109
361028,361042,366253,14,5211,5,14400,1.00268662445
361038,361173,365971,135,4798,5,14400,1.02813672363
361172,361209,365277,37,4068,5,14400,1.00909537856
361214,361389,365422,175,4033,5,14400,1.04339201587
361389,361400,365390,11,3990,5,14400,1.00275689223
361400,361680,366535,280,4855,5,14400,1.05767250257
361677,362218,367220,541,5002,5,14400,1.10815673731
361971,362276,362660,305,384,1,1800,1.79427083333
362221,362381,366942,160,4561,5,14400,1.03508002631
362247,362670,362860,423,190,1,3600,3.22631578947
362386,363593,368315,1207,4722,5,14400,1.2556120288
362986,365376,365705,2390,329,1,3600,8.26443768997
363150,365439,365600,2289,161,1,3600,15.2173913043
363347,365444,365451,2097,7,1,1800,210.4
363597,363724,367718,127,3994,5,14400,1.03179769654
363721,363922,369388,201,5466,5,14400,1.03677277717
363926,364102,368990,176,4888,5,14400,1.03600654664
364101,364304,368617,203,4313,5,14400,1.04706700672
364307,364588,369059,281,4471,5,14400,1.06284947439
364584,364654,368614,70,3960,5,14400,1.01767676768
364657,364874,369090,217,4216,5,14400,1.05147058824
364872,364965,369657,93,4692,5,14400,1.01982097187
364965,365020,369332,55,4312,5,14400,1.01275510204
365017,365059,369151,42,4092,5,14400,1.01026392962
365058,365111,369142,53,4031,5,14400,1.01314810221
365109,365289,366714,180,1425,8,6000,1.12631578947
365294,365434,366865,140,1431,8,6000,1.09783368274
365438,366214,367630,776,1416,8,6000,1.54802259887
365596,365610,365689,14,79,1,1800,1.17721518987
365619,365699,365743,80,44,1,1800,2.81818181818
365726,365753,366051,27,298,1,3600,1.09060402685
365935,365977,366077,42,100,1,1800,1.42
365975,366061,366146,86,85,1,1800,2.01176470588
365992,366087,366764,95,677,1,3600,1.14032496307
366216,366547,367970,331,1423,8,6000,1.23260716796
366330,366750,367280,420,530,1,3600,1.79245283019
366545,366725,368132,180,1407,8,6000,1.12793176972
366594,366774,367148,180,374,1,1800,1.48128342246
366730,366878,368291,148,1413,8,6000,1.10474168436
366780,367158,367417,378,259,1,1800,2.45945945946
366874,366955,368366,81,1411,8,6000,1.05740609497
366957,367641,369050,684,1409,8,6000,1.48545067424
367646,367730,369154,84,1424,8,6000,1.05898876404
367729,367982,369399,253,1417,8,6000,1.17854622442
367986,368144,369572,158,1428,8,6000,1.1106442577
368140,368302,369735,162,1433,8,6000,1.11304954641
368304,368378,369816,74,1438,8,6000,1.05146036161
368366,368877,368924,511,47,1,1800,11.8723404255
368377,368625,370136,248,1511,8,6000,1.16412971542
368623,368633,370059,10,1426,8,6000,1.00701262272
368634,369062,370471,428,1409,8,6000,1.303761533
369065,369076,370502,11,1426,8,6000,1.00771388499
369076,369105,370526,29,1421,8,6000,1.02040816327
369107,369163,370584,56,1421,8,6000,1.039408867
369159,369169,370579,10,1410,8,6000,1.00709219858
369170,369400,370830,230,1430,8,6000,1.16083916084
369174,370520,370602,1346,82,1,1800,17.4146341463
369396,369411,370832,15,1421,8,6000,1.01055594652
369406,369583,371012,177,1429,8,6000,1.12386284115
369581,369669,371088,88,1419,8,6000,1.06201550388
369674,369747,371172,73,1425,8,6000,1.05122807018
369746,369828,371245,82,1417,8,6000,1.05786873677
369829,370071,371490,242,1419,8,6000,1.17054263566
370075,370147,371555,72,1408,8,6000,1.05113636364
370147,370482,371909,335,1427,8,6000,1.23475823406
370486,370513,371939,27,1426,8,6000,1.01893408135
370517,370538,371967,21,1429,8,6000,1.01469559132
370538,370590,372015,52,1425,8,6000,1.03649122807
370590,370597,372014,7,1417,8,6000,1.00494001411
370601,370842,372252,241,1410,8,6000,1.17092198582
370847,370853,372291,6,1438,8,6000,1.00417246175
370858,371023,372449,165,1426,8,6000,1.11570827489
371022,371101,372616,79,1515,8,6000,1.05214521452
371105,371183,372604,78,1421,8,6000,1.05489092189
371187,371256,372671,69,1415,8,6000,1.04876325088
371249,372042,372299,793,257,1,1800,4.08560311284
371259,371502,372914,243,1412,8,6000,1.17209631728
371320,372032,458455,712,86423,1,86400,1.00823854761
371506,371567,372988,61,1421,8,6000,1.04292751583
371550,372037,458462,487,86425,1,86400,1.00563494359
371568,371921,373340,353,1419,8,6000,1.24876673714
371916,371950,373402,34,1452,8,6000,1.02341597796
371948,371979,373419,31,1440,8,6000,1.02152777778
371979,372025,373449,46,1424,8,6000,1.03230337079
372031,372049,373481,18,1432,8,6000,1.0125698324
372052,372263,373699,211,1436,8,6000,1.14693593315
372267,372302,373722,35,1420,8,6000,1.02464788732
372298,372461,373890,163,1429,8,6000,1.11406578027
372463,372616,374054,153,1438,8,6000,1.10639777469
372617,372629,374052,12,1423,8,6000,1.00843288826
372628,372682,374122,54,1440,8,6000,1.0375
372680,372927,374355,247,1428,8,6000,1.17296918768
372767,374071,381564,1304,7493,4,32400,1.17402909382
372926,373000,374436,74,1436,8,6000,1.05153203343
372998,373352,374778,354,1426,8,6000,1.24824684432
373357,373414,374836,57,1422,8,6000,1.04008438819
373419,373431,374855,12,1424,8,6000,1.00842696629
373430,373460,374882,30,1422,8,6000,1.02109704641
373461,373492,374925,31,1433,8,6000,1.02163293789
373492,373711,375144,219,1433,8,6000,1.15282623866
373708,373735,375173,27,1438,8,6000,1.01877607789
373739,373902,375344,163,1442,8,6000,1.11303744799
373819,373910,382281,91,8371,1,18000,1.0108708637
373904,374063,375498,159,1435,8,6000,1.11080139373
374068,374078,375491,10,1413,8,6000,1.00707714084
374079,374134,375564,55,1430,8,6000,1.03846153846
374131,374368,375800,237,1432,8,6000,1.1655027933
374367,374447,375899,80,1452,8,6000,1.05509641873
374449,374790,376225,341,1435,8,6000,1.23763066202
374788,374847,376287,59,1440,8,6000,1.04097222222
374850,374867,376306,17,1439,8,6000,1.01181375956
374871,374894,376331,23,1437,8,6000,1.01600556715
374892,374938,376360,46,1422,8,6000,1.0323488045
374902,376504,382480,1602,5976,1,36000,1.26807228916
374934,375155,376584,221,1429,8,6000,1.15465360392
375044,380180,560230,5136,180050,3,180000,1.02852540961
375160,375185,376626,25,1441,8,6000,1.01734906315
375181,375356,376785,175,1429,8,6000,1.12246326102
375355,375503,376923,148,1420,8,6000,1.10422535211
375499,375510,376952,11,1442,8,6000,1.00762829404
375510,375576,377001,66,1425,8,6000,1.04631578947
375572,375812,377244,240,1432,8,6000,1.16759776536
375808,375912,377341,104,1429,8,6000,1.07277816655
375911,376237,377672,326,1435,8,6000,1.22717770035
376239,376300,377743,61,1443,8,6000,1.04227304227
376301,376317,377751,16,1434,8,6000,1.01115760112
376322,376343,377785,21,1442,8,6000,1.0145631068
376325,376425,385672,100,9247,2,32400,1.01081431816
376343,376372,377805,29,1433,8,6000,1.02023726448
376375,376596,378029,221,1433,8,6000,1.15422191207
376601,376638,378061,37,1423,8,6000,1.02600140548
376642,376796,378245,154,1449,8,6000,1.10628019324
376744,376823,400217,79,23394,1,86400,1.00337693426
376796,376934,378363,138,1429,8,6000,1.09657102869
376930,376964,378442,34,1478,8,6000,1.02300405954
376961,377013,378454,52,1441,8,6000,1.03608605135
377013,377256,378695,243,1439,8,6000,1.16886726894
377259,377353,378804,94,1451,8,6000,1.06478290834
377345,380194,390889,2849,10695,2,10800,1.26638616176
377352,377683,379137,331,1454,8,6000,1.22764786795
377680,377754,379204,74,1450,8,6000,1.05103448276
377752,377763,379203,11,1440,8,6000,1.00763888889
377763,377797,379254,34,1457,8,6000,1.02333562114
377794,377817,379245,23,1428,8,6000,1.01610644258
377815,378041,379477,226,1436,8,6000,1.1573816156
378041,378073,379501,32,1428,8,6000,1.02240896359
378070,378257,379676,187,1419,8,6000,1.13178294574
378255,378376,379795,121,1419,8,6000,1.08527131783
378378,378454,379870,76,1416,8,6000,1.05367231638
378450,378466,379878,16,1412,8,6000,1.01133144476
378461,378706,380193,245,1487,8,6000,1.16476126429
378708,378816,380246,108,1430,8,6000,1.07552447552
378821,379149,380572,328,1423,8,6000,1.23049894589
379149,379215,380627,66,1412,8,6000,1.04674220963
379211,379222,380643,11,1421,8,6000,1.00774102745
379222,379257,380722,35,1465,8,6000,1.02389078498
379253,379266,380705,13,1439,8,6000,1.00903405142
379264,379490,380925,226,1435,8,6000,1.1574912892
379490,379513,380944,23,1431,8,6000,1.01607267645
379511,379688,381118,177,1430,8,6000,1.12377622378
379686,379807,381210,121,1403,8,6000,1.08624376336
379688,838697,1443506,459009,604809,16,604800,1.75893215875
379767,380481,383875,714,3394,1,18000,1.21037124337
379785,382200,386263,2415,4063,1,18000,1.59438838297
379809,379882,381293,73,1411,8,6000,1.05173635719
379881,379891,381314,10,1423,8,6000,1.00702740689
379892,380209,381634,317,1425,8,6000,1.22245614035
380210,380259,381689,49,1430,8,6000,1.03426573427
380262,380475,381905,213,1430,8,6000,1.14895104895
380477,380584,382001,107,1417,8,6000,1.07551164432
380580,380638,382053,58,1415,8,6000,1.04098939929
380610,382194,385368,1584,3174,2,21600,1.49905482042
380642,380655,382070,13,1415,8,6000,1.00918727915
380652,380716,382133,64,1417,8,6000,1.04516584333
380714,380734,382160,20,1426,8,6000,1.01402524544
380735,380938,382342,203,1404,8,6000,1.14458689459
380786,385020,456949,4234,71929,1,180000,1.05886360161
380786,385684,451886,4898,66202,1,180000,1.07398568019
380786,382293,459628,1507,77335,1,180000,1.01948664899
380787,385689,450224,4902,64535,1,180000,1.07595878206
380787,386274,444953,5487,58679,1,180000,1.093508751
380787,388289,443069,7502,54780,1,180000,1.13694779116
380787,387153,440599,6366,53446,1,180000,1.11911087827
380787,386095,446919,5308,60824,1,180000,1.08726818361
380788,395618,446057,14830,50439,1,180000,1.29401851742
380788,393725,441924,12937,48199,1,180000,1.26840805826
380788,388501,436416,7713,47915,1,180000,1.16097255557
380788,388496,441532,7708,53036,1,180000,1.14533524399
380788,388506,434116,7718,45610,1,180000,1.16921727691
380789,403172,458243,22383,55071,1,180000,1.40643896061
380789,399018,455368,18229,56350,1,180000,1.3234960071
380789,400229,453905,19440,53676,1,180000,1.36217303823
380789,396415,448936,15626,52521,1,180000,1.2975190876
380789,403166,458748,22377,55582,1,180000,1.40259436508
380789,396147,445866,15358,49719,1,180000,1.30889599549
380790,409828,461797,29038,51969,1,180000,1.55875618157
380790,409834,461811,29044,51977,1,180000,1.55878561672
380790,406870,462323,26080,55453,1,180000,1.47030818892
380790,417169,467259,36379,50090,1,180000,1.72627270912
380790,420778,468362,39988,47584,1,180000,1.84036650975
380796,420784,600830,39988,180046,1,180000,1.22209879697
380797,421175,601199,40378,180024,1,180000,1.22429231658
380797,421170,601202,40373,180032,1,180000,1.22425457696
380797,422064,516053,41267,93989,1,180000,1.4390620179
380797,422676,487273,41879,64597,1,180000,1.64831184111
380797,422671,602703,41874,180032,1,180000,1.23259198365
380797,422528,602544,41731,180016,1,180000,1.23181828282
380798,422681,486460,41883,63779,1,180000,1.65668950595
380798,424728,482160,43930,57432,1,180000,1.76490458281
380798,424723,480951,43925,56228,1,180000,1.78119442271
380798,424712,487827,43914,63115,1,180000,1.69577754892
380798,424718,482191,43920,57473,1,180000,1.76418492162
380799,435844,500656,55045,64812,1,180000,1.84930259828
380799,435226,492785,54427,57559,1,180000,1.945586268
380799,435850,499925,55051,64075,1,180000,1.85916504097
380799,435839,498507,55040,62668,1,180000,1.87827918555
380799,435231,493888,54432,58657,1,180000,1.92797108614
380799,435834,497057,55035,61223,1,180000,1.89892687389
380800,440611,493509,59811,52898,1,180000,2.13068547015
380800,437289,498481,56489,61192,1,180000,1.92314354818
380800,437849,497808,57049,59959,1,180000,1.95146683567
380800,437879,497899,57079,60020,1,180000,1.95099966678
380800,436428,497408,55628,60980,1,180000,1.91223351919
380801,441560,490610,60759,49050,1,180000,2.23871559633
380807,442076,622085,61269,180009,1,180000,1.34036631502
380807,443461,623487,62654,180026,1,180000,1.34802750714
380807,445813,625821,65006,180008,1,180000,1.36112839429
380807,446068,626096,65261,180028,1,180000,1.36250472149
380808,448651,513199,67843,64548,1,180000,2.05104728264
380808,449894,514742,69086,64848,1,180000,2.06535282507
380808,450870,513050,70062,62180,1,180000,2.1267610164
380808,448383,529341,67575,80958,1,180000,1.83469206255
380808,446413,626453,65605,180040,1,180000,1.36439124639
380809,454028,508941,73219,54913,1,180000,2.33336368437
380809,455380,513826,74571,58446,1,180000,2.27589569859
380809,455092,511757,74283,56665,1,180000,2.31091502691
380809,452256,509873,71447,57617,1,180000,2.2400333235
380809,458478,517901,77669,59423,1,180000,2.30705282466
380809,454708,510170,73899,55462,1,180000,2.33242580506
380810,458527,522985,77717,64458,1,180000,2.20569983555
380810,463994,521155,83184,57161,1,180000,2.4552579556
380810,458759,519358,77949,60599,1,180000,2.28630835492
380810,462334,519188,81524,56854,1,180000,2.4339184578
380810,461913,525887,81103,63974,1,180000,2.26774939819
380811,465846,517937,85035,52091,1,180000,2.63243170605
380811,467271,518215,86460,50944,1,180000,2.69715766332
380811,464055,517033,83244,52978,1,180000,2.57129374457
380811,468373,516784,87562,48411,1,180000,2.80872115841
380815,485792,662490,104977,176698,1,180000,1.59410406456
380816,488314,560818,107498,72504,1,180000,2.48264923315
380816,485850,662490,105034,176640,1,180000,1.59462182971
380816,487839,662490,107023,174651,1,180000,1.61278206251
380816,487716,662490,106900,174774,1,180000,1.61164704132
380816,487785,662490,106969,174705,1,180000,1.61228356372
380817,492797,551213,111980,58416,1,180000,2.91694056423
380817,491817,555412,111000,63595,1,180000,2.74542023744
380817,493520,549462,112703,55942,1,180000,3.01464016303
380817,490712,554271,109895,63559,1,180000,2.72902342705
380817,492892,548740,112075,55848,1,180000,3.00678627704
380817,490635,555881,109818,65246,1,180000,2.68313766361
380818,497820,554398,117002,56578,1,180000,3.06797695217
380818,493900,550355,113082,56455,1,180000,3.00304667434
380818,494444,547978,113626,53534,1,180000,3.12250158778
380818,494313,551256,113495,56943,1,180000,2.99313348436
380818,497420,554095,116602,56675,1,180000,3.05737979709
380819,497911,554583,117092,56672,1,180000,3.066134952
380819,499937,553044,119118,53107,1,180000,3.24298115126
380819,498541,553320,117722,54779,1,180000,3.14903521422
380819,500668,552828,119849,52160,1,180000,3.29771855828
380819,498518,553736,117699,55218,1,180000,3.1315331957
380820,502580,550225,121760,47645,1,180000,3.55556721587
380820,502507,553530,121687,51023,1,180000,3.38494404484
380941,380956,382358,15,1402,8,6000,1.01069900143
380952,381130,382559,178,1429,8,6000,1.12456263121
381127,381223,382641,96,1418,8,6000,1.06770098731
381180,383356,385549,2176,2193,2,21600,1.99224806202
381219,381306,382724,87,1418,8,6000,1.06135401975
381303,381325,382744,22,1419,8,6000,1.01550387597
381324,381532,382959,208,1427,8,6000,1.14576033637
381530,381571,382996,41,1425,8,6000,1.02877192982
381571,381646,383064,75,1418,8,6000,1.05289139633
381644,381702,383193,58,1491,8,6000,1.03890006707
381706,381918,383339,212,1421,8,6000,1.14919071077
381795,406782,417792,24987,11010,4,25200,3.26948228883
381922,382013,383433,91,1420,8,6000,1.06408450704
382015,382065,383478,50,1413,8,6000,1.03538570418
382067,382082,383502,15,1420,8,6000,1.01056338028
382088,382144,383561,56,1417,8,6000,1.03952011291
382141,382172,383596,31,1424,8,6000,1.02176966292
382166,407625,515648,25459,108023,4,108000,1.2356812901
382172,382354,383776,182,1422,8,6000,1.12798874824
382357,382371,383781,14,1410,8,6000,1.00992907801
382368,382570,383989,202,1419,8,6000,1.14235377026
382467,383886,386084,1419,2198,1,18000,1.64558689718
382511,385015,387142,2504,2127,1,18000,2.17724494593
382574,382654,384096,80,1442,8,6000,1.05547850208
382657,382737,384165,80,1428,8,6000,1.05602240896
382739,382755,384184,16,1429,8,6000,1.01119664101
382760,382971,384397,211,1426,8,6000,1.14796633941
382967,383007,384432,40,1425,8,6000,1.02807017544
383009,383077,384513,68,1436,8,6000,1.04735376045
383081,383206,384630,125,1424,8,6000,1.08778089888
383205,383351,384771,146,1420,8,6000,1.10281690141
383348,383445,384880,97,1435,8,6000,1.06759581882
383441,383489,384912,48,1423,8,6000,1.03373155306
383493,383513,384939,20,1426,8,6000,1.01402524544
383514,383573,385003,59,1430,8,6000,1.04125874126
383576,383608,385040,32,1432,8,6000,1.02234636872
383607,383787,385227,180,1440,8,6000,1.125
383665,384789,388723,1124,3934,2,14400,1.28571428571
383792,383798,385221,6,1423,8,6000,1.00421644413
383802,384000,385438,198,1438,8,6000,1.13769123783
383997,384108,385530,111,1422,8,6000,1.07805907173
384110,384177,385594,67,1417,8,6000,1.04728299224
384172,384197,385619,25,1422,8,6000,1.01758087201
384193,384410,385849,217,1439,8,6000,1.15079916609
384406,384417,389350,11,4933,5,14400,1.0022298804
384417,384443,389182,26,4739,5,14400,1.00548638953
384448,384526,389419,78,4893,5,14400,1.0159411404
384531,384642,389688,111,5046,5,14400,1.02199762188
384645,384651,389493,6,4842,5,14400,1.00123915737
384656,384784,388993,128,4209,5,14400,1.030411024
384779,384892,389776,113,4884,5,14400,1.02313677314
384889,384898,384900,9,2,6,600,1.1
384893,384925,388887,32,3962,5,14400,1.00807672892
384924,384951,389351,27,4400,5,14400,1.00613636364
384955,385052,389975,97,4923,5,14400,1.01970343287
385009,385026,385031,17,5,8,600,2.2
385048,385238,389412,190,4174,5,14400,1.045519885
385051,385058,385165,7,107,2,300,1.06542056075
385175,385560,395107,385,9547,2,72000,1.04032680423
385226,385232,386462,6,1230,2,1200,1.00487804878
385243,385249,389269,6,4020,5,14400,1.00149253731
385254,385380,390149,126,4769,5,14400,1.02642063326
385290,385301,385924,11,623,16,600,1.0176565008
385343,385350,385357,7,7,2,1200,1.4
385358,385365,385455,7,90,4,3540,1.07777777778
385378,385450,389694,72,4244,5,14400,1.01696512724
385450,385542,390149,92,4607,5,14400,1.01996961146
385507,385513,386729,6,1216,2,1200,1.00493421053
385543,385550,389836,7,4286,5,14400,1.00163322445
385553,385606,389424,53,3818,5,14400,1.01388161341
385575,385581,386596,6,1015,2,3000,1.00591133005
385590,385651,386255,61,604,10,600,1.10099337748
385605,385630,389810,25,4180,5,14400,1.00598086124
385626,388284,392672,2658,4388,5,14400,1.60574293528
385799,385860,385869,61,9,4,3540,7.0
386478,386873,387475,395,602,16,600,1.6561461794
386562,386569,387199,7,630,10,600,1.01111111111
386628,386634,387303,6,669,2,3000,1.00896860987
386888,387487,387700,599,213,32,180,3.81220657277
387155,387161,387166,6,5,2,3600,1.1
387194,387201,390838,7,3637,2,3600,1.00192466318
387573,387579,388323,6,744,2,3000,1.00806451613
387726,387732,387899,6,167,2,600,1.03592814371
387900,387907,388100,7,193,32,180,1.03626943005
388280,388899,393997,619,5098,5,14400,1.12142016477
388293,388336,420751,43,32415,2,32400,1.00132654635
388556,388734,421157,178,32423,2,32400,1.00548992999
388810,395525,396130,6715,605,6,600,12.0991735537
388896,389006,393462,110,4456,5,14400,1.02468581688
388936,392733,393711,3797,978,1,1800,4.88241308793
388945,392738,393438,3793,700,1,3600,6.41857142857
389010,389194,393805,184,4611,5,14400,1.03990457601
389139,390850,400131,1711,9281,2,32400,1.18435513415
389195,389280,393948,85,4668,5,14400,1.01820908312
389277,389362,394389,85,5027,5,14400,1.01690869306
389360,389368,394388,8,5020,5,14400,1.0015936255
389371,389423,394360,52,4937,5,14400,1.01053271217
389422,389430,393432,8,4002,5,14400,1.0019990005
389433,389440,394130,7,4690,5,14400,1.00149253731
389444,389505,393918,61,4413,5,14400,1.01382279628
389506,389699,393706,193,4007,5,14400,1.04816571001
389701,389708,393511,7,3803,5,14400,1.00184065212
389712,389789,394041,77,4252,5,14400,1.01810912512
389785,389821,394482,36,4661,5,14400,1.00772366445
389826,389848,393946,22,4098,5,14400,1.00536847243
389847,389987,394337,140,4350,5,14400,1.03218390805
389991,390161,394110,170,3949,5,14400,1.04304887313
390156,390167,395569,11,5402,5,14400,1.00203628286
390167,392684,397453,2517,4769,5,14400,1.52778360243
390462,390901,392721,439,1820,2,1800,1.24120879121
391866,392760,396403,894,3643,1,18000,1.24540214109
391908,393449,397958,1541,4509,1,18000,1.3417609226
392139,395451,395508,3312,57,16,180,59.1052631579
392679,393443,398579,764,5136,5,14400,1.14875389408
393440,393474,397386,34,3912,5,14400,1.00869120654
393458,395520,395601,2062,81,10,180,26.4567901235
393472,393523,397581,51,4058,5,14400,1.01256776737
393523,393718,398468,195,4750,5,14400,1.04105263158
393719,393817,397836,98,4019,5,14400,1.02438417517
393822,393929,397916,107,3987,5,14400,1.02683722097
393870,396020,396028,2150,8,2,3000,215.8
393935,393959,398966,24,5007,5,14400,1.00479328939
393943,396039,399062,2096,3023,2,3000,1.69335097585
393956,393965,398306,9,4341,5,14400,1.00207325501
393967,394014,398970,47,4956,5,14400,1.0094834544
394019,394053,398274,34,4221,5,14400,1.00805496328
394050,394122,398931,72,4809,5,14400,1.01497192764
394122,394142,398036,20,3894,5,14400,1.00513610683
394143,394348,398458,205,4110,5,14400,1.0498783455
394349,394373,398718,24,4345,5,14400,1.00552359033
394370,394400,399549,30,5149,5,14400,1.00582637405
394401,394408,398210,7,3802,5,14400,1.00184113624
394412,394494,398906,82,4412,5,14400,1.01858567543
394495,395580,399924,1085,4344,5,14400,1.24976979742
394929,395612,402698,683,7086,9,32400,1.09638724245
395254,400165,401062,4911,897,2,7200,6.47491638796
395582,396142,401179,560,5037,5,14400,1.11117728807
396105,399073,401343,2968,2270,2,21600,2.30748898678
396147,397397,402752,1250,5355,5,14400,1.23342670401
396280,402737,402751,6457,14,8,18000,462.214285714
396510,398303,399006,1793,703,1,900,3.55049786629
396835,397970,398169,1135,199,1,900,6.70351758794
397316,403153,403155,5837,2,2,600,583.9
397399,397465,402754,66,5289,5,14400,1.01247872944
397461,397593,402510,132,4917,5,14400,1.02684563758
397595,397848,401916,253,4068,5,14400,1.0621927237
397852,397928,401782,76,3854,5,14400,1.01971977167
397925,398049,402957,124,4908,5,14400,1.02526487368
398048,398222,403010,174,4788,5,14400,1.03634085213
398124,398181,398292,57,111,1,1200,1.51351351351
398223,398286,402390,63,4104,5,14400,1.01535087719
398285,398318,402218,33,3900,5,14400,1.00846153846
398317,398471,402315,154,3844,5,14400,1.04006243496
398471,398480,402464,9,3984,5,14400,1.00225903614
398482,398590,402782,108,4192,5,14400,1.02576335878
398595,398730,403361,135,4631,5,14400,1.02915137119
398730,398918,404218,188,5300,5,14400,1.03547169811
398915,398944,403134,29,4190,5,14400,1.00692124105
398946,398977,403947,31,4970,5,14400,1.00623742455
398978,398984,403987,6,5003,5,14400,1.00119928043
398988,399560,404411,572,4851,5,14400,1.1179138322
399451,400143,400154,692,11,2,1800,63.9090909091
399563,399937,404389,374,4452,5,14400,1.08400718778
399933,401190,405113,1257,3923,5,14400,1.32041804741
399970,402897,403047,2927,150,3,120,20.5133333333
400114,409371,409376,9257,5,4,120,926.2
400241,402711,402725,2470,14,8,120,177.428571429
400392,488335,488347,87943,12,16,120,7329.58333333
400535,402716,417143,2181,14427,1,14400,1.15117488043
400595,403065,490701,2470,87636,1,88800,1.02818476425
400699,401074,402799,375,1725,2,3000,1.21739130435
400849,401354,401361,505,7,2,3000,51.2
400913,403080,403121,2167,41,2,120,53.8536585366
400925,401372,402892,447,1520,2,3000,1.29407894737
401196,401793,406552,597,4759,5,14400,1.12544652238
401519,403060,403069,1541,9,2,3000,155.0
401791,401928,405905,137,3977,5,14400,1.03444807644
401865,409388,517404,7523,108016,4,108000,1.06964708932
401912,402775,435213,863,32438,2,32400,1.02660459954
401924,402231,406137,307,3906,5,14400,1.07859703021
401939,417802,435821,15863,18019,4,18000,1.88034852101
402193,402763,402879,570,116,8,345600,5.91379310345
402232,402327,407624,95,5297,5,14400,1.01793468001
402325,402402,407355,77,4953,5,14400,1.01554613366
402397,402477,406587,80,4110,5,14400,1.01946472019
402479,402526,406531,47,4005,5,14400,1.01173533084
402531,402769,406768,238,3999,5,14400,1.05951487872
402767,402793,407922,26,5129,5,14400,1.00506921427
402798,402810,407895,12,5085,5,14400,1.00235988201
402809,402891,407612,82,4721,5,14400,1.01736920144
402890,402904,406763,14,3859,2,21600,1.00362788287
402891,402969,407977,78,5008,5,14400,1.01557507987
402974,403021,407553,47,4532,5,14400,1.01037069726
403025,403146,408466,121,5320,5,14400,1.0227443609
403083,403134,403139,51,5,2,3000,5.6
403085,856308,856423,453223,115,8,345600,3942.06956522
403149,403373,408163,224,4790,5,14400,1.04676409186
403207,406775,409817,3568,3042,2,3000,2.17291255753
403297,437856,437861,34559,5,9,32400,3456.4
403375,403958,408502,583,4544,5,14400,1.12830105634
403647,579348,579351,175701,3,12,86400,17570.4
403958,403999,408557,41,4558,5,14400,1.00899517332
404000,404230,408184,230,3954,5,14400,1.05816894284
404226,404401,408708,175,4307,5,14400,1.04063153007
404252,422523,422658,18271,135,3,120,136.340740741
404400,404422,409451,22,5029,5,14400,1.00437462716
404421,405124,409359,703,4235,5,14400,1.16599763872
404459,555370,559659,150911,4289,25,7200,36.1855910469
404479,951178,1007229,546699,56051,5,604800,10.7535994005
404529,946883,1069633,542354,122750,6,604800,5.41836252546
405128,405917,410143,789,4226,5,14400,1.18670137246
405837,856454,886602,450617,30148,10,604800,15.946828977
405918,406148,410097,230,3949,5,14400,1.05824259306
406153,406564,407967,411,1403,8,6000,1.29294369209
406277,406854,406858,577,4,1,1800,58.1
406284,408803,470099,2519,61296,2,72000,1.04109566693
406297,406787,406794,490,7,1,1800,49.7
406422,406805,406810,383,5,1,1800,38.8
406504,406822,406826,318,4,1,1800,32.2
406564,406599,407997,35,1398,8,6000,1.02503576538
406595,407564,408960,969,1396,8,6000,1.6941260745
406612,406838,406842,226,4,1,1800,23.0
407380,407630,422051,250,14421,1,14400,1.01733582969
407497,407637,408792,140,1155,2,14400,1.12121212121
407559,407906,409324,347,1418,8,6000,1.24471086037
407908,407979,409379,71,1400,8,6000,1.05071428571
407970,407989,409378,19,1389,8,6000,1.01367890569
407991,408009,409410,18,1401,8,6000,1.01284796574
408012,408175,409577,163,1402,8,6000,1.11626248217
408177,408478,409882,301,1404,8,6000,1.21438746439
408474,408514,409923,40,1409,8,6000,1.02838892832
408516,408721,410117,205,1396,8,6000,1.14684813754
408721,408972,410368,251,1396,8,6000,1.17979942693
408866,409376,409377,510,1,1,900,51.1
408968,409335,410728,367,1393,8,6000,1.26346015793
409337,409395,410800,58,1405,8,6000,1.04128113879
409379,409400,410800,21,1400,8,6000,1.015
409400,409422,410827,22,1405,8,6000,1.01565836299
409411,409463,410908,52,1445,8,6000,1.03598615917
409462,409589,411073,127,1484,8,6000,1.08557951482
409586,409894,411291,308,1397,8,6000,1.22047244094
409894,409935,411344,41,1409,8,6000,1.02909865153
409935,410129,411532,194,1403,8,6000,1.13827512473
410120,410155,411569,35,1414,8,6000,1.02475247525
410151,410380,411772,229,1392,8,6000,1.16451149425
410377,410741,412157,364,1416,8,6000,1.25706214689
410736,410812,412225,76,1413,8,6000,1.05378627035
410809,410818,412231,9,1413,8,6000,1.00636942675
410819,410839,412266,20,1427,8,6000,1.01401541696
410840,410920,412334,80,1414,8,6000,1.05657708628
410872,417155,417156,6283,1,1,900,628.4
410923,411085,412487,162,1402,8,6000,1.11554921541
411087,411303,412734,216,1431,8,6000,1.15094339623
411303,411357,412788,54,1431,8,6000,1.03773584906
411355,411545,412953,190,1408,8,6000,1.13494318182
411413,437874,437892,26461,18,8,14400,1471.05555556
411550,411580,412989,30,1409,8,6000,1.02129169624
411581,411784,413197,203,1413,8,6000,1.14366595895
411787,412170,413578,383,1408,8,6000,1.27201704545
412167,412236,413651,69,1415,8,6000,1.04876325088
412239,412245,413662,6,1417,8,6000,1.00423429781
412250,412278,413691,28,1413,8,6000,1.01981599434
412281,412345,413763,64,1418,8,6000,1.04513399154
412343,412499,413920,156,1421,8,6000,1.10978184377
412498,412745,414163,247,1418,8,6000,1.17418899859
412744,412800,414223,56,1423,8,6000,1.03935347857
412796,412964,414394,168,1430,8,6000,1.11748251748
412960,413001,414426,41,1425,8,6000,1.02877192982
413002,413208,414624,206,1416,8,6000,1.14548022599
413207,413590,414998,383,1408,8,6000,1.27201704545
413587,413663,415068,76,1405,8,6000,1.05409252669
413659,413674,415108,15,1434,8,6000,1.01046025105
413670,413704,415125,34,1421,8,6000,1.0239268121
413701,413775,415201,74,1426,8,6000,1.05189340813
413773,413932,415345,159,1413,8,6000,1.11252653928
413927,414176,415589,249,1413,8,6000,1.17622080679
414174,414234,415650,60,1416,8,6000,1.04237288136
414236,414405,415836,169,1431,8,6000,1.11809923131
414411,414437,415854,26,1417,8,6000,1.01834862385
414442,414637,416065,195,1428,8,6000,1.13655462185
414638,415011,419755,373,4744,5,14400,1.07862563238
415008,415018,419679,10,4661,5,14400,1.00214546235
415019,415079,419830,60,4751,5,14400,1.01262892023
415081,415120,419539,39,4419,5,14400,1.00882552614
415113,415126,419570,13,4444,5,14400,1.00292529253
415124,415137,419580,13,4443,5,14400,1.00292595093
415135,415213,420173,78,4960,5,14400,1.01572580645
415207,415219,419154,12,3935,5,14400,1.00304955527
415219,415357,419433,138,4076,5,14400,1.03385672228
415353,415364,420139,11,4775,5,14400,1.00230366492
415364,415601,419744,237,4143,5,14400,1.05720492397
415600,415663,419726,63,4063,5,14400,1.0155057839
415652,415668,420746,16,5078,5,14400,1.00315084679
415673,415849,419935,176,4086,5,14400,1.04307391092
415848,415865,420384,17,4519,5,14400,1.00376189422
415859,415871,420040,12,4169,5,14400,1.0028783881
415869,416077,419924,208,3847,5,14400,1.05406810502
416075,416083,420166,8,4083,5,14400,1.00195934362
416086,419166,423596,3080,4430,5,14400,1.69525959368
417842,437903,438083,20061,180,8,3600,112.45
417842,438094,438245,20252,151,8,3600,135.119205298
417842,438257,438415,20415,158,8,3600,130.208860759
417842,438428,438579,20586,151,8,3600,137.331125828
417842,438590,438741,20748,151,8,3600,138.40397351
417843,453509,457136,35666,3627,8,3600,10.8334711883
417843,442568,446201,24725,3633,8,3600,7.80567024498
417843,446214,449851,28371,3637,8,3600,8.80065988452
417843,438753,438925,20910,172,8,3600,122.569767442
417843,449863,453498,32020,3635,8,3600,9.80880330124
417843,438936,442556,21093,3620,8,3600,6.82679558011
419071,420765,420767,1694,2,2,3540,169.6
419162,419444,424441,282,4997,5,14400,1.05643386032
419449,419551,424128,102,4577,5,14400,1.02228533974
419552,419581,424066,29,4485,5,14400,1.00646599777
419584,419592,424342,8,4750,5,14400,1.00168421053
419595,419691,424207,96,4516,5,14400,1.02125775022
419687,419737,424349,50,4612,5,14400,1.01084128361
419739,419756,425019,17,5263,5,14400,1.0032300969
419760,419766,423566,6,3800,5,14400,1.00157894737
419771,419842,424300,71,4458,5,14400,1.01592642441
419843,419936,424436,93,4500,5,14400,1.02066666667
419936,419947,423878,11,3931,5,14400,1.00279827016
419947,420052,424056,105,4004,5,14400,1.02622377622
420050,420151,424650,101,4499,5,14400,1.02244943321
420154,420177,424374,23,4197,5,14400,1.00548010484
420175,420184,424235,9,4051,5,14400,1.00222167366
420186,420396,424699,210,4303,5,14400,1.04880316059
420392,420757,424694,365,3937,5,14400,1.09271018542
420762,423577,428160,2815,4583,5,14400,1.6142264892
421203,802588,802654,381385,66,16,900,5779.56060606
421208,488360,488454,67152,94,16,900,715.382978723
423582,423607,427951,25,4344,5,14400,1.00575506446
423603,423890,428583,287,4693,5,14400,1.06115491157
423891,424068,428014,177,3946,5,14400,1.04485554992
424066,424078,428141,12,4063,5,14400,1.00295348265
424076,424140,429266,64,5126,5,14400,1.01248536871
424138,424219,428213,81,3994,5,14400,1.02028042063
424221,424247,428086,26,3839,5,14400,1.00677259703
424242,424311,429042,69,4731,5,14400,1.01458465441
424314,424355,428685,41,4330,5,14400,1.00946882217
424356,424362,428982,6,4620,5,14400,1.0012987013
424367,424386,428692,19,4306,5,14400,1.00441244775
424388,424448,428972,60,4524,5,14400,1.01326259947
424450,424456,428283,6,3827,5,14400,1.00156780768
424461,424663,428980,202,4317,5,14400,1.04679175353
424668,424706,429107,38,4401,5,14400,1.00863440127
424710,425031,429513,321,4482,5,14400,1.07161981258
425030,427964,431873,2934,3909,5,14400,1.75057559478
427963,428026,432477,63,4451,5,14400,1.01415412267
428025,428079,432297,54,4218,5,14400,1.01280227596
428077,428099,432875,22,4776,5,14400,1.00460636516
428098,428154,432951,56,4797,5,14400,1.01167396289
428150,428172,433042,22,4870,5,14400,1.0045174538
428171,428225,432826,54,4601,5,14400,1.011736579
428223,428296,432249,73,3953,5,14400,1.0184669871
428295,428594,432599,299,4005,5,14400,1.07465667915
428593,428696,433379,103,4683,5,14400,1.021994448
428696,428704,433348,8,4644,5,14400,1.00172265289
428707,428985,433095,278,4110,5,14400,1.06763990268
428799,434127,448533,5328,14406,1,14400,1.36984589754
428984,428992,432851,8,3859,5,14400,1.00207307593
428995,429002,432996,7,3994,5,14400,1.00175262894
429007,429053,433017,46,3964,5,14400,1.01160443996
429049,429119,433204,70,4085,5,14400,1.01713586291
429121,429278,433619,157,4341,5,14400,1.03616678185
429276,429524,434652,248,5128,5,14400,1.04836193448
429522,431885,435790,2363,3905,5,14400,1.60512163892
431882,432262,437020,380,4758,5,14400,1.0798654897
432261,432309,437306,48,4997,5,14400,1.00960576346
432313,432488,437230,175,4742,5,14400,1.03690425981
432488,432611,436598,123,3987,5,14400,1.03085026336
432612,432838,436902,226,4064,5,14400,1.05561023622
432838,432862,437355,24,4493,5,14400,1.00534164256
432859,432887,437039,28,4152,5,14400,1.00674373796
432890,432963,436904,73,3941,5,14400,1.01852321746
432963,433007,437834,44,4827,5,14400,1.00911539258
433004,433029,437834,25,4805,5,14400,1.00520291363
433025,433053,437131,28,4078,5,14400,1.00686611084
433057,433107,437312,50,4205,5,14400,1.01189060642
433108,433215,437184,107,3969,5,14400,1.02695893172
433211,433359,437805,148,4446,5,14400,1.03328834908
433356,433390,437834,34,4444,5,14400,1.00765076508
433387,433631,437834,244,4203,5,14400,1.05805377112
433633,434663,437835,1030,3172,5,14400,1.32471626734
434659,435801,437835,1142,2034,5,14400,1.56145526057
435798,436611,437835,813,1224,5,14400,1.66421568627
436608,436914,437835,306,921,5,14400,1.332247557
436916,436922,437835,6,913,5,14400,1.00657174151
436927,437032,437835,105,803,5,14400,1.13075965131
437030,437050,437835,20,785,5,14400,1.02547770701
437051,437143,437835,92,692,5,14400,1.13294797688
437144,437196,437835,52,639,5,14400,1.0813771518
437196,437242,437835,46,593,5,14400,1.07757166948
437237,437318,437835,81,517,5,14400,1.15667311412
437320,437327,437835,7,508,5,14400,1.01377952756
437328,437817,437835,489,18,8,6000,28.1666666667
437887,437893,442787,6,4894,5,14400,1.00122599101
437898,437916,442556,18,4640,5,14400,1.00387931034
437898,437911,442632,13,4721,5,14400,1.00275365389
437909,437923,442758,14,4835,5,14400,1.00289555326
437920,437935,442267,15,4332,5,14400,1.00346260388
437920,437929,442563,9,4634,5,14400,1.00194216659
437931,437947,441889,16,3942,5,14400,1.00405885337
437931,437942,442876,11,4934,5,14400,1.00222942846
437942,437954,442288,12,4334,5,14400,1.0027688048
437943,437959,443024,16,5065,5,14400,1.00315893386
437953,437966,441886,13,3920,5,14400,1.00331632653
437964,437972,441860,8,3888,5,14400,1.00205761317
437965,437978,442894,13,4916,5,14400,1.00264442636
437975,437985,442112,10,4127,5,14400,1.0024230676
437976,437990,442716,14,4726,5,14400,1.00296233601
437987,441871,445591,3884,3720,5,14400,2.04408602151
437987,437996,442062,9,4066,5,14400,1.00221347762
440700,441544,441550,844,6,1,3600,85.0
441655,441936,442066,281,130,1,3600,3.16153846154
441870,441898,446293,28,4395,5,14400,1.006370876
441891,441904,446838,13,4934,5,14400,1.00263477908
441902,442082,447254,180,5172,5,14400,1.03480278422
442066,442123,446732,57,4609,5,14400,1.01236710783
442118,442278,446891,160,4613,5,14400,1.03468458704
442187,443081,443451,894,370,1,3600,3.41621621622
442272,442299,447072,27,4773,5,14400,1.00565681961
442293,442573,447184,280,4611,5,14400,1.0607243548
442560,442579,447736,19,5157,5,14400,1.00368431258
442570,442644,447907,74,5263,5,14400,1.01406042181
442642,442727,446642,85,3915,5,14400,1.02171136654
442725,442770,447416,45,4646,5,14400,1.00968575118
442766,442798,447296,32,4498,5,14400,1.00711427301
442787,442888,446812,101,3924,5,14400,1.02573904179
442880,442906,446576,26,3670,5,14400,1.00708446866
442901,443036,447654,135,4618,5,14400,1.02923343439
443024,445604,450286,2580,4682,5,14400,1.5510465613
443678,444965,445644,1287,679,1,3600,2.89543446244
444261,445655,445663,1394,8,1,1800,140.2
444667,445673,445802,1006,129,1,3600,8.7984496124
445595,446310,450099,715,3789,5,14400,1.18870414357
445859,445879,445963,20,84,1,1800,1.2380952381
445923,445973,446294,50,321,1,3600,1.15576323988
446209,446304,446403,95,99,1,1800,1.9595959596
446302,446587,450866,285,4279,5,14400,1.06660434681
446514,446932,447566,418,634,1,3600,1.65930599369
446580,446653,450568,73,3915,5,14400,1.01864623244
446587,447576,447675,989,99,1,3600,10.9898989899
446652,446743,451696,91,4953,5,14400,1.01837270341
446734,446823,451577,89,4754,5,14400,1.01872107699
446817,446849,452014,32,5165,5,14400,1.00619554695
446848,446903,450816,55,3913,5,14400,1.01405571173
446898,447686,448064,788,378,1,1800,3.08465608466
446900,447083,450930,183,3847,5,14400,1.0475695347
447074,447195,451901,121,4706,5,14400,1.0257118572
447187,447266,451150,79,3884,5,14400,1.02033985582
447260,447307,451219,47,3912,5,14400,1.01201431493
447301,447429,452627,128,5198,5,14400,1.02462485571
447425,447666,451956,241,4290,5,14400,1.05617715618
447661,447747,452969,86,5222,5,14400,1.01646878591
447744,447918,452088,174,4170,5,14400,1.04172661871
447804,448074,448373,270,299,1,3600,1.90301003344
447909,450112,454678,2203,4566,5,14400,1.48247919404
448451,448546,448641,95,95,1,3600,2.0
448650,448947,449513,297,566,1,3600,1.52473498233
448733,449523,449530,790,7,1,1800,79.7
448768,449540,449831,772,291,1,3600,3.6529209622
449698,449841,449884,143,43,1,1800,4.32558139535
450103,450298,454247,195,3949,5,14400,1.04937958977
450109,450235,450770,126,535,1,3600,1.23551401869
450123,450780,450860,657,80,1,1800,9.2125
450287,450580,454777,293,4197,5,14400,1.06981177031
450574,450827,455005,253,4178,5,14400,1.06055528961
450821,450877,455312,56,4435,5,14400,1.01262683202
450872,450941,454622,69,3681,5,14400,1.01874490628
450934,451161,455556,227,4395,5,14400,1.05164960182
451067,454658,454682,3591,24,4,14400,150.625
451160,451231,455500,71,4269,5,14400,1.01663152963
451222,451589,456410,367,4821,5,14400,1.07612528521
451497,451899,452155,402,256,1,1800,2.5703125
451581,451708,456949,127,5241,5,14400,1.02423201679
451704,451912,457098,208,5186,5,14400,1.04010798303
451720,454697,486209,2977,31512,2,86400,1.09447194719
451909,452165,452246,256,81,1,1800,4.16049382716
451909,451967,457089,58,5122,5,14400,1.01132370168
451961,452026,455985,65,3959,5,14400,1.01641828745
452023,452099,455954,76,3855,5,14400,1.01971465629
452095,452638,457621,543,4983,5,14400,1.1089704997
452500,453917,454018,1417,101,1,1800,15.0297029703
452628,452981,457662,353,4681,5,14400,1.07541123692
452976,454259,458265,1283,4006,5,14400,1.32026959561
454256,454634,458664,378,4030,5,14400,1.09379652605
454529,454703,455082,174,379,1,1800,1.45910290237
454625,454691,458592,66,3901,5,14400,1.01691873878
454687,454788,458717,101,3929,5,14400,1.02570628659
454780,455016,458901,236,3885,5,14400,1.06074646075
455005,455324,459654,319,4330,5,14400,1.07367205543
455313,455512,460744,199,5232,5,14400,1.0380351682
455508,455568,459498,60,3930,5,14400,1.01526717557
455560,455965,460673,405,4708,5,14400,1.08602378929
455581,497255,498442,41674,1187,4,14400,36.1086773378
455834,457147,463778,1313,6631,8,14400,1.19800935002
455959,455997,461107,38,5110,5,14400,1.00743639922
455991,456422,461227,431,4805,5,14400,1.08969823101
456266,458471,458517,2205,46,1,1800,48.9347826087
456411,456960,461262,549,4302,5,14400,1.12761506276
456659,458255,544668,1596,86413,1,86400,1.01846944326
456954,457100,460965,146,3865,5,14400,1.03777490298
457098,457109,461503,11,4394,5,14400,1.00250341375
457098,457633,461450,535,3817,5,14400,1.14016243123
457631,457674,461549,43,3875,5,14400,1.01109677419
457673,458276,463426,603,5150,5,14400,1.11708737864
458247,465589,465827,7342,238,8,3600,31.8487394958
458247,464692,464926,6445,234,8,3600,28.5427350427
458248,466627,466909,8379,282,8,3600,30.7127659574
458248,466799,467085,8551,286,8,3600,30.8986013986
458248,466319,466615,8071,296,8,3600,28.2668918919
458248,466082,466301,7834,219,8,3600,36.7716894977
458248,465838,466070,7590,232,8,3600,33.7155172414
458248,466921,467169,8673,248,8,3600,35.9717741935
458249,467181,467399,8932,218,8,3600,41.9724770642
458249,467350,467570,9101,220,8,3600,42.3681818182
458249,467097,467337,8848,240,8,3600,37.8666666667
458267,458603,463526,336,4923,5,14400,1.06825106642
458595,458676,462570,81,3894,5,14400,1.02080123267
458667,458729,462581,62,3852,5,14400,1.01609553479
458719,458914,462965,195,4051,5,14400,1.04813626265
458832,461823,461903,2991,80,1,1800,38.3875
458904,459511,464548,607,5037,5,14400,1.12050823903
458930,459639,463778,709,4139,1,18000,1.17129741483
459001,461808,463982,2807,2174,1,18000,2.29116835327
459509,459665,464879,156,5214,5,14400,1.02991944764
459663,460685,465305,1022,4620,5,14400,1.22121212121
460677,460757,465597,80,4840,5,14400,1.01652892562
460750,460977,465321,227,4344,5,14400,1.05225598527
460975,461127,466324,152,5197,5,14400,1.02924764287
461122,461239,465879,117,4640,5,14400,1.02521551724
461235,461274,465832,39,4558,5,14400,1.00855638438
461266,461462,466097,196,4635,5,14400,1.04228694714
461451,461515,465551,64,4036,5,14400,1.01585728444
461513,461560,465738,47,4178,5,14400,1.01124940163
461555,462582,467692,1027,5110,5,14400,1.20097847358
462300,471011,503423,8711,32412,2,32400,1.26875848451
462541,492887,496620,30346,3733,4,3600,9.12911867131
462552,483954,519970,21402,36016,2,36000,1.59423589516
462568,463789,464044,1221,255,1,1800,5.78823529412
462580,462593,466676,13,4083,5,14400,1.00318393338
462591,462976,466930,385,3954,5,14400,1.09736975215
462970,463439,467523,469,4084,5,14400,1.11483839373
463256,486027,517008,22771,30981,2,32400,1.73499887028
463430,464560,465942,1130,1382,8,6000,1.81765557164
463533,464891,466300,1358,1409,8,6000,1.96380411639
463862,486222,518635,22360,32413,2,32400,1.68984666646
464057,498455,498460,34398,5,4,120,3440.3
464142,478747,478752,14605,5,3,120,1461.0
464558,465332,466729,774,1397,8,6000,1.55404438082
464648,514576,622616,49928,108040,4,108000,1.46212513884
464705,515380,623399,50675,108019,4,108000,1.46913043076
464794,464940,465577,146,637,8,14400,1.22919937206
464821,491812,794238,26991,302426,2,302400,1.08924827892
465063,515659,518849,50596,3190,4,18000,16.860815047
465307,465609,466989,302,1380,8,6000,1.21884057971
465328,465751,467144,423,1393,8,6000,1.30366116296
465489,515862,522652,50373,6790,4,18000,8.41870397644
465606,465891,467283,285,1392,8,6000,1.20474137931
465842,465954,467339,112,1385,8,6000,1.08086642599
465894,466312,467699,418,1387,8,6000,1.30136986301
465956,466336,467723,380,1387,8,6000,1.27397260274
466315,466687,468076,372,1389,8,6000,1.26781857451
466336,466740,468137,404,1397,8,6000,1.28919112384
466684,467002,468406,318,1404,8,6000,1.2264957265
466736,467156,468560,420,1404,8,6000,1.29914529915
467003,467297,468682,294,1385,8,6000,1.21227436823
467157,467357,468739,200,1382,8,6000,1.14471780029
467300,467410,468813,110,1403,8,6000,1.07840342124
467352,467535,468915,183,1380,8,6000,1.13260869565
467524,467582,468700,58,1118,8,3600,1.0518783542
467527,467704,469094,177,1390,8,6000,1.1273381295
467701,467711,469122,10,1411,8,6000,1.00708717222
467712,467734,469138,22,1404,8,6000,1.01566951567
467733,468088,469482,355,1394,8,6000,1.25466284075
468091,468150,469545,59,1395,8,6000,1.04229390681
468153,468419,469803,266,1384,8,6000,1.19219653179
468420,468571,469960,151,1389,8,6000,1.1087113031
468434,517417,625454,48983,108037,4,108000,1.45339096791
468574,468694,470083,120,1389,8,6000,1.08639308855
468698,468751,470140,53,1389,8,6000,1.03815694744
468709,478159,478160,9450,1,8,18000,945.1
468749,468826,470212,77,1386,8,6000,1.05555555556
468832,468927,470324,95,1397,8,6000,1.06800286328
468924,469106,470508,182,1402,8,6000,1.12981455064
469109,469133,470524,24,1391,8,6000,1.01725377426
469130,469151,470573,21,1422,8,6000,1.01476793249
469151,469493,470884,342,1391,8,6000,1.24586628325
469249,469612,469618,363,6,8,3600,36.9
469416,518826,662843,49410,144017,4,144000,1.34308449697
469432,494435,494567,25003,132,4,600,190.416666667
469432,494307,494445,24875,138,4,600,181.253623188
469433,496777,496886,27344,109,4,600,251.862385321
469433,494722,494841,25289,119,4,600,213.512605042
469433,496630,496766,27197,136,4,600,200.977941176
469433,494583,494704,25150,121,4,600,208.851239669
469433,494456,494564,25023,108,4,600,232.694444444
469433,494575,494706,25142,131,4,600,192.923664122
469434,497023,497125,27589,102,4,600,271.480392157
469434,496901,497011,27467,110,4,600,250.7
469434,497136,497240,27702,104,4,600,267.365384615
469489,469558,470942,69,1384,8,6000,1.04985549133
469561,469629,471038,68,1409,8,6000,1.04826117814
469563,579363,598920,109800,19557,12,180000,6.61435803037
469633,469815,471218,182,1403,8,6000,1.12972202423
469679,470224,470236,545,12,8,3600,46.4166666667
469789,478173,489617,8384,11444,8,18000,1.73261097518
469818,469973,471362,155,1389,8,6000,1.11159107271
469972,470096,471487,124,1391,8,6000,1.08914450036
470096,470153,471552,57,1399,8,6000,1.04074338813
470104,522664,666701,52560,144037,4,144000,1.36490623937
470150,470247,471638,97,1391,8,6000,1.06973400431
470230,480963,560516,10733,79553,1,158400,1.13491634508
470247,470335,471736,88,1401,8,6000,1.06281227695
470340,470520,471909,180,1389,8,6000,1.12958963283
470525,470536,471941,11,1405,8,6000,1.00782918149
470536,470585,471982,49,1397,8,6000,1.03507516106
470587,470896,472286,309,1390,8,6000,1.22230215827
470752,517019,579606,46267,62587,2,64800,1.73924297378
470895,470954,472352,59,1398,8,6000,1.04220314735
470935,517949,571958,47014,54009,2,54000,1.87048454887
470957,471049,472465,92,1416,8,6000,1.06497175141
471052,471231,472646,179,1415,8,6000,1.12650176678
471177,856434,1461284,385257,604850,6,604800,1.63694635033
471228,471374,472769,146,1395,8,6000,1.10465949821
471372,471499,472886,127,1387,8,6000,1.09156452776
471496,471564,472958,68,1394,8,6000,1.0487804878
471568,471651,473044,83,1393,8,6000,1.05958363245
471650,471748,473154,98,1406,8,6000,1.06970128023
471753,471920,473319,167,1399,8,6000,1.11937097927
471918,471953,473340,35,1387,8,6000,1.02523431867
471949,471995,473384,46,1389,8,6000,1.03311735061
471991,472299,473710,308,1411,8,6000,1.21828490432
472299,472364,473771,65,1407,8,6000,1.04619758351
472361,472477,473874,116,1397,8,6000,1.08303507516
472475,472658,474062,183,1404,8,6000,1.13034188034
472661,472780,474185,119,1405,8,6000,1.0846975089
472673,503434,514668,30761,11234,2,21600,3.73820544775
472784,472898,474310,114,1412,8,6000,1.08073654391
472898,472970,474375,72,1405,8,6000,1.0512455516
472971,473056,474469,85,1413,8,6000,1.0601556971
473053,473165,474563,112,1398,8,6000,1.08011444921
473168,473332,474752,164,1420,8,6000,1.11549295775
473333,473352,474760,19,1408,8,6000,1.01349431818
473354,473395,474796,41,1401,8,6000,1.02926481085
473396,473721,475141,325,1420,8,6000,1.22887323944
473725,473784,475197,59,1413,8,6000,1.04175513093
473788,473886,475305,98,1419,8,6000,1.06906272023
473891,509886,520245,35995,10359,2,21600,4.4747562506
473891,474074,475498,183,1424,8,6000,1.12851123596
474077,474198,475651,121,1453,8,6000,1.08327598073
474201,474322,475725,121,1403,8,6000,1.08624376336
474219,513838,522394,39619,8556,2,21600,5.63055165965
474324,474387,475788,63,1401,8,6000,1.04496788009
474387,474481,475888,94,1407,8,6000,1.06680881308
474412,838718,1018728,364306,180010,12,180000,3.02380978835
474481,474575,475974,94,1399,8,6000,1.06719085061
474574,474763,476162,189,1399,8,6000,1.1350964975
474647,838723,852655,364076,13932,12,180000,27.1323571634
474760,474773,476185,13,1412,8,6000,1.00920679887
474771,474809,476212,38,1403,8,6000,1.02708481825
474784,842319,881637,367535,39318,12,180000,10.3477542093
474813,475153,476614,340,1461,8,6000,1.23271731691
474950,514682,528888,39732,14206,2,21600,3.79684640293
475047,839018,1437775,363971,598757,1,604800,1.6078776532
475067,482171,483989,7104,1818,1,1800,4.90759075908
475073,482203,484052,7130,1849,1,1800,4.85613845322
475088,483960,485773,8872,1813,1,1800,5.89354660783
475090,852704,1451461,377614,598757,1,604800,1.63066319058
475096,484000,485834,8904,1834,1,1800,5.85496183206
475153,475209,476633,56,1424,8,6000,1.0393258427
475205,475319,476721,114,1402,8,6000,1.08131241084
475233,516575,524645,41342,8070,2,21600,6.1229244114
475267,484064,502495,8797,18431,1,86400,1.47729368998
475319,475510,476911,191,1401,8,6000,1.13633119201
475515,475663,477071,148,1408,8,6000,1.10511363636
475660,475738,477151,78,1413,8,6000,1.05520169851
475742,475800,477213,58,1413,8,6000,1.04104741684
475805,475900,477315,95,1415,8,6000,1.06713780919
475898,475986,477390,88,1404,8,6000,1.06267806268
475918,518647,538205,42729,19558,2,72000,3.18473259024
475991,476174,477619,183,1445,8,6000,1.12664359862
476177,476198,477608,21,1410,8,6000,1.01489361702
476198,476224,477623,26,1399,8,6000,1.01858470336
476219,476626,478039,407,1413,8,6000,1.28803963199
476625,476645,478053,20,1408,8,6000,1.01420454545
476646,476732,478146,86,1414,8,6000,1.06082036775
476729,476923,478328,194,1405,8,6000,1.13807829181
476925,477083,478483,158,1400,8,6000,1.11285714286
477080,477163,478585,83,1422,8,6000,1.05836849508
477163,477226,478640,63,1414,8,6000,1.04455445545
477226,477327,478730,101,1403,8,6000,1.07198859587
477329,477401,478817,72,1416,8,6000,1.05084745763
477403,477619,480677,216,3058,5,14400,1.07063440157
477620,477630,480566,10,2936,5,14400,1.00340599455
477631,477637,480626,6,2989,5,14400,1.00200736032
477642,477649,480889,7,3240,5,14400,1.00216049383
477652,478051,480977,399,2926,5,14400,1.13636363636
478054,478060,480893,6,2833,5,14400,1.00211789622
478065,478072,481215,7,3143,5,14400,1.00222717149
478075,478083,480490,8,2407,5,14400,1.00332363939
478086,478340,481058,254,2718,5,14400,1.09345106696
478344,478495,481558,151,3063,5,14400,1.04929807378
478488,478500,481082,12,2582,5,14400,1.00464756003
478499,478598,481040,99,2442,5,14400,1.04054054054
478592,478652,481921,60,3269,5,14400,1.01835423677
478644,478657,481184,13,2527,5,14400,1.00514444005
478655,478741,481820,86,3079,5,14400,1.02793114648
478738,478763,481549,25,2786,5,14400,1.00897343862
478759,478829,481284,70,2455,5,14400,1.02851323829
478831,480502,483080,1671,2578,5,14400,1.6481768813
479035,483913,483943,4878,30,3,120,163.6
479347,517044,589051,37697,72007,2,72000,1.52351854681
480212,627768,788451,147556,160683,16,180000,1.91830498559
480266,502890,507158,22624,4268,4,7200,6.30084348641
480266,502204,509454,21938,7250,4,7200,4.02593103448
480266,498474,500334,18208,1860,4,7200,10.7892473118
480266,500345,502193,20079,1848,4,7200,11.8652597403
480267,508311,514164,28044,5853,4,7200,5.79138903127
480267,507171,512578,26904,5407,4,7200,5.97577214722
480267,503017,508300,22750,5283,4,7200,5.30626537952
480267,512589,515368,32322,2779,4,7200,12.6308024469
480267,509466,512922,29199,3456,4,7200,9.44878472222
480268,512934,514565,32666,1631,4,7200,21.0282035561
480268,514175,515850,33907,1675,4,7200,21.2429850746
480500,480578,483487,78,2909,5,14400,1.02681333792
480583,480639,483870,56,3231,5,14400,1.01733209533
480635,480689,483657,54,2968,5,14400,1.01819407008
480687,480901,483645,214,2744,5,14400,1.07798833819
480903,480909,483891,6,2982,5,14400,1.00201207243
480914,480989,483862,75,2873,5,14400,1.0261051166
480986,481052,484148,66,3096,5,14400,1.02131782946
481049,481074,484157,25,3083,5,14400,1.00810898476
481070,481094,483570,24,2476,5,14400,1.00969305331
481091,481197,484072,106,2875,5,14400,1.03686956522
481194,481226,484112,32,2886,5,14400,1.01108801109
481226,481296,483775,70,2479,5,14400,1.02823719242
481298,481560,483901,262,2341,5,14400,1.11191798377
481566,481572,484353,6,2781,5,14400,1.0021574973
481576,481832,484564,256,2732,5,14400,1.09370424597
481833,481933,484397,100,2464,5,14400,1.04058441558
481937,483091,485932,1154,2841,5,14400,1.40619500176
482260,533830,542727,51570,8897,4,86400,6.79633584354
482299,542738,549199,60439,6461,4,86400,10.3544342981
482325,543863,551112,61538,7249,4,86400,9.48917092013
482342,548531,564960,66189,16429,4,86400,5.02879055329
482380,551124,559533,68744,8409,4,86400,9.17505054109
482395,551267,556827,68872,5560,4,86400,13.3870503597
482406,551959,558167,69553,6208,4,86400,12.2037693299
482431,555007,559111,72576,4104,4,86400,18.6842105263
482553,555375,559999,72822,4624,4,86400,16.7487024221
482572,556839,558995,74267,2156,4,86400,35.4466604824
482586,557056,559529,74470,2473,4,86400,31.1132228063
482593,838686,844103,356093,5417,16,144000,66.7362008492
482597,557090,557093,74493,3,4,86400,7449.6
483090,483499,485901,409,2402,5,14400,1.17027477102
483502,483581,486975,79,3394,5,14400,1.02327637006
483585,483657,486733,72,3076,5,14400,1.02340702211
483658,483670,486932,12,3262,5,14400,1.00367872471
483668,483786,486280,118,2494,5,14400,1.04731355253
483782,483874,486370,92,2496,5,14400,1.03685897436
483875,483882,486835,7,2953,5,14400,1.00237047071
483886,483903,486338,17,2435,5,14400,1.00698151951
483907,483920,486435,13,2515,5,14400,1.00516898608
483918,484084,487236,166,3152,5,14400,1.05266497462
484083,484125,486708,42,2583,5,14400,1.0162601626
484104,521680,579317,37576,57637,2,57600,1.65194232871
484125,484159,487309,34,3150,5,14400,1.01079365079
484156,484168,486993,12,2825,5,14400,1.00424778761
484167,484365,487166,198,2801,5,14400,1.07068903963
484363,484409,486879,46,2470,5,14400,1.01862348178
484404,484576,487147,172,2571,5,14400,1.0669000389
484580,485918,488798,1338,2880,5,14400,1.46458333333
484956,518832,551269,33876,32437,2,32400,2.04436291889
485411,519369,523507,33958,4138,2,32400,9.20637989367
485816,519982,552414,34166,32432,2,32400,2.05346571288
485918,485949,489515,31,3566,5,14400,1.00869321368
485939,486043,486307,104,264,1,1800,1.39393939394
485949,486021,488481,72,2460,5,14400,1.02926829268
485987,486320,487772,333,1452,1,1800,1.22933884298
486021,486472,487703,451,1231,1,3600,1.36636880585
486022,486291,489095,269,2804,5,14400,1.09593437946
486110,487284,488291,1174,1007,1,3600,2.16583912612
486289,486349,489191,60,2842,5,14400,1.02111189303
486351,486382,489417,31,3035,5,14400,1.01021416804
486383,486446,489626,63,3180,5,14400,1.01981132075
486444,486721,489756,277,3035,5,14400,1.09126853377
486721,486745,490082,24,3337,5,14400,1.0071920887
486742,486846,489280,104,2434,5,14400,1.04272801972
486845,486890,489456,45,2566,5,14400,1.0175370226
486887,486943,489809,56,2866,5,14400,1.01953942777
486949,486988,489888,39,2900,5,14400,1.01344827586
486990,487005,489578,15,2573,5,14400,1.0058297707
487011,487159,489677,148,2518,5,14400,1.05877680699
487165,487177,489584,12,2407,5,14400,1.00498545908
487176,487248,489657,72,2409,5,14400,1.0298879203
487248,487320,489838,72,2518,5,14400,1.02859412232
487320,488493,491298,1173,2805,5,14400,1.41818181818
488015,489628,491792,1613,2164,8,3600,1.74537892791
488094,488302,488303,208,1,1,300,20.9
488196,488465,560512,269,72047,16,72000,1.00373367385
488497,488809,492029,312,3220,5,14400,1.09689440994
488805,489106,491589,301,2483,5,14400,1.12122432541
489102,489204,492483,102,3279,5,14400,1.03110704483
489140,490623,490624,1483,1,1,300,148.4
489205,489291,492312,86,3021,5,14400,1.0284673949
489287,489428,492418,141,2990,5,14400,1.04715719064
489431,489468,491991,37,2523,5,14400,1.01466508125
489473,489526,491991,53,2465,5,14400,1.0215010142
489525,489589,492621,64,3032,5,14400,1.02110817942
489587,489596,492064,9,2468,5,14400,1.00364667747
489597,489638,492074,41,2436,5,14400,1.01683087028
489639,489668,493038,29,3370,5,14400,1.00860534125
489670,489689,492874,19,3185,5,14400,1.00596546311
489691,489768,492292,77,2524,5,14400,1.03050713154
489764,489820,492250,56,2430,5,14400,1.02304526749
489826,489850,492366,24,2516,5,14400,1.00953895072
489847,489899,492957,52,3058,5,14400,1.01700457816
489898,490093,493378,195,3285,5,14400,1.05936073059
490094,491310,494296,1216,2986,5,14400,1.40723375754
491315,491600,494811,285,3211,5,14400,1.08875739645
491596,520257,592302,28661,72045,2,72000,1.39782080644
491603,491806,494422,203,2616,5,14400,1.07759938838
491808,492003,495426,195,3423,5,14400,1.0569675723
492003,492010,494943,7,2933,5,14400,1.00238663484
492014,492042,494864,28,2822,5,14400,1.00992204111
492045,492076,494975,31,2899,5,14400,1.01069334253
492077,492086,494633,9,2547,5,14400,1.0035335689
492088,492261,494919,173,2658,5,14400,1.06508653123
492263,492304,495281,41,2977,5,14400,1.01377225395
492305,492323,495069,18,2746,5,14400,1.00655498908
492326,492377,494917,51,2540,5,14400,1.02007874016
492379,492429,495065,50,2636,5,14400,1.01896813354
492430,492632,493516,202,884,8,6000,1.22850678733
492636,493051,493940,415,889,8,6000,1.46681664792
493015,838702,856442,345687,17740,16,324000,20.4863021421
493048,493389,494287,341,898,8,6000,1.37973273942
493388,493527,494418,139,891,8,6000,1.15600448934
493524,493953,494845,429,892,8,6000,1.48094170404
493566,522406,557078,28840,34672,2,86400,1.83179510844
493619,559006,559513,65387,507,8,3600,129.968441815
493955,494299,495174,344,875,8,6000,1.39314285714
494304,494429,495311,125,882,8,6000,1.14172335601
494427,494716,495592,289,876,8,6000,1.3299086758
494428,494853,495727,425,874,8,6000,1.48627002288
494818,494860,495741,42,881,8,6000,1.04767309875
494849,494875,495777,26,902,8,6000,1.0288248337
494880,494931,495808,51,877,8,6000,1.05815279361
494922,494986,495866,64,880,8,6000,1.07272727273
494984,495078,495974,94,896,8,6000,1.10491071429
495057,838665,856382,343608,17717,32,28800,20.3942541062
495066,495186,496066,120,880,8,6000,1.13636363636
495180,495292,496173,112,881,8,6000,1.12712826334
495282,495322,496211,40,889,8,6000,1.0449943757
495314,495438,496337,124,899,8,6000,1.13793103448
495437,495604,496485,167,881,8,6000,1.18955732123
495601,495738,496619,137,881,8,6000,1.15550510783
495735,495752,496630,17,878,8,6000,1.01936218679
495756,495789,496663,33,874,8,6000,1.03775743707
495787,495820,496704,33,884,8,6000,1.03733031674
495819,495879,496757,60,878,8,6000,1.06833712984
495880,495985,496866,105,881,8,6000,1.11918274688
495983,496078,496958,95,880,8,6000,1.10795454545
496076,496185,497058,109,873,8,6000,1.12485681558
496189,496223,497111,34,888,8,6000,1.03828828829
496220,496349,497237,129,888,8,6000,1.14527027027
496354,496496,497396,142,900,8,6000,1.15777777778
496498,496636,497518,138,882,8,6000,1.15646258503
496632,496643,497528,11,885,8,6000,1.01242937853
496642,496675,497556,33,881,8,6000,1.03745743473
496673,496715,497591,42,876,8,6000,1.04794520548
496715,496768,497673,53,905,8,6000,1.05856353591
496767,496879,497755,112,876,8,6000,1.12785388128
496880,496970,497858,90,888,8,6000,1.10135135135
496972,497069,497959,97,890,8,6000,1.10898876404
497065,497122,498012,57,890,8,6000,1.06404494382
497127,497249,498137,122,888,8,6000,1.13738738739
497250,497407,498305,157,898,8,6000,1.17483296214
497404,497531,498417,127,886,8,6000,1.14334085779
497528,497539,498446,11,907,8,6000,1.01212789416
497538,497567,498451,29,884,8,6000,1.03280542986
497570,497602,498487,32,885,8,6000,1.03615819209
497601,497685,498578,84,893,8,6000,1.09406494961
497683,497766,498653,83,887,8,6000,1.09357384442
497766,497870,498785,104,915,8,6000,1.11366120219
497869,497970,498882,101,912,8,6000,1.11074561404
497971,498023,498913,52,890,8,6000,1.05842696629
498023,498148,499041,125,893,8,6000,1.13997760358
498025,498492,498530,467,38,1,300,13.2894736842
498146,498317,499217,171,900,8,6000,1.19
498321,498428,499313,107,885,8,6000,1.1209039548
498434,498461,499372,27,911,8,6000,1.0296377607
498455,498467,499355,12,888,8,6000,1.01351351351
498466,498499,499391,33,892,8,6000,1.0369955157
498497,498589,499505,92,916,8,6000,1.10043668122
498589,498666,499553,77,887,8,6000,1.08680947012
498662,498797,499684,135,887,8,6000,1.15219842165
498795,498893,499816,98,923,8,6000,1.10617551463
498898,498924,499841,26,917,8,6000,1.02835332606
498929,499053,499951,124,898,8,6000,1.13808463252
499052,499230,500117,178,887,8,6000,1.20067643743
499227,499324,500241,97,917,8,6000,1.10577971647
499329,499366,500341,37,975,8,6000,1.03794871795
499371,499383,500271,12,888,8,6000,1.01351351351
499382,499403,500314,21,911,8,6000,1.02305159166
499402,499517,500429,115,912,8,6000,1.12609649123
499445,559524,578167,60079,18643,8,172800,4.22260365821
499515,499564,500486,49,922,8,6000,1.05314533623
499567,499696,500585,129,889,8,6000,1.14510686164
499701,499827,500746,126,919,8,6000,1.13710554951
499824,499852,500755,28,903,8,6000,1.03100775194
499855,499964,500870,109,906,8,6000,1.12030905077
499968,500128,501048,160,920,8,6000,1.17391304348
500034,524474,524884,24440,410,2,2400,60.6097560976
500132,500252,501146,120,894,8,6000,1.13422818792
500255,500283,501178,28,895,8,6000,1.0312849162
500286,500325,501205,39,880,8,6000,1.04431818182
500328,500354,501249,26,895,8,6000,1.02905027933
500359,500441,501358,82,917,8,6000,1.08942202835
500441,500498,501403,57,905,8,6000,1.06298342541
500503,500597,501499,94,902,8,6000,1.10421286031
500596,500757,501651,161,894,8,6000,1.18008948546
500760,500766,501683,6,917,8,6000,1.00654307525
500771,500883,501787,112,904,8,6000,1.12389380531
500884,501059,501960,175,901,8,6000,1.19422863485
501059,501157,502064,98,907,8,6000,1.10804851158
501162,501189,502091,27,902,8,6000,1.02993348115
501193,501216,502123,23,907,8,6000,1.02535832415
501214,501260,502164,46,904,8,6000,1.05088495575
501266,501370,502306,104,936,8,6000,1.11111111111
501368,501415,502326,47,911,8,6000,1.05159165752
501420,501510,502410,90,900,8,6000,1.1
501513,501664,502568,151,904,8,6000,1.16703539823
501667,501695,502595,28,900,8,6000,1.03111111111
501698,501799,502693,101,894,8,6000,1.1129753915
501801,501972,502878,171,906,8,6000,1.18874172185
501976,502075,503006,99,931,8,6000,1.10633727175
502079,502103,503030,24,927,8,6000,1.02588996764
502100,502134,503027,34,893,8,6000,1.03807390817
502131,502175,503083,44,908,8,6000,1.04845814978
504708,504715,509334,7,4619,5,14400,1.00151547954
504718,504725,509334,7,4609,5,14400,1.00151876763
504719,504730,509139,11,4409,5,14400,1.0024948968
504730,504741,509220,11,4479,5,14400,1.00245590534
504730,504736,509579,6,4843,5,14400,1.00123890151
504741,504747,508908,6,4161,5,14400,1.00144196107
504741,504753,509408,12,4655,5,14400,1.00257787325
504752,504759,508792,7,4033,5,14400,1.00173568063
504753,504764,508925,11,4161,5,14400,1.00264359529
504763,504770,509387,7,4617,5,14400,1.00151613602
504764,504776,508844,12,4068,5,14400,1.00294985251
504775,504788,509654,13,4866,5,14400,1.00267159885
504775,504783,508617,8,3834,5,14400,1.00208659364
504786,504800,509117,14,4317,5,14400,1.00324299282
504786,504794,508810,8,4016,5,14400,1.00199203187
504797,504806,508934,9,4128,5,14400,1.00218023256
504798,508629,512478,3831,3849,5,14400,1.99532346064
504942,528900,528905,23958,5,2,3540,2396.3
511593,511605,513025,12,1420,8,6000,1.00845070423
511593,511599,513004,6,1405,8,6000,1.00427046263
511604,511611,513022,7,1411,8,6000,1.00496102055
511605,511616,513025,11,1409,8,6000,1.00780695529
511616,511623,513021,7,1398,8,6000,1.00500715308
511616,511628,513048,12,1420,8,6000,1.00845070423
511627,511640,513040,13,1400,8,6000,1.00928571429
511627,511635,513051,8,1416,8,6000,1.00564971751
511638,511647,513078,9,1431,8,6000,1.00628930818
511639,512491,513902,852,1411,8,6000,1.603827073
511649,513015,514436,1366,1421,8,6000,1.96129486277
511922,557105,560527,45183,3422,4,7200,14.2036820573
512775,523520,524462,10745,942,2,900,12.406581741
513009,513033,514446,24,1413,8,6000,1.016985138
513030,513045,514453,15,1408,8,6000,1.01065340909
513030,513040,514454,10,1414,8,6000,1.00707213579
513041,513052,514462,11,1410,8,6000,1.00780141844
513042,513057,514471,15,1414,8,6000,1.01060820368
513053,513064,514477,11,1413,8,6000,1.00778485492
513053,513069,514468,16,1399,8,6000,1.01143674053
513064,513091,514493,27,1402,8,6000,1.01925820257
513085,513913,515315,828,1402,8,6000,1.59058487874
513904,514449,515872,545,1423,8,6000,1.38299367533
514446,514458,515885,12,1427,8,6000,1.00840925018
514457,514465,515885,8,1420,8,6000,1.00563380282
514457,514471,515889,14,1418,8,6000,1.00987306065
514468,514478,515896,10,1418,8,6000,1.00705218618
514468,514485,515898,17,1413,8,6000,1.01203113942
514479,514491,515911,12,1420,8,6000,1.00845070423
514490,514498,515912,8,1414,8,6000,1.00565770863
514490,514504,515927,14,1423,8,6000,1.00983836964
514501,514511,515932,10,1421,8,6000,1.00703729768
514512,515328,516746,816,1418,8,6000,1.5754583921
514668,539517,553948,24849,14431,16,14400,2.72191809299
514668,533825,538937,19157,5112,16,14400,4.74745696401
514668,546088,560520,31420,14432,16,14400,3.17710643016
514668,538949,546077,24281,7128,16,14400,4.40642536476
514669,553960,568392,39291,14432,16,14400,3.72249168514
514669,560532,574970,45863,14438,16,14400,4.17654799834
514669,568404,582837,53735,14433,16,14400,4.72306519781
514669,574981,589415,60312,14434,16,14400,5.17846750727
515330,515884,517302,554,1418,8,6000,1.39069111425
515883,515896,517319,13,1423,8,6000,1.00913562895
515894,515903,517344,9,1441,8,6000,1.00624566273
515895,515908,517322,13,1414,8,6000,1.00919377652
515905,515915,517393,10,1478,8,6000,1.00676589986
515906,515920,517343,14,1423,8,6000,1.00983836964
515917,515932,517340,15,1408,8,6000,1.01065340909
515917,515927,517358,10,1431,8,6000,1.0069881202
515928,515938,517360,10,1422,8,6000,1.0070323488
515939,515946,517363,7,1417,8,6000,1.00494001411
515950,516758,518187,808,1429,8,6000,1.56543037089
516758,517313,518731,555,1418,8,6000,1.39139633286
517310,517332,518736,22,1404,8,6000,1.01566951567
517331,517339,518759,8,1420,8,6000,1.00563380282
517342,517352,518751,10,1399,8,6000,1.00714796283
517353,517365,518776,12,1411,8,6000,1.00850460666
517353,517359,518806,6,1447,8,6000,1.00414651002
517364,517372,518790,8,1418,8,6000,1.00564174894
517364,517377,518797,13,1420,8,6000,1.00915492958
517375,517383,518815,8,1432,8,6000,1.00558659218
517386,517404,518814,18,1410,8,6000,1.01276595745
517407,518198,519611,791,1413,8,6000,1.55980184006
518195,518743,520171,548,1428,8,6000,1.3837535014
518737,518750,520178,13,1428,8,6000,1.00910364146
518748,518762,520174,14,1412,8,6000,1.00991501416
518759,518770,520197,11,1427,8,6000,1.00770847933
518770,518788,520208,18,1420,8,6000,1.01267605634
518790,518802,520227,12,1425,8,6000,1.00842105263
518801,518808,520220,7,1412,8,6000,1.00495750708
518812,518819,520252,7,1433,8,6000,1.00488485694
518823,518861,520282,38,1421,8,6000,1.02674173118
518823,518839,520330,16,1491,8,6000,1.01073105298
518865,519623,521029,758,1406,8,6000,1.53911806543
519622,520183,521595,561,1412,8,6000,1.39730878187
520176,524656,527080,4480,2424,2,2400,2.84818481848
520184,520190,521597,6,1407,8,6000,1.00426439232
520185,520196,521626,11,1430,8,6000,1.00769230769
520195,520209,521626,14,1417,8,6000,1.00988002823
520206,520221,521660,15,1439,8,6000,1.01042390549
520217,520231,521645,14,1414,8,6000,1.0099009901
520228,520239,521667,11,1428,8,6000,1.00770308123
520239,520264,521711,25,1447,8,6000,1.01727712509
520260,520294,521713,34,1419,8,6000,1.02396053559
520291,520341,521767,50,1426,8,6000,1.0350631136
520343,521042,522483,699,1441,8,6000,1.48507980569
521038,521606,523022,568,1416,8,6000,1.4011299435
521601,521612,523050,11,1438,8,6000,1.00764951321
521611,521637,523059,26,1422,8,6000,1.01828410689
521632,521644,523069,12,1425,8,6000,1.00842105263
521643,521657,523078,14,1421,8,6000,1.00985221675
521654,521671,523101,17,1430,8,6000,1.01188811189
521675,521686,523113,11,1427,8,6000,1.00770847933
521685,521722,523152,37,1430,8,6000,1.02587412587
521717,521728,523151,11,1423,8,6000,1.00773014758
521727,521780,523218,53,1438,8,6000,1.03685674548
521779,522494,523910,715,1416,8,6000,1.50494350282
522495,523034,524465,539,1431,8,6000,1.37665967855
523037,523062,524528,25,1466,8,6000,1.017053206
523068,523074,524495,6,1421,8,6000,1.00422237861
523079,523085,524486,6,1401,8,6000,1.00428265525
523079,523092,524510,13,1418,8,6000,1.00916784203
523090,523112,524550,22,1438,8,6000,1.01529902643
523111,523126,524558,15,1432,8,6000,1.01047486034
523121,523163,524580,42,1417,8,6000,1.02964008469
523153,523169,524616,16,1447,8,6000,1.01105736006
523173,523229,524664,56,1435,8,6000,1.03902439024
523225,523922,525387,697,1465,8,6000,1.47576791809
523920,524481,525921,561,1440,8,6000,1.38958333333
524483,524498,525922,15,1424,8,6000,1.01053370787
524494,524506,525928,12,1422,8,6000,1.00843881857
524504,524521,528743,17,4222,5,14400,1.00402652771
524524,524532,528988,8,4456,5,14400,1.00179533214
524535,524542,529661,7,5119,5,14400,1.00136745458
524546,524563,528932,17,4369,5,14400,1.00389105058
524557,524568,528767,11,4199,5,14400,1.00261967135
524567,524574,529011,7,4437,5,14400,1.00157764255
524578,524591,529505,13,4914,5,14400,1.00264550265
524589,524598,529173,9,4575,5,14400,1.00196721311
524599,524628,529298,29,4670,5,14400,1.00620985011
524631,524638,528590,7,3952,5,14400,1.00177125506
524641,524676,529095,35,4419,5,14400,1.00792034397
524673,524897,529328,224,4431,5,14400,1.05055292259
524898,525399,529306,501,3907,5,14400,1.12823137958
525399,525933,529987,534,4054,5,14400,1.13172175629
525932,525940,530154,8,4214,5,14400,1.00189843379
525932,525945,530125,13,4180,5,14400,1.00311004785
525943,525951,529851,8,3900,5,14400,1.00205128205
525954,525961,530127,7,4166,5,14400,1.00168026884
525964,527092,531139,1128,4047,5,14400,1.27872498147
527089,528602,533529,1513,4927,5,14400,1.3070834179
527116,528918,528925,1802,7,1,3600,180.9
528602,528755,533033,153,4278,5,14400,1.03576437588
528756,528778,533410,22,4632,5,14400,1.00474956822
528777,528943,533004,166,4061,5,14400,1.04087663137
528941,529000,533067,59,4067,5,14400,1.01450700762
529003,529024,533878,21,4854,5,14400,1.0043263288
529024,529107,532996,83,3889,5,14400,1.02134224736
529030,529037,529161,7,124,1,3600,1.0564516129
529106,529185,533201,79,4016,5,14400,1.01967131474
529189,529310,534087,121,4777,5,14400,1.02532970484
529284,529290,529623,6,333,1,3600,1.01801801802
529312,529318,533651,6,4333,5,14400,1.0013847219
529323,529341,534152,18,4811,5,14400,1.0037414259
529344,529517,533911,173,4394,5,14400,1.03937187073
529518,529672,534181,154,4509,5,14400,1.03415391439
529672,529862,533724,190,3862,5,14400,1.04919730709
529841,529847,530510,6,663,1,3600,1.00904977376
529867,529998,534348,131,4350,5,14400,1.03011494253
530000,530137,534376,137,4239,5,14400,1.03231894315
530134,530143,534732,9,4589,5,14400,1.00196121159
530144,530166,533986,22,3820,5,14400,1.0057591623
530165,531151,535760,986,4609,5,14400,1.21392926882
530677,530684,530691,7,7,1,1800,1.4
530841,530847,530924,6,77,1,1800,1.07792207792
530912,530934,530935,22,1,2,39540,2.3
530979,530987,530988,8,1,2,39540,1.0
531018,531025,531153,7,128,1,3600,1.0546875
531086,531156,531353,70,197,2,39540,1.35532994924
531147,533008,537125,1861,4117,5,14400,1.45202817586
531147,531163,531259,16,96,1,1800,1.16666666667
531276,531282,531643,6,361,1,3600,1.01662049861
531412,531418,531543,6,125,1,3600,1.048
531667,531673,531997,6,324,1,3600,1.01851851852
531784,531790,532182,6,392,1,1800,1.01530612245
531863,531871,532655,8,784,1,3600,1.01020408163
531991,532188,532372,197,184,2,39540,2.07065217391
532298,532384,532940,86,556,1,3600,1.15467625899
532847,532853,532859,6,6,1,1800,1.2
533009,533015,537618,6,4603,5,14400,1.00130349772
533019,533045,537992,26,4947,5,14400,1.00525571053
533020,533026,533068,6,42,1,1800,1.14285714286
533051,533079,538286,28,5207,5,14400,1.00537737661
533082,533213,538104,131,4891,5,14400,1.02678388878
533215,533421,537348,206,3927,5,14400,1.05245734657
533306,533312,533386,6,74,1,1800,1.08108108108
533308,558178,558202,24870,24,4,14400,1037.25
533420,533540,537474,120,3934,5,14400,1.03050330452
533543,533664,538165,121,4501,5,14400,1.02688291491
533546,533553,533680,7,127,1,3600,1.05511811024
533666,533736,538227,70,4491,5,14400,1.01558672901
533739,533889,538184,150,4295,5,14400,1.03492433062
533798,533805,534147,7,342,1,3600,1.02046783626
533892,533923,537752,31,3829,5,14400,1.00809610864
533924,533998,537856,74,3858,5,14400,1.01918092276
533996,534099,537906,103,3807,5,14400,1.02705542422
534077,534157,534414,80,257,1,1800,1.31128404669
534098,534164,538589,66,4425,5,14400,1.01491525424
534160,534192,538743,32,4551,5,14400,1.00703142167
534191,534360,539664,169,5304,5,14400,1.0318627451
534355,534388,538551,33,4163,5,14400,1.00792697574
534386,534744,539416,358,4672,5,14400,1.07662671233
534426,534432,534954,6,522,1,3600,1.01149425287
534745,535772,540583,1027,4811,5,14400,1.21346913324
535778,537138,541587,1360,4449,5,14400,1.30568667116
537138,537359,541473,221,4114,5,14400,1.05371900826
537363,537486,541411,123,3925,5,14400,1.03133757962
537486,537630,542315,144,4685,5,14400,1.03073639274
537630,537764,541721,134,3957,5,14400,1.03386403841
537763,537869,541740,106,3871,5,14400,1.02738310514
537866,537917,542983,51,5066,5,14400,1.01006711409
537918,538004,542755,86,4751,5,14400,1.01810145233
538000,538115,542377,115,4262,5,14400,1.02698263726
538113,538177,542066,64,3889,5,14400,1.01645667267
538175,538196,542009,21,3813,5,14400,1.00550747443
538196,538240,543106,44,4866,5,14400,1.00904233457
538238,538298,543315,60,5017,5,14400,1.01195933825
538299,538564,543181,265,4617,5,14400,1.05739657786
538415,538421,538500,6,79,1,1800,1.07594936709
538566,538601,543387,35,4786,5,14400,1.00731299624
538597,538755,542948,158,4193,5,14400,1.0376818507
538743,538749,538839,6,90,1,1800,1.06666666667
538761,539220,544226,459,5006,5,14400,1.09168997203
539221,539427,543845,206,4418,5,14400,1.04662743323
539378,539384,539743,6,359,1,1800,1.01671309192
539426,539676,543846,250,4170,5,14400,1.05995203837
539672,540594,545285,922,4691,5,14400,1.19654657855
540593,541423,545476,830,4053,5,14400,1.20478657784
540927,540933,540971,6,38,1,1800,1.15789473684
541219,541226,541295,7,69,1,1800,1.10144927536
541422,541485,545614,63,4129,5,14400,1.0152579317
541484,541599,546413,115,4814,5,14400,1.02388865808
541597,541732,546209,135,4477,5,14400,1.03015412106
541730,541751,545824,21,4073,5,14400,1.00515590474
541751,542020,546022,269,4002,5,14400,1.0672163918
541928,541935,542173,7,238,1,1800,1.02941176471
542017,542078,543486,61,1408,8,6000,1.04332386364
542079,542388,543810,309,1422,8,6000,1.21729957806
542259,542267,558830,8,16563,1,43200,1.00048300429
542386,542960,544367,574,1407,8,6000,1.407960199
542959,542994,544416,35,1422,8,6000,1.02461322082
542990,543193,544607,203,1414,8,6000,1.14356435644
543194,543326,544750,132,1424,8,6000,1.09269662921
543328,543497,544920,169,1423,8,6000,1.11876317639
543502,543821,545244,319,1423,8,6000,1.22417427969
543819,543857,545265,38,1408,8,6000,1.02698863636
543861,544238,545665,377,1427,8,6000,1.26419060967
544239,544378,545782,139,1404,8,6000,1.099002849
544383,544428,545847,45,1419,8,6000,1.03171247357
544424,544618,546036,194,1418,8,6000,1.13681241185
544619,544762,546177,143,1415,8,6000,1.10106007067
544762,544931,546335,169,1404,8,6000,1.12037037037
544936,545256,546676,320,1420,8,6000,1.22535211268
545253,545277,546699,24,1422,8,6000,1.01687763713
545274,545488,546895,214,1407,8,6000,1.15209665956
545489,545626,547092,137,1466,8,6000,1.09345156889
545623,545677,547085,54,1408,8,6000,1.03835227273
545674,545794,547196,120,1402,8,6000,1.08559201141
545797,545859,547265,62,1406,8,6000,1.04409672831
545859,546033,547457,174,1424,8,6000,1.12219101124
546033,546048,547465,15,1417,8,6000,1.01058574453
546044,546189,547593,145,1404,8,6000,1.10327635328
546187,546221,547660,34,1439,8,6000,1.02362751911
546218,546347,547793,129,1446,8,6000,1.08921161826
546351,546687,548138,336,1451,8,6000,1.23156443832
546689,546712,548136,23,1424,8,6000,1.01615168539
546710,546907,548332,197,1425,8,6000,1.13824561404
546904,547097,548514,193,1417,8,6000,1.13620324629
547099,547105,548512,6,1407,8,6000,1.00426439232
547110,547207,548639,97,1432,8,6000,1.06773743017
547212,547278,548694,66,1416,8,6000,1.04661016949
547274,547469,548883,195,1414,8,6000,1.13790664781
547469,547477,548890,8,1413,8,6000,1.00566171267
547479,547574,548995,95,1421,8,6000,1.06685432794
547572,547605,549018,33,1413,8,6000,1.02335456476
547603,547673,549088,70,1415,8,6000,1.04946996466
547635,547990,720828,355,172838,1,172800,1.00205394647
547675,547805,549225,130,1420,8,6000,1.09154929577
547715,548536,548539,821,3,1,86400,82.4
547745,548550,634954,805,86404,1,86400,1.0093166983
547808,548147,549595,339,1448,8,6000,1.2341160221
547937,548753,583801,816,35048,1,36000,1.02328235563
548146,548155,549571,9,1416,8,6000,1.0063559322
548157,548345,549764,188,1419,8,6000,1.13248766737
548341,548524,549963,183,1439,8,6000,1.12717164698
548525,548652,550065,127,1413,8,6000,1.08987968861
548648,548706,550112,58,1406,8,6000,1.04125177809
548710,548894,550313,184,1419,8,6000,1.12966878083
548895,548901,550336,6,1435,8,6000,1.00418118467
548905,549007,550429,102,1422,8,6000,1.07172995781
549008,549030,550452,22,1422,8,6000,1.01547116737
549029,549100,550516,71,1416,8,6000,1.05014124294
549102,549210,550628,108,1418,8,6000,1.07616361072
549214,549236,550659,22,1423,8,6000,1.01546029515
549235,549583,551004,348,1421,8,6000,1.24489795918
549583,549607,551048,24,1441,8,6000,1.01665510062
549604,549776,551191,172,1415,8,6000,1.12155477032
549696,582848,597282,33152,14434,16,14400,3.29679922405
549696,589426,597231,39730,7805,16,14400,6.09032671365
549696,597243,602307,47547,5064,16,14400,10.3892180095
549778,549975,551377,197,1402,8,6000,1.14051355207
549832,550237,585676,405,35439,1,86400,1.0114280877
549973,550076,551502,103,1426,8,6000,1.07223001403
550076,550124,551560,48,1436,8,6000,1.03342618384
550127,550324,551739,197,1415,8,6000,1.13922261484
550322,550348,551772,26,1424,8,6000,1.01825842697
550353,550440,551866,87,1426,8,6000,1.06100981767
550446,550464,551884,18,1420,8,6000,1.01267605634
550467,550528,551971,61,1443,8,6000,1.04227304227
550528,550640,552059,112,1419,8,6000,1.07892882311
550641,550670,552113,29,1443,8,6000,1.0200970201
550672,551017,552437,345,1420,8,6000,1.24295774648
551020,551060,552480,40,1420,8,6000,1.02816901408
551061,551204,552609,143,1405,8,6000,1.10177935943
551205,551389,552815,184,1426,8,6000,1.12903225806
551389,551513,552922,124,1409,8,6000,1.08800567779
551512,551572,552972,60,1400,8,6000,1.04285714286
551574,551750,553168,176,1418,8,6000,1.12411847673
551748,551784,553217,36,1433,8,6000,1.02512212142
551790,551878,553318,88,1440,8,6000,1.06111111111
551882,551896,553332,14,1436,8,6000,1.00974930362
551893,551982,553412,89,1430,8,6000,1.06223776224
551985,552072,553494,87,1422,8,6000,1.0611814346
552068,552124,553552,56,1428,8,6000,1.03921568627
552129,552448,553896,319,1448,8,6000,1.2203038674
552446,552493,553922,47,1429,8,6000,1.03289013296
552498,552621,554057,123,1436,8,6000,1.0856545961
552621,552827,554250,206,1423,8,6000,1.14476458187
552826,552933,554370,107,1437,8,6000,1.07446068198
552929,552984,554409,55,1425,8,6000,1.03859649123
552980,553180,554622,200,1442,8,6000,1.1386962552
553175,553230,554665,55,1435,8,6000,1.03832752613
553227,553331,554783,104,1452,8,6000,1.07162534435
553329,553344,554794,15,1450,8,6000,1.01034482759
553340,553424,554849,84,1425,8,6000,1.05894736842
553422,553507,554929,85,1422,8,6000,1.05977496484
553504,553542,554986,38,1444,8,6000,1.02631578947
553545,553564,554995,19,1431,8,6000,1.01327742837
553566,553907,555336,341,1429,8,6000,1.23862841148
553904,553933,555356,29,1423,8,6000,1.02037947997
553935,554068,555356,133,1288,8,6000,1.10326086957
554068,554263,555356,195,1093,8,6000,1.17840805124
554263,554381,555357,118,976,8,6000,1.12090163934
554386,554421,555356,35,935,8,6000,1.03743315508
554417,554634,555356,217,722,8,6000,1.30055401662
554629,554641,555357,12,716,5,14400,1.01675977654
554640,554677,555356,37,679,5,14400,1.05449189985
554681,554794,555356,113,562,5,14400,1.20106761566
554794,554801,555356,7,555,5,14400,1.01261261261
554805,554811,555356,6,545,5,14400,1.01100917431
554815,554861,555356,46,495,5,14400,1.09292929293
554857,554867,555356,10,489,5,14400,1.02044989775
554867,554941,555356,74,415,5,14400,1.17831325301
554939,554947,555356,8,409,5,14400,1.0195599022
554950,554998,555356,48,358,5,14400,1.13407821229
555002,555014,555356,12,342,5,14400,1.0350877193
555012,555348,555356,336,8,5,14400,34.4
555372,555382,555386,10,4,8,6000,1.4
555383,555389,555394,6,5,8,6000,1.1
555383,555395,555399,12,4,8,6000,1.6
555394,555407,555412,13,5,8,6000,1.8
555394,555402,555406,8,4,8,6000,1.2
555405,555414,555418,9,4,8,6000,1.3
555406,555419,555423,13,4,8,6000,1.7
555418,555426,555431,8,5,8,6000,1.3
555418,555431,555435,13,4,8,6000,1.7
556004,556012,556040,8,28,8,6000,1.28571428571
556015,556027,556040,12,13,8,6000,1.92307692308
556015,556022,556040,7,18,8,6000,1.38888888889
556026,556034,556040,8,6,8,6000,1.4
556027,556039,556040,12,1,8,6000,1.3
556058,556064,556143,6,79,8,6000,1.07594936709
556069,556081,556136,12,55,8,6000,1.21818181818
556069,556075,556136,6,61,8,6000,1.09836065574
556080,556088,556136,8,48,8,6000,1.16666666667
556080,556093,556136,13,43,8,6000,1.3023255814
556091,556099,556143,8,44,8,6000,1.18181818182
556092,556105,556136,13,31,8,6000,1.41935483871
556102,556111,556136,9,25,8,6000,1.36
556103,556117,556136,14,19,8,6000,1.73684210526
556204,556211,556224,7,13,2,6000,1.53846153846
556215,556221,556235,6,14,2,6000,1.42857142857
556216,556227,556243,11,16,2,6000,1.6875
556226,556233,556248,7,15,2,6000,1.46666666667
556227,556238,556252,11,14,2,6000,1.78571428571
556238,556251,556264,13,13,2,6000,2.0
556238,556246,556260,8,14,2,6000,1.57142857143
556249,556258,556271,9,13,2,6000,1.69230769231
556249,556263,556278,14,15,2,6000,1.93333333333
556260,556269,556283,9,14,2,6000,1.64285714286
556261,556275,556289,14,14,2,6000,2.0
556271,556282,556295,11,13,2,6000,1.84615384615
556272,556287,556303,15,16,2,6000,1.9375
556282,556294,556309,12,15,2,6000,1.8
556283,556299,556315,16,16,2,6000,2.0
556325,556336,556352,11,16,2,6000,1.6875
556325,556331,556344,6,13,2,6000,1.46153846154
556325,556342,556355,17,13,2,6000,2.30769230769
556326,556354,556367,28,13,2,6000,3.15384615385
556326,556359,556373,33,14,2,6000,3.35714285714
556326,556348,556363,22,15,2,6000,2.46666666667
556327,556364,556377,37,13,2,6000,3.84615384615
556327,556370,556384,43,14,2,6000,4.07142857143
556327,556375,556389,48,14,2,6000,4.42857142857
556328,556380,556394,52,14,2,6000,4.71428571429
556328,556386,556400,58,14,2,6000,5.14285714286
556328,556391,556404,63,13,2,6000,5.84615384615
556329,556397,556411,68,14,2,6000,5.85714285714
556329,556402,556416,73,14,2,6000,6.21428571429
556329,556407,556423,78,16,2,6000,5.875
556330,556418,556434,88,16,2,6000,6.5
556330,556423,556439,93,16,2,6000,6.8125
556330,556413,556428,83,15,2,6000,6.53333333333
556331,556429,556445,98,16,2,6000,7.125
556331,556434,556450,103,16,2,6000,7.4375
556332,556439,556453,107,14,2,6000,8.64285714286
556332,556445,556453,113,8,2,6000,12.1
556332,556450,556453,118,3,2,6000,12.1
556333,556461,556467,128,6,2,6000,13.4
556333,556466,556467,133,1,2,6000,13.4
556333,556456,556457,123,1,2,6000,12.4
556333,556472,556473,139,1,2,6000,14.0
556334,556477,556478,143,1,2,6000,14.4
556334,556482,556483,148,1,2,6000,14.9
556835,556845,557214,10,369,2,12000,1.027100271
556853,556859,556942,6,83,2,30000,1.07228915663
557055,557063,557100,8,37,2,12000,1.21621621622
557117,557124,557214,7,90,2,12000,1.07777777778
557603,557609,557775,6,166,2,12000,1.03614457831
557610,557616,557775,6,159,2,12000,1.03773584906
558069,558075,559681,6,1606,8,6000,1.00373599004
558080,558092,559686,12,1594,8,6000,1.00752823087
558080,558086,559686,6,1600,8,6000,1.00375
558091,558104,559704,13,1600,8,6000,1.008125
558091,558098,559706,7,1608,8,6000,1.00435323383
558102,558110,559712,8,1602,8,6000,1.0049937578
558102,558115,559723,13,1608,8,6000,1.00808457711
558113,558122,559716,9,1594,8,6000,1.00564617315
558114,558128,559741,14,1613,8,6000,1.00867947923
558124,558134,559752,10,1618,8,6000,1.00618046972
558125,559540,561143,1415,1603,8,6000,1.88271990019
558676,559670,708048,994,148378,18,198000,1.00669910634
558759,560525,709934,1766,149409,18,198000,1.01181990375
559544,559681,561286,137,1605,8,6000,1.08535825545
559677,559692,561333,15,1641,8,6000,1.00914076782
559688,559699,561299,11,1600,8,6000,1.006875
559699,559706,561303,7,1597,8,6000,1.00438321853
559710,559715,561313,5,1598,8,6000,1.00312891114
559721,559727,561337,6,1610,8,6000,1.00372670807
559721,559732,561338,11,1606,8,6000,1.00684931507
559732,559739,561351,7,1612,8,6000,1.00434243176
559742,559748,561358,6,1610,8,6000,1.00372670807
559753,559759,561371,6,1612,8,6000,1.00372208437
559764,559770,561374,6,1604,8,6000,1.00374064838
559774,560010,561650,236,1640,8,6000,1.14390243902
560010,561155,562768,1145,1613,8,6000,1.70985740856
560539,560545,570176,6,9631,1,158400,1.00062298827
561153,561299,562897,146,1598,8,6000,1.09136420526
561296,561311,562931,15,1620,8,6000,1.00925925926
561307,561318,562934,11,1616,8,6000,1.00680693069
561318,561326,562936,8,1610,8,6000,1.0049689441
561329,561345,562956,16,1611,8,6000,1.00993171943
561350,561356,562979,6,1623,8,6000,1.00369685767
561360,561366,562987,6,1621,8,6000,1.00370141888
561371,561377,562996,6,1619,8,6000,1.00370599135
561382,561388,562990,6,1602,8,6000,1.00374531835
561392,561398,563031,6,1633,8,6000,1.00367421923
561403,561409,563051,6,1642,8,6000,1.00365408039
561414,561662,563277,248,1615,8,6000,1.15356037152
561526,597294,608604,35768,11310,16,14400,4.16251105217
561659,562780,564379,1121,1599,8,6000,1.70106316448
561677,561683,563869,6,2186,4,14400,1.00274473925
561677,564760,567088,3083,2328,4,14400,2.32431271478
561677,562970,564748,1293,1778,4,14400,1.7272215973
561678,568044,572546,6366,4502,4,14400,2.41403820524
561678,564971,568032,3293,3061,4,14400,2.07579222476
561678,570449,575282,8771,4833,4,14400,2.81481481481
561678,567100,570594,5422,3494,4,14400,2.55180309101
561679,573393,574969,11714,1576,4,14400,8.43274111675
561679,574656,574675,12977,19,4,14400,684.0
561679,570937,573382,9258,2445,4,14400,4.78650306748
561679,572558,574644,10879,2086,4,14400,6.21524448706
562783,562909,564519,126,1610,8,6000,1.07826086957
562906,562944,564541,38,1597,8,6000,1.0237946149
562947,562954,564555,7,1601,8,6000,1.00437226733
562958,562964,564605,6,1641,8,6000,1.00365630713
562969,562991,564601,22,1610,8,6000,1.01366459627
562990,562998,564614,8,1616,8,6000,1.00495049505
563000,563006,564621,6,1615,8,6000,1.00371517028
563011,563017,564637,6,1620,8,6000,1.0037037037
563022,563042,564671,20,1629,8,6000,1.01227747084
563043,563062,564683,19,1621,8,6000,1.01172115978
563064,563289,564906,225,1617,8,6000,1.13914656772
563289,563880,565505,591,1625,8,6000,1.36369230769
563881,564392,565998,511,1606,8,6000,1.31818181818
564392,564531,566140,139,1609,8,6000,1.08638906153
564536,564554,566192,18,1638,8,6000,1.01098901099
564557,564566,566175,9,1609,8,6000,1.00559353636
564567,564613,566234,46,1621,8,6000,1.02837754473
564619,564625,566250,6,1625,8,6000,1.00369230769
564629,564636,566275,7,1639,8,6000,1.00427089689
564640,564646,566250,6,1604,8,6000,1.00374064838
564651,564657,566287,6,1630,8,6000,1.0036809816
564661,564682,566290,21,1608,8,6000,1.01305970149
564682,564694,566327,12,1633,8,6000,1.00734843846
564693,564917,566540,224,1623,8,6000,1.13801601972
564918,565517,567135,599,1618,8,6000,1.37021013597
565522,566010,567625,488,1615,8,6000,1.30216718266
566012,566152,567770,140,1618,8,6000,1.08652657602
566155,566187,567800,32,1613,8,6000,1.01983880967
566187,566204,567819,17,1615,8,6000,1.01052631579
566207,566245,567854,38,1609,8,6000,1.02361715351
566249,566261,567887,12,1626,8,6000,1.0073800738
566259,566267,567888,8,1621,8,6000,1.00493522517
566270,566286,567914,16,1628,8,6000,1.00982800983
566291,566299,567939,8,1640,8,6000,1.00487804878
566302,566309,567941,7,1632,8,6000,1.00428921569
566312,566340,567952,28,1612,8,6000,1.01736972705
566344,566552,568166,208,1614,8,6000,1.12887236679
566548,567147,568788,599,1641,8,6000,1.36502132846
566593,838707,1162910,272114,324203,16,324000,1.83933214683
567151,567636,569248,485,1612,8,6000,1.30086848635
567632,567782,569400,150,1618,8,6000,1.09270704574
567785,567812,569426,27,1614,8,6000,1.01672862454
567817,567830,569442,13,1612,8,6000,1.00806451613
567827,567866,569486,39,1620,8,6000,1.02407407407
567868,567898,569496,30,1598,8,6000,1.01877346683
567900,567906,569523,6,1617,8,6000,1.00371057514
567911,567926,569541,15,1615,8,6000,1.0092879257
567921,567950,569554,29,1604,8,6000,1.0180798005
567952,567959,569593,7,1634,8,6000,1.00428396573
567963,567969,569600,6,1631,8,6000,1.00367872471
567974,568177,569816,203,1639,8,6000,1.12385600976
568178,568799,570432,621,1633,8,6000,1.38028169014
568802,569260,570920,458,1660,8,6000,1.27590361446
569262,569413,571035,151,1622,8,6000,1.09309494451
569415,569437,571081,22,1644,8,6000,1.01338199513
569439,569454,571080,15,1626,8,6000,1.00922509225
569450,569497,571131,47,1634,8,6000,1.02876376989
569502,569508,571142,6,1634,8,6000,1.00367197062
569512,569534,571139,22,1605,8,6000,1.01370716511
569533,569553,571196,20,1643,8,6000,1.01217285453
569554,569566,571194,12,1628,8,6000,1.00737100737
569565,569604,571243,39,1639,8,6000,1.02379499695
569606,569612,571236,6,1624,8,6000,1.00369458128
569617,569827,571455,210,1628,8,6000,1.12899262899
569829,570444,575770,615,5326,5,14400,1.115471273
570442,570605,575919,163,5314,5,14400,1.03067369213
570606,570931,576361,325,5430,5,14400,1.05985267035
570933,571047,576413,114,5366,5,14400,1.02124487514
570946,838771,1270776,267825,432005,2,432000,1.61995810234
571046,571092,576486,46,5394,5,14400,1.00852799407
571097,571104,576235,7,5131,5,14400,1.00136425648
571108,571114,576165,6,5051,5,14400,1.00118788359
571119,571143,575531,24,4388,5,14400,1.00546946217
571132,844516,1276558,273384,432042,2,432000,1.63277181385
571140,571149,575974,9,4825,5,14400,1.00186528497
571150,571157,576368,7,5211,5,14400,1.00134331222
571161,571167,575639,6,4472,5,14400,1.00134168157
571172,571178,575755,6,4577,5,14400,1.00131090234
571183,571206,576555,23,5349,5,14400,1.00429986913
571203,571212,575972,9,4760,5,14400,1.0018907563
571214,571220,576409,6,5189,5,14400,1.00115629216
571225,571247,576169,22,4922,5,14400,1.00446972775
571246,571253,575559,7,4306,5,14400,1.00162563864
571257,571264,576016,7,4752,5,14400,1.00147306397
571267,856470,1288484,285203,432014,2,432000,1.66017073521
571267,571273,576214,6,4941,5,14400,1.00121432908
571278,571466,577126,188,5660,5,14400,1.0332155477
571361,574688,754696,3327,180008,4,180000,1.01848251189
571462,571969,576899,507,4930,5,14400,1.10283975659
571482,869563,1301600,298081,432037,2,432000,1.68994322246
571825,572247,752280,422,180033,8,180000,1.00234401471
571974,575542,580679,3568,5137,5,14400,1.69456881448
572383,881648,1313669,309265,432021,2,432000,1.71585640513
572511,881654,1313678,309143,432024,2,432000,1.71556904246
572824,881659,1313673,308835,432014,2,432000,1.71487266616
573013,881664,1313679,308651,432015,2,432000,1.71444510029
573153,881670,1486482,308517,604812,2,604800,1.51010396619
573420,881675,1313689,308255,432014,2,432000,1.71353011708
573546,886614,1318659,313068,432045,2,432000,1.7246189633
573663,886620,1318665,312957,432045,2,432000,1.72436204562
574121,886625,1318671,312504,432046,2,432000,1.72331186957
574170,886630,1318675,312460,432045,2,432000,1.72321170248
574308,886636,1318682,312328,432046,2,432000,1.72290450554
575078,575294,576246,216,952,8,3600,1.2268907563
575538,575571,580638,33,5067,5,14400,1.00651272943
575569,575652,580707,83,5055,5,14400,1.01641938675
575652,575767,581155,115,5388,5,14400,1.0213437268
575765,575782,581411,17,5629,5,14400,1.00302007461
575785,575930,580510,145,4580,5,14400,1.03165938865
575929,575983,581224,54,5241,5,14400,1.01030337722
575980,575990,581084,10,5094,5,14400,1.00196309384
575991,576028,580688,37,4660,5,14400,1.00793991416
576033,576177,580717,144,4540,5,14400,1.03171806167
576176,576184,580912,8,4728,5,14400,1.00169204738
576187,576226,581151,39,4925,5,14400,1.00791878173
576228,576247,581023,19,4776,5,14400,1.00397822446
576249,576372,581180,123,4808,5,14400,1.02558236273
576372,576380,581112,8,4732,5,14400,1.00169061708
576383,576420,582020,37,5600,5,14400,1.00660714286
576424,576430,581420,6,4990,5,14400,1.00120240481
576435,576497,582236,62,5739,5,14400,1.01080327583
576497,576567,581126,70,4559,5,14400,1.01535424435
576569,576910,581439,341,4529,5,14400,1.07529255906
576654,577158,577165,504,7,8,14400,51.1
576906,577138,582539,232,5401,5,14400,1.04295500833
577142,577177,581682,35,4505,5,14400,1.00776914539
577183,580521,585001,3338,4480,5,14400,1.74508928571
577953,578177,579336,224,1159,8,14400,1.1932700604
578353,578360,580413,7,2053,1,3600,1.00340964442
579833,579840,644676,7,64836,2,64800,1.00010796471
580004,583817,637846,3813,54029,2,54000,1.07057321068
580523,580650,585873,127,5223,5,14400,1.02431552747
580646,580690,585602,44,4912,5,14400,1.00895765472
580687,580699,585606,12,4907,5,14400,1.00244548604
580698,580718,585497,20,4779,5,14400,1.00418497594
580719,580728,585691,9,4963,5,14400,1.0018134193
580729,580923,585471,194,4548,5,14400,1.04265611258
580924,581035,585995,111,4960,5,14400,1.02237903226
581036,581095,586288,59,5193,5,14400,1.0113614481
581049,581055,581691,6,636,1,5400,1.00943396226
581098,581124,586353,26,5229,5,14400,1.00497227003
581102,592658,593636,11556,978,8,14400,12.8159509202
581119,581137,585482,18,4345,5,14400,1.00414269275
581140,581163,586181,23,5018,5,14400,1.0045834994
581161,581169,586007,8,4838,5,14400,1.00165357586
581172,581191,586395,19,5204,5,14400,1.00365103766
581193,581236,586709,43,5473,5,14400,1.00785675132
581234,581423,587232,189,5809,5,14400,1.03253572043
581418,581432,586673,14,5241,5,14400,1.00267124595
581429,581451,585828,22,4377,5,14400,1.0050262737
581450,581694,586159,244,4465,5,14400,1.05464725644
581695,582031,587215,336,5184,5,14400,1.06481481481
582033,582248,587309,215,5061,5,14400,1.04248172298
582247,582550,587364,303,4814,5,14400,1.06294142086
582554,585013,589526,2459,4513,5,14400,1.54487037447
583170,583177,583664,7,487,1,3600,1.01437371663
583791,592234,635469,8443,43235,9,43200,1.19528160056
585016,585483,589956,467,4473,5,14400,1.104404203
585486,585493,589982,7,4489,5,14400,1.00155936734
585497,585509,590375,12,4866,5,14400,1.00246609125
585507,585614,590764,107,5150,5,14400,1.02077669903
585610,585621,591547,11,5926,5,14400,1.0018562268
585621,585703,590176,82,4473,5,14400,1.01833221552
585703,585839,591168,136,5329,5,14400,1.0255207356
585837,585885,591227,48,5342,5,14400,1.00898539873
585888,586007,591145,119,5138,5,14400,1.02316076294
586011,586019,590467,8,4448,5,14400,1.00179856115
586022,586170,590588,148,4418,5,14400,1.03349932096
586176,586194,591013,18,4819,5,14400,1.00373521477
586196,586299,590906,103,4607,5,14400,1.0223572824
586299,586364,590858,65,4494,5,14400,1.01446372942
586361,586406,592039,45,5633,5,14400,1.00798863838
586402,586685,592223,283,5538,5,14400,1.05110148068
586688,586721,591304,33,4583,5,14400,1.00720052367
586719,587227,591604,508,4377,5,14400,1.11606122915
587230,587244,591703,14,4459,5,14400,1.00313971743
587241,587322,592646,81,5324,5,14400,1.01521412472
587323,587375,593169,52,5794,5,14400,1.00897480152
587375,589537,594510,2162,4973,5,14400,1.43474763724
589275,589281,589292,6,11,2,36600,1.54545454545
589539,589967,595198,428,5231,5,14400,1.08181991971
589640,589647,646051,7,56404,1,158400,1.00012410467
589713,590204,595493,491,5289,1,36600,1.09283418416
589968,589994,594963,26,4969,5,14400,1.00523244114
589989,590187,596222,198,6035,5,14400,1.0328086164
590184,590388,595761,204,5373,5,14400,1.03796761586
590389,590478,595376,89,4898,5,14400,1.01817068191
590481,590600,595710,119,5110,5,14400,1.02328767123
590604,590776,595322,172,4546,5,14400,1.03783545974
590778,590869,595965,91,5096,5,14400,1.01785714286
590870,590919,596207,49,5288,5,14400,1.00926626324
590922,591024,595840,102,4816,5,14400,1.02117940199
591024,591157,595771,133,4614,5,14400,1.02882531426
591158,591179,595720,21,4541,5,14400,1.00462453204
591177,591315,592933,138,1618,8,6000,1.08529048208
591306,592050,592052,744,2,2,3540,74.6
591320,591559,593176,239,1617,8,6000,1.14780457638
591556,591714,593326,158,1612,8,6000,1.09801488834
591719,592944,594555,1225,1611,8,6000,1.76039726878
592945,593189,594793,244,1604,8,6000,1.15211970075
593190,593338,594930,148,1592,8,6000,1.09296482412
593334,593648,595263,314,1615,8,6000,1.19442724458
593390,602319,615440,8929,13121,16,14400,1.68051215609
593493,608615,622569,15122,13954,16,14400,2.08370359753
593589,615451,627694,21862,12243,16,14400,2.78567344605
593607,622581,637019,28974,14438,16,14400,3.00678764372
593635,627705,627756,34070,51,16,14400,669.039215686
593651,594523,596124,872,1601,8,6000,1.54465958776
594303,595274,596992,971,1718,8,14400,1.56519208382
594520,594566,596175,46,1609,8,6000,1.02858918583
594571,594805,596481,234,1676,8,6000,1.13961813842
594806,594941,596541,135,1600,8,6000,1.084375
594940,594976,596572,36,1596,8,6000,1.02255639098
594981,595334,596959,353,1625,8,6000,1.21723076923
595339,595387,596994,48,1607,8,6000,1.02986932172
595390,595732,597339,342,1607,8,6000,1.21281891724
595727,595772,597379,45,1607,8,6000,1.02800248911
595768,595852,597492,84,1640,8,6000,1.0512195122
595850,596135,597755,285,1620,8,6000,1.17592592593
596135,596187,597800,52,1613,8,6000,1.03223806572
596187,596219,597831,32,1612,8,6000,1.01985111663
596218,596234,597844,16,1610,8,6000,1.0099378882
596239,596493,598094,254,1601,8,6000,1.15865084322
596495,596553,598171,58,1618,8,6000,1.03584672435
596556,596584,598194,28,1610,8,6000,1.01739130435
596587,596970,598585,383,1615,8,6000,1.23715170279
596976,597003,598648,27,1645,8,6000,1.01641337386
597007,597013,598622,6,1609,8,6000,1.00372902424
597017,597350,598972,333,1622,8,6000,1.20530209618
597267,598660,610600,1393,11940,8,14400,1.11666666667
597355,597391,599042,36,1651,8,6000,1.02180496669
597386,597503,599104,117,1601,8,6000,1.07307932542
597509,597766,599383,257,1617,8,6000,1.15893630179
597765,597811,599433,46,1622,8,6000,1.02836004932
597816,597844,599461,28,1617,8,6000,1.01731601732
597847,597856,599492,9,1636,8,6000,1.00550122249
597858,598105,599720,247,1615,8,6000,1.15294117647
598104,598182,599813,78,1631,8,6000,1.04782342121
598186,598205,599830,19,1625,8,6000,1.01169230769
598207,598597,600205,390,1608,8,6000,1.24253731343
598596,598633,600246,37,1613,8,6000,1.02293862368
598637,598931,600551,294,1620,8,6000,1.18148148148
598933,598984,600599,51,1615,8,6000,1.03157894737
598985,599053,600654,68,1601,8,6000,1.04247345409
599057,599115,600741,58,1626,8,6000,1.0356703567
599118,599395,601020,277,1625,8,6000,1.17046153846
599394,599445,601061,51,1616,8,6000,1.03155940594
599446,599473,601083,27,1610,8,6000,1.01677018634
599477,599503,601110,26,1607,8,6000,1.01617921593
599508,599731,601346,223,1615,8,6000,1.13808049536
599733,599825,601423,92,1598,8,6000,1.05757196496
599825,599843,601464,18,1621,8,6000,1.01110425663
599846,600218,601834,372,1616,8,6000,1.2301980198
600214,600257,601876,43,1619,8,6000,1.02655960469
600255,600562,602150,307,1588,8,6000,1.19332493703
600562,600611,602243,49,1632,8,6000,1.0300245098
600613,600666,602298,53,1632,8,6000,1.0324754902
600665,600752,602377,87,1625,8,6000,1.05353846154
600757,601032,602643,275,1611,8,6000,1.17070142768
601033,601073,602726,40,1653,8,6000,1.0241984271
601075,601094,602710,19,1616,8,6000,1.01175742574
601096,601122,602733,26,1611,8,6000,1.01613904407
601127,601213,602831,86,1618,8,6000,1.05315203956
601219,601358,602989,139,1631,8,6000,1.08522378909
601362,601434,603060,72,1626,8,6000,1.0442804428
601434,601476,603091,42,1615,8,6000,1.02600619195
601476,601846,603471,370,1625,8,6000,1.22769230769
601843,601887,603523,44,1636,8,6000,1.02689486553
601885,602163,603783,278,1620,8,6000,1.17160493827
602161,602254,603872,93,1618,8,6000,1.05747836836
602253,602310,603949,57,1639,8,6000,1.03477730323
602315,602388,604012,73,1624,8,6000,1.04495073892
602387,602655,604296,268,1641,8,6000,1.1633150518
602652,602722,604341,70,1619,8,6000,1.04323656578
602724,602738,604366,14,1628,8,6000,1.0085995086
602735,602746,604383,11,1637,8,6000,1.00671960904
602746,602844,604483,98,1639,8,6000,1.05979255644
602848,603000,604620,152,1620,8,6000,1.09382716049
603002,603073,604698,71,1625,8,6000,1.04369230769
603074,603103,604719,29,1616,8,6000,1.01794554455
603106,603483,605107,377,1624,8,6000,1.23214285714
603484,603534,605169,50,1635,8,6000,1.03058103976
603505,802665,806599,199160,3934,25,7200,51.6253177428
603535,603794,605410,259,1616,8,6000,1.16027227723
603791,603883,605516,92,1633,8,6000,1.05633802817
603883,603961,605606,78,1645,8,6000,1.04741641337
603966,604024,605662,58,1638,8,6000,1.03540903541
604027,604307,605930,280,1623,8,6000,1.17252002465
604303,604353,605994,50,1641,8,6000,1.03046922608
604355,604378,606009,23,1631,8,6000,1.01410177805
604376,604394,606001,18,1607,8,6000,1.01120099564
604397,604494,606110,97,1616,8,6000,1.06002475248
604499,604631,606244,132,1613,8,6000,1.08183508989
604632,604709,606330,77,1621,8,6000,1.04750154226
604714,604732,606356,18,1624,8,6000,1.01108374384
604735,605118,606735,383,1617,8,6000,1.23685837972
