SubmitTime,StartTime,EndTime,QueuedTime,RunTime,NodesRequested,walltime,bslowdown
122,134,3220,12,3086,2,7200,1.00388852884
133,413,3549,280,3136,2,7200,1.08928571429
409,661,3780,252,3119,2,7200,1.08079512664
665,693,3778,28,3085,2,7200,1.00907617504
696,702,3703,6,3001,2,7200,1.00199933356
706,741,3838,35,3097,2,7200,1.01130125928
737,921,3993,184,3072,2,7200,1.05989583333
922,946,4072,24,3126,2,7200,1.00767754319
943,969,4113,26,3144,2,7200,1.0082697201
974,1012,3626,38,2614,2,7200,1.01453710788
1015,1300,4427,285,3127,2,7200,1.09114166933
1302,1330,4424,28,3094,2,7200,1.00904977376
1333,1345,4418,12,3073,2,7200,1.00390497885
1343,1458,4539,115,3081,2,7200,1.03732554365
1456,1465,4609,9,3144,2,7200,1.00286259542
1467,1486,4291,19,2805,2,7200,1.00677361854
1488,1494,4609,6,3115,2,7200,1.00192616372
1498,1539,4637,41,3098,2,7200,1.01323434474
1540,1549,4631,9,3082,2,7200,1.0029201817
1550,1572,4689,22,3117,2,7200,1.00705806866
1571,1578,4643,7,3065,2,7200,1.00228384992
1582,1588,4675,6,3087,2,7200,1.0019436346
1593,1666,4745,73,3079,2,7200,1.02370899643
1665,1676,4789,11,3113,2,7200,1.0035335689
1675,1690,4783,15,3093,2,7200,1.00484966052
1686,1696,3735,10,2039,2,7200,1.00490436488
1697,1707,4798,10,3091,2,7200,1.00323519896
1707,1723,4190,16,2467,2,7200,1.00648561005
1728,1761,4520,33,2759,2,7200,1.01196085538
1759,1768,4745,9,2977,2,7200,1.0030231777
1760,1895,5719,135,3824,2,18000,1.03530334728
1770,1807,4870,37,3063,2,7200,1.01207966046
1806,1822,4996,16,3174,2,7200,1.00504095778
1827,1834,5016,7,3182,2,7200,1.00219987429
1837,1844,5006,7,3162,2,7200,1.00221378874
1848,1864,5020,16,3156,2,7200,1.00506970849
1869,1875,5027,6,3152,2,7200,1.0019035533
1880,1887,5051,7,3164,2,7200,1.00221238938
1890,1902,5098,12,3196,2,7200,1.00375469337
1901,1908,5061,7,3153,2,7200,1.00222010783
1912,1919,5069,7,3150,2,7200,1.00222222222
1922,1990,5204,68,3214,2,7200,1.02115743622
1994,2002,5162,8,3160,2,7200,1.00253164557
2005,2022,5195,17,3173,2,7200,1.00535770564
2026,2057,5235,31,3178,2,7200,1.00975456262
2057,2641,5792,584,3151,2,7200,1.18533798794
2640,2703,5867,63,3164,2,7200,1.01991150442
2701,2861,6015,160,3154,2,7200,1.05072923272
2866,3229,6376,363,3147,2,7200,1.11534795043
2974,24747,26564,21773,1817,12,1800,12.9829389103
3234,3241,6374,7,3133,2,7200,1.00223428024
3245,3560,6719,315,3159,2,7200,1.09971509972
3562,3639,6800,77,3161,2,7200,1.02435937994
3634,3715,6850,81,3135,2,7200,1.02583732057
3716,3747,6879,31,3132,2,7200,1.00989782886
3747,3789,6947,42,3158,2,7200,1.01329955668
3789,3796,6894,7,3098,2,7200,1.00225952227
3799,3849,7003,50,3154,2,7200,1.01585288523
3851,4005,7156,154,3151,2,7200,1.04887337353
4005,4083,7232,78,3149,2,7200,1.02476976818
4087,4125,7252,38,3127,2,7200,1.01215222258
4128,4202,7354,74,3152,2,7200,1.02347715736
4200,4302,7443,102,3141,2,7200,1.03247373448
4303,4430,7572,127,3142,2,7200,1.04042011458
4425,4436,7564,11,3128,2,7200,1.00351662404
4436,4443,7566,7,3123,2,7200,1.00224143452
4447,4531,7646,84,3115,2,7200,1.02696629213
4529,4550,7723,21,3173,2,7200,1.00661834226
4550,4620,7809,70,3189,2,7200,1.02195045469
4622,4628,7759,6,3131,2,7200,1.00191632066
4633,4642,7760,9,3118,2,7200,1.00288646568
4643,4650,7776,7,3126,2,7200,1.00223928343
4654,4660,7769,6,3109,2,7200,1.00192988099
4664,4686,7810,22,3124,2,7200,1.00704225352
4685,4701,7844,16,3143,2,7200,1.0050906777
4696,4757,7882,61,3125,2,7200,1.01952
4758,4765,7886,7,3121,2,7200,1.00224287087
4768,4796,7924,28,3128,2,7200,1.00895140665
4799,4805,7956,6,3151,2,7200,1.00190415741
4810,4816,7949,6,3133,2,7200,1.00191509735
4821,4833,7982,12,3149,2,7200,1.00381073357
4831,4882,8041,51,3159,2,7200,1.01614434948
4883,5008,8181,125,3173,2,7200,1.03939489442
5006,5017,8123,11,3106,2,7200,1.00354153252
5016,5028,8146,12,3118,2,7200,1.00384862091
5027,5035,8166,8,3131,2,7200,1.00255509422
5037,5044,8167,7,3123,2,7200,1.00224143452
5048,5062,8174,14,3112,2,7200,1.00449871465
5059,5073,8200,14,3127,2,7200,1.00447713463
5069,5080,8199,11,3119,2,7200,1.0035267714
5080,5109,8237,29,3128,2,7200,1.00927109974
5111,5173,8273,62,3100,2,7200,1.02
5173,5207,8297,34,3090,2,7200,1.01100323625
5204,5215,8352,11,3137,2,7200,1.00350653491
5215,5246,8416,31,3170,2,7200,1.00977917981
5246,5731,8921,485,3190,2,7200,1.15203761755
5727,5804,8914,77,3110,2,7200,1.02475884244
5809,5880,9003,71,3123,2,7200,1.02273455011
5881,6027,9223,146,3196,2,7200,1.04568210263
6024,6385,9577,361,3192,2,7200,1.1130952381
6383,6392,9534,9,3142,2,7200,1.00286441757
6394,6730,9922,336,3192,2,7200,1.10526315789
6732,6811,9985,79,3174,2,7200,1.02488972905
6814,6863,10048,49,3185,2,7200,1.01538461538
6865,6891,10086,26,3195,2,7200,1.00813771518
6886,6906,10008,20,3102,2,7200,1.00644745326
6907,6958,10067,51,3109,2,7200,1.01640398842
6959,7014,10115,55,3101,2,7200,1.01773621412
7010,7168,10276,158,3108,2,7200,1.05083655084
7164,7244,10358,80,3114,2,7200,1.02569043031
7246,7264,10419,18,3155,2,7200,1.00570522979
7267,7365,10550,98,3185,2,7200,1.03076923077
7369,7454,10628,85,3174,2,7200,1.02678008822
7451,7575,10737,124,3162,2,7200,1.03921568627
7574,7581,10731,7,3150,2,7200,1.00222222222
7585,7591,10770,6,3179,2,7200,1.00188738597
7596,7657,10843,61,3186,2,7200,1.01914626491
7657,7735,10180,78,2445,2,7200,1.03190184049
7739,7771,10850,32,3079,2,7200,1.01039298474
7770,7777,10877,7,3100,2,7200,1.00225806452
7781,7787,10905,6,3118,2,7200,1.00192431046
7792,7798,10897,6,3099,2,7200,1.00193610842
7802,7821,10976,19,3155,2,7200,1.006022187
7823,7829,11005,6,3176,2,7200,1.00188916877
7834,7855,11014,21,3159,2,7200,1.00664767331
7855,7895,11067,40,3172,2,7200,1.01261034048
7896,7903,11054,7,3151,2,7200,1.00222151698
7906,7937,11109,31,3172,2,7200,1.00977301387
7937,7961,11132,24,3171,2,7200,1.00756859035
7958,7968,11117,10,3149,2,7200,1.00317561131
7969,7993,11199,24,3206,2,7200,1.00748596382
7990,8052,11226,62,3174,2,7200,1.01953371141
8051,8135,11311,84,3176,2,7200,1.02644836272
8134,8158,11238,24,3080,2,7200,1.00779220779
8155,8178,11260,23,3082,2,7200,1.00746268657
8175,8185,11265,10,3080,2,7200,1.00324675325
8186,8192,11277,6,3085,2,7200,1.00194489465
8197,8203,11293,6,3090,2,7200,1.00194174757
8207,8213,11299,6,3086,2,7200,1.00194426442
8218,8224,11376,6,3152,2,7200,1.0019035533
8228,8249,11442,21,3193,2,7200,1.00657688694
8249,8285,11440,36,3155,2,7200,1.01141045959
8280,8308,11483,28,3175,2,7200,1.00881889764
8311,8364,11530,53,3166,2,7200,1.01674036639
8363,8428,11592,65,3164,2,7200,1.02054361568
8424,8926,12082,502,3156,2,7200,1.15906210393
8747,8753,8879,6,126,1,3600,1.04761904762
8926,8932,12080,6,3148,2,7200,1.00190597205
8936,9015,12167,79,3152,2,7200,1.02506345178
8994,9000,9305,6,305,1,3600,1.01967213115
9018,9234,12385,216,3151,2,7200,1.06854966677
9234,9545,12730,311,3185,2,7200,1.09764521193
9519,9526,10150,7,624,1,3600,1.01121794872
9541,9589,12749,48,3160,2,7200,1.01518987342
9593,9933,13100,340,3167,2,7200,1.1073571203
9931,9997,13119,66,3122,2,7200,1.02114029468
10002,10020,12343,18,2323,2,7200,1.00774860095
10024,10059,13219,35,3160,2,7200,1.01107594937
10055,10079,13214,24,3135,2,7200,1.00765550239
10076,10098,13244,22,3146,2,7200,1.00699300699
10097,10127,13315,30,3188,2,7200,1.00941028858
10128,10191,13352,63,3161,2,7200,1.01993040177
10189,10288,13466,99,3178,2,7200,1.03115166772
10292,10370,13536,78,3166,2,7200,1.02463676563
10374,10432,13616,58,3184,2,7200,1.0182160804
10436,10562,13741,126,3179,2,7200,1.03963510538
10486,133349,176575,122863,43226,4,43200,3.84234025818
10559,10640,13794,81,3154,2,7200,1.02568167406
10641,10742,13908,101,3166,2,7200,1.03190145294
10743,10749,13910,6,3161,2,7200,1.0018981335
10754,10782,13964,28,3182,2,7200,1.00879949717
10756,10763,10857,7,94,1,3600,1.07446808511
10785,10854,14013,69,3159,2,7200,1.02184235518
10857,10863,14036,6,3173,2,7200,1.00189095493
10867,10888,14028,21,3140,2,7200,1.00668789809
10888,10909,14068,21,3159,2,7200,1.00664767331
10909,10916,14037,7,3121,2,7200,1.00224287087
10919,10987,14185,68,3198,2,7200,1.02126328956
10973,10979,11264,6,285,1,3600,1.02105263158
10991,11017,13862,26,2845,2,7200,1.00913884007
11022,11028,14194,6,3166,2,7200,1.00189513582
11033,11066,14206,33,3140,2,7200,1.01050955414
11064,11078,12555,14,1477,2,7200,1.00947867299
11075,11120,14267,45,3147,2,7200,1.0142993327
11116,11129,13777,13,2648,2,7200,1.00490936556
11126,11143,14257,17,3114,2,7200,1.00545921644
11147,11212,14320,65,3108,2,7200,1.02091377091
11209,11237,14285,28,3048,2,7200,1.00918635171
11240,11249,14371,9,3122,2,7200,1.00288276746
11251,11271,14327,20,3056,2,7200,1.00654450262
11271,11277,13359,6,2082,2,7200,1.00288184438
11282,11289,13106,7,1817,2,7200,1.00385250413
11293,11304,14448,11,3144,2,7200,1.00349872774
11303,11311,14248,8,2937,2,7200,1.00272386789
11314,11322,13927,8,2605,2,7200,1.00307101727
11325,11388,13464,63,2076,2,7200,1.03034682081
11386,11454,14216,68,2762,2,7200,1.0246198407
11458,11464,14564,6,3100,2,7200,1.00193548387
11469,11495,14615,26,3120,2,7200,1.00833333333
11500,11545,14533,45,2988,2,7200,1.01506024096
11532,11538,12060,6,522,1,3600,1.01149425287
11541,11604,14691,63,3087,2,7200,1.02040816327
11603,12091,15152,488,3061,2,7200,1.1594250245
12094,12100,15262,6,3162,2,7200,1.00189753321
12104,12179,13626,75,1447,2,7200,1.05183137526
12176,12354,13945,178,1591,2,7200,1.11187932118
12350,12397,15516,47,3119,2,7200,1.01506893235
12402,12566,15675,164,3109,2,7200,1.05275008041
12566,12741,15835,175,3094,2,7200,1.05656108597
12582,12589,12717,7,128,1,3600,1.0546875
12740,12760,15900,20,3140,2,7200,1.00636942675
12761,13112,15204,351,2092,2,7200,1.16778202677
12832,12838,13139,6,301,1,3600,1.01993355482
13109,13119,16040,10,2921,2,7200,1.00342348511
13120,13131,15027,11,1896,2,7200,1.00580168776
13130,13226,16089,96,2863,2,7200,1.03353126092
13223,13232,16348,9,3116,2,7200,1.00288831836
13233,13255,15092,22,1837,2,7200,1.0119760479
13254,13328,14869,74,1541,2,7200,1.04802076574
13326,13367,16536,41,3169,2,7200,1.01293783528
13353,13359,13975,6,616,1,3600,1.00974025974
13367,13373,14804,6,1431,2,7200,1.00419287212
13378,13476,15311,98,1835,2,7200,1.05340599455
13481,13488,15002,7,1514,2,7200,1.00462351387
13491,13549,16663,58,3114,2,7200,1.01862556198
13553,13627,16285,74,2658,2,7200,1.02784048157
13625,13637,15678,12,2041,2,7200,1.00587947085
13636,13752,16213,116,2461,2,7200,1.04713531085
13748,13789,15478,41,1689,2,7200,1.02427471877
13790,13806,16661,16,2855,2,7200,1.00560420315
13811,13873,16997,62,3124,2,7200,1.01984635083
13872,13920,16108,48,2188,2,7200,1.02193784278
13924,13930,15308,6,1378,2,7200,1.00435413643
13935,13941,15465,6,1524,2,7200,1.00393700787
13945,13956,15353,11,1397,2,7200,1.00787401575
13956,13975,16428,19,2453,2,7200,1.00774561761
13977,14025,16046,48,2021,2,7200,1.02375061851
14028,14040,16175,12,2135,2,7200,1.0056206089
14039,14048,17134,9,3086,2,7200,1.00291639663
14049,14056,17148,7,3092,2,7200,1.00226390686
14060,14079,17272,19,3193,2,7200,1.00595051676
14081,14198,17399,117,3201,2,7200,1.03655107779
14193,14206,17316,13,3110,2,7200,1.00418006431
14204,14218,15550,14,1332,2,7200,1.01051051051
14215,14229,16555,14,2326,2,7200,1.0060189166
14225,14260,17068,35,2808,2,7200,1.01246438746
14256,14268,16367,12,2099,2,7200,1.0057170081
14267,14279,17404,12,3125,2,7200,1.00384
14278,14296,16799,18,2503,2,7200,1.00719137036
14298,14333,17117,35,2784,2,7200,1.01257183908
14329,14340,17266,11,2926,2,7200,1.0037593985
14340,14383,16257,43,1874,2,7200,1.02294557097
14381,14460,16524,79,2064,2,7200,1.0382751938
14463,14544,17732,81,3188,2,7200,1.02540777917
14545,14577,17739,32,3162,2,7200,1.0101201771
14576,14627,17760,51,3133,2,7200,1.01627832748
14628,14703,16271,75,1568,2,7200,1.04783163265
14700,14815,17876,115,3061,2,7200,1.03756942176
14812,14880,16650,68,1770,2,7200,1.0384180791
14830,14837,14930,7,93,1,3600,1.0752688172
14884,15013,16949,129,1936,2,7200,1.0666322314
15017,15039,18152,22,3113,2,7200,1.00706713781
15038,15104,18275,66,3171,2,7200,1.02081362346
15046,15053,15331,7,278,1,3600,1.02517985612
15099,15164,18359,65,3195,2,7200,1.02034428795
15161,15215,18397,54,3182,2,7200,1.01697045883
15212,15274,18445,62,3171,2,7200,1.01955219174
15274,15320,17851,46,2531,2,7200,1.01817463453
15315,15327,18505,12,3178,2,7200,1.00377595972
15326,15364,18507,38,3143,2,7200,1.01209035953
15368,15477,16966,109,1489,2,7200,1.07320349228
15480,15489,17214,9,1725,2,7200,1.0052173913
15491,15527,17279,36,1752,2,7200,1.02054794521
15532,15562,16860,30,1298,2,7200,1.02311248074
15563,15686,18703,123,3017,2,7200,1.0407689758
15605,15612,16134,7,522,1,3600,1.01340996169
15687,15693,18249,6,2556,2,7200,1.00234741784
15697,15847,19027,150,3180,2,7200,1.04716981132
15852,15911,19102,59,3191,2,7200,1.01848950172
15914,16052,17811,138,1759,2,7200,1.07845366686
15995,16144,16226,149,82,1,1800,2.81707317073
16047,16058,19224,11,3166,2,7200,1.00347441567
16058,16101,19246,43,3145,2,7200,1.01367249603
16099,16119,18892,20,2773,2,7200,1.00721240534
16120,16187,18206,67,2019,2,7200,1.03318474492
16192,16226,17647,34,1421,2,7200,1.0239268121
16223,16269,17802,46,1533,2,7200,1.03000652316
16264,16283,19460,19,3177,2,7200,1.00598048473
16285,16297,18437,12,2140,2,7200,1.00560747664
16296,16360,19507,64,3147,2,7200,1.02033682873
16358,16379,17844,21,1465,2,7200,1.01433447099
16378,16440,19038,62,2598,2,7200,1.02386451116
16440,16535,19212,95,2677,2,7200,1.03548748599
16463,16469,16560,6,91,1,1800,1.06593406593
16532,16547,19747,15,3200,2,7200,1.0046875
16543,16566,19760,23,3194,2,7200,1.00720100188
16564,16661,19824,97,3163,2,7200,1.03066708821
16666,16672,19689,6,3017,2,7200,1.00198873053
16677,16683,18719,6,2036,2,7200,1.00294695481
16687,16810,19671,123,2861,2,7200,1.04299196085
16810,16871,20037,61,3166,2,7200,1.01926721415
16872,16960,19797,88,2837,2,7200,1.03101868171
16964,16978,20024,14,3046,2,7200,1.00459619173
16975,17009,20205,34,3196,2,7200,1.01063829787
17006,17079,20262,73,3183,2,7200,1.02293433867
17040,17046,17409,6,363,1,1800,1.01652892562
17078,17129,20347,51,3218,2,7200,1.01584835301
17129,17146,20337,17,3191,2,7200,1.00532748355
17150,17160,20325,10,3165,2,7200,1.00315955766
17161,17226,20368,65,3142,2,7200,1.02068746022
17222,17277,18757,55,1480,2,7200,1.03716216216
17274,17285,19792,11,2507,2,7200,1.0043877144
17284,17292,19599,8,2307,2,7200,1.00346770698
17295,17328,20165,33,2837,2,7200,1.01163200564
17326,17410,20590,84,3180,2,7200,1.02641509434
17408,17416,20612,8,3196,2,7200,1.00250312891
17419,17658,20838,239,3180,2,7200,1.0751572327
17654,17743,20929,89,3186,2,7200,1.02793471438
17747,17753,20902,6,3149,2,7200,1.00190536678
17757,17771,20896,14,3125,2,7200,1.00448
17768,17814,20582,46,2768,2,7200,1.01661849711
17809,17824,20523,15,2699,2,7200,1.00555761393
17820,17855,20078,35,2223,2,7200,1.01574448943
17851,17863,21031,12,3168,2,7200,1.00378787879
17862,17889,21082,27,3193,2,7200,1.00845599749
17893,18165,20294,272,2129,2,7200,1.12775951151
18169,18222,21397,53,3175,2,7200,1.01669291339
18209,18215,18254,6,39,1,1800,1.15384615385
18221,18260,21420,39,3160,2,7200,1.01234177215
18262,18287,21427,25,3140,2,7200,1.00796178344
18287,18370,21555,83,3185,2,7200,1.02605965463
18371,18409,21598,38,3189,2,7200,1.01191596112
18412,18449,21638,37,3189,2,7200,1.01160238319
18453,18459,21652,6,3193,2,7200,1.00187911055
18464,18516,21680,52,3164,2,7200,1.01643489254
18489,18495,18567,6,72,1,1800,1.08333333333
18515,18522,21692,7,3170,2,7200,1.00220820189
18526,18714,21899,188,3185,2,7200,1.0590266876
18710,18730,21923,20,3193,2,7200,1.00626370185
18731,18768,21933,37,3165,2,7200,1.01169036335
18773,18905,22029,132,3124,2,7200,1.04225352113
18906,19038,22145,132,3107,2,7200,1.04248471194
19039,19049,22091,10,3042,2,7200,1.00328731098
19050,19113,22305,63,3192,2,7200,1.01973684211
19111,19223,22388,112,3165,2,7200,1.03538704581
19186,19192,19436,6,244,1,1800,1.02459016393
19224,19235,22444,11,3209,2,7200,1.00342785915
19235,19258,22389,23,3131,2,7200,1.00734589588
19255,19472,22545,217,3073,2,7200,1.07061503417
19471,19518,22679,47,3161,2,7200,1.01486871243
19522,19611,22770,89,3159,2,7200,1.02817347262
19614,19682,22809,68,3127,2,7200,1.02174608251
19686,19700,22796,14,3096,2,7200,1.00452196382
19697,19759,22834,62,3075,2,7200,1.02016260163
19758,19772,22831,14,3059,2,7200,1.00457665904
19769,19803,22818,34,3015,2,7200,1.01127694859
19800,19810,22793,10,2983,2,7200,1.00335232987
19811,19836,22995,25,3159,2,7200,1.0079138968
19831,20036,23201,205,3165,2,7200,1.06477093207
19930,19937,20016,7,79,1,1800,1.08860759494
20036,20049,23148,13,3099,2,7200,1.00419490158
20047,20089,23201,42,3112,2,7200,1.01349614396
20088,20176,23195,88,3019,2,7200,1.02914872474
20180,20217,23243,37,3026,2,7200,1.01222736286
20222,20275,23120,53,2845,2,7200,1.01862917399
20258,20264,20354,6,90,1,1800,1.06666666667
20273,20307,23438,34,3131,2,7200,1.01085915043
20304,20336,23469,32,3133,2,7200,1.01021385254
20335,20348,23460,13,3112,2,7200,1.00417737789
20346,20359,23365,13,3006,2,7200,1.00432468397
20357,20380,23435,23,3055,2,7200,1.00752864157
20377,20534,23571,157,3037,2,7200,1.05169575239
20531,20594,23722,63,3128,2,7200,1.02014066496
20593,20601,23734,8,3133,2,7200,1.00255346313
20604,20623,23779,19,3156,2,7200,1.00602027883
20625,20850,23961,225,3111,2,7200,1.07232401157
20850,20908,23950,58,3042,2,7200,1.01906640368
20865,20871,21231,6,360,1,1800,1.01666666667
20911,20919,24088,8,3169,2,7200,1.00252445566
20922,20940,24124,18,3184,2,7200,1.00565326633
20943,21042,24180,99,3138,2,7200,1.03154875717
21045,21095,24189,50,3094,2,7200,1.01616031028
21097,21408,24543,311,3135,2,7200,1.09920255183
21414,21431,24597,17,3166,2,7200,1.00536955148
21435,21441,24636,6,3195,2,7200,1.00187793427
21446,21567,24735,121,3168,2,7200,1.03819444444
21569,21610,24779,41,3169,2,7200,1.01293783528
21610,21650,24804,40,3154,2,7200,1.01268230818
21651,21664,23141,13,1477,2,7200,1.00880162492
21662,21692,24824,30,3132,2,7200,1.00957854406
21693,21705,24851,12,3146,2,7200,1.00381436745
21704,21912,25049,208,3137,2,7200,1.06630538731
21909,21934,25067,25,3133,2,7200,1.00797957229
21930,21944,25103,14,3159,2,7200,1.00443178221
21940,22041,25138,101,3097,2,7200,1.03261220536
22043,22103,25295,60,3192,2,7200,1.01879699248
22104,22157,25342,53,3185,2,7200,1.01664050235
22156,22316,25512,160,3196,2,7200,1.05006257822
22320,22400,25593,80,3193,2,7200,1.02505480739
22387,22393,22433,6,40,1,1800,1.15
22402,22408,25603,6,3195,2,7200,1.00187793427
22413,22456,25595,43,3139,2,7200,1.01369863014
22454,22557,25737,103,3180,2,7200,1.03238993711
22557,22693,24161,136,1468,2,7200,1.09264305177
22679,22686,22756,7,70,1,1800,1.1
22691,22781,25926,90,3145,2,7200,1.02861685215
22783,22806,25988,23,3182,2,7200,1.00722815839
22804,22812,25948,8,3136,2,7200,1.00255102041
22814,22820,25947,6,3127,2,7200,1.00191877199
22825,22832,25954,7,3122,2,7200,1.00224215247
22835,22841,25212,6,2371,2,7200,1.00253057782
22846,23007,26128,161,3121,2,7200,1.05158603012
23010,23133,26277,123,3144,2,7200,1.0391221374
23133,23152,26008,19,2856,2,7200,1.00665266106
23154,23160,26359,6,3199,2,7200,1.00187558612
23165,23208,26401,43,3193,2,7200,1.01346695897
23206,23215,26427,9,3212,2,7200,1.00280199253
23216,23223,26418,7,3195,2,7200,1.00219092332
23227,23255,26402,28,3147,2,7200,1.00889736257
23258,23447,26566,189,3119,2,7200,1.06059634498
23387,23393,23646,6,253,1,1800,1.02371541502
23443,23472,26588,29,3116,2,7200,1.00930680359
23474,23480,26574,6,3094,2,7200,1.00193923723
23485,23583,26774,98,3191,2,7200,1.03071137574
23587,23734,26921,147,3187,2,7200,1.04612488233
23730,23746,26863,16,3117,2,7200,1.00513314084
23741,23791,25074,50,1283,2,7200,1.03897116134
23792,23972,27097,180,3125,2,7200,1.0576
23977,24101,26954,124,2853,2,7200,1.04346302138
24100,24135,27331,35,3196,2,7200,1.01095118899
24131,24173,27362,42,3189,2,7200,1.01317027281
24172,24192,27382,20,3190,2,7200,1.00626959248
24193,24200,27335,7,3135,2,7200,1.00223285486
24204,24554,27680,350,3126,2,7200,1.11196417147
24552,24648,27840,96,3192,2,7200,1.03007518797
24644,24815,28022,171,3207,2,7200,1.05332086062
24819,24836,28029,17,3193,2,7200,1.00532414657
24840,24863,27655,23,2792,2,7200,1.00823782235
24861,25060,28157,199,3097,2,7200,1.06425573135
25066,25086,28267,20,3181,2,7200,1.00628733103
25086,25115,28302,29,3187,2,7200,1.00909946658
25117,25149,28346,32,3197,2,7200,1.0100093838
25148,25224,28435,76,3211,2,7200,1.02366863905
25220,25523,28710,303,3187,2,7200,1.09507373706
25517,25604,28795,87,3191,2,7200,1.02726418051
25600,25619,28815,19,3196,2,7200,1.00594493116
25600,25612,28809,12,3197,2,7200,1.00375351892
25611,25749,28938,138,3189,2,7200,1.04327375353
25744,25938,29072,194,3134,2,7200,1.06190172304
25928,25959,27633,31,1674,2,7200,1.01851851852
25949,25964,29093,15,3129,2,7200,1.00479386385
25960,25970,29062,10,3092,2,7200,1.00323415265
25960,25999,29108,39,3109,2,7200,1.01254422644
25991,26020,29110,29,3090,2,7200,1.00938511327
26012,26140,27431,128,1291,2,7200,1.09914794733
26135,26288,29477,153,3189,2,7200,1.04797742239
26278,26370,29564,92,3194,2,7200,1.02880400751
26360,26413,29612,53,3199,2,7200,1.0165676774
26412,26429,29618,17,3189,2,7200,1.00533082471
26412,26419,29619,7,3200,2,7200,1.0021875
26423,26439,29637,16,3198,2,7200,1.00500312695
26433,26577,29761,144,3184,2,7200,1.04522613065
26567,26585,29726,18,3141,2,7200,1.00573065903
26577,26600,29703,23,3103,2,7200,1.00741218176
26598,26785,29937,187,3152,2,7200,1.05932741117
26783,26875,29942,92,3067,2,7200,1.02999673948
26865,26932,30101,67,3169,2,7200,1.02114231619
26926,26967,30150,41,3183,2,7200,1.01288092994
26957,27109,30369,152,3260,2,7200,1.04662576687
27101,27343,30523,242,3180,2,7200,1.07610062893
27337,27350,30525,13,3175,2,7200,1.00409448819
27347,27373,30530,26,3157,2,7200,1.00823566677
27368,27393,30537,25,3144,2,7200,1.00795165394
27389,27442,30581,53,3139,2,7200,1.01688435808
27441,27645,30756,204,3111,2,7200,1.06557377049
27578,27584,27595,6,11,1,600,1.54545454545
27635,27667,30800,32,3133,2,7200,1.01021385254
27656,27693,30840,37,3147,2,7200,1.01175722911
27687,27851,30976,164,3125,2,7200,1.05248
27841,28034,31135,193,3101,2,7200,1.06223798775
28026,28041,31116,15,3075,2,7200,1.00487804878
28036,28170,31255,134,3085,2,7200,1.04343598055
28159,28278,31464,119,3186,2,7200,1.03735091023
28272,28313,31522,41,3209,2,7200,1.01277656591
28303,28357,31560,54,3203,2,7200,1.01685919451
28354,28447,31631,93,3184,2,7200,1.02920854271
28437,28721,31881,284,3160,2,7200,1.08987341772
28463,133753,155396,105290,21643,12,21600,5.86485237721
28713,28806,31933,93,3127,2,7200,1.02974096578
28719,128311,171553,99592,43242,1,43200,3.30313121502
28806,28821,31963,15,3142,2,7200,1.00477402928
28816,28828,31962,12,3134,2,7200,1.00382897256
28817,28950,32058,133,3108,2,7200,1.04279279279
28940,29074,32245,134,3171,2,7200,1.04225796279
29063,29084,32205,21,3121,2,7200,1.00672861262
29073,29104,32248,31,3144,2,7200,1.00986005089
29094,29119,32255,25,3136,2,7200,1.00797193878
29115,29488,32599,373,3111,2,7200,1.11989713918
29115,29125,32232,10,3107,2,7200,1.00321853878
29485,29575,32722,90,3147,2,7200,1.0285986654
29567,29623,32125,56,2502,2,7200,1.02238209432
29618,29631,32763,13,3132,2,7200,1.00415070243
29619,29636,31705,17,2069,2,7200,1.00821652972
29629,29649,32354,20,2705,2,7200,1.00739371534
29640,29715,32667,75,2952,2,7200,1.02540650407
29712,29739,32224,27,2485,2,7200,1.01086519115
29733,29772,32963,39,3191,2,7200,1.01222187402
29764,29987,31744,223,1757,2,7200,1.12692088788
29938,29992,33190,54,3198,2,7200,1.01688555347
29989,30113,32581,124,2468,2,7200,1.05024311183
30102,30162,33248,60,3086,2,7200,1.0194426442
30154,30380,33606,226,3226,2,7200,1.07005579665
30379,30536,32126,157,1590,2,7200,1.09874213836
30533,30548,32774,15,2226,2,7200,1.00673854447
30533,30543,33077,10,2534,2,7200,1.00394632991
30544,30555,33747,11,3192,2,7200,1.00344611529
30544,30593,33803,49,3210,2,7200,1.01526479751
30585,30768,33912,183,3144,2,7200,1.05820610687
30760,30812,32468,52,1656,2,7200,1.03140096618
30801,30851,34020,50,3169,2,7200,1.0157778479
30842,30989,33963,147,2974,2,7200,1.04942837929
30986,31128,34281,142,3153,2,7200,1.0450364732
31119,31146,34327,27,3181,2,7200,1.00848789689
31139,31267,33382,128,2115,2,7200,1.06052009456
31262,31476,33281,214,1805,2,7200,1.11855955679
31467,31534,34657,67,3123,2,7200,1.02145373039
31529,31572,33952,43,2380,2,7200,1.01806722689
31560,31643,32965,83,1322,2,7200,1.06278366112
31632,31718,34902,86,3184,2,7200,1.02701005025
31714,31755,34748,41,2993,2,7200,1.01369863014
31745,31893,34522,148,2629,2,7200,1.05629516927
31888,31945,34442,57,2497,2,7200,1.02282739287
31940,31973,34200,33,2227,2,7200,1.014818141
31971,31981,33633,10,1652,2,7200,1.00605326877
31971,32070,35268,99,3198,2,7200,1.03095684803
32064,32137,34113,73,1976,2,7200,1.03694331984
32125,32143,35198,18,3055,2,7200,1.00589198036
32136,32216,35289,80,3073,2,7200,1.02603319232
32208,32235,33821,27,1586,2,7200,1.01702395965
32229,32244,35334,15,3090,2,7200,1.00485436893
32240,32257,35445,17,3188,2,7200,1.00533249686
32250,32264,35410,14,3146,2,7200,1.00445009536
32261,32366,34644,105,2278,2,7200,1.04609306409
32261,32271,34035,10,1764,2,7200,1.00566893424
32364,32480,35252,116,2772,2,7200,1.04184704185
32477,32592,34352,115,1760,2,7200,1.06534090909
32589,32611,34164,22,1553,2,7200,1.01416613007
32600,32679,35861,79,3182,2,7200,1.02482715273
32672,32733,35326,61,2593,2,7200,1.02352487466
32724,32775,35300,51,2525,2,7200,1.0201980198
32765,32786,35982,21,3196,2,7200,1.00657071339
32776,32974,36171,198,3197,2,7200,1.06193306225
32970,32980,36181,10,3201,2,7200,1.00312402374
32971,33089,35933,118,2844,2,7200,1.04149085795
33083,33201,35239,118,2038,2,7200,1.05789990186
33196,33260,36279,64,3019,2,7200,1.02119907254
33258,33293,34720,35,1427,2,7200,1.02452697968
33289,33394,36584,105,3190,2,7200,1.0329153605
33389,86568,93794,53179,7226,3,7200,8.3593966233
33392,33618,36804,226,3186,2,7200,1.07093534212
33607,33644,35142,37,1498,2,7200,1.02469959947
33638,33759,36858,121,3099,2,7200,1.03904485318
33709,193808,217223,160099,23415,16,273600,7.8374546231
33751,33814,36996,63,3182,2,7200,1.01979886864
33812,33833,37007,21,3174,2,7200,1.00661625709
33823,33924,37112,101,3188,2,7200,1.03168130489
33916,33964,37137,48,3173,2,7200,1.01512763946
33957,33974,37161,17,3187,2,7200,1.00533417007
33968,34032,36668,64,2636,2,7200,1.02427921093
34029,34046,36547,17,2501,2,7200,1.00679728109
34040,34125,36148,85,2023,2,7200,1.04201680672
34122,34175,36540,53,2365,2,7200,1.02241014799
34173,34211,37405,38,3194,2,7200,1.01189730745
34205,34293,37458,88,3165,2,7200,1.02780410742
34287,34339,36133,52,1794,2,7200,1.02898550725
34328,34363,37525,35,3162,2,7200,1.01106894371
34359,34454,36010,95,1556,2,7200,1.06105398458
34451,34534,37172,83,2638,2,7200,1.03146322972
34523,34657,37184,134,2527,2,7200,1.0530273051
34646,34669,37423,23,2754,2,7200,1.00835148874
34667,34733,36998,66,2265,2,7200,1.02913907285
34728,34760,37688,32,2928,2,7200,1.01092896175
34749,34914,36321,165,1407,2,7200,1.11727078891
34913,35154,36423,241,1269,2,7200,1.18991331757
35149,35209,38351,60,3142,2,7200,1.01909611712
35200,35250,36740,50,1490,2,7200,1.03355704698
35241,35264,37985,23,2721,2,7200,1.00845277472
35262,35279,37730,17,2451,2,7200,1.00693594451
35273,35301,37286,28,1985,2,7200,1.01410579345
35294,35311,37795,17,2484,2,7200,1.00684380032
35304,35338,36759,34,1421,2,7200,1.0239268121
35336,35422,37011,86,1589,2,7200,1.05412208936
35336,35347,37014,11,1667,2,7200,1.00659868026
35418,35456,38385,38,2929,2,7200,1.01297371116
35449,35872,37735,423,1863,2,7200,1.2270531401
35868,35944,38668,76,2724,2,7200,1.02790014684
35940,35993,37790,53,1797,2,7200,1.02949360045
35992,36023,39133,31,3110,2,7200,1.00996784566
36013,36145,37569,132,1424,2,7200,1.09269662921
36136,36160,37478,24,1318,2,7200,1.01820940819
36156,36183,38234,27,2051,2,7200,1.01316431009
36177,36193,38244,16,2051,2,7200,1.00780107265
36188,36291,39090,103,2799,2,7200,1.03679885673
36280,36333,39449,53,3116,2,7200,1.01700898588
36321,36435,37798,114,1363,2,7200,1.08363903155
36424,36552,37954,128,1402,2,7200,1.09129814551
36547,36558,39674,11,3116,2,7200,1.00353016688
36557,36595,39222,38,2627,2,7200,1.01446516939
36588,36680,38008,92,1328,2,7200,1.06927710843
36670,36751,39862,81,3111,2,7200,1.02603664417
36742,36770,39921,28,3151,2,7200,1.00888606791
36763,36817,38187,54,1370,2,7200,1.03941605839
36815,36869,39004,54,2135,2,7200,1.02529274005
36866,37008,39739,142,2731,2,7200,1.05199560601
37003,37014,40205,11,3191,2,7200,1.00344719524
37003,37021,39883,18,2862,2,7200,1.00628930818
37014,37029,39953,15,2924,2,7200,1.00512995896
37024,37035,40239,11,3204,2,7200,1.00343320849
37025,37123,40338,98,3215,2,7200,1.03048211509
37117,37148,40338,31,3190,2,7200,1.00971786834
37138,37173,40343,35,3170,2,7200,1.01104100946
37169,37184,40365,15,3181,2,7200,1.00471549827
37180,37196,40391,16,3195,2,7200,1.00500782473
37190,37298,40472,108,3174,2,7200,1.03402646503
37293,37416,40595,123,3179,2,7200,1.03869141239
37405,37434,40619,29,3185,2,7200,1.00910518053
37426,37471,40656,45,3185,2,7200,1.01412872841
37467,93033,94101,55566,1068,1,3600,53.0280898876
37467,37490,40680,23,3190,2,7200,1.00721003135
37488,37537,40724,49,3187,2,7200,1.01537496078
37513,93812,94884,56299,1072,1,3600,53.5177238806
37529,37581,40754,52,3173,2,7200,1.01638827608
37555,94112,95182,56557,1070,1,3600,53.8570093458
37571,37699,40907,128,3208,2,7200,1.03990024938
37596,94896,95966,57300,1070,1,3600,54.5514018692
37640,95193,96268,57553,1075,1,3600,54.5376744186
37665,96117,97193,58452,1076,1,3600,55.3234200743
37688,96597,97668,58909,1071,1,3600,56.0037348273
37693,37741,40924,48,3183,2,7200,1.0150801131
37711,97680,98759,59969,1079,1,3600,56.578313253
37733,97847,98920,60114,1073,1,3600,57.0242311277
37735,37748,40919,13,3171,2,7200,1.00409965311
37745,37801,40981,56,3180,2,7200,1.01761006289
37761,98892,99968,61131,1076,1,3600,57.813197026
37797,37815,40985,18,3170,2,7200,1.00567823344
37797,37809,40987,12,3178,2,7200,1.00377595972
37808,37966,41155,158,3189,2,7200,1.04954531201
37893,92950,92953,55057,3,1,18000,5506.0
37962,37996,41108,34,3112,2,7200,1.01092544987
37993,38020,41195,27,3175,2,7200,1.00850393701
38014,38199,41387,185,3188,2,7200,1.05803011292
38188,38245,41438,57,3193,2,7200,1.01785155027
38239,38255,41457,16,3202,2,7200,1.00499687695
38250,38362,41550,112,3188,2,7200,1.03513174404
38352,38398,41570,46,3172,2,7200,1.01450189155
38393,38681,41889,288,3208,2,7200,1.0897755611
38670,39017,42161,347,3144,2,7200,1.11036895674
39008,39102,42318,94,3216,2,7200,1.02922885572
39100,39144,42331,44,3187,2,7200,1.01380608723
39141,39234,42423,93,3189,2,7200,1.02916274694
39223,39460,42656,237,3196,2,7200,1.07415519399
39459,39686,42871,227,3185,2,7200,1.07127158556
39684,39751,42928,67,3177,2,7200,1.02108907775
39745,39874,43041,129,3167,2,7200,1.04073255447
39868,39895,43036,27,3141,2,7200,1.00859598854
39889,39932,43064,43,3132,2,7200,1.01372924649
39930,39965,43068,35,3103,2,7200,1.01127940703
39961,40216,43408,255,3192,2,7200,1.07988721805
40207,40251,43439,44,3188,2,7200,1.01380175659
40248,40350,43535,102,3185,2,7200,1.03202511774
40340,40355,43524,15,3169,2,7200,1.00473335437
40351,40377,43540,26,3163,2,7200,1.00822004426
40351,40362,43539,11,3177,2,7200,1.0034623859
40372,40402,43606,30,3204,2,7200,1.00936329588
40393,40483,43658,90,3175,2,7200,1.02834645669
40475,40608,43753,133,3145,2,7200,1.04228934817
40598,40630,43745,32,3115,2,7200,1.01027287319
40629,40668,43764,39,3096,2,7200,1.01259689922
40660,40693,43776,33,3083,2,7200,1.01070385988
40681,40735,43899,54,3164,2,7200,1.01706700379
40732,40766,43927,34,3161,2,7200,1.01075608984
40763,40918,44063,155,3145,2,7200,1.0492845787
40917,40930,44000,13,3070,2,7200,1.00423452769
40928,40938,44133,10,3195,2,7200,1.00312989045
40928,40992,44211,64,3219,2,7200,1.01988195092
40990,40999,44177,9,3178,2,7200,1.00283196979
40990,41004,44205,14,3201,2,7200,1.00437363324
41001,41120,44300,119,3180,2,7200,1.03742138365
41114,41167,44319,53,3152,2,7200,1.01681472081
41165,41207,44351,42,3144,2,7200,1.01335877863
41196,41399,44552,203,3153,2,7200,1.06438312718
41391,41449,44613,58,3164,2,7200,1.0183312263
41443,41469,44574,26,3105,2,7200,1.00837359098
41464,41562,44672,98,3110,2,7200,1.03151125402
41556,41582,44676,26,3094,2,7200,1.00840336134
41577,41900,44705,323,2805,2,7200,1.11515151515
41894,42172,45354,278,3182,2,7200,1.0873664362
42171,42330,45470,159,3140,2,7200,1.05063694268
42325,42343,45502,18,3159,2,7200,1.0056980057
42336,42434,45571,98,3137,2,7200,1.03124003825
42428,42668,45836,240,3168,2,7200,1.07575757576
42664,42883,46080,219,3197,2,7200,1.06850172036
42879,42940,46138,61,3198,2,7200,1.01907442151
42930,43047,46226,117,3179,2,7200,1.03680402642
43043,43076,46215,33,3139,2,7200,1.0105129022
43043,43055,46250,12,3195,2,7200,1.00375586854
43064,43083,46214,19,3131,2,7200,1.00606834877
43075,43420,46540,345,3120,2,7200,1.11057692308
43413,43450,45061,37,1611,2,7200,1.02296710118
43444,43537,45291,93,1754,2,7200,1.05302166477
43526,43547,46752,21,3205,2,7200,1.00655226209
43536,43553,46731,17,3178,2,7200,1.00534927627
43547,43558,46747,11,3189,2,7200,1.00344935717
43557,43618,46777,61,3159,2,7200,1.0193099082
43609,43669,45691,60,2022,2,7200,1.0296735905
43660,43758,46954,98,3196,2,7200,1.03066332916
43752,43764,45322,12,1558,2,7200,1.00770218228
43763,43775,46981,12,3206,2,7200,1.00374298191
43774,43788,46963,14,3175,2,7200,1.00440944882
43785,43910,47088,125,3178,2,7200,1.03933291378
43908,43938,47110,30,3172,2,7200,1.00945775536
43929,44011,47192,82,3181,2,7200,1.02577805721
44011,44075,47281,64,3206,2,7200,1.01996257018
44072,44146,47316,74,3170,2,7200,1.02334384858
44134,44188,45785,54,1597,2,7200,1.03381340013
44185,44218,45902,33,1684,2,7200,1.01959619952
44206,44225,47418,19,3193,2,7200,1.00595051676
44217,44311,47508,94,3197,2,7200,1.0294025649
44309,44331,47493,22,3162,2,7200,1.00695762176
44320,44362,47557,42,3195,2,7200,1.01314553991
44361,44564,47741,203,3177,2,7200,1.06389675795
44555,44586,47770,31,3184,2,7200,1.0097361809
44576,44626,47842,50,3216,2,7200,1.01554726368
44617,44683,47796,66,3113,2,7200,1.02120141343
44679,44691,47802,12,3111,2,7200,1.00385728062
44679,44716,47903,37,3187,2,7200,1.01160966426
44710,45072,48266,362,3194,2,7200,1.11333750783
45068,45303,48480,235,3177,2,7200,1.07396915329
45293,45333,48533,40,3200,2,7200,1.0125
45324,45366,48538,42,3172,2,7200,1.0132408575
45355,45482,48671,127,3189,2,7200,1.03982439636
45478,45514,48648,36,3134,2,7200,1.01148691768
45509,45583,48694,74,3111,2,7200,1.02378656381
45581,45702,48900,121,3198,2,7200,1.03783614759
45694,45797,48997,103,3200,2,7200,1.0321875
45786,45848,49047,62,3199,2,7200,1.01938105658
45837,45914,49089,77,3175,2,7200,1.0242519685
45909,46091,48957,182,2866,2,7200,1.06350314027
46083,46150,47475,67,1325,2,7200,1.05056603774
46145,46226,49393,81,3167,2,7200,1.02557625513
46216,46233,49428,17,3195,2,7200,1.00532081377
46227,46240,49398,13,3158,2,7200,1.00411652945
46238,46261,49420,23,3159,2,7200,1.00728078506
46259,46552,49721,293,3169,2,7200,1.0924581887
46545,46743,49942,198,3199,2,7200,1.06189434198
46740,46758,49938,18,3180,2,7200,1.00566037736
46750,46766,49629,16,2863,2,7200,1.00558854349
46761,46788,49970,27,3182,2,7200,1.00848522942
46782,46965,50157,183,3192,2,7200,1.05733082707
46956,46975,50137,19,3162,2,7200,1.00600885515
46966,46993,50161,27,3168,2,7200,1.00852272727
46987,47100,50259,113,3159,2,7200,1.03577081355
47090,47122,50292,32,3170,2,7200,1.01009463722
47110,47204,50379,94,3175,2,7200,1.02960629921
47192,47292,50480,100,3188,2,7200,1.03136762861
47285,47327,50472,42,3145,2,7200,1.013354531
47326,47430,50583,104,3153,2,7200,1.03298445925
47428,47486,50654,58,3168,2,7200,1.01830808081
47480,47504,50052,24,2548,2,7200,1.00941915228
47501,47521,50668,20,3147,2,7200,1.00635525898
47511,47569,50701,58,3132,2,7200,1.01851851852
47563,47752,50910,189,3158,2,7200,1.05984800507
47747,47781,50754,34,2973,2,7200,1.01143625967
47778,47808,49351,30,1543,2,7200,1.0194426442
47799,47814,50967,15,3153,2,7200,1.00475737393
47810,47854,51012,44,3158,2,7200,1.0139328689
47851,47916,51081,65,3165,2,7200,1.0205371248
47912,48279,51430,367,3151,2,7200,1.1164709616
48270,48497,51640,227,3143,2,7200,1.07222398982
48485,48544,51690,59,3146,2,7200,1.0187539733
48537,48551,51724,14,3173,2,7200,1.00441222818
48547,48660,50345,113,1685,2,7200,1.06706231454
48650,48683,51798,33,3115,2,7200,1.01059390048
48681,48706,51839,25,3133,2,7200,1.00797957229
48702,48912,52052,210,3140,2,7200,1.06687898089
48907,48969,52098,62,3129,2,7200,1.01981463726
48958,49009,52142,51,3133,2,7200,1.01627832748
48999,49059,52171,60,3112,2,7200,1.01928020566
49051,49101,52207,50,3106,2,7200,1.01609787508
49092,49363,52484,271,3121,2,7200,1.08683114386
49359,49405,52615,46,3210,2,7200,1.01433021807
49400,49413,52572,13,3159,2,7200,1.00411522634
49411,49432,52576,21,3144,2,7200,1.00667938931
49421,49441,52554,20,3113,2,7200,1.00642467074
49432,49640,52773,208,3133,2,7200,1.06639004149
49637,49734,52858,97,3124,2,7200,1.03104993598
49729,49950,51397,221,1447,2,7200,1.15272978576
49944,49957,53078,13,3121,2,7200,1.00416533162
49955,49981,53127,26,3146,2,7200,1.00826446281
49975,50063,53193,88,3130,2,7200,1.02811501597
50058,50149,53287,91,3138,2,7200,1.02899936265
50140,50168,53315,28,3147,2,7200,1.00889736257
50160,50175,53306,15,3131,2,7200,1.00479080166
50171,50271,53403,100,3132,2,7200,1.0319284802
50263,50305,53429,42,3124,2,7200,1.01344430218
50294,50356,53464,62,3108,2,7200,1.01994851995
50346,50390,53504,44,3114,2,7200,1.01412973667
50387,50484,53578,97,3094,2,7200,1.03135100194
50479,50492,53600,13,3108,2,7200,1.00418275418
50490,50594,53759,104,3165,2,7200,1.03285939968
50593,50666,53796,73,3130,2,7200,1.02332268371
50654,50680,53803,26,3123,2,7200,1.00832532821
50675,50713,53846,38,3133,2,7200,1.01212894989
50706,50766,53865,60,3099,2,7200,1.01936108422
50758,50923,54050,165,3127,2,7200,1.05276622961
50911,50979,54076,68,3097,2,7200,1.02195673232
50973,51024,54077,51,3053,2,7200,1.01670488045
51014,51092,52880,78,1788,2,7200,1.04362416107
51086,51409,53737,323,2328,2,7200,1.13874570447
51403,51441,53114,38,1673,2,7200,1.02271368799
51434,51652,54654,218,3002,2,7200,1.0726182545
51649,51702,54119,53,2417,2,7200,1.02192800993
51691,51735,54801,44,3066,2,7200,1.01435094586
51733,51811,54862,78,3051,2,7200,1.0255653884
51805,51850,53177,45,1327,2,7200,1.03391107762
51846,52064,53769,218,1705,2,7200,1.12785923754
52061,52110,53844,49,1734,2,7200,1.02825836217
52102,52154,55247,52,3093,2,7200,1.01681215648
52143,52183,54562,40,2379,2,7200,1.01681378731
52174,52219,55334,45,3115,2,7200,1.01444622793
52216,52496,55575,280,3079,2,7200,1.09093861643
52222,187853,188018,135631,165,64,1200,823.006060606
52492,52565,54508,73,1943,2,7200,1.03757076686
52564,52583,54021,19,1438,2,7200,1.01321279555
52575,52590,55752,15,3162,2,7200,1.00474383302
52585,52627,54094,42,1467,2,7200,1.02862985685
52616,52786,54960,170,2174,2,7200,1.07819687213
52780,52870,55895,90,3025,2,7200,1.02975206612
52862,52892,55099,30,2207,2,7200,1.01359311282
52883,53090,54827,207,1737,2,7200,1.11917098446
53088,53126,55110,38,1984,2,7200,1.01915322581
53119,53140,55423,21,2283,2,7200,1.00919842313
53130,53190,54538,60,1348,2,7200,1.04451038576
53181,53204,54976,23,1772,2,7200,1.01297968397
53202,53299,55339,97,2040,2,7200,1.04754901961
53294,53318,55314,24,1996,2,7200,1.0120240481
53315,53327,55584,12,2257,2,7200,1.0053167922
53326,53414,54903,88,1489,2,7200,1.05910006716
53408,53442,54845,34,1403,2,7200,1.02423378475
53439,53476,54887,37,1411,2,7200,1.02622253721
53470,53515,56221,45,2706,2,7200,1.01662971175
53511,53589,54889,78,1300,2,7200,1.06
53583,53612,56702,29,3090,2,7200,1.00938511327
53604,53750,55874,146,2124,2,7200,1.06873822976
53747,53771,56930,24,3159,2,7200,1.00759734093
53768,53780,55322,12,1542,2,7200,1.00778210117
53778,53809,56843,31,3034,2,7200,1.01021753461
53799,53816,55318,17,1502,2,7200,1.01131824234
53810,53857,56159,47,2302,2,7200,1.02041702867
53851,53864,55994,13,2130,2,7200,1.00610328638
53862,53878,56586,16,2708,2,7200,1.0059084195
53872,54032,56737,160,2705,2,7200,1.05914972274
54026,54062,57019,36,2957,2,7200,1.01217450118
54057,54087,56543,30,2456,2,7200,1.01221498371
54078,54095,57223,17,3128,2,7200,1.00543478261
54089,54106,57234,17,3128,2,7200,1.00543478261
54099,54131,56356,32,2225,2,7200,1.01438202247
54120,54520,56721,400,2201,2,7200,1.18173557474
54509,54550,56452,41,1902,2,7200,1.02155625657
54540,54574,57557,34,2983,2,7200,1.01139792156
54571,54665,57712,94,3047,2,7200,1.03085001641
54663,54813,56361,150,1548,2,7200,1.09689922481
54806,54840,57035,34,2195,2,7200,1.01548974943
54838,54857,56202,19,1345,2,7200,1.01412639405
54848,54873,57518,25,2645,2,7200,1.00945179584
54869,54899,56497,30,1598,2,7200,1.01877346683
54890,54906,57688,16,2782,2,7200,1.00575125809
54900,54914,57057,14,2143,2,7200,1.00653289781
54911,54971,56518,60,1547,2,7200,1.03878474467
54963,54988,57602,25,2614,2,7200,1.00956388676
54983,55111,58233,128,3122,2,7200,1.04099935939
55106,55122,57619,16,2497,2,7200,1.00640768923
55117,55259,58370,142,3111,2,7200,1.0456444873
55250,55325,56922,75,1597,2,7200,1.04696305573
55322,55331,56983,9,1652,2,7200,1.00544794189
55322,55337,57557,15,2220,2,7200,1.00675675676
55333,55345,57328,12,1983,2,7200,1.00605143722
55343,55353,57843,10,2490,2,7200,1.00401606426
55344,55435,58556,91,3121,2,7200,1.02915732137
55426,55586,57119,160,1533,2,7200,1.10437051533
55580,55595,57375,15,1780,2,7200,1.00842696629
55591,55764,57020,173,1256,2,7200,1.1377388535
55755,55886,59069,131,3183,2,7200,1.041156142
55878,55907,57774,29,1867,2,7200,1.01553294055
55898,56006,58411,108,2405,2,7200,1.04490644491
56001,56170,57366,169,1196,2,7200,1.14130434783
56165,56215,57452,50,1237,2,7200,1.04042037187
56206,56233,57747,27,1514,2,7200,1.0178335535
56227,56369,57881,142,1512,2,7200,1.09391534392
56360,56375,59564,15,3189,2,7200,1.00470366886
56371,56469,58305,98,1836,2,7200,1.05337690632
56453,56509,59075,56,2566,2,7200,1.02182385035
56504,56530,57758,26,1228,2,7200,1.02117263844
56525,56555,57898,30,1343,2,7200,1.02233804914
56546,56597,58392,51,1795,2,7200,1.02841225627
56587,56713,59060,126,2347,2,7200,1.05368555603
56710,56732,59200,22,2468,2,7200,1.00891410049
56731,56749,59752,18,3003,2,7200,1.00599400599
56741,56855,60019,114,3164,2,7200,1.03603034134
56844,56934,58403,90,1469,2,7200,1.06126616746
56926,56942,60115,16,3173,2,7200,1.00504254649
56936,56994,58254,58,1260,2,7200,1.04603174603
56988,57031,60152,43,3121,2,7200,1.01377763537
57019,57037,59105,18,2068,2,7200,1.0087040619
57030,57047,58458,17,1411,2,7200,1.01204819277
57040,57069,58457,29,1388,2,7200,1.02089337176
57061,57131,58531,70,1400,2,7200,1.05
57123,57234,59280,111,2046,2,7200,1.05425219941
57225,57246,59957,21,2711,2,7200,1.00774621911
57236,57339,59524,103,2185,2,7200,1.0471395881
57328,57377,59194,49,1817,2,7200,1.02696752889
57369,57386,58829,17,1443,2,7200,1.01178101178
57380,57464,59491,84,2027,2,7200,1.04144055254
57462,57529,60723,67,3194,2,7200,1.02097683156
57524,57569,60285,45,2716,2,7200,1.01656848306
57565,57613,60036,48,2423,2,7200,1.0198101527
57565,57575,60736,10,3161,2,7200,1.00316355584
57607,57631,58822,24,1191,2,7200,1.0201511335
57628,57700,59393,72,1693,2,7200,1.0425280567
57689,57724,60546,35,2822,2,7200,1.01240255138
57720,57759,59142,39,1383,2,7200,1.02819956616
57752,57769,59173,17,1404,2,7200,1.01210826211
57762,57785,60136,23,2351,2,7200,1.00978307103
57783,57854,61055,71,3201,2,7200,1.02218056857
57845,57892,61027,47,3135,2,7200,1.01499202552
57886,57909,59967,23,2058,2,7200,1.01117589893
57907,58245,61451,338,3206,2,7200,1.10542732377
58234,58265,61419,31,3154,2,7200,1.00982878884
58255,58317,61458,62,3141,2,7200,1.01973893664
58307,58383,60028,76,1645,2,7200,1.0462006079
58372,193758,193776,135386,18,58,86400,7522.44444444
58380,58404,59781,24,1377,2,7200,1.0174291939
58401,58415,60608,14,2193,2,7200,1.00638394893
58412,58468,59842,56,1374,2,7200,1.04075691412
58412,58422,59983,10,1561,2,7200,1.0064061499
58464,58475,60472,11,1997,2,7200,1.00550826239
58464,58568,60618,104,2050,2,7200,1.05073170732
58536,58573,61239,37,2666,2,7200,1.01387846962
58567,58833,60719,266,1886,2,7200,1.14103923648
58823,58841,62000,18,3159,2,7200,1.0056980057
58834,59072,61126,238,2054,2,7200,1.1158714703
59069,59080,60489,11,1409,2,7200,1.00780695529
59070,59088,60400,18,1312,2,7200,1.0137195122
59080,59116,61509,36,2393,2,7200,1.01504387798
59111,59154,61684,43,2530,2,7200,1.01699604743
59143,59185,61076,42,1891,2,7200,1.02221047065
59174,59205,62378,31,3173,2,7200,1.00976993382
59194,59213,61022,19,1809,2,7200,1.01050304035
59205,59291,62478,86,3187,2,7200,1.02698462504
59287,59404,62115,117,2711,2,7200,1.04315750646
59400,59504,61113,104,1609,2,7200,1.06463642014
59492,59536,60802,44,1266,2,7200,1.03475513428
59533,59576,62005,43,2429,2,7200,1.01770275834
59568,59764,62942,196,3178,2,7200,1.06167400881
59762,59794,62844,32,3050,2,7200,1.01049180328
59783,59854,62807,71,2953,2,7200,1.02404334575
59845,59969,62859,124,2890,2,7200,1.04290657439
59968,59980,62997,12,3017,2,7200,1.00397746105
59968,59994,62937,26,2943,2,7200,1.0088345226
59989,60031,62949,42,2918,2,7200,1.01439342015
60020,60040,63006,20,2966,2,7200,1.00674308833
60031,60047,62414,16,2367,2,7200,1.00675961132
60041,60126,63189,85,3063,2,7200,1.02775057134
60123,60148,63274,25,3126,2,7200,1.00799744082
60144,60163,63286,19,3123,2,7200,1.00608389369
60155,60296,63391,141,3095,2,7200,1.04555735057
60288,60411,63040,123,2629,2,7200,1.04678585013
60401,60484,63595,83,3111,2,7200,1.02667952427
60483,60500,63480,17,2980,2,7200,1.00570469799
60493,60558,63531,65,2973,2,7200,1.02186343761
60555,60619,63770,64,3151,2,7200,1.02031101238
60617,60629,63734,12,3105,2,7200,1.0038647343
60627,60731,63830,104,3099,2,7200,1.03355921265
60720,60737,63717,17,2980,2,7200,1.00570469799
60730,60747,63786,17,3039,2,7200,1.00559394538
60741,60813,62922,72,2109,2,7200,1.03413940256
60813,61034,64185,221,3151,2,7200,1.07013646461
61028,61040,64157,12,3117,2,7200,1.00384985563
61039,61066,64139,27,3073,2,7200,1.00878620241
61060,61088,64279,28,3191,2,7200,1.00877467878
61081,61124,64304,43,3180,2,7200,1.01352201258
61119,92971,93021,31852,50,1,1810,638.04
61122,61138,64312,16,3174,2,7200,1.00504095778
61132,61250,64371,118,3121,2,7200,1.03780839475
61245,61432,64224,187,2792,2,7200,1.06697707736
61430,61463,64443,33,2980,2,7200,1.0110738255
61461,61469,64506,8,3037,2,7200,1.00263417847
61461,61522,64714,61,3192,2,7200,1.01911027569
61513,61695,64864,182,3169,2,7200,1.05743136636
61687,62011,65018,324,3007,2,7200,1.10774858663
62005,62017,65195,12,3178,2,7200,1.00377595972
62015,62127,65259,112,3132,2,7200,1.03575989783
62118,62389,65445,271,3056,2,7200,1.08867801047
62384,62426,65607,42,3181,2,7200,1.01320339516
62415,62490,65640,75,3150,2,7200,1.02380952381
62487,62819,65262,332,2443,2,7200,1.13589848547
62815,62855,65585,40,2730,2,7200,1.01465201465
62846,62871,66039,25,3168,2,7200,1.00789141414
62867,62934,66099,67,3165,2,7200,1.02116903633
62928,62948,66124,20,3176,2,7200,1.00629722922
62939,62954,66111,15,3157,2,7200,1.00475134621
62950,62961,66088,11,3127,2,7200,1.00351774864
62950,63009,66103,59,3094,2,7200,1.01906916613
63001,63017,66050,16,3033,2,7200,1.00527530498
63012,63052,64680,40,1628,2,7200,1.02457002457
63043,63201,66380,158,3179,2,7200,1.04970116389
63197,63285,66488,88,3203,2,7200,1.0274742429
63279,63298,66453,19,3155,2,7200,1.006022187
63290,63403,66505,113,3102,2,7200,1.0364281109
63392,63491,66631,99,3140,2,7200,1.03152866242
63484,63542,66687,58,3145,2,7200,1.01844197138
63536,63607,66777,71,3170,2,7200,1.02239747634
63598,63728,66924,130,3196,2,7200,1.04067584481
63720,63747,66929,27,3182,2,7200,1.00848522942
63741,63782,66984,41,3202,2,7200,1.01280449719
63772,63798,66996,26,3198,2,7200,1.0081300813
63793,63841,67001,48,3160,2,7200,1.01518987342
63834,64150,67258,316,3108,2,7200,1.10167310167
64141,64168,67362,27,3194,2,7200,1.00845335003
64162,64196,67385,34,3189,2,7200,1.01066164942
64193,64235,67426,42,3191,2,7200,1.01316201818
64224,64291,67474,67,3183,2,7200,1.02104932454
64286,64316,67084,30,2768,2,7200,1.01083815029
64307,64324,67317,17,2993,2,7200,1.00567991981
64317,64382,66997,65,2615,2,7200,1.02485659656
64379,64455,66813,76,2358,2,7200,1.03223070399
64451,64519,67669,68,3150,2,7200,1.02158730159
64513,64691,67796,178,3105,2,7200,1.05732689211
64687,64726,67798,39,3072,2,7200,1.0126953125
64718,64875,68076,157,3201,2,7200,1.04904717276
64872,65031,68210,159,3179,2,7200,1.05001572822
65026,65207,68405,181,3198,2,7200,1.05659787367
65201,65270,68449,69,3179,2,7200,1.02170493866
65262,65278,68467,16,3189,2,7200,1.00501724679
65273,65457,68661,184,3204,2,7200,1.05742821473
65447,65597,68769,150,3172,2,7200,1.0472887768
65590,65618,68781,28,3163,2,7200,1.00885235536
65611,65651,68748,40,3097,2,7200,1.0129157249
65642,66050,69133,408,3083,2,7200,1.1323386312
66041,66062,69113,21,3051,2,7200,1.00688298918
66052,66099,69135,47,3036,2,7200,1.01548089592
66093,66110,69290,17,3180,2,7200,1.00534591195
66104,66118,69321,14,3203,2,7200,1.00437090228
66115,66135,69354,20,3219,2,7200,1.00621310966
66115,66124,69316,9,3192,2,7200,1.00281954887
66126,66392,69594,266,3202,2,7200,1.08307307933
66381,66465,69711,84,3246,2,7200,1.0258780037
66453,66501,69700,48,3199,2,7200,1.01500468897
66494,66518,69730,24,3212,2,7200,1.00747198007
66515,66643,69853,128,3210,2,7200,1.03987538941
66638,66698,69902,60,3204,2,7200,1.01872659176
66690,66788,69933,98,3145,2,7200,1.03116057234
66782,66825,69924,43,3099,2,7200,1.01387544369
66823,66936,70020,113,3084,2,7200,1.03664072633
66926,66942,69997,16,3055,2,7200,1.00523731588
66936,66996,70062,60,3066,2,7200,1.01956947162
66988,67007,70064,19,3057,2,7200,1.0062152437
66998,67015,70049,17,3034,2,7200,1.00560316414
67009,67022,70165,13,3143,2,7200,1.00413617563
67019,67097,70287,78,3190,2,7200,1.02445141066
67091,67270,70484,179,3214,2,7200,1.05569383945
67266,67329,70523,63,3194,2,7200,1.01972448341
67327,67373,70619,46,3246,2,7200,1.01417128774
67369,67396,70595,27,3199,2,7200,1.00844013754
67389,67437,70086,48,2649,2,7200,1.0181200453
67431,67485,70672,54,3187,2,7200,1.01694383433
67482,67681,70880,199,3199,2,7200,1.06220693967
67677,67808,70990,131,3182,2,7200,1.04116907605
67800,67816,70917,16,3101,2,7200,1.00515962593
67810,68087,71262,277,3175,2,7200,1.08724409449
68087,68221,69821,134,1600,2,7200,1.08375
68220,68417,71500,197,3083,2,7200,1.06389879987
68415,68461,71515,46,3054,2,7200,1.01506221349
68456,68480,71521,24,3041,2,7200,1.00789214074
68477,68673,71722,196,3049,2,7200,1.0642833716
68672,68760,71927,88,3167,2,7200,1.02778654878
68754,68781,71960,27,3179,2,7200,1.00849323687
68775,68794,71989,19,3195,2,7200,1.00594679186
68785,69125,72312,340,3187,2,7200,1.10668340132
69123,69145,72276,22,3131,2,7200,1.0070265091
69134,69152,72263,18,3111,2,7200,1.00578592093
69144,69301,72424,157,3123,2,7200,1.05027217419
69298,69328,72406,30,3078,2,7200,1.00974658869
69319,69335,72433,16,3098,2,7200,1.00516462234
69329,69366,72422,37,3056,2,7200,1.01210732984
69361,69606,72646,245,3040,2,7200,1.08059210526
69597,69711,72754,114,3043,2,7200,1.0374630299
69710,69723,72884,13,3161,2,7200,1.00411262259
69720,69741,72923,21,3182,2,7200,1.00659962288
69790,69833,72229,43,2396,2,7200,1.01794657763
69831,69865,72956,34,3091,2,7200,1.01099967648
69862,69913,72388,51,2475,2,7200,1.02060606061
69903,69936,72822,33,2886,2,7200,1.01143451143
69934,69945,73125,11,3180,2,7200,1.0034591195
69935,70009,72508,74,2499,2,7200,1.02961184474
70007,70032,71720,25,1688,2,7200,1.01481042654
70027,70062,72287,35,2225,2,7200,1.01573033708
70059,70074,72213,15,2139,2,7200,1.00701262272
70069,70081,72070,12,1989,2,7200,1.0060331825
70070,70097,72667,27,2570,2,7200,1.01050583658
70090,70176,73270,86,3094,2,7200,1.02779573368
70173,70299,71947,126,1648,2,7200,1.07645631068
70296,70495,72178,199,1683,2,7200,1.11824123589
70490,70535,73673,45,3138,2,7200,1.01434034417
70532,70607,73738,75,3131,2,7200,1.0239540083
70604,70631,72712,27,2081,2,7200,1.01297453148
70624,70684,73063,60,2379,2,7200,1.02522068096
70676,70891,72559,215,1668,2,7200,1.12889688249
70881,70929,73028,48,2099,2,7200,1.0228680324
70922,71001,72479,79,1478,2,7200,1.05345060893
70994,71274,74270,280,2996,2,7200,1.09345794393
71270,71511,73915,241,2404,2,7200,1.10024958403
71505,71527,74145,22,2618,2,7200,1.00840336134
71516,71533,73302,17,1769,2,7200,1.00960994912
71526,71731,73370,205,1639,2,7200,1.12507626602
71721,71738,73800,17,2062,2,7200,1.00824442289
71731,71938,74402,207,2464,2,7200,1.08400974026
71936,71959,74278,23,2319,2,7200,1.00991806813
71957,71972,75111,15,3139,2,7200,1.00477859191
71967,72002,74203,35,2201,2,7200,1.01590186279
71999,72083,74906,84,2823,2,7200,1.02975557917
72081,72190,75337,109,3147,2,7200,1.03463616142
72183,72226,75347,43,3121,2,7200,1.01377763537
72214,72241,73602,27,1361,2,7200,1.01983835415
72235,72274,75461,39,3187,2,7200,1.01223721368
72266,72287,75278,21,2991,2,7200,1.00702106319
72276,72299,74810,23,2511,2,7200,1.00915969733
72297,72324,74648,27,2324,2,7200,1.01161790017
72318,72399,73996,81,1597,2,7200,1.05072010019
72390,72417,75101,27,2684,2,7200,1.01005961252
72411,72433,74068,22,1635,2,7200,1.01345565749
72431,72441,73987,10,1546,2,7200,1.0064683053
72432,72447,74879,15,2432,2,7200,1.00616776316
72443,72490,75465,47,2975,2,7200,1.01579831933
72484,72520,75654,36,3134,2,7200,1.01148691768
72515,72571,75555,56,2984,2,7200,1.01876675603
72566,72658,75282,92,2624,2,7200,1.03506097561
72648,72678,75848,30,3170,2,7200,1.0094637224
72669,72724,75915,55,3191,2,7200,1.01723597618
72721,72766,75950,45,3184,2,7200,1.01413316583
72762,72834,76048,72,3214,2,7200,1.02240199129
72824,72896,74396,72,1500,2,7200,1.048
72885,72935,75606,50,2671,2,7200,1.01871958068
72927,72968,75583,41,2615,2,7200,1.01567877629
72958,73040,75030,82,1990,2,7200,1.04120603015
73029,73075,75347,46,2272,2,7200,1.02024647887
73071,73137,74548,66,1411,2,7200,1.04677533664
73132,73282,75730,150,2448,2,7200,1.0612745098
73276,73313,75814,37,2501,2,7200,1.01479408237
73307,73381,76170,74,2789,2,7200,1.02653280746
73379,73615,76635,236,3020,2,7200,1.07814569536
73604,73685,75879,81,2194,2,7200,1.03691886964
73676,73750,76424,74,2674,2,7200,1.02767389678
73748,73811,75177,63,1366,2,7200,1.04612005857
73810,73926,76274,116,2348,2,7200,1.04940374787
73923,73999,76041,76,2042,2,7200,1.03721841332
73995,74007,75921,12,1914,2,7200,1.00626959248
74005,74079,75439,74,1360,2,7200,1.05441176471
74077,74156,75933,79,1777,2,7200,1.04445694992
74149,74215,77294,66,3079,2,7200,1.02143553102
74211,74281,76116,70,1835,2,7200,1.03814713896
74273,74289,75990,16,1701,2,7200,1.00940623163
74283,74407,77589,124,3182,2,7200,1.03896920176
74406,74414,76035,8,1621,2,7200,1.00493522517
74407,74560,77187,153,2627,2,7200,1.05824133993
74550,74660,76573,110,1913,2,7200,1.05750130685
74653,74822,77986,169,3164,2,7200,1.05341340076
74690,193814,265842,119124,72028,4,72000,2.65385683345
74817,74890,77788,73,2898,2,7200,1.02518978606
74889,74917,76510,28,1593,2,7200,1.01757689893
74910,75041,78142,131,3101,2,7200,1.04224443728
75033,75112,76619,79,1507,2,7200,1.05242203052
75105,75126,77413,21,2287,2,7200,1.00918233494
75115,75188,76858,73,1670,2,7200,1.04371257485
75177,75289,76587,112,1298,2,7200,1.08628659476
75279,75296,76731,17,1435,2,7200,1.0118466899
75290,75348,77463,58,2115,2,7200,1.02742316785
75342,75358,77219,16,1861,2,7200,1.00859752821
75352,75364,76735,12,1371,2,7200,1.00875273523
75363,75451,76924,88,1473,2,7200,1.05974202308
75445,75472,78602,27,3130,2,7200,1.00862619808
75466,75480,77181,14,1701,2,7200,1.00823045267
75477,75568,77705,91,2137,2,7200,1.04258306036
75559,75594,78466,35,2872,2,7200,1.01218662953
75590,75617,78802,27,3185,2,7200,1.00847723705
75611,75666,78859,55,3193,2,7200,1.01722518008
75662,75742,78280,80,2538,2,7200,1.03152088258
75734,75826,78939,92,3113,2,7200,1.02955348538
75817,75860,77537,43,1677,2,7200,1.02564102564
75858,75892,77486,34,1594,2,7200,1.02132998745
75889,75926,79078,37,3152,2,7200,1.01173857868
75920,75933,77629,13,1696,2,7200,1.00766509434
75930,75945,78856,15,2911,2,7200,1.00515286843
75941,75961,79144,20,3183,2,7200,1.00628338046
75952,76001,78333,49,2332,2,7200,1.02101200686
75993,76047,78084,54,2037,2,7200,1.0265095729
76044,76054,77528,10,1474,2,7200,1.00678426052
76045,76060,78685,15,2625,2,7200,1.00571428571
76055,76127,78021,72,1894,2,7200,1.03801478353
76117,76183,77936,66,1753,2,7200,1.0376497433
76179,76285,78396,106,2111,2,7200,1.05021316911
76281,76435,79470,154,3035,2,7200,1.05074135091
76425,76521,79134,96,2613,2,7200,1.03673938002
76517,76585,77963,68,1378,2,7200,1.04934687954
76579,76598,78677,19,2079,2,7200,1.00913900914
76590,76631,78281,41,1650,2,7200,1.02484848485
76621,76648,78143,27,1495,2,7200,1.01806020067
76641,76742,78302,101,1560,2,7200,1.06474358974
76734,76750,79410,16,2660,2,7200,1.00601503759
76744,76871,80049,127,3178,2,7200,1.0399622404
76867,76935,79375,68,2440,2,7200,1.02786885246
76929,77192,80018,263,2826,2,7200,1.09306440198
77184,77200,78801,16,1601,2,7200,1.0099937539
77195,77230,79358,35,2128,2,7200,1.01644736842
77226,77306,78969,80,1663,2,7200,1.04810583283
77298,77425,79325,127,1900,2,7200,1.06684210526
77421,77474,79233,53,1759,2,7200,1.03013075611
77473,77497,79603,24,2106,2,7200,1.0113960114
77494,77540,80278,46,2738,2,7200,1.01680058437
77535,77548,80176,13,2628,2,7200,1.00494672755
77545,77601,79849,56,2248,2,7200,1.02491103203
77597,77641,80828,44,3187,2,7200,1.01380608723
77638,77716,80905,78,3189,2,7200,1.02445907808
77710,77800,80535,90,2735,2,7200,1.03290676417
77792,77948,79578,156,1630,2,7200,1.09570552147
77946,77974,81207,28,3233,2,7200,1.00866068667
77967,77997,80604,30,2607,2,7200,1.01150747986
77987,78032,81205,45,3173,2,7200,1.01418216199
78029,78096,80865,67,2769,2,7200,1.02419646082
78090,78154,80542,64,2388,2,7200,1.02680067002
78152,78160,79918,8,1758,2,7200,1.00455062571
78153,78291,80810,138,2519,2,7200,1.0547836443
78286,78299,81454,13,3155,2,7200,1.00412044374
78296,78313,79807,17,1494,2,7200,1.01137884873
78307,78345,81089,38,2744,2,7200,1.0138483965
78338,78408,81370,70,2962,2,7200,1.02363268062
78399,78477,80627,78,2150,2,7200,1.03627906977
78471,78613,81283,142,2670,2,7200,1.0531835206
78604,78690,81385,86,2695,2,7200,1.0319109462
78686,78696,80789,10,2093,2,7200,1.00477783086
78687,78813,80664,126,1851,2,7200,1.0680713128
78810,78820,81978,10,3158,2,7200,1.00316656111
78810,78868,80142,58,1274,2,7200,1.04552590267
78861,78876,80385,15,1509,2,7200,1.00994035785
78872,78950,82061,78,3111,2,7200,1.02507232401
78944,78980,81472,36,2492,2,7200,1.01444622793
78975,79089,81518,114,2429,2,7200,1.0469328942
79088,79145,80368,57,1223,2,7200,1.04660670482
79139,79156,80597,17,1441,2,7200,1.01179736294
79150,79245,81653,95,2408,2,7200,1.03945182724
79242,79336,81705,94,2369,2,7200,1.03967918953
79335,79369,82017,34,2648,2,7200,1.01283987915
79366,79387,81551,21,2164,2,7200,1.00970425139
79376,79423,81027,47,1604,2,7200,1.02930174564
79418,79481,82542,63,3061,2,7200,1.02058150931
79479,79590,81469,111,1879,2,7200,1.05907397552
79582,79616,81273,34,1657,2,7200,1.02051901026
79613,79818,81948,205,2130,2,7200,1.09624413146
79817,79861,81368,44,1507,2,7200,1.02919708029
79859,79930,81255,71,1325,2,7200,1.05358490566
79920,80029,81516,109,1487,2,7200,1.07330195024
80023,80060,81273,37,1213,2,7200,1.03050288541
80054,80153,81612,99,1459,2,7200,1.067854695
80146,80188,81422,42,1234,2,7200,1.0340356564
80177,80290,81741,113,1451,2,7200,1.07787732598
80280,80380,82176,100,1796,2,7200,1.05567928731
80372,80396,81768,24,1372,2,7200,1.01749271137
80393,80546,82647,153,2101,2,7200,1.07282246549
80536,80553,82956,17,2403,2,7200,1.00707449022
80547,80609,83013,62,2404,2,7200,1.02579034942
80599,80616,83522,17,2906,2,7200,1.00584996559
80609,80638,83289,29,2651,2,7200,1.0109392682
80630,80676,82174,46,1498,2,7200,1.03070761015
80672,80801,82646,129,1845,2,7200,1.06991869919
80795,80822,82142,27,1320,2,7200,1.02045454545
80815,80841,82957,26,2116,2,7200,1.01228733459
80836,80876,82976,40,2100,2,7200,1.01904761905
80867,80917,82938,50,2021,2,7200,1.02474022761
80909,81038,83405,129,2367,2,7200,1.05449936629
81032,81100,82545,68,1445,2,7200,1.04705882353
81094,81218,83789,124,2571,2,7200,1.0482302606
81206,81224,82695,18,1471,2,7200,1.01223657376
81217,81266,84215,49,2949,2,7200,1.01661580197
81258,81284,82511,26,1227,2,7200,1.02118989405
81279,81290,82740,11,1450,2,7200,1.0075862069
81280,81296,84098,16,2802,2,7200,1.005710207
81291,81379,84527,88,3148,2,7200,1.02795425667
81373,81386,84525,13,3139,2,7200,1.00414144632
81384,81397,84535,13,3138,2,7200,1.00414276609
81395,81434,84583,39,3149,2,7200,1.01238488409
81426,81465,84144,39,2679,2,7200,1.01455767077
81457,81481,84625,24,3144,2,7200,1.00763358779
81478,81488,84635,10,3147,2,7200,1.00317762949
81478,81527,84668,49,3141,2,7200,1.01560012735
81519,81535,84672,16,3137,2,7200,1.00510041441
81530,81562,84728,32,3166,2,7200,1.01010739103
81561,81623,84762,62,3139,2,7200,1.01975151322
81612,81666,84809,54,3143,2,7200,1.01718103723
81664,81717,83353,53,1636,2,7200,1.03239608802
81715,81752,84879,37,3127,2,7200,1.01183242725
81747,81780,83077,33,1297,2,7200,1.02544333076
81778,81959,84932,181,2973,2,7200,1.06088126472
81862,92945,92952,11083,7,2,18000,1109.0
81952,81989,85130,37,3141,2,7200,1.011779688
81983,82029,83826,46,1797,2,7200,1.02559821925
82024,82074,85271,50,3197,2,7200,1.01563966218
82065,82154,85306,89,3152,2,7200,1.02823604061
82147,82185,85319,38,3134,2,7200,1.01212507977
82178,82192,85346,14,3154,2,7200,1.00443880786
82189,82523,84709,334,2186,2,7200,1.1527904849
82517,82554,85690,37,3136,2,7200,1.01179846939
82548,82560,85690,12,3130,2,7200,1.00383386581
82558,82658,85801,100,3143,2,7200,1.0318167356
82651,82665,85855,14,3190,2,7200,1.00438871473
82661,82706,85499,45,2793,2,7200,1.01611170784
82703,82752,84839,49,2087,2,7200,1.02347867753
82744,82951,86179,207,3228,2,7200,1.06412639405
82949,82967,86105,18,3138,2,7200,1.00573613767
82959,82975,84539,16,1564,2,7200,1.01023017903
82970,82987,86123,17,3136,2,7200,1.00542091837
82981,83025,86183,44,3158,2,7200,1.0139328689
83022,83088,86238,66,3150,2,7200,1.02095238095
83084,83300,86426,216,3126,2,7200,1.06909788868
83299,83365,86509,66,3144,2,7200,1.02099236641
83361,83417,84810,56,1393,2,7200,1.04020100503
83412,83534,86718,122,3184,2,7200,1.03831658291
83500,92963,92970,9463,7,2,18000,947.0
83525,83802,86952,277,3150,2,7200,1.08793650794
83791,83837,85538,46,1701,2,7200,1.02704291593
83832,84109,86378,277,2269,2,7200,1.12208021155
84108,84156,87292,48,3136,2,7200,1.01530612245
84150,84227,87382,77,3155,2,7200,1.02440570523
84221,84538,87676,317,3138,2,7200,1.10101975781
84528,84544,87689,16,3145,2,7200,1.00508744038
84539,84550,87350,11,2800,2,7200,1.00392857143
84549,84557,87705,8,3148,2,7200,1.00254129606
84550,84596,87550,46,2954,2,7200,1.01557210562
84591,84637,86884,46,2247,2,7200,1.0204717401
84632,84647,87786,15,3139,2,7200,1.00477859191
84643,84679,87823,36,3144,2,7200,1.01145038168
84674,84685,87832,11,3147,2,7200,1.00349539244
84675,84721,87912,46,3191,2,7200,1.01441554372
84716,84740,87891,24,3151,2,7200,1.00761662964
84737,84773,87925,36,3152,2,7200,1.0114213198
84768,84820,87966,52,3146,2,7200,1.01652892562
84809,84828,87967,19,3139,2,7200,1.00605288308
84820,84850,87995,30,3145,2,7200,1.00953895072
84841,84891,88006,50,3115,2,7200,1.01605136437
84882,84944,88062,62,3118,2,7200,1.01988454137
84934,85142,88290,208,3148,2,7200,1.06607369759
85139,85283,88425,144,3142,2,7200,1.04583068109
85282,85317,88440,35,3123,2,7200,1.01120717259
85313,85330,88472,17,3142,2,7200,1.00541056652
85324,85357,88525,33,3168,2,7200,1.01041666667
85355,85511,88655,156,3144,2,7200,1.04961832061
85509,85549,88687,40,3138,2,7200,1.01274697259
85540,85763,88910,223,3147,2,7200,1.07086113759
85693,85768,88921,75,3153,2,7200,1.02378686965
85765,85812,89007,47,3195,2,7200,1.01471048513
85806,85867,88263,61,2396,2,7200,1.0254590985
85858,86116,89248,258,3132,2,7200,1.08237547893
86113,86134,89279,21,3145,2,7200,1.0066772655
86124,86190,89323,66,3133,2,7200,1.02106607086
86186,86197,89339,11,3142,2,7200,1.00350095481
86186,86250,89400,64,3150,2,7200,1.02031746032
86248,86389,89521,141,3132,2,7200,1.04501915709
86381,86438,89560,57,3122,2,7200,1.01825752723
86433,86520,89696,87,3176,2,7200,1.0273929471
86515,86729,89875,214,3146,2,7200,1.0680228862
86720,86895,90037,175,3142,2,7200,1.05569700827
86889,86965,90118,76,3153,2,7200,1.02410402791
86961,87304,89824,343,2520,2,7200,1.13611111111
87298,87362,90484,64,3122,2,7200,1.02049967969
87360,87393,90534,33,3141,2,7200,1.01050620821
87391,87561,90705,170,3144,2,7200,1.05407124682
87555,87688,89181,133,1493,2,7200,1.08908238446
87678,87701,90820,23,3119,2,7200,1.00737415838
87699,87717,90839,18,3122,2,7200,1.00576553491
87709,87798,90974,89,3176,2,7200,1.02802267003
87791,87834,90981,43,3147,2,7200,1.0136638068
87832,87844,89932,12,2088,2,7200,1.00574712644
87833,87903,91050,70,3147,2,7200,1.02224340642
87894,87924,91073,30,3149,2,7200,1.00952683392
87915,87938,91068,23,3130,2,7200,1.00734824281
87926,87979,91137,53,3158,2,7200,1.01678277391
87967,87984,91129,17,3145,2,7200,1.00540540541
87978,88006,91129,28,3123,2,7200,1.00896573807
87998,88017,91167,19,3150,2,7200,1.00603174603
88009,88074,91201,65,3127,2,7200,1.02078669651
88070,88274,91461,204,3187,2,7200,1.06401004079
88265,88302,91403,37,3101,2,7200,1.01193163496
88296,88437,91590,141,3153,2,7200,1.04471931494
88429,88452,91572,23,3120,2,7200,1.00737179487
88450,88484,91616,34,3132,2,7200,1.01085568327
88481,88538,91669,57,3131,2,7200,1.01820504631
88532,88666,91785,134,3119,2,7200,1.04296248798
88655,88699,91840,44,3141,2,7200,1.01400827762
88696,88922,91726,226,2804,2,7200,1.08059914408
88911,88933,92088,22,3155,2,7200,1.00697305864
88922,89018,92156,96,3138,2,7200,1.03059273423
89014,89193,92319,179,3126,2,7200,1.05726167626
89188,89260,91556,72,2296,2,7200,1.03135888502
89250,89291,92438,41,3147,2,7200,1.0130282809
89281,89334,92484,53,3150,2,7200,1.01682539683
89332,89351,92258,19,2907,2,7200,1.00653594771
89343,89411,92560,68,3149,2,7200,1.02159415688
89404,89533,92657,129,3124,2,7200,1.04129321383
89527,89573,92714,46,3141,2,7200,1.01464501751
89568,89708,91247,140,1539,2,7200,1.09096816114
89701,89835,92022,134,2187,2,7200,1.06127114769
89824,89887,93140,63,3253,2,7200,1.0193667384
89876,89943,93163,67,3220,2,7200,1.02080745342
89937,90049,93100,112,3051,2,7200,1.03670927565
90040,90129,93276,89,3147,2,7200,1.02828090245
90122,90496,93697,374,3201,2,7200,1.11683848797
90489,90545,93639,56,3094,2,7200,1.01809954751
90541,90716,93845,175,3129,2,7200,1.05592841163
90715,90831,93944,116,3113,2,7200,1.03726309027
90827,90850,94003,23,3153,2,7200,1.00729464003
90848,90986,92712,138,1726,2,7200,1.07995365006
90981,90993,93958,12,2965,2,7200,1.00404721754
90982,91063,94258,81,3195,2,7200,1.02535211268
91054,91079,94274,25,3195,2,7200,1.00782472613
91075,91140,94298,65,3158,2,7200,1.02058264725
91075,91087,94258,12,3171,2,7200,1.00378429518
91137,91147,94321,10,3174,2,7200,1.00315059861
91137,91154,94307,17,3153,2,7200,1.00539169045
91148,91179,94310,31,3131,2,7200,1.0099009901
91169,91213,94324,44,3111,2,7200,1.01414336226
91210,91259,94346,49,3087,2,7200,1.01587301587
91251,91415,93781,164,2366,2,7200,1.06931530008
91405,91473,94627,68,3154,2,7200,1.02155992391
91467,91568,94757,101,3189,2,7200,1.03167137034
91559,91584,94740,25,3156,2,7200,1.00792141952
91580,91601,93870,21,2269,2,7200,1.00925517849
91590,91627,94092,37,2465,2,7200,1.01501014199
91622,91680,94423,58,2743,2,7200,1.02114473205
91673,91738,93661,65,1923,2,7200,1.03380135205
91735,91798,94926,63,3128,2,7200,1.02014066496
91786,91852,94704,66,2852,2,7200,1.02314165498
91848,92034,94567,186,2533,2,7200,1.07343071457
92032,92100,95249,68,3149,2,7200,1.02159415688
92094,92168,95309,74,3141,2,7200,1.02355937599
92166,92269,94243,103,1974,2,7200,1.05217831814
92269,92331,95550,62,3219,2,7200,1.01926063995
92320,92449,94872,129,2423,2,7200,1.05323978539
92443,92495,95692,52,3197,2,7200,1.01626524867
92494,92572,95748,78,3176,2,7200,1.02455919395
92566,92669,95852,103,3183,2,7200,1.03235940936
92659,92723,95812,64,3089,2,7200,1.02071867918
92720,92730,95909,10,3179,2,7200,1.00314564328
92721,92981,96170,260,3189,2,7200,1.08153026027
92987,93111,94956,124,1845,2,7200,1.06720867209
93110,93152,96335,42,3183,2,7200,1.01319509896
93151,93175,96323,24,3148,2,7200,1.00762388818
93172,93288,95675,116,2387,2,7200,1.04859656473
93285,93651,96780,366,3129,2,7200,1.11697027804
93653,93672,96791,19,3119,2,7200,1.00609169606
93674,93710,95991,36,2281,2,7200,1.01578255151
93715,93792,96979,77,3187,2,7200,1.02416065265
93797,93807,95141,10,1334,2,7200,1.00749625187
93808,93856,97045,48,3189,2,7200,1.01505174036
93859,93881,96562,22,2681,2,7200,1.00820589332
93880,93957,97154,77,3197,2,7200,1.02408507976
93962,93971,97144,9,3173,2,7200,1.0028364324
93973,94015,97219,42,3204,2,7200,1.01310861423
94014,94103,96916,89,2813,2,7200,1.03163881977
94106,94255,97411,149,3156,2,7200,1.04721166033
94260,94270,97414,10,3144,2,7200,1.00318066158
94270,94276,97399,6,3123,2,7200,1.00192122959
94281,94287,96823,6,2536,2,7200,1.0023659306
94292,94309,97450,17,3141,2,7200,1.00541228908
94314,94320,97460,6,3140,2,7200,1.00191082803
94325,94338,95853,13,1515,2,7200,1.00858085809
94325,94331,97523,6,3192,2,7200,1.00187969925
94336,94345,97476,9,3131,2,7200,1.002874481
94346,94357,97530,11,3173,2,7200,1.00346675071
94357,94435,97614,78,3179,2,7200,1.02453601762
94439,94580,97771,141,3191,2,7200,1.04418677531
94582,94638,96914,56,2276,2,7200,1.02460456942
94634,94715,97106,81,2391,2,7200,1.0338770389
94716,94752,96036,36,1284,2,7200,1.02803738318
94747,94769,97928,22,3159,2,7200,1.00696422919
94768,94883,98059,115,3176,2,7200,1.03620906801
94881,94937,98080,56,3143,2,7200,1.01781737194
94942,94968,98166,26,3198,2,7200,1.0081300813
94963,95153,98352,190,3199,2,7200,1.05939356049
95158,95261,98421,103,3160,2,7200,1.03259493671
95260,95320,97406,60,2086,2,7200,1.02876318313
95317,95978,96107,661,129,1,3600,6.12403100775
95322,95563,97128,241,1565,2,7200,1.15399361022
95568,95686,98862,118,3176,2,7200,1.03715365239
95690,95704,98832,14,3128,2,7200,1.00447570332
95701,95760,98905,59,3145,2,7200,1.01875993641
95763,95824,99023,61,3199,2,7200,1.01906845889
95824,95864,97590,40,1726,2,7200,1.02317497103
95866,95872,99073,6,3201,2,7200,1.00187441425
95876,95920,98863,44,2943,2,7200,1.01495073055
95918,96004,99130,86,3126,2,7200,1.02751119642
96000,96048,99216,48,3168,2,7200,1.01515151515
96051,96182,99374,131,3192,2,7200,1.04104010025
96184,96335,99477,151,3142,2,7200,1.04805856143
96223,96280,96587,57,307,1,3600,1.18566775244
96338,96348,98749,10,2401,2,7200,1.00416493128
96349,96574,99756,225,3182,2,7200,1.07071024513
96574,96791,99952,217,3161,2,7200,1.06864916166
96789,96802,99974,13,3172,2,7200,1.00409836066
96799,96836,98724,37,1888,2,7200,1.01959745763
96806,97204,97837,398,633,1,3600,1.62875197472
96840,96926,99256,86,2330,2,7200,1.03690987124
96922,96933,98977,11,2044,2,7200,1.0053816047
96933,96991,100111,58,3120,2,7200,1.01858974359
96995,97057,100175,62,3118,2,7200,1.01988454137
97056,97117,100292,61,3175,2,7200,1.01921259843
97118,97141,100295,23,3154,2,7200,1.0072923272
97139,97155,100333,16,3178,2,7200,1.00503461296
97160,97166,98652,6,1486,2,7200,1.00403768506
97170,97232,100299,62,3067,2,7200,1.020215194
97232,97411,100564,179,3153,2,7200,1.05677132889
97406,97417,99779,11,2362,2,7200,1.00465707028
97417,97423,100206,6,2783,2,7200,1.00215594682
97427,97434,100582,7,3148,2,7200,1.00222363405
97438,97462,100525,24,3063,2,7200,1.00783545544
97459,97471,100624,12,3153,2,7200,1.00380589914
97470,97488,100616,18,3128,2,7200,1.0057544757
97490,97535,100653,45,3118,2,7200,1.01443232842
97532,97541,100667,9,3126,2,7200,1.00287907869
97542,97601,100714,59,3113,2,7200,1.01895277867
97604,97626,100482,22,2856,2,7200,1.00770308123
97625,97782,100934,157,3152,2,7200,1.04980964467
97778,97940,101084,162,3144,2,7200,1.05152671756
97943,98070,101232,127,3162,2,7200,1.04016445288
98076,98093,99675,17,1582,2,7200,1.01074589128
98097,98178,101305,81,3127,2,7200,1.02590342181
98179,98363,101460,184,3097,2,7200,1.05941233452
98363,98432,101593,69,3161,2,7200,1.02182853527
98435,98665,101795,230,3130,2,7200,1.07348242812
98543,98770,98881,227,111,1,3600,3.04504504505
98669,98736,100812,67,2076,2,7200,1.03227360308
98731,98761,101485,30,2724,2,7200,1.01101321586
98763,98845,101807,82,2962,2,7200,1.0276839973
98845,98874,100563,29,1689,2,7200,1.01716992303
98876,98882,101210,6,2328,2,7200,1.00257731959
98887,98916,101093,29,2177,2,7200,1.01332108406
98918,98989,100504,71,1515,2,7200,1.04686468647
98990,99035,101081,45,2046,2,7200,1.0219941349
99031,99084,101243,53,2159,2,7200,1.02454840204
99040,99047,99352,7,305,1,3600,1.02295081967
99082,99143,100886,61,1743,2,7200,1.03499713138
99144,99227,101277,83,2050,2,7200,1.04048780488
99155,99362,99504,207,142,1,3600,2.45774647887
99226,99268,101445,42,2177,2,7200,1.0192926045
99267,99386,101401,119,2015,2,7200,1.05905707196
99390,99489,102680,99,3191,2,7200,1.03102475713
99492,99687,101915,195,2228,2,7200,1.08752244165
99648,99655,99967,7,312,1,3600,1.02243589744
99660,99977,100531,317,554,1,3600,1.57220216606
99687,99768,102876,81,3108,2,7200,1.02606177606
99769,99790,101747,21,1957,2,7200,1.01073071027
99790,99964,101935,174,1971,2,7200,1.08828006088
99964,99986,101733,22,1747,2,7200,1.0125930166
99985,100123,101580,138,1457,2,7200,1.09471516815
100128,100186,102626,58,2440,2,7200,1.0237704918
100190,100217,103401,27,3184,2,7200,1.0084798995
100196,100203,100910,7,707,1,3600,1.0099009901
100221,100304,102670,83,2366,2,7200,1.03508030431
100303,100312,102144,9,1832,2,7200,1.00491266376
100313,100320,102325,7,2005,2,7200,1.00349127182
100324,100344,101640,20,1296,2,7200,1.01543209877
100345,100495,103660,150,3165,2,7200,1.04739336493
100498,100516,101817,18,1301,2,7200,1.01383551115
100519,100537,101981,18,1444,2,7200,1.01246537396
100540,100574,103244,34,2670,2,7200,1.0127340824
100571,100580,102583,9,2003,2,7200,1.00449326011
100582,100594,101932,12,1338,2,7200,1.00896860987
100592,100627,103813,35,3186,2,7200,1.01098556183
100623,100636,103075,13,2439,2,7200,1.0053300533
100634,100665,103875,31,3210,2,7200,1.00965732087
100665,100679,103203,14,2524,2,7200,1.00554675119
100676,100726,103160,50,2434,2,7200,1.02054231717
100727,100824,102277,97,1453,2,7200,1.06675843083
100819,100898,103307,79,2409,2,7200,1.03279369033
100902,100920,102776,18,1856,2,7200,1.00969827586
100912,100947,104133,35,3186,2,7200,1.01098556183
100943,101095,102632,152,1537,2,7200,1.09889394925
101097,101103,102619,6,1516,2,7200,1.00395778364
101108,101114,103591,6,2477,2,7200,1.00242228502
101118,101222,102820,104,1598,2,7200,1.06508135169
101221,101243,102861,22,1618,2,7200,1.01359703337
101242,101254,103092,12,1838,2,7200,1.00652883569
101252,101289,103382,37,2093,2,7200,1.0176779742
101294,101316,103867,22,2551,2,7200,1.00862406899
101314,101414,103898,100,2484,2,7200,1.04025764895
101417,101456,102952,39,1496,2,7200,1.02606951872
101458,101471,102827,13,1356,2,7200,1.00958702065
101469,101498,102985,29,1487,2,7200,1.01950235373
101500,101593,103038,93,1445,2,7200,1.06435986159
101592,101606,104776,14,3170,2,7200,1.00441640379
101603,101651,103871,48,2220,2,7200,1.02162162162
101654,101745,104920,91,3175,2,7200,1.02866141732
101747,101759,103082,12,1323,2,7200,1.00907029478
101757,101806,103519,49,1713,2,7200,1.02860478692
101773,102025,102121,252,96,1,3600,3.625
101809,101819,104171,10,2352,2,7200,1.00425170068
101819,101829,105007,10,3178,2,7200,1.0031466331
101830,101927,105096,97,3169,2,7200,1.03060902493
101922,101944,103233,22,1289,2,7200,1.01706749418
101943,101951,104013,8,2062,2,7200,1.00387972842
101954,101994,104966,40,2972,2,7200,1.0134589502
101995,102019,103902,24,1883,2,7200,1.01274561869
102016,102032,105231,16,3199,2,7200,1.00500156299
102036,102128,104145,92,2017,2,7200,1.04561229549
102129,102156,103897,27,1741,2,7200,1.01550832855
102160,102289,104262,129,1973,2,7200,1.06538266599
102248,102839,103132,591,293,1,3600,3.01706484642
102293,102336,103584,43,1248,2,7200,1.03445512821
102334,102595,105775,261,3180,2,7200,1.0820754717
102415,102845,102926,430,81,1,1800,6.30864197531
102600,102631,105704,31,3073,2,7200,1.01008786202
102631,102637,104707,6,2070,2,7200,1.00289855072
102642,102648,104879,6,2231,2,7200,1.00268937696
102652,102682,104431,30,1749,2,7200,1.01715265866
102683,102692,104493,9,1801,2,7200,1.00499722376
102694,102788,104584,94,1796,2,7200,1.05233853007
102786,102833,104856,47,2023,2,7200,1.02323282254
102838,102873,104270,35,1397,2,7200,1.02505368647
102869,102887,105603,18,2716,2,7200,1.00662739323
102889,102963,104258,74,1295,2,7200,1.05714285714
102961,102997,104272,36,1275,2,7200,1.02823529412
102992,103050,104490,58,1440,2,7200,1.04027777778
103054,103087,104693,33,1606,2,7200,1.02054794521
103085,103093,104356,8,1263,2,7200,1.0063341251
103095,103103,104840,8,1737,2,7200,1.00460564191
103106,103142,104697,36,1555,2,7200,1.0231511254
103137,103172,105018,35,1846,2,7200,1.01895991333
103154,103920,104022,766,102,1,1800,8.50980392157
103168,103214,105307,46,2093,2,7200,1.02197802198
103219,103245,104856,26,1611,2,7200,1.01613904407
103240,103257,105465,17,2208,2,7200,1.00769927536
103261,103319,104707,58,1388,2,7200,1.04178674352
103322,103394,105303,72,1909,2,7200,1.03771608172
103394,103413,104871,19,1458,2,7200,1.01303155007
103413,103925,104462,512,537,1,3600,1.95344506518
103415,103531,105309,116,1778,2,7200,1.06524184477
103528,103596,106729,68,3133,2,7200,1.02170443664
103599,103606,105260,7,1654,2,7200,1.00423216445
103610,103671,105023,61,1352,2,7200,1.0451183432
103672,103825,105959,153,2134,2,7200,1.07169634489
103825,103880,106191,55,2311,2,7200,1.02379922112
103877,103887,105435,10,1548,2,7200,1.00645994832
103887,103894,105188,7,1294,2,7200,1.00540958269
103898,103909,106965,11,3056,2,7200,1.00359947644
103909,103915,107059,6,3144,2,7200,1.00190839695
103919,104024,106019,105,1995,2,7200,1.05263157895
104022,104145,105569,123,1424,2,7200,1.08637640449
104145,104157,105877,12,1720,2,7200,1.00697674419
104155,104182,105419,27,1237,2,7200,1.02182700081
104186,104270,105767,84,1497,2,7200,1.05611222445
104268,104277,105962,9,1685,2,7200,1.00534124629
104279,104286,105560,7,1274,2,7200,1.00549450549
104291,104297,105799,6,1502,2,7200,1.00399467377
104301,104368,105919,67,1551,2,7200,1.04319793681
104363,104443,105686,80,1243,2,7200,1.06436041834
104445,104469,107130,24,2661,2,7200,1.00901916573
104466,104502,107195,36,2693,2,7200,1.01336799109
104497,104509,105766,12,1257,2,7200,1.00954653938
104508,104595,106062,87,1467,2,7200,1.05930470348
104528,108506,108881,3978,375,1,1800,11.608
104600,104705,106119,105,1414,2,7200,1.07425742574
104702,104711,106341,9,1630,2,7200,1.00552147239
104713,104719,107808,6,3089,2,7200,1.00194237617
104724,104730,106192,6,1462,2,7200,1.00410396717
104734,104788,106222,54,1434,2,7200,1.03765690377
104786,104852,106171,66,1319,2,7200,1.05003790751
104847,104867,106797,20,1930,2,7200,1.0103626943
104868,104875,106519,7,1644,2,7200,1.00425790754
104879,104885,106578,6,1693,2,7200,1.00354400473
104889,104896,106584,7,1688,2,7200,1.00414691943
104900,104932,108022,32,3090,2,7200,1.01035598706
104931,104978,106998,47,2020,2,7200,1.02326732673
104983,105019,106559,36,1540,2,7200,1.02337662338
105024,105031,106310,7,1279,2,7200,1.0054730258
105034,105042,106337,8,1295,2,7200,1.00617760618
105045,105109,106964,64,1855,2,7200,1.03450134771
105107,105199,107093,92,1894,2,7200,1.04857444562
105199,105243,107393,44,2150,2,7200,1.02046511628
105240,105273,106960,33,1687,2,7200,1.01956135151
105271,105315,107323,44,2008,2,7200,1.0219123506
105313,105322,107680,9,2358,2,7200,1.00381679389
105323,105330,107209,7,1879,2,7200,1.00372538584
105334,105431,106840,97,1409,2,7200,1.06884315117
105426,105447,106940,21,1493,2,7200,1.01406563965
105447,105477,108171,30,2694,2,7200,1.01113585746
105478,105571,106965,93,1394,2,7200,1.06671449067
105570,105580,108111,10,2531,2,7200,1.00395100751
105581,105615,107045,34,1430,2,7200,1.02377622378
105612,105698,107144,86,1446,2,7200,1.05947441217
105647,234820,284858,129173,50038,7,108000,3.58149806147
105694,105715,107355,21,1640,2,7200,1.01280487805
105715,105778,108423,63,2645,2,7200,1.02381852552
105776,105785,107323,9,1538,2,7200,1.00585175553
105787,105793,107444,6,1651,2,7200,1.00363416111
105798,105811,108115,13,2304,2,7200,1.00564236111
105808,105888,107673,80,1785,2,7200,1.04481792717
105890,105931,107917,41,1986,2,7200,1.02064451158
105932,105971,107400,39,1429,2,7200,1.02729181246
105973,105979,107543,6,1564,2,7200,1.00383631714
105983,106032,107682,49,1650,2,7200,1.0296969697
106035,106073,107916,38,1843,2,7200,1.0206185567
106076,106131,108137,55,2006,2,7200,1.02741774676
106127,106183,107714,56,1531,2,7200,1.03657740039
106179,106203,107420,24,1217,2,7200,1.01972062449
106200,106209,109070,9,2861,2,7200,1.00314575323
106211,106234,107613,23,1379,2,7200,1.01667875272
106231,106322,108079,91,1757,2,7200,1.05179282869
106324,106349,107838,25,1489,2,7200,1.01678979181
106345,106356,109146,11,2790,2,7200,1.00394265233
106355,106531,108225,176,1694,2,7200,1.1038961039
106421,108511,108591,2090,80,1,1800,27.125
106529,106571,107739,42,1168,2,7200,1.03595890411
106571,106591,107749,20,1158,2,7200,1.01727115717
106592,106598,108017,6,1419,2,7200,1.00422832981
106602,106742,108013,140,1271,2,7200,1.11014948859
106745,106810,108487,65,1677,2,7200,1.03875968992
106807,106852,108268,45,1416,2,7200,1.03177966102
106848,106952,108487,104,1535,2,7200,1.067752443
106951,106973,108803,22,1830,2,7200,1.01202185792
106972,106980,108677,8,1697,2,7200,1.00471420153
106982,106989,108422,7,1433,2,7200,1.00488485694
106993,106999,108729,6,1730,2,7200,1.00346820809
107004,107010,108633,6,1623,2,7200,1.00369685767
107014,107056,108950,42,1894,2,7200,1.02217529039
107056,107071,108494,15,1423,2,7200,1.01054111033
107077,107104,108808,27,1704,2,7200,1.01584507042
107108,107142,109218,34,2076,2,7200,1.01637764933
107139,107157,108801,18,1644,2,7200,1.01094890511
107159,107207,108571,48,1364,2,7200,1.03519061584
107211,107220,109457,9,2237,2,7200,1.00402324542
107222,107335,108542,113,1207,2,7200,1.09362054681
107334,107341,108691,7,1350,2,7200,1.00518518519
107345,107367,108696,22,1329,2,7200,1.01655379985
107366,107404,108832,38,1428,2,7200,1.02661064426
107407,107413,109353,6,1940,2,7200,1.00309278351
107418,107432,108735,14,1303,2,7200,1.01074443592
107429,107457,108881,28,1424,2,7200,1.01966292135
107460,107555,109451,95,1896,2,7200,1.05010548523
107552,107625,109811,73,2186,2,7200,1.03339432754
107624,107684,109709,60,2025,2,7200,1.02962962963
107685,107692,110054,7,2362,2,7200,1.00296359018
107696,107702,108984,6,1282,2,7200,1.00468018721
107707,107727,110003,20,2276,2,7200,1.00878734622
107727,107750,109542,23,1792,2,7200,1.01283482143
107748,107762,110291,14,2529,2,7200,1.0055357849
107759,107820,109856,61,2036,2,7200,1.02996070727
107821,107850,110284,29,2434,2,7200,1.01191454396
107852,107927,111029,75,3102,2,7200,1.02417794971
107923,107934,109897,11,1963,2,7200,1.00560366786
107934,108025,109837,91,1812,2,7200,1.05022075055
108026,108033,109587,7,1554,2,7200,1.0045045045
108037,108043,109284,6,1241,2,7200,1.00483481064
108048,108090,109384,42,1294,2,7200,1.03245749614
108089,108124,109737,35,1613,2,7200,1.02169869808
108120,108131,109600,11,1469,2,7200,1.00748808713
108131,108149,109700,18,1551,2,7200,1.01160541586
108152,108184,109618,32,1434,2,7200,1.02231520223
108183,108237,109997,54,1760,2,7200,1.03068181818
108234,108279,110326,45,2047,2,7200,1.02198339033
108276,108491,111430,215,2939,2,7200,1.07315413406
108537,108543,110758,6,2215,2,7200,1.00270880361
108548,108554,111061,6,2507,2,7200,1.00239329876
108558,108565,111699,7,3134,2,7200,1.00223356733
108569,108575,110642,6,2067,2,7200,1.00290275762
108580,108586,110873,6,2287,2,7200,1.00262352427
108590,108644,111759,54,3115,2,7200,1.01733547352
108642,108688,110806,46,2118,2,7200,1.02171860246
108693,108703,110539,10,1836,2,7200,1.00544662309
108704,108711,111706,7,2995,2,7200,1.00233722871
108714,108742,110670,28,1928,2,7200,1.01452282158
108746,108753,110209,7,1456,2,7200,1.00480769231
108756,108813,111350,57,2537,2,7200,1.02246748128
108818,108825,110591,7,1766,2,7200,1.00396375991
108829,108835,111600,6,2765,2,7200,1.00216998192
108835,108842,108936,7,94,1,1800,1.07446808511
108839,108848,110650,9,1802,2,7200,1.00499445061
108850,108893,111225,43,2332,2,7200,1.01843910806
108891,108943,112039,52,3096,2,7200,1.01679586563
108943,108962,111704,19,2742,2,7200,1.00692924872
108963,108997,110767,34,1770,2,7200,1.01920903955
108994,109083,111193,89,2110,2,7200,1.04218009479
109087,109158,110562,71,1404,2,7200,1.05056980057
109158,109230,110344,72,1114,2,7200,1.06463195691
109230,109295,110603,65,1308,2,7200,1.0496941896
109292,109366,112292,74,2926,2,7200,1.02529049897
109364,109395,112185,31,2790,2,7200,1.01111111111
109395,109464,111050,69,1586,2,7200,1.04350567465
109455,112574,112949,3119,375,1,1800,9.31733333333
109467,109474,111021,7,1547,2,7200,1.00452488688
109477,109553,111595,76,2042,2,7200,1.03721841332
109549,109600,112379,51,2779,2,7200,1.01835192515
109600,109613,111579,13,1966,2,7200,1.00661241099
109611,109629,112692,18,3063,2,7200,1.00587659158
109632,109712,111589,80,1877,2,7200,1.04262120405
109709,112579,112626,2870,47,1,1800,62.0638297872
109714,109720,111484,6,1764,2,7200,1.00340136054
109725,109749,111585,24,1836,2,7200,1.01307189542
109745,109824,112606,79,2782,2,7200,1.02839683681
109827,109849,112015,22,2166,2,7200,1.01015697138
109849,109868,112583,19,2715,2,7200,1.00699815838
109870,109909,111791,39,1882,2,7200,1.02072263549
109912,110010,112492,98,2482,2,7200,1.03948428687
110014,110021,112471,7,2450,2,7200,1.00285714286
110025,110065,112168,40,2103,2,7200,1.01902044698
110066,110220,112691,154,2471,2,7200,1.06232294618
110220,110295,112758,75,2463,2,7200,1.03045066991
110292,110302,112042,10,1740,2,7200,1.00574712644
110302,110338,112382,36,2044,2,7200,1.01761252446
110333,110355,112091,22,1736,2,7200,1.01267281106
110354,110551,112198,197,1647,2,7200,1.11961141469
110549,110575,112171,26,1596,2,7200,1.01629072682
110570,110603,112471,33,1868,2,7200,1.01766595289
110601,110615,112234,14,1619,2,7200,1.00864731316
110612,110654,112991,42,2337,2,7200,1.01797175866
110653,110661,112558,8,1897,2,7200,1.00421718503
110664,110683,113810,19,3127,2,7200,1.00607611129
110685,110771,112752,86,1981,2,7200,1.04341241797
110767,110780,112854,13,2074,2,7200,1.006268081
110777,110818,113207,41,2389,2,7200,1.01716199247
110819,110885,112335,66,1450,2,7200,1.04551724138
110880,111033,112421,153,1388,2,7200,1.11023054755
111034,111040,112844,6,1804,2,7200,1.00332594235
111045,111061,112609,16,1548,2,7200,1.01033591731
111065,111073,114085,8,3012,2,7200,1.0026560425
111076,111204,112555,128,1351,2,7200,1.0947446336
111209,111238,113475,29,2237,2,7200,1.01296379079
111240,111362,113773,122,2411,2,7200,1.0506014102
111363,111441,114576,78,3135,2,7200,1.02488038278
111445,111496,114428,51,2932,2,7200,1.01739427012
111497,111592,114026,95,2434,2,7200,1.03903040263
111589,111598,113323,9,1725,2,7200,1.0052173913
111600,111605,113758,5,2153,2,7200,1.00232234092
111610,111617,113267,7,1650,2,7200,1.00424242424
111621,111627,113503,6,1876,2,7200,1.00319829424
111632,111711,113435,79,1724,2,7200,1.04582366589
111714,111721,113132,7,1411,2,7200,1.00496102055
111725,111732,113376,7,1644,2,7200,1.00425790754
111735,111770,113065,35,1295,2,7200,1.02702702703
111766,111803,114300,37,2497,2,7200,1.01481778134
111808,112027,113913,219,1886,2,7200,1.11611876988
112033,112051,113700,18,1649,2,7200,1.01091570649
112054,112060,113751,6,1691,2,7200,1.00354819633
112065,112103,115236,38,3133,2,7200,1.01212894989
112106,112180,114495,74,2315,2,7200,1.03196544276
112178,112187,115243,9,3056,2,7200,1.00294502618
112188,112198,114773,10,2575,2,7200,1.00388349515
112199,112211,114309,12,2098,2,7200,1.00571973308
112209,112246,114972,37,2726,2,7200,1.01357300073
112251,112304,115168,53,2864,2,7200,1.01850558659
112302,112347,115067,45,2720,2,7200,1.01654411765
112343,112391,114767,48,2376,2,7200,1.0202020202
112395,112401,113609,6,1208,2,7200,1.00496688742
112405,112433,114090,28,1657,2,7200,1.01689800845
112436,112483,114903,47,2420,2,7200,1.0194214876
112488,112495,115628,7,3133,2,7200,1.00223428024
112498,112505,115647,7,3142,2,7200,1.00222788033
112509,112567,114799,58,2232,2,7200,1.02598566308
112571,112595,115045,24,2450,2,7200,1.00979591837
112591,112618,115706,27,3088,2,7200,1.00874352332
112622,112629,114474,7,1845,2,7200,1.00379403794
112633,112703,114407,70,1704,2,7200,1.04107981221
112705,112712,113936,7,1224,2,7200,1.00571895425
112716,112765,114468,49,1703,2,7200,1.02877275396
112767,112774,113913,7,1139,2,7200,1.00614574188
112778,112861,114677,83,1816,2,7200,1.04570484581
112855,112868,112951,13,83,1,1800,1.15662650602
112865,112875,114735,10,1860,2,7200,1.00537634409
112875,112959,114811,84,1852,2,7200,1.04535637149
112957,113003,114790,46,1787,2,7200,1.02574146614
113009,113077,114378,68,1301,2,7200,1.05226748655
113081,113144,115370,63,2226,2,7200,1.02830188679
113117,117247,124493,4130,7246,3,7200,1.56996963842
113142,113218,116316,76,3098,2,7200,1.0245319561
113214,113278,115649,64,2371,2,7200,1.02699283003
113276,113334,115142,58,1808,2,7200,1.03207964602
113338,113388,115196,50,1808,2,7200,1.02765486726
113389,113447,115405,58,1958,2,7200,1.02962206333
113451,113486,116638,35,3152,2,7200,1.01110406091
113482,113515,114830,33,1315,2,7200,1.02509505703
113513,113621,116759,108,3138,2,7200,1.034416826
113584,116440,116694,2856,254,1,1800,12.2440944882
113626,113711,115900,85,2189,2,7200,1.03883051622
113708,113763,115690,55,1927,2,7200,1.02854177478
113759,113769,116898,10,3129,2,7200,1.00319590924
113770,113785,116879,15,3094,2,7200,1.00484809308
113781,113822,115682,41,1860,2,7200,1.02204301075
113822,113924,116038,102,2114,2,7200,1.04824976348
113924,113930,117001,6,3071,2,7200,1.00195376099
113935,113948,116395,13,2447,2,7200,1.00531262771
113946,114038,117191,92,3153,2,7200,1.0291785601
114040,114097,116380,57,2283,2,7200,1.02496714849
114101,114107,115575,6,1468,2,7200,1.00408719346
114112,114311,117408,199,3097,2,7200,1.06425573135
114149,116704,116749,2555,45,1,1800,57.7777777778
114308,114320,116782,12,2462,2,7200,1.00487408611
114313,155415,173453,41102,18038,4,18000,3.2786339949
114319,114390,116736,71,2346,2,7200,1.03026427962
114390,114419,116532,29,2113,2,7200,1.01372456223
114421,114440,115995,19,1555,2,7200,1.01221864952
114442,114480,117609,38,3129,2,7200,1.0121444551
114483,114490,115726,7,1236,2,7200,1.00566343042
114494,114507,116030,13,1523,2,7200,1.00853578464
114505,114587,116080,82,1493,2,7200,1.05492297388
114587,114689,117235,102,2546,2,7200,1.04006284368
114608,129755,162267,15147,32512,8,32400,1.46588951772
114689,114746,116047,57,1301,2,7200,1.04381245196
114751,114779,116014,28,1235,2,7200,1.02267206478
114782,114789,117242,7,2453,2,7200,1.00285364859
114793,114803,117341,10,2538,2,7200,1.00394011032
114803,114812,117266,9,2454,2,7200,1.00366748166
114814,114823,117063,9,2240,2,7200,1.00401785714
114825,114843,116752,18,1909,2,7200,1.00942902043
114845,114916,117620,71,2704,2,7200,1.02625739645
114917,114985,117807,68,2822,2,7200,1.02409638554
114989,115056,117021,67,1965,2,7200,1.03409669211
115061,115080,116700,19,1620,2,7200,1.01172839506
115082,115153,116803,71,1650,2,7200,1.04303030303
115154,115180,118330,26,3150,2,7200,1.00825396825
115185,115208,118382,23,3174,2,7200,1.00724637681
115206,115248,118389,42,3141,2,7200,1.01337153773
115247,115254,117488,7,2234,2,7200,1.00313339302
115258,115382,118329,124,2947,2,7200,1.04207668816
115380,115417,116738,37,1321,2,7200,1.02800908403
115422,115587,117347,165,1760,2,7200,1.09375
115586,115639,117196,53,1557,2,7200,1.03403982017
115637,115658,117376,21,1718,2,7200,1.01222351572
115658,115665,117332,7,1667,2,7200,1.00419916017
115669,115694,118252,25,2558,2,7200,1.00977326036
115689,115702,118881,13,3179,2,7200,1.00408933627
115700,115718,117362,18,1644,2,7200,1.01094890511
115721,115738,117798,17,2060,2,7200,1.00825242718
115742,115912,117919,170,2007,2,7200,1.08470353762
115916,116007,117750,91,1743,2,7200,1.05220883534
116008,116026,118582,18,2556,2,7200,1.00704225352
116029,116042,117618,13,1576,2,7200,1.00824873096
116040,116050,118852,10,2802,2,7200,1.00356887937
116050,116059,119031,9,2972,2,7200,1.0030282638
116061,116092,117357,31,1265,2,7200,1.02450592885
116092,116328,118490,236,2162,2,7200,1.10915818686
116328,116392,119534,64,3142,2,7200,1.0203691916
116389,116407,119540,18,3133,2,7200,1.00574529205
116410,116544,119694,134,3150,2,7200,1.04253968254
116543,116650,119185,107,2535,2,7200,1.04220907298
116646,116711,119030,65,2319,2,7200,1.02802932298
116707,116748,119693,41,2945,2,7200,1.01392190153
116749,116755,119184,6,2429,2,7200,1.00247015233
116759,116767,118523,8,1756,2,7200,1.00455580866
116770,116776,118020,6,1244,2,7200,1.00482315113
116781,116794,119417,13,2623,2,7200,1.00495615707
116791,116815,119192,24,2377,2,7200,1.01009676062
116813,116891,119298,78,2407,2,7200,1.032405484
116896,116910,119408,14,2498,2,7200,1.00560448359
116906,117012,120092,106,3080,2,7200,1.03441558442
117009,117033,119535,24,2502,2,7200,1.00959232614
117010,117018,117091,8,73,1,1800,1.1095890411
117030,117074,118520,44,1446,2,7200,1.03042876902
117071,117203,118446,132,1243,2,7200,1.10619469027
117204,117211,118706,7,1495,2,7200,1.00468227425
117215,117254,119451,39,2197,2,7200,1.01775147929
117256,117277,118801,21,1524,2,7200,1.01377952756
117277,117344,120293,67,2949,2,7200,1.02271956595
117339,117353,118662,14,1309,2,7200,1.01069518717
117350,117360,119792,10,2432,2,7200,1.00411184211
117360,117369,118920,9,1551,2,7200,1.00580270793
117371,117377,119746,6,2369,2,7200,1.00253271423
117382,117387,119560,5,2173,2,7200,1.00230096641
117392,117420,118979,28,1559,2,7200,1.01796023092
117423,117501,119914,78,2413,2,7200,1.03232490676
117505,117621,118970,116,1349,2,7200,1.08598962194
117618,117629,120503,11,2874,2,7200,1.00382741823
117629,117635,119737,6,2102,2,7200,1.00285442436
117639,117761,119301,122,1540,2,7200,1.07922077922
117726,119322,119568,1596,246,1,1800,7.48780487805
117762,117810,120235,48,2425,2,7200,1.01979381443
117814,117821,119174,7,1353,2,7200,1.0051736881
117824,117932,119304,108,1372,2,7200,1.07871720117
117842,118402,118842,560,440,2,14400,2.27272727273
117937,118031,119255,94,1224,2,7200,1.07679738562
118029,118264,119469,235,1205,2,7200,1.19502074689
118265,118341,119684,76,1343,2,7200,1.0565897245
118337,118348,119729,11,1381,2,7200,1.00796524258
118347,118393,120758,46,2365,2,7200,1.01945031712
118399,118457,121368,58,2911,2,7200,1.0199244246
118460,118502,120458,42,1956,2,7200,1.02147239264
118502,118532,119778,30,1246,2,7200,1.02407704655
118533,118540,121314,7,2774,2,7200,1.00252343187
118543,118594,119778,51,1184,2,7200,1.04307432432
118595,118674,120060,79,1386,2,7200,1.056998557
118677,118718,121251,41,2533,2,7200,1.01618634031
118718,118813,120272,95,1459,2,7200,1.06511309116
118810,118854,121668,44,2814,2,7200,1.01563610519
118852,118865,120845,13,1980,2,7200,1.00656565657
118862,118892,120999,30,2107,2,7200,1.01423825344
118894,118932,121662,38,2730,2,7200,1.01391941392
118935,118981,122083,46,3102,2,7200,1.01482914249
118986,118992,121886,6,2894,2,7200,1.00207325501
118997,119042,121211,45,2169,2,7200,1.02074688797
119038,119049,121366,11,2317,2,7200,1.00474751834
119049,119186,122274,137,3088,2,7200,1.04436528497
119182,119196,121113,14,1917,2,7200,1.00730307773
119192,119204,121162,12,1958,2,7200,1.00612870276
119203,119210,120612,7,1402,2,7200,1.00499286733
119214,119267,121897,53,2630,2,7200,1.02015209125
119265,119310,120740,45,1430,2,7200,1.03146853147
119306,119316,122442,10,3126,2,7200,1.00319897633
119317,119420,121862,103,2442,2,7200,1.04217854218
119420,119429,121056,9,1627,2,7200,1.00553165335
119430,119463,121131,33,1668,2,7200,1.01978417266
119461,119481,122143,20,2662,2,7200,1.00751314801
119482,119545,120777,63,1232,2,7200,1.05113636364
119544,119553,120851,9,1298,2,7200,1.00693374422
119554,119561,121194,7,1633,2,7200,1.0042865891
119565,119572,120923,7,1351,2,7200,1.00518134715
119576,119582,121422,6,1840,2,7200,1.00326086957
119586,119695,122809,109,3114,2,7200,1.0350032113
119699,119706,122080,7,2374,2,7200,1.00294860994
119710,119716,121385,6,1669,2,7200,1.00359496705
119720,119740,122796,20,3056,2,7200,1.00654450262
119741,119748,121170,7,1422,2,7200,1.00492264416
119752,119759,122868,7,3109,2,7200,1.00225152782
119762,119789,121625,27,1836,2,7200,1.01470588235
119794,119800,121002,6,1202,2,7200,1.00499168053
119804,119811,121774,7,1963,2,7200,1.00356597045
119815,119926,122683,111,2757,2,7200,1.04026115343
119923,126142,127898,6219,1756,2,21600,4.54157175399
119927,120072,122175,145,2103,2,7200,1.0689491203
120071,120104,121399,33,1295,2,7200,1.02548262548
120102,120247,121609,145,1362,2,7200,1.10646108664
120245,120284,122809,39,2525,2,7200,1.01544554455
120287,120306,123172,19,2866,2,7200,1.00662944871
120307,120471,122977,164,2506,2,7200,1.06544293695
120342,126471,127621,6129,1150,2,21600,6.32956521739
120472,120515,122147,43,1632,2,7200,1.02634803922
120514,120624,122575,110,1951,2,7200,1.0563813429
120626,120753,122270,127,1517,2,7200,1.08371786421
120749,120769,122219,20,1450,2,7200,1.01379310345
120770,120788,122299,18,1511,2,7200,1.01191264064
120791,120857,122063,66,1206,2,7200,1.05472636816
120853,120864,122016,11,1152,2,7200,1.00954861111
120863,120935,122403,72,1468,2,7200,1.04904632153
120935,121011,122545,76,1534,2,7200,1.04954367666
121007,121018,123929,11,2911,2,7200,1.00377877018
121018,121069,122814,51,1745,2,7200,1.02922636103
121069,121124,122915,55,1791,2,7200,1.03070910106
121121,121143,122349,22,1206,2,7200,1.01824212272
121142,121173,123283,31,2110,2,7200,1.01469194313
121173,121181,122373,8,1192,2,7200,1.0067114094
121183,121207,122683,24,1476,2,7200,1.0162601626
121204,121223,123142,19,1919,2,7200,1.0099009901
121225,121263,123144,38,1881,2,7200,1.0202020202
121266,121326,122554,60,1228,2,7200,1.04885993485
121328,121377,122619,49,1242,2,7200,1.03945249597
121379,121387,122645,8,1258,2,7200,1.00635930048
121390,121396,123509,6,2113,2,7200,1.0028395646
121401,121411,123899,10,2488,2,7200,1.0040192926
121411,121435,122813,24,1378,2,7200,1.01741654572
121419,168372,169121,46953,749,2,21600,63.6875834446
121432,121620,123021,188,1401,2,7200,1.13418986438
121616,121638,124526,22,2888,2,7200,1.00761772853
121637,121675,123171,38,1496,2,7200,1.02540106952
121679,121685,123286,6,1601,2,7200,1.00374765771
121689,121786,124021,97,2235,2,7200,1.04340044743
121781,121874,123230,93,1356,2,7200,1.0685840708
121847,168378,169099,46531,721,2,21600,65.5367545076
121874,121897,124911,23,3014,2,7200,1.00763105508
121895,121908,123956,13,2048,2,7200,1.00634765625
121905,122027,123321,122,1294,2,7200,1.0942812983
122028,122074,124075,46,2001,2,7200,1.02298850575
122080,122092,123513,12,1421,2,7200,1.00844475721
122090,122099,123652,9,1553,2,7200,1.00579523503
122101,122155,124084,54,1929,2,7200,1.02799377916
122152,122162,123300,10,1138,2,7200,1.00878734622
122163,122186,124225,23,2039,2,7200,1.01128003923
122184,122230,124073,46,1843,2,7200,1.02495930548
122235,122282,124910,47,2628,2,7200,1.01788432268
122235,224544,234803,102309,10259,16,72000,10.9726094161
122245,224549,232719,102304,8170,16,72000,13.5219094247
122253,224556,255400,102303,30844,16,72000,4.31678770587
122287,122293,124161,6,1868,2,7200,1.00321199143
122297,122310,124251,13,1941,2,7200,1.00669757857
122308,122361,124748,53,2387,2,7200,1.02220360285
122359,122386,124412,27,2026,2,7200,1.01332675222
122390,122414,124514,24,2100,2,7200,1.01142857143
122411,122454,125037,43,2583,2,7200,1.01664730933
122452,122557,124173,105,1616,2,7200,1.06497524752
122555,122567,124537,12,1970,2,7200,1.00609137056
122566,122587,123815,21,1228,2,7200,1.0171009772
122586,122631,123959,45,1328,2,7200,1.03388554217
122613,169111,169705,46498,594,2,21600,79.2794612795
122628,122656,124616,28,1960,2,7200,1.01428571429
122659,122695,124319,36,1624,2,7200,1.02216748768
122690,122701,125860,11,3159,2,7200,1.00348211459
122701,122808,124306,107,1498,2,7200,1.07142857143
122803,122821,124465,18,1644,2,7200,1.01094890511
122824,122831,124329,7,1498,2,7200,1.0046728972
122834,122841,124373,7,1532,2,7200,1.0045691906
122845,122852,124382,7,1530,2,7200,1.0045751634
122855,122880,124463,25,1583,2,7200,1.01579279848
122876,122927,124387,51,1460,2,7200,1.03493150685
122928,122988,124417,60,1429,2,7200,1.04198740378
122989,123033,124442,44,1409,2,7200,1.03122782115
122989,169132,169807,46143,675,2,21600,69.36
123030,123154,124766,124,1612,2,7200,1.07692307692
123153,123161,125675,8,2514,2,7200,1.00318217979
123164,123184,125260,20,2076,2,7200,1.00963391137
123185,123191,125352,6,2161,2,7200,1.00277649236
123195,123242,125683,47,2441,2,7200,1.01925440393
123247,123294,124816,47,1522,2,7200,1.0308804205
123298,123305,124705,7,1400,2,7200,1.005
123309,123315,125149,6,1834,2,7200,1.00327153762
123320,123333,124553,13,1220,2,7200,1.0106557377
123330,123520,124892,190,1372,2,7200,1.13848396501
123394,242647,369618,119253,126971,8,259200,1.9392144663
123525,123531,125242,6,1711,2,7200,1.00350672122
123535,123663,126021,128,2358,2,7200,1.05428329092
123658,123826,125352,168,1526,2,7200,1.11009174312
123832,123910,125382,78,1472,2,7200,1.05298913043
123914,123941,125561,27,1620,2,7200,1.01666666667
123926,149654,149658,25728,4,16,36000,2573.2
123945,123968,125699,23,1731,2,7200,1.01328711727
123966,123974,125276,8,1302,2,7200,1.00614439324
123977,124032,125451,55,1419,2,7200,1.03875968992
124028,124085,125881,57,1796,2,7200,1.03173719376
124084,169716,170024,45632,308,2,14400,149.155844156
124090,124096,125646,6,1550,2,7200,1.00387096774
124100,124107,125738,7,1631,2,7200,1.00429184549
124111,124172,125760,61,1588,2,7200,1.03841309824
124173,124185,125666,12,1481,2,7200,1.00810263336
124183,124237,125760,54,1523,2,7200,1.03545633618
124192,124505,131738,313,7233,3,7200,1.04327388359
124235,124263,125822,28,1559,2,7200,1.01796023092
124266,124318,125849,52,1531,2,7200,1.03396472894
124318,124331,125632,13,1301,2,7200,1.0099923136
124328,124341,125671,13,1330,2,7200,1.00977443609
124339,124385,125906,46,1521,2,7200,1.03024326101
124380,124393,125904,13,1511,2,7200,1.00860357379
124391,124401,125989,10,1588,2,7200,1.00629722922
124391,169747,170105,45356,358,2,14400,127.69273743
124402,124424,126171,22,1747,2,7200,1.0125930166
124423,124431,125842,8,1411,2,7200,1.00566973777
124433,124454,125734,21,1280,2,7200,1.01640625
124454,124474,126727,20,2253,2,7200,1.00887705282
124475,124481,126330,6,1849,2,7200,1.0032449973
124486,124527,126139,41,1612,2,7200,1.02543424318
124527,124538,126294,11,1756,2,7200,1.0062642369
124537,124550,126015,13,1465,2,7200,1.00887372014
124548,124564,126032,16,1468,2,7200,1.01089918256
124569,124628,125893,59,1265,2,7200,1.04664031621
124631,124717,126110,86,1393,2,7200,1.06173725772
124714,124759,126214,45,1455,2,7200,1.03092783505
124755,124777,126370,22,1593,2,7200,1.01381042059
124776,124829,126481,53,1652,2,7200,1.03208232446
124827,124903,126649,76,1746,2,7200,1.04352806415
124899,124922,126723,23,1801,2,7200,1.01277068295
124920,124928,126246,8,1318,2,7200,1.00606980273
124930,125048,126460,118,1412,2,7200,1.0835694051
125053,125161,127098,108,1937,2,7200,1.05575632421
125128,126827,133514,1699,6687,3,7200,1.25407507103
125161,200527,201320,75366,793,2,21600,96.0390920555
125166,125253,126847,87,1594,2,7200,1.05457967378
125258,125271,126899,13,1628,2,7200,1.00798525799
125269,125289,126528,20,1239,2,7200,1.01614205004
125289,125364,126632,75,1268,2,7200,1.05914826498
125361,125370,126712,9,1342,2,7200,1.00670640835
125372,125393,126996,21,1603,2,7200,1.01310043668
125393,125463,127070,70,1607,2,7200,1.0435594275
125465,125643,127188,178,1545,2,7200,1.11521035599
125542,200532,201469,74990,937,2,21600,81.0320170758
125649,125657,127103,8,1446,2,7200,1.00553250346
125659,125678,127121,19,1443,2,7200,1.01316701317
125680,125686,127180,6,1494,2,7200,1.00401606426
125691,125698,127181,7,1483,2,7200,1.00472016183
125702,125708,127062,6,1354,2,7200,1.00443131462
125712,125718,128145,6,2427,2,7200,1.00247218789
125723,125746,127501,23,1755,2,7200,1.01310541311
125744,125752,128849,8,3097,2,7200,1.00258314498
125754,125772,128744,18,2972,2,7200,1.00605652759
125775,125781,127535,6,1754,2,7200,1.00342075257
125786,125833,127425,47,1592,2,7200,1.02952261307
125837,125854,127467,17,1613,2,7200,1.01053936764
125858,125864,127134,6,1270,2,7200,1.00472440945
125869,125892,127153,23,1261,2,7200,1.01823949247
125889,125904,127321,15,1417,2,7200,1.01058574453
125900,125923,127584,23,1661,2,7200,1.01384708007
125903,200537,202367,74634,1830,2,21600,41.7836065574
125921,126001,127744,80,1743,2,7200,1.04589787722
126003,126027,127647,24,1620,2,7200,1.01481481481
126024,126034,127414,10,1380,2,7200,1.00724637681
126035,126044,127518,9,1474,2,7200,1.00610583446
126045,126151,127619,106,1468,2,7200,1.07220708447
126148,126183,127747,35,1564,2,7200,1.02237851662
126179,126226,127720,47,1494,2,7200,1.03145917001
126230,126259,128116,29,1857,2,7200,1.01561658589
126253,142112,142115,15859,3,1,216000,1586.2
126261,126307,127867,46,1560,2,7200,1.02948717949
126303,126343,127800,40,1457,2,7200,1.02745367193
126344,126381,127911,37,1530,2,7200,1.02418300654
126385,126492,128115,107,1623,2,7200,1.06592729513
126403,136077,140283,9674,4206,1,36000,3.30004755112
126487,126540,127945,53,1405,2,7200,1.03772241993
126529,126644,128092,115,1448,2,7200,1.0794198895
126641,126661,128073,20,1412,2,7200,1.01416430595
126652,126724,128245,72,1521,2,7200,1.04733727811
126713,126734,128155,21,1421,2,7200,1.01477832512
126724,126740,128576,16,1836,2,7200,1.00871459695
126735,126833,128587,98,1754,2,7200,1.0558722919
126831,140327,147160,13496,6833,1,18000,2.9751207376
126837,126844,128427,7,1583,2,7200,1.00442198358
126848,126854,128365,6,1511,2,7200,1.00397088021
126858,126864,128732,6,1868,2,7200,1.00321199143
126859,126870,126892,11,22,3,120,1.5
126869,126877,128204,8,1327,2,7200,1.00602863602
126880,126886,128405,6,1519,2,7200,1.00394996708
126890,126904,128358,14,1454,2,7200,1.00962861073
126901,126910,128293,9,1383,2,7200,1.00650759219
126911,127008,128415,97,1407,2,7200,1.06894100924
127004,127074,128653,70,1579,2,7200,1.0443318556
127041,127909,127923,868,14,3,120,63.0
127075,142128,149155,15053,7027,1,18000,3.14216593141
127076,127082,128683,6,1601,2,7200,1.00374765771
127086,127110,128689,24,1579,2,7200,1.01519949335
127107,127116,128975,9,1859,2,7200,1.00484131253
127118,127134,129034,16,1900,2,7200,1.00842105263
127139,127145,128859,6,1714,2,7200,1.00350058343
127149,127164,128976,15,1812,2,7200,1.0082781457
127160,127191,129312,31,2121,2,7200,1.01461574729
127191,127197,128844,6,1647,2,7200,1.00364298725
127202,127209,129061,7,1852,2,7200,1.00377969762
127212,127333,128566,121,1233,2,7200,1.09813463098
127335,127427,129861,92,2434,2,7200,1.0377978636
127368,169752,170076,42384,324,2,14400,131.814814815
127430,127436,129052,6,1616,2,7200,1.00371287129
127441,127478,129121,37,1643,2,7200,1.02251978089
127482,127513,128879,31,1366,2,7200,1.02269399707
127513,127529,128937,16,1408,2,7200,1.01136363636
127534,127547,129085,13,1538,2,7200,1.00845253576
127544,127595,129237,51,1642,2,7200,1.03105968331
127565,147172,152604,19607,5432,1,18000,4.60953608247
127596,127631,129235,35,1604,2,7200,1.02182044888
127627,169757,170066,42130,309,2,14400,137.343042071
127627,127658,129572,31,1914,2,7200,1.01619644723
127658,127734,129823,76,2089,2,7200,1.03638104356
127677,149167,156180,21490,7013,1,18000,4.06430914017
127730,127756,129318,26,1562,2,7200,1.0166453265
127731,152617,159406,24886,6789,1,18000,4.66563558698
127761,127768,129378,7,1610,2,7200,1.00434782609
127772,127812,129651,40,1839,2,7200,1.0217509516
127794,156191,162717,28397,6526,1,18000,5.35136377567
127813,127879,129327,66,1448,2,7200,1.0455801105
127875,127923,129375,48,1452,2,7200,1.03305785124
127876,162729,169193,34853,6464,1,18000,6.39186262376
127926,127957,129649,31,1692,2,7200,1.018321513
127958,128085,129647,127,1562,2,7200,1.08130601793
127960,168383,173932,40423,5549,1,18000,8.28473598847
128006,169778,176595,41772,6817,1,18000,7.12762212117
128053,171565,173529,43512,1964,1,18000,23.1547861507
128082,128104,130068,22,1964,2,7200,1.01120162933
128091,171822,173717,43731,1895,1,18000,24.0770448549
128102,128127,129801,25,1674,2,7200,1.01493428913
128123,128133,129947,10,1814,2,7200,1.00551267916
128134,128156,129975,22,1819,2,7200,1.01209455745
128155,128168,130757,13,2589,2,7200,1.00502124372
128166,128257,131119,91,2862,2,7200,1.03179594689
128258,128305,129804,47,1499,2,7200,1.03135423616
128310,128417,131520,107,3103,2,7200,1.03448275862
128422,128430,129731,8,1301,2,7200,1.00614911606
128433,128578,130054,145,1476,2,7200,1.09823848238
128576,128587,130536,11,1949,2,7200,1.00564391996
128587,128664,131104,77,2440,2,7200,1.03155737705
128632,169762,169957,41130,195,2,14400,211.923076923
128669,128694,130811,25,2117,2,7200,1.01180916391
128690,128702,131815,12,3113,2,7200,1.00385480244
128701,128755,130368,54,1613,2,7200,1.03347799132
128752,128855,131115,103,2260,2,7200,1.04557522124
128855,128870,130891,15,2021,2,7200,1.00742206828
128855,128862,130149,7,1287,2,7200,1.00543900544
128866,128890,130459,24,1569,2,7200,1.01529636711
128887,128948,130692,61,1744,2,7200,1.03497706422
128892,131749,132624,2857,875,3,7200,4.26514285714
128938,128986,130516,48,1530,2,7200,1.03137254902
128979,128994,130963,15,1969,2,7200,1.00761808024
128990,129046,132295,56,3249,2,7200,1.01723607264
129043,129063,132214,20,3151,2,7200,1.00634719137
129053,129072,132204,19,3132,2,7200,1.00606641124
129064,129096,130579,32,1483,2,7200,1.02157788267
129095,129132,130764,37,1632,2,7200,1.02267156863
129126,129246,131105,120,1859,2,7200,1.06455083378
129239,129254,131321,15,2067,2,7200,1.00725689405
129250,129323,131219,73,1896,2,7200,1.0385021097
129321,129330,131499,9,2169,2,7200,1.00414937759
129322,129338,131523,16,2185,2,7200,1.00732265446
129333,129387,130844,54,1457,2,7200,1.0370624571
129384,129393,131042,9,1649,2,7200,1.00545785324
129384,129585,131574,201,1989,2,7200,1.10105580694
129579,129658,131927,79,2269,2,7200,1.03481710004
129599,175612,428605,46013,252993,1,536400,1.18187459732
129649,129666,132510,17,2844,2,7200,1.00597749648
129659,129671,132503,12,2832,2,7200,1.00423728814
129670,129743,131585,73,1842,2,7200,1.03963083605
129732,129812,131150,80,1338,2,7200,1.05979073244
129804,129820,131200,16,1380,2,7200,1.0115942029
129815,129835,132400,20,2565,2,7200,1.00779727096
129825,129873,131815,48,1942,2,7200,1.02471678682
129867,129959,133106,92,3147,2,7200,1.02923419129
129949,129986,131226,37,1240,2,7200,1.02983870968
129980,130065,131589,85,1524,2,7200,1.05577427822
130062,130080,131495,18,1415,2,7200,1.01272084806
130073,130160,131695,87,1535,2,7200,1.05667752443
130155,130379,132901,224,2522,2,7200,1.0888183981
130370,130469,132801,99,2332,2,7200,1.04245283019
130462,130528,133543,66,3015,2,7200,1.02189054726
130524,130548,133018,24,2470,2,7200,1.00971659919
130545,130590,132429,45,1839,2,7200,1.02446982055
130586,130704,133613,118,2909,2,7200,1.04056376762
130699,130769,132952,70,2183,2,7200,1.03206596427
130761,130775,131989,14,1214,2,7200,1.01153212521
130772,130823,132310,51,1487,2,7200,1.03429724277
130813,130857,133957,44,3100,2,7200,1.01419354839
130854,130902,134056,48,3154,2,7200,1.01521876982
130896,130974,132457,78,1483,2,7200,1.05259608901
130968,131054,133298,86,2244,2,7200,1.03832442068
131050,131115,133483,65,2368,2,7200,1.02744932432
131111,131122,133545,11,2423,2,7200,1.00453982666
131112,131128,133634,16,2506,2,7200,1.00638467678
131122,131135,133358,13,2223,2,7200,1.00584795322
131133,131161,133094,28,1933,2,7200,1.01448525608
131154,131212,133549,58,2337,2,7200,1.02481814292
131205,131230,132862,25,1632,2,7200,1.01531862745
131226,131237,132511,11,1274,2,7200,1.00863422292
131227,131332,133298,105,1966,2,7200,1.05340793489
131329,131506,133529,177,2023,2,7200,1.08749382106
131504,131514,133509,10,1995,2,7200,1.00501253133
131504,131537,134504,33,2967,2,7200,1.0111223458
131525,131544,133447,19,1903,2,7200,1.00998423542
131536,131586,134436,50,2850,2,7200,1.01754385965
131577,131596,133338,19,1742,2,7200,1.01090700344
131588,131603,133619,15,2016,2,7200,1.00744047619
131598,131707,134831,109,3124,2,7200,1.03489116517
131701,131826,133161,125,1335,2,7200,1.0936329588
131824,131832,134032,8,2200,2,7200,1.00363636364
131824,131940,134712,116,2772,2,7200,1.04184704185
131937,132000,134597,63,2597,2,7200,1.02425876011
131999,132514,134279,515,1765,2,7200,1.29178470255
132000,132215,132252,215,37,2,1800,6.81081081081
132000,132226,132264,226,38,2,1800,6.94736842105
132000,132263,132295,263,32,2,1800,9.21875
132001,132325,132371,324,46,2,1800,8.04347826087
132001,132276,132307,275,31,2,1800,9.87096774194
132001,132306,132358,305,52,2,1800,6.86538461538
132001,132318,132370,317,52,2,1800,7.09615384615
132001,132312,132363,311,51,2,1800,7.09803921569
132002,132389,132450,387,61,2,1800,7.34426229508
132002,132384,132455,382,71,2,1800,6.38028169014
132002,132370,132432,368,62,2,1800,6.93548387097
132002,132377,132438,375,61,2,1800,7.14754098361
132003,132455,132537,452,82,2,1800,6.51219512195
132003,132412,132475,409,63,2,1800,7.49206349206
132003,132448,132531,445,83,2,1800,6.36144578313
132003,132442,132515,439,73,2,1800,7.01369863014
132003,132462,132546,459,84,2,1800,6.46428571429
132004,132474,132547,470,73,2,1800,7.43835616438
132004,132488,132552,484,64,2,1800,8.5625
132004,132468,132543,464,75,2,1800,7.18666666667
132214,132521,134086,307,1565,2,7200,1.19616613419
132329,247067,334346,114738,87279,16,88200,2.31461176228
132511,132527,134471,16,1944,2,7200,1.00823045267
132522,132533,134262,11,1729,2,7200,1.00636205899
132532,132543,135435,11,2892,2,7200,1.00380359613
132533,132550,135570,17,3020,2,7200,1.00562913907
132543,132557,134871,14,2314,2,7200,1.00605012965
132554,132563,134895,9,2332,2,7200,1.0038593482
132554,132569,135717,15,3148,2,7200,1.00476493011
132565,132575,134553,10,1978,2,7200,1.00505561173
132565,132812,135008,247,2196,2,7200,1.11247723133
132736,133537,136860,801,3323,3,7200,1.24104724646
132800,137772,139973,4972,2201,3,7200,3.258973194
132811,132873,135776,62,2903,2,7200,1.02135721667
132863,132912,134759,49,1847,2,7200,1.02652950731
132904,132964,135032,60,2068,2,7200,1.02901353965
132955,133029,134791,74,1762,2,7200,1.04199772985
133027,133326,135255,299,1929,2,7200,1.15500259202
133051,133105,133127,54,22,2,1800,3.45454545455
133052,133172,133194,120,22,2,1800,6.45454545455
133052,133163,133184,111,21,2,1800,6.28571428571
133052,133152,133173,100,21,2,1800,5.7619047619
133052,133118,133140,66,22,2,1800,4.0
133052,133140,133151,88,11,2,1800,9.0
133053,133195,133217,142,22,2,1800,7.45454545455
133053,133185,133197,132,12,2,1800,12.0
133053,133215,133237,162,22,2,1800,8.36363636364
133053,133210,133231,157,21,2,1800,8.47619047619
133054,133261,133284,207,23,2,1800,10.0
133054,133275,133297,221,22,2,1800,11.0454545455
133054,133249,133270,195,21,2,1800,10.2857142857
133054,133242,133263,188,21,2,1800,9.95238095238
133054,133229,133250,175,21,2,1800,9.33333333333
133055,133282,133303,227,21,2,1800,11.8095238095
133055,133315,133338,260,23,2,1800,12.3043478261
133055,133309,133330,254,21,2,1800,13.0952380952
133055,133296,133318,241,22,2,1800,11.9545454545
133056,133321,133343,265,22,2,1800,13.0454545455
133099,133333,136466,234,3133,2,7200,1.07468879668
133198,133529,133541,331,12,1,600,28.5833333333
133330,133356,135125,26,1769,2,7200,1.01469756925
133330,133342,135534,12,2192,2,7200,1.00547445255
133341,133361,135039,20,1678,2,7200,1.01191895113
133352,133368,136301,16,2933,2,7200,1.00545516536
133363,133375,135325,12,1950,2,7200,1.00615384615
133364,133459,135998,95,2539,2,7200,1.03741630563
133456,133496,136203,40,2707,2,7200,1.01477650536
133487,133521,135976,34,2455,2,7200,1.01384928717
133518,133544,135810,26,2266,2,7200,1.01147396293
133539,133555,136712,16,3157,2,7200,1.00506810263
133550,133567,135235,17,1668,2,7200,1.01019184652
133550,133562,136485,12,2923,2,7200,1.00410537119
133561,133625,135722,64,2097,2,7200,1.03051979018
133602,133608,133615,6,7,1,1810,1.3
133623,133647,135398,24,1751,2,7200,1.01370645346
133623,133632,135087,9,1455,2,7200,1.00618556701
133644,133968,136820,324,2852,2,7200,1.11360448808
133890,133896,134139,6,243,1,1810,1.02469135802
133961,134043,136957,82,2914,2,7200,1.02814001373
134033,134068,137187,35,3119,2,7200,1.01122154537
134049,134055,134066,6,11,1,600,1.54545454545
134064,134097,137222,33,3125,2,7200,1.01056
134095,134274,135555,179,1281,2,7200,1.13973458236
134200,134206,134445,6,239,1,1810,1.02510460251
134269,134291,136108,22,1817,2,7200,1.01210787012
134280,134448,136357,168,1909,2,7200,1.08800419068
134444,134483,137041,39,2558,2,7200,1.01524628616
134475,134516,136284,41,1768,2,7200,1.02319004525
134506,134564,136184,58,1620,2,7200,1.03580246914
134557,134609,137736,52,3127,2,7200,1.01662935721
134599,134724,136288,125,1564,2,7200,1.07992327366
134633,134641,134879,8,238,1,1810,1.03361344538
134722,134770,136244,48,1474,2,7200,1.03256445047
134763,134802,137126,39,2324,2,7200,1.01678141136
134794,134843,137392,49,2549,2,7200,1.01922322479
134835,134883,137076,48,2193,2,7200,1.0218878249
134876,134907,136744,31,1837,2,7200,1.01687534023
134897,135020,136358,123,1338,2,7200,1.09192825112
134984,134990,135228,6,238,1,1810,1.02521008403
135010,135044,136408,34,1364,2,7200,1.02492668622
135041,135050,136311,9,1261,2,7200,1.0071371927
135042,135098,136578,56,1480,2,7200,1.03783783784
135093,135138,137851,45,2713,2,7200,1.01658680428
135134,135247,136971,113,1724,2,7200,1.06554524362
135237,135266,138407,29,3141,2,7200,1.00923272843
135257,135338,138207,81,2869,2,7200,1.02823283374
135329,135410,137062,81,1652,2,7200,1.049031477
135373,169893,169941,34520,48,1,1810,720.166666667
135401,135446,137873,45,2427,2,7200,1.01854140915
135442,135545,137540,103,1995,2,7200,1.05162907268
135545,135567,138132,22,2565,2,7200,1.00857699805
135566,135581,137673,15,2092,2,7200,1.00717017208
135576,135729,137596,153,1867,2,7200,1.08194965185
135720,135736,137895,16,2159,2,7200,1.00741083835
135730,135787,137187,57,1400,2,7200,1.04071428571
135782,135821,138943,39,3122,2,7200,1.01249199231
135813,135987,139136,174,3149,2,7200,1.05525563671
135977,136010,137657,33,1647,2,7200,1.02003642987
136008,136120,138597,112,2477,2,7200,1.04521598708
136111,136195,139340,84,3145,2,7200,1.026709062
136139,204300,204301,68161,1,1,576000,6816.2
136193,136217,138533,24,2316,2,7200,1.0103626943
136204,136255,137904,51,1649,2,7200,1.03092783505
136245,136296,137695,51,1399,2,7200,1.03645461044
136262,242624,265159,106362,22535,16,72000,5.71985799867
136286,136303,138308,17,2005,2,7200,1.00847880299
136297,136312,138302,15,1990,2,7200,1.00753768844
136308,136323,138772,15,2449,2,7200,1.00612494896
136318,136369,137695,51,1326,2,7200,1.03846153846
136360,136375,138292,15,1917,2,7200,1.00782472613
136370,136420,139567,50,3147,2,7200,1.01588814744
136411,136478,138505,67,2027,2,7200,1.03305377405
136474,136496,139183,22,2687,2,7200,1.00818756978
136494,136589,138428,95,1839,2,7200,1.05165851006
136587,136723,138768,136,2045,2,7200,1.06650366748
136669,169843,177079,33174,7236,1,7200,5.58457711443
136720,136756,139274,36,2518,2,7200,1.01429706116
136751,136832,138853,81,2021,2,7200,1.04007916873
136786,169883,169892,33097,9,1,1800,3310.6
136800,169888,169895,33088,7,1,1800,3309.5
136823,136969,138425,146,1456,2,7200,1.10027472527
136881,139991,141428,3110,1437,3,7200,3.16423103688
136967,136982,140125,15,3143,2,7200,1.00477251034
136978,137052,138974,74,1922,2,7200,1.03850156087
137050,137073,138307,23,1234,2,7200,1.01863857374
137070,137087,138427,17,1340,2,7200,1.01268656716
137081,137137,138777,56,1640,2,7200,1.03414634146
137133,137199,139257,66,2058,2,7200,1.03206997085
137194,137205,139416,11,2211,2,7200,1.00497512438
137195,137233,139014,38,1781,2,7200,1.02133632791
137226,137404,138624,178,1220,2,7200,1.14590163934
137400,137553,138873,153,1320,2,7200,1.11590909091
137418,140296,140315,2878,19,1,14400,152.473684211
137544,137609,139071,65,1462,2,7200,1.04445964432
137606,137670,139605,64,1935,2,7200,1.0330749354
137667,137684,138887,17,1203,2,7200,1.01413133832
137678,137705,140405,27,2700,2,7200,1.01
137699,137711,139003,12,1292,2,7200,1.0092879257
137710,137747,139293,37,1546,2,7200,1.02393272962
137741,137862,139473,121,1611,2,7200,1.07510862818
137854,137884,139294,30,1410,2,7200,1.02127659574
137875,137906,139812,31,1906,2,7200,1.01626442812
137896,137915,139201,19,1286,2,7200,1.01477449456
137906,138200,139823,294,1623,2,7200,1.18114602588
138111,138144,138188,33,44,2,3600,1.75
138133,138219,139592,86,1373,2,7200,1.06263656227
138216,138303,139543,87,1240,2,7200,1.07016129032
138298,138313,139504,15,1191,2,7200,1.01259445844
138308,138320,139532,12,1212,2,7200,1.0099009901
138309,138325,139552,16,1227,2,7200,1.0130399348
138319,138418,139641,99,1223,2,7200,1.08094848733
138412,138438,139670,26,1232,2,7200,1.0211038961
138432,138444,139673,12,1229,2,7200,1.0097640358
138435,143294,144768,4859,1474,5,3600,4.29647218453
138435,144779,146317,6344,1538,5,3600,5.12483745124
138436,147377,148839,8941,1462,5,3600,7.11559507524
138436,146329,147819,7893,1490,5,3600,6.29731543624
138436,145879,147366,7443,1487,5,3600,6.00537995965
138437,148850,150326,10413,1476,5,3600,8.05487804878
138437,147831,149312,9394,1481,5,3600,7.34301147873
138438,150338,151796,11900,1458,5,3600,9.16186556927
138438,149329,150807,10891,1478,5,3600,8.36874154263
138439,151807,153298,13368,1491,5,3600,9.96579476861
138439,150818,152311,12379,1493,5,3600,9.2913596785
138440,152323,153776,13883,1453,5,3600,10.554714384
138440,153788,155347,15348,1559,5,3600,10.8447722899
138440,153310,154813,14870,1503,5,3600,10.8935462409
138441,154826,156325,16385,1499,5,3600,11.9306204136
138441,155358,156881,16917,1523,5,3600,12.1076822062
138442,156337,157744,17895,1407,5,3600,13.7185501066
138442,156892,158391,18450,1499,5,3600,13.3082054703
138443,138517,139745,74,1228,2,7200,1.06026058632
138443,157755,159259,19312,1504,5,3600,13.8404255319
138443,158404,159929,19961,1525,5,3600,14.0891803279
138443,138450,139641,7,1191,2,7200,1.00587741394
138444,159077,160457,20633,1380,5,3600,15.9514492754
138505,159271,160628,20766,1357,5,3600,16.3028739867
138506,159941,161439,21435,1498,5,3600,15.3090787717
138506,160469,161936,21963,1467,5,3600,15.9713701431
138507,161450,162859,22943,1409,5,3600,17.28317956
138507,160640,161979,22133,1339,5,3600,17.5294996266
138507,161949,163387,23442,1438,5,3600,17.3018080668
138508,161990,163386,23482,1396,5,3600,17.8209169054
138508,162277,163789,23769,1512,5,3600,16.7202380952
138509,163397,164811,24888,1414,5,3600,18.6011315417
138509,162871,164370,24362,1499,5,3600,17.2521681121
138510,163801,165358,25291,1557,5,3600,17.2434168272
138510,163403,164949,24893,1546,5,3600,17.1015523933
138511,164823,166345,26312,1522,5,3600,18.2877792378
138511,164961,166443,26450,1482,5,3600,18.8475033738
138511,164381,165880,25870,1499,5,3600,18.2581721147
138512,165370,166834,26858,1464,5,3600,19.3456284153
138512,165892,167368,27380,1476,5,3600,19.5501355014
138513,166455,167972,27942,1517,5,3600,19.4192485168
138513,166358,167933,27845,1575,5,3600,18.6793650794
138514,166846,168361,28332,1515,5,3600,19.700990099
138514,167379,168871,28865,1492,5,3600,20.3465147453
138515,138544,139818,29,1274,2,7200,1.02276295133
138536,138610,139853,74,1243,2,7200,1.05953338697
138598,138636,139879,38,1243,2,7200,1.03057119871
138630,138780,140006,150,1226,2,7200,1.12234910277
138773,138786,140045,13,1259,2,7200,1.01032565528
138784,138865,140094,81,1229,2,7200,1.06590724166
138784,138793,139972,9,1179,2,7200,1.00763358779
138856,138885,140128,29,1243,2,7200,1.02333065165
138877,138898,140060,21,1162,2,7200,1.01807228916
138888,138955,140226,67,1271,2,7200,1.05271439811
138949,138987,140242,38,1255,2,7200,1.03027888446
138981,139015,140201,34,1186,2,7200,1.02866779089
139012,139027,140261,15,1234,2,7200,1.01215559157
139022,139083,140417,61,1334,2,7200,1.04572713643
139074,139148,140383,74,1235,2,7200,1.05991902834
139136,139194,141359,58,2165,2,7200,1.02678983834
139188,139213,140431,25,1218,2,7200,1.02052545156
139209,139269,140489,60,1220,2,7200,1.04918032787
139260,139285,140523,25,1238,2,7200,1.02019386107
139281,139304,140566,23,1262,2,7200,1.01822503962
139302,139312,140591,10,1279,2,7200,1.00781860829
139303,139351,140611,48,1260,2,7200,1.0380952381
139324,149669,174915,10345,25246,16,25200,1.40976788402
139344,139428,140663,84,1235,2,7200,1.06801619433
139426,139484,140746,58,1262,2,7200,1.04595879556
139478,139515,141079,37,1564,2,7200,1.023657289
139509,139544,140799,35,1255,2,7200,1.02788844622
139540,139554,141065,14,1511,2,7200,1.00926538716
139551,139564,140798,13,1234,2,7200,1.01053484603
139562,139579,141253,17,1674,2,7200,1.01015531661
139573,139604,141258,31,1654,2,7200,1.01874244256
139594,139617,141051,23,1434,2,7200,1.0160390516
139615,139652,141759,37,2107,2,7200,1.01756051258
139646,139659,141277,13,1618,2,7200,1.00803461063
139657,139681,141464,24,1783,2,7200,1.0134604599
139678,139689,141493,11,1804,2,7200,1.00609756098
139678,139817,142134,139,2317,2,7200,1.05999136815
139750,139823,142198,73,2375,2,7200,1.03073684211
139823,139829,142033,6,2204,2,7200,1.00272232305
139823,139837,142886,14,3049,2,7200,1.0045916694
139834,139865,142087,31,2222,2,7200,1.01395139514
139855,139890,141734,35,1844,2,7200,1.01898047722
139886,139984,142061,98,2077,2,7200,1.04718343765
139979,140018,143183,39,3165,2,7200,1.01232227488
140012,140057,141664,45,1607,2,7200,1.02800248911
140047,141032,143213,985,2181,3,7200,1.45162769372
140054,140071,143223,17,3152,2,7200,1.00539340102
140065,140106,143278,41,3172,2,7200,1.01292559899
140097,140137,141817,40,1680,2,7200,1.02380952381
140115,142344,149569,2229,7225,3,7200,1.30851211073
140128,140144,141504,16,1360,2,7200,1.01176470588
140139,140212,141586,73,1374,2,7200,1.05312954876
140211,140238,142693,27,2455,2,7200,1.01099796334
140232,140253,142094,21,1841,2,7200,1.01140684411
140243,140273,143410,30,3137,2,7200,1.00956327702
140264,140394,142190,130,1796,2,7200,1.0723830735
140369,237823,281802,97454,43979,2,180000,3.21592123513
140387,140417,143460,30,3043,2,7200,1.00985869208
140408,140428,143605,20,3177,2,7200,1.00629524709
140418,140443,142851,25,2408,2,7200,1.0103820598
140439,140500,141727,61,1227,2,7200,1.04971475143
140491,140535,143711,44,3176,2,7200,1.01385390428
140532,140578,142694,46,2116,2,7200,1.02173913043
140574,140603,142215,29,1612,2,7200,1.01799007444
140595,140622,143135,27,2513,2,7200,1.01074413052
140616,140674,143837,58,3163,2,7200,1.01833702181
140647,234815,239833,94168,5018,25,7199,19.7660422479
140668,140758,143380,90,2622,2,7200,1.03432494279
140752,140810,142325,58,1515,2,7200,1.03828382838
140804,140815,142488,11,1673,2,7200,1.00657501494
140815,141063,142626,248,1563,2,7200,1.15866922585
141054,141076,142554,22,1478,2,7200,1.0148849797
141076,141092,143286,16,2194,2,7200,1.00729261623
141087,141265,143279,178,2014,2,7200,1.08838133069
141263,141271,143275,8,2004,2,7200,1.00399201597
141263,141288,142929,25,1641,2,7200,1.01523461304
141284,141370,143853,86,2483,2,7200,1.03463552155
141367,141476,142971,109,1495,2,7200,1.072909699
141469,141505,143277,36,1772,2,7200,1.02031602709
141501,141515,143650,14,2135,2,7200,1.00655737705
141511,141598,143781,87,2183,2,7200,1.03985341273
141594,141675,144837,81,3162,2,7200,1.02561669829
141645,173729,178166,32084,4437,1,18000,8.23101194501
141666,141739,144055,73,2316,2,7200,1.03151986183
141738,141747,143975,9,2228,2,7200,1.00403949731
141738,141770,144116,32,2346,2,7200,1.0136402387
141769,141829,143991,60,2162,2,7200,1.02775208141
141821,142044,143966,223,1922,2,7200,1.11602497399
142037,142073,143985,36,1912,2,7200,1.01882845188
142068,142099,143494,31,1395,2,7200,1.02222222222
142089,142105,144449,16,2344,2,7200,1.00682593857
142100,142146,144090,46,1944,2,7200,1.02366255144
142143,142201,144740,58,2539,2,7200,1.02284363923
142195,142210,143809,15,1599,2,7200,1.00938086304
142206,142227,143977,21,1750,2,7200,1.012
142216,142337,145088,121,2751,2,7200,1.04398400582
142332,142500,144891,168,2391,2,7200,1.07026348808
142345,193835,193837,51490,2,1,18000,5149.2
142496,142565,144463,69,1898,2,7200,1.0363540569
142558,142637,145011,79,2374,2,7200,1.03327716933
142630,142704,145315,74,2611,2,7200,1.02834163156
142702,142711,144540,9,1829,2,7200,1.00492072171
142703,142862,145176,159,2314,2,7200,1.06871218669
142857,142898,144717,41,1819,2,7200,1.02253985706
142888,142941,145766,53,2825,2,7200,1.01876106195
142939,142984,145076,45,2092,2,7200,1.02151051625
142981,143146,145387,165,2241,2,7200,1.07362784471
143145,143194,144729,49,1535,2,7200,1.0319218241
143187,143234,146279,47,3045,2,7200,1.01543513957
143228,143287,144681,59,1394,2,7200,1.04232424677
143248,144126,151193,878,7067,3,7200,1.12423942267
143280,143305,146237,25,2932,2,7200,1.008526603
143290,149582,156661,6292,7079,3,7200,1.88882610538
143291,143391,145514,100,2123,2,7200,1.04710315591
143302,143422,145868,120,2446,2,7200,1.04905968929
143394,143471,145861,77,2390,2,7200,1.03221757322
143425,143505,145774,80,2269,2,7200,1.03525782283
143467,143616,146359,149,2743,2,7200,1.0543200875
143508,143662,145831,154,2169,2,7200,1.07100046104
143621,143722,145475,101,1753,2,7200,1.05761551626
143663,143793,145207,130,1414,2,7200,1.09193776521
143724,143821,145981,97,2160,2,7200,1.04490740741
143797,143849,145864,52,2015,2,7200,1.02580645161
143817,143864,145842,47,1978,2,7200,1.02376137513
143849,143978,146108,129,2130,2,7200,1.06056338028
143870,143986,146225,116,2239,2,7200,1.05180884323
143983,143994,145957,11,1963,2,7200,1.00560366786
143983,144000,145591,17,1591,2,7200,1.01068510371
143994,144006,146484,12,2478,2,7200,1.00484261501
144005,144102,146276,97,2174,2,7200,1.04461821527
144005,144068,146518,63,2450,2,7200,1.02571428571
144067,144133,146511,66,2378,2,7200,1.02775441548
144099,144460,145839,361,1379,2,7200,1.26178390138
144130,144474,146389,344,1915,2,7200,1.17963446475
144225,239844,247056,95619,7212,25,7199,14.2583194676
144260,155409,187841,11149,32432,8,32400,1.34376541687
144458,144552,146380,94,1828,2,7200,1.05142231947
144479,144693,146231,214,1538,2,7200,1.13914174252
144511,224515,224520,80004,5,32,72000,8000.9
144551,144729,146275,178,1546,2,7200,1.11513583441
144560,224520,224522,79960,2,32,72000,7996.2
144591,224531,224532,79940,1,32,72000,7994.1
144696,144741,146351,45,1610,2,7200,1.02795031056
144727,144752,146503,25,1751,2,7200,1.01427755568
144737,144849,146568,112,1719,2,7200,1.06515415939
144748,144903,146437,155,1534,2,7200,1.10104302477
144751,224537,224538,79786,1,32,72000,7978.7
144851,145022,146565,171,1543,2,7200,1.11082307194
144903,145088,146489,185,1401,2,7200,1.13204853676
145026,145100,146476,74,1376,2,7200,1.05377906977
145088,145188,147870,100,2682,2,7200,1.03728560776
145099,145219,147853,120,2634,2,7200,1.04555808656
145191,145326,148507,135,3181,2,7200,1.04243948444
145223,145399,146936,176,1537,2,7200,1.11450878334
145326,145487,147447,161,1960,2,7200,1.08214285714
145398,145525,146935,127,1410,2,7200,1.09007092199
145490,145603,146983,113,1380,2,7200,1.08188405797
145521,145782,147927,261,2145,2,7200,1.12167832168
145604,145789,148478,185,2689,2,7200,1.06879880997
145778,145843,149014,65,3171,2,7200,1.02049826553
145789,145851,147218,62,1367,2,7200,1.04535479151
145841,145863,147118,22,1255,2,7200,1.01752988048
145851,145873,147366,22,1493,2,7200,1.01473543202
145862,145968,147622,106,1654,2,7200,1.06408706167
145873,145993,147215,120,1222,2,7200,1.09819967267
145965,146119,148115,154,1996,2,7200,1.07715430862
145997,146236,147543,239,1307,2,7200,1.18286151492
146120,146243,148229,123,1986,2,7200,1.06193353474
146233,146250,149249,17,2999,2,7200,1.00566855619
146244,146286,147794,42,1508,2,7200,1.02785145889
146255,146293,147707,38,1414,2,7200,1.02687411598
146286,146299,148983,13,2684,2,7200,1.00484351714
146296,146364,148230,68,1866,2,7200,1.03644158628
146297,146370,147690,73,1320,2,7200,1.0553030303
146369,146392,148997,23,2605,2,7200,1.00882917466
146369,146401,148313,32,1912,2,7200,1.01673640167
146390,146449,149213,59,2764,2,7200,1.02134587554
146401,146487,147821,86,1334,2,7200,1.06446776612
146430,200804,202568,54374,1764,2,21600,31.8242630385
146453,146495,147900,42,1405,2,7200,1.02989323843
146484,146502,148396,18,1894,2,7200,1.00950369588
146495,146515,148648,20,2133,2,7200,1.00937646507
146505,146524,149202,19,2678,2,7200,1.0070948469
146516,146531,148112,15,1581,2,7200,1.00948766603
146527,146584,148358,57,1774,2,7200,1.0321307779
146527,146576,148389,49,1813,2,7200,1.02702702703
146579,146953,149348,374,2395,2,7200,1.15615866388
146579,146946,149298,367,2352,2,7200,1.15603741497
146685,200979,202608,54294,1629,2,21600,34.3296500921
146949,146996,149448,47,2452,2,7200,1.0191680261
146950,147131,149297,181,2166,2,7200,1.08356417359
146992,147226,149662,234,2436,2,7200,1.0960591133
147136,147234,149260,98,2026,2,7200,1.04837117473
147228,147383,149108,155,1725,2,7200,1.08985507246
147239,147458,148628,219,1170,2,7200,1.18717948718
147383,147554,149127,171,1573,2,7200,1.10870947235
147455,147634,148977,179,1343,2,7200,1.13328369322
147507,201099,201602,53592,503,2,21600,107.54473161
147558,147702,148988,144,1286,2,7200,1.11197511664
147630,147718,149838,88,2120,2,7200,1.04150943396
147702,147805,149200,103,1395,2,7200,1.07383512545
147723,147837,149306,114,1469,2,7200,1.07760381212
147805,147864,149034,59,1170,2,7200,1.05042735043
147836,147882,149045,46,1163,2,7200,1.03955288048
147868,147912,150890,44,2978,2,7200,1.01477501679
147878,147939,149796,61,1857,2,7200,1.03284868067
147909,148124,149445,215,1321,2,7200,1.16275548827
147941,148130,150541,189,2411,2,7200,1.07839070925
148126,148247,149430,121,1183,2,7200,1.10228233305
148126,148242,149925,116,1683,2,7200,1.06892453951
148239,148325,149590,86,1265,2,7200,1.06798418972
148250,148369,150830,119,2461,2,7200,1.04835432751
148324,148402,150965,78,2563,2,7200,1.03043308623
148365,148408,149940,43,1532,2,7200,1.02806788512
148406,148490,150486,84,1996,2,7200,1.04208416834
148407,148518,150966,111,2448,2,7200,1.04534313725
148489,148644,150320,155,1676,2,7200,1.09248210024
148520,148659,150723,139,2064,2,7200,1.06734496124
148577,218151,390976,69574,172825,4,172800,1.40256907276
148643,148989,150185,346,1196,2,7200,1.28929765886
148660,201118,201940,52458,822,2,21600,64.8175182482
148664,148995,150539,331,1544,2,7200,1.21437823834
148993,149003,151011,10,2008,2,7200,1.00498007968
148993,149010,150310,17,1300,2,7200,1.01307692308
149004,149026,150197,22,1171,2,7200,1.01878736123
149014,149045,150461,31,1416,2,7200,1.02189265537
149025,149057,150929,32,1872,2,7200,1.01709401709
149046,149119,151188,73,2069,2,7200,1.03528274529
149057,149139,150445,82,1306,2,7200,1.06278713629
149119,149212,150395,93,1183,2,7200,1.078613694
149140,149218,150418,78,1200,2,7200,1.065
149212,149226,151100,14,1874,2,7200,1.00747065101
149222,149261,150697,39,1436,2,7200,1.02715877437
149223,149273,150421,50,1148,2,7200,1.04355400697
149264,149308,150478,44,1170,2,7200,1.03760683761
149275,149316,150916,41,1600,2,7200,1.025625
149306,149322,150546,16,1224,2,7200,1.01307189542
149317,149359,150465,42,1106,2,7200,1.03797468354
149327,149442,150657,115,1215,2,7200,1.09465020576
149358,149458,151037,100,1579,2,7200,1.06333122229
149441,149465,150843,24,1378,2,7200,1.01741654572
149462,149676,151260,214,1584,2,7200,1.1351010101
149462,149601,151169,139,1568,2,7200,1.08864795918
149606,149808,151445,202,1637,2,7200,1.12339645693
149678,149850,152314,172,2464,2,7200,1.06980519481
149686,169768,170356,20082,588,2,14400,35.1530612245
149693,152105,158808,2412,6703,3,7200,1.35983887811
149811,149937,152396,126,2459,2,7200,1.0512403416
149853,149952,151248,99,1296,2,7200,1.07638888889
149935,150196,152346,261,2150,2,7200,1.12139534884
149956,150209,151940,253,1731,2,7200,1.14615829001
149987,169773,170380,19786,607,2,14400,33.5963756178
150192,150322,151606,130,1284,2,7200,1.10124610592
150213,150332,151613,119,1281,2,7200,1.09289617486
150326,150407,151512,81,1105,2,7200,1.07330316742
150336,150429,151984,93,1555,2,7200,1.05980707395
150398,169819,170527,19421,708,2,14400,28.4307909605
150408,150436,151896,28,1460,2,7200,1.01917808219
150429,150457,151689,28,1232,2,7200,1.02272727273
150440,150473,152680,33,2207,2,7200,1.01495242411
150461,150480,151734,19,1254,2,7200,1.01515151515
150471,150490,152212,19,1722,2,7200,1.01103368177
150482,150497,151780,15,1283,2,7200,1.0116913484
150493,150550,152000,57,1450,2,7200,1.03931034483
150493,150556,151911,63,1355,2,7200,1.04649446494
150555,150669,151918,114,1249,2,7200,1.09127301841
150555,150564,151797,9,1233,2,7200,1.00729927007
150566,150710,152063,144,1353,2,7200,1.10643015521
150636,169837,170443,19201,606,2,14400,32.6848184818
150669,150735,152069,66,1334,2,7200,1.04947526237
150710,150842,152450,132,1608,2,7200,1.08208955224
150731,150855,152265,124,1410,2,7200,1.08794326241
150844,150903,152396,59,1493,2,7200,1.0395177495
150855,150928,152915,73,1987,2,7200,1.03673880221
150906,150941,152525,35,1584,2,7200,1.0220959596
150927,150976,152684,49,1708,2,7200,1.02868852459
150938,150983,153995,45,3012,2,7200,1.01494023904
150979,151023,152749,44,1726,2,7200,1.02549246813
150980,151049,153252,69,2203,2,7200,1.03132092601
151021,151111,152558,90,1447,2,7200,1.06219765031
151051,157573,164623,6522,7050,3,7200,1.92510638298
151052,151181,152651,129,1470,2,7200,1.08775510204
151114,151200,153413,86,2213,2,7200,1.03886127429
151186,151261,153151,75,1890,2,7200,1.03968253968
151197,151271,152466,74,1195,2,7200,1.06192468619
151259,151457,152903,198,1446,2,7200,1.13692946058
151269,151524,152754,255,1230,2,7200,1.20731707317
151454,151617,153152,163,1535,2,7200,1.10618892508
151526,151625,153103,99,1478,2,7200,1.06698240866
151618,151701,153395,83,1694,2,7200,1.04899645809
151629,151745,153058,116,1313,2,7200,1.08834729627
151701,151791,153423,90,1632,2,7200,1.05514705882
151743,151814,153422,71,1608,2,7200,1.04415422886
151794,151909,153646,115,1737,2,7200,1.06620610248
151815,151923,153380,108,1457,2,7200,1.07412491421
151908,151929,154050,21,2121,2,7200,1.0099009901
151918,151953,153571,35,1618,2,7200,1.021631644
151929,151995,153831,66,1836,2,7200,1.03594771242
151950,152012,153795,62,1783,2,7200,1.03477285474
151991,152076,153835,85,1759,2,7200,1.04832291074
152012,152082,155186,70,3104,2,7200,1.02255154639
152074,152224,153811,150,1587,2,7200,1.09451795841
152085,152277,153556,192,1279,2,7200,1.15011727912
152228,152329,153945,101,1616,2,7200,1.0625
152280,152357,155170,77,2813,2,7200,1.02737291148
152331,152407,154587,76,2180,2,7200,1.03486238532
152362,152413,153977,51,1564,2,7200,1.03260869565
152404,152462,154283,58,1821,2,7200,1.03185063152
152414,152477,153656,63,1179,2,7200,1.0534351145
152466,152537,154155,71,1618,2,7200,1.04388133498
152477,152569,153791,92,1222,2,7200,1.07528641571
152538,152662,153944,124,1282,2,7200,1.09672386895
152569,152692,154546,123,1854,2,7200,1.06634304207
152662,152698,154133,36,1435,2,7200,1.02508710801
152693,152760,153986,67,1226,2,7200,1.05464926591
152704,152767,154158,63,1391,2,7200,1.04529115744
152765,152915,154748,150,1833,2,7200,1.08183306056
152766,152926,154834,160,1908,2,7200,1.08385744235
152920,153070,154348,150,1278,2,7200,1.11737089202
152930,153115,154337,185,1222,2,7200,1.15139116203
153074,153163,154480,89,1317,2,7200,1.0675778284
153116,153170,154776,54,1606,2,7200,1.03362391034
153167,153265,155073,98,1808,2,7200,1.05420353982
153168,153392,155379,224,1987,2,7200,1.11273276296
153260,153406,155057,146,1651,2,7200,1.08843125379
153393,153424,154908,31,1484,2,7200,1.02088948787
153404,153433,155186,29,1753,2,7200,1.01654306902
153425,153439,155013,14,1574,2,7200,1.00889453621
153436,153567,155259,131,1692,2,7200,1.07742316785
153436,153584,156682,148,3098,2,7200,1.04777275662
153569,153658,156030,89,2372,2,7200,1.03752107926
153580,153668,154878,88,1210,2,7200,1.07272727273
153662,153802,155324,140,1522,2,7200,1.09198423127
153673,153809,155003,136,1194,2,7200,1.11390284757
153806,153822,155038,16,1216,2,7200,1.01315789474
153807,153843,155391,36,1548,2,7200,1.02325581395
153828,153850,155154,22,1304,2,7200,1.01687116564
153849,153963,155955,114,1992,2,7200,1.05722891566
153849,153956,155970,107,2014,2,7200,1.05312810328
153952,153990,155267,38,1277,2,7200,1.02975724354
153962,153998,155365,36,1367,2,7200,1.02633504023
153994,154062,155534,68,1472,2,7200,1.04619565217
153994,154007,155190,13,1183,2,7200,1.01098901099
154005,154144,155327,139,1183,2,7200,1.11749788673
154066,154166,155470,100,1304,2,7200,1.07668711656
154149,154174,155707,25,1533,2,7200,1.01630789302
154170,154295,155718,125,1423,2,7200,1.08784258609
154170,154348,156371,178,2023,2,7200,1.08798813643
154293,154360,156184,67,1824,2,7200,1.03673245614
154345,154493,156021,148,1528,2,7200,1.09685863874
154355,154558,156055,203,1497,2,7200,1.13560454242
154489,154599,156309,110,1710,2,7200,1.06432748538
154561,154760,155945,199,1185,2,7200,1.16793248945
154602,154788,155945,186,1157,2,7200,1.16076058773
154756,154846,156171,90,1325,2,7200,1.0679245283
154787,154890,156271,103,1381,2,7200,1.07458363505
154849,154920,156255,71,1335,2,7200,1.0531835206
154891,155015,156229,124,1214,2,7200,1.1021416804
154922,155024,156287,102,1263,2,7200,1.08076009501
155014,155049,156508,35,1459,2,7200,1.02398903358
155025,155069,156839,44,1770,2,7200,1.02485875706
155046,155084,157527,38,2443,2,7200,1.01555464593
155067,155165,156548,98,1383,2,7200,1.0708604483
155088,155181,156437,93,1256,2,7200,1.07404458599
155171,155198,156783,27,1585,2,7200,1.01703470032
155185,155203,156530,18,1327,2,7200,1.01356443105
155200,155209,156784,9,1575,2,7200,1.00571428571
155203,155271,156771,68,1500,2,7200,1.04533333333
155207,155278,156945,71,1667,2,7200,1.0425914817
155270,155335,157943,65,2608,2,7200,1.02492331288
155281,155343,157050,62,1707,2,7200,1.03632103105
155334,155376,157183,42,1807,2,7200,1.02324294411
155345,155390,157290,45,1900,2,7200,1.02368421053
155377,155402,156800,25,1398,2,7200,1.01788268956
155388,155481,157588,93,2107,2,7200,1.04413858567
155399,155545,158592,146,3047,2,7200,1.04791598293
155482,155718,157006,236,1288,2,7200,1.18322981366
155544,155729,157324,185,1595,2,7200,1.11598746082
155718,155956,157350,238,1394,2,7200,1.17073170732
155729,155961,157241,232,1280,2,7200,1.18125
155954,155969,157163,15,1194,2,7200,1.01256281407
155965,156033,157533,68,1500,2,7200,1.04533333333
155965,155981,157551,16,1570,2,7200,1.0101910828
155986,156042,157883,56,1841,2,7200,1.03041825095
156038,156066,157287,28,1221,2,7200,1.02293202293
156038,156183,158134,145,1951,2,7200,1.0743208611
156069,156198,158315,129,2117,2,7200,1.06093528578
156182,156241,157729,59,1488,2,7200,1.03965053763
156203,156267,157512,64,1245,2,7200,1.05140562249
156244,156282,158205,38,1923,2,7200,1.01976079043
156265,156298,158139,33,1841,2,7200,1.01792504074
156286,156321,157880,35,1559,2,7200,1.02245028865
156297,156384,158330,87,1946,2,7200,1.04470709147
156318,156448,159388,130,2940,2,7200,1.04421768707
156380,156519,159066,139,2547,2,7200,1.05457400864
156452,156542,159482,90,2940,2,7200,1.0306122449
156524,156560,157827,36,1267,2,7200,1.02841357537
156545,156694,158258,149,1564,2,7200,1.0952685422
156556,156784,158156,228,1372,2,7200,1.16618075802
156660,159721,166069,3061,6348,3,7200,1.48219911783
156689,156794,158439,105,1645,2,7200,1.06382978723
156783,156801,158428,18,1627,2,7200,1.0110633067
156793,156812,158294,19,1482,2,7200,1.01282051282
156804,156852,158221,48,1369,2,7200,1.03506208912
156815,156956,158209,141,1253,2,7200,1.11252992817
156856,157018,158459,162,1441,2,7200,1.11242192922
156959,157061,158880,102,1819,2,7200,1.05607476636
157020,157174,158516,154,1342,2,7200,1.11475409836
157062,157194,158667,132,1473,2,7200,1.08961303462
157175,157253,159065,78,1812,2,7200,1.04304635762
157196,157299,159428,103,2129,2,7200,1.0483795209
157257,157305,159382,48,2077,2,7200,1.02311025518
157299,157335,159278,36,1943,2,7200,1.01852804941
157309,157362,159186,53,1824,2,7200,1.02905701754
157341,157523,159100,182,1577,2,7200,1.11540900444
157362,157539,159448,177,1909,2,7200,1.09271870089
157526,157546,159063,20,1517,2,7200,1.01318391562
157537,157562,159082,25,1520,2,7200,1.01644736842
157547,157599,158962,52,1363,2,7200,1.0381511372
157558,157741,159059,183,1318,2,7200,1.13884673748
157599,157839,159296,240,1457,2,7200,1.16472203157
157743,157891,159351,148,1460,2,7200,1.10136986301
157835,157899,159102,64,1203,2,7200,1.0532003325
157887,157956,160042,69,2086,2,7200,1.03307766059
157898,158145,160484,247,2339,2,7200,1.10560068405
157960,158153,160080,193,1927,2,7200,1.10015568241
158144,158168,159884,24,1716,2,7200,1.01398601399
158155,158217,161292,62,3075,2,7200,1.02016260163
158166,158223,159768,57,1545,2,7200,1.03689320388
158217,158233,161346,16,3113,2,7200,1.00513973659
158228,158269,161422,41,3153,2,7200,1.01300348874
158229,158305,160490,76,2185,2,7200,1.0347826087
158270,158326,159718,56,1392,2,7200,1.04022988506
158301,158341,160045,40,1704,2,7200,1.0234741784
158322,158440,159963,118,1523,2,7200,1.07747866054
158343,158451,161703,108,3252,2,7200,1.0332103321
158436,158472,161654,36,3182,2,7200,1.01131363922
158447,158527,160263,80,1736,2,7200,1.04608294931
158469,158604,161787,135,3183,2,7200,1.0424128181
158531,158678,161687,147,3009,2,7200,1.04885343968
158605,158892,160879,287,1987,2,7200,1.14443885254
158677,158973,160247,296,1274,2,7200,1.23233908948
158847,162282,168925,3435,6643,3,7200,1.51708565407
158892,159070,161958,178,2888,2,7200,1.06163434903
158974,159093,162132,119,3039,2,7200,1.03915761764
159067,159111,162280,44,3169,2,7200,1.01388450615
159098,159118,161771,20,2653,2,7200,1.00753863551
159109,159198,162392,89,3194,2,7200,1.0278647464
159119,159289,161306,170,2017,2,7200,1.08428358949
159202,159307,162452,105,3145,2,7200,1.0333863275
159294,159363,162384,69,3021,2,7200,1.02284011917
159305,159393,162558,88,3165,2,7200,1.02780410742
159367,159400,162437,33,3037,2,7200,1.01086598617
159398,159440,162436,42,2996,2,7200,1.01401869159
159398,159417,162599,19,3182,2,7200,1.00597108737
159419,159459,162664,40,3205,2,7200,1.01248049922
159440,159494,161259,54,1765,2,7200,1.03059490085
159461,159730,161473,269,1743,2,7200,1.15433161216
159492,159780,162927,288,3147,2,7200,1.09151572927
159728,159895,162784,167,2889,2,7200,1.05780546902
159780,159974,163170,194,3196,2,7200,1.0607008761
159892,160054,162938,162,2884,2,7200,1.05617198336
159975,160061,162021,86,1960,2,7200,1.04387755102
160057,160259,163400,202,3141,2,7200,1.06431072907
160057,160091,162051,34,1960,2,7200,1.01734693878
160089,160275,163468,186,3193,2,7200,1.05825242718
160263,160501,163156,238,2655,2,7200,1.08964218456
160274,160507,162772,233,2265,2,7200,1.10286975717
160499,160891,164031,392,3140,2,7200,1.12484076433
160510,161270,164386,760,3116,2,7200,1.24390243902
160890,161304,164313,414,3009,2,7200,1.13758723829
161269,161318,164538,49,3220,2,7200,1.0152173913
161300,161357,164188,57,2831,2,7200,1.02013422819
161321,161434,164064,113,2630,2,7200,1.04296577947
161362,161485,164655,123,3170,2,7200,1.03880126183
161434,161666,164819,232,3153,2,7200,1.07358071678
161486,161699,164351,213,2652,2,7200,1.08031674208
161670,161714,163554,44,1840,2,7200,1.02391304348
161702,161783,164287,81,2504,2,7200,1.03234824281
161712,161798,163575,86,1777,2,7200,1.04839617333
161784,161971,165117,187,3146,2,7200,1.05944055944
161795,162033,165140,238,3107,2,7200,1.07660122304
161969,162063,164940,94,2877,2,7200,1.03267292318
162031,162143,165334,112,3191,2,7200,1.03509871514
162062,162291,165411,229,3120,2,7200,1.0733974359
162145,162396,165598,251,3202,2,7200,1.07838850718
162288,162405,165607,117,3202,2,7200,1.03653966271
162392,162448,165625,56,3177,2,7200,1.01762669185
162403,162455,164794,52,2339,2,7200,1.02223172296
162444,162463,165618,19,3155,2,7200,1.006022187
162455,162569,164223,114,1654,2,7200,1.06892382104
162465,162610,164551,145,1941,2,7200,1.07470376095
162568,162675,164637,107,1962,2,7200,1.05453618756
162609,162783,164969,174,2186,2,7200,1.07959743824
162671,162795,164614,124,1819,2,7200,1.0681693238
162784,162939,166056,155,3117,2,7200,1.04972730189
162794,162949,166065,155,3116,2,7200,1.04974326059
162938,163167,166269,229,3102,2,7200,1.07382333978
162949,163182,166250,233,3068,2,7200,1.0759452412
163164,163412,166387,248,2975,2,7200,1.08336134454
163185,163479,166355,294,2876,2,7200,1.10222531293
163410,163566,166722,156,3156,2,7200,1.04942965779
163482,163587,166748,105,3161,2,7200,1.03321733629
163564,164042,167198,478,3156,2,7200,1.15145754119
163585,164076,167196,491,3120,2,7200,1.15737179487
164045,164199,166808,154,2609,2,7200,1.05902644691
164076,164234,167412,158,3178,2,7200,1.04971680302
164202,164299,166653,97,2354,2,7200,1.04120645709
164234,164325,166347,91,2022,2,7200,1.0450049456
164296,164363,167070,67,2707,2,7200,1.02475064647
164327,164399,166777,72,2378,2,7200,1.03027754415
164358,164550,166395,192,1845,2,7200,1.10406504065
164399,164562,166538,163,1976,2,7200,1.08248987854
164553,164626,166339,73,1713,2,7200,1.0426152948
164564,164648,167765,84,3117,2,7200,1.02694898941
164610,165535,170162,925,4627,3,7200,1.1999135509
164625,164667,167790,42,3123,2,7200,1.01344860711
164646,164807,167879,161,3072,2,7200,1.05240885417
164667,164830,167924,163,3094,2,7200,1.05268261151
164811,164952,167997,141,3045,2,7200,1.04630541872
164832,164982,167956,150,2974,2,7200,1.05043712172
164955,165128,168017,173,2889,2,7200,1.05988231222
164986,165152,168106,166,2954,2,7200,1.05619498984
165130,165345,168503,215,3158,2,7200,1.06808106396
165151,165423,168586,272,3163,2,7200,1.0859943092
165346,165610,168573,264,2963,2,7200,1.08909888626
165428,165618,167402,190,1784,2,7200,1.10650224215
165613,165630,168158,17,2528,2,7200,1.00672468354
165623,165637,167964,14,2327,2,7200,1.00601633004
165634,166067,169234,433,3167,2,7200,1.13672245027
165635,166077,169251,442,3174,2,7200,1.13925645873
166065,166262,168937,197,2675,2,7200,1.07364485981
166075,166280,168347,205,2067,2,7200,1.09917755201
166142,166982,170262,840,3280,3,7200,1.25609756098
166260,166351,168021,91,1670,2,7200,1.05449101796
166281,166364,169085,83,2721,2,7200,1.03050349136
166353,166372,169454,19,3082,2,7200,1.00616482803
166364,166398,169507,34,3109,2,7200,1.01093599228
166374,166406,169493,32,3087,2,7200,1.01036605118
166395,166550,169613,155,3063,2,7200,1.05060398302
166406,166664,169751,258,3087,2,7200,1.08357628766
166549,166734,169658,185,2924,2,7200,1.06326949384
166662,166760,169715,98,2955,2,7200,1.0331641286
166734,166789,169918,55,3129,2,7200,1.0175775008
166765,166820,169956,55,3136,2,7200,1.01753826531
166786,167082,170229,296,3147,2,7200,1.09405783286
166817,167207,170373,390,3166,2,7200,1.12318382817
167083,167214,170404,131,3190,2,7200,1.04106583072
167206,167413,170274,207,2861,2,7200,1.07235232436
167217,167425,170610,208,3185,2,7200,1.06530612245
167412,167776,170970,364,3194,2,7200,1.1139636819
167422,167802,170993,380,3191,2,7200,1.11908492636
167780,167890,169801,110,1911,2,7200,1.05756148613
167801,167935,170013,134,2078,2,7200,1.06448508181
167893,167945,169966,52,2021,2,7200,1.02572983671
167934,167950,170779,16,2829,2,7200,1.00565570873
167945,167977,171037,32,3060,2,7200,1.01045751634
167945,167967,169810,22,1843,2,7200,1.01193705914
167966,167984,171048,18,3064,2,7200,1.00587467363
167977,167989,171059,12,3070,2,7200,1.00390879479
167987,167995,171047,8,3052,2,7200,1.00262123198
167988,168010,171008,22,2998,2,7200,1.00733822548
167998,168029,170962,31,2933,2,7200,1.01056938288
168009,168035,170989,26,2954,2,7200,1.00880162492
168030,168117,171036,87,2919,2,7200,1.02980472765
168040,168170,171293,130,3123,2,7200,1.04162664105
168118,265175,870021,97057,604846,6,604800,1.16046563919
168122,168358,171471,236,3113,2,7200,1.07581111468
168174,168514,171690,340,3176,2,7200,1.10705289673
168358,168585,171756,227,3171,2,7200,1.07158625039
168512,168597,171756,85,3159,2,7200,1.02690724913
168584,168882,171065,298,2183,2,7200,1.13650939075
168594,168887,171800,293,2913,2,7200,1.1005835908
168881,168948,172118,67,3170,2,7200,1.02113564669
168924,169741,176981,817,7240,3,7200,1.11284530387
168942,169096,172253,154,3157,2,7200,1.0487804878
169086,169204,171808,118,2604,2,7200,1.04531490015
169209,169246,171745,37,2499,2,7200,1.01480592237
169250,169262,171560,12,2298,2,7200,1.00522193211
169261,169466,172575,205,3109,2,7200,1.06593760051
169466,169505,171442,39,1937,2,7200,1.02013422819
169507,169519,172573,12,3054,2,7200,1.00392927308
169518,169625,172694,107,3069,2,7200,1.0348647768
169620,169669,172665,49,2996,2,7200,1.01635514019
169672,169727,172659,55,2932,2,7200,1.0187585266
169723,169784,172741,61,2957,2,7200,1.02062901589
169785,169812,172767,27,2955,2,7200,1.00913705584
169816,169826,172935,10,3109,2,7200,1.00321646832
169827,169877,173009,50,3132,2,7200,1.0159642401
169878,169904,173079,26,3175,2,7200,1.00818897638
169899,169930,173082,31,3152,2,7200,1.00983502538
169930,169953,173138,23,3185,2,7200,1.00722135008
169951,169967,173101,16,3134,2,7200,1.00510529675
169972,169978,173160,6,3182,2,7200,1.00188560654
169982,169989,173125,7,3136,2,7200,1.00223214286
169993,170025,171946,32,1921,2,7200,1.01665799063
170024,170035,173221,11,3186,2,7200,1.00345260515
170035,170079,173276,44,3197,2,7200,1.01376290272
170076,170087,172533,11,2446,2,7200,1.00449713818
170087,170116,173306,29,3190,2,7200,1.00909090909
170118,170241,173414,123,3173,2,7200,1.03876457611
170216,171074,178279,858,7205,3,7200,1.11908396947
170241,170285,173480,44,3195,2,7200,1.013771518
170263,171175,178394,912,7219,3,7200,1.12633328716
170282,170368,172964,86,2596,2,7200,1.03312788906
170364,170385,171793,21,1408,2,7200,1.01491477273
170385,170391,173170,6,2779,2,7200,1.00215905002
170396,170415,173014,19,2599,2,7200,1.00731050404
170417,170455,172595,38,2140,2,7200,1.01775700935
170458,170538,172390,80,1852,2,7200,1.04319654428
170467,247072,247153,76605,81,16,55800,946.740740741
170540,170622,172778,82,2156,2,7200,1.03803339518
170622,170791,173846,169,3055,2,7200,1.05531914894
170684,247164,247237,76480,73,16,55800,1048.67123288
170787,170974,173977,187,3003,2,7200,1.06227106227
170971,170981,173960,10,2979,2,7200,1.00335683115
170982,171002,173962,20,2960,2,7200,1.00675675676
171003,171010,174103,7,3093,2,7200,1.00226317491
171014,171020,174155,6,3135,2,7200,1.0019138756
171024,171047,174201,23,3154,2,7200,1.0072923272
171045,171055,174227,10,3172,2,7200,1.00315258512
171056,171063,174218,7,3155,2,7200,1.00221870048
171067,171079,174247,12,3168,2,7200,1.00378787879
171077,171086,174220,9,3134,2,7200,1.00287172942
171088,171094,174270,6,3176,2,7200,1.00188916877
171099,171305,174418,206,3113,2,7200,1.06617410858
171304,171453,174611,149,3158,2,7200,1.04718176061
171458,171483,174053,25,2570,2,7200,1.00972762646
171479,171572,174706,93,3134,2,7200,1.02967453733
171571,171702,173791,131,2089,2,7200,1.06270943035
171705,171757,174249,52,2492,2,7200,1.02086677368
171756,171767,173838,11,2071,2,7200,1.00531144375
171767,171774,173820,7,2046,2,7200,1.00342130987
171778,171805,174422,27,2617,2,7200,1.01031715705
171809,171816,174462,7,2646,2,7200,1.00264550265
171820,171957,174992,137,3035,2,7200,1.04514003295
171954,172131,175109,177,2978,2,7200,1.059435863
172128,172265,175186,137,2921,2,7200,1.04690174598
172263,172403,175549,140,3146,2,7200,1.04450095359
172406,172545,175622,139,3077,2,7200,1.04517387065
172550,172584,175755,34,3171,2,7200,1.01072216966
172581,172591,175746,10,3155,2,7200,1.00316957211
172592,172606,175767,14,3161,2,7200,1.00442897817
172602,172670,175818,68,3148,2,7200,1.02160101652
172674,172680,175822,6,3142,2,7200,1.00190961171
172685,172706,175460,21,2754,2,7200,1.00762527233
172706,172752,174557,46,1805,2,7200,1.02548476454
172757,172779,175214,22,2435,2,7200,1.0090349076
172778,172789,175008,11,2219,2,7200,1.00495718792
172789,172946,175925,157,2979,2,7200,1.05270224908
172943,172975,175945,32,2970,2,7200,1.01077441077
172974,173020,175979,46,2959,2,7200,1.0155457925
173026,173032,176085,6,3053,2,7200,1.00196528005
173036,173091,176208,55,3117,2,7200,1.01764517164
173088,173098,176222,10,3124,2,7200,1.00320102433
173098,173113,176223,15,3110,2,7200,1.00482315113
173109,173136,176282,27,3146,2,7200,1.00858232676
173140,173150,176282,10,3132,2,7200,1.00319284802
173151,173172,176325,21,3153,2,7200,1.0066603235
173172,173182,175846,10,2664,2,7200,1.00375375375
173182,173232,176216,50,2984,2,7200,1.01675603217
173234,173289,176409,55,3120,2,7200,1.01762820513
173285,173318,176443,33,3125,2,7200,1.01056
173317,173425,174782,108,1357,2,7200,1.07958732498
173430,173466,174973,36,1507,2,7200,1.02388852024
173462,173472,175517,10,2045,2,7200,1.00488997555
173473,173492,175574,19,2082,2,7200,1.00912584054
173494,173540,175591,46,2051,2,7200,1.02242808386
173536,173804,175298,268,1494,2,7200,1.17938420348
173804,173832,175613,28,1781,2,7200,1.01572150477
173835,173849,176040,14,2191,2,7200,1.00638977636
173846,173859,175588,13,1729,2,7200,1.00751879699
173857,173972,176107,115,2135,2,7200,1.05386416862
173916,204314,228260,30398,23946,1,187200,2.26943957237
173971,173979,175491,8,1512,2,7200,1.00529100529
173982,173988,175723,6,1735,2,7200,1.00345821326
173993,174064,176116,71,2052,2,7200,1.03460038986
174106,174114,176112,8,1998,2,7200,1.004004004
174117,174167,176254,50,2087,2,7200,1.02395783421
174168,174214,175458,46,1244,2,7200,1.03697749196
174209,174229,175516,20,1287,2,7200,1.01554001554
174230,174236,175510,6,1274,2,7200,1.00470957614
174241,174247,176282,6,2035,2,7200,1.00294840295
174252,174258,175678,6,1420,2,7200,1.00422535211
174263,174269,176481,6,2212,2,7200,1.0027124774
174273,174282,176898,9,2616,2,7200,1.00344036697
174284,174430,175843,146,1413,2,7200,1.10332625619
174388,247248,278789,72860,31541,16,64800,3.31000919438
174427,174436,175682,9,1246,2,7200,1.00722311396
174438,174473,175927,35,1454,2,7200,1.02407152682
174469,174570,175805,101,1235,2,7200,1.08178137652
174572,174624,176014,52,1390,2,7200,1.03741007194
174624,174717,176919,93,2202,2,7200,1.04223433243
174716,174793,177143,77,2350,2,7200,1.03276595745
174798,174926,176682,128,1756,2,7200,1.0728929385
174931,174938,176216,7,1278,2,7200,1.00547730829
174942,174948,176227,6,1279,2,7200,1.00469116497
174953,174959,177411,6,2452,2,7200,1.00244698206
174964,174970,177052,6,2082,2,7200,1.00288184438
174974,174980,177053,6,2073,2,7200,1.00289435601
174985,174991,176219,6,1228,2,7200,1.00488599349
174996,175002,176354,6,1352,2,7200,1.00443786982
175006,175012,176230,6,1218,2,7200,1.00492610837
175017,175023,176252,6,1229,2,7200,1.0048820179
175028,175035,176332,7,1297,2,7200,1.00539707016
175038,175120,176905,82,1785,2,7200,1.04593837535
175120,175198,177601,78,2403,2,7200,1.03245942572
175203,175225,176761,22,1536,2,7200,1.01432291667
175224,175310,177395,86,2085,2,7200,1.0412470024
175306,175470,176703,164,1233,2,7200,1.13300892133
175470,175476,177018,6,1542,2,7200,1.00389105058
175481,175503,176750,22,1247,2,7200,1.01764234162
175502,175521,177187,19,1666,2,7200,1.01140456182
175523,175530,176917,7,1387,2,7200,1.00504686373
175533,175539,177459,6,1920,2,7200,1.003125
175544,175561,177567,17,2006,2,7200,1.00847457627
175565,175586,177202,21,1616,2,7200,1.0129950495
175586,175600,177855,14,2255,2,7200,1.00620842572
175597,175607,177297,10,1690,2,7200,1.00591715976
175607,175625,178157,18,2532,2,7200,1.00710900474
175628,175634,177917,6,2283,2,7200,1.00262812089
175639,175690,176913,51,1223,2,7200,1.0417007359
175691,175698,177058,7,1360,2,7200,1.00514705882
175702,175735,177575,33,1840,2,7200,1.01793478261
175733,175758,176981,25,1223,2,7200,1.0204415372
175754,175767,178457,13,2690,2,7200,1.00483271375
175765,175779,177539,14,1760,2,7200,1.00795454545
175776,175816,177281,40,1465,2,7200,1.02730375427
175817,175829,178094,12,2265,2,7200,1.00529801325
175828,175836,177934,8,2098,2,7200,1.00381315539
175839,175854,177215,15,1361,2,7200,1.01102130786
175859,175867,177335,8,1468,2,7200,1.00544959128
175870,175937,177163,67,1226,2,7200,1.05464926591
175932,175944,178760,12,2816,2,7200,1.00426136364
175943,175956,177575,13,1619,2,7200,1.00802964793
175954,175990,177661,36,1671,2,7200,1.02154398564
175995,176026,178944,31,2918,2,7200,1.01062371487
176026,176051,177274,25,1223,2,7200,1.0204415372
176048,176096,179295,48,3199,2,7200,1.01500468897
176099,176118,177368,19,1250,2,7200,1.0152
176120,176127,177379,7,1252,2,7200,1.00559105431
176131,176137,177457,6,1320,2,7200,1.00454545455
176142,176219,177522,77,1303,2,7200,1.05909439754
176201,256312,285132,80111,28820,16,28800,3.77970159611
176224,176231,177539,7,1308,2,7200,1.00535168196
176235,176241,177683,6,1442,2,7200,1.00416088766
176245,176251,177667,6,1416,2,7200,1.00423728814
176256,176262,177527,6,1265,2,7200,1.004743083
176267,176273,177531,6,1258,2,7200,1.00476947536
176278,176285,177647,7,1362,2,7200,1.00513950073
176288,176294,177676,6,1382,2,7200,1.00434153401
176299,176305,177786,6,1481,2,7200,1.00405131668
176309,176316,177730,7,1414,2,7200,1.00495049505
176320,176326,177690,6,1364,2,7200,1.00439882698
176331,176338,177839,7,1501,2,7200,1.00466355763
176342,176349,177589,7,1240,2,7200,1.00564516129
176352,176360,177719,8,1359,2,7200,1.00588668138
176363,176369,177670,6,1301,2,7200,1.00461183705
176374,176380,177752,6,1372,2,7200,1.00437317784
176384,176420,177782,36,1362,2,7200,1.02643171806
176426,176455,177818,29,1363,2,7200,1.02127659574
176457,176492,177931,35,1439,2,7200,1.02432244614
176488,176587,178043,99,1456,2,7200,1.06799450549
176591,176597,177857,6,1260,2,7200,1.00476190476
176602,176694,177989,92,1295,2,7200,1.07104247104
176694,176714,178062,20,1348,2,7200,1.01483679525
176715,176762,178138,47,1376,2,7200,1.03415697674
176767,176773,178174,6,1401,2,7200,1.00428265525
176777,176910,178387,133,1477,2,7200,1.09004739336
176911,176918,178397,7,1479,2,7200,1.00473292765
176922,176928,178161,6,1233,2,7200,1.00486618005
176932,176940,178203,8,1263,2,7200,1.0063341251
176943,176950,178244,7,1294,2,7200,1.00540958269
176954,176992,178398,38,1406,2,7200,1.02702702703
176995,177001,178320,6,1319,2,7200,1.00454890068
177006,177012,178371,6,1359,2,7200,1.00441501104
177016,177029,178536,13,1507,2,7200,1.00862641009
177027,177063,178567,36,1504,2,7200,1.02393617021
177068,177074,178566,6,1492,2,7200,1.00402144772
177079,177086,178378,7,1292,2,7200,1.00541795666
177090,177155,178493,65,1338,2,7200,1.0485799701
177152,177174,178511,22,1337,2,7200,1.01645474944
177173,177200,178649,27,1449,2,7200,1.01863354037
177204,177214,178581,10,1367,2,7200,1.00731528895
177215,177226,178642,11,1416,2,7200,1.00776836158
177225,177285,178819,60,1534,2,7200,1.03911342894
177287,177294,178772,7,1478,2,7200,1.00473612991
177298,177309,178540,11,1231,2,7200,1.00893582453
177309,177347,178668,38,1321,2,7200,1.0287660863
177350,177380,178739,30,1359,2,7200,1.02207505519
177381,177391,178913,10,1522,2,7200,1.00657030223
177392,177407,178900,15,1493,2,7200,1.01004688547
177402,177423,178872,21,1449,2,7200,1.01449275362
177423,177468,178882,45,1414,2,7200,1.03182461103
177465,177476,178897,11,1421,2,7200,1.00774102745
177476,177533,178839,57,1306,2,7200,1.04364471669
177537,177543,178965,6,1422,2,7200,1.00421940928
177548,177554,179142,6,1588,2,7200,1.00377833753
177559,177565,179027,6,1462,2,7200,1.00410396717
177569,177577,179023,8,1446,2,7200,1.00553250346
177580,177587,179116,7,1529,2,7200,1.00457815566
177591,177597,179141,6,1544,2,7200,1.00388601036
177601,177608,179090,7,1482,2,7200,1.00472334683
177612,177619,178848,7,1229,2,7200,1.00569568755
177623,177629,178914,6,1285,2,7200,1.0046692607
177634,177658,179033,24,1375,2,7200,1.01745454545
177655,177672,179100,17,1428,2,7200,1.0119047619
177676,177682,179094,6,1412,2,7200,1.00424929178
177686,177693,179106,7,1413,2,7200,1.00495399858
177697,177704,179153,7,1449,2,7200,1.00483091787
177708,177714,179411,6,1697,2,7200,1.00353565115
177718,177724,179402,6,1678,2,7200,1.00357568534
177729,177736,179174,7,1438,2,7200,1.00486787204
177740,177746,179002,6,1256,2,7200,1.00477707006
177751,177765,179216,14,1451,2,7200,1.00964851826
177761,177794,179115,33,1321,2,7200,1.02498107494
177793,177802,179276,9,1474,2,7200,1.00610583446
177803,177829,179258,26,1429,2,7200,1.01819454164
177834,177850,179334,16,1484,2,7200,1.01078167116
177855,177867,179400,12,1533,2,7200,1.00782778865
177866,177873,179350,7,1477,2,7200,1.00473933649
177877,177930,179156,53,1226,2,7200,1.04323001631
177928,177943,179276,15,1333,2,7200,1.0112528132
177939,177950,179296,11,1346,2,7200,1.00817236256
177950,178000,179459,50,1459,2,7200,1.03427004798
178002,178055,179542,53,1487,2,7200,1.03564223268
178054,178073,179689,19,1616,2,7200,1.01175742574
178075,178105,179710,30,1605,2,7200,1.01869158879
178106,178149,179997,43,1848,2,7200,1.02326839827
178148,178169,179450,21,1281,2,7200,1.01639344262
178168,178175,179448,7,1273,2,7200,1.00549882168
178179,178185,179586,6,1401,2,7200,1.00428265525
178190,178196,179654,6,1458,2,7200,1.00411522634
178200,178215,179760,15,1545,2,7200,1.00970873786
178211,178256,179721,45,1465,2,7200,1.03071672355
178253,178292,179839,39,1547,2,7200,1.02521008403
178294,178332,179906,38,1574,2,7200,1.02414231258
178336,178383,179809,47,1426,2,7200,1.03295932679
178387,178393,179847,6,1454,2,7200,1.00412654746
178398,178405,179872,7,1467,2,7200,1.00477164281
178409,178416,179950,7,1534,2,7200,1.00456323338
178419,178426,179872,7,1446,2,7200,1.00484094053
178430,178437,180044,7,1607,2,7200,1.00435594275
178441,178448,180015,7,1567,2,7200,1.00446713465
178452,178469,179820,17,1351,2,7200,1.01258327165
178473,178505,180089,32,1584,2,7200,1.0202020202
178504,178524,179853,20,1329,2,7200,1.01504890895
178525,178548,180199,23,1651,2,7200,1.01393095094
178546,178555,180095,9,1540,2,7200,1.00584415584
178557,178577,180338,20,1761,2,7200,1.01135718342
178578,178584,180107,6,1523,2,7200,1.00393959291
178589,178595,180282,6,1687,2,7200,1.00355660937
178599,178653,179910,54,1257,2,7200,1.04295942721
178651,178661,180144,10,1483,2,7200,1.00674308833
178662,178680,180064,18,1384,2,7200,1.01300578035
178682,178750,180466,68,1716,2,7200,1.03962703963
178754,178772,180155,18,1383,2,7200,1.01301518438
178775,178784,180416,9,1632,2,7200,1.00551470588
178786,178831,180327,45,1496,2,7200,1.0300802139
178828,178850,180340,22,1490,2,7200,1.01476510067
178848,178859,180454,11,1595,2,7200,1.00689655172
178859,178884,180442,25,1558,2,7200,1.01604621309
178880,178893,180681,13,1788,2,7200,1.00727069351
178891,178908,180302,17,1394,2,7200,1.01219512195
178912,178918,180514,6,1596,2,7200,1.0037593985
178922,178929,180615,7,1686,2,7200,1.00415183867
178933,178939,180765,6,1826,2,7200,1.00328587076
178944,178956,180618,12,1662,2,7200,1.00722021661
178954,178976,180419,22,1443,2,7200,1.01524601525
178972,224158,267404,45186,43246,4,43200,2.0448596402
178976,179014,180365,38,1351,2,7200,1.0281273131
179017,179035,180353,18,1318,2,7200,1.01365705615
179038,179044,180434,6,1390,2,7200,1.00431654676
179049,179055,180566,6,1511,2,7200,1.00397088021
179059,179101,180530,42,1429,2,7200,1.02939118265
179101,179108,180696,7,1588,2,7200,1.00440806045
179112,179118,180660,6,1542,2,7200,1.00389105058
179123,179129,180791,6,1662,2,7200,1.0036101083
179133,179139,181473,6,2334,2,7200,1.00257069409
179144,179151,181064,7,1913,2,7200,1.00365917407
179155,179161,180521,6,1360,2,7200,1.00441176471
179165,179172,180936,7,1764,2,7200,1.00396825397
179176,179182,181177,6,1995,2,7200,1.0030075188
179187,179193,180650,6,1457,2,7200,1.00411805079
179198,179204,180977,6,1773,2,7200,1.00338409475
179208,179229,180614,21,1385,2,7200,1.01516245487
179229,179270,180975,41,1705,2,7200,1.02404692082
179270,179288,180695,18,1407,2,7200,1.01279317697
179291,179298,180700,7,1402,2,7200,1.00499286733
179302,179310,180895,8,1585,2,7200,1.00504731861
179313,179320,180654,7,1334,2,7200,1.00524737631
179324,179346,180641,22,1295,2,7200,1.01698841699
179345,179363,180682,18,1319,2,7200,1.01364670205
179366,179412,181900,46,2488,2,7200,1.01848874598
179407,179418,182068,11,2650,2,7200,1.0041509434
179418,179424,181711,6,2287,2,7200,1.00262352427
179429,179461,181163,32,1702,2,7200,1.01880141011
179460,179468,180746,8,1278,2,7200,1.00625978091
179471,179477,181151,6,1674,2,7200,1.00358422939
179481,179553,181542,72,1989,2,7200,1.03619909502
179553,179597,181563,44,1966,2,7200,1.02238046796
179595,179667,181354,72,1687,2,7200,1.04267931239
179667,179701,180950,34,1249,2,7200,1.02722177742
179698,179722,181200,24,1478,2,7200,1.01623815968
179719,179732,181082,13,1350,2,7200,1.00962962963
179730,179772,181267,42,1495,2,7200,1.02809364548
179772,179820,181293,48,1473,2,7200,1.03258655804
179823,179831,181911,8,2080,2,7200,1.00384615385
179834,179851,181204,17,1353,2,7200,1.0125646711
179855,179861,181162,6,1301,2,7200,1.00461183705
179866,179873,181165,7,1292,2,7200,1.00541795666
179876,179885,181685,9,1800,2,7200,1.005
179887,179893,181453,6,1560,2,7200,1.00384615385
179898,179917,181142,19,1225,2,7200,1.01551020408
179919,179925,181278,6,1353,2,7200,1.0044345898
179929,179963,181280,34,1317,2,7200,1.02581624905
179960,180009,181433,49,1424,2,7200,1.03441011236
180012,180026,181619,14,1593,2,7200,1.00878844947
180023,180056,181560,33,1504,2,7200,1.02194148936
180054,180076,183114,22,3038,2,7200,1.00724160632
180075,180101,182035,26,1934,2,7200,1.01344364012
180096,180108,181938,12,1830,2,7200,1.00655737705
180107,180119,181405,12,1286,2,7200,1.00933125972
180118,180156,181257,38,1101,2,7200,1.03451407811
180159,180167,181606,8,1439,2,7200,1.00555941626
180170,180211,181470,41,1259,2,7200,1.0325655282
180212,180294,181805,82,1511,2,7200,1.05426869623
180294,180313,181691,19,1378,2,7200,1.01378809869
180315,180339,181922,24,1583,2,7200,1.01516108654
180336,180351,181851,15,1500,2,7200,1.01
180347,180358,181453,11,1095,2,7200,1.0100456621
180358,180364,181489,6,1125,2,7200,1.00533333333
180369,180377,181668,8,1291,2,7200,1.00619674671
180380,180428,181979,48,1551,2,7200,1.03094777563
180431,180437,181964,6,1527,2,7200,1.00392927308
180442,180448,181825,6,1377,2,7200,1.00435729847
180453,180459,181842,6,1383,2,7200,1.00433839479
180463,180469,182020,6,1551,2,7200,1.00386847195
180474,180480,182240,6,1760,2,7200,1.00340909091
180485,180525,183678,40,3153,2,7200,1.01268633048
180526,180532,182005,6,1473,2,7200,1.00407331976
180537,180543,181780,6,1237,2,7200,1.00485044462
180548,180578,181709,30,1131,2,7200,1.02652519894
180579,180626,181896,47,1270,2,7200,1.03700787402
180630,180636,182204,6,1568,2,7200,1.00382653061
180641,180661,182162,20,1501,2,7200,1.01332445037
180662,180668,182106,6,1438,2,7200,1.00417246175
180672,180693,182163,21,1470,2,7200,1.01428571429
180693,180708,182123,15,1415,2,7200,1.01060070671
180704,180715,182299,11,1584,2,7200,1.00694444444
180715,180757,182101,42,1344,2,7200,1.03125
180756,180778,182233,22,1455,2,7200,1.01512027491
180777,180907,182205,130,1298,2,7200,1.1001540832
180911,180962,182442,51,1480,2,7200,1.03445945946
180963,181095,182640,132,1545,2,7200,1.0854368932
181097,181175,182685,78,1510,2,7200,1.05165562914
181179,181186,182821,7,1635,2,7200,1.00428134557
181190,181196,182570,6,1374,2,7200,1.00436681223
181201,181211,182518,10,1307,2,7200,1.00765110941
181211,181268,182581,57,1313,2,7200,1.04341203351
181264,181278,182627,14,1349,2,7200,1.01037805782
181274,181290,182804,16,1514,2,7200,1.0105680317
181285,181305,182678,20,1373,2,7200,1.01456664239
181306,181365,182905,59,1540,2,7200,1.03831168831
181368,181444,183532,76,2088,2,7200,1.03639846743
181440,181464,182975,24,1511,2,7200,1.01588352085
181461,181553,182922,92,1369,2,7200,1.06720233747
181553,181575,182941,22,1366,2,7200,1.01610541728
181572,181581,181714,9,133,1,3600,1.06766917293
181574,181619,182961,45,1342,2,7200,1.03353204173
181615,181630,183014,15,1384,2,7200,1.01083815029
181626,181679,183085,53,1406,2,7200,1.03769559033
181678,181697,183357,19,1660,2,7200,1.01144578313
181698,181721,183006,23,1285,2,7200,1.01789883268
181719,181791,183386,72,1595,2,7200,1.04514106583
181791,181817,183323,26,1506,2,7200,1.01726427623
181812,181836,183244,24,1408,2,7200,1.01704545455
181833,181907,183492,74,1585,2,7200,1.04668769716
181836,181842,182149,6,307,1,3600,1.01954397394
181905,181914,183705,9,1791,2,7200,1.00502512563
181916,181922,183319,6,1397,2,7200,1.00429491768
181927,181933,183524,6,1591,2,7200,1.00377121307
181937,181975,183467,38,1492,2,7200,1.0254691689
181979,181992,183432,13,1440,2,7200,1.00902777778
181989,182033,183526,44,1493,2,7200,1.02947086403
182031,182047,183413,16,1366,2,7200,1.01171303075
182052,182079,183454,27,1375,2,7200,1.01963636364
182083,182113,183533,30,1420,2,7200,1.02112676056
182114,182120,183484,6,1364,2,7200,1.00439882698
182125,182136,184076,11,1940,2,7200,1.00567010309
182135,182173,183990,38,1817,2,7200,1.02091359384
182177,182183,183920,6,1737,2,7200,1.00345423143
182187,182216,183961,29,1745,2,7200,1.01661891117
182218,182225,184180,7,1955,2,7200,1.00358056266
182229,182245,183765,16,1520,2,7200,1.01052631579
182250,182256,183963,6,1707,2,7200,1.00351493849
182261,182310,183495,49,1185,2,7200,1.04135021097
182312,182453,184040,141,1587,2,7200,1.08884688091
182379,182385,183012,6,627,1,3600,1.00956937799
182456,182531,183913,75,1382,2,7200,1.05426917511
182527,182581,184064,54,1483,2,7200,1.03641267701
182579,182592,184109,13,1517,2,7200,1.00856954515
182589,182638,184071,49,1433,2,7200,1.0341939986
182641,182651,184271,10,1620,2,7200,1.00617283951
182652,182689,185832,37,3143,2,7200,1.01177219217
182693,182699,184890,6,2191,2,7200,1.00273847558
182704,182816,185935,112,3119,2,7200,1.03590894517
182817,182833,184430,16,1597,2,7200,1.01001878522
182838,182916,184216,78,1300,2,7200,1.06
182920,182934,185472,14,2538,2,7200,1.00551615445
182931,182952,186002,21,3050,2,7200,1.0068852459
182952,182972,184190,20,1218,2,7200,1.01642036125
182973,182986,184495,13,1509,2,7200,1.00861497681
182984,183017,184624,33,1607,2,7200,1.02053515868
183015,183027,184863,12,1836,2,7200,1.00653594771
183026,183096,185466,70,2370,2,7200,1.02953586498
183098,183255,185633,157,2378,2,7200,1.06602186712
183252,183331,185435,79,2104,2,7200,1.03754752852
183334,183340,184537,6,1197,2,7200,1.00501253133
183344,183369,184761,25,1392,2,7200,1.01795977011
183365,183397,185220,32,1823,2,7200,1.01755348327
183396,183424,184643,28,1219,2,7200,1.02296964725
183427,183443,184649,16,1206,2,7200,1.01326699834
183448,183466,184588,18,1122,2,7200,1.01604278075
183469,183479,184929,10,1450,2,7200,1.00689655172
183480,183495,184854,15,1359,2,7200,1.01103752759
183491,183504,184924,13,1420,2,7200,1.00915492958
183502,183511,184861,9,1350,2,7200,1.00666666667
183513,183535,185862,22,2327,2,7200,1.00945423292
183534,183543,186213,9,2670,2,7200,1.00337078652
183544,183550,185083,6,1533,2,7200,1.00391389432
183555,183561,184903,6,1342,2,7200,1.0044709389
183566,183689,185226,123,1537,2,7200,1.08002602472
183689,183717,185018,28,1301,2,7200,1.02152190623
183690,183695,183791,5,96,1,3600,1.05208333333
183720,183778,185114,58,1336,2,7200,1.04341317365
183781,183930,186038,149,2108,2,7200,1.07068311195
183917,183924,184212,7,288,1,3600,1.02430555556
183935,183941,185699,6,1758,2,7200,1.00341296928
183946,183973,185184,27,1211,2,7200,1.02229562345
183977,183983,185243,6,1260,2,7200,1.00476190476
183987,184002,186242,15,2240,2,7200,1.00669642857
183998,184051,185733,53,1682,2,7200,1.03151010702
184049,184075,185345,26,1270,2,7200,1.02047244094
184080,184087,185292,7,1205,2,7200,1.00580912863
184091,184097,185205,6,1108,2,7200,1.00541516245
184102,184120,185244,18,1124,2,7200,1.01601423488
184122,184191,185589,69,1398,2,7200,1.04935622318
184194,184202,185306,8,1104,2,7200,1.00724637681
184205,184228,185420,23,1192,2,7200,1.01929530201
184226,184282,185828,56,1546,2,7200,1.0362225097
184287,184441,185581,154,1140,2,7200,1.1350877193
184441,184506,186012,65,1506,2,7200,1.04316069057
184479,209754,224146,25275,14392,4,43200,2.75618399111
184498,184879,185432,381,553,1,3600,1.68896925859
184503,184548,185802,45,1254,2,7200,1.03588516746
184544,184600,186146,56,1546,2,7200,1.0362225097
184595,184635,185842,40,1207,2,7200,1.03314001657
184637,184655,186566,18,1911,2,7200,1.00941915228
184658,184665,186191,7,1526,2,7200,1.00458715596
184668,184774,186297,106,1523,2,7200,1.06959947472
184771,184865,185994,94,1129,2,7200,1.0832595217
184864,184872,186071,8,1199,2,7200,1.00667222686
184874,184901,186544,27,1643,2,7200,1.01643335362
184905,184914,186730,9,1816,2,7200,1.00495594714
184916,184936,186436,20,1500,2,7200,1.01333333333
184937,184943,186255,6,1312,2,7200,1.00457317073
184948,185029,186428,81,1399,2,7200,1.05789849893
185030,185095,187404,65,2309,2,7200,1.0281507146
185091,185125,186204,34,1079,2,7200,1.03151065802
185122,185195,186207,73,1012,2,7200,1.07213438735
185194,185217,186303,23,1086,2,7200,1.0211786372
185215,185232,186370,17,1138,2,7200,1.01493848858
185236,185242,186782,6,1540,2,7200,1.0038961039
185247,185254,186416,7,1162,2,7200,1.00602409639
185257,185263,187185,6,1922,2,7200,1.00312174818
185268,185304,187134,36,1830,2,7200,1.01967213115
185299,185317,186521,18,1204,2,7200,1.01495016611
185320,185356,186553,36,1197,2,7200,1.03007518797
185361,185431,186910,70,1479,2,7200,1.04732927654
185433,185442,187160,9,1718,2,7200,1.00523864959
185444,185450,187301,6,1851,2,7200,1.00324149109
185451,186921,187056,1470,135,1,3600,11.8888888889
185454,185477,186676,23,1199,2,7200,1.01918265221
185475,185484,188227,9,2743,2,7200,1.00328107911
185486,185593,186719,107,1126,2,7200,1.09502664298
185589,185600,188786,11,3186,2,7200,1.00345260515
185599,185645,187468,46,1823,2,7200,1.0252331322
185641,185711,188744,70,3033,2,7200,1.02307945928
185713,185744,188652,31,2908,2,7200,1.01066024759
185744,185814,188885,70,3071,2,7200,1.02279387822
185816,185840,188396,24,2556,2,7200,1.00938967136
185837,185847,187091,10,1244,2,7200,1.00803858521
185848,185854,187594,6,1740,2,7200,1.00344827586
185858,185873,188991,15,3118,2,7200,1.00481077614
185869,185946,188974,77,3028,2,7200,1.02542932629
185951,186006,189030,55,3024,2,7200,1.01818783069
186002,186013,188354,11,2341,2,7200,1.00469884665
186013,186023,188132,10,2109,2,7200,1.00474158369
186024,186049,189218,25,3169,2,7200,1.00788892395
186055,186082,187945,27,1863,2,7200,1.01449275362
186086,186157,188892,71,2735,2,7200,1.02595978062
186158,186203,189415,45,3212,2,7200,1.01400996264
186199,186216,188167,17,1951,2,7200,1.00871348027
186220,186226,188101,6,1875,2,7200,1.0032
186231,186237,187801,6,1564,2,7200,1.00383631714
186241,186253,189354,12,3101,2,7200,1.00386971945
186252,186267,189333,15,3066,2,7200,1.00489236791
186263,186308,189317,45,3009,2,7200,1.0149551346
186304,186315,188521,11,2206,2,7200,1.00498640073
186315,186382,188297,67,1915,2,7200,1.03498694517
186386,186427,188581,41,2154,2,7200,1.01903435469
186428,186439,188368,11,1929,2,7200,1.0057024365
186438,186447,189632,9,3185,2,7200,1.00282574568
186449,186533,189724,84,3191,2,7200,1.02632403635
186531,186555,188001,24,1446,2,7200,1.01659751037
186552,186565,188365,13,1800,2,7200,1.00722222222
186563,186578,189609,15,3031,2,7200,1.00494886176
186583,186688,189384,105,2696,2,7200,1.03894658754
186686,186731,189858,45,3127,2,7200,1.01439078989
186727,186741,189348,14,2607,2,7200,1.00537015727
186738,186793,188603,55,1810,2,7200,1.03038674033
186789,187103,188383,314,1280,2,7200,1.2453125
187108,187145,190081,37,2936,2,7200,1.01260217984
187149,187199,189957,50,2758,2,7200,1.01812907904
187185,187191,187504,6,313,1,3600,1.01916932907
187200,187313,190489,113,3176,2,7200,1.03557934509
187313,187415,189357,102,1942,2,7200,1.05252317199
187416,187480,188852,64,1372,2,7200,1.04664723032
187477,187607,189140,130,1533,2,7200,1.08480104371
187610,187813,190953,203,3140,2,7200,1.06464968153
187732,187738,188373,6,635,1,3600,1.0094488189
187815,187956,189574,141,1618,2,7200,1.08714462299
187958,188013,189838,55,1825,2,7200,1.0301369863
188010,188112,189590,102,1478,2,7200,1.06901217862
188113,188143,191161,30,3018,2,7200,1.00994035785
188144,188240,189665,96,1425,2,7200,1.06736842105
188236,188308,190825,72,2517,2,7200,1.02860548272
188298,188365,191254,67,2889,2,7200,1.02319141571
188359,188376,191466,17,3090,2,7200,1.00550161812
188370,188383,190290,13,1907,2,7200,1.00681699004
188381,188394,190256,13,1862,2,7200,1.00698174006
188391,188407,189745,16,1338,2,7200,1.01195814649
188402,188532,190029,130,1497,2,7200,1.08684034736
188525,188593,191536,68,2943,2,7200,1.02310567448
188587,188614,191424,27,2810,2,7200,1.00960854093
188607,188664,191771,57,3107,2,7200,1.01834567107
188659,188756,191894,97,3138,2,7200,1.03091140854
188751,188798,191917,47,3119,2,7200,1.01506893235
188793,188863,190149,70,1286,2,7200,1.05443234837
188854,188899,190774,45,1875,2,7200,1.024
188885,188907,191449,22,2542,2,7200,1.00865460268
188887,188892,188973,5,81,1,1800,1.06172839506
188896,188985,191110,89,2125,2,7200,1.04188235294
188978,189003,190678,25,1675,2,7200,1.01492537313
188999,189041,190968,42,1927,2,7200,1.0217955371
189040,189152,191179,112,2027,2,7200,1.05525407005
189143,189230,190831,87,1601,2,7200,1.05434103685
189208,189215,189308,7,93,1,1800,1.0752688172
189225,189328,190883,103,1555,2,7200,1.06623794212
189285,189291,189387,6,96,1,3600,1.0625
189317,189344,190796,27,1452,2,7200,1.01859504132
189338,189360,192231,22,2871,2,7200,1.00766283525
189359,189366,190734,7,1368,2,7200,1.00511695906
189359,189373,190759,14,1386,2,7200,1.0101010101
189370,189396,191184,26,1788,2,7200,1.01454138702
189391,189426,191575,35,2149,2,7200,1.01628664495
189422,189586,191087,164,1501,2,7200,1.109260493
189515,189521,189812,6,291,1,3600,1.0206185567
189575,189601,192230,26,2629,2,7200,1.0098896919
189596,189621,191843,25,2222,2,7200,1.01125112511
189617,189643,191050,26,1407,2,7200,1.0184790334
189638,189677,191101,39,1424,2,7200,1.02738764045
189669,189735,191883,66,2148,2,7200,1.03072625698
189730,189756,191328,26,1572,2,7200,1.0165394402
189751,189850,191525,99,1675,2,7200,1.05910447761
189811,189822,190202,11,380,1,1800,1.02894736842
189844,189870,191364,26,1494,2,7200,1.01740294511
189865,189968,191237,103,1269,2,7200,1.08116627266
189967,190041,192850,74,2809,2,7200,1.02634389462
190039,190092,192409,53,2317,2,7200,1.02287440656
190087,190098,190626,11,528,1,3600,1.02083333333
190090,190161,193197,71,3036,2,7200,1.02338603426
190152,190267,191568,115,1301,2,7200,1.08839354343
190265,190301,193421,36,3120,2,7200,1.01153846154
190296,190500,193625,204,3125,2,7200,1.06528
190490,190690,193816,200,3126,2,7200,1.06397952655
190685,190745,193266,60,2521,2,7200,1.02380007933
190736,190770,193627,34,2857,2,7200,1.01190059503
190767,190786,192587,19,1801,2,7200,1.01054969461
190778,190809,192673,31,1864,2,7200,1.01663090129
190799,190836,193688,37,2852,2,7200,1.01297335203
190830,190842,192768,12,1926,2,7200,1.0062305296
190840,190894,193642,54,2748,2,7200,1.01965065502
190892,190964,192216,72,1252,2,7200,1.05750798722
190964,190980,192715,16,1735,2,7200,1.00922190202
190974,191062,194145,88,3083,2,7200,1.02854362634
191022,191028,191068,6,40,1,1800,1.15
191056,191098,194027,42,2929,2,7200,1.01433936497
191087,191113,192955,26,1842,2,7200,1.01411509229
191108,191121,192573,13,1452,2,7200,1.00895316804
191119,191172,192512,53,1340,2,7200,1.03955223881
191170,191191,193266,21,2075,2,7200,1.01012048193
191181,191197,192673,16,1476,2,7200,1.0108401084
191191,191249,192695,58,1446,2,7200,1.04011065007
191243,191265,193031,22,1766,2,7200,1.01245753114
191264,191339,192821,75,1482,2,7200,1.05060728745
191300,191306,191381,6,75,1,1800,1.08
191336,191376,194187,40,2811,2,7200,1.01422981145
191367,191437,193123,70,1686,2,7200,1.04151838671
191428,191460,194496,32,3036,2,7200,1.01054018445
191459,191477,194507,18,3030,2,7200,1.00594059406
191470,191536,194664,66,3128,2,7200,1.02109974425
191532,191547,194576,15,3029,2,7200,1.00495212942
191543,191580,194701,37,3121,2,7200,1.01185517462
191574,191587,194707,13,3120,2,7200,1.00416666667
191584,191783,194893,199,3110,2,7200,1.06398713826
191779,191854,194884,75,3030,2,7200,1.02475247525
191851,191894,194677,43,2783,2,7200,1.01545095221
191892,191906,194996,14,3090,2,7200,1.00453074434
191903,191928,195002,25,3074,2,7200,1.00813272609
191924,192228,195310,304,3082,2,7200,1.09863724854
192001,193824,194085,1823,261,1,1800,7.9846743295
192220,192242,194285,22,2043,2,7200,1.01076847773
192231,192247,194721,16,2474,2,7200,1.0064672595
192242,192422,193944,180,1522,2,7200,1.11826544021
192416,192523,194848,107,2325,2,7200,1.04602150538
192518,192586,194387,68,1801,2,7200,1.03775680178
192580,192598,194162,18,1564,2,7200,1.01150895141
192590,192684,194453,94,1769,2,7200,1.05313736574
192683,192706,194722,23,2016,2,7200,1.01140873016
192683,192691,194220,8,1529,2,7200,1.00523217789
192704,192727,194466,23,1739,2,7200,1.01322599195
192725,192780,194349,55,1569,2,7200,1.03505417463
192744,193830,193913,1086,83,1,1800,14.0843373494
192776,192832,194354,56,1522,2,7200,1.03679369251
192828,192861,194427,33,1566,2,7200,1.02107279693
192859,192966,194360,107,1394,2,7200,1.07675753228
192961,193043,194446,82,1403,2,7200,1.05844618674
193033,193134,194539,101,1405,2,7200,1.071886121
193125,193208,194773,83,1565,2,7200,1.05303514377
193207,193277,194787,70,1510,2,7200,1.04635761589
193268,193282,194885,14,1603,2,7200,1.00873362445
193281,193432,195169,151,1737,2,7200,1.08693149108
193427,193636,195225,209,1589,2,7200,1.13152926369
193634,193655,195148,21,1493,2,7200,1.01406563965
193634,193642,195220,8,1578,2,7200,1.00506970849
193645,193699,195376,54,1677,2,7200,1.03220035778
193697,193819,195422,122,1603,2,7200,1.07610729881
193821,193841,195417,20,1576,2,7200,1.01269035533
193842,193849,195504,7,1655,2,7200,1.00422960725
193853,193861,195474,8,1613,2,7200,1.00495970242
193864,193871,195316,7,1445,2,7200,1.00484429066
193876,193955,195501,79,1546,2,7200,1.0510996119
193959,194039,195964,80,1925,2,7200,1.04155844156
194041,194096,195398,55,1302,2,7200,1.04224270353
194093,194157,196065,64,1908,2,7200,1.03354297694
194155,194173,195444,18,1271,2,7200,1.0141620771
194159,195436,195538,1277,102,1,1800,13.5196078431
194175,194198,195692,23,1494,2,7200,1.01539491299
194196,194231,195874,35,1643,2,7200,1.02130249544
194227,194297,195919,70,1622,2,7200,1.04315659679
194299,194361,195954,62,1593,2,7200,1.03892027621
194361,194367,195624,6,1257,2,7200,1.00477326969
194372,194378,196468,6,2090,2,7200,1.0028708134
194382,194400,195905,18,1505,2,7200,1.01196013289
194403,194440,195728,37,1288,2,7200,1.02872670807
194444,194459,195764,15,1305,2,7200,1.01149425287
194455,194465,195666,10,1201,2,7200,1.00832639467
194466,194477,195804,11,1327,2,7200,1.00828937453
194477,194508,195736,31,1228,2,7200,1.02524429967
194508,194518,195842,10,1324,2,7200,1.00755287009
194518,194550,197627,32,3077,2,7200,1.01039974001
194549,194588,196845,39,2257,2,7200,1.01727957466
194661,194676,195896,15,1220,2,7200,1.01229508197
194672,194688,195919,16,1231,2,7200,1.01299756296
194693,194713,196185,20,1472,2,7200,1.01358695652
194714,194719,195943,5,1224,2,7200,1.00408496732
194715,194733,195973,18,1240,2,7200,1.01451612903
194736,194743,196024,7,1281,2,7200,1.00546448087
194747,194786,196092,39,1306,2,7200,1.02986217458
194788,194798,196138,10,1340,2,7200,1.00746268657
194798,194861,196233,63,1372,2,7200,1.04591836735
194857,194895,196263,38,1368,2,7200,1.02777777778
194898,194904,196306,6,1402,2,7200,1.00427960057
194909,194916,196281,7,1365,2,7200,1.00512820513
194920,195008,196240,88,1232,2,7200,1.07142857143
195012,195018,196367,6,1349,2,7200,1.00444773907
195023,195160,196443,137,1283,2,7200,1.10678098207
195156,195180,196488,24,1308,2,7200,1.01834862385
195177,195233,196584,56,1351,2,7200,1.0414507772
195228,195240,196701,12,1461,2,7200,1.00821355236
195239,195321,196554,82,1233,2,7200,1.06650446067
195321,195328,196566,7,1238,2,7200,1.0056542811
195332,195389,196650,57,1261,2,7200,1.04520222046
195393,195410,196732,17,1322,2,7200,1.01285930408
195414,195430,196762,16,1332,2,7200,1.01201201201
195435,195456,196766,21,1310,2,7200,1.01603053435
195456,195485,196801,29,1316,2,7200,1.02203647416
195487,195513,196766,26,1253,2,7200,1.02075019952
195508,195519,196741,11,1222,2,7200,1.00900163666
195519,195548,196823,29,1275,2,7200,1.02274509804
195550,195636,196908,86,1272,2,7200,1.06761006289
195632,195678,196971,46,1293,2,7200,1.03557617943
195683,195703,197064,20,1361,2,7200,1.01469507715
195704,195739,197107,35,1368,2,7200,1.02558479532
195735,195748,197085,13,1337,2,7200,1.00972326103
195746,195776,197009,30,1233,2,7200,1.02433090024
195777,195816,197183,39,1367,2,7200,1.02852962692
195818,195854,197238,36,1384,2,7200,1.02601156069
195859,195885,197230,26,1345,2,7200,1.01933085502
195890,195907,197347,17,1440,2,7200,1.01180555556
195911,195917,197408,6,1491,2,7200,1.00402414487
195922,195931,197175,9,1244,2,7200,1.00723472669
195933,195940,197241,7,1301,2,7200,1.00538047656
195943,195954,197364,11,1410,2,7200,1.00780141844
195954,195965,197358,11,1393,2,7200,1.00789662599
195964,195975,197403,11,1428,2,7200,1.00770308123
195975,195986,197343,11,1357,2,7200,1.00810611643
195986,196036,197301,50,1265,2,7200,1.0395256917
196037,196078,197454,41,1376,2,7200,1.02979651163
196057,197889,198267,1832,378,1,1800,5.84656084656
196079,196103,197560,24,1457,2,7200,1.01647220316
196100,196150,197644,50,1494,2,7200,1.03346720214
196151,196197,197674,46,1477,2,7200,1.03114421124
196192,196245,197677,53,1432,2,7200,1.03701117318
196244,196252,197550,8,1298,2,7200,1.0061633282
196255,196276,197632,21,1356,2,7200,1.01548672566
196276,196293,197649,17,1356,2,7200,1.01253687316
196297,196318,197666,21,1348,2,7200,1.01557863501
196317,196379,197864,62,1485,2,7200,1.04175084175
196379,196454,197907,75,1453,2,7200,1.05161734343
196451,196480,197728,29,1248,2,7200,1.02323717949
196482,196499,197759,17,1260,2,7200,1.01349206349
196503,196566,197865,63,1299,2,7200,1.04849884527
196565,196577,197877,12,1300,2,7200,1.00923076923
196575,196595,197914,20,1319,2,7200,1.01516300227
196596,196661,198193,65,1532,2,7200,1.04242819843
196658,196712,198090,54,1378,2,7200,1.03918722787
196709,196745,198058,36,1313,2,7200,1.02741812643
196740,196753,198067,13,1314,2,7200,1.0098934551
196751,196773,198159,22,1386,2,7200,1.01587301587
196772,196781,198224,9,1443,2,7200,1.00623700624
196783,196789,198215,6,1426,2,7200,1.00420757363
196793,196812,198030,19,1218,2,7200,1.01559934319
196814,196834,198093,20,1259,2,7200,1.01588562351
196835,196857,198209,22,1352,2,7200,1.01627218935
196856,196919,198284,63,1365,2,7200,1.04615384615
196918,196983,198448,65,1465,2,7200,1.04436860068
196959,197016,204266,57,7250,3,7200,1.00786206897
196972,197021,204267,49,7246,3,7200,1.00676235164
196979,197027,198438,48,1411,2,7200,1.03401842665
197031,197075,198476,44,1401,2,7200,1.03140613847
197073,197097,198319,24,1222,2,7200,1.01963993453
197093,197118,198463,25,1345,2,7200,1.01858736059
197114,197186,198524,72,1338,2,7200,1.05381165919
197186,197194,198664,8,1470,2,7200,1.00544217687
197197,197241,198582,44,1341,2,7200,1.03281133482
197238,222424,244074,25186,21650,12,21600,2.1633256351
197238,197250,198678,12,1428,2,7200,1.00840336134
197249,197258,198853,9,1595,2,7200,1.00564263323
197260,197314,198546,54,1232,2,7200,1.04383116883
197311,197354,198665,43,1311,2,7200,1.03279938978
197352,197360,198703,8,1343,2,7200,1.0059568131
197363,197370,198696,7,1326,2,7200,1.00527903469
197374,197381,198812,7,1431,2,7200,1.00489168414
197384,197415,198956,31,1541,2,7200,1.02011680727
197415,197421,198883,6,1462,2,7200,1.00410396717
197426,197466,198930,40,1464,2,7200,1.02732240437
197467,197563,198971,96,1408,2,7200,1.06818181818
197560,197571,198995,11,1424,2,7200,1.0077247191
197570,197638,199173,68,1535,2,7200,1.04429967427
197642,197649,198962,7,1313,2,7200,1.00533130236
197653,197659,199242,6,1583,2,7200,1.00379027164
197664,197670,199204,6,1534,2,7200,1.00391134289
197674,197681,199572,7,1891,2,7200,1.00370174511
197685,197691,199600,6,1909,2,7200,1.00314300681
197696,197702,199013,6,1311,2,7200,1.00457665904
197706,197739,199046,33,1307,2,7200,1.02524866106
197739,197770,199161,31,1391,2,7200,1.02228612509
197770,197876,199404,106,1528,2,7200,1.06937172775
197874,197883,199467,9,1584,2,7200,1.00568181818
197885,197919,199804,34,1885,2,7200,1.01803713528
197916,197925,199095,9,1170,2,7200,1.00769230769
197927,198041,199266,114,1225,2,7200,1.09306122449
198039,198070,199583,31,1513,2,7200,1.02048909451
198070,198080,199435,10,1355,2,7200,1.0073800738
198081,198102,199909,21,1807,2,7200,1.01162147205
198102,198108,199585,6,1477,2,7200,1.00406228842
198113,198172,199675,59,1503,2,7200,1.03925482369
198175,198205,199564,30,1359,2,7200,1.02207505519
198206,198221,199342,15,1121,2,7200,1.0133809099
198216,198228,199412,12,1184,2,7200,1.01013513514
198227,198237,199657,10,1420,2,7200,1.00704225352
198238,198277,199632,39,1355,2,7200,1.02878228782
198279,198296,199740,17,1444,2,7200,1.01177285319
198300,198331,199837,31,1506,2,7200,1.02058432935
198331,198449,199707,118,1258,2,7200,1.09379968203
198454,198460,200001,6,1541,2,7200,1.0038935756
198464,198474,199963,10,1489,2,7200,1.00671591672
198475,198487,199992,12,1505,2,7200,1.00797342193
198486,198535,200128,49,1593,2,7200,1.03075957313
198537,198557,200152,20,1595,2,7200,1.01253918495
198558,198594,199938,36,1344,2,7200,1.02678571429
198589,198675,200266,86,1591,2,7200,1.05405405405
198671,198683,200098,12,1415,2,7200,1.00848056537
198682,198689,200160,7,1471,2,7200,1.00475866757
198693,198708,200085,15,1377,2,7200,1.01089324619
198703,198714,200404,11,1690,2,7200,1.00650887574
198714,198823,200401,109,1578,2,7200,1.0690747782
198827,198865,200468,38,1603,2,7200,1.02370555209
198868,198895,200389,27,1494,2,7200,1.01807228916
198899,198942,200725,43,1783,2,7200,1.02411665732
198940,198967,200404,27,1437,2,7200,1.01878914405
198971,198978,200440,7,1462,2,7200,1.0047879617
198982,198988,200480,6,1492,2,7200,1.00402144772
198993,199007,200592,14,1585,2,7200,1.00883280757
199003,199027,200706,24,1679,2,7200,1.01429422275
199024,199059,200428,35,1369,2,7200,1.02556610665
199055,199107,200516,52,1409,2,7200,1.03690560681
199107,199172,200675,65,1503,2,7200,1.04324683965
199168,199185,200757,17,1572,2,7200,1.01081424936
199189,199215,200733,26,1518,2,7200,1.01712779974
199220,199253,200734,33,1481,2,7200,1.02228224173
199251,199277,200793,26,1516,2,7200,1.01715039578
199282,199354,200900,72,1546,2,7200,1.04657179819
199354,199417,200902,63,1485,2,7200,1.04242424242
199416,199423,200890,7,1467,2,7200,1.00477164281
199427,199446,200967,19,1521,2,7200,1.01249178172
199439,199594,199638,155,44,1,1800,4.52272727273
199447,199480,200769,33,1289,2,7200,1.02560124127
199479,199576,200927,97,1351,2,7200,1.07179866765
199581,199588,201073,7,1485,2,7200,1.00471380471
199591,199602,201106,11,1504,2,7200,1.00731382979
199602,199612,201054,10,1442,2,7200,1.00693481276
199613,199643,201088,30,1445,2,7200,1.02076124567
199644,199650,201169,6,1519,2,7200,1.00394996708
199655,199668,201191,13,1523,2,7200,1.00853578464
199665,199687,201185,22,1498,2,7200,1.01468624833
199682,224341,224504,24659,163,64,600,152.282208589
199686,199718,201220,32,1502,2,7200,1.02130492676
199717,199751,201176,34,1425,2,7200,1.02385964912
199748,199815,201257,67,1442,2,7200,1.04646324549
199820,199848,201251,28,1403,2,7200,1.0199572345
199851,199921,201338,70,1417,2,7200,1.04940014114
199883,204283,204366,4400,83,1,1800,54.0120481928
199923,199951,201568,28,1617,2,7200,1.01731601732
199954,199975,201466,21,1491,2,7200,1.01408450704
199975,200004,201313,29,1309,2,7200,1.02215431627
200006,200012,201420,6,1408,2,7200,1.00426136364
200017,200097,201552,80,1455,2,7200,1.05498281787
200099,200109,201653,10,1544,2,7200,1.00647668394
200110,200139,201547,29,1408,2,7200,1.02059659091
200141,200163,201571,22,1408,2,7200,1.015625
200161,200172,201682,11,1510,2,7200,1.00728476821
200172,200277,201795,105,1518,2,7200,1.06916996047
200275,200401,201699,126,1298,2,7200,1.09707241911
200398,200413,201852,15,1439,2,7200,1.01042390549
200418,200426,201944,8,1518,2,7200,1.00527009223
200429,200435,201893,6,1458,2,7200,1.00411522634
200440,200446,201724,6,1278,2,7200,1.00469483568
200442,200454,201945,12,1491,2,7200,1.00804828974
200452,200479,201895,27,1416,2,7200,1.01906779661
200483,200492,201988,9,1496,2,7200,1.00601604278
200494,200544,202007,50,1463,2,7200,1.03417634997
200545,200605,202100,60,1495,2,7200,1.04013377926
200607,200686,202865,79,2179,2,7200,1.03625516292
200690,200717,202186,27,1469,2,7200,1.01837985024
200721,200737,202196,16,1459,2,7200,1.01096641535
200742,200748,202368,6,1620,2,7200,1.0037037037
200753,200759,202471,6,1712,2,7200,1.0035046729
200764,200771,201901,7,1130,2,7200,1.00619469027
200774,200780,202556,6,1776,2,7200,1.00337837838
200785,200901,204035,116,3134,2,7200,1.0370134014
200898,200912,202447,14,1535,2,7200,1.00912052117
200909,200919,202754,10,1835,2,7200,1.00544959128
200919,200940,202738,21,1798,2,7200,1.01167964405
200940,201066,202625,126,1559,2,7200,1.08082103913
201063,201085,204241,22,3156,2,7200,1.00697084918
201084,201181,204236,97,3055,2,7200,1.0317512275
201176,201187,202611,11,1424,2,7200,1.0077247191
201187,201197,203073,10,1876,2,7200,1.00533049041
201197,201204,202402,7,1198,2,7200,1.00584307179
201208,201232,202490,24,1258,2,7200,1.01907790143
201229,201263,203184,34,1921,2,7200,1.01769911504
201260,201270,203825,10,2555,2,7200,1.00391389432
201271,201325,204302,54,2977,2,7200,1.01813906617
201322,201332,203492,10,2160,2,7200,1.00462962963
201333,201349,203162,16,1813,2,7200,1.00882515168
201354,201432,203147,78,1715,2,7200,1.04548104956
201436,201478,202942,42,1464,2,7200,1.02868852459
201477,201485,203647,8,2162,2,7200,1.00370027752
201487,201560,202867,73,1307,2,7200,1.0558530987
201559,201566,202818,7,1252,2,7200,1.00559105431
201570,201579,202950,9,1371,2,7200,1.00656455142
201580,201587,202993,7,1406,2,7200,1.00497866287
201591,201614,203082,23,1468,2,7200,1.01566757493
201612,201665,203044,53,1379,2,7200,1.03843364757
201663,201694,203181,31,1487,2,7200,1.02084734364
201695,201711,202992,16,1281,2,7200,1.012490242
201716,201736,203009,20,1273,2,7200,1.01571091909
201737,201807,203075,70,1268,2,7200,1.05520504732
201808,201864,203140,56,1276,2,7200,1.04388714734
201860,201905,203237,45,1332,2,7200,1.03378378378
201901,201912,203303,11,1391,2,7200,1.00790797987
201912,201918,203205,6,1287,2,7200,1.00466200466
201922,201952,203358,30,1406,2,7200,1.0213371266
201953,201960,203376,7,1416,2,7200,1.00494350282
201964,201971,203370,7,1399,2,7200,1.00500357398
201975,202000,203388,25,1388,2,7200,1.01801152738
202006,202019,203481,13,1462,2,7200,1.00889192886
202016,202112,203623,96,1511,2,7200,1.06353408339
202108,202198,203567,90,1369,2,7200,1.06574141709
202201,202208,204121,7,1913,2,7200,1.00365917407
202211,202379,203714,168,1335,2,7200,1.12584269663
202375,202386,203702,11,1316,2,7200,1.00835866261
202386,202415,203787,29,1372,2,7200,1.02113702624
202417,202460,203750,43,1290,2,7200,1.03333333333
202458,202483,203816,25,1333,2,7200,1.01875468867
202479,202501,203952,22,1451,2,7200,1.01516195727
202500,202569,203954,69,1385,2,7200,1.04981949458
202572,202580,204052,8,1472,2,7200,1.00543478261
202582,202620,204059,38,1439,2,7200,1.02640722724
202624,202630,204144,6,1514,2,7200,1.00396301189
202634,202641,204144,7,1503,2,7200,1.00465735196
202645,202749,204185,104,1436,2,7200,1.07242339833
202748,202767,204148,19,1381,2,7200,1.01375814627
202768,202830,204123,62,1293,2,7200,1.04795050271
202830,202877,204381,47,1504,2,7200,1.03125
202881,202888,204324,7,1436,2,7200,1.00487465181
202892,202954,204271,62,1317,2,7200,1.04707668945
202954,202962,204283,8,1321,2,7200,1.00605601817
202964,203004,204349,40,1345,2,7200,1.02973977695
203006,203012,204423,6,1411,2,7200,1.00425230333
203016,203022,204458,6,1436,2,7200,1.00417827298
203025,204295,204933,1270,638,2,14400,2.99059561129
203028,203055,204486,27,1431,2,7200,1.01886792453
203059,203085,204454,26,1369,2,7200,1.01899196494
203080,203092,204657,12,1565,2,7200,1.00766773163
203091,203099,204563,8,1464,2,7200,1.00546448087
203102,203153,204655,51,1502,2,7200,1.03395472703
203153,203159,204618,6,1459,2,7200,1.00411240576
203164,203174,204727,10,1553,2,7200,1.00643915003
203175,203193,204496,18,1303,2,7200,1.01381427475
203195,203203,204578,8,1375,2,7200,1.00581818182
203206,203217,204546,11,1329,2,7200,1.00827689992
203217,203249,204597,32,1348,2,7200,1.0237388724
203248,203315,204786,67,1471,2,7200,1.04554724677
203320,203371,204753,51,1382,2,7200,1.03690303907
203371,203382,204814,11,1432,2,7200,1.00768156425
203382,203390,204893,8,1503,2,7200,1.00532268796
203393,203400,204970,7,1570,2,7200,1.00445859873
203403,203493,204949,90,1456,2,7200,1.06181318681
203496,203503,205011,7,1508,2,7200,1.00464190981
203507,203580,205204,73,1624,2,7200,1.04495073892
203578,203635,205069,57,1434,2,7200,1.03974895397
203640,203658,205152,18,1494,2,7200,1.01204819277
203661,203713,205184,52,1471,2,7200,1.03535010197
203712,203727,205072,15,1345,2,7200,1.01115241636
203723,203762,205284,39,1522,2,7200,1.02562417871
203754,204376,204938,622,562,1,7200,2.10676156584
203764,203798,205245,34,1447,2,7200,1.02349689012
203795,203828,205240,33,1412,2,7200,1.02337110482
203826,203836,205237,10,1401,2,7200,1.00713775874
203837,203964,205402,127,1438,2,7200,1.08831710709
203960,203971,205452,11,1481,2,7200,1.00742741391
203971,204047,205584,76,1537,2,7200,1.04944697463
204043,204064,205362,21,1298,2,7200,1.01617873652
204064,204071,205478,7,1407,2,7200,1.00497512438
204074,204133,205597,59,1464,2,7200,1.04030054645
204097,224562,242612,20465,18050,8,18000,2.13379501385
204136,204143,205826,7,1683,2,7200,1.00415923945
204146,204156,205817,10,1661,2,7200,1.0060204696
204157,204164,205670,7,1506,2,7200,1.00464807437
204168,204174,205644,6,1470,2,7200,1.00408163265
204178,204197,205642,19,1445,2,7200,1.01314878893
204199,204248,205694,49,1446,2,7200,1.03388658368
204251,204257,205698,6,1441,2,7200,1.00416377516
204261,204278,205758,17,1480,2,7200,1.01148648649
204282,204290,205799,8,1509,2,7200,1.00530152419
204293,204307,205790,14,1483,2,7200,1.00944032367
204304,204321,205799,17,1478,2,7200,1.01150202977
204325,204336,205696,11,1360,2,7200,1.00808823529
204335,204361,205823,26,1462,2,7200,1.01778385773
204367,204392,206212,25,1820,2,7200,1.01373626374
204398,204434,205970,36,1536,2,7200,1.0234375
204439,204465,205904,26,1439,2,7200,1.01806810285
204470,204477,205861,7,1384,2,7200,1.00505780347
204481,204498,205896,17,1398,2,7200,1.0121602289
204502,204508,206078,6,1570,2,7200,1.00382165605
204512,204557,206146,45,1589,2,7200,1.02831969792
204553,204575,206081,22,1506,2,7200,1.01460823373
204574,204591,206037,17,1446,2,7200,1.01175656985
204595,204609,206407,14,1798,2,7200,1.00778642937
204606,204629,206232,23,1603,2,7200,1.01434809732
204627,204667,206423,40,1756,2,7200,1.02277904328
204669,204675,206127,6,1452,2,7200,1.0041322314
204680,204740,206218,60,1478,2,7200,1.04059539919
204742,204764,206214,22,1450,2,7200,1.01517241379
204762,204797,206466,35,1669,2,7200,1.0209706411
204793,204827,206335,34,1508,2,7200,1.0225464191
204825,204905,206285,80,1380,2,7200,1.05797101449
204907,204948,206391,41,1443,2,7200,1.02841302841
204948,204961,206375,13,1414,2,7200,1.00919377652
204959,204982,206505,23,1523,2,7200,1.01510177282
204980,205022,206585,42,1563,2,7200,1.02687140115
205001,205008,205258,7,250,1,1800,1.028
205021,205081,206569,60,1488,2,7200,1.04032258065
205082,205090,206687,8,1597,2,7200,1.00500939261
205093,205164,206607,71,1443,2,7200,1.0492030492
205165,205196,206487,31,1291,2,7200,1.02401239349
205196,205216,207138,20,1922,2,7200,1.01040582726
205217,205250,206778,33,1528,2,7200,1.02159685864
205248,205256,206748,8,1492,2,7200,1.00536193029
205259,205265,206679,6,1414,2,7200,1.00424328147
205270,205296,206971,26,1675,2,7200,1.01552238806
205301,205373,206826,72,1453,2,7200,1.04955264969
205373,205414,206867,41,1453,2,7200,1.02821748107
205414,205464,206793,50,1329,2,7200,1.03762227239
205466,205490,207156,24,1666,2,7200,1.0144057623
205487,205595,207150,108,1555,2,7200,1.06945337621
205599,205610,207016,11,1406,2,7200,1.00782361309
205610,205653,207351,43,1698,2,7200,1.02532391048
205651,205661,207156,10,1495,2,7200,1.00668896321
205662,205681,207363,19,1682,2,7200,1.0112960761
205683,205706,207180,23,1474,2,7200,1.01560379919
205704,205714,207283,10,1569,2,7200,1.0063734863
205715,205721,207226,6,1505,2,7200,1.00398671096
205725,205770,207246,45,1476,2,7200,1.03048780488
205767,205802,207456,35,1654,2,7200,1.02116082225
205798,205810,207316,12,1506,2,7200,1.00796812749
205808,205816,207481,8,1665,2,7200,1.0048048048
205819,205829,207459,10,1630,2,7200,1.00613496933
205830,205837,207131,7,1294,2,7200,1.00540958269
205841,205847,207289,6,1442,2,7200,1.00416088766
205851,205873,207297,22,1424,2,7200,1.0154494382
205872,205908,207406,36,1498,2,7200,1.02403204272
205903,205917,207359,14,1442,2,7200,1.00970873786
205914,205983,207389,69,1406,2,7200,1.04907539118
205986,206049,207522,63,1473,2,7200,1.04276985743
206047,206090,207589,43,1499,2,7200,1.02868579053
206089,206097,207683,8,1586,2,7200,1.00504413619
206100,206139,207559,39,1420,2,7200,1.02746478873
206141,206158,207601,17,1443,2,7200,1.01178101178
206162,206225,207818,63,1593,2,7200,1.0395480226
206223,206232,207648,9,1416,2,7200,1.0063559322
206234,206240,207739,6,1499,2,7200,1.00400266845
206245,206251,207806,6,1555,2,7200,1.0038585209
206255,206297,207825,42,1528,2,7200,1.02748691099
206257,207170,207649,913,479,2,7200,2.90605427975
206297,206347,207737,50,1390,2,7200,1.03597122302
206348,206387,207825,39,1438,2,7200,1.02712100139
206390,206404,207798,14,1394,2,7200,1.01004304161
206400,206418,207856,18,1438,2,7200,1.01251738526
206421,206434,207844,13,1410,2,7200,1.00921985816
206432,206479,207961,47,1482,2,7200,1.03171390013
206483,206499,208030,16,1531,2,7200,1.01045068583
206504,206517,208149,13,1632,2,7200,1.00796568627
206515,206582,208072,67,1490,2,7200,1.04496644295
206577,206598,208205,21,1607,2,7200,1.01306782825
206598,206619,208113,21,1494,2,7200,1.0140562249
206619,206691,208182,72,1491,2,7200,1.04828973843
206691,206699,208155,8,1456,2,7200,1.00549450549
206701,206759,208356,58,1597,2,7200,1.03631809643
206763,206790,208286,27,1496,2,7200,1.01804812834
206794,206805,208205,11,1400,2,7200,1.00785714286
206805,206838,208377,33,1539,2,7200,1.02144249513
206836,206879,208368,43,1489,2,7200,1.02887844191
206877,206982,208480,105,1498,2,7200,1.07009345794
206967,208168,208477,1201,309,2,7200,4.88673139159
206980,207029,208496,49,1467,2,7200,1.03340149966
207032,207143,208576,111,1433,2,7200,1.07745987439
207145,207151,208610,6,1459,2,7200,1.00411240576
207156,207163,208586,7,1423,2,7200,1.00491918482
207167,207177,208633,10,1456,2,7200,1.00686813187
207178,207192,208796,14,1604,2,7200,1.00872817955
207192,207238,208793,46,1555,2,7200,1.02958199357
207234,207257,208706,23,1449,2,7200,1.01587301587
207243,208216,208562,973,346,2,7200,3.81213872832
207255,207296,208708,41,1412,2,7200,1.0290368272
207297,207304,209054,7,1750,2,7200,1.004
207308,207314,208651,6,1337,2,7200,1.00448765894
207318,207328,208596,10,1268,2,7200,1.00788643533
207329,207362,209228,33,1866,2,7200,1.01768488746
207360,207370,208930,10,1560,2,7200,1.00641025641
207371,207377,209303,6,1926,2,7200,1.0031152648
207372,207401,209177,29,1776,2,7200,1.01632882883
207403,207418,209340,15,1922,2,7200,1.00780437045
207414,207468,210006,54,2538,2,7200,1.02127659574
207465,207474,210319,9,2845,2,7200,1.00316344464
207476,207493,210296,17,2803,2,7200,1.00606493043
207490,207533,210363,43,2830,2,7200,1.01519434629
207531,207572,210728,41,3156,2,7200,1.01299112801
207573,207601,210250,28,2649,2,7200,1.01057002643
207604,207612,210624,8,3012,2,7200,1.0026560425
207614,207659,210475,45,2816,2,7200,1.01598011364
207656,207667,209684,11,2017,2,7200,1.00545364403
207666,207695,209753,29,2058,2,7200,1.01409135083
207697,207749,210468,52,2719,2,7200,1.01912467819
207749,207755,209738,6,1983,2,7200,1.00302571861
207759,207810,209651,51,1841,2,7200,1.02770233569
207811,207817,209642,6,1825,2,7200,1.00328767123
207821,207830,209335,9,1505,2,7200,1.00598006645
207832,207838,209841,6,2003,2,7200,1.00299550674
207843,207849,209731,6,1882,2,7200,1.00318809777
207853,207860,209276,7,1416,2,7200,1.00494350282
207864,207870,209352,6,1482,2,7200,1.004048583
207875,207973,209558,98,1585,2,7200,1.061829653
207977,208041,209503,64,1462,2,7200,1.04377564979
208039,208084,209718,45,1634,2,7200,1.02753977968
208080,208124,209803,44,1679,2,7200,1.02620607504
208094,208101,294528,7,86427,1,86400,1.00008099321
208121,208161,209688,40,1527,2,7200,1.0261951539
208162,208194,209670,32,1476,2,7200,1.0216802168
208228,208812,237199,584,28387,1,86400,1.02057279741
208269,208275,209684,6,1409,2,7200,1.00425833925
208280,208297,209689,17,1392,2,7200,1.01221264368
208301,208368,209814,67,1446,2,7200,1.04633471646
208373,208380,209911,7,1531,2,7200,1.00457217505
208383,208389,209724,6,1335,2,7200,1.00449438202
208394,208488,209720,94,1232,2,7200,1.0762987013
208412,209662,296070,1250,86408,1,86400,1.01446625312
208486,208494,209806,8,1312,2,7200,1.00609756098
208497,208508,209853,11,1345,2,7200,1.00817843866
208508,208573,209954,65,1381,2,7200,1.04706734251
208538,209767,296172,1229,86405,1,86400,1.01422371391
208570,208588,209903,18,1315,2,7200,1.01368821293
208590,208597,209983,7,1386,2,7200,1.00505050505
208601,208607,210019,6,1412,2,7200,1.00424929178
208612,208621,210036,9,1415,2,7200,1.00636042403
208623,208644,210030,21,1386,2,7200,1.01515151515
208643,208663,210014,20,1351,2,7200,1.014803849
208664,208718,210227,54,1509,2,7200,1.03578528827
208716,208724,210030,8,1306,2,7200,1.00612557427
208727,208804,210197,77,1393,2,7200,1.05527638191
208809,208935,210428,126,1493,2,7200,1.08439383791
208932,208943,210431,11,1488,2,7200,1.00739247312
208943,208949,210259,6,1310,2,7200,1.00458015267
208953,208960,210323,7,1363,2,7200,1.00513573001
208964,208970,210492,6,1522,2,7200,1.00394218134
208975,208982,210549,7,1567,2,7200,1.00446713465
208986,208992,210476,6,1484,2,7200,1.00404312668
208996,209004,210378,8,1374,2,7200,1.0058224163
209007,209013,210442,6,1429,2,7200,1.00419874038
209018,209024,210317,6,1293,2,7200,1.00464037123
209029,209035,210433,6,1398,2,7200,1.00429184549
209039,209066,210633,27,1567,2,7200,1.01723037652
209071,209188,210648,117,1460,2,7200,1.0801369863
209105,278317,278322,69212,5,16,36000,6921.7
209194,209241,210581,47,1340,2,7200,1.03507462687
209245,209287,210728,42,1441,2,7200,1.02914642609
209286,209314,210857,28,1543,2,7200,1.01814646792
209318,209346,210703,28,1357,2,7200,1.02063375092
209349,209356,210710,7,1354,2,7200,1.00516986706
209359,209365,210718,6,1353,2,7200,1.0044345898
209370,209514,211005,144,1491,2,7200,1.09657947686
209514,209571,210905,57,1334,2,7200,1.04272863568
209576,209653,210948,77,1295,2,7200,1.05945945946
209658,209670,211012,12,1342,2,7200,1.00894187779
209668,209682,211033,14,1351,2,7200,1.0103626943
209679,209695,211155,16,1460,2,7200,1.01095890411
209700,209706,211051,6,1345,2,7200,1.00446096654
209711,209717,210977,6,1260,2,7200,1.00476190476
209722,209729,211002,7,1273,2,7200,1.00549882168
209732,209738,211163,6,1425,2,7200,1.00421052632
209743,209749,211082,6,1333,2,7200,1.00450112528
209754,209760,211059,6,1299,2,7200,1.00461893764
209764,209814,211088,50,1274,2,7200,1.03924646782
209816,209822,211041,6,1219,2,7200,1.00492206727
209826,209833,211102,7,1269,2,7200,1.00551615445
209837,209853,211081,16,1228,2,7200,1.01302931596
209858,209865,211370,7,1505,2,7200,1.00465116279
209869,209915,211150,46,1235,2,7200,1.03724696356
209920,209926,211146,6,1220,2,7200,1.00491803279
209931,209965,211131,34,1166,2,7200,1.02915951973
209962,209995,211282,33,1287,2,7200,1.02564102564
209993,210017,211400,24,1383,2,7200,1.01735357918
210014,210027,211490,13,1463,2,7200,1.00888585099
210024,210034,211786,10,1752,2,7200,1.00570776256
210035,210041,211556,6,1515,2,7200,1.00396039604
210037,210047,212517,10,2470,5,3600,1.004048583
210037,210245,212714,208,2469,5,3600,1.08424463345
210038,210261,212793,223,2532,5,3600,1.08807266983
210038,210251,212722,213,2471,5,3600,1.08619991906
210038,210256,212738,218,2482,5,3600,1.08783239323
210039,215031,217513,4992,2482,5,3600,3.01128122482
210039,215080,217606,5041,2526,5,3600,2.99564528899
210040,215988,218432,5948,2444,5,3600,3.43371522095
210040,215129,217582,5089,2453,5,3600,3.07460252752
210041,216074,218607,6033,2533,5,3600,3.38176075799
210041,216125,218611,6084,2486,5,3600,3.44730490748
210041,216055,218539,6014,2484,5,3600,3.42109500805
210042,216175,218712,6133,2537,5,3600,3.41742215215
210042,216196,218638,6154,2442,5,3600,3.52006552007
210043,216209,218691,6166,2482,5,3600,3.48428686543
210043,216216,218684,6173,2468,5,3600,3.50121555916
210044,216236,218742,6192,2506,5,3600,3.47086991221
210044,216223,218789,6179,2566,5,3600,3.40802805924
210045,217525,219983,7480,2458,5,3600,4.04312449146
210045,217594,220045,7549,2451,5,3600,4.07996736026
210046,217878,220402,7832,2524,5,3600,4.1030110935
210046,210209,211443,163,1234,2,7200,1.13209076175
210046,217618,220150,7572,2532,5,3600,3.99052132701
210210,210239,211544,29,1305,2,7200,1.02222222222
210210,217908,220329,7698,2421,5,3600,4.17967781908
210241,210267,211685,26,1418,2,7200,1.01833568406
210241,218136,220657,7895,2521,5,3600,4.13169377231
210272,218141,220645,7869,2504,5,3600,4.14257188498
210272,210278,211557,6,1279,2,7200,1.00469116497
210282,210307,211792,25,1485,2,7200,1.01683501684
210303,218146,220609,7843,2463,5,3600,4.18432805522
210303,210329,211664,26,1335,2,7200,1.01947565543
210324,210336,211721,12,1385,2,7200,1.00866425993
210324,218202,220628,7878,2426,5,3600,4.2473206925
210335,210342,211643,7,1301,2,7200,1.00538047656
210335,218276,220702,7941,2426,5,3600,4.27328936521
210335,218228,220696,7893,2468,5,3600,4.19813614263
210346,210374,211646,28,1272,2,7200,1.02201257862
210346,218448,220890,8102,2442,5,3600,4.31777231777
210377,210390,211517,13,1127,2,7200,1.0115350488
210387,210439,211735,52,1296,2,7200,1.04012345679
210387,218551,221109,8164,2558,5,3600,4.19155590305
210439,213744,216203,3305,2459,5,3600,2.34404229362
210439,210446,211993,7,1547,2,7200,1.00452488688
210450,210456,212070,6,1614,2,7200,1.00371747212
210450,213733,216224,3283,2491,5,3600,2.31794460056
210460,213717,216113,3257,2396,5,3600,2.35934891486
210460,210466,211845,6,1379,2,7200,1.00435097897
210471,210479,211954,8,1475,2,7200,1.00542372881
210471,213705,216210,3234,2505,5,3600,2.29101796407
210482,210488,212038,6,1550,2,7200,1.00387096774
210492,213694,216195,3202,2501,5,3600,2.28028788485
210492,210498,211981,6,1483,2,7200,1.004045853
210503,213682,216163,3179,2481,5,3600,2.28133817009
210503,210509,211926,6,1417,2,7200,1.00423429781
210514,213665,216184,3151,2519,5,3600,2.25089321159
210514,210561,211817,47,1256,2,7200,1.03742038217
210565,210593,212198,28,1605,2,7200,1.01744548287
210565,218619,221093,8054,2474,5,3600,4.2554567502
210596,213579,216063,2983,2484,5,3600,2.20088566828
210596,210637,211906,41,1269,2,7200,1.03230890465
210638,213519,216042,2881,2523,5,3600,2.14189456996
210638,210644,212048,6,1404,2,7200,1.00427350427
210649,213524,215977,2875,2453,5,3600,2.17203424378
210649,210661,212053,12,1392,2,7200,1.00862068966
210659,210715,212325,56,1610,2,7200,1.0347826087
210711,210722,212010,11,1288,2,7200,1.00854037267
210722,210730,212222,8,1492,2,7200,1.00536193029
210733,210739,212236,6,1497,2,7200,1.00400801603
210743,210750,212494,7,1744,2,7200,1.00401376147
210754,210868,212372,114,1504,2,7200,1.07579787234
210867,210918,212047,51,1129,2,7200,1.04517271922
210919,210961,212363,42,1402,2,7200,1.02995720399
210960,210989,212328,29,1339,2,7200,1.0216579537
210991,211013,212378,22,1365,2,7200,1.01611721612
211012,211021,212539,9,1518,2,7200,1.00592885375
211023,211029,212543,6,1514,2,7200,1.00396301189
211033,211045,212454,12,1409,2,7200,1.0085166785
211044,211052,212530,8,1478,2,7200,1.00541271989
211055,211063,212547,8,1484,2,7200,1.00539083558
211065,211072,212537,7,1465,2,7200,1.004778157
211076,211093,212399,17,1306,2,7200,1.01301684533
211097,211103,212383,6,1280,2,7200,1.0046875
211108,211114,212418,6,1304,2,7200,1.00460122699
211119,211125,212490,6,1365,2,7200,1.0043956044
211129,211142,212577,13,1435,2,7200,1.00905923345
211140,211157,212459,17,1302,2,7200,1.01305683564
211163,211168,212624,5,1456,2,7200,1.00343406593
211173,211179,212676,6,1497,2,7200,1.00400801603
211184,211190,212749,6,1559,2,7200,1.00384862091
211195,211294,212568,99,1274,2,7200,1.07770800628
211297,211382,212745,85,1363,2,7200,1.0623624358
211379,211412,212759,33,1347,2,7200,1.02449888641
211411,211454,212947,43,1493,2,7200,1.02880107167
211452,211502,212916,50,1414,2,7200,1.03536067893
211504,211528,213052,24,1524,2,7200,1.0157480315
211524,211556,213055,32,1499,2,7200,1.02134756504
211556,211569,213005,13,1436,2,7200,1.00905292479
211563,212083,216857,520,4774,1,10740,1.10892333473
211566,212089,216833,523,4744,1,10740,1.11024451939
211566,211575,212866,9,1291,2,7200,1.00697134005
211567,213546,218216,1979,4670,1,10740,1.42376873662
211568,213551,218216,1983,4665,1,10740,1.42508038585
211569,213556,218216,1987,4660,1,10740,1.42639484979
211570,213562,218216,1992,4654,1,10740,1.42801890847
211571,213567,218217,1996,4650,1,10740,1.42924731183
211572,213572,218090,2000,4518,1,10740,1.44267374945
211577,211654,212991,77,1337,2,7200,1.05759162304
211659,211665,213037,6,1372,2,7200,1.00437317784
211670,211676,213103,6,1427,2,7200,1.00420462509
211681,211696,213048,15,1352,2,7200,1.01109467456
211692,211732,213136,40,1404,2,7200,1.02849002849
211735,211747,213191,12,1444,2,7200,1.00831024931
211745,211798,213244,53,1446,2,7200,1.03665283541
211798,211804,213068,6,1264,2,7200,1.00474683544
211809,211829,213117,20,1288,2,7200,1.01552795031
211830,211856,213164,26,1308,2,7200,1.01987767584
211861,211918,213248,57,1330,2,7200,1.04285714286
211923,211938,213233,15,1295,2,7200,1.01158301158
211933,211966,213413,33,1447,2,7200,1.02280580511
211964,211993,213372,29,1379,2,7200,1.02102973169
211996,212005,213410,9,1405,2,7200,1.00640569395
212006,212022,213446,16,1424,2,7200,1.01123595506
212017,212050,213353,33,1303,2,7200,1.02532617038
212048,212059,213394,11,1335,2,7200,1.00823970037
212059,212065,213396,6,1331,2,7200,1.00450788881
212070,212077,213404,7,1327,2,7200,1.00527505652
212080,212210,213629,130,1419,2,7200,1.09161381254
212214,212233,213610,19,1377,2,7200,1.01379811184
212235,212248,213626,13,1378,2,7200,1.00943396226
212246,212336,213700,90,1364,2,7200,1.06598240469
212338,212344,213698,6,1354,2,7200,1.00443131462
212349,212374,213692,25,1318,2,7200,1.01896813354
212370,212383,213730,13,1347,2,7200,1.00965107647
212381,212390,213805,9,1415,2,7200,1.00636042403
212391,213535,214953,1144,1418,2,7200,1.80677009873
212586,213530,215012,944,1482,2,7200,1.63697705803
212953,213540,213920,587,380,2,7200,2.54473684211
213368,213374,213377,6,3,2,3600,1.0
213528,213584,214884,56,1300,2,7200,1.04307692308
213538,213590,214945,52,1355,2,7200,1.03837638376
213580,213596,215018,16,1422,2,7200,1.01125175809
213590,213601,214967,11,1366,2,7200,1.00805270864
213601,213612,215062,11,1450,2,7200,1.0075862069
213601,213607,215055,6,1448,2,7200,1.00414364641
213613,213624,215066,11,1442,2,7200,1.00762829404
213613,213619,215119,6,1500,2,7200,1.004
213624,213630,214896,6,1266,2,7200,1.00473933649
213625,213635,215000,10,1365,2,7200,1.00732600733
213635,213641,215079,6,1438,2,7200,1.00417246175
213636,213647,215046,11,1399,2,7200,1.00786275911
213646,213653,215100,7,1447,2,7200,1.00483759502
213647,213658,215114,11,1456,2,7200,1.00755494505
213657,213670,215096,13,1426,2,7200,1.00911640954
213658,213676,215253,18,1577,2,7200,1.01141407736
213668,213688,214970,20,1282,2,7200,1.01560062402
213679,213699,215042,20,1343,2,7200,1.01489203276
213690,213710,215014,20,1304,2,7200,1.01533742331
213700,213722,215110,22,1388,2,7200,1.01585014409
213711,213727,215135,16,1408,2,7200,1.01136363636
213722,213738,215149,16,1411,2,7200,1.01133947555
213732,213749,215229,17,1480,2,7200,1.01148648649
213743,213756,215182,13,1426,2,7200,1.00911640954
213754,213762,215043,8,1281,2,7200,1.006245121
213754,213767,215065,13,1298,2,7200,1.01001540832
213765,213773,215090,8,1317,2,7200,1.00607441154
213765,213778,215118,13,1340,2,7200,1.00970149254
213771,213795,242636,24,28841,6,28800,1.00083214868
213772,294280,323100,80508,28820,6,28800,3.79347675226
213772,351962,380790,138190,28828,6,28800,5.7936034411
213773,409646,438479,195873,28833,6,28800,7.79336177297
213774,467336,496168,253562,28832,6,28800,9.79446448391
213774,496181,525013,282407,28832,6,28800,10.7949153718
213775,525029,553864,311254,28835,6,28800,11.7943124675
213776,582718,611568,368942,28850,6,28800,13.7882842288
213776,213789,215116,13,1327,2,7200,1.00979653353
213776,213784,215289,8,1505,2,7200,1.00531561462
213776,553876,582706,340100,28830,6,28800,12.7967395075
213777,611580,640394,397803,28814,6,28800,14.8058929687
213787,213816,215298,29,1482,2,7200,1.01956815115
213787,213931,215412,144,1481,2,7200,1.09723160027
213814,323116,351944,109302,28828,6,28800,4.79152213126
213814,279563,308410,65749,28847,6,28800,3.2792318092
213815,380802,409634,166987,28832,6,28800,6.79172447281
213816,438490,467324,224674,28834,6,28800,8.79198168828
213819,214897,216141,1078,1244,2,7200,1.86655948553
213931,214908,216176,977,1268,2,7200,1.77050473186
214244,220622,221061,6378,439,2,7200,15.5284738041
214451,215023,215027,572,4,2,3600,57.6
214893,214957,216420,64,1463,2,7200,1.04374572796
214903,214965,216249,62,1284,2,7200,1.04828660436
214955,214978,216357,23,1379,2,7200,1.01667875272
214966,214986,216441,20,1455,2,7200,1.01374570447
214976,215012,216397,36,1385,2,7200,1.02599277978
214987,215039,216468,52,1429,2,7200,1.03638908328
215008,215054,216294,46,1240,2,7200,1.03709677419
215039,215060,216316,21,1256,2,7200,1.01671974522
215050,215066,216403,16,1337,2,7200,1.0119670905
215060,215073,216488,13,1415,2,7200,1.00918727915
215071,215102,216494,31,1392,2,7200,1.02227011494
215071,215091,216521,20,1430,2,7200,1.01398601399
215092,215108,216531,16,1423,2,7200,1.01124385102
215103,215115,216510,12,1395,2,7200,1.00860215054
215105,215123,216957,18,1834,2,7200,1.00981461287
215115,215134,216878,19,1744,2,7200,1.01089449541
215126,215141,216559,15,1418,2,7200,1.01057827927
215137,215147,216559,10,1412,2,7200,1.00708215297
215137,215162,216574,25,1412,2,7200,1.01770538244
215148,215194,216734,46,1540,2,7200,1.02987012987
215159,215240,216569,81,1329,2,7200,1.06094808126
215191,215265,216683,74,1418,2,7200,1.05218617772
215243,215301,216688,58,1387,2,7200,1.04181687094
215264,215309,216732,45,1423,2,7200,1.03162333099
215305,215423,216870,118,1447,2,7200,1.08154803041
215306,216154,217588,848,1434,2,7200,1.59135285914
215429,216188,217649,759,1461,2,7200,1.51950718686
216155,216260,217694,105,1434,2,7200,1.07322175732
216186,216307,217721,121,1414,2,7200,1.085572843
216258,216329,217678,71,1349,2,7200,1.05263157895
216310,216368,217866,58,1498,2,7200,1.03871829105
216330,216409,217752,79,1343,2,7200,1.05882352941
216372,216416,217875,44,1459,2,7200,1.03015764222
216413,216431,217801,18,1370,2,7200,1.01313868613
216414,216452,217871,38,1419,2,7200,1.02677942213
216434,216480,217896,46,1416,2,7200,1.03248587571
216455,216500,217954,45,1454,2,7200,1.03094910591
216476,216507,217806,31,1299,2,7200,1.02386451116
216497,216521,217786,24,1265,2,7200,1.01897233202
216508,216533,217856,25,1323,2,7200,1.01889644747
216519,216544,217897,25,1353,2,7200,1.0184774575
216529,216570,218085,41,1515,2,7200,1.02706270627
216540,216576,218035,36,1459,2,7200,1.02467443454
216571,216582,218124,11,1542,2,7200,1.00713359274
216572,216589,217863,17,1274,2,7200,1.01334379906
216581,220009,588047,3428,368038,1,576000,1.00931425559
216582,216695,218010,113,1315,2,7200,1.08593155894
216593,216702,218180,109,1478,2,7200,1.07374830853
216696,216743,218264,47,1521,2,7200,1.03090072321
216706,216750,218252,44,1502,2,7200,1.0292942743
216747,216868,218436,121,1568,2,7200,1.07716836735
216748,216882,218152,134,1270,2,7200,1.10551181102
216871,216890,218190,19,1300,2,7200,1.01461538462
216882,216969,218429,87,1460,2,7200,1.0595890411
216892,217601,219052,709,1451,2,7200,1.48862853205
216964,217661,219186,697,1525,2,7200,1.45704918033
217598,217689,219148,91,1459,2,7200,1.06237148732
217660,217705,219179,45,1474,2,7200,1.03052917232
217691,217733,219155,42,1422,2,7200,1.02953586498
217702,217764,219285,62,1521,2,7200,1.04076265615
217733,217798,219111,65,1313,2,7200,1.0495049505
217764,217813,219141,49,1328,2,7200,1.03689759036
217795,217868,219172,73,1304,2,7200,1.05598159509
217816,217885,219294,69,1409,2,7200,1.04897090135
217868,217915,219300,47,1385,2,7200,1.03393501805
217889,217966,219421,77,1455,2,7200,1.0529209622
217920,218021,219496,101,1475,2,7200,1.06847457627
217971,218047,219657,76,1610,2,7200,1.04720496894
218023,218097,219557,74,1460,2,7200,1.05068493151
218044,218441,219887,397,1446,2,7200,1.27455048409
218095,218626,219980,531,1354,2,7200,1.39217134417
218215,220668,220676,2453,8,1,7200,246.1
218443,218631,219972,188,1341,2,7200,1.14019388516
218627,218650,220078,23,1428,2,7200,1.01610644258
218628,218655,220091,27,1436,2,7200,1.01880222841
218648,218661,219949,13,1288,2,7200,1.0100931677
218659,218696,220011,37,1315,2,7200,1.02813688213
218660,224567,225082,5907,515,7,18000,12.4699029126
218660,218702,220056,42,1354,2,7200,1.03101920236
218701,218709,220239,8,1530,2,7200,1.00522875817
218701,218724,220089,23,1365,2,7200,1.01684981685
218712,218730,220193,18,1463,2,7200,1.01230348599
218722,218736,220267,14,1531,2,7200,1.0091443501
218733,218754,220073,21,1319,2,7200,1.01592115239
218734,218759,220111,25,1352,2,7200,1.01849112426
218755,218801,220148,46,1347,2,7200,1.03414996288
218755,218806,220216,51,1410,2,7200,1.03617021277
218796,219064,220484,268,1420,2,7200,1.18873239437
218807,219123,220708,316,1585,2,7200,1.19936908517
219063,219153,220495,90,1342,2,7200,1.06706408346
219125,219160,220505,35,1345,2,7200,1.02602230483
219156,219166,220591,10,1425,2,7200,1.00701754386
219156,219184,220583,28,1399,2,7200,1.02001429593
219167,219191,220485,24,1294,2,7200,1.01854714065
219188,219197,220544,9,1347,2,7200,1.00668151448
219188,219297,220616,109,1319,2,7200,1.0826383624
219199,219307,220780,108,1473,2,7200,1.0733197556
219302,219313,220671,11,1358,2,7200,1.00810014728
219302,219433,220697,131,1264,2,7200,1.10363924051
219313,219508,220859,195,1351,2,7200,1.14433752776
219436,219570,220936,134,1366,2,7200,1.0980966325
219508,219669,221119,161,1450,2,7200,1.11103448276
219569,219898,221307,329,1409,2,7200,1.23349893542
219672,219961,221197,289,1236,2,7200,1.23381877023
219897,219984,221356,87,1372,2,7200,1.06341107872
219959,219992,221429,33,1437,2,7200,1.02296450939
219980,219999,221441,19,1442,2,7200,1.01317614424
219990,220004,221268,14,1264,2,7200,1.01107594937
220001,220057,221377,56,1320,2,7200,1.04242424242
220001,220024,221475,23,1451,2,7200,1.01585113715
220022,220068,221309,46,1241,2,7200,1.03706688155
220053,220086,221309,33,1223,2,7200,1.02698282911
220064,220093,221476,29,1383,2,7200,1.02096890817
220085,220100,221436,15,1336,2,7200,1.01122754491
220096,220123,221553,27,1430,2,7200,1.01888111888
220096,220107,221452,11,1345,2,7200,1.00817843866
220107,220160,221541,53,1381,2,7200,1.03837798697
220128,220166,221617,38,1451,2,7200,1.02618883529
220159,220172,221588,13,1416,2,7200,1.00918079096
220170,220204,221513,34,1309,2,7200,1.02597402597
220170,220228,221593,58,1365,2,7200,1.04249084249
220201,220251,221619,50,1368,2,7200,1.0365497076
220232,220278,221534,46,1256,2,7200,1.03662420382
220253,220414,221682,161,1268,2,7200,1.12697160883
220274,220496,221910,222,1414,2,7200,1.15700141443
220417,220501,221865,84,1364,2,7200,1.06158357771
220499,220508,221900,9,1392,2,7200,1.00646551724
220500,220516,221919,16,1403,2,7200,1.011404134
220510,220556,222000,46,1444,2,7200,1.03185595568
220521,220594,221975,73,1381,2,7200,1.0528602462
220552,220602,221897,50,1295,2,7200,1.03861003861
220594,220627,221996,33,1369,2,7200,1.02410518627
220604,220632,222005,28,1373,2,7200,1.02039329934
220625,220638,221906,13,1268,2,7200,1.01025236593
220636,220658,222008,22,1350,2,7200,1.0162962963
220636,220663,222083,27,1420,2,7200,1.01901408451
220667,220675,222054,8,1379,2,7200,1.00580130529
220678,220684,222089,6,1405,2,7200,1.00427046263
220689,220710,222151,21,1441,2,7200,1.01457321305
220709,220717,222185,8,1468,2,7200,1.00544959128
220720,220727,222275,7,1548,2,7200,1.00452196382
220731,220791,222256,60,1465,2,7200,1.0409556314
220793,220871,222305,78,1434,2,7200,1.05439330544
220875,220949,222349,74,1400,2,7200,1.05285714286
220947,221073,222403,126,1330,2,7200,1.09473684211
221070,221105,222403,35,1298,2,7200,1.02696456086
221101,221113,222403,12,1290,2,7200,1.00930232558
221112,221119,222403,7,1284,2,7200,1.0054517134
221122,221131,222403,9,1272,2,7200,1.0070754717
221133,221209,222403,76,1194,2,7200,1.06365159129
221205,221280,222403,75,1123,2,7200,1.06678539626
221277,221319,222403,42,1084,2,7200,1.03874538745
221319,221325,222403,6,1078,2,7200,1.00556586271
221330,221336,222403,6,1067,2,7200,1.00562324274
221341,221367,222403,26,1036,2,7200,1.0250965251
221372,221388,222403,16,1015,2,7200,1.0157635468
221393,221441,222403,48,962,2,7200,1.0498960499
221444,221451,222403,7,952,2,7200,1.00735294118
221455,221462,222403,7,941,2,7200,1.00743889479
221466,221473,222403,7,930,2,7200,1.00752688172
221477,221488,222403,11,915,2,7200,1.01202185792
221487,221494,222403,7,909,2,7200,1.00770077008
221498,221525,222403,27,878,2,7200,1.03075170843
221529,221546,222406,17,860,2,7200,1.01976744186
221550,221556,222406,6,850,2,7200,1.00705882353
221561,221567,222406,6,839,2,7200,1.00715137068
221572,221600,222406,28,806,2,7200,1.03473945409
221603,221610,222406,7,796,2,7200,1.00879396985
221613,221633,222406,20,773,2,7200,1.02587322122
221634,221641,222406,7,765,2,7200,1.0091503268
221645,221695,222406,50,711,2,7200,1.07032348805
221697,221877,222406,180,529,2,7200,1.34026465028
221881,221909,222406,28,497,2,7200,1.05633802817
221912,221918,222406,6,488,2,7200,1.01229508197
221923,221930,222406,7,476,2,7200,1.01470588235
221934,221940,222406,6,466,2,7200,1.01287553648
221944,221950,222406,6,456,2,7200,1.01315789474
221955,221987,222406,32,419,2,7200,1.07637231504
221986,222008,222406,22,398,2,7200,1.05527638191
222007,222015,222406,8,391,2,7200,1.02046035806
222017,222023,222406,6,383,2,7200,1.01566579634
222028,222035,222406,7,371,2,7200,1.01886792453
222039,222067,222406,28,339,2,7200,1.08259587021
222070,222095,222406,25,311,2,7200,1.08038585209
222091,222102,222406,11,304,2,7200,1.03618421053
222102,222163,222406,61,243,2,7200,1.25102880658
222163,222197,222406,34,209,2,7200,1.16267942584
222195,222269,222406,74,137,2,7200,1.5401459854
222266,222287,222406,21,119,2,7200,1.17647058824
222282,222416,222745,134,329,2,7200,1.40729483283
222287,222316,222406,29,90,2,7200,1.32222222222
222321,222361,222406,40,45,2,7200,1.88888888889
222593,222756,223144,163,388,2,7200,1.42010309278
222830,222837,224749,7,1912,2,7200,1.00366108787
222841,222848,224708,7,1860,2,7200,1.00376344086
222842,222853,224725,11,1872,2,7200,1.00587606838
222852,222859,224699,7,1840,2,7200,1.00380434783
222853,222864,224791,11,1927,2,7200,1.00570835496
222864,222871,224818,7,1947,2,7200,1.00359527478
222864,222877,224744,13,1867,2,7200,1.00696304231
222874,222883,224875,9,1992,2,7200,1.00451807229
222875,222888,224655,13,1767,2,7200,1.00735710243
222885,222896,224538,11,1642,2,7200,1.00669914738
222886,222901,224826,15,1925,2,7200,1.00779220779
222896,222907,224826,11,1919,2,7200,1.00573215216
222897,222912,224641,15,1729,2,7200,1.00867553499
222908,222920,224815,12,1895,2,7200,1.00633245383
222908,222925,224862,17,1937,2,7200,1.00877645844
222919,222931,224892,12,1961,2,7200,1.00611932687
222929,222937,224777,8,1840,2,7200,1.00434782609
222930,222943,224712,13,1769,2,7200,1.00734878462
222940,222950,224723,10,1773,2,7200,1.00564015792
222941,222955,224904,14,1949,2,7200,1.00718317086
222951,222961,224727,10,1766,2,7200,1.00566251416
222952,222966,224863,14,1897,2,7200,1.0073800738
222962,222973,224954,11,1981,2,7200,1.00555275114
222963,222979,224755,16,1776,2,7200,1.00900900901
222973,222986,224982,13,1996,2,7200,1.00651302605
223120,224572,231687,1452,7115,3,7080,1.20407589599
223127,225099,232249,1972,7150,3,7140,1.2758041958
223137,225150,225162,2013,12,3,7200,168.75
223548,223555,223600,7,45,4,600,1.15555555556
223692,223698,224025,6,327,2,7200,1.01834862385
223775,223781,223785,6,4,4,600,1.0
223943,224037,224459,94,422,2,7200,1.22274881517
224560,224579,225925,19,1346,2,7200,1.01411589896
224561,224585,225941,24,1356,2,7200,1.01769911504
224581,224591,225951,10,1360,2,7200,1.00735294118
224582,224597,226008,15,1411,2,7200,1.01063075833
224583,225094,225138,511,44,4,600,12.6136363636
224593,224609,226104,16,1495,2,7200,1.01070234114
224593,224604,226002,11,1398,2,7200,1.0078683834
224604,224615,226029,11,1414,2,7200,1.00777934936
224614,224627,226133,13,1506,2,7200,1.00863213811
224614,224622,226032,8,1410,2,7200,1.00567375887
224625,224633,226063,8,1430,2,7200,1.00559440559
224626,224639,225984,13,1345,2,7200,1.00966542751
224636,224645,226110,9,1465,2,7200,1.00614334471
224636,225155,230302,519,5147,1,18000,1.10083543812
224637,224651,226061,14,1410,2,7200,1.00992907801
224647,224658,226101,11,1443,2,7200,1.00762300762
224648,224663,226083,15,1420,2,7200,1.01056338028
224658,224670,225979,12,1309,2,7200,1.00916730328
224659,224675,226038,16,1363,2,7200,1.01173881145
224669,224681,226032,12,1351,2,7200,1.0088823094
224680,224710,226165,30,1455,2,7200,1.0206185567
224701,224719,226107,18,1388,2,7200,1.01296829971
224712,224725,226106,13,1381,2,7200,1.0094134685
224722,224735,226040,13,1305,2,7200,1.00996168582
224733,224742,226083,9,1341,2,7200,1.0067114094
224733,224747,226169,14,1422,2,7200,1.00984528833
224744,224763,226182,19,1419,2,7200,1.01338971106
224744,224756,226150,12,1394,2,7200,1.00860832138
224755,224770,226060,15,1290,2,7200,1.01162790698
224765,224788,226275,23,1487,2,7200,1.01546738399
224786,224802,226188,16,1386,2,7200,1.01154401154
224797,224826,226204,29,1378,2,7200,1.02104499274
224818,224833,226189,15,1356,2,7200,1.0110619469
224828,224839,226141,11,1302,2,7200,1.00844854071
224829,224845,226140,16,1295,2,7200,1.01235521236
224839,224874,226189,35,1315,2,7200,1.02661596958
224870,224881,226208,11,1327,2,7200,1.00828937453
224871,224888,226187,17,1299,2,7200,1.01308698999
224881,224904,226395,23,1491,2,7200,1.01542588867
224892,224917,226364,25,1447,2,7200,1.01727712509
224913,224965,226464,52,1499,2,7200,1.0346897932
224954,224994,226375,40,1381,2,7200,1.02896451846
224954,244092,247436,19138,3344,2,18000,6.7230861244
224985,225174,226453,189,1279,2,7200,1.14777169664
224986,247447,248743,22461,1296,2,18000,18.3310185185
225170,225937,227230,767,1293,2,7200,1.5931941222
225506,225512,225559,6,47,1,1810,1.12765957447
225562,225576,232170,14,6594,1,18000,1.00212314225
225839,230603,237811,4764,7208,3,7200,1.66093229745
225876,228272,229599,2396,1327,1,12610,2.80557648832
225935,225953,227394,18,1441,2,7200,1.01249132547
225956,225963,227235,7,1272,2,7200,1.00550314465
225967,225991,227352,24,1361,2,7200,1.01763409258
225988,225997,227386,9,1389,2,7200,1.00647948164
225998,226013,227370,15,1357,2,7200,1.01105379514
226009,226021,227462,12,1441,2,7200,1.00832755031
226020,226040,227385,20,1345,2,7200,1.01486988848
226041,226047,227322,6,1275,2,7200,1.00470588235
226041,226053,227406,12,1353,2,7200,1.0088691796
226052,226061,227369,9,1308,2,7200,1.00688073394
226052,226066,227389,14,1323,2,7200,1.01058201058
226063,226078,227547,15,1469,2,7200,1.01021102791
226063,226072,227427,9,1355,2,7200,1.00664206642
226074,226085,227368,11,1283,2,7200,1.00857365549
226085,226099,227367,14,1268,2,7200,1.01104100946
226085,226094,227390,9,1296,2,7200,1.00694444444
226096,226112,227449,16,1337,2,7200,1.0119670905
226106,226119,227444,13,1325,2,7200,1.00981132075
226163,226170,227442,7,1272,2,7200,1.00550314465
226164,226175,227479,11,1304,2,7200,1.00843558282
226174,226187,227467,13,1280,2,7200,1.01015625
226175,226192,227481,17,1289,2,7200,1.01318851823
226185,226198,227482,13,1284,2,7200,1.01012461059
226197,226206,227483,9,1277,2,7200,1.00704776821
226197,226211,227513,14,1302,2,7200,1.01075268817
226208,226223,227492,15,1269,2,7200,1.01182033097
226208,226217,227475,9,1258,2,7200,1.00715421304
226219,226229,227516,10,1287,2,7200,1.00777000777
226219,226235,227521,16,1286,2,7200,1.01244167963
226230,226246,227511,16,1265,2,7200,1.01264822134
226230,226241,227510,11,1269,2,7200,1.00866824271
226241,226253,227540,12,1287,2,7200,1.00932400932
226251,226259,227551,8,1292,2,7200,1.00619195046
226252,226264,227525,12,1261,2,7200,1.00951625694
226263,226287,227568,24,1281,2,7200,1.018735363
226283,226375,227665,92,1290,2,7200,1.07131782946
226376,226386,227675,10,1289,2,7200,1.0077579519
226383,265170,265335,38787,165,32,600,236.072727273
226386,226407,227697,21,1290,2,7200,1.01627906977
226407,226465,227732,58,1267,2,7200,1.04577742699
226469,226475,227756,6,1281,2,7200,1.00468384075
226479,227241,228489,762,1248,2,7200,1.61057692308
227246,227252,228573,6,1321,2,7200,1.00454201363
227256,227334,228601,78,1267,2,7200,1.06156274665
227338,227363,228726,25,1363,2,7200,1.01834189288
227359,227378,228667,19,1289,2,7200,1.01474010861
227370,227386,228632,16,1246,2,7200,1.01284109149
227380,227393,228663,13,1270,2,7200,1.01023622047
227391,227399,228660,8,1261,2,7200,1.00634417129
227392,227405,228645,13,1240,2,7200,1.01048387097
227403,227411,228769,8,1358,2,7200,1.0058910162
227404,227417,228710,13,1293,2,7200,1.01005413766
227414,227423,228711,9,1288,2,7200,1.00698757764
227415,227429,228706,14,1277,2,7200,1.01096319499
227425,227435,228674,10,1239,2,7200,1.00807102502
227436,227442,228721,6,1279,2,7200,1.00469116497
227447,227459,228710,12,1251,2,7200,1.00959232614
227447,227453,228722,6,1269,2,7200,1.00472813239
227458,227467,228705,9,1238,2,7200,1.00726978998
227468,227475,228796,7,1321,2,7200,1.0052990159
227469,227482,228755,13,1273,2,7200,1.01021209741
227479,227489,228762,10,1273,2,7200,1.00785545954
227480,227496,228752,16,1256,2,7200,1.0127388535
227490,227503,228762,13,1259,2,7200,1.01032565528
227501,227510,228736,9,1226,2,7200,1.00734094617
227502,227515,228756,13,1241,2,7200,1.01047542305
227512,227522,228760,10,1238,2,7200,1.00807754443
227513,227527,228828,14,1301,2,7200,1.01076095311
227523,227533,228921,10,1388,2,7200,1.00720461095
227524,227539,228821,15,1282,2,7200,1.01170046802
227534,227545,228838,11,1293,2,7200,1.00850734725
227535,227551,228842,16,1291,2,7200,1.01239349342
227545,227558,228836,13,1278,2,7200,1.01017214397
227556,227564,228821,8,1257,2,7200,1.00636435959
227556,227570,228805,14,1235,2,7200,1.01133603239
227567,227577,228826,10,1249,2,7200,1.00800640512
227578,227584,228819,6,1235,2,7200,1.0048582996
227588,227676,228970,88,1294,2,7200,1.06800618238
227680,227687,229046,7,1359,2,7200,1.00515084621
227691,227709,228991,18,1282,2,7200,1.01404056162
227712,227744,229017,32,1273,2,7200,1.02513747054
227743,227767,229037,24,1270,2,7200,1.0188976378
227764,228501,229838,737,1337,2,7200,1.55123410621
228088,230313,230590,2225,277,2,7200,9.03249097473
228134,267415,289052,39281,21637,8,21600,2.81545500763
228499,228584,229804,85,1220,2,7200,1.06967213115
228581,228612,229826,31,1214,2,7200,1.0255354201
228612,228643,229947,31,1304,2,7200,1.02377300613
228643,228656,230012,13,1356,2,7200,1.00958702065
228654,228671,229975,17,1304,2,7200,1.01303680982
228665,228677,229951,12,1274,2,7200,1.00941915228
228675,228685,230023,10,1338,2,7200,1.00747384155
228676,228692,229982,16,1290,2,7200,1.01240310078
228697,228717,229988,20,1271,2,7200,1.01573564123
228707,228724,230020,17,1296,2,7200,1.01311728395
228718,228730,230005,12,1275,2,7200,1.00941176471
228729,228736,229997,7,1261,2,7200,1.00555114988
228729,228742,230004,13,1262,2,7200,1.01030110935
228740,228754,229968,14,1214,2,7200,1.01153212521
228740,228748,230003,8,1255,2,7200,1.00637450199
228751,228760,230038,9,1278,2,7200,1.00704225352
228752,228766,230060,14,1294,2,7200,1.01081916538
228764,228773,230041,9,1268,2,7200,1.0070977918
228765,228778,230046,13,1268,2,7200,1.01025236593
228775,228784,230163,9,1379,2,7200,1.00652646846
228776,228790,230084,14,1294,2,7200,1.01081916538
228786,228796,230086,10,1290,2,7200,1.00775193798
228787,228802,230084,15,1282,2,7200,1.01170046802
228797,228809,230091,12,1282,2,7200,1.00936037441
228798,228814,230076,16,1262,2,7200,1.01267828843
228809,228821,230083,12,1262,2,7200,1.00950871632
228819,228830,230136,11,1306,2,7200,1.00842266462
228830,228843,230269,13,1426,2,7200,1.00911640954
228830,228837,230111,7,1274,2,7200,1.00549450549
228841,228849,230110,8,1261,2,7200,1.00634417129
228842,228855,230109,13,1254,2,7200,1.01036682616
228897,228903,230205,6,1302,2,7200,1.00460829493
228897,228908,230151,11,1243,2,7200,1.00884955752
228908,228915,230137,7,1222,2,7200,1.00572831424
228918,228932,230227,14,1295,2,7200,1.01081081081
228929,228982,230242,53,1260,2,7200,1.04206349206
228980,229003,230276,23,1273,2,7200,1.01806755695
229001,229029,230307,28,1278,2,7200,1.02190923318
229032,229049,230330,17,1281,2,7200,1.01327088212
229053,229060,230322,7,1262,2,7200,1.00554675119
229064,229815,231067,751,1252,2,7200,1.59984025559
229819,229837,231046,18,1209,2,7200,1.01488833747
229840,229850,231063,10,1213,2,7200,1.00824402308
229851,229959,231165,108,1206,2,7200,1.08955223881
229953,229966,231207,13,1241,2,7200,1.01047542305
229964,229980,231238,16,1258,2,7200,1.01271860095
229985,229991,231234,6,1243,2,7200,1.00482703138
229985,229998,231243,13,1245,2,7200,1.01044176707
229996,230005,231203,9,1198,2,7200,1.00751252087
230006,230013,231228,7,1215,2,7200,1.00576131687
230007,230020,231216,13,1196,2,7200,1.01086956522
230018,230032,231217,14,1185,2,7200,1.01181434599
230018,230026,231231,8,1205,2,7200,1.00663900415
230029,230044,231292,15,1248,2,7200,1.01201923077
230029,230039,231401,10,1362,2,7200,1.00734214391
230040,230051,231328,11,1277,2,7200,1.00861393892
230040,230056,231333,16,1277,2,7200,1.0125293657
230051,230062,231368,11,1306,2,7200,1.00842266462
230061,230069,231298,8,1229,2,7200,1.0065093572
230062,230076,231326,14,1250,2,7200,1.0112
230072,230088,231337,16,1249,2,7200,1.0128102482
230083,230094,231332,11,1238,2,7200,1.00888529887
230094,230100,231355,6,1255,2,7200,1.00478087649
230094,230105,231348,11,1243,2,7200,1.00884955752
230105,230118,231318,13,1200,2,7200,1.01083333333
230105,230113,231321,8,1208,2,7200,1.00662251656
230117,230130,231325,13,1195,2,7200,1.01087866109
230117,230124,231327,7,1203,2,7200,1.00581878637
230172,230178,231432,6,1254,2,7200,1.004784689
230172,230183,231399,11,1216,2,7200,1.00904605263
230183,230189,231425,6,1236,2,7200,1.00485436893
230183,230195,231430,12,1235,2,7200,1.00971659919
230194,230201,231406,7,1205,2,7200,1.00580912863
230204,230217,231424,13,1207,2,7200,1.01077050539
230215,230238,231491,23,1253,2,7200,1.01835594573
230236,230254,231442,18,1188,2,7200,1.01515151515
230545,230551,231879,6,1328,1,12610,1.00451807229
230723,231705,231972,982,267,1,1800,4.67790262172
231188,231194,232532,6,1338,2,7200,1.00448430493
231242,231248,232609,6,1361,2,7200,1.00440852314
231242,231253,232562,11,1309,2,7200,1.00840336134
231253,231259,232556,6,1297,2,7200,1.00462606014
231254,231265,232664,11,1399,2,7200,1.00786275911
231264,231271,232644,7,1373,2,7200,1.00509832484
231372,231378,232717,6,1339,2,7200,1.00448095594
231373,231384,232721,11,1337,2,7200,1.00822737472
231383,231390,232749,7,1359,2,7200,1.00515084621
231384,231395,232807,11,1412,2,7200,1.00779036827
231447,231699,232108,252,409,2,7200,1.61613691932
231785,232120,232351,335,231,2,7200,2.45021645022
231891,231897,232165,6,268,1,3600,1.0223880597
232213,278800,279549,46587,749,8,21600,63.1989319092
232310,278805,293248,46495,14443,8,14400,4.21920653604
232590,232596,233899,6,1303,2,7200,1.00460475825
232590,232602,233920,12,1318,2,7200,1.0091047041
232601,232613,233991,12,1378,2,7200,1.00870827286
232601,232608,233953,7,1345,2,7200,1.00520446097
232612,232621,233989,9,1368,2,7200,1.00657894737
232612,232626,234017,14,1391,2,7200,1.01006470165
232623,232638,233936,15,1298,2,7200,1.01155624037
232623,232632,234030,9,1398,2,7200,1.00643776824
232634,232655,233993,21,1338,2,7200,1.01569506726
232634,232649,233996,15,1347,2,7200,1.01113585746
232645,232661,234017,16,1356,2,7200,1.01179941003
232655,232667,234060,12,1393,2,7200,1.00861450108
232666,232673,234059,7,1386,2,7200,1.00505050505
232666,232678,234034,12,1356,2,7200,1.00884955752
232677,232685,234092,8,1407,2,7200,1.00568585643
232677,232691,233950,14,1259,2,7200,1.01111993646
232688,232703,234013,15,1310,2,7200,1.01145038168
232688,232697,233982,9,1285,2,7200,1.00700389105
232699,232715,234035,16,1320,2,7200,1.01212121212
232699,232709,234021,10,1312,2,7200,1.00762195122
232710,232727,234109,17,1382,2,7200,1.01230101302
232710,232721,234093,11,1372,2,7200,1.00801749271
232721,232734,234098,13,1364,2,7200,1.00953079179
232732,232746,234046,14,1300,2,7200,1.01076923077
232732,232741,234177,9,1436,2,7200,1.00626740947
232743,232758,234073,15,1315,2,7200,1.01140684411
232743,232753,234054,10,1301,2,7200,1.00768639508
232754,232770,234145,16,1375,2,7200,1.01163636364
232754,232765,234099,11,1334,2,7200,1.00824587706
232765,232776,234125,11,1349,2,7200,1.00815418829
232765,232782,234156,17,1374,2,7200,1.01237263464
232776,232788,234146,12,1358,2,7200,1.0088365243
232787,232801,234090,14,1289,2,7200,1.01086113266
232787,232795,234188,8,1393,2,7200,1.00574300072
232798,232808,234103,10,1295,2,7200,1.00772200772
232798,232813,234119,15,1306,2,7200,1.01148545176
232809,232825,234199,16,1374,2,7200,1.01164483261
232809,232820,234182,11,1362,2,7200,1.0080763583
232820,232836,234277,16,1441,2,7200,1.01110340042
232820,232831,234153,11,1322,2,7200,1.00832072617
232831,233910,235287,1079,1377,2,7200,1.78358750908
233114,248754,255567,15640,6813,1,18000,3.29561133128
233904,233931,235299,27,1368,2,7200,1.01973684211
233925,233947,235256,22,1309,2,7200,1.01680672269
233946,233962,235289,16,1327,2,7200,1.01205727204
233956,233969,235305,13,1336,2,7200,1.00973053892
233967,233994,235331,27,1337,2,7200,1.02019446522
233988,234002,235372,14,1370,2,7200,1.0102189781
233998,234009,235357,11,1348,2,7200,1.00816023739
233999,234014,235380,15,1366,2,7200,1.01098096633
234010,234027,235334,17,1307,2,7200,1.013006886
234010,234020,235410,10,1390,2,7200,1.0071942446
234021,234034,235331,13,1297,2,7200,1.0100231303
234031,234041,235344,10,1303,2,7200,1.00767459708
234032,234046,235444,14,1398,2,7200,1.01001430615
234042,234053,235436,11,1383,2,7200,1.00795372379
234043,234058,235403,15,1345,2,7200,1.01115241636
234054,234064,235473,10,1409,2,7200,1.00709723208
234054,234070,235350,16,1280,2,7200,1.0125
234065,234076,235336,11,1260,2,7200,1.00873015873
234065,234082,235406,17,1324,2,7200,1.01283987915
234076,234089,235444,13,1355,2,7200,1.00959409594
234087,234096,235486,9,1390,2,7200,1.00647482014
234087,234103,235443,16,1340,2,7200,1.01194029851
234098,234110,235491,12,1381,2,7200,1.00868935554
234099,234115,235465,16,1350,2,7200,1.01185185185
234152,234158,235452,6,1294,2,7200,1.00463678516
234153,234164,235488,11,1324,2,7200,1.0083081571
234163,234170,235491,7,1321,2,7200,1.0052990159
234164,234175,235516,11,1341,2,7200,1.00820283371
234174,234181,235481,7,1300,2,7200,1.00538461538
234175,234186,235508,11,1322,2,7200,1.00832072617
234186,234199,235515,13,1316,2,7200,1.00987841945
234186,234193,235570,7,1377,2,7200,1.00508351489
234197,234211,235587,14,1376,2,7200,1.0101744186
234197,234205,235527,8,1322,2,7200,1.00605143722
234208,234223,235643,15,1420,2,7200,1.01056338028
234208,234217,235579,9,1362,2,7200,1.00660792952
234219,234230,235565,11,1335,2,7200,1.00823970037
234219,234235,235594,16,1359,2,7200,1.01177336277
234230,234288,235719,58,1431,2,7200,1.04053109713
234282,234826,236250,544,1424,2,7200,1.38202247191
234567,265346,278306,30779,12960,32,14400,3.37492283951
234823,234832,236320,9,1488,2,7200,1.0060483871
234834,234840,236395,6,1555,2,7200,1.0038585209
234844,234850,236294,6,1444,2,7200,1.00415512465
234855,235268,236544,413,1276,2,7200,1.3236677116
235274,235300,236586,26,1286,2,7200,1.02021772939
235305,235311,236589,6,1278,2,7200,1.00469483568
235315,235322,236641,7,1319,2,7200,1.0053070508
235326,235332,236668,6,1336,2,7200,1.00449101796
235337,235343,236771,6,1428,2,7200,1.00420168067
235347,235353,236719,6,1366,2,7200,1.00439238653
235358,235364,236822,6,1458,2,7200,1.00411522634
235358,235370,236877,12,1507,2,7200,1.00796284008
235369,235377,236937,8,1560,2,7200,1.00512820513
235380,235387,236720,7,1333,2,7200,1.00525131283
235390,235396,236808,6,1412,2,7200,1.00424929178
235401,235407,236852,6,1445,2,7200,1.00415224913
235411,235418,236929,7,1511,2,7200,1.00463269358
235422,235428,236886,6,1458,2,7200,1.00411522634
235433,235439,236955,6,1516,2,7200,1.00395778364
235443,235450,237004,7,1554,2,7200,1.0045045045
235454,235465,236806,11,1341,2,7200,1.00820283371
235454,235460,236752,6,1292,2,7200,1.00464396285
235465,235472,236908,7,1436,2,7200,1.00487465181
235476,235482,236955,6,1473,2,7200,1.00407331976
235486,235492,237002,6,1510,2,7200,1.00397350993
235487,235499,236985,12,1486,2,7200,1.00807537012
235497,235506,237164,9,1658,2,7200,1.00542822678
235498,235511,237058,13,1547,2,7200,1.00840336134
235508,235517,236863,9,1346,2,7200,1.00668647845
235509,235523,236889,14,1366,2,7200,1.0102489019
235519,235529,236844,10,1315,2,7200,1.00760456274
235520,235535,236908,15,1373,2,7200,1.01092498179
235530,235541,236964,11,1423,2,7200,1.00773014758
235541,235549,237044,8,1495,2,7200,1.00535117057
235552,235558,237013,6,1455,2,7200,1.00412371134
235562,235569,237164,7,1595,2,7200,1.00438871473
235573,235579,237181,6,1602,2,7200,1.00374531835
235584,235590,237304,6,1714,2,7200,1.00350058343
235594,235600,236942,6,1342,2,7200,1.0044709389
235605,235611,236914,6,1303,2,7200,1.00460475825
235616,235622,236969,6,1347,2,7200,1.00445434298
235626,235656,237021,30,1365,2,7200,1.02197802198
235657,235730,237107,73,1377,2,7200,1.05301379811
235729,236556,237950,827,1394,2,7200,1.59325681492
236046,265859,805891,29813,540032,1,540000,1.05520598779
236468,278322,290133,41854,11811,16,36000,4.54364575396
236547,236597,237922,50,1325,2,7200,1.03773584906
236550,236563,238375,13,1812,1,1800,1.00717439294
236558,236569,238413,11,1844,1,1800,1.00596529284
236588,236604,237859,16,1255,2,7200,1.01274900398
236599,236653,237978,54,1325,2,7200,1.04075471698
236650,236679,238015,29,1336,2,7200,1.02170658683
236671,236731,238205,60,1474,2,7200,1.04070556309
236723,236736,238144,13,1408,2,7200,1.00923295455
236733,236765,238176,32,1411,2,7200,1.0226789511
236754,236782,238288,28,1506,2,7200,1.01859229748
236775,236817,238468,42,1651,2,7200,1.0254391278
236783,278333,307775,41550,29442,16,36000,2.41124923579
236816,236824,238127,8,1303,2,7200,1.00613967767
236817,236833,238193,16,1360,2,7200,1.01176470588
236827,236855,238165,28,1310,2,7200,1.0213740458
236848,236864,238157,16,1293,2,7200,1.01237432328
236859,236875,238203,16,1328,2,7200,1.01204819277
236870,236889,238234,19,1345,2,7200,1.01412639405
236880,236899,238331,19,1432,2,7200,1.01326815642
236891,236905,238311,14,1406,2,7200,1.00995732575
236901,236920,238273,19,1353,2,7200,1.0140428677
236912,236925,238209,13,1284,2,7200,1.01012461059
236923,236931,238241,8,1310,2,7200,1.00610687023
236923,236941,238264,18,1323,2,7200,1.01360544218
236934,236949,238310,15,1361,2,7200,1.01102130786
236944,236955,238352,11,1397,2,7200,1.00787401575
237000,237006,238208,6,1202,2,7200,1.00499168053
237001,237011,238278,10,1267,2,7200,1.00789265983
237011,237018,238304,7,1286,2,7200,1.00544323484
237012,237023,238302,11,1279,2,7200,1.00860046912
237022,237029,238293,7,1264,2,7200,1.00553797468
237023,237035,238294,12,1259,2,7200,1.00953137411
237033,237042,238309,9,1267,2,7200,1.00710339384
237034,237047,238305,13,1258,2,7200,1.01033386328
237044,237053,238326,9,1273,2,7200,1.00706991359
237045,237060,238292,15,1232,2,7200,1.01217532468
237055,237069,238394,14,1325,2,7200,1.01056603774
237066,237118,238428,52,1310,2,7200,1.03969465649
237107,237175,238595,68,1420,2,7200,1.04788732394
237169,237180,238637,11,1457,2,7200,1.00754975978
237180,237193,238612,13,1419,2,7200,1.00916138125
237190,237315,238577,125,1262,2,7200,1.09904912837
237313,237871,239131,558,1260,2,7200,1.44285714286
237865,237933,239364,68,1431,2,7200,1.04751921733
237927,237961,239564,34,1603,2,7200,1.02121023082
237958,237990,239562,32,1572,2,7200,1.0203562341
237979,238026,239664,47,1638,2,7200,1.02869352869
238020,238138,239482,118,1344,2,7200,1.08779761905
238133,238155,239490,22,1335,2,7200,1.01647940075
238154,238168,239546,14,1378,2,7200,1.01015965167
238164,238177,239600,13,1423,2,7200,1.00913562895
238175,238188,239621,13,1433,2,7200,1.00907187718
238186,238204,239773,18,1569,2,7200,1.01147227533
238196,238215,239682,19,1467,2,7200,1.01295160191
238207,238222,239903,15,1681,2,7200,1.00892325996
238218,238234,239521,16,1287,2,7200,1.01243201243
238218,238228,239821,10,1593,2,7200,1.0062774639
238229,238246,239527,17,1281,2,7200,1.01327088212
238239,238253,239490,14,1237,2,7200,1.01131770412
238250,238275,239581,25,1306,2,7200,1.0191424196
238271,238284,239637,13,1353,2,7200,1.0096082779
238282,238299,239750,17,1451,2,7200,1.01171605789
238282,238292,239631,10,1339,2,7200,1.0074682599
238293,238306,239712,13,1406,2,7200,1.00924608819
238303,238313,239863,10,1550,2,7200,1.0064516129
238304,238318,239747,14,1429,2,7200,1.00979706088
238314,238325,239892,11,1567,2,7200,1.00701978302
238315,238330,239803,15,1473,2,7200,1.01018329939
238325,238336,240031,11,1695,2,7200,1.00648967552
238326,238342,240173,16,1831,2,7200,1.00873839432
238337,238354,239637,17,1283,2,7200,1.01325019486
238337,238349,240084,12,1735,2,7200,1.00691642651
238348,238360,239638,12,1278,2,7200,1.00938967136
238358,238367,239691,9,1324,2,7200,1.00679758308
238359,238372,239737,13,1365,2,7200,1.00952380952
238369,238406,239755,37,1349,2,7200,1.02742772424
238401,238439,239812,38,1373,2,7200,1.02767662054
238432,238479,239861,47,1382,2,7200,1.03400868307
238473,238588,240037,115,1449,2,7200,1.07936507937
238586,238607,240104,21,1497,2,7200,1.01402805611
238596,238623,240183,27,1560,2,7200,1.01730769231
238617,238650,240370,33,1720,2,7200,1.01918604651
238638,239143,240793,505,1650,2,7200,1.30606060606
239141,239375,240589,234,1214,2,7200,1.19275123558
239366,239494,240739,128,1245,2,7200,1.10281124498
239435,248760,249942,9325,1182,1,36000,8.88917089679
239437,249953,252016,10516,2063,1,36000,6.09743092584
239442,279569,281564,40127,1995,1,36000,21.1137844612
239443,279574,281032,40131,1458,1,36000,28.524691358
239445,279579,281636,40134,2057,1,36000,20.5109382596
239445,279585,280968,40140,1383,1,36000,30.0238611714
239449,280225,282449,40776,2224,1,36000,19.3345323741
239452,280231,282359,40779,2128,1,36000,20.1630639098
239453,280237,281317,40784,1080,1,36000,38.762962963
239455,280243,282169,40788,1926,1,36000,22.1775700935
239478,280980,283044,41502,2064,1,36000,21.1075581395
239479,281050,282142,41571,1092,1,36000,39.0686813187
239479,281328,282382,41849,1054,1,36000,40.7049335863
239489,239502,240954,13,1452,2,7200,1.00895316804
239500,239508,241162,8,1654,2,7200,1.00483675937
239500,239533,241092,33,1559,2,7200,1.02116741501
239500,281575,283603,42075,2028,1,36000,21.7470414201
239502,281647,283540,42145,1893,1,36000,23.263602747
239509,281812,283575,42303,1763,1,36000,24.9948950652
239511,281817,283909,42306,2092,1,36000,21.2227533461
239513,282153,284367,42640,2214,1,36000,20.2592592593
239515,282180,284102,42665,1922,1,36000,23.1982310094
239515,282375,283435,42860,1060,1,36000,41.4339622642
239553,239560,240804,7,1244,2,7200,1.00562700965
239554,239565,240835,11,1270,2,7200,1.00866141732
239565,239580,240833,15,1253,2,7200,1.01197126895
239565,239575,240900,10,1325,2,7200,1.00754716981
239576,239593,240830,17,1237,2,7200,1.01374292643
240402,251262,258480,10860,7218,1,7200,2.50457190357
240729,244087,244093,3358,6,3,7200,336.4
240759,244105,251235,3346,7130,3,7080,1.46928471248
240778,251247,251251,10469,4,3,7140,1047.3
249436,251268,258510,1832,7242,1,7200,1.25296879315
249466,251273,258490,1807,7217,1,7200,1.25038104476
251444,251450,252743,6,1293,2,7200,1.00464037123
251455,251461,252816,6,1355,2,7200,1.00442804428
251455,251466,252735,11,1269,2,7200,1.00866824271
251463,251478,252806,15,1328,2,7200,1.01129518072
251463,251472,252811,9,1339,2,7200,1.00672143391
251474,251484,252778,10,1294,2,7200,1.00772797527
251474,251490,252773,16,1283,2,7200,1.01247077163
251489,251502,253150,13,1648,2,7200,1.00788834951
251489,251496,253018,7,1522,2,7200,1.00459921156
251500,251508,253245,8,1737,2,7200,1.00460564191
251508,251514,252880,6,1366,2,7200,1.00439238653
251508,251519,252886,11,1367,2,7200,1.00804681785
251519,251525,252855,6,1330,2,7200,1.0045112782
251519,251531,253061,12,1530,2,7200,1.00784313725
251595,251602,252871,7,1269,2,7200,1.00551615445
251623,251629,252906,6,1277,2,7200,1.00469851214
251623,251634,252908,11,1274,2,7200,1.00863422292
251634,251645,252929,11,1284,2,7200,1.00856697819
251634,251640,252997,6,1357,2,7200,1.00442151805
251645,251657,252939,12,1282,2,7200,1.00936037441
251645,251652,252925,7,1273,2,7200,1.00549882168
251656,251664,252969,8,1305,2,7200,1.0061302682
251657,251670,252956,13,1286,2,7200,1.0101088647
251667,251676,252968,9,1292,2,7200,1.00696594427
251667,251681,252931,14,1250,2,7200,1.0112
251675,251688,253067,13,1379,2,7200,1.0094271211
251686,251695,253096,9,1401,2,7200,1.00642398287
251687,251700,253088,13,1388,2,7200,1.00936599424
251697,251706,253064,9,1358,2,7200,1.00662739323
251698,251711,253064,13,1353,2,7200,1.0096082779
251709,251718,253074,9,1356,2,7200,1.00663716814
251710,251723,253075,13,1352,2,7200,1.00961538462
251720,251731,253069,11,1338,2,7200,1.00822122571
251721,251736,253156,15,1420,2,7200,1.01056338028
251731,251742,253058,11,1316,2,7200,1.00835866261
251732,251748,253041,16,1293,2,7200,1.01237432328
251746,251754,253150,8,1396,2,7200,1.00573065903
251746,251760,253308,14,1548,2,7200,1.00904392765
251757,251766,253229,9,1463,2,7200,1.00615174299
251757,251771,253393,14,1622,2,7200,1.00863131936
251768,252746,254409,978,1663,2,7200,1.58809380637
252253,252259,252548,6,289,1,3600,1.02076124567
252286,255590,259202,3304,3612,2,3600,1.91472868217
252736,252754,254211,18,1457,2,7200,1.01235415237
252746,252784,254144,38,1360,2,7200,1.02794117647
252777,252791,254125,14,1334,2,7200,1.01049475262
252788,252817,254203,29,1386,2,7200,1.02092352092
252809,252824,254240,15,1416,2,7200,1.01059322034
252820,252830,254198,10,1368,2,7200,1.00730994152
252820,252866,254354,46,1488,2,7200,1.03091397849
252855,252882,254557,27,1675,2,7200,1.01611940299
252878,252891,254188,13,1297,2,7200,1.0100231303
252889,252917,254207,28,1290,2,7200,1.02170542636
252889,252897,254214,8,1317,2,7200,1.00607441154
252910,252923,254210,13,1287,2,7200,1.0101010101
252920,252937,254168,17,1231,2,7200,1.01380991064
252931,252944,254241,13,1297,2,7200,1.0100231303
252942,252955,254230,13,1275,2,7200,1.01019607843
252942,252950,254265,8,1315,2,7200,1.00608365019
252953,252967,254270,14,1303,2,7200,1.01074443592
252963,252979,254284,16,1305,2,7200,1.0122605364
252974,252986,254246,12,1260,2,7200,1.00952380952
252984,253008,254254,24,1246,2,7200,1.01926163724
253005,253029,254323,24,1294,2,7200,1.01854714065
253026,253052,254376,26,1324,2,7200,1.01963746224
253047,253070,254384,23,1314,2,7200,1.01750380518
253068,253076,254381,8,1305,2,7200,1.0061302682
253068,253082,254398,14,1316,2,7200,1.01063829787
253079,253094,254358,15,1264,2,7200,1.01186708861
253079,253089,254413,10,1324,2,7200,1.00755287009
253089,253101,254332,12,1231,2,7200,1.00974817222
253090,253106,254400,16,1294,2,7200,1.01236476043
253101,253112,254422,11,1310,2,7200,1.00839694656
253111,253119,254472,8,1353,2,7200,1.0059127864
253112,253125,254388,13,1263,2,7200,1.01029295329
253122,253162,254450,40,1288,2,7200,1.03105590062
253153,253167,254453,14,1286,2,7200,1.01088646967
253164,253174,254465,10,1291,2,7200,1.00774593338
253164,253240,254491,76,1251,2,7200,1.06075139888
253236,253257,254493,21,1236,2,7200,1.01699029126
253247,253320,254634,73,1314,2,7200,1.05555555556
253318,253404,254688,86,1284,2,7200,1.06697819315
253400,254143,255417,743,1274,2,7200,1.58320251177
254138,254157,255445,19,1288,2,7200,1.0147515528
254148,254181,255516,33,1335,2,7200,1.02471910112
254169,254199,255506,30,1307,2,7200,1.02295332823
254190,254210,255542,20,1332,2,7200,1.01501501502
254201,254216,255514,15,1298,2,7200,1.01155624037
254211,254224,255514,13,1290,2,7200,1.01007751938
254222,254231,255499,9,1268,2,7200,1.0070977918
254222,254236,255532,14,1296,2,7200,1.01080246914
254233,254242,255525,9,1283,2,7200,1.00701480904
254233,254248,255501,15,1253,2,7200,1.01197126895
254244,254255,255474,11,1219,2,7200,1.00902378999
254244,254260,255566,16,1306,2,7200,1.01225114855
254255,254267,255537,12,1270,2,7200,1.0094488189
254256,254272,255558,16,1286,2,7200,1.01244167963
254266,254278,255620,12,1342,2,7200,1.00894187779
254277,254285,255552,8,1267,2,7200,1.00631412786
254277,254295,255587,18,1292,2,7200,1.01393188854
254288,254335,255584,47,1249,2,7200,1.03763010408
254329,254344,255586,15,1242,2,7200,1.01207729469
254340,254365,255621,25,1256,2,7200,1.0199044586
254361,254388,255611,27,1223,2,7200,1.02207686018
254361,254372,255620,11,1248,2,7200,1.00881410256
254382,254395,255688,13,1293,2,7200,1.01005413766
254392,254402,255693,10,1291,2,7200,1.00774593338
254393,254407,255691,14,1284,2,7200,1.01090342679
254403,254414,255694,11,1280,2,7200,1.00859375
254404,254419,255717,15,1298,2,7200,1.01155624037
254414,254426,255686,12,1260,2,7200,1.00952380952
254415,254431,255693,16,1262,2,7200,1.01267828843
254426,254438,255696,12,1258,2,7200,1.00953895072
254436,254461,255717,25,1256,2,7200,1.0199044586
254457,254468,255711,11,1243,2,7200,1.00884955752
254457,254476,255706,19,1230,2,7200,1.01544715447
254468,254484,255692,16,1208,2,7200,1.01324503311
254479,254502,255778,23,1276,2,7200,1.01802507837
254500,254569,255836,69,1267,2,7200,1.0544593528
254500,254510,255787,10,1277,2,7200,1.00783085356
254562,254645,255925,83,1280,2,7200,1.06484375
254644,254699,255984,55,1285,2,7200,1.04280155642
254695,255428,256702,733,1274,2,7200,1.57535321821
255420,255456,256731,36,1275,2,7200,1.02823529412
255451,255486,256758,35,1272,2,7200,1.02751572327
255482,255511,256840,29,1329,2,7200,1.02182091798
255503,255519,256823,16,1304,2,7200,1.01226993865
255514,255525,256810,11,1285,2,7200,1.00856031128
255514,255531,256804,17,1273,2,7200,1.01335428123
255525,255537,256828,12,1291,2,7200,1.00929512006
255535,255543,256788,8,1245,2,7200,1.00642570281
255536,255549,256783,13,1234,2,7200,1.01053484603
255546,255555,256780,9,1225,2,7200,1.00734693878
255547,255561,256756,14,1195,2,7200,1.01171548117
255557,255567,256848,10,1281,2,7200,1.00780640125
255558,255573,256857,15,1284,2,7200,1.01168224299
255568,255580,256867,12,1287,2,7200,1.00932400932
255569,255585,256873,16,1288,2,7200,1.01242236025
255579,255596,256860,17,1264,2,7200,1.01344936709
255590,255603,256876,13,1273,2,7200,1.01021209741
255601,255623,256892,22,1269,2,7200,1.01733648542
255601,255610,256874,9,1264,2,7200,1.00712025316
255612,255631,256911,19,1280,2,7200,1.01484375
255623,255637,256874,14,1237,2,7200,1.01131770412
255634,255644,256853,10,1209,2,7200,1.00827129859
255634,255697,256906,63,1209,2,7200,1.05210918114
255696,255704,257013,8,1309,2,7200,1.00611153552
255696,255709,257010,13,1301,2,7200,1.0099923136
255707,255716,256991,9,1275,2,7200,1.00705882353
255707,255721,257032,14,1311,2,7200,1.01067887109
255718,255728,256993,10,1265,2,7200,1.00790513834
255718,255733,257010,15,1277,2,7200,1.01174628034
255729,255739,257004,10,1265,2,7200,1.00790513834
255730,255745,256979,15,1234,2,7200,1.01215559157
255740,255752,257040,12,1288,2,7200,1.00931677019
255741,255757,256990,16,1233,2,7200,1.01297648013
255751,255763,257029,12,1266,2,7200,1.00947867299
255762,255791,256980,29,1189,2,7200,1.0243902439
255786,255798,257058,12,1260,2,7200,1.00952380952
255796,255848,257134,52,1286,2,7200,1.04043545879
255838,255936,257207,98,1271,2,7200,1.07710464201
255930,255996,257293,66,1297,2,7200,1.05088666153
255991,256713,258014,722,1301,2,7200,1.55495772483
256706,256743,258020,37,1277,2,7200,1.02897415818
256737,256767,258047,30,1280,2,7200,1.0234375
256758,256774,258053,16,1279,2,7200,1.01250977326
256769,256791,258091,22,1300,2,7200,1.01692307692
256790,256798,258161,8,1363,2,7200,1.00586940572
256790,256804,258165,14,1361,2,7200,1.010286554
256801,256815,258119,14,1304,2,7200,1.01073619632
256811,256822,258146,11,1324,2,7200,1.0083081571
256812,256835,258122,23,1287,2,7200,1.01787101787
256833,256841,258129,8,1288,2,7200,1.00621118012
256833,256853,258147,20,1294,2,7200,1.01545595054
256844,256860,258143,16,1283,2,7200,1.01247077163
256854,256868,258190,14,1322,2,7200,1.01059001513
256865,256874,258195,9,1321,2,7200,1.00681302044
256865,256880,258205,15,1325,2,7200,1.01132075472
256876,256892,258190,16,1298,2,7200,1.01232665639
256876,256887,258215,11,1328,2,7200,1.00828313253
256887,256898,258175,11,1277,2,7200,1.00861393892
256887,256904,258184,17,1280,2,7200,1.01328125
256898,256911,258185,13,1274,2,7200,1.01020408163
256909,256917,258227,8,1310,2,7200,1.00610687023
256909,256922,258271,13,1349,2,7200,1.00963676798
256920,256929,258259,9,1330,2,7200,1.00676691729
256920,256990,258325,70,1335,2,7200,1.05243445693
256982,256997,258307,15,1310,2,7200,1.01145038168
256993,257004,258331,11,1327,2,7200,1.00828937453
256993,257009,258314,16,1305,2,7200,1.0122605364
257004,257016,258289,12,1273,2,7200,1.00942655145
257014,257023,258274,9,1251,2,7200,1.0071942446
257015,257028,258327,13,1299,2,7200,1.01000769823
257026,257035,258308,9,1273,2,7200,1.00706991359
257027,257040,258332,13,1292,2,7200,1.0100619195
257037,257047,258373,10,1326,2,7200,1.00754147813
257038,257052,258355,14,1303,2,7200,1.01074443592
257048,257059,258357,11,1298,2,7200,1.00847457627
257049,257069,258356,20,1287,2,7200,1.01554001554
257059,257146,258450,87,1304,2,7200,1.06671779141
257141,257218,258490,77,1272,2,7200,1.06053459119
257213,257305,258583,92,1278,2,7200,1.07198748044
257295,257461,258717,166,1256,2,7200,1.1321656051
257459,257468,258777,9,1309,2,7200,1.00687547746
257469,257477,258774,8,1297,2,7200,1.00616808019
257480,257487,258859,7,1372,2,7200,1.00510204082
257491,257498,258796,7,1298,2,7200,1.00539291217
257501,257508,258785,7,1277,2,7200,1.00548159749
257512,257518,258820,6,1302,2,7200,1.00460829493
257523,257530,258816,7,1286,2,7200,1.00544323484
257533,257541,258788,8,1247,2,7200,1.00641539695
257544,257550,258832,6,1282,2,7200,1.00468018721
257555,258027,259298,472,1271,2,7200,1.37136113297
258025,258033,259305,8,1272,2,7200,1.00628930818
258036,258058,259352,22,1294,2,7200,1.0170015456
258056,258065,259353,9,1288,2,7200,1.00698757764
258067,258102,259414,35,1312,2,7200,1.02667682927
258098,258130,259491,32,1361,2,7200,1.02351212344
258129,258138,259428,9,1290,2,7200,1.00697674419
258140,258146,259428,6,1282,2,7200,1.00468018721
258150,258157,259414,7,1257,2,7200,1.00556881464
258161,258167,259437,6,1270,2,7200,1.00472440945
258172,258178,259447,6,1269,2,7200,1.00472813239
258182,258188,259461,6,1273,2,7200,1.00471327573
258193,258199,259491,6,1292,2,7200,1.00464396285
258203,258210,259514,7,1304,2,7200,1.00536809816
258214,258221,259498,7,1277,2,7200,1.00548159749
258225,258231,259525,6,1294,2,7200,1.00463678516
258235,258241,259506,6,1265,2,7200,1.004743083
258246,258252,259508,6,1256,2,7200,1.00477707006
258257,258263,259537,6,1274,2,7200,1.00470957614
258267,258273,259535,6,1262,2,7200,1.00475435816
258278,258284,259571,6,1287,2,7200,1.00466200466
258288,258294,259566,6,1272,2,7200,1.00471698113
258299,258306,259601,7,1295,2,7200,1.00540540541
258310,258316,259568,6,1252,2,7200,1.00479233227
258320,258326,259599,6,1273,2,7200,1.00471327573
258331,258337,259642,6,1305,2,7200,1.00459770115
258342,258348,259643,6,1295,2,7200,1.00463320463
258352,258358,259625,6,1267,2,7200,1.0047355959
258363,258370,259629,7,1259,2,7200,1.00555996823
258373,258380,259666,7,1286,2,7200,1.00544323484
258384,258391,259675,7,1284,2,7200,1.0054517134
258395,258401,259679,6,1278,2,7200,1.00469483568
258405,258412,259688,7,1276,2,7200,1.00548589342
258416,258423,259687,7,1264,2,7200,1.00553797468
258427,258434,259705,7,1271,2,7200,1.00550747443
258437,258444,259700,7,1256,2,7200,1.00557324841
258448,258455,259732,7,1277,2,7200,1.00548159749
258458,258465,259736,7,1271,2,7200,1.00550747443
258469,258501,259756,32,1255,2,7200,1.02549800797
258500,258508,259746,8,1238,2,7200,1.00646203554
258511,258595,259811,84,1216,2,7200,1.06907894737
258593,258729,260009,136,1280,2,7200,1.10625
258726,258785,260069,59,1284,2,7200,1.04595015576
258787,258794,260054,7,1260,2,7200,1.00555555556
258798,258805,260108,7,1303,2,7200,1.00537221796
258809,258815,260082,6,1267,2,7200,1.0047355959
258819,258825,260085,6,1260,2,7200,1.00476190476
258830,258837,260077,7,1240,2,7200,1.00564516129
258841,258848,260112,7,1264,2,7200,1.00553797468
258851,258857,260185,6,1328,2,7200,1.00451807229
258862,258870,260199,8,1329,2,7200,1.00601956358
258873,259214,260445,341,1231,2,7200,1.27701056052
259220,259309,260549,89,1240,2,7200,1.07177419355
259312,259320,260586,8,1266,2,7200,1.00631911532
259323,259363,260667,40,1304,2,7200,1.03067484663
259364,259370,260620,6,1250,2,7200,1.0048
259372,259425,260721,53,1296,2,7200,1.04089506173
259423,259432,260732,9,1300,2,7200,1.00692307692
259434,259441,260731,7,1290,2,7200,1.00542635659
259445,259451,260752,6,1301,2,7200,1.00461183705
259455,259461,260775,6,1314,2,7200,1.00456621005
259466,259472,260758,6,1286,2,7200,1.00466562986
259477,259484,260778,7,1294,2,7200,1.00540958269
259487,259502,260801,15,1299,2,7200,1.01154734411
259498,259510,260832,12,1322,2,7200,1.00907715582
259508,259516,260805,8,1289,2,7200,1.00620636152
259519,259525,260828,6,1303,2,7200,1.00460475825
259530,259536,260886,6,1350,2,7200,1.00444444444
259540,259546,260831,6,1285,2,7200,1.0046692607
259551,259557,260867,6,1310,2,7200,1.00458015267
259562,259568,260867,6,1299,2,7200,1.00461893764
259572,259578,260897,6,1319,2,7200,1.00454890068
259583,259590,260900,7,1310,2,7200,1.00534351145
259593,259601,260904,8,1303,2,7200,1.00613967767
259604,259610,260920,6,1310,2,7200,1.00458015267
259615,259622,260943,7,1321,2,7200,1.0052990159
259625,259633,260919,8,1286,2,7200,1.00622083981
259636,259642,260961,6,1319,2,7200,1.00454890068
259647,259653,260937,6,1284,2,7200,1.0046728972
259657,259663,260977,6,1314,2,7200,1.00456621005
259668,259675,260964,7,1289,2,7200,1.00543056633
259679,259685,260980,6,1295,2,7200,1.00463320463
259689,259695,261010,6,1315,2,7200,1.00456273764
259700,259706,260988,6,1282,2,7200,1.00468018721
259711,259716,261029,5,1313,2,7200,1.00380807312
259721,259728,261016,7,1288,2,7200,1.00543478261
259732,259739,261005,7,1266,2,7200,1.00552922591
259743,259750,261047,7,1297,2,7200,1.00539707016
259753,259759,261066,6,1307,2,7200,1.00459066565
259764,259770,261075,6,1305,2,7200,1.00459770115
259774,259782,261069,8,1287,2,7200,1.00621600622
259785,259791,261098,6,1307,2,7200,1.00459066565
259796,259822,261132,26,1310,2,7200,1.01984732824
259827,260021,261304,194,1283,2,7200,1.151208106
260021,260065,261361,44,1296,2,7200,1.03395061728
260062,260080,261389,18,1309,2,7200,1.01375095493
260083,260089,261344,6,1255,2,7200,1.00478087649
260094,260100,261415,6,1315,2,7200,1.00456273764
260105,260111,261408,6,1297,2,7200,1.00462606014
260115,260121,261393,6,1272,2,7200,1.00471698113
260126,260133,261435,7,1302,2,7200,1.00537634409
260137,260561,261825,424,1264,2,7200,1.33544303797
260566,260597,261880,31,1283,2,7200,1.02416212003
260597,260632,261900,35,1268,2,7200,1.02760252366
260628,260680,261974,52,1294,2,7200,1.04018547141
260680,260732,262017,52,1285,2,7200,1.04046692607
260731,260743,262058,12,1315,2,7200,1.00912547529
260742,260750,262066,8,1316,2,7200,1.00607902736
260753,260764,262088,11,1324,2,7200,1.0083081571
260763,260770,262110,7,1340,2,7200,1.0052238806
260774,260786,262159,12,1373,2,7200,1.00873998543
260785,260792,262084,7,1292,2,7200,1.00541795666
260795,260812,262111,17,1299,2,7200,1.01308698999
260816,260823,262127,7,1304,2,7200,1.00536809816
260827,260839,262094,12,1255,2,7200,1.00956175299
260837,260846,262131,9,1285,2,7200,1.00700389105
260848,260854,262230,6,1376,2,7200,1.00436046512
260859,260879,262251,20,1372,2,7200,1.01457725948
260880,260887,262220,7,1333,2,7200,1.00525131283
260890,260897,262196,7,1299,2,7200,1.00538876059
260901,260908,262215,7,1307,2,7200,1.00535577659
260912,260918,262215,6,1297,2,7200,1.00462606014
260922,260928,262190,6,1262,2,7200,1.00475435816
260933,260939,262199,6,1260,2,7200,1.00476190476
260944,260951,262217,7,1266,2,7200,1.00552922591
260954,260961,262222,7,1261,2,7200,1.00555114988
260965,260971,262223,6,1252,2,7200,1.00479233227
260976,260982,262274,6,1292,2,7200,1.00464396285
260986,260992,262281,6,1289,2,7200,1.00465477114
260997,261004,262290,7,1286,2,7200,1.00544323484
261008,261015,262285,7,1270,2,7200,1.00551181102
261018,261025,262298,7,1273,2,7200,1.00549882168
261029,261035,262323,6,1288,2,7200,1.00465838509
261040,261047,262320,7,1273,2,7200,1.00549882168
261050,261056,262332,6,1276,2,7200,1.00470219436
261061,261067,262316,6,1249,2,7200,1.00480384307
261072,261078,262331,6,1253,2,7200,1.00478850758
261082,261089,262337,7,1248,2,7200,1.00560897436
261093,261099,262397,6,1298,2,7200,1.00462249615
261104,261110,262426,6,1316,2,7200,1.00455927052
261115,261144,262423,29,1279,2,7200,1.02267396403
261146,261836,263150,690,1314,2,7200,1.52511415525
261830,261893,263108,63,1215,2,7200,1.05185185185
261881,261912,263262,31,1350,2,7200,1.02296296296
261902,261986,263311,84,1325,2,7200,1.06339622642
261974,262028,263319,54,1291,2,7200,1.04182804028
262026,262069,263334,43,1265,2,7200,1.03399209486
262067,262077,263314,10,1237,2,7200,1.00808407437
262067,262096,263329,29,1233,2,7200,1.02351987024
262088,262103,263358,15,1255,2,7200,1.01195219124
262099,262109,263375,10,1266,2,7200,1.00789889415
262099,262122,263325,23,1203,2,7200,1.01911886949
262120,262129,263374,9,1245,2,7200,1.00722891566
262120,262138,263446,18,1308,2,7200,1.01376146789
262131,262146,263428,15,1282,2,7200,1.01170046802
262142,262171,263500,29,1329,2,7200,1.02182091798
262162,262202,263538,40,1336,2,7200,1.02994011976
262193,262209,263528,16,1319,2,7200,1.01213040182
262204,262215,263455,11,1240,2,7200,1.00887096774
262204,262226,263471,22,1245,2,7200,1.01767068273
262215,262232,263470,17,1238,2,7200,1.01373182553
262226,262239,263467,13,1228,2,7200,1.01058631922
262236,262245,263461,9,1216,2,7200,1.00740131579
262237,262251,263542,14,1291,2,7200,1.01084430674
262247,262258,263513,11,1255,2,7200,1.00876494024
262248,262263,263550,15,1287,2,7200,1.01165501166
262258,262270,263554,12,1284,2,7200,1.00934579439
262259,262286,263557,27,1271,2,7200,1.02124311566
262280,262292,263491,12,1199,2,7200,1.01000834028
262290,262299,263492,9,1193,2,7200,1.00754400671
262291,262306,263528,15,1222,2,7200,1.01227495908
262301,262313,263549,12,1236,2,7200,1.00970873786
262312,262328,263647,16,1319,2,7200,1.01213040182
262323,262334,263633,11,1299,2,7200,1.00846805235
262323,262339,263582,16,1243,2,7200,1.01287208367
262334,262347,263578,13,1231,2,7200,1.0105605199
262344,262353,263565,9,1212,2,7200,1.00742574257
262345,262359,263562,14,1203,2,7200,1.01163757273
262355,262409,263608,54,1199,2,7200,1.04503753128
262407,262434,263704,27,1270,2,7200,1.02125984252
262428,262441,263683,13,1242,2,7200,1.01046698873
262438,263119,264290,681,1171,2,7200,1.58155422716
263114,263161,264839,47,1678,2,7200,1.02800953516
263155,263273,265037,118,1764,2,7200,1.06689342404
263265,263322,264786,57,1464,2,7200,1.03893442623
263316,263328,264714,12,1386,2,7200,1.00865800866
263327,263335,264799,8,1464,2,7200,1.00546448087
263327,263341,264741,14,1400,2,7200,1.01
263338,263353,264814,15,1461,2,7200,1.01026694045
263338,263348,264759,10,1411,2,7200,1.00708717222
263349,263369,264767,20,1398,2,7200,1.01430615165
263359,263386,264767,27,1381,2,7200,1.01955104996
263380,263392,264706,12,1314,2,7200,1.00913242009
263391,263439,264815,48,1376,2,7200,1.03488372093
263432,263458,264885,26,1427,2,7200,1.01822004205
263453,263467,264966,14,1499,2,7200,1.00933955971
263463,263473,264892,10,1419,2,7200,1.00704721635
263464,263480,264856,16,1376,2,7200,1.01162790698
263474,263486,264873,12,1387,2,7200,1.0086517664
263485,263493,264939,8,1446,2,7200,1.00553250346
263485,263503,264865,18,1362,2,7200,1.01321585903
263496,263509,264864,13,1355,2,7200,1.00959409594
263507,263515,264835,8,1320,2,7200,1.00606060606
263507,263524,264911,17,1387,2,7200,1.01225666907
263518,263539,265011,21,1472,2,7200,1.01426630435
263528,263544,264960,16,1416,2,7200,1.01129943503
263539,263551,264917,12,1366,2,7200,1.00878477306
263550,263557,264873,7,1316,2,7200,1.00531914894
263550,263565,264902,15,1337,2,7200,1.01121914734
263561,263577,264875,16,1298,2,7200,1.01232665639
263561,263571,264885,10,1314,2,7200,1.00761035008
263572,263589,265042,17,1453,2,7200,1.01169993118
263572,263584,264931,12,1347,2,7200,1.00890868597
263583,263596,264998,13,1402,2,7200,1.0092724679
263594,263608,265037,14,1429,2,7200,1.00979706088
263594,263602,264978,8,1376,2,7200,1.00581395349
263604,263620,264986,16,1366,2,7200,1.01171303075
263615,263646,264997,31,1351,2,7200,1.02294596595
263636,263658,264948,22,1290,2,7200,1.01705426357
263657,263694,265039,37,1345,2,7200,1.02750929368
263688,263715,265010,27,1295,2,7200,1.02084942085
263709,264301,265589,592,1288,2,7200,1.45962732919
264301,264717,266081,416,1364,2,7200,1.30498533724
264709,264726,266072,17,1346,2,7200,1.01263001486
264720,264753,266118,33,1365,2,7200,1.02417582418
264751,264772,266223,21,1451,2,7200,1.01447277739
264762,264779,266116,17,1337,2,7200,1.01271503366
264772,264786,266090,14,1304,2,7200,1.01073619632
264783,264798,266189,15,1391,2,7200,1.01078360891
264794,264810,266153,16,1343,2,7200,1.01191362621
264804,264826,266172,22,1346,2,7200,1.01634472511
264815,264833,266177,18,1344,2,7200,1.01339285714
264826,264847,266187,21,1340,2,7200,1.01567164179
264836,264853,266263,17,1410,2,7200,1.01205673759
264847,264868,266249,21,1381,2,7200,1.01520637219
264858,264876,266270,18,1394,2,7200,1.01291248207
264868,264882,266378,14,1496,2,7200,1.00935828877
264879,264890,266228,11,1338,2,7200,1.00822122571
264880,264895,266221,15,1326,2,7200,1.01131221719
264890,264902,266240,12,1338,2,7200,1.00896860987
264891,264907,266284,16,1377,2,7200,1.0116194626
264901,264914,266304,13,1390,2,7200,1.00935251799
264912,264920,266233,8,1313,2,7200,1.00609291698
264913,264926,266234,13,1308,2,7200,1.00993883792
264923,264932,266323,9,1391,2,7200,1.00647016535
264924,264938,266369,14,1431,2,7200,1.00978336827
264934,264944,266323,10,1379,2,7200,1.00725163162
264935,264952,266525,17,1573,2,7200,1.01080737444
264946,264960,266334,14,1374,2,7200,1.01018922853
264957,264972,266297,15,1325,2,7200,1.01132075472
264967,264978,266320,11,1342,2,7200,1.00819672131
264968,264989,266342,21,1353,2,7200,1.0155210643
264978,264997,266331,19,1334,2,7200,1.01424287856
264989,265010,266434,21,1424,2,7200,1.01474719101
265000,265015,266370,15,1355,2,7200,1.0110701107
265010,265021,266542,11,1521,2,7200,1.00723208416
265011,265028,266424,17,1396,2,7200,1.01217765043
265021,265048,266566,27,1518,2,7200,1.01778656126
265042,265054,266444,12,1390,2,7200,1.00863309353
265053,265067,266393,14,1326,2,7200,1.01055806938
265053,265061,266451,8,1390,2,7200,1.00575539568
265064,265602,266900,538,1298,2,7200,1.41448382126
265596,265853,267328,257,1475,2,7200,1.17423728814
265852,266083,267447,231,1364,2,7200,1.16935483871
266087,266093,267513,6,1420,2,7200,1.00422535211
266097,266104,267573,7,1469,2,7200,1.00476514636
266108,266128,267588,20,1460,2,7200,1.01369863014
266119,266134,267636,15,1502,2,7200,1.00998668442
266140,266164,267531,24,1367,2,7200,1.01755669349
266161,266184,267639,23,1455,2,7200,1.01580756014
266181,266192,267612,11,1420,2,7200,1.00774647887
266192,266198,267682,6,1484,2,7200,1.00404312668
266193,266204,267650,11,1446,2,7200,1.00760719225
266203,266232,267851,29,1619,2,7200,1.01791229154
266224,266239,267827,15,1588,2,7200,1.00944584383
266235,266250,267760,15,1510,2,7200,1.00993377483
266235,266245,267697,10,1452,2,7200,1.00688705234
266246,266256,267846,10,1590,2,7200,1.00628930818
266246,266262,267825,16,1563,2,7200,1.01023672425
266257,266269,267829,12,1560,2,7200,1.00769230769
266268,266275,267981,7,1706,2,7200,1.0041031653
266306,266313,267596,7,1283,2,7200,1.00545596259
266307,266318,267629,11,1311,2,7200,1.00839054157
266317,266324,267598,7,1274,2,7200,1.00549450549
266318,266330,267602,12,1272,2,7200,1.00943396226
266328,266337,267600,9,1263,2,7200,1.00712589074
266329,266342,267615,13,1273,2,7200,1.01021209741
266339,266349,267642,10,1293,2,7200,1.00773395205
266340,266354,267627,14,1273,2,7200,1.01099764336
266350,266360,267638,10,1278,2,7200,1.00782472613
266351,266366,267635,15,1269,2,7200,1.01182033097
266361,266380,267711,19,1331,2,7200,1.01427498122
266372,266387,267646,15,1259,2,7200,1.01191421763
266383,266394,267672,11,1278,2,7200,1.00860719875
266393,266404,267646,11,1242,2,7200,1.00885668277
266403,282983,294078,16580,11095,1,18000,2.49436683191
266404,266436,267661,32,1225,2,7200,1.02612244898
266430,283055,301100,16625,18045,1,18000,1.92130784151
266435,266449,267696,14,1247,2,7200,1.01122694467
266446,266455,267740,9,1285,2,7200,1.00700389105
266456,266463,267751,7,1288,2,7200,1.00543478261
266467,266537,267810,70,1273,2,7200,1.05498821681
266539,266554,267836,15,1282,2,7200,1.01170046802
266550,266577,267855,27,1278,2,7200,1.02112676056
266581,266911,268188,330,1277,2,7200,1.25841816758
266908,267341,268609,433,1268,2,7200,1.34148264984
267337,267459,268724,122,1265,2,7200,1.09644268775
267460,267524,268854,64,1330,2,7200,1.04812030075
267516,317174,490010,49658,172836,4,172800,1.28731282835
267522,267542,268812,20,1270,2,7200,1.0157480315
267543,267584,268871,41,1287,2,7200,1.03185703186
267584,267600,268873,16,1273,2,7200,1.01256873527
267595,267608,268892,13,1284,2,7200,1.01012461059
267606,267620,268891,14,1271,2,7200,1.01101494886
267606,267614,268895,8,1281,2,7200,1.006245121
267617,267626,268902,9,1276,2,7200,1.00705329154
267617,267631,268912,14,1281,2,7200,1.01092896175
267628,267643,268902,15,1259,2,7200,1.01191421763
267628,267637,268914,9,1277,2,7200,1.00704776821
267639,267651,268893,12,1242,2,7200,1.00966183575
267639,267656,268865,17,1209,2,7200,1.01406120761
267651,267663,268916,12,1253,2,7200,1.00957701516
267651,267668,268941,17,1273,2,7200,1.01335428123
267662,267674,268939,12,1265,2,7200,1.00948616601
267673,267686,268948,13,1262,2,7200,1.01030110935
267673,267680,268943,7,1263,2,7200,1.00554235946
267684,267693,268969,9,1276,2,7200,1.00705329154
267684,267698,268985,14,1287,2,7200,1.01087801088
267695,267709,268983,14,1274,2,7200,1.01098901099
267695,267704,268986,9,1282,2,7200,1.00702028081
267706,267716,268985,10,1269,2,7200,1.00788022065
267706,267722,269044,16,1322,2,7200,1.01210287443
267717,267729,268984,12,1255,2,7200,1.00956175299
267717,267734,269005,17,1271,2,7200,1.01337529504
267738,267752,269015,14,1263,2,7200,1.01108471892
267749,267763,269040,14,1277,2,7200,1.01096319499
267760,267771,269039,11,1268,2,7200,1.00867507886
267770,267822,269100,52,1278,2,7200,1.0406885759
267822,267837,269112,15,1275,2,7200,1.01176470588
267832,267843,269117,11,1274,2,7200,1.00863422292
267833,267849,269106,16,1257,2,7200,1.01272871917
267844,267855,269114,11,1259,2,7200,1.00873709293
267854,267861,269128,7,1267,2,7200,1.00552486188
267855,267868,269161,13,1293,2,7200,1.01005413766
267865,267874,269145,9,1271,2,7200,1.00708103855
267876,267992,269266,116,1274,2,7200,1.09105180534
267988,268200,269466,212,1266,2,7200,1.16745655608
268203,268621,269899,418,1278,2,7200,1.32707355243
268622,268735,270005,113,1270,2,7200,1.08897637795
268735,268823,270085,88,1262,2,7200,1.06973058637
268827,268865,270119,38,1254,2,7200,1.0303030303
268869,268877,270122,8,1245,2,7200,1.00642570281
268879,268885,270127,6,1242,2,7200,1.00483091787
268880,268891,270118,11,1227,2,7200,1.00896495518
268890,268903,270141,13,1238,2,7200,1.01050080775
268901,268916,270178,15,1262,2,7200,1.0118858954
268901,268911,270138,10,1227,2,7200,1.00814995925
268912,268928,270194,16,1266,2,7200,1.01263823065
268912,268922,270185,10,1263,2,7200,1.00791765637
268923,268940,270220,17,1280,2,7200,1.01328125
268923,268935,270182,12,1247,2,7200,1.00962309543
268934,268946,270214,12,1268,2,7200,1.0094637224
268945,268954,270204,9,1250,2,7200,1.0072
268945,268959,270230,14,1271,2,7200,1.01101494886
268956,268971,270246,15,1275,2,7200,1.01176470588
268956,268965,270250,9,1285,2,7200,1.00700389105
268967,268977,270246,10,1269,2,7200,1.00788022065
268978,268983,270256,5,1273,2,7200,1.00392772977
268988,268995,270264,7,1269,2,7200,1.00551615445
268989,269002,270273,13,1271,2,7200,1.0102281668
268999,269008,270244,9,1236,2,7200,1.0072815534
269000,269013,270235,13,1222,2,7200,1.01063829787
269010,269020,270252,10,1232,2,7200,1.00811688312
269011,269026,270247,15,1221,2,7200,1.01228501229
269021,269032,270268,11,1236,2,7200,1.00889967638
269032,269051,270249,19,1198,2,7200,1.01585976628
269043,269057,270327,14,1270,2,7200,1.01102362205
269053,269065,270326,12,1261,2,7200,1.00951625694
269064,269111,270388,47,1277,2,7200,1.03680501175
269116,269129,270368,13,1239,2,7200,1.01049233253
269116,269122,270387,6,1265,2,7200,1.004743083
269127,269135,270402,8,1267,2,7200,1.00631412786
269127,269141,270391,14,1250,2,7200,1.0112
269138,269147,270418,9,1271,2,7200,1.00708103855
269148,269157,270429,9,1272,2,7200,1.0070754717
269161,269173,270460,12,1287,2,7200,1.00932400932
269172,269278,270545,106,1267,2,7200,1.08366219416
269275,269479,270769,204,1290,2,7200,1.15813953488
269480,269910,271189,430,1279,2,7200,1.33620015637
269483,294275,402310,24792,108035,12,108000,1.22948118665
269909,270016,271275,107,1259,2,7200,1.08498808578
270022,270097,271402,75,1305,2,7200,1.05747126437
270094,270130,271434,36,1304,2,7200,1.02760736196
270125,270137,271471,12,1334,2,7200,1.00899550225
270135,270144,271461,9,1317,2,7200,1.00683371298
270136,270149,271397,13,1248,2,7200,1.01041666667
270147,270161,271371,14,1210,2,7200,1.01157024793
270147,270156,271370,9,1214,2,7200,1.00741350906
270158,270190,271545,32,1355,2,7200,1.02361623616
270189,270204,271526,15,1322,2,7200,1.01134644478
270189,270196,271529,7,1333,2,7200,1.00525131283
270200,270210,271501,10,1291,2,7200,1.00774593338
270211,270217,271592,6,1375,2,7200,1.00436363636
270221,270228,271521,7,1293,2,7200,1.00541376643
270222,270235,271523,13,1288,2,7200,1.0100931677
270233,270241,271498,8,1257,2,7200,1.00636435959
270243,270249,271476,6,1227,2,7200,1.00488997555
270255,270261,271536,6,1275,2,7200,1.00470588235
270256,270269,271527,13,1258,2,7200,1.01033386328
270266,270275,271539,9,1264,2,7200,1.00712025316
270267,270281,271561,14,1280,2,7200,1.0109375
270278,270288,271565,10,1277,2,7200,1.00783085356
270278,270293,271566,15,1273,2,7200,1.01178318932
270289,270305,271593,16,1288,2,7200,1.01242236025
270289,270300,271655,11,1355,2,7200,1.00811808118
270300,270311,271606,11,1295,2,7200,1.00849420849
270301,270317,271615,16,1298,2,7200,1.01232665639
270311,270323,271632,12,1309,2,7200,1.00916730328
270322,270337,271625,15,1288,2,7200,1.01164596273
270333,270344,271614,11,1270,2,7200,1.00866141732
270343,270380,271648,37,1268,2,7200,1.02917981073
270385,270398,271629,13,1231,2,7200,1.0105605199
270395,270404,271664,9,1260,2,7200,1.00714285714
270396,270410,271679,14,1269,2,7200,1.0110323089
270406,270417,271686,11,1269,2,7200,1.00866824271
270417,270429,271711,12,1282,2,7200,1.00936037441
270428,270442,271714,14,1272,2,7200,1.01100628931
270438,270472,271729,34,1257,2,7200,1.02704852824
270469,270557,271845,88,1288,2,7200,1.06832298137
270562,270781,272051,219,1270,2,7200,1.17244094488
270776,271201,272503,425,1302,2,7200,1.32642089094
271206,271288,272545,82,1257,2,7200,1.06523468576
271288,271382,272643,94,1261,2,7200,1.07454401269
271380,271389,272670,9,1281,2,7200,1.00702576112
271391,271410,272711,19,1301,2,7200,1.01460415065
271412,271418,272726,6,1308,2,7200,1.00458715596
271423,271445,272738,22,1293,2,7200,1.01701469451
271444,271473,272767,29,1294,2,7200,1.02241112828
271475,271484,272778,9,1294,2,7200,1.00695517774
271485,271491,272759,6,1268,2,7200,1.0047318612
271496,271509,272774,13,1265,2,7200,1.01027667984
271506,271516,272800,10,1284,2,7200,1.00778816199
271517,271533,272817,16,1284,2,7200,1.01246105919
271528,271540,272811,12,1271,2,7200,1.00944138474
271538,271547,272812,9,1265,2,7200,1.00711462451
271539,271552,272820,13,1268,2,7200,1.01025236593
271549,271559,272845,10,1286,2,7200,1.00777604977
271550,271564,272829,14,1265,2,7200,1.01106719368
271561,271576,272835,15,1259,2,7200,1.01191421763
271561,271570,272850,9,1280,2,7200,1.00703125
271572,271583,272889,11,1306,2,7200,1.00842266462
271572,271588,272885,16,1297,2,7200,1.01233616037
271583,271594,272876,11,1282,2,7200,1.00858034321
271593,271604,272899,11,1295,2,7200,1.00849420849
271594,271611,272872,17,1261,2,7200,1.013481364
271615,271627,272900,12,1273,2,7200,1.00942655145
271615,271621,272905,6,1284,2,7200,1.0046728972
271626,271634,272889,8,1255,2,7200,1.00637450199
271626,271641,272939,15,1298,2,7200,1.01155624037
271637,271653,272922,16,1269,2,7200,1.01260835303
271637,271647,272937,10,1290,2,7200,1.00775193798
271658,271670,272919,12,1249,2,7200,1.00960768615
271658,271664,272928,6,1264,2,7200,1.00474683544
271669,271677,272957,8,1280,2,7200,1.00625
271682,271691,272958,9,1267,2,7200,1.00710339384
271692,271698,272965,6,1267,2,7200,1.0047355959
271703,271722,272948,19,1226,2,7200,1.01549755302
271724,271730,272980,6,1250,2,7200,1.0048
271734,271740,272994,6,1254,2,7200,1.004784689
271745,271856,273109,111,1253,2,7200,1.08858739026
271788,282411,282538,10623,127,1,3600,84.6456692913
271858,272063,273315,205,1252,2,7200,1.16373801917
272063,272515,273732,452,1217,2,7200,1.37140509449
272514,272557,273789,43,1232,2,7200,1.0349025974
272555,272654,273910,99,1256,2,7200,1.07882165605
272658,272682,273934,24,1252,2,7200,1.01916932907
272679,272722,273985,43,1263,2,7200,1.03404592241
272720,272739,273996,19,1257,2,7200,1.01511535402
272741,272750,274001,9,1251,2,7200,1.0071942446
272752,272770,273971,18,1201,2,7200,1.01498751041
272773,272779,273986,6,1207,2,7200,1.00497100249
272783,272789,274028,6,1239,2,7200,1.00484261501
272784,272796,274034,12,1238,2,7200,1.00969305331
272795,272811,274036,16,1225,2,7200,1.01306122449
272816,272822,274039,6,1217,2,7200,1.00493015612
272816,272829,274042,13,1213,2,7200,1.01071723001
272827,272835,274043,8,1208,2,7200,1.00662251656
272827,272841,274075,14,1234,2,7200,1.0113452188
272838,272847,274064,9,1217,2,7200,1.00739523418
272838,272853,274042,15,1189,2,7200,1.0126156434
272849,272859,274079,10,1220,2,7200,1.00819672131
272860,272865,274092,5,1227,2,7200,1.00407497963
272870,272885,274097,15,1212,2,7200,1.01237623762
272881,272891,274103,10,1212,2,7200,1.00825082508
272892,272898,274113,6,1215,2,7200,1.0049382716
272892,272904,274118,12,1214,2,7200,1.00988467875
272898,272910,274212,12,1302,2,7200,1.00921658986
272908,272917,274220,9,1303,2,7200,1.00690713738
272909,272922,274210,13,1288,2,7200,1.0100931677
272920,272935,274200,15,1265,2,7200,1.01185770751
272920,272928,274178,8,1250,2,7200,1.0064
272931,272942,274202,11,1260,2,7200,1.00873015873
272932,272947,274193,15,1246,2,7200,1.01203852327
272943,272954,274210,11,1256,2,7200,1.00875796178
272944,272959,274213,15,1254,2,7200,1.01196172249
272954,272965,274255,11,1290,2,7200,1.00852713178
272965,272973,274219,8,1246,2,7200,1.00642054575
272966,272978,274228,12,1250,2,7200,1.0096
272976,272984,274237,8,1253,2,7200,1.00638467678
272987,272993,274251,6,1258,2,7200,1.00476947536
272997,273005,274235,8,1230,2,7200,1.00650406504
273008,273120,274396,112,1276,2,7200,1.08777429467
273121,273327,274598,206,1271,2,7200,1.16207710464
273326,273744,274985,418,1241,2,7200,1.33682514102
273745,273801,275021,56,1220,2,7200,1.04590163934
273797,273922,275178,125,1256,2,7200,1.09952229299
273920,273945,275186,25,1241,2,7200,1.02014504432
273951,273982,275214,31,1232,2,7200,1.02516233766
273982,273997,275234,15,1237,2,7200,1.01212611156
273993,274003,275205,10,1202,2,7200,1.00831946755
274003,274009,275257,6,1248,2,7200,1.00480769231
274004,274016,275243,12,1227,2,7200,1.0097799511
274014,274039,275293,25,1254,2,7200,1.01993620415
274035,274046,275268,11,1222,2,7200,1.00900163666
274046,274053,275275,7,1222,2,7200,1.00572831424
274046,274058,275284,12,1226,2,7200,1.00978792822
274057,274064,275257,7,1193,2,7200,1.00586756077
274057,274069,275328,12,1259,2,7200,1.00953137411
274068,274076,275353,8,1277,2,7200,1.00626468285
274069,274081,275351,12,1270,2,7200,1.0094488189
274079,274087,275358,8,1271,2,7200,1.00629425649
274080,274093,275364,13,1271,2,7200,1.0102281668
274090,274104,275381,14,1277,2,7200,1.01096319499
274101,274110,275387,9,1277,2,7200,1.00704776821
274112,274118,275388,6,1270,2,7200,1.00472440945
274122,274129,275428,7,1299,2,7200,1.00538876059
274123,274135,275397,12,1262,2,7200,1.00950871632
274134,274191,275468,57,1277,2,7200,1.04463586531
274195,274205,275466,10,1261,2,7200,1.00793021412
274206,274213,275479,7,1266,2,7200,1.00552922591
274206,274219,275486,13,1267,2,7200,1.01026045777
274217,274226,275495,9,1269,2,7200,1.00709219858
274218,274231,275479,13,1248,2,7200,1.01041666667
274228,274238,275502,10,1264,2,7200,1.00791139241
274229,274243,275494,14,1251,2,7200,1.01119104716
274239,274250,275540,11,1290,2,7200,1.00852713178
274240,274255,275499,15,1244,2,7200,1.01205787781
274250,274261,275535,11,1274,2,7200,1.00863422292
274251,274267,275529,16,1262,2,7200,1.01267828843
274261,274274,275545,13,1271,2,7200,1.0102281668
274272,274285,275541,13,1256,2,7200,1.01035031847
274272,274280,275521,8,1241,2,7200,1.00644641418
274283,274407,275666,124,1259,2,7200,1.09849086577
274406,274610,275858,204,1248,2,7200,1.16346153846
274611,274996,276225,385,1229,2,7200,1.3132628153
274999,275032,276292,33,1260,2,7200,1.02619047619
275030,275189,276465,159,1276,2,7200,1.12460815047
275194,275200,276453,6,1253,2,7200,1.00478850758
275203,282460,282542,7257,82,1,1800,89.5
275205,275217,276549,12,1332,2,7200,1.00900900901
275215,275226,276515,11,1289,2,7200,1.00853374709
275226,275246,276518,20,1272,2,7200,1.01572327044
275247,275256,276513,9,1257,2,7200,1.00715990453
275257,275269,276534,12,1265,2,7200,1.00948616601
275258,275274,276537,16,1263,2,7200,1.0126682502
275268,275280,276542,12,1262,2,7200,1.00950871632
275279,275288,276535,9,1247,2,7200,1.00721732157
275290,275295,276542,5,1247,2,7200,1.0040096231
275300,275306,276573,6,1267,2,7200,1.0047355959
275311,275340,276591,29,1251,2,7200,1.02318145484
275342,275363,276602,21,1239,2,7200,1.01694915254
275363,275376,276630,13,1254,2,7200,1.01036682616
275363,275371,276617,8,1246,2,7200,1.00642054575
275374,275382,276626,8,1244,2,7200,1.00643086817
275384,275393,276619,9,1226,2,7200,1.00734094617
275395,275401,276649,6,1248,2,7200,1.00480769231
275395,275407,276643,12,1236,2,7200,1.00970873786
275406,275413,276627,7,1214,2,7200,1.0057660626
275417,275440,276681,23,1241,2,7200,1.01853344077
275438,275477,276728,39,1251,2,7200,1.03117505995
275469,275484,276736,15,1252,2,7200,1.01198083067
275480,275492,276740,12,1248,2,7200,1.00961538462
275480,275497,276729,17,1232,2,7200,1.0137987013
275491,275504,276731,13,1227,2,7200,1.01059494703
275501,275510,276728,9,1218,2,7200,1.00738916256
275502,275515,276751,13,1236,2,7200,1.01051779935
275513,275523,276766,10,1243,2,7200,1.00804505229
275513,275528,276768,15,1240,2,7200,1.01209677419
275524,275534,276671,10,1137,2,7200,1.00879507476
275534,275540,276711,6,1171,2,7200,1.00512382579
275545,275551,276802,6,1251,2,7200,1.00479616307
275546,275559,276807,13,1248,2,7200,1.01041666667
275556,275565,276830,9,1265,2,7200,1.00711462451
275557,275571,276818,14,1247,2,7200,1.01122694467
275567,275678,276909,111,1231,2,7200,1.09017059301
275680,275869,277125,189,1256,2,7200,1.15047770701
275874,276236,277453,362,1217,2,7200,1.29745275267
276232,276303,277472,71,1169,2,7200,1.06073567151
276304,276464,277594,160,1130,2,7200,1.14159292035
276468,276476,277912,8,1436,2,7200,1.00557103064
276478,276524,277949,46,1425,2,7200,1.03228070175
276520,276531,277942,11,1411,2,7200,1.00779588944
276520,276536,277922,16,1386,2,7200,1.01154401154
276541,276554,277980,13,1426,2,7200,1.00911640954
276541,276547,277942,6,1395,2,7200,1.00430107527
276552,276560,277969,8,1409,2,7200,1.00567778566
276552,276565,277989,13,1424,2,7200,1.00912921348
276563,276571,277979,8,1408,2,7200,1.00568181818
276563,276577,277983,14,1406,2,7200,1.00995732575
276574,276584,277997,10,1413,2,7200,1.00707714084
276585,276602,277983,17,1381,2,7200,1.01230992035
276605,276613,277956,8,1343,2,7200,1.0059568131
276616,276628,278030,12,1402,2,7200,1.00855920114
276627,276635,278017,8,1382,2,7200,1.00578871201
276627,276642,278037,15,1395,2,7200,1.01075268817
276638,276648,278042,10,1394,2,7200,1.00717360115
276638,276654,278014,16,1360,2,7200,1.01176470588
276649,276660,278145,11,1485,2,7200,1.00740740741
276659,276667,278010,8,1343,2,7200,1.0059568131
276670,276683,278056,13,1373,2,7200,1.00946831755
276681,276693,278076,12,1383,2,7200,1.00867678959
276691,276723,278085,32,1362,2,7200,1.0234948605
276722,276739,278179,17,1440,2,7200,1.01180555556
276735,276751,278129,16,1378,2,7200,1.01161103048
276735,276746,278136,11,1390,2,7200,1.00791366906
276746,276758,278104,12,1346,2,7200,1.00891530461
276746,276763,278182,17,1419,2,7200,1.01198026779
276757,276769,278138,12,1369,2,7200,1.00876552228
276768,276784,278201,16,1417,2,7200,1.01129146083
276768,276776,278257,8,1481,2,7200,1.00540175557
276779,276790,278206,11,1416,2,7200,1.00776836158
276789,276813,278373,24,1560,2,7200,1.01538461538
276810,276819,278282,9,1463,2,7200,1.00615174299
276821,276829,278164,8,1335,2,7200,1.00599250936
276831,276841,278177,10,1336,2,7200,1.00748502994
276842,276920,278255,78,1335,2,7200,1.05842696629
276924,277137,278476,213,1339,2,7200,1.15907393577
277139,277465,279021,326,1556,2,7200,1.20951156812
277466,277483,278960,17,1477,2,7200,1.0115098172
277487,277606,278984,119,1378,2,7200,1.08635703919
277610,277923,279265,313,1342,2,7200,1.23323397914
277927,277933,279359,6,1426,2,7200,1.00420757363
277937,277954,279465,17,1511,2,7200,1.01125082727
277948,277960,279516,12,1556,2,7200,1.00771208226
277959,277974,279605,15,1631,2,7200,1.00919681177
277959,277966,279599,7,1633,2,7200,1.0042865891
277970,277981,279630,11,1649,2,7200,1.00667070952
277980,277991,279349,11,1358,2,7200,1.00810014728
277981,277996,279320,15,1324,2,7200,1.01132930514
277993,278003,279343,10,1340,2,7200,1.00746268657
277994,278008,279318,14,1310,2,7200,1.0106870229
278005,278014,279506,9,1492,2,7200,1.00603217158
278005,278020,279543,15,1523,2,7200,1.00984898227
278016,278027,279529,11,1502,2,7200,1.00732356858
278016,278032,279551,16,1519,2,7200,1.01053324556
278027,278039,279538,12,1499,2,7200,1.00800533689
278037,278045,279647,8,1602,2,7200,1.0049937578
278048,278054,279691,6,1637,2,7200,1.0036652413
278048,278060,279800,12,1740,2,7200,1.00689655172
278059,278068,279363,9,1295,2,7200,1.00694980695
278070,278087,279391,17,1304,2,7200,1.01303680982
278090,278096,279471,6,1375,2,7200,1.00436363636
278101,278116,279477,15,1361,2,7200,1.01102130786
278112,278141,279562,29,1421,2,7200,1.02040816327
278143,278154,279637,11,1483,2,7200,1.00741739717
278143,278149,279687,6,1538,2,7200,1.00390117035
278154,278161,279762,7,1601,2,7200,1.00437226733
278164,278176,279835,12,1659,2,7200,1.00723327306
278175,278188,279810,13,1622,2,7200,1.00801479655
278186,278200,279913,14,1713,2,7200,1.00817279626
278186,278195,279903,9,1708,2,7200,1.00526932084
278197,278213,279770,16,1557,2,7200,1.01027617213
278207,278219,279491,12,1272,2,7200,1.00943396226
278218,278267,279652,49,1385,2,7200,1.03537906137
278259,278274,279595,15,1321,2,7200,1.01135503407
278270,278294,279626,24,1332,2,7200,1.01801801802
278291,278384,279815,93,1431,2,7200,1.06498951782
278383,278488,279958,105,1470,2,7200,1.07142857143
278485,278972,280517,487,1545,2,7200,1.31521035599
278976,278995,280571,19,1576,2,7200,1.01205583756
278997,279278,280557,281,1279,2,7200,1.21970289289
279115,282549,282633,3434,84,1,1800,41.880952381
279273,279329,280698,56,1369,2,7200,1.04090577064
279324,279337,280771,13,1434,2,7200,1.00906555091
279325,279355,280926,30,1571,2,7200,1.01909611712
279346,279361,280857,15,1496,2,7200,1.01002673797
279356,279370,281018,14,1648,2,7200,1.00849514563
279367,279376,280810,9,1434,2,7200,1.00627615063
279367,279402,281027,35,1625,2,7200,1.02153846154
279399,279477,281028,78,1551,2,7200,1.0502901354
279470,279484,281101,14,1617,2,7200,1.00865800866
279481,279491,281351,10,1860,2,7200,1.00537634409
279481,279504,281196,23,1692,2,7200,1.01359338061
279492,279518,280819,26,1301,2,7200,1.01998462721
279513,279527,280866,14,1339,2,7200,1.01045556385
279524,279540,280983,16,1443,2,7200,1.01108801109
279534,279549,281054,15,1505,2,7200,1.00996677741
279545,279590,281007,45,1417,2,7200,1.03175723359
279545,279556,281198,11,1642,2,7200,1.00669914738
279556,279597,281027,41,1430,2,7200,1.02867132867
279587,279607,281134,20,1527,2,7200,1.01309757695
279598,279614,281151,16,1537,2,7200,1.01040988939
279608,279620,281262,12,1642,2,7200,1.00730816078
279619,279638,281286,19,1648,2,7200,1.01152912621
279630,279646,281461,16,1815,2,7200,1.008815427
279640,279652,281326,12,1674,2,7200,1.00716845878
279651,279658,281056,7,1398,2,7200,1.00500715308
279651,279665,281110,14,1445,2,7200,1.00968858131
279662,279699,281028,37,1329,2,7200,1.02784048157
279693,279706,281103,13,1397,2,7200,1.00930565497
279704,279773,281199,69,1426,2,7200,1.04838709677
279765,279781,281212,16,1431,2,7200,1.01118099231
279776,279812,281359,36,1547,2,7200,1.0232708468
279807,279822,281463,15,1641,2,7200,1.00914076782
279817,279830,281460,13,1630,2,7200,1.00797546012
279818,279846,281548,28,1702,2,7200,1.01645123384
279839,279914,281627,75,1713,2,7200,1.04378283713
279911,279924,281647,13,1723,2,7200,1.00754497969
279921,279969,281269,48,1300,2,7200,1.03692307692
279962,280530,281824,568,1294,2,7200,1.43894899536
280525,280568,282283,43,1715,2,7200,1.0250728863
280566,280583,282369,17,1786,2,7200,1.00951847704
280576,280711,282440,135,1729,2,7200,1.07807981492
280699,280782,282372,83,1590,2,7200,1.05220125786
280771,280822,282121,51,1299,2,7200,1.03926096998
280814,280831,282133,17,1302,2,7200,1.01305683564
280825,280870,282266,45,1396,2,7200,1.03223495702
280866,280878,282357,12,1479,2,7200,1.00811359026
280877,280939,282450,62,1511,2,7200,1.04103242886
280928,280994,282595,66,1601,2,7200,1.04122423485
280990,281020,282678,30,1658,2,7200,1.01809408926
281011,281030,282767,19,1737,2,7200,1.01093839954
281022,281039,282797,17,1758,2,7200,1.00967007964
281032,281044,282752,12,1708,2,7200,1.00702576112
281043,281056,282671,13,1615,2,7200,1.0080495356
281044,281061,282691,17,1630,2,7200,1.01042944785
281054,281068,282382,14,1314,2,7200,1.01065449011
281065,281075,282531,10,1456,2,7200,1.00686813187
281066,281113,282572,47,1459,2,7200,1.0322138451
281107,281119,282793,12,1674,2,7200,1.00716845878
281118,281145,282777,27,1632,2,7200,1.01654411765
281118,281127,282674,9,1547,2,7200,1.0058177117
281139,281163,282872,24,1709,2,7200,1.01404330018
281160,281207,282958,47,1751,2,7200,1.02684180468
281201,281215,282994,14,1779,2,7200,1.00786958966
281212,281221,283001,9,1780,2,7200,1.00505617978
281212,281228,282909,16,1681,2,7200,1.00951814396
281220,281274,282556,54,1282,2,7200,1.04212168487
281271,281280,282573,9,1293,2,7200,1.00696055684
281272,281297,282640,25,1343,2,7200,1.01861504095
281293,281338,282641,45,1303,2,7200,1.03453568688
281334,281363,282683,29,1320,2,7200,1.02196969697
281355,281370,282666,15,1296,2,7200,1.01157407407
281366,281471,282771,105,1300,2,7200,1.08076923077
281468,281483,282743,15,1260,2,7200,1.0119047619
281468,281477,282762,9,1285,2,7200,1.00700389105
281479,281560,282827,81,1267,2,7200,1.06393054459
281551,281639,282953,88,1314,2,7200,1.06697108067
281633,281658,282960,25,1302,2,7200,1.01920122888
281654,281835,283119,181,1284,2,7200,1.14096573209
281828,282132,283400,304,1268,2,7200,1.23974763407
282124,282144,283409,20,1265,2,7200,1.01581027668
282135,282277,283541,142,1264,2,7200,1.11234177215
282268,282295,283581,27,1286,2,7200,1.02099533437
282289,282368,283667,79,1299,2,7200,1.06081601232
282360,282382,283691,22,1309,2,7200,1.01680672269
282371,282388,283673,17,1285,2,7200,1.01322957198
282382,282395,283684,13,1289,2,7200,1.01008533747
282392,282452,283757,60,1305,2,7200,1.04597701149
282444,282467,283794,23,1327,2,7200,1.01733232856
282454,282542,283814,88,1272,2,7200,1.06918238994
282510,283018,283333,508,315,1,3600,2.6126984127
282536,282567,283849,31,1282,2,7200,1.02418096724
282557,282584,283899,27,1315,2,7200,1.02053231939
282578,282591,283906,13,1315,2,7200,1.00988593156
282589,282607,283882,18,1275,2,7200,1.01411764706
282599,282651,283920,52,1269,2,7200,1.04097714736
282640,282659,283915,19,1256,2,7200,1.01512738854
282651,282678,283971,27,1293,2,7200,1.02088167053
282667,283343,283656,676,313,1,3600,3.15974440895
282672,282685,283979,13,1294,2,7200,1.01004636785
282683,282697,283989,14,1292,2,7200,1.01083591331
282683,282692,284003,9,1311,2,7200,1.00686498856
282694,282704,283996,10,1292,2,7200,1.00773993808
282694,282709,283969,15,1260,2,7200,1.0119047619
282705,282755,284034,50,1279,2,7200,1.03909304144
282746,282764,284099,18,1335,2,7200,1.01348314607
282757,282774,284142,17,1368,2,7200,1.01242690058
282768,282780,284164,12,1384,2,7200,1.00867052023
282778,282788,284095,10,1307,2,7200,1.00765110941
282779,282794,284130,15,1336,2,7200,1.01122754491
282785,282800,282901,15,101,1,1800,1.14851485149
282790,282806,284128,16,1322,2,7200,1.01210287443
282800,282813,284132,13,1319,2,7200,1.00985595148
282811,282838,284130,27,1292,2,7200,1.02089783282
282832,282884,284159,52,1275,2,7200,1.04078431373
282873,282920,284230,47,1310,2,7200,1.0358778626
282891,282899,283001,8,102,1,1800,1.07843137255
282914,282965,284236,51,1271,2,7200,1.04012588513
282956,282971,284287,15,1316,2,7200,1.01139817629
282966,282977,284352,11,1375,2,7200,1.008
282967,283005,284363,38,1358,2,7200,1.02798232695
282977,294094,294257,11117,163,64,600,69.2024539877
282998,283013,284293,15,1280,2,7200,1.01171875
283008,283130,284443,122,1313,2,7200,1.09291698401
283121,283411,284726,290,1315,2,7200,1.22053231939
283398,283446,283829,48,383,1,1800,1.12532637076
283407,283420,284746,13,1326,2,7200,1.00980392157
283417,283558,284931,141,1373,2,7200,1.10269482884
283531,283551,283932,20,381,1,1800,1.05249343832
283550,283593,284912,43,1319,2,7200,1.03260045489
283576,283587,284223,11,636,1,3600,1.01729559748
283581,283663,284994,82,1331,2,7200,1.06160781367
283663,283680,284966,17,1286,2,7200,1.0132192846
283674,283686,285037,12,1351,2,7200,1.0088823094
283684,283696,284996,12,1300,2,7200,1.00923076923
283695,283704,285005,9,1301,2,7200,1.00691775557
283706,283769,285124,63,1355,2,7200,1.04649446494
283767,283805,285230,38,1425,2,7200,1.02666666667
283808,283826,285141,18,1315,2,7200,1.01368821293
283829,283860,285168,31,1308,2,7200,1.02370030581
283860,283899,285255,39,1356,2,7200,1.02876106195
283886,283892,284522,6,630,1,3600,1.00952380952
283901,283910,285204,9,1294,2,7200,1.00695517774
283912,283918,285247,6,1329,2,7200,1.00451467269
283922,283929,285226,7,1297,2,7200,1.00539707016
283923,283935,285284,12,1349,2,7200,1.00889547813
283933,283941,285268,8,1327,2,7200,1.00602863602
283944,283981,285375,37,1394,2,7200,1.02654232425
283985,283991,285535,6,1544,2,7200,1.00388601036
283996,284002,285483,6,1481,2,7200,1.00405131668
284006,284013,285413,7,1400,2,7200,1.005
284007,284018,285551,11,1533,2,7200,1.00717547293
284017,284024,285655,7,1631,2,7200,1.00429184549
284028,284045,285400,17,1355,2,7200,1.01254612546
284049,284106,285412,57,1306,2,7200,1.04364471669
284110,284117,285479,7,1362,2,7200,1.00513950073
284121,284140,285483,19,1343,2,7200,1.01414743112
284132,284147,285504,15,1357,2,7200,1.01105379514
284142,284153,285481,11,1328,2,7200,1.00828313253
284153,284160,285517,7,1357,2,7200,1.00515843773
284163,284170,285518,7,1348,2,7200,1.00519287834
284174,284180,285590,6,1410,2,7200,1.00425531915
284185,284191,285758,6,1567,2,7200,1.00382897256
284195,284229,285709,34,1480,2,7200,1.02297297297
284226,284241,285817,15,1576,2,7200,1.0095177665
284237,284247,285862,10,1615,2,7200,1.00619195046
284247,284298,285755,51,1457,2,7200,1.03500343171
284299,284305,285971,6,1666,2,7200,1.00360144058
284310,284363,285719,53,1356,2,7200,1.03908554572
284361,284374,285728,13,1354,2,7200,1.00960118168
284372,284454,285777,82,1323,2,7200,1.06198034769
284429,305863,307791,21434,1928,1,36000,12.117219917
284432,308995,310975,24563,1980,1,36000,13.4055555556
284435,312339,314146,27904,1807,1,36000,16.4421693414
284439,314162,316102,29723,1940,1,36000,16.3211340206
284441,316119,317974,31678,1855,1,36000,18.0770889488
284445,317986,319990,33541,2004,1,36000,17.7370259481
284446,318428,320368,33982,1940,1,36000,18.5164948454
284447,318790,320602,34343,1812,1,36000,19.9530905077
284447,318447,320465,34000,2018,1,36000,17.8483647175
284447,320006,321576,35559,1570,1,36000,23.649044586
284456,284529,285901,73,1372,2,7200,1.05320699708
284479,320335,322385,35856,2050,1,36000,18.4907317073
284479,320384,321441,35905,1057,1,36000,34.9687795648
284483,320476,322457,35993,1981,1,36000,19.1691065119
284483,320615,322053,36132,1438,1,36000,26.1265646732
284485,320627,322604,36142,1977,1,36000,19.2812341932
284487,321453,323340,36966,1887,1,36000,20.5898251192
284524,321592,323539,37068,1947,1,36000,20.0385208012
284525,322065,323289,37540,1224,1,36000,31.6699346405
284527,322154,324055,37627,1901,1,36000,20.7932667017
284528,284738,286047,210,1309,2,7200,1.16042780749
284529,322397,324327,37868,1930,1,36000,20.6207253886
284651,284875,284920,224,45,1,1800,5.97777777778
284743,284758,286224,15,1466,2,7200,1.0102319236
284754,284869,286561,115,1692,2,7200,1.06796690307
284866,284881,286410,15,1529,2,7200,1.00981033355
284877,284887,286432,10,1545,2,7200,1.00647249191
284888,284924,286525,36,1601,2,7200,1.02248594628
284929,284943,286746,14,1803,2,7200,1.00776483638
284939,284977,286685,38,1708,2,7200,1.02224824356
284973,285005,286338,32,1333,2,7200,1.0240060015
285004,285012,286385,8,1373,2,7200,1.00582665696
285015,285021,286427,6,1406,2,7200,1.00426742532
285025,285048,286537,23,1489,2,7200,1.01544660846
285046,285135,286635,89,1500,2,7200,1.05933333333
285076,285083,285180,7,97,1,3600,1.07216494845
285099,285143,285189,44,46,1,1800,1.95652173913
285138,285150,286665,12,1515,2,7200,1.00792079208
285144,285155,285239,11,84,1,1800,1.13095238095
285149,285161,286775,12,1614,2,7200,1.00743494424
285160,285168,286682,8,1514,2,7200,1.00528401585
285170,285177,286783,7,1606,2,7200,1.00435865504
285181,285187,286693,6,1506,2,7200,1.00398406375
285192,285199,286676,7,1477,2,7200,1.00473933649
285202,285208,286476,6,1268,2,7200,1.0047318612
285213,285219,286573,6,1354,2,7200,1.00443131462
285224,285230,286666,6,1436,2,7200,1.00417827298
285234,285241,286712,7,1471,2,7200,1.00475866757
285245,285251,286727,6,1476,2,7200,1.00406504065
285255,285262,286690,7,1428,2,7200,1.00490196078
285266,285272,286765,6,1493,2,7200,1.00401875419
285277,285283,286827,6,1544,2,7200,1.00388601036
285287,285294,286836,7,1542,2,7200,1.00453955901
285298,285304,286697,6,1393,2,7200,1.00430725054
285307,285314,285600,7,286,1,3600,1.02447552448
285309,285320,286912,11,1592,2,7200,1.00690954774
285319,285386,286922,67,1536,2,7200,1.04361979167
285344,285726,285822,382,96,1,3600,4.97916666667
285391,285411,286739,20,1328,2,7200,1.01506024096
285412,285423,286873,11,1450,2,7200,1.0075862069
285423,285430,286882,7,1452,2,7200,1.00482093664
285433,285491,286988,58,1497,2,7200,1.03874415498
285435,285610,285693,175,83,1,1800,3.10843373494
285495,285501,287000,6,1499,2,7200,1.00400266845
285506,285512,287052,6,1540,2,7200,1.0038961039
285516,285523,287062,7,1539,2,7200,1.00454840806
285520,286702,293862,1182,7160,3,7140,1.16508379888
285527,285533,287115,6,1582,2,7200,1.00379266751
285527,286795,293884,1268,7089,3,7080,1.17886866977
285538,285544,286970,6,1426,2,7200,1.00420757363
285548,285554,287013,6,1459,2,7200,1.00411240576
285559,285565,287092,6,1527,2,7200,1.00392927308
285570,285576,287031,6,1455,2,7200,1.00412371134
285580,285601,287130,21,1529,2,7200,1.01373446697
285598,286848,294060,1250,7212,3,7200,1.17332224071
285601,285670,287090,69,1420,2,7200,1.0485915493
285674,285721,287245,47,1524,2,7200,1.03083989501
285725,285733,287226,8,1493,2,7200,1.00535833891
285736,285742,287263,6,1521,2,7200,1.00394477318
285747,285767,287322,20,1555,2,7200,1.01286173633
285768,285774,287323,6,1549,2,7200,1.00387346675
285778,285789,287236,11,1447,2,7200,1.00760193504
285789,285828,287344,39,1516,2,7200,1.02572559367
285830,285873,287315,43,1442,2,7200,1.02981969487
285859,285865,286123,6,258,1,1800,1.02325581395
285871,285912,287427,41,1515,2,7200,1.02706270627
285887,286133,286668,246,535,1,3600,1.45981308411
285913,285982,287370,69,1388,2,7200,1.04971181556
285939,286678,286970,739,292,1,3600,3.53082191781
285985,286059,287462,74,1403,2,7200,1.05274411974
286057,286236,287653,179,1417,2,7200,1.12632321807
286241,286349,287796,108,1447,2,7200,1.07463718037
286341,286690,286942,349,252,1,1800,2.38492063492
286354,286397,287879,43,1482,2,7200,1.0290148448
286395,286422,287906,27,1484,2,7200,1.01819407008
286426,286439,287908,13,1469,2,7200,1.00884955752
286437,286446,287888,9,1442,2,7200,1.00624133148
286448,286488,287892,40,1404,2,7200,1.02849002849
286489,286537,287992,48,1455,2,7200,1.03298969072
286541,286549,287993,8,1444,2,7200,1.0055401662
286551,286572,288020,21,1448,2,7200,1.01450276243
286572,286585,288130,13,1545,2,7200,1.00841423948
286583,286646,288092,63,1446,2,7200,1.04356846473
286645,286684,288083,39,1399,2,7200,1.02787705504
286686,286697,288194,11,1497,2,7200,1.00734802939
286697,286708,288205,11,1497,2,7200,1.00734802939
286707,286715,288209,8,1494,2,7200,1.00535475234
286718,286724,288254,6,1530,2,7200,1.00392156863
286729,286735,288200,6,1465,2,7200,1.00409556314
286739,286745,288258,6,1513,2,7200,1.0039656312
286750,286756,288148,6,1392,2,7200,1.00431034483
286760,286767,288118,7,1351,2,7200,1.00518134715
286771,286778,288118,7,1340,2,7200,1.0052238806
286782,286788,288203,6,1415,2,7200,1.00424028269
286792,286839,288309,47,1470,2,7200,1.03197278912
286844,286884,288322,40,1438,2,7200,1.02781641168
286885,286893,288301,8,1408,2,7200,1.00568181818
286896,286923,288346,27,1423,2,7200,1.01897399859
286927,286933,288360,6,1427,2,7200,1.00420462509
286938,286976,288340,38,1364,2,7200,1.02785923754
286979,286985,288356,6,1371,2,7200,1.00437636761
286989,286999,288426,10,1427,2,7200,1.00700770848
287000,287011,288503,11,1492,2,7200,1.00737265416
287011,287025,288468,14,1443,2,7200,1.0097020097
287021,287042,288479,21,1437,2,7200,1.01461377871
287042,287063,288481,21,1418,2,7200,1.01480959097
287063,287074,288491,11,1417,2,7200,1.00776287932
287074,287102,288551,28,1449,2,7200,1.0193236715
287105,287111,288604,6,1493,2,7200,1.00401875419
287116,287127,288642,11,1515,2,7200,1.00726072607
287126,287141,288700,15,1559,2,7200,1.00962155228
287137,287238,288720,101,1482,2,7200,1.0681511471
287240,287249,288706,9,1457,2,7200,1.00617707618
287248,287907,288427,659,520,1,3600,2.26730769231
287250,287256,288665,6,1409,2,7200,1.00425833925
287261,287274,288696,13,1422,2,7200,1.00914205345
287272,287327,288761,55,1434,2,7200,1.03835425384
287323,287333,288819,10,1486,2,7200,1.0067294751
287334,287340,288825,6,1485,2,7200,1.00404040404
287344,287355,288827,11,1472,2,7200,1.00747282609
287355,287382,288931,27,1549,2,7200,1.01743060039
287386,287439,288690,53,1251,2,7200,1.04236610711
287438,287473,288937,35,1464,2,7200,1.02390710383
287469,287664,289125,195,1461,2,7200,1.13347022587
287542,376081,382857,88539,6776,4,32400,14.0665584416
287665,287808,289282,143,1474,2,7200,1.09701492537
287808,287891,289357,83,1466,2,7200,1.05661664393
287890,287899,289375,9,1476,2,7200,1.00609756098
287901,287919,289345,18,1426,2,7200,1.0126227209
287922,287928,289341,6,1413,2,7200,1.0042462845
287932,288005,289485,73,1480,2,7200,1.04932432432
288004,288011,289465,7,1454,2,7200,1.00481430536
288015,288032,289447,17,1415,2,7200,1.01201413428
288036,288095,289579,59,1484,2,7200,1.0397574124
288098,288104,289579,6,1475,2,7200,1.00406779661
288108,288130,289453,22,1323,2,7200,1.01662887377
288129,288136,289548,7,1412,2,7200,1.00495750708
288140,288146,289577,6,1431,2,7200,1.00419287212
288151,288161,289640,10,1479,2,7200,1.00676132522
288161,288207,289675,46,1468,2,7200,1.03133514986
288184,334555,337903,46371,3348,20,432000,14.8503584229
288205,288214,289465,9,1251,2,7200,1.0071942446
288215,288222,289496,7,1274,2,7200,1.00549450549
288226,288232,289511,6,1279,2,7200,1.00469116497
288237,288243,289509,6,1266,2,7200,1.00473933649
288248,288266,289520,18,1254,2,7200,1.01435406699
288268,288276,289545,8,1269,2,7200,1.00630417652
288279,288314,289561,35,1247,2,7200,1.02806736167
288310,288320,289579,10,1259,2,7200,1.00794281176
288321,288335,289624,14,1289,2,7200,1.01086113266
288332,288353,289619,21,1266,2,7200,1.01658767773
288353,288360,289639,7,1279,2,7200,1.0054730258
288363,288371,289650,8,1279,2,7200,1.00625488663
288374,288380,289594,6,1214,2,7200,1.00494233937
288385,288438,289709,53,1271,2,7200,1.04169944925
288436,288444,289798,8,1354,2,7200,1.0059084195
288447,288480,289740,33,1260,2,7200,1.02619047619
288478,288492,289746,14,1254,2,7200,1.01116427432
288489,288499,289760,10,1261,2,7200,1.00793021412
288499,288505,289763,6,1258,2,7200,1.00476947536
288510,288516,289790,6,1274,2,7200,1.00470957614
288521,288562,289826,41,1264,2,7200,1.03243670886
288562,288617,289863,55,1246,2,7200,1.04414125201
288614,288653,289922,39,1269,2,7200,1.03073286052
288655,288676,289933,21,1257,2,7200,1.01670644391
288676,288701,289956,25,1255,2,7200,1.01992031873
288697,288709,289915,12,1206,2,7200,1.00995024876
288708,288716,289980,8,1264,2,7200,1.00632911392
288718,288725,290009,7,1284,2,7200,1.0054517134
288729,288735,289991,6,1256,2,7200,1.00477707006
288740,288773,290039,33,1266,2,7200,1.02606635071
288771,288831,290116,60,1285,2,7200,1.046692607
288833,288839,290064,6,1225,2,7200,1.00489795918
288843,288851,290080,8,1229,2,7200,1.0065093572
288854,288943,290220,89,1277,2,7200,1.06969459671
288947,288953,290211,6,1258,2,7200,1.00476947536
288957,289069,290333,112,1264,2,7200,1.08860759494
288972,334560,766567,45588,432007,20,432000,1.10552606786
289026,289064,289530,38,466,1,3600,1.08154506438
289070,289076,290306,6,1230,2,7200,1.00487804878
289081,289088,290337,7,1249,2,7200,1.00560448359
289092,289136,290355,44,1219,2,7200,1.03609515997
289133,289294,290511,161,1217,2,7200,1.1322925226
289149,289155,289528,6,373,1,3600,1.01608579088
289297,289353,290637,56,1284,2,7200,1.04361370717
289359,289366,290643,7,1277,2,7200,1.00548159749
289369,289376,290651,7,1275,2,7200,1.00549019608
289380,289392,290652,12,1260,2,7200,1.00952380952
289391,289459,290710,68,1251,2,7200,1.05435651479
289464,289471,290686,7,1215,2,7200,1.00576131687
289474,289480,290739,6,1259,2,7200,1.00476568705
289485,289492,290744,7,1252,2,7200,1.00559105431
289496,289503,290775,7,1272,2,7200,1.00550314465
289506,289512,290785,6,1273,2,7200,1.00471327573
289517,289524,290814,7,1290,2,7200,1.00542635659
289528,289534,290794,6,1260,2,7200,1.00476190476
289538,289544,290843,6,1299,2,7200,1.00461893764
289549,289557,290844,8,1287,2,7200,1.00621600622
289560,289566,290839,6,1273,2,7200,1.00471327573
289570,289578,290906,8,1328,2,7200,1.00602409639
289581,289589,290936,8,1347,2,7200,1.00593912398
289592,289598,290903,6,1305,2,7200,1.00459770115
289602,289609,290969,7,1360,2,7200,1.00514705882
289613,289619,290916,6,1297,2,7200,1.00462606014
289624,289630,290937,6,1307,2,7200,1.00459066565
289634,289641,290960,7,1319,2,7200,1.0053070508
289645,289652,290920,7,1268,2,7200,1.00552050473
289656,289662,290925,6,1263,2,7200,1.00475059382
289667,289673,291032,6,1359,2,7200,1.00441501104
289677,289688,291019,11,1331,2,7200,1.00826446281
289688,289722,291103,34,1381,2,7200,1.0246198407
289719,289751,291094,32,1343,2,7200,1.02382725242
289750,289759,291064,9,1305,2,7200,1.00689655172
289761,289772,291059,11,1287,2,7200,1.00854700855
289771,289779,291059,8,1280,2,7200,1.00625
289775,289787,293527,12,3740,4,3600,1.00320855615
289782,289802,291095,20,1293,2,7200,1.0154679041
289803,289809,291086,6,1277,2,7200,1.00469851214
289814,289837,291108,23,1271,2,7200,1.01809598741
289835,289874,291175,39,1301,2,7200,1.02997694081
289876,289928,291217,52,1289,2,7200,1.04034134988
289928,289934,291226,6,1292,2,7200,1.00464396285
289938,289945,291211,7,1266,2,7200,1.00552922591
289949,289968,291311,19,1343,2,7200,1.01414743112
289970,289993,291361,23,1368,2,7200,1.0168128655
289991,290003,291327,12,1324,2,7200,1.00906344411
290002,290021,291323,19,1302,2,7200,1.01459293395
290023,290050,291330,27,1280,2,7200,1.02109375
290029,334565,766567,44536,432002,20,432000,1.10309211531
290054,290076,291438,22,1362,2,7200,1.01615271659
290069,335455,767489,45386,432034,20,432000,1.10505191721
290075,290092,291414,17,1322,2,7200,1.01285930408
290095,290128,291436,33,1308,2,7200,1.0252293578
290127,290223,291519,96,1296,2,7200,1.07407407407
290206,336426,595643,46220,259217,20,259200,1.17830620677
290219,290233,291500,14,1267,2,7200,1.01104972376
290230,290366,291611,136,1245,2,7200,1.10923694779
290250,294269,315890,4019,21621,32,21600,1.18588409417
290363,290649,291938,286,1289,2,7200,1.22187742436
290386,290393,290824,7,431,1,3600,1.0162412993
290651,290663,291974,12,1311,2,7200,1.00915331808
290662,290698,292015,36,1317,2,7200,1.02733485194
290703,290752,292070,49,1318,2,7200,1.03717754173
290754,290762,292068,8,1306,2,7200,1.00612557427
290765,290787,292104,22,1317,2,7200,1.01670463174
290786,290797,292169,11,1372,2,7200,1.00801749271
290797,290805,292125,8,1320,2,7200,1.00606060606
290807,290826,292117,19,1291,2,7200,1.01471727343
290828,290851,292126,23,1275,2,7200,1.01803921569
290849,290858,292142,9,1284,2,7200,1.00700934579
290860,290866,292105,6,1239,2,7200,1.00484261501
290871,290915,292211,44,1296,2,7200,1.03395061728
290912,290922,292205,10,1283,2,7200,1.00779423227
290923,290931,292226,8,1295,2,7200,1.00617760618
290933,290939,292259,6,1320,2,7200,1.00454545455
290944,290951,292239,7,1288,2,7200,1.00543478261
290955,290973,292316,18,1343,2,7200,1.01340282949
290975,290982,292319,7,1337,2,7200,1.00523560209
290986,291031,292396,45,1365,2,7200,1.03296703297
291027,291071,292402,44,1331,2,7200,1.03305785124
291029,291037,291929,8,892,1,3600,1.00896860987
291069,291077,292404,8,1327,2,7200,1.00602863602
291079,291085,292404,6,1319,2,7200,1.00454890068
291090,291098,292423,8,1325,2,7200,1.00603773585
291101,291107,292396,6,1289,2,7200,1.00465477114
291111,291117,292399,6,1282,2,7200,1.00468018721
291122,291129,292384,7,1255,2,7200,1.00557768924
291133,291186,292489,53,1303,2,7200,1.04067536454
291184,291229,292498,45,1269,2,7200,1.03546099291
291225,291238,292562,13,1324,2,7200,1.00981873112
291236,291335,292643,99,1308,2,7200,1.07568807339
291328,291341,292653,13,1312,2,7200,1.00990853659
291339,291347,292694,8,1347,2,7200,1.00593912398
291340,291374,292727,34,1353,2,7200,1.0251293422
291371,291426,292784,55,1358,2,7200,1.04050073638
291422,291448,292772,26,1324,2,7200,1.01963746224
291443,291511,292808,68,1297,2,7200,1.05242868157
291443,291455,292757,12,1302,2,7200,1.00921658986
291505,291531,292849,26,1318,2,7200,1.01972685888
291526,291623,292918,97,1295,2,7200,1.0749034749
291618,291949,293239,331,1290,2,7200,1.25658914729
291949,291986,293288,37,1302,2,7200,1.02841781874
291980,292027,293325,47,1298,2,7200,1.03620955316
292021,292079,293377,58,1298,2,7200,1.04468412943
292072,292086,293450,14,1364,2,7200,1.01026392962
292083,292116,293437,33,1321,2,7200,1.02498107494
292114,292123,293437,9,1314,2,7200,1.00684931507
292115,292130,293451,15,1321,2,7200,1.01135503407
292125,292136,293424,11,1288,2,7200,1.00854037267
292126,292143,293455,17,1312,2,7200,1.01295731707
292136,292153,293442,17,1289,2,7200,1.01318851823
292147,292181,293477,34,1296,2,7200,1.0262345679
292178,292217,293493,39,1276,2,7200,1.03056426332
292209,292224,293461,15,1237,2,7200,1.01212611156
292220,292237,293530,17,1293,2,7200,1.01314771848
292230,292251,293557,21,1306,2,7200,1.01607963247
292241,292270,293585,29,1315,2,7200,1.02205323194
292262,292329,293623,67,1294,2,7200,1.05177743431
292324,292335,293669,11,1334,2,7200,1.00824587706
292325,292396,293715,71,1319,2,7200,1.05382865807
292387,292407,293763,20,1356,2,7200,1.01474926254
292397,292412,293747,15,1335,2,7200,1.01123595506
292408,292424,293735,16,1311,2,7200,1.0122044241
292408,292419,293723,11,1304,2,7200,1.00843558282
292419,292431,293751,12,1320,2,7200,1.00909090909
292429,292437,293731,8,1294,2,7200,1.00618238022
292430,292443,293729,13,1286,2,7200,1.0101088647
292440,292501,293773,61,1272,2,7200,1.04795597484
292492,292509,293785,17,1276,2,7200,1.01332288401
292502,292574,293878,72,1304,2,7200,1.05521472393
292564,292655,293984,91,1329,2,7200,1.06847253574
292646,292666,293978,20,1312,2,7200,1.01524390244
292657,292706,294005,49,1299,2,7200,1.0377213241
292698,292739,294062,41,1323,2,7200,1.03099017385
292729,292769,294075,40,1306,2,7200,1.03062787136
292760,292785,294061,25,1276,2,7200,1.01959247649
292781,292796,294088,15,1292,2,7200,1.01160990712
292792,292819,294150,27,1331,2,7200,1.02028549962
292813,292861,294164,48,1303,2,7200,1.036838066
292827,292929,292976,102,47,1,3600,3.17021276596
292926,292988,294273,62,1285,2,7200,1.04824902724
292927,293251,294511,324,1260,2,7200,1.25714285714
292997,293299,296938,302,3639,1,3600,1.08298983237
293295,293337,294622,42,1285,2,7200,1.0326848249
293296,293389,294713,93,1324,2,7200,1.07024169184
293337,293437,294774,100,1337,2,7200,1.07479431563
293388,293449,294741,61,1292,2,7200,1.04721362229
293440,293454,294782,14,1328,2,7200,1.01054216867
293451,293461,294802,10,1341,2,7200,1.00745712155
293451,293468,294798,17,1330,2,7200,1.01278195489
293462,293473,294817,11,1344,2,7200,1.00818452381
293472,293479,294802,7,1323,2,7200,1.00529100529
293472,315536,324203,22064,8667,2,21600,3.54574824045
293473,293485,294823,12,1338,2,7200,1.00896860987
293483,293491,294806,8,1315,2,7200,1.00608365019
293484,293506,294784,22,1278,2,7200,1.0172143975
293494,293542,294842,48,1300,2,7200,1.03692307692
293505,293568,294890,63,1322,2,7200,1.04765506808
293546,293598,294908,52,1310,2,7200,1.03969465649
293567,293636,294974,69,1338,2,7200,1.05156950673
293598,293682,295035,84,1353,2,7200,1.06208425721
293640,293727,295078,87,1351,2,7200,1.06439674315
293681,293735,295112,54,1377,2,7200,1.03921568627
293722,293742,295081,20,1339,2,7200,1.01493651979
293733,293749,295053,16,1304,2,7200,1.01226993865
293743,293755,295081,12,1326,2,7200,1.00904977376
293754,293762,295082,8,1320,2,7200,1.00606060606
293755,293769,295120,14,1351,2,7200,1.0103626943
293765,293776,295064,11,1288,2,7200,1.00854037267
293766,293784,295093,18,1309,2,7200,1.01375095493
293776,293798,295112,22,1314,2,7200,1.01674277017
293787,293890,295217,103,1327,2,7200,1.07761868877
293798,293991,295338,193,1347,2,7200,1.143281366
293890,293998,295326,108,1328,2,7200,1.0813253012
293992,294017,295355,25,1338,2,7200,1.01868460389
294003,294072,295406,69,1334,2,7200,1.05172413793
294013,294079,295388,66,1309,2,7200,1.05042016807
294075,294101,295413,26,1312,2,7200,1.01981707317
294075,294087,295407,12,1320,2,7200,1.00909090909
294086,294161,295477,75,1316,2,7200,1.05699088146
294097,294176,295499,79,1323,2,7200,1.059712774
294158,294286,295585,128,1299,2,7200,1.09853733641
294179,294291,295564,112,1273,2,7200,1.0879811469
294281,294298,295602,17,1304,2,7200,1.01303680982
294302,294309,295651,7,1342,2,7200,1.00521609538
294315,294322,295652,7,1330,2,7200,1.00526315789
294326,294332,295669,6,1337,2,7200,1.00448765894
294336,294343,295668,7,1325,2,7200,1.00528301887
294347,294353,295671,6,1318,2,7200,1.00455235205
294358,294523,295822,165,1299,2,7200,1.12702078522
294521,294539,295830,18,1291,2,7200,1.01394268009
294542,294635,295927,93,1292,2,7200,1.07198142415
294634,294725,296009,91,1284,2,7200,1.07087227414
294726,294754,296037,28,1283,2,7200,1.02182385035
294757,294786,296020,29,1234,2,7200,1.02350081037
294789,294795,296105,6,1310,2,7200,1.00458015267
294799,294805,296128,6,1323,2,7200,1.00453514739
294810,294817,296150,7,1333,2,7200,1.00525131283
294820,294828,296155,8,1327,2,7200,1.00602863602
294825,315566,318771,20741,3205,2,21600,7.47145085803
294831,294837,296158,6,1321,2,7200,1.00454201363
294842,294849,296216,7,1367,2,7200,1.00512070227
294852,294859,296177,7,1318,2,7200,1.00531107739
294863,294870,296172,7,1302,2,7200,1.00537634409
294874,294881,296213,7,1332,2,7200,1.00525525526
294884,294902,296221,18,1319,2,7200,1.01364670205
294905,294920,296264,15,1344,2,7200,1.01116071429
294916,294986,296341,70,1355,2,7200,1.05166051661
294988,295048,296367,60,1319,2,7200,1.04548900682
295008,359247,899296,64239,540049,12,540000,1.11895031747
295049,295065,296380,16,1315,2,7200,1.01216730038
295060,295077,296401,17,1324,2,7200,1.01283987915
295081,295091,296428,10,1337,2,7200,1.00747943156
295092,295098,296440,6,1342,2,7200,1.0044709389
295102,295109,296438,7,1329,2,7200,1.00526711813
295113,295120,296391,7,1271,2,7200,1.00550747443
295124,295130,296389,6,1259,2,7200,1.00476568705
295134,295140,296473,6,1333,2,7200,1.00450112528
295145,295152,296433,7,1281,2,7200,1.00546448087
295156,295162,296427,6,1265,2,7200,1.004743083
295166,295229,296508,63,1279,2,7200,1.04925723221
295228,295339,296587,111,1248,2,7200,1.08894230769
295341,295351,296656,10,1305,2,7200,1.00766283525
295351,295368,296651,17,1283,2,7200,1.01325019486
295364,295399,296773,35,1374,2,7200,1.02547307132
295395,295418,296779,23,1361,2,7200,1.01689933872
295416,295425,296853,9,1428,2,7200,1.00630252101
295427,295434,296779,7,1345,2,7200,1.00520446097
295438,295489,296877,51,1388,2,7200,1.03674351585
295491,295510,296987,19,1477,2,7200,1.01286391334
295512,295576,296933,64,1357,2,7200,1.04716285925
295574,295597,297075,23,1478,2,7200,1.01556156969
295595,295614,296953,19,1339,2,7200,1.0141896938
295616,295663,297010,47,1347,2,7200,1.03489235338
295667,295673,297041,6,1368,2,7200,1.00438596491
295678,295684,297065,6,1381,2,7200,1.00434467777
295688,295695,297036,7,1341,2,7200,1.00521998509
295692,295702,297024,10,1322,2,7200,1.00756429652
295702,295834,297151,132,1317,2,7200,1.10022779043
295835,295842,297166,7,1324,2,7200,1.00528700906
295846,295939,297270,93,1331,2,7200,1.06987227648
295938,296022,297340,84,1318,2,7200,1.06373292868
296020,296032,297368,12,1336,2,7200,1.00898203593
296031,296049,297359,18,1310,2,7200,1.01374045802
296052,296116,297438,64,1322,2,7200,1.04841149773
296113,296140,297465,27,1325,2,7200,1.02037735849
296144,296162,297476,18,1314,2,7200,1.01369863014
296165,296172,297505,7,1333,2,7200,1.00525131283
296176,296183,297503,7,1320,2,7200,1.0053030303
296187,296193,297502,6,1309,2,7200,1.00458365164
296197,296203,297525,6,1322,2,7200,1.00453857791
296208,296215,297541,7,1326,2,7200,1.00527903469
296219,296225,297565,6,1340,2,7200,1.00447761194
296229,296236,297563,7,1327,2,7200,1.00527505652
296240,296246,297577,6,1331,2,7200,1.00450788881
296251,296276,297590,25,1314,2,7200,1.01902587519
296272,296353,297654,81,1301,2,7200,1.06225980015
296354,296378,297685,24,1307,2,7200,1.01836266259
296375,296392,297701,17,1309,2,7200,1.01298701299
296395,296402,297717,7,1315,2,7200,1.00532319392
296406,296412,297745,6,1333,2,7200,1.00450112528
296417,296423,297749,6,1326,2,7200,1.00452488688
296427,296439,297752,12,1313,2,7200,1.00913937548
296438,296446,297771,8,1325,2,7200,1.00603773585
296448,296455,297788,7,1333,2,7200,1.00525131283
296459,296466,297774,7,1308,2,7200,1.00535168196
296470,296476,297801,6,1325,2,7200,1.00452830189
296480,296488,297791,8,1303,2,7200,1.00613967767
296491,296520,297843,29,1323,2,7200,1.02191987906
296504,297036,304133,532,7097,3,7080,1.07496125123
296508,298364,305526,1856,7162,3,7140,1.25914549009
296522,296599,297931,77,1332,2,7200,1.05780780781
296594,296663,297964,69,1301,2,7200,1.05303612606
296666,296672,297980,6,1308,2,7200,1.00458715596
296676,296784,298103,108,1319,2,7200,1.08188021228
296789,296796,298117,7,1321,2,7200,1.0052990159
296800,296807,298132,7,1325,2,7200,1.00528301887
296810,296865,298176,55,1311,2,7200,1.04195270786
296862,296890,298228,28,1338,2,7200,1.02092675635
296893,296946,298264,53,1318,2,7200,1.0402124431
296944,296965,298283,21,1318,2,7200,1.01593323217
296965,296999,298327,34,1328,2,7200,1.02560240964
296996,297023,298341,27,1318,2,7200,1.02048558422
297027,297048,298352,21,1304,2,7200,1.01610429448
297048,297055,298367,7,1312,2,7200,1.00533536585
297059,297077,298394,18,1317,2,7200,1.01366742597
297080,297087,298380,7,1293,2,7200,1.00541376643
297091,297163,298469,72,1306,2,7200,1.05513016845
297097,317785,321228,20688,3443,2,28800,7.0087133314
297121,322624,406841,25503,84217,1,86400,1.30282484534
297163,297178,298513,15,1335,2,7200,1.01123595506
297173,297282,298620,109,1338,2,7200,1.08146487294
297286,297352,298683,66,1331,2,7200,1.04958677686
297348,297371,298678,23,1307,2,7200,1.01759755164
297368,297380,298692,12,1312,2,7200,1.00914634146
297379,297450,298787,71,1337,2,7200,1.0531039641
297451,297478,298807,27,1329,2,7200,1.02031602709
297482,297488,298806,6,1318,2,7200,1.00455235205
297493,297514,298842,21,1328,2,7200,1.01581325301
297513,297521,298843,8,1322,2,7200,1.00605143722
297524,297531,298830,7,1299,2,7200,1.00538876059
297535,297542,298807,7,1265,2,7200,1.00553359684
297545,297552,298851,7,1299,2,7200,1.00538876059
297556,297575,298930,19,1355,2,7200,1.01402214022
297577,297584,298908,7,1324,2,7200,1.00528700906
297588,297595,298944,7,1349,2,7200,1.00518902891
297598,297605,298934,7,1329,2,7200,1.00526711813
297609,297666,298999,57,1333,2,7200,1.04276069017
297622,297698,299821,76,2123,1,3600,1.03579839849
297687,337914,356385,40227,18471,16,36000,3.17784635374
297697,353156,370864,55459,17708,16,36000,4.13186130562
297701,297713,299023,12,1310,2,7200,1.00916030534
297709,356397,392435,58688,36038,16,36000,2.62850324657
297712,297730,299045,18,1315,2,7200,1.01368821293
297718,358297,394310,60579,36013,16,36000,2.68214255963
297733,297757,299082,24,1325,2,7200,1.01811320755
297754,297764,299192,10,1428,2,7200,1.00700280112
297755,321241,331132,23486,9891,2,21600,3.37448185219
297756,297769,298010,13,241,1,3600,1.05394190871
297764,297776,299090,12,1314,2,7200,1.00913242009
297775,297782,299079,7,1297,2,7200,1.00539707016
297786,297793,299102,7,1309,2,7200,1.00534759358
297796,297803,299105,7,1302,2,7200,1.00537634409
297807,297813,299085,6,1272,2,7200,1.00471698113
297818,297824,299122,6,1298,2,7200,1.00462249615
297828,297855,299178,27,1323,2,7200,1.02040816327
297859,297943,299260,84,1317,2,7200,1.06378132118
297942,297976,299286,34,1310,2,7200,1.02595419847
297973,297992,299302,19,1310,2,7200,1.01450381679
297994,298115,299431,121,1316,2,7200,1.09194528875
298014,323300,406851,25286,83551,1,86400,1.3026415004
298116,298130,299436,14,1306,2,7200,1.01071975498
298127,298144,299454,17,1310,2,7200,1.01297709924
298148,298189,299522,41,1333,2,7200,1.03075768942
298189,298240,299536,51,1296,2,7200,1.03935185185
298241,298276,299597,35,1321,2,7200,1.02649507949
298251,323550,406859,25299,83309,1,86400,1.30367667359
298272,298295,299627,23,1332,2,7200,1.01726726727
298293,298339,299643,46,1304,2,7200,1.03527607362
298344,298353,299619,9,1266,2,7200,1.00710900474
298355,298379,299685,24,1306,2,7200,1.01837672282
298376,298392,299732,16,1340,2,7200,1.01194029851
298396,298406,299723,10,1317,2,7200,1.00759301443
298407,298481,299801,74,1320,2,7200,1.05606060606
298479,298525,299865,46,1340,2,7200,1.03432835821
298520,298632,299951,112,1319,2,7200,1.08491281274
298633,298690,299994,57,1304,2,7200,1.04371165644
298650,298697,299698,47,1001,1,3600,1.04695304695
298695,298703,300012,8,1309,2,7200,1.00611153552
298705,298799,300104,94,1305,2,7200,1.07203065134
298798,298818,300130,20,1312,2,7200,1.01524390244
298819,298825,300146,6,1321,2,7200,1.00454201363
298820,298832,300140,12,1308,2,7200,1.00917431193
298831,298842,300133,11,1291,2,7200,1.00852052672
298842,298854,300127,12,1273,2,7200,1.00942655145
298852,298861,300167,9,1306,2,7200,1.00689127106
298863,298869,300197,6,1328,2,7200,1.00451807229
298874,298919,300228,45,1309,2,7200,1.03437738732
298915,298942,300266,27,1324,2,7200,1.02039274924
298946,298953,300258,7,1305,2,7200,1.00536398467
298957,298964,300284,7,1320,2,7200,1.0053030303
298968,299012,300339,44,1327,2,7200,1.03315749812
299009,299035,300357,26,1322,2,7200,1.01966717095
299030,299057,300379,27,1322,2,7200,1.02042360061
299061,299091,300392,30,1301,2,7200,1.02305918524
299092,299100,300411,8,1311,2,7200,1.00610221205
299103,299110,300405,7,1295,2,7200,1.00540540541
299114,299120,300440,6,1320,2,7200,1.00454545455
299125,299132,300433,7,1301,2,7200,1.00538047656
299135,299141,300439,6,1298,2,7200,1.00462249615
299146,299153,300469,7,1316,2,7200,1.00531914894
299157,299192,300532,35,1340,2,7200,1.02611940299
299188,299204,300542,16,1338,2,7200,1.01195814649
299209,299273,300594,64,1321,2,7200,1.04844814534
299270,299297,300619,27,1322,2,7200,1.02042360061
299301,299315,300626,14,1311,2,7200,1.01067887109
299312,299443,300763,131,1320,2,7200,1.09924242424
299445,299451,300755,6,1304,2,7200,1.00460122699
299456,299465,300803,9,1338,2,7200,1.0067264574
299466,299534,300827,68,1293,2,7200,1.05259087394
299538,299548,300855,10,1307,2,7200,1.00765110941
299549,299609,300912,60,1303,2,7200,1.0460475825
299611,299631,300968,20,1337,2,7200,1.01495886313
299631,299638,300951,7,1313,2,7200,1.00533130236
299642,299655,300976,13,1321,2,7200,1.00984102952
299653,299697,300999,44,1302,2,7200,1.03379416283
299694,299710,301027,16,1317,2,7200,1.01214882308
299715,299735,301047,20,1312,2,7200,1.01524390244
299720,299744,299824,24,80,1,3600,1.3
299746,299813,301154,67,1341,2,7200,1.04996271439
299818,299832,301151,14,1319,2,7200,1.01061410159
299826,307469,307478,7643,9,32,601,765.2
299828,299878,301174,50,1296,2,7200,1.03858024691
299880,299963,301250,83,1287,2,7200,1.06449106449
299965,300006,301327,41,1321,2,7200,1.03103709311
300006,300025,301351,19,1326,2,7200,1.01432880845
300027,300116,301439,89,1323,2,7200,1.06727135299
300120,300139,301452,19,1313,2,7200,1.01447067784
300140,300147,301469,7,1322,2,7200,1.00529500756
300151,300158,301470,7,1312,2,7200,1.00533536585
300162,300168,301447,6,1279,2,7200,1.00469116497
300172,300179,301465,7,1286,2,7200,1.00544323484
300183,300189,301474,6,1285,2,7200,1.0046692607
300194,300209,301508,15,1299,2,7200,1.01154734411
300204,300240,301484,36,1244,2,7200,1.02893890675
300235,300270,301553,35,1283,2,7200,1.02727981294
300267,300278,301567,11,1289,2,7200,1.00853374709
300277,300296,301610,19,1314,2,7200,1.01445966514
300298,300351,301661,53,1310,2,7200,1.04045801527
300350,300370,301681,20,1311,2,7200,1.01525553013
300370,300391,301704,21,1313,2,7200,1.01599390708
300391,300404,301714,13,1310,2,7200,1.00992366412
300402,300417,301707,15,1290,2,7200,1.01162790698
300413,300424,301710,11,1286,2,7200,1.00855365474
300423,300445,301750,22,1305,2,7200,1.01685823755
300444,300451,301741,7,1290,2,7200,1.00542635659
300455,300462,301753,7,1291,2,7200,1.00542215337
300465,300482,301780,17,1298,2,7200,1.01309707242
300486,300545,301799,59,1254,2,7200,1.04704944179
300548,300555,301833,7,1278,2,7200,1.00547730829
300559,300607,301912,48,1305,2,7200,1.0367816092
300610,300631,301943,21,1312,2,7200,1.01600609756
300631,300638,301952,7,1314,2,7200,1.00532724505
300642,300767,302064,125,1297,2,7200,1.09637625289
300765,300775,302076,10,1301,2,7200,1.00768639508
300776,300815,302089,39,1274,2,7200,1.0306122449
300817,300840,302119,23,1279,2,7200,1.01798279906
300838,300867,302157,29,1290,2,7200,1.02248062016
300869,300923,302203,54,1280,2,7200,1.0421875
300922,300962,302269,40,1307,2,7200,1.03060443764
300963,300988,302286,25,1298,2,7200,1.01926040062
300984,301039,302340,55,1301,2,7200,1.04227517294
300993,370906,370980,69913,74,16,55800,945.77027027
301035,301163,302432,128,1269,2,7200,1.10086682427
301158,301170,302458,12,1288,2,7200,1.00931677019
301169,301186,302500,17,1314,2,7200,1.01293759513
301190,301262,302530,72,1268,2,7200,1.05678233438
301262,301338,302621,76,1283,2,7200,1.05923616524
301334,301363,302641,29,1278,2,7200,1.02269170579
301365,301451,302709,86,1258,2,7200,1.06836248013
301447,301459,302756,12,1297,2,7200,1.00925212028
301458,301465,302768,7,1303,2,7200,1.00537221796
301469,301478,302763,9,1285,2,7200,1.00700389105
301479,301485,302750,6,1265,2,7200,1.004743083
301480,301493,302758,13,1265,2,7200,1.01027667984
301490,301499,302724,9,1225,2,7200,1.00734693878
301501,301508,302745,7,1237,2,7200,1.00565885206
301512,301566,302738,54,1172,2,7200,1.04607508532
301564,301579,302905,15,1326,2,7200,1.01131221719
301574,301622,302975,48,1353,2,7200,1.0354767184
301626,301672,303021,46,1349,2,7200,1.03409933284
301677,301693,303076,16,1383,2,7200,1.01156905278
301688,301716,303066,28,1350,2,7200,1.02074074074
301709,301723,303088,14,1365,2,7200,1.01025641026
301720,301730,303094,10,1364,2,7200,1.0073313783
301720,301735,303220,15,1485,2,7200,1.0101010101
301731,301753,303083,22,1330,2,7200,1.01654135338
301752,301762,303099,10,1337,2,7200,1.00747943156
301762,301769,303132,7,1363,2,7200,1.00513573001
301773,301791,303166,18,1375,2,7200,1.01309090909
301794,301811,303212,17,1401,2,7200,1.01213418986
301815,301845,303242,30,1397,2,7200,1.0214745884
301846,301924,303292,78,1368,2,7200,1.05701754386
301928,301955,303329,27,1374,2,7200,1.01965065502
301959,301966,303290,7,1324,2,7200,1.00528700906
301970,302076,303451,106,1375,2,7200,1.07709090909
301996,302002,305713,6,3711,4,3600,1.00161681487
302072,302089,303423,17,1334,2,7200,1.01274362819
302090,304987,305383,2897,396,1,18000,8.31565656566
302093,302102,303448,9,1346,2,7200,1.00668647845
302104,302131,303491,27,1360,2,7200,1.01985294118
302117,323265,395288,21148,72023,2,72000,1.29362842425
302124,324215,376831,22091,52616,2,57600,1.41985327657
302135,302169,303498,34,1329,2,7200,1.02558314522
302166,302216,303566,50,1350,2,7200,1.03703703704
302218,302281,303628,63,1347,2,7200,1.04677060134
302279,302298,303631,19,1333,2,7200,1.01425356339
302300,302353,303683,53,1330,2,7200,1.03984962406
302352,302444,303770,92,1326,2,7200,1.06938159879
302444,302470,303814,26,1344,2,7200,1.0193452381
302465,302512,303840,47,1328,2,7200,1.03539156627
302517,302542,303907,25,1365,2,7200,1.01831501832
302538,302633,303953,95,1320,2,7200,1.07196969697
302630,302654,303961,24,1307,2,7200,1.01836266259
302651,302721,304114,70,1393,2,7200,1.05025125628
302723,302736,304180,13,1444,2,7200,1.00900277008
302733,302749,304066,16,1317,2,7200,1.01214882308
302754,302760,304075,6,1315,2,7200,1.00456273764
302755,302767,304099,12,1332,2,7200,1.00900900901
302765,302774,304101,9,1327,2,7200,1.00678221552
302766,302779,304119,13,1340,2,7200,1.00970149254
302776,302786,304266,10,1480,2,7200,1.00675675676
302777,302791,304132,14,1341,2,7200,1.01043997017
302788,302916,304268,128,1352,2,7200,1.09467455621
302921,302986,304296,65,1310,2,7200,1.04961832061
302983,303032,304403,49,1371,2,7200,1.03574033552
303035,303078,304480,43,1402,2,7200,1.03067047076
303076,303088,304417,12,1329,2,7200,1.00902934537
303087,303095,304412,8,1317,2,7200,1.00607441154
303098,303110,304419,12,1309,2,7200,1.00916730328
303098,303104,304424,6,1320,2,7200,1.00454545455
303109,303117,304425,8,1308,2,7200,1.00611620795
303119,303143,304438,24,1295,2,7200,1.01853281853
303140,303177,304489,37,1312,2,7200,1.02820121951
303181,303224,304550,43,1326,2,7200,1.03242835596
303223,303233,304596,10,1363,2,7200,1.00733675715
303233,303254,304539,21,1285,2,7200,1.01634241245
303254,303302,304616,48,1314,2,7200,1.03652968037
303295,303309,304598,14,1289,2,7200,1.01086113266
303306,303340,304692,34,1352,2,7200,1.02514792899
303337,303435,304771,98,1336,2,7200,1.07335329341
303440,303460,304783,20,1323,2,7200,1.01511715797
303461,303467,304782,6,1315,2,7200,1.00456273764
303471,303503,304784,32,1281,2,7200,1.024980484
303502,303509,304798,7,1289,2,7200,1.00543056633
303513,303578,304821,65,1243,2,7200,1.0522928399
303575,303640,304925,65,1285,2,7200,1.05058365759
303637,303648,305310,11,1662,2,7200,1.00661853189
303647,303695,305400,48,1705,2,7200,1.02815249267
303699,303782,305490,83,1708,2,7200,1.04859484778
303781,303826,305567,45,1741,2,7200,1.02584721424
303822,303853,305529,31,1676,2,7200,1.01849642005
303853,303919,305692,66,1773,2,7200,1.0372250423
303915,303965,305741,50,1776,2,7200,1.02815315315
303966,303973,305634,7,1661,2,7200,1.00421432872
303977,304078,305668,101,1590,2,7200,1.06352201258
304079,304087,305705,8,1618,2,7200,1.00494437577
304090,304111,305863,21,1752,2,7200,1.01198630137
304111,304117,305751,6,1634,2,7200,1.00367197062
304122,304135,305773,13,1638,2,7200,1.00793650794
304122,304128,305848,6,1720,2,7200,1.00348837209
304133,304144,305844,11,1700,2,7200,1.00647058824
304143,304151,305850,8,1699,2,7200,1.00470865215
304154,304193,305809,39,1616,2,7200,1.02413366337
304195,304277,305933,82,1656,2,7200,1.04951690821
304277,304284,305998,7,1714,2,7200,1.004084014
304288,304308,305928,20,1620,2,7200,1.01234567901
304309,304415,306149,106,1734,2,7200,1.06113033449
304412,304424,306169,12,1745,2,7200,1.00687679083
304422,304431,306118,9,1687,2,7200,1.00533491405
304433,304440,306237,7,1797,2,7200,1.00389538119
304434,304445,306248,11,1803,2,7200,1.00610094287
304444,304452,306186,8,1734,2,7200,1.00461361015
304455,304462,306115,7,1653,2,7200,1.00423472474
304466,304492,306196,26,1704,2,7200,1.01525821596
304497,304504,306268,7,1764,2,7200,1.00396825397
304508,304551,306302,43,1751,2,7200,1.02455739577
304549,304561,306350,12,1789,2,7200,1.00670765791
304561,304607,305896,46,1289,2,7200,1.03568657874
304613,304619,305831,6,1212,2,7200,1.00495049505
304623,304631,305849,8,1218,2,7200,1.0065681445
304634,304704,306054,70,1350,2,7200,1.05185185185
304706,304783,306091,77,1308,2,7200,1.05886850153
304778,304794,306108,16,1314,2,7200,1.01217656012
304789,304801,306138,12,1337,2,7200,1.00897531788
304799,304808,306151,9,1343,2,7200,1.00670141474
304810,304816,306163,6,1347,2,7200,1.00445434298
304821,304832,306137,11,1305,2,7200,1.00842911877
304832,304938,306294,106,1356,2,7200,1.07817109145
304934,305323,306652,389,1329,2,7200,1.29270127916
304980,334357,334533,29377,176,128,600,167.914772727
305327,305413,306840,86,1427,2,7200,1.06026629292
305410,305502,306930,92,1428,2,7200,1.06442577031
305503,305537,306978,34,1441,2,7200,1.02359472588
305534,305544,306984,10,1440,2,7200,1.00694444444
305545,305580,306997,35,1417,2,7200,1.02470007057
305576,305646,307106,70,1460,2,7200,1.04794520548
305648,305680,307077,32,1397,2,7200,1.02290622763
305679,305705,307144,26,1439,2,7200,1.01806810285
305700,305717,307146,17,1429,2,7200,1.01189643107
305721,305753,307220,32,1467,2,7200,1.02181322427
305749,306989,314132,1240,7143,3,7140,1.17359652807
305752,305762,307226,10,1464,2,7200,1.00683060109
305753,307491,314613,1738,7122,3,7080,1.24403257512
305763,305784,307262,21,1478,2,7200,1.01420838972
305784,305821,307158,37,1337,2,7200,1.02767389678
305825,305843,307206,18,1363,2,7200,1.01320616288
305846,305856,307261,10,1405,2,7200,1.00711743772
305858,305869,307204,11,1335,2,7200,1.00823970037
305869,305876,307238,7,1362,2,7200,1.00513950073
305880,305886,307213,6,1327,2,7200,1.00452147702
305890,305908,307251,18,1343,2,7200,1.01340282949
305911,305940,307254,29,1314,2,7200,1.02207001522
305942,305949,307296,7,1347,2,7200,1.00519673348
305953,306010,307330,57,1320,2,7200,1.04318181818
305967,307501,314707,1534,7206,2,7200,1.21287815709
306015,306066,307386,51,1320,2,7200,1.03863636364
306066,306104,307426,38,1322,2,7200,1.02874432678
306108,306120,307418,12,1298,2,7200,1.0092449923
306118,306126,307446,8,1320,2,7200,1.00606060606
306129,306135,307465,6,1330,2,7200,1.0045112782
306140,306149,307953,9,1804,2,7200,1.00498891353
306151,306158,307912,7,1754,2,7200,1.00399087799
306161,306168,307971,7,1803,2,7200,1.00388241819
306172,306184,307944,12,1760,2,7200,1.00681818182
306172,306179,308068,7,1889,2,7200,1.00370566437
306183,306191,307900,8,1709,2,7200,1.00468110006
306194,306200,308059,6,1859,2,7200,1.00322754169
306205,306211,307951,6,1740,2,7200,1.00344827586
306215,306249,308051,34,1802,2,7200,1.01886792453
306246,306260,308058,14,1798,2,7200,1.00778642937
306257,306280,308006,23,1726,2,7200,1.01332560834
306278,306306,308127,28,1821,2,7200,1.01537616694
306309,306315,308109,6,1794,2,7200,1.00334448161
306320,306363,308268,43,1905,2,7200,1.02257217848
306361,306665,308589,304,1924,2,7200,1.158004158
306668,306851,308558,183,1707,2,7200,1.1072056239
306852,306941,308660,89,1719,2,7200,1.05177428738
306945,306996,308875,51,1879,2,7200,1.02714209686
306997,307010,308995,13,1985,2,7200,1.00654911839
307007,307089,308845,82,1756,2,7200,1.04669703872
307089,307118,308940,29,1822,2,7200,1.01591657519
307120,307156,309090,36,1934,2,7200,1.01861427094
307151,307163,308978,12,1815,2,7200,1.00661157025
307162,307169,308941,7,1772,2,7200,1.0039503386
307173,307215,309102,42,1887,2,7200,1.02225755167
307214,307228,309026,14,1798,2,7200,1.00778642937
307214,307222,308992,8,1770,2,7200,1.00451977401
307225,307236,309211,11,1975,2,7200,1.00556962025
307236,307242,309104,6,1862,2,7200,1.00322234157
307247,307254,309013,7,1759,2,7200,1.00397953383
307257,307264,309004,7,1740,2,7200,1.00402298851
307258,307270,309150,12,1880,2,7200,1.00638297872
307268,307278,309123,10,1845,2,7200,1.0054200542
307269,307283,309139,14,1856,2,7200,1.00754310345
307280,307307,309182,27,1875,2,7200,1.0144
307311,307342,309177,31,1835,2,7200,1.01689373297
307342,307397,309068,55,1671,2,7200,1.0329144225
307395,307430,308613,35,1183,2,7200,1.02958579882
307426,307439,308658,13,1219,2,7200,1.01066447908
307436,307459,308697,23,1238,2,7200,1.01857835218
307457,307476,308690,19,1214,2,7200,1.01565074135
307478,307496,308782,18,1286,2,7200,1.01399688958
307499,307507,308737,8,1230,2,7200,1.00650406504
307510,307516,308767,6,1251,2,7200,1.00479616307
307520,307527,308781,7,1254,2,7200,1.00558213716
307531,307537,308816,6,1279,2,7200,1.00469116497
307542,307548,308714,6,1166,2,7200,1.0051457976
307552,307558,308786,6,1228,2,7200,1.00488599349
307563,307569,308809,6,1240,2,7200,1.00483870968
307574,307580,308831,6,1251,2,7200,1.00479616307
307584,307592,308843,8,1251,2,7200,1.00639488409
307595,307602,308788,7,1186,2,7200,1.00590219224
307606,307612,308822,6,1210,2,7200,1.00495867769
307616,307624,308915,8,1291,2,7200,1.00619674671
307627,307804,308977,177,1173,2,7200,1.15089514066
307804,307912,309115,108,1203,2,7200,1.0897755611
307910,307925,309083,15,1158,2,7200,1.01295336788
307921,307956,309109,35,1153,2,7200,1.0303555941
307952,307964,309175,12,1211,2,7200,1.00990916598
307963,307971,309215,8,1244,2,7200,1.00643086817
307973,307983,309146,10,1163,2,7200,1.00859845228
307984,308018,309215,34,1197,2,7200,1.02840434419
308015,308063,309343,48,1280,2,7200,1.0375
308067,308073,309298,6,1225,2,7200,1.00489795918
308077,308085,309360,8,1275,2,7200,1.0062745098
308088,308094,309417,6,1323,2,7200,1.00453514739
308099,308121,309375,22,1254,2,7200,1.01754385965
308120,308138,309365,18,1227,2,7200,1.01466992665
308141,308280,309487,139,1207,2,7200,1.11516155758
308284,308422,309718,138,1296,2,7200,1.10648148148
308418,308429,309781,11,1352,2,7200,1.00813609467
308428,308436,309787,8,1351,2,7200,1.0059215396
308439,308570,309848,131,1278,2,7200,1.10250391236
308572,308602,309821,30,1219,2,7200,1.02461033634
308603,308624,309842,21,1218,2,7200,1.01724137931
308624,308670,309851,46,1181,2,7200,1.03895004234
308666,308677,309852,11,1175,2,7200,1.00936170213
308676,308687,309976,11,1289,2,7200,1.00853374709
308687,308695,309967,8,1272,2,7200,1.00628930818
308698,308705,310005,7,1300,2,7200,1.00538461538
308708,308714,309966,6,1252,2,7200,1.00479233227
308719,308725,309939,6,1214,2,7200,1.00494233937
308730,308736,309960,6,1224,2,7200,1.00490196078
308740,308747,309910,7,1163,2,7200,1.0060189166
308751,308758,309950,7,1192,2,7200,1.00587248322
308762,308769,309961,7,1192,2,7200,1.00587248322
308772,308778,310199,6,1421,2,7200,1.00422237861
308783,308789,310124,6,1335,2,7200,1.00449438202
308794,308800,310054,6,1254,2,7200,1.004784689
308804,308810,310052,6,1242,2,7200,1.00483091787
308815,308822,310037,7,1215,2,7200,1.00576131687
308826,308833,310056,7,1223,2,7200,1.00572363042
308836,308842,309993,6,1151,2,7200,1.00521285838
308847,308853,309972,6,1119,2,7200,1.00536193029
308857,308864,310086,7,1222,2,7200,1.00572831424
308868,308875,310061,7,1186,2,7200,1.00590219224
308879,308885,310164,6,1279,2,7200,1.00469116497
308889,308896,310181,7,1285,2,7200,1.00544747082
308900,308907,310169,7,1262,2,7200,1.00554675119
308911,308917,310228,6,1311,2,7200,1.00457665904
308921,308929,310269,8,1340,2,7200,1.00597014925
308932,308938,310182,6,1244,2,7200,1.00482315113
308943,308952,310342,9,1390,2,7200,1.00647482014
308953,308960,310200,7,1240,2,7200,1.00564516129
308964,308989,310189,25,1200,2,7200,1.02083333333
308985,309005,310201,20,1196,2,7200,1.01672240803
309006,309013,310184,7,1171,2,7200,1.00597779675
309017,309023,310199,6,1176,2,7200,1.00510204082
309027,309033,310084,6,1051,2,7200,1.00570884872
309038,309044,310212,6,1168,2,7200,1.0051369863
309049,309074,310302,25,1228,2,7200,1.02035830619
309070,309080,310335,10,1255,2,7200,1.00796812749
309080,309087,310500,7,1413,2,7200,1.00495399858
309091,309097,310383,6,1286,2,7200,1.00466562986
309102,309109,310359,7,1250,2,7200,1.0056
309112,309119,310414,7,1295,2,7200,1.00540540541
309123,309129,310477,6,1348,2,7200,1.00445103858
309134,309140,310547,6,1407,2,7200,1.00426439232
309144,309152,310473,8,1321,2,7200,1.00605601817
309155,309162,310490,7,1328,2,7200,1.00527108434
309166,309172,310329,6,1157,2,7200,1.00518582541
309177,309184,310352,7,1168,2,7200,1.00599315068
309187,309193,310287,6,1094,2,7200,1.00548446069
309198,309205,310378,7,1173,2,7200,1.00596760443
309209,309216,310393,7,1177,2,7200,1.0059473237
309219,309226,310430,7,1204,2,7200,1.00581395349
309230,309237,310469,7,1232,2,7200,1.00568181818
309241,309248,310536,7,1288,2,7200,1.00543478261
309251,309259,310648,8,1389,2,7200,1.00575953924
309262,309269,310625,7,1356,2,7200,1.00516224189
309273,309280,310682,7,1402,2,7200,1.00499286733
309284,309291,310702,7,1411,2,7200,1.00496102055
309295,309302,310708,7,1406,2,7200,1.00497866287
309306,309312,310751,6,1439,2,7200,1.0041695622
309317,309324,310520,7,1196,2,7200,1.00585284281
309328,309335,310517,7,1182,2,7200,1.00592216582
309341,309348,310517,7,1169,2,7200,1.00598802395
309352,309359,310525,7,1166,2,7200,1.00600343053
309363,309370,310413,7,1043,2,7200,1.0067114094
309375,309381,310506,6,1125,2,7200,1.00533333333
309387,309394,310541,7,1147,2,7200,1.00610287707
309399,317169,319227,7770,2058,1,18000,4.77551020408
309590,309596,310929,6,1333,2,7200,1.00450112528
309601,309608,310940,7,1332,2,7200,1.00525525526
309612,309619,310960,7,1341,2,7200,1.00521998509
309623,309730,311061,107,1331,2,7200,1.0803906837
309727,309794,311108,67,1314,2,7200,1.05098934551
309791,309801,311144,10,1343,2,7200,1.00744601638
309802,309834,311151,32,1317,2,7200,1.02429764617
309833,309854,311185,21,1331,2,7200,1.01577761082
309855,309862,311185,7,1323,2,7200,1.00529100529
309866,309873,311178,7,1305,2,7200,1.00536398467
309877,309885,311217,8,1332,2,7200,1.00600600601
309888,309922,311235,34,1313,2,7200,1.02589489718
309920,309951,311312,31,1361,2,7200,1.02277736958
309951,309962,311311,11,1349,2,7200,1.00815418829
309962,309973,311310,11,1337,2,7200,1.00822737472
309973,309980,311339,7,1359,2,7200,1.00515084621
309984,309990,311306,6,1316,2,7200,1.00455927052
309995,310001,311343,6,1342,2,7200,1.0044709389
310006,310013,311328,7,1315,2,7200,1.00532319392
310016,310024,311357,8,1333,2,7200,1.00600150038
310027,310034,311358,7,1324,2,7200,1.00528700906
310038,310044,311342,6,1298,2,7200,1.00462249615
310048,310056,311380,8,1324,2,7200,1.00604229607
310059,310065,311401,6,1336,2,7200,1.00449101796
310070,310076,311419,6,1343,2,7200,1.00446760983
310081,310088,311428,7,1340,2,7200,1.0052238806
310091,310097,311422,6,1325,2,7200,1.00452830189
310102,310109,311435,7,1326,2,7200,1.00527903469
310113,310119,311442,6,1323,2,7200,1.00453514739
310123,310135,311482,12,1347,2,7200,1.00890868597
310134,310176,311500,42,1324,2,7200,1.03172205438
310175,310182,311513,7,1331,2,7200,1.00525920361
310186,310192,311499,6,1307,2,7200,1.00459066565
310197,310203,311510,6,1307,2,7200,1.00459066565
310207,310214,311512,7,1298,2,7200,1.00539291217
310218,310225,311535,7,1310,2,7200,1.00534351145
310229,310235,311581,6,1346,2,7200,1.0044576523
310240,310246,311592,6,1346,2,7200,1.0044576523
310250,310257,311593,7,1336,2,7200,1.00523952096
310261,310268,311612,7,1344,2,7200,1.00520833333
310272,310278,311636,6,1358,2,7200,1.00441826215
310282,310290,311594,8,1304,2,7200,1.00613496933
310293,310301,311618,8,1317,2,7200,1.00607441154
310304,310311,311622,7,1311,2,7200,1.00533943555
310315,310321,311635,6,1314,2,7200,1.00456621005
310325,310340,311643,15,1303,2,7200,1.01151189563
310336,310347,311664,11,1317,2,7200,1.00835231587
310347,310354,311664,7,1310,2,7200,1.00534351145
310359,310365,311635,6,1270,2,7200,1.00472440945
310370,310376,311723,6,1347,2,7200,1.00445434298
310381,310390,311734,9,1344,2,7200,1.00669642857
310392,310399,311745,7,1346,2,7200,1.00520059435
310404,310410,311769,6,1359,2,7200,1.00441501104
310416,310425,311784,9,1359,2,7200,1.00662251656
310427,310434,311776,7,1342,2,7200,1.00521609538
310438,310445,311763,7,1318,2,7200,1.00531107739
310448,310480,311840,32,1360,2,7200,1.02352941176
310480,310487,311820,7,1333,2,7200,1.00525131283
310490,310497,311828,7,1331,2,7200,1.00525920361
310501,310507,311829,6,1322,2,7200,1.00453857791
310512,310519,311847,7,1328,2,7200,1.00527108434
310524,310530,311837,6,1307,2,7200,1.00459066565
310535,310541,311847,6,1306,2,7200,1.0045941807
310545,310552,311842,7,1290,2,7200,1.00542635659
310556,310562,311889,6,1327,2,7200,1.00452147702
310567,310573,311918,6,1345,2,7200,1.00446096654
310577,310584,311910,7,1326,2,7200,1.00527903469
310588,310594,311928,6,1334,2,7200,1.00449775112
310599,310605,311928,6,1323,2,7200,1.00453514739
310609,310636,311984,27,1348,2,7200,1.02002967359
310641,310661,311977,20,1316,2,7200,1.01519756839
310662,310694,312011,32,1317,2,7200,1.02429764617
310693,310714,312040,21,1326,2,7200,1.01583710407
310714,310720,312046,6,1326,2,7200,1.00452488688
310724,310764,312076,40,1312,2,7200,1.03048780488
310766,310940,312258,174,1318,2,7200,1.13201820941
310940,310951,312250,11,1299,2,7200,1.00846805235
310951,310972,312263,21,1291,2,7200,1.01626646011
310972,310987,312321,15,1334,2,7200,1.01124437781
310983,311073,312403,90,1330,2,7200,1.06766917293
311075,311119,312476,44,1357,2,7200,1.03242446573
311117,311156,312468,39,1312,2,7200,1.02972560976
311158,311164,312512,6,1348,2,7200,1.00445103858
311169,311190,312546,21,1356,2,7200,1.01548672566
311190,311197,312526,7,1329,2,7200,1.00526711813
311200,311207,312545,7,1338,2,7200,1.00523168909
311211,311228,312560,17,1332,2,7200,1.01276276276
311232,311247,312576,15,1329,2,7200,1.01128668172
311243,311318,312637,75,1319,2,7200,1.05686125853
311248,376087,980922,64839,604835,3,604800,1.1072011375
311315,311324,312652,9,1328,2,7200,1.00677710843
311325,311332,312645,7,1313,2,7200,1.00533130236
311335,311512,313499,177,1987,25,7199,1.08907901359
311336,311354,312643,18,1289,2,7200,1.01396431342
311357,311433,312749,76,1316,2,7200,1.05775075988
311429,311448,312778,19,1330,2,7200,1.01428571429
311451,311457,312813,6,1356,2,7200,1.00442477876
311461,311523,312856,62,1333,2,7200,1.04651162791
311523,311530,312841,7,1311,2,7200,1.00533943555
311534,311540,312868,6,1328,2,7200,1.00451807229
311545,311551,312862,6,1311,2,7200,1.00457665904
311555,311594,312926,39,1332,2,7200,1.02927927928
311597,311604,312948,7,1344,2,7200,1.00520833333
311607,311614,312922,7,1308,2,7200,1.00535168196
311618,311624,312945,6,1321,2,7200,1.00454201363
311629,311635,312966,6,1331,2,7200,1.00450788881
311640,311647,312968,7,1321,2,7200,1.0052990159
311650,311656,312961,6,1305,2,7200,1.00459770115
311661,311668,312958,7,1290,2,7200,1.00542635659
311672,311679,312992,7,1313,2,7200,1.00533130236
311682,311690,312997,8,1307,2,7200,1.00612088753
311693,311700,313026,7,1326,2,7200,1.00527903469
311704,311710,313045,6,1335,2,7200,1.00449438202
311715,311721,313043,6,1322,2,7200,1.00453857791
311725,311735,313062,10,1327,2,7200,1.00753579503
311736,311747,313065,11,1318,2,7200,1.00834597876
311747,334550,359235,22803,24685,32,43200,1.92375936804
311747,311757,313088,10,1331,2,7200,1.00751314801
311757,311776,313121,19,1345,2,7200,1.01412639405
311778,311784,313120,6,1336,2,7200,1.00449101796
311789,311795,313141,6,1346,2,7200,1.0044576523
311800,311807,313115,7,1308,2,7200,1.00535168196
311811,311832,313165,21,1333,2,7200,1.01575393848
311832,311839,313164,7,1325,2,7200,1.00528301887
311842,311849,313174,7,1325,2,7200,1.00528301887
311853,311859,313172,6,1313,2,7200,1.00456968774
311864,311871,313180,7,1309,2,7200,1.00534759358
311874,311881,313195,7,1314,2,7200,1.00532724505
311885,311891,313209,6,1318,2,7200,1.00455235205
311896,311903,313242,7,1339,2,7200,1.00522778193
311907,311913,313239,6,1326,2,7200,1.00452488688
311917,311924,313240,7,1316,2,7200,1.00531914894
311928,311934,313255,6,1321,2,7200,1.00454201363
311939,311946,313273,7,1327,2,7200,1.00527505652
311949,311956,313276,7,1320,2,7200,1.0053030303
311960,311989,313308,29,1319,2,7200,1.0219863533
311991,311997,313329,6,1332,2,7200,1.0045045045
312002,312023,313343,21,1320,2,7200,1.01590909091
312023,312052,313365,29,1313,2,7200,1.02208682407
312054,312060,313384,6,1324,2,7200,1.00453172205
312065,312089,313403,24,1314,2,7200,1.01826484018
312086,312262,313580,176,1318,2,7200,1.13353566009
312261,312270,313607,9,1337,2,7200,1.00673148841
312272,312278,313616,6,1338,2,7200,1.00448430493
312282,312334,313670,52,1336,2,7200,1.03892215569
312334,312415,313736,81,1321,2,7200,1.06131718395
312416,312480,313791,64,1311,2,7200,1.04881769641
312478,312487,313799,9,1312,2,7200,1.0068597561
312489,312524,313854,35,1330,2,7200,1.02631578947
312520,312545,313858,25,1313,2,7200,1.01904036558
312541,312558,313875,17,1317,2,7200,1.01290812453
312562,312568,313902,6,1334,2,7200,1.00449775112
312573,312579,313905,6,1326,2,7200,1.00452488688
312583,312589,313904,6,1315,2,7200,1.00456273764
312594,312649,313974,55,1325,2,7200,1.04150943396
312645,312656,313973,11,1317,2,7200,1.00835231587
312656,312662,313972,6,1310,2,7200,1.00458015267
312667,312674,313993,7,1319,2,7200,1.0053070508
312677,312762,314082,85,1320,2,7200,1.06439393939
312760,312789,314134,29,1345,2,7200,1.02156133829
312791,312825,314157,34,1332,2,7200,1.02552552553
312822,312853,314174,31,1321,2,7200,1.0234670704
312853,312868,314195,15,1327,2,7200,1.01130369254
312864,312874,314203,10,1329,2,7200,1.00752445448
312874,312882,314196,8,1314,2,7200,1.00608828006
312885,312934,314263,49,1329,2,7200,1.03686982694
312937,312943,314245,6,1302,2,7200,1.00460829493
312947,312957,314274,10,1317,2,7200,1.00759301443
312958,312966,314274,8,1308,2,7200,1.00611620795
312969,312975,314283,6,1308,2,7200,1.00458715596
312979,312985,314287,6,1302,2,7200,1.00460829493
312990,312997,314303,7,1306,2,7200,1.00535987749
313001,313008,314306,7,1298,2,7200,1.00539291217
313011,313017,314327,6,1310,2,7200,1.00458015267
313022,313029,314330,7,1301,2,7200,1.00538047656
313033,313039,314349,6,1310,2,7200,1.00458015267
313044,313055,314381,11,1326,2,7200,1.00829562594
313054,313061,314392,7,1331,2,7200,1.00525920361
313065,313074,314406,9,1332,2,7200,1.00675675676
313076,313083,314413,7,1330,2,7200,1.00526315789
313087,313099,314408,12,1309,2,7200,1.00916730328
313097,313126,314432,29,1306,2,7200,1.02220520674
313128,313136,314434,8,1298,2,7200,1.0061633282
313130,359252,359256,46122,4,16,36000,4612.6
313139,313145,314476,6,1331,2,7200,1.00450788881
313150,313156,314489,6,1333,2,7200,1.00450112528
313160,313175,314491,15,1316,2,7200,1.01139817629
313171,313183,314507,12,1324,2,7200,1.00906344411
313182,313190,314518,8,1328,2,7200,1.00602409639
313192,313199,314511,7,1312,2,7200,1.00533536585
313204,313211,314530,7,1319,2,7200,1.0053070508
313214,313222,314496,8,1274,2,7200,1.00627943485
313225,313232,314539,7,1307,2,7200,1.00535577659
313236,313251,314573,15,1322,2,7200,1.01134644478
313247,313258,314558,11,1300,2,7200,1.00846153846
313257,313264,314557,7,1293,2,7200,1.00541376643
313268,313274,314557,6,1283,2,7200,1.00467653936
313279,313286,314608,7,1322,2,7200,1.00529500756
313290,313297,314628,7,1331,2,7200,1.00525920361
313300,313320,314643,20,1323,2,7200,1.01511715797
313321,313340,314668,19,1328,2,7200,1.01430722892
313343,313355,314628,12,1273,2,7200,1.00942655145
313354,313377,314759,23,1382,2,7200,1.01664254703
313375,313395,314785,20,1390,2,7200,1.01438848921
313395,313415,314769,20,1354,2,7200,1.01477104874
313416,313511,314867,95,1356,2,7200,1.07005899705
313509,313518,314867,9,1349,2,7200,1.0066716086
313520,313527,314949,7,1422,2,7200,1.00492264416
313530,313537,314894,7,1357,2,7200,1.00515843773
313541,313547,314894,6,1347,2,7200,1.00445434298
313552,313559,314938,7,1379,2,7200,1.00507614213
313562,313569,314916,7,1347,2,7200,1.00519673348
313573,313579,314942,6,1363,2,7200,1.00440205429
313584,313591,314934,7,1343,2,7200,1.00521221147
313594,313602,314983,8,1381,2,7200,1.00579290369
313605,313612,315044,7,1432,2,7200,1.00488826816
313616,313622,315048,6,1426,2,7200,1.00420757363
313627,313633,314983,6,1350,2,7200,1.00444444444
313637,313644,314991,7,1347,2,7200,1.00519673348
313648,313654,315002,6,1348,2,7200,1.00445103858
313659,313681,315041,22,1360,2,7200,1.01617647059
313679,313748,315096,69,1348,2,7200,1.05118694362
313752,313803,315148,51,1345,2,7200,1.03791821561
313803,313812,315143,9,1331,2,7200,1.00676183321
313814,313866,315208,52,1342,2,7200,1.03874813711
313866,313873,315259,7,1386,2,7200,1.00505050505
313876,313887,315215,11,1328,2,7200,1.00828313253
313887,313914,315253,27,1339,2,7200,1.02016430172
313918,313926,315287,8,1361,2,7200,1.00587803086
313929,313936,315298,7,1362,2,7200,1.00513950073
313940,313984,315362,44,1378,2,7200,1.03193033382
313981,313991,315364,10,1373,2,7200,1.00728332119
313992,313999,315347,7,1348,2,7200,1.00519287834
314003,314009,315395,6,1386,2,7200,1.00432900433
314013,314094,315477,81,1383,2,7200,1.05856832972
314096,314144,315553,48,1409,2,7200,1.03406671398
314148,314155,315467,7,1312,2,7200,1.00533536585
314158,314168,315512,10,1344,2,7200,1.00744047619
314169,314175,315525,6,1350,2,7200,1.00444444444
314180,314188,315505,8,1317,2,7200,1.00607441154
314191,314207,315573,16,1366,2,7200,1.01171303075
314212,314219,315599,7,1380,2,7200,1.00507246377
314222,314229,315590,7,1361,2,7200,1.005143277
314233,314257,315631,24,1374,2,7200,1.01746724891
314254,314275,315678,21,1403,2,7200,1.01496792587
314275,314287,315634,12,1347,2,7200,1.00890868597
314286,314293,315681,7,1388,2,7200,1.00504322767
314296,314304,315636,8,1332,2,7200,1.00600600601
314307,314314,315655,7,1341,2,7200,1.00521998509
314318,314324,315679,6,1355,2,7200,1.00442804428
314329,314336,315683,7,1347,2,7200,1.00519673348
314339,314346,315714,7,1368,2,7200,1.00511695906
314350,314356,315717,6,1361,2,7200,1.00440852314
314361,314368,315713,7,1345,2,7200,1.00520446097
314372,314393,315781,21,1388,2,7200,1.015129683
314393,314404,315764,11,1360,2,7200,1.00808823529
314403,314417,315744,14,1327,2,7200,1.01055011304
314414,314424,315861,10,1437,2,7200,1.00695894224
314425,314432,315805,7,1373,2,7200,1.00509832484
314436,314443,315781,7,1338,2,7200,1.00523168909
314442,314946,317013,504,2067,25,7199,1.24383164006
314446,314453,315806,7,1353,2,7200,1.0051736881
314457,314488,315829,31,1341,2,7200,1.02311707681
314488,314508,315862,20,1354,2,7200,1.01477104874
314509,314520,315833,11,1313,2,7200,1.00837776085
314520,314526,315860,6,1334,2,7200,1.00449775112
314531,314543,315890,12,1347,2,7200,1.00890868597
314541,314552,315901,11,1349,2,7200,1.00815418829
314552,314569,316010,17,1441,2,7200,1.01179736294
314573,314580,315924,7,1344,2,7200,1.00520833333
314584,314591,316036,7,1445,2,7200,1.00484429066
314594,314609,316041,15,1432,2,7200,1.01047486034
314605,314620,316010,15,1390,2,7200,1.01079136691
314616,314640,315950,24,1310,2,7200,1.01832061069
314637,314647,316020,10,1373,2,7200,1.00728332119
314647,314654,316033,7,1379,2,7200,1.00507614213
314658,314680,316040,22,1360,2,7200,1.01617647059
314679,314772,316126,93,1354,2,7200,1.06868537666
314773,314786,316134,13,1348,2,7200,1.00964391691
314787,314796,316152,9,1356,2,7200,1.00663716814
314798,314953,316284,155,1331,2,7200,1.11645379414
314953,314959,316319,6,1360,2,7200,1.00441176471
314963,314969,316355,6,1386,2,7200,1.00432900433
314974,314995,316352,21,1357,2,7200,1.01547531319
314995,315002,316368,7,1366,2,7200,1.00512445095
315006,315013,316338,7,1325,2,7200,1.00528301887
315016,315023,316343,7,1320,2,7200,1.0053030303
315027,315052,316371,25,1319,2,7200,1.01895375284
315048,315060,316400,12,1340,2,7200,1.00895522388
315056,315108,322136,52,7028,3,7020,1.00739897553
315059,315066,316389,7,1323,2,7200,1.00529100529
315070,315154,316516,84,1362,2,7200,1.06167400881
315071,315329,322214,258,6885,3,6900,1.03747276688
315085,315507,322198,422,6691,3,6960,1.06306979525
315152,315161,316527,9,1366,2,7200,1.0065885798
315163,315220,316567,57,1347,2,7200,1.04231625835
315225,315232,316571,7,1339,2,7200,1.00522778193
315236,315265,316604,29,1339,2,7200,1.0216579537
315267,315273,316679,6,1406,2,7200,1.00426742532
315278,315299,316624,21,1325,2,7200,1.0158490566
315299,315310,316684,11,1374,2,7200,1.00800582242
315310,315360,316753,50,1393,2,7200,1.03589375449
315362,315374,316698,12,1324,2,7200,1.00906344411
315373,315381,316727,8,1346,2,7200,1.0059435364
315384,315406,316731,22,1325,2,7200,1.01660377358
315400,315794,322198,394,6404,3,7080,1.06152404747
315405,315480,316790,75,1310,2,7200,1.0572519084
315423,315879,322198,456,6319,3,7140,1.07216331698
315438,315901,322198,463,6297,3,7200,1.07352707639
315477,315489,316851,12,1362,2,7200,1.00881057269
315488,315517,316877,29,1360,2,7200,1.02132352941
315519,315526,316876,7,1350,2,7200,1.00518518519
315530,315585,316937,55,1352,2,7200,1.04068047337
315582,315602,316949,20,1347,2,7200,1.01484780995
315603,315612,316983,9,1371,2,7200,1.00656455142
315615,315643,317040,28,1397,2,7200,1.02004294918
315646,315652,317073,6,1421,2,7200,1.00422237861
315656,315663,316986,7,1323,2,7200,1.00529100529
315667,315674,317084,7,1410,2,7200,1.00496453901
315678,315689,316998,11,1309,2,7200,1.00840336134
315689,315696,317025,7,1329,2,7200,1.00526711813
315699,315705,317043,6,1338,2,7200,1.00448430493
315710,315716,317093,6,1377,2,7200,1.00435729847
315721,315727,317046,6,1319,2,7200,1.00454890068
315731,315738,317076,7,1338,2,7200,1.00523168909
315742,315748,317089,6,1341,2,7200,1.00447427293
315753,315759,317110,6,1351,2,7200,1.0044411547
315764,315777,317101,13,1324,2,7200,1.00981873112
315774,315817,317171,43,1354,2,7200,1.0317577548
315816,315823,317207,7,1384,2,7200,1.00505780347
315826,315840,317202,14,1362,2,7200,1.01027900147
315837,315847,317180,10,1333,2,7200,1.00750187547
315848,315872,317366,24,1494,2,7200,1.01606425703
315869,315884,317205,15,1321,2,7200,1.01135503407
315879,315907,317212,28,1305,2,7200,1.0214559387
315910,315917,317260,7,1343,2,7200,1.00521221147
315921,315928,317226,7,1298,2,7200,1.00539291217
315932,315938,317256,6,1318,2,7200,1.00455235205
315943,315950,317279,7,1329,2,7200,1.00526711813
315953,315959,317310,6,1351,2,7200,1.0044411547
315964,315970,317313,6,1343,2,7200,1.00446760983
315975,315981,317377,6,1396,2,7200,1.00429799427
315985,315991,317342,6,1351,2,7200,1.0044411547
315996,316003,317360,7,1357,2,7200,1.00515843773
316008,316014,317436,6,1422,2,7200,1.00421940928
316019,316025,317404,6,1379,2,7200,1.00435097897
316030,316037,317358,7,1321,2,7200,1.0052990159
316040,316046,317413,6,1367,2,7200,1.00438917337
316051,316057,317387,6,1330,2,7200,1.0045112782
316062,316068,317410,6,1342,2,7200,1.0044709389
316072,316080,317413,8,1333,2,7200,1.00600150038
316083,316089,317501,6,1412,2,7200,1.00424929178
316094,316100,317448,6,1348,2,7200,1.00445103858
316105,316112,317526,7,1414,2,7200,1.00495049505
316115,316125,317516,10,1391,2,7200,1.00718907261
316126,316133,317500,7,1367,2,7200,1.00512070227
316137,316148,317536,11,1388,2,7200,1.00792507205
316137,316143,322198,6,6055,3,7080,1.0009909166
316147,316155,317495,8,1340,2,7200,1.00597014925
316155,316161,322198,6,6037,3,7140,1.00099387113
316159,316169,317456,10,1287,2,7200,1.00777000777
316170,316330,317634,160,1304,2,7200,1.1226993865
316171,316296,322198,125,5902,3,7200,1.02117926127
316334,316350,317679,16,1329,2,7200,1.01203912716
316345,316356,317711,11,1355,2,7200,1.00811808118
316356,316363,317735,7,1372,2,7200,1.00510204082
316367,316373,317751,6,1378,2,7200,1.00435413643
316377,316384,317790,7,1406,2,7200,1.00497866287
316388,316394,317770,6,1376,2,7200,1.00436046512
316399,316405,317755,6,1350,2,7200,1.00444444444
316409,316416,317757,7,1341,2,7200,1.00521998509
316420,316527,317950,107,1423,2,7200,1.07519325369
316523,316538,317867,15,1329,2,7200,1.01128668172
316534,316579,317929,45,1350,2,7200,1.03333333333
316575,316585,317909,10,1324,2,7200,1.00755287009
316586,316616,317982,30,1366,2,7200,1.02196193265
316617,316635,318045,18,1410,2,7200,1.01276595745
316620,370875,370895,54255,20,16,18000,2713.75
316638,316691,318139,53,1448,2,7200,1.03660220994
316690,316697,318110,7,1413,2,7200,1.00495399858
316701,316709,318077,8,1368,2,7200,1.00584795322
316711,316739,318108,28,1369,2,7200,1.02045288532
316743,316750,318099,7,1349,2,7200,1.00518902891
316745,316764,318388,19,1624,2,7200,1.01169950739
316766,316802,318360,36,1558,2,7200,1.02310654685
316798,316863,318357,65,1494,2,7200,1.04350736278
316859,316888,318306,29,1418,2,7200,1.02045133992
316891,316898,318393,7,1495,2,7200,1.00468227425
316902,316949,318398,47,1449,2,7200,1.03243616287
316953,316960,318429,7,1469,2,7200,1.00476514636
316964,316995,318394,31,1399,2,7200,1.02215868477
316996,317001,318421,5,1420,2,7200,1.00352112676
317006,317013,318406,7,1393,2,7200,1.00502512563
317017,317025,318406,8,1381,2,7200,1.00579290369
317028,317034,318405,6,1371,2,7200,1.00437636761
317038,317046,318403,8,1357,2,7200,1.00589535741
317049,317056,318366,7,1310,2,7200,1.00534351145
317060,317066,318402,6,1336,2,7200,1.00449101796
317071,317077,318393,6,1316,2,7200,1.00455927052
317082,317088,318430,6,1342,2,7200,1.0044709389
317093,317100,318403,7,1303,2,7200,1.00537221796
317103,317111,318409,8,1298,2,7200,1.0061633282
317114,317121,318437,7,1316,2,7200,1.00531914894
317125,317131,318465,6,1334,2,7200,1.00449775112
317136,317142,318465,6,1323,2,7200,1.00453514739
317146,317154,318466,8,1312,2,7200,1.00609756098
317157,317163,318475,6,1312,2,7200,1.00457317073
317168,317180,318484,12,1304,2,7200,1.00920245399
317179,317188,318489,9,1301,2,7200,1.00691775557
317193,317200,318549,7,1349,2,7200,1.00518902891
317204,317210,318545,6,1335,2,7200,1.00449438202
317215,317222,318592,7,1370,2,7200,1.00510948905
317226,317233,318468,7,1235,2,7200,1.00566801619
317236,317243,318502,7,1259,2,7200,1.00555996823
317247,317254,318611,7,1357,2,7200,1.00515843773
317258,317265,318574,7,1309,2,7200,1.00534759358
317271,317278,318636,7,1358,2,7200,1.00515463918
317282,317289,318710,7,1421,2,7200,1.00492610837
317292,317299,318766,7,1467,2,7200,1.00477164281
317303,317309,318861,6,1552,2,7200,1.00386597938
317314,317321,318599,7,1278,2,7200,1.00547730829
317325,317331,318554,6,1223,2,7200,1.00490596893
317335,317343,318680,8,1337,2,7200,1.00598354525
317346,317353,318654,7,1301,2,7200,1.00538047656
317357,317364,318687,7,1323,2,7200,1.00529100529
317368,317375,318867,7,1492,2,7200,1.00469168901
317379,317385,318856,6,1471,2,7200,1.00407885792
317389,317397,318871,8,1474,2,7200,1.00542740841
317400,317406,318795,6,1389,2,7200,1.00431965443
317411,317417,318896,6,1479,2,7200,1.00405679513
317422,317428,318655,6,1227,2,7200,1.00488997555
317432,317439,318686,7,1247,2,7200,1.00561347233
317443,317450,318825,7,1375,2,7200,1.00509090909
317454,317462,318798,8,1336,2,7200,1.00598802395
317465,317472,318867,7,1395,2,7200,1.00501792115
317475,317482,318933,7,1451,2,7200,1.00482425913
317486,317493,318905,7,1412,2,7200,1.00495750708
317497,317504,318938,7,1434,2,7200,1.00488145049
317508,317515,318941,7,1426,2,7200,1.0049088359
317518,317526,318743,8,1217,2,7200,1.0065735415
317529,317536,318736,7,1200,2,7200,1.00583333333
317540,317546,318811,6,1265,2,7200,1.004743083
317551,317557,318848,6,1291,2,7200,1.00464756003
317561,317569,318976,8,1407,2,7200,1.00568585643
317572,317578,318927,6,1349,2,7200,1.00444773907
317583,317646,319164,63,1518,2,7200,1.04150197628
317645,317692,319145,47,1453,2,7200,1.03234686855
317697,317724,319189,27,1465,2,7200,1.01843003413
317728,317747,319279,19,1532,2,7200,1.01240208877
317749,317763,319192,14,1429,2,7200,1.00979706088
317760,317770,319011,10,1241,2,7200,1.00805801773
317770,317778,319098,8,1320,2,7200,1.00606060606
317781,317802,319075,21,1273,2,7200,1.01649646504
317802,317880,319207,78,1327,2,7200,1.05877920121
317884,317921,319349,37,1428,2,7200,1.02591036415
317926,317941,319331,15,1390,2,7200,1.01079136691
317937,317994,319403,57,1409,2,7200,1.04045422285
317945,318417,320471,472,2054,25,7199,1.22979552093
317998,318151,319597,153,1446,2,7200,1.10580912863
318153,318318,319750,165,1432,2,7200,1.11522346369
318317,318370,319611,53,1241,2,7200,1.04270749396
318369,318377,319618,8,1241,2,7200,1.00644641418
318379,318400,319731,21,1331,2,7200,1.01577761082
318400,318407,319845,7,1438,2,7200,1.00486787204
318411,318422,319873,11,1451,2,7200,1.00758097864
318422,318435,319764,13,1329,2,7200,1.00978179082
318432,318441,319847,9,1406,2,7200,1.00640113798
318443,318454,319935,11,1481,2,7200,1.00742741391
318454,318460,319980,6,1520,2,7200,1.00394736842
318465,318472,319889,7,1417,2,7200,1.00494001411
318475,318481,319862,6,1381,2,7200,1.00434467777
318486,318492,320107,6,1615,2,7200,1.00371517028
318497,318503,319756,6,1253,2,7200,1.00478850758
318507,318514,319830,7,1316,2,7200,1.00531914894
318518,318524,319913,6,1389,2,7200,1.00431965443
318529,318536,319895,7,1359,2,7200,1.00515084621
318539,318546,319881,7,1335,2,7200,1.00524344569
318550,318556,320039,6,1483,2,7200,1.004045853
318561,318567,320037,6,1470,2,7200,1.00408163265
318571,318579,320107,8,1528,2,7200,1.00523560209
318582,318588,320078,6,1490,2,7200,1.00402684564
318593,318599,320070,6,1471,2,7200,1.00407885792
318604,318611,320083,7,1472,2,7200,1.00475543478
318614,318622,320155,8,1533,2,7200,1.00521852577
318625,318631,320179,6,1548,2,7200,1.00387596899
318636,318643,319861,7,1218,2,7200,1.00574712644
318647,318653,319899,6,1246,2,7200,1.00481540931
318657,318666,319974,9,1308,2,7200,1.00688073394
318668,318675,319980,7,1305,2,7200,1.00536398467
318679,318692,320071,13,1379,2,7200,1.0094271211
318690,318698,320129,8,1431,2,7200,1.00559049616
318700,318707,320090,7,1383,2,7200,1.00506146059
318711,318722,320246,11,1524,2,7200,1.00721784777
318722,318748,320188,26,1440,2,7200,1.01805555556
318753,318759,320229,6,1470,2,7200,1.00408163265
318764,318778,320322,14,1544,2,7200,1.00906735751
318775,318785,320318,10,1533,2,7200,1.00652315721
318785,318807,320323,22,1516,2,7200,1.01451187335
318806,318814,320322,8,1508,2,7200,1.00530503979
318817,318824,320372,7,1548,2,7200,1.00452196382
318828,318838,320082,10,1244,2,7200,1.00803858521
318839,318860,320163,21,1303,2,7200,1.01611665388
318860,318868,320236,8,1368,2,7200,1.00584795322
318871,318877,320263,6,1386,2,7200,1.00432900433
318882,318889,320319,7,1430,2,7200,1.0048951049
318893,318899,320454,6,1555,2,7200,1.0038585209
318904,318910,320448,6,1538,2,7200,1.00390117035
318914,318921,320347,7,1426,2,7200,1.0049088359
318926,318932,320405,6,1473,2,7200,1.00407331976
318937,318943,320492,6,1549,2,7200,1.00387346675
318948,318956,320427,8,1471,2,7200,1.00543847723
318959,318965,320490,6,1525,2,7200,1.00393442623
318970,318976,320516,6,1540,2,7200,1.0038961039
318981,318987,320470,6,1483,2,7200,1.004045853
318991,319023,320559,32,1536,2,7200,1.02083333333
319022,319087,320394,65,1307,2,7200,1.04973221117
319084,319110,320387,26,1277,2,7200,1.02036021926
319105,319156,320602,51,1446,2,7200,1.03526970954
319157,319176,320705,19,1529,2,7200,1.0124264225
319178,319201,320598,23,1397,2,7200,1.01646385111
319199,319208,320608,9,1400,2,7200,1.00642857143
319222,319228,320732,6,1504,2,7200,1.0039893617
319232,319292,320761,60,1469,2,7200,1.04084411164
319294,319342,320842,48,1500,2,7200,1.032
319345,319361,320829,16,1468,2,7200,1.01089918256
319356,319415,320933,59,1518,2,7200,1.03886693017
319418,319610,321175,192,1565,2,7200,1.12268370607
319613,319623,321180,10,1557,2,7200,1.00642260758
319624,319630,321163,6,1533,2,7200,1.00391389432
319635,319744,320935,109,1191,2,7200,1.09151973132
319748,319762,320891,14,1129,2,7200,1.0124003543
319758,319769,320994,11,1225,2,7200,1.00897959184
319769,319776,320976,7,1200,2,7200,1.00583333333
319780,319842,320996,62,1154,2,7200,1.05372616984
319842,319857,321129,15,1272,2,7200,1.01179245283
319852,319864,321304,12,1440,2,7200,1.00833333333
319863,319872,321446,9,1574,2,7200,1.00571791614
319875,319882,321473,7,1591,2,7200,1.00439974859
319886,319893,321412,7,1519,2,7200,1.00460829493
319896,319903,321413,7,1510,2,7200,1.00463576159
319907,319913,321538,6,1625,2,7200,1.00369230769
319918,319924,321445,6,1521,2,7200,1.00394477318
319928,319935,321111,7,1176,2,7200,1.00595238095
319939,319946,321110,7,1164,2,7200,1.0060137457
319950,319956,321144,6,1188,2,7200,1.00505050505
319960,319986,321126,26,1140,2,7200,1.02280701754
319981,319993,321165,12,1172,2,7200,1.01023890785
319992,319999,321156,7,1157,2,7200,1.00605012965
320003,320049,321251,46,1202,2,7200,1.03826955075
320044,320055,321338,11,1283,2,7200,1.00857365549
320055,320082,321230,27,1148,2,7200,1.02351916376
320086,320092,321272,6,1180,2,7200,1.00508474576
320097,320104,321430,7,1326,2,7200,1.00527903469
320107,320114,321389,7,1275,2,7200,1.00549019608
320118,320125,321646,7,1521,2,7200,1.00460223537
320129,320136,321287,7,1151,2,7200,1.00608166811
320139,320145,321303,6,1158,2,7200,1.00518134715
320150,320156,321274,6,1118,2,7200,1.0053667263
320161,320166,321299,5,1133,2,7200,1.00441306267
320171,320178,321324,7,1146,2,7200,1.00610820244
320182,320189,321362,7,1173,2,7200,1.00596760443
320193,320199,321372,6,1173,2,7200,1.00511508951
320203,320211,321475,8,1264,2,7200,1.00632911392
320214,320240,321426,26,1186,2,7200,1.02192242833
320243,320484,320656,241,172,16,3599,2.4011627907
320245,320252,321515,7,1263,2,7200,1.00554235946
320256,320263,321514,7,1251,2,7200,1.00559552358
320267,320275,321507,8,1232,2,7200,1.00649350649
320277,320330,321627,53,1297,2,7200,1.04086353123
320329,320342,321452,13,1110,2,7200,1.01171171171
320340,320348,321490,8,1142,2,7200,1.00700525394
320350,320356,321499,6,1143,2,7200,1.00524934383
320361,320367,321545,6,1178,2,7200,1.00509337861
320372,320379,321578,7,1199,2,7200,1.0058381985
320382,320391,321677,9,1286,2,7200,1.00699844479
320393,320401,321584,8,1183,2,7200,1.0067624683
320404,320411,321529,7,1118,2,7200,1.00626118068
320415,320421,321578,6,1157,2,7200,1.00518582541
320425,320439,321683,14,1244,2,7200,1.01125401929
320436,320460,321611,24,1151,2,7200,1.02085143354
320457,320467,321674,10,1207,2,7200,1.00828500414
320468,320489,321594,21,1105,2,7200,1.01900452489
320489,320495,321641,6,1146,2,7200,1.00523560209
320500,320506,321704,6,1198,2,7200,1.00500834725
320510,320518,321809,8,1291,2,7200,1.00619674671
320521,320527,321774,6,1247,2,7200,1.00481154771
320532,320539,321800,7,1261,2,7200,1.00555114988
320542,320549,321734,7,1185,2,7200,1.005907173
320553,320559,321729,6,1170,2,7200,1.00512820513
320564,320570,321711,6,1141,2,7200,1.00525854514
320575,320610,321760,35,1150,2,7200,1.03043478261
320606,320622,321840,16,1218,2,7200,1.013136289
320627,320633,321955,6,1322,2,7200,1.00453857791
320638,320668,321981,30,1313,2,7200,1.02284843869
320670,320676,322006,6,1330,2,7200,1.0045112782
320680,320688,321998,8,1310,2,7200,1.00610687023
320691,320697,322021,6,1324,2,7200,1.00453172205
320703,320709,322040,6,1331,2,7200,1.00450788881
320714,370991,410691,50277,39700,16,72000,2.2664231738
320714,320720,322044,6,1324,2,7200,1.00453172205
320722,375579,410694,54857,35115,16,72000,2.56220988182
320725,320732,322047,7,1315,2,7200,1.00532319392
320735,320741,322066,6,1325,2,7200,1.00452830189
320735,375585,389343,54850,13758,16,72000,4.98677133304
320746,320753,322053,7,1300,2,7200,1.00538461538
320746,392447,403035,71701,10588,16,72000,7.77191159804
320757,320764,322091,7,1327,2,7200,1.00527505652
320768,320775,322103,7,1328,2,7200,1.00527108434
320778,320840,322166,62,1326,2,7200,1.0467571644
320840,320854,322170,14,1316,2,7200,1.01063829787
320851,320902,322213,51,1311,2,7200,1.03890160183
320903,320945,322258,42,1313,2,7200,1.03198781417
320944,320952,322258,8,1306,2,7200,1.00612557427
320955,320987,322320,32,1333,2,7200,1.0240060015
320986,321006,322330,20,1324,2,7200,1.01510574018
321007,321013,322333,6,1320,2,7200,1.00454545455
321018,321122,322444,104,1322,2,7200,1.07866868381
321121,321129,322441,8,1312,2,7200,1.00609756098
321127,324072,326655,2945,2583,1,18000,2.14014711576
321132,321137,322470,5,1333,2,7200,1.00375093773
321142,321148,322457,6,1309,2,7200,1.00458365164
321142,324342,326866,3200,2524,1,18000,2.26782884311
321153,321160,322471,7,1311,2,7200,1.00533943555
321156,324675,327206,3519,2531,1,18000,2.39035954168
321164,321170,322504,6,1334,2,7200,1.00449775112
321174,321182,322511,8,1329,2,7200,1.00601956358
321177,326671,329220,5494,2549,1,18000,3.15535504119
321185,321191,322518,6,1327,2,7200,1.00452147702
321191,326877,329549,5686,2672,1,18000,3.12799401198
321196,321203,322518,7,1315,2,7200,1.00532319392
321207,321214,322515,7,1301,2,7200,1.00538047656
321217,321248,322569,31,1321,2,7200,1.0234670704
321249,321264,322576,15,1312,2,7200,1.01143292683
321259,321284,322593,25,1309,2,7200,1.01909854851
321280,321291,322597,11,1306,2,7200,1.00842266462
321291,321300,322604,9,1304,2,7200,1.00690184049
321302,321311,322615,9,1304,2,7200,1.00690184049
321312,321318,322645,6,1327,2,7200,1.00452147702
321323,321329,322649,6,1320,2,7200,1.00454545455
321334,321340,322652,6,1312,2,7200,1.00457317073
321345,321352,322649,7,1297,2,7200,1.00539707016
321355,321374,322683,19,1309,2,7200,1.01451489687
321376,321385,322704,9,1319,2,7200,1.00682335102
321387,321401,322735,14,1334,2,7200,1.01049475262
321398,321425,322754,27,1329,2,7200,1.02031602709
321429,321436,322752,7,1316,2,7200,1.00531914894
321440,321446,322765,6,1319,2,7200,1.00454890068
321450,321460,322763,10,1303,2,7200,1.00767459708
321461,321467,322769,6,1302,2,7200,1.00460829493
321472,321479,322791,7,1312,2,7200,1.00533536585
321482,321489,322813,7,1324,2,7200,1.00528700906
321493,321499,322799,6,1300,2,7200,1.00461538462
321504,321510,322833,6,1323,2,7200,1.00453514739
321515,321522,322828,7,1306,2,7200,1.00535987749
321525,321531,322869,6,1338,2,7200,1.00448430493
321536,321543,322861,7,1318,2,7200,1.00531107739
321547,321554,322875,7,1321,2,7200,1.0052990159
321557,321564,322893,7,1329,2,7200,1.00526711813
321568,321574,322856,6,1282,2,7200,1.00468018721
321579,321585,322873,6,1288,2,7200,1.00465838509
321589,321599,322902,10,1303,2,7200,1.00767459708
321600,321607,322912,7,1305,2,7200,1.00536398467
321611,321623,322929,12,1306,2,7200,1.00918836141
321622,321630,322936,8,1306,2,7200,1.00612557427
321632,321638,322936,6,1298,2,7200,1.00462249615
321643,321649,322951,6,1302,2,7200,1.00460829493
321654,321661,322994,7,1333,2,7200,1.00525131283
321664,321672,322978,8,1306,2,7200,1.00612557427
321675,321681,323001,6,1320,2,7200,1.00454545455
321686,321693,323036,7,1343,2,7200,1.00521221147
321697,321703,323014,6,1311,2,7200,1.00457665904
321699,323111,323248,1412,137,16,3599,11.3065693431
321707,321714,323070,7,1356,2,7200,1.00516224189
321718,321724,323030,6,1306,2,7200,1.0045941807
321729,321735,323056,6,1321,2,7200,1.00454201363
321740,321746,323068,6,1322,2,7200,1.00453857791
321750,321758,323056,8,1298,2,7200,1.0061633282
321761,321772,323067,11,1295,2,7200,1.00849420849
321772,321786,323077,14,1291,2,7200,1.01084430674
321783,321812,323121,29,1309,2,7200,1.02215431627
321814,321820,323119,6,1299,2,7200,1.00461893764
321825,321853,323138,28,1285,2,7200,1.02178988327
321856,322211,323496,355,1285,2,7200,1.27626459144
321901,322148,324004,247,1856,25,7199,1.13308189655
321914,322269,324455,355,2186,8,28800,1.16239707228
321915,322529,324832,614,2303,8,28800,1.26660877117
321915,322481,324712,566,2231,8,28800,1.25369789332
321916,322604,324978,688,2374,8,28800,1.2898062342
322391,322403,329507,12,7104,3,7080,1.00168918919
322395,322409,329592,14,7183,3,7140,1.00194904636
322402,322416,328283,14,5867,3,7200,1.00238622806
322418,322469,329516,51,7047,3,7020,1.00723712218
322424,322523,329453,99,6930,3,6900,1.01428571429
322428,322612,327980,184,5368,3,6960,1.03427719821
322435,322825,329928,390,7103,3,7080,1.05490637759
322440,322889,330051,449,7162,3,7140,1.06269198548
322445,323068,328341,623,5273,3,7200,1.11814906126
322608,322619,323954,11,1335,2,7200,1.00823970037
322619,322631,323944,12,1313,2,7200,1.00913937548
322629,322657,323966,28,1309,2,7200,1.02139037433
322660,322668,323991,8,1323,2,7200,1.00604686319
322671,322678,323974,7,1296,2,7200,1.00540123457
322682,322689,323980,7,1291,2,7200,1.00542215337
322694,322700,323994,6,1294,2,7200,1.00463678516
322704,322717,324071,13,1354,2,7200,1.00960118168
322715,322746,324056,31,1310,2,7200,1.02366412214
322746,322764,324068,18,1304,2,7200,1.01380368098
322767,322774,324106,7,1332,2,7200,1.00525525526
322778,322784,324090,6,1306,2,7200,1.0045941807
322789,322795,324096,6,1301,2,7200,1.00461183705
322799,322806,324118,7,1312,2,7200,1.00533536585
322810,322817,324149,7,1332,2,7200,1.00525525526
322821,322841,324142,20,1301,2,7200,1.01537279016
322842,322848,324138,6,1290,2,7200,1.00465116279
322852,322868,324200,16,1332,2,7200,1.01201201201
322863,322875,324167,12,1292,2,7200,1.0092879257
322874,322882,324164,8,1282,2,7200,1.00624024961
322884,322896,324149,12,1253,2,7200,1.00957701516
322895,322904,324199,9,1295,2,7200,1.00694980695
322906,322914,324225,8,1311,2,7200,1.00610221205
322917,322923,324225,6,1302,2,7200,1.00460829493
322927,322940,324236,13,1296,2,7200,1.0100308642
322938,322947,324244,9,1297,2,7200,1.00693909021
322949,322955,324268,6,1313,2,7200,1.00456968774
322959,322965,324276,6,1311,2,7200,1.00457665904
322971,322990,324292,19,1302,2,7200,1.01459293395
322992,323006,324327,14,1321,2,7200,1.01059803179
323003,323012,324310,9,1298,2,7200,1.00693374422
323014,323026,324287,12,1261,2,7200,1.00951625694
323024,323042,324298,18,1256,2,7200,1.01433121019
323045,323051,324337,6,1286,2,7200,1.00466562986
323056,323079,324395,23,1316,2,7200,1.01747720365
323077,323085,324362,8,1277,2,7200,1.00626468285
323087,323095,324405,8,1310,2,7200,1.00610687023
323098,323105,324417,7,1312,2,7200,1.00533536585
323109,323127,324429,18,1302,2,7200,1.01382488479
323130,323136,324392,6,1256,2,7200,1.00477707006
323140,323146,324444,6,1298,2,7200,1.00462249615
323151,323158,324439,7,1281,2,7200,1.00546448087
323162,323260,324546,98,1286,2,7200,1.07620528771
323265,323272,324545,7,1273,2,7200,1.00549882168
323276,323282,324544,6,1262,2,7200,1.00475435816
323286,323293,324601,7,1308,2,7200,1.00535168196
323297,323307,324609,10,1302,2,7200,1.00768049155
323308,323315,324618,7,1303,2,7200,1.00537221796
323318,323324,324645,6,1321,2,7200,1.00454201363
323329,323352,324657,23,1305,2,7200,1.01762452107
323350,323508,324805,158,1297,2,7200,1.12181958365
323504,323956,325210,452,1254,2,7200,1.36044657097
323953,323966,325245,13,1279,2,7200,1.01016419077
323964,323979,325283,15,1304,2,7200,1.01150306748
323969,327219,335849,3250,8630,1,36000,1.37659327926
323975,323985,325279,10,1294,2,7200,1.00772797527
323985,323992,325269,7,1277,2,7200,1.00548159749
323996,324002,325276,6,1274,2,7200,1.00470957614
324007,324013,325292,6,1279,2,7200,1.00469116497
324017,324025,325282,8,1257,2,7200,1.00636435959
324028,324034,325302,6,1268,2,7200,1.0047318612
324039,324045,325305,6,1260,2,7200,1.00476190476
324050,324056,325323,6,1267,2,7200,1.0047355959
324060,324067,325349,7,1282,2,7200,1.00546021841
324071,324079,325367,8,1288,2,7200,1.00621118012
324082,324088,325363,6,1275,2,7200,1.00470588235
324092,324099,325383,7,1284,2,7200,1.0054517134
324103,324110,325376,7,1266,2,7200,1.00552922591
324114,324120,325441,6,1321,2,7200,1.00454201363
324124,324132,325360,8,1228,2,7200,1.00651465798
324135,324141,325394,6,1253,2,7200,1.00478850758
324146,324152,325415,6,1263,2,7200,1.00475059382
324157,324163,325486,6,1323,2,7200,1.00453514739
324167,324175,325484,8,1309,2,7200,1.00611153552
324178,324185,325467,7,1282,2,7200,1.00546021841
324189,324195,325463,6,1268,2,7200,1.0047318612
324199,324207,325455,8,1248,2,7200,1.00641025641
324211,324223,325488,12,1265,2,7200,1.00948616601
324222,324229,325482,7,1253,2,7200,1.00558659218
324233,324240,325455,7,1215,2,7200,1.00576131687
324243,324251,325644,8,1393,2,7200,1.00574300072
324254,324260,325704,6,1444,2,7200,1.00415512465
324265,324271,325640,6,1369,2,7200,1.00438276114
324276,324283,325628,7,1345,2,7200,1.00520446097
324286,324292,325697,6,1405,2,7200,1.00427046263
324297,324304,325689,7,1385,2,7200,1.00505415162
324307,324315,325690,8,1375,2,7200,1.00581818182
324318,324325,325684,7,1359,2,7200,1.00515084621
324329,324335,325702,6,1367,2,7200,1.00438917337
324339,324348,325669,9,1321,2,7200,1.00681302044
324350,324357,325696,7,1339,2,7200,1.00522778193
324361,324367,325755,6,1388,2,7200,1.00432276657
324364,329231,331011,4867,1780,1,36000,3.73426966292
324364,329528,331293,5164,1765,1,36000,3.92577903683
324365,329562,331476,5197,1914,1,36000,3.71525600836
324367,331023,332964,6656,1941,1,36000,4.42916022669
324371,324378,325762,7,1384,2,7200,1.00505780347
324374,331304,333320,6930,2016,1,36000,4.4375
324377,331502,333472,7125,1970,1,36000,4.61675126904
324378,332976,334756,8598,1780,1,36000,5.83033707865
324378,333331,334970,8953,1639,1,36000,6.4624771202
324379,333973,335444,9594,1471,1,36000,7.52209381373
324379,333488,335141,9109,1653,1,36000,6.51058681186
324380,335861,337605,11481,1744,1,36000,7.58314220183
324380,333979,335910,9599,1931,1,36000,5.97099948213
324381,335921,337801,11540,1880,1,36000,7.13829787234
324381,337812,339104,13431,1292,1,36000,11.3955108359
324382,324388,325734,6,1346,2,7200,1.0044576523
324382,337920,339844,13538,1924,1,36000,8.03638253638
324382,339117,340775,14735,1658,1,36000,9.88721351025
324383,351364,352783,26981,1419,1,36000,20.0140944327
324384,352794,354400,28410,1606,1,36000,18.6899128269
324384,354412,356103,30028,1691,1,36000,18.7575399172
324384,356114,357603,31730,1489,1,36000,22.3096037609
324393,324399,325768,6,1369,2,7200,1.00438276114
324403,324410,325763,7,1353,2,7200,1.0051736881
324414,324420,325796,6,1376,2,7200,1.00436046512
324425,324432,325779,7,1347,2,7200,1.00519673348
324435,324442,325794,7,1352,2,7200,1.00517751479
324446,324452,325793,6,1341,2,7200,1.00447427293
324457,324463,325806,6,1343,2,7200,1.00446760983
324467,324474,325821,7,1347,2,7200,1.00519673348
324478,324484,325806,6,1322,2,7200,1.00453857791
324488,334544,336414,10056,1870,25,7199,6.37754010695
324489,324495,325847,6,1352,2,7200,1.00443786982
324500,324507,325904,7,1397,2,7200,1.00501073729
324508,357614,381639,33106,24025,1,540000,2.37798126951
324510,324516,325916,6,1400,2,7200,1.00428571429
324521,324527,325907,6,1380,2,7200,1.00434782609
324532,324538,325944,6,1406,2,7200,1.00426742532
324544,324552,325978,8,1426,2,7200,1.00561009818
324555,324561,325907,6,1346,2,7200,1.0044576523
324566,324572,325967,6,1395,2,7200,1.00430107527
324577,324583,325944,6,1361,2,7200,1.00440852314
324587,324594,325943,7,1349,2,7200,1.00518902891
324598,324613,325982,15,1369,2,7200,1.01095690285
324609,324620,325999,11,1379,2,7200,1.00797679478
324621,324629,326004,8,1375,2,7200,1.00581818182
324632,324657,326028,25,1371,2,7200,1.01823486506
324654,324670,326009,16,1339,2,7200,1.01194921583
324666,324724,326124,58,1400,2,7200,1.04142857143
324728,324734,326116,6,1382,2,7200,1.00434153401
324739,324745,326154,6,1409,2,7200,1.00425833925
324749,324755,326177,6,1422,2,7200,1.00421940928
324760,324817,326189,57,1372,2,7200,1.0415451895
324822,324845,326201,23,1356,2,7200,1.01696165192
324843,324852,326197,9,1345,2,7200,1.00669144981
324854,324860,326197,6,1337,2,7200,1.00448765894
324865,324871,326212,6,1341,2,7200,1.00447427293
324876,324990,326294,114,1304,2,7200,1.08742331288
324945,361217,368446,36272,7229,25,7199,6.01756812837
324990,324998,326395,8,1397,2,7200,1.00572655691
325000,325008,326393,8,1385,2,7200,1.00577617329
325011,325018,326428,7,1410,2,7200,1.00496453901
325022,325222,326572,200,1350,2,7200,1.14814814815
325227,325257,326617,30,1360,2,7200,1.02205882353
325259,325280,326633,21,1353,2,7200,1.0155210643
325280,325288,326644,8,1356,2,7200,1.00589970501
325290,325297,326634,7,1337,2,7200,1.00523560209
325301,325307,326616,6,1309,2,7200,1.00458365164
325312,325318,326650,6,1332,2,7200,1.0045045045
325323,325330,326691,7,1361,2,7200,1.005143277
325333,325340,326697,7,1357,2,7200,1.00515843773
325344,325352,326702,8,1350,2,7200,1.00592592593
325355,325361,326729,6,1368,2,7200,1.00438596491
325365,325372,326776,7,1404,2,7200,1.00498575499
325376,325382,326764,6,1382,2,7200,1.00434153401
325387,325394,326784,7,1390,2,7200,1.00503597122
325398,325404,326779,6,1375,2,7200,1.00436363636
325408,325414,326783,6,1369,2,7200,1.00438276114
325419,325426,326759,7,1333,2,7200,1.00525131283
325430,325437,326774,7,1337,2,7200,1.00523560209
325440,325447,326745,7,1298,2,7200,1.00539291217
325451,325457,326764,6,1307,2,7200,1.00459066565
325462,325469,326859,7,1390,2,7200,1.00503597122
325473,325481,326820,8,1339,2,7200,1.00597460792
325483,325491,326879,8,1388,2,7200,1.00576368876
325494,325501,326864,7,1363,2,7200,1.00513573001
325505,325511,326876,6,1365,2,7200,1.0043956044
325516,325522,326906,6,1384,2,7200,1.00433526012
325526,325533,326894,7,1361,2,7200,1.005143277
325537,325543,326919,6,1376,2,7200,1.00436046512
325548,325640,326993,92,1353,2,7200,1.06799704361
325640,325653,327003,13,1350,2,7200,1.00962962963
325651,325660,327025,9,1365,2,7200,1.00659340659
325662,325681,326999,19,1318,2,7200,1.01441578149
325683,325695,327002,12,1307,2,7200,1.00918133129
325684,325702,332435,18,6733,3,6720,1.00267339967
325694,325708,326999,14,1291,2,7200,1.01084430674
325705,325715,327106,10,1391,2,7200,1.00718907261
325715,325721,327072,6,1351,2,7200,1.0044411547
325726,325732,327090,6,1358,2,7200,1.00441826215
325737,325746,327196,9,1450,2,7200,1.00620689655
325747,325768,327195,21,1427,2,7200,1.01471618781
325768,325775,327173,7,1398,2,7200,1.00500715308
325779,325785,327153,6,1368,2,7200,1.00438596491
325790,325796,327131,6,1335,2,7200,1.00449438202
325801,325808,327154,7,1346,2,7200,1.00520059435
325811,325817,327174,6,1357,2,7200,1.00442151805
325818,325824,332652,6,6828,3,6780,1.00087873462
325822,325831,327126,9,1295,2,7200,1.00694980695
325833,325840,327177,7,1337,2,7200,1.00523560209
325844,325851,327138,7,1287,2,7200,1.00543900544
325855,325861,327258,6,1397,2,7200,1.00429491768
325865,325871,327285,6,1414,2,7200,1.00424328147
325876,325916,327281,40,1365,2,7200,1.0293040293
325918,325924,327318,6,1394,2,7200,1.00430416069
325928,325955,327382,27,1427,2,7200,1.01892081289
325928,325934,332812,6,6878,3,6840,1.00087234661
325960,325967,327442,7,1475,2,7200,1.00474576271
325970,325977,327310,7,1333,2,7200,1.00525131283
325981,325987,327363,6,1376,2,7200,1.00436046512
325992,325999,327368,7,1369,2,7200,1.00511322133
326003,326010,327377,7,1367,2,7200,1.00512070227
326013,326021,327365,8,1344,2,7200,1.00595238095
326024,326031,327380,7,1349,2,7200,1.00518902891
326035,326041,327434,6,1393,2,7200,1.00430725054
326046,326053,327486,7,1433,2,7200,1.00488485694
326057,326128,327467,71,1339,2,7200,1.05302464526
326129,326135,327503,6,1368,2,7200,1.00438596491
326140,326166,327509,26,1343,2,7200,1.01935964259
326171,326189,327519,18,1330,2,7200,1.01353383459
326192,326201,327545,9,1344,2,7200,1.00669642857
326203,326209,327568,6,1359,2,7200,1.00441501104
326213,326221,327617,8,1396,2,7200,1.00573065903
326224,326230,327576,6,1346,2,7200,1.0044576523
326235,326241,327566,6,1325,2,7200,1.00452830189
326246,326307,327665,61,1358,2,7200,1.04491899853
326308,326405,327713,97,1308,2,7200,1.07415902141
326400,326412,327791,12,1379,2,7200,1.00870195794
326411,326440,327813,29,1373,2,7200,1.02112163146
326442,326585,327949,143,1364,2,7200,1.10483870968
326586,326628,327981,42,1353,2,7200,1.0310421286
326627,326635,328022,8,1387,2,7200,1.00576784427
326638,326645,328027,7,1382,2,7200,1.00506512301
326649,326655,328003,6,1348,2,7200,1.00445103858
326660,326666,328003,6,1337,2,7200,1.00448765894
326670,326678,328043,8,1365,2,7200,1.00586080586
326681,326704,328034,23,1330,2,7200,1.01729323308
326702,326711,328136,9,1425,2,7200,1.00631578947
326713,326719,328117,6,1398,2,7200,1.00429184549
326723,326741,328099,18,1358,2,7200,1.01325478645
326744,326758,328157,14,1399,2,7200,1.01000714796
326755,326770,328119,15,1349,2,7200,1.01111934766
326766,326777,328165,11,1388,2,7200,1.00792507205
326777,326785,328154,8,1369,2,7200,1.00584368152
326787,326793,328158,6,1365,2,7200,1.0043956044
326798,326805,328143,7,1338,2,7200,1.00523168909
326809,326815,328204,6,1389,2,7200,1.00431965443
326819,326825,328158,6,1333,2,7200,1.00450112528
326830,326836,328245,6,1409,2,7200,1.00425833925
326841,326848,328191,7,1343,2,7200,1.00521221147
326851,326871,328278,20,1407,2,7200,1.01421464108
326872,326883,328248,11,1365,2,7200,1.00805860806
326883,326890,328274,7,1384,2,7200,1.00505780347
326894,326900,328268,6,1368,2,7200,1.00438596491
326905,326911,328242,6,1331,2,7200,1.00450788881
326915,326922,328268,7,1346,2,7200,1.00520059435
326926,326933,328314,7,1381,2,7200,1.00506879073
326937,326943,328303,6,1360,2,7200,1.00441176471
326947,326953,328337,6,1384,2,7200,1.00433526012
326958,326965,328383,7,1418,2,7200,1.00493653032
326969,326976,328422,7,1446,2,7200,1.00484094053
326980,327005,328377,25,1372,2,7200,1.01822157434
327001,327012,328363,11,1351,2,7200,1.00814211695
327011,327019,328408,8,1389,2,7200,1.00575953924
327022,327029,328387,7,1358,2,7200,1.00515463918
327033,327039,328363,6,1324,2,7200,1.00453172205
327043,327050,328386,7,1336,2,7200,1.00523952096
327054,327083,328425,29,1342,2,7200,1.021609538
327085,327101,328573,16,1472,2,7200,1.01086956522
327106,327117,328490,11,1373,2,7200,1.00801165331
327117,327137,328514,20,1377,2,7200,1.01452432825
327138,327144,328509,6,1365,2,7200,1.0043956044
327149,327155,328504,6,1349,2,7200,1.00444773907
327159,327165,328491,6,1326,2,7200,1.00452488688
327170,327177,328533,7,1356,2,7200,1.00516224189
327181,327188,328628,7,1440,2,7200,1.00486111111
327192,327199,328535,7,1336,2,7200,1.00523952096
327202,327210,328605,8,1395,2,7200,1.00573476703
327213,327225,328522,12,1297,2,7200,1.00925212028
327224,327232,328582,8,1350,2,7200,1.00592592593
327235,327270,328623,35,1353,2,7200,1.0258684405
327267,327292,328698,25,1406,2,7200,1.01778093883
327298,327305,328677,7,1372,2,7200,1.00510204082
327309,327322,328741,13,1419,2,7200,1.00916138125
327319,327331,328761,12,1430,2,7200,1.00839160839
327330,327375,328803,45,1428,2,7200,1.03151260504
327377,327384,328694,7,1310,2,7200,1.00534351145
327388,327394,328698,6,1304,2,7200,1.00460122699
327399,327405,328747,6,1342,2,7200,1.0044709389
327409,327416,328862,7,1446,2,7200,1.00484094053
327420,327427,328794,7,1367,2,7200,1.00512070227
327431,327446,328909,15,1463,2,7200,1.01025290499
327441,327455,328960,14,1505,2,7200,1.00930232558
327452,327480,328958,28,1478,2,7200,1.01894451962
327483,327498,328840,15,1342,2,7200,1.01117734724
327494,327516,328874,22,1358,2,7200,1.01620029455
327515,327523,328836,8,1313,2,7200,1.00609291698
327526,327532,328844,6,1312,2,7200,1.00457317073
327536,327558,328873,22,1315,2,7200,1.01673003802
327557,327578,328950,21,1372,2,7200,1.01530612245
327578,327584,328932,6,1348,2,7200,1.00445103858
327589,327595,328976,6,1381,2,7200,1.00434467777
327600,327630,329108,30,1478,2,7200,1.02029769959
327631,327677,329083,46,1406,2,7200,1.03271692745
327673,327725,329176,52,1451,2,7200,1.03583735355
327724,327803,329314,79,1511,2,7200,1.05228325612
327807,327824,329167,17,1343,2,7200,1.01265822785
327828,327961,329267,133,1306,2,7200,1.10183767228
327961,327993,329381,32,1388,2,7200,1.02305475504
327993,328015,329405,22,1390,2,7200,1.01582733813
328014,328022,329463,8,1441,2,7200,1.00555170021
328024,328034,329492,10,1458,2,7200,1.00685871056
328035,328041,329422,6,1381,2,7200,1.00434467777
328046,328052,329577,6,1525,2,7200,1.00393442623
328057,328063,329370,6,1307,2,7200,1.00459066565
328067,328129,329496,62,1367,2,7200,1.04535479151
328130,328202,329535,72,1333,2,7200,1.05401350338
328202,328253,329674,51,1421,2,7200,1.03589021816
328254,328260,329650,6,1390,2,7200,1.00431654676
328264,328279,329797,15,1518,2,7200,1.00988142292
328275,328286,329800,11,1514,2,7200,1.0072655218
328286,328292,329774,6,1482,2,7200,1.004048583
328296,328326,329916,30,1590,2,7200,1.01886792453
328328,328374,329810,46,1436,2,7200,1.03203342618
328379,328388,329725,9,1337,2,7200,1.00673148841
328390,328397,329763,7,1366,2,7200,1.00512445095
328400,328408,329742,8,1334,2,7200,1.0059970015
328411,328420,329906,9,1486,2,7200,1.00605652759
328422,328436,329840,14,1404,2,7200,1.00997150997
328433,328501,329921,68,1420,2,7200,1.04788732394
328445,334571,341790,6126,7219,3,7200,1.84859398809
328505,328525,329986,20,1461,2,7200,1.01368925394
328526,328534,330048,8,1514,2,7200,1.00528401585
328536,328545,330065,9,1520,2,7200,1.00592105263
328547,328554,330024,7,1470,2,7200,1.00476190476
328558,328585,330062,27,1477,2,7200,1.0182802979
328589,328596,329904,7,1308,2,7200,1.00535168196
328599,328616,329990,17,1374,2,7200,1.01237263464
328620,328635,330041,15,1406,2,7200,1.0106685633
328631,328709,330096,78,1387,2,7200,1.05623648161
328714,328848,330304,134,1456,2,7200,1.09203296703
328848,328855,330326,7,1471,2,7200,1.00475866757
328858,328886,330333,28,1447,2,7200,1.0193503801
328889,328944,330461,55,1517,2,7200,1.03625576796
328941,328962,330471,21,1509,2,7200,1.01391650099
328962,328970,330554,8,1584,2,7200,1.00505050505
328973,328988,330470,15,1482,2,7200,1.01012145749
328983,329095,330394,112,1299,2,7200,1.08622016936
329096,329119,330446,23,1327,2,7200,1.01733232856
329117,329179,330498,62,1319,2,7200,1.04700530705
329179,329187,330650,8,1463,2,7200,1.00546821599
329189,329278,330644,89,1366,2,7200,1.06515373353
329282,329325,330821,43,1496,2,7200,1.02874331551
329323,329382,330905,59,1523,2,7200,1.03873933027
329386,329434,330923,48,1489,2,7200,1.03223640027
329437,329504,330897,67,1393,2,7200,1.04809763101
329499,329510,330942,11,1432,2,7200,1.00768156425
329509,329546,331147,37,1601,2,7200,1.0231105559
329551,329662,331270,111,1608,2,7200,1.06902985075
329653,329685,330987,32,1302,2,7200,1.02457757296
329674,329736,331097,62,1361,2,7200,1.04555473916
329726,329753,331058,27,1305,2,7200,1.02068965517
329746,329774,331100,28,1326,2,7200,1.02111613876
329764,334576,341611,4812,7035,3,7020,1.68400852878
329767,329786,331210,19,1424,2,7200,1.01334269663
329778,329809,331170,31,1361,2,7200,1.02277736958
329799,329816,331229,17,1413,2,7200,1.01203113942
329810,329822,331248,12,1426,2,7200,1.00841514727
329810,334581,341503,4771,6922,3,6900,1.68925166137
329820,329852,331329,32,1477,2,7200,1.02166553825
329841,329916,331467,75,1551,2,7200,1.04835589942
329875,341515,348614,11640,7099,3,7080,2.63966755881
329899,341624,348771,11725,7147,3,7140,2.64054848188
329913,329922,331399,9,1477,2,7200,1.00609343263
329914,329930,331486,16,1556,2,7200,1.01028277635
329924,329937,331496,13,1559,2,7200,1.00833867864
329935,329997,331331,62,1334,2,7200,1.04647676162
329964,341802,348907,11838,7105,3,7080,2.66615059817
329986,330004,331472,18,1468,2,7200,1.01226158038
329997,330036,331382,39,1346,2,7200,1.02897473997
330028,330052,331500,24,1448,2,7200,1.01657458564
330049,330074,331453,25,1379,2,7200,1.01812907904
330049,330059,331473,10,1414,2,7200,1.00707213579
330069,342806,349955,12737,7149,3,7140,2.78164778291
330070,330081,331501,11,1420,2,7200,1.00774647887
330071,330108,331559,37,1451,2,7200,1.02549965541
330102,330315,331803,213,1488,2,7200,1.14314516129
330307,330337,331952,30,1615,2,7200,1.01857585139
330327,330344,331964,17,1620,2,7200,1.01049382716
330338,330405,331906,67,1501,2,7200,1.04463690873
330400,330457,331910,57,1453,2,7200,1.039229181
330451,330473,332058,22,1585,2,7200,1.01388012618
330462,330481,331922,19,1441,2,7200,1.01318528799
330473,330488,331857,15,1369,2,7200,1.01095690285
330483,330510,331906,27,1396,2,7200,1.01934097421
330504,330566,331995,62,1429,2,7200,1.0433869839
330555,330655,332050,100,1395,2,7200,1.07168458781
330648,330663,332140,15,1477,2,7200,1.01015572106
330658,330834,332361,176,1527,2,7200,1.11525867714
330822,330908,332329,86,1421,2,7200,1.06052076003
330904,330916,332479,12,1563,2,7200,1.00767754319
330915,330935,332440,20,1505,2,7200,1.01328903654
330925,330953,332548,28,1595,2,7200,1.01755485893
330946,330998,332634,52,1636,2,7200,1.03178484108
330988,331069,332586,81,1517,2,7200,1.05339485827
331059,331110,332625,51,1515,2,7200,1.03366336634
331101,331116,332560,15,1444,2,7200,1.01038781163
331111,331143,332459,32,1316,2,7200,1.02431610942
331142,331158,332498,16,1340,2,7200,1.01194029851
331154,331181,332586,27,1405,2,7200,1.01921708185
331185,331222,332743,37,1521,2,7200,1.02432610125
331227,331241,332590,14,1349,2,7200,1.01037805782
331237,331260,332720,23,1460,2,7200,1.01575342466
331258,331282,332812,24,1530,2,7200,1.01568627451
331279,331340,332898,61,1558,2,7200,1.03915275995
331341,331347,332797,6,1450,2,7200,1.00413793103
331352,331395,332873,43,1478,2,7200,1.02909336942
331393,331411,332988,18,1577,2,7200,1.01141407736
331415,331465,333057,50,1592,2,7200,1.03140703518
331467,331478,333039,11,1561,2,7200,1.00704676489
331477,331485,333012,8,1527,2,7200,1.00523903078
331478,331491,332916,13,1425,2,7200,1.00912280702
331489,331497,332863,8,1366,2,7200,1.00585651537
331499,331508,332944,9,1436,2,7200,1.00626740947
331510,331521,332907,11,1386,2,7200,1.00793650794
331510,331516,332966,6,1450,2,7200,1.00413793103
331521,331570,332989,49,1419,2,7200,1.03453136011
331572,331814,333299,242,1485,2,7200,1.16296296296
331818,331868,333338,50,1470,2,7200,1.03401360544
331870,331917,333424,47,1507,2,7200,1.03118779031
331911,331922,333515,11,1593,2,7200,1.0069052103
331922,331929,333388,7,1459,2,7200,1.00479780672
331932,331938,333331,6,1393,2,7200,1.00430725054
331943,331964,333340,21,1376,2,7200,1.01526162791
331964,331975,333408,11,1433,2,7200,1.00767620377
331974,332006,333469,32,1463,2,7200,1.02187286398
332005,332061,333573,56,1512,2,7200,1.03703703704
332057,332070,333524,13,1454,2,7200,1.00894085282
332068,332151,333732,83,1581,2,7200,1.05249841872
332150,332341,333936,191,1595,2,7200,1.1197492163
332345,332374,334000,29,1626,2,7200,1.01783517835
332376,332453,334019,77,1566,2,7200,1.04916985951
332458,332470,333957,12,1487,2,7200,1.00806993948
332469,332491,333821,22,1330,2,7200,1.01654135338
332489,332510,333913,21,1403,2,7200,1.01496792587
332510,332559,333957,49,1398,2,7200,1.03505007153
332562,332572,334133,10,1561,2,7200,1.0064061499
332572,332597,334021,25,1424,2,7200,1.01755617978
332593,332603,334095,10,1492,2,7200,1.00670241287
332595,332609,334062,14,1453,2,7200,1.00963523744
332605,332637,334023,32,1386,2,7200,1.02308802309
332636,332647,334139,11,1492,2,7200,1.00737265416
332647,332731,334307,84,1576,2,7200,1.05329949239
332729,332754,334267,25,1513,2,7200,1.01652346332
332750,332808,333992,58,1184,2,7200,1.04898648649
332814,332823,333959,9,1136,2,7200,1.00792253521
332828,332874,333996,46,1122,2,7200,1.04099821747
332870,332885,333962,15,1077,2,7200,1.0139275766
332883,332910,334120,27,1210,2,7200,1.02231404959
332907,332919,334331,12,1412,2,7200,1.00849858357
333075,333081,334393,6,1312,2,7200,1.00457317073
333075,333087,334423,12,1336,2,7200,1.00898203593
333086,333093,334416,7,1323,2,7200,1.00529100529
333086,333099,334433,13,1334,2,7200,1.00974512744
333097,333106,334436,9,1330,2,7200,1.00676691729
333097,333111,334461,14,1350,2,7200,1.01037037037
333108,333117,334440,9,1323,2,7200,1.00680272109
333109,333123,334416,14,1293,2,7200,1.01082753287
333119,333311,334625,192,1314,2,7200,1.14611872146
333314,333343,334664,29,1321,2,7200,1.02195306586
333345,333352,334662,7,1310,2,7200,1.00534351145
333345,333357,334683,12,1326,2,7200,1.00904977376
333357,333399,334733,42,1334,2,7200,1.03148425787
333398,333420,334750,22,1330,2,7200,1.01654135338
333419,333435,334778,16,1343,2,7200,1.01191362621
333439,333482,334834,43,1352,2,7200,1.03180473373
333481,333527,334872,46,1345,2,7200,1.03420074349
333517,343647,350391,10130,6744,3,6720,2.50207591934
333522,333536,334898,14,1362,2,7200,1.01027900147
333533,333585,334913,52,1328,2,7200,1.03915662651
333546,353167,359978,19621,6811,3,6780,3.88078108941
333584,333745,335090,161,1345,2,7200,1.11970260223
333588,359102,365953,25514,6851,3,6840,4.72412786455
333749,333833,335174,84,1341,2,7200,1.06263982103
333831,333924,335258,93,1334,2,7200,1.06971514243
333923,333948,335252,25,1304,2,7200,1.01917177914
333944,333968,335299,24,1331,2,7200,1.01803155522
333965,333986,335299,21,1313,2,7200,1.01599390708
333965,333991,335349,26,1358,2,7200,1.01914580265
333986,334004,335328,18,1324,2,7200,1.01359516616
333997,334011,335343,14,1332,2,7200,1.01051051051
334007,334017,335364,10,1347,2,7200,1.00742390497
334008,334030,335357,22,1327,2,7200,1.01657874906
334029,334043,335369,14,1326,2,7200,1.01055806938
334029,334037,335335,8,1298,2,7200,1.0061633282
334040,334073,335390,33,1317,2,7200,1.02505694761
334071,334106,335450,35,1344,2,7200,1.02604166667
334102,334131,335469,29,1338,2,7200,1.02167414051
334123,334145,335463,22,1318,2,7200,1.01669195751
334143,334152,335497,9,1345,2,7200,1.00669144981
334144,334278,335582,134,1304,2,7200,1.1027607362
334277,334319,335632,42,1313,2,7200,1.03198781417
334308,334342,335655,34,1313,2,7200,1.02589489718
334339,334404,335714,65,1310,2,7200,1.04961832061
334401,334427,335757,26,1330,2,7200,1.01954887218
334422,334434,335747,12,1313,2,7200,1.00913937548
334432,334440,335744,8,1304,2,7200,1.00613496933
334433,334447,335768,14,1321,2,7200,1.01059803179
334443,334454,335786,11,1332,2,7200,1.00825825826
334444,334459,335746,15,1287,2,7200,1.01165501166
334454,334472,335753,18,1281,2,7200,1.01405152225
334465,334587,335879,122,1292,2,7200,1.09442724458
334588,334638,335941,50,1303,2,7200,1.03837298542
334640,334674,335975,34,1301,2,7200,1.02613374327
334671,334681,336087,10,1406,2,7200,1.00711237553
334681,334694,336145,13,1451,2,7200,1.00895933839
334692,334744,336180,52,1436,2,7200,1.03621169916
334743,334763,336227,20,1464,2,7200,1.01366120219
334764,334790,336249,26,1459,2,7200,1.01782042495
334785,334846,336282,61,1436,2,7200,1.04247910864
334848,334884,336468,36,1584,2,7200,1.02272727273
334890,334910,336439,20,1529,2,7200,1.01308044474
334911,334924,336314,13,1390,2,7200,1.00935251799
334922,334982,336418,60,1436,2,7200,1.04178272981
334984,335101,336543,117,1442,2,7200,1.08113730929
335097,335187,336699,90,1512,2,7200,1.05952380952
335189,335264,336791,75,1527,2,7200,1.04911591356
335261,335271,336841,10,1570,2,7200,1.00636942675
335272,335310,336738,38,1428,2,7200,1.02661064426
335313,335319,336733,6,1414,2,7200,1.00424328147
335324,335340,336807,16,1467,2,7200,1.01090661213
335345,335351,336802,6,1451,2,7200,1.00413507926
335355,335362,336770,7,1408,2,7200,1.00497159091
335366,335373,336867,7,1494,2,7200,1.0046854083
335367,335378,337240,11,1862,2,7200,1.00590762621
335377,335385,336948,8,1563,2,7200,1.00511836212
335388,335394,336831,6,1437,2,7200,1.00417536534
335399,335405,336986,6,1581,2,7200,1.00379506641
335409,335463,336913,54,1450,2,7200,1.03724137931
335461,335475,336975,14,1500,2,7200,1.00933333333
335472,335482,336852,10,1370,2,7200,1.00729927007
335482,335508,336890,26,1382,2,7200,1.01881331404
335513,335594,337086,81,1492,2,7200,1.05428954424
335595,335644,337116,49,1472,2,7200,1.03328804348
335647,335668,337201,21,1533,2,7200,1.01369863014
335668,335726,337204,58,1478,2,7200,1.03924221922
335730,335756,337189,26,1433,2,7200,1.01814375436
335751,335763,337374,12,1611,2,7200,1.00744878957
335761,335770,337247,9,1477,2,7200,1.00609343263
335762,335775,337200,13,1425,2,7200,1.00912280702
335772,335782,337170,10,1388,2,7200,1.00720461095
335783,335789,337289,6,1500,2,7200,1.004
335794,335800,337302,6,1502,2,7200,1.00399467377
335804,335952,337377,148,1425,2,7200,1.10385964912
335948,335988,337407,40,1419,2,7200,1.0281888654
335989,336099,337460,110,1361,2,7200,1.08082292432
336102,336156,337661,54,1505,2,7200,1.03588039867
336155,336191,337675,36,1484,2,7200,1.02425876011
336196,336239,337586,43,1347,2,7200,1.03192279139
336237,336261,337723,24,1462,2,7200,1.01641586867
336258,336293,337662,35,1369,2,7200,1.02556610665
336290,336326,337782,36,1456,2,7200,1.02472527473
336331,336433,337906,102,1473,2,7200,1.06924643585
336434,336450,337880,16,1430,2,7200,1.01118881119
336454,336480,337847,26,1367,2,7200,1.01901975128
336475,336555,337975,80,1420,2,7200,1.05633802817
336557,336745,338110,188,1365,2,7200,1.13772893773
336742,336752,338094,10,1342,2,7200,1.00745156483
336742,336782,338101,40,1319,2,7200,1.03032600455
336773,336803,338233,30,1430,2,7200,1.02097902098
336794,336814,338307,20,1493,2,7200,1.01339584729
336805,336822,338243,17,1421,2,7200,1.01196340605
336816,336843,338255,27,1412,2,7200,1.01912181303
336837,336853,338256,16,1403,2,7200,1.011404134
336847,336864,338250,17,1386,2,7200,1.01226551227
336858,336878,338259,20,1381,2,7200,1.01448225923
336869,336902,338265,33,1363,2,7200,1.02421129861
336900,336925,338332,25,1407,2,7200,1.01776830135
336921,336960,338409,39,1449,2,7200,1.02691511387
336952,336986,338360,34,1374,2,7200,1.02474526929
336983,336997,338320,14,1323,2,7200,1.01058201058
336994,337097,338462,103,1365,2,7200,1.07545787546
337096,337127,338543,31,1416,2,7200,1.02189265537
337117,337181,338567,64,1386,2,7200,1.04617604618
337179,337201,338556,22,1355,2,7200,1.01623616236
337200,337212,338565,12,1353,2,7200,1.0088691796
337211,337218,338579,7,1361,2,7200,1.005143277
337211,337224,338544,13,1320,2,7200,1.00984848485
337222,337251,338659,29,1408,2,7200,1.02059659091
337242,337258,338651,16,1393,2,7200,1.01148600144
337253,337301,338701,48,1400,2,7200,1.03428571429
337294,337313,338794,19,1481,2,7200,1.01282916948
337305,337385,338698,80,1313,2,7200,1.06092916984
337377,337391,338710,14,1319,2,7200,1.01061410159
337388,337418,338744,30,1326,2,7200,1.02262443439
337408,337472,338878,64,1406,2,7200,1.04551920341
337470,337597,338916,127,1319,2,7200,1.09628506444
337593,337618,338981,25,1363,2,7200,1.01834189288
337614,337672,339074,58,1402,2,7200,1.04136947218
337665,337679,339053,14,1374,2,7200,1.01018922853
337676,337686,339062,10,1376,2,7200,1.00726744186
337687,337734,339062,47,1328,2,7200,1.03539156627
337738,337794,339230,56,1436,2,7200,1.03899721448
337790,337858,339302,68,1444,2,7200,1.04709141274
337861,337891,339500,30,1609,2,7200,1.01864512119
337892,337927,339486,35,1559,2,7200,1.02245028865
337924,337987,339288,63,1301,2,7200,1.04842428901
337985,338107,339430,122,1323,2,7200,1.09221466364
338108,338114,339478,6,1364,2,7200,1.00439882698
338119,338125,339449,6,1324,2,7200,1.00453172205
338129,338244,339563,115,1319,2,7200,1.08718726308
338242,338255,339607,13,1352,2,7200,1.00961538462
338253,338262,339585,9,1323,2,7200,1.00680272109
338263,338270,339639,7,1369,2,7200,1.00511322133
338264,338275,339632,11,1357,2,7200,1.00810611643
338275,338287,339832,12,1545,2,7200,1.00776699029
338275,338281,339729,6,1448,2,7200,1.00414364641
338286,338318,339749,32,1431,2,7200,1.02236198463
338317,338331,339805,14,1474,2,7200,1.00949796472
338327,338343,339673,16,1330,2,7200,1.01203007519
338348,338371,339689,23,1318,2,7200,1.01745068285
338369,338421,339778,52,1357,2,7200,1.03831982314
338421,338474,339772,53,1298,2,7200,1.04083204931
338472,338555,339863,83,1308,2,7200,1.06345565749
338544,338562,339923,18,1361,2,7200,1.01322556943
338565,338571,339904,6,1333,2,7200,1.00450112528
338566,338578,339884,12,1306,2,7200,1.00918836141
338576,338585,339918,9,1333,2,7200,1.00675168792
338587,338593,339941,6,1348,2,7200,1.00445103858
338598,338663,340115,65,1452,2,7200,1.04476584022
338621,381651,416602,43030,34951,1,54000,2.23115218449
338660,338670,340092,10,1422,2,7200,1.0070323488
338670,338710,340223,40,1513,2,7200,1.02643754131
338701,338716,340189,15,1473,2,7200,1.01018329939
338712,338722,340197,10,1475,2,7200,1.00677966102
338723,338755,340046,32,1291,2,7200,1.02478698683
338754,338806,340111,52,1305,2,7200,1.0398467433
338805,338889,340167,84,1278,2,7200,1.06572769953
338887,338928,340262,41,1334,2,7200,1.03073463268
338928,338993,340307,65,1314,2,7200,1.04946727549
338990,339066,340388,76,1322,2,7200,1.05748865356
339063,339073,340400,10,1327,2,7200,1.00753579503
339064,339079,340540,15,1461,2,7200,1.01026694045
339074,339085,340538,11,1453,2,7200,1.0075705437
339085,339243,340652,158,1409,2,7200,1.11213626686
339241,339300,340929,59,1629,2,7200,1.03621853898
339302,339313,340937,11,1624,2,7200,1.00677339901
339313,339441,340877,128,1436,2,7200,1.08913649025
339446,339460,340747,14,1287,2,7200,1.01087801088
339457,339489,340793,32,1304,2,7200,1.0245398773
339488,339497,340799,9,1302,2,7200,1.0069124424
339499,339511,340864,12,1353,2,7200,1.0088691796
339509,339576,340997,67,1421,2,7200,1.04714989444
339571,339596,341006,25,1410,2,7200,1.01773049645
339602,339618,341109,16,1491,2,7200,1.01073105298
339623,339644,341243,21,1599,2,7200,1.01313320826
339644,339651,341217,7,1566,2,7200,1.00446998723
339654,339684,341285,30,1601,2,7200,1.01873828857
339685,339700,341318,15,1618,2,7200,1.00927070457
339696,339740,341036,44,1296,2,7200,1.03395061728
339736,339802,340736,66,934,8,6000,1.07066381156
339777,339808,340711,31,903,8,6000,1.03433001107
339796,351358,353145,11562,1787,25,7199,7.47006155568
339808,339915,340828,107,913,8,6000,1.11719605696
339809,339817,341144,8,1327,2,7200,1.00602863602
339911,339931,341396,20,1465,2,7200,1.01365187713
339911,340104,341019,193,915,8,6000,1.21092896175
340105,340209,341117,104,908,8,6000,1.11453744493
340105,340122,341635,17,1513,2,7200,1.01123595506
340207,340412,341340,205,928,8,6000,1.22090517241
340208,340235,341791,27,1556,2,7200,1.01735218509
340412,340722,341618,310,896,8,6000,1.34598214286
340718,340747,341663,29,916,8,6000,1.03165938865
340739,340758,341671,19,913,8,6000,1.02081051479
340760,340840,341747,80,907,8,6000,1.08820286659
340760,340787,342305,27,1518,2,7200,1.01778656126
340842,340940,341843,98,903,8,6000,1.10852713178
340842,340848,342322,6,1474,2,7200,1.00407055631
340944,340951,342506,7,1555,2,7200,1.00450160772
340945,341031,341938,86,907,8,6000,1.09481808159
341036,341042,342549,6,1507,2,7200,1.00398142004
341047,341053,342716,6,1663,2,7200,1.00360793746
341047,341129,342034,82,905,8,6000,1.09060773481
341129,341135,342717,6,1582,2,7200,1.00379266751
341129,341254,342166,125,912,8,6000,1.13706140351
341252,341351,342280,99,929,8,6000,1.10656620022
341355,341631,342559,276,928,8,6000,1.2974137931
341355,341361,342342,6,981,2,7200,1.00611620795
341631,341637,342659,6,1022,2,7200,1.00587084149
341631,341674,342599,43,925,8,6000,1.04648648649
341672,341681,342697,9,1016,2,7200,1.00885826772
341672,341688,342607,16,919,8,6000,1.01741022851
341693,341699,342702,6,1003,2,7200,1.00598205384
341693,341759,342659,66,900,8,6000,1.07333333333
341755,341808,342848,53,1040,2,7200,1.05096153846
341755,341854,342789,99,935,8,6000,1.10588235294
341857,342045,343123,188,1078,2,7200,1.17439703154
341857,341952,342881,95,929,8,6000,1.10226049516
342041,342052,343108,11,1056,2,7200,1.01041666667
342041,342177,343087,136,910,8,6000,1.14945054945
342174,342184,343487,10,1303,2,7200,1.00767459708
342184,342191,343517,7,1326,2,7200,1.00527903469
342195,342316,343636,121,1320,2,7200,1.09166666667
342195,342292,343208,97,916,8,6000,1.10589519651
342318,342333,343629,15,1296,2,7200,1.01157407407
342339,342571,343499,232,928,8,6000,1.25
342339,342353,343661,14,1308,2,7200,1.01070336391
342573,342610,343533,37,923,8,6000,1.04008667389
342574,342579,343858,5,1279,2,7200,1.00390930414
342615,342626,343923,11,1297,2,7200,1.00848111025
342615,342621,343539,6,918,8,6000,1.00653594771
342625,342670,343589,45,919,8,6000,1.04896626768
342625,342676,343969,51,1293,2,7200,1.03944315545
342677,342708,343995,31,1287,2,7200,1.02408702409
342677,342800,343724,123,924,8,6000,1.13311688312
342799,342892,343830,93,938,8,6000,1.09914712154
342800,342812,344102,12,1290,2,7200,1.00930232558
342892,342899,344186,7,1287,2,7200,1.00543900544
342892,343099,344013,207,914,8,6000,1.22647702407
343096,343119,344422,23,1303,2,7200,1.01765157329
343096,343219,344137,123,918,8,6000,1.1339869281
343219,343225,344497,6,1272,2,7200,1.00471698113
343219,343510,344414,291,904,8,6000,1.32190265487
343515,343550,344468,35,918,8,6000,1.03812636166
343535,343556,344482,21,926,8,6000,1.02267818575
343535,343542,344808,7,1266,2,7200,1.00552922591
343556,343563,344846,7,1283,2,7200,1.00545596259
343556,343600,344526,44,926,8,6000,1.0475161987
343598,343736,344656,138,920,8,6000,1.15
343598,343641,344908,43,1267,2,7200,1.03393843725
343731,343743,345003,12,1260,2,7200,1.00952380952
343741,343843,345112,102,1269,2,7200,1.08037825059
343845,343851,345142,6,1291,2,7200,1.00464756003
343845,343935,344868,90,933,8,6000,1.09646302251
343937,343981,345239,44,1258,2,7200,1.03497615262
343937,344024,344936,87,912,8,6000,1.09539473684
344019,344031,345302,12,1271,2,7200,1.00944138474
344019,344154,345066,135,912,8,6000,1.14802631579
344142,344425,345356,283,931,8,6000,1.30397422127
344142,344148,345404,6,1256,2,7200,1.00477707006
344417,344482,345419,65,937,8,6000,1.06937033084
344469,344493,345414,24,921,8,6000,1.02605863192
344469,344475,345737,6,1262,2,7200,1.00475435816
344489,344543,345481,54,938,8,6000,1.05756929638
344489,344500,345726,11,1226,2,7200,1.00897226754
344531,344537,345797,6,1260,2,7200,1.00476190476
344531,344668,345582,137,914,8,6000,1.14989059081
344664,344879,345792,215,913,8,6000,1.23548740416
344664,344820,346067,156,1247,2,7200,1.12510024058
344878,344886,346132,8,1246,2,7200,1.00642054575
344878,344952,344971,74,19,8,6000,4.89473684211
344940,344983,345899,43,916,8,6000,1.04694323144
344940,344946,346194,6,1248,2,7200,1.00480769231
344981,345077,346012,96,935,8,6000,1.10267379679
344981,345014,346241,33,1227,2,7200,1.02689486553
345073,345367,346281,294,914,8,6000,1.32166301969
345074,345123,346339,49,1216,2,7200,1.04029605263
345335,368457,375568,23122,7111,32,43200,4.25158205597
345359,345416,346336,57,920,8,6000,1.06195652174
345421,345427,346344,6,917,8,6000,1.00654307525
345421,345494,346697,73,1203,2,7200,1.06068162926
345482,345488,346406,6,918,8,6000,1.00653594771
345482,345500,346716,18,1216,2,7200,1.01480263158
345503,345509,346710,6,1201,2,7200,1.0049958368
345503,345597,346528,94,931,8,6000,1.10096670247
345585,345803,346715,218,912,8,6000,1.23903508772
345585,345591,346909,6,1318,2,7200,1.00455235205
345799,345810,347113,11,1303,2,7200,1.00844205679
345800,345914,346841,114,927,8,6000,1.12297734628
345902,346027,346943,125,916,8,6000,1.1364628821
345902,345908,347199,6,1291,2,7200,1.00464756003
346014,346252,347200,238,948,8,6000,1.25105485232
346015,346021,347308,6,1287,2,7200,1.00466200466
346249,346293,347584,44,1291,2,7200,1.03408210689
346249,346347,347277,98,930,8,6000,1.10537634409
346341,346359,347273,18,914,8,6000,1.01969365427
346342,346353,347665,11,1312,2,7200,1.00838414634
346352,346540,347466,188,926,8,6000,1.2030237581
346352,346365,347667,13,1302,2,7200,1.00998463902
346414,346727,347635,313,908,8,6000,1.34471365639
346414,346420,347716,6,1296,2,7200,1.00462962963
346537,346852,347793,315,941,8,6000,1.33475026567
346537,346708,348025,171,1317,2,7200,1.1298405467
346731,346955,347881,224,926,8,6000,1.24190064795
346731,346737,348033,6,1296,2,7200,1.00462962963
346853,346859,348142,6,1283,2,7200,1.00467653936
346853,347212,348147,359,935,8,6000,1.38395721925
346956,347284,348223,328,939,8,6000,1.34930777423
346956,346961,348257,5,1296,2,7200,1.00385802469
347211,347291,348243,80,952,8,6000,1.08403361345
347211,347218,348482,7,1264,2,7200,1.00553797468
347283,347297,348585,14,1288,2,7200,1.01086956522
347283,347477,348411,194,934,8,6000,1.20770877944
347293,347646,348577,353,931,8,6000,1.37916219119
347477,347804,348724,327,920,8,6000,1.35543478261
347477,347483,348746,6,1263,2,7200,1.00475059382
347651,347892,348840,241,948,8,6000,1.25421940928
347651,347657,348939,6,1282,2,7200,1.00468018721
347804,347810,349087,6,1277,2,7200,1.00469851214
347804,348153,349091,349,938,8,6000,1.37206823028
347896,348161,349104,265,943,8,6000,1.28101802757
347896,347902,349186,6,1284,2,7200,1.0046728972
348152,348235,349154,83,919,8,6000,1.09031556039
348162,348255,349181,93,926,8,6000,1.10043196544
348162,348269,349554,107,1285,2,7200,1.08326848249
348254,348422,349345,168,923,8,6000,1.18201516793
348265,348590,349497,325,907,8,6000,1.35832414553
348418,348493,349689,75,1196,2,7200,1.0627090301
348418,348735,349651,317,916,8,6000,1.346069869
348592,348852,349788,260,936,8,6000,1.27777777778
348592,348598,349840,6,1242,2,7200,1.00483091787
348735,348757,349950,22,1193,2,7200,1.01844090528
348735,349102,350052,367,950,8,6000,1.38631578947
348858,348954,350184,96,1230,2,7200,1.07804878049
348858,349116,350034,258,918,8,6000,1.28104575163
349102,349108,350379,6,1271,2,7200,1.00472069237
349103,349165,350101,62,936,8,6000,1.06623931624
349113,349193,350120,80,927,8,6000,1.08629989213
349113,349199,350415,86,1216,2,7200,1.07072368421
349195,349508,350713,313,1205,2,7200,1.25975103734
349195,349514,350712,319,1198,2,7200,1.26627712855
349195,349356,350271,161,915,8,6000,1.17595628415
349511,349520,350683,9,1163,2,7200,1.00773860705
349511,349662,350598,151,936,8,6000,1.16132478632
349512,349800,350753,288,953,8,6000,1.30220356768
349665,350045,350984,380,939,8,6000,1.404685836
349665,349671,351005,6,1334,2,7200,1.00449775112
349798,350064,350982,266,918,8,6000,1.28976034858
349798,349806,351166,8,1360,2,7200,1.00588235294
350043,350112,351062,69,950,8,6000,1.07263157895
350043,350051,351460,8,1409,2,7200,1.00567778566
350063,350131,351073,68,942,8,6000,1.07218683652
350064,350071,351394,7,1323,2,7200,1.00529100529
350115,350121,351451,6,1330,2,7200,1.0045112782
350115,350282,351246,167,964,8,6000,1.17323651452
350136,350195,351575,59,1380,2,7200,1.04275362319
350136,350609,351572,473,963,8,6000,1.49117341641
350279,350764,351686,485,922,8,6000,1.52603036876
350279,350390,351644,111,1254,2,7200,1.08851674641
350605,350993,351938,388,945,8,6000,1.41058201058
350607,350615,351958,8,1343,2,7200,1.0059568131
350760,350770,352134,10,1364,2,7200,1.0073313783
350769,350999,351921,230,922,8,6000,1.24945770065
350993,351073,352004,80,931,8,6000,1.08592910849
351004,351084,352025,80,941,8,6000,1.08501594049
351076,351257,352183,181,926,8,6000,1.19546436285
351086,351093,352336,7,1243,2,7200,1.0056315366
351086,351408,352359,322,951,8,6000,1.33859095689
351260,351266,352766,6,1500,2,7200,1.004
351260,351584,352542,324,958,8,6000,1.3382045929
351454,351697,352630,243,933,8,6000,1.26045016077
351454,351462,352784,8,1322,2,7200,1.00605143722
351583,351656,354709,73,3053,5,14400,1.0239109073
351689,351932,353213,243,1281,2,7200,1.18969555035
351923,351938,353345,15,1407,2,7200,1.01066098081
351930,351944,355045,14,3101,5,14400,1.00451467269
351934,351956,353247,22,1291,2,7200,1.01704105345
351941,351950,354867,9,2917,5,14400,1.00308536167
351951,352015,354799,64,2784,5,14400,1.02298850575
351962,352021,355296,59,3275,5,14400,1.01801526718
352013,352037,354528,24,2491,5,14400,1.00963468487
352026,352043,353464,17,1421,2,7200,1.01196340605
352034,352194,354825,160,2631,5,14400,1.06081337894
352045,352199,355201,154,3002,5,14400,1.05129913391
352189,352206,353559,17,1353,2,7200,1.0125646711
352198,352370,354871,172,2501,5,14400,1.068772491
352341,352376,354820,35,2444,5,14400,1.0143207856
352372,352554,355029,182,2475,5,14400,1.07353535354
352546,352641,355883,95,3242,5,14400,1.02930289944
352557,352647,355910,90,3263,5,14400,1.02758197977
352638,353162,355746,524,2584,5,14400,1.20278637771
352767,352778,354090,11,1312,2,7200,1.00838414634
352789,352801,354125,12,1324,2,7200,1.00906344411
353158,353258,356563,100,3305,5,14400,1.03025718608
353258,353357,354694,99,1337,2,7200,1.07404637248
353360,353475,354825,115,1350,2,7200,1.08518518519
353472,353571,354910,99,1339,2,7200,1.07393577296
353575,354102,355446,527,1344,2,7200,1.39211309524
354105,354136,355492,31,1356,2,7200,1.02286135693
354136,354541,355885,405,1344,2,7200,1.30133928571
354356,354362,354489,6,127,1,3600,1.04724409449
354543,354549,355902,6,1353,2,7200,1.0044345898
354554,354720,357420,166,2700,5,14400,1.06148148148
354554,354560,355897,6,1337,2,7200,1.00448765894
354609,355763,356073,1154,310,1,3600,4.72258064516
354717,354726,356063,9,1337,2,7200,1.00673148841
354717,354811,357890,94,3079,5,14400,1.03052939266
354809,354837,356145,28,1308,2,7200,1.02140672783
354809,354831,357957,22,3126,5,14400,1.00703774792
354840,354885,356250,45,1365,2,7200,1.03296703297
354840,354846,357388,6,2542,5,14400,1.00236034618
354871,354891,356274,20,1383,2,7200,1.01446131598
354871,354878,357642,7,2764,5,14400,1.00253256151
354892,354921,356233,29,1312,2,7200,1.02210365854
354892,355040,357434,148,2394,5,14400,1.06182121972
355045,355056,357722,11,2666,5,14400,1.00412603151
355045,355212,356520,167,1308,2,7200,1.12767584098
355209,355313,358496,104,3183,5,14400,1.03267357839
355301,355504,358757,203,3253,5,14400,1.06240393483
355301,355307,356628,6,1321,2,7200,1.00454201363
355505,355757,359090,252,3333,5,14400,1.07560756076
355505,355894,357239,389,1345,2,7200,1.28921933086
355893,355902,358586,9,2684,5,14400,1.00335320417
355893,355908,357188,15,1280,2,7200,1.01171875
355904,355922,359529,18,3607,5,14400,1.00499029665
355904,355916,357225,12,1309,2,7200,1.00916730328
355925,356245,358778,320,2533,5,14400,1.12633241216
355925,356075,357354,150,1279,2,7200,1.11727912432
356241,356574,359091,333,2517,5,14400,1.13230035757
356241,356263,357530,22,1267,2,7200,1.01736385162
356297,356584,357221,287,637,1,3600,1.45054945055
356568,357200,360218,632,3018,5,14400,1.20941020543
356568,356579,357854,11,1275,2,7200,1.00862745098
357200,357366,359951,166,2585,5,14400,1.06421663443
357200,357236,358497,36,1261,2,7200,1.02854877082
357363,357400,359782,37,2382,5,14400,1.01553316541
357404,357431,360557,27,3126,5,14400,1.00863723608
357435,357447,360067,12,2620,5,14400,1.00458015267
357435,357541,358703,106,1162,2,7200,1.09122203098
357538,357733,358740,195,1007,2,7200,1.19364448858
357538,357655,360801,117,3146,5,14400,1.03719008264
357671,391443,392658,33772,1215,1,36000,28.7958847737
357673,392670,394588,34997,1918,1,36000,19.2466110532
357674,392897,394708,35223,1811,1,36000,20.4494754279
357674,394600,396676,36926,2076,1,36000,18.7870905588
357676,394720,396580,37044,1860,1,36000,20.9161290323
357677,405767,407678,48090,1911,1,36000,26.1648351648
357677,407689,409540,50012,1851,1,36000,28.018908698
357678,409553,410744,51875,1191,1,36000,44.5558354324
357681,409604,411686,51923,2082,1,36000,25.9390009606
357682,410945,412975,53263,2030,1,36000,27.2379310345
357682,410483,412123,52801,1640,1,36000,33.1957317073
357683,411109,412734,53426,1625,1,36000,33.8775384615
357684,411120,412570,53436,1450,1,36000,37.8524137931
357684,411114,412691,53430,1577,1,36000,34.8807863031
357685,411125,412796,53440,1671,1,36000,32.9808497905
357685,411130,412303,53445,1173,1,36000,46.5626598465
357686,411324,413075,53638,1751,1,36000,31.6327812678
357687,411329,413115,53642,1786,1,36000,31.0347144457
357689,411604,413767,53915,2163,1,36000,25.9260286639
357689,411610,413088,53921,1478,1,36000,37.4824086604
357732,357901,360861,169,2960,5,14400,1.05709459459
357732,357740,359072,8,1332,2,7200,1.00600600601
357895,357906,359206,11,1300,2,7200,1.00846153846
357895,357968,360410,73,2442,5,14400,1.02989352989
357909,357974,358193,65,219,1,3600,1.29680365297
357967,358303,359592,336,1289,2,7200,1.26066718386
357967,358507,361377,540,2870,5,14400,1.1881533101
358151,358203,358423,52,220,1,3600,1.23636363636
358324,358433,358761,109,328,1,3600,1.33231707317
358507,358514,359734,7,1220,2,7200,1.00573770492
358508,358597,361210,89,2613,5,14400,1.0340604669
358559,358771,359293,212,522,1,3600,1.4061302682
358599,358714,359994,115,1280,2,7200,1.08984375
358600,358777,361524,177,2747,5,14400,1.06443392792
358773,358784,360055,11,1271,2,7200,1.00865460268
358784,358790,360056,6,1266,2,7200,1.00473933649
358794,358800,360054,6,1254,2,7200,1.004784689
358805,359086,360351,281,1265,2,7200,1.22213438735
359073,359080,360222,7,1142,1,3600,1.0061295972
359091,359107,360362,16,1255,2,7200,1.01274900398
359091,359113,360381,22,1268,2,7200,1.01735015773
359112,359119,360353,7,1234,2,7200,1.0056726094
359123,359217,360456,94,1239,2,7200,1.07586763519
359215,359258,360476,43,1218,2,7200,1.03530377668
359256,359264,360602,8,1338,2,7200,1.00597907324
359267,359273,360605,6,1332,2,7200,1.0045045045
359278,359299,360609,21,1310,2,7200,1.01603053435
359298,359305,360601,7,1296,2,7200,1.00540123457
359309,359315,360601,6,1286,2,7200,1.00466562986
359320,359326,360626,6,1300,2,7200,1.00461538462
359331,359337,360648,6,1311,2,7200,1.00457665904
359341,359470,360758,129,1288,2,7200,1.1001552795
359474,359480,360738,6,1258,2,7200,1.00476947536
359485,359491,360760,6,1269,2,7200,1.00472813239
359496,359540,360807,44,1267,2,7200,1.03472770324
359537,359547,360814,10,1267,2,7200,1.00789265983
359546,359609,360509,63,900,1,3600,1.07
359548,359604,360888,56,1284,2,7200,1.04361370717
359599,359745,361030,146,1285,2,7200,1.11361867704
359743,359793,361069,50,1276,2,7200,1.03918495298
359795,359802,361037,7,1235,2,7200,1.00566801619
359805,359964,361260,159,1296,2,7200,1.12268518519
359959,359970,361227,11,1257,2,7200,1.00875099443
359970,359977,361217,7,1240,2,7200,1.00564516129
359980,359990,361157,10,1167,2,7200,1.00856898029
359991,360005,361128,14,1123,2,7200,1.0124666073
360002,360065,361209,63,1144,2,7200,1.05506993007
360064,360073,361235,9,1162,2,7200,1.00774526678
360074,360080,361179,6,1099,2,7200,1.00545950864
360085,360092,361255,7,1163,2,7200,1.0060189166
360096,360103,361252,7,1149,2,7200,1.00609225413
360107,360113,361270,6,1157,2,7200,1.00518582541
360117,360230,361312,113,1082,2,7200,1.10443622921
360230,360238,361364,8,1126,2,7200,1.00710479574
360241,360362,361471,121,1109,2,7200,1.10910730388
360363,360371,361436,8,1065,2,7200,1.00751173709
360374,360380,361597,6,1217,2,7200,1.00493015612
360385,360392,361561,7,1169,2,7200,1.00598802395
360395,360422,361600,27,1178,2,7200,1.02292020374
360426,360433,361547,7,1114,2,7200,1.00628366248
360437,360467,361586,30,1119,2,7200,1.02680965147
360468,360569,361654,101,1085,2,7200,1.0930875576
360571,360577,361619,6,1042,2,7200,1.00575815739
360581,360588,361689,7,1101,2,7200,1.00635785649
360592,360812,361980,220,1168,2,7200,1.18835616438
360807,360819,361980,12,1161,2,7200,1.01033591731
360818,360831,361981,13,1150,2,7200,1.01130434783
360818,360825,362009,7,1184,2,7200,1.00591216216
360829,360837,361963,8,1126,2,7200,1.00710479574
360839,360846,361974,7,1128,2,7200,1.00620567376
360850,360873,362055,23,1182,2,7200,1.01945854484
360871,360879,362001,8,1122,2,7200,1.00713012478
360881,360900,361984,19,1084,2,7200,1.01752767528
360902,361041,362118,139,1077,2,7200,1.12906220984
361046,361052,362157,6,1105,2,7200,1.00542986425
361056,361080,362217,24,1137,2,7200,1.02110817942
361077,361139,362255,62,1116,2,7200,1.05555555556
361139,361190,362342,51,1152,2,7200,1.04427083333
361190,361224,362350,34,1126,2,7200,1.03019538188
361211,361229,362354,18,1125,2,7200,1.016
361222,361235,362351,13,1116,2,7200,1.01164874552
361232,361242,362378,10,1136,2,7200,1.0088028169
361233,361247,362352,14,1105,2,7200,1.01266968326
361243,361253,362327,10,1074,2,7200,1.00931098696
361254,361264,362362,10,1098,2,7200,1.00910746812
361265,361277,362398,12,1121,2,7200,1.01070472792
361265,361271,362371,6,1100,2,7200,1.00545454545
361276,361323,362498,47,1175,2,7200,1.04
361317,361375,362593,58,1218,2,7200,1.04761904762
361368,361391,362528,23,1137,2,7200,1.02022867194
361378,361384,361480,6,96,1,3600,1.0625
361379,361396,362606,17,1210,2,7200,1.01404958678
361389,361402,362618,13,1216,2,7200,1.01069078947
361400,361448,362587,48,1139,2,7200,1.04214223003
361452,361483,362644,31,1161,2,7200,1.02670111972
361483,361535,362716,52,1181,2,7200,1.04403048264
361534,361558,362611,24,1053,2,7200,1.02279202279
361534,361542,362673,8,1131,2,7200,1.00707338638
361555,361572,362643,17,1071,2,7200,1.01587301587
361566,361599,362683,33,1084,2,7200,1.03044280443
361597,361614,362847,17,1233,2,7200,1.01378751014
361602,361609,361893,7,284,1,3600,1.02464788732
361607,361620,362836,13,1216,2,7200,1.01069078947
361618,361630,362781,12,1151,2,7200,1.01042571677
361629,361665,362888,36,1223,2,7200,1.02943581357
361660,361700,362985,40,1285,2,7200,1.03112840467
361671,361677,361758,6,81,1,1800,1.07407407407
361691,361975,363165,284,1190,2,7200,1.23865546218
361967,361992,363168,25,1176,2,7200,1.0212585034
361978,361997,363085,19,1088,2,7200,1.01746323529
361988,362009,363127,21,1118,2,7200,1.01878354204
361991,362004,362106,13,102,1,1800,1.12745098039
361999,362015,363082,16,1067,2,7200,1.01499531396
362010,362023,363147,13,1124,2,7200,1.0115658363
362020,362029,363206,9,1177,2,7200,1.00764655905
362021,362067,363184,46,1117,2,7200,1.04118173679
362032,362129,363229,97,1100,2,7200,1.08818181818
362063,362169,363392,106,1223,2,7200,1.08667211774
362134,362230,363486,96,1256,2,7200,1.07643312102
362166,362268,363465,102,1197,2,7200,1.08521303258
362174,362180,362742,6,562,1,3600,1.01067615658
362227,362339,363545,112,1206,2,7200,1.09286898839
362268,362353,363522,85,1169,2,7200,1.07271171942
362340,362361,363550,21,1189,2,7200,1.01766190076
362351,362368,363507,17,1139,2,7200,1.01492537313
362362,362373,363577,11,1204,2,7200,1.00913621262
362372,362379,363507,7,1128,2,7200,1.00620567376
362373,362385,363473,12,1088,2,7200,1.01102941176
362383,362392,363482,9,1090,2,7200,1.00825688073
362384,362397,363501,13,1104,2,7200,1.01177536232
362394,362409,363580,15,1171,2,7200,1.01280956447
362395,362509,363708,114,1199,2,7200,1.09507923269
362405,362540,363796,135,1256,2,7200,1.10748407643
362508,362600,363833,92,1233,2,7200,1.07461476075
362539,362611,363799,72,1188,2,7200,1.06060606061
362598,362606,362980,8,374,1,1800,1.02139037433
362600,362618,363857,18,1239,2,7200,1.01452784504
362611,362625,363880,14,1255,2,7200,1.01115537849
362622,362632,363806,10,1174,2,7200,1.00851788756
362622,362654,363778,32,1124,2,7200,1.02846975089
362633,362660,363968,27,1308,2,7200,1.02064220183
362653,362684,363792,31,1108,2,7200,1.02797833935
362664,362696,363775,32,1079,2,7200,1.0296570899
362685,362727,363824,42,1097,2,7200,1.03828623519
362696,362793,364016,97,1223,2,7200,1.07931316435
362727,362847,363949,120,1102,2,7200,1.10889292196
362788,362859,364078,71,1219,2,7200,1.05824446267
362850,362901,364114,51,1213,2,7200,1.04204451772
362860,362996,364217,136,1221,2,7200,1.11138411138
362902,363093,364408,191,1315,2,7200,1.14524714829
362994,363100,364335,106,1235,2,7200,1.08582995951
363096,363138,364338,42,1200,2,7200,1.035
363097,363159,364348,62,1189,2,7200,1.05214465938
363138,363177,364329,39,1152,2,7200,1.03385416667
363159,363183,364400,24,1217,2,7200,1.01972062449
363180,363217,364361,37,1144,2,7200,1.03234265734
363180,363195,364349,15,1154,2,7200,1.0129982669
363191,363240,364304,49,1064,2,7200,1.04605263158
363222,363403,364483,181,1080,2,7200,1.16759259259
363243,363477,364549,234,1072,2,7200,1.21828358209
363406,363484,364670,78,1186,2,7200,1.06576728499
363478,363494,364812,16,1318,2,7200,1.01213960546
363489,363514,364792,25,1278,2,7200,1.01956181534
363489,363500,364729,11,1229,2,7200,1.00895036615
363500,363520,364711,20,1191,2,7200,1.01679261125
363510,363526,364713,16,1187,2,7200,1.01347935973
363521,363556,364593,35,1037,2,7200,1.0337512054
363521,363534,364747,13,1213,2,7200,1.01071723001
363532,363563,364700,31,1137,2,7200,1.02726473175
363553,363589,364675,36,1086,2,7200,1.03314917127
363564,363596,364738,32,1142,2,7200,1.02802101576
363584,363721,364834,137,1113,2,7200,1.12309074573
363595,363789,364864,194,1075,2,7200,1.18046511628
363718,363796,364884,78,1088,2,7200,1.07169117647
363775,363781,363826,6,45,1,1800,1.13333333333
363790,363803,364994,13,1191,2,7200,1.01091519731
363801,363811,365141,10,1330,2,7200,1.00751879699
363801,363816,365124,15,1308,2,7200,1.01146788991
363812,363822,365045,10,1223,2,7200,1.00817661488
363812,363835,365001,23,1166,2,7200,1.01972555746
363823,363844,364968,21,1124,2,7200,1.01868327402
363834,363869,364916,35,1047,2,7200,1.03342884432
363844,363892,364970,48,1078,2,7200,1.04452690167
363865,363961,365090,96,1129,2,7200,1.08503100089
363896,363980,365180,84,1200,2,7200,1.07
363958,364027,365187,69,1160,2,7200,1.05948275862
363979,364090,365223,111,1133,2,7200,1.09796999117
364030,364125,365190,95,1065,2,7200,1.08920187793
364059,364065,364139,6,74,1,1800,1.08108108108
364092,364230,365349,138,1119,2,7200,1.12332439678
364123,364315,365475,192,1160,2,7200,1.16551724138
364225,364340,365577,115,1237,2,7200,1.0929668553
364318,364346,365504,28,1158,2,7200,1.02417962003
364338,364352,365446,14,1094,2,7200,1.01279707495
364349,364365,365489,16,1124,2,7200,1.01423487544
364349,364359,365436,10,1077,2,7200,1.00928505107
364360,364374,365432,14,1058,2,7200,1.01323251418
364371,364411,365559,40,1148,2,7200,1.03484320557
364371,364420,365625,49,1205,2,7200,1.04066390041
364412,364494,365610,82,1116,2,7200,1.07347670251
364423,364561,365745,138,1184,2,7200,1.11655405405
364495,364605,365743,110,1138,2,7200,1.09666080844
364557,364681,365820,124,1139,2,7200,1.10886742757
364608,364687,365905,79,1218,2,7200,1.06486042693
364680,364713,365869,33,1156,2,7200,1.0285467128
364691,364723,365839,32,1116,2,7200,1.02867383513
364711,364730,365837,19,1107,2,7200,1.01716350497
364722,364741,365870,19,1129,2,7200,1.01682905226
364733,364749,365840,16,1091,2,7200,1.01466544455
364743,364758,365886,15,1128,2,7200,1.01329787234
364754,364803,365990,49,1187,2,7200,1.04128053917
364754,364824,366030,70,1206,2,7200,1.05804311774
364756,364764,365013,8,249,1,1800,1.03212851406
364806,364845,366011,39,1166,2,7200,1.03344768439
364827,364875,366040,48,1165,2,7200,1.04120171674
364848,364895,366035,47,1140,2,7200,1.04122807018
364879,364927,366103,48,1176,2,7200,1.04081632653
364899,364979,366055,80,1076,2,7200,1.07434944238
364931,364986,366056,55,1070,2,7200,1.05140186916
364982,365006,366115,24,1109,2,7200,1.02164111812
364982,365013,366086,31,1073,2,7200,1.02889095993
365003,365056,366210,53,1154,2,7200,1.04592720971
365014,365101,366211,87,1110,2,7200,1.07837837838
365055,365136,366321,81,1185,2,7200,1.06835443038
365098,365153,366306,55,1153,2,7200,1.04770164788
365140,365192,366288,52,1096,2,7200,1.04744525547
365215,365226,366498,11,1272,2,7200,1.00864779874
365215,365221,366525,6,1304,2,7200,1.00460122699
365226,365234,366569,8,1335,2,7200,1.00599250936
365226,365360,366693,134,1333,2,7200,1.10052513128
365237,365443,366756,206,1313,2,7200,1.15689261234
365360,365451,366813,91,1362,2,7200,1.06681350954
365442,365459,366817,17,1358,2,7200,1.01251840943
365453,365486,366818,33,1332,2,7200,1.02477477477
365463,365502,366818,39,1316,2,7200,1.02963525836
365484,365516,366878,32,1362,2,7200,1.0234948605
365505,365571,366905,66,1334,2,7200,1.04947526237
365516,365588,366907,72,1319,2,7200,1.05458680819
365527,365535,365671,8,136,1,1800,1.05882352941
365567,365622,367005,55,1383,2,7200,1.03976861894
365588,365637,366969,49,1332,2,7200,1.03678678679
365619,365754,367083,135,1329,2,7200,1.10158013544
365640,365760,367066,120,1306,2,7200,1.09188361409
365753,365831,367157,78,1326,2,7200,1.05882352941
365763,365849,367156,86,1307,2,7200,1.06579954093
365835,365855,367160,20,1305,2,7200,1.0153256705
365846,365861,367156,15,1295,2,7200,1.01158301158
365856,365881,367193,25,1312,2,7200,1.01905487805
365857,365887,367218,30,1331,2,7200,1.02253944403
365878,365897,367182,19,1285,2,7200,1.01478599222
365888,365917,367226,29,1309,2,7200,1.02215431627
365899,366001,367308,102,1307,2,7200,1.07804131599
365920,366022,367336,102,1314,2,7200,1.07762557078
365923,365929,366029,6,100,1,1800,1.06
366002,366041,367358,39,1317,2,7200,1.02961275626
366023,366048,367311,25,1263,2,7200,1.01979414093
366044,366067,367309,23,1242,2,7200,1.01851851852
366044,366056,367309,12,1253,2,7200,1.00957701516
366055,366074,367357,19,1283,2,7200,1.01480904131
366065,366098,367351,33,1253,2,7200,1.0263367917
366076,366115,367424,39,1309,2,7200,1.02979373568
366097,366126,367419,29,1293,2,7200,1.02242846094
366118,366221,367519,103,1298,2,7200,1.07935285054
366129,366228,367327,99,1099,2,7200,1.09008189263
366221,366299,367345,78,1046,2,7200,1.07456978967
366232,366318,367340,86,1022,2,7200,1.08414872798
366304,366333,367317,29,984,2,7200,1.02947154472
366315,366510,367843,195,1333,2,7200,1.14628657164
366335,366537,367851,202,1314,2,7200,1.15372907154
366509,366580,367867,71,1287,2,7200,1.05516705517
366540,366705,367964,165,1259,2,7200,1.13105639396
366544,366551,366922,7,371,1,1800,1.01886792453
366582,366767,368040,185,1273,2,7200,1.14532600157
366705,366824,368098,119,1274,2,7200,1.09340659341
366766,366831,368077,65,1246,2,7200,1.05216693419
366828,366843,368104,15,1261,2,7200,1.01189532117
366828,366837,368120,9,1283,2,7200,1.00701480904
366839,366889,368127,50,1238,2,7200,1.04038772213
366840,366917,367969,77,1052,2,7200,1.07319391635
366892,366924,367921,32,997,2,7200,1.03209628887
366923,367016,368010,93,994,2,7200,1.09356136821
366923,366980,368067,57,1087,2,7200,1.05243790248
366985,367078,368030,93,952,2,7200,1.09768907563
367016,367094,368083,78,989,2,7200,1.07886754297
367078,367169,368271,91,1102,2,7200,1.08257713249
367098,367174,368223,76,1049,2,7200,1.07244995234
367170,367180,368358,10,1178,2,7200,1.00848896435
367171,367186,368289,15,1103,2,7200,1.01359927471
367181,367193,368165,12,972,2,7200,1.01234567901
367182,367205,368206,23,1001,2,7200,1.02297702298
367193,367230,368251,37,1021,2,7200,1.03623898139
367203,367238,368358,35,1120,2,7200,1.03125
367234,367320,368350,86,1030,2,7200,1.08349514563
367235,367327,368427,92,1100,2,7200,1.08363636364
367317,367332,368426,15,1094,2,7200,1.01371115174
367328,367344,368426,16,1082,2,7200,1.01478743068
367328,367338,368467,10,1129,2,7200,1.00885739593
367339,367350,368418,11,1068,2,7200,1.01029962547
367339,367356,368412,17,1056,2,7200,1.01609848485
367350,367362,368491,12,1129,2,7200,1.01062887511
367361,367374,368478,13,1104,2,7200,1.01177536232
367361,367369,368452,8,1083,2,7200,1.00738688827
367372,367386,368480,14,1094,2,7200,1.01279707495
367372,367380,368522,8,1142,2,7200,1.00700525394
367383,367431,368553,48,1122,2,7200,1.04278074866
367383,367438,368520,55,1082,2,7200,1.05083179298
367435,367854,368969,419,1115,2,7200,1.37578475336
367435,367531,368686,96,1155,2,7200,1.08311688312
367528,367863,368957,335,1094,2,7200,1.30621572212
367854,367878,369024,24,1146,2,7200,1.02094240838
367865,367933,369105,68,1172,2,7200,1.05802047782
367876,367976,369029,100,1053,2,7200,1.09496676163
367937,367982,369074,45,1092,2,7200,1.04120879121
367978,368021,369189,43,1168,2,7200,1.03681506849
368053,368059,369377,6,1318,2,7200,1.00455235205
368053,368064,369394,11,1330,2,7200,1.00827067669
368055,368079,369350,24,1271,2,7200,1.01888276947
368066,368088,369388,22,1300,2,7200,1.01692307692
368076,369630,369676,1554,46,1,1800,34.7826086957
368077,368095,369061,18,966,2,7200,1.01863354037
368088,368110,369096,22,986,2,7200,1.02231237323
368099,368116,369173,17,1057,2,7200,1.01608325449
369923,369929,370005,6,76,1,1800,1.07894736842
369967,369979,372363,12,2384,5,14400,1.00503355705
369967,369973,373046,6,3073,5,14400,1.00195248942
369978,369985,372793,7,2808,5,14400,1.00249287749
369979,369991,373123,12,3132,5,14400,1.00383141762
369989,369997,373136,8,3139,5,14400,1.00254858235
369990,370002,373228,12,3226,5,14400,1.00371977681
370000,370008,372958,8,2950,5,14400,1.00271186441
370001,370013,372505,12,2492,5,14400,1.00481540931
370011,370020,373022,9,3002,5,14400,1.00299800133
370012,370026,373040,14,3014,5,14400,1.00464499005
370022,370032,372562,10,2530,5,14400,1.00395256917
370023,370038,372574,15,2536,5,14400,1.0059148265
370034,370044,372512,10,2468,5,14400,1.00405186386
370035,370050,372652,15,2602,5,14400,1.00576479631
370045,370056,372757,11,2701,5,14400,1.00407256572
370046,370062,373382,16,3320,5,14400,1.00481927711
370056,370069,373251,13,3182,5,14400,1.00408548083
370067,372375,375517,2308,3142,5,14400,1.73456397199
370638,370646,370898,8,252,1,1800,1.03174603175
372242,381912,388797,9670,6885,3,6840,2.40450254176
372249,382868,389951,10619,7083,3,7080,2.49922349287
372254,392887,400028,20633,7141,3,7140,3.88937123652
372265,392892,399954,20627,7062,3,7020,3.92084395355
372272,396750,403332,24478,6582,3,6900,4.71893041629
372301,399966,407059,27665,7093,3,7080,4.90032426336
372327,400039,407183,27712,7144,3,7140,4.8790593505
372338,402327,409054,29989,6727,3,6720,5.45800505426
372371,372517,375573,146,3056,5,14400,1.04777486911
372373,402380,409197,30007,6817,3,6780,5.40178964354
372515,372523,375059,8,2536,5,14400,1.00315457413
372526,372573,375155,47,2582,5,14400,1.01820294345
372570,372585,375588,15,3003,5,14400,1.004995005
372591,372663,375130,72,2467,5,14400,1.02918524524
372662,372768,375164,106,2396,5,14400,1.04424040067
372765,372804,376147,39,3343,5,14400,1.01166616811
372806,372971,376275,165,3304,5,14400,1.04993946731
372969,373033,375520,64,2487,5,14400,1.02573381584
373031,373051,375536,20,2485,5,14400,1.00804828974
373052,373058,376336,6,3278,5,14400,1.00183038438
373062,373134,376259,72,3125,5,14400,1.02304
373134,373147,376387,13,3240,5,14400,1.00401234568
373145,373239,376509,94,3270,5,14400,1.02874617737
373237,373263,376070,26,2807,5,14400,1.00926255789
373268,373394,376132,126,2738,5,14400,1.04601899196
373383,389355,389513,15972,158,16,600,102.088607595
373391,375070,378043,1679,2973,5,14400,1.56474941137
374516,374523,374566,7,43,1,600,1.16279069767
374662,374668,374712,6,44,2,600,1.13636363636
375075,375141,378032,66,2891,5,14400,1.02282947077
375146,375166,377628,20,2462,5,14400,1.00812347685
375167,375175,378094,8,2919,5,14400,1.00274066461
375178,375529,378631,351,3102,5,14400,1.11315280464
375465,375471,375473,6,2,2,600,1.0
375510,375516,375517,6,1,2,600,1.0
375525,375535,378055,10,2520,5,14400,1.00396825397
375535,375547,378259,12,2712,5,14400,1.00442477876
375546,375591,378173,45,2582,5,14400,1.01742835012
375562,375569,375611,7,42,2,600,1.16666666667
375587,375600,378205,13,2605,5,14400,1.00499040307
375598,376144,379052,546,2908,5,14400,1.18775790922
375836,394322,405713,18486,11391,32,43200,2.62286015275
375946,405729,405750,29783,21,16,36000,1419.23809524
376138,376158,379083,20,2925,5,14400,1.00683760684
376149,376270,379561,121,3291,5,14400,1.03676694014
376261,376287,378813,26,2526,5,14400,1.01029295329
376282,376347,378899,65,2552,5,14400,1.02547021944
376344,376398,378971,54,2573,5,14400,1.0209871745
376395,376521,378998,126,2477,5,14400,1.05086798547
376518,377640,380243,1122,2603,5,14400,1.43104110642
377629,378043,380762,414,2719,5,14400,1.15226186098
378037,378054,380741,17,2687,5,14400,1.00632675847
378048,378066,380519,18,2453,5,14400,1.00733795353
378058,378105,381020,47,2915,5,14400,1.01612349914
378100,378217,380691,117,2474,5,14400,1.04729183508
378131,378138,378641,7,503,1,5400,1.01391650099
378175,378184,379448,9,1264,2,7200,1.00712025316
378182,378272,381666,90,3394,5,14400,1.02651738362
378213,378647,381055,434,2408,5,14400,1.18023255814
378268,378278,379598,10,1320,2,7200,1.00757575758
378635,378641,379934,6,1293,2,7200,1.00464037123
378640,378982,379896,342,914,8,6000,1.37417943107
378816,378825,382090,9,3265,5,14400,1.00275650842
378900,378910,380171,10,1261,2,7200,1.00793021412
378908,379009,382162,101,3153,5,14400,1.03203298446
379005,379063,380251,58,1188,2,7200,1.04882154882
379062,379071,380371,9,1300,2,7200,1.00692307692
379062,379076,380395,14,1319,2,7200,1.01061410159
379073,379095,380408,22,1313,2,7200,1.01675552171
379083,379100,380407,17,1307,2,7200,1.013006886
379104,379515,380828,411,1313,2,7200,1.31302361005
379452,379573,380877,121,1304,2,7200,1.09279141104
379509,411621,411637,32112,16,6,172800,2008.0
379564,379579,380907,15,1328,2,7200,1.01129518072
379575,379586,380899,11,1313,2,7200,1.00837776085
379586,379609,380905,23,1296,2,7200,1.01774691358
379609,379908,381129,299,1221,2,7200,1.24488124488
379901,379913,381231,12,1318,2,7200,1.0091047041
379912,379919,381230,7,1311,2,7200,1.00533943555
379912,379925,381238,13,1313,2,7200,1.0099009901
379923,379945,381265,22,1320,2,7200,1.01666666667
379944,380182,381512,238,1330,2,7200,1.17894736842
380179,380254,381597,75,1343,2,7200,1.05584512286
380246,380419,380432,173,13,8,6000,14.3076923077
380251,380262,381596,11,1334,2,7200,1.00824587706
380261,380268,381641,7,1373,2,7200,1.00509832484
380342,407199,409871,26857,2672,12,14400,11.0512724551
380379,380443,380456,64,13,8,6000,5.92307692308
380440,380467,380478,27,11,8,6000,3.45454545455
380455,409582,413230,29127,3648,12,14400,8.984375
380461,380490,380503,29,13,8,6000,3.23076923077
380482,380514,380526,32,12,8,6000,3.66666666667
380507,380530,381851,23,1321,2,7200,1.01741105223
380523,380542,380554,19,12,8,6000,2.58333333333
380528,380536,381859,8,1323,2,7200,1.00604686319
380534,380565,380577,31,12,8,6000,3.58333333333
380559,380571,381896,12,1325,2,7200,1.00905660377
380569,380589,381908,20,1319,2,7200,1.01516300227
380580,380595,381910,15,1315,2,7200,1.01140684411
380585,380752,380765,167,13,8,6000,13.8461538462
380591,380601,381911,10,1310,2,7200,1.00763358779
380597,409587,410471,28990,884,12,14400,33.7941176471
380674,409882,411092,29208,1210,12,14400,25.1388429752
380693,380699,382020,6,1321,2,7200,1.00454201363
380698,380778,380791,80,13,8,6000,7.15384615385
380765,380771,382096,6,1325,2,7200,1.00452830189
380769,380809,380821,40,12,8,6000,4.33333333333
380775,380785,382107,10,1322,2,7200,1.00756429652
380786,380792,382116,6,1324,2,7200,1.00453172205
380797,380832,382129,35,1297,2,7200,1.02698535081
380828,380844,382184,16,1340,2,7200,1.01194029851
380828,380838,382126,10,1288,2,7200,1.00776397516
380839,380851,382217,12,1366,2,7200,1.00878477306
380839,380856,382178,17,1322,2,7200,1.01285930408
380850,380888,382211,38,1323,2,7200,1.02872260015
380881,380910,382233,29,1323,2,7200,1.02191987906
380902,380917,382236,15,1319,2,7200,1.01137225171
380912,380923,382239,11,1316,2,7200,1.00835866261
380912,381066,381079,154,13,8,6000,12.8461538462
381025,381091,381104,66,13,8,6000,6.07692307692
381066,381073,382381,7,1308,2,7200,1.00535168196
381066,381116,381131,50,15,8,6000,4.33333333333
381107,381146,381160,39,14,8,6000,3.78571428571
381107,381140,382457,33,1317,2,7200,1.02505694761
381138,381171,381186,33,15,8,6000,3.2
381138,381222,382541,84,1319,2,7200,1.06368460955
381190,381228,382505,38,1277,2,7200,1.02975724354
381190,381197,381211,7,14,8,6000,1.5
381221,381277,381291,56,14,8,6000,5.0
381221,381234,382473,13,1239,2,7200,1.01049233253
381231,381302,381317,71,15,8,6000,5.73333333333
381231,381240,382567,9,1327,2,7200,1.00678221552
381293,381380,382711,87,1331,2,7200,1.06536438768
381293,381329,381343,36,14,8,6000,3.57142857143
381332,390987,392865,9655,1878,25,7199,6.14110756124
381344,381354,381369,10,15,8,6000,1.66666666667
381375,381658,381673,283,15,8,6000,19.8666666667
381375,381388,382721,13,1333,2,7200,1.00975243811
381386,381394,382715,8,1321,2,7200,1.00605601817
381396,381686,381702,290,16,8,6000,19.125
381396,381402,382728,6,1326,2,7200,1.00452488688
381599,412703,414243,31104,1540,1,259200,21.1974025974
381610,412746,414256,31136,1510,1,259200,21.6198675497
381616,412808,414338,31192,1530,1,259200,21.3869281046
381621,413086,414679,31465,1593,1,259200,20.7520401758
381626,420667,422229,39041,1562,1,259200,25.9942381562
381631,422780,424427,41149,1647,1,259200,25.9842137219
381635,424438,425998,42803,1560,1,259200,28.4378205128
381638,425634,427182,43996,1548,1,259200,29.4211886305
381641,425640,427168,43999,1528,1,259200,29.7951570681
381645,426010,427590,44365,1580,1,259200,29.0791139241
381651,427179,428745,45528,1566,1,259200,30.0727969349
381658,427193,428735,45535,1542,1,259200,30.5298313878
381663,427565,429133,45902,1568,1,259200,30.2742346939
381672,381715,381729,43,14,8,6000,4.07142857143
381683,381741,381756,58,15,8,6000,4.86666666667
381704,415042,425623,33338,10581,2,21600,4.15074189585
381714,381768,381783,54,15,8,6000,4.6
381745,381751,383075,6,1324,2,7200,1.00453172205
381745,381794,381810,49,16,8,6000,4.0625
381750,412135,952162,30385,540027,1,540000,1.05626570523
381765,381821,381853,56,32,8,6000,2.75
381796,381871,381893,75,22,8,6000,4.40909090909
381796,381802,383138,6,1336,2,7200,1.00449101796
381858,381864,383171,6,1307,2,7200,1.00459066565
381858,381904,381920,46,16,8,6000,3.875
381869,381877,383198,8,1321,2,7200,1.00605601817
381869,381932,381947,63,15,8,6000,5.2
381900,381925,383172,25,1247,2,7200,1.02004811548
381920,381960,381976,40,16,8,6000,3.5
381931,381938,383277,7,1339,2,7200,1.00522778193
381931,381988,382005,57,17,8,6000,4.35294117647
381962,382017,382033,55,16,8,6000,4.4375
381962,381968,383292,6,1324,2,7200,1.00453172205
381965,384208,384837,2243,629,1,7200,4.56597774245
381993,382045,382061,52,16,8,6000,4.25
382007,427570,429105,45563,1535,1,259200,30.6827361564
382014,382073,382090,59,17,8,6000,4.47058823529
382014,382031,383360,17,1329,2,7200,1.01279157261
382015,427602,429139,45587,1537,1,259200,30.6597267404
382018,428616,430196,46598,1580,1,259200,30.4924050633
382022,428746,430299,46724,1553,1,259200,31.0862846104
382025,428757,430306,46732,1549,1,259200,31.1691413815
382030,429116,430676,47086,1560,1,259200,31.1833333333
382033,429144,430710,47111,1566,1,259200,31.0836526181
382036,429151,430694,47115,1543,1,259200,31.5346727155
382040,430208,431881,48168,1673,1,259200,29.7913927077
382045,382107,383442,62,1335,2,7200,1.04644194757
382045,430315,431880,48270,1565,1,259200,31.8434504792
382045,382102,382118,57,16,8,6000,4.5625
382048,430321,431878,48273,1557,1,259200,32.0038535645
382052,430688,432223,48636,1535,1,259200,32.6846905537
382056,430705,432280,48649,1575,1,259200,31.8882539683
382094,430721,432472,48627,1751,1,259200,28.7709880069
382099,431352,432923,49253,1571,1,259200,32.3513685551
382103,431889,433495,49786,1606,1,259200,32.0
382106,382128,382145,22,17,8,6000,2.29411764706
382106,382119,383441,13,1322,2,7200,1.00983358548
382107,382135,382152,28,17,8,6000,2.64705882353
382108,432234,433753,50126,1519,1,259200,33.9993416722
382111,432483,434025,50372,1542,1,259200,33.6666666667
382116,432935,434479,50819,1544,1,259200,33.9138601036
382119,433506,435148,51387,1642,1,259200,32.2953714982
382123,433764,435300,51641,1536,1,259200,34.6204427083
382127,382142,383468,15,1326,2,7200,1.01131221719
382127,434036,435706,51909,1670,1,259200,32.0832335329
382131,434490,436077,52359,1587,1,259200,33.9924385633
382134,435159,436690,53025,1531,1,259200,35.6342259961
382137,435311,436930,53174,1619,1,259200,33.843730698
382138,382163,382181,25,18,8,6000,2.38888888889
382138,382149,383478,11,1329,2,7200,1.00827689992
382138,382156,382173,18,17,8,6000,2.05882352941
382141,435717,437256,53576,1539,1,259200,35.8122157245
382159,382179,383496,20,1317,2,7200,1.01518602885
382159,382174,383499,15,1325,2,7200,1.01132075472
382159,382185,382202,26,17,8,6000,2.52941176471
382180,382193,382210,13,17,8,6000,1.76470588235
382191,382200,383527,9,1327,2,7200,1.00678221552
382191,382214,382233,23,19,8,6000,2.21052631579
382201,382221,382239,20,18,8,6000,2.11111111111
382201,382207,383532,6,1325,2,7200,1.00452830189
382212,382245,382264,33,19,8,6000,2.73684210526
382212,382228,383537,16,1309,2,7200,1.01222307105
382233,382253,382271,20,18,8,6000,2.11111111111
382233,382239,383506,6,1267,2,7200,1.0047355959
382243,382275,382294,32,19,8,6000,2.68421052632
382244,382258,383579,14,1321,2,7200,1.01059803179
382254,382282,382302,28,20,8,6000,2.4
382254,382264,383582,10,1318,2,7200,1.00758725341
382275,382306,382325,31,19,8,6000,2.63157894737
382275,382287,383612,12,1325,2,7200,1.00905660377
382286,382314,382332,28,18,8,6000,2.55555555556
382286,382345,383671,59,1326,2,7200,1.04449472097
382317,382336,382355,19,19,8,6000,2.0
382317,382350,383671,33,1321,2,7200,1.02498107494
382348,382356,383681,8,1325,2,7200,1.00603773585
382348,382398,382419,50,21,8,6000,3.38095238095
382348,382366,382386,18,20,8,6000,1.9
382369,382430,382449,61,19,8,6000,4.21052631579
382369,382375,383691,6,1316,2,7200,1.00455927052
382400,382406,383804,6,1398,2,7200,1.00429184549
382400,382461,382480,61,19,8,6000,4.21052631579
382431,382491,382510,60,19,8,6000,4.15789473684
382431,382469,383794,38,1325,2,7200,1.02867924528
382472,382523,382542,51,19,8,6000,3.68421052632
382472,382484,383799,12,1315,2,7200,1.00912547529
382493,382555,382575,62,20,8,6000,4.1
382493,382516,383827,23,1311,2,7200,1.01754385965
382524,382586,382607,62,21,8,6000,3.95238095238
382555,382619,382638,64,19,8,6000,4.36842105263
382555,382561,383865,6,1304,2,7200,1.00460122699
382569,405761,405797,23192,36,16,18000,645.222222222
382586,382593,383853,7,1260,2,7200,1.00555555556
382586,382650,382670,64,20,8,6000,4.2
382617,382723,383968,106,1245,2,7200,1.08514056225
382617,382681,382701,64,20,8,6000,4.2
382678,422241,427553,39563,5312,2,21600,8.44785391566
382679,382730,384056,51,1326,2,7200,1.03846153846
382679,382713,382734,34,21,8,6000,2.61904761905
382720,382745,382765,25,20,8,6000,2.25
382731,382737,384056,6,1319,2,7200,1.00454890068
382731,382778,382799,47,21,8,6000,3.2380952381
382741,382752,384075,11,1323,2,7200,1.00831443689
382741,382810,382831,69,21,8,6000,4.28571428571
382783,382842,382864,59,22,8,6000,3.68181818182
382783,382874,384197,91,1323,2,7200,1.06878306878
382844,382880,384182,36,1302,2,7200,1.02764976959
382876,382892,384213,16,1321,2,7200,1.01211203634
382876,382887,384218,11,1331,2,7200,1.00826446281
382876,383183,383205,307,22,8,6000,14.9545454545
382897,383217,383238,320,21,8,6000,16.2380952381
382897,382903,384223,6,1320,2,7200,1.00454545455
383203,383249,383272,46,23,8,6000,3.0
383214,383283,383306,69,23,8,6000,4.0
383245,383256,384554,11,1298,2,7200,1.00847457627
383245,383317,383345,72,28,8,6000,3.57142857143
383286,383356,383379,70,23,8,6000,4.04347826087
383317,383390,383413,73,23,8,6000,4.17391304348
383317,383324,384604,7,1280,2,7200,1.00546875
383358,383425,383447,67,22,8,6000,4.04545454545
383359,384849,385463,1490,614,1,7200,3.42671009772
383359,383365,384608,6,1243,2,7200,1.00482703138
383389,383459,383480,70,21,8,6000,4.33333333333
383421,383431,384740,10,1309,2,7200,1.0076394194
383421,383492,383517,71,25,8,6000,3.84
383462,383471,384791,9,1320,2,7200,1.00681818182
383462,383510,383533,48,23,8,6000,3.08695652174
383493,383529,383553,36,24,8,6000,2.5
383493,383499,384815,6,1316,2,7200,1.00455927052
383514,383548,383570,34,22,8,6000,2.54545454545
383514,383520,384839,6,1319,2,7200,1.00454890068
383535,383541,384861,6,1320,2,7200,1.00454545455
383535,383565,383588,30,23,8,6000,2.30434782609
383546,383555,384916,9,1361,2,7200,1.00661278472
383546,383582,383604,36,22,8,6000,2.63636363636
383567,383600,383624,33,24,8,6000,2.375
383567,383573,384891,6,1318,2,7200,1.00455235205
383587,383616,383640,29,24,8,6000,2.20833333333
383588,383594,384908,6,1314,2,7200,1.00456621005
383598,383636,383659,38,23,8,6000,2.65217391304
383619,383625,384928,6,1303,2,7200,1.00460475825
383619,383653,383681,34,28,8,6000,2.21428571429
383640,383646,384934,6,1288,2,7200,1.00465838509
383640,383672,383699,32,27,8,6000,2.18518518519
383661,383697,383720,36,23,8,6000,2.5652173913
383661,383683,384953,22,1270,2,7200,1.01732283465
383682,383690,384962,8,1272,2,7200,1.00628930818
383682,383711,383740,29,29,8,6000,2.0
383692,383732,383756,40,24,8,6000,2.66666666667
383693,383704,384945,11,1241,2,7200,1.0088638195
383713,383752,383777,39,25,8,6000,2.56
383734,383740,385057,6,1317,2,7200,1.00455580866
383734,383768,383792,34,24,8,6000,2.41666666667
383765,383810,385145,45,1335,2,7200,1.03370786517
383765,383789,383818,24,29,8,6000,1.8275862069
383796,383816,385127,20,1311,2,7200,1.01525553013
383796,383803,383828,7,25,8,6000,1.28
383807,383823,385154,16,1331,2,7200,1.01202103681
383807,383830,383856,23,26,8,6000,1.88461538462
383828,383845,385156,17,1311,2,7200,1.01296720061
383828,383872,383896,44,24,8,6000,2.83333333333
383828,383839,383867,11,28,8,6000,1.39285714286
383859,383865,385195,6,1330,2,7200,1.0045112782
383859,383878,383905,19,27,8,6000,1.7037037037
383870,383908,383934,38,26,8,6000,2.46153846154
383870,383883,385184,13,1301,2,7200,1.0099923136
383901,383951,385262,50,1311,2,7200,1.03813882532
383901,383916,383941,15,25,8,6000,1.6
383939,383945,383949,6,4,5,14400,1.0
383942,383963,385233,21,1270,2,7200,1.01653543307
383950,383957,383961,7,4,5,14400,1.1
383953,383975,385271,22,1296,2,7200,1.01697530864
383961,383970,383974,9,4,5,14400,1.3
383971,383982,383986,11,4,5,14400,1.5
383972,383988,383993,16,5,5,14400,2.1
383983,384002,384006,19,4,5,14400,2.3
383985,383996,385283,11,1287,2,7200,1.00854700855
383993,384009,384013,16,4,5,14400,2.0
384004,384019,384023,15,4,5,14400,1.9
384015,384026,384030,11,4,5,14400,1.5
384015,384035,384039,20,4,5,14400,2.4
384026,384042,384046,16,4,5,14400,2.0
384036,384051,384055,15,4,5,14400,1.9
384047,384058,384062,11,4,5,14400,1.5
384047,384067,384071,20,4,5,14400,2.4
384047,384073,385328,26,1255,2,7200,1.02071713147
384068,384085,385341,17,1256,2,7200,1.01353503185
384068,384079,384083,11,4,5,14400,1.5
384079,384092,384095,13,3,5,14400,1.6
384079,384097,385426,18,1329,2,7200,1.01354401806
384089,384119,385473,30,1354,2,7200,1.02215657312
384090,384104,384108,14,4,5,14400,1.8
384100,384125,385449,25,1324,2,7200,1.01888217523
384100,384111,384114,11,3,5,14400,1.4
384121,384163,385485,42,1322,2,7200,1.03177004539
384121,384132,384136,11,4,5,14400,1.5
384132,384168,385465,36,1297,2,7200,1.02775636083
384132,384148,384151,16,3,5,14400,1.9
384163,384230,384234,67,4,5,14400,7.1
384163,384174,385464,11,1290,2,7200,1.00852713178
384184,384194,385487,10,1293,2,7200,1.00773395205
384184,384245,384249,61,4,5,14400,6.5
384212,484983,485268,100771,285,4,604800,354.58245614
384225,384236,385524,11,1288,2,7200,1.00854037267
384225,384262,384264,37,2,5,14400,3.9
384246,384324,385620,78,1296,2,7200,1.06018518519
384246,384277,384281,31,4,5,14400,3.5
384277,384293,384297,16,4,5,14400,2.0
384298,384309,384313,11,4,5,14400,1.5
384298,384330,385599,32,1269,2,7200,1.02521670607
384329,384619,384624,290,5,5,14400,29.5
384329,384566,385816,237,1250,2,7200,1.1896
384564,384636,384640,72,4,5,14400,7.6
384615,384651,384655,36,4,5,14400,4.0
384636,384716,386017,80,1301,2,7200,1.06149116065
384636,384668,384672,32,4,5,14400,3.6
384667,384683,384687,16,4,5,14400,2.0
384688,384721,386031,33,1310,2,7200,1.02519083969
384688,384700,384704,12,4,5,14400,1.6
384719,384826,384831,107,5,5,14400,11.2
384719,384842,384847,123,5,5,14400,12.8
384719,384752,386093,33,1341,2,7200,1.02460850112
384822,384863,384882,41,19,5,14400,3.15789473684
384822,384856,386135,34,1279,2,7200,1.02658326818
384853,384874,386139,21,1265,2,7200,1.01660079051
384853,384893,384914,40,21,5,14400,2.90476190476
384874,384902,386148,28,1246,2,7200,1.02247191011
384874,384927,384931,53,4,5,14400,5.7
384905,384943,384947,38,4,5,14400,4.2
384905,384919,386164,14,1245,2,7200,1.01124497992
384926,384957,384961,31,4,5,14400,3.5
384926,384933,386154,7,1221,2,7200,1.00573300573
384946,384963,384991,17,28,5,14400,1.60714285714
384957,384978,385003,21,25,5,14400,1.84
384957,384971,386294,14,1323,2,7200,1.01058201058
384968,384983,386299,15,1316,2,7200,1.01139817629
384968,385003,385007,35,4,5,14400,3.9
384978,385032,385054,54,22,5,14400,3.45454545455
384979,385038,386369,59,1331,2,7200,1.04432757325
385037,385044,386374,7,1330,2,7200,1.00526315789
385037,385075,385094,38,19,5,14400,3.0
385047,385115,385131,68,16,5,14400,5.25
385047,385053,386357,6,1304,2,7200,1.00460122699
385080,385086,386386,6,1300,2,7200,1.00461538462
385080,385151,385167,71,16,5,14400,5.4375
385119,385187,385201,68,14,5,14400,5.85714285714
385119,385139,386433,20,1294,2,7200,1.01545595054
385155,385196,385200,41,4,5,14400,4.5
385155,385161,386416,6,1255,2,7200,1.00478087649
385190,385214,385218,24,4,5,14400,2.8
385190,385207,386484,17,1277,2,7200,1.01331245106
385214,385220,385232,6,12,5,14400,1.5
385214,385230,386494,16,1264,2,7200,1.01265822785
385225,385254,385269,29,15,5,14400,2.93333333333
385225,385236,386537,11,1301,2,7200,1.00845503459
385236,385288,385304,52,16,5,14400,4.25
385236,385243,386484,7,1241,2,7200,1.00564061241
385258,385264,386572,6,1308,2,7200,1.00458715596
385258,385294,385321,36,27,5,14400,2.33333333333
385292,385324,385341,32,17,5,14400,2.88235294118
385293,385333,386665,40,1332,2,7200,1.03003003003
385328,385340,386660,12,1320,2,7200,1.00909090909
385339,385396,385413,57,17,5,14400,4.35294117647
385339,385348,386657,9,1309,2,7200,1.00687547746
385339,385360,385378,21,18,5,14400,2.16666666667
385365,385372,386720,7,1348,2,7200,1.00519287834
385365,385432,385461,67,29,5,14400,3.31034482759
385401,385474,385491,73,17,5,14400,5.29411764706
385401,385407,386694,6,1287,2,7200,1.00466200466
385436,385481,385485,45,4,5,14400,4.9
385436,385442,386712,6,1270,2,7200,1.00472440945
385468,411103,558548,25635,147445,18,198000,1.17386143986
385477,385496,385507,19,11,5,14400,2.72727272727
385477,385488,386765,11,1277,2,7200,1.00861393892
385488,385510,385514,22,4,5,14400,2.6
385488,385502,386745,14,1243,2,7200,1.01126307321
385504,385515,386766,11,1251,2,7200,1.00879296563
385504,385523,385527,19,4,5,14400,2.3
385515,385529,385534,14,5,5,14400,1.9
385515,385537,386765,22,1228,2,7200,1.01791530945
385525,385551,386775,26,1224,2,7200,1.02124183007
385525,385544,385563,19,19,5,14400,2.0
385546,385575,385579,29,4,5,14400,3.3
385546,385558,386875,12,1317,2,7200,1.00911161731
385547,385590,385595,43,5,5,14400,4.8
385578,385606,385609,28,3,5,14400,3.1
385578,385584,386907,6,1323,2,7200,1.00453514739
385588,385613,386929,25,1316,2,7200,1.01899696049
385588,385622,385631,34,9,5,14400,4.3
385609,385633,386955,24,1322,2,7200,1.01815431165
385620,385658,386966,38,1308,2,7200,1.02905198777
385631,385664,386964,33,1300,2,7200,1.02538461538
385631,385643,385647,12,4,5,14400,1.6
385662,385828,387111,166,1283,2,7200,1.12938425565
385662,386042,386047,380,5,5,14400,38.5
385826,386058,386063,232,5,5,14400,23.7
386041,386074,386078,33,4,5,14400,3.7
386062,386091,386095,29,4,5,14400,3.3
386062,386104,387333,42,1229,2,7200,1.03417412531
386093,386111,386119,18,8,5,14400,2.6
386103,386130,386134,27,4,5,14400,3.1
386103,386152,387365,49,1213,2,7200,1.04039571311
386134,386159,387480,25,1321,2,7200,1.01892505678
386134,386146,386155,12,9,5,14400,2.1
386155,386171,386179,16,8,5,14400,2.4
386155,386165,387488,10,1323,2,7200,1.00755857899
386166,386193,386203,27,10,5,14400,3.7
386166,386178,387494,12,1316,2,7200,1.00911854103
386177,386184,387520,7,1336,2,7200,1.00523952096
386177,386218,386227,41,9,5,14400,5.0
386198,386291,387604,93,1313,2,7200,1.07083015994
386198,386241,386251,43,10,5,14400,5.3
386239,386296,387594,57,1298,2,7200,1.04391371341
386239,386266,386275,27,9,5,14400,3.6
386294,386305,387600,11,1295,2,7200,1.00849420849
386294,386369,386373,75,4,5,14400,7.9
386294,386388,386405,94,17,5,14400,6.52941176471
386366,386417,386421,51,4,5,14400,5.5
386366,386380,387657,14,1277,2,7200,1.01096319499
386387,386433,386437,46,4,5,14400,5.0
386387,386394,387643,7,1249,2,7200,1.00560448359
386418,386424,387654,6,1230,2,7200,1.00487804878
386418,386448,386453,30,5,5,14400,3.5
386429,386465,386470,36,5,5,14400,4.1
386429,386439,387685,10,1246,2,7200,1.00802568218
386450,386457,387678,7,1221,2,7200,1.00573300573
386450,386481,386486,31,5,5,14400,3.6
386461,386502,386506,41,4,5,14400,4.5
386461,386495,387818,34,1323,2,7200,1.02569916856
386492,386507,387828,15,1321,2,7200,1.01135503407
386492,386521,386525,29,4,5,14400,3.3
386503,386515,387833,12,1318,2,7200,1.0091047041
386503,386537,386541,34,4,5,14400,3.8
386524,386554,386573,30,19,5,14400,2.57894736842
386524,386548,387862,24,1314,2,7200,1.01826484018
386531,411616,576345,25085,164729,18,216000,1.15228041207
386545,386590,387916,45,1326,2,7200,1.03393665158
386545,386584,386603,39,19,5,14400,3.05263157895
386586,386663,387966,77,1303,2,7200,1.05909439754
386586,386615,386619,29,4,5,14400,3.3
386586,386632,386636,46,4,5,14400,5.0
386627,386669,387944,42,1275,2,7200,1.03294117647
386628,386647,386651,19,4,5,14400,2.3
386669,386682,387959,13,1277,2,7200,1.01018010963
386669,386675,386684,6,9,5,14400,1.5
386680,386706,387964,26,1258,2,7200,1.02066772655
386680,386695,386700,15,5,5,14400,2.0
386700,386713,386716,13,3,5,14400,1.6
386701,386723,387947,22,1224,2,7200,1.01797385621
386711,386730,386734,19,4,5,14400,2.3
386722,386737,387951,15,1214,2,7200,1.01235584843
386728,386746,388072,18,1326,2,7200,1.01357466063
386739,386751,388086,12,1335,2,7200,1.00898876404
386749,386759,388091,10,1332,2,7200,1.00750750751
386750,386776,388115,26,1339,2,7200,1.01941747573
386761,386782,388114,21,1332,2,7200,1.01576576577
386782,386788,388120,6,1332,2,7200,1.0045045045
386782,386793,388108,11,1315,2,7200,1.00836501901
386793,386887,388223,94,1336,2,7200,1.07035928144
386793,386919,388240,126,1321,2,7200,1.09538228615
386886,386941,388262,55,1321,2,7200,1.04163512491
386917,386967,388289,50,1322,2,7200,1.0378214826
386938,386975,388295,37,1320,2,7200,1.02803030303
386969,386982,388300,13,1318,2,7200,1.00986342944
386980,387345,388666,365,1321,2,7200,1.27630582892
386980,387123,388450,143,1327,2,7200,1.10776186888
387124,387376,388689,252,1313,2,7200,1.191926885
387350,387492,388814,142,1322,2,7200,1.10741301059
387381,387499,388824,118,1325,2,7200,1.08905660377
387494,387507,388837,13,1330,2,7200,1.00977443609
387505,387606,388889,101,1283,2,7200,1.07872174591
387505,387531,388854,26,1323,2,7200,1.01965230537
387536,387612,388928,76,1316,2,7200,1.05775075988
387608,387620,388956,12,1336,2,7200,1.00898203593
387609,387655,389019,46,1364,2,7200,1.03372434018
387620,387666,388993,46,1327,2,7200,1.03466465712
387651,387673,388987,22,1314,2,7200,1.01674277017
387661,387690,389015,29,1325,2,7200,1.02188679245
387672,387696,389025,24,1329,2,7200,1.01805869074
387693,387830,389144,137,1314,2,7200,1.10426179604
387694,387840,389157,146,1317,2,7200,1.11085801063
387827,387847,389165,20,1318,2,7200,1.01517450683
387838,387874,389205,36,1331,2,7200,1.02704733283
387848,387927,389264,79,1337,2,7200,1.05908750935
387869,387955,389240,86,1285,2,7200,1.06692607004
387903,412315,431341,24412,19026,1,115200,2.28308630295
387931,387962,389283,31,1321,2,7200,1.0234670704
387952,387967,389290,15,1323,2,7200,1.01133786848
387963,387980,389298,17,1318,2,7200,1.0128983308
387963,387973,389308,10,1335,2,7200,1.0074906367
387974,387985,389311,11,1326,2,7200,1.00829562594
387985,388098,389397,113,1299,2,7200,1.0869899923
387985,388084,389408,99,1324,2,7200,1.0747734139
388088,388105,389408,17,1303,2,7200,1.01304681504
388099,388121,389442,22,1321,2,7200,1.01665404996
388109,388128,389446,19,1318,2,7200,1.01441578149
388120,388133,389441,13,1308,2,7200,1.00993883792
388131,388140,389454,9,1314,2,7200,1.00684931507
388131,388235,389567,104,1332,2,7200,1.07807807808
388142,388253,389584,111,1331,2,7200,1.0833959429
388234,388274,389593,40,1319,2,7200,1.03032600455
388255,388301,389627,46,1326,2,7200,1.0346907994
388276,388309,389605,33,1296,2,7200,1.02546296296
388297,388315,389638,18,1323,2,7200,1.01360544218
388308,388461,389797,153,1336,2,7200,1.11452095808
388318,388677,390013,359,1336,2,7200,1.26871257485
388462,388700,390001,238,1301,2,7200,1.18293620292
388678,388810,390104,132,1294,2,7200,1.10200927357
388698,388825,390120,127,1295,2,7200,1.09806949807
388822,388836,390182,14,1346,2,7200,1.01040118871
388833,388849,390154,16,1305,2,7200,1.0122605364
388843,388865,390180,22,1315,2,7200,1.01673003802
388854,388901,390197,47,1296,2,7200,1.0362654321
388896,388940,390233,44,1293,2,7200,1.03402938902
388937,388968,390262,31,1294,2,7200,1.02395672334
388958,388999,390320,41,1321,2,7200,1.03103709311
388990,389006,390300,16,1294,2,7200,1.01236476043
389000,389026,390324,26,1298,2,7200,1.02003081664
389021,389033,390375,12,1342,2,7200,1.00894187779
389022,389039,390341,17,1302,2,7200,1.01305683564
389033,389155,390525,122,1370,2,7200,1.08905109489
389101,431896,439118,42795,7222,2,21600,6.92564386597
389147,389168,390503,21,1335,2,7200,1.01573033708
389158,389177,390523,19,1346,2,7200,1.01411589896
389168,389217,390544,49,1327,2,7200,1.03692539563
389210,389251,390584,41,1333,2,7200,1.03075768942
389242,389275,390615,33,1340,2,7200,1.02462686567
389273,389295,390611,22,1316,2,7200,1.01671732523
389294,389301,390604,7,1303,2,7200,1.00537221796
389294,389311,390628,17,1317,2,7200,1.01290812453
389305,389319,390625,14,1306,2,7200,1.01071975498
389315,389326,390627,11,1301,2,7200,1.00845503459
389316,389409,390720,93,1311,2,7200,1.0709382151
389398,389419,390734,21,1315,2,7200,1.01596958175
389409,389424,390747,15,1323,2,7200,1.01133786848
389420,389452,390748,32,1296,2,7200,1.02469135802
389451,389465,390776,14,1311,2,7200,1.01067887109
389451,389460,390779,9,1319,2,7200,1.00682335102
389462,389472,390804,10,1332,2,7200,1.00750750751
389462,389579,390902,117,1323,2,7200,1.08843537415
389575,389595,390901,20,1306,2,7200,1.01531393568
389586,389604,390924,18,1320,2,7200,1.01363636364
389596,389617,390918,21,1301,2,7200,1.01614142967
389607,389638,390968,31,1330,2,7200,1.02330827068
389628,389650,390977,22,1327,2,7200,1.01657874906
389639,389809,391143,170,1334,2,7200,1.12743628186
389659,420318,803876,30659,383558,6,604800,1.07993315222
389803,390013,391324,210,1311,2,7200,1.16018306636
390008,390024,391330,16,1306,2,7200,1.01225114855
390019,390115,391430,96,1315,2,7200,1.07300380228
390111,390132,391444,21,1312,2,7200,1.01600609756
390122,390165,391480,43,1315,2,7200,1.03269961977
390163,390192,391491,29,1299,2,7200,1.02232486528
390184,390198,391493,14,1295,2,7200,1.01081081081
390195,390208,391508,13,1300,2,7200,1.01
390206,390245,391569,39,1324,2,7200,1.02945619335
390237,390273,391566,36,1293,2,7200,1.02784222738
390268,390311,391600,43,1289,2,7200,1.03335919317
390309,390332,391661,23,1329,2,7200,1.0173062453
390330,390338,391671,8,1333,2,7200,1.00600150038
390331,390352,391689,21,1337,2,7200,1.01570680628
390341,390387,391712,46,1325,2,7200,1.03471698113
390383,390515,391846,132,1331,2,7200,1.09917355372
390506,390535,391844,29,1309,2,7200,1.02215431627
390527,390542,391842,15,1300,2,7200,1.01153846154
390537,390556,391856,19,1300,2,7200,1.01461538462
390548,390596,391910,48,1314,2,7200,1.03652968037
390589,390617,391896,28,1279,2,7200,1.02189210321
390610,390624,391961,14,1337,2,7200,1.01047120419
390621,390631,391958,10,1327,2,7200,1.00753579503
390622,390638,391967,16,1329,2,7200,1.01203912716
390632,390645,391977,13,1332,2,7200,1.00975975976
390643,390652,391948,9,1296,2,7200,1.00694444444
390643,390732,392084,89,1352,2,7200,1.06582840237
390726,390747,392042,21,1295,2,7200,1.01621621622
390737,390759,392055,22,1296,2,7200,1.01697530864
390747,390765,392051,18,1286,2,7200,1.01399688958
390758,390788,392064,30,1276,2,7200,1.02351097179
390779,390796,392143,17,1347,2,7200,1.01262063846
390790,390816,392136,26,1320,2,7200,1.0196969697
390811,390913,392267,102,1354,2,7200,1.0753323486
390903,390918,392278,15,1360,2,7200,1.01102941176
390915,390930,392213,15,1283,2,7200,1.0116913484
390926,390938,392224,12,1286,2,7200,1.00933125972
390926,390979,392242,53,1263,2,7200,1.04196357878
390978,390993,392277,15,1284,2,7200,1.01168224299
390978,391154,392451,176,1297,2,7200,1.13569776407
391153,391336,392606,183,1270,2,7200,1.14409448819
391332,392882,393042,1550,160,16,600,10.6875
391420,448484,829737,57064,381253,6,604800,1.1496748878
391994,392005,393314,11,1309,2,7200,1.00840336134
391994,392000,393317,6,1317,2,7200,1.00455580866
392005,392011,393345,6,1334,2,7200,1.00449775112
392005,392017,393364,12,1347,2,7200,1.00890868597
392016,392023,393356,7,1333,2,7200,1.00525131283
392017,392028,393368,11,1340,2,7200,1.00820895522
392027,392034,393358,7,1324,2,7200,1.00528700906
392028,392039,393379,11,1340,2,7200,1.00820895522
392038,392047,393346,9,1299,2,7200,1.00692840647
392039,392052,393368,13,1316,2,7200,1.00987841945
392050,392064,393380,14,1316,2,7200,1.01063829787
392050,392059,393398,9,1339,2,7200,1.00672143391
392061,392071,393425,10,1354,2,7200,1.00738552437
392061,392076,393376,15,1300,2,7200,1.01153846154
392072,392082,393414,10,1332,2,7200,1.00750750751
392072,392088,393401,16,1313,2,7200,1.01218583397
392083,392094,393425,11,1331,2,7200,1.00826446281
392083,392099,393419,16,1320,2,7200,1.01212121212
392084,402386,409622,10302,7236,3,7200,2.42371475954
392094,392107,393424,13,1317,2,7200,1.00987091875
392106,392119,393420,13,1301,2,7200,1.0099923136
392106,392114,393419,8,1305,2,7200,1.0061302682
392115,409593,416447,17478,6854,3,6840,3.55004377006
392118,392131,393458,13,1327,2,7200,1.00979653353
392118,392126,393447,8,1321,2,7200,1.00605601817
392129,392148,393475,19,1327,2,7200,1.01431801055
392129,392142,393458,13,1316,2,7200,1.00987841945
392140,392155,393466,15,1311,2,7200,1.0114416476
392151,392167,393476,16,1309,2,7200,1.01222307105
392151,392162,393475,11,1313,2,7200,1.00837776085
392162,392174,393484,12,1310,2,7200,1.00916030534
392163,392179,393500,16,1321,2,7200,1.01211203634
394438,439133,444086,44695,4953,2,21600,10.0238239451
395345,463464,471749,68119,8285,2,21600,9.22196741098
395351,396687,396739,1336,52,4,600,26.6923076923
395634,405724,412817,10090,7093,25,7199,2.42252925419
395721,405807,409571,10086,3764,25,7199,3.67959617428
396029,463469,470352,67440,6883,2,21600,10.7980531745
397003,397010,398337,7,1327,2,7200,1.00527505652
397014,397025,398340,11,1315,2,7200,1.00836501901
397014,397020,398361,6,1341,2,7200,1.00447427293
397025,397032,398365,7,1333,2,7200,1.00525131283
397025,397038,398357,13,1319,2,7200,1.00985595148
397036,397044,398367,8,1323,2,7200,1.00604686319
397036,397050,398377,14,1327,2,7200,1.01055011304
397047,397056,398411,9,1355,2,7200,1.00664206642
397047,397061,398401,14,1340,2,7200,1.01044776119
397058,397074,398424,16,1350,2,7200,1.01185185185
397058,397068,398393,10,1325,2,7200,1.00754716981
397069,397080,398405,11,1325,2,7200,1.00830188679
397069,397085,398416,16,1331,2,7200,1.01202103681
397080,397093,398417,13,1324,2,7200,1.00981873112
397090,397099,398471,9,1372,2,7200,1.00655976676
397091,397105,398462,14,1357,2,7200,1.01031687546
397102,397116,398427,14,1311,2,7200,1.01067887109
397102,397111,398466,9,1355,2,7200,1.00664206642
397113,397123,398455,10,1332,2,7200,1.00750750751
397113,397128,398479,15,1351,2,7200,1.01110288675
397124,397140,398458,16,1318,2,7200,1.01213960546
397124,397135,398456,11,1321,2,7200,1.00832702498
397135,397147,398505,12,1358,2,7200,1.0088365243
397145,397154,398462,9,1308,2,7200,1.00688073394
397146,397160,398479,14,1319,2,7200,1.01061410159
397156,397166,398490,10,1324,2,7200,1.00755287009
397157,397172,398506,15,1334,2,7200,1.01124437781
397168,397184,398515,16,1331,2,7200,1.01202103681
397168,397178,398517,10,1339,2,7200,1.0074682599
397179,397196,398533,17,1337,2,7200,1.01271503366
397179,397191,398530,12,1339,2,7200,1.00896191187
397190,397202,398509,12,1307,2,7200,1.00918133129
397200,397209,398536,9,1327,2,7200,1.00678221552
397201,397214,398545,13,1331,2,7200,1.00976709241
397212,397226,398562,14,1336,2,7200,1.01047904192
397212,397221,398589,9,1368,2,7200,1.00657894737
397223,397233,398566,10,1333,2,7200,1.00750187547
397223,397239,398574,16,1335,2,7200,1.01198501873
397234,397245,398571,11,1326,2,7200,1.00829562594
397234,397250,398570,16,1320,2,7200,1.01212121212
397245,398349,399721,1104,1372,2,7200,1.80466472303
397814,402321,402369,4507,48,8,600,94.8958333333
398259,485279,485553,87020,274,4,259200,318.591240876
398269,485564,485995,87295,431,4,259200,203.540603248
398283,486006,486626,87723,620,4,259200,142.488709677
398339,398356,399688,17,1332,2,7200,1.01276276276
398350,398369,399725,19,1356,2,7200,1.01401179941
398361,398375,399742,14,1367,2,7200,1.01024140454
398364,486637,490321,88273,3684,4,259200,24.9611834962
398371,398383,399716,12,1333,2,7200,1.00900225056
398372,398388,399720,16,1332,2,7200,1.01201201201
398374,490021,491163,91647,1142,4,259200,81.2513134851
398382,398394,399728,12,1334,2,7200,1.00899550225
398385,490332,492677,91947,2345,4,259200,40.2098081023
398393,398406,399722,13,1316,2,7200,1.00987841945
398397,491174,492097,92777,923,4,259200,101.516793066
398404,398412,399739,8,1327,2,7200,1.00602863602
398404,398418,399788,14,1370,2,7200,1.0102189781
398406,492109,495025,93703,2916,4,259200,33.1340877915
398414,492688,493345,94274,657,4,259200,144.491628615
398415,398432,399793,17,1361,2,7200,1.01249081558
398415,398426,399758,11,1332,2,7200,1.00825825826
398423,493357,494008,94934,651,4,259200,146.827956989
398426,398437,399766,11,1329,2,7200,1.00827689992
398436,398444,399778,8,1334,2,7200,1.0059970015
398437,494019,494341,95582,322,4,259200,297.838509317
398437,398449,399772,12,1323,2,7200,1.00907029478
398448,398467,399787,19,1320,2,7200,1.01439393939
398458,398473,399818,15,1345,2,7200,1.01115241636
398469,398485,399819,16,1334,2,7200,1.011994003
398469,398480,399817,11,1337,2,7200,1.00822737472
398480,398497,399822,17,1325,2,7200,1.01283018868
398480,398492,399817,12,1325,2,7200,1.00905660377
398491,398504,399825,13,1321,2,7200,1.00984102952
398502,398510,399835,8,1325,2,7200,1.00603773585
398502,398516,399845,14,1329,2,7200,1.01053423627
398513,398528,399864,15,1336,2,7200,1.01122754491
398513,398523,399853,10,1330,2,7200,1.00751879699
398524,398535,399855,11,1320,2,7200,1.00833333333
398524,398540,399865,16,1325,2,7200,1.0120754717
398535,398546,399871,11,1325,2,7200,1.00830188679
398536,398552,399881,16,1329,2,7200,1.01203912716
398546,398559,399914,13,1355,2,7200,1.00959409594
398557,398571,399896,14,1325,2,7200,1.01056603774
398557,398566,399911,9,1345,2,7200,1.00669144981
398568,398577,399931,9,1354,2,7200,1.00664697194
398568,398583,399919,15,1336,2,7200,1.01122754491
398579,398595,399931,16,1336,2,7200,1.0119760479
398579,398590,399927,11,1337,2,7200,1.00822737472
398590,398601,399922,11,1321,2,7200,1.00832702498
398591,398607,399933,16,1326,2,7200,1.01206636501
398601,398613,399931,12,1318,2,7200,1.0091047041
398612,399700,401018,1088,1318,2,7200,1.82549317147
400271,400277,403887,6,3610,1,3600,1.00166204986
400489,400495,401830,6,1335,2,7200,1.00449438202
400490,400502,401834,12,1332,2,7200,1.00900900901
400500,400509,401838,9,1329,2,7200,1.00677200903
400501,400514,401823,13,1309,2,7200,1.00993124523
400511,400520,401851,9,1331,2,7200,1.00676183321
400512,400526,401861,14,1335,2,7200,1.01048689139
400522,400533,401847,11,1314,2,7200,1.00837138508
400523,400538,401856,15,1318,2,7200,1.01138088012
400533,400545,401854,12,1309,2,7200,1.00916730328
400534,400550,401865,16,1315,2,7200,1.01216730038
400544,400557,401897,13,1340,2,7200,1.00970149254
400555,400569,401908,14,1339,2,7200,1.01045556385
400555,400563,401879,8,1316,2,7200,1.00607902736
400566,400576,401912,10,1336,2,7200,1.00748502994
400566,400581,401905,15,1324,2,7200,1.01132930514
400577,400588,401897,11,1309,2,7200,1.00840336134
400578,400593,401903,15,1310,2,7200,1.01145038168
400583,494356,580766,93773,86410,4,86400,2.08521004513
400588,400600,401910,12,1310,2,7200,1.00916030534
400589,400605,401915,16,1310,2,7200,1.01221374046
400599,400612,401935,13,1323,2,7200,1.00982615268
400610,400619,401945,9,1326,2,7200,1.00678733032
400610,400624,401954,14,1330,2,7200,1.01052631579
400622,400630,401955,8,1325,2,7200,1.00603773585
400623,400636,401987,13,1351,2,7200,1.00962250185
400633,400643,401978,10,1335,2,7200,1.0074906367
400634,400648,401952,14,1304,2,7200,1.01073619632
400645,400654,401973,9,1319,2,7200,1.00682335102
400645,400659,401993,14,1334,2,7200,1.01049475262
400657,400666,401996,9,1330,2,7200,1.00676691729
400657,400671,402001,14,1330,2,7200,1.01052631579
400669,400678,402010,9,1332,2,7200,1.00675675676
400669,400684,402012,15,1328,2,7200,1.01129518072
400680,400691,402057,11,1366,2,7200,1.00805270864
400681,400696,402020,15,1324,2,7200,1.01132930514
400691,400702,402037,11,1335,2,7200,1.00823970037
400692,400708,402036,16,1328,2,7200,1.01204819277
400703,400715,402040,12,1325,2,7200,1.00905660377
400713,400722,402043,9,1321,2,7200,1.00681302044
400714,401030,402346,316,1316,2,7200,1.24012158055
400724,401835,403150,1111,1315,2,7200,1.84486692015
401033,401841,403170,808,1329,2,7200,1.60797592175
401831,401848,403172,17,1324,2,7200,1.01283987915
401842,401854,403170,12,1316,2,7200,1.00911854103
401853,401868,403180,15,1312,2,7200,1.01143292683
401853,401861,403182,8,1321,2,7200,1.00605601817
401864,401875,403195,11,1320,2,7200,1.00833333333
401864,401880,403210,16,1330,2,7200,1.01203007519
401875,401887,403209,12,1322,2,7200,1.00907715582
401876,401892,403215,16,1323,2,7200,1.01209372638
401886,401898,403223,12,1325,2,7200,1.00905660377
401897,401914,403237,17,1323,2,7200,1.01284958428
401897,401909,403239,12,1330,2,7200,1.00902255639
401908,401921,403231,13,1310,2,7200,1.00992366412
401919,401928,403247,9,1319,2,7200,1.00682335102
401919,401933,403270,14,1337,2,7200,1.01047120419
401930,401940,403259,10,1319,2,7200,1.00758150114
401930,401945,403296,15,1351,2,7200,1.01110288675
401941,401952,403288,11,1336,2,7200,1.00823353293
401941,401957,403278,16,1321,2,7200,1.01211203634
401952,401969,403272,17,1303,2,7200,1.01304681504
401952,401964,403292,12,1328,2,7200,1.00903614458
401963,401976,403308,13,1332,2,7200,1.00975975976
401974,401989,403305,15,1316,2,7200,1.01139817629
401974,401982,403306,8,1324,2,7200,1.00604229607
401985,401995,403327,10,1332,2,7200,1.00750750751
401985,402002,403334,17,1332,2,7200,1.01276276276
401996,402009,403333,13,1324,2,7200,1.00981873112
402007,402021,403334,14,1313,2,7200,1.01066260472
402007,402016,403364,9,1348,2,7200,1.00667655786
402018,402033,403353,15,1320,2,7200,1.01136363636
402018,402028,403390,10,1362,2,7200,1.00734214391
402029,402040,403349,11,1309,2,7200,1.00840336134
402029,402049,403352,20,1303,2,7200,1.01534919417
402040,402054,403364,14,1310,2,7200,1.0106870229
402051,402066,403381,15,1315,2,7200,1.01140684411
402051,402061,403388,10,1327,2,7200,1.00753579503
402062,402072,403394,10,1322,2,7200,1.00756429652
402062,402332,403661,270,1329,2,7200,1.20316027088
402073,402358,403679,285,1321,2,7200,1.21574564724
402350,402391,403708,41,1317,2,7200,1.03113135915
402391,403162,404472,771,1310,2,7200,1.58854961832
403159,403182,404500,23,1318,2,7200,1.01745068285
403180,403195,404515,15,1320,2,7200,1.01136363636
403180,403190,404493,10,1303,2,7200,1.00767459708
403191,403207,404529,16,1322,2,7200,1.01210287443
403191,403202,404500,11,1298,2,7200,1.00847457627
403202,403214,404551,12,1337,2,7200,1.00897531788
403213,403220,404517,7,1297,2,7200,1.00539707016
403213,403226,404551,13,1325,2,7200,1.00981132075
403224,403233,404546,9,1313,2,7200,1.00685453161
403225,403241,404553,16,1312,2,7200,1.01219512195
403235,403248,404567,13,1319,2,7200,1.00985595148
403246,403260,404579,14,1319,2,7200,1.01061410159
403246,403255,404567,9,1312,2,7200,1.0068597561
403257,403267,404551,10,1284,2,7200,1.00778816199
403268,403275,404603,7,1328,2,7200,1.00527108434
403279,403290,404612,11,1322,2,7200,1.00832072617
403279,403285,404619,6,1334,2,7200,1.00449775112
403290,403303,404619,13,1316,2,7200,1.00987841945
403290,403297,404628,7,1331,2,7200,1.00525920361
403301,403315,404645,14,1330,2,7200,1.01052631579
403301,403310,404630,9,1320,2,7200,1.00681818182
403312,403322,404643,10,1321,2,7200,1.00757002271
403313,403327,404656,14,1329,2,7200,1.01053423627
403323,403334,404638,11,1304,2,7200,1.00843558282
403334,403341,404663,7,1322,2,7200,1.00529500756
403334,409598,416507,6264,6909,3,6900,1.90664350847
403336,403348,404657,12,1309,2,7200,1.00916730328
403346,403354,404656,8,1302,2,7200,1.00614439324
403347,403360,404672,13,1312,2,7200,1.00990853659
403358,403366,404697,8,1331,2,7200,1.00601051841
403358,403372,404697,14,1325,2,7200,1.01056603774
403369,403379,404684,10,1305,2,7200,1.00766283525
403369,403384,404696,15,1312,2,7200,1.01143292683
403380,403391,404696,11,1305,2,7200,1.00842911877
403391,403397,404724,6,1327,2,7200,1.00452147702
403391,403404,404711,13,1307,2,7200,1.00994644223
403402,403416,404749,14,1333,2,7200,1.01050262566
403402,403410,404621,8,1211,2,7200,1.00660611065
403413,403691,404999,278,1308,2,7200,1.2125382263
403680,404484,405804,804,1320,2,7200,1.60909090909
403711,404505,405840,794,1335,2,7200,1.59475655431
404488,404511,405850,23,1339,2,7200,1.01717699776
404509,404517,405853,8,1336,2,7200,1.00598802395
404509,404527,405849,18,1322,2,7200,1.01361573374
404520,404533,405794,13,1261,2,7200,1.01030927835
404531,404557,405785,26,1228,2,7200,1.02117263844
404531,404540,405783,9,1243,2,7200,1.00724054706
404542,404565,405908,23,1343,2,7200,1.01712583768
404563,404571,405901,8,1330,2,7200,1.00601503759
404563,404577,405910,14,1333,2,7200,1.01050262566
404574,404583,405906,9,1323,2,7200,1.00680272109
404574,404589,405903,15,1314,2,7200,1.01141552511
404585,404596,405918,11,1322,2,7200,1.00832072617
404587,404601,405923,14,1322,2,7200,1.01059001513
404598,404624,405968,26,1344,2,7200,1.0193452381
404598,404615,405943,17,1328,2,7200,1.01280120482
404610,404630,405949,20,1319,2,7200,1.01516300227
404621,404637,405966,16,1329,2,7200,1.01203912716
404632,404644,405981,12,1337,2,7200,1.00897531788
404632,404649,405957,17,1308,2,7200,1.0129969419
404643,404656,405973,13,1317,2,7200,1.00987091875
404654,404668,405962,14,1294,2,7200,1.01081916538
404654,404662,405956,8,1294,2,7200,1.00618238022
404665,404674,405999,9,1325,2,7200,1.00679245283
404666,404679,405995,13,1316,2,7200,1.00987841945
404676,404686,405976,10,1290,2,7200,1.00775193798
404677,404691,405989,14,1298,2,7200,1.01078582435
404687,404698,406003,11,1305,2,7200,1.00842911877
404688,404703,406014,15,1311,2,7200,1.0114416476
404699,404710,406015,11,1305,2,7200,1.00842911877
404699,404715,406009,16,1294,2,7200,1.01236476043
404710,404721,406025,11,1304,2,7200,1.00843558282
404720,404727,406054,7,1327,2,7200,1.00527505652
404721,404733,406036,12,1303,2,7200,1.0092095165
404732,404740,406027,8,1287,2,7200,1.00621600622
404732,404745,406064,13,1319,2,7200,1.00985595148
404743,404761,406063,18,1302,2,7200,1.01382488479
404743,405011,406332,268,1321,2,7200,1.20287660863
404764,405735,407032,971,1297,2,7200,1.74865073246
405010,405795,407069,785,1274,2,7200,1.61616954474
405350,412828,412839,7478,11,16,7200,680.818181818
405788,405801,407086,13,1285,2,7200,1.01011673152
405799,405813,407098,14,1285,2,7200,1.01089494163
405799,405820,407091,21,1271,2,7200,1.01652242329
405810,405852,407133,42,1281,2,7200,1.03278688525
405841,405860,407182,19,1322,2,7200,1.01437216339
405852,405868,407148,16,1280,2,7200,1.0125
405862,405874,407143,12,1269,2,7200,1.00945626478
405873,405913,407205,40,1292,2,7200,1.03095975232
405904,405920,407257,16,1337,2,7200,1.0119670905
405915,405932,407260,17,1328,2,7200,1.01280120482
405915,405927,407240,12,1313,2,7200,1.00913937548
405926,405939,407263,13,1324,2,7200,1.00981873112
405937,405946,407280,9,1334,2,7200,1.00674662669
405937,405951,407263,14,1312,2,7200,1.01067073171
405948,405958,407254,10,1296,2,7200,1.00771604938
405948,405965,407286,17,1321,2,7200,1.01286903861
405959,405972,407266,13,1294,2,7200,1.01004636785
405970,405984,407297,14,1313,2,7200,1.01066260472
405970,405979,407289,9,1310,2,7200,1.00687022901
405981,405991,407278,10,1287,2,7200,1.00777000777
405981,405996,407412,15,1416,2,7200,1.01059322034
405992,406003,407325,11,1322,2,7200,1.00832072617
405993,406008,407324,15,1316,2,7200,1.01139817629
406003,406015,407337,12,1322,2,7200,1.00907715582
406004,406020,407324,16,1304,2,7200,1.01226993865
406014,406027,407340,13,1313,2,7200,1.0099009901
406025,406034,407355,9,1321,2,7200,1.00681302044
406026,406039,407359,13,1320,2,7200,1.00984848485
406036,406046,407368,10,1322,2,7200,1.00756429652
406037,406051,407369,14,1318,2,7200,1.01062215478
406047,406058,407367,11,1309,2,7200,1.00840336134
406048,406063,407377,15,1314,2,7200,1.01141552511
406058,406070,407373,12,1303,2,7200,1.0092095165
406059,406075,407380,16,1305,2,7200,1.0122605364
406070,406082,407384,12,1302,2,7200,1.00921658986
406080,406089,407383,9,1294,2,7200,1.00695517774
406081,406094,407398,13,1304,2,7200,1.00996932515
406091,406344,407640,253,1296,2,7200,1.19521604938
406338,407044,408341,706,1297,2,7200,1.54433307633
407034,407081,408431,47,1350,2,7200,1.03481481481
407075,407098,408441,23,1343,2,7200,1.01712583768
407096,407105,408406,9,1301,2,7200,1.00691775557
407097,407112,408415,15,1303,2,7200,1.01151189563
407107,407145,408451,38,1306,2,7200,1.02909647779
407138,407155,408449,17,1294,2,7200,1.01313755796
407149,407162,408477,13,1315,2,7200,1.00988593156
407160,407193,408503,33,1310,2,7200,1.02519083969
407191,407216,408522,25,1306,2,7200,1.0191424196
407212,407252,408542,40,1290,2,7200,1.03100775194
407243,407265,408558,22,1293,2,7200,1.01701469451
407264,407273,408572,9,1299,2,7200,1.00692840647
407264,407278,408495,14,1217,2,7200,1.01150369762
407275,407290,408584,15,1294,2,7200,1.01159196291
407275,407285,408600,10,1315,2,7200,1.00760456274
407286,407296,408599,10,1303,2,7200,1.00767459708
407286,407302,408615,16,1313,2,7200,1.01218583397
407297,407308,408616,11,1308,2,7200,1.00840978593
407298,407314,408604,16,1290,2,7200,1.01240310078
407308,407320,408619,12,1299,2,7200,1.00923787529
407319,407335,408645,16,1310,2,7200,1.01221374046
407319,412581,472524,5262,59943,1,86400,1.08778339422
407319,407327,408650,8,1323,2,7200,1.00604686319
407330,407342,408641,12,1299,2,7200,1.00923787529
407331,407347,408645,16,1298,2,7200,1.01232665639
407341,407354,408639,13,1285,2,7200,1.01011673152
407352,407360,408616,8,1256,2,7200,1.00636942675
407352,407367,408618,15,1251,2,7200,1.01199040767
407363,407374,408607,11,1233,2,7200,1.00892133009
407363,407380,408746,17,1366,2,7200,1.01244509517
407374,407386,408709,12,1323,2,7200,1.00907029478
407385,407393,408698,8,1305,2,7200,1.0061302682
407385,407398,408734,13,1336,2,7200,1.00973053892
407396,407410,408738,14,1328,2,7200,1.01054216867
407396,407405,408743,9,1338,2,7200,1.0067264574
407407,407416,408725,9,1309,2,7200,1.00687547746
407407,407422,408738,15,1316,2,7200,1.01139817629
407418,407434,408740,16,1306,2,7200,1.01225114855
407418,407429,408736,11,1307,2,7200,1.00841622035
407429,407652,408937,223,1285,2,7200,1.17354085603
407644,408352,409572,708,1220,2,7200,1.58032786885
408345,408418,409732,73,1314,2,7200,1.05555555556
408407,408427,409746,20,1319,2,7200,1.01516300227
408418,408443,409762,25,1319,2,7200,1.01895375284
408438,408453,409781,15,1328,2,7200,1.01129518072
408449,408461,409793,12,1332,2,7200,1.00900900901
408460,408468,409803,8,1335,2,7200,1.00599250936
408460,408489,409814,29,1325,2,7200,1.02188679245
408481,408508,409832,27,1324,2,7200,1.02039274924
408502,408514,409862,12,1348,2,7200,1.00890207715
408513,408534,409864,21,1330,2,7200,1.01578947368
408523,408554,409884,31,1330,2,7200,1.02330827068
408544,408570,409888,26,1318,2,7200,1.01972685888
408565,408585,409909,20,1324,2,7200,1.01510574018
408576,408595,409907,19,1312,2,7200,1.01448170732
408586,408612,409927,26,1315,2,7200,1.01977186312
408607,408618,409944,11,1326,2,7200,1.00829562594
408608,408624,409943,16,1319,2,7200,1.01213040182
408619,408636,409967,17,1331,2,7200,1.01277235162
408619,408631,409951,12,1320,2,7200,1.00909090909
408630,408643,409974,13,1331,2,7200,1.00976709241
408641,408655,409984,14,1329,2,7200,1.01053423627
408641,408649,409995,8,1346,2,7200,1.0059435364
408652,408662,409980,10,1318,2,7200,1.00758725341
408652,408667,409993,15,1326,2,7200,1.01131221719
408663,408673,409997,10,1324,2,7200,1.00755287009
408663,408678,410016,15,1338,2,7200,1.01121076233
408667,412850,442516,4183,29666,16,36000,1.14100316861
408674,408685,410015,11,1330,2,7200,1.00827067669
408675,408691,410014,16,1323,2,7200,1.01209372638
408685,408710,410038,25,1328,2,7200,1.0188253012
408706,408722,410047,16,1325,2,7200,1.0120754717
408717,408738,410083,21,1345,2,7200,1.0156133829
408728,408745,410084,17,1339,2,7200,1.01269604182
408738,408752,410077,14,1325,2,7200,1.01056603774
408749,408759,410082,10,1323,2,7200,1.00755857899
408750,408764,410099,14,1335,2,7200,1.01048689139
408760,408771,410090,11,1319,2,7200,1.00833965125
408761,408776,410102,15,1326,2,7200,1.01131221719
408771,408782,410152,11,1370,2,7200,1.00802919708
408772,408949,410273,177,1324,2,7200,1.1336858006
408946,409610,410934,664,1324,2,7200,1.50151057402
409004,422185,458203,13181,36018,16,36000,1.36595591093
409431,479102,515138,69671,36036,2,36000,2.93337218337
409580,409744,411072,164,1328,2,7200,1.1234939759
409734,409758,411080,24,1322,2,7200,1.01815431165
409755,409774,411096,19,1322,2,7200,1.01437216339
409766,409793,411104,27,1311,2,7200,1.02059496568
409787,409804,411123,17,1319,2,7200,1.01288855193
409797,409888,411313,91,1425,8,6000,1.06385964912
409797,409814,411143,17,1329,2,7200,1.01279157261
409818,409825,411145,7,1320,2,7200,1.0053030303
409818,409938,411398,120,1460,8,6000,1.08219178082
409890,409896,411214,6,1318,2,7200,1.00455235205
409890,409985,411411,95,1426,8,6000,1.06661991585
409952,410009,411468,57,1459,8,6000,1.03906785469
409952,409958,411269,6,1311,2,7200,1.00457665904
409993,409999,411308,6,1309,2,7200,1.00458365164
409993,410058,411479,65,1421,8,6000,1.0457424349
410024,410030,411344,6,1314,2,7200,1.00456621005
410025,410102,411530,77,1428,8,6000,1.05392156863
410086,410092,411405,6,1313,2,7200,1.00456968774
410086,410488,411917,402,1429,8,6000,1.28131560532
410107,410113,411428,6,1315,2,7200,1.00456273764
410107,411137,412572,1030,1435,8,6000,1.71777003484
411086,411280,412706,194,1426,8,6000,1.13604488079
411148,411154,412490,6,1336,2,7200,1.00449101796
411148,411335,412768,187,1433,8,6000,1.13049546406
411322,411356,412670,34,1314,2,7200,1.02587519026
411322,411410,412840,88,1430,8,6000,1.06153846154
411404,411417,412724,13,1307,2,7200,1.00994644223
411404,411424,412860,20,1436,8,6000,1.0139275766
411414,411439,412755,25,1316,2,7200,1.01899696049
411414,411480,412917,66,1437,8,6000,1.04592901879
411476,411542,412868,66,1326,2,7200,1.04977375566
411476,411490,413217,14,1727,8,6000,1.00810654314
411538,411548,412863,10,1315,2,7200,1.00760456274
411538,411627,413064,89,1437,8,6000,1.06193458594
411538,412588,414026,1050,1438,8,6000,1.73018080668
411801,412969,420090,1168,7121,3,7080,1.16402190704
411926,411932,413255,6,1323,2,7200,1.00453514739
411926,412719,414150,793,1431,8,6000,1.55415793152
411937,412974,420130,1037,7156,3,7140,1.14491335942
412328,412980,419767,652,6787,3,6780,1.09606600855
412481,420323,427432,7842,7109,3,7080,2.10310873541
412560,413126,419798,566,6672,3,6660,1.08483213429
412589,412768,414247,179,1479,8,6000,1.12102772143
412589,412595,413898,6,1303,2,7200,1.00460475825
412631,442534,449076,29903,6542,3,6540,5.57092632223
412710,442539,449294,29829,6755,3,6720,5.41584011843
412722,412728,414056,6,1328,2,7200,1.00451807229
412722,412780,414217,58,1437,8,6000,1.040361865
412773,412878,414226,105,1348,2,7200,1.07789317507
412773,412857,414293,84,1436,8,6000,1.05849582173
412866,412884,414225,18,1341,2,7200,1.01342281879
412866,412872,414315,6,1443,8,6000,1.00415800416
412886,412986,414329,100,1343,2,7200,1.07446016381
412887,412930,414363,43,1433,8,6000,1.03000697837
412963,416519,420301,3556,3782,25,7199,1.94024325754
412989,413077,414511,88,1434,8,6000,1.06136680614
412989,413229,414532,240,1303,2,7200,1.18419033001
413092,420312,422174,7220,1862,25,7199,4.87755102041
413224,413266,414606,42,1340,2,7200,1.03134328358
413224,413242,414679,18,1437,8,6000,1.01252609603
413224,413235,415025,11,1790,8,6000,1.0061452514
413265,413911,415239,646,1328,2,7200,1.48644578313
413265,414037,415484,772,1447,8,6000,1.53351762267
413274,427443,463445,14169,36002,16,36000,1.39356146881
413787,414342,415474,555,1132,1,36000,1.49028268551
413802,414350,416212,548,1862,1,36000,1.29430719656
413803,415485,416717,1682,1232,1,36000,2.36525974026
413821,416613,418590,2792,1977,1,36000,2.41224076884
413821,416728,418678,2907,1950,1,36000,2.49076923077
413821,416224,418212,2403,1988,1,36000,2.20875251509
413822,418223,419699,4401,1476,1,36000,3.98170731707
413838,418602,420656,4764,2054,1,36000,3.31937682571
413839,419710,420986,5871,1276,1,36000,5.60109717868
413841,420022,421777,6181,1755,1,36000,4.52193732194
413843,436941,438088,23098,1147,1,36000,21.1377506539
413843,436701,438598,22858,1897,1,36000,13.0495519241
413845,437267,439128,23422,1861,1,36000,13.5857066093
413846,437407,439114,23561,1707,1,36000,14.8025776216
413846,438103,439601,24257,1498,1,36000,17.1929238985
413861,438610,440731,24749,2121,1,36000,12.6685525695
413861,439125,440375,25264,1250,1,36000,21.2112
413863,439139,441087,25276,1948,1,36000,13.9753593429
413867,439613,441319,25746,1706,1,36000,16.0914419695
413872,441331,443375,27459,2044,1,36000,14.4339530333
414041,414068,415369,27,1301,2,7200,1.02075326672
414041,414162,415617,121,1455,8,6000,1.08316151203
414164,414228,415671,64,1443,8,6000,1.04435204435
414164,414237,415594,73,1357,2,7200,1.05379513633
414235,414243,415566,8,1323,2,7200,1.00604686319
414235,414258,415684,23,1426,8,6000,1.01612903226
414256,414305,416041,49,1736,8,6000,1.02822580645
414256,414327,415675,71,1348,2,7200,1.05267062315
414328,414374,415815,46,1441,8,6000,1.0319222762
414328,414334,415683,6,1349,2,7200,1.00444773907
414380,414386,415728,6,1342,2,7200,1.0044709389
414380,414523,415953,143,1430,8,6000,1.1
414523,415036,416469,513,1433,8,6000,1.35799023029
414523,414544,415870,21,1326,2,7200,1.01583710407
415033,415250,416565,217,1315,2,7200,1.16501901141
415033,415496,416963,463,1467,8,6000,1.31561008862
415370,415381,416710,11,1329,2,7200,1.00827689992
415370,415629,417061,259,1432,8,6000,1.18086592179
415575,415582,416880,7,1298,2,7200,1.00539291217
415575,415682,417142,107,1460,8,6000,1.07328767123
415626,415635,416950,9,1315,2,7200,1.00684410646
415626,415697,417142,71,1445,8,6000,1.0491349481
415678,415827,417544,149,1717,8,6000,1.08677926616
415678,415690,417020,12,1330,2,7200,1.00902255639
415699,415964,417416,265,1452,8,6000,1.18250688705
415699,415705,417032,6,1327,2,7200,1.00452147702
415832,416053,417488,221,1435,8,6000,1.15400696864
415832,415838,417194,6,1356,2,7200,1.00442477876
415965,415972,417294,7,1322,2,7200,1.00529500756
416047,416480,417824,433,1344,2,7200,1.32217261905
416476,416487,417848,11,1361,2,7200,1.00808229243
416476,416891,418335,415,1444,8,6000,1.28739612188
416487,416494,417829,7,1335,2,7200,1.00524344569
416487,416974,418418,487,1444,8,6000,1.33725761773
416701,463459,463700,46758,241,12,86400,195.01659751
416745,463712,463945,46967,233,12,86400,202.575107296
416916,417306,418376,390,1070,1,3600,1.36448598131
416956,417072,418699,116,1627,8,6000,1.0712968654
416956,416962,418263,6,1301,2,7200,1.00461183705
417028,417153,418595,125,1442,8,6000,1.0866851595
417028,417034,418311,6,1277,2,7200,1.00469851214
417069,417159,418593,90,1434,8,6000,1.06276150628
417069,417079,418388,10,1309,2,7200,1.0076394194
417151,417206,418552,55,1346,2,7200,1.04086181278
417151,417427,418883,276,1456,8,6000,1.18956043956
417295,417499,418942,204,1443,8,6000,1.14137214137
417295,417835,419172,540,1337,2,7200,1.40388930441
417499,417842,419132,343,1290,2,7200,1.26589147287
417499,417556,419013,57,1457,8,6000,1.0391214825
417836,418346,419794,510,1448,8,6000,1.35220994475
417847,417860,419179,13,1319,2,7200,1.00985595148
417847,418429,419871,582,1442,8,6000,1.40360610264
418348,418610,420039,262,1429,8,6000,1.1833449965
418348,418354,419687,6,1333,2,7200,1.00450112528
418430,418615,420078,185,1463,8,6000,1.12645249487
418430,418436,419754,6,1318,2,7200,1.00455235205
418614,418621,419935,7,1314,2,7200,1.00532724505
418614,418626,419951,12,1325,2,7200,1.00905660377
418614,418711,420150,97,1439,8,6000,1.06740792217
418625,418689,420011,64,1322,2,7200,1.04841149773
418625,418894,420340,269,1446,8,6000,1.18603042877
418890,418954,420400,64,1446,8,6000,1.04426002766
418891,419143,420496,252,1353,2,7200,1.18625277162
419013,419024,420480,11,1456,8,6000,1.00755494505
419136,419183,420487,47,1304,2,7200,1.03604294479
419136,419805,421269,669,1464,8,6000,1.45696721311
419188,419194,420510,6,1316,2,7200,1.00455927052
419188,419882,421326,694,1444,8,6000,1.48060941828
419810,419962,421412,152,1450,8,6000,1.10482758621
419882,420050,421487,168,1437,8,6000,1.11691022965
419882,419888,421209,6,1321,2,7200,1.00454201363
420046,420091,421537,45,1446,8,6000,1.03112033195
420087,420162,421602,75,1440,8,6000,1.05208333333
420159,420351,421807,192,1456,8,6000,1.13186813187
420240,443387,479091,23147,35704,1,54000,1.64830271118
420343,420412,421858,69,1446,8,6000,1.04771784232
420343,420498,421822,155,1324,2,7200,1.1170694864
420486,420508,421844,22,1336,2,7200,1.01646706587
420486,420492,421948,6,1456,8,6000,1.00412087912
420497,420521,421842,24,1321,2,7200,1.0181680545
420517,421282,422731,765,1449,8,6000,1.52795031056
421211,421337,422802,126,1465,8,6000,1.08600682594
421283,421423,422883,140,1460,8,6000,1.09589041096
421335,421498,422949,163,1451,8,6000,1.11233631978
421427,421548,422996,121,1448,8,6000,1.08356353591
421427,421433,422769,6,1336,2,7200,1.00449101796
421539,421614,423061,75,1447,8,6000,1.05183137526
421540,421818,423144,278,1326,2,7200,1.20965309201
421815,421854,423322,39,1468,8,6000,1.02656675749
421815,421824,423168,9,1344,2,7200,1.00669642857
421816,421869,423321,53,1452,8,6000,1.03650137741
421856,421863,423200,7,1337,2,7200,1.00523560209
421857,421960,423421,103,1461,8,6000,1.07049965777
421949,422894,424215,945,1321,2,7200,1.7153671461
421949,422743,424186,794,1443,8,6000,1.55024255024
422775,422815,424277,40,1462,8,6000,1.02735978112
422775,422900,424219,125,1319,2,7200,1.09476876422
422898,422960,424412,62,1452,8,6000,1.04269972452
422898,422906,424219,8,1313,2,7200,1.00609291698
422899,423008,424767,109,1759,8,6000,1.06196702672
422960,423073,424536,113,1463,8,6000,1.07723855092
422960,422967,424283,7,1316,2,7200,1.00531914894
423011,423156,424479,145,1323,2,7200,1.10959939531
423012,423333,424791,321,1458,8,6000,1.22016460905
423155,423338,424794,183,1456,8,6000,1.12568681319
423155,423180,424504,25,1324,2,7200,1.01888217523
423329,423345,424660,16,1315,2,7200,1.01216730038
423329,423433,424911,104,1478,8,6000,1.07036535859
423349,424227,425535,878,1308,2,7200,1.67125382263
423350,424198,425654,848,1456,8,6000,1.58241758242
424196,424288,425743,92,1455,8,6000,1.06323024055
424197,424234,425558,37,1324,2,7200,1.02794561934
424238,424423,425878,185,1455,8,6000,1.12714776632
424289,424548,426010,259,1462,8,6000,1.17715458276
424422,424431,425764,9,1333,2,7200,1.00675168792
424422,424779,426261,357,1482,8,6000,1.24089068826
424545,424554,425852,9,1298,2,7200,1.00693374422
424545,424802,426263,257,1461,8,6000,1.17590691307
424780,424810,426287,30,1477,8,6000,1.02031144211
424801,424923,426387,122,1464,8,6000,1.08333333333
424801,424815,426135,14,1320,2,7200,1.01060606061
424811,424821,426139,10,1318,2,7200,1.00758725341
424812,425665,427121,853,1456,8,6000,1.58585164835
424924,424930,426257,6,1327,2,7200,1.00452147702
424924,425755,427226,831,1471,8,6000,1.56492182189
425669,425890,427352,221,1462,8,6000,1.1511627907
425669,425675,427006,6,1331,2,7200,1.00450788881
425751,426022,427484,271,1462,8,6000,1.1853625171
425751,425761,427086,10,1325,2,7200,1.00754716981
425894,426272,427762,378,1490,8,6000,1.25369127517
425894,425901,427230,7,1329,2,7200,1.00526711813
426027,426034,427342,7,1308,2,7200,1.00535168196
426028,426279,427750,251,1471,8,6000,1.17063222298
426273,426284,427597,11,1313,2,7200,1.00837776085
426273,426298,427752,25,1454,8,6000,1.01719394773
426283,426398,427855,115,1457,8,6000,1.07892930679
426283,426290,427614,7,1324,2,7200,1.00528700906
426294,427133,428591,839,1458,8,6000,1.57544581619
426294,426305,427603,11,1298,2,7200,1.00847457627
426396,427238,428697,842,1459,8,6000,1.57710760795
426396,427019,428355,623,1336,2,7200,1.46631736527
427129,427245,432156,116,4911,5,14400,1.0236204439
427242,427363,432000,121,4637,5,14400,1.02609445762
427242,427369,431809,127,4440,5,14400,1.0286036036
427365,427496,428815,131,1319,2,7200,1.0993176649
427366,427501,428820,135,1319,2,7200,1.10235026535
427498,427615,431898,117,4283,5,14400,1.02731730096
427499,427761,432658,262,4897,5,14400,1.05350214417
427499,427507,428818,8,1311,2,7200,1.00610221205
427611,427625,428974,14,1349,2,7200,1.01037805782
427611,427768,431675,157,3907,5,14400,1.04018428462
427765,427780,429083,15,1303,2,7200,1.01151189563
427765,427775,432080,10,4305,5,14400,1.00232288037
427775,427786,432273,11,4487,5,14400,1.00245152663
427775,427791,429096,16,1305,2,7200,1.0122605364
427776,427872,429219,96,1347,2,7200,1.07126948775
427796,427867,431861,71,3994,5,14400,1.017776665
427796,427877,429192,81,1315,2,7200,1.06159695817
427868,428603,432571,735,3968,5,14400,1.18523185484
427868,428366,429659,498,1293,2,7200,1.38515081206
428368,428709,432847,341,4138,5,14400,1.08240695988
428369,428608,429922,239,1314,2,7200,1.18188736682
428400,515149,581759,86749,66610,6,172800,2.30234199069
428501,458214,479941,29713,21727,32,43200,2.36756109909
428531,581866,581880,153335,14,64,43200,10953.5
428605,428831,433274,226,4443,5,14400,1.05086653162
428605,428714,430020,109,1306,2,7200,1.08346094946
428718,429107,433900,389,4793,5,14400,1.08116002504
428718,428724,430043,6,1319,2,7200,1.00454890068
428832,428985,430306,153,1321,2,7200,1.11582134746
428832,429933,433951,1101,4018,5,14400,1.27401692384
429107,430327,434927,1220,4600,5,14400,1.2652173913
429108,429203,430505,95,1302,2,7200,1.07296466974
429934,431686,435871,1752,4185,5,14400,1.41863799283
429934,430031,431322,97,1291,2,7200,1.07513555383
430028,477886,484969,47858,7083,16,36000,7.75674149372
430332,430516,431829,184,1313,2,7200,1.14013709063
430332,431820,436866,1488,5046,5,14400,1.29488703924
431687,431873,436378,186,4505,5,14400,1.04128745838
431687,431693,432999,6,1306,2,7200,1.0045941807
431820,431840,433138,20,1298,2,7200,1.01540832049
431820,431910,436058,90,4148,5,14400,1.02169720347
431871,432168,433486,297,1318,2,7200,1.2253414264
431871,432013,436830,142,4817,5,14400,1.02947892879
432014,432174,433472,160,1298,2,7200,1.12326656394
432015,432092,435999,77,3907,5,14400,1.01970821602
432168,432291,433643,123,1352,2,7200,1.09097633136
432178,432670,434001,492,1331,2,7200,1.36964688204
432179,432284,436373,105,4089,5,14400,1.02567865004
432576,432675,433985,99,1310,2,7200,1.07557251908
432576,432583,437233,7,4650,5,14400,1.00150537634
432669,432858,437508,189,4650,5,14400,1.04064516129
432669,433010,434337,341,1327,2,7200,1.2569706104
432862,433150,434433,288,1283,2,7200,1.22447388932
432863,433285,438085,422,4800,5,14400,1.08791666667
433148,433484,434783,336,1299,2,7200,1.25866050808
433148,433655,438509,507,4854,5,14400,1.1044499382
433485,433911,439662,426,5751,5,14400,1.07407407407
433903,433962,437825,59,3863,5,14400,1.01527310381
433955,433996,435306,41,1310,2,7200,1.03129770992
433955,434796,438816,841,4020,5,14400,1.2092039801
434006,434012,435320,6,1308,2,7200,1.00458715596
434006,434939,439734,933,4795,5,14400,1.19457768509
434792,435317,436607,525,1290,2,7200,1.40697674419
434792,435882,439880,1090,3998,5,14400,1.27263631816
435322,435333,436635,11,1302,2,7200,1.00844854071
435322,436011,439878,689,3867,5,14400,1.17817429532
435883,436071,440665,188,4594,5,14400,1.04092294297
435883,436089,437395,206,1306,2,7200,1.15773353752
436067,436384,440526,317,4142,5,14400,1.07653307581
436067,436618,437920,551,1302,2,7200,1.42319508449
436383,436648,437947,265,1299,2,7200,1.20400307929
436383,436391,440957,8,4566,5,14400,1.0017520806
436639,436841,441441,202,4600,5,14400,1.04391304348
436833,436877,440856,44,3979,5,14400,1.01105805479
436874,437246,441682,372,4436,5,14400,1.08385933273
437241,437519,441569,278,4050,5,14400,1.06864197531
437395,437836,442306,441,4470,5,14400,1.09865771812
437518,437959,442662,441,4703,5,14400,1.09376993408
437835,438096,441832,261,3736,5,14400,1.0698608137
438090,438521,442761,431,4240,5,14400,1.1016509434
438518,438829,443730,311,4901,5,14400,1.06345643746
438824,439673,444091,849,4418,5,14400,1.19216840199
439670,439746,444561,76,4815,5,14400,1.01578400831
439742,439889,444580,147,4691,5,14400,1.031336602
439742,439895,441190,153,1295,2,7200,1.11814671815
439885,439901,441211,16,1310,2,7200,1.01221374046
439895,440386,441644,491,1258,2,7200,1.39030206677
439896,440538,444534,642,3996,5,14400,1.16066066066
440527,440676,442001,149,1325,2,7200,1.11245283019
440671,440682,442026,11,1344,2,7200,1.00818452381
440681,440742,442069,61,1327,2,7200,1.04596834966
440681,440867,445466,186,4599,5,14400,1.04044357469
440793,441098,441227,305,129,1,3600,3.36434108527
440856,440968,442302,112,1334,2,7200,1.08395802099
440958,440974,442292,16,1318,2,7200,1.01213960546
440967,441223,445602,256,4379,5,14400,1.05846083581
441192,441453,445588,261,4135,5,14400,1.06311970979
441349,441355,441657,6,302,1,3600,1.01986754967
441447,441580,445682,133,4102,5,14400,1.03242320819
441570,441693,445563,123,3870,5,14400,1.03178294574
441682,441843,445761,161,3918,5,14400,1.04109239408
441835,442037,446173,202,4136,5,14400,1.04883945841
441879,441885,442518,6,633,1,3600,1.00947867299
442009,442304,447079,295,4775,5,14400,1.06178010471
442071,442318,446900,247,4582,5,14400,1.05390659101
442316,442324,443642,8,1318,2,7200,1.00606980273
442316,442528,446996,212,4468,5,14400,1.04744852283
442530,442545,446875,15,4330,5,14400,1.00346420323
442551,442673,446787,122,4114,5,14400,1.02965483714
442551,442772,444094,221,1322,2,7200,1.1671709531
442775,442781,444079,6,1298,2,7200,1.00462249615
442775,443742,447806,967,4064,5,14400,1.23794291339
443135,443141,443236,6,95,1,3600,1.06315789474
443359,443364,443648,5,284,1,3600,1.0176056338
443440,473013,474933,29573,1920,1,36000,16.4026041667
443443,474945,476872,31502,1927,1,36000,17.3476907109
443451,476884,478700,33433,1816,1,36000,19.4102422907
443453,529575,531459,86122,1884,1,36000,46.7123142251
443456,529581,531717,86125,2136,1,36000,41.3206928839
443462,529586,531585,86124,1999,1,36000,44.0835417709
443466,529591,531612,86125,2021,1,36000,43.6150420584
443468,529597,531456,86129,1859,1,36000,47.3308230231
443469,529602,531259,86133,1657,1,36000,52.9812914906
443743,444090,448468,347,4378,5,14400,1.07925993604
443938,443945,444465,7,520,1,3600,1.01346153846
444090,444102,447919,12,3817,5,14400,1.00314383023
444101,444547,448401,446,3854,5,14400,1.1157239232
444550,444573,449498,23,4925,5,14400,1.00467005076
444571,444594,449292,23,4698,5,14400,1.0048957003
444571,444580,445900,9,1320,2,7200,1.00681818182
444576,444586,444719,10,133,1,3600,1.07518796992
444591,445478,449333,887,3855,5,14400,1.23009079118
444591,444600,445914,9,1314,2,7200,1.00684931507
444842,444849,445181,7,332,1,3600,1.02108433735
445397,445404,446230,7,826,1,3600,1.00847457627
445479,445574,446878,95,1304,2,7200,1.07285276074
445571,445600,449403,29,3803,5,14400,1.00762555877
445571,445580,446868,9,1288,2,7200,1.00698757764
445584,484989,495457,39405,10468,12,21600,4.76432938479
445602,445694,447004,92,1310,2,7200,1.07022900763
445602,445613,450354,11,4741,5,14400,1.00232018561
445694,445773,450559,79,4786,5,14400,1.01650647723
445694,445700,447036,6,1336,2,7200,1.00449101796
445776,446185,450839,409,4654,5,14400,1.08788139235
445776,445782,447097,6,1315,2,7200,1.00456273764
446184,446799,451524,615,4725,5,14400,1.13015873016
446184,446192,447500,8,1308,2,7200,1.00611620795
446796,446805,448111,9,1306,2,7200,1.00689127106
446796,446912,451355,116,4443,5,14400,1.02610848526
446909,446918,448235,9,1317,2,7200,1.00683371298
446909,447015,451165,106,4150,5,14400,1.02554216867
447011,447022,448355,11,1333,2,7200,1.00825206302
447011,447091,451441,80,4350,5,14400,1.0183908046
447088,447098,447227,10,129,1,3600,1.07751937984
447093,447104,448414,11,1310,2,7200,1.00839694656
447093,447512,451841,419,4329,5,14400,1.09678909679
447342,447349,447908,7,559,1,3600,1.01252236136
447512,447819,451913,307,4094,5,14400,1.07498778701
447818,447931,452245,113,4314,5,14400,1.02619378767
447930,448413,453001,483,4588,5,14400,1.10527462947
448120,448127,448208,7,81,1,1800,1.08641975309
448187,448193,448722,6,529,1,3600,1.01134215501
448410,449304,453453,894,4149,5,14400,1.2154736081
448443,448449,448553,6,104,1,1800,1.05769230769
448472,448477,449802,5,1325,2,7200,1.00377358491
448472,449345,453447,873,4102,5,14400,1.21282301316
449046,449052,449419,6,367,1,1800,1.01634877384
449134,449141,449771,7,630,1,7200,1.01111111111
449308,449414,453383,106,3969,5,14400,1.02670697909
449308,449314,450599,6,1285,2,7200,1.0046692607
449349,449514,453474,165,3960,5,14400,1.04166666667
449349,449355,450649,6,1294,2,7200,1.00463678516
449502,450371,454676,869,4305,5,14400,1.2018583043
449502,449508,450806,6,1298,2,7200,1.00462249615
450217,450223,450268,6,45,1,1800,1.13333333333
450359,450365,451672,6,1307,2,7200,1.00459066565
450359,450576,454906,217,4330,5,14400,1.05011547344
450495,450501,450587,6,86,1,1800,1.06976744186
450563,450569,451850,6,1281,2,7200,1.00468384075
450563,450850,456097,287,5247,5,14400,1.05469792262
450808,451177,455086,369,3909,5,14400,1.09439754413
450849,451367,455557,518,4190,5,14400,1.12362768496
450849,450858,452111,9,1253,2,7200,1.00718276137
451205,451212,451473,7,261,1,1800,1.02681992337
451359,451452,455453,93,4001,5,14400,1.02324418895
451443,451535,455532,92,3997,5,14400,1.02301726295
451526,451852,456133,326,4281,5,14400,1.07615043214
451675,451681,453001,6,1320,2,7200,1.00454545455
451842,451924,456308,82,4384,5,14400,1.01870437956
451853,452256,456561,403,4305,5,14400,1.09361207898
451920,451931,453239,11,1308,2,7200,1.00840978593
451931,451938,452021,7,83,1,1800,1.0843373494
452114,453012,454332,898,1320,2,7200,1.6803030303
452257,453018,454307,761,1289,2,7200,1.59038013964
452263,452269,452377,6,108,1,1800,1.05555555556
452895,452901,453264,6,363,1,1800,1.01652892562
453013,453024,454334,11,1310,2,7200,1.00839694656
453014,453251,454556,237,1305,2,7200,1.1816091954
453024,453459,454771,435,1312,2,7200,1.33155487805
453249,453394,457305,145,3911,5,14400,1.0370749169
453249,453464,454775,215,1311,2,7200,1.16399694889
453464,453476,454802,12,1326,2,7200,1.00904977376
453464,453471,457740,7,4269,5,14400,1.00163972827
453474,453487,457312,13,3825,5,14400,1.00339869281
453474,454318,455627,844,1309,2,7200,1.64476699771
453485,454687,459602,1202,4915,5,14400,1.24455747711
453485,454344,455657,859,1313,2,7200,1.65422696116
454341,454352,455692,11,1340,2,7200,1.00820895522
454341,454813,458669,472,3856,5,14400,1.122406639
454431,454437,454477,6,40,1,1800,1.15
454688,454918,459516,230,4598,5,14400,1.05002174859
454688,454695,456002,7,1307,2,7200,1.00535577659
454725,454732,454804,7,72,1,1800,1.09722222222
454811,455466,456778,655,1312,2,7200,1.49923780488
454811,455098,459787,287,4689,5,14400,1.0612070804
455097,455471,456792,374,1321,2,7200,1.28311884936
455437,455443,455685,6,242,1,1800,1.02479338843
455464,455477,456803,13,1326,2,7200,1.00980392157
455475,455549,456881,74,1332,2,7200,1.05555555556
455475,455544,456855,69,1311,2,7200,1.05263157895
455547,455568,456876,21,1308,2,7200,1.01605504587
455548,455574,456910,26,1336,2,7200,1.01946107784
455568,455581,456895,13,1314,2,7200,1.0098934551
455579,455639,456952,60,1313,2,7200,1.04569687738
455579,455668,456979,89,1311,2,7200,1.06788710908
455641,455703,457027,62,1324,2,7200,1.04682779456
455672,456014,457310,342,1296,2,7200,1.26388888889
455703,456110,457423,407,1313,2,7200,1.30997715156
456010,456115,457429,105,1314,2,7200,1.0799086758
456112,456144,457478,32,1334,2,7200,1.023988006
456113,456150,457487,37,1337,2,7200,1.02767389678
456144,456156,457469,12,1313,2,7200,1.00913937548
456154,456319,457612,165,1293,2,7200,1.12761020882
456155,456325,457632,170,1307,2,7200,1.13006885998
456318,456573,457890,255,1317,2,7200,1.19362186788
456329,456578,457917,249,1339,2,7200,1.1859596714
456574,456584,457905,10,1321,2,7200,1.00757002271
456575,456790,458105,215,1315,2,7200,1.16349809886
456585,456803,458099,218,1296,2,7200,1.16820987654
456790,456815,458135,25,1320,2,7200,1.01893939394
456800,456868,458205,68,1337,2,7200,1.05086013463
456811,456887,458212,76,1325,2,7200,1.05735849057
456873,456894,458205,21,1311,2,7200,1.01601830664
456883,456907,458225,24,1318,2,7200,1.01820940819
456894,456921,458232,27,1311,2,7200,1.02059496568
456904,456914,457076,10,162,16,600,1.06172839506
456905,456964,458271,59,1307,2,7200,1.04514154552
456925,456992,458356,67,1364,2,7200,1.0491202346
456967,457038,458395,71,1357,2,7200,1.05232129698
456987,457317,458649,330,1332,2,7200,1.24774774775
457039,457322,458633,283,1311,2,7200,1.21586575133
457315,457329,458609,14,1280,2,7200,1.0109375
457326,457335,458656,9,1321,2,7200,1.00681302044
457326,457341,458666,15,1325,2,7200,1.01132075472
457337,457347,458650,10,1303,2,7200,1.00767459708
457337,457435,458742,98,1307,2,7200,1.07498087223
457348,457442,458752,94,1310,2,7200,1.07175572519
457440,457489,458787,49,1298,2,7200,1.03775038521
457440,457481,458834,41,1353,2,7200,1.0303030303
457482,457498,458804,16,1306,2,7200,1.01225114855
457492,457624,458931,132,1307,2,7200,1.10099464422
457503,457644,458935,141,1291,2,7200,1.10921766073
457626,457752,459063,126,1311,2,7200,1.09610983982
457647,457757,459114,110,1357,2,7200,1.08106116433
457716,482410,482576,24694,166,32,600,149.759036145
457749,457901,459210,152,1309,2,7200,1.11611917494
457760,457918,459214,158,1296,2,7200,1.12191358025
457903,457930,459242,27,1312,2,7200,1.02057926829
457913,458110,459443,197,1333,2,7200,1.14778694674
457934,458117,459400,183,1283,2,7200,1.14263445051
458109,458147,459472,38,1325,2,7200,1.02867924528
458120,458222,459535,102,1313,2,7200,1.07768469155
458151,458227,459537,76,1310,2,7200,1.05801526718
458223,458240,459518,17,1278,2,7200,1.01330203443
458223,458233,459539,10,1306,2,7200,1.00765696784
458234,458247,459558,13,1311,2,7200,1.00991609458
458244,458283,459585,39,1302,2,7200,1.02995391705
458245,458367,459681,122,1314,2,7200,1.09284627093
458286,458407,459730,121,1323,2,7200,1.09145880574
458368,458620,459891,252,1271,2,7200,1.19826907946
458410,458645,459952,235,1307,2,7200,1.17980107116
458625,458661,459956,36,1295,2,7200,1.0277992278
458646,458667,459960,21,1293,2,7200,1.0162412993
458666,458673,459942,7,1269,2,7200,1.00551615445
458667,458680,459974,13,1294,2,7200,1.01004636785
458678,458686,459971,8,1285,2,7200,1.00622568093
458678,458691,459983,13,1292,2,7200,1.0100619195
458689,458699,459989,10,1290,2,7200,1.00775193798
458689,458753,460061,64,1308,2,7200,1.04892966361
458700,458763,460075,63,1312,2,7200,1.04801829268
458706,463957,470509,5251,6552,3,6540,1.80143467643
458751,458799,460112,48,1313,2,7200,1.0365575019
458754,463962,470646,5208,6684,3,6660,1.77917414722
458762,458815,460130,53,1315,2,7200,1.04030418251
458803,458845,460145,42,1300,2,7200,1.03230769231
458809,463967,470709,5158,6742,3,6720,1.76505487986
458814,458942,460233,128,1291,2,7200,1.09914794733
458845,458949,460235,104,1286,2,7200,1.08087091757
458880,463972,470897,5092,6925,3,6900,1.73530685921
458927,470523,477304,11596,6781,3,6780,2.71007226073
458947,459074,460323,127,1249,2,7200,1.10168134508
458948,459126,460402,178,1276,2,7200,1.1394984326
459048,470657,477752,11609,7095,3,7080,2.63622269204
459071,459221,460518,150,1297,2,7200,1.11565150347
459095,470721,477864,11626,7143,3,7140,2.62760744785
459122,459229,460549,107,1320,2,7200,1.08106060606
459144,470909,477782,11765,6873,3,6840,2.71177069693
459225,459253,460543,28,1290,2,7200,1.02170542636
459226,459411,460712,185,1301,2,7200,1.14219830899
459257,459455,460762,198,1307,2,7200,1.15149196634
459410,459484,460807,74,1323,2,7200,1.0559334845
459451,459528,460834,77,1306,2,7200,1.05895865237
459482,459534,460827,52,1293,2,7200,1.04021655066
459524,459541,460824,17,1283,2,7200,1.01325019486
459537,459554,460867,17,1313,2,7200,1.01294744859
459537,459548,460881,11,1333,2,7200,1.00825206302
459548,459559,460879,11,1320,2,7200,1.00833333333
459559,459597,460957,38,1360,2,7200,1.02794117647
459559,459570,460896,11,1326,2,7200,1.00829562594
459570,459614,460957,44,1343,2,7200,1.03276247208
459601,459619,460933,18,1314,2,7200,1.01369863014
459612,459626,460969,14,1343,2,7200,1.01042442293
459622,459694,461049,72,1355,2,7200,1.05313653137
459623,459741,461079,118,1338,2,7200,1.08819133034
459695,459798,461130,103,1332,2,7200,1.07732732733
459747,459804,461143,57,1339,2,7200,1.0425690814
459798,459902,461213,104,1311,2,7200,1.07932875667
459809,459953,461285,144,1332,2,7200,1.10810810811
459902,459963,461297,61,1334,2,7200,1.04572713643
459953,459970,461308,17,1338,2,7200,1.01270553064
459964,459976,461297,12,1321,2,7200,1.00908402725
459975,459984,461312,9,1328,2,7200,1.00677710843
459976,459991,461308,15,1317,2,7200,1.01138952164
459986,459998,461323,12,1325,2,7200,1.00905660377
459987,460004,461323,17,1319,2,7200,1.01288855193
459997,460073,461412,76,1339,2,7200,1.05675877521
460008,460087,461424,79,1337,2,7200,1.05908750935
460070,460124,461463,54,1339,2,7200,1.04032860344
460091,460141,461485,50,1344,2,7200,1.03720238095
460122,460157,461495,35,1338,2,7200,1.02615844544
460143,460244,461592,101,1348,2,7200,1.07492581602
460154,460251,461598,97,1347,2,7200,1.07201187825
460246,460334,461669,88,1335,2,7200,1.065917603
460257,460413,461752,156,1339,2,7200,1.11650485437
460339,460530,461851,191,1321,2,7200,1.14458743376
460411,460554,461875,143,1321,2,7200,1.10825132475
460534,460561,461894,27,1333,2,7200,1.02025506377
460555,460724,462038,169,1314,2,7200,1.12861491629
460565,460774,462113,209,1339,2,7200,1.15608663181
460719,460818,462145,99,1327,2,7200,1.07460437076
460770,460836,462172,66,1336,2,7200,1.0494011976
460822,460843,462150,21,1307,2,7200,1.01606732976
460833,460850,462156,17,1306,2,7200,1.01301684533
460843,460879,462210,36,1331,2,7200,1.02704733283
460854,460891,462214,37,1323,2,7200,1.02796674225
460876,460897,462213,21,1316,2,7200,1.01595744681
460887,460909,462273,22,1364,2,7200,1.01612903226
460897,460946,462278,49,1332,2,7200,1.03678678679
460908,460969,462320,61,1351,2,7200,1.04515173945
460949,460974,462292,25,1318,2,7200,1.01896813354
460970,460981,462279,11,1298,2,7200,1.00847457627
460971,461061,462425,90,1364,2,7200,1.06598240469
460981,461092,462432,111,1340,2,7200,1.0828358209
461063,461141,462438,78,1297,2,7200,1.0601387818
461095,461154,462481,59,1327,2,7200,1.04446119066
461146,461224,462545,78,1321,2,7200,1.05904617714
461157,461296,462607,139,1311,2,7200,1.1060259344
461229,461319,462641,90,1322,2,7200,1.06807866868
461300,461324,462669,24,1345,2,7200,1.01784386617
461321,461332,462672,11,1340,2,7200,1.00820895522
461322,461337,462642,15,1305,2,7200,1.01149425287
461332,461344,462675,12,1331,2,7200,1.00901577761
461333,461349,462676,16,1327,2,7200,1.01205727204
461343,461356,462677,13,1321,2,7200,1.00984102952
461354,461424,462740,70,1316,2,7200,1.05319148936
461356,461437,462781,81,1344,2,7200,1.06026785714
461428,461475,462787,47,1312,2,7200,1.03582317073
461438,461498,462786,60,1288,2,7200,1.04658385093
461479,461507,462805,28,1298,2,7200,1.02157164869
461500,461603,462936,103,1333,2,7200,1.07726931733
461511,461611,462932,100,1321,2,7200,1.0757002271
461603,461681,463004,78,1323,2,7200,1.0589569161
461614,461764,463080,150,1316,2,7200,1.11398176292
461686,461863,463189,177,1326,2,7200,1.1334841629
461768,461887,463198,119,1311,2,7200,1.09077040427
461860,461906,463234,46,1328,2,7200,1.03463855422
461891,462050,463374,159,1324,2,7200,1.12009063444
461902,462126,463408,224,1282,2,7200,1.17472698908
462046,462157,463441,111,1284,2,7200,1.08644859813
462128,462164,463473,36,1309,2,7200,1.02750190985
462159,462184,463450,25,1266,2,7200,1.01974723539
462159,462171,463486,12,1315,2,7200,1.00912547529
462170,462222,463519,52,1297,2,7200,1.0400925212
462181,462228,463540,47,1312,2,7200,1.03582317073
462222,462233,463530,11,1297,2,7200,1.00848111025
462233,462284,463590,51,1306,2,7200,1.03905053599
462233,462291,463606,58,1315,2,7200,1.04410646388
462284,462296,463616,12,1320,2,7200,1.00909090909
462295,462303,463601,8,1298,2,7200,1.0061633282
462296,462332,463628,36,1296,2,7200,1.02777777778
462306,462437,463736,131,1299,2,7200,1.10084680523
462327,462444,463756,117,1312,2,7200,1.08917682927
462440,462494,463783,54,1289,2,7200,1.04189294026
462440,462451,463792,11,1341,2,7200,1.00820283371
462451,462557,463861,106,1304,2,7200,1.08128834356
462492,462619,463911,127,1292,2,7200,1.09829721362
462554,462653,463964,99,1311,2,7200,1.07551487414
462563,536466,541646,73903,5180,2,21600,15.266988417
462616,462659,463950,43,1291,2,7200,1.03330751356
462657,462681,463958,24,1277,2,7200,1.01879404855
462658,462688,463994,30,1306,2,7200,1.02297090352
462678,462693,463981,15,1288,2,7200,1.01164596273
462689,462700,464016,11,1316,2,7200,1.00835866261
462690,462705,464004,15,1299,2,7200,1.01154734411
462700,462752,464050,52,1298,2,7200,1.04006163328
462701,462793,464096,92,1303,2,7200,1.07060629317
462752,462800,464096,48,1296,2,7200,1.03703703704
462794,462805,464096,11,1291,2,7200,1.00852052672
462804,462817,464131,13,1314,2,7200,1.0098934551
462805,462944,464220,139,1276,2,7200,1.10893416928
462815,462951,464220,136,1269,2,7200,1.10717100079
462949,463092,464370,143,1278,2,7200,1.11189358372
462949,463015,464302,66,1287,2,7200,1.05128205128
463011,463201,464503,190,1302,2,7200,1.14592933948
463093,463210,464493,117,1283,2,7200,1.09119251754
463206,463245,464545,39,1300,2,7200,1.03
463206,463386,464690,180,1304,2,7200,1.13803680982
463247,463419,464733,172,1314,2,7200,1.13089802131
463391,463453,464761,62,1308,2,7200,1.04740061162
463422,463477,464782,55,1305,2,7200,1.04214559387
463453,463485,464764,32,1279,2,7200,1.02501954652
463474,463498,464801,24,1303,2,7200,1.018419033
463484,463531,464819,47,1288,2,7200,1.03649068323
463495,463542,464789,47,1247,2,7200,1.0376904571
463526,463551,464831,25,1280,2,7200,1.01953125
463537,463603,464914,66,1311,2,7200,1.05034324943
463548,463613,464906,65,1293,2,7200,1.05027068832
463600,463619,464918,19,1299,2,7200,1.01462663587
463611,463627,464945,16,1318,2,7200,1.01213960546
463621,463639,464917,18,1278,2,7200,1.01408450704
463632,463748,465029,116,1281,2,7200,1.09055425449
463643,463768,465037,125,1269,2,7200,1.09850275808
463746,463795,465084,49,1289,2,7200,1.03801396431
463767,463804,465096,37,1292,2,7200,1.0286377709
463798,463873,465161,75,1288,2,7200,1.05822981366
463809,463922,465194,113,1272,2,7200,1.08883647799
463871,463980,465260,109,1280,2,7200,1.08515625
463923,463985,465207,62,1222,2,7200,1.05073649755
463985,463991,465253,6,1262,2,7200,1.00475435816
463985,463997,465275,12,1278,2,7200,1.00938967136
463996,464006,465301,10,1295,2,7200,1.00772200772
463996,464015,465319,19,1304,2,7200,1.01457055215
464007,464027,465312,20,1285,2,7200,1.01556420233
464017,464061,465364,44,1303,2,7200,1.03376822717
464028,464107,465409,79,1302,2,7200,1.06067588326
464059,464112,465381,53,1269,2,7200,1.04176516942
464111,464119,465427,8,1308,2,7200,1.00611620795
464112,464143,465416,31,1273,2,7200,1.02435192459
464123,464232,465529,109,1297,2,7200,1.08404009252
464144,464237,465516,93,1279,2,7200,1.07271305708
464237,464314,465618,77,1304,2,7200,1.05904907975
464238,464381,465670,143,1289,2,7200,1.11093871218
464311,464506,465752,195,1246,2,7200,1.15650080257
464383,464515,465738,132,1223,2,7200,1.10793131643
464506,464557,465845,51,1288,2,7200,1.03959627329
464517,464702,465996,185,1294,2,7200,1.1429675425
464530,536838,543379,72308,6541,2,21600,12.0545788106
464559,464745,466006,186,1261,2,7200,1.14750198255
464610,495468,507327,30858,11859,12,86400,3.60207437389
464621,479958,481970,15337,2012,3,6360,8.62276341948
464644,507339,529564,42695,22225,12,86400,2.92103487064
464702,464772,466040,70,1268,2,7200,1.05520504732
464743,464780,466075,37,1295,2,7200,1.02857142857
464774,464793,466057,19,1264,2,7200,1.01503164557
464785,464801,466101,16,1300,2,7200,1.01230769231
464796,464830,466103,34,1273,2,7200,1.02670856245
464796,464812,466088,16,1276,2,7200,1.01253918495
464817,464842,466089,25,1247,2,7200,1.02004811548
464828,464918,466176,90,1258,2,7200,1.07154213037
464838,464926,466164,88,1238,2,7200,1.07108239095
464920,464934,466187,14,1253,2,7200,1.01117318436
464931,464957,466233,26,1276,2,7200,1.02037617555
464931,464940,466210,9,1270,2,7200,1.00708661417
464942,465040,466319,98,1279,2,7200,1.07662236122
464953,465049,466352,96,1303,2,7200,1.073676132
464962,539282,544740,74320,5458,2,21600,14.6167094174
465037,470373,477580,5336,7207,1,7200,1.74039128625
465045,465096,466383,51,1287,2,7200,1.03962703963
465046,465109,466379,63,1270,2,7200,1.04960629921
465097,465172,466464,75,1292,2,7200,1.0580495356
465108,465206,466471,98,1265,2,7200,1.07747035573
465169,465219,466511,50,1292,2,7200,1.0386996904
465211,465265,466564,54,1299,2,7200,1.0415704388
465221,465271,466584,50,1313,2,7200,1.03808073115
465263,465287,466625,24,1338,2,7200,1.01793721973
465273,465313,466634,40,1321,2,7200,1.03028009084
465284,465324,466652,40,1328,2,7200,1.03012048193
465315,465330,466657,15,1327,2,7200,1.01130369254
465326,465376,466716,50,1340,2,7200,1.03731343284
465327,465393,466709,66,1316,2,7200,1.05015197568
465378,465420,466757,42,1337,2,7200,1.03141361257
465378,541658,548268,76280,6610,2,21600,12.5400907716
465389,465428,466750,39,1322,2,7200,1.02950075643
465421,465438,466771,17,1333,2,7200,1.0127531883
465431,465527,466856,96,1329,2,7200,1.07223476298
465443,465541,466864,98,1323,2,7200,1.07407407407
465525,465630,466955,105,1325,2,7200,1.07924528302
465546,465681,467002,135,1321,2,7200,1.10219530659
465629,465750,467074,121,1324,2,7200,1.0913897281
465680,465763,467088,83,1325,2,7200,1.06264150943
465752,465856,467196,104,1340,2,7200,1.0776119403
465763,466007,467336,244,1329,2,7200,1.18359668924
465828,557475,593506,91647,36031,16,36000,3.54355971247
465855,466018,467331,163,1313,2,7200,1.12414318355
466009,466051,467375,42,1324,2,7200,1.03172205438
466019,466070,467383,51,1313,2,7200,1.03884234577
466050,466086,467398,36,1312,2,7200,1.02743902439
466071,466099,467411,28,1312,2,7200,1.02134146341
466082,466106,467431,24,1325,2,7200,1.01811320755
466103,466113,467425,10,1312,2,7200,1.00762195122
466103,466120,467437,17,1317,2,7200,1.01290812453
466114,466176,467509,62,1333,2,7200,1.04651162791
466125,466187,467483,62,1296,2,7200,1.04783950617
466176,466199,467517,23,1318,2,7200,1.01745068285
466187,466221,467517,34,1296,2,7200,1.0262345679
466198,466245,467559,47,1314,2,7200,1.03576864536
466219,466330,467647,111,1317,2,7200,1.08428246014
466250,466364,467678,114,1314,2,7200,1.08675799087
466332,466391,467698,59,1307,2,7200,1.04514154552
466363,466398,467731,35,1333,2,7200,1.02625656414
466394,466483,467802,89,1319,2,7200,1.06747536012
466394,466475,467804,81,1329,2,7200,1.06094808126
466442,582095,725597,115653,143502,3,302400,1.80593301836
466477,466522,467839,45,1317,2,7200,1.03416856492
466487,466576,467896,89,1320,2,7200,1.06742424242
466518,466595,467910,77,1315,2,7200,1.05855513308
466580,466637,467950,57,1313,2,7200,1.04341203351
466591,466645,467946,54,1301,2,7200,1.04150653344
466632,466663,467982,31,1319,2,7200,1.02350265353
466643,466670,467994,27,1324,2,7200,1.02039274924
466664,466720,468038,56,1318,2,7200,1.04248861912
466674,466727,468024,53,1297,2,7200,1.04086353123
466716,466761,468057,45,1296,2,7200,1.03472222222
466726,466768,468068,42,1300,2,7200,1.03230769231
466757,466782,468075,25,1293,2,7200,1.01933488012
466768,466867,468144,99,1277,2,7200,1.07752545027
466779,466877,468161,98,1284,2,7200,1.07632398754
466871,466967,468270,96,1303,2,7200,1.073676132
466882,467014,468317,132,1303,2,7200,1.1013046815
466964,467085,468393,121,1308,2,7200,1.09250764526
467015,467100,468412,85,1312,2,7200,1.06478658537
467087,467208,468531,121,1323,2,7200,1.09145880574
467098,467342,468642,244,1300,2,7200,1.18769230769
467211,467350,468655,139,1305,2,7200,1.10651340996
467344,467386,468706,42,1320,2,7200,1.03181818182
467355,467395,468702,40,1307,2,7200,1.03060443764
467386,467410,468699,24,1289,2,7200,1.01861908456
467397,467422,468698,25,1276,2,7200,1.01959247649
467407,467436,468725,29,1289,2,7200,1.02249806051
467418,467443,468721,25,1278,2,7200,1.01956181534
467430,543391,549463,75961,6072,2,21600,13.5100461133
467439,467450,468704,11,1254,2,7200,1.00877192982
467439,467494,468790,55,1296,2,7200,1.0424382716
467450,467520,468828,70,1308,2,7200,1.05351681957
467491,467528,468826,37,1298,2,7200,1.02850539291
467522,467535,468872,13,1337,2,7200,1.00972326103
467533,467658,468955,125,1297,2,7200,1.09637625289
467533,467571,468855,38,1284,2,7200,1.02959501558
467575,467691,468980,116,1289,2,7200,1.08999224205
467657,467710,468994,53,1284,2,7200,1.04127725857
467688,467743,469014,55,1271,2,7200,1.04327301338
467709,467813,469103,104,1290,2,7200,1.08062015504
467740,467820,469119,80,1299,2,7200,1.06158583526
467812,467851,469162,39,1311,2,7200,1.02974828375
467822,467907,469187,85,1280,2,7200,1.06640625
467853,467922,469189,69,1267,2,7200,1.0544593528
467905,467958,469207,53,1249,2,7200,1.04243394716
467926,467964,469232,38,1268,2,7200,1.02996845426
467957,467994,469240,37,1246,2,7200,1.02969502408
467968,468005,469222,37,1217,2,7200,1.03040262942
467999,468036,469331,37,1295,2,7200,1.02857142857
468010,468051,469331,41,1280,2,7200,1.03203125
468041,468068,469346,27,1278,2,7200,1.02112676056
468051,468079,469352,28,1273,2,7200,1.02199528672
468072,468087,469356,15,1269,2,7200,1.01182033097
468083,468156,469422,73,1266,2,7200,1.05766192733
468083,468173,469459,90,1286,2,7200,1.0699844479
468155,468282,469536,127,1254,2,7200,1.10127591707
468176,468328,469562,152,1234,2,7200,1.12317666126
468279,468405,469646,126,1241,2,7200,1.10153102337
468377,468423,469757,46,1334,2,7200,1.03448275862
468408,468543,469853,135,1310,2,7200,1.10305343511
468429,468655,469974,226,1319,2,7200,1.1713419257
468542,468667,470006,125,1339,2,7200,1.09335324869
468654,468710,470022,56,1312,2,7200,1.04268292683
468665,468717,470036,52,1319,2,7200,1.03942380591
468706,468722,469990,16,1268,2,7200,1.01261829653
468717,468728,470041,11,1313,2,7200,1.00837776085
468718,468734,470069,16,1335,2,7200,1.01198501873
468728,468740,470067,12,1327,2,7200,1.00904295403
468730,468746,470022,16,1276,2,7200,1.01253918495
468741,468838,470143,97,1305,2,7200,1.07432950192
468741,468803,470107,62,1304,2,7200,1.04754601227
468803,468845,470189,42,1344,2,7200,1.03125
468834,468866,470190,32,1324,2,7200,1.02416918429
468845,468883,470173,38,1290,2,7200,1.02945736434
468865,468968,470275,103,1307,2,7200,1.07880642693
468886,468992,470320,106,1328,2,7200,1.07981927711
468968,469005,470307,37,1302,2,7200,1.02841781874
468989,469027,470350,38,1323,2,7200,1.02872260015
469010,469114,470427,104,1313,2,7200,1.07920792079
469031,469130,470434,99,1304,2,7200,1.0759202454
469113,469173,470504,60,1331,2,7200,1.04507888805
469134,469199,470509,65,1310,2,7200,1.04961832061
469175,469206,470474,31,1268,2,7200,1.02444794953
469196,469218,470505,22,1287,2,7200,1.01709401709
469207,469234,470548,27,1314,2,7200,1.02054794521
469217,469244,470561,27,1317,2,7200,1.02050113895
469238,469252,470556,14,1304,2,7200,1.01073619632
469249,469348,470667,99,1319,2,7200,1.07505686126
469249,469342,470652,93,1310,2,7200,1.07099236641
469342,469357,470684,15,1327,2,7200,1.01130369254
469352,469365,470676,13,1311,2,7200,1.00991609458
469363,469371,470717,8,1346,2,7200,1.0059435364
469363,469434,470743,71,1309,2,7200,1.05423987777
469374,469470,470778,96,1308,2,7200,1.07339449541
469436,469548,470867,112,1319,2,7200,1.08491281274
469467,469573,470892,106,1319,2,7200,1.08036391205
469549,469658,470985,109,1327,2,7200,1.08214016579
469570,469769,471063,199,1294,2,7200,1.15378670788
469662,469866,471181,204,1315,2,7200,1.15513307985
469764,469986,471279,222,1293,2,7200,1.1716937355
469867,470002,471332,135,1330,2,7200,1.1015037594
469990,470019,471322,29,1303,2,7200,1.02225633154
470001,470033,471339,32,1306,2,7200,1.02450229709
470022,470038,471323,16,1285,2,7200,1.01245136187
470032,470048,471333,16,1285,2,7200,1.01245136187
470043,470055,471358,12,1303,2,7200,1.0092095165
470044,470078,471365,34,1287,2,7200,1.02641802642
470055,470086,471401,31,1315,2,7200,1.02357414449
470077,470119,471416,42,1297,2,7200,1.03238242097
470088,470155,471465,67,1310,2,7200,1.05114503817
470119,470184,471516,65,1332,2,7200,1.0487987988
470123,481759,482398,11636,639,8,600,19.2097026604
470150,470200,471519,50,1319,2,7200,1.03790750569
470181,470207,471544,26,1337,2,7200,1.01944652206
470202,470287,471591,85,1304,2,7200,1.06518404908
470213,470318,471641,105,1323,2,7200,1.07936507937
470285,470332,471649,47,1317,2,7200,1.03568716781
470316,470361,471681,45,1320,2,7200,1.03409090909
470336,470367,471674,31,1307,2,7200,1.02371843917
470357,470439,471755,82,1316,2,7200,1.0623100304
470429,470445,471773,16,1328,2,7200,1.01204819277
470440,470486,471800,46,1314,2,7200,1.03500761035
470481,470516,471846,35,1330,2,7200,1.02631578947
470512,470528,471856,16,1328,2,7200,1.01204819277
470513,470533,471889,20,1356,2,7200,1.01474926254
470523,470559,471865,36,1306,2,7200,1.02756508423
470554,470568,471874,14,1306,2,7200,1.01071975498
470565,470664,472006,99,1342,2,7200,1.0737704918
470565,470576,471909,11,1333,2,7200,1.00825206302
470658,470678,471994,20,1316,2,7200,1.01519756839
470668,470687,471983,19,1296,2,7200,1.01466049383
470679,470695,472013,16,1318,2,7200,1.01213960546
470690,470728,472042,38,1314,2,7200,1.02891933029
470721,470754,472069,33,1315,2,7200,1.02509505703
470752,470789,472102,37,1313,2,7200,1.02817974105
470783,470878,472189,95,1311,2,7200,1.07246376812
470875,470903,472231,28,1328,2,7200,1.02108433735
470897,470997,472318,100,1321,2,7200,1.0757002271
470989,471074,472397,85,1323,2,7200,1.06424792139
471071,471192,472504,121,1312,2,7200,1.09222560976
471097,544752,545550,73655,798,2,21600,93.2994987469
471185,471290,472603,105,1313,2,7200,1.07996953542
471287,471334,472634,47,1300,2,7200,1.03615384615
471329,471348,472685,19,1337,2,7200,1.01421091997
471329,471341,472671,12,1330,2,7200,1.00902255639
471340,471353,472659,13,1306,2,7200,1.00995405819
471350,471359,472661,9,1302,2,7200,1.0069124424
471351,471370,472660,19,1290,2,7200,1.01472868217
471362,471377,472688,15,1311,2,7200,1.0114416476
471372,471412,472697,40,1285,2,7200,1.03112840467
471403,471428,472727,25,1299,2,7200,1.01924557352
471424,471476,472758,52,1282,2,7200,1.04056162246
471466,471528,472792,62,1264,2,7200,1.04905063291
471519,471536,472830,17,1294,2,7200,1.01313755796
471529,471555,472863,26,1308,2,7200,1.01987767584
471549,545561,546656,74012,1095,2,21600,68.5908675799
471551,471602,472930,51,1328,2,7200,1.03840361446
471591,479952,481748,8361,1796,25,7199,5.65534521158
471592,471653,472944,61,1291,2,7200,1.04725019365
471643,471660,472937,17,1277,2,7200,1.01331245106
471654,471686,473001,32,1315,2,7200,1.02433460076
471675,471692,472975,17,1283,2,7200,1.01325019486
471686,471767,473058,81,1291,2,7200,1.06274206042
471758,471785,473021,27,1236,2,7200,1.02184466019
471807,545761,546481,73954,720,2,21600,103.713888889
471808,471815,473138,7,1323,2,7200,1.00529100529
471808,471857,473160,49,1303,2,7200,1.03760552571
471852,471867,473183,15,1316,2,7200,1.01139817629
471863,471877,473183,14,1306,2,7200,1.01071975498
471873,471886,473182,13,1296,2,7200,1.0100308642
471876,471900,473228,24,1328,2,7200,1.01807228916
471897,471920,473268,23,1348,2,7200,1.01706231454
472267,546492,547465,74225,973,2,21600,77.2846865365
472625,546668,548275,74043,1607,2,21600,47.0752955818
473205,547477,549032,74272,1555,2,21600,48.7633440514
473218,560854,647261,87636,86407,1,86400,2.01422338468
473354,560860,560887,87506,27,1,540000,3241.96296296
473410,560903,560928,87493,25,1,540000,3500.72
473754,548281,549235,74527,954,2,21600,79.1205450734
474375,474381,474406,6,25,3,300,1.24
474892,474898,474912,6,14,3,300,1.42857142857
475174,475180,475189,6,9,3,300,1.5
475333,475340,475353,7,13,3,300,1.53846153846
475349,548288,549240,72939,952,2,21600,77.6165966387
475770,475776,475787,6,11,3,300,1.54545454545
477867,477874,478277,7,403,2,7200,1.01736972705
477869,477880,478277,11,397,2,7200,1.02770780856
477870,477892,478277,22,385,2,7200,1.05714285714
477871,477897,478277,26,380,2,7200,1.06842105263
477873,477902,478277,29,375,2,7200,1.07733333333
477874,477907,478277,33,370,2,7200,1.08918918919
477875,477913,478277,38,364,2,7200,1.1043956044
477877,477918,478277,41,359,2,7200,1.11420612813
477878,477923,478277,45,354,2,7200,1.12711864407
477879,477928,478277,49,349,2,7200,1.14040114613
477880,477934,478277,54,343,2,7200,1.15743440233
477882,477940,478277,58,337,2,7200,1.17210682493
477883,477946,478277,63,331,2,7200,1.19033232628
477884,477951,478277,67,326,2,7200,1.20552147239
477886,477956,478277,70,321,2,7200,1.21806853583
477887,477962,478277,75,315,2,7200,1.2380952381
477888,477967,478277,79,310,2,7200,1.25483870968
477890,477972,478277,82,305,2,7200,1.26885245902
477891,477977,478277,86,300,2,7200,1.28666666667
477892,477983,478277,91,294,2,7200,1.30952380952
477894,477988,478277,94,289,2,7200,1.32525951557
477895,477993,478277,98,284,2,7200,1.34507042254
477896,477998,478277,102,279,2,7200,1.36559139785
477897,478004,478277,107,273,2,7200,1.39194139194
477899,478009,478277,110,268,2,7200,1.41044776119
477900,478014,478277,114,263,2,7200,1.43346007605
477901,478019,478277,118,258,2,7200,1.45736434109
477903,478025,478277,122,252,2,7200,1.48412698413
477904,478030,478277,126,247,2,7200,1.51012145749
477905,478035,478277,130,242,2,7200,1.53719008264
477907,478040,478277,133,237,2,7200,1.5611814346
477908,478046,478277,138,231,2,7200,1.5974025974
477909,478051,478277,142,226,2,7200,1.62831858407
477911,478056,478277,145,221,2,7200,1.65610859729
477912,478061,478277,149,216,2,7200,1.68981481481
477913,478070,478277,157,207,2,7200,1.75845410628
477915,478075,478277,160,202,2,7200,1.79207920792
477916,478080,478277,164,197,2,7200,1.83248730964
477917,478086,478277,169,191,2,7200,1.88481675393
478907,478913,480669,6,1756,2,7200,1.00341685649
478917,478923,480659,6,1736,2,7200,1.0034562212
478917,478929,480618,12,1689,2,7200,1.00710479574
478928,478941,480615,13,1674,2,7200,1.00776583035
478928,478936,480647,8,1711,2,7200,1.00467562829
478939,478947,480687,8,1740,2,7200,1.00459770115
478940,478952,480731,12,1779,2,7200,1.00674536256
478950,478960,480609,10,1649,2,7200,1.00606428138
478951,478965,480634,14,1669,2,7200,1.00838825644
478961,478971,480690,10,1719,2,7200,1.00581733566
478962,478977,480802,15,1825,2,7200,1.00821917808
478972,478983,480734,11,1751,2,7200,1.0062821245
478973,478989,480686,16,1697,2,7200,1.00942840306
478983,478995,480681,12,1686,2,7200,1.00711743772
478994,479007,480769,13,1762,2,7200,1.00737797957
478994,479001,480685,7,1684,2,7200,1.0041567696
479005,479014,480818,9,1804,2,7200,1.00498891353
479005,479019,480771,14,1752,2,7200,1.00799086758
479016,479030,480710,14,1680,2,7200,1.00833333333
479016,479025,480594,9,1569,2,7200,1.00573613767
479027,479037,480806,10,1769,2,7200,1.00565291125
479027,479043,480710,16,1667,2,7200,1.00959808038
479038,479050,480739,12,1689,2,7200,1.00710479574
479038,479055,480739,17,1684,2,7200,1.01009501188
480603,549044,550048,68441,1004,2,21600,69.1683266932
480616,482587,518369,1971,35782,32,36000,1.05508356157
480638,480645,481990,7,1345,2,7200,1.00520446097
480639,480652,481997,13,1345,2,7200,1.00966542751
480650,480658,482072,8,1414,2,7200,1.00565770863
480650,480663,482038,13,1375,2,7200,1.00945454545
480661,480670,482048,9,1378,2,7200,1.00653120464
480661,480676,482057,15,1381,2,7200,1.01086169442
480672,480682,482090,10,1408,2,7200,1.00710227273
480672,480688,482120,16,1432,2,7200,1.01117318436
480683,480695,482057,12,1362,2,7200,1.00881057269
480683,480700,482099,17,1399,2,7200,1.01215153681
480694,480707,482065,13,1358,2,7200,1.00957290133
480704,480714,482090,10,1376,2,7200,1.00726744186
480705,480719,482093,14,1374,2,7200,1.01018922853
480715,480726,482112,11,1386,2,7200,1.00793650794
480716,480731,482082,15,1351,2,7200,1.01110288675
480726,480737,482131,11,1394,2,7200,1.00789096126
480727,480742,482151,15,1409,2,7200,1.01064584812
480738,480749,482172,11,1423,2,7200,1.00773014758
480738,480755,482207,17,1452,2,7200,1.01170798898
480749,480762,482089,13,1327,2,7200,1.00979653353
480759,480768,482111,9,1343,2,7200,1.00670141474
480760,480774,482130,14,1356,2,7200,1.01032448378
480770,480780,482163,10,1383,2,7200,1.00723065799
480771,480785,482166,14,1381,2,7200,1.01013758146
480781,480792,482160,11,1368,2,7200,1.00804093567
480782,480797,482157,15,1360,2,7200,1.01102941176
480792,480803,482162,11,1359,2,7200,1.0080941869
480793,480808,482199,15,1391,2,7200,1.01078360891
480803,480816,482245,13,1429,2,7200,1.00909727082
480814,480823,482195,9,1372,2,7200,1.00655976676
480814,480828,482191,14,1363,2,7200,1.01027146001
480825,480834,482215,9,1381,2,7200,1.00651701665
480825,480840,482203,15,1363,2,7200,1.01100513573
480836,480846,482223,10,1377,2,7200,1.00726216412
480836,480852,482226,16,1374,2,7200,1.01164483261
480847,480858,482242,11,1384,2,7200,1.00794797688
480847,480863,482271,16,1408,2,7200,1.01136363636
480858,480870,482260,12,1390,2,7200,1.00863309353
480869,482002,483356,1133,1354,2,7200,1.83677991137
480869,480876,482245,7,1369,2,7200,1.00511322133
480880,482009,483330,1129,1321,2,7200,1.85465556397
480951,549247,550336,68296,1089,2,21600,63.7144168962
480997,582101,665915,101104,83814,1,345600,2.2062901186
481014,582106,669523,101092,87417,1,345600,2.15643410321
481032,582111,671347,101079,89236,1,345600,2.13271549599
481058,603782,688553,122724,84771,1,345600,2.44771207135
481075,607425,692646,126350,85221,1,345600,2.48261578719
481091,607430,694398,126339,86968,1,345600,2.45270674271
481104,607435,695410,126331,87975,1,345600,2.43598749645
481119,608298,693395,127179,85097,1,345600,2.49451802061
481133,608760,687746,127627,78986,1,345600,2.61581799306
481157,609099,691885,127942,82786,1,345600,2.54545454545
481175,634792,721725,153617,86933,1,345600,2.76707349338
481192,634797,721116,153605,86319,1,345600,2.77950393309
481205,634802,717885,153597,83083,1,345600,2.84871754751
481290,634808,720066,153518,85258,1,345600,2.80062868001
481305,634813,720934,153508,86121,1,345600,2.78246885196
481331,634818,721284,153487,86466,1,345600,2.77511391761
481361,634824,720590,153463,85766,1,345600,2.78932210899
481373,634829,722799,153456,87970,1,345600,2.74441286802
481386,634834,722337,153448,87503,1,345600,2.75363130407
481398,634840,723218,153442,88378,1,345600,2.73620131707
481411,634845,717684,153434,82839,1,345600,2.85219522206
481433,634851,722605,153418,87754,1,345600,2.74827358297
481448,634861,719420,153413,84559,1,345600,2.81427169195
481460,634866,723765,153406,88899,1,345600,2.72562121059
481471,634872,716613,153401,81741,1,345600,2.87667143783
481483,634877,723573,153394,88696,1,345600,2.72943537476
481517,634886,721078,153369,86192,1,345600,2.77938787823
481533,634891,721864,153358,86973,1,345600,2.7632828579
481546,634897,721960,153351,87063,1,345600,2.76137969057
481553,549254,550383,67701,1129,2,21600,60.9654561559
481564,634902,713650,153338,78748,1,345600,2.94719865901
481577,634908,721863,153331,86955,1,345600,2.7633373584
481590,634913,719476,153323,84563,1,345600,2.813121578
481604,634918,721834,153314,86916,1,345600,2.76393299277
481616,634924,719088,153308,84164,1,345600,2.82153890024
481628,634929,720244,153301,85315,1,345600,2.79688214265
481641,634935,714197,153294,79262,1,345600,2.93401630037
481654,634940,718678,153286,83738,1,345600,2.83054288376
481666,634945,721334,153279,86389,1,345600,2.7742883932
481678,634951,722495,153273,87544,1,345600,2.75081102074
481972,495037,501443,13065,6406,3,6360,3.03949422416
482003,482050,483448,47,1398,2,7200,1.03361945637
482014,482059,483408,45,1349,2,7200,1.03335804299
482017,501455,508144,19438,6689,3,6660,3.90596501719
482045,482068,483395,23,1327,2,7200,1.01733232856
482048,508159,514893,26111,6734,3,6720,4.87748737749
482056,482074,483417,18,1343,2,7200,1.01340282949
482066,482080,483422,14,1342,2,7200,1.01043219076
482077,482087,483440,10,1353,2,7200,1.007390983
482077,482094,483444,17,1350,2,7200,1.01259259259
482088,482100,483496,12,1396,2,7200,1.00859598854
482099,482107,483474,8,1367,2,7200,1.00585223116
482099,482112,483467,13,1355,2,7200,1.00959409594
482110,482124,483523,14,1399,2,7200,1.01000714796
482110,482118,483512,8,1394,2,7200,1.00573888092
482121,482136,483580,15,1444,2,7200,1.01038781163
482121,482131,483577,10,1446,2,7200,1.00691562932
482132,482142,483549,10,1407,2,7200,1.00710732054
482132,482148,483508,16,1360,2,7200,1.01176470588
482143,482162,483496,19,1334,2,7200,1.01424287856
482143,482154,483493,11,1339,2,7200,1.00821508588
482146,518386,525171,36240,6785,3,6780,6.34119380987
482154,482170,483487,16,1317,2,7200,1.01214882308
482164,482177,483519,13,1342,2,7200,1.00968703428
482175,482183,483517,8,1334,2,7200,1.0059970015
482175,482188,483573,13,1385,2,7200,1.00938628159
482186,482200,483550,14,1350,2,7200,1.01037037037
482186,482194,483639,8,1445,2,7200,1.00553633218
482197,482207,483593,10,1386,2,7200,1.00721500722
482198,482212,483567,14,1355,2,7200,1.01033210332
482208,482219,483536,11,1317,2,7200,1.00835231587
482209,482224,483684,15,1460,2,7200,1.0102739726
482219,482231,483548,12,1317,2,7200,1.00911161731
482220,482236,483603,16,1367,2,7200,1.01170446233
482230,482242,483613,12,1371,2,7200,1.00875273523
482234,508853,509914,26619,1061,1,3600,26.0885956645
482241,482254,483597,13,1343,2,7200,1.0096798213
482241,482248,483598,7,1350,2,7200,1.00518518519
482243,518391,525507,36148,7116,3,7080,6.07982012366
482252,482262,483632,10,1370,2,7200,1.00729927007
482253,482267,483607,14,1340,2,7200,1.01044776119
482263,482274,483622,11,1348,2,7200,1.00816023739
482266,482282,483654,16,1372,2,7200,1.01166180758
482276,483342,484714,1066,1372,2,7200,1.77696793003
482277,529607,536454,47330,6847,3,6840,7.91251643055
482287,483368,484727,1081,1359,2,7200,1.79543782193
482317,549478,550419,67161,941,2,21600,72.3719447396
482770,550060,551275,67290,1215,2,21600,56.3827160494
483146,550349,551463,67203,1114,2,21600,61.3258527828
483342,483407,484779,65,1372,2,7200,1.04737609329
483363,483419,484808,56,1389,2,7200,1.04031677466
483404,483430,484777,26,1347,2,7200,1.01930215293
483415,483436,484906,21,1470,2,7200,1.01428571429
483426,483452,484851,26,1399,2,7200,1.01858470336
483436,483459,484822,23,1363,2,7200,1.01687454145
483457,483466,484801,9,1335,2,7200,1.00674157303
483458,483479,484821,21,1342,2,7200,1.01564828614
483468,483486,484813,18,1327,2,7200,1.01356443105
483479,483498,484904,19,1406,2,7200,1.01351351351
483490,483505,484880,15,1375,2,7200,1.01090909091
483501,483512,484875,11,1363,2,7200,1.00807043287
483501,483518,484868,17,1350,2,7200,1.01259259259
483512,483525,484906,13,1381,2,7200,1.0094134685
483522,483531,484924,9,1393,2,7200,1.00646087581
483523,483537,484907,14,1370,2,7200,1.0102189781
483533,483544,484888,11,1344,2,7200,1.00818452381
483534,483549,484886,15,1337,2,7200,1.01121914734
483544,483556,484939,12,1383,2,7200,1.00867678959
483545,483563,484920,18,1357,2,7200,1.01326455416
483556,483568,484927,12,1359,2,7200,1.00883002208
483566,483574,484934,8,1360,2,7200,1.00588235294
483567,483581,484955,14,1374,2,7200,1.01018922853
483577,483587,484947,10,1360,2,7200,1.00735294118
483578,483595,484971,17,1376,2,7200,1.01235465116
483588,483600,484943,12,1343,2,7200,1.00893521966
483599,483607,484965,8,1358,2,7200,1.0058910162
483600,483614,484965,14,1351,2,7200,1.0103626943
483610,483620,484954,10,1334,2,7200,1.00749625187
483611,483626,484968,15,1342,2,7200,1.01117734724
483621,483632,484944,11,1312,2,7200,1.00838414634
483622,483638,484993,16,1355,2,7200,1.01180811808
483632,483644,485069,12,1425,2,7200,1.00842105263
483643,483651,484987,8,1336,2,7200,1.00598802395
483643,483657,485050,14,1393,2,7200,1.01005025126
483654,483666,484989,12,1323,2,7200,1.00907029478
483655,483695,485090,40,1395,2,7200,1.02867383513
483665,484726,486082,1061,1356,2,7200,1.78244837758
483696,484738,486139,1042,1401,2,7200,1.7437544611
484264,634956,713781,150692,78825,1,259200,2.91172851253
484273,634962,714133,150689,79171,1,259200,2.90333581741
484277,634967,713683,150690,78716,1,259200,2.91435032268
484282,634972,710608,150690,75636,1,259200,2.99230525147
484287,634978,714547,150691,79569,1,259200,2.89384056605
484292,634983,713458,150691,78475,1,259200,2.92024211532
484300,634989,713155,150689,78166,1,259200,2.92780748663
484305,634994,715115,150689,80121,1,259200,2.88076783864
484309,635000,713055,150691,78055,1,259200,2.93057459484
484313,635005,715790,150692,80785,1,259200,2.86534628953
484317,635012,714010,150695,78998,1,259200,2.90757993873
484321,635103,715930,150782,80827,1,259200,2.86549049204
484410,635431,708464,151021,73033,1,259200,3.0678460422
484415,635438,707409,151023,71971,1,259200,3.09838685026
484418,550395,551539,65977,1144,2,21600,58.6722027972
484418,635688,710809,151270,75121,1,259200,3.01368458886
484422,635710,707652,151288,71942,1,259200,3.10291623808
484425,635716,712444,151291,76728,1,259200,2.97178344281
484430,635761,713139,151331,77378,1,259200,2.95573677273
484434,635858,716247,151424,80389,1,259200,2.88364079663
484437,635906,714531,151469,78625,1,259200,2.92647376789
484440,635912,716597,151472,80685,1,259200,2.87732540125
484444,635925,711199,151481,75274,1,259200,3.01239471796
484447,635972,714050,151525,78078,1,259200,2.94068751761
484450,635984,715404,151534,79420,1,259200,2.90800805842
484453,636094,716391,151641,80297,1,259200,2.88850143841
484511,518380,520248,33869,1868,25,7199,19.1311563169
484535,636100,715529,151565,79429,1,259200,2.9081821501
484542,636649,714569,152107,77920,1,259200,2.95209188912
484545,636655,710058,152110,73403,1,259200,3.07225862703
484548,636660,714559,152112,77899,1,259200,2.95268231941
484556,636665,710179,152109,73514,1,259200,3.06911608673
484561,636671,716519,152110,79848,1,259200,2.90499448953
484564,636676,715389,152112,78713,1,259200,2.93248891543
484567,636683,714753,152116,78070,1,259200,2.94845651339
484570,636688,717256,152118,80568,1,259200,2.88806970509
484573,636693,716280,152120,79587,1,259200,2.91136743438
484576,636699,713009,152123,76310,1,259200,2.99348709212
484580,636704,717786,152124,81082,1,259200,2.87617473669
484730,484788,486162,58,1374,2,7200,1.0422125182
484741,484795,486125,54,1330,2,7200,1.04060150376
484792,484813,486146,21,1333,2,7200,1.01575393848
484793,484819,486158,26,1339,2,7200,1.01941747573
484813,484826,486147,13,1321,2,7200,1.00984102952
484824,484832,486117,8,1285,2,7200,1.00622568093
484825,484839,486158,14,1319,2,7200,1.01061410159
484835,484862,486179,27,1317,2,7200,1.02050113895
484836,484880,486176,44,1296,2,7200,1.03395061728
484867,484886,486315,19,1429,2,7200,1.0132960112
484878,484892,486253,14,1361,2,7200,1.010286554
484888,484899,486269,11,1370,2,7200,1.00802919708
484889,484904,486298,15,1394,2,7200,1.01076040172
484899,484916,486243,17,1327,2,7200,1.01281085154
484900,484923,486255,23,1332,2,7200,1.01726726727
484921,484934,486278,13,1344,2,7200,1.00967261905
484921,484929,486276,8,1347,2,7200,1.00593912398
484932,484947,486207,15,1260,2,7200,1.0119047619
484932,484942,486304,10,1362,2,7200,1.00734214391
484943,484954,486345,11,1391,2,7200,1.00790797987
484944,484959,486316,15,1357,2,7200,1.01105379514
484954,484965,486359,11,1394,2,7200,1.00789096126
484955,484971,486345,16,1374,2,7200,1.01164483261
484965,484977,486334,12,1357,2,7200,1.00884303611
484976,484994,486325,18,1331,2,7200,1.01352366642
484977,484999,486373,22,1374,2,7200,1.01601164483
484997,485007,486327,10,1320,2,7200,1.00757575758
484998,485012,486392,14,1380,2,7200,1.01014492754
485061,485067,486491,6,1424,2,7200,1.00421348315
485067,485079,486407,12,1328,2,7200,1.00903614458
485067,485073,486430,6,1357,2,7200,1.00442151805
485078,485091,486498,13,1407,2,7200,1.0092395167
485078,485086,486484,8,1398,2,7200,1.00572246066
485089,485097,486457,8,1360,2,7200,1.00588235294
485090,485103,486486,13,1383,2,7200,1.00939985539
485100,485110,486556,10,1446,2,7200,1.00691562932
485101,485115,486595,14,1480,2,7200,1.00945945946
485117,486094,487460,977,1366,2,7200,1.71522693997
485118,486129,487482,1011,1353,2,7200,1.74722838137
485918,550431,551319,64513,888,2,14400,73.6497747748
486099,486137,487445,38,1308,2,7200,1.02905198777
486131,486151,487513,20,1362,2,7200,1.01468428781
486141,486158,487469,17,1311,2,7200,1.01296720061
486152,486164,487481,12,1317,2,7200,1.00911161731
486163,486177,487475,14,1298,2,7200,1.01078582435
486163,486172,487440,9,1268,2,7200,1.0070977918
486174,486184,487436,10,1252,2,7200,1.00798722045
486175,486190,487519,15,1329,2,7200,1.01128668172
486185,486197,487518,12,1321,2,7200,1.00908402725
486186,486219,487492,33,1273,2,7200,1.0259230165
486197,486255,487537,58,1282,2,7200,1.04524180967
486198,520260,520275,34062,15,3,300,2271.8
486218,486265,487540,47,1275,2,7200,1.0368627451
486259,486272,487534,13,1262,2,7200,1.01030110935
486270,486281,487609,11,1328,2,7200,1.00828313253
486270,486287,487595,17,1308,2,7200,1.0129969419
486281,486294,487655,13,1361,2,7200,1.00955180015
486292,486317,487657,25,1340,2,7200,1.01865671642
486292,486310,487625,18,1315,2,7200,1.01368821293
486313,486327,487598,14,1271,2,7200,1.01101494886
486314,486333,487568,19,1235,2,7200,1.01538461538
486324,486340,487592,16,1252,2,7200,1.01277955272
486335,486347,487607,12,1260,2,7200,1.00952380952
486336,486352,487685,16,1333,2,7200,1.01200300075
486347,486359,487667,12,1308,2,7200,1.00917431193
486357,486365,487657,8,1292,2,7200,1.00619195046
486358,486372,487681,14,1309,2,7200,1.01069518717
486368,486384,487669,16,1285,2,7200,1.01245136187
486369,486404,487693,35,1289,2,7200,1.02715283165
486380,486419,487744,39,1325,2,7200,1.02943396226
486401,486441,487703,40,1262,2,7200,1.03169572108
486422,486469,487771,47,1302,2,7200,1.03609831029
486442,486496,487741,54,1245,2,7200,1.04337349398
486474,486502,487736,28,1234,2,7200,1.0226904376
486496,486508,487770,12,1262,2,7200,1.00950871632
486506,486514,487837,8,1323,2,7200,1.00604686319
486507,486567,487836,60,1269,2,7200,1.04728132388
486518,486607,487874,89,1267,2,7200,1.07024467245
486569,487448,488683,879,1235,2,7200,1.71174089069
486579,551287,552281,64708,994,2,10800,66.0985915493
486610,487454,488685,844,1231,2,7200,1.68562144598
486902,560946,647385,74044,86439,1,86400,1.85660407918
486921,551332,552353,64411,1021,2,10800,64.0861900098
487451,487461,488756,10,1295,2,7200,1.00772200772
487452,487472,488707,20,1235,2,7200,1.01619433198
487463,487481,488702,18,1221,2,7200,1.01474201474
487473,487487,488679,14,1192,2,7200,1.01174496644
487484,487493,488870,9,1377,2,7200,1.00653594771
487484,487499,488890,15,1391,2,7200,1.01078360891
487495,487506,488909,11,1403,2,7200,1.00784034212
487496,487525,488897,29,1372,2,7200,1.02113702624
487506,487532,488873,26,1341,2,7200,1.01938851603
487527,487539,488906,12,1367,2,7200,1.00877834674
487582,487589,488981,7,1392,2,7200,1.00502873563
487583,487594,488914,11,1320,2,7200,1.00833333333
487593,487600,488955,7,1355,2,7200,1.00516605166
487594,487606,488916,12,1310,2,7200,1.00916030534
487604,487613,488907,9,1294,2,7200,1.00695517774
487605,487618,488964,13,1346,2,7200,1.00965824666
487616,487624,488973,8,1349,2,7200,1.00593031875
487616,487630,488994,14,1364,2,7200,1.01026392962
487627,487636,488981,9,1345,2,7200,1.00669144981
487628,487642,488963,14,1321,2,7200,1.01059803179
487638,487666,488979,28,1313,2,7200,1.02132520944
487639,487674,488983,35,1309,2,7200,1.02673796791
487670,487681,489070,11,1389,2,7200,1.00791936645
487671,487686,489040,15,1354,2,7200,1.01107828656
487681,487692,489055,11,1363,2,7200,1.00807043287
487682,487698,489012,16,1314,2,7200,1.01217656012
487693,487709,489036,16,1327,2,7200,1.01205727204
487693,487704,489062,11,1358,2,7200,1.00810014728
487704,487716,489050,12,1334,2,7200,1.00899550225
487715,487754,489138,39,1384,2,7200,1.02817919075
487715,487748,489070,33,1322,2,7200,1.02496217852
487746,487761,489126,15,1365,2,7200,1.01098901099
487757,487781,489118,24,1337,2,7200,1.01795063575
487757,487788,489140,31,1352,2,7200,1.02292899408
487778,487847,489176,69,1329,2,7200,1.05191873589
487789,487855,489202,66,1347,2,7200,1.04899777283
487823,551475,552574,63652,1099,2,10800,58.9181073703
487852,487885,489208,33,1323,2,7200,1.02494331066
487852,488691,490022,839,1331,2,7200,1.63035311796
487885,488698,490001,813,1303,2,7200,1.6239447429
488163,551550,552317,63387,767,2,10800,83.6427640156
488506,552294,553410,63788,1116,2,10800,58.1577060932
488696,488704,490026,8,1322,2,7200,1.00605143722
488696,488713,490035,17,1322,2,7200,1.01285930408
488707,488720,490011,13,1291,2,7200,1.0100697134
488717,488768,490118,51,1350,2,7200,1.03777777778
488718,488882,490248,164,1366,2,7200,1.12005856515
488769,488888,490243,119,1355,2,7200,1.08782287823
488845,552329,553407,63484,1078,2,10800,59.8905380334
488883,488901,490244,18,1343,2,7200,1.01340282949
488893,488909,490240,16,1331,2,7200,1.01202103681
488904,488918,490247,14,1329,2,7200,1.01053423627
488915,488930,490247,15,1317,2,7200,1.01138952164
488915,488925,490238,10,1313,2,7200,1.00761614623
488926,488942,490241,16,1299,2,7200,1.01231716705
488926,488937,490233,11,1296,2,7200,1.00848765432
488937,488967,490309,30,1342,2,7200,1.02235469449
488937,488975,490362,38,1387,2,7200,1.02739726027
488969,488982,490343,13,1361,2,7200,1.00955180015
488979,488988,490318,9,1330,2,7200,1.00676691729
488980,488995,490358,15,1363,2,7200,1.01100513573
488990,489001,490344,11,1343,2,7200,1.00819061802
488991,489006,490338,15,1332,2,7200,1.01126126126
489002,489019,490326,17,1307,2,7200,1.013006886
489002,489014,490338,12,1324,2,7200,1.00906344411
489013,489026,490308,13,1282,2,7200,1.01014040562
489024,489054,490384,30,1330,2,7200,1.02255639098
489024,489047,490334,23,1287,2,7200,1.01787101787
489045,489061,490374,16,1313,2,7200,1.01218583397
489056,489068,490409,12,1341,2,7200,1.00894854586
489067,489081,490407,14,1326,2,7200,1.01055806938
489067,489074,490429,7,1355,2,7200,1.00516605166
489078,489088,490406,10,1318,2,7200,1.00758725341
489079,489129,490457,50,1328,2,7200,1.03765060241
489090,489137,490463,47,1326,2,7200,1.03544494721
489120,552365,553358,63245,993,2,10800,64.690835851
489131,489150,490482,19,1332,2,7200,1.01426426426
489142,489157,490497,15,1340,2,7200,1.01119402985
489153,489213,490532,60,1319,2,7200,1.04548900682
489153,489188,490491,35,1303,2,7200,1.02686108979
489184,489220,490567,36,1347,2,7200,1.02672605791
489216,490013,491361,797,1348,2,7200,1.5912462908
489216,490029,491377,813,1348,2,7200,1.603115727
490016,490035,491344,19,1309,2,7200,1.01451489687
490027,490043,491321,16,1278,2,7200,1.01251956182
490037,490049,491360,12,1311,2,7200,1.00915331808
490048,490130,491451,82,1321,2,7200,1.06207418622
490048,490245,491542,197,1297,2,7200,1.15188897456
490131,490251,491589,120,1338,2,7200,1.08968609865
490244,490258,491568,14,1310,2,7200,1.0106870229
490255,490270,491566,15,1296,2,7200,1.01157407407
490255,490264,491583,9,1319,2,7200,1.00682335102
490266,490277,491591,11,1314,2,7200,1.00837138508
490266,490282,491566,16,1284,2,7200,1.01246105919
490277,490293,491554,16,1261,2,7200,1.01268834259
490277,490288,491591,11,1303,2,7200,1.00844205679
490288,490320,491645,32,1325,2,7200,1.0241509434
490299,490326,491653,27,1327,2,7200,1.02034664657
490320,490338,491668,18,1330,2,7200,1.01353383459
490330,490345,491660,15,1315,2,7200,1.01140684411
490341,490352,491668,11,1316,2,7200,1.00835866261
490342,490357,491678,15,1321,2,7200,1.01135503407
490352,490364,491661,12,1297,2,7200,1.00925212028
490353,490369,491656,16,1287,2,7200,1.01243201243
490363,490376,491693,13,1317,2,7200,1.00987091875
490374,490383,491658,9,1275,2,7200,1.00705882353
490375,490388,491707,13,1319,2,7200,1.00985595148
490385,490395,491647,10,1252,2,7200,1.00798722045
490386,490401,491699,15,1298,2,7200,1.01155624037
490396,490418,491742,22,1324,2,7200,1.0166163142
490397,490424,491749,27,1325,2,7200,1.02037735849
490418,490429,491782,11,1353,2,7200,1.0081300813
490428,490441,491771,13,1330,2,7200,1.00977443609
490429,490469,491787,40,1318,2,7200,1.03034901366
490440,490476,491784,36,1308,2,7200,1.02752293578
490471,490503,491775,32,1272,2,7200,1.0251572327
490471,490495,491785,24,1290,2,7200,1.01860465116
490492,490509,491788,17,1279,2,7200,1.01329163409
490503,490544,491814,41,1270,2,7200,1.03228346457
490506,490578,491988,72,1410,2,7200,1.05106382979
490548,491333,492685,785,1352,2,7200,1.58062130178
490579,491356,492695,777,1339,2,7200,1.58028379388
491023,581891,582063,90868,172,64,600,529.302325581
491338,491372,492763,34,1391,2,7200,1.02444284687
491359,491379,492726,20,1347,2,7200,1.01484780995
491370,491389,492718,19,1329,2,7200,1.01429646351
491380,491463,492808,83,1345,2,7200,1.06171003717
491391,491553,492904,162,1351,2,7200,1.11991117691
491463,491566,492959,103,1393,2,7200,1.07394113424
491547,636710,728169,145163,91459,4,172800,2.58719207514
491556,491577,492959,21,1382,2,7200,1.01519536903
491566,491582,492942,16,1360,2,7200,1.01176470588
491577,491590,492969,13,1379,2,7200,1.0094271211
491588,491597,492959,9,1362,2,7200,1.00660792952
491588,491604,492979,16,1375,2,7200,1.01163636364
491599,491610,492913,11,1303,2,7200,1.00844205679
491600,491616,492959,16,1343,2,7200,1.01191362621
491610,491657,493032,47,1375,2,7200,1.03418181818
491621,491664,493008,43,1344,2,7200,1.03199404762
491652,491671,493047,19,1376,2,7200,1.01380813953
491663,491676,493088,13,1412,2,7200,1.00920679887
491674,491688,493221,14,1533,2,7200,1.00913242009
491674,491683,493040,9,1357,2,7200,1.00663227708
491685,491695,493069,10,1374,2,7200,1.00727802038
491686,491700,493092,14,1392,2,7200,1.01005747126
491696,491707,493058,11,1351,2,7200,1.00814211695
491697,491712,493026,15,1314,2,7200,1.01141552511
491708,491724,493098,16,1374,2,7200,1.01164483261
491708,491718,493062,10,1344,2,7200,1.00744047619
491719,491730,493102,11,1372,2,7200,1.00801749271
491719,491754,493133,35,1379,2,7200,1.02538071066
491730,491760,493132,30,1372,2,7200,1.02186588921
491751,491783,493142,32,1359,2,7200,1.02354672553
491762,491790,493143,28,1353,2,7200,1.0206947524
491783,491797,493166,14,1369,2,7200,1.01022644266
491793,491804,493158,11,1354,2,7200,1.00812407681
491794,491809,493148,15,1339,2,7200,1.01120238984
491804,491815,493170,11,1355,2,7200,1.00811808118
491805,491821,493181,16,1360,2,7200,1.01176470588
491816,491828,493160,12,1332,2,7200,1.00900900901
491826,491999,493347,173,1348,2,7200,1.12833827893
491827,492697,494046,870,1349,2,7200,1.64492216457
492001,492706,494087,705,1381,2,7200,1.51049963794
492698,492729,494069,31,1340,2,7200,1.02313432836
492709,492737,494116,28,1379,2,7200,1.02030456853
492730,492774,494142,44,1368,2,7200,1.03216374269
492741,492820,494177,79,1357,2,7200,1.05821665438
492758,582074,618113,89316,36039,16,36000,3.47831515858
492772,492917,494303,145,1386,2,7200,1.10461760462
492823,492926,494277,103,1351,2,7200,1.07623982235
492916,492954,494327,38,1373,2,7200,1.02767662054
492927,492971,494308,44,1337,2,7200,1.03290949888
492958,492976,494296,18,1320,2,7200,1.01363636364
492968,492983,494349,15,1366,2,7200,1.01098096633
492979,492989,494295,10,1306,2,7200,1.00765696784
492980,492994,494302,14,1308,2,7200,1.01070336391
492990,493001,494340,11,1339,2,7200,1.00821508588
492991,493020,494338,29,1318,2,7200,1.0220030349
493001,493039,494383,38,1344,2,7200,1.02827380952
493022,493046,494394,24,1348,2,7200,1.0178041543
493043,493053,494424,10,1371,2,7200,1.00729394602
493044,493060,494425,16,1365,2,7200,1.01172161172
493054,493070,494396,16,1326,2,7200,1.01206636501
493065,493077,494424,12,1347,2,7200,1.00890868597
493065,493084,494461,19,1377,2,7200,1.01379811184
493076,493099,494425,23,1326,2,7200,1.0173453997
493087,493107,494536,20,1429,2,7200,1.01399580126
493098,493113,494482,15,1369,2,7200,1.01095690285
493108,493119,494463,11,1344,2,7200,1.00818452381
493109,493144,494445,35,1301,2,7200,1.02690238278
493119,493151,494480,32,1329,2,7200,1.02407825433
493140,493157,494479,17,1322,2,7200,1.01285930408
493151,493163,494486,12,1323,2,7200,1.00907029478
493162,493169,494516,7,1347,2,7200,1.00519673348
493162,493174,494527,12,1353,2,7200,1.0088691796
493173,493181,494532,8,1351,2,7200,1.0059215396
493173,493186,494543,13,1357,2,7200,1.00957995578
493184,493193,494524,9,1331,2,7200,1.00676183321
493184,493198,494522,14,1324,2,7200,1.01057401813
493195,493234,494530,39,1296,2,7200,1.03009259259
493196,493364,494707,168,1343,2,7200,1.1250930752
493237,494057,495407,820,1350,2,7200,1.60740740741
493361,494081,495394,720,1313,2,7200,1.54836252856
493404,552587,557929,59183,5342,2,21600,12.0788094347
493749,562628,563475,68879,847,16,28800,82.321133412
493749,561239,562617,67490,1378,16,28800,49.976777939
493749,561030,561227,67281,197,16,28800,342.527918782
493749,560843,561015,67094,172,16,28800,391.081395349
493749,563487,580723,69738,17236,16,28800,5.04606637271
493750,582090,607405,88340,25315,16,28800,4.48963065376
493750,607419,607846,113669,427,16,28800,267.203747073
493750,582079,599468,88329,17389,16,28800,6.07959054575
493750,582085,602253,88335,20168,16,28800,5.37995834986
493750,607857,608281,114107,424,16,28800,270.120283019
494058,494099,495436,41,1337,2,7200,1.03066566941
494079,494128,495484,49,1356,2,7200,1.03613569322
494099,494153,495480,54,1327,2,7200,1.04069329314
494131,494189,495513,58,1324,2,7200,1.04380664653
494152,494289,495614,137,1325,2,7200,1.10339622642
494193,494307,495612,114,1305,2,7200,1.08735632184
494285,494313,495668,28,1355,2,7200,1.02066420664
494306,494319,495604,13,1285,2,7200,1.01011673152
494317,494331,495670,14,1339,2,7200,1.01045556385
494317,494326,495676,9,1350,2,7200,1.00666666667
494328,494338,495646,10,1308,2,7200,1.00764525994
494329,494350,495692,21,1342,2,7200,1.01564828614
494339,494361,495703,22,1342,2,7200,1.01639344262
494350,494368,495721,18,1353,2,7200,1.0133037694
494361,494395,495751,34,1356,2,7200,1.02507374631
494371,494406,495731,35,1325,2,7200,1.02641509434
494392,494413,495737,21,1324,2,7200,1.01586102719
494403,494435,495783,32,1348,2,7200,1.0237388724
494414,494441,495844,27,1403,2,7200,1.01924447612
494435,494448,495763,13,1315,2,7200,1.00988593156
494445,494455,495777,10,1322,2,7200,1.00756429652
494446,494462,495746,16,1284,2,7200,1.01246105919
494456,494473,495850,17,1377,2,7200,1.01234567901
494467,494479,495791,12,1312,2,7200,1.00914634146
494478,494497,495821,19,1324,2,7200,1.01435045317
494478,494491,495819,13,1328,2,7200,1.00978915663
494489,494503,495818,14,1315,2,7200,1.01064638783
494500,494510,495836,10,1326,2,7200,1.00754147813
494500,494527,495853,27,1326,2,7200,1.02036199095
494511,494535,495841,24,1306,2,7200,1.01837672282
494527,553369,555163,58842,1794,2,21600,33.7993311037
494532,494547,495846,15,1299,2,7200,1.01154734411
494532,494541,495861,9,1320,2,7200,1.00681818182
494543,494554,495904,11,1350,2,7200,1.00814814815
494543,494559,495910,16,1351,2,7200,1.0118430792
494554,494565,495872,11,1307,2,7200,1.00841622035
494555,494571,495920,16,1349,2,7200,1.01186063751
494565,494718,496094,153,1376,2,7200,1.11119186047
494576,495042,496348,466,1306,2,7200,1.35681470138
494578,525519,557464,30941,31945,32,36000,1.96857098137
494720,495405,496727,685,1322,2,7200,1.51815431165
494988,553418,555728,58430,2310,2,21600,26.2943722944
495396,495419,496713,23,1294,2,7200,1.01777434312
495417,495448,496743,31,1295,2,7200,1.02393822394
495438,495493,496922,55,1429,2,7200,1.03848845346
495490,495499,496829,9,1330,2,7200,1.00676691729
495490,495526,496852,36,1326,2,7200,1.02714932127
495521,495616,496962,95,1346,2,7200,1.0705794948
495581,553426,558503,57845,5077,2,21600,12.3935394918
495605,608293,641105,112688,32812,16,36000,4.43435328538
495614,495631,496950,17,1319,2,7200,1.01288855193
495614,495623,496912,9,1289,2,7200,1.00698215671
495625,495658,496990,33,1332,2,7200,1.02477477477
495656,495679,497003,23,1324,2,7200,1.01737160121
495677,495685,496979,8,1294,2,7200,1.00618238022
495678,495692,497060,14,1368,2,7200,1.01023391813
495688,495704,497075,16,1371,2,7200,1.01167031364
495699,495715,496976,16,1261,2,7200,1.01268834259
495710,495733,497057,23,1324,2,7200,1.01737160121
495731,495748,497038,17,1290,2,7200,1.01317829457
495731,495742,497031,11,1289,2,7200,1.00853374709
495742,495758,497041,16,1283,2,7200,1.01247077163
495752,495765,497050,13,1285,2,7200,1.01011673152
495763,495775,497063,12,1288,2,7200,1.00931677019
495764,495789,497074,25,1285,2,7200,1.01945525292
495784,495796,497103,12,1307,2,7200,1.00918133129
495785,495802,497091,17,1289,2,7200,1.01318851823
495796,495830,497123,34,1293,2,7200,1.02629543697
495827,495837,497061,10,1224,2,7200,1.00816993464
495827,495842,497201,15,1359,2,7200,1.01103752759
495838,495849,497116,11,1267,2,7200,1.00868192581
495854,495861,497341,7,1480,2,7200,1.00472972973
495855,495866,497337,11,1471,2,7200,1.00747790619
495866,495878,497289,12,1411,2,7200,1.00850460666
495866,495873,497311,7,1438,2,7200,1.00486787204
495877,495890,497301,13,1411,2,7200,1.00921332388
495877,495884,497341,7,1457,2,7200,1.00480439259
495888,495896,497311,8,1415,2,7200,1.00565371025
495889,495916,497334,27,1418,2,7200,1.01904090268
495910,495922,497308,12,1386,2,7200,1.00865800866
495920,495933,497349,13,1416,2,7200,1.00918079096
495921,496105,497650,184,1545,2,7200,1.11909385113
495922,555175,560765,59253,5590,2,21600,11.5998211091
496096,496359,497775,263,1416,2,7200,1.18573446328
496355,496724,498046,369,1322,2,7200,1.2791225416
496714,496739,498006,25,1267,2,7200,1.01973164957
496735,496755,498025,20,1270,2,7200,1.0157480315
496745,496841,498075,96,1234,2,7200,1.07779578606
496838,496864,498101,26,1237,2,7200,1.02101859337
496859,496925,498184,66,1259,2,7200,1.05242255759
496921,496934,498175,13,1241,2,7200,1.01047542305
496932,496962,498201,30,1239,2,7200,1.02421307506
496997,497004,498344,7,1340,2,7200,1.0052238806
496998,497009,498356,11,1347,2,7200,1.00816629547
497009,497021,498374,12,1353,2,7200,1.0088691796
497009,497016,498369,7,1353,2,7200,1.0051736881
497020,497043,498372,23,1329,2,7200,1.0173062453
497020,497028,498401,8,1373,2,7200,1.00582665696
497031,497050,498400,19,1350,2,7200,1.01407407407
497042,497057,498409,15,1352,2,7200,1.01109467456
497053,497064,498412,11,1348,2,7200,1.00816023739
497053,497070,498418,17,1348,2,7200,1.01261127596
497064,497077,498402,13,1325,2,7200,1.00981132075
497075,497089,498428,14,1339,2,7200,1.01045556385
497075,497084,498425,9,1341,2,7200,1.0067114094
497086,497101,498377,15,1276,2,7200,1.01175548589
497086,497096,498392,10,1296,2,7200,1.00771604938
497097,497108,498479,11,1371,2,7200,1.00802334063
497098,497114,498471,16,1357,2,7200,1.01179071481
497108,497128,498495,20,1367,2,7200,1.01463057791
497119,497135,498484,16,1349,2,7200,1.01186063751
497130,497213,498541,83,1328,2,7200,1.0625
497202,497300,498628,98,1328,2,7200,1.07379518072
497295,497313,498643,18,1330,2,7200,1.01353383459
497305,497320,498662,15,1342,2,7200,1.01117734724
497316,497327,498666,11,1339,2,7200,1.00821508588
497316,497332,498667,16,1335,2,7200,1.01198501873
497328,497347,498658,19,1311,2,7200,1.01449275362
497338,497354,498676,16,1322,2,7200,1.01210287443
497349,497366,498678,17,1312,2,7200,1.01295731707
497349,497360,498702,11,1342,2,7200,1.00819672131
497360,497372,498641,12,1269,2,7200,1.00945626478
497371,497662,499009,291,1347,2,7200,1.21603563474
497658,497787,499141,129,1354,2,7200,1.0952732644
497781,498017,499381,236,1364,2,7200,1.17302052786
498007,498037,499349,30,1312,2,7200,1.02286585366
498028,498058,499389,30,1331,2,7200,1.02253944403
498049,498086,499415,37,1329,2,7200,1.02784048157
498080,498113,499419,33,1306,2,7200,1.02526799387
498111,498186,499499,75,1313,2,7200,1.05712109673
498183,498195,499488,12,1293,2,7200,1.00928074246
498194,498212,499454,18,1242,2,7200,1.01449275362
498205,498355,499702,150,1347,2,7200,1.11135857461
498349,498369,499712,20,1343,2,7200,1.01489203276
498359,498380,499728,21,1348,2,7200,1.01557863501
498370,498387,499720,17,1333,2,7200,1.0127531883
498381,498394,499706,13,1312,2,7200,1.00990853659
498392,498400,499720,8,1320,2,7200,1.00606060606
498392,498407,499791,15,1384,2,7200,1.01083815029
498403,498418,499748,15,1330,2,7200,1.01127819549
498403,498413,499749,10,1336,2,7200,1.00748502994
498414,498426,499772,12,1346,2,7200,1.00891530461
498414,498431,499779,17,1348,2,7200,1.01261127596
498425,498437,499799,12,1362,2,7200,1.00881057269
498436,498445,499754,9,1309,2,7200,1.00687547746
498436,498450,499784,14,1334,2,7200,1.01049475262
498447,498483,499808,36,1325,2,7200,1.02716981132
498447,498457,499774,10,1317,2,7200,1.00759301443
498479,498491,499807,12,1316,2,7200,1.00911854103
498489,498498,499826,9,1328,2,7200,1.00677710843
498490,498507,499859,17,1352,2,7200,1.0125739645
498501,498553,499897,52,1344,2,7200,1.03869047619
498542,498640,499971,98,1331,2,7200,1.07362885049
498635,498652,499976,17,1324,2,7200,1.01283987915
498646,498659,499996,13,1337,2,7200,1.00972326103
498656,498670,499987,14,1317,2,7200,1.0106302202
498667,498677,500025,10,1348,2,7200,1.00741839763
498668,498684,500030,16,1346,2,7200,1.01188707281
498679,498690,500039,11,1349,2,7200,1.00815418829
498689,498698,500046,9,1348,2,7200,1.00667655786
498690,498703,500016,13,1313,2,7200,1.0099009901
498701,498714,500058,13,1344,2,7200,1.00967261905
498711,499021,500355,310,1334,2,7200,1.2323838081
499020,499153,500478,133,1325,2,7200,1.10037735849
499144,499361,500668,217,1307,2,7200,1.16602907422
499349,499392,500687,43,1295,2,7200,1.0332046332
499391,499400,500699,9,1299,2,7200,1.00692840647
499391,499427,500723,36,1296,2,7200,1.02777777778
499422,499433,500749,11,1316,2,7200,1.00835866261
499423,499466,500794,43,1328,2,7200,1.03237951807
499454,499499,500821,45,1322,2,7200,1.03403933434
499495,499510,500823,15,1313,2,7200,1.01142421935
499506,499715,501036,209,1321,2,7200,1.15821347464
499712,499721,501057,9,1336,2,7200,1.00673652695
499712,499728,501068,16,1340,2,7200,1.01194029851
499723,499736,501061,13,1325,2,7200,1.00981132075
499734,499742,501052,8,1310,2,7200,1.00610687023
499734,499748,501076,14,1328,2,7200,1.01054216867
499745,499760,501079,15,1319,2,7200,1.01137225171
499756,499768,501092,12,1324,2,7200,1.00906344411
499756,499773,501096,17,1323,2,7200,1.01284958428
499767,499784,501104,17,1320,2,7200,1.01287878788
499778,499790,501110,12,1320,2,7200,1.00909090909
499788,499796,501093,8,1297,2,7200,1.00616808019
499789,499802,501111,13,1309,2,7200,1.00993124523
499800,499809,501106,9,1297,2,7200,1.00693909021
499800,499816,501105,16,1289,2,7200,1.01241272304
499811,499823,501078,12,1255,2,7200,1.00956175299
499811,499828,501165,17,1337,2,7200,1.01271503366
499822,499837,501138,15,1301,2,7200,1.01152959262
499833,499870,501203,37,1333,2,7200,1.02775693923
499864,499908,501209,44,1301,2,7200,1.03382013836
499905,499983,501304,78,1321,2,7200,1.05904617714
499978,499998,501311,20,1313,2,7200,1.01523229246
499978,499990,501334,12,1344,2,7200,1.00892857143
499989,500009,501340,20,1331,2,7200,1.01502629602
500000,500027,501339,27,1312,2,7200,1.02057926829
500021,500037,501344,16,1307,2,7200,1.01224177506
500033,500044,501483,11,1439,2,7200,1.00764419736
500034,500051,501478,17,1427,2,7200,1.01191310441
500044,500058,501484,14,1426,2,7200,1.00981767181
500056,500070,501491,14,1421,2,7200,1.00985221675
500067,500367,501884,300,1517,2,7200,1.19775873434
500365,500489,501849,124,1360,2,7200,1.09117647059
500478,500680,502064,202,1384,2,7200,1.14595375723
500673,500700,502093,27,1393,2,7200,1.01938262742
500694,500711,502045,17,1334,2,7200,1.01274362819
500705,500735,502299,30,1564,2,7200,1.01918158568
500726,500760,502203,34,1443,2,7200,1.02356202356
500757,500805,502266,48,1461,2,7200,1.03285420945
500799,500833,502240,34,1407,2,7200,1.02416488984
500830,500839,502232,9,1393,2,7200,1.00646087581
500830,501047,502429,217,1382,2,7200,1.15701881331
501046,501063,502486,17,1423,2,7200,1.01194659171
501057,501071,502507,14,1436,2,7200,1.00974930362
501067,501077,502467,10,1390,2,7200,1.0071942446
501068,501085,502479,17,1394,2,7200,1.01219512195
501079,501092,502441,13,1349,2,7200,1.00963676798
501089,501098,502471,9,1373,2,7200,1.00655498908
501090,501104,502615,14,1511,2,7200,1.00926538716
501100,501111,502618,11,1507,2,7200,1.00729927007
501101,501116,502636,15,1520,2,7200,1.00986842105
501112,501128,502558,16,1430,2,7200,1.01118881119
501112,501123,502526,11,1403,2,7200,1.00784034212
501123,501135,502481,12,1346,2,7200,1.00891530461
501134,501147,502537,13,1390,2,7200,1.00935251799
501134,501142,502447,8,1305,2,7200,1.0061302682
501145,501154,502540,9,1386,2,7200,1.00649350649
501145,501159,502669,14,1510,2,7200,1.00927152318
501156,501176,502637,20,1461,2,7200,1.01368925394
501167,501214,502690,47,1476,2,7200,1.03184281843
501208,501221,502727,13,1506,2,7200,1.00863213811
501219,501315,502781,96,1466,2,7200,1.06548431105
501312,501322,502750,10,1428,2,7200,1.00700280112
501312,501347,502673,35,1326,2,7200,1.02639517345
501343,501354,502635,11,1281,2,7200,1.00858704137
501344,501359,502705,15,1346,2,7200,1.01114413076
501355,501490,502817,135,1327,2,7200,1.10173323286
501355,501366,502712,11,1346,2,7200,1.00817236256
501478,501496,502831,18,1335,2,7200,1.01348314607
501489,501502,502825,13,1323,2,7200,1.00982615268
501500,501509,502866,9,1357,2,7200,1.00663227708
501500,501862,503225,362,1363,2,7200,1.26559060895
501860,501895,503204,35,1309,2,7200,1.02673796791
501891,502057,503393,166,1336,2,7200,1.12425149701
502055,502075,503417,20,1342,2,7200,1.01490312966
502066,502105,503428,39,1323,2,7200,1.02947845805
502097,502215,503563,118,1348,2,7200,1.08753709199
502210,502245,503567,35,1322,2,7200,1.02647503782
502242,502251,503598,9,1347,2,7200,1.00668151448
502242,502278,503625,36,1347,2,7200,1.02672605791
502273,502311,503670,38,1359,2,7200,1.02796173657
502305,502442,503763,137,1321,2,7200,1.10370931113
502438,502454,503770,16,1316,2,7200,1.01215805471
502449,502461,503783,12,1322,2,7200,1.00907715582
502450,502478,503785,28,1307,2,7200,1.02142310635
502470,502485,503810,15,1325,2,7200,1.01132075472
502481,502491,503848,10,1357,2,7200,1.00736919676
502482,502499,503840,17,1341,2,7200,1.01267710664
502492,502504,503776,12,1272,2,7200,1.00943396226
502503,502519,503876,16,1357,2,7200,1.01179071481
502514,502538,503870,24,1332,2,7200,1.01801801802
502535,502549,503909,14,1360,2,7200,1.01029411765
502545,502555,503851,10,1296,2,7200,1.00771604938
502546,502571,503837,25,1266,2,7200,1.01974723539
502567,502627,503916,60,1289,2,7200,1.0465477114
502619,502633,503911,14,1278,2,7200,1.01095461659
502629,502647,503949,18,1302,2,7200,1.01382488479
502640,502653,503916,13,1263,2,7200,1.01029295329
502651,502661,503988,10,1327,2,7200,1.00753579503
502651,502681,503997,30,1316,2,7200,1.02279635258
502672,502688,503987,16,1299,2,7200,1.01231716705
502683,502701,503986,18,1285,2,7200,1.0140077821
502694,502716,503990,22,1274,2,7200,1.01726844584
502715,502739,504051,24,1312,2,7200,1.01829268293
502715,502723,503981,8,1258,2,7200,1.00635930048
502736,502762,504021,26,1259,2,7200,1.02065131056
502757,502792,504125,35,1333,2,7200,1.02625656414
502788,502830,504188,42,1358,2,7200,1.03092783505
502819,502836,504119,17,1283,2,7200,1.01325019486
502830,502843,504128,13,1285,2,7200,1.01011673152
502841,502877,504199,36,1322,2,7200,1.02723146747
502872,503216,504485,344,1269,2,7200,1.27107959023
503211,503237,504546,26,1309,2,7200,1.01986249045
503232,503404,504706,172,1302,2,7200,1.13210445469
503396,503429,504731,33,1302,2,7200,1.02534562212
503429,503441,504746,12,1305,2,7200,1.0091954023
503429,503576,504849,147,1273,2,7200,1.1154752553
503573,503583,504842,10,1259,2,7200,1.00794281176
503574,503610,504880,36,1270,2,7200,1.02834645669
503605,503636,504857,31,1221,2,7200,1.02538902539
503626,503682,504925,56,1243,2,7200,1.04505229284
503671,503775,505131,104,1356,2,7200,1.07669616519
503774,503782,505143,8,1361,2,7200,1.00587803086
503778,503795,505155,17,1360,2,7200,1.0125
503778,503788,505180,10,1392,2,7200,1.00718390805
503789,503802,505222,13,1420,2,7200,1.00915492958
503792,503822,505151,30,1329,2,7200,1.02257336343
503813,503849,505198,36,1349,2,7200,1.0266864344
503844,503863,505185,19,1322,2,7200,1.01437216339
503844,503856,505081,12,1225,2,7200,1.00979591837
503855,503868,505208,13,1340,2,7200,1.00970149254
503866,503882,505309,16,1427,2,7200,1.01121233357
503876,503890,505261,14,1371,2,7200,1.01021152443
503887,503921,505332,34,1411,2,7200,1.02409638554
503918,503927,505355,9,1428,2,7200,1.00630252101
503919,503932,505342,13,1410,2,7200,1.00921985816
503929,503939,505326,10,1387,2,7200,1.00720980534
503930,503960,505328,30,1368,2,7200,1.02192982456
503951,503992,505425,41,1433,2,7200,1.02861130495
503982,503999,505406,17,1407,2,7200,1.01208244492
503993,504004,505299,11,1295,2,7200,1.00849420849
504004,504016,505367,12,1351,2,7200,1.0088823094
504004,504010,505336,6,1326,2,7200,1.00452488688
504015,504022,505407,7,1385,2,7200,1.00505415162
504015,504033,505422,18,1389,2,7200,1.01295896328
504026,504062,505490,36,1428,2,7200,1.02521008403
504057,504131,505526,74,1395,2,7200,1.05304659498
504119,504138,505525,19,1387,2,7200,1.01369863014
504130,504145,505616,15,1471,2,7200,1.0101971448
504141,504199,505684,58,1485,2,7200,1.03905723906
504193,504212,505687,19,1475,2,7200,1.01288135593
504204,504497,505853,293,1356,2,7200,1.21607669617
504231,529613,536827,25382,7214,3,7200,4.51843637372
504492,504557,505906,65,1349,2,7200,1.04818383988
504554,504718,506111,164,1393,2,7200,1.11773151472
504708,504743,506167,35,1424,2,7200,1.02457865169
504739,504757,506243,18,1486,2,7200,1.01211305518
504750,504854,506253,104,1399,2,7200,1.07433881344
504843,504862,506286,19,1424,2,7200,1.01334269663
504853,504869,506273,16,1404,2,7200,1.0113960114
504864,504892,506335,28,1443,2,7200,1.0194040194
504885,504937,506381,52,1444,2,7200,1.03601108033
504926,505094,506481,168,1387,2,7200,1.12112472963
505091,505143,506489,52,1346,2,7200,1.03863298663
505132,505155,506480,23,1325,2,7200,1.01735849057
505153,505162,506539,9,1377,2,7200,1.00653594771
505154,505170,506592,16,1422,2,7200,1.01125175809
505165,505192,506602,27,1410,2,7200,1.01914893617
505186,505198,506630,12,1432,2,7200,1.00837988827
505196,505210,506630,14,1420,2,7200,1.00985915493
505207,505220,506662,13,1442,2,7200,1.00901525659
505218,505233,506639,15,1406,2,7200,1.0106685633
505229,505272,506677,43,1405,2,7200,1.03060498221
505270,505311,506747,41,1436,2,7200,1.02855153203
505301,505320,506814,19,1494,2,7200,1.01271753681
505312,505338,506949,26,1611,2,7200,1.01613904407
505333,505345,506681,12,1336,2,7200,1.00898203593
505333,505350,506691,17,1341,2,7200,1.01267710664
505344,505357,506714,13,1357,2,7200,1.00957995578
505355,505370,506772,15,1402,2,7200,1.01069900143
505355,505363,506753,8,1390,2,7200,1.00575539568
505366,505379,506803,13,1424,2,7200,1.00912921348
505377,505417,506863,40,1446,2,7200,1.02766251729
505408,505425,506856,17,1431,2,7200,1.01187980433
505419,505434,506873,15,1439,2,7200,1.01042390549
505430,505442,506887,12,1445,2,7200,1.00830449827
505430,505501,506919,71,1418,2,7200,1.05007052186
505492,505537,507049,45,1512,2,7200,1.02976190476
505533,505544,507102,11,1558,2,7200,1.00706033376
505534,505628,507163,94,1535,2,7200,1.06123778502
505627,505695,507070,68,1375,2,7200,1.04945454545
505688,505702,507069,14,1367,2,7200,1.01024140454
505699,505866,507292,167,1426,2,7200,1.11711079944
505864,505918,507364,54,1446,2,7200,1.03734439834
505916,506123,507541,207,1418,2,7200,1.14598025388
506121,506179,507621,58,1442,2,7200,1.04022191401
506173,506254,507670,81,1416,2,7200,1.05720338983
506245,506265,507703,20,1438,2,7200,1.01390820584
506256,506285,507810,29,1525,2,7200,1.01901639344
506277,506297,507835,20,1538,2,7200,1.01300390117
506287,506348,507700,61,1352,2,7200,1.0451183432
506339,506392,507792,53,1400,2,7200,1.03785714286
506391,506492,507863,101,1371,2,7200,1.07366885485
506483,506499,507885,16,1386,2,7200,1.01154401154
506494,506506,507942,12,1436,2,7200,1.00835654596
506495,506551,507978,56,1427,2,7200,1.03924316748
506546,506604,508066,58,1462,2,7200,1.03967168263
506598,506614,508026,16,1412,2,7200,1.01133144476
506609,506642,508070,33,1428,2,7200,1.0231092437
506640,506648,508097,8,1449,2,7200,1.005521049
506641,506654,508127,13,1473,2,7200,1.00882552614
506651,506674,508290,23,1616,2,7200,1.01423267327
506672,506689,508288,17,1599,2,7200,1.01063164478
506683,506696,508072,13,1376,2,7200,1.00944767442
506694,506727,508141,33,1414,2,7200,1.02333804809
506694,506702,508017,8,1315,2,7200,1.00608365019
506715,506759,508168,44,1409,2,7200,1.03122782115
506747,506766,508199,19,1433,2,7200,1.01325889742
506758,506783,508216,25,1433,2,7200,1.01744591766
506779,506814,508237,35,1423,2,7200,1.0245959241
506810,506825,508245,15,1420,2,7200,1.01056338028
506821,506868,508283,47,1415,2,7200,1.0332155477
506862,506874,508263,12,1389,2,7200,1.00863930886
506873,506885,508493,12,1608,2,7200,1.00746268657
506884,506898,508370,14,1472,2,7200,1.00951086957
506895,506931,508299,36,1368,2,7200,1.02631578947
506926,506960,508365,34,1405,2,7200,1.02419928826
506957,507062,508413,105,1351,2,7200,1.07772020725
507050,507081,508513,31,1432,2,7200,1.02164804469
507071,507088,508462,17,1374,2,7200,1.01237263464
507081,507113,508521,32,1408,2,7200,1.02272727273
507102,507175,508574,73,1399,2,7200,1.05218012866
507164,507305,508695,141,1390,2,7200,1.10143884892
507298,507375,508841,77,1466,2,7200,1.05252387449
507371,507553,509067,182,1514,2,7200,1.12021136063
507545,507633,509012,88,1379,2,7200,1.06381435823
507628,507682,509074,54,1392,2,7200,1.03879310345
507679,507712,509124,33,1412,2,7200,1.02337110482
507700,507719,509112,19,1393,2,7200,1.0136396267
507711,507804,509213,93,1409,2,7200,1.06600425834
507794,507824,509185,30,1361,2,7200,1.02204261572
507815,507847,509268,32,1421,2,7200,1.02251935257
507836,507875,509300,39,1425,2,7200,1.02736842105
507867,507897,509305,30,1408,2,7200,1.02130681818
507888,507955,509382,67,1427,2,7200,1.04695164681
507950,507991,509402,41,1411,2,7200,1.02905740609
507981,508030,509437,49,1407,2,7200,1.03482587065
508023,508038,509455,15,1417,2,7200,1.01058574453
508033,508078,509513,45,1435,2,7200,1.03135888502
508075,508090,509455,15,1365,2,7200,1.01098901099
508075,508085,509504,10,1419,2,7200,1.00704721635
508086,508109,509579,23,1470,2,7200,1.0156462585
508107,508140,509590,33,1450,2,7200,1.02275862069
508128,508152,509582,24,1430,2,7200,1.01678321678
508149,508180,509549,31,1369,2,7200,1.02264426589
508170,508211,509584,41,1373,2,7200,1.0298616169
508201,508228,509631,27,1403,2,7200,1.01924447612
508222,508249,509641,27,1392,2,7200,1.01939655172
508243,508257,509657,14,1400,2,7200,1.01
508254,508275,509663,21,1388,2,7200,1.015129683
508264,508295,509662,31,1367,2,7200,1.02267739576
508285,508301,509671,16,1370,2,7200,1.01167883212
508296,508307,509728,11,1421,2,7200,1.00774102745
508297,508314,509720,17,1406,2,7200,1.01209103841
508308,508377,509813,69,1436,2,7200,1.04805013928
508369,508383,509779,14,1396,2,7200,1.0100286533
508380,508426,509829,46,1403,2,7200,1.03278688525
508422,508475,509889,53,1414,2,7200,1.03748231966
508463,508505,509957,42,1452,2,7200,1.02892561983
508494,508525,509904,31,1379,2,7200,1.02248005801
508515,508535,509929,20,1394,2,7200,1.0143472023
508526,508585,509958,59,1373,2,7200,1.04297159505
508578,508707,510106,129,1399,2,7200,1.09220872051
508742,509024,510458,282,1434,2,7200,1.19665271967
508845,509080,510419,235,1339,2,7200,1.17550410754
509020,509087,510471,67,1384,2,7200,1.04841040462
509082,509136,510478,54,1342,2,7200,1.04023845007
509082,509124,510458,42,1334,2,7200,1.03148425787
509124,509197,510533,73,1336,2,7200,1.05464071856
509135,509225,510581,90,1356,2,7200,1.06637168142
509197,509280,510627,83,1347,2,7200,1.06161841128
509228,509312,510690,84,1378,2,7200,1.06095791001
509279,509319,510661,40,1342,2,7200,1.02980625931
509311,509395,510707,84,1312,2,7200,1.06402439024
509321,509414,510768,93,1354,2,7200,1.06868537666
509394,509449,510821,55,1372,2,7200,1.04008746356
509415,509466,510809,51,1343,2,7200,1.03797468354
509446,509472,510827,26,1355,2,7200,1.01918819188
509467,509516,510857,49,1341,2,7200,1.0365398956
509468,509526,510887,58,1361,2,7200,1.04261572373
509520,509561,510963,41,1402,2,7200,1.02924393723
509531,509591,510933,60,1342,2,7200,1.04470938897
509562,509598,510966,36,1368,2,7200,1.02631578947
509593,509605,510942,12,1337,2,7200,1.00897531788
509594,509610,510960,16,1350,2,7200,1.01185185185
509604,509643,510982,39,1339,2,7200,1.02912621359
509615,509653,510947,38,1294,2,7200,1.02936630603
509647,509670,511050,23,1380,2,7200,1.01666666667
509657,509677,511015,20,1338,2,7200,1.01494768311
509668,509682,511046,14,1364,2,7200,1.01026392962
509679,509688,511022,9,1334,2,7200,1.00674662669
509679,509732,511063,53,1331,2,7200,1.03981968445
509690,509740,511075,50,1335,2,7200,1.03745318352
509731,509791,511118,60,1327,2,7200,1.04521477016
509742,509824,511163,82,1339,2,7200,1.06123973114
509794,509840,511236,46,1396,2,7200,1.0329512894
509825,509902,511249,77,1347,2,7200,1.0571640683
509837,509916,511263,79,1347,2,7200,1.05864884929
509899,509941,511276,42,1335,2,7200,1.03146067416
509920,509969,511298,49,1329,2,7200,1.03686982694
509941,509976,511266,35,1290,2,7200,1.02713178295
509972,510118,511403,146,1285,2,7200,1.11361867704
509973,510431,511760,458,1329,2,7200,1.34462001505
510117,510470,511791,353,1321,2,7200,1.26722180167
510436,510475,511805,39,1330,2,7200,1.02932330827
510467,510483,511811,16,1328,2,7200,1.01204819277
510478,510490,511819,12,1329,2,7200,1.00902934537
510489,510545,511859,56,1314,2,7200,1.04261796043
510489,510593,511906,104,1313,2,7200,1.07920792079
510542,510639,511951,97,1312,2,7200,1.07393292683
510593,510673,511992,80,1319,2,7200,1.0606520091
510636,510702,512018,66,1316,2,7200,1.05015197568
510677,510718,512308,41,1590,2,7200,1.02578616352
510698,510780,512218,82,1438,2,7200,1.05702364395
510719,510820,512333,101,1513,2,7200,1.0667547918
510781,510833,512402,52,1569,2,7200,1.03314212874
510823,510841,512278,18,1437,2,7200,1.01252609603
510833,510869,512257,36,1388,2,7200,1.02593659942
510844,510898,512295,54,1397,2,7200,1.03865425913
510865,510945,512378,80,1433,2,7200,1.0558269365
510896,510954,512286,58,1332,2,7200,1.04354354354
510948,510961,512343,13,1382,2,7200,1.00940665702
510959,510972,512270,13,1298,2,7200,1.01001540832
510959,510979,512724,20,1745,2,7200,1.01146131805
510970,510984,512621,14,1637,2,7200,1.00855222969
510981,511027,512447,46,1420,2,7200,1.0323943662
510981,510993,512512,12,1519,2,7200,1.00789993417
510992,511033,512489,41,1456,2,7200,1.02815934066
511023,511058,512501,35,1443,2,7200,1.02425502426
511034,511065,512464,31,1399,2,7200,1.02215868477
511055,511075,512627,20,1552,2,7200,1.01288659794
511066,511087,512470,21,1383,2,7200,1.01518438178
511076,511131,512594,55,1463,2,7200,1.03759398496
511087,511175,512551,88,1376,2,7200,1.06395348837
511128,511248,512555,120,1307,2,7200,1.09181331293
511180,511261,512715,81,1454,2,7200,1.05570839065
511252,511275,512638,23,1363,2,7200,1.01687454145
511263,511282,512675,19,1393,2,7200,1.0136396267
511274,511289,512922,15,1633,2,7200,1.00918554807
511285,511310,512943,25,1633,2,7200,1.01530924679
511285,511414,512956,129,1542,2,7200,1.08365758755
511306,511772,513273,466,1501,2,7200,1.31045969354
511420,511803,513181,383,1378,2,7200,1.27793904209
511768,511817,513189,49,1372,2,7200,1.03571428571
511800,511824,513179,24,1355,2,7200,1.01771217712
511821,511830,513142,9,1312,2,7200,1.0068597561
511821,511871,513264,50,1393,2,7200,1.03589375449
511832,511918,513301,86,1383,2,7200,1.06218365871
511873,511963,513305,90,1342,2,7200,1.06706408346
511915,512003,513566,88,1563,2,7200,1.05630198337
511966,512030,513605,64,1575,2,7200,1.04063492063
512008,512229,513815,221,1586,2,7200,1.1393442623
512029,512269,513870,240,1601,2,7200,1.14990630856
512234,512282,513738,48,1456,2,7200,1.03296703297
512265,512290,513696,25,1406,2,7200,1.01778093883
512286,512298,513694,12,1396,2,7200,1.00859598854
512287,512308,513671,21,1363,2,7200,1.01540719002
512297,512319,513673,22,1354,2,7200,1.01624815362
512308,512345,513634,37,1289,2,7200,1.02870442203
512319,512355,513718,36,1363,2,7200,1.02641232575
512350,512391,513780,41,1389,2,7200,1.02951763859
512361,512414,513760,53,1346,2,7200,1.03937592868
512392,512459,514000,67,1541,2,7200,1.04347826087
512413,512476,514086,63,1610,2,7200,1.03913043478
512454,512482,514029,28,1547,2,7200,1.01809954751
512476,512501,513962,25,1461,2,7200,1.01711156742
512486,512514,514018,28,1504,2,7200,1.01861702128
512497,512524,513988,27,1464,2,7200,1.01844262295
512518,512564,513983,46,1419,2,7200,1.03241719521
512529,512571,513932,42,1361,2,7200,1.03085966201
512560,512606,513936,46,1330,2,7200,1.03458646617
512571,512632,514026,61,1394,2,7200,1.043758967
512602,512640,513987,38,1347,2,7200,1.0282108389
512633,512650,513962,17,1312,2,7200,1.01295731707
512644,512688,514059,44,1371,2,7200,1.03209336251
512655,512727,514104,72,1377,2,7200,1.0522875817
512686,512736,514098,50,1362,2,7200,1.03671071953
512728,512934,514457,206,1523,2,7200,1.13525935653
512738,512955,514523,217,1568,2,7200,1.13839285714
512934,512968,514444,34,1476,2,7200,1.02303523035
512954,513154,514586,200,1432,2,7200,1.13966480447
512965,513191,514661,226,1470,2,7200,1.1537414966
513150,513197,514576,47,1379,2,7200,1.0340826686
513192,513205,514514,13,1309,2,7200,1.00993124523
513202,513276,514653,74,1377,2,7200,1.05374001452
513203,513285,514596,82,1311,2,7200,1.06254767353
513275,513313,514605,38,1292,2,7200,1.02941176471
513286,513319,514699,33,1380,2,7200,1.02391304348
513317,513578,514925,261,1347,2,7200,1.19376391982
513317,513618,515008,301,1390,2,7200,1.21654676259
513575,513646,515017,71,1371,2,7200,1.05178701678
513616,513684,515218,68,1534,2,7200,1.0443285528
513647,513690,515130,43,1440,2,7200,1.02986111111
513689,513712,515143,23,1431,2,7200,1.01607267645
513689,513706,515147,17,1441,2,7200,1.01179736294
513710,513730,515115,20,1385,2,7200,1.01444043321
513711,513750,515077,39,1327,2,7200,1.0293896006
513732,513772,515091,40,1319,2,7200,1.03032600455
513753,513792,515094,39,1302,2,7200,1.02995391705
513774,513828,515091,54,1263,2,7200,1.04275534442
513794,513882,515218,88,1336,2,7200,1.06586826347
513826,513943,515307,117,1364,2,7200,1.0857771261
513877,513950,515313,73,1363,2,7200,1.05355832722
513939,513973,515364,34,1391,2,7200,1.02444284687
513950,513979,515477,29,1498,2,7200,1.01935914553
513971,513995,515441,24,1446,2,7200,1.01659751037
513982,514002,515438,20,1436,2,7200,1.0139275766
513992,514007,515417,15,1410,2,7200,1.01063829787
514003,514014,515483,11,1469,2,7200,1.00748808713
514004,514030,515427,26,1397,2,7200,1.01861130995
514014,514038,515415,24,1377,2,7200,1.0174291939
514025,514044,515392,19,1348,2,7200,1.01409495549
514036,514071,515374,35,1303,2,7200,1.02686108979
514047,514098,515404,51,1306,2,7200,1.03905053599
514068,514110,515454,42,1344,2,7200,1.03125
514099,514117,515475,18,1358,2,7200,1.01325478645
514109,514456,515843,347,1387,2,7200,1.25018024513
514120,514469,515844,349,1375,2,7200,1.25381818182
514460,514526,515888,66,1362,2,7200,1.04845814978
514471,514535,515943,64,1408,2,7200,1.04545454545
514522,514589,516018,67,1429,2,7200,1.04688593422
514533,514598,515952,65,1354,2,7200,1.04800590842
514585,514608,515940,23,1332,2,7200,1.01726726727
514596,514618,515959,22,1341,2,7200,1.01640566741
514606,514665,515996,59,1331,2,7200,1.04432757325
514617,514673,516024,56,1351,2,7200,1.0414507772
514669,514937,516334,268,1397,2,7200,1.19183965641
514669,514711,516116,42,1405,2,7200,1.02989323843
514711,515020,516447,309,1427,2,7200,1.21653819201
514938,515028,516392,90,1364,2,7200,1.06598240469
515021,515088,516472,67,1384,2,7200,1.04841040462
515031,515102,516418,71,1316,2,7200,1.05395136778
515093,515107,516385,14,1278,2,7200,1.01095461659
515104,515114,516425,10,1311,2,7200,1.00762776506
515104,515127,516476,23,1349,2,7200,1.01704966642
515115,515142,516486,27,1344,2,7200,1.02008928571
515126,515157,516502,31,1345,2,7200,1.02304832714
515147,515164,516553,17,1389,2,7200,1.01223902088
515158,515229,516731,71,1502,2,7200,1.04727030626
515168,515235,516697,67,1462,2,7200,1.04582763338
515230,515319,516737,89,1418,2,7200,1.06276445698
515231,515325,516701,94,1376,2,7200,1.06831395349
515323,515376,516710,53,1334,2,7200,1.03973013493
515324,515386,516698,62,1312,2,7200,1.04725609756
515375,515404,516772,29,1368,2,7200,1.02119883041
515386,515415,516725,29,1310,2,7200,1.02213740458
515407,515427,516750,20,1323,2,7200,1.01511715797
515418,515434,516793,16,1359,2,7200,1.01177336277
515428,515441,516799,13,1358,2,7200,1.00957290133
515439,515450,516861,11,1411,2,7200,1.00779588944
515440,515457,516919,17,1462,2,7200,1.01162790698
515450,515466,516896,16,1430,2,7200,1.01118881119
515461,515486,516915,25,1429,2,7200,1.01749475157
515462,515494,516882,32,1388,2,7200,1.02305475504
515483,515500,516853,17,1353,2,7200,1.0125646711
515493,515854,517176,361,1322,2,7200,1.27307110439
515504,515861,517196,357,1335,2,7200,1.26741573034
515853,515899,517307,46,1408,2,7200,1.03267045455
515864,515952,517389,88,1437,2,7200,1.06123869172
515895,515958,517291,63,1333,2,7200,1.04726181545
515957,515965,517294,8,1329,2,7200,1.00601956358
515957,515972,517297,15,1325,2,7200,1.01132075472
515968,516009,517349,41,1340,2,7200,1.03059701493
515968,516029,517372,61,1343,2,7200,1.04542069993
516010,516036,517376,26,1340,2,7200,1.01940298507
516031,516128,517526,97,1398,2,7200,1.06938483548
516042,516346,517701,304,1355,2,7200,1.22435424354
516124,516397,517760,273,1363,2,7200,1.20029347029
516350,516405,517739,55,1334,2,7200,1.04122938531
516402,516438,517802,36,1364,2,7200,1.02639296188
516402,516431,517848,29,1417,2,7200,1.02046577276
516433,516459,517819,26,1360,2,7200,1.01911764706
516434,516484,517818,50,1334,2,7200,1.03748125937
516455,516491,517791,36,1300,2,7200,1.02769230769
516486,516497,517768,11,1271,2,7200,1.00865460268
516487,516514,517788,27,1274,2,7200,1.02119309262
516497,516565,517888,68,1323,2,7200,1.05139833711
516518,516709,518054,191,1345,2,7200,1.14200743494
516560,516716,518000,156,1284,2,7200,1.1214953271
516704,516721,518044,17,1323,2,7200,1.01284958428
516715,516728,518094,13,1366,2,7200,1.00951683748
516726,516737,518048,11,1311,2,7200,1.00839054157
516726,516743,518031,17,1288,2,7200,1.01319875776
516739,516751,518155,12,1404,2,7200,1.00854700855
516740,516762,518106,22,1344,2,7200,1.01636904762
516751,516783,518155,32,1372,2,7200,1.02332361516
516762,516804,518172,42,1368,2,7200,1.03070175439
516783,516812,518184,29,1372,2,7200,1.02113702624
516783,520265,520267,3482,2,2,3540,348.4
516804,516865,518284,61,1419,2,7200,1.04298801973
516814,516872,518257,58,1385,2,7200,1.04187725632
516866,516895,518245,29,1350,2,7200,1.02148148148
516877,516908,518260,31,1352,2,7200,1.02292899408
516898,516927,518302,29,1375,2,7200,1.02109090909
516909,516934,518320,25,1386,2,7200,1.01803751804
516930,517207,518571,277,1364,2,7200,1.20307917889
516930,517188,518618,258,1430,2,7200,1.18041958042
517187,517303,518625,116,1322,2,7200,1.08774583964
517208,517310,518639,102,1329,2,7200,1.07674943567
517301,517315,518643,14,1328,2,7200,1.01054216867
517311,517322,518658,11,1336,2,7200,1.00823353293
517312,517361,518698,49,1337,2,7200,1.03664921466
517322,517384,518710,62,1326,2,7200,1.0467571644
517364,517391,518716,27,1325,2,7200,1.02037735849
517385,517400,518735,15,1335,2,7200,1.01123595506
517396,517538,518853,142,1315,2,7200,1.10798479087
517396,517713,519008,317,1295,2,7200,1.24478764479
517540,517751,519075,211,1324,2,7200,1.15936555891
517715,517773,519099,58,1326,2,7200,1.04374057315
517756,517781,519107,25,1326,2,7200,1.01885369532
517777,517800,519122,23,1322,2,7200,1.017397882
517777,517807,519143,30,1336,2,7200,1.02245508982
517798,517814,519185,16,1371,2,7200,1.01167031364
517809,517837,519165,28,1328,2,7200,1.02108433735
517809,517830,519181,21,1351,2,7200,1.01554404145
517830,517859,519176,29,1317,2,7200,1.02201974184
517841,517900,519212,59,1312,2,7200,1.0449695122
517862,518012,519338,150,1326,2,7200,1.11312217195
517903,518043,519356,140,1313,2,7200,1.10662604722
518016,518055,519387,39,1332,2,7200,1.02927927928
518048,518062,519419,14,1357,2,7200,1.01031687546
518058,518070,519392,12,1322,2,7200,1.00907715582
518059,518106,519467,47,1361,2,7200,1.0345334313
518070,518117,519449,47,1332,2,7200,1.03528528529
518111,518167,519546,56,1379,2,7200,1.04060913706
518122,518172,519518,50,1346,2,7200,1.03714710253
518163,518184,519505,21,1321,2,7200,1.01589704769
518174,518195,519505,21,1310,2,7200,1.01603053435
518185,518257,519535,72,1278,2,7200,1.05633802817
518195,518268,519593,73,1325,2,7200,1.05509433962
518257,518275,519593,18,1318,2,7200,1.01365705615
518268,518297,519644,29,1347,2,7200,1.02152932442
518279,518314,519650,35,1336,2,7200,1.02619760479
518300,518332,519673,32,1341,2,7200,1.02386278896
518310,518583,519909,273,1326,2,7200,1.20588235294
518331,518630,519973,299,1343,2,7200,1.2226358898
518588,518636,519976,48,1340,2,7200,1.03582089552
518630,518651,519974,21,1323,2,7200,1.01587301587
518640,518657,519963,17,1306,2,7200,1.01301684533
518651,518670,519977,19,1307,2,7200,1.01453710788
518662,518709,520040,47,1331,2,7200,1.03531179564
518672,518722,520051,50,1329,2,7200,1.03762227239
518714,518728,520119,14,1391,2,7200,1.01006470165
518725,518746,520087,21,1341,2,7200,1.01565995526
518725,518865,520214,140,1349,2,7200,1.10378057821
518746,519020,520370,274,1350,2,7200,1.20296296296
518869,519087,520436,218,1349,2,7200,1.16160118606
519024,519110,520466,86,1356,2,7200,1.06342182891
519086,519119,520451,33,1332,2,7200,1.02477477477
519107,519133,520447,26,1314,2,7200,1.0197869102
519117,519155,520448,38,1293,2,7200,1.02938901779
519138,519177,520528,39,1351,2,7200,1.02886750555
519159,519188,520549,29,1361,2,7200,1.02130786187
519180,519196,520524,16,1328,2,7200,1.01204819277
519191,519224,520588,33,1364,2,7200,1.02419354839
519191,519202,520564,11,1362,2,7200,1.0080763583
519202,519350,520706,148,1356,2,7200,1.10914454277
519223,519368,520699,145,1331,2,7200,1.10894064613
519346,519399,520750,53,1351,2,7200,1.03923019985
519367,519405,520749,38,1344,2,7200,1.02827380952
519399,519432,520734,33,1302,2,7200,1.02534562212
519409,519461,520726,52,1265,2,7200,1.04110671937
519430,519478,520834,48,1356,2,7200,1.03539823009
519462,519517,520858,55,1341,2,7200,1.04101416853
519483,519522,520867,39,1345,2,7200,1.02899628253
519515,519531,520921,16,1390,2,7200,1.01151079137
519526,519558,520916,32,1358,2,7200,1.0235640648
519526,519546,520883,20,1337,2,7200,1.01495886313
519547,519604,520956,57,1352,2,7200,1.04215976331
519558,519610,520959,52,1349,2,7200,1.03854707191
519609,519663,520985,54,1322,2,7200,1.04084720121
519610,519656,521007,46,1351,2,7200,1.0340488527
519651,519686,520986,35,1300,2,7200,1.02692307692
519662,519921,521227,259,1306,2,7200,1.19831546708
519683,519975,521334,292,1359,2,7200,1.21486387049
519919,519986,521346,67,1360,2,7200,1.04926470588
519971,519991,521342,20,1351,2,7200,1.014803849
519981,519997,521338,16,1341,2,7200,1.01193139448
519992,520005,521356,13,1351,2,7200,1.00962250185
520003,520051,521402,48,1351,2,7200,1.0355292376
520003,520064,521458,61,1394,2,7200,1.043758967
520055,520098,521413,43,1315,2,7200,1.03269961977
520066,520131,521414,65,1283,2,7200,1.05066250974
520097,520226,521589,129,1363,2,7200,1.09464416728
520128,520381,521732,253,1351,2,7200,1.18726868986
520231,520448,521785,217,1337,2,7200,1.16230366492
520385,520458,521795,73,1337,2,7200,1.05459985041
520447,520466,521821,19,1355,2,7200,1.01402214022
520458,520471,521837,13,1366,2,7200,1.00951683748
520469,520536,521869,67,1333,2,7200,1.05026256564
520469,520478,521813,9,1335,2,7200,1.00674157303
520480,520543,521873,63,1330,2,7200,1.04736842105
520532,520560,521933,28,1373,2,7200,1.02039329934
520542,520576,521924,34,1348,2,7200,1.02522255193
520563,520599,521990,36,1391,2,7200,1.02588066139
520574,520711,522046,137,1335,2,7200,1.10262172285
520595,520719,522030,124,1311,2,7200,1.0945842868
520708,520738,522049,30,1311,2,7200,1.02288329519
520719,520746,522049,27,1303,2,7200,1.02072141213
520740,520761,522096,21,1335,2,7200,1.01573033708
520751,520766,522118,15,1352,2,7200,1.01109467456
520761,520847,522191,86,1344,2,7200,1.06398809524
520772,520870,522212,98,1342,2,7200,1.07302533532
520844,520878,522241,34,1363,2,7200,1.02494497432
520865,520896,522286,31,1390,2,7200,1.02230215827
520878,520927,522258,49,1331,2,7200,1.03681442524
520899,520935,522226,36,1291,2,7200,1.02788536019
520930,520969,522318,39,1349,2,7200,1.02891030393
520931,520976,522353,45,1377,2,7200,1.03267973856
520972,521003,522333,31,1330,2,7200,1.02330827068
520972,520996,522347,24,1351,2,7200,1.0177646188
520993,521019,522369,26,1350,2,7200,1.01925925926
521004,521239,522581,235,1342,2,7200,1.17511177347
521015,521346,522661,331,1315,2,7200,1.25171102662
521241,521354,522702,113,1348,2,7200,1.08382789318
521344,521359,522717,15,1358,2,7200,1.01104565538
521355,521365,522633,10,1268,2,7200,1.00788643533
521359,521373,522704,14,1331,2,7200,1.01051840721
521370,521414,522739,44,1325,2,7200,1.03320754717
521370,521425,522751,55,1326,2,7200,1.04147812971
521411,521432,522762,21,1330,2,7200,1.01578947368
521422,521470,522800,48,1330,2,7200,1.03609022556
521433,521600,522933,167,1333,2,7200,1.12528132033
521474,521745,523066,271,1321,2,7200,1.20514761544
521598,521796,523108,198,1312,2,7200,1.15091463415
521741,521807,523132,66,1325,2,7200,1.04981132075
521793,521825,523148,32,1323,2,7200,1.02418745276
521804,521833,523141,29,1308,2,7200,1.02217125382
521825,521849,523176,24,1327,2,7200,1.01808590806
521836,521882,523185,46,1303,2,7200,1.03530314658
521846,521889,523203,43,1314,2,7200,1.03272450533
521878,521936,523243,58,1307,2,7200,1.04437643458
521888,521945,523244,57,1299,2,7200,1.04387990762
521940,522001,523310,61,1309,2,7200,1.04660045837
521940,522042,523356,102,1314,2,7200,1.07762557078
522002,522058,523366,56,1308,2,7200,1.04281345566
522044,522065,523380,21,1315,2,7200,1.01596958175
522055,522070,523392,15,1322,2,7200,1.01134644478
522065,522108,523421,43,1313,2,7200,1.03274942879
522066,522131,523462,65,1331,2,7200,1.04883546206
522107,522203,523506,96,1303,2,7200,1.073676132
522128,522224,523522,96,1298,2,7200,1.07395993837
522201,522239,523541,38,1302,2,7200,1.0291858679
522222,522253,523552,31,1299,2,7200,1.02386451116
522243,522270,523587,27,1317,2,7200,1.02050113895
522253,522298,523602,45,1304,2,7200,1.03450920245
522274,522330,523640,56,1310,2,7200,1.0427480916
522295,522345,523643,50,1298,2,7200,1.03852080123
522327,522358,523667,31,1309,2,7200,1.02368220015
522348,522365,523668,17,1303,2,7200,1.01304681504
522358,522381,523688,23,1307,2,7200,1.01759755164
522369,522593,523922,224,1329,2,7200,1.16854778029
522380,522645,523954,265,1309,2,7200,1.20244461421
522595,522673,523983,78,1310,2,7200,1.05954198473
522647,522713,524038,66,1325,2,7200,1.04981132075
522668,522720,524044,52,1324,2,7200,1.03927492447
522709,522730,524037,21,1307,2,7200,1.01606732976
522720,522752,524059,32,1307,2,7200,1.02448355011
522731,522764,524080,33,1316,2,7200,1.02507598784
522752,522774,524082,22,1308,2,7200,1.01681957187
522763,522811,524107,48,1296,2,7200,1.03703703704
522773,522945,524262,172,1317,2,7200,1.13059984814
522815,523079,524374,264,1295,2,7200,1.20386100386
522948,523121,524450,173,1329,2,7200,1.13017306245
523082,523145,524476,63,1331,2,7200,1.04733283246
523123,523152,524471,29,1319,2,7200,1.0219863533
523144,523160,524477,16,1317,2,7200,1.01214882308
523155,523198,524502,43,1304,2,7200,1.03297546012
523155,523188,524495,33,1307,2,7200,1.02524866106
523187,523215,524537,28,1322,2,7200,1.02118003026
523197,523255,524559,58,1304,2,7200,1.04447852761
523218,523261,524548,43,1287,2,7200,1.03341103341
523260,523323,524665,63,1342,2,7200,1.04694485842
523260,523367,524689,107,1322,2,7200,1.08093797277
523322,523378,524730,56,1352,2,7200,1.04142011834
523363,523392,524741,29,1349,2,7200,1.02149740549
523374,523405,524717,31,1312,2,7200,1.02362804878
523395,523432,524752,37,1320,2,7200,1.02803030303
523406,523474,524768,68,1294,2,7200,1.05255023184
523437,523518,524826,81,1308,2,7200,1.0619266055
523478,523535,524847,57,1312,2,7200,1.04344512195
523520,523554,524854,34,1300,2,7200,1.02615384615
523531,523565,524869,34,1304,2,7200,1.02607361963
523552,523599,524899,47,1300,2,7200,1.03615384615
523562,523615,524875,53,1260,2,7200,1.04206349206
523604,523652,524986,48,1334,2,7200,1.035982009
523614,523659,524979,45,1320,2,7200,1.03409090909
523656,523679,524991,23,1312,2,7200,1.0175304878
523656,523685,525010,29,1325,2,7200,1.02188679245
523677,523699,525004,22,1305,2,7200,1.01685823755
523688,523934,525257,246,1323,2,7200,1.18594104308
523699,523966,525245,267,1279,2,7200,1.20875684128
523935,523995,525276,60,1281,2,7200,1.04683840749
523966,524049,525334,83,1285,2,7200,1.06459143969
523997,524055,525329,58,1274,2,7200,1.04552590267
524049,524062,525337,13,1275,2,7200,1.01019607843
524060,524071,525340,11,1269,2,7200,1.00866824271
524060,524092,525406,32,1314,2,7200,1.02435312024
524071,524098,525413,27,1315,2,7200,1.02053231939
524092,524118,525455,26,1337,2,7200,1.01944652206
524103,524274,525562,171,1288,2,7200,1.13276397516
524124,524386,525693,262,1307,2,7200,1.20045906656
524278,524462,525730,184,1268,2,7200,1.14511041009
524391,524482,525761,91,1279,2,7200,1.07114933542
524463,524490,525745,27,1255,2,7200,1.02151394422
524484,524496,525780,12,1284,2,7200,1.00934579439
524495,524508,525776,13,1268,2,7200,1.01025236593
524495,524515,525792,20,1277,2,7200,1.01566170713
524506,524548,525891,42,1343,2,7200,1.0312732688
524517,524560,525875,43,1315,2,7200,1.03269961977
524548,524571,525873,23,1302,2,7200,1.01766513057
524558,524676,525980,118,1304,2,7200,1.09049079755
524569,524700,526017,131,1317,2,7200,1.09946848899
524672,524728,525996,56,1268,2,7200,1.04416403785
524703,524742,526001,39,1259,2,7200,1.03097696585
524724,524753,526021,29,1268,2,7200,1.02287066246
524745,524764,526044,19,1280,2,7200,1.01484375
524756,524781,526104,25,1323,2,7200,1.01889644747
524767,524837,526119,70,1282,2,7200,1.05460218409
524777,524858,526114,81,1256,2,7200,1.06449044586
524839,524866,526169,27,1303,2,7200,1.02072141213
524860,524881,526189,21,1308,2,7200,1.01605504587
524871,524887,526219,16,1332,2,7200,1.01201201201
524882,524911,526200,29,1289,2,7200,1.02249806051
524892,524991,526273,99,1282,2,7200,1.07722308892
524913,524998,526309,85,1311,2,7200,1.06483600305
524996,525005,526257,9,1252,2,7200,1.0071884984
524996,525016,526267,20,1251,2,7200,1.01598721023
525007,525023,526309,16,1286,2,7200,1.01244167963
525018,525257,526534,239,1277,2,7200,1.18715740016
525018,525269,526539,251,1270,2,7200,1.19763779528
525254,525288,526586,34,1298,2,7200,1.02619414484
525265,525341,526654,76,1313,2,7200,1.05788271135
525286,525348,526633,62,1285,2,7200,1.04824902724
525338,525354,526664,16,1310,2,7200,1.01221374046
525348,525360,526639,12,1279,2,7200,1.00938232995
525359,525417,526728,58,1311,2,7200,1.04424103738
525359,525425,526692,66,1267,2,7200,1.05209155485
525421,525468,526719,47,1251,2,7200,1.03756994404
525422,525574,526817,152,1243,2,7200,1.12228479485
525463,525704,526971,241,1267,2,7200,1.19021310182
525576,525742,527015,166,1273,2,7200,1.13040062844
525700,525757,527067,57,1310,2,7200,1.04351145038
525741,525774,527064,33,1290,2,7200,1.02558139535
525762,525787,527068,25,1281,2,7200,1.01951600312
525773,525795,527087,22,1292,2,7200,1.01702786378
525784,525804,527088,20,1284,2,7200,1.01557632399
525795,525885,527123,90,1238,2,7200,1.07269789984
525805,525892,527159,87,1267,2,7200,1.06866614049
525888,525991,527273,103,1282,2,7200,1.08034321373
525888,525903,527152,15,1249,2,7200,1.01200960769
525899,526008,527316,109,1308,2,7200,1.08333333333
525991,526015,527292,24,1277,2,7200,1.01879404855
526012,526029,527326,17,1297,2,7200,1.01310717039
526013,526036,527361,23,1325,2,7200,1.01735849057
526034,526115,527388,81,1273,2,7200,1.06362922231
526034,526057,527359,23,1302,2,7200,1.01766513057
526055,526126,527369,71,1243,2,7200,1.05711987128
526117,526133,527382,16,1249,2,7200,1.0128102482
526128,526182,527435,54,1253,2,7200,1.04309656824
526128,526201,527436,73,1235,2,7200,1.05910931174
526180,526213,527488,33,1275,2,7200,1.02588235294
526201,526231,527551,30,1320,2,7200,1.02272727273
526212,526269,527619,57,1350,2,7200,1.04222222222
526233,526278,527619,45,1341,2,7200,1.03355704698
526274,526285,527571,11,1286,2,7200,1.00855365474
526274,526321,527595,47,1274,2,7200,1.03689167975
526285,526326,527570,41,1244,2,7200,1.03295819936
526316,526546,527789,230,1243,2,7200,1.18503620274
526327,526553,527844,226,1291,2,7200,1.1750580945
526543,526598,527924,55,1326,2,7200,1.04147812971
526553,526645,527924,92,1279,2,7200,1.07193119625
526595,526653,527901,58,1248,2,7200,1.04647435897
526647,526666,527882,19,1216,2,7200,1.015625
526657,526675,527904,18,1229,2,7200,1.0146460537
526668,526703,527926,35,1223,2,7200,1.02861815209
526679,526731,527923,52,1192,2,7200,1.04362416107
526700,526740,527925,40,1185,2,7200,1.03375527426
526731,526828,528096,97,1268,2,7200,1.07649842271
526742,526984,528329,242,1345,2,7200,1.17992565056
526824,527028,528335,204,1307,2,7200,1.15608263198
526989,527075,528401,86,1326,2,7200,1.06485671192
527030,527083,528343,53,1260,2,7200,1.04206349206
527071,527088,528390,17,1302,2,7200,1.01305683564
527082,527098,528392,16,1294,2,7200,1.01236476043
527093,527106,528382,13,1276,2,7200,1.01018808777
527104,527136,528447,32,1311,2,7200,1.02440884821
527104,527164,528470,60,1306,2,7200,1.04594180704
527135,527170,528512,35,1342,2,7200,1.0260804769
527164,531597,531758,4433,161,1,3600,28.5341614907
527167,527305,528568,138,1263,2,7200,1.10926365796
527167,527285,528575,118,1290,2,7200,1.09147286822
527280,527327,528619,47,1292,2,7200,1.03637770898
527301,527339,528609,38,1270,2,7200,1.02992125984
527332,527370,528650,38,1280,2,7200,1.0296875
527343,527378,528692,35,1314,2,7200,1.02663622527
527374,527385,528670,11,1285,2,7200,1.00856031128
527375,527393,528669,18,1276,2,7200,1.01410658307
527386,527401,528720,15,1319,2,7200,1.01137225171
527396,527447,528726,51,1279,2,7200,1.03987490227
527397,527454,528783,57,1329,2,7200,1.04288939052
527449,527500,528779,51,1279,2,7200,1.03987490227
527449,527563,528829,114,1266,2,7200,1.09004739336
527501,527582,528861,81,1279,2,7200,1.06333072713
527563,527589,528907,26,1318,2,7200,1.01972685888
527584,527607,528996,23,1389,2,7200,1.01655867531
527584,527631,529034,47,1403,2,7200,1.03349964362
527605,527636,528999,31,1363,2,7200,1.02274394718
527626,527801,529093,175,1292,2,7200,1.13544891641
527637,527855,529219,218,1364,2,7200,1.15982404692
527801,527895,529318,94,1423,2,7200,1.06605762474
527853,527914,529348,61,1434,2,7200,1.04253835425
527895,527921,529303,26,1382,2,7200,1.01881331404
527916,527942,529268,26,1326,2,7200,1.01960784314
527916,527935,529326,19,1391,2,7200,1.01365923796
527937,527949,529279,12,1330,2,7200,1.00902255639
527938,527954,529357,16,1403,2,7200,1.011404134
527948,527960,529446,12,1486,2,7200,1.00807537012
527959,528108,529578,149,1470,2,7200,1.10136054422
527959,528341,529744,382,1403,2,7200,1.27227369922
528103,528347,529774,244,1427,2,7200,1.1709880869
528339,528355,529788,16,1433,2,7200,1.0111653873
528350,528395,529800,45,1405,2,7200,1.03202846975
528350,528401,529962,51,1561,2,7200,1.03267136451
528392,528407,529766,15,1359,2,7200,1.01103752759
528403,528458,529883,55,1425,2,7200,1.03859649123
528403,528415,529812,12,1397,2,7200,1.00858983536
528414,528482,529879,68,1397,2,7200,1.04867573372
528455,528524,529906,69,1382,2,7200,1.0499276411
528486,528580,530025,94,1445,2,7200,1.06505190311
528528,528586,530027,58,1441,2,7200,1.04024982651
528579,528620,530053,41,1433,2,7200,1.02861130495
528590,528631,530140,41,1509,2,7200,1.02717031146
528621,528662,530401,41,1739,2,7200,1.02357676826
528632,528680,530042,48,1362,2,7200,1.03524229075
528663,528687,530046,24,1359,2,7200,1.01766004415
528684,528704,530069,20,1365,2,7200,1.01465201465
528685,528731,530079,46,1348,2,7200,1.03412462908
528705,528738,530071,33,1333,2,7200,1.02475618905
528737,528791,530171,54,1380,2,7200,1.03913043478
528737,528797,530252,60,1455,2,7200,1.0412371134
528789,528842,530204,53,1362,2,7200,1.0389133627
528799,528874,530256,75,1382,2,7200,1.05426917511
528841,528918,530291,77,1373,2,7200,1.0560815732
528872,529008,530410,136,1402,2,7200,1.0970042796
528924,529015,530501,91,1486,2,7200,1.06123822342
529006,529046,530569,40,1523,2,7200,1.02626395272
529017,529105,530761,88,1656,2,7200,1.05314009662
529048,529231,530924,183,1693,2,7200,1.10809214412
529110,529280,530665,170,1385,2,7200,1.12274368231
529236,529291,530665,55,1374,2,7200,1.04002911208
529277,529315,530796,38,1481,2,7200,1.02565833896
529288,529330,530861,42,1531,2,7200,1.02743305029
529320,529338,530779,18,1441,2,7200,1.01249132547
529331,529360,530864,29,1504,2,7200,1.01928191489
529341,529369,530849,28,1480,2,7200,1.01891891892
529362,529458,531047,96,1589,2,7200,1.06041535557
529439,529620,530994,181,1374,2,7200,1.13173216885
529460,529757,531098,297,1341,2,7200,1.22147651007
529624,529777,531166,153,1389,2,7200,1.1101511879
529758,529785,531129,27,1344,2,7200,1.02008928571
529779,529800,531143,21,1343,2,7200,1.0156366344
529790,529812,531170,22,1358,2,7200,1.01620029455
529800,529823,531170,23,1347,2,7200,1.01707498144
529811,529891,531252,80,1361,2,7200,1.0587803086
529822,529897,531223,75,1326,2,7200,1.05656108597
529894,529917,531259,23,1342,2,7200,1.01713859911
529894,529974,531336,80,1362,2,7200,1.05873715125
529915,530037,531383,122,1346,2,7200,1.09063893016
529977,530044,531402,67,1358,2,7200,1.04933726068
530039,530061,531411,22,1350,2,7200,1.0162962963
530039,530054,531412,15,1358,2,7200,1.01104565538
530050,530067,531443,17,1376,2,7200,1.01235465116
530061,530082,531430,21,1348,2,7200,1.01557863501
530072,530089,531455,17,1366,2,7200,1.01244509517
530082,530096,531437,14,1341,2,7200,1.01043997017
530093,530183,531480,90,1297,2,7200,1.06939090208
530093,530152,531467,59,1315,2,7200,1.04486692015
530155,530216,531562,61,1346,2,7200,1.04531946508
530187,530264,531690,77,1426,2,7200,1.05399719495
530218,530271,531601,53,1330,2,7200,1.03984962406
530259,530302,531641,43,1339,2,7200,1.03211351755
530270,530414,531758,144,1344,2,7200,1.10714285714
530301,530422,531805,121,1383,2,7200,1.08749096168
530414,530513,531866,99,1353,2,7200,1.07317073171
530425,530581,531936,156,1355,2,7200,1.11512915129
530518,530677,532036,159,1359,2,7200,1.11699779249
530579,530682,532020,103,1338,2,7200,1.07698056801
530672,530773,532128,101,1355,2,7200,1.07453874539
530683,530791,532102,108,1311,2,7200,1.0823798627
530775,530808,532167,33,1359,2,7200,1.02428256071
530786,530860,532262,74,1402,2,7200,1.05278174037
530807,530873,532280,66,1407,2,7200,1.04690831557
530859,530880,532266,21,1386,2,7200,1.01515151515
530869,530935,532306,66,1371,2,7200,1.04814004376
530880,531005,532401,125,1396,2,7200,1.08954154728
530932,531059,532462,127,1403,2,7200,1.09052031361
530983,531623,531815,640,192,1,3600,4.33333333333
531004,531110,532447,106,1337,2,7200,1.07928197457
531056,531140,532496,84,1356,2,7200,1.06194690265
531107,531156,532515,49,1359,2,7200,1.03605592347
531138,531178,532522,40,1344,2,7200,1.02976190476
531159,531185,532549,26,1364,2,7200,1.01906158358
531180,531192,532547,12,1355,2,7200,1.00885608856
531181,531236,532555,55,1319,2,7200,1.04169825625
531192,531263,532628,71,1365,2,7200,1.05201465201
531233,531270,532648,37,1378,2,7200,1.02685050798
531264,531276,532632,12,1356,2,7200,1.00884955752
531275,531348,532742,73,1394,2,7200,1.05236728838
531337,531394,532759,57,1365,2,7200,1.04175824176
531389,531414,532811,25,1397,2,7200,1.01789549034
531410,531423,532815,13,1392,2,7200,1.00933908046
531420,531430,532796,10,1366,2,7200,1.00732064422
531423,531441,532776,18,1335,2,7200,1.01348314607
531433,531449,532817,16,1368,2,7200,1.01169590643
531444,531467,532811,23,1344,2,7200,1.01711309524
531444,531456,532805,12,1349,2,7200,1.00889547813
531465,531475,532821,10,1346,2,7200,1.00742942051
531476,531482,532809,6,1327,2,7200,1.00452147702
531487,531494,532811,7,1317,2,7200,1.0053151101
531497,531574,532949,77,1375,2,7200,1.056
531580,531613,532975,33,1362,2,7200,1.02422907489
531611,531653,533002,42,1349,2,7200,1.03113417346
531652,531702,533052,50,1350,2,7200,1.03703703704
531704,531776,533136,72,1360,2,7200,1.05294117647
531751,531757,533511,6,1754,1,36000,1.00342075257
531751,531768,533562,17,1794,1,36000,1.00947603122
531753,531826,533759,73,1933,1,36000,1.03776513192
531754,533977,535713,2223,1736,1,36000,2.28052995392
531754,533776,535197,2022,1421,1,36000,2.42294159043
531755,535725,537649,3970,1924,1,36000,3.06340956341
531756,536148,537873,4392,1725,1,36000,3.54608695652
531756,536844,538861,5088,2017,1,36000,3.52255825483
531758,537884,539883,6126,1999,1,36000,4.06453226613
531758,537689,539270,5931,1581,1,36000,4.75142314991
531760,538872,540614,7112,1742,1,36000,5.08266360505
531761,539268,541296,7507,2028,1,36000,4.7016765286
531762,539895,541854,8133,1959,1,36000,5.15160796325
531763,540626,542134,8863,1508,1,36000,6.87732095491
531764,541307,543094,9543,1787,1,36000,6.34023503078
531765,541866,543588,10101,1722,1,36000,6.86585365854
531768,542145,544100,10377,1955,1,36000,6.30792838875
531771,543107,545002,11336,1895,1,36000,6.98205804749
531775,543604,545637,11829,2033,1,36000,6.81849483522
531775,543692,545656,11917,1964,1,36000,7.06771894094
531777,531816,533266,39,1450,2,7200,1.02689655172
531818,531878,533248,60,1370,2,7200,1.04379562044
531880,531947,533276,67,1329,2,7200,1.050413845
531892,545431,545744,13539,313,1,3600,44.2555910543
531941,545648,545956,13707,308,1,3600,45.5032467532
531952,532033,533401,81,1368,2,7200,1.05921052632
532035,532048,533392,13,1344,2,7200,1.00967261905
532045,532115,533467,70,1352,2,7200,1.05177514793
532118,532141,533472,23,1331,2,7200,1.01728024042
532139,532179,533511,40,1332,2,7200,1.03003003003
532180,532274,533581,94,1307,2,7200,1.07192042846
532273,532280,533586,7,1306,2,7200,1.00535987749
532283,532292,533638,9,1346,2,7200,1.00668647845
532294,532317,533661,23,1344,2,7200,1.01711309524
532315,532413,533758,98,1345,2,7200,1.07286245353
532418,532458,533807,40,1349,2,7200,1.02965159377
532459,532475,533848,16,1373,2,7200,1.01165331391
532470,532508,533876,38,1368,2,7200,1.02777777778
532512,532527,533910,15,1383,2,7200,1.01084598698
532522,532535,533899,13,1364,2,7200,1.00953079179
532533,532560,533902,27,1342,2,7200,1.02011922504
532554,532566,533904,12,1338,2,7200,1.00896860987
532565,532573,533924,8,1351,2,7200,1.0059215396
532576,532640,533974,64,1334,2,7200,1.04797601199
532638,532647,533957,9,1310,2,7200,1.00687022901
532649,532660,533959,11,1299,2,7200,1.00846805235
532660,532754,534112,94,1358,2,7200,1.06921944035
532753,532771,534136,18,1365,2,7200,1.01318681319
532774,532787,534174,13,1387,2,7200,1.00937274694
532784,532808,534168,24,1360,2,7200,1.01764705882
532805,532817,534186,12,1369,2,7200,1.00876552228
532816,532823,534193,7,1370,2,7200,1.00510948905
532817,532829,534198,12,1369,2,7200,1.00876552228
532828,532841,534173,13,1332,2,7200,1.00975975976
532828,532836,534174,8,1338,2,7200,1.00597907324
532839,532853,534183,14,1330,2,7200,1.01052631579
532839,532847,534180,8,1333,2,7200,1.00600150038
532850,532860,534190,10,1330,2,7200,1.00751879699
532861,532961,534294,100,1333,2,7200,1.07501875469
532964,532987,534383,23,1396,2,7200,1.0164756447
532985,533014,534350,29,1336,2,7200,1.02170658683
533016,533064,534411,48,1347,2,7200,1.03563474388
533068,533148,534495,80,1347,2,7200,1.05939123979
533150,533260,534629,110,1369,2,7200,1.08035062089
533264,533278,534618,14,1340,2,7200,1.01044776119
533274,533287,534605,13,1318,2,7200,1.00986342944
533285,533404,534744,119,1340,2,7200,1.08880597015
533408,533415,534744,7,1329,2,7200,1.00526711813
533419,533478,534792,59,1314,2,7200,1.04490106545
533481,533487,534785,6,1298,2,7200,1.00462249615
533492,533522,534811,30,1289,2,7200,1.0232738557
533523,533574,534939,51,1365,2,7200,1.03736263736
533575,533592,534953,17,1361,2,7200,1.01249081558
533596,533602,534947,6,1345,2,7200,1.00446096654
533607,533651,534992,44,1341,2,7200,1.03281133482
533648,533673,535012,25,1339,2,7200,1.01867064974
533669,533769,535121,100,1352,2,7200,1.07396449704
533772,533819,535141,47,1322,2,7200,1.03555219365
533824,533859,535196,35,1337,2,7200,1.02617801047
533855,533888,535224,33,1336,2,7200,1.0247005988
533886,533911,535264,25,1353,2,7200,1.0184774575
533907,533918,535289,11,1371,2,7200,1.00802334063
533918,533924,535238,6,1314,2,7200,1.00456621005
533929,533935,535261,6,1326,2,7200,1.00452488688
533939,533945,535324,6,1379,2,7200,1.00435097897
533950,533970,535301,20,1331,2,7200,1.01502629602
533971,533986,535323,15,1337,2,7200,1.01121914734
533982,534123,535465,141,1342,2,7200,1.10506706408
534126,534148,535471,22,1323,2,7200,1.01662887377
534147,534180,535544,33,1364,2,7200,1.02419354839
534178,534192,535534,14,1342,2,7200,1.01043219076
534178,534187,535541,9,1354,2,7200,1.00664697194
534189,534199,535561,10,1362,2,7200,1.00734214391
534190,534204,535550,14,1346,2,7200,1.01040118871
534200,534211,535535,11,1324,2,7200,1.0083081571
534201,534216,535534,15,1318,2,7200,1.01138088012
534212,534228,535543,16,1315,2,7200,1.01216730038
534212,534222,535573,10,1351,2,7200,1.0074019245
534223,534235,535550,12,1315,2,7200,1.00912547529
534233,534306,535644,73,1338,2,7200,1.05455904335
534306,534362,535698,56,1336,2,7200,1.04191616766
534357,534395,535752,38,1357,2,7200,1.02800294768
534399,534423,535760,24,1337,2,7200,1.01795063575
534420,534506,535844,86,1338,2,7200,1.06427503737
534441,545668,545749,11227,81,1,1800,139.604938272
534502,534617,535953,115,1336,2,7200,1.08607784431
534615,534631,535949,16,1318,2,7200,1.01213960546
534626,534641,536004,15,1363,2,7200,1.01100513573
534637,534756,536105,119,1349,2,7200,1.08821349148
534750,534762,536106,12,1344,2,7200,1.00892857143
534761,534798,536125,37,1327,2,7200,1.0278824416
534802,534809,536112,7,1303,2,7200,1.00537221796
534813,534823,536135,10,1312,2,7200,1.00762195122
534824,534950,536263,126,1313,2,7200,1.0959634425
534947,534960,536290,13,1330,2,7200,1.00977443609
534958,534967,536299,9,1332,2,7200,1.00675675676
534969,535004,536311,35,1307,2,7200,1.02677888294
535000,535025,536332,25,1307,2,7200,1.01912777353
535021,535133,536466,112,1333,2,7200,1.08402100525
535134,535154,536475,20,1321,2,7200,1.01514004542
535155,535208,536536,53,1328,2,7200,1.03990963855
535207,535214,536546,7,1332,2,7200,1.00525525526
535218,535236,536568,18,1332,2,7200,1.01351351351
535239,535250,536583,11,1333,2,7200,1.00825206302
535250,535274,536621,24,1347,2,7200,1.01781737194
535271,535280,536659,9,1379,2,7200,1.00652646846
535281,535300,536643,19,1343,2,7200,1.01414743112
535302,535313,536661,11,1348,2,7200,1.00816023739
535313,535335,536654,22,1319,2,7200,1.0166793025
535334,535342,536753,8,1411,2,7200,1.00566973777
535345,535476,536834,131,1358,2,7200,1.09646539028
535479,535486,536798,7,1312,2,7200,1.00533536585
535489,535545,536897,56,1352,2,7200,1.04142011834
535541,535553,536901,12,1348,2,7200,1.00890207715
535552,535565,536901,13,1336,2,7200,1.00973053892
535552,535560,536906,8,1346,2,7200,1.0059435364
535563,535572,536899,9,1327,2,7200,1.00678221552
535564,535577,536896,13,1319,2,7200,1.00985595148
535574,535583,536910,9,1327,2,7200,1.00678221552
535575,535589,536900,14,1311,2,7200,1.01067887109
535585,535595,536920,10,1325,2,7200,1.00754716981
535596,535602,536946,6,1344,2,7200,1.00446428571
535607,535656,536994,49,1338,2,7200,1.03662182362
535659,535710,537091,51,1381,2,7200,1.03692976104
535710,535764,537088,54,1324,2,7200,1.04078549849
535762,535773,537095,11,1322,2,7200,1.00832072617
535773,535855,537199,82,1344,2,7200,1.06101190476
535855,535962,537326,107,1364,2,7200,1.0784457478
535959,535968,537225,9,1257,2,7200,1.00715990453
535969,536016,537350,47,1334,2,7200,1.03523238381
536021,536117,537483,96,1366,2,7200,1.07027818448
536114,536125,537496,11,1371,2,7200,1.00802334063
536125,536131,537639,6,1508,2,7200,1.00397877984
536135,536141,537501,6,1360,2,7200,1.00441176471
536146,536275,537671,129,1396,2,7200,1.09240687679
536280,536301,537649,21,1348,2,7200,1.01557863501
536301,536311,537684,10,1373,2,7200,1.00728332119
536312,536322,537670,10,1348,2,7200,1.00741839763
536322,536343,537753,21,1410,2,7200,1.01489361702
536343,536471,537870,128,1399,2,7200,1.09149392423
536467,536478,537865,11,1387,2,7200,1.00793078587
536478,536488,537873,10,1385,2,7200,1.00722021661
536488,536549,537873,61,1324,2,7200,1.04607250755
536550,536557,537919,7,1362,2,7200,1.00513950073
536561,536579,537929,18,1350,2,7200,1.01333333333
536582,536595,537952,13,1357,2,7200,1.00957995578
536593,536633,538005,40,1372,2,7200,1.02915451895
536634,536655,538137,21,1482,2,7200,1.01417004049
536656,536665,538001,9,1336,2,7200,1.00673652695
536666,536673,538107,7,1434,2,7200,1.00488145049
536677,536683,538032,6,1349,2,7200,1.00444773907
536688,536766,538115,78,1349,2,7200,1.05782060786
536771,536810,538168,39,1358,2,7200,1.02871870398
536812,536851,538207,39,1356,2,7200,1.02876106195
536853,536908,538265,55,1357,2,7200,1.04053058217
536905,536915,538293,10,1378,2,7200,1.00725689405
536906,536920,538285,14,1365,2,7200,1.01025641026
536916,536927,538267,11,1340,2,7200,1.00820895522
536917,536932,538284,15,1352,2,7200,1.01109467456
536928,536939,538298,11,1359,2,7200,1.0080941869
536928,536944,538311,16,1367,2,7200,1.01170446233
536939,536950,538324,11,1374,2,7200,1.00800582242
536950,536956,538303,6,1347,2,7200,1.00445434298
536960,536968,538320,8,1352,2,7200,1.00591715976
536971,537006,538369,35,1363,2,7200,1.02567865004
537002,537100,538470,98,1370,2,7200,1.07153284672
537095,537106,538532,11,1426,2,7200,1.00771388499
537106,537113,538540,7,1427,2,7200,1.00490539594
537116,537212,538600,96,1388,2,7200,1.06916426513
537209,537237,538617,28,1380,2,7200,1.02028985507
537240,537338,538690,98,1352,2,7200,1.0724852071
537333,537362,538786,29,1424,2,7200,1.02036516854
537364,537495,538840,131,1345,2,7200,1.09739776952
537498,537508,538917,10,1409,2,7200,1.00709723208
537509,537515,538849,6,1334,2,7200,1.00449775112
537519,537651,539034,132,1383,2,7200,1.09544468547
537653,537661,539045,8,1384,2,7200,1.00578034682
537664,537681,539062,17,1381,2,7200,1.01230992035
537685,537695,539058,10,1363,2,7200,1.00733675715
537696,537703,539085,7,1382,2,7200,1.00506512301
537706,537765,539165,59,1400,2,7200,1.04214285714
537768,537877,539245,109,1368,2,7200,1.07967836257
537881,537890,539249,9,1359,2,7200,1.00662251656
537882,537896,539287,14,1391,2,7200,1.01006470165
537893,537903,539242,10,1339,2,7200,1.0074682599
537903,537931,539270,28,1339,2,7200,1.02091112771
537935,537941,539288,6,1347,2,7200,1.00445434298
537945,537964,539333,19,1369,2,7200,1.01387874361
537966,538013,539396,47,1383,2,7200,1.03398409255
538018,538025,539356,7,1331,2,7200,1.00525920361
538029,538043,539410,14,1367,2,7200,1.01024140454
538039,538119,539483,80,1364,2,7200,1.05865102639
538122,538129,539650,7,1521,2,7200,1.00460223537
538132,538149,539628,17,1479,2,7200,1.01149425287
538153,538181,539513,28,1332,2,7200,1.02102102102
538185,538219,539541,34,1322,2,7200,1.02571860817
538216,538278,539635,62,1357,2,7200,1.0456890199
538278,538284,539653,6,1369,2,7200,1.00438276114
538289,538296,539657,7,1361,2,7200,1.005143277
538299,538306,539676,7,1370,2,7200,1.00510948905
538300,538313,539670,13,1357,2,7200,1.00957995578
538311,538325,539671,14,1346,2,7200,1.01040118871
538311,538320,539651,9,1331,2,7200,1.00676183321
538322,538332,539691,10,1359,2,7200,1.00735835173
538326,557486,557568,19160,82,1,1800,234.658536585
538333,538339,539675,6,1336,2,7200,1.00449101796
538343,538350,539688,7,1338,2,7200,1.00523168909
538354,538380,539738,26,1358,2,7200,1.01914580265
538386,538482,539799,96,1317,2,7200,1.0728929385
538478,538544,539885,66,1341,2,7200,1.04921700224
538540,538552,539894,12,1342,2,7200,1.00894187779
538551,538611,539953,60,1342,2,7200,1.04470938897
538613,538630,539942,17,1312,2,7200,1.01295731707
538634,538701,540072,67,1371,2,7200,1.04886943837
538706,538797,540146,91,1349,2,7200,1.06745737583
538799,538854,540192,55,1338,2,7200,1.04110612855
538850,538861,540254,11,1393,2,7200,1.00789662599
538861,538930,540242,69,1312,2,7200,1.05259146341
538933,539046,540468,113,1422,2,7200,1.07946554149
539046,539056,540393,10,1337,2,7200,1.00747943156
539057,539070,540410,13,1340,2,7200,1.00970149254
539068,539077,540401,9,1324,2,7200,1.00679758308
539079,539096,540443,17,1347,2,7200,1.01262063846
539100,539178,540503,78,1325,2,7200,1.05886792453
539182,539254,540636,72,1382,2,7200,1.0520984081
539254,539260,540629,6,1369,2,7200,1.00438276114
539265,539287,540643,22,1356,2,7200,1.01622418879
539286,539298,540650,12,1352,2,7200,1.00887573964
539297,539306,540637,9,1331,2,7200,1.00676183321
539307,539345,540727,38,1382,2,7200,1.02749638205
539349,539368,540707,19,1339,2,7200,1.0141896938
539370,539408,540770,38,1362,2,7200,1.02790014684
539411,539421,540746,10,1325,2,7200,1.00754716981
539422,539495,540825,73,1330,2,7200,1.05488721805
539494,539524,540876,30,1352,2,7200,1.02218934911
539525,539554,540866,29,1312,2,7200,1.02210365854
539556,539640,540975,84,1335,2,7200,1.06292134831
539639,539648,540973,9,1325,2,7200,1.00679245283
539650,539661,540987,11,1326,2,7200,1.00829562594
539660,539668,541068,8,1400,2,7200,1.00571428571
539661,539673,541008,12,1335,2,7200,1.00898876404
539671,539680,541049,9,1369,2,7200,1.00657414171
539672,539686,541024,14,1338,2,7200,1.01046337818
539683,539693,541045,10,1352,2,7200,1.0073964497
539684,539698,541042,14,1344,2,7200,1.01041666667
539694,539705,541064,11,1359,2,7200,1.0080941869
539695,539710,541064,15,1354,2,7200,1.01107828656
539706,539716,541155,10,1439,2,7200,1.00694927033
539716,539750,541129,34,1379,2,7200,1.0246555475
539748,539811,541119,63,1308,2,7200,1.04816513761
539809,539901,541241,92,1340,2,7200,1.06865671642
539902,539908,541241,6,1333,2,7200,1.00450112528
539913,539953,541280,40,1327,2,7200,1.03014318011
539954,539964,541340,10,1376,2,7200,1.00726744186
539965,540085,541428,120,1343,2,7200,1.08935219657
540089,540159,541575,70,1416,2,7200,1.04943502825
540161,540204,541664,43,1460,2,7200,1.02945205479
540202,540255,541578,53,1323,2,7200,1.04006046863
540254,540266,541601,12,1335,2,7200,1.00898876404
540265,540406,541758,141,1352,2,7200,1.10428994083
540409,540416,541727,7,1311,2,7200,1.00533943555
540419,540427,541768,8,1341,2,7200,1.00596569724
540430,540455,541771,25,1316,2,7200,1.01899696049
540451,540480,541801,29,1321,2,7200,1.02195306586
540482,540515,541886,33,1371,2,7200,1.02407002188
540514,540641,541960,127,1319,2,7200,1.09628506444
540637,540647,541992,10,1345,2,7200,1.00743494424
540637,540654,542036,17,1382,2,7200,1.01230101302
540648,540660,541980,12,1320,2,7200,1.00909090909
540659,540667,541997,8,1330,2,7200,1.00601503759
540670,540719,542027,49,1308,2,7200,1.0374617737
540721,540739,542041,18,1302,2,7200,1.01382488479
540742,540758,542070,16,1312,2,7200,1.01219512195
540753,540782,542115,29,1333,2,7200,1.02175543886
540784,540837,542200,53,1363,2,7200,1.03888481291
540836,540878,542227,42,1349,2,7200,1.03113417346
540877,540888,542221,11,1333,2,7200,1.00825206302
540888,540985,542318,97,1333,2,7200,1.07276819205
540981,540992,542327,11,1335,2,7200,1.00823970037
540991,540998,542368,7,1370,2,7200,1.00510948905
541002,541020,542363,18,1343,2,7200,1.01340282949
541023,541036,542357,13,1321,2,7200,1.00984102952
541034,541055,542337,21,1282,2,7200,1.01638065523
541055,541061,542374,6,1313,2,7200,1.00456968774
541055,541067,542396,12,1329,2,7200,1.00902934537
541066,541075,542406,9,1331,2,7200,1.00676183321
541066,541080,542443,14,1363,2,7200,1.01027146001
541077,541087,542422,10,1335,2,7200,1.0074906367
541088,541131,542448,43,1317,2,7200,1.03264996203
541129,541141,542463,12,1322,2,7200,1.00907715582
541140,541166,542527,26,1361,2,7200,1.01910360029
541171,541252,542570,81,1318,2,7200,1.06145675266
541243,541258,542645,15,1387,2,7200,1.010814708
541254,541292,542645,38,1353,2,7200,1.0280857354
541296,541352,542685,56,1333,2,7200,1.04201050263
541347,541440,542771,93,1331,2,7200,1.06987227648
541440,541587,542919,147,1332,2,7200,1.11036036036
541584,541594,542893,10,1299,2,7200,1.00769822941
541595,541613,542921,18,1308,2,7200,1.01376146789
541616,541676,543000,60,1324,2,7200,1.04531722054
541678,541739,543071,61,1332,2,7200,1.0457957958
541740,541770,543087,30,1317,2,7200,1.02277904328
541771,541781,543098,10,1317,2,7200,1.00759301443
541782,541788,543112,6,1324,2,7200,1.00453172205
541792,541813,543112,21,1299,2,7200,1.01616628176
541813,541898,543208,85,1310,2,7200,1.06488549618
541896,541972,543293,76,1321,2,7200,1.0575321726
541968,541993,543312,25,1319,2,7200,1.01895375284
541989,542004,543317,15,1313,2,7200,1.01142421935
542000,542011,543346,11,1335,2,7200,1.00823970037
542011,542039,543364,28,1325,2,7200,1.02113207547
542042,542048,543365,6,1317,2,7200,1.00455580866
542043,542055,543378,12,1323,2,7200,1.00907029478
542053,542082,543412,29,1330,2,7200,1.02180451128
542085,542127,543449,42,1322,2,7200,1.03177004539
542126,542212,543529,86,1317,2,7200,1.06529992407
542208,542233,543557,25,1324,2,7200,1.01888217523
542230,542239,543561,9,1322,2,7200,1.00680786687
542240,542329,543644,89,1315,2,7200,1.06768060837
542333,542340,543672,7,1332,2,7200,1.00525525526
542335,618126,621467,75791,3341,12,21600,23.6851242143
542344,542350,543684,6,1334,2,7200,1.00449775112
542354,542369,543705,15,1336,2,7200,1.01122754491
542365,542376,543720,11,1344,2,7200,1.00818452381
542373,621486,624816,79113,3330,12,21600,24.7576576577
542376,542382,543707,6,1325,2,7200,1.00452830189
542376,542388,543679,12,1291,2,7200,1.00929512006
542387,542408,543723,21,1315,2,7200,1.01596958175
542408,542418,543771,10,1353,2,7200,1.007390983
542419,542434,543776,15,1342,2,7200,1.01117734724
542429,542455,543776,26,1321,2,7200,1.01968205905
542450,542462,543791,12,1329,2,7200,1.00902934537
542461,542475,543777,14,1302,2,7200,1.01075268817
542472,542538,543875,66,1337,2,7200,1.04936424832
542534,542582,543917,48,1335,2,7200,1.03595505618
542585,542656,544001,71,1345,2,7200,1.05278810409
542618,642017,657204,99399,15187,12,129600,7.54500559689
542648,542662,544000,14,1338,2,7200,1.01046337818
542659,542696,544022,37,1326,2,7200,1.02790346908
542701,542782,544111,81,1329,2,7200,1.06094808126
542783,542904,544221,121,1317,2,7200,1.09187547456
542906,542932,544265,26,1333,2,7200,1.01950487622
542927,542939,544284,12,1345,2,7200,1.00892193309
542938,543013,544351,75,1338,2,7200,1.05605381166
543010,543083,544422,73,1339,2,7200,1.05451829724
543083,543099,544410,16,1311,2,7200,1.0122044241
543104,543114,544426,10,1312,2,7200,1.00762195122
543114,543124,544443,10,1319,2,7200,1.00758150114
543115,543129,544470,14,1341,2,7200,1.01043997017
543126,543221,544571,95,1350,2,7200,1.07037037037
543218,543306,544645,88,1339,2,7200,1.06572068708
543311,543324,544641,13,1317,2,7200,1.00987091875
543322,543331,544655,9,1324,2,7200,1.00679758308
543332,543357,544681,25,1324,2,7200,1.01888217523
543353,543376,544688,23,1312,2,7200,1.0175304878
543374,543382,544696,8,1314,2,7200,1.00608828006
543385,543398,544741,13,1343,2,7200,1.0096798213
543396,543424,544777,28,1353,2,7200,1.0206947524
543427,543461,544770,34,1309,2,7200,1.02597402597
543458,543541,544891,83,1350,2,7200,1.06148148148
543540,543570,544924,30,1354,2,7200,1.02215657312
543561,543576,544895,15,1319,2,7200,1.01137225171
543572,543657,544936,85,1279,2,7200,1.06645817045
543655,543685,544987,30,1302,2,7200,1.02304147465
543686,543717,545001,31,1284,2,7200,1.02414330218
543686,543699,544997,13,1298,2,7200,1.01001540832
543707,543724,545007,17,1283,2,7200,1.01325019486
543718,543732,545026,14,1294,2,7200,1.01081916538
543729,543783,545109,54,1326,2,7200,1.0407239819
543729,543738,544996,9,1258,2,7200,1.00715421304
543781,543790,545124,9,1334,2,7200,1.00674662669
543782,543795,545133,13,1338,2,7200,1.00971599402
543792,543801,545146,9,1345,2,7200,1.00669144981
543793,543808,545121,15,1313,2,7200,1.01142421935
543804,543887,545207,83,1320,2,7200,1.06287878788
543876,543930,545226,54,1296,2,7200,1.04166666667
543928,544012,545335,84,1323,2,7200,1.06349206349
544010,544034,545330,24,1296,2,7200,1.01851851852
544010,544019,545339,9,1320,2,7200,1.00681818182
544031,544113,545414,82,1301,2,7200,1.06302843966
544114,544124,545399,10,1275,2,7200,1.00784313725
544125,544233,545484,108,1251,2,7200,1.08633093525
544238,544276,545614,38,1338,2,7200,1.02840059791
544249,642023,700116,97774,58093,12,129600,2.68305992116
544279,544296,545644,17,1348,2,7200,1.01261127596
544300,544363,545704,63,1341,2,7200,1.04697986577
544362,544421,545744,59,1323,2,7200,1.04459561602
544424,544434,545759,10,1325,2,7200,1.00754716981
544435,544441,545763,6,1322,2,7200,1.00453857791
544445,544454,545788,9,1334,2,7200,1.00674662669
544456,544483,545799,27,1316,2,7200,1.02051671733
544487,544582,545881,95,1299,2,7200,1.07313317937
544582,544652,545966,70,1314,2,7200,1.05327245053
544654,544661,545945,7,1284,2,7200,1.0054517134
544665,544671,545960,6,1289,2,7200,1.00465477114
544676,544693,545954,17,1261,2,7200,1.013481364
544697,544703,545982,6,1279,2,7200,1.00469116497
544697,544710,545942,13,1232,2,7200,1.01055194805
544708,544758,546087,50,1329,2,7200,1.03762227239
544760,544781,546093,21,1312,2,7200,1.01600609756
544781,544788,546096,7,1308,2,7200,1.00535168196
544791,544903,546263,112,1360,2,7200,1.08235294118
544905,544911,546214,6,1303,2,7200,1.00460475825
544915,544935,546260,20,1325,2,7200,1.01509433962
544936,544948,546252,12,1304,2,7200,1.00920245399
544947,544998,546285,51,1287,2,7200,1.03962703963
544999,545016,546337,17,1321,2,7200,1.01286903861
544999,545008,546298,9,1290,2,7200,1.00697674419
545010,545022,546334,12,1312,2,7200,1.00914634146
545021,545030,546297,9,1267,2,7200,1.00710339384
545032,545039,546327,7,1288,2,7200,1.00543478261
545042,545120,546413,78,1293,2,7200,1.06032482599
545125,545140,546410,15,1270,2,7200,1.01181102362
545125,545133,546431,8,1298,2,7200,1.0061633282
545136,545147,546461,11,1314,2,7200,1.00837138508
545146,545159,546463,13,1304,2,7200,1.00996932515
545157,545218,546530,61,1312,2,7200,1.04649390244
545219,545238,546488,19,1250,2,7200,1.0152
545240,545343,546632,103,1289,2,7200,1.07990690458
545343,545356,546665,13,1309,2,7200,1.00993124523
545343,545349,546693,6,1344,2,7200,1.00446428571
545354,545412,546657,58,1245,2,7200,1.04658634538
545416,545426,546732,10,1306,2,7200,1.00765696784
545427,545496,546782,69,1286,2,7200,1.05365474339
545499,545626,546911,127,1285,2,7200,1.09883268482
545623,545656,546947,33,1291,2,7200,1.02556158017
545654,545716,546991,62,1275,2,7200,1.04862745098
545716,545770,547077,54,1307,2,7200,1.04131599082
545727,545754,547272,27,1518,1,36000,1.01778656126
545728,547285,549324,1557,2039,1,36000,1.76360961256
545730,547891,549909,2161,2018,1,36000,2.07086223984
545731,548584,550206,2853,1622,1,36000,2.75893958076
545732,549335,551438,3603,2103,1,36000,2.71326676177
545735,550218,552117,4483,1899,1,36000,3.3607161664
545735,549926,551994,4191,2068,1,36000,3.02659574468
545736,552012,553618,6276,1606,1,36000,4.90784557908
545736,551450,553052,5714,1602,1,36000,4.56679151061
545737,552139,554134,6402,1995,1,36000,4.20902255639
545738,553630,555473,7892,1843,1,36000,5.28214867065
545738,553063,554647,7325,1584,1,36000,5.62436868687
545740,554146,556284,8406,2138,1,36000,4.93171188026
545741,554659,556568,8918,1909,1,36000,5.67155578837
545747,555487,557608,9740,2121,1,36000,5.59217350306
545748,556295,558260,10547,1965,1,36000,6.36743002545
545749,556580,557969,10831,1389,1,36000,8.79769618431
545750,577921,579418,32171,1497,1,36000,22.4903139613
545750,576363,577909,30613,1546,1,36000,20.8014230272
545751,579432,581475,33681,2043,1,36000,17.4860499266
545768,545778,547073,10,1295,2,7200,1.00772200772
545769,545800,547117,31,1317,2,7200,1.02353834472
545789,545811,547086,22,1275,2,7200,1.01725490196
545800,545893,547213,93,1320,2,7200,1.07045454545
545883,545954,547219,71,1265,2,7200,1.05612648221
545945,545960,547250,15,1290,2,7200,1.01162790698
545955,545967,547248,12,1281,2,7200,1.0093676815
545956,545972,547227,16,1255,2,7200,1.01274900398
545967,545979,547168,12,1189,2,7200,1.01009251472
545977,545985,547287,8,1302,2,7200,1.00614439324
545978,557491,558130,11513,639,1,3600,19.0172143975
545988,545994,547277,6,1283,2,7200,1.00467653936
545991,557497,557597,11506,100,1,1800,116.06
545999,546099,547378,100,1279,2,7200,1.07818608288
546102,546115,547387,13,1272,2,7200,1.01022012579
546102,546108,547375,6,1267,2,7200,1.0047355959
546113,546227,547517,114,1290,2,7200,1.08837209302
546181,557502,558129,11321,627,1,3600,19.0558213716
546227,546265,547563,38,1298,2,7200,1.02927580894
546269,546282,547557,13,1275,2,7200,1.01019607843
546269,546275,547560,6,1285,2,7200,1.0046692607
546280,546296,547555,16,1259,2,7200,1.01270849881
546301,546309,547578,8,1269,2,7200,1.00630417652
546304,546315,547715,11,1400,2,7200,1.00785714286
546315,546339,547824,24,1485,2,7200,1.01616161616
546336,546346,547834,10,1488,2,7200,1.00672043011
546347,546353,547870,6,1517,2,7200,1.00395517469
546357,546422,547880,65,1458,2,7200,1.04458161866
546420,546429,548142,9,1713,2,7200,1.00525394046
546438,546444,547815,6,1371,2,7200,1.00437636761
546449,546473,547913,24,1440,2,7200,1.01666666667
546470,546480,547929,10,1449,2,7200,1.00690131125
546480,546500,547904,20,1404,2,7200,1.01424501425
546501,546541,548005,40,1464,2,7200,1.02732240437
546543,546644,548108,101,1464,2,7200,1.06898907104
546646,546675,548134,29,1459,2,7200,1.01987662783
546667,546682,548276,15,1594,2,7200,1.00941028858
546678,546704,548130,26,1426,2,7200,1.01823281907
546740,546747,548052,7,1305,2,7200,1.00536398467
546751,546795,548114,44,1319,2,7200,1.033358605
546792,546924,548201,132,1277,2,7200,1.10336726703
546926,546959,548262,33,1303,2,7200,1.02532617038
546957,547003,548294,46,1291,2,7200,1.03563129357
546999,547085,548405,86,1320,2,7200,1.06515151515
547082,547092,548349,10,1257,2,7200,1.00795544948
547093,547099,548376,6,1277,2,7200,1.00469851214
547096,547130,548365,34,1235,2,7200,1.02753036437
547127,547180,548530,53,1350,2,7200,1.03925925926
547179,547225,548569,46,1344,2,7200,1.03422619048
547220,547232,548590,12,1358,2,7200,1.0088365243
547231,547238,548566,7,1328,2,7200,1.00527108434
547242,547259,548578,17,1319,2,7200,1.01288855193
547253,547266,548588,13,1322,2,7200,1.00983358548
547263,547292,548612,29,1320,2,7200,1.02196969697
547295,547302,548648,7,1346,2,7200,1.00520059435
547305,547388,548729,83,1341,2,7200,1.06189410887
547388,547394,548725,6,1331,2,7200,1.00450788881
547388,547402,548726,14,1324,2,7200,1.01057401813
547399,547529,548856,130,1327,2,7200,1.09796533534
547533,547568,548888,35,1320,2,7200,1.02651515152
547564,547574,548890,10,1316,2,7200,1.00759878419
547565,547580,548925,15,1345,2,7200,1.01115241636
547576,547586,548910,10,1324,2,7200,1.00755287009
547586,547594,548917,8,1323,2,7200,1.00604686319
547597,547727,549070,130,1343,2,7200,1.09679821296
547731,547827,549155,96,1328,2,7200,1.07228915663
547824,547836,549146,12,1310,2,7200,1.00916030534
547834,547845,549160,11,1315,2,7200,1.00836501901
547845,547882,549257,37,1375,2,7200,1.02690909091
547887,547916,549226,29,1310,2,7200,1.02213740458
547908,547924,549250,16,1326,2,7200,1.01206636501
547919,547941,549305,22,1364,2,7200,1.01612903226
547930,548017,549398,87,1381,2,7200,1.06299782766
548012,548064,549393,52,1329,2,7200,1.03912716328
548054,548120,549446,66,1326,2,7200,1.04977375566
548116,548127,549448,11,1321,2,7200,1.00832702498
548117,548143,549448,26,1305,2,7200,1.01992337165
548138,548150,549432,12,1282,2,7200,1.00936037441
548139,548156,549485,17,1329,2,7200,1.01279157261
548150,548213,549554,63,1341,2,7200,1.04697986577
548212,548274,549592,62,1318,2,7200,1.04704097117
548263,548293,549621,30,1328,2,7200,1.02259036145
548284,548306,549675,22,1369,2,7200,1.01607012418
548295,548360,549673,65,1313,2,7200,1.0495049505
548357,548376,549692,19,1316,2,7200,1.01443768997
548368,548388,549702,20,1314,2,7200,1.01522070015
548379,548416,549735,37,1319,2,7200,1.02805155421
548410,548541,549853,131,1312,2,7200,1.09984756098
548533,548579,549897,46,1318,2,7200,1.03490136571
548575,548596,549928,21,1332,2,7200,1.01576576577
548575,548591,549907,16,1316,2,7200,1.01215805471
548596,548602,549928,6,1326,2,7200,1.00452488688
548597,548609,549922,12,1313,2,7200,1.00913937548
548607,548624,549957,17,1333,2,7200,1.0127531883
548618,548660,549984,42,1324,2,7200,1.03172205438
548649,548737,550035,88,1298,2,7200,1.06779661017
548732,548744,550089,12,1345,2,7200,1.00892193309
548732,548749,550061,17,1312,2,7200,1.01295731707
548743,548868,550172,125,1304,2,7200,1.09585889571
548856,548899,550226,43,1327,2,7200,1.03240391861
548898,548923,550258,25,1335,2,7200,1.01872659176
548898,548907,550265,9,1358,2,7200,1.00662739323
548919,548930,550217,11,1287,2,7200,1.00854700855
548920,548937,550224,17,1287,2,7200,1.01320901321
548931,549081,550407,150,1326,2,7200,1.11312217195
549007,647273,719299,98266,72026,3,72000,2.36431288701
549075,549159,550459,84,1300,2,7200,1.06461538462
549147,549167,550493,20,1326,2,7200,1.01508295626
549158,549174,550469,16,1295,2,7200,1.01235521236
549168,549237,550534,69,1297,2,7200,1.0531996916
549227,657215,722036,107988,64821,3,64800,2.665941593
549230,549261,550568,31,1307,2,7200,1.02371843917
549251,549269,550550,18,1281,2,7200,1.01405152225
549262,549317,550597,55,1280,2,7200,1.04296875
549314,549405,550703,91,1298,2,7200,1.07010785824
549397,549412,550699,15,1287,2,7200,1.01165501166
549407,549443,550748,36,1305,2,7200,1.0275862069
549439,549458,550781,19,1323,2,7200,1.01436130008
549450,549465,550820,15,1355,2,7200,1.0110701107
549460,549472,550901,12,1429,2,7200,1.00839748076
549461,549497,550979,36,1482,2,7200,1.02429149798
549492,549566,551028,74,1462,2,7200,1.05061559508
549564,549604,551071,40,1467,2,7200,1.02726653033
549595,549633,551043,38,1410,2,7200,1.02695035461
549627,549684,551119,57,1435,2,7200,1.03972125436
549678,549692,551076,14,1384,2,7200,1.01011560694
549689,549704,551156,15,1452,2,7200,1.01033057851
549700,549714,551155,14,1441,2,7200,1.00971547536
549711,549748,551213,37,1465,2,7200,1.0252559727
549742,549865,551396,123,1531,2,7200,1.08033964729
549855,549909,551366,54,1457,2,7200,1.0370624571
549907,549918,551313,11,1395,2,7200,1.00788530466
549908,549934,551345,26,1411,2,7200,1.01842664777
549929,549941,551372,12,1431,2,7200,1.00838574423
549929,549946,551382,17,1436,2,7200,1.01183844011
549940,549968,551347,28,1379,2,7200,1.02030456853
549961,549996,551447,35,1451,2,7200,1.02412129566
549992,550047,551555,55,1508,2,7200,1.03647214854
550044,550073,551456,29,1383,2,7200,1.02096890817
550065,550101,551571,36,1470,2,7200,1.02448979592
550097,550184,551552,87,1368,2,7200,1.06359649123
550180,550230,551626,50,1396,2,7200,1.03581661891
550221,550237,551703,16,1466,2,7200,1.01091405184
550232,550244,551710,12,1466,2,7200,1.00818553888
550233,550270,551656,37,1386,2,7200,1.0266955267
550264,550276,551698,12,1422,2,7200,1.00843881857
550275,550418,551848,143,1430,2,7200,1.1
550408,550471,551934,63,1463,2,7200,1.04306220096
550460,550480,551930,20,1450,2,7200,1.01379310345
550471,550505,552013,34,1508,2,7200,1.0225464191
550502,550547,551985,45,1438,2,7200,1.03129346314
550543,550562,551991,19,1429,2,7200,1.0132960112
550554,550580,552017,26,1437,2,7200,1.01809324983
550575,550608,552011,33,1403,2,7200,1.02352102637
550607,550711,552176,104,1465,2,7200,1.07098976109
550715,550722,552080,7,1358,2,7200,1.00515463918
550716,550760,552115,44,1355,2,7200,1.03247232472
550757,550792,552120,35,1328,2,7200,1.02635542169
550789,550833,552150,44,1317,2,7200,1.03340926348
550830,550913,552234,83,1321,2,7200,1.06283118849
550903,550991,552338,88,1347,2,7200,1.06533036377
550985,551041,552333,56,1292,2,7200,1.04334365325
551037,551054,552404,17,1350,2,7200,1.01259259259
551048,551083,552445,35,1362,2,7200,1.02569750367
551079,551090,552383,11,1293,2,7200,1.00850734725
551080,551131,552469,51,1338,2,7200,1.03811659193
551121,551166,552480,45,1314,2,7200,1.03424657534
551163,551174,552488,11,1314,2,7200,1.00837138508
551166,551224,552547,58,1323,2,7200,1.04383975813
551218,551325,552609,107,1284,2,7200,1.08333333333
551321,551357,552667,36,1310,2,7200,1.02748091603
551352,551363,552670,11,1307,2,7200,1.00841622035
551352,551378,552631,26,1253,2,7200,1.02075019952
551373,551385,552642,12,1257,2,7200,1.00954653938
551374,551393,552707,19,1314,2,7200,1.01445966514
551385,551408,552775,23,1367,2,7200,1.01682516459
551406,551459,552857,53,1398,2,7200,1.03791130186
551447,551467,552842,20,1375,2,7200,1.01454545455
551458,551564,552988,106,1424,2,7200,1.07443820225
551561,551571,552981,10,1410,2,7200,1.00709219858
551562,551582,553076,20,1494,2,7200,1.01338688086
551572,551639,553112,67,1473,2,7200,1.04548540394
551634,551668,553073,34,1405,2,7200,1.02419928826
551666,551710,553231,44,1521,2,7200,1.02892833662
551707,551717,553267,10,1550,2,7200,1.0064516129
551708,551724,553037,16,1313,2,7200,1.01218583397
551718,551861,553200,143,1339,2,7200,1.1067961165
551852,551943,553297,91,1354,2,7200,1.06720827179
551870,558974,560832,7104,1858,25,7199,4.82346609257
551934,551950,553349,16,1399,2,7200,1.01143674053
551945,551998,553434,53,1436,2,7200,1.03690807799
551986,552005,553456,19,1451,2,7200,1.01309441764
551997,552023,553441,26,1418,2,7200,1.01833568406
552018,552030,553525,12,1495,2,7200,1.00802675585
552019,552035,553443,16,1408,2,7200,1.01136363636
552029,552092,553638,63,1546,2,7200,1.04075032342
552081,552127,553681,46,1554,2,7200,1.0296010296
552123,552134,553466,11,1332,2,7200,1.00825825826
552123,552161,553548,38,1387,2,7200,1.02739726027
552154,552188,553589,34,1401,2,7200,1.02426837973
552186,552246,553711,60,1465,2,7200,1.0409556314
552238,552345,553775,107,1430,2,7200,1.07482517483
552341,552352,553759,11,1407,2,7200,1.00781805259
552342,552395,553906,53,1511,2,7200,1.03507610854
552393,552416,553872,23,1456,2,7200,1.0157967033
552414,552457,554004,43,1547,2,7200,1.02779573368
552446,552482,553965,36,1483,2,7200,1.024275118
552477,552492,554032,15,1540,2,7200,1.00974025974
552488,552500,553851,12,1351,2,7200,1.0088823094
552498,552559,553929,61,1370,2,7200,1.04452554745
552550,552620,554023,70,1403,2,7200,1.04989308624
552612,552644,554029,32,1385,2,7200,1.02310469314
552633,552655,554030,22,1375,2,7200,1.016
552644,552679,554140,35,1461,2,7200,1.02395619439
552675,552686,554156,11,1470,2,7200,1.0074829932
552676,552719,554232,43,1513,2,7200,1.02842035691
552717,552787,554349,70,1562,2,7200,1.04481434059
552779,552853,554369,74,1516,2,7200,1.04881266491
552851,552868,554350,17,1482,2,7200,1.01147098516
552862,552993,554614,131,1621,2,7200,1.08081431215
552985,552999,554350,14,1351,2,7200,1.0103626943
552996,553049,554456,53,1407,2,7200,1.03766879886
553038,553085,554503,47,1418,2,7200,1.03314527504
553079,553092,554522,13,1430,2,7200,1.00909090909
553090,553123,554586,33,1463,2,7200,1.02255639098
553121,553212,554687,91,1475,2,7200,1.06169491525
553203,553242,554796,39,1554,2,7200,1.0250965251
553234,553279,554804,45,1525,2,7200,1.02950819672
553276,553309,554883,33,1574,2,7200,1.0209656925
553298,553360,554936,62,1576,2,7200,1.03934010152
553349,553446,555058,97,1612,2,7200,1.06017369727
553442,553452,554836,10,1384,2,7200,1.00722543353
553443,553459,554856,16,1397,2,7200,1.01145311382
553453,553467,554888,14,1421,2,7200,1.00985221675
553464,553477,554934,13,1457,2,7200,1.00892244338
553475,553537,554963,62,1426,2,7200,1.04347826087
553526,553560,555059,34,1499,2,7200,1.02268178786
553558,553601,555059,43,1458,2,7200,1.02949245542
553599,553649,555101,50,1452,2,7200,1.03443526171
553640,553693,555269,53,1576,2,7200,1.03362944162
553682,553722,555271,40,1549,2,7200,1.02582311168
553713,553771,555443,58,1672,2,7200,1.03468899522
553765,553787,555178,22,1391,2,7200,1.01581595974
553786,553863,555319,77,1456,2,7200,1.05288461538
553858,553883,555240,25,1357,2,7200,1.01842299189
553879,553917,555281,38,1364,2,7200,1.02785923754
553910,553941,555332,31,1391,2,7200,1.02228612509
553931,553977,555386,46,1409,2,7200,1.03264726757
553972,554016,555430,44,1414,2,7200,1.03111739745
554014,554035,555467,21,1432,2,7200,1.01466480447
554024,554041,555572,17,1531,2,7200,1.01110385369
554035,554048,555629,13,1581,2,7200,1.0082226439
554046,554153,555777,107,1624,2,7200,1.06588669951
554046,554054,555515,8,1461,2,7200,1.00547570157
554149,554168,555538,19,1370,2,7200,1.01386861314
554160,554243,555599,83,1356,2,7200,1.06120943953
554242,554361,555713,119,1352,2,7200,1.08801775148
554355,554368,555748,13,1380,2,7200,1.00942028986
554356,554373,555772,17,1399,2,7200,1.01215153681
554368,554381,555762,13,1381,2,7200,1.0094134685
554378,554467,555974,89,1507,2,7200,1.05905773059
554461,554515,556171,54,1656,2,7200,1.03260869565
554512,554534,556144,22,1610,2,7200,1.01366459627
554523,554598,556259,75,1661,2,7200,1.04515352197
554595,554626,555948,31,1322,2,7200,1.02344931921
554616,554699,556047,83,1348,2,7200,1.0615727003
554689,554808,556150,119,1342,2,7200,1.08867362146
554802,554816,556185,14,1369,2,7200,1.01022644266
554812,554848,556260,36,1412,2,7200,1.02549575071
554844,554868,556263,24,1395,2,7200,1.01720430108
554864,554895,556352,31,1457,2,7200,1.02127659574
554885,554901,556431,16,1530,2,7200,1.01045751634
554896,554946,556611,50,1665,2,7200,1.03003003003
554938,554953,556501,15,1548,2,7200,1.00968992248
554948,554975,556707,27,1732,2,7200,1.01558891455
554969,555070,556794,101,1724,2,7200,1.05858468677
555062,555077,556415,15,1338,2,7200,1.01121076233
555073,555113,556494,40,1381,2,7200,1.02896451846
555073,555083,556419,10,1336,2,7200,1.00748502994
555104,555190,556573,86,1383,2,7200,1.06218365871
555187,555252,556615,65,1363,2,7200,1.0476889215
555248,555281,556685,33,1404,2,7200,1.0235042735
555269,555288,556719,19,1431,2,7200,1.01327742837
555280,555295,556881,15,1586,2,7200,1.00945775536
555291,555331,556944,40,1613,2,7200,1.02479851209
555322,555343,557147,21,1804,2,7200,1.01164079823
555333,555398,556953,65,1555,2,7200,1.04180064309
555394,555441,556997,47,1556,2,7200,1.03020565553
555436,555454,557105,18,1651,2,7200,1.01090248334
555448,555480,556809,32,1329,2,7200,1.02407825433
555469,555526,556897,57,1371,2,7200,1.04157549234
555520,555550,556917,30,1367,2,7200,1.02194586686
555541,555584,556938,43,1354,2,7200,1.0317577548
555583,555610,557037,27,1427,2,7200,1.01892081289
555604,555641,557179,37,1538,2,7200,1.02405721717
555635,555726,557325,91,1599,2,7200,1.05691056911
555717,555739,557208,22,1469,2,7200,1.01497617427
555738,555761,557276,23,1515,2,7200,1.01518151815
555759,555773,557432,14,1659,2,7200,1.00843881857
555770,555784,557320,14,1536,2,7200,1.00911458333
555780,555791,557497,11,1706,2,7200,1.00644783118
555791,555960,557634,169,1674,2,7200,1.1009557945
555926,657221,700341,101295,43120,3,43080,3.3491419295
555957,555987,557353,30,1366,2,7200,1.02196193265
555991,556058,557516,67,1458,2,7200,1.04595336077
556052,657226,696498,101174,39272,3,39240,3.57623752292
556063,556156,557624,93,1468,2,7200,1.06335149864
556150,657231,700038,101081,42807,3,42780,3.36131941038
556156,556163,557601,7,1438,2,7200,1.00486787204
556166,556184,557604,18,1420,2,7200,1.01267605634
556187,556197,557763,10,1566,2,7200,1.00638569604
556198,556270,557776,72,1506,2,7200,1.04780876494
556270,556277,557980,7,1703,2,7200,1.00411039342
556271,556282,558068,11,1786,2,7200,1.00615901456
556281,556364,558054,83,1690,2,7200,1.04911242604
556364,556427,558168,63,1741,2,7200,1.03618609994
556426,556434,557897,8,1463,2,7200,1.00546821599
556436,556442,557817,6,1375,2,7200,1.00436363636
556447,556506,557908,59,1402,2,7200,1.04208273894
556509,556515,557981,6,1466,2,7200,1.00409276944
556520,556587,558190,67,1603,2,7200,1.04179663132
556592,556623,558334,31,1711,2,7200,1.01811805961
556623,556629,558313,6,1684,2,7200,1.00356294537
556634,556696,558432,62,1736,2,7200,1.03571428571
556696,556719,558411,23,1692,2,7200,1.01359338061
556718,556731,558479,13,1748,2,7200,1.00743707094
556728,556805,558565,77,1760,2,7200,1.04375
556811,556820,558158,9,1338,2,7200,1.0067264574
556822,556892,558322,70,1430,2,7200,1.04895104895
556894,556908,558387,14,1479,2,7200,1.00946585531
556904,556930,558428,26,1498,2,7200,1.0173564753
556925,556950,558543,25,1593,2,7200,1.01569365976
556946,556956,558696,10,1740,2,7200,1.00574712644
556957,556965,558573,8,1608,2,7200,1.00497512438
556968,557008,558783,40,1775,2,7200,1.02253521127
557009,557049,558776,40,1727,2,7200,1.02316155182
557051,557117,558850,66,1733,2,7200,1.03808424697
557112,557160,558875,48,1715,2,7200,1.02798833819
557164,557190,558593,26,1403,2,7200,1.01853171775
557195,557219,558782,24,1563,2,7200,1.01535508637
557216,557287,558809,71,1522,2,7200,1.04664914586
557288,557332,558980,44,1648,2,7200,1.02669902913
557330,557339,559015,9,1676,2,7200,1.0053699284
557341,557364,559224,23,1860,2,7200,1.0123655914
557361,557444,559232,83,1788,2,7200,1.04642058166
557444,557481,559325,37,1844,2,7200,1.02006507592
557485,557508,559183,23,1675,2,7200,1.01373134328
557506,557515,559214,9,1699,2,7200,1.00529723367
557517,557523,558908,6,1385,2,7200,1.00433212996
557525,557531,559029,6,1498,2,7200,1.00400534045
557536,557542,559094,6,1552,2,7200,1.00386597938
557546,557552,558993,6,1441,2,7200,1.00416377516
557557,557564,558949,7,1385,2,7200,1.00505415162
557568,557604,559081,36,1477,2,7200,1.02437373053
557599,557612,559105,13,1493,2,7200,1.00870730074
557610,557619,559008,9,1389,2,7200,1.00647948164
557616,557636,559208,20,1572,2,7200,1.01272264631
557670,557676,559028,6,1352,2,7200,1.00443786982
557681,557775,559097,94,1322,2,7200,1.07110438729
557773,557788,559125,15,1337,2,7200,1.01121914734
557784,557830,559185,46,1355,2,7200,1.03394833948
557825,557909,559234,84,1325,2,7200,1.06339622642
557832,557946,558046,114,100,1,1800,2.14
557908,557920,559240,12,1320,2,7200,1.00909090909
557918,557940,559260,22,1320,2,7200,1.01666666667
557939,557992,559322,53,1330,2,7200,1.03984962406
557991,557999,559309,8,1310,2,7200,1.00610687023
558002,558056,559399,54,1343,2,7200,1.04020848846
558054,558066,559378,12,1312,2,7200,1.00914634146
558064,558079,559416,15,1337,2,7200,1.01121914734
558075,558171,559498,96,1327,2,7200,1.07234363225
558104,558139,558529,35,390,1,1800,1.08974358974
558168,558180,559506,12,1326,2,7200,1.00904977376
558179,558202,559516,23,1314,2,7200,1.01750380518
558200,558273,559594,73,1321,2,7200,1.05526116578
558272,558326,559652,54,1326,2,7200,1.0407239819
558323,558335,559671,12,1336,2,7200,1.00898203593
558334,558347,559672,13,1325,2,7200,1.00981132075
558345,558399,559733,54,1334,2,7200,1.04047976012
558396,558423,559738,27,1315,2,7200,1.02053231939
558428,558439,559741,11,1302,2,7200,1.00844854071
558438,558446,559752,8,1306,2,7200,1.00612557427
558449,558491,559844,42,1353,2,7200,1.0310421286
558490,558556,559882,66,1326,2,7200,1.04977375566
558552,558578,559933,26,1355,2,7200,1.01918819188
558573,558590,559921,17,1331,2,7200,1.01277235162
558573,558584,558964,11,380,1,1800,1.02894736842
558594,558605,559951,11,1346,2,7200,1.00817236256
558605,558708,560030,103,1322,2,7200,1.07791225416
558708,558788,560110,80,1322,2,7200,1.06051437216
558790,558796,560132,6,1336,2,7200,1.00449101796
558801,558821,560134,20,1313,2,7200,1.01523229246
558822,558861,560162,39,1301,2,7200,1.02997694081
558863,558886,560208,23,1322,2,7200,1.017397882
558884,558961,560314,77,1353,2,7200,1.05691056911
558956,558992,560344,36,1352,2,7200,1.02662721893
558988,559005,560354,17,1349,2,7200,1.01260192735
558999,559202,559303,203,101,1,3600,3.0099009901
559008,559020,560337,12,1317,2,7200,1.00911161731
559019,559026,560375,7,1349,2,7200,1.00518902891
559030,559040,560361,10,1321,2,7200,1.00757002271
559032,559275,559374,243,99,1,3600,3.45454545455
559041,559047,560382,6,1335,2,7200,1.00449438202
559051,559092,560423,41,1331,2,7200,1.03080390684
559093,559105,560406,12,1301,2,7200,1.0092236741
559103,559113,560420,10,1307,2,7200,1.00765110941
559114,559122,560423,8,1301,2,7200,1.00614911606
559125,559137,560451,12,1314,2,7200,1.00913242009
559136,559195,560469,59,1274,2,7200,1.04631083203
559198,559219,560541,21,1322,2,7200,1.01588502269
559219,559227,560585,8,1358,2,7200,1.0058910162
559229,559235,560582,6,1347,2,7200,1.00445434298
559240,559246,560600,6,1354,2,7200,1.00443131462
559251,559258,560606,7,1348,2,7200,1.00519287834
559261,559268,560638,7,1370,2,7200,1.00510948905
559272,559281,560605,9,1324,2,7200,1.00679758308
559283,559320,560638,37,1318,2,7200,1.02807283763
559324,559334,560665,10,1331,2,7200,1.00751314801
559335,559341,560651,6,1310,2,7200,1.00458015267
559346,559381,560675,35,1294,2,7200,1.02704791345
559357,560377,560439,1020,62,1,1800,17.4516129032
559377,559391,560698,14,1307,2,7200,1.01071155318
559388,559410,560675,22,1265,2,7200,1.01739130435
559409,559429,560674,20,1245,2,7200,1.01606425703
559419,560382,560692,963,310,1,3600,4.1064516129
559430,559509,560883,79,1374,2,7200,1.05749636099
559507,560664,560977,1157,313,1,3600,4.696485623
559512,559519,560897,7,1378,2,7200,1.00507982583
559523,559529,560911,6,1382,2,7200,1.00434153401
559533,559605,560927,72,1322,2,7200,1.05446293495
559605,559663,561011,58,1348,2,7200,1.04302670623
559667,559683,561014,16,1331,2,7200,1.01202103681
559678,559690,561019,12,1329,2,7200,1.00902934537
559689,559745,561067,56,1322,2,7200,1.04236006051
559740,559752,561061,12,1309,2,7200,1.00916730328
559751,559758,561070,7,1312,2,7200,1.00533536585
559762,559768,561056,6,1288,2,7200,1.00465838509
559773,559856,561147,83,1291,2,7200,1.0642912471
559855,559894,561141,39,1247,2,7200,1.03127506014
559896,559933,561278,37,1345,2,7200,1.02750929368
559938,559945,561256,7,1311,2,7200,1.00533943555
559949,559963,561307,14,1344,2,7200,1.01041666667
559959,560042,561376,83,1334,2,7200,1.06221889055
560042,560121,561456,79,1335,2,7200,1.05917602996
560124,560145,561470,21,1325,2,7200,1.0158490566
560145,560151,561468,6,1317,2,7200,1.00455580866
560152,560669,560727,517,58,1,1800,9.91379310345
560156,560175,561477,19,1302,2,7200,1.01459293395
560177,560221,561568,44,1347,2,7200,1.03266518189
560218,560326,561606,108,1280,2,7200,1.084375
560321,560348,561650,27,1302,2,7200,1.02073732719
560352,560359,561588,7,1229,2,7200,1.00569568755
560363,560370,561702,7,1332,2,7200,1.00525525526
560374,560388,561737,14,1349,2,7200,1.01037805782
560384,560395,561779,11,1384,2,7200,1.00794797688
560395,560418,561778,23,1360,2,7200,1.01691176471
560417,560432,561773,15,1341,2,7200,1.01118568233
560428,560439,561763,11,1324,2,7200,1.0083081571
560439,560449,561769,10,1320,2,7200,1.00757575758
560449,560463,561770,14,1307,2,7200,1.01071155318
560460,560481,561802,21,1321,2,7200,1.01589704769
560481,560553,561855,72,1302,2,7200,1.05529953917
560553,560593,561873,40,1280,2,7200,1.03125
560594,560600,561861,6,1261,2,7200,1.00475812847
560605,560612,561959,7,1347,2,7200,1.00519673348
560616,560623,561978,7,1355,2,7200,1.00516605166
560627,560634,561976,7,1342,2,7200,1.00521609538
560637,560650,562013,13,1363,2,7200,1.0095377843
560648,560657,561997,9,1340,2,7200,1.00671641791
560659,560677,562024,18,1347,2,7200,1.01336302895
560680,560688,562018,8,1330,2,7200,1.00601503759
560691,560697,562029,6,1332,2,7200,1.0045045045
560701,560707,562018,6,1311,2,7200,1.00457665904
560712,560718,562022,6,1304,2,7200,1.00460122699
560719,560726,560838,7,112,1,1800,1.0625
560723,560737,562054,14,1317,2,7200,1.0106302202
560733,560776,562058,43,1282,2,7200,1.03354134165
560775,560849,562217,74,1368,2,7200,1.05409356725
560847,560867,562241,20,1374,2,7200,1.01455604076
560868,560874,562248,6,1374,2,7200,1.00436681223
560879,560886,562242,7,1356,2,7200,1.00516224189
560889,560896,562218,7,1322,2,7200,1.00529500756
560900,560910,562230,10,1320,2,7200,1.00757575758
560911,560923,562227,12,1304,2,7200,1.00920245399
560922,560938,562235,16,1297,2,7200,1.01233616037
560943,561023,562317,80,1294,2,7200,1.06182380216
561019,561790,561896,771,106,1,1800,8.27358490566
561025,561037,562306,12,1269,2,7200,1.00945626478
561025,561795,562367,770,572,1,3600,2.34615384615
561036,561045,562314,9,1269,2,7200,1.00709219858
561046,561068,562408,22,1340,2,7200,1.01641791045
561067,561074,562416,7,1342,2,7200,1.00521609538
561078,561084,562446,6,1362,2,7200,1.00440528634
561089,561096,562448,7,1352,2,7200,1.00517751479
561099,561154,562478,55,1324,2,7200,1.0415407855
561151,561161,562501,10,1340,2,7200,1.00746268657
561162,561268,562588,106,1320,2,7200,1.0803030303
561265,561289,562602,24,1313,2,7200,1.01827875095
561285,561319,562584,34,1265,2,7200,1.02687747036
561317,561389,562683,72,1294,2,7200,1.05564142195
561319,561819,562384,500,565,1,3600,1.88495575221
561389,561468,562721,79,1253,2,7200,1.06304868316
561471,561481,562821,10,1340,2,7200,1.00746268657
561482,561489,562843,7,1354,2,7200,1.00516986706
561493,561500,562855,7,1355,2,7200,1.00516605166
561503,561579,562938,76,1359,2,7200,1.05592347314
561539,561824,562119,285,295,1,1800,1.96610169492
561576,561600,562949,24,1349,2,7200,1.01779095626
561597,561618,562938,21,1320,2,7200,1.01590909091
561618,561662,562938,44,1276,2,7200,1.03448275862
561659,561715,563025,56,1310,2,7200,1.0427480916
561711,561749,563016,38,1267,2,7200,1.02999210734
561752,561775,563039,23,1264,2,7200,1.01819620253
561773,561781,563043,8,1262,2,7200,1.00633914422
561784,561801,563060,17,1259,2,7200,1.01350277998
561805,561812,563155,7,1343,2,7200,1.00521221147
561816,561831,563157,15,1326,2,7200,1.01131221719
561827,561866,563208,39,1342,2,7200,1.02906110283
561868,561874,563210,6,1336,2,7200,1.00449101796
561879,561885,563194,6,1309,2,7200,1.00458365164
561890,561906,563216,16,1310,2,7200,1.01221374046
561900,561971,563267,71,1296,2,7200,1.05478395062
561973,561989,563293,16,1304,2,7200,1.01226993865
561994,562000,563270,6,1270,2,7200,1.00472440945
562004,562011,563266,7,1255,2,7200,1.00557768924
562015,562025,563264,10,1239,2,7200,1.00807102502
562026,562034,563278,8,1244,2,7200,1.00643086817
562037,562043,563384,6,1341,2,7200,1.00447427293
562047,562054,563423,7,1369,2,7200,1.00511322133
562058,562064,563410,6,1346,2,7200,1.0044576523
562069,562076,563387,7,1311,2,7200,1.00533943555
562079,562086,563393,7,1307,2,7200,1.00535577659
562090,562097,563402,7,1305,2,7200,1.00536398467
562101,562228,563526,127,1298,2,7200,1.09784283513
562224,562236,563497,12,1261,2,7200,1.00951625694
562235,562243,563513,8,1270,2,7200,1.0062992126
562246,562252,563491,6,1239,2,7200,1.00484261501
562256,562263,563503,7,1240,2,7200,1.00564516129
562267,562273,563597,6,1324,2,7200,1.00453172205
562278,562284,563624,6,1340,2,7200,1.00447761194
562288,562295,563624,7,1329,2,7200,1.00526711813
562299,562318,563628,19,1310,2,7200,1.01450381679
562320,562327,563629,7,1302,2,7200,1.00537634409
562331,562338,563616,7,1278,2,7200,1.00547730829
562341,562377,563704,36,1327,2,7200,1.02712886209
562373,562421,563700,48,1279,2,7200,1.03752931978
562424,562431,563689,7,1258,2,7200,1.00556438792
562435,562458,563697,23,1239,2,7200,1.01856335755
562456,562465,563713,9,1248,2,7200,1.00721153846
562467,562490,563816,23,1326,2,7200,1.0173453997
562488,562513,563872,25,1359,2,7200,1.01839587932
562509,562596,563932,87,1336,2,7200,1.06511976048
562592,562603,563913,11,1310,2,7200,1.00839694656
562603,562613,563940,10,1327,2,7200,1.00753579503
562613,562695,564064,82,1369,2,7200,1.05989773557
562624,563293,563570,669,277,1,1800,3.41516245487
562696,562733,564171,37,1438,2,7200,1.02573018081
562737,562833,564245,96,1412,2,7200,1.06798866856
562830,562855,564310,25,1455,2,7200,1.01718213058
562851,562866,564347,15,1481,2,7200,1.01012829169
562862,562950,564485,88,1535,2,7200,1.05732899023
562955,562962,564529,7,1567,2,7200,1.00446713465
562965,562971,564329,6,1358,2,7200,1.00441826215
562976,562982,564295,6,1313,2,7200,1.00456968774
562987,563028,564392,41,1364,2,7200,1.03005865103
563028,563036,564460,8,1424,2,7200,1.00561797753
563039,563051,564483,12,1432,2,7200,1.00837988827
563050,563057,564480,7,1423,2,7200,1.00491918482
563060,563071,564532,11,1461,2,7200,1.00752908966
563071,563166,564742,95,1576,2,7200,1.06027918782
563164,563174,564783,10,1609,2,7200,1.0062150404
563175,563206,564543,31,1337,2,7200,1.02318623785
563206,563220,564612,14,1392,2,7200,1.01005747126
563217,563226,564678,9,1452,2,7200,1.00619834711
563227,563233,564732,6,1499,2,7200,1.00400266845
563238,563276,564806,38,1530,2,7200,1.02483660131
563280,563286,564821,6,1535,2,7200,1.00390879479
563290,563299,564958,9,1659,2,7200,1.00542495479
563301,563312,564982,11,1670,2,7200,1.00658682635
563312,563318,564646,6,1328,2,7200,1.00451807229
563323,563330,564700,7,1370,2,7200,1.00510948905
563333,563395,564818,62,1423,2,7200,1.0435699227
563395,563403,564917,8,1514,2,7200,1.00528401585
563406,563413,564856,7,1443,2,7200,1.00485100485
563417,563423,564944,6,1521,2,7200,1.00394477318
563428,563434,564923,6,1489,2,7200,1.00402955003
563439,563445,565107,6,1662,2,7200,1.0036101083
563450,563503,565140,53,1637,2,7200,1.03237629811
563501,563510,564847,9,1337,2,7200,1.00673148841
563512,563519,564856,7,1337,2,7200,1.00523560209
563523,563530,564884,7,1354,2,7200,1.00516986706
563534,563540,564968,6,1428,2,7200,1.00420168067
563545,563610,565002,65,1392,2,7200,1.0466954023
563607,563628,565121,21,1493,2,7200,1.01406563965
563628,563641,565150,13,1509,2,7200,1.00861497681
563638,563647,565227,9,1580,2,7200,1.00569620253
563649,563656,565185,7,1529,2,7200,1.00457815566
563660,563667,565238,7,1571,2,7200,1.00445576066
563671,563700,565394,29,1694,2,7200,1.01711924439
563702,563709,565033,7,1324,2,7200,1.00528700906
563713,563720,565106,7,1386,2,7200,1.00505050505
563724,563730,565102,6,1372,2,7200,1.00437317784
563734,563742,565149,8,1407,2,7200,1.00568585643
563745,563827,565275,82,1448,2,7200,1.05662983425
563828,563884,565374,56,1490,2,7200,1.03758389262
563879,563925,565456,46,1531,2,7200,1.03004572175
563931,563943,565452,12,1509,2,7200,1.00795228628
563942,563952,565541,10,1589,2,7200,1.00629326621
563952,564076,565798,124,1722,2,7200,1.07200929152
564076,564183,565512,107,1329,2,7200,1.0805116629
564179,564256,565606,77,1350,2,7200,1.05703703704
564261,564307,565711,46,1404,2,7200,1.03276353276
564303,564321,565869,18,1548,2,7200,1.01162790698
564324,564340,565834,16,1494,2,7200,1.01070950469
564345,564359,565896,14,1537,2,7200,1.00910865322
564356,564403,565960,47,1557,2,7200,1.03018625562
564407,564472,566067,65,1595,2,7200,1.0407523511
564469,564491,566113,22,1622,2,7200,1.01356350185
564490,564499,566127,9,1628,2,7200,1.00552825553
564501,564507,566347,6,1840,2,7200,1.00326086957
564511,564541,565854,30,1313,2,7200,1.02284843869
564543,564550,565863,7,1313,2,7200,1.00533130236
564553,564560,565878,7,1318,2,7200,1.00531107739
564564,564623,565956,59,1333,2,7200,1.04426106527
564626,564657,566015,31,1358,2,7200,1.02282768778
564657,564690,566060,33,1370,2,7200,1.02408759124
564688,564712,566215,24,1503,2,7200,1.01596806387
564709,564743,566228,34,1485,2,7200,1.0228956229
564741,564754,566250,13,1496,2,7200,1.00868983957
564751,564795,566421,44,1626,2,7200,1.0270602706
564793,564818,566419,25,1601,2,7200,1.01561524047
564814,564830,566369,16,1539,2,7200,1.01039636127
564835,564841,566478,6,1637,2,7200,1.0036652413
564845,564858,566574,13,1716,2,7200,1.00757575758
564856,564868,566629,12,1761,2,7200,1.00681431005
564868,564874,566185,6,1311,2,7200,1.00457665904
564879,564897,566258,18,1361,2,7200,1.01322556943
564899,564929,566270,30,1341,2,7200,1.02237136465
564931,564937,566291,6,1354,2,7200,1.00443131462
564941,564956,566370,15,1414,2,7200,1.01060820368
564952,564970,566389,18,1419,2,7200,1.01268498943
564973,564979,566488,6,1509,2,7200,1.00397614314
564984,564994,566576,10,1582,2,7200,1.00632111252
564994,565013,566593,19,1580,2,7200,1.01202531646
565015,565044,566702,29,1658,2,7200,1.01749095296
565047,565113,566740,66,1627,2,7200,1.0405654579
565119,565125,566727,6,1602,2,7200,1.00374531835
565130,565136,566877,6,1741,2,7200,1.00344629523
565140,565147,566908,7,1761,2,7200,1.0039750142
565151,565157,566849,6,1692,2,7200,1.00354609929
565162,565168,566543,6,1375,2,7200,1.00436363636
565173,565180,566565,7,1385,2,7200,1.00505415162
565183,565198,566600,15,1402,2,7200,1.01069900143
565194,565240,566670,46,1430,2,7200,1.03216783217
565236,565251,566701,15,1450,2,7200,1.01034482759
565247,565287,566828,40,1541,2,7200,1.02595717067
565288,565386,566922,98,1536,2,7200,1.06380208333
565391,565405,566962,14,1557,2,7200,1.00899165061
565403,565463,567104,60,1641,2,7200,1.0365630713
565465,565472,567079,7,1607,2,7200,1.00435594275
565476,565523,567192,47,1669,2,7200,1.02816057519
565528,565553,567205,25,1652,2,7200,1.01513317191
565549,565617,567371,68,1754,2,7200,1.03876852908
565621,565724,567409,103,1685,2,7200,1.06112759644
565724,565811,567194,87,1383,2,7200,1.06290672451
565806,565846,567259,40,1413,2,7200,1.02830856334
565848,565865,567274,17,1409,2,7200,1.01206529454
565869,565874,567421,5,1547,2,7200,1.00323206206
565879,565887,567342,8,1455,2,7200,1.00549828179
565890,565896,567391,6,1495,2,7200,1.00401337793
565901,565908,567508,7,1600,2,7200,1.004375
565911,565968,567622,57,1654,2,7200,1.03446191052
565963,565974,567585,11,1611,2,7200,1.00682805711
565974,566026,567738,52,1712,2,7200,1.03037383178
566026,566072,567774,46,1702,2,7200,1.02702702703
566067,566078,567705,11,1627,2,7200,1.00676090965
566078,566124,567823,46,1699,2,7200,1.02707474985
566130,566138,567878,8,1740,2,7200,1.00459770115
566140,566196,567614,56,1418,2,7200,1.0394922426
566192,566227,567670,35,1443,2,7200,1.02425502426
566223,566239,567697,16,1458,2,7200,1.0109739369
566244,566262,567820,18,1558,2,7200,1.01155327343
566265,566271,567847,6,1576,2,7200,1.0038071066
566276,566282,567868,6,1586,2,7200,1.00378310214
566286,566302,567811,16,1509,2,7200,1.01060304838
566307,566358,567942,51,1584,2,7200,1.0321969697
566359,566381,568079,22,1698,2,7200,1.01295641932
566380,566388,568048,8,1660,2,7200,1.00481927711
566391,566401,568092,10,1691,2,7200,1.00591366056
566401,566432,568214,31,1782,2,7200,1.01739618406
566433,566438,568207,5,1769,2,7200,1.00282645562
566443,566490,568369,47,1879,2,7200,1.02501330495
566495,566501,567943,6,1442,2,7200,1.00416088766
566506,566555,568049,49,1494,2,7200,1.0327978581
566557,566577,568100,20,1523,2,7200,1.01313197636
566578,566585,568097,7,1512,2,7200,1.00462962963
566589,566595,568177,6,1582,2,7200,1.00379266751
566600,566606,568239,6,1633,2,7200,1.00367421923
566610,566617,568214,7,1597,2,7200,1.00438321853
566621,566641,568307,20,1666,2,7200,1.01200480192
566642,566681,568361,39,1680,2,7200,1.02321428571
566683,566713,568432,30,1719,2,7200,1.01745200698
566715,566721,568348,6,1627,2,7200,1.0036877689
566725,566739,568454,14,1715,2,7200,1.00816326531
566736,566752,568469,16,1717,2,7200,1.00931857892
566757,566839,568319,82,1480,2,7200,1.05540540541
566839,566861,568371,22,1510,2,7200,1.01456953642
566860,566889,568460,29,1571,2,7200,1.01845957989
566891,566920,568533,29,1613,2,7200,1.01797892126
566923,566933,568520,10,1587,2,7200,1.00630119723
566933,566974,568566,41,1592,2,7200,1.02575376884
566975,567092,568756,117,1664,2,7200,1.0703125
567088,567116,568736,28,1620,2,7200,1.01728395062
567119,567204,568985,85,1781,2,7200,1.04772599663
567202,567211,568954,9,1743,2,7200,1.00516351119
567212,567219,568910,7,1691,2,7200,1.00413956239
567223,567271,568821,48,1550,2,7200,1.03096774194
567275,567285,568756,10,1471,2,7200,1.00679809653
567286,567353,568855,67,1502,2,7200,1.04460719041
567358,567383,568938,25,1555,2,7200,1.01607717042
567379,567403,568834,24,1431,2,7200,1.01677148847
567400,567422,569021,22,1599,2,7200,1.01375859912
567421,567432,569203,11,1771,2,7200,1.00621118012
567431,567520,569185,89,1665,2,7200,1.05345345345
567524,567597,569271,73,1674,2,7200,1.04360812425
567596,567626,569311,30,1685,2,7200,1.0178041543
567627,567633,569374,6,1741,2,7200,1.00344629523
567631,567681,569015,50,1334,2,7200,1.03748125937
567683,567708,569023,25,1315,2,7200,1.01901140684
567704,567717,569024,13,1307,2,7200,1.00994644223
567715,567750,569068,35,1318,2,7200,1.02655538695
567746,567785,569106,39,1321,2,7200,1.02952308857
567787,567822,569127,35,1305,2,7200,1.02681992337
567818,567832,569142,14,1310,2,7200,1.0106870229
567829,567839,569145,10,1306,2,7200,1.00765696784
567840,567860,569181,20,1321,2,7200,1.01514004542
567861,567879,569197,18,1318,2,7200,1.01365705615
567882,567890,569207,8,1317,2,7200,1.00607441154
567892,567953,569260,61,1307,2,7200,1.04667176741
567954,567960,569265,6,1305,2,7200,1.00459770115
567965,568059,569365,94,1306,2,7200,1.0719754977
568058,568066,569369,8,1303,2,7200,1.00613967767
568068,568090,569401,22,1311,2,7200,1.01678108314
568089,568105,569403,16,1298,2,7200,1.01232665639
568100,568112,569413,12,1301,2,7200,1.0092236741
568111,568119,569438,8,1319,2,7200,1.00606520091
568121,568188,569510,67,1322,2,7200,1.05068078669
568193,568218,569529,25,1311,2,7200,1.01906941266
568214,568226,569526,12,1300,2,7200,1.00923076923
568225,568232,569561,7,1329,2,7200,1.00526711813
568236,568251,569597,15,1346,2,7200,1.01114413076
568246,568320,569647,74,1327,2,7200,1.0557648832
568319,568331,569637,12,1306,2,7200,1.00918836141
568329,568360,569705,31,1345,2,7200,1.02304832714
568360,568374,569671,14,1297,2,7200,1.01079414032
568371,568380,569681,9,1301,2,7200,1.00691775557
568382,568388,569711,6,1323,2,7200,1.00453514739
568393,568444,569771,51,1327,2,7200,1.03843255463
568444,568465,569763,21,1298,2,7200,1.01617873652
568465,568471,569789,6,1318,2,7200,1.00455235205
568476,568483,569791,7,1308,2,7200,1.00535168196
568487,568539,569843,52,1304,2,7200,1.03987730061
568542,568548,569890,6,1342,2,7200,1.0044709389
568553,568578,569914,25,1336,2,7200,1.01871257485
568574,568747,570059,173,1312,2,7200,1.1318597561
568749,568768,570093,19,1325,2,7200,1.01433962264
568769,568776,570083,7,1307,2,7200,1.00535577659
568780,568834,570164,54,1330,2,7200,1.04060150376
568832,568846,570193,14,1347,2,7200,1.01039346696
568843,568868,570203,25,1335,2,7200,1.01872659176
568864,568923,570243,59,1320,2,7200,1.0446969697
568926,568950,570273,24,1323,2,7200,1.01814058957
568947,568966,570292,19,1326,2,7200,1.01432880845
568968,568997,570290,29,1293,2,7200,1.02242846094
568999,569027,570335,28,1308,2,7200,1.02140672783
569030,569037,570395,7,1358,2,7200,1.00515463918
569041,569048,570364,7,1316,2,7200,1.00531914894
569052,569058,570384,6,1326,2,7200,1.00452488688
569062,569080,570418,18,1338,2,7200,1.0134529148
569083,569117,570473,34,1356,2,7200,1.02507374631
569115,569138,570435,23,1297,2,7200,1.01773323053
569136,569153,570500,17,1347,2,7200,1.01262063846
569157,569164,570469,7,1305,2,7200,1.00536398467
569167,569193,570492,26,1299,2,7200,1.02001539646
569188,569200,570499,12,1299,2,7200,1.00923787529
569199,569209,570527,10,1318,2,7200,1.00758725341
569210,569216,570510,6,1294,2,7200,1.00463678516
569220,569227,570543,7,1316,2,7200,1.00531914894
569231,569271,570635,40,1364,2,7200,1.0293255132
569273,569279,570638,6,1359,2,7200,1.00441501104
569283,569289,570652,6,1363,2,7200,1.00440205429
569294,569322,570631,28,1309,2,7200,1.02139037433
569325,569377,570703,52,1326,2,7200,1.03921568627
569377,569383,570710,6,1327,2,7200,1.00452147702
569387,569394,570711,7,1317,2,7200,1.0053151101
569398,569412,570736,14,1324,2,7200,1.01057401813
569409,569419,570780,10,1361,2,7200,1.00734753857
569420,569425,570754,5,1329,2,7200,1.00376222724
569430,569449,570766,19,1317,2,7200,1.01442672741
569451,569522,570840,71,1318,2,7200,1.05386949924
569523,569537,570823,14,1286,2,7200,1.01088646967
569534,569544,570831,10,1287,2,7200,1.00777000777
569545,569573,570887,28,1314,2,7200,1.02130898021
569576,569609,570949,33,1340,2,7200,1.02462686567
569607,569648,570967,41,1319,2,7200,1.03108415466
569649,569659,570984,10,1325,2,7200,1.00754716981
569660,569683,571027,23,1344,2,7200,1.01711309524
569680,569692,571010,12,1318,2,7200,1.0091047041
569691,569717,571050,26,1333,2,7200,1.01950487622
569712,569723,571039,11,1316,2,7200,1.00835866261
569723,569774,571110,51,1336,2,7200,1.03817365269
569775,569784,571100,9,1316,2,7200,1.00683890578
569785,569802,571112,17,1310,2,7200,1.01297709924
569806,569813,571125,7,1312,2,7200,1.00533536585
569817,569855,571138,38,1283,2,7200,1.02961808262
569858,569903,571211,45,1308,2,7200,1.03440366972
569900,569926,571291,26,1365,2,7200,1.01904761905
569921,570071,571416,150,1345,2,7200,1.11152416357
570075,570094,571431,19,1337,2,7200,1.01421091997
570096,570106,571431,10,1325,2,7200,1.00754716981
570107,570175,571557,68,1382,2,7200,1.0492040521
570179,570205,571536,26,1331,2,7200,1.01953418482
570210,570216,571549,6,1333,2,7200,1.00450112528
570221,570255,571566,34,1311,2,7200,1.02593440122
570252,570285,571576,33,1291,2,7200,1.02556158017
570283,570302,571602,19,1300,2,7200,1.01461538462
570304,570311,571593,7,1282,2,7200,1.00546021841
570315,570346,571639,31,1293,2,7200,1.02397525135
570346,570375,571703,29,1328,2,7200,1.0218373494
570377,570395,571732,18,1337,2,7200,1.01346297681
570398,570407,571749,9,1342,2,7200,1.00670640835
570410,570429,571752,19,1323,2,7200,1.01436130008
570431,570446,571825,15,1379,2,7200,1.01087744743
570442,570480,571826,38,1346,2,7200,1.02823179792
570483,570489,571841,6,1352,2,7200,1.00443786982
570494,570504,571820,10,1316,2,7200,1.00759878419
570504,570511,571832,7,1321,2,7200,1.0052990159
570515,570521,571808,6,1287,2,7200,1.00466200466
570526,570532,571846,6,1314,2,7200,1.00456621005
570537,570543,571834,6,1291,2,7200,1.00464756003
570547,570555,571840,8,1285,2,7200,1.00622568093
570558,570643,571954,85,1311,2,7200,1.06483600305
570640,570649,572012,9,1363,2,7200,1.00660308144
570651,570658,571981,7,1323,2,7200,1.00529100529
570662,570669,572010,7,1341,2,7200,1.00521998509
570673,570715,572069,42,1354,2,7200,1.03101920236
570714,570721,572062,7,1341,2,7200,1.00521998509
570725,570732,572076,7,1344,2,7200,1.00520833333
570736,570747,572087,11,1340,2,7200,1.00820895522
570746,570766,572099,20,1333,2,7200,1.01500375094
570767,570778,572038,11,1260,2,7200,1.00873015873
570778,570792,572087,14,1295,2,7200,1.01081081081
570789,570835,572109,46,1274,2,7200,1.03610675039
570830,570844,572194,14,1350,2,7200,1.01037037037
570841,570852,572241,11,1389,2,7200,1.00791936645
570852,570900,572231,48,1331,2,7200,1.03606311044
570904,570962,572308,58,1346,2,7200,1.04309063893
570966,570978,572313,12,1335,2,7200,1.00898876404
570976,570997,572306,21,1309,2,7200,1.01604278075
570997,571021,572317,24,1296,2,7200,1.01851851852
571018,571038,572332,20,1294,2,7200,1.01545595054
571039,571050,572318,11,1268,2,7200,1.00867507886
571050,571062,572317,12,1255,2,7200,1.00956175299
571061,571111,572355,50,1244,2,7200,1.04019292605
571113,571121,572469,8,1348,2,7200,1.0059347181
571123,571130,572459,7,1329,2,7200,1.00526711813
571134,571140,572467,6,1327,2,7200,1.00452147702
571145,571152,572473,7,1321,2,7200,1.0052990159
571155,571223,572567,68,1344,2,7200,1.0505952381
571227,571304,572645,77,1341,2,7200,1.05741983594
571300,571428,572724,128,1296,2,7200,1.0987654321
571433,571442,572726,9,1284,2,7200,1.00700934579
571444,571451,572729,7,1278,2,7200,1.00547730829
571455,571548,572920,93,1372,2,7200,1.06778425656
571547,571561,572880,14,1319,2,7200,1.01061410159
571558,571568,572917,10,1349,2,7200,1.00741289844
571569,571577,572890,8,1313,2,7200,1.00609291698
571580,571588,572917,8,1329,2,7200,1.00601956358
571590,571604,572879,14,1275,2,7200,1.01098039216
571601,571615,572881,14,1266,2,7200,1.01105845182
571612,571651,572880,39,1229,2,7200,1.03173311635
571653,571714,573017,61,1303,2,7200,1.04681504221
571715,571745,573070,30,1325,2,7200,1.02264150943
571746,571760,573136,14,1376,2,7200,1.0101744186
571757,571767,573141,10,1374,2,7200,1.00727802038
571768,571819,573137,51,1318,2,7200,1.03869499241
571819,571832,573201,13,1369,2,7200,1.00949598247
571830,571839,573094,9,1255,2,7200,1.00717131474
571841,571847,573092,6,1245,2,7200,1.00481927711
571851,571857,573094,6,1237,2,7200,1.00485044462
571862,571869,573199,7,1330,2,7200,1.00526315789
571873,571880,573254,7,1374,2,7200,1.00509461426
571884,571891,573212,7,1321,2,7200,1.0052990159
571894,571903,573183,9,1280,2,7200,1.00703125
571905,571966,573230,61,1264,2,7200,1.04825949367
571967,571993,573273,26,1280,2,7200,1.0203125
571988,572022,573315,34,1293,2,7200,1.02629543697
572019,572028,573307,9,1279,2,7200,1.00703674746
572031,572050,573372,19,1322,2,7200,1.01437216339
572052,572073,573461,21,1388,2,7200,1.015129683
572073,572080,573536,7,1456,2,7200,1.00480769231
572083,572090,573652,7,1562,2,7200,1.00448143406
572095,572102,573427,7,1325,2,7200,1.00528301887
572106,572112,573465,6,1353,2,7200,1.0044345898
572117,572123,573631,6,1508,2,7200,1.00397877984
572128,572135,573629,7,1494,2,7200,1.0046854083
572138,572205,573537,67,1332,2,7200,1.0503003003
572211,572242,573589,31,1347,2,7200,1.02301410542
572242,572253,573687,11,1434,2,7200,1.00767085077
572252,572317,573824,65,1507,2,7200,1.04313205043
572314,572325,573687,11,1362,2,7200,1.0080763583
572325,572331,573716,6,1385,2,7200,1.00433212996
572336,572342,573820,6,1478,2,7200,1.00405953992
572346,572354,573696,8,1342,2,7200,1.00596125186
572357,572363,573773,6,1410,2,7200,1.00425531915
572368,572375,573823,7,1448,2,7200,1.00483425414
572379,572386,573845,7,1459,2,7200,1.00479780672
572389,572472,573793,83,1321,2,7200,1.06283118849
572472,572478,573799,6,1321,2,7200,1.00454201363
572483,572489,573873,6,1384,2,7200,1.00433526012
572493,572499,573923,6,1424,2,7200,1.00421348315
572504,572579,573920,75,1341,2,7200,1.05592841163
572576,572657,573988,81,1331,2,7200,1.06085649887
572659,572735,574074,76,1339,2,7200,1.05675877521
572731,572743,574109,12,1366,2,7200,1.00878477306
572742,572749,574088,7,1339,2,7200,1.00522778193
572752,572890,574226,138,1336,2,7200,1.10329341317
572886,572898,574326,12,1428,2,7200,1.00840336134
572897,572905,574253,8,1348,2,7200,1.0059347181
572907,572915,574247,8,1332,2,7200,1.00600600601
572918,572925,574337,7,1412,2,7200,1.00495750708
572929,572935,574217,6,1282,2,7200,1.00468018721
572940,572947,574245,7,1298,2,7200,1.00539291217
572950,572957,574291,7,1334,2,7200,1.00524737631
572961,573028,574346,67,1318,2,7200,1.05083459788
573033,573082,574433,49,1351,2,7200,1.03626943005
573085,573104,574496,19,1392,2,7200,1.01364942529
573106,573112,574514,6,1402,2,7200,1.00427960057
573117,573123,574523,6,1400,2,7200,1.00428571429
573127,573148,574780,21,1632,2,7200,1.01286764706
573148,573154,574777,6,1623,2,7200,1.00369685767
573159,573165,574921,6,1756,2,7200,1.00341685649
573170,573194,574805,24,1611,2,7200,1.01489757914
573191,573211,574767,20,1556,2,7200,1.01285347044
573212,573219,574814,7,1595,2,7200,1.00438871473
573222,573229,574947,7,1718,2,7200,1.00407450524
573233,573242,574804,9,1562,2,7200,1.00576184379
573244,573265,574831,21,1566,2,7200,1.01340996169
573265,573285,574624,20,1339,2,7200,1.01493651979
573286,573318,574665,32,1347,2,7200,1.02375649592
573317,573326,574669,9,1343,2,7200,1.00670141474
573328,573383,574723,55,1340,2,7200,1.04104477612
573380,573439,574761,59,1322,2,7200,1.04462934947
573442,573474,574848,32,1374,2,7200,1.02328966521
573473,573481,574824,8,1343,2,7200,1.0059568131
573484,573548,574917,64,1369,2,7200,1.04674945215
573546,573556,574935,10,1379,2,7200,1.00725163162
573556,573601,574930,45,1329,2,7200,1.03386004515
573598,573641,574952,43,1311,2,7200,1.03279938978
573640,573648,574957,8,1309,2,7200,1.00611153552
573646,573663,575014,17,1351,2,7200,1.01258327165
573667,573698,575043,31,1345,2,7200,1.02304832714
573699,573705,575050,6,1345,2,7200,1.00446096654
573709,573716,575053,7,1337,2,7200,1.00523560209
573720,573729,575157,9,1428,2,7200,1.00630252101
573731,573785,575184,54,1399,2,7200,1.03859899929
573783,573805,575171,22,1366,2,7200,1.01610541728
573804,573811,575192,7,1381,2,7200,1.00506879073
573815,573833,575138,18,1305,2,7200,1.01379310345
573835,573842,575156,7,1314,2,7200,1.00532724505
573846,573852,575194,6,1342,2,7200,1.0044709389
573857,573863,575198,6,1335,2,7200,1.00449438202
573868,573884,575261,16,1377,2,7200,1.0116194626
573889,573932,575338,43,1406,2,7200,1.03058321479
573930,573939,575339,9,1400,2,7200,1.00642857143
573941,573999,575376,58,1377,2,7200,1.04212055192
574003,574086,575484,83,1398,2,7200,1.05937052933
574085,574100,575428,15,1328,2,7200,1.01129518072
574096,574121,575436,25,1315,2,7200,1.01901140684
574117,574229,575559,112,1330,2,7200,1.08421052632
574230,574238,575564,8,1326,2,7200,1.0060331825
574241,574257,575631,16,1374,2,7200,1.01164483261
574262,574269,575689,7,1420,2,7200,1.00492957746
574272,574280,575670,8,1390,2,7200,1.00575539568
574283,574303,575683,20,1380,2,7200,1.01449275362
574304,574338,575696,34,1358,2,7200,1.02503681885
574335,574350,575694,15,1344,2,7200,1.01116071429
574346,574358,575725,12,1367,2,7200,1.00877834674
574357,574445,575817,88,1372,2,7200,1.06413994169
574450,574508,575848,58,1340,2,7200,1.04328358209
574512,574526,575859,14,1333,2,7200,1.01050262566
574522,574535,575876,13,1341,2,7200,1.00969425802
574533,574635,575998,102,1363,2,7200,1.07483492296
574636,574677,576144,41,1467,2,7200,1.02794819359
574677,574685,576082,8,1397,2,7200,1.00572655691
574688,574734,576108,46,1374,2,7200,1.03347889374
574740,574772,576170,32,1398,2,7200,1.02288984263
574771,574780,576165,9,1385,2,7200,1.00649819495
574782,574788,576179,6,1391,2,7200,1.00431344357
574792,574799,576167,7,1368,2,7200,1.00511695906
574803,574815,576220,12,1405,2,7200,1.00854092527
574814,574821,576171,7,1350,2,7200,1.00518518519
574824,574831,576152,7,1321,2,7200,1.0052990159
574835,574841,576190,6,1349,2,7200,1.00444773907
574846,574852,576199,6,1347,2,7200,1.00445434298
574857,574863,576231,6,1368,2,7200,1.00438596491
574867,574929,576287,62,1358,2,7200,1.04565537555
574929,574935,576352,6,1417,2,7200,1.00423429781
574940,574946,576311,6,1365,2,7200,1.0043956044
574951,574957,576365,6,1408,2,7200,1.00426136364
574961,574967,576387,6,1420,2,7200,1.00422535211
574972,574979,576427,7,1448,2,7200,1.00483425414
574983,574989,576405,6,1416,2,7200,1.00423728814
574993,575026,576381,33,1355,2,7200,1.02435424354
575025,575055,576392,30,1337,2,7200,1.02243829469
575056,575062,576371,6,1309,2,7200,1.00458365164
575067,575074,576402,7,1328,2,7200,1.00527108434
575077,575150,576495,73,1345,2,7200,1.05427509294
575149,575167,576542,18,1375,2,7200,1.01309090909
575170,575176,576527,6,1351,2,7200,1.0044411547
575181,575187,576535,6,1348,2,7200,1.00445103858
575192,575198,576545,6,1347,2,7200,1.00445434298
575202,575208,576615,6,1407,2,7200,1.00426439232
575213,575219,576649,6,1430,2,7200,1.0041958042
575224,575230,576602,6,1372,2,7200,1.00437317784
575234,575272,576686,38,1414,2,7200,1.02687411598
575276,575350,576738,74,1388,2,7200,1.05331412104
575348,575357,576793,9,1436,2,7200,1.00626740947
575359,575387,576777,28,1390,2,7200,1.02014388489
575390,575440,576794,50,1354,2,7200,1.03692762186
575442,575447,576839,5,1392,2,7200,1.00359195402
575452,575496,576839,44,1343,2,7200,1.03276247208
575494,575570,576928,76,1358,2,7200,1.0559646539
575576,575582,576959,6,1377,2,7200,1.00435729847
575587,575642,576993,55,1351,2,7200,1.04071058475
575638,575682,577054,44,1372,2,7200,1.03206997085
575680,575694,577116,14,1422,2,7200,1.00984528833
575690,575702,577155,12,1453,2,7200,1.00825877495
575701,575709,577099,8,1390,2,7200,1.00575539568
575712,575721,577093,9,1372,2,7200,1.00655976676
575722,575736,577206,14,1470,2,7200,1.00952380952
575733,575829,577244,96,1415,2,7200,1.06784452297
575826,575860,577227,34,1367,2,7200,1.02487198244
575857,575872,577241,15,1369,2,7200,1.01095690285
575868,575888,577306,20,1418,2,7200,1.01410437236
575889,576010,577391,121,1381,2,7200,1.08761766836
576012,576093,577467,81,1374,2,7200,1.05895196507
576095,576119,577506,24,1387,2,7200,1.0173035328
576116,576156,577551,40,1395,2,7200,1.02867383513
576157,576163,577533,6,1370,2,7200,1.00437956204
576168,576177,577575,9,1398,2,7200,1.00643776824
576179,576186,577598,7,1412,2,7200,1.00495750708
576190,576196,577649,6,1453,2,7200,1.00412938747
576200,576206,577663,6,1457,2,7200,1.00411805079
576211,576217,577688,6,1471,2,7200,1.00407885792
576222,576228,577559,6,1331,2,7200,1.00450788881
576233,576239,577602,6,1363,2,7200,1.00440205429
576243,576250,577630,7,1380,2,7200,1.00507246377
576254,576260,577643,6,1383,2,7200,1.00433839479
576265,576299,577667,34,1368,2,7200,1.02485380117
576296,576323,577662,27,1339,2,7200,1.02016430172
576327,576358,577792,31,1434,2,7200,1.02161785216
576359,576370,577810,11,1440,2,7200,1.00763888889
576369,576376,577764,7,1388,2,7200,1.00504322767
576380,576387,577764,7,1377,2,7200,1.00508351489
576391,576397,577844,6,1447,2,7200,1.00414651002
576401,576408,577858,7,1450,2,7200,1.00482758621
576412,576419,577828,7,1409,2,7200,1.00496806246
576423,576429,577841,6,1412,2,7200,1.00424929178
576433,576440,577927,7,1487,2,7200,1.00470746469
576444,576450,577841,6,1391,2,7200,1.00431344357
576455,576461,577867,6,1406,2,7200,1.00426742532
576466,576472,577838,6,1366,2,7200,1.00439238653
576476,576484,577874,8,1390,2,7200,1.00575539568
576487,576493,577817,6,1324,2,7200,1.00453172205
576498,576504,577825,6,1321,2,7200,1.00454201363
576509,576516,577904,7,1388,2,7200,1.00504322767
576519,576525,577942,6,1417,2,7200,1.00423429781
576530,576536,577947,6,1411,2,7200,1.00425230333
576541,576547,577998,6,1451,2,7200,1.00413507926
576551,576558,577948,7,1390,2,7200,1.00503597122
576562,576569,577961,7,1392,2,7200,1.00502873563
576573,576579,578018,6,1439,2,7200,1.0041695622
576584,576591,578134,7,1543,2,7200,1.00453661698
576594,576613,578074,19,1461,2,7200,1.01300479124
576615,576627,578049,12,1422,2,7200,1.00843881857
576626,576661,578025,35,1364,2,7200,1.02565982405
576657,576699,578129,42,1430,2,7200,1.02937062937
576699,576750,578113,51,1363,2,7200,1.03741746148
576750,576789,578141,39,1352,2,7200,1.02884615385
576792,576804,578184,12,1380,2,7200,1.00869565217
576803,576812,578249,9,1437,2,7200,1.00626304802
576813,576850,578221,37,1371,2,7200,1.02698760029
576855,576862,578257,7,1395,2,7200,1.00501792115
576865,576940,578376,75,1436,2,7200,1.05222841226
576938,576971,578413,33,1442,2,7200,1.02288488211
576969,577005,578717,36,1712,2,7200,1.02102803738
577000,577066,578433,66,1367,2,7200,1.0482809071
577062,577104,578492,42,1388,2,7200,1.03025936599
577103,577112,578583,9,1471,2,7200,1.00611828688
577114,577128,578558,14,1430,2,7200,1.00979020979
577125,577167,578552,42,1385,2,7200,1.03032490975
577166,577218,578584,52,1366,2,7200,1.03806734993
577218,577239,578571,21,1332,2,7200,1.01576576577
577239,577252,578602,13,1350,2,7200,1.00962962963
577250,577260,578620,10,1360,2,7200,1.00735294118
577261,577319,578643,58,1324,2,7200,1.04380664653
577323,577403,578836,80,1433,2,7200,1.0558269365
577405,577479,578965,74,1486,2,7200,1.04979811575
577477,577517,578895,40,1378,2,7200,1.0290275762
577519,577545,578993,26,1448,2,7200,1.0179558011
577550,577563,579094,13,1531,2,7200,1.00849118223
577561,577571,579014,10,1443,2,7200,1.00693000693
577571,577588,579032,17,1444,2,7200,1.01177285319
577592,577609,578957,17,1348,2,7200,1.01261127596
577613,577619,579022,6,1403,2,7200,1.00427655025
577624,577642,579015,18,1373,2,7200,1.01310997815
577645,577656,579012,11,1356,2,7200,1.0081120944
577656,577662,579002,6,1340,2,7200,1.00447761194
577667,577673,579128,6,1455,2,7200,1.00412371134
577677,577684,579117,7,1433,2,7200,1.00488485694
577688,577694,579138,6,1444,2,7200,1.00415512465
577699,577705,579106,6,1401,2,7200,1.00428265525
577710,577775,579150,65,1375,2,7200,1.04727272727
577771,577782,579164,11,1382,2,7200,1.00795947902
577782,577804,579146,22,1342,2,7200,1.01639344262
577803,577821,579307,18,1486,2,7200,1.01211305518
577824,577830,579452,6,1622,2,7200,1.00369913687
577835,577842,579182,7,1340,2,7200,1.0052238806
577846,577852,579227,6,1375,2,7200,1.00436363636
577857,577864,579254,7,1390,2,7200,1.00503597122
577868,577874,579287,6,1413,2,7200,1.0042462845
577878,577885,579519,7,1634,2,7200,1.00428396573
577889,577896,579619,7,1723,2,7200,1.00406268137
577900,577907,579780,7,1873,2,7200,1.00373731981
577979,577986,579427,7,1441,2,7200,1.00485773768
577990,577996,579378,6,1382,2,7200,1.00434153401
578001,578008,579357,7,1349,2,7200,1.00518902891
578012,578019,579363,7,1344,2,7200,1.00520833333
578023,578030,579389,7,1359,2,7200,1.00515084621
578034,578040,579424,6,1384,2,7200,1.00433526012
578044,578052,579414,8,1362,2,7200,1.00587371512
578055,578061,579442,6,1381,2,7200,1.00434467777
578066,578072,579440,6,1368,2,7200,1.00438596491
578077,578084,579468,7,1384,2,7200,1.00505780347
578088,578095,579444,7,1349,2,7200,1.00518902891
578098,578105,579480,7,1375,2,7200,1.00509090909
578109,578116,579483,7,1367,2,7200,1.00512070227
578120,578127,579489,7,1362,2,7200,1.00513950073
578131,578141,579471,10,1330,2,7200,1.00751879699
578142,578148,579506,6,1358,2,7200,1.00441826215
578152,578159,579507,7,1348,2,7200,1.00519287834
578163,578196,579552,33,1356,2,7200,1.02433628319
578194,578233,579564,39,1331,2,7200,1.02930127724
578236,578261,579595,25,1334,2,7200,1.01874062969
578257,578269,579602,12,1333,2,7200,1.00900225056
578268,578388,579758,120,1370,2,7200,1.08759124088
578391,578424,579768,33,1344,2,7200,1.02455357143
578422,578445,579812,23,1367,2,7200,1.01682516459
578443,578504,579863,61,1359,2,7200,1.04488594555
578505,578565,579906,60,1341,2,7200,1.04474272931
578567,578573,579896,6,1323,2,7200,1.00453514739
578578,578584,579929,6,1345,2,7200,1.00446096654
578589,578596,579938,7,1342,2,7200,1.00521609538
578599,578607,579960,8,1353,2,7200,1.0059127864
578610,578616,579940,6,1324,2,7200,1.00453172205
578621,578633,579952,12,1319,2,7200,1.00909780136
578632,578654,579974,22,1320,2,7200,1.01666666667
578653,578729,580055,76,1326,2,7200,1.05731523379
578725,578848,580179,123,1331,2,7200,1.09241172051
578848,578907,580258,59,1351,2,7200,1.04367135455
578910,578968,580274,58,1306,2,7200,1.04441041348
578972,578979,580301,7,1322,2,7200,1.00529500756
578983,579005,580341,22,1336,2,7200,1.01646706587
579004,579014,580343,10,1329,2,7200,1.00752445448
579015,579024,580341,9,1317,2,7200,1.00683371298
579026,579032,580305,6,1273,2,7200,1.00471327573
579036,579043,580356,7,1313,2,7200,1.00533130236
579047,579053,580378,6,1325,2,7200,1.00452830189
579058,579064,580402,6,1338,2,7200,1.00448430493
579068,579107,580444,39,1337,2,7200,1.0291697831
579110,579119,580428,9,1309,2,7200,1.00687547746
579121,579130,580452,9,1322,2,7200,1.00680786687
579131,579139,580463,8,1324,2,7200,1.00604229607
579142,579150,580513,8,1363,2,7200,1.00586940572
579153,579161,580498,8,1337,2,7200,1.00598354525
579164,579171,580494,7,1323,2,7200,1.00529100529
579174,579180,580500,6,1320,2,7200,1.00454545455
579185,579194,580521,9,1327,2,7200,1.00678221552
579196,579238,580548,42,1310,2,7200,1.0320610687
579237,579265,580563,28,1298,2,7200,1.02157164869
579268,579299,580628,31,1329,2,7200,1.02332580888
579300,579318,580653,18,1335,2,7200,1.01348314607
579321,579369,580701,48,1332,2,7200,1.03603603604
579372,579379,580731,7,1352,2,7200,1.00517751479
579383,579389,580718,6,1329,2,7200,1.00451467269
579394,579400,580730,6,1330,2,7200,1.0045112782
579405,579426,580776,21,1350,2,7200,1.01555555556
579426,579438,580777,12,1339,2,7200,1.00896191187
579437,579445,580812,8,1367,2,7200,1.00585223116
579447,579453,580727,6,1274,2,7200,1.00470957614
579458,579465,580815,7,1350,2,7200,1.00518518519
579469,579475,580800,6,1325,2,7200,1.00452830189
579480,579487,580800,7,1313,2,7200,1.00533130236
579492,579498,580797,6,1299,2,7200,1.00461893764
579503,579509,580838,6,1329,2,7200,1.00451467269
579514,579520,580782,6,1262,2,7200,1.00475435816
579524,579530,580867,6,1337,2,7200,1.00448765894
579535,579542,580806,7,1264,2,7200,1.00553797468
579546,579552,580811,6,1259,2,7200,1.00476568705
579557,579563,580914,6,1351,2,7200,1.0044411547
579567,579574,580841,7,1267,2,7200,1.00552486188
579578,579585,580892,7,1307,2,7200,1.00535577659
579589,579595,580913,6,1318,2,7200,1.00455235205
579600,579606,580935,6,1329,2,7200,1.00451467269
579611,579618,580852,7,1234,2,7200,1.0056726094
579622,579631,580927,9,1296,2,7200,1.00694444444
579632,579770,581108,138,1338,2,7200,1.10313901345
579767,579780,581210,13,1430,2,7200,1.00909090909
579778,579792,581184,14,1392,2,7200,1.01005747126
579789,579824,581187,35,1363,2,7200,1.02567865004
579822,579876,581221,54,1345,2,7200,1.04014869888
579874,579908,581262,34,1354,2,7200,1.02511078287
579905,579918,581259,13,1341,2,7200,1.00969425802
579916,579940,581300,24,1360,2,7200,1.01764705882
579937,579951,581311,14,1360,2,7200,1.01029411765
579948,579957,581296,9,1339,2,7200,1.00672143391
579959,579965,581289,6,1324,2,7200,1.00453172205
579969,579976,581310,7,1334,2,7200,1.00524737631
579980,579987,581372,7,1385,2,7200,1.00505415162
579991,580067,581402,76,1335,2,7200,1.05692883895
580063,580190,581518,127,1328,2,7200,1.09563253012
580187,580270,581587,83,1317,2,7200,1.06302201974
580270,580285,581635,15,1350,2,7200,1.01111111111
580291,580313,581670,22,1357,2,7200,1.01621223287
580312,580320,581675,8,1355,2,7200,1.00590405904
580322,580352,581677,30,1325,2,7200,1.02264150943
580354,580360,581710,6,1350,2,7200,1.00444444444
580364,580372,581676,8,1304,2,7200,1.00613496933
580375,580381,581740,6,1359,2,7200,1.00441501104
580386,580392,581719,6,1327,2,7200,1.00452147702
580397,580413,581732,16,1319,2,7200,1.01213040182
580418,580439,581757,21,1318,2,7200,1.01593323217
580439,580456,581767,17,1311,2,7200,1.01296720061
580460,580467,581788,7,1321,2,7200,1.0052990159
580471,580477,581769,6,1292,2,7200,1.00464396285
580482,580506,581821,24,1315,2,7200,1.01825095057
580503,580512,581847,9,1335,2,7200,1.00674157303
580513,580520,581855,7,1335,2,7200,1.00524344569
580524,580530,581861,6,1331,2,7200,1.00450788881
580535,580541,581853,6,1312,2,7200,1.00457317073
580546,580561,581862,15,1301,2,7200,1.01152959262
580556,580574,581901,18,1327,2,7200,1.01356443105
580578,580640,581948,62,1308,2,7200,1.04740061162
580640,580665,581987,25,1322,2,7200,1.0189107413
580671,580713,582025,42,1312,2,7200,1.03201219512
580712,580730,582047,18,1317,2,7200,1.01366742597
580733,580740,582042,7,1302,2,7200,1.00537634409
580744,580751,582051,7,1300,2,7200,1.00538461538
580755,580788,582091,33,1303,2,7200,1.02532617038
580786,580794,582077,8,1283,2,7200,1.00623538581
580797,580810,582122,13,1312,2,7200,1.00990853659
580808,580817,582118,9,1301,2,7200,1.00691775557
580818,580825,582130,7,1305,2,7200,1.00536398467
580829,580836,582158,7,1322,2,7200,1.00529500756
580840,580850,582162,10,1312,2,7200,1.00762195122
580851,580864,582164,13,1300,2,7200,1.01
580861,580904,582207,43,1303,2,7200,1.03300076746
580903,580926,582239,23,1313,2,7200,1.01751713633
580924,580938,582233,14,1295,2,7200,1.01081081081
580935,580948,582263,13,1315,2,7200,1.00988593156
580946,581119,582431,173,1312,2,7200,1.1318597561
581122,581196,582522,74,1326,2,7200,1.05580693816
581195,581204,582523,9,1319,2,7200,1.00682335102
581206,581222,582528,16,1306,2,7200,1.01225114855
581227,581233,582540,6,1307,2,7200,1.00459066565
581238,581271,582604,33,1333,2,7200,1.02475618905
581270,581279,582582,9,1303,2,7200,1.00690713738
581280,581300,582601,20,1301,2,7200,1.01537279016
581301,581312,582612,11,1300,2,7200,1.00846153846
581312,581322,582562,10,1240,2,7200,1.00806451613
581323,581329,582652,6,1323,2,7200,1.00453514739
581334,581415,582724,81,1309,2,7200,1.06187929717
581416,581530,582827,114,1297,2,7200,1.08789514264
581503,600185,602155,18682,1970,1,36000,10.483248731
581504,607446,609083,25942,1637,1,36000,16.8472816127
581504,602167,603771,20663,1604,1,36000,13.8821695761
581506,651959,653522,70453,1563,1,36000,46.0754958413
581508,659400,661151,77892,1751,1,36000,45.4842946887
581508,660845,662594,79337,1749,1,36000,46.3613493425
581512,660850,662675,79338,1825,1,36000,44.4728767123
581513,660855,662817,79342,1962,1,36000,41.4393476045
581513,660861,662417,79348,1556,1,36000,51.9948586118
581514,660872,662099,79358,1227,1,36000,65.6764466178
581514,660866,662444,79352,1578,1,36000,51.2864385298
581515,661163,662959,79648,1796,1,36000,45.3474387528
581516,662429,664401,80913,1972,1,36000,42.0309330629
581516,662111,663611,80595,1500,1,36000,54.73
581517,662455,664116,80938,1661,1,36000,49.7284768212
581518,662605,664565,81087,1960,1,36000,42.3709183673
581519,662687,664112,81168,1425,1,36000,57.96
581520,662829,664346,81309,1517,1,36000,54.5985497693
581522,662971,664808,81449,1837,1,36000,45.3380511704
581523,663623,665535,82100,1912,1,36000,43.9393305439
581530,581647,582957,117,1310,2,7200,1.0893129771
581644,581682,582998,38,1316,2,7200,1.02887537994
581685,581691,582995,6,1304,2,7200,1.00460122699
581696,581703,583004,7,1301,2,7200,1.00538047656
581707,581714,583043,7,1329,2,7200,1.00526711813
581719,581725,583011,6,1286,2,7200,1.00466562986
581729,581744,583025,15,1281,2,7200,1.01170960187
581740,581769,583067,29,1298,2,7200,1.02234206471
581771,581780,583113,9,1333,2,7200,1.00675168792
581782,581873,583186,91,1313,2,7200,1.06930693069
581875,581882,583178,7,1296,2,7200,1.00540123457
581886,582037,583361,151,1324,2,7200,1.11404833837
582031,582054,583321,23,1267,2,7200,1.0181531176
582052,582061,583348,9,1287,2,7200,1.00699300699
582052,582068,583355,16,1287,2,7200,1.01243201243
582065,582124,583432,59,1308,2,7200,1.04510703364
582087,582119,583420,32,1301,2,7200,1.02459646426
582118,582131,583436,13,1305,2,7200,1.00996168582
582129,582138,583456,9,1318,2,7200,1.00682852807
582129,582144,583521,15,1377,2,7200,1.01089324619
582140,582170,583502,30,1332,2,7200,1.02252252252
582161,582177,583491,16,1314,2,7200,1.01217656012
582172,582184,583533,12,1349,2,7200,1.00889547813
582173,582220,583599,47,1379,2,7200,1.0340826686
582216,582244,583564,28,1320,2,7200,1.02121212121
582237,582251,583587,14,1336,2,7200,1.01047904192
582248,582274,583661,26,1387,2,7200,1.01874549387
582269,582443,583732,174,1289,2,7200,1.13498836307
582433,582534,583851,101,1317,2,7200,1.07668944571
582526,582540,583848,14,1308,2,7200,1.01070336391
582536,582546,583892,10,1346,2,7200,1.00742942051
582537,582553,583843,16,1290,2,7200,1.01240310078
582547,582575,583894,28,1319,2,7200,1.02122820318
582568,582594,583913,26,1319,2,7200,1.01971190296
582589,582613,583925,24,1312,2,7200,1.01829268293
582610,582620,583989,10,1369,2,7200,1.0073046019
582611,582627,583918,16,1291,2,7200,1.01239349342
582621,582664,584044,43,1380,2,7200,1.03115942029
582653,582736,584017,83,1281,2,7200,1.06479313037
582725,582839,584106,114,1267,2,7200,1.08997632202
582838,582969,584253,131,1284,2,7200,1.10202492212
582961,583007,584318,46,1311,2,7200,1.0350877193
583003,583020,584301,17,1281,2,7200,1.01327088212
583003,583013,584361,10,1348,2,7200,1.00741839763
583014,583026,584322,12,1296,2,7200,1.00925925926
583025,583037,584386,12,1349,2,7200,1.00889547813
583035,583054,584446,19,1392,2,7200,1.01364942529
583046,583079,584470,33,1391,2,7200,1.02372393961
583067,583125,584402,58,1277,2,7200,1.04541895067
583119,583189,584475,70,1286,2,7200,1.05443234837
583181,583198,584462,17,1264,2,7200,1.01344936709
583191,583332,584604,141,1272,2,7200,1.1108490566
583325,583360,584626,35,1266,2,7200,1.02764612954
583356,583367,584631,11,1264,2,7200,1.00870253165
583357,583374,584628,17,1254,2,7200,1.01355661882
583367,583432,584752,65,1320,2,7200,1.04924242424
583429,583444,584853,15,1409,2,7200,1.01064584812
583440,583468,584832,28,1364,2,7200,1.02052785924
583440,583451,584828,11,1377,2,7200,1.00798838054
583462,583503,584821,41,1318,2,7200,1.031107739
583493,583514,584865,21,1351,2,7200,1.01554404145
583503,583533,584844,30,1311,2,7200,1.02288329519
583524,583545,584877,21,1332,2,7200,1.01576576577
583535,583576,584885,41,1309,2,7200,1.03132161956
583566,583599,584942,33,1343,2,7200,1.02457185406
583587,583610,584862,23,1252,2,7200,1.01837060703
583608,583673,584922,65,1249,2,7200,1.05204163331
583670,583744,584979,74,1235,2,7200,1.05991902834
583742,583855,585094,113,1239,2,7200,1.09120258273
583845,583862,585124,17,1262,2,7200,1.01347068146
583856,583869,585173,13,1304,2,7200,1.00996932515
583867,583904,585184,37,1280,2,7200,1.02890625
583898,583910,585209,12,1299,2,7200,1.00923787529
583908,583925,585325,17,1400,2,7200,1.01214285714
583919,583931,585278,12,1347,2,7200,1.00890868597
583930,584001,585235,71,1234,2,7200,1.05753646677
583930,583939,585190,9,1251,2,7200,1.0071942446
583943,634786,636638,50843,1852,25,7199,28.4530237581
583992,584029,585371,37,1342,2,7200,1.02757078987
584023,584055,585353,32,1298,2,7200,1.02465331279
584054,584117,585377,63,1260,2,7200,1.05
584116,584265,585498,149,1233,2,7200,1.12084347121
584259,584313,585549,54,1236,2,7200,1.04368932039
584311,584330,585605,19,1275,2,7200,1.01490196078
584322,584337,585575,15,1238,2,7200,1.01211631664
584332,584373,585613,41,1240,2,7200,1.03306451613
584363,584398,585732,35,1334,2,7200,1.02623688156
584394,584414,585706,20,1292,2,7200,1.01547987616
584404,584457,585716,53,1259,2,7200,1.0420969023
584456,584474,585753,18,1279,2,7200,1.01407349492
584466,584481,585810,15,1329,2,7200,1.01128668172
584477,584616,586035,139,1419,2,7200,1.09795630726
584477,584487,585898,10,1411,2,7200,1.00708717222
584610,584639,585868,29,1229,2,7200,1.02359641985
584630,584646,585864,16,1218,2,7200,1.013136289
584641,584652,585911,11,1259,2,7200,1.00873709293
584641,584764,585988,123,1224,2,7200,1.10049019608
584753,584832,586098,79,1266,2,7200,1.06240126382
584825,584840,586175,15,1335,2,7200,1.01123595506
584835,584846,586154,11,1308,2,7200,1.00840978593
584836,584856,586130,20,1274,2,7200,1.01569858713
584846,584866,586283,20,1417,2,7200,1.01411432604
584857,584873,586198,16,1325,2,7200,1.0120754717
584867,584881,586333,14,1452,2,7200,1.00964187328
584878,584896,586174,18,1278,2,7200,1.01408450704
584878,584889,586185,11,1296,2,7200,1.00848765432
584889,584934,586219,45,1285,2,7200,1.03501945525
584930,584954,586190,24,1236,2,7200,1.01941747573
584951,584991,586233,40,1242,2,7200,1.03220611916
584981,585105,586345,124,1240,2,7200,1.1
585104,585136,586429,32,1293,2,7200,1.02474864656
585125,585185,586425,60,1240,2,7200,1.04838709677
585176,585195,586554,19,1359,2,7200,1.01398086829
585186,585202,586534,16,1332,2,7200,1.01201201201
585197,585222,586503,25,1281,2,7200,1.01951600312
585218,585248,586666,30,1418,2,7200,1.02115655853
585238,585289,586747,51,1458,2,7200,1.03497942387
585279,585337,586718,58,1381,2,7200,1.04199855177
585331,585365,586643,34,1278,2,7200,1.02660406886
585362,585382,586635,20,1253,2,7200,1.01596169194
585372,585389,586614,17,1225,2,7200,1.01387755102
585383,585510,586815,127,1305,2,7200,1.09731800766
585505,585560,586796,55,1236,2,7200,1.04449838188
585556,585587,586801,31,1214,2,7200,1.0255354201
585577,585617,586864,40,1247,2,7200,1.03207698476
585608,585625,586849,17,1224,2,7200,1.01388888889
585618,585717,587127,99,1410,2,7200,1.07021276596
585710,585727,587171,17,1444,2,7200,1.01177285319
585721,585743,587153,22,1410,2,7200,1.01560283688
585742,585764,587051,22,1287,2,7200,1.01709401709
585760,603575,615507,17815,11932,64,43200,2.49304391552
585762,585822,587127,60,1305,2,7200,1.04597701149
585814,585876,587067,62,1191,2,7200,1.05205709488
585865,585883,587101,18,1218,2,7200,1.01477832512
585875,585909,587195,34,1286,2,7200,1.02643856921
585906,585922,587168,16,1246,2,7200,1.01284109149
585917,586000,587234,83,1234,2,7200,1.06726094003
585989,586046,587387,57,1341,2,7200,1.04250559284
586040,586109,587502,69,1393,2,7200,1.04953338119
586101,586141,587649,40,1508,2,7200,1.02652519894
586132,586166,587464,34,1298,2,7200,1.02619414484
586163,586185,587572,22,1387,2,7200,1.01586157174
586184,586199,587421,15,1222,2,7200,1.01227495908
586184,586192,587525,8,1333,2,7200,1.00600150038
586195,586206,587427,11,1221,2,7200,1.00900900901
586195,586213,587423,18,1210,2,7200,1.01487603306
586205,586232,587556,27,1324,2,7200,1.02039274924
586226,586245,587430,19,1185,2,7200,1.01603375527
586237,586294,587718,57,1424,2,7200,1.04002808989
586288,586344,587883,56,1539,2,7200,1.03638726446
586339,586356,587772,17,1416,2,7200,1.01200564972
586350,586436,587844,86,1408,2,7200,1.06107954545
586432,586515,587807,83,1292,2,7200,1.06424148607
586432,586444,587799,12,1355,2,7200,1.00885608856
586503,586546,587760,43,1214,2,7200,1.03542009885
586534,586566,587742,32,1176,2,7200,1.02721088435
586555,586625,587871,70,1246,2,7200,1.05617977528
586617,586647,588152,30,1505,2,7200,1.01993355482
586637,586655,588032,18,1377,2,7200,1.01307189542
586648,586679,588111,31,1432,2,7200,1.02164804469
586668,586730,588148,62,1418,2,7200,1.0437235543
586720,586758,588197,38,1439,2,7200,1.02640722724
586751,586808,588239,57,1431,2,7200,1.03983228512
586802,586814,588101,12,1287,2,7200,1.00932400932
586812,586827,588052,15,1225,2,7200,1.01224489796
586823,586861,588177,38,1316,2,7200,1.02887537994
586854,586876,588194,22,1318,2,7200,1.01669195751
586875,587063,588477,188,1414,2,7200,1.13295615276
587058,587079,588442,21,1363,2,7200,1.01540719002
587069,587113,588433,44,1320,2,7200,1.03333333333
587104,587139,588442,35,1303,2,7200,1.02686108979
587134,587146,588473,12,1327,2,7200,1.00904295403
587135,587165,588484,30,1319,2,7200,1.02274450341
587156,587180,588501,24,1321,2,7200,1.0181680545
587175,615518,634775,28343,19257,64,43200,2.47182842603
587176,587187,588488,11,1301,2,7200,1.00845503459
587177,587207,588528,30,1321,2,7200,1.02271006813
587198,587246,588566,48,1320,2,7200,1.03636363636
587239,587398,588707,159,1309,2,7200,1.12146676853
587392,587434,588747,42,1313,2,7200,1.03198781417
587423,587441,588751,18,1310,2,7200,1.01374045802
587434,587446,588751,12,1305,2,7200,1.0091954023
587444,587475,588787,31,1312,2,7200,1.02362804878
587444,587452,588764,8,1312,2,7200,1.00609756098
587465,587513,588810,48,1297,2,7200,1.03700848111
587506,587537,588849,31,1312,2,7200,1.02362804878
587527,587568,588884,41,1316,2,7200,1.0311550152
587558,587584,588895,26,1311,2,7200,1.01983218917
587579,587660,588968,81,1308,2,7200,1.0619266055
587650,587729,589024,79,1295,2,7200,1.061003861
587722,587753,589074,31,1321,2,7200,1.0234670704
587742,587771,589094,29,1323,2,7200,1.02191987906
587763,587784,589092,21,1308,2,7200,1.01605504587
587774,587810,589131,36,1321,2,7200,1.02725208176
587805,587818,589098,13,1280,2,7200,1.01015625
587815,587855,589165,40,1310,2,7200,1.03053435115
587846,587882,589207,36,1325,2,7200,1.02716981132
587877,587894,589199,17,1305,2,7200,1.01302681992
587887,588044,589363,157,1319,2,7200,1.11902956785
588040,588058,589374,18,1316,2,7200,1.01367781155
588061,588067,589361,6,1294,2,7200,1.00463678516
588072,588113,589430,41,1317,2,7200,1.03113135915
588113,588122,589449,9,1327,2,7200,1.00678221552
588123,588160,589485,37,1325,2,7200,1.0279245283
588154,588166,589464,12,1298,2,7200,1.0092449923
588165,588189,589485,24,1296,2,7200,1.01851851852
588185,588207,589557,22,1350,2,7200,1.0162962963
588206,588214,589548,8,1334,2,7200,1.0059970015
588217,588250,589603,33,1353,2,7200,1.0243902439
588247,588445,589762,198,1317,2,7200,1.15034168565
588441,588454,589778,13,1324,2,7200,1.00981873112
588452,588461,589797,9,1336,2,7200,1.00673652695
588462,588486,589774,24,1288,2,7200,1.01863354037
588483,588493,589800,10,1307,2,7200,1.00765110941
588494,588499,589784,5,1285,2,7200,1.00389105058
588494,588505,589842,11,1337,2,7200,1.00822737472
588504,588513,589818,9,1305,2,7200,1.00689655172
588515,588539,589856,24,1317,2,7200,1.01822323462
588536,588578,589899,42,1321,2,7200,1.03179409538
588577,588720,590053,143,1333,2,7200,1.1072768192
588720,588760,590066,40,1306,2,7200,1.03062787136
588761,588774,590098,13,1324,2,7200,1.00981873112
588761,588767,590094,6,1327,2,7200,1.00452147702
588772,588781,590108,9,1327,2,7200,1.00678221552
588782,588799,590113,17,1314,2,7200,1.01293759513
588803,588822,590127,19,1305,2,7200,1.01455938697
588824,588861,590169,37,1308,2,7200,1.02828746177
588865,588896,590176,31,1280,2,7200,1.02421875
588896,588907,590220,11,1313,2,7200,1.00837776085
588906,588979,590302,73,1323,2,7200,1.05517762661
588978,589036,590338,58,1302,2,7200,1.044546851
589039,589086,590381,47,1295,2,7200,1.03629343629
589090,589103,590411,13,1308,2,7200,1.00993883792
589101,589110,590423,9,1313,2,7200,1.00685453161
589101,589115,590443,14,1328,2,7200,1.01054216867
589112,589142,590468,30,1326,2,7200,1.02262443439
589143,589176,590495,33,1319,2,7200,1.02501895375
589174,589211,590499,37,1288,2,7200,1.02872670807
589215,589221,590550,6,1329,2,7200,1.00451467269
589225,589374,590696,149,1322,2,7200,1.11270801815
589368,589380,590671,12,1291,2,7200,1.00929512006
589378,589388,590647,10,1259,2,7200,1.00794281176
589389,589442,590730,53,1288,2,7200,1.04114906832
589440,589461,590774,21,1313,2,7200,1.01599390708
589461,589475,590792,14,1317,2,7200,1.0106302202
589471,589497,590796,26,1299,2,7200,1.02001539646
589492,589504,590823,12,1319,2,7200,1.00909780136
589503,589560,590903,57,1343,2,7200,1.04244229337
589564,589570,590917,6,1347,2,7200,1.00445434298
589575,589615,590938,40,1323,2,7200,1.03023431595
589616,589774,591120,158,1346,2,7200,1.11738484398
589769,589785,591096,16,1311,2,7200,1.0122044241
589780,589791,591115,11,1324,2,7200,1.0083081571
589790,589798,591131,8,1333,2,7200,1.00600150038
589801,589808,591081,7,1273,2,7200,1.00549882168
589801,589816,591094,15,1278,2,7200,1.0117370892
589812,589829,591097,17,1268,2,7200,1.01340694006
589832,589854,591135,22,1281,2,7200,1.01717408275
589853,589867,591150,14,1283,2,7200,1.01091192518
589864,589911,591231,47,1320,2,7200,1.03560606061
589915,590066,591370,151,1304,2,7200,1.11579754601
590068,590077,591404,9,1327,2,7200,1.00678221552
590078,590106,591457,28,1351,2,7200,1.0207253886
590099,590112,591410,13,1298,2,7200,1.01001540832
590110,590119,591437,9,1318,2,7200,1.00682852807
590120,590126,591451,6,1325,2,7200,1.00452830189
590131,590138,591445,7,1307,2,7200,1.00535577659
590141,590180,591453,39,1273,2,7200,1.03063629222
590182,590189,591455,7,1266,2,7200,1.00552922591
590193,590232,591521,39,1289,2,7200,1.03025601241
590234,590314,591629,80,1315,2,7200,1.0608365019
590316,590350,591677,34,1327,2,7200,1.02562170309
590346,590392,591691,46,1299,2,7200,1.03541185527
590398,590424,591735,26,1311,2,7200,1.01983218917
590429,590435,591751,6,1316,2,7200,1.00455927052
590439,590455,591776,16,1321,2,7200,1.01211203634
590460,590480,591770,20,1290,2,7200,1.01550387597
590481,590508,591841,27,1333,2,7200,1.02025506377
590501,590515,591804,14,1289,2,7200,1.01086113266
590512,590562,591860,50,1298,2,7200,1.03852080123
590563,590660,591936,97,1276,2,7200,1.07601880878
590655,590684,591956,29,1272,2,7200,1.02279874214
590686,590708,591971,22,1263,2,7200,1.01741884402
590707,590742,592051,35,1309,2,7200,1.02673796791
590738,590787,592100,49,1313,2,7200,1.03731911653
590789,590803,592102,14,1299,2,7200,1.01077752117
590800,590811,592116,11,1305,2,7200,1.00842911877
590811,590834,592143,23,1309,2,7200,1.01757066463
590832,590915,592265,83,1350,2,7200,1.06148148148
590914,590929,592256,15,1327,2,7200,1.01130369254
590924,590950,592247,26,1297,2,7200,1.0200462606
590945,591092,592388,147,1296,2,7200,1.11342592593
591089,591106,592381,17,1275,2,7200,1.01333333333
591100,591113,592380,13,1267,2,7200,1.01026045777
591110,591119,592442,9,1323,2,7200,1.00680272109
591121,591127,592426,6,1299,2,7200,1.00461893764
591122,591133,592464,11,1331,2,7200,1.00826446281
591132,591143,592438,11,1295,2,7200,1.00849420849
591143,591151,592466,8,1315,2,7200,1.00608365019
591154,591162,592458,8,1296,2,7200,1.00617283951
591164,591242,592529,78,1287,2,7200,1.06060606061
591246,591383,592710,137,1327,2,7200,1.10324039186
591380,591415,592681,35,1266,2,7200,1.02764612954
591406,593524,593525,2118,1,2,3540,211.9
591412,591423,592692,11,1269,2,7200,1.00866824271
591422,591449,592780,27,1331,2,7200,1.02028549962
591453,591460,592763,7,1303,2,7200,1.00537221796
591454,591466,592806,12,1340,2,7200,1.00895522388
591465,591479,592795,14,1316,2,7200,1.01063829787
591465,591474,592812,9,1338,2,7200,1.0067264574
591476,591485,592774,9,1289,2,7200,1.00698215671
591486,591532,592808,46,1276,2,7200,1.03605015674
591528,591640,592916,112,1276,2,7200,1.08777429467
591641,591689,592945,48,1256,2,7200,1.03821656051
591692,591704,592965,12,1261,2,7200,1.00951625694
591703,591747,593034,44,1287,2,7200,1.03418803419
591744,591763,593055,19,1292,2,7200,1.01470588235
591765,591782,593061,17,1279,2,7200,1.01329163409
591786,591793,593107,7,1314,2,7200,1.00532724505
591797,591815,593129,18,1314,2,7200,1.01369863014
591818,591854,593135,36,1281,2,7200,1.0281030445
591859,591872,593134,13,1262,2,7200,1.01030110935
591870,591948,593229,78,1281,2,7200,1.06088992974
591953,591968,593271,15,1303,2,7200,1.01151189563
591963,591982,593309,19,1327,2,7200,1.01431801055
591984,592064,593300,80,1236,2,7200,1.06472491909
592066,592111,593375,45,1264,2,7200,1.03560126582
592108,592118,593392,10,1274,2,7200,1.00784929356
592118,592127,593428,9,1301,2,7200,1.00691775557
592129,592155,593374,26,1219,2,7200,1.02132895816
592150,592259,593524,109,1265,2,7200,1.08616600791
592263,592270,593532,7,1262,2,7200,1.00554675119
592274,592280,593513,6,1233,2,7200,1.00486618005
592285,592392,593609,107,1217,2,7200,1.0879211175
592391,592399,593732,8,1333,2,7200,1.00600150038
592391,592406,593740,15,1334,2,7200,1.01124437781
592402,592438,593758,36,1320,2,7200,1.02727272727
592433,592450,593791,17,1341,2,7200,1.01267710664
592444,592457,593842,13,1385,2,7200,1.00938628159
592455,592470,593826,15,1356,2,7200,1.0110619469
592465,592477,593817,12,1340,2,7200,1.00895522388
592476,592484,593830,8,1346,2,7200,1.0059435364
592487,592542,593923,55,1381,2,7200,1.03982621289
592538,592693,594065,155,1372,2,7200,1.11297376093
592692,592704,594055,12,1351,2,7200,1.0088823094
592703,592722,594148,19,1426,2,7200,1.01332398317
592724,592775,594211,51,1436,2,7200,1.03551532033
592775,592786,594211,11,1425,2,7200,1.00771929825
592786,592792,594136,6,1344,2,7200,1.00446428571
592797,592806,594202,9,1396,2,7200,1.0064469914
592808,592818,594167,10,1349,2,7200,1.00741289844
592818,592824,594181,6,1357,2,7200,1.00442151805
592819,592832,594150,13,1318,2,7200,1.00986342944
592829,592927,594271,98,1344,2,7200,1.07291666667
592932,592957,594330,25,1373,2,7200,1.01820830299
592953,592978,594408,25,1430,2,7200,1.01748251748
592974,593045,594430,71,1385,2,7200,1.05126353791
593046,593068,594440,22,1372,2,7200,1.01603498542
593067,593075,594429,8,1354,2,7200,1.0059084195
593078,593119,594460,41,1341,2,7200,1.03057419836
593119,593141,594481,22,1340,2,7200,1.01641791045
593140,593153,594482,13,1329,2,7200,1.00978179082
593140,593147,594521,7,1374,2,7200,1.00509461426
593151,593241,594582,90,1341,2,7200,1.06711409396
593244,593283,594648,39,1365,2,7200,1.02857142857
593285,593311,594643,26,1332,2,7200,1.01951951952
593316,593322,595360,6,2038,2,7200,1.00294406281
593327,593385,594915,58,1530,2,7200,1.03790849673
593378,593391,595077,13,1686,2,7200,1.00771055753
593389,593405,595246,16,1841,2,7200,1.00869092884
593403,593440,594807,37,1367,2,7200,1.02706656913
593444,593518,594893,74,1375,2,7200,1.05381818182
593516,593530,594917,14,1387,2,7200,1.01009372747
593527,593537,594963,10,1426,2,7200,1.00701262272
593538,593544,594993,6,1449,2,7200,1.00414078675
593548,593555,595057,7,1502,2,7200,1.00466045273
593559,593565,595049,6,1484,2,7200,1.00404312668
593570,593576,594999,6,1423,2,7200,1.00421644413
593580,593588,595008,8,1420,2,7200,1.00563380282
593591,593598,595254,7,1656,2,7200,1.00422705314
593602,593609,595058,7,1449,2,7200,1.00483091787
593613,593619,594961,6,1342,2,7200,1.0044709389
593623,593630,594950,7,1320,2,7200,1.0053030303
593634,593744,595086,110,1342,2,7200,1.08196721311
593747,593754,595111,7,1357,2,7200,1.00515843773
593758,593771,595177,13,1406,2,7200,1.00924608819
593769,593802,595272,33,1470,2,7200,1.02244897959
593800,593829,595351,29,1522,2,7200,1.01905387648
593831,593837,595297,6,1460,2,7200,1.00410958904
593842,593849,595312,7,1463,2,7200,1.004784689
593852,593860,595329,8,1469,2,7200,1.00544588155
593863,593936,595474,73,1538,2,7200,1.04746423927
593935,594067,595469,132,1402,2,7200,1.09415121255
594069,594077,595388,8,1311,2,7200,1.00610221205
594080,594147,595490,67,1343,2,7200,1.04988830975
594152,594160,595548,8,1388,2,7200,1.00576368876
594162,594169,595589,7,1420,2,7200,1.00492957746
594173,594180,595548,7,1368,2,7200,1.00511695906
594184,594193,595626,9,1433,2,7200,1.00628053036
594195,594214,595592,19,1378,2,7200,1.01378809869
594216,594222,595731,6,1509,2,7200,1.00397614314
594227,594233,595668,6,1435,2,7200,1.00418118467
594237,594282,595714,45,1432,2,7200,1.03142458101
594279,594341,595749,62,1408,2,7200,1.04403409091
594341,594419,595741,78,1322,2,7200,1.05900151286
594423,594440,595761,17,1321,2,7200,1.01286903861
594444,594450,595787,6,1337,2,7200,1.00448765894
594455,594461,595815,6,1354,2,7200,1.00443131462
594465,594471,595948,6,1477,2,7200,1.00406228842
594476,594493,595790,17,1297,2,7200,1.01310717039
594497,594503,595919,6,1416,2,7200,1.00423728814
594508,594532,595924,24,1392,2,7200,1.01724137931
594529,594593,595998,64,1405,2,7200,1.04555160142
594591,594654,596112,63,1458,2,7200,1.04320987654
594653,594661,596075,8,1414,2,7200,1.00565770863
594663,594818,596223,155,1405,2,7200,1.1103202847
594818,594904,596230,86,1326,2,7200,1.06485671192
594900,594927,596237,27,1310,2,7200,1.02061068702
594931,594937,596262,6,1325,2,7200,1.00452830189
594942,594963,596359,21,1396,2,7200,1.01504297994
594963,594973,596335,10,1362,2,7200,1.00734214391
594974,594979,596388,5,1409,2,7200,1.00354861604
594984,595006,596322,22,1316,2,7200,1.01671732523
595005,595013,596455,8,1442,2,7200,1.00554785021
595016,595023,596487,7,1464,2,7200,1.00478142077
595027,595060,596538,33,1478,2,7200,1.02232746955
595058,595068,596498,10,1430,2,7200,1.00699300699
595069,595075,596510,6,1435,2,7200,1.00418118467
595079,595089,596530,10,1441,2,7200,1.00693962526
595090,595098,596445,8,1347,2,7200,1.00593912398
595101,595122,596418,21,1296,2,7200,1.0162037037
595122,595189,596519,67,1330,2,7200,1.05037593985
595194,595258,596715,64,1457,2,7200,1.04392587509
595256,595265,596612,9,1347,2,7200,1.00668151448
595266,595283,596663,17,1380,2,7200,1.01231884058
595287,595309,596750,22,1441,2,7200,1.01526717557
595308,595324,596752,16,1428,2,7200,1.01120448179
595329,595340,596808,11,1468,2,7200,1.00749318801
595340,595362,596865,22,1503,2,7200,1.01463739188
595361,595372,596888,11,1516,2,7200,1.00725593668
595372,595399,596778,27,1379,2,7200,1.01957940537
595403,595481,596822,78,1341,2,7200,1.0581655481
595485,595492,596819,7,1327,2,7200,1.00527505652
595496,595503,596837,7,1334,2,7200,1.00524737631
595507,595559,596958,52,1399,2,7200,1.03716940672
595558,595566,597002,8,1436,2,7200,1.00557103064
595569,595600,597020,31,1420,2,7200,1.02183098592
595600,595607,597040,7,1433,2,7200,1.00488485694
595611,595638,596992,27,1354,2,7200,1.01994091581
595642,595654,597069,12,1415,2,7200,1.00848056537
595653,595662,597158,9,1496,2,7200,1.00601604278
595664,595671,597113,7,1442,2,7200,1.00485436893
595674,595680,597051,6,1371,2,7200,1.00437636761
595685,595691,597047,6,1356,2,7200,1.00442477876
595696,595702,597133,6,1431,2,7200,1.00419287212
595706,595713,597032,7,1319,2,7200,1.0053070508
595717,595723,597109,6,1386,2,7200,1.00432900433
595728,595735,597292,7,1557,2,7200,1.00449582531
595739,595746,597239,7,1493,2,7200,1.00468854655
595749,595755,597355,6,1600,2,7200,1.00375
595760,595767,597206,7,1439,2,7200,1.00486448923
595771,595777,597278,6,1501,2,7200,1.00399733511
595781,595788,597251,7,1463,2,7200,1.004784689
595792,595798,597203,6,1405,2,7200,1.00427046263
595803,595810,597253,7,1443,2,7200,1.00485100485
595814,595820,597324,6,1504,2,7200,1.0039893617
595824,595831,597222,7,1391,2,7200,1.00503235083
595835,595841,597508,6,1667,2,7200,1.00359928014
595846,595932,597382,86,1450,2,7200,1.05931034483
595929,595939,597588,10,1649,2,7200,1.00606428138
595939,595960,597573,21,1613,2,7200,1.01301921885
595960,596010,597449,50,1439,2,7200,1.03474635163
596012,596087,597489,75,1402,2,7200,1.05349500713
596084,596124,597612,40,1488,2,7200,1.02688172043
596126,596234,597749,108,1515,2,7200,1.07128712871
596239,596246,597726,7,1480,2,7200,1.00472972973
596250,596257,597744,7,1487,2,7200,1.00470746469
596261,596274,597693,13,1419,2,7200,1.00916138125
596271,596333,598049,62,1716,2,7200,1.03613053613
596333,596347,598013,14,1666,2,7200,1.00840336134
596344,596372,597857,28,1485,2,7200,1.01885521886
596375,596400,598072,25,1672,2,7200,1.01495215311
596396,596431,598109,35,1678,2,7200,1.02085816448
596428,596456,598116,28,1660,2,7200,1.01686746988
596459,596467,597924,8,1457,2,7200,1.00549073439
596470,596499,598038,29,1539,2,7200,1.01884340481
596546,596553,597956,7,1403,2,7200,1.00498930862
596557,596563,597948,6,1385,2,7200,1.00433212996
596568,596575,597928,7,1353,2,7200,1.0051736881
596579,596585,597979,6,1394,2,7200,1.00430416069
596589,596595,597926,6,1331,2,7200,1.00450788881
596600,596625,597971,25,1346,2,7200,1.01857355126
596621,596675,598042,54,1367,2,7200,1.03950256035
596673,596726,598097,53,1371,2,7200,1.03865791393
596724,596761,598139,37,1378,2,7200,1.02685050798
596766,596772,598118,6,1346,2,7200,1.0044576523
596777,596790,598172,13,1382,2,7200,1.00940665702
596788,596821,598251,33,1430,2,7200,1.02307692308
596820,596831,598188,11,1357,2,7200,1.00810611643
596830,596838,598166,8,1328,2,7200,1.00602409639
596841,596849,598223,8,1374,2,7200,1.0058224163
596852,596877,598230,25,1353,2,7200,1.0184774575
596873,596899,598251,26,1352,2,7200,1.01923076923
596904,596971,598329,67,1358,2,7200,1.04933726068
596976,597004,598377,28,1373,2,7200,1.02039329934
597007,597014,598365,7,1351,2,7200,1.00518134715
597018,597033,598369,15,1336,2,7200,1.01122754491
597029,597044,598460,15,1416,2,7200,1.01059322034
597040,597053,598400,13,1347,2,7200,1.00965107647
597050,597059,598416,9,1357,2,7200,1.00663227708
597061,597068,598449,7,1381,2,7200,1.00506879073
597072,597080,598445,8,1365,2,7200,1.00586080586
597082,597122,598480,40,1358,2,7200,1.029455081
597124,597130,598493,6,1363,2,7200,1.00440205429
597135,597146,598512,11,1366,2,7200,1.00805270864
597145,597169,598507,24,1338,2,7200,1.01793721973
597166,597215,598544,49,1329,2,7200,1.03686982694
597218,597224,598625,6,1401,2,7200,1.00428265525
597229,597235,598595,6,1360,2,7200,1.00441176471
597239,597251,598716,12,1465,2,7200,1.00819112628
597250,597263,598628,13,1365,2,7200,1.00952380952
597261,597271,598665,10,1394,2,7200,1.00717360115
597272,597289,598642,17,1353,2,7200,1.0125646711
597293,597303,598647,10,1344,2,7200,1.00744047619
597303,597337,598697,34,1360,2,7200,1.025
597335,597367,598745,32,1378,2,7200,1.02322206096
597366,597395,598744,29,1349,2,7200,1.02149740549
597397,597461,598813,64,1352,2,7200,1.04733727811
597459,597501,598822,42,1321,2,7200,1.03179409538
597500,597520,598861,20,1341,2,7200,1.0149142431
597521,597585,598926,64,1341,2,7200,1.04772557793
597583,597599,598931,16,1332,2,7200,1.01201201201
597604,597623,599035,19,1412,2,7200,1.01345609065
597625,597705,599127,80,1422,2,7200,1.05625879044
597708,597738,599113,30,1375,2,7200,1.02181818182
597739,597756,599168,17,1412,2,7200,1.01203966006
597760,597767,599158,7,1391,2,7200,1.00503235083
597771,597869,599264,98,1395,2,7200,1.07025089606
597864,597936,599268,72,1332,2,7200,1.05405405405
597936,597942,599318,6,1376,2,7200,1.00436046512
597948,597955,599331,7,1376,2,7200,1.0050872093
597959,597965,599346,6,1381,2,7200,1.00434467777
597970,597977,599326,7,1349,2,7200,1.00518902891
597980,597987,599326,7,1339,2,7200,1.00522778193
597991,597998,599326,7,1328,2,7200,1.00527108434
598002,598025,599359,23,1334,2,7200,1.01724137931
598024,598049,599443,25,1394,2,7200,1.01793400287
598045,598056,599398,11,1342,2,7200,1.00819672131
598055,598062,599430,7,1368,2,7200,1.00511695906
598066,598085,599441,19,1356,2,7200,1.01401179941
598087,598109,599473,22,1364,2,7200,1.01612903226
598108,598121,599477,13,1356,2,7200,1.00958702065
598119,598127,599472,8,1345,2,7200,1.00594795539
598130,598137,599490,7,1353,2,7200,1.0051736881
598140,598150,599533,10,1383,2,7200,1.00723065799
598151,598178,599542,27,1364,2,7200,1.01979472141
598182,598188,599534,6,1346,2,7200,1.0044576523
598193,598199,599538,6,1339,2,7200,1.00448095594
598204,598235,599582,31,1347,2,7200,1.02301410542
598235,598242,599595,7,1353,2,7200,1.0051736881
598246,598263,599605,17,1342,2,7200,1.01266766021
598267,598274,599618,7,1344,2,7200,1.00520833333
598277,598341,599682,64,1341,2,7200,1.04772557793
598339,598377,599844,38,1467,2,7200,1.02590320382
598381,598387,599751,6,1364,2,7200,1.00439882698
598391,598399,599790,8,1391,2,7200,1.00575125809
598402,598411,599738,9,1327,2,7200,1.00678221552
598413,598428,599796,15,1368,2,7200,1.01096491228
598424,598456,599833,32,1377,2,7200,1.0232389252
598455,598463,599803,8,1340,2,7200,1.00597014925
598466,598471,599821,5,1350,2,7200,1.0037037037
598476,598491,599851,15,1360,2,7200,1.01102941176
598487,598504,599852,17,1348,2,7200,1.01261127596
598508,598520,599854,12,1334,2,7200,1.00899550225
598519,598526,599849,7,1323,2,7200,1.00529100529
598529,598555,599884,26,1329,2,7200,1.01956358164
598561,598606,600002,45,1396,2,7200,1.03223495702
598602,598637,600004,35,1367,2,7200,1.02560351134
598633,598643,599991,10,1348,2,7200,1.00741839763
598644,598653,600028,9,1375,2,7200,1.00654545455
598655,598661,600030,6,1369,2,7200,1.00438276114
598665,598677,600059,12,1382,2,7200,1.00868306802
598676,598709,600074,33,1365,2,7200,1.02417582418
598707,598727,600070,20,1343,2,7200,1.01489203276
598728,598755,600121,27,1366,2,7200,1.01976573939
598760,598766,600090,6,1324,2,7200,1.00453172205
598770,598825,600169,55,1344,2,7200,1.04092261905
598822,598834,600165,12,1331,2,7200,1.00901577761
598833,598873,600186,40,1313,2,7200,1.03046458492
598874,598939,600269,65,1330,2,7200,1.04887218045
598936,598945,600264,9,1319,2,7200,1.00682335102
598947,599047,600408,100,1361,2,7200,1.07347538575
599050,599124,600473,74,1349,2,7200,1.05485544848
599122,599139,600477,17,1338,2,7200,1.01270553064
599143,599170,600510,27,1340,2,7200,1.02014925373
599174,599182,600551,8,1369,2,7200,1.00584368152
599185,599277,600633,92,1356,2,7200,1.06784660767
599278,599285,600665,7,1380,2,7200,1.00507246377
599289,599331,600653,42,1322,2,7200,1.03177004539
599330,599337,600680,7,1343,2,7200,1.00521221147
599341,599347,600693,6,1346,2,7200,1.0044576523
599351,599358,600671,7,1313,2,7200,1.00533130236
599362,599369,600699,7,1330,2,7200,1.00526315789
599373,599379,600758,6,1379,2,7200,1.00435097897
599384,599390,600741,6,1351,2,7200,1.0044411547
599394,599410,600780,16,1370,2,7200,1.01167883212
599405,599443,600771,38,1328,2,7200,1.02861445783
599447,599454,600794,7,1340,2,7200,1.0052238806
599458,599464,600795,6,1331,2,7200,1.00450788881
599468,599480,600835,12,1355,2,7200,1.00885608856
599479,599488,600826,9,1338,2,7200,1.0067264574
599490,599496,600853,6,1357,2,7200,1.00442151805
599501,599507,600916,6,1409,2,7200,1.00425833925
599512,599519,600851,7,1332,2,7200,1.00525525526
599522,599529,600872,7,1343,2,7200,1.00521221147
599533,599539,600904,6,1365,2,7200,1.0043956044
599544,599550,600882,6,1332,2,7200,1.0045045045
599555,599561,600915,6,1354,2,7200,1.00443131462
599565,599572,600922,7,1350,2,7200,1.00518518519
599576,599583,600918,7,1335,2,7200,1.00524344569
599587,599593,600926,6,1333,2,7200,1.00450112528
599598,599605,600937,7,1332,2,7200,1.00525525526
599609,599615,600959,6,1344,2,7200,1.00446428571
599619,599625,600964,6,1339,2,7200,1.00448095594
599630,599637,600957,7,1320,2,7200,1.0053030303
599641,599647,600984,6,1337,2,7200,1.00448765894
599652,599659,600995,7,1336,2,7200,1.00523952096
599662,599670,601019,8,1349,2,7200,1.00593031875
599673,599680,601021,7,1341,2,7200,1.00521998509
599684,599695,601059,11,1364,2,7200,1.00806451613
599695,599749,601105,54,1356,2,7200,1.03982300885
599747,599763,601091,16,1328,2,7200,1.01204819277
599768,599802,601126,34,1324,2,7200,1.02567975831
599799,599809,601151,10,1342,2,7200,1.00745156483
599810,599817,601128,7,1311,2,7200,1.00533943555
599821,599833,601148,12,1315,2,7200,1.00912547529
599831,599846,601156,15,1310,2,7200,1.01145038168
599842,599857,601173,15,1316,2,7200,1.01139817629
599853,599864,601187,11,1323,2,7200,1.00831443689
599864,599871,601200,7,1329,2,7200,1.00526711813
599875,599881,601204,6,1323,2,7200,1.00453514739
599885,599891,601222,6,1331,2,7200,1.00450788881
599896,599902,601244,6,1342,2,7200,1.0044709389
599907,600002,601322,95,1320,2,7200,1.07196969697
599999,600014,601326,15,1312,2,7200,1.01143292683
600010,600022,601362,12,1340,2,7200,1.00895522388
600021,600039,601385,18,1346,2,7200,1.01337295691
600042,600048,601369,6,1321,2,7200,1.00454201363
600053,600071,601396,18,1325,2,7200,1.01358490566
600074,600081,601420,7,1339,2,7200,1.00522778193
600084,600092,601430,8,1338,2,7200,1.00597907324
600095,600101,601416,6,1315,2,7200,1.00456273764
600106,600134,601459,28,1325,2,7200,1.02113207547
600137,600178,601503,41,1325,2,7200,1.03094339623
600179,600198,601543,19,1345,2,7200,1.01412639405
600200,600276,601591,76,1315,2,7200,1.05779467681
600272,600283,601591,11,1308,2,7200,1.00840978593
600283,600421,601738,138,1317,2,7200,1.10478359909
600416,600485,601805,69,1320,2,7200,1.05227272727
600489,600495,601830,6,1335,2,7200,1.00449438202
600500,600521,601846,21,1325,2,7200,1.0158490566
600520,600562,601906,42,1344,2,7200,1.03125
600562,600644,601968,82,1324,2,7200,1.06193353474
600647,600665,601967,18,1302,2,7200,1.01382488479
600668,600677,602032,9,1355,2,7200,1.00664206642
600679,600685,602030,6,1345,2,7200,1.00446096654
600689,600697,602013,8,1316,2,7200,1.00607902736
600700,600706,602028,6,1322,2,7200,1.00453857791
600711,600718,602100,7,1382,2,7200,1.00506512301
600722,600753,602121,31,1368,2,7200,1.02266081871
600753,600769,602106,16,1337,2,7200,1.0119670905
600774,600782,602123,8,1341,2,7200,1.00596569724
600785,600792,602118,7,1326,2,7200,1.00527903469
600795,600806,602147,11,1341,2,7200,1.00820283371
600806,600812,602137,6,1325,2,7200,1.00452830189
600817,600838,602171,21,1333,2,7200,1.01575393848
600838,600847,602184,9,1337,2,7200,1.00673148841
600849,600862,602213,13,1351,2,7200,1.00962250185
600859,600870,602218,11,1348,2,7200,1.00816023739
600870,600884,602195,14,1311,2,7200,1.01067887109
600881,600894,602209,13,1315,2,7200,1.00988593156
600891,600916,602252,25,1336,2,7200,1.01871257485
600912,600926,602262,14,1336,2,7200,1.01047904192
600923,600933,602270,10,1337,2,7200,1.00747943156
600934,600942,602276,8,1334,2,7200,1.0059970015
600945,600952,602272,7,1320,2,7200,1.0053030303
600955,600962,602293,7,1331,2,7200,1.00525920361
600966,600972,602320,6,1348,2,7200,1.00445103858
600978,600984,602314,6,1330,2,7200,1.0045112782
600988,600995,602328,7,1333,2,7200,1.00525131283
600999,601005,602334,6,1329,2,7200,1.00451467269
601010,601017,602357,7,1340,2,7200,1.0052238806
601021,601028,602352,7,1324,2,7200,1.00528700906
601031,601038,602388,7,1350,2,7200,1.00518518519
601042,601048,602396,6,1348,2,7200,1.00445103858
601053,601071,602393,18,1322,2,7200,1.01361573374
601074,601103,602435,29,1332,2,7200,1.02177177177
601105,601116,602464,11,1348,2,7200,1.00816023739
601116,601138,602477,22,1339,2,7200,1.01643017177
601137,601145,602481,8,1336,2,7200,1.00598802395
601148,601159,602511,11,1352,2,7200,1.00813609467
601159,601165,602535,6,1370,2,7200,1.00437956204
601170,601177,602526,7,1349,2,7200,1.00518902891
601181,601187,602544,6,1357,2,7200,1.00442151805
601191,601198,602526,7,1328,2,7200,1.00527108434
601202,601212,602542,10,1330,2,7200,1.00751879699
601213,601219,602563,6,1344,2,7200,1.00446428571
601224,601234,602578,10,1344,2,7200,1.00744047619
601235,601256,602605,21,1349,2,7200,1.01556708673
601256,601334,602661,78,1327,2,7200,1.05877920121
601338,601344,602697,6,1353,2,7200,1.0044345898
601349,601375,602691,26,1316,2,7200,1.01975683891
601380,601387,602734,7,1347,2,7200,1.00519673348
601391,601397,602713,6,1316,2,7200,1.00455927052
601402,601409,602799,7,1390,2,7200,1.00503597122
601413,601428,602798,15,1370,2,7200,1.01094890511
601423,601435,602781,12,1346,2,7200,1.00891530461
601434,601442,602774,8,1332,2,7200,1.00600600601
601445,601472,602825,27,1353,2,7200,1.0199556541
601476,601515,602852,39,1337,2,7200,1.0291697831
601518,601556,602898,38,1342,2,7200,1.02831594635
601559,601603,602960,44,1357,2,7200,1.03242446573
601601,601609,602952,8,1343,2,7200,1.0059568131
601612,601750,603095,138,1345,2,7200,1.10260223048
601745,601817,603150,72,1333,2,7200,1.05401350338
601817,601842,603188,25,1346,2,7200,1.01857355126
601838,601858,603201,20,1343,2,7200,1.01489203276
601859,601917,603237,58,1320,2,7200,1.04393939394
601921,601979,603314,58,1335,2,7200,1.04344569288
601983,601991,603305,8,1314,2,7200,1.00608828006
601994,602025,603376,31,1351,2,7200,1.02294596595
602025,602040,603394,15,1354,2,7200,1.01107828656
602036,602048,603375,12,1327,2,7200,1.00904295403
602047,602055,603390,8,1335,2,7200,1.00599250936
602058,602111,603448,53,1337,2,7200,1.03964098728
602109,602119,603449,10,1330,2,7200,1.00751879699
602120,602129,603448,9,1319,2,7200,1.00682335102
602131,602137,603486,6,1349,2,7200,1.00444773907
602142,602149,603502,7,1353,2,7200,1.0051736881
602152,602158,603492,6,1334,2,7200,1.00449775112
602163,602173,603545,10,1372,2,7200,1.00728862974
602174,602182,603495,8,1313,2,7200,1.00609291698
602184,602196,603501,12,1305,2,7200,1.0091954023
602195,602207,603535,12,1328,2,7200,1.00903614458
602206,602221,603609,15,1388,2,7200,1.01080691643
602217,602228,603564,11,1336,2,7200,1.00823353293
602227,602235,603583,8,1348,2,7200,1.0059347181
602238,602264,603637,26,1373,2,7200,1.01893663511
602259,602283,603607,24,1324,2,7200,1.01812688822
602280,602291,603627,11,1336,2,7200,1.00823353293
602291,602307,603640,16,1333,2,7200,1.01200300075
602293,602300,602363,7,63,2,3540,1.11111111111
602312,602326,603628,14,1302,2,7200,1.01075268817
602323,602333,603680,10,1347,2,7200,1.00742390497
602333,602340,603679,7,1339,2,7200,1.00522778193
602344,602350,603670,6,1320,2,7200,1.00454545455
602355,602363,603684,8,1321,2,7200,1.00605601817
602366,602372,603693,6,1321,2,7200,1.00454201363
602376,602400,603707,24,1307,2,7200,1.01836266259
602397,602407,603750,10,1343,2,7200,1.00744601638
602408,602415,603776,7,1361,2,7200,1.005143277
602419,602447,603796,28,1349,2,7200,1.02075611564
602450,602476,603812,26,1336,2,7200,1.01946107784
602471,602489,603849,18,1360,2,7200,1.01323529412
602492,602555,603905,63,1350,2,7200,1.04666666667
602554,602617,603954,63,1337,2,7200,1.04712041885
602616,602673,604013,57,1340,2,7200,1.04253731343
602678,602704,604025,26,1321,2,7200,1.01968205905
602709,602715,604044,6,1329,2,7200,1.00451467269
602720,602726,604054,6,1328,2,7200,1.00451807229
602731,602786,604089,55,1303,2,7200,1.04221028396
602782,602810,604131,28,1321,2,7200,1.02119606359
602813,602820,604140,7,1320,2,7200,1.0053030303
602824,602838,604163,14,1325,2,7200,1.01056603774
602835,602865,604199,30,1334,2,7200,1.02248875562
602866,602909,604247,43,1338,2,7200,1.03213751868
602908,602963,604303,55,1340,2,7200,1.04104477612
602959,602972,604311,13,1339,2,7200,1.00970873786
602970,603107,604418,137,1311,2,7200,1.10450038139
603104,603212,604527,108,1315,2,7200,1.08212927757
603217,603249,604565,32,1316,2,7200,1.02431610942
603248,603316,604623,68,1307,2,7200,1.05202754399
603320,603326,604648,6,1322,2,7200,1.00453857791
603331,603389,604679,58,1290,2,7200,1.04496124031
603393,603459,604799,66,1340,2,7200,1.04925373134
603455,603467,604829,12,1362,2,7200,1.00881057269
603466,603473,604819,7,1346,2,7200,1.00520059435
603476,603558,604899,82,1341,2,7200,1.06114839672
603559,603594,604933,35,1339,2,7200,1.02613890963
603590,603619,604948,29,1329,2,7200,1.02182091798
603623,603630,604954,7,1324,2,7200,1.00528700906
603634,603640,604946,6,1306,2,7200,1.0045941807
603644,603651,604957,7,1306,2,7200,1.00535987749
603645,603656,604966,11,1310,2,7200,1.00839694656
603655,603663,604971,8,1308,2,7200,1.00611620795
603666,603682,605010,16,1328,2,7200,1.01204819277
603678,603690,605020,12,1330,2,7200,1.00902255639
603689,603698,605022,9,1324,2,7200,1.00679758308
603699,603706,605057,7,1351,2,7200,1.00518134715
603710,603716,605033,6,1317,2,7200,1.00455580866
603721,603728,605035,7,1307,2,7200,1.00535577659
603731,603761,605066,30,1305,2,7200,1.02298850575
603762,603790,605102,28,1312,2,7200,1.02134146341
603794,603808,605112,14,1304,2,7200,1.01073619632
603804,603823,605131,19,1308,2,7200,1.01452599388
603825,603860,605169,35,1309,2,7200,1.02673796791
603856,603916,605272,60,1356,2,7200,1.04424778761
603918,603965,605327,47,1362,2,7200,1.03450807636
603970,604025,605360,55,1335,2,7200,1.04119850187
604022,604037,605349,15,1312,2,7200,1.01143292683
604032,604057,605380,25,1323,2,7200,1.01889644747
604053,604066,605377,13,1311,2,7200,1.00991609458
604064,604102,605423,38,1321,2,7200,1.0287660863
604105,604143,605452,38,1309,2,7200,1.02902979374
604147,604153,605496,6,1343,2,7200,1.00446760983
604157,604174,605478,17,1304,2,7200,1.01303680982
604178,604211,605540,33,1329,2,7200,1.02483069977
604210,604258,605575,48,1317,2,7200,1.03644646925
604261,604315,605665,54,1350,2,7200,1.04
604313,604324,605645,11,1321,2,7200,1.00832702498
604324,604430,605773,106,1343,2,7200,1.07892777364
604426,604540,605838,114,1298,2,7200,1.08782742681
604539,604576,605903,37,1327,2,7200,1.0278824416
604581,604635,605948,54,1313,2,7200,1.04112718964
604633,604660,605976,27,1316,2,7200,1.02051671733
604664,604691,605997,27,1306,2,7200,1.02067381317
604695,604811,606109,116,1298,2,7200,1.08936825886
