SubmitTime,StartTime,EndTime,QueuedTime,RunTime,NodesRequested,walltime,bslowdown
16644,37520,37636,20876,116,1,1800,180.965517241
19986,37525,37566,17539,41,1,1800,428.780487805
21532,37494,80739,15962,43245,14,43200,1.36910625506
34812,37504,325534,2692,288030,1,288000,1.00934624865
37859,37867,37944,8,77,1,1800,1.1038961039
37941,37949,38059,8,110,1,1800,1.07272727273
38460,38468,38685,8,217,1,1800,1.03686635945
38717,38725,39272,8,547,1,1800,1.01462522852
39963,39970,40000,7,30,1,1800,1.23333333333
40282,40290,40348,8,58,1,1800,1.13793103448
40879,40886,40933,7,47,1,1800,1.14893617021
41055,41062,41192,7,130,1,1800,1.05384615385
41251,41258,41333,7,75,1,1800,1.09333333333
42310,42317,42577,7,260,1,1800,1.02692307692
53905,53912,267943,7,214031,8,216000,1.00003270554
62480,62487,62490,7,3,16,3600,1.0
63090,63097,63369,7,272,16,3600,1.02573529412
63791,63798,64066,7,268,16,3600,1.02611940299
64394,64401,64403,7,2,16,3600,1.0
64536,64542,64548,6,6,16,3600,1.2
66708,66715,66981,7,266,16,3600,1.02631578947
67334,67342,67345,8,3,16,3600,1.1
67654,67661,67664,7,3,16,3600,1.0
73500,73508,73509,8,1,2,3540,1.0
85057,85063,85070,6,7,16,3600,1.3
87306,87312,87515,6,203,16,3600,1.02955665025
88081,88089,88160,8,71,16,3600,1.11267605634
103061,103067,103184,6,117,1,1800,1.05128205128
103503,103509,103610,6,101,1,1800,1.05940594059
104268,104274,104819,6,545,1,1800,1.01100917431
106375,106382,106421,7,39,1,1800,1.17948717949
106684,106691,106739,7,48,1,1800,1.14583333333
106707,106714,106788,7,74,1,1800,1.09459459459
107069,107075,107145,6,70,1,1800,1.08571428571
107319,107325,107568,6,243,1,1800,1.02469135802
108108,108114,108397,6,283,1,1800,1.02120141343
108917,108924,108953,7,29,1,1800,1.24137931034
109262,109270,109330,8,60,1,1800,1.13333333333
110070,110078,110200,8,122,1,1800,1.06557377049
116117,116123,116132,6,9,2,36000,1.5
117339,117345,117348,6,3,2,600,1.0
117586,117592,117593,6,1,2,600,1.0
117913,117920,117921,7,1,2,600,1.0
118116,118123,118133,7,10,2,600,1.7
118926,118932,118940,6,8,2,600,1.4
119251,119257,119264,6,7,2,600,1.3
119648,119655,119656,7,1,2,600,1.0
120287,120294,120301,7,7,2,600,1.4
120600,120606,120613,6,7,2,600,1.3
121090,121100,121106,10,6,2,600,1.6
121504,121510,121517,6,7,2,600,1.3
121835,121842,121848,7,6,2,600,1.3
122234,122241,122242,7,1,2,600,1.0
123517,123523,151211,6,27688,14,43200,1.00021670038
124468,124475,125193,7,718,2,43200,1.00974930362
125554,125561,128944,7,3383,2,36000,1.00206916938
125952,125958,125969,6,11,20,14400,1.54545454545
126188,126194,126219,6,25,40,14400,1.24
126208,126214,126304,6,90,20,14400,1.06666666667
126269,126275,132158,6,5883,2,43200,1.00101988781
126290,126296,132438,6,6142,40,14400,1.00097688049
126350,126357,127463,7,1106,1,1800,1.00632911392
127085,127092,134768,7,7676,2,72000,1.0009119333
127819,127825,131803,6,3978,10,14399,1.00150829563
127879,127886,131705,7,3819,10,10799,1.00183294056
128704,128710,130343,6,1633,20,14400,1.00367421923
128742,128749,140838,7,12089,2,21600,1.0005790388
129481,129487,134637,6,5150,2,90000,1.00116504854
129753,129760,134628,7,4868,2,28800,1.0014379622
130497,130504,130965,7,461,2,28800,1.01518438178
131993,131999,132038,6,39,2,36000,1.15384615385
131994,132005,132042,11,37,2,36000,1.2972972973
131995,132010,132048,15,38,2,36000,1.39473684211
131997,132015,132055,18,40,2,36000,1.45
131998,132020,132065,22,45,2,36000,1.48888888889
131999,132026,132065,27,39,2,36000,1.69230769231
132001,132032,132072,31,40,2,36000,1.775
132002,132037,132077,35,40,2,36000,1.875
132004,132042,132082,38,40,2,36000,1.95
132005,132047,132087,42,40,2,36000,2.05
132006,132052,132093,46,41,2,36000,2.12195121951
132008,132058,132100,50,42,2,36000,2.19047619048
132009,132063,132103,54,40,2,36000,2.35
132010,132068,132109,58,41,2,36000,2.41463414634
132012,132073,132113,61,40,2,36000,2.525
132013,132078,132118,65,40,2,36000,2.625
132015,132083,132122,68,39,2,36000,2.74358974359
132016,132090,132129,74,39,2,36000,2.89743589744
132017,132095,132139,78,44,2,36000,2.77272727273
132019,132100,132141,81,41,2,36000,2.9756097561
132021,132105,132144,84,39,2,36000,3.15384615385
132022,132110,132154,88,44,2,36000,3.0
132024,132116,132155,92,39,2,36000,3.35897435897
132025,132121,132164,96,43,2,36000,3.23255813953
132026,132126,132166,100,40,2,36000,3.5
132028,132133,132172,105,39,2,36000,3.69230769231
132029,132138,132191,109,53,2,36000,3.05660377358
132031,132143,132191,112,48,2,36000,3.33333333333
132032,132148,132192,116,44,2,36000,3.63636363636
132033,132154,132200,121,46,2,36000,3.63043478261
132035,132159,132200,124,41,2,36000,4.0243902439
132036,132164,132200,128,36,2,36000,4.55555555556
132037,132169,132200,132,31,2,36000,5.25806451613
132039,132174,132200,135,26,2,36000,6.19230769231
132040,132179,132200,139,21,2,36000,7.61904761905
132041,132185,132200,144,15,2,36000,10.6
132043,132190,132200,147,10,2,36000,15.7
132044,132195,132200,151,5,2,36000,15.6
132046,132200,132201,154,1,2,36000,15.5
132047,132205,132206,158,1,2,36000,15.9
132234,132240,132277,6,37,2,36000,1.16216216216
132258,132264,164600,6,32336,10,43200,1.00018555171
132444,132450,132486,6,36,2,36000,1.16666666667
132627,132634,132694,7,60,2,36000,1.11666666667
132708,132715,133575,7,860,2,36000,1.00813953488
132710,132721,133575,11,854,2,36000,1.01288056206
132711,132726,133575,15,849,2,36000,1.01766784452
132712,132731,133575,19,844,2,36000,1.02251184834
132714,132736,133575,22,839,2,36000,1.02622169249
132715,132742,133575,27,833,2,36000,1.03241296519
132716,132748,133575,32,827,2,36000,1.03869407497
132718,132753,133575,35,822,2,36000,1.04257907543
132719,132758,133575,39,817,2,36000,1.04773561812
132721,132763,133575,42,812,2,36000,1.05172413793
132722,132768,133575,46,807,2,36000,1.05700123916
132724,132774,133575,50,801,2,36000,1.06242197253
132725,132779,133575,54,796,2,36000,1.06783919598
132726,132784,133575,58,791,2,36000,1.07332490518
132728,132789,133575,61,786,2,36000,1.07760814249
132729,132794,133575,65,781,2,36000,1.08322663252
132730,132799,133575,69,776,2,36000,1.08891752577
132731,132805,133575,74,770,2,36000,1.0961038961
132733,132810,133575,77,765,2,36000,1.10065359477
132734,132815,133575,81,760,2,36000,1.10657894737
132735,132820,133576,85,756,2,36000,1.11243386243
132737,132825,133576,88,751,2,36000,1.1171770972
132738,132830,133576,92,746,2,36000,1.12332439678
132739,132837,133576,98,739,2,36000,1.13261163735
132740,132842,133576,102,734,2,36000,1.13896457766
132742,132847,133576,105,729,2,36000,1.14403292181
132743,132853,133576,110,723,2,36000,1.15214384509
132744,132858,133576,114,718,2,36000,1.15877437326
134637,134644,135024,7,380,2,36000,1.01842105263
134639,134650,135024,11,374,2,36000,1.02941176471
134640,134655,135024,15,369,2,36000,1.0406504065
134641,134660,135024,19,364,2,36000,1.0521978022
134643,134665,135024,22,359,2,36000,1.06128133705
134644,134671,135024,27,353,2,36000,1.07648725212
134723,134729,138089,6,3360,2,43200,1.00178571429
135044,135050,138715,6,3665,2,43200,1.00163710778
135082,135088,136646,6,1558,2,36000,1.00385109114
135083,135094,136646,11,1552,2,36000,1.00708762887
135084,135099,136647,15,1548,2,36000,1.00968992248
135086,135104,136646,18,1542,2,36000,1.01167315175
135087,135109,136646,22,1537,2,36000,1.01431359792
135088,135115,136646,27,1531,2,36000,1.01763553233
135090,135121,136646,31,1525,2,36000,1.02032786885
135091,135126,136646,35,1520,2,36000,1.02302631579
135092,135131,136646,39,1515,2,36000,1.02574257426
135094,135136,136646,42,1510,2,36000,1.02781456954
135095,135142,136646,47,1504,2,36000,1.03125
135096,135147,136646,51,1499,2,36000,1.03402268179
135097,135152,136648,55,1496,2,36000,1.03676470588
135099,135157,136646,58,1489,2,36000,1.03895231699
135100,135162,136646,62,1484,2,36000,1.04177897574
135101,135168,136646,67,1478,2,36000,1.04533152909
135103,135173,136646,70,1473,2,36000,1.04752206382
135104,135178,136646,74,1468,2,36000,1.05040871935
135105,135183,136646,78,1463,2,36000,1.05331510595
135107,135188,136646,81,1458,2,36000,1.05555555556
135108,135193,136646,85,1453,2,36000,1.05849965588
135109,135198,136646,89,1448,2,36000,1.0614640884
135110,135204,136646,94,1442,2,36000,1.06518723994
135112,135209,136646,97,1437,2,36000,1.06750173974
135113,135214,136648,101,1434,2,36000,1.07043235704
135114,135219,136646,105,1427,2,36000,1.07358093903
135116,135224,136646,108,1422,2,36000,1.07594936709
135117,135230,136646,113,1416,2,36000,1.07980225989
135118,135507,136646,389,1139,2,36000,1.34152765584
135120,135512,136646,392,1134,2,36000,1.34567901235
135121,135517,136646,396,1129,2,36000,1.35075287865
135122,135523,136646,401,1123,2,36000,1.357079252
135123,135528,136646,405,1118,2,36000,1.36225402504
135125,135533,136646,408,1113,2,36000,1.36657681941
135126,135538,136646,412,1108,2,36000,1.37184115523
135127,135543,136646,416,1103,2,36000,1.3771532185
135129,135548,136646,419,1098,2,36000,1.38160291439
135130,135554,136646,424,1092,2,36000,1.38827838828
135131,135559,136646,428,1087,2,36000,1.39374425023
135132,135564,136646,432,1082,2,36000,1.39926062847
136523,136529,151469,6,14940,4,28800,1.00040160643
136905,136911,141818,6,4907,2,28800,1.00122274302
137278,137284,139045,6,1761,2,36000,1.00340715503
137279,137290,139045,11,1755,2,36000,1.00626780627
137280,137295,139045,15,1750,2,36000,1.00857142857
137282,137300,139045,18,1745,2,36000,1.01031518625
137283,137305,139045,22,1740,2,36000,1.01264367816
137284,137310,139046,26,1736,2,36000,1.01497695853
137286,137316,139045,30,1729,2,36000,1.01735106998
137287,137321,139045,34,1724,2,36000,1.01972157773
137288,137326,139045,38,1719,2,36000,1.02210587551
137289,137331,139045,42,1714,2,36000,1.02450408401
137291,137337,139045,46,1708,2,36000,1.02693208431
137292,137342,139046,50,1704,2,36000,1.029342723
137293,137347,139045,54,1698,2,36000,1.03180212014
137295,137352,139046,57,1694,2,36000,1.03364817001
137296,137357,139046,61,1689,2,36000,1.036116045
137297,137362,139046,65,1684,2,36000,1.03859857482
137298,137368,139046,70,1678,2,36000,1.04171632896
137300,137373,139046,73,1673,2,36000,1.04363419008
137302,137378,139046,76,1668,2,36000,1.04556354916
137303,137383,139046,80,1663,2,36000,1.04810583283
137304,137388,139046,84,1658,2,36000,1.05066344994
137305,137393,139046,88,1653,2,36000,1.05323653962
137307,137399,139046,92,1647,2,36000,1.05585913783
137308,137404,139046,96,1642,2,36000,1.05846528624
137309,137409,139046,100,1637,2,36000,1.06108735492
137311,137414,139046,103,1632,2,36000,1.0631127451
137312,137420,139046,108,1626,2,36000,1.06642066421
137313,137425,139046,112,1621,2,36000,1.06909315238
137314,137430,139046,116,1616,2,36000,1.07178217822
137316,137435,139046,119,1611,2,36000,1.07386716325
137317,137440,139046,123,1606,2,36000,1.07658779577
137318,137446,139046,128,1600,2,36000,1.08
137320,137451,139046,131,1595,2,36000,1.08213166144
137321,137456,139046,135,1590,2,36000,1.08490566038
137322,137461,139046,139,1585,2,36000,1.08769716088
137324,137466,139046,142,1580,2,36000,1.08987341772
137325,137471,139046,146,1575,2,36000,1.0926984127
137326,137559,139046,233,1487,2,36000,1.15669132482
137327,137565,139046,238,1481,2,36000,1.16070222822
137329,137570,139046,241,1476,2,36000,1.16327913279
137518,137524,142748,6,5224,2,28800,1.00114854518
137610,137616,171711,6,34095,4,72000,1.00017597888
137914,137923,139376,9,1453,2,28800,1.00619408121
139440,139446,140225,6,779,2,28800,1.00770218228
139967,139973,162817,6,22844,14,43200,1.00026265102
140214,140220,141757,6,1537,80,36000,1.00390370852
140392,140398,141585,6,1187,2,28800,1.0050547599
140485,140492,154579,7,14087,2,14400,1.00049691205
140614,140619,141698,5,1079,2,57600,1.0046339203
140647,140653,145331,6,4678,2,14400,1.0012825994
141594,141600,166534,6,24934,14,43200,1.00024063528
141731,141737,141820,6,83,2,57600,1.07228915663
141830,141836,142679,6,843,2,57600,1.00711743772
142049,142055,145621,6,3566,2,28800,1.00168255749
142505,142512,142601,7,89,80,36000,1.07865168539
142527,142612,145701,85,3089,80,36000,1.02751699579
142690,142696,143239,6,543,2,57600,1.01104972376
142826,142832,146306,6,3474,2,28800,1.00172711572
143337,143343,200989,6,57646,2,57600,1.00010408354
145734,145740,145848,6,108,2,36000,1.05555555556
145736,145746,145848,10,102,2,36000,1.09803921569
145737,145751,145848,14,97,2,36000,1.14432989691
145738,145756,145848,18,92,2,36000,1.19565217391
145739,145761,145850,22,89,2,36000,1.24719101124
145741,145766,145848,25,82,2,36000,1.30487804878
145742,145773,145848,31,75,2,36000,1.41333333333
145743,145778,145848,35,70,2,36000,1.5
145745,145783,145850,38,67,2,36000,1.5671641791
145746,145788,145848,42,60,2,36000,1.7
145747,145793,145850,46,57,2,36000,1.80701754386
145748,145798,145848,50,50,2,36000,2.0
145750,145804,145848,54,44,2,36000,2.22727272727
145751,145809,145848,58,39,2,36000,2.48717948718
145753,145814,145848,61,34,2,36000,2.79411764706
145754,145819,145848,65,29,2,36000,3.24137931034
145756,145824,145848,68,24,2,36000,3.83333333333
145757,145829,145848,72,19,2,36000,4.78947368421
145758,145835,145848,77,13,2,36000,6.92307692308
145759,145840,145848,81,8,2,36000,8.9
145761,145845,145848,84,3,2,36000,8.7
145762,145850,145851,88,1,2,36000,8.9
145763,145855,145856,92,1,2,36000,9.3
145765,145861,145862,96,1,2,36000,9.7
145766,145866,145867,100,1,2,36000,10.1
145767,145871,145872,104,1,2,36000,10.5
145843,145878,154906,35,9028,2,43200,1.00387682765
145946,145952,433984,6,288032,1,288000,1.00002083102
146018,146024,434034,6,288010,1,288000,1.00002083261
146067,146073,434113,6,288040,1,288000,1.00002083044
146094,146100,149403,6,3303,2,36000,1.00181653043
146095,146106,149773,11,3667,2,36000,1.0029997273
146097,146111,149156,14,3045,2,36000,1.00459770115
146098,146116,150600,18,4484,2,36000,1.00401427297
146099,146121,149051,22,2930,2,36000,1.00750853242
146100,146126,151887,26,5761,2,36000,1.00451310536
146102,146133,152144,31,6011,2,36000,1.00515721178
146103,146138,149279,35,3141,2,36000,1.01114294811
146105,146143,150101,38,3958,2,36000,1.00960080849
146106,146148,149854,42,3706,2,36000,1.01133297356
146107,146153,149717,46,3564,2,36000,1.01290684624
146108,146159,151012,51,4853,2,36000,1.01050896353
146110,146164,150119,54,3955,2,36000,1.01365360303
146111,146169,149933,58,3764,2,36000,1.01540913921
146112,146174,151288,62,5114,2,36000,1.01212358232
146114,146179,149611,65,3432,2,36000,1.01893939394
146115,146185,150140,70,3955,2,36000,1.01769911504
146116,146190,151299,74,5109,2,36000,1.01448424349
146117,146195,148995,78,2800,2,36000,1.02785714286
146119,146200,149093,81,2893,2,36000,1.02799861735
146120,146205,148868,85,2663,2,36000,1.03191888847
146122,146210,150400,88,4190,2,36000,1.02100238663
146123,146215,149878,92,3663,2,36000,1.02511602512
146124,146221,149297,97,3076,2,36000,1.03153446034
146126,146226,150023,100,3797,2,36000,1.02633658151
146127,146231,151537,104,5306,2,36000,1.01960045232
146128,146242,150117,114,3875,2,36000,1.02941935484
146130,146247,149302,117,3055,2,36000,1.03829787234
146131,146252,151193,121,4941,2,36000,1.02448896984
146132,146257,151663,125,5406,2,36000,1.02312245653
146134,146262,149257,128,2995,2,36000,1.04273789649
146136,146268,149379,132,3111,2,36000,1.04243008679
146137,146273,149540,136,3267,2,36000,1.04162840526
146139,146278,149451,139,3173,2,36000,1.0438071226
146140,146283,149123,143,2840,2,36000,1.05035211268
146141,146288,151916,147,5628,2,36000,1.02611940299
146142,146293,151873,151,5580,2,36000,1.0270609319
146144,146773,150534,629,3761,2,36000,1.16724275459
146145,146762,152633,617,5871,2,36000,1.10509282916
146146,146767,150773,621,4006,2,36000,1.15501747379
146346,146352,153264,6,6912,2,14400,1.00086805556
146612,146618,151804,6,5186,2,10800,1.00115696105
148243,148249,152089,6,3840,2,43200,1.0015625
149265,149271,152761,6,3490,2,36000,1.00171919771
149266,149277,150634,11,1357,2,36000,1.00810611643
149268,149282,153226,14,3944,2,36000,1.00354969574
149269,149287,157369,18,8082,2,36000,1.00222717149
149271,149292,157370,21,8078,2,36000,1.00259965338
149272,149299,152141,27,2842,2,36000,1.00950035186
149273,149304,154657,31,5353,2,36000,1.00579114515
149284,149309,152942,25,3633,2,36000,1.00688136526
149285,149315,153058,30,3743,2,36000,1.00801496126
149287,149320,151955,33,2635,2,36000,1.01252371917
149288,149390,153881,102,4491,2,36000,1.02271209085
149289,149414,157370,125,7956,2,36000,1.01571141277
149291,149462,155104,171,5642,2,36000,1.03030840128
149305,149551,153164,246,3613,2,36000,1.06808746194
149307,149622,153513,315,3891,2,36000,1.08095605243
149309,149784,153112,475,3328,2,36000,1.14272836538
149310,149890,153934,580,4044,2,36000,1.1434223541
149311,150546,154812,1235,4266,2,36000,1.28949835912
149313,150611,154290,1298,3679,2,36000,1.35281326447
149314,150645,153957,1331,3312,2,36000,1.40187198068
149358,149364,152184,6,2820,2,43200,1.00212765957
149380,149865,154609,485,4744,2,36000,1.10223440135
149403,149729,154876,326,5147,2,36000,1.06333786672
149451,150112,153073,661,2961,2,36000,1.22323539345
149541,150784,153623,1243,2839,2,36000,1.43783022191
149613,150134,153220,521,3086,2,36000,1.16882696047
149720,149944,153269,224,3325,2,36000,1.06736842105
149778,151898,154731,2120,2833,2,36000,1.74832333216
149856,150152,154833,296,4681,2,36000,1.06323435163
149881,151967,157352,2086,5385,2,36000,1.38737233055
149935,150412,153844,477,3432,2,36000,1.13898601399
150025,150034,154372,9,4338,2,36000,1.0020746888
150102,151023,153541,921,2518,2,36000,1.36576648133
150117,150128,153397,11,3269,2,36000,1.00336494341
150132,151299,155659,1167,4360,2,36000,1.26766055046
150146,151309,157346,1163,6037,2,36000,1.19264535365
150257,150263,179087,6,28824,2,28800,1.00020815987
150403,151548,155001,1145,3453,2,36000,1.33159571387
150537,151205,156134,668,4929,2,36000,1.13552444715
150600,151674,155849,1074,4175,2,36000,1.25724550898
150775,151927,155383,1152,3456,2,36000,1.33333333333
151011,151884,155828,873,3944,2,36000,1.22134888438
151195,152158,156737,963,4579,2,36000,1.2103079275
151288,152644,157370,1356,4726,2,36000,1.28692340245
151304,152772,157370,1468,4598,2,36000,1.3192692475
151338,151345,179666,7,28321,14,43200,1.00024716641
151538,153084,157370,1546,4286,2,36000,1.36070928605
151665,153123,156134,1458,3011,2,36000,1.48422451013
151876,153175,157145,1299,3970,2,36000,1.32720403023
151891,152152,155724,261,3572,2,36000,1.07306830907
151917,153232,156307,1315,3075,2,36000,1.42764227642
152144,152953,157370,809,4417,2,36000,1.18315598823
152635,153070,156119,435,3049,2,36000,1.14266972778
152764,153238,156881,474,3643,2,36000,1.13011254461
152945,153280,157370,335,4090,2,36000,1.08190709046
153080,153409,157370,329,3961,2,36000,1.08305983338
153115,153552,157370,437,3818,2,36000,1.11445783133
153166,153634,157370,468,3736,2,36000,1.12526766595
153222,153855,157376,633,3521,2,36000,1.17977847202
153237,153945,157370,708,3425,2,36000,1.20671532847
153270,153968,157370,698,3402,2,36000,1.2051734274
153399,154302,157370,903,3068,2,36000,1.2943285528
153516,153524,157370,8,3846,2,36000,1.0020800832
153545,153892,157370,347,3478,2,36000,1.09976998275
153623,154383,157370,760,2987,2,36000,1.25443588885
153846,154620,157370,774,2750,2,36000,1.28145454545
153934,154742,157370,808,2628,2,36000,1.30745814307
153958,154823,157370,865,2547,2,36000,1.33961523361
154293,154669,157370,376,2701,2,36000,1.13920770085
154376,154844,157370,468,2526,2,36000,1.18527315914
154610,155012,157370,402,2358,2,36000,1.17048346056
154732,155394,157370,662,1976,2,36000,1.33502024291
154815,155671,157370,856,1699,2,36000,1.50382577987
154837,155735,157370,898,1635,2,36000,1.54923547401
154878,154887,157370,9,2483,2,36000,1.0036246476
155005,155115,157370,110,2255,2,36000,1.0487804878
155385,155839,157370,454,1531,2,36000,1.29653821032
155664,155861,157370,197,1509,2,36000,1.13055003313
155720,156130,157370,410,1240,2,36000,1.33064516129
155828,156145,157370,317,1225,2,36000,1.2587755102
155853,156151,157370,298,1219,2,36000,1.24446267432
156124,156318,157370,194,1052,2,36000,1.18441064639
156140,156748,157370,608,622,2,36000,1.97749196141
156141,156893,157370,752,477,2,36000,2.57651991614
156311,157157,157370,846,213,2,36000,4.97183098592
156739,157364,157370,625,6,2,36000,63.1
157344,157357,157370,13,13,2,36000,2.0
157409,157415,157416,6,1,2,36000,1.0
157534,158269,160443,735,2174,80,36000,1.33808647654
159886,159893,159894,7,1,2,3540,1.0
160302,160309,318225,7,157916,1,259200,1.00004432736
160457,160463,163141,6,2678,2,36000,1.00224047797
160458,160469,163652,11,3183,2,36000,1.00345585925
160459,160474,164715,15,4241,2,36000,1.00353690167
160461,160479,163192,18,2713,2,36000,1.00663472171
160462,160484,166064,22,5580,2,36000,1.00394265233
160463,160489,166353,26,5864,2,36000,1.00443383356
160465,160495,163694,30,3199,2,36000,1.0093779306
160466,160500,165842,34,5342,2,36000,1.00636465743
160467,160505,165669,38,5164,2,36000,1.00735863672
160468,160510,164168,42,3658,2,36000,1.01148168398
160470,160515,163232,45,2717,2,36000,1.01656238498
160471,160521,165349,50,4828,2,36000,1.01035625518
160472,160526,166177,54,5651,2,36000,1.00955583083
160474,160531,163533,57,3002,2,36000,1.01898734177
160475,160536,163204,61,2668,2,36000,1.02286356822
160476,160541,165325,65,4784,2,36000,1.01358695652
160477,160546,166210,69,5664,2,36000,1.01218220339
160479,160552,165676,73,5124,2,36000,1.01424668228
160481,160557,165756,76,5199,2,36000,1.01461819581
160482,160562,163848,80,3286,2,36000,1.02434570907
160483,160567,165456,84,4889,2,36000,1.01718142769
160485,160572,165145,87,4573,2,36000,1.01902471026
160486,160577,166402,91,5825,2,36000,1.0156223176
160487,160582,165811,95,5229,2,36000,1.01816790973
160488,160588,164185,100,3597,2,36000,1.02780094523
160490,160594,165408,104,4814,2,36000,1.021603656
160491,160599,163320,108,2721,2,36000,1.03969128997
160492,160604,163264,112,2660,2,36000,1.04210526316
160494,160610,165290,116,4680,2,36000,1.02478632479
160495,160615,163576,120,2961,2,36000,1.04052684904
160496,160620,165484,124,4864,2,36000,1.02549342105
160497,160625,165488,128,4863,2,36000,1.0263212009
160499,160630,163207,131,2577,2,36000,1.05083430345
160500,160635,165285,135,4650,2,36000,1.02903225806
160501,160641,164570,140,3929,2,36000,1.03563247646
160503,160646,163469,143,2823,2,36000,1.05065533121
160504,160651,166666,147,6015,2,36000,1.02443890274
160505,160656,164289,151,3633,2,36000,1.04156344619
160506,160661,164142,155,3481,2,36000,1.04452743465
160508,160666,163849,158,3183,2,36000,1.04963870562
163139,163152,168720,13,5568,2,36000,1.00233477011
163194,163203,166432,9,3229,2,36000,1.00278724063
163211,163217,167086,6,3869,2,36000,1.00155078832
163213,163223,168819,10,5596,2,36000,1.00178699071
163234,163244,165840,10,2596,2,36000,1.00385208012
163269,163275,168757,6,5482,2,36000,1.00109449106
163320,163331,167308,11,3977,2,36000,1.00276590395
163470,163481,166895,11,3414,2,36000,1.00322202695
163536,163544,169068,8,5524,2,36000,1.00144822592
163578,163587,167201,9,3614,2,36000,1.00249031544
163653,163664,167188,11,3524,2,36000,1.00312145289
163697,163705,166397,8,2692,2,36000,1.0029717682
163854,163859,166728,5,2869,2,36000,1.00174276751
163855,163865,169029,10,5164,2,36000,1.00193648335
164144,164153,167822,9,3669,2,36000,1.00245298446
164171,164179,168379,8,4200,2,36000,1.0019047619
164186,164196,168113,10,3917,2,36000,1.00255297421
164291,164301,167344,10,3043,2,36000,1.00328623069
164572,164582,168432,10,3850,2,36000,1.0025974026
164716,164726,167586,10,2860,2,36000,1.0034965035
165148,165156,171188,8,6032,2,36000,1.00132625995
165287,165296,171246,9,5950,2,36000,1.00151260504
165302,165308,169097,6,3789,2,36000,1.00158353127
165325,165336,168343,11,3007,2,36000,1.00365813103
165352,165360,169024,8,3664,2,36000,1.00218340611
165409,165419,169470,10,4051,2,36000,1.00246852629
165457,165467,170811,10,5344,2,36000,1.00187125749
165487,165496,168502,9,3006,2,36000,1.00299401198
165501,165507,168390,6,2883,2,36000,1.00208116545
165672,165680,170831,8,5151,2,36000,1.00155309649
165687,165693,170689,6,4996,2,36000,1.00120096077
165760,165768,169341,8,3573,2,36000,1.00223901483
165813,165822,170961,9,5139,2,36000,1.00175131349
165842,165851,171065,9,5214,2,36000,1.00172612198
165857,165863,168731,6,2868,2,36000,1.00209205021
166065,166075,171724,10,5649,2,36000,1.00177022482
166179,166188,171920,9,5732,2,36000,1.00157013259
166211,166222,170891,11,4669,2,36000,1.00235596487
166356,166365,172271,9,5906,2,36000,1.00152387403
166399,166409,169625,10,3216,2,36000,1.00310945274
166415,166421,169783,6,3362,2,36000,1.00178465199
166434,166444,172379,10,5935,2,36000,1.00168491997
166669,166677,172013,8,5336,2,36000,1.00149925037
166729,166739,171623,10,4884,2,36000,1.00204750205
166897,166907,172985,10,6078,2,36000,1.00164527805
167088,167097,172758,9,5661,2,36000,1.00158982512
167193,167199,172782,6,5583,2,36000,1.00107469103
167208,167214,169863,6,2649,2,36000,1.00226500566
167310,167319,172776,9,5457,2,36000,1.00164925783
167349,167355,173276,6,5921,2,36000,1.00101334234
167588,167597,173573,9,5976,2,36000,1.0015060241
167824,167833,173774,9,5941,2,36000,1.00151489648
168116,168124,172845,8,4721,2,36000,1.00169455624
168347,168354,171553,7,3199,2,36000,1.00218818381
168383,168389,173458,6,5069,2,36000,1.00118366542
168398,168404,172425,6,4021,2,36000,1.00149216613
168436,168443,174288,7,5845,2,36000,1.00119760479
168507,168514,172412,7,3898,2,36000,1.00179579271
168723,168732,171702,9,2970,2,36000,1.00303030303
168738,168744,173569,6,4825,2,36000,1.00124352332
168759,168768,173412,9,4644,2,36000,1.0019379845
168822,168830,173454,8,4624,2,36000,1.00173010381
169022,169035,174481,13,5446,2,36000,1.00238707308
169038,169044,172024,6,2980,2,36000,1.00201342282
169074,169080,174755,6,5675,2,36000,1.00105726872
169099,169108,174749,9,5641,2,36000,1.0015954618
169343,169352,172532,9,3180,2,36000,1.00283018868
169472,169481,175015,9,5534,2,36000,1.00162631008
169626,169636,174442,10,4806,2,36000,1.00208073242
169786,169794,175776,8,5982,2,36000,1.00133734537
169864,169874,175187,10,5313,2,36000,1.0018821758
170689,170700,176524,11,5824,2,36000,1.00188873626
170813,170822,175223,9,4401,2,36000,1.00204498978
170836,170843,177018,7,6175,2,36000,1.00113360324
170896,170902,176158,6,5256,2,36000,1.00114155251
170962,170973,174510,11,3537,2,36000,1.00310998021
171070,171076,176432,6,5356,2,36000,1.00112023898
171190,171199,176040,9,4841,2,36000,1.00185912002
171247,171257,177105,10,5848,2,36000,1.00170998632
171556,171564,174310,8,2746,2,36000,1.00291332848
171627,171634,176822,7,5188,2,36000,1.00134926754
171704,171713,175559,9,3846,2,36000,1.0023400936
171728,171736,177740,8,6004,2,36000,1.00133244504
171923,171931,176366,8,4435,2,36000,1.00180383315
172013,172024,177969,11,5945,2,36000,1.00185029437
172028,172035,177289,7,5254,2,36000,1.00133231823
172272,172283,177303,11,5020,2,36000,1.00219123506
172382,172390,176647,8,4257,2,36000,1.00187925769
172414,172423,178630,9,6207,2,36000,1.00144997583
172429,172436,178517,7,6081,2,36000,1.00115112646
172534,172544,178629,10,6085,2,36000,1.00164338537
172759,172770,178812,11,6042,2,36000,1.00182058921
172777,172788,178473,11,5685,2,36000,1.00193491645
172792,172798,176156,6,3358,2,36000,1.00178677784
172846,172857,175868,11,3011,2,36000,1.00365327134
172988,172996,178330,8,5334,2,36000,1.00149981252
173277,173287,179410,10,6123,2,36000,1.00163318635
173415,173423,178970,8,5547,2,36000,1.00144222102
173457,173465,177152,8,3687,2,36000,1.00216978573
173473,173479,179201,6,5722,2,36000,1.00104858441
173574,173579,176440,5,2861,2,36000,1.00174764069
173575,173586,179614,11,6028,2,36000,1.00182481752
173774,173785,179784,11,5999,2,36000,1.00183363894
173858,173864,224892,6,51028,4,72000,1.0001175825
174291,174299,178211,8,3912,2,36000,1.00204498978
174314,174321,180418,7,6097,2,36000,1.00114810563
174443,174453,179197,10,4744,2,36000,1.0021079258
174482,174492,180631,10,6139,2,36000,1.00162892979
174512,174521,180443,9,5922,2,36000,1.00151975684
174753,174760,177656,7,2896,2,36000,1.00241712707
174768,174774,179580,6,4806,2,36000,1.00124843945
175017,175026,180150,9,5124,2,36000,1.00175644028
175189,175198,180145,9,4947,2,36000,1.00181928441
175225,175235,181110,10,5875,2,36000,1.00170212766
175564,175570,179967,6,4397,2,36000,1.00136456675
175780,175788,181580,8,5792,2,36000,1.00138121547
175873,175879,181776,6,5897,2,36000,1.00101746651
176041,176051,180140,10,4089,2,36000,1.00244558572
176158,176167,181119,9,4952,2,36000,1.0018174475
176159,176173,179725,14,3552,2,36000,1.00394144144
176370,176378,181326,8,4948,2,36000,1.00161681487
176436,176443,182305,7,5862,2,36000,1.0011941317
176451,176457,182122,6,5665,2,36000,1.00105913504
176527,176535,182541,8,6006,2,36000,1.00133200133
176650,176658,180099,8,3441,2,36000,1.00232490555
176824,176833,182501,9,5668,2,36000,1.00158786168
177019,177029,181399,10,4370,2,36000,1.00228832952
177106,177117,182468,11,5351,2,36000,1.00205569053
177154,177163,181057,9,3894,2,36000,1.00231124807
177289,177300,182997,11,5697,2,36000,1.00193084079
177304,177315,181901,11,4586,2,36000,1.00239860445
177478,177484,177513,6,29,8,43200,1.20689655172
177595,177601,193896,6,16295,8,43200,1.00036821111
177659,177667,182997,8,5330,2,36000,1.00150093809
177743,177751,183539,8,5788,2,36000,1.00138217001
177972,177981,184000,9,6019,2,36000,1.00149526499
178212,178223,183928,11,5705,2,36000,1.00192813322
178332,178341,184258,9,5917,2,36000,1.00152104107
178474,178484,184376,10,5892,2,36000,1.00169721656
178518,178528,182570,10,4042,2,36000,1.00247402276
178629,178640,182919,11,4279,2,36000,1.00257069409
178644,178650,184586,6,5936,2,36000,1.00101078167
178815,178823,184822,8,5999,2,36000,1.00133355559
178971,178982,184623,11,5641,2,36000,1.00195000886
179200,179209,184787,9,5578,2,36000,1.00161348153
179215,179221,184816,6,5595,2,36000,1.00107238606
179410,179421,184378,11,4957,2,36000,1.00221908412
179581,179592,185151,11,5559,2,36000,1.00197877316
179617,179626,185604,9,5978,2,36000,1.00150552024
179729,179737,185125,8,5388,2,36000,1.00148478099
179786,179795,185673,9,5878,2,36000,1.00153113304
179969,179978,184835,9,4857,2,36000,1.00185299568
180102,180110,186185,8,6075,2,36000,1.00131687243
180140,180151,185685,11,5534,2,36000,1.00198771232
180155,180161,186139,6,5978,2,36000,1.00100368016
180157,180167,186049,10,5882,2,36000,1.00170010201
180421,180430,186221,9,5791,2,36000,1.00155413573
180445,180455,186258,10,5803,2,36000,1.0017232466
180634,180643,186622,9,5979,2,36000,1.00150526844
181058,181068,187126,10,6058,2,36000,1.00165070981
181112,181121,187061,9,5940,2,36000,1.00151515152
181127,181133,186888,6,5755,2,36000,1.00104257168
181328,181338,187397,10,6059,2,36000,1.00165043737
181400,181410,187292,10,5882,2,36000,1.00170010201
181583,181592,185923,9,4331,2,36000,1.00207804202
181778,181788,187860,10,6072,2,36000,1.00164690382
181902,181912,188037,10,6125,2,36000,1.00163265306
182125,182133,187975,8,5842,2,36000,1.00136939404
182308,182316,188117,8,5801,2,36000,1.00137907257
182468,182479,188378,11,5899,2,36000,1.00186472283
182503,182512,188568,9,6056,2,36000,1.00148612946
182542,182552,188354,10,5802,2,36000,1.00172354361
182572,182581,188682,9,6101,2,36000,1.00147516801
182921,182930,188856,9,5926,2,36000,1.00151873102
183000,183008,188606,8,5598,2,36000,1.00142908181
183001,183013,189097,12,6084,2,36000,1.00197238659
183330,183336,216951,6,33615,8,72000,1.00017849174
183540,183550,189726,10,6176,2,36000,1.00161917098
183931,183939,187954,8,4015,2,36000,1.00199252802
184003,184011,190016,8,6005,2,36000,1.00133222315
184259,184269,190199,10,5930,2,36000,1.00168634064
184379,184387,190315,8,5928,2,36000,1.00134952767
184380,184393,190165,13,5772,2,36000,1.00225225225
184588,184598,190641,10,6043,2,36000,1.00165480721
184624,184634,190604,10,5970,2,36000,1.00167504188
184790,184798,190818,8,6020,2,36000,1.00132890365
184820,184828,190934,8,6106,2,36000,1.0013101867
184834,184840,190514,6,5674,2,36000,1.00105745506
184849,184855,188833,6,3978,2,36000,1.00150829563
185126,185136,191063,10,5927,2,36000,1.0016871942
185153,185162,189033,9,3871,2,36000,1.00232498063
185604,185615,190734,11,5119,2,36000,1.0021488572
185676,185684,191517,8,5833,2,36000,1.00137150694
185691,185697,191579,6,5882,2,36000,1.0010200612
185925,185934,191723,9,5789,2,36000,1.00155467266
186049,186060,192163,11,6103,2,36000,1.00180239227
186142,186150,191836,8,5686,2,36000,1.00140696447
186187,186196,192091,9,5895,2,36000,1.00152671756
186223,186232,192279,9,6047,2,36000,1.00148834133
186259,186269,192220,10,5951,2,36000,1.00168038985
186623,186633,192528,10,5895,2,36000,1.00169635284
186891,186900,192829,9,5929,2,36000,1.00151796256
187063,187072,192878,9,5806,2,36000,1.00155012056
187128,187137,189932,9,2795,2,36000,1.00322003578
187294,187303,193440,9,6137,2,36000,1.00146651458
187399,187408,193446,9,6038,2,36000,1.00149055979
187862,187871,193723,9,5852,2,36000,1.00153793575
187955,187965,194084,10,6119,2,36000,1.00163425396
187976,187986,194072,10,6086,2,36000,1.00164311535
188036,188048,193986,12,5938,2,36000,1.00202088245
188120,188128,194000,8,5872,2,36000,1.00136239782
188354,188365,194177,11,5812,2,36000,1.00189263593
188381,188390,194469,9,6079,2,36000,1.00148050666
188571,188580,194555,9,5975,2,36000,1.00150627615
188607,188617,194638,10,6021,2,36000,1.00166085368
188685,188693,194630,8,5937,2,36000,1.00134748189
188835,188844,194691,9,5847,2,36000,1.0015392509
188856,188867,194911,11,6044,2,36000,1.00181998676
189034,189045,195012,11,5967,2,36000,1.00184347243
189097,189108,195059,11,5951,2,36000,1.00184842884
189402,189408,189521,6,113,1,1800,1.05309734513
189729,189737,195822,8,6085,2,36000,1.0013147083
189831,189837,189938,6,101,1,1800,1.05940594059
189933,189943,195878,10,5935,2,36000,1.00168491997
190017,190027,196178,10,6151,2,36000,1.00162575191
190167,190177,195005,10,4828,2,36000,1.00207125104
190200,190210,196212,10,6002,2,36000,1.0016661113
190317,190326,196353,9,6027,2,36000,1.00149328024
190516,190525,196360,9,5835,2,36000,1.00154241645
190606,190615,196729,9,6114,2,36000,1.0014720314
190615,190621,191171,6,550,1,1800,1.01090909091
190642,190652,195375,10,4723,2,36000,1.00211729833
190735,190745,196701,10,5956,2,36000,1.00167897918
190819,190831,196931,12,6100,2,36000,1.00196721311
190936,190945,195858,9,4913,2,36000,1.00183187462
191065,191074,196984,9,5910,2,36000,1.00152284264
191519,191528,197124,9,5596,2,36000,1.00160829164
191582,191591,196742,9,5151,2,36000,1.00174723355
191724,191734,197367,10,5633,2,36000,1.00177525297
191838,191847,197853,9,6006,2,36000,1.0014985015
192094,192103,198104,9,6001,2,36000,1.00149975004
192166,192174,197945,8,5771,2,36000,1.00138624155
192222,192231,197546,9,5315,2,36000,1.00169332079
192279,192290,198527,11,6237,2,36000,1.00176366843
192529,192540,198468,11,5928,2,36000,1.00185560054
192740,192746,192786,6,40,1,1800,1.15
192830,192841,197080,11,4239,2,36000,1.00259495164
192881,192889,198736,8,5847,2,36000,1.00136822302
192995,193001,193048,6,47,1,1800,1.12765957447
193071,193077,193152,6,75,1,1800,1.08
193372,193378,193454,6,76,1,1800,1.07894736842
193443,193452,198335,9,4883,2,36000,1.00184312922
193459,193466,199354,7,5888,2,36000,1.0011888587
193672,193679,193907,7,228,1,1800,1.03070175439
193724,193734,199647,10,5913,2,36000,1.00169118891
193986,193997,199857,11,5860,2,36000,1.00187713311
194001,194011,199533,10,5522,2,36000,1.00181093807
194073,194083,199858,10,5775,2,36000,1.00173160173
194088,194095,199531,7,5436,2,36000,1.00128771155
194178,194188,200179,10,5991,2,36000,1.00166917042
194393,194400,194686,7,286,1,1800,1.02447552448
194471,194480,200379,9,5899,2,36000,1.00152568232
194558,194566,200607,8,6041,2,36000,1.00132428406
194633,194642,200520,9,5878,2,36000,1.00153113304
194648,194654,200484,6,5830,2,36000,1.00102915952
194693,194702,200775,9,6073,2,36000,1.00148196937
194912,194923,199023,11,4100,2,36000,1.00268292683
195006,195016,201024,10,6008,2,36000,1.0016644474
195020,195026,200921,6,5895,2,36000,1.0010178117
195059,195070,201119,11,6049,2,36000,1.00181848239
195251,195257,195286,6,29,1,1800,1.20689655172
195375,195386,201377,11,5991,2,36000,1.00183608746
195598,195605,195664,7,59,1,1800,1.1186440678
195824,195834,201830,10,5996,2,36000,1.00166777852
195860,195869,201873,9,6004,2,36000,1.00149900067
195881,195889,201964,8,6075,2,36000,1.00131687243
196179,196189,202241,10,6052,2,36000,1.00165234633
196215,196224,201889,9,5665,2,36000,1.00158870256
196356,196365,202362,9,5997,2,36000,1.00150075038
196370,196377,201068,7,4691,2,36000,1.00149221914
196387,196393,196515,6,122,1,1800,1.04918032787
196702,196712,202900,10,6188,2,36000,1.00161603103
196731,196740,201260,9,4520,2,36000,1.00199115044
196746,196753,201615,7,4862,2,36000,1.00143973673
196933,196942,202673,9,5731,2,36000,1.00157040656
196986,196995,203063,9,6068,2,36000,1.00148319051
197083,197091,203006,8,5915,2,36000,1.00135249366
197126,197135,202798,9,5663,2,36000,1.00158926364
197369,197378,201112,9,3734,2,36000,1.00241028388
197547,197557,203420,10,5863,2,36000,1.00170561146
197854,197864,203585,10,5721,2,36000,1.00174794616
197947,197956,203904,9,5948,2,36000,1.00151311365
198106,198115,204091,9,5976,2,36000,1.0015060241
198338,198347,203984,9,5637,2,36000,1.00159659393
198470,198479,203723,9,5244,2,36000,1.00171624714
198530,198538,204637,8,6099,2,36000,1.00131169044
198737,198747,204724,10,5977,2,36000,1.00167308014
199023,199034,204907,11,5873,2,36000,1.00187297804
199355,199365,203492,10,4127,2,36000,1.0024230676
199532,199542,205417,10,5875,2,36000,1.00170212766
199547,199553,205435,6,5882,2,36000,1.0010200612
199649,199658,205362,9,5704,2,36000,1.00157784011
199860,199869,203507,9,3638,2,36000,1.00247388675
199862,199874,205884,12,6010,2,36000,1.00199667221
200181,200190,204927,9,4737,2,36000,1.00189993667
200379,200390,205832,11,5442,2,36000,1.00202131569
200485,200495,206434,10,5939,2,36000,1.00168378515
200520,200531,206664,11,6133,2,36000,1.00179357574
200607,200618,205895,11,5277,2,36000,1.00208451772
200779,200787,206381,8,5594,2,36000,1.00143010368
200923,200932,205325,9,4393,2,36000,1.00204871386
201026,201035,206507,9,5472,2,36000,1.00164473684
201071,201079,207106,8,6027,2,36000,1.00132736021
201116,201124,207294,8,6170,2,36000,1.00129659643
201130,201136,207204,6,6068,2,36000,1.00098879367
201263,201272,207112,9,5840,2,36000,1.00154109589
201380,201388,207320,8,5932,2,36000,1.00134861767
201618,201626,207585,8,5959,2,36000,1.00134250713
201832,201841,207789,9,5948,2,36000,1.00151311365
201874,201885,207855,11,5970,2,36000,1.00184254606
201891,201900,205964,9,4064,2,36000,1.00221456693
201966,201976,207936,10,5960,2,36000,1.00167785235
202243,202252,208279,9,6027,2,36000,1.00149328024
202364,202373,208304,9,5931,2,36000,1.00151745068
202677,202685,208786,8,6101,2,36000,1.00131126045
202800,202809,209004,9,6195,2,36000,1.0014527845
202902,202912,208613,10,5701,2,36000,1.00175407823
203008,203017,208989,9,5972,2,36000,1.00150703282
203065,203074,209120,9,6046,2,36000,1.0014885875
203421,203431,209433,10,6002,2,36000,1.0016661113
203495,203503,209424,8,5921,2,36000,1.00135112312
203510,203518,209378,8,5860,2,36000,1.00136518771
203585,203596,209588,11,5992,2,36000,1.00183578104
203723,203734,209672,11,5938,2,36000,1.00185247558
203907,203915,209917,8,6002,2,36000,1.00133288904
203985,203995,207602,10,3607,2,36000,1.00277238703
204094,204102,210019,8,5917,2,36000,1.0013520365
204640,204648,210656,8,6008,2,36000,1.00133155792
204725,204735,210749,10,6014,2,36000,1.00166278683
204908,204918,211000,10,6082,2,36000,1.00164419599
204929,204938,210977,9,6039,2,36000,1.00149031297
205327,205336,211373,9,6037,2,36000,1.00149080669
205363,205374,211156,11,5782,2,36000,1.0019024559
205418,205428,210427,10,4999,2,36000,1.00200040008
205436,205446,211540,10,6094,2,36000,1.00164095832
205833,205843,211843,10,6000,2,36000,1.00166666667
205887,205895,211865,8,5970,2,36000,1.0013400335
205901,205907,211857,6,5950,2,36000,1.00100840336
205964,205975,211956,11,5981,2,36000,1.00183915733
206383,206392,212494,9,6102,2,36000,1.00147492625
206437,206445,212342,8,5897,2,36000,1.00135662201
206509,206518,211654,9,5136,2,36000,1.00175233645
206666,206675,211374,9,4699,2,36000,1.00191530113
207108,207117,213274,9,6157,2,36000,1.00146175085
207123,207129,213089,6,5960,2,36000,1.00100671141
207207,207216,213118,9,5902,2,36000,1.00152490681
207297,207306,213323,9,6017,2,36000,1.00149576201
207321,207331,213083,10,5752,2,36000,1.00173852573
207586,207596,213482,10,5886,2,36000,1.00169894665
207604,207614,213497,10,5883,2,36000,1.00169981302
207790,207800,213783,10,5983,2,36000,1.00167140231
207856,207866,212971,10,5105,2,36000,1.00195886386
207938,207947,213663,9,5716,2,36000,1.00157452764
208281,208290,214082,9,5792,2,36000,1.0015538674
208305,208316,214248,11,5932,2,36000,1.00185434929
208616,208625,212908,9,4283,2,36000,1.00210133084
208787,208797,213647,10,4850,2,36000,1.00206185567
208992,209000,214771,8,5771,2,36000,1.00138624155
209007,209015,214968,8,5953,2,36000,1.00134386024
209121,209131,214081,10,4950,2,36000,1.00202020202
209380,209390,215175,10,5785,2,36000,1.00172860847
209428,209436,214796,8,5360,2,36000,1.00149253731
209442,209448,215487,6,6039,2,36000,1.00099354198
209589,209600,215698,11,6098,2,36000,1.00180387012
209673,209684,214369,11,4685,2,36000,1.00234791889
209918,209928,215801,10,5873,2,36000,1.0017027073
210020,210030,215274,10,5244,2,36000,1.00190694127
210349,210355,210611,6,256,2,14400,1.0234375
210429,210438,216301,9,5863,2,36000,1.00153505032
210658,210667,215563,9,4896,2,36000,1.00183823529
210751,210760,216670,9,5910,2,36000,1.00152284264
210803,210809,211002,6,193,2,14400,1.0310880829
210980,210989,217114,9,6125,2,36000,1.00146938776
211001,211011,217159,10,6148,2,36000,1.00162654522
211142,211148,211415,6,267,2,14400,1.02247191011
211157,211167,217180,10,6013,2,36000,1.00166306336
211374,211384,217139,10,5755,2,36000,1.00173761946
211375,211390,217392,15,6002,2,36000,1.00249916694
211541,211551,217542,10,5991,2,36000,1.00166917042
211655,211665,217345,10,5680,2,36000,1.00176056338
211845,211855,217789,10,5934,2,36000,1.00168520391
211859,211868,217953,9,6085,2,36000,1.00147904684
211868,211874,212422,6,548,2,14400,1.01094890511
211875,211880,217471,5,5591,2,36000,1.0008942944
211959,211968,216797,9,4829,2,36000,1.0018637399
212344,212353,218296,9,5943,2,36000,1.00151438667
212498,212505,218326,7,5821,2,36000,1.00120254252
212564,212570,213185,6,615,2,14400,1.00975609756
212910,212919,218781,9,5862,2,36000,1.00153531218
212973,212982,219073,9,6091,2,36000,1.00147758989
213084,213095,219067,11,5972,2,36000,1.001841929
213099,213105,219035,6,5930,2,36000,1.00101180438
213120,213129,219102,9,5973,2,36000,1.00150678051
213276,213285,219256,9,5971,2,36000,1.00150728521
213324,213334,217582,10,4248,2,36000,1.00235404896
213411,213417,213906,6,489,2,14400,1.01226993865
213483,213493,218227,10,4734,2,36000,1.00211237854
213498,213508,219620,10,6112,2,36000,1.00163612565
213648,213659,219655,11,5996,2,36000,1.00183455637
213663,213674,219634,11,5960,2,36000,1.00184563758
213784,213795,219812,11,6017,2,36000,1.00182815356
214084,214092,220257,8,6165,2,36000,1.00129764801
214085,214098,220091,13,5993,2,36000,1.0021691974
214251,214259,220032,8,5773,2,36000,1.0013857613
214367,214373,242116,6,27743,14,43200,1.00021627077
214371,214380,220235,9,5855,2,36000,1.00153714774
214662,214668,245490,6,30822,10,43200,1.00019466615
214772,214782,220863,10,6081,2,36000,1.00164446637
214799,214807,220696,8,5889,2,36000,1.00135846493
214831,214837,220538,6,5701,2,14400,1.00105244694
214971,214979,221015,8,6036,2,36000,1.00132538105
215176,215186,221179,10,5993,2,36000,1.00166861338
215251,215257,215344,6,87,4,28800,1.06896551724
215275,215286,221380,11,6094,2,36000,1.00180505415
215325,215331,215428,6,97,4,28800,1.0618556701
215385,215391,239523,6,24132,4,28800,1.00024863252
215488,215498,221556,10,6058,2,36000,1.00165070981
215516,215522,215606,6,84,4,28800,1.07142857143
215563,215574,221653,11,6079,2,36000,1.00180950814
215699,215709,221104,10,5395,2,36000,1.00185356812
215804,215813,221051,9,5238,2,36000,1.00171821306
216112,216118,231262,6,15144,14,43200,1.00039619651
216304,216312,222321,8,6009,2,36000,1.00133133633
216523,216529,239410,6,22881,14,43200,1.0002622263
216636,216642,217076,6,434,2,14400,1.01382488479
216672,216681,222742,9,6061,2,36000,1.00148490348
216705,216711,216798,6,87,4,28800,1.06896551724
216799,216808,222748,9,5940,2,36000,1.00151515152
217115,217126,223088,11,5962,2,36000,1.00184501845
217142,217150,223088,8,5938,2,36000,1.00134725497
217160,217170,223088,10,5918,2,36000,1.00168976005
217181,217191,223088,10,5897,2,36000,1.00169577751
217346,217356,223054,10,5698,2,36000,1.00175500176
217394,217403,222549,9,5146,2,36000,1.00174893121
217473,217483,223088,10,5605,2,36000,1.00178412132
217545,217554,223088,9,5534,2,36000,1.00162631008
217584,217593,223089,9,5496,2,36000,1.00163755459
217789,217800,223089,11,5289,2,36000,1.00207978824
217955,217965,223088,10,5123,2,36000,1.00195198126
218229,218241,223089,12,4848,2,36000,1.00247524752
218298,218307,223088,9,4781,2,36000,1.00188245137
218328,218338,223089,10,4751,2,36000,1.00210482004
218783,218792,223088,9,4296,2,36000,1.00209497207
219036,219047,223088,11,4041,2,36000,1.00272209849
219069,219079,223089,10,4010,2,36000,1.00249376559
219083,219090,223089,7,3999,2,36000,1.00175043761
219104,219114,223089,10,3975,2,36000,1.00251572327
219187,219194,243959,7,24765,8,72000,1.00028265698
219258,219267,223089,9,3822,2,36000,1.00235478807
219537,219543,253215,6,33672,8,72000,1.00017818959
219622,219632,223089,10,3457,2,36000,1.00289268152
219637,219645,223089,8,3444,2,36000,1.00232288037
219658,219666,223089,8,3423,2,36000,1.00233713117
219814,219823,223089,9,3266,2,36000,1.00275566442
220034,220043,223089,9,3046,2,36000,1.00295469468
220094,220103,223089,9,2986,2,36000,1.00301406564
220235,220246,223089,11,2843,2,36000,1.0038691523
220259,220268,223089,9,2821,2,36000,1.00319035803
220652,220658,220709,6,51,4,28800,1.11764705882
220700,220707,223089,7,2382,2,36000,1.00293870697
220812,220819,242589,7,21770,4,28800,1.00032154341
220865,220874,223089,9,2215,2,36000,1.00406320542
221016,221026,223089,10,2063,2,36000,1.00484730974
221053,221062,223089,9,2027,2,36000,1.0044400592
221060,221068,221821,8,753,2,14400,1.01062416999
221107,221116,223089,9,1973,2,36000,1.00456158135
221182,221190,223089,8,1899,2,36000,1.00421274355
221381,221391,223089,10,1698,2,36000,1.00588928151
221425,221431,221443,6,12,20,14400,1.5
221559,221567,223089,8,1522,2,36000,1.00525624179
221655,221664,223089,9,1425,2,36000,1.00631578947
221943,221949,222275,6,326,2,14400,1.01840490798
222324,222332,223089,8,757,2,36000,1.0105680317
222550,222561,223089,11,528,2,36000,1.02083333333
222744,222753,223089,9,336,2,36000,1.02678571429
222759,222765,223089,6,324,2,36000,1.01851851852
222800,222806,223230,6,424,2,14400,1.0141509434
223058,223065,223089,7,24,2,36000,1.29166666667
223209,223215,224370,6,1155,2,36000,1.00519480519
223210,223221,224369,11,1148,2,36000,1.00958188153
223211,223226,224369,15,1143,2,36000,1.01312335958
223213,223231,224369,18,1138,2,36000,1.0158172232
223214,223236,224369,22,1133,2,36000,1.01941747573
223215,223242,224369,27,1127,2,36000,1.02395740905
223217,223248,224369,31,1121,2,36000,1.02765388046
223218,223253,224369,35,1116,2,36000,1.03136200717
223219,223258,224369,39,1111,2,36000,1.03510351035
223221,223263,224369,42,1106,2,36000,1.03797468354
223222,223269,224369,47,1100,2,36000,1.04272727273
223223,223274,224369,51,1095,2,36000,1.04657534247
223225,223279,224369,54,1090,2,36000,1.0495412844
223226,223284,224369,58,1085,2,36000,1.0534562212
223227,223289,224370,62,1081,2,36000,1.05735430157
223228,223294,224370,66,1076,2,36000,1.06133828996
223230,223300,224369,70,1069,2,36000,1.06548175865
223231,223305,224370,74,1065,2,36000,1.06948356808
223233,223310,224370,77,1060,2,36000,1.07264150943
223234,223315,224370,81,1055,2,36000,1.07677725118
223236,223320,224370,84,1050,2,36000,1.08
223237,223326,224370,89,1044,2,36000,1.08524904215
223238,223331,224370,93,1039,2,36000,1.08950914341
223240,223336,224370,96,1034,2,36000,1.09284332689
223241,223341,224370,100,1029,2,36000,1.09718172983
223242,223346,224370,104,1024,2,36000,1.1015625
223244,223352,224370,108,1018,2,36000,1.10609037328
223245,223357,224370,112,1013,2,36000,1.11056268509
223246,223362,224370,116,1008,2,36000,1.11507936508
223248,223367,224370,119,1003,2,36000,1.1186440678
223249,223373,224370,124,997,2,36000,1.12437311936
223250,223378,224370,128,992,2,36000,1.12903225806
223251,223383,224370,132,987,2,36000,1.13373860182
223256,223424,223440,168,16,20,14400,11.5
223322,223388,224370,66,982,2,36000,1.06720977597
223323,223393,224370,70,977,2,36000,1.07164790174
223324,223398,224370,74,972,2,36000,1.07613168724
223325,223403,224370,78,967,2,36000,1.08066184074
223327,223409,224370,82,961,2,36000,1.08532778356
223328,223414,224370,86,956,2,36000,1.089958159
223329,223419,224370,90,951,2,36000,1.09463722397
223374,223430,229605,56,6175,40,14400,1.00906882591
224082,224088,224821,6,733,2,14400,1.00818553888
224447,224453,225173,6,720,2,36000,1.00833333333
224448,224459,225172,11,713,2,36000,1.01542776999
224449,224464,225172,15,708,2,36000,1.02118644068
224450,224469,225172,19,703,2,36000,1.02702702703
224452,224474,225172,22,698,2,36000,1.03151862464
224453,224479,225172,26,693,2,36000,1.03751803752
224454,224485,225172,31,687,2,36000,1.04512372635
224456,224490,225172,34,682,2,36000,1.04985337243
224457,224495,225172,38,677,2,36000,1.05612998523
224458,224500,225172,42,672,2,36000,1.0625
224460,224506,225172,46,666,2,36000,1.06906906907
224461,224511,225172,50,661,2,36000,1.0756429652
224463,224516,225172,53,656,2,36000,1.08079268293
224464,224521,225172,57,651,2,36000,1.08755760369
224465,224526,225172,61,646,2,36000,1.09442724458
224466,224531,225172,65,641,2,36000,1.10140405616
224468,224537,225172,69,635,2,36000,1.10866141732
224469,224542,225172,73,630,2,36000,1.11587301587
224471,224547,225172,76,625,2,36000,1.1216
224472,224552,225172,80,620,2,36000,1.12903225806
224473,224557,225172,84,615,2,36000,1.13658536585
224475,224562,225172,87,610,2,36000,1.14262295082
224476,224567,225172,91,605,2,36000,1.15041322314
224477,224573,225172,96,599,2,36000,1.16026711185
224479,224578,225172,99,594,2,36000,1.16666666667
224480,224584,225172,104,588,2,36000,1.1768707483
224481,224589,225173,108,584,2,36000,1.18493150685
224482,224594,225173,112,579,2,36000,1.19343696028
224484,224599,225173,115,574,2,36000,1.20034843206
224485,224604,225173,119,569,2,36000,1.20913884007
224486,224610,225173,124,563,2,36000,1.22024866785
224488,224615,225173,127,558,2,36000,1.22759856631
224489,224620,225173,131,553,2,36000,1.23688969259
224490,224625,225173,135,548,2,36000,1.24635036496
224492,224630,225173,138,543,2,36000,1.25414364641
224493,224635,225173,142,538,2,36000,1.26394052045
224495,224641,225173,146,532,2,36000,1.27443609023
224496,224646,225173,150,527,2,36000,1.28462998102
224497,224651,225173,154,522,2,36000,1.29501915709
224498,224656,225173,158,517,2,36000,1.30560928433
224758,224764,225812,6,1048,2,14400,1.00572519084
225214,225220,225271,6,51,2,36000,1.11764705882
225215,225226,225271,11,45,2,36000,1.24444444444
225216,225231,225271,15,40,2,36000,1.375
225218,225236,225271,18,35,2,36000,1.51428571429
225219,225241,225271,22,30,2,36000,1.73333333333
225220,225246,225271,26,25,2,36000,2.04
225222,225252,225271,30,19,2,36000,2.57894736842
225223,225257,225271,34,14,2,36000,3.42857142857
225224,225262,225271,38,9,2,36000,4.7
225225,225268,225271,43,3,2,36000,4.6
225227,225273,225274,46,1,2,36000,4.7
225228,225278,225280,50,2,2,36000,5.2
225229,225283,225284,54,1,2,36000,5.5
225231,225288,225289,57,1,2,36000,5.8
225232,225293,225294,61,1,2,36000,6.2
225233,225298,225299,65,1,2,36000,6.6
225235,225304,225305,69,1,2,36000,7.0
225236,225309,225310,73,1,2,36000,7.4
225237,225314,225315,77,1,2,36000,7.8
225238,225319,225320,81,1,2,36000,8.2
225240,225324,225325,84,1,2,36000,8.5
225241,225329,225330,88,1,2,36000,8.9
225242,225335,225336,93,1,2,36000,9.4
225244,225340,225341,96,1,2,36000,9.7
225245,225345,225346,100,1,2,36000,10.1
225414,225420,225876,6,456,2,36000,1.01315789474
225416,225426,225876,10,450,2,36000,1.02222222222
225417,225431,225876,14,445,2,36000,1.03146067416
225418,225436,225876,18,440,2,36000,1.04090909091
225419,225441,225876,22,435,2,36000,1.05057471264
225421,225447,225876,26,429,2,36000,1.06060606061
225422,225452,225876,30,424,2,36000,1.07075471698
225423,225457,225876,34,419,2,36000,1.08114558473
225425,225463,225876,38,413,2,36000,1.09200968523
225426,225468,225876,42,408,2,36000,1.10294117647
225427,225473,225876,46,403,2,36000,1.1141439206
225428,225478,225876,50,398,2,36000,1.1256281407
225430,225483,225876,53,393,2,36000,1.13486005089
225431,225488,225876,57,388,2,36000,1.14690721649
225432,225493,225876,61,383,2,36000,1.1592689295
225434,225499,225876,65,377,2,36000,1.1724137931
225435,225504,225876,69,372,2,36000,1.18548387097
225436,225509,225876,73,367,2,36000,1.19891008174
225438,225514,225876,76,362,2,36000,1.20994475138
225439,225519,225876,80,357,2,36000,1.22408963585
225440,225524,225876,84,352,2,36000,1.23863636364
225442,225530,225876,88,346,2,36000,1.25433526012
225443,225536,225876,93,340,2,36000,1.27352941176
225444,225541,225876,97,335,2,36000,1.28955223881
225446,225546,225876,100,330,2,36000,1.30303030303
225447,225551,225876,104,325,2,36000,1.32
225448,225556,225876,108,320,2,36000,1.3375
225449,225562,225876,113,314,2,36000,1.35987261146
225451,225567,225876,116,309,2,36000,1.37540453074
225452,225572,225876,120,304,2,36000,1.39473684211
225454,225577,225876,123,299,2,36000,1.41137123746
225456,225582,225876,126,294,2,36000,1.42857142857
225457,225587,225876,130,289,2,36000,1.44982698962
225458,225593,225876,135,283,2,36000,1.47703180212
225460,225598,225876,138,278,2,36000,1.4964028777
225461,225603,225876,142,273,2,36000,1.52014652015
225462,225608,225876,146,268,2,36000,1.5447761194
225463,225613,225876,150,263,2,36000,1.57034220532
225465,225618,225876,153,258,2,36000,1.59302325581
225466,225623,225876,157,253,2,36000,1.62055335968
225867,225873,375239,6,149366,1,259200,1.00004016978
225871,225879,317850,8,91971,1,259200,1.00008698394
225887,225893,225896,6,3,80,36000,1.0
225939,225945,287632,6,61687,1,259200,1.00009726523
226010,226016,288640,6,62624,1,259200,1.00009580991
226104,226110,226112,6,2,80,36000,1.0
226233,226240,230387,7,4147,80,36000,1.00168796721
226243,226250,226764,7,514,2,14400,1.01361867704
226865,226871,228726,6,1855,2,14400,1.00323450135
227386,227392,228486,6,1094,2,14400,1.00548446069
229079,229085,230082,6,997,2,14400,1.00601805416
229817,229823,231591,6,1768,2,14400,1.00339366516
230201,230398,230498,197,100,80,36000,2.97
230766,230772,233061,6,2289,2,21600,1.00262123198
230799,230805,234924,6,4119,80,36000,1.00145666424
231894,231905,231926,11,21,1,72000,1.52380952381
231894,231900,231905,6,5,1,72000,1.1
231895,231910,231930,15,20,1,72000,1.75
231895,231916,231952,21,36,1,72000,1.58333333333
231895,231933,232369,38,436,1,72000,1.0871559633
231895,231938,248902,43,16964,1,72000,1.00253477953
231895,231922,231924,27,2,1,72000,2.9
231895,231927,231937,32,10,1,72000,4.2
231896,231959,236991,63,5032,1,72000,1.01251987281
231896,231953,231986,57,33,1,72000,2.72727272727
231896,231943,232827,47,884,1,72000,1.05316742081
231896,231964,232720,68,756,1,72000,1.08994708995
231896,231969,232007,73,38,1,72000,2.92105263158
231896,231948,231960,52,12,1,72000,5.33333333333
231897,231985,232898,88,913,1,72000,1.09638554217
231897,232001,242288,104,10287,1,72000,1.01010984738
231897,231974,243087,77,11113,1,72000,1.0069288221
231897,231995,232036,98,41,1,72000,3.39024390244
231897,231980,232008,83,28,1,72000,3.96428571429
231897,231990,232000,93,10,1,72000,10.3
231898,232027,232736,129,709,1,72000,1.18194640339
231898,232032,232173,134,141,1,72000,1.95035460993
231898,232022,232123,124,101,1,72000,2.22772277228
231898,232017,232108,119,91,1,72000,2.30769230769
231898,232011,232093,113,82,1,72000,2.37804878049
231898,232006,232034,108,28,1,72000,4.85714285714
231899,232038,232046,139,8,1,72000,14.7
232551,232557,232559,6,2,12,3600,1.0
232704,232710,238908,6,6198,2,72000,1.00096805421
233315,234936,254842,1621,19906,80,86400,1.08143273385
233553,233559,240310,6,6751,2,72000,1.00088875722
233987,233994,234259,7,265,1,4260,1.02641509434
234201,234207,249751,6,15544,2,72000,1.00038600103
234436,234442,234712,6,270,1,4260,1.02222222222
235011,235018,244319,7,9301,2,72000,1.00075260725
235054,235060,245125,6,10065,1,72000,1.00059612519
235057,235066,246291,9,11225,1,72000,1.00080178174
235515,235521,240586,6,5065,2,72000,1.0011846002
236025,236031,258436,6,22405,2,72000,1.00026779737
236720,236726,237562,6,836,2,14400,1.00717703349
246303,246309,246310,6,1,2,3540,1.0
247466,247472,255495,6,8023,1,259200,1.00074784993
250742,250748,538757,6,288009,1,288000,1.00002083268
250786,250792,538799,6,288007,1,288000,1.00002083283
252229,254853,257394,2624,2541,2,36000,2.03266430539
252230,254858,258275,2628,3417,2,36000,1.76909569798
252231,254863,258231,2632,3368,2,36000,1.78147268409
252233,254868,258132,2635,3264,2,36000,1.80729166667
252234,254874,258213,2640,3339,2,36000,1.790655885
252235,254879,259751,2644,4872,2,36000,1.54269293924
252237,254884,258263,2647,3379,2,36000,1.78336786031
252238,254889,259007,2651,4118,2,36000,1.64375910636
252239,254894,257386,2655,2492,2,36000,2.06540930979
252240,254899,258878,2659,3979,2,36000,1.66825835637
252242,254905,258234,2663,3329,2,36000,1.7999399219
252243,254910,259427,2667,4517,2,36000,1.59043613017
252244,254915,258154,2671,3239,2,36000,1.82463723371
252246,254920,259487,2674,4567,2,36000,1.58550470769
252247,254925,257722,2678,2797,2,36000,1.95745441545
252248,254931,258295,2683,3364,2,36000,1.79756242568
252249,254936,258857,2687,3921,2,36000,1.68528436623
252251,254941,259500,2690,4559,2,36000,1.59004167581
252252,254946,259058,2694,4112,2,36000,1.65515564202
252253,254951,259321,2698,4370,2,36000,1.61739130435
252255,254956,258587,2701,3631,2,36000,1.74387221151
252256,254961,258799,2705,3838,2,36000,1.70479416363
252258,254967,258288,2709,3321,2,36000,1.81571815718
252259,254972,258486,2713,3514,2,36000,1.77205463859
252260,254977,258594,2717,3617,2,36000,1.75117500691
252262,254982,258645,2720,3663,2,36000,1.74256074256
252263,254987,258400,2724,3413,2,36000,1.79812481688
252264,254992,258760,2728,3768,2,36000,1.72399150743
252266,254998,258624,2732,3626,2,36000,1.75344732488
252267,255003,258978,2736,3975,2,36000,1.68830188679
252268,255008,258755,2740,3747,2,36000,1.731251668
252269,255013,258709,2744,3696,2,36000,1.74242424242
252271,255018,258126,2747,3108,2,36000,1.88384813385
252272,255023,258117,2751,3094,2,36000,1.88914027149
252273,255028,258022,2755,2994,2,36000,1.92017368069
252275,255034,258514,2759,3480,2,36000,1.79281609195
252276,255039,258659,2763,3620,2,36000,1.76325966851
252277,255044,258087,2767,3043,2,36000,1.90930003286
252278,255049,259055,2771,4006,2,36000,1.69171243135
252280,255055,260149,2775,5094,2,36000,1.54475853946
253497,253503,253669,6,166,1,4260,1.03614457831
253679,253685,253851,6,166,1,4260,1.03614457831
253859,253865,254057,6,192,1,4260,1.03125
254069,254075,254296,6,221,1,4260,1.02714932127
254309,254315,254629,6,314,1,4260,1.01910828025
254640,254646,254881,6,235,1,4260,1.02553191489
254896,255061,255404,165,343,1,4260,1.48104956268
255421,255428,255593,7,165,1,4260,1.04242424242
255601,255608,255856,7,248,1,4260,1.02822580645
255872,255878,256149,6,271,1,4260,1.0221402214
256157,256163,256413,6,250,1,4260,1.024
256428,256434,256705,6,271,1,4260,1.0221402214
256714,256720,256999,6,279,1,4260,1.02150537634
257014,257020,257292,6,272,1,4260,1.02205882353
257300,257306,257484,6,178,1,4260,1.03370786517
257389,257397,261903,8,4506,2,36000,1.00177541056
257403,257409,260246,6,2837,2,36000,1.00211491012
257722,257733,263371,11,5638,2,36000,1.00195104647
258025,258033,261923,8,3890,2,36000,1.00205655527
258087,258098,261258,11,3160,2,36000,1.00348101266
258120,258128,260992,8,2864,2,36000,1.00279329609
258134,258141,261199,7,3058,2,36000,1.00228907783
258136,258147,261895,11,3748,2,36000,1.00293489861
258156,258165,261743,9,3578,2,36000,1.00251537172
258216,258224,261821,8,3597,2,36000,1.00222407562
258234,258242,261735,8,3493,2,36000,1.00229029488
258249,258255,263505,6,5250,2,36000,1.00114285714
258263,258274,261119,11,2845,2,36000,1.00386643234
258278,258286,260980,8,2694,2,36000,1.00296956199
258292,258299,263360,7,5061,2,36000,1.00138312586
258307,258313,261996,6,3683,2,36000,1.00162910671
258402,258411,261344,9,2933,2,36000,1.00306853051
258490,258498,261830,8,3332,2,36000,1.00240096038
258516,258525,263119,9,4594,2,36000,1.00195907706
258588,258598,262522,10,3924,2,36000,1.00254841998
258604,258610,262619,6,4009,2,36000,1.00149663258
258624,258635,262401,11,3766,2,36000,1.00292087095
258645,258656,263831,11,5175,2,36000,1.00212560386
258660,258670,262764,10,4094,2,36000,1.00244259893
258711,258720,262314,9,3594,2,36000,1.00250417362
258759,258767,263582,8,4815,2,36000,1.00166147456
258773,258779,262095,6,3316,2,36000,1.00180940893
258800,258811,263998,11,5187,2,36000,1.00212068633
258860,258868,262565,8,3697,2,36000,1.00216391669
258881,258889,262791,8,3902,2,36000,1.00205023065
258980,258990,263811,10,4821,2,36000,1.00207425845
259009,259018,262237,9,3219,2,36000,1.00279589935
259057,259066,263325,9,4259,2,36000,1.00211317211
259072,259078,262997,6,3919,2,36000,1.00153100281
259321,259332,262736,11,3404,2,36000,1.00323149236
259429,259439,263524,10,4085,2,36000,1.00244798042
259489,259498,263597,9,4099,2,36000,1.00219565748
259504,259511,263051,7,3540,2,36000,1.00197740113
259751,259762,265363,11,5601,2,36000,1.00196393501
260151,260161,263748,10,3587,2,36000,1.002787845
260247,260257,263862,10,3605,2,36000,1.0027739251
260982,260991,264727,9,3736,2,36000,1.00240899358
260996,261002,264857,6,3855,2,36000,1.00155642023
261120,261130,263937,10,2807,2,36000,1.00356252227
261201,261211,264513,10,3302,2,36000,1.0030284676
261260,261269,265759,9,4490,2,36000,1.00200445434
261345,261355,266141,10,4786,2,36000,1.0020894275
261735,261746,264881,11,3135,2,36000,1.00350877193
261750,261756,267544,6,5788,2,36000,1.00103662751
261822,261832,265365,10,3533,2,36000,1.0028304557
261837,261843,265289,6,3446,2,36000,1.00174114916
261897,261906,265840,9,3934,2,36000,1.00228774784
261911,261917,265798,6,3881,2,36000,1.0015459933
261926,261934,265626,8,3692,2,36000,1.00216684724
261998,262007,265333,9,3326,2,36000,1.0027059531
262097,262107,265560,10,3453,2,36000,1.00289603244
262238,262248,267113,10,4865,2,36000,1.00205549846
262316,262325,266296,9,3971,2,36000,1.00226643163
262403,262412,267579,9,5167,2,36000,1.00174182311
262523,262533,265526,10,2993,2,36000,1.0033411293
262568,262577,266255,9,3678,2,36000,1.00244698206
262622,262630,267778,8,5148,2,36000,1.00155400155
262738,262747,265912,9,3165,2,36000,1.0028436019
262765,262775,267974,10,5199,2,36000,1.00192344682
262792,262802,268236,10,5434,2,36000,1.001840265
262999,263008,266522,9,3514,2,36000,1.00256118384
263053,263062,266777,9,3715,2,36000,1.00242261104
263122,263130,266214,8,3084,2,36000,1.00259403372
263327,263336,267427,9,4091,2,36000,1.00219995111
263363,263371,267718,8,4347,2,36000,1.00184034967
263377,263384,266390,7,3006,2,36000,1.00232867598
263507,263517,267668,10,4151,2,36000,1.00240905806
263521,263535,267144,14,3609,2,36000,1.00387919091
263585,263593,267631,8,4038,2,36000,1.0019811788
263600,263608,268959,8,5351,2,36000,1.00149504765
263748,263760,268077,12,4317,2,36000,1.00277970813
263813,263822,267662,9,3840,2,36000,1.00234375
263831,263842,268180,11,4338,2,36000,1.00253573075
263864,263873,268055,9,4182,2,36000,1.00215208034
263939,263948,267933,9,3985,2,36000,1.00225846926
263999,264009,269325,10,5316,2,36000,1.00188111362
264514,264524,267819,10,3295,2,36000,1.00303490137
264728,264738,267606,10,2868,2,36000,1.00348675035
264857,264868,270290,11,5422,2,36000,1.00202877167
264884,264892,267953,8,3061,2,36000,1.00261352499
265291,265300,268510,9,3210,2,36000,1.00280373832
265336,265344,269249,8,3905,2,36000,1.00204865557
265366,265374,270592,8,5218,2,36000,1.00153315447
265367,265380,269337,13,3957,2,36000,1.00328531716
265527,265537,269348,10,3811,2,36000,1.00262398321
265563,265571,270633,8,5062,2,36000,1.001580403
265628,265638,269812,10,4174,2,36000,1.00239578342
265761,265771,269476,10,3705,2,36000,1.00269905533
265799,265809,269546,10,3737,2,36000,1.00267594327
265841,265852,269419,11,3567,2,36000,1.00308382394
265913,265924,269042,11,3118,2,36000,1.0035279025
266144,266152,270505,8,4353,2,36000,1.001837813
266216,266225,270526,9,4301,2,36000,1.00209253662
266258,266266,269588,8,3322,2,36000,1.00240818784
266297,266307,270429,10,4122,2,36000,1.00242600679
266393,266401,271945,8,5544,2,36000,1.00144300144
266523,266533,271868,10,5335,2,36000,1.00187441425
266778,266788,269570,10,2782,2,36000,1.0035945363
267115,267124,270876,9,3752,2,36000,1.00239872068
267145,267155,271863,10,4708,2,36000,1.00212404418
267428,267438,271237,10,3799,2,36000,1.00263227165
267545,267555,273065,10,5510,2,36000,1.00181488203
267581,267590,272504,9,4914,2,36000,1.00183150183
267608,267617,272348,9,4731,2,36000,1.00190234623
267632,267642,271726,10,4084,2,36000,1.00244857982
267664,267673,273053,9,5380,2,36000,1.00167286245
267679,267685,270379,6,2694,2,36000,1.00222717149
267720,267729,270936,9,3207,2,36000,1.00280636109
267781,267789,272702,8,4913,2,36000,1.00162833299
267819,267830,271742,11,3912,2,36000,1.00281186094
267936,267945,271296,9,3351,2,36000,1.00268576544
267954,267964,271775,10,3811,2,36000,1.00262398321
267975,267985,271615,10,3630,2,36000,1.00275482094
268056,268066,271691,10,3625,2,36000,1.00275862069
268079,268088,271135,9,3047,2,36000,1.00295372498
268182,268191,271778,9,3587,2,36000,1.0025090605
268239,268247,272553,8,4306,2,36000,1.00185787274
268512,268521,274035,9,5514,2,36000,1.00163220892
268961,268970,272724,9,3754,2,36000,1.00239744273
269045,269054,274340,9,5286,2,36000,1.00170261067
269250,269260,274290,10,5030,2,36000,1.00198807157
269328,269337,272848,9,3511,2,36000,1.00256337226
269343,269348,273350,5,4002,2,36000,1.00124937531
269357,269363,274924,6,5561,2,36000,1.00107894264
269420,269430,273829,10,4399,2,36000,1.00227324392
269477,269488,274548,11,5060,2,36000,1.00217391304
269546,269557,275071,11,5514,2,36000,1.00199492202
269570,269586,274637,16,5051,2,36000,1.00316768957
269591,269599,273412,8,3813,2,36000,1.0020980855
269810,269823,273921,13,4098,2,36000,1.00317227916
270292,270301,273798,9,3497,2,36000,1.00257363454
270382,270391,275219,9,4828,2,36000,1.00186412593
270430,270440,274053,10,3613,2,36000,1.00276778301
270510,270516,275876,6,5360,2,36000,1.00111940299
270528,270537,274109,9,3572,2,36000,1.00251959686
270594,270603,275520,9,4917,2,36000,1.00183038438
270636,270645,275807,9,5162,2,36000,1.00174351027
270877,270887,274743,10,3856,2,36000,1.002593361
270937,270947,275683,10,4736,2,36000,1.00211148649
271138,271147,276024,9,4877,2,36000,1.00184539676
271240,271249,275877,9,4628,2,36000,1.00194468453
271297,271308,276776,11,5468,2,36000,1.00201170446
271616,271626,276134,10,4508,2,36000,1.00221827862
271691,271702,276886,11,5184,2,36000,1.00212191358
271727,271737,277013,10,5276,2,36000,1.00189537528
271745,271754,275951,9,4197,2,36000,1.00214438885
271778,271786,277444,8,5658,2,36000,1.00141392718
271779,271792,276456,13,4664,2,36000,1.00278730703
271864,271878,277498,14,5620,2,36000,1.0024911032
271878,271884,276010,6,4126,2,36000,1.00145419292
271947,271957,276121,10,4164,2,36000,1.00240153698
272351,272359,275958,8,3599,2,36000,1.00222283968
272508,272515,278034,7,5519,2,36000,1.00126834571
272556,272565,276995,9,4430,2,36000,1.00203160271
272703,272713,276021,10,3308,2,36000,1.00302297461
272727,272735,276776,8,4041,2,36000,1.00197970799
272850,272860,278045,10,5185,2,36000,1.00192864031
273049,273064,278489,15,5425,2,36000,1.00276497696
273066,273077,277835,11,4758,2,36000,1.00231189575
273352,273362,278612,10,5250,2,36000,1.0019047619
273408,273423,278269,15,4846,2,36000,1.00309533636
273800,273809,279010,9,5201,2,36000,1.00173043645
273830,273840,277922,10,4082,2,36000,1.00244977952
273923,273932,279576,9,5644,2,36000,1.00159461375
274037,274047,277221,10,3174,2,36000,1.00315059861
274055,274065,279709,10,5644,2,36000,1.00177179305
274109,274121,279773,12,5652,2,36000,1.00212314225
274243,274249,274252,6,3,1,3600,1.0
274293,274302,278628,9,4326,2,36000,1.00208044383
274341,274351,277261,10,2910,2,36000,1.00343642612
274548,274559,277653,11,3094,2,36000,1.00355526826
274593,274599,274602,6,3,1,3600,1.0
274638,274648,278523,10,3875,2,36000,1.00258064516
274746,274754,279892,8,5138,2,36000,1.00155702608
274926,274935,279140,9,4205,2,36000,1.00214030916
275000,275006,275009,6,3,1,3600,1.0
275074,275083,278832,9,3749,2,36000,1.00240064017
275221,275230,279765,9,4535,2,36000,1.0019845645
275522,275531,280527,9,4996,2,36000,1.00180144115
275684,275694,280699,10,5005,2,36000,1.001998002
275772,275778,281141,6,5363,1,14400,1.0011187768
275805,275811,275929,6,118,1,1800,1.05084745763
275808,275819,281551,11,5732,2,36000,1.00191905094
275877,275887,279505,10,3618,2,36000,1.00276395799
275878,275893,279339,15,3446,2,36000,1.0043528729
275954,275962,281154,8,5192,2,36000,1.00154083205
275968,275974,281069,6,5095,2,36000,1.00117762512
276013,276022,279570,9,3548,2,36000,1.00253664036
276028,276034,279294,6,3260,2,36000,1.0018404908
276030,276040,281543,10,5503,2,36000,1.00181719062
276123,276132,281331,9,5199,2,36000,1.00173110214
276137,276145,281612,8,5467,2,36000,1.00146332541
276247,276253,276354,6,101,1,1800,1.05940594059
276457,276467,280089,10,3622,2,36000,1.00276090558
276779,276787,282283,8,5496,2,36000,1.00145560408
276780,276792,282203,12,5411,2,36000,1.00221770468
276888,276898,280315,10,3417,2,36000,1.00292654375
276996,277007,280913,11,3906,2,36000,1.00281618024
277014,277024,280620,10,3596,2,36000,1.00278086763
277020,277030,277509,10,479,1,1800,1.02087682672
277222,277233,280523,11,3290,2,36000,1.00334346505
277263,277273,282936,10,5663,2,36000,1.00176584849
277444,277455,282819,11,5364,2,36000,1.00205070843
277501,277509,282818,8,5309,2,36000,1.00150687512
277655,277664,282966,9,5302,2,36000,1.00169747265
277835,277846,281344,11,3498,2,36000,1.00314465409
277923,277933,283623,10,5690,2,36000,1.00175746924
278037,278045,281878,8,3833,2,36000,1.00208713801
278051,278057,282957,6,4900,2,36000,1.0012244898
278271,278280,283596,9,5316,2,36000,1.00169300226
278490,278500,282373,10,3873,2,36000,1.00258197779
278524,278534,283558,10,5024,2,36000,1.00199044586
278614,278623,281717,9,3094,2,36000,1.00290885585
278631,278640,284325,9,5685,2,36000,1.00158311346
278833,278844,284590,11,5746,2,36000,1.00191437522
279011,279021,282607,10,3586,2,36000,1.00278862242
279143,279151,283287,8,4136,2,36000,1.00193423598
279150,279157,279196,7,39,1,1800,1.17948717949
279296,279305,284309,9,5004,2,36000,1.00179856115
279302,279311,279357,9,46,1,1800,1.19565217391
279341,279350,282657,9,3307,2,36000,1.00272149985
279481,279486,279558,5,72,1,1800,1.06944444444
279507,279516,282452,9,2936,2,36000,1.0030653951
279573,279582,282867,9,3285,2,36000,1.00273972603
279587,279593,284052,6,4459,2,36000,1.00134559318
279688,279694,279771,6,77,1,1800,1.07792207792
279711,279720,284207,9,4487,2,36000,1.00200579452
279768,279776,283605,8,3829,2,36000,1.00208931836
279782,279788,285291,6,5503,2,36000,1.00109031437
279894,279903,285691,9,5788,2,36000,1.00155494126
280085,280090,280317,5,227,1,1800,1.02202643172
280089,280100,285320,11,5220,2,36000,1.00210727969
280318,280326,285830,8,5504,2,36000,1.00145348837
280526,280534,284713,8,4179,2,36000,1.00191433357
280540,280547,286252,7,5705,2,36000,1.00122699387
280621,280631,284289,10,3658,2,36000,1.00273373428
280700,280710,286340,10,5630,2,36000,1.00177619893
280716,280722,281011,6,289,1,1800,1.02076124567
280916,280924,285744,8,4820,2,36000,1.00165975104
281072,281081,285798,9,4717,2,36000,1.00190799237
281156,281166,284939,10,3773,2,36000,1.00265041081
281333,281343,285344,10,4001,2,36000,1.00249937516
281348,281356,285401,8,4045,2,36000,1.00197775031
281544,281554,285250,10,3696,2,36000,1.00270562771
281558,281564,284717,6,3153,2,36000,1.00190294957
281615,281623,286981,8,5358,2,36000,1.00149309444
281704,281711,281741,7,30,1,1800,1.23333333333
281717,281728,285524,11,3796,2,36000,1.00289778714
281880,281889,285656,9,3767,2,36000,1.0023891691
282044,282050,282109,6,59,1,1800,1.10169491525
282205,282214,287546,9,5332,2,36000,1.00168792198
282286,282294,287437,8,5143,2,36000,1.00155551235
282376,282385,287858,9,5473,2,36000,1.00164443632
282454,282463,287766,9,5303,2,36000,1.00169715256
282605,282618,285841,13,3223,2,36000,1.00403350915
282659,282668,287087,9,4419,2,36000,1.00203665988
282818,282830,288484,12,5654,2,36000,1.00212239123
282832,282838,282958,6,120,1,1800,1.05
282833,282844,286512,11,3668,2,36000,1.00299890949
282869,282878,285890,9,3012,2,36000,1.00298804781
282938,282947,287746,9,4799,2,36000,1.00187539071
282959,282969,286271,10,3302,2,36000,1.0030284676
282973,282980,285638,7,2658,2,36000,1.00263355907
283290,283298,288653,8,5355,2,36000,1.00149393091
283561,283569,287000,8,3431,2,36000,1.00233168173
283597,283607,289316,10,5709,2,36000,1.00175162025
283611,283617,288653,6,5036,2,36000,1.00119142176
283626,283634,286618,8,2984,2,36000,1.00268096515
284056,284063,288164,7,4101,2,36000,1.00170690076
284209,284218,288398,9,4180,2,36000,1.00215311005
284290,284300,287393,10,3093,2,36000,1.00323310702
284311,284321,289867,10,5546,2,36000,1.00180310133
284326,284336,289913,10,5577,2,36000,1.00179307872
284591,284601,289691,10,5090,2,36000,1.00196463654
284714,284724,288228,10,3504,2,36000,1.00285388128
284729,284735,287828,6,3093,2,36000,1.00193986421
284940,284951,289527,11,4576,2,36000,1.00240384615
285251,285261,290642,10,5381,2,36000,1.00185839063
285294,285302,290949,8,5647,2,36000,1.00141668142
285321,285331,289828,10,4497,2,36000,1.00222370469
285345,285355,289949,10,4594,2,36000,1.00217675229
285402,285412,290496,10,5084,2,36000,1.00196695515
285525,285535,289043,10,3508,2,36000,1.00285062714
285639,285650,289611,11,3961,2,36000,1.0027770765
285656,285667,289154,11,3487,2,36000,1.00315457413
285692,285702,290145,10,4443,2,36000,1.00225073149
285746,285755,289665,9,3910,2,36000,1.00230179028
285800,285809,289955,9,4146,2,36000,1.002170767
285833,285842,290004,9,4162,2,36000,1.00216242191
285848,285854,290769,6,4915,2,36000,1.0012207528
285893,285901,291475,8,5574,2,36000,1.00143523502
286254,286264,291155,10,4891,2,36000,1.00204457166
286272,286282,291982,10,5700,2,36000,1.00175438596
286341,286351,291563,10,5212,2,36000,1.00191864927
286512,286523,292268,11,5745,2,36000,1.00191470844
286620,286629,289649,9,3020,2,36000,1.00298013245
286982,286992,291288,10,4296,2,36000,1.00232774674
287003,287012,289944,9,2932,2,36000,1.00306957708
287087,287098,290806,11,3708,2,36000,1.00296655879
287394,287404,292203,10,4799,2,36000,1.00208376745
287439,287448,292452,9,5004,2,36000,1.00179856115
287548,287557,291226,9,3669,2,36000,1.00245298446
287747,287758,292860,11,5102,2,36000,1.00215601725
287768,287777,293465,9,5688,2,36000,1.00158227848
287831,287840,292356,9,4516,2,36000,1.00199291408
287861,287869,293239,8,5370,2,36000,1.00148975791
288165,288175,291756,10,3581,2,36000,1.00279251606
288228,288239,292159,11,3920,2,36000,1.00280612245
288400,288410,292517,10,4107,2,36000,1.0024348673
288485,288495,294057,10,5562,2,36000,1.00179791442
288653,288664,292980,11,4316,2,36000,1.00254865616
288668,288674,293566,6,4892,2,36000,1.00122649223
289045,289055,293514,10,4459,2,36000,1.0022426553
289157,289166,292872,9,3706,2,36000,1.00242849433
289182,289189,289193,7,4,1,3600,1.1
289318,289327,294295,9,4968,2,36000,1.0018115942
289528,289538,293824,10,4286,2,36000,1.00233317779
289564,289570,289571,6,1,1,14400,1.0
289586,289592,291246,6,1654,2,14400,1.00362756953
289608,289622,293987,14,4365,2,36000,1.00320733104
289650,289660,293214,10,3554,2,36000,1.00281373101
289668,289677,295389,9,5712,2,36000,1.00157563025
289692,289702,295447,10,5745,2,36000,1.00174064404
289831,289840,295419,9,5579,2,36000,1.00161319233
289870,289878,295528,8,5650,2,36000,1.0014159292
289915,289925,295637,10,5712,2,36000,1.00175070028
289945,289955,295587,10,5632,2,36000,1.00177556818
289959,289965,295506,6,5541,2,36000,1.00108283703
289961,289971,295135,10,5164,2,36000,1.00193648335
290006,290015,292780,9,2765,2,36000,1.00325497288
290148,290156,295642,8,5486,2,36000,1.00145825738
290497,290507,293618,10,3111,2,36000,1.00321440051
290641,290653,295948,12,5295,2,36000,1.00226628895
290771,290780,296352,9,5572,2,36000,1.00161521895
290807,290817,296188,10,5371,2,36000,1.00186185068
290951,290960,296668,9,5708,2,36000,1.00157673441
291156,291167,295739,11,4572,2,36000,1.00240594926
291229,291237,296421,8,5184,2,36000,1.00154320988
291288,291299,296131,11,4832,2,36000,1.00227649007
291478,291486,295093,8,3607,2,36000,1.00221790962
291565,291574,297288,9,5714,2,36000,1.00157507875
291581,291587,294793,6,3206,2,28800,1.00187149095
291757,291767,295958,10,4191,2,36000,1.00238606538
291984,291994,295923,10,3929,2,36000,1.00254517689
292075,292082,896908,7,604826,4,604800,1.00001157358
292162,292171,296530,9,4359,2,36000,1.00206469374
292203,292214,297319,11,5105,2,36000,1.00215475024
292269,292279,297986,10,5707,2,36000,1.0017522341
292359,292368,298126,9,5758,2,36000,1.00156304272
292453,292463,297583,10,5120,2,36000,1.001953125
292519,292529,298300,10,5771,2,36000,1.00173280194
292781,292791,298321,10,5530,2,36000,1.00180831826
292862,292871,298170,9,5299,2,36000,1.00169843367
292877,292883,296664,6,3781,2,36000,1.00158688178
292982,292991,298744,9,5753,2,36000,1.00156440118
293183,293190,296818,7,3628,2,21600,1.00192943771
293215,293225,298638,10,5413,2,36000,1.0018474044
293241,293250,298719,9,5469,2,36000,1.00164563906
293468,293476,298484,8,5008,2,36000,1.00159744409
293516,293525,298499,9,4974,2,36000,1.00180940893
293567,293578,299376,11,5798,2,36000,1.00189720593
293621,293630,298867,9,5237,2,36000,1.00171854115
293826,293835,297377,9,3542,2,36000,1.00254093732
293989,293998,298241,9,4243,2,36000,1.0021211407
294058,294068,299686,10,5618,2,36000,1.00177999288
294296,294306,299919,10,5613,2,36000,1.00178157848
295096,295104,299551,8,4447,2,36000,1.00179896559
295138,295146,298911,8,3765,2,36000,1.002124834
295391,295400,299806,9,4406,2,36000,1.00204266909
295421,295430,301108,9,5678,2,36000,1.00158506516
295447,295458,301102,11,5644,2,36000,1.00194897236
295507,295518,300781,11,5263,2,36000,1.0020900627
295531,295539,300697,8,5158,2,36000,1.00155098876
295588,295599,300217,11,4618,2,36000,1.00238198354
295639,295648,299296,9,3648,2,36000,1.00246710526
295653,295660,301042,7,5382,2,36000,1.00130063174
295741,295750,301317,9,5567,2,36000,1.00161666966
295816,295823,295829,7,6,9,14400,1.3
295842,295848,310248,6,14400,9,14400,1.00041666667
295925,295934,299269,9,3335,2,36000,1.00269865067
295951,295959,301474,8,5515,2,36000,1.0014505893
295966,295972,300894,6,4922,2,36000,1.00121901666
296131,296142,301748,11,5606,2,36000,1.00196218337
296191,296199,302037,8,5838,2,36000,1.00137033231
296355,296363,301409,8,5046,2,36000,1.00158541419
296424,296432,301297,8,4865,2,36000,1.00164439877
296532,296542,301147,10,4605,2,36000,1.00217155266
296604,296610,303132,6,6522,2,28800,1.0009199632
296665,296675,300181,10,3506,2,36000,1.00285225328
296680,296686,301682,6,4996,2,36000,1.00120096077
297058,297065,299028,7,1963,2,21600,1.00356597045
297288,297299,300059,11,2760,2,36000,1.00398550725
297321,297330,302590,9,5260,2,36000,1.00171102662
297379,297389,301915,10,4526,2,36000,1.00220945647
297584,297594,302171,10,4577,2,36000,1.00218483723
297868,297874,297875,6,1,1,14400,1.0
297988,297998,301839,10,3841,2,36000,1.00260348867
297994,298004,298005,10,1,1,14400,1.1
298103,298109,302638,6,4529,2,43200,1.00132479576
298129,298137,303337,8,5200,2,36000,1.00153846154
298171,298181,303173,10,4992,2,36000,1.00200320513
298243,298257,300707,14,2450,2,36000,1.00571428571
298244,298251,300993,7,2742,1,14400,1.00255288111
298303,298311,301643,8,3332,2,36000,1.00240096038
298324,298332,301681,8,3349,2,36000,1.00238877277
298486,298496,303879,10,5383,2,36000,1.00185770017
298501,298510,303517,9,5007,2,36000,1.00179748352
298600,298606,302123,6,3517,2,43200,1.00170599943
298640,298649,303885,9,5236,2,36000,1.00171886937
298656,298662,302114,6,3452,1,14400,1.00173812283
298721,298729,302608,8,3879,2,36000,1.00206238721
298724,298740,312429,16,13689,1,180000,1.00116882168
298724,298751,301922,27,3171,1,180000,1.00851466414
298724,298734,304402,10,5668,1,180000,1.00176429076
298724,298746,304274,22,5528,1,180000,1.00397973951
298724,298757,302631,33,3874,1,180000,1.00851832731
298725,298767,302331,42,3564,1,180000,1.01178451178
298725,298772,302181,47,3409,1,180000,1.01378703432
298725,298793,309725,68,10932,1,180000,1.00622027076
298725,298788,312179,63,13391,1,180000,1.00470465238
298725,298762,298925,37,163,1,180000,1.22699386503
298725,298783,306898,58,8115,1,180000,1.00714725816
298725,298778,311479,53,12701,1,180000,1.00417289977
298726,298809,310273,83,11464,1,180000,1.00724005583
298726,298799,300459,73,1660,1,180000,1.04397590361
298726,298804,298930,78,126,1,180000,1.61904761905
298726,298814,304569,88,5755,1,180000,1.01529105126
298745,298821,303292,76,4471,2,36000,1.01699843435
298868,298878,303998,10,5120,2,36000,1.001953125
298913,298923,303614,10,4691,2,36000,1.00213174163
299009,299015,305023,6,6008,1,14400,1.00099866844
299171,299178,302958,7,3780,1,14400,1.00185185185
299252,299258,300677,6,1419,2,28800,1.00422832981
299271,299280,304418,9,5138,2,36000,1.00175165434
299298,299307,302158,9,2851,2,36000,1.00315678709
299376,299387,304717,11,5330,2,36000,1.00206378987
299553,299562,304746,9,5184,2,36000,1.00173611111
299689,299698,304709,9,5011,2,36000,1.00179604869
299778,299785,301233,7,1448,2,28800,1.00483425414
299809,299817,303320,8,3503,2,36000,1.00228375678
299921,299930,304997,9,5067,2,36000,1.00177619893
300059,300070,305377,11,5307,2,36000,1.00207273412
300183,300193,303049,10,2856,2,36000,1.00350140056
300219,300228,305530,9,5302,2,36000,1.00169747265
300394,300400,300574,6,174,1,180000,1.03448275862
300398,300406,300520,8,114,1,180000,1.0701754386
300439,300455,304573,16,4118,1,180000,1.00388538125
300439,300466,304249,27,3783,1,180000,1.0071371927
300439,300461,306041,22,5580,1,180000,1.00394265233
300439,300450,303299,11,2849,1,180000,1.00386100386
300439,300445,311977,6,11532,1,180000,1.00052029136
300440,300472,302541,32,2069,1,180000,1.01546640889
300440,300498,303289,58,2791,1,180000,1.02078108205
300440,300482,303093,42,2611,1,180000,1.01608579088
300440,300487,302962,47,2475,1,180000,1.01898989899
300440,300493,304643,53,4150,1,180000,1.01277108434
300440,300477,303479,37,3002,1,180000,1.01232511659
300441,300530,302978,89,2448,1,180000,1.03635620915
300441,300524,302046,83,1522,1,180000,1.05453350854
300441,300509,302914,68,2405,1,180000,1.02827442827
300441,300514,302516,73,2002,1,180000,1.03646353646
300441,300519,301802,78,1283,1,180000,1.06079501169
300441,300503,304451,62,3948,1,180000,1.015704154
300442,300535,310486,93,9951,1,180000,1.00934579439
300698,300708,304206,10,3498,2,36000,1.00285877644
300712,300718,305977,6,5259,2,36000,1.00114090131
300785,300793,304263,8,3470,2,36000,1.0023054755
300898,300905,305962,7,5057,2,36000,1.00138421989
301042,301053,304547,11,3494,2,36000,1.00314825415
301105,301114,306039,9,4925,2,36000,1.00182741117
301120,301127,305124,7,3997,2,36000,1.00175131349
301147,301158,305275,11,4117,2,36000,1.00267184843
301297,301308,306519,11,5211,2,36000,1.00211091921
301318,301328,306452,10,5124,2,36000,1.00195160031
301411,301420,306531,9,5111,2,36000,1.00176090785
301477,301485,305551,8,4066,2,36000,1.00196753566
301645,301654,306808,9,5154,2,36000,1.00174621653
301681,301692,306911,11,5219,2,36000,1.00210768346
301696,301703,306649,7,4946,2,36000,1.00141528508
301751,301759,305202,8,3443,2,36000,1.00232355504
301841,301850,306404,9,4554,2,36000,1.00197628458
301916,301926,306501,10,4575,2,36000,1.00218579235
302039,302049,307261,10,5212,2,36000,1.00191864927
302159,302169,307207,10,5038,2,36000,1.00198491465
302174,302183,306946,9,4763,2,36000,1.0018895654
302267,302273,306911,6,4638,2,28800,1.00129366106
302593,302601,306286,8,3685,2,36000,1.00217096336
302611,302620,307717,9,5097,2,36000,1.00176574456
303051,303060,308300,9,5240,2,36000,1.00171755725
303174,303184,307996,10,4812,2,36000,1.00207813799
303294,303303,308457,9,5154,2,36000,1.00174621653
303321,303332,308231,11,4899,2,36000,1.0022453562
303339,303348,308407,9,5059,2,36000,1.00177900771
303519,303528,308267,9,4739,2,36000,1.00189913484
303615,303625,308529,10,4904,2,36000,1.00203915171
303882,303890,308852,8,4962,2,36000,1.00161225312
303897,303903,307375,6,3472,2,36000,1.0017281106
303999,304010,309112,11,5102,2,36000,1.00215601725
304207,304217,307974,10,3757,2,36000,1.00266169816
304264,304274,309031,10,4757,2,36000,1.00210216523
304421,304429,308528,8,4099,2,36000,1.00195169554
304550,304559,309760,9,5201,2,36000,1.00173043645
304709,304721,309768,12,5047,2,36000,1.00237765009
304724,304730,309193,6,4463,2,36000,1.00134438718
304748,304757,309940,9,5183,2,36000,1.00173644607
304998,305008,310186,10,5178,2,36000,1.00193124759
305127,305136,308423,9,3287,2,36000,1.00273805902
305202,305213,308443,11,3230,2,36000,1.00340557276
305277,305286,310110,9,4824,2,36000,1.00186567164
305380,305388,309149,8,3761,2,36000,1.00212709386
305401,305407,305675,6,268,2,7200,1.0223880597
305530,305543,309305,13,3762,2,36000,1.00345560872
305531,305537,305677,6,140,2,10800,1.04285714286
305554,305562,310718,8,5156,2,36000,1.00155159038
305773,305779,313005,6,7226,2,7200,1.0008303349
305779,305785,315655,6,9870,2,10800,1.00060790274
305884,305890,320330,6,14440,2,14400,1.00041551247
305964,305974,311276,10,5302,2,36000,1.00188608072
305978,305989,311261,11,5272,2,36000,1.00208649469
306025,306031,307584,6,1553,2,18000,1.00386349002
306042,306050,309711,8,3661,2,36000,1.0021851953
306093,306099,323399,6,17300,2,21600,1.00034682081
306244,306250,312975,6,6725,2,7200,1.00089219331
306278,306285,308952,7,2667,1,12600,1.00262467192
306289,306297,310606,8,4309,2,36000,1.00185657925
306406,306416,310429,10,4013,2,36000,1.00249190132
306454,306463,311606,9,5143,2,36000,1.00174995139
306502,306512,311515,10,5003,2,36000,1.00199880072
306520,306530,311455,10,4925,2,36000,1.00203045685
306535,306542,311712,7,5170,2,36000,1.00135396518
306650,306660,311035,10,4375,2,36000,1.00228571429
306810,306819,310428,9,3609,2,36000,1.00249376559
306908,306914,307108,6,194,1,4260,1.03092783505
306913,306922,309988,9,3066,2,36000,1.00293542074
306937,306943,307133,6,190,1,4260,1.03157894737
306949,306957,312221,8,5264,2,36000,1.00151975684
307119,307125,307336,6,211,1,4260,1.02843601896
307150,307156,307497,6,341,1,4260,1.01759530792
307208,307218,312230,10,5012,2,36000,1.00199521149
307262,307272,312533,10,5261,2,36000,1.00190077932
307376,307386,311664,10,4278,2,36000,1.00233754091
307458,307464,307465,6,1,1,4260,1.0
307476,307482,307483,6,1,1,4260,1.0
307486,307492,307493,6,1,1,4260,1.0
307511,307517,307788,6,271,1,4260,1.0221402214
307722,307728,312957,6,5229,2,36000,1.00114744693
307864,307871,307874,7,3,1,14400,1.0
307933,307939,321722,6,13783,1,14400,1.00043531887
307976,307985,312523,9,4538,2,36000,1.00198325253
307984,307991,321792,7,13801,1,14400,1.00050720962
307992,307999,521918,7,213919,8,216000,1.00003272267
307997,308007,312444,10,4437,2,36000,1.00225377507
308232,308243,313231,11,4988,2,36000,1.0022052927
308262,308268,308551,6,283,1,4260,1.02120141343
308268,308274,308551,6,277,1,4260,1.02166064982
308268,308280,313427,12,5147,2,36000,1.00233145522
308301,308311,313526,10,5215,2,36000,1.00191754554
308409,308419,313682,10,5263,2,36000,1.001900057
308424,308434,312973,10,4539,2,36000,1.00220312844
308445,308454,313734,9,5280,2,36000,1.00170454545
308460,308468,313674,8,5206,2,36000,1.00153668844
308529,308539,313759,10,5220,2,36000,1.00191570881
308544,308550,311562,6,3012,2,36000,1.00199203187
308852,308863,312816,11,3953,2,36000,1.00278269669
308891,308897,312318,6,3421,2,36000,1.00175387314
309033,309042,313150,9,4108,2,36000,1.00219084713
309115,309123,314314,8,5191,2,36000,1.00154112888
309151,309160,314401,9,5241,2,36000,1.00171722954
309196,309204,313988,8,4784,2,36000,1.0016722408
309308,309316,314541,8,5225,2,36000,1.00153110048
309334,309340,311833,6,2493,2,36000,1.00240673887
309713,309722,314879,9,5157,2,36000,1.0017452007
309761,309771,314323,10,4552,2,36000,1.00219683656
309776,309782,315001,6,5219,2,36000,1.00114964553
309943,309951,312347,8,2396,2,36000,1.00333889816
309991,309999,314925,8,4926,2,36000,1.00162403573
310114,310121,315353,7,5232,2,36000,1.00133792049
310186,310197,315401,11,5204,2,36000,1.00211375865
310431,310439,315470,8,5031,2,36000,1.00159014113
310432,310445,315627,13,5182,2,36000,1.00250868391
310607,310617,315799,10,5182,2,36000,1.00192975685
310684,310690,322139,6,11449,1,180000,1.00052406324
310685,310722,313830,37,3108,1,180000,1.0119047619
310685,310717,312782,32,2065,1,180000,1.01549636804
310685,310695,313566,10,2871,1,180000,1.00348310693
310685,310700,314729,15,4029,1,180000,1.00372300819
310685,310711,314336,26,3625,1,180000,1.00717241379
310685,310706,315909,21,5203,1,180000,1.004036133
310686,310737,321885,51,11148,1,180000,1.00457481163
310686,310753,316246,67,5493,1,180000,1.01219734207
310686,310727,313340,41,2613,1,180000,1.01569077688
310686,310743,313541,57,2798,1,180000,1.02037169407
310686,310748,314720,62,3972,1,180000,1.01560926485
310686,310732,313225,46,2493,1,180000,1.01845166466
310687,310774,313377,87,2603,1,180000,1.03342297349
310687,310785,313581,98,2796,1,180000,1.03505007153
310687,310769,313806,82,3037,1,180000,1.02700032927
310687,310780,313268,93,2488,1,180000,1.03737942122
310687,310764,312871,77,2107,1,180000,1.0365448505
310687,310758,314400,71,3642,1,180000,1.01949478309
310688,310795,313181,107,2386,1,180000,1.04484492875
310688,310801,312732,113,1931,1,180000,1.05851890212
310688,310806,313349,118,2543,1,180000,1.04640188753
310688,310816,314077,128,3261,1,180000,1.03925176326
310688,310790,313012,102,2222,1,180000,1.04590459046
310688,310811,314141,123,3330,1,180000,1.03693693694
310689,310837,313514,148,2677,1,180000,1.05528576765
310689,310843,315554,154,4711,1,180000,1.03268945022
310689,310832,314855,143,4023,1,180000,1.03554561273
310689,310848,313222,159,2374,1,180000,1.06697556866
310689,310822,314419,133,3597,1,180000,1.03697525716
310689,310827,313992,138,3165,1,180000,1.04360189573
310690,310853,312854,163,2001,1,180000,1.08145927036
310690,310859,312148,169,1289,1,180000,1.13110938712
310695,310869,313303,174,2434,1,180000,1.07148726376
310695,310875,321509,180,10634,1,180000,1.01692683844
310695,310864,312387,169,1523,1,180000,1.11096520026
310695,310880,313521,185,2641,1,180000,1.07004922378
310696,310890,313099,194,2209,1,180000,1.08782254414
310696,310885,313059,189,2174,1,180000,1.08693652254
310696,310906,314019,210,3113,1,180000,1.06745904272
310696,310912,314214,216,3302,1,180000,1.06541490006
310696,310896,312778,200,1882,1,180000,1.10626992561
310696,310901,313430,205,2529,1,180000,1.08105970739
310697,310922,314140,225,3218,1,180000,1.06991920447
310697,310917,314452,220,3535,1,180000,1.06223479491
310719,310928,315535,209,4607,2,36000,1.04536574778
310936,310942,318131,6,7189,1,115200,1.00083460843
310968,310974,318031,6,7057,1,115200,1.00085021964
310984,310990,318014,6,7024,1,115200,1.00085421412
310998,311004,319953,6,8949,1,115200,1.00067046597
311039,311046,316167,7,5121,2,36000,1.00136692052
311262,311272,315736,10,4464,2,36000,1.00224014337
311277,311287,316191,10,4904,2,36000,1.00203915171
311455,311461,311463,6,2,1,12600,1.0
311458,311467,316695,9,5228,2,36000,1.00172149962
311492,311499,314692,7,3193,2,21600,1.00219229565
311507,311513,311551,6,38,1,12600,1.15789473684
311515,311526,316581,11,5055,2,36000,1.0021760633
311563,311573,316756,10,5183,2,36000,1.00192938453
311608,311617,315890,9,4273,2,36000,1.00210624854
311657,311663,326091,6,14428,2,14400,1.00041585805
311659,311669,326085,10,14416,2,14400,1.0006936737
311665,311675,316664,10,4989,2,36000,1.0020044097
311713,311723,317027,10,5304,2,36000,1.00188536953
311881,311887,311888,6,1,2,21600,1.0
312223,312232,316771,9,4539,2,36000,1.0019828156
312238,312244,315921,6,3677,2,36000,1.00163176503
312350,312358,317457,8,5099,2,36000,1.00156893509
312446,312455,317326,9,4871,2,36000,1.00184766988
312524,312534,316631,10,4097,2,36000,1.00244081035
312536,312542,323394,6,10852,2,28800,1.00055289348
312539,312548,317783,9,5235,2,36000,1.00171919771
312820,312827,317930,7,5103,2,36000,1.00137174211
312950,312956,320844,6,7888,2,36000,1.00076064909
312958,312969,318030,11,5061,2,36000,1.0021734835
312976,312984,318095,8,5111,2,36000,1.00156525142
313151,313161,318188,10,5027,2,36000,1.00198925801
313232,313242,316388,10,3146,2,36000,1.00317863954
313429,313438,318588,9,5150,2,36000,1.00174757282
313528,313537,318747,9,5210,2,36000,1.00172744722
313675,313685,319020,10,5335,2,36000,1.00187441425
313690,313696,318694,6,4998,2,36000,1.00120048019
313735,313745,318888,10,5143,2,36000,1.00194439043
313759,313770,318961,11,5191,2,36000,1.00211905221
313992,314000,319208,8,5208,2,36000,1.00153609831
314202,314208,317451,6,3243,2,21600,1.00185013876
314314,314325,319579,11,5254,2,36000,1.00209364294
314329,314336,319509,7,5173,2,36000,1.00135317997
314405,314413,317957,8,3544,2,36000,1.00225733634
314505,314511,314512,6,1,2,21600,1.0
314543,314552,319658,9,5106,2,36000,1.0017626322
314880,314890,320059,10,5169,2,36000,1.00193461018
314928,314936,320174,8,5238,2,36000,1.0015273005
315004,315013,320098,9,5085,2,36000,1.0017699115
315201,315207,318278,6,3071,1,180000,1.00195376099
315202,315234,317736,32,2502,1,180000,1.01278976819
315202,315212,317671,10,2459,1,180000,1.00406669378
315202,315229,319963,27,4734,1,180000,1.00570342205
315202,315239,318168,37,2929,1,180000,1.01263229771
315202,315218,317913,16,2695,1,180000,1.00593692022
315202,315223,317630,21,2407,1,180000,1.00872455339
315203,315250,318131,47,2881,1,180000,1.01631377994
315203,315245,320324,42,5079,1,180000,1.00826934436
315356,315365,320570,9,5205,2,36000,1.00172910663
315404,315412,320732,8,5320,2,36000,1.0015037594
315473,315482,319150,9,3668,2,36000,1.00245365322
315537,315546,320010,9,4464,2,36000,1.00201612903
315595,315601,315602,6,1,1,180000,1.0
315595,315606,315607,11,1,1,180000,1.2
315596,315628,315629,32,1,1,180000,3.3
315596,315633,315634,37,1,1,180000,3.8
315597,315638,315639,41,1,1,180000,4.2
315597,315654,315655,57,1,1,180000,5.8
315598,315680,315681,82,1,1,180000,8.3
315598,315675,315676,77,1,1,180000,7.8
315598,315670,315671,72,1,1,180000,7.3
315630,315687,320873,57,5186,2,36000,1.01099112997
315738,315747,320895,9,5148,2,36000,1.00174825175
315798,315804,315994,6,190,1,4260,1.03157894737
315801,315810,319597,9,3787,2,36000,1.00237655136
315805,315816,316025,11,209,1,4260,1.05263157895
315891,315902,319498,11,3596,2,36000,1.00305895439
315924,315932,318829,8,2897,2,36000,1.00276147739
315991,315997,315999,6,2,1,5400,1.0
316009,316015,316330,6,315,1,4260,1.01904761905
316169,316175,317857,6,1682,1,5400,1.00356718193
316169,316181,321413,12,5232,2,36000,1.00229357798
316181,316187,316748,6,561,2,3600,1.01069518717
316193,316203,321297,10,5094,2,36000,1.00196309384
316310,316315,316316,5,1,1,180000,1.0
316310,316332,316333,22,1,1,180000,2.3
316310,316337,316338,27,1,1,180000,2.8
316311,316342,316343,31,1,1,180000,3.2
316311,316358,321866,47,5508,1,180000,1.00853304285
316311,316363,318170,52,1807,1,180000,1.02877697842
316311,316368,319372,57,3004,1,180000,1.0189747004
316312,316374,335763,62,19389,1,180000,1.00319768941
316312,316394,322208,82,5814,1,180000,1.01410388717
316312,316379,318562,67,2183,1,180000,1.03069170866
316312,316384,319456,72,3072,1,180000,1.0234375
316312,316389,322927,77,6538,1,180000,1.01177730193
316313,316416,319559,103,3143,1,180000,1.03277123767
316313,316431,319491,118,3060,1,180000,1.0385620915
316313,316405,321445,92,5040,1,180000,1.01825396825
316313,316426,318593,113,2167,1,180000,1.05214582372
316313,316410,318184,97,1774,1,180000,1.05467869222
316313,316421,334508,108,18087,1,180000,1.00597113949
316314,316442,322025,128,5583,1,180000,1.0229267419
316314,316447,316448,133,1,1,180000,13.4
316314,316437,322940,123,6503,1,180000,1.01891434722
316334,316464,316467,130,3,1,5400,13.3
316341,316459,316705,118,246,1,4260,1.47967479675
316391,316453,321649,62,5196,2,36000,1.01193225558
316584,316592,321706,8,5114,2,36000,1.0015643332
316632,316643,321725,11,5082,2,36000,1.00216450216
316665,316675,321914,10,5239,2,36000,1.00190876121
316698,316706,321957,8,5251,2,36000,1.00152351933
316759,316768,321394,9,4626,2,36000,1.00194552529
316773,316782,319790,9,3008,2,36000,1.00299202128
317030,317038,322083,8,5045,2,36000,1.00158572844
317328,317337,322532,9,5195,2,36000,1.00173243503
317458,317468,321813,10,4345,2,36000,1.00230149597
317482,317514,322573,32,5059,1,180000,1.00632536074
317482,317493,321753,11,4260,1,180000,1.00258215962
317482,317509,321572,27,4063,1,180000,1.00664533596
317482,317487,320706,5,3219,1,180000,1.00155327742
317482,317498,319482,16,1984,1,180000,1.00806451613
317482,317504,321404,22,3900,1,180000,1.00564102564
317483,317546,330979,63,13433,1,180000,1.00468994268
317483,317520,321509,37,3989,1,180000,1.00927550765
317483,317530,321732,47,4202,1,180000,1.01118514993
317483,317525,328671,42,11146,1,180000,1.00376816795
317483,317541,326372,58,8831,1,180000,1.00656777262
317483,317535,322947,52,5412,1,180000,1.0096082779
317484,317561,337135,77,19574,1,180000,1.00393378972
317484,317551,327117,67,9566,1,180000,1.0070039724
317484,317567,323648,83,6081,1,180000,1.01364907088
317484,317556,321556,72,4000,1,180000,1.018
317484,317572,319323,88,1751,1,180000,1.050256996
317484,317577,320725,93,3148,1,180000,1.02954256671
317485,317598,323092,113,5494,1,180000,1.02056789225
317485,317592,321520,107,3928,1,180000,1.02724032587
317485,317603,320465,118,2862,1,180000,1.04122990915
317485,317582,319939,97,2357,1,180000,1.04115400933
317485,317608,320005,123,2397,1,180000,1.05131414268
317485,317613,321209,128,3596,1,180000,1.03559510567
317486,317619,320077,133,2458,1,180000,1.05410903173
317486,317640,320978,154,3338,1,180000,1.04613541043
317486,317635,320986,149,3351,1,180000,1.044464339
317486,317629,321986,143,4357,1,180000,1.03282074822
317486,317645,321090,159,3445,1,180000,1.04615384615
317486,317624,326418,138,8794,1,180000,1.01569251763
317547,317651,317878,104,227,1,4260,1.45814977974
317786,317794,323107,8,5313,2,36000,1.00150574064
317899,317905,320811,6,2906,2,43200,1.00206469374
317933,317942,322605,9,4663,2,36000,1.00193008793
317960,317968,323135,8,5167,2,36000,1.00154828721
318032,318041,323112,9,5071,2,36000,1.00177479787
318096,318106,323306,10,5200,2,36000,1.00192307692
318189,318199,322397,10,4198,2,36000,1.00238208671
318403,318410,318698,7,288,1,4260,1.02430555556
318409,318416,318752,7,336,1,4260,1.02083333333
318590,318599,323739,9,5140,2,36000,1.00175097276
318695,318706,324030,11,5324,2,36000,1.0020661157
318750,318758,324047,8,5289,2,36000,1.00151257327
318831,318841,324110,10,5269,2,36000,1.00189789334
318891,318899,324133,8,5234,2,36000,1.00152846771
318916,318922,319964,6,1042,2,43200,1.00575815739
318964,318973,324219,9,5246,2,36000,1.00171559283
319020,319031,322373,11,3342,2,36000,1.00329144225
319153,319162,324106,9,4944,2,36000,1.00182038835
319210,319220,324513,10,5293,2,36000,1.00188928774
319499,319510,324677,11,5167,2,36000,1.00212889491
319514,319520,324483,6,4963,2,36000,1.0012089462
319580,319590,322754,10,3164,2,36000,1.00316055626
319598,319609,324518,11,4909,2,36000,1.00224078224
319661,319670,324918,9,5248,2,36000,1.00171493902
319791,319801,324642,10,4841,2,36000,1.00206568891
320010,320021,322552,11,2531,2,36000,1.00434610826
320061,320070,325224,9,5154,2,36000,1.00174621653
320100,320109,325189,9,5080,2,36000,1.00177165354
320175,320185,325204,10,5019,2,36000,1.00199242877
320368,320374,321236,6,862,2,14400,1.00696055684
320571,320581,325576,10,4995,2,36000,1.002002002
320647,320653,321376,6,723,2,14400,1.00829875519
320733,320743,325951,10,5208,2,36000,1.00192012289
320875,320885,326188,10,5303,2,36000,1.00188572506
320896,320906,326119,10,5213,2,36000,1.00191828122
321300,321308,326210,8,4902,2,36000,1.00163198694
321396,321405,324337,9,2932,2,36000,1.00306957708
321414,321425,326706,11,5281,2,36000,1.00208293884
321486,321492,322281,6,789,2,14400,1.00760456274
321652,321660,325136,8,3476,2,36000,1.00230149597
321709,321718,326962,9,5244,2,36000,1.00171624714
321727,321736,326885,9,5149,2,36000,1.00174791222
321814,321825,326834,11,5009,2,36000,1.00219604712
321916,321925,327121,9,5196,2,36000,1.00173210162
321958,321968,327130,10,5162,2,36000,1.00193723363
322085,322094,327205,9,5111,2,36000,1.00176090785
322374,322384,327240,10,4856,2,36000,1.00205930807
322398,322408,327240,10,4832,2,36000,1.00206953642
322534,322543,327241,9,4698,2,36000,1.00191570881
322555,322563,327240,8,4677,2,36000,1.00171049818
322606,322616,327240,10,4624,2,36000,1.00216262976
322756,322765,327245,9,4480,2,36000,1.00200892857
322776,322782,326876,6,4094,2,10800,1.00146555936
323110,323118,327245,8,4127,2,36000,1.00193845408
323124,323131,327245,7,4114,2,36000,1.00170150705
323129,323137,325135,8,1998,2,36000,1.004004004
323139,323146,327245,7,4099,2,36000,1.00170773359
323308,323317,327245,9,3928,2,36000,1.00229124236
323740,323750,327245,10,3495,2,36000,1.00286123033
324032,324042,327245,10,3203,2,36000,1.00312207306
324047,324058,327245,11,3187,2,36000,1.00345152181
324108,324118,327245,10,3127,2,36000,1.00319795331
324122,324128,327245,6,3117,2,36000,1.00192492782
324137,324144,327245,7,3101,2,36000,1.00225733634
324221,324230,327245,9,3015,2,36000,1.00298507463
324338,324348,327245,10,2897,2,36000,1.00345184674
324474,324480,331287,6,6807,2,10800,1.00088144557
324486,324494,327245,8,2751,2,36000,1.00290803344
324516,324524,327245,8,2721,2,36000,1.00294009555
324531,324537,327245,6,2708,2,36000,1.00221565731
324645,324653,327245,8,2592,2,36000,1.00308641975
324678,324688,327245,10,2557,2,36000,1.00391083301
324807,324813,339241,6,14428,2,14400,1.00041585805
324919,324929,327245,10,2316,2,36000,1.00431778929
325137,325147,327245,10,2098,2,36000,1.00476644423
325191,325200,327245,9,2045,2,36000,1.004400978
325206,325215,327245,9,2030,2,36000,1.00443349754
325227,325235,327245,8,2010,2,36000,1.0039800995
325578,325587,327245,9,1658,2,36000,1.00542822678
325952,325962,327245,10,1283,2,36000,1.00779423227
325959,325968,337021,9,11053,2,14400,1.00081425857
326121,326131,327245,10,1114,2,36000,1.00897666068
326190,326199,327245,9,1046,2,36000,1.0086042065
326211,326221,327245,10,1024,2,36000,1.009765625
326526,326533,328640,7,2107,2,10800,1.00332225914
326552,326559,328609,7,2050,2,14400,1.00341463415
326707,326717,327245,10,528,2,36000,1.01893939394
326837,326845,327245,8,400,2,36000,1.02
326888,326897,327245,9,348,2,36000,1.02586206897
326963,326973,327245,10,272,2,36000,1.03676470588
327123,327132,327245,9,113,2,36000,1.0796460177
327138,327144,327245,6,101,2,36000,1.05940594059
327209,327217,327245,8,28,2,36000,1.28571428571
327417,327433,330138,16,2705,4,7200,1.00591497227
327417,327428,330060,11,2632,4,7200,1.00417933131
327417,327423,329907,6,2484,4,7200,1.00241545894
327418,327459,330029,41,2570,4,7200,1.01595330739
327418,327449,329886,31,2437,4,7200,1.01272055806
327418,327439,330036,21,2597,4,7200,1.00808625337
327418,327454,330114,36,2660,4,7200,1.01353383459
327418,327444,329981,26,2537,4,7200,1.01024832479
327419,327464,330026,45,2562,4,7200,1.01756440281
327419,327480,330016,61,2536,4,7200,1.02405362776
327419,327470,329968,51,2498,4,7200,1.02041633307
327419,327475,329884,56,2409,4,7200,1.02324616023
327420,327485,329924,65,2439,4,7200,1.0266502665
327420,327496,330204,76,2708,4,7200,1.02806499261
327420,327501,330058,81,2557,4,7200,1.03167774736
327420,327490,330144,70,2654,4,7200,1.02637528259
327420,327506,330129,86,2623,4,7200,1.03278688525
327421,327511,330293,90,2782,4,7200,1.03235082674
327421,327521,330153,100,2632,4,7200,1.03799392097
327421,327516,330170,95,2654,4,7200,1.03579502638
328689,328696,335138,7,6442,2,14400,1.00108661906
329579,330075,331951,496,1876,5,7200,1.26439232409
329579,331987,334020,2408,2033,5,7200,2.18445646827
329579,331939,333973,2360,2034,5,7200,2.16027531957
329580,331971,333845,2391,1874,5,7200,2.27588046958
329580,331880,333704,2300,1824,5,7200,2.26096491228
329580,332150,334062,2570,1912,5,7200,2.34414225941
329580,331958,333892,2378,1934,5,7200,2.22957600827
329580,331993,333915,2413,1922,5,7200,2.25546305931
329581,332171,334139,2590,1968,5,7200,2.31605691057
329581,331952,333871,2371,1919,5,7200,2.23553934341
329581,332156,334074,2575,1918,5,7200,2.342544317
329581,332118,333963,2537,1845,5,7200,2.37506775068
329582,331932,333732,2350,1800,5,7200,2.30555555556
329582,330279,332150,697,1871,5,7200,1.37252805986
329582,334086,335998,4504,1912,5,7200,3.35564853556
329582,333974,335901,4392,1927,5,7200,3.27919045148
329582,333716,335641,4134,1925,5,7200,3.14753246753
329583,332019,334040,2436,2021,5,7200,2.20534388916
329583,332374,334214,2791,1840,5,7200,2.51684782609
329583,330028,331975,445,1947,5,7200,1.22855675398
329583,330149,331959,566,1810,5,7200,1.31270718232
329583,330080,332138,497,2058,5,7200,1.24149659864
329584,339952,341976,10368,2024,5,7200,6.12252964427
329584,330039,331869,455,1830,5,7200,1.24863387978
329584,330033,331922,449,1889,5,7200,1.23769190048
329584,330052,331943,468,1891,5,7200,1.24748810153
329584,330171,332143,587,1972,5,7200,1.2976673428
329585,330157,331940,572,1783,5,7200,1.32080762759
329585,330215,332160,630,1945,5,7200,1.32390745501
329585,330162,332107,577,1945,5,7200,1.29665809769
329585,330044,331980,459,1936,5,7200,1.23708677686
329586,333857,335737,4271,1880,5,7200,3.27180851064
329586,331965,333770,2379,1805,5,7200,2.31800554017
329586,330140,331921,554,1781,5,7200,1.31106120157
329586,334074,335945,4488,1871,5,7200,3.3987172635
329586,333904,335801,4318,1897,5,7200,3.2762256194
329587,337659,339853,8072,2194,5,7200,4.67912488605
329587,339505,341332,9918,1827,5,7200,6.42857142857
329587,333882,335686,4295,1804,5,7200,3.38082039911
329587,336036,337893,6449,1857,5,7200,4.47280560043
329588,341344,343321,11756,1977,5,7200,6.94638340921
329588,339489,341356,9901,1867,5,7200,6.30316014997
329588,334031,335909,4443,1878,5,7200,3.36581469649
329588,335615,337511,6027,1896,5,7200,4.17879746835
329589,339864,341615,10275,1751,5,7200,6.86807538549
329589,334091,335906,4502,1815,5,7200,3.48044077135
329589,330182,332008,593,1826,5,7200,1.32475355969
329589,334150,336013,4561,1863,5,7200,3.44820182501
329590,340390,342351,10800,1961,5,7200,6.50739418664
329590,339957,341980,10367,2023,5,7200,6.12456747405
329590,330304,332363,714,2059,5,7200,1.34677027683
329590,339888,341857,10298,1969,5,7200,6.23006602336
329590,339781,341480,10191,1699,5,7200,6.99823425544
329591,333314,335397,3723,2083,5,7200,2.78732597216
329591,341208,343202,11617,1994,5,7200,6.8259779338
329591,335748,337648,6157,1900,5,7200,4.24052631579
329591,341229,343040,11638,1811,5,7200,7.42628382109
329592,341367,343234,11775,1867,5,7200,7.30690948045
329592,341498,343429,11906,1931,5,7200,7.16571724495
329592,341491,343440,11899,1949,5,7200,7.10518214469
329592,341731,343555,12139,1824,5,7200,7.65515350877
329593,341282,343243,11689,1961,5,7200,6.96073431922
329593,341503,343530,11910,2027,5,7200,6.87567834238
329593,341987,343828,12394,1841,5,7200,7.73221075502
329593,341869,343825,12276,1956,5,7200,7.27607361963
329594,343214,344415,13620,1201,5,7200,12.340549542
329594,341626,343424,12032,1798,5,7200,7.69187986652
329594,338386,340317,8792,1931,5,7200,5.55308130502
329594,341994,343892,12400,1898,5,7200,7.53319283456
329595,343051,344416,13456,1365,5,7200,10.8578754579
329595,339786,341719,10191,1933,5,7200,6.27211588205
329595,339548,341435,9953,1887,5,7200,6.27450980392
329595,342362,344380,12767,2018,5,7200,7.32656095144
329596,333781,335604,4185,1823,5,7200,3.29566648382
329596,339672,341602,10076,1930,5,7200,6.2207253886
329597,341613,343533,12016,1920,5,7200,7.25833333333
329625,330195,330268,570,73,5,7200,8.80821917808
329918,329926,351555,8,21629,2,21600,1.00036987378
329921,329933,351564,12,21631,2,21600,1.00055475937
330043,330059,348484,16,18425,2,21600,1.00086838535
330046,330064,343267,18,13203,2,21600,1.00136332652
330187,330201,351841,14,21640,2,21600,1.00064695009
330191,330208,351824,17,21616,2,21600,1.00078645448
330330,330336,350583,6,20247,2,21600,1.0002963402
330332,330342,345734,10,15392,2,21600,1.00064968815
330402,330407,342695,5,12288,2,21600,1.00040690104
331123,331129,344186,6,13057,2,14400,1.00045952363
332719,332725,332727,6,2,2,3540,1.0
333261,333926,335746,665,1820,5,7200,1.36538461538
333263,334226,335950,963,1724,5,7200,1.55858468677
333264,339229,341271,5965,2042,5,7200,3.92115572968
333265,335653,337487,2388,1834,5,7200,2.30207197383
333265,335698,337526,2433,1828,5,7200,2.33096280088
333266,343246,344416,9980,1170,5,7200,9.52991452991
333268,339559,341482,6291,1923,5,7200,4.27145085803
333268,339626,341493,6358,1867,5,7200,4.40546331012
333270,343333,344416,10063,1083,5,7200,10.2917820868
333270,343436,344416,10166,980,5,7200,11.3734693878
333270,343251,344416,9981,1165,5,7200,9.56738197425
333271,343549,344416,10278,867,5,7200,12.8546712803
333271,343443,344416,10172,973,5,7200,11.4542651593
333271,344391,344416,11120,25,5,7200,445.8
333272,343567,344416,10295,849,5,7200,13.1260306243
333272,335922,337913,2650,1991,5,7200,2.33098945254
333272,335958,337799,2686,1841,5,7200,2.45898967952
333273,337664,339478,4391,1814,5,7200,3.42061742007
333273,337523,339396,4250,1873,5,7200,3.26908702616
333274,335913,337746,2639,1833,5,7200,2.43971631206
333275,334052,336024,777,1972,5,7200,1.39401622718
333275,335927,337952,2652,2025,5,7200,2.30962962963
333276,343837,344416,10561,579,5,7200,19.2400690846
333278,336024,337951,2746,1927,5,7200,2.42501297353
333279,337499,339277,4220,1778,5,7200,3.37345331834
333279,336357,338375,3078,2018,5,7200,2.52527254708
333280,337269,339155,3989,1886,5,7200,3.1150583245
333280,337538,339547,4258,2009,5,7200,3.11946241911
333280,337553,339494,4273,1941,5,7200,3.20144255538
333281,337717,339537,4436,1820,5,7200,3.43736263736
333282,343542,344416,10260,874,5,7200,12.7391304348
333284,337905,339769,4621,1864,5,7200,3.47907725322
333284,337758,339729,4474,1971,5,7200,3.26991374937
333284,335967,337705,2683,1738,5,7200,2.54372842348
333285,336042,337792,2757,1750,5,7200,2.57542857143
333288,337926,339660,4638,1734,5,7200,3.67474048443
333290,335410,337257,2120,1847,5,7200,2.14780725501
333291,335814,337648,2523,1834,5,7200,2.37568157034
333296,343904,344416,10608,512,5,7200,21.71875
333296,343696,344417,10400,721,5,7200,15.4244105409
333297,337911,339740,4614,1829,5,7200,3.52268999453
333297,343971,344416,10674,445,5,7200,24.9865168539
333299,337964,339876,4665,1912,5,7200,3.43985355649
333299,337932,339941,4633,2009,5,7200,3.30612244898
333300,344198,344416,10898,218,5,7200,50.9908256881
333300,339409,341197,6109,1788,5,7200,4.41666666667
333300,339289,341218,5989,1929,5,7200,4.10471747019
333303,335759,337541,2456,1782,5,7200,2.37822671156
344713,344719,346669,6,1950,5,7200,1.00307692308
344713,344724,346811,11,2087,5,7200,1.00527072353
344714,344740,346611,26,1871,5,7200,1.01389631213
344714,344745,346707,31,1962,5,7200,1.01580020387
344714,344735,346728,21,1993,5,7200,1.01053687908
344714,344729,346761,15,2032,5,7200,1.00738188976
344715,344761,346597,46,1836,5,7200,1.02505446623
344715,344756,346599,41,1843,5,7200,1.02224633749
344715,344750,346855,35,2105,5,7200,1.01662707838
344715,344766,346699,51,1933,5,7200,1.02638385929
344715,344771,346629,56,1858,5,7200,1.03013993541
344716,344787,346786,71,1999,5,7200,1.03551775888
344716,344792,346668,76,1876,5,7200,1.04051172708
344716,344781,346690,65,1909,5,7200,1.03404924044
344716,344776,346681,60,1905,5,7200,1.03149606299
344717,346688,348644,1971,1956,5,7200,2.00766871166
344717,344797,346742,80,1945,5,7200,1.0411311054
344718,346822,348657,2104,1835,5,7200,2.14659400545
344718,346772,348685,2054,1913,5,7200,2.0737062206
344718,346740,348701,2022,1961,5,7200,2.03110657828
344718,346624,348542,1906,1918,5,7200,1.99374348279
344719,346722,348590,2003,1868,5,7200,2.07226980728
344719,346615,348666,1896,2051,5,7200,1.92442710873
344719,346608,348527,1889,1919,5,7200,1.98436685774
344719,346866,348916,2147,2050,5,7200,2.04731707317
344720,346704,348660,1984,1956,5,7200,2.01431492843
344720,346696,348713,1976,2017,5,7200,1.97967278136
344720,346713,348769,1993,2056,5,7200,1.96935797665
344720,346640,348516,1920,1876,5,7200,2.02345415778
344721,348655,350555,3934,1900,5,7200,3.07052631579
344721,346679,348594,1958,1915,5,7200,2.02245430809
344721,346753,348727,2032,1974,5,7200,2.02938196555
344721,346797,348772,2076,1975,5,7200,2.05113924051
344722,348602,350682,3880,2080,5,7200,2.86538461538
344722,348553,350524,3831,1971,5,7200,2.94368340944
344722,348669,350605,3947,1936,5,7200,3.03873966942
344722,348696,350631,3974,1935,5,7200,3.05374677003
344722,348712,350693,3990,1981,5,7200,3.01413427562
344723,348927,350912,4204,1985,5,7200,3.11788413098
344723,348780,350821,4057,2041,5,7200,2.9877511024
344723,348527,350554,3804,2027,5,7200,2.8766650222
344723,348538,350491,3815,1953,5,7200,2.95340501792
344723,348685,350537,3962,1852,5,7200,3.13930885529
344724,348787,350761,4063,1974,5,7200,3.05825734549
344724,348609,350478,3885,1869,5,7200,3.07865168539
344724,348725,350614,4001,1889,5,7200,3.1180518793
344724,348676,350562,3952,1886,5,7200,3.09544008484
344725,350705,352710,5980,2005,5,7200,3.9825436409
344725,350616,352663,5891,2047,5,7200,3.87787005374
344725,350573,352508,5848,1935,5,7200,4.02222222222
344725,348738,350653,4013,1915,5,7200,3.0955613577
344725,350642,352495,5917,1853,5,7200,4.19320021587
344726,350536,352393,5810,1857,5,7200,4.12870220786
344726,350923,352903,6197,1980,5,7200,4.1297979798
344726,350693,352709,5967,2016,5,7200,3.95982142857
344727,350502,352551,5775,2049,5,7200,3.81844802343
344727,350625,352493,5898,1868,5,7200,4.1573875803
344727,350565,352563,5838,1998,5,7200,3.92192192192
344727,350548,352601,5821,2053,5,7200,3.83536288358
344727,350832,352676,6105,1844,5,7200,4.31073752711
344728,350772,352768,6044,1996,5,7200,4.02805611222
344728,350665,352669,5937,2004,5,7200,3.9625748503
344728,350489,352431,5761,1942,5,7200,3.96652935118
344728,352524,354486,7796,1962,5,7200,4.97349643221
344728,350578,352495,5850,1917,5,7200,4.05164319249
344729,352720,354622,7991,1902,5,7200,5.20136698212
344729,352674,354687,7945,2013,5,7200,4.94684550422
344729,352512,354560,7783,2048,5,7200,4.80029296875
344729,352728,354549,7999,1821,5,7200,5.39264140582
344729,352404,354484,7675,2080,5,7200,4.68990384615
344730,352612,354532,7882,1920,5,7200,5.10520833333
344730,352690,354708,7960,2018,5,7200,4.94449950446
344730,352915,354811,8185,1896,5,7200,5.31698312236
344730,352562,354537,7832,1975,5,7200,4.96556962025
344731,352505,354619,7774,2114,5,7200,4.67738883633
344731,352779,354685,8048,1906,5,7200,5.22245540399
344731,352574,354498,7843,1924,5,7200,5.0764033264
344731,352517,354464,7786,1947,5,7200,4.99897277863
344731,352443,354277,7712,1834,5,7200,5.20501635769
344732,352682,354627,7950,1945,5,7200,5.08740359897
344732,354571,356475,9839,1904,5,7200,6.16754201681
344732,354703,356687,9971,1984,5,7200,6.02570564516
344732,354502,356531,9770,2029,5,7200,5.81517989157
344733,354822,356803,10089,1981,5,7200,6.09288238264
344733,354637,356696,9904,2059,5,7200,5.81010199126
344733,354561,356610,9828,2049,5,7200,5.79648609078
344733,354544,356420,9811,1876,5,7200,6.22974413646
344733,354495,356408,9762,1913,5,7200,6.10297961317
344734,354630,356644,9896,2014,5,7200,5.91360476663
344734,354552,356510,9818,1958,5,7200,6.01430030644
344734,354510,356485,9776,1975,5,7200,5.94987341772
344734,354475,356373,9741,1898,5,7200,6.13224446786
344734,354720,356549,9986,1829,5,7200,6.45981410607
344735,354645,356612,9910,1967,5,7200,6.03812913066
344735,354696,356739,9961,2043,5,7200,5.87567302986
344735,354289,356156,9554,1867,5,7200,6.11730048206
344735,356543,358464,11808,1921,5,7200,7.14679854243
344736,356699,358576,11963,1877,5,7200,7.37346830048
344736,356621,358502,11885,1881,5,7200,7.31844763424
344736,356486,358406,11750,1920,5,7200,7.11979166667
344736,356707,358650,11971,1943,5,7200,7.16109109624
344736,356419,358471,11683,2052,5,7200,6.69346978558
344737,356431,358429,11694,1998,5,7200,6.85285285285
344737,356814,358724,12077,1910,5,7200,7.32303664921
344737,356521,358405,11784,1884,5,7200,7.25477707006
344737,356560,358617,11823,2057,5,7200,6.74769081186
344738,356167,358202,11429,2035,5,7200,6.61621621622
344738,356655,358602,11917,1947,5,7200,7.12069851053
344738,356750,358633,12012,1883,5,7200,7.37918215613
344738,356385,358423,11647,2038,5,7200,6.71491658489
344738,356497,358516,11759,2019,5,7200,6.82417038138
344739,358423,360352,13684,1929,5,7200,8.09383100052
344739,356628,358524,11889,1896,5,7200,7.27056962025
344739,358476,360434,13737,1958,5,7200,8.01583248212
344739,358587,360575,13848,1988,5,7200,7.96579476861
344740,358483,360396,13743,1913,5,7200,8.18400418191
344740,358661,360706,13921,2045,5,7200,7.80733496333
344740,358735,360685,13995,1950,5,7200,8.17692307692
344740,358514,360253,13774,1739,5,7200,8.9206440483
344741,358628,360640,13887,2012,5,7200,7.90208747515
344741,358440,360496,13699,2056,5,7200,7.66293774319
344741,358416,360435,13675,2019,5,7200,7.77315502724
344741,358613,360419,13872,1806,5,7200,8.68106312292
344741,358528,360506,13787,1978,5,7200,7.9701718908
344742,360445,362294,15703,1849,5,7200,9.49269875608
344742,358535,360484,13793,1949,5,7200,8.07696254489
344742,358214,360116,13472,1902,5,7200,8.08307045216
344742,358445,360354,13703,1909,5,7200,8.17810371922
344742,358644,360548,13902,1904,5,7200,8.30147058824
344743,360586,362450,15843,1864,5,7200,9.49946351931
344743,360407,362381,15664,1974,5,7200,8.93515704154
344743,360363,362370,15620,2007,5,7200,8.78276033881
344743,360264,362206,15521,1942,5,7200,8.99227600412
344744,360696,362450,15952,1754,5,7200,10.094640821
344744,360452,362482,15708,2030,5,7200,8.73793103448
344744,360651,362631,15907,1980,5,7200,9.03383838384
344744,360717,362791,15973,2074,5,7200,8.70154291225
344744,360507,362315,15763,1808,5,7200,9.71847345133
344745,360430,362284,15685,1854,5,7200,9.46008629989
344745,360517,362417,15772,1900,5,7200,9.30105263158
344745,360370,362243,15625,1873,5,7200,9.34223171383
344745,360559,362598,15814,2039,5,7200,8.75576262874
344746,362461,364510,17715,2049,5,7200,9.64568081991
344746,360127,361980,15381,1853,5,7200,9.30059363195
344746,362381,364455,17635,2074,5,7200,9.50289296046
344746,360495,362515,15749,2020,5,7200,8.79653465347
344746,362305,364171,17559,1866,5,7200,10.4099678457
344747,362803,364769,18056,1966,5,7200,10.1841302136
344747,362218,364194,17471,1976,5,7200,9.84159919028
344747,362393,364261,17646,1868,5,7200,10.4464668094
344747,362466,364408,17719,1942,5,7200,10.1240988671
344748,362642,364547,17894,1905,5,7200,10.393175853
344748,362493,364343,17745,1850,5,7200,10.5918918919
344748,362295,364297,17547,2002,5,7200,9.76473526474
344748,362326,364182,17578,1856,5,7200,10.4709051724
344748,362428,364372,17680,1944,5,7200,10.0946502058
344749,362527,364358,17778,1831,5,7200,10.7094483889
344749,361991,363986,17242,1995,5,7200,9.64260651629
344749,362254,364166,17505,1912,5,7200,10.155334728
344749,362609,364592,17860,1983,5,7200,10.0065557237
344750,364467,366466,19717,1999,5,7200,10.8634317159
344750,364184,366151,19434,1967,5,7200,10.8800203355
344750,364271,366156,19521,1885,5,7200,11.3559681698
344750,364206,366047,19456,1841,5,7200,11.5681694731
344750,364521,366477,19771,1956,5,7200,11.1078732106
344751,364193,366184,19442,1991,5,7200,10.7649422401
344751,364780,366670,20029,1890,5,7200,11.5973544974
344751,364419,366371,19668,1952,5,7200,11.0758196721
344751,364354,366407,19603,2053,5,7200,10.54846566
344752,364558,366576,19806,2018,5,7200,10.8146679881
344752,364177,366078,19425,1901,5,7200,11.2183061547
344752,364383,366361,19631,1978,5,7200,10.9246713852
344752,364309,366244,19557,1935,5,7200,11.1069767442
344753,363998,365954,19245,1956,5,7200,10.8389570552
344753,366162,368093,21409,1931,5,7200,12.0870015536
344753,366488,368499,21735,2011,5,7200,11.8080556937
344753,364603,366505,19850,1902,5,7200,11.436382755
344753,364369,366306,19616,1937,5,7200,11.1270005163
344754,366681,368584,21927,1903,5,7200,12.5223331582
344754,366168,368213,21414,2045,5,7200,11.471393643
344754,366477,368491,21723,2014,5,7200,11.7859980139
344754,366382,368363,21628,1981,5,7200,11.9177183241
344754,366058,368043,21304,1985,5,7200,11.7324937028
344755,366372,368338,21617,1966,5,7200,11.995422177
344755,366587,368555,21832,1968,5,7200,12.093495935
344755,366418,368421,21663,2003,5,7200,11.8152770844
344755,366196,368290,21441,2094,5,7200,11.2392550143
344756,366317,368227,21561,1910,5,7200,12.2884816754
344756,366255,368267,21499,2012,5,7200,11.685387674
344756,366089,368065,21333,1976,5,7200,11.7960526316
344756,365965,367741,21209,1776,5,7200,12.9420045045
344756,366516,368385,21760,1869,5,7200,12.6425896201
344757,368104,370046,23347,1942,5,7200,13.0221421215
344757,368054,369805,23297,1751,5,7200,14.3049685894
344757,368511,370281,23754,1770,5,7200,14.4203389831
344757,368502,370401,23745,1899,5,7200,13.5039494471
344758,368224,370137,23466,1913,5,7200,13.2665969681
344758,368302,370173,23544,1871,5,7200,13.5836451096
344758,368374,370386,23616,2012,5,7200,12.7375745527
344758,368595,370576,23837,1981,5,7200,13.0328117113
344758,368433,370220,23675,1787,5,7200,14.248461108
344759,368076,369945,23317,1869,5,7200,13.4756554307
344759,368349,370214,23590,1865,5,7200,13.6487935657
344759,368396,370192,23637,1796,5,7200,14.1609131403
344759,368278,370128,23519,1850,5,7200,13.712972973
344759,368567,370498,23808,1931,5,7200,13.3293630243
344760,368238,369960,23478,1722,5,7200,14.6341463415
344760,370292,372268,25532,1976,5,7200,13.9210526316
344760,370057,371862,25297,1805,5,7200,15.0149584488
344760,367752,369599,22992,1847,5,7200,13.4482945317
344761,370412,372250,25651,1838,5,7200,14.9559303591
344761,370148,372088,25387,1940,5,7200,14.0860824742
344761,370587,372471,25826,1884,5,7200,14.7080679406
344761,369816,371566,25055,1750,5,7200,15.3171428571
344762,370232,371977,25470,1745,5,7200,15.5959885387
344762,370509,372428,25747,1919,5,7200,14.4168837936
344762,370398,372339,25636,1941,5,7200,14.2076249356
344762,370185,371995,25423,1810,5,7200,15.0458563536
344762,370226,372003,25464,1777,5,7200,15.3297692741
344763,369972,371826,25209,1854,5,7200,14.5970873786
344763,370203,372188,25440,1985,5,7200,13.8161209068
344763,370139,371958,25376,1819,5,7200,14.950522265
344763,369610,371513,24847,1903,5,7200,14.0567524961
344763,369956,371901,25193,1945,5,7200,13.9526992288
344764,371577,373606,26813,2029,5,7200,14.2148841794
344764,372279,374094,27515,1815,5,7200,16.1597796143
344764,372261,374093,27497,1832,5,7200,16.009279476
344764,372099,374014,27335,1915,5,7200,15.274151436
344764,371873,373802,27109,1929,5,7200,15.0533955417
344765,372483,374511,27718,2028,5,7200,14.66765286
344765,372350,374300,27585,1950,5,7200,15.1461538462
344765,372006,373777,27241,1771,5,7200,16.3817052513
344765,371988,373720,27223,1732,5,7200,16.7176674365
344766,372014,373801,27248,1787,5,7200,16.2479015109
344766,371969,373843,27203,1874,5,7200,15.5160085379
344766,371913,373725,27147,1812,5,7200,15.9817880795
344766,372199,374127,27433,1928,5,7200,15.2287344398
344766,372439,374295,27673,1856,5,7200,15.9100215517
344767,374105,376033,29338,1928,5,7200,16.2168049793
344767,371524,373425,26757,1901,5,7200,15.0752235665
344767,371837,373597,27070,1760,5,7200,16.3806818182
344767,373818,375783,29051,1965,5,7200,15.7842239186
344768,374312,376013,29544,1701,5,7200,18.3686067019
344768,374025,375996,29257,1971,5,7200,15.8437341451
344768,374522,376472,29754,1950,5,7200,16.2584615385
344768,374110,375796,29342,1686,5,7200,18.4033214709
344768,373617,375562,28849,1945,5,7200,15.8323907455
344769,374306,376238,29537,1932,5,7200,16.2883022774
344769,373855,375744,29086,1889,5,7200,16.3975648491
344769,373788,375609,29019,1821,5,7200,16.9357495881
344769,373731,375503,28962,1772,5,7200,17.3442437923
344769,373812,375760,29043,1948,5,7200,15.909137577
344770,373737,375564,28967,1827,5,7200,16.8549534756
344770,374138,375985,29368,1847,5,7200,16.900378993
344770,373608,375361,28838,1753,5,7200,17.4506560183
344770,373436,375155,28666,1719,5,7200,17.6759744037
344771,375807,377539,31036,1732,5,7200,18.9191685912
344771,375574,377517,30803,1943,5,7200,16.8533196089
344771,376044,377905,31273,1861,5,7200,17.8044062332
344771,376007,377926,31236,1919,5,7200,17.2772277228
344771,375794,377812,31023,2018,5,7200,16.3731417245
344772,375514,377304,30742,1790,5,7200,18.174301676
344772,375620,377410,30848,1790,5,7200,18.2335195531
344772,376024,377905,31252,1881,5,7200,17.6145667198
344772,376483,378267,31711,1784,5,7200,18.7752242152
344773,375580,377554,30807,1974,5,7200,16.6063829787
344773,375755,377551,30982,1796,5,7200,18.2505567929
344773,376249,378121,31476,1872,5,7200,17.8141025641
344773,375771,377590,30998,1819,5,7200,18.0412314458
344773,375997,377951,31224,1954,5,7200,16.9795291709
344774,375166,376991,30392,1825,5,7200,17.6531506849
344774,377823,379757,33049,1934,5,7200,18.088417787
344774,377002,378883,32228,1881,5,7200,18.1334396598
344774,375372,377237,30598,1865,5,7200,17.4064343164
344774,377563,379456,32789,1893,5,7200,18.3211833069
344775,377528,379250,32753,1722,5,7200,20.0203252033
344775,377569,379517,32794,1948,5,7200,17.8347022587
344775,377601,379379,32826,1778,5,7200,19.4623172103
344775,377315,379201,32540,1886,5,7200,18.2534464475
344776,377422,379325,32646,1903,5,7200,18.155018392
344776,377550,379544,32774,1994,5,7200,17.4363089268
344776,377248,379098,32472,1850,5,7200,18.5524324324
362232,362238,362355,6,117,1,1800,1.05128205128
362664,362671,362769,7,98,1,1800,1.07142857143
363437,363445,364002,8,557,1,1800,1.01436265709
365526,365533,365572,7,39,1,1800,1.17948717949
365862,365869,365934,7,65,1,1800,1.10769230769
365876,365883,365933,7,50,1,1800,1.14
366261,366267,366346,6,79,1,1800,1.07594936709
366462,366469,366702,7,233,1,1800,1.03004291845
367318,367324,367610,6,286,1,1800,1.02097902098
368120,368126,368156,6,30,1,1800,1.2
368460,368466,368524,6,58,1,1800,1.10344827586
368902,368908,368912,6,4,2,14400,1.0
368997,369003,369513,6,510,2,14400,1.01176470588
369064,369069,369071,5,2,2,14400,1.0
369249,369255,369390,6,135,1,1800,1.04444444444
369396,369403,369507,7,104,2,14400,1.06730769231
369521,369527,369530,6,3,4,14400,1.0
369734,369740,370548,6,808,4,14400,1.00742574257
370495,370502,384945,7,14443,1,14400,1.00048466385
370557,370564,384999,7,14435,1,14400,1.00048493246
377625,377631,378624,6,993,2,7200,1.00604229607
377952,377958,378847,6,889,2,7200,1.00674915636
379439,379455,379459,16,4,5,7200,2.0
379439,379445,379449,6,4,5,7200,1.0
379439,379450,379453,11,3,5,7200,1.4
379440,379471,379475,31,4,5,7200,3.5
379440,379461,379463,21,2,5,7200,2.3
379440,379476,379480,36,4,5,7200,4.0
379440,379466,379470,26,4,5,7200,3.0
379441,379481,379484,40,3,5,7200,4.3
379441,379486,379494,45,8,5,7200,5.3
379441,379502,379506,61,4,5,7200,6.5
379441,379492,379495,51,3,5,7200,5.4
379441,379497,379500,56,3,5,7200,5.9
379442,379578,379582,136,4,5,7200,14.0
379442,379573,379576,131,3,5,7200,13.4
379442,379507,379511,65,4,5,7200,6.9
379442,379514,379520,72,6,5,7200,7.8
379443,379534,379537,91,3,5,7200,9.4
379443,379519,379522,76,3,5,7200,7.9
379443,379781,379785,338,4,5,7200,34.2
379443,379524,379528,81,4,5,7200,8.5
379443,379529,379532,86,3,5,7200,8.9
379444,379545,379547,101,2,5,7200,10.3
379444,379555,379558,111,3,5,7200,11.4
379444,379550,379554,106,4,5,7200,11.0
379444,379539,379543,95,4,5,7200,9.9
379445,379642,379644,197,2,5,7200,19.9
379445,379583,379587,138,4,5,7200,14.2
379445,379588,379591,143,3,5,7200,14.6
379445,379565,379569,120,4,5,7200,12.4
379445,379560,379563,115,3,5,7200,11.8
379446,379593,379596,147,3,5,7200,15.0
379446,379856,379859,410,3,5,7200,41.3
379446,379599,379601,153,2,5,7200,15.5
379446,379647,379653,201,6,5,7200,20.7
379447,379604,379607,157,3,5,7200,16.0
379452,379614,379617,162,3,5,7200,16.5
379452,379619,379622,167,3,5,7200,17.0
379452,379624,379628,172,4,5,7200,17.6
379452,379609,379614,157,5,5,7200,16.2
379453,379662,379665,209,3,5,7200,21.2
379453,379657,379661,204,4,5,7200,20.8
379453,379652,379655,199,3,5,7200,20.2
379453,379635,379642,182,7,5,7200,18.9
379453,379630,379632,177,2,5,7200,17.9
379454,379683,379687,229,4,5,7200,23.3
379454,379678,379681,224,3,5,7200,22.7
379454,379673,379676,219,3,5,7200,22.2
379454,379667,379670,213,3,5,7200,21.6
379455,379698,379701,243,3,5,7200,24.6
379455,379693,379697,238,4,5,7200,24.2
379455,379688,379692,233,4,5,7200,23.7
379455,379711,379715,256,4,5,7200,26.0
379455,379716,379719,261,3,5,7200,26.4
379456,379704,379706,248,2,5,7200,25.0
379456,379726,379730,270,4,5,7200,27.4
379456,379731,379734,275,3,5,7200,27.8
379456,379721,379729,265,8,5,7200,27.3
379457,379757,379760,300,3,5,7200,30.3
379457,379736,379740,279,4,5,7200,28.3
379457,379747,379751,290,4,5,7200,29.4
379457,379742,379744,285,2,5,7200,28.7
379457,379752,379756,295,4,5,7200,29.9
379458,379762,379766,304,4,5,7200,30.8
379458,379767,379770,309,3,5,7200,31.2
379458,379791,379794,333,3,5,7200,33.6
379458,379935,379938,477,3,5,7200,48.0
379458,379786,379790,328,4,5,7200,33.2
379459,379773,379775,314,2,5,7200,31.6
379459,379796,379799,337,3,5,7200,34.0
379459,379801,379804,342,3,5,7200,34.5
379459,379807,379810,348,3,5,7200,35.1
379459,379812,379815,353,3,5,7200,35.6
379460,379822,379827,362,5,5,7200,36.7
379460,379827,379830,367,3,5,7200,37.0
379460,379817,379820,357,3,5,7200,36.0
379460,379833,379835,373,2,5,7200,37.5
379461,379838,379841,377,3,5,7200,38.0
379461,379843,379846,382,3,5,7200,38.5
379461,379848,379851,387,3,5,7200,39.0
379461,379861,379864,400,3,5,7200,40.3
379461,379940,379944,479,4,5,7200,48.3
379462,379871,379875,409,4,5,7200,41.3
379462,379876,379880,414,4,5,7200,41.8
379462,379866,379870,404,4,5,7200,40.8
379462,379882,379884,420,2,5,7200,42.2
379463,379887,379890,424,3,5,7200,42.7
379463,379892,379895,429,3,5,7200,43.2
379463,379907,379911,444,4,5,7200,44.8
379463,379902,379905,439,3,5,7200,44.2
379463,379897,379900,434,3,5,7200,43.7
379464,379923,379927,459,4,5,7200,46.3
379464,379945,379948,481,3,5,7200,48.4
379464,379913,379916,449,3,5,7200,45.2
379464,379918,379921,454,3,5,7200,45.7
379934,379951,379952,17,1,2,14400,1.8
380209,380215,381421,6,1206,2,14400,1.00497512438
381146,381152,382942,6,1790,2,21600,1.00335195531
381436,381442,383028,6,1586,2,21600,1.00378310214
382422,382428,384318,6,1890,2,21600,1.00317460317
383896,383902,391445,6,7543,2,28800,1.00079543948
384305,384311,386234,6,1923,2,28800,1.0031201248
384881,384887,411797,6,26910,14,43200,1.00022296544
385318,385324,390858,6,5534,2,14400,1.00108420672
385756,385762,400080,6,14318,14,43200,1.00041905294
385781,385787,410861,6,25074,1,180000,1.0002392917
385782,385804,389824,22,4020,1,180000,1.00547263682
385782,385798,388995,16,3197,1,180000,1.0050046919
385782,385792,388711,10,2919,1,180000,1.00342583076
385782,385809,389657,27,3848,1,180000,1.00701663202
385813,385819,393375,6,7556,2,21600,1.00079407094
385846,385852,392647,6,6795,2,21600,1.00088300221
386009,386016,396839,7,10823,2,10800,1.00064677077
386038,386045,396875,7,10830,2,10800,1.00064635272
386332,386348,389045,16,2697,1,180000,1.00593251761
386332,386343,388798,11,2455,1,180000,1.00448065173
386332,386337,389370,5,3033,1,180000,1.00164853281
386332,386354,388786,22,2432,1,180000,1.00904605263
386332,386359,391117,27,4758,1,180000,1.00567465322
386333,386370,391434,37,5064,1,180000,1.00730647709
386333,386380,389165,47,2785,1,180000,1.01687612208
386333,386365,388804,32,2439,1,180000,1.0131201312
386333,386375,391474,42,5099,1,180000,1.0082369092
386971,386978,395825,7,8847,2,28800,1.00079122867
387118,387124,389581,6,2457,4,36000,1.00244200244
387501,387507,389843,6,2336,1,180000,1.00256849315
387501,387512,389628,11,2116,1,180000,1.00519848771
387501,387517,390294,16,2777,1,180000,1.00576161325
387501,387523,394863,22,7340,1,180000,1.0029972752
387502,387539,392936,37,5397,1,180000,1.00685566055
387502,387528,391511,26,3983,1,180000,1.00652774291
387502,387534,391671,32,4137,1,180000,1.00773507372
387502,387549,390058,47,2509,1,180000,1.01873256277
387502,387554,389765,52,2211,1,180000,1.02351876979
387502,387544,390880,42,3336,1,180000,1.01258992806
387503,387570,389739,67,2169,1,180000,1.03088981097
387503,387586,391892,83,4306,1,180000,1.01927542963
387503,387576,392134,73,4558,1,180000,1.0160157964
387503,387581,390791,78,3210,1,180000,1.02429906542
387503,387560,390896,57,3336,1,180000,1.01708633094
387503,387565,389177,62,1612,1,180000,1.03846153846
387766,387772,398994,6,11222,2,28800,1.00053466405
387774,387780,393247,6,5467,4,36000,1.00109749406
387784,387790,393333,6,5543,4,36000,1.00108244633
387790,387796,393383,6,5587,4,36000,1.0010739216
387962,387968,409695,6,21727,4,36000,1.00027615409
388162,388168,424202,6,36034,4,36000,1.00016650941
388232,388239,400871,7,12632,2,28800,1.0005541482
388354,388365,390436,11,2071,5,7200,1.00531144375
388354,388360,390234,6,1874,5,7200,1.00320170758
388355,388391,390227,36,1836,5,7200,1.01960784314
388355,388370,390451,15,2081,5,7200,1.00720807304
388355,388386,390346,31,1960,5,7200,1.01581632653
388355,388376,390362,21,1986,5,7200,1.01057401813
388355,388381,390310,26,1929,5,7200,1.01347848626
388356,388412,390334,56,1922,5,7200,1.02913631634
388356,388402,390279,46,1877,5,7200,1.02450719233
388356,388407,390383,51,1976,5,7200,1.0258097166
388356,388417,390265,61,1848,5,7200,1.03300865801
388356,388397,390318,41,1921,5,7200,1.02134305049
388357,388433,390324,76,1891,5,7200,1.04019037546
388357,388438,390331,81,1893,5,7200,1.04278922345
388357,388428,390362,71,1934,5,7200,1.0367114788
388357,388422,390389,65,1967,5,7200,1.03304524657
388358,390245,392198,1887,1953,5,7200,1.96620583717
388358,390373,392235,2015,1862,5,7200,2.08216970999
388358,390321,392249,1963,1928,5,7200,2.01815352697
388358,390448,392327,2090,1879,5,7200,2.11229377328
388358,388444,407611,86,19167,1,28800,1.00448687849
388358,390463,392409,2105,1946,5,7200,2.08170606372
388359,390329,392379,1970,2050,5,7200,1.96097560976
388359,390394,392344,2035,1950,5,7200,2.04358974359
388359,390291,392207,1932,1916,5,7200,2.00835073069
388359,390238,392264,1879,2026,5,7200,1.92744323791
388359,390358,392309,1999,1951,5,7200,2.02460276781
388360,390276,392346,1916,2070,5,7200,1.92560386473
388360,390378,392313,2018,1935,5,7200,2.04289405685
388360,390350,392295,1990,1945,5,7200,2.02313624679
388360,390400,392274,2040,1874,5,7200,2.08858057631
388361,392420,394282,4059,1862,5,7200,3.17991407089
388361,392338,394178,3977,1840,5,7200,3.16141304348
388361,390343,392376,1982,2033,5,7200,1.97491392031
388361,390336,392209,1975,1873,5,7200,2.05445808863
388361,392209,394094,3848,1885,5,7200,3.04137931034
388362,392320,394390,3958,2070,5,7200,2.91207729469
388362,392246,394161,3884,1915,5,7200,3.02819843342
388362,392276,394224,3914,1948,5,7200,3.00924024641
388362,392260,394247,3898,1987,5,7200,2.961751384
388363,392355,394326,3992,1971,5,7200,3.02536783359
388363,392361,394246,3998,1885,5,7200,3.12095490716
388363,392394,394427,4031,2033,5,7200,2.98278406296
388363,392219,394125,3856,1906,5,7200,3.02308499475
388363,392306,394280,3943,1974,5,7200,2.99746707194
388364,392327,394332,3963,2005,5,7200,2.97655860349
388364,392285,394205,3921,1920,5,7200,3.0421875
388364,392388,394356,4024,1968,5,7200,3.04471544715
388364,392225,394132,3861,1907,5,7200,3.0246460409
388365,394297,396165,5932,1868,5,7200,4.1755888651
388365,394263,396168,5898,1905,5,7200,4.09606299213
388365,394189,396253,5824,2064,5,7200,3.82170542636
388365,394173,396020,5808,1847,5,7200,4.14455874391
388365,394105,396064,5740,1959,5,7200,3.93006636039
388366,394438,396509,6072,2071,5,7200,3.93191694833
388366,394136,396026,5770,1890,5,7200,4.05291005291
388366,394401,396394,6035,1993,5,7200,4.0280983442
388366,394235,396092,5869,1857,5,7200,4.16047388261
388367,394291,396310,5924,2019,5,7200,3.93412580485
388367,394257,396203,5890,1946,5,7200,4.02672147996
388367,394337,396163,5970,1826,5,7200,4.26944140197
388367,394216,396120,5849,1904,5,7200,4.07195378151
388367,394344,396397,5977,2053,5,7200,3.91134924501
388368,396180,398169,7812,1989,5,7200,4.92760180995
388368,394367,396317,5999,1950,5,7200,4.07641025641
388368,394148,396122,5780,1974,5,7200,3.92806484296
388368,396076,398049,7708,1973,5,7200,4.90674100355
388368,396264,398257,7896,1993,5,7200,4.96186653287
388369,396104,398056,7735,1952,5,7200,4.96260245902
388369,396406,398324,8037,1918,5,7200,5.19030239833
388369,396031,397969,7662,1938,5,7200,4.95356037152
388369,396186,398272,7817,2086,5,7200,4.74736337488
388370,396037,398016,7667,1979,5,7200,4.87417887822
388370,396174,398128,7804,1954,5,7200,4.99385875128
388370,396321,398223,7951,1902,5,7200,5.18033648791
388370,396527,398435,8157,1908,5,7200,5.2751572327
388371,396215,398306,7844,2091,5,7200,4.75131516021
388371,396131,398127,7760,1996,5,7200,4.8877755511
388372,398060,400092,9688,2032,5,7200,5.76771653543
388372,396412,398396,8040,1984,5,7200,5.05241935484
388372,396137,398055,7765,1918,5,7200,5.04848800834
388372,396328,398170,7956,1842,5,7200,5.31921824104
388373,398268,400217,9895,1949,5,7200,6.07696254489
388373,398283,400242,9910,1959,5,7200,6.05870342011
388373,398066,399948,9693,1882,5,7200,6.15037194474
388373,398335,400333,9962,1998,5,7200,5.98598598599
388373,398180,400137,9807,1957,5,7200,6.01124169647
388374,397980,399827,9606,1847,5,7200,6.20086626963
388374,398072,400036,9698,1964,5,7200,5.93788187373
388374,398028,400046,9654,2018,5,7200,5.7839444995
388374,398144,400033,9770,1889,5,7200,6.17204870302
388375,398138,400061,9763,1923,5,7200,6.07696307852
388375,398234,400147,9859,1913,5,7200,6.15368531103
388375,398186,400058,9811,1872,5,7200,6.24091880342
388375,398318,400355,9943,2037,5,7200,5.88119783996
388464,388471,407678,7,19207,1,28800,1.00036445046
388564,388570,407775,6,19205,1,28800,1.00031241864
388657,388664,392895,7,4231,1,28800,1.00165445521
388971,388978,391995,7,3017,2,21600,1.00232018561
389424,389430,516460,6,127030,4,144000,1.00004723294
389558,389565,391135,7,1570,2,21600,1.00445859873
391851,391857,396857,6,5000,2,14400,1.0012
392447,392453,399232,6,6779,2,14400,1.0008850863
393181,393187,409401,6,16214,1,28800,1.00037005057
395203,395210,395634,7,424,2,21600,1.01650943396
395660,395667,397212,7,1545,2,21600,1.00453074434
396224,396230,398522,6,2292,2,21600,1.00261780105
396505,396532,419367,27,22835,1,180000,1.00118239545
396505,396521,398653,16,2132,1,180000,1.00750469043
396505,396511,400984,6,4473,1,180000,1.00134138162
396505,396516,399382,11,2866,1,180000,1.00383810188
396505,396537,400023,32,3486,1,180000,1.00917957544
396506,396558,404067,52,7509,1,180000,1.00692502331
396506,396553,405013,47,8460,1,180000,1.00555555556
396506,396543,406468,37,9925,1,180000,1.0037279597
396506,396548,403860,42,7312,1,180000,1.00574398249
396506,396569,407090,63,10521,1,180000,1.00598802395
396506,396564,409611,58,13047,1,180000,1.00444546639
396507,396574,399640,67,3066,1,180000,1.02185257665
396507,396595,399170,88,2575,1,180000,1.03417475728
396507,396585,417886,78,21301,1,180000,1.00366179992
396507,396590,403036,83,6446,1,180000,1.0128762023
396507,396579,400487,72,3908,1,180000,1.01842374616
396508,396616,400830,108,4214,1,180000,1.02562885619
396508,396611,401873,103,5262,1,180000,1.01957430635
396508,396627,401523,119,4896,1,180000,1.02430555556
396508,396600,400879,92,4279,1,180000,1.02150035055
396508,396621,404225,113,7604,1,180000,1.01486059968
396508,396606,399222,98,2616,1,180000,1.0374617737
397332,397338,412938,6,15600,8,396000,1.00038461538
397342,397348,412938,6,15590,8,396000,1.00038486209
397352,397359,412938,7,15579,8,396000,1.00044932281
397917,397924,398033,7,109,1,1800,1.06422018349
398344,398350,398456,6,106,1,1800,1.05660377358
398700,398706,402109,6,3403,2,36000,1.00176315016
398701,398712,403966,11,5254,2,36000,1.00209364294
398702,398717,403735,15,5018,2,36000,1.00298923874
398704,398722,404007,18,5285,2,36000,1.00340586566
398705,398727,402652,22,3925,2,36000,1.00560509554
398707,399838,404023,1131,4185,2,36000,1.27025089606
398708,399843,402379,1135,2536,2,36000,1.44755520505
398709,400067,404509,1358,4442,2,36000,1.30571814498
398711,400072,405432,1361,5360,2,36000,1.25391791045
398712,400077,405297,1365,5220,2,36000,1.26149425287
398713,400111,403493,1398,3382,2,36000,1.41336487286
398715,400116,403359,1401,3243,2,36000,1.43200740056
398716,400121,405405,1405,5284,2,36000,1.26589704769
398718,399960,403769,1242,3809,2,36000,1.3260698346
398719,399965,404893,1246,4928,2,36000,1.25284090909
398721,400055,403888,1334,3833,2,36000,1.3480302635
398722,400060,405492,1338,5432,2,36000,1.24631811487
398723,400084,405039,1361,4955,2,36000,1.27467204844
398725,400089,404606,1364,4517,2,36000,1.30197033429
398726,400094,403942,1368,3848,2,36000,1.35550935551
398727,400044,405401,1317,5357,2,36000,1.24584655591
398728,400049,404734,1321,4685,2,36000,1.28196371398
398730,400148,405575,1418,5427,2,36000,1.26128616178
398731,400153,405369,1422,5216,2,36000,1.27262269939
398732,400158,404232,1426,4074,2,36000,1.3500245459
398734,400099,404018,1365,3919,2,36000,1.34830313856
398735,400105,403455,1370,3350,2,36000,1.40895522388
398736,400165,405443,1429,5278,2,36000,1.27074649488
398738,400170,402707,1432,2537,2,36000,1.56444619629
398739,400175,405475,1436,5300,2,36000,1.27094339623
398740,400229,404181,1489,3952,2,36000,1.37677125506
398742,400234,405327,1492,5093,2,36000,1.29295110937
398743,400254,404030,1511,3776,2,36000,1.40015889831
398744,400259,403646,1515,3387,2,36000,1.44729849424
398746,400264,403177,1518,2913,2,36000,1.52111225541
398747,400366,405361,1619,4995,2,36000,1.32412412412
398748,400371,402822,1623,2451,2,36000,1.66217870257
398750,400344,405280,1594,4936,2,36000,1.32293354943
398751,400349,405615,1598,5266,2,36000,1.30345613369
398752,400377,404239,1625,3862,2,36000,1.42076644226
399026,399032,399035,6,3,8,338400,1.0
399075,399081,399788,6,707,2,7200,1.00848656294
399080,399087,399090,7,3,8,338400,1.0
399126,399132,399688,6,556,1,1800,1.01079136691
399162,399168,412939,6,13771,8,338400,1.00043569821
399456,399462,400709,6,1247,2,7200,1.00481154771
400212,400218,411962,6,11744,2,21600,1.00051089918
401429,401435,415580,6,14145,14,43200,1.00042417815
401474,401480,401525,6,45,1,1800,1.13333333333
401844,401850,401920,6,70,1,1800,1.08571428571
402113,402120,405765,7,3645,2,36000,1.00192043896
402380,402391,407255,11,4864,2,36000,1.00226151316
402654,402664,407773,10,5109,2,36000,1.0019573302
402708,402718,406929,10,4211,2,36000,1.00237473284
402824,402833,407069,9,4236,2,36000,1.00212464589
402902,402908,403175,6,267,1,1800,1.02247191011
403180,403188,406009,8,2821,2,36000,1.0028358738
403360,403370,408890,10,5520,2,36000,1.0018115942
403456,403466,408474,10,5008,2,36000,1.00199680511
403494,403505,408305,11,4800,2,36000,1.00229166667
403647,403657,407246,10,3589,2,36000,1.00278629145
403737,403746,408861,9,5115,2,36000,1.00175953079
403770,403780,409222,10,5442,2,36000,1.00183755972
403890,403900,407563,10,3663,2,36000,1.00273000273
403944,403954,407784,10,3830,2,36000,1.00261096606
403968,403977,408247,9,4270,2,36000,1.00210772834
404010,404018,409337,8,5319,2,36000,1.00150404211
404024,404030,408586,6,4556,2,36000,1.00131694469
404025,404036,409488,11,5452,2,36000,1.00201760822
404040,404046,409032,6,4986,2,36000,1.00120336943
404181,404192,409680,11,5488,2,36000,1.00200437318
404235,404243,408425,8,4182,2,36000,1.00191296031
404250,404256,407496,6,3240,2,36000,1.00185185185
404511,404520,409154,9,4634,2,36000,1.00194216659
404607,404617,407292,10,2675,2,36000,1.00373831776
404737,404746,409329,9,4583,2,36000,1.00196377918
404884,404905,407156,21,2251,1,180000,1.00932918703
404884,404895,406471,11,1576,1,180000,1.00697969543
404884,404890,406389,6,1499,1,180000,1.00400266845
404884,404916,408029,32,3113,1,180000,1.01027947318
404884,404900,407114,16,2214,1,180000,1.00722673893
404885,404937,424198,52,19261,1,180000,1.00269975598
404885,404943,412846,58,7903,1,180000,1.0073389852
404885,404932,411261,47,6329,1,180000,1.00742613367
404885,404948,418648,63,13700,1,180000,1.00459854015
404885,404922,408814,37,3892,1,180000,1.00950668037
404885,404927,404929,42,2,1,180000,4.4
404886,404953,407747,67,2794,1,180000,1.02397995705
404886,404974,412638,88,7664,1,180000,1.0114822547
404886,404979,412529,93,7550,1,180000,1.01231788079
404886,404969,414428,83,9459,1,180000,1.00877471191
404886,404958,416640,72,11682,1,180000,1.0061633282
404886,404963,412139,77,7176,1,180000,1.01073021182
404887,404984,411400,97,6416,1,180000,1.01511845387
404887,405011,411208,124,6197,1,180000,1.0200096821
404887,404995,409175,108,4180,1,180000,1.02583732057
404887,404989,407697,102,2708,1,180000,1.0376661743
404887,405000,409520,113,4520,1,180000,1.025
404887,405005,413343,118,8338,1,180000,1.01415207484
404888,405021,430058,133,25037,1,180000,1.00531213804
404888,405027,406664,139,1637,1,180000,1.08491142334
404888,405037,407401,149,2364,1,180000,1.06302876481
404888,405032,407280,144,2248,1,180000,1.0640569395
404888,405043,410423,155,5380,1,180000,1.02881040892
404888,405016,419985,128,14969,1,180000,1.00855100541
404889,405074,411264,185,6190,1,180000,1.02988691438
404889,405064,407652,175,2588,1,180000,1.06761978362
404889,405069,408824,180,3755,1,180000,1.04793608522
404889,405048,407950,159,2902,1,180000,1.05478980014
404889,405053,406908,164,1855,1,180000,1.0884097035
404889,405059,407140,170,2081,1,180000,1.08169149447
404890,405101,413340,211,8239,1,180000,1.02560990411
404890,405090,421270,200,16180,1,180000,1.01236093943
404890,405085,410384,195,5299,1,180000,1.03679939611
404890,405096,410524,206,5428,1,180000,1.0379513633
404890,405080,409506,190,4426,1,180000,1.04292815183
404891,405133,410393,242,5260,1,180000,1.04600760456
404891,405106,409932,215,4826,1,180000,1.04455035226
404891,405117,409870,226,4753,1,180000,1.04754891647
404891,405112,420566,221,15454,1,180000,1.01430050472
404891,405122,409152,231,4030,1,180000,1.05732009926
404891,405127,408871,236,3744,1,180000,1.06303418803
404891,405138,410869,247,5731,1,180000,1.04309893561
404892,405143,411431,251,6288,1,180000,1.0399173028
404892,405164,409901,272,4737,1,180000,1.05742030821
404892,405159,411037,267,5878,1,180000,1.04542361347
404892,405154,407912,262,2758,1,180000,1.09499637418
404892,405149,410544,257,5395,1,180000,1.04763670065
404893,405196,407037,303,1841,1,180000,1.16458446496
404893,404911,410099,18,5188,2,36000,1.0034695451
404893,405175,434568,282,29393,1,180000,1.00959412105
404893,405180,428908,287,23728,1,180000,1.0120954147
404893,405170,408975,277,3805,1,180000,1.07279894875
404893,405186,407860,293,2674,1,180000,1.1095736724
404893,405191,407255,298,2064,1,180000,1.14437984496
404894,405201,407513,307,2312,1,180000,1.13278546713
404894,405207,407077,313,1870,1,180000,1.16737967914
405041,405213,408628,172,3415,2,36000,1.05036603221
405281,405291,410222,10,4931,2,36000,1.00202798621
405299,405308,408705,9,3397,2,36000,1.00264939653
405329,405338,408425,9,3087,2,36000,1.0029154519
405362,405372,409013,10,3641,2,36000,1.00274649821
405377,405383,408138,6,2755,2,36000,1.00217785844
405401,405412,410316,11,4904,2,36000,1.00224306688
405416,405422,410338,6,4916,2,36000,1.00122050448
405430,405443,410543,13,5100,2,36000,1.00254901961
405445,405454,408235,9,2781,2,36000,1.00323624595
405478,405486,409362,8,3876,2,36000,1.00206398349
405493,405503,409841,10,4338,2,36000,1.00230520977
405576,405587,409903,11,4316,2,36000,1.00254865616
405615,405626,411039,11,5413,2,36000,1.00203214484
405637,405643,411359,6,5716,2,21600,1.00104968509
405766,405776,411019,10,5243,2,36000,1.00190730498
406010,406020,410282,10,4262,2,36000,1.00234631628
406560,406566,467393,6,60827,4,144000,1.00009864041
406683,406689,412938,6,6249,8,338400,1.00096015362
406745,406751,412836,6,6085,2,28800,1.00098603122
406795,406801,412938,6,6137,8,338400,1.00097767639
406933,406940,412119,7,5179,2,36000,1.00135161228
406971,406977,487379,6,80402,4,144000,1.00007462501
407073,407080,411933,7,4853,2,36000,1.00144240676
407248,407257,412298,9,5041,2,36000,1.00178536005
407263,407269,410757,6,3488,2,36000,1.00172018349
407293,407304,412632,11,5328,2,36000,1.00206456456
407498,407507,412666,9,5159,2,36000,1.00174452413
407564,407574,411926,10,4352,2,36000,1.00229779412
407615,407621,408455,6,834,2,28800,1.0071942446
407774,407784,411261,10,3477,2,36000,1.00287604257
407789,407795,413091,6,5296,2,36000,1.00113293051
408138,408149,411078,11,2929,2,36000,1.00375554797
408237,408246,411693,9,3447,2,36000,1.00261096606
408252,408258,412709,6,4451,2,36000,1.00134801168
408307,408316,411857,9,3541,2,36000,1.0025416549
408428,408437,413574,9,5137,2,36000,1.00175199533
408429,408442,413775,13,5333,2,36000,1.00243765235
408477,408485,413733,8,5248,2,36000,1.00152439024
408588,408597,411762,9,3165,2,36000,1.0028436019
408630,408639,412181,9,3542,2,36000,1.00254093732
408708,408716,413452,8,4736,2,36000,1.00168918919
408861,408872,414085,11,5213,2,36000,1.00211010934
408891,408902,412632,11,3730,2,36000,1.00294906166
409014,409024,414507,10,5483,2,36000,1.00182381908
409035,409043,413198,8,4155,2,36000,1.0019253911
409155,409165,414421,10,5256,2,36000,1.00190258752
409225,409233,412842,8,3609,2,36000,1.00221668052
409313,409319,412776,6,3457,8,28800,1.00173560891
409330,409341,413711,11,4370,2,36000,1.00251716247
409344,409351,414531,7,5180,2,36000,1.00135135135
409362,409373,411937,11,2564,2,36000,1.00429017161
409371,409379,415542,8,6163,4,28800,1.00129806912
409403,409410,415591,7,6181,4,28800,1.00113250283
409448,409454,415576,6,6122,4,28800,1.00098007187
409488,409499,412150,11,2651,2,36000,1.00414937759
409681,409691,413020,10,3329,2,36000,1.00300390508
409844,409852,414040,8,4188,2,36000,1.00191021968
409904,409914,415412,10,5498,2,36000,1.00181884322
410102,410110,415190,8,5080,2,36000,1.00157480315
410225,410233,415356,8,5123,2,36000,1.00156158501
410285,410293,414108,8,3815,2,36000,1.00209698558
410318,410328,413214,10,2886,2,36000,1.00346500347
410339,410349,413657,10,3308,2,36000,1.00302297461
410543,410554,415094,11,4540,2,36000,1.00242290749
410760,410768,416044,8,5276,2,36000,1.00151630023
411022,411031,416321,9,5290,2,36000,1.00170132325
411040,411050,415783,10,4733,2,36000,1.00211282485
411079,411089,416309,10,5220,2,36000,1.00191570881
411262,411272,416398,10,5126,2,36000,1.00195083886
411695,411705,416866,10,5161,2,36000,1.00193760899
411764,411773,415948,9,4175,2,36000,1.00215568862
411860,411869,416722,9,4853,2,36000,1.00185452298
411926,411937,415435,11,3498,2,36000,1.00314465409
411941,411947,417476,6,5529,2,36000,1.00108518719
411942,411953,415651,11,3698,2,36000,1.00297458085
412120,412130,417620,10,5490,2,36000,1.00182149362
412152,412161,417210,9,5049,2,36000,1.00178253119
412183,412192,416255,9,4063,2,36000,1.00221511199
412301,412310,417599,9,5289,2,36000,1.00170164492
412632,412643,416092,11,3449,2,36000,1.00318933024
412634,412648,415934,14,3286,2,36000,1.00426049909
412666,412677,417683,11,5006,2,36000,1.00219736316
412711,412720,417200,9,4480,2,36000,1.00200892857
412844,412853,416896,9,4043,2,36000,1.00222606975
413022,413031,418462,9,5431,2,36000,1.00165715338
413094,413103,418476,9,5373,2,36000,1.00167504188
413135,413141,484900,6,71759,8,396000,1.00008361321
413197,413213,452725,16,39512,8,39480,1.00040494027
413197,413208,452724,11,39516,8,39480,1.00027836826
413197,413203,452723,6,39520,8,39480,1.00015182186
413200,413219,418003,19,4784,2,36000,1.00397157191
413214,413225,417542,11,4317,2,36000,1.00254806579
413247,413253,470412,6,57159,8,338400,1.00010497035
413280,413286,455236,6,41950,8,338400,1.00014302741
413281,413292,455510,11,42218,8,338400,1.00026055237
413456,413463,418046,7,4583,2,36000,1.00152738381
413577,413585,418425,8,4840,2,36000,1.00165289256
413659,413668,418112,9,4444,2,36000,1.00202520252
413713,413722,417533,9,3811,2,36000,1.00236158489
413734,413744,418036,10,4292,2,36000,1.00232991612
413778,413786,419052,8,5266,2,36000,1.00151917964
414043,414051,419057,8,5006,2,36000,1.0015980823
414088,414096,419586,8,5490,2,36000,1.0014571949
414109,414120,419436,11,5316,2,36000,1.00206922498
414342,414349,414527,7,178,5,7200,1.0393258427
414417,414423,414527,6,104,5,7200,1.05769230769
414424,414432,418276,8,3844,2,36000,1.00208116545
414446,414452,414527,6,75,5,7200,1.08
414507,414513,414527,6,14,5,7200,1.42857142857
414508,414519,419715,11,5196,2,36000,1.00211701309
414532,414542,416982,10,2440,2,36000,1.00409836066
414637,414643,414745,6,102,47,7200,1.05882352941
414698,414704,414745,6,41,47,7200,1.14634146341
415098,415105,420303,7,5198,2,36000,1.0013466718
415099,415110,433833,11,18723,2,28800,1.00058751268
415191,415201,420089,10,4888,2,36000,1.00204582651
415361,415367,419963,6,4596,2,36000,1.00130548303
415413,415423,419598,10,4175,2,36000,1.00239520958
415437,415446,419090,9,3644,2,36000,1.00246981339
415655,415662,419594,7,3932,2,36000,1.0017802645
415691,415697,417767,6,2070,47,7200,1.00289855072
415752,415758,417965,6,2207,47,7200,1.00271862256
415787,415795,421036,8,5241,2,36000,1.00152642625
415813,417779,419925,1966,2146,47,7200,1.91612301957
415934,415945,421070,11,5125,2,36000,1.00214634146
415949,415959,419676,10,3717,2,36000,1.00269034167
416046,416056,420267,10,4211,2,36000,1.00237473284
416096,416103,421189,7,5086,2,36000,1.00137632717
416256,416267,421663,11,5396,2,36000,1.00203854707
416310,416320,419416,10,3096,2,36000,1.00322997416
416324,416332,421646,8,5314,2,36000,1.00150545728
416400,416409,420033,9,3624,2,36000,1.00248344371
416722,416733,421366,11,4633,2,36000,1.00237427153
416867,416877,421590,10,4713,2,36000,1.00212179079
416897,416907,420540,10,3633,2,36000,1.00275254611
416984,416994,419744,10,2750,2,36000,1.00363636364
417201,417211,421882,10,4671,2,36000,1.00214086919
417216,417221,421406,5,4185,2,36000,1.00119474313
417477,417487,422914,10,5427,2,36000,1.00184263866
417534,417545,421520,11,3975,2,36000,1.0027672956
417549,417555,420653,6,3098,2,36000,1.00193673338
417599,417610,421387,11,3777,2,36000,1.00291236431
417623,417632,422989,9,5357,2,36000,1.0016800448
417686,417694,422793,8,5099,2,36000,1.00156893509
417802,417977,420108,175,2131,47,7200,1.08212106992
417984,419936,421988,1952,2052,47,7200,1.95126705653
418005,418014,422423,9,4409,2,36000,1.0020412792
418038,418047,420870,9,2823,2,36000,1.00318809777
418053,418059,423498,6,5439,2,36000,1.00110314396
418113,418124,423449,11,5325,2,36000,1.0020657277
418278,418287,423314,9,5027,2,36000,1.00179033221
418426,418436,423433,10,4997,2,36000,1.00200120072
418464,418473,422864,9,4391,2,36000,1.00204964701
418479,418487,423573,8,5086,2,36000,1.00157294534
419056,419063,424228,7,5165,2,36000,1.0013552759
419071,419077,423061,6,3984,2,36000,1.0015060241
419092,419101,424263,9,5162,2,36000,1.00174351027
419103,419109,419110,6,1,2,3540,1.0
419419,419427,424642,8,5215,2,36000,1.00153403643
419437,419447,424272,10,4825,2,36000,1.00207253886
419587,419597,424274,10,4677,2,36000,1.00213812273
419602,419609,423070,7,3461,2,36000,1.00202253684
419604,419615,424176,11,4561,2,36000,1.00241175181
419679,419687,425183,8,5496,2,36000,1.00145560408
419718,419726,425006,8,5280,2,36000,1.00151515152
419745,419756,425220,11,5464,2,36000,1.00201317716
419965,419975,422916,10,2941,2,36000,1.00340020401
419973,420119,422175,146,2056,47,7200,1.07101167315
420034,420045,425479,11,5434,2,36000,1.0020242915
420091,420101,425370,10,5269,2,36000,1.00189789334
420154,421999,424144,1845,2145,47,7200,1.86013986014
420269,420279,424123,10,3844,2,36000,1.00260145682
420305,420314,424460,9,4146,2,36000,1.002170767
420543,420551,425874,8,5323,2,36000,1.00150291189
420654,420664,425597,10,4933,2,36000,1.002027164
420871,420881,425263,10,4382,2,36000,1.00228206298
421036,421047,425148,11,4101,2,36000,1.00268227262
421073,421081,425926,8,4845,2,36000,1.00165118679
421190,421200,426683,10,5483,2,36000,1.00182381908
421367,421378,425267,11,3889,2,36000,1.00282849061
421388,421398,426864,10,5466,2,36000,1.0018294914
421409,421418,425792,9,4374,2,36000,1.00205761317
421521,421532,426780,11,5248,2,36000,1.00209603659
421593,421601,426745,8,5144,2,36000,1.00155520995
421647,421657,425638,10,3981,2,36000,1.00251193168
421665,421674,424990,9,3316,2,36000,1.00271411339
421882,421893,425582,11,3689,2,36000,1.0029818379
422023,422187,424371,164,2184,47,7200,1.07509157509
422205,424155,426232,1950,2077,47,7200,1.93885411651
422426,422435,425746,9,3311,2,36000,1.00271821202
422794,422804,427635,10,4831,2,36000,1.00206996481
422866,422875,428164,9,5289,2,36000,1.00170164492
422918,422925,428243,7,5318,2,36000,1.00131628432
422919,422931,428250,12,5319,2,36000,1.00225606317
422991,423000,426281,9,3281,2,36000,1.00274306614
423064,423073,426746,9,3673,2,36000,1.0024503131
423078,423084,426485,6,3401,2,36000,1.001764187
423317,423326,428470,9,5144,2,36000,1.0017496112
423435,423444,427134,9,3690,2,36000,1.00243902439
423450,423461,427780,11,4319,2,36000,1.00254688585
423499,423509,428824,10,5315,2,36000,1.00188146754
423574,423585,427367,11,3782,2,36000,1.00290851401
424125,424134,429281,9,5147,2,36000,1.00174859141
424180,424187,427528,7,3341,2,36000,1.00209518108
424194,424382,426529,188,2147,47,7200,1.08756404285
424232,424240,429505,8,5265,2,36000,1.00151946819
424265,424274,427916,9,3642,2,36000,1.00247116969
424280,424286,428551,6,4265,2,36000,1.00140679953
424281,424292,429555,11,5263,2,36000,1.0020900627
424435,426243,428322,1808,2079,47,7200,1.86964886965
424462,424471,427397,9,2926,2,36000,1.0030758715
424644,424654,428603,10,3949,2,36000,1.00253228665
424993,425002,429223,9,4221,2,36000,1.00213219616
425008,425017,430231,9,5214,2,36000,1.00172612198
425150,425159,430421,9,5262,2,36000,1.00171037628
425186,425194,427741,8,2547,2,36000,1.00314095014
425222,425232,430630,10,5398,2,36000,1.00185253798
425264,425274,428670,10,3396,2,36000,1.00294464075
425279,425286,429526,7,4240,2,36000,1.0016509434
425373,425381,430593,8,5212,2,36000,1.00153491942
425482,425490,431015,8,5525,2,36000,1.0014479638
425585,425593,429206,8,3613,2,36000,1.0022142264
425600,425608,429644,8,4036,2,36000,1.00198216056
425639,425650,429655,11,4005,2,36000,1.00274656679
425748,425757,430256,9,4499,2,36000,1.00200044454
425793,425803,430747,10,4944,2,36000,1.00202265372
425876,425886,428256,10,2370,2,36000,1.00421940928
425927,425937,431205,10,5268,2,36000,1.00189825361
426244,426541,428748,297,2207,47,7200,1.13457181695
426284,426292,430788,8,4496,2,36000,1.00177935943
426486,426496,431126,10,4630,2,36000,1.00215982721
426545,428333,430533,1788,2200,47,7200,1.81272727273
426686,426694,430707,8,4013,2,36000,1.00199352106
426747,426756,430362,9,3606,2,36000,1.00249584027
426748,426762,429535,14,2773,2,36000,1.00504868374
426781,426792,432200,11,5408,2,36000,1.00203402367
426865,426875,430455,10,3580,2,36000,1.00279329609
427136,427145,431744,9,4599,2,36000,1.00195694716
427369,427379,431980,10,4601,2,36000,1.00217344056
427400,427408,430047,8,2639,2,36000,1.00303145131
427530,427539,432980,9,5441,2,36000,1.0016541077
427636,427646,431975,10,4329,2,36000,1.00231000231
427742,427752,431470,10,3718,2,36000,1.00268961807
427781,427791,432966,10,5175,2,36000,1.00193236715
427916,427927,433259,11,5332,2,36000,1.00206301575
428164,428175,432782,11,4607,2,36000,1.00238767094
428246,428254,433389,8,5135,2,36000,1.00155793574
428261,428267,433620,6,5353,2,36000,1.0011208668
428262,428273,433765,11,5492,2,36000,1.00200291333
428353,428759,431051,406,2292,47,7200,1.17713787086
428471,428481,433659,10,5178,2,36000,1.00193124759
428552,428563,433630,11,5067,2,36000,1.00217090981
428604,428614,432881,10,4267,2,36000,1.00234356691
428674,428682,433743,8,5061,2,36000,1.00158071527
428776,430544,432673,1768,2129,47,7200,1.8304368248
428825,428835,431828,10,2993,2,36000,1.0033411293
429206,429217,432170,11,2953,2,36000,1.0037250254
429224,429235,434358,11,5123,2,36000,1.00214717939
429282,429292,434529,10,5237,2,36000,1.00190949017
429506,429516,434842,10,5326,2,36000,1.00187758167
429527,429537,433328,10,3791,2,36000,1.00263782643
429542,429548,433747,6,4199,2,36000,1.00142891165
429557,429566,435014,9,5448,2,36000,1.00165198238
429645,429655,432601,10,2946,2,36000,1.00339443313
429660,429666,433570,6,3904,2,36000,1.00153688525
430047,430058,435351,11,5293,2,36000,1.00207821651
430231,430242,435288,11,5046,2,36000,1.00217994451
430259,430268,434442,9,4174,2,36000,1.00215620508
430364,430373,433297,9,2924,2,36000,1.00307797538
430425,430433,435254,8,4821,2,36000,1.00165940676
430458,430466,433745,8,3279,2,36000,1.00243976822
430584,431062,433139,478,2077,47,7200,1.23013962446
430594,430604,435809,10,5205,2,36000,1.00192122959
430632,430641,433822,9,3181,2,36000,1.00282929896
430711,430719,436139,8,5420,2,36000,1.00147601476
430748,430758,435870,10,5112,2,36000,1.00195618153
430790,430799,436202,9,5403,2,36000,1.00166574125
431017,431027,436390,10,5363,2,36000,1.00186462801
431066,432684,434766,1618,2082,47,7200,1.77713736792
431128,431138,435876,10,4738,2,36000,1.00211059519
431207,431217,434512,10,3295,2,36000,1.00303490137
431473,431482,436519,9,5037,2,36000,1.00178677784
431746,431755,436975,9,5220,2,36000,1.00172413793
431831,431839,435278,8,3439,2,36000,1.00232625763
431976,431986,435588,10,3602,2,36000,1.00277623542
431991,431997,436087,6,4090,2,36000,1.00146699267
432172,432181,437689,9,5508,2,36000,1.00163398693
432202,432211,437437,9,5226,2,36000,1.00172215844
432602,432612,437897,10,5285,2,36000,1.00189214759
432694,433151,435225,457,2074,47,7200,1.22034715526
432784,432794,436998,10,4204,2,36000,1.00237868696
432884,432892,437399,8,4507,2,36000,1.00177501664
432969,432977,436445,8,3468,2,36000,1.00230680507
432984,432992,438137,8,5145,2,36000,1.00155490768
433176,434579,436677,1403,2098,47,7200,1.66873212583
433259,433271,438849,12,5578,2,36000,1.00215130871
433299,433308,438743,9,5435,2,36000,1.00165593376
433329,433339,436714,10,3375,2,36000,1.00296296296
433390,433400,437124,10,3724,2,36000,1.00268528464
433573,433582,438816,9,5234,2,36000,1.00171952618
433621,433631,437367,10,3736,2,36000,1.00267665953
433636,433642,438869,6,5227,2,36000,1.00114788598
433660,433671,438324,11,4653,2,36000,1.00236406619
433747,433756,436699,9,2943,2,36000,1.00305810398
433748,433761,439269,13,5508,2,36000,1.00236020334
433750,433767,437177,17,3410,2,36000,1.00498533724
433768,433776,436810,8,3034,2,36000,1.00263678312
433822,433833,436919,11,3086,2,36000,1.00356448477
434359,434369,439715,10,5346,2,36000,1.00187055743
434443,434453,439727,10,5274,2,36000,1.00189609405
434513,434523,436984,10,2461,2,36000,1.00406338887
434531,434541,438238,10,3697,2,36000,1.00270489586
434624,434777,436927,153,2150,47,7200,1.0711627907
434805,435236,437425,431,2189,47,7200,1.1968935587
434843,434854,439717,11,4863,2,36000,1.0022619782
435016,435025,440296,9,5271,2,36000,1.00170745589
435256,435266,438858,10,3592,2,36000,1.00278396437
435280,435289,439358,9,4069,2,36000,1.00221184566
435288,436688,438791,1400,2103,47,7200,1.66571564432
435295,435301,439373,6,4072,2,36000,1.00147347741
435353,435363,440747,10,5384,2,36000,1.00185735513
435589,435600,439897,11,4297,2,36000,1.00255992553
435811,435820,440843,9,5023,2,36000,1.00179175791
435872,435881,441159,9,5278,2,36000,1.00170519136
435887,435893,440910,6,5017,2,36000,1.00119593382
436090,436098,440172,8,4074,2,36000,1.00196367207
436143,436150,441356,7,5206,2,36000,1.00134460238
436203,436213,441450,10,5237,2,36000,1.00190949017
436392,436402,440245,10,3843,2,36000,1.00260213375
436447,436456,441630,9,5174,2,36000,1.00173946656
436521,436531,440188,10,3657,2,36000,1.00273448182
436701,436711,441834,10,5123,2,36000,1.00195198126
436716,436725,440683,9,3958,2,36000,1.00227387569
436734,436938,439030,204,2092,47,7200,1.09751434034
436818,436824,441975,6,5151,2,36000,1.00116482236
436922,436930,442119,8,5189,2,36000,1.00154172288
436977,436987,441980,10,4993,2,36000,1.00200280393
436992,436998,440583,6,3585,2,36000,1.00167364017
437007,437013,440910,6,3897,2,36000,1.00153964588
437036,437437,439590,401,2153,47,7200,1.18625174176
437125,437135,442421,10,5286,2,36000,1.00189178963
437180,437188,441903,8,4715,2,36000,1.00169671262
437368,437378,442709,10,5331,2,36000,1.00187582067
437401,437410,441659,9,4249,2,36000,1.00211814545
437437,437448,442295,11,4847,2,36000,1.00226944502
437459,438802,440890,1343,2088,47,7200,1.64319923372
437692,437701,442828,9,5127,2,36000,1.00175541252
437897,437908,441939,11,4031,2,36000,1.0027288514
438139,438148,442111,9,3963,2,36000,1.00227100681
438239,438249,443771,10,5522,2,36000,1.00181093807
438327,438335,443699,8,5364,2,36000,1.00149142431
438743,438754,441900,11,3146,2,36000,1.0034965035
438819,438827,442423,8,3596,2,36000,1.0022246941
438845,439041,441141,196,2100,47,7200,1.09333333333
438849,438860,444117,11,5257,2,36000,1.00209244816
438864,438870,441645,6,2775,2,36000,1.00216216216
438879,438885,443214,6,4329,2,36000,1.00138600139
439087,439601,441718,514,2117,47,7200,1.24279641001
439269,439280,444742,11,5462,2,36000,1.00201391432
439360,439370,444895,10,5525,2,36000,1.00180995475
439375,439384,444686,9,5302,2,36000,1.00169747265
439630,440901,443078,1271,2177,47,7200,1.58383096004
439717,439727,442938,10,3211,2,36000,1.00311429461
439732,439738,444833,6,5095,2,36000,1.00117762512
439733,439744,444992,11,5248,2,36000,1.00209603659
439900,439908,445260,8,5352,2,36000,1.00149476831
440175,440183,444008,8,3825,2,36000,1.00209150327
440191,440200,444243,9,4043,2,36000,1.00222606975
440250,440256,445724,6,5468,2,36000,1.00109729334
440299,440307,444064,8,3757,2,36000,1.00212935853
440583,440594,445992,11,5398,2,36000,1.00203779177
440686,440694,446149,8,5455,2,36000,1.00146654445
440750,440758,445465,8,4707,2,36000,1.00169959635
440847,440855,446232,8,5377,2,36000,1.00148781849
440896,441152,443235,256,2083,47,7200,1.12289966395
440911,440921,446198,10,5277,2,36000,1.00189501611
440912,440926,446204,14,5278,2,36000,1.00265251989
441161,441170,446278,9,5108,2,36000,1.00176194205
441198,441729,443873,531,2144,47,7200,1.24766791045
441357,441367,446386,10,5019,2,36000,1.00199242877
441451,441461,444367,10,2906,2,36000,1.00344115623
441475,455789,455898,14314,109,32,10800,132.321100917
441633,441641,446897,8,5256,2,36000,1.00152207002
441647,441656,446945,9,5289,2,36000,1.00170164492
441662,441670,446643,8,4973,2,36000,1.00160868691
441741,443089,445203,1348,2114,47,7200,1.63765373699
441835,441846,446178,11,4332,2,36000,1.00253924284
441902,441911,445275,9,3364,2,36000,1.00267538644
441917,441923,447229,6,5306,2,36000,1.00113079533
441941,441950,447133,9,5183,2,36000,1.00173644607
441978,441987,446999,9,5012,2,36000,1.00179569034
441992,441999,445358,7,3359,2,36000,1.00208395356
442114,442122,447051,8,4929,2,36000,1.00162304727
442129,442135,445433,6,3298,2,36000,1.00181928441
442298,442307,445994,9,3687,2,36000,1.00244100895
442423,442432,446763,9,4331,2,36000,1.00207804202
442438,442444,447613,6,5169,2,36000,1.00116076611
442710,442721,446345,11,3624,2,36000,1.00303532009
442831,442839,447312,8,4473,2,36000,1.00178850883
442940,442949,448263,9,5314,2,36000,1.00169363944
443128,443246,445347,118,2101,47,7200,1.05616373156
443215,443226,448722,11,5496,2,36000,1.0020014556
443249,443884,446012,635,2128,47,7200,1.29840225564
443705,443711,448965,6,5254,2,36000,1.00114198706
443773,443782,448973,9,5191,2,36000,1.00173376999
443913,445214,447264,1301,2050,47,7200,1.63463414634
444012,444020,447832,8,3812,2,36000,1.00209863589
444066,444076,447387,10,3311,2,36000,1.00302023558
444118,444128,449377,10,5249,2,36000,1.00190512479
444246,444254,448344,8,4090,2,36000,1.00195599022
444372,444378,449735,6,5357,2,36000,1.00112002987
444689,444697,450118,8,5421,2,36000,1.00147574248
444744,444753,448414,9,3661,2,36000,1.00245834471
444835,444845,447279,10,2434,2,36000,1.00410846343
444898,444906,448903,8,3997,2,36000,1.00200150113
444995,445003,450438,8,5435,2,36000,1.00147194112
445240,445358,447382,118,2024,47,7200,1.05830039526
445264,445271,448168,7,2897,2,36000,1.00241629272
445279,445286,450009,7,4723,2,36000,1.00148210883
445358,445369,450286,11,4917,2,36000,1.00223713647
445422,446023,448163,601,2140,47,7200,1.2808411215
445433,445444,449697,11,4253,2,36000,1.00258640959
445467,445476,449087,9,3611,2,36000,1.00249238438
445727,445736,451179,9,5443,2,36000,1.00165349991
445993,446003,451426,10,5423,2,36000,1.00184399779
446008,446014,451367,6,5353,2,36000,1.0011208668
446025,447275,449371,1250,2096,47,7200,1.5963740458
446151,446161,451658,10,5497,2,36000,1.00181917409
446178,446189,451383,11,5194,2,36000,1.00211782826
446200,446209,449510,9,3301,2,36000,1.00272644653
446215,446221,451184,6,4963,2,36000,1.0012089462
446233,446243,451473,10,5230,2,36000,1.00191204589
446279,446289,451482,10,5193,2,36000,1.00192566917
446346,446357,451150,11,4793,2,36000,1.00229501356
446388,446398,451844,10,5446,2,36000,1.00183621006
446643,446654,451669,11,5015,2,36000,1.00219341974
446764,446774,450640,10,3866,2,36000,1.00258665287
446900,446909,449936,9,3027,2,36000,1.00297324083
446948,446957,451355,9,4398,2,36000,1.00204638472
447000,447010,452556,10,5546,2,36000,1.00180310133
447052,447062,452507,10,5445,2,36000,1.00183654729
447134,447144,452737,10,5593,2,36000,1.00178794922
447231,447240,452110,9,4870,2,36000,1.00184804928
447282,447291,451296,9,4005,2,36000,1.00224719101
447291,447393,449646,102,2253,47,7200,1.04527296937
447312,447323,451094,11,3771,2,36000,1.00291699814
447388,447399,451781,11,4382,2,36000,1.00251026928
447412,448174,450444,762,2270,47,7200,1.33568281938
447614,447623,453156,9,5533,2,36000,1.00162660401
447835,447844,453303,9,5459,2,36000,1.0016486536
448169,448180,452520,11,4340,2,36000,1.00253456221
448197,449382,451509,1185,2127,47,7200,1.55712270804
448266,448274,453525,8,5251,2,36000,1.00152351933
448345,448355,451837,10,3482,2,36000,1.00287191269
448418,448426,453813,8,5387,2,36000,1.00148505662
448666,452734,452845,4068,111,1,1800,37.6486486486
448724,448733,453967,9,5234,2,36000,1.00171952618
448905,448915,452591,10,3676,2,36000,1.0027203482
448969,448977,454282,8,5305,2,36000,1.00150801131
448983,448990,451626,7,2636,2,36000,1.00265553869
449090,449099,453100,9,4001,2,36000,1.00224943764
449377,449388,453059,11,3671,2,36000,1.00299645873
449403,449657,451731,254,2074,47,7200,1.12246865959
449513,449522,453822,9,4300,2,36000,1.00209302326
449698,449708,454949,10,5241,2,36000,1.00190803282
449705,450456,452557,751,2101,47,7200,1.35744883389
449738,449746,455155,8,5409,2,36000,1.00147901645
449939,449948,453180,9,3232,2,36000,1.00278465347
450012,450020,454927,8,4907,2,36000,1.00163032403
450121,450130,453405,9,3275,2,36000,1.0027480916
450288,450297,455781,9,5484,2,36000,1.00164113786
450439,450450,453480,11,3030,2,36000,1.00363036304
450489,451520,453590,1031,2070,47,7200,1.49806763285
450643,450651,455005,8,4354,2,36000,1.0018373909
451096,451106,455986,10,4880,2,36000,1.00204918033
451151,451161,454963,10,3802,2,36000,1.00263019463
451182,451190,454979,8,3789,2,36000,1.00211137503
451197,451203,455295,6,4092,2,36000,1.00146627566
451297,451308,455363,11,4055,2,36000,1.00271270037
451358,451367,454601,9,3234,2,36000,1.00278293135
451373,451379,455965,6,4586,2,36000,1.0013083297
451387,451394,456912,7,5518,2,36000,1.00126857557
451427,451437,455243,10,3806,2,36000,1.00262743037
451476,451484,456128,8,4644,2,36000,1.00172265289
451491,451497,456230,6,4733,2,36000,1.00126769491
451574,451743,453813,169,2070,47,7200,1.08164251208
451629,451638,456860,9,5222,2,36000,1.00172347759
451659,451670,457042,11,5372,2,36000,1.0020476545
451674,451680,456436,6,4756,2,36000,1.00126156434
451755,452573,454569,818,1996,47,7200,1.40981963928
451784,451792,456999,8,5207,2,36000,1.00153639332
451839,451849,457351,10,5502,2,36000,1.0018175209
451854,451860,457265,6,5405,2,36000,1.00111008326
452000,452739,452781,739,42,1,1800,18.5952380952
452111,452121,456203,10,4082,2,36000,1.00244977952
452510,452519,456707,9,4188,2,36000,1.00214899713
452525,452531,455084,6,2553,2,36000,1.00235017626
452553,452567,457763,14,5196,2,36000,1.00269438029
452593,452602,457714,9,5112,2,36000,1.00176056338
452599,453601,455773,1002,2172,47,7200,1.46132596685
452741,452749,458227,8,5478,2,36000,1.001460387
453065,453072,457776,7,4704,2,36000,1.00148809524
453085,453091,453169,6,78,1,1800,1.07692307692
453102,453111,455849,9,2738,2,36000,1.00328707085
453156,453167,456538,11,3371,2,36000,1.00326312667
453163,453173,453285,10,112,1,1800,1.08928571429
453183,453192,456885,9,3693,2,36000,1.00243704305
453308,453314,457644,6,4330,2,36000,1.00138568129
453409,453417,458715,8,5298,2,36000,1.00151000378
453482,453492,458588,10,5096,2,36000,1.00196232339
453527,453536,458951,9,5415,2,36000,1.00166204986
453625,453829,455880,204,2051,47,7200,1.09946367626
453700,453706,453945,6,239,1,1800,1.02510460251
453816,453824,459123,8,5299,2,36000,1.00150971881
453831,453837,459357,6,5520,2,36000,1.00108695652
453866,454580,456708,714,2128,47,7200,1.33552631579
453956,453962,454521,6,559,1,1800,1.01073345259
453971,453978,459181,7,5203,2,36000,1.00134537767
454286,454294,457135,8,2841,2,36000,1.00281590989
454591,455784,457909,1193,2125,47,7200,1.56141176471
454605,454613,459014,8,4401,2,36000,1.00181776869
454931,454938,460274,7,5336,2,36000,1.00131184408
454953,454961,458184,8,3223,2,36000,1.00248215948
454968,454974,458495,6,3521,2,36000,1.00170406135
454983,454990,458679,7,3689,2,36000,1.00189753321
455007,455017,460297,10,5280,2,36000,1.00189393939
455086,455096,458697,10,3601,2,36000,1.00277700639
455156,455167,460540,11,5373,2,36000,1.0020472734
455245,455254,458731,9,3477,2,36000,1.00258843831
455296,455307,458649,11,3342,2,36000,1.00329144225
455313,455320,455353,7,33,1,1800,1.21212121212
455366,455374,460605,8,5231,2,36000,1.00152934429
455662,455669,455730,7,61,1,1800,1.11475409836
455784,455795,460312,11,4517,2,36000,1.00243524463
455798,455891,458060,93,2169,47,7200,1.0428769018
455852,455860,458614,8,2754,2,36000,1.00290486565
455919,456724,458913,805,2189,47,7200,1.36774783006
455967,455977,461398,10,5421,2,36000,1.0018446781
455988,455997,460100,9,4103,2,36000,1.00219351694
456131,456139,461299,8,5160,2,36000,1.0015503876
456205,456214,460487,9,4273,2,36000,1.00210624854
456232,456241,461722,9,5481,2,36000,1.00164203612
456390,456396,456445,6,49,1,1800,1.12244897959
456438,456447,461472,9,5025,2,36000,1.00179104478
456479,456485,456618,6,133,1,1800,1.04511278195
456543,456549,461251,6,4702,2,36000,1.00127605274
456709,456718,462276,9,5558,2,36000,1.00161928751
456764,457920,460069,1156,2149,47,7200,1.5379246161
456774,456781,456858,7,77,1,1800,1.09090909091
456862,456872,459451,10,2579,2,36000,1.00387747189
456886,456896,460306,10,3410,2,36000,1.00293255132
456913,456924,461901,11,4977,2,36000,1.00221016677
457002,457011,462180,9,5169,2,36000,1.00174114916
457044,457054,462458,10,5404,2,36000,1.00185048113
457136,457146,461445,10,4299,2,36000,1.00232612235
457267,457277,462456,10,5179,2,36000,1.00193087469
457352,457362,462760,10,5398,2,36000,1.00185253798
457646,457655,462959,9,5304,2,36000,1.00169683258
457716,457725,463191,9,5466,2,36000,1.00164654226
457765,457774,460317,9,2543,2,36000,1.00353912702
457780,457787,463211,7,5424,2,36000,1.00129056047
457850,457856,458127,6,271,1,1800,1.0221402214
457970,458071,460097,101,2026,47,7200,1.04985192498
458091,458924,461208,833,2284,47,7200,1.36471103327
458186,458195,461390,9,3195,2,36000,1.00281690141
458228,458238,462157,10,3919,2,36000,1.00255167134
458496,458507,464059,11,5552,2,36000,1.00198126801
458590,458599,464036,9,5437,2,36000,1.00165532463
458614,458625,464128,11,5503,2,36000,1.00199890969
458651,458661,464035,10,5374,2,36000,1.00186081131
458681,458690,463995,9,5305,2,36000,1.00169651272
458696,458703,458708,7,5,1,900,1.2
458699,458709,464098,10,5389,2,36000,1.00185563184
458718,458726,463618,8,4892,2,36000,1.00163532298
458733,458742,463778,9,5036,2,36000,1.00178713264
458936,460080,462179,1144,2099,47,7200,1.54502143878
458954,458963,464362,9,5399,2,36000,1.00166697537
459018,459026,464222,8,5196,2,36000,1.00153964588
459127,459135,464453,8,5318,2,36000,1.00150432493
459181,459192,464578,11,5386,2,36000,1.00204233197
459360,459368,464416,8,5048,2,36000,1.00158478605
459454,459462,464924,8,5462,2,36000,1.00146466496
460081,460108,462276,27,2168,47,7200,1.01245387454
460102,460114,464554,12,4440,2,36000,1.0027027027
460142,461219,463336,1077,2117,47,7200,1.50873878129
460275,460286,464308,11,4022,2,36000,1.00273495773
460300,460309,463826,9,3517,2,36000,1.00255899915
460316,460322,465492,6,5170,2,36000,1.00116054159
460318,460328,463808,10,3480,2,36000,1.00287356322
460333,460339,465661,6,5322,2,36000,1.00112739572
460490,460499,465640,9,5141,2,36000,1.00175063217
460541,460551,466129,10,5578,2,36000,1.00179275726
460608,460616,466112,8,5496,2,36000,1.00145560408
461226,462190,464266,964,2076,47,7200,1.46435452794
461254,461263,466376,9,5113,2,36000,1.00176021905
461300,461310,466721,10,5411,2,36000,1.00184808723
461393,461401,466238,8,4837,2,36000,1.00165391772
461409,461415,464724,6,3309,2,36000,1.00181323663
461445,461456,466120,11,4664,2,36000,1.00235849057
461473,461483,465417,10,3934,2,36000,1.00254194204
461620,461626,461627,6,1,1,36000,1.0
461690,461697,480511,7,18814,1,36000,1.00037206336
461725,461733,467105,8,5372,2,36000,1.00148920328
461902,461912,467205,10,5293,2,36000,1.00188928774
462161,462169,466322,8,4153,2,36000,1.00192631832
462182,462196,467472,14,5276,2,36000,1.0026535254
462251,462292,464494,41,2202,47,7200,1.01861943688
462280,462287,466457,7,4170,2,36000,1.00167865707
462312,463347,465431,1035,2084,47,7200,1.49664107486
462459,462474,466893,15,4419,2,36000,1.00339443313
462460,462468,467858,8,5390,2,36000,1.00148423006
462762,462772,468032,10,5260,2,36000,1.00190114068
462960,462970,468146,10,5176,2,36000,1.00193199382
463194,463203,468385,9,5182,2,36000,1.00173678117
463213,463222,468468,9,5246,2,36000,1.00171559283
463397,464277,466366,880,2089,47,7200,1.42125418861
463620,463629,468107,9,4478,2,36000,1.00200982582
463781,463789,468541,8,4752,2,36000,1.00168350168
463811,463819,469241,8,5422,2,36000,1.00147547031
463830,463837,469068,7,5231,2,36000,1.00133817626
463997,464007,468650,10,4643,2,36000,1.00215377988
464035,464046,469467,11,5421,2,36000,1.00202914591
464050,464056,469344,6,5288,2,36000,1.00113464448
464065,464071,466868,6,2797,2,36000,1.00214515552
464099,464109,467883,10,3774,2,36000,1.00264970853
464130,464140,467639,10,3499,2,36000,1.00285795942
464225,464234,468228,9,3994,2,36000,1.00225338007
464311,464319,467723,8,3404,2,36000,1.00235017626
464319,464505,466583,186,2078,47,7200,1.08950914341
464363,464373,469854,10,5481,2,36000,1.00182448458
464419,464427,468375,8,3948,2,36000,1.00202634245
464456,464464,468351,8,3887,2,36000,1.00205814253
464556,464566,469037,10,4471,2,36000,1.0022366361
464581,464589,469481,8,4892,2,36000,1.00163532298
464620,465442,467618,822,2176,47,7200,1.37775735294
464727,464735,470114,8,5379,2,36000,1.00148726529
464835,464841,496880,6,32039,4,72000,1.00018727176
464925,464935,470061,10,5126,2,36000,1.00195083886
465419,465428,470265,9,4837,2,36000,1.00186065743
465464,466377,468581,913,2204,47,7200,1.41424682396
465495,465504,470706,9,5202,2,36000,1.00173010381
465641,465652,469007,11,3355,2,36000,1.00327868852
465663,465672,469024,9,3352,2,36000,1.0026849642
466114,466123,471438,9,5315,2,36000,1.00169332079
466129,466135,469596,6,3461,2,36000,1.001733603
466130,466141,469372,11,3231,2,36000,1.00340451872
466241,466249,471686,8,5437,2,36000,1.00147139967
466324,466333,471462,9,5129,2,36000,1.00175472802
466380,466388,469213,8,2825,2,36000,1.00283185841
466429,466594,468865,165,2271,47,7200,1.07265521797
466460,466468,469122,8,2654,2,36000,1.00301431801
466610,467630,469736,1020,2106,47,7200,1.48433048433
466722,466733,471313,11,4580,2,36000,1.00240174672
466870,466879,471599,9,4720,2,36000,1.00190677966
466894,466905,470323,11,3418,2,36000,1.00321825629
467106,467116,471889,10,4773,2,36000,1.00209511837
467206,467216,472296,10,5080,2,36000,1.00196850394
467464,467470,486594,6,19124,4,180000,1.0003137419
467476,467484,472726,8,5242,2,36000,1.00152613506
467636,468592,470701,956,2109,47,7200,1.45329540066
467641,467650,472733,9,5083,2,36000,1.00177060791
467726,467734,470390,8,2656,2,36000,1.00301204819
467861,467869,472563,8,4694,2,36000,1.00170430337
467885,467896,471138,11,3242,2,36000,1.0033929673
468035,468043,472683,8,4640,2,36000,1.00172413793
468108,468118,472886,10,4768,2,36000,1.00209731544
468125,468131,468993,6,862,2,21600,1.00696055684
468149,468157,473528,8,5371,2,36000,1.00148948054
468230,468239,471112,9,2873,2,36000,1.00313261399
468353,468362,473679,9,5317,2,36000,1.00169268384
468378,468386,473874,8,5488,2,36000,1.00145772595
468394,468400,473911,6,5511,2,36000,1.00108873163
468471,468479,473754,8,5275,2,36000,1.00151658768
468542,468552,471867,10,3315,2,36000,1.00301659125
468601,468876,471077,275,2201,47,7200,1.12494320763
468652,468661,473869,9,5208,2,36000,1.0017281106
468793,468809,468810,16,1,1,180000,1.7
468793,468804,468805,11,1,1,180000,1.2
468793,468799,468800,6,1,1,180000,1.0
468793,468821,474462,28,5641,1,180000,1.00496365893
468793,468815,474340,22,5525,1,180000,1.00398190045
468794,468826,472746,32,3920,1,180000,1.00816326531
468903,469747,471871,844,2124,47,7200,1.39736346516
469010,469018,474388,8,5370,2,36000,1.00148975791
469025,469036,474370,11,5334,2,36000,1.00206224222
469041,469049,473070,8,4021,2,36000,1.00198955484
469071,469079,474471,8,5392,2,36000,1.00148367953
469090,469096,476239,6,7143,2,14400,1.0008399832
469124,469133,472404,9,3271,2,36000,1.00275145216
469154,469161,481183,7,12022,2,21600,1.00058226585
469217,469225,473114,8,3889,2,36000,1.00205708408
469242,469252,474762,10,5510,2,36000,1.00181488203
469347,469355,474823,8,5468,2,36000,1.00146305779
469375,469383,472753,8,3370,2,36000,1.00237388724
469470,469479,473612,9,4133,2,36000,1.00217759497
469484,469490,495483,6,25993,14,43200,1.00023083138
469485,469496,474773,11,5277,2,36000,1.00208451772
469598,469607,474537,9,4930,2,36000,1.00182555781
469747,470712,472842,965,2130,47,7200,1.45305164319
469787,469793,473815,6,4022,1,36000,1.00149179513
469857,469865,473452,8,3587,2,36000,1.002230276
470065,470072,475454,7,5382,2,36000,1.00130063174
470117,470125,475464,8,5339,2,36000,1.00149840794
470250,470256,485570,6,15314,10,43200,1.00039179835
470267,470276,473758,9,3482,2,36000,1.00258472142
470325,470334,474260,9,3926,2,36000,1.00229240958
470392,470401,475778,9,5377,2,36000,1.0016737958
470710,470718,476064,8,5346,2,36000,1.00149644594
470771,471087,473156,316,2069,47,7200,1.15273078782
470812,470818,470833,6,15,1,18000,1.4
471113,471124,476401,11,5277,2,36000,1.00208451772
471133,471884,473963,751,2079,47,7200,1.36123136123
471139,471149,474470,10,3321,2,36000,1.00301114122
471226,471254,471268,28,14,1,36000,3.0
471226,471247,471250,21,3,1,36000,2.4
471226,471242,471245,16,3,1,36000,1.9
471226,471260,471295,34,35,1,36000,1.97142857143
471226,471232,471252,6,20,1,36000,1.3
471226,471237,471239,11,2,1,36000,1.3
471227,471306,471340,79,34,1,36000,3.32352941176
471227,471332,471399,105,67,1,36000,2.5671641791
471227,471279,471318,52,39,1,36000,2.33333333333
471227,471266,471311,39,45,1,36000,1.86666666667
471227,471271,471310,44,39,1,36000,2.12820512821
471227,471321,471387,94,66,1,36000,2.42424242424
471228,471338,471359,110,21,1,36000,6.2380952381
471228,471370,471391,142,21,1,36000,7.7619047619
471228,471351,471393,123,42,1,36000,3.92857142857
471228,471398,471419,170,21,1,36000,9.09523809524
471228,471404,471429,176,25,1,36000,8.04
471229,471409,471440,180,31,1,36000,6.8064516129
471229,471415,471445,186,30,1,36000,7.2
471229,471430,471459,201,29,1,36000,7.93103448276
471230,471440,471503,210,63,1,36000,4.33333333333
471230,471455,471512,225,57,1,36000,4.94736842105
471231,471460,471463,229,3,1,36000,23.2
471231,471470,471472,239,2,1,36000,24.1
471231,471481,471483,250,2,1,36000,25.2
471315,471327,474059,12,2732,2,36000,1.00439238653
471440,471449,474279,9,2830,2,36000,1.00318021201
471465,471476,474282,11,2806,2,36000,1.00392017106
471600,471610,477114,10,5504,2,36000,1.00181686047
471689,471698,476820,9,5122,2,36000,1.00175712612
471871,471878,476782,7,4904,2,36000,1.0014274062
471893,471901,477303,8,5402,2,36000,1.00148093299
471917,472853,475025,936,2172,47,7200,1.43093922652
472298,472307,477634,9,5327,2,36000,1.00168950629
472405,472416,475645,11,3229,2,36000,1.00340662744
472566,472574,477583,8,5009,2,36000,1.00159712517
472686,472694,477581,8,4887,2,36000,1.00163699611
472730,472737,475804,7,3067,2,36000,1.00228236061
472745,472751,476188,6,3437,2,36000,1.00174570847
472760,472766,477576,6,4810,2,36000,1.00124740125
472882,473168,475282,286,2114,47,7200,1.13528855251
472889,472898,477549,9,4651,2,36000,1.00193506773
473073,473081,478179,8,5098,2,36000,1.00156924284
473116,473125,475721,9,2596,2,36000,1.00346687211
473183,473974,476084,791,2110,47,7200,1.37488151659
473456,473464,477830,8,4366,2,36000,1.00183234082
473529,473539,478682,10,5143,2,36000,1.00194439043
473608,473614,473655,6,41,1,36000,1.14634146341
473615,473624,478810,9,5186,2,36000,1.00173544157
473620,473630,473691,10,61,1,36000,1.16393442623
473682,473690,478810,8,5120,2,36000,1.0015625
473755,473765,478133,10,4368,2,36000,1.00228937729
473770,473776,478601,6,4825,2,36000,1.00124352332
473861,473867,476073,6,2206,8,43200,1.00271985494
473873,473880,477228,7,3348,2,36000,1.00209080048
473889,473895,479043,6,5148,2,36000,1.00116550117
473914,473922,477081,8,3159,2,36000,1.00253244698
474027,475036,477073,1009,2037,47,7200,1.49533627884
474061,474071,479182,10,5111,2,36000,1.00195656427
474262,474271,479438,9,5167,2,36000,1.00174182311
474281,474291,479813,10,5522,2,36000,1.00181093807
474296,474303,477270,7,2967,2,36000,1.00235928547
474373,474381,479534,8,5153,2,36000,1.00155249369
474389,474399,477681,10,3282,2,36000,1.00304692261
474447,474453,474458,6,5,1,900,1.1
474472,474481,477827,9,3346,2,36000,1.00268977884
474474,474487,479660,13,5173,2,36000,1.00251304852
474538,474544,501191,6,26647,1,36000,1.00022516606
474538,474550,479547,12,4997,2,36000,1.00240144086
474558,474564,475041,6,477,4,259200,1.01257861635
474592,485942,492503,11350,6561,40,14400,2.72991921963
474766,474774,480110,8,5336,2,36000,1.00149925037
474781,474787,478547,6,3760,2,36000,1.00159574468
474824,474834,480210,10,5376,2,36000,1.00186011905
475052,475293,477326,241,2033,47,7200,1.11854402361
475293,476096,478186,803,2090,47,7200,1.38421052632
475323,475329,475830,6,501,4,259200,1.0119760479
475455,475466,480163,11,4697,2,36000,1.00234192037
475470,475476,480115,6,4639,2,36000,1.00129338219
475647,475657,480903,10,5246,2,36000,1.00190621426
475666,475841,475842,175,1,4,259200,17.6
475724,475732,481189,8,5457,2,36000,1.00146600696
475776,475789,480526,13,4737,2,36000,1.00274435297
475807,475815,480425,8,4610,2,36000,1.00173535792
476065,476075,481159,10,5084,2,36000,1.00196695515
476076,476084,476093,8,9,8,43200,1.7
476137,477084,479202,947,2118,47,7200,1.44711992446
476190,476199,481710,9,5511,2,36000,1.00163309744
476372,476378,492417,6,16039,4,259200,1.00037408816
476405,476412,479533,7,3121,2,36000,1.00224287087
476436,476442,476444,6,2,4,259200,1.0
476783,476793,481749,10,4956,2,36000,1.00201775626
476823,476832,479756,9,2924,2,36000,1.00307797538
476908,476914,498735,6,21821,2,28800,1.00027496448
476910,476920,505114,10,28194,2,28800,1.00035468539
477083,477092,482362,9,5270,2,36000,1.00170777989
477103,477337,479424,234,2087,47,7200,1.11212266411
477116,477126,481699,10,4573,2,36000,1.00218674831
477229,477239,482745,10,5506,2,36000,1.00181620051
477241,477247,486435,6,9188,4,216000,1.00065302569
477272,477281,482665,9,5384,2,36000,1.00167161961
477305,477314,482613,9,5299,2,36000,1.00169843367
477344,478197,480208,853,2011,47,7200,1.42416708105
477552,477561,483002,9,5441,2,36000,1.0016541077
477577,477587,482983,10,5396,2,36000,1.00185322461
477592,477598,482416,6,4818,2,36000,1.00124533001
477594,477604,483045,10,5441,2,36000,1.00183789745
477636,477645,483098,9,5453,2,36000,1.00165046763
477652,477658,736868,6,259210,4,259200,1.00002314726
477682,477692,480680,10,2988,2,36000,1.00334672021
477828,477838,480566,10,2728,2,36000,1.00366568915
477843,477850,482617,7,4767,2,36000,1.00146842878
477860,485582,487631,7722,2049,4,7200,4.76866764275
477867,485587,486981,7720,1394,4,7200,6.53802008608
478135,478144,483321,9,5177,2,36000,1.00173845857
478181,478191,483000,10,4809,2,36000,1.00207943439
478248,479213,481308,965,2095,47,7200,1.46062052506
478550,478559,483981,9,5422,2,36000,1.00165990409
478602,478613,483933,11,5320,2,36000,1.00206766917
478685,478693,483850,8,5157,2,36000,1.00155128951
478814,478821,484144,7,5323,2,36000,1.00131504791
478815,478826,482395,11,3569,2,36000,1.00308209583
479046,479054,482590,8,3536,2,36000,1.00226244344
479184,479194,484517,10,5323,2,36000,1.00187863986
479213,479436,481574,223,2138,47,7200,1.104303087
479439,479449,484532,10,5083,2,36000,1.00196734212
479454,480220,482407,766,2187,47,7200,1.35025148605
479534,479544,484532,10,4988,2,36000,1.00200481155
479549,479555,484418,6,4863,2,36000,1.00123380629
479550,479561,484536,11,4975,2,36000,1.00221105528
479656,486683,491951,7027,5268,8,43200,2.33390280942
479663,479671,482787,8,3116,2,36000,1.00256739409
479758,479767,484533,9,4766,2,36000,1.001888376
479816,479824,484533,8,4709,2,36000,1.0016988745
480111,480121,484533,10,4412,2,36000,1.00226654578
480126,480133,484533,7,4400,2,36000,1.00159090909
480163,480174,484533,11,4359,2,36000,1.00252351457
480212,480226,483142,14,2916,2,36000,1.00480109739
480238,481319,483393,1081,2074,47,7200,1.52121504339
480297,486513,500931,6216,14418,20,14400,1.43112775697
480427,480437,484533,10,4096,2,36000,1.00244140625
480527,480538,484116,11,3578,2,36000,1.00307434321
480568,480577,484234,9,3657,2,36000,1.00246103363
480681,480691,484533,10,3842,2,36000,1.00260281104
480906,480914,484533,8,3619,2,36000,1.0022105554
481160,481171,484533,11,3362,2,36000,1.00327186199
481191,481200,484533,9,3333,2,36000,1.00270027003
481323,481585,483779,262,2194,47,7200,1.1194165907
481625,482418,484507,793,2089,47,7200,1.37960746769
481702,481711,484533,9,2822,2,36000,1.0031892275
481718,481724,484533,6,2809,2,36000,1.00213599146
481751,481760,484189,9,2429,2,36000,1.00370522849
481990,481996,484072,6,2076,1,3600,1.00289017341
482264,486673,488220,4409,1547,20,14400,3.85003232062
482364,482373,484533,9,2160,2,36000,1.00416666667
482397,482407,484533,10,2126,2,36000,1.00470366886
482419,482428,484533,9,2105,2,36000,1.00427553444
482469,483404,485579,935,2175,47,7200,1.42988505747
482516,486678,487104,4162,426,20,14400,10.7699530516
482547,487648,488109,5101,461,20,14400,12.0650759219
482593,482601,484533,8,1932,2,36000,1.00414078675
482614,482625,484533,11,1908,2,36000,1.00576519916
482629,482635,484533,6,1898,2,36000,1.00316122234
482666,482676,484533,10,1857,2,36000,1.00538502962
482749,482756,484533,7,1777,2,36000,1.00393922341
482788,482798,484533,10,1735,2,36000,1.00576368876
482829,482835,513289,6,30454,1,43200,1.00019701845
482987,482994,484533,7,1539,2,36000,1.00454840806
483002,483011,484533,9,1522,2,36000,1.00591327201
483004,483017,484533,13,1516,2,36000,1.00857519789
483047,483056,484536,9,1480,2,36000,1.00608108108
483099,483110,484533,11,1423,2,36000,1.00773014758
483139,483153,484533,14,1380,2,36000,1.01014492754
483322,483332,484533,10,1201,2,36000,1.00832639467
483434,483791,485930,357,2139,47,7200,1.16690042076
483796,484519,486661,723,2142,47,7200,1.33753501401
483858,483864,484533,6,669,2,36000,1.00896860987
483935,483944,484533,9,589,2,36000,1.01528013582
483984,483992,484533,8,541,2,36000,1.01478743068
484124,484130,484533,6,403,2,36000,1.01488833747
484146,484155,484533,9,378,2,36000,1.02380952381
484193,484201,484533,8,332,2,36000,1.02409638554
484236,484246,484533,10,287,2,36000,1.03484320557
484422,484430,484533,8,103,2,36000,1.07766990291
484490,484583,484899,93,316,8,39480,1.29430379747
484491,484546,484899,55,353,8,39480,1.15580736544
484491,484551,484899,60,348,8,39480,1.1724137931
484497,484556,484899,59,343,8,396000,1.17201166181
484500,484588,484594,88,6,8,338400,9.4
484502,484561,484567,59,6,8,338400,6.5
484505,484566,484572,61,6,8,338400,6.7
484507,484571,484572,64,1,8,39480,6.5
484507,484593,484594,86,1,8,39480,8.7
484642,484648,486805,6,2157,47,7200,1.00278164117
484655,486993,495048,2338,8055,4,43200,1.29025450031
484703,485593,487634,890,2041,47,7200,1.43606075453
484941,484957,512729,16,27772,8,39480,1.00057611983
484941,484947,513343,6,28396,8,39480,1.00021129737
484941,484952,512640,11,27688,8,39480,1.00039728402
484956,486816,506408,1860,19592,8,39480,1.09493670886
484956,484963,502413,7,17450,8,39480,1.00040114613
484957,486821,504192,1864,17371,8,39480,1.10730527891
486538,487642,611327,1104,123685,4,216000,1.00892590047
486818,487116,489244,298,2128,47,7200,1.14003759398
487355,487507,502042,152,14535,10,43200,1.01045751634
490117,490124,490266,7,142,1,1800,1.04929577465
490627,490633,490768,6,135,1,1800,1.04444444444
491390,491396,527183,6,35787,8,180000,1.00016765865
491391,491401,531599,10,40198,8,180000,1.0002487686
491544,491551,492152,7,601,1,1800,1.01164725458
491755,491761,493762,6,2001,5,3600,1.00299850075
491816,491822,493758,6,1936,5,3600,1.00309917355
491864,491871,493914,7,2043,5,3600,1.00342633382
491875,491881,493884,6,2003,5,3600,1.00299550674
491886,491892,493802,6,1910,5,3600,1.00314136126
491896,491903,493841,7,1938,5,3600,1.0036119711
491907,491913,493867,6,1954,5,3600,1.00307062436
491918,491924,493958,6,2034,5,3600,1.00294985251
491929,491935,493963,6,2028,5,3600,1.00295857988
491940,491946,493868,6,1922,5,3600,1.00312174818
491951,491957,493807,6,1850,5,3600,1.00324324324
491961,491967,493823,6,1856,5,3600,1.00323275862
491972,491978,493934,6,1956,5,3600,1.00306748466
491983,491989,493907,6,1918,5,3600,1.0031282586
491993,492000,493984,7,1984,5,3600,1.00352822581
492004,492010,493955,6,1945,5,3600,1.0030848329
492015,492021,493838,6,1817,5,3600,1.0033021464
492025,492031,493978,6,1947,5,3600,1.0030816641
492036,492042,493911,6,1869,5,3600,1.00321027287
492047,492053,493855,6,1802,5,3600,1.00332963374
492058,492064,493962,6,1898,5,3600,1.00316122234
492069,492075,494013,6,1938,5,3600,1.00309597523
492080,492430,494419,350,1989,5,3600,1.17596782303
492432,492514,494383,82,1869,5,3600,1.04387372927
492514,492520,494525,6,2005,5,3600,1.0029925187
492525,492531,494551,6,2020,5,3600,1.00297029703
492535,492542,494509,7,1967,5,3600,1.00355871886
492545,492551,492553,6,2,4,259200,1.0
492546,492557,494547,11,1990,5,3600,1.00552763819
492557,492563,494526,6,1963,5,3600,1.0030565461
492568,492574,494559,6,1985,5,3600,1.00302267003
492578,492585,494528,7,1943,5,3600,1.00360267627
492589,493769,495660,1180,1891,5,3600,1.62400846113
493768,493775,495787,7,2012,5,3600,1.00347912525
493779,493814,495696,35,1882,5,3600,1.01859723698
493820,493826,495691,6,1865,5,3600,1.00321715818
493831,493837,495739,6,1902,5,3600,1.00315457413
493851,493858,495779,7,1921,5,3600,1.00364393545
493862,493868,495815,6,1947,5,3600,1.0030816641
493883,493889,495885,6,1996,5,3600,1.00300601202
493894,493900,495821,6,1921,5,3600,1.00312337324
493904,493910,495828,6,1918,5,3600,1.0031282586
493925,493931,495845,6,1914,5,3600,1.00313479624
493946,493952,495843,6,1891,5,3600,1.00317292438
493977,493983,495956,6,1973,5,3600,1.00304105423
493998,494004,495968,6,1964,5,3600,1.00305498982
494009,494015,495996,6,1981,5,3600,1.00302877335
494019,494025,496022,6,1997,5,3600,1.00300450676
494030,494036,496033,6,1997,5,3600,1.00300450676
494040,494047,495927,7,1880,5,3600,1.00372340426
494051,494057,496055,6,1998,5,3600,1.003003003
494062,494068,496114,6,2046,5,3600,1.00293255132
494072,494078,496108,6,2030,5,3600,1.00295566502
494083,494089,496126,6,2037,5,3600,1.0029455081
494093,494394,496349,301,1955,5,3600,1.15396419437
494149,494547,494593,398,46,1,1800,9.65217391304
494392,494430,496370,38,1940,5,3600,1.01958762887
494433,494520,496598,87,2078,5,3600,1.04186717998
494525,494536,496507,11,1971,5,3600,1.00558092339
494535,494542,496393,7,1851,5,3600,1.0037817396
494546,494558,496613,12,2055,5,3600,1.00583941606
494567,494573,496567,6,1994,5,3600,1.00300902708
494577,494585,496618,8,2033,5,3600,1.00393507132
494588,494603,496465,15,1862,5,3600,1.00805585392
494599,495708,497610,1109,1902,5,3600,1.58307045216
494927,495059,495136,132,77,1,1800,2.71428571429
495598,495702,526676,104,30974,14,43200,1.00335765481
495710,495750,497656,40,1906,5,3600,1.02098635887
495751,495790,497787,39,1997,5,3600,1.01952929394
495792,495798,497653,6,1855,5,3600,1.00323450135
495803,495827,497866,24,2039,5,3600,1.01177047572
495834,495840,497811,6,1971,5,3600,1.00304414003
495855,495861,497887,6,2026,5,3600,1.00296150049
495865,495871,497765,6,1894,5,3600,1.00316789863
495876,495882,497805,6,1923,5,3600,1.0031201248
495897,495903,497753,6,1850,5,3600,1.00324324324
495907,495939,497894,32,1955,5,3600,1.01636828645
495938,495968,497895,30,1927,5,3600,1.01556824079
495980,495986,497916,6,1930,5,3600,1.00310880829
495990,496007,497831,17,1824,5,3600,1.00932017544
496011,496033,498038,22,2005,5,3600,1.01097256858
496032,496044,498058,12,2014,5,3600,1.00595829196
496042,496066,498006,24,1940,5,3600,1.01237113402
496063,496120,498151,57,2031,5,3600,1.02806499261
496125,496131,498088,6,1957,5,3600,1.00306591722
496135,496142,498126,7,1984,5,3600,1.00352822581
496145,496400,496669,255,269,1,1800,1.94795539033
496146,496360,498248,214,1888,5,3600,1.11334745763
496360,496381,498339,21,1958,5,3600,1.01072522983
496381,496395,498291,14,1896,5,3600,1.00738396624
496392,496406,498271,14,1865,5,3600,1.00750670241
496403,496412,498380,9,1968,5,3600,1.00457317073
496413,496477,498333,64,1856,5,3600,1.03448275862
496475,496518,498410,43,1892,5,3600,1.02272727273
496516,496578,498536,62,1958,5,3600,1.03166496425
496578,496609,498664,31,2055,5,3600,1.01508515815
496609,496624,498547,15,1923,5,3600,1.00780031201
496630,496636,498610,6,1974,5,3600,1.00303951368
496640,496891,498691,251,1800,5,3600,1.13944444444
496896,497621,499668,725,2047,5,3600,1.35417684416
497620,497664,499638,44,1974,5,3600,1.02228976697
497671,497677,499655,6,1978,5,3600,1.00303336704
497682,497764,499766,82,2002,5,3600,1.04095904096
497764,497777,499731,13,1954,5,3600,1.00665301945
497774,497799,499770,25,1971,5,3600,1.01268391679
497795,497817,499707,22,1890,5,3600,1.01164021164
497826,497832,499739,6,1907,5,3600,1.00314630309
497847,497853,499863,6,2010,5,3600,1.00298507463
497858,497877,499900,19,2023,5,3600,1.00939199209
497879,497898,499887,19,1989,5,3600,1.00955253896
497910,497916,499773,6,1857,5,3600,1.00323101777
497931,497937,499956,6,2019,5,3600,1.0029717682
497941,497947,499956,6,2009,5,3600,1.00298656048
497952,498017,499910,65,1893,5,3600,1.03433703117
498014,498049,500011,35,1962,5,3600,1.01783893986
498045,498069,500051,24,1982,5,3600,1.01210898083
498066,498099,499865,33,1766,5,3600,1.01868629672
498097,498138,500132,41,1994,5,3600,1.02056168506
498139,498162,500068,23,1906,5,3600,1.01206715635
498159,498260,500134,101,1874,5,3600,1.05389541089
498262,498283,500171,21,1888,5,3600,1.01112288136
498282,498302,500255,20,1953,5,3600,1.0102406554
498303,498344,500323,41,1979,5,3600,1.02071753411
498344,498350,500380,6,2030,5,3600,1.00295566502
498355,498391,500587,36,2196,5,3600,1.01639344262
498396,498421,500470,25,2049,5,3600,1.01220107369
498417,498548,500558,131,2010,5,3600,1.06517412935
498560,498566,500493,6,1927,5,3600,1.00311364816
498571,498621,500630,50,2009,5,3600,1.02488800398
498622,498675,500590,53,1915,5,3600,1.02767624021
498674,498702,500837,28,2135,5,3600,1.0131147541
498705,498746,500740,41,1994,5,3600,1.02056168506
498746,499679,501676,933,1997,5,3600,1.4672008012
499367,499667,499674,300,7,8,14400,30.7
499684,499690,501549,6,1859,5,3600,1.00322754169
499694,499701,501712,7,2011,5,3600,1.0034808553
499705,499718,501696,13,1978,5,3600,1.00657229525
499716,499742,501562,26,1820,5,3600,1.01428571429
499747,499753,501578,6,1825,5,3600,1.00328767123
499757,499777,501736,20,1959,5,3600,1.01020929045
499788,499795,501777,7,1982,5,3600,1.00353178607
499799,499805,501832,6,2027,5,3600,1.00296003947
499810,499874,501890,64,2016,5,3600,1.03174603175
499835,499912,503611,77,3699,8,43200,1.02081643687
499871,499880,501890,9,2010,5,3600,1.00447761194
499882,499921,501855,39,1934,5,3600,1.02016546019
499923,499967,501857,44,1890,5,3600,1.02328042328
499964,499973,502007,9,2034,5,3600,1.00442477876
499975,500022,501918,47,1896,5,3600,1.02478902954
500026,500062,502063,36,2001,5,3600,1.0179910045
500057,500079,502055,22,1976,5,3600,1.01113360324
500078,500143,502057,65,1914,5,3600,1.03396029258
500140,500149,502092,9,1943,5,3600,1.00463201235
500151,500182,502114,31,1932,5,3600,1.01604554865
500182,500267,502192,85,1925,5,3600,1.04415584416
500263,500334,502133,71,1799,5,3600,1.03946637021
500335,500391,502353,56,1962,5,3600,1.02854230377
500387,500481,502319,94,1838,5,3600,1.05114254625
500479,500504,502482,25,1978,5,3600,1.01263902932
500500,500570,502455,70,1885,5,3600,1.03713527851
500572,500598,502576,26,1978,5,3600,1.0131445905
500603,500609,502675,6,2066,5,3600,1.00290416263
500613,500641,502586,28,1945,5,3600,1.01439588689
500644,500751,502561,107,1810,5,3600,1.0591160221
500747,500848,502757,101,1909,5,3600,1.0529072813
500849,500942,503028,93,2086,5,3600,1.04458293384
500941,500948,502988,7,2040,5,3600,1.00343137255
500952,500958,502845,6,1887,5,3600,1.00317965024
500963,500969,502741,6,1772,5,3600,1.00338600451
500974,501560,503519,586,1959,5,3600,1.29913221031
501575,501581,503460,6,1879,5,3600,1.00319318787
501586,501592,503559,6,1967,5,3600,1.00305033045
501597,501687,503674,90,1987,5,3600,1.04529441369
501689,501707,503553,18,1846,5,3600,1.00975081257
501710,501723,503804,13,2081,5,3600,1.00624699664
501720,501747,503697,27,1950,5,3600,1.01384615385
501751,501788,503482,37,1694,5,3600,1.02184179457
501792,501844,503839,52,1995,5,3600,1.02606516291
501844,501866,503931,22,2065,5,3600,1.01065375303
501865,501872,503796,7,1924,5,3600,1.00363825364
501875,501901,503785,26,1884,5,3600,1.01380042463
501906,501912,503834,6,1922,5,3600,1.00312174818
501917,501929,503869,12,1940,5,3600,1.00618556701
501927,502018,503942,91,1924,5,3600,1.0472972973
502020,502054,503824,34,1770,5,3600,1.01920903955
502051,502060,503927,9,1867,5,3600,1.00482056776
502072,502078,504033,6,1955,5,3600,1.00306905371
502082,502088,504013,6,1925,5,3600,1.00311688312
502103,502109,504072,6,1963,5,3600,1.0030565461
502114,502120,504073,6,1953,5,3600,1.00307219662
502124,502130,504047,6,1917,5,3600,1.00312989045
502145,502151,504184,6,2033,5,3600,1.00295130349
502156,502203,504155,47,1952,5,3600,1.02407786885
502207,502330,504278,123,1948,5,3600,1.06314168378
502330,502365,504323,35,1958,5,3600,1.01787538304
502361,502425,504272,64,1847,5,3600,1.03465078506
502423,502431,504501,8,2070,5,3600,1.0038647343
502433,502466,504374,33,1908,5,3600,1.01729559748
502464,502494,504471,30,1977,5,3600,1.01517450683
502495,502572,504528,77,1956,5,3600,1.03936605317
502598,502604,504522,6,1918,5,3600,1.0031282586
502608,502614,504529,6,1915,5,3600,1.00313315927
502619,502686,504595,67,1909,5,3600,1.03509690938
502691,502752,504732,61,1980,5,3600,1.03080808081
502752,502769,504747,17,1978,5,3600,1.00859453994
502773,502857,504741,84,1884,5,3600,1.04458598726
502855,503000,504947,145,1947,5,3600,1.07447354905
502998,503039,505094,41,2055,5,3600,1.0199513382
503039,503530,505488,491,1958,5,3600,1.25076608784
503316,503493,507184,177,3691,8,43200,1.04795448388
503529,503565,505450,36,1885,5,3600,1.01909814324
503570,503576,505576,6,2000,5,3600,1.003
503581,503622,505565,41,1943,5,3600,1.0211013896
503623,503629,505664,6,2035,5,3600,1.00294840295
503633,503686,505559,53,1873,5,3600,1.02829684997
503685,503708,505650,23,1942,5,3600,1.01184346035
503706,503796,505746,90,1950,5,3600,1.04615384615
503818,503824,505810,6,1986,5,3600,1.00302114804
503829,503835,505868,6,2033,5,3600,1.00295130349
503850,503856,505876,6,2020,5,3600,1.00297029703
503860,503867,505799,7,1932,5,3600,1.00362318841
503881,503887,505986,6,2099,5,3600,1.00285850405
503892,503898,505879,6,1981,5,3600,1.00302877335
503902,503938,505852,36,1914,5,3600,1.01880877743
503954,503960,505878,6,1918,5,3600,1.0031282586
503964,503971,506024,7,2053,5,3600,1.00340964442
503975,504025,505883,50,1858,5,3600,1.02691065662
504027,504044,505906,17,1862,5,3600,1.00912996778
504059,504065,505966,6,1901,5,3600,1.00315623356
504070,504083,506095,13,2012,5,3600,1.0064612326
504080,504089,506125,9,2036,5,3600,1.00442043222
504091,504166,506170,75,2004,5,3600,1.0374251497
504163,504195,506208,32,2013,5,3600,1.01589667163
504204,504210,506099,6,1889,5,3600,1.00317628375
504215,504283,506189,68,1906,5,3600,1.03567681007
504286,504293,506324,7,2031,5,3600,1.00344657804
504297,504334,506358,37,2024,5,3600,1.01828063241
504338,504386,506500,48,2114,5,3600,1.02270577105
504390,504483,506594,93,2111,5,3600,1.04405495026
504482,504512,506499,30,1987,5,3600,1.0150981379
504513,504533,506527,20,1994,5,3600,1.01003009027
504544,504550,506578,6,2028,5,3600,1.00295857988
504555,504561,506543,6,1982,5,3600,1.00302724521
504565,504606,506493,41,1887,5,3600,1.02172760996
504607,504744,506615,137,1871,5,3600,1.07322287547
504740,504752,506660,12,1908,5,3600,1.00628930818
504761,504767,506545,6,1778,5,3600,1.00337457818
504771,504958,506893,187,1935,5,3600,1.09664082687
504955,505105,507085,150,1980,5,3600,1.07575757576
504983,505110,505112,127,2,2,3540,12.9
505108,505125,507162,17,2037,5,3600,1.00834560628
505129,505461,507275,332,1814,5,3600,1.18302094818
505466,505500,507542,34,2042,5,3600,1.0166503428
505497,505570,507273,73,1703,5,3600,1.04286553142
505589,505595,507508,6,1913,5,3600,1.00313643492
505600,505606,507592,6,1986,5,3600,1.00302114804
505610,505662,507470,52,1808,5,3600,1.02876106195
505662,505675,507670,13,1995,5,3600,1.00651629073
505672,505757,507718,85,1961,5,3600,1.04334523202
505754,505810,507733,56,1923,5,3600,1.02912116485
505806,505821,507655,15,1834,5,3600,1.00817884406
505827,505863,507826,36,1963,5,3600,1.01833927662
505868,505879,507880,11,2001,5,3600,1.00549725137
505889,505895,507688,6,1793,5,3600,1.0033463469
505899,505906,507859,7,1953,5,3600,1.00358422939
505920,505927,508008,7,2081,5,3600,1.00336376742
505931,505937,507852,6,1915,5,3600,1.00313315927
505942,505948,507935,6,1987,5,3600,1.00301962758
505953,505977,507981,24,2004,5,3600,1.0119760479
505973,505997,508040,24,2043,5,3600,1.01174743025
505994,506035,508099,41,2064,5,3600,1.01986434109
506035,506106,507995,71,1889,5,3600,1.03758602435
506108,506114,507989,6,1875,5,3600,1.0032
506119,506136,508230,17,2094,5,3600,1.00811843362
506139,506181,508068,42,1887,5,3600,1.02225755167
506181,506200,508191,19,1991,5,3600,1.00954294324
506202,506219,508136,17,1917,5,3600,1.00886802295
506223,506336,508294,113,1958,5,3600,1.05771195097
506335,506369,508384,34,2015,5,3600,1.01687344913
506366,506419,508281,53,1862,5,3600,1.02846401719
506418,506505,508557,87,2052,5,3600,1.04239766082
506510,506516,508416,6,1900,5,3600,1.00315789474
506520,506527,508426,7,1899,5,3600,1.00368615061
506541,506547,508618,6,2071,5,3600,1.00289715113
506552,506558,508473,6,1915,5,3600,1.00313315927
506562,506569,508451,7,1882,5,3600,1.0037194474
506573,506590,508539,17,1949,5,3600,1.00872242175
506594,506606,508505,12,1899,5,3600,1.00631911532
506604,506626,508657,22,2031,5,3600,1.01083210241
506625,506671,508752,46,2081,5,3600,1.02210475733
506667,506904,508861,237,1957,5,3600,1.1211037302
506901,507096,509014,195,1918,5,3600,1.10166840459
507095,507173,509079,78,1906,5,3600,1.04092339979
507177,507195,509118,18,1923,5,3600,1.00936037441
507198,507204,509226,6,2022,5,3600,1.00296735905
507209,507284,509086,75,1802,5,3600,1.04162042175
507280,507290,509173,10,1883,5,3600,1.00531067446
507291,507481,509473,190,1992,5,3600,1.0953815261
507485,507519,509529,34,2010,5,3600,1.01691542289
507516,507553,509380,37,1827,5,3600,1.02025177887
507557,507604,509592,47,1988,5,3600,1.02364185111
507609,507666,509684,57,2018,5,3600,1.02824578791
507670,507682,509546,12,1864,5,3600,1.00643776824
507681,507699,509606,18,1907,5,3600,1.00943890928
507703,507730,509765,27,2035,5,3600,1.01326781327
507744,507750,509652,6,1902,5,3600,1.00315457413
507755,507837,509747,82,1910,5,3600,1.04293193717
507837,507864,509842,27,1978,5,3600,1.01365015167
507868,507874,509816,6,1942,5,3600,1.00308959835
507878,507891,509915,13,2024,5,3600,1.0064229249
507889,507946,509844,57,1898,5,3600,1.03003161222
507951,507993,510008,42,2015,5,3600,1.02084367246
508002,508008,509966,6,1958,5,3600,1.00306435138
508023,508029,510100,6,2071,5,3600,1.00289715113
508033,508040,509991,7,1951,5,3600,1.00358790364
508054,508060,509913,6,1853,5,3600,1.00323799244
508065,508079,510178,14,2099,5,3600,1.00666984278
508075,508111,510227,36,2116,5,3600,1.01701323251
508106,508147,510011,41,1864,5,3600,1.02199570815
508148,508203,510195,55,1992,5,3600,1.02761044177
508199,508241,510202,42,1961,5,3600,1.02141764406
508240,508292,510140,52,1848,5,3600,1.02813852814
508292,508306,510337,14,2031,5,3600,1.00689315608
508302,508396,510410,94,2014,5,3600,1.04667328699
508395,508428,510441,33,2013,5,3600,1.01639344262
508426,508437,510419,11,1982,5,3600,1.00554994955
508437,508462,510433,25,1971,5,3600,1.01268391679
508458,508484,510448,26,1964,5,3600,1.01323828921
508489,508517,510400,28,1883,5,3600,1.01486988848
508520,508550,510617,30,2067,5,3600,1.0145137881
508551,508569,510594,18,2025,5,3600,1.00888888889
508572,508629,510679,57,2050,5,3600,1.02780487805
508633,508668,510548,35,1880,5,3600,1.01861702128
508664,508764,510700,100,1936,5,3600,1.05165289256
508767,508872,510738,105,1866,5,3600,1.05627009646
508869,509025,511040,156,2015,5,3600,1.07741935484
509023,509091,511120,68,2029,5,3600,1.03351404633
509094,509101,511089,7,1988,5,3600,1.00352112676
509105,509129,511087,24,1958,5,3600,1.01225740552
509128,509184,511536,56,2352,5,3600,1.02380952381
509189,509237,511783,48,2546,5,3600,1.01885310291
509241,509391,511734,150,2343,5,3600,1.06402048656
509394,509484,511772,90,2288,5,3600,1.03933566434
509486,509540,512002,54,2462,5,3600,1.02193338749
509537,509557,512222,20,2665,5,3600,1.00750469043
509558,509604,512107,46,2503,5,3600,1.01837794646
509600,509617,512057,17,2440,5,3600,1.00696721311
509620,509664,512025,44,2361,5,3600,1.01863617111
509662,509695,512204,33,2509,5,3600,1.01315265046
509692,509758,512142,66,2384,5,3600,1.02768456376
509754,509777,511941,23,2164,5,3600,1.0106284658
509775,509828,512231,53,2403,5,3600,1.02205576363
509826,509853,512242,27,2389,5,3600,1.01130179992
509857,509864,512107,7,2243,5,3600,1.00312082033
509868,509925,512324,57,2399,5,3600,1.02375989996
509930,509936,512311,6,2375,5,3600,1.00252631579
509941,509977,512413,36,2436,5,3600,1.01477832512
509982,510003,512373,21,2370,5,3600,1.00886075949
510003,510019,512379,16,2360,5,3600,1.00677966102
510024,510030,512382,6,2352,5,3600,1.00255102041
510034,510112,512451,78,2339,5,3600,1.03334758444
510116,510151,512413,35,2262,5,3600,1.01547303271
510147,510189,512487,42,2298,5,3600,1.0182767624
510188,510206,512758,18,2552,5,3600,1.00705329154
510209,510215,512706,6,2491,5,3600,1.00240867122
510210,510238,512764,28,2526,5,3600,1.01108471892
510241,510349,512919,108,2570,5,3600,1.0420233463
510354,510411,512857,57,2446,5,3600,1.02330335241
510426,510432,512824,6,2392,5,3600,1.0025083612
510446,510452,512722,6,2270,5,3600,1.00264317181
510457,510463,512786,6,2323,5,3600,1.00258286698
510468,510474,512655,6,2181,5,3600,1.00275103164
510478,510484,512522,6,2038,5,3600,1.00294406281
510489,510559,512955,70,2396,5,3600,1.02921535893
510561,510605,513118,44,2513,5,3600,1.01750895344
510602,510628,512928,26,2300,5,3600,1.01130434783
510633,510690,513067,57,2377,5,3600,1.02397980648
510694,510711,513277,17,2566,5,3600,1.00662509743
510715,510749,513174,34,2425,5,3600,1.01402061856
510746,511051,513209,305,2158,5,3600,1.14133456905
511052,511098,513767,46,2669,5,3600,1.01723491945
511104,511110,513330,6,2220,5,3600,1.0027027027
511115,511131,513421,16,2290,5,3600,1.00698689956
511135,511548,513723,413,2175,5,3600,1.18988505747
511544,511745,513985,201,2240,5,3600,1.08973214286
511748,511783,514182,35,2399,5,3600,1.01458941226
511779,511794,514295,15,2501,5,3600,1.00599760096
511790,511952,514397,162,2445,5,3600,1.06625766871
511953,512013,514403,60,2390,5,3600,1.02510460251
512015,512036,514170,21,2134,5,3600,1.00984067479
512036,512068,514488,32,2420,5,3600,1.0132231405
512067,512118,514266,51,2148,5,3600,1.02374301676
512118,512125,514293,7,2168,5,3600,1.00322878229
512129,512153,514526,24,2373,5,3600,1.01011378003
512150,512215,514576,65,2361,5,3600,1.02753070733
512212,512233,514527,21,2294,5,3600,1.00915431561
512243,512249,514230,6,1981,5,3600,1.00302877335
512253,512259,514675,6,2416,5,3600,1.00248344371
512264,512322,514369,58,2047,5,3600,1.02833414753
512336,512342,514932,6,2590,5,3600,1.00231660232
512346,512384,515030,38,2646,5,3600,1.01436130008
512388,512393,514487,5,2094,5,3600,1.00238777459
512398,512404,514538,6,2134,5,3600,1.00281162137
512409,512424,514973,15,2549,5,3600,1.00588466065
512419,512430,514820,11,2390,5,3600,1.00460251046
512430,512462,514921,32,2459,5,3600,1.01301342009
512461,512498,514939,37,2441,5,3600,1.01515772224
512502,512534,515101,32,2567,5,3600,1.01246591352
512533,512651,514977,118,2326,5,3600,1.05073086844
512666,512672,514650,6,1978,5,3600,1.00303336704
512677,512683,515070,6,2387,5,3600,1.00251361542
512687,512717,514969,30,2252,5,3600,1.01332149201
512718,512733,515214,15,2481,5,3600,1.00604594921
512729,512741,515113,12,2372,5,3600,1.00505902192
512740,512769,515150,29,2381,5,3600,1.0121797564
512771,512777,515197,6,2420,5,3600,1.00247933884
512781,512798,515147,17,2349,5,3600,1.00723712218
512802,512835,514933,33,2098,5,3600,1.01572926597
512833,512868,515226,35,2358,5,3600,1.01484308736
512864,512930,515587,66,2657,5,3600,1.02484004516
512926,512939,515239,13,2300,5,3600,1.00565217391
512937,512967,515083,30,2116,5,3600,1.01417769376
512968,513078,515674,110,2596,5,3600,1.04237288136
513080,513129,515778,49,2649,5,3600,1.01849754624
513132,513186,515772,54,2586,5,3600,1.02088167053
513183,513220,515719,37,2499,5,3600,1.01480592237
513225,513289,515362,64,2073,5,3600,1.03087313073
513286,513342,515717,56,2375,5,3600,1.02357894737
513338,513354,515737,16,2383,5,3600,1.00671422577
513359,513365,515618,6,2253,5,3600,1.00266311585
513369,513432,515960,63,2528,5,3600,1.02492088608
513431,513734,516191,303,2457,5,3600,1.12332112332
513737,513778,516110,41,2332,5,3600,1.01758147513
513780,513996,516306,216,2310,5,3600,1.09350649351
513994,514181,516582,187,2401,5,3600,1.07788421491
514178,514193,516547,15,2354,5,3600,1.00637213254
514189,514241,516342,52,2101,5,3600,1.02475011899
514240,514278,516664,38,2386,5,3600,1.01592623638
514281,514304,516987,23,2683,5,3600,1.00857249348
514302,514310,516761,8,2451,5,3600,1.00326397389
514313,514379,516802,66,2423,5,3600,1.02723895997
514385,514409,516754,24,2345,5,3600,1.01023454158
514416,514422,516711,6,2289,5,3600,1.00262123198
514427,514498,516733,71,2235,5,3600,1.03176733781
514498,514504,516652,6,2148,5,3600,1.00279329609
514509,514537,516831,28,2294,5,3600,1.01220575414
514550,514556,517158,6,2602,5,3600,1.00230591852
514561,514567,516936,6,2369,5,3600,1.00253271423
514572,514588,517021,16,2433,5,3600,1.00657624332
514592,514661,517103,69,2442,5,3600,1.02825552826
514664,514686,517145,22,2459,5,3600,1.00894672631
514685,514831,517304,146,2473,5,3600,1.05903760615
514828,514937,517344,109,2407,5,3600,1.04528458662
514951,514957,517418,6,2461,5,3600,1.00243803332
514962,514968,517337,6,2369,5,3600,1.00253271423
514993,514999,517302,6,2303,5,3600,1.00260529744
515003,515009,517274,6,2265,5,3600,1.00264900662
515014,515020,517560,6,2540,5,3600,1.00236220472
515025,515031,517477,6,2446,5,3600,1.00245298446
515045,515051,517402,6,2351,5,3600,1.00255210549
515056,515081,517604,25,2523,5,3600,1.00990883868
515077,515094,517590,17,2496,5,3600,1.00681089744
515098,515112,517504,14,2392,5,3600,1.00585284281
515108,515124,517544,16,2420,5,3600,1.00661157025
515129,515158,517560,29,2402,5,3600,1.01207327227
515160,515166,517318,6,2152,5,3600,1.00278810409
515171,515208,517162,37,1954,5,3600,1.01893551689
515212,515226,517708,14,2482,5,3600,1.00564061241
515223,515237,517635,14,2398,5,3600,1.0058381985
515233,515251,517588,18,2337,5,3600,1.00770218228
515254,515373,517769,119,2396,5,3600,1.04966611018
515377,515598,518029,221,2431,5,3600,1.09090909091
515602,515630,518065,28,2435,5,3600,1.01149897331
515633,515685,518127,52,2442,5,3600,1.02129402129
515684,515728,518428,44,2700,5,3600,1.0162962963
515725,515734,517848,9,2114,5,3600,1.00425733207
515736,515748,518089,12,2341,5,3600,1.00512601452
515746,515784,517839,38,2055,5,3600,1.01849148418
515788,515794,517829,6,2035,5,3600,1.00294840295
515798,515971,518375,173,2404,5,3600,1.07196339434
515972,516121,518487,149,2366,5,3600,1.06297548605
516126,516202,518632,76,2430,5,3600,1.03127572016
516197,516317,518794,120,2477,5,3600,1.04844570044
516320,516354,518557,34,2203,5,3600,1.01543349977
516352,516471,518826,119,2355,5,3600,1.05053078556
516474,516558,518847,84,2289,5,3600,1.03669724771
516557,516593,518755,36,2162,5,3600,1.01665124884
516598,516664,518970,66,2306,5,3600,1.02862098873
516660,516675,519056,15,2381,5,3600,1.006299874
516680,516723,518982,43,2259,5,3600,1.01903497123
516722,516744,518765,22,2021,5,3600,1.01088570015
516742,516765,519223,23,2458,5,3600,1.00935720098
516773,516780,518813,7,2033,5,3600,1.00344318741
516784,516814,519394,30,2580,5,3600,1.01162790698
516815,516842,519331,27,2489,5,3600,1.01084773001
516846,516947,519156,101,2209,5,3600,1.04572204617
516948,516998,519367,50,2369,5,3600,1.02110595188
517000,517033,519583,33,2550,5,3600,1.01294117647
517031,517114,519519,83,2405,5,3600,1.03451143451
517113,517156,519651,43,2495,5,3600,1.01723446894
517154,517169,519587,15,2418,5,3600,1.00620347395
517175,517181,519697,6,2516,5,3600,1.00238473768
517186,517285,519596,99,2311,5,3600,1.04283859801
517288,517313,519282,25,1969,5,3600,1.01269680041
517329,517335,519709,6,2374,5,3600,1.00252737995
517350,517356,519524,6,2168,5,3600,1.00276752768
517361,517367,519853,6,2486,5,3600,1.00241351569
517371,517377,519688,6,2311,5,3600,1.00259627867
517382,517413,519908,31,2495,5,3600,1.0124248497
517413,517429,519853,16,2424,5,3600,1.00660066007
517434,517488,519871,54,2383,5,3600,1.02266051196
517485,517515,519827,30,2312,5,3600,1.01297577855
517517,517564,519981,47,2417,5,3600,1.01944559371
517568,517574,520066,6,2492,5,3600,1.00240770465
517579,517585,519895,6,2310,5,3600,1.0025974026
517600,517606,519652,6,2046,5,3600,1.00293255132
517610,517616,520151,6,2535,5,3600,1.00236686391
517621,517627,520222,6,2595,5,3600,1.00231213873
517632,517646,520080,14,2434,5,3600,1.00575184881
517642,517719,520231,77,2512,5,3600,1.03065286624
517724,517780,519915,56,2135,5,3600,1.0262295082
517776,517840,520307,64,2467,5,3600,1.02594244021
517837,517850,520246,13,2396,5,3600,1.00542570952
517848,517859,520207,11,2348,5,3600,1.00468483816
517859,518040,520487,181,2447,5,3600,1.07396812423
518043,518077,520430,34,2353,5,3600,1.01444963876
518074,518100,520439,26,2339,5,3600,1.01111586148
518096,518776,521075,680,2299,5,3600,1.29578077425
518113,518766,518780,653,14,32,10800,47.6428571429
518780,518792,521199,12,2407,5,3600,1.00498545908
518791,518798,521154,7,2356,5,3600,1.00297113752
518802,518808,520983,6,2175,5,3600,1.00275862069
518812,518818,521139,6,2321,5,3600,1.00258509263
518823,518829,521400,6,2571,5,3600,1.00233372229
518834,518840,521206,6,2366,5,3600,1.00253592561
518844,518851,521189,7,2338,5,3600,1.00299401198
518855,518861,521249,6,2388,5,3600,1.00251256281
518866,518872,521004,6,2132,5,3600,1.00281425891
518876,518882,520951,6,2069,5,3600,1.00289995167
518887,518893,520991,6,2098,5,3600,1.00285986654
518898,518982,521164,84,2182,5,3600,1.03849679193
518980,518993,521376,13,2383,5,3600,1.00545530843
518990,519068,521230,78,2162,5,3600,1.03607770583
519072,519167,521617,95,2450,5,3600,1.0387755102
519164,519234,521601,70,2367,5,3600,1.02957329954
519236,519294,521706,58,2412,5,3600,1.02404643449
519298,519342,521554,44,2212,5,3600,1.0198915009
519339,519379,521922,40,2543,5,3600,1.0157294534
519380,519406,521896,26,2490,5,3600,1.01044176707
519411,519530,521950,119,2420,5,3600,1.04917355372
519534,519540,521767,6,2227,5,3600,1.00269420745
519545,519594,521753,49,2159,5,3600,1.02269569245
519596,519602,522053,6,2451,5,3600,1.00244798042
519607,519613,522087,6,2474,5,3600,1.00242522231
519617,519664,522068,47,2404,5,3600,1.01955074875
519669,519675,522336,6,2661,5,3600,1.00225479143
519679,519699,522068,20,2369,5,3600,1.00844238075
519721,519727,522055,6,2328,5,3600,1.00257731959
519731,519738,521923,7,2185,5,3600,1.00320366133
519742,519838,522210,96,2372,5,3600,1.04047217538
519834,519864,521922,30,2058,5,3600,1.01457725948
519869,519875,521892,6,2017,5,3600,1.00297471492
519880,519886,522333,6,2447,5,3600,1.00245198202
519891,519906,522301,15,2395,5,3600,1.00626304802
519922,519927,521967,5,2040,5,3600,1.00245098039
519932,519938,522302,6,2364,5,3600,1.00253807107
519943,519992,522386,49,2394,5,3600,1.02046783626
519994,520283,522746,289,2463,5,3600,1.1173365814
520060,520258,520272,198,14,32,10800,15.1428571429
520280,520289,522441,9,2152,5,3600,1.00418215613
520291,520297,523035,6,2738,5,3600,1.00219138057
520301,520307,522643,6,2336,5,3600,1.00256849315
520322,520328,522563,6,2235,5,3600,1.00268456376
520333,520339,522410,6,2071,5,3600,1.00289715113
520343,520349,522408,6,2059,5,3600,1.00291403594
520354,520360,522733,6,2373,5,3600,1.00252844501
520365,520441,522498,76,2057,5,3600,1.03694701021
520436,520450,522890,14,2440,5,3600,1.00573770492
520447,520498,522736,51,2238,5,3600,1.02278820375
520498,520962,522969,464,2007,5,3600,1.23119083209
520958,520995,523390,37,2395,5,3600,1.01544885177
520999,521005,522979,6,1974,5,3600,1.00303951368
521010,521016,523194,6,2178,5,3600,1.00275482094
521020,521087,523467,67,2380,5,3600,1.0281512605
521092,521150,523516,58,2366,5,3600,1.02451394759
521154,521165,523496,11,2331,5,3600,1.00471900472
521175,521181,523239,6,2058,5,3600,1.0029154519
521185,521200,523754,15,2554,5,3600,1.00587314017
521196,521210,523246,14,2036,5,3600,1.0068762279
521217,521223,523742,6,2519,5,3600,1.00238189758
521227,521241,523775,14,2534,5,3600,1.00552486188
521238,521261,523274,23,2013,5,3600,1.01142573274
521259,521388,523660,129,2272,5,3600,1.05677816901
521392,521411,523902,19,2491,5,3600,1.00762745885
521412,521565,524014,153,2449,5,3600,1.06247447938
521566,521612,524053,46,2441,5,3600,1.01884473576
521627,521634,523982,7,2348,5,3600,1.00298126065
521638,521718,524239,80,2521,5,3600,1.03173343911
521720,521764,523896,44,2132,5,3600,1.02063789869
521761,521778,523804,17,2026,5,3600,1.00839091807
521782,521903,524412,121,2509,5,3600,1.04822638501
521905,521911,524129,6,2218,5,3600,1.00270513977
521915,521930,524404,15,2474,5,3600,1.00606305578
521936,521942,524268,6,2326,5,3600,1.00257953568
521947,521953,524469,6,2516,5,3600,1.00238473768
521957,521964,524137,7,2173,5,3600,1.00322135297
521978,521984,524342,6,2358,5,3600,1.00254452926
521989,521996,523999,7,2003,5,3600,1.00349475786
522000,522064,524524,64,2460,5,3600,1.02601626016
522062,522070,524652,8,2582,5,3600,1.00309837335
522082,522089,524173,7,2084,5,3600,1.00335892514
522093,522099,524209,6,2110,5,3600,1.0028436019
522104,522110,524493,6,2383,5,3600,1.00251783466
522114,522221,524844,107,2623,5,3600,1.04079298513
522217,522312,524764,95,2452,5,3600,1.03874388254
522309,522318,524875,9,2557,5,3600,1.00351974971
522320,522344,524490,24,2146,5,3600,1.01118359739
522351,522357,524764,6,2407,5,3600,1.00249272954
522361,522398,524724,37,2326,5,3600,1.01590713672
522403,522419,524776,16,2357,5,3600,1.0067882902
522423,522430,524918,7,2488,5,3600,1.00281350482
522438,522452,524750,14,2298,5,3600,1.00609225413
522449,522510,524894,61,2384,5,3600,1.02558724832
522513,522574,524298,61,1724,5,3600,1.03538283063
522575,522654,524584,79,1930,5,3600,1.04093264249
522657,522744,524437,87,1693,5,3600,1.05138806852
522759,522765,524435,6,1670,5,3600,1.00359281437
522770,522776,524584,6,1808,5,3600,1.00331858407
522780,522901,524862,121,1961,5,3600,1.06170321265
522903,522980,524847,77,1867,5,3600,1.04124263524
522985,522991,524723,6,1732,5,3600,1.00346420323
522996,523047,524804,51,1757,5,3600,1.02902675014
523047,523206,524852,159,1646,5,3600,1.09659781288
523211,523251,524962,40,1711,5,3600,1.02337814144
523252,523258,524755,6,1497,5,3600,1.00400801603
523263,523285,525011,22,1726,5,3600,1.01274623407
523284,523402,525143,118,1741,5,3600,1.06777713957
523406,523478,525046,72,1568,5,3600,1.04591836735
523479,523507,525270,28,1763,5,3600,1.01588201929
523510,523528,525274,18,1746,5,3600,1.01030927835
523530,523672,525421,142,1749,5,3600,1.081189251
523674,523753,525508,79,1755,5,3600,1.04501424501
523766,523772,525551,6,1779,5,3600,1.00337268128
523787,523793,525546,6,1753,5,3600,1.00342270394
523797,523815,525523,18,1708,5,3600,1.01053864169
523818,523908,525643,90,1735,5,3600,1.05187319885
523910,523916,525617,6,1701,5,3600,1.00352733686
523921,523993,525794,72,1801,5,3600,1.03997779012
523993,524010,526078,17,2068,5,3600,1.0082205029
524013,524025,525756,12,1731,5,3600,1.00693240901
524024,524064,525928,40,1864,5,3600,1.02145922747
524065,524141,525943,76,1802,5,3600,1.04217536071
524137,524148,525886,11,1738,5,3600,1.00632911392
524148,524184,525817,36,1633,5,3600,1.02204531537
524189,524220,525941,31,1721,5,3600,1.01801278327
524220,524251,525824,31,1573,5,3600,1.01970756516
524251,524279,525722,28,1443,5,3600,1.0194040194
524282,524310,526178,28,1868,5,3600,1.01498929336
524313,524353,526135,40,1782,5,3600,1.02244668911
524354,524415,526050,61,1635,5,3600,1.0373088685
524426,524432,526236,6,1804,5,3600,1.00332594235
524447,524453,526208,6,1755,5,3600,1.00341880342
524457,524464,526275,7,1811,5,3600,1.00386526781
524468,524480,526222,12,1742,5,3600,1.00688863375
524479,524501,526459,22,1958,5,3600,1.01123595506
524500,524507,526138,7,1631,5,3600,1.00429184549
524510,524535,526252,25,1717,5,3600,1.01456027956
524531,524595,526138,64,1543,5,3600,1.04147764096
524593,524601,526135,8,1534,5,3600,1.00521512386
524603,524663,526369,60,1706,5,3600,1.03516998828
524665,524734,526294,69,1560,5,3600,1.04423076923
524737,524743,526500,6,1757,5,3600,1.00341491178
524747,524761,526552,14,1791,5,3600,1.00781686209
524789,524795,526299,6,1504,5,3600,1.0039893617
524799,524805,526489,6,1684,5,3600,1.00356294537
524810,524816,526323,6,1507,5,3600,1.00398142004
524820,524827,526429,7,1602,5,3600,1.00436953808
524831,524837,526554,6,1717,5,3600,1.00349446709
524842,524855,526617,13,1762,5,3600,1.00737797957
524862,524869,526575,7,1706,5,3600,1.0041031653
524873,524879,526288,6,1409,5,3600,1.00425833925
524884,524890,526735,6,1845,5,3600,1.00325203252
524905,524911,526486,6,1575,5,3600,1.00380952381
524915,524921,526786,6,1865,5,3600,1.00321715818
524926,524932,526763,6,1831,5,3600,1.00327689787
524936,524973,526490,37,1517,5,3600,1.0243902439
524978,525022,526575,44,1553,5,3600,1.02833226014
525019,525057,526978,38,1921,5,3600,1.01978136387
525060,525154,526981,94,1827,5,3600,1.05145046524
525152,525281,527022,129,1741,5,3600,1.0740953475
525285,525291,527076,6,1785,5,3600,1.00336134454
525296,525432,527393,136,1961,5,3600,1.06935237124
525429,525519,527093,90,1574,5,3600,1.05717916137
525522,525534,527001,12,1467,5,3600,1.0081799591
525532,525557,527260,25,1703,5,3600,1.01467997651
525563,525569,527156,6,1587,5,3600,1.00378071834
525574,525628,527457,54,1829,5,3600,1.02952433024
525625,525654,527343,29,1689,5,3600,1.01716992303
525656,525733,527459,77,1726,5,3600,1.04461181924
525738,525768,527500,30,1732,5,3600,1.01732101617
525770,525805,527581,35,1776,5,3600,1.01970720721
525801,525829,527392,28,1563,5,3600,1.01791426743
525832,525838,527611,6,1773,5,3600,1.00338409475
525842,525898,527854,56,1956,5,3600,1.02862985685
525894,525939,527632,45,1693,5,3600,1.02658003544
525935,525953,527490,18,1537,5,3600,1.01171112557
525956,525962,527729,6,1767,5,3600,1.00339558574
525967,526061,528036,94,1975,5,3600,1.04759493671
526059,526090,527903,31,1813,5,3600,1.01709873138
526090,526146,527973,56,1827,5,3600,1.030651341
526151,526157,527699,6,1542,5,3600,1.00389105058
526162,526168,527968,6,1800,5,3600,1.00333333333
526173,526179,527918,6,1739,5,3600,1.00345025877
526193,526200,527865,7,1665,5,3600,1.0042042042
526204,526220,528033,16,1813,5,3600,1.00882515168
526235,526241,528206,6,1965,5,3600,1.00305343511
526246,526252,528015,6,1763,5,3600,1.00340328985
526248,526263,528016,15,1753,5,3600,1.00855675984
526258,526287,528221,29,1934,5,3600,1.01499482937
526310,526316,527990,6,1674,5,3600,1.00358422939
526321,526327,527996,6,1669,5,3600,1.00359496705
526331,526337,528125,6,1788,5,3600,1.0033557047
526342,526348,528323,6,1975,5,3600,1.00303797468
526352,526380,528215,28,1835,5,3600,1.01525885559
526383,526441,528184,58,1743,5,3600,1.03327596099
526445,526470,528228,25,1758,5,3600,1.01422070535
526466,526498,528163,32,1665,5,3600,1.01921921922
526497,526504,528229,7,1725,5,3600,1.00405797101
526509,526515,528019,6,1504,5,3600,1.0039893617
526520,526526,528249,6,1723,5,3600,1.00348229832
526530,526563,528324,33,1761,5,3600,1.01873935264
526561,526569,528151,8,1582,5,3600,1.00505689001
526572,526586,528342,14,1756,5,3600,1.00797266515
526584,526592,528349,8,1757,5,3600,1.00455321571
526595,526628,528371,33,1743,5,3600,1.01893287435
526626,526687,528431,61,1744,5,3600,1.03497706422
526688,526694,528472,6,1778,5,3600,1.00337457818
526698,526704,528461,6,1757,5,3600,1.00341491178
526709,526746,528445,37,1699,5,3600,1.02177751619
526750,526797,528540,47,1743,5,3600,1.02696500287
526750,526993,551289,243,24296,15,36000,1.01000164636
526801,527012,528677,211,1665,5,3600,1.12672672673
527016,527033,528853,17,1820,5,3600,1.00934065934
527037,527088,529144,51,2056,5,3600,1.02480544747
527088,527104,528834,16,1730,5,3600,1.00924855491
527109,527167,529010,58,1843,5,3600,1.03147042865
527171,527194,528962,23,1768,5,3600,1.01300904977
527192,527200,528902,8,1702,5,3600,1.00470035253
527202,527271,528905,69,1634,5,3600,1.04222766218
527274,527354,529100,80,1746,5,3600,1.04581901489
527356,527403,528954,47,1551,5,3600,1.0303030303
527407,527414,528886,7,1472,5,3600,1.00475543478
527418,527468,529302,50,1834,5,3600,1.02726281352
527469,527476,529236,7,1760,5,3600,1.00397727273
527480,527502,529106,22,1604,5,3600,1.01371571072
527511,527517,529298,6,1781,5,3600,1.00336889388
527522,527592,529321,70,1729,5,3600,1.04048582996
527594,527622,529420,28,1798,5,3600,1.01557285873
527625,527643,529399,18,1756,5,3600,1.01025056948
527646,527710,529675,64,1965,5,3600,1.03256997455
527708,527740,529372,32,1632,5,3600,1.01960784314
527739,527865,529595,126,1730,5,3600,1.07283236994
527861,527876,529424,15,1548,5,3600,1.00968992248
527872,527914,529458,42,1544,5,3600,1.02720207254
527913,527929,529619,16,1690,5,3600,1.00946745562
527934,527979,529547,45,1568,5,3600,1.02869897959
527985,527992,529747,7,1755,5,3600,1.00398860399
528006,528012,529821,6,1809,5,3600,1.00331674959
528027,528033,529518,6,1485,5,3600,1.00404040404
528048,528054,529746,6,1692,5,3600,1.00354609929
528058,528065,529580,7,1515,5,3600,1.00462046205
528069,528075,529632,6,1557,5,3600,1.00385356455
528080,528086,529831,6,1745,5,3600,1.00343839542
528090,528096,529850,6,1754,5,3600,1.00342075257
528101,528136,529841,35,1705,5,3600,1.02052785924
528132,528162,529565,30,1403,5,3600,1.02138275125
528163,528174,530043,11,1869,5,3600,1.00588550027
528174,528196,529793,22,1597,5,3600,1.01377582968
528194,528217,530095,23,1878,5,3600,1.01224707135
528236,528242,530097,6,1855,5,3600,1.00323450135
528246,528252,529775,6,1523,5,3600,1.00393959291
528257,528263,529814,6,1551,5,3600,1.00386847195
528267,528274,530191,7,1917,5,3600,1.00365153886
528278,528284,530119,6,1835,5,3600,1.00326975477
528289,528335,530132,46,1797,5,3600,1.02559821925
528340,528346,530116,6,1770,5,3600,1.00338983051
528361,528367,530318,6,1951,5,3600,1.00307534598
528382,528388,529961,6,1573,5,3600,1.00381436745
528392,528398,529895,6,1497,5,3600,1.00400801603
528403,528443,530173,40,1730,5,3600,1.02312138728
528444,528456,530034,12,1578,5,3600,1.00760456274
528455,528472,530299,17,1827,5,3600,1.00930487137
528486,528492,530209,6,1717,5,3600,1.00349446709
528496,528551,530307,55,1756,5,3600,1.03132118451
528548,528688,530420,140,1732,5,3600,1.08083140878
528691,528845,530590,154,1745,5,3600,1.088252149
528844,528865,530426,21,1561,5,3600,1.0134529148
528865,528897,530699,32,1802,5,3600,1.01775804661
528896,528914,530889,18,1975,5,3600,1.00911392405
528917,528923,530628,6,1705,5,3600,1.00351906158
528927,528965,530520,38,1555,5,3600,1.02443729904
528969,528975,530749,6,1774,5,3600,1.00338218715
528979,529022,530990,43,1968,5,3600,1.0218495935
529020,529112,530930,92,1818,5,3600,1.05060506051
529113,529119,530921,6,1802,5,3600,1.00332963374
529124,529155,530681,31,1526,5,3600,1.02031454784
529155,529247,531050,92,1803,5,3600,1.05102606767
529247,529309,531063,62,1754,5,3600,1.03534777651
529308,529315,530980,7,1665,5,3600,1.0042042042
529319,529332,531147,13,1815,5,3600,1.00716253444
529330,529383,531324,53,1941,5,3600,1.02730551262
529381,529410,531158,29,1748,5,3600,1.01659038902
529414,529431,531172,17,1741,5,3600,1.00976450316
529435,529441,531398,6,1957,5,3600,1.00306591722
529445,529469,531154,24,1685,5,3600,1.01424332344
529466,529533,531213,67,1680,5,3600,1.03988095238
529538,529558,531341,20,1783,5,3600,1.01121704992
529559,529576,531549,17,1973,5,3600,1.00861632032
529579,529591,531442,12,1851,5,3600,1.00648298217
529590,529607,531337,17,1730,5,3600,1.0098265896
529611,529630,531434,19,1804,5,3600,1.01053215078
529631,529643,531342,12,1699,5,3600,1.00706297822
529642,529686,531415,44,1729,5,3600,1.02544823597
529683,529758,531289,75,1531,5,3600,1.04898758981
529755,529764,531489,9,1725,5,3600,1.0052173913
529766,529787,531581,21,1794,5,3600,1.01170568562
529786,529804,531355,18,1551,5,3600,1.01160541586
529807,529825,531574,18,1749,5,3600,1.0102915952
529828,529834,531590,6,1756,5,3600,1.00341685649
529839,529845,531590,6,1745,5,3600,1.00343839542
529849,529856,531602,7,1746,5,3600,1.0040091638
529860,529866,531626,6,1760,5,3600,1.00340909091
529871,529906,531659,35,1753,5,3600,1.01996577296
529902,529972,531679,70,1707,5,3600,1.0410076157
529973,530045,531807,72,1762,5,3600,1.04086265607
530055,530061,531747,6,1686,5,3600,1.00355871886
530066,530107,531936,41,1829,5,3600,1.0224166211
530107,530113,532161,6,2048,5,3600,1.0029296875
530129,530136,531863,7,1727,5,3600,1.00405327157
530140,530146,532000,6,1854,5,3600,1.00323624595
530151,530157,531932,6,1775,5,3600,1.00338028169
530161,530185,531887,24,1702,5,3600,1.01410105758
530182,530203,531852,21,1649,5,3600,1.0127349909
530204,530220,531935,16,1715,5,3600,1.00932944606
530225,530311,531868,86,1557,5,3600,1.05523442518
530307,530319,531770,12,1451,5,3600,1.00827015851
530318,530329,532138,11,1809,5,3600,1.00608070757
530328,530431,532204,103,1773,5,3600,1.05809362662
530441,530447,532062,6,1615,5,3600,1.00371517028
530452,530531,532314,79,1783,5,3600,1.04430734717
530534,530601,532350,67,1749,5,3600,1.03830760435
530606,530639,532433,33,1794,5,3600,1.01839464883
530637,530692,532427,55,1735,5,3600,1.03170028818
530688,530710,532682,22,1972,5,3600,1.01115618661
530709,530760,532402,51,1642,5,3600,1.03105968331
530760,530900,532677,140,1777,5,3600,1.0787844682
530904,530932,532484,28,1552,5,3600,1.01804123711
530945,530951,532468,6,1517,5,3600,1.00395517469
530955,530991,532671,36,1680,5,3600,1.02142857143
530987,531002,532559,15,1557,5,3600,1.00963391137
530997,531061,532829,64,1768,5,3600,1.03619909502
531059,531074,532849,15,1775,5,3600,1.00845070423
531070,531158,532652,88,1494,5,3600,1.05890227577
531183,531189,532908,6,1719,5,3600,1.0034904014
531193,531203,532721,10,1518,5,3600,1.00658761528
531204,531210,532779,6,1569,5,3600,1.00382409178
531225,531231,532950,6,1719,5,3600,1.0034904014
531235,531303,533051,68,1748,5,3600,1.03890160183
531307,531335,533057,28,1722,5,3600,1.0162601626
531349,531354,532757,5,1403,5,3600,1.00356379187
531369,531375,533221,6,1846,5,3600,1.00325027086
531380,531386,532961,6,1575,5,3600,1.00380952381
531391,531397,533283,6,1886,5,3600,1.00318133616
531411,531418,533254,7,1836,5,3600,1.00381263617
531422,531428,533031,6,1603,5,3600,1.00374298191
531433,531445,532968,12,1523,5,3600,1.00787918582
531454,531460,533359,6,1899,5,3600,1.00315955766
531464,531500,533318,36,1818,5,3600,1.0198019802
531495,531560,533305,65,1745,5,3600,1.03724928367
531557,531586,533345,29,1759,5,3600,1.01648664014
531588,531594,533559,6,1965,5,3600,1.00305343511
531599,531605,533162,6,1557,5,3600,1.00385356455
531609,531615,533100,6,1485,5,3600,1.00404040404
531620,531626,533347,6,1721,5,3600,1.00348634515
531641,531652,533243,11,1591,5,3600,1.00691389063
531651,531658,533469,7,1811,5,3600,1.00386526781
531672,531678,533391,6,1713,5,3600,1.00350262697
531693,531699,533422,6,1723,5,3600,1.00348229832
531704,531758,533517,54,1759,5,3600,1.03069926094
531755,531782,533518,27,1736,5,3600,1.01555299539
531786,531818,533346,32,1528,5,3600,1.02094240838
531817,531864,533632,47,1768,5,3600,1.02658371041
531879,531885,533891,6,2006,5,3600,1.00299102692
531900,531907,533638,7,1731,5,3600,1.00404390526
531910,531916,533460,6,1544,5,3600,1.00388601036
531921,531943,533708,22,1765,5,3600,1.01246458924
531942,531949,533902,7,1953,5,3600,1.00358422939
531953,531959,533774,6,1815,5,3600,1.00330578512
531964,532011,533818,47,1807,5,3600,1.02600996126
532016,532073,533592,57,1519,5,3600,1.03752468729
532077,532150,533983,73,1833,5,3600,1.0398254228
532149,532172,533910,23,1738,5,3600,1.01323360184
532170,532216,533873,46,1657,5,3600,1.02776101388
532221,532325,534143,104,1818,5,3600,1.05720572057
532324,532361,534303,37,1942,5,3600,1.01905252317
532365,532413,534166,48,1753,5,3600,1.02738163149
532409,532439,534183,30,1744,5,3600,1.01720183486
532440,532446,534371,6,1925,5,3600,1.00311688312
532451,532479,534159,28,1680,5,3600,1.01666666667
532482,532495,534167,13,1672,5,3600,1.00777511962
532493,532571,534356,78,1785,5,3600,1.04369747899
532575,532664,534654,89,1990,5,3600,1.04472361809
532667,532682,534528,15,1846,5,3600,1.00812567714
532688,532694,534427,6,1733,5,3600,1.00346220427
532699,532705,534488,6,1783,5,3600,1.00336511497
532709,532732,534407,23,1675,5,3600,1.01373134328
532730,532768,534483,38,1715,5,3600,1.0221574344
532771,532790,534297,19,1507,5,3600,1.01260783013
532792,532840,534566,48,1726,5,3600,1.02780996524
532844,532861,534591,17,1730,5,3600,1.0098265896
532864,532919,534485,55,1566,5,3600,1.03512132822
532916,532961,534775,45,1814,5,3600,1.02480705623
532957,532972,534707,15,1735,5,3600,1.00864553314
532968,532980,534747,12,1767,5,3600,1.00679117148
532978,533042,534795,64,1753,5,3600,1.03650884199
533040,533062,534823,22,1761,5,3600,1.01249290176
533071,533077,534833,6,1756,5,3600,1.00341685649
533082,533111,534816,29,1705,5,3600,1.01700879765
533113,533173,534923,60,1750,5,3600,1.03428571429
533175,533232,534915,57,1683,5,3600,1.03386809269
533236,533255,535101,19,1846,5,3600,1.01029252438
533268,533274,535277,6,2003,5,3600,1.00299550674
533279,533294,535019,15,1725,5,3600,1.00869565217
533289,533317,535216,28,1899,5,3600,1.01474460242
533330,533337,535109,7,1772,5,3600,1.0039503386
533341,533356,535076,15,1720,5,3600,1.00872093023
533372,533377,535034,5,1657,5,3600,1.00301750151
533383,533389,535124,6,1735,5,3600,1.00345821326
533403,533410,534988,7,1578,5,3600,1.00443599493
533414,533420,534895,6,1475,5,3600,1.00406779661
533435,533441,535288,6,1847,5,3600,1.0032485111
533446,533471,535225,25,1754,5,3600,1.01425313569
533466,533480,535162,14,1682,5,3600,1.00832342449
533477,533528,535301,51,1773,5,3600,1.02876480541
533528,533534,535264,6,1730,5,3600,1.00346820809
533539,533570,535360,31,1790,5,3600,1.01731843575
533570,533603,535369,33,1766,5,3600,1.01868629672
533601,533644,535606,43,1962,5,3600,1.02191641182
533652,533658,535353,6,1695,5,3600,1.00353982301
533663,533719,535446,56,1727,5,3600,1.03242617255
533714,533785,535326,71,1541,5,3600,1.04607397794
533786,533829,535341,43,1512,5,3600,1.02843915344
533827,533884,535595,57,1711,5,3600,1.03331385155
533889,533903,535438,14,1535,5,3600,1.00912052117
533900,533913,535680,13,1767,5,3600,1.00735710243
533921,533927,535713,6,1786,5,3600,1.00335946249
533931,533994,535517,63,1523,5,3600,1.04136572554
533993,534154,535786,161,1632,5,3600,1.09865196078
534157,534170,535673,13,1503,5,3600,1.00864936793
534177,534184,535781,7,1597,5,3600,1.00438321853
534198,534204,535915,6,1711,5,3600,1.00350672122
534209,534215,535997,6,1782,5,3600,1.00336700337
534219,534308,536012,89,1704,5,3600,1.05223004695
534312,534318,535733,6,1415,5,3600,1.00424028269
534322,534368,536211,46,1843,5,3600,1.02495930548
534364,534383,535995,19,1612,5,3600,1.0117866005
534384,534418,536303,34,1885,5,3600,1.01803713528
534415,534438,536345,23,1907,5,3600,1.01206082853
534436,534494,536011,58,1517,5,3600,1.03823335531
534498,534504,536033,6,1529,5,3600,1.00392413342
534509,534515,536444,6,1929,5,3600,1.00311041991
534519,534539,536393,20,1854,5,3600,1.01078748652
534540,534578,536349,38,1771,5,3600,1.02145680407
534581,534602,536364,21,1762,5,3600,1.01191827469
534602,534666,536597,64,1931,5,3600,1.03314344899
534664,534719,536288,55,1569,5,3600,1.03505417463
534715,534758,536237,43,1479,5,3600,1.02907369844
534757,534786,536497,29,1711,5,3600,1.01694915254
534788,534807,536389,19,1582,5,3600,1.01201011378
534808,534828,536653,20,1825,5,3600,1.01095890411
534830,534836,536539,6,1703,5,3600,1.00352319436
534840,534848,536596,8,1748,5,3600,1.00457665904
534851,534906,536644,55,1738,5,3600,1.03164556962
534902,534926,536667,24,1741,5,3600,1.01378518093
534923,534934,536477,11,1543,5,3600,1.00712896954
534934,535000,536758,66,1758,5,3600,1.03754266212
534995,535030,536981,35,1951,5,3600,1.0179395182
535026,535045,536749,19,1704,5,3600,1.01115023474
535047,535087,536626,40,1539,5,3600,1.02599090318
535088,535112,536925,24,1813,5,3600,1.01323772752
535120,535126,537150,6,2024,5,3600,1.00296442688
535130,535136,536987,6,1851,5,3600,1.00324149109
535141,535173,536998,32,1825,5,3600,1.01753424658
535172,535228,536741,56,1513,5,3600,1.03701255783
535223,535236,537052,13,1816,5,3600,1.00715859031
535234,535276,537015,42,1739,5,3600,1.02415181139
535275,535288,536945,13,1657,5,3600,1.00784550392
535286,535299,537172,13,1873,5,3600,1.00694073679
535297,535313,537262,16,1949,5,3600,1.00820933812
535318,535338,537089,20,1751,5,3600,1.01142204455
535340,535352,537100,12,1748,5,3600,1.00686498856
535351,535364,537309,13,1945,5,3600,1.00668380463
535382,535388,537091,6,1703,5,3600,1.00352319436
535392,535398,537069,6,1671,5,3600,1.00359066427
535403,535449,537238,46,1789,5,3600,1.02571268865
535454,535460,537435,6,1975,5,3600,1.00303797468
535465,535528,537402,63,1874,5,3600,1.03361792956
535526,535607,537354,81,1747,5,3600,1.04636519748
535619,535625,537379,6,1754,5,3600,1.00342075257
535629,535684,537342,55,1658,5,3600,1.03317249698
535681,535692,537405,11,1713,5,3600,1.00642148278
535691,535724,537248,33,1524,5,3600,1.02165354331
535722,535744,537447,22,1703,5,3600,1.01291837933
535743,535792,537537,49,1745,5,3600,1.02808022923
535795,535801,537373,6,1572,5,3600,1.00381679389
535805,535927,537690,122,1763,5,3600,1.06920022689
535928,536006,537788,78,1782,5,3600,1.04377104377
536010,536016,537786,6,1770,5,3600,1.00338983051
536021,536027,537830,6,1803,5,3600,1.00332778702
536031,536037,537805,6,1768,5,3600,1.00339366516
536042,536048,537814,6,1766,5,3600,1.00339750849
536053,536222,537915,169,1693,5,3600,1.09982279976
536226,536248,538012,22,1764,5,3600,1.01247165533
536247,536299,537958,52,1659,5,3600,1.03134418324
536299,536314,538135,15,1821,5,3600,1.00823723229
536310,536356,538355,46,1999,5,3600,1.02301150575
536361,536367,538104,6,1737,5,3600,1.00345423143
536372,536378,538312,6,1934,5,3600,1.00310237849
536382,536400,538175,18,1775,5,3600,1.01014084507
536403,536409,538125,6,1716,5,3600,1.0034965035
536414,536455,538078,41,1623,5,3600,1.02526186075
536455,536488,538213,33,1725,5,3600,1.01913043478
536486,536508,538064,22,1556,5,3600,1.01413881748
536507,536551,538037,44,1486,5,3600,1.02960969044
536548,536607,538423,59,1816,5,3600,1.03248898678
536610,536616,538444,6,1828,5,3600,1.00328227571
536620,536637,538326,17,1689,5,3600,1.01006512729
536641,536655,538425,14,1770,5,3600,1.00790960452
536652,536664,538394,12,1730,5,3600,1.00693641618
536662,536678,538469,16,1791,5,3600,1.00893355667
536683,536752,538519,69,1767,5,3600,1.03904923599
536755,536761,538762,6,2001,5,3600,1.00299850075
536765,536772,538465,7,1693,5,3600,1.00413467218
536776,536937,538648,161,1711,5,3600,1.09409701929
536939,536956,538501,17,1545,5,3600,1.01100323625
536960,536992,538522,32,1530,5,3600,1.02091503268
537012,537018,538726,6,1708,5,3600,1.00351288056
537022,537028,538570,6,1542,5,3600,1.00389105058
537033,537039,538798,6,1759,5,3600,1.00341102899
537043,537063,538850,20,1787,5,3600,1.0111919418
537064,537080,538579,16,1499,5,3600,1.01067378252
537085,537100,538747,15,1647,5,3600,1.00910746812
537106,537112,538617,6,1505,5,3600,1.00398671096
537116,537123,538720,7,1597,5,3600,1.00438321853
537127,537162,538888,35,1726,5,3600,1.02027809965
537158,537184,538953,26,1769,5,3600,1.01469756925
537189,537249,538945,60,1696,5,3600,1.03537735849
537261,537267,538668,6,1401,5,3600,1.00428265525
537272,537278,539134,6,1856,5,3600,1.00323275862
537282,537320,538945,38,1625,5,3600,1.02338461538
537324,537353,539235,29,1882,5,3600,1.01540913921
537365,537372,539282,7,1910,5,3600,1.00366492147
537386,537392,538910,6,1518,5,3600,1.00395256917
537397,537403,538940,6,1537,5,3600,1.00390370852
537418,537424,539334,6,1910,5,3600,1.00314136126
537429,537435,539271,6,1836,5,3600,1.00326797386
537460,537466,539228,6,1762,5,3600,1.00340522134
537470,537476,539242,6,1766,5,3600,1.00339750849
537481,537548,539510,67,1962,5,3600,1.03414882773
537553,537701,539288,148,1587,5,3600,1.09325771897
537706,537797,539267,91,1470,5,3600,1.0619047619
537799,537805,539510,6,1705,5,3600,1.00351906158
537830,537836,539416,6,1580,5,3600,1.00379746835
537840,537846,539661,6,1815,5,3600,1.00330578512
537851,537857,539548,6,1691,5,3600,1.00354819633
537861,537926,539652,65,1726,5,3600,1.03765932793
537923,537969,539695,46,1726,5,3600,1.02665121669
537964,538023,539747,59,1724,5,3600,1.03422273782
538026,538048,539585,22,1537,5,3600,1.01431359792
538047,538075,539836,28,1761,5,3600,1.01590005679
538078,538089,540041,11,1952,5,3600,1.0056352459
538089,538115,539821,26,1706,5,3600,1.01524032825
538120,538136,539696,16,1560,5,3600,1.01025641026
538141,538146,539940,5,1794,5,3600,1.002787068
538151,538186,540155,35,1969,5,3600,1.01777552057
538182,538224,540071,42,1847,5,3600,1.02273957769
538224,538323,540121,99,1798,5,3600,1.05506117909
538337,538343,539861,6,1518,5,3600,1.00395256917
538344,538350,538390,6,40,1,1800,1.15
538348,538367,540199,19,1832,5,3600,1.01037117904
538368,538406,540149,38,1743,5,3600,1.02180149168
538410,538434,540098,24,1664,5,3600,1.01442307692
538431,538440,540254,9,1814,5,3600,1.00496141125
538442,538455,540412,13,1957,5,3600,1.00664282064
538452,538476,540211,24,1735,5,3600,1.01383285303
538475,538482,540208,7,1726,5,3600,1.00405561993
538486,538512,540463,26,1951,5,3600,1.01332649923
538517,538530,540242,13,1712,5,3600,1.00759345794
538537,538544,540207,7,1663,5,3600,1.00420926037
538548,538581,540388,33,1807,5,3600,1.01826231323
538589,538595,540579,6,1984,5,3600,1.00302419355
538600,538628,540471,28,1843,5,3600,1.01519262073
538631,538660,540389,29,1729,5,3600,1.01677270098
538640,538665,538777,25,112,1,1800,1.22321428571
538662,538680,540435,18,1755,5,3600,1.01025641026
538678,538686,538763,8,77,1,1800,1.1038961039
538683,538731,540392,48,1661,5,3600,1.02889825406
538734,538740,540455,6,1715,5,3600,1.00349854227
538746,538759,540288,13,1529,5,3600,1.00850228908
538756,538773,540494,17,1721,5,3600,1.00987797792
538777,538783,540511,6,1728,5,3600,1.00347222222
538788,538809,540381,21,1572,5,3600,1.01335877863
538809,538861,540631,52,1770,5,3600,1.02937853107
538860,538899,540656,39,1757,5,3600,1.02219692658
538901,538922,540688,21,1766,5,3600,1.01189127973
538922,538952,540692,30,1740,5,3600,1.01724137931
538963,538970,540755,7,1785,5,3600,1.00392156863
538974,538980,540738,6,1758,5,3600,1.00341296928
538985,538991,540682,6,1691,5,3600,1.00354819633
538995,539145,540896,150,1751,5,3600,1.08566533409
539087,539246,539356,159,110,1,1800,2.44545454545
539149,539239,540910,90,1671,5,3600,1.05385996409
539241,539252,541054,11,1802,5,3600,1.00610432852
539252,539258,541281,6,2023,5,3600,1.00296589224
539262,539279,541016,17,1737,5,3600,1.00978698906
539287,539293,539520,6,227,1,1800,1.02643171806
539293,539299,541213,6,1914,5,3600,1.00313479624
539304,539310,541092,6,1782,5,3600,1.00336700337
539314,539345,541067,31,1722,5,3600,1.01800232288
539345,539366,540998,21,1632,5,3600,1.01286764706
539366,539428,541141,62,1713,5,3600,1.03619381203
539428,539521,541079,93,1558,5,3600,1.05969191271
539520,539530,541024,10,1494,5,3600,1.00669344043
539532,539559,541370,27,1811,5,3600,1.01490889012
539563,539596,541371,33,1775,5,3600,1.0185915493
539594,539662,541362,68,1700,5,3600,1.04
539676,539682,541425,6,1743,5,3600,1.00344234079
539687,539707,541447,20,1740,5,3600,1.01149425287
539708,539714,541525,6,1811,5,3600,1.00331308669
539718,539758,541495,40,1737,5,3600,1.02302820956
539760,539833,541784,73,1951,5,3600,1.03741670938
539831,539848,541541,17,1693,5,3600,1.01004134672
539852,539872,541618,20,1746,5,3600,1.01145475372
539873,539951,541487,78,1536,5,3600,1.05078125
539955,540053,541576,98,1523,5,3600,1.06434668418
540023,540058,540616,35,558,1,1800,1.06272401434
540057,540083,541779,26,1696,5,3600,1.01533018868
540078,540109,541670,31,1561,5,3600,1.0198590647
540109,540133,541888,24,1755,5,3600,1.01367521368
540130,540161,541933,31,1772,5,3600,1.01749435666
540162,540168,541665,6,1497,5,3600,1.00400801603
540173,540210,541850,37,1640,5,3600,1.02256097561
540224,540230,541733,6,1503,5,3600,1.00399201597
540235,540241,541840,6,1599,5,3600,1.00375234522
540266,540272,542005,6,1733,5,3600,1.00346220427
540286,540293,542055,7,1762,5,3600,1.00397275823
540297,540303,542032,6,1729,5,3600,1.003470214
540308,540314,541724,6,1410,5,3600,1.00425531915
540318,540392,542266,74,1874,5,3600,1.03948772679
540401,540407,541994,6,1587,5,3600,1.00378071834
540411,540417,542295,6,1878,5,3600,1.00319488818
540422,540428,542354,6,1926,5,3600,1.0031152648
540432,540439,541986,7,1547,5,3600,1.00452488688
540443,540449,541979,6,1530,5,3600,1.00392156863
540454,540466,542391,12,1925,5,3600,1.00623376623
540485,540491,542320,6,1829,5,3600,1.00328048114
540506,540512,542280,6,1768,5,3600,1.00339366516
540526,540533,542321,7,1788,5,3600,1.00391498881
540537,540543,542471,6,1928,5,3600,1.0031120332
540548,540591,542154,43,1563,5,3600,1.02751119642
540589,540643,542118,54,1475,5,3600,1.03661016949
540615,540749,540751,134,2,16,18000,13.6
540640,540699,542415,59,1716,5,3600,1.03438228438
540702,540708,542291,6,1583,5,3600,1.00379027164
540713,540762,542567,49,1805,5,3600,1.0271468144
540764,540770,542469,6,1699,5,3600,1.00353148911
540775,540781,542535,6,1754,5,3600,1.00342075257
540785,540791,542538,6,1747,5,3600,1.00343445907
540796,540908,542650,112,1742,5,3600,1.06429391504
540807,540813,540844,6,31,1,1800,1.1935483871
540909,540921,542478,12,1557,5,3600,1.00770712909
540919,541009,542759,90,1750,5,3600,1.05142857143
541012,541027,542975,15,1948,5,3600,1.00770020534
541022,541035,542759,13,1724,5,3600,1.00754060325
541033,541065,542598,32,1533,5,3600,1.02087410307
541064,541078,542884,14,1806,5,3600,1.00775193798
541074,541090,543053,16,1963,5,3600,1.00815078961
541105,541111,542958,6,1847,5,3600,1.0032485111
541116,541153,542984,37,1831,5,3600,1.02020753687
541156,541382,541449,226,67,1,1800,4.37313432836
541157,541223,542777,66,1554,5,3600,1.04247104247
541219,541292,543106,73,1814,5,3600,1.04024255788
541291,541375,543140,84,1765,5,3600,1.04759206799
541383,541389,543056,6,1667,5,3600,1.00359928014
541393,541400,543227,7,1827,5,3600,1.00383141762
541404,541436,543383,32,1947,5,3600,1.01643554186
541435,541460,543209,25,1749,5,3600,1.01429388222
541441,541498,544238,57,2740,5,7200,1.02080291971
541441,541507,544324,66,2817,5,7200,1.02342917998
541442,541676,544554,234,2878,5,7200,1.08130646282
541442,541587,544454,145,2867,5,7200,1.05057551448
541442,541630,544610,188,2980,5,7200,1.06308724832
541442,541536,544240,94,2704,5,7200,1.03476331361
541442,541553,544236,111,2683,5,7200,1.04137159896
541443,541796,544469,353,2673,5,7200,1.13206135428
541443,541736,544261,293,2525,5,7200,1.11603960396
541443,541790,544545,347,2755,5,7200,1.12595281307
541443,541745,544635,302,2890,5,7200,1.1044982699
541443,541683,544353,240,2670,5,7200,1.08988764045
541444,541851,544584,407,2733,5,7200,1.14892060007
541444,541861,544597,417,2736,5,7200,1.1524122807
541444,541944,544660,500,2716,5,7200,1.18409425626
541444,541899,544674,455,2775,5,7200,1.16396396396
541445,542043,544843,598,2800,5,7200,1.21357142857
541445,542005,544757,560,2752,5,7200,1.20348837209
541445,542017,544773,572,2756,5,7200,1.20754716981
541445,541997,544685,552,2688,5,7200,1.20535714286
541445,541990,544621,545,2631,5,7200,1.20714557203
541446,542066,544822,620,2756,5,7200,1.22496371553
541446,542165,544897,719,2732,5,7200,1.26317715959
541446,542277,545123,831,2846,5,7200,1.29198875615
541446,542291,545214,845,2923,5,7200,1.28908655491
541446,542129,544686,683,2557,5,7200,1.26710989441
541447,542331,545037,884,2706,5,7200,1.32668144863
541447,542337,545098,890,2761,5,7200,1.32234697573
541447,542302,545119,855,2817,5,7200,1.303514377
541447,542308,545155,861,2847,5,7200,1.30242360379
541448,542480,544821,1032,2341,5,7200,1.44083724904
541448,542426,544881,978,2455,5,7200,1.3983706721
541448,542365,545057,917,2692,5,7200,1.34063893016
541448,542486,545372,1038,2886,5,7200,1.35966735967
541448,542402,545227,954,2825,5,7200,1.33769911504
541449,542546,545279,1097,2733,5,7200,1.40139041347
541449,542552,545333,1103,2781,5,7200,1.39661992089
541449,542609,545492,1160,2883,5,7200,1.40235865418
541449,542497,545255,1048,2758,5,7200,1.37998549674
541449,542578,545705,1129,3127,5,7200,1.36104892869
541450,542775,545285,1325,2510,5,7200,1.52788844622
541450,542661,545337,1211,2676,5,7200,1.45254110613
541450,542789,545494,1339,2705,5,7200,1.49500924214
541450,542770,545842,1320,3072,5,7200,1.4296875
541451,542895,545251,1444,2356,5,7200,1.61290322581
541451,543064,545911,1613,2847,5,7200,1.56656129259
541451,542969,545353,1518,2384,5,7200,1.63674496644
541451,542995,545441,1544,2446,5,7200,1.63123466885
541451,542986,545681,1535,2695,5,7200,1.56957328386
541452,543238,545835,1786,2597,5,7200,1.68771659607
541452,543221,545653,1769,2432,5,7200,1.72738486842
541452,543151,545708,1699,2557,5,7200,1.66445052796
541452,543118,545659,1666,2541,5,7200,1.65564738292
541452,543070,545803,1618,2733,5,7200,1.59202341749
541453,544272,547068,2819,2796,5,7200,2.0082260372
541453,544247,546807,2794,2560,5,7200,2.09140625
541453,544253,546907,2800,2654,5,7200,2.05501130369
541453,543394,546120,1941,2726,5,7200,1.71203228173
541453,544258,546441,2805,2183,5,7200,2.28492899679
541454,544336,546849,2882,2513,5,7200,2.14683645046
541454,544480,546922,3026,2442,5,7200,2.23914823915
541454,544466,547311,3012,2845,5,7200,2.05869947276
541454,544364,547310,2910,2946,5,7200,1.98778004073
541455,544608,547427,3153,2819,5,7200,2.11848173111
541455,544565,547365,3110,2800,5,7200,2.11071428571
541455,544596,547389,3141,2793,5,7200,2.1245972073
541455,544556,547167,3101,2611,5,7200,2.18766756032
541455,544621,547387,3166,2766,5,7200,2.1446131598
541456,544646,547327,3190,2681,5,7200,2.18985453189
541456,544632,547609,3176,2977,5,7200,2.06684581794
541456,544685,547438,3229,2753,5,7200,2.17290228841
541456,544671,547068,3215,2397,5,7200,2.34125990822
541456,544696,547211,3240,2515,5,7200,2.28827037773
541457,544833,547596,3376,2763,5,7200,2.22186029678
541457,544785,547587,3328,2802,5,7200,2.18772305496
541457,544838,547535,3381,2697,5,7200,2.25361512792
541457,544702,547514,3245,2812,5,7200,2.1539829303
541457,544767,547429,3310,2662,5,7200,2.24342599549
541458,544854,547357,3396,2503,5,7200,2.35677187375
541458,545048,547873,3590,2825,5,7200,2.27079646018
541458,544892,547620,3434,2728,5,7200,2.25879765396
541458,544909,547931,3451,3022,5,7200,2.14195896757
541458,545068,547374,3610,2306,5,7200,2.56548135299
541459,545225,547610,3766,2385,5,7200,2.57903563941
541459,545130,548181,3671,3051,5,7200,2.20321206162
541459,545109,547960,3650,2851,5,7200,2.28025254297
541459,545166,547962,3707,2796,5,7200,2.32582260372
541459,545136,547976,3677,2840,5,7200,2.29471830986
541460,545269,547895,3809,2626,5,7200,2.4504950495
541460,545238,547978,3778,2740,5,7200,2.37883211679
541460,545263,548010,3803,2747,5,7200,2.38441936658
541460,545291,548128,3831,2837,5,7200,2.35037010927
541461,545364,548054,3903,2690,5,7200,2.45092936803
541461,545383,548016,3922,2633,5,7200,2.48955563995
541461,545297,548167,3836,2870,5,7200,2.33658536585
541461,545345,548076,3884,2731,5,7200,2.42218967411
541461,545351,548104,3890,2753,5,7200,2.41300399564
541462,545670,548366,4208,2696,5,7200,2.56083086053
541462,545503,548241,4041,2738,5,7200,2.47589481373
541462,545509,548411,4047,2902,5,7200,2.39455547898
541462,545452,547848,3990,2396,5,7200,2.6652754591
541462,545664,548515,4202,2851,5,7200,2.47386881796
541463,545814,548369,4351,2555,5,7200,2.70293542074
541463,545716,548273,4253,2557,5,7200,2.66327727806
541463,545693,548307,4230,2614,5,7200,2.6182096404
541463,545722,548509,4259,2787,5,7200,2.52816648726
541464,545847,548555,4383,2708,5,7200,2.61853766617
541464,545853,548572,4389,2719,5,7200,2.61419639573
541464,546452,549205,4988,2753,5,7200,2.81184162732
541464,546131,548883,4667,2752,5,7200,2.69585755814
541464,545922,548419,4458,2497,5,7200,2.78534241089
541465,546819,549600,5354,2781,5,7200,2.92520676016
541465,546919,549695,5454,2776,5,7200,2.96469740634
541465,547079,549848,5614,2769,5,7200,3.02744673167
541465,546860,549629,5395,2769,5,7200,2.94835680751
541465,546933,550220,5468,3287,5,7200,2.66352296927
541466,547222,550027,5756,2805,5,7200,3.05204991087
541466,547322,550143,5856,2821,5,7200,3.07585962425
541466,547084,549920,5618,2836,5,7200,2.98095909732
541466,547328,550047,5862,2719,5,7200,3.15593968371
541466,547179,549568,5713,2389,5,7200,3.39137714525
541467,547398,550243,5931,2845,5,7200,3.08471001757
541467,547368,550120,5901,2752,5,7200,3.14425872093
541467,547386,550112,5919,2726,5,7200,3.17131327953
541467,547376,550088,5909,2712,5,7200,3.17883480826
541467,547339,550190,5872,2851,5,7200,3.05962820063
541468,547450,550275,5982,2825,5,7200,3.11752212389
541468,547444,550105,5976,2661,5,7200,3.24577226607
541468,547404,549820,5936,2416,5,7200,3.45695364238
541468,547438,549773,5970,2335,5,7200,3.55674518201
541469,547621,550024,6152,2403,5,7200,3.56013316687
541469,547525,549935,6056,2410,5,7200,3.51286307054
541469,547598,550376,6129,2778,5,7200,3.20626349892
541469,547607,550389,6138,2782,5,7200,3.2063263839
541469,547547,550369,6078,2822,5,7200,3.15379163714
541470,547626,550696,6156,3070,5,7200,3.00521172638
541470,547859,550387,6389,2528,5,7200,3.5272943038
541470,547632,550067,6162,2435,5,7200,3.53059548255
541470,547906,550172,6436,2266,5,7200,3.84024713151
541470,547884,550218,6414,2334,5,7200,3.74807197943
541471,547942,550692,6471,2750,5,7200,3.35309090909
541471,547972,550633,6501,2661,5,7200,3.44306651635
541471,547978,550739,6507,2761,5,7200,3.35675479899
541471,547987,550538,6516,2551,5,7200,3.55429243434
541472,548021,550555,6549,2534,5,7200,3.58445146014
541472,548066,550460,6594,2394,5,7200,3.75438596491
541472,548027,550447,6555,2420,5,7200,3.70867768595
541472,548116,550830,6644,2714,5,7200,3.44804716286
541472,547993,550456,6521,2463,5,7200,3.64758424685
541472,548088,550776,6616,2688,5,7200,3.46130952381
541473,548179,550460,6706,2281,5,7200,3.93993862341
541473,548193,551014,6720,2821,5,7200,3.38213399504
541473,548252,550634,6779,2382,5,7200,3.84592779177
541473,548139,550735,6666,2596,5,7200,3.56779661017
541474,548319,551178,6845,2859,5,7200,3.39419377405
541474,548383,550964,6909,2581,5,7200,3.67686943045
541474,548284,551306,6810,3022,5,7200,3.25347452019
541474,548422,551308,6948,2886,5,7200,3.40748440748
541474,548377,550766,6903,2389,5,7200,3.88949351193
541475,548566,551382,7091,2816,5,7200,3.51811079545
541475,548526,551143,7051,2617,5,7200,3.69430645778
541475,548430,551119,6955,2689,5,7200,3.58646336928
541475,548520,551340,7045,2820,5,7200,3.49822695035
541475,548583,551109,7108,2526,5,7200,3.81393507522
541476,548894,551310,7418,2416,5,7200,4.07036423841
541476,549611,552369,8135,2758,5,7200,3.94960116026
541476,549640,552307,8164,2667,5,7200,4.06111736033
541476,549579,552035,8103,2456,5,7200,4.29926710098
541476,549216,552004,7740,2788,5,7200,3.77618364419
541477,549784,552434,8307,2650,5,7200,4.13471698113
541477,549832,552522,8355,2690,5,7200,4.10594795539
541477,549705,552547,8228,2842,5,7200,3.8951442646
541477,549859,552190,8382,2331,5,7200,4.59588159588
541478,549946,552896,8468,2950,5,7200,3.87050847458
541478,549931,552478,8453,2547,5,7200,4.31880643895
541478,550041,552485,8563,2444,5,7200,4.50368248773
541478,550035,552476,8557,2441,5,7200,4.50553052028
541479,550058,552776,8579,2718,5,7200,4.15636497425
541479,550100,552985,8621,2885,5,7200,3.98821490468
541479,550078,553149,8599,3071,5,7200,3.80006512537
541480,550116,553037,8636,2921,5,7200,3.95652173913
541480,550123,552539,8643,2416,5,7200,4.57740066225
541481,550131,552940,8650,2809,5,7200,4.07938768245
541481,550183,552758,8702,2575,5,7200,4.37941747573
541481,550154,552748,8673,2594,5,7200,4.3434849653
541482,550287,552959,8805,2672,5,7200,4.29528443114
541482,550202,552966,8720,2764,5,7200,4.15484804631
541482,550230,552835,8748,2605,5,7200,4.35815738964
541482,550254,552871,8772,2617,5,7200,4.35192969049
541482,550236,552938,8754,2702,5,7200,4.23982235381
541483,550380,552840,8897,2460,5,7200,4.61666666667
541483,550398,552908,8915,2510,5,7200,4.55179282869
541483,550404,552753,8921,2349,5,7200,4.79778629204
541483,550387,552994,8904,2607,5,7200,4.41542002301
541484,550549,552915,9065,2366,5,7200,4.83136094675
541484,550473,553067,8989,2594,5,7200,4.46530454896
541484,550478,552835,8994,2357,5,7200,4.81586762834
541484,550458,552822,8974,2364,5,7200,4.79610829103
541484,550467,552757,8983,2290,5,7200,4.92270742358
541485,550650,553061,9165,2411,5,7200,4.8013272501
541485,550703,553038,9218,2335,5,7200,4.947751606
541485,550644,552977,9159,2333,5,7200,4.92584654951
541485,550566,552775,9081,2209,5,7200,5.11090991399
541486,550841,553500,9355,2659,5,7200,4.51823993983
541486,550709,553036,9223,2327,5,7200,4.96347228191
541486,550752,553126,9266,2374,5,7200,4.90311710194
541486,550746,552965,9260,2219,5,7200,5.17305092384
541486,550787,553088,9301,2301,5,7200,5.04215558453
541486,550777,553074,9291,2297,5,7200,5.04484109708
541487,550976,553342,9489,2366,5,7200,5.01056635672
541487,551025,553415,9538,2390,5,7200,4.99079497908
541487,551121,553441,9634,2320,5,7200,5.1525862069
541487,551130,553547,9643,2417,5,7200,4.98965659909
541488,551189,553534,9701,2345,5,7200,5.1368869936
541488,551305,553597,9817,2292,5,7200,5.28315881326
541488,551310,553629,9822,2319,5,7200,5.23544631307
541488,551300,553934,9812,2634,5,7200,4.72513287775
541488,551154,553759,9666,2605,5,7200,4.71055662188
541489,551352,554081,9863,2729,5,7200,4.61414437523
541489,551318,553659,9829,2341,5,7200,5.19863306279
541489,551329,553703,9840,2374,5,7200,5.1449031171
541489,551324,554068,9835,2744,5,7200,4.58418367347
541490,552015,554809,10525,2794,5,7200,4.76700071582
541490,551393,553599,9903,2206,5,7200,5.48912058024
541490,552201,555002,10711,2801,5,7200,4.82399143163
541490,552318,555077,10828,2759,5,7200,4.92461036607
541490,552046,554333,10556,2287,5,7200,5.6156536948
541491,552499,554738,11008,2239,5,7200,5.91648057168
541491,552380,554979,10889,2599,5,7200,5.18968834167
541491,552487,555303,10996,2816,5,7200,4.90482954545
541491,552493,554868,11002,2375,5,7200,5.63242105263
541491,552445,554829,10954,2384,5,7200,5.59479865772
541492,552759,555146,11267,2387,5,7200,5.72015081693
541492,552534,554901,11042,2367,5,7200,5.66497676384
541492,552550,554901,11058,2351,5,7200,5.70353041259
541492,552559,555156,11067,2597,5,7200,5.26145552561
541493,552786,555156,11293,2370,5,7200,5.76497890295
541493,552765,555139,11272,2374,5,7200,5.74810446504
541493,552776,555109,11283,2333,5,7200,5.83626232319
541493,552771,555298,11278,2527,5,7200,5.46299960427
541493,552792,555153,11299,2361,5,7200,5.78568403219
541494,552851,555145,11357,2294,5,7200,5.95074106364
541494,552857,555101,11363,2244,5,7200,6.0637254902
541494,552846,555142,11352,2296,5,7200,5.94425087108
541494,552833,555192,11339,2359,5,7200,5.80669775329
541494,552926,555266,11432,2340,5,7200,5.88547008547
541495,552882,555429,11387,2547,5,7200,5.47074990185
541495,552919,555246,11424,2327,5,7200,5.90932531156
541495,552977,555284,11482,2307,5,7200,5.97702644127
541495,552908,555268,11413,2360,5,7200,5.83601694915
541495,552949,555486,11454,2537,5,7200,5.51478123768
541496,552970,555303,11474,2333,5,7200,5.91813116159
541496,552983,555433,11487,2450,5,7200,5.68857142857
541496,552955,555249,11459,2294,5,7200,5.9952048823
541496,552996,555358,11500,2362,5,7200,5.86875529213
541496,552989,555338,11493,2349,5,7200,5.89272030651
541497,553099,555472,11602,2373,5,7200,5.88916982722
541497,553005,555557,11508,2552,5,7200,5.50940438871
541497,553047,555385,11550,2338,5,7200,5.94011976048
541497,553053,555313,11556,2260,5,7200,6.11327433628
541498,553086,555396,11588,2310,5,7200,6.01645021645
541498,553078,555495,11580,2417,5,7200,5.79106330161
541498,553137,555394,11639,2257,5,7200,6.15684536996
541498,553058,555460,11560,2402,5,7200,5.8126561199
541498,553072,555440,11574,2368,5,7200,5.88766891892
541498,553161,555811,11663,2650,5,7200,5.40113207547
541499,553511,555911,12012,2400,5,7200,6.005
541499,553426,555822,11927,2396,5,7200,5.97787979967
541499,554093,556413,12594,2320,5,7200,6.42844827586
541499,553453,555763,11954,2310,5,7200,6.17489177489
541499,553353,555715,11854,2362,5,7200,6.01862828112
541500,553614,556020,12114,2406,5,7200,6.0349127182
541500,553545,556187,12045,2642,5,7200,5.55904617714
541500,553608,556194,12108,2586,5,7200,5.68213457077
541500,553559,556362,12059,2803,5,7200,5.30217623974
541500,554344,556816,12844,2472,5,7200,6.19579288026
541501,553715,555974,12214,2259,5,7200,6.40681717574
541501,553640,555996,12139,2356,5,7200,6.15237691002
541501,553670,556212,12169,2542,5,7200,5.7871754524
541501,553771,556319,12270,2548,5,7200,5.81554160126
541501,553945,556424,12444,2479,5,7200,6.01976603469
541502,554080,556521,12578,2441,5,7200,6.15280622696
542162,542171,542303,9,132,1,1800,1.06818181818
542357,542491,542540,134,49,1,1800,3.73469387755
542862,542868,542938,6,70,1,1800,1.08571428571
543817,543823,544089,6,266,1,1800,1.02255639098
554349,554749,556670,400,1921,5,3600,1.20822488287
554747,554820,556900,73,2080,5,3600,1.03509615385
554819,554840,556779,21,1939,5,3600,1.01083032491
554840,554879,556778,39,1899,5,3600,1.0205371248
554881,554911,556830,30,1919,5,3600,1.01563314226
554912,554918,556857,6,1939,5,3600,1.00309437855
554923,554990,556976,67,1986,5,3600,1.03373615307
554994,555013,556936,19,1923,5,3600,1.00988039522
555015,555088,557029,73,1941,5,3600,1.03760947965
555087,555112,557040,25,1928,5,3600,1.01296680498
555108,555121,557100,13,1979,5,3600,1.00656897423
555118,555151,557061,33,1910,5,3600,1.01727748691
555170,555176,557069,6,1893,5,3600,1.00316957211
555180,555187,557148,7,1961,5,3600,1.00356960734
555191,555197,557217,6,2020,5,3600,1.00297029703
555202,555208,556963,6,1755,5,3600,1.00341880342
555212,555218,557220,6,2002,5,3600,1.002997003
555223,555229,557101,6,1872,5,3600,1.00320512821
555233,555240,557199,7,1959,5,3600,1.00357325166
555244,555257,557208,13,1951,5,3600,1.00666324962
555255,555263,557284,8,2021,5,3600,1.00395843642
555266,555277,557240,11,1963,5,3600,1.00560366786
555276,555283,557211,7,1928,5,3600,1.00363070539
555297,555303,557312,6,2009,5,3600,1.00298656048
555328,555334,557289,6,1955,5,3600,1.00306905371
555349,555355,557322,6,1967,5,3600,1.00305033045
555370,555376,557329,6,1953,5,3600,1.00307219662
555380,555387,557316,7,1929,5,3600,1.00362882322
555391,555397,557189,6,1792,5,3600,1.00334821429
555402,555407,557292,5,1885,5,3600,1.00265251989
555412,555418,557321,6,1903,5,3600,1.00315291645
555423,555429,557210,6,1781,5,3600,1.00336889388
555454,555460,557383,6,1923,5,3600,1.0031201248
555485,555491,557456,6,1965,5,3600,1.00305343511
555506,555512,557400,6,1888,5,3600,1.0031779661
555516,555522,557464,6,1942,5,3600,1.00308959835
555527,555533,557509,6,1976,5,3600,1.00303643725
555537,555544,557601,7,2057,5,3600,1.0034030141
555548,555554,557503,6,1949,5,3600,1.0030785018
555569,555575,557629,6,2054,5,3600,1.0029211295
555580,555586,557447,6,1861,5,3600,1.00322407308
555590,555727,557762,137,2035,5,3600,1.06732186732
555723,555774,557736,51,1962,5,3600,1.02599388379
555775,555822,557670,47,1848,5,3600,1.02543290043
555836,555842,557758,6,1916,5,3600,1.00313152401
555847,555922,557848,75,1926,5,3600,1.03894080997
555918,555985,557879,67,1894,5,3600,1.035374868
555990,556007,557924,17,1917,5,3600,1.00886802295
556011,556031,558055,20,2024,5,3600,1.00988142292
556032,556198,558232,166,2034,5,3600,1.08161258604
556206,556212,558243,6,2031,5,3600,1.00295420975
556227,556233,558089,6,1856,5,3600,1.00323275862
556238,556330,558225,92,1895,5,3600,1.04854881266
556330,556373,558332,43,1959,5,3600,1.02194997448
556371,556425,558344,54,1919,5,3600,1.02813965607
556422,556435,558508,13,2073,5,3600,1.00627110468
556433,556532,558557,99,2025,5,3600,1.04888888889
556535,556682,558700,147,2018,5,3600,1.0728444004
556678,556789,558799,111,2010,5,3600,1.0552238806
556791,556797,558643,6,1846,5,3600,1.00325027086
556802,556827,558814,25,1987,5,3600,1.01258178158
556823,556842,558758,19,1916,5,3600,1.00991649269
556843,556868,558908,25,2040,5,3600,1.01225490196
556864,556911,558929,47,2018,5,3600,1.02329038652
556916,556947,558927,31,1980,5,3600,1.01565656566
556947,556974,558959,27,1985,5,3600,1.01360201511
556988,556994,558997,6,2003,5,3600,1.00299550674
556998,557040,558910,42,1870,5,3600,1.02245989305
557040,557052,559093,12,2041,5,3600,1.00587947085
557050,557072,559101,22,2029,5,3600,1.01084277969
557081,557087,558974,6,1887,5,3600,1.00317965024
557092,557111,559024,19,1913,5,3600,1.00993204391
557113,557119,559103,6,1984,5,3600,1.00302419355
557123,557160,559177,37,2017,5,3600,1.01834407536
557164,557200,559176,36,1976,5,3600,1.01821862348
557196,557211,559233,15,2022,5,3600,1.00741839763
557216,557222,559211,6,1989,5,3600,1.00301659125
557227,557233,559160,6,1927,5,3600,1.00311364816
557238,557244,559085,6,1841,5,3600,1.00325909832
557248,557254,559262,6,2008,5,3600,1.00298804781
557259,557265,559251,6,1986,5,3600,1.00302114804
557269,557275,559196,6,1921,5,3600,1.00312337324
557280,557295,559259,15,1964,5,3600,1.00763747454
557301,557307,559347,6,2040,5,3600,1.00294117647
557311,557317,559275,6,1958,5,3600,1.00306435138
557342,557348,559229,6,1881,5,3600,1.00318979266
557353,557359,559294,6,1935,5,3600,1.00310077519
557363,557370,559347,7,1977,5,3600,1.00354071826
557374,557380,559311,6,1931,5,3600,1.00310719834
557395,557401,559348,6,1947,5,3600,1.0030816641
557416,557422,559177,6,1755,5,3600,1.00341880342
557426,557432,559397,6,1965,5,3600,1.00305343511
557437,557458,559434,21,1976,5,3600,1.01062753036
557478,557484,559382,6,1898,5,3600,1.00316122234
557489,557495,559420,6,1925,5,3600,1.00311688312
557499,557514,559515,15,2001,5,3600,1.00749625187
557520,557526,559467,6,1941,5,3600,1.00309119011
557531,557613,559607,82,1994,5,3600,1.04112337011
557613,557640,559589,27,1949,5,3600,1.01385325808
557644,557681,559750,37,2069,5,3600,1.01788303528
557685,557747,559809,62,2062,5,3600,1.03006789525
557746,557769,559727,23,1958,5,3600,1.01174668029
557778,557784,559630,6,1846,5,3600,1.00325027086
557788,557859,559848,71,1989,5,3600,1.03569632981
557860,557890,559746,30,1856,5,3600,1.0161637931
557891,557935,559948,44,2013,5,3600,1.0218579235
557932,558066,559971,134,1905,5,3600,1.07034120735
558065,558100,559786,35,1686,5,3600,1.02075919336
558097,558237,560104,140,1867,5,3600,1.07498660953
558240,558246,560075,6,1829,5,3600,1.00328048114
558250,558256,560241,6,1985,5,3600,1.00302267003
558261,558344,560187,83,1843,5,3600,1.04503526858
558343,558355,560260,12,1905,5,3600,1.0062992126
558353,558519,560398,166,1879,5,3600,1.08834486429
558517,558568,560553,51,1985,5,3600,1.02569269521
558568,558654,560535,86,1881,5,3600,1.04572036151
558650,558711,560648,61,1937,5,3600,1.03149199793
558712,558769,560732,57,1963,5,3600,1.02903718798
558774,558810,560822,36,2012,5,3600,1.01789264414
558825,558831,560736,6,1905,5,3600,1.0031496063
558836,558919,560949,83,2030,5,3600,1.04088669951
558918,558925,560887,7,1962,5,3600,1.00356778797
558939,558945,560896,6,1951,5,3600,1.00307534598
558950,558956,560872,6,1916,5,3600,1.00313152401
558971,558977,560923,6,1946,5,3600,1.00308324769
558981,558988,560887,7,1899,5,3600,1.00368615061
558992,559008,560914,16,1906,5,3600,1.00839454355
559005,559036,560901,31,1865,5,3600,1.01662198391
559036,559096,561006,60,1910,5,3600,1.03141361257
559118,559124,560978,6,1854,5,3600,1.00323624595
559128,559135,561151,7,2016,5,3600,1.00347222222
559139,559145,561213,6,2068,5,3600,1.00290135397
559150,559171,561121,21,1950,5,3600,1.01076923077
559170,559187,561147,17,1960,5,3600,1.00867346939
559191,559197,560994,6,1797,5,3600,1.00333889816
559202,559208,560954,6,1746,5,3600,1.00343642612
559223,559229,561214,6,1985,5,3600,1.00302267003
559243,559250,561235,7,1985,5,3600,1.00352644836
559274,559281,561266,7,1985,5,3600,1.00352644836
559285,559291,561144,6,1853,5,3600,1.00323799244
559306,559312,561203,6,1891,5,3600,1.00317292438
559327,559333,561253,6,1920,5,3600,1.003125
559337,559343,561265,6,1922,5,3600,1.00312174818
559358,559364,561239,6,1875,5,3600,1.0032
559369,559375,561409,6,2034,5,3600,1.00294985251
559379,559385,561420,6,2035,5,3600,1.00294840295
559390,559396,561430,6,2034,5,3600,1.00294985251
559410,559417,561389,7,1972,5,3600,1.00354969574
559431,559437,561358,6,1921,5,3600,1.00312337324
559442,559448,561343,6,1895,5,3600,1.00316622691
559452,559459,561385,7,1926,5,3600,1.0036344756
559463,559469,561335,6,1866,5,3600,1.00321543408
559474,559479,561390,5,1911,5,3600,1.00261643119
559484,559490,561357,6,1867,5,3600,1.00321371184
559495,559527,561491,32,1964,5,3600,1.01629327902
559526,559601,561576,75,1975,5,3600,1.03797468354
559598,559618,561399,20,1781,5,3600,1.01122964627
559619,559642,561703,23,2061,5,3600,1.01115963125
559639,559738,561681,99,1943,5,3600,1.05095213587
559742,559757,561631,15,1874,5,3600,1.00800426894
559763,559769,561724,6,1955,5,3600,1.00306905371
559773,559797,561755,24,1958,5,3600,1.01225740552
559794,559821,561681,27,1860,5,3600,1.01451612903
559825,559859,561776,34,1917,5,3600,1.01773604591
559856,559959,561793,103,1834,5,3600,1.05616139586
559958,559982,561885,24,1903,5,3600,1.01261166579
559979,560086,562071,107,1985,5,3600,1.05390428212
560081,560115,562087,34,1972,5,3600,1.01724137931
560112,560198,562168,86,1970,5,3600,1.04365482234
560194,560252,562239,58,1987,5,3600,1.02918973327
560256,560272,562166,16,1894,5,3600,1.00844772967
560277,560409,562410,132,2001,5,3600,1.06596701649
560410,560547,562441,137,1894,5,3600,1.07233368532
560543,560565,562493,22,1928,5,3600,1.01141078838
560563,560659,562534,96,1875,5,3600,1.0512
560656,560743,562657,87,1914,5,3600,1.04545454545
560748,560754,562765,6,2011,5,3600,1.00298359025
560759,560833,562827,74,1994,5,3600,1.037111334
560830,560883,562880,53,1997,5,3600,1.02653980971
560882,560898,562714,16,1816,5,3600,1.00881057269
560913,560919,562881,6,1962,5,3600,1.00305810398
560924,560930,562935,6,2005,5,3600,1.0029925187
560934,560940,562873,6,1933,5,3600,1.00310398345
560945,560951,562825,6,1874,5,3600,1.00320170758
560965,560972,563005,7,2033,5,3600,1.00344318741
560976,560982,562857,6,1875,5,3600,1.0032
560987,560993,562887,6,1894,5,3600,1.00316789863
561018,561024,563034,6,2010,5,3600,1.00298507463
561028,561034,562947,6,1913,5,3600,1.00313643492
561039,561045,562949,6,1904,5,3600,1.0031512605
561049,561132,562988,83,1856,5,3600,1.04471982759
561131,561155,563096,24,1941,5,3600,1.01236476043
561162,561169,563068,7,1899,5,3600,1.00368615061
561173,561179,563075,6,1896,5,3600,1.00316455696
561184,561214,563073,30,1859,5,3600,1.01613770845
561225,561231,563169,6,1938,5,3600,1.00309597523
561246,561252,563187,6,1935,5,3600,1.00310077519
561277,561283,563363,6,2080,5,3600,1.00288461538
561287,561293,563228,6,1935,5,3600,1.00310077519
561298,561304,563217,6,1913,5,3600,1.00313643492
561308,561315,563158,7,1843,5,3600,1.00379815518
561319,561325,563308,6,1983,5,3600,1.00302571861
561330,561346,563422,16,2076,5,3600,1.00770712909
561351,561357,563237,6,1880,5,3600,1.00319148936
561371,561378,563302,7,1924,5,3600,1.00363825364
561382,561388,563369,6,1981,5,3600,1.00302877335
561444,561450,563513,6,2063,5,3600,1.00290838585
561455,561461,563377,6,1916,5,3600,1.00313152401
561465,561471,563277,6,1806,5,3600,1.00332225914
561476,561482,563493,6,2011,5,3600,1.00298359025
561486,561493,563476,7,1983,5,3600,1.00353000504
561497,561503,563499,6,1996,5,3600,1.00300601202
561508,561514,563459,6,1945,5,3600,1.0030848329
561518,561525,563467,7,1942,5,3600,1.00360453141
561529,561587,563581,58,1994,5,3600,1.02908726179
561591,561642,563685,51,2043,5,3600,1.02496328928
561642,561692,563561,50,1869,5,3600,1.02675227394
561693,561699,563655,6,1956,5,3600,1.00306748466
561714,561720,563611,6,1891,5,3600,1.00317292438
561735,561741,563764,6,2023,5,3600,1.00296589224
561746,561766,563774,20,2008,5,3600,1.00996015936
561766,561788,563779,22,1991,5,3600,1.01104972376
561787,561804,563688,17,1884,5,3600,1.00902335456
561808,561896,563882,88,1986,5,3600,1.0443101712
561900,562082,563969,182,1887,5,3600,1.09644939057
562084,562098,564116,14,2018,5,3600,1.00693756194
562095,562177,564066,82,1889,5,3600,1.04340921122
562177,562183,564141,6,1958,5,3600,1.00306435138
562187,562250,564285,63,2035,5,3600,1.03095823096
562249,562421,564352,172,1931,5,3600,1.08907301916
562422,562452,564412,30,1960,5,3600,1.01530612245
562453,562504,564554,51,2050,5,3600,1.02487804878
562505,562545,564326,40,1781,5,3600,1.02245929253
562546,562668,564700,122,2032,5,3600,1.06003937008
562670,562725,564749,55,2024,5,3600,1.02717391304
562721,562776,564728,55,1952,5,3600,1.02817622951
562773,562837,564716,64,1879,5,3600,1.03406067057
562834,562843,564878,9,2035,5,3600,1.00442260442
562845,562869,564884,24,2015,5,3600,1.01191066998
562866,562884,564746,18,1862,5,3600,1.0096670247
562887,562892,564830,5,1938,5,3600,1.00257997936
562897,562903,564905,6,2002,5,3600,1.002997003
562908,562914,564702,6,1788,5,3600,1.0033557047
562918,562946,564743,28,1797,5,3600,1.01558152476
562960,562966,564936,6,1970,5,3600,1.00304568528
562970,562976,564948,6,1972,5,3600,1.00304259635
562981,562999,564973,18,1974,5,3600,1.00911854103
563002,563016,565258,14,2242,5,3600,1.00624442462
563012,563045,565022,33,1977,5,3600,1.01669195751
563043,563080,565137,37,2057,5,3600,1.01798736023
563084,563091,565160,7,2069,5,3600,1.00338327695
563095,563101,565076,6,1975,5,3600,1.00303797468
563106,563112,564969,6,1857,5,3600,1.00323101777
563116,563169,565182,53,2013,5,3600,1.02632886239
563180,563186,565152,6,1966,5,3600,1.00305188199
563201,563207,565118,6,1911,5,3600,1.00313971743
563212,563228,565262,16,2034,5,3600,1.00786627335
563243,563248,565253,5,2005,5,3600,1.00249376559
563253,563260,565232,7,1972,5,3600,1.00354969574
563264,563288,565207,24,1919,5,3600,1.01250651381
563285,563313,565260,28,1947,5,3600,1.01438109913
563316,563322,565294,6,1972,5,3600,1.00304259635
563326,563375,565408,49,2033,5,3600,1.02410231185
563388,563394,565434,6,2040,5,3600,1.00294117647
563399,563405,565436,6,2031,5,3600,1.00295420975
563409,563433,565301,24,1868,5,3600,1.01284796574
563430,563470,565348,40,1878,5,3600,1.02129925453
563481,563487,565480,6,1993,5,3600,1.00301053688
563492,563498,565496,6,1998,5,3600,1.003003003
563513,563519,565479,6,1960,5,3600,1.00306122449
563523,563529,565430,6,1901,5,3600,1.00315623356
563534,563540,565454,6,1914,5,3600,1.00313479624
563545,563572,565577,27,2005,5,3600,1.01346633416
563576,563592,565510,16,1918,5,3600,1.00834202294
563596,563623,565447,27,1824,5,3600,1.01480263158
563627,563666,565679,39,2013,5,3600,1.01937406855
563669,563696,565506,27,1810,5,3600,1.01491712707
563700,563706,565568,6,1862,5,3600,1.00322234157
563710,563775,565614,65,1839,5,3600,1.03534529636
563772,563786,565590,14,1804,5,3600,1.00776053215
563793,563799,565687,6,1888,5,3600,1.0031779661
563803,563893,565786,90,1893,5,3600,1.04754358162
563895,563980,565842,85,1862,5,3600,1.04564983888
563977,564078,566164,101,2086,5,3600,1.04841802493
564080,564127,566061,47,1934,5,3600,1.02430196484
564131,564152,566033,21,1881,5,3600,1.01116427432
564152,564296,566168,144,1872,5,3600,1.07692307692
564295,564337,566300,42,1963,5,3600,1.02139582272
564336,564364,566281,28,1917,5,3600,1.01460615545
564367,564423,566431,56,2008,5,3600,1.02788844622
564419,564565,566624,146,2059,5,3600,1.07090820787
564562,564711,566548,149,1837,5,3600,1.08111050626
564715,564721,566763,6,2042,5,3600,1.00293829579
564726,564732,566579,6,1847,5,3600,1.0032485111
564736,564742,566570,6,1828,5,3600,1.00328227571
564757,564763,566696,6,1933,5,3600,1.00310398345
564768,564774,566728,6,1954,5,3600,1.00307062436
564778,564784,566730,6,1946,5,3600,1.00308324769
564789,564841,566828,52,1987,5,3600,1.02617010569
564840,564889,566939,49,2050,5,3600,1.02390243902
564891,564898,566859,7,1961,5,3600,1.00356960734
564902,564916,566826,14,1910,5,3600,1.00732984293
564913,564947,566913,34,1966,5,3600,1.01729399797
564944,564959,566849,15,1890,5,3600,1.00793650794
564954,564980,566897,26,1917,5,3600,1.01356285863
564985,564992,567072,7,2080,5,3600,1.00336538462
564996,565034,566914,38,1880,5,3600,1.02021276596
565037,565087,567041,50,1954,5,3600,1.02558853634
565089,565130,567036,41,1906,5,3600,1.02151101784
565130,565148,567008,18,1860,5,3600,1.00967741935
565151,565164,567251,13,2087,5,3600,1.0062290369
565171,565177,567006,6,1829,5,3600,1.00328048114
565182,565194,567204,12,2010,5,3600,1.00597014925
565193,565218,567147,25,1929,5,3600,1.01296008294
565214,565244,567196,30,1952,5,3600,1.01536885246
565245,565264,567051,19,1787,5,3600,1.01063234471
565276,565282,567049,6,1767,5,3600,1.00339558574
565287,565293,567289,6,1996,5,3600,1.00300601202
565308,565314,567159,6,1845,5,3600,1.00325203252
565318,565324,567346,6,2022,5,3600,1.00296735905
565329,565335,567296,6,1961,5,3600,1.00305966344
565339,565359,567355,20,1996,5,3600,1.01002004008
565360,565419,567342,59,1923,5,3600,1.03068122725
565422,565441,567505,19,2064,5,3600,1.00920542636
565443,565448,567483,5,2035,5,3600,1.00245700246
565453,565459,567284,6,1825,5,3600,1.00328767123
565464,565470,567458,6,1988,5,3600,1.00301810865
565474,565481,567567,7,2086,5,3600,1.0033557047
565495,565501,567457,6,1956,5,3600,1.00306748466
565506,565512,567537,6,2025,5,3600,1.00296296296
565516,565523,567397,7,1874,5,3600,1.00373532551
565527,565533,567429,6,1896,5,3600,1.00316455696
565538,565544,567427,6,1883,5,3600,1.00318640467
565548,565579,567570,31,1991,5,3600,1.01557006529
565589,565596,567558,7,1962,5,3600,1.00356778797
565600,565606,567618,6,2012,5,3600,1.00298210736
565611,565625,567601,14,1976,5,3600,1.00708502024
565621,565690,567485,69,1795,5,3600,1.03844011142
565693,565699,567774,6,2075,5,3600,1.00289156627
565704,565798,567609,94,1811,5,3600,1.05190502485
565796,565853,567789,57,1936,5,3600,1.02944214876
565857,566044,567880,187,1836,5,3600,1.10185185185
566041,566072,567986,31,1914,5,3600,1.01619644723
566072,566175,568257,103,2082,5,3600,1.04947166186
566174,566181,568052,7,1871,5,3600,1.0037413148
566185,566292,568274,107,1982,5,3600,1.05398587286
566287,566311,568291,24,1980,5,3600,1.01212121212
566308,566443,568423,135,1980,5,3600,1.06818181818
566441,566559,568471,118,1912,5,3600,1.06171548117
566554,566581,568437,27,1856,5,3600,1.01454741379
566585,566591,568609,6,2018,5,3600,1.00297324083
566596,566635,568640,39,2005,5,3600,1.01945137157
566637,566707,568684,70,1977,5,3600,1.0354071826
566709,566739,568653,30,1914,5,3600,1.01567398119
566740,566745,568497,5,1752,5,3600,1.00285388128
566750,566774,568588,24,1814,5,3600,1.01323042999
566771,566838,568643,67,1805,5,3600,1.03711911357
566843,566849,568676,6,1827,5,3600,1.00328407225
566874,566880,568896,6,2016,5,3600,1.00297619048
566885,566891,568886,6,1995,5,3600,1.0030075188
566895,566908,568783,13,1875,5,3600,1.00693333333
566906,566924,568869,18,1945,5,3600,1.00925449871
566927,566933,568933,6,2000,5,3600,1.003
566937,566950,568866,13,1916,5,3600,1.00678496868
566948,567017,568928,69,1911,5,3600,1.03610675039
567020,567026,568911,6,1885,5,3600,1.00318302387
567030,567047,568993,17,1946,5,3600,1.00873586845
567061,567068,568978,7,1910,5,3600,1.00366492147
567082,567088,568964,6,1876,5,3600,1.00319829424
567093,567099,569304,6,2205,5,3600,1.00272108844
567104,567110,569024,6,1914,5,3600,1.00313479624
567114,567159,569152,45,1993,5,3600,1.02257902659
567155,567170,569152,15,1982,5,3600,1.00756811302
567166,567207,569098,41,1891,5,3600,1.02168164992
567217,567224,569077,7,1853,5,3600,1.00377765785
567228,567262,569187,34,1925,5,3600,1.01766233766
567259,567295,569292,36,1997,5,3600,1.01802704056
567311,567317,569314,6,1997,5,3600,1.00300450676
567321,567327,569222,6,1895,5,3600,1.00316622691
567332,567354,569269,22,1915,5,3600,1.01148825065
567353,567360,569303,7,1943,5,3600,1.00360267627
569500,569506,572211,6,2705,2,36000,1.0022181146
569501,569512,574235,11,4723,2,36000,1.00232902816
569502,569517,573077,15,3560,2,36000,1.00421348315
569504,569522,573796,18,4274,2,36000,1.00421151146
569505,569527,574733,22,5206,2,36000,1.0042258932
569506,569532,572258,26,2726,2,36000,1.0095377843
569508,569538,574554,30,5016,2,36000,1.00598086124
569510,569543,571946,33,2403,2,36000,1.01373283396
569511,569548,574577,37,5029,2,36000,1.0073573275
569512,569553,574638,41,5085,2,36000,1.00806293019
569514,569558,572297,44,2739,2,36000,1.01606425703
569515,569564,573412,49,3848,2,36000,1.01273388773
569516,569569,574452,53,4883,2,36000,1.01085398321
569518,569574,574498,56,4924,2,36000,1.01137286759
569519,569579,573785,60,4206,2,36000,1.01426533524
569520,569584,574229,64,4645,2,36000,1.01377825619
569521,569589,573626,68,4037,2,36000,1.01684419123
569523,569595,572299,72,2704,2,36000,1.02662721893
569524,569601,572407,77,2806,2,36000,1.02744119743
569525,569606,572102,81,2496,2,36000,1.03245192308
569527,569611,572208,84,2597,2,36000,1.03234501348
569528,569617,573474,89,3857,2,36000,1.0230749287
569529,569622,572741,93,3119,2,36000,1.02981724912
569531,569627,572381,96,2754,2,36000,1.0348583878
569532,569632,573602,100,3970,2,36000,1.02518891688
569533,569638,572626,105,2988,2,36000,1.03514056225
569534,569643,572907,109,3264,2,36000,1.03339460784
569536,569648,574658,112,5010,2,36000,1.02235528942
569537,569654,573919,117,4265,2,36000,1.02743259086
569538,569659,571970,121,2311,2,36000,1.05235828646
569540,569664,574757,124,5093,2,36000,1.02434714314
569541,569669,572989,128,3320,2,36000,1.03855421687
569542,569674,572545,132,2871,2,36000,1.04597701149
569544,569679,572693,135,3014,2,36000,1.04479097545
569545,569684,572401,139,2717,2,36000,1.05115936695
569546,569690,572787,144,3097,2,36000,1.04649660962
569547,569695,572229,148,2534,2,36000,1.05840568272
569549,569700,573975,151,4275,2,36000,1.03532163743
569550,569706,573384,156,3678,2,36000,1.04241435563
569551,569711,573157,160,3446,2,36000,1.04643064423
571947,571958,575622,11,3664,2,36000,1.00300218341
571970,571981,576854,11,4873,2,36000,1.00225733634
572102,572113,576950,11,4837,2,36000,1.00227413686
572210,572219,576044,9,3825,2,36000,1.00235294118
572225,572231,575824,6,3593,2,36000,1.00166991372
572240,572246,575555,6,3309,2,36000,1.00181323663
572261,572270,576809,9,4539,2,36000,1.0019828156
572297,572308,575360,11,3052,2,36000,1.00360419397
572311,572318,576264,7,3946,2,36000,1.0017739483
572381,572392,574599,11,2207,2,36000,1.00498414137
572401,572412,575480,11,3068,2,36000,1.00358539765
572415,572422,575103,7,2681,2,36000,1.00261096606
572545,572556,575459,11,2903,2,36000,1.0037891836
572626,572637,575187,11,2550,2,36000,1.00431372549
572695,572705,575917,10,3212,2,36000,1.00311332503
572743,572753,575731,10,2978,2,36000,1.00335795836
572787,572798,576205,11,3407,2,36000,1.0032286469
572907,572918,576211,11,3293,2,36000,1.00334041907
572992,573000,576584,8,3584,2,36000,1.00223214286
573073,573088,576799,15,3711,2,36000,1.00404203719
573158,573169,577314,11,4145,2,36000,1.00265379976
573386,573395,576391,9,2996,2,36000,1.00300400534
573413,573423,576438,10,3015,2,36000,1.00331674959
573476,573485,576547,9,3062,2,36000,1.00293925539
573602,573613,577314,11,3701,2,36000,1.00297216968
573626,573637,576848,11,3211,2,36000,1.00342572407
573785,573796,577314,11,3518,2,36000,1.00312677658
573799,573808,577314,9,3506,2,36000,1.00256702795
573919,573930,577314,11,3384,2,36000,1.00325059102
573976,573986,577315,10,3329,2,36000,1.00300390508
574229,574240,577314,11,3074,2,36000,1.00357839948
574243,574249,577315,6,3066,2,36000,1.00195694716
574453,574463,577314,10,2851,2,36000,1.00350754121
574498,574509,577314,11,2805,2,36000,1.00392156863
574555,574565,577314,10,2749,2,36000,1.00363768643
574578,574588,577314,10,2726,2,36000,1.00366837858
574599,574610,577314,11,2704,2,36000,1.00406804734
574641,574650,577314,9,2664,2,36000,1.00337837838
574659,574669,577315,10,2646,2,36000,1.00377928949
574734,574744,577315,10,2571,2,36000,1.00388953715
574758,574768,577315,10,2547,2,36000,1.00392618767
575104,575114,577315,10,2201,2,36000,1.00454338937
575188,575198,577316,10,2118,2,36000,1.00472143532
575362,575371,577315,9,1944,2,36000,1.00462962963
575461,575470,577315,9,1845,2,36000,1.00487804878
575482,575491,577315,9,1824,2,36000,1.00493421053
575557,575566,577315,9,1749,2,36000,1.0051457976
575623,575633,577315,10,1682,2,36000,1.00594530321
575731,575742,577315,11,1573,2,36000,1.00699300699
575824,575835,577315,11,1480,2,36000,1.00743243243
575918,575929,577315,11,1386,2,36000,1.00793650794
576044,576055,577315,11,1260,2,36000,1.00873015873
576208,576216,577315,8,1099,2,36000,1.00727934486
576223,576229,577315,6,1086,2,36000,1.00552486188
576265,576276,577315,11,1039,2,36000,1.01058710298
576392,576402,577315,10,913,2,36000,1.01095290252
576440,576449,577315,9,866,2,36000,1.0103926097
576549,576558,577315,9,757,2,36000,1.01188903567
576584,576595,577315,11,720,2,36000,1.01527777778
576801,576810,577315,9,505,2,36000,1.01782178218
576816,576822,577315,6,493,2,36000,1.0121703854
576849,576859,577315,10,456,2,36000,1.02192982456
576863,576869,577315,6,446,2,36000,1.0134529148
576950,576961,577315,11,354,2,36000,1.03107344633
577291,577333,577335,42,2,8,78960,4.4
577291,577326,577331,35,5,8,78960,4.0
577292,577339,577340,47,1,8,78960,4.8
577404,577410,577412,6,2,8,106680,1.0
577405,577415,577417,10,2,8,106680,1.2
577405,577420,577423,15,3,8,106680,1.8
577480,577485,577487,5,2,8,78960,1.0
577480,577491,577493,11,2,8,78960,1.3
577480,577496,577498,16,2,8,78960,1.8
577557,577563,578329,6,766,8,78960,1.00783289817
577558,577568,578329,10,761,8,78960,1.01314060447
577558,577574,578329,16,755,8,78960,1.02119205298
577600,577616,577622,16,6,8,106680,2.2
577600,577611,577618,11,7,8,106680,1.8
577600,577606,577612,6,6,8,106680,1.2
577740,577746,578329,6,583,8,106680,1.0102915952
577740,577751,578329,11,578,8,106680,1.01903114187
577741,577756,578329,15,573,8,106680,1.02617801047
577840,577845,578329,5,484,8,92400,1.01033057851
577840,577850,578329,10,479,8,92400,1.02087682672
577840,577856,578330,16,474,8,92400,1.03375527426
578555,578561,618046,6,39485,8,39480,1.00015195644
578559,578567,666788,8,88221,8,106680,1.00009068136
578560,578582,667149,22,88567,8,106680,1.00024839952
578560,578572,667661,12,89089,8,106680,1.00013469676
578560,578577,667317,17,88740,8,106680,1.00019157088
578564,578603,654865,39,76262,8,92400,1.00051139493
578564,578588,656576,24,77988,8,92400,1.00030773965
578564,578598,655939,34,77341,8,92400,1.00043961159
578564,578593,655834,29,77241,8,92400,1.00037544827
579226,579232,579371,6,139,5,3600,1.04316546763
579392,579398,582126,6,2728,5,3600,1.00219941349
579402,579409,582311,7,2902,5,3600,1.00241212957
579413,579419,582197,6,2778,5,3600,1.00215982721
579424,579430,581941,6,2511,5,3600,1.00238948626
579434,579440,582349,6,2909,5,3600,1.00206256446
579445,579451,582333,6,2882,5,3600,1.00208188758
579455,579461,582278,6,2817,5,3600,1.00212992545
579466,579472,581788,6,2316,5,3600,1.00259067358
579476,579482,581833,6,2351,5,3600,1.00255210549
579487,579493,582197,6,2704,5,3600,1.00221893491
579497,579504,581866,7,2362,5,3600,1.00296359018
579508,579514,582553,6,3039,5,3600,1.00197433366
579519,579525,582002,6,2477,5,3600,1.00242228502
579529,579535,582315,6,2780,5,3600,1.00215827338
579540,579546,582379,6,2833,5,3600,1.00211789622
579550,579556,582341,6,2785,5,3600,1.00215439856
579561,579567,582278,6,2711,5,3600,1.00221320546
579571,579578,582386,7,2808,5,3600,1.00249287749
579582,579588,582415,6,2827,5,3600,1.00212239123
579593,579599,582315,6,2716,5,3600,1.00220913108
579603,579609,582125,6,2516,5,3600,1.00238473768
579614,579620,582216,6,2596,5,3600,1.00231124807
579624,579631,582407,7,2776,5,3600,1.00252161383
579635,579641,582397,6,2756,5,3600,1.00217706821
579645,579652,582418,7,2766,5,3600,1.0025307303
579656,579662,582597,6,2935,5,3600,1.00204429302
579667,579673,582389,6,2716,5,3600,1.00220913108
579677,579683,582021,6,2338,5,3600,1.00256629598
579688,579694,582812,6,3118,5,3600,1.00192431046
579698,579704,582126,6,2422,5,3600,1.00247729149
579709,579715,582555,6,2840,5,3600,1.00211267606
579720,579726,582008,6,2282,5,3600,1.00262927257
579730,579736,582039,6,2303,5,3600,1.00260529744
579741,579747,582698,6,2951,5,3600,1.00203320908
579751,579757,582127,6,2370,5,3600,1.00253164557
579762,579768,582571,6,2803,5,3600,1.00214056368
579772,579779,582519,7,2740,5,3600,1.00255474453
579783,579789,582691,6,2902,5,3600,1.00206753963
579794,579800,582502,6,2702,5,3600,1.00222057735
579804,579810,582399,6,2589,5,3600,1.0023174971
579815,579821,582507,6,2686,5,3600,1.00223380491
579825,579832,582783,7,2951,5,3600,1.00237207726
579836,579842,582683,6,2841,5,3600,1.00211193242
579847,581799,584578,1952,2779,5,3600,1.70241093919
581804,581845,584614,41,2769,5,3600,1.01480678945
581845,581877,584684,32,2807,5,3600,1.01140007125
581876,581953,584644,77,2691,5,3600,1.02861389818
581958,582013,584967,55,2954,5,3600,1.01861882194
582009,582019,584827,10,2808,5,3600,1.00356125356
582020,582032,584836,12,2804,5,3600,1.00427960057
582030,582051,584892,21,2841,5,3600,1.00739176346
582051,582136,585064,85,2928,5,3600,1.02903005464
582133,582142,584736,9,2594,5,3600,1.0034695451
582144,582150,585113,6,2963,5,3600,1.00202497469
582154,582160,584551,6,2391,5,3600,1.00250941029
582165,582208,584936,43,2728,5,3600,1.01576246334
582206,582214,584974,8,2760,5,3600,1.00289855072
582217,582227,584807,10,2580,5,3600,1.00387596899
582227,582289,585009,62,2720,5,3600,1.02279411765
582289,582295,584607,6,2312,5,3600,1.00259515571
582299,582322,585203,23,2881,5,3600,1.00798333912
582320,582328,585573,8,3245,5,3600,1.00246533128
582331,582337,584952,6,2615,5,3600,1.00229445507
582342,582348,584869,6,2521,5,3600,1.00238000793
582352,582358,584919,6,2561,5,3600,1.00234283483
582363,582369,585033,6,2664,5,3600,1.00225225225
582373,582390,585111,17,2721,5,3600,1.00624770305
582394,582400,585121,6,2721,5,3600,1.00220507166
582405,582411,585096,6,2685,5,3600,1.00223463687
582415,582422,585224,7,2802,5,3600,1.00249821556
582426,582432,585299,6,2867,5,3600,1.00209277991
582437,582443,585053,6,2610,5,3600,1.00229885057
582447,582453,585190,6,2737,5,3600,1.00219218122
582458,582464,585524,6,3060,5,3600,1.00196078431
582468,582513,585254,45,2741,5,3600,1.01641736592
582510,582519,585409,9,2890,5,3600,1.00311418685
582520,582530,584984,10,2454,5,3600,1.00407497963
582531,582564,585329,33,2765,5,3600,1.01193490054
582562,582570,585341,8,2771,5,3600,1.00288704439
582572,582582,585108,10,2526,5,3600,1.00395882819
582583,582609,585423,26,2814,5,3600,1.0092395167
582614,582694,585394,80,2700,5,3600,1.02962962963
582696,582702,585039,6,2337,5,3600,1.00256739409
582707,582713,585621,6,2908,5,3600,1.00206327373
582717,582794,585650,77,2856,5,3600,1.02696078431
582799,582824,585841,25,3017,5,3600,1.0082863772
582820,584562,587438,1742,2876,5,3600,1.60570236439
584563,584589,587819,26,3230,5,3600,1.0080495356
584584,584618,587112,34,2494,5,3600,1.01363271852
584615,584626,587381,11,2755,5,3600,1.00399274047
584626,584655,586934,29,2279,5,3600,1.01272487933
584657,584695,587049,38,2354,5,3600,1.01614273577
584699,584748,587358,49,2610,5,3600,1.01877394636
584750,584819,587732,69,2913,5,3600,1.0236869207
584822,584839,587647,17,2808,5,3600,1.00605413105
584843,584848,587563,5,2715,5,3600,1.00184162063
584853,584880,587756,27,2876,5,3600,1.00938803894
584884,584903,587676,19,2773,5,3600,1.00685178507
584905,584930,587720,25,2790,5,3600,1.00896057348
584926,584948,587375,22,2427,5,3600,1.00906468892
584947,584963,587743,16,2780,5,3600,1.00575539568
584967,584978,587890,11,2912,5,3600,1.00377747253
584978,584986,587273,8,2287,5,3600,1.00349803236
584989,584995,587318,6,2323,5,3600,1.00258286698
584999,585020,587707,21,2687,5,3600,1.00781540752
585020,585044,587866,24,2822,5,3600,1.00850460666
585041,585050,587667,9,2617,5,3600,1.00343905235
585052,585064,587531,12,2467,5,3600,1.00486420754
585062,585075,587573,13,2498,5,3600,1.00520416333
585073,585108,587674,35,2566,5,3600,1.01363990647
585104,585120,587935,16,2815,5,3600,1.00568383659
585125,585131,587862,6,2731,5,3600,1.00219699744
585135,585141,588188,6,3047,5,3600,1.00196914998
585146,585152,587990,6,2838,5,3600,1.0021141649
585156,585201,588053,45,2852,5,3600,1.01577840112
585198,585215,587928,17,2713,5,3600,1.00626612606
585218,585236,587998,18,2762,5,3600,1.00651701665
585239,585265,588175,26,2910,5,3600,1.0089347079
585260,585310,588098,50,2788,5,3600,1.01793400287
585312,585340,587702,28,2362,5,3600,1.01185436071
585343,585353,588135,10,2782,5,3600,1.0035945363
585353,585405,588020,52,2615,5,3600,1.01988527725
585405,585421,588238,16,2817,5,3600,1.00567980121
585425,585434,588372,9,2938,5,3600,1.00306330837
585436,585536,588268,100,2732,5,3600,1.03660322108
585538,585584,587962,46,2378,5,3600,1.01934398654
585580,585633,588385,53,2752,5,3600,1.01925872093
585631,585661,588371,30,2710,5,3600,1.0110701107
585662,585852,588937,190,3085,5,3600,1.06158833063
585856,586945,589792,1089,2847,5,3600,1.38250790306
586947,587060,589674,113,2614,5,3600,1.04322876817
587060,587123,589922,63,2799,5,3600,1.02250803859
587121,587285,590269,164,2984,5,3600,1.05495978552
587285,587329,590223,44,2894,5,3600,1.01520387008
587326,587369,589653,43,2284,5,3600,1.01882661996
587367,587386,589842,19,2456,5,3600,1.00773615635
587388,587394,590231,6,2837,5,3600,1.00211491012
587398,587449,589829,51,2380,5,3600,1.02142857143
587450,587543,590435,93,2892,5,3600,1.03215767635
587544,587574,590116,30,2542,5,3600,1.01180173092
587575,587584,590414,9,2830,5,3600,1.00318021201
587586,587658,590347,72,2689,5,3600,1.02677575307
587657,587678,590469,21,2791,5,3600,1.00752418488
587678,587685,590428,7,2743,5,3600,1.00255195042
587689,587695,590338,6,2643,5,3600,1.00227014756
587699,587713,590429,14,2716,5,3600,1.00515463918
587710,587719,590496,9,2777,5,3600,1.00324090745
587721,587731,590266,10,2535,5,3600,1.00394477318
587731,587743,590238,12,2495,5,3600,1.00480961924
587742,587754,590462,12,2708,5,3600,1.00443131462
587753,587768,590587,15,2819,5,3600,1.00532103583
587763,587830,590518,67,2688,5,3600,1.02492559524
587835,587873,590685,38,2812,5,3600,1.01351351351
587876,587882,590657,6,2775,5,3600,1.00216216216
587887,587902,590315,15,2413,5,3600,1.00621632822
587897,587939,590896,42,2957,5,3600,1.01420358471
587939,587946,590324,7,2378,5,3600,1.00294365013
587949,587973,590802,24,2829,5,3600,1.0084835631
587970,588002,590301,32,2299,5,3600,1.01391909526
588001,588010,590423,9,2413,5,3600,1.00372979693
588011,588031,590572,20,2541,5,3600,1.00787091696
588032,588065,590441,33,2376,5,3600,1.01388888889
588063,588110,590946,47,2836,5,3600,1.01657263752
588115,588146,590941,31,2795,5,3600,1.01109123435
588146,588186,591055,40,2869,5,3600,1.01394214012
588187,588199,590913,12,2714,5,3600,1.00442151805
588197,588249,591008,52,2759,5,3600,1.01884740848
588249,588279,590988,30,2709,5,3600,1.01107419712
588280,588382,591340,102,2958,5,3600,1.03448275862
588382,588388,591295,6,2907,5,3600,1.00206398349
588393,588399,591113,6,2714,5,3600,1.00221075903
588403,588948,591699,545,2751,5,3600,1.19810977826
588944,589664,592329,720,2665,5,3600,1.27016885553
589668,589686,592689,18,3003,5,3600,1.00599400599
589689,589803,592568,114,2765,5,3600,1.04122965642
589802,589840,592582,38,2742,5,3600,1.01385849745
589843,589853,592557,10,2704,5,3600,1.00369822485
589853,589933,592747,80,2814,5,3600,1.02842928216
589935,590127,593137,192,3010,5,3600,1.06378737542
590129,590234,592661,105,2427,5,3600,1.04326328801
590232,590242,593181,10,2939,5,3600,1.00340251786
590242,590248,592590,6,2342,5,3600,1.00256191289
590253,590277,593022,24,2745,5,3600,1.0087431694
590274,590283,593034,9,2751,5,3600,1.00327153762
590284,590312,593295,28,2983,5,3600,1.00938652363
590316,590326,592929,10,2603,5,3600,1.00384172109
590326,590335,593052,9,2717,5,3600,1.003312477
590337,590349,593356,12,3007,5,3600,1.00399068839
590347,590358,593116,11,2758,5,3600,1.00398839739
590358,590425,593240,67,2815,5,3600,1.02380106572
590430,590436,593004,6,2568,5,3600,1.0023364486
590440,590446,593285,6,2839,5,3600,1.00211342022
590451,590457,593176,6,2719,5,3600,1.00220669364
590462,590468,593428,6,2960,5,3600,1.00202702703
590472,590478,592919,6,2441,5,3600,1.00245800901
590483,590489,593161,6,2672,5,3600,1.00224550898
590494,590500,593347,6,2847,5,3600,1.00210748156
590504,590510,593369,6,2859,5,3600,1.00209863589
590515,590529,593236,14,2707,5,3600,1.00517177687
590525,590583,593319,58,2736,5,3600,1.02119883041
590587,590599,593742,12,3143,5,3600,1.00381800827
590598,590668,593439,70,2771,5,3600,1.0252616384
590669,590697,593496,28,2799,5,3600,1.0100035727
590700,590813,593449,113,2636,5,3600,1.04286798179
590813,590908,593593,95,2685,5,3600,1.03538175047
590905,590924,593799,19,2875,5,3600,1.00660869565
590926,590952,593321,26,2369,5,3600,1.01097509498
590957,590963,593731,6,2768,5,3600,1.00216763006
590968,590999,593714,31,2715,5,3600,1.01141804788
590999,591019,593324,20,2305,5,3600,1.00867678959
591019,591067,593924,48,2857,5,3600,1.01680084004
591071,591124,593864,53,2740,5,3600,1.01934306569
591122,591307,594318,185,3011,5,3600,1.0614413816
591306,591351,594254,45,2903,5,3600,1.01550120565
591347,591711,594668,364,2957,5,3600,1.12309773419
591714,592340,594727,626,2387,5,3600,1.26225387516
592336,592568,595363,232,2795,5,3600,1.08300536673
592571,592580,594875,9,2295,5,3600,1.00392156863
592582,592593,595019,11,2426,5,3600,1.0045342127
592592,592602,595268,10,2666,5,3600,1.00375093773
592603,592672,595458,69,2786,5,3600,1.0247666906
592675,592700,595394,25,2694,5,3600,1.00927988122
592696,592758,595410,62,2652,5,3600,1.0233785822
592757,592930,595768,173,2838,5,3600,1.06095842142
592931,592940,595669,9,2729,5,3600,1.00329791132
592941,593015,595933,74,2918,5,3600,1.0253598355
593014,593034,595311,20,2277,5,3600,1.00878348704
593034,593045,595634,11,2589,5,3600,1.00424874469
593045,593063,595817,18,2754,5,3600,1.00653594771
593066,593128,595437,62,2309,5,3600,1.02685145084
593127,593148,595634,21,2486,5,3600,1.00844730491
593148,593172,596243,24,3071,5,3600,1.00781504396
593169,593187,595960,18,2773,5,3600,1.0064911648
593190,593196,595916,6,2720,5,3600,1.00220588235
593200,593247,595965,47,2718,5,3600,1.01729212656
593252,593258,596098,6,2840,5,3600,1.00211267606
593262,593296,596106,34,2810,5,3600,1.01209964413
593294,593306,596185,12,2879,5,3600,1.00416811393
593304,593330,595990,26,2660,5,3600,1.00977443609
593335,593342,596201,7,2859,5,3600,1.00244840853
593346,593352,596167,6,2815,5,3600,1.00213143872
593357,593363,596289,6,2926,5,3600,1.002050581
593367,593374,596100,7,2726,5,3600,1.002567865
593378,593384,596120,6,2736,5,3600,1.00219298246
593389,593439,596358,50,2919,5,3600,1.01712915382
593440,593450,596226,10,2776,5,3600,1.00360230548
593451,593460,595819,9,2359,5,3600,1.00381517592
593461,593508,596249,47,2741,5,3600,1.01714702663
593513,593604,596293,91,2689,5,3600,1.03384157679
593605,593725,596566,120,2841,5,3600,1.04223864836
593727,593743,596585,16,2842,5,3600,1.00562983814
593748,593754,596613,6,2859,5,3600,1.00209863589
593759,593811,596238,52,2427,5,3600,1.02142562835
593810,593875,596753,65,2878,5,3600,1.02258512856
593872,593935,596499,63,2564,5,3600,1.02457098284
593933,594265,597107,332,2842,5,3600,1.11681914145
594270,594329,597071,59,2742,5,3600,1.02151714077
594332,594679,597069,347,2390,5,3600,1.14518828452
594679,594738,597525,59,2787,5,3600,1.02116971654
594740,594887,597842,147,2955,5,3600,1.04974619289
594883,595031,597833,148,2802,5,3600,1.0528194147
595027,595279,597614,252,2335,5,3600,1.10792291221
595282,595323,597692,41,2369,5,3600,1.01730688054
595323,595374,598303,51,2929,5,3600,1.01741208604
595374,595405,597699,31,2294,5,3600,1.01351351351
595405,595421,598228,16,2807,5,3600,1.00570003563
595426,595448,597932,22,2484,5,3600,1.00885668277
595447,595470,598234,23,2764,5,3600,1.00832127352
595468,595645,598371,177,2726,5,3600,1.06493030081
595641,595651,598424,10,2773,5,3600,1.00360620267
595652,595680,598313,28,2633,5,3600,1.0106342575
595683,595779,598556,96,2777,5,3600,1.03456967951
595775,595828,598517,53,2689,5,3600,1.01970992934
595827,595834,598556,7,2722,5,3600,1.0025716385
595837,595927,598323,90,2396,5,3600,1.03756260434
595929,595944,598378,15,2434,5,3600,1.00616269515
595940,595972,598700,32,2728,5,3600,1.01173020528
595971,595978,598698,7,2720,5,3600,1.00257352941
595982,596002,598645,20,2643,5,3600,1.00756715853
596002,596110,598984,108,2874,5,3600,1.0375782881
596115,596121,598802,6,2681,5,3600,1.00223797091
596126,596131,598509,5,2378,5,3600,1.00210260723
596136,596142,599326,6,3184,5,3600,1.00188442211
596147,596178,598886,31,2708,5,3600,1.01144756278
596178,596196,599167,18,2971,5,3600,1.00605856614
596199,596212,598428,13,2216,5,3600,1.00586642599
596209,596237,598538,28,2301,5,3600,1.01216862234
596240,596249,598953,9,2704,5,3600,1.00332840237
596251,596257,598721,6,2464,5,3600,1.00243506494
596261,596268,599036,7,2768,5,3600,1.00252890173
596272,596300,599003,28,2703,5,3600,1.01035886053
596303,596309,599035,6,2726,5,3600,1.00220102715
596314,596369,599095,55,2726,5,3600,1.02017608217
596365,596510,599201,145,2691,5,3600,1.05388331475
596508,596576,599399,68,2823,5,3600,1.02408784981
596580,596597,599539,17,2942,5,3600,1.00577838205
596601,596624,599404,23,2780,5,3600,1.00827338129
596621,596764,599368,143,2604,5,3600,1.05491551459
596765,597081,599891,316,2810,5,3600,1.11245551601
597081,597087,599791,6,2704,5,3600,1.00221893491
597091,597118,599630,27,2512,5,3600,1.01074840764
597122,597536,600546,414,3010,5,3600,1.13754152824
597541,597625,600276,84,2651,5,3600,1.03168615617
597623,597704,600416,81,2712,5,3600,1.02986725664
597705,597711,600598,6,2887,5,3600,1.00207828195
597715,597845,600884,130,3039,5,3600,1.04277722935
597848,597854,600130,6,2276,5,3600,1.00263620387
597859,597943,600730,84,2787,5,3600,1.03013993541
597941,598239,600525,298,2286,5,3600,1.13035870516
598237,598245,600946,8,2701,5,3600,1.00296186598
598247,598314,601093,67,2779,5,3600,1.02410939187
598319,598325,600676,6,2351,5,3600,1.00255210549
598330,598336,600666,6,2330,5,3600,1.0025751073
598340,598383,600674,43,2291,5,3600,1.01876909646
598382,598389,601218,7,2829,5,3600,1.00247437257
598392,598435,601303,43,2868,5,3600,1.0149930265
598433,598441,600867,8,2426,5,3600,1.00329760923
598444,598521,600988,77,2467,5,3600,1.03121199838
598526,598532,600947,6,2415,5,3600,1.00248447205
598537,598549,601233,12,2684,5,3600,1.0044709389
598547,598567,601287,20,2720,5,3600,1.00735294118
598568,598574,601134,6,2560,5,3600,1.00234375
598579,598656,601387,77,2731,5,3600,1.02819480044
598661,598709,601574,48,2865,5,3600,1.0167539267
598712,598718,601471,6,2753,5,3600,1.00217944061
598723,598732,601116,9,2384,5,3600,1.00377516779
598733,598813,601611,80,2798,5,3600,1.02859185132
598815,598897,601866,82,2969,5,3600,1.02761872684
598897,598964,601808,67,2844,5,3600,1.0235583685
598969,598995,601706,26,2711,5,3600,1.00959055699
599000,599014,601638,14,2624,5,3600,1.00533536585
599010,599046,601713,36,2667,5,3600,1.01349831271
599041,599052,601896,11,2844,5,3600,1.00386779184
599052,599106,601447,54,2341,5,3600,1.02306706536
599103,599178,601906,75,2728,5,3600,1.02749266862
599175,599212,601967,37,2755,5,3600,1.01343012704
599216,599337,601679,121,2342,5,3600,1.05166524338
599339,599380,602214,41,2834,5,3600,1.01446718419
599380,599410,602267,30,2857,5,3600,1.01050052503
599411,599417,602495,6,3078,5,3600,1.00194931774
599422,599550,602266,128,2716,5,3600,1.0471281296
599555,599641,602435,86,2794,5,3600,1.03078024338
599637,599802,602206,165,2404,5,3600,1.06863560732
599800,599902,602637,102,2735,5,3600,1.03729433272
599902,600141,602437,239,2296,5,3600,1.10409407666
600137,600288,602620,151,2332,5,3600,1.06475128645
600291,600427,603214,136,2787,5,3600,1.04879799067
600424,600536,603212,112,2676,5,3600,1.04185351271
600536,600557,603273,21,2716,5,3600,1.00773195876
600557,600609,603367,52,2758,5,3600,1.0188542422
600608,600677,603561,69,2884,5,3600,1.02392510402
600680,600686,603408,6,2722,5,3600,1.00220426157
600691,600697,603335,6,2638,5,3600,1.00227445034
600701,600741,603160,40,2419,5,3600,1.01653575858
600742,600878,603654,136,2776,5,3600,1.04899135447
600875,600896,603746,21,2850,5,3600,1.00736842105
600896,600957,603122,61,2165,5,3600,1.02817551963
600958,600965,603578,7,2613,5,3600,1.00267891313
600969,600999,603966,30,2967,5,3600,1.01011122346
601000,601104,603694,104,2590,5,3600,1.04015444015
601102,601127,604227,25,3100,5,3600,1.00806451613
601123,601145,603605,22,2460,5,3600,1.00894308943
601144,601230,603598,86,2368,5,3600,1.03631756757
601226,601245,603795,19,2550,5,3600,1.00745098039
601247,601298,604121,51,2823,5,3600,1.01806588735
601298,601315,604177,17,2862,5,3600,1.00593990217
601319,601398,604229,79,2831,5,3600,1.0279053338
601401,601458,604157,57,2699,5,3600,1.02111893294
601463,601482,604222,19,2740,5,3600,1.00693430657
601484,601585,604162,101,2577,5,3600,1.03919285991
601586,601623,604385,37,2762,5,3600,1.01339608979
601627,601650,604546,23,2896,5,3600,1.00794198895
601648,601690,604380,42,2690,5,3600,1.0156133829
601689,601717,604026,28,2309,5,3600,1.01212646167
601720,601726,604435,6,2709,5,3600,1.00221483942
601731,601820,604422,89,2602,5,3600,1.03420445811
601823,601877,604715,54,2838,5,3600,1.01902748414
601874,601908,604751,34,2843,5,3600,1.01195919803
601905,601917,604654,12,2737,5,3600,1.00438436244
601916,601978,604285,62,2307,5,3600,1.02687472909
601977,602217,604943,240,2726,5,3600,1.08804108584
602222,602229,604899,7,2670,5,3600,1.00262172285
602233,602278,604997,45,2719,5,3600,1.01655020228
602274,602284,604908,10,2624,5,3600,1.00381097561
602285,602446,604757,161,2311,5,3600,1.0696668109
602448,602455,605053,7,2598,5,3600,1.00269438029
602459,602507,605289,48,2782,5,3600,1.01725377426
602510,602631,605167,121,2536,5,3600,1.04771293375
602633,602648,604895,15,2247,5,3600,1.00667556742
602644,603133,605518,489,2385,5,3600,1.20503144654
603133,603172,605791,39,2619,5,3600,1.01489117984
603174,603223,605571,49,2348,5,3600,1.02086882453
603226,603232,605820,6,2588,5,3600,1.00231839258
603236,603284,605603,48,2319,5,3600,1.02069857697
603287,603346,605694,59,2348,5,3600,1.02512776831
603349,603379,606077,30,2698,5,3600,1.01111934766
603380,603420,605780,40,2360,5,3600,1.01694915254
603421,603572,605865,151,2293,5,3600,1.06585259485
603575,603589,605893,14,2304,5,3600,1.00607638889
603585,603609,606114,24,2505,5,3600,1.00958083832
603606,603616,606353,10,2737,5,3600,1.00365363537
603617,603665,605928,48,2263,5,3600,1.02121078215
603668,603705,606075,37,2370,5,3600,1.01561181435
603709,603757,606148,48,2391,5,3600,1.02007528231
603761,603807,606304,46,2497,5,3600,1.01842210653
603812,603977,606245,165,2268,5,3600,1.07275132275
603976,604037,606411,61,2374,5,3600,1.02569502949
604037,604132,606640,95,2508,5,3600,1.03787878788
604129,604168,606493,39,2325,5,3600,1.01677419355
604171,604177,606574,6,2397,5,3600,1.00250312891
604181,604188,606680,7,2492,5,3600,1.00280898876
604192,604233,606605,41,2372,5,3600,1.01728499157
604233,604239,606241,6,2002,5,3600,1.002997003
604244,604250,606502,6,2252,5,3600,1.0026642984
604255,604296,606551,41,2255,5,3600,1.01818181818
604296,604392,606717,96,2325,5,3600,1.04129032258
604388,604398,606715,10,2317,5,3600,1.00431592577
604399,604433,606613,34,2180,5,3600,1.01559633028
604430,604446,606917,16,2471,5,3600,1.00647511129
604450,604557,606979,107,2422,5,3600,1.04417836499
604553,604665,606918,112,2253,5,3600,1.04971149578
604665,604726,607597,61,2871,5,3600,1.02124695228
604727,604762,607616,35,2854,5,3600,1.01226348984
604758,604768,607456,10,2688,5,3600,1.0037202381
604769,604907,607280,138,2373,5,3600,1.05815423515
