SubmitTime,StartTime,EndTime,QueuedTime,RunTime,NodesRequested,walltime,bslowdown
3820,3827,4129,7,302,12,21600,1.02317880795
4141,4149,25779,8,21630,12,21600,1.00036985668
5524,5531,5543,7,12,1,86400,1.58333333333
5714,5720,14032,6,8312,1,86400,1.00072184793
8590,8597,8598,7,1,2,3540,1.0
9323,9329,9506,6,177,1,3600,1.03389830508
9681,9687,10038,6,351,1,3600,1.01709401709
10407,10413,11250,6,837,1,3600,1.00716845878
12566,12572,12687,6,115,1,3600,1.05217391304
12858,12864,13185,6,321,1,3600,1.01869158879
12876,12883,13049,7,166,1,3600,1.0421686747
13226,13233,13585,7,352,1,3600,1.01988636364
13676,13683,14307,7,624,1,3600,1.01121794872
13946,13953,14795,7,842,1,3600,1.00831353919
16061,16067,16179,6,112,1,3600,1.05357142857
16357,16364,16683,7,319,1,3600,1.02194357367
16645,16652,16764,7,112,1,1800,1.0625
17073,17079,17192,6,113,1,1800,1.05309734513
17170,17177,17794,7,617,1,3600,1.0113452188
17861,17867,18442,6,575,1,1800,1.01043478261
20236,20242,20356,6,114,1,1800,1.05263157895
20313,20319,20368,6,49,1,1800,1.12244897959
20662,20669,35496,7,14827,12,21600,1.00047211169
20683,20690,20766,7,76,1,1800,1.09210526316
20684,20696,20808,12,112,1,1800,1.10714285714
21511,21518,22031,7,513,1,1800,1.01364522417
21719,21726,22012,7,286,1,1800,1.02447552448
23945,23951,23997,6,46,1,1800,1.13043478261
24336,24343,24415,7,72,1,1800,1.09722222222
25454,25460,25733,6,273,1,1800,1.02197802198
26743,26749,32415,6,5666,4,14400,1.00105894811
28076,28083,44759,7,16676,12,36000,1.00041976493
30451,30458,83165,7,52707,2,86400,1.00013280968
30636,30642,77344,6,46702,2,86400,1.00012847416
30744,30750,73172,6,42422,2,86400,1.00014143605
30883,30890,85649,7,54759,2,86400,1.00012783287
31083,31089,86672,6,55583,2,86400,1.00010794667
32450,32456,32458,6,2,4,36000,1.0
32471,38760,39121,6289,361,4,36000,18.4210526316
32471,38378,38754,5907,376,4,36000,16.710106383
32471,32477,38372,6,5895,4,36000,1.0010178117
32472,39127,39484,6655,357,4,36000,19.6414565826
32473,39490,39585,7017,95,4,36000,74.8631578947
34099,34105,41412,6,7307,2,7200,1.00082113042
37782,37790,39864,8,2074,1,7200,1.00385728062
37808,37814,39867,6,2053,2,7200,1.00292255236
37812,37820,39869,8,2049,4,10800,1.00390434358
37824,37830,39871,6,2041,8,10800,1.00293973542
38062,38068,51620,6,13552,12,21600,1.00044273908
39749,39755,43590,6,3835,4,36000,1.00156453716
39749,43596,43864,3847,268,4,36000,15.3544776119
39750,43870,44134,4120,264,4,36000,16.6060606061
39751,44140,44404,4389,264,4,36000,17.625
39751,44410,44672,4659,262,4,36000,18.7824427481
40123,40129,40600,6,471,1,7200,1.0127388535
40125,40146,40602,21,456,2,7200,1.04605263158
40127,40141,40604,14,463,4,10800,1.03023758099
40129,40135,40606,6,471,8,10800,1.0127388535
40664,40671,44839,7,4168,1,7200,1.00167946257
40670,40677,45259,7,4582,2,7200,1.00152771715
40672,40689,45564,17,4875,4,10800,1.00348717949
40674,40684,49011,10,8327,8,10800,1.00120091269
40679,40711,44758,32,4047,1,7200,1.00790709167
40682,40706,44901,24,4195,2,7200,1.00572109654
40685,40700,45519,15,4819,4,10800,1.00311267898
40689,40695,49007,6,8312,8,10800,1.00072184793
43594,43603,46373,9,2770,1,86400,1.00324909747
45220,45226,45324,6,98,4,7200,1.0612244898
45776,45782,46474,6,692,1,7200,1.00867052023
46203,46214,48527,11,2313,8,28800,1.00475572849
46203,46208,48488,5,2280,8,28800,1.00219298246
46204,46219,48461,15,2242,8,28800,1.00669045495
46205,46225,48491,20,2266,8,28800,1.00882612533
46205,46230,48508,25,2278,8,28800,1.01097453907
46206,46235,48519,29,2284,8,28800,1.01269702277
46207,46246,48409,39,2163,8,28800,1.01803051318
46207,46240,48431,33,2191,8,28800,1.0150616157
46208,46251,48534,43,2283,8,28800,1.0188348664
46208,46256,48519,48,2263,8,28800,1.02121078215
46209,48500,50700,2291,2200,8,28800,2.04136363636
46210,48543,50738,2333,2195,8,28800,2.06287015945
46476,46482,52135,6,5653,1,7200,1.00106138334
47180,47186,55672,6,8486,12,21600,1.0007070469
47241,47247,58094,6,10847,16,540000,1.00055314834
47684,47690,47704,6,14,1,86400,1.42857142857
48065,48072,50693,7,2621,1,86400,1.00267073636
48242,48472,50766,230,2294,8,28800,1.10026155187
48243,48519,50752,276,2233,8,28800,1.12360053739
48243,48507,50715,264,2208,8,28800,1.11956521739
48244,48530,50700,286,2170,8,28800,1.13179723502
48245,48442,50608,197,2166,8,28800,1.09095106187
48246,48421,50563,175,2142,8,28800,1.08169934641
48247,48550,50736,303,2186,8,28800,1.13860933211
48247,48535,50737,288,2202,8,28800,1.13079019074
48248,50712,52880,2464,2168,8,28800,2.13653136531
48249,50754,52944,2505,2190,8,28800,2.14383561644
48249,50778,52966,2529,2188,8,28800,2.15585009141
48250,50726,52860,2476,2134,8,28800,2.16026241799
48266,50766,53039,2500,2273,8,28800,2.09986801584
48267,50717,52907,2450,2190,8,28800,2.11872146119
48268,50620,52825,2352,2205,8,28800,2.06666666667
48268,50574,52862,2306,2288,8,28800,2.00786713287
48269,50747,52919,2478,2172,8,28800,2.1408839779
48270,50760,52996,2490,2236,8,28800,2.11359570662
48270,52879,55107,4609,2228,8,28800,3.06867145422
48271,52836,55062,4565,2226,8,28800,3.05076370171
48272,52918,55181,4646,2263,8,28800,3.05302695537
48272,52891,55214,4619,2323,8,28800,2.98837709858
48273,52872,55179,4599,2307,8,28800,2.99349804941
48273,52931,55242,4658,2311,8,28800,3.015577672
48629,48636,48638,7,2,10,259200,1.0
52138,52145,59443,7,7298,1,7200,1.0009591669
52855,52861,65167,6,12306,16,288000,1.00048756704
53695,53701,53860,6,159,8,21600,1.03773584906
53875,53881,53887,6,6,16,324000,1.2
53924,53930,53935,6,5,16,324000,1.1
54006,54013,65166,7,11153,16,324000,1.00062763382
54085,54091,54248,6,157,8,21600,1.03821656051
54330,54341,57692,11,3351,1,7200,1.00328260221
54330,54336,57692,6,3356,1,7200,1.00178784267
54330,54346,57692,16,3346,1,7200,1.00478182905
54331,54364,57692,33,3328,1,7200,1.00991586538
54331,54353,57692,22,3339,1,7200,1.00658879904
54331,54358,57692,27,3334,1,7200,1.00809838032
54332,54369,57692,37,3323,1,7200,1.011134517
54332,54374,57692,42,3318,1,7200,1.01265822785
54332,54380,57692,48,3312,1,7200,1.01449275362
54333,54385,57692,52,3307,1,7200,1.01572422135
54333,54390,57692,57,3302,1,7200,1.01726226529
54333,54396,57692,63,3296,1,7200,1.01911407767
54422,54428,55507,6,1079,8,21600,1.00556070436
56422,56428,56430,6,2,1,7200,1.0
56477,56483,56486,6,3,2,7200,1.0
56599,56605,60206,6,3601,1,7200,1.00166620383
56617,56623,61626,6,5003,2,7200,1.00119928043
56638,56644,61702,6,5058,4,10800,1.00118623962
57267,57273,57278,6,5,8,21600,1.1
57371,57377,58056,6,679,8,21600,1.0088365243
57804,57821,65057,17,7236,1,7200,1.00234936429
57804,57809,65048,5,7239,1,7200,1.00069070314
57804,57815,65040,11,7225,1,7200,1.00152249135
57804,57826,65064,22,7238,1,7200,1.00303951368
57805,57832,65045,27,7213,1,7200,1.00374324137
57805,57842,65069,37,7227,1,7200,1.00511969005
57805,57837,65078,32,7241,1,7200,1.00441927911
57806,57848,65070,42,7222,1,7200,1.00581556356
57806,57864,65101,58,7237,1,7200,1.0080143706
57806,57858,65104,52,7246,1,7200,1.00717637317
57806,57853,65091,47,7238,1,7200,1.00649350649
57807,57869,65080,62,7211,1,7200,1.00859797532
57955,57966,57967,11,1,1,7200,1.2
57955,57961,57962,6,1,1,7200,1.0
57955,57971,57973,16,2,1,7200,1.8
57956,57978,57979,22,1,1,7200,2.3
57956,57984,57985,28,1,1,7200,2.9
57956,57989,57990,33,1,1,7200,3.4
57957,58000,58001,43,1,1,7200,4.4
57957,57994,57995,37,1,1,7200,3.8
57958,58005,58006,47,1,1,7200,4.8
57958,58011,58012,53,1,1,7200,5.4
57958,58016,58017,58,1,1,7200,5.9
57959,58021,58022,62,1,1,7200,6.3
57967,58027,58028,60,1,1,7200,6.1
57968,58032,58033,64,1,1,7200,6.5
57968,58037,58038,69,1,1,7200,7.0
57969,58048,58049,79,1,1,7200,8.0
57969,58059,58060,90,1,1,7200,9.1
57969,58053,58055,84,2,1,7200,8.6
57970,58064,58065,94,1,1,7200,9.5
57970,58069,58072,99,3,1,7200,10.2
57970,58075,58076,105,1,1,7200,10.6
57971,58080,58081,109,1,1,7200,11.0
57971,58085,58087,114,2,1,7200,11.6
58072,58094,121145,22,63051,16,540000,1.00034892389
58105,58111,65316,6,7205,1,7200,1.00083275503
58106,58117,65346,11,7229,1,7200,1.00152164891
58106,58123,65334,17,7211,1,7200,1.00235750936
58106,58128,65333,22,7205,1,7200,1.00305343511
58107,58134,65338,27,7204,1,7200,1.00374791782
58107,58139,65385,32,7246,1,7200,1.00441622964
58107,58144,65357,37,7213,1,7200,1.00512962706
58108,58155,65368,47,7213,1,7200,1.00651601275
58108,58150,65379,42,7229,1,7200,1.00580993222
58108,58160,65380,52,7220,1,7200,1.00720221607
58109,58171,65403,62,7232,1,7200,1.00857300885
58109,58165,65398,56,7233,1,7200,1.00774229227
58123,58177,65423,54,7246,1,7200,1.00745238752
58124,58188,65418,64,7230,1,7200,1.00885200553
58124,58183,65428,59,7245,1,7200,1.00814354727
58124,58193,65410,69,7217,1,7200,1.00956075932
58125,58198,65420,73,7222,1,7200,1.01010800332
58125,58204,65430,79,7226,1,7200,1.01093274287
58125,58209,65429,84,7220,1,7200,1.01163434903
58126,58220,65437,94,7217,1,7200,1.01302480255
58126,58215,65434,89,7219,1,7200,1.01232857737
58127,58231,65461,104,7230,1,7200,1.01438450899
58127,58237,65458,110,7221,1,7200,1.01523334718
58127,58226,65428,99,7202,1,7200,1.01374618162
58337,58344,186261,7,127917,16,540000,1.00005472298
58849,58855,60126,6,1271,8,21600,1.00472069237
60670,60677,64540,7,3863,1,7200,1.00181206316
60674,60683,65542,9,4859,2,7200,1.00185223297
60680,60694,65544,14,4850,4,10800,1.00288659794
60683,60689,61768,6,1079,8,21600,1.00556070436
60985,60991,64397,6,3406,1,7200,1.00176159718
60988,61002,64809,14,3807,2,7200,1.0036774363
60991,60997,65388,6,4391,4,10800,1.00136643134
61646,61652,65149,6,3497,1,7200,1.00171575636
61650,61658,66217,8,4559,2,7200,1.00175477078
61653,61664,66863,11,5199,4,10800,1.0021157915
61738,61744,63489,6,1745,1,7200,1.00343839542
61743,61750,63979,7,2229,2,7200,1.00314042171
61747,61756,66621,9,4865,4,10800,1.00184994861
64156,64162,72330,6,8168,8,108000,1.00073457395
64215,64222,75078,7,10856,8,108000,1.00064480472
64708,64714,75445,6,10731,8,72000,1.00055912776
64993,64999,77315,6,12316,8,72000,1.00048717116
65091,65097,71984,6,6887,8,72000,1.00087120662
65269,65556,74406,287,8850,16,288000,1.03242937853
65716,75318,76349,9602,1031,64,3600,10.3132880698
65718,150584,154224,84866,3640,128,3600,24.3148351648
66330,66341,66364,11,23,8,28800,1.47826086957
66330,66336,66364,6,28,8,28800,1.21428571429
66331,66348,66364,17,16,8,28800,2.0625
66332,66353,66364,21,11,8,28800,2.90909090909
66333,66391,67709,58,1318,16,36000,1.0440060698
66333,66359,66366,26,7,8,28800,3.3
66333,66364,66365,31,1,8,28800,3.2
66334,66369,66370,35,1,8,28800,3.6
66335,66380,66388,45,8,8,28800,5.3
66335,66375,66376,40,1,8,28800,4.1
66336,66385,66386,49,1,8,28800,5.0
66574,66581,68709,7,2128,8,28800,1.00328947368
66575,66586,68747,11,2161,8,28800,1.005090236
66576,66593,68709,17,2116,8,28800,1.00803402647
66577,66604,68766,27,2162,8,28800,1.01248843663
66577,66598,68707,21,2109,8,28800,1.00995732575
66578,66609,68820,31,2211,8,28800,1.01402080507
66579,66614,68768,35,2154,8,28800,1.01624883937
66579,66620,68840,41,2220,8,28800,1.01846846847
66580,67278,69478,698,2200,8,28800,1.31727272727
66581,67300,69456,719,2156,8,28800,1.33348794063
66581,68719,70843,2138,2124,8,28800,2.0065913371
66582,68725,70830,2143,2105,8,28800,2.01805225653
66770,68730,69426,1960,696,8,21600,3.81609195402
67543,106473,259394,38930,152921,3,172800,1.25457589213
67877,67883,70562,6,2679,4,36000,1.00223964166
68232,68239,71601,7,3362,4,36000,1.00208209399
70967,70973,76088,6,5115,1,10800,1.00117302053
71083,71089,72777,6,1688,1,7200,1.00355450237
71321,71327,71637,6,310,16,600,1.01935483871
71648,71655,73697,7,2042,2,7200,1.00342801175
71726,71732,71887,6,155,16,600,1.03870967742
71902,72342,72501,440,159,16,600,3.76729559748
72474,72481,73370,7,889,4,7200,1.00787401575
72530,72549,72661,19,112,16,600,1.16964285714
73109,73115,73138,6,23,16,600,1.26086956522
73209,73216,73218,7,2,2,3540,1.0
73314,73320,73343,6,23,16,600,1.26086956522
73575,73582,73590,7,8,1,10800,1.5
73614,73621,73744,7,123,2,10800,1.05691056911
73650,73657,73852,7,195,4,10800,1.0358974359
73671,73677,73699,6,22,16,600,1.27272727273
73976,73982,74230,6,248,8,21600,1.02419354839
74153,75324,96963,1171,21639,12,21600,1.05411525486
74444,74450,83156,6,8706,2,10800,1.00068917988
74481,76366,90520,1885,14154,12,21600,1.13317790024
74502,74509,84243,7,9734,4,10800,1.00071912883
74771,74778,75542,7,764,8,21600,1.00916230366
75519,75525,82866,6,7341,2,7200,1.00081732734
75717,75723,75893,6,170,16,21600,1.03529411765
76003,76009,81544,6,5535,1,10800,1.00108401084
76033,76039,82837,6,6798,2,10800,1.00088261253
76063,76069,85511,6,9442,4,10800,1.00063545859
76122,76128,76271,6,143,16,21600,1.04195804196
76229,76360,78409,131,2049,16,36000,1.06393362616
76279,76285,80581,6,4296,16,21600,1.00139664804
76458,76465,76475,7,10,16,72000,1.7
76482,76489,76491,7,2,16,72000,1.0
76544,76550,81283,6,4733,1,7200,1.00126769491
76545,76555,81240,10,4685,1,7200,1.00213447172
76545,76562,81368,17,4806,1,7200,1.00353724511
76545,76567,81543,22,4976,1,7200,1.00442122186
76545,76573,81457,28,4884,1,7200,1.00573300573
76546,76578,81253,32,4675,1,7200,1.00684491979
76546,76583,81247,37,4664,1,7200,1.00793310463
76546,76589,81535,43,4946,1,7200,1.00869389406
76547,76605,81490,58,4885,1,7200,1.01187308086
76547,76594,81542,47,4948,1,7200,1.00949878739
76547,76610,81886,63,5276,1,7200,1.01194086429
76547,76599,81868,52,5269,1,7200,1.00986904536
76669,76675,123123,6,46448,16,72000,1.00012917671
76731,77326,123123,595,45797,16,72000,1.01299211739
76908,77356,79915,448,2559,4,36000,1.17506838609
80589,80595,80843,6,248,16,21600,1.02419354839
81189,81196,81339,7,143,8,21600,1.04895104895
92732,92738,113122,6,20384,12,21600,1.00029434851
93285,93291,114905,6,21614,12,21600,1.00027759785
94662,157888,157891,63226,3,10,259200,6322.9
94952,94958,94961,6,3,2,3540,1.0
94998,95004,95502,6,498,3,7200,1.01204819277
95096,95102,96351,6,1249,3,7200,1.00480384307
95714,95720,95894,6,174,1,3600,1.03448275862
96071,96077,96425,6,348,1,3600,1.01724137931
96482,96488,96490,6,2,1,54000,1.0
96779,96786,117848,7,21062,1,36000,1.0003323521
96783,96792,130020,9,33228,1,54000,1.0002708559
96792,96799,97646,7,847,1,3600,1.00826446281
98340,159283,159290,60943,7,4,36000,6095.0
98340,98346,122425,6,24079,4,36000,1.00024917978
98341,166556,166564,68215,8,4,36000,6822.3
98342,166573,166580,68231,7,4,36000,6823.8
98343,166586,166588,68243,2,4,36000,6824.5
98924,98930,99049,6,119,1,3600,1.05042016807
99230,99236,99557,6,321,1,3600,1.01869158879
99271,99277,99445,6,168,1,3600,1.03571428571
99423,99429,100689,6,1260,3,7200,1.00476190476
99446,99456,100426,10,970,3,7200,1.01030927835
99458,99464,100066,6,602,3,7200,1.00996677741
99625,99631,99976,6,345,1,3600,1.01739130435
100053,100059,100648,6,589,1,3600,1.01018675722
100339,100346,101132,7,786,1,3600,1.00890585242
101901,101907,103199,6,1292,3,7200,1.00464396285
101963,101970,102554,7,584,3,7200,1.01198630137
102082,141764,195559,39682,53795,1,259200,1.73765219816
102107,159226,280761,57119,121535,1,259200,1.4699798412
102129,159231,386268,57102,227037,1,432000,1.25150966583
102411,102418,102531,7,113,1,3600,1.06194690265
102707,102714,103035,7,321,1,3600,1.02180685358
103036,103045,103164,9,119,1,1800,1.0756302521
103068,103074,103234,6,160,1,7200,1.0375
103096,103103,103105,7,2,1,7200,1.0
103121,103128,103129,7,1,1,7200,1.0
103232,103238,103611,6,373,1,7200,1.01608579088
103248,103254,103975,6,721,1,7200,1.00832177531
103319,103325,110503,6,7178,3,72000,1.00083588743
103410,103417,103418,7,1,1,72000,1.0
103470,103476,103579,6,103,1,1800,1.05825242718
103493,103499,120905,6,17406,1,72000,1.00034470872
103533,103539,104139,6,600,1,3600,1.01
103562,103569,134962,7,31393,1,72000,1.00022297965
103693,103700,104421,7,721,1,7200,1.00970873786
104248,104255,104760,7,505,1,1800,1.01386138614
106591,106598,106646,7,48,1,1800,1.14583333333
106647,106656,106775,9,119,1,1800,1.0756302521
106963,106969,107048,6,79,1,1800,1.07594936709
107100,107107,107219,7,112,1,1800,1.0625
107917,107923,108494,6,571,1,1800,1.01050788091
108002,108009,108293,7,284,1,1800,1.02464788732
110387,110393,110438,6,45,1,1800,1.13333333333
110777,110784,110856,7,72,1,1800,1.09722222222
111422,111428,114229,6,2801,4,14400,1.00214209211
111874,111880,112168,6,288,1,1800,1.02083333333
114061,114068,114070,7,2,1,900,1.0
114359,114399,114400,40,1,4,36000,4.1
114359,114365,114393,6,28,4,36000,1.21428571429
114360,114406,114407,46,1,4,36000,4.7
114361,114412,114413,51,1,4,36000,5.2
114362,114419,114422,57,3,4,36000,6.0
114560,166541,172857,51981,6316,4,36000,9.23005066498
114560,114566,150573,6,36007,4,36000,1.00016663427
114561,173809,174112,59248,303,4,36000,196.537953795
114562,174123,174414,59561,291,4,36000,205.676975945
114563,174426,174720,59863,294,4,36000,204.615646259
114686,114692,115586,6,894,12,3600,1.0067114094
114693,114699,115278,6,579,3,7200,1.0103626943
115917,115924,116171,7,247,8,21600,1.02834008097
116394,116400,116652,6,252,8,21600,1.02380952381
116586,116593,117365,7,772,2,14400,1.00906735751
116698,116705,117047,7,342,16,21600,1.02046783626
116802,116808,118089,6,1281,2,14400,1.00468384075
116856,116863,145702,7,28839,12,28800,1.00024272686
116931,116937,117824,6,887,3,7200,1.0067643743
116980,116987,118222,7,1235,3,7200,1.00566801619
117051,117057,117146,6,89,16,21600,1.06741573034
117075,117081,118461,6,1380,12,3600,1.00434782609
117160,117166,117772,6,606,16,21600,1.0099009901
117233,117239,123023,6,5784,8,21600,1.0010373444
117245,117251,120611,6,3360,8,21600,1.00178571429
117266,117272,120664,6,3392,8,21600,1.00176886792
117290,117296,117305,6,9,8,21600,1.5
117309,117316,120725,7,3409,8,21600,1.00205338809
117405,118100,118111,695,11,8,21600,64.1818181818
117478,121156,124260,3678,3104,2,14400,2.18492268041
117507,118472,120136,965,1664,8,21600,1.57992788462
117507,118122,119798,615,1676,8,21600,1.3669451074
117508,118496,120083,988,1587,8,21600,1.62255828607
117508,118478,118485,970,7,8,21600,97.7
117586,119809,119815,2223,6,8,7200,222.9
117718,121162,123935,3444,2773,2,14400,2.24197619906
117765,120629,122343,2864,1714,3,14400,2.67094515753
117821,157903,325498,40082,167595,8,360000,1.23915987947
117828,117834,118107,6,273,16,21600,1.02197802198
117987,119827,128402,1840,8575,8,21600,1.21457725948
118070,120094,141703,2024,21609,8,21600,1.09366467676
118212,120148,130834,1936,10686,8,21600,1.18117162643
118275,159241,190114,40966,30873,3,259200,2.32691996243
118289,159247,184968,40958,25721,3,108000,2.592395319
118311,118318,118619,7,301,16,21600,1.02325581395
118356,159252,182067,40896,22815,3,108000,2.79250493097
118745,123036,125105,4291,2069,2,14400,3.07394876752
118989,123041,124467,4052,1426,2,14400,3.84151472651
119652,123331,123856,3679,525,2,14400,8.00761904762
119863,123336,124452,3473,1116,2,14400,4.11200716846
119890,120624,149388,734,28764,4,28800,1.02551800862
120636,120675,123319,39,2644,8,21600,1.01475037821
120643,120649,120676,6,27,1,1800,1.22222222222
120653,120951,121327,298,376,1,1800,1.79255319149
120659,120916,121321,257,405,1,1800,1.63456790123
120663,120687,120940,24,253,1,1800,1.09486166008
120681,121339,121657,658,318,2,1800,3.06918238994
120686,121151,121447,465,296,4,1800,2.57094594595
120689,120738,121139,49,401,8,1800,1.12219451372
120693,121168,124806,475,3638,16,3600,1.13056624519
120695,128823,132443,8128,3620,32,3600,3.2453038674
120698,125191,128811,4493,3620,64,3600,2.24116022099
120701,154236,157871,33535,3635,128,3600,10.2255845942
120772,124474,124483,3702,9,8,21600,371.1
121167,159210,699237,38043,540027,16,540000,1.07044647768
121186,123748,125213,2562,1465,1,14400,2.74880546075
121191,123341,123734,2150,393,2,14400,6.47073791349
121409,123346,124278,1937,932,2,14400,3.07832618026
121769,121775,124905,6,3130,1,7200,1.00191693291
122043,124036,124597,1993,561,2,21600,4.55258467023
122184,122191,122882,7,691,16,21600,1.01013024602
122986,122992,122997,6,5,16,21600,1.1
123068,123074,124077,6,1003,16,21600,1.00598205384
123146,159215,200252,36069,41037,16,72000,1.8789385189
123167,159220,200228,36053,41008,16,72000,1.87916991806
124055,124062,124220,7,158,1,7200,1.04430379747
124058,124068,124279,10,211,16,600,1.04739336493
124083,124089,124461,6,372,1,7200,1.01612903226
124100,124107,124826,7,719,1,7200,1.00973574409
124543,124550,128264,7,3714,1,7200,1.00188476037
124563,124570,124615,7,45,2,7200,1.15555555556
124640,124647,129050,7,4403,2,7200,1.00158982512
124643,124653,128356,10,3703,4,10800,1.0027005131
124882,128829,128994,3947,165,16,3600,24.9212121212
125099,125106,125108,7,2,1,7200,1.0
125203,159426,380973,34223,221547,3,604800,1.1544728658
125221,125233,125234,12,1,1,7200,1.3
125221,125227,130069,6,4842,8,21600,1.00123915737
125226,125240,126144,14,904,1,7200,1.01548672566
125278,125284,126149,6,865,1,7200,1.00693641618
125307,128834,133176,3527,4342,8,7200,1.81229847996
125639,128839,132184,3200,3345,8,7200,1.95665171898
126118,126161,126788,43,627,2,1800,1.06858054226
126493,126798,128619,305,1821,1,1800,1.1674903899
126498,126803,127276,305,473,1,1800,1.64482029598
127224,127231,127269,7,38,2,7200,1.18421052632
127303,127310,128915,7,1605,1,1800,1.00436137072
127471,142892,207841,15421,64949,2,172800,1.237432447
127505,127512,129353,7,1841,2,7200,1.00380228137
127582,127589,129353,7,1764,2,7200,1.00396825397
127584,127595,129354,11,1759,2,7200,1.00625355316
127585,127600,128097,15,497,2,7200,1.03018108652
127586,127606,129353,20,1747,2,7200,1.01144819691
127588,127611,129353,23,1742,2,7200,1.0132032147
127589,127616,129353,27,1737,2,7200,1.01554404145
127590,127622,129353,32,1731,2,7200,1.01848642403
127592,127628,129353,36,1725,2,7200,1.02086956522
127593,127633,127693,40,60,2,7200,1.66666666667
127594,127638,129353,44,1715,2,7200,1.02565597668
127596,127644,129353,48,1709,2,7200,1.02808660035
127597,127649,129354,52,1705,2,7200,1.03049853372
127599,127654,127741,55,87,2,7200,1.63218390805
127600,127659,129353,59,1694,2,7200,1.03482880756
127601,127665,129354,64,1689,2,7200,1.03789224393
127603,127670,129354,67,1684,2,7200,1.03978622328
127604,127675,127807,71,132,2,7200,1.53787878788
127605,127680,127716,75,36,2,7200,3.08333333333
127607,127686,129354,79,1668,2,7200,1.04736211031
127608,127691,128205,83,514,2,7200,1.16147859922
127609,127696,129354,87,1658,2,7200,1.05247285887
127611,127701,129354,90,1653,2,7200,1.05444646098
127612,127707,129354,95,1647,2,7200,1.05768063145
127614,127712,129354,98,1642,2,7200,1.05968331303
127615,127717,129354,102,1637,2,7200,1.06230910202
127617,127722,129354,105,1632,2,7200,1.06433823529
127618,127730,127814,112,84,2,7200,2.33333333333
127619,127735,127812,116,77,2,7200,2.50649350649
127621,127740,128295,119,555,2,7200,1.21441441441
127622,127746,129354,124,1608,2,7200,1.07711442786
127624,127751,129354,127,1603,2,7200,1.07922645041
127625,127756,129354,131,1598,2,7200,1.08197747184
127626,127761,128392,135,631,2,7200,1.21394611727
127628,127767,129354,139,1587,2,7200,1.08758664146
127629,127772,129354,143,1582,2,7200,1.09039190898
127630,127777,129354,147,1577,2,7200,1.09321496512
127632,127782,129354,150,1572,2,7200,1.09541984733
127633,127788,129225,155,1437,2,7200,1.10786360473
127634,127793,129354,159,1561,2,7200,1.10185778347
128051,154257,161571,26206,7314,2,43200,4.58299152311
128858,128864,129284,6,420,2,14400,1.01428571429
128914,128922,128925,8,3,1,1800,1.1
128934,128940,130618,6,1678,1,5400,1.00357568534
129010,129016,130853,6,1837,1,1800,1.00326619488
129022,129029,129030,7,1,1,1800,1.0
129097,129104,129577,7,473,2,14400,1.01479915433
129215,132457,132696,3242,239,64,3600,14.5648535565
129305,159236,171220,29931,11984,8,72000,3.49758010681
129395,129401,132820,6,3419,2,7200,1.00175489909
129396,129408,132831,12,3423,2,7200,1.00350569676
129398,129413,132746,15,3333,2,7200,1.00450045005
129399,129418,133038,19,3620,2,7200,1.00524861878
129400,129423,132929,23,3506,2,7200,1.00656018254
129403,129434,132525,31,3091,2,7200,1.01002911679
129404,129440,132924,36,3484,2,7200,1.01033295063
129406,129445,132527,39,3082,2,7200,1.0126541207
129407,129450,132896,43,3446,2,7200,1.01247823564
129409,129455,132401,46,2946,2,7200,1.0156143924
129410,129461,132901,51,3440,2,7200,1.0148255814
129411,129466,132784,55,3318,2,7200,1.01657625075
129413,129471,132792,58,3321,2,7200,1.01746461909
129414,129476,132936,62,3460,2,7200,1.01791907514
129415,129482,132894,67,3412,2,7200,1.01963657679
129417,129487,132442,70,2955,2,7200,1.02368866328
129418,129492,132881,74,3389,2,7200,1.02183534966
129419,129497,132663,78,3166,2,7200,1.02463676563
129423,129503,132759,80,3256,2,7200,1.02457002457
129427,129515,132836,88,3321,2,7200,1.02649804276
129428,129520,132906,92,3386,2,7200,1.02717070289
129430,129525,132596,95,3071,2,7200,1.03093454901
129431,129530,133338,99,3808,2,7200,1.02599789916
129432,129536,132595,104,3059,2,7200,1.03399803857
129434,129541,132549,107,3008,2,7200,1.03557180851
129435,129546,133330,111,3784,2,7200,1.02933403805
129436,129551,132524,115,2973,2,7200,1.03868146653
129438,129557,132729,119,3172,2,7200,1.03751576293
129439,129562,132915,123,3353,2,7200,1.03668356695
129441,129567,132858,126,3291,2,7200,1.03828623519
129442,129572,132933,130,3361,2,7200,1.03867896459
129443,129578,132854,135,3276,2,7200,1.04120879121
129445,129583,133133,138,3550,2,7200,1.03887323944
129446,129588,132930,142,3342,2,7200,1.04248952723
129447,129593,132846,146,3253,2,7200,1.04488164771
129449,129599,133226,150,3627,2,7200,1.04135649297
129450,129604,132924,154,3320,2,7200,1.04638554217
129451,129609,132647,158,3038,2,7200,1.05200789993
130652,130846,131447,194,601,1,5400,1.3227953411
131490,131497,136646,7,5149,1,5400,1.00135948728
132254,132260,132619,6,359,4,3600,1.01671309192
132258,132797,133291,539,494,32,14400,2.09109311741
132262,132268,133391,6,1123,8,18000,1.0053428317
132402,132408,135551,6,3143,2,7200,1.00190900414
132444,132450,135895,6,3445,2,7200,1.00174165457
132525,132531,135849,6,3318,2,7200,1.00180831826
132541,132547,135731,6,3184,2,7200,1.00188442211
132595,132607,136102,12,3495,2,7200,1.00343347639
132730,132737,136230,7,3493,2,7200,1.00200400802
132744,132750,136609,6,3859,2,7200,1.00155480694
132759,132765,136398,6,3633,2,7200,1.00165152766
132785,132791,135946,6,3155,2,7200,1.00190174326
132800,132806,136345,6,3539,2,7200,1.00169539418
132820,132826,136090,6,3264,2,7200,1.00183823529
132835,132841,136075,6,3234,2,7200,1.00185528757
132850,132857,136074,7,3217,2,7200,1.00217594032
132851,132864,136047,13,3183,2,7200,1.0040841973
132866,132873,136467,7,3594,2,7200,1.0019476906
132867,132880,136093,13,3213,2,7200,1.00404606287
132882,132888,136578,6,3690,2,7200,1.00162601626
132897,132904,136333,7,3429,2,7200,1.00204141149
132898,132910,136219,12,3309,2,7200,1.00362647325
132913,132919,136304,6,3385,2,7200,1.00177252585
132914,132926,136615,12,3689,2,7200,1.00325291407
132929,132937,136096,8,3159,2,7200,1.00253244698
132931,132942,136572,11,3630,2,7200,1.00303030303
132932,132949,136580,17,3631,2,7200,1.00468190581
132933,132954,136091,21,3137,2,7200,1.00669429391
132948,132961,136713,13,3752,2,7200,1.00346481876
132950,132966,136500,16,3534,2,7200,1.00452744765
132951,132971,136360,20,3389,2,7200,1.00590144585
133006,133013,138823,7,5810,1,7200,1.00120481928
133038,133045,136464,7,3419,2,7200,1.00204738228
133133,133141,136079,8,2938,2,7200,1.00272294078
133226,133234,136710,8,3476,2,7200,1.00230149597
133332,133338,136757,6,3419,2,7200,1.00175489909
133346,133353,136776,7,3423,2,7200,1.00204498978
133732,141716,141752,7984,36,1,356400,222.777777778
134137,134144,137758,7,3614,4,3600,1.00193691201
135553,135559,139009,6,3450,2,7200,1.00173913043
135730,135736,139110,6,3374,2,7200,1.00177830468
135805,159257,163923,23452,4666,4,36000,6.02614659237
135838,159262,164269,23424,5007,4,36000,5.67825044937
135848,159268,166536,23420,7268,4,36000,4.22234452394
135850,135856,139119,6,3263,2,7200,1.00183879865
135856,159273,167105,23417,7832,4,36000,3.98991317671
135866,159278,165429,23412,6151,4,36000,4.8062103723
135895,135902,139284,7,3382,2,7200,1.00206978119
135949,135955,139393,6,3438,2,7200,1.0017452007
136048,136054,139497,6,3443,2,7200,1.00174266628
136075,136081,139202,6,3121,2,7200,1.00192246075
136076,136088,139616,12,3528,2,7200,1.00340136054
136092,136099,139505,7,3406,2,7200,1.00205519671
136093,136106,139427,13,3321,2,7200,1.00391448359
136094,136111,139268,17,3157,2,7200,1.00538485904
136109,136118,139489,9,3371,2,7200,1.00266983091
136111,136123,139578,12,3455,2,7200,1.00347322721
136112,136130,139656,18,3526,2,7200,1.00510493477
136217,136223,139675,6,3452,2,7200,1.00173812283
136232,136238,139523,6,3285,2,7200,1.00182648402
136304,136311,139672,7,3361,2,7200,1.00208271348
136334,136340,139479,6,3139,2,7200,1.00191143676
136349,136355,140127,6,3772,2,7200,1.00159066808
136363,136370,139676,7,3306,2,7200,1.00211736237
136396,136403,139435,7,3032,2,7200,1.00230870712
136466,136473,140133,7,3660,2,7200,1.00191256831
136481,136487,139737,6,3250,2,7200,1.00184615385
136501,136507,139732,6,3225,2,7200,1.00186046512
136570,136577,140267,7,3690,2,7200,1.00189701897
136585,136592,139979,7,3387,2,7200,1.00206672572
136586,136598,139694,12,3096,2,7200,1.00387596899
136607,136615,139740,8,3125,2,7200,1.00256
136622,136629,139923,7,3294,2,7200,1.0021250759
136689,136695,136728,6,33,1,9000,1.18181818182
136709,136716,139890,7,3174,2,7200,1.00220541903
136724,136730,140111,6,3381,2,7200,1.00177462289
136756,136763,140073,7,3310,2,7200,1.00211480363
136774,136780,140261,6,3481,2,7200,1.00172364263
136781,136788,140734,7,3946,1,9000,1.0017739483
137302,163934,328193,26632,164259,4,432000,1.16213419052
137374,164280,182780,26906,18500,4,432000,2.45437837838
137705,165233,319999,27528,154766,2,432000,1.17786852409
137761,159289,159442,21528,153,1,18000,141.705882353
138019,165441,311464,27422,146023,2,432000,1.18779233408
138288,165222,174723,26934,9501,4,432000,3.83485948847
138328,138334,139336,6,1002,1,7200,1.00598802395
138567,165447,311354,26880,145907,2,259200,1.18422693908
138845,138851,140734,6,1883,1,7200,1.00318640467
139008,139015,142538,7,3523,2,7200,1.00198694295
139107,139113,142624,6,3511,2,7200,1.00170891484
139121,139128,142439,7,3311,2,7200,1.0021141649
139202,139210,142589,8,3379,2,7200,1.00236756437
139268,139275,142286,7,3011,2,7200,1.00232480903
139283,139289,142377,6,3088,2,7200,1.00194300518
139346,139352,140734,6,1382,1,7200,1.00434153401
139394,139401,142702,7,3301,2,7200,1.00212056952
139427,139433,142495,6,3062,2,7200,1.00195950359
139442,139448,142963,6,3515,2,7200,1.00170697013
139481,139487,142439,6,2952,2,7200,1.00203252033
139495,139504,142946,9,3442,2,7200,1.00261475886
139510,139517,142732,7,3215,2,7200,1.00217729393
139512,139523,142936,11,3413,2,7200,1.00322297099
139526,139532,143138,6,3606,2,7200,1.00166389351
139577,139584,142876,7,3292,2,7200,1.00212636695
139616,139622,142938,6,3316,2,7200,1.00180940893
139658,139664,143181,6,3517,2,7200,1.00170599943
139673,139680,143137,7,3457,2,7200,1.00202487706
139688,139695,143067,7,3372,2,7200,1.00207591934
139689,139702,143157,13,3455,2,7200,1.00376266281
139705,139711,143059,6,3348,2,7200,1.0017921147
139732,139739,143195,7,3456,2,7200,1.00202546296
139747,139753,143152,6,3399,2,7200,1.00176522507
139750,139760,143446,10,3686,2,7200,1.00271296799
139891,139898,143394,7,3496,2,7200,1.00200228833
139924,139930,143469,6,3539,2,7200,1.00169539418
139981,139987,143192,6,3205,2,7200,1.00187207488
140074,140080,143729,6,3649,2,7200,1.00164428611
140113,140120,143212,7,3092,2,7200,1.00226390686
140127,140135,143279,8,3144,2,7200,1.00254452926
140143,140149,143671,6,3522,2,7200,1.00170357751
140263,140270,143399,7,3129,2,7200,1.00223713647
140278,140285,143221,7,2936,2,7200,1.00238419619
140550,166516,171262,25966,4746,2,259200,6.47113358618
140695,166522,168217,25827,1695,2,259200,16.2371681416
140707,154241,207795,13534,53554,6,88200,1.25271688389
140719,154246,157805,13527,3559,6,88200,4.80078673785
140855,140861,141168,6,307,1,7200,1.01954397394
140879,140886,141163,7,277,1,9000,1.02527075812
140904,140911,141165,7,254,1,7200,1.02755905512
141240,141247,141659,7,412,1,7200,1.01699029126
141257,141265,141661,8,396,1,7200,1.0202020202
141276,141282,141663,6,381,1,9000,1.0157480315
141778,141785,146894,7,5109,1,7200,1.00137013114
141793,141800,146896,7,5096,1,7200,1.00137362637
141984,141991,142157,7,166,16,3600,1.0421686747
142029,142169,145777,140,3608,32,3600,1.03880266075
142061,145714,146344,3653,630,64,600,6.79841269841
142075,157882,158498,15807,616,128,600,26.6607142857
142276,142601,146901,325,4300,1,7200,1.07558139535
142290,142296,145565,6,3269,2,7200,1.00183542368
142377,142384,145438,7,3054,2,7200,1.00229207597
142440,142446,145594,6,3148,2,7200,1.00190597205
142441,142454,145757,13,3303,2,7200,1.00393581592
142494,142500,145805,6,3305,2,7200,1.00181543116
142535,142543,145858,8,3315,2,7200,1.002413273
142586,142592,145877,6,3285,2,7200,1.00182648402
142625,142632,145407,7,2775,2,7200,1.00252252252
142697,142703,146191,6,3488,2,7200,1.00172018349
142733,142740,146509,7,3769,2,7200,1.00185725657
142877,142884,146108,7,3224,2,7200,1.00217121588
142937,142944,146010,7,3066,2,7200,1.00228310502
142939,142951,146537,12,3586,2,7200,1.0033463469
142953,142960,146436,7,3476,2,7200,1.00201380898
142968,142975,146323,7,3348,2,7200,1.00209080048
143058,143065,143463,7,398,2,7200,1.0175879397
143073,143079,146489,6,3410,2,7200,1.00175953079
143136,143143,146579,7,3436,2,7200,1.00203725262
143151,143158,146534,7,3376,2,7200,1.00207345972
143166,143172,146614,6,3442,2,7200,1.00174317257
143167,143179,146216,12,3037,2,7200,1.0039512677
143182,143188,146422,6,3234,2,7200,1.00185528757
143197,143203,146477,6,3274,2,7200,1.00183262065
143198,143210,146078,12,2868,2,7200,1.00418410042
143215,143221,146622,6,3401,2,7200,1.001764187
143230,143236,146912,6,3676,2,7200,1.00163220892
143281,143288,146530,7,3242,2,7200,1.00215916101
143395,143402,147026,7,3624,2,7200,1.00193156733
143410,143416,146480,6,3064,2,7200,1.00195822454
143446,143452,146656,6,3204,2,7200,1.00187265918
143463,143476,147113,13,3637,2,7200,1.00357437448
143478,143484,146671,6,3187,2,7200,1.00188264826
143674,143681,147108,7,3427,2,7200,1.00204260286
143730,143738,147110,8,3372,2,7200,1.00237247924
144040,146218,149258,2178,3040,32,3000,1.71644736842
144051,146355,147272,2304,917,64,3300,3.51254089422
144316,145789,146206,1473,417,16,2400,4.53237410072
145128,145134,148235,6,3101,1,3600,1.00193485972
145408,145415,148907,7,3492,2,7200,1.0020045819
145438,145445,148588,7,3143,2,7200,1.00222717149
145567,145573,149164,6,3591,2,7200,1.00167084378
145594,145600,148825,6,3225,2,7200,1.00186046512
145756,145768,149350,12,3582,2,7200,1.00335008375
145804,145810,149099,6,3289,2,7200,1.00182426269
145859,145865,149276,6,3411,2,7200,1.00175901495
145876,145883,149143,7,3260,2,7200,1.00214723926
146012,146019,149381,7,3362,2,7200,1.00208209399
146075,146082,149371,7,3289,2,7200,1.00212830648
146108,146114,149545,6,3431,2,7200,1.00174876129
146192,146198,149528,6,3330,2,7200,1.0018018018
146216,146224,149155,8,2931,2,7200,1.00272944388
146324,146330,149646,6,3316,2,7200,1.00180940893
146423,146429,149788,6,3359,2,7200,1.00178624591
146438,146444,149691,6,3247,2,7200,1.00184785956
146479,146487,149765,8,3278,2,7200,1.00244051251
146494,146501,149854,7,3353,2,7200,1.00208768267
146496,146507,149771,11,3264,2,7200,1.00337009804
146511,146517,149903,6,3386,2,7200,1.00177200236
146531,146538,149817,7,3279,2,7200,1.00213479719
146546,146554,149773,8,3219,2,7200,1.00248524386
146548,146560,150146,12,3586,2,7200,1.0033463469
146579,146585,149820,6,3235,2,7200,1.00185471406
146616,146622,149772,6,3150,2,7200,1.0019047619
146630,146638,149805,8,3167,2,7200,1.00252604989
146657,146664,150167,7,3503,2,7200,1.00199828718
146671,147285,147762,614,477,32,3000,2.28721174004
146672,146678,150427,6,3749,2,7200,1.00160042678
146797,147290,147808,493,518,32,3000,1.95173745174
146913,146919,150321,6,3402,2,7200,1.00176366843
147024,147030,150454,6,3424,2,7200,1.00175233645
147108,147120,150515,12,3395,2,7200,1.00353460972
147110,147125,150649,15,3524,2,7200,1.00425652667
147124,147131,150360,7,3229,2,7200,1.00216785382
147377,159974,167183,12597,7209,1,7200,2.74739908448
147401,159979,162971,12578,2992,1,7200,5.20387700535
147418,165452,168433,18034,2981,1,7200,7.0496477692
147640,158509,159193,10869,684,128,3540,16.8903508772
148019,157909,157911,9890,2,2,10800,989.2
148172,157922,159218,9750,1296,2,25200,8.52314814815
148274,157817,159967,9543,2150,6,360000,5.43860465116
148587,148594,152194,7,3600,2,7200,1.00194444444
148765,159301,162847,10536,3546,2,25200,3.97123519459
148825,148832,152238,7,3406,2,7200,1.00205519671
148834,154252,156068,5418,1816,1,1800,3.98348017621
148880,148886,149201,6,315,1,300,1.01904761905
148909,148916,152393,7,3477,2,7200,1.0020132298
149101,149107,152421,6,3314,2,7200,1.00181050091
149144,149151,152807,7,3656,2,7200,1.00191466083
149159,149165,152370,6,3205,2,7200,1.00187207488
149173,159453,168879,10280,9426,2,25200,2.09060046679
149173,149180,152556,7,3376,2,7200,1.00207345972
149278,149285,152444,7,3159,2,7200,1.0022158911
149350,149357,152716,7,3359,2,7200,1.00208395356
149371,149377,152642,6,3265,2,7200,1.00183767228
149386,149392,152872,6,3480,2,7200,1.00172413793
149530,149537,153168,7,3631,2,7200,1.00192784357
149548,149555,152646,7,3091,2,7200,1.00226463928
149647,149653,153120,6,3467,2,7200,1.00173060283
149692,149699,153188,7,3489,2,7200,1.00200630553
149764,149770,153017,6,3247,2,7200,1.00184785956
149779,149785,153451,6,3666,2,7200,1.00163666121
149781,149792,153087,11,3295,2,7200,1.0033383915
149782,149797,153417,15,3620,2,7200,1.00414364641
149797,149804,153130,7,3326,2,7200,1.00210463019
149813,149819,153480,6,3661,2,7200,1.00163889648
149830,149836,153343,6,3507,2,7200,1.00171086399
149831,149843,153331,12,3488,2,7200,1.00344036697
149855,149861,153562,6,3701,2,7200,1.00162118346
149903,149909,153460,6,3551,2,7200,1.00168966488
150042,162859,164310,12817,1451,8,7200,9.83321847002
150147,150154,153705,7,3551,2,7200,1.0019712757
150168,150174,153393,6,3219,2,7200,1.0018639329
150322,150328,153664,6,3336,2,7200,1.00179856115
150361,150367,153787,6,3420,2,7200,1.00175438596
150430,150436,154242,6,3806,2,7200,1.00157645822
150456,150463,153673,7,3210,2,7200,1.00218068536
150516,150523,153728,7,3205,2,7200,1.00218408736
150652,150659,153849,7,3190,2,7200,1.00219435737
150850,159294,166502,8444,7208,4,7200,2.17147613762
150862,159317,159318,8455,1,4,7200,845.6
150864,159335,159336,8471,1,4,7200,847.2
150867,159348,159349,8481,1,4,7200,848.2
150870,159361,159362,8491,1,4,7200,849.2
150872,159374,159375,8502,1,4,7200,850.3
150875,159387,159388,8512,1,4,7200,851.3
150877,159399,159400,8522,1,4,7200,852.3
150880,159412,159413,8532,1,4,7200,853.3
151513,165227,168454,13714,3227,2,25200,5.24976758599
152196,152202,155626,6,3424,2,7200,1.00175233645
152241,152247,155755,6,3508,2,7200,1.00171037628
152367,152373,155913,6,3540,2,7200,1.00169491525
152394,152401,155715,7,3314,2,7200,1.00211225106
152421,152427,156018,6,3591,2,7200,1.00167084378
152445,152451,155539,6,3088,2,7200,1.00194300518
152556,152564,155616,8,3052,2,7200,1.00262123198
152644,152650,156139,6,3489,2,7200,1.00171969046
152645,152656,156526,11,3870,2,7200,1.00284237726
152717,152725,156061,8,3336,2,7200,1.00239808153
152808,152815,156178,7,3363,2,7200,1.00208147487
152875,152881,155929,6,3048,2,7200,1.00196850394
152974,159205,166521,6231,7316,32,28800,1.85169491525
153019,153027,156246,8,3219,2,7200,1.00248524386
153086,153092,156385,6,3293,2,7200,1.00182204677
153121,153129,156798,8,3669,2,7200,1.00218043064
153136,153142,156105,6,2963,2,7200,1.00202497469
153169,153175,156631,6,3456,2,7200,1.00173611111
153190,153196,156655,6,3459,2,7200,1.00173460538
153332,153338,156483,6,3145,2,7200,1.00190779014
153347,153354,154951,7,1597,2,7200,1.00438321853
153396,153403,157239,7,3836,2,7200,1.00182481752
153416,153423,156757,7,3334,2,7200,1.00209958008
153452,153459,156750,7,3291,2,7200,1.00212701307
153467,153473,156745,6,3272,2,7200,1.00183374083
153482,153489,153734,7,245,2,7200,1.02857142857
153560,153566,157309,6,3743,2,7200,1.00160299225
153666,153672,157345,6,3673,2,7200,1.00163354206
153681,153688,157015,7,3327,2,7200,1.0021039976
153704,153711,157026,7,3315,2,7200,1.00211161388
153728,153734,157259,6,3525,2,7200,1.00170212766
153743,153750,157096,7,3346,2,7200,1.00209205021
153788,153794,157013,6,3219,2,7200,1.0018639329
153852,153860,157447,8,3587,2,7200,1.002230276
154241,154263,157406,22,3143,2,7200,1.00699968183
154955,154962,158545,7,3583,2,7200,1.00195367011
155539,155546,158878,7,3332,2,7200,1.00210084034
155617,155624,159211,7,3587,2,7200,1.0019514915
155632,155640,158924,8,3284,2,7200,1.00243605359
155716,155723,158850,7,3127,2,7200,1.00223856732
155752,155758,158875,6,3117,2,7200,1.00192492782
155915,155921,159450,6,3529,2,7200,1.00170019836
155929,155937,159050,8,3113,2,7200,1.00256986829
156020,156026,159236,6,3210,2,7200,1.00186915888
156062,156068,159322,6,3254,2,7200,1.00184388445
156106,156113,159424,7,3311,2,7200,1.0021141649
156139,156146,159556,7,3410,2,7200,1.00205278592
156178,156184,159405,6,3221,2,7200,1.00186277554
156184,165834,173079,9650,7245,1,7200,2.33195307108
156247,156253,159412,6,3159,2,7200,1.00189933523
156386,156392,159956,6,3564,2,7200,1.00168350168
156485,156491,160023,6,3532,2,7200,1.00169875425
156527,156533,159487,6,2954,2,7200,1.00203114421
156632,156638,160227,6,3589,2,7200,1.00167177487
156656,156663,159642,7,2979,2,7200,1.00234978181
156746,156754,160120,8,3366,2,7200,1.00237670826
156761,156768,159774,7,3006,2,7200,1.00232867598
156763,156774,160180,11,3406,2,7200,1.00322959483
156799,156806,159997,7,3191,2,7200,1.0021936697
157014,157020,158170,6,1150,2,7200,1.0052173913
157028,157035,160339,7,3304,2,7200,1.00211864407
157030,157042,160153,12,3111,2,7200,1.00385728062
157096,157102,160299,6,3197,2,7200,1.00187675946
157240,157246,158470,6,1224,2,7200,1.00490196078
157262,157269,160433,7,3164,2,7200,1.00221238938
157310,157316,160754,6,3438,2,7200,1.0017452007
157346,157352,160935,6,3583,2,7200,1.00167457438
157406,157413,160931,7,3518,2,7200,1.00198976691
157448,157454,160725,6,3271,2,7200,1.00183430144
158172,158179,161327,7,3148,2,7200,1.00222363405
158471,158478,159067,7,589,2,7200,1.01188455008
158545,158553,161676,8,3123,2,7200,1.00256163945
158849,158857,162089,8,3232,2,7200,1.00247524752
158876,158883,162140,7,3257,2,7200,1.00214921707
158891,158897,162621,6,3724,2,7200,1.00161117078
158924,158931,162398,7,3467,2,7200,1.00201903663
159050,159056,159076,6,20,2,7200,1.3
159068,159074,162650,6,3576,2,7200,1.00167785235
159083,159090,162154,7,3064,2,7200,1.0022845953
159212,159306,162815,94,3509,2,7200,1.02678825876
159238,159311,162893,73,3582,2,7200,1.02037967616
159323,159329,162743,6,3414,2,7200,1.00175746924
159408,159420,162980,12,3560,2,7200,1.00337078652
159423,159434,162660,11,3226,2,7200,1.00340979541
159424,159439,162744,15,3305,2,7200,1.00453857791
159451,159461,162712,10,3251,2,7200,1.00307597662
159487,159493,162611,6,3118,2,7200,1.00192431046
159556,159562,162792,6,3230,2,7200,1.00185758514
159643,159649,163041,6,3392,2,7200,1.00176886792
159775,159783,163018,8,3235,2,7200,1.00247295209
159954,159960,163570,6,3610,2,7200,1.00166204986
159998,160006,163452,8,3446,2,7200,1.00232153221
160025,160031,163666,6,3635,2,7200,1.00165061898
160122,160129,160495,7,366,2,7200,1.01912568306
160155,160161,163690,6,3529,2,7200,1.00170019836
160181,160187,163674,6,3487,2,7200,1.0017206768
160226,160232,163450,6,3218,2,7200,1.00186451212
160298,160305,163671,7,3366,2,7200,1.00207961973
160340,160348,163746,8,3398,2,7200,1.00235432607
160434,160440,163833,6,3393,2,7200,1.0017683466
160497,160504,163860,7,3356,2,7200,1.00208581645
160669,166535,166892,5866,357,8,600,17.431372549
160726,160732,164121,6,3389,2,7200,1.00177043376
160756,160762,163927,6,3165,2,7200,1.0018957346
160933,160939,164195,6,3256,2,7200,1.00184275184
160948,160954,164390,6,3436,2,7200,1.00174621653
161328,161334,164592,6,3258,2,7200,1.00184162063
161681,161688,165172,7,3484,2,7200,1.00200918485
162091,162097,165458,6,3361,2,7200,1.00178518298
162142,162148,165482,6,3334,2,7200,1.00179964007
162157,162163,165593,6,3430,2,7200,1.00174927114
162399,162406,165760,7,3354,2,7200,1.00208706023
162613,162620,166495,7,3875,2,7200,1.00180645161
162628,162634,165999,6,3365,2,7200,1.00178306092
162651,162659,166039,8,3380,2,7200,1.00236686391
162666,162672,166107,6,3435,2,7200,1.00174672489
162714,162721,166005,7,3284,2,7200,1.00213154689
162744,162751,166210,7,3459,2,7200,1.00202370627
162746,162758,165943,12,3185,2,7200,1.00376766091
162794,162800,165994,6,3194,2,7200,1.00187852223
162817,162824,166398,7,3574,2,7200,1.00195858982
162893,162899,166255,6,3356,2,7200,1.00178784267
162977,162984,165926,7,2942,2,7200,1.00237933379
163019,163025,166368,6,3343,2,7200,1.00179479509
163043,163049,166519,6,3470,2,7200,1.00172910663
163450,163456,166614,6,3158,2,7200,1.00189993667
163464,163472,166696,8,3224,2,7200,1.00248138958
163573,163580,166872,7,3292,2,7200,1.00212636695
163666,163673,167401,7,3728,2,7200,1.0018776824
163681,163687,167326,6,3639,2,7200,1.00164880462
163682,163693,167046,11,3353,2,7200,1.0032806442
163697,163704,167200,7,3496,2,7200,1.00200228833
163748,163755,167095,7,3340,2,7200,1.00209580838
163835,163841,166978,6,3137,2,7200,1.0019126554
163862,163869,164381,7,512,2,7200,1.013671875
163928,163940,167045,12,3105,2,7200,1.0038647343
164123,164131,167473,8,3342,2,7200,1.00239377618
164196,164202,167865,6,3663,2,7200,1.00163800164
164275,166562,166569,2287,7,2,7200,229.4
164283,166567,173798,2284,7231,2,7200,1.31586225972
164382,164388,167210,6,2822,2,7200,1.00212615167
164397,164403,165540,6,1137,2,7200,1.00527704485
164592,164600,168087,8,3487,2,7200,1.00229423573
164906,166546,169500,1640,2954,2,10800,1.55517941774
165174,165180,168330,6,3150,2,7200,1.0019047619
165343,166551,169503,1208,2952,2,21600,1.40921409214
165460,165466,168957,6,3491,2,7200,1.00171870524
165484,165491,169103,7,3612,2,7200,1.0019379845
165541,165547,168762,6,3215,2,7200,1.00186625194
165595,165601,168666,6,3065,2,7200,1.00195758564
165761,165767,166274,6,507,2,7200,1.01183431953
165926,165934,169804,8,3870,2,7200,1.00206718346
165944,165951,169157,7,3206,2,7200,1.00218340611
165995,166002,169102,7,3100,2,7200,1.00225806452
166011,166017,169197,6,3180,2,7200,1.00188679245
166012,166023,169392,11,3369,2,7200,1.00326506382
166039,166045,169503,6,3458,2,7200,1.001735107
166108,166115,169299,7,3184,2,7200,1.00219849246
166210,166216,169805,6,3589,2,7200,1.00167177487
166255,166262,169478,7,3216,2,7200,1.00217661692
166276,166282,169660,6,3378,2,7200,1.00177619893
166370,166377,169956,7,3579,2,7200,1.00195585359
166399,166406,169545,7,3139,2,7200,1.00223000956
166496,166503,170334,7,3831,2,7200,1.00182719916
166520,166528,169726,8,3198,2,7200,1.00250156348
166615,166621,169788,6,3167,2,7200,1.00189453742
166697,166703,170223,6,3520,2,7200,1.00170454545
166768,166774,191874,6,25100,2,259200,1.00023904382
166818,166824,184747,6,17923,2,259200,1.00033476539
166874,166880,170190,6,3310,2,7200,1.00181268882
166946,166952,194159,6,27207,2,259200,1.00022053148
166979,166985,170338,6,3353,2,7200,1.00178944229
166979,166991,180673,12,13682,2,259200,1.00087706476
167046,167052,170575,6,3523,2,7200,1.00170309395
167047,167058,170437,11,3379,2,7200,1.00325540101
167095,167101,170701,6,3600,2,7200,1.00166666667
167200,167206,170642,6,3436,2,7200,1.00174621653
167216,167222,170689,6,3467,2,7200,1.00173060283
167327,167333,170425,6,3092,2,7200,1.00194049159
167402,167408,170810,6,3402,2,7200,1.00176366843
167475,167481,170825,6,3344,2,7200,1.00179425837
167866,167872,169562,6,1690,2,7200,1.00355029586
168086,168092,171102,6,3010,2,7200,1.00199335548
168330,168336,171857,6,3521,2,7200,1.00170406135
168514,168520,168680,6,160,1,18000,1.0375
168666,169802,529810,1136,360008,6,360000,1.00315548543
168667,168673,172376,6,3703,2,7200,1.00162030786
168763,168770,171916,7,3146,2,7200,1.00222504768
168959,168966,172217,7,3251,2,7200,1.00215318364
169103,169110,172082,7,2972,2,7200,1.00235531629
169105,169117,172424,12,3307,2,7200,1.00362866647
169156,169162,172585,6,3423,2,7200,1.00175284838
169198,169204,172661,6,3457,2,7200,1.00173560891
169300,169306,172762,6,3456,2,7200,1.00173611111
169393,169399,172604,6,3205,2,7200,1.00187207488
169478,169484,170012,6,528,2,7200,1.01136363636
169505,169511,173063,6,3552,2,7200,1.00168918919
169516,169808,170040,292,232,1,18000,2.25862068966
169547,169553,172745,6,3192,2,7200,1.00187969925
169562,169568,172783,6,3215,2,7200,1.00186625194
169658,169664,172809,6,3145,2,7200,1.00190779014
169727,169733,172901,6,3168,2,7200,1.00189393939
169790,169796,173150,6,3354,2,7200,1.00178890877
169805,169814,173031,9,3217,2,7200,1.00279763755
169819,169826,172987,7,3161,2,7200,1.00221448909
169955,169961,173229,6,3268,2,7200,1.00183598531
170012,170018,173924,6,3906,2,7200,1.00153609831
170190,170196,173329,6,3133,2,7200,1.00191509735
170225,170231,172856,6,2625,2,7200,1.00228571429
170334,170340,173812,6,3472,2,7200,1.0017281106
170348,170355,173416,7,3061,2,7200,1.00228683437
170424,170430,173904,6,3474,2,7200,1.00172711572
170438,170445,173523,7,3078,2,7200,1.00227420403
170484,170716,203995,232,33279,12,172800,1.00697136332
170574,170580,173958,6,3378,2,7200,1.00177619893
170640,170646,173904,6,3258,2,7200,1.00184162063
170688,170694,174319,6,3625,2,7200,1.00165517241
170703,170709,174193,6,3484,2,7200,1.00172215844
170810,170816,174469,6,3653,2,7200,1.00164248563
170825,170831,173931,6,3100,2,7200,1.00193548387
171102,171108,174300,6,3192,2,7200,1.00187969925
171858,171864,174902,6,3038,2,7200,1.00197498354
171915,171922,175374,7,3452,2,7200,1.00202780997
172084,172090,175168,6,3078,2,7200,1.00194931774
172095,173430,174669,1335,1239,16,36600,2.07748184019
172218,172225,175518,7,3293,2,7200,1.00212572123
172378,172385,175976,7,3591,2,7200,1.00194931774
172426,172432,175314,6,2882,2,7200,1.00208188758
172585,172591,175910,6,3319,2,7200,1.00180777343
172606,172613,176288,7,3675,2,7200,1.0019047619
172663,172669,175956,6,3287,2,7200,1.00182537268
172744,172750,176143,6,3393,2,7200,1.0017683466
172762,172768,176036,6,3268,2,7200,1.00183598531
172783,172789,176405,6,3616,2,7200,1.00165929204
172810,172816,176184,6,3368,2,7200,1.00178147268
172858,172864,175891,6,3027,2,7200,1.00198216056
172900,172906,176396,6,3490,2,7200,1.00171919771
172987,172993,176087,6,3094,2,7200,1.00193923723
173032,173038,176213,6,3175,2,7200,1.00188976378
173062,173068,176386,6,3318,2,7200,1.00180831826
173152,173159,176534,7,3375,2,7200,1.00207407407
173230,173237,176822,7,3585,2,7200,1.0019525802
173330,173336,176958,6,3622,2,7200,1.00165654335
173417,173423,176835,6,3412,2,7200,1.00175849941
173522,173529,177078,7,3549,2,7200,1.00197238659
173815,173821,176998,6,3177,2,7200,1.00188857413
173905,173911,177403,6,3492,2,7200,1.00171821306
173906,173917,177177,11,3260,2,7200,1.00337423313
173924,173930,177297,6,3367,2,7200,1.00178200178
173939,173945,177613,6,3668,2,7200,1.00163576881
173960,173966,177738,6,3772,2,7200,1.00159066808
174192,174198,177862,6,3664,2,7200,1.00163755459
174303,174310,177827,7,3517,2,7200,1.00199033267
174321,174328,177422,7,3094,2,7200,1.00226244344
174469,174475,177687,6,3212,2,7200,1.00186799502
174897,174903,178259,6,3356,2,7200,1.00178784267
175169,175175,178671,6,3496,2,7200,1.00171624714
175313,175320,178135,7,2815,2,7200,1.00248667851
175374,175380,179216,6,3836,2,7200,1.0015641293
175519,175525,178696,6,3171,2,7200,1.00189214759
175890,175897,179427,7,3530,2,7200,1.00198300283
175912,175918,179410,6,3492,2,7200,1.00171821306
175957,175963,179035,6,3072,2,7200,1.001953125
175972,175978,179078,6,3100,2,7200,1.00193548387
176038,176044,179101,6,3057,2,7200,1.00196270854
176089,176095,179537,6,3442,2,7200,1.00174317257
176146,176152,179396,6,3244,2,7200,1.00184956843
176185,176191,179609,6,3418,2,7200,1.00175541252
176215,176221,179406,6,3185,2,7200,1.00188383046
176290,176297,179441,7,3144,2,7200,1.0022264631
176387,176393,179869,6,3476,2,7200,1.00172612198
176402,176408,179517,6,3109,2,7200,1.00192988099
176417,176423,179925,6,3502,2,7200,1.00171330668
176534,176541,179687,7,3146,2,7200,1.00222504768
176824,176830,180133,6,3303,2,7200,1.00181653043
176839,176845,180273,6,3428,2,7200,1.00175029172
176960,176966,180114,6,3148,2,7200,1.00190597205
176999,177005,180308,6,3303,2,7200,1.00181653043
177077,177083,180558,6,3475,2,7200,1.00172661871
177176,177182,180781,6,3599,2,7200,1.00166712976
177297,177303,180713,6,3410,2,7200,1.00175953079
177405,177411,180922,6,3511,2,7200,1.00170891484
177423,177429,181078,6,3649,2,7200,1.00164428611
177614,177620,181081,6,3461,2,7200,1.001733603
177689,177695,181322,6,3627,2,7200,1.00165425972
177740,177746,180941,6,3195,2,7200,1.00187793427
177827,177834,180993,7,3159,2,7200,1.0022158911
177864,177870,181142,6,3272,2,7200,1.00183374083
178133,178139,181448,6,3309,2,7200,1.00181323663
178260,178266,181721,6,3455,2,7200,1.0017366136
178671,178677,182019,6,3342,2,7200,1.00179533214
178698,178705,181999,7,3294,2,7200,1.0021250759
179033,179039,182165,6,3126,2,7200,1.0019193858
179078,179084,182118,6,3034,2,7200,1.00197758734
179102,179108,182740,6,3632,2,7200,1.00165198238
179213,179220,182269,7,3049,2,7200,1.0022958347
179398,179404,182703,6,3299,2,7200,1.00181873295
179413,179419,182508,6,3089,2,7200,1.00194237617
179414,179425,182519,11,3094,2,7200,1.00355526826
179429,179435,182783,6,3348,2,7200,1.0017921147
179444,179450,182620,6,3170,2,7200,1.00189274448
179516,179522,183291,6,3769,2,7200,1.0015919342
179537,179543,182399,6,2856,2,7200,1.00210084034
179609,179615,182920,6,3305,2,7200,1.00181543116
179688,179694,183089,6,3395,2,7200,1.00176730486
179872,179878,183237,6,3359,2,7200,1.00178624591
179926,179932,183214,6,3282,2,7200,1.00182815356
180116,180123,183395,7,3272,2,7200,1.0021393643
180134,180140,183355,6,3215,2,7200,1.00186625194
180273,180279,183703,6,3424,2,7200,1.00175233645
180309,180315,184008,6,3693,2,7200,1.00162469537
180560,180565,183914,5,3349,2,7200,1.00149298298
180717,180723,183925,6,3202,2,7200,1.00187382886
180783,180789,184119,6,3330,2,7200,1.0018018018
180922,180928,184352,6,3424,2,7200,1.00175233645
180943,180949,184171,6,3222,2,7200,1.00186219739
180994,181000,184444,6,3444,2,7200,1.00174216028
181078,181085,184141,7,3056,2,7200,1.00229057592
181093,181099,184594,6,3495,2,7200,1.0017167382
181141,181147,182836,6,1689,2,7200,1.00355239787
181322,181329,184694,7,3365,2,7200,1.00208023774
181449,181455,184575,6,3120,2,7200,1.00192307692
181721,181727,185357,6,3630,2,7200,1.00165289256
182000,182006,185393,6,3387,2,7200,1.00177147919
182021,182027,185666,6,3639,2,7200,1.00164880462
182120,182126,185678,6,3552,2,7200,1.00168918919
182127,182133,182312,6,179,1,3600,1.03351955307
182165,182171,185616,6,3445,2,7200,1.00174165457
182271,182277,185349,6,3072,2,7200,1.001953125
182400,182406,185725,6,3319,2,7200,1.00180777343
182496,182502,182849,6,347,1,3600,1.01729106628
182509,182515,185592,6,3077,2,7200,1.00194995125
182524,182530,185855,6,3325,2,7200,1.00180451128
182620,182626,186162,6,3536,2,7200,1.00169683258
182702,182708,186128,6,3420,2,7200,1.00175438596
182741,182747,186163,6,3416,2,7200,1.00175644028
182783,182789,186294,6,3505,2,7200,1.00171184023
182837,182843,186620,6,3777,2,7200,1.00158856235
182921,182928,186220,7,3292,2,7200,1.00212636695
183090,183096,186418,6,3322,2,7200,1.00180614088
183202,183208,184073,6,865,1,3600,1.00693641618
183216,183222,186955,6,3733,2,7200,1.00160728636
183237,183243,186488,6,3245,2,7200,1.00184899846
183291,183297,186597,6,3300,2,7200,1.00181818182
183357,183363,186715,6,3352,2,7200,1.00178997613
183396,183402,186546,6,3144,2,7200,1.00190839695
183704,183710,186710,6,3000,2,7200,1.002
183831,184758,184761,927,3,10,259200,93.0
183915,183921,187406,6,3485,2,7200,1.00172166428
183930,183936,187378,6,3442,2,7200,1.00174317257
184008,184014,184057,6,43,2,7200,1.13953488372
184059,184065,187362,6,3297,2,7200,1.00181983621
184119,184125,187651,6,3526,2,7200,1.00170164492
184143,184149,187451,6,3302,2,7200,1.00181708056
184173,184179,187500,6,3321,2,7200,1.00180668473
184351,184357,188066,6,3709,2,7200,1.00161768671
184444,184450,187868,6,3418,2,7200,1.00175541252
184571,184577,187968,6,3391,2,7200,1.00176938956
184595,184601,187971,6,3370,2,7200,1.00178041543
184695,184701,187970,6,3269,2,7200,1.00183542368
184955,184961,184963,6,2,10,259200,1.0
185349,185355,188549,6,3194,2,7200,1.00187852223
185360,185366,185480,6,114,1,3600,1.05263157895
185364,185372,188730,8,3358,2,7200,1.00238237046
185392,185398,188265,6,2867,2,7200,1.00209277991
185594,185600,188986,6,3386,2,7200,1.00177200236
185618,185624,188979,6,3355,2,7200,1.00178837556
185660,185667,185993,7,326,1,3600,1.02147239264
185669,185675,188781,6,3106,2,7200,1.00193174501
185679,185685,185857,6,172,1,3600,1.03488372093
185684,185691,189345,7,3654,2,7200,1.00191570881
185723,185729,189098,6,3369,2,7200,1.0017809439
185745,185868,186867,123,999,12,1800,1.12312312312
185855,185862,189547,7,3685,2,7200,1.00189959294
186036,186042,186392,6,350,1,3600,1.01714285714
186130,186136,189279,6,3143,2,7200,1.00190900414
186163,186169,189272,6,3103,2,7200,1.00193361263
186165,186175,189448,10,3273,2,7200,1.00305530095
186219,186225,189536,6,3311,2,7200,1.00181214135
186243,186878,186898,635,20,16,540000,32.75
186294,186300,189547,6,3247,2,7200,1.00184785956
186418,186424,189729,6,3305,2,7200,1.00181543116
186480,186492,187090,12,598,1,3600,1.02006688963
186490,186498,189554,8,3056,2,7200,1.00261780105
186546,186552,189985,6,3433,2,7200,1.0017477425
186597,186603,189983,6,3380,2,7200,1.00177514793
186621,186627,190188,6,3561,2,7200,1.00168491997
186708,186714,190130,6,3416,2,7200,1.00175644028
186723,186729,190303,6,3574,2,7200,1.00167879127
186758,186884,187734,126,850,1,3600,1.14823529412
186955,186961,190545,6,3584,2,7200,1.00167410714
187360,187366,190695,6,3329,2,7200,1.00180234305
187381,187387,190874,6,3487,2,7200,1.0017206768
187407,187414,191165,7,3751,2,7200,1.00186616902
187453,187459,191024,6,3565,2,7200,1.00168302945
187502,187508,190663,6,3155,2,7200,1.00190174326
187652,187659,190975,7,3316,2,7200,1.00211097708
187693,187699,188715,6,1016,12,1800,1.00590551181
187870,187876,191201,6,3325,2,7200,1.00180451128
187927,187933,191504,6,3571,2,7200,1.00168020162
187941,188726,188742,785,16,16,540000,50.0625
187942,187947,191131,5,3184,2,7200,1.00157035176
187963,187969,191252,6,3283,2,7200,1.00182759671
188068,188074,195292,6,7218,2,7200,1.0008312552
188203,188209,247192,6,58983,1,72000,1.00010172423
188265,188271,191782,6,3511,2,7200,1.00170891484
188549,188555,192020,6,3465,2,7200,1.00173160173
188733,188739,191805,6,3066,2,7200,1.00195694716
188781,188787,192496,6,3709,2,7200,1.00161768671
188980,188986,191988,6,3002,2,7200,1.00199866755
188986,188992,189112,6,120,1,3600,1.05
188995,189001,192310,6,3309,2,7200,1.00181323663
189098,189104,192419,6,3315,2,7200,1.00180995475
189273,189279,192605,6,3326,2,7200,1.00180396873
189288,189294,192667,6,3373,2,7200,1.0017788319
189299,189305,189633,6,328,1,3600,1.01829268293
189345,189351,192982,6,3631,2,7200,1.00165243735
189414,189420,189538,6,118,1,1800,1.05084745763
189447,189453,192653,6,3200,2,7200,1.001875
189538,189548,193349,10,3801,2,7200,1.00263088661
189553,189559,192918,6,3359,2,7200,1.00178624591
189554,189565,190939,11,1374,2,7200,1.00800582242
189569,189575,192770,6,3195,2,7200,1.00187793427
189582,189588,189615,6,27,1,108000,1.22222222222
189582,189593,189617,11,24,1,108000,1.45833333333
189582,189599,189617,17,18,1,108000,1.94444444444
189729,189735,193207,6,3472,2,7200,1.0017281106
189836,189842,189959,6,117,1,1800,1.05128205128
189940,189946,213239,6,23293,3,108000,1.00025758812
189983,189989,193021,6,3032,2,7200,1.00197889182
189998,190004,193074,6,3070,2,7200,1.00195439739
190090,190097,190716,7,619,1,3600,1.0113085622
190121,190127,249709,6,59582,1,259200,1.00010070155
190125,190133,248959,8,58826,1,259200,1.00013599429
190130,190723,198257,593,7534,4,36000,1.07870984869
190130,198516,200449,8386,1933,4,36000,5.33833419555
190131,201145,203038,11014,1893,4,36000,6.81827786582
190131,190139,193309,8,3170,2,7200,1.00252365931
190131,190145,247653,14,57508,1,259200,1.00024344439
190132,204954,206846,14822,1892,4,36000,8.83403805497
190132,203044,204943,12912,1899,4,36000,7.79936808847
190188,190194,193460,6,3266,2,7200,1.00183710961
190197,191026,192155,829,1129,4,36000,1.73427812223
190197,192167,193296,1970,1129,4,36000,2.74490699734
190198,195323,195330,5125,7,4,36000,513.2
190198,195304,195312,5106,8,4,36000,511.4
190199,195341,195348,5142,7,4,36000,514.9
190303,190309,193614,6,3305,2,7200,1.00181543116
190545,190551,193772,6,3221,2,7200,1.00186277554
190576,190582,191103,6,521,1,1800,1.01151631478
190663,190669,194090,6,3421,2,7200,1.00175387314
190696,190702,193897,6,3195,2,7200,1.00187793427
190875,190881,192140,6,1259,2,7200,1.00476568705
190941,190947,194382,6,3435,2,7200,1.00174672489
190977,190983,194187,6,3204,2,7200,1.00187265918
191025,191036,194431,11,3395,2,7200,1.00324005891
191131,191137,194794,6,3657,2,7200,1.00164068909
191167,191173,194075,6,2902,2,7200,1.00206753963
191200,191206,194622,6,3416,2,7200,1.00175644028
191254,191260,194706,6,3446,2,7200,1.00174114916
191507,191513,194901,6,3388,2,7200,1.00177095632
191784,191790,195161,6,3371,2,7200,1.00177988727
191805,191811,194986,6,3175,2,7200,1.00188976378
191990,191996,192492,6,496,2,7200,1.01209677419
192020,192026,195679,6,3653,2,7200,1.00164248563
192140,192146,195377,6,3231,2,7200,1.00185701021
192312,192318,195799,6,3481,2,7200,1.00172364263
192421,192427,195366,6,2939,2,7200,1.00204151072
192493,192499,196036,6,3537,2,7200,1.00169635284
192508,192514,195980,6,3466,2,7200,1.00173110214
192583,192589,198046,6,5457,1,36000,1.00109950522
192605,192611,196160,6,3549,2,7200,1.00169061708
192607,192617,196206,10,3589,1,72000,1.00278629145
192619,192625,194261,6,1636,1,36000,1.00366748166
192653,192659,196122,6,3463,2,7200,1.00173260179
192667,192674,195984,7,3310,2,7200,1.00211480363
192770,192776,196017,6,3241,2,7200,1.00185128047
192821,193013,203708,192,10695,3,36000,1.01795231417
192918,192924,196577,6,3653,2,7200,1.00164248563
192948,192955,193003,7,48,1,1800,1.14583333333
192972,193786,218422,814,24636,3,72000,1.0330410781
192981,192987,196169,6,3182,2,7200,1.00188560654
193020,193026,195975,6,2949,2,7200,1.002034588
193074,193081,196283,7,3202,2,7200,1.00218613367
193083,193089,193203,6,114,1,1800,1.05263157895
193210,193216,196797,6,3581,2,7200,1.00167550963
193290,193473,202717,183,9244,10,259200,1.01979662484
193310,193316,196850,6,3534,2,7200,1.00169779287
193323,193329,193411,6,82,1,1800,1.07317073171
193349,193355,196996,6,3641,2,7200,1.00164789893
193460,193467,196755,7,3288,2,7200,1.00212895377
193535,193627,193734,92,107,1,1800,1.85981308411
193614,193621,197264,7,3643,2,7200,1.00192149327
193774,193780,197367,6,3587,2,7200,1.001672707
193898,193904,197234,6,3330,2,7200,1.0018018018
193990,194719,264660,729,69941,16,540000,1.01042307087
194076,194082,197129,6,3047,2,7200,1.00196914998
194090,194097,197440,7,3343,2,7200,1.00209392761
194186,194193,197358,7,3165,2,7200,1.00221169036
194383,194389,197835,6,3446,2,7200,1.00174114916
194396,194402,194679,6,277,1,1800,1.02166064982
194434,194440,197565,6,3125,2,7200,1.00192
194441,194447,195034,6,587,1,1800,1.01022146508
194622,194628,197896,6,3268,2,7200,1.00183598531
194706,194712,198178,6,3466,2,7200,1.00173110214
194793,194800,198235,7,3435,2,7200,1.00203784571
194899,194905,198522,6,3617,2,7200,1.00165883329
194987,194993,196070,6,1077,2,7200,1.00557103064
195161,195168,198799,7,3631,2,7200,1.00192784357
195367,195373,198883,6,3510,2,7200,1.00170940171
195382,195388,198700,6,3312,2,7200,1.0018115942
195678,195684,199002,6,3318,2,7200,1.00180831826
195798,195804,198892,6,3088,2,7200,1.00194300518
195977,195983,199405,6,3422,2,7200,1.00175336061
195991,195997,199538,6,3541,2,7200,1.0016944366
195993,196003,199358,10,3355,2,7200,1.00298062593
196016,196023,203257,7,7234,2,7200,1.00096765275
196037,196043,199258,6,3215,2,7200,1.00186625194
196070,196076,199089,6,3013,2,7200,1.00199137073
196121,196127,199141,6,3014,2,7200,1.00199071002
196160,196166,197917,6,1751,2,7200,1.00342661336
196175,196181,199754,6,3573,2,7200,1.00167926113
196283,196290,199490,7,3200,2,7200,1.0021875
196579,196585,199659,6,3074,2,7200,1.00195185426
196755,196761,200307,6,3546,2,7200,1.00169204738
196800,196806,200519,6,3713,2,7200,1.00161594398
196851,196857,200353,6,3496,2,7200,1.00171624714
196964,196971,197022,7,51,1,1800,1.13725490196
196998,197004,200651,6,3647,2,7200,1.00164518783
197131,197137,200387,6,3250,2,7200,1.00184615385
197237,197243,200634,6,3391,2,7200,1.00176938956
197267,197273,200887,6,3614,2,7200,1.00166021029
197350,197356,197430,6,74,1,1800,1.08108108108
197357,197363,199957,6,2594,2,7200,1.00231303007
197372,197378,200774,6,3396,2,7200,1.00176678445
197439,197445,200489,6,3044,2,7200,1.00197109067
197566,197572,201156,6,3584,2,7200,1.00167410714
197837,197843,200724,6,2881,2,7200,1.0020826102
197894,197900,201115,6,3215,2,7200,1.00186625194
197918,197924,201534,6,3610,2,7200,1.00166204986
198178,198184,201237,6,3053,2,7200,1.00196528005
198235,198241,201579,6,3338,2,7200,1.00179748352
198259,198269,198505,10,236,5,3600,1.04237288136
198466,198522,198788,56,266,1,1800,1.21052631579
198522,198528,201763,6,3235,2,7200,1.00185471406
198698,198704,202367,6,3663,2,7200,1.00163800164
198800,198806,202407,6,3601,2,7200,1.00166620383
198885,198891,202217,6,3326,2,7200,1.00180396873
198900,198906,202135,6,3229,2,7200,1.00185816042
199006,199012,201873,6,2861,2,7200,1.00209716882
199090,199096,202510,6,3414,2,7200,1.00175746924
199141,199147,202263,6,3116,2,7200,1.00192554557
199258,199264,202437,6,3173,2,7200,1.00189095493
199358,199364,202943,6,3579,2,7200,1.00167644593
199406,199412,202519,6,3107,2,7200,1.00193112327
199490,199496,202558,6,3062,2,7200,1.00195950359
199538,199544,202736,6,3192,2,7200,1.00187969925
199659,199665,202595,6,2930,2,7200,1.00204778157
199755,199761,202971,6,3210,2,7200,1.00186915888
199957,199963,203174,6,3211,2,7200,1.00186857677
200307,200313,203469,6,3156,2,7200,1.00190114068
200317,201140,235105,823,33965,16,288000,1.02423082585
200356,200362,204011,6,3649,2,7200,1.00164428611
200389,200395,203496,6,3101,2,7200,1.00193485972
200488,200494,203477,6,2983,2,7200,1.00201139792
200504,201151,217004,647,15853,1,18000,1.04081246452
200518,200524,203758,6,3234,2,7200,1.00185528757
200632,200639,201182,7,543,2,7200,1.01289134438
200650,200656,203745,6,3089,2,7200,1.00194237617
200723,200729,204118,6,3389,2,7200,1.00177043376
200774,200780,204577,6,3797,2,7200,1.00158019489
200888,200895,204072,7,3177,2,7200,1.00220333648
201115,201121,204324,6,3203,2,7200,1.00187324383
201157,201163,204382,6,3219,2,7200,1.0018639329
201181,201187,204426,6,3239,2,7200,1.00185242359
201238,201244,204183,6,2939,2,7200,1.00204151072
201534,201540,205148,6,3608,2,7200,1.00166297118
201579,201585,205227,6,3642,2,7200,1.00164744646
201586,201592,332855,6,131263,1,360000,1.00004570976
201590,201598,333982,8,132384,1,360000,1.00006043026
201764,201770,202892,6,1122,2,7200,1.00534759358
201875,201881,204977,6,3096,2,7200,1.0019379845
202134,202140,205593,6,3453,2,7200,1.00173761946
202219,202225,205599,6,3374,2,7200,1.00177830468
202264,202270,205778,6,3508,2,7200,1.00171037628
202366,202373,205704,7,3331,2,7200,1.00210147103
202408,202414,206011,6,3597,2,7200,1.00166805671
202438,202445,205919,7,3474,2,7200,1.00201496834
202511,202517,205798,6,3281,2,7200,1.00182871076
202528,202534,205816,6,3282,2,7200,1.00182815356
202558,202564,205971,6,3407,2,7200,1.00176108013
202594,202600,205828,6,3228,2,7200,1.00185873606
202723,202730,232287,7,29557,1,36000,1.00023683053
202736,202742,206034,6,3292,2,7200,1.00182260024
202890,202896,206254,6,3358,2,7200,1.00178677784
202944,202950,206175,6,3225,2,7200,1.00186046512
202971,202977,206311,6,3334,2,7200,1.00179964007
203113,203120,210073,7,6953,2,25200,1.00100675967
203174,203180,206352,6,3172,2,7200,1.00189155107
203467,203474,206874,7,3400,2,7200,1.00205882353
203482,203488,206889,6,3401,2,7200,1.001764187
203497,203503,207235,6,3732,2,7200,1.00160771704
203745,203751,207117,6,3366,2,7200,1.00178253119
203760,203766,207006,6,3240,2,7200,1.00185185185
204011,204018,207194,7,3176,2,7200,1.00220403023
204073,204079,207473,6,3394,2,7200,1.00176782557
204088,204094,290506,6,86412,12,86400,1.0000694348
204118,204128,211357,10,7229,2,7200,1.00138331719
204179,204187,207701,8,3514,2,7200,1.00227660785
204323,204330,207463,7,3133,2,7200,1.00223428024
204384,204390,207875,6,3485,2,7200,1.00172166428
204426,204432,207803,6,3371,2,7200,1.00177988727
204577,204583,207969,6,3386,2,7200,1.00177200236
204976,204982,208416,6,3434,2,7200,1.00174723355
205149,205155,208798,6,3643,2,7200,1.00164699424
205228,205234,208619,6,3385,2,7200,1.00177252585
205593,205599,208892,6,3293,2,7200,1.00182204677
205608,205614,209004,6,3390,2,7200,1.0017699115
205620,205626,207149,6,1523,2,7200,1.00393959291
205704,205710,208963,6,3253,2,7200,1.00184445128
205780,205786,209469,6,3683,2,7200,1.00162910671
205798,205804,208968,6,3164,2,7200,1.00189633375
205817,205824,208925,7,3101,2,7200,1.00225733634
205832,205838,208969,6,3131,2,7200,1.00191632066
205920,205926,209435,6,3509,2,7200,1.00170988886
205971,205977,209581,6,3604,2,7200,1.00166481687
206010,206016,209600,6,3584,2,7200,1.00167410714
206034,206040,209478,6,3438,2,7200,1.0017452007
206176,206182,209109,6,2927,2,7200,1.00204988042
206255,206261,209650,6,3389,2,7200,1.00177043376
206312,206318,209589,6,3271,2,7200,1.00183430144
206354,206360,210033,6,3673,2,7200,1.00163354206
206874,206880,210454,6,3574,2,7200,1.00167879127
206889,206895,210506,6,3611,2,7200,1.00166158959
207008,207014,210036,6,3022,2,7200,1.00198544011
207116,207123,210659,7,3536,2,7200,1.00197963801
207172,207178,210324,6,3146,1,7200,1.00190718373
207195,207201,210654,6,3453,2,7200,1.00173761946
207234,207240,210552,6,3312,2,7200,1.0018115942
207463,207469,210966,6,3497,2,7200,1.00171575636
207478,207484,210679,6,3195,2,7200,1.00187793427
207782,207788,222329,6,14541,4,14400,1.00041262637
208074,208080,211164,6,3084,2,7200,1.00194552529
208075,208086,211707,11,3621,2,7200,1.00303783485
208076,208091,211074,15,2983,2,7200,1.0050284948
208078,208097,211557,19,3460,2,7200,1.00549132948
208287,208293,211370,6,3077,2,14400,1.00194995125
208418,208424,211979,6,3555,2,7200,1.00168776371
208799,208805,210341,6,1536,2,7200,1.00390625
208892,208899,212522,7,3623,2,7200,1.00193210047
208926,208932,212045,6,3113,2,7200,1.00192740122
208957,208963,230576,6,21613,8,21600,1.0002776107
208966,208972,212353,6,3381,2,7200,1.00177462289
208975,208981,208996,6,15,2,7200,1.4
208981,208987,212596,6,3609,2,7200,1.00166251039
208982,208993,212284,11,3291,2,7200,1.0033424491
209006,209012,212452,6,3440,2,7200,1.00174418605
209109,209115,212715,6,3600,2,7200,1.00166666667
209351,209357,209426,6,69,2,7200,1.08695652174
209438,209444,212427,6,2983,2,7200,1.00201139792
209471,209477,212927,6,3450,2,7200,1.00173913043
209486,209492,212853,6,3361,2,7200,1.00178518298
209582,209588,213131,6,3543,2,7200,1.0016934801
209597,209603,212681,6,3078,2,7200,1.00194931774
209612,209618,213058,6,3440,2,7200,1.00174418605
209651,209657,213077,6,3420,2,7200,1.00175438596
210035,210041,213592,6,3551,2,7200,1.00168966488
210037,210047,213488,10,3441,2,7200,1.00290613194
210338,210344,216673,6,6329,2,7200,1.00094801706
210344,210350,213430,6,3080,2,7200,1.00194805195
210455,210461,213884,6,3423,2,7200,1.00175284838
210506,210512,214055,6,3543,2,7200,1.0016934801
210552,210558,214090,6,3532,2,7200,1.00169875425
210655,210661,213936,6,3275,2,7200,1.00183206107
210670,210676,213955,6,3279,2,7200,1.00182982617
210670,210681,213807,11,3126,2,14400,1.00351887396
210684,210705,213790,21,3085,2,14400,1.00680713128
210685,210699,213731,14,3032,2,7200,1.00461741425
210692,210978,214031,286,3053,2,14400,1.09367834916
210711,211091,214164,380,3073,2,14400,1.12365766352
210719,211178,214214,459,3036,2,14400,1.15118577075
210727,211369,217140,642,5771,2,14400,1.1112458846
210734,211382,214426,648,3044,2,14400,1.21287779238
210749,211571,214643,822,3072,2,14400,1.267578125
210760,211725,214782,965,3057,2,14400,1.31566895649
210770,235552,238593,24782,3041,2,14400,9.14929299573
210777,236411,239439,25634,3028,2,14400,9.46565389696
210792,236677,239717,25885,3040,2,14400,9.51480263158
210819,236683,239708,25864,3025,2,14400,9.55008264463
210838,236744,239870,25906,3126,2,14400,9.28726807422
210848,236749,239875,25901,3126,2,14400,9.28566858605
210855,238604,241689,27749,3085,2,14400,9.99481361426
210865,239105,242121,28240,3016,2,14400,10.3633952255
210875,239111,242151,28236,3040,2,14400,10.2881578947
210885,239207,242286,28322,3079,2,14400,10.1984410523
210894,239213,242282,28319,3069,2,14400,10.2274356468
210904,239218,242260,28314,3042,2,14400,10.3076923077
210913,239223,242343,28310,3120,2,14400,10.0737179487
210923,239228,242280,28305,3052,2,14400,10.2742463958
210935,239234,242256,28299,3022,2,14400,10.3643282594
210954,239244,242281,28290,3037,2,14400,10.3151135989
210963,239249,242330,28286,3081,2,14400,10.1807854593
210966,210972,214130,6,3158,2,7200,1.00189993667
211079,211085,214276,6,3191,2,7200,1.00188028831
211133,239255,242511,28122,3256,2,14400,9.63697788698
211166,211172,214577,6,3405,2,7200,1.00176211454
211308,239450,253895,28142,14445,2,14400,2.94821737625
211317,239456,242537,28139,3081,2,14400,10.1330736774
211326,239720,242858,28394,3138,2,14400,10.0484384959
211335,239729,242769,28394,3040,2,14400,10.3401315789
211345,239881,242941,28536,3060,2,14400,10.3254901961
211353,239888,242912,28535,3024,2,14400,10.4361772487
211559,211565,214977,6,3412,2,7200,1.00175849941
211711,211717,214961,6,3244,2,7200,1.00184956843
211737,212466,221128,729,8662,8,108000,1.08416070192
211746,212728,228654,982,15926,8,108000,1.06166017832
211755,213090,283716,1335,70626,8,108000,1.01890238722
211763,213447,236385,1684,22938,8,108000,1.0734152934
211776,213802,235539,2026,21737,8,108000,1.0932051341
211930,241700,244724,29770,3024,2,14400,10.8445767196
211943,242132,245171,30189,3039,2,14400,10.9338598223
211952,242163,245323,30211,3160,2,14400,10.560443038
211959,242267,245314,30308,3047,2,14400,10.9468329504
211968,242274,245318,30306,3044,2,14400,10.955978975
211976,242291,245301,30315,3010,2,14400,11.0714285714
211981,211987,215023,6,3036,2,7200,1.00197628458
211985,242298,245430,30313,3132,2,14400,10.6784802043
211995,242303,245393,30308,3090,2,14400,10.8084142395
212005,242309,245431,30304,3122,2,14400,10.7065983344
212014,242342,245412,30328,3070,2,14400,10.8788273616
212043,242355,245436,30312,3081,2,14400,10.8383641675
212045,212052,215412,7,3360,2,7200,1.00208333333
212051,242522,245564,30471,3042,2,14400,11.016765286
212060,242549,245603,30489,3054,2,14400,10.9833005894
212075,242780,245837,30705,3057,2,14400,11.0441609421
212083,242869,245948,30786,3079,2,14400,10.9987008769
212094,242923,245978,30829,3055,2,14400,11.0913256956
212104,242953,246000,30849,3047,2,14400,11.1243846406
212113,244735,247758,32622,3023,2,14400,11.7912669534
212121,245182,248227,33061,3045,2,14400,11.8574712644
212132,245312,248382,33180,3070,2,14400,11.8078175896
212141,245325,248362,33184,3037,2,14400,11.9265722753
212152,245332,248430,33180,3098,2,14400,11.7101355713
212160,245339,248465,33179,3126,2,14400,11.6138835573
212170,245404,248556,33234,3152,2,14400,11.5437817259
212178,245424,248460,33246,3036,2,14400,11.9505928854
212285,212291,215926,6,3635,2,7200,1.00165061898
212285,248652,251644,36367,2992,2,36000,13.1547459893
212355,212360,215674,5,3314,2,7200,1.00150875075
212386,245441,248473,33055,3032,2,14400,11.9020448549
212395,245448,248557,33053,3109,2,14400,11.6313927308
212411,245454,248573,33043,3119,2,14400,11.5941006733
212422,245575,248611,33153,3036,2,14400,11.9199604743
212427,212434,215755,7,3321,2,7200,1.00210779886
212431,245614,248641,33183,3027,2,14400,11.9623389495
212442,245848,249015,33406,3167,2,14400,11.548152826
212454,212460,215546,6,3086,2,7200,1.00194426442
212454,245960,249050,33506,3090,2,14400,11.8433656958
212466,245989,249036,33523,3047,2,14400,12.00196915
212475,246012,249116,33537,3104,2,14400,11.8044458763
212495,247204,250329,34709,3125,2,14400,12.10688
212504,247769,250827,35265,3058,2,14400,12.5320470896
212512,248238,251306,35726,3068,2,14400,12.6447196871
212520,212528,215852,8,3324,2,7200,1.00240673887
212522,248374,251373,35852,2999,2,14400,12.9546515505
212531,248393,251403,35862,3010,2,14400,12.9142857143
212539,248442,251520,35903,3078,2,14400,12.6643924626
212580,248471,251494,35891,3023,2,14400,12.8726430698
212589,248478,251564,35889,3086,2,14400,12.629617628
212597,248485,251520,35888,3035,2,14400,12.8247116969
212599,212606,216389,7,3783,2,7200,1.00185038329
212605,248567,251593,35962,3026,2,14400,12.8843357568
212618,248573,251676,35955,3103,2,14400,12.5871737029
212628,248584,251661,35956,3077,2,14400,12.6854078648
212637,248622,251622,35985,3000,2,14400,12.995
212648,248971,252059,36323,3088,2,14400,12.7626295337
212658,249026,252030,36368,3004,2,14400,13.1065246338
212667,249047,252050,36380,3003,2,14400,13.1145521146
212675,249062,252108,36387,3046,2,14400,12.9458305975
212681,212689,215864,8,3175,2,7200,1.00251968504
212683,249128,252167,36445,3039,2,14400,12.992431721
212692,250340,253391,37648,3051,2,14400,13.3395607997
212701,250592,253633,37891,3041,2,14400,13.4600460375
212709,250598,253665,37889,3067,2,14400,13.353765895
212715,212722,216028,7,3306,2,7200,1.00211736237
212717,250603,253732,37886,3129,2,14400,13.1080217322
212726,250608,253739,37882,3131,2,14400,13.099009901
212734,250840,253891,38106,3051,2,14400,13.4896755162
212744,251317,254347,38573,3030,2,14400,13.7303630363
212751,251384,254420,38633,3036,2,14400,13.7249670619
212761,251414,254443,38653,3029,2,14400,13.7609772202
212770,251505,254582,38735,3077,2,14400,13.588560286
212779,251531,254557,38752,3026,2,14400,13.8063450099
212789,251536,254598,38747,3062,2,14400,13.6541476159
212800,251575,254639,38775,3064,2,14400,13.6550261097
212810,251605,254679,38795,3074,2,14400,13.6203643461
212820,251633,254647,38813,3014,2,14400,13.8775713338
212829,251656,254706,38827,3050,2,14400,13.7301639344
212841,251672,254739,38831,3067,2,14400,13.6609064232
212848,251688,254718,38840,3030,2,14400,13.8184818482
212855,212862,216368,7,3506,2,7200,1.0019965773
212856,252041,255112,39185,3071,2,14400,13.7596873982
212873,252061,255162,39188,3101,2,14400,13.637213802
212882,252074,255134,39192,3060,2,14400,13.8078431373
212882,253909,254512,41027,603,2,36000,69.0381426202
212885,213971,253967,1086,39996,8,72000,1.02715271527
212891,252120,255138,39229,3018,2,14400,13.9983432737
212900,252178,255198,39278,3020,2,14400,14.0059602649
212909,253402,256418,40493,3016,2,14400,14.426061008
212920,253645,256722,40725,3077,2,14400,14.2352941176
212928,212934,216735,6,3801,2,7200,1.00157853197
212930,253677,256752,40747,3075,2,14400,14.2510569106
212938,253743,256825,40805,3082,2,14400,14.239779364
212948,253750,256787,40802,3037,2,14400,14.4349687191
212957,253902,256921,40945,3019,2,14400,14.5624378933
213062,213068,216705,6,3637,2,7200,1.0016497113
213077,213084,216582,7,3498,2,7200,1.00200114351
213131,213138,216491,7,3353,2,7200,1.00208768267
213433,213440,216607,7,3167,2,7200,1.00221029365
213491,213497,216878,6,3381,2,7200,1.00177462289
213557,214175,286214,618,72039,8,72000,1.00857868654
213569,218429,290440,4860,72011,8,72000,1.06748968908
213577,219954,291975,6377,72021,8,72000,1.08854361922
213593,213600,216808,7,3208,2,7200,1.00218204489
213732,213739,216942,7,3203,2,7200,1.00218545114
213886,213893,217177,7,3284,2,7200,1.00213154689
213937,213943,217092,6,3149,2,7200,1.00190536678
213958,213965,217244,7,3279,2,7200,1.00213479719
214058,214064,217279,6,3215,2,7200,1.00186625194
214091,214102,217544,11,3442,2,7200,1.00319581639
214130,214137,217392,7,3255,2,7200,1.00215053763
214275,214281,218029,6,3748,2,7200,1.00160085379
214276,254610,262359,40334,7749,2,36000,6.20505871725
214579,214586,217736,7,3150,2,7200,1.00222222222
214610,214655,215040,45,385,1,1800,1.11688311688
214922,228310,232094,13388,3784,4,7200,4.53805496829
214922,227321,234541,12399,7220,4,7200,2.71731301939
214923,228320,235533,13397,7213,4,7200,2.85734091224
214923,236346,236506,21423,160,4,7200,134.89375
214923,236023,236334,21100,311,4,7200,68.845659164
214923,228315,233203,13392,4888,4,7200,3.73977086743
214924,236401,236665,21477,264,4,7200,82.3522727273
214924,236518,236733,21594,215,4,7200,101.437209302
214924,236406,239093,21482,2687,4,7200,8.99478972832
214953,254691,263420,39738,8729,2,36000,5.55241150189
214966,214973,218221,7,3248,2,7200,1.00215517241
214981,214987,218578,6,3591,2,7200,1.00167084378
215023,215030,218364,7,3334,2,7200,1.00209958008
215413,215419,219021,6,3602,2,7200,1.00166574125
215480,222335,228298,6855,5963,12,43200,2.14958913299
215546,215553,219242,7,3689,2,7200,1.00189753321
215675,215681,219093,6,3412,2,7200,1.00175849941
215757,215763,219066,6,3303,2,7200,1.00181653043
215850,215857,218883,7,3026,2,7200,1.00231328486
215865,215878,219300,13,3422,2,7200,1.00379894798
215928,215934,219136,6,3202,2,7200,1.00187382886
216028,216034,219144,6,3110,2,7200,1.00192926045
216367,216373,219962,6,3589,2,7200,1.00167177487
216388,216395,219813,7,3418,2,7200,1.00204798128
216491,216498,219903,7,3405,2,7200,1.00205580029
216581,216588,219475,7,2887,2,7200,1.00242466228
216608,216615,220153,7,3538,2,7200,1.00197851894
216705,216711,220242,6,3531,2,7200,1.00169923534
216727,216734,219920,7,3186,2,3600,1.00219711237
216738,216745,220110,7,3365,2,7200,1.00208023774
216807,216814,220147,7,3333,2,7200,1.00210021002
216877,216885,220488,8,3603,2,7200,1.00222037191
216943,216950,220258,7,3308,2,7200,1.00211608222
217094,217102,220308,8,3206,2,7200,1.00249532127
217176,217183,220648,7,3465,2,7200,1.00202020202
217242,217250,220658,8,3408,2,7200,1.00234741784
217282,217289,220632,7,3343,2,7200,1.00209392761
217394,217401,220520,7,3119,2,7200,1.00224430907
217545,217551,220986,6,3435,2,7200,1.00174672489
217735,217741,221316,6,3575,2,7200,1.00167832168
217828,217835,218417,7,582,1,3600,1.01202749141
217870,217876,218417,6,541,1,3600,1.01109057301
218027,218034,220980,7,2946,2,7200,1.00237610319
218222,218229,221788,7,3559,2,7200,1.00196684462
218334,218436,218978,102,542,1,3600,1.18819188192
218364,218371,221570,7,3199,2,7200,1.00218818381
218579,218585,221926,6,3341,2,7200,1.0017958695
218884,218892,222442,8,3550,2,7200,1.00225352113
219020,219028,222297,8,3269,2,7200,1.00244723157
219066,219072,222445,6,3373,2,7200,1.0017788319
219093,219099,222697,6,3598,2,7200,1.00166759311
219135,219141,222848,6,3707,2,7200,1.00161855948
219150,219161,222383,11,3222,2,7200,1.00341402855
219243,219249,219773,6,524,1,600,1.01145038168
219244,219257,222663,13,3406,2,7200,1.00381679389
219301,219309,222601,8,3292,2,7200,1.00243013366
219358,223883,223915,4525,32,4,3600,142.40625
219474,219480,222878,6,3398,2,7200,1.00176574456
219637,239202,268517,19565,29315,12,36000,1.66740576497
219809,219815,223153,6,3338,2,7200,1.00179748352
219817,219825,219943,8,118,1,120,1.06779661017
219903,219910,223390,7,3480,2,7200,1.00201149425
219963,219969,223132,6,3163,2,7200,1.00189693329
219974,221140,221237,1166,97,1,60,13.0206185567
220035,223928,227311,3893,3383,1,3600,2.15075376884
220111,220118,223259,7,3141,2,7200,1.00222858962
220147,220153,223559,6,3406,2,7200,1.00176159718
220162,220169,223728,7,3559,2,7200,1.00196684462
220246,220256,223864,10,3608,2,7200,1.00277161863
220261,220268,223348,7,3080,2,7200,1.00227272727
220310,220318,223667,8,3349,2,7200,1.00238877277
220489,220495,223924,6,3429,2,7200,1.00174978128
220519,220526,223694,7,3168,2,7200,1.00220959596
220631,220638,224035,7,3397,2,7200,1.00206064174
220649,220655,224018,6,3363,2,7200,1.00178412132
220664,220670,224020,6,3350,2,7200,1.00179104478
220983,220989,224161,6,3172,2,7200,1.00189155107
220998,221004,224133,6,3129,2,7200,1.00191754554
221315,221321,224467,6,3146,2,7200,1.00190718373
221573,221580,224651,7,3071,2,7200,1.00227938782
221787,221794,224928,7,3134,2,7200,1.00223356733
221927,221933,225392,6,3459,2,7200,1.00173460538
221936,221943,221964,7,21,1,60,1.33333333333
222299,222306,225741,7,3435,2,7200,1.00203784571
222384,222390,225482,6,3092,2,7200,1.00194049159
222441,222448,225831,7,3383,2,7200,1.00206916938
222456,222464,226197,8,3733,2,7200,1.00214304849
222602,222609,225989,7,3380,2,7200,1.00207100592
222663,222670,226028,7,3358,2,7200,1.00208457415
222692,223933,225745,1241,1812,1,1800,1.6848785872
222699,222706,225934,7,3228,2,7200,1.0021685254
222712,223938,225753,1226,1815,1,1800,1.67548209366
222847,222854,226171,7,3317,2,7200,1.00211034067
222877,222884,226000,7,3116,2,7200,1.00224646983
223132,223139,226396,7,3257,2,7200,1.00214921707
223153,223159,226706,6,3547,2,7200,1.00169157034
223259,223266,226736,7,3470,2,7200,1.00201729107
223350,223357,226809,7,3452,2,7200,1.00202780997
223393,223400,226340,7,2940,2,7200,1.00238095238
223559,223566,227290,7,3724,2,7200,1.00187969925
223665,223671,226839,6,3168,2,7200,1.00189393939
223696,223702,227077,6,3375,2,7200,1.00177777778
223726,223732,227092,6,3360,2,7200,1.00178571429
223866,223872,227528,6,3656,2,7200,1.00164113786
223926,223946,227225,20,3279,2,7200,1.00609942056
224020,224026,227504,6,3478,2,7200,1.00172512938
224021,224034,227291,13,3257,2,7200,1.00399140313
224036,224042,227250,6,3208,2,7200,1.00187032419
224133,224139,227801,6,3662,2,7200,1.00163844894
224139,256899,257611,32760,712,2,14400,47.0112359551
224160,224166,226557,6,2391,2,7200,1.00250941029
224467,256905,257770,32438,865,2,14400,38.5005780347
224469,224476,227812,7,3336,2,7200,1.00209832134
224651,224657,227862,6,3205,2,7200,1.00187207488
224787,256932,258858,32145,1926,2,25200,17.6900311526
224934,224941,227908,7,2967,2,7200,1.00235928547
225396,225403,228755,7,3352,2,7200,1.00208830549
225481,225488,228881,7,3393,2,7200,1.00206307103
225741,225748,228902,7,3154,2,7200,1.00221940393
225833,225840,229183,7,3343,2,7200,1.00209392761
225937,225943,229363,6,3420,2,7200,1.00175438596
225991,225998,229210,7,3212,2,7200,1.00217932752
226006,226012,229190,6,3178,2,7200,1.00188797986
226030,226037,229100,7,3063,2,7200,1.00228534117
226173,226179,229698,6,3519,2,7200,1.00170502984
226200,226207,229580,7,3373,2,7200,1.00207530388
226343,226349,229808,6,3459,2,7200,1.00173460538
226397,226403,229759,6,3356,2,7200,1.00178784267
226558,226566,230074,8,3508,2,7200,1.00228050171
226633,257001,258981,30368,1980,2,14400,16.3373737374
226701,226707,229946,6,3239,2,7200,1.00185242359
226737,226745,229711,8,2966,2,7200,1.00269723533
226772,253985,260430,27213,6445,4,7200,5.22234290147
226772,253980,259305,27208,5325,4,7200,6.10948356808
226772,254739,256320,27967,1581,4,7200,18.6894370651
226772,254525,261731,27753,7206,4,7200,4.85137385512
226773,254965,255857,28192,892,4,7200,32.6053811659
226773,256836,257046,30063,210,4,7200,144.157142857
226773,256764,256989,29991,225,4,7200,134.293333333
226773,256698,256887,29925,189,4,7200,159.333333333
226773,256429,256686,29656,257,4,7200,116.392996109
226810,226817,230056,7,3239,2,7200,1.00216116085
226841,226848,230466,7,3618,2,7200,1.00193477059
227011,257007,258705,29996,1698,2,14400,18.6654888104
227851,235545,239191,7694,3646,32,3600,3.11025781679
228433,228439,231596,6,3157,2,7200,1.00190053849
228434,228446,232176,12,3730,2,7200,1.00321715818
228435,228451,231436,16,2985,2,7200,1.005360134
228437,228456,231726,19,3270,2,7200,1.00581039755
228438,228461,231612,23,3151,2,7200,1.00729927007
228439,228467,231928,28,3461,2,7200,1.00809014736
228441,228473,232101,32,3628,2,7200,1.00882028666
228442,228479,231843,37,3364,2,7200,1.01099881094
228444,228484,231905,40,3421,2,7200,1.01169248758
228445,228489,231811,44,3322,2,7200,1.01324503311
228446,228494,231896,48,3402,2,7200,1.01410934744
228448,228500,231831,52,3331,2,7200,1.01561092765
228730,258871,267116,30141,8245,2,259200,4.65567010309
228758,228764,231872,6,3108,2,7200,1.00193050193
228783,259213,314526,30430,55313,2,259200,1.55014191962
228795,262103,521324,33308,259221,2,259200,1.12849267613
228814,228821,230631,7,1810,1,1800,1.00386740331
228844,236017,293670,7173,57653,16,144000,1.12441676929
228851,262371,289640,33520,27269,2,259200,2.22923466207
228861,254359,254953,25498,594,2,10800,43.9259259259
228865,254432,265262,25567,10830,2,10800,3.36075715605
228882,228889,232507,7,3618,2,7200,1.00193477059
228903,228909,232061,6,3152,2,7200,1.0019035533
229100,229106,232772,6,3666,2,7200,1.00163666121
229185,229192,232263,7,3071,2,7200,1.00227938782
229200,229206,232290,6,3084,2,7200,1.00194552529
229215,229222,232483,7,3261,2,7200,1.0021465808
229363,229371,232774,8,3403,2,7200,1.00235086688
229580,229587,232556,7,2969,2,7200,1.00235769619
229701,229708,232854,7,3146,2,7200,1.00222504768
229716,229722,233275,6,3553,2,7200,1.00168871376
229758,229765,233319,7,3554,2,7200,1.00196961171
229809,229816,233193,7,3377,2,7200,1.00207284572
229946,229953,230373,7,420,2,7200,1.01666666667
230058,230066,233416,8,3350,2,7200,1.0023880597
230073,230081,233337,8,3256,2,7200,1.00245700246
230375,230382,233807,7,3425,2,7200,1.00204379562
230469,230476,233820,7,3344,2,7200,1.00209330144
231048,254455,254456,23407,1,2,7200,2340.8
231258,262473,319848,31215,57375,2,432000,1.54405228758
231438,231444,234575,6,3131,2,7200,1.00191632066
231596,231603,234822,7,3219,2,7200,1.00217458838
231611,231618,234627,7,3009,2,7200,1.00232635427
231661,232305,233981,644,1676,1,7200,1.38424821002
231726,231733,235299,7,3566,2,7200,1.00196298374
231815,231822,235155,7,3333,2,7200,1.00210021002
231830,231837,234902,7,3065,2,7200,1.00228384992
231845,231851,235143,6,3292,2,7200,1.00182260024
231872,231878,234252,6,2374,2,7200,1.00252737995
231896,231903,234844,7,2941,2,7200,1.00238014281
231911,231919,235663,8,3744,2,7200,1.00213675214
231929,231936,235190,7,3254,2,7200,1.00215119852
231965,257057,278713,25092,21656,2,21600,2.15866272627
232063,232069,235231,6,3162,2,7200,1.00189753321
232102,232109,235159,7,3050,2,7200,1.00229508197
232178,232185,235582,7,3397,2,7200,1.00206064174
232263,232270,235424,7,3154,2,7200,1.00221940393
232290,232297,234291,7,1994,2,7200,1.00351053159
232485,232491,235232,6,2741,2,7200,1.00218898212
232506,232512,235736,6,3224,2,7200,1.00186104218
232557,232564,235981,7,3417,2,7200,1.00204858063
232773,232780,236011,7,3231,2,7200,1.00216651192
232774,232787,236582,13,3795,2,7200,1.00342555995
232823,262769,292649,29946,29880,2,432000,2.00220883534
232856,232863,236184,7,3321,2,7200,1.00210779886
233006,233012,233018,6,6,1,1800,1.2
233150,233157,233781,7,624,1,1800,1.01121794872
233195,233202,236281,7,3079,2,7200,1.00227346541
233277,233284,236479,7,3195,2,7200,1.00219092332
233319,233326,233329,7,3,1,1800,1.0
233322,233333,236682,11,3349,2,7200,1.00328456256
233340,233347,236386,7,3039,2,7200,1.00230338927
233416,233424,236967,8,3543,2,7200,1.00225797347
233481,233487,233978,6,491,1,1800,1.01221995927
233484,257063,262091,23579,5028,2,28800,5.68953858393
233751,233993,234571,242,578,1,1800,1.41868512111
233808,233814,237133,6,3319,2,7200,1.00180777343
233823,233830,237000,7,3170,2,7200,1.00220820189
233905,234583,235137,678,554,1,1800,2.2238267148
234057,257624,262461,23567,4837,2,28800,5.87223485632
234136,260442,319431,26306,58989,4,432000,1.44594754954
234251,234258,237633,7,3375,2,7200,1.00207407407
234294,234301,237661,7,3360,2,7200,1.00208333333
234480,257782,262757,23302,4975,2,28800,5.68381909548
234579,234590,237686,11,3096,2,7200,1.00355297158
234628,234634,238287,6,3653,2,7200,1.00164248563
234798,258717,258776,23919,59,2,28800,406.406779661
234822,234829,238231,7,3402,2,7200,1.00205761317
234844,234850,238564,6,3714,2,7200,1.00161550889
234902,234908,238142,6,3234,2,7200,1.00185528757
235092,255173,287798,20081,32625,16,288000,1.61550957854
235145,235152,238700,7,3548,2,7200,1.0019729425
235161,235167,238422,6,3255,2,7200,1.00184331797
235163,235175,238718,12,3543,2,7200,1.0033869602
235195,235202,238497,7,3295,2,7200,1.00212443096
235232,235238,238078,6,2840,2,7200,1.00211267606
235233,235246,238483,13,3237,2,7200,1.00401606426
235300,235307,238777,7,3470,2,7200,1.00201729107
235424,235432,238781,8,3349,2,7200,1.00238877277
235583,235589,238862,6,3273,2,7200,1.00183318057
235662,235670,239117,8,3447,2,7200,1.00232085872
235739,235745,239155,6,3410,2,7200,1.00175953079
235985,235992,239261,7,3269,2,7200,1.00214132762
236012,236030,239328,18,3298,2,7200,1.00545785324
236186,236193,239749,7,3556,2,7200,1.00196850394
236283,236290,239952,7,3662,2,7200,1.00191152376
236387,236393,239816,6,3423,2,7200,1.00175284838
236481,236487,239739,6,3252,2,7200,1.00184501845
236582,236588,240156,6,3568,2,7200,1.00168161435
236683,236689,240208,6,3519,2,7200,1.00170502984
236968,236974,240421,6,3447,2,7200,1.00174064404
236978,258789,262569,21811,3780,2,43200,6.77010582011
237001,237007,240468,6,3461,2,7200,1.001733603
237135,237142,240636,7,3494,2,7200,1.00200343446
237636,237643,240946,7,3303,2,7200,1.0021192855
237661,237668,241134,7,3466,2,7200,1.00201961916
237688,237694,241135,6,3441,2,7200,1.00174367916
238079,238086,241320,7,3234,2,7200,1.00216450216
238142,238150,241499,8,3349,2,7200,1.00238877277
238233,238241,241488,8,3247,2,7200,1.00246381275
238288,238294,241972,6,3678,2,7200,1.00163132137
238424,238431,242169,7,3738,2,7200,1.00187265918
238485,238492,241927,7,3435,2,7200,1.00203784571
238500,238507,241825,7,3318,2,7200,1.00210970464
238541,259400,292801,20859,33401,16,288000,1.62450226041
238564,238570,241771,6,3201,2,7200,1.00187441425
240164,265572,280295,25408,14723,12,28800,2.72573524418
244006,244013,244243,7,230,1,36600,1.03043478261
244558,268201,320061,23643,51860,4,432000,1.45590050135
244792,268518,319829,23726,51311,2,432000,1.46239597747
244902,244909,245450,7,541,1,1800,1.01293900185
245465,271010,323078,25545,52068,2,432000,1.49060843512
248701,248708,252304,7,3596,2,7200,1.00194660734
248703,248715,252399,12,3684,2,7200,1.00325732899
248704,248720,252107,16,3387,2,7200,1.00472394449
248705,248725,252135,20,3410,2,7200,1.00586510264
248707,248731,252346,24,3615,2,7200,1.00663900415
248708,248736,251920,28,3184,2,7200,1.00879396985
248709,248743,251841,34,3098,2,7200,1.01097482247
248711,248748,252501,37,3753,2,7200,1.00985877964
248712,248753,252319,41,3566,2,7200,1.01149747616
248713,248759,252125,46,3366,2,7200,1.01366607249
248715,248764,251907,49,3143,2,7200,1.01559020045
248716,248769,252070,53,3301,2,7200,1.01605574068
248717,248774,252237,57,3463,2,7200,1.01645971701
248719,248780,252246,61,3466,2,7200,1.01759953837
248720,248785,252084,65,3299,2,7200,1.01970294028
248721,248790,252323,69,3533,2,7200,1.01953014435
248723,248795,252134,72,3339,2,7200,1.02156334232
248724,248801,252066,77,3265,2,7200,1.02358346095
248725,248806,252204,81,3398,2,7200,1.0238375515
248727,248811,252314,84,3503,2,7200,1.02397944619
248728,248816,252463,88,3647,2,7200,1.02412942144
248730,248822,252121,92,3299,2,7200,1.02788723856
248731,248827,252174,96,3347,2,7200,1.02868240215
248732,248832,252282,100,3450,2,7200,1.02898550725
248734,248837,252041,103,3204,2,7200,1.03214731586
248735,248843,252106,108,3263,2,7200,1.03309837573
248737,248848,252222,111,3374,2,7200,1.03289863663
248738,248855,252200,117,3345,2,7200,1.03497757848
248739,248860,251925,121,3065,2,7200,1.03947797716
251842,251848,255577,6,3729,2,7200,1.00160901046
251906,251914,254737,8,2823,2,7200,1.00283386468
251922,251929,255687,7,3758,2,7200,1.00186269292
251937,251943,255390,6,3447,2,7200,1.00174064404
252041,252048,255320,7,3272,2,7200,1.0021393643
252062,252068,255402,6,3334,2,7200,1.00179964007
252082,252088,255405,6,3317,2,7200,1.00180886343
252097,252103,255453,6,3350,2,7200,1.00179104478
252113,252126,255395,13,3269,2,7200,1.0039767513
252114,252131,255256,17,3125,2,7200,1.00544
252130,252138,255332,8,3194,2,7200,1.00250469631
252131,252143,255500,12,3357,2,7200,1.0035746202
252146,252153,255298,7,3145,2,7200,1.00222575517
252147,252159,255566,12,3407,2,7200,1.00352216026
252176,252186,255943,10,3757,2,7200,1.00266169816
252203,252210,255502,7,3292,2,7200,1.00212636695
252218,252224,255536,6,3312,2,7200,1.0018115942
252234,252240,255508,6,3268,2,7200,1.00183598531
252249,252256,255342,7,3086,2,7200,1.00226830849
252250,252262,255632,12,3370,2,7200,1.00356083086
252284,252290,255555,6,3265,2,7200,1.00183767228
252305,252311,255551,6,3240,2,7200,1.00185185185
252321,252327,255736,6,3409,2,7200,1.00176004693
252322,252334,255608,12,3274,2,7200,1.0036652413
252337,252343,255567,6,3224,2,7200,1.00186104218
252353,252359,256078,6,3719,2,7200,1.00161333692
252401,252408,255980,7,3572,2,7200,1.00195968645
252462,252468,255656,6,3188,2,7200,1.00188205772
252502,252509,255311,7,2802,2,7200,1.00249821556
254739,254747,258063,8,3316,2,7200,1.00241254524
255257,255263,258396,6,3133,2,7200,1.00191509735
255300,255306,258384,6,3078,2,7200,1.00194931774
255315,255321,258652,6,3331,2,7200,1.00180126088
255331,255338,258587,7,3249,2,7200,1.00215450908
255347,255354,258370,7,3016,2,7200,1.00232095491
255348,255361,258891,13,3530,2,7200,1.00368271955
255391,255398,258711,7,3313,2,7200,1.00211288862
255407,255414,258558,7,3144,2,7200,1.0022264631
255408,255421,258539,13,3118,2,7200,1.00416933932
255409,255427,258806,18,3379,2,7200,1.00532701983
255455,255462,258793,7,3331,2,7200,1.00210147103
255500,255507,258893,7,3386,2,7200,1.00206733609
255502,255514,258870,12,3356,2,7200,1.00357568534
255517,255523,258771,6,3248,2,7200,1.00184729064
255536,255543,258805,7,3262,2,7200,1.00214592275
255551,255558,258791,7,3233,2,7200,1.00216517167
255566,255572,258983,6,3411,2,7200,1.00175901495
255567,255579,259044,12,3465,2,7200,1.00346320346
255569,255584,258875,15,3291,2,7200,1.00455788514
255584,255591,259309,7,3718,2,7200,1.00188273265
255609,255616,259063,7,3447,2,7200,1.00203075138
255630,255636,258871,6,3235,2,7200,1.00185471406
255658,255664,258908,6,3244,2,7200,1.00184956843
255688,255694,258990,6,3296,2,7200,1.00182038835
255737,255743,258983,6,3240,2,7200,1.00185185185
255945,255951,259197,6,3246,2,7200,1.00184842884
255979,255986,259186,7,3200,2,7200,1.0021875
256084,256092,259520,8,3428,2,7200,1.00233372229
258066,258073,261186,7,3113,2,7200,1.00224863476
258369,258376,261804,7,3428,2,7200,1.002042007
258387,258393,261450,6,3057,2,7200,1.00196270854
258402,258408,262011,6,3603,2,7200,1.00166527893
258540,258546,261901,6,3355,2,7200,1.00178837556
258561,258567,262156,6,3589,2,7200,1.00167177487
258588,258594,261943,6,3349,2,7200,1.00179157958
258652,258658,262095,6,3437,2,7200,1.00174570847
258713,258725,262136,12,3411,2,7200,1.0035180299
258774,258781,261757,7,2976,2,7200,1.00235215054
258792,258799,262092,7,3293,2,7200,1.00212572123
258807,258814,262019,7,3205,2,7200,1.00218408736
258809,258821,262396,12,3575,2,7200,1.00335664336
258810,258826,262527,16,3701,2,7200,1.0043231559
258872,258878,262538,6,3660,2,7200,1.00163934426
258873,258884,262130,11,3246,2,7200,1.0033887862
258888,258894,262310,6,3416,2,7200,1.00175644028
258903,258909,262151,6,3242,2,7200,1.00185070944
258904,258916,262085,12,3169,2,7200,1.0037866835
258920,258927,262388,7,3461,2,7200,1.00202253684
258983,258991,262419,8,3428,2,7200,1.00233372229
258985,258996,262342,11,3346,2,7200,1.00328750747
259000,259006,262029,6,3023,2,7200,1.00198478333
259046,259052,262240,6,3188,2,7200,1.00188205772
259064,259071,262498,7,3427,2,7200,1.00204260286
259185,259192,262512,7,3320,2,7200,1.00210843373
259201,259207,262494,6,3287,2,7200,1.00182537268
259310,259317,262282,7,2965,2,7200,1.0023608769
259520,259528,262793,8,3265,2,7200,1.00245022971
261052,271019,272053,9967,1034,16,36600,10.6392649903
261188,261194,264358,6,3164,2,7200,1.00189633375
261452,261458,264803,6,3345,2,7200,1.00179372197
261757,261764,265134,7,3370,2,7200,1.00207715134
261803,261810,265252,7,3442,2,7200,1.00203370134
261903,261910,265066,7,3156,2,7200,1.00221799747
261943,261949,265362,6,3413,2,7200,1.00175798418
262010,262016,265251,6,3235,2,7200,1.00185471406
262025,262031,265118,6,3087,2,7200,1.0019436346
262040,262046,265393,6,3347,2,7200,1.00179265013
262086,262093,265579,7,3486,2,7200,1.00200803213
262101,262110,265319,9,3209,2,7200,1.00280461203
262102,262115,265290,13,3175,2,7200,1.00409448819
262130,262137,265577,7,3440,2,7200,1.00203488372
262145,262152,265304,7,3152,2,7200,1.00222081218
262161,262168,265613,7,3445,2,7200,1.00203193033
262162,262174,265372,12,3198,2,7200,1.00375234522
262241,262248,265875,7,3627,2,7200,1.00192996967
262283,262291,265635,8,3344,2,7200,1.0023923445
262311,262318,265500,7,3182,2,7200,1.00219987429
262341,262348,265943,7,3595,2,7200,1.00194714882
262390,262396,265575,6,3179,2,7200,1.00188738597
262405,262412,265828,7,3416,2,7200,1.00204918033
262420,262427,265764,7,3337,2,7200,1.00209769254
262497,262503,265673,6,3170,2,7200,1.00189274448
262498,262511,265759,13,3248,2,7200,1.00400246305
262514,262520,265692,6,3172,2,7200,1.00189155107
262529,262535,265794,6,3259,2,7200,1.00184105554
262544,262551,266073,7,3522,2,7200,1.0019875071
262795,262801,266194,6,3393,2,7200,1.0017683466
264358,264366,267791,8,3425,2,7200,1.00233576642
264804,264810,268565,6,3755,2,7200,1.00159786951
264939,268528,279961,3589,11433,16,540000,1.31391585761
265069,265076,268186,7,3110,2,7200,1.00225080386
265120,265126,268314,6,3188,2,7200,1.00188205772
265135,265143,268533,8,3390,2,7200,1.00235988201
265251,265259,268702,8,3443,2,7200,1.00232355504
265253,265266,268583,13,3317,2,7200,1.0039192041
265292,265300,268502,8,3202,2,7200,1.00249843848
265308,265315,268689,7,3374,2,7200,1.0020746888
265323,265329,268769,6,3440,2,7200,1.00174418605
265362,265369,268584,7,3215,2,7200,1.00217729393
265378,265384,268850,6,3466,2,7200,1.00173110214
265397,265404,268669,7,3265,2,7200,1.002143951
265503,265510,268609,7,3099,2,7200,1.00225879316
265576,265582,269114,6,3532,2,7200,1.00169875425
265577,265589,268704,12,3115,2,7200,1.00385232745
265579,265594,268615,15,3021,2,7200,1.0049652433
265615,265621,268849,6,3228,2,7200,1.00185873606
265637,265644,268665,7,3021,2,7200,1.00231711354
265673,265679,268962,6,3283,2,7200,1.00182759671
265694,265701,269061,7,3360,2,7200,1.00208333333
265758,265764,269091,6,3327,2,7200,1.00180342651
265774,265780,269490,6,3710,2,7200,1.00161725067
265792,265798,268946,6,3148,2,7200,1.00190597205
265829,265835,269212,6,3377,2,7200,1.0017767249
265875,265881,269205,6,3324,2,7200,1.00180505415
265944,265950,269658,6,3708,2,7200,1.00161812298
266073,266079,269625,6,3546,2,7200,1.00169204738
266194,266200,269516,6,3316,2,7200,1.00180940893
267798,267804,270998,6,3194,2,7200,1.00187852223
268187,268194,271316,7,3122,2,7200,1.00224215247
268315,268321,271529,6,3208,2,7200,1.00187032419
268499,268505,268678,6,173,1,3600,1.03468208092
268501,268511,271839,10,3328,2,7200,1.00300480769
268535,268541,271716,6,3175,2,7200,1.00188976378
268565,268571,272232,6,3661,2,7200,1.00163889648
268584,268590,271805,6,3215,2,7200,1.00186625194
268599,268605,272294,6,3689,2,7200,1.00162645703
268614,268620,271773,6,3153,2,7200,1.00190294957
268616,268627,271997,11,3370,2,7200,1.00326409496
268668,268674,271635,6,2961,2,7200,1.00202634245
268669,268681,272098,12,3417,2,7200,1.0035118525
268691,268697,271876,6,3179,2,7200,1.00188738597
268702,272064,272619,3362,555,3,7200,7.05765765766
268707,268713,272444,6,3731,2,7200,1.00160814795
268708,268720,271912,12,3192,2,7200,1.0037593985
268770,268776,272470,6,3694,2,7200,1.00162425555
268780,272069,284576,3289,12507,3,36000,1.26297273527
268850,268856,272155,6,3299,2,7200,1.00181873295
268857,268863,269221,6,358,1,3600,1.01675977654
268865,268871,272192,6,3321,2,7200,1.00180668473
268947,268953,272469,6,3516,2,7200,1.00170648464
268962,268969,272400,7,3431,2,7200,1.00204022151
268989,272075,281368,3086,9293,1,72000,1.3320779081
269060,269066,272306,6,3240,2,7200,1.00185185185
269090,269096,272565,6,3469,2,7200,1.00172960507
269118,269124,272711,6,3587,2,7200,1.001672707
269207,269213,272639,6,3426,2,7200,1.00175131349
269222,269229,272577,7,3348,2,7200,1.00209080048
269492,269498,272693,6,3195,2,7200,1.00187793427
269516,269523,272828,7,3305,2,7200,1.00211800303
269580,269587,270421,7,834,1,3600,1.00839328537
269627,269633,273249,6,3616,2,7200,1.00165929204
269658,269664,273125,6,3461,2,7200,1.001733603
271005,271024,274364,19,3340,2,7200,1.00568862275
271320,271326,274956,6,3630,2,7200,1.00165289256
271535,271541,274863,6,3322,2,7200,1.00180614088
271636,271642,275250,6,3608,2,7200,1.00166297118
271715,271721,275123,6,3402,2,7200,1.00176366843
271732,272080,272192,348,112,1,3600,4.10714285714
271774,271780,275362,6,3582,2,7200,1.00167504188
271807,271815,275169,8,3354,2,7200,1.00238521169
271842,271849,275002,7,3153,2,7200,1.00222010783
271876,271882,275087,6,3205,2,7200,1.00187207488
271913,271919,275310,6,3391,2,7200,1.00176938956
271998,272004,275174,6,3170,2,7200,1.00189274448
272083,272089,272263,6,174,1,3600,1.03448275862
272098,272104,275523,6,3419,2,7200,1.00175489909
272156,272163,275585,7,3422,2,7200,1.00204558738
272193,272202,275576,9,3374,2,7200,1.00266745702
272233,272239,275582,6,3343,2,7200,1.00179479509
272294,272300,275597,6,3297,2,7200,1.00181983621
272309,272315,275788,6,3473,2,7200,1.00172761301
272367,272631,272962,264,331,1,3600,1.79758308157
272401,272407,275975,6,3568,2,7200,1.00168161435
272437,272637,272988,200,351,1,3600,1.5698005698
272444,272450,275529,6,3079,2,7200,1.00194868464
272471,272478,275741,7,3263,2,7200,1.00214526509
272473,272484,275871,11,3387,2,7200,1.00324771184
272567,272573,275929,6,3356,2,7200,1.00178784267
272583,272589,275913,6,3324,2,7200,1.00180505415
272641,272648,276008,7,3360,2,7200,1.00208333333
272696,272702,276223,6,3521,2,7200,1.00170406135
272712,272718,276285,6,3567,2,7200,1.00168208579
272828,272834,276296,6,3462,2,7200,1.00173310225
272958,272972,273027,14,55,1,1200,1.25454545455
273131,273137,276347,6,3210,2,7200,1.00186915888
273249,273256,276456,7,3200,2,7200,1.0021875
273338,275536,276381,2198,845,1,3600,3.60118343195
273434,275542,276157,2108,615,1,3600,4.42764227642
274365,274371,277664,6,3293,2,7200,1.00182204677
274867,274873,278207,6,3334,2,7200,1.00179964007
274958,274964,278534,6,3570,2,7200,1.00168067227
275004,275010,278262,6,3252,2,7200,1.00184501845
275089,275095,278527,6,3432,2,7200,1.00174825175
275126,275132,278652,6,3520,2,7200,1.00170454545
275172,275178,278536,6,3358,2,7200,1.00178677784
275187,275193,278890,6,3697,2,7200,1.00162293752
275248,275254,278249,6,2995,2,7200,1.0020033389
275312,275318,278457,6,3139,2,7200,1.00191143676
275364,275370,278518,6,3148,2,7200,1.00190597205
275524,275530,278876,6,3346,2,7200,1.00179318589
275539,275548,278878,9,3330,2,7200,1.0027027027
275576,275582,278765,6,3183,2,7200,1.00188501414
275592,275598,279052,6,3454,2,7200,1.00173711639
275593,275604,278913,11,3309,2,7200,1.00332426715
275608,275615,278937,7,3322,2,7200,1.00210716436
275743,275749,279007,6,3258,2,7200,1.00184162063
275789,275795,276720,6,925,2,7200,1.00648648649
275817,276022,276142,205,120,1,1800,2.70833333333
275872,275878,279302,6,3424,2,7200,1.00175233645
275912,275918,278871,6,2953,2,7200,1.00203183204
275930,275936,279068,6,3132,2,7200,1.00191570881
275976,275982,279368,6,3386,2,7200,1.00177200236
276010,276016,279152,6,3136,2,7200,1.00191326531
276228,276234,279335,6,3101,2,7200,1.00193485972
276286,276292,279515,6,3223,2,7200,1.00186161961
276301,276307,279790,6,3483,2,7200,1.00172265289
276346,276353,279761,7,3408,2,7200,1.00205399061
276446,276452,276565,6,113,1,1800,1.05309734513
276458,276464,279881,6,3417,2,7200,1.00175592625
277234,277240,277816,6,576,1,1800,1.01041666667
277644,277650,277765,6,115,1,3600,1.05217391304
277672,277678,280862,6,3184,2,7200,1.00188442211
277941,277947,278273,6,326,1,3600,1.01840490798
278211,278217,281590,6,3373,2,7200,1.0017788319
278250,278257,281491,7,3234,2,7200,1.00216450216
278266,278272,281410,6,3138,2,7200,1.00191204589
278459,278466,281789,7,3323,2,7200,1.00210653024
278517,278523,281960,6,3437,2,7200,1.00174570847
278534,278545,281845,11,3300,2,7200,1.00333333333
278536,278551,281854,15,3303,2,7200,1.00454132607
278699,278724,279339,25,615,1,3600,1.0406504065
278768,278775,286021,7,7246,2,7200,1.00096605023
278870,278876,282289,6,3413,2,7200,1.00175798418
278885,278891,282531,6,3640,2,7200,1.00164835165
278886,278897,282295,11,3398,2,7200,1.00323719835
278901,278908,282027,7,3119,2,7200,1.00224430907
278917,278923,282392,6,3469,2,7200,1.00172960507
278938,278944,282406,6,3462,2,7200,1.00173310225
279009,279015,282661,6,3646,2,7200,1.00164563906
279051,279058,282429,7,3371,2,7200,1.00207653515
279067,279073,282376,6,3303,2,7200,1.00181653043
279153,279160,282343,7,3183,2,7200,1.00219918316
279236,279347,280803,111,1456,1,36000,1.07623626374
279304,279310,282882,6,3572,2,7200,1.00167973124
279335,279341,282461,6,3120,2,7200,1.00192307692
279372,279379,282568,7,3189,2,7200,1.00219504547
279442,279893,280011,451,118,1,1800,4.82203389831
279516,279522,282865,6,3343,2,7200,1.00179479509
279603,279898,279948,295,50,1,1800,6.9
279711,279958,281425,247,1467,1,14400,1.16837082481
279759,279766,283041,7,3275,2,7200,1.00213740458
279790,279796,282672,6,2876,2,7200,1.00208623088
279881,279887,283325,6,3438,2,7200,1.0017452007
280032,280038,282552,6,2514,3,36000,1.00238663484
280252,280306,359924,54,79618,16,540000,1.00067823859
280268,280274,280355,6,81,1,1800,1.07407407407
280341,280348,280449,7,101,1,1800,1.06930693069
280868,280874,284178,6,3304,2,7200,1.00181598063
281151,281158,281733,7,575,1,1800,1.01217391304
281332,281339,281626,7,287,1,1800,1.0243902439
281412,281418,284723,6,3305,2,7200,1.00181543116
281491,281497,284711,6,3214,2,7200,1.00186683261
281588,281594,284943,6,3349,2,7200,1.00179157958
281795,281800,284935,5,3135,2,7200,1.00159489633
281844,281850,285380,6,3530,2,7200,1.00169971671
281859,281865,285231,6,3366,2,7200,1.00178253119
281960,281966,285367,6,3401,2,7200,1.001764187
282021,282027,285480,6,3453,2,7200,1.00173761946
282288,282294,285793,6,3499,2,7200,1.00171477565
282303,282309,285749,6,3440,2,7200,1.00174418605
282346,282352,285758,6,3406,2,7200,1.00176159718
282377,282383,285559,6,3176,2,7200,1.00188916877
282392,282398,285493,6,3095,2,7200,1.00193861066
282408,282414,285984,6,3570,2,7200,1.00168067227
282429,282435,285345,6,2910,2,7200,1.00206185567
282460,282466,285694,6,3228,2,7200,1.00185873606
282530,282536,285961,6,3425,2,7200,1.00175182482
285236,285242,291669,6,6427,2,21600,1.00093356154
291632,291642,293450,10,1808,1,1800,1.00553097345
293716,293722,293726,6,4,16,288000,1.0
293771,293778,293779,7,1,16,288000,1.0
294425,294432,294436,7,4,16,216000,1.1
295289,295295,295299,6,4,16,216000,1.0
295438,295444,295445,6,1,16,216000,1.0
296126,296132,296901,6,769,16,216000,1.0078023407
296414,296420,297452,6,1032,2,28800,1.00581395349
296575,296582,296585,7,3,1,1800,1.0
296622,296628,307573,6,10945,3,36000,1.00054819552
296644,296650,298457,6,1807,2,18000,1.00332042059
296692,296699,302398,7,5699,1,72000,1.00122828566
296695,296705,296708,10,3,1,1800,1.3
296695,296710,299865,15,3155,2,14400,1.00475435816
296715,296721,306913,6,10192,1,36000,1.00058869702
296740,296746,299431,6,2685,1,36000,1.00223463687
296784,296791,303443,7,6652,2,28800,1.00105231509
296888,296894,300312,6,3418,1,36000,1.00175541252
296921,296927,305058,6,8131,2,28800,1.00073791662
296945,296951,297314,6,363,1,7200,1.01652892562
296963,296969,297133,6,164,1,7200,1.03658536585
296967,296975,319684,8,22709,16,288000,1.00035228324
297066,297073,297076,7,3,1,1800,1.0
297160,297166,300397,6,3231,2,18000,1.00185701021
297175,297182,300227,7,3045,2,14400,1.00229885057
297196,297203,297591,7,388,1,1800,1.01804123711
297248,297254,300344,6,3090,2,14400,1.00194174757
297340,297346,300460,6,3114,2,14400,1.00192678227
297355,297361,300436,6,3075,2,14400,1.00195121951
297362,297368,301055,6,3687,1,36000,1.0016273393
297363,297374,300413,11,3039,2,14400,1.00361961171
297371,297380,300449,9,3069,2,14400,1.00293255132
297380,297386,300604,6,3218,2,14400,1.00186451212
297390,297397,300455,7,3058,2,14400,1.00228907783
297402,297408,300505,6,3097,2,14400,1.00193735873
297408,297414,300473,6,3059,2,14400,1.0019614253
297415,297421,300463,6,3042,2,14400,1.00197238659
297423,297429,300525,6,3096,2,14400,1.0019379845
297426,297440,429653,14,132213,1,360000,1.00010588974
297427,297435,300492,8,3057,2,14400,1.00261694472
297433,297446,300514,13,3068,2,14400,1.00423728814
297438,297451,300456,13,3005,2,14400,1.00432612313
297443,297457,300474,14,3017,2,14400,1.00464037123
297455,297463,300533,8,3070,2,14400,1.00260586319
297474,297480,300524,6,3044,2,14400,1.00197109067
297561,297567,306890,6,9323,2,21600,1.00064356967
297584,297600,392678,16,95078,1,432000,1.00016828288
297584,297595,393025,11,95430,1,432000,1.00011526774
297584,297590,391799,6,94209,1,432000,1.00006368818
297836,297842,302668,6,4826,2,28800,1.00124326564
298144,298150,298162,6,12,3,259200,1.5
298315,298321,298474,6,153,16,288000,1.03921568627
298547,298553,298615,6,62,2,28800,1.09677419355
298614,298620,302511,6,3891,2,21600,1.00154202005
298765,298771,315340,6,16569,3,259200,1.00036212204
298957,298963,303462,6,4499,2,28800,1.0013336297
299146,299151,299595,5,444,4,21600,1.01126126126
299241,299247,300703,6,1456,1,14400,1.00412087912
299403,299409,299521,6,112,16,288000,1.05357142857
299418,299424,299778,6,354,1,1800,1.01694915254
299606,299612,311151,6,11539,8,21600,1.00051997573
299630,299637,300528,7,891,16,43200,1.00785634119
299631,299642,299648,11,6,16,43200,1.7
299632,299648,299658,16,10,16,43200,2.6
299891,299902,318154,11,18252,16,43200,1.00060267368
299891,299897,310937,6,11040,16,43200,1.00054347826
299892,299908,314191,16,14283,16,43200,1.00112021284
300120,300126,305865,6,5739,2,43200,1.00104547831
300145,300151,303367,6,3216,2,7200,1.00186567164
300146,300157,303265,11,3108,2,7200,1.00353925354
300148,300162,303225,14,3063,2,7200,1.00457068234
300149,300168,303431,19,3263,2,7200,1.0058228624
300300,300306,303786,6,3480,2,7200,1.00172413793
300301,300312,303923,11,3611,2,7200,1.00304624758
300303,300318,303771,15,3453,2,7200,1.00434404865
300304,300323,304168,19,3845,2,7200,1.00494148244
300305,300328,303701,23,3373,2,7200,1.00681885562
300308,300339,303292,31,2953,2,7200,1.01049779885
300309,300345,303301,36,2956,2,7200,1.01217861976
300311,300350,303686,39,3336,2,7200,1.01169064748
300312,300355,303845,43,3490,2,7200,1.01232091691
300313,300360,303872,47,3512,2,7200,1.01338268793
300315,300366,303947,51,3581,2,7200,1.01424183189
300316,300371,303656,55,3285,2,7200,1.01674277017
300318,300376,303821,58,3445,2,7200,1.01683599419
300319,300382,303504,63,3122,2,7200,1.0201793722
300320,300387,303374,67,2987,2,7200,1.02243053231
300322,300392,303913,70,3521,2,7200,1.01988071571
300323,300397,303365,74,2968,2,7200,1.02493261456
300324,300403,303479,79,3076,2,7200,1.02568270481
300326,300408,303399,82,2991,2,7200,1.02741558007
300327,300413,303666,86,3253,2,7200,1.02643713495
300328,300418,303597,90,3179,2,7200,1.02831078956
300330,300424,303860,94,3436,2,7200,1.02735739232
300331,300429,303658,98,3229,2,7200,1.03034995355
300332,300434,303563,102,3129,2,7200,1.03259827421
300334,300439,307685,105,7246,2,7200,1.01449075352
300335,300445,307648,110,7203,2,7200,1.01527141469
300336,300451,307688,115,7237,2,7200,1.01589056239
300338,300456,307674,118,7218,2,7200,1.01634801884
300340,300467,303974,127,3507,2,7200,1.03621328771
300342,300472,303996,130,3524,2,7200,1.03688989784
300343,300479,304001,136,3522,2,7200,1.03861442362
300344,300484,303569,140,3085,2,7200,1.0453808752
300346,300489,303704,143,3215,2,7200,1.04447900467
300361,300494,303629,133,3135,2,7200,1.04242424242
300362,300500,303891,138,3391,2,7200,1.04069595989
300364,300505,304006,141,3501,2,7200,1.04027420737
300731,300737,300739,6,2,2,7200,1.0
300732,300743,300744,11,1,2,7200,1.2
300732,300749,300750,17,1,2,7200,1.8
300732,300754,300755,22,1,2,7200,2.3
300992,300998,302848,6,1850,1,1800,1.00324324324
301557,301563,301866,6,303,16,43200,1.0198019802
301583,301589,303759,6,2170,1,14400,1.00276497696
301768,301774,317309,6,15535,4,21600,1.00038622465
302203,302209,304864,6,2655,2,28800,1.00225988701
302234,302258,302269,24,11,2,43200,3.18181818182
302235,302241,302246,6,5,16,43200,1.1
302401,302407,312767,6,10360,2,43200,1.00057915058
303225,303231,306606,6,3375,2,7200,1.00177777778
303265,303271,306835,6,3564,2,7200,1.00168350168
303292,303299,306312,7,3013,2,7200,1.00232326585
303308,303314,306895,6,3581,2,7200,1.00167550963
303366,303372,306675,6,3303,2,7200,1.00181653043
303368,303379,307009,11,3630,2,7200,1.00303030303
303383,303389,306985,6,3596,2,7200,1.00166852058
303398,303405,306767,7,3362,2,7200,1.00208209399
303432,303438,306561,6,3123,2,7200,1.00192122959
303478,303485,306860,7,3375,2,7200,1.00207407407
303506,303512,306859,6,3347,2,7200,1.00179265013
303564,303571,307019,7,3448,2,7200,1.00203016241
303580,303586,306848,6,3262,2,7200,1.00183936235
303595,303601,306932,6,3331,2,7200,1.00180126088
303629,303635,307040,6,3405,2,7200,1.00176211454
303657,303663,307427,6,3764,2,7200,1.00159404888
303672,303678,307126,6,3448,2,7200,1.00174013921
303674,303684,310930,10,7246,2,7200,1.00138007176
303690,303696,307272,6,3576,2,7200,1.00167785235
303705,303711,306832,6,3121,2,7200,1.00192246075
303706,303719,306924,13,3205,2,7200,1.00405616225
303769,303776,307017,7,3241,2,7200,1.00215982721
303785,303791,307140,6,3349,2,7200,1.00179157958
303822,303828,307284,6,3456,2,7200,1.00173611111
303846,303853,307155,7,3302,2,7200,1.00211992732
303862,303868,307419,6,3551,2,7200,1.00168966488
303877,303883,307222,6,3339,2,7200,1.00179694519
303892,303899,307242,7,3343,2,7200,1.00209392761
303915,303921,307385,6,3464,2,7200,1.00173210162
303930,303936,307476,6,3540,2,7200,1.00169491525
303948,303955,307189,7,3234,2,7200,1.00216450216
303976,303982,307346,6,3364,2,7200,1.00178359096
303994,304001,307236,7,3235,2,7200,1.00216383308
304010,304016,307248,6,3232,2,7200,1.00185643564
304011,304022,307190,11,3168,2,7200,1.00347222222
304165,304171,307875,6,3704,2,7200,1.00161987041
304552,304558,304560,6,2,2,43200,1.0
304662,304669,320205,7,15536,2,43200,1.00045056643
304738,304744,305881,6,1137,8,21600,1.00527704485
304811,305877,306969,1066,1092,8,21600,1.97619047619
304868,306596,308162,1728,1566,8,21600,2.10344827586
305815,305822,305825,7,3,1,1800,1.0
305885,305892,307736,7,1844,1,1800,1.00379609544
306153,306198,306225,45,27,2,7200,2.66666666667
306153,306164,306191,11,27,2,7200,1.40740740741
306153,306159,306187,6,28,2,7200,1.21428571429
306154,306206,306232,52,26,2,7200,3.0
306313,306319,309572,6,3253,2,7200,1.00184445128
306492,306503,306537,11,34,2,7200,1.32352941176
306492,306498,306533,6,35,2,7200,1.17142857143
306493,306545,306578,52,33,2,7200,2.57575757576
306493,306551,306585,58,34,2,7200,2.70588235294
306562,306568,309858,6,3290,2,7200,1.00182370821
306605,306611,313837,6,7226,2,7200,1.0008303349
306676,306682,310001,6,3319,2,7200,1.00180777343
306768,306774,310289,6,3515,2,7200,1.00170697013
306832,306838,310052,6,3214,2,7200,1.00186683261
306848,306854,310307,6,3453,2,7200,1.00173761946
306849,306860,310164,11,3304,2,7200,1.00332929782
306865,306871,309829,6,2958,2,7200,1.00202839757
306866,306877,310422,11,3545,2,7200,1.00310296192
306897,306904,310156,7,3252,2,7200,1.00215252153
306925,306931,310203,6,3272,2,7200,1.00183374083
306929,306937,313657,8,6720,2,21600,1.00119047619
306941,306947,310360,6,3413,2,7200,1.00175798418
306987,306993,309980,6,2987,2,7200,1.00200870439
307010,307016,310325,6,3309,2,7200,1.00181323663
307026,307031,310395,5,3364,2,7200,1.0014863258
307027,307042,310617,15,3575,2,7200,1.0041958042
307029,307037,309407,8,2370,8,21600,1.00337552743
307042,307048,310389,6,3341,2,7200,1.0017958695
307102,307184,309556,82,2372,8,21600,1.03456998314
307122,307140,307173,18,33,2,7200,1.54545454545
307122,307133,307168,11,35,2,7200,1.31428571429
307122,307128,307163,6,35,2,7200,1.17142857143
307123,307153,307186,30,33,2,7200,1.90909090909
307125,307146,310419,21,3273,2,7200,1.00641613199
307143,307158,310591,15,3433,2,7200,1.00436935625
307158,307164,310348,6,3184,2,7200,1.00188442211
307189,307195,310821,6,3626,2,7200,1.00165471594
307190,307202,310830,12,3628,2,7200,1.0033076075
307221,307227,310915,6,3688,2,7200,1.00162689805
307237,307243,310605,6,3362,2,7200,1.00178465199
307252,307259,310503,7,3244,2,7200,1.00215782984
307254,307265,310485,11,3220,2,7200,1.00341614907
307273,307279,310653,6,3374,2,7200,1.00177830468
307289,307295,310761,6,3466,2,7200,1.00173110214
307345,307351,310754,6,3403,2,7200,1.00176315016
307385,307391,310775,6,3384,2,7200,1.00177304965
307419,307425,310582,6,3157,2,7200,1.00190053849
307434,307441,310807,7,3366,2,7200,1.00207961973
307477,307483,311073,6,3590,2,7200,1.00167130919
307878,307884,311522,6,3638,2,7200,1.00164925783
308183,308189,308220,6,31,2,7200,1.1935483871
308184,308195,308226,11,31,2,7200,1.35483870968
308185,308200,308231,15,31,2,7200,1.48387096774
308187,308206,308237,19,31,2,7200,1.61290322581
308796,308802,312187,6,3385,2,7200,1.00177252585
308798,308808,312225,10,3417,2,7200,1.00292654375
308799,308814,312339,15,3525,2,7200,1.00425531915
308800,308819,312518,19,3699,2,7200,1.00513652338
309455,309461,314874,6,5413,2,28800,1.00110844264
309573,309579,312641,6,3062,2,7200,1.00195950359
309578,309586,310805,8,1219,8,72000,1.00656275636
309585,309592,310808,7,1216,8,72000,1.00575657895
309588,309598,310809,10,1211,8,72000,1.00825763832
309598,309845,309849,247,4,8,72000,25.1
309612,309861,309863,249,2,8,72000,25.1
309626,309874,309881,248,7,8,72000,25.5
309832,309839,313200,7,3361,2,7200,1.00208271348
309857,309867,312958,10,3091,2,7200,1.00323519896
309981,309987,313260,6,3273,2,7200,1.00183318057
309998,310004,312154,6,2150,2,10800,1.00279069767
310003,310010,313262,7,3252,2,7200,1.00215252153
310056,310062,313368,6,3306,2,7200,1.00181488203
310159,310166,313689,7,3523,2,7200,1.00198694295
310170,310176,310514,6,338,8,21600,1.01775147929
310175,310182,313461,7,3279,2,7200,1.00213479719
310202,310208,313361,6,3153,2,7200,1.00190294957
310291,310297,313503,6,3206,2,7200,1.00187149095
310309,310315,313459,6,3144,2,7200,1.00190839695
310324,310330,313625,6,3295,2,7200,1.00182094082
310347,310434,313860,87,3426,8,21600,1.02539404553
310349,310356,313507,7,3151,2,7200,1.00222151698
310365,310371,314006,6,3635,2,7200,1.00165061898
310372,310525,315290,153,4765,8,21600,1.03210912907
310389,310397,313697,8,3300,2,7200,1.00242424242
310405,310412,313673,7,3261,2,7200,1.0021465808
310420,310426,313910,6,3484,2,7200,1.00172215844
310436,310442,314215,6,3773,2,7200,1.00159024649
310486,310492,314047,6,3555,2,7200,1.00168776371
310501,310507,313836,6,3329,2,7200,1.00180234305
310581,310587,314235,6,3648,2,7200,1.00164473684
310597,310603,313921,6,3318,2,7200,1.00180831826
310612,310618,313838,6,3220,2,7200,1.00186335404
310627,310634,314068,7,3434,2,7200,1.00203843914
310652,310658,313758,6,3100,2,7200,1.00193548387
310704,310710,313611,6,2901,1,14400,1.00206825233
310762,310768,313789,6,3021,2,7200,1.00198609732
310763,310774,314343,11,3569,2,7200,1.00308209583
310779,310785,313957,6,3172,2,7200,1.00189155107
310807,310813,314195,6,3382,2,7200,1.00177409817
310823,310829,314210,6,3381,2,7200,1.00177462289
310839,310845,314193,6,3348,2,7200,1.0017921147
310916,310922,314616,6,3694,2,7200,1.00162425555
310947,310953,310956,6,3,8,72000,1.0
310955,310961,310964,6,3,8,72000,1.0
310967,310973,310975,6,2,8,72000,1.0
311002,311008,320150,6,9142,8,72000,1.00065631153
311011,311017,322878,6,11861,8,72000,1.00050585954
311017,311161,323856,144,12695,8,72000,1.01134304844
311045,311475,319984,430,8509,8,72000,1.05053472794
311067,311721,324322,654,12601,8,72000,1.05190064281
311075,311082,314404,7,3322,2,7200,1.00210716436
311078,312529,322743,1451,10214,8,72000,1.14205991776
311525,311532,314886,7,3354,2,7200,1.00208706023
311627,311727,333373,100,21646,2,21600,1.00461979119
311962,312656,317955,694,5299,2,28800,1.13096810719
312227,312234,314550,7,2316,2,3600,1.0030224525
312642,312649,315868,7,3219,2,7200,1.00217458838
312869,313279,314690,410,1411,2,10800,1.29057406095
312959,312965,316613,6,3648,2,7200,1.00164473684
313200,313206,316657,6,3451,2,7200,1.00173862649
313261,313267,316921,6,3654,2,7200,1.00164203612
313263,313273,316416,10,3143,2,7200,1.00318167356
313302,313380,318853,78,5473,2,28800,1.01425178147
313361,313367,316358,6,2991,2,7200,1.00200601805
313379,313387,316596,8,3209,2,7200,1.00249298847
313459,313465,317015,6,3550,2,7200,1.00169014085
313474,313480,316622,6,3142,2,7200,1.00190961171
313502,313508,316632,6,3124,2,7200,1.0019206146
313518,313524,316806,6,3282,2,7200,1.00182815356
313627,313633,317079,6,3446,2,7200,1.00174114916
313676,313682,317248,6,3566,2,7200,1.00168255749
313692,313698,317271,6,3573,2,7200,1.00167926113
313707,313714,316816,7,3102,2,7200,1.00225660864
313757,313763,317013,6,3250,2,7200,1.00184615385
313791,313797,317393,6,3596,2,7200,1.00166852058
313834,313840,317187,6,3347,2,7200,1.00179265013
313849,313855,317191,6,3336,2,7200,1.00179856115
313913,313919,317273,6,3354,2,7200,1.00178890877
313929,313935,317083,6,3148,2,7200,1.00190597205
313958,313965,317278,7,3313,2,7200,1.00211288862
314008,314014,317260,6,3246,2,7200,1.00184842884
314047,314054,317636,7,3582,2,7200,1.00195421552
314069,314075,317317,6,3242,2,7200,1.00185070944
314128,314135,317547,7,3412,2,7200,1.00205158265
314130,314207,317501,77,3294,2,7200,1.02337583485
314131,314213,317822,82,3609,2,7200,1.02272097534
314132,314224,317740,92,3516,2,7200,1.02616609784
314195,314201,317471,6,3270,2,7200,1.00183486239
314196,314218,317602,22,3384,2,7200,1.00650118203
314211,314229,317366,18,3137,2,7200,1.00573796621
314227,314236,317423,9,3187,2,7200,1.00282397239
314242,314248,317776,6,3528,2,7200,1.00170068027
314344,314350,317595,6,3245,2,7200,1.00184899846
314399,314405,319760,6,5355,2,28800,1.00112044818
314407,314414,317732,7,3318,2,7200,1.00210970464
314534,314540,331121,6,16581,2,54000,1.00036185996
314599,314701,325642,102,10941,8,10800,1.00932273101
314616,314622,317970,6,3348,2,7200,1.0017921147
314887,314893,318310,6,3417,2,7200,1.00175592625
315174,315301,316597,127,1296,2,10800,1.09799382716
315868,315874,319031,6,3157,2,7200,1.00190053849
316149,316155,319275,6,3120,2,25200,1.00192307692
316278,316284,321185,6,4901,2,10800,1.00122423995
316357,316363,319507,6,3144,2,7200,1.00190839695
316416,316422,320136,6,3714,2,7200,1.00161550889
316482,316819,322657,337,5838,8,21600,1.05772524837
316600,316606,319562,6,2956,2,7200,1.00202976996
316616,316622,320233,6,3611,2,7200,1.00166158959
316631,316637,320167,6,3530,2,7200,1.00169971671
316632,316644,319837,12,3193,2,7200,1.00375822111
316657,316663,320331,6,3668,2,7200,1.00163576881
316806,316813,319921,7,3108,2,7200,1.00225225225
316822,316828,320552,6,3724,2,7200,1.00161117078
316920,316926,320233,6,3307,2,7200,1.00181433323
317015,317022,320603,7,3581,2,7200,1.00195476124
317017,317029,320396,12,3367,2,7200,1.00356400356
317078,317084,320421,6,3337,2,7200,1.00179802218
317094,317100,320275,6,3175,2,7200,1.00188976378
317182,317188,338793,6,21605,2,21600,1.00027771349
317185,317201,329900,16,12699,2,21600,1.00125994173
317189,317195,320075,6,2880,2,7200,1.00208333333
317205,317211,320644,6,3433,2,7200,1.0017477425
317248,317254,320592,6,3338,2,7200,1.00179748352
317263,317269,320341,6,3072,2,7200,1.001953125
317279,317285,320554,6,3269,2,7200,1.00183542368
317280,317292,320650,12,3358,2,7200,1.00357355569
317282,317297,320634,15,3337,2,7200,1.00449505544
317319,317325,320433,6,3108,2,7200,1.00193050193
317365,317371,320579,6,3208,2,7200,1.00187032419
317397,317403,320765,6,3362,2,7200,1.00178465199
317425,317431,320931,6,3500,2,7200,1.00171428571
317475,317481,320915,6,3434,2,7200,1.00174723355
317595,317601,320762,6,3161,2,7200,1.0018981335
317611,317617,320686,6,3069,2,7200,1.00195503421
317635,317641,320989,6,3348,2,7200,1.0017921147
317734,317740,321430,6,3690,2,7200,1.00162601626
317775,317781,321369,6,3588,2,7200,1.0016722408
317972,317978,321230,6,3252,2,7200,1.00184501845
318309,318315,321873,6,3558,2,7200,1.00168634064
318922,318928,321186,6,2258,2,25200,1.00265721878
319031,319037,322573,6,3536,2,7200,1.00169683258
319107,319118,331166,11,12048,1,18000,1.00091301461
319107,319113,325494,6,6381,2,18000,1.00094029149
319108,319130,320970,22,1840,8,18000,1.01195652174
319108,319136,322604,28,3468,4,18000,1.00807381776
319109,319125,320310,16,1185,16,18000,1.0135021097
319150,319162,319311,12,149,1,43200,1.08053691275
319151,319157,319311,6,154,8,43200,1.03896103896
319249,319255,321968,6,2713,2,25200,1.0022115739
319375,319381,319853,6,472,8,43200,1.01271186441
319376,319387,319389,11,2,8,43200,1.3
319376,319401,333187,25,13786,8,43200,1.00181343392
319377,319864,327980,487,8116,8,43200,1.06000492854
320022,320034,320053,12,19,1,14340,1.63157894737
320022,320028,320048,6,20,1,14340,1.3
320022,320039,320049,17,10,1,14340,2.7
320356,320362,320386,6,24,1,14340,1.25
320356,320368,320386,12,18,1,14340,1.66666666667
320356,320373,320386,17,13,1,14340,2.30769230769
320444,320451,320958,7,507,2,21600,1.01380670611
320547,320553,327762,6,7209,2,7200,1.00083229297
320549,320559,323897,10,3338,2,7200,1.00299580587
320550,320564,327806,14,7242,2,7200,1.00193316763
320551,320570,320607,19,37,2,7200,1.51351351351
320589,320595,320596,6,1,2,7200,1.0
320590,320601,324179,11,3578,2,7200,1.00307434321
320591,320606,323959,15,3353,2,7200,1.00447360573
320593,320612,320613,19,1,2,7200,2.0
320975,320981,320984,6,3,16,252000,1.0
321065,321071,321073,6,2,16,252000,1.0
321134,321140,322951,6,1811,16,252000,1.00331308669
321380,321386,325012,6,3626,2,7200,1.00165471594
321423,321429,322176,6,747,8,54000,1.00803212851
321433,321439,324628,6,3189,2,7200,1.00188146754
321654,321660,323617,6,1957,8,43200,1.00306591722
321723,321729,324211,6,2482,2,21600,1.00241740532
321789,321794,322725,5,931,2,14400,1.00537056928
321872,321878,325102,6,3224,2,7200,1.00186104218
322003,322009,322055,6,46,2,21600,1.13043478261
322039,322045,323275,6,1230,2,21600,1.00487804878
322262,322268,327495,6,5227,8,54000,1.00114788598
322465,322472,332003,7,9531,2,32400,1.00073444549
322573,322579,325600,6,3021,2,7200,1.00198609732
323326,323332,323915,6,583,16,252000,1.0102915952
323755,323761,327087,6,3326,8,21600,1.00180396873
324638,324645,327778,7,3133,2,7200,1.00223428024
324960,324966,324971,6,5,2,7200,1.1
324961,324972,328728,11,3756,2,7200,1.0029286475
324963,324977,324982,14,5,2,7200,1.9
324964,324983,324987,19,4,2,7200,2.3
324965,324988,324994,23,6,2,7200,2.9
324967,324994,324995,27,1,2,7200,2.8
324968,324999,325000,31,1,2,7200,3.2
324969,325005,325007,36,2,2,7200,3.8
324971,325010,325015,39,5,2,7200,4.4
324972,325015,328447,43,3432,2,7200,1.01252913753
324973,325020,325022,47,2,2,7200,4.9
324975,325026,325032,51,6,2,7200,5.7
324976,325031,328637,55,3606,2,7200,1.01525235718
324977,325036,325040,59,4,2,7200,6.3
324979,325041,325047,62,6,2,7200,6.8
324980,325047,328232,67,3185,2,7200,1.02103610675
324981,325052,325056,71,4,2,7200,7.5
324983,325057,328317,74,3260,2,7200,1.0226993865
324984,325062,328212,78,3150,2,7200,1.02476190476
324985,325068,325071,83,3,2,7200,8.6
324987,325073,328579,86,3506,2,7200,1.02452937821
324988,325078,325079,90,1,2,7200,9.1
324990,325085,325086,95,1,2,7200,9.6
324993,325096,325097,103,1,2,7200,10.4
324994,325101,325102,107,1,2,7200,10.8
324996,325106,325107,110,1,2,7200,11.1
324998,325117,325118,119,1,2,7200,12.0
325000,325122,325123,122,1,2,7200,12.3
325002,325133,325134,131,1,2,7200,13.2
325004,325138,325139,134,1,2,7200,13.5
325019,325143,325144,124,1,2,7200,12.5
325103,325150,325151,47,1,2,7200,4.8
325608,325614,325616,6,2,2,7200,1.0
325635,325641,325642,6,1,1,900,1.0
325711,325717,325718,6,1,2,21600,1.0
327785,327791,327794,6,3,2,7200,1.0
328215,328221,328223,6,2,2,7200,1.0
328231,328237,331457,6,3220,2,7200,1.00186335404
328317,328324,328327,7,3,2,7200,1.0
328447,328453,328455,6,2,2,7200,1.0
328580,328586,328589,6,3,2,7200,1.0
328639,328645,328646,6,1,2,7200,1.0
328649,328655,328658,6,3,1,5400,1.0
328729,328735,331714,6,2979,2,7200,1.00201409869
331255,331261,331323,6,62,16,240,1.09677419355
331255,331266,331353,11,87,4,960,1.12643678161
331255,331271,331428,16,157,1,3840,1.10191082803
331256,331294,331432,38,138,1,3840,1.27536231884
331256,331289,331382,33,93,4,960,1.35483870968
331256,331278,331333,22,55,64,60,1.4
331257,331283,331286,26,3,64,60,2.9
331257,331335,331401,78,66,16,240,2.18181818182
331257,331300,331452,43,152,1,3840,1.28289473684
331257,331355,331464,98,109,4,960,1.89908256881
331258,331360,331491,102,131,4,960,1.7786259542
331258,331344,331346,86,2,16,240,8.8
331258,331311,331312,53,1,64,60,5.4
331259,331324,331393,65,69,64,60,1.94202898551
331259,331349,331435,90,86,16,240,2.04651162791
331464,331469,334784,5,3315,2,7200,1.00150829563
331713,331720,331726,7,6,2,7200,1.3
333199,333205,333209,6,4,16,960,1.0
333199,333222,333255,23,33,64,240,1.69696969697
333199,333210,333270,11,60,4,3840,1.18333333333
333199,333216,333324,17,108,1,15360,1.15740740741
333200,333238,333239,38,1,4,3840,3.9
333200,333232,333276,32,44,16,960,1.72727272727
333200,333255,333359,55,104,1,15360,1.52884615385
333201,333227,333271,26,44,64,240,1.59090909091
333201,333288,333289,87,1,16,960,8.8
333201,333243,333307,42,64,4,3840,1.65625
333201,333260,333365,59,105,1,15360,1.5619047619
333202,333265,333377,63,112,1,15360,1.5625
333202,333301,333307,99,6,16,960,10.5
333202,333271,333292,69,21,64,240,4.28571428571
333202,333248,333315,46,67,4,3840,1.68656716418
333203,333282,333310,79,28,64,240,3.82142857143
335192,335198,397441,6,62243,3,259200,1.00009639638
338728,338734,338739,6,5,16,28800,1.1
338729,338739,338745,10,6,16,28800,1.6
338729,338745,338753,16,8,16,28800,2.4
338730,338750,338756,20,6,16,28800,2.6
338730,338757,338760,27,3,16,28800,3.0
338793,338804,358637,11,19833,16,28800,1.00055463117
338793,338799,358620,6,19821,16,28800,1.00030270925
338794,338815,358607,21,19792,16,28800,1.00106103476
338794,338810,358574,16,19764,16,28800,1.00080955272
338795,358648,358914,19853,266,16,28800,75.6353383459
338795,358636,358643,19841,7,16,28800,1984.8
338796,358586,363985,19790,5399,16,28800,4.66549360993
338797,358654,358920,19857,266,16,28800,75.6503759398
338797,358624,358631,19827,7,16,28800,1983.4
338798,358927,359194,20129,267,16,28800,76.3895131086
338799,358642,364030,19843,5388,16,28800,4.68281365999
338799,358933,380712,20134,21779,16,28800,1.92446852473
340047,340053,361770,6,21717,8,21600,1.00027628125
354928,354935,355107,7,172,1,3600,1.04069767442
355283,355289,355641,6,352,1,3600,1.01704545455
356005,356011,356872,6,861,1,3600,1.00696864111
357570,357576,357628,6,52,1,1200,1.11538461538
357610,357616,357632,6,16,1,1200,1.375
357644,357650,357666,6,16,1,1200,1.375
357682,357688,357793,6,105,1,1200,1.05714285714
358162,358168,358281,6,113,1,3600,1.05309734513
358206,358213,358465,7,252,1,300,1.02777777778
358216,358222,358497,6,275,1,300,1.02181818182
358223,358229,358488,6,259,1,300,1.02316602317
358230,358236,358535,6,299,1,300,1.02006688963
358458,358464,358782,6,318,1,3600,1.01886792453
358467,358473,358645,6,172,1,3600,1.03488372093
358623,358630,358633,7,3,1,300,1.0
358822,358828,359167,6,339,1,3600,1.01769911504
359277,359283,359896,6,613,1,3600,1.00978792822
359504,359510,360349,6,839,1,3600,1.00715137068
359915,359921,899933,6,540012,16,540000,1.00001111086
361606,361612,361726,6,114,1,3600,1.05263157895
361905,361911,362234,6,323,1,3600,1.01857585139
362189,362195,362314,6,119,1,1800,1.05042016807
362622,362628,362742,6,114,1,1800,1.05263157895
362721,362727,363357,6,630,1,3600,1.00952380952
363415,363421,363989,6,568,1,1800,1.01056338028
365826,365832,365879,6,47,1,1800,1.12765957447
365865,365871,365987,6,116,1,1800,1.05172413793
366200,366206,366274,6,68,1,1800,1.08823529412
366313,366319,366428,6,109,1,1800,1.05504587156
367132,367138,367715,6,577,1,1800,1.01039861352
367276,367283,367567,7,284,1,1800,1.02464788732
369682,369688,369732,6,44,1,1800,1.13636363636
370062,370068,370136,6,68,1,1800,1.08823529412
370213,370219,391479,6,21260,16,28800,1.00028222013
370214,370225,391212,11,20987,16,28800,1.00052413399
370215,380724,401701,10509,20977,16,28800,1.50097726081
370215,370230,391437,15,21207,16,28800,1.00070731362
370216,391224,392158,21008,934,16,28800,23.4925053533
370216,391491,392437,21275,946,16,28800,23.4894291755
370217,391449,392350,21232,901,16,28800,24.5649278579
370218,392448,393409,22230,961,16,28800,24.1321540062
370218,393421,394338,23203,917,16,28800,26.3031624864
370219,392170,393087,21951,917,16,28800,24.9378407852
370220,392362,393308,22142,946,16,28800,24.4059196617
370220,393320,394223,23100,903,16,28800,26.5813953488
371112,371118,371394,6,276,1,1800,1.02173913043
374144,374150,374152,6,2,3,72000,1.0
374215,374221,383727,6,9506,1,72000,1.00063118031
374252,374258,380806,6,6548,1,72000,1.00091631032
375752,375758,383234,6,7476,1,36000,1.00080256822
375910,375916,377739,6,1823,8,21600,1.00329127811
376718,376724,392331,6,15607,8,43200,1.00038444288
377192,377199,377202,7,3,1,86400,1.0
377326,377332,377335,6,3,4,604800,1.0
377780,377786,397146,6,19360,8,21600,1.00030991736
377972,377978,463473,6,85495,16,252000,1.00007017954
378744,394235,396623,15491,2388,16,28800,7.48701842546
378744,392342,394721,13598,2379,16,28800,6.71584699454
378745,393099,395406,14354,2307,16,28800,7.22193324664
378746,393105,395426,14359,2321,16,28800,7.18655751831
378746,394750,397097,16004,2347,8,28800,7.81891776736
378747,394755,397053,16008,2298,8,28800,7.96605744125
378748,394760,397046,16012,2286,8,28800,8.00437445319
378748,394766,397054,16018,2288,8,28800,8.00087412587
378749,396636,398907,17887,2271,8,28800,8.87626596213
378750,397058,399363,18308,2305,8,28800,8.94273318872
378751,395418,397671,16667,2253,8,28800,8.39769196627
378751,395438,397699,16687,2261,8,28800,8.38036267138
379353,379360,392647,7,13287,2,28800,1.00052683074
379845,379851,858246,6,478395,16,604800,1.00001254194
379962,379968,395386,6,15418,4,21600,1.00038915553
380058,380065,984883,7,604818,16,604800,1.00001157373
380143,380150,380741,7,591,2,18000,1.01184433164
380510,380518,381046,8,528,4,14400,1.01515151515
380632,380639,380642,7,3,4,604800,1.0
380914,380920,985744,6,604824,4,604800,1.00000992024
381069,381075,381928,6,853,4,36000,1.00703399766
381069,381935,382794,866,859,4,36000,2.00814901048
381070,382801,383653,1731,852,4,36000,3.03169014085
381070,383659,384514,2589,855,4,36000,4.02807017544
381071,384520,385383,3449,863,4,36000,4.99652375435
381192,381199,986011,7,604812,4,604800,1.00001157384
381499,381505,453524,6,72019,8,72000,1.00008331135
381643,381649,386152,6,4503,2,18000,1.00133244504
382372,382378,400177,6,17799,2,43200,1.00033709759
382465,382471,389676,6,7205,2,7200,1.00083275503
382506,382513,382519,7,6,2,7200,1.3
382507,382519,382526,12,7,2,7200,1.9
382509,382525,382533,16,8,2,7200,2.4
382510,382530,382537,20,7,2,7200,2.7
382593,382599,382607,6,8,2,7200,1.4
382594,382606,382613,12,7,2,7200,1.9
382595,382611,382619,16,8,2,7200,2.4
382597,382616,382623,19,7,2,7200,2.6
382863,382870,398043,7,15173,2,50400,1.00046134581
382928,382935,382943,7,8,2,7200,1.5
382929,382942,382947,13,5,2,7200,1.8
382930,382947,382954,17,7,2,7200,2.4
382932,382952,382959,20,7,2,7200,2.7
382939,382958,382966,19,8,2,7200,2.7
382940,382964,382971,24,7,2,7200,3.1
382942,382969,382977,27,8,2,7200,3.5
382943,382974,382983,31,9,2,7200,4.0
383201,383207,383212,6,5,2,7200,1.1
383202,383213,383218,11,5,2,7200,1.6
383203,383219,383224,16,5,2,7200,2.1
383204,383224,383230,20,6,2,7200,2.6
383205,383234,383240,29,6,2,7200,3.5
383205,383229,383236,24,7,2,7200,3.1
383207,383240,383248,33,8,2,7200,4.1
383208,383247,383256,39,9,2,7200,4.8
383340,383346,383354,6,8,2,7200,1.4
383341,383353,383361,12,8,2,7200,2.0
383343,383358,383368,15,10,2,7200,2.5
383344,383363,383372,19,9,2,7200,2.8
383502,383508,385923,6,2415,2,28800,1.00248447205
383517,383524,383532,7,8,2,7200,1.5
383518,383531,383539,13,8,2,7200,2.1
383519,383536,383542,17,6,2,7200,2.3
383521,383541,383551,20,10,2,7200,3.0
383579,383585,384459,6,874,2,7200,1.00686498856
383580,383592,384495,12,903,2,7200,1.01328903654
383582,383597,384495,15,898,2,7200,1.01670378619
383583,383602,384495,19,893,2,7200,1.02127659574
383862,383869,388294,7,4425,2,28800,1.0015819209
384193,384201,384203,8,2,1,72000,1.0
384236,384242,384244,6,2,12,7200,1.0
384257,384263,384276,6,13,12,43200,1.46153846154
384286,384292,384331,6,39,12,46800,1.15384615385
384339,384346,431177,7,46831,12,46800,1.00014947364
384411,384417,403621,6,19204,1,72000,1.00031243491
384547,384553,387127,6,2574,2,28800,1.00233100233
384581,384587,384678,6,91,2,21600,1.06593406593
384659,384666,388042,7,3376,2,7200,1.00207345972
384660,384672,388147,12,3475,2,7200,1.00345323741
385194,385201,388571,7,3370,2,7200,1.00207715134
385195,385213,388434,18,3221,2,7200,1.00558832661
385260,385266,385407,6,141,2,43200,1.04255319149
385266,385273,385284,7,11,4,172800,1.63636363636
385520,385526,385536,6,10,4,172800,1.6
385653,385659,385667,6,8,4,172800,1.4
385737,385744,387473,7,1729,3,72000,1.004048583
385770,385777,385885,7,108,4,172800,1.06481481481
385894,385900,385909,6,9,8,86400,1.5
385895,385906,385910,11,4,8,86400,1.5
385895,385913,385916,18,3,8,86400,2.1
385895,385918,385921,23,3,8,86400,2.6
385916,385925,386278,9,353,4,172800,1.02549575071
385938,385945,386445,7,500,1,36000,1.014
385982,385988,390448,6,4460,8,86400,1.00134529148
385982,385994,390467,12,4473,8,86400,1.00268276325
385983,386000,390146,17,4146,8,86400,1.00410033767
385983,386006,390392,23,4386,8,86400,1.00524395805
386200,386207,388904,7,2697,2,28800,1.00259547646
386219,386226,441319,7,55093,1,259200,1.00012705788
386245,386251,509285,6,123034,1,259200,1.00004876701
386262,386269,397108,7,10839,2,10800,1.00064581603
386272,386279,631673,7,245394,1,432000,1.00002852555
386369,386375,395281,6,8906,8,172800,1.00067370312
386625,386631,391951,6,5320,2,10800,1.00112781955
386886,388386,392662,1500,4276,16,36600,1.35079513564
387247,387253,402080,6,14827,1,36000,1.00040466716
387516,387522,392182,6,4660,2,28800,1.00128755365
388474,388480,399491,6,11011,2,28800,1.00054490964
388614,388621,412707,7,24086,3,72000,1.00029062526
389046,389053,399878,7,10825,2,10800,1.00064665127
389239,389689,393399,450,3710,2,28800,1.12129380054
389804,390157,390167,353,10,2,7200,36.3
389806,390163,390169,357,6,2,7200,36.3
389812,390168,390178,356,10,2,7200,36.6
389814,390173,390182,359,9,2,7200,36.8
390904,390910,390930,6,20,1,1800,1.3
391114,391121,391125,7,4,1,1800,1.1
391282,391289,391292,7,3,1,1800,1.0
391448,391457,391460,9,3,1,1800,1.2
391763,391770,391781,7,11,1,1800,1.63636363636
392026,392032,392043,6,11,1,1800,1.54545454545
392170,392176,392189,6,13,1,1800,1.46153846154
392360,392368,392374,8,6,1,1800,1.4
392610,392616,396002,6,3386,2,7200,1.00177200236
392611,392622,395996,11,3374,2,7200,1.00326022525
392626,392632,396028,6,3396,2,7200,1.00176678445
392627,392639,396086,12,3447,2,7200,1.00348128808
392671,392678,392685,7,7,1,1800,1.4
392785,392792,394618,7,1826,1,1800,1.00383351588
393799,395397,395483,1598,86,64,600,19.5813953488
394015,395518,402656,1503,7138,2,28800,1.21056318296
394664,395496,400588,832,5092,8,86400,1.16339355852
394694,395502,400712,808,5210,8,86400,1.15508637236
394718,395507,400709,789,5202,8,86400,1.15167243368
394754,395512,400600,758,5088,8,86400,1.14897798742
395585,395591,395614,6,23,1,1800,1.26086956522
395999,396005,399355,6,3350,2,7200,1.00179104478
396013,396020,399356,7,3336,2,7200,1.00209832134
396030,396036,399452,6,3416,2,7200,1.00175644028
396030,396041,396364,11,323,1,1800,1.03405572755
396087,396093,399479,6,3386,2,7200,1.00177200236
396463,396470,396767,7,297,1,1800,1.02356902357
397061,397067,397358,6,291,4,36000,1.0206185567
397524,397530,434731,6,37201,3,86400,1.00016128599
397689,397695,401202,6,3507,8,21600,1.00171086399
397779,397785,398335,6,550,1,1800,1.01090909091
398234,398240,412232,6,13992,10,172800,1.00042881647
398615,398621,398889,6,268,1,1800,1.0223880597
398711,398717,402573,6,3856,2,7200,1.0015560166
398712,398723,402157,11,3434,2,7200,1.0032032615
398713,398729,402416,16,3687,2,7200,1.00433957147
398715,398734,402457,19,3723,2,7200,1.00510341123
398716,398739,402529,23,3790,2,7200,1.00606860158
398717,398745,402062,28,3317,2,7200,1.00844136268
398719,398751,402134,32,3383,2,7200,1.00945906001
398720,398757,402074,37,3317,2,7200,1.01115465782
398722,398763,402067,41,3304,2,7200,1.01240920097
398723,398768,402359,45,3591,2,7200,1.01253132832
398725,398773,401927,48,3154,2,7200,1.01521876982
398727,398779,399383,52,604,2,7200,1.08609271523
398728,398784,402468,56,3684,2,7200,1.01520086862
398730,398789,401900,59,3111,2,7200,1.01896496303
398731,398794,402200,63,3406,2,7200,1.01849677041
398732,398800,402152,68,3352,2,7200,1.02028639618
398734,398805,402187,71,3382,2,7200,1.02099349497
398735,398810,402500,75,3690,2,7200,1.02032520325
398736,398816,401965,80,3149,2,7200,1.02540489044
398738,398821,402053,83,3232,2,7200,1.02568069307
398739,398826,402267,87,3441,2,7200,1.02528334786
398740,398832,402413,92,3581,2,7200,1.02569114772
398742,398837,401888,95,3051,2,7200,1.03113733202
398743,398842,401960,99,3118,2,7200,1.03175112251
398745,398847,402129,102,3282,2,7200,1.0310786106
398746,398854,402221,108,3367,2,7200,1.03207603208
398747,398860,402101,113,3241,2,7200,1.03486578217
398749,398865,402284,116,3419,2,7200,1.03392804914
398750,398870,402398,120,3528,2,7200,1.03401360544
398751,398876,401979,125,3103,2,7200,1.04028359652
398753,398881,402215,128,3334,2,7200,1.03839232154
398754,398886,402144,132,3258,2,7200,1.04051565378
398755,398891,402125,136,3234,2,7200,1.04205318491
398757,398897,402190,140,3293,2,7200,1.04251442454
398758,398902,402244,144,3342,2,7200,1.04308797127
398760,398919,402360,159,3441,2,7200,1.04620749782
398761,398925,402493,164,3568,2,7200,1.04596412556
399357,399367,402854,10,3487,2,7200,1.00286779467
399359,399372,402709,13,3337,2,7200,1.00389571471
399389,399395,403078,6,3683,2,7200,1.00162910671
399597,399603,400679,6,1076,2,14400,1.00557620818
399934,399940,399978,6,38,2,7200,1.15789473684
399935,399947,399982,12,35,2,7200,1.34285714286
400386,400416,403730,30,3314,2,7200,1.00905250453
400387,400421,403945,34,3524,2,7200,1.00964812713
401070,401077,401364,7,287,1,1800,1.0243902439
401297,401304,407700,7,6396,2,25200,1.00109443402
401554,401560,401607,6,47,8,86400,1.12765957447
401625,401631,408545,6,6914,2,25200,1.00086780445
401893,401900,405068,7,3168,2,7200,1.00220959596
401910,401916,405137,6,3221,2,7200,1.00186277554
401928,401934,405165,6,3231,2,7200,1.00185701021
401960,401966,405361,6,3395,2,7200,1.00176730486
401975,401981,405317,6,3336,2,7200,1.00179856115
401991,401997,405303,6,3306,2,7200,1.00181488203
402042,402048,402052,6,4,1,1800,1.0
402055,402061,405484,6,3423,2,7200,1.00175284838
402070,402077,405814,7,3737,2,7200,1.00187316029
402072,402083,405266,11,3183,2,7200,1.00345585925
402073,402089,405733,16,3644,2,7200,1.00439077936
402101,402107,405266,6,3159,2,7200,1.00189933523
402126,402132,405715,6,3583,2,7200,1.00167457438
402141,402147,405437,6,3290,2,7200,1.00182370821
402142,402153,405221,11,3068,2,7200,1.00358539765
402144,402158,405607,14,3449,2,7200,1.00405914758
402159,402166,405873,7,3707,2,7200,1.0018883194
402161,402172,405579,11,3407,2,7200,1.0032286469
402189,402195,405544,6,3349,2,7200,1.00179157958
402190,402201,405306,11,3105,2,7200,1.00354267311
402206,402212,405282,6,3070,2,7200,1.00195439739
402221,402227,405508,6,3281,2,7200,1.00182871076
402222,402233,405488,11,3255,2,7200,1.00337941628
402244,402250,405733,6,3483,2,7200,1.00172265289
402266,402272,405866,6,3594,2,7200,1.00166944908
402284,402291,405866,7,3575,2,7200,1.00195804196
402309,402315,402319,6,4,1,1800,1.0
402344,402350,402353,6,3,1,1800,1.0
402358,402364,405442,6,3078,2,7200,1.00194931774
402359,402370,406003,11,3633,2,7200,1.00302780072
402394,402400,409401,6,7001,2,25200,1.00085702043
402399,402406,405554,7,3148,2,7200,1.00222363405
402415,402421,405565,6,3144,2,7200,1.00190839695
402416,402427,405998,11,3571,2,7200,1.00308036964
402456,402462,405701,6,3239,2,7200,1.00185242359
402472,402478,405576,6,3098,2,7200,1.00193673338
402493,402500,405605,7,3105,2,7200,1.00225442834
402509,402515,405668,6,3153,2,7200,1.00190294957
402530,402537,405899,7,3362,2,7200,1.00208209399
402573,402580,405995,7,3415,2,7200,1.00204978038
402724,402730,409116,6,6386,2,25200,1.00093955528
403081,403087,406390,6,3303,2,7200,1.00181653043
403731,403738,407179,7,3441,2,7200,1.00203429236
403796,403802,407360,6,3558,8,345600,1.00168634064
403947,403953,407633,6,3680,2,7200,1.00163043478
404592,404598,426296,6,21698,8,21600,1.00027652318
404823,405179,408246,356,3067,8,21600,1.11607433975
404868,405298,407062,430,1764,8,21600,1.24376417234
404921,405373,406672,452,1299,8,21600,1.34795996921
404965,405522,410579,557,5057,8,21600,1.11014435436
405039,405624,410447,585,4823,8,21600,1.12129380054
405053,405059,405060,6,1,1,43200,1.0
405054,405071,405073,17,2,1,43200,1.9
405054,405064,405066,10,2,1,43200,1.2
405055,405077,405078,22,1,1,43200,2.3
405066,405904,407346,838,1442,8,21600,1.58113730929
405074,405084,408371,10,3287,2,7200,1.0030422878
405106,405112,405113,6,1,1,43200,1.0
405107,405124,405126,17,2,1,43200,1.9
405107,405118,405119,11,1,1,43200,1.2
405108,405130,405131,22,1,1,43200,2.3
405136,405143,408450,7,3307,2,7200,1.0021167221
405167,405173,408314,6,3141,2,7200,1.00191021968
405216,405222,405223,6,1,1,43200,1.0
405216,405228,405229,12,1,1,43200,1.3
405217,405235,405236,18,1,1,43200,1.9
405218,405240,405241,22,1,1,43200,2.3
405219,405246,408395,27,3149,2,7200,1.00857415052
405268,405274,408365,6,3091,2,7200,1.00194111938
405270,405281,406559,11,1278,2,7200,1.00860719875
405285,405292,408850,7,3558,2,7200,1.00196739741
405303,405311,408669,8,3358,2,7200,1.00238237046
405319,405325,408887,6,3562,2,7200,1.00168444694
405320,405333,408642,13,3309,2,7200,1.00392867936
405360,405366,408703,6,3337,2,7200,1.00179802218
405437,405443,408802,6,3359,2,7200,1.00178624591
405452,405459,408824,7,3365,2,7200,1.00208023774
405486,405493,409263,7,3770,2,7200,1.00185676393
405488,405499,408860,11,3361,2,7200,1.00327283547
405510,405516,408707,6,3191,2,7200,1.00188028831
405547,405553,408733,6,3180,2,7200,1.00188679245
405563,405570,408773,7,3203,2,7200,1.00218545114
405564,405599,409097,35,3498,2,7200,1.01000571755
405566,405576,405793,10,217,1,43200,1.04608294931
405567,405582,405793,15,211,1,43200,1.07109004739
405568,405587,405793,19,206,1,43200,1.09223300971
405568,405594,405793,26,199,1,43200,1.13065326633
405580,405606,409002,26,3396,2,7200,1.00765606596
405581,405611,409248,30,3637,2,7200,1.0082485565
405606,405617,408984,11,3367,2,7200,1.00326700327
405622,405631,409035,9,3404,2,7200,1.0026439483
405671,405677,408846,6,3169,2,7200,1.00189334175
405702,405708,408750,6,3042,2,7200,1.00197238659
405718,405724,409299,6,3575,2,7200,1.00167832168
405733,405739,409059,6,3320,2,7200,1.00180722892
405735,405747,409322,12,3575,2,7200,1.00335664336
405811,406007,411818,196,5811,2,28800,1.0337291344
405814,405821,409125,7,3304,2,7200,1.00211864407
405864,405870,409004,6,3134,2,7200,1.00191448628
405874,405880,405941,6,61,1,43200,1.09836065574
405875,405888,405941,13,53,1,43200,1.24528301887
405876,405898,405941,22,43,1,43200,1.51162790698
405876,405893,405941,17,48,1,43200,1.35416666667
405879,405909,409363,30,3454,2,7200,1.00868558193
405881,405914,408885,33,2971,2,7200,1.01110737126
405899,405921,409129,22,3208,2,7200,1.00685785536
405995,406001,409319,6,3318,2,7200,1.00180831826
406007,406014,406984,7,970,1,14400,1.00721649485
406010,406021,409463,11,3442,2,7200,1.00319581639
406011,406026,409244,15,3218,2,7200,1.0046612803
406388,406394,409696,6,3302,2,7200,1.00181708056
406490,406684,415336,194,8652,6,10800,1.02242256126
406560,406565,409841,5,3276,2,7200,1.00152625153
407182,407188,410314,6,3126,2,7200,1.0019193858
407200,407206,407475,6,269,1,1800,1.02230483271
407414,408861,412986,1447,4125,32,64800,1.35078787879
407489,412562,412985,5073,423,32,21600,12.9929078014
407508,407514,414984,6,7470,2,28800,1.00080321285
407635,407641,411180,6,3539,2,7200,1.00169539418
408170,408176,408238,6,62,2,28800,1.09677419355
408320,408326,411628,6,3302,2,7200,1.00181708056
408366,408372,411785,6,3413,2,7200,1.00175798418
408381,408388,412053,7,3665,2,7200,1.00190995907
408397,408403,411756,6,3353,2,7200,1.00178944229
408452,408458,411690,6,3232,2,7200,1.00185643564
408642,408648,412240,6,3592,2,7200,1.00167037862
408667,408674,412182,7,3508,2,7200,1.001995439
408704,408710,411857,6,3147,2,7200,1.00190657769
408719,408725,411944,6,3219,2,7200,1.0018639329
408735,408741,411935,6,3194,2,7200,1.00187852223
408750,408756,411911,6,3155,2,7200,1.00190174326
408771,408778,412150,7,3372,2,7200,1.00207591934
408802,408808,412014,6,3206,2,7200,1.00187149095
408827,408833,412487,6,3654,2,7200,1.00164203612
408846,408852,411991,6,3139,2,7200,1.00191143676
408864,408871,412075,7,3204,2,7200,1.00218476904
408866,408877,412440,11,3563,2,7200,1.00308728599
408886,408892,412219,6,3327,2,7200,1.00180342651
408902,408908,412200,6,3292,2,7200,1.00182260024
408986,408992,412207,6,3215,2,7200,1.00186625194
409001,409007,412279,6,3272,2,7200,1.00183374083
409017,409041,412539,24,3498,2,7200,1.00686106346
409035,409046,412018,11,2972,2,7200,1.00370121131
409060,409071,412321,11,3250,2,7200,1.00338461538
409097,409128,412675,31,3547,2,7200,1.0087397801
409125,409141,412451,16,3310,2,7200,1.00483383686
409140,409241,412698,101,3457,2,7200,1.02921608331
409235,409413,421855,178,12442,2,28800,1.01430638161
409245,409256,412787,11,3531,2,7200,1.0031152648
409246,409262,412463,16,3201,2,7200,1.00499843799
409265,409275,412803,10,3528,2,7200,1.00283446712
409298,409326,412688,28,3362,2,7200,1.00832837597
409320,409332,412549,12,3217,2,7200,1.0037301834
409336,409373,412550,37,3177,2,7200,1.01164620711
409367,409378,412737,11,3359,2,7200,1.00327478416
409465,409471,412486,6,3015,2,7200,1.00199004975
409696,409708,413085,12,3377,2,7200,1.00355344981
409843,409849,413353,6,3504,2,7200,1.00171232877
410317,410327,413752,10,3425,2,7200,1.00291970803
410916,410922,431479,6,20557,6,108000,1.00029187138
411183,411190,414658,7,3468,2,7200,1.00201845444
411635,411641,414831,6,3190,2,7200,1.00188087774
411690,411696,415075,6,3379,2,7200,1.00177567328
411754,411760,414945,6,3185,2,7200,1.00188383046
411782,411788,414942,6,3154,2,7200,1.00190234623
411859,411865,415273,6,3408,2,7200,1.00176056338
411914,411920,415199,6,3279,2,7200,1.00182982617
411936,411942,415078,6,3136,2,7200,1.00191326531
411951,411957,415263,6,3306,2,7200,1.00181488203
411994,412001,415794,7,3793,2,7200,1.00184550488
412016,412022,415688,6,3666,2,7200,1.00163666121
412031,412038,415150,7,3112,2,7200,1.00224935733
412056,412062,415049,6,2987,2,7200,1.00200870439
412075,412081,415360,6,3279,2,7200,1.00182982617
412152,412158,415523,6,3365,2,7200,1.00178306092
412183,412189,415291,6,3102,2,7200,1.00193423598
412201,412207,415530,6,3323,2,7200,1.00180559735
412217,412223,415180,6,2957,2,7200,1.00202908353
412232,412238,415521,6,3283,2,7200,1.00182759671
412247,412254,415608,7,3354,2,7200,1.00208706023
412282,412288,415270,6,2982,2,7200,1.00201207243
412319,412325,415663,6,3338,2,7200,1.00179748352
412441,412447,415517,6,3070,2,7200,1.00195439739
412456,412462,415526,6,3064,2,7200,1.00195822454
412471,412478,415564,7,3086,2,7200,1.00226830849
412487,412493,415500,6,3007,2,7200,1.0019953442
412488,412500,415600,12,3100,2,7200,1.00387096774
412541,412547,415715,6,3168,2,7200,1.00189393939
412557,412568,415816,11,3248,2,7200,1.00338669951
412558,412687,415877,129,3190,2,7200,1.04043887147
412675,412701,416189,26,3488,2,7200,1.00745412844
412691,412710,415907,19,3197,2,7200,1.00594307163
412708,412719,416232,11,3513,2,7200,1.00313122687
412736,412748,415972,12,3224,2,7200,1.00372208437
412789,412800,416013,11,3213,2,7200,1.00342359166
412804,412816,416134,12,3318,2,7200,1.00361663653
413055,413061,414543,6,1482,1,86400,1.004048583
413403,413409,423499,6,10090,32,115200,1.00059464817
413515,413903,423500,388,9597,32,28800,1.04042930082
413754,413760,417309,6,3549,2,7200,1.00169061708
414662,414669,418081,7,3412,2,7200,1.00205158265
415673,415679,458879,6,43200,1,86400,1.00013888889
415808,415814,417585,6,1771,8,21600,1.00338791643
416126,416132,419506,6,3374,8,21600,1.00177830468
416165,416171,416521,6,350,8,21600,1.01714285714
417311,417317,420857,6,3540,2,7200,1.00169491525
418083,418089,421515,6,3426,2,7200,1.00175131349
420858,420864,424450,6,3586,2,7200,1.00167317345
421517,421523,425135,6,3612,2,7200,1.00166112957
422838,422852,422972,14,120,8,28800,1.11666666667
422839,422846,422972,7,126,8,28800,1.05555555556
423298,423304,423307,6,3,8,28800,1.0
423329,423336,426048,7,2712,8,7200,1.00258112094
423330,423341,426033,11,2692,8,7200,1.00408618128
423331,423511,426210,180,2699,8,7200,1.06669136717
423332,428902,431536,5570,2634,8,7200,3.11465451784
423332,426060,428641,2728,2581,8,7200,2.05695466873
423333,423516,426213,183,2697,8,7200,1.06785317019
423334,423527,426271,193,2744,8,7200,1.07033527697
423334,423521,426304,187,2783,8,7200,1.06719367589
423335,423532,426265,197,2733,8,7200,1.07208196121
423336,423537,426283,201,2746,8,7200,1.073197378
423336,423542,426240,206,2698,8,7200,1.07635285397
423337,423609,426343,272,2734,8,7200,1.09948792977
423363,426044,428709,2681,2665,8,7200,2.00600375235
423364,426228,428904,2864,2676,8,7200,2.07025411061
423364,426221,428827,2857,2606,8,7200,2.0963161934
423365,426316,429055,2951,2739,8,7200,2.07740051114
423366,426283,428890,2917,2607,8,7200,2.11891062524
423366,426276,428938,2910,2662,8,7200,2.09316303531
423367,426295,428953,2928,2658,8,7200,2.10158013544
423368,426252,428930,2884,2678,8,7200,2.07692307692
423368,428653,431312,5285,2659,8,7200,2.98758931929
423369,426355,428972,2986,2617,8,7200,2.14100114635
423370,428838,431464,5468,2626,8,7200,3.08225437928
423370,428720,431299,5350,2579,8,7200,3.07444746026
424001,424008,424047,7,39,1,3600,1.17948717949
424083,424089,424202,6,113,1,3600,1.05309734513
424253,424259,425134,6,875,1,3600,1.00685714286
424454,424460,428144,6,3684,2,7200,1.0016286645
424628,424635,426999,7,2364,1,3600,1.00296108291
425023,425032,426999,9,1967,1,3600,1.00457549568
425055,425061,426999,6,1938,1,3600,1.00309597523
425137,425144,428689,7,3545,2,7200,1.00197461213
425510,425522,429902,12,4380,8,21600,1.00273972603
425510,425516,429606,6,4090,8,21600,1.00146699267
425511,425528,430108,17,4580,8,21600,1.00371179039
425511,425533,430376,22,4843,8,21600,1.00454263886
425512,425539,430459,27,4920,8,21600,1.00548780488
425512,425544,430464,32,4920,8,21600,1.00650406504
425512,425549,430367,37,4818,8,21600,1.00767953508
425539,425556,427223,17,1667,8,3600,1.01019796041
425540,425561,427215,21,1654,8,3600,1.01269649335
425540,426307,428100,767,1793,8,3600,1.42777467931
425541,427226,428988,1685,1762,8,3600,1.95629965948
425541,428111,430078,2570,1967,8,3600,2.30655821047
425541,427234,429150,1693,1916,8,3600,1.88361169102
425542,428999,430768,3457,1769,8,3600,2.95421141888
425591,429161,430499,3570,1338,8,3600,3.66816143498
425592,429617,430884,4025,1267,8,3600,4.17679558011
425592,429913,431248,4321,1335,8,3600,4.23670411985
425593,430089,431377,4496,1288,8,3600,4.49068322981
425593,430120,431501,4527,1381,8,3600,4.27805937726
425594,430378,431799,4784,1421,8,3600,4.36664320901
425594,430387,431673,4793,1286,8,3600,4.72706065319
425619,430471,433896,4852,3425,8,3600,2.41664233577
425619,430478,433927,4859,3449,8,3600,2.40881414903
425620,430779,434418,5159,3639,8,3600,2.41769716955
425620,430510,434126,4890,3616,8,3600,2.35232300885
425621,430895,434516,5274,3621,8,3600,2.45650372825
425621,431188,434718,5567,3530,8,3600,2.57705382436
425622,431194,434555,5572,3361,8,3600,2.65783992859
426635,426642,430746,7,4104,2,10800,1.00170565302
426659,431259,435910,4600,4651,2,10800,1.98903461621
427032,427039,434253,7,7214,1,7200,1.00097033546
427101,428117,435345,1016,7228,1,7200,1.1405644715
427147,428917,436155,1770,7238,1,7200,1.24454269135
428146,428702,432331,556,3629,2,7200,1.15321025076
428690,430758,434330,2068,3572,2,7200,1.57894736842
431472,431478,438710,6,7232,1,7200,1.00082964602
431521,431527,438773,6,7246,1,7200,1.00082804306
432345,432351,435938,6,3587,2,7200,1.001672707
434333,434339,437928,6,3589,2,7200,1.00167177487
435941,435947,439560,6,3613,2,7200,1.0016606698
437929,437935,441347,6,3412,2,7200,1.00175849941
439561,439568,443080,7,3512,2,7200,1.00199316629
441264,441270,441435,6,165,1,3600,1.03636363636
441350,441357,444775,7,3418,2,7200,1.00204798128
441592,441599,441943,7,344,1,3600,1.02034883721
441844,441850,441883,6,33,3,7200,1.18181818182
441870,441876,477682,6,35806,1,72000,1.00016756968
441905,441911,446384,6,4473,3,7200,1.00134138162
442278,442284,443063,6,779,1,3600,1.00770218228
442761,442767,442932,6,165,1,7200,1.03636363636
442773,442779,442787,6,8,1,7200,1.4
442785,442791,453036,6,10245,1,72000,1.00058565154
443084,443090,446511,6,3421,2,7200,1.00175387314
443145,443151,469833,6,26682,3,108000,1.0002248707
444264,444270,444383,6,113,1,3600,1.05309734513
444559,444565,444889,6,324,1,3600,1.01851851852
444777,444783,448374,6,3591,2,7200,1.00167084378
444814,444820,444994,6,174,1,3600,1.03448275862
445166,445172,445521,6,349,1,3600,1.01719197708
445361,445367,445977,6,610,1,3600,1.00983606557
445880,445887,449373,7,3486,1,36000,1.00200803213
445888,445894,446673,6,779,1,3600,1.00770218228
446513,446519,450030,6,3511,2,7200,1.00170891484
447789,447795,450463,6,2668,1,72000,1.00224887556
447947,447953,448070,6,117,1,3600,1.05128205128
448204,448210,471647,6,23437,3,108000,1.00025600546
448248,448255,448580,7,325,1,3600,1.02153846154
448378,448384,451930,6,3546,2,7200,1.00169204738
448603,448609,448723,6,114,1,1800,1.05263157895
449025,449031,449138,6,107,1,1800,1.05607476636
449064,449070,449687,6,617,1,3600,1.00972447326
449228,449234,449634,6,400,8,14400,1.015
449660,449667,455068,7,5401,8,86400,1.00129605629
449831,449837,450426,6,589,1,1800,1.01018675722
450035,450042,453476,7,3434,2,7200,1.00203843914
450783,450790,458299,7,7509,1,72000,1.00093221468
451933,451940,455487,7,3547,2,7200,1.00197349873
452286,452292,452340,6,48,1,1800,1.125
452289,452298,452416,9,118,1,1800,1.07627118644
452646,452652,452727,6,75,1,1800,1.08
452743,452749,452862,6,113,1,1800,1.05309734513
453480,453486,457036,6,3550,2,7200,1.00169014085
453573,453579,454160,6,581,1,1800,1.01032702238
453712,453718,454004,6,286,1,1800,1.02097902098
455074,455080,461652,6,6572,8,14400,1.00091296409
455491,455497,458966,6,3469,2,7200,1.00172960507
455962,455968,465858,6,9890,32,115200,1.00060667341
456050,456056,465856,6,9800,32,28800,1.0006122449
456098,456104,456152,6,48,1,1800,1.125
456494,456500,456572,6,72,1,1800,1.08333333333
457040,457046,460966,6,3920,2,7200,1.00153061224
457619,457625,457907,6,282,1,1800,1.02127659574
458968,458974,462554,6,3580,2,7200,1.00167597765
459372,459379,465813,7,6434,1,7200,1.00108797016
459397,459404,459420,7,16,1,3600,1.4375
459428,459434,466641,6,7207,1,7200,1.00083252394
459458,459465,464295,7,4830,1,7200,1.00144927536
459601,459607,462049,6,2442,4,14400,1.00245700246
460968,460974,464376,6,3402,2,7200,1.00176366843
461668,461674,468604,6,6930,8,86400,1.00086580087
462558,462564,465900,6,3336,2,7200,1.00179856115
463728,463734,467388,6,3654,16,144000,1.00164203612
464152,464158,465439,6,1281,3,86400,1.00468384075
464378,464385,468147,7,3762,2,7200,1.00186071239
465333,465339,465345,6,6,8,21600,1.2
465355,465361,472664,6,7303,8,7200,1.00082158017
465800,465806,468392,6,2586,8,21600,1.00232018561
465800,465811,468066,11,2255,8,21600,1.00487804878
465801,465817,467200,16,1383,8,21600,1.01156905278
465801,465828,468219,27,2391,8,21600,1.0112923463
465801,465822,467547,21,1725,8,21600,1.01217391304
465802,465833,468271,31,2438,8,21600,1.01271534044
465802,465838,467847,36,2009,8,21600,1.01791936287
465852,465858,466850,6,992,8,21600,1.0060483871
465853,465870,466106,17,236,8,21600,1.07203389831
465853,465864,466581,11,717,8,21600,1.01534170153
465854,465876,466248,22,372,8,21600,1.05913978495
465854,465882,466392,28,510,8,21600,1.05490196078
465855,466260,466505,405,245,8,21600,2.65306122449
465855,466117,467431,262,1314,8,21600,1.19939117199
465904,465910,469386,6,3476,2,7200,1.00172612198
466130,466136,466583,6,447,1,7200,1.01342281879
466157,466163,466583,6,420,1,7200,1.01428571429
466727,466733,469613,6,2880,1,7200,1.00208333333
466731,466739,469613,8,2874,1,7200,1.0027835769
467702,467709,469613,7,1904,1,7200,1.00367647059
468151,468157,471700,6,3543,2,7200,1.0016934801
468756,468762,476409,6,7647,8,86400,1.00078462142
469350,469356,469362,6,6,8,72000,1.2
469362,469369,541409,7,72040,8,72000,1.00009716824
469376,469382,507306,6,37924,8,72000,1.00015821116
469390,469396,473016,6,3620,2,7200,1.00165745856
469441,469447,469453,6,6,8,72000,1.2
469642,469648,541662,6,72014,8,72000,1.00008331713
469960,469966,470958,6,992,1,1800,1.0060483871
470088,470093,474364,5,4271,2,50400,1.00117068602
470314,470320,472713,6,2393,16,36000,1.002507313
470780,470786,478524,6,7738,2,43200,1.00077539416
471098,471104,471138,6,34,2,7200,1.17647058824
471099,471110,471145,11,35,2,7200,1.31428571429
471100,471115,471150,15,35,2,7200,1.42857142857
471102,471120,471156,18,36,2,7200,1.5
471103,471126,471162,23,36,2,7200,1.63888888889
471104,471131,471169,27,38,2,7200,1.71052631579
471106,471138,471175,32,37,2,7200,1.86486486486
471107,471143,471180,36,37,2,7200,1.97297297297
471109,471148,471185,39,37,2,7200,2.05405405405
471110,471154,471192,44,38,2,7200,2.15789473684
471111,471159,471196,48,37,2,7200,2.2972972973
471113,471164,471200,51,36,2,7200,2.41666666667
471114,471170,471205,56,35,2,7200,2.6
471116,471175,471210,59,35,2,7200,2.68571428571
471117,471180,471215,63,35,2,7200,2.8
471118,471185,471221,67,36,2,7200,2.86111111111
471120,471191,471231,71,40,2,7200,2.775
471121,471196,471233,75,37,2,7200,3.02702702703
471122,471201,471238,79,37,2,7200,3.13513513514
471124,471206,471243,82,37,2,7200,3.21621621622
471125,471212,471248,87,36,2,7200,3.41666666667
471126,471217,471255,91,38,2,7200,3.39473684211
471128,471222,471259,94,37,2,7200,3.54054054054
471129,471227,471267,98,40,2,7200,3.45
471130,471233,471269,103,36,2,7200,3.86111111111
471132,471241,471276,109,35,2,7200,4.11428571429
471133,471246,471282,113,36,2,7200,4.13888888889
471135,471251,471285,116,34,2,7200,4.41176470588
471136,471257,471292,121,35,2,7200,4.45714285714
471137,471262,471291,125,29,2,7200,5.31034482759
471139,471267,471291,128,24,2,7200,6.33333333333
471140,471272,471291,132,19,2,7200,7.94736842105
471142,471278,471291,136,13,2,7200,11.4615384615
471143,471283,471291,140,8,2,7200,14.8
471144,471288,471291,144,3,2,7200,14.7
471146,471293,471294,147,1,2,7200,14.8
471147,471299,471300,152,1,2,7200,15.3
471149,471304,471305,155,1,2,7200,15.6
471150,471309,471310,159,1,2,7200,16.0
471151,471314,471324,163,10,2,7200,17.3
471293,471323,473715,30,2392,2,28800,1.01254180602
471382,471388,474702,6,3314,2,7200,1.00181050091
471383,471394,474899,11,3505,2,7200,1.00313837375
471384,471399,474874,15,3475,2,7200,1.00431654676
471386,471405,474821,19,3416,2,7200,1.00556206089
471387,471410,474677,23,3267,2,7200,1.00704009795
471388,471415,474592,27,3177,2,7200,1.00849858357
471390,471421,474753,31,3332,2,7200,1.00930372149
471391,471426,474844,35,3418,2,7200,1.01023990638
471393,471431,474704,38,3273,2,7200,1.0116101436
471394,471437,475006,43,3569,2,7200,1.01204819277
471395,471442,474820,47,3378,2,7200,1.01391355832
471397,471447,474505,50,3058,2,7200,1.01635055592
471398,471452,474794,54,3342,2,7200,1.01615798923
471399,471458,474656,59,3198,2,7200,1.01844903064
471401,471463,474587,62,3124,2,7200,1.01984635083
471402,471468,474930,66,3462,2,7200,1.01906412478
471404,471474,474688,70,3214,2,7200,1.02177971375
471405,471479,474874,74,3395,2,7200,1.02179675994
471406,471484,474569,78,3085,2,7200,1.02528363047
471408,471489,474744,81,3255,2,7200,1.02488479263
471409,471495,475160,86,3665,2,7200,1.02346521146
471411,471500,474834,89,3334,2,7200,1.02669466107
471412,471505,474550,93,3045,2,7200,1.03054187192
471413,471510,474696,97,3186,2,7200,1.03044569994
471415,471516,474819,101,3303,2,7200,1.03057826219
471416,471522,474568,106,3046,2,7200,1.03479973736
471417,471527,474867,110,3340,2,7200,1.03293413174
471419,471533,474678,114,3145,2,7200,1.03624801272
471420,471538,474843,118,3305,2,7200,1.03570347958
471422,471543,474912,121,3369,2,7200,1.03591570199
471423,471548,474875,125,3327,2,7200,1.03757138563
471424,471554,474799,130,3245,2,7200,1.04006163328
471426,471559,474871,133,3312,2,7200,1.04015700483
471427,471564,474882,137,3318,2,7200,1.04128993369
471428,471569,474942,141,3373,2,7200,1.04180254966
471430,471575,475137,145,3562,2,7200,1.04070746771
471431,471580,474993,149,3413,2,7200,1.04365660709
471432,471585,474933,153,3348,2,7200,1.04569892473
471434,471590,474664,156,3074,2,7200,1.0507482108
471435,471596,475010,161,3414,2,7200,1.04715875806
471701,471708,475188,7,3480,2,7200,1.00201149425
471728,471734,472240,6,506,1,1800,1.01185770751
471961,471967,475840,6,3873,2,28800,1.00154918668
472818,472824,473755,6,931,16,7200,1.00644468314
473017,473024,476341,7,3317,2,7200,1.00211034067
473241,473247,491364,6,18117,8,18000,1.00033118066
473761,474562,474804,801,242,16,72000,4.30991735537
474087,474093,509753,6,35660,2,43200,1.00016825575
474346,474352,474455,6,103,3,86400,1.05825242718
474505,474511,477753,6,3242,2,7200,1.00185070944
474550,474556,477753,6,3197,2,7200,1.00187675946
474568,474574,477829,6,3255,2,7200,1.00184331797
474569,474580,478216,11,3636,2,7200,1.00302530253
474590,474596,477868,6,3272,2,7200,1.00183374083
474605,474611,477859,6,3248,2,7200,1.00184729064
474656,474662,478164,6,3502,2,7200,1.00171330668
474670,474676,477974,6,3298,2,7200,1.00181928441
474685,474691,477853,6,3162,2,7200,1.00189753321
474686,474697,477810,11,3113,2,7200,1.0035335689
474702,474707,477773,5,3066,2,7200,1.0016307893
474703,474713,478088,10,3375,2,7200,1.00296296296
474704,474718,477883,14,3165,2,7200,1.00442338073
474719,474725,478057,6,3332,2,7200,1.00180072029
474743,474749,478352,6,3603,2,7200,1.00166527893
474758,474764,477857,6,3093,2,7200,1.00193986421
474794,474800,477980,6,3180,2,7200,1.00188679245
474808,474814,477845,6,3031,2,7200,1.0019795447
474823,474829,478174,6,3345,2,7200,1.00179372197
474825,474836,478138,11,3302,2,7200,1.00333131435
474826,474841,478422,15,3581,2,7200,1.00418877409
474840,474847,478134,7,3287,2,7200,1.00212960146
474842,474853,478060,11,3207,2,7200,1.00342999688
474856,474863,478309,7,3446,2,7200,1.00203134068
474871,474882,490286,11,15404,2,28800,1.00071410023
474871,474877,478119,6,3242,2,7200,1.00185070944
474872,474889,478090,17,3201,2,7200,1.00531084036
474887,474895,478305,8,3410,2,7200,1.00234604106
474889,474901,477878,12,2977,2,7200,1.00403090359
474890,474907,478096,17,3189,2,7200,1.00533082471
474891,474913,477952,22,3039,2,7200,1.00723922343
474906,474919,478313,13,3394,2,7200,1.00383028874
474921,474927,477856,6,2929,2,7200,1.00204848071
474936,474942,478317,6,3375,2,7200,1.00177777778
474938,474948,478499,10,3551,2,7200,1.00281610814
474952,474958,478015,6,3057,2,7200,1.00196270854
474994,475000,478571,6,3571,2,7200,1.00168020162
475009,475015,478441,6,3426,2,7200,1.00175131349
475010,475021,478425,11,3404,2,7200,1.00323149236
475137,475143,478391,6,3248,2,7200,1.00184729064
475161,475167,478128,6,2961,2,7200,1.00202634245
475190,476421,480012,1231,3591,2,7200,1.34280144806
475312,476906,477623,1594,717,32,1800,3.22315202232
475926,475933,475994,7,61,16,300,1.11475409836
476193,477644,477995,1451,351,3,86400,5.1339031339
476342,476426,479986,84,3560,2,7200,1.02359550562
476543,477638,477653,1095,15,16,60,74.0
477756,477762,481221,6,3459,2,7200,1.00173460538
477757,477768,481060,11,3292,2,7200,1.00334143378
477772,477778,481058,6,3280,2,7200,1.00182926829
477777,478071,481802,294,3731,16,216000,1.07879924953
477808,477815,480911,7,3096,2,7200,1.00226098191
477829,477835,480738,6,2903,2,7200,1.00206682742
477848,477854,480998,6,3144,2,7200,1.00190839695
477863,477869,481289,6,3420,2,7200,1.00175438596
477865,477875,480943,10,3068,2,7200,1.00325945241
477866,477881,481121,15,3240,2,7200,1.00462962963
477867,477886,481033,19,3147,2,7200,1.00603749603
477882,477892,481189,10,3297,2,7200,1.00303306036
477883,477898,481344,15,3446,2,7200,1.0043528729
477885,477903,481183,18,3280,2,7200,1.00548780488
477951,477957,481225,6,3268,2,7200,1.00183598531
477972,477978,481265,6,3287,2,7200,1.00182537268
477987,477992,481662,5,3670,2,7200,1.00136239782
478014,478020,481460,6,3440,2,7200,1.00174418605
478055,478062,481227,7,3165,2,7200,1.00221169036
478070,478078,481341,8,3263,2,7200,1.00245173154
478088,478095,481402,7,3307,2,7200,1.0021167221
478103,478110,481334,7,3224,2,7200,1.00217121588
478105,478121,481500,16,3379,2,7200,1.00473512874
478110,478116,478283,6,167,4,3540,1.03592814371
478110,478565,497080,455,18515,12,43200,1.02457466919
478119,478127,481149,8,3022,2,7200,1.00264725347
478134,478140,481176,6,3036,2,7200,1.00197628458
478135,478146,481692,11,3546,2,7200,1.00310208686
478150,478156,481707,6,3551,2,7200,1.00168966488
478165,478171,481305,6,3134,2,7200,1.00191448628
478179,478185,481472,6,3287,2,7200,1.00182537268
478218,478224,481765,6,3541,2,7200,1.0016944366
478282,478288,478298,6,10,1,900,1.6
478300,478306,478391,6,85,4,3540,1.07058823529
478303,478312,481553,9,3241,2,7200,1.0027769207
478318,478324,481574,6,3250,2,7200,1.00184615385
478319,478330,481528,11,3198,2,7200,1.00343964978
478321,478336,481568,15,3232,2,7200,1.00464108911
478351,478357,481491,6,3134,2,7200,1.00191448628
478390,478396,478403,6,7,1,900,1.3
478393,478403,482082,10,3679,2,7200,1.00271812993
478406,478414,478501,8,87,4,3540,1.09195402299
478417,478424,481807,7,3383,2,7200,1.00206916938
478432,478438,481732,6,3294,2,7200,1.00182149362
478447,478453,481677,6,3224,2,7200,1.00186104218
478500,478513,478520,13,7,1,900,2.0
478501,478507,481945,6,3438,2,7200,1.0017452007
478515,478522,478612,7,90,4,3540,1.07777777778
478574,478580,481793,6,3213,2,7200,1.00186741363
478610,478617,478623,7,6,1,900,1.3
478629,478634,478727,5,93,4,3540,1.05376344086
478725,478731,478739,6,8,1,900,1.4
478736,478742,478772,6,30,4,3540,1.2
479522,479528,481690,6,2162,3,86400,1.00277520814
479624,479630,485005,6,5375,2,28800,1.00111627907
479988,479994,483493,6,3499,2,7200,1.00171477565
480015,480021,483678,6,3657,2,7200,1.00164068909
480738,480744,484024,6,3280,2,7200,1.00182926829
480774,480781,480943,7,162,4,3540,1.04320987654
480824,480830,484982,6,4152,1,86400,1.00144508671
480910,480916,484019,6,3103,2,7200,1.00193361263
480942,480948,480956,6,8,1,900,1.4
480943,480954,484410,11,3456,2,7200,1.00318287037
480964,480970,481058,6,88,4,3540,1.06818181818
480997,481003,484468,6,3465,2,7200,1.00173160173
481033,481039,484313,6,3274,2,7200,1.00183262065
481056,481062,481068,6,6,1,900,1.2
481060,481068,484297,8,3229,2,7200,1.00247754723
481062,481073,484481,11,3408,2,7200,1.00322769953
481071,481080,481170,9,90,4,3540,1.1
481122,481128,484887,6,3759,2,7200,1.00159616919
481149,481155,484683,6,3528,2,7200,1.00170068027
481168,481174,481181,6,7,1,900,1.3
481175,481181,484820,6,3639,2,7200,1.00164880462
481184,481190,481278,6,88,4,3540,1.06818181818
481190,481196,484724,6,3528,2,7200,1.00170068027
481192,481202,484473,10,3271,2,7200,1.00305716906
481222,481228,484466,6,3238,2,7200,1.00185299568
481237,481243,484337,6,3094,2,7200,1.00193923723
481238,481249,484602,11,3353,2,7200,1.0032806442
481265,481271,484282,6,3011,2,7200,1.00199269346
481277,481283,481289,6,6,1,900,1.2
481289,481295,484660,6,3365,2,7200,1.00178306092
481293,481301,481391,8,90,4,3540,1.08888888889
481307,481313,484622,6,3309,2,7200,1.00181323663
481337,481343,485136,6,3793,2,7200,1.00158186132
481351,481358,485032,7,3674,2,7200,1.00190528035
481353,481364,484868,11,3504,2,7200,1.00313926941
481389,481396,481403,7,7,1,900,1.4
481401,481407,481440,6,33,4,3540,1.18181818182
481404,481413,484833,9,3420,2,7200,1.00263157895
481439,481445,481446,6,1,1,900,1.0
481458,481464,484729,6,3265,2,7200,1.00183767228
481473,481479,484797,6,3318,2,7200,1.00180831826
481491,481497,484529,6,3032,2,7200,1.00197889182
481505,481511,485142,6,3631,2,7200,1.00165243735
481529,481535,484802,6,3267,2,7200,1.00183654729
481556,481562,484662,6,3100,2,7200,1.00193548387
481571,481577,484731,6,3154,2,7200,1.00190234623
481586,481592,484780,6,3188,2,7200,1.00188205772
481661,481667,485256,6,3589,2,7200,1.00167177487
481675,481682,484769,7,3087,2,7200,1.0022675737
481693,481700,484975,7,3275,2,7200,1.00213740458
481708,481719,484955,11,3236,2,7200,1.00339925834
481732,481738,485212,6,3474,2,7200,1.00172711572
481765,481771,485030,6,3259,2,7200,1.00184105554
481791,481798,485182,7,3384,2,7200,1.00206855792
481809,481815,485003,6,3188,2,7200,1.00188205772
481945,481951,485160,6,3209,2,7200,1.00186974135
481977,482715,488896,738,6181,16,36000,1.11939815564
482084,482090,485352,6,3262,2,7200,1.00183936235
482475,482481,482733,6,252,1,1800,1.02380952381
482769,482779,483100,10,321,1,1800,1.03115264798
482965,484412,486301,1447,1889,16,36000,1.7660137639
483222,483229,483330,7,101,1,1800,1.06930693069
483455,483461,483616,6,155,1,1800,1.03870967742
483497,484430,487886,933,3456,2,7200,1.26996527778
483628,483634,483976,6,342,1,1800,1.01754385965
483680,484479,488051,799,3572,2,7200,1.22368421053
483745,483751,483979,6,228,4,3540,1.02631578947
483977,483984,483992,7,8,1,900,1.5
483994,483999,484127,5,128,4,3540,1.0390625
484024,484030,487349,6,3319,2,7200,1.00180777343
484039,484045,487477,6,3432,2,7200,1.00174825175
484097,484103,484390,6,287,1,1800,1.02090592334
484125,484131,484140,6,9,1,900,1.5
484141,484148,484266,7,118,4,3540,1.0593220339
484264,484270,484276,6,6,1,900,1.2
484278,484285,484401,7,116,4,3540,1.06034482759
484282,484291,487496,9,3205,2,7200,1.00280811232
484296,484304,487822,8,3518,2,7200,1.00227401933
484314,484320,487599,6,3279,2,7200,1.00182982617
484338,484344,487194,6,2850,2,7200,1.00210526316
484399,484406,484412,7,6,1,900,1.3
484410,484418,487550,8,3132,2,7200,1.00255427842
484416,484543,484666,127,123,4,3540,2.0325203252
484448,484455,484489,7,34,1,1800,1.20588235294
484465,484471,487740,6,3269,2,7200,1.00183542368
484480,484485,487565,5,3080,2,7200,1.00162337662
484481,484491,487604,10,3113,2,7200,1.00321233537
484482,484497,487806,15,3309,2,7200,1.00453309157
484531,484537,487677,6,3140,2,7200,1.00191082803
484571,484577,484865,6,288,1,1800,1.02083333333
484603,484609,487876,6,3267,2,7200,1.00183654729
484620,484627,487965,7,3338,2,7200,1.00209706411
484663,484669,487877,6,3208,2,7200,1.00187032419
484664,484676,487744,12,3068,2,7200,1.00391134289
484664,484681,484687,17,6,1,900,2.3
484676,484687,484723,11,36,4,3540,1.30555555556
484682,484699,487928,17,3229,2,7200,1.00526478786
484724,484734,488347,10,3613,2,7200,1.00276778301
484740,484746,488142,6,3396,2,7200,1.00176678445
484741,484752,488011,11,3259,2,7200,1.00337526849
484768,484774,487893,6,3119,2,7200,1.00192369349
484783,484789,488085,6,3296,2,7200,1.00182038835
484799,484805,488392,6,3587,2,7200,1.001672707
484814,484820,488263,6,3443,2,7200,1.00174266628
484829,484835,488229,6,3394,2,7200,1.00176782557
484844,484850,488312,6,3462,2,7200,1.00173310225
484867,484873,488008,6,3135,2,7200,1.0019138756
484888,484895,488120,7,3225,2,7200,1.00217054264
484958,484964,488249,6,3285,2,7200,1.00182648402
484975,484982,488048,7,3066,2,7200,1.00228310502
485002,485009,488251,7,3242,2,7200,1.00215916101
485032,485038,488448,6,3410,2,7200,1.00175953079
485034,485045,488449,11,3404,2,7200,1.00323149236
485085,485091,485295,6,204,1,1800,1.02941176471
485136,485142,488740,6,3598,2,7200,1.00166759311
485151,485157,488297,6,3140,2,7200,1.00191082803
485166,485172,488432,6,3260,2,7200,1.0018404908
485184,485190,488336,6,3146,2,7200,1.00190718373
485214,485220,488850,6,3630,2,7200,1.00165289256
485256,485262,488774,6,3512,2,7200,1.00170842825
485332,485338,485437,6,99,1,1800,1.06060606061
485353,485359,488251,6,2892,2,7200,1.0020746888
485519,485525,485816,6,291,1,1800,1.0206185567
486189,486196,486229,7,33,1,1800,1.21212121212
486201,486207,501090,6,14883,3,86400,1.00040314453
486260,486312,490971,52,4659,2,25200,1.01116119339
486442,487906,547269,1464,59363,16,216000,1.02466182639
487194,487201,490595,7,3394,2,7200,1.00206246317
487348,487354,490417,6,3063,2,7200,1.00195886386
487478,487484,490628,6,3144,2,7200,1.00190839695
487496,487502,491149,6,3647,2,7200,1.00164518783
487550,487556,490933,6,3377,2,7200,1.0017767249
487565,487571,490755,6,3184,2,7200,1.00188442211
487601,487607,490900,6,3293,2,7200,1.00182204677
487616,487622,491222,6,3600,2,7200,1.00166666667
487679,487685,490857,6,3172,2,7200,1.00189155107
487739,487746,491369,7,3623,2,7200,1.00193210047
487754,487760,491441,6,3681,2,7200,1.00162999185
487805,487811,491467,6,3656,2,7200,1.00164113786
487823,487829,491187,6,3358,2,7200,1.00178677784
487874,487880,491028,6,3148,2,7200,1.00190597205
487889,487895,491336,6,3441,2,7200,1.00174367916
487889,487900,490957,11,3057,2,7200,1.00359829899
487904,487912,491105,8,3193,2,7200,1.00250548074
487925,487931,491234,6,3303,2,7200,1.00181653043
487967,487973,491514,6,3541,2,7200,1.0016944366
488006,488012,491273,6,3261,2,7200,1.0018399264
488021,488027,491254,6,3227,2,7200,1.00185931205
488048,488054,491120,6,3066,2,7200,1.00195694716
488054,488060,491649,6,3589,2,7200,1.00167177487
488087,488093,491514,6,3421,2,7200,1.00175387314
488120,488126,491581,6,3455,2,7200,1.0017366136
488144,488150,491319,6,3169,2,7200,1.00189334175
488232,488238,491738,6,3500,2,7200,1.00171428571
488250,488257,491739,7,3482,2,7200,1.00201033889
488266,488272,491744,6,3472,2,7200,1.0017281106
488267,488278,491588,11,3310,2,7200,1.00332326284
488268,488284,491258,16,2974,2,7200,1.00537995965
488298,488305,491706,7,3401,2,7200,1.00205821817
488313,488320,491739,7,3419,2,7200,1.00204738228
488338,488344,491683,6,3339,2,7200,1.00179694519
488353,488359,491793,6,3434,2,7200,1.00174723355
488389,488395,491702,6,3307,2,7200,1.00181433323
488434,488440,491975,6,3535,2,7200,1.00169731259
488449,488456,491640,7,3184,2,7200,1.00219849246
488451,488462,491667,11,3205,2,7200,1.00343213729
488740,488747,492140,7,3393,2,7200,1.00206307103
488777,488786,491921,9,3135,2,7200,1.0028708134
488852,488858,491891,6,3033,2,7200,1.00197823937
489342,489348,492233,6,2885,2,36000,1.0020797227
489440,489447,492964,7,3517,2,7200,1.00199033267
489442,489453,493300,11,3847,2,7200,1.00285937094
489443,489458,493289,15,3831,2,7200,1.00391542678
489444,489463,492948,19,3485,2,7200,1.00545193687
489446,489469,493053,23,3584,2,7200,1.00641741071
489447,489474,493061,27,3587,2,7200,1.00752718149
489448,489480,492846,32,3366,2,7200,1.00950683304
489450,489485,493087,35,3602,2,7200,1.00971682399
489827,491385,496984,1558,5599,2,36000,1.27826397571
489845,490298,493897,453,3599,2,7200,1.12586829675
489846,490606,494291,760,3685,2,7200,1.20624151967
489847,490983,494369,1136,3386,2,7200,1.335499114
489849,491132,494624,1283,3492,2,7200,1.36741122566
489850,491266,494757,1416,3491,2,7200,1.40561443712
489851,491273,494902,1422,3629,2,7200,1.39184348305
489853,491284,494834,1431,3550,2,7200,1.40309859155
489854,491330,495033,1476,3703,2,7200,1.39859573319
489855,491347,494678,1492,3331,2,7200,1.44791353948
489857,491374,494769,1517,3395,2,7200,1.44683357879
490074,491390,496990,1316,5600,2,36000,1.235
490578,491452,504496,874,13044,2,36000,1.06700398651
491337,491379,494985,42,3606,2,7200,1.01164725458
491650,491656,495063,6,3407,2,7200,1.00176108013
491712,491718,495078,6,3360,2,7200,1.00178571429
491739,491745,495051,6,3306,2,7200,1.00181488203
491740,491752,495094,12,3342,2,7200,1.00359066427
491742,491757,494865,15,3108,2,7200,1.00482625483
491757,491763,494960,6,3197,2,7200,1.00187675946
491770,491776,496442,6,4666,2,28800,1.00128589799
491793,491799,494793,6,2994,2,7200,1.00200400802
491889,491895,495435,6,3540,2,7200,1.00169491525
491922,491928,495368,6,3440,2,7200,1.00174418605
491976,491982,495320,6,3338,2,7200,1.00179748352
492139,492145,495800,6,3655,2,7200,1.00164158687
492505,492511,495881,6,3370,2,7200,1.00178041543
492506,492517,496276,11,3759,2,7200,1.00292631019
492507,492522,496232,15,3710,2,7200,1.00404312668
492509,492527,496077,18,3550,2,7200,1.00507042254
492510,492533,495871,23,3338,2,7200,1.00689035351
492511,492538,495705,27,3167,2,7200,1.00852541838
492513,492544,496095,31,3551,2,7200,1.00872993523
492514,492549,495948,35,3399,2,7200,1.01029714622
492515,492857,496352,342,3495,2,7200,1.09785407725
492517,492960,496393,443,3433,2,7200,1.12904165453
492846,492975,496507,129,3532,2,7200,1.03652321631
492948,493065,496632,117,3567,2,7200,1.03280067283
492966,493072,496635,106,3563,2,7200,1.0297502105
493056,493098,496589,42,3491,2,7200,1.01203093669
493071,493300,496796,229,3496,2,7200,1.06550343249
493089,493312,496912,223,3600,2,7200,1.06194444444
493292,493909,497306,617,3397,2,7200,1.18163085075
493306,494302,497944,996,3642,2,7200,1.27347611203
493755,495615,509003,1860,13388,2,28800,1.13893038542
493898,494381,497882,483,3501,2,7200,1.13796058269
494292,494635,497747,343,3112,2,7200,1.110218509
494370,494997,498719,627,3722,2,7200,1.16845781838
494444,495620,524244,1176,28624,2,28800,1.0410844047
494625,495045,498568,420,3523,2,7200,1.11921657678
494647,494972,495597,325,625,16,14400,1.52
494678,495063,498516,385,3453,2,7200,1.11149724877
494759,495075,498779,316,3704,2,7200,1.08531317495
494774,495090,498598,316,3508,2,7200,1.09007981756
494795,494803,498311,8,3508,2,7200,1.00228050171
494837,495108,498832,271,3724,2,7200,1.07277121375
494865,495625,508670,760,13045,2,28800,1.05825986968
494868,494875,497924,7,3049,2,7200,1.0022958347
494903,495335,499153,432,3818,2,7200,1.11314824515
494958,494965,498628,7,3663,2,7200,1.00191100191
494987,495383,499191,396,3808,2,7200,1.10399159664
495034,495449,498920,415,3471,2,7200,1.11956208585
495051,495057,498519,6,3462,2,7200,1.00173310225
495064,495609,499145,545,3536,2,7200,1.15412895928
495078,495084,498468,6,3384,2,7200,1.00177304965
495096,495102,498324,6,3222,2,7200,1.00186219739
495322,495329,498673,7,3344,2,7200,1.00209330144
495370,495377,498775,7,3398,2,7200,1.00206003531
495436,495442,498544,6,3102,2,7200,1.00193423598
495468,495630,495683,162,53,2,50400,4.05660377358
495705,495712,499293,7,3581,2,7200,1.00195476124
495771,496288,497618,517,1330,16,14400,1.38872180451
495803,495809,498873,6,3064,2,7200,1.00195822454
495874,495880,499345,6,3465,2,7200,1.00173160173
495888,495961,499626,73,3665,2,7200,1.01991814461
495948,496106,499761,158,3655,2,7200,1.04322845417
496069,497096,505283,1027,8187,2,43200,1.12544277513
496077,496364,499952,287,3588,2,7200,1.07998885173
496095,496405,499938,310,3533,2,7200,1.0877441268
496233,496454,499890,221,3436,2,7200,1.06431897555
496278,496518,500080,240,3562,2,7200,1.0673778776
496352,496600,500056,248,3456,2,7200,1.07175925926
496394,496643,500035,249,3392,2,7200,1.07340801887
496508,496650,500350,142,3700,2,7200,1.03837837838
496590,496808,500345,218,3537,2,7200,1.06163415324
496628,496924,500234,296,3310,2,7200,1.08942598187
496643,496996,500701,353,3705,2,7200,1.09527665317
496798,497002,500534,204,3532,2,7200,1.05775764439
496911,497091,500591,180,3500,2,7200,1.05142857143
497309,497315,501080,6,3765,2,7200,1.0015936255
497747,497754,501305,7,3551,2,7200,1.0019712757
497842,497848,499151,6,1303,16,3600,1.00460475825
497882,497889,501390,7,3501,2,7200,1.00199942873
497925,497931,501504,6,3573,2,7200,1.00167926113
497945,497951,501528,6,3577,2,7200,1.00167738328
498311,498317,501620,6,3303,2,7200,1.00181653043
498326,498332,501877,6,3545,2,7200,1.00169252468
498470,498477,501660,7,3183,2,7200,1.00219918316
498517,498531,502100,14,3569,2,7200,1.00392266741
498518,498525,502051,7,3526,2,7200,1.00198525241
498542,498548,501895,6,3347,2,7200,1.00179265013
498570,498579,502475,9,3896,2,7200,1.0023100616
498600,498609,502017,9,3408,2,7200,1.00264084507
498626,498633,502051,7,3418,2,7200,1.00204798128
498672,498678,502382,6,3704,2,7200,1.00161987041
498720,498730,502127,10,3397,2,7200,1.00294377392
498774,498780,502308,6,3528,2,7200,1.00170068027
498780,498790,502337,10,3547,2,7200,1.0028192839
498834,498843,502411,9,3568,2,7200,1.00252242152
498873,498879,502283,6,3404,2,7200,1.0017626322
498921,498927,502280,6,3353,2,7200,1.00178944229
499147,499153,502565,6,3412,2,7200,1.00175849941
499161,499167,502401,6,3234,2,7200,1.00185528757
499194,499200,502587,6,3387,2,7200,1.00177147919
499293,499299,502598,6,3299,2,7200,1.00181873295
499347,499353,502980,6,3627,2,7200,1.00165425972
499626,499632,503230,6,3598,2,7200,1.00166759311
499761,499767,503162,6,3395,2,7200,1.00176730486
499890,499896,503524,6,3628,2,7200,1.00165380375
499938,499944,503456,6,3512,2,7200,1.00170842825
499952,499959,503487,7,3528,2,7200,1.00198412698
500036,500043,503375,7,3332,2,7200,1.00210084034
500057,500063,503447,6,3384,2,7200,1.00177304965
500081,500087,503603,6,3516,2,7200,1.00170648464
500234,500240,503783,6,3543,2,7200,1.0016934801
500348,500354,503797,6,3443,2,7200,1.00174266628
500363,500369,503895,6,3526,2,7200,1.00170164492
500534,500541,504182,7,3641,2,7200,1.00192254875
500588,500594,504039,6,3445,2,7200,1.00174165457
500702,500708,504396,6,3688,2,7200,1.00162689805
501083,501089,504446,6,3357,2,7200,1.0017873101
501309,501315,504880,6,3565,2,7200,1.00168302945
501393,501399,504856,6,3457,2,7200,1.00173560891
501509,501515,504920,6,3405,2,7200,1.00176211454
501531,501537,505110,6,3573,2,7200,1.00167926113
501620,501626,504935,6,3309,2,7200,1.00181323663
501660,501666,505266,6,3600,2,7200,1.00166666667
501876,501883,505123,7,3240,2,7200,1.00216049383
501897,501904,505345,7,3441,2,7200,1.00203429236
502018,502024,505627,6,3603,2,7200,1.00166527893
502051,502057,505576,6,3519,2,7200,1.00170502984
502052,502063,505355,11,3292,2,7200,1.00334143378
502102,502108,505565,6,3457,2,7200,1.00173560891
502129,502135,505755,6,3620,2,7200,1.00165745856
502283,502289,505697,6,3408,2,7200,1.00176056338
502285,502295,505574,10,3279,2,7200,1.00304971028
502305,502312,505625,7,3313,2,7200,1.00211288862
502339,502345,506103,6,3758,2,7200,1.00159659393
502381,502387,505924,6,3537,2,7200,1.00169635284
502402,502408,506169,6,3761,2,7200,1.00159532039
502417,502423,505929,6,3506,2,7200,1.00171135197
502477,502483,505868,6,3385,2,7200,1.00177252585
502567,502573,506179,6,3606,2,7200,1.00166389351
502587,502594,505980,7,3386,2,7200,1.00206733609
502602,502608,506097,6,3489,2,7200,1.00171969046
502981,502987,506473,6,3486,2,7200,1.0017211704
503164,503170,506306,6,3136,2,7200,1.00191326531
503230,503236,506904,6,3668,2,7200,1.00163576881
503377,503383,506639,6,3256,2,7200,1.00184275184
503449,503455,506993,6,3538,2,7200,1.00169587337
503464,503470,507117,6,3647,2,7200,1.00164518783
503488,503494,507292,6,3798,2,7200,1.00157977883
503526,503533,507278,7,3745,2,7200,1.00186915888
503604,503610,507231,6,3621,2,7200,1.00165700083
503784,503791,507324,7,3533,2,7200,1.00198131899
503799,503805,507460,6,3655,2,7200,1.00164158687
503898,503904,507356,6,3452,2,7200,1.00173812283
504040,504046,507552,6,3506,2,7200,1.00171135197
504184,504190,507529,6,3339,2,7200,1.00179694519
504397,504403,507942,6,3539,2,7200,1.00169539418
504448,504454,507706,6,3252,2,7200,1.00184501845
504857,504863,508385,6,3522,2,7200,1.00170357751
504881,504887,508625,6,3738,2,7200,1.00160513644
504919,504925,508134,6,3209,2,7200,1.00186974135
504934,504940,508512,6,3572,2,7200,1.00167973124
505112,505119,508721,7,3602,2,7200,1.0019433648
505120,505126,508455,6,3329,2,7200,1.00180234305
505265,505271,508647,6,3376,2,7200,1.00177725118
505343,505349,508596,6,3247,2,7200,1.00184785956
505357,505363,508513,6,3150,2,7200,1.0019047619
505567,505574,508900,7,3326,2,7200,1.00210463019
505574,505581,508844,7,3263,2,7200,1.00214526509
505575,505586,508942,11,3356,2,7200,1.00327771156
505624,505630,508614,6,2984,2,7200,1.00201072386
505627,505636,509217,9,3581,2,7200,1.00251326445
505699,505705,509072,6,3367,2,7200,1.00178200178
505756,505762,509257,6,3495,2,7200,1.0017167382
505870,505876,509298,6,3422,2,7200,1.00175336061
505922,505928,509269,6,3341,2,7200,1.0017958695
505930,505936,509453,6,3517,2,7200,1.00170599943
505981,505987,509454,6,3467,2,7200,1.00173060283
506098,506104,509778,6,3674,2,7200,1.00163309744
506113,506119,509882,6,3763,2,7200,1.0015944725
506172,506179,509844,7,3665,2,7200,1.00190995907
506187,506193,509883,6,3690,2,7200,1.00162601626
506307,506313,509702,6,3389,2,7200,1.00177043376
506477,506483,510172,6,3689,2,7200,1.00162645703
506642,506648,509950,6,3302,2,7200,1.00181708056
506906,506912,510338,6,3426,2,7200,1.00175131349
506993,506999,510764,6,3765,2,7200,1.0015936255
507119,507125,510487,6,3362,2,7200,1.00178465199
507233,507239,510959,6,3720,2,7200,1.00161290323
507278,507284,510888,6,3604,2,7200,1.00166481687
507293,507299,510724,6,3425,2,7200,1.00175182482
507325,507331,510771,6,3440,2,7200,1.00174418605
507358,507364,510627,6,3263,2,7200,1.00183879865
507460,507466,510919,6,3453,2,7200,1.00173761946
507529,507535,511075,6,3540,2,7200,1.00169491525
507553,507559,510935,6,3376,2,7200,1.00177725118
507706,507712,511162,6,3450,2,7200,1.00173913043
507946,507952,511282,6,3330,2,7200,1.0018018018
508134,508140,511678,6,3538,2,7200,1.00169587337
508390,508396,511943,6,3547,2,7200,1.00169157034
508457,508463,511833,6,3370,2,7200,1.00178041543
508511,508517,512168,6,3651,2,7200,1.00164338537
508526,508532,512055,6,3523,2,7200,1.00170309395
508595,508601,511942,6,3341,2,7200,1.0017958695
508613,508619,511607,6,2988,2,7200,1.00200803213
508628,508634,512272,6,3638,2,7200,1.00164925783
508648,508655,512027,7,3372,2,7200,1.00207591934
508724,508730,512401,6,3671,2,7200,1.00163443203
508845,508852,512139,7,3287,2,7200,1.00212960146
508901,508907,512428,6,3521,2,7200,1.00170406135
508942,508948,512087,6,3139,2,7200,1.00191143676
509075,509081,512752,6,3671,2,7200,1.00163443203
509219,509225,512745,6,3520,2,7200,1.00170454545
509258,509264,512970,6,3706,2,7200,1.00161899622
509270,509276,512705,6,3429,2,7200,1.00174978128
509300,509306,513054,6,3748,2,7200,1.00160085379
509456,509462,512954,6,3492,2,7200,1.00171821306
509457,509468,513076,11,3608,2,7200,1.00304878049
509704,509710,513292,6,3582,2,7200,1.00167504188
509779,509785,513252,6,3467,2,7200,1.00173060283
509845,509851,513432,6,3581,2,7200,1.00167550963
509884,509890,513178,6,3288,2,7200,1.00182481752
509885,509896,513274,11,3378,2,7200,1.00325636471
509951,509957,513566,6,3609,2,7200,1.00166251039
510173,510180,513447,7,3267,2,7200,1.00214263851
510339,510345,514017,6,3672,2,7200,1.00163398693
510489,510495,514226,6,3731,2,7200,1.00160814795
510630,510636,513950,6,3314,2,7200,1.00181050091
510726,510732,514216,6,3484,2,7200,1.00172215844
510765,510771,514286,6,3515,2,7200,1.00170697013
510780,510786,514408,6,3622,2,7200,1.00165654335
510891,510897,514549,6,3652,2,7200,1.00164293538
510921,510927,514572,6,3645,2,7200,1.00164609053
510935,510941,514753,6,3812,2,7200,1.00157397692
510959,510965,514668,6,3703,2,7200,1.00162030786
511076,511082,514751,6,3669,2,7200,1.00163532298
511163,511169,514670,6,3501,2,7200,1.00171379606
511284,511290,514742,6,3452,2,7200,1.00173812283
511609,511615,514871,6,3256,2,7200,1.00184275184
511672,511679,515346,7,3667,2,7200,1.00190891737
511832,511838,515290,6,3452,2,7200,1.00173812283
511943,511949,515128,6,3179,2,7200,1.00188738597
511945,511956,515496,11,3540,2,7200,1.00310734463
512030,512036,515235,6,3199,2,7200,1.00187558612
512054,512060,515287,6,3227,2,7200,1.00185931205
512088,512094,515689,6,3595,2,7200,1.0016689847
512139,512145,515974,6,3829,2,7200,1.00156698877
512165,512173,515692,8,3519,2,7200,1.00227337312
512273,512279,516056,6,3777,2,7200,1.00158856235
512402,512408,515671,6,3263,2,7200,1.00183879865
512429,512435,515903,6,3468,2,7200,1.00173010381
512705,512711,515976,6,3265,2,7200,1.00183767228
512745,512751,516190,6,3439,2,7200,1.00174469322
512759,512765,516247,6,3482,2,7200,1.00172314762
512955,512961,516291,6,3330,2,7200,1.0018018018
512972,512979,516350,7,3371,2,7200,1.00207653515
513056,513063,516660,7,3597,2,7200,1.00194606617
513077,513083,516550,6,3467,2,7200,1.00173060283
513180,513186,516615,6,3429,2,7200,1.00174978128
513255,513261,516454,6,3193,2,7200,1.00187911055
513275,513281,516681,6,3400,2,7200,1.00176470588
513293,513299,516870,6,3571,2,7200,1.00168020162
513434,513441,517020,7,3579,2,7200,1.00195585359
513449,513455,516782,6,3327,2,7200,1.00180342651
513566,513572,517172,6,3600,2,7200,1.00166666667
513951,513958,517342,7,3384,2,7200,1.00206855792
514017,514023,517576,6,3553,2,7200,1.00168871376
514219,514225,518062,6,3837,2,7200,1.00156372166
514234,514240,517697,6,3457,2,7200,1.00173560891
514288,514294,517927,6,3633,2,7200,1.00165152766
514411,514417,517963,6,3546,2,7200,1.00169204738
514549,514555,518409,6,3854,2,7200,1.00155682408
514573,514579,518122,6,3543,2,7200,1.0016934801
514595,514602,518233,7,3631,8,7200,1.00192784357
514641,514648,518241,7,3593,8,7200,1.00194823267
514669,514678,518373,9,3695,2,7200,1.00243572395
514684,514690,518218,6,3528,2,7200,1.00170068027
514744,514750,518387,6,3637,2,7200,1.0016497113
514759,514764,518205,5,3441,2,7200,1.00145306597
514760,514770,518236,10,3466,2,7200,1.00288517023
514869,514875,518579,6,3704,2,7200,1.00161987041
515040,515046,516829,6,1783,8,21600,1.00336511497
515040,515248,516778,208,1530,8,21600,1.13594771242
515041,515507,517284,466,1777,8,21600,1.26223972988
515041,515914,517629,873,1715,8,21600,1.50903790087
515042,516202,517978,1160,1776,8,21600,1.65315315315
515042,516466,518135,1424,1669,8,21600,1.85320551228
515043,516693,519388,1650,2695,8,21600,1.61224489796
515043,516789,518493,1746,1704,8,21600,2.02464788732
515131,515137,518447,6,3310,2,7200,1.00181268882
515196,516840,517175,1644,335,8,21600,5.90746268657
515197,517187,517520,1990,333,8,21600,6.97597597598
515197,517194,517549,1997,355,8,21600,6.62535211268
515198,517532,517939,2334,407,8,21600,6.73464373464
515198,517296,517694,2098,398,8,21600,6.27135678392
515199,517640,518019,2441,379,8,21600,7.44063324538
515199,517560,518006,2361,446,8,21600,6.29372197309
515236,515242,518570,6,3328,2,7200,1.00180288462
515284,515291,518904,7,3613,2,7200,1.0019374481
515299,515306,518543,7,3237,2,7200,1.00216249614
515344,515350,518873,6,3523,2,7200,1.00170309395
515498,517645,521027,2147,3382,2,7200,1.63483146067
515672,517651,521266,1979,3615,2,7200,1.54744121715
515691,515697,519102,6,3405,2,7200,1.00176211454
515692,515704,519095,12,3391,2,7200,1.00353877912
515904,517705,521313,1801,3608,2,7200,1.49916851441
515972,515978,519368,6,3390,2,7200,1.0017699115
515986,515993,519341,7,3348,2,7200,1.00209080048
516057,517711,521396,1654,3685,2,7200,1.44884667571
516193,517716,521357,1523,3641,2,7200,1.41829167811
516249,517721,521257,1472,3536,2,7200,1.41628959276
516291,517728,521060,1437,3332,2,7200,1.431272509
516351,517939,521411,1588,3472,2,7200,1.45737327189
516456,517950,521198,1494,3248,2,7200,1.45997536946
516552,517956,521524,1404,3568,2,7200,1.39349775785
516615,517961,521557,1346,3596,2,7200,1.37430478309
516660,517966,521657,1306,3691,2,7200,1.35383364942
516684,517974,521330,1290,3356,2,7200,1.38438617402
516783,517989,521251,1206,3262,2,7200,1.36971183323
516874,517995,521611,1121,3616,2,7200,1.31001106195
517021,518000,521817,979,3817,2,7200,1.25648414986
517174,518005,521495,831,3490,2,7200,1.23810888252
517342,518017,521567,675,3550,2,7200,1.19014084507
517577,518023,521493,446,3470,2,7200,1.12853025937
517700,518028,521426,328,3398,2,7200,1.09652736904
517929,518033,521716,104,3683,2,7200,1.02823784958
517964,518039,521390,75,3351,2,7200,1.02238137869
518062,518068,521545,6,3477,2,7200,1.00172562554
518125,518131,521731,6,3600,2,7200,1.00166666667
518206,518212,522023,6,3811,2,7200,1.00157438992
518221,518227,521866,6,3639,2,7200,1.00164880462
518239,518244,521799,5,3555,2,7200,1.00140646976
518374,518380,521840,6,3460,2,7200,1.00173410405
518389,518395,521588,6,3193,2,7200,1.00187911055
518410,518416,522000,6,3584,2,7200,1.00167410714
518445,518451,521724,6,3273,2,7200,1.00183318057
518541,518547,522235,6,3688,2,7200,1.00162689805
518571,518577,522116,6,3539,2,7200,1.00169539418
518586,518592,521902,6,3310,2,7200,1.00181268882
518871,518878,522323,7,3445,2,7200,1.00203193033
518904,518911,522514,7,3603,2,7200,1.00194282542
519095,519100,522409,5,3309,2,7200,1.00151103052
519109,519116,522544,7,3428,2,7200,1.002042007
519335,519341,522709,6,3368,2,7200,1.00178147268
519365,519371,522709,6,3338,2,7200,1.00179748352
521029,521036,524637,7,3601,2,7200,1.00194390447
521062,521068,524471,6,3403,2,7200,1.00176315016
521200,521207,524765,7,3558,2,7200,1.00196739741
521254,521260,524736,6,3476,2,7200,1.00172612198
521269,521275,525030,6,3755,2,7200,1.00159786951
521270,521281,524767,11,3486,2,7200,1.00315547906
521315,521321,524798,6,3477,2,7200,1.00172562554
521330,521336,525037,6,3701,2,7200,1.00162118346
521360,521366,524714,6,3348,2,7200,1.0017921147
521392,521399,524745,7,3346,2,7200,1.00209205021
521407,521413,525056,6,3643,2,7200,1.00164699424
521422,521428,524989,6,3561,2,7200,1.00168491997
521437,521443,524823,6,3380,2,7200,1.00177514793
521494,521500,524967,6,3467,2,7200,1.00173060283
521508,521514,525137,6,3623,2,7200,1.00165608612
521526,521532,524884,6,3352,2,7200,1.00178997613
521547,521553,524920,6,3367,2,7200,1.00178200178
521561,521568,525077,7,3509,2,7200,1.00199487033
521576,521582,525127,6,3545,2,7200,1.00169252468
521591,521597,525089,6,3492,2,7200,1.00171821306
521612,521618,525119,6,3501,2,7200,1.00171379606
521659,521666,525330,7,3664,2,7200,1.00191048035
521717,521723,525353,6,3630,2,7200,1.00165289256
521724,521730,525121,6,3391,2,7200,1.00176938956
521734,521740,525223,6,3483,2,7200,1.00172265289
521800,521806,525163,6,3357,2,7200,1.0017873101
521818,521824,525526,6,3702,2,7200,1.00162074554
521842,521848,525366,6,3518,2,7200,1.0017055145
521868,521875,525155,7,3280,2,7200,1.00213414634
521904,521910,525056,6,3146,2,7200,1.00190718373
522001,522007,525270,6,3263,2,7200,1.00183879865
522025,522031,525561,6,3530,2,7200,1.00169971671
522115,522121,525700,6,3579,2,7200,1.00167644593
522235,522242,525849,7,3607,2,7200,1.00194067092
522323,522329,525673,6,3344,2,7200,1.00179425837
522410,522416,525853,6,3437,2,7200,1.00174570847
522516,522522,525944,6,3422,2,7200,1.00175336061
522543,522549,525800,6,3251,2,7200,1.00184558597
522711,522717,526140,6,3423,2,7200,1.00175284838
522713,522723,526169,10,3446,2,7200,1.00290191526
524473,524479,528031,6,3552,2,7200,1.00168918919
524638,524644,528220,6,3576,2,7200,1.00167785235
524716,524722,528277,6,3555,2,7200,1.00168776371
524736,524742,528640,6,3898,2,7200,1.0015392509
524751,524757,527920,6,3163,2,7200,1.00189693329
524766,524772,528255,6,3483,2,7200,1.00172265289
524780,524787,528134,7,3347,2,7200,1.00209142516
524798,524804,528343,6,3539,2,7200,1.00169539418
524825,524831,528471,6,3640,2,7200,1.00164835165
524885,524891,528504,6,3613,2,7200,1.0016606698
524921,524927,528511,6,3584,2,7200,1.00167410714
524968,524975,528626,7,3651,2,7200,1.00191728294
524986,524992,528395,6,3403,2,7200,1.00176315016
525031,525037,528675,6,3638,2,7200,1.00164925783
525046,525052,528676,6,3624,2,7200,1.00165562914
525057,525063,528835,6,3772,2,7200,1.00159066808
525060,525069,528279,9,3210,2,7200,1.00280373832
525078,525084,528632,6,3548,2,7200,1.00169109357
525093,525099,528280,6,3181,2,7200,1.00188619931
525120,525126,528699,6,3573,2,7200,1.00167926113
525122,525132,528844,10,3712,2,7200,1.00269396552
525134,525140,528792,6,3652,2,7200,1.00164293538
525149,525155,528580,6,3425,2,7200,1.00175182482
525163,525170,528860,7,3690,2,7200,1.00189701897
525165,525176,528678,11,3502,2,7200,1.00314106225
525225,525231,528731,6,3500,2,7200,1.00171428571
525273,525279,528721,6,3442,2,7200,1.00174317257
525330,525336,528762,6,3426,2,7200,1.00175131349
525354,525360,528865,6,3505,2,7200,1.00171184023
525368,525374,528838,6,3464,2,7200,1.00173210162
525528,525534,528975,6,3441,2,7200,1.00174367916
525564,525570,528967,6,3397,2,7200,1.00176626435
525673,525679,529172,6,3493,2,7200,1.00171772116
525700,525706,529128,6,3422,2,7200,1.00175336061
525799,525805,529153,6,3348,2,7200,1.0017921147
525850,525856,529216,6,3360,2,7200,1.00178571429
525866,525872,529356,6,3484,2,7200,1.00172215844
525947,525953,529257,6,3304,2,7200,1.00181598063
526139,526145,529724,6,3579,2,7200,1.00167644593
526169,526175,529718,6,3543,2,7200,1.0016934801
527730,527736,527902,6,166,1,3600,1.03614457831
527925,527931,531457,6,3526,2,7200,1.00170164492
528033,528039,531665,6,3626,2,7200,1.00165471594
528088,528094,528449,6,355,1,3600,1.01690140845
528135,528141,531762,6,3621,2,7200,1.00165700083
528222,528229,531526,7,3297,2,7200,1.00212314225
528255,528261,531637,6,3376,2,7200,1.00177725118
528279,528285,531487,6,3202,2,7200,1.00187382886
528281,528291,531692,10,3401,2,7200,1.00294031167
528295,528301,531966,6,3665,2,7200,1.00163710778
528343,528349,531921,6,3572,2,7200,1.00167973124
528397,528403,531804,6,3401,2,7200,1.001764187
528471,528477,532155,6,3678,2,7200,1.00163132137
528507,528513,531856,6,3343,2,7200,1.00179479509
528521,528527,532025,6,3498,2,7200,1.00171526587
528581,528587,532213,6,3626,2,7200,1.00165471594
528626,528632,532101,6,3469,2,7200,1.00172960507
528641,528647,532106,6,3459,2,7200,1.00173460538
528642,528653,532128,11,3475,2,7200,1.00316546763
528675,528681,532146,6,3465,2,7200,1.00173160173
528690,528696,532242,6,3546,2,7200,1.00169204738
528691,528702,532139,11,3437,2,7200,1.00320046552
528706,528712,532246,6,3534,2,7200,1.00169779287
528721,528727,532271,6,3544,2,7200,1.00169300226
528735,528741,532087,6,3346,2,7200,1.00179318589
528765,528771,532107,6,3336,2,7200,1.00179856115
528795,528801,532079,6,3278,2,7200,1.00183038438
528816,528823,529684,7,861,1,3600,1.0081300813
528833,528840,532168,7,3328,2,7200,1.00210336538
528840,528846,532352,6,3506,2,7200,1.00171135197
528848,528854,532181,6,3327,2,7200,1.00180342651
528861,528867,532183,6,3316,2,7200,1.00180940893
528875,528881,532199,6,3318,2,7200,1.00180831826
528968,528975,532561,7,3586,2,7200,1.00195203569
528983,528989,532196,6,3207,2,7200,1.00187090739
529128,529134,532577,6,3443,2,7200,1.00174266628
529152,529158,532879,6,3721,2,7200,1.00161246977
529173,529179,532547,6,3368,2,7200,1.00178147268
529218,529224,532618,6,3394,2,7200,1.00176782557
529257,529263,532635,6,3372,2,7200,1.00177935943
529356,529362,532798,6,3436,2,7200,1.00174621653
529719,529725,533374,6,3649,2,7200,1.00164428611
529734,529740,533060,6,3320,2,7200,1.00180722892
530976,530983,531096,7,113,1,3600,1.06194690265
531268,531274,531592,6,318,1,3600,1.01886792453
531271,531280,531455,9,175,1,3600,1.05142857143
531461,531467,534965,6,3498,2,7200,1.00171526587
531488,531494,535142,6,3648,2,7200,1.00164473684
531527,531533,535022,6,3489,2,7200,1.00171969046
531639,531650,532002,11,352,1,3600,1.03125
531639,531644,534863,5,3219,2,7200,1.00155327742
531665,531672,535250,7,3578,2,7200,1.00195640022
531692,531698,535276,6,3578,2,7200,1.00167691448
531764,531770,535439,6,3669,2,7200,1.00163532298
531806,531812,535453,6,3641,2,7200,1.00164789893
531857,531863,535601,6,3738,2,7200,1.00160513644
531923,531929,535350,6,3421,2,7200,1.00175387314
531968,531974,535276,6,3302,2,7200,1.00181708056
532030,532036,535611,6,3575,2,7200,1.00167832168
532080,532086,535464,6,3378,2,7200,1.00177619893
532087,532094,532708,7,614,1,3600,1.01140065147
532094,532100,535726,6,3626,2,7200,1.00165471594
532109,532115,535563,6,3448,2,7200,1.00174013921
532111,532121,535701,10,3580,2,7200,1.00279329609
532112,532127,535589,15,3462,2,7200,1.00433275563
532130,532136,535476,6,3340,2,7200,1.00179640719
532144,532150,535924,6,3774,2,7200,1.00158982512
532159,532165,535810,6,3645,2,7200,1.00164609053
532161,532171,535818,10,3647,2,7200,1.00274197971
532170,532177,535455,7,3278,2,7200,1.00213544844
532184,532191,535719,7,3528,2,7200,1.00198412698
532185,532196,535671,11,3475,2,7200,1.00316546763
532199,532205,535790,6,3585,2,7200,1.00167364017
532201,532211,535808,10,3597,2,7200,1.00278009452
532215,532222,535536,7,3314,2,7200,1.00211225106
532242,532248,535731,6,3483,2,7200,1.00172265289
532257,532263,535979,6,3716,2,7200,1.0016146394
532272,532278,535709,6,3431,2,7200,1.00174876129
532353,532359,535877,6,3518,2,7200,1.0017055145
532363,532369,533143,6,774,1,3600,1.00775193798
532550,532556,535949,6,3393,2,7200,1.0017683466
532563,532570,535913,7,3343,2,7200,1.00209392761
532577,532583,535683,6,3100,2,7200,1.00193548387
532619,532625,536073,6,3448,2,7200,1.00174013921
532637,532643,535676,6,3033,2,7200,1.00197823937
532800,532806,536647,6,3841,2,7200,1.0015620932
532882,532888,536533,6,3645,2,7200,1.00164609053
533059,533065,536499,6,3434,2,7200,1.00174723355
533376,533382,536943,6,3561,2,7200,1.00168491997
534426,534432,534545,6,113,1,3600,1.05309734513
534722,534728,535043,6,315,1,3600,1.01904761905
534865,534871,538168,6,3297,2,7200,1.00181983621
534967,534973,538271,6,3298,2,7200,1.00181928441
535024,535030,538530,6,3500,2,7200,1.00171428571
535036,535042,535159,6,117,1,1800,1.05128205128
535145,535151,538790,6,3639,2,7200,1.00164880462
535249,535255,538720,6,3465,2,7200,1.00173160173
535279,535285,538856,6,3571,2,7200,1.00168020162
535280,535291,538968,11,3677,2,7200,1.00299156921
535352,535358,538790,6,3432,2,7200,1.00174825175
535442,535448,538923,6,3475,2,7200,1.00172661871
535455,535461,538921,6,3460,2,7200,1.00173410405
535457,535467,539201,10,3734,2,7200,1.0026780932
535467,535474,535590,7,116,1,1800,1.06034482759
535471,535480,539028,9,3548,2,7200,1.00253664036
535486,535492,539087,6,3595,2,7200,1.0016689847
535530,535536,536145,6,609,1,3600,1.00985221675
535537,535543,538907,6,3364,2,7200,1.00178359096
535564,535570,539069,6,3499,2,7200,1.00171477565
535590,535596,539075,6,3479,2,7200,1.00172463352
535606,535612,539278,6,3666,2,7200,1.00163666121
535621,535627,538970,6,3343,2,7200,1.00179479509
535672,535678,538910,6,3232,2,7200,1.00185643564
535687,535693,539220,6,3527,2,7200,1.00170116246
535688,535699,539012,11,3313,2,7200,1.00332025355
535702,535708,539127,6,3419,2,7200,1.00175489909
535717,535723,539272,6,3549,2,7200,1.00169061708
535732,535738,539215,6,3477,2,7200,1.00172562554
535733,535744,539207,11,3463,2,7200,1.00317643662
535734,535750,539232,16,3482,2,7200,1.00459506031
535791,535798,539030,7,3232,2,7200,1.00216584158
535810,535816,538984,6,3168,2,7200,1.00189393939
535811,535822,539475,11,3653,2,7200,1.00301122365
535826,535832,539423,6,3591,2,7200,1.00167084378
535880,535886,539687,6,3801,2,7200,1.00157853197
535916,535922,539455,6,3533,2,7200,1.00169827342
535930,535936,539255,6,3319,2,7200,1.00180777343
535951,535957,539140,6,3183,2,7200,1.00188501414
535981,535987,539715,6,3728,2,7200,1.00160944206
536074,536080,539493,6,3413,2,7200,1.00175798418
536273,536279,536838,6,559,1,1800,1.01073345259
536502,536509,539972,7,3463,2,7200,1.00202136876
536535,536542,539996,7,3454,2,7200,1.00202663578
536647,536653,540268,6,3615,2,7200,1.00165975104
536946,536953,540483,7,3530,2,7200,1.00198300283
538173,538179,541394,6,3215,2,7200,1.00186625194
538274,538280,541718,6,3438,2,7200,1.0017452007
538531,538537,542144,6,3607,2,7200,1.00166343222
538678,538684,538794,6,110,1,1800,1.05454545455
538691,538697,538745,6,48,1,1800,1.125
538720,538727,542022,7,3295,2,7200,1.00212443096
538794,538800,542279,6,3479,2,7200,1.00172463352
538795,538806,542252,11,3446,2,7200,1.00319210679
538858,538864,542484,6,3620,2,7200,1.00165745856
538909,538915,542484,6,3569,2,7200,1.00168114318
538911,538921,542417,10,3496,2,7200,1.0028604119
538924,538930,542396,6,3466,2,7200,1.00173110214
538926,538936,542304,10,3368,2,7200,1.00296912114
538969,538975,542308,6,3333,2,7200,1.00180018002
538984,538990,542447,6,3457,2,7200,1.00173560891
538985,538996,542479,11,3483,2,7200,1.00315819696
539013,539019,542155,6,3136,2,7200,1.00191326531
539031,539037,542959,6,3922,2,7200,1.00152983172
539032,539043,542638,11,3595,2,7200,1.00305980529
539071,539077,542605,6,3528,2,7200,1.00170068027
539071,539082,539166,11,84,1,1800,1.13095238095
539086,539092,542685,6,3593,2,7200,1.00166991372
539100,539106,542564,6,3458,2,7200,1.001735107
539127,539133,542762,6,3629,2,7200,1.00165334803
539127,539139,539252,12,113,1,1800,1.10619469027
539139,539145,542435,6,3290,2,7200,1.00182370821
539203,539209,542702,6,3493,2,7200,1.00171772116
539218,539224,542885,6,3661,2,7200,1.00163889648
539219,539230,542859,11,3629,2,7200,1.00303113805
539221,539235,542616,14,3381,2,7200,1.00414078675
539234,539242,542471,8,3229,2,7200,1.00247754723
539258,539264,542337,6,3073,2,7200,1.00195248942
539273,539279,542854,6,3575,2,7200,1.00167832168
539287,539293,542937,6,3644,2,7200,1.00164654226
539426,539432,542890,6,3458,2,7200,1.001735107
539455,539462,543173,7,3711,2,7200,1.00188628402
539476,539482,542978,6,3496,2,7200,1.00171624714
539492,539499,542884,7,3385,2,7200,1.00206794682
539688,539694,542986,6,3292,2,7200,1.00182260024
539718,539724,543044,6,3320,2,7200,1.00180722892
539960,539966,540550,6,584,1,1800,1.0102739726
539971,539977,543373,6,3396,2,7200,1.00176678445
539998,540004,543461,6,3457,2,7200,1.00173560891
540123,540129,540418,6,289,1,1800,1.02076124567
540269,540275,543943,6,3668,2,7200,1.00163576881
540482,540488,544011,6,3523,2,7200,1.00170309395
541397,541403,545076,6,3673,2,7200,1.00163354206
541719,541725,545033,6,3308,2,7200,1.00181378476
542023,542029,545450,6,3421,2,7200,1.00175387314
542147,542153,545524,6,3371,2,7200,1.00177988727
542154,542160,545554,6,3394,2,7200,1.00176782557
542252,542258,545619,6,3361,2,7200,1.00178518298
542282,542288,545696,6,3408,2,7200,1.00176056338
542305,542311,545709,6,3398,2,7200,1.00176574456
542309,542317,545892,8,3575,2,7200,1.00223776224
542338,542345,545882,7,3537,2,7200,1.00197907831
542398,542404,546022,6,3618,2,7200,1.00165837479
542419,542425,546173,6,3748,2,7200,1.00160085379
542434,542440,545936,6,3496,2,7200,1.00171624714
542449,542455,545979,6,3524,2,7200,1.00170261067
542473,542479,546032,6,3553,2,7200,1.00168871376
542488,542494,545984,6,3490,2,7200,1.00171919771
542489,542500,545704,11,3204,2,7200,1.00343320849
542491,542506,545950,15,3444,2,7200,1.0043554007
542492,542511,542561,19,50,1,1800,1.38
542567,542573,546126,6,3553,2,7200,1.00168871376
542606,542612,546243,6,3631,2,7200,1.00165243735
542618,542624,545947,6,3323,2,7200,1.00180559735
542636,542642,546050,6,3408,2,7200,1.00176056338
542687,542693,546251,6,3558,2,7200,1.00168634064
542704,542711,546032,7,3321,2,7200,1.00210779886
542765,542771,546369,6,3598,2,7200,1.00166759311
542852,542858,546332,6,3474,2,7200,1.00172711572
542866,542872,546305,6,3433,2,7200,1.0017477425
542882,542889,546308,7,3419,2,7200,1.00204738228
542887,542895,546524,8,3629,2,7200,1.00220446404
542902,542908,546470,6,3562,2,7200,1.00168444694
542909,542915,542994,6,79,1,1800,1.07594936709
542938,542944,546476,6,3532,2,7200,1.00169875425
542961,542967,546422,6,3455,2,7200,1.0017366136
542979,542985,546616,6,3631,2,7200,1.00165243735
542994,543000,546289,6,3289,2,7200,1.00182426269
543048,543054,546539,6,3485,2,7200,1.00172166428
543174,543180,546765,6,3585,2,7200,1.00167364017
543374,543380,546901,6,3521,2,7200,1.00170406135
543461,543467,546800,6,3333,2,7200,1.00180018002
543942,543949,547323,7,3374,2,7200,1.0020746888
544011,544017,547712,6,3695,2,7200,1.00162381597
544038,544044,544333,6,289,1,1800,1.02076124567
545036,545042,548361,6,3319,2,7200,1.00180777343
545078,545084,548744,6,3660,2,7200,1.00163934426
545452,545458,548996,6,3538,2,7200,1.00169587337
545527,545533,548970,6,3437,2,7200,1.00174570847
545557,545563,548995,6,3432,2,7200,1.00174825175
545620,545626,549229,6,3603,2,7200,1.00166527893
545671,545904,546249,233,345,64,1200,1.67536231884
545698,545949,549505,251,3556,2,7200,1.07058492688
545707,545713,549169,6,3456,2,7200,1.00173611111
545713,545963,549220,250,3257,2,7200,1.07675775253
545884,545969,549587,85,3618,2,7200,1.0234936429
545899,545991,549655,92,3664,2,7200,1.02510917031
545936,545943,549301,7,3358,2,7200,1.00208457415
545950,545957,549348,7,3391,2,7200,1.00206428782
545953,545998,549617,45,3619,2,7200,1.01243437414
545980,546034,549714,54,3680,2,7200,1.01467391304
545994,546044,549711,50,3667,2,7200,1.01363512408
546024,546049,549242,25,3193,2,7200,1.00782962731
546039,546062,549353,23,3291,2,7200,1.00698875722
546040,546137,549738,97,3601,2,7200,1.02693696196
546055,546186,549426,131,3240,2,7200,1.04043209877
546127,546255,549710,128,3455,2,7200,1.03704775687
546173,546179,549556,6,3377,2,7200,1.0017767249
546244,546262,549565,18,3303,2,7200,1.00544959128
546259,546268,549810,9,3542,2,7200,1.00254093732
546289,546295,549914,6,3619,2,7200,1.00165791655
546306,546313,549768,7,3455,2,7200,1.0020260492
546308,546319,549780,11,3461,2,7200,1.00317827218
546333,546339,549952,6,3613,2,7200,1.0016606698
546369,546375,550059,6,3684,2,7200,1.0016286645
546423,546429,549989,6,3560,2,7200,1.00168539326
546471,546477,549707,6,3230,2,7200,1.00185758514
546486,546492,550229,6,3737,2,7200,1.00160556596
546525,546531,550142,6,3611,2,7200,1.00166158959
546539,546546,550102,7,3556,2,7200,1.00196850394
546618,546624,549606,6,2982,2,7200,1.00201207243
546765,546771,550264,6,3493,2,7200,1.00171772116
546800,546806,550275,6,3469,2,7200,1.00172960507
546902,546908,550428,6,3520,2,7200,1.00170454545
547323,547330,550812,7,3482,2,7200,1.00201033889
547712,547719,551175,7,3456,2,7200,1.00202546296
547990,547996,548361,6,365,32,1200,1.01643835616
548122,548128,548178,6,50,5,72000,1.12
548135,548141,548178,6,37,5,540000,1.16216216216
548193,548199,1124229,6,576030,25,576000,1.00001041612
548363,548369,552030,6,3661,2,7200,1.00163889648
548397,548403,548741,6,338,32,1200,1.01775147929
548646,548758,579286,112,30528,16,216000,1.0036687631
548746,548752,552291,6,3539,2,7200,1.00169539418
548971,548977,552627,6,3650,2,7200,1.00164383562
548997,549003,552613,6,3610,2,7200,1.00166204986
548998,549009,552422,11,3413,2,7200,1.00322297099
549168,549174,552597,6,3423,2,7200,1.00175284838
549221,549227,552666,6,3439,2,7200,1.00174469322
549235,549241,552468,6,3227,2,7200,1.00185931205
549250,549256,552957,6,3701,2,7200,1.00162118346
549300,549306,552567,6,3261,2,7200,1.0018399264
549348,549354,552961,6,3607,2,7200,1.00166343222
549355,549362,552828,7,3466,2,7200,1.00201961916
549427,549434,552862,7,3428,2,7200,1.002042007
549506,549512,553121,6,3609,2,7200,1.00166251039
549556,549562,553122,6,3560,2,7200,1.00168539326
549566,549572,553008,6,3436,2,7200,1.00174621653
549590,549596,552977,6,3381,2,7200,1.00177462289
549607,549613,553069,6,3456,2,7200,1.00173611111
549622,549628,553214,6,3586,2,7200,1.00167317345
549655,549661,553192,6,3531,2,7200,1.00169923534
549709,549715,553428,6,3713,2,7200,1.00161594398
549724,549730,553021,6,3291,2,14400,1.00182315406
549725,549736,553192,11,3456,2,7200,1.00318287037
549727,549741,553527,14,3786,2,7200,1.00369783413
549728,549747,553136,19,3389,2,7200,1.00560637356
549743,549753,553283,10,3530,2,7200,1.00283286119
549770,549776,553317,6,3541,2,7200,1.0016944366
549783,549790,553261,7,3471,2,7200,1.00201670988
549812,549818,553236,6,3418,2,7200,1.00175541252
549914,549920,553583,6,3663,2,7200,1.00163800164
549953,549959,553271,6,3312,2,7200,1.0018115942
549992,549998,553464,6,3466,2,7200,1.00173110214
550061,550067,553657,6,3590,2,7200,1.00167130919
550103,550109,553521,6,3412,2,7200,1.00175849941
550145,550151,553693,6,3542,2,7200,1.00169395822
550232,550238,553985,6,3747,2,7200,1.00160128102
550265,550271,553440,6,3169,2,7200,1.00189334175
550277,550283,553798,6,3515,2,7200,1.00170697013
550428,550434,553736,6,3302,2,7200,1.00181708056
550811,550817,554172,6,3355,2,7200,1.00178837556
551176,551182,554813,6,3631,2,7200,1.00165243735
551656,551662,553968,6,2306,2,10800,1.00260190807
552033,552039,555527,6,3488,2,7200,1.00172018349
552292,552298,555692,6,3394,2,7200,1.00176782557
552424,552430,556037,6,3607,2,7200,1.00166343222
552469,552475,556092,6,3617,2,7200,1.00165883329
552568,552574,555955,6,3381,2,7200,1.00177462289
552595,552601,556107,6,3506,2,7200,1.00171135197
552612,552619,556320,7,3701,2,7200,1.00189138071
552628,552635,556194,7,3559,2,7200,1.00196684462
552667,552673,556341,6,3668,2,7200,1.00163576881
552830,552836,556373,6,3537,2,7200,1.00169635284
552862,552869,556348,7,3479,2,7200,1.00201207243
552959,552965,556622,6,3657,2,7200,1.00164068909
552959,552970,556263,11,3293,2,7200,1.00334041907
552980,552986,556217,6,3231,2,7200,1.00185701021
553009,553015,556236,6,3221,2,7200,1.00186277554
553069,553075,556770,6,3695,2,7200,1.00162381597
553121,553127,556584,6,3457,2,7200,1.00173560891
553123,553133,556718,10,3585,2,7200,1.00278940028
553138,553144,556615,6,3471,2,7200,1.00172860847
553195,553201,556746,6,3545,2,7200,1.00169252468
553196,553207,557020,11,3813,2,7200,1.00288486756
553217,553223,556887,6,3664,2,7200,1.00163755459
553238,553244,557046,6,3802,2,7200,1.00157811678
553260,553266,556568,6,3302,2,7200,1.00181708056
553271,553277,556845,6,3568,2,7200,1.00168161435
553285,553292,556936,7,3644,2,7200,1.00192096597
553318,553324,556729,6,3405,2,7200,1.00176211454
553429,553436,556642,7,3206,2,7200,1.00218340611
553444,553450,557069,6,3619,2,7200,1.00165791655
553465,553471,557057,6,3586,2,7200,1.00167317345
553522,553528,556888,6,3360,2,7200,1.00178571429
553537,553543,557045,6,3502,2,7200,1.00171330668
553585,553591,557170,6,3579,2,7200,1.00167644593
553659,553666,557073,7,3407,2,7200,1.00205459348
553695,553701,556953,6,3252,2,7200,1.00184501845
553736,553742,557374,6,3632,2,7200,1.00165198238
553796,553802,557156,6,3354,2,7200,1.00178890877
553987,553993,557269,6,3276,2,7200,1.00183150183
554172,554178,557693,6,3515,2,7200,1.00170697013
554814,554820,558162,6,3342,2,7200,1.00179533214
555528,555534,558967,6,3433,2,7200,1.0017477425
555693,555700,558958,7,3258,2,7200,1.0021485574
555724,555730,592799,6,37069,1,86400,1.00016186031
555764,555770,557106,6,1336,1,86400,1.00449101796
555953,555959,559224,6,3265,2,7200,1.00183767228
556039,556045,559190,6,3145,2,7200,1.00190779014
556093,556099,559453,6,3354,2,7200,1.00178890877
556110,556116,559185,6,3069,2,7200,1.00195503421
556195,556202,559515,7,3313,2,7200,1.00211288862
556219,556225,559896,6,3671,2,7200,1.00163443203
556237,556243,560021,6,3778,2,7200,1.00158814187
556260,556266,559557,6,3291,2,7200,1.00182315406
556320,556326,559665,6,3339,2,7200,1.00179694519
556343,556349,560116,6,3767,2,7200,1.0015927794
556357,556364,559864,7,3500,2,7200,1.002
556375,556381,559808,6,3427,2,7200,1.00175080245
556567,556573,559867,6,3294,2,7200,1.00182149362
556585,556591,560214,6,3623,2,7200,1.00165608612
556617,556623,560184,6,3561,2,7200,1.00168491997
556631,556637,560277,6,3640,2,7200,1.00164835165
556646,556652,560190,6,3538,2,7200,1.00169587337
556721,556727,560254,6,3527,2,7200,1.00170116246
556736,556742,560401,6,3659,2,7200,1.00163979229
556751,556757,560169,6,3412,2,7200,1.00175849941
556771,556777,560419,6,3642,2,7200,1.00164744646
556846,556853,560289,7,3436,2,7200,1.00203725262
556888,556895,560416,7,3521,2,7200,1.00198807157
556890,556901,560404,11,3503,2,7200,1.00314016557
556938,556944,560636,6,3692,2,7200,1.00162513543
556955,556961,560290,6,3329,2,7200,1.00180234305
557021,557027,560280,6,3253,2,7200,1.00184445128
557045,557051,560223,6,3172,2,7200,1.00189155107
557047,557057,560615,10,3558,2,7200,1.00281056773
557061,557068,560744,7,3676,2,7200,1.00190424374
557076,557082,560925,6,3843,2,7200,1.00156128025
557078,557088,560631,10,3543,2,7200,1.00282246684
557157,557163,560508,6,3345,2,7200,1.00179372197
557171,557177,560479,6,3302,2,7200,1.00181708056
557270,557276,560745,6,3469,2,7200,1.00172960507
557374,557380,560812,6,3432,2,7200,1.00174825175
557693,557699,561367,6,3668,2,7200,1.00163576881
558162,558169,561633,7,3464,2,7200,1.00202078522
558961,558967,562530,6,3563,2,7200,1.00168397418
558975,558981,562624,6,3643,2,7200,1.00164699424
559016,560234,560415,1218,181,64,1200,7.72928176796
559182,559188,562519,6,3331,2,7200,1.00180126088
559192,560266,563937,1074,3671,2,7200,1.29256333424
559227,559234,562711,7,3477,2,7200,1.0020132298
559320,559326,559551,6,225,8,600,1.02666666667
559453,560288,563844,835,3556,2,7200,1.2348143982
559516,560295,563892,779,3597,2,7200,1.21656936336
559555,559561,563057,6,3496,2,7200,1.00171624714
559569,560502,568334,933,7832,8,86400,1.11912665986
559664,559671,563157,7,3486,2,7200,1.00200803213
559808,560302,563699,494,3397,2,7200,1.14542243156
559865,560308,563678,443,3370,2,7200,1.13145400593
559865,559872,562873,7,3001,2,7200,1.00233255581
559898,560412,563957,514,3545,2,7200,1.14499294781
560021,560419,563713,398,3294,2,7200,1.12082574378
560117,560428,564053,311,3625,2,7200,1.08579310345
560171,560434,563906,263,3472,2,7200,1.07574884793
560186,560439,563999,253,3560,2,7200,1.07106741573
560200,560444,563775,244,3331,2,7200,1.07325127589
560215,560222,563259,7,3037,2,7200,1.00230490616
560224,560449,564126,225,3677,2,7200,1.06119118847
560254,560455,563983,201,3528,2,7200,1.05697278912
560254,560507,920534,253,360027,2,360000,1.00070272507
560278,560460,563906,182,3446,2,7200,1.05281485781
560293,560465,564081,172,3616,2,7200,1.04756637168
560294,560470,563703,176,3233,2,7200,1.05443860192
560295,560476,563924,181,3448,2,7200,1.05249419954
560404,560481,563717,77,3236,2,7200,1.02379480841
560405,560486,563644,81,3158,2,7200,1.02564914503
560420,560491,564039,71,3548,2,7200,1.02001127396
560421,560497,563809,76,3312,2,7200,1.0229468599
560481,560513,564111,32,3598,2,7200,1.00889382991
560506,560519,563742,13,3223,2,7200,1.00403350915
560617,560623,564149,6,3526,2,7200,1.00170164492
560632,560638,564178,6,3540,2,7200,1.00169491525
560646,560652,564338,6,3686,2,7200,1.00162778079
560746,560752,564297,6,3545,2,7200,1.00169252468
560747,560758,564123,11,3365,2,7200,1.00326894502
560804,560810,560812,6,2,2,3600,1.0
560814,560820,564249,6,3429,2,7200,1.00174978128
560925,560931,564250,6,3319,2,7200,1.00180777343
561146,561152,561154,6,2,2,3600,1.0
561191,561197,561725,6,528,16,1200,1.01136363636
561209,561215,561217,6,2,2,3600,1.0
561368,561375,564758,7,3383,2,7200,1.00206916938
561409,561415,561522,6,107,2,3600,1.05607476636
561634,561640,564946,6,3306,2,7200,1.00181488203
562520,562526,565905,6,3379,2,7200,1.00177567328
562532,562540,566033,8,3493,2,7200,1.00229029488
562625,562631,565940,6,3309,2,7200,1.00181323663
562710,562716,566036,6,3320,2,7200,1.00180722892
562877,562883,566529,6,3646,2,7200,1.00164563906
563060,563066,566563,6,3497,2,7200,1.00171575636
563157,563163,566778,6,3615,2,7200,1.00165975104
563260,563266,566858,6,3592,2,7200,1.00167037862
563648,563654,567026,6,3372,2,7200,1.00177935943
563680,563687,567072,7,3385,2,7200,1.00206794682
563701,563707,567021,6,3314,2,7200,1.00181050091
563716,563722,567404,6,3682,2,7200,1.00162954916
563718,563728,567085,10,3357,2,7200,1.00297885016
563732,563738,566956,6,3218,2,7200,1.00186451212
563742,563749,567330,7,3581,2,7200,1.00195476124
563777,563783,567268,6,3485,2,7200,1.00172166428
563810,563816,567339,6,3523,2,7200,1.00170309395
563846,563852,567529,6,3677,2,7200,1.00163176503
563894,563900,567206,6,3306,2,7200,1.00181488203
563909,563915,567360,6,3445,2,7200,1.00174165457
563910,563921,567382,11,3461,2,7200,1.00317827218
563925,563931,567330,6,3399,2,7200,1.00176522507
563939,563946,567228,7,3282,2,7200,1.00213284583
563960,563966,567637,6,3671,2,7200,1.00163443203
563984,563990,567509,6,3519,2,7200,1.00170502984
563999,564005,567574,6,3569,2,7200,1.00168114318
564041,564047,567357,6,3310,2,7200,1.00181268882
564056,564062,567770,6,3708,2,7200,1.00161812298
564082,564089,567756,7,3667,2,7200,1.00190891737
564112,564118,567732,6,3614,2,7200,1.00166021029
564127,564133,567688,6,3555,2,7200,1.00168776371
564129,564139,567531,10,3392,2,7200,1.00294811321
564149,564155,567532,6,3377,2,7200,1.0017767249
564179,564185,567626,6,3441,2,7200,1.00174367916
564251,564257,567610,6,3353,2,7200,1.00178944229
564251,564262,567628,11,3366,2,7200,1.00326797386
564299,564305,567916,6,3611,2,7200,1.00166158959
564341,564347,567715,6,3368,2,7200,1.00178147268
564757,564763,568363,6,3600,2,7200,1.00166666667
564946,564952,568257,6,3305,2,7200,1.00181543116
565908,565914,569478,6,3564,2,7200,1.00168350168
565941,565947,569405,6,3458,2,7200,1.001735107
566034,566045,569392,11,3347,2,7200,1.00328652525
566034,566040,569604,6,3564,2,7200,1.00168350168
566531,566537,569872,6,3335,2,7200,1.00179910045
566561,566567,569933,6,3366,2,7200,1.00178253119
566774,566780,570432,6,3652,2,7200,1.00164293538
566858,566864,570118,6,3254,2,7200,1.00184388445
566956,566963,570636,7,3673,2,7200,1.00190579907
567022,567029,570467,7,3438,2,7200,1.00203606748
567037,567043,570516,6,3473,2,7200,1.00172761301
567073,567079,570647,6,3568,2,7200,1.00168161435
567087,567094,570774,7,3680,2,7200,1.00190217391
567208,567214,570582,6,3368,2,7200,1.00178147268
567231,567238,570911,7,3673,2,7200,1.00190579907
567270,567276,571080,6,3804,2,7200,1.00157728707
567328,567334,570904,6,3570,2,7200,1.00168067227
567333,567340,570963,7,3623,2,7200,1.00193210047
567348,567354,570926,6,3572,2,7200,1.00167973124
567363,567369,570879,6,3510,2,7200,1.00170940171
567364,567375,570823,11,3448,2,7200,1.00319025522
567385,567391,570921,6,3530,2,7200,1.00169971671
567405,567412,570857,7,3445,2,7200,1.00203193033
567511,567517,570925,6,3408,2,7200,1.00176056338
567532,567538,571059,6,3521,2,7200,1.00170406135
567533,567544,570943,11,3399,2,7200,1.00323624595
567535,567550,570834,15,3284,2,7200,1.00456760049
567577,567583,570968,6,3385,2,7200,1.00177252585
567612,567619,571308,7,3689,2,7200,1.00189753321
567626,567632,571272,6,3640,2,7200,1.00164835165
567627,567638,571154,11,3516,2,7200,1.00312855518
567642,567648,571589,6,3941,2,7200,1.00152245623
567690,567696,571292,6,3596,2,7200,1.00166852058
567717,567723,570980,6,3257,2,7200,1.00184218606
567734,567741,571242,7,3501,2,7200,1.00199942873
567758,567764,571218,6,3454,2,7200,1.00173711639
567773,567779,571293,6,3514,2,7200,1.00170745589
567918,567924,571421,6,3497,2,7200,1.00171575636
568258,568264,571776,6,3512,2,7200,1.00170842825
568360,568366,572098,6,3732,2,7200,1.00160771704
568493,568499,579221,6,10722,16,14400,1.00055959709
568617,572702,594924,4085,22222,12,43200,1.18382683827
569393,569399,572589,6,3190,2,7200,1.00188087774
569398,569490,573169,92,3679,16,14400,1.02500679532
569407,569615,572624,208,3009,2,7200,1.06912595547
569477,569483,572923,6,3440,2,7200,1.00174418605
569606,569884,573237,278,3353,2,7200,1.08291082613
569872,569878,573280,6,3402,2,7200,1.00176366843
569932,569938,573329,6,3391,2,7200,1.00176938956
570118,570125,573790,7,3665,2,7200,1.00190995907
570431,570438,573921,7,3483,2,7200,1.0020097617
570468,570474,573822,6,3348,2,7200,1.0017921147
570519,570525,574194,6,3669,2,7200,1.00163532298
570579,570585,573998,6,3413,2,7200,1.00175798418
570633,570639,574112,6,3473,2,7200,1.00172761301
570648,570654,574149,6,3495,2,7200,1.0017167382
570777,570783,574234,6,3451,2,7200,1.00173862649
570825,570831,574153,6,3322,2,7200,1.00180614088
570840,570845,574648,5,3803,2,7200,1.00131475151
570857,570864,574663,7,3799,2,7200,1.00184259016
570881,570887,574270,6,3383,2,7200,1.00177357375
570905,570911,574289,6,3378,2,7200,1.00177619893
570911,570917,574423,6,3506,2,7200,1.00171135197
570926,570932,574383,6,3451,2,7200,1.00173862649
570927,570938,574504,11,3566,2,7200,1.00308468873
570942,570948,574500,6,3552,2,7200,1.00168918919
570957,570963,574405,6,3442,2,7200,1.00174317257
570971,570978,574503,7,3525,2,7200,1.0019858156
570973,570984,574032,11,3048,2,7200,1.00360892388
570988,570994,574134,6,3140,2,7200,1.00191082803
571060,571066,574596,6,3530,2,7200,1.00169971671
571081,571087,574432,6,3345,2,7200,1.00179372197
571123,571285,572686,162,1401,16,7200,1.11563169165
571155,571303,574756,148,3453,2,7200,1.04286128005
571219,571310,574897,91,3587,2,7200,1.02536938946
571242,571319,574819,77,3500,2,7200,1.022
571272,571279,574964,7,3685,2,7200,1.00189959294
571290,571432,574843,142,3411,2,7200,1.04163002052
571305,571601,575061,296,3460,2,7200,1.08554913295
571320,571788,575105,468,3317,2,7200,1.1410913476
571422,572110,575735,688,3625,2,7200,1.18979310345
571590,572636,576376,1046,3740,2,7200,1.27967914439
571775,571782,575155,7,3373,2,7200,1.00207530388
572097,572104,575467,7,3363,2,7200,1.00208147487
572591,572597,575922,6,3325,2,7200,1.00180451128
572627,572697,576319,70,3622,2,7200,1.01932633904
572925,572931,576518,6,3587,2,7200,1.001672707
573238,573244,576653,6,3409,2,7200,1.00176004693
573280,573286,576725,6,3439,2,7200,1.00174469322
573328,573334,576647,6,3313,2,7200,1.00181104739
573789,573796,577216,7,3420,2,7200,1.00204678363
573825,573831,577559,6,3728,2,7200,1.00160944206
573919,573925,577450,6,3525,2,7200,1.00170212766
573999,574005,577489,6,3484,2,7200,1.00172215844
574035,574041,577399,6,3358,2,7200,1.00178677784
574113,574119,577545,6,3426,2,7200,1.00175131349
574137,574143,577410,6,3267,2,7200,1.00183654729
574151,574158,577423,7,3265,2,7200,1.002143951
574166,574172,577700,6,3528,2,7200,1.00170068027
574196,574202,577651,6,3449,2,7200,1.00173963468
574235,574241,577652,6,3411,2,7200,1.00175901495
574271,574277,577844,6,3567,2,7200,1.00168208579
574289,574296,577906,7,3610,2,7200,1.00193905817
574385,574391,578111,6,3720,2,7200,1.00161290323
574406,574412,578069,6,3657,2,7200,1.00164068909
574424,574430,577952,6,3522,2,7200,1.00170357751
574438,574444,578293,6,3849,2,7200,1.00155884645
574501,574507,578006,6,3499,2,7200,1.00171477565
574516,574522,578002,6,3480,2,7200,1.00172413793
574517,576175,579627,1658,3452,2,7200,1.48030127462
574518,574768,576158,250,1390,16,7200,1.17985611511
574599,576180,579729,1581,3549,2,7200,1.44547759932
574647,576185,580073,1538,3888,2,7200,1.39557613169
574664,576190,579644,1526,3454,2,7200,1.44180660104
574676,576169,579940,1493,3771,16,14400,1.3959162026
574758,576196,579819,1438,3623,2,7200,1.39690863925
574821,576201,579589,1380,3388,2,7200,1.40731995277
574845,576330,579665,1485,3335,2,7200,1.44527736132
574899,576388,579867,1489,3479,2,7200,1.42799655073
574964,574970,578166,6,3196,2,7200,1.00187734668
575061,576531,580073,1470,3542,2,7200,1.41501976285
575106,576661,580284,1555,3623,2,7200,1.42920231852
575153,575159,578650,6,3491,2,7200,1.00171870524
575466,575472,578823,6,3351,2,7200,1.0017905103
575736,576667,580313,931,3646,2,7200,1.25534832693
575924,575929,579521,5,3592,2,7200,1.00139198218
576320,576738,580033,418,3295,2,7200,1.12685887709
576377,577229,580832,852,3603,2,7200,1.23646960866
576518,576525,579877,7,3352,2,7200,1.00208830549
576648,576655,580031,7,3376,2,7200,1.00207345972
576654,577411,580854,757,3443,2,7200,1.21986639559
576726,576732,580118,6,3386,2,7200,1.00177200236
577217,577223,580716,6,3493,2,7200,1.00171772116
577400,577421,580967,21,3546,2,7200,1.00592216582
577415,577435,580938,20,3503,2,7200,1.00570939195
577429,577464,581063,35,3599,2,7200,1.00972492359
577452,577458,580905,6,3447,2,7200,1.00174064404
577489,577500,580573,11,3073,2,7200,1.00357956394
577546,577557,581050,11,3493,2,7200,1.00314915545
577561,577570,581102,9,3532,2,7200,1.00254813137
577651,577662,581315,11,3653,2,7200,1.00301122365
577653,577669,581172,16,3503,2,7200,1.00456751356
577701,577711,581095,10,3384,2,7200,1.00295508274
577845,577856,581167,11,3311,2,7200,1.00332225914
577907,577913,581079,6,3166,2,7200,1.00189513582
577953,577960,581162,7,3202,2,7200,1.00218613367
578004,578011,581342,7,3331,2,7200,1.00210147103
578019,578025,581653,6,3628,2,7200,1.00165380375
578070,578076,581646,6,3570,2,7200,1.00168067227
578112,578118,581379,6,3261,2,7200,1.0018399264
578166,578172,581549,6,3377,2,7200,1.0017767249
578292,578299,582006,7,3707,2,7200,1.0018883194
578370,579233,589973,863,10740,16,14400,1.0803538175
578649,578655,582347,6,3692,2,7200,1.00162513543
578823,578829,582591,6,3762,2,7200,1.00159489633
579521,579527,582897,6,3370,2,7200,1.00178041543
579590,579600,583100,10,3500,2,7200,1.00285714286
579629,579639,583198,10,3559,2,7200,1.00280977803
579643,579655,583281,12,3626,2,7200,1.00330943188
579667,579676,583138,9,3462,2,7200,1.00259965338
579730,579740,583392,10,3652,2,7200,1.00273822563
579821,579830,583321,9,3491,2,7200,1.00257805786
579869,579878,583292,9,3414,2,7200,1.00263620387
579877,579884,583264,7,3380,2,7200,1.00207100592
580033,580039,583430,6,3391,2,7200,1.00176938956
580035,580045,583579,10,3534,2,7200,1.00282965478
580074,580080,583806,6,3726,2,7200,1.00161030596
580075,580086,583365,11,3279,2,7200,1.00335468131
580118,580124,583512,6,3388,2,7200,1.00177095632
580202,580208,582500,6,2292,16,72000,1.00261780105
580286,580292,583896,6,3604,2,7200,1.00166481687
580313,580319,583774,6,3455,2,7200,1.0017366136
580575,580581,584125,6,3544,2,7200,1.00169300226
580715,580721,584008,6,3287,2,7200,1.00182537268
580833,580839,584445,6,3606,2,7200,1.00166389351
580857,580863,584492,6,3629,2,7200,1.00165334803
580901,580908,584227,7,3319,2,7200,1.002109069
580938,580944,584500,6,3556,2,7200,1.00168728909
580968,580974,584446,6,3472,2,7200,1.0017281106
581052,581058,584488,6,3430,2,7200,1.00174927114
581067,581073,584565,6,3492,2,7200,1.00171821306
581079,581085,584372,6,3287,2,7200,1.00182537268
581097,581103,584534,6,3431,2,7200,1.00174876129
581111,581117,584685,6,3568,2,7200,1.00168161435
581162,581168,584585,6,3417,2,7200,1.00175592625
581177,581183,584731,6,3548,2,7200,1.00169109357
581178,581189,584555,11,3366,2,7200,1.00326797386
581317,581323,584614,6,3291,2,7200,1.00182315406
581345,581351,584657,6,3306,2,7200,1.00181488203
581381,581387,584795,6,3408,2,7200,1.00176056338
581472,583112,587203,1640,4091,16,14400,1.40087998044
581549,581555,585201,6,3646,2,7200,1.00164563906
581649,583417,586644,1768,3227,2,7200,1.5478772854
581663,583423,587018,1760,3595,2,7200,1.48956884562
582007,583428,587105,1421,3677,2,7200,1.38645635029
582347,582353,585500,6,3147,2,7200,1.00190657769
582590,582597,585958,7,3361,2,7200,1.00208271348
582901,582907,586234,6,3327,2,7200,1.00180342651
582905,583412,633791,507,50379,16,144000,1.01006371702
583102,583433,587189,331,3756,2,7200,1.0881256656
583141,583439,587026,298,3587,2,7200,1.08307778088
583198,583444,586986,246,3542,2,7200,1.06945228684
583265,583271,586744,6,3473,2,7200,1.00172761301
583282,583449,587221,167,3772,2,7200,1.04427359491
583297,583456,586871,159,3415,2,7200,1.04655929722
583323,583524,586912,201,3388,2,7200,1.0593270366
583365,583591,587238,226,3647,2,7200,1.06196874143
583392,583785,587333,393,3548,2,7200,1.11076662909
583428,583462,586802,34,3340,2,7200,1.01017964072
583512,583518,586852,6,3334,2,7200,1.00179964007
583582,583818,587540,236,3722,2,7200,1.06340677055
583774,583908,587390,134,3482,2,7200,1.0384836301
583807,584022,587553,215,3531,2,7200,1.0608892665
583897,584137,587552,240,3415,2,7200,1.07027818448
584010,584016,587336,6,3320,2,7200,1.00180722892
584127,584238,587909,111,3671,2,7200,1.03023699265
584224,584230,587714,6,3484,2,7200,1.00172215844
584371,584377,587873,6,3496,2,7200,1.00171624714
584446,584452,587935,6,3483,2,7200,1.00172265289
584461,584467,588118,6,3651,2,7200,1.00164338537
584488,584494,588126,6,3632,2,7200,1.00165198238
584502,584509,587869,7,3360,2,7200,1.00208333333
584504,584515,587889,11,3374,2,7200,1.00326022525
584537,584543,588003,6,3460,2,7200,1.00173410405
584557,584563,588193,6,3630,2,7200,1.00165289256
584572,584578,588129,6,3551,2,7200,1.00168966488
584587,584593,588364,6,3771,2,7200,1.0015910899
584617,584623,587891,6,3268,2,7200,1.00183598531
584659,584665,588335,6,3670,2,7200,1.00163487738
584683,584689,588126,6,3437,2,7200,1.00174570847
584734,584740,588254,6,3514,2,7200,1.00170745589
584797,584803,588237,6,3434,2,7200,1.00174723355
585203,585210,588375,7,3165,2,7200,1.00221169036
585499,585505,588928,6,3423,2,7200,1.00175284838
585959,585965,589349,6,3384,2,7200,1.00177304965
586236,586242,589599,6,3357,2,7200,1.0017873101
586644,586655,590435,11,3780,2,7200,1.00291005291
586745,586752,590317,7,3565,2,7200,1.00196353436
586803,586809,590122,6,3313,2,7200,1.00181104739
586854,586860,590313,6,3453,2,7200,1.00173761946
586873,586882,590178,9,3296,2,7200,1.00273058252
586914,586923,590304,9,3381,2,7200,1.00266193434
586986,586997,590494,11,3497,2,7200,1.00314555333
587019,587029,590624,10,3595,2,7200,1.00278164117
587034,587040,590545,6,3505,2,7200,1.00171184023
587106,587116,590588,10,3472,2,7200,1.00288018433
587190,587200,590806,10,3606,2,7200,1.00277315585
587223,587229,590740,6,3511,2,7200,1.00170891484
587238,587244,590857,6,3613,2,7200,1.0016606698
587334,587340,590938,6,3598,2,7200,1.00166759311
587336,587346,590771,10,3425,2,7200,1.00291970803
587391,587397,590752,6,3355,2,7200,1.00178837556
587541,587548,591035,7,3487,2,7200,1.00200745627
587556,587562,591247,6,3685,2,7200,1.00162822252
587558,587568,591146,10,3578,2,7200,1.00279485746
587715,587721,591083,6,3362,2,7200,1.00178465199
587871,587877,591164,6,3287,2,7200,1.00182537268
587875,587883,591509,8,3626,2,7200,1.00220628792
587892,587899,591363,7,3464,2,7200,1.00202078522
587894,587905,591290,11,3385,2,7200,1.00324963072
587912,587918,591472,6,3554,2,7200,1.0016882386
587935,587942,591512,7,3570,2,7200,1.00196078431
588005,588011,591601,6,3590,2,7200,1.00167130919
588119,588125,591535,6,3410,2,7200,1.00175953079
588134,588140,591291,6,3151,2,7200,1.00190415741
588135,588146,591751,11,3605,2,7200,1.00305131761
588137,588152,591616,15,3464,2,7200,1.00433025404
588194,588200,591899,6,3699,2,7200,1.00162206002
588239,588245,591549,6,3304,2,7200,1.00181598063
588257,588263,591784,6,3521,2,7200,1.00170406135
588338,588344,591821,6,3477,2,7200,1.00172562554
588365,588371,591888,6,3517,2,7200,1.00170599943
588376,588382,591813,6,3431,2,7200,1.00174876129
588931,588937,592567,6,3630,2,7200,1.00165289256
589349,589355,592829,6,3474,2,7200,1.00172711572
589600,589606,593155,6,3549,2,7200,1.00169061708
590121,590127,593547,6,3420,2,7200,1.00175438596
590179,590185,593438,6,3253,2,7200,1.00184445128
590305,590311,593692,6,3381,2,7200,1.00177462289
590314,590320,593828,6,3508,2,7200,1.00171037628
590329,590335,593658,6,3323,2,7200,1.00180559735
590438,590444,594369,6,3925,2,7200,1.00152866242
590495,590501,593957,6,3456,2,7200,1.00173611111
590546,590552,594157,6,3605,2,7200,1.00166435506
590588,590594,594099,6,3505,2,7200,1.00171184023
590626,590633,594207,7,3574,2,7200,1.00195858982
590741,590747,594038,6,3291,2,7200,1.00182315406
590755,590762,594135,7,3373,2,7200,1.00207530388
590771,590777,594279,6,3502,2,7200,1.00171330668
590806,590813,594555,7,3742,2,7200,1.0018706574
590857,590863,594278,6,3415,2,7200,1.00175695461
590938,590944,594548,6,3604,2,7200,1.00166481687
591037,591044,594588,7,3544,2,7200,1.0019751693
591084,591091,594431,7,3340,2,7200,1.00209580838
591146,591152,594741,6,3589,2,7200,1.00167177487
591167,591173,594573,6,3400,2,7200,1.00176470588
591248,591254,594623,6,3369,2,7200,1.0017809439
591290,591296,594664,6,3368,2,7200,1.00178147268
591305,591311,594906,6,3595,2,7200,1.0016689847
591365,591371,594988,6,3617,2,7200,1.00165883329
591473,591479,595176,6,3697,2,7200,1.00162293752
591506,591512,595258,6,3746,2,7200,1.00160170849
591515,591521,595008,6,3487,2,7200,1.0017206768
591536,591542,594987,6,3445,2,7200,1.00174165457
591551,591557,595105,6,3548,2,7200,1.00169109357
591602,591608,595247,6,3639,2,7200,1.00164880462
591616,591623,595034,7,3411,2,7200,1.00205218411
591752,591758,595331,6,3573,2,7200,1.00167926113
591785,591791,595385,6,3594,2,7200,1.00166944908
591811,591817,595319,6,3502,2,7200,1.00171330668
591821,591827,595295,6,3468,2,7200,1.00173010381
591890,591896,595074,6,3178,2,7200,1.00188797986
591905,591910,595618,5,3708,2,7200,1.00134843581
592568,592574,596221,6,3647,2,7200,1.00164518783
592830,592836,596203,6,3367,2,7200,1.00178200178
593157,593163,596709,6,3546,2,7200,1.00169204738
593438,593444,596708,6,3264,2,7200,1.00183823529
593545,593551,596777,6,3226,2,7200,1.00185988841
593660,593666,597030,6,3364,2,7200,1.00178359096
593694,593701,597049,7,3348,2,7200,1.00209080048
593828,593834,597360,6,3526,2,7200,1.00170164492
593959,593965,597571,6,3606,2,7200,1.00166389351
594040,594046,597677,6,3631,2,7200,1.00165243735
594100,594106,597383,6,3277,2,7200,1.00183094294
594136,594142,597574,6,3432,2,7200,1.00174825175
594160,594166,597651,6,3485,2,7200,1.00172166428
594208,594214,597697,6,3483,2,7200,1.00172265289
594278,594284,597990,6,3706,2,7200,1.00161899622
594280,594290,598043,10,3753,2,7200,1.00266453504
594370,594376,598017,6,3641,2,7200,1.00164789893
594428,594434,597515,6,3081,2,7200,1.00194741967
594551,594557,597912,6,3355,2,7200,1.00178837556
594565,594572,597689,7,3117,2,7200,1.00224574912
594580,594586,598114,6,3528,2,7200,1.00170068027
594595,594601,598186,6,3585,2,7200,1.00167364017
594625,594631,598305,6,3674,2,7200,1.00163309744
594667,594673,598246,6,3573,2,7200,1.00167926113
594742,594748,598292,6,3544,2,7200,1.00169300226
594907,594913,598512,6,3599,2,7200,1.00166712976
594988,594995,598493,7,3498,2,7200,1.00200114351
594990,595001,598594,11,3593,2,7200,1.00306150849
595011,595017,598801,6,3784,2,7200,1.00158562368
595034,595040,598436,6,3396,2,7200,1.00176678445
595076,595083,598640,7,3557,2,7200,1.00196795052
595106,595112,598414,6,3302,2,7200,1.00181708056
595178,595184,598750,6,3566,2,7200,1.00168255749
595250,595256,598752,6,3496,2,7200,1.00171624714
595254,595262,598755,8,3493,2,7200,1.00229029488
595295,595301,598936,6,3635,2,7200,1.00165061898
595320,595326,598840,6,3514,2,7200,1.00170745589
595334,595340,598697,6,3357,2,7200,1.0017873101
595385,595391,598719,6,3328,2,7200,1.00180288462
595466,699249,699395,103783,146,128,1200,711.842465753
595620,595627,599108,7,3481,2,7200,1.0020109164
596205,596211,599524,6,3313,2,7200,1.00181104739
596220,596226,599842,6,3616,2,7200,1.00165929204
596710,596722,599955,12,3233,2,7200,1.00371172286
596710,596716,600098,6,3382,2,7200,1.00177409817
596776,596783,600465,7,3682,2,7200,1.00190114068
597029,597035,600348,6,3313,2,7200,1.00181104739
597051,597057,600685,6,3628,2,7200,1.00165380375
597360,597367,600669,7,3302,2,7200,1.00211992732
597385,597391,600907,6,3516,2,7200,1.00170648464
597517,597523,600922,6,3399,2,7200,1.00176522507
597572,597578,600808,6,3230,2,7200,1.00185758514
597587,597593,601129,6,3536,2,7200,1.00169683258
597653,597658,601232,5,3574,2,7200,1.00139899273
597677,597683,601142,6,3459,2,7200,1.00173460538
597692,597698,600887,6,3189,2,7200,1.00188146754
597706,597712,600949,6,3237,2,7200,1.00185356812
597914,597920,601433,6,3513,2,7200,1.00170794193
597991,597997,601339,6,3342,2,7200,1.00179533214
598019,598025,601550,6,3525,2,7200,1.00170212766
598046,598052,601433,6,3381,2,7200,1.00177462289
598115,598121,601921,6,3800,2,7200,1.00157894737
598187,598193,601650,6,3457,2,7200,1.00173560891
598247,598253,601848,6,3595,2,7200,1.0016689847
598292,598298,601755,6,3457,2,7200,1.00173560891
598307,598313,601675,6,3362,2,7200,1.00178465199
598415,598421,602058,6,3637,2,7200,1.0016497113
598439,598445,602141,6,3696,2,7200,1.00162337662
598496,598502,601812,6,3310,2,7200,1.00181268882
598514,598520,601889,6,3369,2,7200,1.0017809439
598595,598601,602156,6,3555,2,7200,1.00168776371
598643,598649,602121,6,3472,2,7200,1.0017281106
598697,598703,602071,6,3368,2,7200,1.00178147268
598720,598727,602229,7,3502,2,7200,1.0019988578
598750,598757,602256,7,3499,2,7200,1.00200057159
598753,598763,602378,10,3615,2,7200,1.00276625173
598765,598771,602280,6,3509,2,7200,1.00170988886
598801,598807,602219,6,3412,2,7200,1.00175849941
598840,598847,602303,7,3456,2,7200,1.00202546296
598937,598944,602334,7,3390,2,7200,1.00206489676
599108,599114,602586,6,3472,2,7200,1.0017281106
599525,599531,603180,6,3649,2,7200,1.00164428611
599841,599847,603412,6,3565,2,7200,1.00168302945
599955,599961,603397,6,3436,2,7200,1.00174621653
600099,600105,603329,6,3224,2,7200,1.00186104218
600347,600354,603512,7,3158,2,7200,1.00221659278
600465,600471,603793,6,3322,2,7200,1.00180614088
600669,600675,604222,6,3547,2,7200,1.00169157034
600687,600694,604367,7,3673,2,7200,1.00190579907
600811,600817,604165,6,3348,2,7200,1.0017921147
600889,600895,604407,6,3512,2,7200,1.00170842825
600907,600913,604512,6,3599,2,7200,1.00166712976
600923,600929,604432,6,3503,2,7200,1.00171281758
600949,600955,604539,6,3584,2,7200,1.00167410714
601129,601136,604713,7,3577,2,7200,1.00195694716
601144,601150,604640,6,3490,2,7200,1.00171919771
601234,601241,604735,7,3494,2,7200,1.00200343446
601342,601348,604595,6,3247,2,7200,1.00184785956
601433,601439,605067,6,3628,2,7200,1.00165380375
601434,601445,604992,11,3547,2,7200,1.00310121229
601552,601558,605110,6,3552,2,7200,1.00168918919
601651,601657,605044,6,3387,2,7200,1.00177147919
601675,601681,605164,6,3483,2,7200,1.00172265289
601756,601762,605164,6,3402,2,7200,1.00176366843
601813,601819,605163,6,3344,2,7200,1.00179425837
601849,601855,605111,6,3256,2,7200,1.00184275184
601891,601897,605501,6,3604,2,7200,1.00166481687
601924,601930,605263,6,3333,2,7200,1.00180018002
602059,602066,605684,7,3618,2,7200,1.00193477059
602074,602080,605650,6,3570,2,7200,1.00168067227
602122,602128,605733,6,3605,2,7200,1.00166435506
602143,602149,605590,6,3441,2,7200,1.00174367916
602158,602164,605407,6,3243,2,7200,1.00185013876
602221,602227,605791,6,3564,2,7200,1.00168350168
602236,602242,605869,6,3627,2,7200,1.00165425972
602257,602263,605992,6,3729,2,7200,1.00160901046
602281,602287,605802,6,3515,2,7200,1.00170697013
602303,602309,605820,6,3511,2,7200,1.00170891484
602335,602341,605707,6,3366,2,7200,1.00178253119
602378,602385,606111,7,3726,2,7200,1.00187869028
602588,602594,606164,6,3570,2,7200,1.00168067227
603179,603186,606914,7,3728,2,7200,1.0018776824
603331,603337,606988,6,3651,2,7200,1.00164338537
603399,603405,607043,6,3638,2,7200,1.00164925783
603414,603420,607114,6,3694,2,7200,1.00162425555
603510,603516,607280,6,3764,2,7200,1.00159404888
603793,603799,607227,6,3428,2,7200,1.00175029172
604167,604174,607854,7,3680,2,7200,1.00190217391
604224,604230,607677,6,3447,2,7200,1.00174064404
604370,604376,608003,6,3627,2,7200,1.00165425972
604408,604415,607890,7,3475,2,7200,1.00201438849
604432,604438,608118,6,3680,2,7200,1.00163043478
604514,604520,608013,6,3493,2,7200,1.00171772116
604541,604547,608004,6,3457,2,7200,1.00173560891
604594,604600,608040,6,3440,2,7200,1.00174418605
604640,604646,608114,6,3468,2,7200,1.00173010381
604715,604721,608324,6,3603,2,7200,1.00166527893
604736,604743,608364,7,3621,2,7200,1.00193316763
