SubmitTime,StartTime,EndTime,QueuedTime,RunTime,NodesRequested,walltime,bslowdown
203,209,3753,6,3544,2,7200,1.00169300226
275,282,6194,7,5912,4,36000,1.00118403248
290,373,4586,83,4213,4,36000,1.01970092571
297,818,6856,521,6038,4,36000,1.08628684995
305,959,3559,654,2600,4,36000,1.25153846154
319,2737,8044,2418,5307,4,36000,1.45562464669
328,3571,8744,3243,5173,4,36000,1.62690895032
337,4598,9303,4261,4705,4,36000,1.90563230606
338,344,3804,6,3460,2,7200,1.00173410405
370,533,1699,163,1166,2,1740,1.1397941681
519,526,3788,7,3262,2,7200,1.00214592275
666,673,4059,7,3386,2,7200,1.00206733609
726,732,4248,6,3516,2,7200,1.00170648464
795,802,4098,7,3296,2,7200,1.00212378641
810,823,4224,13,3401,2,7200,1.00382240517
812,828,4157,16,3329,2,7200,1.00480624812
944,950,4301,6,3351,2,7200,1.0017905103
959,967,4182,8,3215,2,7200,1.00248833593
1169,1599,6533,430,4934,6,72000,1.08715038508
1181,5176,10214,3995,5038,4,36000,1.79297340214
1190,6207,20780,5017,14573,4,36000,1.34426679476
1202,6868,7439,5666,571,4,36000,10.9229422067
1220,7452,14040,6232,6588,4,36000,1.9459623558
1235,8056,11074,6821,3018,4,36000,3.26010603048
1256,8756,21020,7500,12264,4,36000,1.61154598826
1279,9316,12969,8037,3653,4,36000,3.20010949904
1299,1306,4568,7,3262,2,7200,1.00214592275
1302,10225,12837,8923,2612,4,36000,4.41615620214
1321,11086,13901,9765,2815,4,36000,4.46891651865
1338,12850,14478,11512,1628,4,36000,8.07125307125
1369,12981,15805,11612,2824,4,36000,5.111898017
1429,1436,4756,7,3320,2,7200,1.00210843373
1471,1478,5005,7,3527,2,7200,1.00198468954
1579,1585,5094,6,3509,2,7200,1.00170988886
1708,1714,2725,6,1011,2,1740,1.0059347181
1799,1807,5180,8,3373,2,7200,1.00237177587
1829,1837,5288,8,3451,2,7200,1.00231816865
2734,3063,4017,329,954,2,1740,1.34486373166
3049,3055,6571,6,3516,2,7200,1.00170648464
3755,3761,7347,6,3586,2,7200,1.00167317345
3791,3797,7294,6,3497,2,7200,1.00171575636
3805,3812,7400,7,3588,2,7200,1.0019509476
4016,4023,4028,7,5,1,900,1.2
4027,4034,5164,7,1130,2,1740,1.00619469027
4062,4068,7434,6,3366,2,7200,1.00178253119
4098,4105,7374,7,3269,2,7200,1.00214132762
4155,4161,7571,6,3410,2,7200,1.00175953079
4182,4189,7839,7,3650,2,7200,1.00191780822
4224,4230,7728,6,3498,2,7200,1.00171526587
4248,4254,7561,6,3307,2,7200,1.00181433323
4299,4305,7743,6,3438,2,7200,1.0017452007
4567,4575,8015,8,3440,2,7200,1.0023255814
4757,4764,8381,7,3617,2,7200,1.0019353055
5008,5014,8501,6,3487,2,7200,1.0017206768
5095,5102,8445,7,3343,2,7200,1.00209392761
5174,5300,6401,126,1101,2,1740,1.11444141689
5179,5186,8514,7,3328,2,7200,1.00210336538
5284,5292,8450,8,3158,2,7200,1.00253324889
6411,6418,7385,7,967,2,1740,1.00723888314
6568,6574,10004,6,3430,2,7200,1.00174927114
7298,7304,10692,6,3388,2,7200,1.00177095632
7346,7352,10910,6,3558,2,7200,1.00168634064
7373,7380,10852,7,3472,2,7200,1.00201612903
7392,7399,8569,7,1170,2,1740,1.00598290598
7400,7406,10629,6,3223,2,7200,1.00186161961
7436,7443,10497,7,3054,2,7200,1.00229207597
7562,7569,10951,7,3382,2,7200,1.00206978119
7577,7583,10757,6,3174,2,7200,1.00189035917
7659,13913,16309,6254,2396,4,36000,3.6101836394
7660,18160,24113,10500,5953,4,36000,2.76381656308
7660,14053,18148,6393,4095,4,36000,2.56117216117
7660,16322,18962,8662,2640,4,36000,4.28106060606
7660,15817,18858,8157,3041,4,36000,3.68234133509
7660,14491,20591,6831,6100,4,36000,2.11983606557
7661,18974,21814,11313,2840,4,36000,4.98345070423
7661,18870,21949,11209,3079,4,36000,4.64046768431
7661,19676,22070,12015,2394,4,36000,6.01879699248
7661,19670,22147,12009,2477,4,36000,5.84820347194
7662,20604,24910,12942,4306,4,36000,4.00557361821
7662,21032,24339,13370,3307,4,36000,5.04293921984
7662,21827,24125,14165,2298,4,36000,7.16405570061
7662,20810,23045,13148,2235,4,36000,6.88277404922
7662,20792,20798,13130,6,4,36000,1313.6
7663,21961,24014,14298,2053,4,36000,7.96444227959
7663,22083,24586,14420,2503,4,36000,6.76108669596
7663,23057,30788,15394,7731,4,36000,2.99120424266
7663,22158,25971,14495,3813,4,36000,4.80146865985
7664,24137,26218,16473,2081,4,36000,8.91590581451
7664,24352,26789,16688,2437,4,36000,7.84776364382
7664,24026,36772,16362,12746,4,36000,2.28369684607
7664,24125,27413,16461,3288,4,36000,6.00638686131
7665,24599,26871,16934,2272,4,36000,8.45334507042
7665,24922,24926,17257,4,4,36000,1726.1
7730,7736,11440,6,3704,2,7200,1.00161987041
7745,7751,10940,6,3189,2,7200,1.00188146754
7842,7849,10996,7,3147,2,7200,1.00222434064
8013,8020,11502,7,3482,2,7200,1.00201033889
8383,8390,11683,7,3293,2,7200,1.00212572123
8443,8450,11974,7,3524,2,7200,1.00198637911
8458,8464,11999,6,3535,2,7200,1.00169731259
8503,8510,11836,7,3326,2,7200,1.00210463019
8518,8525,11956,7,3431,2,7200,1.00204022151
8580,8586,9342,6,756,2,1740,1.00793650794
9340,9354,9356,14,2,1,900,1.6
9352,9369,9672,17,303,2,1740,1.05610561056
9366,9689,9863,323,174,1,3600,2.85632183908
9670,9684,9685,14,1,1,900,1.5
10004,10011,13576,7,3565,2,7200,1.00196353436
10050,10773,11131,723,358,1,3600,3.01955307263
10498,10505,13904,7,3399,2,7200,1.00205942924
10608,18668,18758,8060,90,8,360000,90.5555555556
10630,10637,14066,7,3429,2,7200,1.00204141149
10690,10696,14006,6,3310,2,7200,1.00181268882
10759,10766,14333,7,3567,2,7200,1.00196243342
10856,10863,14168,7,3305,2,7200,1.00211800303
10913,10920,14542,7,3622,2,7200,1.0019326339
10937,10943,14313,6,3370,2,7200,1.00178041543
10952,10959,14561,7,3602,2,7200,1.0019433648
10997,11004,14392,7,3388,2,7200,1.0020661157
11441,11449,14907,8,3458,2,7200,1.002313476
11489,11496,12338,7,842,1,3600,1.00831353919
11504,11511,14951,7,3440,2,7200,1.00203488372
11682,11688,15089,6,3401,2,7200,1.001764187
11840,11847,15377,7,3530,2,7200,1.00198300283
11958,11965,15286,7,3321,2,7200,1.00210779886
11972,11979,15181,7,3202,2,7200,1.00218613367
11999,12006,15196,7,3190,2,7200,1.00219435737
12922,12929,13103,7,174,1,3600,1.04022988506
13280,13287,13639,7,352,1,3600,1.01988636364
13577,13584,17208,7,3624,2,7200,1.00193156733
13646,13653,13769,7,116,1,3600,1.06034482759
13907,13920,17027,13,3107,2,7200,1.00418410042
13953,13959,14317,6,358,1,3600,1.01675977654
13997,14183,15048,186,865,1,3600,1.21502890173
14009,14016,17269,7,3253,2,7200,1.00215185982
14066,14072,17475,6,3403,2,7200,1.00176315016
14168,14176,17671,8,3495,2,7200,1.00228898426
14313,14320,17683,7,3363,2,7200,1.00208147487
14334,14341,17639,7,3298,2,7200,1.00212249848
14394,14401,17809,7,3408,2,7200,1.00205399061
14542,14548,17793,6,3245,2,7200,1.00184899846
14563,14569,17839,6,3270,2,7200,1.00183486239
14825,14921,15555,96,634,1,3600,1.15141955836
14907,14914,18297,7,3383,2,7200,1.00206916938
14952,14959,18318,7,3359,2,7200,1.00208395356
15092,15098,18197,6,3099,2,7200,1.00193610842
15182,15190,18727,8,3537,2,7200,1.00226180379
15197,15203,18652,6,3449,2,7200,1.00173963468
15287,15295,18883,8,3588,2,7200,1.0022296544
15378,15385,18938,7,3553,2,7200,1.00197016606
16325,16331,16448,6,117,1,3600,1.05128205128
16631,16638,16962,7,324,1,3600,1.02160493827
17030,17036,20360,6,3324,2,7200,1.00180505415
17209,17216,20651,7,3435,2,7200,1.00203784571
17269,17276,20966,7,3690,2,7200,1.00189701897
17453,17653,18255,200,602,1,3600,1.33222591362
17477,17658,17709,181,51,1,1800,4.54901960784
17477,17483,20599,6,3116,2,7200,1.00192554557
17639,17646,21197,7,3551,2,7200,1.0019712757
17672,17679,20913,7,3234,2,7200,1.00216450216
17687,17694,21410,7,3716,2,7200,1.00188374596
17796,17803,21210,7,3407,2,7200,1.00205459348
17811,17818,21092,7,3274,2,7200,1.00213805742
17841,17847,21452,6,3605,2,7200,1.00166435506
18039,18210,18292,171,82,1,1800,3.08536585366
18197,18203,21970,6,3767,2,7200,1.0015927794
18297,18304,21769,7,3465,2,7200,1.00202020202
18318,18324,21789,6,3465,2,7200,1.00173160173
18652,18658,22004,6,3346,2,7200,1.00179318589
18727,18734,22117,7,3383,2,7200,1.00206916938
18833,26230,58485,7397,32255,10,360000,1.22932878623
18884,18891,22289,7,3398,2,7200,1.00206003531
18942,18949,22080,7,3131,2,7200,1.00223570744
19312,20376,20670,1064,294,1,1800,4.61904761905
20289,20381,20505,92,124,1,1800,1.74193548387
20362,20369,23870,7,3501,2,7200,1.00199942873
20601,20611,24280,10,3669,2,7200,1.00272553829
20652,20658,24058,6,3400,2,7200,1.00176470588
20833,20840,20953,7,113,1,1800,1.06194690265
20915,20921,24221,6,3300,2,7200,1.00181818182
20966,20972,24442,6,3470,2,7200,1.00172910663
21093,21099,24397,6,3298,2,7200,1.00181928441
21198,21205,24695,7,3490,2,7200,1.00200573066
21213,21220,24677,7,3457,2,7200,1.00202487706
21412,21419,25035,7,3616,2,7200,1.00193584071
21454,21461,24858,7,3397,2,7200,1.00206064174
21682,21689,22268,7,579,1,1800,1.01208981002
21767,21773,25114,6,3341,2,7200,1.0017958695
21791,21797,25141,6,3344,2,7200,1.00179425837
21972,21979,25144,7,3165,2,7200,1.00221169036
22005,22012,25521,7,3509,2,7200,1.00199487033
22083,22089,25373,6,3284,2,7200,1.00182704019
22119,22126,25603,7,3477,2,7200,1.0020132298
22292,22299,25898,7,3599,2,7200,1.00194498472
23871,23877,27549,6,3672,2,7200,1.00163398693
24058,24064,27580,6,3516,2,7200,1.00170648464
24152,24237,24287,85,50,1,1800,2.7
24224,24230,27593,6,3363,2,7200,1.00178412132
24281,24288,27643,7,3355,2,7200,1.00208643815
24398,24404,27769,6,3365,2,7200,1.00178306092
24443,24449,27859,6,3410,2,7200,1.00175953079
24625,24631,24699,6,68,1,1800,1.08823529412
24678,24684,27781,6,3097,2,7200,1.00193735873
24696,24702,28067,6,3365,2,7200,1.00178306092
24859,24865,28085,6,3220,2,7200,1.00186335404
25037,25043,28731,6,3688,2,7200,1.00162689805
25112,25118,28701,6,3583,2,7200,1.00167457438
25142,25149,28388,7,3239,2,7200,1.00216116085
25157,25163,28738,6,3575,2,7200,1.00167832168
25374,25381,29095,7,3714,2,7200,1.00188476037
25521,25527,28903,6,3376,2,7200,1.00177725118
25605,25613,28944,8,3331,2,7200,1.00240168118
25726,25913,26198,187,285,1,1800,1.65614035088
25899,25905,29089,6,3184,2,7200,1.00188442211
27551,27559,30909,8,3350,2,7200,1.0023880597
27581,27589,30894,8,3305,2,7200,1.00242057489
27596,27603,31132,7,3529,2,7200,1.00198356475
27644,27651,31243,7,3592,2,7200,1.00194877506
27768,27774,31154,6,3380,2,7200,1.00177514793
27783,27789,31106,6,3317,2,7200,1.00180886343
27861,27868,31062,7,3194,2,7200,1.00219160927
28066,28072,31481,6,3409,2,7200,1.00176004693
28087,28093,31215,6,3122,2,7200,1.00192184497
28389,28395,31561,6,3166,2,7200,1.00189513582
28700,28707,32107,7,3400,2,7200,1.00205882353
28733,28739,32307,6,3568,2,7200,1.00168161435
28748,28754,32019,6,3265,2,7200,1.00183767228
28904,28911,32343,7,3432,2,7200,1.00203962704
28946,28952,32646,6,3694,2,7200,1.00162425555
29088,29095,32626,7,3531,2,7200,1.00198244123
29103,29110,32440,7,3330,2,7200,1.0021021021
29113,29119,32620,6,3501,2,7200,1.00171379606
29114,29126,32510,12,3384,2,7200,1.00354609929
29116,29131,32914,15,3783,2,7200,1.00396510706
29117,29137,32479,20,3342,2,7200,1.00598444045
29118,29142,32618,24,3476,2,7200,1.00690448792
29120,29147,32208,27,3061,2,7200,1.00882064685
29121,29154,32433,33,3279,2,7200,1.01006404392
29123,29159,32658,36,3499,2,7200,1.0102886539
29124,29164,32285,40,3121,2,7200,1.012816405
29125,29170,32552,45,3382,2,7200,1.01330573625
29127,29175,32358,48,3183,2,7200,1.0150801131
29128,29180,32742,52,3562,2,7200,1.01459854015
29129,29185,32335,56,3150,2,7200,1.01777777778
29131,29191,32153,60,2962,2,7200,1.02025658339
29132,29196,32561,64,3365,2,7200,1.01901931649
29133,29201,32740,68,3539,2,7200,1.01921446736
29135,29207,32686,72,3479,2,7200,1.02069560218
29136,29212,32654,76,3442,2,7200,1.02208018594
29137,29217,32516,80,3299,2,7200,1.02424977266
29139,29222,32915,83,3693,2,7200,1.02247495261
29140,29228,32302,88,3074,2,7200,1.02862719584
29142,29233,32838,91,3605,2,7200,1.02524271845
29143,29238,32844,95,3606,2,7200,1.02634498059
29144,29244,32416,100,3172,2,7200,1.0315258512
29146,29249,32779,103,3530,2,7200,1.02917847025
29147,29254,32574,107,3320,2,7200,1.03222891566
29149,29261,32744,112,3483,2,7200,1.03215618719
29150,29266,32699,116,3433,2,7200,1.03378968832
29151,29271,32514,120,3243,2,7200,1.03700277521
29153,29277,32708,124,3431,2,7200,1.03614106674
30894,30901,34263,7,3362,2,7200,1.00208209399
30909,30915,34351,6,3436,2,7200,1.00174621653
31063,31070,34428,7,3358,2,7200,1.00208457415
31108,31114,34699,6,3585,2,7200,1.00167364017
31132,31139,34625,7,3486,2,7200,1.00200803213
31153,31159,34472,6,3313,2,7200,1.00181104739
31216,31223,34704,7,3481,2,7200,1.0020109164
31243,31250,34506,7,3256,2,7200,1.00214987715
31273,31280,31282,7,2,3,14400,1.0
31339,31345,37295,6,5950,3,14400,1.00100840336
31339,37302,37737,5963,435,3,14400,14.708045977
31340,37750,38190,6410,440,3,14400,15.5681818182
31341,38202,38624,6861,422,3,14400,17.2582938389
31481,31488,34871,7,3383,2,7200,1.00206916938
31562,31568,34976,6,3408,2,7200,1.00176056338
32021,32028,35492,7,3464,2,7200,1.00202078522
32108,32115,35451,7,3336,2,7200,1.00209832134
32154,32161,35511,7,3350,2,7200,1.00208955224
32211,32218,35439,7,3221,2,7200,1.00217323812
32286,32293,35657,7,3364,2,7200,1.00208085612
32301,32307,35340,6,3033,2,7200,1.00197823937
32316,32322,35858,6,3536,2,7200,1.00169683258
32337,32343,35890,6,3547,2,7200,1.00169157034
32352,32359,35835,7,3476,2,7200,1.00201380898
32366,32374,35716,8,3342,2,7200,1.00239377618
32418,32424,36091,6,3667,2,7200,1.00163621489
32433,32439,35778,6,3339,2,7200,1.00179694519
32448,32454,36035,6,3581,2,7200,1.00167550963
32481,32487,35886,6,3399,2,7200,1.00176522507
32511,32517,36033,6,3516,2,7200,1.00170648464
32526,32533,36015,7,3482,2,7200,1.00201033889
32528,32540,36049,12,3509,2,7200,1.00341977771
32554,32562,36104,8,3542,2,7200,1.00225861095
32569,32577,35941,8,3364,2,7200,1.00237812128
32584,32590,36154,6,3564,2,7200,1.00168350168
32617,32624,36232,7,3608,2,7200,1.00194013304
32632,32640,35974,8,3334,2,7200,1.0023995201
32634,32646,36257,12,3611,2,7200,1.00332317917
32649,32656,35959,7,3303,2,7200,1.0021192855
32664,32670,36057,6,3387,2,7200,1.00177147919
32665,32677,35791,12,3114,2,7200,1.00385356455
32686,32693,35980,7,3287,2,7200,1.00212960146
32701,32707,36003,6,3296,2,7200,1.00182038835
32716,32722,36285,6,3563,2,7200,1.00168397418
32740,32746,36190,6,3444,2,7200,1.00174216028
32755,32762,36313,7,3551,2,7200,1.0019712757
32756,32769,36105,13,3336,2,7200,1.00389688249
32780,32786,36141,6,3355,2,7200,1.00178837556
32840,32848,36493,8,3645,2,7200,1.00219478738
32855,32861,36614,6,3753,2,7200,1.00159872102
32915,32921,36069,6,3148,2,7200,1.00190597205
32917,32929,36431,12,3502,2,7200,1.00342661336
34074,49442,49870,15368,428,8,86400,36.9065420561
34086,49882,50327,15796,445,8,86400,36.4966292135
34090,50339,50775,16249,436,8,86400,38.2683486239
34096,50746,51233,16650,487,8,86400,35.1889117043
34263,34270,37546,7,3276,2,7200,1.00213675214
34353,34359,37693,6,3334,2,7200,1.00179964007
34429,34435,37644,6,3209,2,7200,1.00186974135
34474,34480,37842,6,3362,2,7200,1.00178465199
34507,34514,37717,7,3203,2,7200,1.00218545114
34627,34635,37885,8,3250,2,7200,1.00246153846
34700,34706,37918,6,3212,2,7200,1.00186799502
34715,34722,38249,7,3527,2,7200,1.00198468954
34872,34878,38289,6,3411,2,7200,1.00175901495
34977,34984,38571,7,3587,2,7200,1.0019514915
35340,35347,38835,7,3488,2,7200,1.00200688073
35439,35446,38666,7,3220,2,7200,1.00217391304
35454,35460,39063,6,3603,2,7200,1.00166527893
35493,35499,39130,6,3631,2,7200,1.00165243735
35514,35520,39121,6,3601,2,7200,1.00166620383
35656,35663,38837,7,3174,2,7200,1.00220541903
35717,35724,38963,7,3239,2,7200,1.00216116085
35780,35786,39095,6,3309,2,7200,1.00181323663
35795,35801,39312,6,3511,2,7200,1.00170891484
35837,35843,39487,6,3644,2,7200,1.00164654226
35858,35865,39229,7,3364,2,7200,1.00208085612
35888,35894,39588,6,3694,2,7200,1.00162425555
35903,35909,39293,6,3384,2,7200,1.00177304965
35942,35948,39383,6,3435,2,7200,1.00174672489
35960,35966,39410,6,3444,2,7200,1.00174216028
35975,35982,39635,7,3653,2,7200,1.00191623323
35990,35997,39326,7,3329,2,7200,1.00210273355
36005,36011,39377,6,3366,2,7200,1.00178253119
36020,36027,39184,7,3157,2,7200,1.0022172949
36035,36041,39428,6,3387,2,7200,1.00177147919
36036,36049,39401,13,3352,2,7200,1.00387828162
36051,36058,39635,7,3577,2,7200,1.00195694716
36066,36072,39423,6,3351,2,7200,1.0017905103
36081,36087,39647,6,3560,2,7200,1.00168539326
36096,36103,39626,7,3523,2,7200,1.00198694295
36111,36118,39485,7,3367,2,7200,1.00207900208
36112,36125,39648,13,3523,2,7200,1.0036900369
36142,36149,39613,7,3464,2,7200,1.00202078522
36157,36163,39730,6,3567,2,7200,1.00168208579
36190,36197,39373,7,3176,2,7200,1.00220403023
36232,36238,39971,6,3733,2,7200,1.00160728636
36259,36266,39761,7,3495,2,7200,1.00200286123
36286,36293,39657,7,3364,2,7200,1.00208085612
36313,36320,39436,7,3116,2,7200,1.00224646983
36434,36440,40034,6,3594,2,7200,1.00166944908
36494,36501,39971,7,3470,2,7200,1.00201729107
36615,36622,39910,7,3288,2,7200,1.00212895377
37546,37553,40799,7,3246,2,7200,1.00215650031
37645,37651,41104,6,3453,2,7200,1.00173761946
37693,37701,40924,8,3223,2,7200,1.00248215948
37717,37723,41173,6,3450,2,7200,1.00173913043
37844,37851,41371,7,3520,2,7200,1.00198863636
37886,37892,41432,6,3540,2,7200,1.00169491525
37919,37926,41056,7,3130,2,7200,1.00223642173
38251,38257,41626,6,3369,2,7200,1.0017809439
38290,38296,41914,6,3618,2,7200,1.00165837479
38568,38574,41844,6,3270,2,7200,1.00183486239
38668,38675,42125,7,3450,2,7200,1.00202898551
38837,38844,42389,7,3545,2,7200,1.00197461213
38839,38851,42339,12,3488,2,7200,1.00344036697
38965,38971,42301,6,3330,2,7200,1.0018018018
39064,39071,42520,7,3449,2,7200,1.00202957379
39098,39104,42463,6,3359,2,7200,1.00178624591
39122,39128,42792,6,3664,2,7200,1.00163755459
39137,39143,42650,6,3507,2,7200,1.00171086399
39185,39192,42477,7,3285,2,7200,1.00213089802
39230,39237,42585,7,3348,2,7200,1.00209080048
39294,39301,42814,7,3513,2,7200,1.00199259892
39311,39319,42506,8,3187,2,7200,1.00251019768
39326,39332,42548,6,3216,2,7200,1.00186567164
39375,39381,42712,6,3331,2,7200,1.00180126088
39390,39396,42750,6,3354,2,7200,1.00178890877
39391,39403,42850,12,3447,2,7200,1.00348128808
39406,39413,42711,7,3298,2,7200,1.00212249848
39421,39428,42934,7,3506,2,7200,1.0019965773
39436,39443,42660,7,3217,2,7200,1.00217594032
39438,39450,42877,12,3427,2,7200,1.0035016049
39439,39455,42990,16,3535,2,7200,1.0045261669
39487,39494,42835,7,3341,2,7200,1.00209518108
39489,39501,43037,12,3536,2,7200,1.00339366516
39591,39598,43081,7,3483,2,7200,1.0020097617
39615,39622,42595,7,2973,2,7200,1.00235452405
39630,39636,42997,6,3361,2,7200,1.00178518298
39645,39651,43148,6,3497,2,7200,1.00171575636
39647,39659,42967,12,3308,2,7200,1.00362756953
39662,39668,43131,6,3463,2,7200,1.00173260179
39663,39675,42981,12,3306,2,7200,1.00362976407
39664,39681,43206,17,3525,2,7200,1.00482269504
39731,39737,43075,6,3338,2,7200,1.00179748352
39761,39768,43129,7,3361,2,7200,1.00208271348
39911,39918,43271,7,3353,2,7200,1.00208768267
39972,39978,43561,6,3583,2,7200,1.00167457438
39973,39986,43502,13,3516,2,7200,1.00369738339
40036,40043,43425,7,3382,2,7200,1.00206978119
40798,40805,44047,7,3242,2,7200,1.00215916101
40924,40932,44403,8,3471,2,7200,1.00230481129
41057,41065,44460,8,3395,2,7200,1.00235640648
41105,41112,44579,7,3467,2,7200,1.00201903663
41175,41181,44843,6,3662,2,7200,1.00163844894
41374,41381,44998,7,3617,2,7200,1.0019353055
41434,41440,45202,6,3762,2,7200,1.00159489633
41617,41624,46198,7,4574,4,36000,1.00153038916
41628,41635,45013,7,3378,2,7200,1.00207223209
41654,42672,45033,1018,2361,4,36000,1.43117323168
41844,41852,45377,8,3525,2,7200,1.00226950355
41914,41920,45434,6,3514,2,7200,1.00170745589
41916,42724,45520,808,2796,4,36000,1.28898426323
42034,45045,49286,3011,4241,4,36000,1.70997406272
42043,45532,47735,3489,2203,4,36000,2.58374943259
42060,46211,51693,4151,5482,4,36000,1.75720539949
42125,42131,45459,6,3328,2,7200,1.00180288462
42303,42310,45876,7,3566,2,7200,1.00196298374
42342,42349,45725,7,3376,2,7200,1.00207345972
42390,42396,45779,6,3383,2,7200,1.00177357375
42465,42472,46007,7,3535,2,7200,1.00198019802
42480,42486,46039,6,3553,2,7200,1.00168871376
42507,42514,46064,7,3550,2,7200,1.00197183099
42522,42528,45987,6,3459,2,7200,1.00173460538
42549,42555,46024,6,3469,2,7200,1.00172960507
42585,42591,45956,6,3365,2,7200,1.00178306092
42600,42607,45895,7,3288,2,7200,1.00212895377
42651,42657,46250,6,3593,2,7200,1.00166991372
42666,42679,46325,13,3646,2,7200,1.00356555129
42711,42717,45943,6,3226,2,7200,1.00185988841
42726,42732,46225,6,3493,2,7200,1.00171772116
42750,42756,46290,6,3534,2,7200,1.00169779287
42795,42802,46542,7,3740,2,7200,1.00187165775
42816,42822,46310,6,3488,2,7200,1.00172018349
42834,42841,46165,7,3324,2,7200,1.00210589651
42849,42855,46164,6,3309,2,7200,1.00181323663
42880,42887,46288,7,3401,2,7200,1.00205821817
42937,42944,46538,7,3594,2,7200,1.0019476906
42967,42974,46430,7,3456,2,7200,1.00202546296
42982,42989,46588,7,3599,2,7200,1.00194498472
42997,43004,46390,7,3386,2,7200,1.00206733609
42998,43009,46480,11,3471,2,7200,1.00316911553
43037,43043,46602,6,3559,2,7200,1.00168586682
43077,43084,46635,7,3551,2,7200,1.0019712757
43092,43099,46642,7,3543,2,7200,1.00197572679
43131,43137,46537,6,3400,2,7200,1.00176470588
43132,43144,46470,12,3326,2,7200,1.00360793746
43150,43157,46282,7,3125,2,7200,1.00224
43207,43214,46737,7,3523,2,7200,1.00198694295
43274,43281,46662,7,3381,2,7200,1.00207039337
43427,43434,46899,7,3465,2,7200,1.00202020202
43503,43510,46748,7,3238,2,7200,1.00216182829
43563,43570,47025,7,3455,2,7200,1.0020260492
44047,44053,47509,6,3456,2,7200,1.00173611111
44404,44410,47818,6,3408,2,7200,1.00176056338
44461,44467,47725,6,3258,2,7200,1.00184162063
44575,44582,47928,7,3346,2,7200,1.00209205021
44845,44852,48243,7,3391,2,7200,1.00206428782
44998,45005,48316,7,3311,2,7200,1.0021141649
45013,45021,48376,8,3355,2,7200,1.00238450075
45201,45207,48464,6,3257,2,7200,1.00184218606
45378,45385,48805,7,3420,2,7200,1.00204678363
45435,45442,48944,7,3502,2,7200,1.0019988578
45460,45467,48875,7,3408,2,7200,1.00205399061
45725,45731,49085,6,3354,2,7200,1.00178890877
45782,45789,49426,7,3637,2,7200,1.00192466318
45876,45882,49428,6,3546,2,7200,1.00169204738
45897,45904,49671,7,3767,2,7200,1.00185824263
45945,45951,49475,6,3524,2,7200,1.00170261067
45960,45967,49358,7,3391,2,7200,1.00206428782
45990,45996,49540,6,3544,2,7200,1.00169300226
46008,46015,49282,7,3267,2,7200,1.00214263851
46026,46033,49481,7,3448,2,7200,1.00203016241
46041,46047,49427,6,3380,2,7200,1.00177514793
46065,46071,49484,6,3413,2,7200,1.00175798418
46164,46171,49491,7,3320,2,7200,1.00210843373
46179,46186,49669,7,3483,2,7200,1.0020097617
46227,46233,49695,6,3462,2,7200,1.00173310225
46251,46258,49550,7,3292,2,7200,1.00212636695
46284,46291,49514,7,3223,2,7200,1.00217188954
46299,46305,49817,6,3512,2,7200,1.00170842825
46300,46313,49521,13,3208,2,7200,1.00405236908
46315,46322,49473,7,3151,2,7200,1.00222151698
46330,46337,49676,7,3339,2,7200,1.00209643606
46393,46399,49986,6,3587,2,7200,1.001672707
46432,46439,49984,7,3545,2,7200,1.00197461213
46471,46478,49781,7,3303,2,7200,1.0021192855
46486,46493,49911,7,3418,2,7200,1.00204798128
46538,46545,49828,7,3283,2,7200,1.00213219616
46539,46552,49829,13,3277,2,7200,1.00396704303
46554,46561,50075,7,3514,2,7200,1.00199203187
46590,46596,49895,6,3299,2,7200,1.00181873295
46605,46611,49964,6,3353,2,7200,1.00178944229
46638,46645,49947,7,3302,2,7200,1.00211992732
46653,46660,50266,7,3606,2,7200,1.0019412091
46668,46676,50104,8,3428,2,7200,1.00233372229
46737,46745,50217,8,3472,2,7200,1.00230414747
46752,46758,50089,6,3331,2,7200,1.00180126088
46900,46906,50629,6,3723,2,7200,1.00161160355
47027,47033,50517,6,3484,2,7200,1.00172215844
47510,47517,50837,7,3320,2,7200,1.00210843373
47728,47735,51260,7,3525,2,7200,1.0019858156
47818,47825,51031,7,3206,2,7200,1.00218340611
47927,47933,51398,6,3465,2,7200,1.00173160173
48247,48253,51751,6,3498,2,7200,1.00171526587
48319,48325,51792,6,3467,2,7200,1.00173060283
48376,48382,51824,6,3442,2,7200,1.00174317257
48463,48470,51586,7,3116,2,7200,1.00224646983
48807,48813,52171,6,3358,2,7200,1.00178677784
48876,48882,52390,6,3508,2,7200,1.00171037628
48946,48953,52337,7,3384,2,7200,1.00206855792
49087,49094,52334,7,3240,2,7200,1.00216049383
49283,49290,52870,7,3580,2,7200,1.00195530726
49358,49364,52813,6,3449,2,7200,1.00173963468
49428,49435,52911,7,3476,2,7200,1.00201380898
49429,49448,52833,19,3385,2,7200,1.00561299852
49431,49453,52943,22,3490,2,7200,1.00630372493
49473,49479,52858,6,3379,2,7200,1.00177567328
49488,49496,53064,8,3568,2,7200,1.00224215247
49490,49503,53094,13,3591,2,7200,1.00362016151
49491,49508,52674,17,3166,2,7200,1.00536955148
49506,49514,53085,8,3571,2,7200,1.00224026883
49521,49529,52976,8,3447,2,7200,1.00232085872
49523,49534,52687,11,3153,2,7200,1.00348874088
49544,49550,52980,6,3430,2,7200,1.00174927114
49558,49566,53197,8,3631,2,7200,1.00220324979
49670,49677,53055,7,3378,2,7200,1.00207223209
49685,49691,53490,6,3799,2,7200,1.00157936299
49686,49699,53225,13,3526,2,7200,1.00368689733
49701,49708,53076,7,3368,2,7200,1.0020783848
49782,49789,53200,7,3411,2,7200,1.00205218411
49819,49825,53177,6,3352,2,7200,1.00178997613
49834,49840,53225,6,3385,2,7200,1.00177252585
49835,49848,53383,13,3535,2,7200,1.00367751061
49895,49903,53096,8,3193,2,7200,1.00250548074
49913,49920,53627,7,3707,2,7200,1.0018883194
49947,49954,53591,7,3637,2,7200,1.00192466318
49968,49975,53187,7,3212,2,7200,1.00217932752
49983,49989,53378,6,3389,2,7200,1.00177043376
49998,50004,53416,6,3412,2,7200,1.00175849941
50076,50083,53552,7,3469,2,7200,1.00201787259
50091,50097,53757,6,3660,2,7200,1.00163934426
50106,50112,53653,6,3541,2,7200,1.0016944366
50217,50224,53750,7,3526,2,7200,1.00198525241
50269,50275,53782,6,3507,2,7200,1.00171086399
50516,50523,53939,7,3416,2,7200,1.00204918033
50631,50637,54175,6,3538,2,7200,1.00169587337
50838,50845,54410,7,3565,2,7200,1.00196353436
51033,51039,54646,6,3607,2,7200,1.00166343222
51260,51267,54787,7,3520,2,7200,1.00198863636
51399,51405,54830,6,3425,2,7200,1.00175182482
51586,51593,55219,7,3626,2,7200,1.00193050193
51752,51758,55544,6,3786,2,7200,1.00158478605
51794,51801,55126,7,3325,2,7200,1.00210526316
51824,51832,55303,8,3471,2,7200,1.00230481129
52172,52178,55551,6,3373,2,7200,1.0017788319
52335,52342,55966,7,3624,2,7200,1.00193156733
52350,52356,55842,6,3486,2,7200,1.0017211704
52392,52398,55923,6,3525,2,7200,1.00170212766
52676,52683,56138,7,3455,2,7200,1.0020260492
52691,52697,56011,6,3314,2,7200,1.00181050091
52814,52821,56087,7,3266,2,7200,1.00214329455
52832,52839,56213,7,3374,2,7200,1.0020746888
52856,52862,56462,6,3600,2,7200,1.00166666667
52871,52877,56241,6,3364,2,7200,1.00178359096
52910,52917,56542,7,3625,2,7200,1.00193103448
52943,52951,56496,8,3545,2,7200,1.00225669958
52977,52983,56493,6,3510,2,7200,1.00170940171
52991,52999,56338,8,3339,2,7200,1.00239592692
53055,53062,56374,7,3312,2,7200,1.00211352657
53070,53077,56677,7,3600,2,7200,1.00194444444
53085,53092,56415,7,3323,2,7200,1.00210653024
53086,53099,56337,13,3238,2,7200,1.00401482397
53101,53109,56469,8,3360,2,7200,1.00238095238
53103,53114,56364,11,3250,2,7200,1.00338461538
53178,53185,56656,7,3471,2,7200,1.00201670988
53193,53201,56943,8,3742,2,7200,1.00213789417
53208,53214,56377,6,3163,2,7200,1.00189693329
53210,53221,56517,11,3296,2,7200,1.00333737864
53225,53232,56739,7,3507,2,7200,1.00199600798
53239,53246,56532,7,3286,2,7200,1.00213024954
53378,53385,56939,7,3554,2,7200,1.00196961171
53393,53400,57008,7,3608,2,7200,1.00194013304
53414,53420,56798,6,3378,2,7200,1.00177619893
53490,53497,56840,7,3343,2,7200,1.00209392761
53553,53559,57194,6,3635,2,7200,1.00165061898
53592,53599,56968,7,3369,2,7200,1.00207776788
53628,53635,57044,7,3409,2,7200,1.00205338809
53649,53656,57028,7,3372,2,7200,1.00207591934
53749,53756,57251,7,3495,2,7200,1.00200286123
53764,53771,57268,7,3497,2,7200,1.00200171576
53785,53791,57298,6,3507,2,7200,1.00171086399
53942,53948,57353,6,3405,2,7200,1.00176211454
54177,54184,57509,7,3325,2,7200,1.00210526316
54410,54417,57781,7,3364,2,7200,1.00208085612
54648,54655,58106,7,3451,2,7200,1.00202839757
54787,54794,58085,7,3291,2,7200,1.00212701307
54832,54839,58169,7,3330,2,7200,1.0021021021
55124,55131,58360,7,3229,2,7200,1.00216785382
55221,55228,58653,7,3425,2,7200,1.00204379562
55302,55308,58599,6,3291,2,7200,1.00182315406
55544,55550,58930,6,3380,2,7200,1.00177514793
55559,55565,58920,6,3355,2,7200,1.00178837556
55842,55849,59185,7,3336,2,7200,1.00209832134
55921,55927,59559,6,3632,2,7200,1.00165198238
55966,55973,59310,7,3337,2,7200,1.00209769254
56012,56018,59447,6,3429,2,7200,1.00174978128
56087,56093,59823,6,3730,2,7200,1.00160857909
56138,56144,59648,6,3504,2,7200,1.00171232877
56213,56220,59577,7,3357,2,7200,1.00208519511
56243,56250,59710,7,3460,2,7200,1.00202312139
56337,56344,59854,7,3510,2,7200,1.00199430199
56352,56358,59959,6,3601,2,7200,1.00166620383
56367,56374,59724,7,3350,2,7200,1.00208955224
56382,56389,59779,7,3390,2,7200,1.00206489676
56383,56395,59777,12,3382,2,7200,1.00354819633
56416,56422,59742,6,3320,2,7200,1.00180722892
56461,56467,60156,6,3689,2,7200,1.00162645703
56476,56484,59731,8,3247,2,7200,1.00246381275
56494,56501,59952,7,3451,2,7200,1.00202839757
56509,56515,59827,6,3312,2,7200,1.0018115942
56524,56531,59707,7,3176,2,7200,1.00220403023
56539,56545,59982,6,3437,2,7200,1.00174570847
56554,56560,59933,6,3373,2,7200,1.0017788319
56657,56663,60239,6,3576,2,7200,1.00167785235
56674,56681,59892,7,3211,2,7200,1.00218000623
56741,56747,60198,6,3451,2,7200,1.00173862649
56798,56805,60293,7,3488,2,7200,1.00200688073
56841,56848,60113,7,3265,2,7200,1.002143951
56937,56944,60390,7,3446,2,7200,1.00203134068
56939,56951,60370,12,3419,2,7200,1.00350979819
56969,56975,60541,6,3566,2,7200,1.00168255749
57008,57014,60627,6,3613,2,7200,1.0016606698
57029,57035,60514,6,3479,2,7200,1.00172463352
57044,57051,60574,7,3523,2,7200,1.00198694295
57195,57201,60452,6,3251,2,7200,1.00184558597
57252,57258,60689,6,3431,2,7200,1.00174876129
57270,57277,61060,7,3783,2,7200,1.00185038329
57300,57307,60912,7,3605,2,7200,1.00194174757
57355,57362,60445,7,3083,2,7200,1.00227051573
57509,57515,61057,6,3542,2,7200,1.00169395822
57781,57787,61108,6,3321,2,7200,1.00180668473
58087,58094,61677,7,3583,2,7200,1.00195367011
58108,58115,61490,7,3375,2,7200,1.00207407407
58171,58177,61517,6,3340,2,7200,1.00179640719
58363,58370,61396,7,3026,2,7200,1.00231328486
58601,58608,62350,7,3742,2,7200,1.0018706574
58655,58661,61912,6,3251,2,7200,1.00184558597
58921,58929,62253,8,3324,2,7200,1.00240673887
58936,58943,62305,7,3362,2,7200,1.00208209399
59188,59194,62762,6,3568,2,7200,1.00168161435
59312,59319,62627,7,3308,2,7200,1.00211608222
59340,59347,59353,7,6,4,36000,1.3
59341,59724,68634,383,8910,4,36000,1.04298540965
59341,59357,62116,16,2759,4,36000,1.00579920261
59341,59352,62309,11,2957,4,36000,1.00371998647
59341,59365,63759,24,4394,4,36000,1.00546199363
59342,59840,59846,498,6,4,36000,50.4
59342,59858,62250,516,2392,4,36000,1.21571906355
59342,59794,63328,452,3534,4,36000,1.12790039615
59343,62128,65552,2785,3424,4,36000,1.81337616822
59343,62266,64797,2923,2531,4,36000,2.15487949427
59343,59971,62268,628,2297,4,36000,1.27340008707
59343,62280,64864,2937,2584,4,36000,2.13660990712
59344,63172,65676,3828,2504,4,36000,2.52875399361
59344,63263,67393,3919,4130,4,36000,1.94891041162
59344,62322,66246,2978,3924,4,36000,1.75891946993
59344,63340,69268,3996,5928,4,36000,1.67408906883
59345,63653,66083,4308,2430,4,36000,2.77283950617
59345,63771,70871,4426,7100,4,36000,1.62338028169
59345,63581,67686,4236,4105,4,36000,2.03191230207
59346,65565,70602,6219,5037,4,36000,2.23466349017
59346,64809,68068,5463,3259,4,36000,2.67628106781
59346,65688,68047,6342,2359,4,36000,3.6884272997
59346,64876,67831,5530,2955,4,36000,2.87140439932
59347,66540,71347,7193,4807,4,36000,2.49635947576
59347,66258,69373,6911,3115,4,36000,3.21861958266
59347,66239,75025,6892,8786,4,36000,1.78442977464
59347,66096,80361,6749,14265,4,36000,1.47311601823
59348,67407,70265,8059,2858,4,36000,3.81980405878
59348,68059,72879,8711,4820,4,36000,2.80726141079
59348,67844,75702,8496,7858,4,36000,2.08119114278
59348,67699,69923,8351,2224,4,36000,4.75494604317
59349,69385,72274,10036,2889,4,36000,4.47386638975
59349,69281,76030,9932,6749,4,36000,2.47162542599
59349,68645,74436,9296,5791,4,36000,2.60524952513
59349,69935,76997,10586,7062,4,36000,2.49900877938
59349,68080,78592,8731,10512,4,36000,1.83057458143
59350,70883,77137,11533,6254,4,36000,2.84409977614
59350,70278,78678,10928,8400,4,36000,2.30095238095
59350,70613,78089,11263,7476,4,36000,2.50655430712
59350,71359,73525,12009,2166,4,36000,6.54432132964
59351,73537,75580,14186,2043,4,36000,7.94371023005
59351,72286,75607,12935,3321,4,36000,4.89491117133
59351,74448,76865,15097,2417,4,36000,7.24617294166
59351,72893,75901,13542,3008,4,36000,5.50199468085
59352,75622,81062,16270,5440,4,36000,3.99080882353
59352,75038,77585,15686,2547,4,36000,7.15861798194
59352,75593,75598,16241,5,4,36000,1624.6
59352,75913,80673,16561,4760,4,36000,4.47920168067
59450,59457,62878,7,3421,2,7200,1.00204618533
59562,59569,63159,7,3590,2,7200,1.00194986072
59579,59586,62875,7,3289,2,7200,1.00212830648
59649,59655,63149,6,3494,2,7200,1.00171722954
59709,59717,63250,8,3533,2,7200,1.00226436456
59711,59729,63356,18,3627,2,7200,1.00496277916
59726,59736,63246,10,3510,2,7200,1.00284900285
59741,59747,63122,6,3375,2,7200,1.00177777778
59756,59762,63214,6,3452,2,7200,1.00173812283
59780,59786,63459,6,3673,2,7200,1.00163354206
59781,59799,63069,18,3270,2,7200,1.00550458716
59823,59830,63306,7,3476,2,7200,1.00201380898
59838,59847,63453,9,3606,2,7200,1.00249584027
59856,59865,63082,9,3217,2,7200,1.00279763755
59892,59899,63180,7,3281,2,7200,1.00213349589
59935,59942,63590,7,3648,2,7200,1.00191885965
59953,59960,63640,7,3680,2,7200,1.00190217391
59967,59978,63577,11,3599,2,7200,1.00305640456
59985,59992,63321,7,3329,2,7200,1.00210273355
60115,60122,63631,7,3509,2,7200,1.00199487033
60158,60164,63739,6,3575,2,7200,1.00167832168
60197,60203,63568,6,3365,2,7200,1.00178306092
60242,60249,63563,7,3314,2,7200,1.00211225106
60293,60299,63826,6,3527,2,7200,1.00170116246
60372,60379,63939,7,3560,2,7200,1.00196629213
60393,60399,63905,6,3506,2,7200,1.00171135197
60447,60454,63924,7,3470,2,7200,1.00201729107
60462,60468,63889,6,3421,2,7200,1.00175387314
60516,60523,63649,7,3126,2,7200,1.00223928343
60540,60546,64011,6,3465,2,7200,1.00173160173
60576,60582,63618,6,3036,2,7200,1.00197628458
60627,60633,64210,6,3577,2,7200,1.00167738328
60690,60698,64013,8,3315,2,7200,1.002413273
60914,60920,64256,6,3336,2,7200,1.00179856115
61059,61065,64248,6,3183,2,7200,1.00188501414
61060,61072,64254,12,3182,2,7200,1.00377121307
61108,61116,64740,8,3624,2,7200,1.00220750552
61397,61403,64831,6,3428,2,7200,1.00175029172
61490,61498,64909,8,3411,2,7200,1.00234535327
61517,61524,65200,7,3676,2,7200,1.00190424374
61678,61685,65310,7,3625,2,7200,1.00193103448
61913,61920,65120,7,3200,2,7200,1.0021875
62252,62259,65593,7,3334,2,7200,1.00209958008
62306,62312,65698,6,3386,2,7200,1.00177200236
62351,62358,66049,7,3691,2,7200,1.00189650501
62629,62636,65963,7,3327,2,7200,1.0021039976
62762,62768,66218,6,3450,2,7200,1.00173913043
62876,62883,66528,7,3645,2,7200,1.00192043896
62891,62899,66339,8,3440,2,7200,1.0023255814
63069,63076,66280,7,3204,2,7200,1.00218476904
63084,63090,66638,6,3548,2,7200,1.00169109357
63123,63131,66495,8,3364,2,7200,1.00237812128
63151,63157,66226,6,3069,2,7200,1.00195503421
63166,63177,66556,11,3379,2,7200,1.00325540101
63181,63187,66932,6,3745,2,7200,1.00160213618
63217,63223,66524,6,3301,2,7200,1.00181763102
63247,63254,66616,7,3362,2,7200,1.00208209399
63262,63270,66718,8,3448,2,7200,1.00232018561
63307,63314,66364,7,3050,2,7200,1.00229508197
63322,63328,66885,6,3557,2,7200,1.00168681473
63355,63362,66934,7,3572,2,7200,1.00195968645
63454,63461,66802,7,3341,2,7200,1.00209518108
63469,63477,66875,8,3398,2,7200,1.00235432607
63563,63569,66991,6,3422,2,7200,1.00175336061
63578,63587,67197,9,3610,2,7200,1.00249307479
63579,63593,66879,14,3286,2,7200,1.00426049909
63594,63601,66956,7,3355,2,7200,1.00208643815
63618,63625,66979,7,3354,2,7200,1.00208706023
63633,63641,67169,8,3528,2,7200,1.0022675737
63649,63659,67158,10,3499,2,7200,1.00285795942
63650,63665,66998,15,3333,2,7200,1.00450045005
63740,63746,67207,6,3461,2,7200,1.001733603
63828,63835,67347,7,3512,2,7200,1.00199316629
63891,63898,67228,7,3330,2,7200,1.0021021021
63906,63913,67447,7,3534,2,7200,1.00198075835
63927,63933,67637,6,3704,2,7200,1.00161987041
63942,63948,67057,6,3109,2,7200,1.00192988099
64014,64020,67304,6,3284,2,7200,1.00182704019
64016,64028,67390,12,3362,2,7200,1.00356930399
64212,64218,67564,6,3346,2,7200,1.00179318589
64248,64254,67752,6,3498,2,7200,1.00171526587
64264,64270,67958,6,3688,2,7200,1.00162689805
64265,64277,67862,12,3585,2,7200,1.00334728033
64269,64924,67544,655,2620,2,3540,1.25
64622,65135,425186,513,360051,2,360000,1.00142479815
64744,64750,68030,6,3280,2,7200,1.00182926829
64832,64838,68239,6,3401,2,7200,1.001764187
64910,64917,68329,7,3412,2,7200,1.00205158265
65008,77832,164261,12824,86429,8,86400,1.14837612375
65121,65128,68717,7,3589,2,7200,1.00195040401
65202,65209,68714,7,3505,2,7200,1.00199714693
65248,77149,128271,11901,51122,8,360000,1.23279605649
65310,78690,134526,13380,55836,8,86400,1.23963034601
65311,65318,68596,7,3278,2,7200,1.00213544844
65402,80686,104812,15284,24126,8,86400,1.63350741938
65592,65598,68844,6,3246,2,7200,1.00184842884
65698,65704,68705,6,3001,2,7200,1.00199933356
65777,81151,133572,15374,52421,8,86400,1.29327941092
65963,65970,69314,7,3344,2,7200,1.00209330144
66047,66054,69484,7,3430,2,7200,1.00204081633
66220,66227,69567,7,3340,2,7200,1.00209580838
66234,66245,69688,11,3443,2,7200,1.00319488818
66280,66286,69629,6,3343,2,7200,1.00179479509
66340,66346,70005,6,3659,2,7200,1.00163979229
66364,66371,69524,7,3153,2,7200,1.00222010783
66497,66504,69832,7,3328,2,7200,1.00210336538
66524,66530,70019,6,3489,2,7200,1.00171969046
66539,66547,70007,8,3460,2,7200,1.00231213873
66556,66564,70226,8,3662,2,7200,1.00218459858
66617,66623,70074,6,3451,2,7200,1.00173862649
66638,66644,70017,6,3373,2,7200,1.0017788319
66719,66726,70210,7,3484,2,7200,1.00200918485
66803,66811,69930,8,3119,2,7200,1.00256492466
66876,66883,70268,7,3385,2,7200,1.00206794682
66892,66899,70240,7,3341,2,7200,1.00209518108
66893,66906,70508,13,3602,2,7200,1.00360910605
66932,66938,70456,6,3518,2,7200,1.0017055145
66947,66953,70388,6,3435,2,7200,1.00174672489
66962,66970,70320,8,3350,2,7200,1.0023880597
66980,66987,70598,7,3611,2,7200,1.00193852119
66995,67002,70617,7,3615,2,7200,1.00193637621
67010,67016,70319,6,3303,2,7200,1.00181653043
67058,67064,70480,6,3416,2,7200,1.00175644028
67157,67165,70427,8,3262,2,7200,1.00245248314
67172,67179,70492,7,3313,2,7200,1.00211288862
67196,67203,70934,7,3731,2,7200,1.00187617261
67211,67217,70566,6,3349,2,7200,1.00179157958
67229,67236,70519,7,3283,2,7200,1.00213219616
67305,67312,70688,7,3376,2,7200,1.00207345972
67347,67355,70512,8,3157,2,7200,1.00253405131
67392,67399,70851,7,3452,2,7200,1.00202780997
67450,67457,70897,7,3440,2,7200,1.00203488372
67551,67557,69386,6,1829,2,3540,1.00328048114
67565,67572,71150,7,3578,2,7200,1.00195640022
67640,67647,71170,7,3523,2,7200,1.00198694295
67752,67758,71354,6,3596,2,7200,1.00166852058
67863,67870,71616,7,3746,2,7200,1.0018686599
67960,67967,71426,7,3459,2,7200,1.00202370627
68032,68038,71618,6,3580,2,7200,1.00167597765
68241,68247,71333,6,3086,2,7200,1.00194426442
68332,68338,71664,6,3326,2,7200,1.00180396873
68362,70476,71532,2114,1056,3,14400,3.00189393939
68362,69400,70464,1038,1064,3,14400,1.97556390977
68363,71544,72615,3181,1071,3,14400,3.97012138189
68364,72627,73695,4263,1068,3,14400,4.99157303371
68364,73707,74773,5343,1066,3,14400,6.01219512195
68595,68602,72130,7,3528,2,7200,1.00198412698
68707,68714,72161,7,3447,2,7200,1.00203075138
68722,68729,71877,7,3148,2,7200,1.00222363405
68723,68736,72239,13,3503,2,7200,1.00371110477
68847,68853,72384,6,3531,2,7200,1.00169923534
69315,69322,72651,7,3329,2,7200,1.00210273355
69385,69393,69400,8,7,1,900,1.5
69402,69501,71420,99,1919,2,3540,1.05158936946
69487,69494,73070,7,3576,2,7200,1.00195749441
69526,69532,72869,6,3337,2,7200,1.00179802218
69568,69575,72765,7,3190,2,7200,1.00219435737
69628,69636,72861,8,3225,2,7200,1.00248062016
69689,69696,73025,7,3329,2,7200,1.00210273355
69833,69841,73602,8,3761,2,7200,1.00212709386
69930,69942,73611,12,3669,2,7200,1.00327064595
70005,70011,73091,6,3080,2,7200,1.00194805195
70007,70019,73569,12,3550,2,7200,1.00338028169
70022,70029,73040,7,3011,2,7200,1.00232480903
70023,70035,73495,12,3460,2,7200,1.00346820809
70074,70082,73510,8,3428,2,7200,1.00233372229
70213,70220,73794,7,3574,2,7200,1.00195858982
70228,70235,73467,7,3232,2,7200,1.00216584158
70243,70250,73818,7,3568,2,7200,1.00196188341
70270,70283,74017,13,3734,2,7200,1.00348152116
70319,70326,73856,7,3530,2,7200,1.00198300283
70334,70340,73963,6,3623,2,7200,1.00165608612
70388,70394,73741,6,3347,2,7200,1.00179265013
70427,70433,74149,6,3716,2,7200,1.0016146394
70457,70463,73789,6,3326,2,7200,1.00180396873
70481,70488,73757,7,3269,2,7200,1.00214132762
70496,70502,73838,6,3336,2,7200,1.00179856115
70511,70517,74164,6,3647,2,7200,1.00164518783
70512,70524,74145,12,3621,2,7200,1.00331400166
70527,70535,74258,8,3723,2,7200,1.00214880473
70566,70574,73917,8,3343,2,7200,1.00239306013
70600,70607,74139,7,3532,2,7200,1.00198187995
70617,70624,74331,7,3707,2,7200,1.0018883194
70690,70696,74104,6,3408,2,7200,1.00176056338
70853,70860,74018,7,3158,2,7200,1.00221659278
70898,70904,74250,6,3346,2,7200,1.00179318589
70934,70941,74467,7,3526,2,7200,1.00198525241
71152,71159,74457,7,3298,2,7200,1.00212249848
71173,71179,74640,6,3461,2,7200,1.001733603
71333,71340,74837,7,3497,2,7200,1.00200171576
71354,71366,74569,12,3203,2,7200,1.00374648767
71426,71630,72460,204,830,2,3540,1.24578313253
71426,71434,74905,8,3471,2,7200,1.00230481129
71616,71622,74985,6,3363,2,7200,1.00178412132
71631,71637,74949,6,3312,2,7200,1.0018115942
71664,71672,75020,8,3348,2,7200,1.00238948626
71875,71882,75346,7,3464,2,7200,1.00202078522
72130,72137,75600,7,3463,2,7200,1.00202136876
72163,72170,75669,7,3499,2,7200,1.00200057159
72238,72245,75640,7,3395,2,7200,1.00206185567
72383,72390,75723,7,3333,2,7200,1.00210021002
72459,72473,72478,14,5,1,900,1.9
72475,72490,74396,15,1906,2,3540,1.00786988458
72581,72667,75679,86,3012,1,36000,1.02855245684
72653,72660,75739,7,3079,2,7200,1.00227346541
72765,72771,76236,6,3465,2,7200,1.00173160173
72864,72870,76049,6,3179,2,7200,1.00188738597
72879,72885,76281,6,3396,2,7200,1.00176678445
73019,74408,74443,1389,35,2,3540,40.6857142857
73027,73033,76435,6,3402,2,7200,1.00176366843
73042,73049,76536,7,3487,2,7200,1.00200745627
73072,73079,76241,7,3162,2,7200,1.00221378874
73093,73099,76431,6,3332,2,7200,1.00180072029
73468,73475,76962,7,3487,2,7200,1.00200745627
73495,73502,76868,7,3366,2,7200,1.00207961973
73510,73516,76939,6,3423,2,7200,1.00175284838
73571,73577,77111,6,3534,2,7200,1.00169779287
73601,73608,77037,7,3429,2,7200,1.00204141149
73616,73623,76956,7,3333,2,7200,1.00210021002
73743,73750,77019,7,3269,2,7200,1.00214132762
73758,73764,77285,6,3521,2,7200,1.00170406135
73791,73798,77532,7,3734,2,7200,1.00187466524
73806,73812,77197,6,3385,2,7200,1.00177252585
73821,73827,77402,6,3575,2,7200,1.00167832168
73839,73845,77194,6,3349,2,7200,1.00179157958
73857,73864,77186,7,3322,2,7200,1.00210716436
73917,73923,77751,6,3828,2,7200,1.00156739812
73966,73972,77459,6,3487,2,7200,1.0017206768
74017,74024,77294,7,3270,2,7200,1.00214067278
74018,74031,77359,13,3328,2,7200,1.00390625
74106,74113,77646,7,3533,2,7200,1.00198131899
74139,74145,77637,6,3492,2,7200,1.00171821306
74154,74161,77648,7,3487,2,7200,1.00200745627
74156,74168,77641,12,3473,2,7200,1.00345522603
74171,74177,77825,6,3648,2,7200,1.00164473684
74216,75615,81139,1399,5524,6,36000,1.25325850833
74252,74259,77614,7,3355,2,7200,1.00208643815
74267,74274,77591,7,3317,2,7200,1.00211034067
74333,74340,77708,7,3368,2,7200,1.0020783848
74403,74455,75150,52,695,2,3540,1.07482014388
74457,74464,77748,7,3284,2,7200,1.00213154689
74472,74479,77820,7,3341,2,7200,1.00209518108
74572,74579,78218,7,3639,2,7200,1.00192360539
74641,74647,77960,6,3313,2,7200,1.00181104739
74840,74847,78284,7,3437,2,7200,1.00203665988
74907,74914,78072,7,3158,2,7200,1.00221659278
74952,74958,78447,6,3489,2,7200,1.00171969046
74985,74992,78154,7,3162,2,7200,1.00221378874
75021,75028,78403,7,3375,2,7200,1.00207407407
75037,75715,81142,678,5427,6,36000,1.12493090105
75148,75162,75166,14,4,1,900,1.8
75168,75178,77074,10,1896,2,3540,1.0052742616
75347,75354,78589,7,3235,2,7200,1.00216383308
75600,75607,78933,7,3326,2,7200,1.00210463019
75643,75650,78955,7,3305,2,7200,1.00211800303
75670,75677,79067,7,3390,2,7200,1.00206489676
75724,75730,79135,6,3405,2,7200,1.00176211454
75739,75745,79276,6,3531,2,7200,1.00169923534
76050,76056,79842,6,3786,2,7200,1.00158478605
76237,76244,79780,7,3536,2,7200,1.00197963801
76252,76258,79815,6,3557,2,7200,1.00168681473
76282,76289,79631,7,3342,2,7200,1.00209455416
76433,76440,80017,7,3577,2,7200,1.00195694716
76448,76454,80134,6,3680,2,7200,1.00163043478
76539,76545,79901,6,3356,2,7200,1.00178784267
76871,76879,80044,8,3165,2,7200,1.00252764613
76940,76946,80096,6,3150,2,7200,1.0019047619
77082,77089,77521,7,432,2,3540,1.0162037037
77520,77527,77531,7,4,1,900,1.1
77530,77537,77929,7,392,2,3540,1.01785714286
77983,78101,81310,118,3209,6,36000,1.03677157993
78410,78418,81449,8,3031,2,7200,1.00263939294
78450,78456,81727,6,3271,2,7200,1.00183430144
78588,78595,81955,7,3360,2,7200,1.00208333333
78932,78939,82299,7,3360,2,7200,1.00208333333
78953,78960,82437,7,3477,2,7200,1.0020132298
79067,79073,82438,6,3365,2,7200,1.00178306092
79133,79140,82546,7,3406,2,7200,1.00205519671
79276,79283,82826,7,3543,2,7200,1.00197572679
79632,79640,83179,8,3539,2,7200,1.00226052557
79780,79787,83153,7,3366,2,7200,1.00207961973
79814,79821,83342,7,3521,2,7200,1.00198807157
79840,79848,83576,8,3728,2,7200,1.00214592275
79898,79904,83483,6,3579,2,7200,1.00167644593
80018,80028,83564,10,3536,2,7200,1.0028280543
80039,80045,83503,6,3458,2,7200,1.001735107
80097,80104,83381,7,3277,2,7200,1.00213610009
80136,80142,83824,6,3682,2,7200,1.00162954916
81371,81379,86782,8,5403,6,36000,1.00148065889
81449,81455,84711,6,3256,2,7200,1.00184275184
81727,81734,84347,7,2613,2,3540,1.00267891313
81729,81741,85353,12,3612,2,7200,1.00332225914
81956,81962,85634,6,3672,2,7200,1.00163398693
82299,82306,85535,7,3229,2,7200,1.00216785382
82439,82446,85962,7,3516,2,7200,1.00199089875
82440,82453,85972,13,3519,2,7200,1.00369423132
82549,82555,86261,6,3706,2,7200,1.00161899622
82827,82833,86296,6,3463,2,7200,1.00173260179
83150,83157,86682,7,3525,2,7200,1.0019858156
83177,83183,86682,6,3499,2,7200,1.00171477565
83343,83350,86839,7,3489,2,7200,1.00200630553
83382,83388,86716,6,3328,2,7200,1.00180288462
83484,83490,86633,6,3143,2,7200,1.00190900414
83505,83512,87080,7,3568,2,7200,1.00196188341
83565,83572,86601,7,3029,2,7200,1.00231099373
83580,83586,86889,6,3303,2,7200,1.00181653043
83824,83830,87027,6,3197,2,7200,1.00187675946
84355,84362,86178,7,1816,2,3540,1.00385462555
84712,84718,88137,6,3419,2,7200,1.00175489909
85354,85360,88915,6,3555,2,7200,1.00168776371
85535,85541,88860,6,3319,2,7200,1.00180777343
85635,85642,88872,7,3230,2,7200,1.00216718266
85963,85970,89686,7,3716,2,7200,1.00188374596
85978,85984,89055,6,3071,2,7200,1.00195376099
86176,86184,86191,8,7,1,900,1.5
86196,86203,88151,7,1948,2,3540,1.00359342916
86264,86271,89509,7,3238,2,7200,1.00216182829
86297,86304,89999,7,3695,2,7200,1.00189445196
86603,86609,90077,6,3468,2,7200,1.00173010381
86633,86640,90240,7,3600,2,7200,1.00194444444
86682,86689,90094,7,3405,2,7200,1.00205580029
86683,86696,90447,13,3751,2,7200,1.00346574247
86719,86726,90365,7,3639,2,7200,1.00192360539
86759,87696,123702,937,36006,6,36000,1.02602344054
86840,86847,90113,7,3266,2,7200,1.00214329455
86891,86898,90494,7,3596,2,7200,1.00194660734
87030,87037,90535,7,3498,2,7200,1.00200114351
87081,87087,90513,6,3426,2,7200,1.00175131349
87462,104824,182481,17362,77657,12,172800,1.22357289105
88140,88146,91614,6,3468,2,7200,1.00173010381
88160,88167,88606,7,439,2,3540,1.0159453303
88604,88611,88618,7,7,1,900,1.4
88620,88627,90488,7,1861,2,3540,1.00376141859
88860,88866,92379,6,3513,2,7200,1.00170794193
88875,88882,92144,7,3262,2,7200,1.00214592275
88914,88921,92295,7,3374,2,7200,1.0020746888
89056,89062,92295,6,3233,2,7200,1.00185586143
89509,89515,93154,6,3639,2,7200,1.00164880462
89685,89691,93070,6,3379,2,7200,1.00177567328
89998,90004,93196,6,3192,2,7200,1.00187969925
90080,90086,93507,6,3421,2,7200,1.00175387314
90094,90101,93738,7,3637,2,7200,1.00192466318
90115,90122,93416,7,3294,2,7200,1.0021250759
90242,90248,93409,6,3161,2,7200,1.0018981335
90363,90369,94059,6,3690,2,7200,1.00162601626
90448,90454,93877,6,3423,2,7200,1.00175284838
90496,90502,93871,6,3369,2,7200,1.0017809439
90499,90508,91092,9,584,2,3540,1.0154109589
90514,90521,93948,7,3427,2,7200,1.00204260286
90538,90544,93733,6,3189,2,7200,1.00188146754
91092,91099,91107,7,8,1,900,1.5
91105,91111,92941,6,1830,2,3540,1.00327868852
91612,91620,94879,8,3259,2,7200,1.00245474072
92146,92152,95809,6,3657,2,7200,1.00164068909
92297,92304,95542,7,3238,2,7200,1.00216182829
92298,92311,95817,13,3506,2,7200,1.00370792926
92380,92387,95840,7,3453,2,7200,1.0020272227
92949,92955,93568,6,613,2,3540,1.00978792822
93070,93078,96443,8,3365,2,7200,1.00237741456
93155,93161,96207,6,3046,2,7200,1.00196979645
93197,93204,96518,7,3314,2,7200,1.00211225106
93411,93418,96798,7,3380,2,7200,1.00207100592
93426,93432,96640,6,3208,2,7200,1.00187032419
93507,93513,97066,6,3553,2,7200,1.00168871376
93568,93574,93581,6,7,1,900,1.3
93584,93590,95436,6,1846,2,3540,1.00325027086
93733,93740,97072,7,3332,2,7200,1.00210084034
93748,93755,97246,7,3491,2,7200,1.00200515612
93872,93878,97109,6,3231,2,7200,1.00185701021
93887,93893,97225,6,3332,2,7200,1.00180072029
93947,93953,97211,6,3258,2,7200,1.00184162063
94058,94065,97481,7,3416,2,7200,1.00204918033
94853,94860,94861,7,1,2,3540,1.0
94882,94888,97877,6,2989,2,7200,1.00200736032
95442,95448,95960,6,512,2,3540,1.01171875
95544,95550,98832,6,3282,2,7200,1.00182815356
95750,95757,95931,7,174,1,3600,1.04022988506
95810,95816,99124,6,3308,2,7200,1.00181378476
95825,95832,99299,7,3467,2,7200,1.00201903663
95843,95850,99167,7,3317,2,7200,1.00211034067
95959,95966,95971,7,5,1,900,1.2
95973,95979,97951,6,1972,2,3540,1.00304259635
96119,96126,96484,7,358,1,3600,1.01955307263
96210,96217,99532,7,3315,2,7200,1.00211161388
96445,96452,100042,7,3590,2,7200,1.00194986072
96518,96525,99791,7,3266,2,7200,1.00214329455
96638,96645,100390,7,3745,2,7200,1.00186915888
96799,96805,100259,6,3454,2,7200,1.00173711639
96857,96864,97727,7,863,1,3600,1.00811123986
97068,97075,100439,7,3364,2,7200,1.00208085612
97083,97090,100558,7,3468,2,7200,1.00201845444
97110,97116,100589,6,3473,2,7200,1.00172761301
97213,97220,100683,7,3463,2,7200,1.00202136876
97228,97234,100921,6,3687,2,7200,1.0016273393
97249,97255,100631,6,3376,2,7200,1.00177725118
97347,97354,103245,7,5891,3,14400,1.00118825327
97347,103479,104378,6132,899,3,14400,7.82091212458
97348,104390,105278,7042,888,3,14400,8.93018018018
97349,105290,106198,7941,908,3,14400,9.74559471366
97349,106210,107088,8861,878,3,14400,11.0922551253
97350,107095,107991,9745,896,3,14400,11.8761160714
97351,107997,108872,10646,875,3,14400,13.1668571429
97352,109772,110655,12420,883,3,14400,15.0656851642
97352,108878,109766,11526,888,3,14400,13.9797297297
97353,110662,111537,13309,875,3,14400,16.2102857143
97475,97481,100823,6,3342,2,7200,1.00179533214
97881,97888,101120,7,3232,2,7200,1.00216584158
97958,97965,98397,7,432,2,3540,1.0162037037
98397,98404,98409,7,5,1,900,1.2
98411,98417,100362,6,1945,2,3540,1.0030848329
98833,98839,102239,6,3400,2,7200,1.00176470588
99022,99028,99145,6,117,1,3600,1.05128205128
99127,99133,102634,6,3501,2,7200,1.00171379606
99166,99172,102396,6,3224,2,7200,1.00186104218
99250,99257,99433,7,176,1,3600,1.03977272727
99299,99306,102764,7,3458,2,7200,1.0020242915
99301,99313,99646,12,333,1,3600,1.03603603604
99532,99539,102907,7,3368,2,7200,1.0020783848
99598,99605,99973,7,368,1,3600,1.01902173913
99792,99800,103402,8,3602,2,7200,1.00222098834
100044,100050,103467,6,3417,2,7200,1.00175592625
100125,100132,100776,7,644,1,3600,1.01086956522
100261,100269,103604,8,3335,2,7200,1.0023988006
100346,100353,101153,7,800,1,3600,1.00875
100371,100378,101134,7,756,2,3540,1.00925925926
100391,100398,103786,7,3388,2,7200,1.0020661157
100439,100447,103886,8,3439,2,7200,1.00232625763
100560,100568,103983,8,3415,2,7200,1.00234260615
100590,100598,104356,8,3758,2,7200,1.00212879191
100630,100637,103940,7,3303,2,7200,1.0021192855
100684,100691,104032,7,3341,2,7200,1.00209518108
100827,100834,104138,7,3304,2,7200,1.00211864407
100920,100927,104620,7,3693,2,7200,1.00189547793
101120,101127,104489,7,3362,2,7200,1.00208209399
101132,101139,101146,7,7,1,900,1.4
101150,101157,103097,7,1940,2,3540,1.00360824742
102136,102142,102145,6,3,1,259200,1.0
102136,102148,162122,12,59974,1,259200,1.0002000867
102137,102153,161175,16,59022,1,259200,1.00027108536
102218,102226,161343,8,59117,1,259200,1.00013532486
102242,102249,105916,7,3667,2,7200,1.00190891737
102297,102303,233498,6,131195,1,540000,1.00004573345
102297,102309,234743,12,132434,1,540000,1.00009061117
102297,102314,235271,17,132957,1,540000,1.00012786089
102397,102404,105830,7,3426,2,7200,1.00204319907
102444,102451,102570,7,119,1,3600,1.05882352941
102637,102643,106300,6,3657,2,7200,1.00164068909
102691,102698,370332,7,267634,1,540000,1.00002615512
102692,102704,369531,12,266827,1,540000,1.00004497296
102692,102709,369554,17,266845,1,540000,1.0000637074
102751,102778,103108,27,330,1,3600,1.08181818182
102764,102771,106247,7,3476,2,7200,1.00201380898
102795,103109,105420,314,2311,3,36000,1.13587191692
102826,103265,104502,439,1237,3,7200,1.354890865
102906,102913,106435,7,3522,2,7200,1.0019875071
103027,103033,103155,6,122,1,1800,1.04918032787
103103,103165,103647,62,482,2,3540,1.12863070539
103406,103413,107209,7,3796,2,7200,1.00184404636
103465,103471,103585,6,114,1,1800,1.05263157895
103469,103484,106983,15,3499,2,7200,1.00428693913
103601,103607,104231,6,624,1,3600,1.00961538462
103606,103614,107224,8,3610,2,7200,1.00221606648
103646,103653,103661,7,8,1,900,1.5
103666,103672,105840,6,2168,2,3540,1.00276752768
103784,103790,106935,6,3145,2,7200,1.00190779014
103890,103896,107391,6,3495,2,7200,1.0017167382
103941,103948,107254,7,3306,2,7200,1.00211736237
103983,103990,107335,7,3345,2,7200,1.00209267564
104035,104041,107652,6,3611,2,7200,1.00166158959
104141,104147,107435,6,3288,2,7200,1.00182481752
104273,104280,104864,7,584,1,1800,1.01198630137
104359,104365,107786,6,3421,2,7200,1.00175387314
104492,104499,107831,7,3332,2,7200,1.00210084034
104621,104627,107957,6,3330,2,7200,1.0018018018
105834,105841,109316,7,3475,2,7200,1.00201438849
105846,105854,106401,8,547,2,3540,1.01462522852
105915,105923,109483,8,3560,2,7200,1.00224719101
106248,106255,109983,7,3728,2,7200,1.0018776824
106303,106309,109792,6,3483,2,7200,1.00172265289
106400,106407,106413,7,6,1,900,1.3
106412,106420,106771,8,351,2,3540,1.02279202279
106436,106442,109886,6,3444,2,7200,1.00174216028
106770,106776,106777,6,1,1,900,1.0
111783,111790,115634,7,3844,2,7200,1.00182101977
111784,111797,115405,13,3608,2,7200,1.00360310421
111786,111802,115386,16,3584,2,7200,1.00446428571
111787,111807,115483,20,3676,2,7200,1.00544069641
111788,111813,115196,25,3383,2,7200,1.00738989063
111790,111818,115236,28,3418,2,7200,1.0081919251
111791,111825,115114,34,3289,2,7200,1.0103374886
111792,111830,115191,38,3361,2,7200,1.01130615888
111794,111835,115159,41,3324,2,7200,1.0123345367
111795,111840,115162,45,3322,2,7200,1.01354605659
111796,111846,115490,50,3644,2,7200,1.01372118551
111798,111851,115342,53,3491,2,7200,1.0151818963
111799,111856,115021,57,3165,2,7200,1.01800947867
111800,111861,115225,61,3364,2,7200,1.01813317479
111802,111867,115501,65,3634,2,7200,1.01788662631
111803,111872,115456,69,3584,2,7200,1.01925223214
111805,111877,115182,72,3305,2,7200,1.02178517398
112629,121231,122809,8602,1578,3,14400,6.45120405577
112629,115209,121224,2580,6015,3,14400,1.4289276808
112630,122816,124445,10186,1629,3,14400,7.25291589932
112631,124451,126027,11820,1576,3,14400,8.5
112631,126035,127602,13404,1567,3,14400,9.55392469687
112632,127614,129181,14982,1567,3,14400,10.5609444799
112633,129187,130759,16554,1572,3,14400,11.5305343511
112633,130769,132308,18136,1539,3,14400,12.7842755036
112634,132315,133871,19681,1556,3,14400,13.6484575835
112635,133878,135457,21243,1579,3,14400,14.4534515516
113073,115174,145754,2101,30580,4,32400,1.06870503597
115026,115033,118423,7,3390,2,7200,1.00206489676
115114,115121,118633,7,3512,2,7200,1.00199316629
115159,115165,118347,6,3182,2,7200,1.00188560654
115174,115181,118614,7,3433,2,7200,1.00203903292
115189,115195,118562,6,3367,2,7200,1.00178200178
115204,115216,118580,12,3364,2,7200,1.00356718193
115205,115221,118617,16,3396,2,7200,1.00471142521
115226,115233,118812,7,3579,2,7200,1.00195585359
115241,115247,118622,6,3375,2,7200,1.00177777778
115344,115351,118684,7,3333,2,7200,1.00210021002
115383,115389,119016,6,3627,2,7200,1.00165425972
115407,115414,119018,7,3604,2,7200,1.00194228635
115455,115462,118914,7,3452,2,7200,1.00202780997
115482,115489,118481,7,2992,2,7200,1.00233957219
115497,115504,118886,7,3382,2,7200,1.00206978119
115512,115518,118998,6,3480,2,7200,1.00172413793
115633,115639,118920,6,3281,2,7200,1.00182871076
118347,118353,121836,6,3483,2,7200,1.00172265289
118425,118431,121704,6,3273,2,7200,1.00183318057
118483,118489,121925,6,3436,2,7200,1.00174621653
118561,118568,122146,7,3578,2,7200,1.00195640022
118579,118585,122078,6,3493,2,7200,1.00171772116
118615,118622,121771,7,3149,2,7200,1.00222292791
118616,118629,122257,13,3628,2,7200,1.00358324146
118632,118638,121982,6,3344,2,7200,1.00179425837
118633,118645,122062,12,3417,2,7200,1.0035118525
118686,118693,122018,7,3325,2,7200,1.00210526316
118812,118819,122287,7,3468,2,7200,1.00201845444
118888,118895,122045,7,3150,2,7200,1.00222222222
118915,118921,122266,6,3345,2,7200,1.00179372197
118930,118937,122291,7,3354,2,7200,1.00208706023
118999,119006,122547,7,3541,2,7200,1.0019768427
119017,119024,122385,7,3361,2,7200,1.00208271348
119032,119038,122428,6,3390,2,7200,1.0017699115
119629,119636,120047,7,411,2,10800,1.01703163017
119901,120059,120460,158,401,2,10800,1.39401496259
121593,121599,123817,6,2218,2,10800,1.00270513977
121630,121637,121675,7,38,2,3600,1.18421052632
121705,121711,124939,6,3228,2,7200,1.00185873606
121771,121778,124966,7,3188,2,7200,1.002195734
121835,121842,125363,7,3521,2,7200,1.00198807157
121925,121932,125308,7,3376,2,7200,1.00207345972
121982,121988,125375,6,3387,2,7200,1.00177147919
122018,122025,125565,7,3540,2,7200,1.00197740113
122045,122053,125269,8,3216,2,7200,1.00248756219
122063,122069,125784,6,3715,2,7200,1.00161507402
122081,122087,125744,6,3657,2,7200,1.00164068909
122141,122149,125418,8,3269,2,7200,1.00244723157
122259,122266,125408,7,3142,2,7200,1.00222788033
122272,122279,123117,7,838,2,3600,1.00835322196
122274,122285,125486,11,3201,2,7200,1.00343642612
122289,122296,125619,7,3323,2,7200,1.00210653024
122304,122312,125689,8,3377,2,7200,1.00236896654
122386,122393,125676,7,3283,2,7200,1.00213219616
122431,122437,125653,6,3216,2,7200,1.00186567164
122549,122555,125953,6,3398,2,7200,1.00176574456
122686,122693,122727,7,34,2,3600,1.20588235294
123347,123354,123980,7,626,2,3600,1.01118210863
123915,123922,123936,7,14,2,3600,1.5
124210,124216,124630,6,414,2,10800,1.01449275362
124871,124878,125167,7,289,1,1800,1.02422145329
124941,124949,128261,8,3312,2,7200,1.00241545894
124968,124976,128379,8,3403,2,7200,1.00235086688
125271,125277,128456,6,3179,2,7200,1.00188738597
125310,125317,128655,7,3338,2,7200,1.00209706411
125365,125372,128842,7,3470,2,7200,1.00201729107
125380,125387,128604,7,3217,2,7200,1.00217594032
125410,125416,128941,6,3525,2,7200,1.00170212766
125425,125432,128712,7,3280,2,7200,1.00213414634
125488,125495,128920,7,3425,2,7200,1.00204379562
125567,125573,129078,6,3505,2,7200,1.00171184023
125618,125625,128992,7,3367,2,7200,1.00207900208
125654,125660,129278,6,3618,2,7200,1.00165837479
125675,125681,129292,6,3611,2,7200,1.00166158959
125690,125697,129088,7,3391,2,7200,1.00206428782
125745,125751,129421,6,3670,2,7200,1.00163487738
125784,125791,129349,7,3558,2,7200,1.00196739741
125954,125960,129488,6,3528,2,7200,1.00170068027
126023,126029,126085,6,56,1,600,1.10714285714
126387,126393,131529,6,5136,4,36000,1.0011682243
126434,126441,129757,7,3316,4,36000,1.00211097708
126553,126559,162579,6,36020,6,36000,1.00016657413
126857,126864,127782,7,918,1,1800,1.00762527233
127199,127206,127787,7,581,1,1800,1.01204819277
127295,127794,127818,499,24,1,310,21.7916666667
127708,128277,128278,569,1,2,3600,57.0
127802,127808,153197,6,25389,1,46800,1.00023632282
127845,128284,129050,439,766,8,86400,1.57310704961
127937,127944,129367,7,1423,1,2400,1.00491918482
128139,128291,423534,152,295243,2,295200,1.00051483016
128263,128270,131718,7,3448,2,7200,1.00203016241
128322,128391,129170,69,779,1,1800,1.08857509628
128331,128983,128984,652,1,4,18000,65.3
128331,128969,128970,638,1,4,18000,63.9
128331,128956,128958,625,2,4,18000,62.7
128331,128937,128939,606,2,4,18000,60.8
128332,128996,128997,664,1,4,18000,66.5
128378,128384,131907,6,3523,2,7200,1.00170309395
128456,128462,131907,6,3445,2,7200,1.00174165457
128605,128612,132014,7,3402,2,7200,1.00205761317
128656,128662,132015,6,3353,2,7200,1.00178944229
128713,128720,132018,7,3298,2,7200,1.00212249848
128843,128850,132093,7,3243,2,7200,1.00215849522
128843,128857,128924,14,67,2,3600,1.20895522388
128919,128925,132295,6,3370,2,7200,1.00178041543
128943,128949,132270,6,3321,2,7200,1.00180668473
128994,129002,132299,8,3297,2,7200,1.00242644829
129078,129085,132542,7,3457,2,7200,1.00202487706
129093,129100,132397,7,3297,2,7200,1.00212314225
129278,129285,132638,7,3353,2,7200,1.00208768267
129292,129300,132804,8,3504,2,7200,1.00228310502
129350,129356,132621,6,3265,2,7200,1.00183767228
129422,129428,132590,6,3162,2,7200,1.00189753321
129488,129495,132853,7,3358,2,7200,1.00208457415
129830,129837,130949,7,1112,2,2340,1.00629496403
129874,129880,149203,6,19323,2,28800,1.00031051079
130754,130762,130768,8,6,1,310,1.4
130832,130839,130885,7,46,1,310,1.15217391304
130949,130955,130959,6,4,1,900,1.0
130955,130962,132000,7,1038,2,2340,1.00674373796
131244,131250,131272,6,22,1,310,1.27272727273
131455,131462,131484,7,22,1,310,1.31818181818
131583,131590,131636,7,46,1,310,1.15217391304
131716,131723,135230,7,3507,2,7200,1.00199600798
131910,131916,135222,6,3306,2,7200,1.00181488203
131911,131923,135126,12,3203,2,7200,1.00374648767
131998,132004,132009,6,5,1,900,1.1
132000,132016,132262,16,246,1,310,1.06504065041
132003,132011,132659,8,648,2,2340,1.01234567901
132014,132024,135561,10,3537,2,7200,1.00282725474
132015,132029,135336,14,3307,2,7200,1.00423344421
132030,132038,135354,8,3316,2,7200,1.00241254524
132094,132101,135433,7,3332,2,7200,1.00210084034
132269,132276,135744,7,3468,2,7200,1.00201845444
132296,132303,135946,7,3643,2,7200,1.00192149327
132311,132322,135770,11,3448,2,7200,1.00319025522
132391,132398,132632,7,234,1,310,1.02991452991
132398,132405,135894,7,3489,2,7200,1.00200630553
132543,132549,136050,6,3501,2,7200,1.00171379606
132589,132595,135827,6,3232,2,7200,1.00185643564
132622,132629,136273,7,3644,2,7200,1.00192096597
132637,132644,136128,7,3484,2,7200,1.00200918485
132657,132663,132668,6,5,1,900,1.1
132663,132670,133175,7,505,2,2340,1.01386138614
132807,132813,136231,6,3418,2,7200,1.00175541252
132852,132859,136164,7,3305,2,7200,1.00211800303
132980,132987,133207,7,220,1,310,1.03181818182
133173,133180,133185,7,5,1,900,1.2
133181,133188,133700,7,512,2,2340,1.013671875
133698,133705,133710,7,5,1,900,1.2
133704,133712,134344,8,632,2,2340,1.01265822785
134100,134106,134347,6,241,1,310,1.02489626556
134182,134189,134191,7,2,4,18000,1.0
134342,134350,134355,8,5,1,900,1.3
134348,134357,135153,9,796,2,2340,1.01130653266
134440,134446,137410,6,2964,1,5400,1.0020242915
134749,134755,135018,6,263,1,310,1.02281368821
134788,134795,135020,7,225,1,310,1.03111111111
135126,135132,135380,6,248,1,310,1.02419354839
135127,135144,135405,17,261,1,310,1.06513409962
135129,135139,138648,10,3509,2,7200,1.00284981476
135152,135159,135163,7,4,1,900,1.1
135157,135166,135507,9,341,2,2340,1.02639296188
135223,135230,138445,7,3215,2,7200,1.00217729393
135238,135244,138828,6,3584,2,7200,1.00167410714
135338,135344,138539,6,3195,2,7200,1.00187793427
135356,135363,138837,7,3474,2,7200,1.00201496834
135434,135441,138886,7,3445,2,7200,1.00203193033
135564,135570,138924,6,3354,2,7200,1.00178890877
135745,135752,139094,7,3342,2,7200,1.00209455416
135769,135775,139146,6,3371,2,7200,1.00177988727
135785,135792,136045,7,253,1,310,1.02766798419
135829,135835,139146,6,3311,2,7200,1.00181214135
135856,135862,135871,6,9,2,3600,1.5
135893,135899,139511,6,3612,2,7200,1.00166112957
135947,135954,139323,7,3369,2,7200,1.00207776788
136050,136057,139530,7,3473,2,7200,1.00201554852
136128,136134,139439,6,3305,2,7200,1.00181543116
136164,136171,139390,7,3219,2,7200,1.00217458838
136169,136178,136399,9,221,1,310,1.0407239819
136233,136241,139393,8,3152,2,7200,1.00253807107
136273,136280,139635,7,3355,2,7200,1.00208643815
136607,136613,137717,6,1104,2,2340,1.00543478261
136671,136678,136899,7,221,1,310,1.03167420814
137026,137033,137858,7,825,1,1800,1.00848484848
137187,137193,137530,6,337,1,310,1.0178041543
137232,137238,137254,6,16,2,3600,1.375
137306,137313,138275,7,962,1,7200,1.00727650728
137715,137723,137728,8,5,1,900,1.3
137722,137730,138344,8,614,2,2340,1.01302931596
137797,137804,138127,7,323,1,310,1.02167182663
138221,138227,138577,6,350,1,310,1.01714285714
138342,138349,138356,7,7,1,900,1.4
138349,138356,139239,7,883,2,2340,1.00792751982
138446,138453,142221,7,3768,2,7200,1.00185774947
138540,138546,142022,6,3476,2,7200,1.00172612198
138645,138653,142286,8,3633,2,7200,1.00220203688
138705,138711,140860,6,2149,2,36000,1.00279199628
138751,138758,140621,7,1863,4,36000,1.00375738057
138761,138768,139036,7,268,1,310,1.02611940299
138763,138775,139062,12,287,1,310,1.04181184669
138829,138837,142195,8,3358,2,7200,1.00238237046
138844,138852,142463,8,3611,2,7200,1.00221545278
138884,138890,142004,6,3114,2,7200,1.00192678227
138926,138933,142348,7,3415,2,7200,1.00204978038
139095,139102,142444,7,3342,2,7200,1.00209455416
139125,139131,142562,6,3431,2,7200,1.00174876129
139143,139150,142492,7,3342,2,7200,1.00209455416
139238,139245,139248,7,3,1,900,1.0
139243,139252,139761,9,509,2,2340,1.01768172888
139244,139257,139520,13,263,1,310,1.04942965779
139321,139327,142997,6,3670,2,7200,1.00163487738
139391,139397,142985,6,3588,2,7200,1.0016722408
139406,139412,143025,6,3613,2,7200,1.0016606698
139442,139448,142967,6,3519,2,7200,1.00170502984
139512,139519,143156,7,3637,2,7200,1.00192466318
139532,139540,142975,8,3435,2,7200,1.00232896652
139607,139613,139744,6,131,1,900,1.04580152672
139635,139642,142992,7,3350,2,7200,1.00208955224
139646,139653,139994,7,341,1,310,1.02052785924
139759,139766,139776,7,10,1,900,1.7
139764,139773,140081,9,308,2,2340,1.02922077922
140081,140087,140088,6,1,1,900,1.0
140271,140278,140524,7,246,1,310,1.02845528455
140627,140635,140795,8,160,1,900,1.05
140742,140748,141067,6,319,1,310,1.01880877743
141156,141163,141539,7,376,4,36000,1.01861702128
141301,141308,141640,7,332,1,310,1.02108433735
141473,141480,142938,7,1458,20,345600,1.00480109739
141760,141767,142050,7,283,1,310,1.02473498233
141773,141780,164314,7,22534,2,36000,1.0003106417
141782,141788,156161,6,14373,2,36000,1.00041744938
141803,141809,152240,6,10431,2,36000,1.00057520851
141823,141830,150547,7,8717,2,36000,1.00080302856
141838,141844,151410,6,9566,2,36000,1.00062722141
141884,142061,142067,177,6,4,36000,18.3
142007,142013,145529,6,3516,2,7200,1.00170648464
142022,142029,145498,7,3469,2,7200,1.00201787259
142194,142201,145284,7,3083,2,7200,1.00227051573
142224,142230,145595,6,3365,2,7200,1.00178306092
142271,142277,142501,6,224,1,310,1.02678571429
142288,142294,145763,6,3469,2,7200,1.00172960507
142348,142354,145744,6,3390,2,7200,1.0017699115
142444,142451,145763,7,3312,2,7200,1.00211352657
142466,142472,145670,6,3198,2,7200,1.00187617261
142493,142499,145763,6,3264,2,7200,1.00183823529
142562,142568,145763,6,3195,2,7200,1.00187793427
142670,142677,144178,7,1501,1,7200,1.00466355763
142970,142976,145763,6,2787,2,7200,1.00215285253
142985,142991,145763,6,2772,2,7200,1.00216450216
142986,142998,145763,12,2765,2,7200,1.00433996383
143002,143009,145763,7,2754,2,7200,1.00254175744
143003,143016,145763,13,2747,2,7200,1.00473243538
143021,143029,143213,8,184,1,310,1.04347826087
143027,143036,145763,9,2727,2,7200,1.00330033003
143157,143163,145763,6,2600,2,7200,1.00230769231
143304,143310,144014,6,704,1,1800,1.00852272727
143666,143673,143946,7,273,1,310,1.02564102564
143688,143852,155557,164,11705,4,36000,1.01401110636
143901,143907,144779,6,872,16,345600,1.00688073394
144616,144624,145477,8,853,1,1800,1.00937866354
145074,145080,151600,6,6520,3,14400,1.0009202454
145283,145290,145763,7,473,2,7200,1.01479915433
145501,145508,145763,7,255,2,7200,1.02745098039
145528,145535,145763,7,228,2,7200,1.03070175439
145595,145601,145763,6,162,2,7200,1.03703703704
145670,145677,145763,7,86,2,7200,1.08139534884
145746,145753,145763,7,10,2,7200,1.7
145749,145760,149288,11,3528,2,28800,1.00311791383
145855,145861,149008,6,3147,20,345600,1.00190657769
145873,145881,149137,8,3256,2,7200,1.00245700246
145875,145886,149380,11,3494,2,7200,1.00314825415
145876,145893,149466,17,3573,2,7200,1.00475790652
145877,145898,149346,21,3448,2,7200,1.00609048724
145879,145903,149456,24,3553,2,7200,1.00675485505
145880,145908,149450,28,3542,2,7200,1.00790513834
145881,145914,149633,33,3719,2,7200,1.00887335305
145883,145919,149550,36,3631,2,7200,1.00991462407
145884,145924,149452,40,3528,2,7200,1.01133786848
145885,145930,149481,45,3551,2,7200,1.01267248662
145887,145937,149442,50,3505,2,7200,1.01426533524
145888,145942,149352,54,3410,2,7200,1.01583577713
145890,145947,149366,57,3419,2,7200,1.01667154139
145891,145952,149329,61,3377,2,7200,1.01806336985
145892,145958,149124,66,3166,2,7200,1.020846494
145894,145963,149187,69,3224,2,7200,1.02140198511
145895,145968,149280,73,3312,2,7200,1.0220410628
145896,145974,149525,78,3551,2,7200,1.02196564348
145898,145979,149673,81,3694,2,7200,1.02192744992
145899,145984,149361,85,3377,2,7200,1.02517026947
145900,145989,149386,89,3397,2,7200,1.02619958787
145902,145995,149526,93,3531,2,7200,1.02633814783
145903,146000,149470,97,3470,2,7200,1.02795389049
145905,146005,149179,100,3174,2,7200,1.03150598614
145906,146011,149564,105,3553,2,7200,1.02955249085
145907,146016,149743,109,3727,2,7200,1.02924604239
145909,146021,149439,112,3418,2,7200,1.03276770041
145910,146026,149400,116,3374,2,7200,1.0343805572
145911,146032,149817,121,3785,2,7200,1.0319682959
145913,146037,149568,124,3531,2,7200,1.03511753044
145914,146042,149238,128,3196,2,7200,1.04005006258
145916,146048,149367,132,3319,2,7200,1.03977101537
145917,146053,149340,136,3287,2,7200,1.04137511409
145918,146058,149601,140,3543,2,7200,1.0395145357
145920,146063,149353,143,3290,2,7200,1.04346504559
145921,146069,149435,148,3366,2,7200,1.04396910279
145922,146074,149400,152,3326,2,7200,1.04570054119
145924,146079,149387,155,3308,2,7200,1.04685610641
145925,146084,149595,159,3511,2,7200,1.04528624324
145926,146090,149451,164,3361,2,7200,1.04879500149
146063,149020,241098,2957,92078,10,360000,1.0321140772
146152,149025,218823,2873,69798,2,345600,1.04116163787
146403,146409,146411,6,2,1,900,1.0
146412,146423,146512,11,89,1,345600,1.12359550562
148239,148246,149489,7,1243,1,2820,1.0056315366
148242,149030,150307,788,1277,1,2820,1.61707126077
148243,149036,150585,793,1549,1,2820,1.51194318915
148245,149041,150339,796,1298,1,2820,1.61325115562
148246,149046,150447,800,1401,1,2820,1.5710206995
148247,149053,150391,806,1338,1,2820,1.6023916293
148248,149058,150543,810,1485,1,2820,1.54545454545
148249,149064,150384,815,1320,1,2820,1.61742424242
148250,149069,150235,819,1166,1,2820,1.70240137221
148251,149138,150299,887,1161,1,2820,1.76399655469
148252,149143,150433,891,1290,1,2820,1.69069767442
148253,149216,150567,963,1351,1,2820,1.71280532939
148254,149221,150731,967,1510,1,2820,1.64039735099
148255,149295,150735,1040,1440,1,2820,1.72222222222
148256,149300,150503,1044,1203,1,2820,1.86783042394
148257,149307,150765,1050,1458,1,2820,1.72016460905
149124,149131,152480,7,3349,2,7200,1.00209017617
149139,149150,152726,11,3576,2,7200,1.00307606264
149178,149185,152547,7,3362,2,7200,1.00208209399
149193,149198,152764,5,3566,2,7200,1.00140213124
149237,149244,152721,7,3477,2,7200,1.0020132298
149282,149288,152729,6,3441,2,7200,1.00174367916
149330,149336,152694,6,3358,2,7200,1.00178677784
149345,149352,152727,7,3375,2,7200,1.00207407407
149346,149358,152736,12,3378,2,7200,1.00355239787
149361,149367,152757,6,3390,2,7200,1.0017699115
149363,149375,152440,12,3065,2,7200,1.00391517129
149364,149380,152526,16,3146,2,7200,1.00508582327
149379,149387,152879,8,3492,2,7200,1.00229095074
149380,149392,153054,12,3662,2,7200,1.00327689787
149395,149401,153179,6,3778,2,7200,1.00158814187
149396,149408,152911,12,3503,2,7200,1.00342563517
149398,149413,152812,15,3399,2,7200,1.00441306267
149413,149420,152969,7,3549,2,7200,1.00197238659
149414,149427,153135,13,3708,2,7200,1.00350593312
149438,149444,153029,6,3585,2,7200,1.00167364017
149453,149460,153161,7,3701,2,7200,1.00189138071
149455,149467,152950,12,3483,2,7200,1.00344530577
149456,149472,153263,16,3791,2,7200,1.00422052229
149457,149478,152854,21,3376,2,7200,1.00622037915
149459,149483,152976,24,3493,2,7200,1.00687088463
149474,149490,152916,16,3426,2,7200,1.00467016929
149475,149495,153268,20,3773,2,7200,1.00530082163
149476,149500,152653,24,3153,2,7200,1.00761179829
149491,149508,152955,17,3447,2,7200,1.00493182478
149503,149515,150958,12,1443,1,2820,1.00831600832
149527,149534,153113,7,3579,2,7200,1.00195585359
149529,149541,152883,12,3342,2,7200,1.00359066427
149549,149557,153222,8,3665,2,7200,1.00218281037
149564,149570,153252,6,3682,2,7200,1.00162954916
149579,149585,152966,6,3381,2,7200,1.00177462289
149594,149600,153286,6,3686,2,7200,1.00162778079
149608,149616,153262,8,3646,2,7200,1.00219418541
149632,149638,153205,6,3567,2,7200,1.00168208579
149665,149671,152785,6,3114,2,7200,1.00192678227
149743,149749,153331,6,3582,2,7200,1.00167504188
149815,149821,153021,6,3200,2,7200,1.001875
150184,150403,150673,219,270,2,10800,1.81111111111
150248,150255,151462,7,1207,1,2820,1.0057995029
150308,150315,152030,7,1715,1,2820,1.00408163265
150323,150331,151722,8,1391,1,2820,1.00575125809
150355,150361,152039,6,1678,1,2820,1.00357568534
150400,150445,152210,45,1765,1,2820,1.02549575071
150401,150459,151686,58,1227,1,2820,1.04726976365
150446,150515,151545,69,1030,1,2820,1.06699029126
150461,150555,151839,94,1284,1,2820,1.07320872274
150522,150562,151892,40,1330,1,2820,1.03007518797
150553,150567,152431,14,1864,1,2820,1.00751072961
150583,150590,152080,7,1490,1,2820,1.00469798658
150598,150605,151864,7,1259,1,2820,1.00555996823
150709,153583,183388,2874,29805,8,86400,1.09642677403
150750,150757,152120,7,1363,1,2820,1.00513573001
150751,150764,151976,13,1212,1,2820,1.01072607261
150780,150787,152081,7,1294,1,2820,1.00540958269
150978,150984,152199,6,1215,1,2820,1.0049382716
151350,151357,194346,7,42989,2,86400,1.00016283235
151480,151486,152926,6,1440,1,2820,1.00416666667
151527,151534,151987,7,453,2,28800,1.01545253863
151557,151563,152872,6,1309,1,2820,1.00458365164
151562,151610,152084,48,474,2,28800,1.10126582278
151629,152139,152252,510,113,3,14400,5.51327433628
151629,152000,152127,371,127,3,14400,3.92125984252
151630,152264,152381,634,117,3,14400,6.4188034188
151631,152393,152506,762,113,3,14400,7.74336283186
151631,152518,152630,887,112,3,14400,8.91964285714
151632,152643,152756,1011,113,3,14400,9.94690265487
151633,152774,152894,1141,120,3,14400,10.5083333333
151634,153040,153154,1406,114,3,14400,13.3333333333
151634,152901,153028,1267,127,3,14400,10.9763779528
151635,153166,153281,1531,115,3,14400,14.3130434783
151679,151685,151984,6,299,1,5400,1.02006688963
151694,151701,152911,7,1210,1,2820,1.00578512397
151739,151746,152977,7,1231,1,2820,1.00568643379
151846,151854,153790,8,1936,1,2820,1.0041322314
151877,151884,153664,7,1780,1,2820,1.00393258427
151893,152096,152996,203,900,4,259200,1.22555555556
151907,151914,153577,7,1663,1,2820,1.00420926037
151983,151989,153181,6,1192,1,2820,1.00503355705
152044,152051,153571,7,1520,1,2820,1.00460526316
152059,152065,153112,6,1047,1,2820,1.00573065903
152089,152132,153400,43,1268,1,2820,1.03391167192
152090,152212,153469,122,1257,1,2820,1.09705648369
152135,152222,153430,87,1208,1,2820,1.07201986755
152152,152252,152253,100,1,2,28800,10.1
152236,152271,152741,35,470,2,3600,1.07446808511
152439,152446,153592,7,1146,1,2820,1.00610820244
152441,152453,156218,12,3765,2,7200,1.003187251
152480,152486,155793,6,3307,2,7200,1.00181433323
152512,152709,157286,197,4577,1,7200,1.04304129342
152527,152534,155957,7,3423,2,7200,1.00204498978
152548,152554,155969,6,3415,2,7200,1.00175695461
152653,152660,156294,7,3634,2,7200,1.00192625206
152695,152702,156276,7,3574,2,7200,1.00195858982
152722,152729,156224,7,3495,2,7200,1.00200286123
152737,152743,156305,6,3562,2,7200,1.00168444694
152738,152750,156254,12,3504,2,7200,1.00342465753
152740,152755,156048,15,3293,2,7200,1.00455511691
152741,152760,155954,19,3194,2,7200,1.00594865373
152756,152767,156182,11,3415,2,7200,1.00322108346
152771,152781,156451,10,3670,2,7200,1.00272479564
152775,152788,153245,13,457,2,3600,1.0284463895
152785,152795,156289,10,3494,2,7200,1.00286204923
152804,152811,153302,7,491,2,3600,1.01425661914
152812,152818,156460,6,3642,2,7200,1.00164744646
152854,152860,156269,6,3409,2,7200,1.00176004693
152881,152888,156372,7,3484,2,7200,1.00200918485
152895,152908,156239,13,3331,2,7200,1.00390273191
152910,152916,156423,6,3507,2,7200,1.00171086399
152916,152928,153423,12,495,2,3600,1.02424242424
152925,152934,156417,9,3483,2,7200,1.00258397933
152952,152958,156505,6,3547,2,7200,1.00169157034
152966,152973,156460,7,3487,2,7200,1.00200745627
152968,152980,156345,12,3365,2,7200,1.00356612184
152983,152989,156226,6,3237,2,7200,1.00185356812
152984,152996,156310,12,3314,2,7200,1.00362100181
153023,153029,156631,6,3602,2,7200,1.00166574125
153038,153047,156449,9,3402,2,7200,1.00264550265
153055,153062,156332,7,3270,2,7200,1.00214067278
153112,153118,156578,6,3460,2,7200,1.00173410405
153136,153143,156253,7,3110,2,7200,1.00225080386
153160,153173,156891,13,3718,2,7200,1.0034965035
153178,153184,156595,6,3411,2,7200,1.00175901495
153204,153211,156944,7,3733,2,7200,1.00187516743
153219,153226,157029,7,3803,2,7200,1.00184065212
153252,153259,156644,7,3385,2,7200,1.00206794682
153267,153274,156581,7,3307,2,7200,1.0021167221
153268,153281,156651,13,3370,2,7200,1.00385756677
153283,153289,156842,6,3553,2,7200,1.00168871376
153298,153304,156599,6,3295,2,7200,1.00182094082
153330,153337,156766,7,3429,2,7200,1.00204141149
153343,153351,153843,8,492,2,3600,1.0162601626
153591,153598,155422,7,1824,1,2820,1.0038377193
153606,153614,154873,8,1259,1,2820,1.0063542494
153681,153689,153690,8,1,1,2820,1.0
153804,153810,155401,6,1591,1,2820,1.00377121307
153880,153909,208662,29,54753,4,259200,1.00052965134
155421,155428,155483,7,55,1,2400,1.12727272727
155794,155801,159221,7,3420,2,7200,1.00204678363
155953,155960,159541,7,3581,2,7200,1.00195476124
155967,155974,159558,7,3584,2,7200,1.001953125
155982,155988,159296,6,3308,2,7200,1.00181378476
156048,156055,159628,7,3573,2,7200,1.00195913798
156183,156190,160037,7,3847,2,7200,1.00181959969
156219,156225,159875,6,3650,2,7200,1.00164383562
156234,156241,159796,7,3555,2,7200,1.00196905767
156235,156248,159877,13,3629,2,7200,1.00358225406
156250,156256,159768,6,3512,2,7200,1.00170842825
156265,156272,159934,7,3662,2,7200,1.00191152376
156266,156279,159464,13,3185,2,7200,1.00408163265
156281,156287,159925,6,3638,2,7200,1.00164925783
156282,156294,159755,12,3461,2,7200,1.00346720601
156295,156317,157517,22,1200,2,10800,1.01833333333
156297,156304,159985,7,3681,2,7200,1.00190165716
156298,156310,159873,12,3563,2,7200,1.00336794836
156313,156324,159851,11,3527,2,7200,1.00311879785
156315,156329,159973,14,3644,2,7200,1.00384193194
156332,156340,159817,8,3477,2,7200,1.00230083405
156347,156353,159933,6,3580,2,7200,1.00167597765
156371,156378,159878,7,3500,2,7200,1.002
156419,156426,160017,7,3591,2,7200,1.00194931774
156422,156435,156657,13,222,2,180,1.05855855856
156433,156441,160158,8,3717,2,7200,1.00215227334
156448,156454,159614,6,3160,2,7200,1.00189873418
156448,156659,156881,211,222,2,180,1.95045045045
156450,156612,156805,162,193,2,180,1.83937823834
156452,156593,156786,141,193,2,180,1.73056994819
156456,156463,156656,7,193,2,180,1.03626943005
156463,156470,159713,7,3243,2,7200,1.00215849522
156464,156477,160171,13,3694,2,7200,1.00351922036
156466,156482,159700,16,3218,2,7200,1.00497203232
156508,156514,159871,6,3357,2,7200,1.0017873101
156580,156586,160161,6,3575,2,7200,1.00167832168
156585,156666,156995,81,329,2,300,1.2462006079
156588,156678,157005,90,327,2,300,1.2752293578
156591,156780,157111,189,331,2,300,1.57099697885
156594,156797,157100,203,303,2,300,1.6699669967
156594,156600,159876,6,3276,2,7200,1.00183150183
156597,156817,157120,220,303,2,300,1.72607260726
156609,156618,160177,9,3559,2,7200,1.00252880022
156611,156624,160115,13,3491,2,7200,1.00372386136
156631,156638,159993,7,3355,2,7200,1.00208643815
156646,156652,160223,6,3571,2,7200,1.00168020162
156661,156673,160125,12,3452,2,7200,1.00347624565
156766,156773,160460,7,3687,2,7200,1.00189856252
156841,156848,160298,7,3450,2,7200,1.00202898551
156892,156899,160247,7,3348,2,7200,1.00209080048
156946,156953,160367,7,3414,2,7200,1.00205038079
157030,157036,160470,6,3434,2,7200,1.00174723355
157135,157142,171938,7,14796,1,36000,1.00047310084
157231,157237,160223,6,2986,1,36000,1.00200937709
159222,159228,162649,6,3421,2,7200,1.00175387314
159262,159268,159273,6,5,2,300,1.1
159264,159275,159281,11,6,2,300,1.7
159268,159280,159289,12,9,2,300,2.1
159271,159287,159390,16,103,2,300,1.15533980583
159273,159292,159345,19,53,2,300,1.35849056604
159297,159303,162880,6,3577,2,7200,1.00167738328
159462,159469,163314,7,3845,2,7200,1.00182054616
159473,159479,159481,6,2,2,3540,1.0
159543,159550,162751,7,3201,2,7200,1.00218681662
159558,159564,162800,6,3236,2,7200,1.00185414091
159612,159619,163013,7,3394,2,7200,1.00206246317
159627,159633,162930,6,3297,2,7200,1.00181983621
159699,159705,163333,6,3628,2,7200,1.00165380375
159714,159720,162875,6,3155,2,7200,1.00190174326
159755,159762,163209,7,3447,2,7200,1.00203075138
159770,159777,163414,7,3637,2,7200,1.00192466318
159794,159800,163354,6,3554,2,7200,1.0016882386
159818,159825,163267,7,3442,2,7200,1.00203370134
159853,159861,163195,8,3334,2,7200,1.0023995201
159868,159875,163191,7,3316,2,7200,1.00211097708
159884,159891,163391,7,3500,2,7200,1.002
159885,159897,163347,12,3450,2,7200,1.00347826087
159887,159903,163216,16,3313,2,7200,1.0048294597
159888,159908,163412,20,3504,2,7200,1.00570776256
159889,159913,163571,24,3658,2,7200,1.00656096227
159925,159931,163203,6,3272,2,7200,1.00183374083
159940,159948,163279,8,3331,2,7200,1.00240168118
159941,159953,163281,12,3328,2,7200,1.00360576923
159974,159981,163382,7,3401,2,7200,1.00205821817
159989,159995,163420,6,3425,2,7200,1.00175182482
160003,160011,163571,8,3560,2,7200,1.00224719101
160018,160025,163282,7,3257,2,7200,1.00214921707
160036,160042,163323,6,3281,2,7200,1.00182871076
160114,160120,163451,6,3331,2,7200,1.00180126088
160128,160135,163468,7,3333,2,7200,1.00210021002
160158,160164,163615,6,3451,2,7200,1.00173862649
160173,160179,163529,6,3350,2,7200,1.00179104478
160175,160187,163808,12,3621,2,7200,1.00331400166
160176,160192,163494,16,3302,2,7200,1.00484554815
160224,160231,163752,7,3521,2,7200,1.00198807157
160248,160254,163642,6,3388,2,7200,1.00177095632
160299,160306,163770,7,3464,2,7200,1.00202078522
160368,160374,163812,6,3438,2,7200,1.0017452007
160458,160465,164141,7,3676,2,7200,1.00190424374
160473,160480,164063,7,3583,2,7200,1.00195367011
160795,160801,183072,6,22271,1,36000,1.00026940865
161348,161355,176782,7,15427,1,36000,1.00045374992
162648,162655,166108,7,3453,2,7200,1.0020272227
162753,162760,166137,7,3377,2,7200,1.00207284572
162800,162807,166393,7,3586,2,7200,1.00195203569
162872,162880,166124,8,3244,2,7200,1.00246609125
162887,162893,166395,6,3502,2,7200,1.00171330668
162932,162939,166149,7,3210,2,7200,1.00218068536
163013,163019,166742,6,3723,2,7200,1.00161160355
163194,163201,166689,7,3488,2,7200,1.00200688073
163209,163216,166811,7,3595,2,7200,1.00194714882
163210,163223,166720,13,3497,2,7200,1.00371747212
163212,163228,166539,16,3311,2,7200,1.00483237693
163226,163236,166363,10,3127,2,7200,1.00319795331
163268,163274,166661,6,3387,2,7200,1.00177147919
163283,163290,166911,7,3621,2,7200,1.00193316763
163285,163297,166725,12,3428,2,7200,1.00350058343
163286,163302,166816,16,3514,2,7200,1.00455321571
163313,163320,166847,7,3527,2,7200,1.00198468954
163327,163334,166591,7,3257,2,7200,1.00214921707
163342,163348,166858,6,3510,2,7200,1.00170940171
163357,163363,166765,6,3402,2,7200,1.00176366843
163358,163370,166683,12,3313,2,7200,1.00362209478
163382,163388,167084,6,3696,2,7200,1.00162337662
163397,163405,166641,8,3236,2,7200,1.00247218789
163412,163419,167048,7,3629,2,7200,1.00192890603
163427,163433,166757,6,3324,2,7200,1.00180505415
163428,163440,167292,12,3852,2,7200,1.0031152648
163452,163458,166940,6,3482,2,7200,1.00172314762
163470,163477,167080,7,3603,2,7200,1.00194282542
163493,163500,166802,7,3302,2,7200,1.00211992732
163529,163535,167114,6,3579,2,7200,1.00167644593
163574,163582,167043,8,3461,2,7200,1.00231147067
163576,163587,167034,11,3447,2,7200,1.00319118074
163615,163622,167086,7,3464,2,7200,1.00202078522
163641,163648,167134,7,3486,2,7200,1.00200803213
163753,163759,167053,6,3294,2,7200,1.00182149362
163770,163778,167207,8,3429,2,7200,1.0023330417
163806,163812,167183,6,3371,2,7200,1.00177988727
163821,163827,167231,6,3404,2,7200,1.0017626322
164062,164068,167396,6,3328,2,7200,1.00180288462
164143,164149,167322,6,3173,2,7200,1.00189095493
164994,165001,183714,7,18713,1,21600,1.0003740715
166107,166114,169969,7,3855,2,7200,1.00181582361
166125,166132,169550,7,3418,2,7200,1.00204798128
166140,166147,169452,7,3305,2,7200,1.00211800303
166154,166162,169481,8,3319,2,7200,1.00241036457
166365,166372,169883,7,3511,2,7200,1.00199373398
166392,166398,169687,6,3289,2,7200,1.00182426269
166407,166414,170108,7,3694,2,7200,1.00189496481
166539,166546,170296,7,3750,2,7200,1.00186666667
166593,166599,169818,6,3219,2,7200,1.0018639329
166644,166650,170326,6,3676,2,7200,1.00163220892
166661,166668,169956,7,3288,2,7200,1.00212895377
166682,166689,169874,7,3185,2,7200,1.0021978022
166697,166703,169929,6,3226,2,7200,1.00185988841
166720,166727,170511,7,3784,2,7200,1.00184989429
166735,166742,170031,7,3289,2,7200,1.00212830648
166750,166757,170086,7,3329,2,7200,1.00210273355
166765,166772,170523,7,3751,2,7200,1.00186616902
166766,166779,169905,13,3126,2,7200,1.00415866923
166802,166809,170455,7,3646,2,7200,1.00191991223
166817,166823,170430,6,3607,2,7200,1.00166343222
166818,166831,170413,13,3582,2,7200,1.0036292574
166848,166854,170377,6,3523,2,7200,1.00170309395
166863,166870,170119,7,3249,2,7200,1.00215450908
166911,166918,170589,7,3671,2,7200,1.00190683737
166941,166947,170752,6,3805,2,7200,1.00157687254
167037,167043,170539,6,3496,2,7200,1.00171624714
167052,167059,170122,7,3063,2,7200,1.00228534117
167053,167066,170632,13,3566,2,7200,1.00364554122
167054,167071,170508,17,3437,2,7200,1.00494617399
167081,167088,170690,7,3602,2,7200,1.0019433648
167096,167103,170640,7,3537,2,7200,1.00197907831
167097,167109,170588,12,3479,2,7200,1.00344926703
167115,167121,170474,6,3353,2,7200,1.00178944229
167133,167139,170355,6,3216,2,7200,1.00186567164
167184,167190,170380,6,3190,2,7200,1.00188087774
167204,167211,170434,7,3223,2,7200,1.00217188954
167231,167237,170469,6,3232,2,7200,1.00185643564
167294,167300,170834,6,3534,2,7200,1.00169779287
167324,167330,170957,6,3627,2,7200,1.00165425972
167396,167403,170999,7,3596,2,7200,1.00194660734
169452,169458,172496,6,3038,2,7200,1.00197498354
169482,169488,173177,6,3689,2,7200,1.00162645703
169551,169558,173180,7,3622,2,7200,1.0019326339
169686,169693,173072,7,3379,2,7200,1.00207161882
169818,169824,173177,6,3353,2,7200,1.00178944229
169875,169881,173164,6,3283,2,7200,1.00182759671
169890,169897,173128,7,3231,2,7200,1.00216651192
169905,169911,173203,6,3292,2,7200,1.00182260024
169928,169934,173350,6,3416,2,7200,1.00175644028
169958,169965,173440,7,3475,2,7200,1.00201438849
169973,169979,173415,6,3436,2,7200,1.00174621653
170033,170040,173146,7,3106,2,7200,1.00225370251
170087,170093,173632,6,3539,2,7200,1.00169539418
170108,170115,173499,7,3384,2,7200,1.00206855792
170123,170129,173851,6,3722,2,7200,1.00161203654
170124,170136,173724,12,3588,2,7200,1.00334448161
170296,170303,173672,7,3369,2,7200,1.00207776788
170325,170332,173805,7,3473,2,7200,1.00201554852
170355,170361,174008,6,3647,2,7200,1.00164518783
170379,170385,173986,6,3601,2,7200,1.00166620383
170394,170400,173743,6,3343,2,7200,1.00179479509
170415,170422,173752,7,3330,2,7200,1.0021021021
170432,170440,173812,8,3372,2,7200,1.00237247924
170447,170453,173517,6,3064,2,7200,1.00195822454
170462,170468,173657,6,3189,2,7200,1.00188146754
170476,170484,173843,8,3359,2,7200,1.00238166121
170478,170491,174080,13,3589,2,7200,1.00362217888
170511,170518,173979,7,3461,2,7200,1.00202253684
170512,170525,174005,13,3480,2,7200,1.00373563218
170527,170533,174187,6,3654,2,7200,1.00164203612
170541,170548,174172,7,3624,2,7200,1.00193156733
170590,170597,174141,7,3544,2,7200,1.0019751693
170591,170604,174009,13,3405,2,7200,1.00381791483
170633,170639,174157,6,3518,2,7200,1.0017055145
170648,170655,174041,7,3386,2,7200,1.00206733609
170692,170700,174420,8,3720,2,7200,1.00215053763
170711,170717,173384,6,2667,4,36000,1.00224971879
170719,173193,174456,2474,1263,4,36000,2.95882818686
170734,173396,183866,2662,10470,4,36000,1.25425023878
170746,173430,180045,2684,6615,4,36000,1.40574452003
170752,170760,174488,8,3728,2,7200,1.00214592275
170758,173765,177483,3007,3718,4,36000,1.80876815492
170782,173825,184514,3043,10689,4,36000,1.28468519038
170834,170840,174244,6,3404,2,7200,1.0017626322
170957,170964,174577,7,3613,2,7200,1.0019374481
170999,171005,174615,6,3610,2,7200,1.00166204986
172497,172503,176026,6,3523,2,7200,1.00170309395
173071,173078,176668,7,3590,2,7200,1.00194986072
173128,173135,176513,7,3378,2,7200,1.00207223209
173146,173153,176897,7,3744,2,7200,1.00186965812
173164,173170,176642,6,3472,2,7200,1.0017281106
173179,173185,176541,6,3356,2,7200,1.00178784267
173180,173198,176688,18,3490,2,7200,1.00515759312
173182,173204,176427,22,3223,2,7200,1.00682593857
173206,173212,176481,6,3269,2,7200,1.00183542368
173353,173360,177030,7,3670,2,7200,1.00190735695
173416,173422,176576,6,3154,2,7200,1.00190234623
173439,173446,176971,7,3525,2,7200,1.0019858156
173499,173506,177130,7,3624,2,7200,1.00193156733
173517,173523,176742,6,3219,2,7200,1.0018639329
173634,173641,176880,7,3239,2,7200,1.00216116085
173658,173665,176869,7,3204,2,7200,1.00218476904
173673,173680,177164,7,3484,2,7200,1.00200918485
173724,173731,177127,7,3396,2,7200,1.00206124853
173745,173751,177171,6,3420,2,7200,1.00175438596
173759,173772,177239,13,3467,2,7200,1.00374963946
173807,173815,177087,8,3272,2,7200,1.00244498778
173822,173832,177010,10,3178,2,7200,1.0031466331
173843,173850,177254,7,3404,2,7200,1.00205640423
173858,173866,177590,8,3724,2,7200,1.00214822771
173978,173985,177248,7,3263,2,7200,1.00214526509
173993,174000,177273,7,3273,2,7200,1.00213871066
174008,174014,177844,6,3830,2,7200,1.00156657963
174009,174021,177203,12,3182,2,7200,1.00377121307
174024,174030,177288,6,3258,2,7200,1.00184162063
174042,174049,177209,7,3160,2,7200,1.00221518987
174081,174087,177279,6,3192,2,7200,1.00187969925
174141,174147,177751,6,3604,2,7200,1.00166481687
174158,174164,177506,6,3342,2,7200,1.00179533214
174173,174180,177419,7,3239,2,7200,1.00216116085
174188,174194,177636,6,3442,2,7200,1.00174317257
174245,174251,177617,6,3366,2,7200,1.00178253119
174419,174426,177909,7,3483,2,7200,1.0020097617
174488,174495,177982,7,3487,2,7200,1.00200745627
174578,174584,177948,6,3364,2,7200,1.00178359096
174617,174624,177989,7,3365,2,7200,1.00208023774
176027,176033,179713,6,3680,2,7200,1.00163043478
176427,176434,179874,7,3440,2,7200,1.00203488372
176480,176487,180071,7,3584,2,7200,1.001953125
176516,176522,179590,6,3068,2,7200,1.00195567145
176543,176550,180112,7,3562,2,7200,1.0019651881
176576,176582,179744,6,3162,2,7200,1.00189753321
176642,176649,180160,7,3511,2,7200,1.00199373398
176669,176675,180252,6,3577,2,7200,1.00167738328
176687,176694,180609,7,3915,2,7200,1.00178799489
176744,176751,180322,7,3571,2,7200,1.00196023523
176870,176877,180305,7,3428,2,7200,1.002042007
176885,176892,180412,7,3520,2,7200,1.00198863636
176899,176906,179987,7,3081,2,7200,1.00227198961
176971,176979,180436,8,3457,2,7200,1.00231414521
177010,177017,180422,7,3405,2,7200,1.00205580029
177031,177037,180501,6,3464,2,7200,1.00173210162
177085,177092,180520,7,3428,2,7200,1.002042007
177127,177134,180520,7,3386,2,7200,1.00206733609
177142,177149,180576,7,3427,2,7200,1.00204260286
177166,177172,180592,6,3420,2,7200,1.00175438596
177180,177186,180807,6,3621,2,7200,1.00165700083
177204,177211,180254,7,3043,2,7200,1.00230036149
177219,177226,180777,7,3551,2,7200,1.0019712757
177240,177247,180805,7,3558,2,7200,1.00196739741
177255,177261,180690,6,3429,2,7200,1.00174978128
177256,177269,180608,13,3339,2,7200,1.00389338125
177274,177283,180733,9,3450,2,7200,1.00260869565
177289,177295,180569,6,3274,2,7200,1.00183262065
177290,177302,180556,12,3254,2,7200,1.0036877689
177420,177427,180984,7,3557,2,7200,1.00196795052
177507,177514,181007,7,3493,2,7200,1.00200400802
177591,177598,181007,7,3409,2,7200,1.00205338809
177618,177624,181336,6,3712,2,7200,1.00161637931
177638,177645,181018,7,3373,2,7200,1.00207530388
177753,177759,181347,6,3588,2,7200,1.0016722408
177846,177853,181344,7,3491,2,7200,1.00200515612
177912,177918,181522,6,3604,2,7200,1.00166481687
177947,177954,181493,7,3539,2,7200,1.00197795988
177983,177989,181371,6,3382,2,7200,1.00177409817
177998,178004,181606,6,3602,2,7200,1.00166574125
179592,179599,183307,7,3708,2,7200,1.00188781014
179716,179723,183156,7,3433,2,7200,1.00203903292
179745,179753,183508,8,3755,2,7200,1.00213049268
179875,179882,183711,7,3829,2,7200,1.00182815356
179989,179996,183442,7,3446,2,7200,1.00203134068
180073,180080,183495,7,3415,2,7200,1.00204978038
180115,180122,183904,7,3782,2,7200,1.00185087255
180160,180167,183346,7,3179,2,7200,1.0022019503
180247,180253,183939,6,3686,2,7200,1.00162778079
180262,180269,183741,7,3472,2,7200,1.00201612903
180306,180313,183719,7,3406,2,7200,1.00205519671
180324,180330,183799,6,3469,2,7200,1.00172960507
180414,180421,184089,7,3668,2,7200,1.00190839695
180429,180437,184138,8,3701,2,7200,1.00216157795
180444,180451,183794,7,3343,2,7200,1.00209392761
180504,180510,183869,6,3359,2,7200,1.00178624591
180522,180528,183770,6,3242,2,7200,1.00185070944
180523,180536,183921,13,3385,2,7200,1.00384047267
180556,180563,183955,7,3392,2,7200,1.00206367925
180571,180578,183999,7,3421,2,7200,1.00204618533
180585,180593,183795,8,3202,2,7200,1.00249843848
180600,180606,184036,6,3430,2,7200,1.00174927114
180615,180622,183943,7,3321,2,7200,1.00210779886
180616,180628,183942,12,3314,2,7200,1.00362100181
180691,180697,183720,6,3023,2,7200,1.00198478333
180733,180739,184240,6,3501,2,7200,1.00171379606
180778,180785,184198,7,3413,2,7200,1.00205098154
180805,180812,184315,7,3503,2,7200,1.00199828718
180820,180827,184233,7,3406,2,7200,1.00205519671
180987,180994,184496,7,3502,2,7200,1.0019988578
181008,181014,184318,6,3304,2,7200,1.00181598063
181009,181021,184345,12,3324,2,7200,1.0036101083
181024,181032,184358,8,3326,2,7200,1.00240529164
181105,181111,181113,6,2,2,3540,1.0
181337,181344,184992,7,3648,2,7200,1.00191885965
181352,181359,184649,7,3290,2,7200,1.00212765957
181354,181366,184822,12,3456,2,7200,1.00347222222
181375,181381,184922,6,3541,2,7200,1.0016944366
181495,181502,184812,7,3310,2,7200,1.00211480363
181522,181529,185094,7,3565,2,7200,1.00196353436
181609,181616,185063,7,3447,2,7200,1.00203075138
182140,182147,182318,7,171,1,3600,1.04093567251
182500,182506,182865,6,359,1,3600,1.01671309192
183160,183167,186482,7,3315,2,7200,1.00211161388
183238,183244,184050,6,806,1,3600,1.00744416873
183307,183313,186943,6,3630,2,7200,1.00165289256
183346,183353,186733,7,3380,2,7200,1.00207100592
183442,183449,186868,7,3419,2,7200,1.00204738228
183496,183503,187266,7,3763,2,7200,1.00186021791
183511,183518,186924,7,3406,2,7200,1.00205519671
183712,183718,187145,6,3427,2,7200,1.00175080245
183727,183735,187066,8,3331,2,7200,1.00240168118
183729,183740,187167,11,3427,2,7200,1.00320980449
183743,183751,186866,8,3115,2,7200,1.0025682183
183770,183778,187147,8,3369,2,7200,1.00237459187
183794,183801,187304,7,3503,2,7200,1.00199828718
183796,183808,187162,12,3354,2,7200,1.00357781753
183810,183817,186984,7,3167,2,7200,1.00221029365
183870,183877,187522,7,3645,2,7200,1.00192043896
183906,183912,187306,6,3394,2,7200,1.00176782557
183921,183927,187524,6,3597,2,7200,1.00166805671
183939,183945,187412,6,3467,2,7200,1.00173060283
183954,183961,187411,7,3450,2,7200,1.00202898551
183955,183968,187020,13,3052,2,7200,1.00425950197
183956,183973,187421,17,3448,2,7200,1.00493039443
184001,184008,187484,7,3476,2,7200,1.00201380898
184037,184043,187371,6,3328,2,7200,1.00180288462
184092,184098,187436,6,3338,2,7200,1.00179748352
184140,184146,187591,6,3445,2,7200,1.00174165457
184197,184203,187293,6,3090,2,7200,1.00194174757
184233,184240,187754,7,3514,2,7200,1.00199203187
184247,184255,187802,8,3547,2,7200,1.00225542712
184317,184323,188032,6,3709,2,7200,1.00161768671
184318,184330,187512,12,3182,2,7200,1.00377121307
184345,184351,187787,6,3436,2,7200,1.00174621653
184360,184366,187676,6,3310,2,7200,1.00181268882
184453,184460,789294,7,604834,3,604800,1.00001157342
184498,184504,188071,6,3567,2,7200,1.00168208579
184523,184529,185144,6,615,3,14400,1.00975609756
184653,184659,188009,6,3350,2,7200,1.00179104478
184813,184820,188340,7,3520,2,7200,1.00198863636
184828,184834,188236,6,3402,2,7200,1.00176366843
184924,184930,188537,6,3607,2,7200,1.00166343222
184993,185000,188149,7,3149,2,7200,1.00222292791
185065,185072,188424,7,3352,2,7200,1.00208830549
185095,185102,188328,7,3226,2,7200,1.00216986981
185359,185367,185482,8,115,1,3600,1.06956521739
185658,185664,185995,6,331,1,3600,1.01812688822
185678,185684,185860,6,176,1,3600,1.03409090909
186042,186049,186413,7,364,1,3600,1.01923076923
186356,186362,186884,6,522,3,7200,1.01149425287
186467,186473,187099,6,626,1,3600,1.00958466454
186485,186493,190121,8,3628,2,7200,1.00220507166
186732,186738,190139,6,3401,2,7200,1.001764187
186772,186778,187616,6,838,1,3600,1.00715990453
186867,186874,190446,7,3572,2,7200,1.00195968645
186882,186889,190426,7,3537,2,7200,1.00197907831
186924,186930,190342,6,3412,2,7200,1.00175849941
186945,186952,190514,7,3562,2,7200,1.0019651881
186984,186990,190269,6,3279,2,7200,1.00182982617
187020,187026,190470,6,3444,2,7200,1.00174216028
187065,187071,190421,6,3350,2,7200,1.00179104478
187147,187154,190606,7,3452,2,7200,1.00202780997
187162,187169,190831,7,3662,2,7200,1.00191152376
187163,187176,190546,13,3370,2,7200,1.00385756677
187178,187185,190902,7,3717,2,7200,1.00188323917
187265,187272,190526,7,3254,2,7200,1.00215119852
187292,187298,190664,6,3366,2,7200,1.00178253119
187307,187313,190572,6,3259,2,7200,1.00184105554
187308,187320,190690,12,3370,2,7200,1.00356083086
187371,187377,190710,6,3333,2,7200,1.00180018002
187410,187417,190793,7,3376,2,7200,1.00207345972
187411,187424,190915,13,3491,2,7200,1.00372386136
187426,187433,190720,7,3287,2,7200,1.00212960146
187441,187448,190811,7,3363,2,7200,1.00208147487
187483,187490,190969,7,3479,2,7200,1.00201207243
187513,187520,190896,7,3376,2,7200,1.00207345972
187527,187534,190903,7,3369,2,7200,1.00207776788
187529,187541,191035,12,3494,2,7200,1.00343445907
187592,187599,190825,7,3226,2,7200,1.00216986981
187678,187684,190994,6,3310,2,7200,1.00181268882
187756,187762,190842,6,3080,2,7200,1.00194805195
187761,187768,189835,7,2067,8,14400,1.00338655056
187789,187795,191202,6,3407,2,7200,1.00176108013
187804,187810,191264,6,3454,2,7200,1.00173711639
187984,187990,784229,6,596239,3,604800,1.00001006308
188011,188017,191165,6,3148,2,7200,1.00190597205
188032,188039,191195,7,3156,2,7200,1.00221799747
188071,188077,191670,6,3593,2,7200,1.00166991372
188149,188155,191513,6,3358,2,7200,1.00178677784
188237,188243,191707,6,3464,2,7200,1.00173210162
188330,188338,191877,8,3539,2,7200,1.00226052557
188345,188352,191378,7,3026,2,7200,1.00231328486
188426,188432,191749,6,3317,2,7200,1.00180886343
188538,188544,191792,6,3248,2,7200,1.00184729064
188831,188838,188955,7,117,1,3600,1.05982905983
189135,189143,189462,8,319,1,3600,1.02507836991
189393,189399,189520,6,121,1,1800,1.04958677686
189832,189840,189959,8,119,1,1800,1.06722689076
189962,189969,190582,7,613,1,3600,1.01141924959
190123,190129,193398,6,3269,2,7200,1.00183542368
190138,190144,193521,6,3377,2,7200,1.0017767249
190270,190276,193540,6,3264,2,7200,1.00183823529
190342,190348,193606,6,3258,2,7200,1.00184162063
190424,190431,193455,7,3024,2,7200,1.00231481481
190438,190446,193405,8,2959,2,7200,1.00270361609
190453,190460,193678,7,3218,2,7200,1.00217526414
190471,190478,193700,7,3222,2,7200,1.00217256363
190516,190523,193983,7,3460,2,7200,1.00202312139
190531,190538,194056,7,3518,2,7200,1.00198976691
190545,190552,194053,7,3501,2,7200,1.00199942873
190572,190579,194230,7,3651,2,7200,1.00191728294
190606,190612,194351,6,3739,2,7200,1.00160470714
190642,190648,191264,6,616,1,1800,1.00974025974
190663,190670,194287,7,3617,2,7200,1.0019353055
190690,190696,194056,6,3360,2,7200,1.00178571429
190711,190718,194157,7,3439,2,7200,1.00203547543
190726,190733,193978,7,3245,2,7200,1.00215716487
190795,190802,194268,7,3466,2,7200,1.00201961916
190812,190819,194413,7,3594,2,7200,1.0019476906
190827,190834,194561,7,3727,2,7200,1.00187818621
190842,190848,194315,6,3467,2,7200,1.00173060283
190844,190856,194118,12,3262,2,7200,1.00367872471
190895,190901,194496,6,3595,2,7200,1.0016689847
190910,190916,194253,6,3337,2,7200,1.00179802218
190911,190924,194452,13,3528,2,7200,1.00368480726
190926,190933,194310,7,3377,2,7200,1.00207284572
190971,190977,194737,6,3760,2,7200,1.00159574468
190995,191002,194467,7,3465,2,7200,1.00202020202
191036,191044,194687,8,3643,2,7200,1.00219599231
191166,191172,194422,6,3250,2,7200,1.00184615385
191196,191203,194281,7,3078,2,7200,1.00227420403
191210,191217,194763,7,3546,2,7200,1.00197405527
191264,191274,194721,10,3447,2,7200,1.0029010734
191380,191387,194539,7,3152,2,7200,1.00222081218
191513,191520,194970,7,3450,2,7200,1.00202898551
191672,191678,194774,6,3096,2,7200,1.0019379845
191708,191715,195240,7,3525,2,7200,1.0019858156
191750,191757,195332,7,3575,2,7200,1.00195804196
191792,191799,195225,7,3426,2,7200,1.00204319907
191879,191886,194928,7,3042,2,7200,1.00230111769
193073,193080,193131,7,51,1,1800,1.13725490196
193106,193113,193231,7,118,1,1800,1.0593220339
193155,193163,205375,8,12212,8,14400,1.00065509335
193402,193409,196816,7,3407,2,7200,1.00205459348
193417,193423,196742,6,3319,2,7200,1.00180777343
193455,193462,196758,7,3296,2,7200,1.00212378641
193462,193470,193560,8,90,1,1800,1.08888888889
193522,193528,196964,6,3436,2,7200,1.00174621653
193539,193547,196886,8,3339,2,7200,1.00239592692
193568,193575,193696,7,121,1,1800,1.05785123967
193609,193615,197164,6,3549,2,7200,1.00169061708
193678,193685,197152,7,3467,2,7200,1.00201903663
193699,193706,197231,7,3525,2,7200,1.0019858156
193981,193988,197279,7,3291,2,7200,1.00212701307
193996,194002,197334,6,3332,2,7200,1.00180072029
194053,194060,197840,7,3780,2,7200,1.00185185185
194068,194075,197428,7,3353,2,7200,1.00208768267
194069,194082,197505,13,3423,2,7200,1.00379783815
194117,194123,197789,6,3666,2,7200,1.00163666121
194159,194166,197712,7,3546,2,7200,1.00197405527
194231,194238,197713,7,3475,2,7200,1.00201438849
194252,194258,197761,6,3503,2,7200,1.00171281758
194270,194276,197523,6,3247,2,7200,1.00184785956
194285,194292,197746,7,3454,2,7200,1.00202663578
194299,194305,197542,6,3237,2,7200,1.00185356812
194315,194322,197588,7,3266,2,7200,1.00214329455
194316,194329,197545,13,3216,2,7200,1.00404228856
194352,194359,197920,7,3561,2,7200,1.00196573996
194410,194416,194993,6,577,1,1800,1.01039861352
194415,194423,197695,8,3272,2,7200,1.00244498778
194430,194437,198163,7,3726,2,7200,1.00187869028
194454,194461,197838,7,3377,2,7200,1.00207284572
194469,194476,197729,7,3253,2,7200,1.00215185982
194499,194506,197784,7,3278,2,7200,1.00213544844
194540,194547,197698,7,3151,2,7200,1.00222151698
194554,194560,194857,6,297,1,1800,1.0202020202
194561,194568,197705,7,3137,2,7200,1.0022314313
194687,194694,198080,7,3386,2,7200,1.00206733609
194714,194722,198098,8,3376,2,7200,1.00236966825
194738,194744,198573,6,3829,2,7200,1.00156698877
194765,194771,197990,6,3219,2,7200,1.0018639329
194780,194787,198212,7,3425,2,7200,1.00204379562
194932,194938,198448,6,3510,2,7200,1.00170940171
194971,194977,198414,6,3437,2,7200,1.00174570847
195229,195236,198664,7,3428,2,7200,1.002042007
195244,195250,198649,6,3399,2,7200,1.00176522507
195334,195341,198936,7,3595,2,7200,1.00194714882
196745,196751,200133,6,3382,2,7200,1.00177409817
196760,196766,200325,6,3559,2,7200,1.00168586682
196817,196823,200402,6,3579,2,7200,1.00167644593
196886,196892,200366,6,3474,2,7200,1.00172711572
196964,196971,200455,7,3484,2,7200,1.00200918485
196972,196977,197027,5,50,1,1800,1.1
197154,197160,200435,6,3275,2,7200,1.00183206107
197169,197175,200540,6,3365,2,7200,1.00178306092
197232,197239,200914,7,3675,2,7200,1.0019047619
197277,197283,200873,6,3590,2,7200,1.00167130919
197334,197341,200450,7,3109,2,7200,1.00225152782
197368,197374,197460,6,86,1,1800,1.06976744186
197430,197438,200473,8,3035,2,7200,1.00263591433
197505,197512,201066,7,3554,2,7200,1.00196961171
197523,197530,200836,7,3306,2,7200,1.00211736237
197544,197551,201035,7,3484,2,7200,1.00200918485
197546,197558,201287,12,3729,2,7200,1.00321802092
197588,197594,200906,6,3312,2,7200,1.0018115942
197696,197702,200915,6,3213,2,7200,1.00186741363
197698,197709,201065,11,3356,2,7200,1.00327771156
197713,197719,201348,6,3629,2,7200,1.00165334803
197714,197726,201179,12,3453,2,7200,1.00347523892
197715,197732,201500,17,3768,2,7200,1.00451167728
197730,197739,201275,9,3536,2,7200,1.00254524887
197745,197751,201304,6,3553,2,7200,1.00168871376
197763,197769,201182,6,3413,2,7200,1.00175798418
197784,197791,201121,7,3330,2,7200,1.0021021021
197798,197805,201301,7,3496,2,7200,1.00200228833
197838,197844,201447,6,3603,2,7200,1.00166527893
197839,197851,201211,12,3360,2,7200,1.00357142857
197933,197939,201293,6,3354,2,7200,1.00178890877
197993,198000,201342,7,3342,2,7200,1.00209455416
198060,198067,198148,7,81,8,172800,1.08641975309
198080,198086,201478,6,3392,2,7200,1.00176886792
198101,198108,201581,7,3473,2,7200,1.00201554852
198164,198171,201613,7,3442,2,7200,1.00203370134
198212,198218,371046,6,172828,8,172800,1.0000347166
198212,198224,201506,12,3282,2,7200,1.00365630713
198417,198423,201838,6,3415,2,7200,1.00175695461
198450,198457,201623,7,3166,2,7200,1.00221099179
198488,198495,198776,7,281,1,1800,1.02491103203
198576,198583,201901,7,3318,2,7200,1.00210970464
198648,198655,202064,7,3409,2,7200,1.00205338809
198666,198673,202316,7,3643,2,7200,1.00192149327
198939,198946,202189,7,3243,2,7200,1.00215849522
200134,200141,203498,7,3357,2,7200,1.00208519511
200327,200334,203753,7,3419,2,7200,1.00204738228
200369,200375,203624,6,3249,2,7200,1.00184672207
200402,200408,203809,6,3401,2,7200,1.001764187
200435,200441,203960,6,3519,2,7200,1.00170502984
200450,200456,203974,6,3518,2,7200,1.0017055145
200464,200472,203990,8,3518,2,7200,1.00227401933
200479,200487,203835,8,3348,2,7200,1.00238948626
200539,200545,203843,6,3298,2,7200,1.00181928441
200837,200843,204351,6,3508,2,7200,1.00171037628
200873,200880,204128,7,3248,2,7200,1.00215517241
200906,200913,204349,7,3436,2,7200,1.00203725262
200921,200927,204146,6,3219,2,7200,1.0018639329
200922,200934,204290,12,3356,2,7200,1.00357568534
201037,201044,204380,7,3336,2,7200,1.00209832134
201064,201071,204417,7,3346,2,7200,1.00209205021
201079,201086,204417,7,3331,2,7200,1.00210147103
201121,201127,204417,6,3290,2,7200,1.00182370821
201181,201188,204417,7,3229,2,7200,1.00216785382
201195,201203,204417,8,3214,2,7200,1.00248911014
201213,201220,204417,7,3197,2,7200,1.00218955271
201276,201283,204417,7,3134,2,7200,1.00223356733
201291,201297,204417,6,3120,2,7200,1.00192307692
201306,201312,204417,6,3105,2,7200,1.00193236715
201308,201319,204417,11,3098,2,7200,1.00355067786
201309,201324,204417,15,3093,2,7200,1.00484966052
201342,201349,204417,7,3068,2,7200,1.00228161669
201357,201364,204417,7,3053,2,7200,1.00229282673
201447,201453,204417,6,2964,2,7200,1.0020242915
201480,201487,204417,7,2930,2,7200,1.0023890785
201501,201507,204417,6,2910,2,7200,1.00206185567
201515,201522,204417,7,2895,2,7200,1.002417962
201582,201588,204417,6,2829,2,7200,1.00212089077
201613,201620,204417,7,2797,2,7200,1.00250268144
201627,201633,204417,6,2784,2,7200,1.00215517241
201838,201845,204417,7,2572,2,7200,1.00272161742
201901,201908,204417,7,2509,2,7200,1.00278995616
202067,202074,204418,7,2344,2,7200,1.00298634812
202190,202196,204417,6,2221,2,7200,1.00270148582
202317,202324,204417,7,2093,2,7200,1.00334448161
202692,202698,203769,6,1071,4,32400,1.0056022409
203118,203855,217430,737,13575,12,57600,1.05429097606
203499,203506,204417,7,911,2,7200,1.00768386389
203622,203628,204417,6,789,2,7200,1.00760456274
203754,203762,204418,8,656,2,7200,1.01219512195
203809,203816,204417,7,601,2,7200,1.01164725458
203836,203842,204418,6,576,2,7200,1.01041666667
203850,203862,204418,12,556,2,7200,1.02158273381
203962,203968,204418,6,450,2,7200,1.01333333333
203976,203982,204418,6,436,2,7200,1.01376146789
203991,203997,204418,6,421,2,7200,1.01425178147
204126,204133,204418,7,285,2,7200,1.02456140351
204147,204154,204418,7,264,2,7200,1.02651515152
204292,204299,204334,7,35,2,7200,1.2
204337,204343,204378,6,35,2,7200,1.17142857143
204352,204358,204393,6,35,2,7200,1.17142857143
204353,204366,204400,13,34,2,7200,1.38235294118
204380,204386,204418,6,32,2,7200,1.1875
204395,204401,204418,6,17,2,7200,1.35294117647
204396,204409,204418,13,9,2,7200,2.2
204411,204417,204418,6,1,2,7200,1.0
204553,204559,204844,6,285,2,10800,1.02105263158
204559,204566,204603,7,37,2,7200,1.18918918919
204560,204573,204610,13,37,2,7200,1.35135135135
204561,204578,204614,17,36,2,7200,1.47222222222
204563,204583,204618,20,35,2,7200,1.57142857143
204564,204588,204624,24,36,2,7200,1.66666666667
204565,204594,204628,29,34,2,7200,1.85294117647
204567,204601,204639,34,38,2,7200,1.89473684211
204568,204606,204643,38,37,2,7200,2.02702702703
204570,204612,204648,42,36,2,7200,2.16666666667
204571,204617,204653,46,36,2,7200,2.27777777778
204572,204622,204659,50,37,2,7200,2.35135135135
204574,204627,204664,53,37,2,7200,2.43243243243
204575,204633,204670,58,37,2,7200,2.56756756757
204576,204638,204675,62,37,2,7200,2.67567567568
204578,204643,204679,65,36,2,7200,2.80555555556
204579,204649,204685,70,36,2,7200,2.94444444444
204580,204654,204691,74,37,2,7200,3.0
204582,204659,204695,77,36,2,7200,3.13888888889
204583,204664,204700,81,36,2,7200,3.25
204585,204670,204706,85,36,2,7200,3.36111111111
204586,204675,204711,89,36,2,7200,3.47222222222
204587,204680,204717,93,37,2,7200,3.51351351351
204589,204686,204721,97,35,2,7200,3.77142857143
204590,204691,204728,101,37,2,7200,3.72972972973
204592,204696,204732,104,36,2,7200,3.88888888889
204593,204701,204737,108,36,2,7200,4.0
204594,204707,204744,113,37,2,7200,4.05405405405
204596,204715,204734,119,19,2,7200,7.26315789474
204597,204720,204739,123,19,2,7200,7.47368421053
204598,204725,204744,127,19,2,7200,7.68421052632
204600,204731,204749,131,18,2,7200,8.27777777778
204601,204736,204754,135,18,2,7200,8.5
204603,204741,204760,138,19,2,7200,8.26315789474
204604,204747,204766,143,19,2,7200,8.52631578947
204605,204752,204766,147,14,2,7200,11.5
204607,204757,204766,150,9,2,7200,15.9
204608,204762,204766,154,4,2,7200,15.8
204609,204768,204769,159,1,2,7200,16.0
204611,204773,204774,162,1,2,7200,16.3
204612,204778,204779,166,1,2,7200,16.7
204802,204808,205096,6,288,2,10800,1.02083333333
204806,204815,204850,9,35,2,7200,1.25714285714
204808,204820,204855,12,35,2,7200,1.34285714286
204809,204826,204862,17,36,2,7200,1.47222222222
204810,204832,204867,22,35,2,7200,1.62857142857
204812,204837,204872,25,35,2,7200,1.71428571429
204813,204842,204879,29,37,2,7200,1.78378378378
204814,204847,204884,33,37,2,7200,1.89189189189
204816,204853,204889,37,36,2,7200,2.02777777778
204817,204858,204894,41,36,2,7200,2.13888888889
204818,204863,204898,45,35,2,7200,2.28571428571
204820,204869,204905,49,36,2,7200,2.36111111111
204821,204876,204913,55,37,2,7200,2.48648648649
204823,204881,204917,58,36,2,7200,2.61111111111
204824,204886,204920,62,34,2,7200,2.82352941176
204825,204892,204920,67,28,2,7200,3.39285714286
204827,204897,204920,70,23,2,7200,4.04347826087
204828,204902,204920,74,18,2,7200,5.11111111111
204830,204908,204920,78,12,2,7200,7.5
204831,204913,204920,82,7,2,7200,8.9
204832,204918,204920,86,2,2,7200,8.8
204937,204944,204971,7,27,2,7200,1.25925925926
204939,204950,204971,11,21,2,7200,1.52380952381
204940,204955,204971,15,16,2,7200,1.9375
204941,204961,204971,20,10,2,7200,3.0
204943,204966,204971,23,5,2,7200,2.8
204944,204971,204972,27,1,2,7200,2.8
205042,205048,208336,6,3288,2,7200,1.00182481752
205043,205055,208378,12,3323,2,7200,1.0036111947
205045,205060,208418,15,3358,2,7200,1.00446694461
205046,205065,208752,19,3687,2,7200,1.00515324112
205047,205071,208772,24,3701,2,7200,1.00648473386
205049,205076,208405,27,3329,2,7200,1.00811054371
205050,205083,208424,33,3341,2,7200,1.00987728225
205051,205088,208791,37,3703,2,7200,1.00999189846
205053,205093,208485,40,3392,2,7200,1.01179245283
205054,205098,208435,44,3337,2,7200,1.01318549595
205055,205104,208490,49,3386,2,7200,1.01447135263
205057,205109,208656,52,3547,2,7200,1.01466027629
205058,205114,208739,56,3625,2,7200,1.01544827586
205060,205120,208710,60,3590,2,7200,1.01671309192
205061,205125,208613,64,3488,2,7200,1.01834862385
205062,205130,208528,68,3398,2,7200,1.02001177163
205064,205135,208588,71,3453,2,7200,1.02056183029
205065,205141,208468,76,3327,2,7200,1.02284340246
205066,205146,208575,80,3429,2,7200,1.02333041703
205068,205151,208721,83,3570,2,7200,1.02324929972
205069,205157,208735,88,3578,2,7200,1.02459474567
205071,205162,208596,91,3434,2,7200,1.02649970879
205072,205167,208456,95,3289,2,7200,1.02888415932
205073,205172,208714,99,3542,2,7200,1.02795031056
205075,205178,208477,103,3299,2,7200,1.0312215823
205076,205183,208745,107,3562,2,7200,1.03003930376
205077,205190,208446,113,3256,2,7200,1.03470515971
205079,205195,208728,116,3533,2,7200,1.03283328616
205080,205200,208751,120,3551,2,7200,1.03379329766
205081,205206,208682,125,3476,2,7200,1.03596087457
205083,205211,208619,128,3408,2,7200,1.03755868545
205084,205216,208576,132,3360,2,7200,1.03928571429
205086,205221,208607,135,3386,2,7200,1.03987005316
205087,205227,208506,140,3279,2,7200,1.04269594389
205088,205232,208681,144,3449,2,7200,1.04175123224
205090,205237,208670,147,3433,2,7200,1.04281969123
205091,205242,208731,151,3489,2,7200,1.04327887647
205093,205248,208661,155,3413,2,7200,1.04541459127
205094,205253,208924,159,3671,2,7200,1.04331244892
205095,205258,208515,163,3257,2,7200,1.05004605465
205437,205443,217754,6,12311,8,14400,1.00048736902
205437,217761,217779,12324,18,8,14400,685.666666667
205438,217785,217797,12347,12,8,14400,1029.91666667
205439,217803,217810,12364,7,8,14400,1237.1
205439,217816,217824,12377,8,8,14400,1238.5
205440,217830,217839,12390,9,8,14400,1239.9
205441,217845,217851,12404,6,8,14400,1241.0
205442,217857,217863,12415,6,8,14400,1242.1
205442,217870,218125,12428,255,8,14400,49.737254902
205443,218132,218393,12689,261,8,14400,49.6168582375
205793,205799,252601,6,46802,1,46800,1.00012819965
206164,208351,208607,2187,256,2,10800,9.54296875
206391,208393,208866,2002,473,2,10800,5.23255813953
207455,208418,208888,963,470,2,10800,3.04893617021
207681,208433,208576,752,143,2,10800,6.25874125874
207938,208472,219382,534,10910,2,10800,1.04894592117
207971,208440,208864,469,424,2,10800,2.10613207547
208170,208453,208836,283,383,2,10800,1.73890339426
208337,208343,211872,6,3529,2,7200,1.00170019836
208379,208386,211865,7,3479,2,7200,1.00201207243
208406,208412,211663,6,3251,2,7200,1.00184558597
208420,208426,212186,6,3760,2,7200,1.00159574468
208435,208447,212131,12,3684,2,7200,1.00325732899
208450,208460,211921,10,3461,2,7200,1.00288933834
208451,208465,211725,14,3260,2,7200,1.00429447853
208468,208478,212074,10,3596,2,7200,1.00278086763
208469,208484,211667,15,3183,2,7200,1.00471253534
208485,208492,212040,7,3548,2,7200,1.0019729425
208486,208498,211937,12,3439,2,7200,1.00348938645
208501,208507,211830,6,3323,2,7200,1.00180559735
208516,208523,211599,7,3076,2,7200,1.0022756827
208517,208530,212056,13,3526,2,7200,1.00368689733
208532,208542,212005,10,3463,2,7200,1.00288766965
208577,208584,211930,7,3346,2,7200,1.00209205021
208578,208592,212038,14,3446,2,7200,1.00406268137
208593,208599,211849,6,3250,2,7200,1.00184615385
208608,208614,212225,6,3611,2,7200,1.00166158959
208609,208621,212219,12,3598,2,7200,1.00333518621
208624,208631,212247,7,3616,2,7200,1.00193584071
208626,208638,212056,12,3418,2,7200,1.00351082504
208658,208665,212107,7,3442,2,7200,1.00203370134
208673,208680,212087,7,3407,2,7200,1.00205459348
208675,208686,212313,11,3627,2,7200,1.00303280948
208706,208713,212170,7,3457,2,7200,1.00202487706
208707,208719,212386,12,3667,2,7200,1.00327242978
208723,208729,212149,6,3420,2,7200,1.00175438596
208724,208736,212103,12,3367,2,7200,1.00356400356
208725,208741,212375,16,3634,2,7200,1.00440286186
208741,208748,212201,7,3453,2,7200,1.0020272227
208742,208755,212226,13,3471,2,7200,1.00374531835
208744,208760,212168,16,3408,2,7200,1.00469483568
208745,208766,212316,21,3550,2,7200,1.00591549296
208760,208773,212116,13,3343,2,7200,1.0038887227
208761,208778,212144,17,3366,2,7200,1.00505050505
208762,208784,212554,22,3770,2,7200,1.00583554377
208777,208791,212038,14,3247,2,7200,1.00431167231
208792,208799,212343,7,3544,2,7200,1.0019751693
208924,208930,216359,6,7429,4,259200,1.00080764571
208924,208936,212513,12,3577,2,7200,1.00335476656
209536,217505,217735,7969,230,20,345600,35.647826087
211408,211414,233116,6,21702,4,21600,1.00027647221
211595,211602,215002,7,3400,2,7200,1.00205882353
211664,211672,215107,8,3435,2,7200,1.00232896652
211679,211685,215315,6,3630,2,7200,1.00165289256
211727,211733,215169,6,3436,2,7200,1.00174621653
211832,211839,215255,7,3416,2,7200,1.00204918033
211850,211862,215368,12,3506,2,7200,1.00342270394
211864,211871,215248,7,3377,2,7200,1.00207284572
211879,211892,215216,13,3324,2,7200,1.00391095066
211921,211933,215624,12,3691,2,7200,1.00325115145
211936,211942,215543,6,3601,2,7200,1.00166620383
211950,211958,215313,8,3355,2,7200,1.00238450075
212007,212013,215422,6,3409,2,7200,1.00176004693
212040,212047,215550,7,3503,2,7200,1.00199828718
212042,212054,215727,12,3673,2,7200,1.00326708413
212043,212059,215746,16,3687,2,7200,1.00433957147
212058,212067,215547,9,3480,2,7200,1.0025862069
212059,212072,215314,13,3242,2,7200,1.00400987045
212074,212080,215596,6,3516,2,7200,1.00170648464
212089,212096,215607,7,3511,2,7200,1.00199373398
212104,212111,215431,7,3320,2,7200,1.00210843373
212118,212126,215519,8,3393,2,7200,1.00235779546
212120,212133,215611,13,3478,2,7200,1.00373778033
212135,212141,215427,6,3286,2,7200,1.00182592818
212149,212156,215552,7,3396,2,7200,1.00206124853
212151,212163,215397,12,3234,2,7200,1.00371057514
212169,212175,215584,6,3409,2,7200,1.00176004693
212170,212182,215709,12,3527,2,7200,1.00340232492
212185,212192,215395,7,3203,2,7200,1.00218545114
212202,212209,216006,7,3797,2,7200,1.00184356071
212220,212226,215871,6,3645,2,7200,1.00164609053
212235,212242,215407,7,3165,2,7200,1.00221169036
212236,212249,215627,13,3378,2,7200,1.00384843102
212251,212258,215890,7,3632,2,7200,1.00192731278
212314,212320,215759,6,3439,2,7200,1.00174469322
212329,212335,215370,6,3035,2,7200,1.00197693575
212331,212343,788381,12,576038,2,576000,1.00002083196
212344,212351,215824,7,3473,2,7200,1.00201554852
212377,212383,215996,6,3613,2,7200,1.0016606698
212389,212395,788414,6,576019,2,576000,1.00001041632
212392,212403,215887,11,3484,2,7200,1.00315729047
212436,212529,606645,93,394116,2,576000,1.00023597114
212498,212567,602763,69,390196,2,568800,1.00017683421
212515,212521,216166,6,3645,2,7200,1.00164609053
212553,212560,216228,7,3668,2,7200,1.00190839695
212600,215016,215191,2416,175,2,10800,14.8057142857
212613,214065,214402,1452,337,1,610,5.30860534125
212701,214059,786507,1358,572448,3,572400,1.00237226787
212901,215121,215287,2220,166,2,10800,14.3734939759
212923,214414,218044,1491,3630,1,3600,1.41074380165
212987,215202,218813,2215,3611,2,3600,1.61340348934
214673,215266,219117,593,3851,4,18000,1.15398597767
214673,215410,223209,737,7799,4,18000,1.09449929478
214673,215560,217117,887,1557,4,18000,1.56968529223
214673,215443,217146,770,1703,4,18000,1.45214327657
214674,217158,218602,2484,1444,4,18000,2.72022160665
214674,217130,218574,2456,1444,4,18000,2.70083102493
214674,215903,217642,1229,1739,4,18000,1.7067280046
214761,215184,215897,423,713,2,10800,1.59326788219
215002,215009,218550,7,3541,2,7200,1.0019768427
215107,215114,218484,7,3370,2,7200,1.00207715134
215170,215177,218367,7,3190,2,7200,1.00219435737
215218,215224,218637,6,3413,2,7200,1.00175798418
215250,215257,218653,7,3396,2,7200,1.00206124853
215265,215274,218458,9,3184,2,7200,1.00282663317
215313,215320,219005,7,3685,2,7200,1.00189959294
215315,215328,218724,13,3396,2,7200,1.00382803298
215316,215333,218738,17,3405,2,7200,1.00499265786
215370,215377,218608,7,3231,2,7200,1.00216651192
215372,215384,219271,12,3887,2,7200,1.00308721379
215379,215390,215835,11,445,2,10800,1.02471910112
215395,215403,218839,8,3436,2,7200,1.00232828871
215410,215416,219022,6,3606,2,7200,1.00166389351
215412,215423,218775,11,3352,2,7200,1.00328162291
215426,215432,219311,6,3879,2,7200,1.00154679041
215441,215450,219078,9,3628,2,7200,1.00248070562
215442,215455,218843,13,3388,2,7200,1.00383707202
215508,215534,216452,26,918,1,900,1.02832244009
215520,215526,218754,6,3228,2,7200,1.00185873606
215544,215551,219118,7,3567,2,7200,1.00196243342
215559,215567,219227,8,3660,2,7200,1.00218579235
215560,215573,218918,13,3345,2,7200,1.00388639761
215562,215579,218996,17,3417,2,7200,1.00497512438
215586,215592,219071,6,3479,2,7200,1.00172463352
215593,215620,216161,27,541,1,1440,1.04990757856
215601,215608,218840,7,3232,2,7200,1.00216584158
215616,215627,219235,11,3608,2,7200,1.00304878049
215617,215632,218956,15,3324,2,7200,1.00451263538
215632,215639,219078,7,3439,2,7200,1.00203547543
215633,215645,219128,12,3483,2,7200,1.00344530577
215711,215719,219594,8,3875,2,7200,1.00206451613
215729,215736,219281,7,3545,2,7200,1.00197461213
215747,215753,219167,6,3414,2,7200,1.00175746924
215762,215769,219222,7,3453,2,7200,1.0020272227
215825,215832,219359,7,3527,2,7200,1.00198468954
215868,215874,215947,6,73,1,600,1.08219178082
215872,215881,219385,9,3504,2,7200,1.00256849315
215887,215894,219608,7,3714,2,7200,1.00188476037
215902,215910,219629,8,3719,2,7200,1.00215111589
215998,216004,219281,6,3277,2,7200,1.00183094294
216013,216019,219673,6,3654,2,7200,1.00164203612
216127,216371,216958,244,587,2,10800,1.41567291312
216167,216173,219515,6,3342,2,7200,1.00179533214
216177,216376,216464,199,88,1,1440,3.26136363636
216230,216237,220055,7,3818,2,7200,1.00183342064
216722,216729,216730,7,1,1,1800,1.0
216737,216744,217242,7,498,2,10800,1.0140562249
216751,216757,217386,6,629,1,1800,1.00953895072
216871,216971,218442,100,1471,1,1440,1.06798096533
217294,217300,217693,6,393,1,610,1.01526717557
218169,218176,218732,7,556,1,1800,1.01258992806
218368,218374,221723,6,3349,2,7200,1.00179157958
218458,218464,221958,6,3494,2,7200,1.00171722954
218485,218492,221848,7,3356,2,7200,1.00208581645
218532,218538,218544,6,6,4,259200,1.2
218549,218808,219058,259,250,8,14400,2.036
218549,218555,218802,6,247,8,14400,1.02429149798
218550,219107,219108,557,1,8,14400,55.8
218550,219065,219101,515,36,8,14400,15.3055555556
218551,218562,221766,11,3204,2,7200,1.00343320849
218597,218604,312862,7,94258,4,259200,1.00007426425
218608,218615,222101,7,3486,2,7200,1.00200803213
218637,218645,222015,8,3370,2,7200,1.00237388724
218652,218659,221866,7,3207,2,7200,1.00218272529
218724,218730,222198,6,3468,2,7200,1.00173010381
218739,218745,221768,6,3023,2,7200,1.00198478333
218746,218754,220282,8,1528,1,2410,1.00523560209
218756,218764,222113,8,3349,2,7200,1.00238877277
218777,218783,222288,6,3505,2,7200,1.00171184023
218840,218847,222289,7,3442,2,7200,1.00203370134
218842,218855,222305,13,3450,2,7200,1.00376811594
218857,218864,222686,7,3822,2,7200,1.00183150183
218919,218927,222326,8,3399,2,7200,1.00235363342
218958,218966,222094,8,3128,2,7200,1.00255754476
218970,218977,218980,7,3,1,7200,1.0
218997,219003,222648,6,3645,2,7200,1.00164609053
219012,219019,222320,7,3301,2,7200,1.00212056952
219026,219034,222437,8,3403,2,7200,1.00235086688
219071,219078,222095,7,3017,2,7200,1.00232018561
219086,219092,222300,6,3208,2,7200,1.00187032419
219088,219098,222811,10,3713,2,7200,1.00269323997
219120,219126,222592,6,3466,2,7200,1.00173110214
219135,219141,222434,6,3293,2,7200,1.00182204677
219168,219174,222519,6,3345,2,7200,1.00179372197
219203,219210,219780,7,570,8,14400,1.01228070175
219222,219229,222805,7,3576,2,7200,1.00195749441
219229,219236,219891,7,655,1,1800,1.0106870229
219237,219243,222666,6,3423,2,7200,1.00175284838
219238,219250,222498,12,3248,2,7200,1.00369458128
219266,219272,220272,6,1000,1,1800,1.006
219271,219280,222654,9,3374,2,7200,1.00266745702
219286,219292,222622,6,3330,2,7200,1.0018018018
219287,219299,222673,12,3374,2,7200,1.00355660937
219311,219317,222980,6,3663,2,7200,1.00163800164
219359,219365,222674,6,3309,2,7200,1.00181323663
219386,219392,222966,6,3574,2,7200,1.00167879127
219387,219399,230290,12,10891,2,10800,1.0011018272
219509,219791,223670,282,3879,8,86400,1.07269914927
219515,219522,223149,7,3627,2,7200,1.00192996967
219569,219575,220401,6,826,4,7200,1.00726392252
219570,219582,220413,12,831,4,7200,1.01444043321
219571,219587,220423,16,836,4,7200,1.01913875598
219572,219598,220351,26,753,4,7200,1.03452855246
219572,219593,220440,21,847,4,7200,1.02479338843
219573,219603,220686,30,1083,4,7200,1.02770083102
219574,219609,220687,35,1078,4,7200,1.03246753247
219593,219616,222907,23,3291,2,7200,1.00698875722
219608,219621,223183,13,3562,2,7200,1.00364963504
219632,219639,223089,7,3450,2,7200,1.00202898551
219665,219672,223295,7,3623,1,3600,1.00193210047
219673,219681,223094,8,3413,2,7200,1.0023439789
219681,219690,224431,9,4741,2,5400,1.00189833368
219747,219754,308108,7,88354,1,558000,1.00007922675
220033,220040,317115,7,97075,2,558000,1.00007210919
220053,220060,223707,7,3647,2,7200,1.0019193858
220107,220114,317844,7,97730,2,561600,1.00007162591
220138,220145,308160,7,88015,1,561600,1.0000795319
220163,220169,311052,6,90883,1,561600,1.00006601895
220212,220220,288968,8,68748,1,561600,1.00011636702
220235,220243,305909,8,85666,1,561600,1.00009338594
220264,220284,314424,20,94140,1,561600,1.00021244954
220306,220508,324311,202,103803,2,558000,1.00194599385
220336,220342,264093,6,43751,1,561600,1.00013713972
220637,220643,221012,6,369,1,2410,1.0162601626
221248,221255,222030,7,775,1,1800,1.00903225806
221460,221467,221797,7,330,1,2410,1.02121212121
221722,221729,225272,7,3543,2,7200,1.00197572679
221764,221771,225453,7,3682,2,7200,1.00190114068
221766,221783,225144,17,3361,2,7200,1.00505801845
221767,221778,286196,11,64418,4,259200,1.00017075973
221850,221856,225643,6,3787,2,7200,1.00158436757
221867,221874,225208,7,3334,2,7200,1.00209958008
221960,221966,225356,6,3390,2,7200,1.0017699115
222017,222023,225230,6,3207,2,7200,1.00187090739
222092,222100,225442,8,3342,2,7200,1.00239377618
222094,222105,225764,11,3659,2,7200,1.00300628587
222109,222116,225534,7,3418,2,7200,1.00204798128
222123,222130,222131,7,1,2,7200,1.0
222175,222181,222182,6,1,4,7200,1.0
222176,222193,222194,17,1,4,7200,1.8
222176,222186,222187,10,1,4,7200,1.1
222177,222199,222759,22,560,4,7200,1.03928571429
222178,222204,222759,26,555,4,7200,1.04684684685
222178,222209,222759,31,550,4,7200,1.05636363636
222179,222214,222759,35,545,4,7200,1.06422018349
222201,222222,222223,21,1,2,7200,2.2
222285,222292,225644,7,3352,2,7200,1.00208830549
222300,222306,225544,6,3238,2,7200,1.00185299568
222301,222314,225789,13,3475,2,7200,1.00374100719
222316,222324,225652,8,3328,2,7200,1.00240384615
222331,222338,226065,7,3727,2,7200,1.00187818621
222333,222344,225714,11,3370,2,7200,1.00326409496
222435,222442,225664,7,3222,2,7200,1.00217256363
222443,222466,222691,23,225,1,2410,1.10222222222
222443,222455,222760,12,305,4,7200,1.0393442623
222443,222450,222760,7,310,4,7200,1.02258064516
222444,222460,222759,16,299,4,7200,1.05351170569
222449,222473,225854,24,3381,2,7200,1.00709849157
222497,222503,225836,6,3333,2,7200,1.00180018002
222518,222524,226038,6,3514,2,7200,1.00170745589
222590,222597,226038,7,3441,2,7200,1.00203429236
222623,222630,226045,7,3415,2,7200,1.00204978038
222647,222653,226053,6,3400,2,7200,1.00176470588
222661,222668,225941,7,3273,2,7200,1.00213871066
222676,222683,226101,7,3418,2,7200,1.00204798128
222678,222690,226248,12,3558,2,7200,1.00337268128
222679,222695,226048,16,3353,2,7200,1.00477184611
222694,222702,225981,8,3279,2,7200,1.00243976822
222797,222803,223892,6,1089,4,7200,1.00550964187
222798,222810,223899,12,1089,4,7200,1.01101928375
222798,222816,223911,18,1095,4,7200,1.01643835616
222799,222821,223914,22,1093,4,7200,1.02012808783
222800,222826,223961,26,1135,4,7200,1.02290748899
222801,222831,223905,30,1074,4,7200,1.02793296089
222801,222837,223940,36,1103,4,7200,1.03263825929
222805,222843,226326,38,3483,2,7200,1.01091013494
222819,222850,226510,31,3660,2,7200,1.00846994536
222910,222916,226476,6,3560,2,7200,1.00168539326
222954,222964,223217,10,253,1,2410,1.0395256917
222967,222976,226721,9,3745,2,7200,1.00240320427
222981,222988,226327,7,3339,2,7200,1.00209643606
223091,223098,226580,7,3482,2,7200,1.00201033889
223105,223112,226617,7,3505,2,7200,1.00199714693
223150,223175,226520,25,3345,2,7200,1.00747384155
223183,223189,226755,6,3566,2,7200,1.00168255749
223555,223561,226042,6,2481,2,10800,1.00241837969
223575,223582,223828,7,246,1,2410,1.02845528455
223710,223717,224182,7,465,8,86400,1.01505376344
223711,223722,227014,11,3292,2,7200,1.00334143378
223875,223882,225468,7,1586,1,2640,1.00441361917
223890,223896,225035,6,1139,2,172800,1.00526777875
223914,223921,226948,7,3027,2,3540,1.00231252065
224028,224034,226380,6,2346,2,10800,1.00255754476
224096,224103,225137,7,1034,1,2410,1.00676982592
224578,224584,224998,6,414,8,86400,1.01449275362
224626,224633,226200,7,1567,2,10800,1.00446713465
225122,225129,226934,7,1805,4,28800,1.00387811634
225138,225145,226357,7,1212,2,10800,1.00577557756
225143,225152,228804,9,3652,2,7200,1.00246440307
225209,225216,228756,7,3540,2,7200,1.00197740113
225230,225236,228906,6,3670,2,7200,1.00163487738
225272,225279,228589,7,3310,2,7200,1.00211480363
225356,225363,228656,7,3293,2,7200,1.00212572123
225443,225449,228771,6,3322,2,7200,1.00180614088
225457,225465,228771,8,3306,2,7200,1.00241984271
225501,225507,225786,6,279,1,2410,1.02150537634
225535,225542,229209,7,3667,2,7200,1.00190891737
225550,225556,228972,6,3416,2,7200,1.00175644028
225629,225636,226143,7,507,1,7200,1.01380670611
225643,225650,229137,7,3487,2,7200,1.00200745627
225644,225657,226145,13,488,2,7200,1.02663934426
225658,225664,229080,6,3416,2,7200,1.00175644028
225660,225671,228991,11,3320,2,7200,1.00331325301
225674,225681,229091,7,3410,2,7200,1.00205278592
225691,225698,226148,7,450,4,10800,1.01555555556
225713,225720,229496,7,3776,2,7200,1.00185381356
225734,225741,226150,7,409,8,10800,1.01711491443
225764,225771,229256,7,3485,2,7200,1.00200860832
225791,225798,229249,7,3451,2,7200,1.00202839757
225836,225842,229218,6,3376,2,7200,1.00177725118
225853,225861,229108,8,3247,2,7200,1.00246381275
225943,225950,229446,7,3496,2,7200,1.00200228833
225982,225988,229430,6,3442,2,7200,1.00174317257
226040,226047,229633,7,3586,2,7200,1.00195203569
226041,226054,229852,13,3798,2,7200,1.00342285413
226056,226063,229509,7,3446,2,7200,1.00203134068
226057,226070,229257,13,3187,2,7200,1.00407907123
226058,226081,227674,23,1593,1,2640,1.01443816698
226059,226075,229756,16,3681,2,7200,1.00434664493
226073,226088,229222,15,3134,2,7200,1.0047862157
226103,226110,229491,7,3381,2,7200,1.00207039337
226171,226178,231194,7,5016,1,7200,1.00139553429
226173,226196,231177,23,4981,2,7200,1.00461754668
226175,226190,231180,15,4990,4,10800,1.00300601202
226177,226185,231184,8,4999,8,10800,1.00160032006
226179,226961,229219,782,2258,16,10800,1.34632418069
226245,226251,229650,6,3399,2,7200,1.00176522507
226280,226286,228099,6,1813,1,2410,1.00330943188
226326,226333,229525,7,3192,2,7200,1.00219298246
226327,226340,230033,13,3693,2,7200,1.0035201733
226471,226478,229555,7,3077,2,7200,1.00227494313
226507,226513,229761,6,3248,2,7200,1.00184729064
226522,226528,230400,6,3872,2,7200,1.00154958678
226582,226588,230118,6,3530,2,7200,1.00169971671
226618,226624,230285,6,3661,2,7200,1.00163889648
226723,226729,229955,6,3226,2,7200,1.00185988841
226756,226768,230354,12,3586,2,7200,1.0033463469
226757,226774,227745,17,971,4,7200,1.017507724
226757,226762,227855,5,1093,4,7200,1.00457456542
226758,226779,227682,21,903,4,7200,1.02325581395
226760,226785,227656,25,871,4,7200,1.02870264064
226761,226790,227771,29,981,4,7200,1.02956167176
226956,227026,230061,70,3035,2,3540,1.02306425041
227011,227019,230606,8,3587,2,7200,1.002230276
227257,229231,231152,1974,1921,16,1800,2.02758979698
227726,227732,229347,6,1615,1,2640,1.00371517028
227771,231162,267197,3391,36035,16,36000,1.09410295546
227771,228111,264117,340,36006,1,36000,1.00944287063
227771,228604,264616,833,36012,2,36000,1.0231311785
227771,229271,265312,1500,36041,4,36000,1.04161926695
227771,230122,266156,2351,36034,8,36000,1.06524393628
228013,228787,401490,774,172703,4,360000,1.00448168243
228590,228597,232033,7,3436,2,7200,1.00203725262
228659,228666,232252,7,3586,2,7200,1.00195203569
228664,228674,232190,10,3516,2,28800,1.00284414107
228758,228765,232333,7,3568,2,7200,1.00196188341
228772,228779,232129,7,3350,2,7200,1.00208955224
228774,228792,232574,18,3782,2,7200,1.00475938657
228795,228802,232419,7,3617,2,7200,1.0019353055
228897,228904,232492,7,3588,2,7200,1.0019509476
228972,228979,232521,7,3542,2,7200,1.00197628458
228989,228997,232221,8,3224,2,7200,1.00248138958
229082,229089,232434,7,3345,2,7200,1.00209267564
229097,229104,232561,7,3457,2,7200,1.00202487706
229112,229118,232689,6,3571,2,7200,1.00168020162
229139,229145,232596,6,3451,2,7200,1.00173862649
229202,229208,232544,6,3336,2,7200,1.00179856115
229217,229224,232787,7,3563,2,7200,1.00196463654
229232,229238,232776,6,3538,2,7200,1.00169587337
229250,229257,232703,7,3446,2,7200,1.00203134068
229251,229264,232638,13,3374,2,7200,1.00385299348
229266,229278,232653,12,3375,2,7200,1.00355555556
229319,229444,233324,125,3880,2,172800,1.03221649485
229431,229437,233140,6,3703,2,7200,1.00162030786
229446,229453,232939,7,3486,2,7200,1.00200803213
229494,229501,232885,7,3384,2,7200,1.00206855792
229509,229520,233119,11,3599,2,7200,1.00305640456
229509,229526,230505,17,979,4,7200,1.01736465781
229509,229514,230438,5,924,4,7200,1.00541125541
229510,229553,233105,43,3552,2,7200,1.01210585586
229510,229531,230270,21,739,4,7200,1.02841677943
229511,229537,230469,26,932,4,7200,1.02789699571
229511,229542,230265,31,723,4,7200,1.0428769018
229512,229547,230266,35,719,4,7200,1.04867872045
229517,229558,230818,41,1260,1,2640,1.03253968254
229525,229565,233225,40,3660,2,7200,1.01092896175
229555,229570,232583,15,3013,2,7200,1.00497842682
229636,229643,232881,7,3238,2,7200,1.00216182829
229651,229659,232809,8,3150,2,7200,1.00253968254
229756,229762,233164,6,3402,2,7200,1.00176366843
229771,229778,232953,7,3175,2,7200,1.00220472441
229846,229853,233234,7,3381,2,7200,1.00207039337
229958,229964,233329,6,3365,2,7200,1.00178306092
230036,230043,233320,7,3277,2,7200,1.00213610009
230075,230082,231156,7,1074,2,3540,1.00651769088
230117,230130,233511,13,3381,2,7200,1.00384501627
230234,230246,230505,12,259,4,7200,1.04633204633
230234,230240,230505,6,265,4,7200,1.02264150943
230235,230252,230505,17,253,4,7200,1.06719367589
230236,230263,230505,27,242,4,7200,1.11157024793
230236,230258,230505,22,247,4,7200,1.08906882591
230237,230268,230505,31,237,4,7200,1.13080168776
230286,230292,233628,6,3336,2,7200,1.00179856115
230296,230304,231735,8,1431,2,10800,1.00559049616
230355,230361,234020,6,3659,2,7200,1.00163979229
230400,230407,233827,7,3420,2,7200,1.00204678363
230608,230615,233724,7,3109,2,7200,1.00225152782
230937,230943,232084,6,1141,4,7200,1.00525854514
230937,230948,232094,11,1146,4,7200,1.00959860384
230938,230955,232087,17,1132,4,7200,1.01501766784
230939,230966,232067,27,1101,4,7200,1.02452316076
230939,230960,232054,21,1094,4,7200,1.01919561243
230940,230971,232058,31,1087,4,7200,1.02851885925
231155,231171,231179,16,8,1,900,2.4
231182,231188,232836,6,1648,2,3540,1.0036407767
231250,231257,231316,7,59,1,7200,1.1186440678
231258,231264,231321,6,57,16,10800,1.10526315789
231426,232203,234113,777,1910,4,1800,1.40680628272
231508,231515,235274,7,3759,1,7200,1.00186219739
231510,231757,236636,247,4879,2,7200,1.0506251281
231512,232898,238165,1386,5267,4,10800,1.26314790203
231513,234511,240217,2998,5706,8,10800,1.52541184718
231515,232237,243081,722,10844,16,10800,1.06658059757
231694,231701,232801,7,1100,4,7200,1.00636363636
231695,231706,232854,11,1148,4,7200,1.00958188153
231696,231712,232879,16,1167,4,7200,1.01371036847
231696,231718,232837,22,1119,4,7200,1.01966041108
231697,231723,232833,26,1110,4,7200,1.02342342342
231698,231728,232812,30,1084,4,7200,1.02767527675
231699,231733,232896,34,1163,4,7200,1.02923473775
231699,231739,232873,40,1134,4,7200,1.03527336861
231700,231744,232890,44,1146,4,7200,1.03839441536
231701,232066,233167,365,1101,4,7200,1.33151680291
231701,231749,232832,48,1083,4,7200,1.04432132964
231702,232073,233171,371,1098,4,7200,1.3378870674
232034,232079,235345,45,3266,2,7200,1.01377832211
232130,232138,235705,8,3567,2,7200,1.00224278105
232223,232230,235882,7,3652,2,7200,1.00191675794
232250,232257,235639,7,3382,2,7200,1.00206978119
232334,232342,235772,8,3430,2,7200,1.00233236152
232409,232417,236087,8,3670,2,7200,1.00217983651
232436,232443,235768,7,3325,2,7200,1.00210526316
232490,232498,235806,8,3308,2,7200,1.00241837969
232520,232527,236015,7,3488,2,7200,1.00200688073
232541,232548,235885,7,3337,2,7200,1.00209769254
232544,232554,233675,10,1121,4,7200,1.0089206066
232545,232559,233647,14,1088,4,7200,1.01286764706
232545,232565,233668,20,1103,4,7200,1.01813236627
232546,232664,233762,118,1098,4,7200,1.10746812386
232547,232813,233908,266,1095,4,7200,1.24292237443
232547,232827,233992,280,1165,4,7200,1.24034334764
232562,232572,235959,10,3387,2,7200,1.00295246531
232577,232583,235853,6,3270,2,7200,1.00183486239
232592,232609,236115,17,3506,2,7200,1.00484883058
232607,232651,236256,44,3605,2,7200,1.01220527046
232640,232701,236272,61,3571,2,7200,1.01708204985
232654,232716,235969,62,3253,2,7200,1.01905932985
232690,232788,236162,98,3374,2,7200,1.02904564315
232705,232799,236122,94,3323,2,7200,1.02828769184
232777,232821,236400,44,3579,2,7200,1.01229393685
232791,232833,236330,42,3497,2,7200,1.01201029454
232809,232845,236425,36,3580,2,7200,1.01005586592
232845,232852,234487,7,1635,2,3540,1.00428134557
232882,232889,236136,7,3247,2,7200,1.00215583616
232896,232905,236614,9,3709,2,7200,1.00242653006
232938,232944,236335,6,3391,2,7200,1.00176938956
232953,232960,236614,7,3654,2,7200,1.00191570881
233051,233057,234001,6,944,2,2340,1.0063559322
233106,233114,236451,8,3337,2,7200,1.0023973629
233121,233128,236428,7,3300,2,7200,1.00212121212
233142,233148,236851,6,3703,2,7200,1.00162030786
233151,233341,247750,190,14409,8,86400,1.01318620307
233166,233172,236641,6,3469,2,7200,1.00172960507
233226,233232,236644,6,3412,2,7200,1.00175849941
233240,233248,236668,8,3420,2,7200,1.00233918129
233322,233328,236700,6,3372,2,7200,1.00177935943
233336,233347,236616,11,3269,2,7200,1.00336494341
233511,233517,236880,6,3363,2,7200,1.00178412132
233628,233634,236838,6,3204,2,7200,1.00187265918
233721,233728,237180,7,3452,2,7200,1.00202780997
233830,233836,237220,6,3384,2,7200,1.00177304965
234000,234007,234012,7,5,1,900,1.2
234007,234014,234969,7,955,2,2340,1.00732984293
234020,234027,237395,7,3368,2,7200,1.0020783848
234486,234493,234499,7,6,1,900,1.3
234507,234981,236593,474,1612,2,3540,1.29404466501
234766,235898,236373,1132,475,2,3600,3.38315789474
234967,234974,234978,7,4,1,900,1.1
234974,235287,236393,313,1106,2,2340,1.28300180832
235186,235654,236099,468,445,2,14400,2.05168539326
235345,235352,238985,7,3633,2,7200,1.00192678227
235639,235647,238980,8,3333,2,7200,1.00240024002
235684,235821,237052,137,1231,3,7200,1.11129163282
235699,235706,238980,7,3274,2,7200,1.00213805742
235707,235866,236642,159,776,2,14400,1.20489690722
235768,235775,239484,7,3709,2,7200,1.00188730116
235783,235789,239312,6,3523,2,7200,1.00170309395
235807,235814,239239,7,3425,2,7200,1.00204379562
235844,235974,236365,130,391,1,3600,1.33248081841
235852,235858,239207,6,3349,2,7200,1.00179157958
235882,235889,239243,7,3354,2,7200,1.00208706023
235897,235904,239298,7,3394,2,7200,1.00206246317
235960,235967,239478,7,3511,2,7200,1.00199373398
235974,235981,239740,7,3759,2,7200,1.00186219739
236016,236023,239311,7,3288,2,7200,1.00212895377
236070,236078,239401,8,3323,2,7200,1.00240746314
236115,236121,239357,6,3236,2,7200,1.00185414091
236130,236136,239552,6,3416,2,7200,1.00175644028
236145,236151,239813,6,3662,2,7200,1.00163844894
236162,236169,239892,7,3723,2,7200,1.00188020414
236259,236266,239694,7,3428,2,7200,1.002042007
236273,236281,239458,8,3177,2,7200,1.00251809884
236330,236337,239855,7,3518,2,7200,1.00198976691
236345,236351,240168,6,3817,2,7200,1.00157191512
236391,236398,236404,7,6,1,900,1.3
236399,236407,237229,8,822,2,2340,1.0097323601
236402,236414,239809,12,3395,2,7200,1.00353460972
236423,236429,240109,6,3680,2,7200,1.00163043478
236438,236444,239897,6,3453,2,7200,1.00173761946
236439,236451,240011,12,3560,2,7200,1.00337078652
236602,236608,238375,6,1767,2,3540,1.00339558574
236605,236616,240379,11,3763,2,7200,1.00292319957
236620,236626,240074,6,3448,2,7200,1.00174013921
236621,236633,240343,12,3710,2,7200,1.00323450135
236642,236648,240277,6,3629,2,7200,1.00165334803
236643,236655,240025,12,3370,2,7200,1.00356083086
236661,236667,240029,6,3362,2,7200,1.00178465199
236703,236710,240194,7,3484,2,7200,1.00200918485
236713,236719,237213,6,494,2,3600,1.01214574899
236838,236846,240454,8,3608,2,7200,1.0022172949
236853,236859,240426,6,3567,2,7200,1.00168208579
236869,236876,240352,7,3476,2,7200,1.00201380898
237180,237186,240735,6,3549,2,7200,1.00169061708
237221,237228,240745,7,3517,2,7200,1.00199033267
237227,237235,237240,8,5,1,900,1.3
237233,237242,237562,9,320,2,2340,1.028125
237396,237403,240872,7,3469,2,7200,1.00201787259
237560,237567,237568,7,1,1,900,1.0
237562,237574,238226,12,652,2,3600,1.01840490798
237792,237799,238279,7,480,2,3600,1.01458333333
238373,238380,238385,7,5,1,900,1.2
238398,238404,240049,6,1645,2,3540,1.00364741641
238963,238971,242309,8,3338,2,7200,1.0023966447
238979,238985,241230,6,2245,1,2410,1.00267260579
238981,238992,242240,11,3248,2,7200,1.00338669951
238996,239002,242354,6,3352,2,7200,1.00178997613
239198,239205,242477,7,3272,2,7200,1.0021393643
239224,239231,242639,7,3408,2,7200,1.00205399061
239242,239249,242616,7,3367,2,7200,1.00207900208
239293,239299,242844,6,3545,2,7200,1.00169252468
239311,239318,242877,7,3559,2,7200,1.00196684462
239326,239332,242759,6,3427,2,7200,1.00175080245
239355,239362,243033,7,3671,2,7200,1.00190683737
239404,239410,242690,6,3280,2,7200,1.00182926829
239458,239464,242886,6,3422,2,7200,1.00175336061
239478,239485,242731,7,3246,2,7200,1.00215650031
239493,239500,243096,7,3596,2,7200,1.00194660734
239547,239553,242892,6,3339,2,7200,1.00179694519
239659,239666,246872,7,7206,2,7200,1.00097141271
239695,239702,243292,7,3590,2,7200,1.00194986072
239740,239747,242975,7,3228,2,7200,1.0021685254
239803,239809,243206,6,3397,2,7200,1.00176626435
239817,239823,243391,6,3568,2,7200,1.00168161435
239856,239862,243549,6,3687,2,7200,1.0016273393
239892,239899,243447,7,3548,2,7200,1.0019729425
239907,239914,243351,7,3437,2,7200,1.00203665988
239994,240000,243613,6,3613,2,7200,1.0016606698
240018,240024,243681,6,3657,2,7200,1.00164068909
240033,240040,243220,7,3180,2,7200,1.00220125786
240060,240066,241653,6,1587,2,3540,1.00378071834
240063,240072,243508,9,3436,2,7200,1.0026193248
240111,240117,243855,6,3738,2,7200,1.00160513644
240167,240174,243478,7,3304,2,7200,1.00211864407
240194,240202,243449,8,3247,2,7200,1.00246381275
240278,240286,243826,8,3540,2,7200,1.00225988701
240344,240351,243647,7,3296,2,7200,1.00212378641
240359,240365,243889,6,3524,2,7200,1.00170261067
240380,240386,243681,6,3295,2,7200,1.00182094082
240425,240432,243736,7,3304,2,7200,1.00211864407
240443,240450,243707,7,3257,2,7200,1.00214921707
240661,240668,240700,7,32,8,360000,1.21875
240735,240751,244351,16,3600,2,7200,1.00444444444
240749,240759,244082,10,3323,2,7200,1.00300932892
240870,240876,244296,6,3420,2,7200,1.00175438596
241462,242327,242804,865,477,16,360000,2.81341719078
241651,241658,241663,7,5,1,900,1.2
241665,241672,242108,7,436,2,3540,1.01605504587
241782,241789,268970,7,27181,2,172800,1.00025753284
242447,242454,266778,7,24324,1,36000,1.00028778161
242759,242766,246167,7,3401,2,7200,1.00205821817
242846,242853,246299,7,3446,2,7200,1.00203134068
242854,242860,242891,6,31,8,360000,1.1935483871
242866,242872,246524,6,3652,2,7200,1.00164293538
242887,242893,246244,6,3351,2,7200,1.0017905103
242902,242909,246510,7,3601,2,7200,1.00194390447
243025,243031,246484,6,3453,2,7200,1.00173761946
243097,243103,246372,6,3269,2,7200,1.00183542368
243208,243215,246740,7,3525,2,7200,1.0019858156
243223,243229,246580,6,3351,2,7200,1.0017905103
243292,243299,246623,7,3324,2,7200,1.00210589651
243352,243359,246545,7,3186,2,7200,1.00219711237
243391,243397,247023,6,3626,2,7200,1.00165471594
243448,243454,246905,6,3451,2,7200,1.00173862649
243462,243470,246916,8,3446,2,7200,1.00232153221
243477,243483,247097,6,3614,2,7200,1.00166021029
243510,243517,247227,7,3710,2,7200,1.00188679245
243546,243553,502758,7,259205,1,259200,1.00002700565
243552,243559,246920,7,3361,2,7200,1.00208271348
243615,243622,246894,7,3272,2,7200,1.0021393643
243681,243687,247152,6,3465,2,7200,1.00173160173
243682,243694,247142,12,3448,2,7200,1.00348027842
243736,243752,247385,16,3633,2,7200,1.00440407377
243808,243971,251179,163,7208,2,7200,1.02261376249
246169,246176,249791,7,3615,2,7200,1.00193637621
246244,246252,249791,8,3539,2,7200,1.00226052557
246295,246301,246304,6,3,2,7200,1.0
246370,246376,249751,6,3375,2,7200,1.00177777778
246447,246454,257386,7,10932,2,10800,1.00064032199
246484,246491,250210,7,3719,2,7200,1.0018822264
246502,246509,249953,7,3444,2,7200,1.00203252033
246523,246529,249649,6,3120,2,7200,1.00192307692
246543,246549,249960,6,3411,2,7200,1.00175901495
246579,246585,249956,6,3371,2,7200,1.00177988727
246624,246631,250159,7,3528,2,7200,1.00198412698
246738,246745,250117,7,3372,2,7200,1.00207591934
246895,246902,250171,7,3269,2,7200,1.00214132762
246909,246917,250287,8,3370,2,7200,1.00237388724
246924,246930,250298,6,3368,2,7200,1.00178147268
246926,246937,250642,11,3705,2,7200,1.00296896086
247025,247032,250410,7,3378,2,7200,1.00207223209
247097,247103,250774,6,3671,2,7200,1.00163443203
247142,247148,250514,6,3366,2,7200,1.00178253119
247157,247164,250421,7,3257,2,7200,1.00214921707
247229,247236,250894,7,3658,2,7200,1.001913614
247385,247392,250632,7,3240,2,7200,1.00216049383
248998,249005,252020,7,3015,2,3540,1.00232172471
249506,249513,249570,7,57,1,7200,1.12280701754
249511,249524,249572,13,48,2,7200,1.27083333333
249513,249519,249573,6,54,4,10800,1.11111111111
249515,249537,249574,22,37,8,10800,1.59459459459
249519,249532,249576,13,44,32,14400,1.29545454545
249646,249653,249654,7,1,1,7200,1.0
249649,249671,249673,22,2,2,7200,2.4
249651,249665,252832,14,3167,2,7200,1.00442058731
249652,249660,249662,8,2,4,10800,1.0
249654,249686,249688,32,2,8,10800,3.4
249750,249756,253143,6,3387,2,7200,1.00177147919
249786,249794,253391,8,3597,2,7200,1.00222407562
249801,249807,253254,6,3447,2,7200,1.00174064404
249874,249880,253645,6,3765,1,7200,1.0015936255
249955,249961,253328,6,3367,2,7200,1.00178200178
249969,249977,253357,8,3380,2,7200,1.00236686391
249971,249983,253337,12,3354,2,7200,1.00357781753
250118,250125,253738,7,3613,2,7200,1.0019374481
250160,250167,253732,7,3565,2,7200,1.00196353436
250175,250181,253517,6,3336,2,7200,1.00179856115
250211,250218,253660,7,3442,2,7200,1.00203370134
250289,250296,253905,7,3609,2,7200,1.00193959546
250304,250310,253604,6,3294,2,7200,1.00182149362
250409,250415,253874,6,3459,2,7200,1.00173460538
250423,250430,253962,7,3532,2,7200,1.00198187995
250513,250520,254152,7,3632,2,7200,1.00192731278
250634,250640,254053,6,3413,2,7200,1.00175798418
250648,250656,254046,8,3390,2,7200,1.00235988201
250775,250781,254296,6,3515,2,7200,1.00170697013
250895,250902,254498,7,3596,2,7200,1.00194660734
251496,251504,253609,8,2105,1,2410,1.00380047506
252028,252035,254374,7,2339,2,3540,1.00299273194
252833,252839,256447,6,3608,2,7200,1.00166297118
253143,253150,256923,7,3773,2,7200,1.00185528757
253254,253260,256892,6,3632,2,7200,1.00165198238
253329,253335,256825,6,3490,2,7200,1.00171919771
253344,253350,256891,6,3541,2,7200,1.0016944366
253358,253366,256745,8,3379,2,7200,1.00236756437
253391,253399,257164,8,3765,2,7200,1.002124834
253473,253480,255157,7,1677,1,2410,1.00417412045
253518,253524,256881,6,3357,2,7200,1.0017873101
253605,253612,257125,7,3513,2,7200,1.00199259892
253662,253668,257345,6,3677,2,7200,1.00163176503
253734,253740,257121,6,3381,2,7200,1.00177462289
253748,253756,256951,8,3195,2,7200,1.00250391236
253875,253882,257419,7,3537,2,7200,1.00197907831
253908,253914,257477,6,3563,2,7200,1.00168397418
253965,253971,257343,6,3372,2,7200,1.00177935943
254049,254056,257422,7,3366,2,7200,1.00207961973
254063,254070,257650,7,3580,2,7200,1.00195530726
254154,254160,257850,6,3690,2,7200,1.00162601626
254295,254301,258015,6,3714,2,7200,1.00161550889
254372,254379,254388,7,9,1,900,1.6
254388,254394,256020,6,1626,2,3540,1.0036900369
254499,254506,257991,7,3485,2,7200,1.00200860832
256031,256038,257212,7,1174,2,3540,1.00596252129
256447,256454,260034,7,3580,2,7200,1.00195530726
256744,256750,260048,6,3298,2,7200,1.00181928441
256825,256832,260186,7,3354,2,7200,1.00208706023
256879,256887,260285,8,3398,2,7200,1.00235432607
256894,256900,260210,6,3310,2,7200,1.00181268882
256896,256907,260320,11,3413,2,7200,1.00322297099
256926,256933,260217,7,3284,2,7200,1.00213154689
256953,256959,260460,6,3501,2,7200,1.00171379606
257121,257128,260787,7,3659,2,7200,1.00191309101
257136,257142,260900,6,3758,2,7200,1.00159659393
257166,257172,260820,6,3648,2,7200,1.00164473684
257211,257217,257225,6,8,1,900,1.4
257228,257235,258852,7,1617,2,3540,1.00432900433
257343,257350,260764,7,3414,2,7200,1.00205038079
257358,257365,260927,7,3562,2,7200,1.0019651881
257421,257427,261023,6,3596,2,7200,1.00166852058
257422,257434,260813,12,3379,2,7200,1.00355134655
257479,257487,261132,8,3645,2,7200,1.00219478738
257651,257658,260861,7,3203,2,7200,1.00218545114
257849,257857,261297,8,3440,2,7200,1.0023255814
257991,257997,261267,6,3270,2,7200,1.00183486239
258015,258021,261335,6,3314,2,7200,1.00181050091
258860,258866,260010,6,1144,2,3540,1.00524475524
260008,260015,260020,7,5,1,900,1.2
260020,260027,261659,7,1632,2,3540,1.00428921569
260036,260042,263166,6,3124,2,7200,1.0019206146
260051,260057,263531,6,3474,2,7200,1.00172711572
260186,260192,263664,6,3472,2,7200,1.0017281106
260213,260219,263692,6,3473,2,7200,1.00172761301
260228,260234,263773,6,3539,2,7200,1.00169539418
260285,260291,263651,6,3360,2,7200,1.00178571429
260321,260328,263787,7,3459,2,7200,1.00202370627
260459,260466,263790,7,3324,2,7200,1.00210589651
260766,260773,264645,7,3872,2,7200,1.00180785124
260787,260794,264178,7,3384,2,7200,1.00206855792
260814,260820,264537,6,3717,2,7200,1.001614205
260829,260835,264423,6,3588,2,7200,1.0016722408
260861,260869,264487,8,3618,2,7200,1.00221116639
260900,260907,264259,7,3352,2,7200,1.00208830549
260927,260934,264358,7,3424,2,7200,1.00204439252
261023,261030,264289,7,3259,2,7200,1.00214789813
261132,261138,264459,6,3321,2,7200,1.00180668473
261267,261274,264691,7,3417,2,7200,1.00204858063
261300,261306,264890,6,3584,2,7200,1.00167410714
261336,261342,265021,6,3679,2,7200,1.00163087796
261667,261674,262850,7,1176,2,3540,1.00595238095
262848,262855,262860,7,5,1,900,1.2
262858,262865,263200,7,335,2,3540,1.02089552239
263169,263176,266517,7,3341,2,7200,1.00209518108
263533,263539,267003,6,3464,2,7200,1.00173210162
263650,263656,267350,6,3694,2,7200,1.00162425555
263665,263671,267361,6,3690,2,7200,1.00162601626
263692,263699,267393,7,3694,2,7200,1.00189496481
263773,263780,267074,7,3294,2,7200,1.0021250759
263788,263795,267366,7,3571,2,7200,1.00196023523
263802,263809,267098,7,3289,2,7200,1.00212830648
264179,264185,267502,6,3317,2,7200,1.00180886343
264260,264267,267919,7,3652,2,7200,1.00191675794
264290,264296,267574,6,3278,2,7200,1.00183038438
264359,264365,267855,6,3490,2,7200,1.00171919771
264422,264428,267882,6,3454,2,7200,1.00173711639
264461,264467,268195,6,3728,2,7200,1.00160944206
264488,264494,268005,6,3511,2,7200,1.00170891484
264539,264546,268119,7,3573,2,7200,1.00195913798
264647,264654,268298,7,3644,2,7200,1.00192096597
264692,264698,268469,6,3771,2,7200,1.0015910899
264750,264757,265457,7,700,64,3600,1.01
264891,264898,268326,7,3428,2,7200,1.002042007
265023,265031,268757,8,3726,2,7200,1.00214707461
266518,266525,270214,7,3689,2,7200,1.00189753321
267002,267009,270635,7,3626,2,7200,1.00193050193
267075,267081,270588,6,3507,2,7200,1.00171086399
267098,267106,270717,8,3611,2,7200,1.00221545278
267352,267359,270940,7,3581,2,7200,1.00195476124
267367,267374,270721,7,3347,2,7200,1.00209142516
267369,267381,270696,12,3315,2,7200,1.0036199095
267393,267400,270554,7,3154,2,7200,1.00221940393
267505,267512,270951,7,3439,2,7200,1.00203547543
267574,267580,271422,6,3842,2,7200,1.00156168662
267858,267865,271331,7,3466,2,7200,1.00201961916
267884,267891,271681,7,3790,2,7200,1.0018469657
267917,267923,271226,6,3303,2,7200,1.00181653043
268005,268011,271662,6,3651,2,7200,1.00164338537
268122,268129,271669,7,3540,2,7200,1.00197740113
268194,268201,271597,7,3396,2,7200,1.00206124853
268299,268305,271623,6,3318,2,7200,1.00180831826
268326,268333,271714,7,3381,2,7200,1.00207039337
268467,268474,271882,7,3408,2,7200,1.00205399061
268546,268553,268727,7,174,1,3600,1.04022988506
268757,268764,271897,7,3133,2,7200,1.00223428024
268908,268914,269264,6,350,1,3600,1.01714285714
269635,269642,270469,7,827,1,3600,1.0084643289
270216,270222,273621,6,3399,2,7200,1.00176522507
270554,270560,273857,6,3297,2,7200,1.00181983621
270590,270596,273999,6,3403,2,7200,1.00176315016
270635,270641,274313,6,3672,2,7200,1.00163398693
270695,270701,274057,6,3356,2,7200,1.00178784267
270716,270722,274014,6,3292,2,7200,1.00182260024
270731,270738,274130,7,3392,2,7200,1.00206367925
270942,270949,274573,7,3624,2,7200,1.00193156733
270957,270964,274143,7,3179,2,7200,1.0022019503
271230,271237,274790,7,3553,2,7200,1.00197016606
271332,271338,274977,6,3639,2,7200,1.00164880462
271422,271429,274684,7,3255,2,7200,1.00215053763
271598,271605,274985,7,3380,2,7200,1.00207100592
271625,271632,275357,7,3725,2,7200,1.00187919463
271664,271671,275232,7,3561,2,7200,1.00196573996
271678,271686,275146,8,3460,2,7200,1.00231213873
271693,271699,274972,6,3273,2,7200,1.00183318057
271714,271720,275231,6,3511,2,7200,1.00170891484
271782,271788,271903,6,115,1,3600,1.05217391304
271883,271889,275604,6,3715,2,7200,1.00161507402
271898,271904,275289,6,3385,2,7200,1.00177252585
272079,272086,272408,7,322,1,3600,1.02173913043
272102,272109,272277,7,168,1,3600,1.04166666667
272458,272465,272826,7,361,1,3600,1.01939058172
272913,272920,273551,7,631,1,3600,1.01109350238
273194,273202,273989,8,787,1,3600,1.01016518424
273623,273631,277480,8,3849,2,7200,1.00207846194
273858,273866,277151,8,3285,2,7200,1.00243531202
274000,274007,277678,7,3671,2,7200,1.00190683737
274015,274022,277491,7,3469,2,7200,1.00201787259
274057,274064,277405,7,3341,2,7200,1.00209518108
274132,274139,277673,7,3534,2,7200,1.00198075835
274147,274153,277456,6,3303,2,7200,1.00181653043
274313,274319,277493,6,3174,2,7200,1.00189035917
274576,274582,278056,6,3474,2,7200,1.00172711572
274684,274691,277750,7,3059,2,7200,1.00228832952
274790,274796,278236,6,3440,2,7200,1.00174418605
274974,274980,278638,6,3658,2,7200,1.00164024057
274989,274996,278392,7,3396,2,7200,1.00206124853
274990,275002,278403,12,3401,2,7200,1.00352837401
275081,275087,275174,6,87,1,3600,1.06896551724
275144,275150,278944,6,3794,2,7200,1.00158144439
275232,275238,278775,6,3537,2,7200,1.00169635284
275233,275245,278612,12,3367,2,7200,1.00356400356
275247,275254,275561,7,307,1,3600,1.02280130293
275290,275296,278510,6,3214,2,7200,1.00186683261
275359,275365,278752,6,3387,2,7200,1.00177147919
275607,275613,279218,6,3605,2,7200,1.00166435506
276049,276056,276676,7,620,1,3600,1.01129032258
277004,277010,277059,6,49,1,1800,1.12244897959
277153,277160,280887,7,3727,2,7200,1.00187818621
277390,277397,277474,7,77,1,1800,1.09090909091
277406,277412,280763,6,3351,2,7200,1.0017905103
277457,277463,280721,6,3258,2,7200,1.00184162063
277478,277484,280981,6,3497,2,7200,1.00171575636
277489,277496,277556,7,60,4,36000,1.11666666667
277493,277503,280988,10,3485,2,7200,1.00286944046
277495,277508,280903,13,3395,2,7200,1.00382916053
277676,277683,281189,7,3506,2,7200,1.0019965773
277690,277697,281180,7,3483,2,7200,1.0020097617
277750,277757,281114,7,3357,2,7200,1.00208519511
278058,278064,281858,6,3794,2,7200,1.00158144439
278068,278075,285948,7,7873,4,14400,1.0008891147
278239,278246,281863,7,3617,2,7200,1.0019353055
278393,278399,281983,6,3584,2,7200,1.00167410714
278408,278415,281547,7,3132,2,7200,1.00223499361
278471,278477,278750,6,273,1,1800,1.02197802198
278510,278517,281991,7,3474,2,7200,1.00201496834
278612,278619,281944,7,3325,2,7200,1.00210526316
278639,278646,282249,7,3603,2,7200,1.00194282542
278755,278761,281985,6,3224,2,7200,1.00186104218
278776,278782,282479,6,3697,2,7200,1.00162293752
278944,278951,282323,7,3372,2,7200,1.00207591934
279219,279227,282655,8,3428,2,7200,1.00233372229
279490,279497,279612,7,115,1,1800,1.06086956522
279934,279940,280034,6,94,1,1800,1.06382978723
280722,280728,284146,6,3418,2,7200,1.00175541252
280745,280751,281261,6,510,1,1800,1.01176470588
280761,280768,284297,7,3529,2,7200,1.00198356475
280888,280894,284693,6,3799,2,7200,1.00157936299
280905,280912,284542,7,3630,2,7200,1.00192837466
280980,280988,284760,8,3772,2,7200,1.00212089077
280995,281003,284548,8,3545,2,7200,1.00225669958
281115,281123,284761,8,3638,2,7200,1.00219901045
281181,281187,284365,6,3178,2,7200,1.00188797986
281196,281203,284322,7,3119,2,7200,1.00224430907
281310,281317,295741,7,14424,16,14400,1.00048530227
281311,281322,295772,11,14450,2,14400,1.00076124567
281311,281340,295742,29,14402,4,14400,1.00201360922
281311,281335,295761,24,14426,8,14400,1.00166366283
281311,281327,295771,16,14444,1,14400,1.00110772639
281550,281556,285167,6,3611,2,7200,1.00166158959
281857,281863,285151,6,3288,2,7200,1.00182481752
281872,281878,285220,6,3342,2,7200,1.00179533214
281944,281951,285505,7,3554,2,7200,1.00196961171
281983,281989,285367,6,3378,2,7200,1.00177619893
281985,281996,285345,11,3349,2,7200,1.00328456256
281999,282007,285617,8,3610,2,7200,1.00221606648
282249,282255,285654,6,3399,2,7200,1.00176522507
282324,282330,285335,6,3005,2,7200,1.00199667221
282478,282484,286106,6,3622,2,7200,1.00165654335
282655,282662,285707,7,3045,2,7200,1.00229885057
283211,283218,283265,7,47,1,1800,1.14893617021
283603,283610,283682,7,72,1,1800,1.09722222222
284147,284153,287386,6,3233,2,7200,1.00185586143
284297,284304,287794,7,3490,2,7200,1.00200573066
284324,284330,287684,6,3354,2,7200,1.00178890877
284366,284373,288004,7,3631,2,7200,1.00192784357
284542,284548,288173,6,3625,2,7200,1.00165517241
284557,284563,287930,6,3367,2,7200,1.00178200178
284695,284701,288087,6,3386,2,7200,1.00177200236
284701,284707,284986,6,279,1,1800,1.02150537634
284762,284769,288184,7,3415,2,7200,1.00204978038
284763,284776,288046,13,3270,2,7200,1.00397553517
285153,285159,288496,6,3337,2,7200,1.00179802218
285167,285174,288569,7,3395,2,7200,1.00206185567
285221,285228,288863,7,3635,2,7200,1.00192572215
285336,285342,288895,6,3553,2,7200,1.00168871376
285351,285357,289168,6,3811,2,7200,1.00157438992
285368,285376,288879,8,3503,2,7200,1.00228375678
285507,285513,289235,6,3722,2,7200,1.00161203654
285618,285625,289003,7,3378,2,7200,1.00207223209
285654,285660,289195,6,3535,2,7200,1.00169731259
285708,285715,289240,7,3525,2,7200,1.0019858156
285961,285991,286007,30,16,8,14400,2.875
285961,285967,285984,6,17,8,14400,1.35294117647
285962,286013,286020,51,7,8,14400,5.8
285963,286028,286034,65,6,8,14400,7.1
286108,286115,289545,7,3430,2,7200,1.00204081633
286387,287058,287075,671,17,3,14400,40.4705882353
286387,286393,287052,6,659,3,14400,1.0091047041
287121,287127,287208,6,81,4,36000,1.07407407407
287387,287393,290730,6,3337,2,7200,1.00179802218
287687,287695,291287,8,3592,2,7200,1.00222717149
287796,287802,291268,6,3466,2,7200,1.00173110214
287931,287938,291332,7,3394,2,7200,1.00206246317
288007,288013,291530,6,3517,2,7200,1.00170599943
288049,288056,291478,7,3422,2,7200,1.00204558738
288088,288094,291810,6,3716,2,7200,1.0016146394
288175,288181,292005,6,3824,2,7200,1.00156903766
288190,288196,291429,6,3233,2,7200,1.00185586143
288497,288503,292006,6,3503,2,7200,1.00171281758
288569,288575,292131,6,3556,2,7200,1.00168728909
288861,288867,292665,6,3798,2,7200,1.00157977883
288879,288886,292172,7,3286,2,7200,1.00213024954
288897,288903,292472,6,3569,2,7200,1.00168114318
289005,289012,292455,7,3443,2,7200,1.00203311066
289022,289029,290184,7,1155,3,7200,1.00606060606
289064,289070,290481,6,1411,3,7200,1.00425230333
289167,289175,292569,8,3394,2,7200,1.00235710077
289195,289202,294719,7,5517,4,36000,1.00126880551
289196,294893,304089,5697,9196,4,36000,1.61950848195
289196,294725,294881,5529,156,4,36000,36.4423076923
289197,304161,308791,14964,4630,4,36000,4.23196544276
289197,289209,292567,12,3358,2,7200,1.00357355569
289236,289243,292944,7,3701,2,7200,1.00189138071
289251,289257,292839,6,3582,2,7200,1.00167504188
289328,289335,289337,7,2,1,72000,1.0
289543,289549,292904,6,3355,2,7200,1.00178837556
289618,289624,317288,6,27664,1,54000,1.00021688837
289644,289650,289652,6,2,1,252000,1.0
289666,289673,319646,7,29973,1,72000,1.00023354352
289716,289723,289724,7,1,1,36000,1.0
289790,289796,289797,6,1,1,36000,1.0
289852,289859,302333,7,12474,1,36000,1.00056116723
290730,290737,294150,7,3413,2,7200,1.00205098154
291272,291279,294874,7,3595,2,7200,1.00194714882
291286,291294,294617,8,3323,2,7200,1.00240746314
291334,291342,295037,8,3695,2,7200,1.00216508796
291431,291438,294953,7,3515,2,7200,1.00199146515
291479,291485,294669,6,3184,2,7200,1.00188442211
291530,291537,294710,7,3173,2,7200,1.00220611409
291689,291696,295797,7,4101,8,7200,1.00170690076
291811,291818,295283,7,3465,2,7200,1.00202020202
292004,292010,295118,6,3108,2,7200,1.00193050193
292006,292017,295293,11,3276,2,7200,1.00335775336
292132,292139,295712,7,3573,2,7200,1.00195913798
292174,292180,295225,6,3045,2,7200,1.00197044335
292454,292461,295723,7,3262,2,7200,1.00214592275
292472,292478,295761,6,3283,2,7200,1.00182759671
292569,292576,296144,7,3568,2,7200,1.00196188341
292570,292583,296016,13,3433,2,7200,1.00378677542
292666,292674,295787,8,3113,2,7200,1.00256986829
292835,292842,296578,7,3736,2,7200,1.00187366167
292904,292910,296539,6,3629,2,7200,1.00165334803
292940,292947,296481,7,3534,2,7200,1.00198075835
294149,294155,297274,6,3119,2,7200,1.00192369349
294558,294564,294903,6,339,2,10800,1.01769911504
294616,294623,298030,7,3407,2,7200,1.00205459348
294670,294676,298103,6,3427,2,7200,1.00175080245
294712,294719,294720,7,1,2,7200,1.0
294786,294802,296671,16,1869,4,36000,1.00856072766
294786,294808,297701,22,2893,4,36000,1.00760456274
294786,294792,294798,6,6,4,36000,1.2
294786,294797,296596,11,1799,4,36000,1.00611450806
294787,294814,296675,27,1861,4,36000,1.01450832886
294787,294824,297702,37,2878,4,36000,1.0128561501
294787,294819,294828,32,9,4,36000,4.1
294787,294829,296690,42,1861,4,36000,1.02256851155
294788,294845,296795,57,1950,4,36000,1.02923076923
294788,294840,296814,52,1974,4,36000,1.02634245187
294788,294850,296823,62,1973,4,36000,1.03142422707
294788,294835,296815,47,1980,4,36000,1.02373737374
294789,294861,297708,72,2847,4,36000,1.02528977871
294789,294871,294876,82,5,4,36000,8.7
294789,294856,296671,67,1815,4,36000,1.03691460055
294789,294866,296672,77,1806,4,36000,1.04263565891
294874,294881,298541,7,3660,2,7200,1.00191256831
294877,294898,299614,21,4716,2,7200,1.00445292621
294880,294888,299572,8,4684,4,10800,1.00170794193
294882,294905,304123,23,9218,8,10800,1.00249511825
294885,295753,306589,868,10836,16,10800,1.08010335917
294887,296687,311127,1800,14440,32,14400,1.12465373961
294956,294962,298307,6,3345,2,7200,1.00179372197
294987,294993,295438,6,445,2,10800,1.01348314607
295037,295043,298313,6,3270,2,7200,1.00183486239
295121,295127,298796,6,3669,2,7200,1.00163532298
295224,295232,298721,8,3489,2,7200,1.00229292061
295285,295292,298975,7,3683,2,7200,1.00190062449
295299,295306,298819,7,3513,2,7200,1.00199259892
295712,295719,299284,7,3565,2,7200,1.00196353436
295726,295733,299312,7,3579,2,7200,1.00195585359
295762,295769,299308,7,3539,2,7200,1.00197795988
295786,295793,299311,7,3518,2,7200,1.00198976691
295953,295959,298080,6,2121,2,10800,1.00282885431
296013,296020,297421,7,1401,1,14400,1.00499643112
296016,296026,299283,10,3257,2,7200,1.0030703101
296146,296152,299579,6,3427,2,7200,1.00175080245
296477,296484,299874,7,3390,2,7200,1.00206489676
296540,296546,300047,6,3501,2,7200,1.00171379606
296579,296586,300021,7,3435,2,7200,1.00203784571
296974,296980,296984,6,4,16,14400,1.0
297043,297049,311455,6,14406,16,14400,1.00041649313
297043,298834,313285,1791,14451,4,14400,1.12393605979
297043,297054,311481,11,14427,2,14400,1.00076245928
297044,298841,313279,1797,14438,8,14400,1.12446322205
297306,297313,300803,7,3490,2,7200,1.00200573066
297677,297902,298813,225,911,4,36000,1.24698133919
297677,297907,298815,230,908,4,36000,1.25330396476
297677,297897,297903,220,6,4,36000,22.6
297678,297913,298816,235,903,4,36000,1.26024363234
297678,297920,298819,242,899,4,36000,1.26918798665
297678,298119,298821,441,702,4,36000,1.62820512821
297678,298093,298106,415,13,4,36000,32.9230769231
297679,298614,298822,935,208,4,36000,5.49519230769
297679,298621,298823,942,202,4,36000,5.66336633663
297679,298626,298824,947,198,4,36000,5.78282828283
298025,298031,301442,6,3411,2,7200,1.00175901495
298104,298111,301607,7,3496,2,7200,1.00200228833
298302,298308,301813,6,3505,2,7200,1.00171184023
298304,298315,301733,11,3418,2,7200,1.00321825629
298543,298550,302196,7,3646,2,7200,1.00191991223
298723,298730,302225,7,3495,2,7200,1.00200286123
298799,298806,302233,7,3427,2,7200,1.00204260286
298820,298827,302138,7,3311,2,7200,1.0021141649
298977,298985,302288,8,3303,2,7200,1.00242204057
299012,299302,299308,290,6,4,36000,29.6
299012,299320,300717,308,1397,4,36000,1.22047244094
299013,299327,303110,314,3783,4,36000,1.08300290775
299013,299726,314723,713,14997,4,36000,1.0475428419
299013,299585,304148,572,4563,4,36000,1.12535612536
299014,299738,302644,724,2906,4,36000,1.24913971094
299014,299745,314726,731,14981,4,36000,1.04879514051
299014,299733,299737,719,4,4,36000,72.3
299015,300648,308336,1633,7688,4,36000,1.21240894901
299015,300729,314731,1714,14002,4,36000,1.12241108413
299015,299757,314728,742,14971,4,36000,1.04956248748
299015,299750,309621,735,9871,4,36000,1.07446054098
299016,302657,314733,3641,12076,4,36000,1.30150712156
299016,304136,304142,5120,6,4,36000,512.6
299016,304101,313902,5085,9801,4,36000,1.51882460973
299016,303122,313281,4106,10159,4,36000,1.40417363914
299019,299025,299028,6,3,1,600,1.0
299281,299288,302554,7,3266,2,7200,1.00214329455
299282,299295,303028,13,3733,2,7200,1.00348245379
299303,299309,302720,6,3411,2,7200,1.00175901495
299318,299332,302712,14,3380,2,7200,1.00414201183
299319,299337,302586,18,3249,2,7200,1.0055401662
299481,299626,300522,145,896,2,2340,1.16183035714
299581,299592,303201,11,3609,2,7200,1.00304793572
299611,299887,301004,276,1117,1,7200,1.24709042077
299873,299880,303288,7,3408,2,7200,1.00205399061
299889,299896,327730,7,27834,1,46800,1.00025149098
299967,304141,314745,4174,10604,4,36000,1.39362504715
300021,300028,303661,7,3633,2,7200,1.00192678227
300029,300037,314456,8,14419,1,14400,1.0005548235
300048,300055,303696,7,3641,2,7200,1.00192254875
300521,300527,300533,6,6,1,900,1.2
300533,300539,300636,6,97,2,2340,1.0618556701
300796,300802,304213,6,3411,2,7200,1.00175901495
300857,300864,303418,7,2554,2,3540,1.00274079875
300920,301016,316949,96,15933,1,46800,1.00602523065
301181,301455,305223,274,3768,1,7200,1.07271762208
301246,302346,306046,1100,3700,1,7200,1.2972972973
301327,303054,306762,1727,3708,1,7200,1.46574973031
301335,301829,301842,494,13,2,300,39.0
301396,303435,307345,2039,3910,1,7200,1.52148337596
301441,301447,305098,6,3651,2,7200,1.00164338537
301448,303442,307280,1994,3838,1,7200,1.51954142783
301519,303711,308203,2192,4492,1,7200,1.48797862867
301595,305618,309406,4023,3788,1,7200,2.06203801478
301610,301616,305092,6,3476,2,7200,1.00172612198
301655,305624,307488,3969,1864,1,7200,3.12929184549
301718,301724,305183,6,3459,2,7200,1.00173460538
301789,301855,306780,66,4925,2,7200,1.01340101523
301815,301822,305188,7,3366,2,7200,1.00207961973
301841,302156,306686,315,4530,2,7200,1.06953642384
301884,302210,307117,326,4907,2,7200,1.0664357041
301921,302242,306917,321,4675,2,7200,1.0686631016
301960,302301,306700,341,4399,2,7200,1.07751761764
302000,302567,306850,567,4283,2,7200,1.1323838431
302048,302724,307407,676,4683,2,7200,1.14435191117
302080,303214,305487,1134,2273,2,7200,1.49890013198
302142,302148,305626,6,3478,2,7200,1.00172512938
302196,302203,305623,7,3420,2,7200,1.00204678363
302227,302235,305682,8,3447,2,7200,1.00232085872
302243,302249,305579,6,3330,2,7200,1.0018018018
302286,302293,305601,7,3308,2,7200,1.00211608222
302438,303041,303042,603,1,1,300,60.4
302548,302554,306025,6,3471,2,7200,1.00172860847
302587,302594,305937,7,3343,2,7200,1.00209392761
302707,302715,306290,8,3575,2,7200,1.00223776224
302722,302730,305946,8,3216,2,7200,1.00248756219
303023,303029,306474,6,3445,2,7200,1.00174165457
303200,303206,306919,6,3713,2,7200,1.00161594398
303288,303294,306850,6,3556,2,7200,1.00168728909
303314,303430,303431,116,1,1,300,11.7
303360,304154,307761,794,3607,4,7200,1.2201275298
303425,305499,306324,2074,825,2,3540,3.51393939394
303649,303656,306819,7,3163,2,7200,1.00221308884
303697,303704,307064,7,3360,2,7200,1.00208333333
303823,305235,312440,1412,7205,1,7200,1.19597501735
303982,305594,305608,1612,14,2,180000,116.142857143
304209,304216,307290,7,3074,2,7200,1.00227716331
305080,305088,308382,8,3294,2,7200,1.00242865817
305095,305102,308284,7,3182,2,7200,1.00219987429
305182,305193,308621,11,3428,2,7200,1.00320886814
305197,305204,308314,7,3110,2,7200,1.00225080386
305580,305587,309086,7,3499,2,7200,1.00200057159
305604,305610,309047,6,3437,2,7200,1.00174570847
305624,305631,308975,7,3344,2,7200,1.00209330144
305639,305646,309227,7,3581,2,7200,1.00195476124
305681,305687,309103,6,3416,2,7200,1.00175644028
305934,305942,309542,8,3600,2,7200,1.00222222222
305949,305955,309343,6,3388,2,7200,1.00177095632
306026,306033,309537,7,3504,2,7200,1.00199771689
306245,306252,565477,7,259225,1,259200,1.00002700357
306261,306268,565504,7,259236,1,259200,1.00002700242
306272,306341,523772,69,217431,1,259200,1.00031734205
306281,306353,565557,72,259204,1,259200,1.00027777349
306290,306296,309474,6,3178,2,7200,1.00188797986
306322,306336,306341,14,5,1,900,1.9
306340,306601,308354,261,1753,2,3540,1.14888762122
306474,306480,310003,6,3523,2,7200,1.00170309395
306820,306826,310078,6,3252,2,7200,1.00184501845
306841,306847,310298,6,3451,2,7200,1.00173862649
306916,306923,310441,7,3518,2,7200,1.00198976691
307066,307075,310650,9,3575,2,7200,1.00251748252
307289,307295,310762,6,3467,2,7200,1.00173060283
307770,307776,308219,6,443,1,600,1.01354401806
308284,308291,311894,7,3603,2,7200,1.00194282542
308313,308320,311731,7,3411,2,7200,1.00205218411
308352,308358,308363,6,5,1,900,1.1
308367,308375,310101,8,1726,2,3540,1.00463499421
308383,308390,311756,7,3366,2,7200,1.00207961973
308620,308627,312226,7,3599,2,7200,1.00194498472
308976,308983,312548,7,3565,2,7200,1.00196353436
309037,309044,312537,7,3493,2,7200,1.00200400802
309084,309091,472110,7,163019,2,180000,1.00004293978
309085,309098,312566,13,3468,2,7200,1.00374855825
309100,309107,312566,7,3459,2,7200,1.00202370627
309229,309236,312566,7,3330,2,7200,1.0021021021
309341,309347,312567,6,3220,2,7200,1.00186335404
309464,309471,312567,7,3096,2,7200,1.00226098191
309539,309546,312567,7,3021,2,7200,1.00231711354
309554,309561,312567,7,3006,2,7200,1.00232867598
309958,309964,476312,6,166348,1,360000,1.00003606896
309996,310003,312567,7,2564,2,7200,1.0027301092
310078,310084,312567,6,2483,2,7200,1.00241643174
310099,310105,310109,6,4,1,900,1.0
310114,310121,311816,7,1695,2,3540,1.00412979351
310297,310303,312567,6,2264,2,7200,1.00265017668
310442,310448,312567,6,2119,2,7200,1.0028315243
310590,310597,310598,7,1,1,900,1.0
310649,310656,312567,7,1911,2,7200,1.00366300366
310702,310709,310710,7,1,4,3600,1.0
310763,310769,312567,6,1798,2,7200,1.00333704116
311001,311008,311013,7,5,1,900,1.2
311077,311083,311085,6,2,4,3600,1.0
311155,311163,311200,8,37,1,900,1.21621621622
311168,311174,311178,6,4,4,3600,1.0
311524,311531,311577,7,46,2,3600,1.15217391304
311673,311679,311735,6,56,4,3600,1.10714285714
311729,311735,312567,6,832,2,7200,1.00721153846
311756,311762,312567,6,805,2,7200,1.00745341615
311814,311821,311833,7,12,1,900,1.58333333333
311833,311840,312146,7,306,2,3540,1.02287581699
311894,311901,312567,7,666,2,7200,1.01051051051
312144,312152,312153,8,1,1,900,1.0
312225,312233,312567,8,334,2,7200,1.02395209581
312382,312389,494029,7,181640,8,259200,1.00003853777
312490,312496,312570,6,74,16,3600,1.08108108108
312535,312543,312567,8,24,2,7200,1.33333333333
312550,312558,312567,8,9,2,7200,1.7
312677,312684,314689,7,2005,2,7200,1.00349127182
312679,312690,314689,11,1999,2,7200,1.00550275138
312680,312702,314689,22,1987,2,7200,1.01107196779
312681,312707,314689,26,1982,2,7200,1.01311806256
312683,312712,314689,29,1977,2,7200,1.01466868993
312684,312717,314689,33,1972,2,7200,1.01673427992
312685,312723,314689,38,1966,2,7200,1.01932858596
312687,312728,314689,41,1961,2,7200,1.02090770015
312688,312733,314689,45,1956,2,7200,1.02300613497
312689,312738,314689,49,1951,2,7200,1.02511532547
312690,312696,312793,6,97,64,900,1.0618556701
312691,312746,314689,55,1943,2,7200,1.02830674215
312692,312751,314689,59,1938,2,7200,1.03044375645
312693,312756,314689,63,1933,2,7200,1.03259182618
312695,312762,314689,67,1927,2,7200,1.03476907109
312696,312767,314689,71,1922,2,7200,1.03694068678
312697,312772,314689,75,1917,2,7200,1.03912363067
312699,312777,314689,78,1912,2,7200,1.04079497908
312700,312783,314689,83,1906,2,7200,1.04354669465
312701,312788,314689,87,1901,2,7200,1.04576538664
312703,312793,314689,90,1896,2,7200,1.04746835443
312704,312798,314689,94,1891,2,7200,1.0497091486
312705,312804,314689,99,1885,2,7200,1.0525198939
312707,312809,314689,102,1880,2,7200,1.05425531915
312708,312814,314689,106,1875,2,7200,1.05653333333
312709,312819,314689,110,1870,2,7200,1.05882352941
312711,312825,314689,114,1864,2,7200,1.06115879828
312712,312830,314689,118,1859,2,7200,1.06347498655
312713,312835,314689,122,1854,2,7200,1.06580366775
312715,312840,314689,125,1849,2,7200,1.06760411033
312716,312846,314689,130,1843,2,7200,1.07053716766
312718,312851,314689,133,1838,2,7200,1.07236126224
312719,312856,314689,137,1833,2,7200,1.07474086197
312720,312861,314689,141,1828,2,7200,1.07713347921
312722,312867,314689,145,1822,2,7200,1.07958287596
312723,312872,314689,149,1817,2,7200,1.08200330215
312724,312877,314689,153,1812,2,7200,1.08443708609
312726,312882,314689,156,1807,2,7200,1.08633093525
312727,312888,314689,161,1801,2,7200,1.08939478068
312729,312893,314689,164,1796,2,7200,1.09131403118
312730,312898,314689,168,1791,2,7200,1.09380234506
312829,312910,322622,81,9712,2,28800,1.00834019769
312892,312905,316022,13,3117,2,14400,1.00417067693
313182,313189,327625,7,14436,4,14400,1.00048489886
313382,313389,314347,7,958,1,1800,1.00730688935
313471,313478,317565,7,4087,4,7200,1.00171274774
313701,313708,316138,7,2430,1,2700,1.00288065844
313743,313750,315778,7,2028,2,14400,1.00345167653
314305,314311,314769,6,458,4,36000,1.01310043668
314518,314524,314556,6,32,4,36000,1.1875
314525,314531,314912,6,381,2,14400,1.0157480315
314567,314574,314773,7,199,4,36000,1.0351758794
314652,314659,314775,7,116,4,36000,1.06034482759
314829,314835,315091,6,256,2,14400,1.0234375
314834,314841,318109,7,3268,2,7200,1.00214198286
314836,314847,318344,11,3497,2,7200,1.00314555333
314837,314854,318210,17,3356,2,7200,1.00506555423
314838,314859,318582,21,3723,2,7200,1.00564061241
314840,314864,318564,24,3700,2,7200,1.00648648649
314841,314870,318043,29,3173,2,7200,1.00913961551
314842,314875,318366,33,3491,2,7200,1.00945287883
314844,314880,318328,36,3448,2,7200,1.01044083527
314845,314885,318152,40,3267,2,7200,1.01224364861
314846,314891,318427,45,3536,2,7200,1.01272624434
314848,314896,318433,48,3537,2,7200,1.01357082273
314849,314902,318373,53,3471,2,7200,1.01526937482
314850,314908,318339,58,3431,2,7200,1.01690469251
314852,314913,318310,61,3397,2,7200,1.0179570209
314853,314918,318472,65,3554,2,7200,1.01828925155
314854,314923,318311,69,3388,2,7200,1.02036599764
314856,314929,318321,73,3392,2,7200,1.02152122642
314857,314934,318575,77,3641,2,7200,1.02114803625
314859,314939,318485,80,3546,2,7200,1.0225606317
314860,314944,318219,84,3275,2,7200,1.02564885496
314861,314950,318358,89,3408,2,7200,1.02611502347
314863,314955,318571,92,3616,2,7200,1.02544247788
314864,314960,318236,96,3276,2,7200,1.0293040293
314865,314966,318341,101,3375,2,7200,1.02992592593
314867,314971,318384,104,3413,2,7200,1.03047172575
314868,314976,318592,108,3616,2,7200,1.02986725664
314869,314981,318251,112,3270,2,7200,1.03425076453
314871,314987,318171,116,3184,2,7200,1.0364321608
314872,314992,318731,120,3739,2,7200,1.03209414282
314873,314997,318356,124,3359,2,7200,1.03691574873
314875,315003,318114,128,3111,2,7200,1.04114432658
314876,315008,318835,132,3827,2,7200,1.03449176901
314877,315013,318754,136,3741,2,7200,1.03635391607
314879,315018,318546,139,3528,2,7200,1.03939909297
314880,315024,318535,144,3511,2,7200,1.04101395614
314882,315029,318245,147,3216,2,7200,1.04570895522
314883,315034,318583,151,3549,2,7200,1.04254719639
314884,315040,318299,156,3259,2,7200,1.047867444
314886,315045,318420,159,3375,2,7200,1.04711111111
314887,315050,318731,163,3681,2,7200,1.04428144526
314889,315056,316331,167,1275,1,2400,1.13098039216
315058,315065,315071,7,6,4,36000,1.3
315059,315083,318105,24,3022,4,36000,1.00794176042
315059,315076,315080,17,4,4,36000,2.1
315059,315071,351099,12,36028,4,36000,1.00033307428
315060,315093,319294,33,4201,4,36000,1.00785527255
315060,315088,320604,28,5516,4,36000,1.00507614213
315060,315104,350176,44,35072,4,36000,1.00125456204
315060,315098,351124,38,36026,4,36000,1.00105479376
315061,315116,351144,55,36028,4,36000,1.00152659043
315061,315111,351132,50,36021,4,36000,1.00138807918
315061,315469,332462,408,16993,4,36000,1.02400988642
315061,315657,337882,596,22225,4,36000,1.02681664792
317087,317095,317927,8,832,2,14400,1.00961538462
317552,317559,331121,7,13562,1,46800,1.00051614806
317713,317719,318596,6,877,2,3540,1.00684150513
317914,317921,318375,7,454,2,10800,1.0154185022
318043,318049,321552,6,3503,2,7200,1.00171281758
318109,318116,321707,7,3591,2,7200,1.00194931774
318124,318131,321399,7,3268,2,7200,1.00214198286
318151,318158,321712,7,3554,2,7200,1.00196961171
318169,318175,321606,6,3431,2,7200,1.00174876129
318204,318212,318516,8,304,2,10800,1.02631578947
318211,318218,321571,7,3353,2,7200,1.00208768267
318225,318231,321482,6,3251,2,7200,1.00184558597
318240,318246,321640,6,3394,2,7200,1.00176782557
318255,318262,321713,7,3451,2,7200,1.00202839757
318256,318269,321673,13,3404,2,7200,1.00381903643
318301,318308,321593,7,3285,2,7200,1.00213089802
318316,318323,321715,7,3392,2,7200,1.00206367925
318317,318329,321906,12,3577,2,7200,1.00335476656
318332,318339,321694,7,3355,2,7200,1.00208643815
318333,318346,321700,13,3354,2,7200,1.00387596899
318349,318356,321894,7,3538,2,7200,1.00197851894
318350,318363,321902,13,3539,2,7200,1.00367335405
318351,318368,321915,17,3547,2,7200,1.00479278263
318366,318374,321597,8,3223,2,7200,1.00248215948
318368,318380,321624,12,3244,2,7200,1.00369913687
318369,318386,321900,17,3514,2,7200,1.00483779169
318384,318393,321734,9,3341,2,7200,1.00269380425
318385,318398,322083,13,3685,2,7200,1.00352781547
318418,318424,321883,6,3459,2,7200,1.00173460538
318433,318440,322243,7,3803,2,7200,1.00184065212
318434,318446,321943,12,3497,2,7200,1.00343151273
318473,318479,321896,6,3417,2,7200,1.00175592625
318488,318494,322031,6,3537,2,7200,1.00169635284
318536,318542,321930,6,3388,2,7200,1.00177095632
318550,318556,321947,6,3391,2,7200,1.00176938956
318565,318572,321806,7,3234,2,7200,1.00216450216
318580,318587,321830,7,3243,2,7200,1.00215849522
318581,318594,322235,13,3641,2,7200,1.00357044768
318583,318599,321774,16,3175,2,7200,1.00503937008
318598,318606,321975,8,3369,2,7200,1.00237459187
318599,318611,322048,12,3437,2,7200,1.00349141693
318625,318632,319102,7,470,2,10800,1.01489361702
318630,318639,318849,9,210,2,3540,1.04285714286
318725,318731,321989,6,3258,2,7200,1.00184162063
318740,318747,322128,7,3381,2,7200,1.00207039337
318754,318762,322094,8,3332,2,7200,1.00240096038
318836,318843,322261,7,3418,2,7200,1.00204798128
318981,318988,319483,7,495,2,10800,1.01414141414
319275,319281,480793,6,161512,3,345600,1.00003714894
319412,319419,319728,7,309,2,10800,1.02265372168
319592,319599,322248,7,2649,1,2640,1.00264250661
319678,319685,319935,7,250,2,10800,1.028
320944,320951,321033,7,82,1,2400,1.08536585366
321224,321232,323783,8,2551,2,3540,1.00313602509
321334,321340,651966,6,330626,2,360000,1.00001814739
321403,321409,324981,6,3572,2,7200,1.00167973124
321484,321491,324770,7,3279,2,7200,1.00213479719
321515,321522,321523,7,1,1,600,1.0
321550,321556,325031,6,3475,2,7200,1.00172661871
321571,321577,324994,6,3417,2,7200,1.00175592625
321592,321598,325079,6,3481,2,7200,1.00172364263
321607,321614,324963,7,3349,2,7200,1.00209017617
321608,321621,324833,13,3212,2,7200,1.00404732254
321623,321632,325051,9,3419,2,7200,1.00263234864
321640,321648,325249,8,3601,2,7200,1.00222160511
321673,321680,325050,7,3370,2,7200,1.00207715134
321694,321701,324960,7,3259,2,7200,1.00214789813
321709,321716,325164,7,3448,2,7200,1.00203016241
321710,321723,325026,13,3303,2,7200,1.00393581592
321725,321732,325640,7,3908,2,7200,1.00179119754
321727,321739,325136,12,3397,2,7200,1.0035325287
321728,321744,325221,16,3477,2,7200,1.0046016681
321743,321751,325102,8,3351,2,7200,1.00238734706
321775,321783,325372,8,3589,2,7200,1.00222903316
321805,321812,325186,7,3374,2,7200,1.0020746888
321832,321839,325091,7,3252,2,7200,1.00215252153
321883,321889,325398,6,3509,2,7200,1.00170988886
321898,321905,325345,7,3440,2,7200,1.00203488372
321900,321912,325442,12,3530,2,7200,1.00339943343
321915,321921,325318,6,3397,2,7200,1.00176626435
321916,321929,325064,13,3135,2,7200,1.00414673046
321917,321934,325561,17,3627,2,7200,1.0046870692
321919,321940,325228,21,3288,2,7200,1.00638686131
321933,321947,325332,14,3385,2,7200,1.00413589365
321948,321955,325312,7,3357,2,7200,1.00208519511
321950,321962,325243,12,3281,2,7200,1.00365742152
321977,321984,325568,7,3584,2,7200,1.001953125
321991,321997,325329,6,3332,2,7200,1.00180072029
322033,322040,325385,7,3345,2,7200,1.00209267564
322048,322055,325727,7,3672,2,7200,1.00190631808
322084,322091,325488,7,3397,2,7200,1.00206064174
322098,322105,325459,7,3354,2,7200,1.00208706023
322128,322135,325284,7,3149,2,7200,1.00222292791
322236,322242,325610,6,3368,2,7200,1.00178147268
322251,322258,325818,7,3560,2,7200,1.00196629213
322266,322273,325838,7,3565,2,7200,1.00196353436
323064,323070,325743,6,2673,1,2640,1.00224466891
323124,323131,323132,7,1,1,600,1.0
323253,323259,323884,6,625,1,600,1.0096
323522,323528,323734,6,206,2,3540,1.02912621359
323689,323695,323785,6,90,2,600,1.06666666667
323793,323799,324584,6,785,2,3540,1.0076433121
324582,324588,324595,6,7,1,900,1.3
324596,324602,326353,6,1751,2,3540,1.00342661336
324769,324775,328217,6,3442,2,7200,1.00174317257
324835,324841,328484,6,3643,2,7200,1.00164699424
324961,324969,328354,8,3385,2,7200,1.0023633678
324976,324983,328369,7,3386,2,7200,1.00206733609
324991,324997,328531,6,3534,2,7200,1.00169779287
325005,325011,328882,6,3871,2,7200,1.00154998708
325029,325035,328235,6,3200,2,7200,1.001875
325044,325051,328543,7,3492,2,7200,1.0020045819
325058,325064,328401,6,3337,2,7200,1.00179802218
325060,325071,328492,11,3421,2,7200,1.00321543408
325074,325081,328660,7,3579,2,7200,1.00195585359
325089,325096,328590,7,3494,2,7200,1.00200343446
325104,325110,328664,6,3554,2,7200,1.0016882386
325105,325117,328673,12,3556,2,7200,1.00337457818
325138,325145,328855,7,3710,2,7200,1.00188679245
325165,325171,328532,6,3361,2,7200,1.00178518298
325186,325192,328896,6,3704,2,7200,1.00161987041
325222,325229,328612,7,3383,2,7200,1.00206916938
325236,325244,328588,8,3344,2,7200,1.0023923445
325251,325259,328833,8,3574,2,7200,1.00223838836
325253,325266,328679,13,3413,2,7200,1.00380896572
325286,325292,328487,6,3195,2,7200,1.00187793427
325312,325320,328720,8,3400,2,7200,1.00235294118
325327,325334,328632,7,3298,2,7200,1.00212249848
325342,325348,328934,6,3586,2,7200,1.00167317345
325343,325356,328891,13,3535,2,7200,1.00367751061
325358,325364,328985,6,3621,2,7200,1.00165700083
325373,325380,329038,7,3658,2,7200,1.001913614
325387,325395,328830,8,3435,2,7200,1.00232896652
325402,325408,328827,6,3419,2,7200,1.00175489909
325444,325451,328971,7,3520,2,7200,1.00198863636
325462,325469,328995,7,3526,2,7200,1.00198525241
325489,325496,328828,7,3332,2,7200,1.00210084034
325561,325567,329003,6,3436,2,7200,1.00174621653
325575,325581,328892,6,3311,2,7200,1.00181214135
325611,325618,328791,7,3173,2,7200,1.00220611409
325641,325649,329060,8,3411,2,7200,1.00234535327
325728,325735,329150,7,3415,2,7200,1.00204978038
325792,325799,333627,7,7828,1,9000,1.00089422586
325818,325825,328919,7,3094,2,7200,1.00226244344
325839,325846,329361,7,3515,2,7200,1.00199146515
326352,326359,326363,7,4,1,900,1.1
326362,326369,328049,7,1680,2,3540,1.00416666667
327453,327460,328496,7,1036,4,7200,1.00675675676
328047,328053,328083,6,30,1,900,1.2
328060,328066,329829,6,1763,2,3540,1.00340328985
328215,328222,331452,7,3230,2,7200,1.00216718266
328235,328241,331299,6,3058,2,7200,1.00196206671
328355,328361,331666,6,3305,2,7200,1.00181543116
328370,328376,331646,6,3270,2,7200,1.00183486239
328403,328410,331823,7,3413,2,7200,1.00205098154
328484,328490,331943,6,3453,2,7200,1.00173761946
328499,328506,331826,7,3320,2,7200,1.00210843373
328500,328512,332098,12,3586,2,7200,1.0033463469
328533,328540,332133,7,3593,2,7200,1.00194823267
328535,328547,331765,12,3218,2,7200,1.00372902424
328549,328556,332011,7,3455,2,7200,1.0020260492
328588,328595,331688,7,3093,2,7200,1.00226317491
328603,328610,332135,7,3525,2,7200,1.0019858156
328618,328624,332164,6,3540,2,7200,1.00169491525
328632,328640,331901,8,3261,2,7200,1.0024532352
328656,328667,332012,11,3345,2,7200,1.00328849028
328671,328678,332036,7,3358,2,7200,1.00208457415
328686,328694,332064,8,3370,2,7200,1.00237388724
328687,328699,332000,12,3301,2,7200,1.00363526204
328720,328726,332502,6,3776,2,7200,1.00158898305
328792,328799,332371,7,3572,2,7200,1.00195968645
328828,328835,332363,7,3528,2,7200,1.00198412698
328830,328842,332484,12,3642,2,7200,1.00329489292
328845,328852,332300,7,3448,2,7200,1.00203016241
328847,328859,332321,12,3462,2,7200,1.00346620451
328861,328868,332141,7,3273,2,7200,1.00213871066
328882,328888,332455,6,3567,2,7200,1.00168208579
328897,328903,332250,6,3347,2,7200,1.00179265013
328899,328910,332513,11,3603,2,7200,1.00305301138
328900,328915,332477,15,3562,2,7200,1.00421111735
328921,328928,332014,7,3086,2,7200,1.00226830849
328935,328943,332082,8,3139,2,7200,1.00254858235
328965,328972,332357,7,3385,2,7200,1.00206794682
328986,328992,332415,6,3423,2,7200,1.00175284838
329001,329007,332332,6,3325,2,7200,1.00180451128
329016,329022,332307,6,3285,2,7200,1.00182648402
329040,329046,332276,6,3230,2,7200,1.00185758514
329060,329067,332679,7,3612,2,7200,1.0019379845
329150,329157,332489,7,3332,2,7200,1.00210084034
329361,329368,333033,7,3665,2,7200,1.00190995907
329828,329835,329842,7,7,1,900,1.4
329840,329846,330131,6,285,2,3540,1.02105263158
330131,330137,330138,6,1,1,900,1.0
330645,330652,347980,7,17328,1,36000,1.00040397045
331002,331008,331009,6,1,1,36000,1.0
331058,331064,331281,6,217,1,36000,1.02764976959
331300,331306,335038,6,3732,2,7200,1.00160771704
331329,331336,354239,7,22903,1,36000,1.00030563682
331377,331383,332762,6,1379,12,43200,1.00435097897
331453,331461,334845,8,3384,2,7200,1.00236406619
331649,331655,334961,6,3306,2,7200,1.00181488203
331667,331673,335038,6,3365,2,7200,1.00178306092
331690,331697,335081,7,3384,2,7200,1.00206855792
331765,331772,335527,7,3755,2,7200,1.00186418109
331826,331833,335209,7,3376,2,7200,1.00207345972
331827,331840,334912,13,3072,2,7200,1.00423177083
331899,331906,335493,7,3587,2,7200,1.0019514915
331944,331950,335131,6,3181,2,7200,1.00188619931
331998,332004,335827,6,3823,2,7200,1.00156944808
332013,332020,335357,7,3337,2,7200,1.00209769254
332014,332027,335673,13,3646,2,7200,1.00356555129
332029,332035,335519,6,3484,2,7200,1.00172215844
332043,332050,335564,7,3514,2,7200,1.00199203187
332064,332071,335485,7,3414,2,7200,1.00205038079
332082,332088,335211,6,3123,2,7200,1.00192122959
332100,332107,335607,7,3500,2,7200,1.002
332132,332140,335529,8,3389,2,7200,1.00236057834
332148,332154,335280,6,3126,2,7200,1.0019193858
332149,332160,335751,11,3591,2,7200,1.00306321359
332164,332170,335709,6,3539,2,7200,1.00169539418
332251,332257,335642,6,3385,2,7200,1.00177252585
332278,332285,335728,7,3443,2,7200,1.00203311066
332302,332309,335975,7,3666,2,7200,1.00190943808
332316,332323,335962,7,3639,2,7200,1.00192360539
332318,332329,347775,11,15446,1,36000,1.00071215849
332331,332337,336091,6,3754,2,7200,1.00159829515
332346,332353,335697,7,3344,2,7200,1.00209330144
332361,332367,335931,6,3564,2,7200,1.00168350168
332376,332382,335795,6,3413,2,7200,1.00175798418
332377,332390,335611,13,3221,2,7200,1.00403601366
332416,332422,335626,6,3204,2,7200,1.00187265918
332455,332461,335994,6,3533,2,7200,1.00169827342
332479,332486,335848,7,3362,2,7200,1.00208209399
332494,332501,336045,7,3544,2,7200,1.0019751693
332495,332508,335856,13,3348,2,7200,1.00388291517
332510,332517,335705,7,3188,2,7200,1.002195734
332525,332532,335722,7,3190,2,7200,1.00219435737
332649,332656,332657,7,1,2,3540,1.0
332681,332688,335867,7,3179,2,7200,1.0022019503
333033,333040,336440,7,3400,2,7200,1.00205882353
334057,334064,335647,7,1583,12,43200,1.00442198358
334174,334180,334182,6,2,1,8640,1.0
334845,334852,338521,7,3669,2,7200,1.00190787681
334914,334920,338217,6,3297,2,7200,1.00181983621
334962,334968,338256,6,3288,2,7200,1.00182481752
335031,335037,338463,6,3426,2,7200,1.00175131349
335045,335051,338523,6,3472,2,7200,1.0017281106
335081,335088,338471,7,3383,2,7200,1.00206916938
335132,335138,338584,6,3446,2,7200,1.00174114916
335207,335214,338774,7,3560,2,7200,1.00196629213
335222,335229,338866,7,3637,2,7200,1.00192466318
335279,335285,339003,6,3718,2,7200,1.00161377084
335357,335363,338729,6,3366,2,7200,1.00178253119
335486,335492,338981,6,3489,2,7200,1.00171969046
335501,335507,338910,6,3403,2,7200,1.00176315016
335519,335526,339055,7,3529,2,7200,1.00198356475
335534,335540,339154,6,3614,2,7200,1.00166021029
335535,335547,339177,12,3630,2,7200,1.00330578512
335565,335572,339088,7,3516,2,7200,1.00199089875
335607,335614,338883,7,3269,2,7200,1.00214132762
335623,335630,338934,7,3304,2,7200,1.00211864407
335638,335645,338812,7,3167,2,7200,1.00221029365
335653,335661,338843,8,3182,2,7200,1.00251414205
335674,335680,339050,6,3370,2,7200,1.00178041543
335697,335704,339202,7,3498,2,7200,1.00200114351
335712,335719,339104,7,3385,2,7200,1.00206794682
335714,335725,339054,11,3329,2,7200,1.00330429558
335729,335735,339139,6,3404,2,7200,1.0017626322
335730,335742,339260,12,3518,2,7200,1.00341102899
335748,335754,339576,6,3822,2,7200,1.00156985871
335796,335802,339420,6,3618,2,7200,1.00165837479
335822,335830,339284,8,3454,2,7200,1.00231615518
335849,335857,339474,8,3617,2,7200,1.00221177772
335864,335870,339150,6,3280,2,7200,1.00182926829
335879,335885,338937,6,3052,2,7200,1.00196592398
335933,335939,339427,6,3488,2,7200,1.00172018349
335963,335969,339435,6,3466,2,7200,1.00173110214
335977,335984,339291,7,3307,2,7200,1.0021167221
335995,336002,339257,7,3255,2,7200,1.00215053763
336043,336049,339418,6,3369,2,7200,1.0017809439
336091,336098,339588,7,3490,2,7200,1.00200573066
336440,336447,340079,7,3632,2,7200,1.00192731278
336598,336605,338061,7,1456,12,43200,1.00480769231
337928,337936,340509,8,2573,2,3540,1.00310921104
338217,338223,341539,6,3316,2,7200,1.00180940893
338259,338266,342027,7,3761,2,7200,1.00186120713
338463,338470,342021,7,3551,2,7200,1.0019712757
338478,338485,341767,7,3282,2,7200,1.00213284583
338523,338529,341999,6,3470,2,7200,1.00172910663
338525,338537,342086,12,3549,2,7200,1.00338123415
338588,338594,342019,6,3425,2,7200,1.00175182482
338729,338736,342085,7,3349,2,7200,1.00209017617
338774,338781,342432,7,3651,2,7200,1.00191728294
338813,338819,342208,6,3389,2,7200,1.00177043376
338842,338849,342182,7,3333,2,7200,1.00210021002
338866,338873,342500,7,3627,2,7200,1.00192996967
338884,338890,342298,6,3408,2,7200,1.00176056338
338911,338917,342142,6,3225,2,7200,1.00186046512
338935,338942,342421,7,3479,2,7200,1.00201207243
338950,338957,342343,7,3386,2,7200,1.00206733609
338982,338988,342455,6,3467,2,7200,1.00173060283
339003,339009,342439,6,3430,2,7200,1.00174927114
339051,339057,342638,6,3581,2,7200,1.00167550963
339066,339072,342638,6,3566,2,7200,1.00168255749
339067,339078,342446,11,3368,2,7200,1.00326603325
339088,339095,342500,7,3405,2,7200,1.00205580029
339106,339113,342558,7,3445,2,7200,1.00203193033
339139,339146,342729,7,3583,2,7200,1.00195367011
339153,339160,342717,7,3557,2,7200,1.00196795052
339168,339175,342765,7,3590,2,7200,1.00194986072
339183,339191,342745,8,3554,2,7200,1.00225098481
339185,339198,339211,13,13,12,28800,2.0
339204,339210,342548,6,3338,2,7200,1.00179748352
339248,339254,343661,6,4407,12,43200,1.00136147039
339255,339261,342794,6,3533,2,7200,1.00169827342
339256,339269,342793,13,3524,2,7200,1.00368898978
339286,339293,342783,7,3490,2,7200,1.00200573066
339301,339307,342613,6,3306,2,7200,1.00181488203
339418,339425,342869,7,3444,2,7200,1.00203252033
339434,339442,342613,8,3171,2,7200,1.00252286345
339436,339449,342928,13,3479,2,7200,1.00373670595
339437,339454,342737,17,3283,2,7200,1.00517819068
339476,339483,343223,7,3740,2,7200,1.00187165775
339576,339583,343109,7,3526,2,7200,1.00198525241
339590,339596,342815,6,3219,2,7200,1.0018639329
340078,340086,343684,8,3598,2,7200,1.00222345748
340520,340527,341330,7,803,2,3540,1.00871731009
341330,341337,341357,7,20,1,900,1.35
341379,341386,343135,7,1749,2,3540,1.00400228702
341539,341546,344951,7,3405,2,7200,1.00205580029
341767,341775,344858,8,3083,2,7200,1.00259487512
341999,342005,345311,6,3306,2,7200,1.00181488203
342020,342027,345429,7,3402,2,7200,1.00205761317
342035,342042,345476,7,3434,2,7200,1.00203843914
342036,342048,345729,12,3681,2,7200,1.0032599837
342085,342092,345622,7,3530,2,7200,1.00198300283
342086,342099,345496,13,3397,2,7200,1.00382690609
342143,342150,345868,7,3718,2,7200,1.00188273265
342185,342191,345374,6,3183,2,7200,1.00188501414
342209,342216,345356,7,3140,2,7200,1.00222929936
342299,342306,345672,7,3366,2,7200,1.00207961973
342340,342347,345798,7,3451,2,7200,1.00202839757
342422,342429,345943,7,3514,2,7200,1.00199203187
342436,342444,345895,8,3451,2,7200,1.00231816865
342451,342458,345946,7,3488,2,7200,1.00200688073
342453,342465,345923,12,3458,2,7200,1.003470214
342467,342473,345797,6,3324,2,7200,1.00180505415
342500,342507,345885,7,3378,2,7200,1.00207223209
342502,342514,345867,12,3353,2,7200,1.00357888458
342550,342557,345982,7,3425,2,7200,1.00204379562
342564,342571,345784,7,3213,2,7200,1.00217864924
342612,342619,345860,7,3241,2,7200,1.00215982721
342614,342626,346089,12,3463,2,7200,1.00346520358
342635,342642,346021,7,3379,2,7200,1.00207161882
342649,342656,345793,7,3137,2,7200,1.0022314313
342719,342725,346286,6,3561,2,7200,1.00168491997
342733,342739,346255,6,3516,2,7200,1.00170648464
342748,342755,345922,7,3167,2,7200,1.00221029365
342749,342762,346346,13,3584,2,7200,1.00362723214
342764,342770,346276,6,3506,2,7200,1.00171135197
342785,342791,346381,6,3590,2,7200,1.00167130919
342800,342807,346262,7,3455,2,7200,1.0020260492
342801,342813,346357,12,3544,2,7200,1.00338600451
342816,342823,345995,7,3172,2,7200,1.00220680958
342870,342876,346272,6,3396,2,7200,1.00176678445
342930,342937,346248,7,3311,2,7200,1.0021141649
343110,343116,346679,6,3563,2,7200,1.00168397418
343147,343153,344768,6,1615,2,3540,1.00371517028
343224,343232,346671,8,3439,2,7200,1.00232625763
343296,343302,343502,6,200,2,10800,1.03
343527,343535,343943,8,408,2,10800,1.01960784314
343685,343691,347137,6,3446,2,7200,1.00174114916
343955,343962,354891,7,10929,2,10800,1.00064049776
344511,344518,349178,7,4660,1,28740,1.00150214592
344766,344773,344822,7,49,1,900,1.14285714286
344862,344868,348273,6,3405,2,7200,1.00176211454
344868,344876,346627,8,1751,2,3540,1.00456881782
344952,344958,348563,6,3605,2,7200,1.00166435506
345313,345319,348924,6,3605,2,7200,1.00166435506
345354,345361,348994,7,3633,2,7200,1.00192678227
345375,345381,348977,6,3596,2,7200,1.00166852058
345432,345438,348661,6,3223,2,7200,1.00186161961
345474,345481,348759,7,3278,2,7200,1.00213544844
345495,345501,349087,6,3586,2,7200,1.00167317345
345624,345631,349317,7,3686,2,7200,1.00189907759
345672,345678,349047,6,3369,2,7200,1.0017809439
345732,345738,349378,6,3640,2,7200,1.00164835165
345786,345793,349405,7,3612,2,7200,1.0019379845
345797,345803,518639,6,172836,12,172800,1.00003471499
345801,345810,349136,9,3326,2,7200,1.0027059531
345802,345816,349211,14,3395,2,7200,1.00412371134
345804,345822,349241,18,3419,2,7200,1.00526469728
345858,345864,349256,6,3392,2,7200,1.00176886792
345873,345880,349395,7,3515,2,7200,1.00199146515
345874,345887,349352,13,3465,2,7200,1.00375180375
345889,345896,349350,7,3454,2,7200,1.00202663578
345904,345910,349499,6,3589,2,7200,1.00167177487
345922,345928,349515,6,3587,2,7200,1.001672707
345923,345935,349212,12,3277,2,7200,1.00366188587
345944,345950,349440,6,3490,2,7200,1.00171919771
345958,345966,349040,8,3074,2,7200,1.00260247235
345982,345988,349334,6,3346,2,7200,1.00179318589
345997,346003,349406,6,3403,2,7200,1.00176315016
346021,346027,349241,6,3214,2,7200,1.00186683261
346090,346098,349509,8,3411,2,7200,1.00234535327
346249,346256,350096,7,3840,2,7200,1.00182291667
346264,346271,349708,7,3437,2,7200,1.00203665988
346265,346277,349554,12,3277,2,7200,1.00366188587
346281,346288,349873,7,3585,2,7200,1.0019525802
346282,346295,349482,13,3187,2,7200,1.00407907123
346296,346304,349679,8,3375,2,7200,1.00237037037
346347,346353,349937,6,3584,2,7200,1.00167410714
346362,346369,350099,7,3730,2,7200,1.0018766756
346377,346384,349741,7,3357,2,7200,1.00208519511
346635,346641,348241,6,1600,2,3540,1.00375
346672,346679,350245,7,3566,2,7200,1.00196298374
346687,346694,349863,7,3169,2,7200,1.00220889871
347138,347144,350765,6,3621,2,7200,1.00165700083
348240,348246,348271,6,25,1,900,1.24
348273,348280,351906,7,3626,2,7200,1.00193050193
348331,348338,350112,7,1774,2,3540,1.00394588501
348562,348569,352053,7,3484,2,7200,1.00200918485
348661,348668,352409,7,3741,2,7200,1.00187115744
348760,348766,352184,6,3418,2,7200,1.00175541252
348926,348932,352307,6,3375,2,7200,1.00177777778
348977,348983,352558,6,3575,2,7200,1.00167832168
348994,349000,352476,6,3476,2,7200,1.00172612198
349042,349050,352355,8,3305,2,7200,1.00242057489
349057,349063,352788,6,3725,2,7200,1.00161073826
349087,349093,352678,6,3585,2,7200,1.00167364017
349138,349145,352302,7,3157,2,7200,1.0022172949
349213,349220,352680,7,3460,2,7200,1.00202312139
349216,349227,352801,11,3574,2,7200,1.003077784
349243,349250,352445,7,3195,2,7200,1.00219092332
349244,349257,352611,13,3354,2,7200,1.00387596899
349259,349267,352728,8,3461,2,7200,1.00231147067
349316,349323,352782,7,3459,2,7200,1.00202370627
349334,349341,352665,7,3324,2,7200,1.00210589651
349352,349359,352952,7,3593,2,7200,1.00194823267
349353,349366,352927,13,3561,2,7200,1.00365065993
349380,349387,352941,7,3554,2,7200,1.00196961171
349395,349401,353012,6,3611,2,7200,1.00166158959
349410,349417,352748,7,3331,2,7200,1.00210147103
349411,349424,353121,13,3697,2,7200,1.00351636462
349441,349448,352830,7,3382,2,7200,1.00206978119
349480,349486,353130,6,3644,2,7200,1.00164654226
349498,349504,352924,6,3420,2,7200,1.00175438596
349513,349520,352969,7,3449,2,7200,1.00202957379
349527,349535,353083,8,3548,2,7200,1.00225479143
349554,349561,353034,7,3473,2,7200,1.00201554852
349678,349685,352961,7,3276,2,7200,1.00213675214
349711,349717,353342,6,3625,2,7200,1.00165517241
349743,349751,353286,8,3535,2,7200,1.00226308345
349864,349870,353186,6,3316,2,7200,1.00180940893
349878,349884,353452,6,3568,2,7200,1.00168161435
349938,349945,353560,7,3615,2,7200,1.00193637621
350095,350101,353662,6,3561,2,7200,1.00168491997
350109,350116,353514,7,3398,2,7200,1.00206003531
350122,350129,351668,7,1539,2,3540,1.00454840806
350214,350220,371587,6,21367,1,28740,1.00028080685
350242,350248,353571,6,3323,2,7200,1.00180559735
350763,350770,354248,7,3478,2,7200,1.00201265095
351667,351673,351685,6,12,1,900,1.5
351720,351727,353471,7,1744,2,3540,1.00401376147
351904,351912,355209,8,3297,2,7200,1.00242644829
352055,352062,355325,7,3263,2,7200,1.00214526509
352184,352191,355505,7,3314,2,7200,1.00211225106
352304,352311,355651,7,3340,2,7200,1.00209580838
352319,352326,355695,7,3369,2,7200,1.00207776788
352355,352361,355605,6,3244,2,7200,1.00184956843
352409,352415,355923,6,3508,2,7200,1.00171037628
352444,352451,355987,7,3536,2,7200,1.00197963801
352477,352483,356040,6,3557,2,7200,1.00168681473
352558,352565,355909,7,3344,2,7200,1.00209330144
352612,352618,356117,6,3499,2,7200,1.00171477565
352666,352673,356389,7,3716,2,7200,1.00188374596
352681,352688,355886,7,3198,2,7200,1.00218886804
352682,352695,356144,13,3449,2,7200,1.00376920847
352727,352735,356019,8,3284,2,7200,1.00243605359
352748,352755,356381,7,3626,2,7200,1.00193050193
352781,352787,356493,6,3706,2,7200,1.00161899622
352796,352803,356220,7,3417,2,7200,1.00204858063
352810,352817,356233,7,3416,2,7200,1.00204918033
352831,352838,356321,7,3483,2,7200,1.0020097617
352924,352932,356571,8,3639,2,7200,1.00219840616
352939,352945,356472,6,3527,2,7200,1.00170116246
352941,352951,356221,10,3270,2,7200,1.00305810398
352955,352961,356482,6,3521,2,7200,1.00170406135
352970,352977,356324,7,3347,2,7200,1.00209142516
352972,352984,356507,12,3523,2,7200,1.00340618791
353013,353021,356549,8,3528,2,7200,1.0022675737
353034,353040,356752,6,3712,2,7200,1.00161637931
353085,353091,356743,6,3652,2,7200,1.00164293538
353121,353128,356523,7,3395,2,7200,1.00206185567
353136,353144,356502,8,3358,2,7200,1.00238237046
353187,353193,356608,6,3415,2,7200,1.00175695461
353286,353294,356896,8,3602,2,7200,1.00222098834
353343,353350,356732,7,3382,2,7200,1.00206978119
353455,353462,357051,7,3589,2,7200,1.00195040401
353480,353486,355026,6,1540,2,3540,1.0038961039
353515,353521,356825,6,3304,2,7200,1.00181598063
353563,353569,356973,6,3404,2,7200,1.0017626322
353577,353584,357201,7,3617,2,7200,1.0019353055
353661,353669,357209,8,3540,2,7200,1.00225988701
353911,353918,353919,7,1,2,3540,1.0
354250,354257,357494,7,3237,2,7200,1.00216249614
354999,355005,355175,6,170,1,3600,1.03529411765
355024,355031,355037,7,6,1,900,1.3
355052,355058,356813,6,1755,2,3540,1.00341880342
355211,355218,358757,7,3539,2,7200,1.00197795988
355325,355332,358603,7,3271,2,7200,1.00214001834
355353,355360,355711,7,351,1,3600,1.01994301994
355505,355512,358564,7,3052,2,7200,1.00229357798
355608,355614,359115,6,3501,2,7200,1.00171379606
355652,355660,359290,8,3630,2,7200,1.00220385675
355698,355705,359165,7,3460,2,7200,1.00202312139
355884,355892,359288,8,3396,2,7200,1.0023557126
355908,355916,359491,8,3575,2,7200,1.00223776224
355923,355929,359248,6,3319,2,7200,1.00180777343
355986,355993,359444,7,3451,2,7200,1.00202839757
356019,356026,359586,7,3560,2,7200,1.00196629213
356040,356046,359534,6,3488,2,7200,1.00172018349
356067,356074,356874,7,800,1,3600,1.00875
356118,356124,359908,6,3784,2,7200,1.00158562368
356145,356151,359656,6,3505,2,7200,1.00171184023
356220,356227,359647,7,3420,2,7200,1.00204678363
356235,356241,359620,6,3379,2,7200,1.00177567328
356236,356248,359546,12,3298,2,7200,1.00363856883
356321,356327,359690,6,3363,2,7200,1.00178412132
356335,356342,359964,7,3622,2,7200,1.0019326339
356383,356391,359691,8,3300,2,7200,1.00242424242
356398,356404,359909,6,3505,2,7200,1.00171184023
356473,356480,359775,7,3295,2,7200,1.00212443096
356488,356496,360203,8,3707,2,7200,1.00215807931
356503,356509,360119,6,3610,2,7200,1.00166204986
356504,356517,359983,13,3466,2,7200,1.00375072129
356519,356525,360167,6,3642,2,7200,1.00164744646
356534,356540,359863,6,3323,2,7200,1.00180559735
356552,356559,360153,7,3594,2,7200,1.0019476906
356573,356579,359722,6,3143,2,7200,1.00190900414
356608,356615,359821,7,3206,2,7200,1.00218340611
356729,356735,360353,6,3618,2,7200,1.00165837479
356743,356750,360306,7,3556,2,7200,1.00196850394
356758,356766,360125,8,3359,2,7200,1.00238166121
356821,356828,358399,7,1571,2,3540,1.00445576066
356827,356835,360407,8,3572,2,7200,1.00223964166
356897,356903,360385,6,3482,2,7200,1.00172314762
356975,356981,360198,6,3217,2,7200,1.0018650917
357050,357058,360374,8,3316,2,7200,1.00241254524
357201,357207,360575,6,3368,2,7200,1.00178147268
357215,357222,360537,7,3315,2,7200,1.00211161388
357494,357501,360905,7,3404,2,7200,1.00205640423
358180,358186,358302,6,116,1,3600,1.05172413793
358399,358405,358412,6,7,1,900,1.3
358426,358433,360182,7,1749,2,3540,1.00400228702
358475,358482,358651,7,169,1,3600,1.04142011834
358479,358488,358818,9,330,1,3600,1.02727272727
358567,358573,362300,6,3727,2,7200,1.00160987389
358603,358609,362047,6,3438,2,7200,1.0017452007
358759,358766,362202,7,3436,2,7200,1.00203725262
358841,358847,359215,6,368,1,3600,1.01630434783
359118,359125,362545,7,3420,2,7200,1.00204678363
359166,359173,362690,7,3517,2,7200,1.00199033267
359247,359253,362836,6,3583,2,7200,1.00167457438
359290,359296,363014,6,3718,2,7200,1.00161377084
359291,359304,362851,13,3547,2,7200,1.00366506907
359299,359311,359916,12,605,1,3600,1.01983471074
359445,359452,362860,7,3408,2,7200,1.00205399061
359493,359500,362994,7,3494,2,7200,1.00200343446
359535,359541,363154,6,3613,2,7200,1.0016606698
359549,359556,362861,7,3305,2,7200,1.00211800303
359585,359597,360434,12,837,1,3600,1.01433691756
359585,359591,362796,6,3205,2,7200,1.00187207488
359621,359627,363234,6,3607,2,7200,1.00166343222
359648,359654,363189,6,3535,2,7200,1.00169731259
359663,359669,363163,6,3494,2,7200,1.00171722954
359693,359699,363384,6,3685,2,7200,1.00162822252
359695,359707,363068,12,3361,2,7200,1.00357036596
359724,359732,363167,8,3435,2,7200,1.00232896652
359775,359782,363376,7,3594,2,7200,1.0019476906
359820,359827,363282,7,3455,2,7200,1.0020260492
359862,359869,363346,7,3477,2,7200,1.0020132298
359907,359914,363377,7,3463,2,7200,1.00202136876
359909,359920,363694,11,3774,2,7200,1.00291467939
359966,359973,363223,7,3250,2,7200,1.00215384615
359984,359990,363336,6,3346,2,7200,1.00179318589
360119,360126,363489,7,3363,2,7200,1.00208147487
360134,360141,363269,7,3128,2,7200,1.00223785166
360155,360161,363728,6,3567,2,7200,1.00168208579
360170,360176,363472,6,3296,2,7200,1.00182038835
360192,360198,361744,6,1546,2,3540,1.00388098318
360200,360206,363788,6,3582,2,7200,1.00167504188
360214,360222,363820,8,3598,2,7200,1.00222345748
360307,360314,363612,7,3298,2,7200,1.00212249848
360352,360360,363700,8,3340,2,7200,1.00239520958
360373,360380,363761,7,3381,2,7200,1.00207039337
360388,360395,363722,7,3327,2,7200,1.0021039976
360409,360416,363985,7,3569,2,7200,1.00196133371
360540,360546,364185,6,3639,2,7200,1.00164880462
360576,360582,364404,6,3822,2,7200,1.00156985871
360904,360910,364304,6,3394,2,7200,1.00176782557
361727,361733,361863,6,130,1,3600,1.04615384615
361744,361750,361761,6,11,1,900,1.54545454545
361782,361789,363541,7,1752,2,3540,1.00399543379
362055,362063,365516,8,3453,2,7200,1.00231682595
362063,362069,362398,6,329,1,3600,1.01823708207
362202,362210,365599,8,3389,2,7200,1.00236057834
362302,362309,365859,7,3550,2,7200,1.00197183099
362334,362341,362460,7,119,1,1800,1.05882352941
362547,362554,366013,7,3459,2,7200,1.00202370627
362691,362697,365881,6,3184,2,7200,1.00188442211
362765,362772,362877,7,105,1,1800,1.06666666667
362796,362804,366462,8,3658,2,7200,1.00218698742
362835,362842,366452,7,3610,2,7200,1.00193905817
362853,362859,366319,6,3460,2,7200,1.00173410405
362868,362876,366354,8,3478,2,7200,1.00230017251
362870,362881,366336,11,3455,2,7200,1.00318379161
362881,362888,363505,7,617,1,3600,1.0113452188
362993,362999,366317,6,3318,2,7200,1.00180831826
363014,363020,366763,6,3743,2,7200,1.00160299225
363068,363074,366501,6,3427,2,7200,1.00175080245
363155,363162,366567,7,3405,2,7200,1.00205580029
363170,363177,366816,7,3639,2,7200,1.00192360539
363171,363183,366516,12,3333,2,7200,1.00360036004
363192,363198,366481,6,3283,2,7200,1.00182759671
363222,363229,366510,7,3281,2,7200,1.00213349589
363237,363244,366558,7,3314,2,7200,1.00211225106
363270,363277,366678,7,3401,2,7200,1.00205821817
363285,363292,366491,7,3199,2,7200,1.00218818381
363339,363345,366824,6,3479,2,7200,1.00172463352
363353,363360,366868,7,3508,2,7200,1.001995439
363374,363381,366986,7,3605,2,7200,1.00194174757
363376,363388,366758,12,3370,2,7200,1.00356083086
363390,363397,367195,7,3798,2,7200,1.0018430753
363471,363478,367002,7,3524,2,7200,1.00198637911
363489,363496,366797,7,3301,2,7200,1.00212056952
363548,363554,364139,6,585,1,1800,1.01025641026
363550,363561,364992,11,1431,2,3540,1.00768693222
363614,363620,367038,6,3418,2,7200,1.00175541252
363695,363702,367153,7,3451,2,7200,1.00202839757
363710,363716,367572,6,3856,2,7200,1.0015560166
363724,363732,367341,8,3609,2,7200,1.00221668052
363739,363745,367317,6,3572,2,7200,1.00167973124
363763,363769,367060,6,3291,2,7200,1.00182315406
363790,363797,367425,7,3628,2,7200,1.00192943771
363823,363829,367473,6,3644,2,7200,1.00164654226
363985,363993,367635,8,3642,2,7200,1.00219659528
364185,364192,367734,7,3542,2,7200,1.00197628458
364305,364313,367845,8,3532,2,7200,1.00226500566
364404,364412,367983,8,3571,2,7200,1.00224026883
364991,364997,365006,6,9,1,900,1.5
365013,365020,366763,7,1743,2,3540,1.00401606426
365518,365524,369012,6,3488,2,7200,1.00172018349
365599,365606,369127,7,3521,2,7200,1.00198807157
365861,365867,369309,6,3442,2,7200,1.00174317257
365882,365889,369323,7,3434,2,7200,1.00203843914
365891,365898,366018,7,120,1,1800,1.05833333333
365928,365934,365983,6,49,1,1800,1.12244897959
366015,366021,369558,6,3537,2,7200,1.00169635284
366300,366306,366387,6,81,1,1800,1.07407407407
366317,366324,369584,7,3260,2,7200,1.00214723926
366332,366339,369890,7,3551,2,7200,1.0019712757
366346,366353,369575,7,3222,2,7200,1.00217256363
366349,366360,366473,11,113,1,1800,1.09734513274
366361,366369,369734,8,3365,2,7200,1.00237741456
366455,366462,369932,7,3470,2,7200,1.00201729107
366470,366476,369829,6,3353,2,7200,1.00178944229
366485,366491,369916,6,3425,2,7200,1.00175182482
366499,366506,369911,7,3405,2,7200,1.00205580029
366514,366522,370149,8,3627,2,7200,1.00220567963
366516,366529,370098,13,3569,2,7200,1.00364247688
366531,366537,369989,6,3452,2,7200,1.00173812283
366560,366568,369998,8,3430,2,7200,1.00233236152
366575,366582,370194,7,3612,2,7200,1.0019379845
366680,366687,370416,7,3729,2,7200,1.00187717887
366758,366766,370313,8,3547,2,7200,1.00225542712
366771,366778,368341,7,1563,2,3540,1.00447856686
366773,366785,370643,12,3858,2,7200,1.00311041991
366797,366803,370203,6,3400,2,7200,1.00176470588
366818,366825,370664,7,3839,2,7200,1.00182339151
366833,366840,370407,7,3567,2,7200,1.00196243342
366869,366875,370400,6,3525,2,7200,1.00170212766
366986,366993,370425,7,3432,2,7200,1.00203962704
367001,367007,370425,6,3418,2,7200,1.00175541252
367040,367047,370492,7,3445,2,7200,1.00203193033
367058,367065,370598,7,3533,2,7200,1.00198131899
367154,367161,370374,7,3213,2,7200,1.00217864924
367182,367190,367719,8,529,1,1800,1.01512287335
367196,367202,370648,6,3446,2,7200,1.00174114916
367319,367325,370953,6,3628,2,7200,1.00165380375
367343,367349,370724,6,3375,2,7200,1.00177777778
367356,367362,367649,6,287,1,1800,1.02090592334
367427,367434,370915,7,3481,2,7200,1.0020109164
367472,367478,370798,6,3320,2,7200,1.00180722892
367571,367578,371007,7,3429,2,7200,1.00204141149
367634,367641,371000,7,3359,2,7200,1.00208395356
367735,367741,371024,6,3283,2,7200,1.00182759671
367846,367852,371096,6,3244,2,7200,1.00184956843
367985,367991,371510,6,3519,2,7200,1.00170502984
368340,368348,368355,8,7,1,900,1.5
368363,368369,370115,6,1746,2,3540,1.00343642612
369014,369021,372419,7,3398,2,7200,1.00206003531
369128,369135,372610,7,3475,2,7200,1.00201438849
369309,369315,372802,6,3487,2,7200,1.0017206768
369324,369331,372747,7,3416,2,7200,1.00204918033
369559,369566,373122,7,3556,2,7200,1.00196850394
369575,369581,369630,6,49,1,1800,1.12244897959
369576,369588,373125,12,3537,2,7200,1.00339270568
369591,369599,372888,8,3289,2,7200,1.00243235026
369736,369742,373241,6,3499,2,7200,1.00171477565
369829,369836,373379,7,3543,2,7200,1.00197572679
369892,369898,373428,6,3530,2,7200,1.00169971671
369913,369919,373691,6,3772,2,7200,1.00159066808
369928,369934,373367,6,3433,2,7200,1.0017477425
369943,369949,373451,6,3502,2,7200,1.00171330668
369971,369978,370050,7,72,1,1800,1.09722222222
369988,369994,373566,6,3572,2,7200,1.00167973124
370002,370008,373471,6,3463,2,7200,1.00173260179
370099,370106,373596,7,3490,2,7200,1.00200573066
370126,370132,371548,6,1416,2,3540,1.00423728814
370150,370156,373707,6,3551,2,7200,1.00168966488
370194,370202,373760,8,3558,2,7200,1.00224845419
370209,370216,373598,7,3382,2,7200,1.00206978119
370314,370321,373981,7,3660,2,7200,1.00191256831
370374,370381,373697,7,3316,2,7200,1.00211097708
370401,370407,373939,6,3532,2,7200,1.00169875425
370416,370422,373823,6,3401,2,7200,1.001764187
370431,370439,374018,8,3579,2,7200,1.00223526125
370433,370444,373733,11,3289,2,7200,1.00334448161
370434,370450,374088,16,3638,2,7200,1.00439802089
370491,370498,373865,7,3367,2,7200,1.00207900208
370599,370606,374128,7,3522,2,7200,1.0019875071
370641,370647,374144,6,3497,2,7200,1.00171575636
370656,370662,374051,6,3389,2,7200,1.00177043376
370671,370678,374284,7,3606,2,7200,1.0019412091
370725,370731,374322,6,3591,2,7200,1.00167084378
370800,370806,374098,6,3292,2,7200,1.00182260024
370917,370923,374387,6,3464,2,7200,1.00173210162
370953,370959,374148,6,3189,2,7200,1.00188146754
371001,371007,374713,6,3706,2,7200,1.00161899622
371016,371022,374367,6,3345,2,7200,1.00179372197
371031,371038,374628,7,3590,2,7200,1.00194986072
371052,371060,371354,8,294,1,1800,1.02721088435
371094,371101,374493,7,3392,2,7200,1.00206367925
371511,371518,374854,7,3336,2,7200,1.00209832134
371547,371553,371560,6,7,1,900,1.3
371576,371584,373726,8,2142,2,3540,1.00373482726
372112,372118,378029,6,5911,1,8640,1.00101505667
372420,372428,374971,8,2543,2,7200,1.00314589068
372610,372617,374971,7,2354,2,7200,1.00297366185
372748,372754,374971,6,2217,2,7200,1.00270635995
372802,372810,374978,8,2168,2,7200,1.0036900369
372889,372897,374971,8,2074,2,7200,1.00385728062
373124,373130,374971,6,1841,2,7200,1.00325909832
373139,373145,374971,6,1826,2,7200,1.00328587076
373241,373248,374978,7,1730,2,7200,1.00404624277
373367,373374,374971,7,1597,2,7200,1.00438321853
373382,373388,374971,6,1583,2,7200,1.00379027164
373427,373434,374971,7,1537,2,7200,1.00455432661
373451,373458,374971,7,1513,2,7200,1.00462656973
373472,373479,374972,7,1493,2,7200,1.00468854655
373565,373572,374973,7,1401,2,7200,1.00499643112
373598,373605,374971,7,1366,2,7200,1.00512445095
373599,373612,374971,13,1359,2,7200,1.00956585725
373692,373699,374971,7,1272,2,7200,1.00550314465
373707,373713,374971,6,1258,2,7200,1.00476947536
373709,373720,374973,11,1253,2,7200,1.00877893057
373732,373739,374971,7,1232,2,7200,1.00568181818
373737,373746,375246,9,1500,2,3540,1.006
373762,373768,374971,6,1203,2,7200,1.00498753117
373822,373828,374971,6,1143,2,7200,1.00524934383
373864,373870,374971,6,1101,2,7200,1.00544959128
373939,373945,374971,6,1026,2,7200,1.00584795322
373981,373988,374971,7,983,2,7200,1.00712105799
374014,374020,374971,6,951,2,7200,1.00630914826
374037,374043,374330,6,287,1,32400,1.02090592334
374053,374060,374974,7,914,2,7200,1.00765864333
374089,374095,374973,6,878,2,7200,1.00683371298
374104,374110,374973,6,863,2,7200,1.00695249131
374130,374138,374973,8,835,2,7200,1.00958083832
374145,374152,374973,7,821,2,7200,1.00852618758
374160,374167,374973,7,806,2,7200,1.00868486352
374284,374291,374973,7,682,2,7200,1.01026392962
374322,374329,374973,7,644,2,7200,1.01086956522
374333,374340,406789,7,32449,4,32400,1.00021572313
374364,374371,374973,7,602,2,7200,1.01162790698
374388,374394,374973,6,579,2,7200,1.0103626943
374494,374500,374973,6,473,2,7200,1.01268498943
374640,374646,374973,6,327,2,7200,1.01834862385
374715,374722,374973,7,251,2,7200,1.02788844622
374856,374862,374973,6,111,2,7200,1.05405405405
375044,375050,378439,6,3389,2,7200,1.00177043376
375045,375056,378282,11,3226,2,7200,1.00340979541
375046,375062,378519,16,3457,2,7200,1.00462829043
375048,375067,378501,19,3434,2,7200,1.00553290623
375049,375072,378558,23,3486,2,7200,1.00659781985
375050,375077,378269,27,3192,2,7200,1.00845864662
375052,375084,378369,32,3285,2,7200,1.0097412481
375053,375089,378796,36,3707,2,7200,1.00971135689
375054,375094,378412,40,3318,2,7200,1.01205545509
375056,375099,378577,43,3478,2,7200,1.01236342726
375057,375105,378412,48,3307,2,7200,1.01451466586
375059,375110,378520,51,3410,2,7200,1.01495601173
375060,375115,378461,55,3346,2,7200,1.01643753736
375061,375121,378580,60,3459,2,7200,1.01734605377
375063,375126,378781,63,3655,2,7200,1.01723666211
375064,375131,378503,67,3372,2,7200,1.01986951364
375065,375136,378557,71,3421,2,7200,1.02075416545
375067,375142,378503,75,3361,2,7200,1.02231478727
375068,375147,378579,79,3432,2,7200,1.02301864802
375070,375152,378438,82,3286,2,7200,1.0249543518
375071,375157,378582,86,3425,2,7200,1.02510948905
375072,375163,378336,91,3173,2,7200,1.02867948314
375074,375168,378581,94,3413,2,7200,1.02754175212
375075,375173,378578,98,3405,2,7200,1.02878120411
375076,375179,378582,103,3403,2,7200,1.03026741111
375078,375184,378629,106,3445,2,7200,1.03076923077
375079,375191,378500,112,3309,2,7200,1.03384708371
375081,375196,378387,115,3191,2,7200,1.03603885929
375082,375201,378580,119,3379,2,7200,1.03521751998
375083,375206,378582,123,3376,2,7200,1.03643364929
375085,375212,378577,127,3365,2,7200,1.03774145617
375086,375217,378578,131,3361,2,7200,1.03897649509
375087,375222,378504,135,3282,2,7200,1.04113345521
375089,375227,378708,138,3481,2,7200,1.03964378052
375090,375233,378556,143,3323,2,7200,1.04303340355
375092,375238,378704,146,3466,2,7200,1.04212348529
375093,375243,378579,150,3336,2,7200,1.04496402878
375094,375248,378579,154,3331,2,7200,1.04623236265
375096,375254,378581,158,3327,2,7200,1.04749023144
375097,375259,378556,162,3297,2,7200,1.0491355778
375245,375265,375272,20,7,1,900,2.7
375263,375272,375626,9,354,2,3540,1.02542372881
375625,375632,375634,7,2,1,900,1.0
376728,376734,380364,6,3630,1,3600,1.00165289256
378271,378279,381593,8,3314,2,7200,1.00241400121
378273,378286,381849,13,3563,2,7200,1.00364861072
378312,378318,381559,6,3241,2,7200,1.00185128047
378326,378333,381574,7,3241,2,7200,1.00215982721
378328,378340,381658,12,3318,2,7200,1.00361663653
378342,378349,381716,7,3367,2,7200,1.00207900208
378357,378364,381964,7,3600,2,7200,1.00194444444
378359,378370,381760,11,3390,2,7200,1.00324483776
378373,378380,381628,7,3248,2,7200,1.00215517241
378388,378395,381830,7,3435,2,7200,1.00203784571
378390,378402,381716,12,3314,2,7200,1.00362100181
378405,378412,381925,7,3513,2,7200,1.00199259892
378406,378418,381718,12,3300,2,7200,1.00363636364
378421,378428,381662,7,3234,2,7200,1.00216450216
378422,378435,381815,13,3380,2,7200,1.00384615385
378424,378440,381923,16,3483,2,7200,1.00459374103
378439,378447,381955,8,3508,2,7200,1.00228050171
378440,378452,382081,12,3629,2,7200,1.00330669606
378455,378461,382062,6,3601,2,7200,1.00166620383
378470,378477,382102,7,3625,2,7200,1.00193103448
378471,378484,381721,13,3237,2,7200,1.00401606426
378473,378489,381777,16,3288,2,7200,1.00486618005
378474,378494,381727,20,3233,2,7200,1.00618620476
378489,378502,381967,13,3465,2,7200,1.00375180375
378490,378507,381771,17,3264,2,7200,1.00520833333
378492,378512,381956,20,3444,2,7200,1.00580720093
378516,378523,381814,7,3291,2,7200,1.00212701307
378517,378529,381958,12,3429,2,7200,1.00349956255
378541,378547,381843,6,3296,2,7200,1.00182038835
378556,378563,381931,7,3368,2,7200,1.0020783848
378557,378570,382023,13,3453,2,7200,1.00376484217
378559,378579,381960,20,3381,2,7200,1.00591540964
378573,378585,381857,12,3272,2,7200,1.00366748166
378588,378595,382014,7,3419,2,7200,1.00204738228
378590,378602,382299,12,3697,2,7200,1.00324587503
378628,378635,381895,7,3260,2,7200,1.00214723926
378643,378650,382229,7,3579,2,7200,1.00195585359
378645,378656,382017,11,3361,2,7200,1.00327283547
378680,378688,382027,8,3339,2,7200,1.00239592692
378701,378708,382008,7,3300,2,7200,1.00212121212
378794,378800,379313,6,513,1,900,1.01169590643
379501,379508,379523,7,15,2,300,1.46666666667
380319,380326,380336,7,10,2,300,1.7
380766,380772,380788,6,16,2,300,1.375
381265,381271,389926,6,8655,1,9000,1.0006932409
381559,381566,384870,7,3304,2,7200,1.00211864407
381573,381581,384767,8,3186,2,7200,1.00251098556
381591,381597,385261,6,3664,2,7200,1.00163755459
381631,381637,385153,6,3516,2,7200,1.00170648464
381645,381652,385033,7,3381,2,7200,1.00207039337
381647,381658,384968,11,3310,2,7200,1.00332326284
381716,381723,384901,7,3178,2,7200,1.00220264317
381717,381730,384920,13,3190,2,7200,1.00407523511
381732,381739,385151,7,3412,2,7200,1.00205158265
381734,381746,385164,12,3418,2,7200,1.00351082504
381735,381751,385089,16,3338,2,7200,1.00479328939
381762,381769,384936,7,3167,2,7200,1.00221029365
381777,381785,385236,8,3451,2,7200,1.00231816865
381778,381790,385411,12,3621,2,7200,1.00331400166
381814,381820,385178,6,3358,2,7200,1.00178677784
381816,381826,385061,10,3235,2,7200,1.00309119011
381830,381837,385215,7,3378,2,7200,1.00207223209
381845,381851,385004,6,3153,2,7200,1.00190294957
381860,381867,385162,7,3295,2,7200,1.00212443096
381861,381874,385123,13,3249,2,7200,1.00400123115
381885,381891,385499,6,3608,2,7200,1.00166297118
381900,381906,385228,6,3322,2,7200,1.00180614088
381901,381914,385485,13,3571,2,7200,1.00364043685
381916,381922,385371,6,3449,2,7200,1.00173963468
381931,381939,385134,8,3195,2,7200,1.00250391236
381932,381944,385125,12,3181,2,7200,1.00377239862
381947,381954,385171,7,3217,2,7200,1.00217594032
381949,381960,385209,11,3249,2,7200,1.00338565713
381964,381970,385452,6,3482,2,7200,1.00172314762
381965,381977,385181,12,3204,2,7200,1.00374531835
382010,382017,385419,7,3402,2,7200,1.00205761317
382025,382031,385251,6,3220,2,7200,1.00186335404
382026,382038,385198,12,3160,2,7200,1.00379746835
382028,382043,385339,15,3296,2,7200,1.00455097087
382042,382050,385436,8,3386,2,7200,1.00236266982
382063,382069,385307,6,3238,2,7200,1.00185299568
382078,382084,385648,6,3564,2,7200,1.00168350168
382093,382100,385276,7,3176,2,7200,1.00220403023
382212,382219,382354,7,135,4,36000,1.05185185185
382222,382229,385769,7,3540,2,7200,1.00197740113
382300,382306,385965,6,3659,2,7200,1.00163979229
382317,382323,382356,6,33,4,36000,1.18181818182
382974,382981,383781,7,800,4,14400,1.00875
383131,383139,383226,8,87,1,600,1.09195402299
383651,383657,383658,6,1,1,900,1.0
383740,383747,384490,7,743,2,10800,1.00942126514
383758,383765,383766,7,1,1,900,1.0
383930,383937,383945,7,8,1,900,1.5
384062,384069,384101,7,32,1,900,1.21875
384240,384248,384271,8,23,1,600,1.34782608696
384246,384254,384364,8,110,64,900,1.07272727273
384505,384511,388140,6,3629,2,7200,1.00165334803
384506,384517,387839,11,3322,2,7200,1.00331125828
384507,384523,387731,16,3208,2,7200,1.00498753117
384509,384528,387701,19,3173,2,7200,1.00598802395
384510,384533,387885,23,3352,2,7200,1.00686157518
384511,384538,388008,27,3470,2,7200,1.00778097983
384513,384545,387776,32,3231,2,7200,1.00990405447
384514,384550,387998,36,3448,2,7200,1.01044083527
384515,384556,387706,41,3150,2,7200,1.01301587302
384517,384561,387896,44,3335,2,7200,1.0131934033
384518,384566,387901,48,3335,2,7200,1.0143928036
384519,384572,387770,53,3198,2,7200,1.01657285804
384521,384577,388009,56,3432,2,7200,1.01631701632
384522,384582,388040,60,3458,2,7200,1.01735106998
384524,384587,387922,63,3335,2,7200,1.01889055472
384525,384593,387958,68,3365,2,7200,1.02020802377
384526,384598,387746,72,3148,2,7200,1.02287166455
384528,384603,387782,75,3179,2,7200,1.02359232463
384529,384609,387902,80,3293,2,7200,1.02429395688
384530,384614,387983,84,3369,2,7200,1.0249332146
384532,384619,388029,87,3410,2,7200,1.02551319648
384533,384624,387884,91,3260,2,7200,1.02791411043
384535,384630,387943,95,3313,2,7200,1.02867491699
384536,384635,387961,99,3326,2,7200,1.02976548406
384537,384640,387937,103,3297,2,7200,1.03124052169
384539,384645,388020,106,3375,2,7200,1.03140740741
384540,384652,387857,112,3205,2,7200,1.03494539782
384541,384658,388112,117,3454,2,7200,1.03387376954
384543,384663,388387,120,3724,2,7200,1.03222341568
384544,384668,388064,124,3396,2,7200,1.03651354535
384545,384673,387854,128,3181,2,7200,1.04023891858
384547,384679,388115,132,3436,2,7200,1.03841676368
384548,384684,388013,136,3329,2,7200,1.04085310904
384549,384689,388210,140,3521,2,7200,1.03976143141
384551,384694,387880,143,3186,2,7200,1.04488386692
384552,384700,388010,148,3310,2,7200,1.04471299094
384553,384705,388022,152,3317,2,7200,1.04582454025
384555,384710,387968,155,3258,2,7200,1.04757519951
384556,384715,387984,159,3269,2,7200,1.04863872744
384558,384721,387853,163,3132,2,7200,1.05204342273
384753,384760,384761,7,1,1,600,1.0
384767,384774,387983,7,3209,2,7200,1.00218136491
384807,384814,385436,7,622,1,600,1.01125401929
384872,384878,388412,6,3534,2,7200,1.00169779287
384902,384909,388083,7,3174,2,7200,1.00220541903
384923,384930,388255,7,3325,2,7200,1.00210526316
384938,384944,388172,6,3228,2,7200,1.00185873606
384968,384974,388280,6,3306,2,7200,1.00181488203
385007,385013,388540,6,3527,2,7200,1.00170116246
385034,385040,388603,6,3563,2,7200,1.00168397418
385063,385070,388213,7,3143,2,7200,1.00222717149
385090,385097,388733,7,3636,2,7200,1.00192519252
385123,385130,388333,7,3203,2,7200,1.00218545114
385138,385146,388332,8,3186,2,7200,1.00251098556
385140,385153,388506,13,3353,2,7200,1.00387712496
385155,385161,388313,6,3152,2,7200,1.0019035533
385156,385169,388673,13,3504,2,7200,1.00371004566
385172,385179,388459,7,3280,2,7200,1.00213414634
385173,385186,388488,13,3302,2,7200,1.00393700787
385174,385191,388558,17,3367,2,7200,1.00504900505
385189,385198,388303,9,3105,2,7200,1.00289855072
385190,385203,388346,13,3143,2,7200,1.00413617563
385205,385213,388802,8,3589,2,7200,1.00222903316
385220,385226,388592,6,3366,2,7200,1.00178253119
385222,385233,388350,11,3117,2,7200,1.00352903433
385236,385243,388536,7,3293,2,7200,1.00212572123
385238,385250,388674,12,3424,2,7200,1.0035046729
385253,385259,388744,6,3485,2,7200,1.00172166428
385256,385266,396168,10,10902,2,10800,1.00091726289
385267,385275,388623,8,3348,2,7200,1.00238948626
385282,385289,388412,7,3123,2,7200,1.00224143452
385309,385316,388723,7,3407,2,7200,1.00205459348
385339,385345,388876,6,3531,2,7200,1.00169923534
385372,385379,388574,7,3195,2,7200,1.00219092332
385414,385420,388527,6,3107,2,7200,1.00193112327
385429,385436,388537,7,3101,2,7200,1.00225733634
385443,385450,388777,7,3327,2,7200,1.0021039976
385458,385465,388541,7,3076,2,7200,1.0022756827
385485,385492,389066,7,3574,2,7200,1.00195858982
385500,385507,389027,7,3520,2,7200,1.00198863636
385513,385520,386127,7,607,1,600,1.01153212521
385546,385552,405816,6,20264,1,46800,1.00029609159
385650,385662,385664,12,2,4,14400,1.4
385651,385657,389029,6,3372,2,7200,1.00177935943
385771,385777,389200,6,3423,2,7200,1.00175284838
385865,385872,385925,7,53,4,3600,1.1320754717
385967,385973,389478,6,3505,2,7200,1.00171184023
386030,386038,386104,8,66,8,3600,1.12121212121
386125,386132,386192,7,60,8,3600,1.11666666667
386318,386325,387472,7,1147,4,14400,1.00610287707
386654,386662,386666,8,4,1,600,1.2
386700,386706,386707,6,1,1,600,1.0
386818,386825,386827,7,2,1,600,1.0
387028,387035,387119,7,84,1,600,1.08333333333
387152,387158,387159,6,1,1,600,1.0
387196,387220,389844,24,2624,4,36000,1.00914634146
387196,387789,396459,593,8670,4,36000,1.06839677047
387196,387718,392015,522,4297,4,36000,1.1214801024
387196,387202,387208,6,6,4,36000,1.2
387197,387869,392139,672,4270,4,36000,1.15737704918
387197,387897,392548,700,4651,4,36000,1.15050526768
387197,387924,399368,727,11444,4,36000,1.0635267389
387198,388325,390354,1127,2029,4,36000,1.55544603253
387198,388348,397673,1150,9325,4,36000,1.12332439678
387198,388021,398560,823,10539,4,36000,1.07809090046
387199,388549,392183,1350,3634,4,36000,1.37149146946
387199,388429,393210,1230,4781,4,36000,1.2572683539
387199,388385,390081,1186,1696,4,36000,1.69929245283
387200,388556,399554,1356,10998,4,36000,1.12329514457
387200,388687,392005,1487,3318,4,36000,1.4481615431
387200,389240,392705,2040,3465,4,36000,1.58874458874
387201,390093,395386,2892,5293,4,36000,1.54638201398
387201,389856,391534,2655,1678,4,36000,2.58224076281
387201,390367,390374,3166,7,4,36000,317.3
387225,387232,387234,7,2,1,600,1.0
387704,387711,390873,7,3162,2,7200,1.00221378874
387719,387726,391130,7,3404,2,7200,1.00205640423
387734,387741,390903,7,3162,2,7200,1.00221378874
387749,387756,391109,7,3353,2,7200,1.00208768267
387773,387780,391087,7,3307,2,7200,1.0021167221
387788,387795,390995,7,3200,2,7200,1.0021875
387789,387801,391443,12,3642,2,7200,1.00329489292
387840,387846,391182,6,3336,2,7200,1.00179856115
387852,390386,390388,2534,2,4,14400,253.6
387856,387863,390996,7,3133,2,7200,1.00223428024
387857,387875,391028,18,3153,2,7200,1.00570884872
387858,387880,391217,22,3337,2,7200,1.00659274798
387883,387890,390856,7,2966,2,7200,1.00236008092
387898,387905,391218,7,3313,2,7200,1.00211288862
387899,387912,391361,13,3449,2,7200,1.00376920847
387900,387917,391135,17,3218,2,7200,1.00528278434
387910,387940,389135,30,1195,1,36000,1.02510460251
387916,387929,391388,13,3459,2,7200,1.00375831165
387917,387935,391124,18,3189,2,7200,1.00564440263
387932,387947,391285,15,3338,2,7200,1.00449370881
387947,387954,391565,7,3611,2,7200,1.00193852119
387948,387961,391348,13,3387,2,7200,1.0038382049
387963,387970,391279,7,3309,2,7200,1.00211544273
387965,387977,391375,12,3398,2,7200,1.00353148911
387980,387987,391609,7,3622,2,7200,1.0019326339
387981,387994,391326,13,3332,2,7200,1.00390156062
387983,387999,391335,16,3336,2,7200,1.00479616307
387997,388006,391328,9,3322,2,7200,1.00270921132
387999,388011,391349,12,3338,2,7200,1.00359496705
388014,388026,391617,12,3591,2,7200,1.00334168755
388015,388033,391159,18,3126,2,7200,1.00575815739
388017,388039,391406,22,3367,2,7200,1.00653400653
388018,388044,391595,26,3551,2,7200,1.00732188116
388033,388051,391444,18,3393,2,7200,1.00530503979
388034,388057,391254,23,3197,2,7200,1.0071942446
388036,388062,391370,26,3308,2,7200,1.00785973398
388050,388069,391538,19,3469,2,7200,1.00547708273
388065,388076,391382,11,3306,2,7200,1.00332728373
388083,388090,391397,7,3307,2,7200,1.0021167221
388113,388119,391355,6,3236,2,7200,1.00185414091
388128,388135,391449,7,3314,2,7200,1.00211225106
388131,388157,389228,26,1071,2,2340,1.02427637722
388142,388150,391372,8,3222,2,7200,1.00248292986
388172,388179,391122,7,2943,2,7200,1.00237852531
388211,388218,391631,7,3413,2,7200,1.00205098154
388226,388233,391585,7,3352,2,7200,1.00208830549
388256,388262,391564,6,3302,2,7200,1.00181708056
388280,388287,391600,7,3313,2,7200,1.00211288862
388304,388310,391757,6,3447,2,7200,1.00174064404
388319,388332,391834,13,3502,2,7200,1.00371216448
388334,388341,391640,7,3299,2,7200,1.00212185511
388335,388353,391770,18,3417,2,7200,1.00526777875
388350,388361,391551,11,3190,2,7200,1.00344827586
388351,388366,391741,15,3375,2,7200,1.00444444444
388388,388396,391727,8,3331,2,7200,1.00240168118
388415,388421,391724,6,3303,2,7200,1.00181653043
388416,388434,391796,18,3362,2,7200,1.00535395598
388462,388469,392119,7,3650,2,7200,1.00191780822
388489,388495,391994,6,3499,2,7200,1.00171477565
388507,388514,391969,7,3455,2,7200,1.0020260492
388528,388535,391738,7,3203,2,7200,1.00218545114
388544,388561,392014,17,3453,2,7200,1.00492325514
388545,388567,391912,22,3345,2,7200,1.00657698057
388547,388572,391864,25,3292,2,7200,1.00759416768
388548,388577,391621,29,3044,2,7200,1.00952693824
388563,388584,391746,21,3162,2,7200,1.00664136622
388578,388589,391750,11,3161,2,7200,1.00347991142
388592,388599,391901,7,3302,2,7200,1.00211992732
388607,388614,391926,7,3312,2,7200,1.00211352657
388625,388632,392052,7,3420,2,7200,1.00204678363
388633,391461,477880,2828,86419,36,86400,1.03272428517
388673,388680,391958,7,3278,2,7200,1.00213544844
388675,388692,391968,17,3276,2,7200,1.00518925519
388726,388733,392136,7,3403,2,7200,1.00205700852
388741,388748,391872,7,3124,2,7200,1.00224071703
388755,388762,392121,7,3359,2,7200,1.00208395356
388779,388786,392125,7,3339,2,7200,1.00209643606
388803,388810,392118,7,3308,2,7200,1.00211608222
388876,388883,392118,7,3235,2,7200,1.00216383308
389029,389036,392485,7,3449,2,7200,1.00202957379
389031,389043,392464,12,3421,2,7200,1.00350774627
389067,389074,392278,7,3204,2,7200,1.00218476904
389202,389208,392682,6,3474,2,7200,1.00172711572
389226,389233,389237,7,4,1,900,1.1
389235,389494,390552,259,1058,2,2340,1.24480151229
389480,389486,392782,6,3296,2,7200,1.00182038835
389731,389939,390024,208,85,1,600,3.44705882353
390257,390264,390586,7,322,4,7200,1.02173913043
390258,390598,390734,340,136,4,7200,3.5
390259,390746,390941,487,195,4,7200,3.49743589744
390260,390959,391157,699,198,4,7200,4.5303030303
390260,390953,391096,693,143,4,7200,5.84615384615
390261,391108,392844,847,1736,4,7200,1.48790322581
390262,391113,392849,851,1736,4,7200,1.49020737327
390401,390408,390409,7,1,1,600,1.0
390485,390492,390493,7,1,1,600,1.0
390552,390559,390567,7,8,1,900,1.5
390563,390570,391663,7,1093,2,2340,1.00640439158
390670,390677,390758,7,81,1,600,1.08641975309
390794,390800,390801,6,1,1,600,1.0
391187,391195,391276,8,81,1,600,1.0987654321
391456,391467,392507,11,1040,4,7200,1.01057692308
391457,391473,392585,16,1112,4,7200,1.01438848921
391458,391478,392620,20,1142,4,7200,1.01751313485
391458,391483,392599,25,1116,4,7200,1.02240143369
391459,391488,392557,29,1069,4,7200,1.02712815716
391460,391494,392583,34,1089,4,7200,1.03122130395
391593,391600,395023,7,3423,2,7200,1.00204498978
391608,391614,395101,6,3487,2,7200,1.0017206768
391609,391621,394768,12,3147,2,7200,1.00381315539
391624,391632,394924,8,3292,2,7200,1.00243013366
391625,391637,395059,12,3422,2,7200,1.00350672122
391627,391644,394953,17,3309,2,7200,1.00513750378
391642,391651,395052,9,3401,2,7200,1.00264628051
391643,391656,395253,13,3597,2,7200,1.00361412288
391661,391669,391674,8,5,1,900,1.3
391673,391679,392753,6,1074,2,2340,1.00558659218
391724,391731,394975,7,3244,2,7200,1.00215782984
391739,391746,394934,7,3188,2,7200,1.002195734
391740,391753,395130,13,3377,2,7200,1.00384957062
391756,391762,395043,6,3281,2,7200,1.00182871076
391757,391768,395272,11,3504,2,7200,1.00313926941
391758,391774,395181,16,3407,2,7200,1.00469621368
391760,391779,395309,19,3530,2,7200,1.00538243626
391774,391786,395203,12,3417,2,7200,1.0035118525
391795,391802,395210,7,3408,2,7200,1.00205399061
391834,391840,395135,6,3295,2,7200,1.00182094082
391864,391870,395192,6,3322,2,7200,1.00180614088
391878,391885,395225,7,3340,2,7200,1.00209580838
391902,391908,395121,6,3213,2,7200,1.00186741363
391917,391924,395316,7,3392,2,7200,1.00206367925
391932,391938,395158,6,3220,2,7200,1.00186335404
391959,391965,395331,6,3366,2,7200,1.00178253119
391973,391980,395260,7,3280,2,7200,1.00213414634
391975,391987,395407,12,3420,2,7200,1.00350877193
391995,392001,395412,6,3411,2,7200,1.00175901495
392016,392023,395327,7,3304,2,7200,1.00211864407
392049,392055,395232,6,3177,2,7200,1.00188857413
392122,392129,395337,7,3208,2,7200,1.00218204489
392123,392136,395258,13,3122,2,7200,1.00416399744
392124,392142,395580,18,3438,2,7200,1.00523560209
392126,392147,395619,21,3472,2,7200,1.0060483871
392141,392154,395494,13,3340,2,7200,1.00389221557
392142,392159,395386,17,3227,2,7200,1.00526805082
392278,392285,395475,7,3190,2,7200,1.00219435737
392361,392367,393386,6,1019,4,36000,1.00588812561
392464,392471,395705,7,3234,2,7200,1.00216450216
392485,392491,395851,6,3360,2,7200,1.00178571429
392687,392693,396048,6,3355,2,7200,1.00178837556
392753,392759,392778,6,19,1,900,1.31578947368
392770,392777,394112,7,1335,2,2340,1.00524344569
392783,392790,396183,7,3393,2,7200,1.00206307103
392879,392886,407292,7,14406,4,14400,1.00048590865
393846,393852,397812,6,3960,4,36000,1.00151515152
394111,394117,394124,6,7,1,900,1.3
394122,394129,394434,7,305,2,2340,1.02295081967
394325,394331,398579,6,4248,1,28740,1.00141242938
394432,394439,394440,7,1,1,900,1.0
394771,394778,398201,7,3423,2,7200,1.00204498978
394925,394932,398108,7,3176,2,7200,1.00220403023
394940,394948,398241,8,3293,2,7200,1.00242939569
394954,394962,398072,8,3110,2,7200,1.00257234727
394972,394978,398073,6,3095,2,7200,1.00193861066
395023,395029,398353,6,3324,2,7200,1.00180505415
395044,395050,398553,6,3503,2,7200,1.00171281758
395059,395065,398328,6,3263,2,7200,1.00183879865
395060,395072,398278,12,3206,2,7200,1.00374298191
395102,395108,398729,6,3621,2,7200,1.00165700083
395120,395127,398562,7,3435,2,7200,1.00203784571
395135,395142,398763,7,3621,2,7200,1.00193316763
395136,395149,398620,13,3471,2,7200,1.00374531835
395160,395167,398517,7,3350,2,7200,1.00208955224
395181,395188,398684,7,3496,2,7200,1.00200228833
395196,395202,398622,6,3420,2,7200,1.00175438596
395211,395218,398759,7,3541,2,7200,1.0019768427
395212,395225,398602,13,3377,2,7200,1.00384957062
395227,395234,398642,7,3408,2,7200,1.00205399061
395242,395248,398372,6,3124,2,7200,1.0019206146
395257,395264,398758,7,3494,2,7200,1.00200343446
395258,395271,398809,13,3538,2,7200,1.00367439231
395273,395280,398459,7,3179,2,7200,1.0022019503
395274,395287,398602,13,3315,2,7200,1.00392156863
395310,395317,398601,7,3284,2,7200,1.00213154689
395325,395331,398735,6,3404,2,7200,1.0017626322
395340,395346,398708,6,3362,2,7200,1.00178465199
395341,395353,398890,12,3537,2,7200,1.00339270568
395343,395358,398690,15,3332,2,7200,1.00450180072
395388,395395,398786,7,3391,2,7200,1.00206428782
395406,395412,398851,6,3439,2,7200,1.00174469322
395420,395426,398828,6,3402,2,7200,1.00176366843
395477,395484,398683,7,3199,2,7200,1.00218818381
395495,395501,398549,6,3048,2,7200,1.00196850394
395579,395585,399033,6,3448,2,7200,1.00174013921
395618,395625,398930,7,3305,2,7200,1.00211800303
395702,395709,399021,7,3312,2,7200,1.00211352657
395853,395860,398992,7,3132,2,7200,1.00223499361
395862,395869,395870,7,1,4,21600,1.0
396049,396056,399450,7,3394,2,7200,1.00206246317
396110,396118,396122,8,4,4,21600,1.2
396171,396178,396218,7,40,2,10800,1.175
396184,396191,399518,7,3327,2,7200,1.0021039976
396225,396231,404801,6,8570,2,10800,1.00070011669
396346,396353,411777,7,15424,4,21600,1.00045383817
396411,396418,397501,7,1083,2,2340,1.00646352724
396889,396897,397419,8,522,1,600,1.0153256705
397267,397274,397275,7,1,1,7200,1.0
397274,397281,397282,7,1,2,7200,1.0
397390,397398,397491,8,93,2,7200,1.08602150538
397393,397406,397493,13,87,4,10800,1.14942528736
397500,397508,397513,8,5,1,900,1.3
397503,397525,397593,22,68,1,7200,1.32352941176
397507,397520,397594,13,74,2,7200,1.17567567568
397508,397515,397591,7,76,4,10800,1.09210526316
397509,397531,398618,22,1087,2,2340,1.02023919043
397639,397646,401716,7,4070,1,7200,1.00171990172
397640,397658,402819,18,5161,2,7200,1.00348769618
397643,397653,402536,10,4883,4,10800,1.00204792136
397645,398776,404181,1131,5405,8,10800,1.2092506938
397647,407305,418107,9658,10802,16,10800,1.89409368635
397772,397779,397873,7,94,2,72000,1.07446808511
397890,397896,398211,6,315,4,36000,1.01904761905
397936,398120,408079,184,9959,2,72000,1.01847575058
398073,398080,401531,7,3451,2,7200,1.00202839757
398075,398087,401517,12,3430,2,7200,1.00349854227
398079,398092,398895,13,803,2,10800,1.01618929016
398086,398099,402149,13,4050,1,7200,1.00320987654
398089,398215,402042,126,3827,1,7200,1.03292396133
398092,398220,402092,128,3872,1,7200,1.03305785124
398094,398228,402148,134,3920,1,7200,1.03418367347
398097,398234,401833,137,3599,1,7200,1.03806612948
398099,398239,401841,140,3602,1,7200,1.03886729595
398101,398244,401745,143,3501,1,7200,1.04084547272
398103,398258,400288,155,2030,1,7200,1.0763546798
398104,398112,401486,8,3374,2,7200,1.00237107291
398201,398208,401467,7,3259,2,7200,1.00214789813
398243,398251,401567,8,3316,2,7200,1.00241254524
398279,398285,401775,6,3490,2,7200,1.00171919771
398330,398336,401681,6,3345,2,7200,1.00179372197
398331,398344,402296,13,3952,1,7200,1.00328947368
398333,398350,402247,17,3897,1,7200,1.00436233
398335,398595,402553,260,3958,1,7200,1.06568974229
398338,398621,402496,283,3875,1,7200,1.07303225806
398341,398651,402174,310,3523,1,7200,1.08799318762
398344,398675,402246,331,3571,1,7200,1.09269112293
398351,398389,402997,38,4608,2,7200,1.00824652778
398353,398476,403427,123,4951,2,7200,1.02484346597
398354,398361,401676,7,3315,2,7200,1.00211161388
398356,398368,403334,12,4966,2,7200,1.00241643174
398360,398533,403683,173,5150,2,7200,1.03359223301
398363,398563,403623,200,5060,2,7200,1.0395256917
398365,398582,403727,217,5145,2,7200,1.04217687075
398367,398587,403406,220,4819,2,7200,1.04565262503
398371,398640,401035,269,2395,2,7200,1.11231732777
398375,398382,401698,7,3316,2,7200,1.00211097708
398375,398704,402217,329,3513,1,7200,1.09365214916
398381,398710,400530,329,1820,1,7200,1.18076923077
398462,398468,401749,6,3281,2,7200,1.00182871076
398519,398526,401858,7,3332,2,7200,1.00210084034
398549,398555,401986,6,3431,2,7200,1.00174876129
398563,398570,401967,7,3397,2,7200,1.00206064174
398565,398577,401761,12,3184,2,7200,1.00376884422
398601,398608,402189,7,3581,2,7200,1.00195476124
398602,398615,401839,13,3224,2,7200,1.00403225806
398617,398627,402205,10,3578,2,7200,1.00279485746
398618,398645,398658,27,13,1,900,3.07692307692
398629,398635,399705,6,1070,2,2340,1.00560747664
398632,398658,402014,26,3356,2,7200,1.00774731824
398634,398663,401916,29,3253,2,7200,1.00891484783
398648,398668,401842,20,3174,2,7200,1.00630119723
398685,398691,402040,6,3349,2,7200,1.00179157958
398687,398699,402089,12,3390,2,7200,1.00353982301
398701,398717,402005,16,3288,2,7200,1.00486618005
398716,398724,401944,8,3220,2,7200,1.00248447205
398732,398738,402100,6,3362,2,7200,1.00178465199
398746,398753,402157,7,3404,2,7200,1.00205640423
398762,398769,402236,7,3467,2,7200,1.00201903663
398763,398781,402120,18,3339,2,7200,1.00539083558
398778,398788,402097,10,3309,2,7200,1.00302206105
398793,398800,402251,7,3451,2,7200,1.00202839757
398811,398818,402359,7,3541,2,7200,1.0019768427
398829,398836,402144,7,3308,2,7200,1.00211608222
398853,398859,402405,6,3546,2,7200,1.00169204738
398892,398898,402072,6,3174,2,7200,1.00189035917
398932,398939,402335,7,3396,2,7200,1.00206124853
398992,398998,402386,6,3388,2,7200,1.00177095632
399022,399028,402280,6,3252,2,7200,1.00184501845
399037,399044,402446,7,3402,2,7200,1.00205761317
399060,399066,404253,6,5187,4,7200,1.001156738
399062,399584,405202,522,5618,4,7200,1.09291562834
399064,403636,409246,4572,5610,4,7200,1.81497326203
399066,403854,409219,4788,5365,4,7200,1.89245107176
399070,403966,408945,4896,4979,4,7200,1.98332998594
399072,404193,408689,5121,4496,4,7200,2.13901245552
399074,404198,408829,5124,4631,4,7200,2.10645648888
399076,404266,406809,5190,2543,4,7200,3.04089657884
399258,399533,399615,275,82,1,600,4.35365853659
399338,399380,759382,42,360002,4,360000,1.00011666602
399362,399464,400800,102,1336,2,10800,1.07634730539
399450,399457,402581,7,3124,2,7200,1.00224071703
399519,399525,403269,6,3744,2,7200,1.0016025641
399535,399566,399572,31,6,4,36000,3.7
399655,399661,399662,6,1,1,600,1.0
399704,399710,399717,6,7,1,900,1.3
399716,399723,400810,7,1087,2,2340,1.00643974241
399993,400001,400002,8,1,1,1800,1.0
400070,400813,409007,743,8194,4,36000,1.09067610447
400126,402162,406516,2036,4354,4,36000,1.4676159853
400159,400166,401525,7,1359,1,1800,1.00515084621
400177,400184,400486,7,302,1,1800,1.02317880795
400190,400300,400575,110,275,1,1800,1.4
400216,402260,403954,2044,1694,4,36000,2.20661157025
400669,400675,400677,6,2,2,36600,1.0
400768,402403,418629,1635,16226,4,36000,1.1007642056
400810,400819,400825,9,6,1,900,1.5
400821,400827,402203,6,1376,2,2340,1.00436046512
401096,403162,727169,2066,324007,4,360000,1.00637640545
401147,401158,402277,11,1119,4,7200,1.00983020554
401147,401153,402264,6,1111,4,7200,1.00540054005
401148,401165,402304,17,1139,4,7200,1.01492537313
401149,401171,402273,22,1102,4,7200,1.01996370236
401150,401176,402256,26,1080,4,7200,1.02407407407
401150,401181,402323,31,1142,4,7200,1.02714535902
401189,402420,407887,1231,5467,4,36000,1.225169197
401469,401476,404639,7,3163,2,7200,1.00221308884
401486,401493,404724,7,3231,2,7200,1.00216651192
401519,401527,404808,8,3281,2,7200,1.00243828101
401531,402549,411066,1018,8517,4,36000,1.11952565457
401534,401541,404835,7,3294,2,7200,1.0021250759
401545,403010,403149,1465,139,4,36000,11.5395683453
401567,401574,404908,7,3334,2,7200,1.00209958008
401671,403434,763454,1763,360020,4,360000,1.00489695017
401678,401685,405092,7,3407,2,7200,1.00205459348
401693,401700,405013,7,3313,2,7200,1.00211288862
401708,401714,405022,6,3308,2,7200,1.00181378476
401746,401753,405239,7,3486,2,7200,1.00200803213
401761,401768,405207,7,3439,2,7200,1.00203547543
401776,401782,405360,6,3578,2,7200,1.00167691448
401804,401811,401846,7,35,1,900,1.2
401823,401853,401886,30,33,1,900,1.90909090909
401824,401858,401889,34,31,1,900,2.09677419355
401825,401863,401897,38,34,1,900,2.11764705882
401839,401845,405162,6,3317,2,7200,1.00180886343
401854,401870,405154,16,3284,2,7200,1.00487210719
401868,401877,405154,9,3277,2,7200,1.0027464144
401913,401919,405308,6,3389,2,7200,1.00177043376
401946,401952,405501,6,3549,2,7200,1.00169061708
401967,401973,405277,6,3304,2,7200,1.00181598063
401988,401995,405439,7,3444,2,7200,1.00203252033
402009,402016,405435,7,3419,2,7200,1.00204738228
402023,402030,405620,7,3590,2,7200,1.00194986072
402028,402055,402367,27,312,1,900,1.08653846154
402030,402085,402398,55,313,1,900,1.17571884984
402030,402090,402405,60,315,1,900,1.19047619048
402031,402103,402430,72,327,1,900,1.22018348624
402041,402048,405492,7,3444,2,7200,1.00203252033
402071,402077,405286,6,3209,2,7200,1.00186974135
402089,402096,405473,7,3377,2,7200,1.00207284572
402104,402110,405821,6,3711,2,7200,1.00161681487
402105,402117,405762,12,3645,2,7200,1.00329218107
402120,402127,405268,7,3141,2,7200,1.00222858962
402144,402150,405436,6,3286,2,7200,1.00182592818
402159,402170,405509,11,3339,2,7200,1.00329439952
402189,402195,405541,6,3346,2,7200,1.00179318589
402202,402209,402220,7,11,1,900,1.63636363636
402207,402216,405635,9,3419,2,7200,1.00263234864
402208,402231,402492,23,261,2,2340,1.08812260536
402238,402245,405605,7,3360,2,7200,1.00208333333
402252,402265,405731,13,3466,2,7200,1.00375072129
402282,402289,405613,7,3324,2,7200,1.00210589651
402334,402341,405951,7,3610,2,7200,1.00193905817
402358,402365,405957,7,3592,2,7200,1.00194877506
402384,402392,405674,8,3282,2,7200,1.00243753809
402405,402413,405783,8,3370,2,7200,1.00237388724
402447,402454,405925,7,3471,2,7200,1.00201670988
402479,402486,403417,7,931,1,5400,1.00751879699
402487,402493,403422,6,929,1,5400,1.00645855759
402490,402509,402510,19,1,1,900,2.0
402493,402504,402526,11,22,1,10800,1.5
402556,402563,414860,7,12297,1,18000,1.00056924453
402579,402587,406068,8,3481,2,7200,1.00229819018
402621,402627,402903,6,276,1,900,1.02173913043
402621,402633,402873,12,240,1,900,1.05
402623,402832,403105,209,273,1,900,1.76556776557
402623,402837,403108,214,271,1,900,1.78966789668
403270,403276,406648,6,3372,2,7200,1.00177935943
403279,403396,407615,117,4219,4,36000,1.02773168997
403280,403286,403325,6,39,1,900,1.15384615385
403281,403338,403374,57,36,1,900,2.58333333333
403281,403293,403331,12,38,1,900,1.31578947368
403282,403345,403384,63,39,1,900,2.61538461538
403681,403695,403742,14,47,2,3600,1.29787234043
403682,403739,403784,57,45,2,3600,2.26666666667
403683,403796,403842,113,46,2,3600,3.45652173913
403683,403754,403801,71,47,2,3600,2.51063829787
404274,404654,404702,380,48,2,3600,8.91666666667
404275,404715,404762,440,47,2,3600,10.3617021277
404276,404811,404859,535,48,2,3600,12.1458333333
404276,404773,404821,497,48,2,3600,11.3541666667
404640,404646,408018,6,3372,2,7200,1.00177935943
404727,404734,408279,7,3545,2,7200,1.00197461213
404808,404819,408017,11,3198,2,7200,1.00343964978
404835,404841,408177,6,3336,2,7200,1.00179856115
404910,404917,408140,7,3223,2,7200,1.00217188954
404985,404992,405035,7,43,2,3600,1.16279069767
404986,405030,405072,44,42,2,3600,2.04761904762
404987,405048,405092,61,44,2,3600,2.38636363636
404988,405085,405128,97,43,2,3600,3.25581395349
405015,405023,408411,8,3388,2,7200,1.00236127509
405030,405037,408113,7,3076,2,7200,1.0022756827
405093,405100,408019,7,2919,2,7200,1.00239808153
405157,405163,408630,6,3467,2,7200,1.00173060283
405158,405170,408524,12,3354,2,7200,1.00357781753
405173,405180,408535,7,3355,2,7200,1.00208643815
405209,405215,408314,6,3099,2,7200,1.00193610842
405239,405246,408720,7,3474,2,7200,1.00201496834
405269,405276,408594,7,3318,2,7200,1.00210970464
405284,405290,408470,6,3180,2,7200,1.00188679245
405298,405306,408876,8,3570,2,7200,1.00224089636
405313,405320,408832,7,3512,2,7200,1.00199316629
405361,405367,408581,6,3214,2,7200,1.00186683261
405383,405969,406024,586,55,4,3600,11.6545454545
405384,406037,406092,653,55,4,3600,12.8727272727
405385,406104,406163,719,59,4,3600,13.186440678
405385,406176,406232,791,56,4,3600,15.125
405436,405443,409003,7,3560,2,7200,1.00196629213
405437,405450,408648,13,3198,2,7200,1.00406504065
405453,405460,408834,7,3374,2,7200,1.0020746888
405474,405480,408920,6,3440,2,7200,1.00174418605
405492,405498,408953,6,3455,2,7200,1.0017366136
405506,405513,408788,7,3275,2,7200,1.00213740458
405521,405527,408899,6,3372,2,7200,1.00177935943
405542,405548,408626,6,3078,2,7200,1.00194931774
405581,405587,406302,6,715,4,7200,1.00839160839
405581,405592,406302,11,710,4,7200,1.01549295775
405582,405599,406302,17,703,4,7200,1.02418207681
405583,405604,406302,21,698,4,7200,1.03008595989
405584,405610,406302,26,692,4,7200,1.03757225434
405605,405617,408942,12,3325,2,7200,1.00360902256
405620,405628,409264,8,3636,2,7200,1.00220022002
405621,405633,409002,12,3369,2,7200,1.0035618878
405636,405643,408873,7,3230,2,7200,1.00216718266
405673,405679,408945,6,3266,2,7200,1.00183710961
405731,405737,408861,6,3124,2,7200,1.0019206146
405764,405770,409064,6,3294,2,7200,1.00182149362
405782,405788,408969,6,3181,2,7200,1.00188619931
405820,405828,409117,8,3289,2,7200,1.00243235026
405926,405932,409031,6,3099,2,7200,1.00193610842
405953,405960,409228,7,3268,2,7200,1.00214198286
405968,405976,409134,8,3158,2,7200,1.00253324889
406070,406076,409247,6,3171,2,7200,1.00189214759
406450,406457,406518,7,61,4,3600,1.11475409836
406451,406528,406587,77,59,4,3600,2.30508474576
406452,406535,406592,83,57,4,3600,2.45614035088
406453,406599,406655,146,56,4,3600,3.60714285714
406561,406606,408864,45,2258,2,10800,1.01992914083
406648,406656,410007,8,3351,2,7200,1.00238734706
406842,406848,406915,6,67,8,3600,1.08955223881
406843,406927,406995,84,68,8,3600,2.23529411765
406844,407088,407154,244,66,8,3600,4.69696969697
406844,407007,407076,163,69,8,3600,3.36231884058
406911,406918,407143,7,225,1,2400,1.03111111111
407145,407151,407337,6,186,1,2400,1.03225806452
407300,411079,411158,3779,79,16,3600,48.835443038
407301,411171,411250,3870,79,16,3600,49.9873417722
407302,411262,411339,3960,77,16,3600,52.4285714286
407303,411352,411434,4049,82,16,3600,50.3780487805
407331,407350,409808,19,2458,1,28740,1.00772986168
407575,407632,408835,57,1203,1,7200,1.04738154613
407612,407627,408837,15,1210,2,7200,1.01239669421
407843,407850,407853,7,3,1,2400,1.0
408005,408012,411464,7,3452,2,7200,1.00202780997
408020,408027,411617,7,3590,2,7200,1.00194986072
408022,408034,411354,12,3320,2,7200,1.00361445783
408113,408120,411376,7,3256,2,7200,1.00214987715
408139,408146,411643,7,3497,2,7200,1.00200171576
408178,408186,411502,8,3316,2,7200,1.00241254524
408212,408219,408222,7,3,1,2400,1.0
408223,408230,409271,7,1041,2,2340,1.00672430355
408278,408285,411557,7,3272,2,7200,1.0021393643
408308,408315,411586,7,3271,2,7200,1.00214001834
408327,408335,408515,8,180,1,2400,1.04444444444
408410,408418,411897,8,3479,2,7200,1.00229951135
408470,408478,411793,8,3315,2,7200,1.002413273
408526,408532,411700,6,3168,2,7200,1.00189393939
408541,408549,411849,8,3300,2,7200,1.00242424242
408580,408587,411867,7,3280,2,7200,1.00213414634
408595,408601,411968,6,3367,2,7200,1.00178200178
408628,408634,411936,6,3302,2,7200,1.00181708056
408642,408649,411965,7,3316,2,7200,1.00211097708
408657,408664,411983,7,3319,2,7200,1.002109069
408723,408730,412097,7,3367,2,7200,1.00207900208
408746,408752,408958,6,206,1,2400,1.02912621359
408766,408773,408775,7,2,1,7200,1.0
408769,408779,408781,10,2,2,7200,1.2
408786,408793,411893,7,3100,2,7200,1.00225806452
408806,408885,409010,79,125,8,86400,1.632
408831,408838,412343,7,3505,2,7200,1.00199714693
408846,408853,412003,7,3150,2,7200,1.00222222222
408864,408874,412246,10,3372,2,7200,1.00296559905
408879,408891,411992,12,3101,2,7200,1.00386971945
408880,408898,412341,18,3443,2,7200,1.00522799884
408887,408915,411317,28,2402,2,10800,1.01165695254
408901,408907,412280,6,3373,2,7200,1.0017788319
408919,408926,412614,7,3688,2,7200,1.00189804772
408944,408950,412473,6,3523,2,7200,1.00170309395
408958,408965,412315,7,3350,2,7200,1.00208955224
408960,408972,412248,12,3276,2,7200,1.00366300366
408974,408981,412313,7,3332,2,7200,1.00210084034
409001,409008,412330,7,3322,2,7200,1.00210716436
409002,409015,412401,13,3386,2,7200,1.00383933845
409033,409041,412099,8,3058,2,7200,1.00261608895
409066,409072,412313,6,3241,2,7200,1.00185128047
409117,409123,412539,6,3416,2,7200,1.00175644028
409135,409142,412491,7,3349,2,7200,1.00209017617
409139,409149,409153,10,4,1,2400,1.4
409228,409235,412739,7,3504,2,7200,1.00199771689
409233,409242,409247,9,5,1,2400,1.4
409246,409253,412376,7,3123,2,7200,1.00224143452
409264,409270,412805,6,3535,2,7200,1.00169731259
409269,409277,409283,8,6,1,900,1.4
409275,409285,410358,10,1073,2,2340,1.00931966449
409305,409312,412382,7,3070,2,10800,1.00228013029
409393,409401,409404,8,3,1,2400,1.1
409511,409517,409700,6,183,1,2400,1.03278688525
409715,409722,411724,7,2002,2,10800,1.0034965035
410007,410013,413500,6,3487,2,7200,1.0017206768
410357,410364,410368,7,4,1,900,1.1
410366,410372,411423,6,1051,2,2340,1.00570884872
410732,410738,410922,6,184,1,2400,1.03260869565
411260,411330,411521,70,191,1,600,1.3664921466
411353,411359,414470,6,3111,2,7200,1.00192864031
411377,411383,415002,6,3619,2,7200,1.00165791655
411421,411427,411434,6,7,1,900,1.3
411429,411436,412526,7,1090,2,2340,1.00642201835
411464,411471,414960,7,3489,2,7200,1.00200630553
411503,411510,414892,7,3382,2,7200,1.00206978119
411557,411563,414897,6,3334,2,7200,1.00179964007
411583,411590,414944,7,3354,2,7200,1.00208706023
411613,411620,414848,7,3228,2,7200,1.0021685254
411643,411650,415000,7,3350,2,7200,1.00208955224
411700,411706,415024,6,3318,2,7200,1.00180831826
411793,411799,415173,6,3374,2,7200,1.00177830468
411850,411857,415242,7,3385,2,7200,1.00206794682
411868,411875,415132,7,3257,2,7200,1.00214921707
411895,411901,415103,6,3202,2,7200,1.00187382886
411910,411916,414983,6,3067,2,7200,1.0019563091
411936,411944,415130,8,3186,2,7200,1.00251098556
411966,411972,415453,6,3481,2,7200,1.00172364263
411981,411987,415297,6,3310,2,7200,1.00181268882
411982,411995,415334,13,3339,2,7200,1.00389338125
411997,412004,415301,7,3297,2,7200,1.00212314225
412012,412019,415470,7,3451,2,7200,1.00202839757
412097,412104,415303,7,3199,2,7200,1.00218818381
412112,412119,415278,7,3159,2,7200,1.0022158911
412247,412255,415572,8,3317,2,7200,1.00241181791
412249,412260,415754,11,3494,2,7200,1.00314825415
412279,412285,415381,6,3096,2,7200,1.0019379845
412313,412321,415777,8,3456,2,7200,1.00231481481
412315,412328,415683,13,3355,2,7200,1.00387481371
412330,412337,415819,7,3482,2,7200,1.00201033889
412331,412344,415651,13,3307,2,7200,1.00393105534
412346,412352,415786,6,3434,2,7200,1.00174723355
412347,412359,415698,12,3339,2,7200,1.00359389039
412377,412383,415812,6,3429,2,7200,1.00174978128
412404,412410,415571,6,3161,2,7200,1.0018981335
412473,412479,415983,6,3504,2,7200,1.00171232877
412491,412498,416006,7,3508,2,7200,1.001995439
412525,412532,412538,7,6,1,900,1.3
412532,412539,413609,7,1070,2,2340,1.00654205607
412539,412546,415908,7,3362,2,7200,1.00208209399
412614,412621,415978,7,3357,2,7200,1.00208519511
412740,412748,416182,8,3434,2,7200,1.00232964473
412807,412814,416318,7,3504,2,7200,1.00199771689
413502,413508,416678,6,3170,2,7200,1.00189274448
413607,413613,413618,6,5,1,900,1.1
413613,413620,413928,7,308,2,2340,1.02272727273
413844,413851,413876,7,25,1,28740,1.28
413927,413934,413935,7,1,1,900,1.0
413950,413956,418050,6,4094,1,5940,1.00146555936
413953,413964,418113,11,4149,1,5940,1.00265124126
413954,413969,418065,15,4096,1,5940,1.00366210938
413955,413974,417768,19,3794,1,5940,1.00500790722
413956,413980,416781,24,2801,1,5940,1.00856836844
413957,413985,416598,28,2613,1,5940,1.01071565251
413958,413992,417726,34,3734,1,5940,1.00910551687
413959,413998,416881,39,2883,1,5940,1.01352757544
413960,414003,417903,43,3900,1,5940,1.01102564103
413961,414008,418092,47,4084,1,5940,1.01150832517
413962,414014,417882,52,3868,1,5940,1.01344364012
413963,414019,419472,56,5453,1,5940,1.01026957638
413964,414861,419484,897,4623,1,5940,1.19402985075
413965,414866,420396,901,5530,1,5940,1.16292947559
413966,414874,417606,908,2732,1,5940,1.33235724744
413967,414908,418842,941,3934,1,5940,1.23919674631
414472,414478,417803,6,3325,2,7200,1.00180451128
414840,414846,418493,6,3647,2,7200,1.00164518783
414894,414901,418104,7,3203,2,7200,1.00218545114
414908,414915,418234,7,3319,2,7200,1.002109069
414947,414954,418477,7,3523,2,7200,1.00198694295
414962,414969,418357,7,3388,2,7200,1.0020661157
414983,414989,418336,6,3347,2,7200,1.00179265013
415001,415007,418583,6,3576,2,7200,1.00167785235
415015,415022,418564,7,3542,2,7200,1.00197628458
415030,415037,418225,7,3188,2,7200,1.002195734
415106,415113,418562,7,3449,2,7200,1.00202957379
415126,415133,418736,7,3603,2,7200,1.00194282542
415141,415147,418303,6,3156,2,7200,1.00190114068
415174,415181,418196,7,3015,2,7200,1.00232172471
415243,415249,418537,6,3288,2,7200,1.00182481752
415279,415286,418758,7,3472,2,7200,1.00201612903
415297,415303,418573,6,3270,2,7200,1.00183486239
415313,415319,418534,6,3215,2,7200,1.00186625194
415315,415325,418769,10,3444,2,7200,1.00290360046
415333,415340,418446,7,3106,2,7200,1.00225370251
415381,415387,418721,6,3334,2,7200,1.00179964007
415453,415459,418633,6,3174,2,7200,1.00189035917
415471,415478,419095,7,3617,2,7200,1.0019353055
415570,415576,419002,6,3426,2,7200,1.00175131349
415585,415592,419014,7,3422,2,7200,1.00204558738
415651,415658,419009,7,3351,2,7200,1.00208892868
415685,415692,419153,7,3461,2,7200,1.00202253684
415700,415707,419051,7,3344,2,7200,1.00209330144
415754,415761,418979,7,3218,2,7200,1.00217526414
415778,415784,419150,6,3366,2,7200,1.00178253119
415793,415799,419298,6,3499,2,7200,1.00171477565
415811,415818,419114,7,3296,2,7200,1.00212378641
415826,415833,419086,7,3253,2,7200,1.00215185982
415910,415917,419056,7,3139,2,7200,1.00223000956
415980,415986,419300,6,3314,2,7200,1.00181050091
415995,416002,419421,7,3419,2,7200,1.00204738228
416010,416016,419365,6,3349,2,7200,1.00179157958
416182,416188,419829,6,3641,2,7200,1.00164789893
416320,416326,419749,6,3423,2,7200,1.00175284838
416606,416612,419142,6,2530,1,5940,1.0023715415
416682,416689,419849,7,3160,2,7200,1.00221518987
416787,416795,419469,8,2674,1,5940,1.00299177263
416893,416900,419847,7,2947,1,5940,1.00237529691
417622,417628,420390,6,2762,1,5940,1.00217233888
417776,417783,419400,7,1617,1,5940,1.00432900433
417804,417811,421059,7,3248,2,7200,1.00215517241
417911,417917,419691,6,1774,1,5940,1.00338218715
418105,418111,421294,6,3183,2,7200,1.00188501414
418124,418130,419100,6,970,1,5940,1.00618556701
418195,418201,421813,6,3612,2,7200,1.00166112957
418225,418232,421400,7,3168,2,7200,1.00220959596
418240,418248,421432,8,3184,2,7200,1.00251256281
418303,418310,421510,7,3200,2,7200,1.0021875
418339,418345,421226,6,2881,2,7200,1.0020826102
418357,418364,421900,7,3536,2,7200,1.00197963801
418447,418454,421827,7,3373,2,7200,1.00207530388
418477,418484,421941,7,3457,2,7200,1.00202487706
418495,418501,421812,6,3311,2,7200,1.00181214135
418534,418541,421766,7,3225,2,7200,1.00217054264
418542,418548,418549,6,1,2,3540,1.0
418548,418554,421843,6,3289,2,7200,1.00182426269
418563,418570,421843,7,3273,2,7200,1.00213871066
418578,418584,421945,6,3361,2,7200,1.00178518298
418580,418592,421837,12,3245,2,7200,1.00369799692
418594,418600,421765,6,3165,2,7200,1.0018957346
418633,418640,421833,7,3193,2,7200,1.00219229565
418723,418729,421882,6,3153,2,7200,1.00190294957
418738,418744,422279,6,3535,2,7200,1.00169731259
418759,418766,422159,7,3393,2,7200,1.00206307103
418774,418781,422286,7,3505,2,7200,1.00199714693
418978,418986,422099,8,3113,2,7200,1.00256986829
419002,419009,422259,7,3250,2,7200,1.00215384615
419017,419024,422181,7,3157,2,7200,1.0022172949
419018,419031,422108,13,3077,2,7200,1.00422489438
419052,419058,422425,6,3367,2,7200,1.00178200178
419066,419073,422405,7,3332,2,7200,1.00210084034
419087,419094,422502,7,3408,2,7200,1.00205399061
419102,419109,422549,7,3440,2,7200,1.00203488372
419117,419124,422534,7,3410,2,7200,1.00205278592
419150,419156,422538,6,3382,2,7200,1.00177409817
419165,419172,422616,7,3444,2,7200,1.00203252033
419298,419304,422540,6,3236,2,7200,1.00185414091
419313,419320,422758,7,3438,2,7200,1.00203606748
419367,419374,422849,7,3475,2,7200,1.00201438849
419421,419427,422796,6,3369,2,7200,1.0017809439
419501,419508,421005,7,1497,1,5940,1.0046760187
419749,419755,422992,6,3237,2,7200,1.00185356812
419832,419838,423111,6,3273,2,7200,1.00183318057
419849,419857,423209,8,3352,2,7200,1.00238663484
419864,419871,421248,7,1377,1,5940,1.00508351489
420216,420222,538569,6,118347,1,259200,1.00005069837
420274,420281,574556,7,154275,1,259200,1.00004537352
420313,420321,593057,8,172736,1,259200,1.00004631345
420354,420362,567029,8,146667,1,259200,1.00005454533
420404,420410,422058,6,1648,1,5940,1.0036407767
420423,420429,543175,6,122746,1,259200,1.00004888143
420472,420480,579385,8,158905,1,259200,1.00005034455
420516,420523,588384,7,167861,1,259200,1.00004170117
420555,420562,551511,7,130949,1,259200,1.00005345593
420603,420610,568008,7,147398,1,259200,1.00004749047
420642,420649,573929,7,153280,1,259200,1.00004566806
420673,420679,424159,6,3480,2,7200,1.00172413793
420674,420687,423925,13,3238,2,7200,1.00401482397
420675,420692,424099,17,3407,2,7200,1.00498972703
420675,420719,570632,44,149913,1,259200,1.00029350357
420677,420698,423890,21,3192,2,7200,1.00657894737
420678,420703,424027,25,3324,2,7200,1.00752105897
420679,420708,424033,29,3325,2,7200,1.00872180451
420681,420713,424124,32,3411,2,7200,1.00938141308
420682,420725,423834,43,3109,2,7200,1.01383081377
420683,420731,424211,48,3480,2,7200,1.01379310345
420685,420736,424221,51,3485,2,7200,1.01463414634
420686,420741,424165,55,3424,2,7200,1.01606308411
420688,420746,424160,58,3414,2,7200,1.01698886936
420689,420752,424142,63,3390,2,7200,1.0185840708
420690,420757,423928,67,3171,2,7200,1.02112898139
420692,420762,424143,70,3381,2,7200,1.02070393375
420693,420768,424337,75,3569,2,7200,1.02101428972
420694,420773,424209,79,3436,2,7200,1.02299185099
420696,420778,424091,82,3313,2,7200,1.02475098098
420697,420783,423942,86,3159,2,7200,1.027223805
420698,420789,424252,91,3463,2,7200,1.02627779382
420700,420794,424265,94,3471,2,7200,1.0270815327
420701,420799,424171,98,3372,2,7200,1.0290628707
420702,420804,424117,102,3313,2,7200,1.03078780561
420704,420810,424154,106,3344,2,7200,1.03169856459
420705,420815,424013,110,3198,2,7200,1.03439649781
420706,420820,424074,114,3254,2,7200,1.03503380455
420708,420825,424172,117,3347,2,7200,1.03495667762
420709,420831,424233,122,3402,2,7200,1.03586125808
420710,420836,424178,126,3342,2,7200,1.03770197487
420712,420841,424154,129,3313,2,7200,1.03893751887
420712,420873,548243,161,127370,1,259200,1.00126403392
420713,420847,424349,134,3502,2,7200,1.03826384923
420714,420852,424206,138,3354,2,7200,1.04114490161
420716,420857,424509,141,3652,2,7200,1.03860898138
420717,420862,424099,145,3237,2,7200,1.04479456287
420718,420868,424252,150,3384,2,7200,1.04432624113
420720,420880,424497,160,3617,2,7200,1.04423555433
420721,420885,424530,164,3645,2,7200,1.04499314129
420722,420890,424020,168,3130,2,7200,1.05367412141
420724,420895,424209,171,3314,2,7200,1.0515992758
420725,420901,424097,176,3196,2,7200,1.05506883605
420756,420906,421955,150,1049,2,2340,1.14299332698
420757,421017,571338,260,150321,1,259200,1.00172963192
421059,421066,424420,7,3354,2,7200,1.00208706023
421227,421234,424225,7,2991,2,7200,1.0023403544
421294,421301,424609,7,3308,2,7200,1.00211608222
421402,421410,424840,8,3430,2,7200,1.00233236152
421432,421438,424887,6,3449,2,7200,1.00173963468
421511,421518,424970,7,3452,2,7200,1.00202780997
421767,421775,425064,8,3289,2,7200,1.00243235026
421769,421782,425281,13,3499,2,7200,1.00371534724
421814,421821,424957,7,3136,2,7200,1.00223214286
421815,421828,425286,13,3458,2,7200,1.0037593985
421830,421836,425372,6,3536,2,7200,1.00169683258
421845,421853,425178,8,3325,2,7200,1.00240601504
421847,421861,425181,14,3320,2,7200,1.00421686747
421848,421866,425277,18,3411,2,7200,1.00527704485
421849,421871,425319,22,3448,2,7200,1.00638051044
421882,421890,425314,8,3424,2,7200,1.0023364486
421900,421906,425197,6,3291,2,7200,1.00182315406
421942,421949,425396,7,3447,2,7200,1.00203075138
421953,421960,421964,7,4,1,900,1.1
421957,421967,425504,10,3537,2,7200,1.00282725474
421960,421972,422982,12,1010,2,2340,1.01188118812
422056,422063,422090,7,27,1,4800,1.25925925926
422101,422108,425563,7,3455,2,7200,1.0020260492
422116,422123,425528,7,3405,2,7200,1.00205580029
422158,422165,425333,7,3168,2,7200,1.00220959596
422182,422189,425457,7,3268,2,7200,1.00214198286
422261,422267,425652,6,3385,2,7200,1.00177252585
422281,422288,425509,7,3221,2,7200,1.00217323812
422296,422303,425691,7,3388,2,7200,1.0020661157
422408,422414,425820,6,3406,2,7200,1.00176159718
422425,422433,425680,8,3247,2,7200,1.00246381275
422504,422511,425808,7,3297,2,7200,1.00212314225
422537,422543,425735,6,3192,2,7200,1.00187969925
422552,422559,426158,7,3599,2,7200,1.00194498472
422553,422566,425966,13,3400,2,7200,1.00382352941
422554,422572,425894,18,3322,2,7200,1.00541842264
422617,422623,426009,6,3386,2,7200,1.00177200236
422762,422769,426210,7,3441,2,7200,1.00203429236
422796,422802,426140,6,3338,2,7200,1.00179748352
422850,422857,426186,7,3329,2,7200,1.00210273355
422981,422987,423014,6,27,1,900,1.22222222222
422992,422998,426065,6,3067,2,7200,1.0019563091
422998,423006,424098,8,1092,2,2340,1.00732600733
423011,423017,424139,6,1122,4,7200,1.00534759358
423012,423024,424101,12,1077,4,7200,1.01114206128
423013,424026,424150,1013,124,4,7200,9.16935483871
423013,423955,424150,942,195,4,7200,5.83076923077
423014,424032,424150,1018,118,4,7200,9.62711864407
423015,424103,424150,1088,47,4,7200,24.1489361702
423016,424117,424151,1101,34,4,7200,33.3823529412
423112,423119,426401,7,3282,2,7200,1.00213284583
423212,423219,426504,7,3285,2,7200,1.00213089802
423835,423842,427111,7,3269,2,7200,1.00214132762
423891,423897,427293,6,3396,2,7200,1.00176678445
423927,423934,427420,7,3486,2,7200,1.00200803213
423942,423949,427253,7,3304,2,7200,1.00211864407
423944,423961,427154,17,3193,2,7200,1.00532414657
424041,424049,427361,8,3312,2,7200,1.00241545894
424043,424055,427222,12,3167,2,7200,1.00378907483
424044,424122,427404,78,3282,2,7200,1.02376599634
424046,424128,427332,82,3204,2,7200,1.02559300874
424076,424133,427257,57,3124,2,7200,1.01824583867
424093,424138,427708,45,3570,2,7200,1.01260504202
424097,424110,424116,13,6,1,900,1.9
424107,424970,426004,863,1034,2,2340,1.83462282398
424108,424145,427655,37,3510,2,7200,1.01054131054
424110,424150,427312,40,3162,2,7200,1.01265022138
424111,424158,427383,47,3225,2,7200,1.01457364341
424126,424164,427354,38,3190,2,7200,1.01191222571
424127,424169,427527,42,3358,2,7200,1.01250744491
424142,424174,427510,32,3336,2,7200,1.00959232614
424144,424219,427541,75,3322,2,7200,1.02257676099
424159,424253,427794,94,3541,2,7200,1.0265461734
424161,424258,427568,97,3310,2,7200,1.02930513595
424162,424265,427899,103,3634,2,7200,1.02834342323
424166,424181,425280,15,1099,4,7200,1.01364877161
424167,424186,425252,19,1066,4,7200,1.01782363977
424168,424197,425299,29,1102,4,7200,1.02631578947
424168,424192,425350,24,1158,4,7200,1.0207253886
424169,424202,425298,33,1096,4,7200,1.03010948905
424170,424208,425319,38,1111,4,7200,1.03420342034
424171,424213,425350,42,1137,4,7200,1.03693931398
424178,424227,427389,49,3162,2,7200,1.01549652119
424179,424232,427543,53,3311,2,7200,1.01600724857
424180,424237,427555,57,3318,2,7200,1.01717902351
424182,424243,427396,61,3153,2,7200,1.01934665398
424183,424248,427521,65,3273,2,7200,1.01985945616
424207,424271,427414,64,3143,2,7200,1.02036271079
424223,424276,427615,53,3339,2,7200,1.01587301587
424224,424281,427920,57,3639,2,7200,1.01566364386
424225,424286,427643,61,3357,2,7200,1.018170986
424227,424294,427619,67,3325,2,7200,1.02015037594
424244,424350,427806,106,3456,2,7200,1.0306712963
424245,424361,427514,116,3153,2,7200,1.03679035839
424260,424432,427925,172,3493,2,7200,1.04924133982
424261,424510,428127,249,3617,2,7200,1.06884158142
424276,424521,427917,245,3396,2,7200,1.07214369847
424333,424542,427641,209,3099,2,7200,1.06744111004
424348,424621,428398,273,3777,2,7200,1.07227958697
424421,424853,428177,432,3324,2,7200,1.12996389892
424499,424899,428313,400,3414,2,7200,1.11716461629
424513,424983,428154,470,3171,2,7200,1.14821822769
424531,425077,428212,546,3135,2,7200,1.17416267943
424610,425191,428736,581,3545,2,7200,1.16389280677
424841,425198,428338,357,3140,2,7200,1.11369426752
424889,425204,428751,315,3547,2,7200,1.08880744291
424907,425314,426994,407,1680,4,7200,1.24226190476
424907,425320,427057,413,1737,4,7200,1.23776626367
424908,425334,427091,426,1757,4,7200,1.24245873648
424909,425296,426989,387,1693,4,7200,1.22858830478
424909,425362,427063,453,1701,4,7200,1.26631393298
424910,425263,426970,353,1707,4,7200,1.20679554774
424911,425368,427110,457,1742,4,7200,1.26234213548
424959,425211,428546,252,3335,2,7200,1.07556221889
424973,425289,428480,316,3191,2,7200,1.09902851771
425067,425301,428480,234,3179,2,7200,1.07360805285
425178,425308,428635,130,3327,2,7200,1.03907424106
425193,425328,428393,135,3065,2,7200,1.044045677
425208,425342,428693,134,3351,2,7200,1.03998806326
425277,425349,428660,72,3311,2,7200,1.02174569616
425292,425385,428966,93,3581,2,7200,1.02597039933
425294,425408,428836,114,3428,2,7200,1.03325554259
425315,425469,428885,154,3416,2,7200,1.04508196721
425330,425516,428717,186,3201,2,7200,1.05810684161
425344,425523,428864,179,3341,2,7200,1.05357677342
425374,425541,429207,167,3666,2,7200,1.04555373704
425400,425575,428933,175,3358,2,7200,1.05211435378
425457,425664,429071,207,3407,2,7200,1.06075726446
425506,425693,429002,187,3309,2,7200,1.05651254155
425520,425704,429298,184,3594,2,7200,1.05119643851
425535,425747,429160,212,3413,2,7200,1.06211544096
425565,425820,429178,255,3358,2,7200,1.07593805837
425652,425833,429090,181,3257,2,7200,1.05557261283
425682,425907,429156,225,3249,2,7200,1.06925207756
425697,425978,429417,281,3439,2,7200,1.08170979936
425736,426016,429362,280,3346,2,7200,1.08368200837
425809,426023,429506,214,3483,2,7200,1.06144128625
425823,426078,429332,255,3254,2,7200,1.07836508912
425896,426154,429319,258,3165,2,7200,1.08151658768
425968,426170,429584,202,3414,2,7200,1.05916813122
426002,427170,427176,1168,6,1,900,117.4
426010,426199,429526,189,3327,2,7200,1.05680793508
426019,427125,428209,1106,1084,2,2340,2.02029520295
426067,426223,429592,156,3369,2,7200,1.04630454141
426142,426414,429814,272,3400,2,7200,1.08
426160,426517,429666,357,3149,2,7200,1.11336932359
426188,426983,430116,795,3133,2,7200,1.25375039898
426212,426989,430448,777,3459,2,7200,1.22463139636
426402,427002,430285,600,3283,2,7200,1.18275967103
426504,427007,430574,503,3567,2,7200,1.14101485842
427111,427117,430523,6,3406,2,7200,1.00176159718
427156,427163,430689,7,3526,2,7200,1.00198525241
427222,427229,430394,7,3165,2,7200,1.00221169036
427255,427261,430682,6,3421,2,7200,1.00175387314
427270,427277,430535,7,3258,2,7200,1.0021485574
427294,427301,430876,7,3575,2,7200,1.00195804196
427312,427319,430663,7,3344,2,7200,1.00209330144
427332,427340,430693,8,3353,2,7200,1.00238592305
427356,427363,430507,7,3144,2,7200,1.0022264631
427371,427378,430688,7,3310,2,7200,1.00211480363
427386,427393,430690,7,3297,2,7200,1.00212314225
427401,427408,430902,7,3494,2,7200,1.00200343446
427403,427415,430798,12,3383,2,7200,1.0035471475
427418,427424,430615,6,3191,2,7200,1.00188028831
427419,427432,430804,13,3372,2,7200,1.00385527877
427421,427437,430768,16,3331,2,7200,1.00480336235
427512,427519,430726,7,3207,2,7200,1.00218272529
427527,427534,430658,7,3124,2,7200,1.00224071703
427528,427539,430727,11,3188,2,7200,1.00345043915
427529,427547,430789,18,3242,2,7200,1.00555212832
427547,427554,430931,7,3377,2,7200,1.00207284572
427549,427561,430878,12,3317,2,7200,1.00361772686
427564,427570,431150,6,3580,2,7200,1.00167597765
427578,427586,430734,8,3148,2,7200,1.00254129606
427616,427622,430801,6,3179,2,7200,1.00188738597
427631,427637,430725,6,3088,2,7200,1.00194300518
427646,427653,431029,7,3376,2,7200,1.00207345972
427647,427660,430986,13,3326,2,7200,1.00390859892
427662,427669,430842,7,3173,2,7200,1.00220611409
427710,427716,431077,6,3361,2,7200,1.00178518298
427795,427802,431256,7,3454,2,7200,1.00202663578
427809,427817,431287,8,3470,2,7200,1.0023054755
427900,427906,431226,6,3320,2,7200,1.00180722892
427918,427925,431428,7,3503,2,7200,1.00199828718
427933,427939,431366,6,3427,2,7200,1.00175080245
427934,427947,431439,13,3492,2,7200,1.00372279496
428128,428134,431325,6,3191,2,7200,1.00188028831
428155,428162,431435,7,3273,2,7200,1.00213871066
428180,428187,431548,7,3361,2,7200,1.00208271348
428209,428216,428221,7,5,1,900,1.2
428213,428223,431812,10,3589,2,7200,1.00278629145
428216,428228,428421,12,193,2,2340,1.0621761658
428312,428319,431686,7,3367,2,7200,1.00207900208
428339,428347,431724,8,3377,2,7200,1.00236896654
428394,428400,431685,6,3285,2,7200,1.00182648402
428408,428415,431724,7,3309,2,7200,1.00211544273
428420,428427,428428,7,1,1,900,1.0
428481,428488,431607,7,3119,2,7200,1.00224430907
428482,428495,431787,13,3292,2,7200,1.00394896719
428548,428555,431835,7,3280,2,7200,1.00213414634
428636,428643,431916,7,3273,2,7200,1.00213871066
428663,428669,431800,6,3131,2,7200,1.00191632066
428696,428702,432140,6,3438,2,7200,1.0017452007
428719,428727,432121,8,3394,2,7200,1.00235710077
428734,428740,432077,6,3337,2,7200,1.00179802218
428752,428759,432129,7,3370,2,7200,1.00207715134
428837,428844,432350,7,3506,2,7200,1.0019965773
428867,428873,432304,6,3431,2,7200,1.00174876129
428888,428894,432431,6,3537,2,7200,1.00169635284
428936,428942,432194,6,3252,2,7200,1.00184501845
428949,428955,431621,6,2666,2,3540,1.00225056264
428966,428972,432203,6,3231,2,7200,1.00185701021
429005,429011,432343,6,3332,2,7200,1.00180072029
429074,429080,432602,6,3522,2,7200,1.00170357751
429092,429098,432454,6,3356,2,7200,1.00178784267
429158,429165,432500,7,3335,2,7200,1.00209895052
429173,429179,432304,6,3125,2,7200,1.00192
429188,429195,432584,7,3389,2,7200,1.00206550605
429209,429216,432658,7,3442,2,7200,1.00203370134
429299,429306,432458,7,3152,2,7200,1.00222081218
429320,429327,432678,7,3351,2,7200,1.00208892868
429335,429341,432640,6,3299,2,7200,1.00181873295
429365,429372,432826,7,3454,2,7200,1.00202663578
429419,429425,432857,6,3432,2,7200,1.00174825175
429506,429513,432641,7,3128,2,7200,1.00223785166
429527,429534,432866,7,3332,2,7200,1.00210084034
429584,429591,432756,7,3165,2,7200,1.00221169036
429599,429606,433064,7,3458,2,7200,1.0020242915
429665,429672,432988,7,3316,2,7200,1.00211097708
429816,429823,433033,7,3210,2,7200,1.00218068536
430115,430122,433622,7,3500,2,7200,1.002
430287,430293,433809,6,3516,2,7200,1.00170648464
430323,430330,790337,7,360007,2,360000,1.00001944407
430336,430524,790563,188,360039,2,360000,1.00052216565
430395,430403,433624,8,3221,2,7200,1.00248370071
430450,430456,433589,6,3133,2,7200,1.00191509735
430510,430517,434002,7,3485,2,7200,1.00200860832
430525,430532,433784,7,3252,2,7200,1.00215252153
430539,430546,433866,7,3320,2,7200,1.00210843373
430575,430583,434078,8,3495,2,7200,1.00228898426
430614,430621,433966,7,3345,2,7200,1.00209267564
430659,430666,434050,7,3384,2,7200,1.00206855792
430674,430680,433986,6,3306,2,7200,1.00181488203
430690,430696,433982,6,3286,2,7200,1.00182592818
430691,430704,434045,13,3341,2,7200,1.00389105058
430692,430709,434165,17,3456,2,7200,1.00491898148
430694,430715,433873,21,3158,2,7200,1.00664977834
430709,430722,433909,13,3187,2,7200,1.00407907123
430723,430731,434024,8,3293,2,7200,1.00242939569
430739,430746,434357,7,3611,2,7200,1.00193852119
430740,430753,434104,13,3351,2,7200,1.00387943897
430741,430758,434050,17,3292,2,7200,1.00516403402
430768,430774,434108,6,3334,2,7200,1.00179964007
430792,430798,434436,6,3638,2,7200,1.00164925783
430808,430814,434139,6,3325,2,7200,1.00180451128
430809,430822,434074,13,3252,2,7200,1.00399753998
430810,430827,433987,17,3160,2,7200,1.00537974684
430843,430850,434081,7,3231,2,7200,1.00216651192
430877,430884,434408,7,3524,2,7200,1.00198637911
430891,430897,434202,6,3305,2,7200,1.00181543116
430906,430913,434318,7,3405,2,7200,1.00205580029
430933,430940,434112,7,3172,2,7200,1.00220680958
430987,430993,434346,6,3353,2,7200,1.00178944229
431030,431037,434336,7,3299,2,7200,1.00212185511
431078,431085,434581,7,3496,2,7200,1.00200228833
431150,431158,434367,8,3209,2,7200,1.00249298847
431228,431235,434625,7,3390,2,7200,1.00206489676
431258,431266,434867,8,3601,2,7200,1.00222160511
431288,431296,434628,8,3332,2,7200,1.00240096038
431328,431334,434771,6,3437,2,7200,1.00174570847
431367,431374,434887,7,3513,2,7200,1.00199259892
431430,431436,434781,6,3345,2,7200,1.00179372197
431445,431452,434859,7,3407,2,7200,1.00205459348
431446,431457,434745,11,3288,2,7200,1.00334549878
431548,431555,434946,7,3391,2,7200,1.00206428782
431609,431616,434864,7,3248,2,7200,1.00215517241
431629,431636,432917,7,1281,2,3540,1.00546448087
431687,431694,435045,7,3351,2,7200,1.00208892868
431689,431701,435019,12,3318,2,7200,1.00361663653
431725,431732,434998,7,3266,2,7200,1.00214329455
431726,431739,435069,13,3330,2,7200,1.0039039039
431790,431797,434961,7,3164,2,7200,1.00221238938
431804,431812,434985,8,3173,2,7200,1.00252127324
431819,431827,435000,8,3173,2,7200,1.00252127324
431834,431840,435313,6,3473,2,7200,1.00172761301
431919,431925,435557,6,3632,2,7200,1.00165198238
432078,432085,435475,7,3390,2,7200,1.00206489676
432123,432131,435622,8,3491,2,7200,1.00229160699
432138,432144,435605,6,3461,2,7200,1.001733603
432153,432160,435467,7,3307,2,7200,1.0021167221
432195,432202,435373,7,3171,2,7200,1.00220750552
432210,432217,435648,7,3431,2,7200,1.00204022151
432306,432313,435681,7,3368,2,7200,1.0020783848
432308,432320,435446,12,3126,2,7200,1.00383877159
432344,432351,435631,7,3280,2,7200,1.00213414634
432358,432366,435709,8,3343,2,7200,1.00239306013
432434,432441,435754,7,3313,2,7200,1.00211288862
432455,432461,435710,6,3249,2,7200,1.00184672207
432469,432476,435870,7,3394,2,7200,1.00206246317
432502,432509,436025,7,3516,2,7200,1.00199089875
432587,432594,436054,7,3460,2,7200,1.00202312139
432604,432612,435894,8,3282,2,7200,1.00243753809
432641,432648,436012,7,3364,2,7200,1.00208085612
432642,432655,436104,13,3449,2,7200,1.00376920847
432660,432667,436109,7,3442,2,7200,1.00203370134
432678,432685,436201,7,3516,2,7200,1.00199089875
432756,432762,435986,6,3224,2,7200,1.00186104218
432828,432835,436093,7,3258,2,7200,1.0021485574
432858,432864,436476,6,3612,2,7200,1.00166112957
432873,432881,436131,8,3250,2,7200,1.00246153846
432915,432922,432931,7,9,1,900,1.6
432933,432941,434593,8,1652,2,3540,1.00484261501
432988,432995,436067,7,3072,2,7200,1.00227864583
433036,433042,436213,6,3171,2,7200,1.00189214759
433066,433073,436228,7,3155,2,7200,1.00221870048
433591,433598,437014,7,3416,2,7200,1.00204918033
433624,433630,436729,6,3099,2,7200,1.00193610842
433625,433638,437044,13,3406,2,7200,1.00381679389
433785,433792,436912,7,3120,2,7200,1.00224358974
433809,433816,436944,7,3128,2,7200,1.00223785166
433866,433873,437236,7,3363,2,7200,1.00208147487
433881,433887,437170,6,3283,2,7200,1.00182759671
433911,433918,437048,7,3130,2,7200,1.00223642173
433968,433975,437319,7,3344,2,7200,1.00209330144
433983,433989,437418,6,3429,2,7200,1.00174978128
433998,434005,437398,7,3393,2,7200,1.00206307103
433999,434014,437351,15,3337,2,7200,1.00449505544
434014,434021,437181,7,3160,2,7200,1.00221518987
434029,434036,437341,7,3305,2,7200,1.00211800303
434047,434054,437271,7,3217,2,7200,1.00217594032
434062,434069,437413,7,3344,2,7200,1.00209330144
434064,434075,437382,11,3307,2,7200,1.00332627759
434079,434085,437442,6,3357,2,7200,1.0017873101
434080,434093,437354,13,3261,2,7200,1.00398650721
434095,434102,437622,7,3520,2,7200,1.00198863636
434110,434118,437463,8,3345,2,7200,1.0023916293
434112,434123,437262,11,3139,2,7200,1.00350430073
434127,434134,437380,7,3246,2,7200,1.00215650031
434141,434148,437471,7,3323,2,7200,1.00210653024
434165,434172,437382,7,3210,2,7200,1.00218068536
434204,434211,437408,7,3197,2,7200,1.00218955271
434319,434326,437711,7,3385,2,7200,1.00206794682
434340,434347,437514,7,3167,2,7200,1.00221029365
434355,434362,437742,7,3380,2,7200,1.00207100592
434370,434378,437697,8,3319,2,7200,1.00241036457
434371,434385,437609,14,3224,2,7200,1.00434243176
434411,434418,437739,7,3321,2,7200,1.00210779886
434432,434439,437739,7,3300,2,7200,1.00212121212
434583,434590,437899,7,3309,2,7200,1.00211544273
434600,434607,436274,7,1667,2,3540,1.00419916017
434628,434634,438060,6,3426,2,7200,1.00175131349
434630,434642,437713,12,3071,2,7200,1.00390752198
434747,434753,437940,6,3187,2,7200,1.00188264826
434771,434777,438234,6,3457,2,7200,1.00173560891
434786,434793,437925,7,3132,2,7200,1.00223499361
434861,434868,438009,7,3141,2,7200,1.00222858962
434876,434884,438160,8,3276,2,7200,1.00244200244
434878,434889,438114,11,3225,2,7200,1.00341085271
434892,434899,438357,7,3458,2,7200,1.0020242915
434947,434954,438405,7,3451,2,7200,1.00202839757
434962,434969,438096,7,3127,2,7200,1.00223856732
434986,434992,438409,6,3417,2,7200,1.00175592625
435001,435008,438482,7,3474,2,7200,1.00201496834
435002,435015,438397,13,3382,2,7200,1.00384387936
435020,435027,438362,7,3335,2,7200,1.00209895052
435047,435054,438262,7,3208,2,7200,1.00218204489
435071,435077,438649,6,3572,2,7200,1.00167973124
435316,435322,438472,6,3150,2,7200,1.0019047619
435373,435379,438463,6,3084,2,7200,1.00194552529
435448,435455,438925,7,3470,2,7200,1.00201729107
435469,435476,438962,7,3486,2,7200,1.00200803213
435484,435490,438565,6,3075,2,7200,1.00195121951
435559,435565,438926,6,3361,2,7200,1.00178518298
435607,435614,438893,7,3279,2,7200,1.00213479719
435625,435631,439125,6,3494,2,7200,1.00171722954
435640,435647,439212,7,3565,2,7200,1.00196353436
435655,435661,439013,6,3352,2,7200,1.00178997613
435682,435689,439183,7,3494,2,7200,1.00200343446
435709,435715,439396,6,3681,2,7200,1.00162999185
435723,435730,439178,7,3448,2,7200,1.00203016241
435756,435764,439041,8,3277,2,7200,1.00244125725
435871,435877,439259,6,3382,2,7200,1.00177409817
435895,435901,439253,6,3352,2,7200,1.00178997613
435988,435995,439350,7,3355,2,7200,1.00208643815
436012,436018,439369,6,3351,2,7200,1.0017905103
436027,436033,439368,6,3335,2,7200,1.00179910045
436054,436061,439637,7,3576,2,7200,1.00195749441
436069,436076,439528,7,3452,2,7200,1.00202780997
436093,436100,439481,7,3381,2,7200,1.00207039337
436108,436115,439628,7,3513,2,7200,1.00199259892
436123,436130,439606,7,3476,2,7200,1.00201380898
436139,436146,439416,7,3270,2,7200,1.00214067278
436202,436209,439496,7,3287,2,7200,1.00212960146
436217,436224,439926,7,3702,2,7200,1.0018908698
436231,436239,439649,8,3410,2,7200,1.00234604106
436281,436289,437229,8,940,2,3540,1.0085106383
436476,436483,439778,7,3295,2,7200,1.00212443096
436729,436737,439978,8,3241,2,7200,1.00246837396
436913,436921,440069,8,3148,2,7200,1.00254129606
436946,436953,440230,7,3277,2,7200,1.00213610009
437016,437022,440415,6,3393,2,7200,1.0017683466
437046,437052,440368,6,3316,2,7200,1.00180940893
437061,437068,440131,7,3063,2,7200,1.00228534117
437172,437180,440333,8,3153,2,7200,1.0025372661
437187,437195,440486,8,3291,2,7200,1.00243087208
437228,437242,437247,14,5,1,900,1.9
437238,437249,440714,11,3465,2,7200,1.00317460317
437248,437363,439031,115,1668,2,3540,1.06894484412
437262,437270,440422,8,3152,2,7200,1.00253807107
437277,437284,440623,7,3339,2,7200,1.00209643606
437319,437325,440643,6,3318,2,7200,1.00180831826
437343,437350,440676,7,3326,2,7200,1.00210463019
437358,437370,440647,12,3277,2,7200,1.00366188587
437360,437375,440687,15,3312,2,7200,1.00452898551
437382,437388,440651,6,3263,2,7200,1.00183879865
437384,437396,440405,12,3009,2,7200,1.00398803589
437385,437401,440837,16,3436,2,7200,1.00465657742
437400,437407,440759,7,3352,2,7200,1.00208830549
437415,437422,440655,7,3233,2,7200,1.00216517167
437416,437429,440735,13,3306,2,7200,1.0039322444
437431,437437,440747,6,3310,2,7200,1.00181268882
437446,437452,440902,6,3450,2,7200,1.00173913043
437464,437470,440857,6,3387,2,7200,1.00177147919
437479,437485,440911,6,3426,2,7200,1.00175131349
437515,437522,440841,7,3319,2,7200,1.002109069
437609,437615,440806,6,3191,2,7200,1.00188028831
437626,437632,440990,6,3358,2,7200,1.00178677784
437698,437704,441059,6,3355,2,7200,1.00178837556
437713,437720,440994,7,3274,2,7200,1.00213805742
437714,437728,440970,14,3242,2,7200,1.00431832202
437742,437749,441201,7,3452,2,7200,1.00202780997
437743,437756,441172,13,3416,2,7200,1.00380562061
437744,437762,441021,18,3259,2,7200,1.00552316662
437899,437906,441205,7,3299,2,7200,1.00212185511
437926,437933,441347,7,3414,2,7200,1.00205038079
437940,437948,441105,8,3157,2,7200,1.00253405131
438010,438016,441405,6,3389,2,7200,1.00177043376
438061,438067,441226,6,3159,2,7200,1.00189933523
438097,438103,441411,6,3308,2,7200,1.00181378476
438115,438121,441472,6,3351,2,7200,1.0017905103
438163,438170,441930,7,3760,2,7200,1.00186170213
438236,438243,441415,7,3172,2,7200,1.00220680958
438263,438269,441582,6,3313,2,7200,1.00181104739
438359,438365,441951,6,3586,2,7200,1.00167317345
438374,438381,441786,7,3405,2,7200,1.00205580029
438398,438405,441771,7,3366,2,7200,1.00207961973
438413,438420,441702,7,3282,2,7200,1.00213284583
438414,438427,441860,13,3433,2,7200,1.00378677542
438465,438471,441735,6,3264,2,7200,1.00183823529
438480,438488,441772,8,3284,2,7200,1.00243605359
438495,438502,441737,7,3235,2,7200,1.00216383308
438567,438574,441954,7,3380,2,7200,1.00207100592
438652,438658,441963,6,3305,2,7200,1.00181543116
438893,438901,442219,8,3318,2,7200,1.00241109102
438927,438933,442268,6,3335,2,7200,1.00179910045
438928,438941,442460,13,3519,2,7200,1.00369423132
438964,438971,442345,7,3374,2,7200,1.0020746888
439015,439022,442338,7,3316,2,7200,1.00211097708
439041,439048,441076,7,2028,2,3540,1.00345167653
439042,439055,442402,13,3347,2,7200,1.00388407529
439127,439134,442476,7,3342,2,7200,1.00209455416
439178,439185,442555,7,3370,2,7200,1.00207715134
439193,439200,442409,7,3209,2,7200,1.00218136491
439211,439218,442481,7,3263,2,7200,1.00214526509
439253,439259,442564,6,3305,2,7200,1.00181543116
439268,439275,442445,7,3170,2,7200,1.00220820189
439352,439359,442859,7,3500,2,7200,1.002
439370,439377,442727,7,3350,2,7200,1.00208955224
439371,439384,442897,13,3513,2,7200,1.00370054085
439395,439402,442732,7,3330,2,7200,1.0021021021
439416,439423,442757,7,3334,2,7200,1.00209958008
439483,439489,443039,6,3550,2,7200,1.00169014085
439498,439505,442765,7,3260,2,7200,1.00214723926
439531,439537,442865,6,3328,2,7200,1.00180288462
439607,439613,442866,6,3253,2,7200,1.00184445128
439630,439638,443037,8,3399,2,7200,1.00235363342
439645,439652,442992,7,3340,2,7200,1.00209580838
439660,439667,443107,7,3440,2,7200,1.00203488372
439778,439785,443209,7,3424,2,7200,1.00204439252
439926,439933,443427,7,3494,2,7200,1.00200343446
439980,439986,443355,6,3369,2,7200,1.0017809439
440070,440077,443346,7,3269,2,7200,1.00214132762
440135,440141,443379,6,3238,2,7200,1.00185299568
440233,440240,443676,7,3436,2,7200,1.00203725262
440278,440382,440384,104,2,2,3540,10.6
440332,440339,443937,7,3598,2,7200,1.00194552529
440368,440375,443918,7,3543,2,7200,1.00197572679
440407,440414,443873,7,3459,2,7200,1.00202370627
440422,440430,443573,8,3143,2,7200,1.00254533885
440424,440437,443834,13,3397,2,7200,1.00382690609
440487,440494,443789,7,3295,2,7200,1.00212443096
440623,440629,443950,6,3321,2,7200,1.00180668473
440644,440651,444046,7,3395,2,7200,1.00206185567
440659,440665,443969,6,3304,2,7200,1.00181598063
440660,440673,443955,13,3282,2,7200,1.00396099939
440662,440679,443895,17,3216,2,7200,1.00528606965
440677,440686,444013,9,3327,2,7200,1.00270513977
440691,440699,444101,8,3402,2,7200,1.00235155791
440715,440723,444000,8,3277,2,7200,1.00244125725
440736,440743,444139,7,3396,2,7200,1.00206124853
440751,440759,443950,8,3191,2,7200,1.00250705108
440766,440772,443976,6,3204,2,7200,1.00187265918
440808,440815,444188,7,3373,2,7200,1.00207530388
440838,440846,444231,8,3385,2,7200,1.0023633678
440853,440859,444180,6,3321,2,7200,1.00180668473
440868,440875,444040,7,3165,2,7200,1.00221169036
440904,440910,444636,6,3726,2,7200,1.00161030596
440919,440926,444396,7,3470,2,7200,1.00201729107
440970,440977,444411,7,3434,2,7200,1.00203843914
440991,440998,444253,7,3255,2,7200,1.00215053763
441006,441013,444413,7,3400,2,7200,1.00205882353
441021,441027,444165,6,3138,2,7200,1.00191204589
441060,441067,444318,7,3251,2,7200,1.00215318364
441085,441091,442116,6,1025,2,3540,1.00585365854
441105,441111,444459,6,3348,2,7200,1.0017921147
441175,441180,444677,5,3497,2,7200,1.00142979697
441202,441208,444524,6,3316,2,7200,1.00180940893
441217,441223,444387,6,3164,2,7200,1.00189633375
441231,441238,444600,7,3362,2,7200,1.00208209399
441349,441355,444561,6,3206,2,7200,1.00187149095
441353,441720,441903,367,183,1,3600,3.00546448087
441406,441413,444788,7,3375,2,7200,1.00207407407
441421,441428,444615,7,3187,2,7200,1.00219642297
441423,441435,444684,12,3249,2,7200,1.00369344414
441474,441481,444819,7,3338,2,7200,1.00209706411
441582,441588,444884,6,3296,2,7200,1.00182038835
441706,441713,445016,7,3303,2,7200,1.0021192855
441736,441743,444831,7,3088,2,7200,1.00226683938
441751,441757,445073,6,3316,2,7200,1.00180940893
441772,441778,445022,6,3244,2,7200,1.00184956843
441773,441786,445206,13,3420,2,7200,1.00380116959
441788,441796,445114,8,3318,2,7200,1.00241109102
441864,441870,445458,6,3588,2,7200,1.0016722408
441930,441937,445265,7,3328,2,7200,1.00210336538
441951,441958,445295,7,3337,2,7200,1.00209769254
441967,441973,445093,6,3120,2,7200,1.00192307692
441969,441981,445408,12,3427,2,7200,1.0035016049
442083,442090,442434,7,344,1,3600,1.02034883721
442114,442120,442129,6,9,1,900,1.5
442137,442143,444268,6,2125,2,3540,1.00282352941
442219,442227,445885,8,3658,2,7200,1.00218698742
442271,442277,445743,6,3466,2,7200,1.00173110214
442340,442347,445740,7,3393,2,7200,1.00206307103
442355,442361,445869,6,3508,2,7200,1.00171037628
442403,442409,445861,6,3452,2,7200,1.00173812283
442418,442425,445880,7,3455,2,7200,1.0020260492
442448,442455,445855,7,3400,2,7200,1.00205882353
442463,442470,445826,7,3356,2,7200,1.00208581645
442478,442485,445735,7,3250,2,7200,1.00215384615
442493,442499,445695,6,3196,2,7200,1.00187734668
442556,442563,445777,7,3214,2,7200,1.00217797138
442571,442577,445936,6,3359,2,7200,1.00178624591
442728,442735,446202,7,3467,2,7200,1.00201903663
442743,442750,446111,7,3361,2,7200,1.00208271348
442758,442765,446144,7,3379,2,7200,1.00207161882
442773,442779,446181,6,3402,2,7200,1.00176366843
442802,442809,443653,7,844,1,3600,1.00829383886
442861,442868,446287,7,3419,2,7200,1.00204738228
442876,442883,446245,7,3362,2,7200,1.00208209399
442877,442890,446247,13,3357,2,7200,1.00387250521
442898,442905,446221,7,3316,2,7200,1.00211097708
442995,443002,446338,7,3336,2,7200,1.00209832134
443040,443047,446083,7,3036,2,7200,1.00230566535
443041,443054,446331,13,3277,2,7200,1.00396704303
443108,443115,446453,7,3338,2,7200,1.00209706411
443210,443217,446610,7,3393,2,7200,1.00206307103
443346,443353,446726,7,3373,2,7200,1.00207530388
443361,443369,446544,8,3175,2,7200,1.00251968504
443379,443386,446746,7,3360,2,7200,1.00208333333
443430,443437,446836,7,3399,2,7200,1.00205942924
443575,443582,447166,7,3584,2,7200,1.001953125
443679,443686,447081,7,3395,2,7200,1.00206185567
443791,443798,447190,7,3392,2,7200,1.00206367925
443836,443843,447240,7,3397,2,7200,1.00206064174
443876,443883,447256,7,3373,2,7200,1.00207530388
443896,443904,447408,8,3504,2,7200,1.00228310502
443920,443928,447434,8,3506,2,7200,1.00228180262
443938,443945,447337,7,3392,2,7200,1.00206367925
443954,443960,447150,6,3190,2,7200,1.00188087774
443955,443967,447369,12,3402,2,7200,1.00352733686
443957,443973,447439,16,3466,2,7200,1.00461627236
443972,443980,447272,8,3292,2,7200,1.00243013366
443986,443993,447218,7,3225,2,7200,1.00217054264
444003,444009,447233,6,3224,2,7200,1.00186104218
444020,444027,447287,7,3260,2,7200,1.00214723926
444041,444048,447239,7,3191,2,7200,1.0021936697
444056,444062,447524,6,3462,2,7200,1.00173310225
444101,444108,447564,7,3456,2,7200,1.00202546296
444140,444147,447182,7,3035,2,7200,1.00230642504
444167,444174,447615,7,3441,2,7200,1.00203429236
444182,444188,447461,6,3273,2,7200,1.00183318057
444196,444202,447385,6,3183,2,7200,1.00188501414
444232,444240,447536,8,3296,2,7200,1.00242718447
444253,444260,447481,7,3221,2,7200,1.00217323812
444277,444284,446423,7,2139,2,3540,1.00327255727
444320,444326,447702,6,3376,2,7200,1.00177725118
444389,444395,447740,6,3345,2,7200,1.00179372197
444404,444411,448009,7,3598,2,7200,1.00194552529
444419,444426,448077,7,3651,2,7200,1.00191728294
444420,444433,447679,13,3246,2,7200,1.00400492914
444463,444469,447829,6,3360,2,7200,1.00178571429
444526,444533,447741,7,3208,2,7200,1.00218204489
444556,444563,447881,7,3318,2,7200,1.00210970464
444601,444608,447935,7,3327,2,7200,1.0021039976
444617,444624,447969,7,3345,2,7200,1.00209267564
444638,444645,447746,7,3101,2,7200,1.00225733634
444678,444684,447754,6,3070,2,7200,1.00195439739
444693,444699,447957,6,3258,2,7200,1.00184162063
444789,444796,448074,7,3278,2,7200,1.00213544844
444819,444826,448290,7,3464,2,7200,1.00202078522
444834,444840,448369,6,3529,2,7200,1.00170019836
444885,444892,448080,7,3188,2,7200,1.002195734
444936,445089,445267,153,178,1,3600,1.8595505618
444960,445094,445208,134,114,1,3600,2.17543859649
445018,445024,448155,6,3131,2,7200,1.00191632066
445033,445040,448280,7,3240,2,7200,1.00216049383
445075,445082,448652,7,3570,2,7200,1.00196078431
445093,445100,448366,7,3266,2,7200,1.00214329455
445114,445120,448378,6,3258,2,7200,1.00184162063
445208,445218,448526,10,3308,2,7200,1.00302297461
445268,445277,448577,9,3300,2,7200,1.00272727273
445299,445306,448672,7,3366,2,7200,1.00207961973
445383,445390,445749,7,359,1,3600,1.01949860724
445410,445416,448694,6,3278,2,7200,1.00183038438
445450,445456,445830,6,374,1,3600,1.01604278075
445458,445466,448929,8,3463,2,7200,1.00231013572
445694,445701,449035,7,3334,2,7200,1.00209958008
445736,445744,449148,8,3404,2,7200,1.00235017626
445751,445759,449163,8,3404,2,7200,1.00235017626
445753,445766,448724,13,2958,2,7200,1.00439486139
445778,445784,449080,6,3296,2,7200,1.00182038835
445827,445834,449034,7,3200,2,7200,1.0021875
445854,445862,445865,8,3,4,14400,1.1
445857,445869,449077,12,3208,2,7200,1.00374064838
445872,445880,449291,8,3411,2,7200,1.00234535327
445874,445885,449539,11,3654,2,7200,1.00301039956
445887,454917,462221,9030,7304,4,14400,2.23630887185
445887,445894,454901,7,9007,4,14400,1.00077717331
445888,462234,468102,16346,5868,4,14400,3.78561690525
445889,468114,479924,22225,11810,4,14400,2.88187976291
445889,445901,449155,12,3254,2,7200,1.0036877689
445889,479937,492326,34048,12389,4,14400,3.74824441036
445890,445907,449317,17,3410,2,7200,1.00498533724
445938,445944,449212,6,3268,2,7200,1.00183598531
446087,446094,449389,7,3295,2,7200,1.00212443096
446111,446118,449716,7,3598,2,7200,1.00194552529
446144,446150,449510,6,3360,2,7200,1.00178571429
446183,446189,449586,6,3397,2,7200,1.00176626435
446184,446197,447090,13,893,1,3600,1.01455767077
446204,446211,449537,7,3326,2,7200,1.00210463019
446222,446229,449652,7,3423,2,7200,1.00204498978
446231,446238,446879,7,641,1,3600,1.01092043682
446246,446252,449738,6,3486,2,7200,1.0017211704
446248,446260,449872,12,3612,2,7200,1.00332225914
446290,446296,449474,6,3178,2,7200,1.00188797986
446332,446339,449868,7,3529,2,7200,1.00198356475
446347,446355,449634,8,3279,2,7200,1.00243976822
446431,446438,447305,7,867,2,3540,1.00807381776
446453,446460,449809,7,3349,2,7200,1.00209017617
446546,446553,449731,7,3178,2,7200,1.00220264317
446612,446620,450067,8,3447,2,7200,1.00232085872
446727,446734,450129,7,3395,2,7200,1.00206185567
446748,446754,449964,6,3210,2,7200,1.00186915888
446839,446846,450143,7,3297,2,7200,1.00212314225
447084,447091,450356,7,3265,2,7200,1.002143951
447157,447165,450580,8,3415,2,7200,1.00234260615
447172,447180,450511,8,3331,2,7200,1.00240168118
447187,447194,450538,7,3344,2,7200,1.00209330144
447202,447209,450538,7,3329,2,7200,1.00210273355
447220,447227,450415,7,3188,2,7200,1.002195734
447235,447241,450824,6,3583,2,7200,1.00167457438
447250,447257,450665,7,3408,2,7200,1.00205399061
447251,447265,450735,14,3470,2,7200,1.00403458213
447266,447273,450631,7,3358,2,7200,1.00208457415
447281,447287,450611,6,3324,2,7200,1.00180505415
447296,447303,450765,7,3462,2,7200,1.00202195263
447304,447317,447330,13,13,1,900,2.0
447332,447342,449017,10,1675,2,3540,1.00597014925
447338,447349,450777,11,3428,2,7200,1.00320886814
447368,447376,451023,8,3647,2,7200,1.00219358377
447386,447393,450471,7,3078,2,7200,1.00227420403
447410,447417,450996,7,3579,2,7200,1.00195585359
447434,447441,450806,7,3365,2,7200,1.00208023774
447449,447457,450949,8,3492,2,7200,1.00229095074
447464,447470,450847,6,3377,2,7200,1.0017767249
447482,447488,450953,6,3465,2,7200,1.00173160173
447524,447530,451070,6,3540,2,7200,1.00169491525
447539,447545,450781,6,3236,2,7200,1.00185414091
447564,447570,450919,6,3349,2,7200,1.00179157958
447618,447625,451234,7,3609,2,7200,1.00193959546
447681,447688,451247,7,3559,2,7200,1.00196684462
447702,447708,451061,6,3353,2,7200,1.00178944229
447743,447750,451077,7,3327,2,7200,1.0021039976
447744,447758,450914,14,3156,2,7200,1.00443599493
447760,447767,451179,7,3412,2,7200,1.00205158265
447761,447774,451118,13,3344,2,7200,1.00388755981
447830,447836,451184,6,3348,2,7200,1.0017921147
447881,447889,451259,8,3370,2,7200,1.00237388724
447936,447942,451184,6,3242,2,7200,1.00185070944
447960,447967,451105,7,3138,2,7200,1.0022307202
447975,447981,451358,6,3377,2,7200,1.0017767249
448008,448015,451206,7,3191,2,7200,1.0021936697
448077,448084,451725,7,3641,2,7200,1.00192254875
448079,448092,451509,13,3417,2,7200,1.00380450688
448094,448100,451423,6,3323,2,7200,1.00180559735
448157,448164,451434,7,3270,2,7200,1.00214067278
448281,448288,451873,7,3585,2,7200,1.0019525802
448296,448303,451861,7,3558,2,7200,1.00196739741
448369,448376,451497,7,3121,2,7200,1.00224287087
448384,448390,451797,6,3407,2,7200,1.00176108013
448386,448397,451712,11,3315,2,7200,1.00331825038
448439,448542,448663,103,121,1,3600,1.85123966942
448527,448535,451817,8,3282,2,7200,1.00243753809
448576,448583,451926,7,3343,2,7200,1.00209392761
448638,448646,448757,8,111,1,1800,1.07207207207
448651,448657,452179,6,3522,2,7200,1.00170357751
448672,448679,452060,7,3381,2,7200,1.00207039337
448696,448704,452116,8,3412,2,7200,1.00234466589
448727,448734,451898,7,3164,2,7200,1.00221238938
448848,448855,449189,7,334,1,3600,1.02095808383
448930,448937,452330,7,3393,2,7200,1.00206307103
449024,449030,451180,6,2150,2,3540,1.00279069767
449036,449043,452365,7,3322,2,7200,1.00210716436
449037,449050,452144,13,3094,2,7200,1.00420168067
449067,449074,449191,7,117,1,1800,1.05982905983
449079,449087,452472,8,3385,2,7200,1.0023633678
449081,449092,452486,11,3394,2,7200,1.00324101355
449150,449156,452646,6,3490,2,7200,1.00171919771
449165,449172,452560,7,3388,2,7200,1.0020661157
449167,449179,452563,12,3384,2,7200,1.00354609929
449216,449223,452925,7,3702,2,7200,1.0018908698
449291,449298,452863,7,3565,2,7200,1.00196353436
449318,449325,452801,7,3476,2,7200,1.00201380898
449391,449397,452923,6,3526,2,7200,1.00170164492
449476,449483,453014,7,3531,2,7200,1.00198244123
449512,449518,453002,6,3484,2,7200,1.00172215844
449539,449546,452802,7,3256,2,7200,1.00214987715
449541,449553,452543,12,2990,2,7200,1.00401337793
449586,449593,452918,7,3325,2,7200,1.00210526316
449637,449644,452791,7,3147,2,7200,1.00222434064
449655,449661,453079,6,3418,2,7200,1.00175541252
449667,449673,450299,6,626,1,3600,1.00958466454
449718,449726,452900,8,3174,2,7200,1.00252047889
449733,449740,453094,7,3354,2,7200,1.00208706023
449748,449756,452990,8,3234,2,7200,1.00247371676
449812,449819,452917,7,3098,2,7200,1.00225952227
449866,449873,450381,7,508,1,1800,1.01377952756
449869,449880,453164,11,3284,2,7200,1.00334957369
449884,449891,453014,7,3123,2,7200,1.00224143452
449966,449973,453455,7,3482,2,7200,1.00201033889
450068,450076,453405,8,3329,2,7200,1.00240312406
450132,450139,453462,7,3323,2,7200,1.00210653024
450147,450154,453777,7,3623,2,7200,1.00193210047
450359,450367,453588,8,3221,2,7200,1.00248370071
450418,450424,453869,6,3445,2,7200,1.00174165457
450473,450479,453896,6,3417,2,7200,1.00175592625
450512,450519,453640,7,3121,2,7200,1.00224287087
450539,450546,453659,7,3113,2,7200,1.00224863476
450541,450554,454003,13,3449,2,7200,1.00376920847
450583,450589,454080,6,3491,2,7200,1.00171870524
450613,450619,454112,6,3493,2,7200,1.00171772116
450631,450638,453738,7,3100,2,7200,1.00225806452
450667,450674,454351,7,3677,2,7200,1.00190372586
450734,450741,454097,7,3356,2,7200,1.00208581645
450767,450773,454232,6,3459,2,7200,1.00173460538
450782,450789,454046,7,3257,2,7200,1.00214921707
450783,450796,454116,13,3320,2,7200,1.00391566265
450807,450814,453967,7,3153,2,7200,1.00222010783
450825,450832,454188,7,3356,2,7200,1.00208581645
450846,450853,453936,7,3083,2,7200,1.00227051573
450916,450922,454145,6,3223,2,7200,1.00186161961
450931,450938,454256,7,3318,2,7200,1.00210970464
450949,450956,454157,7,3201,2,7200,1.00218681662
450963,450970,454317,7,3347,2,7200,1.00209142516
450997,451003,454373,6,3370,2,7200,1.00178041543
451024,451031,454597,7,3566,2,7200,1.00196298374
451063,451070,454644,7,3574,2,7200,1.00195858982
451078,451085,454419,7,3334,2,7200,1.00209958008
451079,451092,454531,13,3439,2,7200,1.00378016865
451106,451113,454455,7,3342,2,7200,1.00209455416
451121,451128,454577,7,3449,2,7200,1.00202957379
451179,451185,454331,6,3146,2,7200,1.00190718373
451189,451196,452454,7,1258,2,3540,1.00556438792
451194,451203,454787,9,3584,2,7200,1.00251116071
451195,451208,454669,13,3461,2,7200,1.00375613984
451210,451217,454341,7,3124,2,7200,1.00224071703
451234,451240,454510,6,3270,2,7200,1.00183486239
451249,451256,454587,7,3331,2,7200,1.00210147103
451264,451271,454615,7,3344,2,7200,1.00209330144
451360,451367,454713,7,3346,2,7200,1.00209205021
451424,451431,454821,7,3390,2,7200,1.00206489676
451439,451445,455026,6,3581,2,7200,1.00167550963
451499,451506,455004,7,3498,2,7200,1.00200114351
451514,451521,454891,7,3370,2,7200,1.00207715134
451713,451719,454886,6,3167,2,7200,1.00189453742
451728,451735,455303,7,3568,2,7200,1.00196188341
451798,451803,455089,5,3286,2,7200,1.00152160682
451816,451823,455106,7,3283,2,7200,1.00213219616
451865,451872,455371,7,3499,2,7200,1.00200057159
451880,451886,455280,6,3394,2,7200,1.00176782557
451898,451905,455240,7,3335,2,7200,1.00209895052
451928,451934,455443,6,3509,2,7200,1.00170988886
452061,452068,455223,7,3155,2,7200,1.00221870048
452118,452125,455417,7,3292,2,7200,1.00212636695
452145,452152,455301,7,3149,2,7200,1.00222292791
452181,452188,455592,7,3404,2,7200,1.00205640423
452248,452255,452303,7,48,1,1800,1.14583333333
452299,452313,452434,14,121,1,1800,1.11570247934
452333,452340,455387,7,3047,2,7200,1.00229734165
452366,452372,455832,6,3460,2,7200,1.00173410405
452453,452460,452470,7,10,1,900,1.7
452473,452480,453001,7,521,2,3540,1.01343570058
452475,452487,455813,12,3326,2,7200,1.00360793746
452490,452497,455685,7,3188,2,7200,1.002195734
452544,452552,455991,8,3439,2,7200,1.00232625763
452562,452569,455555,7,2986,2,7200,1.00234427328
452564,452578,456032,14,3454,2,7200,1.00405327157
452624,452631,452712,7,81,1,1800,1.08641975309
452648,452655,455881,7,3226,2,7200,1.00216986981
452767,452774,452888,7,114,1,1800,1.06140350877
452791,452797,456399,6,3602,2,7200,1.00166574125
452806,452813,455906,7,3093,2,7200,1.00226317491
452807,452820,456231,13,3411,2,7200,1.00381119906
452865,452872,456183,7,3311,2,7200,1.0021141649
452901,452908,456325,7,3417,2,7200,1.00204858063
452916,452923,456155,7,3232,2,7200,1.00216584158
452918,452930,456245,12,3315,2,7200,1.0036199095
452933,452940,456386,7,3446,2,7200,1.00203134068
452934,452947,456299,13,3352,2,7200,1.00387828162
452991,452998,456174,7,3176,2,7200,1.00220403023
452999,453007,453008,8,1,1,900,1.0
453006,453014,456327,8,3313,2,7200,1.00241472985
453021,453028,456379,7,3351,2,7200,1.00208892868
453023,453035,456351,12,3316,2,7200,1.00361881785
453080,453086,456474,6,3388,2,7200,1.00177095632
453095,453101,456241,6,3140,2,7200,1.00191082803
453164,453170,456194,6,3024,2,7200,1.00198412698
453406,453413,456678,7,3265,2,7200,1.002143951
453454,453461,456832,7,3371,2,7200,1.00207653515
453469,453477,456687,8,3210,2,7200,1.00249221184
453587,453593,456774,6,3181,2,7200,1.00188619931
453594,453601,454177,7,576,1,1800,1.01215277778
453641,453647,456852,6,3205,2,7200,1.00187207488
453656,453663,456859,7,3196,2,7200,1.0021902378
453694,453702,454002,8,300,1,1800,1.02666666667
453738,453745,457109,7,3364,2,7200,1.00208085612
453780,453787,457110,7,3323,2,7200,1.00210653024
453870,453877,457307,7,3430,2,7200,1.00204081633
453897,453904,457040,7,3136,2,7200,1.00223214286
453936,453943,457120,7,3177,2,7200,1.00220333648
453966,453973,457285,7,3312,2,7200,1.00211352657
454002,454012,457216,10,3204,2,7200,1.00312109863
454048,454055,457473,7,3418,2,7200,1.00204798128
454081,454088,457405,7,3317,2,7200,1.00211034067
454099,454106,457513,7,3407,2,7200,1.00205459348
454114,454120,457385,6,3265,2,7200,1.00183767228
454129,454135,457735,6,3600,2,7200,1.00166666667
454147,454154,457531,7,3377,2,7200,1.00207284572
454161,454168,457594,7,3426,2,7200,1.00204319907
454189,454196,457368,7,3172,2,7200,1.00220680958
454235,454242,457327,7,3085,2,7200,1.00226904376
454259,454265,457533,6,3268,2,7200,1.00183598531
454316,454323,457641,7,3318,2,7200,1.00210970464
454331,454338,457756,7,3418,2,7200,1.00204798128
454346,454353,457593,7,3240,2,7200,1.00216049383
454361,454368,457824,7,3456,2,7200,1.00202546296
454376,454383,457604,7,3221,2,7200,1.00217323812
454418,454424,457887,6,3463,2,7200,1.00173260179
454454,454462,457664,8,3202,2,7200,1.00249843848
454513,454520,457977,7,3457,2,7200,1.00202487706
454529,454536,457972,7,3436,2,7200,1.00203725262
454577,454584,458005,7,3421,2,7200,1.00204618533
454592,454599,457903,7,3304,2,7200,1.00211864407
454607,454614,458086,7,3472,2,7200,1.00201612903
454622,454629,457929,7,3300,2,7200,1.00212121212
454643,454650,457704,7,3054,2,7200,1.00229207597
454670,454678,457963,8,3285,2,7200,1.00243531202
454716,454723,457992,7,3269,2,7200,1.00214132762
454788,454795,457951,7,3156,2,7200,1.00221799747
454821,454828,458179,7,3351,2,7200,1.00208892868
454888,454895,458459,7,3564,2,7200,1.0019640853
454902,454910,458356,8,3446,2,7200,1.00232153221
455005,455012,458370,7,3358,2,7200,1.00208457415
455026,455032,458238,6,3206,2,7200,1.00187149095
455090,455097,458497,7,3400,2,7200,1.00205882353
455108,455115,458319,7,3204,2,7200,1.00218476904
455222,455229,458491,7,3262,2,7200,1.00214592275
455240,455247,458615,7,3368,2,7200,1.0020783848
455282,455289,458407,7,3118,2,7200,1.00224502886
455303,455310,458621,7,3311,2,7200,1.0021141649
455305,455317,458705,12,3388,2,7200,1.00354191263
455371,455377,458797,6,3420,2,7200,1.00175438596
455389,455396,458843,7,3447,2,7200,1.00203075138
455419,455426,458545,7,3119,2,7200,1.00224430907
455443,455450,458907,7,3457,2,7200,1.00202487706
455555,455562,458786,7,3224,2,7200,1.00217121588
455595,455603,459074,8,3471,2,7200,1.00230481129
455686,455693,459006,7,3313,2,7200,1.00211288862
455816,455822,459366,6,3544,2,7200,1.00169300226
455834,455841,459263,7,3422,2,7200,1.00204558738
455883,455890,459304,7,3414,2,7200,1.00205038079
455906,455914,459280,8,3366,2,7200,1.00237670826
455994,456001,459493,7,3492,2,7200,1.0020045819
456029,456047,456097,18,50,1,1800,1.36
456033,456040,459511,7,3471,2,7200,1.00201670988
456157,456163,459489,6,3326,2,7200,1.00180396873
456176,456183,459613,7,3430,2,7200,1.00204081633
456191,456198,459513,7,3315,2,7200,1.00211161388
456206,456213,459736,7,3523,2,7200,1.00198694295
456233,456240,459509,7,3269,2,7200,1.00214132762
456248,456254,459546,6,3292,2,7200,1.00182260024
456249,456262,459826,13,3564,2,7200,1.00364758698
456301,456308,459631,7,3323,2,7200,1.00210653024
456328,456334,459775,6,3441,2,7200,1.00174367916
456329,456342,459656,13,3314,2,7200,1.00392275196
456353,456359,459544,6,3185,2,7200,1.00188383046
456380,456387,459650,7,3263,2,7200,1.00214526509
456395,456402,460048,7,3646,2,7200,1.00191991223
456410,456416,459735,6,3319,2,7200,1.00180777343
456436,456442,456524,6,82,1,1800,1.07317073171
456477,456484,459762,7,3278,2,7200,1.00213544844
456679,456686,460112,7,3426,2,7200,1.00204319907
456694,456701,459841,7,3140,2,7200,1.00222929936
456776,456782,460058,6,3276,2,7200,1.00183150183
456833,456840,460181,7,3341,2,7200,1.00209518108
456851,456857,459932,6,3075,2,7200,1.00195121951
456866,456874,460007,8,3133,2,7200,1.00255346313
457041,457048,460456,7,3408,2,7200,1.00205399061
457111,457117,460596,6,3479,2,7200,1.00172463352
457112,457125,460469,13,3344,2,7200,1.00388755981
457127,457133,460409,6,3276,2,7200,1.00183150183
457218,457225,460602,7,3377,2,7200,1.00207284572
457287,457294,460470,7,3176,2,7200,1.00220403023
457308,457315,460840,7,3525,2,7200,1.0019858156
457329,457335,460654,6,3319,2,7200,1.00180777343
457368,457375,460651,7,3276,2,7200,1.00213675214
457386,457392,460920,6,3528,2,7200,1.00170068027
457407,457414,460585,7,3171,2,7200,1.00220750552
457473,457481,461013,8,3532,2,7200,1.00226500566
457516,457523,460828,7,3305,2,7200,1.00211800303
457521,457530,457817,9,287,1,1800,1.03135888502
457531,457538,461228,7,3690,2,7200,1.00189701897
457546,457553,460955,7,3402,2,7200,1.00205761317
457594,457600,461033,6,3433,2,7200,1.0017477425
457596,457608,461007,12,3399,2,7200,1.00353045013
457611,457618,461062,7,3444,2,7200,1.00203252033
457644,457651,461002,7,3351,2,7200,1.00208892868
457665,457671,460925,6,3254,2,7200,1.00184388445
457707,457713,461069,6,3356,2,7200,1.00178784267
457734,457742,461129,8,3387,2,7200,1.00236197225
457755,457762,461026,7,3264,2,7200,1.00214460784
457825,457832,461271,7,3439,2,7200,1.00203547543
457889,457896,461321,7,3425,2,7200,1.00204379562
457904,457911,461356,7,3445,2,7200,1.00203193033
457931,457937,461383,6,3446,2,7200,1.00174114916
457952,457959,461371,7,3412,2,7200,1.00205158265
457967,457973,461300,6,3327,2,7200,1.00180342651
457982,457989,461554,7,3565,2,7200,1.00196353436
457983,457995,461446,12,3451,2,7200,1.00347725297
457998,458005,461385,7,3380,2,7200,1.00207100592
458013,458019,461360,6,3341,2,7200,1.0017958695
458089,458096,461287,7,3191,2,7200,1.0021936697
458179,458187,461538,8,3351,2,7200,1.00238734706
458240,458247,461567,7,3320,2,7200,1.00210843373
458321,458328,461661,7,3333,2,7200,1.00210021002
458357,458364,461924,7,3560,2,7200,1.00196629213
458372,458378,461804,6,3426,2,7200,1.00175131349
458406,458412,461775,6,3363,2,7200,1.00178412132
458460,458467,461630,7,3163,2,7200,1.00221308884
458493,458500,461956,7,3456,2,7200,1.00202546296
458508,458514,461787,6,3273,2,7200,1.00183318057
458547,458554,462035,7,3481,2,7200,1.0020109164
458617,458623,461965,6,3342,2,7200,1.00179533214
458632,458639,462160,7,3521,2,7200,1.00198807157
458701,458707,462023,6,3316,2,7200,1.00180940893
458788,458795,462025,7,3230,2,7200,1.00216718266
458803,458811,462386,8,3575,2,7200,1.00223776224
458842,458850,462068,8,3218,2,7200,1.00248601616
458909,458915,462096,6,3181,2,7200,1.00188619931
459006,459013,462248,7,3235,2,7200,1.00216383308
459075,459081,462650,6,3569,2,7200,1.00168114318
459263,459270,462501,7,3231,2,7200,1.00216651192
459281,459287,462437,6,3150,2,7200,1.0019047619
459305,459311,462712,6,3401,2,7200,1.001764187
459369,459375,462481,6,3106,2,7200,1.00193174501
459492,459499,462961,7,3462,2,7200,1.00202195263
459507,459514,462919,7,3405,2,7200,1.00205580029
459522,459529,462840,7,3311,2,7200,1.0021141649
459524,459535,463086,11,3551,2,7200,1.00309771895
459525,459541,462818,16,3277,2,7200,1.00488251449
459543,459550,463104,7,3554,2,7200,1.00196961171
459558,459564,463089,6,3525,2,7200,1.00170212766
459615,459622,463267,7,3645,2,7200,1.00192043896
459633,459640,463168,7,3528,2,7200,1.00198412698
459651,459658,463090,7,3432,2,7200,1.00203962704
459666,459673,463180,7,3507,2,7200,1.00199600798
459736,459743,463114,7,3371,2,7200,1.00207653515
459737,459750,463250,13,3500,2,7200,1.00371428571
459762,459768,463067,6,3299,2,7200,1.00181873295
459777,459783,463184,6,3401,2,7200,1.001764187
459828,459834,463290,6,3456,2,7200,1.00173611111
459843,459849,462983,6,3134,2,7200,1.00191448628
459934,459941,463249,7,3308,2,7200,1.00211608222
460006,460012,463424,6,3412,2,7200,1.00175849941
460048,460056,463339,8,3283,2,7200,1.00243679561
460063,460070,463514,7,3444,2,7200,1.00203252033
460108,460116,461214,8,1098,2,2340,1.0072859745
460115,460123,463518,8,3395,2,7200,1.00235640648
460181,460187,463570,6,3383,2,7200,1.00177357375
460411,460419,463847,8,3428,2,7200,1.00233372229
460430,460667,493109,237,32442,4,32400,1.00730534492
460457,460463,463630,6,3167,2,7200,1.00189453742
460472,460479,463602,7,3123,2,7200,1.00224143452
460473,460486,463981,13,3495,2,7200,1.00371959943
460586,460593,463940,7,3347,2,7200,1.00209142516
460601,460608,463937,7,3329,2,7200,1.00210273355
460602,460615,463603,13,2988,2,7200,1.00435073628
460651,460658,463969,7,3311,2,7200,1.0021141649
460666,460674,463828,8,3154,2,7200,1.00253646164
460828,460836,464196,8,3360,2,7200,1.00238095238
460843,460851,464183,8,3332,2,7200,1.00240096038
460922,460929,464039,7,3110,2,7200,1.00225080386
460937,460944,464353,7,3409,2,7200,1.00205338809
460955,460962,464351,7,3389,2,7200,1.00206550605
461003,461010,464454,7,3444,2,7200,1.00203252033
461018,461026,464522,8,3496,2,7200,1.00228832952
461020,461033,464355,13,3322,2,7200,1.00391330524
461035,461042,464439,7,3397,2,7200,1.00206064174
461036,461049,464224,13,3175,2,7200,1.00409448819
461063,461070,464204,7,3134,2,7200,1.00223356733
461078,461086,464472,8,3386,2,7200,1.00236266982
461130,461136,464390,6,3254,2,7200,1.00184388445
461212,461226,461229,14,3,1,900,1.7
461221,461286,462373,65,1087,2,2340,1.0597976081
461230,461237,464781,7,3544,2,7200,1.0019751693
461272,461278,464499,6,3221,2,7200,1.00186277554
461287,461294,464601,7,3307,2,7200,1.0021167221
461302,461309,464810,7,3501,2,7200,1.00199942873
461323,461330,464421,7,3091,2,7200,1.00226463928
461356,461363,464948,7,3585,2,7200,1.0019525802
461372,461379,464780,7,3401,2,7200,1.00205821817
461373,461386,464808,13,3422,2,7200,1.00379894798
461388,461395,464666,7,3271,2,7200,1.00214001834
461390,461402,464875,12,3473,2,7200,1.00345522603
461447,461453,464710,6,3257,2,7200,1.00184218606
461538,461545,464678,7,3133,2,7200,1.00223428024
461556,461563,464982,7,3419,2,7200,1.00204738228
461571,461578,464900,7,3322,2,7200,1.00210716436
461631,461638,464828,7,3190,2,7200,1.00219435737
461664,461671,465273,7,3602,2,7200,1.0019433648
461776,461783,465231,7,3448,2,7200,1.00203016241
461791,461799,465362,8,3563,2,7200,1.00224529891
461806,461814,465284,8,3470,2,7200,1.0023054755
461924,461930,465372,6,3442,2,7200,1.00174317257
461958,461965,465394,7,3429,2,7200,1.00204141149
461973,461980,465418,7,3438,2,7200,1.00203606748
462025,462032,465254,7,3222,2,7200,1.00217256363
462026,462039,465607,13,3568,2,7200,1.00364349776
462041,462048,465421,7,3373,2,7200,1.00207530388
462061,462117,462120,56,3,1,2400,5.9
462069,462075,465358,6,3283,2,7200,1.00182759671
462096,462103,465402,7,3299,2,7200,1.00212185511
462159,462166,465497,7,3331,2,7200,1.00210147103
462160,462172,462173,12,1,1,600,1.3
462186,462193,464610,7,2417,1,2400,1.00289615225
462201,462207,462208,6,1,1,600,1.0
462250,462256,465509,6,3253,2,7200,1.00184445128
462253,462264,462265,11,1,1,600,1.2
462267,462274,464124,7,1850,1,2400,1.00378378378
462272,462281,462282,9,1,1,600,1.0
462299,462306,464015,7,1709,1,2400,1.00409596255
462341,462348,464069,7,1721,1,2400,1.00406740267
462370,462382,464234,12,1852,1,2400,1.00647948164
462370,462377,462381,7,4,1,900,1.1
462382,462389,463450,7,1061,2,2340,1.00659754948
462386,462396,465778,10,3382,2,7200,1.00295683028
462392,462403,464269,11,1866,1,2400,1.00589496249
462419,462426,464315,7,1889,1,2400,1.00370566437
462424,462433,462440,9,7,1,600,1.6
462438,462445,465591,7,3146,2,7200,1.00222504768
462443,462452,464352,9,1900,1,2400,1.00473684211
462471,462478,464374,7,1896,1,2400,1.00369198312
462484,462491,466006,7,3515,2,7200,1.00199146515
462502,462508,465890,6,3382,2,7200,1.00177409817
462539,462546,462550,7,4,1,2700,1.1
462628,462635,462642,7,7,1,600,1.4
462650,462657,465998,7,3341,2,7200,1.00209518108
462714,462721,466115,7,3394,2,7200,1.00206246317
462731,462758,462760,27,2,1,2400,2.9
462732,462738,462745,6,7,1,600,1.3
462809,462816,462822,7,6,1,600,1.3
462819,462827,466031,8,3204,2,7200,1.0024968789
462841,462848,466051,7,3203,2,7200,1.00218545114
462893,462900,464738,7,1838,1,2400,1.00380848749
462920,462927,466374,7,3447,2,7200,1.00203075138
462962,462969,466228,7,3259,2,7200,1.00214789813
462983,462990,466714,7,3724,2,7200,1.00187969925
463068,463075,466463,7,3388,2,7200,1.0020661157
463086,463093,466462,7,3369,2,7200,1.00207776788
463102,463109,466588,7,3479,2,7200,1.00201207243
463103,463116,466460,13,3344,2,7200,1.00388755981
463119,463126,466523,7,3397,2,7200,1.00206064174
463120,463133,466404,13,3271,2,7200,1.00397431978
463169,463176,466668,7,3492,2,7200,1.0020045819
463184,463191,466576,7,3385,2,7200,1.00206794682
463199,463206,466761,7,3555,2,7200,1.00196905767
463250,463258,466382,8,3124,2,7200,1.00256081946
463252,463265,466535,13,3270,2,7200,1.00397553517
463270,463277,466617,7,3340,2,7200,1.00209580838
463291,463298,466448,7,3150,2,7200,1.00222222222
463340,463346,466857,6,3511,2,7200,1.00170891484
463425,463432,466670,7,3238,2,7200,1.00216182829
463446,463453,463697,7,244,1,900,1.02868852459
463464,463490,464596,26,1106,2,2340,1.02350813743
463493,463500,463501,7,1,1,600,1.0
463513,463520,466985,7,3465,2,7200,1.00202020202
463528,463535,466788,7,3253,2,7200,1.00215185982
463549,463557,463558,8,1,1,600,1.0
463570,463577,466992,7,3415,2,7200,1.00204978038
463603,463610,467088,7,3478,2,7200,1.00201265095
463603,463616,463620,13,4,1,600,1.7
463604,463623,467190,19,3567,2,7200,1.00532660499
463632,463639,467319,7,3680,2,7200,1.00190217391
463828,463835,467131,7,3296,2,7200,1.00212378641
463849,463856,467272,7,3416,2,7200,1.00204918033
463937,463944,467296,7,3352,2,7200,1.00208830549
463952,463958,467380,6,3422,2,7200,1.00175336061
463968,463974,463979,6,5,1,600,1.1
463970,463982,467282,12,3300,2,7200,1.00363636364
463986,463993,467391,7,3398,2,7200,1.00206003531
464041,464048,467077,7,3029,2,7200,1.00231099373
464086,464094,464215,8,121,1,600,1.06611570248
464186,464193,467566,7,3373,2,7200,1.00207530388
464201,464208,467538,7,3330,2,7200,1.0021021021
464216,464223,467426,7,3203,2,7200,1.00218545114
464231,464237,467619,6,3382,2,7200,1.00177409817
464352,464359,467745,7,3386,2,7200,1.00206733609
464353,464366,467809,13,3443,2,7200,1.00377577694
464368,464376,467644,8,3268,2,7200,1.00244798042
464378,464385,464391,7,6,1,600,1.3
464393,464400,467839,7,3439,2,7200,1.00203547543
464420,464427,467536,7,3109,2,7200,1.00225152782
464441,464448,467708,7,3260,2,7200,1.00214723926
464456,464462,467769,6,3307,2,7200,1.00181433323
464474,464480,467661,6,3181,2,7200,1.00188619931
464475,464488,464490,13,2,1,600,1.5
464501,464508,467794,7,3286,2,7200,1.00213024954
464522,464529,467960,7,3431,2,7200,1.00204022151
464596,464603,464615,7,12,1,900,1.58333333333
464604,464610,467968,6,3358,2,7200,1.00178677784
464607,464617,465123,10,506,2,2340,1.01976284585
464667,464674,467823,7,3149,2,7200,1.00222292791
464682,464688,468133,6,3445,2,7200,1.00174165457
464712,464719,468037,7,3318,2,7200,1.00210970464
464742,464751,464752,9,1,1,172800,1.0
464754,464764,466144,10,1380,1,2400,1.00724637681
464763,464770,465874,7,1104,4,7200,1.00634057971
464764,464775,465856,11,1081,4,7200,1.01017576318
464765,464782,465877,17,1095,4,7200,1.01552511416
464766,464827,465907,61,1080,4,7200,1.05648148148
464766,464822,465946,56,1124,4,7200,1.04982206406
464767,464994,466069,227,1075,4,7200,1.2111627907
464773,465285,466356,512,1071,4,7200,1.47805788982
464774,465405,466472,631,1067,4,7200,1.59137769447
464775,465429,466530,654,1101,4,7200,1.59400544959
464775,465436,466505,661,1069,4,7200,1.61833489242
464776,465521,466370,745,849,4,7200,1.87750294464
464782,464833,468119,51,3286,2,7200,1.01552038953
464783,464840,468015,57,3175,2,7200,1.01795275591
464811,464889,468170,78,3281,2,7200,1.02377323987
464812,464960,468096,148,3136,2,7200,1.04719387755
464830,465136,468356,306,3220,2,7200,1.0950310559
464875,465375,468742,500,3367,2,7200,1.1485001485
464899,465383,468520,484,3137,2,7200,1.15428753586
464948,465509,468706,561,3197,2,7200,1.1754770097
464984,465603,468696,619,3093,2,7200,1.20012932428
465232,465620,468781,388,3161,2,7200,1.12274596647
465256,465791,469331,535,3540,2,7200,1.1511299435
465274,465869,469281,595,3412,2,7200,1.17438452521
465289,465875,469217,586,3342,2,7200,1.17534410533
465359,465887,469000,528,3113,2,7200,1.16961130742
465374,465893,469286,519,3393,2,7200,1.15296198055
465375,465900,469265,525,3365,2,7200,1.15601783061
465397,465905,469359,508,3454,2,7200,1.14707585408
465412,465912,469021,500,3109,2,7200,1.16082341589
465427,465919,469064,492,3145,2,7200,1.15643879173
465428,465924,469368,496,3444,2,7200,1.14401858304
465497,465958,469128,461,3170,2,7200,1.14542586751
465513,465964,469300,451,3336,2,7200,1.13519184652
465591,466011,469343,420,3332,2,7200,1.12605042017
465609,466019,469123,410,3104,2,7200,1.13208762887
465778,466043,469448,265,3405,2,7200,1.0778267254
465891,466064,469272,173,3208,2,7200,1.0539276808
466000,466082,469375,82,3293,2,7200,1.0249013058
466015,466087,469233,72,3146,2,7200,1.0228862047
466033,466127,469240,94,3113,2,7200,1.03019595246
466054,466240,469417,186,3177,2,7200,1.05854579792
466114,466368,469631,254,3263,2,7200,1.07784247625
466226,466373,469600,147,3227,2,7200,1.04555314534
466375,466382,469554,7,3172,2,7200,1.00220680958
466390,466397,470053,7,3656,2,7200,1.00191466083
466405,466412,469814,7,3402,2,7200,1.00205761317
466450,466456,469934,6,3478,2,7200,1.00172512938
466465,466472,469978,7,3506,2,7200,1.0019965773
466467,466480,469703,13,3223,2,7200,1.00403350915
466468,466485,470118,17,3633,2,7200,1.00467932838
466523,466529,469739,6,3210,2,7200,1.00186915888
466538,466544,469887,6,3343,2,7200,1.00179479509
466577,466584,469865,7,3281,2,7200,1.00213349589
466592,466598,469978,6,3380,2,7200,1.00177514793
466616,466623,470093,7,3470,2,7200,1.00201729107
466668,466674,470189,6,3515,2,7200,1.00170697013
466669,466682,469941,13,3259,2,7200,1.00398895367
466715,466722,470195,7,3473,2,7200,1.00201554852
466763,466769,470075,6,3306,2,7200,1.00181488203
466790,466796,470116,6,3320,2,7200,1.00180722892
466857,466863,470300,6,3437,2,7200,1.00174570847
466984,466990,470593,6,3603,2,7200,1.00166527893
466999,467007,470254,8,3247,2,7200,1.00246381275
467077,467085,470282,8,3197,2,7200,1.00250234595
467092,467100,470286,8,3186,2,7200,1.00251098556
467132,467139,470517,7,3378,2,7200,1.00207223209
467193,467200,470376,7,3176,2,7200,1.00220403023
467274,467281,470417,7,3136,2,7200,1.00223214286
467289,467297,470712,8,3415,2,7200,1.00234260615
467304,467311,470726,7,3415,2,7200,1.00204978038
467319,467326,470864,7,3538,2,7200,1.00197851894
467380,467386,470584,6,3198,2,7200,1.00187617261
467395,467402,470636,7,3234,2,7200,1.00216450216
467428,467435,470802,7,3367,2,7200,1.00207900208
467537,467543,470755,6,3212,2,7200,1.00186799502
467538,467551,471081,13,3530,2,7200,1.00368271955
467559,467571,467583,12,12,4,7200,2.0
467559,467565,467583,6,18,4,7200,1.33333333333
467560,467578,467583,18,5,4,7200,2.3
467561,467583,467584,22,1,4,7200,2.3
467569,467589,471016,20,3427,2,7200,1.00583600817
467620,467627,470756,7,3129,2,7200,1.00223713647
467644,467651,471079,7,3428,2,7200,1.002042007
467662,467669,471208,7,3539,2,7200,1.00197795988
467710,467717,471149,7,3432,2,7200,1.00203962704
467746,467754,471264,8,3510,2,7200,1.00227920228
467771,467777,471298,6,3521,2,7200,1.00170406135
467795,467802,471166,7,3364,2,7200,1.00208085612
467810,467816,471224,6,3408,2,7200,1.00176056338
467825,467832,471228,7,3396,2,7200,1.00206124853
467840,467847,470879,7,3032,2,7200,1.00230870712
467961,467968,471494,7,3526,2,7200,1.00198525241
467976,467982,471151,6,3169,2,7200,1.00189334175
468015,468022,471318,7,3296,2,7200,1.00212378641
468036,468043,471428,7,3385,2,7200,1.00206794682
468097,468104,471758,7,3654,2,7200,1.00191570881
468121,468127,471511,6,3384,2,7200,1.00177304965
468136,468142,471663,6,3521,2,7200,1.00170406135
468172,468179,471492,7,3313,2,7200,1.00211288862
468357,468364,471621,7,3257,2,7200,1.00214921707
468520,468527,471890,7,3363,2,7200,1.00208147487
468611,468617,469041,6,424,2,600,1.0141509434
468696,468703,471928,7,3225,2,7200,1.00217054264
468711,468718,472079,7,3361,2,7200,1.00208271348
468744,468751,472031,7,3280,2,7200,1.00213414634
468776,468783,478059,7,9276,1,46800,1.00075463562
468781,468790,472144,9,3354,2,7200,1.00268336315
469001,469008,472283,7,3275,2,7200,1.00213740458
469022,469031,472211,9,3180,2,7200,1.00283018868
469064,469071,472403,7,3332,2,7200,1.00210084034
469125,469131,472239,6,3108,2,7200,1.00193050193
469140,469147,472587,7,3440,2,7200,1.00203488372
469218,469226,472509,8,3283,2,7200,1.00243679561
469234,469240,472635,6,3395,2,7200,1.00176730486
469249,469255,472639,6,3384,2,7200,1.00177304965
469264,469271,472655,7,3384,2,7200,1.00206855792
469279,469286,472545,7,3259,2,7200,1.00214789813
469294,469301,472715,7,3414,2,7200,1.00205038079
469295,469308,472433,13,3125,2,7200,1.00416
469310,469318,472680,8,3362,2,7200,1.00237953599
469331,469338,472609,7,3271,2,7200,1.00214001834
469335,469346,471110,11,1764,1,2400,1.00623582766
469347,469353,472719,6,3366,2,7200,1.00178253119
469362,469369,472690,7,3321,2,7200,1.00210779886
469377,469384,472721,7,3337,2,7200,1.00209769254
469378,469391,472933,13,3542,2,7200,1.0036702428
469394,469954,485504,560,15550,4,21600,1.03601286174
469413,469993,485433,580,15440,4,21600,1.03756476684
469417,469424,472591,7,3167,2,7200,1.00221029365
469450,469458,473067,8,3609,2,7200,1.00221668052
469453,469465,470561,12,1096,1,1800,1.01094890511
469556,469563,472905,7,3342,2,7200,1.00209455416
469558,477893,477900,8335,7,20,72000,834.2
469601,469608,472692,7,3084,2,7200,1.00226977951
469632,469638,472952,6,3314,2,7200,1.00181050091
469699,469706,486842,7,17136,1,46800,1.00040849673
469704,469713,473184,9,3471,2,7200,1.00259291271
469740,469748,473114,8,3366,2,7200,1.00237670826
469813,469820,473403,7,3583,2,7200,1.00195367011
469867,469875,473254,8,3379,2,7200,1.00236756437
469889,469896,473318,7,3422,2,7200,1.00204558738
469937,469943,473322,6,3379,2,7200,1.00177567328
469952,469960,473330,8,3370,2,7200,1.00237388724
469979,469986,473181,7,3195,2,7200,1.00219092332
469980,469998,473359,18,3361,2,7200,1.00535554894
469989,470070,470075,81,5,1,46800,8.6
470056,470062,473272,6,3210,2,7200,1.00186915888
470077,470083,473558,6,3475,2,7200,1.00172661871
470095,470102,473677,7,3575,2,7200,1.00195804196
470117,470124,473691,7,3567,2,7200,1.00196243342
470132,470139,473519,7,3380,2,7200,1.00207100592
470189,470196,473414,7,3218,2,7200,1.00217526414
470204,470211,473575,7,3364,2,7200,1.00208085612
470255,470263,473610,8,3347,2,7200,1.00239020018
470283,470290,473771,7,3481,2,7200,1.0020109164
470298,470305,473585,7,3280,2,7200,1.00213414634
470313,470320,473783,7,3463,2,7200,1.00202136876
470352,470358,471421,6,1063,4,7200,1.00564440263
470353,470724,471813,371,1089,4,7200,1.3406795225
470353,470876,472006,523,1130,4,7200,1.46283185841
470354,471161,472250,807,1089,4,7200,1.74104683196
470355,471276,472346,921,1070,4,7200,1.86074766355
470355,471432,472538,1077,1106,4,7200,1.97377938517
470356,471771,472840,1415,1069,4,7200,2.32366697848
470357,471825,472885,1468,1060,4,7200,2.38490566038
470357,471903,473016,1546,1113,4,7200,2.38903863432
470358,472018,473134,1660,1116,4,7200,2.48745519713
470359,472251,473344,1892,1093,4,7200,2.73101555352
470359,472090,473172,1731,1082,4,7200,2.59981515712
470360,472263,473394,1903,1131,4,7200,2.68258178603
470361,472358,473473,1997,1115,4,7200,2.79103139013
470362,472549,473582,2187,1033,4,7200,3.11713455954
470362,472598,473582,2236,984,4,7200,3.27235772358
470363,472605,473582,2242,977,4,7200,3.29477993859
470364,472668,473582,2304,914,4,7200,3.52078774617
470364,472710,473582,2346,872,4,7200,3.69036697248
470365,472727,473582,2362,855,4,7200,3.76257309942
470376,470389,473615,13,3226,2,7200,1.00402975821
470419,470430,473725,11,3295,2,7200,1.0033383915
470519,470574,473888,55,3314,2,7200,1.0165962583
470585,470606,473790,21,3184,2,7200,1.00659547739
470601,470649,474166,48,3517,2,7200,1.01364799545
470637,470743,473902,106,3159,2,7200,1.03355492244
470712,470816,474133,104,3317,2,7200,1.0313536328
470728,470892,474245,164,3353,2,7200,1.04891142261
470728,470735,471050,7,315,1,1800,1.02222222222
470755,471029,474403,274,3374,2,7200,1.08120924718
470756,471063,474570,307,3507,2,7200,1.0875392073
470805,471096,474526,291,3430,2,7200,1.08483965015
470865,471123,474371,258,3248,2,7200,1.07943349754
470880,471169,474575,289,3406,2,7200,1.08485026424
471016,471179,474687,163,3508,2,7200,1.04646522235
471080,471221,474265,141,3044,2,7200,1.04632063075
471095,471242,474613,147,3371,2,7200,1.04360723821
471150,471311,474744,161,3433,2,7200,1.04689775706
471165,471440,474877,275,3437,2,7200,1.08001163806
471166,471508,474617,342,3109,2,7200,1.11000321647
471209,471524,474866,315,3342,2,7200,1.09425493716
471227,471634,475043,407,3409,2,7200,1.1193898504
471242,471676,475113,434,3437,2,7200,1.12627291242
471263,472120,475363,857,3243,2,7200,1.26426148628
471300,472296,475495,996,3199,2,7200,1.31134729603
471321,472415,475792,1094,3377,2,7200,1.32395617412
471430,472651,476015,1221,3364,2,7200,1.362960761
471493,472702,476076,1209,3374,2,7200,1.3583283936
471494,472735,476108,1241,3373,2,7200,1.3679217314
471513,472740,476314,1227,3574,2,7200,1.34331281477
471622,472854,475999,1232,3145,2,7200,1.39173290938
471665,472859,476427,1194,3568,2,7200,1.33464125561
471759,472897,476312,1138,3415,2,7200,1.33323572474
471810,473660,473668,1850,8,4,7200,185.8
471891,472902,476320,1011,3418,2,7200,1.29578700995
471917,473681,732907,1764,259226,4,259200,1.00680487297
471931,472917,476258,986,3341,2,7200,1.29512122119
471968,471975,473319,7,1344,1,2400,1.00520833333
471973,472045,473373,72,1328,1,2400,1.05421686747
471984,472050,473543,66,1493,1,2400,1.04420629605
472030,472945,476180,915,3235,2,7200,1.2828438949
472035,472157,473698,122,1541,1,2400,1.07916937054
472039,472257,473776,218,1519,1,2400,1.1435154707
472044,472559,474284,515,1725,1,2400,1.29855072464
472051,472565,474318,514,1753,1,2400,1.29321163719
472079,472964,476145,885,3181,2,7200,1.27821439799
472137,477912,712781,5775,234869,32,259200,1.02458817468
472145,473028,476497,883,3469,2,7200,1.25454021332
472152,843996,1103229,371844,259233,32,259200,2.43440071287
472164,844002,1100085,371838,256083,32,259200,2.45202141493
472210,473034,476339,824,3305,2,7200,1.24931921331
472240,473080,476512,840,3432,2,7200,1.24475524476
472286,473127,476457,841,3330,2,7200,1.25255255255
472404,473147,476609,743,3462,2,7200,1.214615829
472434,473152,476333,718,3181,2,7200,1.2257151839
472510,473185,476322,675,3137,2,7200,1.21517373287
472546,473191,476444,645,3253,2,7200,1.19827851214
472588,473198,476750,610,3552,2,7200,1.17173423423
472603,473204,476336,601,3132,2,7200,1.19189016603
472618,473267,476596,649,3329,2,7200,1.19495343947
472636,473285,476527,649,3242,2,7200,1.20018507094
472648,473330,474118,682,788,2,36000,1.8654822335
472651,473337,476377,686,3040,2,7200,1.22565789474
472666,473344,476858,678,3514,2,7200,1.19294251565
472681,473357,476760,676,3403,2,7200,1.19864825154
472697,473363,476723,666,3360,2,7200,1.19821428571
472698,473371,476496,673,3125,2,7200,1.21536
472716,473385,476776,669,3391,2,7200,1.19728693601
472731,473406,476840,675,3434,2,7200,1.19656377402
472732,473411,476570,679,3159,2,7200,1.21494143716
472905,473418,476751,513,3333,2,7200,1.15391539154
472933,473426,476852,493,3426,2,7200,1.14389959136
472951,473486,476811,535,3325,2,7200,1.16090225564
472963,477899,478013,4936,114,4,3600,44.298245614
473068,473491,476852,423,3361,2,7200,1.12585540018
473114,473531,476825,417,3294,2,7200,1.12659380692
473183,473588,476926,405,3338,2,7200,1.12133013781
473198,473595,477137,397,3542,2,7200,1.11208356861
473256,473600,477046,344,3446,2,7200,1.09982588508
473271,473605,477042,334,3437,2,7200,1.09717777131
473310,473570,476299,260,2729,2,36000,1.09527299377
473319,473611,476989,292,3378,2,7200,1.08644168147
473334,473616,476742,282,3126,2,7200,1.09021113244
473335,473621,476781,286,3160,2,7200,1.09050632911
473360,473626,476706,266,3080,2,7200,1.08636363636
473403,473632,476775,229,3143,2,7200,1.07286032453
473418,473637,477160,219,3523,2,7200,1.06216292932
473521,473642,476962,121,3320,2,7200,1.03644578313
473560,473647,476919,87,3272,2,7200,1.02658924205
473575,473653,477194,78,3541,2,7200,1.0220276758
473590,473665,477114,75,3449,2,7200,1.02174543346
473611,473690,477012,79,3322,2,7200,1.02378085491
473626,473703,476991,77,3288,2,7200,1.02341849148
473678,473710,477044,32,3334,2,7200,1.00959808038
473693,473737,477078,44,3341,2,7200,1.01316970967
473727,473783,477121,56,3338,2,7200,1.01677651288
473772,473795,477097,23,3302,2,7200,1.00696547547
473787,473802,477090,15,3288,2,7200,1.0045620438
473802,473901,477242,99,3341,2,7200,1.02963184675
473890,473915,477119,25,3204,2,7200,1.00780274657
473898,473908,475578,10,1670,1,2400,1.00598802395
473905,474134,477487,229,3353,2,7200,1.06829704742
474135,474145,477547,10,3402,2,7200,1.00293944738
474165,474178,477396,13,3218,2,7200,1.00403977626
474211,474258,483040,47,8782,2,36000,1.00535185607
474247,474278,477594,31,3316,2,7200,1.00934861279
474266,474330,477679,64,3349,2,7200,1.01911018214
474372,474383,477633,11,3250,2,7200,1.00338461538
474406,474416,477730,10,3314,2,7200,1.00301750151
474527,474538,477800,11,3262,2,7200,1.00337216432
474572,474582,478005,10,3423,2,7200,1.00292141396
474587,474594,477870,7,3276,2,7200,1.00213675214
474615,474626,477953,11,3327,2,7200,1.00330628194
474630,474637,477985,7,3348,2,7200,1.00209080048
474688,474700,477999,12,3299,2,7200,1.0036374659
474745,474757,478094,12,3337,2,7200,1.00359604435
474769,474878,475716,109,838,2,36000,1.13007159905
474858,844445,1443212,369587,598767,4,604800,1.61724677546
474869,474889,478052,20,3163,2,7200,1.00632311097
474871,844451,1443216,369580,598765,4,604800,1.61723714646
474874,476312,481828,1438,5516,2,198000,1.26069615664
474884,475055,478375,171,3320,2,7200,1.0515060241
475042,475125,478465,83,3340,2,7200,1.0248502994
475114,475376,478645,262,3269,2,7200,1.08014683389
475220,475590,478016,370,2426,1,2400,1.15251442704
475365,475508,478957,143,3449,2,7200,1.04146129313
475495,475728,479168,233,3440,2,7200,1.06773255814
475795,475805,479151,10,3346,2,7200,1.00298864316
476003,476012,479553,9,3541,2,7200,1.0025416549
476018,476028,479217,10,3189,2,7200,1.00313577924
476076,476088,479534,12,3446,2,7200,1.00348229832
476109,476121,479586,12,3465,2,7200,1.00346320346
476145,476158,479314,13,3156,2,7200,1.00411913815
476179,476192,479622,13,3430,2,7200,1.00379008746
476257,476270,479644,13,3374,2,7200,1.00385299348
476312,476326,479632,14,3306,2,7200,1.00423472474
476313,476333,479839,20,3506,2,7200,1.00570450656
476329,476340,479633,11,3293,2,7200,1.00334041907
476330,476345,479786,15,3441,2,7200,1.00435919791
476346,476352,479658,6,3306,2,7200,1.00181488203
476353,476359,479806,6,3447,2,7200,1.00174064404
476355,476367,479589,12,3222,2,7200,1.00372439479
476379,476390,479808,11,3418,2,7200,1.00321825629
476427,476440,479966,13,3526,2,7200,1.00368689733
476445,476456,479838,11,3382,2,7200,1.00325251331
476461,476469,479789,8,3320,2,7200,1.00240963855
476497,476508,479877,11,3369,2,7200,1.00326506382
476498,476515,479767,17,3252,2,7200,1.00522755228
476513,476524,479850,11,3326,2,7200,1.00330727601
476529,476539,479922,10,3383,2,7200,1.00295595625
476568,476582,479748,14,3166,2,7200,1.00442198358
476595,476609,479697,14,3088,2,7200,1.00453367876
476610,476621,479944,11,3323,2,7200,1.00331026181
476707,476719,480074,12,3355,2,7200,1.00357675112
476725,476735,479944,10,3209,2,7200,1.00311623559
476743,476754,479905,11,3151,2,7200,1.00349095525
476759,476766,480140,7,3374,2,7200,1.0020746888
476760,476773,480194,13,3421,2,7200,1.00380005846
476775,476782,480165,7,3383,2,7200,1.00206916938
476777,476789,480314,12,3525,2,7200,1.00340425532
476792,476799,480104,7,3305,2,7200,1.00211800303
476793,476806,479945,13,3139,2,7200,1.00414144632
476811,476823,480186,12,3363,2,7200,1.00356824264
476827,476838,480185,11,3347,2,7200,1.00328652525
476841,476853,480266,12,3413,2,7200,1.00351596836
476857,476863,480152,6,3289,2,7200,1.00182426269
476858,476870,480304,12,3434,2,7200,1.00349446709
476873,476880,480299,7,3419,2,7200,1.00204738228
476922,476931,479955,9,3024,2,7200,1.00297619048
476937,476944,480187,7,3243,2,7200,1.00215849522
476964,476974,479945,10,2971,2,7200,1.00336587008
476988,477002,480125,14,3123,2,7200,1.00448286904
477003,477010,480375,7,3365,2,7200,1.00208023774
477018,477026,480168,8,3142,2,7200,1.00254614895
477043,477054,480277,11,3223,2,7200,1.00341296928
477044,477061,480233,17,3172,2,7200,1.0053593947
477046,477067,480494,21,3427,2,7200,1.00612780858
477079,477090,480380,11,3290,2,7200,1.00334346505
477094,477103,480718,9,3615,2,7200,1.00248962656
477110,477116,480500,6,3384,2,7200,1.00177304965
477126,477133,480368,7,3235,2,7200,1.00216383308
477127,477140,480319,13,3179,2,7200,1.00408933627
477128,477146,480351,18,3205,2,7200,1.00561622465
477143,477153,480360,10,3207,2,7200,1.00311817898
477158,477172,480325,14,3153,2,7200,1.00444021567
477195,477207,480581,12,3374,2,7200,1.00355660937
477243,477255,480631,12,3376,2,7200,1.00355450237
477398,477409,480862,11,3453,2,7200,1.00318563568
477489,477500,481147,11,3647,2,7200,1.00301617768
477550,477560,480774,10,3214,2,7200,1.00311138768
477595,477606,480706,11,3100,2,7200,1.0035483871
477631,477645,480953,14,3308,2,7200,1.00423216445
477680,477691,480928,11,3237,2,7200,1.00339820822
477731,477742,481088,11,3346,2,7200,1.00328750747
477801,477812,481122,11,3310,2,7200,1.00332326284
477871,477882,481102,11,3220,2,7200,1.00341614907
477953,477965,481326,12,3361,2,7200,1.00357036596
477987,477998,481133,11,3135,2,7200,1.00350877193
478002,478011,481037,9,3026,2,7200,1.0029742234
478017,478023,481441,6,3418,2,7200,1.00175541252
478053,478060,481449,7,3389,2,7200,1.00206550605
478096,478102,481410,6,3308,2,7200,1.00181378476
478144,481146,513385,3002,32239,8,86400,1.09311703217
478377,478384,481518,7,3134,2,7200,1.00223356733
478453,478460,479962,7,1502,1,2400,1.00466045273
478467,478474,481932,7,3458,2,7200,1.0020242915
478646,478654,482026,8,3372,2,7200,1.00237247924
478958,478964,482045,6,3081,2,7200,1.00194741967
479151,479159,482493,8,3334,2,7200,1.0023995201
479169,479176,482377,7,3201,2,7200,1.00218681662
479217,479224,482548,7,3324,2,7200,1.00210589651
479240,479248,480777,8,1529,1,2400,1.00523217789
479314,479321,482498,7,3177,2,7200,1.00220333648
479536,479543,483057,7,3514,2,7200,1.00199203187
479554,479561,482896,7,3335,2,7200,1.00209895052
479588,479594,482979,6,3385,2,7200,1.00177252585
479589,479602,482934,13,3332,2,7200,1.00390156062
479623,479630,482994,7,3364,2,7200,1.00208085612
479638,479645,483352,7,3707,2,7200,1.0018883194
479639,479652,483060,13,3408,2,7200,1.00381455399
479654,479661,482927,7,3266,2,7200,1.00214329455
479669,479677,483198,8,3521,2,7200,1.00227208179
479700,479706,482886,6,3180,2,7200,1.00188679245
479748,479755,483111,7,3356,2,7200,1.00208581645
479769,479776,483119,7,3343,2,7200,1.00209392761
479787,479795,483170,8,3375,2,7200,1.00237037037
479804,479811,483229,7,3418,2,7200,1.00204798128
479819,479827,483244,8,3417,2,7200,1.002341235
479821,479833,483199,12,3366,2,7200,1.00356506239
479839,479846,482860,7,3014,2,7200,1.00232249502
479841,479853,483106,12,3253,2,7200,1.00368890255
479856,479863,483161,7,3298,2,7200,1.00212249848
479880,479887,483025,7,3138,2,7200,1.0022307202
479904,479911,483147,7,3236,2,7200,1.0021631644
479922,479929,483429,7,3500,2,7200,1.002
479944,479951,483283,7,3332,2,7200,1.00210084034
479945,479958,483152,13,3194,2,7200,1.0040701315
479947,479964,483082,17,3118,2,7200,1.00545221296
479962,479971,483192,9,3221,2,7200,1.0027941633
479963,479976,483456,13,3480,2,7200,1.00373563218
479978,479986,483227,8,3241,2,7200,1.00246837396
480075,480082,483578,7,3496,2,7200,1.00200228833
480102,480109,483480,7,3371,2,7200,1.00207653515
480126,480133,483393,7,3260,2,7200,1.00214723926
480142,480149,483495,7,3346,2,7200,1.00209205021
480157,480164,483398,7,3234,2,7200,1.00216450216
480172,480179,483413,7,3234,2,7200,1.00216450216
480173,480186,483468,13,3282,2,7200,1.00396099939
480189,480196,483372,7,3176,2,7200,1.00220403023
480190,480203,483422,13,3219,2,7200,1.00403852128
480192,480209,483567,17,3358,2,7200,1.00506253722
480207,480216,483549,9,3333,2,7200,1.00270027003
480234,480241,483517,7,3276,2,7200,1.00213675214
480267,480274,483464,7,3190,2,7200,1.00219435737
480282,480289,483696,7,3407,2,7200,1.00205459348
480303,480310,483718,7,3408,2,7200,1.00205399061
480305,480317,483701,12,3384,2,7200,1.00354609929
480320,480327,483705,7,3378,2,7200,1.00207223209
480321,480333,484019,12,3686,2,7200,1.00325556158
480336,480344,483952,8,3608,2,7200,1.0022172949
480351,480359,483606,8,3247,2,7200,1.00246381275
480367,480374,483907,7,3533,2,7200,1.00198131899
480382,480389,483909,7,3520,2,7200,1.00198863636
480383,480396,483943,13,3547,2,7200,1.00366506907
480385,480401,483951,16,3550,2,7200,1.00450704225
480497,480504,483757,7,3253,2,7200,1.00215185982
480512,480519,483680,7,3161,2,7200,1.00221448909
480581,480589,484100,8,3511,2,7200,1.00227855312
480633,480640,483952,7,3312,2,7200,1.00211352657
480706,480713,484144,7,3431,2,7200,1.00204022151
480723,480730,483933,7,3203,2,7200,1.00218545114
480776,480783,484212,7,3429,2,7200,1.00204141149
480865,480871,484132,6,3261,2,7200,1.0018399264
480928,480935,484145,7,3210,2,7200,1.00218068536
480946,485516,486075,4570,559,8,3600,9.17531305903
480956,480963,484268,7,3305,2,7200,1.00211800303
481037,481044,484760,7,3716,2,7200,1.00188374596
481089,481096,484495,7,3399,2,7200,1.00205942924
481104,481111,484298,7,3187,2,7200,1.00219642297
481125,481132,484752,7,3620,2,7200,1.00193370166
481140,481153,484524,13,3371,2,7200,1.00385642243
481155,481162,484461,7,3299,2,7200,1.00212185511
481328,481334,484881,6,3547,2,7200,1.00169157034
481413,481420,484829,7,3409,2,7200,1.00205338809
481445,481452,484765,7,3313,2,7200,1.00211288862
481460,481466,484939,6,3473,2,7200,1.00172761301
481517,481524,484850,7,3326,2,7200,1.00210463019
481770,483069,484186,1299,1117,4,7200,2.16293643688
481771,483211,484277,1440,1066,4,7200,2.35084427767
481771,483295,484400,1524,1105,4,7200,2.37918552036
481772,483126,484256,1354,1130,4,7200,2.1982300885
481773,483217,484314,1444,1097,4,7200,2.31631722881
481773,483182,484276,1409,1094,4,7200,2.28793418647
481774,483119,484242,1345,1123,4,7200,2.19768477293
481775,483164,484244,1389,1080,4,7200,2.28611111111
481775,483383,484466,1608,1083,4,7200,2.48476454294
481776,483404,484558,1628,1154,4,7200,2.41074523397
481777,483441,484531,1664,1090,4,7200,2.52660550459
481778,483492,484685,1714,1193,4,7200,2.43671416597
481933,481940,485389,7,3449,2,7200,1.00202957379
482027,482035,485321,8,3286,2,7200,1.00243457091
482048,482057,485464,9,3407,2,7200,1.00264162019
482379,482388,485515,9,3127,2,7200,1.00287815798
482494,482502,485808,8,3306,2,7200,1.00241984271
482509,482517,486048,8,3531,2,7200,1.00226564713
482549,482556,485887,7,3331,2,7200,1.00210147103
482860,482868,484669,8,1801,1,2400,1.00444197668
482862,482876,486138,14,3262,2,7200,1.00429184549
482875,482883,484686,8,1803,1,2400,1.00443704936
482886,483175,486445,289,3270,2,7200,1.08837920489
482892,482908,484523,16,1615,1,2400,1.00990712074
482899,482913,484526,14,1613,1,2400,1.00867947923
482901,483241,486434,340,3193,2,7200,1.10648293141
482913,482948,484770,35,1822,1,2400,1.01920965971
482919,483053,484867,134,1814,1,2400,1.07386990077
482928,483059,484868,131,1809,1,2400,1.07241569928
482929,483257,486452,328,3195,2,7200,1.10266040689
482935,483076,484899,141,1823,1,2400,1.07734503566
482943,483132,484962,189,1830,1,2400,1.10327868852
482944,483301,486736,357,3435,2,7200,1.103930131
482980,483412,486581,432,3169,2,7200,1.13632060587
482995,483426,486630,431,3204,2,7200,1.13451935081
483026,483435,486772,409,3337,2,7200,1.1225651783
483059,483477,486935,418,3458,2,7200,1.12087912088
483074,483484,486905,410,3421,2,7200,1.11984799766
483089,483507,486850,418,3343,2,7200,1.12503739156
483107,483530,486803,423,3273,2,7200,1.12923923006
483122,483561,487283,439,3722,2,7200,1.11794734014
483124,483579,486901,455,3322,2,7200,1.13696568332
483148,483590,486743,442,3153,2,7200,1.14018395179
483164,483618,487072,454,3454,2,7200,1.1314418066
483165,483692,486954,527,3262,2,7200,1.16155732679
483180,483709,487277,529,3568,2,7200,1.14826233184
483195,483716,487007,521,3291,2,7200,1.15831054391
483210,483723,486943,513,3220,2,7200,1.15931677019
483212,483730,487058,518,3328,2,7200,1.15564903846
483227,483769,487182,542,3413,2,7200,1.15880457076
483242,483920,487543,678,3623,2,7200,1.18713773116
483244,483927,487374,683,3447,2,7200,1.19814331303
483283,483946,487308,663,3362,2,7200,1.19720404521
483353,483955,487365,602,3410,2,7200,1.17653958944
483374,483963,487452,589,3489,2,7200,1.16881627974
483392,483970,487439,578,3469,2,7200,1.16661862208
483407,483975,487183,568,3208,2,7200,1.17705735661
483423,484031,487291,608,3260,2,7200,1.18650306748
483424,484114,487295,690,3181,2,7200,1.21691292047
483439,484145,487724,706,3579,2,7200,1.19726180497
483457,484156,487832,699,3676,2,7200,1.1901523395
483473,484163,487213,690,3050,2,7200,1.2262295082
483474,484199,487373,725,3174,2,7200,1.2284183995
483489,484204,487608,715,3404,2,7200,1.21004700353
483504,484224,487332,720,3108,2,7200,1.23166023166
483519,484255,487345,736,3090,2,7200,1.23818770227
483550,484260,487458,710,3198,2,7200,1.2220137586
483567,484267,487884,700,3617,2,7200,1.19353055018
483582,484272,487753,690,3481,2,7200,1.19821890261
483603,484280,487723,677,3443,2,7200,1.19663084519
483682,484285,487631,603,3346,2,7200,1.18021518231
483697,484290,487824,593,3534,2,7200,1.16779852858
483713,484298,487806,585,3508,2,7200,1.16676168757
483714,484304,487591,590,3287,2,7200,1.17949498023
483716,484309,487636,593,3327,2,7200,1.17823865344
483758,484314,487560,556,3246,2,7200,1.17128773876
483909,484321,487759,412,3438,2,7200,1.1198371146
483911,484328,487419,417,3091,2,7200,1.13490779683
483932,484333,487884,401,3551,2,7200,1.11292593636
483948,484412,487722,464,3310,2,7200,1.14018126888
483963,484418,487958,455,3540,2,7200,1.12853107345
483965,484473,488020,508,3547,2,7200,1.14321962222
483966,484480,487805,514,3325,2,7200,1.15458646617
484020,484485,488006,465,3521,2,7200,1.13206475433
484103,484507,487992,404,3485,2,7200,1.11592539455
484104,484772,657584,668,172812,2,172800,1.00386547231
484134,484535,488173,401,3638,2,7200,1.11022539857
484149,484542,487945,393,3403,2,7200,1.11548633559
484150,484549,488044,399,3495,2,7200,1.11416309013
484214,484554,487784,340,3230,2,7200,1.10526315789
484244,484880,485793,636,913,2,198000,1.69660460022
484269,484571,487753,302,3182,2,7200,1.09490886235
484299,484576,487997,277,3421,2,7200,1.08097047647
484462,484682,488162,220,3480,2,7200,1.0632183908
484495,484698,488314,203,3616,2,7200,1.05613938053
484525,484703,488009,178,3306,2,7200,1.0538415003
484753,484764,488245,11,3481,2,7200,1.00316001149
484768,484779,488250,11,3471,2,7200,1.00316911553
484769,484786,488254,17,3468,2,7200,1.00490196078
484830,484841,488249,11,3408,2,7200,1.00322769953
484851,484863,488251,12,3388,2,7200,1.00354191263
484882,484894,488337,12,3443,2,7200,1.00348533256
484939,484951,488327,12,3376,2,7200,1.00355450237
485324,485330,488790,6,3460,2,7200,1.00173410405
485391,485397,488552,6,3155,2,7200,1.00190174326
485464,485470,488556,6,3086,2,7200,1.00194426442
485515,485523,488886,8,3363,2,7200,1.00237882843
485808,485815,488974,7,3159,2,7200,1.0022158911
485887,485894,489426,7,3532,2,7200,1.00198187995
486051,486058,489432,7,3374,2,7200,1.0020746888
486139,486145,489457,6,3312,2,7200,1.0018115942
486438,486445,489504,7,3059,2,7200,1.00228832952
486453,486460,489626,7,3166,2,7200,1.00221099179
486454,486466,489810,12,3344,2,7200,1.00358851675
486584,601361,673387,114777,72026,16,72000,2.59354955155
486584,486590,489944,6,3354,2,7200,1.00178890877
486633,486640,489820,7,3180,2,7200,1.00220125786
486736,486742,490119,6,3377,2,7200,1.0017767249
486751,486757,489945,6,3188,2,7200,1.00188205772
486772,486779,489895,7,3116,2,7200,1.00224646983
486808,486815,490301,7,3486,2,7200,1.00200803213
486850,486857,489984,7,3127,2,7200,1.00223856732
486903,486909,490089,6,3180,2,7200,1.00188679245
486918,486925,490239,7,3314,2,7200,1.00211225106
486936,486942,490425,6,3483,2,7200,1.00172265289
486951,486957,490228,6,3271,2,7200,1.00183430144
486953,486964,490506,11,3542,2,7200,1.00310559006
487004,487011,490422,7,3411,2,7200,1.00205218411
487059,487065,490300,6,3235,2,7200,1.00185471406
487074,487081,490613,7,3532,2,7200,1.00198187995
487183,487190,490303,7,3113,2,7200,1.00224863476
487184,487197,490663,13,3466,2,7200,1.00375072129
487215,487221,490734,6,3513,2,7200,1.00170794193
487275,487282,490592,7,3310,2,7200,1.00211480363
487291,487298,490642,7,3344,2,7200,1.00209330144
487292,487305,490686,13,3381,2,7200,1.00384501627
487294,487322,492584,28,5262,2,198000,1.00532117066
487307,487314,490807,7,3493,2,7200,1.00200400802
487325,487331,490663,6,3332,2,7200,1.00180072029
487340,487346,490899,6,3553,2,7200,1.00168871376
487355,487362,490547,7,3185,2,7200,1.0021978022
487370,487377,490674,7,3297,2,7200,1.00212314225
487385,487392,490924,7,3532,2,7200,1.00198187995
487387,487399,490539,12,3140,2,7200,1.00382165605
487420,487427,490828,7,3401,2,7200,1.00205821817
487442,487449,490892,7,3443,2,7200,1.00203311066
487457,487464,490606,7,3142,2,7200,1.00222788033
487472,487479,490655,7,3176,2,7200,1.00220403023
487545,487552,490886,7,3334,2,7200,1.00209958008
487560,487567,490659,7,3092,2,7200,1.00226390686
487591,487598,490957,7,3359,2,7200,1.00208395356
487606,487614,491261,8,3647,2,7200,1.00219358377
487631,487637,491285,6,3648,2,7200,1.00164473684
487714,487721,491168,7,3447,2,7200,1.00203075138
487747,487754,490873,7,3119,2,7200,1.00224430907
487749,487761,490824,12,3063,2,7200,1.00391772772
487750,487766,491244,16,3478,2,7200,1.00460034503
487766,487774,490955,8,3181,2,7200,1.00251493241
487767,487779,491134,12,3355,2,7200,1.00357675112
487768,487786,490964,18,3178,2,7200,1.00566393958
487786,487793,491162,7,3369,2,7200,1.00207776788
487804,487811,491139,7,3328,2,7200,1.00210336538
487819,487825,490979,6,3154,2,7200,1.00190234623
487835,487842,491170,7,3328,2,7200,1.00210336538
487836,487849,491023,13,3174,2,7200,1.0040957782
487885,487891,491226,6,3335,2,7200,1.00179910045
487887,487899,491315,12,3416,2,7200,1.00351288056
487944,487952,491225,8,3273,2,7200,1.00244424076
487959,487966,491150,7,3184,2,7200,1.00219849246
487974,488265,488455,291,190,4,36000,2.53157894737
487993,488000,491312,7,3312,2,7200,1.00211352657
488008,488015,491187,7,3172,2,7200,1.00220680958
488010,488022,491212,12,3190,2,7200,1.00376175549
488025,488032,491331,7,3299,2,7200,1.00212185511
488027,488038,491271,11,3233,2,7200,1.00340241262
488048,488054,491411,6,3357,2,7200,1.0017873101
488106,601354,687782,113248,86428,36,86400,2.31031610126
488157,488163,489256,6,1093,4,7200,1.0054894785
488157,488169,489263,12,1094,4,7200,1.01096892139
488158,488175,489286,17,1111,4,7200,1.01530153015
488159,488349,489444,190,1095,4,7200,1.17351598174
488159,489267,490398,1108,1131,4,7200,1.97966401415
488160,489275,490380,1115,1105,4,7200,2.00904977376
488161,489456,490570,1295,1114,4,7200,2.16247755835
488161,489298,490413,1137,1115,4,7200,2.0197309417
488163,488186,491575,23,3389,2,7200,1.00678666273
488179,488258,491778,79,3520,2,7200,1.02244318182
488247,488271,491580,24,3309,2,7200,1.00725294651
488263,488327,491256,64,2929,2,7200,1.02185046091
488264,488339,491709,75,3370,2,7200,1.02225519288
488265,488467,491605,202,3138,2,7200,1.0643722116
488267,488473,491758,206,3285,2,7200,1.06270928463
488317,488565,492021,248,3456,2,7200,1.07175925926
488332,488572,491874,240,3302,2,7200,1.07268322229
488347,488802,492120,455,3318,2,7200,1.13713080169
488554,488899,492310,345,3411,2,7200,1.10114335972
488569,488986,492144,417,3158,2,7200,1.13204559848
488791,489439,492777,648,3338,2,7200,1.19412822049
488888,489469,492670,581,3201,2,7200,1.18150577944
488921,488928,488931,7,3,1,2400,1.0
488976,489516,492984,540,3468,2,7200,1.15570934256
488997,489004,490631,7,1627,1,2400,1.00430239705
489185,601420,605586,112235,4166,16,72000,27.9407105137
489273,490437,496267,1164,5830,4,36000,1.19965694683
489397,489446,502284,49,12838,2,72000,1.00381679389
489427,489639,493040,212,3401,2,7200,1.06233460747
489442,489823,493027,381,3204,2,7200,1.11891385768
489457,489832,493100,375,3268,2,7200,1.11474908201
489502,489908,493234,406,3326,2,7200,1.12206855081
489502,490612,515794,1110,25182,1,46800,1.04407910412
489627,489960,493376,333,3416,2,7200,1.0974824356
489798,490606,492037,808,1431,1,2400,1.56464011181
489812,489966,493302,154,3336,2,7200,1.04616306954
489829,489996,493254,167,3258,2,7200,1.05125844076
489899,490101,493274,202,3173,2,7200,1.06366214939
489945,490131,493468,186,3337,2,7200,1.05573868744
489947,490241,493800,294,3559,2,7200,1.08260747401
489986,490251,493522,265,3271,2,7200,1.08101498013
490031,492323,493266,2292,943,4,3600,3.43054082715
490089,490313,493962,224,3649,2,7200,1.06138668128
490119,490320,493746,201,3426,2,7200,1.05866900175
490231,490325,493825,94,3500,2,7200,1.02685714286
490246,490392,493699,146,3307,2,7200,1.04414877533
490303,490397,493476,94,3079,2,7200,1.03052939266
490304,490410,493720,106,3310,2,7200,1.03202416918
490321,490415,493731,94,3316,2,7200,1.02834740651
490424,490430,493816,6,3386,2,7200,1.00177200236
490426,490443,493788,17,3345,2,7200,1.00508221226
490510,490520,493877,10,3357,2,7200,1.00297885016
490540,490551,493852,11,3301,2,7200,1.00333232354
490556,490562,493678,6,3116,2,7200,1.00192554557
490592,490599,493986,7,3387,2,7200,1.00206672572
490608,490619,494136,11,3517,2,7200,1.00312766562
490609,490624,494258,15,3634,2,7200,1.00412768299
490643,490650,494165,7,3515,2,7200,1.00199146515
490658,490665,494231,7,3566,2,7200,1.00196298374
490659,490672,494062,13,3390,2,7200,1.00383480826
490675,490681,493988,6,3307,2,7200,1.00181433323
490677,490689,493939,12,3250,2,7200,1.00369230769
490678,490694,494301,16,3607,2,7200,1.00443581924
490695,490703,493970,8,3267,2,7200,1.00244872972
490735,490742,494015,7,3273,2,7200,1.00213871066
490810,490818,494436,8,3618,2,7200,1.00221116639
490826,490833,494206,7,3373,2,7200,1.00207530388
490841,490848,494327,7,3479,2,7200,1.00201207243
490874,490880,494071,6,3191,2,7200,1.00188028831
490890,490897,494105,7,3208,2,7200,1.00218204489
490906,490914,494261,8,3347,2,7200,1.00239020018
490908,490919,493986,11,3067,2,7200,1.00358656668
490929,490936,494171,7,3235,2,7200,1.00216383308
490958,490964,494162,6,3198,2,7200,1.00187617261
490960,490972,494259,12,3287,2,7200,1.00365074536
490976,490982,494546,6,3564,2,7200,1.00168350168
490991,490998,494501,7,3503,2,7200,1.00199828718
491025,491031,494356,6,3325,2,7200,1.00180451128
491138,491145,494279,7,3134,2,7200,1.00223356733
491153,491160,494444,7,3284,2,7200,1.00213154689
491154,491167,494443,13,3276,2,7200,1.00396825397
491170,491177,494673,7,3496,2,7200,1.00200228833
491171,491184,494870,13,3686,2,7200,1.00352685838
491172,491189,494360,17,3171,2,7200,1.00536108483
491179,491203,503917,24,12714,2,72000,1.00188768287
491188,491196,494540,8,3344,2,7200,1.0023923445
491212,491224,494574,12,3350,2,7200,1.00358208955
491227,491238,494666,11,3428,2,7200,1.00320886814
491229,491243,494763,14,3520,2,7200,1.00397727273
491247,491257,494622,10,3365,2,7200,1.0029717682
491262,491270,494622,8,3352,2,7200,1.00238663484
491263,491277,494649,14,3372,2,7200,1.00415183867
491279,491286,494406,7,3120,2,7200,1.00224358974
491294,491302,494385,8,3083,2,7200,1.00259487512
491313,491324,494653,11,3329,2,7200,1.00330429558
491328,491335,494918,7,3583,2,7200,1.00195367011
491343,491349,494957,6,3608,2,7200,1.00166297118
491413,491424,494755,11,3331,2,7200,1.00330231162
491578,491587,494866,9,3279,2,7200,1.00274473925
491594,491600,494982,6,3382,2,7200,1.00177409817
491609,491618,494837,9,3219,2,7200,1.00279589935
491712,491722,495269,10,3547,2,7200,1.0028192839
491761,491771,495141,10,3370,2,7200,1.00296735905
491780,491791,495423,11,3632,2,7200,1.00302863436
491853,491860,491864,7,4,1,600,1.1
491863,491877,491880,14,3,1,600,1.7
491874,491894,491897,20,3,1,600,2.3
491877,491887,495223,10,3336,2,7200,1.00299760192
491895,491910,491913,15,3,1,600,1.8
491906,491926,491929,20,3,1,600,2.3
491927,491941,491943,14,2,1,600,1.6
491938,491956,491959,18,3,1,600,2.1
492024,492033,495445,9,3412,2,7200,1.00263774912
492121,492127,495395,6,3268,2,7200,1.00183598531
492145,492152,495845,7,3693,2,7200,1.00189547793
492228,844414,846627,352186,2213,16,302400,160.144148215
492316,492339,495599,23,3260,2,7200,1.00705521472
492371,493119,508741,748,15622,4,21600,1.04788119319
492432,492439,494624,7,2185,1,2400,1.00320366133
492672,492678,495824,6,3146,2,7200,1.00190718373
492778,492785,496078,7,3293,2,7200,1.00212572123
492988,492994,496248,6,3254,2,7200,1.00184388445
493030,493037,496343,7,3306,2,7200,1.00211736237
493045,493052,496518,7,3466,2,7200,1.00201961916
493103,493109,496438,6,3329,2,7200,1.00180234305
493113,493278,494676,165,1398,4,3600,1.11802575107
493147,523053,537486,29906,14433,4,14400,3.07205709139
493147,494179,508596,1032,14417,4,14400,1.07158215995
493147,508608,523041,15461,14433,4,14400,2.07122566341
493148,537493,551905,44345,14412,4,14400,4.07694976409
493149,551917,558659,58768,6742,4,14400,9.71670127559
493237,493244,496584,7,3340,2,7200,1.00209580838
493256,493263,496534,7,3271,2,7200,1.00214001834
493277,493284,496553,7,3269,2,7200,1.00214132762
493305,493311,496763,6,3452,2,7200,1.00173812283
493377,493383,496600,6,3217,2,7200,1.0018650917
493468,493475,496803,7,3328,2,7200,1.00210336538
493484,493491,496867,7,3376,2,7200,1.00207345972
493524,493531,496835,7,3304,2,7200,1.00211864407
493679,493686,497203,7,3517,2,7200,1.00199033267
493700,493706,496980,6,3274,2,7200,1.00183262065
493715,493723,497009,8,3286,2,7200,1.00243457091
493734,493741,497255,7,3514,2,7200,1.00199203187
493749,493756,497446,7,3690,2,7200,1.00189701897
493783,494942,754184,1159,259242,8,259200,1.00447072619
493788,493796,496929,8,3133,2,7200,1.00255346313
493797,502582,740742,8785,238160,8,259200,1.03688696675
493804,493811,497141,7,3330,2,7200,1.0021021021
493819,493825,497204,6,3379,2,7200,1.00177567328
493835,493841,497008,6,3167,2,7200,1.00189453742
493853,493860,497101,7,3241,2,7200,1.00215982721
493878,493884,497447,6,3563,2,7200,1.00168397418
493942,493949,497291,7,3342,2,7200,1.00209455416
493961,493968,497308,7,3340,2,7200,1.00209580838
493976,493983,497613,7,3630,2,7200,1.00192837466
493992,494000,497176,8,3176,2,7200,1.00251889169
493993,494005,497169,12,3164,2,7200,1.00379266751
493994,494012,497265,18,3253,2,7200,1.00553335383
494016,494023,497704,7,3681,2,7200,1.00190165716
494064,494071,497450,7,3379,2,7200,1.00207161882
494080,494087,497186,7,3099,2,7200,1.00225879316
494107,494114,497321,7,3207,2,7200,1.00218272529
494137,494144,497782,7,3638,2,7200,1.00192413414
494165,494172,497783,7,3611,2,7200,1.00193852119
494166,494186,497510,20,3324,2,7200,1.00601684717
494182,494219,497674,37,3455,2,7200,1.01070911722
494209,494244,497666,35,3422,2,7200,1.01022793688
494234,494271,497703,37,3432,2,7200,1.01078088578
494259,494279,497740,20,3461,2,7200,1.00577867668
494274,494285,497725,11,3440,2,7200,1.00319767442
494275,494293,497650,18,3357,2,7200,1.00536193029
494290,494313,497476,23,3163,2,7200,1.00727157762
494293,494686,496628,393,1942,4,3600,1.20236869207
494305,494339,497583,34,3244,2,7200,1.01048088779
494330,494369,497694,39,3325,2,7200,1.01172932331
494357,494376,497676,19,3300,2,7200,1.00575757576
494372,494398,498034,26,3636,2,7200,1.00715071507
494387,494418,497783,31,3365,2,7200,1.00921248143
494408,494449,497825,41,3376,2,7200,1.01214454976
494433,513397,701385,18964,187988,8,259200,1.1008787795
494439,494456,497786,17,3330,2,7200,1.00510510511
494454,494463,497834,9,3371,2,7200,1.00266983091
494456,494514,497774,58,3260,2,7200,1.01779141104
494501,494553,498051,52,3498,2,7200,1.01486563751
494541,494560,498036,19,3476,2,7200,1.00546605293
494556,494587,497842,31,3255,2,7200,1.00952380952
494577,494640,497900,63,3260,2,7200,1.01932515337
494619,494634,538848,15,44214,2,72000,1.00033925906
494623,494647,498136,24,3489,2,7200,1.00687876182
494624,494662,498093,38,3431,2,7200,1.0110754882
494652,494669,497979,17,3310,2,7200,1.00513595166
494667,494678,497841,11,3163,2,7200,1.00347771103
494668,494691,498018,23,3327,2,7200,1.00691313496
494683,494768,498149,85,3381,2,7200,1.02514049098
494757,494776,498172,19,3396,2,7200,1.00559481743
494772,494850,498113,78,3263,2,7200,1.02390438247
494839,494880,498274,41,3394,2,7200,1.01208014143
494869,494887,498090,18,3203,2,7200,1.0056197315
494870,494930,498286,60,3356,2,7200,1.0178784267
494919,494969,498510,50,3541,2,7200,1.014120305
494958,494994,498292,36,3298,2,7200,1.01091570649
494983,495153,498702,170,3549,2,7200,1.04790081713
495081,496284,507130,1203,10846,1,10800,1.1109164669
495140,495236,498421,96,3185,2,7200,1.03014128728
495225,495282,498806,57,3524,2,7200,1.01617480136
495271,495408,498827,137,3419,2,7200,1.04007019596
495395,495435,498996,40,3561,2,7200,1.01123279978
495423,495458,498599,35,3141,2,7200,1.01114294811
495447,495612,498826,165,3214,2,7200,1.0513378967
495601,495837,499176,236,3339,2,7200,1.07067984426
495826,495858,499336,32,3478,2,7200,1.00920069005
495844,496090,499653,246,3563,2,7200,1.06904294134
496079,496260,499454,181,3194,2,7200,1.05666875391
496249,496279,499451,30,3172,2,7200,1.00945775536
496343,496355,499589,12,3234,2,7200,1.00371057514
496440,496451,499891,11,3440,2,7200,1.00319767442
496519,496531,499845,12,3314,2,7200,1.00362100181
496537,496547,499871,10,3324,2,7200,1.00300842359
496555,496565,499942,10,3377,2,7200,1.00296120817
496586,496596,499787,10,3191,2,7200,1.00313381385
496601,496613,499799,12,3186,2,7200,1.00376647834
496765,496771,500066,6,3295,2,7200,1.00182094082
496805,496812,500147,7,3335,2,7200,1.00209895052
496838,496844,500214,6,3370,2,7200,1.00178041543
496868,496876,500032,8,3156,2,7200,1.00253485425
496929,496936,500502,7,3566,2,7200,1.00196298374
496981,496988,500334,7,3346,2,7200,1.00209205021
497011,497019,500731,8,3712,2,7200,1.00215517241
497013,497026,500779,13,3753,2,7200,1.00346389555
497101,497108,500429,7,3321,2,7200,1.00210779886
497143,497150,500424,7,3274,2,7200,1.00213805742
497171,497178,500422,7,3244,2,7200,1.00215782984
497186,497192,500362,6,3170,2,7200,1.00189274448
497187,497200,500744,13,3544,2,7200,1.00366817156
497202,497210,500517,8,3307,2,7200,1.00241911098
497204,497217,500669,13,3452,2,7200,1.00376593279
497255,497262,500645,7,3383,2,7200,1.00206916938
497271,497277,500596,6,3319,2,7200,1.00180777343
497292,497299,500506,7,3207,2,7200,1.00218272529
497310,497317,500683,7,3366,2,7200,1.00207961973
497326,497333,500556,7,3223,2,7200,1.00217188954
497448,497455,500718,7,3263,2,7200,1.00214526509
497449,497462,500544,13,3082,2,7200,1.00421804023
497464,497471,501185,7,3714,2,7200,1.00188476037
497479,497486,500797,7,3311,2,7200,1.0021141649
497512,497520,500814,8,3294,2,7200,1.00242865817
497585,497592,500900,7,3308,2,7200,1.00211608222
497616,497623,500937,7,3314,2,7200,1.00211225106
497652,497659,500994,7,3335,2,7200,1.00209895052
497668,497675,501028,7,3353,2,7200,1.00208768267
497683,497691,500815,8,3124,2,7200,1.00256081946
497684,497696,500856,12,3160,2,7200,1.00379746835
497700,497706,500958,6,3252,2,7200,1.00184501845
497715,497723,501425,8,3702,2,7200,1.00216099406
497717,497730,501066,13,3336,2,7200,1.00389688249
497733,497740,500878,7,3138,2,7200,1.0022307202
497748,497755,500887,7,3132,2,7200,1.00223499361
497775,497783,500858,8,3075,2,7200,1.00260162602
497791,497799,500821,8,3022,2,7200,1.00264725347
497793,497805,501282,12,3477,2,7200,1.00345125108
497794,497812,501141,18,3329,2,7200,1.00540702914
497795,497817,500978,22,3161,2,7200,1.00695982284
497826,497833,501138,7,3305,2,7200,1.00211800303
497841,497848,501257,7,3409,2,7200,1.00205338809
497843,497855,501380,12,3525,2,7200,1.00340425532
497844,497862,501281,18,3419,2,7200,1.00526469728
497901,497909,501277,8,3368,2,7200,1.00237529691
497981,497988,501645,7,3657,2,7200,1.00191413727
498021,498028,501490,7,3462,2,7200,1.00202195263
498036,498043,501557,7,3514,2,7200,1.00199203187
498037,498050,501435,13,3385,2,7200,1.00384047267
498055,498062,501230,7,3168,2,7200,1.00220959596
498091,498098,501427,7,3329,2,7200,1.00210273355
498093,498106,501761,13,3655,2,7200,1.00355677155
498114,498121,501492,7,3371,2,7200,1.00207653515
498135,498142,501601,7,3459,2,7200,1.00202370627
498150,498158,501756,8,3598,2,7200,1.00222345748
498175,498182,501559,7,3377,2,7200,1.00207284572
498275,498281,501672,6,3391,2,7200,1.00176938956
498290,498298,501705,8,3407,2,7200,1.00234810684
498292,498305,501532,13,3227,2,7200,1.00402850945
498422,498428,501628,6,3200,2,7200,1.001875
498510,498518,501921,8,3403,2,7200,1.00235086688
498547,498554,499997,7,1443,1,2400,1.00485100485
498601,498609,501682,8,3073,2,7200,1.00260331923
498702,498709,501911,7,3202,2,7200,1.00218613367
498808,498815,501995,7,3180,2,7200,1.00220125786
498827,498833,502190,6,3357,2,7200,1.0017873101
498842,498849,502060,7,3211,2,7200,1.00218000623
498993,499000,502604,7,3604,2,7200,1.00194228635
499179,499186,502570,7,3384,2,7200,1.00206855792
499337,499343,502567,6,3224,2,7200,1.00186104218
499452,499460,502865,8,3405,2,7200,1.00234948605
499467,499475,502837,8,3362,2,7200,1.00237953599
499589,499596,502852,7,3256,2,7200,1.00214987715
499655,499663,503094,8,3431,2,7200,1.00233168173
499790,499797,503133,7,3336,2,7200,1.00209832134
499805,499813,503164,8,3351,2,7200,1.00238734706
499848,499855,503332,7,3477,2,7200,1.0020132298
499872,499879,503108,7,3229,2,7200,1.00216785382
499893,499899,503399,6,3500,2,7200,1.00171428571
499941,499948,503349,7,3401,2,7200,1.00205821817
500033,500040,503507,7,3467,2,7200,1.00201903663
500066,500073,503375,7,3302,2,7200,1.00211992732
500148,500155,503552,7,3397,2,7200,1.00206064174
500214,500221,503611,7,3390,2,7200,1.00206489676
500335,500343,503796,8,3453,2,7200,1.00231682595
500363,500369,503570,6,3201,2,7200,1.00187441425
500421,500427,503855,6,3428,2,7200,1.00175029172
500422,500435,503717,13,3282,2,7200,1.00396099939
500437,500445,504001,8,3556,2,7200,1.00224971879
500504,500511,504140,7,3629,2,7200,1.00192890603
500519,500525,503864,6,3339,2,7200,1.00179694519
500521,500533,503850,12,3317,2,7200,1.00361772686
500545,500552,503706,7,3154,2,7200,1.00221940393
500560,500566,503821,6,3255,2,7200,1.00184331797
500599,500606,503938,7,3332,2,7200,1.00210084034
500645,500652,504160,7,3508,2,7200,1.001995439
500669,500676,504168,7,3492,2,7200,1.0020045819
500684,500692,504020,8,3328,2,7200,1.00240384615
500721,500727,504073,6,3346,2,7200,1.00179318589
500736,500743,503838,7,3095,2,7200,1.00226171244
500751,500757,504250,6,3493,2,7200,1.00171772116
500779,500786,504317,7,3531,2,7200,1.00198244123
500797,500804,504389,7,3585,2,7200,1.0019525802
500815,500821,504046,6,3225,2,7200,1.00186046512
500817,500829,504247,12,3418,2,7200,1.00351082504
500832,500838,503941,6,3103,2,7200,1.00193361263
500856,500863,504292,7,3429,2,7200,1.00204141149
500858,500870,504031,12,3161,2,7200,1.003796267
500879,500886,504061,7,3175,2,7200,1.00220472441
500894,500900,504307,6,3407,2,7200,1.00176108013
500909,500916,504017,7,3101,2,7200,1.00225733634
500937,500943,504348,6,3405,2,7200,1.00176211454
500958,500965,503941,7,2976,2,7200,1.00235215054
500979,500986,504090,7,3104,2,7200,1.00225515464
500997,501003,504358,6,3355,2,7200,1.00178837556
501031,501038,504416,7,3378,2,7200,1.00207223209
501070,501077,504648,7,3571,2,7200,1.00196023523
501140,501145,504517,5,3372,2,7200,1.00148279953
501155,501162,504319,7,3157,2,7200,1.0022172949
501188,501194,504669,6,3475,2,7200,1.00172661871
501231,501237,504410,6,3173,2,7200,1.00189095493
501258,501264,504458,6,3194,2,7200,1.00187852223
501276,501282,504701,6,3419,2,7200,1.00175489909
501291,501297,504704,6,3407,2,7200,1.00176108013
501293,501305,504566,12,3261,2,7200,1.00367985281
501380,501388,504665,8,3277,2,7200,1.00244125725
501426,501433,505043,7,3610,2,7200,1.00193905817
501441,501449,504786,8,3337,2,7200,1.0023973629
501443,501454,504824,11,3370,2,7200,1.00326409496
501491,501497,504757,6,3260,2,7200,1.0018404908
501493,501505,504870,12,3365,2,7200,1.00356612184
501532,501538,504902,6,3364,2,7200,1.00178359096
501560,501567,504704,7,3137,2,7200,1.0022314313
501561,501574,504773,13,3199,2,7200,1.00406376993
501604,501610,505058,6,3448,2,7200,1.00174013921
501631,501639,505048,8,3409,2,7200,1.00234672925
501646,501652,505200,6,3548,2,7200,1.00169109357
501674,501681,504819,7,3138,2,7200,1.0022307202
501689,501696,505194,7,3498,2,7200,1.00200114351
501707,501713,505080,6,3367,2,7200,1.00178200178
501759,501766,505141,7,3375,2,7200,1.00207407407
501774,501780,505358,6,3578,2,7200,1.00167691448
501913,501920,505042,7,3122,2,7200,1.00224215247
501928,501934,505346,6,3412,2,7200,1.00175849941
501977,501984,502000,7,16,1,60,1.4375
501998,502004,505422,6,3418,2,7200,1.00175541252
502062,502069,505230,7,3161,2,7200,1.00221448909
502193,502199,505632,6,3433,2,7200,1.0017477425
502567,502574,506000,7,3426,2,7200,1.00204319907
502583,502617,506289,34,3672,2,7200,1.00925925926
502607,502771,506244,164,3473,2,7200,1.0472214224
502838,502849,506203,11,3354,2,7200,1.00327966607
502853,502864,506469,11,3605,2,7200,1.00305131761
502868,502877,506020,9,3143,2,7200,1.0028635062
503095,503106,506413,11,3307,2,7200,1.00332627759
503110,503120,506539,10,3419,2,7200,1.00292483182
503135,503145,506589,10,3444,2,7200,1.00290360046
503167,503176,506491,9,3315,2,7200,1.00271493213
503333,503345,506544,12,3199,2,7200,1.00375117224
503352,503362,506783,10,3421,2,7200,1.00292312189
503376,503388,506680,12,3292,2,7200,1.00364520049
503401,503411,506839,10,3428,2,7200,1.00291715286
503507,503520,506761,13,3241,2,7200,1.00401110768
503555,503564,506954,9,3390,2,7200,1.00265486726
503571,503583,506781,12,3198,2,7200,1.00375234522
503613,503623,506951,10,3328,2,7200,1.00300480769
503708,503718,507070,10,3352,2,7200,1.00298329356
503723,503730,506961,7,3231,2,7200,1.00216651192
503799,503809,507137,10,3328,2,7200,1.00300480769
503823,503833,507029,10,3196,2,7200,1.00312891114
503838,503850,506912,12,3062,2,7200,1.00391900718
503853,503863,507064,10,3201,2,7200,1.00312402374
503869,503876,507084,7,3208,2,7200,1.00218204489
503870,503883,507202,13,3319,2,7200,1.00391684242
503940,503946,507487,6,3541,2,7200,1.0016944366
503941,503954,507042,13,3088,2,7200,1.00420984456
503943,503959,507314,16,3355,2,7200,1.00476900149
504004,504011,507253,7,3242,2,7200,1.00215916101
504019,504026,507448,7,3422,2,7200,1.00204558738
504021,504034,507194,13,3160,2,7200,1.00411392405
504036,504043,507096,7,3053,2,7200,1.00229282673
504051,504058,507460,7,3402,2,7200,1.00205761317
504067,504074,507343,7,3269,2,7200,1.00214132762
504082,504089,507254,7,3165,2,7200,1.00221169036
504097,504105,507635,8,3530,2,7200,1.00226628895
504143,504150,507569,7,3419,2,7200,1.00204738228
504161,504168,507570,7,3402,2,7200,1.00205761317
504177,504184,507591,7,3407,2,7200,1.00205459348
504246,504254,507583,8,3329,2,7200,1.00240312406
504262,504269,507651,7,3382,2,7200,1.00206978119
504292,504300,507488,8,3188,2,7200,1.00250941029
504308,504315,507616,7,3301,2,7200,1.00212056952
504323,504331,507836,8,3505,2,7200,1.00228245364
504324,504338,507855,14,3517,2,7200,1.00398066534
504349,504355,507716,6,3361,2,7200,1.00178518298
504364,504372,507598,8,3226,2,7200,1.00247985121
504392,504399,507697,7,3298,2,7200,1.00212249848
504411,504418,507923,7,3505,2,7200,1.00199714693
504426,504432,507889,6,3457,2,7200,1.00173560891
504459,504467,507874,8,3407,2,7200,1.00234810684
504517,504523,508017,6,3494,2,7200,1.00171722954
504569,504575,507995,6,3420,2,7200,1.00175438596
504648,504654,507925,6,3271,2,7200,1.00183430144
504669,504676,508258,7,3582,2,7200,1.00195421552
504671,504684,508039,13,3355,2,7200,1.00387481371
504704,504712,508024,8,3312,2,7200,1.00241545894
504706,504719,507931,13,3212,2,7200,1.00404732254
504707,504724,507982,17,3258,2,7200,1.00521792511
504759,504766,508004,7,3238,2,7200,1.00216182829
504774,504781,508192,7,3411,2,7200,1.00205218411
504789,504796,508223,7,3427,2,7200,1.00204260286
504820,504827,508221,7,3394,2,7200,1.00206246317
504835,504841,508159,6,3318,2,7200,1.00180831826
504871,504877,508253,6,3376,2,7200,1.00177725118
504905,504912,508558,7,3646,2,7200,1.00191991223
504928,505063,505065,135,2,2,3540,13.7
505042,505049,508620,7,3571,2,7200,1.00196023523
505043,505056,508581,13,3525,2,7200,1.00368794326
505058,505070,508530,12,3460,2,7200,1.00346820809
505060,505075,508388,15,3313,2,7200,1.00452761847
505081,505087,508251,6,3164,2,7200,1.00189633375
505145,505151,508759,6,3608,2,7200,1.00166297118
505196,505204,508469,8,3265,2,7200,1.00245022971
505212,505219,508722,7,3503,2,7200,1.00199828718
505230,505236,508900,6,3664,2,7200,1.00163755459
505348,505355,508614,7,3259,2,7200,1.00214789813
505363,505370,508833,7,3463,2,7200,1.00202136876
505424,505431,508611,7,3180,2,7200,1.00220125786
505633,505639,508889,6,3250,2,7200,1.00184615385
506000,506007,509587,7,3580,2,7200,1.00195530726
506021,506028,509699,7,3671,2,7200,1.00190683737
506206,506212,509524,6,3312,2,7200,1.0018115942
506245,506252,509777,7,3525,2,7200,1.0019858156
506291,506297,509556,6,3259,2,7200,1.00184105554
506415,506422,509819,7,3397,2,7200,1.00206064174
506472,506479,509755,7,3276,2,7200,1.00213675214
506494,506501,509671,7,3170,2,7200,1.00220820189
506539,506546,509716,7,3170,2,7200,1.00220820189
506554,506560,509910,6,3350,2,7200,1.00179104478
506591,506597,510044,6,3447,2,7200,1.00174064404
506682,506689,510140,7,3451,2,7200,1.00202839757
506764,506770,510145,6,3375,2,7200,1.00177777778
506782,506789,510306,7,3517,2,7200,1.00199033267
506783,506796,510430,13,3634,2,7200,1.00357732526
506841,506848,510373,7,3525,2,7200,1.0019858156
506914,506920,510173,6,3253,2,7200,1.00184445128
506954,506961,510363,7,3402,2,7200,1.00205761317
506955,506968,510381,13,3413,2,7200,1.00380896572
506970,506978,510313,8,3335,2,7200,1.0023988006
507028,507034,510271,6,3237,2,7200,1.00185356812
507044,507051,510517,7,3466,2,7200,1.00201961916
507065,507072,510367,7,3295,2,7200,1.00212443096
507080,507087,510354,7,3267,2,7200,1.00214263851
507095,507102,510386,7,3284,2,7200,1.00213154689
507097,507109,510421,12,3312,2,7200,1.00362318841
507139,507145,510400,6,3255,2,7200,1.00184331797
507194,507201,510674,7,3473,2,7200,1.00201554852
507209,507217,510566,8,3349,2,7200,1.00238877277
507223,507230,513307,7,6077,2,198000,1.00115188415
507255,507267,510566,12,3299,2,7200,1.0036374659
507257,507272,510598,15,3326,2,7200,1.00450992183
507317,507327,510739,10,3412,2,7200,1.00293083236
507345,507355,510737,10,3382,2,7200,1.00295683028
507451,507461,510641,10,3180,2,7200,1.00314465409
507466,507473,510872,7,3399,2,7200,1.00205942924
507488,507500,510928,12,3428,2,7200,1.00350058343
507489,507505,510965,16,3460,2,7200,1.00462427746
507572,507581,510975,9,3394,2,7200,1.00265173836
507573,507587,510923,14,3336,2,7200,1.00419664269
507588,507595,511137,7,3542,2,7200,1.00197628458
507604,507611,510861,7,3250,2,7200,1.00215384615
507605,507618,511190,13,3572,2,7200,1.00363941769
507620,507628,511179,8,3551,2,7200,1.00225288651
507636,507647,511111,11,3464,2,7200,1.00317551963
507651,507663,510784,12,3121,2,7200,1.0038449215
507699,507710,511152,11,3442,2,7200,1.00319581639
507718,507730,511188,12,3458,2,7200,1.003470214
507839,507849,511255,10,3406,2,7200,1.0029359953
507857,507868,511263,11,3395,2,7200,1.00324005891
507875,507886,511313,11,3427,2,7200,1.00320980449
507890,507902,511297,12,3395,2,7200,1.00353460972
507925,507936,511316,11,3380,2,7200,1.00325443787
507940,507947,511178,7,3231,2,7200,1.00216651192
507941,507954,511293,13,3339,2,7200,1.00389338125
507984,507994,511490,10,3496,2,7200,1.0028604119
507999,508008,511411,9,3403,2,7200,1.00264472524
508014,508022,511478,8,3456,2,7200,1.00231481481
508030,508038,511432,8,3394,2,7200,1.00235710077
508031,508043,511345,12,3302,2,7200,1.00363416111
508046,508053,511464,7,3411,2,7200,1.00205218411
508159,508171,511653,12,3482,2,7200,1.00344629523
508193,508204,511643,11,3439,2,7200,1.00319860425
508223,508234,511584,11,3350,2,7200,1.00328358209
508225,508241,511569,16,3328,2,7200,1.00480769231
508252,508263,511564,11,3301,2,7200,1.00333232354
508267,508275,511440,8,3165,2,7200,1.00252764613
508269,508282,511702,13,3420,2,7200,1.00380116959
508391,508400,511811,9,3411,2,7200,1.00263852243
508470,508482,511927,12,3445,2,7200,1.00348330914
508531,508542,511865,11,3323,2,7200,1.00331026181
508558,508571,512083,13,3512,2,7200,1.00370159453
508582,508593,511821,11,3228,2,7200,1.00340768278
508607,508624,512032,17,3408,2,7200,1.00498826291
508622,508631,512380,9,3749,2,7200,1.00240064017
508623,508638,512043,15,3405,2,7200,1.00440528634
508724,508735,512052,11,3317,2,7200,1.00331624962
508761,508768,512134,7,3366,2,7200,1.00207961973
508834,508840,512191,6,3351,2,7200,1.0017905103
508891,508897,512253,6,3356,2,7200,1.00178784267
508906,508913,512580,7,3667,2,7200,1.00190891737
509527,509533,512781,6,3248,2,7200,1.00184729064
509558,509565,512826,7,3261,2,7200,1.0021465808
509588,509595,513107,7,3512,2,7200,1.00199316629
509670,509677,513103,7,3426,2,7200,1.00204319907
509701,509707,513274,6,3567,2,7200,1.00168208579
509719,509726,512979,7,3253,2,7200,1.00215185982
509756,509762,513284,6,3522,2,7200,1.00170357751
509777,509783,513078,6,3295,2,7200,1.00182094082
509819,509826,513000,7,3174,2,7200,1.00220541903
509913,509919,513250,6,3331,2,7200,1.00180126088
510047,510054,513185,7,3131,2,7200,1.00223570744
510141,510148,513538,7,3390,2,7200,1.00206489676
510156,510162,513468,6,3306,2,7200,1.00181488203
510174,510181,513494,7,3313,2,7200,1.00211288862
510271,510277,513422,6,3145,2,7200,1.00190779014
510308,510314,513643,6,3329,2,7200,1.00180234305
510323,510329,513680,6,3351,2,7200,1.0017905103
510356,510364,513817,8,3453,2,7200,1.00231682595
510372,510379,513832,7,3453,2,7200,1.0020272227
510373,510386,513873,13,3487,2,7200,1.00372813307
510389,510395,513585,6,3190,2,7200,1.00188087774
510391,510403,513949,12,3546,2,7200,1.00338409475
510392,510409,513811,17,3402,2,7200,1.00499706055
510407,510416,513566,9,3150,2,7200,1.00285714286
510422,510429,513712,7,3283,2,7200,1.00213219616
510438,510444,513828,6,3384,2,7200,1.00177304965
510519,510527,514090,8,3563,2,7200,1.00224529891
510568,510575,513583,7,3008,2,7200,1.00232712766
510570,510582,513716,12,3134,2,7200,1.00382897256
510600,510606,513968,6,3362,2,7200,1.00178465199
510643,510649,514029,6,3380,2,7200,1.00177514793
510676,510683,514060,7,3377,2,7200,1.00207284572
510737,510744,514271,7,3527,2,7200,1.00198468954
510752,510759,513875,7,3116,2,7200,1.00224646983
510786,510793,514141,7,3348,2,7200,1.00209080048
510859,510865,514535,6,3670,2,7200,1.00163487738
510874,510882,514079,8,3197,2,7200,1.00250234595
510923,510930,514561,7,3631,2,7200,1.00192784357
510939,510945,513926,6,2981,2,7200,1.0020127474
510966,510972,514572,6,3600,2,7200,1.00166666667
510981,510989,514291,8,3302,2,7200,1.00242277408
511112,511120,514632,8,3512,2,7200,1.00227790433
511139,511146,514506,7,3360,2,7200,1.00208333333
511154,511162,514500,8,3338,2,7200,1.0023966447
511179,511185,514628,6,3443,2,7200,1.00174266628
511181,511193,514574,12,3381,2,7200,1.00354924579
511196,511203,514610,7,3407,2,7200,1.00205459348
511198,511209,514525,11,3316,2,7200,1.0033172497
511256,511262,514681,6,3419,2,7200,1.00175489909
511271,511277,514577,6,3300,2,7200,1.00181818182
511296,511302,514605,6,3303,2,7200,1.00181653043
511311,511318,514690,7,3372,2,7200,1.00207591934
511326,511334,514505,8,3171,2,7200,1.00252286345
511328,511341,514558,13,3217,2,7200,1.00404103202
511346,511353,514682,7,3329,2,7200,1.00210273355
511413,511420,514630,7,3210,2,7200,1.00218068536
511434,511441,515023,7,3582,2,7200,1.00195421552
511449,511457,514725,8,3268,2,7200,1.00244798042
511468,511475,514740,7,3265,2,7200,1.002143951
511483,511490,514831,7,3341,2,7200,1.00209518108
511498,511504,514857,6,3353,2,7200,1.00178944229
511566,511573,514749,7,3176,2,7200,1.00220403023
511581,511588,514715,7,3127,2,7200,1.00223856732
511596,511603,514812,7,3209,2,7200,1.00218136491
511645,511653,515102,8,3449,2,7200,1.0023195129
511660,511668,514734,8,3066,2,7200,1.00260926288
511702,511710,515226,8,3516,2,7200,1.00227531286
511812,511819,515156,7,3337,2,7200,1.00209769254
511828,511834,515260,6,3426,2,7200,1.00175131349
511867,511874,515159,7,3285,2,7200,1.00213089802
511931,511937,515247,6,3310,2,7200,1.00181268882
512034,512042,515362,8,3320,2,7200,1.00240963855
512050,512056,515297,6,3241,2,7200,1.00185128047
512065,512071,515473,6,3402,2,7200,1.00176366843
512083,512090,515203,7,3113,2,7200,1.00224863476
512135,512142,515524,7,3382,2,7200,1.00206978119
512193,512200,515610,7,3410,2,7200,1.00205278592
512254,512261,515619,7,3358,2,7200,1.00208457415
512382,512389,515445,7,3056,2,7200,1.00229057592
512582,512589,516198,7,3609,2,7200,1.00193959546
512782,512789,516142,7,3353,2,7200,1.00208768267
512828,512835,516128,7,3293,2,7200,1.00212572123
512980,512986,516315,6,3329,2,7200,1.00180234305
513004,513011,516388,7,3377,2,7200,1.00207284572
513079,513086,516492,7,3406,2,7200,1.00205519671
513104,513111,516416,7,3305,2,7200,1.00211800303
513119,513126,516554,7,3428,2,7200,1.002042007
513186,513192,516348,6,3156,2,7200,1.00190114068
513219,513226,513228,7,2,1,600,1.0
513253,513260,516452,7,3192,2,7200,1.00219298246
513277,513284,516858,7,3574,2,7200,1.00195858982
513292,513300,516451,8,3151,2,7200,1.00253887655
513423,513430,516702,7,3272,2,7200,1.0021393643
513468,513475,516788,7,3313,2,7200,1.00211288862
513496,513503,516725,7,3222,2,7200,1.00217256363
513541,513548,517028,7,3480,2,7200,1.00201149425
513569,513575,516723,6,3148,2,7200,1.00190597205
513584,513591,516759,7,3168,2,7200,1.00220959596
513599,513605,517125,6,3520,2,7200,1.00170454545
513644,513650,516843,6,3193,2,7200,1.00187911055
513681,513688,516841,7,3153,2,7200,1.00222010783
513714,513721,516792,7,3071,2,7200,1.00227938782
513730,513737,517096,7,3359,2,7200,1.00208395356
513812,513819,516990,7,3171,2,7200,1.00220750552
513827,513834,517060,7,3226,2,7200,1.00216986981
513842,513848,516918,6,3070,2,7200,1.00195439739
513843,513856,517261,13,3405,2,7200,1.00381791483
513874,513880,517035,6,3155,2,7200,1.00190174326
513889,513895,517086,6,3191,2,7200,1.00188028831
513929,513935,517023,6,3088,2,7200,1.00194300518
513950,513956,517509,6,3553,2,7200,1.00168871376
513968,513974,517312,6,3338,2,7200,1.00179748352
513971,513982,514010,11,28,1,600,1.39285714286
513981,513989,514022,8,33,1,600,1.24242424242
513992,513998,514037,6,39,1,600,1.15384615385
514003,514010,514040,7,30,1,600,1.23333333333
514014,514020,514052,6,32,1,600,1.1875
514024,514031,514066,7,35,1,600,1.2
514029,514038,517367,9,3329,2,7200,1.00270351457
514035,514045,514079,10,34,1,600,1.29411764706
514046,514052,514082,6,30,1,600,1.2
514056,514064,514092,8,28,1,600,1.28571428571
514063,514071,517435,8,3364,2,7200,1.00237812128
514067,514078,514112,11,34,1,600,1.32352941176
514078,514090,514122,12,32,1,600,1.375
514078,514084,517502,6,3418,2,7200,1.00175541252
514089,514097,514132,8,35,1,600,1.22857142857
514093,514104,517439,11,3335,2,7200,1.00329835082
514109,514117,514146,8,29,1,600,1.27586206897
514120,514128,514158,8,30,1,600,1.26666666667
514131,514138,514173,7,35,1,600,1.2
514141,514153,514188,12,35,1,600,1.34285714286
514142,514148,517791,6,3643,2,7200,1.00164699424
514152,514160,514198,8,38,1,600,1.21052631579
514163,514170,514203,7,33,1,600,1.21212121212
514173,514180,514210,7,30,1,600,1.23333333333
514184,514191,514225,7,34,1,600,1.20588235294
514195,514202,514237,7,35,1,600,1.2
514205,514213,514248,8,35,1,600,1.22857142857
514216,514224,514258,8,34,1,600,1.23529411765
514227,514234,514267,7,33,1,600,1.21212121212
514238,514245,514282,7,37,1,600,1.18918918919
514248,514256,514290,8,34,1,600,1.23529411765
514259,514265,514295,6,30,1,600,1.2
514270,514277,514312,7,35,1,600,1.2
514272,514284,517458,12,3174,2,7200,1.00378071834
514281,514291,514325,10,34,1,600,1.29411764706
514291,514298,514332,7,34,1,600,1.20588235294
514293,514305,517642,12,3337,2,7200,1.00359604435
514302,514312,514339,10,27,1,600,1.37037037037
514313,514320,514358,7,38,1,600,1.18421052632
514323,514331,514365,8,34,1,600,1.23529411765
514334,514341,514373,7,32,1,600,1.21875
514345,514351,514386,6,35,1,600,1.17142857143
514356,514363,514400,7,37,1,600,1.18918918919
514366,514373,514398,7,25,1,600,1.28
514377,514384,514425,7,41,1,600,1.17073170732
514388,514394,514425,6,31,1,600,1.1935483871
514399,514406,514437,7,31,1,600,1.22580645161
514409,514416,514448,7,32,1,600,1.21875
514420,514426,514457,6,31,1,600,1.1935483871
514431,514438,514466,7,28,1,600,1.25
514441,514449,514481,8,32,1,600,1.25
514452,514459,514494,7,35,1,600,1.2
514463,514471,514503,8,32,1,600,1.25
514474,514480,514518,6,38,1,600,1.15789473684
514484,514491,514520,7,29,1,600,1.24137931034
514495,514502,514534,7,32,1,600,1.21875
514500,514509,517714,9,3205,2,7200,1.00280811232
514506,514516,514552,10,36,1,600,1.27777777778
514516,514523,517978,7,3455,2,7200,1.0020260492
514517,514529,517817,12,3288,2,7200,1.00364963504
514527,514536,514572,9,36,1,600,1.25
514532,514543,517941,11,3398,2,7200,1.00323719835
514547,514554,517844,7,3290,2,7200,1.00212765957
514548,514560,514592,12,32,1,600,1.375
514558,514567,514594,9,27,1,600,1.33333333333
514563,514574,517823,11,3249,2,7200,1.00338565713
514564,514579,517892,15,3313,2,7200,1.00452761847
514579,514592,514626,13,34,1,600,1.38235294118
514580,514587,517909,7,3322,2,7200,1.00210716436
514581,514599,518031,18,3432,2,7200,1.00524475524
514583,514604,517828,21,3224,2,7200,1.00651364764
514600,514611,514645,11,34,1,600,1.32352941176
514607,514618,517977,11,3359,2,7200,1.00327478416
514621,514628,514663,7,35,1,600,1.2
514622,514635,518172,13,3537,2,7200,1.00367543116
514632,514642,514675,10,33,1,600,1.30303030303
514638,514649,517830,11,3181,2,7200,1.00345803207
514639,514654,517720,15,3066,2,7200,1.00489236791
514641,514660,518059,19,3399,2,7200,1.00558987938
514663,514670,514701,7,31,1,600,1.22580645161
514674,514681,514711,7,30,1,600,1.23333333333
514680,514688,517972,8,3284,2,7200,1.00243605359
514685,514695,514730,10,35,1,600,1.28571428571
514695,514707,514742,12,35,1,600,1.34285714286
514696,514702,518075,6,3373,2,7200,1.0017788319
514697,514714,517965,17,3251,2,7200,1.00522916026
514716,514722,518107,6,3385,2,7200,1.00177252585
514727,514734,514767,7,33,1,600,1.21212121212
514731,514741,518284,10,3543,2,7200,1.00282246684
514737,514748,514784,11,36,1,600,1.30555555556
514747,514755,518317,8,3562,2,7200,1.00224592925
514748,514760,518332,12,3572,2,7200,1.00335946249
514758,514767,514798,9,31,1,600,1.29032258065
514764,514774,518128,10,3354,2,7200,1.00298151461
514779,514786,514820,7,34,1,600,1.20588235294
514790,514797,514830,7,33,1,600,1.21212121212
514801,514808,514841,7,33,1,600,1.21212121212
514811,514825,514855,14,30,1,600,1.46666666667
514812,514819,518160,7,3341,2,7200,1.00209518108
514822,514832,514869,10,37,1,600,1.27027027027
514833,514845,514877,12,32,1,600,1.375
514834,514840,518268,6,3428,2,7200,1.00175029172
514844,514853,514887,9,34,1,600,1.26470588235
514854,514862,514895,8,33,1,600,1.24242424242
514858,514869,518320,11,3451,2,7200,1.00318748189
514865,514876,514911,11,35,1,600,1.31428571429
514876,514882,514914,6,32,1,600,1.1875
514886,514894,514931,8,37,1,600,1.21621621622
514897,514903,514942,6,39,1,600,1.15384615385
514908,514915,514944,7,29,1,600,1.24137931034
514919,514926,514963,7,37,1,600,1.18918918919
514929,514936,514966,7,30,1,600,1.23333333333
514940,514946,514986,6,40,1,600,1.15
514951,514958,514992,7,34,1,600,1.20588235294
514962,514969,515003,7,34,1,600,1.20588235294
514973,514981,515016,8,35,1,600,1.22857142857
514984,514991,515025,7,34,1,600,1.20588235294
514994,515002,515040,8,38,1,600,1.21052631579
515005,515012,515051,7,39,1,600,1.17948717949
515016,515023,515055,7,32,1,600,1.21875
515025,515032,518230,7,3198,2,7200,1.00218886804
515037,515044,515079,7,35,1,600,1.2
515048,515056,515089,8,33,1,600,1.24242424242
515058,515065,515099,7,34,1,600,1.20588235294
515069,515076,515114,7,38,1,600,1.18421052632
515080,515087,515122,7,35,1,600,1.2
515090,515098,515131,8,33,1,600,1.24242424242
515101,515107,515144,6,37,1,600,1.16216216216
515105,515115,518381,10,3266,2,7200,1.00306184936
515112,515122,515162,10,40,1,600,1.25
515123,515129,515157,6,28,1,600,1.21428571429
515133,515140,515174,7,34,1,600,1.20588235294
515144,515151,515188,7,37,1,600,1.18918918919
515155,515162,515193,7,31,1,600,1.22580645161
515159,515170,518509,11,3339,2,7200,1.00329439952
515161,515175,518555,14,3380,2,7200,1.00414201183
515176,515183,515214,7,31,1,600,1.22580645161
515188,515195,515226,7,31,1,600,1.22580645161
515198,515205,515236,7,31,1,600,1.22580645161
515203,515211,518662,8,3451,2,7200,1.00231816865
515209,515219,515256,10,37,1,600,1.27027027027
515220,515227,515262,7,35,1,600,1.2
515228,515235,518428,7,3193,2,7200,1.00219229565
515231,515242,515275,11,33,1,600,1.33333333333
515241,515249,515281,8,32,1,600,1.25
515249,515256,518482,7,3226,2,7200,1.00216986981
515252,515263,515300,11,37,1,600,1.2972972973
515263,515270,515309,7,39,1,600,1.17948717949
515264,515277,518419,13,3142,2,7200,1.00413749204
515274,515284,515322,10,38,1,600,1.26315789474
515285,515293,515330,8,37,1,600,1.21621621622
515296,515302,515335,6,33,1,600,1.18181818182
515298,515310,518477,12,3167,2,7200,1.00378907483
515306,515317,515351,11,34,1,600,1.32352941176
515317,515324,515357,7,33,1,600,1.21212121212
515328,515336,515374,8,38,1,600,1.21052631579
515339,515346,515372,7,26,1,600,1.26923076923
515349,515355,515389,6,34,1,600,1.17647058824
515360,515367,515400,7,33,1,600,1.21212121212
515362,515374,518845,12,3471,2,7200,1.00345721694
515371,515381,515413,10,32,1,600,1.3125
515382,515388,515423,6,35,1,600,1.17142857143
515392,515399,515435,7,36,1,600,1.19444444444
515403,515409,515439,6,30,1,600,1.2
515414,515421,515457,7,36,1,600,1.19444444444
515424,515431,515469,7,38,1,600,1.18421052632
515435,515441,515472,6,31,1,600,1.1935483871
515446,515459,515494,13,35,1,600,1.37142857143
515447,515454,518736,7,3282,2,7200,1.00213284583
515457,515466,515503,9,37,1,600,1.24324324324
515467,515474,515511,7,37,1,600,1.18918918919
515475,515481,518867,6,3386,2,7200,1.00177200236
515478,515488,515521,10,33,1,600,1.30303030303
515489,515496,515523,7,27,1,600,1.25925925926
515500,515507,515542,7,35,1,600,1.2
515510,515518,515554,8,36,1,600,1.22222222222
515521,515527,515563,6,36,1,600,1.16666666667
515526,515535,518823,9,3288,2,7200,1.00273722628
515532,515542,515577,10,35,1,600,1.28571428571
515543,515550,515590,7,40,1,600,1.175
515553,515559,515595,6,36,1,600,1.16666666667
515564,515570,515612,6,42,1,600,1.14285714286
515575,515582,515616,7,34,1,600,1.20588235294
515586,515592,515625,6,33,1,600,1.18181818182
515597,515604,515642,7,38,1,600,1.18421052632
515607,515614,515647,7,33,1,600,1.21212121212
515612,515620,518938,8,3318,2,7200,1.00241109102
515618,515628,515663,10,35,1,600,1.28571428571
515627,515635,518985,8,3350,2,7200,1.0023880597
515639,515646,515682,7,36,1,600,1.19444444444
515650,515658,515693,8,35,1,600,1.22857142857
515660,515668,515702,8,34,1,600,1.23529411765
515671,515678,515715,7,37,1,600,1.18918918919
515682,515689,515727,7,38,1,600,1.18421052632
515693,515700,515735,7,35,1,600,1.2
515704,515711,515744,7,33,1,600,1.21212121212
515714,515721,515750,7,29,1,600,1.24137931034
515725,515732,515764,7,32,1,600,1.21875
515736,515743,515783,7,40,1,600,1.175
515746,515754,515788,8,34,1,600,1.23529411765
515757,515765,515803,8,38,1,600,1.21052631579
515768,515774,515808,6,34,1,600,1.17647058824
515779,515786,515821,7,35,1,600,1.2
515789,515797,515834,8,37,1,600,1.21621621622
515800,515807,515847,7,40,1,600,1.175
515811,515818,515852,7,34,1,600,1.20588235294
515822,515829,515865,7,36,1,600,1.19444444444
515832,515838,515869,6,31,1,600,1.1935483871
515843,515850,515879,7,29,1,600,1.24137931034
515854,515862,515894,8,32,1,600,1.25
515864,515872,515908,8,36,1,600,1.22222222222
515875,515882,515916,7,34,1,600,1.20588235294
515886,515893,515928,7,35,1,600,1.2
515897,515904,515939,7,35,1,600,1.2
515908,515914,515951,6,37,1,600,1.16216216216
515918,515925,515958,7,33,1,600,1.21212121212
515929,515936,515942,7,6,1,600,1.3
515940,515946,515988,6,42,1,600,1.14285714286
515951,515957,515988,6,31,1,600,1.1935483871
515961,515968,515974,7,6,1,600,1.3
515972,515978,515992,6,14,1,600,1.42857142857
515983,515990,516026,7,36,1,600,1.19444444444
515993,516000,516031,7,31,1,600,1.22580645161
516004,516011,516025,7,14,1,600,1.5
516015,516021,516030,6,9,1,600,1.5
516026,516033,516046,7,13,1,600,1.53846153846
516036,516044,516059,8,15,1,600,1.53333333333
516128,516135,519315,7,3180,2,7200,1.00220125786
516144,516156,517589,12,1433,1,2400,1.00837404047
516144,516150,519441,6,3291,2,7200,1.00182315406
516198,516205,519466,7,3261,2,7200,1.0021465808
516316,516324,519810,8,3486,2,7200,1.00229489386
516350,516356,519680,6,3324,2,7200,1.00180505415
516389,516397,519487,8,3090,2,7200,1.00258899676
516417,516424,519873,7,3449,2,7200,1.00202957379
516453,516460,519987,7,3527,2,7200,1.00198468954
516455,516467,519713,12,3246,2,7200,1.00369685767
516494,516501,519925,7,3424,2,7200,1.00204439252
516555,516562,519773,7,3211,2,7200,1.00218000623
516701,516708,520239,7,3531,2,7200,1.00198244123
516725,516731,520117,6,3386,2,7200,1.00177200236
516727,516739,519748,12,3009,2,7200,1.00398803589
516760,516766,520053,6,3287,2,7200,1.00182537268
516791,516797,520096,6,3299,2,7200,1.00181873295
516806,516813,520373,7,3560,2,7200,1.00196629213
516842,516849,520181,7,3332,2,7200,1.00210084034
516858,516864,520144,6,3280,2,7200,1.00182926829
516873,516879,520047,6,3168,2,7200,1.00189393939
516918,516925,520234,7,3309,2,7200,1.00211544273
516991,516998,520505,7,3507,2,7200,1.00199600798
517025,517032,520188,7,3156,2,7200,1.00221799747
517040,517047,520485,7,3438,2,7200,1.00203606748
517041,517053,520522,12,3469,2,7200,1.00345921015
517063,517070,520359,7,3289,2,7200,1.00212830648
517087,517094,520256,7,3162,2,7200,1.00221378874
517102,517109,520435,7,3326,2,7200,1.00210463019
517127,517133,520655,6,3522,2,7200,1.00170357751
517264,517271,520698,7,3427,2,7200,1.00204260286
517312,517320,520639,8,3319,2,7200,1.00241036457
517367,517373,520951,6,3578,2,7200,1.00167691448
517437,517444,520890,7,3446,2,7200,1.00203134068
517452,517459,520845,7,3386,2,7200,1.00206733609
517468,517474,520732,6,3258,2,7200,1.00184162063
517504,517511,520864,7,3353,2,7200,1.00208768267
517520,517526,520838,6,3312,2,7200,1.0018115942
517641,517648,521047,7,3399,2,7200,1.00205942924
517714,517720,521137,6,3417,2,7200,1.00175592625
517729,517736,521036,7,3300,2,7200,1.00212121212
517793,517799,521063,6,3264,2,7200,1.00183823529
517817,517823,521177,6,3354,2,7200,1.00178890877
517833,517840,521156,7,3316,2,7200,1.00211097708
517834,517847,521283,13,3436,2,7200,1.00378346915
517836,517852,521115,16,3263,2,7200,1.00490346307
517851,517860,521042,9,3182,2,7200,1.00282840981
517894,517901,521399,7,3498,2,7200,1.00200114351
517909,517915,521134,6,3219,2,7200,1.0018639329
517942,517948,521310,6,3362,2,7200,1.00178465199
517967,517974,521337,7,3363,2,7200,1.00208147487
517982,517989,521184,7,3195,2,7200,1.00219092332
517983,517996,521128,13,3132,2,7200,1.00415070243
517985,518001,521373,16,3372,2,7200,1.00474495848
518033,518041,521338,8,3297,2,7200,1.00242644829
518061,518067,521371,6,3304,2,7200,1.00181598063
518076,518082,521351,6,3269,2,7200,1.00183542368
518110,518116,521490,6,3374,2,7200,1.00177830468
518128,518134,521113,6,2979,2,7200,1.00201409869
518162,518168,521663,6,3495,2,7200,1.0017167382
518177,518184,521601,7,3417,2,7200,1.00204858063
518232,518238,521411,6,3173,2,7200,1.00189095493
518268,518275,521626,7,3351,2,7200,1.00208892868
518286,518293,521754,7,3461,2,7200,1.00202253684
518317,518324,521726,7,3402,2,7200,1.00205761317
518333,518339,521675,6,3336,2,7200,1.00179856115
518334,518347,521683,13,3336,2,7200,1.00389688249
518383,518390,521452,7,3062,2,7200,1.00228608752
518419,518426,521564,7,3138,2,7200,1.0022307202
518434,518441,521610,7,3169,2,7200,1.00220889871
518440,518491,519927,51,1436,1,2400,1.03551532033
518477,518484,521673,7,3189,2,7200,1.00219504547
518492,518500,521889,8,3389,2,7200,1.00236057834
518511,518518,521819,7,3301,2,7200,1.00212056952
518556,518563,521517,7,2954,2,7200,1.00236966825
518663,518670,521960,7,3290,2,7200,1.00212765957
518739,518746,522198,7,3452,2,7200,1.00202780997
518824,518831,521882,7,3051,2,7200,1.00229432973
518845,518852,522115,7,3263,2,7200,1.00214526509
518866,518873,522322,7,3449,2,7200,1.00202957379
518939,518946,522272,7,3326,2,7200,1.00210463019
518985,518992,522532,7,3540,2,7200,1.00197740113
519317,519324,522855,7,3531,2,7200,1.00198244123
519444,519452,522770,8,3318,2,7200,1.00241109102
519469,519476,522646,7,3170,2,7200,1.00220820189
519489,519496,519506,7,10,1,600,1.7
519490,519504,522875,14,3371,2,7200,1.00415307031
519682,519690,523043,8,3353,2,7200,1.00238592305
519716,519722,523225,6,3503,2,7200,1.00171281758
519750,519757,523110,7,3353,2,7200,1.00208768267
519774,519780,523417,6,3637,2,7200,1.0016497113
519811,519817,523147,6,3330,2,7200,1.0018018018
519875,519881,523245,6,3364,2,7200,1.00178359096
519926,519934,523552,8,3618,2,7200,1.00221116639
519990,519998,523332,8,3334,2,7200,1.0023995201
520013,520020,520076,7,56,1,600,1.125
520024,520031,520834,7,803,1,1800,1.00871731009
520048,520055,523367,7,3312,2,7200,1.00211352657
520063,520070,523432,7,3362,2,7200,1.00208209399
520097,520104,523615,7,3511,2,7200,1.00199373398
520118,520125,523690,7,3565,2,7200,1.00196353436
520146,520152,523780,6,3628,2,7200,1.00165380375
520179,520186,523403,7,3217,2,7200,1.00217594032
520194,520201,523748,7,3547,2,7200,1.00197349873
520237,520244,523534,7,3290,2,7200,1.00212765957
520238,520251,523573,13,3322,2,7200,1.00391330524
520257,520263,523429,6,3166,2,7200,1.00189513582
520360,520367,523678,7,3311,2,7200,1.0021141649
520375,520382,523693,7,3311,2,7200,1.0021141649
520436,520443,523758,7,3315,2,7200,1.00211161388
520485,520491,523781,6,3290,2,7200,1.00182370821
520503,520510,523799,7,3289,2,7200,1.00212830648
520524,520531,524064,7,3533,2,7200,1.00198131899
520637,520644,524138,7,3494,2,7200,1.00200343446
520655,520663,524152,8,3489,2,7200,1.00229292061
520698,520705,524010,7,3305,2,7200,1.00211800303
520735,520741,523987,6,3246,2,7200,1.00184842884
520841,520848,524193,7,3345,2,7200,1.00209267564
520856,520862,524185,6,3323,2,7200,1.00180559735
520871,520879,524468,8,3589,2,7200,1.00222903316
520893,520899,524509,6,3610,2,7200,1.00166204986
520953,520960,524121,7,3161,2,7200,1.00221448909
521039,521045,524450,6,3405,2,7200,1.00176211454
521040,521053,524411,13,3358,2,7200,1.003871352
521056,521063,524552,7,3489,2,7200,1.00200630553
521071,521078,524187,7,3109,2,7200,1.00225152782
521114,521120,524218,6,3098,2,7200,1.00193673338
521129,521136,524185,7,3049,2,7200,1.0022958347
521131,521143,524476,12,3333,2,7200,1.00360036004
521146,521152,524530,6,3378,2,7200,1.00177619893
521148,521160,524564,12,3404,2,7200,1.00352526439
521163,521170,524356,7,3186,2,7200,1.00219711237
521178,521185,524771,7,3586,2,7200,1.00195203569
521193,521199,524559,6,3360,2,7200,1.00178571429
521231,521238,522673,7,1435,1,2400,1.00487804878
521285,521291,524795,6,3504,2,7200,1.00171232877
521312,521319,524634,7,3315,2,7200,1.00211161388
521340,521347,524863,7,3516,2,7200,1.00199089875
521341,521354,524536,13,3182,2,7200,1.00408548083
521356,521363,524860,7,3497,2,7200,1.00200171576
521372,521378,524885,6,3507,2,7200,1.00171086399
521373,521386,524597,13,3211,2,7200,1.004048583
521401,521407,524587,6,3180,2,7200,1.00188679245
521417,521424,524704,7,3280,2,7200,1.00213414634
521454,521461,524733,7,3272,2,7200,1.0021393643
521493,521500,524841,7,3341,2,7200,1.00209518108
521518,521524,525255,6,3731,2,7200,1.00160814795
521567,521574,524865,7,3291,2,7200,1.00212701307
521603,521609,524942,6,3333,2,7200,1.00180018002
521618,521624,524951,6,3327,2,7200,1.00180342651
521633,521641,524903,8,3262,2,7200,1.00245248314
521664,521670,525141,6,3471,2,7200,1.00172860847
521679,521687,525254,8,3567,2,7200,1.00224278105
521681,521694,525114,13,3420,2,7200,1.00380116959
521696,521702,524930,6,3228,2,7200,1.00185873606
521726,521734,525080,8,3346,2,7200,1.00239091452
521754,521761,524992,7,3231,2,7200,1.00216651192
521821,521828,525166,7,3338,2,7200,1.00209706411
521882,521889,525343,7,3454,2,7200,1.00202663578
521897,521904,525282,7,3378,2,7200,1.00207223209
521961,521968,525324,7,3356,2,7200,1.00208581645
522116,522122,525418,6,3296,2,7200,1.00182038835
522198,522204,525610,6,3406,2,7200,1.00176159718
522274,522280,525714,6,3434,2,7200,1.00174723355
522323,522330,525645,7,3315,2,7200,1.00211161388
522534,522541,526000,7,3459,2,7200,1.00202370627
522646,522653,525979,7,3326,2,7200,1.00210463019
522771,522777,526046,6,3269,2,7200,1.00183542368
522856,522863,526043,7,3180,2,7200,1.00220125786
522878,522884,526406,6,3522,2,7200,1.00170357751
523045,523058,526124,13,3066,2,7200,1.00424005219
523113,523119,526425,6,3306,2,7200,1.00181488203
523149,523156,526689,7,3533,2,7200,1.00198131899
523228,523235,526460,7,3225,2,7200,1.00217054264
523246,523253,526834,7,3581,2,7200,1.00195476124
523334,523340,526510,6,3170,2,7200,1.00189274448
523368,523375,526618,7,3243,2,7200,1.00215849522
523405,523412,526745,7,3333,2,7200,1.00210021002
523420,523427,526770,7,3343,2,7200,1.00209392761
523436,523443,526443,7,3000,2,7200,1.00233333333
523437,523450,527077,13,3627,2,7200,1.00358422939
523534,523541,527032,7,3491,2,7200,1.00200515612
523555,523562,526865,7,3303,2,7200,1.0021192855
523574,523581,526909,7,3328,2,7200,1.00210336538
523617,523624,527044,7,3420,2,7200,1.00204678363
523681,523688,527072,7,3384,2,7200,1.00206855792
523696,523703,527163,7,3460,2,7200,1.00202312139
523698,523709,527345,11,3636,2,7200,1.00302530253
523749,523757,527123,8,3366,2,7200,1.00237670826
523765,523771,527074,6,3303,2,7200,1.00181653043
523784,523792,527043,8,3251,2,7200,1.0024607813
523786,523799,527083,13,3284,2,7200,1.00395858709
523801,523808,527338,7,3530,2,7200,1.00198300283
523990,523996,527508,6,3512,2,7200,1.00170842825
524011,524018,527368,7,3350,2,7200,1.00208955224
524066,524073,527568,7,3495,2,7200,1.00200286123
524121,524128,527478,7,3350,2,7200,1.00208955224
524139,524146,527668,7,3522,2,7200,1.0019875071
524155,524162,527675,7,3513,2,7200,1.00199259892
524186,524192,527845,6,3653,2,7200,1.00164248563
524188,524200,527544,12,3344,2,7200,1.00358851675
524203,524209,527562,6,3353,2,7200,1.00178944229
524205,524217,527469,12,3252,2,7200,1.0036900369
524220,524227,527572,7,3345,2,7200,1.00209267564
524357,524364,527504,7,3140,2,7200,1.00222929936
524411,524417,527997,6,3580,2,7200,1.00167597765
524454,524460,527718,6,3258,2,7200,1.00184162063
524469,524475,527892,6,3417,2,7200,1.00175592625
524484,524492,527901,8,3409,2,7200,1.00234672925
524512,524519,527786,7,3267,2,7200,1.00214263851
524533,524539,527867,6,3328,2,7200,1.00180288462
524549,524556,527777,7,3221,2,7200,1.00217323812
524564,524571,528048,7,3477,2,7200,1.0020132298
524566,524578,528052,12,3474,2,7200,1.00345423143
524568,524583,527955,15,3372,2,7200,1.00444839858
524587,524594,527933,7,3339,2,7200,1.00209643606
524602,524609,527766,7,3157,2,7200,1.0022172949
524636,524642,527936,6,3294,2,7200,1.00182149362
524706,524711,528058,5,3347,2,7200,1.00149387511
524733,524740,527925,7,3185,2,7200,1.0021978022
524773,524779,527919,6,3140,2,7200,1.00191082803
524797,524803,528135,6,3332,2,7200,1.00180072029
524840,524846,528310,6,3464,2,7200,1.00173210162
524861,524868,528031,7,3163,2,7200,1.00221308884
524877,524884,528437,7,3553,2,7200,1.00197016606
524878,524890,528197,12,3307,2,7200,1.00362866647
524893,524899,528294,6,3395,2,7200,1.00176730486
524909,524916,528268,7,3352,2,7200,1.00208830549
524932,524940,528297,8,3357,2,7200,1.00238308013
524948,524954,528186,6,3232,2,7200,1.00185643564
524963,524970,528112,7,3142,2,7200,1.00222788033
524993,525000,528240,7,3240,2,7200,1.00216049383
525081,525088,528365,7,3277,2,7200,1.00213610009
525115,525122,528635,7,3513,2,7200,1.00199259892
525142,525149,528752,7,3603,2,7200,1.00194282542
525167,525173,528325,6,3152,2,7200,1.0019035533
525255,525262,528861,7,3599,2,7200,1.00194498472
525257,525269,528488,12,3219,2,7200,1.0037278658
525284,525291,528751,7,3460,2,7200,1.00202312139
525295,525301,526971,6,1670,1,2400,1.00359281437
525327,525333,528648,6,3315,2,7200,1.00180995475
525342,525348,528673,6,3325,2,7200,1.00180451128
525372,525438,526946,66,1508,1,2400,1.04376657825
525376,525444,526957,68,1513,1,2400,1.04494382022
525380,525625,525627,245,2,1,2400,24.7
525385,525630,527277,245,1647,1,2400,1.14875531269
525395,525639,527314,244,1675,1,2400,1.14567164179
525402,525661,527320,259,1659,1,2400,1.15611814346
525411,525667,527332,256,1665,1,2400,1.15375375375
525419,525731,527383,312,1652,1,2400,1.18886198547
525421,525431,528592,10,3161,2,7200,1.00316355584
525470,525736,527389,266,1653,1,2400,1.16091954023
525610,525618,529096,8,3478,2,7200,1.00230017251
525647,525654,529072,7,3418,2,7200,1.00204798128
525717,525724,529121,7,3397,2,7200,1.00206064174
525980,525986,529284,6,3298,2,7200,1.00181928441
526001,526007,529649,6,3642,2,7200,1.00164744646
526044,526051,529550,7,3499,2,7200,1.00200057159
526059,526066,529527,7,3461,2,7200,1.00202253684
526123,526129,529305,6,3176,2,7200,1.00188916877
526408,526415,529733,7,3318,2,7200,1.00210970464
526426,526433,529730,7,3297,2,7200,1.00212314225
526444,526451,529788,7,3337,2,7200,1.00209769254
526462,526470,529782,8,3312,2,7200,1.00241545894
526511,526518,529893,7,3375,2,7200,1.00207407407
526628,526635,530151,7,3516,2,7200,1.00199089875
526698,526706,530379,8,3673,2,7200,1.00217805608
526722,526729,526731,7,2,2,3540,1.0
526747,526754,530181,7,3427,2,7200,1.00204260286
526772,526779,530211,7,3432,2,7200,1.00203962704
526835,526842,530129,7,3287,2,7200,1.00212960146
526866,526873,530270,7,3397,2,7200,1.00206064174
526912,526919,530445,7,3526,2,7200,1.00198525241
527034,527041,530452,7,3411,2,7200,1.00205218411
527049,527056,530220,7,3164,2,7200,1.00221238938
527050,527063,530397,13,3334,2,7200,1.00389922016
527072,527079,530701,7,3622,2,7200,1.0019326339
527087,527094,530453,7,3359,2,7200,1.00208395356
527089,527102,530632,13,3530,2,7200,1.00368271955
527090,527107,530416,17,3309,2,7200,1.00513750378
527127,527133,530506,6,3373,2,7200,1.0017788319
527166,527173,530524,7,3351,2,7200,1.00208892868
527337,527344,530791,7,3447,2,7200,1.00203075138
527353,527359,530722,6,3363,2,7200,1.00178412132
527368,527375,530604,7,3229,2,7200,1.00216785382
527472,527478,530856,6,3378,2,7200,1.00177619893
527488,527495,530860,7,3365,2,7200,1.00208023774
527506,527513,530930,7,3417,2,7200,1.00204858063
527521,527528,530678,7,3150,2,7200,1.00222222222
527546,527553,530967,7,3414,2,7200,1.00205038079
527564,527571,530900,7,3329,2,7200,1.00210273355
527580,527586,531106,6,3520,2,7200,1.00170454545
527581,527594,531288,13,3694,2,7200,1.00351922036
527668,527674,531041,6,3367,2,7200,1.00178200178
527683,527690,531074,7,3384,2,7200,1.00206855792
527719,527725,531076,6,3351,2,7200,1.0017905103
527768,527775,531223,7,3448,2,7200,1.00203016241
527783,527790,530945,7,3155,2,7200,1.00221870048
527799,527805,531081,6,3276,2,7200,1.00183150183
527848,527854,531274,6,3420,2,7200,1.00175438596
527853,527862,528034,9,172,1,3600,1.0523255814
527869,527875,531251,6,3376,2,7200,1.00177725118
527894,527901,531440,7,3539,2,7200,1.00197795988
527909,527916,531561,7,3645,2,7200,1.00192043896
527925,527933,531055,8,3122,2,7200,1.00256245996
527926,527938,531160,12,3222,2,7200,1.00372439479
527942,527948,531203,6,3255,2,7200,1.00184331797
527943,527955,531322,12,3367,2,7200,1.00356400356
527958,527965,531153,7,3188,2,7200,1.002195734
527995,528002,531364,7,3362,2,7200,1.00208209399
528032,528039,531361,7,3322,2,7200,1.00210716436
528050,528057,531343,7,3286,2,7200,1.00213024954
528066,528073,531384,7,3311,2,7200,1.0021141649
528067,528080,531392,13,3312,2,7200,1.00392512077
528116,528122,531432,6,3310,2,7200,1.00181268882
528136,528142,531704,6,3562,2,7200,1.00168444694
528188,528195,531711,7,3516,2,7200,1.00199089875
528203,528210,531625,7,3415,2,7200,1.00204978038
528215,528282,528638,67,356,1,3600,1.18820224719
528240,528247,531487,7,3240,2,7200,1.00216049383
528268,528275,531643,7,3368,2,7200,1.0020783848
528295,528302,531492,7,3190,2,7200,1.00219435737
528311,528318,531557,7,3239,2,7200,1.00216116085
528312,528325,531489,13,3164,2,7200,1.00410872314
528328,528334,531655,6,3321,2,7200,1.00180668473
528367,528374,531778,7,3404,2,7200,1.00205640423
528437,528445,531753,8,3308,2,7200,1.00241837969
528489,528496,531980,7,3484,2,7200,1.00200918485
528593,528600,532064,7,3464,2,7200,1.00202078522
528636,528643,531951,7,3308,2,7200,1.00211608222
528651,528658,532279,7,3621,2,7200,1.00193316763
528675,528682,532004,7,3322,2,7200,1.00210716436
528752,528759,532212,7,3453,2,7200,1.0020272227
528753,528766,532056,13,3290,2,7200,1.00395136778
528863,528869,532308,6,3439,2,7200,1.00174469322
529000,529321,530174,321,853,1,3600,1.37631887456
529073,529080,532409,7,3329,2,7200,1.00210273355
529097,529104,532540,7,3436,2,7200,1.00203725262
529122,529128,532264,6,3136,2,7200,1.00191326531
529286,529293,532472,7,3179,2,7200,1.0022019503
529307,529313,532512,6,3199,2,7200,1.00187558612
529528,529535,532795,7,3260,2,7200,1.00214723926
529550,529556,532932,6,3376,2,7200,1.00177725118
529650,529657,533185,7,3528,2,7200,1.00198412698
529732,529739,533065,7,3326,2,7200,1.00210463019
529747,529753,532933,6,3180,2,7200,1.00188679245
529784,529791,533177,7,3386,2,7200,1.00206733609
529799,529806,533164,7,3358,2,7200,1.00208457415
529896,529902,533140,6,3238,2,7200,1.00185299568
530131,530137,533403,6,3266,2,7200,1.00183710961
530150,530156,533716,6,3560,2,7200,1.00168539326
530181,530188,533433,7,3245,2,7200,1.00215716487
530215,530221,533631,6,3410,2,7200,1.00175953079
530230,530237,533707,7,3470,2,7200,1.00201729107
530273,530280,533891,7,3611,2,7200,1.00193852119
530382,530389,533601,7,3212,2,7200,1.00217932752
530400,530406,533818,6,3412,2,7200,1.00175849941
530419,530425,533533,6,3108,2,7200,1.00193050193
530446,530452,533746,6,3294,2,7200,1.00182149362
530461,530469,533738,8,3269,2,7200,1.00244723157
530463,530475,533767,12,3292,2,7200,1.00364520049
530505,530512,534197,7,3685,2,7200,1.00189959294
530523,530531,534147,8,3616,2,7200,1.00221238938
530606,530613,533840,7,3227,2,7200,1.0021691974
530633,530640,533934,7,3294,2,7200,1.0021250759
530678,530685,533891,7,3206,2,7200,1.00218340611
530703,530709,534056,6,3347,2,7200,1.00179265013
530724,530731,534145,7,3414,2,7200,1.00205038079
530794,530802,534225,8,3423,2,7200,1.00233713117
530858,530865,534242,7,3377,2,7200,1.00207284572
530873,530880,534272,7,3392,2,7200,1.00206367925
530901,530907,534178,6,3271,2,7200,1.00183430144
530932,530938,534512,6,3574,2,7200,1.00167879127
530947,530953,534234,6,3281,2,7200,1.00182871076
530968,530975,534100,7,3125,2,7200,1.00224
531042,531049,534332,7,3283,2,7200,1.00213219616
531057,531064,534704,7,3640,2,7200,1.00192307692
531076,531082,534169,6,3087,2,7200,1.0019436346
531077,531090,534425,13,3335,2,7200,1.00389805097
531092,531100,534374,8,3274,2,7200,1.0024434942
531108,531114,534594,6,3480,2,7200,1.00172413793
531155,531162,534240,7,3078,2,7200,1.00227420403
531170,531176,534592,6,3416,2,7200,1.00175644028
531207,531213,534547,6,3334,2,7200,1.00179964007
531225,531231,534425,6,3194,2,7200,1.00187852223
531252,531259,534584,7,3325,2,7200,1.00210526316
531276,531284,534575,8,3291,2,7200,1.00243087208
531292,531298,534794,6,3496,2,7200,1.00171624714
531322,531329,534811,7,3482,2,7200,1.00201033889
531337,531358,531534,21,176,1,3600,1.11931818182
531344,531351,534824,7,3473,2,7200,1.00201554852
531362,531370,534490,8,3120,2,7200,1.00256410256
531378,531385,534633,7,3248,2,7200,1.00215517241
531393,531400,534760,7,3360,2,7200,1.00208333333
531394,531407,534697,13,3290,2,7200,1.00395136778
531434,531440,534892,6,3452,2,7200,1.00173812283
531449,531456,534658,7,3202,2,7200,1.00218613367
531468,531544,531685,76,141,1,3600,1.5390070922
531489,531496,535015,7,3519,2,7200,1.00198920148
531490,531503,534839,13,3336,2,7200,1.00389688249
531505,531513,534662,8,3149,2,7200,1.00254048904
531557,531565,534817,8,3252,2,7200,1.0024600246
531572,531579,535023,7,3444,2,7200,1.00203252033
531628,531635,535109,7,3474,2,7200,1.00201496834
531646,531653,535066,7,3413,2,7200,1.00205098154
531661,531669,535179,8,3510,2,7200,1.00227920228
531707,531713,535180,6,3467,2,7200,1.00173060283
531709,531767,532143,58,376,1,3600,1.15425531915
531722,531729,535128,7,3399,2,7200,1.00205942924
531753,531760,535009,7,3249,2,7200,1.00215450908
531780,531788,534969,8,3181,2,7200,1.00251493241
531866,531995,532323,129,328,1,3600,1.39329268293
531951,531957,535297,6,3340,2,7200,1.00179640719
531981,531987,535113,6,3126,2,7200,1.0019193858
532006,532013,535341,7,3328,2,7200,1.00210336538
532057,532064,535397,7,3333,2,7200,1.00210021002
532073,532080,535346,7,3266,2,7200,1.00214329455
532215,532222,535626,7,3404,2,7200,1.00205640423
532264,532272,535429,8,3157,2,7200,1.00253405131
532280,532286,535520,6,3234,2,7200,1.00185528757
532307,532314,535538,7,3224,2,7200,1.00217121588
532412,532419,536008,7,3589,2,7200,1.00195040401
532473,532480,535894,7,3414,2,7200,1.00205038079
532496,532811,533661,315,850,1,3600,1.37058823529
532513,532520,535921,7,3401,2,7200,1.00205821817
532540,532546,535711,6,3165,2,7200,1.0018957346
532795,532953,533567,158,614,1,3600,1.25732899023
532796,532804,536150,8,3346,2,7200,1.00239091452
532933,532941,536426,8,3485,2,7200,1.00229555237
532934,532946,536282,12,3336,2,7200,1.0035971223
533069,533075,536293,6,3218,2,7200,1.00186451212
533142,533148,536456,6,3308,2,7200,1.00181378476
533166,533173,536612,7,3439,2,7200,1.00203547543
533182,533188,536594,6,3406,2,7200,1.00176159718
533197,533203,536450,6,3247,2,7200,1.00184785956
533401,533409,536925,8,3516,2,7200,1.00227531286
533435,533442,536915,7,3473,2,7200,1.00201554852
533535,533542,537053,7,3511,2,7200,1.00199373398
533603,533609,536959,6,3350,2,7200,1.00179104478
533634,533640,536930,6,3290,2,7200,1.00182370821
533711,533718,536910,7,3192,2,7200,1.00219298246
533726,533732,536935,6,3203,2,7200,1.00187324383
533741,533748,537244,7,3496,2,7200,1.00200228833
533756,533763,536900,7,3137,2,7200,1.0022314313
533772,533779,537120,7,3341,2,7200,1.00209518108
533820,533827,537121,7,3294,2,7200,1.0021250759
533842,533849,537497,7,3648,2,7200,1.00191885965
533890,533897,537118,7,3221,2,7200,1.00217323812
533906,533912,537491,6,3579,2,7200,1.00167644593
533936,533942,537324,6,3382,2,7200,1.00177409817
534058,534064,537364,6,3300,2,7200,1.00181818182
534101,534107,537360,6,3253,2,7200,1.00184445128
534147,534154,537449,7,3295,2,7200,1.00212443096
534148,534161,537713,13,3552,2,7200,1.00365990991
534169,534176,537336,7,3160,2,7200,1.00221518987
534185,534191,537535,6,3344,2,7200,1.00179425837
534200,534207,537816,7,3609,2,7200,1.00193959546
534224,534232,537828,8,3596,2,7200,1.0022246941
534240,534247,537622,7,3375,2,7200,1.00207407407
534241,534253,537713,12,3460,2,7200,1.00346820809
534243,534260,537571,17,3311,2,7200,1.00513440048
534273,534279,537606,6,3327,2,7200,1.00180342651
534334,534341,537753,7,3412,2,7200,1.00205158265
534377,534384,537844,7,3460,2,7200,1.00202312139
534426,534432,537809,6,3377,2,7200,1.0017767249
534427,534440,537899,13,3459,2,7200,1.00375831165
534491,534498,537784,7,3286,2,7200,1.00213024954
534512,534520,537740,8,3220,2,7200,1.00248447205
534549,534555,537880,6,3325,2,7200,1.00180451128
534577,534583,538062,6,3479,2,7200,1.00172463352
534592,534600,537927,8,3327,2,7200,1.00240456868
534594,534607,537897,13,3290,2,7200,1.00395136778
534595,534612,537994,17,3382,2,7200,1.00502661147
534636,534642,537793,6,3151,2,7200,1.00190415741
534660,534667,537983,7,3316,2,7200,1.00211097708
534676,534682,538041,6,3359,2,7200,1.00178624591
534697,534704,537896,7,3192,2,7200,1.00219298246
534713,534720,537940,7,3220,2,7200,1.00217391304
534762,534769,538091,7,3322,2,7200,1.00210716436
534796,534802,538065,6,3263,2,7200,1.00183879865
534814,534821,538176,7,3355,2,7200,1.00208643815
534829,534836,537981,7,3145,2,7200,1.00222575517
534831,534843,538032,12,3189,2,7200,1.00376293509
534846,534854,538242,8,3388,2,7200,1.00236127509
534895,534901,538304,6,3403,2,7200,1.00176315016
534946,534982,535100,36,118,1,3600,1.30508474576
534968,534974,538175,6,3201,2,7200,1.00187441425
534981,535081,535180,100,99,1,1800,2.0101010101
535011,535018,538448,7,3430,2,7200,1.00204081633
535026,535032,538109,6,3077,2,7200,1.00194995125
535027,535040,538590,13,3550,2,7200,1.00366197183
535067,535073,538423,6,3350,2,7200,1.00179104478
535110,535116,538582,6,3466,2,7200,1.00173110214
535125,535132,538388,7,3256,2,7200,1.00214987715
535140,535148,538587,8,3439,2,7200,1.00232625763
535180,535190,538662,10,3472,2,7200,1.00288018433
535182,535197,538638,15,3441,2,7200,1.00435919791
535282,535358,535680,76,322,1,3600,1.23602484472
535298,535304,538573,6,3269,2,7200,1.00183542368
535344,535350,538655,6,3305,2,7200,1.00181543116
535359,535365,538696,6,3331,2,7200,1.00180126088
535399,535406,538652,7,3246,2,7200,1.00215650031
535429,535437,538853,8,3416,2,7200,1.00234192037
535487,535493,535607,6,114,1,1800,1.05263157895
535521,535528,538767,7,3239,2,7200,1.00216116085
535539,535546,538886,7,3340,2,7200,1.00209580838
535628,535634,539202,6,3568,2,7200,1.00168161435
535713,535720,539485,7,3765,2,7200,1.00185922975
535896,535903,539331,7,3428,2,7200,1.002042007
535923,535931,539308,8,3377,2,7200,1.00236896654
536008,536015,539432,7,3417,2,7200,1.00204858063
536151,536159,539553,8,3394,2,7200,1.00235710077
536159,536311,536919,152,608,1,3600,1.25
536266,536316,536892,50,576,1,1800,1.08680555556
536282,536289,539437,7,3148,2,7200,1.00222363405
536297,536304,539642,7,3338,2,7200,1.00209706411
536426,536433,539758,7,3325,2,7200,1.00210526316
536450,536457,539852,7,3395,2,7200,1.00206185567
536465,536472,539786,7,3314,2,7200,1.00211225106
536597,536604,539873,7,3269,2,7200,1.00214132762
536612,536619,540378,7,3759,2,7200,1.00186219739
536901,536907,540554,6,3647,2,7200,1.00164518783
536916,536923,540276,7,3353,2,7200,1.00208768267
536918,536931,540291,13,3360,2,7200,1.00386904762
536934,536940,540510,6,3570,2,7200,1.00168067227
536935,536948,540140,13,3192,2,7200,1.0040726817
536951,536958,540329,7,3371,2,7200,1.00207653515
536966,536974,540264,8,3290,2,7200,1.00243161094
537054,537060,540176,6,3116,2,7200,1.00192554557
537118,537124,540551,6,3427,2,7200,1.00175080245
537134,537140,540428,6,3288,2,7200,1.00182481752
537136,537147,540604,11,3457,2,7200,1.00318194967
537242,537249,540533,7,3284,2,7200,1.00213154689
537325,537332,540627,7,3295,2,7200,1.00212443096
537340,537347,540638,7,3291,2,7200,1.00212701307
537361,537367,540659,6,3292,2,7200,1.00182260024
537376,537383,540694,7,3311,2,7200,1.0021141649
537449,537456,540828,7,3372,2,7200,1.00207591934
537489,537500,540777,11,3277,2,7200,1.00335672872
537504,537512,540895,8,3383,2,7200,1.002364765
537535,537543,540937,8,3394,2,7200,1.00235710077
537572,537578,541060,6,3482,2,7200,1.00172314762
537608,537616,540954,8,3338,2,7200,1.0023966447
537624,537631,540957,7,3326,2,7200,1.00210463019
537715,537722,541211,7,3489,2,7200,1.00200630553
537717,537729,541278,12,3549,2,7200,1.00338123415
537741,537748,540991,7,3243,2,7200,1.00215849522
537756,537763,541061,7,3298,2,7200,1.00212249848
537787,537794,541106,7,3312,2,7200,1.00211352657
537802,537809,541393,7,3584,2,7200,1.001953125
537818,537825,541173,7,3348,2,7200,1.00209080048
537819,537832,540932,13,3100,2,7200,1.00419354839
537834,537841,541240,7,3399,2,7200,1.00205942924
537849,537856,540988,7,3132,2,7200,1.00223499361
537883,537890,541190,7,3300,2,7200,1.00212121212
537899,537905,541085,6,3180,2,7200,1.00188679245
537901,537913,541312,12,3399,2,7200,1.00353045013
537902,537919,541539,17,3620,2,7200,1.0046961326
537930,537936,541343,6,3407,2,7200,1.00176108013
537945,537952,541176,7,3224,2,7200,1.00217121588
537981,537989,541442,8,3453,2,7200,1.00231682595
537997,538004,541370,7,3366,2,7200,1.00207961973
537999,538011,541159,12,3148,2,7200,1.00381194409
538032,538038,541219,6,3181,2,7200,1.00188619931
538048,538054,541631,6,3577,2,7200,1.00167738328
538063,538070,541647,7,3577,2,7200,1.00195694716
538078,538085,541557,7,3472,2,7200,1.00201612903
538094,538100,541358,6,3258,2,7200,1.00184162063
538112,538118,541328,6,3210,2,7200,1.00186915888
538176,538183,541756,7,3573,2,7200,1.00195913798
538177,538190,541802,13,3612,2,7200,1.00359911406
538245,538252,541439,7,3187,2,7200,1.00219642297
538306,538313,541427,7,3114,2,7200,1.00224791265
538389,538396,541711,7,3315,2,7200,1.00211161388
538425,538431,541792,6,3361,2,7200,1.00178518298
538450,538457,541773,7,3316,2,7200,1.00211097708
538574,538582,542020,8,3438,2,7200,1.00232693426
538590,538597,541849,7,3252,2,7200,1.00215252153
538591,538604,541809,13,3205,2,7200,1.00405616225
538593,538610,541919,17,3309,2,7200,1.00513750378
538640,538646,541989,6,3343,2,7200,1.00179479509
538656,538663,541994,7,3331,2,7200,1.00210147103
538657,538670,542172,13,3502,2,7200,1.00371216448
538658,538677,538792,19,115,1,1800,1.1652173913
538672,538685,541953,13,3268,2,7200,1.00397796818
538676,538711,538759,35,48,1,1800,1.72916666667
538697,538703,542129,6,3426,2,7200,1.00175131349
538770,538777,542065,7,3288,2,7200,1.00212895377
538856,538863,542183,7,3320,2,7200,1.00210843373
538886,538892,542016,6,3124,2,7200,1.0019206146
539079,539217,539298,138,81,1,1800,2.7037037037
539121,539223,539324,102,101,1,1800,2.0099009901
539203,539210,542649,7,3439,2,7200,1.00203547543
539309,539316,542489,7,3173,2,7200,1.00220611409
539335,539341,542676,6,3335,2,7200,1.00179910045
539433,539440,542688,7,3248,2,7200,1.00215517241
539434,539447,542955,13,3508,2,7200,1.00370581528
539486,539492,543012,6,3520,2,7200,1.00170454545
539556,539562,542995,6,3433,2,7200,1.0017477425
539643,539650,542751,7,3101,2,7200,1.00225733634
539759,539765,542887,6,3122,2,7200,1.00192184497
539790,539797,543166,7,3369,2,7200,1.00207776788
539854,539861,543171,7,3310,2,7200,1.00211480363
539875,539883,542980,8,3097,2,7200,1.00258314498
540027,540034,540602,7,568,1,1800,1.01232394366
540140,540147,543434,7,3287,2,7200,1.00212960146
540177,540184,543782,7,3598,2,7200,1.00194552529
540256,540262,540554,6,292,1,1800,1.02054794521
540265,540272,543632,7,3360,2,7200,1.00208333333
540280,540286,543697,6,3411,2,7200,1.00175901495
540295,540302,543834,7,3532,2,7200,1.00198187995
540332,540339,543665,7,3326,2,7200,1.00210463019
540378,540384,543718,6,3334,2,7200,1.00179964007
540430,540437,544055,7,3618,2,7200,1.00193477059
540512,540519,543856,7,3337,2,7200,1.00209769254
540533,540540,543907,7,3367,2,7200,1.00207900208
540551,540557,543801,6,3244,2,7200,1.00184956843
540567,540573,543977,6,3404,2,7200,1.0017626322
540607,540613,543935,6,3322,2,7200,1.00180614088
540628,540634,543956,6,3322,2,7200,1.00180614088
540644,540650,544043,6,3393,2,7200,1.0017683466
540662,540669,544033,7,3364,2,7200,1.00208085612
540696,540703,544120,7,3417,2,7200,1.00204858063
540775,540782,544097,7,3315,2,7200,1.00211161388
540830,540837,544141,7,3304,2,7200,1.00211864407
540897,540903,544150,6,3247,2,7200,1.00184785956
540934,540940,544158,6,3218,2,7200,1.00186451212
540949,540956,544276,7,3320,2,7200,1.00210843373
540964,540971,544185,7,3214,2,7200,1.00217797138
540966,540977,544302,11,3325,2,7200,1.00330827068
540990,540997,544374,7,3377,2,7200,1.00207284572
540991,541004,544548,13,3544,2,7200,1.00366817156
541062,541068,544633,6,3565,2,7200,1.00168302945
541063,541076,544421,13,3345,2,7200,1.00388639761
541087,541093,544601,6,3508,2,7200,1.00171037628
541109,541116,544470,7,3354,2,7200,1.00208706023
541160,541168,544521,8,3353,2,7200,1.00238592305
541176,541183,544735,7,3552,2,7200,1.00197072072
541177,541190,544695,13,3505,2,7200,1.00370898716
541194,541202,544578,8,3376,2,7200,1.00236966825
541213,541220,544847,7,3627,2,7200,1.00192996967
541228,541235,544589,7,3354,2,7200,1.00208706023
541243,541250,544423,7,3173,2,7200,1.00220611409
541277,541283,544618,6,3335,2,7200,1.00179910045
541314,541320,544511,6,3191,2,7200,1.00188028831
541329,541336,544768,7,3432,2,7200,1.00203962704
541345,541351,544447,6,3096,2,7200,1.0019379845
541360,541366,544641,6,3275,2,7200,1.00183206107
541375,541382,544829,7,3447,2,7200,1.00203075138
541393,541400,544550,7,3150,2,7200,1.00222222222
541427,541433,544721,6,3288,2,7200,1.00182481752
541443,541449,544805,6,3356,2,7200,1.00178784267
541444,541457,544802,13,3345,2,7200,1.00388639761
541539,541546,544863,7,3317,2,7200,1.00211034067
541560,541566,544728,6,3162,2,7200,1.00189753321
541633,541639,545242,6,3603,2,7200,1.00166527893
541649,541656,544828,7,3172,2,7200,1.00220680958
541713,541720,545088,7,3368,2,7200,1.0020783848
541758,541765,545130,7,3365,2,7200,1.00208023774
541774,541781,545262,7,3481,2,7200,1.0020109164
541792,541799,545311,7,3512,2,7200,1.00199316629
541808,541814,544999,6,3185,2,7200,1.00188383046
541823,541830,545553,7,3723,2,7200,1.00188020414
541850,541857,545276,7,3419,2,7200,1.00204738228
541920,541928,545333,8,3405,2,7200,1.00234948605
541954,541960,545242,6,3282,2,7200,1.00182815356
541990,541997,545163,7,3166,2,7200,1.00221099179
542006,542012,545391,6,3379,2,7200,1.00177567328
542021,542028,545415,7,3387,2,7200,1.00206672572
542023,542035,545560,12,3525,2,7200,1.00340425532
542066,542072,545643,6,3571,2,7200,1.00168020162
542129,542137,545626,8,3489,2,7200,1.00229292061
542172,542178,545819,6,3641,2,7200,1.00164789893
542188,542195,545585,7,3390,2,7200,1.00206489676
542469,542507,542555,38,48,1,1800,1.79166666667
542493,542500,545948,7,3448,2,7200,1.00203016241
542651,542658,546020,7,3362,2,7200,1.00208209399
542679,542686,546035,7,3349,2,7200,1.00209017617
542694,542702,545910,8,3208,2,7200,1.00249376559
542752,542758,546246,6,3488,2,7200,1.00172018349
542889,542896,546303,7,3407,2,7200,1.00205459348
542895,543013,543094,118,81,1,1800,2.45679012346
542956,542962,546339,6,3377,2,7200,1.0017767249
542983,542990,546425,7,3435,2,7200,1.00203784571
542999,543006,546651,7,3645,2,7200,1.00192043896
543014,543021,546312,7,3291,2,7200,1.00212701307
543167,543174,546499,7,3325,2,7200,1.00210526316
543182,543189,546493,7,3304,2,7200,1.00211864407
543435,543441,546921,6,3480,2,7200,1.00172413793
543634,543641,546967,7,3326,2,7200,1.00210463019
543665,543672,547079,7,3407,2,7200,1.00205459348
543696,543703,546897,7,3194,2,7200,1.00219160927
543720,543727,546883,7,3156,2,7200,1.00221799747
543784,543791,546957,7,3166,2,7200,1.00221099179
543787,543798,550388,11,6590,2,72000,1.00166919575
543802,543809,547365,7,3556,2,7200,1.00196850394
543836,543842,547050,6,3208,2,7200,1.00187032419
543857,543864,547175,7,3311,2,7200,1.0021141649
543909,543916,547272,7,3356,2,7200,1.00208581645
543930,543938,547173,8,3235,2,7200,1.00247295209
543958,543964,547276,6,3312,2,7200,1.0018115942
543976,543982,547262,6,3280,2,7200,1.00182926829
544034,544040,547261,6,3221,2,7200,1.00186277554
544050,544057,547235,7,3178,2,7200,1.00220264317
544065,544071,547444,6,3373,2,7200,1.0017788319
544084,544091,544375,7,284,1,1800,1.02464788732
544098,544104,547439,6,3335,2,7200,1.00179910045
544123,544129,547840,6,3711,2,7200,1.00161681487
544141,544147,547510,6,3363,2,7200,1.00178412132
544156,544164,547318,8,3154,2,7200,1.00253646164
544172,544179,547531,7,3352,2,7200,1.00208830549
544187,544194,547657,7,3463,2,7200,1.00202136876
544279,544286,547653,7,3367,2,7200,1.00207900208
544303,544310,547734,7,3424,2,7200,1.00204439252
544374,544380,547877,6,3497,2,7200,1.00171575636
544423,544430,547884,7,3454,2,7200,1.00202663578
544425,544437,547954,12,3517,2,7200,1.00341199886
544449,544456,547854,7,3398,2,7200,1.00206003531
544470,544478,547823,8,3345,2,7200,1.0023916293
544510,544517,547908,7,3391,2,7200,1.00206428782
544525,544533,547813,8,3280,2,7200,1.00243902439
544550,544556,547957,6,3401,2,7200,1.001764187
544552,544564,547763,12,3199,2,7200,1.00375117224
544576,544583,548012,7,3429,2,7200,1.00204141149
544591,544597,547889,6,3292,2,7200,1.00182260024
544606,544613,547816,7,3203,2,7200,1.00218545114
544622,544629,548138,7,3509,2,7200,1.00199487033
544637,544644,547636,7,2992,2,7200,1.00233957219
544652,544658,547889,6,3231,2,7200,1.00185701021
544698,544705,547990,7,3285,2,7200,1.00213089802
544723,544730,547896,7,3166,2,7200,1.00221099179
544738,544744,548149,6,3405,2,7200,1.00176211454
544740,544752,548093,12,3341,2,7200,1.003591739
544770,544777,548029,7,3252,2,7200,1.00215252153
544804,544810,548166,6,3356,2,7200,1.00178784267
544819,544825,548150,6,3325,2,7200,1.00180451128
544835,544842,548056,7,3214,2,7200,1.00217797138
544836,544847,548160,11,3313,2,7200,1.00332025355
544851,544858,548164,7,3306,2,7200,1.00211736237
544867,544874,548134,7,3260,2,7200,1.00214723926
545001,545008,548652,7,3644,2,7200,1.00192096597
545089,545096,548732,7,3636,2,7200,1.00192519252
545131,545137,548206,6,3069,2,7200,1.00195503421
545165,545172,548480,7,3308,2,7200,1.00211608222
545244,545251,548398,7,3147,2,7200,1.00222434064
545246,545258,548530,12,3272,2,7200,1.00366748166
545264,545271,548667,7,3396,2,7200,1.00206124853
545279,545286,548721,7,3435,2,7200,1.00203784571
545313,545319,548918,6,3599,2,7200,1.00166712976
545334,545342,548582,8,3240,2,7200,1.0024691358
545392,545398,548869,6,3471,2,7200,1.00172860847
545417,545424,548886,7,3462,2,7200,1.00202195263
545554,545560,548793,6,3233,2,7200,1.00185586143
545570,545577,548845,7,3268,2,7200,1.00214198286
545588,545594,549019,6,3425,2,7200,1.00175182482
545628,545634,548864,6,3230,2,7200,1.00185758514
545643,545649,548843,6,3194,2,7200,1.00187852223
545817,545824,549040,7,3216,2,7200,1.00217661692
545912,545919,549236,7,3317,2,7200,1.00211034067
545949,545956,549170,7,3214,2,7200,1.00217797138
546023,546029,549314,6,3285,2,7200,1.00182648402
546038,546045,549387,7,3342,2,7200,1.00209455416
546248,546254,549604,6,3350,2,7200,1.00179104478
546306,546313,549644,7,3331,2,7200,1.00210147103
546321,546327,549628,6,3301,2,7200,1.00181763102
546339,546346,549889,7,3543,2,7200,1.00197572679
546425,546431,549669,6,3238,2,7200,1.00185299568
546495,546500,549596,5,3096,2,7200,1.00161498708
546510,546516,549792,6,3276,2,7200,1.00183150183
546650,546657,550086,7,3429,2,7200,1.00204141149
546885,546892,550240,7,3348,2,7200,1.00209080048
546901,546907,550342,6,3435,2,7200,1.00174672489
546922,546928,550259,6,3331,2,7200,1.00180126088
546959,546966,550252,7,3286,2,7200,1.00213024954
546974,546981,550155,7,3174,2,7200,1.00220541903
547039,547046,548708,7,1662,1,2400,1.00421179302
547050,547056,550341,6,3285,2,7200,1.00182648402
547081,547088,550471,7,3383,2,7200,1.00206916938
547175,547183,550703,8,3520,2,7200,1.00227272727
547177,547189,550646,12,3457,2,7200,1.00347121782
547235,547242,550435,7,3193,2,7200,1.00219229565
547263,547270,550630,7,3360,2,7200,1.00208333333
547264,547277,550386,13,3109,2,7200,1.00418140881
547279,547286,550711,7,3425,2,7200,1.00204379562
547281,547293,550675,12,3382,2,7200,1.00354819633
547321,547327,550672,6,3345,2,7200,1.00179372197
547366,547373,550531,7,3158,2,7200,1.00221659278
547439,547447,550726,8,3279,2,7200,1.00243976822
547455,547462,550754,7,3292,2,7200,1.00212636695
547512,547520,550828,8,3308,2,7200,1.00241837969
547534,547541,550699,7,3158,2,7200,1.00221659278
547638,547645,550797,7,3152,2,7200,1.00222081218
547653,547660,550828,7,3168,2,7200,1.00220959596
547668,547675,550906,7,3231,2,7200,1.00216651192
547735,547742,551162,7,3420,2,7200,1.00204678363
547766,547773,551079,7,3306,2,7200,1.00211736237
547815,547821,551108,6,3287,2,7200,1.00182537268
547817,547829,550932,12,3103,2,7200,1.00386722527
547832,547839,551143,7,3304,2,7200,1.00211864407
547847,547854,551001,7,3147,2,7200,1.00222434064
547863,547870,551511,7,3641,2,7200,1.00192254875
547879,547886,551231,7,3345,2,7200,1.00209267564
547895,547902,551362,7,3460,2,7200,1.00202312139
547896,547909,551344,13,3435,2,7200,1.0037845706
547897,547915,551229,18,3314,2,7200,1.00543150272
547899,547920,551300,21,3380,2,7200,1.00621301775
547914,547927,551370,13,3443,2,7200,1.00377577694
547954,547961,551347,7,3386,2,7200,1.00206733609
547970,547977,551158,7,3181,2,7200,1.00220056586
547991,547998,551159,7,3161,2,7200,1.00221448909
548013,548020,551694,7,3674,2,7200,1.00190528035
548031,548037,551205,6,3168,2,7200,1.00189393939
548059,548066,551490,7,3424,2,7200,1.00204439252
548095,548103,551528,8,3425,2,7200,1.00233576642
548135,548142,551720,7,3578,2,7200,1.00195640022
548151,548158,551572,7,3414,2,7200,1.00205038079
548152,548165,551429,13,3264,2,7200,1.00398284314
548154,548170,551363,16,3193,2,7200,1.00501096148
548169,548177,551335,8,3158,2,7200,1.00253324889
548171,548183,551500,12,3317,2,7200,1.00361772686
548172,548190,551711,18,3521,2,7200,1.00511218404
548206,548213,551670,7,3457,2,7200,1.00202487706
548401,548408,551936,7,3528,2,7200,1.00198412698
548480,548487,551641,7,3154,2,7200,1.00221940393
548529,548536,551849,7,3313,2,7200,1.00211288862
548584,548591,552181,7,3590,2,7200,1.00194986072
548651,548658,551961,7,3303,2,7200,1.0021192855
548666,548673,552025,7,3352,2,7200,1.00208830549
548724,548731,552273,7,3542,2,7200,1.00197628458
548740,548747,551942,7,3195,2,7200,1.00219092332
548794,548802,552269,8,3467,2,7200,1.00230747044
548847,548855,552586,8,3731,2,7200,1.00214419727
548849,548860,552126,11,3266,2,7200,1.00336803429
548864,548871,552169,7,3298,2,7200,1.00212249848
548880,548887,552360,7,3473,2,7200,1.00201554852
548895,548902,552116,7,3214,2,7200,1.00217797138
548920,548926,552353,6,3427,2,7200,1.00175080245
549020,549027,552299,7,3272,2,7200,1.0021393643
549041,549049,552196,8,3147,2,7200,1.00254210359
549173,549179,552731,6,3552,2,7200,1.00168918919
549240,549247,552504,7,3257,2,7200,1.00214921707
549316,549323,552625,7,3302,2,7200,1.00211992732
549389,549396,552916,7,3520,2,7200,1.00198863636
549597,549604,552949,7,3345,2,7200,1.00209267564
549612,549619,552901,7,3282,2,7200,1.00213284583
549630,549637,553141,7,3504,2,7200,1.00199771689
549646,549652,552930,6,3278,2,7200,1.00183038438
549673,549680,552948,7,3268,2,7200,1.00214198286
549794,549801,551765,7,1964,1,2400,1.00356415479
549796,549808,553182,12,3374,2,7200,1.00355660937
549799,550101,552156,302,2055,1,2400,1.14695863747
549804,550171,552102,367,1931,1,2400,1.1900569653
549811,550177,552105,366,1928,1,2400,1.1898340249
549839,550272,552339,433,2067,1,2400,1.20948234156
549845,550278,552349,433,2071,1,2400,1.20907774022
549852,550401,552461,549,2060,1,2400,1.26650485437
549858,550406,552474,548,2068,1,2400,1.26499032882
549862,550411,552481,549,2070,1,2400,1.2652173913
549867,550417,552475,550,2058,1,2400,1.26724975705
549890,549896,553184,6,3288,2,7200,1.00182481752
550087,550094,553507,7,3413,2,7200,1.00205098154
550157,550164,553343,7,3179,2,7200,1.0022019503
550242,550249,553489,7,3240,2,7200,1.00216049383
550258,550265,553604,7,3339,2,7200,1.00209643606
550273,550285,553781,12,3496,2,7200,1.00343249428
550343,550350,553668,7,3318,2,7200,1.00210970464
550344,550357,553914,13,3557,2,7200,1.00365476525
550387,550394,553619,7,3225,2,7200,1.00217054264
550436,550443,553747,7,3304,2,7200,1.00211864407
550472,550480,553631,8,3151,2,7200,1.00253887655
550530,550538,554099,8,3561,2,7200,1.00224655996
550631,550638,554237,7,3599,2,7200,1.00194498472
550646,550652,554335,6,3683,2,7200,1.00162910671
550674,550681,554077,7,3396,2,7200,1.00206124853
550689,550695,553748,6,3053,2,7200,1.00196528005
550705,550712,554132,7,3420,2,7200,1.00204678363
550706,550718,554070,12,3352,2,7200,1.00357995227
550721,550728,554107,7,3379,2,7200,1.00207161882
550737,550744,554017,7,3273,2,7200,1.00213871066
550755,550761,554119,6,3358,2,7200,1.00178677784
550798,550805,554106,7,3301,2,7200,1.00212056952
550829,550836,554329,7,3493,2,7200,1.00200400802
550830,550843,554158,13,3315,2,7200,1.00392156863
550907,550913,554284,6,3371,2,7200,1.00177988727
550934,550942,554387,8,3445,2,7200,1.0023222061
551002,551009,554334,7,3325,2,7200,1.00210526316
551081,551087,554444,6,3357,2,7200,1.0017873101
551109,551115,554353,6,3238,2,7200,1.00185299568
551145,551153,554557,8,3404,2,7200,1.00235017626
551161,551167,554528,6,3361,2,7200,1.00178518298
551163,551175,554433,12,3258,2,7200,1.00368324125
551178,551184,554629,6,3445,2,7200,1.00174165457
551206,551213,554848,7,3635,2,7200,1.00192572215
551230,551236,554672,6,3436,2,7200,1.00174621653
551232,551243,554506,11,3263,2,7200,1.00337113086
551302,551309,554747,7,3438,2,7200,1.00203606748
551336,551343,554802,7,3459,2,7200,1.00202370627
551351,551358,554692,7,3334,2,7200,1.00209958008
551353,551365,554678,12,3313,2,7200,1.00362209478
551368,551375,554897,7,3522,2,7200,1.0019875071
551370,551382,554722,12,3340,2,7200,1.00359281437
551385,551391,554837,6,3446,2,7200,1.00174114916
551431,551438,555341,7,3903,2,7200,1.00179349219
551492,551498,554577,6,3079,2,7200,1.00194868464
551508,551515,554908,7,3393,2,7200,1.00206307103
551523,551530,554851,7,3321,2,7200,1.00210779886
551538,551544,554982,6,3438,2,7200,1.0017452007
551575,551582,555180,7,3598,2,7200,1.00194552529
551642,551649,554945,7,3296,2,7200,1.00212378641
551670,551677,554811,7,3134,2,7200,1.00223356733
551694,551701,555271,7,3570,2,7200,1.00196078431
551713,551719,555162,6,3443,2,7200,1.00174266628
551728,551734,555077,6,3343,2,7200,1.00179479509
551850,551857,555272,7,3415,2,7200,1.00204978038
551938,551945,555260,7,3315,2,7200,1.00211161388
551954,551960,555081,6,3121,2,7200,1.00192246075
551969,551976,555302,7,3326,2,7200,1.00210463019
552027,552034,555505,7,3471,2,7200,1.00201670988
552118,552125,555267,7,3142,2,7200,1.00222788033
552134,552140,555282,6,3142,2,7200,1.00190961171
552170,552178,555333,8,3155,2,7200,1.00253565769
552186,552193,555356,7,3163,2,7200,1.00221308884
552201,552208,555469,7,3261,2,7200,1.0021465808
552271,552278,555482,7,3204,2,7200,1.00218476904
552272,552285,555623,13,3338,2,7200,1.00389454763
552300,552307,555471,7,3164,2,7200,1.00221238938
552355,552363,555522,8,3159,2,7200,1.00253244698
552370,552378,555802,8,3424,2,7200,1.0023364486
552510,552517,556105,7,3588,2,7200,1.0019509476
552588,552595,555899,7,3304,2,7200,1.00211864407
552625,552631,555836,6,3205,2,7200,1.00187207488
552731,552739,555842,8,3103,2,7200,1.00257815018
552905,552911,556422,6,3511,2,7200,1.00170891484
552920,552927,556237,7,3310,2,7200,1.00211480363
552935,552941,556325,6,3384,2,7200,1.00177304965
552950,552958,556444,8,3486,2,7200,1.00229489386
552952,552963,556271,11,3308,2,7200,1.00332527207
553144,553150,556727,6,3577,2,7200,1.00167738328
553183,553190,556542,7,3352,2,7200,1.00208830549
553185,553197,556379,12,3182,2,7200,1.00377121307
553344,553351,556645,7,3294,2,7200,1.0021250759
553419,553426,555365,7,1939,1,2400,1.0036101083
553450,553457,553485,7,28,1,600,1.25
553461,553467,553499,6,32,1,600,1.1875
553471,553479,553517,8,38,1,600,1.21052631579
553482,553489,553519,7,30,1,600,1.23333333333
553487,553496,556969,9,3473,2,7200,1.00259141952
553493,553503,553536,10,33,1,600,1.30303030303
553504,553511,553546,7,35,1,600,1.2
553506,553518,556870,12,3352,2,7200,1.00357995227
553509,553621,555669,112,2048,1,2400,1.0546875
553514,553525,553559,11,34,1,600,1.32352941176
553521,553931,556059,410,2128,1,2400,1.19266917293
553525,553531,553560,6,29,1,600,1.20689655172
553527,553937,555925,410,1988,1,2400,1.20623742455
553530,554122,556126,592,2004,1,2400,1.29540918164
553534,554128,554129,594,1,1,2400,59.5
553536,553542,553569,6,27,1,600,1.22222222222
553540,554133,556274,593,2141,1,2400,1.27697337693
553546,553553,553588,7,35,1,600,1.2
553549,554138,556280,589,2142,1,2400,1.27497665733
553557,554143,556284,586,2141,1,2400,1.27370387669
553557,553563,553595,6,32,1,600,1.1875
553563,554149,556298,586,2149,1,2400,1.27268496975
553567,554251,556392,684,2141,1,2400,1.31947687996
553568,553575,553611,7,36,1,600,1.19444444444
553572,554257,556368,685,2111,1,2400,1.32449076267
553579,553586,553614,7,28,1,600,1.25
553589,553596,553626,7,30,1,600,1.23333333333
553600,553607,553642,7,35,1,600,1.2
553606,553614,557031,8,3417,2,7200,1.002341235
553611,553626,553660,15,34,1,600,1.44117647059
553621,553634,556916,13,3282,2,7200,1.00396099939
553632,553641,553676,9,35,1,600,1.25714285714
553636,553648,557001,12,3353,2,7200,1.00357888458
553653,553660,553693,7,33,1,600,1.21212121212
553663,553670,553699,7,29,1,600,1.24137931034
553670,553678,556968,8,3290,2,7200,1.00243161094
553674,553685,553715,11,30,1,600,1.36666666667
553685,553692,553728,7,36,1,600,1.19444444444
553696,553703,553738,7,35,1,600,1.2
553706,553714,553747,8,33,1,600,1.24242424242
553717,553724,553758,7,34,1,600,1.20588235294
553728,553735,553773,7,38,1,600,1.18421052632
553738,553746,553780,8,34,1,600,1.23529411765
553749,553755,557100,6,3345,2,7200,1.00179372197
553750,553763,557274,13,3511,2,7200,1.00370264882
553759,553771,553799,12,28,1,600,1.42857142857
553771,553779,553812,8,33,1,600,1.24242424242
553781,553789,553823,8,34,1,600,1.23529411765
553784,553796,557246,12,3450,2,7200,1.00347826087
553792,553802,553836,10,34,1,600,1.29411764706
553803,553810,553844,7,34,1,600,1.20588235294
553814,553820,553856,6,36,1,600,1.16666666667
553824,553832,553866,8,34,1,600,1.23529411765
553835,553841,553874,6,33,1,600,1.18181818182
553846,553852,553886,6,34,1,600,1.17647058824
553857,553864,553902,7,38,1,600,1.18421052632
553867,553874,553897,7,23,1,600,1.30434782609
553878,553885,553925,7,40,1,600,1.175
553889,553895,553926,6,31,1,600,1.1935483871
553900,553907,553940,7,33,1,600,1.21212121212
553910,553916,553949,6,33,1,600,1.18181818182
553915,553923,557182,8,3259,2,7200,1.00245474072
553921,553942,553974,21,32,1,600,1.65625
553942,553949,553980,7,31,1,600,1.22580645161
553953,553959,553993,6,34,1,600,1.17647058824
553963,553971,554005,8,34,1,600,1.23529411765
553974,553981,554011,7,30,1,600,1.23333333333
553985,553991,554027,6,36,1,600,1.16666666667
553996,554003,554033,7,30,1,600,1.23333333333
554006,554014,554047,8,33,1,600,1.24242424242
554017,554024,554058,7,34,1,600,1.20588235294
554018,554031,557355,13,3324,2,7200,1.00391095066
554028,554038,554072,10,34,1,600,1.29411764706
554039,554047,554080,8,33,1,600,1.24242424242
554050,554057,554083,7,26,1,600,1.26923076923
554060,554066,554100,6,34,1,600,1.17647058824
554072,554079,554112,7,33,1,600,1.21212121212
554073,554086,557413,13,3327,2,7200,1.00390742411
554082,554093,554128,11,35,1,600,1.31428571429
554088,554100,557427,12,3327,2,7200,1.00360685302
554103,554115,554148,12,33,1,600,1.36363636364
554104,554110,557490,6,3380,2,7200,1.00177514793
554114,554154,554185,40,31,1,600,2.29032258065
554119,554162,557280,43,3118,2,7200,1.0137908916
554120,554167,557560,47,3393,2,7200,1.01385204833
554122,554172,557287,50,3115,2,7200,1.01605136437
554137,554177,557487,40,3310,2,7200,1.01208459215
554161,554184,557489,23,3305,2,7200,1.0069591528
554186,554193,554220,7,27,1,600,1.25925925926
554197,554204,554240,7,36,1,600,1.19444444444
554208,554214,554248,6,34,1,600,1.17647058824
554218,554225,554262,7,37,1,600,1.18918918919
554229,554236,554273,7,37,1,600,1.18918918919
554237,554244,557659,7,3415,2,7200,1.00204978038
554240,554262,554293,22,31,1,600,1.70967741935
554261,554269,554300,8,31,1,600,1.25806451613
554272,554279,554311,7,32,1,600,1.21875
554282,554288,554321,6,33,1,600,1.18181818182
554286,554296,557721,10,3425,2,7200,1.00291970803
554293,554303,554335,10,32,1,600,1.3125
554304,554312,554350,8,38,1,600,1.21052631579
554314,554321,554352,7,31,1,600,1.22580645161
554325,554331,554368,6,37,1,600,1.16216216216
554332,554339,557642,7,3303,2,7200,1.0021192855
554336,554346,554376,10,30,1,600,1.33333333333
554347,554353,554389,6,36,1,600,1.16666666667
554347,554360,557659,13,3299,2,7200,1.00394058806
554349,554365,557734,16,3369,2,7200,1.00474918373
554364,554372,557703,8,3331,2,7200,1.00240168118
554368,554379,554409,11,30,1,600,1.36666666667
554378,554386,554420,8,34,1,600,1.23529411765
554389,554396,557891,7,3495,2,7200,1.00200286123
554399,554405,554442,6,37,1,600,1.16216216216
554410,554417,554445,7,28,1,600,1.25
554421,554428,554465,7,37,1,600,1.18918918919
554432,554439,554469,7,30,1,600,1.23333333333
554435,554445,557783,10,3338,2,7200,1.00299580587
554442,554452,554489,10,37,1,600,1.27027027027
554450,554459,557819,9,3360,2,7200,1.00267857143
554463,554470,554505,7,35,1,600,1.2
554474,554481,554513,7,32,1,600,1.21875
554485,554492,554528,7,36,1,600,1.19444444444
554496,554502,554536,6,34,1,600,1.17647058824
554505,554511,557939,6,3428,2,7200,1.00175029172
554516,554524,554560,8,36,1,600,1.22222222222
554527,554534,554572,7,38,1,600,1.18421052632
554529,554541,557663,12,3122,2,7200,1.00384368994
554538,554547,554579,9,32,1,600,1.28125
554549,554556,554592,7,36,1,600,1.19444444444
554559,554572,554606,13,34,1,600,1.38235294118
554560,554566,558216,6,3650,2,7200,1.00164383562
554570,554579,554614,9,35,1,600,1.25714285714
554578,554586,557896,8,3310,2,7200,1.00241691843
554591,554598,554633,7,35,1,600,1.2
554602,554609,554645,7,36,1,600,1.19444444444
554613,554620,554656,7,36,1,600,1.19444444444
554624,554631,554667,7,36,1,600,1.19444444444
554632,554640,557950,8,3310,2,7200,1.00241691843
554644,554651,554689,7,38,1,600,1.18421052632
554655,554662,554690,7,28,1,600,1.25
554666,554672,554707,6,35,1,600,1.17142857143
554675,554681,557900,6,3219,2,7200,1.0018639329
554687,554694,554731,7,37,1,600,1.18918918919
554690,554701,557924,11,3223,2,7200,1.00341296928
554698,554708,554737,10,29,1,600,1.34482758621
554707,554715,558032,8,3317,2,7200,1.00241181791
554719,554726,554756,7,30,1,600,1.23333333333
554725,554733,558350,8,3617,2,7200,1.00221177772
554729,554740,554772,11,32,1,600,1.34375
554740,554747,554780,7,33,1,600,1.21212121212
554749,554757,557962,8,3205,2,7200,1.00249609984
554761,554768,554808,7,40,1,600,1.175
554772,554779,554810,7,31,1,600,1.22580645161
554782,554789,554821,7,32,1,600,1.21875
554793,554800,554832,7,32,1,600,1.21875
554801,554807,558082,6,3275,2,7200,1.00183206107
554804,554814,554853,10,39,1,600,1.25641025641
554815,554822,554858,7,36,1,600,1.19444444444
554816,554829,558255,13,3426,2,7200,1.00379451255
554826,554836,554872,10,36,1,600,1.27777777778
554836,554843,554878,7,35,1,600,1.2
554837,554850,558193,13,3343,2,7200,1.0038887227
554847,554857,554889,10,32,1,600,1.3125
554853,554864,558410,11,3546,2,7200,1.00310208686
554854,554869,558176,15,3307,2,7200,1.00453583308
554868,554876,554906,8,30,1,600,1.26666666667
554879,554887,554919,8,32,1,600,1.25
554889,554896,554935,7,39,1,600,1.17948717949
554897,554904,558227,7,3323,2,7200,1.00210653024
554900,554911,554936,11,25,1,600,1.44
554911,554918,554950,7,32,1,600,1.21875
554912,554925,558443,13,3518,2,7200,1.00369528141
554922,554932,554964,10,32,1,600,1.3125
554932,554940,554973,8,33,1,600,1.24242424242
554943,554951,554985,8,34,1,600,1.23529411765
554949,554958,558359,9,3401,2,7200,1.00264628051
554954,554965,555000,11,35,1,600,1.31428571429
554965,554972,555001,7,29,1,600,1.24137931034
554975,554982,555017,7,35,1,600,1.2
554982,554989,558305,7,3316,2,7200,1.00211097708
554986,554996,555034,10,38,1,600,1.26315789474
554997,555003,555033,6,30,1,600,1.2
555008,555014,555051,6,37,1,600,1.16216216216
555018,555025,555062,7,37,1,600,1.18918918919
555029,555036,555074,7,38,1,600,1.18421052632
555040,555047,555079,7,32,1,600,1.21875
555051,555058,555081,7,23,1,600,1.30434782609
555061,555067,555100,6,33,1,600,1.18181818182
555072,555079,555113,7,34,1,600,1.20588235294
555076,555087,558409,11,3322,2,7200,1.00331125828
555083,555094,555130,11,36,1,600,1.30555555556
555092,555101,558310,9,3209,2,7200,1.00280461203
555104,555111,555143,7,32,1,600,1.21875
555114,555122,555159,8,37,1,600,1.21621621622
555125,555131,555166,6,35,1,600,1.17142857143
555136,555144,555182,8,38,1,600,1.21052631579
555147,555154,555188,7,34,1,600,1.20588235294
555157,555165,555198,8,33,1,600,1.24242424242
555165,555172,558627,7,3455,2,7200,1.0020260492
555168,555180,555215,12,35,1,600,1.34285714286
555179,555192,555225,13,33,1,600,1.39393939394
555180,555187,558667,7,3480,2,7200,1.00201149425
555190,555199,555234,9,35,1,600,1.25714285714
555200,555208,555239,8,31,1,600,1.25806451613
555211,555218,555252,7,34,1,600,1.20588235294
555222,555229,555261,7,32,1,600,1.21875
555233,555240,555276,7,36,1,600,1.19444444444
555243,555249,555283,6,34,1,600,1.17647058824
555254,555260,555295,6,35,1,600,1.17142857143
555262,555270,558609,8,3339,2,7200,1.00239592692
555275,555282,555316,7,34,1,600,1.20588235294
555278,555289,558958,11,3669,2,7200,1.00299809212
555279,555294,558620,15,3326,2,7200,1.00450992183
555281,555300,558720,19,3420,2,7200,1.00555555556
555296,555313,555343,17,30,1,600,1.56666666667
555296,555307,558949,11,3642,2,7200,1.00302031851
555311,555320,558585,9,3265,2,7200,1.00275650842
555317,555327,555362,10,35,1,600,1.28571428571
555327,555334,555375,7,41,1,600,1.17073170732
555333,555341,558602,8,3261,2,7200,1.0024532352
555338,555349,555381,11,32,1,600,1.34375
555348,555355,558566,7,3211,2,7200,1.00218000623
555359,555366,555403,7,37,1,600,1.18918918919
555363,555373,558765,10,3392,2,7200,1.00294811321
555370,555380,555413,10,33,1,600,1.30303030303
555381,555387,555421,6,34,1,600,1.17647058824
555391,555399,555437,8,38,1,600,1.21052631579
555402,555409,555446,7,37,1,600,1.18918918919
555413,555419,555454,6,35,1,600,1.17142857143
555424,555431,555467,7,36,1,600,1.19444444444
555434,555441,555475,7,34,1,600,1.20588235294
555445,555451,555485,6,34,1,600,1.17647058824
555456,555463,555496,7,33,1,600,1.21212121212
555466,555474,555510,8,36,1,600,1.22222222222
555470,555481,558917,11,3436,2,7200,1.00320139697
555471,555487,558640,16,3153,2,7200,1.00507453219
555487,555494,558910,7,3416,2,7200,1.00204918033
555498,555505,555541,7,36,1,600,1.19444444444
555508,555515,558791,7,3276,2,7200,1.00213675214
555508,555521,555556,13,35,1,600,1.37142857143
555519,555529,555561,10,32,1,600,1.3125
555523,555536,559034,13,3498,2,7200,1.00371640938
555540,555547,555586,7,39,1,600,1.17948717949
555551,555558,555592,7,34,1,600,1.20588235294
555562,555569,555575,7,6,1,600,1.3
555572,555580,555620,8,40,1,600,1.2
555583,555590,555623,7,33,1,600,1.21212121212
555594,555600,555608,6,8,1,600,1.4
555605,555612,555624,7,12,1,600,1.58333333333
555615,555622,555657,7,35,1,600,1.2
555623,555631,559099,8,3468,2,7200,1.00230680507
555636,555643,555673,7,30,1,600,1.23333333333
555647,555654,555669,7,15,1,600,1.46666666667
555658,555666,555674,8,8,1,600,1.6
555668,555675,555688,7,13,1,600,1.53846153846
555679,555687,555702,8,15,1,600,1.53333333333
555803,555811,559164,8,3353,2,7200,1.00238592305
555837,555843,559110,6,3267,2,7200,1.00183654729
555852,555858,559279,6,3421,2,7200,1.00175387314
555901,555907,559226,6,3319,2,7200,1.00180777343
556107,556113,559409,6,3296,2,7200,1.00182038835
556238,556245,559566,7,3321,2,7200,1.00210779886
556274,556282,559739,8,3457,2,7200,1.00231414521
556326,556333,559555,7,3222,2,7200,1.00217256363
556381,556388,559856,7,3468,2,7200,1.00201845444
556423,556430,559704,7,3274,2,7200,1.00213805742
556444,556451,560016,7,3565,2,7200,1.00196353436
556541,556549,559781,8,3232,2,7200,1.00247524752
556647,556655,559806,8,3151,2,7200,1.00253887655
556726,556732,560305,6,3573,2,7200,1.00167926113
556872,556879,559976,7,3097,2,7200,1.00226025186
556917,556925,560219,8,3294,2,7200,1.00242865817
556969,556976,560275,7,3299,2,7200,1.00212185511
556970,556983,560390,13,3407,2,7200,1.00381567361
557004,557010,560352,6,3342,2,7200,1.00179533214
557031,557037,560356,6,3319,2,7200,1.00180777343
557101,557108,560683,7,3575,2,7200,1.00195804196
557183,557191,560499,8,3308,2,7200,1.00241837969
557247,557254,560642,7,3388,2,7200,1.0020661157
557274,557282,560618,8,3336,2,7200,1.00239808153
557290,557296,560591,6,3295,2,7200,1.00182094082
557291,557304,560422,13,3118,2,7200,1.00416933932
557358,557365,560660,7,3295,2,7200,1.00212443096
557416,557423,560740,7,3317,2,7200,1.00211034067
557431,557437,560779,6,3342,2,7200,1.00179533214
557489,557496,560845,7,3349,2,7200,1.00209017617
557490,557503,560755,13,3252,2,7200,1.00399753998
557491,557508,560922,17,3414,2,7200,1.00497949619
557562,557569,560918,7,3349,2,7200,1.00209017617
557644,557651,561171,7,3520,2,7200,1.00198863636
557659,557666,561068,7,3402,2,7200,1.00205761317
557660,557673,561062,13,3389,2,7200,1.00383593981
557676,557682,560966,6,3284,2,7200,1.00182704019
557703,557710,561155,7,3445,2,7200,1.00203193033
557724,557730,560900,6,3170,2,7200,1.00189274448
557740,557746,561234,6,3488,2,7200,1.00172018349
557786,557793,561071,7,3278,2,7200,1.00213544844
557822,557829,560965,7,3136,2,7200,1.00223214286
557892,557899,561392,7,3493,2,7200,1.00200400802
557908,557914,561486,6,3572,2,7200,1.00167973124
557909,557922,561186,13,3264,2,7200,1.00398284314
557924,557931,561279,7,3348,2,7200,1.00209080048
557940,557947,561357,7,3410,2,7200,1.00205278592
557955,557962,561332,7,3370,2,7200,1.00207715134
557970,557977,561331,7,3354,2,7200,1.00208706023
558031,558038,561351,7,3313,2,7200,1.00211288862
558083,558090,561098,7,3008,2,7200,1.00232712766
558177,558185,561756,8,3571,2,7200,1.00224026883
558196,558203,561329,7,3126,2,7200,1.00223928343
558217,558224,561550,7,3326,2,7200,1.00210463019
558232,558239,561536,7,3297,2,7200,1.00212314225
558256,558264,561580,8,3316,2,7200,1.00241254524
558308,558314,561603,6,3289,2,7200,1.00182426269
558323,558329,561629,6,3300,2,7200,1.00181818182
558351,558357,561726,6,3369,2,7200,1.0017809439
558366,558372,561757,6,3385,2,7200,1.00177252585
558409,558416,561595,7,3179,2,7200,1.0022019503
558410,558423,561623,13,3200,2,7200,1.0040625
558444,558450,561626,6,3176,2,7200,1.00188916877
558568,558574,561809,6,3235,2,7200,1.00185471406
558586,558593,562098,7,3505,2,7200,1.00199714693
558602,558608,562056,6,3448,2,7200,1.00174013921
558617,558624,561763,7,3139,2,7200,1.00223000956
558632,558640,561946,8,3306,2,7200,1.00241984271
558634,558646,562349,12,3703,2,7200,1.00324061572
558650,558656,561871,6,3215,2,7200,1.00186625194
558668,558674,562294,6,3620,2,7200,1.00165745856
558681,573380,587791,14699,14411,4,14400,2.01998473388
558681,558929,573368,248,14439,4,14400,1.01717570469
558682,587804,602236,29122,14432,4,14400,3.01787694013
558683,602248,616681,43565,14433,4,14400,4.01842998684
558683,616693,631126,58010,14433,4,14400,5.01926141481
558684,631139,636512,72455,5373,4,14400,14.485017681
558685,636525,637439,77840,914,4,14400,86.1641137856
558686,637451,638380,78765,929,4,14400,85.784714747
558687,638393,639330,79706,937,4,14400,86.0651013874
558688,639343,640256,80655,913,4,14400,89.3406352683
558723,558729,562112,6,3383,2,7200,1.00177357375
558766,558773,562026,7,3253,2,7200,1.00215185982
558790,558797,562217,7,3420,2,7200,1.00204678363
558912,558918,562496,6,3578,2,7200,1.00167691448
558927,558936,562359,9,3423,2,7200,1.00262927257
558949,558956,562191,7,3235,2,7200,1.00216383308
558964,558971,562382,7,3411,2,7200,1.00205218411
559037,559043,562375,6,3332,2,7200,1.00180072029
559101,559108,562170,7,3062,2,7200,1.00228608752
559116,559122,562479,6,3357,2,7200,1.0017873101
559165,559171,562475,6,3304,2,7200,1.00181598063
559228,559236,562456,8,3220,2,7200,1.00248447205
559280,559286,562646,6,3360,2,7200,1.00178571429
559408,559415,562623,7,3208,2,7200,1.00218204489
559557,559563,562673,6,3110,2,7200,1.00192926045
559572,559580,563028,8,3448,2,7200,1.00232018561
559706,559713,563044,7,3331,2,7200,1.00210147103
559740,559746,562932,6,3186,2,7200,1.00188323917
559782,559789,563172,7,3383,2,7200,1.00206916938
559807,559814,562997,7,3183,2,7200,1.00219918316
559858,559864,563169,6,3305,2,7200,1.00181543116
559977,559983,563522,6,3539,2,7200,1.00169539418
560017,560024,563257,7,3233,2,7200,1.00216517167
560221,560228,563655,7,3427,2,7200,1.00204260286
560276,560283,563793,7,3510,2,7200,1.00199430199
560303,560310,563711,7,3401,2,7200,1.00205821817
560352,560359,563710,7,3351,2,7200,1.00208892868
560367,560374,563710,7,3336,2,7200,1.00209832134
560391,560397,563559,6,3162,2,7200,1.00189753321
560425,560432,563956,7,3524,2,7200,1.00198637911
560501,560508,563909,7,3401,2,7200,1.00205821817
560592,560599,563905,7,3306,2,7200,1.00211736237
560620,560627,563944,7,3317,2,7200,1.00211034067
560644,560651,563970,7,3319,2,7200,1.002109069
560662,560668,564213,6,3545,2,7200,1.00169252468
560683,560690,564012,7,3322,2,7200,1.00210716436
560741,560748,564040,7,3292,2,7200,1.00212636695
560757,560763,563959,6,3196,2,7200,1.00187734668
560781,560787,563934,6,3147,2,7200,1.00190657769
560848,560855,564189,7,3334,2,7200,1.00209958008
560903,560909,564024,6,3115,2,7200,1.00192616372
560921,560928,564103,7,3175,2,7200,1.00220472441
560936,560942,564289,6,3347,2,7200,1.00179265013
560966,560972,564311,6,3339,2,7200,1.00179694519
560968,560980,564374,12,3394,2,7200,1.00353565115
561062,561069,564603,7,3534,2,7200,1.00198075835
561077,561084,564590,7,3506,2,7200,1.0019965773
561079,561091,564458,12,3367,2,7200,1.00356400356
561100,561106,564755,6,3649,2,7200,1.00164428611
561155,561162,564557,7,3395,2,7200,1.00206185567
561173,561180,564557,7,3377,2,7200,1.00207284572
561188,561195,564473,7,3278,2,7200,1.00213544844
561237,561243,564542,6,3299,2,7200,1.00181873295
561279,561285,564730,6,3445,2,7200,1.00174165457
561331,561337,564556,6,3219,2,7200,1.0018639329
561333,561345,564656,12,3311,2,7200,1.00362428269
561334,561350,564673,16,3323,2,7200,1.00481492627
561352,561358,564831,6,3473,2,7200,1.00172761301
561367,561374,564934,7,3560,2,7200,1.00196629213
561395,561401,564718,6,3317,2,7200,1.00180886343
561489,561495,564767,6,3272,2,7200,1.00183374083
561538,561545,564850,7,3305,2,7200,1.00211800303
561553,561559,564883,6,3324,2,7200,1.00180505415
561580,561586,564838,6,3252,2,7200,1.00184501845
561596,561602,565016,6,3414,2,7200,1.00175746924
561611,561617,564746,6,3129,2,7200,1.00191754554
561626,561632,565084,6,3452,2,7200,1.00173812283
561628,561640,564930,12,3290,2,7200,1.00364741641
561643,561650,565006,7,3356,2,7200,1.00208581645
561728,561734,564853,6,3119,2,7200,1.00192369349
561759,561765,564993,6,3228,2,7200,1.00185873606
561760,561773,565146,13,3373,2,7200,1.00385413578
561775,561781,564970,6,3189,2,7200,1.00188146754
561812,561818,565135,6,3317,2,7200,1.00180886343
561872,561880,565206,8,3326,2,7200,1.00240529164
561948,561955,565333,7,3378,2,7200,1.00207223209
562027,562034,565343,7,3309,2,7200,1.00211544273
562057,562064,565616,7,3552,2,7200,1.00197072072
562100,562106,565420,6,3314,2,7200,1.00181050091
562115,562121,565614,6,3493,2,7200,1.00171772116
562170,562177,565339,7,3162,2,7200,1.00221378874
562191,562198,565572,7,3374,2,7200,1.0020746888
562219,562226,565639,7,3413,2,7200,1.00205098154
562295,562301,565447,6,3146,2,7200,1.00190718373
562350,562357,565441,7,3084,2,7200,1.00226977951
562365,562373,565536,8,3163,2,7200,1.00252924439
562380,562388,566021,8,3633,2,7200,1.00220203688
562396,562402,565760,6,3358,2,7200,1.00178677784
562456,562463,565749,7,3286,2,7200,1.00213024954
562475,562482,565837,7,3355,2,7200,1.00208643815
562490,562496,565886,6,3390,2,7200,1.0017699115
562505,562512,565693,7,3181,2,7200,1.00220056586
562623,562630,565975,7,3345,2,7200,1.00209267564
562648,562655,565954,7,3299,2,7200,1.00212185511
562675,562681,566129,6,3448,2,7200,1.00174013921
562933,562940,566327,7,3387,2,7200,1.00206672572
562997,563003,566333,6,3330,2,7200,1.0018018018
563030,563037,566294,7,3257,2,7200,1.00214921707
563045,563052,566560,7,3508,2,7200,1.001995439
563170,563177,566522,7,3345,2,7200,1.00209267564
563185,563192,566617,7,3425,2,7200,1.00204379562
563258,563265,566713,7,3448,2,7200,1.00203016241
563524,563531,566821,7,3290,2,7200,1.00212765957
563561,563568,567041,7,3473,2,7200,1.00201554852
563658,563664,566945,6,3281,2,7200,1.00182871076
563713,563719,567179,6,3460,2,7200,1.00173410405
563714,563727,567087,13,3360,2,7200,1.00386904762
563715,563732,567014,17,3282,2,7200,1.00517976843
563789,563795,567075,6,3280,2,7200,1.00182926829
563904,563910,567306,6,3396,2,7200,1.00176678445
563919,563925,567055,6,3130,2,7200,1.00191693291
563937,563944,567261,7,3317,2,7200,1.00211034067
563953,563960,567423,7,3463,2,7200,1.00202136876
563968,563975,567202,7,3227,2,7200,1.0021691974
563969,563982,567267,13,3285,2,7200,1.00395738204
563971,563987,567302,16,3315,2,7200,1.004826546
564011,564018,567444,7,3426,2,7200,1.00204319907
564026,564033,567225,7,3192,2,7200,1.00219298246
564041,564048,567339,7,3291,2,7200,1.00212701307
564105,564112,567437,7,3325,2,7200,1.00210526316
564187,564194,567644,7,3450,2,7200,1.00202898551
564214,564220,567720,6,3500,2,7200,1.00171428571
564290,564297,567641,7,3344,2,7200,1.00209330144
564311,564318,567735,7,3417,2,7200,1.00204858063
564375,564381,567774,6,3393,2,7200,1.0017683466
564460,564466,567696,6,3230,2,7200,1.00185758514
564475,564481,567868,6,3387,2,7200,1.00177147919
564545,564551,567940,6,3389,2,7200,1.00177043376
564560,564567,567830,7,3263,2,7200,1.00214526509
564562,564574,567887,12,3313,2,7200,1.00362209478
564563,564579,567936,16,3357,2,7200,1.00476616026
564594,564601,568007,7,3406,2,7200,1.00205519671
564609,564615,567973,6,3358,2,7200,1.00178677784
564658,564665,567929,7,3264,2,7200,1.00214460784
564673,564680,568139,7,3459,2,7200,1.00202370627
564719,564726,567808,7,3082,2,7200,1.00227125243
564734,564740,568188,6,3448,2,7200,1.00174013921
564749,564755,568179,6,3424,2,7200,1.00175233645
564764,564771,568240,7,3469,2,7200,1.00201787259
564779,564786,568160,7,3374,2,7200,1.0020746888
564831,564837,568364,6,3527,2,7200,1.00170116246
564847,564853,568310,6,3457,2,7200,1.00173560891
564863,564869,568126,6,3257,2,7200,1.00184218606
564864,564877,568363,13,3486,2,7200,1.00372920252
564885,564892,568211,7,3319,2,7200,1.002109069
564931,564938,568408,7,3470,2,7200,1.00201729107
564946,564954,568257,8,3303,2,7200,1.00242204057
564971,564978,568288,7,3310,2,7200,1.00211480363
564995,565002,568437,7,3435,2,7200,1.00203784571
565011,565017,568186,6,3169,2,7200,1.00189334175
565026,565032,568406,6,3374,2,7200,1.00177830468
565084,565091,568391,7,3300,2,7200,1.00212121212
565129,565136,568454,7,3318,2,7200,1.00210970464
565148,565155,568449,7,3294,2,7200,1.0021250759
565205,565212,568438,7,3226,2,7200,1.00216986981
565333,565339,568617,6,3278,2,7200,1.00183038438
565348,565354,568728,6,3374,2,7200,1.00177830468
565350,565362,568782,12,3420,2,7200,1.00350877193
565423,565428,568966,5,3538,2,7200,1.00141322781
565444,565450,568849,6,3399,2,7200,1.00176522507
565459,565465,568726,6,3261,2,7200,1.0018399264
565538,565545,568860,7,3315,2,7200,1.00211161388
565572,565579,568888,7,3309,2,7200,1.00211544273
565614,565621,568958,7,3337,2,7200,1.00209769254
565630,565637,568829,7,3192,2,7200,1.00219298246
565645,565653,569081,8,3428,2,7200,1.00233372229
565694,565701,569112,7,3411,2,7200,1.00205218411
565751,565758,569089,7,3331,2,7200,1.00210147103
565767,565773,568985,6,3212,2,7200,1.00186799502
565839,565847,569175,8,3328,2,7200,1.00240384615
565888,565895,569340,7,3445,2,7200,1.00203193033
565955,565962,569053,7,3091,2,7200,1.00226463928
565976,565983,569099,7,3116,2,7200,1.00224646983
566022,566029,569380,7,3351,2,7200,1.00208892868
566131,566139,569251,8,3112,2,7200,1.00257069409
566295,566302,569655,7,3353,2,7200,1.00208768267
566329,566335,569829,6,3494,2,7200,1.00171722954
566344,566351,569685,7,3334,2,7200,1.00209958008
566523,566530,570002,7,3472,2,7200,1.00201612903
566560,566567,569731,7,3164,2,7200,1.00221238938
566618,566625,569895,7,3270,2,7200,1.00214067278
566716,566724,570163,8,3439,2,7200,1.00232625763
566823,566830,570221,7,3391,2,7200,1.00206428782
566947,566954,570277,7,3323,2,7200,1.00210653024
567017,567025,570279,8,3254,2,7200,1.0024585126
567042,567049,570309,7,3260,2,7200,1.00214723926
567057,567064,570397,7,3333,2,7200,1.00210021002
567075,567082,570501,7,3419,2,7200,1.00204738228
567090,567097,570391,7,3294,2,7200,1.0021250759
567178,567186,570558,8,3372,2,7200,1.00237247924
567203,567209,570333,6,3124,2,7200,1.0019206146
567228,567234,570486,6,3252,2,7200,1.00184501845
567264,567271,570571,7,3300,2,7200,1.00212121212
567279,567287,570608,8,3321,2,7200,1.00240891298
567304,567310,570624,6,3314,2,7200,1.00181050091
567319,567325,570797,6,3472,2,7200,1.0017281106
567340,567348,570428,8,3080,2,7200,1.0025974026
567422,567428,570972,6,3544,2,7200,1.00169300226
567437,567445,570795,8,3350,2,7200,1.0023880597
567453,567460,570805,7,3345,2,7200,1.00209267564
567644,567650,571112,6,3462,2,7200,1.00173310225
567645,567657,570951,12,3294,2,7200,1.00364298725
567697,567703,570872,6,3169,2,7200,1.00189334175
567721,567728,571211,7,3483,2,7200,1.0020097617
567736,567744,570903,8,3159,2,7200,1.00253244698
567776,567783,571201,7,3418,2,7200,1.00204798128
567810,567816,571037,6,3221,2,7200,1.00186277554
567831,567838,571012,7,3174,2,7200,1.00220541903
567871,567877,571035,6,3158,2,7200,1.00189993667
567889,567895,571325,6,3430,2,7200,1.00174927114
567934,567941,571283,7,3342,2,7200,1.00209455416
567935,567948,571433,13,3485,2,7200,1.0037302726
567951,567957,571400,6,3443,2,7200,1.00174266628
567975,567982,571446,7,3464,2,7200,1.00202078522
568009,568015,571339,6,3324,2,7200,1.00180505415
568130,568136,571448,6,3312,2,7200,1.0018115942
568145,568153,571260,8,3107,2,7200,1.00257483103
568160,568168,571568,8,3400,2,7200,1.00235294118
568182,568189,571533,7,3344,2,7200,1.00209330144
568197,568203,571758,6,3555,2,7200,1.00168776371
568199,568210,571352,11,3142,2,7200,1.00350095481
568214,568221,571795,7,3574,2,7200,1.00195858982
568241,568248,571517,7,3269,2,7200,1.00214132762
568259,568266,571510,7,3244,2,7200,1.00215782984
568290,568297,571544,7,3247,2,7200,1.00215583616
568311,568317,571743,6,3426,2,7200,1.00175131349
568366,568373,571880,7,3507,2,7200,1.00199600798
568367,568380,571734,13,3354,2,7200,1.00387596899
568391,568398,571850,7,3452,2,7200,1.00202780997
568407,568414,571718,7,3304,2,7200,1.00211864407
568408,568421,571559,13,3138,2,7200,1.00414276609
568439,568446,571711,7,3265,2,7200,1.002143951
568440,568453,572022,13,3569,2,7200,1.00364247688
568456,568462,571871,6,3409,2,7200,1.00176004693
568457,568470,571752,13,3282,2,7200,1.00396099939
568621,568627,571958,6,3331,2,7200,1.00180126088
568727,568733,572155,6,3422,2,7200,1.00175336061
568729,568741,571885,12,3144,2,7200,1.00381679389
568783,568790,572055,7,3265,2,7200,1.002143951
568832,568838,572081,6,3243,2,7200,1.00185013876
568850,568857,572261,7,3404,2,7200,1.00205640423
568866,568873,572200,7,3327,2,7200,1.0021039976
568887,568894,572531,7,3637,2,7200,1.00192466318
568960,568967,572340,7,3373,2,7200,1.00207530388
568975,568981,572139,6,3158,2,7200,1.00189993667
568990,568997,572849,7,3852,2,7200,1.0018172378
569054,569061,572397,7,3336,2,7200,1.00209832134
569085,569091,572622,6,3531,2,7200,1.00169923534
569100,569107,572382,7,3275,2,7200,1.00213740458
569101,569114,572290,13,3176,2,7200,1.00409319899
569117,569124,572480,7,3356,2,7200,1.00208581645
569178,569185,572552,7,3367,2,7200,1.00207900208
569253,569261,572674,8,3413,2,7200,1.0023439789
569342,569348,572781,6,3433,2,7200,1.0017477425
569382,569388,572499,6,3111,2,7200,1.00192864031
569655,569663,572960,8,3297,2,7200,1.00242644829
569686,569693,573131,7,3438,2,7200,1.00203606748
569732,569738,573016,6,3278,2,7200,1.00183038438
569832,569839,573132,7,3293,2,7200,1.00212572123
569896,569903,573228,7,3325,2,7200,1.00210526316
570003,570009,573363,6,3354,2,7200,1.00178890877
570165,570171,573427,6,3256,2,7200,1.00184275184
570222,570230,573350,8,3120,2,7200,1.00256410256
570277,570284,573721,7,3437,2,7200,1.00203665988
570292,570300,573607,8,3307,2,7200,1.00241911098
570311,570318,573712,7,3394,2,7200,1.00206246317
570332,570338,573865,6,3527,2,7200,1.00170116246
570393,570399,573781,6,3382,2,7200,1.00177409817
570408,570415,573742,7,3327,2,7200,1.0021039976
570430,570437,574003,7,3566,2,7200,1.00196298374
570487,570494,573700,7,3206,2,7200,1.00218340611
570503,570510,573538,7,3028,2,7200,1.00231175694
570560,570567,574051,7,3484,2,7200,1.00200918485
570575,570583,573890,8,3307,2,7200,1.00241911098
570609,570616,573773,7,3157,2,7200,1.0022172949
570624,570632,574122,8,3490,2,7200,1.00229226361
570797,570804,574383,7,3579,2,7200,1.00195585359
570798,570811,574175,13,3364,2,7200,1.00386444709
570814,570820,574417,6,3597,2,7200,1.00166805671
570875,570881,574365,6,3484,2,7200,1.00172215844
570905,570912,573970,7,3058,2,7200,1.00228907783
570954,570961,574277,7,3316,2,7200,1.00211097708
570972,570979,574569,7,3590,2,7200,1.00194986072
571012,571018,574652,6,3634,2,7200,1.0016510732
571036,571044,574329,8,3285,2,7200,1.00243531202
571038,571049,574701,11,3652,2,7200,1.00301204819
571114,571121,574488,7,3367,2,7200,1.00207900208
571202,571209,574741,7,3532,2,7200,1.00198187995
571217,571224,574350,7,3126,2,7200,1.00223928343
571263,571270,574415,7,3145,2,7200,1.00222575517
571284,571291,574806,7,3515,2,7200,1.00199146515
571327,571335,574502,8,3167,2,7200,1.00252604989
571342,571349,574683,7,3334,2,7200,1.00209958008
571357,571364,574944,7,3580,2,7200,1.00195530726
571403,571410,574971,7,3561,2,7200,1.00196573996
571433,571440,574802,7,3362,2,7200,1.00208209399
571449,571455,574897,6,3442,2,7200,1.00174317257
571450,571463,574705,13,3242,2,7200,1.00400987045
571512,571519,574673,7,3154,2,7200,1.00221940393
571527,571534,574703,7,3169,2,7200,1.00220889871
571542,571549,574881,7,3332,2,7200,1.00210084034
571558,571564,574889,6,3325,2,7200,1.00180451128
571573,571580,575225,7,3645,2,7200,1.00192043896
571574,571587,575063,13,3476,2,7200,1.00373993096
571714,571720,574982,6,3262,2,7200,1.00183936235
571729,571735,575156,6,3421,2,7200,1.00175387314
571745,571751,575235,6,3484,2,7200,1.00172215844
571746,571759,575097,13,3338,2,7200,1.00389454763
571762,571769,575070,7,3301,2,7200,1.00212056952
571763,571776,574957,13,3181,2,7200,1.00408676517
571797,571804,574975,7,3171,2,7200,1.00220750552
571852,571859,575244,7,3385,2,7200,1.00206794682
571873,571879,575008,6,3129,2,7200,1.00191754554
571888,571895,575136,7,3241,2,7200,1.00215982721
571890,571902,575060,12,3158,2,7200,1.00379987334
571960,571966,575182,6,3216,2,7200,1.00186567164
572024,572031,575206,7,3175,2,7200,1.00220472441
572057,572065,575346,8,3281,2,7200,1.00243828101
572082,572089,575459,7,3370,2,7200,1.00207715134
572137,572144,575359,7,3215,2,7200,1.00217729393
572158,572164,575667,6,3503,2,7200,1.00171281758
572201,572208,575651,7,3443,2,7200,1.00203311066
572262,572269,575911,7,3642,2,7200,1.00192202087
572292,572298,575682,6,3384,2,7200,1.00177304965
572341,572348,575494,7,3146,2,7200,1.00222504768
572384,572391,575513,7,3122,2,7200,1.00224215247
572399,572405,575573,6,3168,2,7200,1.00189393939
572481,572488,575670,7,3182,2,7200,1.00219987429
572502,572509,575881,7,3372,2,7200,1.00207591934
572533,572540,575961,7,3421,2,7200,1.00204618533
572554,572560,575853,6,3293,2,7200,1.00182204677
572624,572632,576134,8,3502,2,7200,1.00228440891
572676,572682,576062,6,3380,2,7200,1.00177514793
572783,572789,576108,6,3319,2,7200,1.00180777343
572850,572856,576270,6,3414,2,7200,1.00175746924
572963,572969,576379,6,3410,2,7200,1.00175953079
573018,573025,576335,7,3310,2,7200,1.00211480363
573133,573140,576281,7,3141,2,7200,1.00222858962
573134,573147,576510,13,3363,2,7200,1.00386559619
573229,573236,576538,7,3302,2,7200,1.00211992732
573350,573358,576735,8,3377,2,7200,1.00236896654
573366,573372,576412,6,3040,2,7200,1.00197368421
573429,573437,576940,8,3503,2,7200,1.00228375678
573540,573547,576820,7,3273,2,7200,1.00213871066
573610,573616,576898,6,3282,2,7200,1.00182815356
573701,573708,576788,7,3080,2,7200,1.00227272727
573717,573724,577275,7,3551,2,7200,1.0019712757
573732,573738,576848,6,3110,2,7200,1.00192926045
573747,573754,577021,7,3267,2,7200,1.00214263851
573775,573782,577001,7,3219,2,7200,1.00217458838
573790,573796,577184,6,3388,2,7200,1.00177095632
573866,573873,577124,7,3251,2,7200,1.00215318364
573891,573897,577154,6,3257,2,7200,1.00184218606
573973,573979,577186,6,3207,2,7200,1.00187090739
574006,574013,577407,7,3394,2,7200,1.00206246317
574052,574058,577453,6,3395,2,7200,1.00176730486
574125,574131,577664,6,3533,2,7200,1.00169827342
574173,574180,577645,7,3465,2,7200,1.00202020202
574277,574284,577613,7,3329,2,7200,1.00210273355
574332,574339,577983,7,3644,2,7200,1.00192096597
574350,574357,577858,7,3501,2,7200,1.00199942873
574365,574372,577659,7,3287,2,7200,1.00212960146
574381,574387,577908,6,3521,2,7200,1.00170406135
574417,574424,577489,7,3065,2,7200,1.00228384992
574419,574432,578080,13,3648,2,7200,1.00356359649
574489,574495,577781,6,3286,2,7200,1.00182592818
574504,574511,577759,7,3248,2,7200,1.00215517241
574571,574578,577916,7,3338,2,7200,1.00209706411
574653,574660,577973,7,3313,2,7200,1.00211288862
574674,574681,577896,7,3215,2,7200,1.00217729393
574690,574696,578011,6,3315,2,7200,1.00180995475
574706,574713,577848,7,3135,2,7200,1.00223285486
574707,574720,578228,13,3508,2,7200,1.00370581528
574708,574725,577890,17,3165,2,7200,1.00537124803
574742,574749,578120,7,3371,2,7200,1.00207653515
574803,574809,578288,6,3479,2,7200,1.00172463352
574818,574824,578163,6,3339,2,7200,1.00179694519
574882,574889,578127,7,3238,2,7200,1.00216182829
574897,574903,578112,6,3209,2,7200,1.00186974135
574899,574911,578454,12,3543,2,7200,1.0033869602
574948,574954,578292,6,3338,2,7200,1.00179748352
574963,574970,578409,7,3439,2,7200,1.00203547543
574978,574985,578302,7,3317,2,7200,1.00211034067
574980,574993,578399,13,3406,2,7200,1.00381679389
574995,575002,578291,7,3289,2,7200,1.00212830648
575010,575017,578194,7,3177,2,7200,1.00220333648
575062,575068,578345,6,3277,2,7200,1.00183094294
575063,575075,578703,12,3628,2,7200,1.0033076075
575079,575085,578185,6,3100,2,7200,1.00193548387
575097,575103,578430,6,3327,2,7200,1.00180342651
575137,575143,578506,6,3363,2,7200,1.00178412132
575155,575161,578333,6,3172,2,7200,1.00189155107
575182,575189,578590,7,3401,2,7200,1.00205821817
575207,575213,578838,6,3625,2,7200,1.00165517241
575228,575235,578565,7,3330,2,7200,1.0021021021
575244,575250,578579,6,3329,2,7200,1.00180234305
575245,575257,578767,12,3510,2,7200,1.00341880342
575348,575355,578702,7,3347,2,7200,1.00209142516
575363,575369,578771,6,3402,2,7200,1.00176366843
575461,575468,578806,7,3338,2,7200,1.00209706411
575494,575501,578939,7,3438,2,7200,1.00203606748
575516,575523,578955,7,3432,2,7200,1.00203962704
575573,575581,578729,8,3148,2,7200,1.00254129606
575652,575660,578790,8,3130,2,7200,1.00255591054
575668,575674,578832,6,3158,2,7200,1.00189993667
575683,575689,578908,6,3219,2,7200,1.0018639329
575685,575697,578850,12,3153,2,7200,1.00380589914
575854,575861,579256,7,3395,2,7200,1.00206185567
575882,575888,578959,6,3071,2,7200,1.00195376099
575910,575916,579505,6,3589,2,7200,1.00167177487
575961,575967,579141,6,3174,2,7200,1.00189035917
576061,576069,579436,8,3367,2,7200,1.00237600238
576110,576117,579452,7,3335,2,7200,1.00209895052
576138,576145,579307,7,3162,2,7200,1.00221378874
576271,576278,579659,7,3381,2,7200,1.00207039337
576286,576294,579684,8,3390,2,7200,1.00235988201
576335,576342,579662,7,3320,2,7200,1.00210843373
576381,576388,579819,7,3431,2,7200,1.00204022151
576415,576421,579721,6,3300,2,7200,1.00181818182
576512,576519,579846,7,3327,2,7200,1.0021039976
576539,576545,579725,6,3180,2,7200,1.00188679245
576737,576743,580223,6,3480,2,7200,1.00172413793
576786,576792,580492,6,3700,2,7200,1.00162162162
576822,576830,580233,8,3403,2,7200,1.00235086688
576850,576857,580183,7,3326,2,7200,1.00210463019
576899,576905,580461,6,3556,2,7200,1.00168728909
576941,576948,580136,7,3188,2,7200,1.002195734
577002,577009,580351,7,3342,2,7200,1.00209455416
577023,577031,580595,8,3564,2,7200,1.00224466891
577127,577134,580519,7,3385,2,7200,1.00206794682
577155,577161,580379,6,3218,2,7200,1.00186451212
577185,577193,580480,8,3287,2,7200,1.00243383024
577201,577207,580522,6,3315,2,7200,1.00180995475
577276,577282,580574,6,3292,2,7200,1.00182260024
577407,577414,580832,7,3418,2,7200,1.00204798128
577456,577463,580787,7,3324,2,7200,1.00210589651
577489,577496,580754,7,3258,2,7200,1.0021485574
577616,577624,581009,8,3385,2,7200,1.0023633678
577647,577653,580958,6,3305,2,7200,1.00181543116
577662,577669,580796,7,3127,2,7200,1.00223856732
577678,577684,581082,6,3398,2,7200,1.00176574456
577760,577766,580914,6,3148,2,7200,1.00190597205
577781,577787,581133,6,3346,2,7200,1.00179318589
577851,577859,581177,8,3318,2,7200,1.00241109102
577866,577873,581165,7,3292,2,7200,1.00212636695
577890,577897,581055,7,3158,2,7200,1.00221659278
577906,577912,580940,6,3028,2,7200,1.00198150594
577921,577928,581231,7,3303,2,7200,1.0021192855
577923,577935,581267,12,3332,2,7200,1.00360144058
577975,577981,581304,6,3323,2,7200,1.00180559735
577990,577996,581301,6,3305,2,7200,1.00181543116
578011,578018,581328,7,3310,2,7200,1.00211480363
578081,578089,581407,8,3318,2,7200,1.00241109102
578115,578121,581493,6,3372,2,7200,1.00177935943
578130,578136,581538,6,3402,2,7200,1.00176366843
578131,578144,581451,13,3307,2,7200,1.00393105534
578165,578172,581394,7,3222,2,7200,1.00217256363
578186,578193,581557,7,3364,2,7200,1.00208085612
578202,578209,581494,7,3285,2,7200,1.00213089802
578229,578236,581789,7,3553,2,7200,1.00197016606
578290,578297,581696,7,3399,2,7200,1.00205942924
578305,578311,581622,6,3311,2,7200,1.00181214135
578307,578319,581638,12,3319,2,7200,1.00361554685
578308,578325,581725,17,3400,2,7200,1.005
578335,578342,581724,7,3382,2,7200,1.00206978119
578351,578357,581475,6,3118,2,7200,1.00192431046
578399,578407,581749,8,3342,2,7200,1.00239377618
578415,578421,581961,6,3540,2,7200,1.00169491525
578430,578437,581721,7,3284,2,7200,1.00213154689
578457,578465,581775,8,3310,2,7200,1.00241691843
578509,578516,581884,7,3368,2,7200,1.0020783848
578567,578573,581889,6,3316,2,7200,1.00180940893
578583,578589,581893,6,3304,2,7200,1.00181598063
578599,578605,581929,6,3324,2,7200,1.00180505415
578702,578709,582160,7,3451,2,7200,1.00202839757
578703,578717,582170,14,3453,2,7200,1.00405444541
578731,578737,582080,6,3343,2,7200,1.00179479509
578771,578777,582079,6,3302,2,7200,1.00181708056
578772,578785,582206,13,3421,2,7200,1.00380005846
578790,578797,581958,7,3161,2,7200,1.00221448909
578806,578813,582194,7,3381,2,7200,1.00207039337
578833,578840,582042,7,3202,2,7200,1.00218613367
578848,578855,582171,7,3316,2,7200,1.00211097708
578864,578870,582203,6,3333,2,7200,1.00180018002
578909,578916,582243,7,3327,2,7200,1.0021039976
578943,578949,582354,6,3405,2,7200,1.00176211454
578959,578966,582100,7,3134,2,7200,1.00223356733
578960,578973,582413,13,3440,2,7200,1.00377906977
579142,579148,582801,6,3653,2,7200,1.00164248563
579257,579265,582570,8,3305,2,7200,1.00242057489
579309,579316,582506,7,3190,2,7200,1.00219435737
579438,579445,582873,7,3428,2,7200,1.002042007
579453,579459,582631,6,3172,2,7200,1.00189155107
579508,579514,583139,6,3625,2,7200,1.00165517241
579660,579666,582972,6,3306,2,7200,1.00181488203
579675,579682,582786,7,3104,2,7200,1.00225515464
579690,579697,582807,7,3110,2,7200,1.00225080386
579721,579728,583287,7,3559,2,7200,1.00196684462
579736,579742,583008,6,3266,2,7200,1.00183710961
579822,579829,582983,7,3154,2,7200,1.00221940393
579849,579855,583146,6,3291,2,7200,1.00182315406
580136,580142,583627,6,3485,2,7200,1.00172166428
580185,580191,583642,6,3451,2,7200,1.00173862649
580224,580231,583604,7,3373,2,7200,1.00207530388
580239,580246,583336,7,3090,2,7200,1.00226537217
580352,580359,583698,7,3339,2,7200,1.00209643606
580382,580389,583832,7,3443,2,7200,1.00203311066
580461,580469,584027,8,3558,2,7200,1.00224845419
580483,580490,583948,7,3458,2,7200,1.0020242915
580498,580506,583831,8,3325,2,7200,1.00240601504
580520,580526,583976,6,3450,2,7200,1.00173913043
580535,580542,583582,7,3040,2,7200,1.00230263158
580574,580581,583874,7,3293,2,7200,1.00212572123
580596,580602,583933,6,3331,2,7200,1.00180126088
580758,580765,584139,7,3374,2,7200,1.0020746888
580788,580796,584278,8,3482,2,7200,1.00229753016
580804,580811,584077,7,3266,2,7200,1.00214329455
580834,580842,583843,8,3001,2,7200,1.00266577807
580917,580924,584264,7,3340,2,7200,1.00209580838
580941,580947,584250,6,3303,2,7200,1.00181653043
580959,580967,584526,8,3559,2,7200,1.00224782242
581008,581016,584388,8,3372,2,7200,1.00237247924
581057,581063,584539,6,3476,2,7200,1.00172612198
581085,581091,584501,6,3410,2,7200,1.00175953079
581133,581139,584540,6,3401,2,7200,1.001764187
581167,581173,584297,6,3124,2,7200,1.0019206146
581182,581189,584401,7,3212,2,7200,1.00217932752
581228,581235,584600,7,3365,2,7200,1.00208023774
581268,581274,584680,6,3406,2,7200,1.00176159718
581301,581308,584455,7,3147,2,7200,1.00222434064
581317,581323,584899,6,3576,2,7200,1.00167785235
581332,581339,585082,7,3743,2,7200,1.00187015763
581396,581402,584704,6,3302,2,7200,1.00181708056
581411,581417,584759,6,3342,2,7200,1.00179533214
581454,581461,584809,7,3348,2,7200,1.00209080048
581475,581481,584693,6,3212,2,7200,1.00186799502
581493,581501,584914,8,3413,2,7200,1.0023439789
581495,581508,584746,13,3238,2,7200,1.00401482397
581540,581547,585156,7,3609,2,7200,1.00193959546
581559,581566,584989,7,3423,2,7200,1.00204498978
581626,581632,584992,6,3360,2,7200,1.00178571429
581641,581648,584824,7,3176,2,7200,1.00220403023
581699,581706,585020,7,3314,2,7200,1.00211225106
581723,581731,585365,8,3634,2,7200,1.00220143093
581725,581738,585069,13,3331,2,7200,1.00390273191
581740,581747,585025,7,3278,2,7200,1.00213544844
581755,581763,585038,8,3275,2,7200,1.00244274809
581777,581784,585200,7,3416,2,7200,1.00204918033
581792,581799,585107,7,3308,2,7200,1.00211608222
581887,581894,585508,7,3614,2,7200,1.00193691201
581902,581908,585400,6,3492,2,7200,1.00171821306
581903,581916,585266,13,3350,2,7200,1.00388059701
581932,581938,585132,6,3194,2,7200,1.00187852223
581959,581967,585252,8,3285,2,7200,1.00243531202
581975,581982,585485,7,3503,2,7200,1.00199828718
582045,582052,585357,7,3305,2,7200,1.00211800303
582081,582087,585428,6,3341,2,7200,1.0017958695
582083,582095,585540,12,3445,2,7200,1.00348330914
582101,582108,585303,7,3195,2,7200,1.00219092332
582162,582169,585487,7,3318,2,7200,1.00210970464
582177,582185,585370,8,3185,2,7200,1.00251177394
582179,582190,585677,11,3487,2,7200,1.00315457413
582197,582204,585542,7,3338,2,7200,1.00209706411
582213,582219,585425,6,3206,2,7200,1.00187149095
582214,582225,585488,11,3263,2,7200,1.00337113086
582241,582249,585711,8,3462,2,7200,1.002310803
582354,582361,585569,7,3208,2,7200,1.00218204489
582415,582422,585764,7,3342,2,7200,1.00209455416
582506,582513,585848,7,3335,2,7200,1.00209895052
582573,582580,585896,7,3316,2,7200,1.00211097708
582634,582641,586049,7,3408,2,7200,1.00205399061
582786,582793,586188,7,3395,2,7200,1.00206185567
582802,582808,586123,6,3315,2,7200,1.00180995475
582817,582823,586155,6,3332,2,7200,1.00180072029
582872,582878,586207,6,3329,2,7200,1.00180234305
582975,582982,586521,7,3539,2,7200,1.00197795988
582991,582997,586201,6,3204,2,7200,1.00187265918
583009,583016,586482,7,3466,2,7200,1.00201961916
583140,583147,586531,7,3384,2,7200,1.00206855792
583155,583162,586523,7,3361,2,7200,1.00208271348
583289,583296,586610,7,3314,2,7200,1.00211225106
583338,583345,586721,7,3376,2,7200,1.00207345972
583584,583591,587021,7,3430,2,7200,1.00204081633
583605,583612,587013,7,3401,2,7200,1.00205821817
583630,583637,587020,7,3383,2,7200,1.00206916938
583645,583651,587165,6,3514,2,7200,1.00170745589
583697,583704,587067,7,3363,2,7200,1.00208147487
583835,583841,586953,6,3112,2,7200,1.00192802057
583836,583849,587028,13,3179,2,7200,1.00408933627
583851,583857,587481,6,3624,2,7200,1.00165562914
583876,583882,587255,6,3373,2,7200,1.0017788319
583936,583944,587544,8,3600,2,7200,1.00222222222
583952,583959,587274,7,3315,2,7200,1.00211161388
583979,583986,587288,7,3302,2,7200,1.00211992732
584028,584034,587122,6,3088,2,7200,1.00194300518
584079,584086,587393,7,3307,2,7200,1.0021167221
584140,584147,587497,7,3350,2,7200,1.00208955224
584254,584261,587656,7,3395,2,7200,1.00206185567
584269,584276,587303,7,3027,2,7200,1.00231252065
584285,584292,587522,7,3230,2,7200,1.00216718266
584300,584307,587769,7,3462,2,7200,1.00202195263
584392,584399,587569,7,3170,2,7200,1.00220820189
584407,584413,587997,6,3584,2,7200,1.00167410714
584456,584462,587750,6,3288,2,7200,1.00182481752
584501,584509,587665,8,3156,2,7200,1.00253485425
584529,584535,587833,6,3298,2,7200,1.00181928441
584545,584551,587865,6,3314,2,7200,1.00181050091
584546,584558,587900,12,3342,2,7200,1.00359066427
584601,584607,588033,6,3426,2,7200,1.00175131349
584680,584687,587900,7,3213,2,7200,1.00217864924
584696,584702,588000,6,3298,2,7200,1.00181928441
584711,584718,588217,7,3499,2,7200,1.00200057159
584748,584755,588064,7,3309,2,7200,1.00211544273
584763,584769,588181,6,3412,2,7200,1.00175849941
584812,584819,588127,7,3308,2,7200,1.00211608222
584827,584833,588171,6,3338,2,7200,1.00179748352
584900,584907,588317,7,3410,2,7200,1.00205278592
584915,584923,588368,8,3445,2,7200,1.0023222061
584991,584999,588223,8,3224,2,7200,1.00248138958
584993,585006,588340,13,3334,2,7200,1.00389922016
585021,585028,588108,7,3080,2,7200,1.00227272727
585036,585043,588381,7,3338,2,7200,1.00209706411
585051,585059,588595,8,3536,2,7200,1.00226244344
585070,585076,588389,6,3313,2,7200,1.00181104739
585085,585092,588367,7,3275,2,7200,1.00213740458
585110,585116,588553,6,3437,2,7200,1.00174570847
585134,585141,588243,7,3102,2,7200,1.00225660864
585158,585164,588285,6,3121,2,7200,1.00192246075
585201,585207,588339,6,3132,2,7200,1.00191570881
585253,585260,588685,7,3425,2,7200,1.00204379562
585268,585275,588520,7,3245,2,7200,1.00215716487
585305,585311,588582,6,3271,2,7200,1.00183430144
585357,585363,588680,6,3317,2,7200,1.00180886343
585372,585378,588823,6,3445,2,7200,1.00174165457
585374,585386,588694,12,3308,2,7200,1.00362756953
585401,585408,588929,7,3521,2,7200,1.00198807157
585426,585433,588806,7,3373,2,7200,1.00207530388
585441,585447,588908,6,3461,2,7200,1.001733603
585487,585495,589045,8,3550,2,7200,1.00225352113
585489,585500,588783,11,3283,2,7200,1.00335059397
585490,585507,588796,17,3289,2,7200,1.0051687443
585509,585516,589066,7,3550,2,7200,1.00197183099
585542,585549,588684,7,3135,2,7200,1.00223285486
585544,585557,589040,13,3483,2,7200,1.00373241459
585571,585577,588886,6,3309,2,7200,1.00181323663
585681,585688,589233,7,3545,2,7200,1.00197461213
585711,585718,589167,7,3449,2,7200,1.00202957379
585766,585772,589128,6,3356,2,7200,1.00178784267
585851,585858,589322,7,3464,2,7200,1.00202078522
585897,585904,589285,7,3381,2,7200,1.00207039337
586049,586056,589461,7,3405,2,7200,1.00205580029
586126,586133,589479,7,3346,2,7200,1.00209205021
586156,586163,589547,7,3384,2,7200,1.00206855792
586190,586197,589782,7,3585,2,7200,1.0019525802
586205,586211,589519,6,3308,2,7200,1.00181378476
586221,586227,590026,6,3799,2,7200,1.00157936299
586483,586490,589794,7,3304,2,7200,1.00211864407
586523,586530,589698,7,3168,2,7200,1.00220959596
586524,586537,589959,13,3422,2,7200,1.00379894798
586539,586545,589782,6,3237,2,7200,1.00185356812
586613,586620,589891,7,3271,2,7200,1.00214001834
586722,586728,589873,6,3145,2,7200,1.00190779014
586954,586961,589998,7,3037,2,7200,1.00230490616
587015,587022,590411,7,3389,2,7200,1.00206550605
587031,587037,590317,6,3280,2,7200,1.00182926829
587032,587045,590487,13,3442,2,7200,1.00377687391
587033,587050,590220,17,3170,2,7200,1.00536277603
587070,587077,590262,7,3185,2,7200,1.0021978022
587122,587128,590695,6,3567,2,7200,1.00168208579
587168,587175,590419,7,3244,2,7200,1.00215782984
587256,587263,590607,7,3344,2,7200,1.00209330144
587275,587281,590446,6,3165,2,7200,1.0018957346
587290,587297,590669,7,3372,2,7200,1.00207591934
587305,587312,590679,7,3367,2,7200,1.00207900208
587396,587403,591001,7,3598,2,7200,1.00194552529
587481,587487,590887,6,3400,2,7200,1.00176470588
587500,587506,591025,6,3519,2,7200,1.00170502984
587524,587531,590790,7,3259,2,7200,1.00214789813
587546,587553,590683,7,3130,2,7200,1.00223642173
587570,587577,590967,7,3390,2,7200,1.00206489676
587658,587665,591044,7,3379,2,7200,1.00207161882
587673,587680,591115,7,3435,2,7200,1.00203784571
587753,587759,591252,6,3493,2,7200,1.00171772116
587768,587775,591210,7,3435,2,7200,1.00203784571
587835,587842,590999,7,3157,2,7200,1.0022172949
587869,587876,591472,7,3596,2,7200,1.00194660734
587902,587909,591288,7,3379,2,7200,1.00207161882
587904,587916,591182,12,3266,2,7200,1.00367421923
588001,588009,591456,8,3447,2,7200,1.00232085872
588003,588016,591428,13,3412,2,7200,1.00381008206
588033,588039,591337,6,3298,2,7200,1.00181928441
588064,588071,591557,7,3486,2,7200,1.00200803213
588110,588116,591243,6,3127,2,7200,1.00191877199
588128,588134,591781,6,3647,2,7200,1.00164518783
588171,588177,591695,6,3518,2,7200,1.0017055145
588186,588193,591551,7,3358,2,7200,1.00208457415
588217,588223,591280,6,3057,2,7200,1.00196270854
588232,588238,591652,6,3414,2,7200,1.00175746924
588248,588256,591696,8,3440,2,7200,1.0023255814
588284,588290,591942,6,3652,2,7200,1.00164293538
588318,588324,591746,6,3422,2,7200,1.00175336061
588339,588346,591463,7,3117,2,7200,1.00224574912
588355,588362,591826,7,3464,2,7200,1.00202078522
588370,588376,591699,6,3323,2,7200,1.00180559735
588372,588384,591887,12,3503,2,7200,1.00342563517
588387,588395,591551,8,3156,2,7200,1.00253485425
588402,588408,591505,6,3097,2,7200,1.00193735873
588521,588528,592002,7,3474,2,7200,1.00201496834
588554,588561,591937,7,3376,2,7200,1.00207345972
588583,588589,592074,6,3485,2,7200,1.00172166428
588598,588605,591921,7,3316,2,7200,1.00211097708
588680,588688,592171,8,3483,2,7200,1.00229687051
588682,588693,592175,11,3482,2,7200,1.00315910396
588697,588705,591767,8,3062,2,7200,1.00261267146
588699,588712,591851,13,3139,2,7200,1.00414144632
588784,588790,592341,6,3551,2,7200,1.00168966488
588800,588806,592099,6,3293,2,7200,1.00182204677
588815,588821,592189,6,3368,2,7200,1.00178147268
588830,588836,592146,6,3310,2,7200,1.00181268882
588888,588895,592388,7,3493,2,7200,1.00200400802
588909,588916,592582,7,3666,2,7200,1.00190943808
588931,588938,592272,7,3334,2,7200,1.00209958008
589041,589047,592183,6,3136,2,7200,1.00191326531
589056,589062,592254,6,3192,2,7200,1.00187969925
589071,589078,592456,7,3378,2,7200,1.00207223209
589129,589135,592417,6,3282,2,7200,1.00182815356
589168,589176,592362,8,3186,2,7200,1.00251098556
589235,589241,592482,6,3241,2,7200,1.00185128047
589287,589293,592595,6,3302,2,7200,1.00181708056
589324,589330,592671,6,3341,2,7200,1.0017958695
589463,589470,592594,7,3124,2,7200,1.00224071703
589482,589488,592540,6,3052,2,7200,1.00196592398
589521,589528,592696,7,3168,2,7200,1.00220959596
589549,589555,592836,6,3281,2,7200,1.00182871076
589701,589707,592880,6,3173,2,7200,1.00189095493
589783,589789,593327,6,3538,2,7200,1.00169587337
589784,589797,593237,13,3440,2,7200,1.00377906977
589800,589806,593138,6,3332,2,7200,1.00180072029
589873,589880,593193,7,3313,2,7200,1.00211288862
589891,589898,593108,7,3210,2,7200,1.00218068536
589961,589968,593239,7,3271,2,7200,1.00214001834
590001,590007,593347,6,3340,2,7200,1.00179640719
590029,590036,593516,7,3480,2,7200,1.00201149425
590222,590229,593391,7,3162,2,7200,1.00221378874
590261,590268,593850,7,3582,2,7200,1.00195421552
590319,590327,593665,8,3338,2,7200,1.0023966447
590414,590421,593883,7,3462,2,7200,1.00202195263
590429,590436,593691,7,3255,2,7200,1.00215053763
590447,590453,593733,6,3280,2,7200,1.00182926829
590490,590496,594055,6,3559,2,7200,1.00168586682
590608,590614,593705,6,3091,2,7200,1.00194111938
590672,590679,594050,7,3371,2,7200,1.00207653515
590688,590694,594068,6,3374,2,7200,1.00177830468
590689,590701,594090,12,3389,2,7200,1.00354086751
590704,590711,594087,7,3376,2,7200,1.00207345972
590793,590799,594226,6,3427,2,7200,1.00175080245
590890,590897,593966,7,3069,2,7200,1.00228087325
590969,590976,594113,7,3137,2,7200,1.0022314313
591000,591007,594393,7,3386,2,7200,1.00206733609
591015,591022,594328,7,3306,2,7200,1.00211736237
591031,591038,594392,7,3354,2,7200,1.00208706023
591046,591053,594415,7,3362,2,7200,1.00208209399
591116,591124,594652,8,3528,2,7200,1.0022675737
591183,591190,594493,7,3303,2,7200,1.0021192855
591211,591218,594584,7,3366,2,7200,1.00207961973
591244,591250,594681,6,3431,2,7200,1.00174876129
591259,591267,594680,8,3413,2,7200,1.0023439789
591281,591288,594591,7,3303,2,7200,1.0021192855
591296,591302,594662,6,3360,2,7200,1.00178571429
591334,591340,591342,6,2,2,3540,1.0
591339,591348,594810,9,3462,2,7200,1.00259965338
591431,591437,594770,6,3333,2,7200,1.00180018002
591458,591465,594747,7,3282,2,7200,1.00213284583
591474,591481,594657,7,3176,2,7200,1.00220403023
591475,591488,594773,13,3285,2,7200,1.00395738204
591506,591513,594760,7,3247,2,7200,1.00215583616
591555,591562,594898,7,3336,2,7200,1.00209832134
591556,591569,594946,13,3377,2,7200,1.00384957062
591571,591577,594877,6,3300,2,7200,1.00181818182
591654,591661,594997,7,3336,2,7200,1.00209832134
591697,591704,594994,7,3290,2,7200,1.00212765957
591698,591711,594878,13,3167,2,7200,1.00410483107
591713,591720,595109,7,3389,2,7200,1.00206550605
591747,591753,595134,6,3381,2,7200,1.00177462289
591768,591775,595027,7,3252,2,7200,1.00215252153
591783,591790,595055,7,3265,2,7200,1.002143951
591826,591832,594863,6,3031,2,7200,1.0019795447
591854,591860,595182,6,3322,2,7200,1.00180614088
591887,591895,595088,8,3193,2,7200,1.00250548074
591922,591928,595402,6,3474,2,7200,1.00172711572
591938,591944,595326,6,3382,2,7200,1.00177409817
591953,591959,595509,6,3550,2,7200,1.00169014085
592005,592012,595198,7,3186,2,7200,1.00219711237
592075,592083,595421,8,3338,2,7200,1.0023966447
592100,592106,595433,6,3327,2,7200,1.00180342651
592149,592155,595503,6,3348,2,7200,1.0017921147
592173,592180,595624,7,3444,2,7200,1.00203252033
592175,592187,595620,12,3433,2,7200,1.003495485
592190,592197,595517,7,3320,2,7200,1.00210843373
592192,592205,595425,13,3220,2,7200,1.00403726708
592256,592263,595746,7,3483,2,7200,1.0020097617
592274,592282,595557,8,3275,2,7200,1.00244274809
592342,592349,595606,7,3257,2,7200,1.00214921707
592363,592369,595567,6,3198,2,7200,1.00187617261
592391,592397,595575,6,3178,2,7200,1.00188797986
592418,592424,595713,6,3289,2,7200,1.00182426269
592458,592465,595889,7,3424,2,7200,1.00204439252
592485,592492,595899,7,3407,2,7200,1.00205459348
592540,592546,596023,6,3477,2,7200,1.00172562554
592583,592589,596176,6,3587,2,7200,1.001672707
592599,592606,595757,7,3151,2,7200,1.00222151698
592600,592613,596009,13,3396,2,7200,1.00382803298
592673,592679,596008,6,3329,2,7200,1.00180234305
592695,592702,595870,7,3168,2,7200,1.00220959596
592838,592844,596339,6,3495,2,7200,1.0017167382
592880,592887,596230,7,3343,2,7200,1.00209392761
593109,593116,596288,7,3172,2,7200,1.00220680958
593140,593147,596703,7,3556,2,7200,1.00196850394
593194,593201,596552,7,3351,2,7200,1.00208892868
593240,593247,596610,7,3363,2,7200,1.00208147487
593242,593254,596756,12,3502,2,7200,1.00342661336
593330,593337,596966,7,3629,2,7200,1.00192890603
593349,593355,596690,6,3335,2,7200,1.00179910045
593394,593400,596795,6,3395,2,7200,1.00176730486
593519,593525,596948,6,3423,2,7200,1.00175284838
593668,593675,596767,7,3092,2,7200,1.00226390686
593692,593699,596954,7,3255,2,7200,1.00215053763
593707,593713,597002,6,3289,2,7200,1.00182426269
593735,593742,596947,7,3205,2,7200,1.00218408736
593847,593854,597386,7,3532,2,7200,1.00198187995
593884,593891,597242,7,3351,2,7200,1.00208892868
593969,593975,597203,6,3228,2,7200,1.00185873606
594051,594057,597210,6,3153,2,7200,1.00190294957
594068,594075,597690,7,3615,2,7200,1.00193637621
594069,594082,597237,13,3155,2,7200,1.00412044374
594087,594095,597262,8,3167,2,7200,1.00252604989
594103,594109,597260,6,3151,2,7200,1.00190415741
594118,594125,597402,7,3277,2,7200,1.00213610009
594227,594235,597513,8,3278,2,7200,1.00244051251
594328,594334,597325,6,2991,2,7200,1.00200601805
594393,594400,597750,7,3350,2,7200,1.00208955224
594394,594407,597887,13,3480,2,7200,1.00373563218
594418,594425,597756,7,3331,2,7200,1.00210147103
594494,594501,597774,7,3273,2,7200,1.00213871066
594586,594592,597911,6,3319,2,7200,1.00180777343
594601,594607,597999,6,3392,2,7200,1.00176886792
594654,594660,597819,6,3159,2,7200,1.00189933523
594669,594675,598140,6,3465,2,7200,1.00173160173
594670,594683,598160,13,3477,2,7200,1.00373885534
594686,594693,598152,7,3459,2,7200,1.00202370627
594687,594700,598140,13,3440,2,7200,1.00377906977
594751,594757,598040,6,3283,2,7200,1.00182759671
594766,594774,598188,8,3414,2,7200,1.00234329233
594782,594789,598310,7,3521,2,7200,1.00198807157
594783,594795,597893,12,3098,2,7200,1.00387346675
594811,594818,598278,7,3460,2,7200,1.00202312139
594862,594869,598205,7,3336,2,7200,1.00209832134
594878,594884,598415,6,3531,2,7200,1.00169923534
594879,594892,598245,13,3353,2,7200,1.00387712496
594898,594904,598307,6,3403,2,7200,1.00176315016
594947,594954,598226,7,3272,2,7200,1.0021393643
594993,595000,598326,7,3326,2,7200,1.00210463019
595008,595014,598365,6,3351,2,7200,1.0017905103
595029,595036,598391,7,3355,2,7200,1.00208643815
595057,595064,598346,7,3282,2,7200,1.00213284583
595090,595098,598228,8,3130,2,7200,1.00255591054
595112,595119,598272,7,3153,2,7200,1.00222010783
595136,595142,598579,6,3437,2,7200,1.00174570847
595185,595192,598667,7,3475,2,7200,1.00201438849
595200,595207,598518,7,3311,2,7200,1.0021141649
595329,595335,598738,6,3403,2,7200,1.00176315016
595405,595412,598596,7,3184,2,7200,1.00219849246
595423,595429,598567,6,3138,2,7200,1.00191204589
595439,595446,598712,7,3266,2,7200,1.00214329455
595440,595451,598741,11,3290,2,7200,1.00334346505
595504,595510,598445,6,2935,2,7200,1.00204429302
595519,595525,598909,6,3384,2,7200,1.00177304965
595521,595533,598809,12,3276,2,7200,1.00366300366
595557,595565,599051,8,3486,2,7200,1.00229489386
595573,595580,598953,7,3373,2,7200,1.00207530388
595588,595594,598991,6,3397,2,7200,1.00176626435
595607,595613,599211,6,3598,2,7200,1.00166759311
595622,595628,598978,6,3350,2,7200,1.00179104478
595637,595643,598980,6,3337,2,7200,1.00179802218
595714,595721,598880,7,3159,2,7200,1.0022158911
595747,595754,598908,7,3154,2,7200,1.00221940393
595762,595769,599077,7,3308,2,7200,1.00211608222
595872,595879,599226,7,3347,2,7200,1.00209142516
595890,595897,599207,7,3310,2,7200,1.00211480363
595905,595912,599569,7,3657,2,7200,1.00191413727
596009,596015,599251,6,3236,2,7200,1.00185414091
596010,596023,599494,13,3471,2,7200,1.00374531835
596025,596032,599113,7,3081,2,7200,1.00227198961
596178,596185,599361,7,3176,2,7200,1.00220403023
596233,596239,599611,6,3372,2,7200,1.00177935943
596288,596295,599661,7,3366,2,7200,1.00207961973
596342,596350,599760,8,3410,2,7200,1.00234604106
596553,596560,599947,7,3387,2,7200,1.00206672572
596610,596618,599817,8,3199,2,7200,1.00250078149
596693,596699,600077,6,3378,2,7200,1.00177619893
596708,596714,600122,6,3408,2,7200,1.00176056338
596757,596763,599819,6,3056,2,7200,1.00196335079
596772,596779,600093,7,3314,2,7200,1.00211225106
596797,596804,599999,7,3195,2,7200,1.00219092332
596950,596956,600273,6,3317,2,7200,1.00180886343
596951,596964,600390,13,3426,2,7200,1.00379451255
596966,596974,600143,8,3169,2,7200,1.00252445566
596968,596981,600355,13,3374,2,7200,1.00385299348
597005,597012,600170,7,3158,2,7200,1.00221659278
597206,597213,600368,7,3155,2,7200,1.00221870048
597221,597227,600435,6,3208,2,7200,1.00187032419
597239,597246,600639,7,3393,2,7200,1.00206307103
597241,597254,600484,13,3230,2,7200,1.0040247678
597259,597265,600437,6,3172,2,7200,1.00189155107
597275,597281,600748,6,3467,2,7200,1.00173060283
597306,601349,601384,4043,35,64,3600,116.514285714
597326,597333,600500,7,3167,2,7200,1.00221029365
597344,597351,741365,7,144014,2,144000,1.00004860639
597390,597397,600855,7,3458,2,7200,1.0020242915
597406,597413,600776,7,3363,2,7200,1.00208147487
597516,597522,600755,6,3233,2,7200,1.00185586143
597692,597699,600948,7,3249,2,7200,1.00215450908
597753,597760,600948,7,3188,2,7200,1.002195734
597768,597774,600963,6,3189,2,7200,1.00188146754
597783,597789,600998,6,3209,2,7200,1.00186974135
597820,597827,601200,7,3373,2,7200,1.00207530388
597890,597896,601328,6,3432,2,7200,1.00174825175
597906,597912,601326,6,3414,2,7200,1.00175746924
597921,597928,601328,7,3400,2,7200,1.00205882353
598000,598007,601264,7,3257,2,7200,1.00214921707
598039,598046,601328,7,3282,2,7200,1.00213284583
598143,598150,601328,7,3178,2,7200,1.00220264317
598144,598157,601328,13,3171,2,7200,1.00409965311
598160,598166,601328,6,3162,2,7200,1.00189753321
598162,598174,601328,12,3154,2,7200,1.00380469245
598189,598196,601328,7,3132,2,7200,1.00223499361
598207,598213,601328,6,3115,2,7200,1.00192616372
598229,598235,601328,6,3093,2,7200,1.00193986421
598230,598243,601328,13,3085,2,7200,1.00421393841
598246,598253,601328,7,3075,2,7200,1.00227642276
598270,598278,601328,8,3050,2,7200,1.00262295082
598286,598293,601328,7,3035,2,7200,1.00230642504
598307,598314,601328,7,3014,2,7200,1.00232249502
598322,598330,601328,8,2998,2,7200,1.00266844563
598338,598344,601328,6,2984,2,7200,1.00201072386
598353,598360,601328,7,2968,2,7200,1.00235849057
598369,598375,601328,6,2953,2,7200,1.00203183204
598392,598399,601328,7,2929,2,7200,1.00238989416
598416,598423,601328,7,2905,2,7200,1.00240963855
598447,598453,601328,6,2875,2,7200,1.00208695652
598517,598524,601328,7,2804,2,7200,1.00249643367
598569,598575,601328,6,2753,2,7200,1.00217944061
598584,598591,601328,7,2737,2,7200,1.00255754476
598599,598607,601328,8,2721,2,7200,1.00294009555
598670,598676,601328,6,2652,2,7200,1.00226244344
598715,598721,601328,6,2607,2,7200,1.00230149597
598740,598747,601328,7,2581,2,7200,1.00271212708
598755,598762,601328,7,2566,2,7200,1.00272798129
598810,598816,601328,6,2512,2,7200,1.00238853503
598880,598887,601328,7,2441,2,7200,1.00286767718
598908,598914,601328,6,2414,2,7200,1.00248550124
598923,598930,601328,7,2398,2,7200,1.00291909925
598953,598960,601328,7,2368,2,7200,1.00295608108
598978,598984,601328,6,2344,2,7200,1.00255972696
598979,598992,601328,13,2336,2,7200,1.00556506849
598995,599002,601328,7,2326,2,7200,1.0030094583
599053,599060,601328,7,2268,2,7200,1.00308641975
599080,599086,601328,6,2242,2,7200,1.00267618198
599114,599121,601328,7,2207,2,7200,1.00317172633
599208,599215,601328,7,2113,2,7200,1.00331282537
599223,599230,601328,7,2098,2,7200,1.00333651096
599239,599245,601328,6,2083,2,7200,1.00288046087
599254,599261,601328,7,2067,2,7200,1.00338655056
599363,599370,601328,7,1958,2,7200,1.00357507661
599494,599501,601328,7,1827,2,7200,1.00383141762
599570,599576,601328,6,1752,2,7200,1.00342465753
599610,599617,601328,7,1711,2,7200,1.00409117475
599662,599669,601328,7,1659,2,7200,1.00421940928
599762,599769,601328,7,1559,2,7200,1.00449005773
599817,599824,601328,7,1504,2,7200,1.00465425532
599832,599839,601328,7,1489,2,7200,1.00470114171
599948,599955,601328,7,1373,2,7200,1.00509832484
600000,600007,601329,7,1322,2,7200,1.00529500756
600080,600087,601329,7,1242,2,7200,1.00563607085
600096,600103,601329,7,1226,2,7200,1.0057096248
600123,600130,601329,7,1199,2,7200,1.0058381985
600145,600151,601329,6,1178,2,7200,1.00509337861
600172,600179,601329,7,1150,2,7200,1.00608695652
600273,600279,601329,6,1050,2,7200,1.00571428571
600356,600362,601329,6,967,2,7200,1.00620475698
600371,600378,601329,7,951,2,7200,1.00736067298
600392,600399,601329,7,930,2,7200,1.00752688172
600435,600442,601329,7,887,2,7200,1.00789177001
600437,600450,601329,13,879,2,7200,1.01478953356
600483,600489,601329,6,840,2,7200,1.00714285714
600501,600507,601329,6,822,2,7200,1.00729927007
600641,600647,601329,6,682,2,7200,1.00879765396
600748,600754,601329,6,575,2,7200,1.01043478261
600763,600770,601329,7,559,2,7200,1.01252236136
600779,600786,601329,7,543,2,7200,1.01289134438
600855,600862,601329,7,467,2,7200,1.01498929336
600950,600956,601329,6,373,2,7200,1.01608579088
600951,600964,601329,13,365,2,7200,1.03561643836
600966,600972,601329,6,357,2,7200,1.01680672269
601000,601007,601329,7,322,2,7200,1.02173913043
601201,601208,601329,7,121,2,7200,1.05785123967
601262,601269,601329,7,60,2,7200,1.11666666667
601329,601335,601846,6,511,2,7200,1.01174168297
601343,601367,604729,24,3362,2,7200,1.00713860797
601344,601372,605048,28,3676,2,7200,1.00761697497
601346,601377,605015,31,3638,2,7200,1.00852116548
601347,601383,604804,36,3421,2,7200,1.01052323882
601348,601388,604903,40,3515,2,7200,1.01137980085
601350,601393,604543,43,3150,2,7200,1.01365079365
601351,601398,604992,47,3594,2,7200,1.01307735114
601352,601404,604520,52,3116,2,7200,1.01668806162
601354,601409,605024,55,3615,2,7200,1.01521438451
601355,601414,605134,59,3720,2,7200,1.01586021505
601357,601426,605010,69,3584,2,7200,1.01925223214
601358,601431,604963,73,3532,2,7200,1.02066817667
601359,601436,604770,77,3334,2,7200,1.02309538092
601361,601441,605044,80,3603,2,7200,1.02220371912
601362,601447,604894,85,3447,2,7200,1.02465912388
601363,601452,605111,89,3659,2,7200,1.02432358568
601365,601457,604765,92,3308,2,7200,1.02781136638
601366,601462,604812,96,3350,2,7200,1.02865671642
601367,601468,604961,101,3493,2,7200,1.0289149728
601369,601473,605148,104,3675,2,7200,1.02829931973
601370,601478,604835,108,3357,2,7200,1.03217158177
601371,601484,604764,113,3280,2,7200,1.03445121951
601373,601489,604879,116,3390,2,7200,1.03421828909
601375,601494,602738,119,1244,2,7200,1.09565916399
601376,601499,605172,123,3673,2,7200,1.03348761231
601378,601505,605047,127,3542,2,7200,1.0358554489
601379,601510,605029,131,3519,2,7200,1.0372264848
601381,601515,604866,134,3351,2,7200,1.03998806326
601382,601520,603185,138,1665,2,7200,1.08288288288
601383,601526,605089,143,3563,2,7200,1.04013471793
601385,601531,604843,146,3312,2,7200,1.0440821256
601386,601536,604708,150,3172,2,7200,1.0472887768
601388,601541,605002,153,3461,2,7200,1.04420687663
601389,601547,605006,158,3459,2,7200,1.0456779416
601390,601552,605076,162,3524,2,7200,1.04597048808
601392,601557,604951,165,3394,2,7200,1.0486152033
601393,601563,605194,170,3631,2,7200,1.04681905811
601394,601568,604970,174,3402,2,7200,1.05114638448
601396,601573,605166,177,3593,2,7200,1.04926245477
601397,601578,604969,181,3391,2,7200,1.05337658508
601674,601681,604987,7,3306,2,7200,1.00211736237
601675,601687,604994,12,3307,2,7200,1.00362866647
601677,601693,605146,16,3453,2,7200,1.0046336519
601678,601698,604999,20,3301,2,7200,1.00605877007
601679,601703,605021,24,3318,2,7200,1.00723327306
601681,601708,604960,27,3252,2,7200,1.00830258303
601682,601714,604903,32,3189,2,7200,1.01003449357
601683,601719,605023,36,3304,2,7200,1.01089588378
601685,601725,604859,40,3134,2,7200,1.01276324186
601686,601730,605043,44,3313,2,7200,1.01328101419
601687,601735,605278,48,3543,2,7200,1.01354784081
601689,601741,605075,52,3334,2,7200,1.01559688062
601703,601746,605130,43,3384,2,7200,1.01270685579
601705,601751,605052,46,3301,2,7200,1.01393517116
601706,601756,604833,50,3077,2,7200,1.01624959376
601708,601762,605104,54,3342,2,7200,1.01615798923
601709,601768,604929,59,3161,2,7200,1.01866497944
601710,601773,605333,63,3560,2,7200,1.01769662921
601712,601779,605010,67,3231,2,7200,1.02073661405
601713,601784,605261,71,3477,2,7200,1.02041990221
601714,601789,604990,75,3201,2,7200,1.02343017807
601716,601794,605182,78,3388,2,7200,1.02302243211
601717,601800,605177,83,3377,2,7200,1.02457802784
601718,601859,605205,141,3346,2,7200,1.0421398685
601720,602751,606171,1031,3420,2,7200,1.3014619883
601721,602776,606189,1055,3413,2,7200,1.30911221799
601722,603198,606299,1476,3101,2,7200,1.47597549178
601724,604532,607810,2808,3278,2,7200,1.85661989018
601725,604555,607649,2830,3094,2,7200,1.91467356173
601726,604720,608331,2994,3611,2,7200,1.8291332041
601728,604741,608064,3013,3323,2,7200,1.90671080349
601729,604777,608107,3048,3330,2,7200,1.91531531532
601730,604782,608157,3052,3375,2,7200,1.9042962963
601732,604789,608143,3057,3354,2,7200,1.9114490161
601733,604816,608280,3083,3464,2,7200,1.89001154734
601735,604825,608379,3090,3554,2,7200,1.86944288126
601736,604846,608171,3110,3325,2,7200,1.93533834586
601737,604853,608086,3116,3233,2,7200,1.96381070213
601739,604860,608158,3121,3298,2,7200,1.94633110976
601740,604871,608285,3131,3414,2,7200,1.91710603398
601742,604880,608316,3138,3436,2,7200,1.91327124563
601743,604891,608467,3148,3576,2,7200,1.88031319911
601744,604906,608320,3162,3414,2,7200,1.92618629174
601746,604915,608481,3169,3566,2,7200,1.88867077958
601747,604920,608021,3173,3101,2,7200,2.02321831667
601749,604941,608083,3192,3142,2,7200,2.01591343094
601751,604965,608433,3214,3468,2,7200,1.92675893887
601753,604971,608374,3218,3403,2,7200,1.94563620335
601754,604978,608149,3224,3171,2,7200,2.01671397036
601755,604983,608318,3228,3335,2,7200,1.96791604198
601757,604990,608229,3233,3239,2,7200,1.99814757641
601758,604995,608213,3237,3218,2,7200,2.00590428838
601759,605002,608317,3243,3315,2,7200,1.97828054299
601761,605007,608523,3246,3516,2,7200,1.92320819113
601762,605014,608169,3252,3155,2,7200,2.03074484945
601764,605019,608322,3255,3303,2,7200,1.98546775658
601765,605025,608387,3260,3362,2,7200,1.96966091612
601766,605030,608661,3264,3631,2,7200,1.89892591573
601768,605037,608372,3269,3335,2,7200,1.98020989505
601769,605042,608382,3273,3340,2,7200,1.97994011976
601770,605048,608543,3278,3495,2,7200,1.93791130186
601772,605053,608349,3281,3296,2,7200,1.99544902913
601773,605058,608412,3285,3354,2,7200,1.97942754919
601774,605063,608635,3289,3572,2,7200,1.92077267637
601776,605069,608472,3293,3403,2,7200,1.96767558037
601777,605076,608272,3299,3196,2,7200,2.03222778473
601778,605081,608411,3303,3330,2,7200,1.99189189189
601780,605086,608519,3306,3433,2,7200,1.9630061171
601781,605092,608373,3311,3281,2,7200,2.00914355379
601782,605097,608431,3315,3334,2,7200,1.99430113977
601784,605102,608404,3318,3302,2,7200,2.00484554815
601785,605109,608429,3324,3320,2,7200,2.00120481928
601787,605114,608531,3327,3417,2,7200,1.97366110623
601788,605120,608417,3332,3297,2,7200,2.01061571125
601789,605127,608448,3338,3321,2,7200,2.00511894008
601791,605132,608464,3341,3332,2,7200,2.00270108043
601792,605142,608558,3350,3416,2,7200,1.98067915691
601793,605149,608473,3356,3324,2,7200,2.00962695548
601795,605158,608524,3363,3366,2,7200,1.9991087344
601796,605165,608289,3369,3124,2,7200,2.07842509603
602739,605179,608865,2440,3686,2,7200,1.66196418882
602997,844573,924988,241576,80415,3,324000,4.00411614748
603187,605185,608040,1998,2855,2,7200,1.69982486865
604520,605193,608850,673,3657,2,7200,1.1840306262
604544,605200,608389,656,3189,2,7200,1.20570711822
604706,605207,608759,501,3552,2,7200,1.1410472973
604730,605218,608539,488,3321,2,7200,1.14694369166
604763,605273,605833,510,560,2,7200,1.91071428571
604778,605290,608590,512,3300,2,7200,1.15515151515
604779,605346,608891,567,3545,2,7200,1.15994358251
