SubmitTime,StartTime,EndTime,QueuedTime,RunTime,NodesRequested,walltime,bslowdown
8,31,1328,23,1297,2,7200,1.01773323053
29,40,1336,11,1296,2,7200,1.00848765432
40,112,1422,72,1310,2,7200,1.05496183206
112,159,1476,47,1317,2,7200,1.03568716781
153,166,1469,13,1303,2,7200,1.00997697621
164,184,1483,20,1299,2,7200,1.01539645881
164,177,1472,13,1295,2,7200,1.01003861004
175,223,1522,48,1299,2,7200,1.03695150115
186,232,1535,46,1303,2,7200,1.03530314658
228,246,1531,18,1285,2,7200,1.0140077821
228,238,1535,10,1297,2,7200,1.00771010023
240,252,1490,12,1238,2,7200,1.00969305331
251,268,1523,17,1255,2,7200,1.01354581673
251,278,1531,27,1253,2,7200,1.02154828412
272,313,1591,41,1278,2,7200,1.03208137715
283,323,1541,40,1218,2,7200,1.0328407225
314,342,1579,28,1237,2,7200,1.02263540825
325,380,1519,55,1139,2,7200,1.04828797191
346,484,1769,138,1285,2,7200,1.10739299611
378,539,1741,161,1202,2,7200,1.13394342762
480,560,1770,80,1210,2,7200,1.06611570248
542,572,1746,30,1174,2,7200,1.02555366269
563,588,1715,25,1127,2,7200,1.02218278616
574,595,1779,21,1184,2,7200,1.01773648649
585,635,1772,50,1137,2,7200,1.04397537379
595,663,1837,68,1174,2,7200,1.05792163543
637,690,1847,53,1157,2,7200,1.04580812446
668,708,1880,40,1172,2,7200,1.03412969283
689,752,1881,63,1129,2,7200,1.05580159433
710,786,1896,76,1110,2,7200,1.06846846847
751,856,2013,105,1157,2,7200,1.09075194468
783,877,1999,94,1122,2,7200,1.08377896613
855,984,2100,129,1116,2,7200,1.11559139785
876,1050,2180,174,1130,2,7200,1.15398230088
989,1115,2219,126,1104,2,7200,1.11413043478
1050,1161,2323,111,1162,2,7200,1.09552495697
1112,1188,2302,76,1114,2,7200,1.06822262118
1164,1210,2306,46,1096,2,7200,1.04197080292
1185,1320,2443,135,1123,2,7200,1.12021371327
1206,1339,2393,133,1054,2,7200,1.12618595825
1319,1348,2542,29,1194,2,7200,1.0242881072
1340,1435,2517,95,1082,2,7200,1.08780036969
1351,1481,2553,130,1072,2,7200,1.12126865672
1433,1487,2566,54,1079,2,7200,1.0500463392
1485,1494,2556,9,1062,2,7200,1.00847457627
1485,1501,2560,16,1059,2,7200,1.01510859301
1496,1507,2547,11,1040,2,7200,1.01057692308
1496,1531,2753,35,1222,2,7200,1.02864157119
1507,1538,2823,31,1285,2,7200,1.02412451362
1528,1543,2705,15,1162,2,7200,1.01290877797
1539,1555,2686,16,1131,2,7200,1.01414677277
1539,1550,2696,11,1146,2,7200,1.00959860384
1550,1562,2687,12,1125,2,7200,1.01066666667
1560,1568,2596,8,1028,2,7200,1.00778210117
1561,1573,2594,12,1021,2,7200,1.01175318315
1572,1604,2681,32,1077,2,7200,1.02971216342
1572,1591,2657,19,1066,2,7200,1.01782363977
1593,1728,2912,135,1184,2,7200,1.11402027027
1604,1754,2933,150,1179,2,7200,1.1272264631
1727,1760,3132,33,1372,2,7200,1.02405247813
1758,1781,2971,23,1190,2,7200,1.01932773109
1759,1787,2999,28,1212,2,7200,1.02310231023
1780,1793,2986,13,1193,2,7200,1.01089689858
1790,1799,3063,9,1264,2,7200,1.00712025316
1791,1849,3017,58,1168,2,7200,1.04965753425
1802,1859,2984,57,1125,2,7200,1.05066666667
1853,1899,2995,46,1096,2,7200,1.04197080292
1864,1904,2983,40,1079,2,7200,1.03707136237
1902,1911,2923,9,1012,2,7200,1.00889328063
1903,2012,3126,109,1114,2,7200,1.09784560144
1913,2025,3070,112,1045,2,7200,1.10717703349
2016,2113,3442,97,1329,2,7200,1.07298720843
2027,2192,3523,165,1331,2,7200,1.12396694215
2109,2231,3613,122,1382,2,7200,1.08827785818
2192,2313,3647,121,1334,2,7200,1.09070464768
2233,2321,3694,88,1373,2,7200,1.06409322651
2316,2334,3694,18,1360,2,7200,1.01323529412
2316,2404,3774,88,1370,2,7200,1.06423357664
2337,2454,3806,117,1352,2,7200,1.08653846154
2409,2529,3862,120,1333,2,7200,1.09002250563
2451,2554,3949,103,1395,2,7200,1.07383512545
2533,2560,3927,27,1367,2,7200,1.01975128018
2554,2566,3922,12,1356,2,7200,1.00884955752
2561,2573,3886,12,1313,2,7200,1.00913937548
2562,2578,3929,16,1351,2,7200,1.0118430792
2572,2584,3892,12,1308,2,7200,1.00917431193
2583,2606,3909,23,1303,2,7200,1.01765157329
2584,2612,3906,28,1294,2,7200,1.02163833076
2605,2641,3949,36,1308,2,7200,1.02752293578
2615,2669,3971,54,1302,2,7200,1.04147465438
2667,2692,3994,25,1302,2,7200,1.01920122888
2688,2700,3990,12,1290,2,7200,1.00930232558
2688,2705,3984,17,1279,2,7200,1.01329163409
2699,2712,3995,13,1283,2,7200,1.01013250195
2710,2719,4006,9,1287,2,7200,1.00699300699
2710,2765,4086,55,1321,2,7200,1.04163512491
2762,2835,4081,73,1246,2,7200,1.05858747994
2824,2923,4214,99,1291,2,7200,1.07668474051
2916,2934,4256,18,1322,2,7200,1.01361573374
2927,2944,4227,17,1283,2,7200,1.01325019486
2938,2982,4257,44,1275,2,7200,1.03450980392
2979,2995,4266,16,1271,2,7200,1.01258851298
2990,3007,4256,17,1249,2,7200,1.01361088871
2990,3001,4261,11,1260,2,7200,1.00873015873
3001,3013,4292,12,1279,2,7200,1.00938232995
3012,3019,4277,7,1258,2,7200,1.00556438792
3012,3029,4315,17,1286,2,7200,1.0132192846
3023,3074,4321,51,1247,2,7200,1.04089815557
3064,3081,4364,17,1283,2,7200,1.01325019486
3075,3138,4406,63,1268,2,7200,1.04968454259
3127,3144,4407,17,1263,2,7200,1.01346001584
3138,3453,4754,315,1301,2,7200,1.24212144504
3445,3534,4791,89,1257,2,7200,1.0708035004
3528,3624,4893,96,1269,2,7200,1.0756501182
3620,3658,4930,38,1272,2,7200,1.02987421384
3652,3705,4960,53,1255,2,7200,1.0422310757
3703,3713,4978,10,1265,2,7200,1.00790513834
3704,3786,5066,82,1280,2,7200,1.0640625
3776,3818,5048,42,1230,2,7200,1.03414634146
3807,3875,5168,68,1293,2,7200,1.05259087394
3869,3897,5188,28,1291,2,7200,1.02168861348
3890,3905,5182,15,1277,2,7200,1.01174628034
3901,3917,5178,16,1261,2,7200,1.01268834259
3911,3925,5221,14,1296,2,7200,1.01080246914
3922,3935,5189,13,1254,2,7200,1.01036682616
3933,3947,5194,14,1247,2,7200,1.01122694467
3933,3941,5195,8,1254,2,7200,1.00637958533
3944,3965,5199,21,1234,2,7200,1.0170178282
3955,3983,5214,28,1231,2,7200,1.02274573517
3965,3997,5216,32,1219,2,7200,1.02625102543
3986,4003,5339,17,1336,2,7200,1.0127245509
3997,4009,5391,12,1382,2,7200,1.00868306802
4008,4015,5378,7,1363,2,7200,1.00513573001
4008,4021,5386,13,1365,2,7200,1.00952380952
4019,4092,5468,73,1376,2,7200,1.05305232558
4019,4099,5473,80,1374,2,7200,1.05822416303
4091,4226,5590,135,1364,2,7200,1.09897360704
4102,4239,5617,137,1378,2,7200,1.09941944848
4225,4267,5787,42,1520,2,7200,1.02763157895
4236,4273,5714,37,1441,2,7200,1.02567661346
4267,4280,5644,13,1364,2,7200,1.00953079179
4278,4292,5681,14,1389,2,7200,1.01007919366
4278,4287,5706,9,1419,2,7200,1.00634249471
4289,4304,5684,15,1380,2,7200,1.01086956522
4289,4328,5707,39,1379,2,7200,1.02828136331
4300,4311,5681,11,1370,2,7200,1.00802919708
4311,4335,5701,24,1366,2,7200,1.01756954612
4332,4417,5856,85,1439,2,7200,1.05906879778
4332,4375,5857,43,1482,2,7200,1.0290148448
4374,4424,5882,50,1458,2,7200,1.03429355281
4415,4765,6120,350,1355,2,7200,1.25830258303
4426,4803,6180,377,1377,2,7200,1.27378358751
4764,4906,6359,142,1453,2,7200,1.09772883689
4806,4941,6323,135,1382,2,7200,1.0976845152
4908,4971,6464,63,1493,2,7200,1.04219691896
4940,4990,6343,50,1353,2,7200,1.036954915
4971,5059,6453,88,1394,2,7200,1.0631276901
4992,5078,6516,86,1438,2,7200,1.05980528512
5064,5179,6567,115,1388,2,7200,1.08285302594
5074,5190,6620,116,1430,2,7200,1.08111888112
5177,5197,6600,20,1403,2,7200,1.0142551675
5188,5203,6633,15,1430,2,7200,1.01048951049
5199,5211,6611,12,1400,2,7200,1.00857142857
5199,5216,6628,17,1412,2,7200,1.01203966006
5210,5222,6623,12,1401,2,7200,1.00856531049
5221,5234,6638,13,1404,2,7200,1.00925925926
5221,5229,6621,8,1392,2,7200,1.00574712644
5232,5246,6629,14,1383,2,7200,1.01012292119
5232,5240,6637,8,1397,2,7200,1.00572655691
5243,5351,6780,108,1429,2,7200,1.0755773268
5244,5390,6822,146,1432,2,7200,1.10195530726
5346,5398,6842,52,1444,2,7200,1.03601108033
5388,5404,6815,16,1411,2,7200,1.01133947555
5399,5479,6853,80,1374,2,7200,1.05822416303
5409,5487,6977,78,1490,2,7200,1.05234899329
5482,5629,6980,147,1351,2,7200,1.10880829016
5482,5602,6982,120,1380,2,7200,1.08695652174
5598,5656,6949,58,1293,2,7200,1.04485692189
5629,5693,7000,64,1307,2,7200,1.04896710023
5660,5698,7008,38,1310,2,7200,1.02900763359
5691,5705,7054,14,1349,2,7200,1.01037805782
5702,5713,7122,11,1409,2,7200,1.00780695529
5702,5719,7163,17,1444,2,7200,1.01177285319
5713,5725,7180,12,1455,2,7200,1.00824742268
5724,5731,7143,7,1412,2,7200,1.00495750708
5725,5799,7213,74,1414,2,7200,1.05233380481
5735,5867,7298,132,1431,2,7200,1.09224318658
5797,5874,7387,77,1513,2,7200,1.05089226702
5869,5895,7305,26,1410,2,7200,1.01843971631
5870,6133,7468,263,1335,2,7200,1.19700374532
5891,6191,7495,300,1304,2,7200,1.23006134969
6136,6335,7667,199,1332,2,7200,1.1493993994
6188,6355,7730,167,1375,2,7200,1.12145454545
6332,6370,7807,38,1437,2,7200,1.02644398051
6353,6464,7913,111,1449,2,7200,1.07660455487
6374,6475,7870,101,1395,2,7200,1.07240143369
6466,6528,7937,62,1409,2,7200,1.04400283889
6477,6579,8023,102,1444,2,7200,1.07063711911
6528,6611,7995,83,1384,2,7200,1.05997109827
6580,6622,7977,42,1355,2,7200,1.03099630996
6611,6632,7967,21,1335,2,7200,1.01573033708
6622,6639,7979,17,1340,2,7200,1.01268656716
6633,6646,7989,13,1343,2,7200,1.0096798213
6643,6653,7982,10,1329,2,7200,1.00752445448
6644,6658,8009,14,1351,2,7200,1.0103626943
6655,6664,7998,9,1334,2,7200,1.00674662669
6655,6670,8026,15,1356,2,7200,1.0110619469
6666,6676,8078,10,1402,2,7200,1.00713266762
6666,6792,8216,126,1424,2,7200,1.08848314607
6677,6827,8230,150,1403,2,7200,1.10691375624
6791,6833,8260,42,1427,2,7200,1.02943237561
6822,6854,8252,32,1398,2,7200,1.02288984263
6833,6864,8308,31,1444,2,7200,1.02146814404
6854,6960,8310,106,1350,2,7200,1.07851851852
6864,6989,8286,125,1297,2,7200,1.09637625289
6957,6996,8404,39,1408,2,7200,1.02769886364
6988,7001,8335,13,1334,2,7200,1.00974512744
6999,7019,8365,20,1346,2,7200,1.01485884101
6999,7012,8359,13,1347,2,7200,1.00965107647
7010,7066,8385,56,1319,2,7200,1.04245640637
7020,7134,8531,114,1397,2,7200,1.08160343593
7062,7154,8543,92,1389,2,7200,1.06623470122
7134,7175,8618,41,1443,2,7200,1.02841302841
7155,7192,8557,37,1365,2,7200,1.02710622711
7176,7224,8625,48,1401,2,7200,1.03426124197
7197,7309,8764,112,1455,2,7200,1.07697594502
7228,7317,8795,89,1478,2,7200,1.0602165088
7310,7399,8834,89,1435,2,7200,1.06202090592
7321,7480,8843,159,1363,2,7200,1.11665443874
7403,7507,8988,104,1481,2,7200,1.07022282242
7475,7680,9051,205,1371,2,7200,1.14952589351
7507,7742,9095,235,1353,2,7200,1.17368810052
7681,7819,9164,138,1345,2,7200,1.10260223048
7743,7882,9236,139,1354,2,7200,1.10265878877
7815,7925,9315,110,1390,2,7200,1.07913669065
7887,7949,9269,62,1320,2,7200,1.04696969697
7928,7978,9314,50,1336,2,7200,1.0374251497
7949,7990,9354,41,1364,2,7200,1.03005865103
7980,7997,9479,17,1482,2,7200,1.01147098516
7991,8003,9476,12,1473,2,7200,1.00814663951
8002,8010,9440,8,1430,2,7200,1.00559440559
8002,8016,9455,14,1439,2,7200,1.00972897846
8013,8028,9426,15,1398,2,7200,1.01072961373
8013,8022,9373,9,1351,2,7200,1.00666173205
8024,8040,9426,16,1386,2,7200,1.01154401154
8024,8034,9484,10,1450,2,7200,1.00689655172
8035,8091,9433,56,1342,2,7200,1.04172876304
8046,8227,9560,181,1333,2,7200,1.13578394599
8087,8242,9577,155,1335,2,7200,1.11610486891
8231,8264,9663,33,1399,2,7200,1.02358827734
8242,8271,9695,29,1424,2,7200,1.02036516854
8263,8297,9653,34,1356,2,7200,1.02507374631
8273,8320,9731,47,1411,2,7200,1.03330970943
8294,8328,9842,34,1514,2,7200,1.02245706737
8325,8347,9758,22,1411,2,7200,1.01559177888
8326,8371,9868,45,1497,2,7200,1.03006012024
8347,8377,9919,30,1542,2,7200,1.01945525292
8368,8397,9755,29,1358,2,7200,1.02135493373
8379,8416,9753,37,1337,2,7200,1.02767389678
8400,8542,9897,142,1355,2,7200,1.10479704797
8421,8554,9880,133,1326,2,7200,1.10030165913
8544,8569,9868,25,1299,2,7200,1.01924557352
8555,8629,9999,74,1370,2,7200,1.05401459854
8566,8636,9976,70,1340,2,7200,1.05223880597
8627,8776,10198,149,1422,2,7200,1.10478199719
8638,8808,10260,170,1452,2,7200,1.11707988981
8781,16440,16570,7659,130,1,3600,59.9153846154
8782,8847,10192,65,1345,2,7200,1.04832713755
8813,8855,10322,42,1467,2,7200,1.02862985685
8844,9000,10459,156,1459,2,7200,1.10692254969
8855,9063,10549,208,1486,2,7200,1.1399730821
8998,9107,10430,109,1323,2,7200,1.08238851096
9060,9177,10525,117,1348,2,7200,1.08679525223
9112,9247,10576,135,1329,2,7200,1.10158013544
9174,9281,10860,107,1579,2,7200,1.06776440785
9246,9325,10775,79,1450,2,7200,1.05448275862
9277,9331,10822,54,1491,2,7200,1.03621730382
9329,9365,10879,36,1514,2,7200,1.02377807133
9329,9385,10768,56,1383,2,7200,1.04049168474
9370,9437,10865,67,1428,2,7200,1.04691876751
9381,9442,10980,61,1538,2,7200,1.03966189857
9433,9450,10933,17,1483,2,7200,1.01146325017
9443,9456,10868,13,1412,2,7200,1.00920679887
9454,9466,10899,12,1433,2,7200,1.00837404047
9455,9487,10855,32,1368,2,7200,1.02339181287
9465,9495,10937,30,1442,2,7200,1.02080443828
9486,9501,10955,15,1454,2,7200,1.01031636864
9497,9572,10979,75,1407,2,7200,1.05330490405
9497,9588,11045,91,1457,2,7200,1.06245710364
9569,9664,11086,95,1422,2,7200,1.06680731364
9590,9674,11094,84,1420,2,7200,1.05915492958
9662,9706,11240,44,1534,2,7200,1.02868318123
9673,9742,11309,69,1567,2,7200,1.04403318443
9704,9765,11202,61,1437,2,7200,1.04244954767
9746,9772,11428,26,1656,2,7200,1.01570048309
9767,9779,11206,12,1427,2,7200,1.00840925018
9767,9853,11374,86,1521,2,7200,1.05654174885
9778,9880,11390,102,1510,2,7200,1.06754966887
9850,9885,11390,35,1505,2,7200,1.02325581395
9881,9909,11372,28,1463,2,7200,1.01913875598
9881,9891,11392,10,1501,2,7200,1.00666222518
9892,9931,11343,39,1412,2,7200,1.0276203966
9913,9988,11580,75,1592,2,7200,1.04711055276
9934,10011,11382,77,1371,2,7200,1.05616338439
9986,10204,11629,218,1425,2,7200,1.15298245614
10007,10210,11663,203,1453,2,7200,1.13971094288
10202,10272,11697,70,1425,2,7200,1.04912280702
10212,10333,11845,121,1512,2,7200,1.08002645503
10274,10443,11970,169,1527,2,7200,1.11067452521
10336,10470,11967,134,1497,2,7200,1.08951235805
10439,10536,12043,97,1507,2,7200,1.06436629064
10470,10561,12152,91,1591,2,7200,1.05719673162
10532,10587,12033,55,1446,2,7200,1.03803596127
10563,10780,12271,217,1491,2,7200,1.1455399061
10585,10787,12093,202,1306,2,7200,1.15467075038
10780,10834,12229,54,1395,2,7200,1.03870967742
10790,10868,12188,78,1320,2,7200,1.05909090909
10832,10875,12226,43,1351,2,7200,1.03182827535
10863,10881,12267,18,1386,2,7200,1.01298701299
10874,10887,12275,13,1388,2,7200,1.00936599424
10885,10911,12187,26,1276,2,7200,1.02037617555
10885,10894,12221,9,1327,2,7200,1.00678221552
10896,10944,12236,48,1292,2,7200,1.03715170279
10907,10952,12342,45,1390,2,7200,1.03237410072
10948,10967,12313,19,1346,2,7200,1.01411589896
10949,10991,12387,42,1396,2,7200,1.03008595989
10970,10998,12393,28,1395,2,7200,1.02007168459
10991,11058,12370,67,1312,2,7200,1.05106707317
11001,11098,12390,97,1292,2,7200,1.07507739938
11063,11106,12460,43,1354,2,7200,1.0317577548
11094,11214,12617,120,1403,2,7200,1.08553100499
11105,11221,12489,116,1268,2,7200,1.09148264984
11218,11252,12543,34,1291,2,7200,1.02633617351
11218,11320,12778,102,1458,2,7200,1.06995884774
11250,11354,12638,104,1284,2,7200,1.08099688474
11322,11383,12622,61,1239,2,7200,1.04923325262
11353,11390,12632,37,1242,2,7200,1.02979066023
11384,11397,12674,13,1277,2,7200,1.01018010963
11395,11403,12865,8,1462,2,7200,1.00547195622
11395,11409,12862,14,1453,2,7200,1.00963523744
11406,11415,12660,9,1245,2,7200,1.00722891566
11406,11440,12687,34,1247,2,7200,1.02726543705
11417,11592,12852,175,1260,2,7200,1.13888888889
11438,11641,13126,203,1485,2,7200,1.1367003367
11592,11674,13076,82,1402,2,7200,1.05848787447
11643,11710,13134,67,1424,2,7200,1.0470505618
11675,11856,13113,181,1257,2,7200,1.14399363564
11706,11979,13196,273,1217,2,7200,1.22432210353
11860,11985,13703,125,1718,2,7200,1.07275902212
11983,12044,13576,61,1532,2,7200,1.03981723238
11983,12055,13531,72,1476,2,7200,1.0487804878
12045,12105,13432,60,1327,2,7200,1.04521477016
12056,12165,13456,109,1291,2,7200,1.0844306739
12107,12199,13678,92,1479,2,7200,1.06220419202
12169,12205,13603,36,1398,2,7200,1.02575107296
12201,12240,14063,39,1823,2,7200,1.02139330773
12201,12232,13781,31,1549,2,7200,1.02001291156
12232,12247,13720,15,1473,2,7200,1.01018329939
12243,12253,13624,10,1371,2,7200,1.00729394602
12243,12279,13843,36,1564,2,7200,1.02301790281
12254,12285,13762,31,1477,2,7200,1.02098849018
12275,12292,13796,17,1504,2,7200,1.01130319149
12286,12324,13899,38,1575,2,7200,1.02412698413
12296,12353,13903,57,1550,2,7200,1.03677419355
12327,12381,14053,54,1672,2,7200,1.03229665072
12359,12399,13795,40,1396,2,7200,1.02865329513
12379,12406,13953,27,1547,2,7200,1.0174531351
12401,12472,14023,71,1551,2,7200,1.04577691812
12401,12412,14061,11,1649,2,7200,1.00667070952
12412,12500,14013,88,1513,2,7200,1.05816259088
12474,12555,14088,81,1533,2,7200,1.05283757339
12505,12629,14058,124,1429,2,7200,1.08677396781
12556,12636,14237,80,1601,2,7200,1.04996876952
12589,16445,16575,3856,130,1,3600,30.6615384615
12628,12643,14312,15,1669,2,7200,1.00898741762
12639,12651,14183,12,1532,2,7200,1.00783289817
12640,12672,14046,32,1374,2,7200,1.02328966521
12651,12686,14202,35,1516,2,7200,1.02308707124
12671,12699,14417,28,1718,2,7200,1.01629802095
12682,12790,14414,108,1624,2,7200,1.06650246305
12703,12864,14608,161,1744,2,7200,1.09231651376
12786,12874,14400,88,1526,2,7200,1.05766710354
12868,12881,14523,13,1642,2,7200,1.00791717418
12879,13125,14736,246,1611,2,7200,1.15270018622
12879,13088,14796,209,1708,2,7200,1.12236533958
13084,13138,14506,54,1368,2,7200,1.03947368421
13126,13146,14776,20,1630,2,7200,1.01226993865
13136,13208,14936,72,1728,2,7200,1.04166666667
13147,13331,15064,184,1733,2,7200,1.10617426428
13209,13336,15104,127,1768,2,7200,1.07183257919
13332,13443,15003,111,1560,2,7200,1.07115384615
13445,13468,15072,23,1604,2,7200,1.01433915212
13466,13543,15128,77,1585,2,7200,1.04858044164
13538,13588,15194,50,1606,2,7200,1.03113325031
13590,13615,15335,25,1720,2,7200,1.01453488372
13611,13635,15368,24,1733,2,7200,1.01384881708
13632,13689,15383,57,1694,2,7200,1.03364817001
13693,13716,15341,23,1625,2,7200,1.01415384615
13714,13732,15140,18,1408,2,7200,1.01278409091
13735,13773,15567,38,1794,2,7200,1.02118171683
13777,13792,15670,15,1878,2,7200,1.00798722045
13798,13807,15463,9,1656,2,7200,1.00543478261
13798,13814,15353,16,1539,2,7200,1.01039636127
13819,13854,15541,35,1687,2,7200,1.02074688797
13850,13910,15452,60,1542,2,7200,1.03891050584
13912,13918,15372,6,1454,2,7200,1.00412654746
13923,13965,15582,42,1617,2,7200,1.02597402597
13964,14024,15719,60,1695,2,7200,1.03539823009
14026,14034,15774,8,1740,2,7200,1.00459770115
14036,14057,15872,21,1815,2,7200,1.01157024793
14057,14064,15321,7,1257,2,7200,1.00556881464
14068,14075,15787,7,1712,2,7200,1.00408878505
14069,14080,15556,11,1476,2,7200,1.00745257453
14079,14086,15530,7,1444,2,7200,1.00484764543
14171,14178,15521,7,1343,2,7200,1.00521221147
14182,14195,15563,13,1368,2,7200,1.00950292398
14192,14214,15532,22,1318,2,7200,1.01669195751
14213,14248,15560,35,1312,2,7200,1.02667682927
14244,14324,15652,80,1328,2,7200,1.06024096386
14327,14412,15751,85,1339,2,7200,1.06348020911
14409,14426,15778,17,1352,2,7200,1.0125739645
14420,14432,15759,12,1327,2,7200,1.00904295403
14431,14517,15845,86,1328,2,7200,1.06475903614
14513,14535,15869,22,1334,2,7200,1.01649175412
14534,14619,15946,85,1327,2,7200,1.06405425772
14616,14747,16078,131,1331,2,7200,1.09842223892
14750,14789,16126,39,1337,2,7200,1.0291697831
14791,14807,16133,16,1326,2,7200,1.01206636501
14812,14947,16260,135,1313,2,7200,1.10281797411
14948,15015,16354,67,1339,2,7200,1.0500373413
15020,15075,16424,55,1349,2,7200,1.04077094144
15071,15083,16421,12,1338,2,7200,1.00896860987
15082,15117,16435,35,1318,2,7200,1.02655538695
15113,15140,16446,27,1306,2,7200,1.02067381317
15144,15151,16483,7,1332,2,7200,1.00525525526
15155,15206,16530,51,1324,2,7200,1.03851963746
15207,15333,16668,126,1335,2,7200,1.09438202247
15330,15347,16682,17,1335,2,7200,1.0127340824
15341,15353,16656,12,1303,2,7200,1.0092095165
15352,15366,16683,14,1317,2,7200,1.0106302202
15362,15379,16682,17,1303,2,7200,1.01304681504
15375,15386,16561,11,1175,2,7200,1.00936170213
15386,15395,16513,9,1118,2,7200,1.00805008945
15397,15464,16509,67,1045,2,7200,1.06411483254
15469,15475,16662,6,1187,2,7200,1.0050547599
15479,15532,16836,53,1304,2,7200,1.04064417178
15528,66000,152446,50472,86446,4,86400,1.5838558175
15531,15543,16867,12,1324,2,7200,1.00906344411
15542,15550,16859,8,1309,2,7200,1.00611153552
15542,15557,16897,15,1340,2,7200,1.01119402985
15553,15568,16900,15,1332,2,7200,1.01126126126
15564,15574,16928,10,1354,2,7200,1.00738552437
15564,15579,16902,15,1323,2,7200,1.01133786848
15575,15586,16908,11,1322,2,7200,1.00832072617
15585,15595,16907,10,1312,2,7200,1.00762195122
15596,15663,16973,67,1310,2,7200,1.05114503817
15669,15682,17024,13,1342,2,7200,1.00968703428
15679,15731,17043,52,1312,2,7200,1.03963414634
15731,15763,17074,32,1311,2,7200,1.02440884821
15762,15771,17096,9,1325,2,7200,1.00679245283
15773,15785,17103,12,1318,2,7200,1.0091047041
15784,15793,17111,9,1318,2,7200,1.00682852807
15794,15801,17121,7,1320,2,7200,1.0053030303
15805,15857,17179,52,1322,2,7200,1.03933434191
15857,15880,17198,23,1318,2,7200,1.01745068285
15878,15888,17190,10,1302,2,7200,1.00768049155
15888,15958,17276,70,1318,2,7200,1.0531107739
15960,16089,17425,129,1336,2,7200,1.09655688623
16053,16586,16668,533,82,1,1800,7.5
16094,16138,17453,44,1315,2,7200,1.03346007605
16135,16144,17460,9,1316,2,7200,1.00683890578
16146,16272,17596,126,1324,2,7200,1.09516616314
16269,16367,17695,98,1328,2,7200,1.07379518072
16372,16433,17743,61,1310,2,7200,1.0465648855
16434,16452,17761,18,1309,2,7200,1.01375095493
16445,16459,17794,14,1335,2,7200,1.01048689139
16455,16495,17830,40,1335,2,7200,1.02996254682
16487,16520,17852,33,1332,2,7200,1.02477477477
16518,16543,17839,25,1296,2,7200,1.01929012346
16518,16526,17840,8,1314,2,7200,1.00608828006
16539,16573,17884,34,1311,2,7200,1.02593440122
16570,16580,17914,10,1334,2,7200,1.00749625187
16581,16668,17996,87,1328,2,7200,1.06551204819
16663,16678,18048,15,1370,2,7200,1.01094890511
16674,16691,18035,17,1344,2,7200,1.01264880952
16685,16698,18017,13,1319,2,7200,1.00985595148
16695,16705,18020,10,1315,2,7200,1.00760456274
16696,16710,18048,14,1338,2,7200,1.01046337818
16703,20034,20347,3331,313,1,3600,11.642172524
16704,20039,20356,3335,317,1,3600,11.5205047319
16706,16848,18170,142,1322,2,7200,1.10741301059
16850,16871,18196,21,1325,2,7200,1.0158490566
16871,16879,18187,8,1308,2,7200,1.00611620795
16882,16908,18244,26,1336,2,7200,1.01946107784
16903,16915,18258,12,1343,2,7200,1.00893521966
16909,20045,20149,3136,104,1,1800,31.1538461538
16913,16922,18272,9,1350,2,7200,1.00666666667
16914,16927,18238,13,1311,2,7200,1.00991609458
16924,16934,18247,10,1313,2,7200,1.00761614623
16935,16942,18269,7,1327,2,7200,1.00527505652
16946,16984,18328,38,1344,2,7200,1.02827380952
16987,17035,18380,48,1345,2,7200,1.03568773234
17039,17054,18366,15,1312,2,7200,1.01143292683
17050,17086,18445,36,1359,2,7200,1.02649006623
17081,17107,18443,26,1336,2,7200,1.01946107784
17112,17124,18438,12,1314,2,7200,1.00913242009
17112,17118,18465,6,1347,2,7200,1.00445434298
17123,17132,18450,9,1318,2,7200,1.00682852807
17134,17190,18491,56,1301,2,7200,1.04304381245
17196,17203,18551,7,1348,2,7200,1.00519287834
17206,17213,18536,7,1323,2,7200,1.00529100529
17217,17288,18591,71,1303,2,7200,1.05448963929
17289,17436,18776,147,1340,2,7200,1.10970149254
17433,17465,18773,32,1308,2,7200,1.0244648318
17464,17471,18786,7,1315,2,7200,1.00532319392
17475,17608,18938,133,1330,2,7200,1.1
17608,17707,19021,99,1314,2,7200,1.07534246575
17711,17755,19061,44,1306,2,7200,1.0336906585
17753,17773,19107,20,1334,2,7200,1.01499250375
17773,17806,19126,33,1320,2,7200,1.025
17805,17841,19156,36,1315,2,7200,1.02737642586
17846,17852,19185,6,1333,2,7200,1.00450112528
17846,17858,19192,12,1334,2,7200,1.00899550225
17857,17865,19222,8,1357,2,7200,1.00589535741
17868,17895,19228,27,1333,2,7200,1.02025506377
17899,17925,19250,26,1325,2,7200,1.01962264151
17930,18008,19349,78,1341,2,7200,1.0581655481
18013,18029,19409,16,1380,2,7200,1.0115942029
18023,18035,19352,12,1317,2,7200,1.00911161731
18034,18047,19347,13,1300,2,7200,1.01
18045,18060,19424,15,1364,2,7200,1.01099706745
18056,18067,19398,11,1331,2,7200,1.00826446281
18066,18182,19514,116,1332,2,7200,1.08708708709
18179,18199,19512,20,1313,2,7200,1.01523229246
18201,18207,19543,6,1336,2,7200,1.00449101796
18211,18250,19576,39,1326,2,7200,1.02941176471
18253,18259,19587,6,1328,2,7200,1.00451807229
18253,18265,19601,12,1336,2,7200,1.00898203593
18264,18272,19663,8,1391,2,7200,1.00575125809
18275,18283,19612,8,1329,2,7200,1.00601956358
18275,18290,19625,15,1335,2,7200,1.01123595506
18286,18340,19666,54,1326,2,7200,1.0407239819
18338,18378,19697,40,1319,2,7200,1.03032600455
18379,18393,19697,14,1304,2,7200,1.01073619632
18390,18449,19795,59,1346,2,7200,1.04383358098
18452,18465,19786,13,1321,2,7200,1.00984102952
18452,18458,19763,6,1305,2,7200,1.00459770115
18463,18471,19814,8,1343,2,7200,1.0059568131
18474,18480,19802,6,1322,2,7200,1.00453857791
18484,18502,19826,18,1324,2,7200,1.01359516616
18505,18547,19910,42,1363,2,7200,1.03081438004
18547,18562,19898,15,1336,2,7200,1.01122754491
18567,18602,19963,35,1361,2,7200,1.02571638501
18599,18785,20151,186,1366,2,7200,1.13616398243
18783,18792,20116,9,1324,2,7200,1.00679758308
18794,18800,20153,6,1353,2,7200,1.0044345898
18805,18949,20268,144,1319,2,7200,1.10917361638
18948,19032,20354,84,1322,2,7200,1.06354009077
19031,19072,20398,41,1326,2,7200,1.03092006033
19072,19118,20463,46,1345,2,7200,1.03420074349
19124,19138,20430,14,1292,2,7200,1.01083591331
19135,19168,20491,33,1323,2,7200,1.02494331066
19166,19198,20524,32,1326,2,7200,1.02413273002
19197,19204,20554,7,1350,2,7200,1.00518518519
19208,19233,20562,25,1329,2,7200,1.01881113619
19239,19245,20548,6,1303,2,7200,1.00460475825
19249,19262,20594,13,1332,2,7200,1.00975975976
19260,19359,20707,99,1348,2,7200,1.0734421365
19354,19365,20696,11,1331,2,7200,1.00826446281
19355,19371,20738,16,1367,2,7200,1.01170446233
19376,19409,20745,33,1336,2,7200,1.0247005988
19407,19421,20699,14,1278,2,7200,1.01095461659
19418,19435,20746,17,1311,2,7200,1.01296720061
19439,19524,20822,85,1298,2,7200,1.0654853621
19521,19531,20856,10,1325,2,7200,1.00754716981
19532,19555,20892,23,1337,2,7200,1.0172026926
19553,19589,20911,36,1322,2,7200,1.02723146747
19584,19599,20910,15,1311,2,7200,1.0114416476
19595,19612,20954,17,1342,2,7200,1.01266766021
19616,19623,20942,7,1319,2,7200,1.0053070508
19626,19637,20949,11,1312,2,7200,1.00838414634
19637,19674,20977,37,1303,2,7200,1.02839600921
19669,19681,20975,12,1294,2,7200,1.00927357032
19680,19709,21019,29,1310,2,7200,1.02213740458
19701,19714,21056,13,1342,2,7200,1.00968703428
19712,19775,21157,63,1382,2,7200,1.04558610709
19773,19797,21126,24,1329,2,7200,1.01805869074
19794,19807,21134,13,1327,2,7200,1.00979653353
19805,19813,21137,8,1324,2,7200,1.00604229607
19816,19825,21162,9,1337,2,7200,1.00673148841
19827,19838,21155,11,1317,2,7200,1.00835231587
19837,19909,21253,72,1344,2,7200,1.05357142857
19910,19922,21233,12,1311,2,7200,1.00915331808
19920,19976,21294,56,1318,2,7200,1.04248861912
19947,20050,20131,103,81,1,1800,2.27160493827
19972,20029,21388,57,1359,2,7200,1.04194260486
20034,20057,21381,23,1324,2,7200,1.01737160121
20055,20063,21383,8,1320,2,7200,1.00606060606
20066,20072,21469,6,1397,2,7200,1.00429491768
20076,20128,21490,52,1362,2,7200,1.03817914831
20128,20141,21428,13,1287,2,7200,1.0101010101
20139,20164,21532,25,1368,2,7200,1.0182748538
20160,20170,21505,10,1335,2,7200,1.0074906367
20171,20280,21632,109,1352,2,7200,1.08062130178
20284,20357,21686,73,1329,2,7200,1.05492851768
20356,20366,21673,10,1307,2,7200,1.00765110941
20366,20410,21738,44,1328,2,7200,1.03313253012
20384,20757,20858,373,101,1,1800,4.69306930693
20408,20442,21773,34,1331,2,7200,1.02554470323
20439,20474,21801,35,1327,2,7200,1.02637528259
20470,20502,21819,32,1317,2,7200,1.02429764617
20502,20535,21904,33,1369,2,7200,1.02410518627
20533,20560,21909,27,1349,2,7200,1.0200148258
20564,20570,21892,6,1322,2,7200,1.00453857791
20573,20868,21510,295,642,1,3600,1.45950155763
20575,20581,21935,6,1354,2,7200,1.00443131462
20577,21406,22046,829,640,1,3600,2.2953125
20585,20605,21927,20,1322,2,7200,1.01512859304
20606,20707,22056,101,1349,2,7200,1.07487027428
20645,21411,21819,766,408,1,1800,2.87745098039
20710,20716,22079,6,1363,2,7200,1.00440205429
20720,20726,22071,6,1345,2,7200,1.00446096654
20731,20750,22098,19,1348,2,7200,1.01409495549
20752,20764,22108,12,1344,2,7200,1.00892857143
20763,20770,22103,7,1333,2,7200,1.00525131283
20773,20834,22178,61,1344,2,7200,1.04538690476
20836,20876,22270,40,1394,2,7200,1.02869440459
20877,20904,22233,27,1329,2,7200,1.02031602709
20908,20923,22278,15,1355,2,7200,1.0110701107
20922,20929,22215,7,1286,2,7200,1.00544323484
20933,20955,22215,22,1260,2,7200,1.01746031746
20954,20961,22226,7,1265,2,7200,1.00553359684
20965,20971,22283,6,1312,2,7200,1.00457317073
20975,20987,22301,12,1314,2,7200,1.00913242009
20986,20994,22333,8,1339,2,7200,1.00597460792
20997,21032,22356,35,1324,2,7200,1.02643504532
21028,21068,22413,40,1345,2,7200,1.02973977695
21069,21137,22457,68,1320,2,7200,1.05151515152
21141,21148,22471,7,1323,2,7200,1.00529100529
21152,21159,22467,7,1308,2,7200,1.00535168196
21163,21169,22490,6,1321,2,7200,1.00454201363
21174,21181,22502,7,1321,2,7200,1.0052990159
21184,21191,22515,7,1324,2,7200,1.00528700906
21195,21244,22575,49,1331,2,7200,1.03681442524
21247,21266,22584,19,1318,2,7200,1.01441578149
21268,21305,22613,37,1308,2,7200,1.02828746177
21309,21392,22706,83,1314,2,7200,1.06316590563
21389,22056,22427,667,371,1,1800,2.79784366577
21391,21399,22731,8,1332,2,7200,1.00600600601
21402,21439,22751,37,1312,2,7200,1.02820121951
21444,21480,22783,36,1303,2,7200,1.0276285495
21485,21501,22797,16,1296,2,7200,1.01234567901
21506,21520,22859,14,1339,2,7200,1.01045556385
21517,21544,22865,27,1321,2,7200,1.02043906132
21548,21643,22945,95,1302,2,7200,1.07296466974
21640,21685,23010,45,1325,2,7200,1.03396226415
21682,21698,23003,16,1305,2,7200,1.0122605364
21703,21750,23074,47,1324,2,7200,1.03549848943
21755,21785,23092,30,1307,2,7200,1.02295332823
21786,21813,23168,27,1355,2,7200,1.01992619926
21817,21829,23152,12,1323,2,7200,1.00907029478
21828,21836,23160,8,1324,2,7200,1.00604229607
21839,21904,23226,65,1322,2,7200,1.04916792738
21901,21916,23251,15,1335,2,7200,1.01123595506
21911,21922,23259,11,1337,2,7200,1.00822737472
21922,21939,23290,17,1351,2,7200,1.01258327165
21943,21949,23306,6,1357,2,7200,1.00442151805
21954,22068,23409,114,1341,2,7200,1.08501118568
22067,22084,23394,17,1310,2,7200,1.01297709924
22088,22094,23392,6,1298,2,7200,1.00462249615
22098,22110,23423,12,1313,2,7200,1.00913937548
22109,22116,23441,7,1325,2,7200,1.00528301887
22120,22127,23413,7,1286,2,7200,1.00544323484
22130,22190,23504,60,1314,2,7200,1.04566210046
22192,22226,23565,34,1339,2,7200,1.02539208364
22224,22234,23597,10,1363,2,7200,1.00733675715
22234,22240,23589,6,1349,2,7200,1.00444773907
22245,22252,23596,7,1344,2,7200,1.00520833333
22256,22281,23592,25,1311,2,7200,1.01906941266
22287,22294,23617,7,1323,2,7200,1.00529100529
22298,22304,23618,6,1314,2,7200,1.00456621005
22308,22315,23643,7,1328,2,7200,1.00527108434
22319,22345,23674,26,1329,2,7200,1.01956358164
22350,22368,23727,18,1359,2,7200,1.01324503311
22371,22424,23757,53,1333,2,7200,1.03975993998
22422,22437,22541,15,104,1,3600,1.14423076923
22423,22470,23819,47,1349,2,7200,1.03484062268
22474,22481,23834,7,1353,2,7200,1.0051736881
22485,22492,23815,7,1323,2,7200,1.00529100529
22496,22502,23846,6,1344,2,7200,1.00446428571
22506,22513,23845,7,1332,2,7200,1.00525525526
22517,22528,23838,11,1310,2,7200,1.00839694656
22529,22586,23879,57,1293,2,7200,1.04408352668
22591,22597,23886,6,1289,2,7200,1.00465477114
22601,22624,23962,23,1338,2,7200,1.01718983558
22622,22719,24079,97,1360,2,7200,1.07132352941
22659,24091,24410,1432,319,1,3600,5.48902821317
22681,24097,24147,1416,50,1,1800,29.32
22715,22743,24073,28,1330,2,7200,1.02105263158
22746,22763,24105,17,1342,2,7200,1.01266766021
22767,22794,24112,27,1318,2,7200,1.02048558422
22798,22808,24157,10,1349,2,7200,1.00741289844
22809,22871,24199,62,1328,2,7200,1.04668674699
22856,24124,24239,1268,115,1,3600,12.0260869565
22871,22877,24207,6,1330,2,7200,1.0045112782
22882,22956,24324,74,1368,2,7200,1.05409356725
22954,23014,24376,60,1362,2,7200,1.04405286344
23015,23021,24326,6,1305,2,7200,1.00459770115
23026,23086,24408,60,1322,2,7200,1.04538577912
23088,23105,24376,17,1271,2,7200,1.01337529504
23109,23164,24476,55,1312,2,7200,1.04192073171
23161,23172,24495,11,1323,2,7200,1.00831443689
23172,23179,24500,7,1321,2,7200,1.0052990159
23183,23238,24584,55,1346,2,7200,1.04086181278
23234,23262,24586,28,1324,2,7200,1.02114803625
23265,23272,24580,7,1308,2,7200,1.00535168196
23276,23301,24665,25,1364,2,7200,1.01832844575
23297,23318,24681,21,1363,2,7200,1.01540719002
23318,23403,24750,85,1347,2,7200,1.06310319228
23400,23411,24797,11,1386,2,7200,1.00793650794
23411,23420,24746,9,1326,2,7200,1.00678733032
23422,23428,24815,6,1387,2,7200,1.0043258832
23433,23439,24817,6,1378,2,7200,1.00435413643
23443,23453,24832,10,1379,2,7200,1.00725163162
23454,23516,24830,62,1314,2,7200,1.04718417047
23516,23576,24885,60,1309,2,7200,1.04583651642
23578,23600,24937,22,1337,2,7200,1.01645474944
23599,23607,24965,8,1358,2,7200,1.0058910162
23610,23617,24949,7,1332,2,7200,1.00525525526
23620,23627,24972,7,1345,2,7200,1.00520446097
23631,23637,24971,6,1334,2,7200,1.00449775112
23642,23649,24989,7,1340,2,7200,1.0052238806
23650,24130,24179,480,49,1,1800,10.7959183673
23653,23659,24998,6,1339,2,7200,1.00448095594
23663,23687,25048,24,1361,2,7200,1.01763409258
23684,23739,25120,55,1381,2,7200,1.03982621289
23736,23768,25099,32,1331,2,7200,1.02404207363
23767,23827,25190,60,1363,2,7200,1.04402054292
23829,23835,25225,6,1390,2,7200,1.00431654676
23840,23846,25185,6,1339,2,7200,1.00448095594
23851,23857,25188,6,1331,2,7200,1.00450788881
23861,23868,25208,7,1340,2,7200,1.0052238806
23872,23878,25281,6,1403,2,7200,1.00427655025
23883,23891,25221,8,1330,2,7200,1.00601503759
23893,23900,25269,7,1369,2,7200,1.00511322133
23904,23975,25341,71,1366,2,7200,1.05197657394
23976,24084,25422,108,1338,2,7200,1.08071748879
24089,24117,25483,28,1366,2,7200,1.02049780381
24121,24157,25550,36,1393,2,7200,1.02584350323
24152,24169,25560,17,1391,2,7200,1.01222142344
24173,24211,25631,38,1420,2,7200,1.02676056338
24214,24220,25605,6,1385,2,7200,1.00433212996
24225,24249,25629,24,1380,2,7200,1.01739130435
24246,24336,25700,90,1364,2,7200,1.06598240469
24338,24345,25705,7,1360,2,7200,1.00514705882
24349,24387,25721,38,1334,2,7200,1.02848575712
24390,24396,25736,6,1340,2,7200,1.00447761194
24392,24421,24740,29,319,1,3600,1.09090909091
24401,24428,25772,27,1344,2,7200,1.02008928571
24414,24750,24857,336,107,1,1800,4.14018691589
24432,24488,25850,56,1362,2,7200,1.04111600587
24471,24867,24979,396,112,1,1800,4.53571428571
24484,24507,25876,23,1369,2,7200,1.01680058437
24505,24513,25922,8,1409,2,7200,1.00567778566
24516,24593,25983,77,1390,2,7200,1.05539568345
24598,24605,25979,7,1374,2,7200,1.00509461426
24609,24616,26004,7,1388,2,7200,1.00504322767
24619,24678,26014,59,1336,2,7200,1.04416167665
24681,24693,26054,12,1361,2,7200,1.00881704629
24692,24758,26202,66,1444,2,7200,1.04570637119
24746,24990,25561,244,571,1,3600,1.42732049037
24754,24764,26142,10,1378,2,7200,1.00725689405
24765,24808,26245,43,1437,2,7200,1.02992345164
24806,24827,26186,21,1359,2,7200,1.01545253863
24827,24833,26168,6,1335,2,7200,1.00449438202
24838,24844,26154,6,1310,2,7200,1.00458015267
24848,24855,26199,7,1344,2,7200,1.00520833333
24859,24896,26241,37,1345,2,7200,1.02750929368
24901,24948,26311,47,1363,2,7200,1.03448275862
24952,24961,26339,9,1378,2,7200,1.00653120464
24963,24976,26318,13,1342,2,7200,1.00968703428
24974,24983,26325,9,1342,2,7200,1.00670640835
24984,24997,26349,13,1352,2,7200,1.00961538462
24995,25004,26431,9,1427,2,7200,1.00630693763
25006,25013,26376,7,1363,2,7200,1.00513573001
25016,25060,26467,44,1407,2,7200,1.03127221038
25058,25110,26536,52,1426,2,7200,1.03646563815
25067,25571,26106,504,535,1,3600,1.94205607477
25110,25132,26518,22,1386,2,7200,1.01587301587
25131,25196,26547,65,1351,2,7200,1.04811250925
25192,25203,26561,11,1358,2,7200,1.00810014728
25204,25211,26567,7,1356,2,7200,1.00516224189
25214,25221,26539,7,1318,2,7200,1.00531107739
25225,25232,26570,7,1338,2,7200,1.00523168909
25236,25243,26586,7,1343,2,7200,1.00521221147
25247,25282,26658,35,1376,2,7200,1.02543604651
25278,25293,26671,15,1378,2,7200,1.01088534107
25289,25354,26756,65,1402,2,7200,1.04636233951
25351,25435,26810,84,1375,2,7200,1.06109090909
25433,25495,26882,62,1387,2,7200,1.04470079308
25495,25562,26991,67,1429,2,7200,1.04688593422
25544,25718,25981,174,263,1,1800,1.66159695817
25557,25577,26979,20,1402,2,7200,1.01426533524
25578,25617,27024,39,1407,2,7200,1.02771855011
25619,25640,27058,21,1418,2,7200,1.01480959097
25640,25647,27013,7,1366,2,7200,1.00512445095
25651,25711,27028,60,1317,2,7200,1.04555808656
25681,26027,26282,346,255,1,1800,2.3568627451
25713,25732,27052,19,1320,2,7200,1.01439393939
25734,25748,27075,14,1327,2,7200,1.01055011304
25744,25784,27172,40,1388,2,7200,1.0288184438
25786,25862,27222,76,1360,2,7200,1.05588235294
25858,25887,27231,29,1344,2,7200,1.02157738095
25889,25934,27268,45,1334,2,7200,1.03373313343
25930,25991,27336,61,1345,2,7200,1.04535315985
25992,26000,27309,8,1309,2,7200,1.00611153552
26003,26009,27389,6,1380,2,7200,1.00434782609
26014,26020,27430,6,1410,2,7200,1.00425531915
26025,26065,27482,40,1417,2,7200,1.02822865208
26066,26116,27519,50,1403,2,7200,1.03563791875
26118,26154,27470,36,1316,2,7200,1.0273556231
26151,26166,27472,15,1306,2,7200,1.01148545176
26162,26180,27491,18,1311,2,7200,1.01372997712
26183,26198,27577,15,1379,2,7200,1.01087744743
26194,26211,27549,17,1338,2,7200,1.01270553064
26215,26221,27536,6,1315,2,7200,1.00456273764
26225,26252,27535,27,1283,2,7200,1.02104442712
26257,26263,27567,6,1304,2,7200,1.00460122699
26267,26324,27621,57,1297,2,7200,1.04394757132
26319,26331,27570,12,1239,2,7200,1.00968523002
26330,26337,27664,7,1327,2,7200,1.00527505652
26341,26350,27623,9,1273,2,7200,1.00706991359
26351,26361,27673,10,1312,2,7200,1.00762195122
26362,26387,27745,25,1358,2,7200,1.01840942563
26383,26443,27696,60,1253,2,7200,1.04788507582
26445,26479,27883,34,1404,2,7200,1.02421652422
26476,26530,27782,54,1252,2,7200,1.04313099042
26528,26547,27914,19,1367,2,7200,1.01389904901
26550,26556,27906,6,1350,2,7200,1.00444444444
26561,26568,27897,7,1329,2,7200,1.00526711813
26572,26579,27968,7,1389,2,7200,1.00503959683
26583,26589,27943,6,1354,2,7200,1.00443131462
26593,26599,27892,6,1293,2,7200,1.00464037123
26604,26610,27897,6,1287,2,7200,1.00466200466
26615,26670,27963,55,1293,2,7200,1.04253673627
26666,26683,28193,17,1510,2,7200,1.01125827815
26687,26768,28088,81,1320,2,7200,1.06136363636
26770,26823,28180,53,1357,2,7200,1.03905674282
26821,26894,28171,73,1277,2,7200,1.05716523101
26893,26990,28370,97,1380,2,7200,1.07028985507
26986,27002,28329,16,1327,2,7200,1.01205727204
27007,27026,28498,19,1472,2,7200,1.0129076087
27028,27037,28319,9,1282,2,7200,1.00702028081
27039,27046,28310,7,1264,2,7200,1.00553797468
27049,27063,28384,14,1321,2,7200,1.01059803179
27060,27070,28307,10,1237,2,7200,1.00808407437
27071,27087,28562,16,1475,2,7200,1.01084745763
27092,27184,28703,92,1519,2,7200,1.06056616195
27184,27234,28500,50,1266,2,7200,1.03949447077
27236,27242,28704,6,1462,2,7200,1.00410396717
27247,27280,28677,33,1397,2,7200,1.02362204724
27278,27320,28589,42,1269,2,7200,1.03309692671
27320,27347,28673,27,1326,2,7200,1.02036199095
27351,27401,28629,50,1228,2,7200,1.04071661238
27402,27442,28736,40,1294,2,7200,1.03091190108
27444,27481,28720,37,1239,2,7200,1.02986279257
27485,27491,29197,6,1706,2,7200,1.00351699883
27496,27502,28771,6,1269,2,7200,1.00472813239
27507,27514,28834,7,1320,2,7200,1.0053030303
27517,27530,28835,13,1305,2,7200,1.00996168582
27530,27547,28827,17,1280,2,7200,1.01328125
27551,27557,28961,6,1404,2,7200,1.00427350427
27562,27568,28924,6,1356,2,7200,1.00442477876
27572,27579,28882,7,1303,2,7200,1.00537221796
27583,27589,28923,6,1334,2,7200,1.00449775112
27594,27601,28883,7,1282,2,7200,1.00546021841
27604,27632,29034,28,1402,2,7200,1.01997146933
27636,27642,28956,6,1314,2,7200,1.00456621005
27646,27677,29010,31,1333,2,7200,1.02325581395
27678,27684,28963,6,1279,2,7200,1.00469116497
27688,27709,29082,21,1373,2,7200,1.01529497451
27709,27757,29132,48,1375,2,7200,1.03490909091
27761,27794,29122,33,1328,2,7200,1.02484939759
27792,27894,29166,102,1272,2,7200,1.08018867925
27895,27904,29182,9,1278,2,7200,1.00704225352
27906,27913,29161,7,1248,2,7200,1.00560897436
27916,27924,29403,8,1479,2,7200,1.00540906018
27927,27933,29328,6,1395,2,7200,1.00430107527
27938,27945,29170,7,1225,2,7200,1.00571428571
27948,27954,29251,6,1297,2,7200,1.00462606014
27959,27975,29208,16,1233,2,7200,1.01297648013
27970,27981,29572,11,1591,2,7200,1.00691389063
27981,28100,29446,119,1346,2,7200,1.08841010401
28104,28183,29552,79,1369,2,7200,1.057706355
28186,28192,29581,6,1389,2,7200,1.00431965443
28197,28205,29596,8,1391,2,7200,1.00575125809
28208,28319,29725,111,1406,2,7200,1.07894736842
28321,28327,29748,6,1421,2,7200,1.00422237861
28331,28337,29642,6,1305,2,7200,1.00459770115
28342,28348,29854,6,1506,2,7200,1.00398406375
28353,28381,29770,28,1389,2,7200,1.02015838733
28384,28396,29817,12,1421,2,7200,1.00844475721
28395,28509,29769,114,1260,2,7200,1.09047619048
28508,28516,29795,8,1279,2,7200,1.00625488663
28518,28573,29840,55,1267,2,7200,1.04340962904
28570,28601,29886,31,1285,2,7200,1.02412451362
28601,28640,29937,39,1297,2,7200,1.0300693909
28643,28685,29977,42,1292,2,7200,1.03250773994
28684,28691,29961,7,1270,2,7200,1.00551181102
28695,28715,30100,20,1385,2,7200,1.01444043321
28716,28722,29985,6,1263,2,7200,1.00475059382
28727,28733,30002,6,1269,2,7200,1.00472813239
28737,28747,30262,10,1515,2,7200,1.00660066007
28748,28782,30378,34,1596,2,7200,1.02130325815
28779,28839,30328,60,1489,2,7200,1.04029550034
28841,28849,30292,8,1443,2,7200,1.00554400554
28852,28859,30246,7,1387,2,7200,1.00504686373
28863,28894,30540,31,1646,2,7200,1.01883353584
28894,28900,30395,6,1495,2,7200,1.00401337793
28905,28935,30604,30,1669,2,7200,1.01797483523
28936,28942,30628,6,1686,2,7200,1.00355871886
28947,28968,30694,21,1726,2,7200,1.01216685979
28968,28974,30676,6,1702,2,7200,1.00352526439
28979,28985,30421,6,1436,2,7200,1.00417827298
28990,29021,30807,31,1786,2,7200,1.01735722284
29021,29046,30624,25,1578,2,7200,1.01584283904
29042,29094,30683,52,1589,2,7200,1.03272498427
29093,29134,30614,41,1480,2,7200,1.0277027027
29135,29144,30622,9,1478,2,7200,1.00608930988
29146,29172,31008,26,1836,2,7200,1.01416122004
29177,29183,30682,6,1499,2,7200,1.00400266845
29179,29191,30976,12,1785,2,7200,1.00672268908
29274,29280,30617,6,1337,2,7200,1.00448765894
29285,29291,30614,6,1323,2,7200,1.00453514739
29287,29298,30613,11,1315,2,7200,1.00836501901
29300,29307,30620,7,1313,2,7200,1.00533130236
29311,29340,30639,29,1299,2,7200,1.02232486528
29342,29414,30726,72,1312,2,7200,1.05487804878
29414,29458,30767,44,1309,2,7200,1.03361344538
29456,29564,30877,108,1313,2,7200,1.08225437928
29569,29583,30884,14,1301,2,7200,1.01076095311
29579,29593,30899,14,1306,2,7200,1.01071975498
29590,29607,30936,17,1329,2,7200,1.01279157261
29611,29654,30949,43,1295,2,7200,1.0332046332
29653,29737,31047,84,1310,2,7200,1.0641221374
29735,29761,31078,26,1317,2,7200,1.01974183751
29756,29780,31094,24,1314,2,7200,1.01826484018
29777,29787,31101,10,1314,2,7200,1.00761035008
29788,29807,31110,19,1303,2,7200,1.01458173446
29809,29829,31162,20,1333,2,7200,1.01500375094
29830,29852,31149,22,1297,2,7200,1.01696222051
29851,29866,31161,15,1295,2,7200,1.01158301158
29861,29897,31200,36,1303,2,7200,1.0276285495
29903,29949,31237,46,1288,2,7200,1.03571428571
29944,29973,31283,29,1310,2,7200,1.02213740458
29976,30217,31502,241,1285,2,7200,1.18754863813
30164,108895,109078,78731,183,16,600,431.224043716
30222,30229,31531,7,1302,2,7200,1.00537634409
30232,30239,31558,7,1319,2,7200,1.0053070508
30243,30249,31559,6,1310,2,7200,1.00458015267
30254,30260,31573,6,1313,2,7200,1.00456968774
30264,30275,31592,11,1317,2,7200,1.00835231587
30275,30340,31625,65,1285,2,7200,1.05058365759
30337,30390,31675,53,1285,2,7200,1.04124513619
30389,30407,31721,18,1314,2,7200,1.01369863014
30410,30433,31715,23,1282,2,7200,1.01794071763
30431,30552,31845,121,1293,2,7200,1.0935808198
30554,30616,31914,62,1298,2,7200,1.04776579353
30616,30625,31906,9,1281,2,7200,1.00702576112
30627,30644,31952,17,1308,2,7200,1.0129969419
30638,30650,31941,12,1291,2,7200,1.00929512006
30648,30658,31941,10,1283,2,7200,1.00779423227
30659,30666,31956,7,1290,2,7200,1.00542635659
30670,30677,31939,7,1262,2,7200,1.00554675119
30680,30687,31962,7,1275,2,7200,1.00549019608
30691,30699,31960,8,1261,2,7200,1.00634417129
30702,30709,32008,7,1299,2,7200,1.00538876059
30713,30720,32022,7,1302,2,7200,1.00537634409
30723,30731,32017,8,1286,2,7200,1.00622083981
30734,30740,32020,6,1280,2,7200,1.0046875
30745,30752,32031,7,1279,2,7200,1.0054730258
30756,30779,32081,23,1302,2,7200,1.01766513057
30777,30819,32108,42,1289,2,7200,1.03258339798
30818,30894,32260,76,1366,2,7200,1.05563689605
30890,30901,32259,11,1358,2,7200,1.00810014728
30901,30948,32339,47,1391,2,7200,1.03378864127
30953,30987,32364,34,1377,2,7200,1.02469135802
30984,31020,32353,36,1333,2,7200,1.02700675169
31015,31064,32386,49,1322,2,7200,1.03706505295
31068,31090,32407,22,1317,2,7200,1.01670463174
31089,31119,32445,30,1326,2,7200,1.02262443439
31121,31161,32480,40,1319,2,7200,1.03032600455
31162,31178,32495,16,1317,2,7200,1.01214882308
31163,31213,32543,50,1330,2,7200,1.03759398496
31204,31248,32533,44,1285,2,7200,1.03424124514
31245,31515,32884,270,1369,2,7200,1.19722425128
31287,31543,32894,256,1351,2,7200,1.18948926721
31513,31570,32896,57,1326,2,7200,1.04298642534
31544,31577,32905,33,1328,2,7200,1.02484939759
31575,31604,32927,29,1323,2,7200,1.02191987906
31575,31585,32918,10,1333,2,7200,1.00750187547
31586,31638,32964,52,1326,2,7200,1.03921568627
31607,31686,33014,79,1328,2,7200,1.05948795181
31638,31728,33058,90,1330,2,7200,1.06766917293
31690,31735,33057,45,1322,2,7200,1.03403933434
31731,31915,33345,184,1430,2,7200,1.12867132867
31732,31920,33320,188,1400,2,7200,1.13428571429
31918,31932,33256,14,1324,2,7200,1.01057401813
31918,31927,33256,9,1329,2,7200,1.00677200903
31929,31939,33280,10,1341,2,7200,1.00745712155
31940,31947,33273,7,1326,2,7200,1.00527903469
31951,31958,33320,7,1362,2,7200,1.00513950073
31952,31965,33289,13,1324,2,7200,1.00981873112
31963,31971,33302,8,1331,2,7200,1.00601051841
31963,31977,33291,14,1314,2,7200,1.01065449011
31974,31984,33306,10,1322,2,7200,1.00756429652
31974,31989,33377,15,1388,2,7200,1.01080691643
31985,31995,33371,10,1376,2,7200,1.00726744186
31996,32002,33396,6,1394,2,7200,1.00430416069
32007,32013,33342,6,1329,2,7200,1.00451467269
32017,32024,33350,7,1326,2,7200,1.00527903469
32028,32036,33360,8,1324,2,7200,1.00604229607
32039,32045,33387,6,1342,2,7200,1.0044709389
32050,32057,33425,7,1368,2,7200,1.00511695906
32061,32068,33415,7,1347,2,7200,1.00519673348
32072,32093,33419,21,1326,2,7200,1.01583710407
32093,32120,33452,27,1332,2,7200,1.02027027027
32124,32271,33601,147,1330,2,7200,1.11052631579
32268,32278,33677,10,1399,2,7200,1.00714796283
32279,32351,33716,72,1365,2,7200,1.05274725275
32351,32365,33715,14,1350,2,7200,1.01037037037
32362,32377,33738,15,1361,2,7200,1.01102130786
32372,32399,33741,27,1342,2,7200,1.02011922504
32404,32419,33799,15,1380,2,7200,1.01086956522
32414,32457,33773,43,1316,2,7200,1.03267477204
32456,32492,33840,36,1348,2,7200,1.02670623145
32487,32507,33841,20,1334,2,7200,1.01499250375
32508,32545,33882,37,1337,2,7200,1.02767389678
32550,32557,33895,7,1338,2,7200,1.00523168909
32560,32897,34227,337,1330,2,7200,1.25338345865
32899,32905,34307,6,1402,2,7200,1.00427960057
32910,32917,34290,7,1373,2,7200,1.00509832484
32920,32927,34358,7,1431,2,7200,1.00489168414
32931,32937,34271,6,1334,2,7200,1.00449775112
32942,32948,34290,6,1342,2,7200,1.0044709389
32952,32977,34303,25,1326,2,7200,1.01885369532
32973,33027,34361,54,1334,2,7200,1.04047976012
33025,33069,34398,44,1329,2,7200,1.0331075997
33066,33077,34424,11,1347,2,7200,1.00816629547
33077,33285,34626,208,1341,2,7200,1.15510812826
33283,33301,34611,18,1310,2,7200,1.01374045802
33293,33308,34612,15,1304,2,7200,1.01150306748
33304,33315,34713,11,1398,2,7200,1.0078683834
33315,33321,34668,6,1347,2,7200,1.00445434298
33326,33354,34707,28,1353,2,7200,1.0206947524
33326,33332,34658,6,1326,2,7200,1.00452488688
33347,33363,34690,16,1327,2,7200,1.01205727204
33358,33382,34741,24,1359,2,7200,1.01766004415
33358,33373,34705,15,1332,2,7200,1.01126126126
33369,33390,34744,21,1354,2,7200,1.01550960118
33380,33400,34732,20,1332,2,7200,1.01501501502
33391,33408,34771,17,1363,2,7200,1.01247248716
33401,33427,34755,26,1328,2,7200,1.01957831325
33412,33434,34772,22,1338,2,7200,1.01644245142
33423,33440,34768,17,1328,2,7200,1.01280120482
33433,33465,34798,32,1333,2,7200,1.0240060015
33444,33613,34927,169,1314,2,7200,1.12861491629
33465,33690,35074,225,1384,2,7200,1.16257225434
33609,33727,35067,118,1340,2,7200,1.08805970149
33691,33734,35095,43,1361,2,7200,1.03159441587
33722,33750,35084,28,1334,2,7200,1.02098950525
33733,33757,35099,24,1342,2,7200,1.01788375559
33754,33786,35165,32,1379,2,7200,1.02320522117
33755,33811,35166,56,1355,2,7200,1.04132841328
33786,33853,35244,67,1391,2,7200,1.04816678648
33807,33858,35229,51,1371,2,7200,1.03719912473
33848,33894,35212,46,1318,2,7200,1.03490136571
33859,33907,35262,48,1355,2,7200,1.03542435424
33890,34239,35552,349,1313,2,7200,1.26580350343
33912,34284,35579,372,1295,2,7200,1.28725868726
34240,34301,35688,61,1387,2,7200,1.04397981255
34281,34307,35693,26,1386,2,7200,1.01875901876
34302,34315,35675,13,1360,2,7200,1.00955882353
34303,34322,35638,19,1316,2,7200,1.01443768997
34314,34370,35714,56,1344,2,7200,1.04166666667
34324,34377,35703,53,1326,2,7200,1.03996983409
34366,34410,35767,44,1357,2,7200,1.03242446573
34377,34436,35772,59,1336,2,7200,1.04416167665
34408,34623,35969,215,1346,2,7200,1.15973254086
34439,34630,35944,191,1314,2,7200,1.14535768645
34624,34638,36020,14,1382,2,7200,1.01013024602
34634,34669,36020,35,1351,2,7200,1.02590673575
34635,34681,36069,46,1388,2,7200,1.03314121037
34666,34702,36070,36,1368,2,7200,1.02631578947
34677,34717,36056,40,1339,2,7200,1.02987303958
34698,34723,36083,25,1360,2,7200,1.01838235294
34719,34731,36105,12,1374,2,7200,1.00873362445
34719,34744,36089,25,1345,2,7200,1.01858736059
34730,34753,36081,23,1328,2,7200,1.01731927711
34740,34760,36093,20,1333,2,7200,1.01500375094
34751,34766,36060,15,1294,2,7200,1.01159196291
34762,34788,36141,26,1353,2,7200,1.0192165558
34762,34781,36185,19,1404,2,7200,1.01353276353
34783,34795,36154,12,1359,2,7200,1.00883002208
34784,34810,36191,26,1381,2,7200,1.018826937
34795,34938,36318,143,1380,2,7200,1.10362318841
34805,35079,36443,274,1364,2,7200,1.2008797654
34939,35086,36425,147,1339,2,7200,1.10978342046
35082,35096,36465,14,1369,2,7200,1.01022644266
35083,35107,36394,24,1287,2,7200,1.01864801865
35093,35114,36495,21,1381,2,7200,1.01520637219
35104,35177,36586,73,1409,2,7200,1.05180979418
35115,35183,36567,68,1384,2,7200,1.04913294798
35177,35224,36567,47,1343,2,7200,1.03499627699
35187,35241,36610,54,1369,2,7200,1.03944485026
35229,35256,36628,27,1372,2,7200,1.01967930029
35239,35275,36640,36,1365,2,7200,1.02637362637
35260,35565,36888,305,1323,2,7200,1.23053665911
35271,35592,36923,321,1331,2,7200,1.24117205109
35569,35651,37025,82,1374,2,7200,1.0596797671
35589,35687,37141,98,1454,2,7200,1.0674002751
35651,35701,37065,50,1364,2,7200,1.0366568915
35683,35708,37089,25,1381,2,7200,1.01810282404
35703,35714,37084,11,1370,2,7200,1.00802919708
35704,35727,37055,23,1328,2,7200,1.01731927711
35715,35779,37133,64,1354,2,7200,1.04726735598
35725,35786,37061,61,1275,2,7200,1.04784313725
35777,35956,37325,179,1369,2,7200,1.130752374
35788,35981,37377,193,1396,2,7200,1.138252149
35804,59330,64460,23526,5130,1,18000,5.58596491228
35952,36032,37395,80,1363,2,7200,1.05869405723
35983,36037,37409,54,1372,2,7200,1.03935860058
36035,36069,37413,34,1344,2,7200,1.02529761905
36035,36076,37376,41,1300,2,7200,1.03153846154
36066,36083,37377,17,1294,2,7200,1.01313755796
36079,36096,37421,17,1325,2,7200,1.01283018868
36079,36089,37491,10,1402,2,7200,1.00713266762
36090,36103,37474,13,1371,2,7200,1.00948212983
36101,36110,37437,9,1327,2,7200,1.00678221552
36101,36115,37453,14,1338,2,7200,1.01046337818
36102,99594,106692,63492,7098,16,36000,9.94505494505
36112,36122,37365,10,1243,2,7200,1.00804505229
36112,36153,37439,41,1286,2,7200,1.03188180404
36124,36166,37478,42,1312,2,7200,1.03201219512
36155,36197,37500,42,1303,2,7200,1.03223330775
36166,36203,37528,37,1325,2,7200,1.0279245283
36197,36329,37623,132,1294,2,7200,1.10200927357
36208,36407,37855,199,1448,2,7200,1.13743093923
36332,36437,37916,105,1479,2,7200,1.07099391481
36404,36455,38177,51,1722,2,7200,1.02961672474
36435,36477,38065,42,1588,2,7200,1.02644836272
36456,36508,37989,52,1481,2,7200,1.03511141121
36477,36583,38131,106,1548,2,7200,1.0684754522
36508,36588,38058,80,1470,2,7200,1.05442176871
36569,36576,37010,7,434,6,14400,1.01612903226
36580,36597,38100,17,1503,2,7200,1.01131071191
36591,36621,38279,30,1658,2,7200,1.01809408926
36602,36640,38291,38,1651,2,7200,1.02301635373
36623,36652,38192,29,1540,2,7200,1.01883116883
36644,36900,38607,256,1707,2,7200,1.14997070885
36654,36935,38426,281,1491,2,7200,1.18846411804
36901,37037,38996,136,1959,2,7200,1.06942317509
36932,37067,38944,135,1877,2,7200,1.07192328183
37035,37074,38729,39,1655,2,7200,1.02356495468
37066,37081,38758,15,1677,2,7200,1.00894454383
37077,37096,38708,19,1612,2,7200,1.0117866005
37077,37102,38735,25,1633,2,7200,1.01530924679
37084,106703,128477,69619,21774,16,36000,4.19734545789
37099,37145,39057,46,1912,2,7200,1.02405857741
37156,37162,37166,6,4,6,14400,1.0
37198,37204,38538,6,1334,2,7200,1.00449775112
37198,37337,38618,139,1281,2,7200,1.10850897736
37209,37376,38656,167,1280,2,7200,1.13046875
37332,37391,38736,59,1345,2,7200,1.043866171
37374,37396,38729,22,1333,2,7200,1.01650412603
37377,37384,37415,7,31,6,14400,1.22580645161
37396,37409,38717,13,1308,2,7200,1.00993883792
37396,37402,38723,6,1321,2,7200,1.00454201363
37407,37421,38740,14,1319,2,7200,1.01061410159
37408,37428,38741,20,1313,2,7200,1.01523229246
37419,37435,38767,16,1332,2,7200,1.01201201201
37429,37448,38762,19,1314,2,7200,1.01445966514
37440,37456,38767,16,1311,2,7200,1.0122044241
37451,37464,38791,13,1327,2,7200,1.00979653353
37451,37489,38816,38,1327,2,7200,1.0286360211
37462,37495,38808,33,1313,2,7200,1.02513328256
37476,83037,97460,45561,14423,6,14400,4.15891284754
37476,37482,51887,6,14405,6,14400,1.00041652204
37477,114040,128463,76563,14423,6,14400,6.30839631145
37477,99599,114023,62122,14424,6,14400,5.30684969495
37478,140114,154553,102636,14439,6,14400,8.10824849366
37479,172882,187306,135403,14424,6,14400,10.3873405435
37480,213564,228012,176084,14448,6,14400,13.1874307863
37480,187312,201729,149832,14417,6,14400,11.3927308039
37481,231741,236822,194260,5081,6,14400,39.2326313718
37482,283567,297998,246085,14431,6,14400,18.0525258125
37494,37512,38824,18,1312,2,7200,1.0137195122
37494,37503,38843,9,1340,2,7200,1.00671641791
37506,37540,38861,34,1321,2,7200,1.02573807721
37516,37636,38950,120,1314,2,7200,1.09132420091
37537,37867,39176,330,1309,2,7200,1.25210084034
37640,37928,39237,288,1309,2,7200,1.22001527884
37742,107046,118040,69304,10994,4,36000,7.30380207386
37757,107943,110976,70186,3033,4,36000,24.1407847016
37866,38001,39344,135,1343,2,7200,1.10052122115
37928,38070,39403,142,1333,2,7200,1.10652663166
38000,38077,39399,77,1322,2,7200,1.05824508321
38072,38112,39407,40,1295,2,7200,1.03088803089
38072,38144,39438,72,1294,2,7200,1.05564142195
38114,38189,39520,75,1331,2,7200,1.05634861007
38145,38204,39498,59,1294,2,7200,1.0455950541
38186,38291,39596,105,1305,2,7200,1.08045977011
38207,38303,39617,96,1314,2,7200,1.07305936073
38290,38438,39744,148,1306,2,7200,1.11332312404
38300,38550,39791,250,1241,2,7200,1.20145044319
38434,38619,39952,185,1333,2,7200,1.13878469617
38547,38630,39958,83,1328,2,7200,1.0625
38619,38669,39980,50,1311,2,7200,1.03813882532
38630,38720,40008,90,1288,2,7200,1.0698757764
38671,38729,40050,58,1321,2,7200,1.04390613172
38723,38735,40052,12,1317,2,7200,1.00911161731
38734,38748,40076,14,1328,2,7200,1.01054216867
38734,38743,40057,9,1314,2,7200,1.00684931507
38745,38755,40073,10,1318,2,7200,1.00758725341
38745,38760,40076,15,1316,2,7200,1.01139817629
38756,38772,40069,16,1297,2,7200,1.01233616037
38756,38767,40069,11,1302,2,7200,1.00844854071
38767,38779,40059,12,1280,2,7200,1.009375
38768,38784,40096,16,1312,2,7200,1.01219512195
38778,38791,40122,13,1331,2,7200,1.00976709241
38789,38797,40122,8,1325,2,7200,1.00603773585
38789,38804,40139,15,1335,2,7200,1.01123595506
38800,38820,40139,20,1319,2,7200,1.01516300227
38801,38828,40137,27,1309,2,7200,1.02062643239
38822,38836,40159,14,1323,2,7200,1.01058201058
38832,38855,40161,23,1306,2,7200,1.01761102603
38834,38873,40035,39,1162,2,7200,1.03356282272
38855,38956,40502,101,1546,2,7200,1.06532988357
38876,38962,40554,86,1592,2,7200,1.0540201005
38883,120006,120041,81123,35,64,43200,2318.8
38959,39007,40515,48,1508,2,7200,1.03183023873
38960,39070,40637,110,1567,2,7200,1.07019783025
39012,39189,40806,177,1617,2,7200,1.1094619666
39074,39249,40891,175,1642,2,7200,1.1065773447
39187,39357,40693,170,1336,2,7200,1.12724550898
39248,39410,40832,162,1422,2,7200,1.11392405063
39361,39417,40991,56,1574,2,7200,1.03557814485
39413,39425,40956,12,1531,2,7200,1.00783801437
39413,39450,40997,37,1547,2,7200,1.02391725921
39424,39510,41046,86,1536,2,7200,1.05598958333
39445,39532,41279,87,1747,2,7200,1.04979965655
39507,39608,40988,101,1380,2,7200,1.0731884058
39528,39629,41025,101,1396,2,7200,1.0723495702
39611,39756,41226,145,1470,2,7200,1.09863945578
39632,39802,41419,170,1617,2,7200,1.10513296228
39755,39965,41430,210,1465,2,7200,1.1433447099
39807,39972,41545,165,1573,2,7200,1.1048951049
39961,39992,41374,31,1382,2,7200,1.02243125904
39971,40021,41455,50,1434,2,7200,1.03486750349
39992,40047,41386,55,1339,2,7200,1.04107542942
40023,40062,41504,39,1442,2,7200,1.02704576976
40044,40069,41515,25,1446,2,7200,1.01728907331
40065,40076,41553,11,1477,2,7200,1.00744752877
40066,40081,41518,15,1437,2,7200,1.01043841336
40076,40088,41479,12,1391,2,7200,1.00862688713
40077,40093,41388,16,1295,2,7200,1.01235521236
40088,40100,41455,12,1355,2,7200,1.00885608856
40098,40107,41467,9,1360,2,7200,1.00661764706
40099,40112,41427,13,1315,2,7200,1.00988593156
40110,40134,41500,24,1366,2,7200,1.01756954612
40110,40119,41402,9,1283,2,7200,1.00701480904
40121,40139,41484,18,1345,2,7200,1.01338289963
40131,40149,41529,18,1380,2,7200,1.01304347826
40142,40156,41704,14,1548,2,7200,1.00904392765
40153,40162,41713,9,1551,2,7200,1.00580270793
40153,40171,41768,18,1597,2,7200,1.01127113338
40164,40178,41636,14,1458,2,7200,1.00960219479
40175,40527,42015,352,1488,2,7200,1.23655913978
40175,40514,41900,339,1386,2,7200,1.24458874459
40300,114045,125369,73745,11324,4,36000,7.51227481455
40514,40567,41824,53,1257,2,7200,1.04216388226
40524,40649,42021,125,1372,2,7200,1.09110787172
40566,40705,42152,139,1447,2,7200,1.09606081548
40648,40819,42306,171,1487,2,7200,1.11499663753
40710,40844,42188,134,1344,2,7200,1.09970238095
40823,40903,42522,80,1619,2,7200,1.04941321804
40844,40969,42495,125,1526,2,7200,1.08191349934
40906,41001,42625,95,1624,2,7200,1.05849753695
40968,41008,42544,40,1536,2,7200,1.02604166667
40999,41015,42422,16,1407,2,7200,1.01137171286
41009,41037,42430,28,1393,2,7200,1.02010050251
41020,41058,42491,38,1433,2,7200,1.02651779484
41041,41238,42685,197,1447,2,7200,1.13614374568
41062,41291,42566,229,1275,2,7200,1.17960784314
41236,41387,42792,151,1405,2,7200,1.10747330961
41288,41397,42784,109,1387,2,7200,1.07858687815
41391,41404,42623,13,1219,2,7200,1.01066447908
41402,41431,42931,29,1500,2,7200,1.01933333333
41402,41415,43121,13,1706,2,7200,1.00762016413
41413,41439,43030,26,1591,2,7200,1.01634192332
41434,41446,43164,12,1718,2,7200,1.00698486612
41435,41467,42952,32,1485,2,7200,1.02154882155
41445,41472,42916,27,1444,2,7200,1.01869806094
41466,41479,42845,13,1366,2,7200,1.00951683748
41477,41491,42908,14,1417,2,7200,1.00988002823
41478,41498,42781,20,1283,2,7200,1.01558846454
41488,41513,42852,25,1339,2,7200,1.01867064974
41499,41520,43178,21,1658,2,7200,1.01266586248
41510,41527,42918,17,1391,2,7200,1.01222142344
41521,41534,42910,13,1376,2,7200,1.00944767442
41531,41540,43015,9,1475,2,7200,1.00610169492
41532,41558,43322,26,1764,2,7200,1.01473922902
41543,41564,43366,21,1802,2,7200,1.01165371809
41553,41649,43188,96,1539,2,7200,1.06237816764
41564,41716,43320,152,1604,2,7200,1.09476309227
41647,41725,43451,78,1726,2,7200,1.04519119351
41719,41780,43264,61,1484,2,7200,1.04110512129
41729,41836,43428,107,1592,2,7200,1.06721105528
41781,41913,43371,132,1458,2,7200,1.09053497942
41833,42028,43740,195,1712,2,7200,1.11390186916
41915,42034,43336,119,1302,2,7200,1.09139784946
42028,42164,43481,136,1317,2,7200,1.1032649962
42039,42200,43599,161,1399,2,7200,1.11508220157
42162,42318,43970,156,1652,2,7200,1.09443099274
42203,42434,44118,231,1684,2,7200,1.13717339667
42317,42441,44014,124,1573,2,7200,1.07883026065
42430,42502,44274,72,1772,2,7200,1.04063205418
42440,42510,44204,70,1694,2,7200,1.04132231405
42502,42535,44177,33,1642,2,7200,1.02009744214
42513,42557,44105,44,1548,2,7200,1.02842377261
42534,42579,44092,45,1513,2,7200,1.02974223397
42555,42597,44068,42,1471,2,7200,1.02855200544
42576,42634,43954,58,1320,2,7200,1.04393939394
42627,42642,44083,15,1441,2,7200,1.01040943789
42638,42696,44611,58,1915,2,7200,1.03028720627
42690,42793,44533,103,1740,2,7200,1.0591954023
42782,42799,44741,17,1942,2,7200,1.008753862
42793,42806,44554,13,1748,2,7200,1.00743707094
42803,42858,44388,55,1530,2,7200,1.03594771242
42855,42864,44670,9,1806,2,7200,1.0049833887
42856,42920,44712,64,1792,2,7200,1.03571428571
42917,42926,44487,9,1561,2,7200,1.00576553491
42918,42934,44676,16,1742,2,7200,1.00918484501
42929,42941,44473,12,1532,2,7200,1.00783289817
42939,42948,44387,9,1439,2,7200,1.00625434329
42940,42964,44417,24,1453,2,7200,1.0165175499
42961,43028,44759,67,1731,2,7200,1.03870595032
43023,43042,44780,19,1738,2,7200,1.01093210587
43033,43133,45055,100,1922,2,7200,1.05202913632
43126,43176,45008,50,1832,2,7200,1.02729257642
43167,43190,44763,23,1573,2,7200,1.01462174189
43188,43200,45018,12,1818,2,7200,1.00660066007
43189,43276,44924,87,1648,2,7200,1.05279126214
43271,43333,45194,62,1861,2,7200,1.03331542182
43323,43340,45012,17,1672,2,7200,1.01016746411
43334,43349,44882,15,1533,2,7200,1.00978473581
43344,43378,44861,34,1483,2,7200,1.02292650034
43376,43440,45487,64,2047,2,7200,1.03126526624
43376,43385,45415,9,2030,2,7200,1.00443349754
43438,43462,45447,24,1985,2,7200,1.0120906801
43459,43493,45249,34,1756,2,7200,1.01936218679
43490,43612,45502,122,1890,2,7200,1.06455026455
43603,43753,45592,150,1839,2,7200,1.08156606852
43747,43966,45687,219,1721,2,7200,1.12725159791
43956,43982,45685,26,1703,2,7200,1.01526717557
43977,44026,46032,49,2006,2,7200,1.02442671984
44018,44081,45766,63,1685,2,7200,1.03738872404
44070,44095,45895,25,1800,2,7200,1.01388888889
44091,44105,45880,14,1775,2,7200,1.00788732394
44101,44116,45728,15,1612,2,7200,1.00930521092
44112,44130,46008,18,1878,2,7200,1.00958466454
44123,44190,45882,67,1692,2,7200,1.03959810875
44185,44215,46398,30,2183,2,7200,1.01374255612
44206,44287,46262,81,1975,2,7200,1.04101265823
44278,44399,46216,121,1817,2,7200,1.06659328564
44391,44405,46186,14,1781,2,7200,1.00786075239
44402,44428,46329,26,1901,2,7200,1.0136770121
44423,44485,46139,62,1654,2,7200,1.03748488513
44523,44544,45856,21,1312,2,7200,1.01600609756
44523,44529,45790,6,1261,2,7200,1.00475812847
44534,44567,45876,33,1309,2,7200,1.02521008403
44555,44623,45941,68,1318,2,7200,1.05159332322
44617,44682,46005,65,1323,2,7200,1.04913076342
44679,44689,45999,10,1310,2,7200,1.00763358779
44681,44724,45977,43,1253,2,7200,1.03431763767
44722,44753,45991,31,1238,2,7200,1.02504038772
44743,44770,46028,27,1258,2,7200,1.02146263911
44764,44778,46017,14,1239,2,7200,1.01129943503
44775,44791,46116,16,1325,2,7200,1.0120754717
44785,44872,46157,87,1285,2,7200,1.06770428016
44868,44894,46238,26,1344,2,7200,1.0193452381
44889,44936,46183,47,1247,2,7200,1.0376904571
44930,45019,46241,89,1222,2,7200,1.0728314239
45013,45026,46375,13,1349,2,7200,1.00963676798
45024,45067,46199,43,1132,2,7200,1.03798586572
45024,45033,46248,9,1215,2,7200,1.00740740741
45066,45206,46329,140,1123,2,7200,1.12466607302
45199,45261,46665,62,1404,2,7200,1.04415954416
45251,45427,46605,176,1178,2,7200,1.1494057725
45400,130339,279771,84939,149432,18,198000,1.56841238824
45425,45459,46580,34,1121,2,7200,1.03033006244
45456,45499,46565,43,1066,2,7200,1.04033771107
45465,130654,299202,85189,168548,18,216000,1.5054287206
45488,45514,46688,26,1174,2,7200,1.02214650767
45509,45603,46746,94,1143,2,7200,1.08223972003
45601,45697,46793,96,1096,2,7200,1.08759124088
45694,45741,46777,47,1036,2,7200,1.04536679537
45694,45703,46779,9,1076,2,7200,1.00836431227
45736,45778,47147,42,1369,2,7200,1.03067932798
45770,45801,47126,31,1325,2,7200,1.02339622642
45792,45867,47125,75,1258,2,7200,1.05961844197
45867,45888,47281,21,1393,2,7200,1.01507537688
45878,45895,47111,17,1216,2,7200,1.01398026316
45889,45901,47043,12,1142,2,7200,1.01050788091
45900,45953,47106,53,1153,2,7200,1.0459670425
45900,45909,46940,9,1031,2,7200,1.00872938894
45942,45989,47609,47,1620,2,7200,1.02901234568
45983,46002,47527,19,1525,2,7200,1.01245901639
45994,46012,47385,18,1373,2,7200,1.01310997815
46004,46019,47468,15,1449,2,7200,1.01035196687
46015,46026,47327,11,1301,2,7200,1.00845503459
46016,46033,47125,17,1092,2,7200,1.01556776557
46026,46040,47106,14,1066,2,7200,1.01313320826
46037,46047,47540,10,1493,2,7200,1.00669792364
46038,46128,47495,90,1367,2,7200,1.06583760059
46120,46151,47900,31,1749,2,7200,1.01772441395
46141,46169,47905,28,1736,2,7200,1.01612903226
46162,46195,47517,33,1322,2,7200,1.02496217852
46193,46202,47517,9,1315,2,7200,1.00684410646
46194,46211,47557,17,1346,2,7200,1.01263001486
46204,46228,47366,24,1138,2,7200,1.02108963093
46225,46250,47398,25,1148,2,7200,1.02177700348
46276,46283,47644,7,1361,2,7200,1.005143277
46277,46288,47365,11,1077,2,7200,1.01021355617
46289,109090,114133,62801,5043,16,7200,13.4531033115
47585,47593,50614,8,3021,2,7200,1.00264812976
47587,47599,50720,12,3121,2,7200,1.0038449215
47588,47605,50692,17,3087,2,7200,1.00550696469
47589,47610,50616,21,3006,2,7200,1.00698602794
47591,47615,50566,24,2951,2,7200,1.00813283633
47592,47620,50658,28,3038,2,7200,1.00921658986
47593,47625,50642,32,3017,2,7200,1.01060656281
47595,47632,50420,37,2788,2,7200,1.01327116212
47596,47637,50827,41,3190,2,7200,1.01285266458
47597,47642,50760,45,3118,2,7200,1.01443232842
47599,47648,50801,49,3153,2,7200,1.01554075484
47600,47653,50566,53,2913,2,7200,1.01819430141
47601,47658,50915,57,3257,2,7200,1.01750076758
47603,47663,50661,60,2998,2,7200,1.02001334223
47604,47669,50696,65,3027,2,7200,1.02147340601
47605,47674,50610,69,2936,2,7200,1.0235013624
47607,47679,50597,72,2918,2,7200,1.02467443454
47608,47684,50704,76,3020,2,7200,1.02516556291
47609,47690,50669,81,2979,2,7200,1.02719033233
47611,47695,50745,84,3050,2,7200,1.02754098361
47612,47700,50699,88,2999,2,7200,1.02934311437
47614,47705,50576,91,2871,2,7200,1.03169627308
47615,47711,50806,96,3095,2,7200,1.0310177706
47616,47716,50912,100,3196,2,7200,1.03128911139
47618,47721,50726,103,3005,2,7200,1.03427620632
47619,47726,50936,107,3210,2,7200,1.03333333333
47620,47732,50783,112,3051,2,7200,1.03670927565
47622,47737,50831,115,3094,2,7200,1.03716871364
47623,47742,50661,119,2919,2,7200,1.04076738609
47624,47747,50748,123,3001,2,7200,1.04098633789
47626,47753,50753,127,3000,2,7200,1.04233333333
47627,47760,50651,133,2891,2,7200,1.04600484262
47628,47765,50682,137,2917,2,7200,1.04696606102
47630,47770,50931,140,3161,2,7200,1.04428978171
47631,47776,50893,145,3117,2,7200,1.04651908887
47632,47781,50884,149,3103,2,7200,1.04801804705
47634,47786,50708,152,2922,2,7200,1.05201916496
47635,47913,50986,278,3073,2,7200,1.09046534331
47636,47919,51145,283,3226,2,7200,1.08772473652
47638,48734,51736,1096,3002,2,7200,1.36508994004
50417,50431,53273,14,2842,2,7200,1.00492610837
50567,50578,53744,11,3166,2,7200,1.00347441567
50569,50583,53658,14,3075,2,7200,1.00455284553
50583,50590,53696,7,3106,2,7200,1.00225370251
50598,50608,53734,10,3126,2,7200,1.00319897633
50612,50621,53543,9,2922,2,7200,1.00308008214
50627,50634,53710,7,3076,2,7200,1.0022756827
50628,50640,53740,12,3100,2,7200,1.00387096774
50643,50655,53786,12,3131,2,7200,1.00383264133
50658,50664,53653,6,2989,2,7200,1.00200736032
50659,50672,53645,13,2973,2,7200,1.00437268752
50674,50680,53738,6,3058,2,7200,1.00196206671
50675,50686,53709,11,3023,2,7200,1.00363876943
50677,50691,53726,14,3035,2,7200,1.00461285008
50692,50698,53809,6,3111,2,7200,1.00192864031
50693,50705,53763,12,3058,2,7200,1.00392413342
50694,120052,123336,69358,3284,64,36000,22.1199756395
50708,50715,53782,7,3067,2,7200,1.00228236061
50709,50721,53417,12,2696,2,7200,1.00445103858
50711,50727,53766,16,3039,2,7200,1.00526488977
50712,50732,53685,20,2953,2,7200,1.00677277345
50727,50739,53668,12,2929,2,7200,1.00409696142
50728,50744,53857,16,3113,2,7200,1.00513973659
50746,50756,53837,10,3081,2,7200,1.00324569945
50761,50768,53980,7,3212,2,7200,1.00217932752
50762,50774,53752,12,2978,2,7200,1.00402955003
50763,50780,53800,17,3020,2,7200,1.00562913907
50784,50795,53863,11,3068,2,7200,1.00358539765
50802,50813,53858,11,3045,2,7200,1.00361247947
50816,50823,53884,7,3061,2,7200,1.00228683437
50831,50839,53943,8,3104,2,7200,1.00257731959
50833,50845,54015,12,3170,2,7200,1.00378548896
50886,50896,53911,10,3015,2,7200,1.00331674959
50901,50907,53975,6,3068,2,7200,1.00195567145
50916,50924,54010,8,3086,2,7200,1.00259235256
50917,50931,54246,14,3315,2,7200,1.00422322775
50932,50943,54138,11,3195,2,7200,1.0034428795
50947,50954,54235,7,3281,2,7200,1.00213349589
50988,50999,53962,11,2963,2,7200,1.00371245359
51148,51157,54184,9,3027,2,7200,1.00297324083
51738,51748,54588,10,2840,2,7200,1.00352112676
53272,53285,56374,13,3089,2,7200,1.00420848171
53419,53429,56432,10,3003,2,7200,1.00333000333
53546,53555,56462,9,2907,2,7200,1.00309597523
53644,53657,56685,13,3028,2,7200,1.00429326288
53659,53667,56575,8,2908,2,7200,1.00275103164
53661,53674,56758,13,3084,2,7200,1.0042153048
53676,53683,56798,7,3115,2,7200,1.00224719101
53691,53699,56750,8,3051,2,7200,1.00262209112
53706,53712,56877,6,3165,2,7200,1.0018957346
53720,53727,56463,7,2736,2,7200,1.00255847953
53722,53734,56850,12,3116,2,7200,1.00385109114
53737,53744,56840,7,3096,2,7200,1.00226098191
53738,53751,56767,13,3016,2,7200,1.00431034483
53753,53760,56610,7,2850,2,7200,1.00245614035
53754,53767,56826,13,3059,2,7200,1.00424975482
53756,53772,57081,16,3309,2,7200,1.00483529767
53757,53777,56743,20,2966,2,7200,1.00674308833
53772,53784,56910,12,3126,2,7200,1.00383877159
53773,53789,56864,16,3075,2,7200,1.00520325203
53788,53796,56802,8,3006,2,7200,1.00266134398
53790,53803,56794,13,2991,2,7200,1.00434637245
53804,53812,56956,8,3144,2,7200,1.00254452926
53819,53826,56723,7,2897,2,7200,1.00241629272
53840,53849,56923,9,3074,2,7200,1.00292778139
53858,53869,57018,11,3149,2,7200,1.00349317244
53859,53876,56692,17,2816,2,7200,1.00603693182
53874,53882,57048,8,3166,2,7200,1.00252684776
53888,53895,56763,7,2868,2,7200,1.00244072524
53912,53923,57016,11,3093,2,7200,1.00355641772
53945,53956,57060,11,3104,2,7200,1.00354381443
53963,53974,56621,11,2647,2,7200,1.0041556479
53978,53987,57019,9,3032,2,7200,1.00296833773
53992,53999,57168,7,3169,2,7200,1.00220889871
54013,54023,57146,10,3123,2,7200,1.00320204931
54028,54035,57182,7,3147,2,7200,1.00222434064
54139,54151,57245,12,3094,2,7200,1.00387847447
54187,54196,57047,9,2851,2,7200,1.00315678709
54238,54247,57339,9,3092,2,7200,1.00291073739
54252,54260,57536,8,3276,2,7200,1.00244200244
54590,56386,59481,1796,3095,2,7200,1.5802907916
56375,56444,59415,69,2971,2,7200,1.02322450353
56435,56473,59719,38,3246,2,7200,1.01170671596
56465,56480,59597,15,3117,2,7200,1.00481231954
56466,56588,59740,122,3152,2,7200,1.03870558376
56577,56621,59561,44,2940,2,7200,1.01496598639
56613,56633,59713,20,3080,2,7200,1.00649350649
56628,56698,59773,70,3075,2,7200,1.02276422764
56687,56705,59565,18,2860,2,7200,1.00629370629
56702,56735,59801,33,3066,2,7200,1.01076320939
56723,56755,60132,32,3377,2,7200,1.00947586615
56744,56762,59893,18,3131,2,7200,1.00574896199
56759,56770,59856,11,3086,2,7200,1.00356448477
56760,56777,59772,17,2995,2,7200,1.00567612688
56775,56783,59631,8,2848,2,7200,1.00280898876
56776,56806,59940,30,3134,2,7200,1.0095724314
56797,56813,59963,16,3150,2,7200,1.00507936508
56811,56819,59790,8,2971,2,7200,1.00269269606
56813,56838,59972,25,3134,2,7200,1.00797702616
56827,56852,59854,25,3002,2,7200,1.00832778148
56842,56863,59954,21,3091,2,7200,1.00679391783
56857,56876,59945,19,3069,2,7200,1.00619094167
56871,56890,59836,19,2946,2,7200,1.00644942295
56886,56922,60018,36,3096,2,7200,1.01162790698
56910,56935,60018,25,3083,2,7200,1.00810898476
56925,56969,59850,44,2881,2,7200,1.01527247484
56957,57028,60347,71,3319,2,7200,1.02139198554
57014,57035,60011,21,2976,2,7200,1.00705645161
57029,57041,60079,12,3038,2,7200,1.00394996708
57031,57059,60073,28,3014,2,7200,1.00928998009
57048,57066,60115,18,3049,2,7200,1.00590357494
57050,57073,60188,23,3115,2,7200,1.00738362761
57064,57093,60247,29,3154,2,7200,1.00919467343
57082,57158,60205,76,3047,2,7200,1.02494256646
57148,57180,60112,32,2932,2,7200,1.01091405184
57169,57194,60161,25,2967,2,7200,1.00842601955
57183,57258,60361,75,3103,2,7200,1.02417015791
57246,57352,60373,106,3021,2,7200,1.0350877193
57339,57549,60616,210,3067,2,7200,1.06847081839
57538,59324,62307,1786,2983,2,7200,1.59872611465
59416,59427,62461,11,3034,2,7200,1.0036255768
59482,59494,62657,12,3163,2,7200,1.00379386658
59564,59574,62522,10,2948,2,7200,1.00339213026
59578,59585,62679,7,3094,2,7200,1.00226244344
59599,59609,62391,10,2782,2,7200,1.0035945363
59632,59638,62785,6,3147,2,7200,1.00190657769
59716,59723,62723,7,3000,2,7200,1.00233333333
59731,59737,62936,6,3199,2,7200,1.00187558612
59745,59752,62783,7,3031,2,7200,1.00230946882
59774,59780,63456,6,3676,2,7200,1.00163220892
59775,59787,62887,12,3100,2,7200,1.00387096774
59790,59797,62977,7,3180,2,7200,1.00220125786
59804,59812,62612,8,2800,2,7200,1.00285714286
59837,59844,62836,7,2992,2,7200,1.00233957219
59852,59858,62750,6,2892,2,7200,1.0020746888
59867,59874,63148,7,3274,2,7200,1.00213805742
59868,59881,62782,13,2901,2,7200,1.00448121337
59895,59901,62994,6,3093,2,7200,1.00193986421
59943,59950,63033,7,3083,2,7200,1.00227051573
59958,59964,63014,6,3050,2,7200,1.00196721311
59959,59972,63146,13,3174,2,7200,1.0040957782
59974,59981,63188,7,3207,2,7200,1.00218272529
59975,59988,63075,13,3087,2,7200,1.00421120829
60014,60020,63182,6,3162,2,7200,1.00189753321
60029,60036,63001,7,2965,2,7200,1.0023608769
60030,60043,63112,13,3069,2,7200,1.00423590746
60075,60082,63237,7,3155,2,7200,1.00221870048
60090,60096,63161,6,3065,2,7200,1.00195758564
60113,60121,63348,8,3227,2,7200,1.00247908274
60128,60134,62995,6,2861,2,7200,1.00209716882
60143,60149,63354,6,3205,2,7200,1.00187207488
60163,60170,63363,7,3193,2,7200,1.00219229565
60190,60197,63217,7,3020,2,7200,1.00231788079
60208,60215,63475,7,3260,2,7200,1.00214723926
60247,60254,63215,7,2961,2,7200,1.00236406619
60349,60355,63402,6,3047,2,7200,1.00196914998
60364,60370,63511,6,3141,2,7200,1.00191021968
60379,60385,63510,6,3125,2,7200,1.00192
60617,60623,63731,6,3108,2,7200,1.00193050193
60771,114144,114154,53373,10,16,7200,5338.3
60777,61128,63148,351,2020,1,36000,1.17376237624
60779,63160,65015,2381,1855,1,36000,2.28355795148
60786,65027,66240,4241,1213,1,36000,4.49629018961
60786,64735,66760,3949,2025,1,36000,2.95012345679
60787,66104,67237,5317,1133,1,36000,5.69285083848
60789,66109,68121,5320,2012,1,36000,3.64413518887
60789,66257,67368,5468,1111,1,36000,5.92169216922
60790,66560,67758,5770,1198,1,36000,5.816360601
60791,66772,68783,5981,2011,1,36000,3.9741422178
60792,67249,68425,6457,1176,1,36000,6.4906462585
60795,67380,69361,6585,1981,1,36000,4.32407874811
60797,67770,69707,6973,1937,1,36000,4.59989674755
60801,68133,70149,7332,2016,1,36000,4.6369047619
60802,68437,69586,7635,1149,1,36000,7.64490861619
60803,68800,70072,7997,1272,1,36000,7.28694968553
60809,69373,71231,8564,1858,1,36000,5.60925726588
60812,69719,71125,8907,1406,1,36000,7.33499288762
60812,69599,71575,8787,1976,1,36000,5.44686234818
60814,70085,71926,9271,1841,1,36000,6.03585008148
60817,70160,71954,9343,1794,1,36000,6.20791527313
62309,62316,65530,7,3214,2,7200,1.00217797138
62393,62400,65144,7,2744,2,7200,1.00255102041
62462,62470,65346,8,2876,2,7200,1.00278164117
62522,62528,65611,6,3083,2,7200,1.00194615634
62615,62621,65886,6,3265,2,7200,1.00183767228
62660,62666,65835,6,3169,2,7200,1.00189334175
62680,62688,65818,8,3130,2,7200,1.00255591054
62722,62728,65806,6,3078,2,7200,1.00194931774
62752,62758,65795,6,3037,2,7200,1.00197563385
62785,62791,65852,6,3061,2,7200,1.00196014374
62786,62798,65969,12,3171,2,7200,1.00378429518
62788,62803,65878,15,3075,2,7200,1.00487804878
62839,62846,66091,7,3245,2,7200,1.00215716487
62890,62896,66014,6,3118,2,7200,1.00192431046
62938,62945,65895,7,2950,2,7200,1.00237288136
62980,62987,66364,7,3377,2,7200,1.00207284572
62994,63001,65956,7,2955,2,7200,1.00236886633
63009,63015,66105,6,3090,2,7200,1.00194174757
63011,63021,66237,10,3216,2,7200,1.00310945274
63027,63035,65886,8,2851,2,7200,1.00280603297
63042,63049,66084,7,3035,2,7200,1.00230642504
63078,63084,65978,6,2894,2,7200,1.00207325501
63114,63121,66373,7,3252,2,7200,1.00215252153
63147,63153,66295,6,3142,2,7200,1.00190961171
63161,63169,66322,8,3153,2,7200,1.0025372661
63163,63176,66229,13,3053,2,7200,1.00425810678
63183,63191,66351,8,3160,2,7200,1.00253164557
63198,63204,66216,6,3012,2,7200,1.00199203187
63216,63223,66492,7,3269,2,7200,1.00214132762
63230,63237,66371,7,3134,2,7200,1.00223356733
63245,63251,66251,6,3000,2,7200,1.002
63350,63356,66357,6,3001,2,7200,1.00199933356
63365,63371,66498,6,3127,2,7200,1.00191877199
63367,63379,66692,12,3313,2,7200,1.00362209478
63405,63411,66201,6,2790,2,7200,1.00215053763
63459,63465,66674,6,3209,2,7200,1.00186974135
63476,63484,66602,8,3118,2,7200,1.00256574727
63512,63519,66746,7,3227,2,7200,1.0021691974
63514,63527,66613,13,3086,2,7200,1.00421257291
63734,63740,67022,6,3282,2,7200,1.00182815356
65146,65152,68256,6,3104,2,7200,1.00193298969
65348,65355,68627,7,3272,2,7200,1.0021393643
65531,65537,68683,6,3146,2,7200,1.00190718373
65612,65619,68714,7,3095,2,7200,1.00226171244
65795,65803,68782,8,2979,2,7200,1.00268546492
65810,65817,69008,7,3191,2,7200,1.0021936697
65825,65832,68816,7,2984,2,7200,1.0023458445
65839,65846,68898,7,3052,2,7200,1.00229357798
65854,65861,68948,7,3087,2,7200,1.0022675737
65878,65885,69238,7,3353,2,7200,1.00208768267
65893,65900,68956,7,3056,2,7200,1.00229057592
65894,65906,69058,12,3152,2,7200,1.0038071066
65909,65915,68916,6,3001,2,7200,1.00199933356
65954,95553,97408,29599,1855,25,7199,16.9563342318
65957,65963,68741,6,2778,2,7200,1.00215982721
65972,65978,68962,6,2984,2,7200,1.00201072386
65986,65993,69043,7,3050,2,7200,1.00229508197
65991,97420,99582,31429,2162,25,7199,15.5370027752
66016,66022,68867,6,2845,2,7200,1.00210896309
66085,66092,69009,7,2917,2,7200,1.00239972575
66100,66116,69056,16,2940,2,7200,1.00544217687
66115,66123,69290,8,3167,2,7200,1.00252604989
66202,66214,69278,12,3064,2,7200,1.00391644909
66216,66228,69023,12,2795,2,7200,1.00429338104
66231,66241,69465,10,3224,2,7200,1.00310173697
66246,66252,69333,6,3081,2,7200,1.00194741967
66260,66268,69339,8,3071,2,7200,1.00260501465
66296,66307,69299,11,2992,2,7200,1.00367647059
66323,66334,69334,11,3000,2,7200,1.00366666667
66353,66363,69455,10,3092,2,7200,1.00323415265
66367,66373,69337,6,2964,2,7200,1.0020242915
66369,66380,69584,11,3204,2,7200,1.00343320849
66384,66391,69496,7,3105,2,7200,1.00225442834
66385,66398,69579,13,3181,2,7200,1.00408676517
66493,66504,69746,11,3242,2,7200,1.0033929673
66508,66514,69561,6,3047,2,7200,1.00196914998
66604,66615,69629,11,3014,2,7200,1.00364963504
66619,66625,69721,6,3096,2,7200,1.0019379845
66676,66687,69694,11,3007,2,7200,1.00365813103
66694,66704,69761,10,3057,2,7200,1.0032711809
66748,66758,69827,10,3069,2,7200,1.00325839036
67023,67034,70139,11,3105,2,7200,1.00354267311
68257,68268,70642,11,2374,2,7200,1.00463352991
68627,68639,70642,12,2003,2,7200,1.00599101348
68684,68695,70642,11,1947,2,7200,1.00564971751
68714,68725,70642,11,1917,2,7200,1.0057381325
68744,68754,70642,10,1888,2,7200,1.00529661017
68783,68793,70642,10,1849,2,7200,1.00540832883
68819,68829,70642,10,1813,2,7200,1.0055157198
68870,68879,70642,9,1763,2,7200,1.00510493477
68899,68910,70642,11,1732,2,7200,1.00635103926
68916,68928,70642,12,1714,2,7200,1.00700116686
68949,68960,70642,11,1682,2,7200,1.00653983353
68964,68970,70642,6,1672,2,7200,1.00358851675
68965,68977,70642,12,1665,2,7200,1.00720720721
69010,69020,70642,10,1622,2,7200,1.00616522811
69012,69027,70642,15,1615,2,7200,1.0092879257
69026,69035,70642,9,1607,2,7200,1.00560049782
69044,69055,70642,11,1587,2,7200,1.00693131695
69059,69068,70642,9,1574,2,7200,1.00571791614
69060,69075,70642,15,1567,2,7200,1.0095724314
69241,69251,70642,10,1391,2,7200,1.00718907261
69280,69290,70642,10,1352,2,7200,1.0073964497
69295,69301,70642,6,1341,2,7200,1.00447427293
69309,69316,70642,7,1326,2,7200,1.00527903469
69333,69345,70642,12,1297,2,7200,1.00925212028
69348,69355,70642,7,1287,2,7200,1.00543900544
69349,69362,70642,13,1280,2,7200,1.01015625
69351,69367,70642,16,1275,2,7200,1.01254901961
69375,88323,90234,18948,1911,4,3600,10.9152276295
69415,89546,91457,20131,1911,4,3600,11.5342752486
69435,90246,92156,20811,1910,4,3600,11.8958115183
69456,69468,70642,12,1174,2,7200,1.01022146508
69471,69479,70642,8,1163,2,7200,1.00687876182
69489,91468,93379,21979,1911,4,3600,12.5013082156
69497,69508,70642,11,1134,2,7200,1.00970017637
69564,69574,70642,10,1068,2,7200,1.00936329588
69582,69592,70642,10,1050,2,7200,1.00952380952
69596,69606,70642,10,1036,2,7200,1.00965250965
69629,69641,70644,12,1003,2,7200,1.01196410768
69686,92168,94077,22482,1909,4,3600,12.7768465165
69695,69707,70642,12,935,2,7200,1.0128342246
69697,93391,95300,23694,1909,4,3600,13.4117338921
69722,69733,70642,11,909,2,7200,1.01210121012
69748,69758,70642,10,884,2,7200,1.01131221719
69763,69772,70642,9,870,2,7200,1.01034482759
69829,69838,70642,9,804,2,7200,1.01119402985
70139,70152,70642,13,490,2,7200,1.02653061224
70236,123348,123384,53112,36,64,36000,1476.33333333
70753,70760,73912,7,3152,2,7200,1.00222081218
70754,70767,73698,13,2931,2,7200,1.0044353463
70756,70772,73936,16,3164,2,7200,1.00505689001
70757,70777,74129,20,3352,2,7200,1.00596658711
70758,70782,73889,24,3107,2,7200,1.00772449308
70760,70788,73900,28,3112,2,7200,1.00899742931
70761,70794,73968,33,3174,2,7200,1.01039697543
70762,70799,73849,37,3050,2,7200,1.01213114754
70764,70804,73897,40,3093,2,7200,1.01293242806
70765,70809,74026,44,3217,2,7200,1.01367733914
70766,70815,73797,49,2982,2,7200,1.01643192488
70768,70820,73891,52,3071,2,7200,1.01693259525
70769,70825,73929,56,3104,2,7200,1.01804123711
70770,70830,73972,60,3142,2,7200,1.01909611712
70772,70836,73869,64,3033,2,7200,1.02110121991
70773,70841,73956,68,3115,2,7200,1.02182985554
70774,70846,73989,72,3143,2,7200,1.02290804963
70776,70851,73956,75,3105,2,7200,1.02415458937
70777,70857,73990,80,3133,2,7200,1.02553463134
70778,70862,73794,84,2932,2,7200,1.02864938608
70780,70867,74070,87,3203,2,7200,1.02716203559
70781,70872,73921,91,3049,2,7200,1.0298458511
70782,70878,73534,96,2656,2,7200,1.03614457831
70784,70883,73797,99,2914,2,7200,1.03397391901
70785,70888,73909,103,3021,2,7200,1.03409467064
70786,70894,74036,108,3142,2,7200,1.03437301082
70788,70899,73893,111,2994,2,7200,1.0370741483
70789,70906,73988,117,3082,2,7200,1.0379623621
70791,70911,73971,120,3060,2,7200,1.03921568627
70792,70916,73983,124,3067,2,7200,1.040430388
70793,70922,73977,129,3055,2,7200,1.04222585925
70795,70927,74061,132,3134,2,7200,1.04211869815
70796,70932,73976,136,3044,2,7200,1.04467805519
70797,70937,74095,140,3158,2,7200,1.0443318556
70799,70943,74075,144,3132,2,7200,1.04597701149
70800,70948,73946,148,2998,2,7200,1.04936624416
70801,70953,74102,152,3149,2,7200,1.04826929184
70803,70958,74026,155,3068,2,7200,1.05052151239
70804,70964,74152,160,3188,2,7200,1.05018820577
70805,71243,74362,438,3119,2,7200,1.14042962488
72060,72066,74118,6,2052,1,36000,1.00292397661
72062,72074,74195,12,2121,1,36000,1.00565770863
72068,72080,74180,12,2100,1,36000,1.00571428571
72069,74130,76078,2061,1948,1,36000,2.05800821355
72071,74166,76127,2095,1961,1,36000,2.06833248343
72075,74192,76205,2117,2013,1,36000,2.05166418281
72078,74207,76141,2129,1934,1,36000,2.10082730093
72084,74379,76613,2295,2234,1,36000,2.02730528201
72094,76090,78131,3996,2041,1,36000,2.95786379226
72101,76138,78180,4037,2042,1,36000,2.97698334966
72117,76154,78584,4037,2430,1,36000,2.66131687243
72118,76625,78770,4507,2145,1,36000,3.10116550117
72118,76217,77393,4099,1176,1,36000,4.48554421769
72121,77405,79323,5284,1918,1,36000,3.75495307612
72122,78142,80151,6020,2009,1,36000,3.99651567944
72124,78192,80059,6068,1867,1,36000,4.25013390466
72127,78596,80695,6469,2099,1,36000,4.08194378275
72128,78782,79832,6654,1050,1,36000,7.33714285714
72132,79335,81170,7203,1835,1,36000,4.92534059946
72133,79845,80901,7712,1056,1,36000,8.30303030303
73016,80163,80165,7147,2,2,3540,714.9
73534,73541,76543,7,3002,2,7200,1.00233177881
73700,73706,76691,6,2985,2,7200,1.00201005025
73796,73803,76957,7,3154,2,7200,1.00221940393
73810,73818,76878,8,3060,2,7200,1.00261437908
73812,73825,76982,13,3157,2,7200,1.00411783339
73850,73857,76882,7,3025,2,7200,1.00231404959
73871,73877,76927,6,3050,2,7200,1.00196721311
73892,73898,77131,6,3233,2,7200,1.00185586143
73893,73905,77078,12,3173,2,7200,1.00378190986
73908,73914,76763,6,2849,2,7200,1.00210600211
73910,73921,77124,11,3203,2,7200,1.00343428036
73911,73926,77105,15,3179,2,7200,1.00471846493
73926,73932,77176,6,3244,2,7200,1.00184956843
73927,73938,77154,11,3216,2,7200,1.00342039801
73928,73944,77119,16,3175,2,7200,1.00503937008
73943,73951,76881,8,2930,2,7200,1.00273037543
73944,73956,76968,12,3012,2,7200,1.00398406375
73959,73967,77090,8,3123,2,7200,1.00256163945
73961,73974,76874,13,2900,2,7200,1.00448275862
73962,73979,77044,17,3065,2,7200,1.00554649266
73978,73986,76965,8,2979,2,7200,1.00268546492
73980,73993,77139,13,3146,2,7200,1.0041322314
73981,73998,77050,17,3052,2,7200,1.00557011796
73982,74003,76921,21,2918,2,7200,1.00719671008
73984,74009,77096,25,3087,2,7200,1.00809847749
73998,74016,77160,18,3144,2,7200,1.00572519084
74000,74021,77107,21,3086,2,7200,1.00680492547
74001,74026,75097,25,1071,2,7200,1.0233426704
74002,74032,77036,30,3004,2,7200,1.00998668442
74029,74039,77254,10,3215,2,7200,1.00311041991
74031,74044,77051,13,3007,2,7200,1.00432324576
74045,74052,76998,7,2946,2,7200,1.00237610319
74063,74069,77273,6,3204,2,7200,1.00187265918
74078,74085,77211,7,3126,2,7200,1.00223928343
74079,74092,77140,13,3048,2,7200,1.00426509186
74097,74104,76884,7,2780,2,7200,1.00251798561
74112,74118,77291,6,3173,2,7200,1.00189095493
74129,74136,77093,7,2957,2,7200,1.00236726412
74153,74159,77220,6,3061,2,7200,1.00196014374
74364,74374,77591,10,3217,2,7200,1.00310848617
75099,75110,78166,11,3056,2,7200,1.00359947644
76543,76555,79660,12,3105,2,7200,1.0038647343
76694,76702,79627,8,2925,2,7200,1.00273504274
76766,76775,79978,9,3203,2,7200,1.00280986575
76874,76886,79966,12,3080,2,7200,1.0038961039
76889,76896,79986,7,3090,2,7200,1.00226537217
76890,76903,79983,13,3080,2,7200,1.00422077922
76892,76908,79959,16,3051,2,7200,1.00524418224
76893,76913,80083,20,3170,2,7200,1.00630914826
76923,76933,80085,10,3152,2,7200,1.00317258883
76937,76944,80113,7,3169,2,7200,1.00220889871
76958,76969,79882,11,2913,2,7200,1.00377617576
76975,76981,80193,6,3212,2,7200,1.00186799502
76977,76989,80345,12,3356,2,7200,1.00357568534
76991,76999,80345,8,3346,2,7200,1.00239091452
77006,77013,79981,7,2968,2,7200,1.00235849057
77039,77048,80302,9,3254,2,7200,1.00276582667
77054,77060,80077,6,3017,2,7200,1.00198873053
77055,77067,79938,12,2871,2,7200,1.00417972832
77056,77073,80265,17,3192,2,7200,1.00532581454
77080,77090,80177,10,3087,2,7200,1.00323939099
77095,77102,80285,7,3183,2,7200,1.00219918316
77097,77109,80373,12,3264,2,7200,1.00367647059
77098,77114,79986,16,2872,2,7200,1.00557103064
77114,77120,80440,6,3320,2,7200,1.00180722892
77116,77128,80246,12,3118,2,7200,1.00384862091
77131,77137,79986,6,2849,2,7200,1.00210600211
77132,77144,80320,12,3176,2,7200,1.00377833753
77147,77155,80276,8,3121,2,7200,1.002563281
77149,77162,80216,13,3054,2,7200,1.00425671251
77150,77167,80172,17,3005,2,7200,1.00565723794
77165,77174,80256,9,3082,2,7200,1.0029201817
77166,77179,80226,13,3047,2,7200,1.00426649163
77181,77188,80317,7,3129,2,7200,1.00223713647
77214,77225,80374,11,3149,2,7200,1.00349317244
77229,77235,80399,6,3164,2,7200,1.00189633375
77255,77266,80299,11,3033,2,7200,1.00362677217
77273,77285,80398,12,3113,2,7200,1.00385480244
77294,77302,80440,8,3138,2,7200,1.00254939452
77592,77602,79352,10,1750,2,7200,1.00571428571
78167,78178,81245,11,3067,2,7200,1.00358656668
79353,79364,82498,11,3134,2,7200,1.00350989151
79627,79639,82553,12,2914,2,7200,1.00411805079
79663,79673,82781,10,3108,2,7200,1.00321750322
79882,79894,83075,12,3181,2,7200,1.00377239862
79939,79951,83276,12,3325,2,7200,1.00360902256
79960,79971,83021,11,3050,2,7200,1.00360655738
79974,79981,83140,7,3159,2,7200,1.0022158911
79990,79997,82920,7,2923,2,7200,1.00239479986
79991,80004,83042,13,3038,2,7200,1.00427913101
79993,80009,83150,16,3141,2,7200,1.00509391913
79994,80014,83113,20,3099,2,7200,1.00645369474
79995,80019,83085,24,3066,2,7200,1.00782778865
79997,80025,82960,28,2935,2,7200,1.00954003407
80079,80089,83288,10,3199,2,7200,1.00312597687
80094,80101,83220,7,3119,2,7200,1.00224430907
80095,80108,83357,13,3249,2,7200,1.00400123115
80116,80125,83190,9,3065,2,7200,1.00293637847
80173,80179,83220,6,3041,2,7200,1.00197303519
80187,80195,83333,8,3138,2,7200,1.00254939452
80202,80208,83349,6,3141,2,7200,1.00191021968
80217,80224,83421,7,3197,2,7200,1.00218955271
80232,80240,83379,8,3139,2,7200,1.00254858235
80247,80254,83096,7,2842,2,7200,1.00246305419
80262,80268,83229,6,2961,2,7200,1.00202634245
80277,80284,83360,7,3076,2,7200,1.0022756827
80279,80291,83551,12,3260,2,7200,1.0036809816
80293,80300,83553,7,3253,2,7200,1.00215185982
80308,80315,83416,7,3101,2,7200,1.00225733634
80310,80322,83686,12,3364,2,7200,1.00356718193
80325,80331,83523,6,3192,2,7200,1.00187969925
80326,80338,80660,12,322,2,7200,1.03726708075
80347,80354,83669,7,3315,2,7200,1.00211161388
80348,80361,83450,13,3089,2,7200,1.00420848171
80375,80381,83504,6,3123,2,7200,1.00192122959
80376,80388,83431,12,3043,2,7200,1.00394347683
80403,80409,83662,6,3253,2,7200,1.00184445128
80404,80417,83710,13,3293,2,7200,1.00394776799
80440,80447,83629,7,3182,2,7200,1.00219987429
80441,80454,83501,13,3047,2,7200,1.00426649163
80661,80668,83820,7,3152,2,7200,1.00222081218
81246,81253,84347,7,3094,2,7200,1.00226244344
81246,81258,83325,12,2067,1,36000,1.00580551524
81247,81264,83017,17,1753,1,36000,1.00969766115
81248,82512,84585,1264,2073,1,36000,1.60974433189
81248,81270,82899,22,1629,1,36000,1.01350521793
81249,82912,84035,1663,1123,1,36000,2.48085485307
81249,82958,84771,1709,1813,1,36000,1.94263651407
81250,83030,85002,1780,1972,1,36000,1.90263691684
81250,83337,85234,2087,1897,1,36000,2.10015814444
81252,83766,85813,2514,2047,1,36000,2.22813873962
81253,84048,86103,2795,2055,1,36000,2.3600973236
81253,84597,86405,3344,1808,1,36000,2.84955752212
81254,84783,86516,3529,1733,1,36000,3.03635314484
81255,85014,87001,3759,1987,1,36000,2.89179667841
81256,85247,87163,3991,1916,1,36000,3.08298538622
81256,85824,87719,4568,1895,1,36000,3.41055408971
81257,86120,88058,4863,1938,1,36000,3.5092879257
81258,86528,88312,5270,1784,1,36000,3.95403587444
81258,86417,88249,5159,1832,1,36000,3.81604803493
81259,87012,88842,5753,1830,1,36000,4.14371584699
81260,87097,89004,5837,1907,1,36000,4.06082852648
82498,82505,85593,7,3088,2,7200,1.00226683938
82555,82565,85639,10,3074,2,7200,1.00325309044
82784,82793,85803,9,3010,2,7200,1.00299003322
82922,82932,86087,10,3155,2,7200,1.00316957211
82961,82972,86103,11,3131,2,7200,1.00351325455
83024,83037,86250,13,3213,2,7200,1.00404606287
83045,83054,85954,9,2900,2,7200,1.00310344828
83077,83087,86348,10,3261,2,7200,1.003066544
83092,83099,86327,7,3228,2,7200,1.0021685254
83107,83114,86158,7,3044,2,7200,1.00229960578
83122,83129,86216,7,3087,2,7200,1.0022675737
83142,83153,86335,11,3182,2,7200,1.00345694532
83157,83163,86151,6,2988,2,7200,1.00200803213
83190,83202,86255,12,3053,2,7200,1.0039305601
83223,83232,86290,9,3058,2,7200,1.00294310007
83224,83237,86535,13,3298,2,7200,1.0039417829
83239,83246,86291,7,3045,2,7200,1.00229885057
83278,83288,86275,10,2987,2,7200,1.00334784064
83293,83300,86565,7,3265,2,7200,1.002143951
83335,83346,86443,11,3097,2,7200,1.00355182435
83349,83360,86322,11,2962,2,7200,1.00371370695
83364,83371,86585,7,3214,2,7200,1.00217797138
83366,83378,86223,12,2845,2,7200,1.00421792619
83380,83392,86479,12,3087,2,7200,1.00388726919
83419,83429,86324,10,2895,2,7200,1.00345423143
83434,83441,86565,7,3124,2,7200,1.00224071703
83435,83448,86377,13,2929,2,7200,1.00443837487
83453,83462,86669,9,3207,2,7200,1.00280636109
83504,83513,86730,9,3217,2,7200,1.00279763755
83519,83526,86650,7,3124,2,7200,1.00224071703
83534,83540,86490,6,2950,2,7200,1.00203389831
83551,83563,86694,12,3131,2,7200,1.00383264133
83566,83572,86719,6,3147,2,7200,1.00190657769
83632,83641,86818,9,3177,2,7200,1.00283286119
83662,83673,86740,11,3067,2,7200,1.00358656668
83677,83684,86790,7,3106,2,7200,1.00225370251
83691,83698,86753,7,3055,2,7200,1.0022913257
83712,83722,86872,10,3150,2,7200,1.00317460317
83820,83831,87065,11,3234,2,7200,1.00340136054
83958,88070,88072,4112,2,2,3540,411.4
84348,84360,87703,12,3343,2,7200,1.00358959019
84357,87176,88529,2819,1353,1,7200,3.08351810791
84399,87731,89100,3332,1369,1,7200,3.43389335281
85594,85605,88580,11,2975,2,7200,1.00369747899
85642,85652,88817,10,3165,2,7200,1.00315955766
85804,85815,89030,11,3215,2,7200,1.0034214619
85954,85966,89275,12,3309,2,7200,1.00362647325
86089,86099,89059,10,2960,2,7200,1.00337837838
86104,86115,89336,11,3221,2,7200,1.00341508848
86152,86163,89354,11,3191,2,7200,1.00344719524
86167,86174,89362,7,3188,2,7200,1.002195734
86218,86228,89386,10,3158,2,7200,1.00316656111
86232,86238,89213,6,2975,2,7200,1.00201680672
86250,86262,89313,12,3051,2,7200,1.00393313668
86265,86271,89205,6,2934,2,7200,1.00204498978
86280,86286,89470,6,3184,2,7200,1.00188442211
86295,86301,89422,6,3121,2,7200,1.00192246075
86296,86308,89333,12,3025,2,7200,1.00396694215
86323,86333,89593,10,3260,2,7200,1.00306748466
86338,86344,89597,6,3253,2,7200,1.00184445128
86340,86352,89587,12,3235,2,7200,1.00370942813
86341,86357,89613,16,3256,2,7200,1.00491400491
86356,86363,89357,7,2994,2,7200,1.00233800935
86379,86389,89422,10,3033,2,7200,1.00329706561
86445,86455,89661,10,3206,2,7200,1.00311915159
86481,86491,89485,10,2994,2,7200,1.00334001336
86496,86502,89659,6,3157,2,7200,1.00190053849
86538,86548,89534,10,2986,2,7200,1.00334896182
86565,86577,89972,12,3395,2,7200,1.00353460972
86580,86587,89767,7,3180,2,7200,1.00220125786
86594,86601,89768,7,3167,2,7200,1.00221029365
86651,86661,89706,10,3045,2,7200,1.00328407225
86669,86681,89830,12,3149,2,7200,1.00381073357
86696,86706,89913,10,3207,2,7200,1.00311817898
86720,86731,89866,11,3135,2,7200,1.00350877193
86735,86741,89758,6,3017,2,7200,1.00198873053
86750,86757,89901,7,3144,2,7200,1.0022264631
86764,86772,89883,8,3111,2,7200,1.00257152041
86791,86802,89869,11,3067,2,7200,1.00358656668
86818,86830,89944,12,3114,2,7200,1.00385356455
86872,86884,89949,12,3065,2,7200,1.00391517129
87068,87077,90285,9,3208,2,7200,1.00280548628
87706,87714,90838,8,3124,2,7200,1.00256081946
88582,88593,91832,11,3239,2,7200,1.00339610991
88820,88827,92038,7,3211,2,7200,1.00218000623
89030,89036,92089,6,3053,2,7200,1.00196528005
89060,89066,92163,6,3097,2,7200,1.00193735873
89072,90251,91931,1179,1680,1,36000,1.70178571429
89072,89611,91189,539,1578,1,36000,1.34157160963
89073,91201,93119,2128,1918,1,36000,2.10948905109
89074,91474,93255,2400,1781,1,36000,2.34755755194
89080,93131,94734,4051,1603,1,36000,3.52713661884
89080,91942,93974,2862,2032,1,36000,2.40846456693
89081,94746,96129,5665,1383,1,36000,5.09616775127
89081,93986,95459,4905,1473,1,36000,4.3299389002
89081,93266,94983,4185,1717,1,36000,3.4373907979
89082,94996,96905,5914,1909,1,36000,4.09795704557
89083,95329,97209,6246,1880,1,36000,4.32234042553
89083,95471,97330,6388,1859,1,36000,4.43625605164
89084,96143,98081,7059,1938,1,36000,4.64241486068
89085,96917,98755,7832,1838,1,36000,5.26115342764
89086,97221,98718,8135,1497,1,36000,6.43420173681
89087,97341,99353,8254,2012,1,36000,5.10238568588
89087,98093,100330,9006,2237,1,36000,5.02592758158
89088,98099,100134,9011,2035,1,36000,5.42800982801
89088,98767,100565,9679,1798,1,36000,6.38320355951
89089,99364,101149,10275,1785,1,36000,6.75630252101
89208,89215,92493,7,3278,2,7200,1.00213544844
89222,89228,92666,6,3438,2,7200,1.0017452007
89276,89282,92558,6,3276,2,7200,1.00183150183
89312,89318,92570,6,3252,2,7200,1.00184501845
89336,89343,92305,7,2962,2,7200,1.00236326806
89337,89350,92428,13,3078,2,7200,1.00422352177
89355,89361,92318,6,2957,2,7200,1.00202908353
89370,89377,92492,7,3115,2,7200,1.00224719101
89371,89383,92321,12,2938,2,7200,1.00408441116
89386,89392,92645,6,3253,2,7200,1.00184445128
89425,89432,92460,7,3028,2,7200,1.00231175694
89426,89439,92322,13,2883,2,7200,1.00450919181
89471,89478,92689,7,3211,2,7200,1.00218000623
89486,89492,92651,6,3159,2,7200,1.00189933523
89538,89551,92686,13,3135,2,7200,1.00414673046
89589,89598,92845,9,3247,2,7200,1.00277178934
89605,89618,92656,13,3038,2,7200,1.00427913101
89607,89623,92717,16,3094,2,7200,1.00517129929
89621,89630,92650,9,3020,2,7200,1.00298013245
89660,89671,92870,11,3199,2,7200,1.00343857455
89675,89682,92555,7,2873,2,7200,1.00243647755
89708,89718,92812,10,3094,2,7200,1.00323206206
89759,89770,92875,11,3105,2,7200,1.00354267311
89774,89779,92825,5,3046,2,7200,1.00164149705
89775,89786,92816,11,3030,2,7200,1.00363036304
89832,89841,92684,9,2843,2,7200,1.00316567007
89868,89879,93158,11,3279,2,7200,1.00335468131
89883,89890,92794,7,2904,2,7200,1.00241046832
89884,89897,93023,13,3126,2,7200,1.00415866923
89902,89914,93044,12,3130,2,7200,1.00383386581
89917,89925,93146,8,3221,2,7200,1.00248370071
89944,89956,93034,12,3078,2,7200,1.00389863548
89959,89965,92686,6,2721,2,7200,1.00220507166
89973,89983,92961,10,2978,2,7200,1.00335795836
90287,90296,93428,9,3132,2,7200,1.00287356322
90838,90850,94027,12,3177,2,7200,1.00377714825
91834,91842,95116,8,3274,2,7200,1.0024434942
92039,92046,95025,7,2979,2,7200,1.00234978181
92090,92096,95146,6,3050,2,7200,1.00196721311
92165,92174,95246,9,3072,2,7200,1.0029296875
92306,92313,95334,7,3021,2,7200,1.00231711354
92321,92328,95357,7,3029,2,7200,1.00231099373
92322,92335,95568,13,3233,2,7200,1.0040210331
92337,92344,95556,7,3212,2,7200,1.00217932752
92430,92436,95569,6,3133,2,7200,1.00191509735
92460,92467,95585,7,3118,2,7200,1.00224502886
92493,92499,95568,6,3069,2,7200,1.00195503421
92494,92506,95598,12,3092,2,7200,1.00388098318
92558,92564,95660,6,3096,2,7200,1.0019379845
92559,92571,95664,12,3093,2,7200,1.00387972842
92574,92580,95699,6,3119,2,7200,1.00192369349
92646,92653,95964,7,3311,2,7200,1.0021141649
92661,92667,95786,6,3119,2,7200,1.00192369349
92662,92674,95798,12,3124,2,7200,1.00384122919
92664,92679,95826,15,3147,2,7200,1.00476644423
92679,92686,95885,7,3199,2,7200,1.00218818381
92694,92700,95721,6,3021,2,7200,1.00198609732
92695,92707,95425,12,2718,2,7200,1.00441501104
92696,92712,95831,16,3119,2,7200,1.00512984931
92698,92717,95884,19,3167,2,7200,1.00599936849
92718,92725,95970,7,3245,2,7200,1.00215716487
92794,92800,96004,6,3204,2,7200,1.00187265918
92814,92821,95702,7,2881,2,7200,1.00242971191
92829,92836,96068,7,3232,2,7200,1.00216584158
92830,92842,96153,12,3311,2,7200,1.00362428269
92848,92855,95750,7,2895,2,7200,1.002417962
92872,92878,96051,6,3173,2,7200,1.00189095493
92887,92894,95712,7,2818,2,7200,1.00248403123
92962,92969,96036,7,3067,2,7200,1.00228236061
93025,93032,96128,7,3096,2,7200,1.00226098191
93039,93046,96054,7,3008,2,7200,1.00232712766
93054,93060,96088,6,3028,2,7200,1.00198150594
93147,93153,96262,6,3109,2,7200,1.00192988099
93162,93169,96356,7,3187,2,7200,1.00219642297
93430,93436,96556,6,3120,2,7200,1.00192307692
94030,94036,97137,6,3101,2,7200,1.00193485972
95026,95032,98203,6,3171,2,7200,1.00189214759
95119,95125,98324,6,3199,2,7200,1.00187558612
95149,95161,95293,12,132,1,3600,1.09090909091
95149,95156,96793,7,1637,2,7200,1.00427611484
95248,95255,98473,7,3218,2,7200,1.00217526414
95335,95341,98489,6,3148,2,7200,1.00190597205
95359,95365,98484,6,3119,2,7200,1.00192369349
95416,96808,97118,1392,310,1,3600,5.49032258065
95428,95435,98616,7,3181,2,7200,1.00220056586
95558,95565,98810,7,3245,2,7200,1.00215716487
95573,95579,98738,6,3159,2,7200,1.00189933523
95574,95586,98490,12,2904,2,7200,1.0041322314
95576,95591,98659,15,3068,2,7200,1.00488917862
95590,95598,98521,8,2923,2,7200,1.00273691413
95605,95612,98574,7,2962,2,7200,1.00236326806
95662,95669,98870,7,3201,2,7200,1.00218681662
95677,95683,98931,6,3248,2,7200,1.00184729064
95701,95708,98700,7,2992,2,7200,1.00233957219
95716,95722,98842,6,3120,2,7200,1.00192307692
95717,95729,98722,12,2993,2,7200,1.00400935516
95732,95739,98768,7,3029,2,7200,1.00231099373
95752,95759,98922,7,3163,2,7200,1.00221308884
95788,95795,98721,7,2926,2,7200,1.0023923445
95803,95809,98878,6,3069,2,7200,1.00195503421
95827,95833,98841,6,3008,2,7200,1.00199468085
95842,95848,98757,6,2909,2,7200,1.00206256446
95887,95893,98815,6,2922,2,7200,1.00205338809
95888,95900,98852,12,2952,2,7200,1.00406504065
95966,95973,99236,7,3263,2,7200,1.00214526509
95981,95988,99191,7,3203,2,7200,1.00218545114
96006,96012,98972,6,2960,2,7200,1.00202702703
96038,96045,96157,7,112,2,7200,1.0625
96053,96060,99336,7,3276,2,7200,1.00213675214
96068,96075,98922,7,2847,2,7200,1.00245872849
96083,96090,98955,7,2865,2,7200,1.00244328098
96097,96103,99196,6,3093,2,7200,1.00193986421
96130,96137,97595,7,1458,2,7200,1.00480109739
96154,96160,99043,6,2883,2,7200,1.00208116545
96169,96175,99477,6,3302,2,7200,1.00181708056
96265,96272,99630,7,3358,2,7200,1.00208457415
96358,96364,99556,6,3192,2,7200,1.00187969925
96557,96563,99462,6,2899,2,7200,1.0020696792
96794,96801,99971,7,3170,2,7200,1.00220820189
97137,97149,100290,12,3141,2,7200,1.00382043935
97343,97350,97984,7,634,1,3600,1.01104100946
97598,97604,100641,6,3037,2,7200,1.00197563385
98203,98209,101266,6,3057,2,7200,1.00196270854
98326,98333,101365,7,3032,2,7200,1.00230870712
98473,98496,101694,23,3198,2,7200,1.007191995
98488,98503,101710,15,3207,2,7200,1.00467726848
98490,98508,101545,18,3037,2,7200,1.00592690155
98505,98534,101584,29,3050,2,7200,1.00950819672
98522,98587,101700,65,3113,2,7200,1.02088017989
98576,98628,101716,52,3088,2,7200,1.01683937824
98618,98671,101721,53,3050,2,7200,1.01737704918
98660,98712,101829,52,3117,2,7200,1.01668270773
98667,98677,98779,10,102,1,3600,1.09803921569
98702,98730,101867,28,3137,2,7200,1.00892572522
98723,98737,101923,14,3186,2,7200,1.00439422473
98725,98742,101837,17,3095,2,7200,1.00549273021
98739,98750,101956,11,3206,2,7200,1.00343106675
98757,98774,101803,17,3029,2,7200,1.00561241334
98772,98781,101816,9,3035,2,7200,1.00296540362
98811,98822,101935,11,3113,2,7200,1.0035335689
98826,98832,101931,6,3099,2,7200,1.00193610842
98844,98853,101918,9,3065,2,7200,1.00293637847
98845,98860,102275,15,3415,2,7200,1.00439238653
98860,98867,102075,7,3208,2,7200,1.00218204489
98874,98883,101844,9,2961,2,7200,1.00303951368
98890,98896,101756,6,2860,2,7200,1.0020979021
98916,98923,99216,7,293,1,3600,1.02389078498
98922,98935,101797,13,2862,2,7200,1.00454227813
98924,98940,102128,16,3188,2,7200,1.00501882058
98939,98947,101673,8,2726,2,7200,1.00293470286
98957,98967,102032,10,3065,2,7200,1.00326264274
98974,98989,101914,15,2925,2,7200,1.00512820513
98978,98984,99112,6,128,1,3600,1.046875
99044,99055,102224,11,3169,2,7200,1.00347112654
99191,99204,102326,13,3122,2,7200,1.00416399744
99206,99213,102430,7,3217,2,7200,1.00217594032
99234,99240,99551,6,311,1,3600,1.0192926045
99236,99249,102349,13,3100,2,7200,1.00419354839
99338,99349,102572,11,3223,2,7200,1.00341296928
99462,99474,102547,12,3073,2,7200,1.00390497885
99479,99489,102561,10,3072,2,7200,1.00325520833
99508,99514,100142,6,628,1,3600,1.00955414013
99557,99568,102691,11,3123,2,7200,1.00352225424
99632,99639,102881,7,3242,2,7200,1.00215916101
99777,99783,100508,6,725,1,3600,1.00827586207
99972,99980,103096,8,3116,2,7200,1.00256739409
100291,100297,103532,6,3235,2,7200,1.00185471406
100643,100649,103619,6,2970,2,7200,1.00202020202
101192,101202,102571,10,1369,1,36000,1.0073046019
101196,101209,103228,13,2019,1,36000,1.0064388311
101231,102583,104584,1352,2001,1,36000,1.67566216892
101236,102621,104721,1385,2100,1,36000,1.65952380952
101237,102863,104117,1626,1254,1,36000,2.2966507177
101238,103240,104429,2002,1189,1,36000,2.68376787216
101245,104129,105251,2884,1122,1,36000,3.57040998217
101245,103676,105624,2431,1948,1,36000,2.24794661191
101246,104447,105692,3201,1245,1,36000,3.57108433735
101248,104596,106531,3348,1935,1,36000,2.73023255814
101267,101274,104426,7,3152,2,7200,1.00222081218
101282,104733,106698,3451,1965,1,36000,2.75623409669
101283,105263,107025,3980,1762,1,36000,3.25879682179
101287,105276,107206,3989,1930,1,36000,3.06683937824
101289,105391,107414,4102,2023,1,36000,3.0276816609
101304,105636,107930,4332,2294,1,36000,2.88840453357
101305,105820,107034,4515,1214,1,36000,4.71911037891
101305,105704,107017,4399,1313,1,36000,4.35034272658
101309,106021,108088,4712,2067,1,36000,3.27963231737
101318,106411,108432,5093,2021,1,36000,3.52003958436
101320,106544,108506,5224,1962,1,36000,3.6625891947
101367,101374,104414,7,3040,2,7200,1.00230263158
101369,101381,101503,12,122,1,3600,1.09836065574
101547,101553,104678,6,3125,2,7200,1.00192
101586,101593,104618,7,3025,2,7200,1.00231404959
101622,101628,101940,6,312,1,3600,1.01923076923
101673,101680,104672,7,2992,2,7200,1.00233957219
101694,101701,104806,7,3105,2,7200,1.00225442834
101709,101716,104970,7,3254,2,7200,1.00215119852
101724,101730,104759,6,3029,2,7200,1.00198085177
101725,101737,104854,12,3117,2,7200,1.00384985563
101727,101742,104681,15,2939,2,7200,1.00510377679
101757,101764,102251,7,487,2,7200,1.01437371663
101799,101806,104781,7,2975,2,7200,1.00235294118
101813,101821,105044,8,3223,2,7200,1.00248215948
101828,101834,104974,6,3140,2,7200,1.00191082803
101843,101849,104965,6,3116,2,7200,1.00192554557
101844,101856,104835,12,2979,2,7200,1.00402819738
101859,101865,104981,6,3116,2,7200,1.00192554557
101874,101881,104987,7,3106,2,7200,1.00225370251
101917,101924,105104,7,3180,2,7200,1.00220125786
101932,101938,104840,6,2902,2,7200,1.00206753963
101933,101946,105082,13,3136,2,7200,1.00414540816
101934,101951,104851,17,2900,2,7200,1.00586206897
101949,101958,104988,9,3030,2,7200,1.00297029703
101964,101970,105134,6,3164,2,7200,1.00189633375
102033,102040,105267,7,3227,2,7200,1.0021691974
102078,102084,105158,6,3074,2,7200,1.00195185426
102129,102135,105370,6,3235,2,7200,1.00185471406
102211,102217,102797,6,580,1,3600,1.01034482759
102225,102232,105260,7,3028,2,7200,1.00231175694
102252,102259,105328,7,3069,2,7200,1.00228087325
102272,102279,105321,7,3042,2,7200,1.00230111769
102327,102334,105428,7,3094,2,7200,1.00226244344
102350,102358,103306,8,948,2,7200,1.00843881857
102432,102439,105566,7,3127,2,7200,1.00223856732
102541,102547,102630,6,83,1,1800,1.07228915663
102549,102556,105588,7,3032,2,7200,1.00230870712
102564,102570,105563,6,2993,2,7200,1.00200467758
102578,102590,105684,12,3094,2,7200,1.00387847447
102693,102700,105690,7,2990,2,7200,1.00234113712
102863,102871,102973,8,102,1,1800,1.07843137255
102882,102889,106064,7,3175,2,7200,1.00220472441
103099,103105,106287,6,3182,2,7200,1.00188560654
103310,103316,106531,6,3215,2,7200,1.00186625194
103469,103475,103859,6,384,1,1800,1.015625
103532,103538,106581,6,3043,2,7200,1.00197173842
103619,103625,106550,6,2925,2,7200,1.00205128205
104417,104423,107319,6,2896,2,7200,1.0020718232
104432,104440,107567,8,3127,2,7200,1.00255836265
104618,104626,107731,8,3105,2,7200,1.00257648953
104654,104661,104699,7,38,1,1800,1.18421052632
104672,104678,107869,6,3191,2,7200,1.00188028831
104687,104693,107802,6,3109,2,7200,1.00192988099
104688,104701,107872,13,3171,2,7200,1.00409965311
104761,104768,107844,7,3076,2,7200,1.0022756827
104781,104788,107959,7,3171,2,7200,1.00220750552
104808,104814,107844,6,3030,2,7200,1.00198019802
104835,104841,107969,6,3128,2,7200,1.00191815857
104850,104856,108052,6,3196,2,7200,1.00187734668
104865,104871,107939,6,3068,2,7200,1.00195567145
104867,104877,108146,10,3269,2,7200,1.00305903946
104930,104938,105014,8,76,1,1800,1.10526315789
104966,104972,108165,6,3193,2,7200,1.00187911055
104981,104988,108219,7,3231,2,7200,1.00216651192
104982,104995,108285,13,3290,2,7200,1.00395136778
104983,105000,107971,17,2971,2,7200,1.00572197913
104998,105007,107846,9,2839,2,7200,1.00317013033
105000,105012,108177,12,3165,2,7200,1.00379146919
105045,105052,108101,7,3049,2,7200,1.0022958347
105084,105091,108238,7,3147,2,7200,1.00222434064
105104,105111,108174,7,3063,2,7200,1.00228534117
105137,105143,108047,6,2904,2,7200,1.0020661157
105161,105167,108245,6,3078,2,7200,1.00194931774
105260,105271,108393,11,3122,2,7200,1.00352338245
105275,105283,108670,8,3387,2,7200,1.00236197225
105323,105330,108418,7,3088,2,7200,1.00226683938
105337,105344,108383,7,3039,2,7200,1.00230338927
105370,105377,108311,7,2934,2,7200,1.0023858214
105430,105437,108645,7,3208,2,7200,1.00218204489
105563,105569,108532,6,2963,2,7200,1.00202497469
105578,105585,108858,7,3273,2,7200,1.00213871066
105592,105599,108640,7,3041,2,7200,1.00230187438
105649,105656,105912,7,256,1,1800,1.02734375
105685,105692,108821,7,3129,2,7200,1.00223713647
105700,105711,108655,11,2944,2,7200,1.00373641304
106064,106070,109327,6,3257,2,7200,1.00184218606
106287,106294,109253,7,2959,2,7200,1.00236566408
106443,106450,106544,7,94,1,1800,1.07446808511
106531,106537,109746,6,3209,2,7200,1.00186974135
106552,106558,109697,6,3139,2,7200,1.00191143676
106582,106589,109667,7,3078,2,7200,1.00227420403
106793,106800,106922,7,122,1,1800,1.05737704918
107320,107326,110540,6,3214,2,7200,1.00186683261
107449,107456,107853,7,397,1,1800,1.01763224181
107569,107577,110815,8,3238,2,7200,1.0024706609
107732,107738,110716,6,2978,2,7200,1.00201477502
107804,107811,110795,7,2984,2,7200,1.0023458445
107834,107841,111098,7,3257,2,7200,1.00214921707
107849,107855,110965,6,3110,2,7200,1.00192926045
107850,107862,110892,12,3030,2,7200,1.00396039604
107871,107878,110900,7,3022,2,7200,1.00231634679
107886,107893,110659,7,2766,2,7200,1.0025307303
107940,107950,111085,10,3135,2,7200,1.00318979266
107961,107968,111183,7,3215,2,7200,1.00217729393
107976,107983,111231,7,3248,2,7200,1.00215517241
107977,107989,110664,12,2675,2,7200,1.00448598131
108049,108055,111273,6,3218,2,7200,1.00186451212
108064,108071,111334,7,3263,2,7200,1.00214526509
108103,108110,111274,7,3164,2,7200,1.00221238938
108148,108155,110942,7,2787,2,7200,1.00251166128
108166,108173,111109,7,2936,2,7200,1.00238419619
108181,108188,111217,7,3029,2,7200,1.00231099373
108182,108195,111243,13,3048,2,7200,1.00426509186
108221,108227,111273,6,3046,2,7200,1.00196979645
108239,108246,111440,7,3194,2,7200,1.00219160927
108254,108260,111427,6,3167,2,7200,1.00189453742
108287,108293,111232,6,2939,2,7200,1.00204151072
108311,108318,111329,7,3011,2,7200,1.00232480903
108386,108393,111500,7,3107,2,7200,1.00225297715
108400,108408,111427,8,3019,2,7200,1.00264988407
108418,108424,111708,6,3284,2,7200,1.00182704019
108533,108539,111506,6,2967,2,7200,1.00202224469
108586,109096,111072,510,1976,1,36000,1.25809716599
108587,109223,110340,636,1117,1,36000,1.56938227395
108590,109343,111284,753,1941,1,36000,1.38794435858
108594,109350,111352,756,2002,1,36000,1.37762237762
108594,109684,111677,1090,1993,1,36000,1.5469141997
108594,109409,110715,815,1306,1,36000,1.62404287902
108595,109712,111700,1117,1988,1,36000,1.56187122736
108595,109743,111792,1148,2049,1,36000,1.56027330405
108596,109763,111860,1167,2097,1,36000,1.556509299
108598,111141,112965,2543,1824,1,36000,2.39418859649
108598,111693,113013,3095,1320,1,36000,3.3446969697
108598,111604,112688,3006,1084,1,36000,3.77306273063
108601,111810,112986,3209,1176,1,36000,3.7287414966
108601,111711,113757,3110,2046,1,36000,2.52003910068
108602,112977,115130,4375,2153,1,36000,3.03204830469
108602,112700,114013,4098,1313,1,36000,4.12109672506
108604,112998,115028,4394,2030,1,36000,3.1645320197
108610,113026,114780,4416,1754,1,36000,3.51767388826
108616,113768,115669,5152,1901,1,36000,3.71015255129
108633,114024,116134,5391,2110,1,36000,3.55497630332
108642,108649,111724,7,3075,2,7200,1.00227642276
108657,108663,111850,6,3187,2,7200,1.00188264826
108659,108671,111551,12,2880,2,7200,1.00416666667
108673,108681,111978,8,3297,2,7200,1.00242644829
108821,108827,111917,6,3090,2,7200,1.00194174757
108860,108866,111903,6,3037,2,7200,1.00197563385
109065,109771,109818,706,47,1,1800,16.0212765957
109254,109261,112055,7,2794,2,7200,1.00250536865
109329,109337,112395,8,3058,2,7200,1.00261608895
109670,109677,112737,7,3060,2,7200,1.0022875817
109699,109706,110000,7,294,2,7200,1.02380952381
109747,109758,112784,11,3026,2,7200,1.00363516193
110000,110007,113067,7,3060,2,7200,1.0022875817
110064,110071,110157,7,86,1,1800,1.08139534884
110542,110549,113418,7,2869,2,7200,1.00243987452
110660,110666,113784,6,3118,2,7200,1.00192431046
110674,110681,113406,7,2725,2,7200,1.00256880734
110716,110723,113741,7,3018,2,7200,1.00231941683
110792,110799,111054,7,255,1,1800,1.02745098039
110798,110806,113977,8,3171,2,7200,1.00252286345
110815,110822,113861,7,3039,2,7200,1.00230338927
110893,110900,114019,7,3119,2,7200,1.00224430907
110908,110914,113892,6,2978,2,7200,1.00201477502
110944,110951,114185,7,3234,2,7200,1.00216450216
110965,110972,114124,7,3152,2,7200,1.00222081218
111085,111091,114160,6,3069,2,7200,1.00195503421
111100,111107,114063,7,2956,2,7200,1.00236806495
111115,111121,114067,6,2946,2,7200,1.00203665988
111184,111190,114380,6,3190,2,7200,1.00188087774
111217,111224,114422,7,3198,2,7200,1.00218886804
111232,111239,114400,7,3161,2,7200,1.00221448909
111247,111253,114218,6,2965,2,7200,1.00202360877
111248,111260,114373,12,3113,2,7200,1.00385480244
111275,111281,114218,6,2937,2,7200,1.00204290092
111276,111288,114361,12,3073,2,7200,1.00390497885
111278,111293,114133,15,2840,2,7200,1.00528169014
111329,111335,114397,6,3062,2,7200,1.00195950359
111343,111350,111667,7,317,2,7200,1.02208201893
111428,111434,114495,6,3061,2,7200,1.00196014374
111429,111441,114648,12,3207,2,7200,1.00374181478
111444,111450,114601,6,3151,2,7200,1.00190415741
111501,111507,114414,6,2907,2,7200,1.00206398349
111516,111522,114626,6,3104,2,7200,1.00193298969
111552,111559,114793,7,3234,2,7200,1.00216450216
111669,111675,114776,6,3101,2,7200,1.00193485972
111708,111718,114911,10,3193,2,7200,1.00313185092
111723,111729,114758,6,3029,2,7200,1.00198085177
111853,111860,114844,7,2984,2,7200,1.0023458445
111904,111910,115099,6,3189,2,7200,1.00188146754
111918,111925,115150,7,3225,2,7200,1.00217054264
111978,111985,115143,7,3158,2,7200,1.00221659278
112057,112064,115077,7,3013,2,7200,1.00232326585
112397,112403,115289,6,2886,2,7200,1.00207900208
112740,112746,115872,6,3126,2,7200,1.0019193858
112785,112791,115564,6,2773,2,7200,1.0021637216
113067,113075,115885,8,2810,2,7200,1.00284697509
113408,113414,115885,6,2471,2,7200,1.00242816673
113423,113429,115885,6,2456,2,7200,1.00244299674
113742,113748,115885,6,2137,2,7200,1.00280767431
113786,113793,115885,7,2092,2,7200,1.00334608031
113862,113868,115885,6,2017,2,7200,1.00297471492
113895,113901,115885,6,1984,2,7200,1.00302419355
113979,113985,115885,6,1900,2,7200,1.00315789474
114021,114030,115885,9,1855,2,7200,1.00485175202
114066,114072,115885,6,1813,2,7200,1.00330943188
114080,114086,115885,6,1799,2,7200,1.00333518621
114125,114131,115885,6,1754,2,7200,1.00342075257
114140,114150,115885,10,1735,2,7200,1.00576368876
114161,114167,115885,6,1718,2,7200,1.00349243306
114185,114191,115885,6,1694,2,7200,1.00354191263
114221,114227,115885,6,1658,2,7200,1.00361881785
114222,114235,115886,13,1651,2,7200,1.00787401575
114364,114370,115886,6,1516,2,7200,1.00395778364
114378,114384,115886,6,1502,2,7200,1.00399467377
114393,114399,115886,6,1487,2,7200,1.00403496974
114408,114414,115885,6,1471,2,7200,1.00407885792
114410,114421,115885,11,1464,2,7200,1.0075136612
114425,114431,115886,6,1455,2,7200,1.00412371134
114426,114439,115886,13,1447,2,7200,1.00898410504
114495,114501,115886,6,1385,2,7200,1.00433212996
114603,114609,115886,6,1277,2,7200,1.00469851214
114627,114633,115886,6,1253,2,7200,1.00478850758
114651,114657,115886,6,1229,2,7200,1.0048820179
114760,114766,115886,6,1120,2,7200,1.00535714286
114778,114784,115886,6,1102,2,7200,1.0054446461
114796,114802,115886,6,1084,2,7200,1.00553505535
114844,114851,115886,7,1035,2,7200,1.00676328502
114913,114920,115886,7,966,2,7200,1.00724637681
115079,115085,115886,6,801,2,7200,1.0074906367
115100,115106,115886,6,780,2,7200,1.00769230769
115145,115151,115886,6,735,2,7200,1.00816326531
115160,115166,115886,6,720,2,7200,1.00833333333
115289,115296,115886,7,590,2,7200,1.01186440678
115315,115322,288165,7,172843,1,172800,1.00004049918
115567,115574,115886,7,312,2,7200,1.02243589744
115876,115882,115886,6,4,2,7200,1.0
116176,116183,117214,7,1031,1,36000,1.00678952473
116180,116289,118212,109,1923,1,36000,1.05668226729
116181,116329,117769,148,1440,1,36000,1.10277777778
116181,116497,118216,316,1719,1,36000,1.18382780686
116183,116545,117705,362,1160,1,36000,1.31206896552
116185,116936,119010,751,2074,1,36000,1.36210221794
116187,117046,118155,859,1109,1,36000,1.7745716862
116187,117075,118160,888,1085,1,36000,1.81843317972
116188,117081,118794,893,1713,1,36000,1.5213076474
116222,117225,119256,1003,2031,1,36000,1.49384539636
116226,117708,119623,1482,1915,1,36000,1.77389033943
116228,117717,119712,1489,1995,1,36000,1.74636591479
116250,117781,119809,1531,2028,1,36000,1.75493096647
116254,118011,120032,1757,2021,1,36000,1.86937159822
116255,119639,120588,3384,949,1,36000,4.56585879874
116258,125748,127752,9490,2004,1,36000,5.73552894212
116561,116567,119665,6,3098,2,7200,1.00193673338
116562,116573,119719,11,3146,2,7200,1.0034965035
116564,116579,119573,15,2994,2,7200,1.00501002004
116565,116584,118896,19,2312,2,7200,1.00821799308
116566,116590,119599,24,3009,2,7200,1.00797607178
116568,116595,119690,27,3095,2,7200,1.00872374798
116569,116601,119591,32,2990,2,7200,1.01070234114
116570,116607,119969,37,3362,2,7200,1.01100535396
116572,116612,119744,40,3132,2,7200,1.01277139208
116573,116617,119601,44,2984,2,7200,1.01474530831
116575,116622,119912,47,3290,2,7200,1.01428571429
116576,116628,119632,52,3004,2,7200,1.017310253
116577,116633,119637,56,3004,2,7200,1.01864181092
116579,116638,119799,59,3161,2,7200,1.01866497944
116580,116644,119811,64,3167,2,7200,1.02020839912
116581,116649,119690,68,3041,2,7200,1.02236106544
116583,116654,119875,71,3221,2,7200,1.02204284384
116584,116660,119726,76,3066,2,7200,1.02478799739
116586,116665,119848,79,3183,2,7200,1.02481935281
116587,116670,119714,83,3044,2,7200,1.02726675427
116588,116676,119990,88,3314,2,7200,1.02655401328
116590,116681,119675,91,2994,2,7200,1.03039412158
116591,116686,119640,95,2954,2,7200,1.03215978334
116592,116691,119961,99,3270,2,7200,1.03027522936
116594,116697,119586,103,2889,2,7200,1.0356524749
116595,116702,119611,107,2909,2,7200,1.03678239945
116597,116708,119667,111,2959,2,7200,1.0375126732
116598,116714,119452,116,2738,2,7200,1.04236669102
116600,116719,119873,119,3154,2,7200,1.03772986684
116601,116724,119933,123,3209,2,7200,1.03832969773
116602,116730,119714,128,2984,2,7200,1.04289544236
116604,116735,119820,131,3085,2,7200,1.04246353323
116605,116740,120070,135,3330,2,7200,1.04054054054
116607,116745,119365,138,2620,2,7200,1.05267175573
116608,116751,119730,143,2979,2,7200,1.04800268546
116609,116756,119781,147,3025,2,7200,1.04859504132
116611,116763,119339,152,2576,2,7200,1.05900621118
116612,116768,119595,156,2827,2,7200,1.05518217191
116614,116773,119819,159,3046,2,7200,1.05219960604
116615,116778,119206,163,2428,2,7200,1.06713344316
117912,118167,125660,255,7493,2,21600,1.03403176298
117996,118003,118004,7,1,1,900,1.0
118248,118254,125081,6,6827,2,21600,1.00087886334
118514,118520,124839,6,6319,2,21600,1.00094951733
118897,118904,121788,7,2884,2,7200,1.00242718447
119207,119214,122373,7,3159,2,7200,1.0022158911
119272,119278,119289,6,11,4,10800,1.54545454545
119294,119300,148207,6,28907,4,28800,1.00020756218
119342,119348,122215,6,2867,2,7200,1.00209277991
119366,119372,122532,6,3160,2,7200,1.00189873418
119453,119459,122437,6,2978,2,7200,1.00201477502
119573,119579,122798,6,3219,2,7200,1.0018639329
119588,119595,122723,7,3128,2,7200,1.00223785166
119603,119609,122619,6,3010,2,7200,1.00199335548
119604,119616,122469,12,2853,2,7200,1.00420609884
119605,119621,121985,16,2364,2,7200,1.00676818951
119607,119626,122872,19,3246,2,7200,1.00585335798
119621,119632,122897,11,3265,2,7200,1.00336906585
119636,119647,122961,11,3314,2,7200,1.00331925166
119651,119658,122848,7,3190,2,7200,1.00219435737
119652,119664,122805,12,3141,2,7200,1.00382043935
119667,119674,122823,7,3149,2,7200,1.00222292791
119669,119681,122803,12,3122,2,7200,1.00384368994
119684,119690,122917,6,3227,2,7200,1.00185931205
119698,119704,122346,6,2642,2,7200,1.00227100681
119700,119711,122741,11,3030,2,7200,1.00363036304
119714,119721,122353,7,2632,2,7200,1.00265957447
119729,119736,123057,7,3321,2,7200,1.00210779886
119731,119743,122669,12,2926,2,7200,1.004101162
119732,119748,122831,16,3083,2,7200,1.00518975024
119747,119754,122766,7,3012,2,7200,1.00232403718
119748,119759,122852,11,3093,2,7200,1.00355641772
119774,119781,126167,7,6386,2,21600,1.00109614782
119781,119787,123192,6,3405,2,7200,1.00176211454
119799,119805,123013,6,3208,2,7200,1.00187032419
119814,119820,122977,6,3157,2,7200,1.00190053849
119828,119836,122804,8,2968,2,7200,1.00269541779
119830,119842,123023,12,3181,2,7200,1.00377239862
119851,119857,122797,6,2940,2,7200,1.00204081633
119874,119881,122336,7,2455,2,7200,1.00285132383
119889,119895,122538,6,2643,2,7200,1.00227014756
119913,119920,122928,7,3008,2,7200,1.00232712766
119934,119940,122433,6,2493,2,7200,1.00240673887
119963,119970,122781,7,2811,2,7200,1.002490217
119978,119984,122674,6,2690,2,7200,1.00223048327
119993,120000,122695,7,2695,2,7200,1.0025974026
120071,120081,123269,10,3188,2,7200,1.00313676286
120533,120808,128016,275,7208,3,7200,1.03815205327
121273,137940,209978,16667,72038,3,72000,1.23136400233
121308,138057,209657,16749,71600,3,71580,1.23392458101
121380,128474,130643,7094,2169,25,7199,4.27063162748
121459,138805,214079,17346,75274,3,75240,1.23043813269
121488,136261,210387,14773,74126,6,345600,1.19929579365
121545,136266,209253,14721,72987,6,345600,1.20169345226
121790,121796,125058,6,3262,2,7200,1.00183936235
121988,121994,125087,6,3093,2,7200,1.00193986421
122217,122223,125516,6,3293,2,7200,1.00182204677
122337,122343,125168,6,2825,2,7200,1.00212389381
122352,122357,125263,5,2906,2,7200,1.00172057811
122366,122372,125243,6,2871,2,7200,1.00208986416
122381,122387,125648,6,3261,2,7200,1.0018399264
122435,122443,125034,8,2591,2,7200,1.00308761096
122450,122457,125677,7,3220,2,7200,1.00217391304
122471,122477,125262,6,2785,2,7200,1.00215439856
122534,122540,125374,6,2834,2,7200,1.00211714891
122548,122556,125738,8,3182,2,7200,1.00251414205
122620,122626,125382,6,2756,2,7200,1.00217706821
122671,122677,125709,6,3032,2,7200,1.00197889182
122673,122684,125951,11,3267,2,7200,1.00336700337
122693,122701,125737,8,3036,2,7200,1.00263504611
122719,125093,125621,2374,528,2,21600,5.49621212121
122726,122732,125822,6,3090,2,7200,1.00194174757
122744,122751,125730,7,2979,2,7200,1.00234978181
122767,122774,125954,7,3180,2,7200,1.00220125786
122782,122788,125645,6,2857,2,7200,1.00210010501
122797,122804,125896,7,3092,2,7200,1.00226390686
122812,122818,126015,6,3197,2,7200,1.00187675946
122813,122824,125777,11,2953,2,7200,1.0037250254
122814,122830,125862,16,3032,2,7200,1.00527704485
122816,122835,125836,19,3001,2,7200,1.00633122293
122830,122842,125915,12,3073,2,7200,1.00390497885
122845,122851,126216,6,3365,2,7200,1.00178306092
122859,137288,141318,14429,4030,6,345600,4.58039702233
122860,122865,125352,5,2487,2,7200,1.00201045436
122861,122871,126022,10,3151,2,7200,1.00317359568
122876,122882,125771,6,2889,2,7200,1.0020768432
122899,122906,125696,7,2790,2,7200,1.00250896057
122917,122923,126167,6,3244,2,7200,1.00184956843
122932,122938,125962,6,3024,2,7200,1.00198412698
122962,122968,125589,6,2621,2,7200,1.00228920259
122979,122986,126023,7,3037,2,7200,1.00230490616
123007,123395,124795,388,1400,64,36000,1.27714285714
123015,123021,125978,6,2957,2,7200,1.00202908353
123030,123036,126177,6,3141,2,7200,1.00191021968
123057,123063,126098,6,3035,2,7200,1.00197693575
123195,123201,126308,6,3107,2,7200,1.00193112327
123270,123276,126454,6,3178,2,7200,1.00188797986
124487,128489,130327,4002,1838,16,1800,3.17736670294
124760,138832,138858,14072,26,1,540000,542.230769231
124796,124807,124826,11,19,64,36000,1.57894736842
124842,138862,138888,14020,26,1,540000,540.230769231
124943,125742,135154,799,9412,64,36000,1.08489162771
125035,125041,128009,6,2968,2,7200,1.00202156334
125058,125064,128331,6,3267,2,7200,1.00183654729
125088,125100,128003,12,2903,2,7200,1.00413365484
125169,125179,128313,10,3134,2,7200,1.00319081047
125180,125186,125204,6,18,3,300,1.33333333333
125244,125255,128558,11,3303,2,7200,1.00333030578
125265,125273,128386,8,3113,2,7200,1.00256986829
125266,125280,128236,14,2956,2,7200,1.00473612991
125353,125363,128663,10,3300,2,7200,1.00303030303
125377,125383,128563,6,3180,2,7200,1.00188679245
125392,125398,128649,6,3251,2,7200,1.00184558597
125401,164139,362154,38738,198015,4,216000,1.19563164407
125518,125525,128629,7,3104,2,7200,1.00225515464
125590,125596,128673,6,3077,2,7200,1.00194995125
125647,125653,128386,6,2733,2,7200,1.00219538968
125661,125667,128813,6,3146,2,7200,1.00190718373
125679,125686,128939,7,3253,2,7200,1.00215185982
125697,125704,128789,7,3085,2,7200,1.00226904376
125712,125719,128611,7,2892,2,7200,1.00242047026
125730,125736,129070,6,3334,2,7200,1.00179964007
125745,125754,128828,9,3074,2,7200,1.00292778139
125746,125760,128659,14,2899,2,7200,1.00482925147
125773,125779,128810,6,3031,2,7200,1.0019795447
125787,125794,128623,7,2829,2,7200,1.00247437257
125823,125830,128565,7,2735,2,7200,1.00255941499
125838,125847,128979,9,3132,2,7200,1.00287356322
125865,125873,128938,8,3065,2,7200,1.00261011419
125898,125907,128940,9,3033,2,7200,1.00296735905
125915,125926,129152,11,3226,2,7200,1.00340979541
125954,125962,129108,8,3146,2,7200,1.00254291163
125955,125968,128756,13,2788,2,7200,1.00466284075
125969,125975,125993,6,18,3,300,1.33333333333
125970,125981,129245,11,3264,2,7200,1.00337009804
125985,125991,129061,6,3070,2,7200,1.00195439739
126000,126007,126940,7,933,1,3600,1.00750267953
126015,126028,129240,13,3212,2,7200,1.00404732254
126030,126037,129073,7,3036,2,7200,1.00230566535
126032,126043,128629,11,2586,2,7200,1.00425367363
126101,126109,129231,8,3122,2,7200,1.00256245996
126170,126179,129260,9,3081,2,7200,1.0029211295
126184,126191,128759,7,2568,2,7200,1.0027258567
126217,126228,129492,11,3264,2,7200,1.00337009804
126300,126306,126321,6,15,3,300,1.4
126310,126320,129211,10,2891,2,7200,1.00345901072
126350,126356,126370,6,14,3,300,1.42857142857
126455,126466,129679,11,3213,2,7200,1.00342359166
126644,126650,126665,6,15,3,300,1.4
126859,126865,126880,6,15,3,300,1.4
126887,128020,131647,1133,3627,5,3600,1.3123793769
126888,128576,132217,1688,3641,5,3600,1.46360889865
126888,128343,131989,1455,3646,5,3600,1.3990674712
126889,128634,132240,1745,3606,5,3600,1.48391569606
126889,128660,132306,1771,3646,5,3600,1.48573779484
126890,128674,132320,1784,3646,5,3600,1.48930334613
126890,128770,132379,1880,3609,5,3600,1.52091992242
126891,128821,132467,1930,3646,5,3600,1.52934722984
126891,128949,132558,2058,3609,5,3600,1.57024106401
126891,128955,132576,2064,3621,5,3600,1.570008285
126892,129082,132728,2190,3646,5,3600,1.60065825562
126892,129120,132741,2228,3621,5,3600,1.61529964098
126893,129242,132846,2349,3604,5,3600,1.65177580466
126893,129257,132874,2364,3617,5,3600,1.65358031518
126894,130660,134285,3766,3625,5,3600,2.03889655172
126894,129690,133336,2796,3646,5,3600,1.76686780033
126895,131658,135292,4763,3634,5,3600,2.31067694001
126895,130793,134401,3898,3608,5,3600,2.08037694013
126896,132252,135885,5356,3633,5,3600,2.47426369392
126896,132228,135862,5332,3634,5,3600,2.46725371491
126896,132001,135634,5105,3633,5,3600,2.40517478668
126897,132334,135965,5437,3631,5,3600,2.49738364087
126897,132317,135951,5420,3634,5,3600,2.49146945515
126898,132391,136024,5493,3633,5,3600,2.51197357556
126898,132478,136112,5580,3634,5,3600,2.53549807375
126899,132587,136221,5688,3634,5,3600,2.5652173913
126899,132569,136203,5670,3634,5,3600,2.56026417171
126900,132753,136386,5853,3633,5,3600,2.61106523534
126900,132740,136373,5840,3633,5,3600,2.60748692541
126901,132885,136519,5984,3634,5,3600,2.64667033572
126901,132857,136491,5956,3634,5,3600,2.63896532746
126902,134413,138046,7511,3633,5,3600,3.06743737958
126902,134296,137929,7394,3633,5,3600,3.03523259015
126902,133347,136981,6445,3634,5,3600,2.77352779307
126903,135181,138794,8278,3613,5,3600,3.29117077221
126903,135186,138802,8283,3616,5,3600,3.29065265487
126904,135303,138922,8399,3619,5,3600,3.32080685272
126904,135191,138810,8287,3619,5,3600,3.28985907709
126905,135529,139163,8624,3634,5,3600,3.37314254265
126905,135535,139162,8630,3627,5,3600,3.37937689551
126906,135540,139150,8634,3610,5,3600,3.39168975069
126906,135645,139291,8739,3646,5,3600,3.39687328579
127006,138826,139156,11820,330,2,21600,36.8181818182
127076,127082,127096,6,14,3,300,1.42857142857
127108,139180,140102,12072,922,6,14400,14.0932754881
127250,127257,127271,7,14,3,300,1.5
127297,127303,127318,6,15,3,300,1.4
127349,127355,127370,6,15,3,300,1.4
127901,127907,127923,6,16,3,300,1.375
128005,128247,130782,242,2535,2,7200,1.09546351085
128020,128398,130782,378,2384,2,7200,1.15855704698
128114,128120,128178,6,58,3,300,1.10344827586
128237,130687,130782,2450,95,2,7200,26.7894736842
128732,130665,130675,1933,10,3,300,194.3
128748,130692,131234,1944,542,1,5400,4.58671586716
128887,138821,210852,9934,72031,3,72000,1.13791284308
129821,135165,136250,5344,1085,16,36000,5.92534562212
130051,138856,200102,8805,61246,3,61200,1.14376449074
130069,135170,135513,5101,343,16,36000,15.8717201166
130091,138933,140785,8842,1852,2,21600,5.77429805616
130900,131244,134376,344,3132,2,7200,1.1098339719
130901,134388,137277,3487,2889,2,7200,2.20699203877
130903,135651,138723,4748,3072,2,7200,2.54557291667
130904,135875,139096,4971,3221,2,7200,2.5433095312
130905,135880,139182,4975,3302,2,7200,2.50666262871
130907,135897,138976,4990,3079,2,7200,2.62065605716
130908,135902,139113,4994,3211,2,7200,2.55527872937
130909,135907,139108,4998,3201,2,7200,2.56138706654
130911,135963,139089,5052,3126,2,7200,2.61612284069
130912,135968,138911,5056,2943,2,7200,2.71797485559
130913,135977,139184,5064,3207,2,7200,2.57904583723
130914,135982,138925,5068,2943,2,7200,2.72205232756
130916,135987,139085,5071,3098,2,7200,2.63686249193
130917,136037,139249,5120,3212,2,7200,2.59402241594
130918,136042,139090,5124,3048,2,7200,2.6811023622
130920,136124,139263,5204,3139,2,7200,2.65785281937
130921,136129,139401,5208,3272,2,7200,2.59168704156
130922,136134,139166,5212,3032,2,7200,2.71899736148
130924,136214,139250,5290,3036,2,7200,2.74242424242
130925,136219,139318,5294,3099,2,7200,2.70829299774
130926,136233,139330,5307,3097,2,7200,2.71359380045
130928,136238,139340,5310,3102,2,7200,2.71179883946
130929,136243,139285,5314,3042,2,7200,2.74687705457
130930,136386,139155,5456,2769,2,7200,2.97038642109
130932,136391,139487,5459,3096,2,7200,2.76324289406
130933,136398,139294,5465,2896,2,7200,2.88708563536
130934,136403,139226,5469,2823,2,7200,2.93730074389
130936,136408,139646,5472,3238,2,7200,2.68993205683
130937,136505,139459,5568,2954,2,7200,2.88490182803
130938,136510,139618,5572,3108,2,7200,2.79279279279
130940,136530,139726,5590,3196,2,7200,2.74906132666
130941,136536,139471,5595,2935,2,7200,2.9063032368
130942,136541,139592,5599,3051,2,7200,2.83513602098
130944,136992,139764,6048,2772,2,7200,3.18181818182
130945,136998,140020,6053,3022,2,7200,3.00297816016
130946,137945,140952,6999,3007,2,7200,3.32756900565
130948,138062,141165,7114,3103,2,7200,3.29262004512
130949,138735,141282,7786,2547,2,7200,4.05692972124
130950,138867,141892,7917,3025,2,7200,3.61719008264
130951,138873,141288,7922,2415,2,7200,4.28033126294
132141,136272,136280,4131,8,3,300,413.9
132759,139161,141071,6402,1910,4,3600,4.35183246073
133589,152457,210097,18868,57640,2,57600,1.32734212353
134378,138922,141842,4544,2920,2,7200,2.55616438356
134524,135176,141946,652,6770,16,36000,1.09630723781
134791,164129,169094,29338,4965,2,57600,6.90896273917
135479,135524,135528,45,4,2,3600,4.9
136129,140231,144766,4102,4535,1,18000,1.90452039691
136265,139168,140219,2903,1051,2,21600,3.76213130352
136491,136498,136504,7,6,3,300,1.3
136592,136598,136605,6,7,3,300,1.3
136891,136898,136904,7,6,3,300,1.3
137281,138939,141926,1658,2987,2,7200,1.55507197857
137528,138813,138845,1285,32,6,345600,41.15625
137705,139185,141095,1480,1910,4,3600,1.77486910995
138610,164144,165628,25534,1484,2,21600,18.2061994609
138723,138944,142269,221,3325,2,7200,1.06646616541
138886,161779,163692,22893,1913,64,36000,12.9670674334
138913,138989,141915,76,2926,2,7200,1.02597402597
138928,138950,141872,22,2922,2,7200,1.00752908966
138978,139097,142183,119,3086,2,7200,1.03856124433
139086,139103,142346,17,3243,2,7200,1.00524205982
139102,139109,141647,7,2538,2,7200,1.00275807723
139103,139115,142037,12,2922,2,7200,1.00410677618
139104,139121,142161,17,3040,2,7200,1.00559210526
139119,139128,142035,9,2907,2,7200,1.00309597523
139120,139173,142197,53,3024,2,7200,1.01752645503
139149,164134,208018,24985,43884,3,65100,1.56934190138
139156,139190,142501,34,3311,2,7200,1.01026880097
139171,139197,142270,26,3073,2,7200,1.0084607875
139186,139202,142016,16,2814,2,7200,1.00568585643
139187,139237,142228,50,2991,2,7200,1.01671681712
139226,139260,142392,34,3132,2,7200,1.01085568327
139251,139267,141824,16,2557,2,7200,1.00625733281
139252,139274,142396,22,3122,2,7200,1.00704676489
139268,139297,142457,29,3160,2,7200,1.00917721519
139286,139303,142354,17,3051,2,7200,1.00557194363
139301,139311,142501,10,3190,2,7200,1.00313479624
139319,139326,142262,7,2936,2,7200,1.00238419619
139334,139340,142555,6,3215,2,7200,1.00186625194
139349,139355,142299,6,2944,2,7200,1.00203804348
139352,152545,154654,13193,2109,6,345600,7.25557136083
139404,139410,142706,6,3296,2,7200,1.00182038835
139461,139467,142045,6,2578,2,7200,1.00232738557
139477,139483,142579,6,3096,2,7200,1.0019379845
139492,139499,142012,7,2513,2,7200,1.00278551532
139592,139599,142489,7,2890,2,7200,1.00242214533
139620,139626,142421,6,2795,2,7200,1.00214669052
139647,139654,142232,7,2578,2,7200,1.00271528317
139704,163724,170458,24020,6734,6,172800,4.56697356697
139730,139736,142903,6,3167,2,7200,1.00189453742
139766,139772,142775,6,3003,2,7200,1.001998002
140023,140029,143320,6,3291,2,7200,1.00182315406
140176,164150,165383,23974,1233,2,21600,20.4436334144
140812,163736,230169,22924,66433,6,345600,1.34506946849
140955,140961,144064,6,3103,2,7200,1.00193361263
141165,141172,144176,7,3004,2,7200,1.00233022636
141282,141289,144329,7,3040,2,7200,1.00230263158
141297,141303,144248,6,2945,2,7200,1.00203735144
141386,141393,141394,7,1,3,1800,1.0
141546,163742,168646,22196,4904,6,345600,5.52610114192
141649,141655,144397,6,2742,2,7200,1.00218818381
141768,141775,141777,7,2,3,1800,1.0
141777,168722,168724,26945,2,1,432000,2694.7
141826,141832,144976,6,3144,2,7200,1.00190839695
141844,141851,144848,7,2997,2,7200,1.002335669
141874,141880,144994,6,3114,2,7200,1.00192678227
141895,141901,144972,6,3071,2,7200,1.00195376099
141901,144191,146802,2290,2611,25,7199,1.87705859824
141918,141924,145180,6,3256,2,7200,1.00184275184
141919,141932,141934,13,2,3,1800,1.5
141933,141939,144297,6,2358,2,7200,1.00254452926
142014,142020,145020,6,3000,2,7200,1.002
142028,142036,145037,8,3001,2,7200,1.00266577807
142043,142049,145138,6,3089,2,7200,1.00194237617
142045,142056,144997,11,2941,2,7200,1.00374022441
142059,142065,145147,6,3082,2,7200,1.0019467878
142164,142170,145221,6,3051,2,7200,1.00196656834
142185,142192,145178,7,2986,2,7200,1.00234427328
142200,142206,145427,6,3221,2,7200,1.00186277554
142230,142236,145461,6,3225,2,7200,1.00186046512
142244,142252,145304,8,3052,2,7200,1.00262123198
142262,142269,145387,7,3118,2,7200,1.00224502886
142277,142284,145452,7,3168,2,7200,1.00220959596
142278,142291,145399,13,3108,2,7200,1.00418275418
142302,142309,145303,7,2994,2,7200,1.00233800935
142347,142353,145640,6,3287,2,7200,1.00182537268
142362,142369,145506,7,3137,2,7200,1.0022314313
142395,142401,145609,6,3208,2,7200,1.00187032419
142409,142415,145132,6,2717,2,7200,1.002208318
142424,142430,145520,6,3090,2,7200,1.00194174757
142460,142466,145199,6,2733,2,7200,1.00219538968
142490,142497,145871,7,3374,2,7200,1.0020746888
142504,142511,144983,7,2472,2,7200,1.00283171521
142506,142517,145712,11,3195,2,7200,1.0034428795
142557,142563,145732,6,3169,2,7200,1.00189334175
142580,142587,145622,7,3035,2,7200,1.00230642504
142656,144264,145246,1608,982,2,14400,2.63747454175
142707,142713,145689,6,2976,2,7200,1.00201612903
142712,142720,142722,8,2,3,1800,1.0
142776,142782,146118,6,3336,2,7200,1.00179856115
142905,142912,145975,7,3063,2,7200,1.00228534117
142973,142979,142981,6,2,3,1800,1.0
143323,143329,146144,6,2815,2,7200,1.00213143872
143356,143362,143365,6,3,21,600,1.0
143456,143462,143463,6,1,3,1800,1.0
143546,143552,143559,6,7,21,600,1.3
143552,163709,199734,20157,36025,16,36000,1.55952810548
143855,143861,143863,6,2,3,1800,1.0
144067,144074,147241,7,3167,2,7200,1.00221029365
144158,144343,145711,185,1368,2,14400,1.13523391813
144178,144185,147130,7,2945,2,7200,1.00237691002
144250,144256,146993,6,2737,2,7200,1.00219218122
144298,144304,147408,6,3104,2,7200,1.00193298969
144330,144336,147611,6,3275,2,7200,1.00183206107
144399,144405,147406,6,3001,2,7200,1.00199933356
144500,144777,144780,277,3,3,1800,28.0
144534,163714,199755,19180,36041,16,36000,1.53217169335
144851,144857,147973,6,3116,2,7200,1.00192554557
144973,144981,147724,8,2743,2,7200,1.00291651476
144988,144995,148371,7,3376,2,7200,1.00207345972
144990,145001,148240,11,3239,2,7200,1.00339610991
145004,145011,147869,7,2858,2,7200,1.00244926522
145006,145018,148070,12,3052,2,7200,1.00393184797
145021,145027,148163,6,3136,2,7200,1.00191326531
145038,145044,148362,6,3318,2,7200,1.00180831826
145098,164155,172993,19057,8838,4,36000,3.15625707174
145107,164160,166792,19053,2632,4,36000,8.23898176292
145128,164166,171747,19038,7581,4,36000,3.51127819549
145134,145141,148468,7,3327,2,7200,1.0021039976
145135,166803,169463,21668,2660,4,36000,9.14586466165
145145,168658,187900,23513,19242,4,36000,2.22196237397
145149,145155,148414,6,3259,2,7200,1.00184105554
145150,145162,148359,12,3197,2,7200,1.00375351892
145181,145187,148306,6,3119,2,7200,1.00192369349
145182,145195,148039,13,2844,2,7200,1.00457102672
145182,168664,175098,23482,6434,4,36000,4.64967360895
145191,169474,176515,24283,7041,4,36000,4.44879988638
145203,145209,148224,6,3015,2,7200,1.00199004975
145223,145230,148181,7,2951,2,7200,1.00237207726
145304,145311,148566,7,3255,2,7200,1.00215053763
145306,145317,148507,11,3190,2,7200,1.00344827586
145390,145396,148085,6,2689,2,7200,1.00223131276
145404,145410,148305,6,2895,2,7200,1.00207253886
145428,145434,148307,6,2873,2,7200,1.00208840933
145455,145461,148539,6,3078,2,7200,1.00194931774
145470,145476,148090,6,2614,2,7200,1.00229533282
145509,145515,148787,6,3272,2,7200,1.00183374083
145523,145531,148584,8,3053,2,7200,1.0026203734
145560,168742,203201,23182,34459,1,54000,1.67274151891
145610,145617,148541,7,2924,2,7200,1.00239398085
145625,145636,148978,11,3342,2,7200,1.00329144225
145643,145649,148907,6,3258,2,7200,1.00184162063
145675,146819,146841,1144,22,3,1800,53.0
145691,145697,149014,6,3317,2,7200,1.00180886343
145714,145720,148892,6,3172,2,7200,1.00189155107
145732,145738,148745,6,3007,2,7200,1.0019953442
145873,145880,149204,7,3324,2,7200,1.00210589651
145976,145982,149019,6,3037,2,7200,1.00197563385
146099,146814,148337,715,1523,2,14400,1.46946815496
146120,146126,149282,6,3156,2,7200,1.00190114068
146144,146150,149397,6,3247,2,7200,1.00184785956
146806,170468,172857,23662,2389,4,36000,10.9045625785
146831,171732,172871,24901,1139,4,36000,22.8621597893
146850,171737,174677,24887,2940,4,36000,9.46496598639
146996,147002,149904,6,2902,2,7200,1.00206753963
147121,147127,148430,6,1303,3,1800,1.00460475825
147131,147137,150170,6,3033,2,7200,1.00197823937
147242,147249,150223,7,2974,2,7200,1.00235373235
147408,147415,149892,7,2477,2,7200,1.00282599919
147422,147428,150598,6,3170,2,7200,1.00189274448
147612,147618,150871,6,3253,2,7200,1.00184445128
147726,147732,150227,6,2495,2,7200,1.00240480962
147870,147876,150669,6,2793,2,7200,1.00214822771
147975,147981,150986,6,3005,2,7200,1.00199667221
148042,148048,151139,6,3091,2,7200,1.00194111938
148072,148078,151326,6,3248,2,7200,1.00184729064
148086,148093,151207,7,3114,2,7200,1.00224791265
148096,150237,152534,2141,2297,25,3599,1.93208532869
148101,148110,150935,9,2825,2,7200,1.00318584071
148152,165400,166986,17248,1586,2,14400,11.8751576293
148164,148171,151357,7,3186,2,7200,1.00219711237
148182,148188,151177,6,2989,2,7200,1.00200736032
148226,148233,150787,7,2554,2,7200,1.00274079875
148241,148247,151186,6,2939,2,7200,1.00204151072
148307,148313,151452,6,3139,2,7200,1.00191143676
148309,148320,151321,11,3001,2,7200,1.00366544485
148310,148325,151414,15,3089,2,7200,1.00485594043
148361,148367,150887,6,2520,2,7200,1.00238095238
148376,148383,151513,7,3130,2,7200,1.00223642173
148377,148390,151543,13,3153,2,7200,1.00412305741
148416,148422,151141,6,2719,2,7200,1.00220669364
148470,148477,151403,7,2926,2,7200,1.0023923445
148509,148515,151647,6,3132,2,7200,1.00191570881
148516,171748,209726,23232,37978,8,43200,1.61172257623
148538,148545,151511,7,2966,2,7200,1.00236008092
148555,148561,151989,6,3428,2,7200,1.00175029172
148569,148576,151556,7,2980,2,7200,1.00234899329
148584,148590,151458,6,2868,2,7200,1.00209205021
148746,148753,151785,7,3032,2,7200,1.00230870712
148788,148794,151996,6,3202,2,7200,1.00187382886
148893,148901,152153,8,3252,2,7200,1.0024600246
148908,148914,152108,6,3194,2,7200,1.00187852223
148980,148986,151881,6,2895,2,7200,1.00207253886
149016,149023,152007,7,2984,2,7200,1.0023458445
149030,149037,151385,7,2348,2,7200,1.00298126065
149205,149211,151945,6,2734,2,7200,1.00219458669
149283,149289,152416,6,3127,2,7200,1.00191877199
149397,149404,151928,7,2524,2,7200,1.00277337559
149894,149900,153081,6,3181,2,7200,1.00188619931
149909,149916,152428,7,2512,2,7200,1.0027866242
150171,150177,153356,6,3179,2,7200,1.00188738597
150225,150231,153027,6,2796,2,7200,1.00214592275
150239,150246,153334,7,3088,2,7200,1.00226683938
150600,150607,153676,7,3069,2,7200,1.00228087325
150662,152551,154460,1889,1909,4,3600,1.98952331063
150669,150676,154020,7,3344,2,7200,1.00209330144
150681,152556,154466,1875,1910,4,3600,1.98167539267
150723,169105,169334,18382,229,2,14400,81.2707423581
150758,152561,154470,1803,1909,4,3600,1.94447354636
150772,163703,170820,12931,7117,32,21600,2.81691724041
150789,150795,153967,6,3172,2,7200,1.00189155107
150873,150880,154021,7,3141,2,7200,1.00222858962
150888,150894,153783,6,2889,2,7200,1.0020768432
150936,150943,154058,7,3115,2,7200,1.00224719101
150987,150993,153959,6,2966,2,7200,1.0020229265
151140,151146,153912,6,2766,2,7200,1.0021691974
151155,151161,154189,6,3028,2,7200,1.00198150594
151179,151186,154295,7,3109,2,7200,1.00225152782
151193,151200,154063,7,2863,2,7200,1.00244498778
151208,151215,153933,7,2718,2,7200,1.00257542311
151322,151328,154526,6,3198,2,7200,1.00187617261
151337,151343,154366,6,3023,2,7200,1.00198478333
151358,151365,154625,7,3260,2,7200,1.00214723926
151388,151395,154245,7,2850,2,7200,1.00245614035
151405,151411,154581,6,3170,2,7200,1.00189274448
151420,151427,154312,7,2885,2,7200,1.00242634315
151453,151459,154582,6,3123,2,7200,1.00192122959
151467,151474,154260,7,2786,2,7200,1.00251256281
151513,151519,154688,6,3169,2,7200,1.00189334175
151527,151534,154769,7,3235,2,7200,1.00216383308
151545,151551,154482,6,2931,2,7200,1.00204708291
151560,151567,154219,7,2652,2,7200,1.00263951735
151650,151656,154448,6,2792,2,7200,1.00214899713
151788,151794,154486,6,2692,2,7200,1.00222882615
151878,151884,155134,6,3250,2,7200,1.00184615385
151929,151936,154696,7,2760,2,7200,1.00253623188
151947,151954,155125,7,3171,2,7200,1.00220750552
151989,151996,154989,7,2993,2,7200,1.00233879051
152003,152010,155141,7,3131,2,7200,1.00223570744
152018,152024,154725,6,2701,2,7200,1.00222139948
152111,152118,155097,7,2979,2,7200,1.00234978181
152153,152160,154695,7,2535,2,7200,1.00276134122
152418,152424,155571,6,3147,2,7200,1.00190657769
152432,152439,155414,7,2975,2,7200,1.00235294118
152591,172994,364511,20403,191517,4,216000,1.10653362365
152708,161784,164118,9076,2334,25,7199,4.88860325621
153028,153035,156161,7,3126,2,7200,1.00223928343
153082,153089,156183,7,3094,2,7200,1.00226244344
153335,153342,156168,7,2826,2,7200,1.00247699929
153359,153365,156732,6,3367,2,7200,1.00178200178
153581,170474,170476,16893,2,1,432000,1689.5
153677,153684,156475,7,2791,2,7200,1.00250806163
153783,153789,157021,6,3232,2,7200,1.00185643564
153915,153922,157066,7,3144,2,7200,1.0022264631
153935,153942,157051,7,3109,2,7200,1.00225152782
153959,153965,157277,6,3312,2,7200,1.0018115942
153974,153980,157206,6,3226,2,7200,1.00185988841
154022,154028,157147,6,3119,2,7200,1.00192369349
154023,154036,157024,13,2988,2,7200,1.00435073628
154059,154065,156882,6,2817,2,7200,1.00212992545
154074,154080,157268,6,3188,2,7200,1.00188205772
154192,154199,157289,7,3090,2,7200,1.00226537217
154222,154228,157186,6,2958,2,7200,1.00202839757
154245,154251,157454,6,3203,2,7200,1.00187324383
154263,154269,157639,6,3370,2,7200,1.00178041543
154296,154303,157456,7,3153,2,7200,1.00222010783
154314,154321,157170,7,2849,2,7200,1.00245700246
154368,154374,157193,6,2819,2,7200,1.00212841433
154449,154455,157499,6,3044,2,7200,1.00197109067
154482,154488,157722,6,3234,2,7200,1.00185528757
154496,154503,157729,7,3226,2,7200,1.00216986981
154526,154533,157458,7,2925,2,7200,1.00239316239
154584,154591,157812,7,3221,2,7200,1.00217323812
154585,154598,157993,13,3395,2,7200,1.00382916053
154627,154633,157750,6,3117,2,7200,1.00192492782
154690,154697,157615,7,2918,2,7200,1.00239890336
154705,154711,157733,6,3022,2,7200,1.00198544011
154706,154717,157410,11,2693,2,7200,1.00408466394
154727,154734,157901,7,3167,2,7200,1.00221029365
154772,154778,158050,6,3272,2,7200,1.00183374083
154991,154999,158204,8,3205,2,7200,1.00249609984
155100,155106,158302,6,3196,2,7200,1.00187734668
155127,155133,158215,6,3082,2,7200,1.0019467878
155132,171743,283392,16611,111649,6,345600,1.14877876201
155141,155148,158328,7,3180,2,7200,1.00220125786
155143,155156,158451,13,3295,2,7200,1.00394537178
155414,155420,158234,6,2814,2,7200,1.00213219616
155573,155580,158616,7,3036,2,7200,1.00230566535
155840,169345,171223,13505,1878,1,36000,8.19116080937
155841,170479,172083,14638,1604,1,36000,10.1259351621
155841,169351,170917,13510,1566,1,36000,9.62707535121
155842,170487,171957,14645,1470,1,36000,10.962585034
155843,170930,172983,15087,2053,1,36000,8.34875791525
155844,171234,172309,15390,1075,1,36000,15.3162790698
155844,171610,173408,15766,1798,1,36000,9.76863181313
155845,171759,173310,15914,1551,1,36000,11.2604771115
155845,171753,173470,15908,1717,1,36000,10.2649970879
155846,171764,173296,15918,1532,1,36000,11.3903394256
155847,171769,173311,15922,1542,1,36000,11.3255512322
155849,171775,173741,15926,1966,1,36000,9.1007121058
155850,171780,173794,15930,2014,1,36000,8.909632572
155854,171785,173826,15931,2041,1,36000,8.80548750612
155855,171791,173479,15936,1688,1,36000,10.4407582938
155857,171796,173684,15939,1888,1,36000,9.44226694915
155858,171802,173504,15944,1702,1,36000,10.3678025852
155859,171808,173640,15949,1832,1,36000,9.7057860262
155859,171814,173043,15955,1229,1,36000,13.9820992677
155861,171819,173801,15958,1982,1,36000,9.05146316852
156165,156172,159239,7,3067,2,7200,1.00228236061
156180,156187,159347,7,3160,2,7200,1.00221518987
156195,156201,159309,6,3108,2,7200,1.00193050193
156477,156484,159596,7,3112,2,7200,1.00224935733
156733,156739,159658,6,2919,2,7200,1.00205549846
156883,156889,160066,6,3177,2,7200,1.00188857413
157021,157028,159806,7,2778,2,7200,1.00251979842
157035,157042,159652,7,2610,2,7200,1.00268199234
157053,157059,160328,6,3269,2,7200,1.00183542368
157068,157074,160306,6,3232,2,7200,1.00185643564
157149,157155,159842,6,2687,2,7200,1.00223297358
157170,157176,160537,6,3361,2,7200,1.00178518298
157187,157193,160403,6,3210,2,7200,1.00186915888
157202,157208,160488,6,3280,2,7200,1.00182926829
157208,163719,163724,6511,5,12,129600,651.6
157216,157222,159848,6,2626,2,7200,1.00228484387
157270,157276,160525,6,3249,2,7200,1.00184672207
157285,157291,159947,6,2656,2,7200,1.00225903614
157299,157306,160467,7,3161,2,7200,1.00221448909
157410,157417,160468,7,3051,2,7200,1.00229432973
157456,157462,159931,6,2469,2,7200,1.00243013366
157470,157476,160643,6,3167,2,7200,1.00189453742
157472,157483,160340,11,2857,2,7200,1.00385019251
157501,157508,160639,7,3131,2,7200,1.00223570744
157615,157623,160715,8,3092,2,7200,1.00258732212
157639,157645,160516,6,2871,2,7200,1.00208986416
157724,157730,160379,6,2649,2,7200,1.00226500566
157739,157745,160675,6,2930,2,7200,1.00204778157
157740,157762,160938,22,3176,2,7200,1.00692695214
157755,157823,161137,68,3314,2,7200,1.02051901026
157812,157914,160668,102,2754,2,7200,1.03703703704
157902,158004,161181,102,3177,2,7200,1.03210576015
157995,158062,161238,67,3176,2,7200,1.02109571788
158049,158215,161436,166,3221,2,7200,1.05153678982
158206,158227,161243,21,3016,2,7200,1.00696286472
158221,158245,161465,24,3220,2,7200,1.00745341615
158236,158313,161356,77,3043,2,7200,1.02530397634
158302,158339,161489,37,3150,2,7200,1.01174603175
158329,158463,161574,134,3111,2,7200,1.04307296689
158452,158627,161705,175,3078,2,7200,1.05685510071
158618,159251,162462,633,3211,2,7200,1.19713484896
159241,159321,161662,80,2341,2,7200,1.03417343016
159311,159359,162647,48,3288,2,7200,1.01459854015
159349,159608,162775,259,3167,2,7200,1.08178086517
159530,162702,162704,3172,2,2,3540,317.4
159599,159664,163025,65,3361,2,7200,1.0193394823
159653,159671,162415,18,2744,2,7200,1.00655976676
159668,159818,163017,150,3199,2,7200,1.04688965302
159806,159854,162949,48,3095,2,7200,1.0155088853
159842,159860,162592,18,2732,2,7200,1.0065885798
159857,159943,163293,86,3350,2,7200,1.02567164179
159932,159958,162914,26,2956,2,7200,1.00879566982
159949,160077,163351,128,3274,2,7200,1.03909590715
160067,160317,163418,250,3101,2,7200,1.08061915511
160309,160339,163460,30,3121,2,7200,1.00961230375
160329,160351,163403,22,3052,2,7200,1.00720838794
160344,160391,163503,47,3112,2,7200,1.01510282776
160380,160414,163468,34,3054,2,7200,1.01113294041
160404,160479,163431,75,2952,2,7200,1.02540650407
160470,160486,163683,16,3197,2,7200,1.0050046919
160471,160499,163753,28,3254,2,7200,1.0086047941
160489,160527,163578,38,3051,2,7200,1.01245493281
160516,160537,163483,21,2946,2,7200,1.00712830957
160531,160548,163700,17,3152,2,7200,1.00539340102
160546,160651,163804,105,3153,2,7200,1.03330161751
160639,160657,163555,18,2898,2,7200,1.00621118012
160653,160679,163862,26,3183,2,7200,1.0081683946
160668,160687,163484,19,2797,2,7200,1.00679299249
160684,160727,163573,43,2846,2,7200,1.01510892481
160717,160949,164257,232,3308,2,7200,1.07013301088
160940,161150,164047,210,2897,2,7200,1.0724887815
161139,161192,164412,53,3220,2,7200,1.01645962733
161183,161249,163626,66,2377,2,7200,1.02776609171
161241,161257,164042,16,2785,2,7200,1.00574506284
161255,161367,164387,112,3020,2,7200,1.03708609272
161357,161448,164398,91,2950,2,7200,1.03084745763
161438,161477,164650,39,3173,2,7200,1.01229120706
161468,161501,164711,33,3210,2,7200,1.01028037383
161492,161586,164835,94,3249,2,7200,1.02893197907
161576,161674,164729,98,3055,2,7200,1.03207855974
161663,161717,164909,54,3192,2,7200,1.01691729323
161708,162427,165350,719,2923,2,7200,1.24598015737
162415,162474,165759,59,3285,2,7200,1.01796042618
162463,162604,165666,141,3062,2,7200,1.04604833442
162593,162660,165813,67,3153,2,7200,1.02124960355
162650,162707,165381,57,2674,2,7200,1.02131637996
162776,162787,165747,11,2960,2,7200,1.00371621622
162914,162925,166127,11,3202,2,7200,1.0034353529
162950,162961,166078,11,3117,2,7200,1.00352903433
163019,163028,166241,9,3213,2,7200,1.00280112045
163034,163040,165996,6,2956,2,7200,1.00202976996
163296,163305,166593,9,3288,2,7200,1.00273722628
163352,163362,166423,10,3061,2,7200,1.00326690624
163403,163414,166253,11,2839,2,7200,1.00387460373
163421,163429,166265,8,2836,2,7200,1.00282087447
163436,163442,166223,6,2781,2,7200,1.0021574973
163463,163471,166633,8,3162,2,7200,1.00253004428
163477,163484,166092,7,2608,2,7200,1.00268404908
163492,163498,166205,6,2707,2,7200,1.0022164758
163494,163504,166613,10,3109,2,7200,1.00321646832
163508,163515,166115,7,2600,2,7200,1.00269230769
163556,163567,166452,11,2885,2,7200,1.00381282496
163574,163585,166662,11,3077,2,7200,1.00357491063
163589,163596,166585,7,2989,2,7200,1.00234192037
163628,163637,166952,9,3315,2,7200,1.00271493213
163685,163695,166623,10,2928,2,7200,1.00341530055
163702,163747,166344,45,2597,2,7200,1.01732768579
163753,163764,167098,11,3334,2,7200,1.00329934013
163805,163816,166997,11,3181,2,7200,1.00345803207
163865,163875,166517,10,2642,2,7200,1.00378501136
164042,164053,167012,11,2959,2,7200,1.00371747212
164057,164063,166997,6,2934,2,7200,1.00204498978
164259,164268,166710,9,2442,2,7200,1.00368550369
164388,164399,167665,11,3266,2,7200,1.00336803429
164403,164409,167232,6,2823,2,7200,1.00212539851
164418,164423,167539,5,3116,2,7200,1.00160462131
164654,164662,167716,8,3054,2,7200,1.00261951539
164711,164722,167916,11,3194,2,7200,1.00344395742
164732,164741,167941,9,3200,2,7200,1.0028125
164837,164846,167723,9,2877,2,7200,1.0031282586
164909,164921,167654,12,2733,2,7200,1.00439077936
165352,165361,168532,9,3171,2,7200,1.00283822138
165382,165393,168041,11,2648,2,7200,1.00415407855
165668,165674,168710,6,3036,2,7200,1.00197628458
165749,165756,168896,7,3140,2,7200,1.00222929936
165763,165770,168933,7,3163,2,7200,1.00221308884
165814,165821,168732,7,2911,2,7200,1.00240467193
165998,166005,168984,7,2979,2,7200,1.00234978181
166079,166085,168720,6,2635,2,7200,1.00227703985
166094,166101,168999,7,2898,2,7200,1.00241545894
166118,166124,169469,6,3345,2,7200,1.00179372197
166132,166138,169344,6,3206,2,7200,1.00187149095
166207,166213,169379,6,3166,2,7200,1.00189513582
166225,166231,168913,6,2682,2,7200,1.00223713647
166243,166250,169193,7,2943,2,7200,1.00237852531
166258,166264,169380,6,3116,2,7200,1.00192554557
166272,166278,169098,6,2820,2,7200,1.00212765957
166344,166352,169256,8,2904,2,7200,1.00275482094
166425,166432,169385,7,2953,2,7200,1.00237047071
166452,166459,169783,7,3324,2,7200,1.00210589651
166518,166524,169746,6,3222,2,7200,1.00186219739
166587,166593,168831,6,2238,2,7200,1.00268096515
166602,166608,169555,6,2947,2,7200,1.00203596878
166617,166623,169621,6,2998,2,7200,1.00200133422
166631,166638,169979,7,3341,2,7200,1.00209518108
166646,166652,169129,6,2477,2,7200,1.00242228502
166664,166671,169350,7,2679,2,7200,1.00261291527
166712,166719,169691,7,2972,2,7200,1.00235531629
166953,166959,169853,6,2894,2,7200,1.00207325501
166998,167004,169978,6,2974,2,7200,1.00201748487
166999,167011,169883,12,2872,2,7200,1.00417827298
167014,167021,169941,7,2920,2,7200,1.00239726027
167098,167104,169913,6,2809,2,7200,1.00213599146
167233,167241,170107,8,2866,2,7200,1.00279134682
167540,167548,170744,8,3196,2,7200,1.00250312891
167655,167661,170963,6,3302,2,7200,1.00181708056
167669,167675,170269,6,2594,2,7200,1.00231303007
167717,167723,171093,6,3370,2,7200,1.00178041543
167732,167738,170545,6,2807,2,7200,1.00213751336
167918,167926,171008,8,3082,2,7200,1.00259571707
167942,167948,171023,6,3075,2,7200,1.00195121951
168035,168042,171019,7,2977,2,7200,1.00235136043
168532,168543,171314,11,2771,2,7200,1.00396968603
168713,168728,171598,15,2870,2,7200,1.00522648084
168727,168734,172033,7,3299,2,7200,1.00212185511
168742,168748,171668,6,2920,2,7200,1.00205479452
168832,168843,171698,11,2855,2,7200,1.00385288967
168898,168907,171673,9,2766,2,7200,1.0032537961
168913,168924,172129,11,3205,2,7200,1.00343213729
168934,168945,171383,11,2438,2,7200,1.004511895
168985,168995,171479,10,2484,2,7200,1.0040257649
169000,169010,171677,10,2667,2,7200,1.00374953131
169099,169112,171910,13,2798,2,7200,1.00464617584
169132,169141,171764,9,2623,2,7200,1.00343118567
169195,169204,172113,9,2909,2,7200,1.00309384668
169258,169268,172532,10,3264,2,7200,1.00306372549
169345,169358,172485,13,3127,2,7200,1.0041573393
169360,169366,172453,6,3087,2,7200,1.0019436346
169381,169391,172241,10,2850,2,7200,1.00350877193
169382,169398,172439,16,3041,2,7200,1.00526142716
169397,169404,172000,7,2596,2,7200,1.00269645609
169472,169482,172564,10,3082,2,7200,1.00324464633
169556,169567,172539,11,2972,2,7200,1.00370121131
169622,169632,172575,10,2943,2,7200,1.00339789331
169691,169702,172740,11,3038,2,7200,1.00362080316
169748,169757,172402,9,2645,2,7200,1.0034026465
169784,169795,172845,11,3050,2,7200,1.00360655738
169853,169864,172891,11,3027,2,7200,1.00363396102
169883,169894,172765,11,2871,2,7200,1.00383141762
169916,169925,173045,9,3120,2,7200,1.00288461538
169943,169952,172497,9,2545,2,7200,1.00353634578
169979,169990,172686,11,2696,2,7200,1.00408011869
169993,170000,172851,7,2851,2,7200,1.00245527885
170108,170118,172729,10,2611,2,7200,1.00382995021
170229,172321,172322,2092,1,2,3540,209.3
170270,170280,173530,10,3250,2,7200,1.00307692308
170547,170556,173465,9,2909,2,7200,1.00309384668
170635,171969,172316,1334,347,1,7200,4.84438040346
170746,170755,174085,9,3330,2,7200,1.0027027027
170965,170975,174075,10,3100,2,7200,1.00322580645
171010,171021,174208,11,3187,2,7200,1.00345152181
171025,171031,173742,6,2711,2,7200,1.00221320546
171027,171039,174208,12,3169,2,7200,1.0037866835
171093,171104,174077,11,2973,2,7200,1.00369996636
171315,171326,174326,11,3000,2,7200,1.00366666667
171384,171395,174682,11,3287,2,7200,1.00334651658
171480,171491,174223,11,2732,2,7200,1.00402635432
171598,171680,174385,82,2705,2,7200,1.0303142329
171670,171686,174765,16,3079,2,7200,1.00519649237
171685,171694,174847,9,3153,2,7200,1.00285442436
171686,171710,174881,24,3171,2,7200,1.00756859035
171701,171824,175036,123,3212,2,7200,1.03829389788
171767,171830,175006,63,3176,2,7200,1.01983627204
171911,171922,174542,11,2620,2,7200,1.00419847328
172001,172012,175187,11,3175,2,7200,1.00346456693
172034,172045,175388,11,3343,2,7200,1.00329045767
172115,172124,174979,9,2855,2,7200,1.00315236427
172130,172140,175043,10,2903,2,7200,1.00344471237
172241,172252,175307,11,3055,2,7200,1.00360065466
172404,172413,175560,9,3147,2,7200,1.00285986654
172440,172450,175605,10,3155,2,7200,1.00316957211
172454,172464,175515,10,3051,2,7200,1.0032776139
172487,172496,175772,9,3276,2,7200,1.00274725275
172502,172508,175541,6,3033,2,7200,1.00197823937
172504,209480,211710,36976,2230,32,21600,17.5811659193
172532,172538,175899,6,3361,2,7200,1.00178518298
172547,172553,175804,6,3251,2,7200,1.00184558597
172565,172571,175696,6,3125,2,7200,1.00192
172580,172586,175664,6,3078,2,7200,1.00194931774
172688,172694,175818,6,3124,2,7200,1.0019206146
172730,172736,175887,6,3151,2,7200,1.00190415741
172745,172751,175939,6,3188,2,7200,1.00188205772
172765,172772,175769,7,2997,2,7200,1.002335669
172847,172853,175273,6,2420,2,7200,1.00247933884
172861,172868,175531,7,2663,2,7200,1.00262861434
172891,172897,175717,6,2820,2,7200,1.00212765957
173048,173054,176068,6,3014,2,7200,1.00199071002
173408,179378,181866,5970,2488,25,7199,3.39951768489
173466,173472,176701,6,3229,2,7200,1.00185816042
173532,173538,176686,6,3148,2,7200,1.00190597205
173743,173749,176800,6,3051,2,7200,1.00196656834
173941,173947,175763,6,1816,1,36000,1.00330396476
173945,174693,176623,748,1930,1,36000,1.38756476684
173945,174699,176829,754,2130,1,36000,1.35399061033
173946,174704,175943,758,1239,1,36000,1.61178369653
173963,174710,176644,747,1934,1,36000,1.38624612203
173965,175021,176886,1056,1865,1,36000,1.56621983914
173967,175109,177119,1142,2010,1,36000,1.56815920398
173974,175115,177022,1141,1907,1,36000,1.59832197168
173976,175120,176995,1144,1875,1,36000,1.61013333333
173981,175125,177172,1144,2047,1,36000,1.5588666341
173982,175774,176972,1792,1198,1,36000,2.4958263773
173983,175955,177511,1972,1556,1,36000,2.26735218509
173997,176636,178435,2639,1799,1,36000,2.46692607004
173998,176655,178044,2657,1389,1,36000,2.91288696904
174007,176841,178818,2834,1977,1,36000,2.4334850784
174015,176898,179009,2883,2111,1,36000,2.36570345808
174021,176983,179036,2962,2053,1,36000,2.4427666829
174022,177007,178191,2985,1184,1,36000,3.52111486486
174026,177033,178921,3007,1888,1,36000,2.59269067797
174033,177135,178977,3102,1842,1,36000,2.68403908795
174078,174084,176922,6,2838,2,7200,1.0021141649
174079,174091,176725,12,2634,2,7200,1.00455580866
174094,174100,176786,6,2686,2,7200,1.00223380491
174208,174214,177122,6,2908,2,7200,1.00206327373
174210,174220,177055,10,2835,2,7200,1.00352733686
174224,174231,177102,7,2871,2,7200,1.00243817485
174326,174335,177610,9,3275,2,7200,1.0027480916
174387,174393,177688,6,3295,2,7200,1.00182094082
174543,174549,177497,6,2948,2,7200,1.00203527815
174681,174688,177831,7,3143,2,7200,1.00222717149
174765,174772,178122,7,3350,2,7200,1.00208955224
174850,174856,177728,6,2872,2,7200,1.00208913649
174882,174889,177332,7,2443,2,7200,1.00286532951
174982,174988,178149,6,3161,2,7200,1.0018981335
175008,175015,177786,7,2771,2,7200,1.00252616384
175038,175044,177656,6,2612,2,7200,1.00229709035
175053,175059,177782,6,2723,2,7200,1.00220345207
175188,175194,177724,6,2530,2,7200,1.0023715415
175275,175282,178381,7,3099,2,7200,1.00225879316
175308,175314,178471,6,3157,2,7200,1.00190053849
175389,175395,178427,6,3032,2,7200,1.00197889182
175516,175522,178615,6,3093,2,7200,1.00193986421
175534,175540,178352,6,2812,2,7200,1.00213371266
175548,175554,178824,6,3270,2,7200,1.00183486239
175563,175569,178312,6,2743,2,7200,1.00218738607
175605,175611,178670,6,3059,2,7200,1.0019614253
175665,175671,178724,6,3053,2,7200,1.00196528005
175698,175704,178986,6,3282,2,7200,1.00182815356
175719,175725,178178,6,2453,2,7200,1.00244598451
175770,175781,178870,11,3089,2,7200,1.00356102298
175785,175791,178033,6,2242,2,7200,1.00267618198
175805,175812,178538,7,2726,2,7200,1.002567865
175820,175826,179093,6,3267,2,7200,1.00183654729
175889,175895,179030,6,3135,2,7200,1.0019138756
175904,175910,178661,6,2751,2,7200,1.00218102508
175911,199769,209468,23858,9699,64,36000,3.45984122074
175943,175949,179022,6,3073,2,7200,1.00195248942
176069,176075,179311,6,3236,2,7200,1.00185414091
176687,176693,179659,6,2966,2,7200,1.0020229265
176701,176707,179367,6,2660,2,7200,1.0022556391
176728,176734,180217,6,3483,2,7200,1.00172265289
176788,176794,179600,6,2806,2,7200,1.00213827512
176803,176809,179736,6,2927,2,7200,1.00204988042
176923,176929,179917,6,2988,2,7200,1.00200803213
177055,177062,179728,7,2666,2,7200,1.00262565641
177103,177109,180135,6,3026,2,7200,1.0019828156
177124,177130,179694,6,2564,2,7200,1.0023400936
177335,177341,180326,6,2985,2,7200,1.00201005025
177500,177506,180791,6,3285,2,7200,1.00182648402
177611,177618,180654,7,3036,2,7200,1.00230566535
177656,177662,180592,6,2930,2,7200,1.00204778157
177689,177696,180885,7,3189,2,7200,1.00219504547
177725,177732,180869,7,3137,2,7200,1.0022314313
177740,177746,180905,6,3159,2,7200,1.00189933523
177785,177791,180771,6,2980,2,7200,1.00201342282
177800,177806,180492,6,2686,2,7200,1.00223380491
177833,177839,180971,6,3132,2,7200,1.00191570881
178034,178041,181167,7,3126,2,7200,1.00223928343
178122,178128,181068,6,2940,2,7200,1.00204081633
178151,178158,180841,7,2683,2,7200,1.00260901975
178178,178185,181144,7,2959,2,7200,1.00236566408
178314,178320,181563,6,3243,2,7200,1.00185013876
178353,178359,181260,6,2901,2,7200,1.00206825233
178383,178390,181569,7,3179,2,7200,1.0022019503
178427,178434,181536,7,3102,2,7200,1.00225660864
178472,178479,181528,7,3049,2,7200,1.0022958347
178538,178545,181599,7,3054,2,7200,1.00229207597
178617,178623,181410,6,2787,2,7200,1.00215285253
178662,178668,181102,6,2434,2,7200,1.00246507806
178676,178683,181820,7,3137,2,7200,1.0022314313
178724,178730,181787,6,3057,2,7200,1.00196270854
178824,178829,181736,5,2907,2,7200,1.00171998624
178872,178878,182019,6,3141,2,7200,1.00191021968
178986,178992,182043,6,3051,2,7200,1.00196656834
179025,179031,182327,6,3296,2,7200,1.00182038835
179039,179046,182265,7,3219,2,7200,1.00217458838
179084,203213,205277,24129,2064,1,36000,12.6904069767
179085,205289,206815,26204,1526,1,36000,18.1716906946
179090,208828,210392,29738,1564,1,36000,20.0140664962
179090,206826,208816,27736,1990,1,36000,14.9376884422
179091,209669,211380,30578,1711,1,36000,18.8714202221
179091,209266,211214,30175,1948,1,36000,16.4902464066
179092,209675,211572,30583,1897,1,36000,17.1217712177
179094,209680,211539,30586,1859,1,36000,17.4529316837
179094,179100,181827,6,2727,2,7200,1.00220022002
179095,209692,211701,30597,2009,1,36000,16.2299651568
179096,209698,211387,30602,1689,1,36000,19.1184132623
179098,209703,211768,30605,2065,1,36000,15.8208232446
179099,209708,211756,30609,2048,1,36000,15.9458007812
179100,209989,211778,30889,1789,1,36000,18.2660704304
179100,209995,211710,30895,1715,1,36000,19.0145772595
179103,210000,211919,30897,1919,1,36000,17.1005732152
179103,210109,211788,31006,1679,1,36000,19.4669446099
179104,210404,212523,31300,2119,1,36000,15.7711184521
179104,210115,211862,31011,1747,1,36000,18.7510017172
179105,210864,212738,31759,1874,1,36000,17.947171825
179106,210869,212824,31763,1955,1,36000,17.2470588235
179314,179320,182292,6,2972,2,7200,1.00201884253
179365,179371,182145,6,2774,2,7200,1.0021629416
179602,179609,182729,7,3120,2,7200,1.00224358974
179660,179666,182899,6,3233,2,7200,1.00185586143
179695,179702,182761,7,3059,2,7200,1.00228832952
179728,179734,182920,6,3186,2,7200,1.00188323917
179743,179749,182757,6,3008,2,7200,1.00199468085
179917,179924,183240,7,3316,2,7200,1.00211097708
180137,180143,183138,6,2995,2,7200,1.0020033389
180219,180225,183321,6,3096,2,7200,1.0019379845
180327,180333,183039,6,2706,2,7200,1.0022172949
180493,180499,183806,6,3307,2,7200,1.00181433323
180595,180601,183827,6,3226,2,7200,1.00185988841
180655,180661,183908,6,3247,2,7200,1.00184785956
180772,180778,183849,6,3071,2,7200,1.00195376099
180793,180799,183239,6,2440,2,7200,1.00245901639
180844,180850,183739,6,2889,2,7200,1.0020768432
180870,180877,184064,7,3187,2,7200,1.00219642297
180888,180894,183882,6,2988,2,7200,1.00200803213
180906,180912,183919,6,3007,2,7200,1.0019953442
180972,180978,183669,6,2691,2,7200,1.0022296544
181068,181074,184016,6,2942,2,7200,1.00203942896
181104,181110,183783,6,2673,2,7200,1.00224466891
181143,181149,184133,6,2984,2,7200,1.00201072386
181170,181176,183611,6,2435,2,7200,1.00246406571
181260,181266,184099,6,2833,2,7200,1.00211789622
181410,181417,183926,7,2509,2,7200,1.00278995616
181531,181537,184370,6,2833,2,7200,1.00211789622
181545,181551,184651,6,3100,2,7200,1.00193548387
181563,181569,184429,6,2860,2,7200,1.0020979021
181576,181878,182008,302,130,1,3600,3.32307692308
181578,181584,184749,6,3165,2,7200,1.0018957346
181602,181608,184229,6,2621,2,7200,1.00228920259
181737,181743,184636,6,2893,2,7200,1.00207397166
181788,181794,184765,6,2971,2,7200,1.00201952205
181821,181827,184932,6,3105,2,7200,1.00193236715
181836,181842,184593,6,2751,2,7200,1.00218102508
182019,182026,185255,7,3229,2,7200,1.00216785382
182043,182049,184977,6,2928,2,7200,1.00204918033
182133,182139,182448,6,309,1,3600,1.01941747573
182145,182152,185034,7,2882,2,7200,1.00242886884
182266,182272,185555,6,3283,2,7200,1.00182759671
182293,182299,185326,6,3027,2,7200,1.00198216056
182328,182335,185395,7,3060,2,7200,1.0022875817
182675,182681,183313,6,632,1,3600,1.00949367089
182729,182735,185658,6,2923,2,7200,1.0020526856
182759,182765,185760,6,2995,2,7200,1.0020033389
182774,182780,186022,6,3242,2,7200,1.00185070944
182900,182906,186145,6,3239,2,7200,1.00185242359
182921,182927,185710,6,2783,2,7200,1.00215594682
183041,183047,186014,6,2967,2,7200,1.00202224469
183140,183147,186272,7,3125,2,7200,1.00224
183240,183246,185954,6,2708,2,7200,1.00221565731
183241,183252,185777,11,2525,2,7200,1.00435643564
183322,183329,185904,7,2575,2,7200,1.0027184466
183612,183618,186866,6,3248,2,7200,1.00184729064
183669,183675,187036,6,3361,2,7200,1.00178518298
183741,183747,186423,6,2676,2,7200,1.00224215247
183786,183792,186805,6,3013,2,7200,1.00199137073
183807,183813,186884,6,3071,2,7200,1.00195376099
183828,183834,186950,6,3116,2,7200,1.00192554557
183851,183858,187112,7,3254,2,7200,1.00215119852
183884,183891,187093,7,3202,2,7200,1.00218613367
183908,183914,186535,6,2621,2,7200,1.00228920259
183923,183929,186933,6,3004,2,7200,1.00199733688
183934,183941,184038,7,97,1,3600,1.07216494845
183938,183947,186525,9,2578,2,7200,1.00349107836
184019,184025,186921,6,2896,2,7200,1.0020718232
184067,184077,187023,10,2946,2,7200,1.00339443313
184100,184106,186449,6,2343,2,7200,1.00256081946
184132,184139,187291,7,3152,2,7200,1.00222081218
184162,184169,184456,7,287,1,3600,1.0243902439
184232,184238,187221,6,2983,2,7200,1.00201139792
184370,184376,187414,6,3038,2,7200,1.00197498354
184430,184437,187576,7,3139,2,7200,1.00223000956
184593,184599,187478,6,2879,2,7200,1.00208405696
184638,184644,187817,6,3173,2,7200,1.00189095493
184652,184659,187473,7,2814,2,7200,1.00248756219
184751,184758,187580,7,2822,2,7200,1.00248051028
184766,184773,187730,7,2957,2,7200,1.00236726412
184778,184784,185343,6,559,1,3600,1.01073345259
184934,184941,187978,7,3037,2,7200,1.00230490616
184979,184986,187736,7,2750,2,7200,1.00254545455
185037,185043,188004,6,2961,2,7200,1.00202634245
185256,185262,187710,6,2448,2,7200,1.00245098039
185328,185334,188659,6,3325,2,7200,1.00180451128
185397,185404,188061,7,2657,2,7200,1.00263455024
185425,185432,185583,7,151,1,3600,1.04635761589
185557,185563,188749,6,3186,2,7200,1.00188323917
185659,185665,188949,6,3284,2,7200,1.00182704019
185713,185720,188725,7,3005,2,7200,1.00232945092
185742,185748,186063,6,315,1,3600,1.01904761905
185761,185768,188726,7,2958,2,7200,1.00236646383
185779,185785,188328,6,2543,2,7200,1.00235941801
185902,185908,188770,6,2862,2,7200,1.00209643606
185956,185963,188857,7,2894,2,7200,1.00241879751
186016,186023,189045,7,3022,2,7200,1.00231634679
186031,186037,188997,6,2960,2,7200,1.00202702703
186145,186151,189406,6,3255,2,7200,1.00184331797
186274,186280,189453,6,3173,2,7200,1.00189095493
186280,186287,187430,7,1143,1,3600,1.00612423447
186425,186431,189350,6,2919,2,7200,1.00205549846
186451,186458,189285,7,2827,2,7200,1.0024761231
186527,186534,189926,7,3392,2,7200,1.00206367925
186541,186548,189519,7,2971,2,7200,1.00235610905
186806,186812,190080,6,3268,2,7200,1.00183598531
186866,186872,189566,6,2694,2,7200,1.00222717149
186887,186893,189584,6,2691,2,7200,1.0022296544
186923,186930,189571,7,2641,2,7200,1.00265051117
186938,186944,189865,6,2921,2,7200,1.00205409106
186953,186960,189355,7,2395,2,7200,1.00292275574
187025,187031,190354,6,3323,2,7200,1.00180559735
187040,187046,189920,6,2874,2,7200,1.00208768267
187094,187100,189952,6,2852,2,7200,1.00210378682
187114,187122,190338,8,3216,2,7200,1.00248756219
187223,187229,190294,6,3065,2,7200,1.00195758564
187292,187299,190445,7,3146,2,7200,1.00222504768
187415,187422,190363,7,2941,2,7200,1.00238014281
187475,187482,190216,7,2734,2,7200,1.00256035113
187490,187496,190688,6,3192,2,7200,1.00187969925
187578,187585,190758,7,3173,2,7200,1.00220611409
187592,187599,190705,7,3106,2,7200,1.00225370251
187713,187720,190999,7,3279,2,7200,1.00213479719
187730,187737,190297,7,2560,2,7200,1.002734375
187745,187751,191016,6,3265,2,7200,1.00183767228
187817,187823,190479,6,2656,2,7200,1.00225903614
187980,187987,190647,7,2660,2,7200,1.00263157895
188006,188013,191229,7,3216,2,7200,1.00217661692
188063,188070,190919,7,2849,2,7200,1.00245700246
188302,188308,188406,6,98,1,3600,1.0612244898
188328,188336,191426,8,3090,2,7200,1.00258899676
188527,188533,188817,6,284,1,3600,1.02112676056
188660,188666,191593,6,2927,2,7200,1.00204988042
188726,188733,191709,7,2976,2,7200,1.00235215054
188727,188740,191765,13,3025,2,7200,1.00429752066
188751,188757,191979,6,3222,2,7200,1.00186219739
188772,188778,191426,6,2648,2,7200,1.00226586103
188815,188821,188906,6,85,1,1800,1.07058823529
188859,188865,192041,6,3176,2,7200,1.00188916877
188949,188955,191761,6,2806,2,7200,1.00213827512
188997,189003,191611,6,2608,2,7200,1.0023006135
189048,189054,192150,6,3096,2,7200,1.0019379845
189103,189110,189640,7,530,1,3600,1.01320754717
189148,189155,189258,7,103,1,1800,1.06796116505
189286,189292,192583,6,3291,2,7200,1.00182315406
189352,189358,192395,6,3037,2,7200,1.00197563385
189367,189374,192076,7,2702,2,7200,1.00259067358
189409,189415,192252,6,2837,2,7200,1.00211491012
189454,189461,192356,7,2895,2,7200,1.002417962
189520,189526,192428,6,2902,2,7200,1.00206753963
189565,189571,192725,6,3154,2,7200,1.00190234623
189579,189586,192756,7,3170,2,7200,1.00220820189
189594,189600,192408,6,2808,2,7200,1.00213675214
189760,189766,190153,6,387,1,1800,1.01550387597
189868,189874,193204,6,3330,2,7200,1.0018018018
189922,189928,192749,6,2821,2,7200,1.00212690535
189937,189943,192771,6,2828,2,7200,1.00212164074
189955,189961,193209,6,3248,2,7200,1.00184729064
190081,190088,193352,7,3264,2,7200,1.00214460784
190216,190223,193283,7,3060,2,7200,1.0022875817
190295,190302,193609,7,3307,2,7200,1.0021167221
190309,190316,193186,7,2870,2,7200,1.00243902439
190339,190345,193222,6,2877,2,7200,1.00208550574
190354,190360,193456,6,3096,2,7200,1.0019379845
190369,190375,193482,6,3107,2,7200,1.00193112327
190444,190450,193790,6,3340,2,7200,1.00179640719
190480,190486,193574,6,3088,2,7200,1.00194300518
190648,190654,193518,6,2864,2,7200,1.00209497207
190690,190696,193233,6,2537,2,7200,1.00236499803
190705,190711,193365,6,2654,2,7200,1.00226073851
190759,190765,193950,6,3185,2,7200,1.00188383046
190922,190929,193825,7,2896,2,7200,1.00241712707
190966,190972,191017,6,45,1,1800,1.13333333333
191000,191006,193711,6,2705,2,7200,1.0022181146
191017,191027,194407,10,3380,2,7200,1.00295857988
191231,191237,194206,6,2969,2,7200,1.00202088245
191249,191255,191341,6,86,1,1800,1.06976744186
191424,191430,194667,6,3237,2,7200,1.00185356812
191439,191445,194189,6,2744,2,7200,1.00218658892
191595,191601,194946,6,3345,2,7200,1.00179372197
191613,191619,194935,6,3316,2,7200,1.00180940893
191709,191716,195019,7,3303,2,7200,1.0021192855
191763,191770,194753,7,2983,2,7200,1.00234663091
191778,191784,195052,6,3268,2,7200,1.00183598531
191971,191978,192233,7,255,1,1800,1.02745098039
191979,191986,195305,7,3319,2,7200,1.002109069
192043,192050,195097,7,3047,2,7200,1.00229734165
192079,192085,195176,6,3091,2,7200,1.00194111938
192151,192158,195459,7,3301,2,7200,1.00212056952
192253,192260,195462,7,3202,2,7200,1.00218613367
192358,192365,195402,7,3037,2,7200,1.00230490616
192397,192403,195418,6,3015,2,7200,1.00199004975
192412,192418,195800,6,3382,2,7200,1.00177409817
192429,192437,195010,8,2573,2,7200,1.00310921104
192583,192590,195088,7,2498,2,7200,1.00280224179
192727,192734,195747,7,3013,2,7200,1.00232326585
192746,192752,192835,6,83,1,1800,1.07228915663
192752,192758,195876,6,3118,2,7200,1.00192431046
192766,192772,195742,6,2970,2,7200,1.00202020202
192781,192787,195571,6,2784,2,7200,1.00215517241
193088,193094,193187,6,93,1,1800,1.06451612903
193188,193194,195825,6,2631,2,7200,1.00228050171
193205,193211,196342,6,3131,2,7200,1.00191632066
193221,193227,195860,6,2633,2,7200,1.00227876946
193236,193243,195823,7,2580,2,7200,1.00271317829
193237,193249,196351,12,3102,2,7200,1.00386847195
193285,193292,196245,7,2953,2,7200,1.00237047071
193354,193361,196476,7,3115,2,7200,1.00224719101
193369,193375,196491,6,3116,2,7200,1.00192554557
193459,193465,196422,6,2957,2,7200,1.00202908353
193483,193489,196675,6,3186,2,7200,1.00188323917
193519,193525,196638,6,3113,2,7200,1.00192740122
193576,193583,196459,7,2876,2,7200,1.00243393602
193612,193619,196603,7,2984,2,7200,1.0023458445
193707,193714,194091,7,377,1,1800,1.01856763926
193711,193722,196803,11,3081,2,7200,1.00357026939
193792,193799,196888,7,3089,2,7200,1.00226610554
193825,193833,196869,8,3036,2,7200,1.00263504611
193952,193959,196728,7,2769,2,7200,1.00252798844
194192,194199,197485,7,3286,2,7200,1.00213024954
194207,194214,197376,7,3162,2,7200,1.00221378874
194409,194416,197416,7,3000,2,7200,1.00233333333
194668,194674,197569,6,2895,2,7200,1.00207253886
194755,194761,198006,6,3245,2,7200,1.00184899846
194936,194942,197695,6,2753,2,7200,1.00217944061
194950,194957,197822,7,2865,2,7200,1.00244328098
195013,195020,197750,7,2730,2,7200,1.00256410256
195028,195034,197962,6,2928,2,7200,1.00204918033
195052,195059,198041,7,2982,2,7200,1.00234741784
195091,195097,198121,6,3024,2,7200,1.00198412698
195106,195112,198126,6,3014,2,7200,1.00199071002
195178,195184,198515,6,3331,2,7200,1.00180126088
195274,195281,195323,7,42,1,1800,1.16666666667
195307,195314,198379,7,3065,2,7200,1.00228384992
195403,195410,198655,7,3245,2,7200,1.00215716487
195418,195424,198460,6,3036,2,7200,1.00197628458
195460,195467,198651,7,3184,2,7200,1.00219849246
195475,195481,198441,6,2960,2,7200,1.00202702703
195571,195579,198749,8,3170,2,7200,1.00252365931
195600,195608,195681,8,73,1,1800,1.1095890411
195743,195749,198452,6,2703,2,7200,1.00221975583
195758,195764,199006,6,3242,2,7200,1.00185070944
195803,195809,198703,6,2894,2,7200,1.00207325501
195824,195830,198591,6,2761,2,7200,1.00217312568
195838,195844,198611,6,2767,2,7200,1.00216841344
195862,195868,198510,6,2642,2,7200,1.00227100681
195877,195884,198568,7,2684,2,7200,1.00260804769
196247,196254,198641,7,2387,2,7200,1.00293255132
196339,196345,196596,6,251,1,1800,1.02390438247
196344,196353,199497,9,3144,2,7200,1.00286259542
196359,196365,199565,6,3200,2,7200,1.001875
196425,196431,199307,6,2876,2,7200,1.00208623088
196461,196467,199371,6,2904,2,7200,1.0020661157
196479,196485,199036,6,2551,2,7200,1.00235201882
196494,196500,199010,6,2510,2,7200,1.00239043825
196605,196611,199581,6,2970,2,7200,1.00202020202
196641,196647,199740,6,3093,2,7200,1.00193986421
196677,196684,199499,7,2815,2,7200,1.00248667851
196728,196734,199502,6,2768,2,7200,1.00216763006
196806,196812,199838,6,3026,2,7200,1.0019828156
196869,196876,199393,7,2517,2,7200,1.0027810886
196890,196896,199753,6,2857,2,7200,1.00210010501
197378,197385,200472,7,3087,2,7200,1.0022675737
197417,197424,200208,7,2784,2,7200,1.00251436782
197487,197493,200683,6,3190,2,7200,1.00188087774
197571,197577,200654,6,3077,2,7200,1.00194995125
197647,211739,283550,14092,71811,6,345600,1.19623734525
197697,197704,200661,7,2957,2,7200,1.00236726412
197751,197757,200849,6,3092,2,7200,1.00194049159
197823,197830,201067,7,3237,2,7200,1.00216249614
197965,197971,201224,6,3253,2,7200,1.00184445128
198007,198014,201213,7,3199,2,7200,1.00218818381
198043,198050,201072,7,3022,2,7200,1.00231634679
198124,198131,200674,7,2543,2,7200,1.00275265435
198139,198145,201113,6,2968,2,7200,1.00202156334
198380,198386,201349,6,2963,2,7200,1.00202497469
198443,198450,201473,7,3023,2,7200,1.00231558055
198458,198464,201668,6,3204,2,7200,1.00187265918
198473,198480,201455,7,2975,2,7200,1.00235294118
198511,198518,201938,7,3420,2,7200,1.00204678363
198526,198532,201227,6,2695,2,7200,1.00222634508
198568,198575,201640,7,3065,2,7200,1.00228384992
198594,198600,201882,6,3282,2,7200,1.00182815356
198612,198618,201757,6,3139,2,7200,1.00191143676
198641,198649,201666,8,3017,2,7200,1.0026516407
198656,198662,201739,6,3077,2,7200,1.00194995125
198658,198669,201464,11,2795,2,7200,1.00393559928
198706,198712,201936,6,3224,2,7200,1.00186104218
198751,198757,202000,6,3243,2,7200,1.00185013876
199007,199013,201830,6,2817,2,7200,1.00212992545
199022,199028,202164,6,3136,2,7200,1.00191326531
199037,199043,201413,6,2370,2,7200,1.00253164557
199308,199314,202338,6,3024,2,7200,1.00198412698
199371,199377,202210,6,2833,2,7200,1.00211789622
199395,199401,202688,6,3287,2,7200,1.00182537268
199500,199506,202503,6,2997,2,7200,1.002002002
199501,199512,202603,11,3091,2,7200,1.00355871886
199516,199523,202372,7,2849,2,7200,1.00245700246
199567,199573,202776,6,3203,2,7200,1.00187324383
199582,199588,202554,6,2966,2,7200,1.0020229265
199741,199747,202870,6,3123,2,7200,1.00192122959
199756,199762,202121,6,2359,2,7200,1.00254345061
199841,199848,202186,7,2338,2,7200,1.00299401198
200208,200214,203460,6,3246,2,7200,1.00184842884
200473,200479,203248,6,2769,2,7200,1.00216684724
200657,200663,203246,6,2583,2,7200,1.00232288037
200671,200678,203720,7,3042,2,7200,1.00230111769
200686,200693,203696,7,3003,2,7200,1.00233100233
200688,200699,203530,11,2831,2,7200,1.00388555281
200850,200858,203804,8,2946,2,7200,1.0027155465
201070,201077,203346,7,2269,2,7200,1.0030850595
201085,201091,203635,6,2544,2,7200,1.00235849057
201115,201121,204027,6,2906,2,7200,1.00206469374
201214,201221,204186,7,2965,2,7200,1.0023608769
201229,201236,204531,7,3295,2,7200,1.00212443096
201231,201243,204192,12,2949,2,7200,1.00406917599
201351,201357,204050,6,2693,2,7200,1.00222799851
201414,201421,204464,7,3043,2,7200,1.00230036149
201456,201462,204380,6,2918,2,7200,1.00205620288
201471,201478,204507,7,3029,2,7200,1.00231099373
201486,201492,204553,6,3061,2,7200,1.00196014374
201487,211862,240796,10375,28934,4,28800,1.35857468722
201642,201649,204784,7,3135,2,7200,1.00223285486
201667,201674,204582,7,2908,2,7200,1.00240715268
201681,201689,204892,8,3203,2,7200,1.00249765845
201741,201748,204462,7,2714,2,7200,1.00257921887
201759,201766,204713,7,2947,2,7200,1.00237529691
201831,201838,204824,7,2986,2,7200,1.00234427328
201883,201889,205143,6,3254,2,7200,1.00184388445
201937,201943,204781,6,2838,2,7200,1.0021141649
201951,201957,205027,6,3070,2,7200,1.00195439739
202003,202010,204546,7,2536,2,7200,1.00276025237
202123,202130,205297,7,3167,2,7200,1.00221029365
202165,202172,205191,7,3019,2,7200,1.00231864856
202189,202195,205322,6,3127,2,7200,1.00191877199
202213,202219,205378,6,3159,2,7200,1.00189933523
202339,202345,205457,6,3112,2,7200,1.00192802057
202372,202379,205671,7,3292,2,7200,1.00212636695
202505,202511,205612,6,3101,2,7200,1.00193485972
202556,202562,205657,6,3095,2,7200,1.00193861066
202604,202610,205509,6,2899,2,7200,1.0020696792
202691,202697,205628,6,2931,2,7200,1.00204708291
202778,202784,205483,6,2699,2,7200,1.00222304557
202871,202878,205509,7,2631,2,7200,1.00266058533
203248,203254,205917,6,2663,2,7200,1.00225309801
203263,203270,205410,7,2140,2,7200,1.00327102804
203347,203354,205945,7,2591,2,7200,1.00270165959
203461,203468,206527,7,3059,2,7200,1.00228832952
203530,203537,206642,7,3105,2,7200,1.00225442834
203635,203642,206432,7,2790,2,7200,1.00250896057
203698,203706,206734,8,3028,2,7200,1.00264200793
203722,203730,206420,8,2690,2,7200,1.0029739777
203807,203814,206396,7,2582,2,7200,1.00271107668
204029,204036,207236,7,3200,2,7200,1.0021875
204050,204056,207225,6,3169,2,7200,1.00189334175
204187,204194,207107,7,2913,2,7200,1.00240302094
204202,204208,207179,6,2971,2,7200,1.00201952205
204383,204389,207376,6,2987,2,7200,1.00200870439
204464,204471,207316,7,2845,2,7200,1.00246045694
204466,204478,207241,12,2763,2,7200,1.00434310532
204508,204514,207349,6,2835,2,7200,1.00211640212
204532,204538,207349,6,2811,2,7200,1.00213447172
204546,204553,207667,7,3114,2,7200,1.00224791265
204561,204567,207463,6,2896,2,7200,1.0020718232
204582,204588,207790,6,3202,2,7200,1.00187382886
204622,211583,211851,6961,268,2,10800,26.973880597
204714,204722,207897,8,3175,2,7200,1.00251968504
204784,204789,207719,5,2930,2,7200,1.00170648464
204799,204805,207924,6,3119,2,7200,1.00192369349
204825,204832,207561,7,2729,2,7200,1.00256504214
204895,204900,207722,5,2822,2,7200,1.00177179305
205016,211398,218604,6382,7206,3,7200,1.88565084652
205030,205036,208286,6,3250,2,7200,1.00184615385
205042,205048,206086,6,1038,1,3600,1.00578034682
205144,205151,208308,7,3157,2,7200,1.0022172949
205192,205199,208407,7,3208,2,7200,1.00218204489
205298,205305,208067,7,2762,2,7200,1.00253439537
205322,205328,208411,6,3083,2,7200,1.00194615634
205379,205385,208296,6,2911,2,7200,1.00206114737
205412,205418,208096,6,2678,2,7200,1.00224047797
205457,205468,208300,11,2832,2,7200,1.00388418079
205484,205495,208077,11,2582,2,7200,1.00426026336
205508,205522,208720,14,3198,2,7200,1.00437773609
205522,205528,208705,6,3177,2,7200,1.00188857413
205613,205623,208696,10,3073,2,7200,1.00325414904
205630,205640,208588,10,2948,2,7200,1.00339213026
205660,205670,208542,10,2872,2,7200,1.00348189415
205675,205684,208830,9,3146,2,7200,1.00286077559
205913,205928,208836,15,2908,2,7200,1.00515818432
205946,205956,208792,10,2836,2,7200,1.00352609309
205978,205984,209682,6,3698,4,3600,1.00162249865
206398,206407,209155,9,2748,2,7200,1.00327510917
206422,206431,209604,9,3173,2,7200,1.0028364324
206437,206443,209368,6,2925,2,7200,1.00205128205
206530,206539,209498,9,2959,2,7200,1.0030415681
206644,206746,209813,102,3067,2,7200,1.03325725465
206734,207119,210282,385,3163,2,7200,1.12171988618
206898,211789,212334,4891,545,2,10800,9.97431192661
207108,207191,209877,83,2686,2,7200,1.03090096798
207180,207237,210314,57,3077,2,7200,1.01852453689
207225,207249,210576,24,3327,2,7200,1.00721370604
207240,207255,210200,15,2945,2,7200,1.00509337861
207255,207327,210497,72,3170,2,7200,1.02271293375
207318,207361,210457,43,3096,2,7200,1.01388888889
207351,207366,210225,15,2859,2,7200,1.00524658972
207353,207388,210285,35,2897,2,7200,1.01208146358
207376,207475,210091,99,2616,2,7200,1.0378440367
207464,207573,210737,109,3164,2,7200,1.03445006321
207516,209529,215712,2013,6183,16,36000,1.3255701116
207550,209485,211599,1935,2114,25,7199,1.91532639546
207563,207678,210298,115,2620,2,7200,1.04389312977
207668,207731,210657,63,2926,2,7200,1.02153110048
207722,207738,210900,16,3162,2,7200,1.00506008855
207724,207801,210472,77,2671,2,7200,1.02882815425
207793,207908,210905,115,2997,2,7200,1.03837170504
207898,207936,210838,38,2902,2,7200,1.01309441764
207925,208078,211040,153,2962,2,7200,1.05165428764
208069,208089,210989,20,2900,2,7200,1.00689655172
208084,208108,211245,24,3137,2,7200,1.00765062161
208098,208298,211470,200,3172,2,7200,1.0630517024
208246,212835,267633,4589,54798,1,72000,1.08374393226
208288,208307,210925,19,2618,2,7200,1.00725744843
208303,208314,211433,11,3119,2,7200,1.0035267714
208304,208321,211348,17,3027,2,7200,1.00561612157
208319,208420,211539,101,3119,2,7200,1.03238217377
208409,208427,211521,18,3094,2,7200,1.0058177117
208424,208553,211555,129,3002,2,7200,1.04297135243
208545,208600,211729,55,3129,2,7200,1.0175775008
208590,208708,211965,118,3257,2,7200,1.0362296592
208698,208716,211950,18,3234,2,7200,1.00556586271
208713,208732,211532,19,2800,2,7200,1.00678571429
208728,208803,211968,75,3165,2,7200,1.02369668246
208794,208841,211313,47,2472,2,7200,1.01901294498
208833,208849,211948,16,3099,2,7200,1.00516295579
208847,209166,211594,319,2428,2,7200,1.13138385502
209034,209534,216139,500,6605,16,36000,1.0757002271
209158,209380,211989,222,2609,2,7200,1.08509007282
209309,212749,212948,3440,199,2,10800,18.2864321608
209369,209510,212624,141,3114,2,7200,1.04527938343
209417,209491,209518,74,27,32,36000,3.74074074074
209498,209616,212364,118,2748,2,7200,1.04294032023
209607,209824,212709,217,2885,2,7200,1.07521663778
209701,211612,211788,1911,176,32,36000,11.8579545455
209739,212534,222561,2795,10027,4,36000,1.27874738207
209815,209890,212702,75,2812,2,7200,1.02667140825
209832,209838,213554,6,3716,4,3600,1.0016146394
209878,210103,212830,225,2727,2,7200,1.08250825083
210069,212628,219679,2559,7051,4,36000,1.36292724436
210091,210212,213244,121,3032,2,7200,1.03990765172
210197,210238,212993,41,2755,2,7200,1.01488203267
210227,210294,213425,67,3131,2,7200,1.02139891408
210284,210301,213322,17,3021,2,7200,1.00562727574
210299,210310,213380,11,3070,2,7200,1.00358306189
210300,210325,213032,25,2707,2,7200,1.00923531585
210315,210469,213527,154,3058,2,7200,1.05035971223
210460,210483,213338,23,2855,2,7200,1.00805604203
210475,210508,213524,33,3016,2,7200,1.01094164456
210499,210587,213117,88,2530,2,7200,1.0347826087
210577,210670,213708,93,3038,2,7200,1.0306122449
210658,210749,214081,91,3332,2,7200,1.02731092437
210739,210850,214159,111,3309,2,7200,1.03354487761
210839,210913,214024,74,3111,2,7200,1.02378656381
210902,210920,214034,18,3114,2,7200,1.00578034682
210917,210937,214076,20,3139,2,7200,1.00637145588
210931,211000,214214,69,3214,2,7200,1.02146857498
210957,210964,211015,7,51,3,300,1.13725490196
210988,214275,214278,3287,3,1,180000,329.0
210991,211052,213538,61,2486,2,7200,1.02453740949
210993,214281,214284,3288,3,1,180000,329.1
211042,211256,214022,214,2766,2,7200,1.07736804049
211247,211326,214767,79,3441,2,7200,1.02295844231
211310,211316,211323,6,7,3,300,1.3
211316,211360,214231,44,2871,2,7200,1.0153256705
211350,211445,214070,95,2625,2,7200,1.03619047619
211404,211410,211416,6,6,3,300,1.2
211434,211482,214467,48,2985,2,7200,1.01608040201
211470,211532,214678,62,3146,2,7200,1.01970756516
211524,211544,214502,20,2958,2,7200,1.00676132522
211539,211552,214780,13,3228,2,7200,1.00402726146
211554,211567,214228,13,2661,2,7200,1.00488538144
211568,211605,214659,37,3054,2,7200,1.01211525868
211595,211747,214432,152,2685,2,7200,1.05661080074
211619,214253,216984,2634,2731,2,21600,1.96448187477
211694,211799,213321,105,1522,32,21600,1.06898817346
211715,211722,211727,7,5,3,300,1.2
211731,211930,215124,199,3194,2,7200,1.0623043206
211809,212345,212352,536,7,3,300,54.3
211951,211959,215038,8,3079,2,7200,1.00259824618
211952,211966,215035,14,3069,2,7200,1.0045617465
211967,211977,215186,10,3209,2,7200,1.00311623559
211982,211988,215006,6,3018,2,7200,1.00198807157
211997,212003,214894,6,2891,2,7200,1.00207540643
212241,214264,219961,2023,5697,2,21600,1.355099175
212294,212300,212301,6,1,1,360000,1.0
212358,212364,212365,6,1,1,360000,1.0
212367,212376,215717,9,3341,2,7200,1.00269380425
212407,212622,214914,215,2292,25,7199,1.09380453752
212416,214248,221481,1832,7233,3,7200,1.25328356145
212567,214270,271908,1703,57638,2,57600,1.02954647975
212620,212635,215942,15,3307,2,7200,1.00453583308
212704,212713,215557,9,2844,2,7200,1.00316455696
212719,212725,215873,6,3148,2,7200,1.00190597205
212830,212842,215985,12,3143,2,7200,1.00381800827
212964,212970,212976,6,6,3,300,1.2
212983,214110,217728,1127,3618,1,3600,1.31149806523
212996,213002,215433,6,2431,2,7200,1.00246812012
213032,213038,216145,6,3107,2,7200,1.00193112327
213053,214090,214096,1037,6,3,300,104.3
213116,213122,215983,6,2861,2,7200,1.00209716882
213246,213251,215888,5,2637,2,7200,1.00189609405
213324,213330,216194,6,2864,2,7200,1.00209497207
213339,213345,216525,6,3180,2,7200,1.00188679245
213381,213387,216220,6,2833,2,7200,1.00211789622
213427,213433,216615,6,3182,2,7200,1.00188560654
213526,213532,216895,6,3363,2,7200,1.00178412132
213528,213538,215998,10,2460,2,7200,1.00406504065
213542,213549,216309,7,2760,2,7200,1.00253623188
213625,214237,295768,612,81531,6,165600,1.00750634728
213708,213714,216924,6,3210,2,7200,1.00186915888
213742,214243,295663,501,81420,6,165600,1.00615327929
214025,214031,216969,6,2938,2,7200,1.00204220558
214026,214038,217121,12,3083,2,7200,1.00389231268
214041,214047,217148,6,3101,2,7200,1.00193485972
214071,214077,216982,6,2905,2,7200,1.00206540448
214086,214097,216459,11,2362,2,7200,1.00465707028
214087,214103,216896,16,2793,2,7200,1.00572860723
214159,214166,217269,7,3103,2,7200,1.00225588141
214217,214223,216903,6,2680,2,7200,1.00223880597
214232,214259,216888,27,2629,2,7200,1.01027006466
214233,214292,216880,59,2588,2,7200,1.02279752705
214432,214438,217098,6,2660,2,7200,1.0022556391
214468,214477,217101,9,2624,2,7200,1.00342987805
214504,214510,217464,6,2954,2,7200,1.00203114421
214603,216151,216162,1548,11,16,7200,141.727272727
214639,214931,216841,292,1910,4,3600,1.15287958115
214661,214667,217825,6,3158,2,7200,1.00189993667
214679,214685,217623,6,2938,2,7200,1.00204220558
214682,214936,216845,254,1909,4,3600,1.13305395495
214704,214925,214943,221,18,3,300,13.2777777778
214769,214775,217850,6,3075,2,7200,1.00195121951
214784,214790,217715,6,2925,2,7200,1.00205128205
214802,215724,216757,922,1033,32,36000,1.89254598258
214895,214901,217649,6,2748,2,7200,1.00218340611
215006,215013,218288,7,3275,2,7200,1.00213740458
215036,215043,217814,7,2771,2,7200,1.00252616384
215051,215057,217670,6,2613,2,7200,1.00229621125
215127,215133,218259,6,3126,2,7200,1.0019193858
215187,215193,218633,6,3440,2,7200,1.00174418605
215406,216157,223372,751,7215,3,7200,1.10408870409
215433,215440,218189,7,2749,2,7200,1.0025463805
215557,215563,218492,6,2929,2,7200,1.00204848071
215720,215730,218926,10,3196,2,7200,1.00312891114
215750,215757,215760,7,3,3,1800,1.0
215873,215879,218463,6,2584,2,7200,1.00232198142
215891,215897,219169,6,3272,2,7200,1.00183374083
215945,215951,218691,6,2740,2,7200,1.00218978102
215984,215990,218860,6,2870,2,7200,1.00209059233
215985,215996,219116,11,3120,2,7200,1.00352564103
216001,216007,219106,6,3099,2,7200,1.00193610842
216148,216163,218810,15,2647,2,7200,1.0056667926
216196,216202,218687,6,2485,2,7200,1.00241448692
216223,216229,218805,6,2576,2,7200,1.00232919255
216310,216317,219276,7,2959,2,7200,1.00236566408
216461,216467,219112,6,2645,2,7200,1.002268431
216481,216768,218776,287,2008,25,7199,1.14292828685
216527,216533,219455,6,2922,2,7200,1.00205338809
216618,216624,219760,6,3136,2,7200,1.00191326531
216883,216889,219709,6,2820,2,7200,1.00212765957
216898,216904,219555,6,2651,2,7200,1.00226329687
216899,216910,219918,11,3008,2,7200,1.00365691489
216901,216916,219872,15,2956,2,7200,1.0050744249
216915,216922,220004,7,3082,2,7200,1.00227125243
216931,216937,219682,6,2745,2,7200,1.00218579235
216971,216977,220081,6,3104,2,7200,1.00193298969
216986,216992,219827,6,2835,2,7200,1.00211640212
217101,217107,220148,6,3041,2,7200,1.00197303519
217103,217113,220121,10,3008,2,7200,1.00332446809
217124,217130,219817,6,2687,2,7200,1.00223297358
217150,217157,220174,7,3017,2,7200,1.00232018561
217226,218616,220985,1390,2369,32,21600,1.58674546222
217271,217277,220702,6,3425,2,7200,1.00175182482
217467,217473,220565,6,3092,2,7200,1.00194049159
217624,217630,220252,6,2622,2,7200,1.00228832952
217651,217657,220827,6,3170,2,7200,1.00189274448
217672,217678,220511,6,2833,2,7200,1.00211789622
217717,217723,220918,6,3195,2,7200,1.00187793427
217816,217822,220675,6,2853,2,7200,1.00210304942
217831,217837,220714,6,2877,2,7200,1.00208550574
217852,217858,220917,6,3059,2,7200,1.0019614253
217938,217944,219381,6,1437,8,6000,1.00417536534
217948,217955,219416,7,1461,8,6000,1.00479123888
217959,218787,220229,828,1442,8,6000,1.57420249653
218035,218803,220472,768,1669,1,3600,1.46015578191
218190,218299,221234,109,2935,2,7200,1.03713798978
218262,218474,221242,212,2768,2,7200,1.07658959538
218264,309073,323516,90809,14443,6,14400,7.28740566364
218272,326294,340731,108022,14437,6,14400,8.4823024174
218277,341165,355585,122888,14420,6,14400,9.52205270458
218280,355591,370032,137311,14441,6,14400,10.5084135448
218283,370038,377671,151755,7633,6,14400,20.8814358706
218287,410964,410994,192677,30,6,14400,6423.56666667
218289,218503,220927,214,2424,2,7200,1.08828382838
218290,221945,236377,3655,14432,6,14400,1.25325665188
218463,218644,221840,181,3196,2,7200,1.05663329161
218493,218698,221605,205,2907,2,7200,1.07051943584
218635,218705,221214,70,2509,2,7200,1.02789956158
218649,218809,219606,160,797,3,1800,1.20075282309
218689,218793,221803,104,3010,2,7200,1.03455149502
218704,218798,222052,94,3254,2,7200,1.02888752305
218796,218815,220272,19,1457,8,6000,1.01304049417
218806,218821,221960,15,3139,2,7200,1.00477859191
218817,218827,220268,10,1441,8,6000,1.00693962526
218821,218872,221683,51,2811,2,7200,1.01814300961
218863,218938,222029,75,3091,2,7200,1.02426399224
218907,220247,227496,1340,7249,3,7200,1.18485308318
218929,219117,221917,188,2800,2,7200,1.06714285714
219107,219123,222313,16,3190,2,7200,1.00501567398
219122,219129,222094,7,2965,2,7200,1.0023608769
219124,219180,222173,56,2993,2,7200,1.01871032409
219172,219287,222285,115,2998,2,7200,1.03835890594
219277,219392,222328,115,2936,2,7200,1.03916893733
219389,219427,220864,38,1437,8,6000,1.02644398051
219430,219466,220912,36,1446,8,6000,1.02489626556
219456,219566,222577,110,3011,2,7200,1.03653271338
219555,219617,222461,62,2844,2,7200,1.02180028129
219614,219720,221163,106,1443,8,6000,1.07345807346
219717,219883,221329,166,1446,8,6000,1.11479944675
219881,220093,221547,212,1454,8,6000,1.14580467675
220095,220241,221681,146,1440,8,6000,1.10138888889
220239,220279,221718,40,1439,8,6000,1.02779708131
220280,220286,221741,6,1455,8,6000,1.00412371134
220291,220522,221962,231,1440,8,6000,1.16041666667
220527,220725,222167,198,1442,8,6000,1.13730929265
220663,221908,244136,1245,22228,6,172800,1.05601043729
220722,220875,222330,153,1455,8,6000,1.10515463918
220875,220923,222370,48,1447,8,6000,1.03317208017
220923,220929,223923,6,2994,2,7200,1.00200400802
220927,221245,222693,318,1448,8,6000,1.21961325967
220937,220944,224297,7,3353,2,7200,1.00208768267
220970,221752,222882,782,1130,32,21600,1.69203539823
221005,221924,222218,919,294,1,259200,4.12585034014
221176,221929,222229,753,300,1,259200,3.51
221215,221253,224348,38,3095,2,7200,1.01227786753
221236,221340,224162,104,2822,2,7200,1.03685329554
221250,221346,223368,96,2022,2,7200,1.04747774481
221345,221729,223176,384,1447,8,6000,1.26537664133
221440,221935,222043,495,108,1,259200,5.58333333333
221475,221897,229099,422,7202,16,7200,1.05859483477
221606,221734,224977,128,3243,2,7200,1.03946962689
221632,221940,222274,308,334,1,259200,1.92215568862
221685,221740,224399,55,2659,2,7200,1.02068446785
221744,221902,223360,158,1458,8,6000,1.10836762689
221805,221913,224848,108,2935,2,7200,1.03679727428
221841,221918,224285,77,2367,2,7200,1.03253062949
221917,221974,223433,57,1459,8,6000,1.03906785469
221919,221979,224470,60,2491,2,7200,1.02408671216
221953,222200,222348,247,148,1,259200,2.66891891892
221961,221985,224388,24,2403,2,7200,1.00998751561
221989,222179,223627,190,1448,8,6000,1.13121546961
222030,222184,224946,154,2762,2,7200,1.05575669804
222054,222190,225227,136,3037,2,7200,1.04478103392
222066,222362,222510,296,148,1,259200,3.0
222096,222195,224870,99,2675,2,7200,1.03700934579
222174,222206,225552,32,3346,2,7200,1.0095636581
222204,222339,223792,135,1453,8,6000,1.09291121817
222286,222346,225142,60,2796,2,7200,1.02145922747
222313,222351,225559,38,3208,2,7200,1.01184538653
222331,222357,225321,26,2964,2,7200,1.00877192982
222357,222381,223831,24,1450,8,6000,1.01655172414
222378,222572,224035,194,1463,8,6000,1.13260423787
222461,222578,225201,117,2623,2,7200,1.04460541365
222578,222588,225452,10,2864,2,7200,1.00349162011
222593,222704,224170,111,1466,8,6000,1.07571623465
222599,223386,226369,787,2983,3,7200,1.26382836071
222705,223187,224642,482,1455,8,6000,1.33127147766
222864,223794,223798,930,4,32,21600,93.4
223033,223644,225554,611,1910,4,3600,1.31989528796
223055,223825,225737,770,1912,4,3600,1.40271966527
223100,223809,240922,709,17113,1,212400,1.04143049144
223185,223380,224830,195,1450,8,6000,1.13448275862
223211,223831,225741,620,1910,4,3600,1.32460732984
223235,223836,225750,601,1914,4,3600,1.31400208986
223278,223841,225751,563,1910,4,3600,1.29476439791
223295,223846,225756,551,1910,4,3600,1.28848167539
223371,223445,226266,74,2821,2,7200,1.02623183268
223450,223638,225083,188,1445,8,6000,1.13010380623
223634,223803,225254,169,1451,8,6000,1.11647139904
223690,223814,224149,124,335,1,3600,1.37014925373
223808,223820,225275,12,1455,8,6000,1.00824742268
223819,223853,225304,34,1451,8,6000,1.02343211578
223847,227773,249413,3926,21640,32,21600,1.1814232902
223850,224181,225633,331,1452,8,6000,1.22796143251
223924,223934,226846,10,2912,2,7200,1.00343406593
224162,224168,226771,6,2603,2,7200,1.00230503265
224177,225748,227762,1571,2014,25,7199,1.78003972195
224177,224187,225662,10,1475,8,6000,1.00677966102
224188,224653,226103,465,1450,8,6000,1.32068965517
224285,224296,227095,11,2799,2,7200,1.00392997499
224300,224659,227378,359,2719,2,7200,1.13203383597
224348,224664,227101,316,2437,2,7200,1.12966762413
224387,224669,227773,282,3104,2,7200,1.09085051546
224402,224841,227425,439,2584,2,7200,1.16989164087
224471,224847,227971,376,3124,2,7200,1.12035851472
224799,224806,224810,7,4,2,3600,1.1
224848,224855,227318,7,2463,2,7200,1.00284206253
224851,224948,226426,97,1478,8,6000,1.06562922869
224872,224954,227638,82,2684,2,7200,1.0305514158
224948,224960,228160,12,3200,2,7200,1.00375
224964,225095,226573,131,1478,8,6000,1.08863328823
224978,225101,228063,123,2962,2,7200,1.04152599595
225097,225238,226700,141,1462,8,6000,1.09644322845
225143,225266,228147,123,2881,2,7200,1.0426935092
225204,225272,227692,68,2420,2,7200,1.02809917355
225227,225277,228347,50,3070,2,7200,1.01628664495
225281,225315,226791,34,1476,8,6000,1.02303523035
225312,225332,226805,20,1473,8,6000,1.01357773252
225321,225563,228668,242,3105,2,7200,1.07793880837
225453,225569,228519,116,2950,2,7200,1.0393220339
225553,225576,228819,23,3243,2,7200,1.00709219858
225567,225644,228416,77,2772,2,7200,1.02777777778
225649,225673,227137,24,1464,8,6000,1.01639344262
225670,226114,227568,444,1454,8,6000,1.30536451169
226013,226437,244874,424,18437,1,21600,1.02299723382
226119,226442,227929,323,1487,8,6000,1.21721587088
226268,226447,229386,179,2939,2,7200,1.06090506975
226431,226453,292274,22,65821,3,72000,1.00033423983
226446,226584,228036,138,1452,8,6000,1.09504132231
226589,226711,228166,122,1455,8,6000,1.08384879725
226712,226802,228259,90,1457,8,6000,1.06177076184
226772,226782,229887,10,3105,2,7200,1.00322061192
226804,226816,228276,12,1460,8,6000,1.00821917808
226815,227148,228608,333,1460,8,6000,1.22808219178
226849,227112,230287,263,3175,2,7200,1.08283464567
227097,227153,229903,56,2750,2,7200,1.02036363636
227098,228178,232861,1080,4683,4,86400,1.23062139654
227112,227159,230235,47,3076,2,7200,1.01527958388
227164,227436,228901,272,1465,8,6000,1.18566552901
227215,231144,231704,3929,560,32,36000,8.01607142857
227320,227579,230665,259,3086,2,7200,1.08392741413
227380,227585,230653,205,3068,2,7200,1.06681877445
227426,227590,230594,164,3004,2,7200,1.05459387483
227592,227779,229245,187,1466,8,6000,1.1275579809
227640,227941,231159,301,3218,2,7200,1.09353635799
227694,227947,231227,253,3280,2,7200,1.07713414634
227775,227952,230361,177,2409,2,7200,1.07347447073
227951,228047,229506,96,1459,8,6000,1.06579849212
227975,228053,230850,78,2797,2,7200,1.02788702181
228053,228158,229836,105,1678,8,6000,1.06257449344
228065,228171,230940,106,2769,2,7200,1.03828096786
228146,228184,231201,38,3017,2,7200,1.01259529334
228161,228189,231049,28,2860,2,7200,1.00979020979
228186,228271,229728,85,1457,8,6000,1.05833905285
228268,228428,229906,160,1478,8,6000,1.10825439783
228348,228530,231536,182,3006,2,7200,1.06054557552
228418,228620,231579,202,2959,2,7200,1.06826630618
228520,228626,231517,106,2891,2,7200,1.03666551366
228626,228758,230235,132,1477,8,6000,1.08937034529
228671,228764,232077,93,3313,2,7200,1.02807123453
228752,229110,231133,358,2023,25,7199,1.17696490361
228769,228912,230409,143,1497,8,6000,1.0955243821
228819,228917,232093,98,3176,2,7200,1.03085642317
228922,229116,230795,194,1679,8,6000,1.11554496724
229117,229257,230722,140,1465,8,6000,1.09556313993
229260,229517,230973,257,1456,8,6000,1.17651098901
229389,229397,232227,8,2830,2,7200,1.00282685512
229515,229739,231200,224,1461,8,6000,1.15331964408
229533,231726,292290,2193,60564,3,72000,1.03620962948
229740,229847,231561,107,1714,8,6000,1.06242707118
229844,229917,231401,73,1484,8,6000,1.04919137466
229887,229922,233059,35,3137,2,7200,1.01115715652
229905,229928,232618,23,2690,2,7200,1.00855018587
229926,230246,231706,320,1460,8,6000,1.21917808219
230172,231715,298807,1543,67092,6,165600,1.02299827103
230236,230372,233077,136,2705,2,7200,1.05027726433
230287,230421,233191,134,2770,2,7200,1.04837545126
230362,230426,233188,64,2762,2,7200,1.02317161477
230427,230676,232136,249,1460,8,6000,1.17054794521
230595,230602,233252,7,2650,2,7200,1.00264150943
230655,231720,293930,1065,62210,6,165600,1.01711943417
230655,230738,233959,83,3221,2,7200,1.02576839491
230670,230733,233658,63,2925,2,7200,1.02153846154
230744,230984,232756,240,1772,8,6000,1.13544018059
230851,230990,234040,139,3050,2,7200,1.04557377049
230860,231547,240901,687,9354,16,18000,1.07344451572
230941,230995,234009,54,3014,2,7200,1.01791639018
230999,231211,232665,212,1454,8,6000,1.14580467675
231049,231217,234246,168,3029,2,7200,1.05546384946
231161,231222,234433,61,3211,2,7200,1.01899719713
231203,231228,234168,25,2940,2,7200,1.00850340136
231224,231412,232912,188,1500,8,6000,1.12533333333
231227,231418,234501,191,3083,2,7200,1.06195264353
231418,231573,233040,155,1467,8,6000,1.10565780504
231519,231590,234548,71,2958,2,7200,1.02400270453
231537,231731,234418,194,2687,2,7200,1.07219947897
231579,231736,234292,157,2556,2,7200,1.06142410016
231735,231747,233201,12,1454,8,6000,1.00825309491
231746,231753,233223,7,1470,8,6000,1.00476190476
231756,232147,233604,391,1457,8,6000,1.2683596431
231788,231794,231914,6,120,1,3600,1.05
231920,231926,231975,6,49,1,3600,1.12244897959
232077,232159,235403,82,3244,2,7200,1.02527743527
232095,232238,235248,143,3010,2,7200,1.04750830565
232113,232119,234029,6,1910,4,3600,1.00314136126
232123,232129,232149,6,20,1,3600,1.3
232181,233842,235753,1661,1911,4,3600,1.86917844061
232221,234041,235951,1820,1910,4,3600,1.95287958115
232228,232676,235090,448,2414,2,7200,1.18558409279
232410,249607,255620,17197,6013,2,21600,3.85997006486
232412,232629,236334,217,3705,1,3600,1.05856950067
232620,232682,235945,62,3263,2,7200,1.0190009194
232685,232768,234224,83,1456,8,6000,1.05700549451
232767,232872,234339,105,1467,8,6000,1.07157464213
232869,232923,234393,54,1470,8,6000,1.03673469388
232902,249558,335993,16656,86435,4,86400,1.19269971655
232921,233051,234517,130,1466,8,6000,1.08867667121
233053,238453,271651,5400,33198,16,36000,1.16266040123
233054,233203,234655,149,1452,8,6000,1.10261707989
233060,233212,236578,152,3366,2,7200,1.04515745692
233078,233217,235946,139,2729,2,7200,1.05093440821
233189,233223,235652,34,2429,2,7200,1.01399752985
233204,233228,235612,24,2384,2,7200,1.01006711409
233228,233616,235084,388,1468,8,6000,1.26430517711
233253,233622,236422,369,2800,2,7200,1.13178571429
233309,240807,276830,7498,36023,16,36000,1.20814479638
233402,249612,257545,16210,7933,2,21600,3.04336316652
233626,234236,235707,610,1471,8,6000,1.41468388851
233661,233667,236194,6,2527,2,7200,1.00237435694
233836,236388,238442,2552,2054,25,7199,2.24245374878
233872,249618,259217,15746,9599,2,21600,2.64037920617
233959,234048,237169,89,3121,2,7200,1.02851650112
234010,234053,237134,43,3081,2,7200,1.01395650763
234028,234351,245733,323,11382,1,21600,1.02837814092
234039,235418,247241,1379,11823,1,21600,1.11663706335
234040,234058,237191,18,3133,2,7200,1.00574529205
234044,235424,247240,1380,11816,1,21600,1.11679079215
234170,234177,236974,7,2797,2,7200,1.00250268144
234238,234405,235867,167,1462,8,6000,1.11422708618
234249,234255,237161,6,2906,2,7200,1.00206469374
234294,234301,237385,7,3084,2,7200,1.00226977951
234402,234529,235986,127,1457,8,6000,1.08716540837
234420,234426,237520,6,3094,2,7200,1.00193923723
234435,234441,237434,6,2993,2,7200,1.00200467758
234487,240913,258326,6426,17413,16,36000,1.3690346293
234501,234507,237706,6,3199,2,7200,1.00187558612
234525,234668,236140,143,1472,8,6000,1.09714673913
234549,234556,237560,7,3004,2,7200,1.00233022636
234618,249623,257323,15005,7700,2,21600,2.9487012987
234658,235096,236560,438,1464,8,6000,1.29918032787
234917,249552,257017,14635,7465,16,36000,2.9604822505
235087,235719,237183,632,1464,8,6000,1.43169398907
235092,235103,237702,11,2599,2,7200,1.00423239708
235212,249628,256842,14416,7214,2,21600,2.99833656778
235249,235256,238031,7,2775,2,7200,1.00252252252
235403,235879,237352,476,1473,8,6000,1.32315003394
235406,235412,238244,6,2832,2,7200,1.00211864407
235614,235623,238343,9,2720,2,7200,1.00330882353
235653,235664,238724,11,3060,2,7200,1.00359477124
235766,249633,252880,13867,3247,2,21600,5.27071142593
235873,235997,237462,124,1465,8,6000,1.08464163823
235945,235957,239128,12,3171,2,7200,1.00378429518
235947,235964,239076,17,3112,2,7200,1.00546272494
235996,236153,237613,157,1460,8,6000,1.10753424658
236129,236834,238747,705,1913,4,3600,1.36853110298
236150,236571,238053,421,1482,8,6000,1.28407557355
236188,252892,254802,16704,1910,4,3600,9.74554973822
236197,236207,239486,10,3279,2,7200,1.00304971028
236326,249864,253016,13538,3152,2,21600,5.29505076142
236423,236435,239419,12,2984,2,7200,1.00402144772
236568,237173,238648,605,1475,8,6000,1.41016949153
236579,237195,238668,616,1473,8,6000,1.41819416158
236580,236794,239919,214,3125,2,7200,1.06848
236891,238459,302481,1568,64022,1,73800,1.02449158102
236918,249563,249596,12645,33,6,165600,384.181818182
236927,249568,249596,12641,28,6,165600,452.464285714
236975,237200,240273,225,3073,2,7200,1.0732183534
236998,238676,303803,1678,65127,1,73800,1.02576504368
237135,237206,240326,71,3120,2,7200,1.02275641026
237161,237364,240480,203,3116,2,7200,1.06514762516
237176,237369,240399,193,3030,2,7200,1.06369636964
237191,237374,240614,183,3240,2,7200,1.05648148148
237365,237473,238949,108,1476,8,6000,1.07317073171
237387,237479,240119,92,2640,2,7200,1.03484848485
237435,237484,240009,49,2525,2,7200,1.01940594059
237477,237624,239107,147,1483,8,6000,1.09912339852
237523,237630,240618,107,2988,2,7200,1.03580990629
237562,237635,240789,73,3154,2,7200,1.02314521243
237631,238043,239526,412,1483,8,6000,1.27781523938
237703,238064,239561,361,1497,8,6000,1.2411489646
237703,238256,241016,553,2760,2,7200,1.20036231884
237718,238354,241403,636,3049,2,7200,1.20859298131
238031,238660,241331,629,2671,2,7200,1.23549232497
238245,238665,242039,420,3374,2,7200,1.1244813278
238345,238670,241833,325,3163,2,7200,1.10275055327
238662,238682,240163,20,1481,8,6000,1.01350438893
238673,238961,240421,288,1460,8,6000,1.19726027397
238725,239125,242271,400,3146,2,7200,1.12714558169
238725,239119,240598,394,1479,8,6000,1.26639621366
239077,239130,242054,53,2924,2,7200,1.01812585499
239123,239537,241010,414,1473,8,6000,1.28105906314
239128,239543,242143,415,2600,2,7200,1.15961538462
239420,239548,242735,128,3187,2,7200,1.04016316285
239489,239553,243004,64,3451,2,7200,1.01854534917
239552,239572,241046,20,1474,8,6000,1.01356852103
239562,240174,241650,612,1476,8,6000,1.41463414634
239745,249424,249541,9679,117,32,36000,83.7264957265
239920,240337,243434,417,3097,2,7200,1.13464643203
239920,240285,241754,365,1469,8,6000,1.24846834581
240010,240410,243435,400,3025,2,7200,1.13223140496
240048,244029,244436,3981,407,2,900,10.7813267813
240082,244448,244854,4366,406,2,900,11.7536945813
240119,240433,243529,314,3096,2,7200,1.10142118863
240141,244866,245273,4725,407,2,900,12.6093366093
240249,244886,245295,4637,409,2,900,12.337408313
240275,240438,243570,163,3132,2,7200,1.05204342273
240326,240443,243585,117,3142,2,7200,1.03723742839
240328,245285,245692,4957,407,2,900,13.1793611794
240401,240448,243488,47,3040,2,7200,1.01546052632
240448,240610,245297,162,4687,5,14400,1.03456368679
240480,240491,243597,11,3106,2,7200,1.00354153252
240602,240629,245107,27,4478,5,14400,1.00602947745
240612,241022,245460,410,4438,5,14400,1.09238395674
240615,240623,243834,8,3211,2,7200,1.00249143569
240630,240800,244001,170,3201,2,7200,1.05310840362
240790,240934,244017,144,3083,2,7200,1.04670775219
240898,255634,255636,14736,2,8,3540,1473.8
241011,241030,245136,19,4106,5,14400,1.00462737457
241019,241058,244322,39,3264,2,7200,1.01194852941
241052,241064,245712,12,4648,5,14400,1.00258175559
241063,241661,245676,598,4015,5,14400,1.14894146949
241332,241344,244266,12,2922,2,7200,1.00410677618
241404,241416,244399,12,2983,2,7200,1.00402279584
241655,241765,246078,110,4313,5,14400,1.02550428936
241665,241771,246500,106,4729,5,14400,1.02241488687
241768,244142,248194,2374,4052,5,14400,1.58588351431
241835,241845,244746,10,2901,2,7200,1.00344708721
242040,242051,245264,11,3213,2,7200,1.00342359166
242055,242066,245297,11,3231,2,7200,1.00340451872
242145,242154,245024,9,2870,2,7200,1.0031358885
242272,242282,244967,10,2685,2,7200,1.00372439479
242735,242747,245642,12,2895,2,7200,1.00414507772
243004,245120,249117,2116,3997,5,14400,1.52939704779
243007,243016,246200,9,3184,2,7200,1.00282663317
243434,243445,246602,11,3157,2,7200,1.00348432056
243449,243455,246224,6,2769,2,7200,1.00216684724
243491,243501,246208,10,2707,2,7200,1.00369412634
243530,243541,246097,11,2556,2,7200,1.00430359937
243572,243582,246850,10,3268,2,7200,1.00305997552
243587,243597,246669,10,3072,2,7200,1.00325520833
243602,243608,246199,6,2591,2,7200,1.00231570822
243837,243846,247125,9,3279,2,7200,1.00274473925
244003,244012,246600,9,2588,2,7200,1.00347758887
244017,244148,247312,131,3164,2,7200,1.04140328698
244268,244278,247097,10,2819,2,7200,1.00354735722
244325,244334,247538,9,3204,2,7200,1.00280898876
244400,244411,247622,11,3211,2,7200,1.00342572407
244746,244758,248051,12,3293,2,7200,1.00364409353
244967,244978,248065,11,3087,2,7200,1.00356333009
245027,245036,247871,9,2835,2,7200,1.00317460317
245117,245148,249164,31,4016,5,14400,1.00771912351
245148,245314,250163,166,4849,5,14400,1.03423386265
245265,245276,247894,11,2618,2,7200,1.00420168067
245298,245306,247997,8,2691,2,7200,1.00297287254
245311,245473,250309,162,4836,5,14400,1.03349875931
245475,245689,249721,214,4032,5,14400,1.05307539683
245642,245648,248637,6,2989,2,7200,1.00200736032
245690,245723,250332,33,4609,5,14400,1.00715990453
245721,245744,249853,23,4109,5,14400,1.00559746897
245741,246090,250931,349,4841,5,14400,1.07209254286
245844,247253,247255,1409,2,2,3540,141.1
246089,246512,251085,423,4573,5,14400,1.09249945331
246097,246109,249053,12,2944,2,7200,1.00407608696
246199,246211,249360,12,3149,2,7200,1.00381073357
246201,246216,249501,15,3285,2,7200,1.00456621005
246216,246224,249129,8,2905,2,7200,1.00275387263
246230,246237,249281,7,3044,2,7200,1.00229960578
246507,248206,252521,1699,4315,5,14400,1.39374275782
246601,246613,249571,12,2958,2,7200,1.00405679513
246603,246620,249378,17,2758,2,7200,1.00616388687
246672,246682,249747,10,3065,2,7200,1.00326264274
246853,246862,249812,9,2950,2,7200,1.00305084746
247097,247109,249826,12,2717,2,7200,1.004416636
247127,247137,250250,10,3113,2,7200,1.00321233537
247314,247321,249864,7,2543,2,7200,1.00275265435
247540,247546,250430,6,2884,2,7200,1.00208044383
247624,247631,250266,7,2635,2,7200,1.00265654649
247874,247881,250516,7,2635,2,7200,1.00265654649
247895,247902,251119,7,3217,2,7200,1.00217594032
247997,248003,251075,6,3072,2,7200,1.001953125
248051,248059,250913,8,2854,2,7200,1.00280308339
248066,248073,250972,7,2899,2,7200,1.00241462573
248211,249129,253424,918,4295,5,14400,1.21373690338
248641,248647,251568,6,2921,2,7200,1.00205409106
249053,249060,252067,7,3007,2,7200,1.00232790156
249131,249176,253352,45,4176,5,14400,1.01077586207
249132,249138,251824,6,2686,2,7200,1.00223380491
249172,249732,253996,560,4264,5,14400,1.13133208255
249282,249288,252156,6,2868,2,7200,1.00209205021
249360,249366,252252,6,2886,2,7200,1.00207900208
249378,249384,251749,6,2365,2,7200,1.00253699789
249501,249508,252243,7,2735,2,7200,1.00255941499
249574,249581,252715,7,3134,2,7200,1.00223356733
249733,249824,254601,91,4777,5,14400,1.01904961273
249748,249838,252887,90,3049,2,7200,1.02951787471
249815,249869,252783,54,2914,2,7200,1.01853122855
249829,249876,253037,47,3161,2,7200,1.01486871243
249865,250174,253364,309,3190,2,7200,1.09686520376
250173,250181,254804,8,4623,5,14400,1.00173047804
250183,250320,254985,137,4665,5,14400,1.0293676313
250251,250326,253221,75,2895,2,7200,1.02590673575
250269,250331,253195,62,2864,2,7200,1.02164804469
250326,250343,254575,17,4232,5,14400,1.00401701323
250347,250924,256181,577,5257,5,14400,1.10975841735
250432,250943,254152,511,3209,2,7200,1.15923963852
250519,250949,253890,430,2941,2,7200,1.14620877253
250914,250984,253840,70,2856,2,7200,1.02450980392
250974,251086,254181,112,3095,2,7200,1.03618739903
251076,251097,254069,21,2972,2,7200,1.00706594886
251102,251109,255213,7,4104,5,14400,1.00170565302
251113,251761,255735,648,3974,5,14400,1.16305988928
251570,251835,254921,265,3086,2,7200,1.08587167855
251590,251597,252445,7,848,1,3600,1.00825471698
251751,252078,254687,327,2609,2,7200,1.12533537754
251826,252167,255070,341,2903,2,7200,1.1174646917
252067,252254,255138,187,2884,2,7200,1.06484049931
252157,252263,255450,106,3187,2,7200,1.03326011923
252245,252532,255561,287,3029,2,7200,1.09475074282
252259,252726,255479,467,2753,2,7200,1.1696331275
252717,252794,255726,77,2932,2,7200,1.02626193724
252783,252898,255615,115,2717,2,7200,1.04232609496
252889,252904,256109,15,3205,2,7200,1.00468018721
252909,253237,258068,328,4831,5,14400,1.06789484579
253039,253363,256217,324,2854,2,7200,1.11352487737
253148,253154,253692,6,538,1,1800,1.01115241636
253196,253369,256133,173,2764,2,7200,1.06259044863
253223,253375,256413,152,3038,2,7200,1.05003291639
253340,253346,253347,6,1,1,86400,1.0
253367,253436,256720,69,3284,2,7200,1.02101096224
253395,253402,253936,7,534,1,1800,1.01310861423
253407,253413,254143,6,730,1,43200,1.00821917808
253440,254007,258056,567,4049,5,14400,1.14003457644
253840,253848,256928,8,3080,2,7200,1.0025974026
253891,253898,257036,7,3138,2,7200,1.0022307202
253964,255647,257029,1683,1382,6,172800,2.21780028944
254001,254085,257902,84,3817,5,14400,1.02200681163
254002,288243,290981,34241,2738,6,180000,13.5058436815
254072,254079,257296,7,3217,2,7200,1.00217594032
254083,254328,258888,245,4560,5,14400,1.05372807018
254118,254125,254127,7,2,1,86400,1.0
254153,254586,257804,433,3218,2,7200,1.13455562461
254183,254592,257693,409,3101,2,7200,1.13189293776
254316,254322,254323,6,1,1,86400,1.0
254594,254612,258902,18,4290,5,14400,1.0041958042
254615,254821,259568,206,4747,5,14400,1.04339582894
254690,254814,257623,124,2809,2,7200,1.04414382342
254819,254996,259521,177,4525,5,14400,1.0391160221
254880,254887,254889,7,2,1,86400,1.0
254921,255002,257735,81,2733,2,7200,1.0296377607
255003,255150,259045,147,3895,5,14400,1.0377406932
255072,255225,258086,153,2861,2,7200,1.05347780496
255138,255231,257877,93,2646,2,7200,1.03514739229
255187,255194,255195,7,1,1,86400,1.0
255228,255572,260149,344,4577,5,14400,1.0751584007
255452,255628,258569,176,2941,2,7200,1.05984359062
255481,255716,258630,235,2914,2,7200,1.08064516129
255563,255737,258766,174,3029,2,7200,1.05744470122
255617,255746,259087,129,3341,2,7200,1.03861119425
255704,255710,256621,6,911,1,43200,1.00658616905
255727,255752,258508,25,2756,2,7200,1.00907111756
255749,256640,260841,891,4201,5,14400,1.21209235896
255757,257028,285863,1271,28835,16,28800,1.04407837697
255768,271663,288709,15895,17046,16,28800,1.93247682741
255813,276841,288236,21028,11395,16,28800,2.84537077666
255813,271919,288231,16106,16312,16,28800,1.98737126042
255814,285874,288235,30060,2361,16,28800,13.7318932656
255814,279782,288235,23968,8453,16,28800,3.83544303797
256109,256121,259237,12,3116,2,7200,1.00385109114
256136,256146,259231,10,3085,2,7200,1.00324149109
256218,256224,258855,6,2631,2,7200,1.00228050171
256413,256419,259601,6,3182,2,7200,1.00188560654
256628,256634,256655,6,21,2,43200,1.28571428571
256636,257049,261348,413,4299,5,14400,1.09606885322
256662,256668,257273,6,605,1,43200,1.00991735537
256721,256732,259721,11,2989,2,7200,1.00368016059
256928,256935,260278,7,3343,2,7200,1.00209392761
257045,257915,262546,870,4631,5,14400,1.18786439214
257046,257055,259534,9,2479,2,7200,1.00363049617
257198,257204,257267,6,63,2,3540,1.09523809524
257279,257285,257383,6,98,1,43200,1.0612244898
257296,257303,260669,7,3366,2,7200,1.00207961973
257390,257396,260010,6,2614,1,43200,1.00229533282
257625,257705,260925,80,3220,2,7200,1.0248447205
257694,257747,260688,53,2941,2,7200,1.01802108126
257736,257816,261091,80,3275,2,7200,1.02442748092
257805,257889,261119,84,3230,2,7200,1.02600619195
257880,258068,260663,188,2595,2,7200,1.07244701349
258065,258080,261890,15,3810,5,14400,1.00393700787
258076,258102,262623,26,4521,5,14400,1.00575094006
258083,261075,282709,2992,21634,32,21600,1.13830082278
258088,258094,261063,6,2969,2,7200,1.00202088245
258107,258900,263598,793,4698,5,14400,1.16879523201
258510,258517,261501,7,2984,2,7200,1.0023458445
258571,258577,261904,6,3327,2,7200,1.00180342651
258631,258638,261582,7,2944,2,7200,1.00237771739
258766,258773,262014,7,3241,2,7200,1.00215982721
258856,258863,261438,7,2575,2,7200,1.0027184466
258903,258913,263528,10,4615,5,14400,1.00216684724
258914,259057,263868,143,4811,5,14400,1.0297235502
259057,259533,264188,476,4655,5,14400,1.1022556391
259089,259095,261987,6,2892,2,7200,1.0020746888
259233,259239,262292,6,3053,2,7200,1.00196528005
259235,259246,261552,11,2306,2,7200,1.00477016479
259536,259543,262770,7,3227,2,7200,1.0021691974
259547,259579,263679,32,4100,5,14400,1.00780487805
259578,260161,264813,583,4652,5,14400,1.12532244196
259602,259608,262604,6,2996,2,7200,1.00200267023
259723,259730,262376,7,2646,2,7200,1.00264550265
260056,260062,260252,6,190,1,3600,1.03157894737
260160,261918,266393,1758,4475,5,14400,1.39284916201
260280,260287,263251,7,2964,2,7200,1.00236167341
260592,260598,263261,6,2663,1,3600,1.00225309801
260665,260675,263853,10,3178,2,7200,1.0031466331
260680,260701,264004,21,3303,2,7200,1.00635785649
260695,260852,263830,157,2978,2,7200,1.05271994627
260927,260938,263953,11,3015,2,7200,1.00364842454
261000,262619,262645,1619,26,1,576000,63.2692307692
261066,261103,263577,37,2474,2,7200,1.01495553759
261093,261131,264374,38,3243,2,7200,1.01171754548
261120,261359,264319,239,2960,2,7200,1.08074324324
261439,261445,264316,6,2871,2,7200,1.00208986416
261502,261508,264449,6,2941,2,7200,1.00204012241
261553,261560,264328,7,2768,2,7200,1.00252890173
261583,261589,264473,6,2884,2,7200,1.00208044383
261895,262558,266696,663,4138,5,14400,1.16022232963
261906,261913,264622,7,2709,2,7200,1.00258397933
261990,261996,264359,6,2363,2,7200,1.00253914515
262017,262024,264839,7,2815,2,7200,1.00248667851
262294,262301,265523,7,3222,2,7200,1.00217256363
262379,262386,265020,7,2634,2,7200,1.00265755505
262548,262634,266628,86,3994,5,14400,1.02153229845
262605,262612,265363,7,2751,2,7200,1.00254452926
262630,263539,267434,909,3895,5,14400,1.23337612323
262770,262776,265580,6,2804,2,7200,1.00213980029
263252,263259,266533,7,3274,2,7200,1.00213805742
263266,263272,295631,6,32359,1,86400,1.00018541982
263538,263609,267645,71,4036,5,14400,1.01759167493
263577,263585,266572,8,2987,2,7200,1.00267827251
263600,263691,268038,91,4347,5,14400,1.02093397746
263682,263880,268773,198,4893,5,14400,1.0404659718
263831,263837,267096,6,3259,2,7200,1.00184105554
263855,263862,266887,7,3025,2,7200,1.00231404959
263876,264199,268797,323,4598,5,14400,1.07024793388
263954,263960,267114,6,3154,2,7200,1.00190234623
264005,264011,267169,6,3158,2,7200,1.00189993667
264195,264339,268898,144,4559,5,14400,1.0315858741
264318,264325,267136,7,2811,2,7200,1.002490217
264320,264331,267127,11,2796,2,7200,1.0039341917
264335,264370,267462,35,3092,2,7200,1.01131953428
264362,264385,267436,23,3051,2,7200,1.00753851196
264376,264461,267682,85,3221,2,7200,1.02638932009
264452,264485,267948,33,3463,2,7200,1.00952930985
264476,264634,267138,158,2504,2,7200,1.06309904153
264623,264824,267732,201,2908,2,7200,1.06911966988
264827,266406,270907,1579,4501,5,14400,1.3508109309
264840,264846,267744,6,2898,2,7200,1.00207039337
265021,265027,268143,6,3116,2,7200,1.00192554557
265365,265372,268774,7,3402,2,7200,1.00205761317
265525,265531,268555,6,3024,2,7200,1.00198412698
265582,266544,269613,962,3069,2,7200,1.31345715217
266534,266584,269475,50,2891,2,7200,1.01729505361
266573,266707,269989,134,3282,2,7200,1.04082876295
266634,266640,270692,6,4052,5,14400,1.00148075025
266705,267149,271349,444,4200,5,14400,1.10571428571
266706,267445,271654,739,4209,5,14400,1.17557614635
266889,266895,270063,6,3168,2,7200,1.00189393939
267097,267103,270301,6,3198,2,7200,1.00187617261
267115,267121,270360,6,3239,2,7200,1.00185242359
267130,267136,269834,6,2698,2,7200,1.00222386953
267145,267181,270169,36,2988,2,7200,1.01204819277
267147,267452,270297,305,2845,2,7200,1.1072056239
267171,267473,270454,302,2981,2,7200,1.10130828581
267439,267656,270711,217,3055,2,7200,1.07103109656
267463,267662,270690,199,3028,2,7200,1.06571994716
267655,268049,272069,394,4020,5,14400,1.09800995025
267665,268785,272552,1120,3767,5,14400,1.29731882134
267683,267694,270945,11,3251,2,7200,1.00338357428
267734,267743,270887,9,3144,2,7200,1.00286259542
267749,267755,270860,6,3105,2,7200,1.00193236715
267951,267961,271032,10,3071,2,7200,1.00325626832
267986,267992,268134,6,142,1,3600,1.04225352113
268054,268809,273878,755,5069,5,14400,1.148944565
268144,268154,271500,10,3346,2,7200,1.00298864316
268269,279788,280103,11519,315,1,3600,37.5682539683
268557,268567,271699,10,3132,2,7200,1.00319284802
268774,268792,271683,18,2891,2,7200,1.0062262193
268788,268910,273610,122,4700,5,14400,1.02595744681
268809,270709,274635,1900,3926,5,14400,1.48395313296
268912,270919,274774,2007,3855,5,14400,1.52062256809
269476,269486,272818,10,3332,2,7200,1.00300120048
269615,269625,272600,10,2975,2,7200,1.00336134454
269835,269845,272490,10,2645,2,7200,1.00378071834
269992,270002,273090,10,3088,2,7200,1.00323834197
270064,270075,273461,11,3386,2,7200,1.003248671
270169,270180,273091,11,2911,2,7200,1.00377877018
270299,270309,273266,10,2957,2,7200,1.00338180588
270314,270320,273383,6,3063,2,7200,1.00195886386
270362,270371,273187,9,2816,2,7200,1.00319602273
270455,270466,273514,11,3048,2,7200,1.00360892388
270690,270702,273860,12,3158,2,7200,1.00379987334
270707,271362,276217,655,4855,5,14400,1.13491246138
270711,270723,273661,12,2938,2,7200,1.00408441116
270862,270872,274049,10,3177,2,7200,1.00314762354
270889,270898,274120,9,3222,2,7200,1.00279329609
270922,271671,276506,749,4835,5,14400,1.15491209928
270946,270956,273936,10,2980,2,7200,1.0033557047
271033,271044,273937,11,2893,2,7200,1.00380228137
271360,272081,276682,721,4601,5,14400,1.15670506412
271501,271512,274291,11,2779,2,7200,1.00395825837
271667,272564,277223,897,4659,5,14400,1.19253058596
271685,271694,274697,9,3003,2,7200,1.002997003
271699,271711,274872,12,3161,2,7200,1.003796267
271826,279793,279923,7967,130,1,3600,62.2846153846
272086,273622,278171,1536,4549,5,14400,1.33765662783
272492,272502,275443,10,2941,2,7200,1.00340020401
272565,273890,278083,1325,4193,5,14400,1.31600286191
272600,272611,275613,11,3002,2,7200,1.00366422385
272820,272829,276008,9,3179,2,7200,1.00283107896
273092,273102,276343,10,3241,2,7200,1.00308546745
273093,273109,276143,16,3034,2,7200,1.00527356625
273188,273199,275672,11,2473,2,7200,1.00444803882
273267,273279,275961,12,2682,2,7200,1.00447427293
273384,273395,276103,11,2708,2,7200,1.0040620384
273462,273473,276719,11,3246,2,7200,1.0033887862
273516,273527,276699,11,3172,2,7200,1.00346784363
273626,274647,279236,1021,4589,5,14400,1.2224885596
273664,273674,276331,10,2657,2,7200,1.00376364321
273860,273871,276901,11,3030,2,7200,1.00363036304
273892,274786,279237,894,4451,5,14400,1.20085374073
273938,273948,276909,10,2961,2,7200,1.00337723742
273940,273954,277023,14,3069,2,7200,1.0045617465
274051,274060,276837,9,2777,2,7200,1.00324090745
274120,274132,277294,12,3162,2,7200,1.00379506641
274292,274302,277513,10,3211,2,7200,1.00311429461
274647,276230,280335,1583,4105,5,14400,1.3856272838
274699,274709,277808,10,3099,2,7200,1.00322684737
274790,276519,280825,1729,4306,5,14400,1.40153274501
274874,274884,277814,10,2930,2,7200,1.00341296928
275261,279933,280015,4672,82,1,1800,57.9756097561
275444,275454,278282,10,2828,2,7200,1.00353606789
275616,275624,278555,8,2931,2,7200,1.00272944388
275673,275684,278834,11,3150,2,7200,1.00349206349
275962,275974,279047,12,3073,2,7200,1.00390497885
276010,276019,278715,9,2696,2,7200,1.00333827893
276103,276114,278578,11,2464,2,7200,1.00446428571
276146,276154,279274,8,3120,2,7200,1.00256410256
276228,276693,281352,465,4659,5,14400,1.0998068255
276332,276343,279714,11,3371,2,7200,1.00326312667
276347,276355,279860,8,3505,2,7200,1.00228245364
276524,277235,281382,711,4147,5,14400,1.17144924041
276698,278096,282247,1398,4151,5,14400,1.33678631655
276700,276711,279891,11,3180,2,7200,1.0034591195
276721,276731,279826,10,3095,2,7200,1.00323101777
276838,276850,279589,12,2739,2,7200,1.00438116101
276901,276913,280079,12,3166,2,7200,1.00379027164
276916,276923,279953,7,3030,2,7200,1.00231023102
277024,277034,279832,10,2798,2,7200,1.00357398142
277239,278183,282191,944,4008,5,14400,1.23552894212
277296,277305,280308,9,3003,2,7200,1.002997003
277516,277524,280772,8,3248,2,7200,1.00246305419
277808,277819,280873,11,3054,2,7200,1.00360183366
277823,277829,280737,6,2908,2,7200,1.00206327373
278096,279247,283212,1151,3965,5,14400,1.29029003783
278178,279254,283521,1076,4267,5,14400,1.25216779939
278286,278295,281489,9,3194,2,7200,1.00281778334
278557,278567,281771,10,3204,2,7200,1.00312109863
278581,278589,281709,8,3120,2,7200,1.00256410256
278716,278727,281767,11,3040,2,7200,1.00361842105
278837,278845,281927,8,3082,2,7200,1.00259571707
279047,279058,282129,11,3071,2,7200,1.00358189515
279143,280025,280108,882,83,1,1800,11.6265060241
279249,280346,285261,1097,4915,5,14400,1.22319430315
279260,280837,285675,1577,4838,5,14400,1.32596114097
279277,279286,282448,9,3162,2,7200,1.00284629981
279590,279601,282433,11,2832,2,7200,1.00388418079
279717,279727,282813,10,3086,2,7200,1.0032404407
279828,279837,283036,9,3199,2,7200,1.00281337918
279843,279849,282965,6,3116,2,7200,1.00192554557
279861,279872,282638,11,2766,2,7200,1.00397686189
279891,279902,282859,11,2957,2,7200,1.00371998647
279954,279966,282660,12,2694,2,7200,1.00445434298
280053,280113,280420,60,307,1,3600,1.19543973941
280080,280091,283137,11,3046,2,7200,1.0036112935
280254,280260,280360,6,100,1,1800,1.06
280309,280320,283168,11,2848,2,7200,1.00386235955
280335,280370,281029,35,659,1,3600,1.0531107739
280351,281363,285377,1012,4014,5,14400,1.25211758844
280361,280430,280540,69,110,1,1800,1.62727272727
280660,280666,281299,6,633,1,3600,1.00947867299
280738,280749,283084,11,2335,2,7200,1.00471092077
280774,280784,283386,10,2602,2,7200,1.00384319754
280841,281394,285658,553,4264,5,14400,1.12969043152
280864,281039,281430,175,391,1,1800,1.44757033248
280876,280884,283627,8,2743,2,7200,1.00291651476
281081,281309,281687,228,378,1,1800,1.60317460317
281362,281783,285732,421,3949,5,14400,1.10660926817
281393,282204,286231,811,4027,5,14400,1.20139061336
281491,281497,284627,6,3130,2,7200,1.00191693291
281711,281717,284359,6,2642,2,7200,1.00227100681
281768,281775,284993,7,3218,2,7200,1.00217526414
281783,281938,285116,155,3178,2,7200,1.04877281309
281928,282140,285253,212,3113,2,7200,1.0681015098
281952,283414,283514,1462,100,1,3600,15.62
282110,282720,304353,610,21633,32,21600,1.02819766098
282129,282444,285354,315,2910,2,7200,1.10824742268
282134,283419,283516,1285,97,1,3600,14.2474226804
282236,283424,283471,1188,47,1,1800,26.2765957447
282250,282260,286328,10,4068,5,14400,1.00245821042
282434,283224,287575,790,4351,5,14400,1.18156745576
282434,282459,285674,25,3215,2,7200,1.00777604977
282449,282650,285816,201,3166,2,7200,1.06348704991
282639,282672,285554,33,2882,2,7200,1.01145038168
282660,282825,285602,165,2777,2,7200,1.05941663666
282814,282871,286129,57,3258,2,7200,1.01749539595
282859,282977,286181,118,3204,2,7200,1.0368289638
282905,283429,283475,524,46,1,1800,12.3913043478
282967,283048,285915,81,2867,2,7200,1.02825252878
283036,283095,285919,59,2824,2,7200,1.02089235127
283084,283148,286070,64,2922,2,7200,1.0219028063
283139,283180,285692,41,2512,2,7200,1.01632165605
283169,283399,286286,230,2887,2,7200,1.07966747489
283389,283408,286611,19,3203,2,7200,1.00593193881
283413,283532,287575,119,4043,5,14400,1.02943358892
283425,288249,291739,4824,3490,6,165600,2.38223495702
283513,288254,378530,4741,90276,6,165600,1.05251672648
283526,284639,288576,1113,3937,5,14400,1.28270256541
283630,284644,284937,1014,293,1,3600,4.46075085324
283630,283636,286648,6,3012,2,7200,1.00199203187
283636,284948,285254,1312,306,1,3600,5.28758169935
283716,283723,283803,7,80,1,1800,1.0875
283733,283740,283814,7,74,1,1800,1.09459459459
284361,285005,287591,644,2586,2,7200,1.24903325599
284443,285264,285526,821,262,1,1800,4.13358778626
284477,285537,285792,1060,255,1,1800,5.1568627451
284629,285128,288269,499,3141,2,7200,1.15886660299
284994,285271,288311,277,3040,2,7200,1.09111842105
285117,285277,288058,160,2781,2,7200,1.05753326142
285218,285743,286273,525,530,1,3600,1.99056603774
285256,285283,288130,27,2847,2,7200,1.00948366702
285280,285388,289611,108,4223,5,14400,1.02557423632
285355,285365,288215,10,2850,2,7200,1.00350877193
285382,285671,289521,289,3850,5,14400,1.07506493506
285554,285565,288752,11,3187,2,7200,1.00345152181
285555,285802,286344,247,542,1,3600,1.4557195572
285605,285614,288796,9,3182,2,7200,1.00282840981
285668,285693,290615,25,4922,5,14400,1.00507923608
285674,285685,288628,11,2943,2,7200,1.00373768264
285689,285749,289738,60,3989,5,14400,1.01504136375
285693,285704,288417,11,2713,2,7200,1.00405455216
285741,286243,290951,502,4708,5,14400,1.10662701784
285817,285827,288830,10,3003,2,7200,1.00333000333
285916,285923,288691,7,2768,2,7200,1.00252890173
285931,285937,288905,6,2968,2,7200,1.00202156334
286073,286079,289067,6,2988,2,7200,1.00200803213
286130,286137,288855,7,2718,2,7200,1.00257542311
286181,286187,289037,6,2850,2,7200,1.00210526316
286241,286341,291143,100,4802,5,14400,1.02082465639
286287,286293,289462,6,3169,2,7200,1.00189334175
286612,286618,289466,6,2848,2,7200,1.00210674157
286651,286658,289503,7,2845,2,7200,1.00246045694
287592,287598,290566,6,2968,2,7200,1.00202156334
288059,288066,291192,7,3126,2,7200,1.00223928343
288131,288138,291395,7,3257,2,7200,1.00214921707
288216,288222,291141,6,2919,2,7200,1.00205549846
288270,288276,290835,6,2559,2,7200,1.00234466589
288312,288318,291168,6,2850,2,7200,1.00210526316
288326,288332,355378,6,67046,1,180000,1.0000894908
288376,288382,355192,6,66810,1,180000,1.00008980692
288417,288423,290872,6,2449,2,7200,1.00244997958
288550,288556,289599,6,1043,1,3600,1.00575263663
288628,288634,291265,6,2631,2,7200,1.00228050171
288691,288698,291485,7,2787,2,7200,1.00251166128
288755,288761,291555,6,2794,2,7200,1.00214745884
288797,288804,291551,7,2747,2,7200,1.00254823444
288830,288837,291238,7,2401,2,7200,1.0029154519
288857,288864,291981,7,3117,2,7200,1.00224574912
288905,288912,291805,7,2893,2,7200,1.0024196336
289037,289043,321574,6,32531,4,32400,1.00018443946
289038,289049,292351,11,3302,2,7200,1.00333131435
289068,289074,291460,6,2386,2,7200,1.0025146689
289463,289469,292256,6,2787,2,7200,1.00215285253
289478,289484,292335,6,2851,2,7200,1.00210452473
289505,289511,292467,6,2956,2,7200,1.00202976996
289507,289517,290884,10,1367,2,21600,1.00731528895
289790,289796,293052,6,3256,2,7200,1.00184275184
289792,289802,292836,10,3034,2,7200,1.00329597891
289793,289807,292862,14,3055,2,7200,1.00458265139
289794,289813,292656,19,2843,2,7200,1.00668308125
289796,289818,292677,22,2859,2,7200,1.00769499825
289797,289824,292753,27,2929,2,7200,1.0092181632
289799,289830,292290,31,2460,2,7200,1.01260162602
289800,289835,292992,35,3157,2,7200,1.0110864745
289801,289840,292591,39,2751,2,7200,1.01417666303
289803,289846,292735,43,2889,2,7200,1.01488404292
289804,289851,292652,47,2801,2,7200,1.01677972153
289806,289856,292803,50,2947,2,7200,1.01696640652
289807,289862,292691,55,2829,2,7200,1.01944149876
289808,289867,292494,59,2627,2,7200,1.0224590788
289810,289872,292851,62,2979,2,7200,1.02081235314
289811,289877,292303,66,2426,2,7200,1.02720527617
289813,289883,292792,70,2909,2,7200,1.02406325198
289814,289888,293206,74,3318,2,7200,1.02230259192
289815,289893,292892,78,2999,2,7200,1.02600866956
289817,289899,292978,82,3079,2,7200,1.02663202338
290567,290574,293436,7,2862,2,7200,1.00244584207
290836,290842,293792,6,2950,2,7200,1.00203389831
290875,290881,294077,6,3196,2,7200,1.00187734668
291143,291149,294073,6,2924,2,7200,1.00205198358
291170,291176,294205,6,3029,2,7200,1.00198085177
291194,291200,294049,6,2849,2,7200,1.00210600211
291239,291245,294633,6,3388,2,7200,1.00177095632
291266,291272,293817,6,2545,2,7200,1.00235756385
291396,291402,294693,6,3291,2,7200,1.00182315406
291462,291468,294189,6,2721,2,7200,1.00220507166
291486,291492,294427,6,2935,2,7200,1.00204429302
291552,291559,294588,7,3029,2,7200,1.00231099373
291567,291573,294599,6,3026,2,7200,1.0019828156
291806,291811,294539,5,2728,2,7200,1.00183284457
291984,291990,294964,6,2974,2,7200,1.00201748487
292114,292121,297742,7,5621,6,165600,1.00124533001
292258,292264,295460,6,3196,2,7200,1.00187734668
292291,292297,294966,6,2669,2,7200,1.00224803297
292297,292303,364325,6,72022,3,72000,1.00008330788
292306,292312,295360,6,3048,2,7200,1.00196850394
292336,292342,295037,6,2695,2,7200,1.00222634508
292354,292360,295050,6,2690,2,7200,1.00223048327
292359,292366,360780,7,68414,3,68400,1.00010231824
292469,292475,294975,6,2500,2,7200,1.0024
292496,292502,295466,6,2964,2,7200,1.0020242915
292592,292599,295794,7,3195,2,7200,1.00219092332
292653,292659,295650,6,2991,2,7200,1.00200601805
292667,292674,295166,7,2492,2,7200,1.00280898876
292682,292688,295787,6,3099,2,7200,1.00193610842
292697,292703,295510,6,2807,2,7200,1.00213751336
292736,292742,295511,6,2769,2,7200,1.00216684724
292754,292760,295539,6,2779,2,7200,1.00215905002
292793,292800,295763,7,2963,2,7200,1.00236247047
292808,292814,295576,6,2762,2,7200,1.00217233888
292838,292845,295547,7,2702,2,7200,1.00259067358
292855,292861,295813,6,2952,2,7200,1.00203252033
292870,292876,295304,6,2428,2,7200,1.00247116969
292894,292900,295886,6,2986,2,7200,1.00200937709
292981,292987,295778,6,2791,2,7200,1.00214976711
292996,293002,295987,6,2985,2,7200,1.00201005025
293054,293060,295517,6,2457,2,7200,1.00244200244
293060,293066,314702,6,21636,1,21600,1.00027731559
293072,293078,314684,6,21606,1,21600,1.00027770064
293081,293087,314721,6,21634,1,21600,1.00027734122
293208,293214,295617,6,2403,2,7200,1.0024968789
293438,293444,296388,6,2944,2,7200,1.00203804348
293794,293800,296470,6,2670,2,7200,1.00224719101
293818,293824,296762,6,2938,2,7200,1.00204220558
293963,293969,296010,6,2041,25,7199,1.00293973542
294050,294056,297180,6,3124,2,7200,1.0019206146
294074,294080,296996,6,2916,2,7200,1.00205761317
294089,294095,297198,6,3103,2,7200,1.00193361263
294191,294197,297253,6,3056,2,7200,1.00196335079
294206,294212,296861,6,2649,2,7200,1.00226500566
294333,294507,312688,174,18181,16,36000,1.00957043067
294430,294436,297533,6,3097,2,7200,1.00193735873
294541,294547,297334,6,2787,2,7200,1.00215285253
294590,294596,297269,6,2673,2,7200,1.00224466891
294605,294610,297353,5,2743,2,7200,1.00182282173
294635,294641,297763,6,3122,2,7200,1.00192184497
294637,294647,296000,10,1353,1,3600,1.007390983
294695,294701,297774,6,3073,2,7200,1.00195248942
294718,295477,296158,759,681,16,36000,2.11453744493
294967,294973,297421,6,2448,2,7200,1.00245098039
294968,294979,297755,11,2776,2,7200,1.00396253602
294986,294992,298214,6,3222,2,7200,1.00186219739
295037,295043,298402,6,3359,2,7200,1.00178624591
295052,295058,298174,6,3116,2,7200,1.00192554557
295166,295172,298414,6,3242,2,7200,1.00185070944
295304,295311,297922,7,2611,2,7200,1.00268096515
295362,295368,298027,6,2659,2,7200,1.0022564874
295461,295467,298294,6,2827,2,7200,1.00212239123
295476,295483,298281,7,2798,2,7200,1.00250178699
295512,295519,298344,7,2825,2,7200,1.00247787611
295514,295525,298724,11,3199,2,7200,1.00343857455
295529,295535,298505,6,2970,2,7200,1.00202020202
295543,295550,298789,7,3239,2,7200,1.00216116085
295558,295564,298329,6,2765,2,7200,1.00216998192
295581,295587,298453,6,2866,2,7200,1.00209351012
295620,295626,298432,6,2806,2,7200,1.00213827512
295650,295656,298457,6,2801,2,7200,1.00214209211
295765,295771,298547,6,2776,2,7200,1.00216138329
295779,295786,298815,7,3029,2,7200,1.00231099373
295790,295796,296517,6,721,2,14400,1.00832177531
295794,295802,298616,8,2814,2,7200,1.00284292822
295796,295807,298468,11,2661,2,7200,1.00413378429
295814,295820,298861,6,3041,2,7200,1.00197303519
295886,295892,299120,6,3228,2,7200,1.00185873606
295989,295995,298918,6,2923,2,7200,1.0020526856
296047,296053,296082,6,29,1,43200,1.20689655172
296143,296148,296232,5,84,1,43200,1.05952380952
296241,296247,304653,6,8406,4,43200,1.00071377587
296391,296397,299482,6,3085,2,7200,1.00194489465
296472,296478,299541,6,3063,2,7200,1.00195886386
296762,296768,299955,6,3187,2,7200,1.00188264826
296799,296806,349501,7,52695,1,72000,1.00013283993
296862,296868,300056,6,3188,2,7200,1.00188205772
296997,297003,299470,6,2467,2,7200,1.00243210377
297068,297074,311459,6,14385,16,36000,1.00041710115
297181,297187,300191,6,3004,2,7200,1.00199733688
297199,297205,300049,6,2844,2,7200,1.00210970464
297253,297260,300293,7,3033,2,7200,1.00230794593
297271,297277,299994,6,2717,2,7200,1.002208318
297289,297368,299386,79,2018,25,7199,1.03914767096
297297,299213,335233,1916,36020,16,36000,1.05319267074
297335,297341,300356,6,3015,2,7200,1.00199004975
297355,297362,300373,7,3011,2,7200,1.00232480903
297422,297428,300152,6,2724,2,7200,1.00220264317
297432,298818,320464,1386,21646,32,21600,1.06403030583
297533,297539,300622,6,3083,2,7200,1.00194615634
297559,304419,304890,6860,471,2,14400,15.5647558386
297577,297589,302480,12,4891,5,14400,1.00245348599
297577,297583,302555,6,4972,5,14400,1.00120675784
297578,297594,302483,16,4889,5,14400,1.00327265289
297578,297600,302557,22,4957,5,14400,1.00443816825
297579,297611,302625,32,5014,5,14400,1.00638213004
297579,297616,302848,37,5232,5,14400,1.00707186544
297579,297606,302724,27,5118,5,14400,1.00527549824
297580,297766,302657,186,4891,5,14400,1.03802903292
297580,297933,302943,353,5010,5,14400,1.07045908184
297581,298185,303208,604,5023,5,14400,1.12024686442
297581,298293,303463,712,5170,5,14400,1.13771760155
297582,298413,303391,831,4978,5,14400,1.16693451185
297582,298443,303440,861,4997,5,14400,1.17230338203
297583,299218,304095,1635,4877,5,14400,1.33524707812
297583,299224,304118,1641,4894,5,14400,1.33530854107
297584,299402,304341,1818,4939,5,14400,1.36809070662
297584,299397,304402,1813,5005,5,14400,1.36223776224
297585,299413,304423,1828,5010,5,14400,1.36487025948
297585,299408,304508,1823,5100,5,14400,1.35745098039
297586,299418,304430,1832,5012,5,14400,1.36552274541
297586,299482,304507,1896,5025,5,14400,1.37731343284
297587,299966,304959,2379,4993,5,14400,1.47646705388
297587,300061,305041,2474,4980,5,14400,1.49678714859
297588,300202,305331,2614,5129,5,14400,1.50965100409
297588,300367,305373,2779,5006,5,14400,1.55513383939
297588,302491,307385,4903,4894,5,14400,2.00183898651
297589,302503,307366,4914,4863,5,14400,2.01048735349
297589,302498,307229,4909,4731,5,14400,2.03762418093
297590,302567,307385,4977,4818,5,14400,2.03300124533
297590,302574,307480,4984,4906,5,14400,2.01589889931
297591,302636,307837,5045,5201,5,14400,1.97000576812
297591,302668,307603,5077,4935,5,14400,2.02877406282
297592,302735,307756,5143,5021,5,14400,2.02429794862
297592,302860,307837,5268,4977,5,14400,2.0584689572
297593,302954,308000,5361,5046,5,14400,2.06242568371
297593,303220,308177,5627,4957,5,14400,2.13516239661
297593,303403,308441,5810,5038,5,14400,2.15323541088
297594,303451,308334,5857,4883,5,14400,2.19946754045
297594,303475,308426,5881,4951,5,14400,2.18784084023
297595,304106,309061,6511,4955,5,14400,2.31402623613
297595,304130,309194,6535,5064,5,14400,2.29048183254
297596,304353,309425,6757,5072,5,14400,2.33221608833
297674,303815,303845,6141,30,1,259200,205.7
297684,304364,305807,6680,1443,8,6000,5.62924462924
297684,304369,305813,6685,1444,8,6000,5.62950138504
297699,304434,306199,6735,1765,4,36000,4.81586402266
298108,307276,329676,9168,22400,2,604800,1.40928571429
298155,307283,329728,9128,22445,2,604800,1.4066830029
298448,304442,308144,5994,3702,4,36000,2.61912479741
298702,304380,313312,5678,8932,6,165600,1.63569189431
298749,304375,316743,5626,12368,6,172800,1.4548835705
299624,303857,303859,4233,2,1,432000,423.5
300291,303870,303871,3579,1,1,345600,358.0
301593,304447,307248,2854,2801,2,7200,2.01892181364
301594,304518,307264,2924,2746,2,7200,2.06482155863
301596,304523,307612,2927,3089,2,7200,1.94755584331
301597,304530,307387,2933,2857,2,7200,2.02660133007
301598,304535,307315,2937,2780,2,7200,2.05647482014
301600,304541,307316,2941,2775,2,7200,2.05981981982
301601,304663,307428,3062,2765,2,7200,2.10741410488
301602,304668,307554,3066,2886,2,7200,2.06237006237
301604,304902,307860,3298,2958,2,7200,2.11494252874
301605,304971,307516,3366,2545,2,7200,2.32259332024
301606,304976,308296,3370,3320,2,7200,2.01506024096
301608,305052,307970,3444,2918,2,7200,2.18026045236
301609,305057,308377,3448,3320,2,7200,2.03855421687
301610,305063,307880,3453,2817,2,7200,2.22577209798
301612,305343,308302,3731,2959,2,7200,2.26089895235
301613,305348,308268,3735,2920,2,7200,2.27910958904
301614,305385,308619,3771,3234,2,7200,2.16604823748
301616,305390,308517,3774,3127,2,7200,2.20690757915
301617,305396,308147,3779,2751,2,7200,2.37368229735
301618,307260,310019,5642,2759,2,7200,3.04494382022
305401,305819,307266,418,1447,8,6000,1.28887353144
305819,305826,307257,7,1431,8,6000,1.00489168414
305830,307240,308686,1410,1446,8,6000,1.97510373444
307239,307268,308703,29,1435,8,6000,1.02020905923
307249,307326,310343,77,3017,2,7200,1.02552204176
307266,307333,310498,67,3165,2,7200,1.02116903633
307317,307377,310324,60,2947,2,7200,1.02035968782
307319,307383,310296,64,2913,2,7200,1.02197047717
307382,307440,308881,58,1441,8,6000,1.04024982651
307382,307396,308837,14,1441,8,6000,1.00971547536
307388,307492,310438,104,2946,2,7200,1.03530210455
307430,307497,310709,67,3212,2,7200,1.02085927771
307495,307614,309047,119,1433,8,6000,1.08304256804
307496,307767,309214,271,1447,8,6000,1.18728403594
307516,307848,310865,332,3017,2,7200,1.11004308916
307555,307853,310794,298,2941,2,7200,1.10132607956
307612,307858,310910,246,3052,2,7200,1.08060288336
307862,307868,311037,6,3169,2,7200,1.00189334175
307873,308011,309436,138,1425,8,6000,1.09684210526
307883,307889,311050,6,3161,2,7200,1.0018981335
307972,308017,311236,45,3219,2,7200,1.01397949674
308017,308158,309601,141,1443,8,6000,1.09771309771
308150,308189,311085,39,2896,2,7200,1.01346685083
308190,308345,309795,155,1450,8,6000,1.10689655172
308270,308276,311509,6,3233,2,7200,1.00185586143
308296,308351,311238,55,2887,2,7200,1.01905091791
308311,308356,311373,45,3017,2,7200,1.01491547895
308354,308452,310154,98,1702,8,6000,1.05757931845
308377,308458,311515,81,3057,2,7200,1.02649656526
308457,308697,310139,240,1442,8,6000,1.16643550624
308518,308524,311531,6,3007,2,7200,1.0019953442
308620,308703,311727,83,3024,2,7200,1.02744708995
308702,308714,310156,12,1442,8,6000,1.00832177531
308713,308848,310338,135,1490,8,6000,1.09060402685
308846,308892,310330,46,1438,8,6000,1.03198887344
308897,309058,310503,161,1445,8,6000,1.11141868512
309061,309226,310664,165,1438,8,6000,1.11474269819
309224,309436,310868,212,1432,8,6000,1.14804469274
309355,309361,309393,6,32,1,576000,1.1875
309439,309447,310903,8,1456,8,6000,1.00549450549
309450,309612,311349,162,1737,8,6000,1.0932642487
309621,309807,311254,186,1447,8,6000,1.12854181064
309805,310151,311588,346,1437,8,6000,1.24077940153
310022,310028,313249,6,3221,2,7200,1.00186277554
310153,310166,311623,13,1457,8,6000,1.00892244338
310163,310172,311628,9,1456,8,6000,1.00618131868
310174,310341,311795,167,1454,8,6000,1.11485557084
310298,310304,313316,6,3012,2,7200,1.00199203187
310325,310346,313396,21,3050,2,7200,1.0068852459
310346,310353,313412,7,3059,2,7200,1.00228832952
310358,310364,311821,6,1457,8,6000,1.00411805079
310369,310514,311974,145,1460,8,6000,1.09931506849
310399,310405,311913,6,1508,2,3600,1.00397877984
310438,310519,313546,81,3027,2,7200,1.02675916749
310498,310525,313686,27,3161,2,7200,1.00854160076
310522,310675,312126,153,1451,8,6000,1.10544452102
310676,310879,312360,203,1481,8,6000,1.1370695476
310710,310884,313892,174,3008,2,7200,1.05784574468
310794,310890,313821,96,2931,2,7200,1.03275332651
310865,310895,313721,30,2826,2,7200,1.01061571125
310890,310915,312369,25,1454,8,6000,1.01719394773
310911,310921,313692,10,2771,2,7200,1.00360880549
310921,311249,312695,328,1446,8,6000,1.22683264177
311040,311266,314632,226,3366,2,7200,1.06714200832
311054,311272,314439,218,3167,2,7200,1.06883485949
311087,311360,314288,273,2928,2,7200,1.09323770492
311237,311384,314660,147,3276,2,7200,1.04487179487
311239,311520,314634,281,3114,2,7200,1.09023763648
311374,311527,314590,153,3063,2,7200,1.0499510284
311509,311542,314708,33,3166,2,7200,1.010423247
311524,311600,314518,76,2918,2,7200,1.02604523646
311539,311605,314623,66,3018,2,7200,1.02186878728
311606,311635,313300,29,1665,8,6000,1.01741741742
311637,311806,313245,169,1439,8,6000,1.11744266852
311728,311811,315037,83,3226,2,7200,1.02572845629
311811,311832,313293,21,1461,8,6000,1.01437371663
311831,311986,313435,155,1449,8,6000,1.10697032436
311985,312138,313583,153,1445,8,6000,1.10588235294
312138,312371,313818,233,1447,8,6000,1.16102280581
312373,312383,313837,10,1454,8,6000,1.00687757909
312384,312699,314145,315,1446,8,6000,1.21784232365
312701,312706,314193,5,1487,8,6000,1.00336247478
312711,312717,314171,6,1454,8,6000,1.00412654746
312722,313256,314706,534,1450,8,6000,1.36827586207
313250,313262,316354,12,3092,2,7200,1.00388098318
313263,313304,314769,41,1465,8,6000,1.02798634812
313304,313311,314785,7,1474,8,6000,1.00474898236
313315,313323,314767,8,1444,8,6000,1.0055401662
313316,313329,316221,13,2892,2,7200,1.00449515906
313325,313446,314898,121,1452,8,6000,1.08333333333
313398,313451,316588,53,3137,2,7200,1.01689512273
313412,313457,316472,45,3015,2,7200,1.01492537313
313459,313594,315052,135,1458,8,6000,1.09259259259
313548,313554,316817,6,3263,2,7200,1.00183879865
313592,313732,315197,140,1465,8,6000,1.09556313993
313645,313848,318386,203,4538,6,165600,1.04473336271
313689,313829,316844,140,3015,2,7200,1.0464344942
313703,313834,316627,131,2793,2,7200,1.04690297172
313724,313840,317034,116,3194,2,7200,1.03631809643
313823,313854,316946,31,3092,2,7200,1.01002587322
313857,314156,315607,299,1451,8,6000,1.20606478291
313892,314161,317387,269,3226,2,7200,1.0833849969
314164,314183,315641,19,1458,8,6000,1.01303155007
314185,314204,315667,19,1463,8,6000,1.01298701299
314206,314450,315903,244,1453,8,6000,1.16792842395
314289,314529,317383,240,2854,2,7200,1.08409250175
314442,314601,317661,159,3060,2,7200,1.05196078431
314520,314635,317755,115,3120,2,7200,1.03685897436
314544,314738,322764,194,8026,1,360000,1.02417144281
314592,314643,317370,51,2727,2,7200,1.01870187019
314625,314649,317532,24,2883,2,7200,1.00832466181
314634,314717,316156,83,1439,4,345600,1.05767894371
314640,314671,317914,31,3243,2,7200,1.00955905026
314641,314722,317928,81,3206,2,7200,1.02526512789
314662,314728,317888,66,3160,2,7200,1.02088607595
314710,314733,317798,23,3065,2,7200,1.0075040783
314737,314778,316251,41,1473,8,6000,1.02783435166
314778,314784,316234,6,1450,8,6000,1.00413793103
314789,314796,316255,7,1459,8,6000,1.00479780672
314799,314909,316356,110,1447,8,6000,1.07601935038
314912,315063,316513,151,1450,8,6000,1.10413793103
315038,315044,318244,6,3200,2,7200,1.001875
315065,315208,316670,143,1462,8,6000,1.09781121751
315109,316268,324561,1159,8293,6,25200,1.13975642108
315209,315619,317070,410,1451,8,6000,1.28256374914
315617,315652,317104,35,1452,8,6000,1.0241046832
315648,315679,317126,31,1447,8,6000,1.02142363511
315679,315914,317374,235,1460,8,6000,1.16095890411
315915,316245,317711,330,1466,8,6000,1.22510231924
316223,316229,319235,6,3006,2,7200,1.00199600798
316242,316262,317751,20,1489,8,6000,1.01343183345
316263,316274,317727,11,1453,8,6000,1.0075705437
316273,316371,317838,98,1467,8,6000,1.06680299932
316355,316365,319229,10,2864,2,7200,1.00349162011
316376,316524,317993,148,1469,8,6000,1.10074880871
316472,316483,319477,11,2994,2,7200,1.0036740147
316529,316681,318147,152,1466,8,6000,1.1036834925
316589,316599,319578,10,2979,2,7200,1.00335683115
316628,316638,319884,10,3246,2,7200,1.00308071473
316683,317081,318546,398,1465,8,6000,1.27167235495
316818,316824,319921,6,3097,2,7200,1.00193735873
316845,316851,319763,6,2912,2,7200,1.00206043956
316947,316953,319856,6,2903,2,7200,1.00206682742
317034,317040,320233,6,3193,2,7200,1.00187911055
317081,317115,318590,34,1475,8,6000,1.02305084746
317112,317138,318603,26,1465,8,6000,1.01774744027
317143,317385,318848,242,1463,8,6000,1.16541353383
317236,317242,317248,6,6,1,259200,1.2
317371,317377,320278,6,2901,2,7200,1.00206825233
317385,317397,320400,12,3003,2,7200,1.003996004
317399,317735,319200,336,1465,8,6000,1.22935153584
317400,317406,320281,6,2875,2,7200,1.00208695652
317532,317543,320789,11,3246,2,7200,1.0033887862
317647,317722,317723,75,1,1,3600,7.6
317661,317672,320887,11,3215,2,7200,1.0034214619
317736,317741,319207,5,1466,8,6000,1.0034106412
317746,317762,319256,16,1494,8,6000,1.01070950469
317757,317768,320915,11,3147,2,7200,1.00349539244
317767,317850,319345,83,1495,8,6000,1.05551839465
317799,317809,321011,10,3202,2,7200,1.00312304809
317824,318397,340823,573,22426,4,75540,1.02555070008
317849,318004,319472,155,1468,8,6000,1.10558583106
317889,317899,321183,10,3284,2,7200,1.00304506699
317916,317925,320804,9,2879,2,7200,1.00312608545
317931,317940,320832,9,2892,2,7200,1.0031120332
318003,318158,319638,155,1480,8,6000,1.10472972973
318156,318602,320069,446,1467,8,6000,1.30402181322
318247,318256,321023,9,2767,2,7200,1.00325262017
318301,318569,318582,268,13,1,259200,21.6153846154
318489,318558,336736,69,18178,4,86400,1.00379579712
318583,319246,322331,663,3085,6,165600,1.214910859
318606,318615,320085,9,1470,8,6000,1.00612244898
318616,318859,320321,243,1462,8,6000,1.16621067031
318862,319211,320678,349,1467,8,6000,1.23790047716
319209,319218,320684,9,1466,8,6000,1.00613915416
319219,319268,320779,49,1511,8,6000,1.03242885506
319230,319237,322264,7,3027,2,7200,1.00231252065
319245,319356,322646,111,3290,2,7200,1.03373860182
319353,319483,320969,130,1486,8,6000,1.08748317631
319480,319489,322468,9,2979,2,7200,1.00302114804
319486,319649,321128,163,1479,8,6000,1.11020960108
319579,319585,322903,6,3318,2,7200,1.00180831826
319649,320080,321570,431,1490,8,6000,1.28926174497
319765,319771,322765,6,2994,2,7200,1.00200400802
319858,319864,322658,6,2794,2,7200,1.00214745884
319885,319891,322937,6,3046,2,7200,1.00196979645
319924,319930,323076,6,3146,2,7200,1.00190718373
320027,320033,320036,6,3,3,1800,1.0
320078,320096,321581,18,1485,8,6000,1.01212121212
320099,320293,321767,194,1474,8,6000,1.131614654
320230,320236,320238,6,2,3,1800,1.0
320236,320243,323578,7,3335,2,7200,1.00209895052
320278,320284,323415,6,3131,2,7200,1.00191632066
320293,320332,321815,39,1483,8,6000,1.0262980445
320293,320412,323648,119,3236,2,7200,1.03677379481
320401,320475,323401,74,2926,2,7200,1.02529049897
320477,320483,321962,6,1479,8,6000,1.00405679513
320488,320494,321989,6,1495,8,6000,1.00401337793
320499,320505,321989,6,1484,8,6000,1.00404312668
320509,320689,322170,180,1481,8,6000,1.12153950034
320694,320700,322180,6,1480,8,6000,1.00405405405
320704,320790,322264,86,1474,8,6000,1.05834464043
320787,320843,322318,56,1475,8,6000,1.03796610169
320792,320799,323848,7,3049,2,7200,1.0022958347
320807,320813,323729,6,2916,2,7200,1.00205761317
320837,320898,323699,61,2801,2,7200,1.02177793645
320888,320926,323894,38,2968,2,7200,1.0128032345
320915,320980,324247,65,3267,2,7200,1.01989592899
320981,320987,325900,6,4913,5,14400,1.00122124975
320991,321034,325674,43,4640,5,14400,1.00926724138
321012,321139,324033,127,2894,2,7200,1.04388389772
321027,321145,323965,118,2820,2,7200,1.04184397163
321145,321194,325543,49,4349,5,14400,1.01126695792
321183,321596,324658,413,3062,2,7200,1.13487916395
321330,321590,328812,260,7222,4,7200,1.03600110773
321330,321602,328807,272,7205,4,7200,1.03775156142
321330,321584,328813,254,7229,4,7200,1.03513625674
321331,321785,328994,454,7209,4,7200,1.06297683451
321331,322343,329554,1012,7211,4,7200,1.14034114547
321331,322186,329400,855,7214,4,7200,1.11851954533
321331,322669,329902,1338,7233,4,7200,1.1849854832
321331,322012,329234,681,7222,4,7200,1.09429520908
321332,326268,330676,4936,4408,4,7200,2.11978221416
321598,321609,325844,11,4235,5,14400,1.0025974026
321609,321779,326620,170,4841,5,14400,1.03511671142
321654,323529,323553,1875,24,1,576000,79.125
321783,321827,325775,44,3948,5,14400,1.01114488349
321824,321973,326119,149,4146,5,14400,1.03593825374
321978,321984,326381,6,4397,5,14400,1.00136456675
321988,322000,326090,12,4090,5,14400,1.00293398533
321999,322007,326011,8,4004,5,14400,1.001998002
322010,322181,326076,171,3895,5,14400,1.04390243902
322085,322485,323447,400,962,1,3600,1.4158004158
322184,322193,326777,9,4584,5,14400,1.00196335079
322195,322201,327131,6,4930,5,14400,1.00121703854
322206,322275,326327,69,4052,5,14400,1.01702862784
322265,322281,325500,16,3219,2,7200,1.00497048773
322278,322329,326845,51,4516,5,14400,1.01129317981
322330,322336,326693,6,4357,5,14400,1.00137709433
322340,322479,327183,139,4704,5,14400,1.02954931973
322469,322776,325826,307,3050,2,7200,1.1006557377
322646,322914,326214,268,3300,2,7200,1.08121212121
322661,322948,326146,287,3198,2,7200,1.08974358974
322766,323087,326444,321,3357,2,7200,1.09562109026
322904,323426,326477,522,3051,2,7200,1.17109144543
322938,323659,326663,721,3004,2,7200,1.24001331558
323077,323710,326530,633,2820,2,7200,1.22446808511
323259,325855,326246,2596,391,25,355,7.63938618926
323402,323905,327038,503,3133,2,7200,1.16054899457
323417,323976,327043,559,3067,2,7200,1.18226279752
323579,324045,327049,466,3004,2,7200,1.155126498
323648,324573,327441,925,2868,2,7200,1.32252440725
323699,324669,327840,970,3171,2,7200,1.30589719331
323732,325512,328567,1780,3055,2,7200,1.58265139116
323849,325555,328467,1706,2912,2,7200,1.58585164835
323856,323862,382365,6,58503,1,576000,1.00010255884
323897,325560,328675,1663,3115,2,7200,1.53386837881
323966,325686,328620,1720,2934,2,7200,1.58623040218
324035,325691,328697,1656,3006,2,7200,1.55089820359
324248,325786,328669,1538,2883,2,7200,1.5334720777
324655,325792,329028,1137,3236,2,7200,1.35135970334
324951,326263,330783,1312,4520,6,165600,1.29026548673
325366,326273,326277,907,4,8,3540,91.1
325503,325838,328868,335,3030,2,7200,1.11056105611
325590,325597,325663,7,66,1,900,1.10606060606
325826,325861,328907,35,3046,2,7200,1.01149047932
325861,325911,330477,50,4566,5,14400,1.01095050372
325912,326022,330180,110,4158,5,14400,1.02645502646
326025,326087,330299,62,4212,5,14400,1.01471984805
326087,326101,330006,14,3905,5,14400,1.00358514725
326098,326131,330322,33,4191,5,14400,1.00787401575
326129,326257,330993,128,4736,5,14400,1.02702702703
326148,326154,329440,6,3286,2,7200,1.00182592818
326217,326224,329137,7,2913,2,7200,1.00240302094
326262,326289,330830,27,4541,5,14400,1.00594582691
326293,326338,331244,45,4906,5,14400,1.00917244191
326334,326392,330699,58,4307,5,14400,1.01346644997
326396,326489,331870,93,5381,5,14400,1.01728303289
326446,326541,329522,95,2981,2,7200,1.0318685005
326479,326632,329584,153,2952,2,7200,1.05182926829
326532,326637,329498,105,2861,2,7200,1.03670045439
326641,326704,330627,63,3923,5,14400,1.01605913841
326665,326709,330000,44,3291,2,7200,1.01336979641
326713,326788,330824,75,4036,5,14400,1.0185827552
326785,326857,331423,72,4566,5,14400,1.01576872536
326857,327054,331123,197,4069,5,14400,1.04841484394
327041,327061,330278,20,3217,2,7200,1.00621697233
327055,327142,330429,87,3287,2,7200,1.02646790386
327057,327148,330030,91,2882,2,7200,1.03157529493
327143,327194,331027,51,3833,5,14400,1.01330550483
327195,328478,333026,1283,4548,5,14400,1.28210202287
327442,327452,330427,10,2975,2,7200,1.00336134454
327842,328578,331779,736,3201,2,7200,1.22992814745
328069,328831,383875,762,55044,3,126000,1.01384347068
328468,328632,331605,164,2973,2,7200,1.05516313488
328570,328681,331608,111,2927,2,7200,1.03792278784
328621,328687,331984,66,3297,2,7200,1.02001819836
328671,328708,331756,37,3048,2,7200,1.01213910761
328686,328819,332105,133,3286,2,7200,1.04047474133
328701,328825,331774,124,2949,2,7200,1.04204815192
328830,328919,333238,89,4319,5,14400,1.0206066219
328869,329006,332263,137,3257,2,7200,1.04206324839
328908,329011,332191,103,3180,2,7200,1.03238993711
329014,329245,333813,231,4568,5,14400,1.05056917688
329028,329039,331965,11,2926,2,7200,1.0037593985
329140,329148,332092,8,2944,2,7200,1.0027173913
329249,329451,333867,202,4416,5,14400,1.04574275362
329440,329509,332567,69,3058,2,7200,1.02256376717
329497,329533,332330,36,2797,2,7200,1.01287093314
329524,329565,332840,41,3275,2,7200,1.01251908397
329566,329595,333481,29,3886,5,14400,1.00746268657
329584,329687,332802,103,3115,2,7200,1.03306581059
329689,329914,334146,225,4232,5,14400,1.05316635161
329914,330017,334175,103,4158,5,14400,1.02477152477
330003,330023,333155,20,3132,2,7200,1.00638569604
330026,330191,334292,165,4101,5,14400,1.04023408925
330032,330196,333233,164,3037,2,7200,1.05400065854
330200,330310,334780,110,4470,5,14400,1.02460850112
330279,330315,333490,36,3175,2,7200,1.01133858268
330313,330334,334175,21,3841,5,14400,1.00546732622
330334,330488,334765,154,4277,5,14400,1.03600654664
330429,330438,333340,9,2902,2,7200,1.00310130944
330430,330493,333509,63,3016,2,7200,1.02088859416
330498,330638,335353,140,4715,5,14400,1.02969247084
330641,330711,335292,70,4581,5,14400,1.01528050644
330713,330795,335509,82,4714,5,14400,1.01739499364
330795,330835,335664,40,4829,5,14400,1.00828328847
330836,330842,334762,6,3920,5,14400,1.00153061224
330847,331004,335587,157,4583,5,14400,1.03425703688
331000,331038,335616,38,4578,5,14400,1.00830056793
331042,331134,335192,92,4058,5,14400,1.02267126663
331134,331255,335230,121,3975,5,14400,1.03044025157
331162,334773,336941,3611,2168,4,7200,2.6655904059
331162,334157,341376,2995,7219,4,7200,1.41487740684
331162,334303,341024,3141,6721,4,7200,1.46734116947
331162,332813,338406,1651,5593,4,7200,1.29519041659
331163,336473,343709,5310,7236,4,7200,1.73383084577
331163,335255,336189,4092,934,4,7200,5.38115631692
331163,336198,336774,5035,576,4,7200,9.74131944444
331163,335260,336187,4097,927,4,7200,5.41963322546
331163,336205,343445,5042,7240,4,7200,1.69640883978
331164,336785,344029,5621,7244,4,7200,1.77595251242
331164,336747,343978,5583,7231,4,7200,1.77209238003
331253,335009,337413,3756,2404,6,165600,2.56239600666
331257,331434,335413,177,3979,5,14400,1.04448353858
331431,331588,335712,157,4124,5,14400,1.03806983511
331585,331790,336461,205,4671,5,14400,1.04388781845
331607,331617,334920,10,3303,2,7200,1.00302755071
331622,331628,334554,6,2926,2,7200,1.002050581
331757,331768,334967,11,3199,2,7200,1.00343857455
331775,331881,335057,106,3176,2,7200,1.03337531486
331790,331887,335257,97,3370,2,7200,1.02878338279
331891,332202,336833,311,4631,5,14400,1.06715612179
331967,331978,334998,11,3020,2,7200,1.00364238411
331985,331995,334968,10,2973,2,7200,1.00336360579
332093,332104,334914,11,2810,2,7200,1.00391459075
332108,332342,335392,234,3050,2,7200,1.07672131148
332192,332579,335280,387,2701,2,7200,1.14328026657
332264,333037,336079,773,3042,2,7200,1.25410913872
332333,333043,336158,710,3115,2,7200,1.227929374
332567,333167,336144,600,2977,2,7200,1.20154517971
332802,333245,336085,443,2840,2,7200,1.15598591549
332840,333252,336109,412,2857,2,7200,1.14420721036
332884,333352,333356,468,4,2,3540,47.2
333157,333257,336262,100,3005,2,7200,1.03327787022
333234,333262,336358,28,3096,2,7200,1.00904392765
333259,333501,338256,242,4755,5,14400,1.050893796
333343,333521,336387,178,2866,2,7200,1.06210746685
333347,334186,341148,839,6962,25,6955,1.12051134731
333490,333879,337195,389,3316,2,7200,1.11731001206
333511,334566,337547,1055,2981,2,7200,1.35390808454
334555,334779,337920,224,3141,2,7200,1.07131486788
334781,334787,339398,6,4611,5,14400,1.00130123617
334792,335204,340138,412,4934,5,14400,1.08350222943
334916,334926,338012,10,3086,2,7200,1.0032404407
334930,334937,337984,7,3047,2,7200,1.00229734165
334965,334979,337917,14,2938,2,7200,1.00476514636
334980,334986,337959,6,2973,2,7200,1.00201816347
335001,335069,338238,68,3169,2,7200,1.02145787315
335057,335241,338320,184,3079,2,7200,1.05975966223
335241,335249,339345,8,4096,5,14400,1.001953125
335252,335266,339171,14,3905,5,14400,1.00358514725
335259,335273,338460,14,3187,2,7200,1.00439284594
335273,335303,339970,30,4667,5,14400,1.00642811228
335280,335309,338094,29,2785,2,7200,1.01041292639
335314,335364,339393,50,4029,5,14400,1.0124100273
335365,335424,339256,59,3832,5,14400,1.01539665971
335394,335430,338761,36,3331,2,7200,1.0108075653
335427,335520,340541,93,5021,5,14400,1.01852220673
335519,335598,340450,79,4852,5,14400,1.01628194559
335601,335627,339624,26,3997,5,14400,1.00650487866
335633,335676,339544,43,3868,5,14400,1.01111685626
335674,335723,340427,49,4704,5,14400,1.01041666667
335725,336004,340798,279,4794,5,14400,1.05819774718
336001,336096,341055,95,4959,5,14400,1.01915708812
336080,336120,339235,40,3115,2,7200,1.01284109149
336095,336156,339250,61,3094,2,7200,1.01971557854
336109,336170,339078,61,2908,2,7200,1.02097661623
336145,336275,339517,130,3242,2,7200,1.0400987045
336160,336399,339636,239,3237,2,7200,1.07383379673
336265,336479,339435,214,2956,2,7200,1.07239512855
336358,336844,339881,486,3037,2,7200,1.16002634178
336388,336850,339745,462,2895,2,7200,1.15958549223
336849,336952,341687,103,4735,5,14400,1.02175290391
336951,337429,341666,478,4237,5,14400,1.11281567147
337198,337558,340597,360,3039,2,7200,1.11846001974
337407,337424,345941,17,8517,4,86400,1.00199600798
337550,337928,340975,378,3047,2,7200,1.12405644897
337920,337934,341062,14,3128,2,7200,1.00447570332
337921,337970,340993,49,3023,2,7200,1.01620906384
337960,337996,341076,36,3080,2,7200,1.01168831169
337987,338023,341220,36,3197,2,7200,1.01126055677
338014,338105,341267,91,3162,2,7200,1.02877925364
338095,338249,341018,154,2769,2,7200,1.05561574576
338239,338267,341212,28,2945,2,7200,1.00950764007
338268,338331,342692,63,4361,5,14400,1.01444622793
338323,338472,341648,149,3176,2,7200,1.04691435768
338462,338773,341720,311,2947,2,7200,1.10553104852
338762,339089,341941,327,2852,2,7200,1.11465638149
339078,339182,342382,104,3200,2,7200,1.0325
339186,339192,343652,6,4460,5,14400,1.00134529148
339197,339261,343817,64,4556,5,14400,1.01404741001
339238,339268,342452,30,3184,2,7200,1.00942211055
339252,339273,342357,21,3084,2,7200,1.00680933852
339269,339356,343867,87,4511,5,14400,1.01928618932
339361,339404,343887,43,4483,5,14400,1.00959179121
339402,339410,343952,8,4542,5,14400,1.00176133862
339413,339528,343670,115,4142,5,14400,1.02776436504
339436,339556,342575,120,3019,2,7200,1.03974826101
339520,339561,342580,41,3019,2,7200,1.01358065585
339556,339635,343782,79,4147,5,14400,1.0190499156
339637,339647,342845,10,3198,2,7200,1.00312695435
339649,339893,343912,244,4019,5,14400,1.06071161981
339745,339981,343148,236,3167,2,7200,1.07451847174
339884,340149,342986,265,2837,2,7200,1.09340853014
340149,340445,344382,296,3937,5,14400,1.07518415037
340445,340461,344474,16,4013,5,14400,1.00398704211
340466,340552,344864,86,4312,5,14400,1.01994434137
340548,340743,345507,195,4764,5,14400,1.04093198992
340597,340748,343722,151,2974,2,7200,1.0507733692
340753,340810,344922,57,4112,5,14400,1.0138618677
340815,340834,344951,19,4117,5,14400,1.00461501093
340836,341036,345093,200,4057,5,14400,1.04929751048
340976,340986,343915,10,2929,2,7200,1.00341413452
340994,341004,344089,10,3085,2,7200,1.00324149109
341021,341029,344052,8,3023,2,7200,1.00264637777
341040,341066,344964,26,3898,5,14400,1.00667008722
341063,341073,344258,10,3185,2,7200,1.00313971743
341071,341159,345220,88,4061,5,14400,1.02166953952
341079,341087,344040,8,2953,2,7200,1.00270910938
341163,341171,345611,8,4440,5,14400,1.0018018018
341174,341180,345524,6,4344,5,14400,1.00138121547
341185,341224,345382,39,4158,5,14400,1.00937950938
341214,341231,344386,17,3155,2,7200,1.00538827258
341229,341278,344173,49,2895,2,7200,1.01692573402
341268,341388,344456,120,3068,2,7200,1.03911342894
341389,341677,346045,288,4368,5,14400,1.06593406593
341650,341656,344793,6,3137,2,7200,1.0019126554
341675,341698,345653,23,3955,5,14400,1.00581542351
341696,341952,348006,256,6054,5,14400,1.04228609184
341722,341728,344854,6,3126,2,7200,1.0019193858
341929,342368,345342,439,2974,2,7200,1.14761264291
341930,342393,345517,463,3124,2,7200,1.14820742638
341932,342463,345462,531,2999,2,7200,1.17705901967
341933,342587,345625,654,3038,2,7200,1.21527320606
341934,342594,345504,660,2910,2,7200,1.22680412371
341936,342703,345994,767,3291,2,7200,1.23305986022
341937,342709,345678,772,2969,2,7200,1.26002020882
341938,342856,345985,918,3129,2,7200,1.29338446788
341940,342997,345842,1057,2845,2,7200,1.37152899824
341941,343159,346000,1218,2841,2,7200,1.42872228089
341942,343457,346733,1515,3276,2,7200,1.46245421245
341943,343462,346547,1519,3085,2,7200,1.49238249595
341945,343664,346524,1719,2860,2,7200,1.60104895105
341946,343670,346742,1724,3072,2,7200,1.56119791667
341947,343675,346768,1728,3093,2,7200,1.55868089234
341949,343682,346944,1733,3262,2,7200,1.53126916002
341950,343687,346586,1737,2899,2,7200,1.59917212832
341951,343720,346942,1769,3222,2,7200,1.54903786468
341953,343726,346600,1773,2874,2,7200,1.61691022965
341954,343733,346924,1779,3191,2,7200,1.55750548417
341969,343794,346991,1825,3197,2,7200,1.57084766969
341990,344875,366521,2885,21646,32,21600,1.1332809757
342360,343800,347012,1440,3212,2,7200,1.44831880448
342384,343805,346814,1421,3009,2,7200,1.47224991692
342453,343828,346921,1375,3093,2,7200,1.44455221468
342576,343834,346589,1258,2755,2,7200,1.45662431942
342590,343898,347215,1308,3317,2,7200,1.39433222792
342846,343904,347162,1058,3258,2,7200,1.32473910374
342896,345393,358105,2497,12712,25,21355,1.19642857143
342987,343923,347124,936,3201,2,7200,1.29240862231
343150,343930,347130,780,3200,2,7200,1.24375
343722,343963,347163,241,3200,2,7200,1.0753125
343915,343969,346934,54,2965,2,7200,1.01821247892
343974,344063,347975,89,3912,5,14400,1.02275051125
344042,344100,347019,58,2919,2,7200,1.01986981843
344056,344184,347039,128,2855,2,7200,1.04483362522
344089,344270,347223,181,2953,2,7200,1.06129359973
344174,344393,347413,219,3020,2,7200,1.07251655629
344260,344399,347556,139,3157,2,7200,1.04402914159
344389,344880,347991,491,3111,2,7200,1.15782706525
344458,344886,348077,428,3191,2,7200,1.13412723284
344795,344977,347921,182,2944,2,7200,1.06182065217
344856,344982,348086,126,3104,2,7200,1.04059278351
344864,345535,348337,671,2802,6,180000,1.23947180585
344985,345473,350320,488,4847,5,14400,1.10068083351
345343,345515,348796,172,3281,2,7200,1.05242304176
345464,345522,348722,58,3200,2,7200,1.018125
345506,345529,348426,23,2897,2,7200,1.0079392475
345520,345540,348604,20,3064,2,7200,1.00652741514
345536,345622,350354,86,4732,5,14400,1.01817413356
345626,345636,348657,10,3021,2,7200,1.0033101622
345680,345689,348924,9,3235,2,7200,1.0027820711
345842,345853,349025,11,3172,2,7200,1.00346784363
345986,345993,348998,7,3005,2,7200,1.00232945092
346001,346008,348959,7,2951,2,7200,1.00237207726
346003,346013,349148,10,3135,2,7200,1.00318979266
346527,346533,349538,6,3005,2,7200,1.00199667221
346547,346554,349818,7,3264,2,7200,1.00214460784
346586,346592,349794,6,3202,2,7200,1.00187382886
346601,346607,349845,6,3238,2,7200,1.00185299568
346602,346613,349826,11,3213,2,7200,1.00342359166
346735,346740,349605,5,2865,2,7200,1.0017452007
346749,346756,349900,7,3144,2,7200,1.0022264631
346770,346776,349744,6,2968,2,7200,1.00202156334
346815,346821,349859,6,3038,2,7200,1.00197498354
346923,346930,350151,7,3221,2,7200,1.00217323812
346938,346945,349990,7,3045,2,7200,1.00229885057
346940,346951,349917,11,2966,2,7200,1.00370869858
346955,346961,349951,6,2990,2,7200,1.00200668896
346956,346967,349960,11,2993,2,7200,1.00367524223
346992,346998,349946,6,2948,2,7200,1.00203527815
347013,347019,349965,6,2946,2,7200,1.00203665988
347027,347034,349933,7,2899,2,7200,1.00241462573
347042,347048,350157,6,3109,2,7200,1.00192988099
347126,347132,350271,6,3139,2,7200,1.00191143676
347141,347147,350146,6,2999,2,7200,1.00200066689
347165,347171,350197,6,3026,2,7200,1.0019828156
347166,347177,350377,11,3200,2,7200,1.0034375
347217,347224,350163,7,2939,2,7200,1.0023817625
347232,347238,350300,6,3062,2,7200,1.00195950359
347413,347419,350451,6,3032,2,7200,1.00197889182
347557,347564,350844,7,3280,2,7200,1.00213414634
347922,347928,351020,6,3092,2,7200,1.00194049159
347991,347997,351073,6,3076,2,7200,1.00195058518
348078,348084,351326,6,3242,2,7200,1.00185070944
348092,348098,351216,6,3118,2,7200,1.00192431046
348427,348433,351560,6,3127,2,7200,1.00191877199
348604,348610,351470,6,2860,2,7200,1.0020979021
348658,348664,351793,6,3129,2,7200,1.00191754554
348724,348730,351863,6,3133,2,7200,1.00191509735
348796,348802,351849,6,3047,2,7200,1.00196914998
348925,348931,351986,6,3055,2,7200,1.00196399345
348961,348967,352199,6,3232,2,7200,1.00185643564
349000,349006,352008,6,3002,2,7200,1.00199866755
349027,349033,352112,6,3079,2,7200,1.00194868464
349150,349156,352306,6,3150,2,7200,1.0019047619
349539,349545,352624,6,3079,2,7200,1.00194868464
349605,349611,352603,6,2992,2,7200,1.00200534759
349747,349753,352859,6,3106,2,7200,1.00193174501
349795,349801,352979,6,3178,2,7200,1.00188797986
349819,349825,352679,6,2854,2,7200,1.00210231254
349833,349839,352845,6,3006,2,7200,1.00199600798
349848,349854,353019,6,3165,2,7200,1.0018957346
349863,349869,352966,6,3097,2,7200,1.00193735873
349902,349908,353108,6,3200,2,7200,1.001875
349919,349926,353050,7,3124,2,7200,1.00224071703
349934,349940,353016,6,3076,2,7200,1.00195058518
349949,349955,352948,6,2993,2,7200,1.00200467758
349964,349970,353013,6,3043,2,7200,1.00197173842
349966,349976,352617,10,2641,2,7200,1.00378644453
349980,349986,353198,6,3212,2,7200,1.00186799502
349995,350001,353014,6,3013,2,7200,1.00199137073
350149,350155,353164,6,3009,2,7200,1.00199401795
350164,350170,353287,6,3117,2,7200,1.00192492782
350165,350176,353108,11,2932,2,7200,1.00375170532
350167,350181,353287,14,3106,2,7200,1.00450740502
350200,350206,353312,6,3106,2,7200,1.00193174501
350272,350278,353139,6,2861,2,7200,1.00209716882
350301,350308,353332,7,3024,2,7200,1.00231481481
350377,350383,353417,6,3034,2,7200,1.00197758734
350452,350458,353619,6,3161,2,7200,1.0018981335
350843,350849,354088,6,3239,2,7200,1.00185242359
351021,351027,354263,6,3236,2,7200,1.00185414091
351075,351081,354137,6,3056,2,7200,1.00196335079
351216,351222,354390,6,3168,2,7200,1.00189393939
351327,351333,354408,6,3075,2,7200,1.00195121951
351472,351478,354396,6,2918,2,7200,1.00205620288
351563,351569,354588,6,3019,2,7200,1.00198741305
351795,351801,354991,6,3190,2,7200,1.00188087774
351852,351858,354820,6,2962,2,7200,1.00202565834
351866,351873,354954,7,3081,2,7200,1.00227198961
351987,351993,354892,6,2899,2,7200,1.0020696792
352010,352017,355152,7,3135,2,7200,1.00223285486
352113,352119,355151,6,3032,2,7200,1.00197889182
352200,352206,355676,6,3470,2,7200,1.00172910663
352308,352314,355414,6,3100,2,7200,1.00193548387
352603,352609,355687,6,3078,2,7200,1.00194931774
352618,352624,355732,6,3108,2,7200,1.00193050193
352632,352639,355634,7,2995,2,7200,1.00233722871
352680,352687,355909,7,3222,2,7200,1.00217256363
352846,352852,356038,6,3186,2,7200,1.00188323917
352861,352867,355889,6,3022,2,7200,1.00198544011
352951,352957,355949,6,2992,2,7200,1.00200534759
352969,352975,356050,6,3075,2,7200,1.00195121951
352983,352990,355910,7,2920,2,7200,1.00239726027
353014,353020,356241,6,3221,2,7200,1.00186277554
353028,353035,355914,7,2879,2,7200,1.00243139979
353030,353041,356067,11,3026,2,7200,1.00363516193
353031,353046,356183,15,3137,2,7200,1.00478163851
353052,353058,356084,6,3026,2,7200,1.0019828156
353109,353115,356135,6,3020,2,7200,1.00198675497
353111,353121,356195,10,3074,2,7200,1.00325309044
353140,353147,356325,7,3178,2,7200,1.00220264317
353164,353170,356344,6,3174,2,7200,1.00189035917
353200,353206,356398,6,3192,2,7200,1.00187969925
353287,353293,356333,6,3040,2,7200,1.00197368421
353289,353299,356537,10,3238,2,7200,1.00308832613
353312,353319,356420,7,3101,2,7200,1.00225733634
353333,353339,356472,6,3133,2,7200,1.00191509735
353420,353427,356584,7,3157,2,7200,1.0022172949
353619,353626,356770,7,3144,2,7200,1.0022264631
354089,354095,357293,6,3198,2,7200,1.00187617261
354140,354146,357131,6,2985,2,7200,1.00201005025
354263,354270,357333,7,3063,2,7200,1.00228534117
354390,354396,357633,6,3237,2,7200,1.00185356812
354405,354411,357653,6,3242,2,7200,1.00185070944
354419,354425,357573,6,3148,2,7200,1.00190597205
354505,354511,354653,6,142,1,3600,1.04225352113
354588,354594,357633,6,3039,2,7200,1.00197433366
354781,354787,355105,6,318,1,3600,1.01886792453
354820,354826,358056,6,3230,2,7200,1.00185758514
354895,354901,358087,6,3186,2,7200,1.00188323917
354955,354961,358191,6,3230,2,7200,1.00185758514
354991,354997,358268,6,3271,2,7200,1.00183430144
355153,355159,358231,6,3072,2,7200,1.001953125
355155,355165,358290,10,3125,2,7200,1.0032
355349,355356,356001,7,645,1,3600,1.01085271318
355416,355423,358514,7,3091,2,7200,1.00226463928
355636,355642,358684,6,3042,2,7200,1.00197238659
355678,355684,358764,6,3080,2,7200,1.00194805195
355693,355699,358873,6,3174,2,7200,1.00189035917
355732,355738,359072,6,3334,2,7200,1.00179964007
355891,355897,359140,6,3243,2,7200,1.00185013876
355906,355912,359144,6,3232,2,7200,1.00185643564
355921,355927,358914,6,2987,2,7200,1.00200870439
355922,355933,358879,11,2946,2,7200,1.00373387644
355949,355956,358832,7,2876,2,7200,1.00243393602
356040,356046,358959,6,2913,2,7200,1.00205973223
356054,356060,359067,6,3007,2,7200,1.0019953442
356069,356075,359237,6,3162,2,7200,1.00189753321
356084,356090,359167,6,3077,2,7200,1.00194995125
356135,356141,359387,6,3246,2,7200,1.00184842884
356183,356189,359062,6,2873,2,7200,1.00208840933
356198,356204,359301,6,3097,2,7200,1.00193735873
356243,356249,359293,6,3044,2,7200,1.00197109067
356327,356333,359250,6,2917,2,7200,1.00205690778
356341,356348,359271,7,2923,2,7200,1.00239479986
356356,356362,359557,6,3195,2,7200,1.00187793427
356398,356404,359700,6,3296,2,7200,1.00182038835
356422,356428,359241,6,2813,2,7200,1.00213295414
356473,356479,359531,6,3052,2,7200,1.00196592398
356539,356545,359747,6,3202,2,7200,1.00187382886
356584,356590,359825,6,3235,2,7200,1.00185471406
356651,356656,356764,5,108,1,3600,1.0462962963
356771,356777,359737,6,2960,2,7200,1.00202702703
356894,356900,357209,6,309,1,3600,1.01941747573
357132,357138,360186,6,3048,2,7200,1.00196850394
357294,357301,360340,7,3039,2,7200,1.00230338927
357333,357339,360445,6,3106,2,7200,1.00193174501
357541,357547,358168,6,621,1,3600,1.00966183575
357574,357582,360529,8,2947,2,7200,1.00271462504
357634,357640,360895,6,3255,2,7200,1.00184331797
357635,357646,360851,11,3205,2,7200,1.00343213729
357654,357660,360496,6,2836,2,7200,1.00211565585
358058,358064,361114,6,3050,2,7200,1.00196721311
358088,358094,361193,6,3099,2,7200,1.00193610842
358193,358199,361351,6,3152,2,7200,1.0019035533
358232,358238,361359,6,3121,2,7200,1.00192246075
358263,358269,358487,6,218,1,3600,1.02752293578
358271,358277,361275,6,2998,2,7200,1.00200133422
358292,358298,361319,6,3021,2,7200,1.00198609732
358515,358521,361523,6,3002,2,7200,1.00199866755
358632,358638,359065,6,427,1,3600,1.01405152225
358685,358691,361794,6,3103,2,7200,1.00193361263
358766,358772,362057,6,3285,2,7200,1.00182648402
358835,358841,361841,6,3000,2,7200,1.002
358874,358880,361728,6,2848,2,7200,1.00210674157
358889,358895,362075,6,3180,2,7200,1.00188679245
358916,358922,361793,6,2871,2,7200,1.00208986416
358961,358967,362161,6,3194,2,7200,1.00187852223
359065,359075,362262,10,3187,2,7200,1.0031377471
359080,359086,362192,6,3106,2,7200,1.00193174501
359081,359092,362051,11,2959,2,7200,1.00371747212
359142,359148,362242,6,3094,2,7200,1.00193923723
359157,359163,362167,6,3004,2,7200,1.00199733688
359171,359177,362129,6,2952,2,7200,1.00203252033
359241,359247,362284,6,3037,2,7200,1.00197563385
359256,359261,362494,5,3233,2,7200,1.00154655119
359257,359267,362508,10,3241,2,7200,1.00308546745
359275,359281,362446,6,3165,2,7200,1.0018957346
359289,359295,360145,6,850,1,3600,1.00705882353
359293,359301,362384,8,3083,2,7200,1.00259487512
359308,359314,362459,6,3145,2,7200,1.00190779014
359386,359392,362513,6,3121,2,7200,1.00192246075
359534,359540,362652,6,3112,2,7200,1.00192802057
359558,359564,362460,6,2896,2,7200,1.0020718232
359702,359708,362768,6,3060,2,7200,1.00196078431
359738,359745,362917,7,3172,2,7200,1.00220680958
359753,359759,362971,6,3212,2,7200,1.00186799502
359829,359835,362807,6,2972,2,7200,1.00201884253
360187,360193,363232,6,3039,2,7200,1.00197433366
360340,360347,363328,7,2981,2,7200,1.0023482053
360446,360452,363564,6,3112,2,7200,1.00192802057
360497,360503,363485,6,2982,2,7200,1.00201207243
360530,360536,363702,6,3166,2,7200,1.00189513582
360852,360858,363784,6,2926,2,7200,1.002050581
360897,360903,364036,6,3133,2,7200,1.00191509735
361036,361043,361142,7,99,1,3600,1.07070707071
361114,361120,364375,6,3255,2,7200,1.00184331797
361195,361201,364219,6,3018,2,7200,1.00198807157
361261,361267,361692,6,425,1,3600,1.01411764706
361276,361282,364425,6,3143,2,7200,1.00190900414
361321,361327,364400,6,3073,2,7200,1.00195248942
361351,361357,364272,6,2915,2,7200,1.00205831904
361366,361372,364307,6,2935,2,7200,1.00204429302
361525,361532,364791,7,3259,2,7200,1.00214789813
361656,361662,361766,6,104,1,1800,1.05769230769
361730,361736,364886,6,3150,2,7200,1.0019047619
361793,361800,365039,7,3239,2,7200,1.00216116085
361795,361806,364929,11,3123,2,7200,1.00352225424
361843,361849,364960,6,3111,2,7200,1.00192864031
361998,362004,362533,6,529,1,3600,1.01134215501
362017,362023,362124,6,101,1,1800,1.05940594059
362053,362060,365071,7,3011,2,7200,1.00232480903
362068,362074,365182,6,3108,2,7200,1.00193050193
362083,362089,365316,6,3227,2,7200,1.00185931205
362131,362137,365046,6,2909,2,7200,1.00206256446
362164,362170,365155,6,2985,2,7200,1.00201005025
362178,362184,365017,6,2833,2,7200,1.00211789622
362193,362199,365131,6,2932,2,7200,1.00204638472
362244,362250,365589,6,3339,2,7200,1.00179694519
362265,362271,365073,6,2802,2,7200,1.00214132762
362286,362292,365277,6,2985,2,7200,1.00201005025
362386,362393,365382,7,2989,2,7200,1.00234192037
362446,362453,365604,7,3151,2,7200,1.00222151698
362461,362468,365433,7,2965,2,7200,1.0023608769
362463,362474,365650,11,3176,2,7200,1.00346347607
362496,362502,365485,6,2983,2,7200,1.00201139792
362511,362517,365689,6,3172,2,7200,1.00189155107
362525,362531,365512,6,2981,2,7200,1.0020127474
362636,362642,363059,6,417,1,1800,1.01438848921
362652,362658,365556,6,2898,2,7200,1.00207039337
362769,362775,365926,6,3151,2,7200,1.00190415741
362808,362815,366047,7,3232,2,7200,1.00216584158
362923,362929,366184,6,3255,2,7200,1.00184331797
362971,362977,365938,6,2961,2,7200,1.00202634245
363233,363239,366401,6,3162,2,7200,1.00189753321
363329,363336,366202,7,2866,2,7200,1.00244242847
363486,363492,366332,6,2840,2,7200,1.00211267606
363564,363570,366577,6,3007,2,7200,1.0019953442
363705,363711,366804,6,3093,2,7200,1.00193986421
363778,363784,363910,6,126,1,14400,1.04761904762
363786,363793,366821,7,3028,2,7200,1.00231175694
363873,363879,363926,6,47,1,1800,1.12765957447
364036,364042,367298,6,3256,2,7200,1.00184275184
364171,364177,364261,6,84,1,1800,1.07142857143
364220,364226,367188,6,2962,2,7200,1.00202565834
364274,364280,367386,6,3106,2,7200,1.00193174501
364307,364313,367226,6,2913,2,7200,1.00205973223
364373,364379,367271,6,2892,2,7200,1.0020746888
364400,364406,367313,6,2907,2,7200,1.00206398349
364427,364433,367616,6,3183,2,7200,1.00188501414
364794,364800,367797,6,2997,2,7200,1.002002002
364887,364894,367878,7,2984,2,7200,1.0023458445
364912,364918,365190,6,272,1,1800,1.02205882353
364929,364935,367796,6,2861,2,7200,1.00209716882
364962,364968,368047,6,3079,2,7200,1.00194868464
365019,365025,368253,6,3228,2,7200,1.00185873606
365040,365046,368266,6,3220,2,7200,1.00186335404
365055,365061,368226,6,3165,2,7200,1.0018957346
365073,365079,368226,6,3147,2,7200,1.00190657769
365087,365094,368224,7,3130,2,7200,1.00223642173
365132,365139,368243,7,3104,2,7200,1.00225515464
365156,365163,368168,7,3005,2,7200,1.00232945092
365184,365190,368267,6,3077,2,7200,1.00194995125
365278,365284,368505,6,3221,2,7200,1.00186277554
365316,365323,368376,7,3053,2,7200,1.00229282673
365383,365389,368583,6,3194,2,7200,1.00187852223
365434,365440,368690,6,3250,2,7200,1.00184615385
365488,365494,368429,6,2935,2,7200,1.00204429302
365515,365521,368655,6,3134,2,7200,1.00191448628
365557,365563,368696,6,3133,2,7200,1.00191509735
365590,365596,368541,6,2945,2,7200,1.00203735144
365604,365616,365697,12,81,1,1800,1.14814814815
365604,365611,368709,7,3098,2,7200,1.00225952227
365652,365658,368636,6,2978,2,7200,1.00201477502
365691,365697,368524,6,2827,2,7200,1.00212239123
365926,365932,369214,6,3282,2,7200,1.00182815356
365941,365947,368995,6,3048,2,7200,1.00196850394
365945,365953,366070,8,117,1,1800,1.06837606838
366049,366055,369033,6,2978,2,7200,1.00201477502
366185,366191,369366,6,3175,2,7200,1.00188976378
366202,366209,369137,7,2928,2,7200,1.00239071038
366335,366341,369470,6,3129,2,7200,1.00191754554
366404,366410,369577,6,3167,2,7200,1.00189453742
366578,366585,369886,7,3301,2,7200,1.00212056952
366593,366599,366996,6,397,1,1800,1.01511335013
366804,366810,369913,6,3103,2,7200,1.00193361263
366822,366828,369930,6,3102,2,7200,1.00193423598
367190,367196,370427,6,3231,2,7200,1.00185701021
367229,367235,370316,6,3081,2,7200,1.00194741967
367274,367280,370248,6,2968,2,7200,1.00202156334
367301,367307,370273,6,2966,2,7200,1.0020229265
367315,367321,370586,6,3265,2,7200,1.00183767228
367387,367394,370268,7,2874,2,7200,1.00243562978
367572,367578,368957,6,1379,1,14400,1.00435097897
367619,367625,370753,6,3128,2,7200,1.00191815857
367797,367803,370896,6,3093,2,7200,1.00193986421
367798,367809,370941,11,3132,2,7200,1.00351213282
367880,367886,370772,6,2886,2,7200,1.00207900208
368048,368054,371158,6,3104,2,7200,1.00193298969
368168,368174,371409,6,3235,2,7200,1.00185471406
368196,368202,368259,6,57,1,1800,1.10526315789
368226,368232,371236,6,3004,2,7200,1.00199733688
368227,368238,371362,11,3124,2,7200,1.00352112676
368242,368248,371317,6,3069,2,7200,1.00195503421
368257,368263,371229,6,2966,2,7200,1.0020229265
368258,368269,371505,11,3236,2,7200,1.00339925834
368273,368279,371326,6,3047,2,7200,1.00196914998
368274,368285,371444,11,3159,2,7200,1.00348211459
368377,368383,371496,6,3113,2,7200,1.00192740122
368431,368437,371425,6,2988,2,7200,1.00200803213
368506,368512,371733,6,3221,2,7200,1.00186277554
368515,368521,368605,6,84,1,1800,1.07142857143
368527,368533,371433,6,2900,2,7200,1.00206896552
368541,368548,371486,7,2938,2,7200,1.00238257318
368583,368589,371829,6,3240,2,7200,1.00185185185
368637,368644,371614,7,2970,2,7200,1.00235690236
368655,368661,371700,6,3039,2,7200,1.00197433366
368691,368697,371760,6,3063,2,7200,1.00195886386
368706,368712,371899,6,3187,2,7200,1.00188264826
368721,368727,371674,6,2947,2,7200,1.00203596878
368995,369001,372160,6,3159,2,7200,1.00189933523
369034,369040,372092,6,3052,2,7200,1.00196592398
369057,369063,369073,6,10,8,216000,1.6
369139,369145,372096,6,2951,2,7200,1.00203320908
369140,369151,369206,11,55,8,216000,1.2
369214,369220,372173,6,2953,2,7200,1.00203183204
369247,369253,369527,6,274,1,1800,1.02189781022
369274,369280,369285,6,5,8,216000,1.1
369367,369374,372464,7,3090,2,7200,1.00226537217
369470,369476,372644,6,3168,2,7200,1.00189393939
369505,369511,369559,6,48,1,14400,1.125
369578,369584,372561,6,2977,2,7200,1.0020154518
369888,369894,372881,6,2987,2,7200,1.00200870439
369915,369921,372972,6,3051,2,7200,1.00196656834
369933,369939,373036,6,3097,2,7200,1.00193735873
370249,370255,373324,6,3069,2,7200,1.00195503421
370269,370276,373425,7,3149,2,7200,1.00222292791
370284,370291,373301,7,3010,2,7200,1.0023255814
370317,370323,373549,6,3226,2,7200,1.00185988841
370429,370435,373594,6,3159,2,7200,1.00189933523
370585,370591,373240,6,2649,2,7200,1.00226500566
370754,370760,373929,6,3169,2,7200,1.00189334175
370775,370781,373978,6,3197,2,7200,1.00187675946
370898,370904,373885,6,2981,2,7200,1.0020127474
370943,370949,373985,6,3036,2,7200,1.00197628458
371160,371166,374214,6,3048,2,7200,1.00196850394
371232,371238,374323,6,3085,2,7200,1.00194489465
371246,371253,374391,7,3138,2,7200,1.0022307202
371319,371325,374175,6,2850,2,7200,1.00210526316
371333,371339,374580,6,3241,2,7200,1.00185128047
371363,371370,374311,7,2941,2,7200,1.00238014281
371411,371417,374427,6,3010,2,7200,1.00199335548
371426,371432,374426,6,2994,2,7200,1.00200400802
371441,371447,374544,6,3097,2,7200,1.00193735873
371456,371462,374460,6,2998,2,7200,1.00200133422
371486,371492,374642,6,3150,2,7200,1.0019047619
371501,371507,374817,6,3310,2,7200,1.00181268882
371515,371522,374560,7,3038,2,7200,1.00230414747
371615,371621,374879,6,3258,2,7200,1.00184162063
371675,371681,374789,6,3108,2,7200,1.00193050193
371702,371708,374748,6,3040,2,7200,1.00197368421
371735,371741,374657,6,2916,2,7200,1.00205761317
371761,371768,375044,7,3276,2,7200,1.00213675214
371831,371837,374893,6,3056,2,7200,1.00196335079
371900,371906,374969,6,3063,2,7200,1.00195886386
372093,372099,374973,6,2874,2,7200,1.00208768267
372107,372113,375155,6,3042,2,7200,1.00197238659
372161,372168,375055,7,2887,2,7200,1.00242466228
372176,372182,375352,6,3170,2,7200,1.00189274448
372465,372471,375329,6,2858,2,7200,1.00209937019
372561,372568,375770,7,3202,2,7200,1.00218613367
372646,372652,375647,6,2995,2,7200,1.0020033389
372883,372890,376068,7,3178,2,7200,1.00220264317
372974,372980,375959,6,2979,2,7200,1.00201409869
373037,373043,376307,6,3264,2,7200,1.00183823529
373241,373247,376182,6,2935,2,7200,1.00204429302
373301,373307,376503,6,3196,2,7200,1.00187734668
373325,373331,376443,6,3112,2,7200,1.00192802057
373427,373433,376490,6,3057,2,7200,1.00196270854
373514,373520,374874,6,1354,1,3600,1.00443131462
373551,373557,376718,6,3161,2,7200,1.0018981335
373596,373602,376477,6,2875,2,7200,1.00208695652
373888,373894,377010,6,3116,2,7200,1.00192554557
373930,373936,376930,6,2994,2,7200,1.00200400802
373978,373984,376855,6,2871,2,7200,1.00208986416
373993,373999,377218,6,3219,2,7200,1.0018639329
374176,374182,377223,6,3041,2,7200,1.00197303519
374215,374221,377278,6,3057,2,7200,1.00196270854
374311,374317,377672,6,3355,2,7200,1.00178837556
374326,374332,377273,6,2941,2,7200,1.00204012241
374392,374398,377447,6,3049,2,7200,1.00196785831
374428,374434,377438,6,3004,2,7200,1.00199733688
374430,374440,377628,10,3188,2,7200,1.00313676286
374460,374466,377692,6,3226,2,7200,1.00185988841
374544,374550,377805,6,3255,2,7200,1.00184331797
374562,374568,377687,6,3119,2,7200,1.00192369349
374583,374589,377875,6,3286,2,7200,1.00182592818
374643,374649,377699,6,3050,2,7200,1.00196721311
374658,374664,377760,6,3096,2,7200,1.0019379845
374663,374670,376320,7,1650,1,14400,1.00424242424
374751,374757,377805,6,3048,2,7200,1.00196850394
374790,374796,377946,6,3150,2,7200,1.0019047619
374820,374826,377843,6,3017,2,7200,1.00198873053
374880,374886,377883,6,2997,2,7200,1.002002002
374894,374901,378029,7,3128,2,7200,1.00223785166
374970,374976,378035,6,3059,2,7200,1.0019614253
374984,374990,377885,6,2895,2,7200,1.00207253886
375044,375051,378103,7,3052,2,7200,1.00229357798
375059,375065,377959,6,2894,2,7200,1.00207325501
375156,375162,378359,6,3197,2,7200,1.00187675946
375331,375337,378321,6,2984,2,7200,1.00201072386
375352,375358,376780,6,1422,8,6000,1.00421940928
375353,375364,376813,11,1449,8,6000,1.00759144237
375363,375370,376797,7,1427,8,6000,1.00490539594
375374,375380,376813,6,1433,8,6000,1.00418702024
375385,375391,376824,6,1433,8,6000,1.00418702024
375395,375401,376825,6,1424,8,6000,1.00421348315
375406,375412,376840,6,1428,8,6000,1.00420168067
375417,375423,376849,6,1426,8,6000,1.00420757363
375427,375433,376880,6,1447,8,6000,1.00414651002
375438,375444,376892,6,1448,8,6000,1.00414364641
375449,375455,376898,6,1443,8,6000,1.00415800416
375459,375466,376914,7,1448,8,6000,1.00483425414
375473,375658,377100,185,1442,8,6000,1.12829403606
375657,376133,377564,476,1431,8,6000,1.33263452131
376138,376454,377890,316,1436,8,6000,1.22005571031
376339,377116,377168,777,52,6,7200,15.9423076923
376454,376729,378151,275,1422,8,6000,1.19338959212
376730,376792,378218,62,1426,8,6000,1.04347826087
376792,376808,378247,16,1439,8,6000,1.01111883252
376813,376824,378292,11,1468,8,6000,1.00749318801
376824,376830,378276,6,1446,8,6000,1.00414937759
376835,376841,378280,6,1439,8,6000,1.0041695622
376846,376852,378297,6,1445,8,6000,1.00415224913
376857,376863,378301,6,1438,8,6000,1.00417246175
376868,376874,378307,6,1433,8,6000,1.00418702024
376879,376891,378628,12,1737,8,6000,1.00690846287
376890,376903,378341,13,1438,8,6000,1.0090403338
376900,376909,378379,9,1470,8,6000,1.00612244898
376911,376925,378399,14,1474,8,6000,1.00949796472
376922,377111,378536,189,1425,8,6000,1.13263157895
377116,377230,378681,114,1451,8,6000,1.07856650586
377229,377449,378888,220,1439,8,6000,1.15288394719
377453,377459,380447,6,2988,2,7200,1.00200803213
377464,377575,379018,111,1443,8,6000,1.07692307692
377547,378358,378415,811,57,6,3600,15.2280701754
377577,377682,379126,105,1444,8,6000,1.07271468144
377631,377689,381046,58,3357,2,7200,1.01727733095
377673,377698,380818,25,3120,2,7200,1.00801282051
377688,377704,380880,16,3176,2,7200,1.00503778338
377700,377816,379323,116,1507,8,6000,1.07697412077
377703,377854,381086,151,3232,2,7200,1.04672029703
377704,377887,381053,183,3166,2,7200,1.05780164245
377761,377895,380830,134,2935,2,7200,1.04565587734
377806,377902,380860,96,2958,2,7200,1.03245436105
377808,377908,381020,100,3112,2,7200,1.03213367609
377844,377913,380887,69,2974,2,7200,1.02320107599
377877,377918,380970,41,3052,2,7200,1.01343381389
377892,377924,380968,32,3044,2,7200,1.01051248357
377893,377957,381220,64,3263,2,7200,1.01961385228
377947,377970,380873,23,2903,2,7200,1.00792283844
377962,378040,381003,78,2963,2,7200,1.02632467094
378031,378047,381121,16,3074,2,7200,1.0052049447
378046,378114,381117,68,3003,2,7200,1.02264402264
378103,378162,381304,59,3142,2,7200,1.0187778485
378160,378228,379676,68,1448,8,6000,1.04696132597
378231,378258,379715,27,1457,8,6000,1.01853122855
378263,378287,379736,24,1449,8,6000,1.016563147
378283,378294,379756,11,1462,8,6000,1.00752393981
378294,378304,379756,10,1452,8,6000,1.00688705234
378305,378311,379755,6,1444,8,6000,1.00415512465
378316,378322,379768,6,1446,8,6000,1.00414937759
378323,378329,381529,6,3200,2,7200,1.001875
378326,378335,379777,9,1442,8,6000,1.00624133148
378337,378352,379806,15,1454,8,6000,1.01031636864
378348,378391,379834,43,1443,8,6000,1.0297990298
378359,378396,381559,37,3163,2,7200,1.0116977553
378399,378410,379855,11,1445,8,6000,1.00761245675
378410,378543,380285,133,1742,8,6000,1.07634902411
378544,378550,380001,6,1451,8,6000,1.00413507926
378554,378639,380078,85,1439,8,6000,1.05906879778
378637,378692,380135,55,1443,8,6000,1.03811503812
378688,378899,380343,211,1444,8,6000,1.14612188366
378879,378885,378978,6,93,4,86400,1.06451612903
378903,379029,380482,126,1453,8,6000,1.08671713696
379026,379137,380583,111,1446,8,6000,1.07676348548
379139,379687,381128,548,1441,8,6000,1.38029146426
379690,379726,381166,36,1440,8,6000,1.025
379732,379747,381197,15,1450,8,6000,1.01034482759
379753,379766,381229,13,1463,8,6000,1.00888585099
379764,379772,381499,8,1727,8,6000,1.00463231036
379774,379780,381230,6,1450,8,6000,1.00413793103
379785,379791,381244,6,1453,8,6000,1.00412938747
379796,379802,381272,6,1470,8,6000,1.00408163265
379808,379817,381263,9,1446,8,6000,1.00622406639
379818,379845,381340,27,1495,8,6000,1.01806020067
379849,379867,381346,18,1479,8,6000,1.0121703854
379870,380014,381453,144,1439,8,6000,1.1000694927
380014,380089,381539,75,1450,8,6000,1.05172413793
380086,380147,381634,61,1487,8,6000,1.04102219233
380147,380296,381776,149,1480,8,6000,1.10067567568
380301,380354,381812,53,1458,8,6000,1.03635116598
380352,380493,382265,141,1772,8,6000,1.07957110609
380449,380498,383662,49,3164,2,7200,1.01548672566
380496,380594,382051,98,1457,8,6000,1.06726149623
380598,380884,382358,286,1474,8,6000,1.19402985075
380609,381651,382463,1042,812,2,14400,2.28325123153
380819,380891,384158,72,3267,2,7200,1.02203856749
380834,380898,383820,64,2922,2,7200,1.0219028063
380861,380979,384045,118,3066,2,7200,1.03848662753
380876,380986,384272,110,3286,2,7200,1.03347534997
380891,381014,384299,123,3285,2,7200,1.03744292237
380892,381031,384336,139,3305,2,7200,1.04205748865
380970,381057,384045,87,2988,2,7200,1.02911646586
380985,381064,384114,79,3050,2,7200,1.02590163934
381003,381097,384279,94,3182,2,7200,1.02954116908
381021,381129,384114,108,2985,2,7200,1.03618090452
381048,381136,384139,88,3003,2,7200,1.0293040293
381062,381143,384090,81,2947,2,7200,1.02748557855
381086,381149,384044,63,2895,2,7200,1.02176165803
381112,382376,382753,1264,377,1,345600,4.35278514589
381119,381154,384179,35,3025,2,7200,1.01157024793
381134,381159,384368,25,3209,2,7200,1.00779058897
381160,381177,382644,17,1467,8,6000,1.01158827539
381181,381209,382678,28,1469,8,6000,1.01906058543
381212,381241,382687,29,1446,8,6000,1.02005532503
381221,381246,384401,25,3155,2,7200,1.00792393027
381243,381253,382714,10,1461,8,6000,1.00684462697
381253,381259,382749,6,1490,8,6000,1.00402684564
381264,381274,382739,10,1465,8,6000,1.00682593857
381275,381284,382747,9,1463,8,6000,1.00615174299
381285,381351,382821,66,1470,8,6000,1.04489795918
381357,381363,382823,6,1460,8,6000,1.00410958904
381368,381465,382908,97,1443,8,6000,1.06722106722
381471,381511,382966,40,1455,8,6000,1.02749140893
381512,382062,383514,550,1452,8,6000,1.37878787879
381811,382474,384267,663,1793,2,21600,1.36977133296
382063,382276,383990,213,1714,8,6000,1.12427071179
382278,382369,383827,91,1458,8,6000,1.06241426612
382370,382655,384114,285,1459,8,6000,1.19533927347
382656,382690,384176,34,1486,8,6000,1.02288021534
382688,382698,384157,10,1459,8,6000,1.0068540096
382698,382725,384197,27,1472,8,6000,1.0183423913
382729,382750,384206,21,1456,8,6000,1.01442307692
382750,382759,384221,9,1462,8,6000,1.00615595075
382761,382772,384244,11,1472,8,6000,1.00747282609
382771,382832,384288,61,1456,8,6000,1.0418956044
382833,382919,384370,86,1451,8,6000,1.05926946933
383766,410698,410966,26932,268,2,10800,101.492537313
410534,410687,420455,153,9768,30,10555,1.01566339066
410559,410692,436082,133,25390,6,165600,1.00523828279
410682,410704,482715,22,72011,3,72000,1.00030550888
410792,410799,468769,7,57970,3,147600,1.00012075211
410850,410856,554886,6,144030,3,144000,1.00004165799
410948,410954,465708,6,54754,3,140400,1.00010958104
411028,411034,465512,6,54478,3,126000,1.0001101362
411095,411101,465206,6,54105,3,133080,1.00011089548
411648,411654,470055,6,58401,12,129600,1.00010273797
411783,411789,413115,6,1326,8,21600,1.00452488688
411870,411876,413204,6,1328,8,21600,1.00451807229
412350,412356,415751,6,3395,12,129600,1.00176730486
412635,412642,542246,7,129604,18,129600,1.00005401068
413432,413438,413442,6,4,18,129600,1.0
413474,413480,543084,6,129604,18,129600,1.00004629487
413533,413540,414128,7,588,1,3600,1.0119047619
413585,413591,414922,6,1331,8,21600,1.00450788881
413605,413611,414939,6,1328,8,21600,1.00451807229
413713,413719,413739,6,20,8,360000,1.3
414454,414460,954485,6,540025,6,540000,1.0000111106
414765,414771,415163,6,392,4,252000,1.01530612245
414797,414803,414826,6,23,4,75540,1.26086956522
415221,415228,415242,7,14,4,252000,1.5
415300,415307,415318,7,11,4,111540,1.63636363636
415359,415365,440431,6,25066,4,111540,1.00023936807
415401,415408,554299,7,138891,4,252000,1.00005039923
415425,415431,513378,6,97947,18,144000,1.00006125762
415511,415517,502915,6,87398,18,144000,1.00006865146
415764,415770,545371,6,129601,18,129600,1.00004629594
416412,416418,416437,6,19,8,360000,1.31578947368
416735,416741,636416,6,219675,8,360000,1.00002731308
417297,417303,420485,6,3182,5,14400,1.00188560654
417308,417319,420331,11,3012,5,14400,1.00365205843
417308,417314,420604,6,3290,5,14400,1.00182370821
417319,417325,420030,6,2705,5,14400,1.0022181146
417319,417330,420762,11,3432,5,14400,1.00320512821
417330,417341,420173,11,2832,5,14400,1.00388418079
417330,417336,419877,6,2541,5,14400,1.00236127509
417341,417352,419989,11,2637,5,14400,1.0041714069
417341,417347,420562,6,3215,5,14400,1.00186625194
417352,417363,419886,11,2523,5,14400,1.00435988902
417352,417358,419872,6,2514,5,14400,1.00238663484
417363,417374,420672,11,3298,5,14400,1.00333535476
417363,417369,420696,6,3327,5,14400,1.00180342651
417374,417385,420652,11,3267,5,14400,1.00336700337
417374,417380,419962,6,2582,5,14400,1.00232378002
417385,417396,420535,11,3139,5,14400,1.00350430073
417385,417391,420321,6,2930,5,14400,1.00204778157
417396,417402,420420,6,3018,5,14400,1.00198807157
417406,417412,420220,6,2808,5,14400,1.00213675214
417417,417423,420241,6,2818,5,14400,1.00212916962
417427,417433,419921,6,2488,5,14400,1.00241157556
417438,417444,420277,6,2833,5,14400,1.00211789622
417448,417455,420678,7,3223,5,14400,1.00217188954
417459,417465,420562,6,3097,5,14400,1.00193735873
417470,417476,420993,6,3517,5,14400,1.00170599943
417480,419883,422658,2403,2775,5,14400,1.86594594595
419881,419889,423566,8,3677,5,14400,1.0021756867
419891,419897,422409,6,2512,5,14400,1.00238853503
419902,419933,422532,31,2599,5,14400,1.01192766449
419933,419973,423015,40,3042,5,14400,1.01314924392
419974,420000,422667,26,2667,5,14400,1.0097487814
420005,420042,422411,37,2369,5,14400,1.01561840439
420046,420185,423329,139,3144,5,14400,1.04421119593
420189,420231,422820,42,2589,5,14400,1.01622247972
420230,420252,423498,22,3246,5,14400,1.0067775724
420251,420288,423285,37,2997,5,14400,1.01234567901
420292,420334,422803,42,2469,5,14400,1.0170109356
420333,420342,423249,9,2907,5,14400,1.00309597523
420344,420431,423189,87,2758,5,14400,1.03154459753
420435,420466,423295,31,2829,5,14400,1.01095793567
420466,420473,423527,7,3054,5,14400,1.00229207597
420477,420483,422864,6,2381,5,14400,1.0025199496
420488,420494,423417,6,2923,5,14400,1.0020526856
420498,420504,423618,6,3114,5,14400,1.00192678227
420509,420515,423739,6,3224,5,14400,1.00186104218
420519,420525,423863,6,3338,5,14400,1.00179748352
420530,420546,423701,16,3155,5,14400,1.00507131537
420551,420573,423120,22,2547,5,14400,1.00863761288
420571,420579,423792,8,3213,5,14400,1.00248988484
420582,420615,423853,33,3238,5,14400,1.01019147622
420613,420664,423336,51,2672,5,14400,1.01908682635
420664,420683,423215,19,2532,5,14400,1.00750394945
420685,420691,423192,6,2501,5,14400,1.00239904038
420695,420707,423347,12,2640,5,14400,1.00454545455
420706,420773,423548,67,2775,5,14400,1.02414414414
420778,421004,424272,226,3268,5,14400,1.06915544676
421002,422420,425645,1418,3225,5,14400,1.43968992248
422198,422875,438555,677,15680,16,36000,1.04317602041
422212,423306,459357,1094,36051,16,36000,1.03034589887
422419,422427,425543,8,3116,5,14400,1.00256739409
422429,422669,425834,240,3165,5,14400,1.07582938389
422439,423203,433854,764,10651,4,36000,1.07173035396
422674,422680,425247,6,2567,5,14400,1.00233735878
422684,422814,425330,130,2516,5,14400,1.05166931638
422817,423027,426089,210,3062,5,14400,1.06858262573
423031,423131,425677,100,2546,5,14400,1.03927729772
423133,423226,425695,93,2469,5,14400,1.03766707169
423225,423261,426702,36,3441,5,14400,1.01046207498
423266,423341,426785,75,3444,5,14400,1.02177700348
423338,423347,425865,9,2518,5,14400,1.00357426529
423349,423358,425944,9,2586,5,14400,1.00348027842
423359,423428,426733,69,3305,5,14400,1.0208774584
423431,423509,426696,78,3187,5,14400,1.02447442736
423513,423538,426845,25,3307,5,14400,1.0075597218
423533,423560,426860,27,3300,5,14400,1.00818181818
423564,423577,426517,13,2940,5,14400,1.00442176871
423575,423630,426622,55,2992,5,14400,1.01838235294
423626,423712,426832,86,3120,5,14400,1.02756410256
423708,423751,426786,43,3035,5,14400,1.01416803954
423749,423803,426515,54,2712,5,14400,1.01991150442
423800,423865,426872,65,3007,5,14400,1.0216162288
423861,423874,427087,13,3213,5,14400,1.00404606287
423872,424283,426939,411,2656,5,14400,1.1547439759
424279,425258,427960,979,2702,5,14400,1.36232420429
424701,426802,426906,2101,104,1,259200,21.2019230769
425256,425341,427908,85,2567,5,14400,1.03311258278
425338,425554,428019,216,2465,5,14400,1.08762677485
425552,425656,428274,104,2618,5,14400,1.0397249809
425654,425688,428734,34,3046,5,14400,1.01116217991
425685,425706,429058,21,3352,5,14400,1.00626491647
425706,425846,428441,140,2595,5,14400,1.05394990366
425849,425876,428495,27,2619,5,14400,1.01030927835
425880,425955,428516,75,2561,5,14400,1.02928543538
425951,426101,428585,150,2484,5,14400,1.06038647343
426104,426526,429269,422,2743,5,14400,1.15384615385
426522,426532,429228,10,2696,5,14400,1.00370919881
426532,426633,429524,101,2891,5,14400,1.0349360083
426635,426707,429185,72,2478,5,14400,1.02905569007
426706,426713,429688,7,2975,5,14400,1.00235294118
426717,426744,429277,27,2533,5,14400,1.01065929728
426748,426796,430155,48,3359,5,14400,1.01428996725
426799,426844,429322,45,2478,5,14400,1.0181598063
426840,426856,430239,16,3383,5,14400,1.00472953
426861,426871,430091,10,3220,5,14400,1.00310559006
426868,426883,427810,15,927,8,6000,1.01618122977
426879,427098,428023,219,925,8,6000,1.23675675676
427103,427821,428723,718,902,8,6000,1.79600886918
427446,430250,451884,2804,21634,32,21600,1.12961079782
427825,427919,428829,94,910,8,6000,1.1032967033
427917,428031,428960,114,929,8,6000,1.12271259419
428030,428037,428927,7,890,8,6000,1.00786516854
428040,428285,429196,245,911,8,6000,1.268935236
428285,428506,429402,221,896,8,6000,1.24665178571
428509,428596,429507,87,911,8,6000,1.09549945115
428517,428740,429036,223,296,1,3600,1.75337837838
428601,428734,429645,133,911,8,6000,1.14599341383
428734,428746,429653,12,907,8,6000,1.01323042999
428745,428841,429767,96,926,8,6000,1.10367170626
428836,429207,458645,371,29438,1,54000,1.01260275834
428837,428938,429864,101,926,8,6000,1.1090712743
428852,429779,458320,927,28541,1,54000,1.03247959076
428858,429785,458003,927,28218,1,54000,1.03285137147
428873,430256,682266,1383,252010,1,252000,1.00548787747
428881,430327,682359,1446,252032,1,252000,1.00573736668
428889,430333,682341,1444,252008,1,252000,1.00572997683
428939,428972,429876,33,904,8,6000,1.03650442478
428970,429198,430097,228,899,8,6000,1.25361512792
429009,441568,448555,12559,6987,25,6955,2.79748103621
429194,429213,430116,19,903,8,6000,1.02104097453
429215,429280,430212,65,932,8,6000,1.06974248927
429276,429288,430200,12,912,8,6000,1.01315789474
429287,429413,430316,126,903,8,6000,1.13953488372
429296,448567,455531,19271,6964,25,6955,3.76723147616
429409,429518,430448,109,930,8,6000,1.11720430108
429522,429657,430567,135,910,8,6000,1.14835164835
429654,429664,430580,10,916,8,6000,1.01091703057
429665,429790,430697,125,907,8,6000,1.13781697905
429787,429876,430788,89,912,8,6000,1.0975877193
429879,429888,430806,9,918,8,6000,1.00980392157
429890,430104,431024,214,920,8,6000,1.23260869565
430104,430128,431045,24,917,8,6000,1.02617230098
430125,430223,431141,98,918,8,6000,1.10675381264
430217,430338,431237,121,899,8,6000,1.13459399333
430319,430459,431373,140,914,8,6000,1.15317286652
430452,430578,431494,126,916,8,6000,1.13755458515
430574,430591,431516,17,925,8,6000,1.01837837838
430585,430708,431635,123,927,8,6000,1.13268608414
430697,430799,431705,102,906,8,6000,1.11258278146
430789,430817,431735,28,918,8,6000,1.03050108932
430810,431036,431943,226,907,8,6000,1.24917309813
431034,431056,431968,22,912,8,6000,1.02412280702
431054,431152,432056,98,904,8,6000,1.10840707965
431148,431248,432162,100,914,8,6000,1.10940919037
431239,431384,432305,145,921,8,6000,1.15743756786
431382,431505,432428,123,923,8,6000,1.13326110509
431494,431528,432447,34,919,8,6000,1.03699673558
431525,431646,432549,121,903,8,6000,1.13399778516
431637,431716,432628,79,912,8,6000,1.08662280702
431709,431746,432665,37,919,8,6000,1.04026115343
431717,433866,733389,2149,299523,1,576000,1.00717474117
431739,431955,432864,216,909,8,6000,1.23762376238
431765,433871,789207,2106,355336,1,576000,1.00592678479
431831,433877,973883,2046,540006,1,540000,1.00378884679
431846,433882,1009905,2036,576023,1,576000,1.00353458108
431953,431979,432917,26,938,8,6000,1.02771855011
431955,438567,1014569,6612,576002,1,576000,1.01147912681
431974,432067,433024,93,957,8,6000,1.09717868339
432065,432173,433120,108,947,8,6000,1.11404435058
432167,432316,433224,149,908,8,6000,1.1640969163
432309,432439,433350,130,911,8,6000,1.14270032931
432431,432458,433388,27,930,8,6000,1.02903225806
432452,432560,433472,108,912,8,6000,1.11842105263
432554,432639,433553,85,914,8,6000,1.09299781182
432635,432676,433593,41,917,8,6000,1.04471101418
432666,432875,433788,209,913,8,6000,1.22891566265
432869,432929,433865,60,936,8,6000,1.0641025641
432920,433035,433947,115,912,8,6000,1.12609649123
433032,433131,434056,99,925,8,6000,1.10702702703
433123,433235,434144,112,909,8,6000,1.12321232123
433225,433361,434272,136,911,8,6000,1.14928649835
433357,433399,434328,42,929,8,6000,1.04520990312
433398,433483,434418,85,935,8,6000,1.09090909091
433480,433564,434497,84,933,8,6000,1.09003215434
433561,433604,434530,43,926,8,6000,1.0464362851
433602,433799,434720,197,921,8,6000,1.21389793702
433795,433888,434812,93,924,8,6000,1.10064935065
433866,433958,434878,92,920,8,6000,1.1
433948,434068,434993,120,925,8,6000,1.12972972973
434059,434156,435082,97,926,8,6000,1.10475161987
434151,434283,435200,132,917,8,6000,1.1439476554
434273,434339,435269,66,930,8,6000,1.07096774194
434334,434430,435354,96,924,8,6000,1.1038961039
434426,434508,435422,82,914,8,6000,1.08971553611
434497,434542,435468,45,926,8,6000,1.04859611231
434538,434731,435734,193,1003,8,6000,1.1924227318
434721,434823,435776,102,953,8,6000,1.10703043022
434813,434889,435810,76,921,8,6000,1.08251900109
434884,435005,435939,121,934,8,6000,1.1295503212
434996,435093,436006,97,913,8,6000,1.10624315444
435087,435211,436132,124,921,8,6000,1.13463626493
435209,435280,436213,71,933,8,6000,1.07609860665
435270,435365,436293,95,928,8,6000,1.10237068966
435362,435433,436374,71,941,8,6000,1.07545164718
435423,435479,436424,56,945,8,6000,1.05925925926
435474,435746,436681,272,935,8,6000,1.29090909091
435738,435787,436745,49,958,8,6000,1.05114822547
435779,435822,436747,43,925,8,6000,1.04648648649
435784,451900,451912,16116,12,16,45000,1344.0
435820,435951,436896,131,945,8,6000,1.13862433862
435930,451923,451926,15993,3,16,45000,1599.6
435942,436017,436945,75,928,8,6000,1.08081896552
436013,436095,437050,82,955,8,6000,1.08586387435
436073,451937,451940,15864,3,16,45000,1586.7
436095,436144,437093,49,949,8,6000,1.05163329821
436146,436226,437153,80,927,8,6000,1.08629989213
436227,436305,437257,78,952,8,6000,1.08193277311
436308,436385,437314,77,929,8,6000,1.08288482239
436390,436435,437366,45,931,8,6000,1.04833512352
436431,436692,437623,261,931,8,6000,1.28034371643
436695,436757,437679,62,922,8,6000,1.06724511931
436756,436764,437707,8,943,8,6000,1.0084835631
436767,436908,437847,141,939,8,6000,1.15015974441
436907,436956,441606,49,4650,5,14400,1.01053763441
436959,437062,441555,103,4493,5,14400,1.0229245493
437061,437069,441748,8,4679,5,14400,1.00170976704
437071,437104,441191,33,4087,5,14400,1.00807438219
437102,437164,441742,62,4578,5,14400,1.01354303189
437153,437170,441245,17,4075,5,14400,1.00417177914
437174,437268,441456,94,4188,5,14400,1.02244508118
437266,437274,442136,8,4862,5,14400,1.00164541341
437277,437326,441415,49,4089,5,14400,1.01198337002
437328,437378,441477,50,4099,5,14400,1.0121980971
437369,437383,441550,14,4167,5,14400,1.00335973122
437379,437635,442472,256,4837,5,14400,1.05292536696
437624,437690,443089,66,5399,5,14400,1.01222448602
437685,437696,441802,11,4106,5,14400,1.00267900633
437696,437718,442206,22,4488,5,14400,1.00490196078
437717,437724,441870,7,4146,5,14400,1.00168837434
437727,437858,442600,131,4742,5,14400,1.02762547448
437860,441202,445848,3342,4646,5,14400,1.71932845458
439574,451895,538333,12321,86438,12,86400,1.14254147481
441207,441256,445305,49,4049,5,14400,1.01210175352
441259,441427,445688,168,4261,5,14400,1.03942736447
441422,441467,445446,45,3979,5,14400,1.01130937421
441463,441488,445622,25,4134,5,14400,1.00604741171
441484,441562,446222,78,4660,5,14400,1.01673819742
441556,441619,446040,63,4421,5,14400,1.01425016964
441607,441754,446441,147,4687,5,14400,1.03136334542
441750,441813,446632,63,4819,5,14400,1.01307325171
441750,441760,445815,10,4055,5,14400,1.00246609125
441812,441881,446016,69,4135,5,14400,1.01668681983
441873,442147,446803,274,4656,5,14400,1.05884879725
442138,442218,446966,80,4748,5,14400,1.01684919966
442210,442483,446567,273,4084,5,14400,1.06684622919
442475,442611,446619,136,4008,5,14400,1.03393213573
442607,443101,447929,494,4828,5,14400,1.10231980116
443096,445317,449413,2221,4096,5,14400,1.54223632812
443790,451956,451986,8166,30,6,14400,273.2
445315,445458,450155,143,4697,5,14400,1.03044496487
445448,445634,450791,186,5157,5,14400,1.03606748109
445631,445699,449776,68,4077,5,14400,1.01667893059
445693,445826,450029,133,4203,5,14400,1.03164406376
445815,445860,449797,45,3937,5,14400,1.01143002286
445856,446028,450139,172,4111,5,14400,1.04183896862
446019,446052,450628,33,4576,5,14400,1.00721153846
446050,446235,449999,185,3764,5,14400,1.0491498406
446224,446453,450902,229,4449,5,14400,1.05147224095
446448,446578,451406,130,4828,5,14400,1.02692626346
446571,446630,451224,59,4594,5,14400,1.01284283848
446622,446645,451330,23,4685,5,14400,1.00490928495
446643,446815,451646,172,4831,5,14400,1.03560339474
446806,446977,450991,171,4014,5,14400,1.04260089686
446970,447940,452575,970,4635,5,14400,1.2092772384
447934,449424,453964,1490,4540,5,14400,1.3281938326
449420,449787,453892,367,4105,5,14400,1.08940316687
449776,449809,454006,33,4197,5,14400,1.00786275911
449807,450011,453955,204,3944,5,14400,1.05172413793
450001,450040,454221,39,4181,5,14400,1.00932791198
450032,450150,454432,118,4282,5,14400,1.02755721625
450144,450166,454650,22,4484,5,14400,1.00490633363
450165,450639,455515,474,4876,5,14400,1.09721082855
450633,450802,455741,169,4939,5,14400,1.03421745293
450796,450914,455546,118,4632,5,14400,1.02547495682
450909,451003,455145,94,4142,5,14400,1.02269435056
451001,451236,455154,235,3918,5,14400,1.05997958142
451225,451341,455787,116,4446,5,14400,1.0260908682
451337,451417,455278,80,3861,5,14400,1.02072002072
451409,451657,455429,248,3772,5,14400,1.065747614
451653,451906,457018,253,5112,5,14400,1.0494913928
451907,451951,457035,44,5084,5,14400,1.00865460268
451948,451962,455958,14,3996,5,14400,1.0035035035
451959,451997,455902,38,3905,5,14400,1.00973111396
452000,452586,457658,586,5072,5,14400,1.1155362776
452350,459368,480997,7018,21629,32,21600,1.32447177401
452590,453903,458585,1313,4682,5,14400,1.28043571123
453902,453967,458971,65,5004,5,14400,1.01298960831
453903,481008,502642,27105,21634,32,21600,2.25288897106
453964,453975,458603,11,4628,5,14400,1.00237683665
453974,454017,458463,43,4446,5,14400,1.00967161493
454015,454233,458585,218,4352,5,14400,1.05009191176
454147,454239,454344,92,105,1,259200,1.87619047619
454229,454443,459081,214,4638,5,14400,1.04614057784
454443,454662,459127,219,4465,5,14400,1.0490481523
454668,455156,459249,488,4093,5,14400,1.11922795016
455157,455165,459470,8,4305,5,14400,1.0018583043
455168,455289,460108,121,4819,5,14400,1.02510894376
455290,455440,459555,150,4115,5,14400,1.03645200486
455443,455526,459655,83,4129,5,14400,1.02010171954
455525,455542,459575,17,4033,5,14400,1.0042152244
455546,455557,459694,11,4137,5,14400,1.00265893159
455557,455752,459837,195,4085,5,14400,1.04773561812
455750,455798,460284,48,4486,5,14400,1.01069995542
455802,455914,460733,112,4819,5,14400,1.02324133638
455914,455969,459941,55,3972,5,14400,1.0138469285
455965,457029,461259,1064,4230,5,14400,1.25153664303
457034,457669,461629,635,3960,5,14400,1.16035353535
457665,458474,462497,809,4023,5,14400,1.20109371116
458261,458267,458373,6,106,1,259200,1.05660377358
458479,458596,462837,117,4241,5,14400,1.02758783306
458601,458607,462973,6,4366,5,14400,1.00137425561
458612,458618,462848,6,4230,5,14400,1.00141843972
458622,458982,463078,360,4096,5,14400,1.087890625
458978,459092,463429,114,4337,5,14400,1.02628545077
459090,459138,463023,48,3885,5,14400,1.01235521236
459142,459260,464166,118,4906,5,14400,1.024052181
459264,459374,463352,110,3978,5,14400,1.02765208648
459376,459382,463992,6,4610,5,14400,1.00130151844
459386,459481,464316,95,4835,5,14400,1.0196483971
459485,459566,460996,81,1430,8,6000,1.05664335664
459566,459666,461103,100,1437,8,6000,1.06958942241
459668,459705,461151,37,1446,8,6000,1.02558782849
459710,459952,461414,242,1462,8,6000,1.16552667579
459954,460296,461724,342,1428,8,6000,1.23949579832
460300,460744,462180,444,1436,8,6000,1.30919220056
460747,461007,462442,260,1435,8,6000,1.18118466899
461012,461116,462544,104,1428,8,6000,1.07282913165
461114,461162,462613,48,1451,8,6000,1.03308063405
461165,461425,462857,260,1432,8,6000,1.18156424581
461429,461640,463081,211,1441,8,6000,1.14642609299
461644,461736,463170,92,1434,8,6000,1.06415620642
461736,462191,463628,455,1437,8,6000,1.31663187196
462193,462454,463879,261,1425,8,6000,1.18315789474
462329,462335,463860,6,1525,2,21600,1.00393442623
462458,462556,463997,98,1441,8,6000,1.06800832755
462560,462624,464112,64,1488,8,6000,1.04301075269
462621,462848,464278,227,1430,8,6000,1.15874125874
462846,462860,464308,14,1448,8,6000,1.00966850829
462856,462868,464313,12,1445,8,6000,1.00830449827
462867,463034,464460,167,1426,8,6000,1.11711079944
463030,463093,464535,63,1442,8,6000,1.04368932039
463091,463182,464884,91,1702,8,6000,1.05346650999
463183,463363,464801,180,1438,8,6000,1.12517385257
463366,463441,464883,75,1442,8,6000,1.0520110957
463438,463639,465098,201,1459,8,6000,1.13776559287
463642,463891,465333,249,1442,8,6000,1.17267683773
463896,464003,465445,107,1442,8,6000,1.07420249653
464008,464014,465460,6,1446,8,6000,1.00414937759
464019,464123,465567,104,1444,8,6000,1.07202216066
464121,464289,465729,168,1440,8,6000,1.11666666667
464294,464319,465762,25,1443,8,6000,1.01732501733
464315,464325,465763,10,1438,8,6000,1.00695410292
464325,464331,466038,6,1707,8,6000,1.00351493849
464336,464471,465908,135,1437,8,6000,1.09394572025
464468,464546,465990,78,1444,8,6000,1.0540166205
464550,464812,466259,262,1447,8,6000,1.18106427091
464675,464681,532415,6,67734,1,180000,1.00008858181
464694,464701,531378,7,66677,1,180000,1.00010498373
464760,466275,482816,1515,16541,6,165600,1.09159059307
464815,464894,466330,79,1436,8,6000,1.05501392758
464896,464902,466351,6,1449,8,6000,1.00414078675
464907,465110,466562,203,1452,8,6000,1.13980716253
464998,465477,503286,479,37809,1,72000,1.01266894126
465110,465344,466796,234,1452,8,6000,1.16115702479
465344,465471,466924,127,1453,8,6000,1.0874053682
465426,465457,477426,31,11969,4,43200,1.00259002423
465467,465578,467054,111,1476,8,6000,1.07520325203
465579,465740,467207,161,1467,8,6000,1.10974778459
465742,465773,467234,31,1461,8,6000,1.0212183436
465773,465779,467240,6,1461,8,6000,1.00410677618
465784,465919,467374,135,1455,8,6000,1.09278350515
465916,466002,467488,86,1486,8,6000,1.05787348587
465998,466050,467504,52,1454,8,6000,1.03576341128
466049,466270,467722,221,1452,8,6000,1.15220385675
466273,466341,467784,68,1443,8,6000,1.04712404712
466343,466807,502852,464,36045,16,36000,1.01287279789
466346,466625,468067,279,1442,8,6000,1.19348127601
466621,466936,468394,315,1458,8,6000,1.21604938272
466659,466812,469729,153,2917,2,7200,1.05245114844
466660,466818,469741,158,2923,2,7200,1.05405405405
466936,467065,468513,129,1448,8,6000,1.08908839779
467016,471021,478020,4005,6999,25,6955,1.57222460351
467069,467219,468672,150,1453,8,6000,1.10323468685
467140,478286,482018,11146,3732,4,36000,3.98660235798
467150,478486,485543,11336,7057,4,36000,2.60634830665
467222,467245,468694,23,1449,8,6000,1.01587301587
467242,467251,468726,9,1475,8,6000,1.00610169492
467253,467385,468850,132,1465,8,6000,1.09010238908
467385,467499,468949,114,1450,8,6000,1.07862068966
467497,467515,468979,18,1464,8,6000,1.01229508197
467518,467733,469193,215,1460,8,6000,1.14726027397
467732,467796,469251,64,1455,8,6000,1.0439862543
467793,468078,469538,285,1460,8,6000,1.19520547945
467891,482030,487663,14139,5633,4,36000,3.5100301793
468000,482827,556601,14827,73774,3,133080,1.20097866457
468027,489109,556601,21082,67492,3,126000,1.31236294672
468046,497292,556601,29246,59309,3,140400,1.49311234383
468078,468406,469868,328,1462,8,6000,1.2243502052
468303,478040,478045,9737,5,16,45000,974.2
468336,478056,478058,9720,2,16,45000,972.2
468373,478070,478072,9697,2,16,45000,969.9
468404,468525,469982,121,1457,8,6000,1.08304735758
468437,478095,823697,9658,345602,4,345600,1.02794544013
468526,468683,470149,157,1466,8,6000,1.1070941337
468679,468705,470171,26,1466,8,6000,1.01773533424
468710,468737,470195,27,1458,8,6000,1.01851851852
468741,468861,470380,120,1519,8,6000,1.07899934167
468863,468961,470704,98,1743,8,6000,1.0562248996
468965,468990,470445,25,1455,8,6000,1.01718213058
468986,469204,470650,218,1446,8,6000,1.15076071923
469029,478084,478268,9055,184,6,604800,50.2119565217
469069,478089,478273,9020,184,6,604800,50.0217391304
469107,478279,478475,9172,196,6,604800,47.7959183673
469200,469262,470724,62,1462,8,6000,1.04240766074
469261,469550,471010,289,1460,8,6000,1.19794520548
469443,478392,484309,8949,5917,2,28800,2.51242183539
469546,469752,471214,206,1462,8,6000,1.14090287278
469749,469879,471353,130,1474,8,6000,1.0881953867
469882,469993,471461,111,1468,8,6000,1.07561307902
469914,469920,470296,6,376,1,345600,1.01595744681
469994,470160,471608,166,1448,8,6000,1.11464088398
470126,478492,609499,8366,131007,1,259200,1.0638591831
470157,470206,471671,49,1465,8,6000,1.03344709898
470208,470391,471860,183,1469,8,6000,1.1245745405
470391,470457,471909,66,1452,8,6000,1.04545454545
470453,470715,472179,262,1464,8,6000,1.17896174863
470672,470678,470705,6,27,3,120,1.22222222222
470707,470735,472194,28,1459,8,6000,1.01919122687
470728,471026,472488,298,1462,8,6000,1.20383036936
470825,470831,470858,6,27,3,120,1.22222222222
470929,470935,470978,6,43,3,120,1.13953488372
471013,471225,472681,212,1456,8,6000,1.1456043956
471086,472699,472727,1613,28,3,120,58.6071428571
471115,482727,486913,11612,4186,2,14400,3.7740086001
471190,478031,1082875,6841,604844,12,604800,1.01131035441
471216,471364,472819,148,1455,8,6000,1.10171821306
471359,471472,472933,113,1461,8,6000,1.07734428474
471471,471620,473105,149,1485,8,6000,1.10033670034
471614,471683,473145,69,1462,8,6000,1.04719562244
471675,471871,473328,196,1457,8,6000,1.13452299245
471863,471920,473396,57,1476,8,6000,1.03861788618
471915,472190,473668,275,1478,8,6000,1.18606224628
472179,472205,473665,26,1460,8,6000,1.01780821918
472200,472499,473969,299,1470,8,6000,1.20340136054
472450,478856,489324,6406,10468,1,345600,1.61196025984
472495,472693,474157,198,1464,8,6000,1.13524590164
472689,472830,474309,141,1479,8,6000,1.0953346856
472821,472944,474404,123,1460,8,6000,1.08424657534
472933,473116,474573,183,1457,8,6000,1.12560054907
472990,472996,475405,6,2409,1,43200,1.00249066002
473107,473156,474638,49,1482,8,6000,1.0330634278
473148,473339,474801,191,1462,8,6000,1.13064295486
473331,473409,474867,78,1458,8,6000,1.05349794239
473399,473677,478449,278,4772,5,14400,1.05825649623
473638,493040,493041,19402,1,1,345600,1940.3
473674,473684,478104,10,4420,5,14400,1.00226244344
473674,473690,478375,16,4685,5,14400,1.00341515475
473685,474174,478723,489,4549,5,14400,1.107496153
473685,473980,478088,295,4108,5,14400,1.07181110029
473980,474179,478196,199,4017,5,14400,1.04953945731
474162,474169,474576,7,407,2,900,1.0171990172
474174,474320,478757,146,4437,5,14400,1.03290511607
474175,474326,479031,151,4705,5,14400,1.03209351753
474202,474589,474995,387,406,2,900,1.95320197044
474317,474416,478479,99,4063,5,14400,1.02436623185
474409,474594,478634,185,4040,5,14400,1.04579207921
474420,474599,478709,179,4110,5,14400,1.04355231144
474593,474649,479449,56,4800,5,14400,1.01166666667
474604,474816,480153,212,5337,5,14400,1.03972269065
474648,474821,478930,173,4109,5,14400,1.04210270139
474819,474878,479441,59,4563,5,14400,1.01293008985
474819,474884,479085,65,4201,5,14400,1.01547250655
474823,497281,497300,22458,19,12,4200,1183.0
474880,478102,482740,3222,4638,5,14400,1.69469598965
475092,502870,705183,27778,202313,1,604800,1.1373021012
475123,502875,710372,27752,207497,1,604800,1.133746512
475245,497311,497325,22066,14,12,4200,1577.14285714
475520,475527,496113,7,20586,1,43200,1.00034003692
477457,477463,496103,6,18640,4,43200,1.00032188841
478099,478115,482857,16,4742,5,14400,1.00337410375
478109,478207,482289,98,4082,5,14400,1.02400783929
478201,478386,482613,185,4227,5,14400,1.04376626449
478384,478460,483285,76,4825,5,14400,1.01575129534
478399,478717,478845,318,128,1,3600,3.484375
478456,478498,482580,42,4082,5,14400,1.01028907398
478487,478645,483274,158,4629,5,14400,1.03413264204
478639,478724,483116,85,4392,5,14400,1.01935336976
478711,478734,483462,23,4728,5,14400,1.00486463621
478732,478769,482894,37,4125,5,14400,1.00896969697
478763,478942,483724,179,4782,5,14400,1.0374320368
478937,479042,483200,105,4158,5,14400,1.02525252525
479039,479096,483137,57,4041,5,14400,1.01410541945
479090,479460,484260,370,4800,5,14400,1.07708333333
479111,483188,483223,4077,35,1,3540,117.485714286
479204,484321,484728,5117,407,2,900,13.5724815725
479262,484454,484861,5192,407,2,900,13.7567567568
479446,479466,483561,20,4095,5,14400,1.00488400488
479457,480165,484179,708,4014,5,14400,1.17638266069
479691,482833,485360,3142,2527,2,14400,2.24337158686
480158,482301,486964,2143,4663,5,14400,1.45957538066
480535,510552,749848,30017,239296,1,259200,1.12543878711
480544,483273,484442,2729,1169,2,14400,3.33447390932
480687,511132,751660,30445,240528,1,259200,1.12657570013
480783,511757,749617,30974,237860,1,259200,1.13021945682
480886,511762,748447,30876,236685,1,259200,1.1304518664
481037,511767,831571,30730,319804,1,345600,1.09609010519
481101,511821,829564,30720,317743,1,345600,1.09668190959
481159,511826,835726,30667,323900,1,345600,1.09468045693
481223,512572,833979,31349,321407,1,345600,1.09753676802
481812,512577,1030987,30765,518410,1,518400,1.05934492004
481869,512583,1031028,30714,518445,1,518400,1.0592425426
481914,512588,1031021,30674,518433,1,518400,1.05916675829
482059,482733,482734,674,1,1,900,67.5
482091,513088,1117897,30997,604809,1,604800,1.05125089078
482152,502653,509617,20501,6964,25,6955,3.94385410684
482168,513094,1117927,30926,604833,1,604800,1.05113146935
482216,513099,1117907,30883,604808,1,604800,1.05106248595
482293,482592,486652,299,4060,5,14400,1.0736453202
482588,482625,487333,37,4708,5,14400,1.00785896347
482619,482752,487242,133,4490,5,14400,1.02962138085
482696,482746,483078,50,332,1,300,1.15060240964
482709,482838,483176,129,338,1,300,1.38165680473
482723,483089,483262,366,173,1,300,3.11560693642
482741,482869,486885,128,4016,5,14400,1.03187250996
482864,482906,487142,42,4236,5,14400,1.00991501416
482891,502887,511768,19996,8881,6,165600,3.25154824907
482895,483128,487127,233,3999,5,14400,1.05826456614
483064,502892,511740,19828,8848,6,129600,3.24095840868
483119,483148,487355,29,4207,5,14400,1.00689327312
483139,483212,487815,73,4603,5,14400,1.01585922225
483183,493053,503564,9870,10511,1,345600,1.93901626867
483201,483285,487050,84,3765,5,14400,1.02231075697
483283,483296,487750,13,4454,5,14400,1.00291872474
483293,483473,488322,180,4849,5,14400,1.03712105589
483466,483572,488198,106,4626,5,14400,1.02291396455
483568,483736,488648,168,4912,5,14400,1.0342019544
483633,509639,517507,26006,7868,4,36000,4.30528723945
483650,515416,526423,31766,11007,1,345600,3.88598164804
483731,484190,488983,459,4793,5,14400,1.09576465679
483778,484739,485278,961,539,1,18000,2.78293135436
483788,484745,484854,957,109,1,18000,9.77981651376
483798,484865,485444,1067,579,1,18000,2.84283246978
484060,510547,1064892,26487,554345,3,604800,1.04778071418
484179,484271,488258,92,3987,5,14400,1.02307499373
484261,485372,490017,1111,4645,5,14400,1.23918191604
484352,511751,1116572,27399,604821,3,604800,1.04530100641
484608,489978,497280,5370,7302,2,21600,1.73541495481
484670,509644,516564,24974,6920,4,36000,4.60895953757
484677,509649,517124,24972,7475,4,36000,4.34073578595
484687,509997,513867,25310,3870,4,36000,7.54005167959
485369,485554,490103,185,4549,5,14400,1.04066827874
485391,485456,485457,65,1,1,3600,6.6
485424,496111,504809,10687,8698,2,21600,2.22867325822
485553,486664,490828,1111,4164,5,14400,1.26681075889
486372,502881,503749,16509,868,2,28800,20.0195852535
486400,486925,487557,525,632,2,14400,1.83069620253
486661,486896,491112,235,4216,5,14400,1.05574003795
486896,486976,490881,80,3905,5,14400,1.0204865557
486977,487062,491267,85,4205,5,14400,1.02021403092
487059,487138,491455,79,4317,5,14400,1.01829974519
487142,487153,491587,11,4434,5,14400,1.00248082995
487152,487253,491979,101,4726,5,14400,1.02137113838
487255,487344,492309,89,4965,5,14400,1.01792547835
487336,487581,488126,245,545,1,1800,1.4495412844
487346,487367,492026,21,4659,5,14400,1.00450740502
487367,487761,491896,394,4135,5,14400,1.09528415961
487384,503761,511810,16377,8049,2,21600,3.03466269102
487557,491980,492396,4423,416,1,18000,11.6322115385
487564,492408,492789,4844,381,1,18000,13.7139107612
487570,492801,493017,5231,216,1,18000,25.2175925926
487620,502898,506806,15278,3908,2,14400,4.90941658137
487636,487642,487643,6,1,1,3600,1.0
487749,487755,487884,6,129,1,3600,1.04651162791
487764,487826,491746,62,3920,5,14400,1.01581632653
487826,488209,492695,383,4486,5,14400,1.0853767276
488015,488022,488339,7,317,1,3600,1.02208201893
488143,504821,508047,16678,3226,2,21600,6.16986980781
488212,488269,492135,57,3866,5,14400,1.01474392137
488274,488333,492117,59,3784,5,14400,1.01559196617
488335,488660,493794,325,5134,5,14400,1.06330346708
488484,488490,495681,6,7191,1,7200,1.0008343763
488595,488601,489232,6,631,1,3600,1.00950871632
488661,488995,494042,334,5047,5,14400,1.06617792748
488997,490839,494834,1842,3995,5,14400,1.46107634543
489102,502658,512561,13556,9903,16,36000,2.36887811774
489512,505689,509986,16177,4297,2,21600,4.76471957179
489786,489792,489793,6,1,1,3600,1.0
489790,490029,497270,239,7241,6,7200,1.03300649082
489863,509633,514973,19770,5340,6,14400,4.70224719101
489901,489907,490000,6,93,1,3600,1.06451612903
489972,502864,502874,12892,10,16,45000,1290.2
490057,506819,509856,16762,3037,2,21600,6.51926243003
490132,490138,490501,6,363,1,3600,1.01652892562
490184,502926,939889,12742,436963,6,604800,1.02916036369
490215,502931,911237,12716,408306,6,604800,1.03114330918
490248,502937,897214,12689,394277,6,604800,1.03218295767
490348,509628,512725,19280,3097,6,180000,7.22537939942
490698,490704,491937,6,1233,1,3600,1.00486618005
490795,490801,491334,6,533,1,3600,1.01125703565
490838,490893,494931,55,4038,5,14400,1.01362060426
490889,491124,496190,235,5066,5,14400,1.04638768259
491114,491280,495970,166,4690,5,14400,1.03539445629
491162,513104,517331,21942,4227,4,36000,6.19091554294
491172,515359,519734,24187,4375,4,36000,6.52845714286
491277,491466,496327,189,4861,5,14400,1.03888088871
491287,497338,497375,6051,37,8,3540,164.540540541
491448,516575,516577,25127,2,4,604800,2512.9
491460,491603,496300,143,4697,5,14400,1.03044496487
491469,516589,516596,25120,7,4,604800,2512.7
491508,516607,516609,25099,2,4,604800,2510.1
491593,491757,496267,164,4510,5,14400,1.03636363636
491756,491907,496239,151,4332,5,14400,1.03485687904
491901,491991,496626,90,4635,5,14400,1.01941747573
491968,491974,495662,6,3688,1,43200,1.00162689805
491983,492038,496537,55,4499,5,14400,1.01222493888
492034,492129,496234,95,4105,5,14400,1.02314250914
492126,492146,496493,20,4347,5,14400,1.00460087417
492137,492321,497187,184,4866,5,14400,1.0378133991
492310,492707,496799,397,4092,5,14400,1.09701857283
492669,492675,492807,6,132,1,3600,1.04545454545
492697,493806,497977,1109,4171,5,14400,1.26588348118
492936,492943,493246,7,303,1,3600,1.02310231023
493065,508058,510536,14993,2478,2,21600,7.05044390638
493480,493487,494576,7,1089,1,3600,1.00642791552
493580,511780,516844,18200,5064,2,21600,4.59399684044
493797,494054,498141,257,4087,5,14400,1.06288230976
494051,494845,498925,794,4080,5,14400,1.19460784314
494169,511785,518143,17616,6358,2,21600,3.77068260459
494432,494439,494686,7,247,1,3540,1.02834008097
494835,494944,499047,109,4103,5,14400,1.02656592737
494902,494909,494911,7,2,1,1800,1.0
494938,495981,500438,1043,4457,5,14400,1.2340139107
494970,494976,495139,6,163,1,1200,1.03680981595
495002,495008,495173,6,165,1,1800,1.03636363636
495136,495143,495144,7,1,1,3600,1.0
495254,495260,495352,6,92,1,3600,1.0652173913
495407,502903,505677,7496,2774,2,14400,3.70223503965
495478,503299,505002,7821,1703,1,14400,5.59248385203
495486,495492,495783,6,291,1,3600,1.0206185567
495496,503575,505245,8079,1670,1,14400,5.8377245509
495497,505015,505990,9518,975,1,14400,10.7620512821
495499,505257,507023,9758,1766,1,14400,6.5254813137
495500,506001,507537,10501,1536,1,14400,7.83658854167
495506,507034,508711,11528,1677,1,14400,7.87418008348
495523,507548,509144,12025,1596,1,14400,8.53446115288
495537,508723,510173,13186,1450,1,14400,10.0937931034
495537,509155,510073,13618,918,1,14400,15.834422658
495540,511791,513399,16251,1608,1,14400,11.1063432836
495548,511796,513328,16248,1532,1,14400,11.6057441253
495555,512735,514428,17180,1693,1,14400,11.1476668636
495557,512741,514343,17184,1602,1,14400,11.7265917603
495564,512746,514480,17182,1734,1,14400,10.9088811995
495603,512752,514451,17149,1699,1,14400,11.0935844614
495604,512757,514328,17153,1571,1,14400,11.9185232336
495608,512762,514295,17154,1533,1,14400,12.1898238748
495612,513110,514824,17498,1714,1,14400,11.2088681447
495613,513884,515405,18271,1521,1,14400,13.0124917817
495613,513115,514120,17502,1005,1,14400,18.4149253731
495791,495797,495861,6,64,1,720,1.09375
495977,496202,501048,225,4846,5,14400,1.0464300454
496076,496083,496627,7,544,1,3600,1.01286764706
496192,496246,500189,54,3943,5,14400,1.01369515597
496243,496253,500488,10,4235,5,14400,1.00236127509
496243,496280,500129,37,3849,5,14400,1.00961288646
496265,496272,496287,7,15,1,720,1.46666666667
496275,496312,500402,37,4090,5,14400,1.00904645477
496306,496339,500611,33,4272,5,14400,1.0077247191
496337,496504,500931,167,4427,5,14400,1.03772306302
496501,496548,500926,47,4378,5,14400,1.01073549566
496542,496637,500613,95,3976,5,14400,1.02389336016
496634,496811,501143,177,4332,5,14400,1.04085872576
496808,497199,501115,391,3916,5,14400,1.09984678243
496931,515388,522677,18457,7289,4,36000,3.53217176567
497195,497989,503055,794,5066,5,14400,1.15673114884
497358,497364,497396,6,32,1,3540,1.1875
497980,498154,502123,174,3969,5,14400,1.04383975813
498143,498937,503550,794,4613,5,14400,1.17212226317
498385,498391,498643,6,252,12,4200,1.02380952381
498402,512593,513077,14191,484,12,4200,30.3202479339
498928,499059,504055,131,4996,5,14400,1.02622097678
499049,500200,501650,1151,1450,8,6000,1.79379310345
499206,515364,515377,16158,13,4,39540,1243.92307692
500129,500449,501894,320,1445,8,6000,1.2214532872
500201,500500,501940,299,1440,8,6000,1.20763888889
500446,500624,502057,178,1433,8,6000,1.12421493371
500497,500938,502365,441,1427,8,6000,1.30903994394
500621,501059,502493,438,1434,8,6000,1.30543933054
500937,501155,502591,218,1436,8,6000,1.15181058496
501059,501661,503101,602,1440,8,6000,1.41805555556
501151,501907,503337,756,1430,8,6000,1.52867132867
501660,501952,503400,292,1448,8,6000,1.20165745856
501905,502070,503506,165,1436,8,6000,1.11490250696
501956,502135,503575,179,1440,8,6000,1.12430555556
502068,502377,503812,309,1435,8,6000,1.21533101045
502140,502504,503928,364,1424,8,6000,1.25561797753
502374,502602,504034,228,1432,8,6000,1.15921787709
502507,503113,504554,606,1441,8,6000,1.42054129077
502599,503349,504771,750,1422,8,6000,1.52742616034
503118,503412,504863,294,1451,8,6000,1.20261888353
503352,503517,504954,165,1437,8,6000,1.11482254697
503414,503561,504998,147,1437,8,6000,1.10229645094
503516,503587,505034,71,1447,8,6000,1.04906703525
503557,503823,505283,266,1460,8,6000,1.18219178082
503588,503939,505451,351,1512,8,6000,1.23214285714
503822,504045,505503,223,1458,8,6000,1.15294924554
503945,504067,505507,122,1440,8,6000,1.08472222222
504048,504566,506011,518,1445,8,6000,1.35847750865
504557,504783,506233,226,1450,8,6000,1.15586206897
504781,504874,506316,93,1442,8,6000,1.06449375867
504873,504966,506406,93,1440,8,6000,1.06458333333
504955,505009,506459,54,1450,8,6000,1.03724137931
505006,505045,506488,39,1443,8,6000,1.02702702703
505037,505295,506736,258,1441,8,6000,1.17904233171
505292,505463,506908,171,1445,8,6000,1.11833910035
505455,505514,506958,59,1444,8,6000,1.04085872576
505506,505522,507000,16,1478,8,6000,1.01082543978
505517,506022,507478,505,1456,8,6000,1.34684065934
506015,506244,507690,229,1446,8,6000,1.15836791148
506240,506327,507796,87,1469,8,6000,1.05922396188
506321,506419,507875,98,1456,8,6000,1.06730769231
506413,506470,507931,57,1461,8,6000,1.03901437372
506465,506500,507940,35,1440,8,6000,1.02430555556
506496,506748,508194,252,1446,8,6000,1.17427385892
506740,506920,508363,180,1443,8,6000,1.12474012474
506913,506969,508419,56,1450,8,6000,1.03862068966
506965,507012,508449,47,1437,8,6000,1.03270702853
507006,507490,508945,484,1455,8,6000,1.33264604811
507484,507701,509180,217,1479,8,6000,1.14672075727
507698,507808,509256,110,1448,8,6000,1.07596685083
507800,507888,509350,88,1462,8,6000,1.06019151847
507882,507942,509384,60,1442,8,6000,1.04160887656
507933,507951,509471,18,1520,8,6000,1.01184210526
507944,508205,509646,261,1441,8,6000,1.18112421929
508199,508375,509837,176,1462,8,6000,1.12038303694
508372,508431,509873,59,1442,8,6000,1.04091539528
508423,508461,510271,38,1810,8,6000,1.02099447514
508454,508957,510416,503,1459,8,6000,1.34475668266
508953,509191,510644,238,1453,8,6000,1.16379903648
509187,509268,510713,81,1445,8,6000,1.05605536332
509259,509361,510805,102,1444,8,6000,1.07063711911
509351,509395,510842,44,1447,8,6000,1.03040774015
509392,509483,510938,91,1455,8,6000,1.06254295533
509474,509657,511121,183,1464,8,6000,1.125
509647,509849,511311,202,1462,8,6000,1.13816689466
509840,509885,511336,45,1451,8,6000,1.03101309442
509882,510282,511747,400,1465,8,6000,1.27303754266
510279,510428,511892,149,1464,8,6000,1.10177595628
510421,510656,512114,235,1458,8,6000,1.16117969822
510645,510724,512183,79,1459,8,6000,1.05414667581
510717,510817,512296,100,1479,8,6000,1.0676132522
510809,510853,512493,44,1640,8,6000,1.02682926829
510850,510949,512403,99,1454,8,6000,1.06808803301
510942,511138,512593,196,1455,8,6000,1.13470790378
511125,511324,512771,199,1447,8,6000,1.13752591569
511319,511347,512802,28,1455,8,6000,1.01924398625
511339,511774,513250,435,1476,8,6000,1.29471544715
511372,515095,536709,3723,21614,32,21600,1.17224946794
511410,536720,558354,25310,21634,32,21600,2.1699177221
511757,511904,513366,147,1462,8,6000,1.10054719562
511900,512125,513605,225,1480,8,6000,1.15202702703
512124,512194,513675,70,1481,8,6000,1.04726536124
512185,512307,513774,122,1467,8,6000,1.08316291752
512297,512415,514184,118,1769,8,6000,1.06670435274
512410,512504,513964,94,1460,8,6000,1.06438356164
512502,512604,514052,102,1448,8,6000,1.07044198895
512594,512783,514242,189,1459,8,6000,1.12954078136
512777,512813,514272,36,1459,8,6000,1.02467443454
512808,513262,514726,454,1464,8,6000,1.31010928962
513256,513378,515094,122,1716,8,6000,1.0710955711
513368,513390,514850,22,1460,8,6000,1.01506849315
513389,513397,514860,8,1463,8,6000,1.00546821599
513399,513617,515084,218,1467,8,6000,1.14860259032
513613,513686,515141,73,1455,8,6000,1.05017182131
513685,513785,515241,100,1456,8,6000,1.06868131868
513787,513878,515348,91,1470,8,6000,1.0619047619
513879,513976,515435,97,1459,8,6000,1.06648389308
513971,514063,515522,92,1459,8,6000,1.06305688828
514063,514196,515656,133,1460,8,6000,1.09109589041
514195,514253,515720,58,1467,8,6000,1.03953646898
514257,514283,515759,26,1476,8,6000,1.01761517615
514288,514862,516355,574,1493,8,6000,1.38446081715
514857,515101,516917,244,1816,8,6000,1.13436123348
515102,515154,516619,52,1465,8,6000,1.03549488055
515142,515148,520235,6,5087,5,14400,1.0011794771
515153,515253,519791,100,4538,5,14400,1.02203613927
515245,515258,520019,13,4761,5,14400,1.0027305188
515255,515446,519483,191,4037,5,14400,1.04731236066
515357,515533,520324,176,4791,5,14400,1.03673554582
515449,515539,519502,90,3963,5,14400,1.02271006813
515531,515667,519747,136,4080,5,14400,1.03333333333
515541,515673,520110,132,4437,5,14400,1.02974983097
515664,515731,519702,67,3971,5,14400,1.01687232435
515725,515770,519906,45,4136,5,14400,1.01088007737
515736,515776,519763,40,3987,5,14400,1.01003260597
515766,516366,521051,600,4685,5,14400,1.12806830309
515777,516620,521448,843,4828,5,14400,1.1746064623
516368,516630,520710,262,4080,5,14400,1.06421568627
516623,516635,521250,12,4615,5,14400,1.00260021668
516633,516928,521192,295,4264,5,14400,1.06918386492
516918,516933,521470,15,4537,5,14400,1.00330614944
516939,517136,521969,197,4833,5,14400,1.04076143182
517134,517518,521753,384,4235,5,14400,1.0906729634
517520,518154,522468,634,4314,5,14400,1.14696337506
518151,519495,523472,1344,3977,5,14400,1.33794317325
519493,519513,523794,20,4281,5,14400,1.00467180565
519514,519714,524638,200,4924,5,14400,1.04061738424
519718,519758,524181,40,4423,5,14400,1.00904363554
519759,519774,524554,15,4780,5,14400,1.00313807531
519780,519802,524145,22,4343,5,14400,1.00506562284
519800,519924,525278,124,5354,5,14400,1.02316025402
519928,520030,524319,102,4289,5,14400,1.02378176731
520030,520121,524142,91,4021,5,14400,1.02263118627
520122,520247,524770,125,4523,5,14400,1.02763652443
520245,520336,524628,91,4292,5,14400,1.02120223672
520337,520722,524593,385,3871,5,14400,1.09945750452
520723,521062,525558,339,4496,5,14400,1.07540035587
521059,521204,525376,145,4172,5,14400,1.03475551294
521202,521261,525949,59,4688,5,14400,1.01258532423
521263,521459,525970,196,4511,5,14400,1.04344934604
521457,521481,525482,24,4001,5,14400,1.00599850037
521478,521764,526784,286,5020,5,14400,1.05697211155
521763,521980,526109,217,4129,5,14400,1.05255509809
521977,522479,526678,502,4199,5,14400,1.11955227435
522475,522688,527452,213,4764,5,14400,1.04471032746
522689,523483,527283,794,3800,5,14400,1.20894736842
523483,523805,528240,322,4435,5,14400,1.0726042841
523809,524153,529109,344,4956,5,14400,1.06941081517
524155,524161,528786,6,4625,5,14400,1.0012972973
524166,524192,528840,26,4648,5,14400,1.00559380379
524197,524331,529049,134,4718,5,14400,1.0284018652
524329,524566,528606,237,4040,5,14400,1.05866336634
524563,524604,529295,41,4691,5,14400,1.00874014069
524604,524639,529245,35,4606,5,14400,1.00759878419
524635,524650,528825,15,4175,5,14400,1.00359281437
524646,524781,528854,135,4073,5,14400,1.03314510189
524778,525290,529590,512,4300,5,14400,1.11906976744
525287,525387,529491,100,4104,5,14400,1.02436647173
525389,525494,529711,105,4217,5,14400,1.02489921745
525491,525569,530520,78,4951,5,14400,1.01575439305
525573,525960,530597,387,4637,5,14400,1.08345913306
525960,525981,530691,21,4710,5,14400,1.00445859873
525980,526121,531078,141,4957,5,14400,1.02844462376
526123,526689,530749,566,4060,5,14400,1.139408867
526693,526795,530691,102,3896,5,14400,1.02618069815
526795,527295,531833,500,4538,5,14400,1.11018069634
527294,527463,531582,169,4119,5,14400,1.04102937606
527467,528251,532112,784,3861,5,14400,1.20305620306
527476,527482,527781,6,299,4,1800,1.02006688963
528250,528617,533840,367,5223,5,14400,1.07026613058
528616,528797,533654,181,4857,5,14400,1.03726580194
528800,528836,532873,36,4037,5,14400,1.008917513
528841,528851,532867,10,4016,5,14400,1.00249003984
528851,528865,534124,14,5259,5,14400,1.00266210306
528862,529060,533759,198,4699,5,14400,1.04213662481
529055,529120,534199,65,5079,5,14400,1.01279779484
529117,529256,534815,139,5559,5,14400,1.02500449721
529259,529306,533843,47,4537,5,14400,1.01035926824
529311,529502,533597,191,4095,5,14400,1.04664224664
529504,529601,533996,97,4395,5,14400,1.0220705347
529606,529722,534088,116,4366,5,14400,1.02656894182
529719,530531,534626,812,4095,5,14400,1.19829059829
530258,530264,530535,6,271,4,1800,1.0221402214
530532,530608,534990,76,4382,5,14400,1.01734367869
530604,530702,535319,98,4617,5,14400,1.02122590427
530706,530712,534846,6,4134,5,14400,1.00145137881
530716,530761,534909,45,4148,5,14400,1.01084860174
530757,531090,535118,333,4028,5,14400,1.08267130089
531093,531389,535524,296,4135,5,14400,1.07158403869
531388,531593,535902,205,4309,5,14400,1.04757484335
531592,531844,536500,252,4656,5,14400,1.05412371134
531847,532123,536966,276,4843,5,14400,1.05698946934
532122,532878,536965,756,4087,5,14400,1.18497675557
532874,532884,537119,10,4235,5,14400,1.00236127509
532885,533609,537735,724,4126,5,14400,1.1754726127
533607,533666,537729,59,4063,5,14400,1.01452128969
533668,533770,537947,102,4177,5,14400,1.02441943979
533770,533851,538179,81,4328,5,14400,1.01871534196
533852,533858,538251,6,4393,5,14400,1.00136580924
533863,534007,538150,144,4143,5,14400,1.03475742216
534005,534099,538422,94,4323,5,14400,1.02174415915
534097,534135,538030,38,3895,5,14400,1.00975609756
534138,534210,539261,72,5051,5,14400,1.01425460305
534210,534637,538690,427,4053,5,14400,1.10535405872
534589,534920,538498,331,3578,4,14400,1.092509782
534637,534826,539750,189,4924,5,14400,1.03838342811
534682,534688,538257,6,3569,1,14400,1.00168114318
534831,534858,539689,27,4831,5,14400,1.00558890499
534858,535130,536568,272,1438,8,6000,1.18915159944
535133,535330,536776,197,1446,8,6000,1.13623789765
535326,535914,537351,588,1437,8,6000,1.40918580376
535916,536579,538009,663,1430,8,6000,1.46363636364
536578,536787,538239,209,1452,8,6000,1.14393939394
536791,536977,538420,186,1443,8,6000,1.1288981289
536975,536983,538439,8,1456,8,6000,1.00549450549
536985,537363,538794,378,1431,8,6000,1.2641509434
537362,537740,539179,378,1439,8,6000,1.26268241835
537738,537746,539196,8,1450,8,6000,1.00551724138
537749,538021,539453,272,1432,8,6000,1.18994413408
538024,538041,539492,17,1451,8,6000,1.01171605789
538044,538190,539637,146,1447,8,6000,1.1008984105
538187,538250,539699,63,1449,8,6000,1.04347826087
538248,538262,539707,14,1445,8,6000,1.00968858131
538259,538345,539797,86,1452,8,6000,1.05922865014
538341,538431,539898,90,1467,8,6000,1.06134969325
538433,538439,539913,6,1474,8,6000,1.00407055631
538443,538450,539886,7,1436,8,6000,1.00487465181
538454,538701,540413,247,1712,8,6000,1.14427570093
538460,538504,538678,44,174,4,14400,1.25287356322
538698,538806,540258,108,1452,8,6000,1.07438016529
538710,538716,539316,6,600,4,14400,1.01
538710,542139,542750,3429,611,4,14400,6.61211129296
538711,543100,543704,4389,604,4,14400,8.26655629139
538712,544387,544990,5675,603,4,14400,10.4112769486
538712,543736,544375,5024,639,4,14400,8.86228482003
538713,545001,545612,6288,611,4,14400,11.2913256956
538714,545618,546251,6904,633,4,14400,11.906793049
538715,546344,546952,7629,608,4,14400,13.5476973684
538715,547114,547738,8399,624,4,14400,14.4599358974
538716,550124,550752,11408,628,4,14400,19.1656050955
538811,539190,540639,379,1449,8,6000,1.26155969634
539187,539208,540662,21,1454,8,6000,1.01444291609
539208,539327,540772,119,1445,8,6000,1.08235294118
539330,539464,540928,134,1464,8,6000,1.09153005464
539463,539504,540966,41,1462,8,6000,1.02804377565
539504,539648,541105,144,1457,8,6000,1.09883321894
539646,539710,541184,64,1474,8,6000,1.0434192673
539708,539718,541178,10,1460,8,6000,1.00684931507
539718,539761,541221,43,1460,8,6000,1.02945205479
539759,539808,541537,49,1729,8,6000,1.02834008097
539810,539897,541660,87,1763,8,6000,1.04934770278
539902,539909,541366,7,1457,8,6000,1.00480439259
539913,539924,541391,11,1467,8,6000,1.00749829584
539923,540269,541716,346,1447,8,6000,1.2391154112
540269,540425,541883,156,1458,8,6000,1.10699588477
540422,540650,542121,228,1471,8,6000,1.15499660095
540647,540673,542127,26,1454,8,6000,1.01788170564
540677,540783,542239,106,1456,8,6000,1.0728021978
540779,540939,542385,160,1446,8,6000,1.11065006916
540943,540978,542433,35,1455,8,6000,1.02405498282
540973,541116,542834,143,1718,8,6000,1.0832363213
541116,541190,542658,74,1468,8,6000,1.05040871935
541188,541196,542650,8,1454,8,6000,1.00550206327
541198,541232,542699,34,1467,8,6000,1.02317655078
541229,541377,542832,148,1455,8,6000,1.10171821306
541382,541403,542868,21,1465,8,6000,1.01433447099
541403,541549,543023,146,1474,8,6000,1.09905020353
541546,541672,543132,126,1460,8,6000,1.08630136986
541668,541727,543185,59,1458,8,6000,1.04046639232
541729,541894,543358,165,1464,8,6000,1.11270491803
541892,542132,543595,240,1463,8,6000,1.16404647984
542137,542250,543719,113,1469,8,6000,1.07692307692
542249,542258,543721,9,1463,8,6000,1.00615174299
542259,542266,543741,7,1475,8,6000,1.00474576271
542270,542276,543761,6,1485,8,6000,1.00404040404
542281,542396,543854,115,1458,8,6000,1.07887517147
542393,542444,543912,51,1468,8,6000,1.03474114441
542444,542661,544125,217,1464,8,6000,1.14822404372
542658,542669,544130,11,1461,8,6000,1.00752908966
542669,542710,544169,41,1459,8,6000,1.02810143934
542710,542844,544318,134,1474,8,6000,1.09090909091
542842,542850,544315,8,1465,8,6000,1.00546075085
542853,542879,544345,26,1466,8,6000,1.01773533424
542884,543034,544494,150,1460,8,6000,1.10273972603
543037,543095,544574,58,1479,8,6000,1.03921568627
543098,543107,544858,9,1751,8,6000,1.00513992005
543109,543143,544606,34,1463,8,6000,1.02323991798
543140,543197,544653,57,1456,8,6000,1.03914835165
543201,543370,544842,169,1472,8,6000,1.11480978261
543374,543606,545074,232,1468,8,6000,1.15803814714
543609,543730,545498,121,1768,8,6000,1.06843891403
543731,543742,545215,11,1473,8,6000,1.00746775289
543742,543752,545233,10,1481,8,6000,1.00675219446
543752,543772,545234,20,1462,8,6000,1.01367989056
543773,543866,545328,93,1462,8,6000,1.06361149111
543865,543923,545422,58,1499,8,6000,1.03869246164
543926,544136,545610,210,1474,8,6000,1.14246947083
544140,544147,545653,7,1506,8,6000,1.00464807437
544151,544180,545647,29,1467,8,6000,1.01976823449
544182,544327,545820,145,1493,8,6000,1.09711989283
544325,544333,545803,8,1470,8,6000,1.00544217687
544335,544356,545832,21,1476,8,6000,1.01422764228
544356,544505,545974,149,1469,8,6000,1.10142954391
544509,544585,546084,76,1499,8,6000,1.05070046698
544581,544617,546087,36,1470,8,6000,1.02448979592
544622,544664,546132,42,1468,8,6000,1.02861035422
544663,544853,546328,190,1475,8,6000,1.12881355932
544856,544870,546353,14,1483,8,6000,1.00944032367
544867,545085,546579,218,1494,8,6000,1.14591700134
545081,545226,546725,145,1499,8,6000,1.0967311541
545224,545244,546748,20,1504,8,6000,1.01329787234
545245,545250,546741,5,1491,8,6000,1.00335345406
545255,545339,546812,84,1473,8,6000,1.05702647658
545337,545383,546873,46,1490,8,6000,1.03087248322
545388,545394,546875,6,1481,8,6000,1.00405131668
545399,545433,546914,34,1481,8,6000,1.02295746117
545430,545509,546994,79,1485,8,6000,1.0531986532
545512,545624,547098,112,1474,8,6000,1.07598371777
545624,545658,547141,34,1483,8,6000,1.02292650034
545661,545667,550603,6,4936,5,14400,1.00121555916
545672,545678,550321,6,4643,5,14400,1.00129226793
545682,545814,550390,132,4576,5,14400,1.02884615385
545815,545821,549996,6,4175,5,14400,1.00143712575
545826,545831,550629,5,4798,5,14400,1.00104210088
545836,545844,550018,8,4174,5,14400,1.00191662674
545847,545853,549776,6,3923,5,14400,1.00152944175
545857,545986,550499,129,4513,5,14400,1.02858409041
545990,545996,550101,6,4105,5,14400,1.00146163216
546001,546095,550112,94,4017,5,14400,1.02340054767
546093,546101,550160,8,4059,5,14400,1.0019709288
546103,546109,551028,6,4919,5,14400,1.00121976011
546114,546143,551226,29,5083,5,14400,1.00570529215
546145,546262,550332,117,4070,5,14400,1.02874692875
546267,546339,551070,72,4731,5,14400,1.01521876982
546339,546364,550675,25,4311,5,14400,1.00579911853
546359,546370,551598,11,5228,5,14400,1.00210405509
546370,546590,551159,220,4569,5,14400,1.04815058
546594,546736,551007,142,4271,5,14400,1.03324748303
546738,546744,551656,6,4912,5,14400,1.00122149837
546749,546755,550652,6,3897,5,14400,1.00153964588
546759,546765,551012,6,4247,5,14400,1.00141276195
546770,546776,551565,6,4789,5,14400,1.00125287116
546780,546823,551395,43,4572,5,14400,1.00940507437
546821,546829,551679,8,4850,5,14400,1.00164948454
546832,546884,551175,52,4291,5,14400,1.01211838732
546883,546890,552699,7,5809,5,14400,1.00120502668
546894,546900,550887,6,3987,5,14400,1.0015048909
546904,546926,551020,22,4094,5,14400,1.00537371764
546925,546963,551915,38,4952,5,14400,1.00767366721
546966,547006,551215,40,4209,5,14400,1.009503445
547007,547013,550859,6,3846,5,14400,1.0015600624
547018,547109,551743,91,4634,5,14400,1.01963746224
547110,547152,551499,42,4347,5,14400,1.00966183575
547151,547749,552331,598,4582,5,14400,1.13051069402
547752,549788,554242,2036,4454,5,14400,1.45711719802
548733,550663,561239,1930,10576,25,10555,1.18248865356
552377,552384,553760,7,1376,1,3600,1.0050872093
554156,554162,630655,6,76493,6,165600,1.00007843855
554636,554642,558616,6,3974,5,14400,1.00150981379
554646,554652,558939,6,4287,5,14400,1.00139958013
554647,554658,558802,11,4144,5,14400,1.00265444015
554657,554664,559013,7,4349,5,14400,1.00160956542
554658,554669,559284,11,4615,5,14400,1.00238353196
554668,554680,559151,12,4471,5,14400,1.00268396332
554668,554675,558464,7,3789,5,14400,1.00184745315
554679,554686,559545,7,4859,5,14400,1.00144062564
554679,554691,559733,12,5042,5,14400,1.00238000793
554690,554697,560371,7,5674,5,14400,1.00123369757
554690,554702,559394,12,4692,5,14400,1.00255754476
554701,554708,558641,7,3933,5,14400,1.00177981185
554701,554713,559298,12,4585,5,14400,1.0026172301
554712,554725,558855,13,4130,5,14400,1.00314769976
554712,554720,559357,8,4637,5,14400,1.0017252534
554723,554736,558665,13,3929,5,14400,1.00330872996
554723,554731,558713,8,3982,5,14400,1.00200904068
554734,554742,558987,8,4245,5,14400,1.00188457008
554745,554751,559107,6,4356,5,14400,1.00137741047
554755,554761,559251,6,4490,5,14400,1.0013363029
554766,554772,559456,6,4684,5,14400,1.00128095645
554776,554782,559504,6,4722,5,14400,1.00127064803
554787,554793,559393,6,4600,5,14400,1.00130434783
554797,554803,558963,6,4160,5,14400,1.00144230769
554808,554814,558880,6,4066,5,14400,1.00147565175
554818,554825,559913,7,5088,5,14400,1.00137578616
554829,554835,558945,6,4110,5,14400,1.00145985401
554840,554846,558808,6,3962,5,14400,1.00151438667
554850,554856,559769,6,4913,5,14400,1.00122124975
554861,554867,559934,6,5067,5,14400,1.00118413262
554871,558370,562444,3499,4074,5,14400,1.8588610702
556112,557513,560139,1401,2626,8,21600,1.53351104341
556276,558365,560982,2089,2617,8,21600,1.79824226213
556688,557519,569739,831,12220,3,320400,1.06800327332
556837,558376,569740,1539,11364,3,313080,1.13542766631
556888,558381,569740,1493,11359,3,306000,1.13143762655
558173,558386,559087,213,701,4,14400,1.30385164051
558370,558392,562396,22,4004,5,14400,1.00549450549
558391,558398,563395,7,4997,5,14400,1.0014008405
558402,558475,563526,73,5051,5,14400,1.01445258365
558473,558627,565342,154,6715,5,14400,1.02293373045
558626,558652,563945,26,5293,5,14400,1.00491214812
558657,558676,562992,19,4316,5,14400,1.00440222428
558678,558724,563094,46,4370,5,14400,1.01052631579
558729,558814,563592,85,4778,5,14400,1.01778987024
558811,558820,563319,9,4499,5,14400,1.00200044454
558821,558866,563185,45,4319,5,14400,1.01041907849
558863,558891,563604,28,4713,5,14400,1.00594101422
558893,558950,563893,57,4943,5,14400,1.01153145863
558955,558961,563134,6,4173,5,14400,1.00143781452
558965,558974,563112,9,4138,5,14400,1.00217496375
558976,558998,562991,22,3993,5,14400,1.00550964187
558997,559025,562920,28,3895,5,14400,1.00718870347
559028,559118,563354,90,4236,5,14400,1.02124645892
559120,559162,563856,42,4694,5,14400,1.00894759267
559161,559262,564468,101,5206,5,14400,1.01940069151
559263,559295,563395,32,4100,5,14400,1.00780487805
559294,559309,563467,15,4158,5,14400,1.00360750361
559305,559368,563594,63,4226,5,14400,1.01490771415
559366,559404,563408,38,4004,5,14400,1.00949050949
559407,559413,563644,6,4231,5,14400,1.00141810447
559418,559467,563851,49,4384,5,14400,1.0111770073
559469,559515,563936,46,4421,5,14400,1.01040488577
559520,559557,563476,37,3919,5,14400,1.00944118398
559561,559746,564318,185,4572,5,14400,1.04046369204
559745,559780,563868,35,4088,5,14400,1.00856164384
559776,559924,564964,148,5040,5,14400,1.02936507937
559929,559945,563795,16,3850,5,14400,1.00415584416
559950,560150,565104,200,4954,5,14400,1.04037141704
560154,560160,564994,6,4834,5,14400,1.00124120811
560161,560994,562426,833,1432,8,6000,1.58170391061
560647,560653,561936,6,1283,4,14400,1.00467653936
560996,561250,562689,254,1439,8,6000,1.1765114663
561251,561257,562690,6,1433,8,6000,1.00418702024
561261,561267,562721,6,1454,8,6000,1.00412654746
561272,561947,563387,675,1440,8,6000,1.46875
561944,562437,563876,493,1439,8,6000,1.3425990271
562306,562408,562784,102,376,4,14400,1.27127659574
562432,562700,564221,268,1521,8,6000,1.17619986851
562697,562706,564147,9,1441,8,6000,1.00624566273
562708,562732,564198,24,1466,8,6000,1.01637107776
562729,562795,564243,66,1448,8,6000,1.0455801105
562800,563002,564442,202,1440,8,6000,1.14027777778
563004,563010,564463,6,1453,8,6000,1.00412938747
563015,563123,564564,108,1441,8,6000,1.07494795281
563127,563145,564587,18,1442,8,6000,1.01248266297
563148,563330,564782,182,1452,8,6000,1.12534435262
563331,563398,564836,67,1438,8,6000,1.04659248957
563403,563410,564869,7,1459,8,6000,1.00479780672
563414,563420,564865,6,1445,8,6000,1.00415224913
563425,563478,564932,53,1454,8,6000,1.03645116919
563476,563487,564933,11,1446,8,6000,1.00760719225
563487,563603,565053,116,1450,8,6000,1.08
563599,563615,565066,16,1451,8,6000,1.01102687802
563620,563655,565113,35,1458,8,6000,1.02400548697
563651,563862,565314,211,1452,8,6000,1.14531680441
563865,563871,565329,6,1458,8,6000,1.00411522634
563875,563887,565332,12,1445,8,6000,1.00830449827
563886,563905,565366,19,1461,8,6000,1.01300479124
563906,563957,565434,51,1477,8,6000,1.03452945159
563958,564158,565608,200,1450,8,6000,1.13793103448
564162,564209,565658,47,1449,8,6000,1.03243616287
564213,564232,565687,19,1455,8,6000,1.01305841924
564234,564254,565747,20,1493,8,6000,1.01339584729
564255,564330,565783,75,1453,8,6000,1.05161734343
564326,564454,565906,128,1452,8,6000,1.08815426997
564459,564474,565920,15,1446,8,6000,1.01037344398
564469,564575,566025,106,1450,8,6000,1.07310344828
564571,564598,566053,27,1455,8,6000,1.01855670103
564602,564793,566239,191,1446,8,6000,1.13208852006
564796,564847,566336,51,1489,8,6000,1.03425117529
564847,564876,566329,29,1453,8,6000,1.01995870613
564878,564884,566342,6,1458,8,6000,1.00411522634
564889,564943,566397,54,1454,8,6000,1.0371389271
564940,564949,566416,9,1467,8,6000,1.00613496933
564950,564975,566432,25,1457,8,6000,1.01715854496
564971,565005,566467,34,1462,8,6000,1.02325581395
565002,565064,566513,62,1449,8,6000,1.04278812974
565064,565077,566543,13,1466,8,6000,1.00886766712
565074,565124,566610,50,1486,8,6000,1.0336473755
565125,565325,566785,200,1460,8,6000,1.13698630137
565330,565341,566796,11,1455,8,6000,1.00756013746
565340,565347,566814,7,1467,8,6000,1.00477164281
565351,565357,566847,6,1490,8,6000,1.00402684564
565362,565377,566827,15,1450,8,6000,1.01034482759
565382,565446,566941,64,1495,8,6000,1.04280936455
565444,565619,567085,175,1466,8,6000,1.11937244202
565617,565669,567140,52,1471,8,6000,1.03535010197
565669,565698,567155,29,1457,8,6000,1.01990391215
565700,565758,567220,58,1462,8,6000,1.03967168263
565761,565794,567257,33,1463,8,6000,1.02255639098
565792,565917,567385,125,1468,8,6000,1.08514986376
565914,565932,567388,18,1456,8,6000,1.01236263736
565935,566036,567514,101,1478,8,6000,1.06833558863
566037,566064,567526,27,1462,8,6000,1.01846785226
566068,566250,567733,182,1483,8,6000,1.12272420769
566252,566340,567811,88,1471,8,6000,1.05982324949
566343,566350,567826,7,1476,8,6000,1.00474254743
566354,566360,567850,6,1490,8,6000,1.00402684564
566365,566408,567871,43,1463,8,6000,1.02939166097
566406,566427,567903,21,1476,8,6000,1.01422764228
566426,566443,567896,17,1453,8,6000,1.01169993118
566447,566478,567977,31,1499,8,6000,1.02068045364
566478,566524,567987,46,1463,8,6000,1.03144224197
566529,566554,568059,25,1505,8,6000,1.01661129568
566550,566621,568094,71,1473,8,6000,1.04820095044
566622,566796,568264,174,1468,8,6000,1.11852861035
566795,566807,568270,12,1463,8,6000,1.00820232399
566806,566825,568298,19,1473,8,6000,1.01289884589
566826,566839,568303,13,1464,8,6000,1.00887978142
566837,566858,568314,21,1456,8,6000,1.01442307692
566858,566953,568440,95,1487,8,6000,1.06388702085
566950,567096,568572,146,1476,8,6000,1.09891598916
567093,567151,568606,58,1455,8,6000,1.03986254296
567154,567166,568637,12,1471,8,6000,1.00815771584
567164,567231,568705,67,1474,8,6000,1.04545454545
567236,567268,568734,32,1466,8,6000,1.02182810368
567267,567396,568865,129,1469,8,6000,1.08781484003
567400,567406,568877,6,1471,8,6000,1.00407885792
567410,567525,569000,115,1475,8,6000,1.07796610169
567522,567537,569015,15,1478,8,6000,1.0101488498
567533,567744,569202,211,1458,8,6000,1.14471879287
567747,567822,569282,75,1460,8,6000,1.05136986301
567818,567838,569320,20,1482,8,6000,1.01349527665
567839,567861,569340,22,1479,8,6000,1.01487491548
567860,567882,569570,22,1688,8,6000,1.01303317536
567881,567908,569387,27,1479,8,6000,1.01825557809
567912,567918,569397,6,1479,8,6000,1.00405679513
567922,567988,569453,66,1465,8,6000,1.04505119454
567984,567998,569482,14,1484,8,6000,1.00943396226
567994,568071,569840,77,1769,8,6000,1.04352741662
570558,570565,588038,7,17473,3,320400,1.0004006181
570656,570662,587431,6,16769,3,306000,1.00035780309
570739,570745,587396,6,16651,3,313080,1.00036033872
572055,572061,574957,6,2896,2,7200,1.0020718232
572056,572067,575224,11,3157,2,7200,1.00348432056
572058,572072,574495,14,2423,2,7200,1.00577796121
572059,572077,575148,18,3071,2,7200,1.00586128297
572060,572083,575215,23,3132,2,7200,1.00734355045
572061,572088,575015,27,2927,2,7200,1.00922446191
572063,572094,574809,31,2715,2,7200,1.01141804788
572064,572099,575000,35,2901,2,7200,1.01206480524
572065,572104,575388,39,3284,2,7200,1.01187576127
572067,572110,575343,43,3233,2,7200,1.01330034024
572068,572115,575475,47,3360,2,7200,1.01398809524
572069,572120,575433,51,3313,2,7200,1.01539390281
572071,572126,575139,55,3013,2,7200,1.01825423166
572072,572131,575154,59,3023,2,7200,1.01951703606
572073,572136,575371,63,3235,2,7200,1.01947449768
572076,572141,575386,65,3245,2,7200,1.02003081664
572077,572147,575555,70,3408,2,7200,1.0205399061
572079,572152,575147,73,2995,2,7200,1.02437395659
572080,572157,575374,77,3217,2,7200,1.02393534349
572081,572162,574803,81,2641,2,7200,1.03067020068
572083,572168,574933,85,2765,2,7200,1.03074141049
572084,572173,575078,89,2905,2,7200,1.03063683305
572085,572178,574827,93,2649,2,7200,1.03510758777
572086,572183,575049,97,2866,2,7200,1.03384508025
572088,572189,575415,101,3226,2,7200,1.03130812151
572089,572195,575198,106,3003,2,7200,1.0352980353
572092,572200,575171,108,2971,2,7200,1.03635139684
572093,572206,575120,113,2914,2,7200,1.0387783116
572095,572211,575282,116,3071,2,7200,1.03777271247
572096,572216,574924,120,2708,2,7200,1.04431314623
572097,572221,575068,124,2847,2,7200,1.0435546189
572099,572227,575333,128,3106,2,7200,1.04121056021
572100,572232,575083,132,2851,2,7200,1.04629954402
572101,572237,575541,136,3304,2,7200,1.0411622276
572103,572242,575357,139,3115,2,7200,1.04462279294
572104,572248,575674,144,3426,2,7200,1.04203152364
572105,572253,575088,148,2835,2,7200,1.05220458554
572107,572258,575337,151,3079,2,7200,1.04904189672
572108,572263,575036,155,2773,2,7200,1.05589614136
572109,572269,575667,160,3398,2,7200,1.04708652148
572690,572696,625378,6,52682,1,72000,1.00011389089
574494,574500,577314,6,2814,2,7200,1.00213219616
574803,574809,577863,6,3054,2,7200,1.00196463654
574818,574824,578152,6,3328,2,7200,1.00180288462
574832,574838,577802,6,2964,2,7200,1.0020242915
574925,574932,577873,7,2941,2,7200,1.00238014281
574940,574946,577970,6,3024,2,7200,1.00198412698
574958,574964,578115,6,3151,2,7200,1.00190415741
575002,575008,577873,6,2865,2,7200,1.00209424084
575017,575023,578281,6,3258,2,7200,1.00184162063
575038,575044,577801,6,2757,2,7200,1.00217627856
575052,575058,578070,6,3012,2,7200,1.00199203187
575070,575076,578020,6,2944,2,7200,1.00203804348
575085,575091,578064,6,2973,2,7200,1.00201816347
575086,575097,578008,11,2911,2,7200,1.00377877018
575101,575107,577888,6,2781,2,7200,1.0021574973
575122,575128,577671,6,2543,2,7200,1.00235941801
575139,575145,578489,6,3344,2,7200,1.00179425837
575154,575160,578171,6,3011,2,7200,1.00199269346
575155,575166,578017,11,2851,2,7200,1.00385829533
575157,575171,578260,14,3089,2,7200,1.00453221107
575171,575178,578112,7,2934,2,7200,1.0023858214
575201,575207,578226,6,3019,2,7200,1.00198741305
575216,575222,578203,6,2981,2,7200,1.0020127474
575229,585120,586252,9891,1132,128,1800,9.73763250883
575230,575237,578146,7,2909,2,7200,1.0024063252
575284,575290,578042,6,2752,2,7200,1.00218023256
575335,575341,578148,6,2807,2,7200,1.00213751336
575350,575356,578526,6,3170,2,7200,1.00189274448
575351,575362,578453,11,3091,2,7200,1.00355871886
575366,575372,578691,6,3319,2,7200,1.00180777343
575381,575387,578719,6,3332,2,7200,1.00180072029
575382,575393,578349,11,2956,2,7200,1.00372124493
575397,575403,578286,6,2883,2,7200,1.00208116545
575398,575409,578624,11,3215,2,7200,1.0034214619
575413,575419,578133,6,2714,2,7200,1.00221075903
575434,575440,578593,6,3153,2,7200,1.00190294957
575475,575482,578614,7,3132,2,7200,1.00223499361
575541,575547,578862,6,3315,2,7200,1.00180995475
575556,575562,578970,6,3408,2,7200,1.00176056338
575670,575676,578801,6,3125,2,7200,1.00192
575685,575691,578676,6,2985,2,7200,1.00201005025
575726,575732,577575,6,1843,64,1800,1.00325556158
576658,579762,582482,3104,2720,6,14400,2.14117647059
577316,577322,580608,6,3286,2,7200,1.00182592818
577674,577680,580688,6,3008,2,7200,1.00199468085
577803,577809,581002,6,3193,2,7200,1.00187911055
577805,577816,580493,11,2677,2,7200,1.00410907733
577813,577822,579756,9,1934,64,1800,1.00465356774
577864,577870,580620,6,2750,2,7200,1.00218181818
577879,577885,581061,6,3176,2,7200,1.00188916877
577880,577891,580853,11,2962,2,7200,1.00371370695
577895,577901,580975,6,3074,2,7200,1.00195185426
577970,577976,581192,6,3216,2,7200,1.00186567164
578009,578015,580979,6,2964,2,7200,1.0020242915
578024,578029,581077,5,3048,2,7200,1.00164041995
578025,578035,580662,10,2627,2,7200,1.00380662352
578043,578049,581221,6,3172,2,7200,1.00189155107
578066,578072,581181,6,3109,2,7200,1.00192988099
578081,578087,581141,6,3054,2,7200,1.00196463654
578114,578120,580950,6,2830,2,7200,1.00212014134
578128,578134,581389,6,3255,2,7200,1.00184331797
578143,578149,581194,6,3045,2,7200,1.00197044335
578158,578164,580896,6,2732,2,7200,1.00219619327
578159,578170,581170,11,3000,2,7200,1.00366666667
578161,578176,581134,15,2958,2,7200,1.00507099391
578175,578182,580716,7,2534,2,7200,1.00276243094
578205,578211,581197,6,2986,2,7200,1.00200937709
578229,578235,581280,6,3045,2,7200,1.00197044335
578262,578268,581132,6,2864,2,7200,1.00209497207
578282,578288,581309,6,3021,2,7200,1.00198609732
578297,578303,581578,6,3275,2,7200,1.00183206107
578351,578357,581411,6,3054,2,7200,1.00196463654
578455,578462,581751,7,3289,2,7200,1.00212830648
578491,578497,581003,6,2506,2,7200,1.00239425379
578527,578537,581430,10,2893,2,7200,1.00345661943
578593,578604,581138,11,2534,2,7200,1.0043409629
578614,578625,581788,11,3163,2,7200,1.00347771103
578628,578635,581849,7,3214,2,7200,1.00217797138
578673,578687,581749,14,3062,2,7200,1.00457217505
578691,578702,581884,11,3182,2,7200,1.00345694532
578720,578730,581858,10,3128,2,7200,1.00319693095
578804,578813,581811,9,2998,2,7200,1.00300200133
578861,578873,581878,12,3005,2,7200,1.00399334443
578972,578982,582221,10,3239,2,7200,1.00308737265
580490,580496,583380,6,2884,2,7200,1.00208044383
580610,580616,583675,6,3059,2,7200,1.0019614253
580625,580631,583691,6,3060,2,7200,1.00196078431
580664,580670,583705,6,3035,2,7200,1.00197693575
580690,580696,583945,6,3249,2,7200,1.00184672207
580717,580723,583554,6,2831,2,7200,1.00211939244
580855,580861,583835,6,2974,2,7200,1.00201748487
580897,580903,583969,6,3066,2,7200,1.00195694716
580951,580957,584059,6,3102,2,7200,1.00193423598
580977,580984,583650,7,2666,2,7200,1.00262565641
580992,580998,583845,6,2847,2,7200,1.00210748156
581007,581013,584206,6,3193,2,7200,1.00187911055
581008,581019,583852,11,2833,2,7200,1.00388280974
581062,581068,584264,6,3196,2,7200,1.00187734668
581079,581085,583714,6,2629,2,7200,1.00228223659
581133,581139,584036,6,2897,2,7200,1.00207110804
581135,581145,584163,10,3018,2,7200,1.00331345262
581150,581156,584487,6,3331,2,7200,1.00180126088
581151,581162,584175,11,3013,2,7200,1.00365084633
581172,581178,584335,6,3157,2,7200,1.00190053849
581186,581193,584001,7,2808,2,7200,1.00249287749
581201,581207,584516,6,3309,2,7200,1.00181323663
581203,581213,584458,10,3245,2,7200,1.0030816641
581204,581218,583908,14,2690,2,7200,1.00520446097
581223,581229,584348,6,3119,2,7200,1.00192369349
581283,581289,584618,6,3329,2,7200,1.00180234305
581309,581315,584506,6,3191,2,7200,1.00188028831
581390,581396,584411,6,3015,2,7200,1.00199004975
581411,581417,584535,6,3118,2,7200,1.00192431046
581432,581438,584385,6,2947,2,7200,1.00203596878
581579,581585,584827,6,3242,2,7200,1.00185070944
581750,581757,584870,7,3113,2,7200,1.00224863476
581765,581771,584699,6,2928,2,7200,1.00204918033
581789,581795,584776,6,2981,2,7200,1.0020127474
581812,581819,585104,7,3285,2,7200,1.00213089802
581851,581857,584467,6,2610,2,7200,1.00229885057
581866,581872,584994,6,3122,2,7200,1.00192184497
581880,581887,584866,7,2979,2,7200,1.00234978181
581895,581901,584973,6,3072,2,7200,1.001953125
582222,582229,585331,7,3102,2,7200,1.00225660864
583383,583389,586511,6,3122,2,7200,1.00192184497
583554,583560,586715,6,3155,2,7200,1.00190174326
583650,583656,586752,6,3096,2,7200,1.0019379845
583677,583683,587006,6,3323,2,7200,1.00180559735
583691,583698,586539,7,2841,2,7200,1.00246392115
583706,583712,586796,6,3084,2,7200,1.00194552529
583721,583727,586894,6,3167,2,7200,1.00189453742
583838,583844,586770,6,2926,2,7200,1.002050581
583853,583864,586671,11,2807,2,7200,1.00391877449
583854,583870,586734,16,2864,2,7200,1.00558659218
583908,583914,587024,6,3110,2,7200,1.00192926045
583946,583953,586888,7,2935,2,7200,1.00238500852
583970,583976,586921,6,2945,2,7200,1.00203735144
584003,584009,587149,6,3140,2,7200,1.00191082803
584036,584042,587182,6,3140,2,7200,1.00191082803
584059,584066,587398,7,3332,2,7200,1.00210084034
584161,584167,587452,6,3285,2,7200,1.00182648402
584176,584182,587201,6,3019,2,7200,1.00198741305
584205,586263,596823,2058,10560,25,10555,1.19488636364
584209,584215,587009,6,2794,2,7200,1.00214745884
584265,584272,587011,7,2739,2,7200,1.00255567725
584337,584343,587475,6,3132,2,7200,1.00191570881
584352,584358,587168,6,2810,2,7200,1.00213523132
584388,584394,587300,6,2906,2,7200,1.00206469374
584411,584418,587754,7,3336,2,7200,1.00209832134
584459,584465,587381,6,2916,2,7200,1.00205761317
584474,584480,587383,6,2903,2,7200,1.00206682742
584488,584495,587297,7,2802,2,7200,1.00249821556
584506,584512,587747,6,3235,2,7200,1.00185471406
584521,584527,587495,6,2968,2,7200,1.00202156334
584535,584542,587481,7,2939,2,7200,1.0023817625
584619,584626,587880,7,3254,2,7200,1.00215119852
584700,584706,587699,6,2993,2,7200,1.00200467758
584778,584784,587731,6,2947,2,7200,1.00203596878
584829,584835,588072,6,3237,2,7200,1.00185356812
584868,584874,587894,6,3020,2,7200,1.00198675497
584882,584888,587795,6,2907,2,7200,1.00206398349
584975,584981,588097,6,3116,2,7200,1.00192554557
584996,585002,588061,6,3059,2,7200,1.0019614253
585107,585113,588330,6,3217,2,7200,1.0018650917
585332,585342,588437,10,3095,2,7200,1.00323101777
586512,586518,589426,6,2908,2,7200,1.00206327373
586541,586547,589481,6,2934,2,7200,1.00204498978
586673,586679,589814,6,3135,2,7200,1.0019138756
586718,586724,589620,6,2896,2,7200,1.0020718232
586736,586742,590114,6,3372,2,7200,1.00177935943
586753,586759,589976,6,3217,2,7200,1.0018650917
586771,586777,589662,6,2885,2,7200,1.0020797227
586798,586804,589726,6,2922,2,7200,1.00205338809
586893,586899,590028,6,3129,2,7200,1.00191754554
586908,586914,589855,6,2941,2,7200,1.00204012241
586922,586929,589882,7,2953,2,7200,1.00237047071
587007,587013,590066,6,3053,2,7200,1.00196528005
587022,587028,590278,6,3250,2,7200,1.00184615385
587023,587034,589876,11,2842,2,7200,1.00387051372
587037,587044,590042,7,2998,2,7200,1.00233488993
587153,587159,589764,6,2605,2,7200,1.00230326296
587171,587177,590141,6,2964,2,7200,1.0020242915
587185,587191,590286,6,3095,2,7200,1.00193861066
587203,587209,589875,6,2666,2,7200,1.00225056264
587299,587305,590580,6,3275,2,7200,1.00183206107
587313,587319,589962,6,2643,2,7200,1.00227014756
587382,587388,590318,6,2930,2,7200,1.00204778157
587397,587403,590523,6,3120,2,7200,1.00192307692
587411,587417,590484,6,3067,2,7200,1.0019563091
587453,587459,590702,6,3243,2,7200,1.00185013876
587477,587483,590633,6,3150,2,7200,1.0019047619
587491,587497,590666,6,3169,2,7200,1.00189334175
587506,587512,590493,6,2981,2,7200,1.0020127474
587701,587707,590643,6,2936,2,7200,1.00204359673
587731,587737,590589,6,2852,2,7200,1.00210378682
587748,587755,590400,7,2645,2,7200,1.00264650284
587763,587769,590553,6,2784,2,7200,1.00215517241
587795,587802,591042,7,3240,2,7200,1.00216049383
587879,587886,590918,7,3032,2,7200,1.00230870712
587894,587900,590868,6,2968,2,7200,1.00202156334
587901,587908,594007,7,6099,3,313080,1.00114772914
587926,587932,594011,6,6079,3,306000,1.00098700444
588052,588058,594013,6,5955,3,320400,1.00100755668
588062,588068,591065,6,2997,2,7200,1.002002002
588077,588083,590991,6,2908,2,7200,1.00206327373
588097,588104,591447,7,3343,2,7200,1.00209392761
588333,588339,591360,6,3021,2,7200,1.00198609732
588438,588444,591516,6,3072,2,7200,1.001953125
589425,589431,592669,6,3238,2,7200,1.00185299568
589482,589488,592413,6,2925,2,7200,1.00205128205
589623,589629,592787,6,3158,2,7200,1.00189993667
589665,589671,592913,6,3242,2,7200,1.00185070944
589728,589734,592753,6,3019,2,7200,1.00198741305
589767,589773,592854,6,3081,2,7200,1.00194741967
589815,589821,593006,6,3185,2,7200,1.00188383046
589856,589863,592672,7,2809,2,7200,1.00249199003
589877,589883,592727,6,2844,2,7200,1.00210970464
589879,589889,592714,10,2825,2,7200,1.00353982301
589893,589899,592784,6,2885,2,7200,1.0020797227
589962,589968,593081,6,3113,2,7200,1.00192740122
589977,589988,592869,11,2881,2,7200,1.00381811871
590028,590034,593148,6,3114,2,7200,1.00192678227
590043,590049,593182,6,3133,2,7200,1.00191509735
590066,590073,593089,7,3016,2,7200,1.00232095491
590114,590121,593380,7,3259,2,7200,1.00214789813
590141,590147,593131,6,2984,2,7200,1.00201072386
590279,590286,593611,7,3325,2,7200,1.00210526316
590294,590300,593123,6,2823,2,7200,1.00212539851
590321,590327,593541,6,3214,2,7200,1.00186683261
590402,590408,593468,6,3060,2,7200,1.00196078431
590486,590492,593679,6,3187,2,7200,1.00188264826
590501,590507,593782,6,3275,2,7200,1.00183206107
590525,590531,593480,6,2949,2,7200,1.002034588
590555,590561,593399,6,2838,2,7200,1.0021141649
590581,590587,593827,6,3240,2,7200,1.00185185185
590596,590602,593498,6,2896,2,7200,1.0020718232
590635,590641,593326,6,2685,2,7200,1.00223463687
590650,590656,593873,6,3217,2,7200,1.0018650917
590667,590673,593925,6,3252,2,7200,1.00184501845
590703,590709,593828,6,3119,2,7200,1.00192369349
590869,590875,593847,6,2972,2,7200,1.00201884253
590919,590926,594002,7,3076,2,7200,1.0022756827
590992,590998,594039,6,3041,2,7200,1.00197303519
591043,591049,594240,6,3191,2,7200,1.00188028831
591066,591073,593735,7,2662,2,7200,1.0026296018
591361,591367,594593,6,3226,2,7200,1.00185988841
591448,591454,594436,6,2982,2,7200,1.00201207243
591517,591523,594477,6,2954,2,7200,1.00203114421
592417,592423,595388,6,2965,2,7200,1.00202360877
592674,592680,595785,6,3105,2,7200,1.00193236715
592676,592686,595161,10,2475,2,7200,1.00404040404
592715,592721,595715,6,2994,2,7200,1.00200400802
592730,592736,595872,6,3136,2,7200,1.00191326531
592755,592761,595768,6,3007,2,7200,1.0019953442
592785,592791,595280,6,2489,2,7200,1.00241060667
592799,592805,595766,6,2961,2,7200,1.00202634245
592856,592862,595747,6,2885,2,7200,1.0020797227
592871,592877,595833,6,2956,2,7200,1.00202976996
592916,592922,596089,6,3167,2,7200,1.00189453742
593010,593016,595946,6,2930,2,7200,1.00204778157
593082,593088,596144,6,3056,2,7200,1.00196335079
593097,593103,596092,6,2989,2,7200,1.00200736032
593124,593130,596315,6,3185,2,7200,1.00188383046
593138,593144,596404,6,3260,2,7200,1.0018404908
593153,593159,596111,6,2952,2,7200,1.00203252033
593183,593189,595984,6,2795,2,7200,1.00214669052
593327,593333,596683,6,3350,2,7200,1.00179104478
593381,593387,596316,6,2929,2,7200,1.00204848071
593399,593405,596581,6,3176,2,7200,1.00188916877
593468,593474,596510,6,3036,2,7200,1.00197628458
593483,593489,596457,6,2968,2,7200,1.00202156334
593500,593507,596611,7,3104,2,7200,1.00225515464
593542,593548,596397,6,2849,2,7200,1.00210600211
593611,593617,596721,6,3104,2,7200,1.00193298969
593680,593686,596549,6,2863,2,7200,1.00209570381
593702,595960,595973,2258,13,64,36000,174.692307692
593737,593743,596612,6,2869,2,7200,1.00209132102
593782,593788,597104,6,3316,2,7200,1.00180940893
593830,593836,597006,6,3170,2,7200,1.00189274448
593831,593842,596947,11,3105,2,7200,1.00354267311
593849,593855,596717,6,2862,2,7200,1.00209643606
593873,593879,596695,6,2816,2,7200,1.00213068182
593927,593933,596991,6,3058,2,7200,1.00196206671
594005,594011,597155,6,3144,2,7200,1.00190839695
594041,594047,597260,6,3213,2,7200,1.00186741363
594242,594248,597271,6,3023,2,7200,1.00198478333
594438,594444,597250,6,2806,2,7200,1.00213827512
594480,594486,597412,6,2926,2,7200,1.002050581
594594,594600,597695,6,3095,2,7200,1.00193861066
594852,594858,595025,6,167,3,320400,1.03592814371
594874,594881,595028,7,147,3,306000,1.04761904762
594904,594911,595030,7,119,3,313080,1.05882352941
595079,595085,595354,6,269,3,313080,1.02230483271
595124,595130,595356,6,226,3,306000,1.02654867257
595162,595168,598159,6,2991,2,7200,1.00200601805
595165,595174,595358,9,184,3,320400,1.04891304348
595282,595288,598609,6,3321,2,7200,1.00180668473
595390,595396,598340,6,2944,2,7200,1.00203804348
595426,595432,598625,6,3193,3,320400,1.00187911055
595488,595495,598628,7,3133,3,306000,1.00223428024
595544,595550,598631,6,3081,3,313080,1.00194741967
595715,595721,598357,6,2636,2,7200,1.00227617602
595748,595754,598937,6,3183,2,7200,1.00188501414
595766,595772,599031,6,3259,2,7200,1.00184105554
595780,595787,598927,7,3140,2,7200,1.00222929936
595795,595801,598689,6,2888,2,7200,1.00207756233
595834,595840,598939,6,3099,2,7200,1.00193610842
595873,595879,599107,6,3228,2,7200,1.00185873606
595948,595954,599275,6,3321,2,7200,1.00180668473
595984,595990,599178,6,3188,2,7200,1.00188205772
596089,596095,599149,6,3054,2,7200,1.00196463654
596103,596110,599449,7,3339,2,7200,1.00209643606
596118,596124,599345,6,3221,2,7200,1.00186277554
596145,596151,599473,6,3322,2,7200,1.00180614088
596316,596323,599666,7,3343,2,7200,1.00209392761
596318,596329,599260,11,2931,2,7200,1.00375298533
596399,596405,599057,6,2652,2,7200,1.00226244344
596413,596420,599712,7,3292,2,7200,1.00212636695
596458,596464,599597,6,3133,2,7200,1.00191509735
596512,596518,599737,6,3219,2,7200,1.0018639329
596551,596557,599470,6,2913,2,7200,1.00205973223
596581,596587,599347,6,2760,2,7200,1.00217391304
596614,596620,599670,6,3050,2,7200,1.00196721311
596615,596626,599470,11,2844,2,7200,1.00386779184
596684,596690,599990,6,3300,2,7200,1.00181818182
596699,596705,599534,6,2829,2,7200,1.00212089077
596717,596723,599782,6,3059,2,7200,1.0019614253
596731,596737,599724,6,2987,2,7200,1.00200870439
596948,596954,600119,6,3165,2,7200,1.0018957346
596993,596999,600040,6,3041,2,7200,1.00197303519
597007,597014,600132,7,3118,2,7200,1.00224502886
597106,597113,599950,7,2837,2,7200,1.00246739514
597157,597164,600268,7,3104,2,7200,1.00225515464
597251,597257,600063,6,2806,2,7200,1.00213827512
597265,597271,600351,6,3080,2,7200,1.00194805195
597280,597286,600500,6,3214,2,7200,1.00186683261
597406,597412,600550,6,3138,2,7200,1.00191204589
597698,597704,600765,6,3061,2,7200,1.00196014374
598161,598168,601383,7,3215,2,7200,1.00217729393
598342,598348,601584,6,3236,2,7200,1.00185414091
598359,598366,601307,7,2941,2,7200,1.00238014281
598609,598615,601683,6,3068,2,7200,1.00195567145
598650,598656,630365,6,31709,3,313080,1.00018922073
598678,598684,630368,6,31684,3,306000,1.00018937003
598690,598696,601538,6,2842,2,7200,1.0021111893
598700,598706,630371,6,31665,3,320400,1.00018948366
598927,598934,601583,7,2649,2,7200,1.00264250661
598942,598948,602102,6,3154,2,7200,1.00190234623
598944,598954,601869,10,2915,2,7200,1.00343053173
599034,599040,601961,6,2921,2,7200,1.00205409106
599057,599064,602182,7,3118,2,7200,1.00224502886
599108,599114,601888,6,2774,2,7200,1.0021629416
599150,599156,602170,6,3014,2,7200,1.00199071002
599180,599186,602096,6,2910,2,7200,1.00206185567
599261,599268,602142,7,2874,2,7200,1.00243562978
599276,599282,602371,6,3089,2,7200,1.00194237617
599345,599351,602351,6,3000,2,7200,1.002
599360,599366,602395,6,3029,2,7200,1.00198085177
599450,599456,602293,6,2837,2,7200,1.00211491012
599471,599477,602521,6,3044,2,7200,1.00197109067
599473,599483,602547,10,3064,2,7200,1.00326370757
599487,599493,602552,6,3059,2,7200,1.0019614253
599535,599541,602910,6,3369,2,7200,1.0017809439
599598,599604,602856,6,3252,2,7200,1.00184501845
599667,599673,602486,6,2813,2,7200,1.00213295414
599682,599688,602366,6,2678,2,7200,1.00224047797
599714,599721,602731,7,3010,2,7200,1.0023255814
599730,599735,602677,5,2942,2,7200,1.00169952413
599745,599751,602975,6,3224,2,7200,1.00186104218
599781,599787,602645,6,2858,2,7200,1.00209937019
599950,599956,603126,6,3170,2,7200,1.00189274448
599992,599998,602933,6,2935,2,7200,1.00204429302
600040,600046,603144,6,3098,2,7200,1.00193673338
600064,600070,603305,6,3235,2,7200,1.00185471406
600121,600127,603512,6,3385,2,7200,1.00177252585
600135,600142,603217,7,3075,2,7200,1.00227642276
600268,600274,603528,6,3254,2,7200,1.00184388445
600352,600358,603321,6,2963,2,7200,1.00202497469
600502,600508,603501,6,2993,2,7200,1.00200467758
600550,600556,603523,6,2967,2,7200,1.00202224469
600766,600772,603623,6,2851,2,7200,1.00210452473
601308,601314,604479,6,3165,2,7200,1.0018957346
601383,601389,604293,6,2904,2,7200,1.0020661157
601539,601546,604601,7,3055,2,7200,1.0022913257
601584,601590,604684,6,3094,2,7200,1.00193923723
601586,601596,604867,10,3271,2,7200,1.00305716906
601685,601691,604822,6,3131,2,7200,1.00191632066
601853,601859,602403,6,544,25,21355,1.01102941176
601871,601877,604720,6,2843,2,7200,1.00211044671
601889,601895,604844,6,2949,2,7200,1.002034588
601962,601968,605298,6,3330,2,7200,1.0018018018
602097,602103,605044,6,2941,2,7200,1.00204012241
602112,602118,605020,6,2902,2,7200,1.00206753963
602142,602148,605453,6,3305,2,7200,1.00181543116
602171,602178,605270,7,3092,2,7200,1.00226390686
602186,602192,605468,6,3276,2,7200,1.00183150183
602294,602300,605573,6,3273,2,7200,1.00183318057
602354,602360,605781,6,3421,2,7200,1.00175387314
602369,602375,605734,6,3359,2,7200,1.00178624591
602384,602390,605677,6,3287,2,7200,1.00182537268
602399,602405,605288,6,2883,2,7200,1.00208116545
602482,602489,605524,7,3035,2,7200,1.00230642504
602521,602528,605547,7,3019,2,7200,1.00231864856
602548,602554,605583,6,3029,2,7200,1.00198085177
602563,602569,605566,6,2997,2,7200,1.002002002
602647,602653,605420,6,2767,2,7200,1.00216841344
602680,602686,605558,6,2872,2,7200,1.00208913649
602731,602737,606013,6,3276,2,7200,1.00183150183
602823,602830,659108,7,56278,8,144000,1.00012438253
602857,602863,605791,6,2928,2,7200,1.00204918033
602911,602917,606154,6,3237,2,7200,1.00185356812
602931,602937,663088,6,60151,8,144000,1.00009974897
602935,602943,606322,8,3379,2,7200,1.00236756437
602974,602980,605760,6,2780,2,7200,1.00215827338
603146,603152,606378,6,3226,2,7200,1.00185988841
603161,603167,606317,6,3150,2,7200,1.0019047619
603217,603224,606353,7,3129,2,7200,1.00223713647
603304,603311,606368,7,3057,2,7200,1.00228982663
603322,603328,606406,6,3078,2,7200,1.00194931774
603503,603509,606567,6,3058,2,7200,1.00196206671
603517,603523,606646,6,3123,2,7200,1.00192122959
603532,603538,606209,6,2671,2,7200,1.00224634968
603534,603544,606341,10,2797,2,7200,1.00357525921
603624,603630,606924,6,3294,2,7200,1.00182149362
603761,605309,607853,1548,2544,64,36000,1.60849056604
604295,604301,607483,6,3182,2,7200,1.00188560654
604483,604489,607602,6,3113,2,7200,1.00192740122
604603,604609,607525,6,2916,2,7200,1.00205761317
604684,604690,607938,6,3248,2,7200,1.00184729064
604720,604726,607707,6,2981,2,7200,1.0020127474
