SubmitTime,StartTime,EndTime,QueuedTime,RunTime,NodesRequested,walltime,bslowdown
1425,1431,1433,6,2,1,1800,1.0
2288,25235,66873,22947,41638,1,86400,1.55110716173
2350,25259,48032,22909,22773,1,86400,2.00597198437
2472,25827,53409,23355,27582,1,86400,1.84674787905
2550,28381,56672,25831,28291,1,86400,1.91304655191
2604,28386,42390,25782,14004,1,86400,2.8410454156
5110,5116,5119,6,3,8,7200,1.0
5243,5249,5519,6,270,8,7200,1.02222222222
5348,28370,57112,23022,28742,8,72000,1.80098810104
6063,6069,7679,6,1610,2,7200,1.00372670807
6089,6096,6378,7,282,8,7200,1.02482269504
6169,6175,6868,6,693,2,7200,1.00865800866
6296,6301,6787,5,486,2,7200,1.01028806584
6433,6439,6946,6,507,2,7200,1.01183431953
6548,6554,6909,6,355,16,3600,1.01690140845
7278,7284,7392,6,108,1,3600,1.05555555556
7798,7804,17453,6,9649,2,10800,1.0006218261
7907,7913,9870,6,1957,2,7200,1.00306591722
8497,8503,8504,6,1,2,3540,1.0
8928,8934,9103,6,169,1,3600,1.03550295858
9198,28375,28377,19177,2,2,21600,1917.9
9279,9285,9632,6,347,1,3600,1.01729106628
9993,9999,10862,6,863,1,3600,1.00695249131
11714,11720,11830,6,110,1,3600,1.05454545455
12001,12007,12326,6,319,1,3600,1.01880877743
12812,12818,13420,6,602,1,3600,1.00996677741
12879,12885,13053,6,168,1,3600,1.03571428571
13224,13230,13584,6,354,1,3600,1.01694915254
13937,13943,14798,6,855,1,3600,1.00701754386
15929,15935,16047,6,112,1,3600,1.05357142857
16165,16172,16287,7,115,1,1800,1.06086956522
16231,16237,16548,6,311,1,3600,1.0192926045
16422,16429,16491,7,62,1,1800,1.11290322581
16676,16683,16796,7,113,1,1800,1.06194690265
17034,17040,17658,6,618,1,3600,1.00970873786
18066,18072,18123,6,51,1,1800,1.11764705882
18260,18266,18323,6,57,1,1800,1.10526315789
18537,18543,18652,6,109,1,1800,1.05504587156
20310,20317,20439,7,122,1,1800,1.05737704918
20761,20767,20874,6,107,1,1800,1.05607476636
21563,21569,22123,6,554,1,1800,1.01083032491
24003,24009,24054,6,45,1,1800,1.13333333333
24393,24399,24468,6,69,1,1800,1.08695652174
25482,25488,25772,6,284,1,1800,1.02112676056
28862,28868,50606,6,21738,1,86400,1.00027601435
29041,29047,63921,6,34874,1,86400,1.00017204794
29101,29107,39731,6,10624,1,86400,1.00056475904
29313,29319,61531,6,32212,1,86400,1.00018626599
30680,30686,120695,6,90009,16,90000,1.00006666
30967,30973,139017,6,108044,10,108000,1.00005553293
32399,32405,41325,6,8920,2,14400,1.00067264574
32465,32470,42672,5,10202,64,14400,1.00049009998
32468,42683,52829,10215,10146,64,14400,2.00680070964
32473,52840,63037,20367,10197,64,14400,2.9973521624
32477,60715,66908,28238,6193,64,14400,5.55966413693
34836,34843,36034,7,1191,1,86400,1.00587741394
34890,34896,36036,6,1140,1,86400,1.00526315789
35273,35280,36038,7,758,1,86400,1.0092348285
35360,35367,36040,7,673,1,86400,1.01040118871
36066,36072,122502,6,86430,1,86400,1.00006942034
36081,36088,39650,7,3562,1,86400,1.0019651881
36135,36141,60512,6,24371,1,86400,1.00024619425
36162,36168,39596,6,3428,1,86400,1.00175029172
36556,36563,36565,7,2,2,21600,1.0
36769,36775,50282,6,13507,2,21600,1.00044421411
39343,239277,298441,199934,59164,8,259200,4.3793185045
39428,239340,339273,199912,99933,4,432000,3.00046030841
39896,239282,298484,199386,59202,8,345600,4.36789297659
40208,239288,298492,199080,59204,8,259200,4.36261063442
40441,239345,296087,198904,56742,2,432000,4.50541045434
41373,41380,58707,7,17327,2,18000,1.00040399377
41936,41943,41946,7,3,1,86400,1.0
41990,41996,67106,6,25110,1,86400,1.00023894863
42689,42696,67119,7,24423,1,86400,1.00028661508
42911,42918,129350,7,86432,1,86400,1.00008098852
48522,48529,134929,7,86400,1,86400,1.00008101852
50725,50731,50747,6,16,1,900,1.375
51851,51857,53241,6,1384,1,7200,1.00433526012
57600,57607,68409,7,10802,5,10800,1.00064802814
58784,58791,60704,7,1913,2,18000,1.00365917407
68728,68735,68749,7,14,7,3600,1.5
68743,68749,72373,6,3624,8,3600,1.00165562914
68755,68761,68766,6,5,5,3600,1.1
68769,68777,72394,8,3617,1,3600,1.00221177772
68809,68815,68828,6,13,7,3600,1.46153846154
68814,68821,68831,7,10,5,3600,1.7
68956,68962,70311,6,1349,1,7200,1.00444773907
69038,69045,70468,7,1423,1,7200,1.00491918482
70390,70397,74037,7,3640,5,3600,1.00192307692
70675,70681,74285,6,3604,7,3600,1.00166481687
72776,72782,72787,6,5,8,7200,1.1
72797,72803,72809,6,6,2,18000,1.2
72916,72922,72926,6,4,2,18000,1.0
72949,240091,270869,167142,30778,2,345600,6.43056728832
73054,73061,73066,7,5,2,18000,1.2
73072,241310,272417,168238,31107,2,345600,6.40836467676
73089,73095,73097,6,2,2,3540,1.0
73124,73130,91162,6,18032,2,18000,1.00033274179
73232,241315,296098,168083,54783,2,259200,4.0681598306
73319,240771,298675,167452,57904,2,259200,3.89189002487
73520,73526,73636,6,110,1,3600,1.05454545455
73729,73735,73845,6,110,1,3600,1.05454545455
73922,73928,74041,6,113,1,3600,1.05309734513
74059,240776,419051,166717,178275,2,259200,1.93516757818
75749,75756,75797,7,41,1,30000,1.17073170732
75885,75891,98736,6,22845,1,30000,1.00026263953
76200,76206,76528,6,322,8,7200,1.01863354037
76209,76215,94244,6,18029,4,18000,1.00033279716
76586,76592,76988,6,396,8,7200,1.01515151515
76994,76999,78555,5,1556,8,7200,1.00321336761
77819,77826,78468,7,642,4,7200,1.01090342679
77947,239930,294669,161983,54739,8,259200,3.95918814739
78239,239935,254468,161696,14533,4,432000,12.126126746
78349,239941,294877,161592,54936,4,345600,3.94145915247
78531,239946,296937,161415,56991,4,259200,3.83228930884
78604,78610,81261,6,2651,8,7200,1.00226329687
78661,78668,81535,7,2867,4,7200,1.00244157656
78770,239951,294936,161181,54985,4,259200,3.93136309903
80261,241593,294753,161332,53160,2,432000,4.03483822423
80540,80546,81063,6,517,2,21600,1.01160541586
81031,81037,86024,6,4987,4,43200,1.00120312813
81126,81132,102788,6,21656,2,21600,1.00027705948
81130,81138,83351,8,2213,4,43200,1.00361500226
81203,81209,83417,6,2208,4,43200,1.0027173913
81339,81345,91012,6,9667,2,14400,1.00062066825
81513,81519,83441,6,1922,4,43200,1.00312174818
81786,81792,85438,6,3646,2,10800,1.00164563906
81839,81845,83251,6,1406,1,7200,1.00426742532
81866,81874,99901,8,18027,1,18000,1.00044377878
83642,83650,87252,8,3602,9,3600,1.00222098834
83956,83964,83966,8,2,1,86400,1.0
84008,84015,86612,7,2597,1,18000,1.00269541779
85181,85187,85340,6,153,1,18000,1.03921568627
85354,85361,85708,7,347,1,18000,1.02017291066
86144,86150,86370,6,220,1,18000,1.02727272727
94959,94965,94966,6,1,2,3540,1.0
95074,95080,96901,6,1821,1,43200,1.00329489292
95311,95317,95439,6,122,1,3600,1.04918032787
95610,95616,95964,6,348,1,3600,1.01724137931
96314,96320,97163,6,843,1,3600,1.00711743772
97946,97952,98068,6,116,1,3600,1.05172413793
98212,98218,98541,6,323,1,3600,1.01857585139
99023,99029,99639,6,610,1,3600,1.00983606557
99236,99242,99415,6,173,1,3600,1.03468208092
99591,99597,99954,6,357,1,3600,1.01680672269
100315,100321,101171,6,850,1,3600,1.00705882353
102450,102456,102567,6,111,1,3600,1.05405405405
102584,102590,102706,6,116,1,1800,1.05172413793
102744,102750,103092,6,342,1,3600,1.01754385965
102842,102848,102920,6,72,1,1800,1.08333333333
103105,103111,103242,6,131,1,1800,1.04580152672
103569,103575,104210,6,635,1,3600,1.0094488189
104445,104451,104500,6,49,1,1800,1.12244897959
104640,104646,104704,6,58,1,1800,1.10344827586
104913,104920,105027,7,107,1,1800,1.06542056075
106703,106709,106824,6,115,1,1800,1.05217391304
107146,107152,107258,6,106,1,1800,1.05660377358
107966,107972,108531,6,559,1,1800,1.01073345259
110377,110383,110426,6,43,1,1800,1.13953488372
110763,110769,110840,6,71,1,1800,1.08450704225
111869,111875,112138,6,263,1,1800,1.02281368821
115666,239792,510156,124126,270364,2,604800,1.4591069817
117856,117862,122308,6,4446,8,36000,1.00134952767
119593,119599,166031,6,46432,13,57600,1.00012922123
120547,120553,123180,6,2627,2,36000,1.00228397411
120790,120796,149723,6,28927,6,28800,1.00020741867
121233,121239,128139,6,6900,2,10800,1.00086956522
121388,121394,193427,6,72033,16,72000,1.00008329516
121715,121721,131757,6,10036,2,36000,1.00059784775
121992,121999,125122,7,3123,2,10800,1.00224143452
122057,122063,140096,6,18033,1,18000,1.00033272334
122446,122452,126836,6,4384,2,36000,1.00136861314
122557,122589,123235,32,646,2,1800,1.04953560372
122557,122595,123283,38,688,2,1800,1.05523255814
122557,122601,123267,44,666,2,1800,1.06606606607
122557,122563,123251,6,688,2,1800,1.00872093023
122557,122578,123175,21,597,2,1800,1.0351758794
122557,122584,123192,27,608,2,1800,1.04440789474
122557,122573,123211,16,638,2,1800,1.02507836991
122557,122568,123232,11,664,2,1800,1.01656626506
122558,122627,123311,69,684,2,1800,1.10087719298
122558,122622,123311,64,689,2,1800,1.09288824383
122558,122611,123321,53,710,2,1800,1.07464788732
122558,122632,123324,74,692,2,1800,1.10693641618
122558,122606,123245,48,639,2,1800,1.07511737089
122558,122617,123297,59,680,2,1800,1.08676470588
122559,122653,123313,94,660,2,1800,1.14242424242
122559,122638,123308,79,670,2,1800,1.11791044776
122559,122643,123310,84,667,2,1800,1.12593703148
122559,122664,123329,105,665,2,1800,1.15789473684
122559,122659,123313,100,654,2,1800,1.15290519878
122559,122648,123317,89,669,2,1800,1.13303437967
122560,122706,123325,146,619,2,1800,1.23586429725
122560,122701,123333,141,632,2,1800,1.22310126582
122560,122669,123312,109,643,2,1800,1.16951788491
122560,122680,123312,120,632,2,1800,1.18987341772
122560,122696,123315,136,619,2,1800,1.2197092084
122560,122675,123316,115,641,2,1800,1.17940717629
122560,122690,123316,130,626,2,1800,1.20766773163
122560,122685,123323,125,638,2,1800,1.19592476489
122561,122711,123306,150,595,2,1800,1.25210084034
122561,122727,123341,166,614,2,1800,1.27035830619
122561,122738,123337,177,599,2,1800,1.29549248748
122561,122732,123336,171,604,2,1800,1.28311258278
122561,122717,123329,156,612,2,1800,1.25490196078
122561,122722,123330,161,608,2,1800,1.26480263158
122562,122753,123339,191,586,2,1800,1.32593856655
122562,122743,123337,181,594,2,1800,1.30471380471
122562,122748,123332,186,584,2,1800,1.31849315068
122562,122764,123332,202,568,2,1800,1.35563380282
122562,122759,123333,197,574,2,1800,1.34320557491
122562,122769,123333,207,564,2,1800,1.3670212766
123532,123538,125444,6,1906,4,21600,1.00314795383
123602,123614,123698,12,84,2,1800,1.14285714286
123602,123608,123651,6,43,2,1800,1.13953488372
123603,123619,123763,16,144,2,1800,1.11111111111
123603,123631,123946,28,315,2,1800,1.08888888889
123603,123625,123810,22,185,2,1800,1.11891891892
123603,123636,123840,33,204,2,1800,1.16176470588
123604,123652,123893,48,241,2,1800,1.19917012448
123604,123646,123862,42,216,2,1800,1.19444444444
123604,123641,123946,37,305,2,1800,1.12131147541
123605,123668,123972,63,304,2,1800,1.20723684211
123605,123657,124015,52,358,2,1800,1.14525139665
123605,123662,123915,57,253,2,1800,1.22529644269
123605,123673,123947,68,274,2,1800,1.24817518248
123606,123683,123944,77,261,2,1800,1.29501915709
123606,123689,124056,83,367,2,1800,1.22615803815
123606,123694,124110,88,416,2,1800,1.21153846154
123606,123678,123959,72,281,2,1800,1.25622775801
123607,123720,124138,113,418,2,1800,1.27033492823
123607,123699,124045,92,346,2,1800,1.26589595376
123607,123715,124047,108,332,2,1800,1.32530120482
123607,123710,124096,103,386,2,1800,1.26683937824
123607,123726,124132,119,406,2,1800,1.29310344828
123607,123705,124107,98,402,2,1800,1.24378109453
123608,123731,124157,123,426,2,1800,1.28873239437
123608,123747,124127,139,380,2,1800,1.36578947368
123608,123741,124127,133,386,2,1800,1.34455958549
123608,123736,124118,128,382,2,1800,1.33507853403
123609,123757,124147,148,390,2,1800,1.37948717949
123609,123763,124205,154,442,2,1800,1.34841628959
123609,123752,124188,143,436,2,1800,1.32798165138
123610,123768,124169,158,401,2,1800,1.39401496259
123610,123773,124197,163,424,2,1800,1.38443396226
123610,123784,124159,174,375,2,1800,1.464
123610,123778,124120,168,342,2,1800,1.49122807018
123611,123789,124207,178,418,2,1800,1.42583732057
123611,123799,124188,188,389,2,1800,1.48329048843
123611,123794,124177,183,383,2,1800,1.47780678851
123612,123805,124198,193,393,2,1800,1.49109414758
123612,123810,124207,198,397,2,1800,1.49874055416
123612,123815,124217,203,402,2,1800,1.50497512438
124009,124020,124417,11,397,2,1800,1.02770780856
124009,124015,124419,6,404,2,1800,1.01485148515
124009,124031,124424,22,393,2,1800,1.05597964377
124009,124025,124426,16,401,2,1800,1.03990024938
124010,124042,124416,32,374,2,1800,1.08556149733
124010,124047,124429,37,382,2,1800,1.09685863874
124010,124037,124419,27,382,2,1800,1.07068062827
124011,124068,124421,57,353,2,1800,1.16147308782
124011,124063,124424,52,361,2,1800,1.14404432133
124011,124058,124431,47,373,2,1800,1.12600536193
124011,124053,124425,42,372,2,1800,1.11290322581
124012,124084,124428,72,344,2,1800,1.20930232558
124012,124079,124430,67,351,2,1800,1.19088319088
124012,124074,124423,62,349,2,1800,1.1776504298
124012,124089,124438,77,349,2,1800,1.22063037249
124013,124100,124435,87,335,2,1800,1.25970149254
124013,124111,124437,98,326,2,1800,1.30061349693
124013,124095,124437,82,342,2,1800,1.23976608187
124013,124105,124426,92,321,2,1800,1.28660436137
124014,124116,124433,102,317,2,1800,1.32176656151
124038,124123,137262,85,13139,2,43200,1.0064692899
124252,239776,296937,115524,57161,2,324000,3.02102832351
124428,124434,124437,6,3,2,36000,1.0
124521,124527,124561,6,34,2,1800,1.17647058824
124521,124532,124595,11,63,2,1800,1.1746031746
124521,124543,124614,22,71,2,1800,1.30985915493
124521,124548,124684,27,136,2,1800,1.19852941176
124521,124537,124601,16,64,2,1800,1.25
124522,124554,124625,32,71,2,1800,1.45070422535
124522,124564,124706,42,142,2,1800,1.29577464789
124522,124559,124733,37,174,2,1800,1.21264367816
124522,124570,124727,48,157,2,1800,1.30573248408
124523,124585,124741,62,156,2,1800,1.39743589744
124523,124575,124727,52,152,2,1800,1.34210526316
124523,124596,124743,73,147,2,1800,1.49659863946
124523,124580,124734,57,154,2,1800,1.37012987013
124523,124591,124743,68,152,2,1800,1.44736842105
124524,124601,124746,77,145,2,1800,1.53103448276
124524,124612,124747,88,135,2,1800,1.65185185185
124524,124607,124747,83,140,2,1800,1.59285714286
124524,124617,124747,93,130,2,1800,1.71538461538
124525,124622,124745,97,123,2,1800,1.78861788618
124525,124628,124745,103,117,2,1800,1.88034188034
124738,124744,134770,6,10026,4,43200,1.00059844405
124895,124901,130494,6,5593,2,36000,1.00107276953
124947,124953,143003,6,18050,2,18000,1.00033240997
124979,124985,168214,6,43229,4,43200,1.00013879572
125137,125143,125167,6,24,6,5100,1.25
125158,125164,125586,6,422,1,900,1.01421800948
125317,125323,125616,6,293,2,1800,1.0204778157
125317,125328,125811,11,483,2,1800,1.02277432712
125318,125346,125973,28,627,2,1800,1.04465709729
125318,125335,125880,17,545,2,1800,1.03119266055
125318,125340,125996,22,656,2,1800,1.03353658537
125319,125356,125964,37,608,2,1800,1.06085526316
125319,125367,126044,48,677,2,1800,1.07090103397
125319,125351,125926,32,575,2,1800,1.05565217391
125319,125362,125977,43,615,2,1800,1.06991869919
125320,125377,126059,57,682,2,1800,1.08357771261
125320,125388,126031,68,643,2,1800,1.10575427683
125320,125383,126042,63,659,2,1800,1.09559939302
125320,125372,125991,52,619,2,1800,1.08400646204
125321,125393,126016,72,623,2,1800,1.11556982343
125321,125409,126039,88,630,2,1800,1.13968253968
125321,125404,126046,83,642,2,1800,1.1292834891
125321,125398,126050,77,652,2,1800,1.11809815951
125322,125425,126071,103,646,2,1800,1.15944272446
125322,125420,126053,98,633,2,1800,1.15481832543
125322,125414,126069,92,655,2,1800,1.14045801527
125322,125430,128230,108,2800,1,7200,1.03857142857
125341,125441,126049,100,608,2,1800,1.16447368421
125342,125463,126069,121,606,2,1800,1.199669967
125342,125457,126074,115,617,2,1800,1.18638573744
125342,125452,126068,110,616,2,1800,1.17857142857
125342,125447,126054,105,607,2,1800,1.17298187809
125343,125473,126073,130,600,2,1800,1.21666666667
125343,125478,126081,135,603,2,1800,1.22388059701
125343,125484,126067,141,583,2,1800,1.24185248714
125343,125468,126068,125,600,2,1800,1.20833333333
125344,125494,126076,150,582,2,1800,1.25773195876
125344,125499,126073,155,574,2,1800,1.27003484321
125344,125505,126078,161,573,2,1800,1.28097731239
125344,125489,126077,145,588,2,1800,1.24659863946
125345,125510,126073,165,563,2,1800,1.29307282416
125345,125521,126085,176,564,2,1800,1.31205673759
125345,125526,126080,181,554,2,1800,1.32671480144
125345,125515,126078,170,563,2,1800,1.30195381883
125346,125531,126074,185,543,2,1800,1.34069981584
125346,125542,126077,196,535,2,1800,1.36635514019
125346,125536,126080,190,544,2,1800,1.34926470588
125398,125436,125825,38,389,6,5100,1.09768637532
125705,125716,125745,11,29,1,25140,1.37931034483
125705,125727,125744,22,17,1,25140,2.29411764706
125705,125711,125740,6,29,1,25140,1.20689655172
125705,125733,125736,28,3,1,25140,3.1
125706,125738,125739,32,1,1,25140,3.3
126111,126117,126155,6,38,2,3600,1.15789473684
126127,126133,126347,6,214,2,1800,1.02803738318
126127,126138,126350,11,212,2,1800,1.05188679245
126128,126155,126603,27,448,2,1800,1.06026785714
126128,126144,126555,16,411,2,1800,1.03892944039
126128,126161,126447,33,286,2,1800,1.11538461538
126128,126150,126537,22,387,2,1800,1.05684754522
126129,126171,126605,42,434,2,1800,1.09677419355
126129,126176,126550,47,374,2,1800,1.1256684492
126129,126182,126645,53,463,2,1800,1.11447084233
126129,126166,126615,37,449,2,1800,1.08240534521
126130,126203,126678,73,475,2,1800,1.15368421053
126130,126187,126642,57,455,2,1800,1.12527472527
126130,126197,126626,67,429,2,1800,1.15617715618
126130,126192,126567,62,375,2,1800,1.16533333333
126131,126219,126642,88,423,2,1800,1.20803782506
126131,126213,126650,82,437,2,1800,1.18764302059
126131,126208,126649,77,441,2,1800,1.1746031746
126132,126229,126642,97,413,2,1800,1.23486682809
126132,126224,126650,92,426,2,1800,1.21596244131
126132,126245,126671,113,426,2,1800,1.26525821596
126132,126240,126645,108,405,2,1800,1.26666666667
126132,126234,126661,102,427,2,1800,1.23887587822
126133,126255,126721,122,466,2,1800,1.26180257511
126133,126261,126734,128,473,2,1800,1.27061310782
126133,126250,126691,117,441,2,1800,1.26530612245
126134,126282,126663,148,381,2,1800,1.38845144357
126134,126277,126720,143,443,2,1800,1.32279909707
126134,126271,126690,137,419,2,1800,1.32696897375
126134,126266,126738,132,472,2,1800,1.27966101695
126135,126292,126698,157,406,2,1800,1.38669950739
126135,126287,126722,152,435,2,1800,1.34942528736
126135,126303,126727,168,424,2,1800,1.39622641509
126135,126298,126693,163,395,2,1800,1.41265822785
126136,126319,126706,183,387,2,1800,1.47286821705
126136,126308,126714,172,406,2,1800,1.4236453202
126136,126313,126717,177,404,2,1800,1.43811881188
126136,126324,126741,188,417,2,1800,1.45083932854
126137,126329,126730,192,401,2,1800,1.47880299252
126137,126334,126706,197,372,2,1800,1.52956989247
126137,126340,126709,203,369,2,1800,1.55013550136
126644,126656,127034,12,378,8,1500,1.03174603175
126644,126650,127028,6,378,8,1500,1.01587301587
126645,126673,127044,28,371,8,1500,1.07547169811
126645,126668,127042,23,374,8,1500,1.0614973262
126645,126663,127035,18,372,8,1500,1.04838709677
126646,126679,127050,33,371,8,1500,1.08894878706
126646,126689,127051,43,362,8,1500,1.11878453039
126646,126684,127052,38,368,8,1500,1.10326086957
126646,126695,127048,49,353,8,1500,1.1388101983
126647,126705,127059,58,354,8,1500,1.16384180791
126647,126710,127049,63,339,8,1500,1.18584070796
126647,126700,127035,53,335,8,1500,1.15820895522
126648,126731,127066,83,335,8,1500,1.24776119403
126648,126721,127064,73,343,8,1500,1.21282798834
126648,126726,127064,78,338,8,1500,1.23076923077
126648,126716,127055,68,339,8,1500,1.2005899705
126649,126737,127075,88,338,8,1500,1.26035502959
126649,126742,127080,93,338,8,1500,1.27514792899
126649,126750,127098,101,348,8,1500,1.29022988506
126650,126756,127109,106,353,8,1500,1.30028328612
126650,126761,127104,111,343,8,1500,1.32361516035
126650,126766,127115,116,349,8,1500,1.3323782235
127256,127263,128837,7,1574,2,43200,1.00444726811
127803,127809,129539,6,1730,5,3600,1.00346820809
127804,127820,129511,16,1691,5,3600,1.00946185689
127804,127815,129603,11,1788,5,3600,1.00615212528
127805,127826,129565,21,1739,5,3600,1.01207590569
127805,127831,129572,26,1741,5,3600,1.01493394601
127806,127836,129524,30,1688,5,3600,1.01777251185
127806,127842,129581,36,1739,5,3600,1.02070155262
127806,127847,129599,41,1752,5,3600,1.02340182648
127807,127858,129486,51,1628,5,3600,1.03132678133
127807,127853,129603,46,1750,5,3600,1.02628571429
127808,127863,129610,55,1747,5,3600,1.0314825415
127808,127869,129650,61,1781,5,3600,1.03425042111
127809,127874,129572,65,1698,5,3600,1.0382803298
127809,127879,129609,70,1730,5,3600,1.04046242775
127810,127885,129637,75,1752,5,3600,1.04280821918
127810,127890,129659,80,1769,5,3600,1.04522328999
127811,127896,129608,85,1712,5,3600,1.04964953271
127811,127901,129615,90,1714,5,3600,1.05250875146
127812,127912,129620,100,1708,5,3600,1.05854800937
127812,127906,129694,94,1788,5,3600,1.05257270694
127813,127917,129682,104,1765,5,3600,1.05892351275
127813,127922,129608,109,1686,5,3600,1.06465005931
128376,128382,137965,6,9583,2,43200,1.00062610873
128657,128663,128720,6,57,2,3600,1.10526315789
128664,128670,128721,6,51,2,3600,1.11764705882
128808,128849,129024,41,175,8,10800,1.23428571429
128897,128903,129277,6,374,1,3600,1.01604278075
129269,129276,129285,7,9,8,10800,1.6
129418,129424,129813,6,389,1,3600,1.01542416452
129586,129592,129644,6,52,2,3600,1.11538461538
129588,129599,130525,11,926,1,900,1.01187904968
129819,129825,135183,6,5358,8,7200,1.00111982083
130094,130100,130996,6,896,1,3600,1.00669642857
130218,130224,130300,6,76,8,1500,1.07894736842
130218,130229,130304,11,75,8,1500,1.14666666667
130218,130235,130314,17,79,8,1500,1.21518987342
130219,130246,130322,27,76,8,1500,1.35526315789
130219,130241,130321,22,80,8,1500,1.275
130219,130251,130329,32,78,8,1500,1.41025641026
130220,130267,130343,47,76,8,1500,1.61842105263
130220,130256,130333,36,77,8,1500,1.46753246753
130220,130262,130339,42,77,8,1500,1.54545454545
130221,130272,130349,51,77,8,1500,1.66233766234
130221,130277,130356,56,79,8,1500,1.70886075949
130222,130299,130376,77,77,8,1500,2.0
130222,130293,130372,71,79,8,1500,1.89873417722
130222,130288,130366,66,78,8,1500,1.84615384615
130222,130283,130360,61,77,8,1500,1.79220779221
130302,130308,130367,6,59,2,3600,1.10169491525
130345,130356,130376,11,20,5,3600,1.55
130345,130351,130376,6,25,5,3600,1.24
130346,130369,130388,23,19,5,3600,2.21052631579
130346,130363,130383,17,20,5,3600,1.85
130347,130379,130406,32,27,5,3600,2.18518518519
130347,130374,130393,27,19,5,3600,2.42105263158
130348,130390,130409,42,19,5,3600,3.21052631579
130348,130384,130404,36,20,5,3600,2.8
130348,130395,130414,47,19,5,3600,3.47368421053
130349,130400,130421,51,21,5,3600,3.42857142857
130349,130406,130426,57,20,5,3600,3.85
130350,130411,130431,61,20,5,3600,4.05
130350,130416,130435,66,19,5,3600,4.47368421053
130351,130421,130440,70,19,5,3600,4.68421052632
130351,130427,130446,76,19,5,3600,5.0
130495,130501,140306,6,9805,8,10800,1.00061193269
131000,131022,131415,22,393,8,1500,1.05597964377
131000,131006,131401,6,395,8,1500,1.01518987342
131000,131016,131408,16,392,8,1500,1.04081632653
131000,131011,131404,11,393,8,1500,1.02798982188
131001,131043,131435,42,392,8,1500,1.10714285714
131001,131038,131428,37,390,8,1500,1.09487179487
131001,131027,131418,26,391,8,1500,1.06649616368
131001,131033,131423,32,390,8,1500,1.08205128205
131002,131064,131455,62,391,8,1500,1.15856777494
131002,131059,131447,57,388,8,1500,1.14690721649
131002,131054,131445,52,391,8,1500,1.13299232737
131002,131048,131437,46,389,8,1500,1.11825192802
131003,131070,131465,67,395,8,1500,1.16962025316
131003,131075,131463,72,388,8,1500,1.18556701031
131003,131080,131472,77,392,8,1500,1.19642857143
131054,131092,133602,38,2510,5,3600,1.01513944223
131054,131086,133508,32,2422,5,3600,1.0132122213
131055,131102,133544,47,2442,5,3600,1.01924651925
131055,131097,133598,42,2501,5,3600,1.01679328269
131056,131113,133485,57,2372,5,3600,1.02403035413
131056,131107,133615,51,2508,5,3600,1.02033492823
131057,131128,133539,71,2411,5,3600,1.02944836168
131057,131123,133575,66,2452,5,3600,1.02691680261
131057,131118,133733,61,2615,5,3600,1.02332695985
131058,131139,133785,81,2646,5,3600,1.0306122449
131058,131134,133575,76,2441,5,3600,1.03113478083
131059,131420,134146,361,2726,5,3600,1.13242846662
131059,131144,133520,85,2376,5,3600,1.03577441077
131060,131425,133844,365,2419,5,3600,1.15088879702
131060,131430,134168,370,2738,5,3600,1.13513513514
131265,131271,132193,6,922,1,900,1.00650759219
131348,131443,131704,95,261,2,1800,1.36398467433
131348,131436,131667,88,231,2,1800,1.38095238095
131348,131354,131407,6,53,2,1800,1.11320754717
131349,131459,131790,110,331,2,1800,1.33232628399
131349,131448,131760,99,312,2,1800,1.31730769231
131349,131453,131765,104,312,2,1800,1.33333333333
131349,131464,131786,115,322,2,1800,1.35714285714
131350,131474,131790,124,316,2,1800,1.39240506329
131350,131485,131795,135,310,2,1800,1.43548387097
131350,131480,131796,130,316,2,1800,1.41139240506
131350,131469,131786,119,317,2,1800,1.37539432177
131351,131490,131809,139,319,2,1800,1.43573667712
131351,131501,131800,150,299,2,1800,1.5016722408
131351,131506,131796,155,290,2,1800,1.53448275862
131351,131495,131795,144,300,2,1800,1.48
131352,131516,131808,164,292,2,1800,1.56164383562
131352,131522,131805,170,283,2,1800,1.60070671378
131352,131529,131803,177,274,2,1800,1.64598540146
131352,131511,131801,159,290,2,1800,1.54827586207
131353,131535,131803,182,268,2,1800,1.67910447761
131379,131412,131438,33,26,8,10800,2.26923076923
131986,131992,132109,6,117,1,3600,1.05128205128
132249,132256,132581,7,325,1,3600,1.02153846154
132275,132281,143062,6,10781,2,43200,1.00055653464
132549,132555,132677,6,122,1,1800,1.04918032787
132895,132901,133288,6,387,2,43200,1.01550387597
132931,132937,133566,6,629,1,3600,1.00953895072
132941,132947,133064,6,117,1,1800,1.05128205128
133231,133237,133361,6,124,1,1800,1.04838709677
133862,133869,147059,7,13190,2,43200,1.00053070508
134229,134235,134238,6,3,4,3600,1.0
134268,134274,134275,6,1,4,3600,1.0
134351,134357,134407,6,50,1,1800,1.12
134381,134388,136121,7,1733,2,10800,1.00403923832
134475,134486,135067,11,581,2,10800,1.01893287435
134475,134481,134537,6,56,4,3600,1.10714285714
134670,134676,134755,6,79,1,1800,1.07594936709
134940,134946,135083,6,137,1,1800,1.04379562044
135231,239592,844407,104361,604815,16,604800,1.17255028397
135326,239597,336100,104271,96503,16,604800,2.08049490689
135365,135371,139082,6,3711,2,43200,1.00161681487
135985,135991,136085,6,94,4,3600,1.06382978723
136150,136156,137922,6,1766,64,3600,1.00339750849
136421,136427,140440,6,4013,2,43200,1.00149514079
136882,136888,140690,6,3802,8,7200,1.00157811678
137055,137061,140809,6,3748,2,43200,1.00160085379
137893,137899,138829,6,930,2,21600,1.0064516129
138265,138272,138775,7,503,2,21600,1.01391650099
138523,138529,138735,6,206,1,3600,1.02912621359
138689,138695,140393,6,1698,8,7200,1.0035335689
138876,138882,139304,6,422,1,3600,1.01421800948
138897,138903,140912,6,2009,2,43200,1.00298656048
139296,139302,139314,6,12,1,3600,1.5
139406,139412,140371,6,959,4,18000,1.00625651721
139461,139467,139865,6,398,4,18000,1.01507537688
139477,139483,139580,6,97,2,43200,1.0618556701
139477,139488,139621,11,133,4,18000,1.08270676692
139570,139576,140660,6,1084,1,3600,1.00553505535
139752,139758,139936,6,178,16,18000,1.03370786517
139820,139827,139936,7,109,1,3600,1.06422018349
139824,139833,143091,9,3258,2,28800,1.00276243094
139936,139942,139953,6,11,1,3600,1.54545454545
140201,140207,140213,6,6,64,3600,1.2
140345,140351,140352,6,1,1,3600,1.0
140423,140429,140436,6,7,2,18000,1.3
140485,140491,142201,6,1710,1,7200,1.00350877193
140623,140630,146592,7,5962,2,18000,1.00117410265
140642,140648,143388,6,2740,4,18000,1.00218978102
140698,140704,143844,6,3140,8,18000,1.00191082803
140719,140725,143916,6,3191,4,18000,1.00188028831
140801,140807,140809,6,2,64,3600,1.0
140874,140881,140884,7,3,64,3600,1.0
140960,140966,140967,6,1,64,3600,1.0
141156,141162,141180,6,18,64,3600,1.33333333333
141242,141248,141260,6,12,1,3600,1.5
141268,141275,141625,7,350,64,3600,1.02
141341,141347,141467,6,120,1,3600,1.05
141466,141477,141488,11,11,1,3600,2.0
141507,141513,170348,6,28835,2,28800,1.00020808046
141520,141526,143777,6,2251,8,8400,1.00266548201
141565,142538,145780,973,3242,64,3600,1.30012338063
141606,142231,142652,625,421,1,3600,2.48456057007
141800,142549,149145,749,6596,2,28800,1.11355366889
141894,142207,142220,313,13,1,3600,25.0769230769
142114,142544,144378,430,1834,4,21600,1.23446019629
142193,142559,142675,366,116,1,1800,4.15517241379
142451,142457,142488,6,31,1,120,1.1935483871
142512,142554,143772,42,1218,8,18000,1.03448275862
142930,142936,143056,6,120,1,1800,1.05
142992,142998,143856,6,858,1,3600,1.00699300699
143265,143271,143406,6,135,1,1800,1.04444444444
143353,143359,145330,6,1971,2,21600,1.00304414003
143880,143887,144184,7,297,8,18000,1.02356902357
143939,143945,144397,6,452,4,18000,1.01327433628
143965,239786,245236,95821,5450,4,432000,18.5818348624
144029,239505,268175,95476,28670,4,432000,4.33017091036
144106,239510,244266,95404,4756,4,432000,21.0597140454
144120,239515,262783,95395,23268,4,432000,5.09983668558
144160,239520,249538,95360,10018,4,432000,10.5188660411
144171,239526,245637,95355,6111,4,432000,16.6038291605
144181,239531,294721,95350,55190,4,432000,2.72766805581
144420,144426,144477,6,51,1,1800,1.11764705882
144479,144487,144534,8,47,1,120,1.17021276596
144735,144742,144819,7,77,1,1800,1.09090909091
144803,239771,844596,94968,604825,3,604800,1.15701731906
144807,144813,145209,6,396,3,3600,1.01515151515
144887,144893,146638,6,1745,2,21600,1.00343839542
145016,145022,145147,6,125,1,1800,1.048
145247,145254,145391,7,137,4,18000,1.05109489051
145335,145343,147414,8,2071,2,21600,1.00386286818
145380,145386,145443,6,57,1,120,1.10526315789
145669,145675,148030,6,2355,2,21600,1.0025477707
145722,145728,145799,6,71,1,120,1.08450704225
146170,146176,154421,6,8245,2,21600,1.00072771377
146183,146189,147726,6,1537,64,3600,1.00390370852
146184,146195,146461,11,266,4,18000,1.04135338346
146419,146426,146486,7,60,4,18000,1.11666666667
146577,146583,146660,6,77,4,18000,1.07792207792
146906,146912,151381,6,4469,2,21600,1.00134258223
147265,147272,151423,7,4151,2,21600,1.00168634064
147416,147422,147513,6,91,8,3600,1.06593406593
147600,147606,151217,6,3611,10,3600,1.00166158959
147867,147873,150231,6,2358,2,21600,1.00254452926
148233,148239,150877,6,2638,2,21600,1.00227445034
148496,148502,152137,6,3635,64,3600,1.00165061898
148589,148595,151322,6,2727,2,21600,1.00220022002
148946,148952,158060,6,9108,2,21600,1.00065876153
149287,149293,156918,6,7625,2,21600,1.00078688525
149502,149509,149534,7,25,8,10800,1.28
149611,149617,158054,6,8437,2,21600,1.00071115325
150043,150049,152644,6,2595,2,21600,1.00231213873
150067,150073,150206,6,133,1,1800,1.04511278195
150262,150268,200709,6,50441,8,50400,1.00011895085
150343,150349,152669,6,2320,2,21600,1.0025862069
150502,150508,150625,6,117,1,1800,1.05128205128
150657,150663,159825,6,9162,2,21600,1.00065487885
150924,150931,157284,7,6353,2,21600,1.00110184165
151276,151282,151869,6,587,1,1800,1.01022146508
151815,151821,155537,6,3716,1,3600,1.0016146394
151892,151898,151900,6,2,16,300,1.0
152087,152093,152094,6,1,2,300,1.0
152218,152224,152473,6,249,2,300,1.02409638554
152458,152464,152995,6,531,64,3600,1.01129943503
152841,152847,153160,6,313,4,300,1.01916932907
153042,153048,153692,6,644,32,600,1.00931677019
153084,153090,153139,6,49,1,1800,1.12244897959
153311,153317,153649,6,332,16,300,1.01807228916
153470,153477,153560,7,83,1,1800,1.0843373494
154436,154442,154735,6,293,1,1800,1.0204778157
156659,156666,156689,7,23,32,1815,1.30434782609
156669,156675,156696,6,21,16,1815,1.28571428571
156674,156681,156704,7,23,8,1815,1.30434782609
156687,156693,156718,6,25,4,1815,1.24
159438,159444,159445,6,1,2,3540,1.0
163717,163723,163854,6,131,4,18000,1.04580152672
163873,163879,169329,6,5450,4,18000,1.00110091743
164389,164395,164617,6,222,4,18000,1.02702702703
164543,164549,166988,6,2439,4,18000,1.0024600246
164651,164658,168663,7,4005,4,18000,1.00174781523
166346,166352,166695,6,343,16,900,1.01749271137
166920,166926,166927,6,1,16,900,1.0
167148,167154,167155,6,1,16,900,1.0
167615,167621,168555,6,934,16,900,1.00642398287
169251,169257,170169,6,912,16,900,1.00657894737
173835,173842,173949,7,107,32,900,1.06542056075
174468,174474,174726,6,252,32,900,1.02380952381
175027,175033,175533,6,500,64,900,1.012
176216,176222,176547,6,325,16,900,1.01846153846
176752,176758,177405,6,647,8,900,1.00927357032
177648,177654,179083,6,1429,4,1800,1.00419874038
178497,178503,183160,6,4657,13,14400,1.00128838308
181212,181218,181220,6,2,2,3540,1.0
181750,181756,181925,6,169,1,3600,1.03550295858
182103,182110,182475,7,365,1,3600,1.01917808219
182841,182847,183704,6,857,1,3600,1.00700116686
183793,183799,198213,6,14414,13,14400,1.00041626197
184526,184533,184650,7,117,1,3600,1.05982905983
184831,184838,185158,7,320,1,3600,1.021875
185640,185646,186327,6,681,1,3600,1.00881057269
185682,185688,185886,6,198,1,3600,1.0303030303
186057,186064,186462,7,398,1,3600,1.0175879397
186800,186806,187639,6,833,1,3600,1.00720288115
188919,188925,189042,6,117,1,3600,1.05128205128
189006,189012,189134,6,122,1,1800,1.04918032787
189234,189240,189575,6,335,1,3600,1.01791044776
189443,189449,189558,6,109,1,1800,1.05504587156
190061,190068,190688,7,620,1,3600,1.01129032258
190232,190238,190797,6,559,1,1800,1.01073345259
202668,239437,239460,36769,23,4,1815,1599.65217391
202681,239427,239451,36746,24,8,1815,1532.08333333
202687,239411,239436,36724,25,16,1815,1469.96
202693,239759,239780,37066,21,32,1815,1766.04761905
202913,239453,253166,36540,13713,2,36000,3.66462480858
204721,239458,251280,34737,11822,2,36000,3.93833530705
205303,239442,246475,34139,7033,2,18000,5.85411630883
205542,239463,240079,33921,616,2,36000,56.0665584416
206332,239469,249603,33137,10134,2,36000,4.26988356029
208443,239478,242969,31035,3491,2,36000,9.89000286451
208824,239564,249355,30740,9791,2,259200,4.13961801655
208941,239798,298581,30857,58783,4,172800,1.52493067724
209522,239569,242769,30047,3200,2,43200,10.3896875
209584,239574,242364,29990,2790,2,43200,11.7491039427
209627,239579,242044,29952,2465,2,43200,13.1509127789
209811,239553,241287,29742,1734,1,7200,18.1522491349
209991,239559,241405,29568,1846,1,7200,17.0173347779
210841,239536,292114,28695,52578,4,86400,1.54576058427
211145,239547,239552,28402,5,1,600,2840.7
211598,239484,243291,27886,3807,2,43200,8.32492776464
212526,239489,250533,26963,11044,2,43200,3.44141615357
213482,239494,249309,26012,9815,2,43200,3.65022924096
214546,239432,779468,24886,540036,10,540000,1.04608211304
214700,239421,267602,24721,28181,16,540000,1.87722224194
215883,239499,246500,23616,7001,2,28800,4.37323239537
216569,239781,240608,23212,827,2,28800,29.0677146312
217776,239293,244873,21517,5580,2,36000,4.85609318996
218799,239298,239687,20499,389,2,21600,53.6966580977
219700,239303,245812,19603,6509,2,28800,4.01167614073
220471,239309,241298,18838,1989,2,21600,10.4710910005
221737,239314,255828,17577,16514,2,21600,2.06436962577
223238,239319,260411,16081,21092,2,21600,1.76242177129
224008,239324,248883,15316,9559,2,21600,2.60225965059
224454,239329,240759,14875,1430,2,21600,11.4020979021
225610,239335,241582,13725,2247,2,21600,7.10814419226
245818,245824,245825,6,1,2,3540,1.0
246894,246900,264909,6,18009,2,18000,1.00033316675
247393,247399,290644,6,43245,13,43200,1.00013874436
248248,248254,267278,6,19024,1,25140,1.00031539108
248275,248281,266155,6,17874,1,25140,1.00033568312
248287,248293,267278,6,18985,1,25140,1.00031603898
248293,248299,267268,6,18969,1,25140,1.00031630555
248299,248305,267278,6,18973,1,25140,1.00031623887
248302,248311,267278,9,18967,1,25140,1.00047450836
248302,248316,267278,14,18962,1,25140,1.00073831874
248305,248322,267278,17,18956,1,25140,1.00089681367
248306,248327,266428,21,18101,1,25140,1.0011601569
248308,248338,267278,30,18940,1,25140,1.00158394931
248308,248333,267278,25,18945,1,25140,1.0013196094
248311,248344,267278,33,18934,1,25140,1.00174289638
248312,248349,267278,37,18929,1,25140,1.00195467272
248312,248355,267278,43,18923,1,25140,1.00227236696
248314,248360,267278,46,18918,1,25140,1.00243154668
248314,248366,267278,52,18912,1,25140,1.00274957699
248315,249326,267284,1011,17958,1,25140,1.05629802873
248315,249320,267284,1005,17964,1,25140,1.05594522378
248315,249366,267280,1051,17914,1,25140,1.05866919728
248316,248895,267281,579,18386,1,25140,1.03149135212
248317,249372,267282,1055,17910,1,25140,1.05890563931
248317,248900,267279,583,18379,1,25140,1.03172098591
248318,249555,267283,1237,17728,1,25140,1.06977662455
248318,249560,267282,1242,17722,1,25140,1.07008238348
248318,249549,267283,1231,17734,1,25140,1.06941468366
248318,249565,267281,1247,17716,1,25140,1.07038834951
248319,249620,267283,1301,17663,1,25140,1.07365679669
248319,249614,267281,1295,17667,1,25140,1.07330050376
248319,250544,267290,2225,16746,1,25140,1.13286755046
248320,250550,267289,2230,16739,1,25140,1.13322181731
248320,251291,267292,2971,16001,1,25140,1.18567589526
248320,251297,267292,2977,15995,1,25140,1.18612066271
248321,253178,267292,4857,14114,1,25140,1.34412639932
248321,254480,267295,6159,12815,1,25140,1.48060866172
248321,253183,267294,4862,14111,1,25140,1.34455389413
248322,254497,267295,6175,12798,1,25140,1.4824972652
248322,254485,267295,6163,12810,1,25140,1.48110850898
248322,254490,267295,6168,12805,1,25140,1.48168684108
248323,256788,267295,8465,10507,1,25140,1.80565337394
248323,256793,267294,8470,10501,1,25140,1.80658984859
253847,267302,269140,13455,1838,15,1800,8.3204570185
253857,267290,269136,13433,1846,20,1800,8.27681473456
254401,267296,267297,12895,1,1,30000,1289.6
257310,267325,296612,10015,29287,4,259200,1.34196059685
257400,269151,294778,11751,25627,4,259200,1.45853982128
257437,269156,528362,11719,259206,4,259200,1.0452111448
257476,269162,528369,11686,259207,4,259200,1.04508365901
258786,267320,274562,8534,7242,8,72000,2.17840375587
262917,269146,299137,6229,29991,13,43200,1.20769564203
267421,269168,269527,1747,359,3,324000,5.86629526462
267850,268515,808566,665,540051,16,540000,1.00123136519
282379,282385,284466,6,2081,3,14400,1.00288322922
285560,285567,285568,7,1,1,30000,1.0
285908,285914,294704,6,8790,1,30000,1.00068259386
286974,286980,301501,6,14521,3,14400,1.00041319468
289582,289588,298701,6,9113,2,28800,1.00065840009
290588,290594,297874,6,7280,2,28800,1.00082417582
291449,291455,294406,6,2951,2,21600,1.00203320908
292134,292140,292966,6,826,2,21600,1.00726392252
293237,293243,293346,6,103,4,86400,1.05825242718
293472,293478,302064,6,8586,4,86400,1.00069881202
293477,293484,293496,7,12,3,615,1.58333333333
293481,293495,293516,14,21,5,615,1.66666666667
293484,293490,293508,6,18,9,615,1.33333333333
293489,293574,293604,85,30,17,615,3.83333333333
293493,293519,293562,26,43,22,615,1.60465116279
293573,293581,293583,8,2,1,3600,1.0
293735,293741,293756,6,15,3,615,1.4
293741,293747,293764,6,17,5,615,1.35294117647
293959,293966,294047,7,81,2,21600,1.08641975309
293962,293977,293989,15,12,3,615,2.25
293965,293972,293985,7,13,5,615,1.53846153846
293968,294032,294051,64,19,9,615,4.36842105263
293972,294056,312175,84,18119,4,21600,1.00463601744
293973,294027,294044,54,17,17,615,4.17647058824
293977,293997,294015,20,18,22,615,2.11111111111
294097,294103,294119,6,16,3,615,1.375
294100,294120,294141,20,21,5,615,1.95238095238
294103,294115,294138,12,23,9,615,1.52173913043
294113,294185,294221,72,36,17,615,3.0
294117,294152,294173,35,21,22,615,2.66666666667
294220,294227,299469,7,5242,2,28800,1.00133536818
294541,294547,294684,6,137,3,180000,1.04379562044
294604,294610,294622,6,12,3,615,1.5
294607,294616,294635,9,19,5,615,1.47368421053
294611,294622,294647,11,25,9,615,1.44
294631,294671,294672,40,1,17,615,4.1
294635,294658,294660,23,2,22,615,2.5
294840,294847,294849,7,2,3,615,1.0
294844,294858,294861,14,3,5,615,1.7
294847,294853,294875,6,22,9,615,1.27272727273
294850,294877,294878,27,1,17,615,2.8
294853,294864,294866,11,2,22,615,1.3
295142,295148,295153,6,5,4,432000,1.1
295499,295505,295525,6,20,33,615,1.3
295542,295549,295583,7,34,33,615,1.20588235294
295701,295707,295730,6,23,33,615,1.26086956522
295753,295759,300511,6,4752,2,28800,1.00126262626
295759,295765,295795,6,30,33,615,1.2
296142,296149,296227,7,78,1,14400,1.08974358974
296287,296294,299918,7,3624,3,3600,1.00193156733
296321,296327,296353,6,26,17,615,1.23076923077
296348,296358,296902,10,544,3,604800,1.01838235294
296376,296382,296407,6,25,22,615,1.24
296497,296503,296504,6,1,3,615,1.0
296528,296539,296608,11,69,1,14400,1.15942028986
296710,296716,296717,6,1,3,615,1.0
296767,296773,296775,6,2,17,615,1.0
297033,297039,297040,6,1,17,615,1.0
297038,297045,297046,7,1,2,28800,1.0
297129,297136,297161,7,25,3,615,1.28
297201,297208,297236,7,28,5,615,1.25
297314,297321,297351,7,30,17,615,1.23333333333
297435,297441,297844,6,403,13,172800,1.01488833747
297437,297447,297480,10,33,22,615,1.30303030303
297566,297572,297574,6,2,1,14400,1.0
297620,297627,297982,7,355,3,180000,1.01971830986
297850,297856,298214,6,358,3,180000,1.01675977654
298028,298034,298189,6,155,4,1800,1.03870967742
298087,298093,298125,6,32,9,615,1.1875
298156,298162,301886,6,3724,1,3600,1.00161117078
298505,298512,337677,7,39165,1,57540,1.00017873101
298514,298520,334885,6,36365,1,57540,1.00016499381
298517,298532,338061,15,39529,1,57540,1.00037946824
298517,298526,336278,9,37752,1,57540,1.00023839797
298517,298537,336203,20,37666,1,57540,1.00053098285
298520,298548,338034,28,39486,1,57540,1.00070911209
298520,298553,335531,33,36978,1,57540,1.00089242252
298520,298542,335609,22,37067,1,57540,1.00059351984
298521,298558,338214,37,39656,1,57540,1.00093302401
298521,298565,334345,44,35780,1,57540,1.00122973728
298523,298575,336332,52,37757,1,57540,1.00137722806
298523,298570,334723,47,36153,1,57540,1.00130003043
298523,298581,334648,58,36067,1,57540,1.00160811822
298524,298603,335951,79,37348,1,57540,1.00211524044
298524,298608,335624,84,37016,1,57540,1.00226928896
298524,298592,333925,68,35333,1,57540,1.00192454646
298524,298597,334510,73,35913,1,57540,1.00203269011
298524,298587,333067,63,34480,1,57540,1.00182714617
298525,298623,336671,98,38048,1,57540,1.00257569386
298525,298617,334366,92,35749,1,57540,1.00257349856
298525,298628,335804,103,37176,1,57540,1.00277060469
298526,298644,335185,118,36541,1,57540,1.00322924934
298526,298639,334795,113,36156,1,57540,1.00312534572
298526,298633,335194,107,36561,1,57540,1.00292661579
298527,298671,337484,144,38813,1,57540,1.00371009713
298527,298655,336281,128,37626,1,57540,1.00340190294
298527,298665,337731,138,39066,1,57540,1.00353248349
298527,298660,339379,133,40719,1,57540,1.00326628846
298527,298649,336698,122,38049,1,57540,1.00320639176
298528,298681,332959,153,34278,1,57540,1.00446350429
298528,298697,335113,169,36416,1,57540,1.00464081722
298528,298687,335693,159,37006,1,57540,1.00429660055
298528,298692,338025,164,39333,1,57540,1.00416952686
298528,298676,335242,148,36566,1,57540,1.0040474758
298529,298724,337394,195,38670,1,57540,1.00504266874
298529,298708,337319,179,38611,1,57540,1.00463598456
298529,298703,337830,174,39127,1,57540,1.00444705702
298529,298713,336092,184,37379,1,57540,1.00492255009
298529,298719,338040,190,39321,1,57540,1.0048320236
298530,298735,336752,205,38017,1,57540,1.00539232449
298530,298730,335717,200,36987,1,57540,1.00540730527
298530,298746,338760,216,40014,1,57540,1.00539811066
298530,298740,338616,210,39876,1,57540,1.00526632561
298531,298763,336707,232,37944,1,57540,1.00611427367
298531,298773,335846,242,37073,1,57540,1.00652766164
298531,298751,334402,220,35651,1,57540,1.0061709349
298531,298756,336545,225,37789,1,57540,1.00595411363
298531,298768,337265,237,38497,1,57540,1.00615632387
298532,298784,335480,252,36696,1,57540,1.00686723349
298532,298800,338715,268,39915,1,57540,1.00671426782
298532,298779,335984,247,37205,1,57540,1.00663889262
298532,298795,338061,263,39266,1,57540,1.00669790659
298532,298790,335855,258,37065,1,57540,1.00696074464
298533,298806,334966,273,36160,1,57540,1.00754977876
298533,298822,340246,289,41424,1,57540,1.0069766319
298533,298817,337710,284,38893,1,57540,1.00730208521
298533,298811,335185,278,36374,1,57540,1.0076428218
298533,298827,334606,294,35779,1,57540,1.0082171106
298534,298849,337815,315,38966,1,57540,1.00808397064
298534,298854,340384,320,41530,1,57540,1.0077052733
298534,298838,334867,304,36029,1,57540,1.00843764745
298534,298844,338505,310,39661,1,57540,1.00781624266
298534,298833,337253,299,38420,1,57540,1.007782405
298535,298871,334873,336,36002,1,57540,1.00933281484
298535,298860,343848,325,44988,1,57540,1.00722414866
298535,298882,337337,347,38455,1,57540,1.009023534
298535,298865,335723,330,36858,1,57540,1.00895328016
298535,298876,336975,341,38099,1,57540,1.00895036615
298536,298904,334126,368,35222,1,57540,1.01044801544
298536,298909,335206,373,36297,1,57540,1.01027633138
298536,298893,334999,357,36106,1,57540,1.00988755332
298536,298898,337241,362,38343,1,57540,1.00944109746
298536,298887,342650,351,43763,1,57540,1.00802047392
298537,300068,335804,1531,35736,1,57540,1.04284195209
298537,298914,336887,377,37973,1,57540,1.00992810681
298537,333937,369490,35400,35553,1,57540,1.99569656569
298538,334138,372146,35600,38008,1,57540,1.93664491686
298559,298922,335005,363,36083,1,57540,1.01006013912
298559,298932,334969,373,36037,1,57540,1.01035047312
298559,298938,338325,379,39387,1,57540,1.00962246426
298559,298927,336722,368,37795,1,57540,1.00973673766
298560,298943,336644,383,37701,1,57540,1.01015888173
298560,298959,344097,399,45138,1,57540,1.00883955869
298560,298949,335756,389,36807,1,57540,1.01056864183
298560,298954,338802,394,39848,1,57540,1.00988757278
298561,298986,337400,425,38414,1,57540,1.0110636747
298561,298980,337815,419,38835,1,57540,1.01078923651
298561,298964,335287,403,36323,1,57540,1.01109489855
298561,298975,337695,414,38720,1,57540,1.01069214876
298561,298970,336842,409,37872,1,57540,1.01079953528
298562,299007,336209,445,37202,1,57540,1.01196172249
298562,298991,344889,429,45898,1,57540,1.0093468125
298562,299002,335014,440,36012,1,57540,1.01221814951
298562,298996,338790,434,39794,1,57540,1.01090616676
298563,299013,335813,450,36800,1,57540,1.01222826087
298563,334357,375304,35794,40947,1,57540,1.87415439471
298563,299029,338343,466,39314,1,57540,1.01185328382
298563,299018,342236,455,43218,1,57540,1.01052802073
298563,299023,339018,460,39995,1,57540,1.01150143768
298564,334522,372041,35958,37519,1,57540,1.9583944135
298564,334414,373082,35850,38668,1,57540,1.92712320265
298564,334618,375211,36054,40593,1,57540,1.8881826916
298564,334378,375544,35814,41166,1,57540,1.86998979741
298565,334807,373112,36242,38305,1,57540,1.9461428012
298565,334880,376405,36315,41525,1,57540,1.87453341361
298565,334735,370384,36170,35649,1,57540,2.0146147157
298565,334660,370918,36095,36258,1,57540,1.9955044404
298566,334888,378773,36322,43885,1,57540,1.82766321066
298566,334979,370738,36413,35759,1,57540,2.01828910204
298566,334987,378059,36421,43072,1,57540,1.84558413819
298566,334898,373490,36332,38592,1,57540,1.94143864013
298566,335011,372113,36445,37102,1,57540,1.98229205973
298567,335222,377762,36655,42540,1,57540,1.86165961448
298567,335019,374459,36452,39440,1,57540,1.92423935091
298567,335126,377489,36559,42363,1,57540,1.86299365012
298567,335028,374368,36461,39340,1,57540,1.92681748856
298568,335259,371635,36691,36376,1,57540,2.00865955575
298568,335492,377303,36924,41811,1,57540,1.88311688312
298568,335300,378143,36732,42843,1,57540,1.85736292977
298568,335229,377564,36661,42335,1,57540,1.86597378056
298569,335825,372533,37256,36708,1,57540,2.01492862591
298569,335739,376171,37170,40432,1,57540,1.91932132964
298569,335705,376471,37136,40766,1,57540,1.91095520777
298569,335816,377063,37247,41247,1,57540,1.90302325018
298570,336104,377036,37534,40932,1,57540,1.91698426659
298570,335858,376555,37288,40697,1,57540,1.91623461189
298570,335867,378008,37297,42141,1,57540,1.88505256164
298570,335996,377570,37426,41574,1,57540,1.90022610285
298571,336764,377741,38193,40977,1,57540,1.93205944798
298571,336557,378008,37986,41451,1,57540,1.91640732431
298571,336719,377123,38148,40404,1,57540,1.94416394416
298571,336855,383733,38284,46878,1,57540,1.81667306626
298571,336657,384663,38086,48006,1,57540,1.79335916344
298572,337266,386262,38694,48996,1,57540,1.78973793779
298572,336987,372689,38415,35702,1,57540,2.07599014061
298572,337254,383013,38682,45759,1,57540,1.84534189995
298572,336900,382576,38328,45676,1,57540,1.83912776951
298573,337331,385641,38758,48310,1,57540,1.80227696129
298573,337350,379898,38777,42548,1,57540,1.91137068722
298573,337278,379616,38705,42338,1,57540,1.91419056167
298573,337407,387729,38834,50322,1,57540,1.7717101864
298574,337415,383286,38841,45871,1,57540,1.84674413028
298574,337497,385539,38923,48042,1,57540,1.81018691978
298574,337722,382950,39148,45228,1,57540,1.86557000088
298574,337707,380928,39133,43221,1,57540,1.90541634853
298574,337743,380420,39169,42677,1,57540,1.91780115753
298575,337842,382218,39267,44376,1,57540,1.88487020011
298575,338037,382569,39462,44532,1,57540,1.88614928591
298575,338046,382857,39471,44811,1,57540,1.88083283122
298575,338054,383211,39479,45157,1,57540,1.87426091193
298576,342661,381804,44085,39143,1,57540,2.12625501367
298576,340395,382020,41819,41625,1,57540,2.00466066066
298576,338072,382746,39496,44674,1,57540,1.88409365627
298576,338226,383265,39650,45039,1,57540,1.88034814272
298577,343878,382230,45301,38352,1,57540,2.1811900292
298577,344901,382608,46324,37707,1,57540,2.22852520752
298577,344109,390714,45532,46605,1,57540,1.97697671924
298577,373123,379208,74546,6085,1,57540,13.2507806081
298578,353852,391599,55274,37747,1,57540,2.46432829099
298578,353846,387594,55268,33748,1,57540,2.63766741733
298578,353857,387039,55279,33182,1,57540,2.66593333735
298578,353868,389505,55290,35637,1,57540,2.55147739709
298578,353862,390993,55284,37131,1,57540,2.48889068433
298579,357469,382887,58890,25418,1,57540,3.31686206625
298579,357464,390228,58885,32764,1,57540,2.79724697839
298579,357474,386697,58895,29223,1,57540,3.01536461007
298579,353873,382374,55294,28501,1,57540,2.94007227817
298580,357490,383673,58910,26183,1,57540,3.24993316274
298580,357480,389904,58900,32424,1,57540,2.8165556378
298580,368207,385512,69627,17305,1,57540,5.0235192141
298580,357485,388014,58905,30529,1,57540,2.92947689083
298581,368225,389049,69644,20824,1,57540,4.34441029581
298581,368218,386370,69637,18152,1,57540,4.83632657558
298581,368213,387696,69632,19483,1,57540,4.57398757891
298581,368230,385275,69649,17045,1,57540,5.08618363156
298582,371813,379889,73231,8076,1,57540,10.0677315503
298582,371824,387246,73242,15422,1,57540,5.74918946959
298582,368235,396263,69653,28028,1,57540,3.48512202084
298582,371818,386316,73236,14498,1,57540,6.05145537315
298583,373094,388536,74511,15442,1,57540,5.82521694081
298583,373099,385152,74516,12053,1,57540,7.18236123787
298583,373502,374156,74919,654,1,57540,115.555045872
298583,371829,383592,73246,11763,1,57540,7.22681288787
298584,374193,389028,75609,14835,1,57540,6.09666329626
298584,374167,374168,75583,1,1,57540,7558.4
298584,374379,386361,75795,11982,1,57540,7.32573860791
298585,374470,390183,75885,15713,1,57540,5.82944059059
298982,300244,300401,1262,157,8,1800,9.03821656051
299203,336117,336122,36914,5,4,432000,3691.9
299288,301652,301667,2364,15,2,18000,158.6
299343,300061,304211,718,4150,1,36000,1.17301204819
299511,301507,302139,1996,632,16,36000,4.1582278481
299531,300250,301641,719,1391,4,36000,1.51689432063
299778,300055,300056,277,1,1,3600,27.8
299863,300049,300232,186,183,16,1800,2.01639344262
299964,335197,335205,35233,8,32,1800,3524.1
300399,300523,302221,124,1698,1,14400,1.07302709069
300807,300814,300815,7,1,1,3600,1.0
301245,301251,301252,6,1,1,3600,1.0
302306,302312,304543,6,2231,8,8400,1.00268937696
302636,302643,306894,7,4251,1,36000,1.00164667137
302683,302690,306903,7,4213,1,36000,1.00166152385
302764,335730,940535,32966,604805,3,604800,1.05450682451
302776,302783,304146,7,1363,4,36000,1.00513573001
302797,302803,304366,6,1563,4,36000,1.00383877159
302950,304377,305033,1427,656,16,36000,3.17530487805
303161,303663,308056,502,4393,1,36000,1.11427270658
303525,303658,303664,133,6,2,18000,13.9
303750,303756,303764,6,8,2,18000,1.4
303924,340257,368194,36333,27937,13,129600,2.30053334288
305112,305119,310902,7,5783,1,14400,1.00121044441
305427,333079,937930,27652,604851,1,604800,1.04571704436
305795,305802,311465,7,5663,2,36000,1.00123609394
306436,306443,306450,7,7,2,18000,1.4
306805,306811,306814,6,3,2,18000,1.0
307140,307146,307149,6,3,2,18000,1.0
307339,307345,310793,6,3448,2,36000,1.00174013921
308259,308266,312196,7,3930,2,43200,1.00178117048
308267,308273,308278,6,5,2,18000,1.1
308679,308686,308688,7,2,2,18000,1.0
308915,308922,308924,7,2,2,18000,1.0
308967,308974,316262,7,7288,2,43200,1.00096048299
309237,309244,309284,7,40,2,18000,1.175
309276,309283,309908,7,625,16,600,1.0112
309404,336111,634940,26707,298829,16,604800,1.08937218275
309409,338354,637397,28945,299043,16,604800,1.09679210013
309446,353841,646070,44395,292229,16,604800,1.15191852965
310344,310351,319629,7,9278,16,36600,1.00075447295
310389,310395,310408,6,13,2,18000,1.46153846154
310741,310748,310778,7,30,2,18000,1.23333333333
310902,310919,310958,17,39,2,1800,1.4358974359
310902,310914,310937,12,23,2,1800,1.52173913043
310902,310908,310931,6,23,2,1800,1.26086956522
310903,310928,310963,25,35,2,1800,1.71428571429
310903,310938,310977,35,39,2,1800,1.89743589744
310903,310933,310981,30,48,2,1800,1.625
310903,310943,310992,40,49,2,1800,1.81632653061
310904,310959,311030,55,71,2,1800,1.77464788732
310904,310949,311000,45,51,2,1800,1.88235294118
310904,310954,311014,50,60,2,1800,1.83333333333
310904,310964,311037,60,73,2,1800,1.82191780822
310905,310980,311055,75,75,2,1800,2.0
310905,310985,311067,80,82,2,1800,1.9756097561
310905,310970,311032,65,62,2,1800,2.04838709677
310905,310975,311048,70,73,2,1800,1.95890410959
310906,310991,311077,85,86,2,1800,1.98837209302
310906,310996,311078,90,82,2,1800,2.09756097561
310906,311001,311077,95,76,2,1800,2.25
310906,311006,311082,100,76,2,1800,2.31578947368
310906,311012,311077,106,65,2,1800,2.63076923077
311291,311298,329305,7,18007,2,18000,1.00038873771
311300,311306,311314,6,8,1,900,1.4
311379,311385,311387,6,2,1,900,1.0
311811,311818,311942,7,124,2,3600,1.0564516129
312159,312166,313103,7,937,1,900,1.00747065101
312453,312459,312849,6,390,8,1500,1.01538461538
312453,312465,312860,12,395,8,1500,1.03037974684
312454,312470,312860,16,390,8,1500,1.04102564103
312454,312484,312878,30,394,8,1500,1.07614213198
312454,312489,312880,35,391,8,1500,1.0895140665
312454,312479,312875,25,396,8,1500,1.06313131313
312455,312510,312904,55,394,8,1500,1.13959390863
312455,312494,312887,39,393,8,1500,1.09923664122
312455,312500,312892,45,392,8,1500,1.11479591837
312455,312505,312901,50,396,8,1500,1.12626262626
312456,312871,313261,415,390,8,1500,2.0641025641
312456,312862,313253,406,391,8,1500,2.03836317136
312456,312515,312906,59,391,8,1500,1.15089514066
312457,312899,313287,442,388,8,1500,2.13917525773
312457,312894,313287,437,393,8,1500,2.11195928753
312457,312887,313280,430,393,8,1500,2.0941475827
312457,312877,313262,420,385,8,1500,2.09090909091
312458,312911,313296,453,385,8,1500,2.17662337662
312458,312918,313305,460,387,8,1500,2.18863049096
312458,312923,313310,465,387,8,1500,2.2015503876
312458,312906,313297,448,391,8,1500,2.14578005115
312459,313280,313671,821,391,8,1500,3.09974424552
312459,313264,313656,805,392,8,1500,3.05357142857
312459,313275,313667,816,392,8,1500,3.08163265306
312459,312928,313320,469,392,8,1500,2.19642857143
312460,313299,313690,839,391,8,1500,3.14578005115
312460,313292,313684,832,392,8,1500,3.12244897959
312461,313304,313695,843,391,8,1500,3.15601023018
312461,313311,313703,850,392,8,1500,3.16836734694
312461,313316,313707,855,391,8,1500,3.18670076726
312461,313323,313708,862,385,8,1500,3.23896103896
312462,313328,313724,866,396,8,1500,3.18686868687
312462,313335,313726,873,391,8,1500,3.23273657289
312462,313668,314057,1206,389,8,1500,4.10025706941
312462,313680,314075,1218,395,8,1500,4.0835443038
312463,313702,314093,1239,391,8,1500,4.16879795396
312463,313695,314085,1232,390,8,1500,4.15897435897
312463,313687,314076,1224,389,8,1500,4.14652956298
312777,314069,314898,1292,829,8,36000,2.55850422195
312824,314909,315766,2085,857,8,36000,3.43290548425
312856,315779,315781,2923,2,8,36000,292.5
313536,314087,321260,551,7173,2,28800,1.07681583717
314756,314763,318504,7,3741,1,3600,1.00187115744
314909,315793,320070,884,4277,2,21600,1.20668693009
315397,315403,315445,6,42,2,1800,1.14285714286
315397,315408,315451,11,43,2,1800,1.25581395349
315397,315415,315458,18,43,2,1800,1.41860465116
315397,315420,315462,23,42,2,1800,1.54761904762
315397,376483,406571,61086,30088,16,36600,3.03024461579
315398,315426,315470,28,44,2,1800,1.63636363636
315398,315431,315479,33,48,2,1800,1.6875
315398,315436,315482,38,46,2,1800,1.82608695652
315398,315441,315483,43,42,2,1800,2.02380952381
315399,315462,315515,63,53,2,1800,2.18867924528
315399,315457,315502,58,45,2,1800,2.28888888889
315399,315447,315492,48,45,2,1800,2.06666666667
315399,315452,315497,53,45,2,1800,2.17777777778
315400,315478,315537,78,59,2,1800,2.32203389831
315400,315473,315519,73,46,2,1800,2.58695652174
315400,315468,315524,68,56,2,1800,2.21428571429
315400,315483,315526,83,43,2,1800,2.93023255814
315401,315504,315552,103,48,2,1800,3.14583333333
315401,315499,315547,98,48,2,1800,3.04166666667
315401,315489,315536,88,47,2,1800,2.87234042553
315401,315494,315540,93,46,2,1800,3.02173913043
315577,315584,315605,7,21,2,1800,1.33333333333
315577,315589,315610,12,21,2,1800,1.57142857143
315578,315594,315615,16,21,2,1800,1.7619047619
315578,315602,315624,24,22,2,1800,2.09090909091
315578,315613,315634,35,21,2,1800,2.66666666667
315578,315608,315640,30,32,2,1800,1.9375
315578,315618,315649,40,31,2,1800,2.29032258065
315579,315634,315675,55,41,2,1800,2.34146341463
315579,315629,315659,50,30,2,1800,2.66666666667
315579,315623,315665,44,42,2,1800,2.04761904762
315580,315639,315670,59,31,2,1800,2.90322580645
315580,315650,315691,70,41,2,1800,2.70731707317
315580,315644,315685,64,41,2,1800,2.56097560976
315580,315655,315696,75,41,2,1800,2.82926829268
315581,315660,315701,79,41,2,1800,2.92682926829
315581,315665,315706,84,41,2,1800,3.0487804878
315581,315671,315712,90,41,2,1800,3.19512195122
315581,315681,315714,100,33,2,1800,4.0303030303
315581,315676,315717,95,41,2,1800,3.31707317073
315582,315686,315719,104,33,2,1800,4.15151515152
315643,315798,321481,155,5683,2,25200,1.02727432694
316037,316044,322666,7,6622,2,25200,1.00105708245
316394,316401,316515,7,114,2,3600,1.06140350877
316655,316661,322642,6,5981,2,28800,1.00100317673
316854,316861,323978,7,7117,1,14400,1.00098356049
316911,316918,317252,7,334,8,1500,1.02095808383
316911,316923,317254,12,331,8,1500,1.03625377644
316912,316942,317274,30,332,8,1500,1.09036144578
316912,316928,317264,16,336,8,1500,1.04761904762
316912,316936,317269,24,333,8,1500,1.07207207207
316912,316947,317282,35,335,8,1500,1.10447761194
316913,316952,317285,39,333,8,1500,1.11711711712
316913,316968,317303,55,335,8,1500,1.16417910448
316913,316957,317288,44,331,8,1500,1.1329305136
316913,316963,317289,50,326,8,1500,1.15337423313
316914,317279,317611,365,332,8,1500,2.09939759036
316914,317272,317603,358,331,8,1500,2.08157099698
316914,317265,317598,351,333,8,1500,2.05405405405
316915,317312,317642,397,330,8,1500,2.20303030303
316915,317304,317636,389,332,8,1500,2.17168674699
316915,317299,317631,384,332,8,1500,2.15662650602
316915,317291,317627,376,336,8,1500,2.11904761905
316915,317286,317617,371,331,8,1500,2.12084592145
316916,317325,317657,409,332,8,1500,2.23192771084
316916,317611,317943,695,332,8,1500,3.09337349398
316916,317618,317953,702,335,8,1500,3.09552238806
316916,317317,317649,401,332,8,1500,2.2078313253
316917,317639,317967,722,328,8,1500,3.2012195122
316917,317646,317980,729,334,8,1500,3.18263473054
316917,317632,317966,715,334,8,1500,3.14071856287
316917,317625,317958,708,333,8,1500,3.12612612613
316918,317667,318000,749,333,8,1500,3.24924924925
316918,317660,317991,742,331,8,1500,3.2416918429
316918,317653,317985,735,332,8,1500,3.21385542169
316919,317972,318301,1053,329,8,1500,4.20060790274
316919,317965,318299,1046,334,8,1500,4.13173652695
316919,317956,318295,1037,339,8,1500,4.05899705015
316919,317674,318005,755,331,8,1500,3.28096676737
316920,317993,318325,1073,332,8,1500,4.23192771084
316920,317979,318316,1059,337,8,1500,4.14243323442
316920,317984,318314,1064,330,8,1500,4.22424242424
316920,318000,318334,1080,334,8,1500,4.23353293413
316921,318014,318346,1093,332,8,1500,4.2921686747
316921,318021,318355,1100,334,8,1500,4.29341317365
316921,318007,318337,1086,330,8,1500,4.29090909091
316921,318307,318638,1386,331,8,1500,5.18731117825
316922,318314,318649,1392,335,8,1500,5.1552238806
316942,318319,320659,1377,2340,5,3600,1.58846153846
316943,318337,320557,1394,2220,5,3600,1.62792792793
316944,318342,320750,1398,2408,5,3600,1.58056478405
316945,318347,320613,1402,2266,5,3600,1.6187113857
316946,318371,320738,1425,2367,5,3600,1.6020278834
316946,318353,320637,1407,2284,5,3600,1.61602451839
316947,318376,320641,1429,2265,5,3600,1.63090507726
316948,318382,320779,1434,2397,5,3600,1.59824780976
316949,318387,320694,1438,2307,5,3600,1.62332032943
316950,318392,320684,1442,2292,5,3600,1.62914485166
316951,318397,320658,1446,2261,5,3600,1.63954002654
316951,318558,320786,1607,2228,5,3600,1.72127468582
316952,318650,321078,1698,2428,5,3600,1.69934102142
316953,318661,320953,1708,2292,5,3600,1.74520069808
316954,318666,320937,1712,2271,5,3600,1.75385292823
316955,318678,320851,1723,2173,5,3600,1.79291302347
316955,319640,321939,2685,2299,5,3600,2.16789908656
316956,319646,321888,2690,2242,5,3600,2.19982158787
316957,319651,321970,2694,2319,5,3600,2.1617076326
316958,320569,322829,3611,2260,5,3600,2.59778761062
316958,320082,322471,3124,2389,5,3600,2.30766010883
316960,320625,322886,3665,2261,5,3600,2.62096417514
316960,320649,322927,3689,2278,5,3600,2.61940298507
316961,320656,323002,3695,2346,5,3600,2.57502131287
316962,320670,322828,3708,2158,5,3600,2.71825764597
316963,320677,322903,3714,2226,5,3600,2.66846361186
316964,320697,322920,3733,2223,5,3600,2.67926225821
316965,320706,322942,3741,2236,5,3600,2.67307692308
316966,320750,323022,3784,2272,5,3600,2.66549295775
316966,320762,322920,3796,2158,5,3600,2.75903614458
316967,320791,323070,3824,2279,5,3600,2.67792891619
316968,320799,323176,3831,2377,5,3600,2.61169541439
316969,320863,323134,3894,2271,5,3600,2.71466314399
316970,320949,323305,3979,2356,5,3600,2.68887945671
316971,320966,323219,3995,2253,5,3600,2.77319130049
316972,321090,323404,4118,2314,5,3600,2.77960242005
316973,321900,324150,4927,2250,5,3600,3.18977777778
316974,321951,324240,4977,2289,5,3600,3.17431192661
317006,322483,324299,5477,1816,5,3600,4.015969163
317006,321982,323713,4976,1731,5,3600,3.87463893703
317008,322847,324536,5839,1689,5,3600,4.45707519242
317008,322840,324575,5832,1735,5,3600,4.3613832853
317009,322899,324558,5890,1659,5,3600,4.55033152502
317010,322915,324655,5905,1740,5,3600,4.39367816092
317011,322940,324634,5929,1694,5,3600,4.5
317012,322954,324683,5942,1729,5,3600,4.43666859456
317013,323015,324677,6002,1662,5,3600,4.61131167268
317014,323035,324782,6021,1747,5,3600,4.44647967945
317015,323082,324817,6067,1735,5,3600,4.49682997118
317015,323146,324856,6131,1710,5,3600,4.58538011696
317016,323188,324919,6172,1731,5,3600,4.56556903524
317017,323231,324982,6214,1751,5,3600,4.54882924043
317018,323318,325071,6300,1753,5,3600,4.59383913292
317019,323418,325167,6399,1749,5,3600,4.65866209262
317020,323725,325366,6705,1641,5,3600,5.08592321755
317021,324252,325973,7231,1721,5,3600,5.20162696107
317022,324312,326018,7290,1706,5,3600,5.27315357562
317022,324548,326267,7526,1719,5,3600,5.37812681792
317024,324587,326215,7563,1628,5,3600,5.64557739558
317024,324571,326152,7547,1581,5,3600,5.77356103732
317025,324646,326415,7621,1769,5,3600,5.30808366309
317026,324667,326355,7641,1688,5,3600,5.52665876777
317027,324689,326238,7662,1549,5,3600,5.94641704325
317028,324696,326323,7668,1627,5,3600,5.71296865396
317029,324794,326451,7765,1657,5,3600,5.68617984309
317030,324829,326436,7799,1607,5,3600,5.85314250156
317031,324868,326562,7837,1694,5,3600,5.62632821724
317031,324931,326692,7900,1761,5,3600,5.48608745031
317032,324994,326664,7962,1670,5,3600,5.76766467066
317033,325083,326856,8050,1773,5,3600,5.54032712916
317034,325179,326967,8145,1788,5,3600,5.55536912752
317035,325378,327104,8343,1726,5,3600,5.83371958285
317036,326030,327753,8994,1723,5,3600,6.21996517702
317036,325985,327779,8949,1794,5,3600,5.98829431438
317037,326164,327850,9127,1686,5,3600,6.41340450771
317038,326227,327935,9189,1708,5,3600,6.3799765808
317039,326250,328092,9211,1842,5,3600,6.00054288817
317040,326280,328016,9240,1736,5,3600,6.32258064516
317041,326335,328066,9294,1731,5,3600,6.3691507799
317042,326373,328140,9331,1767,5,3600,6.28070175439
317383,321272,323399,3889,2127,2,21600,2.82839680301
318110,318330,318381,220,51,2,1800,5.3137254902
318110,318325,318377,215,52,2,1800,5.13461538462
318111,318364,318415,253,51,2,1800,5.96078431373
318111,318358,318421,247,63,2,1800,4.92063492063
318111,318403,318455,292,52,2,1800,6.61538461538
318111,318410,318471,299,61,2,1800,5.90163934426
318112,318415,318466,303,51,2,1800,6.94117647059
318112,318434,318485,322,51,2,1800,7.3137254902
318112,318467,318518,355,51,2,1800,7.96078431373
318112,318427,318477,315,50,2,1800,7.3
318112,318478,318539,366,61,2,1800,7.0
318113,318530,318591,417,61,2,1800,7.83606557377
318113,318499,318560,386,61,2,1800,7.32786885246
318113,318484,318545,371,61,2,1800,7.08196721311
318113,318492,318543,379,51,2,1800,8.43137254902
318114,318603,318654,489,51,2,1800,10.5882352941
318114,318551,318603,437,52,2,1800,9.40384615385
318114,318615,318666,501,51,2,1800,10.8235294118
318114,318572,318623,458,51,2,1800,9.98039215686
318115,318636,318697,521,61,2,1800,9.54098360656
318515,318522,318523,7,1,1,1200,1.0
318728,318831,318853,103,22,2,1800,5.68181818182
318728,318734,318755,6,21,2,1800,1.28571428571
318728,318799,318820,71,21,2,1800,4.38095238095
318728,318767,318787,39,20,2,1800,2.95
318729,318965,318986,236,21,2,1800,12.2380952381
318729,318865,318886,136,21,2,1800,7.47619047619
318729,318898,318920,169,22,2,1800,8.68181818182
318729,318932,318953,203,21,2,1800,10.6666666667
318730,319130,319153,400,23,2,1800,18.3913043478
318730,319096,319118,366,22,2,1800,17.6363636364
318730,319031,319052,301,21,2,1800,15.3333333333
318730,319063,319084,333,21,2,1800,16.8571428571
318730,318998,319019,268,21,2,1800,13.7619047619
318731,319198,319219,467,21,2,1800,23.2380952381
318731,319231,319252,500,21,2,1800,24.8095238095
318731,319264,319285,533,21,2,1800,26.380952381
318731,319165,319186,434,21,2,1800,21.6666666667
318732,319297,319318,565,21,2,1800,27.9047619048
318732,319331,319352,599,21,2,1800,29.5238095238
318732,319364,319385,632,21,2,1800,31.0952380952
318792,319656,319658,864,2,1,1200,86.6
318882,321492,336433,2610,14941,2,21600,1.1746871026
319531,322654,328626,3123,5972,2,21600,1.52294038848
319977,319984,320039,7,55,2,3600,1.12727272727
320317,322932,323648,2615,716,8,1500,4.65223463687
320317,323661,324382,3344,721,8,1500,5.63800277393
320318,324162,324889,3844,727,8,1500,6.28748280605
320318,325128,325843,4810,715,8,1500,7.72727272727
320318,324901,325624,4583,723,8,1500,7.33886583679
320318,324394,325116,4076,722,8,1500,6.64542936288
320319,326366,327084,6047,718,8,1500,9.42200557103
320319,325636,326353,5317,717,8,1500,8.41562064156
320319,325855,326570,5536,715,8,1500,8.74265734266
320319,326583,327308,6264,725,8,1500,9.64
320320,327096,327820,6776,724,8,1500,10.3591160221
320320,327320,328045,7000,725,8,1500,10.6551724138
320320,327832,328542,7512,710,8,1500,11.5802816901
320320,328057,328771,7737,714,8,1500,11.8361344538
320321,328555,329267,8234,712,8,1500,12.5646067416
320321,328783,329495,8462,712,8,1500,12.8848314607
320321,329508,330220,9187,712,8,1500,13.9030898876
320321,329279,329997,8958,718,8,1500,13.4763231198
320322,330232,330952,9910,720,8,1500,14.7638888889
320322,330009,330725,9687,716,8,1500,14.5293296089
320322,329515,330227,9193,712,8,1500,13.9115168539
320322,330213,330929,9891,716,8,1500,14.8142458101
320323,330736,331451,10413,715,8,1500,15.5636363636
320323,330239,330963,9916,724,8,1500,14.6961325967
320339,326428,329498,6089,3070,5,3600,2.98338762215
320340,326448,329523,6108,3075,5,3600,2.98634146341
320341,326463,329718,6122,3255,5,3600,2.88079877112
320341,326575,329637,6234,3062,5,3600,3.03592423253
320342,326677,329640,6335,2963,5,3600,3.13803577455
320343,326704,329818,6361,3114,5,3600,3.0427103404
320344,326868,330113,6524,3245,5,3600,3.01047765794
320345,326979,330105,6634,3126,5,3600,3.12220089571
320346,327116,330200,6770,3084,5,3600,3.19520103761
320347,327765,331006,7418,3241,5,3600,3.28879975316
320348,327791,330905,7443,3114,5,3600,3.3901734104
320349,327862,330946,7513,3084,5,3600,3.43612191958
320350,327947,331223,7597,3276,5,3600,3.31898656899
320351,328028,331068,7677,3040,5,3600,3.52532894737
320352,328078,331154,7726,3076,5,3600,3.51170351105
320353,328153,331151,7800,2998,5,3600,3.60173448966
320353,328104,331352,7751,3248,5,3600,3.38639162562
320354,328940,332164,8586,3224,5,3600,3.66315136476
320355,329535,332710,9180,3175,5,3600,3.89133858268
320356,329649,332707,9293,3058,5,3600,4.03891432309
320357,329656,332875,9299,3219,5,3600,3.88878533706
320358,329731,332893,9373,3162,5,3600,3.9642631246
320359,329830,332784,9471,2954,5,3600,4.20616113744
320360,330117,333278,9757,3161,5,3600,4.08668142993
320502,322678,326795,2176,4117,2,21600,1.52854019917
321071,335216,353828,14145,18612,32,18600,1.75999355255
321198,323411,327353,2213,3942,2,21600,1.56139015728
321799,326807,328928,5008,2121,2,28800,3.36115040075
322010,375315,384079,53305,8764,2,43200,7.08226837061
322131,323994,324003,1863,9,1,1200,187.2
322165,383025,388424,60860,5399,2,43200,12.2724578626
322195,330917,332732,8722,1815,4,1800,5.80550964187
322312,383744,389564,61432,5820,2,43200,11.5553264605
322489,384090,393665,61601,9575,2,43200,7.43352480418
322624,385163,390669,62539,5506,2,43200,12.3583363603
322756,383604,387856,60848,4252,2,43200,15.3104421449
322866,383609,387994,60743,4385,2,43200,14.8524515393
323034,385523,387854,62489,2331,2,43200,27.8078078078
323152,353878,354970,30726,1092,2,28800,29.1373626374
323245,353884,354571,30639,687,2,28800,45.5982532751
323356,353889,355168,30533,1279,2,28800,24.8725566849
323517,353894,355753,30377,1859,2,28800,17.3405056482
323600,353899,355721,30299,1822,2,28800,17.6295279912
331292,386455,446132,55163,59677,2,172800,1.92435946847
331455,336133,503396,4678,167263,4,345600,1.02796793074
331564,388435,484268,56871,95833,4,345600,1.59343858587
331648,390726,399418,59078,8692,4,432000,7.79682466636
331764,393676,409670,61912,15994,4,172800,4.87095160685
331836,396003,828047,64167,432044,4,432000,1.14851959523
331904,396009,490480,64105,94471,4,345600,1.67856802617
332028,396014,741650,63986,345636,4,345600,1.18512539203
332326,332333,332344,7,11,2,3540,1.63636363636
333217,389040,821052,55823,432012,2,432000,1.12921631807
333636,396019,680408,62383,284389,4,345600,1.21935799205
333670,396024,537560,62354,141536,4,345600,1.440552227
334840,399830,745447,64990,345617,2,345600,1.18804051884
338775,396030,400790,57255,4760,4,432000,13.0283613445
338795,396035,399818,57240,3783,4,432000,16.1308485329
338808,396040,399971,57232,3931,4,432000,15.5591452557
338940,399429,831439,60489,432010,4,432000,1.14001759219
338983,343860,343866,4877,6,1,22800,488.3
338985,386630,732260,47645,345630,8,345600,1.13784972369
339045,387865,647097,48820,259232,8,259200,1.18832551537
339096,390195,439721,51099,49526,8,259200,2.03176109518
339893,339900,339901,7,1,1,3600,1.0
340701,342247,601493,1546,259246,1,259200,1.00596344784
354531,354583,354755,52,172,1,3600,1.3023255814
354923,354929,355279,6,350,1,3600,1.01714285714
355209,355216,368614,7,13398,4,14400,1.00052246604
355648,355655,356503,7,848,1,3600,1.00825471698
357340,357347,357454,7,107,1,3600,1.06542056075
357634,368241,368571,10607,330,1,3600,33.1424242424
358505,368246,368413,9741,167,1,3600,59.3293413174
361796,368251,368369,6455,118,1,1800,55.7033898305
365878,368256,368367,2378,111,1,1800,22.4234234234
368579,368585,368940,6,355,1,3600,1.01690140845
368671,368678,368786,7,108,1,1800,1.06481481481
368688,368695,368805,7,110,1,1800,1.06363636364
369015,369022,369627,7,605,1,3600,1.01157024793
369263,369270,370040,7,770,1,3600,1.00909090909
369427,369433,369964,6,531,1,1800,1.01129943503
369485,369492,370092,7,600,1,1800,1.01166666667
370713,425375,461266,54662,35891,13,86400,2.52300019503
370889,370895,375742,6,4847,4,14400,1.0012378791
371047,371053,371106,6,53,1,1800,1.11320754717
371172,371179,371294,7,115,1,3600,1.06086956522
371415,371422,371506,7,84,1,1800,1.08333333333
371470,371477,371803,7,326,1,3600,1.02147239264
371766,371772,371826,6,54,1,1800,1.11111111111
372072,372079,386620,7,14541,4,14400,1.00048139743
372137,372144,372221,7,77,1,1800,1.09090909091
372243,372249,372847,6,598,1,3600,1.01003344482
372399,372405,372699,6,294,1,1800,1.02040816327
373216,373223,373517,7,294,1,1800,1.02380952381
376355,388006,400573,11651,12567,1,22800,1.92711068672
376419,406583,1011427,30164,604844,16,604800,1.04987071046
377027,382898,385537,5871,2639,32,18600,3.22470632815
378842,399835,407161,20993,7326,2,43200,3.86554736555
379783,399983,407482,20200,7499,2,28800,3.69369249233
379847,462184,812927,82337,350743,4,360000,1.23475023023
382826,399990,404319,17164,4329,2,28800,4.96488796489
383105,400802,406152,17697,5350,2,28800,4.30785046729
383751,400926,407270,17175,6344,2,36000,3.70728247163
384374,404330,407855,19956,3525,2,36000,6.66127659574
385209,407282,412588,22073,5306,2,43200,5.16000753864
385779,386449,395992,670,9543,32,18600,1.07020852981
386883,448278,448356,61395,78,4,36000,788.115384615
388220,407287,413508,19067,6221,2,28800,4.06494132776
388572,407494,413059,18922,5565,2,28800,4.40017969452
388947,409681,413891,20734,4210,2,28800,5.92494061758
389306,416703,419888,27397,3185,8,43200,9.60188383046
394009,396274,396451,2265,177,1,3600,13.7966101695
396261,420325,420480,24064,155,1,28800,156.251612903
396576,407867,420374,11291,12507,2,21600,1.90277444631
396637,396643,396998,6,355,1,3600,1.01690140845
396983,409687,410102,12704,415,2,21600,31.6120481928
397372,397378,398234,6,856,1,3600,1.00700934579
397907,410113,410515,12206,402,2,21600,31.3631840796
398487,410527,415614,12040,5087,2,28800,3.36681737763
399121,399131,399245,10,114,1,3600,1.08771929825
399435,399441,399768,6,327,1,3600,1.01834862385
400170,413903,416569,13733,2666,1,22800,6.1511627907
400279,400285,400920,6,635,1,3600,1.0094488189
402961,413076,414452,10115,1376,2,21600,8.35101744186
403103,403110,403431,7,321,1,300,1.02180685358
403469,409896,411634,6427,1738,1,36000,4.69792865362
403951,403957,403959,6,2,1,60,1.0
404036,407137,415418,3101,8281,1,14400,1.37447168216
404267,462178,472824,57911,10646,16,18600,6.43969566034
404611,404617,405234,6,617,1,600,1.00972447326
404698,413081,414437,8383,1356,2,21600,7.18215339233
405230,405236,664440,6,259204,1,259200,1.00002314779
405483,405488,406556,5,1068,1,1200,1.00468164794
405508,406163,665389,655,259226,1,259200,1.00252675272
405926,413521,417629,7595,4108,2,28800,2.8488315482
405974,406168,409886,194,3718,1,3600,1.05217859064
406492,416708,420221,10216,3513,2,28800,3.90805579277
407180,417641,422090,10461,4449,2,28800,3.35131490223
407320,412600,413064,5280,464,1,600,12.3793103448
408007,419063,423463,11056,4400,2,43200,3.51272727273
408657,421275,429955,12618,8680,1,86400,2.45368663594
408948,421280,429957,12332,8677,1,86400,2.42122853521
409269,420320,425364,11051,5044,2,28800,3.19091990484
411159,411645,415380,486,3735,1,3600,1.13012048193
414746,477668,479043,62922,1375,8,86400,46.7614545455
417476,472835,476923,55359,4088,16,8400,14.5418297456
418126,419905,435087,1779,15182,1,22800,1.11717823739
418537,419899,420307,1362,408,2,3540,4.33823529412
423224,423231,424924,7,1693,1,36000,1.00413467218
430159,430165,469134,6,38969,1,86400,1.00015396854
430161,446144,469135,15983,22991,1,86400,1.69518507242
432419,439733,439766,7314,33,8,10800,222.636363636
434823,537571,567904,102748,30333,16,64800,4.38733392675
440279,440285,440286,6,1,2,3540,1.0
440934,440941,441090,7,149,1,3600,1.04697986577
441273,441279,441611,6,332,1,3600,1.01807228916
441962,441968,442816,6,848,1,3600,1.0070754717
443661,443668,443774,7,106,1,3600,1.06603773585
443950,443956,444265,6,309,1,3600,1.01941747573
444744,444751,445344,7,593,1,3600,1.01180438449
444897,444904,445073,7,169,1,3600,1.04142011834
445250,445257,445607,7,350,1,3600,1.02
445977,445983,446819,6,836,1,3600,1.00717703349
448067,448073,448183,6,110,1,3600,1.05454545455
448206,448212,448326,6,114,1,1800,1.05263157895
448285,448293,462806,8,14513,4,14400,1.00055122993
448370,448376,448693,6,317,1,3600,1.01892744479
448635,448641,448756,6,115,1,1800,1.05217391304
449178,449184,449797,6,613,1,3600,1.00978792822
449422,449428,450000,6,572,1,1800,1.01048951049
451296,451302,451352,6,50,1,1800,1.12
451672,451678,451750,6,72,1,1800,1.08333333333
452295,452301,452416,6,115,1,1800,1.05217391304
452733,452739,453033,6,294,1,1800,1.02040816327
452734,452745,452856,11,111,1,1800,1.0990990991
453567,453573,454163,6,590,1,1800,1.01016949153
456084,456090,456134,6,44,1,1800,1.13636363636
456465,456471,456539,6,68,1,1800,1.08823529412
457564,457570,457844,6,274,1,1800,1.02189781022
462415,474205,485183,11790,10978,2,36000,2.07396611405
462763,462816,463985,53,1169,1,3600,1.04533789564
463476,483768,496685,20292,12917,2,36000,2.57095300766
464252,464258,465300,6,1042,1,3600,1.00575815739
464392,464399,467180,7,2781,1,3600,1.00251708019
465296,567915,594376,102619,26461,13,86400,4.87812251993
465889,465895,465948,6,53,1,3600,1.11320754717
465984,465990,467052,6,1062,1,3600,1.00564971751
466857,483773,488157,16916,4384,2,28800,4.85857664234
467071,467077,467654,6,577,1,3600,1.01039861352
467125,467131,467655,6,524,1,3600,1.01145038168
467227,467234,467652,7,418,2,3600,1.01674641148
467460,483810,496805,16350,12995,2,21600,2.25817622162
467721,467728,468847,7,1119,4,3600,1.00625558534
467733,484162,495841,16429,11679,2,21600,2.4067129035
467925,468869,472474,944,3605,1,3600,1.26185852982
467965,468864,472441,899,3577,1,3600,1.25132792843
467966,467972,468025,6,53,2,1800,1.11320754717
467967,467978,468029,11,51,2,1800,1.21568627451
467967,467983,468035,16,52,2,1800,1.30769230769
467967,467990,468042,23,52,2,1800,1.44230769231
467967,467995,468057,28,62,2,1800,1.45161290323
467968,468005,468060,37,55,2,1800,1.67272727273
467968,468000,468063,32,63,2,1800,1.50793650794
467968,468011,468075,43,64,2,1800,1.671875
467968,468016,468081,48,65,2,1800,1.73846153846
467969,468021,468087,52,66,2,1800,1.78787878788
467969,468026,468092,57,66,2,1800,1.86363636364
467969,468037,468103,68,66,2,1800,2.0303030303
467969,468032,468100,63,68,2,1800,1.92647058824
467970,468063,468129,93,66,2,1800,2.40909090909
467970,468042,468099,72,57,2,1800,2.26315789474
467970,468048,468115,78,67,2,1800,2.16417910448
467970,468058,468116,88,58,2,1800,2.51724137931
467970,468053,468118,83,65,2,1800,2.27692307692
467971,468068,468126,97,58,2,1800,2.6724137931
467971,468074,468129,103,55,2,1800,2.87272727273
468001,468859,471035,858,2176,2,3600,1.39430147059
468667,468678,468699,11,21,2,1800,1.52380952381
468667,468673,468694,6,21,2,1800,1.28571428571
468668,468684,468705,16,21,2,1800,1.7619047619
468668,468690,468721,22,31,2,1800,1.70967741935
468668,468695,468727,27,32,2,1800,1.84375
468668,468701,468742,33,41,2,1800,1.80487804878
468669,468706,468747,37,41,2,1800,1.90243902439
468669,468711,468752,42,41,2,1800,2.0243902439
468669,468716,468757,47,41,2,1800,2.14634146341
468669,468722,468763,53,41,2,1800,2.29268292683
468670,468727,468788,57,61,2,1800,1.93442622951
468670,468737,468799,67,62,2,1800,2.08064516129
468670,468743,468804,73,61,2,1800,2.19672131148
468670,468732,468793,62,61,2,1800,2.01639344262
468670,468748,468809,78,61,2,1800,2.27868852459
468671,468753,468808,82,55,2,1800,2.49090909091
468671,468769,468820,98,51,2,1800,2.92156862745
468671,468758,468809,87,51,2,1800,2.70588235294
468671,468764,468814,93,50,2,1800,2.86
468672,468774,468815,102,41,2,1800,3.48780487805
469205,472635,559071,3430,86436,1,86400,1.03968253968
469207,538990,552837,69783,13847,1,86400,6.03957535928
469473,469479,469549,6,70,2,3600,1.08571428571
470387,470393,471046,6,653,1,3600,1.00918836141
470411,470417,471046,6,629,1,3600,1.00953895072
471065,471077,471502,12,425,1,3600,1.02823529412
471074,471083,471502,9,419,1,3600,1.0214797136
471518,471524,473586,6,2062,1,3600,1.00290979631
471527,471533,473560,6,2027,1,3600,1.00296003947
471652,483778,499055,12126,15277,1,22800,1.79374222688
472507,484167,484890,11660,723,2,21600,17.1272475795
472950,484279,485196,11329,917,2,21600,13.3544165758
472986,472992,473051,6,59,2,3600,1.10169491525
473566,473573,474193,7,620,2,600,1.01129032258
473664,473739,476741,75,3002,1,3600,1.02498334444
473794,473805,473851,11,46,2,1800,1.23913043478
473794,473810,473853,16,43,2,1800,1.37209302326
473794,473800,473841,6,41,2,1800,1.14634146341
473795,473817,473859,22,42,2,1800,1.52380952381
473795,473823,473874,28,51,2,1800,1.54901960784
473795,473833,473886,38,53,2,1800,1.71698113208
473795,473828,473890,33,62,2,1800,1.53225806452
473796,473838,473902,42,64,2,1800,1.65625
473796,473844,473908,48,64,2,1800,1.75
473796,473849,473922,53,73,2,1800,1.72602739726
473796,473854,473927,58,73,2,1800,1.79452054795
473797,473859,473923,62,64,2,1800,1.96875
473797,473870,473934,73,64,2,1800,2.140625
473797,473865,473938,68,73,2,1800,1.93150684932
473797,473875,473939,78,64,2,1800,2.21875
473798,473880,473944,82,64,2,1800,2.28125
473798,473891,473945,93,54,2,1800,2.72222222222
473798,473896,473951,98,55,2,1800,2.78181818182
473798,473886,473950,88,64,2,1800,2.375
473799,473901,473955,102,54,2,1800,2.88888888889
474070,474076,474097,6,21,2,1800,1.28571428571
474070,474081,474103,11,22,2,1800,1.5
474070,474086,474109,16,23,2,1800,1.69565217391
474070,474093,474114,23,21,2,1800,2.09523809524
474071,474098,474130,27,32,2,1800,1.84375
474071,474103,474124,32,21,2,1800,2.52380952381
474071,474108,474139,37,31,2,1800,2.1935483871
474071,474114,474135,43,21,2,1800,3.04761904762
474072,474124,474155,52,31,2,1800,2.67741935484
474072,474119,474140,47,21,2,1800,3.2380952381
474072,474134,474167,62,33,2,1800,2.87878787879
474072,474129,474161,57,32,2,1800,2.78125
474073,474140,474172,67,32,2,1800,3.09375
474073,474150,474182,77,32,2,1800,3.40625
474073,474145,474188,72,43,2,1800,2.67441860465
474073,474155,474186,82,31,2,1800,3.64516129032
474074,474176,474209,102,33,2,1800,4.09090909091
474074,474161,474192,87,31,2,1800,3.8064516129
474074,474166,474199,92,33,2,1800,3.78787878788
474074,474171,474205,97,34,2,1800,3.85294117647
474974,474981,475014,7,33,2,3600,1.21212121212
475357,475373,475415,16,42,2,1800,1.38095238095
475357,475379,475421,22,42,2,1800,1.52380952381
475357,475368,475410,11,42,2,1800,1.2619047619
475357,475363,475404,6,41,2,1800,1.14634146341
475358,475390,475432,32,42,2,1800,1.7619047619
475358,475385,475426,27,41,2,1800,1.65853658537
475358,475395,475437,37,42,2,1800,1.88095238095
475359,475406,475447,47,41,2,1800,2.14634146341
475359,475411,475453,52,42,2,1800,2.2380952381
475359,475416,475459,57,43,2,1800,2.32558139535
475359,475400,475442,41,42,2,1800,1.97619047619
475360,475421,475463,61,42,2,1800,2.45238095238
475360,475427,475469,67,42,2,1800,2.59523809524
475360,475432,475474,72,42,2,1800,2.71428571429
475360,475437,475479,77,42,2,1800,2.83333333333
475360,475442,475484,82,42,2,1800,2.95238095238
475361,475463,475506,102,43,2,1800,3.37209302326
475361,475458,475502,97,44,2,1800,3.20454545455
475361,475448,475489,87,41,2,1800,3.12195121951
475361,475453,475495,92,42,2,1800,3.19047619048
475387,475487,475853,100,366,8,1500,1.27322404372
475387,475477,475840,90,363,8,1500,1.2479338843
475387,475471,475838,84,367,8,1500,1.22888283379
475387,475482,475844,95,362,8,1500,1.26243093923
475388,475498,475865,110,367,8,1500,1.29972752044
475388,475492,475857,104,365,8,1500,1.28493150685
475388,475503,475868,115,365,8,1500,1.31506849315
475389,475858,476220,469,362,8,1500,2.2955801105
475389,475515,475878,126,363,8,1500,1.34710743802
475389,475520,475887,131,367,8,1500,1.35694822888
475389,475851,476214,462,363,8,1500,2.27272727273
475390,475869,476236,479,367,8,1500,2.30517711172
475390,475863,476227,473,364,8,1500,2.29945054945
475390,475875,476240,485,365,8,1500,2.32876712329
475391,475901,476265,510,364,8,1500,2.4010989011
475391,475894,476257,503,363,8,1500,2.38567493113
475391,475882,476249,491,367,8,1500,2.3378746594
475391,475887,476247,496,360,8,1500,2.37777777778
475392,476226,476589,834,363,8,1500,3.29752066116
475392,476233,476599,841,366,8,1500,3.29781420765
475392,476239,476609,847,370,8,1500,3.28918918919
475410,476753,478976,1343,2223,5,3600,1.60413855151
475410,475508,477713,98,2205,5,3600,1.04444444444
475411,477733,480047,2322,2314,5,3600,2.00345721694
475411,477728,479914,2317,2186,5,3600,2.05992680695
475412,477745,480112,2333,2367,5,3600,1.98563582594
475412,477750,480014,2338,2264,5,3600,2.03268551237
475412,477739,479912,2327,2173,5,3600,2.0708697653
475413,478076,480307,2663,2231,5,3600,2.19363514119
475413,478071,480294,2658,2223,5,3600,2.19568151147
475414,478088,480373,2674,2285,5,3600,2.17024070022
475414,478083,480274,2669,2191,5,3600,2.21816522136
475415,478431,480697,3016,2266,5,3600,2.33097969991
475415,478408,480733,2993,2325,5,3600,2.28731182796
475415,478415,480602,3000,2187,5,3600,2.37174211248
475416,478443,480699,3027,2256,5,3600,2.34175531915
475416,478437,480725,3021,2288,5,3600,2.32036713287
475417,478448,480697,3031,2249,5,3600,2.34771009337
475418,478455,480782,3037,2327,5,3600,2.30511388053
475418,478460,480803,3042,2343,5,3600,2.29833546735
475418,478987,481221,3569,2234,5,3600,2.5975828111
475419,479923,482077,4504,2154,5,3600,3.09099350046
475442,476248,476968,806,720,8,1500,2.11944444444
475443,476267,476982,824,715,8,1500,2.15244755245
475443,476254,476973,811,719,8,1500,2.12795549374
475443,476262,476975,819,713,8,1500,2.14866760168
475444,476274,476987,830,713,8,1500,2.16409537167
475444,476281,477001,837,720,8,1500,2.1625
475444,476601,477319,1157,718,8,1500,2.61142061281
475445,476941,477664,1496,723,8,1500,3.06915629322
475445,476936,477657,1491,721,8,1500,3.06796116505
475445,476612,477331,1167,719,8,1500,2.6230876217
475445,476621,477337,1176,716,8,1500,2.64245810056
475446,476992,477706,1546,714,8,1500,3.16526610644
475446,476986,477703,1540,717,8,1500,3.14783821478
475446,476979,477693,1533,714,8,1500,3.14705882353
475447,477343,478059,1896,716,8,1500,3.64804469274
475447,477012,477727,1565,715,8,1500,3.18881118881
475447,477003,477725,1556,722,8,1500,3.15512465374
475447,476998,477717,1551,719,8,1500,3.15716272601
475448,477350,478063,1902,713,8,1500,3.66760168303
475448,477674,478396,2226,722,8,1500,4.08310249307
475449,477721,478437,2272,716,8,1500,4.17318435754
475449,477680,478399,2231,719,8,1500,4.10292072323
475449,477704,478420,2255,716,8,1500,4.14944134078
475449,477715,478432,2266,717,8,1500,4.16039051604
475457,479930,483001,4473,3071,5,3600,2.45652881797
475457,480025,483130,4568,3105,5,3600,2.47117552335
475458,480123,483119,4665,2996,5,3600,2.55707610147
475458,480058,483239,4600,3181,5,3600,2.44608613644
475459,480305,483456,4846,3151,5,3600,2.53792446842
475459,480285,483253,4826,2968,5,3600,2.62601078167
475460,480318,483546,4858,3228,5,3600,2.50495662949
475460,480384,483473,4924,3089,5,3600,2.59404337973
475461,480708,483798,5247,3090,5,3600,2.69805825243
475461,480538,483755,5077,3217,5,3600,2.57817842711
475462,480715,483888,5253,3173,5,3600,2.65553104318
475462,480736,483798,5274,3062,5,3600,2.72240365774
475463,480744,484034,5281,3290,5,3600,2.60516717325
475463,480793,483876,5330,3083,5,3600,2.72883554979
475463,480814,483952,5351,3138,5,3600,2.70522625876
475464,481101,484378,5637,3277,5,3600,2.72017088801
475465,481106,484150,5641,3044,5,3600,2.85315374507
475465,481217,484306,5752,3089,5,3600,2.86209129168
475466,481232,484373,5766,3141,5,3600,2.83572110793
475466,482088,485136,6622,3048,5,3600,3.17257217848
475467,483013,486212,7546,3199,5,3600,3.35886214442
475467,483130,486369,7663,3239,5,3600,3.36585365854
475467,483143,486085,7676,2942,5,3600,3.60910944935
475468,483252,486393,7784,3141,5,3600,3.47819165871
475532,475543,475566,11,23,2,1800,1.47826086957
475532,475538,475559,6,21,2,1800,1.28571428571
475532,475571,475592,39,21,2,1800,2.85714285714
475533,475611,475632,78,21,2,1800,4.71428571429
475533,475578,475599,45,21,2,1800,3.14285714286
475533,475604,475625,71,21,2,1800,4.38095238095
475534,475670,475691,136,21,2,1800,7.47619047619
475534,475637,475658,103,21,2,1800,5.90476190476
475534,475644,475665,110,21,2,1800,6.2380952381
475534,475677,475698,143,21,2,1800,7.80952380952
475535,475703,475725,168,22,2,1800,8.63636363636
475535,475710,475730,175,20,2,1800,9.75
475535,475737,475757,202,20,2,1800,11.1
475535,475744,475765,209,21,2,1800,10.9523809524
475536,475777,475798,241,21,2,1800,12.4761904762
475536,475770,475791,234,21,2,1800,12.1428571429
475536,475810,475832,274,22,2,1800,13.4545454545
475536,475803,475824,267,21,2,1800,13.7142857143
475537,475836,475857,299,21,2,1800,15.2380952381
475537,475843,475865,306,22,2,1800,14.9090909091
476594,484285,485131,7691,846,2,21600,10.0910165485
477811,484318,486010,6507,1692,2,21600,4.84574468085
478057,484324,485795,6267,1471,2,21600,5.26036709721
478612,538035,538974,59423,939,2,72000,64.2832800852
481094,499066,509503,17972,10437,32,18600,2.72195075213
481462,538984,538988,57522,4,2,151200,5752.6
483468,510167,667107,26699,156940,1,432000,1.17012233975
484250,484256,496450,6,12194,1,14400,1.00049204527
485302,485308,485333,6,25,1,10800,1.24
486169,509514,595938,23345,86424,36,86400,1.27012172545
486245,486251,494297,6,8046,1,10800,1.00074571216
486728,486734,488919,6,2185,2,21600,1.00274599542
486978,486984,490159,6,3175,2,21600,1.00188976378
489820,489827,493526,7,3699,2,21600,1.00189240335
490089,490095,494093,6,3998,2,21600,1.00150075038
490763,490770,492492,7,1722,2,21600,1.00406504065
492273,527135,527379,34862,244,2,28800,143.87704918
492427,510173,667095,17746,156922,1,259200,1.113088031
492706,537576,537582,44870,6,1,259200,4487.6
492780,527140,534320,34360,7180,2,28800,5.78551532033
493066,541174,667102,48108,125928,1,259200,1.38202782542
493105,530780,531032,37675,252,2,28800,150.503968254
493789,530785,531141,36996,356,2,28800,104.921348315
494223,530790,534614,36567,3824,2,28800,10.5625
494839,530795,536757,35956,5962,2,28800,7.0308621268
495598,495604,495647,6,43,2,1800,1.13953488372
495598,495622,495675,24,53,2,1800,1.45283018868
495598,495614,495657,16,43,2,1800,1.37209302326
495598,495609,495651,11,42,2,1800,1.2619047619
495599,495643,495706,44,63,2,1800,1.69841269841
495599,495637,495705,38,68,2,1800,1.55882352941
495599,495632,495696,33,64,2,1800,1.515625
495599,495627,495681,28,54,2,1800,1.51851851852
495600,495648,495711,48,63,2,1800,1.7619047619
495600,495653,495727,53,74,2,1800,1.71621621622
495600,495663,495731,63,68,2,1800,1.92647058824
495600,495658,495732,58,74,2,1800,1.78378378378
495601,495679,495741,78,62,2,1800,2.25806451613
495601,495669,495731,68,62,2,1800,2.09677419355
495601,495674,495736,73,62,2,1800,2.17741935484
495601,495684,495737,83,53,2,1800,2.56603773585
495602,495705,495757,103,52,2,1800,2.98076923077
495602,495695,495747,93,52,2,1800,2.78846153846
495602,495700,495752,98,52,2,1800,2.88461538462
495602,495690,495741,88,51,2,1800,2.72549019608
495789,495796,495817,7,21,2,1800,1.33333333333
495790,495801,495822,11,21,2,1800,1.52380952381
495790,495823,495854,33,31,2,1800,2.06451612903
495790,495818,495850,28,32,2,1800,1.875
495790,495806,495838,16,32,2,1800,1.5
495790,495812,495832,22,20,2,1800,2.1
495791,495834,495866,43,32,2,1800,2.34375
495791,495839,495870,48,31,2,1800,2.54838709677
495791,495845,495877,54,32,2,1800,2.6875
495791,495829,495850,38,21,2,1800,2.80952380952
495792,495850,495881,58,31,2,1800,2.87096774194
495792,495860,495891,68,31,2,1800,3.1935483871
495792,495855,495896,63,41,2,1800,2.53658536585
495792,495866,495897,74,31,2,1800,3.38709677419
495793,495881,495912,88,31,2,1800,3.83870967742
495793,495887,495917,94,30,2,1800,4.13333333333
495793,495892,495923,99,31,2,1800,4.1935483871
495793,495871,495912,78,41,2,1800,2.90243902439
495793,495876,495907,83,31,2,1800,3.67741935484
495794,495897,495918,103,21,2,1800,5.90476190476
496801,496807,496850,6,43,2,1800,1.13953488372
496802,496825,496877,23,52,2,1800,1.44230769231
496802,496819,496861,17,42,2,1800,1.40476190476
496802,496813,496854,11,41,2,1800,1.26829268293
496803,496830,496872,27,42,2,1800,1.64285714286
496804,496846,496888,42,42,2,1800,2.0
496804,496841,496883,37,42,2,1800,1.88095238095
496804,496835,496878,31,43,2,1800,1.72093023256
496805,496851,496895,46,44,2,1800,2.04545454545
496805,496857,496899,52,42,2,1800,2.2380952381
496805,496862,496906,57,44,2,1800,2.29545454545
496806,496878,496940,72,62,2,1800,2.16129032258
496806,496867,496909,61,42,2,1800,2.45238095238
496806,496873,496929,67,56,2,1800,2.19642857143
496806,496883,496938,77,55,2,1800,2.4
496807,496894,496948,87,54,2,1800,2.61111111111
496807,496904,496950,97,46,2,1800,3.10869565217
496807,496899,496956,92,57,2,1800,2.61403508772
496807,496889,496934,82,45,2,1800,2.82222222222
496808,496910,496954,102,44,2,1800,3.31818181818
504999,505005,505007,6,2,2,3540,1.0
516501,527147,537969,10646,10822,1,10800,1.98373683238
527180,527187,527189,7,2,2,3540,1.0
527396,527402,527580,6,178,1,3600,1.03370786517
527765,527772,528124,7,352,1,3600,1.01988636364
528480,528486,529338,6,852,1,3600,1.00704225352
530201,530207,530325,6,118,1,3600,1.05084745763
530524,530530,530848,6,318,1,3600,1.01886792453
531328,531335,531937,7,602,1,3600,1.01162790698
531363,531369,531542,6,173,1,3600,1.03468208092
531721,531727,532086,6,359,1,3600,1.01671309192
532461,532467,533320,6,853,1,3600,1.00703399766
534588,534595,534707,7,112,1,3600,1.0625
534623,534629,534747,6,118,1,1800,1.05084745763
534890,534898,535217,8,319,1,3600,1.02507836991
535051,535057,535151,6,94,1,1800,1.06382978723
535722,535728,536335,6,607,1,3600,1.00988467875
535826,535832,536421,6,589,1,1800,1.01018675722
537630,537979,538029,349,50,1,1800,7.98
538353,538359,538435,6,76,1,1800,1.07894736842
538713,538719,538839,6,120,1,1800,1.05
539163,539170,539267,7,97,1,1800,1.07216494845
539400,539406,539696,6,290,1,1800,1.02068965517
539982,539988,540568,6,580,1,1800,1.01034482759
542483,542489,542539,6,50,1,1800,1.12
542869,542876,542950,7,74,1,1800,1.09459459459
543976,543982,544258,6,276,1,1800,1.02173913043
560710,595954,724651,35244,128697,16,216000,1.27385253736
561417,561423,561432,6,9,2,151200,1.5
561792,561799,561808,7,9,4,21600,1.6
562401,562408,563922,7,1514,2,18000,1.00462351387
563906,563912,563957,6,45,2,18000,1.13333333333
563966,563973,564005,7,32,2,18000,1.21875
564389,564395,564400,6,5,4,21600,1.1
564431,564437,564442,6,5,2,21600,1.1
564483,595949,604249,31466,8300,32,18600,4.79108433735
574746,595960,794967,21214,199007,3,604800,1.10659926535
591643,591649,591651,6,2,2,3540,1.0
592630,592636,600754,6,8118,1,22800,1.0007390983
599671,599677,858897,6,259220,4,259200,1.00002314636
599877,604260,732248,4383,127988,4,259200,1.03424539801
600814,604266,949902,3452,345636,4,345600,1.00998738557
600856,600862,616890,6,16028,1,22800,1.0003743449
600977,604271,669631,3294,65360,4,172800,1.05039779682
601030,604276,606561,3246,2285,4,172800,2.42056892779
601419,604281,1036287,2862,432006,4,432000,1.00662490799
604664,604671,950305,7,345634,8,345600,1.00002025264
