SubmitTime,StartTime,EndTime,QueuedTime,RunTime,NodesRequested,walltime,bslowdown
12235,32964,32972,20729,8,1,1800,2073.7
19895,32992,33068,13097,76,1,1800,173.328947368
27079,33078,33381,5999,303,1,3600,20.798679868
31632,63345,63568,31713,223,8,600,143.210762332
33137,33391,33469,254,78,1,1800,4.25641025641
33319,33479,33574,160,95,1,1800,2.68421052632
33604,33611,34234,7,623,1,3600,1.01123595506
33708,34244,34341,536,97,1,1800,6.52577319588
34107,34351,34718,244,367,1,1800,1.66485013624
34838,34844,35227,6,383,1,1800,1.01566579634
35119,35252,35349,133,97,1,3600,2.37113402062
35204,35210,44967,6,9757,8,21600,1.00061494312
35205,35215,44950,10,9735,8,21600,1.00102722137
35205,35222,45077,17,9855,8,21600,1.00172501268
35206,35233,45132,27,9899,8,21600,1.00272754824
35206,35227,45018,21,9791,8,21600,1.00214482688
35207,35238,45114,31,9876,8,21600,1.00313892264
35208,35243,45232,35,9989,8,21600,1.00350385424
35451,35459,35742,8,283,1,3600,1.02826855124
35502,75957,183983,40455,108026,4,108000,1.37449317757
35649,79716,187762,44067,108046,4,108000,1.40785406216
35860,35866,35873,6,7,1,1800,1.3
35880,35886,35929,6,43,1,1800,1.13953488372
36009,36016,36537,7,521,1,3600,1.01343570058
36031,36547,36591,516,44,1,1800,12.7272727273
36173,36601,36683,428,82,1,1800,6.21951219512
36833,36840,36919,7,79,1,1800,1.08860759494
37339,37345,37598,6,253,1,1800,1.02371541502
37547,37608,37862,61,254,1,1800,1.24015748031
46426,46432,46443,6,11,2,300,1.54545454545
50013,79721,151734,29708,72013,2,72000,1.41253662533
50215,79885,133718,29670,53833,16,324000,1.55114892352
55007,55013,110541,6,55528,8,72000,1.00010805359
55008,55018,109645,10,54627,8,72000,1.00018305966
55008,55025,109972,17,54947,8,72000,1.00030938905
55009,55031,111053,22,56022,8,72000,1.00039270287
55009,55036,111072,27,56036,8,72000,1.00048183311
55010,55041,110177,31,55136,8,72000,1.00056224608
55011,55046,110354,35,55308,8,72000,1.00063281985
55011,55054,110528,43,55474,8,72000,1.0007751379
55012,55059,110729,47,55670,8,72000,1.00084426082
59283,79705,79874,20422,169,64,600,121.840236686
72841,72848,80145,7,7297,4,7200,1.00095929834
73084,73090,73092,6,2,2,3540,1.0
78073,78080,78087,7,7,8,21600,1.4
78074,78098,78102,24,4,8,21600,2.8
78075,78114,78118,39,4,8,21600,4.3
78075,78130,78134,55,4,8,21600,5.9
78076,78146,78150,70,4,8,21600,7.4
78076,78161,78165,85,4,8,21600,8.9
78077,78177,78181,100,4,8,21600,10.4
78077,78193,78197,116,4,8,21600,12.0
78078,78209,78213,131,4,8,21600,13.5
78078,78225,78229,147,4,8,21600,15.1
78079,78241,78245,162,4,8,21600,16.6
78080,78257,78261,177,4,8,21600,18.1
79134,79140,86317,6,7177,8,21600,1.0008360039
79135,93352,100470,14217,7118,8,21600,2.99733071087
79135,86328,93341,7193,7013,8,21600,2.02566661914
79136,107575,114690,28439,7115,8,21600,4.99704848911
79136,100481,107564,21345,7083,8,21600,4.01355357899
79137,110365,117463,31228,7098,8,21600,5.39954916878
79138,110539,117630,31401,7091,8,21600,5.42828938091
79138,110552,117628,31414,7076,8,21600,5.43951384963
79139,109657,116759,30518,7102,8,21600,5.29709940862
79139,109983,117046,30844,7063,8,21600,5.36698286847
79140,110741,117820,31601,7079,8,21600,5.46404859443
79140,110189,117234,31049,7045,8,21600,5.40723917672
98614,98621,98628,7,7,1,1800,1.4
98788,98794,98868,6,74,1,1800,1.08108108108
98966,98973,99099,7,126,1,3600,1.05555555556
99099,99109,99206,10,97,1,1800,1.10309278351
99221,99227,99537,6,310,1,3600,1.01935483871
99703,99709,100090,6,381,1,1800,1.0157480315
99757,99763,100394,6,631,1,3600,1.00950871632
100735,100741,100747,6,6,1,1800,1.2
100908,100914,100952,6,38,1,1800,1.15789473684
101192,101198,101272,6,74,1,1800,1.08108108108
101230,101236,101334,6,98,1,3600,1.0612244898
101455,101461,101756,6,295,1,3600,1.02033898305
101899,101905,102164,6,259,1,1800,1.02316602317
102028,102035,102561,7,526,1,3600,1.01330798479
106309,106315,106394,6,79,1,1800,1.07594936709
106635,106641,106730,6,89,1,1800,1.06741573034
107241,107248,107609,7,361,1,1800,1.01939058172
108761,108767,108810,6,43,1,1800,1.13953488372
109053,109059,109128,6,69,1,1800,1.08695652174
109762,109772,110006,10,234,1,1800,1.04273504274
115821,115828,148369,7,32541,4,32400,1.00021511324
116497,116508,123617,11,7109,8,21600,1.00154733436
116497,116503,123688,6,7185,8,21600,1.00083507307
116498,116514,123698,16,7184,8,21600,1.00222717149
117253,117259,121070,6,3811,2,21600,1.00157438992
117843,117849,124968,6,7119,2,21600,1.000842815
120170,120176,124098,6,3922,2,21600,1.00152983172
120217,120224,497372,7,377148,1,576000,1.00001856035
120273,120279,127398,6,7119,8,21600,1.000842815
120273,120284,127507,11,7223,8,21600,1.00152291292
120274,120290,127368,16,7078,8,21600,1.00226052557
120275,120301,127372,26,7071,8,21600,1.00367699052
120275,120295,127418,20,7123,8,21600,1.0028078057
120276,120306,127423,30,7117,8,21600,1.00421525924
121015,121021,123878,6,2857,2,14400,1.00210010501
121152,121158,137210,6,16052,8,144000,1.0003737852
121625,121631,124704,6,3073,2,14400,1.00195248942
121703,121709,153914,6,32205,9,144000,1.00018630647
122454,122460,226499,6,104039,6,604800,1.00005767068
122480,122486,122575,6,89,6,604800,1.06741573034
122583,122589,133888,6,11299,25,28799,1.00053102044
122584,122595,246157,11,123562,6,604800,1.00008902413
122931,122937,177259,6,54322,8,72000,1.00011045249
123503,123509,128509,6,5000,2,21600,1.0012
124581,124587,128499,6,3912,2,14400,1.00153374233
124601,124607,127618,6,3011,2,7200,1.00199269346
124602,124613,127602,11,2989,2,7200,1.00368016059
124604,124618,127749,14,3131,2,7200,1.00447141488
124605,124624,127502,19,2878,2,7200,1.00660180681
124606,124629,127512,23,2883,2,7200,1.0079778009
124608,124634,127944,26,3310,2,7200,1.00785498489
124609,124640,127760,31,3120,2,7200,1.00993589744
124610,124645,127671,35,3026,2,7200,1.01156642432
124612,124651,127607,39,2956,2,7200,1.01319350474
124613,124658,127678,45,3020,2,7200,1.01490066225
124614,124663,127612,49,2949,2,7200,1.01661580197
124616,124669,127576,53,2907,2,7200,1.01823185415
124617,124674,127409,57,2735,2,7200,1.02084095064
124618,124679,127817,61,3138,2,7200,1.01943913321
124619,124685,127816,66,3131,2,7200,1.02107952731
125606,125612,125665,6,53,2,3600,1.11320754717
125609,125618,125644,9,26,2,3600,1.34615384615
125898,125910,126250,12,340,8,1500,1.03529411765
125898,125919,126256,21,337,8,1500,1.06231454006
125898,125904,126243,6,339,8,1500,1.01769911504
125899,125936,126281,37,345,8,1500,1.10724637681
125899,125930,126270,31,340,8,1500,1.09117647059
125899,125925,126264,26,339,8,1500,1.07669616519
125899,125941,126279,42,338,8,1500,1.12426035503
125900,126268,126610,368,342,8,1500,2.07602339181
125900,126254,126587,354,333,8,1500,2.06306306306
125900,126276,126612,376,336,8,1500,2.11904761905
125900,126261,126597,361,336,8,1500,2.0744047619
125901,126598,126941,697,343,8,1500,3.03206997085
125901,126297,126639,396,342,8,1500,2.15789473684
125901,126290,126630,389,340,8,1500,2.14411764706
125901,126283,126621,382,338,8,1500,2.13017751479
125902,126642,126980,740,338,8,1500,3.18934911243
125902,126636,126975,734,339,8,1500,3.16519174041
125902,126627,126967,725,340,8,1500,3.13235294118
125902,126609,126948,707,339,8,1500,3.08554572271
125902,126621,126960,719,339,8,1500,3.1209439528
125903,126971,127308,1068,337,8,1500,4.16913946588
125903,126960,127301,1057,341,8,1500,4.09970674487
125903,126952,127291,1049,339,8,1500,4.09439528024
125903,126650,126989,747,339,8,1500,3.20353982301
125904,126978,127316,1074,338,8,1500,4.1775147929
125904,126986,127326,1082,340,8,1500,4.18235294118
125904,126992,127333,1088,341,8,1500,4.19061583578
125905,127000,127338,1095,338,8,1500,4.23964497041
125905,127302,127641,1397,339,8,1500,5.1209439528
125905,127312,127668,1407,356,8,1500,4.95224719101
125905,127319,127668,1414,349,8,1500,5.05157593123
125905,127328,127668,1423,340,8,1500,5.18529411765
125906,127337,127676,1431,339,8,1500,5.22123893805
125906,127344,127684,1438,340,8,1500,5.22941176471
125908,127351,127692,1443,341,8,1500,5.23167155425
125918,127379,127723,1461,344,8,1500,5.24709302326
125918,127386,127728,1468,342,8,1500,5.29239766082
125946,127409,127725,1463,316,8,1500,5.62974683544
125946,127429,127745,1483,316,8,1500,5.69303797468
125947,127618,127940,1671,322,8,1500,6.18944099379
125947,127435,127757,1488,322,8,1500,5.62111801242
125947,127519,127835,1572,316,8,1500,5.9746835443
125947,127654,127970,1707,316,8,1500,6.40189873418
125948,127680,127997,1732,317,8,1500,6.46372239748
125948,127686,128004,1738,318,8,1500,6.46540880503
125948,127691,128009,1743,318,8,1500,6.48113207547
125948,127697,128016,1749,319,8,1500,6.48275862069
125949,127703,128019,1754,316,8,1500,6.55063291139
125949,127708,128024,1759,316,8,1500,6.5664556962
125949,127721,128036,1772,315,8,1500,6.6253968254
125949,127735,128054,1786,319,8,1500,6.5987460815
125950,127768,128084,1818,316,8,1500,6.75316455696
125950,127757,128073,1807,316,8,1500,6.71835443038
125950,127742,128059,1792,317,8,1500,6.65299684543
125950,127748,128066,1798,318,8,1500,6.65408805031
125951,127981,128306,2030,325,8,1500,7.24615384615
125951,127951,128271,2000,320,8,1500,7.25
125951,128008,128326,2057,318,8,1500,7.46855345912
125951,127846,128164,1895,318,8,1500,6.95911949686
125952,128016,128335,2064,319,8,1500,7.47021943574
126213,126219,126221,6,2,1,604800,1.0
126351,126357,131828,6,5471,1,604800,1.00109669165
127411,127417,130760,6,3343,2,7200,1.00179479509
127418,127852,130467,434,2615,5,3600,1.16596558317
127419,128029,130586,610,2557,5,3600,1.23856081345
127419,128023,130526,604,2503,5,3600,1.24131042749
127420,128046,130511,626,2465,5,3600,1.25395537525
127420,128035,130590,615,2555,5,3600,1.24070450098
127420,128041,130643,621,2602,5,3600,1.23866256726
127421,128058,130624,637,2566,5,3600,1.24824629774
127421,128051,130591,630,2540,5,3600,1.24803149606
127422,128070,130756,648,2686,5,3600,1.24125093075
127422,128063,130610,641,2547,5,3600,1.25166862976
127423,128081,130538,658,2457,5,3600,1.26780626781
127423,128076,130606,653,2530,5,3600,1.2581027668
127423,128088,130645,665,2557,5,3600,1.26007039499
127424,128094,130670,670,2576,5,3600,1.2600931677
127424,128099,130703,675,2604,5,3600,1.25921658986
127425,128106,130645,681,2539,5,3600,1.26821583301
127425,128112,130791,687,2679,5,3600,1.25643896976
127426,128175,130645,749,2470,5,3600,1.3032388664
127426,128181,130604,755,2423,5,3600,1.31159719356
127427,128336,130942,909,2606,5,3600,1.34881043745
127427,128331,130917,904,2586,5,3600,1.34957463264
127427,128283,130981,856,2698,5,3600,1.31727205337
127428,128349,130956,921,2607,5,3600,1.35327963176
127428,128342,130801,914,2459,5,3600,1.37169581131
127429,128520,131024,1091,2504,5,3600,1.4357028754
127429,128354,130977,925,2623,5,3600,1.35264963782
127430,130522,132941,3092,2419,5,3600,2.27821413807
127430,130549,132915,3119,2366,5,3600,2.31825866441
127430,130478,132893,3048,2415,5,3600,2.26211180124
127431,130615,133178,3184,2563,5,3600,2.2422941865
127431,130608,133229,3177,2621,5,3600,2.21213277375
127432,130627,133122,3195,2495,5,3600,2.28056112224
127432,130633,133122,3201,2489,5,3600,2.2860586581
127432,130639,133102,3207,2463,5,3600,2.30207064555
127433,130674,133175,3241,2501,5,3600,2.29588164734
127433,130662,133165,3229,2503,5,3600,2.29005193767
127434,130685,133203,3251,2518,5,3600,2.29110405083
127434,130679,133233,3245,2554,5,3600,2.2705559906
127437,130691,132785,3254,2094,5,3600,2.55396370583
127438,130727,132757,3289,2030,5,3600,2.62019704433
127438,130770,133018,3332,2248,5,3600,2.48220640569
127439,130802,132984,3363,2182,5,3600,2.54124656279
127439,130813,132990,3374,2177,5,3600,2.5498392283
127440,130954,133026,3514,2072,5,3600,2.69594594595
127440,130929,133015,3489,2086,5,3600,2.67257909875
127441,130988,133240,3547,2252,5,3600,2.57504440497
127441,130967,133206,3526,2239,5,3600,2.57481018312
127442,132768,134921,5326,2153,5,3600,3.47375754761
127442,130994,133253,3552,2259,5,3600,2.57237715803
127442,131035,133203,3593,2168,5,3600,2.65728782288
127443,132905,134962,5462,2057,5,3600,3.65532328634
127443,132796,134871,5353,2075,5,3600,3.57975903614
127444,132952,135124,5508,2172,5,3600,3.53591160221
127444,132926,135114,5482,2188,5,3600,3.50548446069
127445,132995,135223,5550,2228,5,3600,3.49102333932
127445,133002,135253,5557,2251,5,3600,3.46868058641
127446,133032,135221,5586,2189,5,3600,3.55185015989
127446,133026,135179,5580,2153,5,3600,3.59173246633
127447,133039,135308,5592,2269,5,3600,3.46452181578
127447,133123,135291,5676,2168,5,3600,3.61808118081
127448,133133,135213,5685,2080,5,3600,3.73317307692
127504,127511,130637,7,3126,2,7200,1.00223928343
127519,127589,130560,70,2971,2,7200,1.02356109054
127579,127774,130868,195,3094,2,7200,1.06302521008
127603,127858,131062,255,3204,2,7200,1.07958801498
127618,130621,133637,3003,3016,2,7200,1.99568965517
127619,130650,133771,3031,3121,2,7200,1.97116308875
127620,130777,133682,3157,2905,2,7200,2.08674698795
127668,130880,133772,3212,2892,2,7200,2.11065006916
127683,131840,135086,4157,3246,2,7200,2.28065311152
127749,133138,136034,5389,2896,2,7200,2.86084254144
127755,133217,138151,5462,4934,2,14400,2.10701256587
127764,133144,135836,5380,2692,2,7200,2.9985141159
127818,133149,136090,5331,2941,2,7200,2.81264875893
127819,133176,136387,5357,3211,2,7200,2.66832762379
127948,133182,136236,5234,3054,2,7200,2.71381794368
128487,133223,164386,4736,31163,2,86400,1.15197509867
128827,133229,136775,4402,3546,2,14400,2.24139875917
129479,133234,138017,3755,4783,2,14400,1.78507213046
129521,130601,134443,1080,3842,16,36000,1.28110359188
129894,133246,136678,3352,3432,4,36000,1.97668997669
129911,133253,136833,3342,3580,4,36000,1.93351955307
130302,133240,135557,2938,2317,2,21600,2.26801899007
130561,133188,136146,2627,2958,2,7200,1.88810006761
130639,133193,136228,2554,3035,2,7200,1.84151565074
130763,133199,136212,2436,3013,2,7200,1.8084965151
130869,133205,136204,2336,2999,2,7200,1.77892630877
131066,133211,136238,2145,3027,2,7200,1.70862239841
131377,133259,133391,1882,132,1,3600,15.2575757576
133032,133265,135942,233,2677,2,21600,1.0870377288
133522,133528,133845,6,317,1,3600,1.01892744479
133635,133729,205249,94,71520,8,144000,1.00131431767
133641,133647,136613,6,2966,2,7200,1.0020229265
133683,133689,136930,6,3241,2,7200,1.00185128047
133771,133777,137142,6,3365,2,7200,1.00178306092
133785,133792,136887,7,3095,2,7200,1.00226171244
134079,134085,134729,6,644,1,3600,1.00931677019
134423,134429,137496,6,3067,16,36000,1.0019563091
134681,134687,138072,6,3385,2,21600,1.00177252585
134764,134770,146044,6,11274,1,604800,1.00053219798
135089,135095,138169,6,3074,2,7200,1.00195185426
135272,135278,135280,6,2,1,3600,1.0
135388,135394,135490,6,96,1,3600,1.0625
135619,135625,153148,6,17523,2,21600,1.00034240712
135621,135631,135923,10,292,1,3600,1.03424657534
135840,135846,138854,6,3008,2,7200,1.00199468085
135887,135893,136666,6,773,2,21600,1.00776196636
136016,136022,138980,6,2958,2,7200,1.00202839757
136017,136028,139006,11,2978,2,7200,1.0036937542
136018,136033,138822,15,2789,2,7200,1.00537827178
136020,136039,138976,19,2937,2,7200,1.00646918624
136021,136044,139240,23,3196,2,7200,1.00719649562
136022,136049,139297,27,3248,2,7200,1.00831280788
136024,136055,138843,31,2788,2,7200,1.01111908178
136025,136060,138950,35,2890,2,7200,1.01211072664
136026,136066,139044,40,2978,2,7200,1.01343183345
136028,136071,139024,43,2953,2,7200,1.01456146292
136043,136076,139137,33,3061,2,7200,1.01078079059
136092,136098,139233,6,3135,2,7200,1.0019138756
136149,136155,139082,6,2927,2,7200,1.00204988042
136203,136209,139206,6,2997,2,7200,1.002002002
136211,136217,136759,6,542,1,3600,1.0110701107
136218,136223,139299,5,3076,2,7200,1.00162548765
136232,136238,139201,6,2963,2,7200,1.00202497469
136247,136253,139138,6,2885,2,7200,1.0020797227
136249,136259,139301,10,3042,2,7200,1.00328731098
136391,136397,139439,6,3042,2,7200,1.00197238659
136613,136620,139593,7,2973,2,7200,1.00235452405
136890,136896,139853,6,2957,2,7200,1.00202908353
136932,136938,139994,6,3056,2,7200,1.00196335079
137142,137149,140174,7,3025,2,7200,1.00231404959
137256,137262,144032,6,6770,2,21600,1.00088626292
137284,137291,137687,7,396,2,7200,1.01767676768
137656,137661,141502,5,3841,16,36000,1.00130174434
137866,138408,148614,542,10206,25,21599,1.05310601607
138152,138158,140226,6,2068,2,3600,1.00290135397
138171,138177,141188,6,3011,2,7200,1.00199269346
138260,138414,140129,154,1715,2,7200,1.08979591837
138329,138419,140929,90,2510,4,36000,1.03585657371
138655,138661,149978,6,11317,2,21600,1.00053017584
138824,138831,141780,7,2949,2,7200,1.002373686
138845,138852,141813,7,2961,2,7200,1.00236406619
138860,138866,142093,6,3227,2,7200,1.00185931205
138944,138950,141980,6,3030,2,7200,1.00198019802
138977,138983,141900,6,2917,2,7200,1.00205690778
138992,138998,142011,6,3013,2,7200,1.00199137073
139007,139013,142010,6,2997,2,7200,1.002002002
139024,139030,141957,6,2927,2,7200,1.00204988042
139045,139051,142119,6,3068,2,7200,1.00195567145
139084,139090,142100,6,3010,2,7200,1.00199335548
139138,139144,142120,6,2976,2,7200,1.00201612903
139139,139150,142338,11,3188,2,7200,1.00345043915
139203,139209,141995,6,2786,2,7200,1.00215362527
139217,139223,142078,6,2855,2,7200,1.00210157618
139223,139229,206605,6,67376,2,86400,1.00008905248
139235,139241,142249,6,3008,2,7200,1.00199468085
139250,139256,142376,6,3120,2,7200,1.00192307692
139264,141824,141831,2560,7,16,36000,256.7
139298,139304,142272,6,2968,2,7200,1.00202156334
139313,139319,142234,6,2915,2,7200,1.00205831904
139314,139325,142401,11,3076,2,7200,1.00357607282
139440,139447,142568,7,3121,2,7200,1.00224287087
139526,141519,163142,1993,21623,32,21600,1.09217037414
139594,139600,142732,6,3132,2,7200,1.00191570881
139720,139731,146946,11,7215,5,7200,1.00152460152
139720,139726,146957,6,7231,5,7200,1.00082976075
139721,139743,146981,22,7238,5,7200,1.00303951368
139721,139737,146970,16,7233,5,7200,1.00221208351
139722,139748,146955,26,7207,5,7200,1.00360760372
139722,139753,146977,31,7224,5,7200,1.00429125138
139722,139759,146986,37,7227,5,7200,1.00511969005
139723,139769,146997,46,7228,5,7200,1.00636413946
139723,139764,146990,41,7226,5,7200,1.00567395516
139724,139780,146998,56,7218,5,7200,1.00775838182
139724,139774,146988,50,7214,5,7200,1.00693096756
139725,141847,149074,2122,7227,5,7200,1.29362114294
139725,141842,149062,2117,7220,5,7200,1.2932132964
139725,139785,147032,60,7247,5,7200,1.00827928798
139726,141853,149077,2127,7224,5,7200,1.29443521595
139726,141912,149158,2186,7246,5,7200,1.30168368755
139727,142007,149222,2280,7215,5,7200,1.31600831601
139727,142023,149237,2296,7214,5,7200,1.3182700305
139728,142104,149327,2376,7223,5,7200,1.32894919009
139728,142151,149397,2423,7246,5,7200,1.33439138835
139729,142283,149512,2554,7229,5,7200,1.35329921151
139729,142438,149652,2709,7214,5,7200,1.37551982257
139730,146967,154177,7237,7210,5,7200,2.00374479889
139730,146957,154169,7227,7212,5,7200,2.00207986689
139730,142579,149817,2849,7238,5,7200,1.39361702128
139731,146979,154202,7248,7223,5,7200,2.00346116572
139731,146987,154215,7256,7228,5,7200,2.00387382402
139732,146999,154221,7267,7222,5,7200,2.00623096095
139732,146993,154222,7261,7229,5,7200,2.00442661502
139733,147006,154228,7273,7222,5,7200,2.00706175575
139733,147011,154235,7278,7224,5,7200,2.00747508306
139734,147028,154243,7294,7215,5,7200,2.01094941095
139734,147023,154242,7289,7219,5,7200,2.00969663388
139734,147016,154233,7282,7217,5,7200,2.0090065124
139735,149338,156573,9603,7235,5,7200,2.32729785764
139735,147043,154276,7308,7233,5,7200,2.01036914144
139736,149408,156642,9672,7234,5,7200,2.33701962953
139736,149523,156758,9787,7235,5,7200,2.35272978576
139816,149664,157311,9848,7647,5,10800,2.28782529096
139817,149960,157350,10143,7390,5,10800,2.37253044655
139817,149828,157260,10011,7432,5,10800,2.34701291712
139818,151746,159504,11928,7758,5,10800,2.53750966744
139818,153925,161610,14107,7685,5,10800,2.83565387118
139818,167150,167152,27332,2,5,10800,2733.4
139819,154188,161745,14369,7557,5,10800,2.90141590578
139819,154180,161940,14361,7760,5,10800,2.8506443299
139820,154214,161843,14394,7629,5,10800,2.88674793551
139820,154227,161776,14407,7549,5,10800,2.90846469731
139821,154234,162210,14413,7976,5,10800,2.80704613842
139821,154240,161933,14419,7693,5,10800,2.87430131288
139822,154246,161933,14424,7687,5,10800,2.87641472616
139822,154251,162053,14429,7802,5,10800,2.84939759036
139823,154256,161795,14433,7539,5,10800,2.91444488659
139823,154269,161691,14446,7422,5,10800,2.94637563999
139823,154263,161892,14440,7629,5,10800,2.89277755931
139824,156584,163991,16760,7407,5,10800,3.26272444984
139824,154287,162476,14463,8189,5,10800,2.76614971303
139825,156769,164633,16944,7864,5,10800,3.15462868769
139825,156653,164327,16828,7674,5,10800,3.19285900443
139826,157271,165151,17445,7880,5,10800,3.21383248731
139826,157322,164940,17496,7618,5,10800,3.29666579155
139856,146973,149948,7117,2975,2,7200,3.39226890756
139994,159531,162689,19537,3158,2,7200,7.18651044965
140078,140085,140136,7,51,2,1800,1.13725490196
140078,140090,140141,12,51,2,1800,1.23529411765
140079,140108,140159,29,51,2,1800,1.56862745098
140079,140095,140147,16,52,2,1800,1.30769230769
140079,140103,140154,24,51,2,1800,1.47058823529
140079,140113,140164,34,51,2,1800,1.66666666667
140080,140148,140199,68,51,2,1800,2.33333333333
140080,140140,140192,60,52,2,1800,2.15384615385
140080,140124,140175,44,51,2,1800,1.86274509804
140080,140118,140170,38,52,2,1800,1.73076923077
140081,140162,140213,81,51,2,1800,2.58823529412
140081,140155,140207,74,52,2,1800,2.42307692308
140081,140181,140232,100,51,2,1800,2.96078431373
140081,140176,140228,95,52,2,1800,2.82692307692
140081,140169,140220,88,51,2,1800,2.72549019608
140082,140193,140244,111,51,2,1800,3.17647058824
140082,140205,140272,123,67,2,1800,2.83582089552
140082,140198,140272,116,74,2,1800,2.56756756757
140082,140188,140239,106,51,2,1800,3.07843137255
140083,140212,140273,129,61,2,1800,3.11475409836
140178,163185,166162,23007,2977,2,7200,8.72824991602
140410,140417,140439,7,22,2,1800,1.31818181818
140411,140423,140446,12,23,2,1800,1.52173913043
140411,140428,140450,17,22,2,1800,1.77272727273
140411,140435,140456,24,21,2,1800,2.14285714286
140412,140452,140474,40,22,2,1800,2.81818181818
140412,140446,140469,34,23,2,1800,2.47826086957
140412,140441,140465,29,24,2,1800,2.20833333333
140413,140462,140509,49,47,2,1800,2.04255319149
140413,140468,140511,55,43,2,1800,2.27906976744
140413,140473,140517,60,44,2,1800,2.36363636364
140413,140457,140490,44,33,2,1800,2.33333333333
140414,140491,140542,77,51,2,1800,2.50980392157
140414,140480,140521,66,41,2,1800,2.60975609756
140414,140485,140539,71,54,2,1800,2.31481481481
140415,140501,140546,86,45,2,1800,2.91111111111
140415,140509,140554,94,45,2,1800,3.08888888889
140415,140514,140559,99,45,2,1800,3.2
140415,140496,140541,81,45,2,1800,2.8
140416,140519,140560,103,41,2,1800,3.51219512195
140416,140527,140562,111,35,2,1800,4.17142857143
140546,140553,141716,7,1163,2,3600,1.0060189166
140926,167155,171229,26229,4074,2,14400,7.4381443299
141192,163191,166086,21999,2895,2,7200,8.59896373057
141781,164002,167014,22221,3012,2,7200,8.37749003984
141814,164008,166918,22194,2910,2,7200,8.62680412371
141901,164338,167417,22437,3079,2,7200,8.28710620331
141958,164344,167632,22386,3288,2,7200,7.80839416058
141982,164349,167328,22367,2979,2,7200,8.50822423632
141996,164397,167328,22401,2931,2,7200,8.64278403275
142011,164644,167694,22633,3050,2,7200,8.4206557377
142013,164649,167674,22636,3025,2,7200,8.48297520661
142078,164951,167953,22873,3002,2,7200,8.61925383078
142097,164957,168075,22860,3118,2,7200,8.33162283515
142101,142115,142140,14,25,2,3600,1.56
142124,164962,168014,22838,3052,2,7200,8.48296199214
142139,165162,168173,23023,3011,2,7200,8.64629691133
142141,167162,171840,25021,4678,4,36000,6.34865327063
142141,165167,168354,23026,3187,2,7200,8.2249764669
142237,166097,169188,23860,3091,2,7200,8.71918472986
142251,166176,169380,23925,3204,2,7200,8.46722846442
142272,166929,169827,24657,2898,2,7200,9.5082815735
142338,167025,169974,24687,2949,2,7200,9.37131230926
142377,167118,170136,24741,3018,2,7200,9.19781312127
142404,167123,170397,24719,3274,2,7200,8.55009163103
142569,167129,170116,24560,2987,2,7200,9.22229661868
142620,167167,174301,24547,7134,2,21600,4.44084664985
142734,167134,170342,24400,3208,2,7200,8.60598503741
143451,167173,170625,23722,3452,2,14400,7.87195828505
143686,157476,167439,13790,9963,5,14400,2.38412124862
143686,157482,167592,13796,10110,5,14400,2.36458951533
143686,157361,167406,13675,10045,5,14400,2.36137381782
143687,159521,169255,15834,9734,5,14400,2.62666940621
143687,157487,167327,13800,9840,5,14400,2.40243902439
143688,161621,171626,17933,10005,5,14400,2.7924037981
143688,161702,171488,18014,9786,5,14400,2.84079296955
143689,161787,171832,18098,10045,5,14400,2.80169238427
143689,161756,171878,18067,10122,5,14400,2.78492392808
143690,161903,171870,18213,9967,5,14400,2.82733018963
143690,161806,171600,18116,9794,5,14400,2.84970390035
143690,161862,172434,18172,10572,5,14400,2.71888006054
143691,161944,171988,18253,10044,5,14400,2.817303863
143691,161949,171334,18258,9385,5,14400,2.94544485882
143692,162064,172257,18372,10193,5,14400,2.80241342098
143692,161956,171806,18264,9850,5,14400,2.85421319797
143693,162221,172261,18528,10040,5,14400,2.84541832669
143693,162487,171925,18794,9438,5,14400,2.99131171858
143694,163153,173563,19459,10410,5,14400,2.86926032661
143694,163159,173165,19465,10006,5,14400,2.94533280032
143695,163164,173614,19469,10450,5,14400,2.86306220096
143695,163175,173169,19480,9994,5,14400,2.9491695017
143695,163169,173118,19474,9949,5,14400,2.95738265152
143696,163180,173123,19484,9943,5,14400,2.95956954641
143926,148625,157465,4699,8840,16,36000,1.53156108597
144001,149248,149260,5247,12,16,36000,438.25
144018,149271,216414,5253,67143,16,180000,1.07823600375
144214,167179,172953,22965,5774,2,14400,4.97731208867
144373,167184,301902,22811,134718,2,360000,1.16932406954
145746,167139,167145,21393,6,8,360000,2139.9
146226,146232,189892,6,43660,1,604800,1.00013742556
146696,171240,172231,24544,991,2,14400,25.7669021191
147252,171860,175891,24608,4031,2,14400,7.10468866286
148931,171865,174750,22934,2885,2,14400,8.94939341421
149039,149085,167107,46,18022,25,17999,1.00255243591
149210,149216,150247,6,1031,1,900,1.00581959263
149951,167144,170163,17193,3019,2,7200,6.69493209672
150001,172242,174775,22241,2533,2,14400,9.78049743387
150508,172390,186793,21882,14403,2,21600,2.51926681941
152225,169266,169560,17041,294,8,3540,58.962585034
152730,167190,167365,14460,175,2,3540,83.6285714286
156052,167338,455553,11286,288215,8,288000,1.03915826727
156104,167431,455638,11327,288207,8,288000,1.03930161308
156125,167604,455643,11479,288039,8,288000,1.03985224223
156179,167705,172379,11526,4674,8,288000,3.46598202824
156526,171637,190450,15111,18813,8,288000,1.80322117685
159433,167195,167197,7762,2,2,3540,776.4
162691,167418,170482,4727,3064,2,7200,2.54275456919
166087,167423,170208,1336,2785,2,7200,1.47971274686
166165,167686,170615,1521,2929,2,7200,1.51928986002
166920,168186,171250,1266,3064,2,7200,1.41318537859
167010,168366,171347,1356,2981,2,7200,1.45488091245
167330,169200,172074,1870,2874,2,7200,1.65066109951
167345,170220,173276,2875,3056,2,7200,1.94077225131
167420,170494,173340,3074,2846,2,7200,2.08011243851
167633,170627,173800,2994,3173,2,7200,1.94358651119
167675,171262,174117,3587,2855,2,7200,2.25639229422
167696,171347,174472,3651,3125,2,7200,2.16832
167954,171352,174515,3398,3163,2,7200,2.0742965539
168017,171357,174288,3340,2931,2,7200,2.13954281815
168077,171363,174323,3286,2960,2,7200,2.11013513514
168173,171500,174822,3327,3322,2,7200,2.0015051174
168357,171506,174420,3149,2914,2,7200,2.08064516129
168975,170409,188672,1434,18263,25,21599,1.07851941083
169190,171612,174563,2422,2951,2,7200,1.82073873263
169382,171617,174492,2235,2875,2,7200,1.77739130435
169828,171622,174933,1794,3311,2,7200,1.54183026276
169975,171818,174768,1843,2950,2,7200,1.62474576271
170119,171823,174897,1704,3074,2,7200,1.55432661028
170137,171843,175067,1706,3224,2,7200,1.52915632754
170163,171849,175078,1686,3229,2,7200,1.52214307835
170208,171854,174766,1646,2912,2,7200,1.56524725275
170343,171881,174877,1538,2996,2,7200,1.51335113485
170398,171887,175007,1489,3120,2,7200,1.47724358974
170485,171893,175076,1408,3183,2,7200,1.44234998429
170617,171899,174949,1282,3050,2,7200,1.42032786885
171251,171904,174908,653,3004,2,7200,1.21737683089
171350,171936,174893,586,2957,2,7200,1.19817382482
172074,172080,174989,6,2909,2,7200,1.00206256446
173276,173282,176260,6,2978,2,7200,1.00201477502
173341,173348,176503,7,3155,2,7200,1.00221870048
173802,173808,176937,6,3129,2,7200,1.00191754554
174118,174124,177041,6,2917,2,7200,1.00205690778
174289,174295,174329,6,34,2,7200,1.17647058824
174325,174331,174369,6,38,2,7200,1.15789473684
174339,174345,177288,6,2943,2,7200,1.00203873598
174372,174378,177339,6,2961,2,7200,1.00202634245
174423,174429,177514,6,3085,2,7200,1.00194489465
174474,174480,177630,6,3150,2,7200,1.0019047619
174495,174501,177576,6,3075,2,7200,1.00195121951
174516,174522,177548,6,3026,2,7200,1.0019828156
174564,174570,177820,6,3250,2,7200,1.00184615385
174768,174774,177638,6,2864,2,7200,1.00209497207
174769,174780,177667,11,2887,2,7200,1.00381018358
174823,174830,177788,7,2958,2,7200,1.00236646383
174877,174883,177848,6,2965,2,7200,1.00202360877
174895,174901,177939,6,3038,2,7200,1.00197498354
174910,174916,178007,6,3091,2,7200,1.00194111938
174911,174922,177890,11,2968,2,7200,1.00370619946
174935,174941,177665,6,2724,2,7200,1.00220264317
174950,174956,178011,6,3055,2,7200,1.00196399345
174992,174998,178131,6,3133,2,7200,1.00191509735
175010,175016,177961,6,2945,2,7200,1.00203735144
175070,175076,178033,6,2957,2,7200,1.00202908353
175084,175091,178281,7,3190,2,7200,1.00219435737
175086,175097,178128,11,3031,2,7200,1.00362916529
176264,176274,179230,10,2956,2,7200,1.00338294993
176505,176511,179553,6,3042,2,7200,1.00197238659
176938,176944,179986,6,3042,2,7200,1.00197238659
177043,177050,179937,7,2887,2,7200,1.00242466228
177290,177296,180498,6,3202,2,7200,1.00187382886
177341,177347,180206,6,2859,2,7200,1.00209863589
177515,177521,180579,6,3058,2,7200,1.00196206671
177551,177557,180776,6,3219,2,7200,1.0018639329
177578,177584,180403,6,2819,2,7200,1.00212841433
177632,177638,180772,6,3134,2,7200,1.00191448628
177647,177653,180933,6,3280,2,7200,1.00182926829
177668,177674,180674,6,3000,2,7200,1.002
177669,177680,180832,11,3152,2,7200,1.00348984772
177789,177795,180886,6,3091,2,7200,1.00194111938
177822,177828,180829,6,3001,2,7200,1.00199933356
177849,177855,180911,6,3056,2,7200,1.00196335079
177891,177897,181026,6,3129,2,7200,1.00191754554
177942,177948,180875,6,2927,2,7200,1.00204988042
177963,177969,181072,6,3103,2,7200,1.00193361263
178010,178016,181027,6,3011,2,7200,1.00199269346
178024,178030,181009,6,2979,2,7200,1.00201409869
178039,178045,181153,6,3108,2,7200,1.00193050193
178129,178135,181364,6,3229,2,7200,1.00185816042
178144,178150,181303,6,3153,2,7200,1.00190294957
178282,178288,181440,6,3152,2,7200,1.0019035533
179233,179239,182141,6,2902,2,7200,1.00206753963
179555,179561,182562,6,3001,2,7200,1.00199933356
179940,179946,182810,6,2864,2,7200,1.00209497207
179988,179994,182871,6,2877,2,7200,1.00208550574
180208,180214,183286,6,3072,2,7200,1.001953125
180406,180412,183464,6,3052,2,7200,1.00196592398
180499,180505,183618,6,3113,2,7200,1.00192740122
180580,180586,183575,6,2989,2,7200,1.00200736032
180676,180682,183606,6,2924,2,7200,1.00205198358
180772,180778,183796,6,3018,2,7200,1.00198807157
180787,180793,183710,6,2917,2,7200,1.00205690778
180829,180835,183771,6,2936,2,7200,1.00204359673
180844,180850,183992,6,3142,2,7200,1.00190961171
180876,180883,183836,7,2953,2,7200,1.00237047071
180891,180897,183947,6,3050,2,7200,1.00196721311
180914,180920,183903,6,2983,2,7200,1.00201139792
180935,180941,183904,6,2963,2,7200,1.00202497469
181011,181017,183987,6,2970,2,7200,1.00202020202
181029,181035,184237,6,3202,2,7200,1.00187382886
181030,181041,183773,11,2732,2,7200,1.00402635432
181072,181078,184248,6,3170,2,7200,1.00189274448
181156,181162,184241,6,3079,2,7200,1.00194868464
181304,181310,184301,6,2991,2,7200,1.00200601805
181364,181370,184263,6,2893,2,7200,1.00207397166
181436,181442,181444,6,2,1,3600,1.0
181443,181449,184506,6,3057,2,7200,1.00196270854
181548,181554,181683,6,129,1,3600,1.04651162791
181806,181812,182232,6,420,1,3600,1.01428571429
182143,182149,185045,6,2896,2,7200,1.0020718232
182330,182336,182759,6,423,1,3600,1.01418439716
182565,182571,185593,6,3022,2,7200,1.00198544011
182813,182820,185751,7,2931,2,7200,1.00238826339
182870,182877,185787,7,2910,2,7200,1.00240549828
183268,183274,183276,6,2,1,3600,1.0
183290,183296,186378,6,3082,2,7200,1.0019467878
183381,183387,183512,6,125,1,3600,1.048
183465,183471,186334,6,2863,2,7200,1.00209570381
183577,183583,186410,6,2827,2,7200,1.00212239123
183607,183613,186633,6,3020,2,7200,1.00198675497
183622,183628,186457,6,2829,2,7200,1.00212089077
183635,183641,184146,6,505,1,3600,1.01188118812
183712,183718,186804,6,3086,2,7200,1.00194426442
183772,183778,186750,6,2972,2,7200,1.00201884253
183787,183793,186703,6,2910,2,7200,1.00206185567
183801,183807,186812,6,3005,2,7200,1.00199667221
183837,183843,186787,6,2944,2,7200,1.00203804348
183903,183909,186845,6,2936,2,7200,1.00204359673
183918,183924,186873,6,2949,2,7200,1.002034588
183948,183954,187018,6,3064,2,7200,1.00195822454
183990,183996,187240,6,3244,2,7200,1.00184956843
184004,184011,187153,7,3142,2,7200,1.00222788033
184240,184247,187333,7,3086,2,7200,1.00226830849
184255,184262,187327,7,3065,2,7200,1.00228384992
184257,184267,187368,10,3101,2,7200,1.0032247662
184263,184273,185309,10,1036,1,3600,1.00965250965
184271,184279,187617,8,3338,2,7200,1.0023966447
184301,184308,187450,7,3142,2,7200,1.00222788033
184511,184517,187303,6,2786,2,7200,1.00215362527
185049,185055,188318,6,3263,2,7200,1.00183879865
185085,185091,185099,6,8,1,1800,1.4
185362,185368,185496,6,128,1,3600,1.046875
185409,185416,185494,7,78,1,1800,1.08974358974
185598,185604,188861,6,3257,2,7200,1.00184218606
185621,185627,185968,6,341,1,3600,1.01759530792
185752,185758,188856,6,3098,2,7200,1.00193673338
185788,185794,188892,6,3098,2,7200,1.00193673338
185858,185865,185961,7,96,1,1800,1.07291666667
186188,186194,187087,6,893,1,3600,1.00671892497
186189,186200,186336,11,136,1,1800,1.08088235294
186337,186346,189129,9,2783,2,7200,1.00323392023
186380,186386,189647,6,3261,2,7200,1.0018399264
186412,186419,189484,7,3065,2,7200,1.00228384992
186457,186464,189509,7,3045,2,7200,1.00229885057
186634,186641,189762,7,3121,2,7200,1.00224287087
186705,186711,189502,6,2791,2,7200,1.00214976711
186752,186758,189669,6,2911,2,7200,1.00206114737
186788,186794,189850,6,3056,2,7200,1.00196335079
186806,186812,189981,6,3169,2,7200,1.00189334175
186821,186827,189817,6,2990,2,7200,1.00200668896
186847,186853,190045,6,3192,2,7200,1.00187969925
186874,186880,190026,6,3146,2,7200,1.00190718373
187019,187025,190294,6,3269,2,7200,1.00183542368
187095,187101,187110,6,9,1,1800,1.5
187157,187163,190317,6,3154,2,7200,1.00190234623
187241,187247,190341,6,3094,2,7200,1.00193923723
187304,187310,190280,6,2970,2,7200,1.00202020202
187309,187316,187358,7,42,1,1800,1.16666666667
187328,187334,190411,6,3077,2,7200,1.00194995125
187342,187348,190385,6,3037,2,7200,1.00197563385
187369,187376,190291,7,2915,2,7200,1.00240137221
187450,187456,190236,6,2780,2,7200,1.00215827338
187593,187600,187674,7,74,1,1800,1.09459459459
187619,187625,190419,6,2794,2,7200,1.00214745884
187969,187975,188130,6,155,1,3600,1.03870967742
188053,188059,188184,6,125,1,1800,1.048
188257,188263,188637,6,374,1,3600,1.01604278075
188322,188328,191304,6,2976,2,7200,1.00201612903
188859,188865,191630,6,2765,2,7200,1.00216998192
188873,188879,191997,6,3118,2,7200,1.00192431046
188894,188900,191928,6,3028,2,7200,1.00198150594
188911,188918,189458,7,540,1,3600,1.01296296296
189132,189138,192263,6,3125,2,7200,1.00192
189488,189494,192466,6,2972,2,7200,1.00201884253
189503,189510,192641,7,3131,2,7200,1.00223570744
189518,189524,192457,6,2933,2,7200,1.00204568701
189650,189656,192857,6,3201,2,7200,1.00187441425
189671,189677,192878,6,3201,2,7200,1.00187441425
189764,189770,193061,6,3291,2,7200,1.00182315406
189818,189824,192860,6,3036,2,7200,1.00197628458
189851,189857,192912,6,3055,2,7200,1.00196399345
189983,189989,192857,6,2868,2,7200,1.00209205021
190028,190034,193034,6,3000,2,7200,1.002
190046,190052,193034,6,2982,2,7200,1.00201207243
190238,190244,193540,6,3296,2,7200,1.00182038835
190280,190286,193266,6,2980,2,7200,1.00201342282
190295,190301,193161,6,2860,2,7200,1.0020979021
190296,190307,193484,11,3177,2,7200,1.0034623859
190317,190323,193414,6,3091,2,7200,1.00194111938
190341,190347,193399,6,3052,2,7200,1.00196592398
190386,190392,193470,6,3078,2,7200,1.00194931774
190413,190419,193448,6,3029,2,7200,1.00198085177
190427,190433,193524,6,3091,2,7200,1.00194111938
191306,191312,194410,6,3098,2,7200,1.00193673338
191631,191637,194601,6,2964,2,7200,1.0020242915
191930,191936,194860,6,2924,2,7200,1.00205198358
191999,192005,195038,6,3033,2,7200,1.00197823937
192264,192270,195217,6,2947,2,7200,1.00203596878
192458,192464,195458,6,2994,2,7200,1.00200400802
192473,192478,195624,5,3146,2,7200,1.00158931977
192644,192650,195698,6,3048,2,7200,1.00196850394
192715,192721,192799,6,78,1,1800,1.07692307692
192859,192865,196035,6,3170,2,7200,1.00189274448
192860,192871,195768,11,2897,2,7200,1.00379703141
192875,192881,196091,6,3210,2,7200,1.00186915888
192890,192896,196002,6,3106,2,7200,1.00193174501
192914,192920,196009,6,3089,2,7200,1.00194237617
193034,193040,195989,6,2949,2,7200,1.002034588
193035,193046,196093,11,3047,2,7200,1.0036101083
193047,193053,193149,6,96,1,1800,1.0625
193062,193069,195979,7,2910,2,7200,1.00240549828
193164,193171,196284,7,3113,2,7200,1.00224863476
193266,193273,196155,7,2882,2,7200,1.00242886884
193402,193408,196455,6,3047,2,7200,1.00196914998
193416,193423,196407,7,2984,2,7200,1.0023458445
193449,193455,196482,6,3027,2,7200,1.00198216056
193470,193476,196352,6,2876,2,7200,1.00208623088
193485,193491,196488,6,2997,2,7200,1.002002002
193527,193533,196710,6,3177,2,7200,1.00188857413
193542,193548,196583,6,3035,2,7200,1.00197693575
193673,193679,194049,6,370,1,1800,1.01621621622
194413,194419,197440,6,3021,2,7200,1.00198609732
194603,194609,197530,6,2921,2,7200,1.00205409106
194861,194867,198062,6,3195,2,7200,1.00187793427
195040,195046,197888,6,2842,2,7200,1.0021111893
195217,195223,198254,6,3031,2,7200,1.0019795447
195220,195229,195271,9,42,1,1800,1.21428571429
195455,195461,198394,6,2933,2,7200,1.00204568701
195519,195525,195606,6,81,1,1800,1.07407407407
195627,195636,198871,9,3235,2,7200,1.0027820711
195699,195705,198784,6,3079,2,7200,1.00194868464
195768,195774,198739,6,2965,2,7200,1.00202360877
195982,195988,198762,6,2774,2,7200,1.0021629416
195997,196003,199175,6,3172,2,7200,1.00189155107
196011,196018,199064,7,3046,2,7200,1.00229809586
196013,196024,198910,11,2886,2,7200,1.00381150381
196036,196043,199383,7,3340,2,7200,1.00209580838
196094,196100,199231,6,3131,2,7200,1.00191632066
196095,196106,199007,11,2901,2,7200,1.00379179593
196158,196164,199011,6,2847,2,7200,1.00210748156
196246,196252,196505,6,253,1,1800,1.02371541502
196287,196293,199127,6,2834,2,7200,1.00211714891
196353,196359,199463,6,3104,2,7200,1.00193298969
196410,196416,199567,6,3151,2,7200,1.00190415741
196458,196464,199621,6,3157,2,7200,1.00190053849
196482,196488,199544,6,3056,2,7200,1.00196335079
196497,196503,199672,6,3169,2,7200,1.00189334175
196585,196591,199451,6,2860,2,7200,1.0020979021
196711,196717,199541,6,2824,2,7200,1.00212464589
197443,197449,200681,6,3232,2,7200,1.00185643564
197533,197539,200325,6,2786,2,7200,1.00215362527
197891,197897,200762,6,2865,2,7200,1.00209424084
198064,198070,201016,6,2946,2,7200,1.00203665988
198256,198263,201235,7,2972,2,7200,1.00235531629
198395,198401,201433,6,3032,2,7200,1.00197889182
198430,198436,202076,6,3640,3,3600,1.00164835165
198741,198747,201701,6,2954,2,7200,1.00203114421
198762,198768,201774,6,3006,2,7200,1.00199600798
198786,198792,202005,6,3213,2,7200,1.00186741363
198873,198879,202134,6,3255,2,7200,1.00184331797
198911,198918,202115,7,3197,2,7200,1.00218955271
199007,199014,202190,7,3176,2,7200,1.00220403023
199022,199028,202194,6,3166,2,7200,1.00189513582
199067,199073,202046,6,2973,2,7200,1.00201816347
199130,199136,202266,6,3130,2,7200,1.00191693291
199178,199184,202282,6,3098,2,7200,1.00193673338
199232,199238,202380,6,3142,2,7200,1.00190961171
199386,199392,202583,6,3191,2,7200,1.00188028831
199451,199458,202372,7,2914,2,7200,1.00240219629
199466,199472,202659,6,3187,2,7200,1.00188264826
199541,199548,202484,7,2936,2,7200,1.00238419619
199556,199562,202302,6,2740,2,7200,1.00218978102
199571,199577,202692,6,3115,2,7200,1.00192616372
199622,199628,202567,6,2939,2,7200,1.00204151072
199673,199679,202678,6,2999,2,7200,1.00200066689
200326,200332,203400,6,3068,2,7200,1.00195567145
200681,200687,203612,6,2925,2,7200,1.00205128205
200762,200768,203977,6,3209,2,7200,1.00186974135
201018,201024,203880,6,2856,2,7200,1.00210084034
201238,201244,204214,6,2970,2,7200,1.00202020202
201435,201441,204435,6,2994,2,7200,1.00200400802
201704,201710,204668,6,2958,2,7200,1.00202839757
201776,201782,204699,6,2917,2,7200,1.00205690778
202007,202014,205091,7,3077,2,7200,1.00227494313
202046,202055,204919,9,2864,2,7200,1.0031424581
202113,202123,205095,10,2972,2,7200,1.00336473755
202134,202140,204961,6,2821,2,7200,1.00212690535
202191,202198,205277,7,3079,2,7200,1.00227346541
202206,202212,205150,6,2938,2,7200,1.00204220558
202269,202275,205378,6,3103,2,7200,1.00193361263
202284,202290,205394,6,3104,2,7200,1.00193298969
202305,202311,205331,6,3020,2,7200,1.00198675497
202374,202380,205531,6,3151,2,7200,1.00190415741
202388,202395,205448,7,3053,2,7200,1.00229282673
202484,202491,205593,7,3102,2,7200,1.00225660864
202568,202575,205756,7,3181,2,7200,1.00220056586
202583,202589,205761,6,3172,2,7200,1.00189155107
202680,202686,205611,6,2925,2,7200,1.00205128205
202694,202701,205778,7,3077,2,7200,1.00227494313
203314,203320,220154,6,16834,2,21600,1.00035642153
203402,203408,206664,6,3256,2,7200,1.00184275184
203577,203583,221354,6,17771,2,21600,1.00033762872
203613,203619,206672,6,3053,2,7200,1.00196528005
203880,203886,206742,6,2856,2,7200,1.00210084034
203979,203986,206837,7,2851,2,7200,1.00245527885
204102,204108,204374,6,266,4,28800,1.02255639098
204217,204223,207365,6,3142,2,7200,1.00190961171
204223,204229,208100,6,3871,8,172800,1.00154998708
204381,204388,205171,7,783,8,28800,1.00893997446
204437,204443,207521,6,3078,2,7200,1.00194931774
204453,204459,204464,6,5,1,300,1.1
204612,204619,204621,7,2,1,300,1.0
204668,204674,207677,6,3003,2,7200,1.001998002
204698,204704,204709,6,5,1,300,1.1
204701,204710,207898,9,3188,2,7200,1.00282308657
204751,204757,204765,6,8,4,108000,1.4
204825,204832,312851,7,108019,4,108000,1.00006480341
204898,204905,312941,7,108036,4,108000,1.00006479322
204921,204927,207894,6,2967,2,7200,1.00202224469
204963,204969,208302,6,3333,2,7200,1.00180018002
205092,205098,208029,6,2931,2,7200,1.00204708291
205107,205114,208099,7,2985,2,7200,1.00234505863
205109,205121,213250,12,8129,8,288000,1.00147619633
205152,205158,208148,6,2990,2,7200,1.00200668896
205263,205269,214370,6,9101,8,288000,1.00065926821
205278,205284,208370,6,3086,2,7200,1.00194426442
205332,205338,208203,6,2865,2,7200,1.00209424084
205380,205386,208328,6,2942,2,7200,1.00203942896
205395,205401,208371,6,2970,2,7200,1.00202020202
205449,205455,208520,6,3065,2,7200,1.00195758564
205533,205539,208848,6,3309,2,7200,1.00181323663
205596,205602,208467,6,2865,2,7200,1.00209424084
205611,205617,208731,6,3114,2,7200,1.00192678227
205758,205764,208789,6,3025,2,7200,1.00198347107
205773,205779,208871,6,3092,2,7200,1.00194049159
205788,205794,208770,6,2976,2,7200,1.00201612903
205882,205888,212518,6,6630,2,21600,1.00090497738
205917,205924,494091,7,288167,8,288000,1.00002429147
206668,206674,209664,6,2990,2,7200,1.00200668896
206682,206689,209931,7,3242,2,7200,1.00215916101
206742,206749,209613,7,2864,2,7200,1.00244413408
206839,206845,209979,6,3134,2,7200,1.00191448628
207365,207371,210243,6,2872,2,7200,1.00208913649
207409,208115,221081,706,12966,25,21599,1.05445010026
207521,207528,210410,7,2882,2,7200,1.00242886884
207667,207673,207675,6,2,1,1800,1.0
207678,207684,210639,6,2955,2,7200,1.00203045685
207724,207731,207872,7,141,1,1800,1.04964539007
207894,207901,211172,7,3271,2,7200,1.00214001834
207909,207915,210936,6,3021,2,7200,1.00198609732
208022,208162,208201,140,39,1,7200,4.58974358974
208029,208036,210853,7,2817,2,7200,1.00248491303
208101,208108,210965,7,2857,2,7200,1.00245012251
208106,208120,221767,14,13647,8,172800,1.00102586649
208149,208156,211142,7,2986,2,7200,1.00234427328
208203,208210,211210,7,3000,2,7200,1.00233333333
208303,208309,211379,6,3070,2,7200,1.00195439739
208329,208336,211276,7,2940,2,7200,1.00238095238
208371,208378,211305,7,2927,2,7200,1.00239152716
208373,208383,211201,10,2818,2,7200,1.00354861604
208469,208475,211510,6,3035,2,7200,1.00197693575
208523,208529,211597,6,3068,2,7200,1.00195567145
208591,208603,218305,12,9702,3,21600,1.00123685838
208591,208597,211721,6,3124,1,7200,1.0019206146
208731,208739,211687,8,2948,2,7200,1.00271370421
208770,208777,211867,7,3090,2,7200,1.00226537217
208791,208797,211780,6,2983,2,7200,1.00201139792
208851,208857,211882,6,3025,2,7200,1.00198347107
208873,208880,212189,7,3309,2,7200,1.00211544273
209053,209064,217522,11,8458,5,21600,1.00130054386
209053,209059,217359,6,8300,5,21600,1.00072289157
209054,209075,217508,21,8433,5,21600,1.002490217
209054,209070,217487,16,8417,5,21600,1.00190091482
209055,209081,217555,26,8474,5,21600,1.00306820864
209055,209086,217410,31,8324,5,21600,1.00372417107
209055,209091,217525,36,8434,5,21600,1.00426843728
209056,209097,217496,41,8399,5,21600,1.00488153352
209056,209107,217621,51,8514,5,21600,1.0059901339
209056,209102,217335,46,8233,5,21600,1.00558727074
209057,209112,217455,55,8343,5,21600,1.00659235287
209057,209118,217451,61,8333,5,21600,1.00732029281
209058,210865,219327,1807,8462,5,21600,1.21354289766
209058,209681,218089,623,8408,5,21600,1.07409609895
209058,210422,218863,1364,8441,5,21600,1.16159222841
209059,211213,219706,2154,8493,5,21600,1.25362062875
209059,211153,219642,2094,8489,5,21600,1.24667216398
209059,211317,219642,2258,8325,5,21600,1.27123123123
209060,211521,219833,2461,8312,5,21600,1.29607795958
209060,211732,220031,2672,8299,5,21600,1.32196650199
209061,211893,220203,2832,8310,5,21600,1.34079422383
209061,212291,220605,3230,8314,5,21600,1.38850132307
209061,212296,220608,3235,8312,5,21600,1.38919634264
209062,214385,222843,5323,8458,5,21600,1.62934499882
209062,213268,221510,4206,8242,5,21600,1.51031303082
209063,214441,222809,5378,8368,5,21600,1.64268642447
209063,217326,225539,8263,8213,5,21600,2.00608790941
209064,217421,225848,8357,8427,5,21600,1.99169336656
209064,217346,225782,8282,8436,5,21600,1.9817449028
209064,217401,225587,8337,8186,5,21600,2.01844612753
209065,217491,225926,8426,8435,5,21600,1.99893301719
209065,217463,225728,8398,8265,5,21600,2.01609195402
209066,217583,225896,8517,8313,5,21600,2.0245398773
209066,217588,225822,8522,8234,5,21600,2.03497692495
209066,217578,225872,8512,8294,5,21600,2.02628406077
209067,217599,225972,8532,8373,5,21600,2.01898960946
209067,217594,225917,8527,8323,5,21600,2.02451039289
209069,217604,225926,8535,8322,5,21600,2.02559480894
209387,209624,244121,237,34497,1,604800,1.00687016262
209576,209630,244918,54,35288,1,604800,1.00153026525
209611,212201,215269,2590,3068,2,7200,1.84419817471
209624,209676,728111,52,518435,1,518400,1.00010030187
209665,212530,215697,2865,3167,2,7200,1.90464161667
209694,209942,728382,248,518440,1,518400,1.00047835815
209750,209947,728375,197,518428,1,518400,1.00037999491
209982,215192,218545,5210,3353,2,7200,2.55383238891
210049,225611,231343,15562,5732,2,21600,3.71493370551
210243,215281,218170,5038,2889,2,7200,2.74385600554
210412,215717,218877,5305,3160,2,7200,2.67879746835
210640,217337,220368,6697,3031,2,7200,3.20950181458
210852,235780,235789,24928,9,9,144000,2493.7
210855,217352,220445,6497,3093,2,7200,3.10054962819
210936,217357,220424,6421,3067,2,7200,3.09357678513
210966,217362,220322,6396,2960,2,7200,3.16081081081
211144,217368,220368,6224,3000,2,7200,3.07466666667
211172,217374,220304,6202,2930,2,7200,3.11672354949
211201,217633,220759,6432,3126,2,7200,3.0575815739
211216,217638,220630,6422,2992,2,7200,3.14639037433
211276,218100,220998,6824,2898,2,7200,3.35472739821
211306,218106,221027,6800,2921,2,7200,3.32796987333
211381,218111,221170,6730,3059,2,7200,3.20006538084
211510,218182,221282,6672,3100,2,7200,3.15225806452
211598,218327,221626,6729,3299,2,7200,3.03970900273
211688,218880,222061,7192,3181,2,7200,3.26092423766
211727,242836,393556,31109,150720,4,604800,1.20640260085
211746,243218,400342,31472,157124,4,604800,1.20030039968
211781,218885,221947,7104,3062,2,7200,3.32005225343
211802,239889,349106,28087,109217,6,604800,1.25716692456
211843,240322,356470,28479,116148,6,604800,1.24519578469
211868,218892,221982,7024,3090,2,7200,3.27313915858
211883,219183,222203,7300,3020,2,7200,3.41721854305
212190,219343,222344,7153,3001,2,7200,3.38353882039
212340,221092,301911,8752,80819,8,604800,1.10829136713
212468,231354,234864,18886,3510,2,14400,6.38062678063
212666,235806,277983,23140,42177,2,86400,1.54864025417
212710,213273,213325,563,52,2,1800,11.8269230769
212710,213337,213388,627,51,2,1800,13.2941176471
212711,213399,213469,688,70,2,1800,10.8285714286
212711,213482,213533,771,51,2,1800,16.1176470588
212711,213544,213596,833,52,2,1800,17.0192307692
212711,213607,213659,896,52,2,1800,18.2307692308
212711,213671,213722,960,51,2,1800,19.8235294118
212712,213928,213979,1216,51,2,1800,24.8431372549
212712,213865,213916,1153,51,2,1800,23.6078431373
212712,213734,213785,1022,51,2,1800,21.0392156863
212712,213802,213853,1090,51,2,1800,22.3725490196
212713,213991,214042,1278,51,2,1800,26.0588235294
212713,214055,214106,1342,51,2,1800,27.3137254902
212713,214126,214178,1413,52,2,1800,28.1730769231
212713,214190,214241,1477,51,2,1800,29.9607843137
212713,214253,214304,1540,51,2,1800,31.1960784314
212714,214847,214901,2133,54,2,1800,40.5
212714,214316,214367,1602,51,2,1800,32.4117647059
212714,214379,214430,1665,51,2,1800,33.6470588235
212714,214913,214964,2199,51,2,1800,44.1176470588
212877,213262,213967,385,705,1,600,1.54609929078
212982,221098,228469,8116,7371,8,72000,2.10107176774
213182,217332,217335,4150,3,8,3600,415.3
213289,214852,219137,1563,4285,1,7200,1.36476079347
213804,221103,232152,7299,11049,8,288000,1.66060276948
214349,221366,509488,7017,288122,8,288000,1.0243542666
214583,222763,225209,8180,2446,8,288000,4.34423548651
214638,234877,238428,20239,3551,2,14400,6.69952126162
214738,222820,225600,8082,2780,8,288000,3.9071942446
214788,214794,214871,6,77,1,1800,1.07792207792
215085,237074,472851,21989,235777,3,604800,1.09326185336
215185,220622,235038,5437,14416,32,14400,1.37715038846
215269,219349,222541,4080,3192,2,7200,2.27819548872
215290,237296,240485,22006,3189,2,14400,7.90059579806
215699,219654,222470,3955,2816,2,7200,2.40447443182
216621,237080,835608,20459,598528,3,604800,1.03418219365
217015,217022,217024,7,2,1,3600,1.0
217117,217124,217131,7,7,1,1800,1.4
217140,217147,217275,7,128,1,3600,1.0546875
217307,217314,217391,7,77,1,1800,1.09090909091
217327,237290,836137,19963,598847,3,604800,1.03333572682
217415,218332,218649,917,317,1,3600,3.8927444795
217638,218557,218657,919,100,1,1800,10.19
218174,219683,223076,1509,3393,2,7200,1.44473916888
218548,219689,222718,1141,3029,2,7200,1.37669197755
218755,218762,219167,7,405,1,3600,1.01728395062
218797,218940,218961,143,21,2,1800,7.80952380952
218797,218873,218895,76,22,2,1800,4.45454545455
218797,218837,218861,40,24,2,1800,2.66666666667
218797,218803,218826,6,23,2,1800,1.26086956522
218797,218906,218927,109,21,2,1800,6.19047619048
218798,219006,219027,208,21,2,1800,10.9047619048
218798,219039,219060,241,21,2,1800,12.4761904762
218798,218973,218994,175,21,2,1800,9.33333333333
218798,219072,219094,274,22,2,1800,13.4545454545
218799,219172,219193,373,21,2,1800,18.7619047619
218799,219106,219127,307,21,2,1800,15.619047619
218799,219139,219160,340,21,2,1800,17.1904761905
218799,219147,219172,348,25,2,1800,14.92
218800,219205,219226,405,21,2,1800,20.2857142857
218800,219238,219259,438,21,2,1800,21.8571428571
218800,219271,219292,471,21,2,1800,23.4285714286
218800,219304,219325,504,21,2,1800,25.0
218801,219371,219392,570,21,2,1800,28.1428571429
218801,219354,219378,553,24,2,1800,24.0416666667
218801,219337,219359,536,22,2,1800,25.3636363636
218866,219189,219331,323,142,1,1800,3.27464788732
218879,219719,222752,840,3033,2,7200,1.27695351137
219677,219724,222828,47,3104,2,7200,1.01514175258
219678,219729,222617,51,2888,2,7200,1.01765927978
219680,220043,222953,363,2910,2,7200,1.12474226804
219681,220049,223086,368,3037,2,7200,1.12117220942
219683,220642,223620,959,2978,2,7200,1.32202820685
219684,220771,223898,1087,3127,2,7200,1.34761752478
219685,221038,223967,1353,2929,2,7200,1.46193240014
219687,221181,224031,1494,2850,2,7200,1.52421052632
219688,221521,224657,1833,3136,2,7200,1.58450255102
219797,237285,251808,17488,14523,4,14400,2.20415892033
219856,219863,223465,7,3602,1,3600,1.0019433648
219898,219904,222753,6,2849,6,3600,1.00210600211
220133,220139,220146,6,7,1,1800,1.3
220306,221527,224764,1221,3237,2,7200,1.37720111214
220316,220322,220369,6,47,1,1800,1.12765957447
220324,222355,225332,2031,2977,2,7200,1.68223043332
220383,222482,225417,2099,2935,2,7200,1.71516183986
220425,222552,225615,2127,3063,2,7200,1.694417238
220446,222628,225663,2182,3035,2,7200,1.71894563427
220608,220614,220691,6,77,1,1800,1.07792207792
220632,222730,225781,2098,3051,2,7200,1.68764339561
220762,222770,225721,2008,2951,2,7200,1.680447306
220935,220941,221059,6,118,1,1800,1.05084745763
220999,222839,226031,1840,3192,2,7200,1.57644110276
221029,222854,225731,1825,2877,2,7200,1.63434132777
221170,222860,225935,1690,3075,2,7200,1.54959349593
221285,222964,225843,1679,2879,2,7200,1.58318860716
221482,225670,229279,4188,3609,8,3600,2.1604322527
221629,223087,226151,1458,3064,2,7200,1.47584856397
221836,221994,254379,158,32385,8,172800,1.00487880191
221948,223097,226061,1149,2964,2,7200,1.38765182186
221984,223475,226425,1491,2950,2,7200,1.50542372881
222062,223631,226564,1569,2933,2,7200,1.53494715309
222206,223910,226913,1704,3003,2,7200,1.56743256743
222345,223978,226880,1633,2902,2,7200,1.56271536871
222443,222680,233612,237,10932,8,10800,1.02167947311
222470,224043,227266,1573,3223,2,7200,1.48805460751
222542,224669,227527,2127,2858,2,7200,1.74422673198
222617,224775,227839,2158,3064,2,7200,1.70430809399
222719,225221,228488,2502,3267,2,7200,1.76584022039
222752,225227,228387,2475,3160,2,7200,1.7832278481
222831,225232,228493,2401,3261,2,7200,1.73627721558
222954,225237,228214,2283,2977,2,7200,1.7668794088
223088,225343,228396,2255,3053,2,7200,1.73861775303
223579,225561,225663,1982,102,1,3600,20.431372549
223621,225428,228422,1807,2994,2,7200,1.60354041416
223902,225551,228764,1649,3213,2,7200,1.51322751323
223968,225556,228593,1588,3037,2,7200,1.52288442542
224034,225598,228613,1564,3015,2,7200,1.51873963516
224283,228485,238085,4202,9600,25,21599,1.43770833333
224557,238444,242345,13887,3901,2,14400,4.55985644706
224661,225604,228369,943,2765,2,7200,1.34104882459
224766,225626,228863,860,3237,2,7200,1.265678097
225339,225677,228680,338,3003,2,7200,1.11255411255
225421,225732,228704,311,2972,2,7200,1.10464333782
225467,237354,240697,11887,3343,8,288000,4.55578821418
225604,237437,245154,11833,7717,8,288000,2.53336788908
225616,225739,228688,123,2949,2,7200,1.04170905392
225664,225745,228735,81,2990,2,7200,1.027090301
225722,225792,228848,70,3056,2,7200,1.02290575916
225737,225799,228789,62,2990,2,7200,1.02073578595
225784,225805,228974,21,3169,2,7200,1.00662669612
225802,225812,226107,10,295,1,3600,1.03389830508
225844,225853,229038,9,3185,2,7200,1.00282574568
225937,225943,229016,6,3073,2,7200,1.00195248942
226034,226040,229144,6,3104,2,7200,1.00193298969
226061,226067,229023,6,2956,2,7200,1.00202976996
226152,226158,229114,6,2956,2,7200,1.00202976996
226229,226236,226631,7,395,1,3600,1.01772151899
226393,226399,227337,6,938,3,3540,1.00639658849
226426,226432,229401,6,2969,2,7200,1.00202088245
226565,226571,229594,6,3023,2,7200,1.00198478333
226777,226783,226811,6,28,2,3600,1.21428571429
226881,226888,229789,7,2901,2,7200,1.00241296105
226915,226922,229917,7,2995,2,7200,1.00233722871
227213,235800,242819,8587,7019,8,36000,2.22339364582
227261,227271,230198,10,2927,2,7200,1.00341646737
227479,242356,247163,14877,4807,2,14400,4.09486166008
227530,227536,230516,6,2980,2,7200,1.00201342282
227716,242830,248231,15114,5401,2,14400,3.7983706721
227841,227853,230869,12,3016,2,7200,1.00397877984
228215,228221,231230,6,3009,2,7200,1.00199401795
228372,228379,231643,7,3264,2,7200,1.00214460784
228389,228397,231385,8,2988,2,7200,1.00267737617
228404,228410,231333,6,2923,2,7200,1.0020526856
228422,228429,231344,7,2915,2,7200,1.00240137221
228461,228472,229092,11,620,8,1500,1.01774193548
228461,228467,229083,6,616,8,1500,1.00974025974
228461,228490,229110,29,620,8,1500,1.04677419355
228461,228478,229095,17,617,8,1500,1.02755267423
228462,229035,229657,573,622,8,1500,1.92122186495
228462,228860,229482,398,622,8,1500,1.63987138264
228462,228691,229307,229,616,8,1500,1.37175324675
228462,229094,229736,632,642,8,1500,1.98442367601
228463,229103,229725,640,622,8,1500,2.02893890675
228463,229291,229913,828,622,8,1500,2.33118971061
228463,229121,229745,658,624,8,1500,2.05448717949
228463,229110,229735,647,625,8,1500,2.0352
228464,229605,230222,1141,617,8,1500,2.84927066451
228464,229494,230110,1030,616,8,1500,2.67207792208
228464,229318,229937,854,619,8,1500,2.37964458805
228465,229752,230370,1287,618,8,1500,3.08252427184
228465,229747,230362,1282,615,8,1500,3.08455284553
228465,229736,230354,1271,618,8,1500,3.05663430421
228465,229669,230283,1204,614,8,1500,2.96091205212
228466,230121,230737,1655,616,8,1500,3.68668831169
228466,229948,230566,1482,618,8,1500,3.39805825243
228466,229759,230378,1293,619,8,1500,3.08885298869
228466,229924,230558,1458,634,8,1500,3.29968454259
228488,229932,234946,1444,5014,5,7200,1.28799361787
228488,228716,231843,228,3127,2,7200,1.07291333547
228489,230239,235432,1750,5193,5,7200,1.33699210476
228489,230233,235384,1744,5151,5,7200,1.33857503397
228490,230294,235410,1804,5116,5,7200,1.35261923378
228490,230304,235343,1814,5039,5,7200,1.35999206192
228491,230375,235527,1884,5152,5,7200,1.36568322981
228491,230365,235575,1874,5210,5,7200,1.35969289827
228492,230381,235502,1889,5121,5,7200,1.36887326694
228492,230387,235630,1895,5243,5,7200,1.36143429334
228493,230393,235543,1900,5150,5,7200,1.36893203883
228494,230527,235672,2033,5145,5,7200,1.39514091351
228494,230748,235769,2254,5021,5,7200,1.44891455885
228495,230754,235876,2259,5122,5,7200,1.44103865677
228495,232163,237411,3668,5248,5,7200,1.69893292683
228495,232168,237425,3673,5257,5,7200,1.69868746433
228496,233623,238835,5127,5212,5,7200,1.9836914812
228496,233628,238792,5132,5164,5,7200,1.99380325329
228497,234957,240081,6460,5124,5,7200,2.26073380172
228497,235052,240292,6555,5240,5,7200,2.25095419847
228498,235074,239878,6576,4804,5,7200,2.36885928393
228498,235065,240008,6567,4943,5,7200,2.32854541776
228499,235081,240311,6582,5230,5,7200,2.25850860421
228499,235086,240326,6587,5240,5,7200,2.2570610687
228503,228747,231911,244,3164,2,7200,1.07711757269
228570,228606,228721,36,115,2,900,1.31304347826
228596,229127,232346,531,3219,2,7200,1.16495806151
228614,230708,233477,2094,2769,2,7200,1.75622968581
228685,231243,234226,2558,2983,2,7200,1.85752598056
228699,231345,234276,2646,2931,2,7200,1.90276356192
228714,231361,234250,2647,2889,2,7200,1.916233991
228735,231398,234422,2663,3024,2,7200,1.88062169312
228766,229634,230045,868,411,2,900,3.11192214112
228766,231654,234886,2888,3232,2,7200,1.89356435644
228790,231855,235034,3065,3179,2,7200,1.96413966656
228850,231923,235042,3073,3119,2,7200,1.98525168323
228865,233489,236435,4624,2946,2,7200,2.56958587916
228977,234239,237154,5262,2915,2,7200,2.8051457976
229017,234263,237308,5246,3045,2,7200,2.72282430213
229032,234289,237484,5257,3195,2,7200,2.64538341158
229047,234434,237472,5387,3038,2,7200,2.77320605662
229115,234898,238093,5783,3195,2,7200,2.81001564945
229145,235046,238003,5901,2957,2,7200,2.99560365235
229236,238107,526246,8871,288139,8,288000,1.03078722422
229404,235099,237991,5695,2892,2,7200,2.96922544952
229468,238846,243206,9378,4360,8,288000,3.15091743119
229598,235358,238292,5760,2934,2,7200,2.96319018405
229791,235363,238255,5572,2892,2,7200,2.92669432918
229859,230577,379170,718,148593,16,180000,1.00483199074
229921,235396,238111,5475,2715,2,7200,3.01657458564
230200,235401,238451,5201,3050,2,7200,2.70524590164
230244,243223,245008,12979,1785,2,14400,8.27114845938
230510,235406,238401,4896,2995,2,7200,2.6347245409
230867,235421,238505,4554,3084,2,7200,2.4766536965
231231,235427,238402,4196,2975,2,7200,2.41042016807
231333,235443,238351,4110,2908,2,7200,2.41334250344
231348,235449,238433,4101,2984,2,7200,2.37432975871
231387,235454,238426,4067,2972,2,7200,2.36843876178
231426,243229,250022,11803,6793,2,14400,2.73752392168
231547,238096,261802,6549,23706,8,72000,1.27625917489
231646,235515,238695,3869,3180,2,7200,2.21666666667
231842,235092,235501,3250,409,2,900,8.94621026895
231844,235520,238479,3676,2959,2,7200,2.24231159175
231913,235538,238670,3625,3132,2,7200,2.15740740741
232245,240709,251022,8464,10313,8,288000,1.82071172307
232332,238102,273675,5770,35573,8,72000,1.16220166981
232348,235544,238565,3196,3021,2,7200,2.05792783846
233477,235555,238610,2078,3055,2,7200,1.68019639935
234031,245019,252512,10988,7493,2,14400,2.46643533965
234227,235560,238609,1333,3049,2,7200,1.43719252214
234251,235565,238602,1314,3037,2,7200,1.43266381297
234277,235587,238548,1310,2961,2,7200,1.44241810199
234425,235592,238860,1167,3268,2,7200,1.35709914321
234888,235642,238720,754,3078,2,7200,1.24496426251
235036,235647,238497,611,2850,2,7200,1.21438596491
235155,235162,235245,7,83,1,1800,1.0843373494
235364,246647,254099,11283,7452,2,21600,2.51409017713
235840,240337,312350,4497,72013,8,72000,1.06244705817
235862,235868,291763,6,55895,8,72000,1.00010734413
235863,236446,292157,583,55711,8,72000,1.01046471971
235864,237032,294967,1168,57935,8,72000,1.02016052473
236062,249903,256690,13841,6787,2,14400,3.03933991454
236432,237165,240006,733,2841,2,7200,1.25800774375
236679,250414,255836,13735,5422,2,14400,3.53319808189
237155,237320,240524,165,3204,2,7200,1.05149812734
237308,237443,240346,135,2903,2,7200,1.04650361695
237472,237484,240542,12,3058,2,7200,1.00392413342
237487,237497,240686,10,3189,2,7200,1.00313577924
237995,238003,241147,8,3144,2,7200,1.00254452926
238010,238016,241020,6,3004,2,7200,1.00199733688
238095,238116,241327,21,3211,2,7200,1.00654001869
238111,238124,241038,13,2914,2,7200,1.00446122169
238260,238267,241178,7,2911,2,7200,1.00240467193
238293,238304,241440,11,3136,2,7200,1.00350765306
238355,238363,241402,8,3039,2,7200,1.00263244488
238404,238413,241552,9,3139,2,7200,1.00286715514
238405,238419,241381,14,2962,2,7200,1.00472653612
238427,238438,241424,11,2986,2,7200,1.003683858
238442,238450,241589,8,3139,2,7200,1.00254858235
238457,238465,241555,8,3090,2,7200,1.00258899676
238482,238491,241556,9,3065,2,7200,1.00293637847
238500,238509,241485,9,2976,2,7200,1.00302419355
238516,238523,241496,7,2973,2,7200,1.00235452405
238549,238560,241569,11,3009,2,7200,1.00365569957
238567,238576,241712,9,3136,2,7200,1.00286989796
238604,238614,241802,10,3188,2,7200,1.00313676286
238619,238626,241411,7,2785,2,7200,1.00251346499
238620,238633,241557,13,2924,2,7200,1.00444596443
238698,238705,241629,7,2924,2,7200,1.00239398085
238721,238728,241807,7,3079,2,7200,1.00227346541
238863,238870,241935,7,3065,2,7200,1.00228384992
239967,240303,254800,336,14497,8,14400,1.02317720908
240007,240013,242878,6,2865,2,7200,1.00209424084
240347,240353,243342,6,2989,2,7200,1.00200736032
240524,240530,243907,6,3377,2,7200,1.0017767249
240542,240548,243484,6,2936,2,7200,1.00204359673
240640,242841,243251,2201,410,2,900,6.36829268293
240686,240692,243861,6,3169,2,7200,1.00189334175
241020,241027,244103,7,3076,2,7200,1.0022756827
241035,245166,255534,4131,10368,8,288000,1.3984375
241038,241045,244121,7,3076,2,7200,1.0022756827
241150,241156,244155,6,2999,2,7200,1.00200066689
241179,241187,244350,8,3163,2,7200,1.00252924439
241330,241336,244328,6,2992,2,7200,1.00200534759
241381,241388,244413,7,3025,2,7200,1.00231404959
241402,241409,244590,7,3181,2,7200,1.00220056586
241417,241424,244508,7,3084,2,7200,1.00226977951
241432,241438,244395,6,2957,2,7200,1.00202908353
241447,241453,244465,6,3012,2,7200,1.00199203187
241486,241492,244519,6,3027,2,7200,1.00198216056
241500,241507,244465,7,2958,2,7200,1.00236646383
241551,241558,244699,7,3141,2,7200,1.00222858962
241566,241573,244448,7,2875,2,7200,1.00243478261
241568,241580,244673,12,3093,2,7200,1.00387972842
241569,241585,244725,16,3140,2,7200,1.0050955414
241584,241592,244631,8,3039,2,7200,1.00263244488
241599,241605,244530,6,2925,2,7200,1.00205128205
241632,241638,244708,6,3070,2,7200,1.00195439739
241729,241736,244600,7,2864,2,7200,1.00244413408
241804,241810,245081,6,3271,2,7200,1.00183430144
241818,241824,244699,6,2875,2,7200,1.00208695652
241936,241942,244928,6,2986,2,7200,1.00200937709
242878,242884,245772,6,2888,2,7200,1.00207756233
243344,243350,246596,6,3246,2,7200,1.00184842884
243478,243490,246635,12,3145,2,7200,1.00381558029
243545,250042,256198,6497,6156,8,288000,2.05539311241
243865,243871,246934,6,3063,2,7200,1.00195886386
243910,243916,246885,6,2969,2,7200,1.00202088245
244104,244111,247088,7,2977,2,7200,1.00235136043
244121,244127,247251,6,3124,2,7200,1.0019206146
244158,244164,247483,6,3319,2,7200,1.00180777343
244331,244337,247467,6,3130,2,7200,1.00191693291
244352,244358,246990,6,2632,2,7200,1.00227963526
244398,244404,247403,6,2999,2,7200,1.00200066689
244413,244419,247533,6,3114,2,7200,1.00192678227
244450,244456,247400,6,2944,2,7200,1.00203804348
244468,244474,247413,6,2939,2,7200,1.00204151072
244469,244481,247379,12,2898,2,7200,1.00414078675
244509,244515,247503,6,2988,2,7200,1.00200803213
244524,244530,247487,6,2957,2,7200,1.00202908353
244539,244545,247693,6,3148,2,7200,1.00190597205
244590,244596,247563,6,2967,2,7200,1.00202224469
244605,244611,247623,6,3012,2,7200,1.00199203187
244633,244639,247775,6,3136,2,7200,1.00191326531
244672,244683,247700,11,3017,2,7200,1.00364600597
244700,244706,247614,6,2908,2,7200,1.00206327373
244701,244713,247727,12,3014,2,7200,1.00398142004
244718,244724,247902,6,3178,2,7200,1.00188797986
244733,244739,247726,6,2987,2,7200,1.00200870439
244930,244936,248147,6,3211,2,7200,1.00186857677
245083,245089,248030,6,2941,2,7200,1.00204012241
245440,251033,254561,5593,3528,8,288000,2.58531746032
245774,245780,248740,6,2960,2,7200,1.00202702703
245887,246173,246174,286,1,2,3540,28.7
246593,246599,249891,6,3292,2,7200,1.00182260024
246635,246641,250026,6,3385,2,7200,1.00177252585
246885,246891,250096,6,3205,2,7200,1.00187207488
246936,246942,250086,6,3144,2,7200,1.00190839695
246993,246999,249999,6,3000,2,7200,1.002
247090,247096,250085,6,2989,2,7200,1.00200736032
247252,247259,250442,7,3183,2,7200,1.00219918316
247382,247387,250258,5,2871,2,7200,1.00174155347
247397,247403,250357,6,2954,2,7200,1.00203114421
247411,247417,250446,6,3029,2,7200,1.00198085177
247426,247432,250488,6,3056,2,7200,1.00196335079
247469,247475,250774,6,3299,2,7200,1.00181873295
247483,247490,250406,7,2916,2,7200,1.0024005487
247498,247504,250766,6,3262,2,7200,1.00183936235
247513,247519,250860,6,3341,2,7200,1.0017958695
247534,247540,250779,6,3239,2,7200,1.00185242359
247564,247570,250442,6,2872,2,7200,1.00208913649
247615,247621,250584,6,2963,2,7200,1.00202497469
247630,247637,250657,7,3020,2,7200,1.00231788079
247693,247699,250798,6,3099,2,7200,1.00193610842
247708,247717,250875,9,3158,2,7200,1.002849905
247726,247732,250662,6,2930,2,7200,1.00204778157
247741,247747,251085,6,3338,2,7200,1.00179748352
247777,247783,250834,6,3051,2,7200,1.00196656834
247904,247910,250906,6,2996,2,7200,1.00200267023
248030,248036,250956,6,2920,2,7200,1.00205479452
248148,248154,251146,6,2992,2,7200,1.00200534759
248741,248747,251664,6,2917,2,7200,1.00205690778
249891,249897,253088,6,3191,2,7200,1.00188028831
249999,250006,252908,7,2902,2,7200,1.00241212957
250029,250035,252896,6,2861,2,7200,1.00209716882
250068,250081,253182,13,3101,2,7200,1.00419219607
250087,250093,253122,6,3029,2,7200,1.00198085177
250102,250107,253104,5,2997,2,7200,1.001668335
250142,250148,250159,6,11,8,21600,1.54545454545
250227,250233,250260,6,27,8,21600,1.22222222222
250258,250266,253405,8,3139,2,7200,1.00254858235
250357,250363,253460,6,3097,2,7200,1.00193735873
250408,250420,253461,12,3041,2,7200,1.00394607037
250444,250450,253403,6,2953,2,7200,1.00203183204
250446,250456,253491,10,3035,2,7200,1.00329489292
250460,250466,253379,6,2913,2,7200,1.00205973223
250490,250496,253733,6,3237,2,7200,1.00185356812
250586,250593,253894,7,3301,2,7200,1.00212056952
250659,250665,253591,6,2926,2,7200,1.002050581
250673,250679,253622,6,2943,2,7200,1.00203873598
250766,250773,253853,7,3080,2,7200,1.00227272727
250781,250788,253830,7,3042,2,7200,1.00230111769
250783,250793,253774,10,2981,2,7200,1.003354579
250800,250807,253794,7,2987,2,7200,1.00234348845
250836,250843,253643,7,2800,2,7200,1.0025
250860,250866,253843,6,2977,2,7200,1.0020154518
250878,250884,253934,6,3050,2,7200,1.00196721311
250908,250914,253812,6,2898,2,7200,1.00207039337
250959,250965,253947,6,2982,2,7200,1.00201207243
251085,251091,254034,6,2943,2,7200,1.00203873598
251146,251152,251180,6,28,1,900,1.21428571429
251148,251158,254106,10,2948,2,7200,1.00339213026
251418,254390,266272,2972,11882,8,288000,1.25012624137
251539,251545,251603,6,58,1,3600,1.10344827586
251652,251658,251660,6,2,1,3600,1.0
251666,251673,254618,7,2945,2,7200,1.00237691002
251749,251755,251812,6,57,1,3600,1.10526315789
251899,251905,251962,6,57,1,3600,1.10526315789
252217,252223,252224,6,1,1,36000,1.0
252277,252284,252286,7,2,1,36000,1.0
252350,252356,254334,6,1978,1,36000,1.00303336704
252537,252544,254461,7,1917,1,36000,1.00365153886
252644,252651,254598,7,1947,1,36000,1.00359527478
252899,252905,255953,6,3048,2,7200,1.00196850394
252914,252919,255985,5,3066,2,7200,1.0016307893
253091,253097,256066,6,2969,2,7200,1.00202088245
253106,253112,256165,6,3053,2,7200,1.00196528005
253124,253130,256063,6,2933,2,7200,1.00204568701
253184,253190,256293,6,3103,2,7200,1.00193361263
253380,253386,256595,6,3209,2,7200,1.00186974135
253403,253410,256406,7,2996,2,7200,1.0023364486
253418,253424,256345,6,2921,2,7200,1.00205409106
253460,253466,256404,6,2938,2,7200,1.00204220558
253475,253481,256298,6,2817,2,7200,1.00212992545
253493,253499,256668,6,3169,2,7200,1.00189334175
253592,253598,256853,6,3255,2,7200,1.00184331797
253625,253631,256547,6,2916,2,7200,1.00205761317
253643,253649,256793,6,3144,2,7200,1.00190839695
253736,253742,256732,6,2990,2,7200,1.00200668896
253775,253781,256868,6,3087,2,7200,1.0019436346
253796,253802,256767,6,2965,2,7200,1.00202360877
253814,253820,256884,6,3064,2,7200,1.00195822454
253832,253838,256991,6,3153,2,7200,1.00190294957
253847,253853,256643,6,2790,2,7200,1.00215053763
253861,253868,256968,7,3100,2,7200,1.00225806452
253894,253908,257014,14,3106,2,7200,1.00450740502
253933,253940,257014,7,3074,2,7200,1.00227716331
253948,253960,256731,12,2771,2,7200,1.00433056658
254035,254041,257114,6,3073,2,7200,1.00195248942
254107,254114,257264,7,3150,2,7200,1.00222222222
254620,254626,257517,6,2891,2,7200,1.00207540643
254951,254957,269375,6,14418,16,14400,1.00041614648
254952,266291,280727,11339,14436,16,14400,1.78546688833
254952,259531,273957,4579,14426,16,14400,1.3174130043
254952,256210,270619,1258,14409,16,14400,1.08730654452
254952,269386,283820,14434,14434,16,14400,2.0
254953,273968,285676,19015,11708,16,14400,2.62410317731
254953,270630,285063,15677,14433,16,14400,2.08619136701
254953,280739,283291,25786,2552,16,14400,11.1042319749
254953,283831,285742,28878,1911,16,14400,16.1114599686
255953,255960,259081,7,3121,2,7200,1.00224287087
255986,256000,258904,14,2904,2,7200,1.00482093664
256063,256071,259338,8,3267,2,7200,1.00244872972
256078,256085,259240,7,3155,2,7200,1.00221870048
256165,256172,259422,7,3250,2,7200,1.00215384615
256293,256300,259447,7,3147,2,7200,1.00222434064
256310,256317,259385,7,3068,2,7200,1.00228161669
256348,256355,259313,7,2958,2,7200,1.00236646383
256405,256420,259587,15,3167,2,7200,1.00473634354
256421,256427,259730,6,3303,2,7200,1.00181653043
256547,256554,259385,7,2831,2,7200,1.00247262451
256596,256603,259551,7,2948,2,7200,1.00237449118
256644,256652,259538,8,2886,2,7200,1.00277200277
256673,256680,259517,7,2837,2,7200,1.00246739514
256733,256740,259964,7,3224,2,7200,1.00217121588
256734,256747,259730,13,2983,2,7200,1.00435802883
256770,256776,259844,6,3068,2,7200,1.00195567145
256794,256800,259907,6,3107,2,7200,1.00193112327
256854,256861,260046,7,3185,2,7200,1.0021978022
256869,256876,260048,7,3172,2,7200,1.00220680958
256888,256894,260013,6,3119,2,7200,1.00192369349
256969,256975,259784,6,2809,2,7200,1.00213599146
256992,256999,259902,7,2903,2,7200,1.00241129866
257014,257022,259863,8,2841,2,7200,1.00281590989
257016,257027,260040,11,3013,2,7200,1.00365084633
257115,257122,260177,7,3055,2,7200,1.0022913257
257264,257270,260527,6,3257,2,7200,1.00184218606
257517,257523,260654,6,3131,2,7200,1.00191632066
258167,258174,259456,7,1282,1,3600,1.00546021841
258905,258911,261963,6,3052,2,7200,1.00196592398
259241,259247,262214,6,2967,2,7200,1.00202224469
259316,259322,262387,6,3065,2,7200,1.00195758564
259340,259347,262524,7,3177,2,7200,1.00220333648
259385,259391,262364,6,2973,2,7200,1.00201816347
259386,259398,262424,12,3026,2,7200,1.0039656312
259423,259429,262354,6,2925,2,7200,1.00205128205
259449,259457,262521,8,3064,2,7200,1.00261096606
259519,259525,262610,6,3085,2,7200,1.00194489465
259539,259546,262454,7,2908,2,7200,1.00240715268
259554,259562,262670,8,3108,2,7200,1.00257400257
259587,259593,262504,6,2911,2,7200,1.00206114737
259730,259736,262889,6,3153,2,7200,1.00190294957
259744,259752,262813,8,3061,2,7200,1.00261352499
259786,259793,262797,7,3004,2,7200,1.00233022636
259847,259853,262766,6,2913,2,7200,1.00205973223
259864,259872,262686,8,2814,2,7200,1.00284292822
259903,259910,262864,7,2954,2,7200,1.00236966825
259918,259925,262905,7,2980,2,7200,1.00234899329
259966,259972,263091,6,3119,2,7200,1.00192369349
260014,260021,263020,7,2999,2,7200,1.00233411137
260041,260049,262959,8,2910,2,7200,1.00274914089
260056,260063,263155,7,3092,2,7200,1.00226390686
260058,260069,263008,11,2939,2,7200,1.00374276965
260151,284203,312479,24052,28276,3,57540,1.85061536285
260178,260184,263192,6,3008,2,7200,1.00199468085
260528,260535,263592,7,3057,2,7200,1.00228982663
260655,260661,263708,6,3047,2,7200,1.00196914998
260989,273974,309753,12985,35779,6,180000,1.36292238464
261565,273979,278147,12414,4168,2,21600,3.97840690979
261967,261974,264933,7,2959,2,7200,1.00236566408
262217,262224,265332,7,3108,2,7200,1.00225225225
262299,277999,278602,15700,603,2,14400,27.0364842454
262357,262364,265509,7,3145,2,7200,1.00222575517
262372,262379,265403,7,3024,2,7200,1.00231481481
262387,262394,265361,7,2967,2,7200,1.00235928547
262426,262432,265597,6,3165,2,7200,1.0018957346
262456,262462,265628,6,3166,2,7200,1.00189513582
262507,262513,265559,6,3046,2,7200,1.00196979645
262522,262528,265670,6,3142,2,7200,1.00190961171
262536,262543,265777,7,3234,2,7200,1.00216450216
262612,262618,265839,6,3221,2,7200,1.00186277554
262670,262677,265723,7,3046,2,7200,1.00229809586
262688,262695,265648,7,2953,2,7200,1.00237047071
262704,278158,297249,15454,19091,2,107940,1.80949138337
262770,262776,265766,6,2990,2,7200,1.00200668896
262800,262806,265869,6,3063,2,7200,1.00195886386
262814,262821,265830,7,3009,2,7200,1.00232635427
262866,262872,265991,6,3119,2,7200,1.00192369349
262890,262897,265992,7,3095,2,7200,1.00226171244
262900,278613,290340,15713,11727,2,107940,2.3398993775
262908,262915,265984,7,3069,2,7200,1.00228087325
262962,262969,266058,7,3089,2,7200,1.00226610554
263009,263016,266003,7,2987,2,7200,1.00234348845
263024,263031,266000,7,2969,2,7200,1.00235769619
263093,263100,266208,7,3108,2,7200,1.00225225225
263157,263163,266226,6,3063,2,7200,1.00195886386
263193,263200,266218,7,3018,2,7200,1.00231941683
263595,263602,266540,7,2938,2,7200,1.00238257318
263710,263717,266488,7,2771,2,7200,1.00252616384
264937,264944,267917,7,2973,2,7200,1.00235452405
265334,265341,268410,7,3069,2,7200,1.00228087325
265361,265368,268812,7,3444,2,7200,1.00203252033
265403,265409,268361,6,2952,2,7200,1.00203252033
265511,265517,268614,6,3097,2,7200,1.00193735873
265562,265568,268615,6,3047,2,7200,1.00196914998
265598,265604,268671,6,3067,2,7200,1.0019563091
265631,265638,268772,7,3134,2,7200,1.00223356733
265670,265677,268676,7,2999,2,7200,1.00233411137
265685,265692,268687,7,2995,2,7200,1.00233722871
265724,265731,268850,7,3119,2,7200,1.00224430907
265766,265773,268708,7,2935,2,7200,1.00238500852
265781,265788,268736,7,2948,2,7200,1.00237449118
265830,265836,268767,6,2931,2,7200,1.00204708291
265845,265851,269038,6,3187,2,7200,1.00188264826
265869,265875,268967,6,3092,2,7200,1.00194049159
265986,265992,269186,6,3194,2,7200,1.00187852223
266001,266007,268906,6,2899,2,7200,1.0020696792
266002,266014,269021,12,3007,2,7200,1.00399068839
266004,266019,269054,15,3035,2,7200,1.00494233937
266019,266026,268916,7,2890,2,7200,1.00242214533
266058,266064,269177,6,3113,2,7200,1.00192740122
266211,266218,269275,7,3057,2,7200,1.00228982663
266226,266233,269493,7,3260,2,7200,1.00214723926
266227,266240,269502,13,3262,2,7200,1.0039852851
266490,266496,269555,6,3059,2,7200,1.0019614253
266541,266547,269445,6,2898,2,7200,1.00207039337
267848,284219,284221,16371,2,1,3600,1637.3
267919,267926,271005,7,3079,2,7200,1.00227346541
268362,268369,271377,7,3008,2,7200,1.00232712766
268413,268419,271543,6,3124,2,7200,1.0019206146
268615,268622,271616,7,2994,2,7200,1.00233800935
268629,268636,271670,7,3034,2,7200,1.00230718523
268671,268682,271600,11,2918,2,7200,1.00376970528
268686,268694,271848,8,3154,2,7200,1.00253646164
268701,268707,271546,6,2839,2,7200,1.00211342022
268731,268738,271873,7,3135,2,7200,1.00223285486
268746,268752,271785,6,3033,2,7200,1.00197823937
268773,268779,271824,6,3045,2,7200,1.00197044335
268774,268786,271861,12,3075,2,7200,1.00390243902
268813,268820,271775,7,2955,2,7200,1.00236886633
268852,268859,271745,7,2886,2,7200,1.00242550243
268906,268914,271993,8,3079,2,7200,1.00259824618
268921,268928,271775,7,2847,2,7200,1.00245872849
268969,268976,272004,7,3028,2,7200,1.00231175694
269023,269030,272060,7,3030,2,7200,1.00231023102
269041,269048,272078,7,3030,2,7200,1.00231023102
269056,269062,271986,6,2924,2,7200,1.00205198358
269179,269185,272171,6,2986,2,7200,1.00200937709
269194,269200,272124,6,2924,2,7200,1.00205198358
269447,269453,272760,6,3307,2,7200,1.00181433323
269495,269501,272275,6,2774,2,7200,1.0021629416
269510,269517,272455,7,2938,2,7200,1.00238257318
269558,269565,272431,7,2866,2,7200,1.00244242847
271008,271015,274297,7,3282,2,7200,1.00213284583
271381,271388,274466,7,3078,2,7200,1.00227420403
271545,271552,274590,7,3038,2,7200,1.00230414747
271559,271565,274624,6,3059,2,7200,1.0019614253
271602,271608,274733,6,3125,2,7200,1.00192
271617,271623,274584,6,2961,2,7200,1.00202634245
271642,284224,284232,12582,8,1,1800,1259.0
271671,271677,274679,6,3002,2,7200,1.00199866755
271747,271753,274822,6,3069,2,7200,1.00195503421
271775,271781,274545,6,2764,2,7200,1.002170767
271777,271789,274693,12,2904,2,7200,1.0041322314
271791,271798,274789,7,2991,2,7200,1.0023403544
271824,271831,274960,7,3129,2,7200,1.00223713647
271848,271854,274881,6,3027,2,7200,1.00198216056
271863,271870,274828,7,2958,2,7200,1.00236646383
271878,271884,274774,6,2890,2,7200,1.00207612457
271885,284230,284357,12345,127,1,3600,98.2047244094
271986,271993,274788,7,2795,2,7200,1.00250447227
272001,272008,275281,7,3273,2,7200,1.00213871066
272016,272022,274903,6,2881,2,7200,1.0020826102
272061,272067,275230,6,3163,2,7200,1.00189693329
272079,272085,275094,6,3009,2,7200,1.00199401795
272127,272133,275022,6,2889,2,7200,1.0020768432
272172,272179,274919,7,2740,2,7200,1.00255474453
272275,272281,275413,6,3132,2,7200,1.00191570881
272432,272438,275613,6,3175,2,7200,1.00188976378
272453,272460,275427,7,2967,2,7200,1.00235928547
272760,272766,275770,6,3004,2,7200,1.00199733688
272826,284209,287001,11383,2792,1,36000,5.07700573066
274299,274305,277178,6,2873,2,7200,1.00208840933
274468,274474,277550,6,3076,2,7200,1.00195058518
274546,274552,277604,6,3052,2,7200,1.00196592398
274585,274591,277536,6,2945,2,7200,1.00203735144
274599,274607,277670,8,3063,2,7200,1.00261181848
274626,274634,277593,8,2959,2,7200,1.00270361609
274680,274687,277611,7,2924,2,7200,1.00239398085
274695,274701,277929,6,3228,2,7200,1.00185873606
274733,274739,277763,6,3024,2,7200,1.00198412698
274775,274781,277797,6,3016,2,7200,1.00198938992
274790,274796,277799,6,3003,2,7200,1.001998002
274791,274804,277998,13,3194,2,7200,1.0040701315
274824,274830,277853,6,3023,2,7200,1.00198478333
274839,274845,277683,6,2838,2,7200,1.0021141649
274881,274887,277874,6,2987,2,7200,1.00200870439
274905,274911,277985,6,3074,2,7200,1.00195185426
274920,274926,278043,6,3117,2,7200,1.00192492782
274962,274969,277957,7,2988,2,7200,1.00234270415
275025,275031,277948,6,2917,2,7200,1.00205690778
275094,275102,278121,8,3019,2,7200,1.00264988407
275233,275240,278292,7,3052,2,7200,1.00229357798
275281,275287,278342,6,3055,2,7200,1.00196399345
275416,275424,278611,8,3187,2,7200,1.00251019768
275431,275437,278665,6,3228,2,7200,1.00185873606
275615,275621,278659,6,3038,2,7200,1.00197498354
275768,275775,278819,7,3044,2,7200,1.00229960578
277181,277187,279908,6,2721,2,7200,1.00220507166
277539,277545,280461,6,2916,2,7200,1.00205761317
277554,277561,280523,7,2962,2,7200,1.00236326806
277596,277603,280602,7,2999,2,7200,1.00233411137
277611,277617,280630,6,3013,2,7200,1.00199137073
277612,277624,280479,12,2855,2,7200,1.00420315236
277682,277690,280856,8,3166,2,7200,1.00252684776
277697,277703,280431,6,2728,2,7200,1.00219941349
277763,277769,280744,6,2975,2,7200,1.00201680672
277799,277806,280757,7,2951,2,7200,1.00237207726
277800,277813,281012,13,3199,2,7200,1.00406376993
277854,277860,280878,6,3018,2,7200,1.00198807157
277875,277882,281095,7,3213,2,7200,1.00217864924
277929,277935,281036,6,3101,2,7200,1.00193485972
277950,277956,281073,6,3117,2,7200,1.00192492782
277965,277972,280935,7,2963,2,7200,1.00236247047
277986,277992,281007,6,3015,2,7200,1.00199004975
278000,278007,281056,7,3049,2,7200,1.0022958347
278042,278049,281077,7,3028,2,7200,1.00231175694
278124,278131,281173,7,3042,2,7200,1.00230111769
278293,278299,281215,6,2916,2,7200,1.00205761317
278344,278350,281466,6,3116,2,7200,1.00192554557
278613,278620,281376,7,2756,2,7200,1.00253991292
278661,278667,281551,6,2884,2,7200,1.00208044383
278676,278682,281675,6,2993,2,7200,1.00200467758
278820,278828,281846,8,3018,2,7200,1.00265076209
279177,284235,284320,5058,85,1,1800,60.5058823529
279481,284214,288676,4733,4462,1,36000,2.06073509637
279912,279919,282654,7,2735,2,7200,1.00255941499
280433,280440,283431,7,2991,2,7200,1.0023403544
280463,280469,283542,6,3073,2,7200,1.00195248942
280481,280487,283493,6,3006,2,7200,1.00199600798
280526,280532,283525,6,2993,2,7200,1.00200467758
280604,280610,283602,6,2992,2,7200,1.00200534759
280631,280637,283608,6,2971,2,7200,1.00201952205
280745,280752,283750,7,2998,2,7200,1.00233488993
280760,280766,283776,6,3010,2,7200,1.00199335548
280856,280863,284032,7,3169,2,7200,1.00220889871
280880,280887,283691,7,2804,2,7200,1.00249643367
280934,280941,283859,7,2918,2,7200,1.00239890336
281010,281016,283949,6,2933,2,7200,1.00204568701
281024,281031,284214,7,3183,2,7200,1.00219918316
281039,281045,283869,6,2824,2,7200,1.00212464589
281057,281063,283930,6,2867,2,7200,1.00209277991
281075,281081,283987,6,2906,2,7200,1.00206469374
281090,281096,284120,6,3024,2,7200,1.00198412698
281105,281111,283900,6,2789,2,7200,1.00215130871
281174,281180,284483,6,3303,2,7200,1.00181653043
281216,281222,284213,6,2991,2,7200,1.00200601805
281379,281385,284357,6,2972,2,7200,1.00201884253
281466,281472,284512,6,3040,2,7200,1.00197368421
281553,281559,284708,6,3149,2,7200,1.00190536678
281676,281682,284684,6,3002,2,7200,1.00199866755
281848,281855,284845,7,2990,2,7200,1.00234113712
282655,282662,285800,7,3138,2,7200,1.0022307202
283432,283438,286230,6,2792,2,7200,1.00214899713
283495,283501,286394,6,2893,2,7200,1.00207397166
283528,283534,286813,6,3279,2,7200,1.00182982617
283543,283549,286588,6,3039,2,7200,1.00197433366
283603,283609,286647,6,3038,2,7200,1.00197498354
283618,283624,286694,6,3070,2,7200,1.00195439739
283691,283697,286609,6,2912,2,7200,1.00206043956
283751,283757,286764,6,3007,2,7200,1.0019953442
283778,283784,286631,6,2847,2,7200,1.00210748156
283862,283868,286802,6,2934,2,7200,1.00204498978
283877,283883,286820,6,2937,2,7200,1.00204290092
283904,283910,286785,6,2875,2,7200,1.00208695652
283934,283940,287005,6,3065,2,7200,1.00195758564
283952,283958,287000,6,3042,2,7200,1.00197238659
283987,283994,286941,7,2947,2,7200,1.00237529691
284033,284039,287277,6,3238,2,7200,1.00185299568
284123,284129,287289,6,3160,2,7200,1.00189873418
284213,284241,287241,28,3000,2,7200,1.00933333333
284214,284247,287467,33,3220,2,7200,1.0102484472
284329,284335,284473,6,138,1,3600,1.04347826087
284361,284367,287182,6,2815,2,7200,1.00213143872
284395,284401,284481,6,80,1,1800,1.075
284482,284488,284799,6,311,1,3600,1.0192926045
284486,284494,287324,8,2830,2,7200,1.00282685512
284513,284519,287593,6,3074,2,7200,1.00195185426
284571,285080,285190,509,110,1,1800,5.62727272727
284600,285200,285523,600,323,1,3600,2.85758513932
284658,285074,290665,416,5591,16,14400,1.07440529422
284686,284692,287644,6,2952,2,7200,1.00203252033
284710,284716,287513,6,2797,2,7200,1.00214515552
284721,285533,285641,812,108,1,1800,8.51851851852
284847,284855,287744,8,2889,2,7200,1.00276912426
285025,285698,286330,673,632,1,3600,2.06487341772
285564,285687,294328,123,8641,8,288000,1.0142344636
285570,285692,295338,122,9646,8,288000,1.01264772963
285731,286340,286721,609,381,1,1800,2.59842519685
285770,286731,287406,961,675,1,3600,2.4237037037
285804,285810,288818,6,3008,2,7200,1.00199468085
286098,286655,290665,557,4010,16,14400,1.13890274314
286156,286875,287277,719,402,1,1800,2.78855721393
286232,286238,289221,6,2983,2,7200,1.00201139792
286397,286403,289343,6,2940,2,7200,1.00204081633
286591,286597,289673,6,3076,2,7200,1.00195058518
286609,286615,289634,6,3019,2,7200,1.00198741305
286633,286639,289615,6,2976,2,7200,1.00201612903
286648,286664,289815,16,3151,2,7200,1.00507775309
286696,286702,289571,6,2869,2,7200,1.00209132102
286766,286773,289782,7,3009,2,7200,1.00232635427
286788,286794,290108,6,3314,2,7200,1.00181050091
286803,286809,289996,6,3187,2,7200,1.00188264826
286817,286824,289769,7,2945,2,7200,1.00237691002
286832,286838,289972,6,3134,2,7200,1.00191448628
286944,286950,290105,6,3155,2,7200,1.00190174326
287001,287007,290167,6,3160,2,7200,1.00189873418
287016,287022,290122,6,3100,2,7200,1.00193548387
287072,287198,288129,126,931,1,36000,1.13533834586
287185,287192,290125,7,2933,2,7200,1.00238663484
287242,287250,290293,8,3043,2,7200,1.00262898455
287245,287266,287389,21,123,1,3600,1.17073170732
287277,287283,290431,6,3148,2,7200,1.00190597205
287292,287298,290231,6,2933,2,7200,1.00204568701
287324,287330,290290,6,2960,2,7200,1.00202702703
287470,287476,290591,6,3115,2,7200,1.00192616372
287502,287508,287948,6,440,1,3600,1.01363636364
287516,287522,290438,6,2916,2,7200,1.00205761317
287594,287600,290685,6,3085,2,7200,1.00194489465
287645,287652,290511,7,2859,2,7200,1.00244840853
287746,287752,290739,6,2987,2,7200,1.00200870439
287946,287958,288007,12,49,1,1800,1.24489795918
288089,288095,288138,6,43,1,1800,1.13953488372
288210,288216,288894,6,678,1,3600,1.00884955752
288228,288234,288334,6,100,1,3600,1.06
288242,288344,288428,102,84,1,1800,2.21428571429
288366,288438,288520,72,82,1,1800,1.87804878049
288480,288530,289091,50,561,1,3600,1.08912655971
288820,288826,291697,6,2871,2,7200,1.00208986416
289084,289098,292251,14,3153,2,14400,1.00444021567
289153,290235,290494,1082,259,1,1800,5.17760617761
289166,290305,290563,1139,258,1,1800,5.41472868217
289207,290528,351876,1321,61348,8,86400,1.02153289431
289225,289231,292238,6,3007,2,7200,1.0019953442
289272,290692,300623,1420,9931,1,36000,1.14298660759
289330,289336,289387,6,51,2,1800,1.11764705882
289330,289347,289398,17,51,2,1800,1.33333333333
289330,289341,289393,11,52,2,1800,1.21153846154
289331,289359,289410,28,51,2,1800,1.54901960784
289331,289364,289415,33,51,2,1800,1.64705882353
289331,289353,289404,22,51,2,1800,1.43137254902
289331,289369,289420,38,51,2,1800,1.74509803922
289332,289391,289453,59,62,2,1800,1.95161290323
289332,289375,289426,43,51,2,1800,1.8431372549
289332,289380,289431,48,51,2,1800,1.94117647059
289332,289385,289437,53,52,2,1800,2.01923076923
289333,289408,289470,75,62,2,1800,2.20967741935
289333,289402,289454,69,52,2,1800,2.32692307692
289333,289396,289458,63,62,2,1800,2.01612903226
289333,289414,289477,81,63,2,1800,2.28571428571
289334,289420,289481,86,61,2,1800,2.40983606557
289334,289432,289485,98,53,2,1800,2.84905660377
289334,289426,289488,92,62,2,1800,2.48387096774
289334,289437,289488,103,51,2,1800,3.01960784314
289335,289444,289495,109,51,2,1800,3.13725490196
289345,289449,292487,104,3038,2,7200,1.03423304806
289382,290352,290904,970,552,1,3600,2.75724637681
289571,289577,292493,6,2916,2,7200,1.00205761317
289616,289622,292797,6,3175,2,7200,1.00188976378
289637,289643,292771,6,3128,2,7200,1.00191815857
289676,289683,292771,7,3088,2,7200,1.00226683938
289747,290681,293967,934,3286,2,14400,1.28423615338
289772,289778,292714,6,2936,2,7200,1.00204359673
289787,289793,292944,6,3151,2,7200,1.00190415741
289817,289823,292976,6,3153,2,7200,1.00190294957
289973,289979,293288,6,3309,2,7200,1.00181323663
289997,290003,293111,6,3108,2,7200,1.00193050193
290056,290135,290158,79,23,1,3600,4.4347826087
290076,290170,290191,94,21,1,3600,5.47619047619
290106,290112,293180,6,3068,2,7200,1.00195567145
290109,290203,290224,94,21,1,3600,5.47619047619
290121,290127,293030,6,2903,2,7200,1.00206682742
290136,290141,293136,5,2995,2,7200,1.00166944908
290137,290148,292966,11,2818,2,7200,1.00390347764
290170,290176,293364,6,3188,2,7200,1.00188205772
290233,290242,293455,9,3213,2,7200,1.00280112045
290291,290297,293364,6,3067,2,7200,1.0019563091
290306,290312,293585,6,3273,2,7200,1.00183318057
290339,290687,293271,348,2584,2,14400,1.1346749226
290432,290438,293528,6,3090,2,7200,1.00194174757
290447,290453,293456,6,3003,2,7200,1.001998002
290506,290698,292530,192,1832,1,36000,1.10480349345
290515,290521,293471,6,2950,2,7200,1.00203389831
290556,290676,294400,120,3724,16,3600,1.03222341568
290556,290703,292571,147,1868,1,36000,1.07869379015
290594,290600,293798,6,3198,2,7200,1.00187617261
290600,290708,292605,108,1897,1,36000,1.05693199789
290687,290714,293828,27,3114,2,7200,1.00867052023
290742,290748,293925,6,3177,2,7200,1.00188857413
290835,290840,290873,5,33,2,1800,1.15151515152
290835,290852,290875,17,23,2,1800,1.73913043478
290835,290846,290873,11,27,2,1800,1.40740740741
290836,290860,290880,24,20,2,1800,2.2
290836,290873,290893,37,20,2,1800,2.85
290836,290878,290899,42,21,2,1800,3.0
290836,290866,290887,30,21,2,1800,2.42857142857
290837,290884,290905,47,21,2,1800,3.2380952381
290837,290889,290921,52,32,2,1800,2.625
290837,290894,290926,57,32,2,1800,2.78125
290837,290900,290931,63,31,2,1800,3.03225806452
290838,290905,290937,67,32,2,1800,3.09375
290838,290910,290942,72,32,2,1800,3.25
290838,290919,290962,81,43,2,1800,2.88372093023
290838,290924,290967,86,43,2,1800,3.0
290839,290945,290976,106,31,2,1800,4.41935483871
290839,290929,290972,90,43,2,1800,3.09302325581
290839,290940,290972,101,32,2,1800,4.15625
290839,290935,290965,96,30,2,1800,4.2
290840,290951,290986,111,35,2,1800,4.17142857143
291397,291403,292393,6,990,2,14400,1.00606060606
291665,291671,291698,6,27,2,3600,1.22222222222
291697,291703,294856,6,3153,2,7200,1.00190294957
291866,322106,337291,30240,15185,8,288000,2.99143891999
291871,322113,323546,30242,1433,8,288000,22.1039776692
292025,292032,296615,7,4583,2,14400,1.00152738381
292124,298506,903338,6382,604832,12,604800,1.01055169039
292239,292245,295321,6,3076,2,7200,1.00195058518
292489,292495,295582,6,3087,2,7200,1.0019436346
292503,292510,295272,7,2762,2,7200,1.00253439537
292536,292542,293163,6,621,8,1500,1.00966183575
292537,292553,293177,16,624,8,1500,1.02564102564
292537,292548,293178,11,630,8,1500,1.01746031746
292537,292559,293183,22,624,8,1500,1.03525641026
292538,292565,293184,27,619,8,1500,1.0436187399
292538,292785,293400,247,615,8,1500,1.40162601626
292538,292987,293603,449,616,8,1500,1.7288961039
292538,293174,293793,636,619,8,1500,2.02746365105
292539,293189,293806,650,617,8,1500,2.05348460292
292539,293194,293810,655,616,8,1500,2.06331168831
292539,293201,293817,662,616,8,1500,2.07467532468
292540,293207,293827,667,620,8,1500,2.07580645161
292540,293468,294093,928,625,8,1500,2.4848
292540,293413,294033,873,620,8,1500,2.40806451613
292540,293212,293828,672,616,8,1500,2.09090909091
292541,293817,294434,1276,617,8,1500,3.0680713128
292541,293805,294422,1264,617,8,1500,3.04862236629
292541,293614,294235,1073,621,8,1500,2.72785829308
292542,293849,294474,1307,625,8,1500,3.0912
292542,293837,294474,1295,637,8,1500,3.03296703297
292542,293844,294474,1302,630,8,1500,3.06666666667
292542,293825,294445,1283,620,8,1500,3.06935483871
292543,294105,294722,1562,617,8,1500,3.53160453809
292548,294111,299046,1563,4935,5,7200,1.31671732523
292548,294247,299363,1699,5116,5,7200,1.33209538702
292549,294434,299483,1885,5049,5,7200,1.37334125569
292549,294446,299538,1897,5092,5,7200,1.37254516889
292550,294467,299653,1917,5186,5,7200,1.36964905515
292550,294474,299639,1924,5165,5,7200,1.37250726041
292550,294485,299554,1935,5069,5,7200,1.38173209706
292551,294491,299681,1940,5190,5,7200,1.37379576108
292551,294496,299566,1945,5070,5,7200,1.38362919132
292552,294733,299704,2181,4971,5,7200,1.43874471937
292552,294501,299556,1949,5055,5,7200,1.38555885262
292553,295284,300471,2731,5187,5,7200,1.52650857914
292553,294739,299734,2186,4995,5,7200,1.43763763764
292553,294978,300140,2425,5162,5,7200,1.46977915537
292554,295350,300413,2796,5063,5,7200,1.5522417539
292554,295611,300589,3057,4978,5,7200,1.61410204902
292555,296271,301547,3716,5276,5,7200,1.70432145565
292555,296445,301329,3890,4884,5,7200,1.79647829648
292556,296626,301790,4070,5164,5,7200,1.78814872192
292556,298511,303757,5955,5246,5,7200,2.13515059093
292557,299057,304337,6500,5280,5,7200,2.23106060606
292557,298517,303758,5960,5241,5,7200,2.13718755963
292558,299376,304611,6818,5235,5,7200,2.30238777459
292714,292721,295599,7,2878,2,7200,1.00243224461
292771,292778,295868,7,3090,2,7200,1.00226537217
292773,293300,296388,527,3088,2,7200,1.17066062176
292800,293378,296246,578,2868,2,7200,1.20153417015
292944,293483,296433,539,2950,2,7200,1.18271186441
292968,293540,296351,572,2811,2,7200,1.20348630381
292983,293620,296479,637,2859,2,7200,1.22280517664
293031,293978,296984,947,3006,2,7200,1.31503659348
293112,294358,297474,1246,3116,2,7200,1.3998716303
293136,297260,300224,4124,2964,2,7200,2.39136302294
293181,297487,300495,4306,3008,2,7200,2.43151595745
293290,299494,302618,6204,3124,2,7200,2.98591549296
293323,299500,302463,6177,2963,2,7200,3.08471144111
293362,299505,302524,6143,3019,2,7200,3.03477972839
293388,294867,298496,1479,3629,16,3600,1.40755028934
293455,299549,302437,6094,2888,2,7200,3.11011080332
293470,299555,302573,6085,3018,2,7200,3.01623591783
293485,299566,302524,6081,2958,2,7200,3.05578093306
293530,299572,302445,6042,2873,2,7200,3.10302819353
293587,299577,302491,5990,2914,2,7200,3.05559368566
293593,294410,302906,817,8496,25,21599,1.09616290019
293801,299584,302356,5783,2772,2,7200,3.08621933622
293822,294347,294370,525,23,1,3600,23.8260869565
293831,299589,302700,5758,3111,2,7200,2.85085181614
293842,294342,294365,500,23,1,3600,22.7391304348
293872,294352,294375,480,23,1,3600,21.8695652174
293927,299594,302420,5667,2826,2,7200,3.00530785563
294503,294509,294519,6,10,1,900,1.6
294857,299600,302894,4743,3294,2,7200,2.43989071038
295170,312522,321194,17352,8672,8,72000,3.00092250923
295266,300510,308110,5244,7600,2,14400,1.69
295273,299605,302550,4332,2945,2,7200,2.47096774194
295324,299651,302552,4327,2901,2,7200,2.49155463633
295354,312952,321196,17598,8244,8,72000,3.134643377
295583,299656,302707,4073,3051,2,7200,2.33497214028
295600,299665,302562,4065,2897,2,7200,2.403175699
295868,299670,302684,3802,3014,2,7200,2.26144658261
295899,326390,335525,30491,9135,2,14400,4.33782156541
296248,299675,302609,3427,2934,2,7200,2.16802999318
296353,299693,302801,3340,3108,2,7200,2.07464607465
296389,299698,302739,3309,3041,2,7200,2.08812890497
296434,299716,302604,3282,2888,2,7200,2.1364265928
296479,299721,302654,3242,2933,2,7200,2.10535288101
296490,326395,333914,29905,7519,2,14400,4.97725761404
296956,326400,332765,29444,6365,2,14400,5.6259230165
296988,299726,302640,2738,2914,2,7200,1.93960192176
297059,324307,366011,27248,41704,4,86400,1.65336658354
297474,299746,302820,2272,3074,2,7200,1.73910214704
297640,326405,331791,28765,5386,2,14400,6.3406981062
298497,300600,304341,2103,3741,16,3600,1.56214915798
299187,324312,326377,25125,2065,8,288000,13.1670702179
299191,335808,337554,36617,1746,8,288000,21.9719358534
299209,302929,310247,3720,7318,16,7200,1.50833561082
300225,300231,303475,6,3244,2,7200,1.00184956843
300496,300503,303490,7,2987,2,7200,1.00234348845
300700,301559,301970,859,411,2,900,3.0900243309
300700,301981,320864,1281,18883,1,21600,1.0678387968
300822,304347,453274,3525,148927,18,198000,1.0236693145
300827,301803,302213,976,410,2,900,3.38048780488
300870,312362,461963,11492,149601,18,198000,1.07681766833
302359,302366,305317,7,2951,2,7200,1.00237207726
302422,302429,305236,7,2807,2,7200,1.00249376559
302424,302436,302487,12,51,2,1800,1.23529411765
302424,302441,302493,17,52,2,1800,1.32692307692
302425,302463,302524,38,61,2,1800,1.62295081967
302425,302457,302519,32,62,2,1800,1.51612903226
302425,302452,302513,27,61,2,1800,1.44262295082
302425,302447,302508,22,61,2,1800,1.3606557377
302426,302500,302564,74,64,2,1800,2.15625
302426,302468,302530,42,62,2,1800,1.67741935484
302426,302474,302536,48,62,2,1800,1.77419354839
302427,302507,302569,80,62,2,1800,2.29032258065
302427,302520,302573,93,53,2,1800,2.75471698113
302427,302512,302574,85,62,2,1800,2.37096774194
302427,302527,302580,100,53,2,1800,2.88679245283
302428,302533,302586,105,53,2,1800,2.98113207547
302428,302540,302591,112,51,2,1800,3.19607843137
302428,302545,302598,117,53,2,1800,3.20754716981
302429,302491,302553,62,62,2,1800,2.0
302429,302486,302547,57,61,2,1800,1.93442622951
302429,302481,302533,52,52,2,1800,2.0
302431,302550,302606,119,56,2,1800,3.125
302437,302558,305483,121,2925,2,7200,1.04136752137
302452,302563,305536,111,2973,2,7200,1.03733602422
302467,302568,305499,101,2931,2,7200,1.03445922893
302481,317664,318036,15183,372,1,21600,41.814516129
302491,302575,305734,84,3159,2,7200,1.02659069326
302527,302581,305510,54,2929,2,7200,1.01843632639
302528,302586,305732,58,3146,2,7200,1.01843610935
302552,302591,305372,39,2781,2,7200,1.01402373247
302554,302596,305768,42,3172,2,7200,1.0132408575
302569,302602,305512,33,2910,2,7200,1.01134020619
302584,302609,305835,25,3226,2,7200,1.00774953503
302605,302615,306004,10,3389,2,7200,1.00295072293
302620,302626,305528,6,2902,2,7200,1.00206753963
302621,302632,305730,11,3098,2,7200,1.00355067786
302642,302648,305489,6,2841,2,7200,1.00211193242
302657,302663,305694,6,3031,2,7200,1.0019795447
302687,302694,305633,7,2939,2,7200,1.0023817625
302702,302708,305809,6,3101,2,7200,1.00193485972
302717,302723,305520,6,2797,2,7200,1.00214515552
302741,302747,305655,6,2908,2,7200,1.00206327373
302755,302762,302783,7,21,2,1800,1.33333333333
302755,302767,302788,12,21,2,1800,1.57142857143
302756,302772,302793,16,21,2,1800,1.7619047619
302756,302779,302801,23,22,2,1800,2.04545454545
302756,302784,302806,28,22,2,1800,2.27272727273
302756,302794,302817,38,23,2,1800,2.65217391304
302756,302789,302810,33,21,2,1800,2.57142857143
302757,302807,302838,50,31,2,1800,2.61290322581
302757,302812,302845,55,33,2,1800,2.66666666667
302757,302800,302833,43,33,2,1800,2.30303030303
302758,302835,302894,77,59,2,1800,2.30508474576
302758,302824,302894,66,70,2,1800,1.94285714286
302758,302840,302898,82,58,2,1800,2.41379310345
302758,302829,302894,71,65,2,1800,2.09230769231
302758,302817,302894,59,77,2,1800,1.76623376623
302759,302847,302894,88,47,2,1800,2.87234042553
302759,302852,302896,93,44,2,1800,3.11363636364
302759,302865,302897,106,32,2,1800,4.3125
302759,302894,302920,135,26,2,1800,6.19230769231
302760,302899,302920,139,21,2,1800,7.61904761905
302802,302906,305707,104,2801,2,7200,1.03712959657
302820,302911,305903,91,2992,2,7200,1.0304144385
302841,302936,475766,95,172830,16,172800,1.00054967309
302894,302916,305910,22,2994,2,7200,1.00734802939
303444,303452,303708,8,256,2,3540,1.03125
303476,303482,306485,6,3003,2,7200,1.001998002
303491,303497,306458,6,2961,2,7200,1.00202634245
303609,304358,625917,749,321559,1,604800,1.00232927705
303641,308127,602150,4486,294023,1,604800,1.0152573098
303800,303806,303834,6,28,2,3600,1.21428571429
303817,306470,306794,2653,324,2,3540,9.18827160494
303957,303964,303990,7,26,2,3600,1.26923076923
304075,304081,304700,6,619,8,1500,1.00969305331
304075,304086,304724,11,638,8,1500,1.01724137931
304075,304353,304970,278,617,8,1500,1.45056726094
304076,304735,305354,659,619,8,1500,2.06462035541
304076,304711,305335,635,624,8,1500,2.01762820513
304076,304622,305240,546,618,8,1500,1.88349514563
304077,305254,305877,1177,623,8,1500,2.88924558587
304077,305347,305965,1270,618,8,1500,3.05501618123
304077,304981,304991,904,10,8,1500,91.4
304077,305003,305627,926,624,8,1500,2.48397435897
304078,305705,306325,1627,620,8,1500,3.62419354839
304078,305638,306257,1560,619,8,1500,3.52019386107
304078,305524,306140,1446,616,8,1500,3.3474025974
304078,305365,305983,1287,618,8,1500,3.08252427184
304079,305888,306504,1809,616,8,1500,3.93668831169
304079,305917,306655,1838,738,8,1500,3.49051490515
304079,305746,306368,1667,622,8,1500,3.68006430868
304079,305977,306655,1898,678,8,1500,3.7994100295
304080,306337,306954,2257,617,8,1500,4.65802269044
304080,306269,306888,2189,619,8,1500,4.53634894992
304080,305995,306655,1915,660,8,1500,3.90151515152
304080,306152,306771,2072,619,8,1500,4.34733441034
304081,306381,306998,2300,617,8,1500,4.72771474878
304092,306668,311579,2576,4911,5,7200,1.52453675423
304092,304098,309107,6,5009,5,7200,1.00119784388
304092,306516,311745,2424,5229,5,7200,1.46356855995
304093,306673,312023,2580,5350,5,7200,1.48224299065
304093,306678,312061,2585,5383,5,7200,1.48021549322
304094,306782,311841,2688,5059,5,7200,1.53133030243
304094,306745,311926,2651,5181,5,7200,1.51167728238
304095,309119,314238,5024,5119,5,7200,1.98144168783
304095,307010,312310,2915,5300,5,7200,1.55
304095,306965,312231,2870,5266,5,7200,1.54500569692
304096,311756,317059,7660,5303,5,7200,2.44446539695
304096,311590,316488,7494,4898,5,7200,2.5300122499
304097,311854,317135,7757,5281,5,7200,2.46885059648
304097,311938,317120,7841,5182,5,7200,2.51312234658
304097,312035,317452,7938,5417,5,7200,2.46538674543
304098,312072,317200,7974,5128,5,7200,2.55499219969
304098,312243,317467,8145,5224,5,7200,2.55915007657
304099,314251,319339,10152,5088,5,7200,2.99528301887
304099,312322,317099,8223,4777,5,7200,2.72137324681
304100,317110,322128,13010,5018,5,7200,3.59266640096
304100,317071,322435,12971,5364,5,7200,3.41815809098
304100,316500,321202,12400,4702,5,7200,3.63717566993
304101,317132,322424,13031,5292,5,7200,3.46239606954
304705,306496,306504,1791,8,1,1800,179.9
305067,309759,324295,4692,14536,16,14400,1.32278481013
305241,305248,308258,7,3010,2,7200,1.0023255814
305317,305371,308441,54,3070,2,7200,1.01758957655
305374,305380,308734,6,3354,2,7200,1.00178890877
305482,305505,308779,23,3274,2,7200,1.00702504582
305498,305512,308691,14,3179,2,7200,1.0044039006
305500,305548,308644,48,3096,2,7200,1.01550387597
305516,305644,308623,128,2979,2,7200,1.04296743874
305517,306000,308953,483,2953,2,7200,1.16356247884
305532,306157,309133,625,2976,2,7200,1.21001344086
305533,306521,309545,988,3024,2,7200,1.32671957672
305548,306526,309615,978,3089,2,7200,1.31660731628
305635,306750,309684,1115,2934,2,7200,1.38002726653
305657,306788,309931,1131,3143,2,7200,1.35984727967
305696,306793,309878,1097,3085,2,7200,1.35559157212
305711,306971,309845,1260,2874,2,7200,1.43841336117
305732,306976,310131,1244,3155,2,7200,1.39429477021
305733,307016,309915,1283,2899,2,7200,1.44256640221
305748,308122,311287,2374,3165,2,7200,1.75007898894
305769,308271,311537,2502,3266,2,7200,1.76607470912
305811,308453,311748,2642,3295,2,7200,1.80182094082
305835,308634,311696,2799,3062,2,7200,1.91410842587
305907,308656,311912,2749,3256,2,7200,1.84428746929
305921,308702,311666,2781,2964,2,7200,1.93825910931
306006,308747,312012,2741,3265,2,7200,1.83950995406
306461,308790,311636,2329,2846,2,7200,1.81834153197
306487,308969,311817,2482,2848,2,7200,1.87148876404
306797,306804,306883,7,79,1,1800,1.08860759494
307117,307124,307215,7,91,1,1800,1.07692307692
307282,337571,340144,30289,2573,2,14400,12.7718616401
307705,307711,308083,6,372,1,1800,1.01612903226
308159,308166,308168,7,2,1,4260,1.0
308261,309145,312065,884,2920,2,7200,1.30273972603
308442,309558,312596,1116,3038,2,7200,1.36734693878
308546,337576,340863,29030,3287,2,14400,9.83176148464
308628,309628,312617,1000,2989,2,7200,1.33456005353
308645,309696,312763,1051,3067,2,7200,1.34268014346
308694,309857,312922,1163,3065,2,7200,1.37944535073
308736,309890,313034,1154,3144,2,7200,1.36704834606
308778,308784,308791,6,7,1,1800,1.3
308781,309927,312821,1146,2894,2,7200,1.39599170698
308953,309942,312931,989,2989,2,7200,1.33087989294
308955,308962,309006,7,44,1,1800,1.15909090909
309134,310143,313057,1009,2914,2,7200,1.3462594372
309248,309254,309331,6,77,1,1800,1.07792207792
309495,309765,309768,270,3,1,4260,27.3
309549,311299,314446,1750,3147,2,7200,1.55608516047
309618,311548,314471,1930,2923,2,7200,1.6602805337
309687,311647,314496,1960,2849,2,7200,1.68796068796
309847,311678,314700,1831,3022,2,7200,1.60589013898
309880,311707,314532,1827,2825,2,7200,1.64672566372
309916,311764,314438,1848,2674,2,7200,1.69109947644
309934,311829,314855,1895,3026,2,7200,1.62623925975
309972,309979,310243,7,264,1,1800,1.02651515152
310026,310032,310034,6,2,1,4260,1.0
310133,311931,314881,1798,2950,2,7200,1.60949152542
310285,310291,310293,6,2,1,4260,1.0
310556,310567,344883,11,34316,1,604800,1.00032055018
310645,310651,345319,6,34668,1,604800,1.00017307027
310760,312368,312375,1608,7,1,3600,161.5
311247,311254,312503,7,1249,1,1200,1.00560448359
311291,312025,315359,734,3334,2,7200,1.22015596881
311323,311331,311741,8,410,2,900,1.01951219512
311538,312080,315031,542,2951,2,7200,1.18366655371
311637,312608,315696,971,3088,2,7200,1.31444300518
311667,312629,315808,962,3179,2,7200,1.30261088393
311697,312775,315901,1078,3126,2,7200,1.34484964811
311818,312833,316010,1015,3177,2,7200,1.31948378974
311914,312933,315999,1019,3066,2,7200,1.33235485975
312013,312943,316229,930,3286,2,7200,1.28301886792
312067,313045,315938,978,2893,2,7200,1.33805737988
312484,318772,318901,6288,129,1,3600,49.7441860465
312599,313068,316289,469,3221,2,7200,1.14560695436
312620,314450,317400,1830,2950,2,7200,1.62033898305
312764,314458,317645,1694,3187,2,7200,1.53153435833
312821,314484,317596,1663,3112,2,7200,1.53438303342
312924,314507,317561,1583,3054,2,7200,1.51833660773
312939,314544,317644,1605,3100,2,7200,1.51774193548
312980,337581,342192,24601,4611,2,14400,6.33528518759
313035,314712,317700,1677,2988,2,7200,1.56124497992
313059,314867,317884,1808,3017,2,7200,1.59927079881
313192,318911,320273,5719,1362,1,7200,5.19897209985
314442,314893,317670,451,2777,2,7200,1.16240547353
314457,315043,318231,586,3188,2,7200,1.18381430364
314472,315370,318223,898,2853,2,7200,1.31475639678
314499,315708,318677,1209,2969,2,7200,1.40720781408
314535,315820,318847,1285,3027,2,7200,1.42451271886
314700,315913,318839,1213,2926,2,7200,1.41455912509
314857,315950,319008,1093,3058,2,7200,1.35742315239
314884,316012,319104,1128,3092,2,7200,1.36481241915
315031,316022,319182,991,3160,2,7200,1.31360759494
315363,316302,319359,939,3057,2,7200,1.30716388616
315697,316505,319499,808,2994,2,7200,1.26987307949
315809,317147,320152,1338,3005,2,7200,1.44525790349
315902,317152,320445,1250,3293,2,7200,1.37959307622
315941,317212,320464,1271,3252,2,7200,1.39083640836
316001,317217,320272,1216,3055,2,7200,1.39803600655
316017,317222,320406,1205,3184,2,7200,1.37845477387
316160,347963,355142,31803,7179,2,21600,5.43000417885
316233,317412,320465,1179,3053,2,7200,1.3861775303
316296,317464,320562,1168,3098,2,7200,1.3770174306
316802,347968,355092,31166,7124,2,21600,5.37478944413
317401,317469,320693,68,3224,2,7200,1.02109181141
317563,317569,320267,6,2698,2,7200,1.00222386953
317599,317605,320612,6,3007,2,7200,1.0019953442
317644,317651,320843,7,3192,2,7200,1.00219298246
317646,317659,320609,13,2950,2,7200,1.00440677966
317658,318048,318762,390,714,1,900,1.54621848739
317673,317679,320452,6,2773,2,7200,1.0021637216
317703,317709,320761,6,3052,2,7200,1.00196592398
317712,340156,344359,22444,4203,2,14400,6.33999524149
317887,317893,320906,6,3013,2,7200,1.00199137073
318224,318230,321277,6,3047,2,7200,1.00196914998
318239,318245,321490,6,3245,2,7200,1.00184899846
318315,347974,351073,29659,3099,2,21600,10.570506615
318679,318685,321493,6,2808,2,7200,1.00213675214
318842,318848,321553,6,2705,2,7200,1.0022181146
318856,318863,321760,7,2897,2,7200,1.00241629272
318871,347981,351283,29110,3302,2,21600,9.8158691702
318990,347952,455962,28962,108010,4,108000,1.26814183872
319011,319017,322255,6,3238,2,7200,1.00185299568
319032,322119,322435,3087,316,1,3600,10.7689873418
319041,347958,455993,28917,108035,4,108000,1.26766325728
319105,319111,322119,6,3008,2,7200,1.00199468085
319149,320284,322102,1135,1818,1,36000,1.62431243124
319183,319189,322107,6,2918,2,7200,1.00205620288
319203,320876,322789,1673,1913,1,36000,1.87454260324
319361,319367,322375,6,3008,2,7200,1.00199468085
319502,319508,322535,6,3027,2,7200,1.00198216056
319511,351433,354491,31922,3058,2,21600,11.4388489209
319846,354219,390633,34373,36414,2,90000,1.94395012907
319917,322241,322244,2324,3,2,600,232.7
320099,351897,368636,31798,16739,2,21600,2.89963558158
320152,320158,323371,6,3213,2,7200,1.00186741363
320293,320300,323337,7,3037,2,7200,1.00230490616
320408,320415,323472,7,3057,2,7200,1.00228982663
320447,320454,323422,7,2968,2,7200,1.00235849057
320462,320469,323351,7,2882,2,7200,1.00242886884
320477,320484,323525,7,3041,2,7200,1.00230187438
320478,320491,323680,13,3189,2,7200,1.00407651301
320562,320568,323773,6,3205,2,7200,1.00187207488
320610,320616,323407,6,2791,2,7200,1.00214976711
320625,320631,323933,6,3302,2,7200,1.00181708056
320694,320700,323894,6,3194,2,7200,1.00187852223
320763,320770,323610,7,2840,2,7200,1.00246478873
320845,320854,323840,9,2986,2,7200,1.00301406564
320908,320914,324059,6,3145,2,7200,1.00190779014
321278,321286,324374,8,3088,2,7200,1.00259067358
321493,321500,324669,7,3169,2,7200,1.00220889871
321499,351891,357478,30392,5587,4,36000,6.43977089672
321507,321516,324826,9,3310,2,7200,1.00271903323
321555,321561,324500,6,2939,2,7200,1.00204151072
321577,324301,331690,2724,7389,16,36000,1.36865611043
321591,331701,367708,10110,36007,16,36000,1.28077873747
321763,321769,324789,6,3020,2,7200,1.00198675497
322110,322126,325283,16,3157,2,7200,1.00506810263
322125,322133,325209,8,3076,2,7200,1.00260078023
322163,351903,354208,29740,2305,4,36000,13.9023861171
322258,322264,325442,6,3178,2,7200,1.00188797986
322376,322382,325482,6,3100,2,7200,1.00193548387
322536,322543,325871,7,3328,2,7200,1.00210336538
322673,322680,323324,7,644,1,3600,1.01086956522
322802,348019,348047,25217,28,1,3600,901.607142857
322824,348059,348084,25235,25,1,3600,1010.4
322955,322962,322972,7,10,1,600,1.7
322956,322968,322977,12,9,1,600,2.1
322958,322974,322975,16,1,1,600,1.7
322959,322983,322989,24,6,1,600,3.0
322961,322995,322996,34,1,1,600,3.5
322963,323002,323009,39,7,1,600,4.6
322964,323007,323013,43,6,1,600,4.9
322965,323014,323020,49,6,1,600,5.5
322966,323020,323026,54,6,1,600,6.0
322968,323028,323037,60,9,1,600,6.9
322969,323034,323042,65,8,1,600,7.3
322970,323041,323051,71,10,1,600,8.1
322974,323062,323074,88,12,1,600,8.33333333333
322975,323070,323076,95,6,1,600,10.1
322976,323075,323087,99,12,1,600,9.25
322979,323093,323098,114,5,1,600,11.9
322980,323100,323105,120,5,1,600,12.5
322985,323124,323131,139,7,1,600,14.6
322987,323131,323144,144,13,1,600,12.0769230769
322988,323147,323151,159,4,1,600,16.3
322989,323154,323160,165,6,1,600,17.1
322990,323161,323170,171,9,1,600,18.0
322992,323168,323175,176,7,1,600,18.3
322994,323182,323187,188,5,1,600,19.3
322996,323189,323195,193,6,1,600,19.9
322997,323194,323200,197,6,1,600,20.3
322998,323201,323209,203,8,1,600,21.1
322999,323208,323240,209,32,1,600,7.53125
323001,323215,323288,214,73,1,600,3.93150684932
323002,323222,323226,220,4,1,600,22.4
323005,323250,323272,245,22,1,600,12.1363636364
323006,323277,323286,271,9,1,600,28.0
323007,323284,323303,277,19,1,600,15.5789473684
323010,323305,323324,295,19,1,600,16.5263157895
323011,323313,323356,302,43,1,600,8.02325581395
323013,323329,323334,316,5,1,600,32.1
323014,323335,323356,321,21,1,600,16.2857142857
323015,323341,323351,326,10,1,600,33.6
323016,323347,323348,331,1,1,600,33.2
323018,323359,323365,341,6,1,600,34.7
323019,323366,323385,347,19,1,600,19.2631578947
323020,323379,323391,359,12,1,600,30.9166666667
323023,323389,323395,366,6,1,600,37.2
323024,323402,323409,378,7,1,600,38.5
323025,323407,323421,382,14,1,600,28.2857142857
323028,323419,323436,391,17,1,600,24.0
323030,323431,323440,401,9,1,600,41.0
323033,323448,323453,415,5,1,600,42.0
323034,323461,323471,427,10,1,600,43.7
323036,323466,323531,430,65,1,600,7.61538461538
323037,323471,323472,434,1,1,600,43.5
323038,323477,323482,439,5,1,600,44.4
323041,323490,323515,449,25,1,600,18.96
323042,323503,323512,461,9,1,600,47.0
323044,323521,323527,477,6,1,600,48.3
323046,323528,323535,482,7,1,600,48.9
323047,323533,323562,486,29,1,600,17.7586206897
323048,323540,323549,492,9,1,600,50.1
323049,323552,323560,503,8,1,600,51.1
323051,323557,323565,506,8,1,600,51.4
323126,340875,355313,17749,14438,2,14400,2.22932539133
323341,323353,326401,12,3048,2,7200,1.00393700787
323356,323372,326514,16,3142,2,7200,1.0050922979
323371,323394,326363,23,2969,2,7200,1.00774671607
323411,323436,326467,25,3031,2,7200,1.00824810294
323426,323453,326518,27,3065,2,7200,1.0088091354
323474,323495,326444,21,2949,2,7200,1.00712105799
323526,323545,326633,19,3088,2,7200,1.00615284974
323610,323616,326576,6,2960,2,7200,1.00202702703
323682,323690,326926,8,3236,2,7200,1.00247218789
323776,323783,326882,7,3099,2,7200,1.00225879316
323842,323848,326936,6,3088,2,7200,1.00194300518
323894,323900,326833,6,2933,2,7200,1.00204568701
323936,323942,326755,6,2813,2,7200,1.00213295414
324059,324067,327113,8,3046,2,7200,1.00262639527
324376,324382,327544,6,3162,2,7200,1.00189753321
324502,324509,327433,7,2924,2,7200,1.00239398085
324671,324677,327645,6,2968,2,7200,1.00202156334
324791,324798,327972,7,3174,2,7200,1.00220541903
324828,324835,327965,7,3130,2,7200,1.00223642173
324920,327258,327268,2338,10,1,600,234.8
324921,327281,327288,2360,7,1,600,236.7
324924,327312,327317,2388,5,1,600,239.3
324926,327340,327341,2414,1,1,600,241.5
324927,327353,327359,2426,6,1,600,243.2
324928,327372,327378,2444,6,1,600,245.0
324930,327390,327395,2460,5,1,600,246.5
324931,327408,327413,2477,5,1,600,248.2
324932,327425,327434,2493,9,1,600,250.2
324933,327446,327493,2513,47,1,600,54.4680851064
324935,327506,327516,2571,10,1,600,258.1
324936,327528,327529,2592,1,1,600,259.3
324938,327558,327570,2620,12,1,600,219.333333333
324939,327582,327588,2643,6,1,600,264.9
324941,327600,327611,2659,11,1,600,242.727272727
324943,327635,327640,2692,5,1,600,269.7
324944,327652,327658,2708,6,1,600,271.4
324949,327706,327712,2757,6,1,600,276.3
324952,327737,327741,2785,4,1,600,278.9
324953,327753,327759,2800,6,1,600,280.6
324954,327771,327780,2817,9,1,600,282.6
324955,327792,327800,2837,8,1,600,284.5
324958,327824,327829,2866,5,1,600,287.1
324959,327841,327846,2882,5,1,600,288.7
324960,327859,327865,2899,6,1,600,290.5
324961,327878,327886,2917,8,1,600,292.5
324963,327897,327930,2934,33,1,600,89.9090909091
324964,327942,328015,2978,73,1,600,41.7945205479
324965,328027,328031,3062,4,1,600,306.6
324968,328056,328089,3088,33,1,600,94.5757575758
324969,331804,331813,6835,9,1,600,684.4
324970,331809,331829,6839,20,1,600,342.95
324973,331838,331847,6865,9,1,600,687.4
324974,331846,331892,6872,46,1,600,150.391304348
324975,331860,331865,6885,5,1,600,689.0
324976,331877,331897,6901,20,1,600,346.05
324977,331904,331909,6927,5,1,600,693.2
324979,331910,331911,6931,1,1,600,693.2
324980,331921,331926,6941,5,1,600,694.6
324981,331928,331946,6947,18,1,600,386.944444444
324982,331939,331953,6957,14,1,600,497.928571429
324985,331973,331979,6988,6,1,600,699.4
324986,331979,331986,6993,7,1,600,700.0
324987,331990,332004,7003,14,1,600,501.214285714
324990,332010,332027,7020,17,1,600,413.941176471
324992,332018,332019,7026,1,1,600,702.7
324993,332031,332040,7038,9,1,600,704.7
324995,332052,332057,7057,5,1,600,706.2
324997,332057,332067,7060,10,1,600,707.0
324998,332069,332134,7071,65,1,600,109.784615385
325000,332091,332096,7091,5,1,600,709.6
325003,332122,332147,7119,25,1,600,285.76
325004,332147,332156,7143,9,1,600,715.2
325006,332168,332174,7162,6,1,600,716.8
325008,332176,332182,7168,6,1,600,717.4
325009,332186,332214,7177,28,1,600,257.321428571
325010,332194,332203,7184,9,1,600,719.3
325011,332215,332222,7204,7,1,600,721.1
325013,332226,332234,7213,8,1,600,722.1
325014,332234,332235,7220,1,1,600,722.1
325016,332254,332282,7238,28,1,600,259.5
325018,332263,332282,7245,19,1,600,382.315789474
325019,332294,332299,7275,5,1,600,728.0
325020,332299,332300,7279,1,1,600,728.0
325021,332313,332329,7292,16,1,600,456.75
325023,332319,332327,7296,8,1,600,730.4
325024,332339,332348,7315,9,1,600,732.4
325025,332345,332363,7320,18,1,600,407.666666667
325026,332361,332386,7335,25,1,600,294.4
325027,332376,332393,7349,17,1,600,433.294117647
325029,332398,332677,7369,279,1,600,27.4121863799
325030,332410,332424,7380,14,1,600,528.142857143
325031,332436,332455,7405,19,1,600,390.736842105
325032,332467,332473,7435,6,1,600,744.1
325034,332485,332495,7451,10,1,600,746.1
325035,332507,332517,7472,10,1,600,748.2
325037,332546,332547,7509,1,1,600,751.0
325039,332560,332574,7521,14,1,600,538.214285714
325041,332598,332604,7557,6,1,600,756.3
325184,354224,354229,29040,5,2,600,2904.5
325210,325218,328259,8,3041,2,7200,1.00263071358
325286,325293,328334,7,3041,2,7200,1.00230187438
325442,325450,328546,8,3096,2,7200,1.00258397933
325484,325491,328596,7,3105,2,7200,1.00225442834
325873,325879,328893,6,3014,2,7200,1.00199071002
326364,326373,329358,9,2985,2,7200,1.00301507538
326404,326412,329407,8,2995,2,7200,1.00267111853
326446,326453,329500,7,3047,2,7200,1.00229734165
326470,326477,329308,7,2831,2,7200,1.00247262451
326515,326522,329429,7,2907,2,7200,1.00240798074
326530,326537,329606,7,3069,2,7200,1.00228087325
326578,326584,329758,6,3174,2,7200,1.00189035917
326635,326642,329644,7,3002,2,7200,1.00233177881
326729,351187,639317,24458,288130,8,288000,1.08488529483
326755,326762,329557,7,2795,2,7200,1.00250447227
326834,326841,329788,7,2947,2,7200,1.00237529691
326864,326887,330056,23,3169,2,7200,1.00725781003
326927,326934,330172,7,3238,2,7200,1.00216182829
326942,326950,330071,8,3121,2,7200,1.002563281
327114,327121,329973,7,2852,2,7200,1.00245441795
327328,332640,332647,5312,7,1,600,531.9
327330,332660,332685,5330,25,1,600,214.2
327332,332689,332928,5357,239,1,600,23.4142259414
327333,332697,332698,5364,1,1,600,536.5
327394,332710,332727,5316,17,1,600,313.705882353
327395,332738,332739,5343,1,1,600,534.4
327397,332751,332919,5354,168,1,600,32.869047619
327398,332777,332787,5379,10,1,600,538.9
327433,327439,330485,6,3046,2,7200,1.00196979645
327495,332782,332784,5287,2,1,600,528.9
327496,332796,332803,5300,7,1,600,530.7
327497,332804,332811,5307,7,1,600,531.4
327499,332815,332821,5316,6,1,600,532.2
327545,327551,330585,6,3034,2,7200,1.00197758734
327624,332848,332881,5224,33,1,600,159.303030303
327625,332856,332879,5231,23,1,600,228.434782609
327627,332891,332897,5264,6,1,600,527.0
327647,327659,330565,12,2906,2,7200,1.00412938747
327689,332909,332916,5220,7,1,600,522.7
327692,332916,332936,5224,20,1,600,262.2
327695,332939,332945,5244,6,1,600,525.0
327756,332951,332956,5195,5,1,600,520.0
327759,332963,332969,5204,6,1,600,521.0
327760,332970,332980,5210,10,1,600,522.0
327822,332975,332989,5153,14,1,600,369.071428571
327823,332982,332986,5159,4,1,600,516.3
327826,332999,333000,5173,1,1,600,517.4
327889,333012,333033,5123,21,1,600,244.952380952
327890,333031,333038,5141,7,1,600,514.8
327951,333045,333048,5094,3,1,600,509.7
327953,333052,333060,5099,8,1,600,510.7
327967,327973,331152,6,3179,2,7200,1.00188738597
327981,327989,331126,8,3137,2,7200,1.0025502072
328068,328101,330181,33,2080,1,21600,1.01586538462
328091,333066,333094,4975,28,1,600,178.678571429
328091,333745,335588,5654,1843,1,21600,4.06782419967
328091,331966,333727,3875,1761,1,21600,3.20045428734
328091,330192,331956,2101,1764,1,21600,2.1910430839
328092,336127,337973,8035,1846,1,21600,5.35265438787
328092,337308,339310,9216,2002,1,21600,5.6033966034
328092,337313,339561,9221,2248,1,21600,5.1018683274
328092,337302,339399,9210,2097,1,21600,5.39198855508
328092,337318,339458,9226,2140,1,21600,5.31121495327
328092,333074,333083,4982,9,1,600,499.1
328093,337329,339417,9236,2088,1,21600,5.42337164751
328093,337324,339492,9231,2168,1,21600,5.25784132841
328093,337334,339267,9241,1933,1,21600,5.78065183652
328093,337565,339519,9472,1954,1,21600,5.84749232344
328093,337340,339331,9247,1991,1,21600,5.6443997991
328094,337928,339926,9834,1998,1,21600,5.92192192192
328094,339288,341283,11194,1995,1,21600,6.61102756892
328094,337984,340158,9890,2174,1,21600,5.54921803128
328094,339321,341394,11227,2073,1,21600,6.4158224795
328094,339342,341320,11248,1978,1,21600,6.6865520728
328095,333109,333114,5014,5,1,600,501.9
328095,339428,341264,11333,1836,1,21600,7.17265795207
328095,339411,341264,11316,1853,1,21600,7.10685375067
328095,339503,341556,11408,2053,1,21600,6.55674622504
328095,339469,341487,11374,2018,1,21600,6.63627353816
328095,339531,341242,11436,1711,1,21600,7.68381063705
328096,339573,341579,11477,2006,1,21600,6.72133599202
328122,339937,341744,11815,1807,1,21600,7.53846153846
328262,328269,331155,7,2886,2,7200,1.00242550243
328337,328344,331302,7,2958,2,7200,1.00236646383
328548,328554,331594,6,3040,2,7200,1.00197368421
328599,328607,331747,8,3140,2,7200,1.0025477707
328893,328900,331773,7,2873,2,7200,1.00243647755
329309,329316,332307,7,2991,2,7200,1.0023403544
329360,329366,332401,6,3035,2,7200,1.00197693575
329408,329414,332484,6,3070,2,7200,1.00195439739
329433,329440,332344,7,2904,2,7200,1.00241046832
329502,329508,332441,6,2933,2,7200,1.00204568701
329559,329566,332394,7,2828,2,7200,1.00247524752
329607,329614,333010,7,3396,2,7200,1.00206124853
329646,329654,332662,8,3008,2,7200,1.00265957447
329758,329764,332532,6,2768,2,7200,1.00216763006
329788,329795,332938,7,3143,2,7200,1.00222717149
329973,329980,333093,7,3113,2,7200,1.00224863476
330057,330064,333283,7,3219,2,7200,1.00217458838
330072,330079,333012,7,2933,2,7200,1.00238663484
330174,330181,333044,7,2863,2,7200,1.00244498778
330484,330491,333382,7,2891,2,7200,1.00242130751
330565,330571,333534,6,2963,2,7200,1.00202497469
330586,330593,333657,7,3064,2,7200,1.0022845953
331129,331135,334233,6,3098,2,7200,1.00193673338
331153,331159,334140,6,2981,2,7200,1.0020127474
331168,331174,334487,6,3313,2,7200,1.00181104739
331303,331311,334254,8,2943,2,7200,1.00271831464
331596,331603,334434,7,2831,2,7200,1.00247262451
331747,331754,334626,7,2872,2,7200,1.00243732591
331774,331781,334871,7,3090,2,7200,1.00226537217
331822,333114,333136,1292,22,1,600,59.7272727273
331883,333126,333133,1243,7,1,600,125.0
331885,333146,333167,1261,21,1,600,61.0476190476
331886,333153,333161,1267,8,1,600,127.5
331887,333173,333174,1286,1,1,600,128.7
331949,333180,333224,1231,44,1,600,28.9772727273
331957,333188,333215,1231,27,1,600,46.5925925926
331958,333227,333233,1269,6,1,600,127.5
331960,333236,333243,1276,7,1,600,128.3
331961,333245,333254,1284,9,1,600,129.3
331962,333255,333264,1293,9,1,600,130.2
331963,333266,333273,1303,7,1,600,131.0
332026,333285,333313,1259,28,1,600,45.9642857143
332027,333297,333310,1270,13,1,600,98.6923076923
332029,333322,333328,1293,6,1,600,129.9
332030,333329,333361,1299,32,1,600,41.59375
332094,333367,333373,1273,6,1,600,127.9
332095,333373,333394,1278,21,1,600,61.8571428571
332096,333385,333394,1289,9,1,600,129.8
332098,333406,333415,1308,9,1,600,131.7
332099,333411,333412,1312,1,1,600,131.3
332160,333424,333432,1264,8,1,600,127.2
332163,333442,333455,1279,13,1,600,99.3846153846
332164,333450,333454,1286,4,1,600,129.0
332166,333478,333523,1312,45,1,600,30.1555555556
332167,333483,333487,1316,4,1,600,132.0
332228,333499,333505,1271,6,1,600,127.7
332229,333518,333523,1289,5,1,600,129.4
332231,333535,333593,1304,58,1,600,23.4827586207
332232,333540,333541,1308,1,1,600,130.9
332233,333555,333560,1322,5,1,600,132.7
332295,333572,333577,1277,5,1,600,128.2
332297,333603,333614,1306,11,1,600,119.727272727
332299,333611,333617,1312,6,1,600,131.8
332300,333626,333633,1326,7,1,600,133.3
332308,332327,335231,19,2904,2,7200,1.00654269972
332347,332353,335467,6,3114,2,7200,1.00192678227
332363,333644,333645,1281,1,1,600,128.2
332364,333652,333657,1288,5,1,600,129.3
332366,333673,333687,1307,14,1,600,94.3571428571
332395,332405,335163,10,2758,2,7200,1.00362581581
332410,332418,335439,8,3021,2,7200,1.00264812976
332428,333678,333697,1250,19,1,600,66.7894736842
332429,333700,333707,1271,7,1,600,127.8
332433,333710,333724,1277,14,1,600,92.2142857143
332443,332449,335357,6,2908,2,7200,1.00206327373
332485,332492,335738,7,3246,2,7200,1.00215650031
332495,333731,333735,1236,4,1,600,124.0
332496,333738,333744,1242,6,1,600,124.8
332533,332540,335496,7,2956,2,7200,1.00236806495
332558,333753,333958,1195,205,1,600,6.82926829268
332559,333761,333767,1202,6,1,600,120.8
332560,333778,333783,1218,5,1,600,122.3
332562,333795,333839,1233,44,1,600,29.0227272727
332623,333851,333858,1228,7,1,600,123.5
332624,333870,333896,1246,26,1,600,48.9230769231
332626,333908,333912,1282,4,1,600,128.6
332627,333924,333941,1297,17,1,600,77.2941176471
332662,332668,335653,6,2985,2,7200,1.00201005025
332688,333931,333950,1243,19,1,600,66.4210526316
332690,333936,333938,1246,2,1,600,124.8
332692,333956,333975,1264,19,1,600,67.5263157895
332755,333969,333976,1214,7,1,600,122.1
332756,333976,333980,1220,4,1,600,122.4
332817,333981,334004,1164,23,1,600,51.6086956522
332819,333988,333993,1169,5,1,600,117.4
332884,334013,334026,1129,13,1,600,87.8461538462
332885,334021,334026,1136,5,1,600,114.1
332886,334026,334027,1140,1,1,600,114.1
332888,334031,334036,1143,5,1,600,114.8
332889,334038,334043,1149,5,1,600,115.4
332940,332946,335738,6,2792,2,7200,1.00214899713
332950,334043,334049,1093,6,1,600,109.9
332952,334048,334080,1096,32,1,600,35.25
332953,334056,334128,1103,72,1,600,16.3194444444
332954,334061,334084,1107,23,1,600,49.1304347826
332955,334078,334084,1123,6,1,600,112.9
332958,334100,334107,1142,7,1,600,114.9
332959,334105,334126,1146,21,1,600,55.5714285714
333012,333020,336112,8,3092,2,7200,1.00258732212
333014,333025,335861,11,2836,2,7200,1.0038787024
333021,334112,334127,1091,15,1,600,73.7333333333
333022,334120,334130,1098,10,1,600,110.8
333023,334137,334143,1114,6,1,600,112.0
333025,334145,334151,1120,6,1,600,112.6
333026,334150,334156,1124,6,1,600,113.0
333027,334155,334156,1128,1,1,600,112.9
333029,334162,334219,1133,57,1,600,20.8771929825
333033,334168,334188,1135,20,1,600,57.75
333034,334180,334186,1146,6,1,600,115.2
333047,333059,336147,12,3088,2,7200,1.00388601036
333095,333102,336251,7,3149,2,7200,1.00222292791
333097,334197,334205,1100,8,1,600,110.8
333098,334205,334211,1107,6,1,600,111.3
333099,334210,334233,1111,23,1,600,49.3043478261
333101,334217,334218,1116,1,1,600,111.7
333103,334232,334244,1129,12,1,600,95.0833333333
333165,334238,334245,1073,7,1,600,108.0
333166,334244,334245,1078,1,1,600,107.9
333169,334262,334267,1093,5,1,600,109.8
333230,334267,334285,1037,18,1,600,58.6111111111
333231,334272,334273,1041,1,1,600,104.2
333233,334278,334497,1045,219,1,600,5.77168949772
333234,334291,334293,1057,2,1,600,105.9
333285,333292,336294,7,3002,2,7200,1.00233177881
333295,334297,334305,1002,8,1,600,101.0
333297,334304,334308,1007,4,1,600,101.1
333298,334311,334317,1013,6,1,600,101.9
333299,334318,334324,1019,6,1,600,102.5
333301,334324,334338,1023,14,1,600,74.0714285714
333302,334332,334340,1030,8,1,600,103.8
333363,334339,334348,976,9,1,600,98.5
333365,334350,334366,985,16,1,600,62.5625
333367,334366,334376,999,10,1,600,100.9
333369,334373,334378,1004,5,1,600,100.9
333370,334380,334391,1010,11,1,600,92.8181818182
333384,333392,336285,8,2893,2,7200,1.00276529554
333432,334387,334391,955,4,1,600,95.9
333433,334394,334403,961,9,1,600,97.0
333434,334403,334415,969,12,1,600,81.75
333437,334414,334421,977,7,1,600,98.4
333438,334422,334427,984,5,1,600,98.9
333439,334429,334444,990,15,1,600,67.0
333501,334436,334442,935,6,1,600,94.1
333502,334443,334452,941,9,1,600,95.0
333535,333548,336716,13,3168,2,7200,1.00410353535
333565,334462,334547,897,85,1,600,11.5529411765
333566,334469,334486,903,17,1,600,54.1176470588
333568,334475,334481,907,6,1,600,91.3
333569,334493,334499,924,6,1,600,93.0
333574,334500,334501,926,1,1,600,92.7
333636,334514,334519,878,5,1,600,88.3
333637,334519,334524,882,5,1,600,88.7
333638,334524,334534,886,10,1,600,89.6
333640,334532,334538,892,6,1,600,89.8
333641,334539,334544,898,5,1,600,90.3
333642,334547,334556,905,9,1,600,91.4
333644,334554,334594,910,40,1,600,23.75
333659,333665,336625,6,2960,2,7200,1.00202702703
333705,334561,334593,856,32,1,600,27.75
333706,334566,334567,860,1,1,600,86.1
333708,334574,334578,866,4,1,600,87.0
333709,334581,334591,872,10,1,600,88.2
333710,334589,334592,879,3,1,600,88.2
333772,334602,334610,830,8,1,600,83.8
333774,334615,334616,841,1,1,600,84.2
333776,334620,334682,844,62,1,600,14.6129032258
333777,334628,334709,851,81,1,600,11.5061728395
333778,334633,334638,855,5,1,600,86.0
333840,334638,334639,798,1,1,600,79.9
333901,334655,334682,754,27,1,600,28.9259259259
333903,334660,334683,757,23,1,600,33.9130434783
333904,334695,334702,791,7,1,600,79.8
333965,334700,334701,735,1,1,600,73.6
333967,334705,334721,738,16,1,600,47.125
333968,334714,334721,746,7,1,600,75.3
333969,334725,334726,756,1,1,600,75.7
333971,334730,334739,759,9,1,600,76.8
333972,334741,334852,769,111,1,600,7.92792792793
333973,334746,334747,773,1,1,600,77.4
334035,334754,334764,719,10,1,600,72.9
334036,334759,334769,723,10,1,600,73.3
334037,334766,334774,729,8,1,600,73.7
334039,334775,334796,736,21,1,600,36.0476190476
334040,334783,334788,743,5,1,600,74.8
334041,334789,334795,748,6,1,600,75.4
334042,334800,334807,758,7,1,600,76.5
334044,334807,334990,763,183,1,600,5.1693989071
334045,334813,334814,768,1,1,600,76.9
334046,334821,334827,775,6,1,600,78.1
334049,334839,334840,790,1,1,600,79.1
334115,334847,334852,732,5,1,600,73.7
334121,334853,334860,732,7,1,600,73.9
334122,334863,334864,741,1,1,600,74.2
334123,334869,334906,746,37,1,600,21.1621621622
334126,334881,334910,755,29,1,600,27.0344827586
334127,334888,334894,761,6,1,600,76.7
334141,334173,337146,32,2973,2,7200,1.01076353851
334190,334919,334922,729,3,1,600,73.2
334191,334924,334925,733,1,1,600,73.4
334194,334940,334948,746,8,1,600,75.4
334195,334945,334955,750,10,1,600,76.0
334196,334953,334959,757,6,1,600,76.3
334198,334960,335066,762,106,1,600,8.18867924528
334199,334967,334977,768,10,1,600,77.8
334200,334974,334985,774,11,1,600,71.3636363636
334202,334989,335002,787,13,1,600,61.5384615385
334235,334255,337455,20,3200,2,7200,1.00625
334256,334283,337316,27,3033,2,7200,1.00890207715
334263,334996,335016,733,20,1,600,37.65
334265,335014,335420,749,406,1,600,2.84482758621
334267,335022,335033,755,11,1,600,69.6363636364
334268,335029,335079,761,50,1,600,16.22
334269,335046,335051,777,5,1,600,78.2
334271,335063,335077,792,14,1,600,57.5714285714
334272,335079,335099,807,20,1,600,41.35
334274,335096,335149,822,53,1,600,16.5094339623
334276,335104,335115,828,11,1,600,76.2727272727
334337,335112,335119,775,7,1,600,78.2
334338,335126,335133,788,7,1,600,79.5
334340,335134,335139,794,5,1,600,79.9
334341,335144,335145,803,1,1,600,80.4
334342,335152,335158,810,6,1,600,81.6
334343,335159,335165,816,6,1,600,82.2
334348,335186,335194,838,8,1,600,84.6
334409,335192,335214,783,22,1,600,36.5909090909
334416,335213,335221,797,8,1,600,80.5
334417,335219,335288,802,69,1,600,12.6231884058
334418,335227,335234,809,7,1,600,81.6
334420,335234,335508,814,274,1,600,3.97080291971
334421,335248,335288,827,40,1,600,21.675
334422,335300,335301,878,1,1,600,87.9
334424,335306,335322,882,16,1,600,56.125
334437,334450,337607,13,3157,2,7200,1.00411783339
334485,335313,335322,828,9,1,600,83.7
334486,335334,335412,848,78,1,600,11.8717948718
334488,334506,337448,18,2942,2,7200,1.00611828688
334488,335339,335384,851,45,1,600,19.9111111111
334489,335396,335535,907,139,1,600,7.52517985612
334492,335433,335454,941,21,1,600,45.8095238095
334556,335485,335498,929,13,1,600,72.4615384615
334557,335490,335501,933,11,1,600,85.8181818182
334558,335512,335517,954,5,1,600,95.9
334560,335519,335523,959,4,1,600,96.3
334561,335526,335538,965,12,1,600,81.4166666667
334564,335540,335555,976,15,1,600,66.0666666667
334565,335545,335553,980,8,1,600,98.8
334566,335551,335563,985,12,1,600,83.0833333333
334568,335558,335564,990,6,1,600,99.6
334627,334646,337848,19,3202,2,7200,1.00593379138
334629,335563,335564,934,1,1,600,93.5
334630,335568,335573,938,5,1,600,94.3
334631,335575,335576,944,1,1,600,94.5
334633,335581,335587,948,6,1,600,95.4
334634,335586,335595,952,9,1,600,96.1
334635,335592,335597,957,5,1,600,96.2
334637,335597,335604,960,7,1,600,96.7
334638,335604,335626,966,22,1,600,44.9090909091
334639,335609,335618,970,9,1,600,97.9
334701,335615,335636,914,21,1,600,44.5238095238
334702,335620,335649,918,29,1,600,32.6551724138
334703,335628,335629,925,1,1,600,92.6
334704,335633,335717,929,84,1,600,12.0595238095
334706,335639,335652,933,13,1,600,72.7692307692
334708,335651,335705,943,54,1,600,18.462962963
334770,335657,335675,887,18,1,600,50.2777777778
334775,335664,335669,889,5,1,600,89.4
334777,335669,335670,892,1,1,600,89.3
334778,335675,335685,897,10,1,600,90.7
334779,335680,335681,901,1,1,600,90.2
334782,335698,335709,916,11,1,600,84.2727272727
334783,335703,335712,920,9,1,600,92.9
334784,335709,335721,925,12,1,600,78.0833333333
334846,335716,335733,870,17,1,600,52.1764705882
334847,335722,335727,875,5,1,600,88.0
334848,335727,335728,879,1,1,600,88.0
334850,335734,335743,884,9,1,600,89.3
334851,335739,335797,888,58,1,600,16.3103448276
334852,335745,335758,893,13,1,600,69.6923076923
334854,335750,335757,896,7,1,600,90.3
334855,337587,337604,2732,17,1,600,161.705882353
334871,334894,337867,23,2973,2,7200,1.00773629331
334916,337622,337632,2706,10,1,600,271.6
334918,337644,337658,2726,14,1,600,195.714285714
334919,337671,337685,2752,14,1,600,197.571428571
334923,337722,337734,2799,12,1,600,234.25
334926,337758,337917,2832,159,1,600,18.8113207547
334927,340170,340171,5243,1,1,600,524.4
334990,340194,340253,5204,59,1,600,89.2033898305
334991,340266,340271,5275,5,1,600,528.0
334993,341254,341264,6261,10,1,600,627.1
334994,341278,341288,6284,10,1,600,629.4
334995,341283,341285,6288,2,1,600,629.0
334997,341288,341289,6291,1,1,600,629.2
334998,341308,341314,6310,6,1,600,631.6
334999,341326,341371,6327,45,1,600,141.6
335061,341333,341385,6272,52,1,600,121.615384615
335062,341383,341386,6321,3,1,600,632.4
335063,341397,341398,6334,1,1,600,633.5
335065,341403,341408,6338,5,1,600,634.3
335066,341409,341412,6343,3,1,600,634.6
335128,341415,341421,6287,6,1,600,629.3
335129,341422,341429,6293,7,1,600,630.0
335133,341429,341455,6296,26,1,600,243.153846154
335134,341435,341444,6301,9,1,600,631.0
335136,341448,341452,6312,4,1,600,631.6
335164,335178,338301,14,3123,2,7200,1.00448286904
335201,341476,341496,6275,20,1,600,314.75
335202,341483,341516,6281,33,1,600,191.333333333
335204,341488,341498,6284,10,1,600,629.4
335205,341499,341523,6294,24,1,600,263.25
335208,341514,341521,6306,7,1,600,631.3
335209,341522,341530,6313,8,1,600,632.1
335233,335241,338105,8,2864,2,7200,1.00279329609
335288,341548,341553,6260,5,1,600,626.5
335289,341553,341558,6264,5,1,600,626.9
335291,341558,341559,6267,1,1,600,626.8
335352,341571,341589,6219,18,1,600,346.5
335353,341577,341604,6224,27,1,600,231.518518519
335355,341583,341594,6228,11,1,600,567.181818182
335356,341588,341589,6232,1,1,600,623.3
335357,341595,341619,6238,24,1,600,260.916666667
335360,335366,338355,6,2989,2,7200,1.00200736032
335419,341602,341614,6183,12,1,600,516.25
335420,341607,341608,6187,1,1,600,618.8
335441,335447,338431,6,2984,2,7200,1.00201072386
335468,335496,338489,28,2993,2,7200,1.00935516204
335481,341614,341620,6133,6,1,600,613.9
335483,341621,341625,6138,4,1,600,614.2
335484,341626,341635,6142,9,1,600,615.1
335487,341638,341660,6151,22,1,600,280.590909091
335498,335505,338308,7,2803,2,7200,1.0024973243
335548,341643,341664,6095,21,1,600,291.238095238
335550,341651,341656,6101,5,1,600,610.6
335552,341656,341665,6104,9,1,600,611.3
335553,341661,341716,6108,55,1,600,112.054545455
335554,341680,341685,6126,5,1,600,613.1
335555,341685,341686,6130,1,1,600,613.1
335557,341690,341695,6133,5,1,600,613.8
335558,341698,341718,6140,20,1,600,308.0
335559,341703,341716,6144,13,1,600,473.615384615
335561,341710,341721,6149,11,1,600,560.0
335624,341742,341743,6118,1,1,600,611.9
335625,341749,341803,6124,54,1,600,114.407407407
335626,341754,341759,6128,5,1,600,613.3
335628,341759,341760,6131,1,1,600,613.2
335629,341767,341776,6138,9,1,600,614.7
335630,341772,341781,6142,9,1,600,615.1
335632,341780,341868,6148,88,1,600,70.8636363636
335633,341785,341808,6152,23,1,600,268.47826087
335634,341802,341805,6168,3,1,600,617.1
335635,341809,341816,6174,7,1,600,618.1
335637,341816,341826,6179,10,1,600,618.9
335655,335686,338675,31,2989,2,7200,1.01037136166
335698,341823,341836,6125,13,1,600,472.153846154
335700,341828,341834,6128,6,1,600,613.4
335701,341835,341842,6134,7,1,600,614.1
335704,341849,341867,6145,18,1,600,342.388888889
335705,341855,341859,6150,4,1,600,615.4
335706,341865,341871,6159,6,1,600,616.5
335709,341876,341881,6167,5,1,600,617.2
335712,341889,341890,6177,1,1,600,617.8
335734,335758,338729,24,2971,2,7200,1.00807808819
335748,335764,338551,16,2787,2,7200,1.00574094008
335773,341894,341895,6121,1,1,600,612.2
335774,341900,341908,6126,8,1,600,613.4
335776,341907,341912,6131,5,1,600,613.6
335777,341912,341922,6135,10,1,600,614.5
335778,341917,341926,6139,9,1,600,614.8
335780,341923,341929,6143,6,1,600,614.9
335785,341947,341957,6162,10,1,600,617.2
335846,341952,341953,6106,1,1,600,610.7
335861,335868,339048,7,3180,2,7200,1.00220125786
336114,336121,339194,7,3073,2,7200,1.00227790433
336147,336153,339124,6,2971,2,7200,1.00201952205
336252,336259,339283,7,3024,2,7200,1.00231481481
336285,336292,339539,7,3247,2,7200,1.00215583616
336300,336308,339733,8,3425,2,7200,1.00233576642
336626,336633,339470,7,2837,2,7200,1.00246739514
336719,336726,339668,7,2942,2,7200,1.00237933379
337147,337154,340276,7,3122,2,7200,1.00224215247
337319,337347,340427,28,3080,2,7200,1.00909090909
337449,337456,340515,7,3059,2,7200,1.00228832952
337463,337469,340536,6,3067,2,7200,1.0019563091
337608,337615,340466,7,2851,2,7200,1.00245527885
337660,341965,341978,4305,13,1,600,332.153846154
337710,355326,643376,17616,288050,8,288000,1.0611560493
337721,341970,341971,4249,1,1,600,425.0
337723,341975,341984,4252,9,1,600,426.1
337724,341982,341989,4258,7,1,600,426.5
337725,341988,341993,4263,5,1,600,426.8
337787,341993,341998,4206,5,1,600,421.1
337847,337853,340798,6,2945,2,7200,1.00203735144
337868,337874,341053,6,3179,2,7200,1.00188738597
337966,347891,347941,9925,50,16,14400,199.5
338056,357497,365316,19441,7819,8,288000,3.4863793324
338063,365330,373322,27267,7992,8,288000,4.41178678679
338106,338112,341199,6,3087,2,7200,1.0019436346
338302,338308,341282,6,2974,2,7200,1.00201748487
338317,338324,341274,7,2950,2,7200,1.00237288136
338356,338362,341431,6,3069,2,7200,1.00195503421
338431,338439,341264,8,2825,2,7200,1.00283185841
338492,338499,341551,7,3052,2,7200,1.00229357798
338552,338559,341646,7,3087,2,7200,1.0022675737
338675,338682,341660,7,2978,2,7200,1.00235057085
338730,338737,342039,7,3302,2,7200,1.00211992732
339049,339056,342103,7,3047,2,7200,1.00229734165
339124,339131,342123,7,2992,2,7200,1.00233957219
339197,339204,342229,7,3025,2,7200,1.00231404959
339282,339294,342533,12,3239,2,7200,1.00370484718
339472,339478,342580,6,3102,2,7200,1.00193423598
339541,339547,342711,6,3164,2,7200,1.00189633375
339671,339678,342701,7,3023,2,7200,1.00231558055
339734,339740,342797,6,3057,2,7200,1.00196270854
340194,342012,342049,1818,37,1,600,50.1351351351
340195,342017,342018,1822,1,1,600,182.3
340276,340284,343311,8,3027,2,7200,1.00264288074
340317,342023,342028,1706,5,1,600,171.1
340427,340433,343389,6,2956,2,7200,1.00202976996
340469,340475,343399,6,2924,2,7200,1.00205198358
340517,340524,343617,7,3093,2,7200,1.00226317491
340538,340545,343545,7,3000,2,7200,1.00233333333
340800,340808,343813,8,3005,2,7200,1.00266222962
341054,341061,344013,7,2952,2,7200,1.00237127371
341201,341209,344196,8,2987,2,7200,1.00267827251
341264,341271,344357,7,3086,2,7200,1.00226830849
341279,341296,344203,17,2907,2,7200,1.00584795322
341281,342035,342096,754,61,1,600,13.3606557377
341294,341303,344219,9,2916,2,7200,1.00308641975
341342,342040,342046,698,6,1,600,70.4
341344,342053,342059,709,6,1,600,71.5
341345,342058,342066,713,8,1,600,72.1
341346,342066,342076,720,10,1,600,73.0
341408,342071,342102,663,31,1,600,22.3870967742
341410,342084,342099,674,15,1,600,45.9333333333
341411,342091,342097,680,6,1,600,68.6
341432,341442,344362,10,2920,2,7200,1.00342465753
341473,342096,342097,623,1,1,600,62.4
341474,342107,342133,633,26,1,600,25.3461538462
341475,342120,342138,645,18,1,600,36.8333333333
341477,342125,342155,648,30,1,600,22.6
341478,342130,342135,652,5,1,600,65.7
341479,342145,342151,666,6,1,600,67.2
341480,342152,342166,672,14,1,600,49.0
341482,342157,342158,675,1,1,600,67.6
341483,342164,342165,681,1,1,600,68.2
341546,342177,342178,631,1,1,600,63.2
341547,342185,342189,638,4,1,600,64.2
341548,342190,342197,642,7,1,600,64.9
341550,342196,342202,646,6,1,600,65.2
341552,342202,342217,650,15,1,600,44.3333333333
341553,341566,344535,13,2969,2,7200,1.00437857865
341554,342215,342221,661,6,1,600,66.7
341555,342220,342228,665,8,1,600,67.3
341559,342243,342378,684,135,1,600,6.06666666667
341621,342249,342261,628,12,1,600,53.3333333333
341622,342256,342262,634,6,1,600,64.0
341623,342261,342267,638,6,1,600,64.4
341625,342273,342277,648,4,1,600,65.2
341627,342285,342297,658,12,1,600,55.8333333333
341628,342292,342300,664,8,1,600,67.2
341630,342297,342301,667,4,1,600,67.1
341631,342308,342316,677,8,1,600,68.5
341633,342316,342322,683,6,1,600,68.9
341634,342321,342327,687,6,1,600,69.3
341646,341668,344649,22,2981,2,7200,1.0073800738
341661,341673,344729,12,3056,2,7200,1.00392670157
341695,342328,342329,633,1,1,600,63.4
341696,342336,342353,640,17,1,600,38.6470588235
341699,342348,342356,649,8,1,600,65.7
341700,342356,342362,656,6,1,600,66.2
341702,342365,342374,663,9,1,600,67.2
341703,342372,342423,669,51,1,600,14.1176470588
341706,342388,342443,682,55,1,600,13.4
341767,342395,342418,628,23,1,600,28.3043478261
341768,342400,342408,632,8,1,600,64.0
341770,342420,342426,650,6,1,600,65.6
341771,342430,342435,659,5,1,600,66.4
341772,342437,342446,665,9,1,600,67.4
341775,342451,342477,676,26,1,600,27.0
341776,342465,342471,689,6,1,600,69.5
341837,342470,342477,633,7,1,600,64.0
341839,342476,342477,637,1,1,600,63.8
341841,342491,342494,650,3,1,600,65.3
341842,342496,342522,654,26,1,600,26.1538461538
341844,342501,342502,657,1,1,600,65.8
341845,342509,342520,664,11,1,600,61.3636363636
341846,342514,342521,668,7,1,600,67.5
341848,342521,342528,673,7,1,600,68.0
341849,342532,342540,683,8,1,600,69.1
341858,342539,342540,681,1,1,600,68.2
341920,342544,342549,624,5,1,600,62.9
341921,342557,342611,636,54,1,600,12.7777777778
341922,342562,342567,640,5,1,600,64.5
341924,342570,342572,646,2,1,600,64.8
341925,342578,342584,653,6,1,600,65.9
341926,342587,342593,661,6,1,600,66.7
341928,342592,342593,664,1,1,600,66.5
341929,342605,342640,676,35,1,600,20.3142857143
341931,342618,342628,687,10,1,600,69.7
341933,342626,342640,693,14,1,600,50.5
341934,342631,342642,697,11,1,600,64.3636363636
341935,342645,342652,710,7,1,600,71.7
341936,342652,342658,716,6,1,600,72.2
341938,342657,342673,719,16,1,600,45.9375
341999,342665,342671,666,6,1,600,67.2
342001,342670,342676,669,6,1,600,67.5
342002,342678,342783,676,105,1,600,7.4380952381
342003,342685,342721,682,36,1,600,19.9444444444
342005,342690,342702,685,12,1,600,58.0833333333
342006,342699,342723,693,24,1,600,29.875
342007,342716,342897,709,181,1,600,4.91712707182
342009,342732,342738,723,6,1,600,72.9
342010,342740,342745,730,5,1,600,73.5
342011,342751,342775,740,24,1,600,31.8333333333
342013,342759,342868,746,109,1,600,7.84403669725
342015,342795,342804,780,9,1,600,78.9
342041,342048,345160,7,3112,2,7200,1.00224935733
342077,342802,342835,725,33,1,600,22.9696969697
342078,342816,342826,738,10,1,600,74.8
342079,342838,342844,759,6,1,600,76.5
342082,342857,342864,775,7,1,600,78.2
342083,342864,342894,781,30,1,600,27.0333333333
342085,342876,342889,791,13,1,600,61.8461538462
342087,342895,342907,808,12,1,600,68.3333333333
342105,342114,344922,9,2808,2,7200,1.00320512821
342126,342138,345101,12,2963,2,7200,1.00404994938
342149,342903,342912,754,9,1,600,76.3
342151,342911,342916,760,5,1,600,76.5
342153,342916,342924,763,8,1,600,77.1
342154,342923,342930,769,7,1,600,77.6
342155,342928,342929,773,1,1,600,77.4
342157,342936,342950,779,14,1,600,56.6428571429
342158,342941,342947,783,6,1,600,78.9
342161,342954,342955,793,1,1,600,79.4
342162,342961,342966,799,5,1,600,80.4
342163,342966,342971,803,5,1,600,80.8
342225,342974,342982,749,8,1,600,75.7
342226,342979,342986,753,7,1,600,76.0
342227,342987,342992,760,5,1,600,76.5
342229,342992,342999,763,7,1,600,77.0
342230,342999,343080,769,81,1,600,10.4938271605
342231,342238,345443,7,3205,2,7200,1.00218408736
342231,343005,343014,774,9,1,600,78.3
342233,343012,343017,779,5,1,600,78.4
342234,343017,343018,783,1,1,600,78.4
342236,343026,343041,790,15,1,600,53.6666666667
342237,343033,343338,796,305,1,600,3.60983606557
342238,343038,343080,800,42,1,600,20.0476190476
342240,343057,343080,817,23,1,600,36.5217391304
342241,343092,343096,851,4,1,600,85.5
342302,343097,343098,795,1,1,600,79.6
342304,343102,343103,798,1,1,600,79.9
342305,343110,343120,805,10,1,600,81.5
342306,343115,343129,809,14,1,600,58.7857142857
342307,343123,343129,816,6,1,600,82.2
342309,343132,343161,823,29,1,600,29.3793103448
342310,343141,343145,831,4,1,600,83.5
342311,343146,343168,835,22,1,600,38.9545454545
342373,343157,343186,784,29,1,600,28.0344827586
342374,343174,343183,800,9,1,600,80.9
342375,343181,343196,806,15,1,600,54.7333333333
342378,343204,343210,826,6,1,600,83.2
342379,343211,343217,832,6,1,600,83.8
342382,343223,343251,841,28,1,600,31.0357142857
342383,343231,343235,848,4,1,600,85.2
342384,343236,343260,852,24,1,600,36.5
342385,343247,343254,862,7,1,600,86.9
342447,343264,343270,817,6,1,600,82.3
342448,343271,343278,823,7,1,600,83.0
342449,343278,343284,829,6,1,600,83.5
342465,343285,343289,820,4,1,600,82.4
342466,343292,343369,826,77,1,600,11.7272727273
342467,343299,343338,832,39,1,600,22.3333333333
342532,343345,343642,813,297,1,600,3.73737373737
342534,343352,343365,818,13,1,600,63.9230769231
342535,342551,345504,16,2953,2,7200,1.00541821876
342536,343376,343377,840,1,1,600,84.1
342538,343384,343389,846,5,1,600,85.1
342539,343389,343394,850,5,1,600,85.5
342541,343397,343402,856,5,1,600,86.1
342542,343409,343417,867,8,1,600,87.5
342544,343428,343481,884,53,1,600,17.679245283
342547,343440,343457,893,17,1,600,53.5294117647
342582,342600,345481,18,2881,2,7200,1.00624783061
342608,343448,343463,840,15,1,600,57.0
342610,343469,343486,859,17,1,600,51.5294117647
342611,343476,343477,865,1,1,600,86.6
342615,343503,343508,888,5,1,600,89.3
342616,343508,343509,892,1,1,600,89.3
342678,343516,343645,838,129,1,600,7.49612403101
342682,343536,343541,854,5,1,600,85.9
342683,343543,343551,860,8,1,600,86.8
342684,343552,343608,868,56,1,600,16.5
342687,343579,343584,892,5,1,600,89.7
342688,343597,343598,909,1,1,600,91.0
342689,343610,343616,921,6,1,600,92.7
342701,342709,345805,8,3096,2,7200,1.00258397933
342716,342723,345648,7,2925,2,7200,1.00239316239
342755,343620,343628,865,8,1,600,87.3
342757,343634,343640,877,6,1,600,88.3
342759,343654,343675,895,21,1,600,43.619047619
342761,343680,343681,919,1,1,600,92.0
342800,342809,345779,9,2970,2,7200,1.00303030303
342823,343691,343696,868,5,1,600,87.3
342826,343704,343740,878,36,1,600,25.3888888889
342887,343710,343728,823,18,1,600,46.7222222222
342889,343719,343728,830,9,1,600,83.9
342890,343726,343728,836,2,1,600,83.8
342891,343740,343746,849,6,1,600,85.5
342893,343745,343750,852,5,1,600,85.7
342894,343750,343756,856,6,1,600,86.2
342958,343770,343774,812,4,1,600,81.6
342959,343775,343776,816,1,1,600,81.7
342961,343780,343814,819,34,1,600,25.0882352941
342963,343793,343803,830,10,1,600,84.0
342965,343799,343807,834,8,1,600,84.2
342966,343806,343811,840,5,1,600,84.5
342970,343834,343837,864,3,1,600,86.7
342973,343845,343846,872,1,1,600,87.3
342974,343853,343941,879,88,1,600,10.9886363636
343035,343858,343866,823,8,1,600,83.1
343037,343864,343873,827,9,1,600,83.6
343038,343871,343891,833,20,1,600,42.65
343039,343878,343884,839,6,1,600,84.5
343042,343897,343898,855,1,1,600,85.6
343043,343905,343913,862,8,1,600,87.0
343045,343910,343918,865,8,1,600,87.3
343106,343918,343983,812,65,1,600,13.4923076923
343107,343925,344020,818,95,1,600,9.61052631579
343120,343945,344037,825,92,1,600,9.96739130435
343122,343953,343959,831,6,1,600,83.7
343123,343971,343993,848,22,1,600,39.5454545455
343124,343995,344322,871,327,1,600,3.66360856269
343186,344006,344029,820,23,1,600,36.652173913
343187,344031,344038,844,7,1,600,85.1
343188,344041,344049,853,8,1,600,86.1
343190,344049,344057,859,8,1,600,86.7
343191,344055,344063,864,8,1,600,87.2
343192,344062,344068,870,6,1,600,87.6
343194,344069,344074,875,5,1,600,88.0
343195,344075,344081,880,6,1,600,88.6
343256,344083,344091,827,8,1,600,83.5
343258,344090,344094,832,4,1,600,83.6
343260,344104,344110,844,6,1,600,85.0
343262,344111,344119,849,8,1,600,85.7
343263,344116,344124,853,8,1,600,86.1
343264,344123,344133,859,10,1,600,86.9
343266,344132,344151,866,19,1,600,46.5789473684
343267,344139,344144,872,5,1,600,87.7
343313,343326,346412,13,3086,2,7200,1.00421257291
343329,344146,344150,817,4,1,600,82.1
343330,344156,344162,826,6,1,600,83.2
343331,344164,344216,833,52,1,600,17.0192307692
343333,344169,344300,836,131,1,600,7.38167938931
343334,344176,344181,842,5,1,600,84.7
343335,344193,344199,858,6,1,600,86.4
343391,343404,346255,13,2851,2,7200,1.00455980358
343397,344212,344229,815,17,1,600,48.9411764706
343398,344228,344235,830,7,1,600,83.7
343399,344242,344279,843,37,1,600,23.7837837838
343401,344249,344279,848,30,1,600,29.2666666667
343402,344291,344303,889,12,1,600,75.0833333333
343403,344296,344303,893,7,1,600,90.0
343405,344314,344355,909,41,1,600,23.1707317073
343406,343417,346369,11,2952,2,7200,1.00372628726
343406,344327,344332,921,5,1,600,92.6
343407,344332,344333,925,1,1,600,92.6
343409,344339,344340,930,1,1,600,93.1
343470,344347,344359,877,12,1,600,74.0833333333
343472,344352,344353,880,1,1,600,88.1
343473,344360,344363,887,3,1,600,89.0
343475,344374,344386,899,12,1,600,75.9166666667
343476,344380,344385,904,5,1,600,90.9
343538,344392,344399,854,7,1,600,86.1
343539,344397,344398,858,1,1,600,85.9
343540,344405,344411,865,6,1,600,87.1
343542,344410,344411,868,1,1,600,86.9
343543,344418,344425,875,7,1,600,88.2
343544,344423,344429,879,6,1,600,88.5
343546,344430,344438,884,8,1,600,89.2
343548,343560,346481,12,2921,2,7200,1.00410818213
343548,344444,344457,896,13,1,600,69.9230769231
343550,344449,344456,899,7,1,600,90.6
343611,344457,344479,846,22,1,600,39.4545454545
343614,344469,344492,855,23,1,600,38.1739130435
343615,344474,344493,859,19,1,600,46.2105263158
343616,344482,344488,866,6,1,600,87.2
343617,343626,346515,9,2889,2,7200,1.0031152648
343678,344492,344498,814,6,1,600,82.0
343679,344501,344509,822,8,1,600,83.0
343681,344507,344532,826,25,1,600,34.04
343684,344520,344526,836,6,1,600,84.2
343685,344528,344548,843,20,1,600,43.15
343686,344533,344558,847,25,1,600,34.88
343688,344540,344547,852,7,1,600,85.9
343749,344552,344559,803,7,1,600,81.0
343750,344559,344581,809,22,1,600,37.7727272727
343752,344564,344775,812,211,1,600,4.84834123223
343754,344577,344582,823,5,1,600,82.8
343755,344585,344620,830,35,1,600,24.7142857143
343757,344594,344605,837,11,1,600,77.0909090909
343758,344599,344605,841,6,1,600,84.7
343759,344617,344641,858,24,1,600,36.75
343816,343829,347083,13,3254,2,7200,1.00399508297
343821,344623,344629,802,6,1,600,80.8
343822,344632,344641,810,9,1,600,81.9
343823,344641,344647,818,6,1,600,82.4
343825,344654,344673,829,19,1,600,44.6315789474
343826,344659,344827,833,168,1,600,5.95833333333
343827,344671,344677,844,6,1,600,85.0
343829,344685,344713,856,28,1,600,31.5714285714
343830,344692,344712,862,20,1,600,44.1
343833,344724,344907,891,183,1,600,5.86885245902
343834,344730,344732,896,2,1,600,89.8
343835,344747,344770,912,23,1,600,40.652173913
343837,344782,344788,945,6,1,600,95.1
343898,344789,344790,891,1,1,600,89.2
343900,344801,344805,901,4,1,600,90.5
343901,344809,344839,908,30,1,600,31.2666666667
343902,344817,344823,915,6,1,600,92.1
343904,344835,344879,931,44,1,600,22.1590909091
343906,344850,344852,944,2,1,600,94.6
343908,344863,344945,955,82,1,600,12.6463414634
343909,344880,344921,971,41,1,600,24.6829268293
343972,344898,344902,926,4,1,600,93.0
343973,344905,344921,932,16,1,600,59.25
343974,344919,344921,945,2,1,600,94.7
343975,344927,344975,952,48,1,600,20.8333333333
344015,344021,347047,6,3026,2,7200,1.0019828156
344038,344940,344941,902,1,1,600,90.3
344039,344945,344953,906,8,1,600,91.4
344041,344951,344963,910,12,1,600,76.8333333333
344102,344957,344965,855,8,1,600,86.3
344103,344963,344990,860,27,1,600,32.8518518519
344105,344968,344985,863,17,1,600,51.7647058824
344106,344975,344979,869,4,1,600,87.3
344107,344980,344998,873,18,1,600,49.5
344108,344988,344993,880,5,1,600,88.5
344110,344993,345003,883,10,1,600,89.3
344112,345006,345007,894,1,1,600,89.5
344114,345013,345033,899,20,1,600,45.95
344115,345018,345033,903,15,1,600,61.2
344116,345023,345035,907,12,1,600,76.5833333333
344178,345028,345034,850,6,1,600,85.6
344179,345035,345036,856,1,1,600,85.7
344180,345041,345050,861,9,1,600,87.0
344181,345048,345052,867,4,1,600,87.1
344183,345053,345057,870,4,1,600,87.4
344184,345058,345063,874,5,1,600,87.9
344185,345064,345069,879,5,1,600,88.4
344187,345069,345072,882,3,1,600,88.5
344198,344205,347371,7,3166,2,7200,1.00221099179
344213,344219,347106,6,2887,2,7200,1.00207828195
344227,344235,347376,8,3141,2,7200,1.00254695957
344249,345081,345089,832,8,1,600,84.0
344282,345086,345188,804,102,1,600,8.88235294118
344284,345098,345104,814,6,1,600,82.0
344347,345109,345114,762,5,1,600,76.7
344348,345117,345135,769,18,1,600,43.7222222222
344350,345122,345130,772,8,1,600,78.0
344351,345127,345128,776,1,1,600,77.7
344355,345151,345153,796,2,1,600,79.8
344357,344367,347346,10,2979,2,7200,1.00335683115
344375,344387,347231,12,2844,2,7200,1.00421940928
344416,345157,345164,741,7,1,600,74.8
344418,345162,345167,744,5,1,600,74.9
344419,345170,345175,751,5,1,600,75.6
344420,345175,345186,755,11,1,600,69.6363636364
344421,345180,345191,759,11,1,600,70.0
344423,345193,345206,770,13,1,600,60.2307692308
344424,345198,345204,774,6,1,600,78.0
344425,345203,345224,778,21,1,600,38.0476190476
344427,345211,345212,784,1,1,600,78.5
344428,345216,345225,788,9,1,600,79.7
344489,345221,345231,732,10,1,600,74.2
344492,345229,345242,737,13,1,600,57.6923076923
344493,345234,345239,741,5,1,600,74.6
344495,345239,345245,744,6,1,600,75.0
344496,345247,345264,751,17,1,600,45.1764705882
344497,345252,345258,755,6,1,600,76.1
344498,345257,345264,759,7,1,600,76.6
344500,345265,345272,765,7,1,600,77.2
344501,345270,345278,769,8,1,600,77.7
344502,345276,345300,774,24,1,600,33.25
344505,345288,345297,783,9,1,600,79.2
344535,344546,347602,11,3056,2,7200,1.00359947644
344566,345293,345340,727,47,1,600,16.4680851064
344568,345301,345306,733,5,1,600,73.8
344569,345306,345316,737,10,1,600,74.7
344570,345312,345319,742,7,1,600,74.9
344571,345319,345332,748,13,1,600,58.5384615385
344573,345324,345332,751,8,1,600,75.9
344574,345329,345342,755,13,1,600,59.0769230769
344575,345337,345355,762,18,1,600,43.3333333333
344637,345342,345603,705,261,1,600,3.70114942529
344639,345355,345372,716,17,1,600,43.1176470588
344640,345360,345367,720,7,1,600,72.7
344642,345365,345387,723,22,1,600,33.8636363636
344643,345371,345378,728,7,1,600,73.5
344644,345378,345382,734,4,1,600,73.8
344650,344666,347742,16,3076,2,7200,1.00520156047
344707,345390,345393,683,3,1,600,68.6
344708,345395,345402,687,7,1,600,69.4
344710,345400,345401,690,1,1,600,69.1
344711,345408,345481,697,73,1,600,10.5479452055
344732,344739,347805,7,3066,2,7200,1.00228310502
344772,345413,345423,641,10,1,600,65.1
344773,345418,345419,645,1,1,600,64.6
344775,345424,345430,649,6,1,600,65.5
344776,345431,345609,655,178,1,600,4.6797752809
344837,345436,345481,599,45,1,600,14.3111111111
344839,345441,345442,602,1,1,600,60.3
344840,345449,345481,609,32,1,600,20.03125
344841,345454,345484,613,30,1,600,21.4333333333
344843,345467,345481,624,14,1,600,45.5714285714
344844,345479,345482,635,3,1,600,63.8
344845,345484,345485,639,1,1,600,64.0
344906,345496,345532,590,36,1,600,17.3888888889
344908,345501,345518,593,17,1,600,35.8823529412
344909,345507,345518,598,11,1,600,55.3636363636
344913,345513,345518,600,5,1,600,60.5
344921,345519,345535,598,16,1,600,38.375
344923,345524,345532,601,8,1,600,60.9
344984,345530,345538,546,8,1,600,55.4
344986,345537,345542,551,5,1,600,55.6
344987,345542,345569,555,27,1,600,21.5555555556
344988,345547,345555,559,8,1,600,56.7
344991,345565,345602,574,37,1,600,16.5135135135
344992,345570,345582,578,12,1,600,49.1666666667
344993,345576,345581,583,5,1,600,58.8
344995,345581,345586,586,5,1,600,59.1
344996,345589,345596,593,7,1,600,60.0
344997,345594,345599,597,5,1,600,60.2
344998,345599,345604,601,5,1,600,60.6
345000,345607,345614,607,7,1,600,61.4
345001,345612,345619,611,7,1,600,61.8
345063,345617,345626,554,9,1,600,56.3
345064,345625,345626,561,1,1,600,56.2
345065,345630,345636,565,6,1,600,57.1
345066,345636,345646,570,10,1,600,58.0
345068,345641,345645,573,4,1,600,57.7
345069,345646,345656,577,10,1,600,58.7
345070,345652,345678,582,26,1,600,23.3846153846
345072,345659,345660,587,1,1,600,58.8
345073,345664,345669,591,5,1,600,59.6
345074,345670,345689,596,19,1,600,32.3684210526
345077,345680,345681,603,1,1,600,60.4
345078,345685,345796,607,111,1,600,6.46846846847
345079,345691,345705,612,14,1,600,44.7142857143
345081,345704,345712,623,8,1,600,63.1
345082,345709,345754,627,45,1,600,14.9333333333
345102,345138,348145,36,3007,2,7200,1.01197206518
345143,345714,345740,571,26,1,600,22.9615384615
345146,345725,345729,579,4,1,600,58.3
345147,345730,345739,583,9,1,600,59.2
345148,345736,345744,588,8,1,600,59.6
345150,345743,345752,593,9,1,600,60.2
345153,345748,345756,595,8,1,600,60.3
345155,345753,345754,598,1,1,600,59.9
345156,345758,345762,602,4,1,600,60.6
345157,345766,345780,609,14,1,600,44.5
345159,345771,345801,612,30,1,600,21.4
345162,345186,348085,24,2899,2,7200,1.0082787168
345220,345776,345782,556,6,1,600,56.2
345221,345782,345787,561,5,1,600,56.6
345223,345787,345795,564,8,1,600,57.2
345224,345792,345802,568,10,1,600,57.8
345225,345800,345825,575,25,1,600,24.0
345227,345805,345806,578,1,1,600,57.9
345228,345810,345817,582,7,1,600,58.9
345229,345816,345892,587,76,1,600,8.72368421053
345231,345821,345890,590,69,1,600,9.55072463768
345232,345834,345835,602,1,1,600,60.3
345233,345839,345847,606,8,1,600,61.4
345297,345855,345856,558,1,1,600,55.9
345298,345860,345861,562,1,1,600,56.3
345300,345872,345891,572,19,1,600,31.1052631579
345301,345891,345895,590,4,1,600,59.4
345302,345896,345969,594,73,1,600,9.13698630137
345303,345901,345902,598,1,1,600,59.9
345305,345906,345912,601,6,1,600,60.7
345306,345912,346023,606,111,1,600,6.45945945946
345307,345917,345924,610,7,1,600,61.7
345309,345924,345928,615,4,1,600,61.9
345370,345929,345930,559,1,1,600,56.0
345371,345934,345962,563,28,1,600,21.1071428571
345374,345945,345974,571,29,1,600,20.6896551724
345375,345950,345959,575,9,1,600,58.4
345378,345963,345971,585,8,1,600,59.3
345379,345968,346015,589,47,1,600,13.5319148936
345383,345986,346002,603,16,1,600,38.6875
345384,345992,345995,608,3,1,600,61.1
345445,345489,348623,44,3134,2,7200,1.01403956605
345446,345997,345998,551,1,1,600,55.2
345447,346005,346014,558,9,1,600,56.7
345448,346010,346014,562,4,1,600,56.6
345450,346015,346368,565,353,1,600,2.60056657224
345481,346021,346028,540,7,1,600,54.7
345482,346028,346033,546,5,1,600,55.1
345484,346033,346039,549,6,1,600,55.5
345486,346044,346081,558,37,1,600,16.0810810811
345487,346049,346050,562,1,1,600,56.3
345489,346055,346081,566,26,1,600,22.7692307692
345490,346069,346081,579,12,1,600,49.25
345491,346075,346081,584,6,1,600,59.0
345493,346082,346090,589,8,1,600,59.7
345494,346087,346102,593,15,1,600,40.5333333333
345495,346092,346093,597,1,1,600,59.8
345497,346098,346122,601,24,1,600,26.0416666667
345505,345553,348739,48,3186,2,7200,1.01506591337
345558,346105,346122,547,17,1,600,33.1764705882
345559,346110,346134,551,24,1,600,23.9583333333
345561,346115,346151,554,36,1,600,16.3888888889
345562,346122,346132,560,10,1,600,57.0
345563,346127,346128,564,1,1,600,56.5
345567,346145,346151,578,6,1,600,58.4
345568,346150,346167,582,17,1,600,35.2352941176
345631,346163,346364,532,201,1,600,3.64676616915
345633,346168,346169,535,1,1,600,53.6
345634,346174,346182,540,8,1,600,54.8
345635,346179,346186,544,7,1,600,55.1
345637,346185,346190,548,5,1,600,55.3
345638,346190,346207,552,17,1,600,33.4705882353
345639,346197,346202,558,5,1,600,56.3
345640,346202,346220,562,18,1,600,32.2222222222
345642,346207,346213,565,6,1,600,57.1
345643,346213,346219,570,6,1,600,57.6
345645,346225,346231,580,6,1,600,58.6
345647,346230,346231,583,1,1,600,58.4
345648,346236,346241,588,5,1,600,59.3
345649,346243,346268,594,25,1,600,24.76
345650,345697,348901,47,3204,2,7200,1.01466916355
345651,346248,346249,597,1,1,600,59.8
345652,346253,346254,601,1,1,600,60.2
345713,346259,346262,546,3,1,600,54.9
345715,346264,346395,549,131,1,600,5.19083969466
345716,346269,346275,553,6,1,600,55.9
345717,346277,346290,560,13,1,600,44.0769230769
345718,346282,346293,564,11,1,600,52.2727272727
345720,346287,346294,567,7,1,600,57.4
345722,346305,346340,583,35,1,600,17.6571428571
345724,346310,346311,586,1,1,600,58.7
345780,345826,348730,46,2904,2,7200,1.01584022039
345785,346316,346322,531,6,1,600,53.7
345786,346321,346327,535,6,1,600,54.1
345788,346326,346334,538,8,1,600,54.6
345789,346334,346340,545,6,1,600,55.1
345790,346339,346345,549,6,1,600,55.5
345791,346344,346345,553,1,1,600,55.4
345795,346368,346384,573,16,1,600,36.8125
345796,346374,346388,578,14,1,600,42.2857142857
345798,346381,346391,583,10,1,600,59.3
345799,346386,346394,587,8,1,600,59.5
345800,346391,346442,591,51,1,600,12.5882352941
345803,346402,346407,599,5,1,600,60.4
345807,345866,348933,59,3067,2,7200,1.01923703945
345864,346407,346425,543,18,1,600,31.1666666667
345865,346420,346466,555,46,1,600,13.0652173913
345867,346425,346551,558,126,1,600,5.42857142857
345868,346430,346436,562,6,1,600,56.8
345869,346435,346472,566,37,1,600,16.2972972973
345872,346441,346446,569,5,1,600,57.4
345890,346446,346458,556,12,1,600,47.3333333333
345891,346451,346458,560,7,1,600,56.7
345893,346464,346475,571,11,1,600,52.9090909091
345894,346469,346481,575,12,1,600,48.9166666667
345895,346474,346480,579,6,1,600,58.5
345898,346485,346490,587,5,1,600,59.2
345899,346492,346499,593,7,1,600,60.0
345961,346497,346498,536,1,1,600,53.7
345962,346503,346509,541,6,1,600,54.7
345963,346508,346538,545,30,1,600,19.1666666667
345964,346513,346534,549,21,1,600,27.1428571429
345966,346519,346556,553,37,1,600,15.9459459459
345967,346524,346531,557,7,1,600,56.4
345968,346537,346538,569,1,1,600,57.0
345969,346543,346564,574,21,1,600,28.3333333333
345971,346548,346555,577,7,1,600,58.4
345972,346553,346564,581,11,1,600,53.8181818182
346033,346558,346564,525,6,1,600,53.1
346035,346571,346589,536,18,1,600,30.7777777778
346036,346576,346600,540,24,1,600,23.5
346037,346581,346588,544,7,1,600,55.1
346039,346587,346592,548,5,1,600,55.3
346040,346592,346598,552,6,1,600,55.8
346041,346597,346602,556,5,1,600,56.1
346042,346603,346611,561,8,1,600,56.9
346044,346610,346614,566,4,1,600,57.0
346045,346615,346625,570,10,1,600,58.0
346046,346620,346740,574,120,1,600,5.78333333333
346048,346626,346632,578,6,1,600,58.4
346049,346631,346635,582,4,1,600,58.6
346059,346636,346831,577,195,1,600,3.95897435897
346081,346642,346646,561,4,1,600,56.5
346082,346649,346664,567,15,1,600,38.8
346083,346654,346672,571,18,1,600,32.7222222222
346145,346660,346675,515,15,1,600,35.3333333333
346146,346669,346704,523,35,1,600,15.9428571429
346147,346677,346685,530,8,1,600,53.8
346149,346682,346690,533,8,1,600,54.1
346150,346688,346895,538,207,1,600,3.59903381643
346153,346700,346706,547,6,1,600,55.3
346154,346705,346725,551,20,1,600,28.55
346155,346711,346715,556,4,1,600,56.0
346156,346722,346728,566,6,1,600,57.2
346158,346727,346732,569,5,1,600,57.4
346159,346733,346741,574,8,1,600,58.2
346160,346738,346744,578,6,1,600,58.4
346161,346743,346749,582,6,1,600,58.8
346163,346751,346771,588,20,1,600,30.4
346164,346756,346762,592,6,1,600,59.8
346165,346761,346762,596,1,1,600,59.7
346227,346767,346771,540,4,1,600,54.4
346228,346774,346788,546,14,1,600,40.0
346232,346784,346792,552,8,1,600,56.0
346233,346789,346795,556,6,1,600,56.2
346236,346800,346974,564,174,1,600,4.24137931034
346237,346807,346817,570,10,1,600,58.0
346238,346812,346813,574,1,1,600,57.5
346240,346818,346834,578,16,1,600,37.125
346241,346823,346854,582,31,1,600,19.7741935484
346242,346828,346829,586,1,1,600,58.7
346244,346833,347030,589,197,1,600,3.98984771574
346256,346298,349341,42,3043,2,7200,1.01380216891
346305,346839,346845,534,6,1,600,54.0
346306,346846,346855,540,9,1,600,54.9
346308,346851,346856,543,5,1,600,54.8
346309,346856,346857,547,1,1,600,54.8
346310,346862,346888,552,26,1,600,22.2307692308
346311,346867,346868,556,1,1,600,55.7
346313,346874,347023,561,149,1,600,4.76510067114
346314,346879,346903,565,24,1,600,24.5416666667
346315,346884,346885,569,1,1,600,57.0
346317,346890,346933,573,43,1,600,14.3255813953
346318,346895,346902,577,7,1,600,58.4
346371,346413,349379,42,2966,2,7200,1.0141604855
346379,346902,346917,523,15,1,600,35.8666666667
346380,346907,346914,527,7,1,600,53.4
346382,346912,346944,530,32,1,600,17.5625
346383,346920,346924,537,4,1,600,54.1
346384,346925,346932,541,7,1,600,54.8
346386,346930,346938,544,8,1,600,55.2
346387,346938,346946,551,8,1,600,55.9
346388,346943,346952,555,9,1,600,56.4
346389,346948,346954,559,6,1,600,56.5
346392,346961,346973,569,12,1,600,48.4166666667
346393,346966,346972,573,6,1,600,57.9
346395,346972,347015,577,43,1,600,14.4186046512
346413,346457,349530,44,3073,2,7200,1.01431825578
346456,346979,346985,523,6,1,600,52.9
346457,346984,346990,527,6,1,600,53.3
346459,346989,347002,530,13,1,600,41.7692307692
346462,347007,347028,545,21,1,600,26.9523809524
346464,347013,347020,549,7,1,600,55.6
346465,347018,347027,553,9,1,600,56.2
346466,347023,347024,557,1,1,600,55.8
346468,347031,347035,563,4,1,600,56.7
346469,347036,347054,567,18,1,600,32.5
346482,346529,349659,47,3130,2,7200,1.01501597444
346515,346564,349646,49,3082,2,7200,1.01589876703
346531,347041,347051,510,10,1,600,52.0
346534,347054,347059,520,5,1,600,52.5
346536,347059,347060,523,1,1,600,52.4
346537,347064,347071,527,7,1,600,53.4
346538,347070,347076,532,6,1,600,53.8
346540,347075,347090,535,15,1,600,36.6666666667
346541,347080,347084,539,4,1,600,54.3
346542,347085,347094,543,9,1,600,55.2
346543,347093,347101,550,8,1,600,55.8
346545,347098,347099,553,1,1,600,55.4
346546,347104,347109,558,5,1,600,56.3
346547,347109,347116,562,7,1,600,56.9
346549,347114,347120,565,6,1,600,57.1
346610,347119,347122,509,3,1,600,51.2
346612,347125,347134,513,9,1,600,52.2
346613,347143,347194,530,51,1,600,11.3921568627
346614,347148,347156,534,8,1,600,54.2
346615,347154,347185,539,31,1,600,18.3870967742
346617,347159,347182,542,23,1,600,24.5652173913
346618,347164,347165,546,1,1,600,54.7
346619,347169,347174,550,5,1,600,55.5
346621,347175,347188,554,13,1,600,43.6153846154
346622,347180,347194,558,14,1,600,40.8571428571
346623,347185,347202,562,17,1,600,34.0588235294
346625,347191,347192,566,1,1,600,56.7
346626,347204,347214,578,10,1,600,58.8
346627,347209,347215,582,6,1,600,58.8
346689,347214,347220,525,6,1,600,53.1
346690,347220,347247,530,27,1,600,20.6296296296
346691,347225,347236,534,11,1,600,49.5454545455
346693,347230,347231,537,1,1,600,53.8
346694,347235,347244,541,9,1,600,55.0
346695,347241,347261,546,20,1,600,28.3
346697,347248,347280,551,32,1,600,18.21875
346698,347254,347280,556,26,1,600,22.3846153846
346699,347261,347280,562,19,1,600,30.5789473684
346760,347270,347280,510,10,1,600,52.0
346762,347280,347304,518,24,1,600,22.5833333333
346763,347285,347292,522,7,1,600,52.9
346764,347290,347291,526,1,1,600,52.7
346766,347296,347341,530,45,1,600,12.7777777778
346767,347301,347306,534,5,1,600,53.9
346768,347306,347322,538,16,1,600,34.625
346769,347319,347325,550,6,1,600,55.6
346773,347330,347331,557,1,1,600,55.8
346774,347335,347341,561,6,1,600,56.7
346777,347346,347351,569,5,1,600,57.4
346778,347351,347352,573,1,1,600,57.4
346841,347362,347371,521,9,1,600,53.0
346842,347367,347374,525,7,1,600,53.2
346843,347372,347378,529,6,1,600,53.5
346845,347380,347490,535,110,1,600,5.86363636364
346846,347385,347392,539,7,1,600,54.6
346847,347391,347396,544,5,1,600,54.9
346848,347396,347402,548,6,1,600,55.4
346850,347401,347402,551,1,1,600,55.2
346851,347406,347407,555,1,1,600,55.6
346852,347412,347419,560,7,1,600,56.7
346854,347417,347418,563,1,1,600,56.4
346915,347423,347428,508,5,1,600,51.3
346916,347428,347438,512,10,1,600,52.2
346918,347446,347471,528,25,1,600,22.12
346919,347452,347483,533,31,1,600,18.1935483871
346920,347457,347518,537,61,1,600,9.80327868852
346921,347462,347463,541,1,1,600,54.2
346923,347468,347475,545,7,1,600,55.2
346924,347473,347617,549,144,1,600,4.8125
346926,347478,347486,552,8,1,600,56.0
346928,347489,347490,561,1,1,600,56.2
346931,347500,347506,569,6,1,600,57.5
346992,347505,347512,513,7,1,600,52.0
346993,347511,347521,518,10,1,600,52.8
346995,347523,347531,528,8,1,600,53.6
346997,347534,347535,537,1,1,600,53.8
346998,347539,347557,541,18,1,600,31.0555555556
347000,347545,347552,545,7,1,600,55.2
347001,347550,347639,549,89,1,600,7.16853932584
347002,347556,347560,554,4,1,600,55.8
347004,347561,347568,557,7,1,600,56.4
347005,347566,347567,561,1,1,600,56.2
347006,347572,347597,566,25,1,600,23.64
347008,347577,347880,569,303,1,600,2.87788778878
347009,347585,347599,576,14,1,600,42.1428571429
347010,347591,347613,581,22,1,600,27.4090909091
347013,347596,347597,583,1,1,600,58.4
347049,347130,350097,81,2967,2,7200,1.02730030334
347074,347601,347608,527,7,1,600,53.4
347075,347607,347611,532,4,1,600,53.6
347077,347612,347622,535,10,1,600,54.5
347078,347618,348007,540,389,1,600,2.3881748072
347079,347623,347752,544,129,1,600,5.21705426357
347081,347629,347688,548,59,1,600,10.2881355932
347082,347634,347643,552,9,1,600,56.1
347083,347639,347644,556,5,1,600,56.1
347084,347699,347731,615,32,1,600,20.21875
347085,347136,350214,51,3078,2,7200,1.01656920078
347086,347704,347705,618,1,1,600,61.9
347087,347709,347716,622,7,1,600,62.9
347090,347720,347724,630,4,1,600,63.4
347091,347726,347739,635,13,1,600,49.8461538462
347092,347731,347743,639,12,1,600,54.25
347093,347737,347746,644,9,1,600,65.3
347106,347197,350333,91,3136,2,7200,1.02901785714
347155,347742,347743,587,1,1,600,58.8
347156,347747,347755,591,8,1,600,59.9
347157,347753,347777,596,24,1,600,25.8333333333
347159,347758,347782,599,24,1,600,25.9583333333
347160,348100,348107,940,7,1,600,94.7
347161,348119,348124,958,5,1,600,96.3
347162,348136,348178,974,42,1,600,24.1904761905
347164,348191,348397,1027,206,1,600,5.9854368932
347165,348409,348418,1244,9,1,600,125.3
347166,348430,348431,1264,1,1,600,126.5
347228,348443,348449,1215,6,1,600,122.1
347229,348469,348479,1240,10,1,600,125.0
347230,348491,348499,1261,8,1,600,126.9
347231,348512,348517,1281,5,1,600,128.6
347233,348529,348542,1296,13,1,600,100.692307692
347233,347312,350520,79,3208,2,7200,1.02462593516
347234,348554,348561,1320,7,1,600,132.7
347235,348573,348582,1338,9,1,600,134.7
347238,348612,348617,1374,5,1,600,137.9
347239,349119,349131,1880,12,1,600,157.666666667
347240,349125,349143,1885,18,1,600,105.722222222
347242,349130,349132,1888,2,1,600,189.0
347243,349136,349137,1893,1,1,600,189.4
347244,349141,349149,1897,8,1,600,190.5
347306,349147,349148,1841,1,1,600,184.2
347307,349154,349175,1847,21,1,600,88.9523809524
347308,349159,349436,1851,277,1,600,7.68231046931
347310,349165,349177,1855,12,1,600,155.583333333
347314,349172,349173,1858,1,1,600,185.9
347316,349177,349178,1861,1,1,600,186.2
347317,349183,349195,1866,12,1,600,156.5
347320,349195,349196,1875,1,1,600,187.6
347321,349201,349207,1880,6,1,600,188.6
347322,349206,349207,1884,1,1,600,188.5
347348,347434,350670,86,3236,2,7200,1.02657601978
347372,347439,350457,67,3018,2,7200,1.02220013254
347385,349218,349234,1833,16,1,600,115.5625
347386,349224,349767,1838,543,1,600,4.38489871087
347386,347516,350495,130,2979,2,7200,1.04363880497
347388,349232,349233,1844,1,1,600,184.5
347389,349238,349250,1849,12,1,600,155.083333333
347390,349243,349249,1853,6,1,600,185.9
347391,349251,349259,1860,8,1,600,186.8
347393,349256,349275,1863,19,1,600,99.0526315789
347395,349269,349273,1874,4,1,600,187.8
347397,349277,349282,1880,5,1,600,188.5
347398,349282,349283,1884,1,1,600,188.5
347399,349289,349349,1890,60,1,600,32.5
347463,349307,349312,1844,5,1,600,184.9
347466,349320,349350,1854,30,1,600,62.8
347467,349328,349349,1861,21,1,600,89.619047619
347469,349333,349341,1864,8,1,600,187.2
347471,349366,349375,1895,9,1,600,190.4
347473,349371,349377,1898,6,1,600,190.4
347535,349384,349395,1849,11,1,600,169.090909091
347537,349391,349419,1854,28,1,600,67.2142857143
347538,349396,349413,1858,17,1,600,110.294117647
347539,349401,349413,1862,12,1,600,156.166666667
347542,349425,349499,1883,74,1,600,26.4459459459
347543,349430,349595,1887,165,1,600,12.4363636364
347545,349437,349438,1892,1,1,600,189.3
347546,349443,349449,1897,6,1,600,190.3
347549,349455,349461,1906,6,1,600,191.2
347550,349462,349469,1912,7,1,600,191.9
347604,347647,350622,43,2975,2,7200,1.01445378151
347615,349482,349504,1867,22,1,600,85.8636363636
347616,349487,349525,1871,38,1,600,50.2368421053
347617,349495,349503,1878,8,1,600,188.6
347621,349523,349528,1902,5,1,600,190.7
347623,349530,349533,1907,3,1,600,191.0
347624,349535,349536,1911,1,1,600,191.2
347625,349542,349552,1917,10,1,600,192.7
347627,349547,349586,1920,39,1,600,50.2307692308
347628,349560,349574,1932,14,1,600,139.0
347629,349565,349566,1936,1,1,600,193.7
347631,349573,349596,1942,23,1,600,85.4347826087
347692,349580,349589,1888,9,1,600,189.7
347693,349586,349587,1893,1,1,600,189.4
347695,349598,349604,1903,6,1,600,190.9
347696,349606,349614,1910,8,1,600,191.8
347743,347766,350932,23,3166,2,7200,1.0072646873
347757,349611,349630,1854,19,1,600,98.5789473684
347759,349619,349640,1860,21,1,600,89.5714285714
347760,349624,349643,1864,19,1,600,99.1052631579
347761,349629,349635,1868,6,1,600,187.4
347763,349637,349643,1874,6,1,600,188.0
347764,349644,349707,1880,63,1,600,30.8412698413
347765,349652,349679,1887,27,1,600,70.8888888889
347767,349663,349681,1896,18,1,600,106.333333333
347768,349673,349681,1905,8,1,600,191.3
347769,349681,349689,1912,8,1,600,192.0
347771,349694,349701,1923,7,1,600,193.0
347806,347812,350781,6,2969,2,7200,1.00202088245
347832,349699,349717,1867,18,1,600,104.722222222
347833,349705,349737,1872,32,1,600,59.5
348016,349722,349743,1706,21,1,600,82.2380952381
348086,348093,351006,7,2913,2,7200,1.00240302094
348138,349730,349738,1592,8,1,600,160.0
348139,349735,349749,1596,14,1,600,115.0
348147,348154,351268,7,3114,2,7200,1.00224791265
348201,349741,349746,1540,5,1,600,154.5
348442,349749,349808,1307,59,1,600,23.1525423729
348444,349757,349766,1313,9,1,600,132.2
348445,349762,349771,1317,9,1,600,132.6
348507,349769,349777,1262,8,1,600,127.0
348508,349776,349781,1268,5,1,600,127.3
348509,349783,349800,1274,17,1,600,75.9411764706
348574,349788,349789,1214,1,1,600,121.5
348576,349801,349816,1225,15,1,600,82.6666666667
348623,348629,351607,6,2978,2,7200,1.00201477502
348638,349806,349812,1168,6,1,600,117.4
348639,349812,349838,1173,26,1,600,46.1153846154
348640,349819,349827,1179,8,1,600,118.7
348731,348739,351599,8,2860,2,7200,1.0027972028
348746,348754,351720,8,2966,2,7200,1.00269723533
348903,348910,352115,7,3205,2,7200,1.00218408736
348933,348939,351904,6,2965,2,7200,1.00202360877
349141,349824,349840,683,16,1,600,43.6875
349144,349837,349909,693,72,1,600,10.625
349205,349842,349843,637,1,1,600,63.8
349207,349849,349926,642,77,1,600,9.33766233766
349209,349860,349869,651,9,1,600,66.0
349211,349867,349904,656,37,1,600,18.7297297297
349212,349872,349878,660,6,1,600,66.6
349213,349877,349878,664,1,1,600,66.5
349215,349885,349892,670,7,1,600,67.7
349216,349892,349893,676,1,1,600,67.7
349217,349898,349907,681,9,1,600,69.0
349219,349905,349922,686,17,1,600,41.3529411765
349220,349910,349920,690,10,1,600,70.0
349222,349918,349922,696,4,1,600,70.0
349283,349924,349936,641,12,1,600,54.4166666667
349284,349930,349937,646,7,1,600,65.3
349286,349937,349942,651,5,1,600,65.6
349288,349947,349974,659,27,1,600,25.4074074074
349290,349955,349959,665,4,1,600,66.9
349292,349960,349961,668,1,1,600,66.9
349294,349966,349982,672,16,1,600,43.0
349295,349971,349977,676,6,1,600,68.2
349296,349976,349977,680,1,1,600,68.1
349344,349351,352270,7,2919,2,7200,1.00239808153
349358,349983,350007,625,24,1,600,27.0416666667
349359,349989,350012,630,23,1,600,28.3913043478
349360,349997,350006,637,9,1,600,64.6
349362,350002,350007,640,5,1,600,64.5
349363,350007,350086,644,79,1,600,9.15189873418
349364,350013,350019,649,6,1,600,65.5
349366,350020,350026,654,6,1,600,66.0
349367,350025,350030,658,5,1,600,66.3
349368,350031,350038,663,7,1,600,67.0
349381,349407,352482,26,3075,2,7200,1.00845528455
349430,350037,350069,607,32,1,600,19.96875
349433,350048,350058,615,10,1,600,62.5
349435,350061,350150,626,89,1,600,8.03370786517
349437,350066,350074,629,8,1,600,63.7
349438,350074,350085,636,11,1,600,58.8181818182
349439,350079,350080,640,1,1,600,64.1
349501,350087,350103,586,16,1,600,37.625
349502,350092,350093,590,1,1,600,59.1
349503,350100,350105,597,5,1,600,60.2
349505,350105,350106,600,1,1,600,60.1
349506,350110,350122,604,12,1,600,51.3333333333
349507,350118,350131,611,13,1,600,48.0
349509,350123,350155,614,32,1,600,20.1875
349510,350129,350138,619,9,1,600,62.8
349511,350134,350140,623,6,1,600,62.9
349513,350147,350168,634,21,1,600,31.1904761905
349514,350152,350157,638,5,1,600,64.3
349532,349553,352584,21,3031,2,7200,1.00692840647
349576,350159,350189,583,30,1,600,20.4333333333
349577,350164,350171,587,7,1,600,59.4
349578,350171,350189,593,18,1,600,33.9444444444
349580,350176,350177,596,1,1,600,59.7
349581,350181,350182,600,1,1,600,60.1
349582,350189,350226,607,37,1,600,17.4054054054
349584,350194,350214,610,20,1,600,31.5
349585,350200,350205,615,5,1,600,62.0
349586,350207,350239,621,32,1,600,20.40625
349648,350212,350220,564,8,1,600,57.2
349649,349686,352827,37,3141,2,7200,1.011779688
349649,350217,350275,568,58,1,600,10.7931034483
349679,349710,352798,31,3088,2,7200,1.0100388601
349681,350225,350230,544,5,1,600,54.9
349683,350237,350275,554,38,1,600,15.5789473684
349684,350242,350243,558,1,1,600,55.9
349685,350250,350275,565,25,1,600,23.6
349687,350256,350275,569,19,1,600,30.9473684211
349688,350269,350275,581,6,1,600,58.7
349689,350275,350280,586,5,1,600,59.1
349691,350287,350294,596,7,1,600,60.3
349692,350292,350298,600,6,1,600,60.6
349693,350297,350298,604,1,1,600,60.5
349695,350303,350323,608,20,1,600,31.4
349696,350308,350309,612,1,1,600,61.3
349697,350316,350325,619,9,1,600,62.8
349699,350322,350345,623,23,1,600,28.0869565217
349760,350328,350335,568,7,1,600,57.5
349761,350333,350342,572,9,1,600,58.1
349764,350345,350444,581,99,1,600,6.86868686869
349765,350350,350362,585,12,1,600,49.75
349767,350358,350367,591,9,1,600,60.0
349768,350363,350368,595,5,1,600,60.0
349769,350369,350379,600,10,1,600,61.0
349772,350375,350379,603,4,1,600,60.7
349777,350388,350405,611,17,1,600,36.9411764706
349778,350393,350410,615,17,1,600,37.1764705882
349779,350398,350405,619,7,1,600,62.6
349841,350406,350426,565,20,1,600,29.25
349842,350411,350421,569,10,1,600,57.9
349845,350424,350435,579,11,1,600,53.6363636364
349847,350437,350444,590,7,1,600,59.7
349849,350444,350449,595,5,1,600,60.0
349850,350449,350464,599,15,1,600,40.9333333333
349851,350455,350460,604,5,1,600,60.9
349853,350462,350520,609,58,1,600,11.5
349854,350467,350480,613,13,1,600,48.1538461538
349918,350485,350491,567,6,1,600,57.3
349919,350490,350499,571,9,1,600,58.0
349921,350496,350503,575,7,1,600,58.2
349922,350509,350515,587,6,1,600,59.3
349924,350514,350578,590,64,1,600,10.21875
349925,350519,350525,594,6,1,600,60.0
349926,350532,350580,606,48,1,600,13.625
349927,350537,350553,610,16,1,600,39.125
349930,350548,350557,618,9,1,600,62.7
349933,350566,350575,633,9,1,600,64.2
349996,350579,350582,583,3,1,600,58.6
349997,350585,350591,588,6,1,600,59.4
349999,350592,350597,593,5,1,600,59.8
350000,350597,350603,597,6,1,600,60.3
350001,350603,350617,602,14,1,600,44.0
350003,350608,350616,605,8,1,600,61.3
350004,350616,350623,612,7,1,600,61.9
350005,350621,350631,616,10,1,600,62.6
350007,350626,350636,619,10,1,600,62.9
350008,350632,350639,624,7,1,600,63.1
350069,350639,350640,570,1,1,600,57.1
350071,350644,350647,573,3,1,600,57.6
350072,350650,350657,578,7,1,600,58.5
350074,350662,350666,588,4,1,600,59.2
350075,350667,350674,592,7,1,600,59.9
350076,350672,350691,596,19,1,600,32.3684210526
350078,350678,350687,600,9,1,600,60.9
350079,350683,350684,604,1,1,600,60.5
350080,350690,350701,610,11,1,600,56.4545454545
350082,350695,350696,613,1,1,600,61.4
350083,350700,350701,617,1,1,600,61.8
350085,350713,350720,628,7,1,600,63.5
350086,350718,350728,632,10,1,600,64.2
350087,350724,350744,637,20,1,600,32.85
350098,350140,353075,42,2935,2,7200,1.01431005111
350149,350729,350758,580,29,1,600,21.0
350150,350734,350735,584,1,1,600,58.5
350151,350740,350781,589,41,1,600,15.3658536585
350153,350746,350747,593,1,1,600,59.4
350154,350752,350755,598,3,1,600,60.1
350155,350757,350762,602,5,1,600,60.7
350157,350763,350764,606,1,1,600,60.7
350159,350776,350803,617,27,1,600,23.8518518519
350161,350781,350782,620,1,1,600,62.1
350162,350787,350793,625,6,1,600,63.1
350163,350792,350793,629,1,1,600,63.0
350165,350801,350802,636,1,1,600,63.7
350216,350230,353212,14,2982,2,7200,1.00469483568
350226,350806,350819,580,13,1,600,45.6153846154
350229,350825,350843,596,18,1,600,34.1111111111
350230,350830,350831,600,1,1,600,60.1
350231,350836,350881,605,45,1,600,14.4444444444
350233,350841,350846,608,5,1,600,61.3
350234,350846,350847,612,1,1,600,61.3
350235,350855,350877,620,22,1,600,29.1818181818
350237,350863,350877,626,14,1,600,45.7142857143
350238,350877,350878,639,1,1,600,64.0
350301,350888,350893,587,5,1,600,59.2
350302,350895,350930,593,35,1,600,17.9428571429
350303,350900,350907,597,7,1,600,60.4
350306,350911,350916,605,5,1,600,61.0
350307,350917,350920,610,3,1,600,61.3
350309,350924,350958,615,34,1,600,19.0882352941
350310,350929,350936,619,7,1,600,62.6
350322,350934,350935,612,1,1,600,61.3
350323,350942,350947,619,5,1,600,62.4
350325,350947,350969,622,22,1,600,29.2727272727
350326,350953,350968,627,15,1,600,42.8
350334,350380,353753,46,3373,2,7200,1.01363771124
350388,350966,350967,578,1,1,600,57.9
350389,350971,350972,582,1,1,600,58.3
350390,350977,351033,587,56,1,600,11.4821428571
350393,350989,350996,596,7,1,600,60.3
350394,350995,351013,601,18,1,600,34.3888888889
350395,351000,351005,605,5,1,600,61.0
350397,351005,351013,608,8,1,600,61.6
350398,351013,351022,615,9,1,600,62.4
350399,351018,351019,619,1,1,600,62.0
350401,351025,351065,624,40,1,600,16.6
350457,350501,353464,44,2963,2,7200,1.01484981438
350462,351030,351037,568,7,1,600,57.5
350464,351036,351089,572,53,1,600,11.7924528302
350465,351049,351055,584,6,1,600,59.0
350466,351054,351059,588,5,1,600,59.3
350468,351060,351066,592,6,1,600,59.8
350469,351065,351066,596,1,1,600,59.7
350470,351072,351080,602,8,1,600,61.0
350472,351077,351083,605,6,1,600,61.1
350473,351084,351104,611,20,1,600,31.55
350474,351089,351176,615,87,1,600,8.06896551724
350476,351095,351116,619,21,1,600,30.4761904762
350477,351202,351207,725,5,1,600,73.0
350478,351219,351220,741,1,1,600,74.2
350496,350525,353588,29,3063,2,7200,1.00946784198
350520,350553,353576,33,3023,2,7200,1.0109163083
350542,351257,351258,715,1,1,600,71.6
350544,351270,351419,726,149,1,600,5.87248322148
350545,351295,351305,750,10,1,600,76.0
350546,351300,351301,754,1,1,600,75.5
350548,351313,351354,765,41,1,600,19.6585365854
350549,351321,351330,772,9,1,600,78.1
350551,351343,351393,792,50,1,600,16.84
350553,351367,351373,814,6,1,600,82.0
350614,351386,351396,772,10,1,600,78.2
350615,351405,351413,790,8,1,600,79.8
350617,351412,351422,795,10,1,600,80.5
350618,351425,351429,807,4,1,600,81.1
350619,351441,351450,822,9,1,600,83.1
350621,351475,351483,854,8,1,600,86.2
350622,351495,351504,873,9,1,600,88.2
350623,351516,351525,893,9,1,600,90.2
350623,350655,353886,32,3231,2,7200,1.00990405447
350625,351536,351537,911,1,1,600,91.2
350626,351549,351558,923,9,1,600,93.2
350627,351570,351576,943,6,1,600,94.9
350628,351588,351596,960,8,1,600,96.8
350630,351607,351608,977,1,1,600,97.8
350631,351620,351665,989,45,1,600,22.9777777778
350672,350706,353640,34,2934,2,7200,1.01158827539
350692,351625,351646,933,21,1,600,45.4285714286
350694,351658,351726,964,68,1,600,15.1764705882
350696,351690,351698,994,8,1,600,100.2
350698,351709,351716,1011,7,1,600,101.8
350702,351745,351756,1043,11,1,600,95.8181818182
350703,351752,351753,1049,1,1,600,105.0
350704,351765,351776,1061,11,1,600,97.4545454545
350706,351772,351784,1066,12,1,600,89.8333333333
350707,351788,351792,1081,4,1,600,108.5
350710,351804,351811,1094,7,1,600,110.1
350771,351811,351825,1040,14,1,600,75.2857142857
350773,351823,351833,1050,10,1,600,106.0
350774,351837,351853,1063,16,1,600,67.4375
350777,351857,351862,1080,5,1,600,108.5
350778,351865,351873,1087,8,1,600,109.5
350779,351874,351882,1095,8,1,600,110.3
350783,354252,354259,3469,7,1,600,347.6
350784,350817,353754,33,2937,2,7200,1.01123595506
350845,354259,354260,3414,1,1,600,341.5
350846,354270,354276,3424,6,1,600,343.0
350847,354277,354285,3430,8,1,600,343.8
350849,354288,354294,3439,6,1,600,344.5
350881,354296,354304,3415,8,1,600,342.3
350883,354305,354311,3422,6,1,600,342.8
350884,354315,354320,3431,5,1,600,343.6
350885,354323,354335,3438,12,1,600,287.5
350887,354331,354332,3444,1,1,600,344.5
350888,354343,354354,3455,11,1,600,315.090909091
350889,354350,354370,3461,20,1,600,174.05
350891,354366,354403,3475,37,1,600,94.9189189189
350892,354381,354390,3489,9,1,600,349.8
350893,354403,354482,3510,79,1,600,45.4303797468
350895,354414,354422,3519,8,1,600,352.7
350896,354433,354444,3537,11,1,600,322.545454545
350897,354456,354482,3559,26,1,600,137.884615385
350899,354493,354501,3594,8,1,600,360.2
350935,350958,353841,23,2883,2,7200,1.0079778009
350960,354499,354524,3539,25,1,600,142.56
350963,354511,354525,3548,14,1,600,254.428571429
350964,354527,354532,3563,5,1,600,356.8
350966,354541,354548,3575,7,1,600,358.2
350967,354554,354555,3587,1,1,600,358.8
350968,354559,354571,3591,12,1,600,300.25
350972,354571,354572,3599,1,1,600,360.0
350976,354584,354632,3608,48,1,600,76.1666666667
350978,354596,354611,3618,15,1,600,242.2
351007,351041,353979,34,2938,2,7200,1.0115724983
351040,354603,354611,3563,8,1,600,357.1
351041,354622,354628,3581,6,1,600,358.7
351044,354639,354640,3595,1,1,600,359.6
351047,354651,354656,3604,5,1,600,360.9
351048,354656,354663,3608,7,1,600,361.5
351049,354664,354669,3615,5,1,600,362.0
351051,354670,354700,3619,30,1,600,121.633333333
351112,354677,354685,3565,8,1,600,357.3
351114,354685,354689,3571,4,1,600,357.5
351115,354699,354709,3584,10,1,600,359.4
351116,354707,354712,3591,5,1,600,359.6
351118,354714,354718,3596,4,1,600,360.0
351120,354728,354733,3608,5,1,600,361.3
351122,354735,354843,3613,108,1,600,34.4537037037
351123,354741,354755,3618,14,1,600,259.428571429
351124,354747,354748,3623,1,1,600,362.4
351186,354759,354764,3573,5,1,600,357.8
351247,354767,354780,3520,13,1,600,271.769230769
351250,354795,354802,3545,7,1,600,355.2
351269,351278,354190,9,2912,2,7200,1.00309065934
351313,354813,354818,3500,5,1,600,350.5
351314,354818,354819,3504,1,1,600,350.5
351315,354830,354835,3515,5,1,600,352.0
351377,354836,354885,3459,49,1,600,71.5918367347
351378,354846,354864,3468,18,1,600,193.666666667
351380,354855,354872,3475,17,1,600,205.411764706
351443,354883,354894,3440,11,1,600,313.727272727
351444,354890,354896,3446,6,1,600,345.2
351445,354898,354940,3453,42,1,600,83.2142857143
351447,354906,354910,3459,4,1,600,346.3
351448,354912,354942,3464,30,1,600,116.466666667
351509,354923,354935,3414,12,1,600,285.5
351514,354948,354956,3434,8,1,600,344.2
351515,354954,354955,3439,1,1,600,344.0
351577,354960,354964,3383,4,1,600,338.7
351578,354967,354977,3389,10,1,600,339.9
351579,354972,354985,3393,13,1,600,262.0
351601,351613,354525,12,2912,2,7200,1.00412087912
351616,351633,354524,17,2891,2,7200,1.00588031823
351641,354978,354987,3337,9,1,600,334.6
351642,354989,354994,3347,5,1,600,335.2
351643,354997,355008,3354,11,1,600,305.909090909
351705,355003,355016,3298,13,1,600,254.692307692
351706,355011,355017,3305,6,1,600,331.1
351707,355020,355030,3313,10,1,600,332.3
351721,351733,354770,12,3037,2,7200,1.0039512677
351770,355034,355039,3264,5,1,600,326.9
351771,355042,355075,3271,33,1,600,100.121212121
351773,355048,355283,3275,235,1,600,14.9361702128
351774,355056,355075,3282,19,1,600,173.736842105
351775,355088,355094,3313,6,1,600,331.9
351776,355093,355097,3317,4,1,600,332.1
351838,355105,355120,3267,15,1,600,218.8
351839,355110,355120,3271,10,1,600,328.1
351840,355120,355129,3280,9,1,600,328.9
351843,355133,355138,3290,5,1,600,329.5
351844,355138,355172,3294,34,1,600,97.8823529412
351846,355145,355155,3299,10,1,600,330.9
351905,351911,354772,6,2861,2,7200,1.00209716882
351907,355150,355157,3243,7,1,600,325.0
351908,355295,355308,3387,13,1,600,261.538461538
351909,355319,355324,3410,5,1,600,341.5
351911,355336,355337,3425,1,1,600,342.6
351912,355348,355355,3436,7,1,600,344.3
351913,355366,355373,3453,7,1,600,346.0
352115,352123,355199,8,3076,2,7200,1.00260078023
352272,352278,355413,6,3135,2,7200,1.0019138756
352483,352489,355564,6,3075,2,7200,1.00195121951
352585,352591,355764,6,3173,2,7200,1.00189095493
352799,352805,355963,6,3158,2,7200,1.00189993667
352829,352836,355910,7,3074,2,7200,1.00227716331
353076,353083,356432,7,3349,2,7200,1.00209017617
353212,353218,356319,6,3101,2,7200,1.00193485972
353465,353471,356443,6,2972,2,7200,1.00201884253
353577,353583,356656,6,3073,2,7200,1.00195248942
353592,353599,356645,7,3046,2,7200,1.00229809586
353643,353649,356785,6,3136,2,7200,1.00191326531
353757,353764,356862,7,3098,2,7200,1.00225952227
353758,353771,357031,13,3260,2,7200,1.00398773006
353844,353850,356823,6,2973,2,7200,1.00201816347
353886,353892,356977,6,3085,2,7200,1.00194489465
353982,353989,357244,7,3255,2,7200,1.00215053763
354194,354201,357210,7,3009,2,7200,1.00232635427
354258,355384,355392,1126,8,1,600,113.4
354319,355404,355419,1085,15,1,600,73.3333333333
354321,355431,355432,1110,1,1,600,111.1
354322,355443,355498,1121,55,1,600,21.3818181818
354323,355509,355510,1186,1,1,600,118.7
354324,355521,355522,1197,1,1,600,119.8
354326,355533,355534,1207,1,1,600,120.8
354327,355545,355552,1218,7,1,600,122.5
354328,355563,355580,1235,17,1,600,73.6470588235
354390,355591,355599,1201,8,1,600,120.9
354391,355610,355622,1219,12,1,600,102.583333333
354392,355633,355641,1241,8,1,600,124.9
354393,355653,355672,1260,19,1,600,67.3157894737
354482,355696,355702,1214,6,1,600,122.0
354484,355714,355724,1230,10,1,600,124.0
354485,355735,355741,1250,6,1,600,125.6
354486,355752,355758,1266,6,1,600,127.2
354488,355769,355814,1281,45,1,600,29.4666666667
354489,355825,355841,1336,16,1,600,84.5
354525,354536,357559,11,3023,2,7200,1.00363876943
354540,354549,357479,9,2930,2,7200,1.00307167235
354550,355852,355865,1302,13,1,600,101.153846154
354552,355876,355888,1324,12,1,600,111.333333333
354553,355899,355905,1346,6,1,600,135.2
354554,355921,355927,1367,6,1,600,137.3
354556,355939,355981,1383,42,1,600,33.9285714286
354557,355992,355993,1435,1,1,600,143.6
354618,356004,356005,1386,1,1,600,138.7
354620,356016,356023,1396,7,1,600,140.3
354621,356034,356055,1413,21,1,600,68.2857142857
354622,356066,356072,1444,6,1,600,145.0
354624,356083,356084,1459,1,1,600,146.0
354625,356095,356102,1470,7,1,600,147.7
354626,356113,356114,1487,1,1,600,148.8
354628,356125,356132,1497,7,1,600,150.4
354689,356143,356177,1454,34,1,600,43.7647058824
354690,356188,356195,1498,7,1,600,150.5
354693,356206,356207,1513,1,1,600,151.4
354694,356218,356219,1524,1,1,600,152.5
354695,356230,356231,1535,1,1,600,153.6
354697,356242,356293,1545,51,1,600,31.2941176471
354698,356304,356305,1606,1,1,600,160.7
354699,356320,356330,1621,10,1,600,163.1
354700,356341,356369,1641,28,1,600,59.6071428571
354702,356380,356390,1678,10,1,600,168.8
354763,356401,356407,1638,6,1,600,164.4
354764,356418,356425,1654,7,1,600,166.1
354766,356437,356438,1671,1,1,600,167.2
354767,356452,356457,1685,5,1,600,169.0
354768,356468,356473,1700,5,1,600,170.5
354770,356481,356494,1711,13,1,600,132.615384615
354771,356487,356494,1716,7,1,600,172.3
354772,356492,356525,1720,33,1,600,53.1212121212
354772,354784,357804,12,3020,2,7200,1.00397350993
354774,356498,356515,1724,17,1,600,102.411764706
354774,354789,357807,15,3018,2,7200,1.00497017893
354835,356503,356509,1668,6,1,600,167.4
354836,356508,356516,1672,8,1,600,168.0
354838,356515,356521,1677,6,1,600,168.3
354839,356521,356534,1682,13,1,600,130.384615385
354840,356526,356533,1686,7,1,600,169.3
354842,356534,356540,1692,6,1,600,169.8
354843,356539,356554,1696,15,1,600,114.066666667
354904,356544,356552,1640,8,1,600,164.8
354907,356556,356557,1649,1,1,600,165.0
354908,356562,356602,1654,40,1,600,42.35
354910,356567,356573,1657,6,1,600,166.3
354911,356572,356573,1661,1,1,600,166.2
354912,356580,356602,1668,22,1,600,76.8181818182
354974,356585,356593,1611,8,1,600,161.9
354975,356590,356596,1615,6,1,600,162.1
354978,356603,356653,1625,50,1,600,33.5
354979,356608,356615,1629,7,1,600,163.6
354980,356615,356620,1635,5,1,600,164.0
354982,356620,356692,1638,72,1,600,23.75
354983,356625,356631,1642,6,1,600,164.8
355044,356631,356637,1587,6,1,600,159.3
355046,356636,356643,1590,7,1,600,159.7
355047,356643,356774,1596,131,1,600,13.1832061069
355048,356649,356661,1601,12,1,600,134.416666667
355050,356654,356658,1604,4,1,600,160.8
355075,356667,356672,1592,5,1,600,159.7
355076,356672,356673,1596,1,1,600,159.7
355077,356684,356693,1607,9,1,600,161.6
355079,356689,356709,1610,20,1,600,81.5
355140,356695,356708,1555,13,1,600,120.615384615
355141,356702,356710,1561,8,1,600,156.9
355143,356707,356716,1564,9,1,600,157.3
355144,356715,356730,1571,15,1,600,105.733333333
355145,356720,356725,1575,5,1,600,158.0
355148,356732,356738,1584,6,1,600,159.0
355149,356737,356742,1588,5,1,600,159.3
355151,356745,356758,1594,13,1,600,123.615384615
355202,355209,358138,7,2929,2,7200,1.00238989416
355212,356750,356768,1538,18,1,600,86.4444444444
355213,356755,356783,1542,28,1,600,56.0714285714
355215,356761,356773,1546,12,1,600,129.833333333
355336,356768,356773,1432,5,1,600,143.7
355339,356779,356784,1440,5,1,600,144.5
355401,356797,356800,1396,3,1,600,139.9
355403,356802,356807,1399,5,1,600,140.4
355404,356807,356808,1403,1,1,600,140.4
355416,355422,358462,6,3040,2,7200,1.00197368421
355465,356813,356819,1348,6,1,600,135.4
355467,356820,356839,1353,19,1,600,72.2105263158
355528,356825,356826,1297,1,1,600,129.8
355529,356830,356831,1301,1,1,600,130.2
355531,356836,356840,1305,4,1,600,130.9
355566,355572,358412,6,2840,2,7200,1.00211267606
355593,356841,356847,1248,6,1,600,125.4
355594,356846,356877,1252,31,1,600,41.3870967742
355595,356861,356882,1266,21,1,600,61.2857142857
355691,356867,356881,1176,14,1,600,85.0
355692,356877,356881,1185,4,1,600,118.9
355693,356882,356905,1189,23,1,600,52.6956521739
355756,356900,356905,1144,5,1,600,114.9
355759,356910,356918,1151,8,1,600,115.9
355765,355777,358679,12,2902,2,7200,1.00413507926
355820,356916,356921,1096,5,1,600,110.1
355821,356921,356927,1100,6,1,600,110.6
355883,356932,356938,1049,6,1,600,105.5
355884,356937,356946,1053,9,1,600,106.2
355910,355916,359003,6,3087,2,7200,1.0019436346
355945,356942,357097,997,155,1,600,7.43225806452
355947,356948,356953,1001,5,1,600,100.6
355948,356954,356955,1006,1,1,600,100.7
355964,355970,359021,6,3051,2,7200,1.00196656834
356009,356960,356967,951,7,1,600,95.8
356012,356965,356975,953,10,1,600,96.3
356075,356979,357004,904,25,1,600,37.16
356076,356984,356989,908,5,1,600,91.3
356137,356989,356994,852,5,1,600,85.7
356139,357002,357014,863,12,1,600,72.9166666667
356140,357007,357060,867,53,1,600,17.358490566
356141,357013,357020,872,7,1,600,87.9
356142,357020,357051,878,31,1,600,29.3225806452
356204,357025,357171,821,146,1,600,6.62328767123
356205,357030,357031,825,1,1,600,82.6
356286,357043,357044,757,1,1,600,75.8
356288,357049,357103,761,54,1,600,15.0925925926
356324,356330,359422,6,3092,2,7200,1.00194049159
356350,357061,357079,711,18,1,600,40.5
356352,357068,357073,716,5,1,600,72.1
356353,357073,357078,720,5,1,600,72.5
356378,374918,374920,18540,2,1,3600,1854.2
356414,357080,357081,666,1,1,600,66.7
356416,357087,357093,671,6,1,600,67.7
356417,357095,357110,678,15,1,600,46.2
356433,356444,359519,11,3075,2,7200,1.00357723577
356448,356459,359607,11,3148,2,7200,1.00349428208
356478,357100,357110,622,10,1,600,63.2
356480,357105,357124,625,19,1,600,33.8947368421
356481,357112,357117,631,5,1,600,63.6
356482,357118,357134,636,16,1,600,40.75
356544,357124,357131,580,7,1,600,58.7
356545,357130,357134,585,4,1,600,58.9
356546,357135,357162,589,27,1,600,22.8148148148
356548,357142,357152,594,10,1,600,60.4
356550,357153,357160,603,7,1,600,61.0
356552,357160,357165,608,5,1,600,61.3
356553,357165,357174,612,9,1,600,62.1
356554,357170,357184,616,14,1,600,45.0
356556,357178,357185,622,7,1,600,62.9
356557,357183,357238,626,55,1,600,12.3818181818
356558,357188,357193,630,5,1,600,63.5
356622,357206,357207,584,1,1,600,58.5
356624,357211,357218,587,7,1,600,59.4
356625,357217,357224,592,7,1,600,59.9
356627,357229,357238,602,9,1,600,61.1
356628,357234,357235,606,1,1,600,60.7
356629,357240,357370,611,130,1,600,5.7
356631,357245,357253,614,8,1,600,62.2
356632,357257,357258,625,1,1,600,62.6
356633,357262,357269,629,7,1,600,63.6
356647,356661,359491,14,2830,2,7200,1.00494699647
356662,356679,359854,17,3175,2,7200,1.00535433071
356696,357273,357279,577,6,1,600,58.3
356697,357278,357279,581,1,1,600,58.2
356699,357286,357307,587,21,1,600,28.9523809524
356700,357291,357299,591,8,1,600,59.9
356701,357296,357302,595,6,1,600,60.1
356702,357302,357308,600,6,1,600,60.6
356704,357308,357313,604,5,1,600,60.9
356705,357314,357319,609,5,1,600,61.4
356706,357321,357326,615,5,1,600,62.0
356768,357326,357350,558,24,1,600,24.25
356769,357331,357340,562,9,1,600,57.1
356772,357345,357414,573,69,1,600,9.30434782609
356773,357350,357358,577,8,1,600,58.5
356775,357355,357361,580,6,1,600,58.6
356776,357362,357375,586,13,1,600,46.0769230769
356777,357368,357374,591,6,1,600,59.7
356779,357373,357406,594,33,1,600,19.0
356781,357386,357397,605,11,1,600,56.0
356785,357403,357415,618,12,1,600,52.5
356786,356791,359501,5,2710,2,7200,1.00184501845
356787,357409,357443,622,34,1,600,19.2941176471
356825,356854,360125,29,3271,2,7200,1.00886579028
356848,357416,357447,568,31,1,600,19.3225806452
356850,357421,357425,571,4,1,600,57.5
356862,356894,359969,32,3075,2,7200,1.01040650407
356881,357426,357431,545,5,1,600,55.0
356883,357433,357440,550,7,1,600,55.7
356884,357438,357442,554,4,1,600,55.8
356885,357443,357478,558,35,1,600,16.9428571429
356887,357451,357478,564,27,1,600,21.8888888889
356888,357458,357478,570,20,1,600,29.5
356889,357474,357485,585,11,1,600,54.1818181818
356891,357479,357480,588,1,1,600,58.9
356892,357484,357490,592,6,1,600,59.8
356893,357490,357496,597,6,1,600,60.3
356895,357507,357514,612,7,1,600,61.9
356897,357519,357527,622,8,1,600,63.0
356899,357526,357531,627,5,1,600,63.2
356900,357532,357538,632,6,1,600,63.8
356961,357539,357547,578,8,1,600,58.6
356963,357546,357551,583,5,1,600,58.8
356964,357553,357567,589,14,1,600,43.0714285714
356966,357560,357561,594,1,1,600,59.5
356967,357573,357574,606,1,1,600,60.7
356968,357580,357581,612,1,1,600,61.3
356970,357587,357588,617,1,1,600,61.8
356976,357600,357621,624,21,1,600,30.7142857143
356977,356997,360028,20,3031,2,7200,1.00659848235
356977,357607,357625,630,18,1,600,36.0
356979,357632,357639,653,7,1,600,66.0
356980,357639,357640,659,1,1,600,66.0
356981,357650,357657,669,7,1,600,67.6
357031,357038,360198,7,3160,2,7200,1.00221518987
357043,357657,357670,614,13,1,600,48.2307692308
357044,357669,357698,625,29,1,600,22.5517241379
357045,357681,357703,636,22,1,600,29.9090909091
357047,357709,357730,662,21,1,600,32.5238095238
357048,357716,357731,668,15,1,600,45.5333333333
357049,357742,357759,693,17,1,600,41.7647058824
357051,357747,357753,696,6,1,600,70.2
357112,357765,357771,653,6,1,600,65.9
357113,357772,357779,659,7,1,600,66.6
357115,357783,357784,668,1,1,600,66.9
357116,357790,357791,674,1,1,600,67.5
357117,357797,357804,680,7,1,600,68.7
357119,357804,357827,685,23,1,600,30.7826086957
357120,357819,357828,699,9,1,600,70.8
357121,357838,357839,717,1,1,600,71.8
357123,357845,357846,722,1,1,600,72.3
357124,357852,357866,728,14,1,600,53.0
357125,357859,357860,734,1,1,600,73.5
357127,357872,358004,745,132,1,600,6.64393939394
357128,357878,357887,750,9,1,600,75.9
357189,357898,357899,709,1,1,600,71.0
357191,357910,357911,719,1,1,600,72.0
357192,357922,357942,730,20,1,600,37.5
357193,357953,357960,760,7,1,600,76.7
357195,357972,357977,777,5,1,600,78.2
357196,357988,358148,792,160,1,600,5.95
357197,358016,358036,819,20,1,600,41.95
357199,358047,358077,848,30,1,600,29.2666666667
357200,358088,358092,888,4,1,600,89.2
357201,358103,358104,902,1,1,600,90.3
357203,358115,358124,912,9,1,600,92.1
357204,358135,358142,931,7,1,600,93.8
357205,358155,358160,950,5,1,600,95.5
357206,358162,358167,956,5,1,600,96.1
357208,358171,358178,963,7,1,600,97.0
357209,358179,358185,970,6,1,600,97.6
357212,357224,360283,12,3059,2,7200,1.0039228506
357245,357252,360621,7,3369,2,7200,1.00207776788
357274,358189,358380,915,191,1,600,5.79057591623
357275,358197,358204,922,7,1,600,92.9
357276,358216,358230,940,14,1,600,68.1428571429
357277,358241,358242,964,1,1,600,96.5
357279,358253,358257,974,4,1,600,97.8
357280,358268,358274,988,6,1,600,99.4
357281,358285,358292,1004,7,1,600,101.1
357283,358303,358346,1020,43,1,600,24.7209302326
357284,358358,358359,1074,1,1,600,107.5
357285,358370,358401,1085,31,1,600,36.0
357287,358391,358405,1104,14,1,600,79.8571428571
357288,358412,358413,1124,1,1,600,112.5
357349,358419,358425,1070,6,1,600,107.6
357351,358436,358444,1085,8,1,600,109.3
357352,358455,358463,1103,8,1,600,111.1
357353,358476,358484,1123,8,1,600,113.1
357355,358495,358501,1140,6,1,600,114.6
357356,358512,358515,1156,3,1,600,115.9
357357,358527,358528,1170,1,1,600,117.1
357359,358539,358544,1180,5,1,600,118.5
357360,358555,358556,1195,1,1,600,119.6
357361,358567,358568,1206,1,1,600,120.7
357423,358579,358587,1156,8,1,600,116.4
357424,358599,358600,1175,1,1,600,117.6
357425,358611,358618,1186,7,1,600,119.3
357427,358630,358631,1203,1,1,600,120.4
357428,358642,358647,1214,5,1,600,121.9
357429,358670,358679,1241,9,1,600,125.0
357432,358704,358714,1272,10,1,600,128.2
357433,358725,358729,1292,4,1,600,129.6
357435,358740,358747,1305,7,1,600,131.2
357436,358759,358767,1323,8,1,600,133.1
357437,358778,358784,1341,6,1,600,134.7
357438,358795,358796,1357,1,1,600,135.8
357440,358807,358808,1367,1,1,600,136.8
357483,357502,360366,19,2864,2,7200,1.00663407821
357501,358819,358840,1318,21,1,600,63.7619047619
357503,358852,358853,1349,1,1,600,135.0
357504,358864,358865,1360,1,1,600,136.1
357505,358876,358883,1371,7,1,600,137.8
357507,358895,358902,1388,7,1,600,139.5
357508,358913,358964,1405,51,1,600,28.5490196078
357509,358976,358982,1467,6,1,600,147.3
357512,358993,359000,1481,7,1,600,148.8
357514,359017,359047,1503,30,1,600,51.1
357516,359058,359059,1542,1,1,600,154.3
357517,359070,359085,1553,15,1,600,104.533333333
357561,357567,360779,6,3212,2,7200,1.00186799502
357578,359096,359109,1518,13,1,600,117.769230769
357580,359120,359127,1540,7,1,600,154.7
357581,359138,359145,1557,7,1,600,156.4
357582,359156,359157,1574,1,1,600,157.5
357584,359168,359175,1584,7,1,600,159.1
357585,359187,359205,1602,18,1,600,90.0
357586,359216,359217,1630,1,1,600,163.1
357588,359228,359235,1640,7,1,600,164.7
357589,359247,359248,1658,1,1,600,165.9
357590,359267,359284,1677,17,1,600,99.6470588235
357592,359295,359300,1703,5,1,600,170.8
357593,359312,359316,1719,4,1,600,172.3
357654,359329,359334,1675,5,1,600,168.0
357656,359345,359388,1689,43,1,600,40.2790697674
357657,359400,359401,1743,1,1,600,174.4
357658,359412,359421,1754,9,1,600,176.3
357660,359438,359439,1778,1,1,600,177.9
357721,359450,359460,1729,10,1,600,173.9
357722,359471,359472,1749,1,1,600,175.0
357724,359483,359484,1759,1,1,600,176.0
357725,359495,359496,1770,1,1,600,177.1
357786,359509,359510,1723,1,1,600,172.4
357788,359523,359524,1735,1,1,600,173.6
357789,359537,359538,1748,1,1,600,174.9
357790,359549,359571,1759,22,1,600,80.9545454545
357791,359582,359583,1791,1,1,600,179.2
357793,359594,359595,1801,1,1,600,180.2
357794,359606,359613,1812,7,1,600,181.9
357806,357812,360847,6,3035,2,7200,1.00197693575
357821,357827,360728,6,2901,2,7200,1.00206825233
357855,359624,359625,1769,1,1,600,177.0
357857,359636,359659,1779,23,1,600,78.347826087
357858,359670,359677,1812,7,1,600,181.9
357859,359688,359689,1829,1,1,600,183.0
357860,359700,359710,1840,10,1,600,185.0
357862,359721,359733,1859,12,1,600,155.916666667
357923,359744,359745,1821,1,1,600,182.2
357924,359756,359757,1832,1,1,600,183.3
357926,359768,359769,1842,1,1,600,184.3
357927,359780,359781,1853,1,1,600,185.4
357928,359792,359804,1864,12,1,600,156.333333333
357991,359826,359886,1835,60,1,600,31.5833333333
357993,359897,359938,1904,41,1,600,47.4390243902
358079,359960,359966,1881,6,1,600,188.7
358141,359977,359978,1836,1,1,600,183.7
358142,358148,360904,6,2756,2,7200,1.00217706821
358142,359991,359992,1849,1,1,600,185.0
358143,360003,360012,1860,9,1,600,186.9
358145,360024,360032,1879,8,1,600,188.7
358206,360043,360060,1837,17,1,600,109.058823529
358207,360071,360072,1864,1,1,600,186.5
358209,360083,360090,1874,7,1,600,188.1
358210,360101,360141,1891,40,1,600,48.275
358211,360154,360164,1943,10,1,600,195.3
358213,360175,360180,1962,5,1,600,196.7
358214,360192,360193,1978,1,1,600,197.9
358275,360209,360238,1934,29,1,600,67.6896551724
358277,360250,360257,1973,7,1,600,198.0
358278,360269,360276,1991,7,1,600,199.8
358339,360287,360288,1948,1,1,600,194.9
358341,360301,360302,1960,1,1,600,196.1
358402,360313,360329,1911,16,1,600,120.4375
358403,360341,360342,1938,1,1,600,193.9
358405,360353,360365,1948,12,1,600,163.333333333
358414,358426,361405,12,2979,2,7200,1.00402819738
358462,358469,361465,7,2996,2,7200,1.0023364486
358466,360381,360386,1915,5,1,600,192.0
358467,360386,360393,1919,7,1,600,192.6
358469,360398,360415,1929,17,1,600,114.470588235
358470,360405,360417,1935,12,1,600,162.25
358472,360426,360441,1954,15,1,600,131.266666667
358473,360433,360447,1960,14,1,600,141.0
358534,360453,360472,1919,19,1,600,102.0
358536,360462,360483,1926,21,1,600,92.7142857143
358537,360488,360502,1951,14,1,600,140.357142857
358538,360495,360496,1957,1,1,600,195.8
358600,360507,360526,1907,19,1,600,101.368421053
358601,360514,360589,1913,75,1,600,26.5066666667
358602,360537,360544,1935,7,1,600,194.2
358603,360555,360562,1952,7,1,600,195.9
358679,360573,360580,1894,7,1,600,190.1
358679,358685,361626,6,2941,2,7200,1.00204012241
358681,360591,360598,1910,7,1,600,191.7
358682,360600,360601,1918,1,1,600,191.9
358683,360609,360614,1926,5,1,600,193.1
358744,360616,360622,1872,6,1,600,187.8
358746,360626,360627,1880,1,1,600,188.1
358747,360639,360640,1892,1,1,600,189.3
358748,360645,360653,1897,8,1,600,190.5
358810,360651,360652,1841,1,1,600,184.2
358811,360663,360670,1852,7,1,600,185.9
358812,360670,360671,1858,1,1,600,185.9
358813,360682,360691,1869,9,1,600,187.8
358815,360687,360693,1872,6,1,600,187.8
358876,360702,360709,1826,7,1,600,183.3
358877,360709,360710,1832,1,1,600,183.3
358879,360720,360728,1841,8,1,600,184.9
358940,360727,360728,1787,1,1,600,178.8
358941,360742,360748,1801,6,1,600,180.7
359003,360748,360763,1745,15,1,600,117.333333333
359004,360759,360765,1755,6,1,600,176.1
359005,359010,362042,5,3032,2,7200,1.00164907652
359023,359029,362127,6,3098,2,7200,1.00193673338
359065,360775,360783,1710,8,1,600,171.8
359067,360782,360789,1715,7,1,600,172.2
359068,360796,360797,1728,1,1,600,172.9
359129,360802,360807,1673,5,1,600,167.8
359132,360808,360818,1676,10,1,600,168.6
359135,360813,360825,1678,12,1,600,140.833333333
359196,360820,360836,1624,16,1,600,102.5
359198,360829,360842,1631,13,1,600,126.461538462
359199,360836,360846,1637,10,1,600,164.7
359284,360847,360854,1563,7,1,600,157.0
359287,360854,360855,1567,1,1,600,156.8
359288,360868,360869,1580,1,1,600,158.1
359290,360873,360880,1583,7,1,600,159.0
359291,360880,360889,1589,9,1,600,159.8
359352,360891,360899,1539,8,1,600,154.7
359353,360901,360902,1548,1,1,600,154.9
359355,360917,360918,1562,1,1,600,156.3
359416,360924,360928,1508,4,1,600,151.2
359417,360931,360932,1514,1,1,600,151.5
359424,359430,362288,6,2858,2,7200,1.00209937019
359479,360939,360964,1460,25,1,600,59.4
359480,360946,360953,1466,7,1,600,147.3
359481,360965,360966,1484,1,1,600,148.5
359483,360975,360983,1492,8,1,600,150.0
359493,359502,362447,9,2945,2,7200,1.00305602716
359508,359516,362446,8,2930,2,7200,1.00273037543
359523,359530,362429,7,2899,2,7200,1.00241462573
359544,360982,361000,1438,18,1,600,80.8888888889
359545,360994,361036,1449,42,1,600,35.5
359547,361011,361087,1464,76,1,600,20.2631578947
359548,361047,361087,1499,40,1,600,38.475
359549,361098,361105,1549,7,1,600,155.6
359607,359613,362702,6,3089,2,7200,1.00194237617
359611,361104,361114,1493,10,1,600,150.3
359613,361118,361121,1505,3,1,600,150.8
359614,361126,361127,1512,1,1,600,151.3
359675,361133,361141,1458,8,1,600,146.6
359677,361140,361148,1463,8,1,600,147.1
359678,361152,361187,1474,35,1,600,43.1142857143
359739,361159,361160,1420,1,1,600,142.1
359741,361171,361188,1430,17,1,600,85.1176470588
359742,361198,361212,1456,14,1,600,105.0
359743,361205,361214,1462,9,1,600,147.1
359805,361223,361224,1418,1,1,600,141.9
359806,361230,361236,1424,6,1,600,143.0
359807,361238,361243,1431,5,1,600,143.6
359808,361247,361253,1439,6,1,600,144.5
359810,361254,361255,1444,1,1,600,144.5
359863,359872,362848,9,2976,2,7200,1.00302419355
359881,361264,361296,1383,32,1,600,44.21875
359942,361281,361282,1339,1,1,600,134.0
359944,361293,361473,1349,180,1,600,8.49444444444
359972,359984,363072,12,3088,2,7200,1.00388601036
360005,361307,361314,1302,7,1,600,130.9
360007,361325,361326,1318,1,1,600,131.9
360008,361337,361338,1329,1,1,600,133.0
360009,361349,361356,1340,7,1,600,134.7
360029,360036,363149,7,3113,2,7200,1.00224863476
360071,361367,361373,1296,6,1,600,130.2
360072,361384,361396,1312,12,1,600,110.333333333
360073,361407,361444,1334,37,1,600,37.0540540541
360126,360132,363232,6,3100,2,7200,1.00193548387
360135,361421,361428,1286,7,1,600,129.3
360136,361439,361505,1303,66,1,600,20.7424242424
360197,361455,361460,1258,5,1,600,126.3
360198,360204,363097,6,2893,2,7200,1.00207397166
360199,361471,361476,1272,5,1,600,127.7
360200,361485,361490,1285,5,1,600,129.0
360201,361492,361497,1291,5,1,600,129.6
360263,361501,361507,1238,6,1,600,124.4
360264,361508,361509,1244,1,1,600,124.5
360285,360294,363504,9,3210,2,7200,1.00280373832
360325,361516,361517,1191,1,1,600,119.2
360327,361523,361528,1196,5,1,600,120.1
360328,361529,361548,1201,19,1,600,64.2105263158
360367,360373,363215,6,2842,2,7200,1.0021111893
360389,361535,361536,1146,1,1,600,114.7
360394,361542,361549,1148,7,1,600,115.5
360395,361549,361554,1154,5,1,600,115.9
360396,361559,361568,1163,9,1,600,117.2
360483,361566,361590,1083,24,1,600,46.125
360484,361572,361586,1088,14,1,600,78.7142857143
360487,361592,361603,1105,11,1,600,101.454545455
360488,361599,361614,1111,15,1,600,75.0666666667
360489,361606,361614,1117,8,1,600,112.5
360491,361615,361619,1124,4,1,600,112.8
360552,361625,361633,1073,8,1,600,108.1
360553,361631,361646,1078,15,1,600,72.8666666667
360555,361643,361686,1088,43,1,600,26.3023255814
360556,361649,361686,1093,37,1,600,30.5405405405
360618,361668,361686,1050,18,1,600,59.3333333333
360619,361697,361704,1078,7,1,600,108.5
360620,361702,361708,1082,6,1,600,108.8
360621,361708,361718,1087,10,1,600,109.7
360623,360632,363537,9,2905,2,7200,1.00309810671
360623,361715,361725,1092,10,1,600,110.2
360624,361723,361735,1099,12,1,600,92.5833333333
360686,361730,361737,1044,7,1,600,105.1
360687,361737,361738,1050,1,1,600,105.1
360688,361747,361754,1059,7,1,600,106.6
360690,361754,361761,1064,7,1,600,107.1
360692,361759,361760,1067,1,1,600,106.8
360693,361766,361772,1073,6,1,600,107.9
360695,361773,361794,1078,21,1,600,52.3333333333
360729,360735,364038,6,3303,2,7200,1.00181653043
360756,361778,361814,1022,36,1,600,29.3888888889
360757,361785,361796,1028,11,1,600,94.4545454545
360759,361806,361813,1047,7,1,600,105.4
360760,361813,361822,1053,9,1,600,106.2
360761,361824,361832,1063,8,1,600,107.1
360762,361831,361838,1069,7,1,600,107.6
360764,361838,361947,1074,109,1,600,10.8532110092
360780,360789,363811,9,3022,2,7200,1.00297816016
360825,361845,361853,1020,8,1,600,102.8
360826,361852,361853,1026,1,1,600,102.7
360828,361865,361879,1037,14,1,600,75.0714285714
360829,361871,361877,1042,6,1,600,104.8
360830,361888,361894,1058,6,1,600,106.4
360831,361895,361896,1064,1,1,600,106.5
360833,361905,361911,1072,6,1,600,107.8
360834,361912,361972,1078,60,1,600,18.9666666667
360849,360861,364119,12,3258,2,7200,1.00368324125
360895,361922,361923,1027,1,1,600,102.8
360897,361935,361942,1038,7,1,600,104.5
360898,361953,361954,1055,1,1,600,105.6
360899,361960,361964,1061,4,1,600,106.5
360900,361967,361968,1067,1,1,600,106.8
360902,361975,362010,1073,35,1,600,31.6571428571
360903,361982,361997,1079,15,1,600,72.9333333333
360904,361989,361990,1085,1,1,600,108.6
360906,360912,363977,6,3065,2,7200,1.00195758564
360906,362001,362011,1095,10,1,600,110.5
360967,362008,362056,1041,48,1,600,22.6875
360968,362021,362059,1053,38,1,600,28.7105263158
360969,362028,362087,1059,59,1,600,18.9491525424
360971,362068,362078,1097,10,1,600,110.7
360972,362075,362085,1103,10,1,600,111.3
360973,362089,362093,1116,4,1,600,112.0
360975,362096,362110,1121,14,1,600,81.0714285714
361036,362103,362104,1067,1,1,600,106.8
361037,362110,362116,1073,6,1,600,107.9
361099,362117,362124,1018,7,1,600,102.5
361100,362124,362128,1024,4,1,600,102.8
361101,362131,362139,1030,8,1,600,103.8
361163,362144,362168,981,24,1,600,41.875
361164,362151,362163,987,12,1,600,83.25
361165,362156,362165,991,9,1,600,100.0
361166,362175,362176,1009,1,1,600,101.0
361168,362182,362207,1014,25,1,600,41.56
361169,362188,362198,1019,10,1,600,102.9
361170,362194,362207,1024,13,1,600,79.7692307692
361233,362209,362286,976,77,1,600,13.6753246753
361234,362218,362236,984,18,1,600,55.6666666667
361235,362225,362245,990,20,1,600,50.5
361236,362248,362287,1012,39,1,600,26.9487179487
361238,362259,362287,1021,28,1,600,37.4642857143
361299,362302,362309,1003,7,1,600,101.0
361300,362309,362316,1009,7,1,600,101.6
361302,362315,362340,1013,25,1,600,41.52
361303,362321,362328,1018,7,1,600,102.5
361304,362329,362330,1025,1,1,600,102.6
361306,362340,362341,1034,1,1,600,103.5
361367,362346,362358,979,12,1,600,82.5833333333
361368,362353,362360,985,7,1,600,99.2
361371,362370,362380,999,10,1,600,100.9
361380,379829,379907,18449,78,1,1800,237.525641026
361407,361414,364328,7,2914,2,7200,1.00240219629
361432,362375,362397,943,22,1,600,43.8636363636
361433,362382,362389,949,7,1,600,95.6
361435,362391,362400,956,9,1,600,96.5
361467,361478,364448,11,2970,2,7200,1.0037037037
361496,362400,362454,904,54,1,600,17.7407407407
361497,362408,362414,911,6,1,600,91.7
361499,362415,362421,916,6,1,600,92.2
361500,362425,362435,925,10,1,600,93.5
361501,362432,362481,931,49,1,600,20.0
361562,362447,362494,885,47,1,600,19.829787234
361564,362468,362483,904,15,1,600,61.2666666667
361565,362493,362500,928,7,1,600,93.5
361566,362500,362501,934,1,1,600,93.5
361568,362507,362508,939,1,1,600,94.0
361569,362514,362524,945,10,1,600,95.5
361570,362520,362527,950,7,1,600,95.7
361571,362526,362533,955,7,1,600,96.2
361573,362535,362571,962,36,1,600,27.7222222222
361574,362542,362549,968,7,1,600,97.5
361575,362549,362564,974,15,1,600,65.9333333333
361627,361637,364839,10,3202,2,7200,1.00312304809
361637,362561,362567,924,6,1,600,93.0
361638,362575,362594,937,19,1,600,50.3157894737
361639,362581,362586,942,5,1,600,94.7
361640,362588,362597,948,9,1,600,95.7
361642,362597,362603,955,6,1,600,96.1
361643,362605,362612,962,7,1,600,96.9
361644,362612,362641,968,29,1,600,34.3793103448
361646,362619,362648,973,29,1,600,34.5517241379
361707,362626,362627,919,1,1,600,92.0
361708,362638,362652,930,14,1,600,67.4285714286
361710,362652,362657,942,5,1,600,94.7
361712,362660,362666,948,6,1,600,95.4
361721,362667,362668,946,1,1,600,94.7
361722,362674,362675,952,1,1,600,95.3
361723,362681,362689,958,8,1,600,96.6
361785,362687,362692,902,5,1,600,90.7
361786,362693,362699,907,6,1,600,91.3
361787,362700,362708,913,8,1,600,92.1
361789,362707,362708,918,1,1,600,91.9
361790,362719,362736,929,17,1,600,55.6470588235
361791,362726,362732,935,6,1,600,94.1
361794,362743,362759,949,16,1,600,60.3125
361855,362748,362755,893,7,1,600,90.0
361858,362766,362767,908,1,1,600,90.9
361859,362773,362790,914,17,1,600,54.7647058824
361860,362779,362786,919,7,1,600,92.6
361862,362785,362797,923,12,1,600,77.9166666667
361863,362797,362808,934,11,1,600,85.9090909091
361864,362804,362829,940,25,1,600,38.6
361866,362811,362832,945,21,1,600,46.0
361927,362819,362839,892,20,1,600,45.6
361928,362840,362845,912,5,1,600,91.7
361930,362847,362881,917,34,1,600,27.9705882353
361931,362854,362881,923,27,1,600,35.1851851852
361932,362869,362881,937,12,1,600,79.0833333333
361934,362893,363018,959,125,1,600,8.672
361995,362899,362910,904,11,1,600,83.1818181818
361997,362904,362918,907,14,1,600,65.7857142857
361998,362923,362958,925,35,1,600,27.4285714286
361999,362930,362937,931,7,1,600,93.8
362000,362949,362950,949,1,1,600,95.0
362002,362963,362964,961,1,1,600,96.2
362003,362970,362978,967,8,1,600,97.5
362044,362050,365174,6,3124,2,7200,1.0019206146
362066,362989,363010,923,21,1,600,44.9523809524
362067,362995,363000,928,5,1,600,93.3
362069,363011,363037,942,26,1,600,37.2307692308
362070,363022,363029,952,7,1,600,95.9
362128,362138,365205,10,3067,2,7200,1.00326051516
362133,363029,363035,896,6,1,600,90.2
362134,363040,363061,906,21,1,600,44.1428571429
362135,363047,363058,912,11,1,600,83.9090909091
362137,363054,363066,917,12,1,600,77.4166666667
362138,363069,363070,931,1,1,600,93.2
362139,363076,363082,937,6,1,600,94.3
362141,363089,363094,948,5,1,600,95.3
362143,363100,363150,957,50,1,600,20.14
362206,363118,363128,912,10,1,600,92.2
362207,363124,363125,917,1,1,600,91.8
362209,363136,363146,927,10,1,600,93.7
362210,363143,363144,933,1,1,600,93.4
362211,363155,363176,944,21,1,600,45.9523809524
362213,363168,363180,955,12,1,600,80.5833333333
362214,363173,363188,959,15,1,600,64.9333333333
362287,363187,363194,900,7,1,600,90.7
362288,363194,363227,906,33,1,600,28.4545454545
362291,362297,365288,6,2991,2,7200,1.00200601805
362350,363201,363215,851,14,1,600,61.7857142857
362351,363208,363216,857,8,1,600,86.5
362352,363230,363231,878,1,1,600,87.9
362354,363236,363247,882,11,1,600,81.1818181818
362355,363248,363257,893,9,1,600,90.2
362358,363260,363269,902,9,1,600,91.1
362359,363267,363273,908,6,1,600,91.4
362360,363274,363275,914,1,1,600,91.5
362422,363281,363289,859,8,1,600,86.7
362423,363288,363289,865,1,1,600,86.6
362425,363294,363300,869,6,1,600,87.5
362426,363300,363301,874,1,1,600,87.5
362427,363306,363313,879,7,1,600,88.6
362429,363312,363323,883,11,1,600,81.2727272727
362430,362438,365558,8,3120,2,7200,1.00256410256
362430,363317,363323,887,6,1,600,89.3
362432,363324,363361,892,37,1,600,25.1081081081
362433,363334,363340,901,6,1,600,90.7
362448,362454,365337,6,2883,2,7200,1.00208116545
362449,362461,365449,12,2988,2,7200,1.00401606426
362494,363339,363345,845,6,1,600,85.1
362496,363351,363356,855,5,1,600,86.0
362497,363358,363370,861,12,1,600,72.75
362498,363367,363594,869,227,1,600,4.8281938326
362500,363374,363375,874,1,1,600,87.5
362561,363381,363382,820,1,1,600,82.1
362563,363387,363388,824,1,1,600,82.5
362564,363394,363478,830,84,1,600,10.880952381
362565,363401,363402,836,1,1,600,83.7
362567,363413,363432,846,19,1,600,45.5263157895
362568,363443,363471,875,28,1,600,32.25
362569,363484,363485,915,1,1,600,91.6
362571,363491,363494,920,3,1,600,92.3
362632,363498,363504,866,6,1,600,87.2
362633,363505,363506,872,1,1,600,87.3
362635,363523,363542,888,19,1,600,47.7368421053
362636,363528,363536,892,8,1,600,90.0
362639,363558,363613,919,55,1,600,17.7090909091
362640,363565,363566,925,1,1,600,92.6
362641,363579,363587,938,8,1,600,94.6
362703,363598,363612,895,14,1,600,64.9285714286
362703,362714,365575,11,2861,2,7200,1.00384480951
362704,363605,363606,901,1,1,600,90.2
362705,363617,363618,912,1,1,600,91.3
362707,363623,363624,916,1,1,600,91.7
362708,363630,363640,922,10,1,600,93.2
362709,363636,363682,927,46,1,600,21.152173913
362711,363642,363643,931,1,1,600,93.2
362712,363651,363657,939,6,1,600,94.5
362715,363668,363697,953,29,1,600,33.8620689655
362716,363675,363683,959,8,1,600,96.7
362717,363693,363700,976,7,1,600,98.3
362779,363700,363701,921,1,1,600,92.2
362780,363709,363710,929,1,1,600,93.0
362782,363716,363722,934,6,1,600,94.0
362784,363728,363735,944,7,1,600,95.1
362785,363735,363736,950,1,1,600,95.1
362848,363748,363753,900,5,1,600,90.5
362850,363753,364013,903,260,1,600,4.47307692308
362858,362886,365906,28,3020,2,7200,1.00927152318
362882,363760,363766,878,6,1,600,88.4
362883,363767,363773,884,6,1,600,89.0
362885,363777,363794,892,17,1,600,53.4705882353
362886,363785,363811,899,26,1,600,35.5769230769
362887,363805,363811,918,6,1,600,92.4
362889,363828,363835,939,7,1,600,94.6
362890,363833,363840,943,7,1,600,95.0
362891,363846,363855,955,9,1,600,96.4
362892,363853,363854,961,1,1,600,96.2
362954,363865,363906,911,41,1,600,23.2195121951
362955,363872,363897,917,25,1,600,37.68
362957,363909,363938,952,29,1,600,33.8275862069
362958,363917,363922,959,5,1,600,96.4
363019,363934,363942,915,8,1,600,92.3
363020,363949,363959,929,10,1,600,93.9
363022,363956,363957,934,1,1,600,93.5
363023,363968,363985,945,17,1,600,56.5882352941
363024,363974,363979,950,5,1,600,95.5
363026,363993,364000,967,7,1,600,97.4
363027,364000,364001,973,1,1,600,97.4
363075,363083,366119,8,3036,2,7200,1.00263504611
363088,364011,364084,923,73,1,600,13.6438356164
363090,364018,364019,928,1,1,600,92.9
363094,364025,364035,931,10,1,600,94.1
363095,364032,364033,937,1,1,600,93.8
363096,364044,364099,948,55,1,600,18.2363636364
363098,364059,364084,961,25,1,600,39.44
363099,363107,366082,8,2975,2,7200,1.00268907563
363100,364101,364121,1001,20,1,600,51.05
363101,364108,364121,1007,13,1,600,78.4615384615
363103,364115,364121,1012,6,1,600,101.8
363150,363162,366467,12,3305,2,7200,1.00363086233
363164,364133,364141,969,8,1,600,97.7
363165,364139,364143,974,4,1,600,97.8
363167,364144,364145,977,1,1,600,97.8
363168,364150,364156,982,6,1,600,98.8
363169,364156,364169,987,13,1,600,76.9230769231
363171,364162,364169,991,7,1,600,99.8
363216,363223,366477,7,3254,2,7200,1.00215119852
363232,364167,364185,935,18,1,600,52.9444444444
363233,364174,364187,941,13,1,600,73.3846153846
363234,363242,366279,8,3037,2,7200,1.00263417847
363235,364191,364215,956,24,1,600,40.8333333333
363236,364196,364331,960,135,1,600,8.11111111111
363237,364204,364229,967,25,1,600,39.68
363238,364209,364215,971,6,1,600,97.7
363240,364226,364227,986,1,1,600,98.7
363241,364232,364287,991,55,1,600,19.0181818182
363302,364238,364313,936,75,1,600,13.48
363304,364245,364246,941,1,1,600,94.2
363305,364258,364266,953,8,1,600,96.1
363306,364278,364291,972,13,1,600,75.7692307692
363307,364298,364308,991,10,1,600,100.1
363309,364305,364311,996,6,1,600,100.2
363310,364319,364394,1009,75,1,600,14.4533333333
363311,364326,364333,1015,7,1,600,102.2
363313,364332,364338,1019,6,1,600,102.5
363314,364346,364351,1032,5,1,600,103.7
363375,364351,364352,976,1,1,600,97.7
363376,364358,364363,982,5,1,600,98.7
363378,364365,364407,987,42,1,600,24.5
363379,364370,364376,991,6,1,600,99.7
363380,364376,364430,996,54,1,600,19.4444444444
363382,364387,364395,1005,8,1,600,101.3
363383,364406,364407,1023,1,1,600,102.4
363384,364411,364418,1027,7,1,600,103.4
363385,364418,364456,1033,38,1,600,28.1842105263
363447,364423,364442,976,19,1,600,52.3684210526
363448,364430,364436,982,6,1,600,98.8
363449,364441,364445,992,4,1,600,99.6
363478,364448,364454,970,6,1,600,97.6
363480,364455,364464,975,9,1,600,98.4
363506,363513,366638,7,3125,2,7200,1.00224
363539,363545,366485,6,2940,2,7200,1.00204081633
363543,364472,364479,929,7,1,600,93.6
363546,364484,364503,938,19,1,600,50.3684210526
363547,364490,364496,943,6,1,600,94.9
363548,364496,364497,948,1,1,600,94.9
363550,364502,364507,952,5,1,600,95.7
363611,364508,364517,897,9,1,600,90.6
363612,364513,364530,901,17,1,600,54.0
363614,364520,364534,906,14,1,600,65.7142857143
363615,364526,364531,911,5,1,600,91.6
363616,364532,364533,916,1,1,600,91.7
363618,364540,364555,922,15,1,600,62.4666666667
363619,364547,364565,928,18,1,600,52.5555555556
363681,364553,364559,872,6,1,600,87.8
363682,364558,364574,876,16,1,600,55.75
363683,364566,364589,883,23,1,600,39.3913043478
363685,364573,364580,888,7,1,600,89.5
363686,364580,364585,894,5,1,600,89.9
363687,364587,364588,900,1,1,600,90.1
363689,364594,364602,905,8,1,600,91.3
363690,364602,364610,912,8,1,600,92.0
363752,364607,364624,855,17,1,600,51.2941176471
363753,364612,364624,859,12,1,600,72.5833333333
363754,364619,364624,865,5,1,600,87.0
363756,364626,364637,870,11,1,600,80.0909090909
363757,364635,364636,878,1,1,600,87.9
363758,364640,364680,882,40,1,600,23.05
363760,364646,364680,886,34,1,600,27.0588235294
363761,364652,364682,891,30,1,600,30.7
363762,364659,364682,897,23,1,600,40.0
363764,364692,364698,928,6,1,600,93.4
363814,363820,366836,6,3016,2,7200,1.00198938992
363825,364697,364710,872,13,1,600,68.0769230769
363826,364703,364719,877,16,1,600,55.8125
363828,364709,364779,881,70,1,600,13.5857142857
363829,364715,364726,886,11,1,600,81.5454545455
363831,364726,364733,895,7,1,600,90.2
363892,364732,364733,840,1,1,600,84.1
363893,364739,364799,846,60,1,600,15.1
363895,364746,364756,851,10,1,600,86.1
363896,364752,364782,856,30,1,600,29.5333333333
363958,364768,364842,810,74,1,600,11.9459459459
363959,364790,364791,831,1,1,600,83.2
363960,364797,365015,837,218,1,600,4.83944954128
363962,364804,364812,842,8,1,600,85.0
363963,364811,364817,848,6,1,600,85.4
363964,364823,364830,859,7,1,600,86.6
363966,364830,364837,864,7,1,600,87.1
363980,363986,366832,6,2846,2,7200,1.00210822207
364027,364841,364842,814,1,1,600,81.5
364029,364854,364855,825,1,1,600,82.6
364030,364860,364867,830,7,1,600,83.7
364031,364866,364872,835,6,1,600,84.1
364033,364878,364885,845,7,1,600,85.2
364034,364885,364890,851,5,1,600,85.6
364040,364053,366856,13,2803,2,7200,1.00463788798
364096,364896,364920,800,24,1,600,34.3333333333
364097,364903,364907,806,4,1,600,81.0
364098,364919,364971,821,52,1,600,16.7884615385
364100,364931,364989,831,58,1,600,15.3275862069
364119,364126,367118,7,2992,2,7200,1.00233957219
364161,364982,364983,821,1,1,600,82.2
364162,364994,365002,832,8,1,600,84.0
364164,365001,365006,837,5,1,600,84.2
364165,365013,365014,848,1,1,600,84.9
364166,365020,365285,854,265,1,600,4.22264150943
364168,365027,365062,859,35,1,600,25.5428571429
364169,365032,365051,863,19,1,600,46.4210526316
364170,365063,365089,893,26,1,600,35.3461538462
364174,365074,365075,900,1,1,600,90.1
364186,365086,365092,900,6,1,600,90.6
364187,365100,365107,913,7,1,600,92.0
364248,365107,365115,859,8,1,600,86.7
364250,365118,365175,868,57,1,600,16.2280701754
364251,365126,365160,875,34,1,600,26.7352941176
364252,365171,365172,919,1,1,600,92.0
364254,365190,365285,936,95,1,600,10.8526315789
364255,365195,365213,940,18,1,600,53.2222222222
364256,365225,365226,969,1,1,600,97.0
364318,365237,365244,919,7,1,600,92.6
364319,365255,365285,936,30,1,600,32.2
364320,365296,365325,976,29,1,600,34.6551724138
364322,365302,365309,980,7,1,600,98.7
364323,365307,365352,984,45,1,600,22.8666666667
364324,365322,365327,998,5,1,600,100.3
364330,364338,367213,8,2875,2,7200,1.0027826087
364386,365336,365493,950,157,1,600,7.05095541401
364387,365343,365344,956,1,1,600,95.7
364388,365357,365358,969,1,1,600,97.0
364390,365364,365571,974,207,1,600,5.70531400966
364391,365371,365381,980,10,1,600,99.0
364392,365392,365393,1000,1,1,600,100.1
364393,365404,365405,1011,1,1,600,101.2
364451,364467,367684,16,3217,2,7200,1.00497357787
364455,365416,365443,961,27,1,600,36.5925925926
364456,365454,365477,998,23,1,600,44.3913043478
364457,365488,365494,1031,6,1,600,103.7
364459,365504,365554,1045,50,1,600,21.9
364460,365511,365518,1051,7,1,600,105.8
364461,365529,365601,1068,72,1,600,15.8333333333
364463,365582,365593,1119,11,1,600,102.727272727
364464,365604,365623,1140,19,1,600,61.0
364465,365613,365619,1148,6,1,600,115.4
364466,365630,365642,1164,12,1,600,98.0
364468,365637,365638,1169,1,1,600,117.0
364469,365649,365727,1180,78,1,600,16.1282051282
364470,365656,365665,1186,9,1,600,119.5
364533,365677,365685,1144,8,1,600,115.2
364534,365696,365702,1162,6,1,600,116.8
364535,365713,365720,1178,7,1,600,118.5
364537,365731,365737,1194,6,1,600,120.0
364538,365738,365743,1200,5,1,600,120.5
364539,365748,365755,1209,7,1,600,121.6
364540,365755,365765,1215,10,1,600,122.5
364542,365766,365776,1224,10,1,600,123.4
364543,365776,365781,1233,5,1,600,123.8
364544,365788,365789,1244,1,1,600,124.5
364546,365795,365796,1249,1,1,600,125.0
364607,365802,365807,1195,5,1,600,120.0
364608,365809,365810,1201,1,1,600,120.2
364609,365819,365820,1210,1,1,600,121.1
364611,365826,365827,1215,1,1,600,121.6
364612,365833,365834,1221,1,1,600,122.2
364613,365840,365848,1227,8,1,600,123.5
364615,365847,365874,1232,27,1,600,46.6296296296
364616,365868,365881,1252,13,1,600,97.3076923077
364617,365887,365893,1270,6,1,600,127.6
364618,365894,365901,1276,7,1,600,128.3
364682,365904,365927,1222,23,1,600,54.1304347826
364683,365921,365925,1238,4,1,600,124.2
364685,365936,365943,1251,7,1,600,125.8
364686,365943,365999,1257,56,1,600,23.4464285714
364687,365954,365964,1267,10,1,600,127.7
364688,365976,365981,1288,5,1,600,129.3
364690,365992,366032,1302,40,1,600,33.55
364691,366011,366020,1320,9,1,600,132.9
364692,366023,366032,1331,9,1,600,134.0
364754,366029,366042,1275,13,1,600,99.0769230769
364755,366034,366036,1279,2,1,600,128.1
364756,366040,366048,1284,8,1,600,129.2
364758,366047,366055,1289,8,1,600,129.7
364759,366052,366058,1293,6,1,600,129.9
364822,366063,366087,1241,24,1,600,52.7083333333
364823,366070,366087,1247,17,1,600,74.3529411765
364824,366076,366083,1252,7,1,600,125.9
364825,366081,366092,1256,11,1,600,115.181818182
364827,366086,366094,1259,8,1,600,126.7
364829,366104,366119,1275,15,1,600,86.0
364840,364848,367936,8,3088,2,7200,1.00259067358
364891,366111,366116,1220,5,1,600,122.5
364893,366116,366117,1223,1,1,600,122.4
364894,366121,366122,1227,1,1,600,122.8
364895,366135,366136,1240,1,1,600,124.1
364897,366141,366150,1244,9,1,600,125.3
364898,366147,366155,1249,8,1,600,125.7
364899,366161,366167,1262,6,1,600,126.8
364900,366168,366196,1268,28,1,600,46.2857142857
364902,366178,366184,1276,6,1,600,128.2
364963,366195,366204,1232,9,1,600,124.1
364964,366207,366235,1243,28,1,600,45.3928571429
365026,366215,366216,1189,1,1,600,119.0
365027,366227,366232,1200,5,1,600,120.5
365028,366243,366254,1215,11,1,600,111.454545455
365031,366262,366279,1231,17,1,600,73.4117647059
365032,366269,366270,1237,1,1,600,123.8
365034,366281,366295,1247,14,1,600,90.0714285714
365095,366295,366299,1200,4,1,600,120.4
365096,366306,366307,1210,1,1,600,121.1
365098,366313,366404,1215,91,1,600,14.3516483516
365099,366319,366324,1220,5,1,600,122.5
365100,366335,366340,1235,5,1,600,124.0
365162,366351,366357,1189,6,1,600,119.5
365163,366368,366395,1205,27,1,600,45.6296296296
365176,365182,368117,6,2935,2,7200,1.00204429302
365206,365212,368340,6,3128,2,7200,1.00191815857
365224,366406,366411,1182,5,1,600,118.7
365226,366415,366485,1189,70,1,600,17.9857142857
365227,366422,366423,1195,1,1,600,119.6
365228,366434,366439,1206,5,1,600,121.1
365290,366451,366467,1161,16,1,600,73.5625
365291,365314,368281,23,2967,2,7200,1.00775193798
365293,366497,366505,1204,8,1,600,121.2
365294,366510,366525,1216,15,1,600,82.0666666667
365296,366516,366525,1220,9,1,600,122.9
365340,365350,368242,10,2892,2,7200,1.00345781466
365357,366537,366543,1180,6,1,600,118.6
365358,366543,366549,1185,6,1,600,119.1
365360,366554,366562,1194,8,1,600,120.2
365361,366561,366562,1200,1,1,600,120.1
365362,366573,366579,1211,6,1,600,121.7
365363,366578,366586,1215,8,1,600,122.3
365425,366590,366600,1165,10,1,600,117.5
365426,366597,366650,1171,53,1,600,23.0943396226
365427,366611,366617,1184,6,1,600,119.0
365451,365461,368166,10,2705,2,7200,1.00369685767
365489,366628,366632,1139,4,1,600,114.3
365490,366644,366651,1154,7,1,600,116.1
365537,385575,385672,20038,97,1,1800,207.577319588
365552,366661,367045,1109,384,1,600,3.88802083333
365553,366668,366673,1115,5,1,600,112.0
365555,366684,366733,1129,49,1,600,24.0408163265
365560,365566,368475,6,2909,2,7200,1.00206256446
365578,365589,368592,11,3003,2,7200,1.00366300366
365616,366744,366745,1128,1,1,600,112.9
365617,366756,366765,1139,9,1,600,114.8
365619,366776,366777,1157,1,1,600,115.8
365620,366788,366794,1168,6,1,600,117.4
365682,366805,366810,1123,5,1,600,112.8
365683,366822,366856,1139,34,1,600,34.5
365686,366880,366881,1194,1,1,600,119.5
365687,366892,366893,1205,1,1,600,120.6
365748,366904,366909,1156,5,1,600,116.1
365750,366920,366925,1170,5,1,600,117.5
365751,366936,366990,1185,54,1,600,22.9444444444
365752,367001,367025,1249,24,1,600,53.0416666667
365754,367036,367040,1282,4,1,600,128.6
365755,367053,367105,1298,52,1,600,25.9615384615
365816,367063,367079,1247,16,1,600,78.9375
365818,367090,367091,1272,1,1,600,127.3
365819,367102,367107,1283,5,1,600,128.8
365820,367118,367129,1298,11,1,600,119.0
365822,367130,367152,1308,22,1,600,60.4545454545
365823,367140,367162,1317,22,1,600,60.8636363636
365824,367164,367171,1340,7,1,600,134.7
365826,367173,367174,1347,1,1,600,134.8
365827,367182,367200,1355,18,1,600,76.2777777778
365888,367189,367203,1301,14,1,600,93.9285714286
365890,367212,367217,1322,5,1,600,132.7
365891,367218,367219,1327,1,1,600,132.8
365892,367232,367242,1340,10,1,600,135.0
365894,367238,367246,1344,8,1,600,135.2
365907,365914,368925,7,3011,2,7200,1.00232480903
365955,367254,367264,1299,10,1,600,130.9
365957,367261,367262,1304,1,1,600,130.5
365958,367273,367285,1315,12,1,600,110.583333333
365959,367280,367305,1321,25,1,600,53.84
365961,367296,367303,1335,7,1,600,134.2
366022,367314,367323,1292,9,1,600,130.1
366023,367321,367328,1298,7,1,600,130.5
366025,367334,367343,1309,9,1,600,131.8
366026,367341,367342,1315,1,1,600,131.6
366085,366099,369085,14,2986,2,7200,1.00468854655
366087,367353,367354,1266,1,1,600,126.7
366089,367360,367381,1271,21,1,600,61.5238095238
366090,367367,367368,1277,1,1,600,127.8
366093,367379,367380,1286,1,1,600,128.7
366094,367391,367438,1297,47,1,600,28.5957446809
366095,367398,367404,1303,6,1,600,130.9
366097,367416,367422,1319,6,1,600,132.5
366098,367433,367440,1335,7,1,600,134.2
366099,367449,367458,1350,9,1,600,135.9
366101,367456,367464,1355,8,1,600,136.3
366102,367469,367475,1367,6,1,600,137.3
366103,367477,367504,1374,27,1,600,51.8888888889
366105,367486,367491,1381,5,1,600,138.6
366106,367502,367503,1396,1,1,600,139.7
366121,366128,369108,7,2980,2,7200,1.00234899329
366167,367514,367531,1347,17,1,600,80.2352941176
366169,367521,367527,1352,6,1,600,135.8
366170,367539,367545,1369,6,1,600,137.5
366171,367546,367577,1375,31,1,600,45.3548387097
366173,367556,367557,1383,1,1,600,138.4
366174,367568,367604,1394,36,1,600,39.7222222222
366176,367588,367603,1412,15,1,600,95.1333333333
366177,367614,367621,1437,7,1,600,144.4
366239,367621,367632,1382,11,1,600,126.636363636
366240,367632,367641,1392,9,1,600,140.1
366241,367643,367650,1402,7,1,600,140.9
366243,367653,367680,1410,27,1,600,53.2222222222
366244,367672,367687,1428,15,1,600,96.2
366245,367698,367703,1453,5,1,600,145.8
366281,366288,369180,7,2892,2,7200,1.00242047026
366307,367704,367709,1397,5,1,600,140.2
366308,367714,367728,1406,14,1,600,101.428571429
366309,367723,367762,1414,39,1,600,37.2564102564
366311,367729,367738,1418,9,1,600,142.7
366312,367734,367741,1422,7,1,600,142.9
366313,367739,367747,1426,8,1,600,143.4
366315,367745,367750,1430,5,1,600,143.5
366376,367750,367761,1374,11,1,600,125.909090909
366377,367755,367761,1378,6,1,600,138.4
366379,367761,367784,1382,23,1,600,61.0869565217
366440,367767,367787,1327,20,1,600,67.35
366441,367772,367785,1331,13,1,600,103.384615385
366443,367777,367785,1334,8,1,600,134.2
366444,367783,367861,1339,78,1,600,18.1666666667
366445,367788,367789,1343,1,1,600,134.4
366447,366463,369425,16,2962,2,7200,1.00540175557
366497,366504,369485,7,2981,2,7200,1.0023482053
366506,367793,367795,1287,2,1,600,128.9
366508,367799,367813,1291,14,1,600,93.2142857143
366509,367804,367829,1295,25,1,600,52.8
366570,367809,367815,1239,6,1,600,124.5
366573,367817,367821,1244,4,1,600,124.8
366574,367822,367823,1248,1,1,600,124.9
366575,367827,367863,1252,36,1,600,35.7777777778
366577,367833,367842,1256,9,1,600,126.5
366578,367838,367844,1260,6,1,600,126.6
366579,367843,367848,1264,5,1,600,126.9
366639,366651,369668,12,3017,2,7200,1.00397746105
366640,367848,367860,1208,12,1,600,101.666666667
366642,367854,367857,1212,3,1,600,121.5
366644,367864,367869,1220,5,1,600,122.5
366646,367869,367877,1223,8,1,600,123.1
366707,367875,367885,1168,10,1,600,117.8
366708,367880,367889,1172,9,1,600,118.1
366710,367885,367893,1175,8,1,600,118.3
366771,367893,367894,1122,1,1,600,112.3
366772,367898,367899,1126,1,1,600,112.7
366773,367904,367908,1131,4,1,600,113.5
366835,366841,369829,6,2988,2,7200,1.00200803213
366835,367909,367914,1074,5,1,600,107.9
366836,367914,367920,1078,6,1,600,108.4
366837,367919,367920,1082,1,1,600,108.3
366850,366856,369690,6,2834,2,7200,1.00211714891
366865,366873,370023,8,3150,2,7200,1.00253968254
366900,367930,367946,1030,16,1,600,65.375
366901,367935,367956,1034,21,1,600,50.2380952381
366903,367940,367954,1037,14,1,600,75.0714285714
366964,367946,367952,982,6,1,600,98.8
366965,367951,367952,986,1,1,600,98.7
367027,367956,367962,929,6,1,600,93.5
367088,367962,367967,874,5,1,600,87.9
367089,367967,367968,878,1,1,600,87.9
367091,367979,367985,888,6,1,600,89.4
367092,367985,367997,893,12,1,600,75.4166666667
367118,367125,370197,7,3072,2,7200,1.00227864583
367153,367990,368001,837,11,1,600,77.0909090909
367155,367995,368001,840,6,1,600,84.6
367156,368000,368014,844,14,1,600,61.2857142857
367157,368006,368010,849,4,1,600,85.3
367215,367225,370178,10,2953,2,7200,1.00338638673
367220,368016,368025,796,9,1,600,80.5
367221,368022,368062,801,40,1,600,21.025
367222,368027,368032,805,5,1,600,81.0
367224,368032,368033,808,1,1,600,80.9
367226,368043,368056,817,13,1,600,63.8461538462
367228,368048,368063,820,15,1,600,55.6666666667
367289,368054,368065,765,11,1,600,70.5454545455
367292,368061,368069,769,8,1,600,77.7
367293,368066,368067,773,1,1,600,77.4
367294,368071,368078,777,7,1,600,78.4
367296,368077,368083,781,6,1,600,78.7
367357,368082,368087,725,5,1,600,73.0
367358,368087,368094,729,7,1,600,73.6
367360,368093,368099,733,6,1,600,73.9
367362,368103,368104,741,1,1,600,74.2
367364,368108,368118,744,10,1,600,75.4
367426,368119,368127,693,8,1,600,70.1
367428,368124,368132,696,8,1,600,70.4
367429,368137,368138,708,1,1,600,70.9
367430,368142,368148,712,6,1,600,71.8
367432,368148,368171,716,23,1,600,32.1304347826
367493,368153,368161,660,8,1,600,66.8
367495,368158,368179,663,21,1,600,32.5714285714
367496,368163,368169,667,6,1,600,67.3
367499,368174,368175,675,1,1,600,67.6
367500,368179,368180,679,1,1,600,68.0
367561,368185,368194,624,9,1,600,63.3
367563,368190,368207,627,17,1,600,37.8823529412
367564,368195,368196,631,1,1,600,63.2
367565,368201,368207,636,6,1,600,64.2
367567,368213,368231,646,18,1,600,36.8888888889
367568,368218,368223,650,5,1,600,65.5
367629,368224,368240,595,16,1,600,38.1875
367631,368229,368230,598,1,1,600,59.9
367632,368234,368240,602,6,1,600,60.8
367633,368240,368246,607,6,1,600,61.3
367662,367692,370612,30,2920,2,7200,1.0102739726
367695,368245,368259,550,14,1,600,40.2857142857
367696,368250,368281,554,31,1,600,18.8709677419
367698,368259,368281,561,22,1,600,26.5
367699,368266,368281,567,15,1,600,38.8
367700,368275,368281,575,6,1,600,58.1
367762,368290,368295,528,5,1,600,53.3
367763,368295,368317,532,22,1,600,25.1818181818
367764,368300,368301,536,1,1,600,53.7
367765,368305,368339,540,34,1,600,16.8823529412
367767,368311,368319,544,8,1,600,55.2
367768,368317,368323,549,6,1,600,55.5
367770,368322,368463,552,141,1,600,4.91489361702
367771,368335,368336,564,1,1,600,56.5
367773,368340,368363,567,23,1,600,25.652173913
367774,368345,368353,571,8,1,600,57.9
367836,368356,368369,520,13,1,600,41.0
367838,368368,368374,530,6,1,600,53.6
367839,368373,368374,534,1,1,600,53.5
367840,368379,368385,539,6,1,600,54.5
367842,368385,368391,543,6,1,600,54.9
367843,368391,368397,548,6,1,600,55.4
367844,368396,368403,552,7,1,600,55.9
367846,368401,368402,555,1,1,600,55.6
367847,368406,368411,559,5,1,600,56.4
367848,368413,368414,565,1,1,600,56.6
367849,368419,368425,570,6,1,600,57.6
367912,368429,368435,517,6,1,600,52.3
367913,368436,368443,523,7,1,600,53.0
367915,368441,368449,526,8,1,600,53.4
367917,368452,368465,535,13,1,600,42.1538461538
367918,368457,368465,539,8,1,600,54.7
367920,368464,368471,544,7,1,600,55.1
367921,368470,368476,549,6,1,600,55.5
367922,368475,368481,553,6,1,600,55.9
367924,368480,368527,556,47,1,600,12.829787234
367925,368493,368498,568,5,1,600,57.3
367926,368498,368507,572,9,1,600,58.1
367928,368503,368509,575,6,1,600,58.1
367929,368508,368520,579,12,1,600,49.25
367930,368515,368524,585,9,1,600,59.4
367932,368521,368527,589,6,1,600,59.5
367933,368528,368529,595,1,1,600,59.6
367934,368534,368570,600,36,1,600,17.6666666667
367936,367974,370866,38,2892,2,7200,1.01313969571
367996,368540,368545,544,5,1,600,54.9
367998,368551,368564,553,13,1,600,43.5384615385
367999,368562,368568,563,6,1,600,56.9
368001,368567,368568,566,1,1,600,56.7
368002,368574,368575,572,1,1,600,57.3
368003,368579,368612,576,33,1,600,18.4545454545
368005,368586,368594,581,8,1,600,58.9
368006,368592,368598,586,6,1,600,59.2
368007,368597,368598,590,1,1,600,59.1
368009,368602,368611,593,9,1,600,60.2
368010,368608,368663,598,55,1,600,11.8727272727
368072,368620,368625,548,5,1,600,55.3
368073,368626,368662,553,36,1,600,16.3611111111
368075,368638,368646,563,8,1,600,57.1
368077,368645,368655,568,10,1,600,57.8
368078,368652,368657,574,5,1,600,57.9
368079,368658,369064,579,406,1,600,2.42610837438
368081,368664,368670,583,6,1,600,58.9
368082,368671,368686,589,15,1,600,40.2666666667
368083,368676,368677,593,1,1,600,59.4
368084,368683,368697,599,14,1,600,43.7857142857
368086,368689,368700,603,11,1,600,55.8181818182
368087,368694,368701,607,7,1,600,61.4
368088,368701,368751,613,50,1,600,13.26
368090,368707,368713,617,6,1,600,62.3
368120,368132,371287,12,3155,2,7200,1.00380348653
368151,368713,368714,562,1,1,600,56.3
368154,368724,368731,570,7,1,600,57.7
368155,368731,368752,576,21,1,600,28.4285714286
368156,368737,368742,581,5,1,600,58.6
368158,368742,368747,584,5,1,600,58.9
368159,368749,368750,590,1,1,600,59.1
368160,368756,368765,596,9,1,600,60.5
368162,368763,368764,601,1,1,600,60.2
368163,368768,368807,605,39,1,600,16.5128205128
368164,368774,369074,610,300,1,600,3.03333333333
368168,368208,371338,40,3130,2,7200,1.01277955272
368227,368785,368790,558,5,1,600,56.3
368228,368791,368796,563,5,1,600,56.8
368229,368798,368808,569,10,1,600,57.9
368231,368805,368821,574,16,1,600,36.875
368232,368812,368813,580,1,1,600,58.1
368233,368819,368826,586,7,1,600,59.3
368235,368825,368879,590,54,1,600,11.9259259259
368236,368831,368832,595,1,1,600,59.6
368237,368838,368839,601,1,1,600,60.2
368239,368844,368879,605,35,1,600,18.2857142857
368240,368850,368879,610,29,1,600,22.0344827586
368241,368856,368879,615,23,1,600,27.7391304348
368243,368891,368921,648,30,1,600,22.6
368244,368284,371195,40,2911,2,7200,1.01374098248
368281,368330,371195,49,2865,2,7200,1.01710296684
368304,368897,368922,593,25,1,600,24.72
368305,368902,369008,597,106,1,600,6.6320754717
368307,368907,368908,600,1,1,600,60.1
368308,368922,368932,614,10,1,600,62.4
368313,368941,368949,628,8,1,600,63.6
368317,368948,368949,631,1,1,600,63.2
368320,368960,368991,640,31,1,600,21.6451612903
368321,368965,368966,644,1,1,600,64.5
368323,368972,368979,649,7,1,600,65.6
368341,368363,371433,22,3070,2,7200,1.00716612378
368384,368979,368993,595,14,1,600,43.5
368385,368990,368991,605,1,1,600,60.6
368387,369002,369003,615,1,1,600,61.6
368388,369007,369015,619,8,1,600,62.7
368389,369014,369022,625,8,1,600,63.3
368390,369020,369028,630,8,1,600,63.8
368392,369027,369043,635,16,1,600,40.6875
368393,369043,369046,650,3,1,600,65.3
368394,369050,369057,656,7,1,600,66.3
368395,369056,369060,661,4,1,600,66.5
368397,369063,369064,666,1,1,600,66.7
368460,369076,369091,616,15,1,600,42.0666666667
368461,369082,369101,621,19,1,600,33.6842105263
368462,369087,369088,625,1,1,600,62.6
368463,369093,369100,630,7,1,600,63.7
368465,369105,369141,640,36,1,600,18.7777777778
368466,369110,369117,644,7,1,600,65.1
368468,369115,369116,647,1,1,600,64.8
368469,369128,369146,659,18,1,600,37.6111111111
368470,369133,369232,663,99,1,600,7.69696969697
368471,369139,369154,668,15,1,600,45.5333333333
368473,369145,369151,672,6,1,600,67.8
368474,369151,369159,677,8,1,600,68.5
368477,369164,369188,687,24,1,600,29.625
368477,368487,371365,10,2878,2,7200,1.00347463516
368478,369170,369176,692,6,1,600,69.8
368539,369177,369178,638,1,1,600,63.9
368541,369183,369263,642,80,1,600,9.025
368542,369188,369198,646,10,1,600,65.6
368543,369202,369203,659,1,1,600,66.0
368545,369209,369230,664,21,1,600,32.619047619
368546,369216,369222,670,6,1,600,67.6
368547,369233,369241,686,8,1,600,69.4
368549,369241,369242,692,1,1,600,69.3
368550,369248,369258,698,10,1,600,70.8
368562,369255,369264,693,9,1,600,70.2
368563,369261,369267,698,6,1,600,70.4
368565,369270,369278,705,8,1,600,71.3
368594,368614,371846,20,3232,2,7200,1.00618811881
368626,369277,369278,651,1,1,600,65.2
368628,369289,369296,661,7,1,600,66.8
368630,369295,369300,665,5,1,600,67.0
368631,369300,369314,669,14,1,600,48.7857142857
368632,369307,369308,675,1,1,600,67.6
368634,369313,369317,679,4,1,600,68.3
368635,369319,369332,684,13,1,600,53.6153846154
368636,369325,369328,689,3,1,600,69.2
368637,369331,369354,694,23,1,600,31.1739130435
368640,369344,369353,704,9,1,600,71.3
368702,369350,369367,648,17,1,600,39.1176470588
368703,369357,369364,654,7,1,600,66.1
368704,369364,369395,660,31,1,600,22.2903225806
368705,369371,369379,666,8,1,600,67.4
368707,369378,369379,671,1,1,600,67.2
368709,369390,369397,681,7,1,600,68.8
368711,369396,369405,685,9,1,600,69.4
368712,369402,369403,690,1,1,600,69.1
368713,369409,369468,696,59,1,600,12.7966101695
368714,369415,369424,701,9,1,600,71.0
368776,369421,369422,645,1,1,600,64.6
368778,369440,369448,662,8,1,600,67.0
368781,369473,369481,692,8,1,600,70.0
368782,369481,369575,699,94,1,600,8.43617021277
368784,369488,369503,704,15,1,600,47.9333333333
368785,369515,369516,730,1,1,600,73.1
368786,369527,369528,741,1,1,600,74.2
368787,369539,369543,752,4,1,600,75.6
368789,369554,369555,765,1,1,600,76.6
368790,369566,369572,776,6,1,600,78.2
368879,369583,369584,704,1,1,600,70.5
368880,369590,369591,710,1,1,600,71.1
368881,369597,369598,716,1,1,600,71.7
368883,369604,369608,721,4,1,600,72.5
368884,369611,369627,727,16,1,600,46.4375
368885,369620,369625,735,5,1,600,74.0
368886,369636,369644,750,8,1,600,75.8
368888,369643,369646,755,3,1,600,75.8
368889,369656,369662,767,6,1,600,77.3
368890,369663,369672,773,9,1,600,78.2
368892,369679,369686,787,7,1,600,79.4
368893,369686,369687,793,1,1,600,79.4
368894,369703,369707,809,4,1,600,81.3
368923,368929,372118,6,3189,2,7200,1.00188146754
368956,369719,369725,763,6,1,600,76.9
368957,369736,369737,779,1,1,600,78.0
368958,369748,369753,790,5,1,600,79.5
368959,369764,369772,805,8,1,600,81.3
368961,369783,369790,822,7,1,600,82.9
368962,369801,369802,839,1,1,600,84.0
368963,369823,369825,860,2,1,600,86.2
368965,369842,369848,877,6,1,600,88.3
369026,369859,369870,833,11,1,600,76.7272727273
369027,369881,370045,854,164,1,600,6.20731707317
369029,370058,370076,1029,18,1,600,58.1666666667
369030,370087,370090,1057,3,1,600,106.0
369032,370102,370126,1070,24,1,600,45.5833333333
369044,370137,370143,1093,6,1,600,109.9
369045,370154,370161,1109,7,1,600,111.6
369046,370173,370206,1127,33,1,600,35.1515151515
369048,370218,370219,1170,1,1,600,117.1
369049,370230,370305,1181,75,1,600,16.7466666667
369050,370317,370318,1267,1,1,600,126.8
369052,370329,370337,1277,8,1,600,128.5
369086,369099,372104,13,3005,2,7200,1.00432612313
369110,369122,372193,12,3071,2,7200,1.00390752198
369113,370348,370364,1235,16,1,600,78.1875
369114,370375,370380,1261,5,1,600,126.6
369116,370391,370408,1275,17,1,600,76.0
369117,370420,370434,1303,14,1,600,94.0714285714
369118,370445,370448,1327,3,1,600,133.0
369120,370459,370460,1339,1,1,600,134.0
369121,370471,370477,1350,6,1,600,135.6
369122,370488,370517,1366,29,1,600,48.1034482759
369124,370528,370551,1404,23,1,600,62.0434782609
369125,370563,370568,1438,5,1,600,144.3
369126,370579,370598,1453,19,1,600,77.4736842105
369128,370610,370617,1482,7,1,600,148.9
369182,369195,372266,13,3071,2,7200,1.00423314881
369189,370629,370638,1440,9,1,600,144.9
369191,370650,370674,1459,24,1,600,61.7916666667
369193,370698,370707,1505,9,1,600,151.4
369195,370725,370741,1530,16,1,600,96.625
369196,370753,370758,1557,5,1,600,156.2
369197,370770,370774,1573,4,1,600,157.7
369200,370798,370811,1598,13,1,600,123.923076923
369263,370836,370849,1573,13,1,600,122.0
369264,370862,370866,1598,4,1,600,160.2
369267,370887,370904,1620,17,1,600,96.2941176471
369268,370892,370898,1624,6,1,600,163.0
369270,370900,370995,1630,95,1,600,18.1578947368
369274,370911,370921,1637,10,1,600,164.7
369275,370918,370936,1643,18,1,600,92.2777777778
369277,370933,370939,1656,6,1,600,166.2
369278,370949,370959,1671,10,1,600,168.1
369339,370956,370967,1617,11,1,600,148.0
369341,370971,370981,1630,10,1,600,164.0
369342,370979,370984,1637,5,1,600,164.2
369343,370992,370993,1649,1,1,600,165.0
369346,371007,371008,1661,1,1,600,166.2
369347,371012,371037,1665,25,1,600,67.6
369349,371019,371058,1670,39,1,600,43.8205128205
369350,371025,371035,1675,10,1,600,168.5
369351,371047,371056,1696,9,1,600,170.5
369353,371055,371061,1702,6,1,600,170.8
369416,371076,371092,1660,16,1,600,104.75
369417,371081,371086,1664,5,1,600,166.9
369418,371089,371095,1671,6,1,600,167.7
369420,371098,371424,1678,326,1,600,6.1472392638
369421,371106,371112,1685,6,1,600,169.1
369422,371112,371126,1690,14,1,600,121.714285714
369424,371125,371132,1701,7,1,600,170.8
369425,371138,371141,1713,3,1,600,171.6
369427,369433,372537,6,3104,2,7200,1.00193298969
369429,371161,371174,1732,13,1,600,134.230769231
369430,371169,371183,1739,14,1,600,125.214285714
369487,369495,372626,8,3131,2,7200,1.00255509422
369492,371186,371243,1694,57,1,600,30.7192982456
369493,371195,371220,1702,25,1,600,69.08
369494,371211,371224,1717,13,1,600,133.076923077
369496,371216,371232,1720,16,1,600,108.5
369497,371221,371230,1724,9,1,600,173.3
369558,371227,371232,1669,5,1,600,167.4
369560,371240,371246,1680,6,1,600,168.6
369561,371245,371246,1684,1,1,600,168.5
369562,371253,371281,1691,28,1,600,61.3928571429
369564,371261,371281,1697,20,1,600,85.85
369625,371273,371281,1648,8,1,600,165.6
369626,371287,371294,1661,7,1,600,166.8
369628,371292,371299,1664,7,1,600,167.1
369629,371298,371303,1669,5,1,600,167.4
369632,371311,371346,1679,35,1,600,48.9714285714
369637,371337,371349,1700,12,1,600,142.666666667
369638,371342,371349,1704,7,1,600,171.1
369668,369673,372564,5,2891,2,7200,1.00172950536
369692,369698,372695,6,2997,2,7200,1.002002002
369700,371348,371353,1648,5,1,600,165.3
369701,371353,371506,1652,153,1,600,11.7973856209
369702,371366,371404,1664,38,1,600,44.7894736842
369704,371373,371379,1669,6,1,600,167.5
369705,371381,371386,1676,5,1,600,168.1
369706,371386,371387,1680,1,1,600,168.1
369768,371392,371399,1624,7,1,600,163.1
369769,371397,371404,1628,7,1,600,163.5
369770,371402,371418,1632,16,1,600,103.0
369772,371408,371413,1636,5,1,600,164.1
369830,369836,372846,6,3010,2,7200,1.00199335548
369833,371413,371419,1580,6,1,600,158.6
369834,371426,371431,1592,5,1,600,159.7
369836,371431,371432,1595,1,1,600,159.6
369837,371437,371452,1600,15,1,600,107.666666667
369899,371442,371506,1543,64,1,600,25.109375
369900,371447,371454,1547,7,1,600,155.4
370024,370029,373030,5,3001,2,7200,1.0016661113
370082,371453,371507,1371,54,1,600,26.3888888889
370144,371463,371464,1319,1,1,600,132.0
370146,371468,371491,1322,23,1,600,58.4782608696
370180,370187,373439,7,3252,2,7200,1.00215252153
370198,370205,373322,7,3117,2,7200,1.00224574912
370207,371481,371485,1274,4,1,600,127.8
370208,371486,371492,1278,6,1,600,128.4
370270,371492,371504,1222,12,1,600,102.833333333
370271,371503,371513,1232,10,1,600,124.2
370395,371519,371520,1124,1,1,600,112.5
370397,371524,371531,1127,7,1,600,113.4
370398,371530,371534,1132,4,1,600,113.6
370459,371535,371541,1076,6,1,600,108.2
370461,371540,371588,1079,48,1,600,23.4791666667
370462,371553,371573,1091,20,1,600,55.55
370524,371558,371565,1034,7,1,600,104.1
370525,371563,371569,1038,6,1,600,104.4
370526,371569,371574,1043,5,1,600,104.8
370581,371991,372029,1410,38,16,3600,38.1052631579
370581,371903,371979,1322,76,16,3600,18.3947368421
370582,372190,372221,1608,31,16,3600,52.8709677419
370582,372088,372121,1506,33,16,3600,46.6363636364
370582,372045,372077,1463,32,16,3600,46.71875
370582,372141,372179,1559,38,16,3600,42.0263157895
370583,372244,372301,1661,57,16,3600,30.1403508772
370583,375977,379608,5394,3631,16,3600,2.48554117323
370583,372324,375953,1741,3629,16,3600,1.47974648664
370588,371574,371575,986,1,1,600,98.7
370589,371579,371584,990,5,1,600,99.5
370614,370621,373685,7,3064,2,7200,1.0022845953
370674,371590,371920,916,330,1,600,3.77575757576
370676,371595,371596,919,1,1,600,92.0
370737,371600,371615,863,15,1,600,58.5333333333
370738,371606,371613,868,7,1,600,87.5
370740,371611,371619,871,8,1,600,87.9
370801,371616,371623,815,7,1,600,82.2
370804,371629,371638,825,9,1,600,83.4
370805,371634,371641,829,7,1,600,83.6
370868,370875,373921,7,3046,2,7200,1.00229809586
370869,371650,371651,781,1,1,600,78.2
370930,371655,371669,725,14,1,600,52.7857142857
370933,371666,371683,733,17,1,600,44.1176470588
370934,371671,371700,737,29,1,600,26.4137931034
370935,371677,371685,742,8,1,600,75.0
370997,371682,371700,685,18,1,600,39.0555555556
370998,371690,371696,692,6,1,600,69.8
370999,371695,371706,696,11,1,600,64.2727272727
371001,371701,371708,700,7,1,600,70.7
371002,371706,371747,704,41,1,600,18.1707317073
371003,371711,371717,708,6,1,600,71.4
371005,371717,371727,712,10,1,600,72.2
371006,371722,371736,716,14,1,600,52.1428571429
371007,371727,371733,720,6,1,600,72.6
371069,371732,371739,663,7,1,600,67.0
371072,371745,371757,673,12,1,600,57.0833333333
371073,371751,371756,678,5,1,600,68.3
371075,371756,371763,681,7,1,600,68.8
371076,371761,371762,685,1,1,600,68.6
371077,371766,371789,689,23,1,600,30.9565217391
371139,371772,371777,633,5,1,600,63.8
371140,371777,371778,637,1,1,600,63.8
371141,371782,371783,641,1,1,600,64.2
371143,371788,371887,645,99,1,600,7.51515151515
371144,371793,371798,649,5,1,600,65.4
371145,371800,371814,655,14,1,600,47.7857142857
371197,371203,374239,6,3036,2,7200,1.00197628458
371198,371232,374142,34,2910,2,7200,1.0116838488
371208,371811,371812,603,1,1,600,60.4
371209,371816,371822,607,6,1,600,61.3
371210,371822,371834,612,12,1,600,52.0
371281,371832,371838,551,6,1,600,55.7
371283,371837,371842,554,5,1,600,55.9
371284,371843,371848,559,5,1,600,56.4
371285,371848,371867,563,19,1,600,30.6315789474
371287,371855,371887,568,32,1,600,18.75
371288,371865,371887,577,22,1,600,27.2272727273
371289,371887,371892,598,5,1,600,60.3
371289,371358,374338,69,2980,2,7200,1.02315436242
371291,371933,371942,642,9,1,600,65.1
371293,371966,371973,673,7,1,600,68.0
371294,371985,371991,691,6,1,600,69.7
371343,371418,374450,75,3032,2,7200,1.02473614776
371356,372003,372026,647,23,1,600,29.1304347826
371357,372038,372045,681,7,1,600,68.8
371358,372056,372057,698,1,1,600,69.9
371360,372069,372166,709,97,1,600,8.30927835052
371362,372123,372132,761,9,1,600,77.0
371364,372135,372136,771,1,1,600,77.2
371365,372149,372157,784,8,1,600,79.2
371367,371474,374720,107,3246,2,7200,1.03296364757
371426,372154,372182,728,28,1,600,27.0
371428,372169,372189,741,20,1,600,38.05
371429,372179,372184,750,5,1,600,75.5
371430,372198,372204,768,6,1,600,77.4
371432,372203,372210,771,7,1,600,77.8
371433,372215,372257,782,42,1,600,19.619047619
371433,371546,374554,113,3008,2,7200,1.03756648936
371435,372220,372227,785,7,1,600,79.2
371436,372225,372231,789,6,1,600,79.5
371437,372232,372238,795,6,1,600,80.1
371439,372237,372247,798,10,1,600,80.8
371440,372250,372260,810,10,1,600,82.0
371441,372255,372265,814,10,1,600,82.4
371504,372261,372262,757,1,1,600,75.8
371506,372267,372275,761,8,1,600,76.9
371508,372284,372292,776,8,1,600,78.4
371509,372289,372290,780,1,1,600,78.1
371511,372297,372303,786,6,1,600,79.2
371512,372302,372339,790,37,1,600,22.3513513514
371513,372307,372315,794,8,1,600,80.2
371515,372312,372324,797,12,1,600,67.4166666667
371517,372330,372597,813,267,1,600,4.04494382022
371518,372335,372341,817,6,1,600,82.3
371520,372340,372625,820,285,1,600,3.87719298246
371521,372347,372348,826,1,1,600,82.7
371582,372353,372412,771,59,1,600,14.0677966102
371584,372358,372367,774,9,1,600,78.3
371585,372364,372372,779,8,1,600,78.7
371586,372370,372375,784,5,1,600,78.9
371587,372375,372376,788,1,1,600,78.9
371589,372382,372703,793,321,1,600,3.47040498442
371590,372389,372390,799,1,1,600,80.0
371593,372400,372408,807,8,1,600,81.5
371594,372407,372414,813,7,1,600,82.0
371596,372413,372419,817,6,1,600,82.3
371597,372419,372433,822,14,1,600,59.7142857143
371658,372426,372433,768,7,1,600,77.5
371660,372432,372439,772,7,1,600,77.9
371661,372438,372444,777,6,1,600,78.3
371662,372445,372446,783,1,1,600,78.4
371663,372451,372481,788,30,1,600,27.2666666667
371665,372464,372481,799,17,1,600,48.0
371666,372473,372483,807,10,1,600,81.7
371667,372486,372495,819,9,1,600,82.8
371668,372493,372529,825,36,1,600,23.9166666667
371670,372499,372522,829,23,1,600,37.0434782609
371675,372505,372506,830,1,1,600,83.1
371676,372512,372522,836,10,1,600,84.6
371739,372533,372783,794,250,1,600,4.176
371740,372538,372697,798,159,1,600,6.01886792453
371741,372552,372553,811,1,1,600,81.2
371743,372565,372566,822,1,1,600,82.3
371744,372579,372592,835,13,1,600,65.2307692308
371745,372603,372612,858,9,1,600,86.7
371746,372611,372617,865,6,1,600,87.1
371748,372623,372687,875,64,1,600,14.671875
371749,372630,372636,881,6,1,600,88.7
371750,372644,372651,894,7,1,600,90.1
371752,372651,372667,899,16,1,600,57.1875
371753,372662,372668,909,6,1,600,91.5
371754,372678,372685,924,7,1,600,93.1
371755,372685,372693,930,8,1,600,93.8
371817,372696,372701,879,5,1,600,88.4
371818,372702,372703,884,1,1,600,88.5
371819,372715,372723,896,8,1,600,90.4
371821,372721,372857,900,136,1,600,7.61764705882
371823,372732,372733,909,1,1,600,91.0
371825,372739,372745,914,6,1,600,92.0
371826,372745,372754,919,9,1,600,92.8
371827,372751,372756,924,5,1,600,92.9
371828,372758,372811,930,53,1,600,18.5471698113
371830,372765,372792,935,27,1,600,35.6296296296
371831,372771,372777,940,6,1,600,94.6
371832,372789,372795,957,6,1,600,96.3
371834,372796,372802,962,6,1,600,96.8
371847,371892,374804,45,2912,2,7200,1.0154532967
371895,372803,372807,908,4,1,600,91.2
371896,372810,372838,914,28,1,600,33.6428571429
371898,372817,372818,919,1,1,600,92.0
371899,372824,372856,925,32,1,600,29.90625
371902,372836,372844,934,8,1,600,94.2
371903,372843,372844,940,1,1,600,94.1
371904,372850,372916,946,66,1,600,15.3333333333
371905,372867,372873,962,6,1,600,96.8
371967,372874,372881,907,7,1,600,91.4
371968,372884,372885,916,1,1,600,91.7
371969,372892,372900,923,8,1,600,93.1
372032,372899,372900,867,1,1,600,86.8
372033,372911,372925,878,14,1,600,63.7142857143
372034,372916,372946,882,30,1,600,30.4
372096,372927,372928,831,1,1,600,83.2
372097,372936,372946,839,10,1,600,84.9
372104,372111,375191,7,3080,2,7200,1.00227272727
372119,372130,375332,11,3202,2,7200,1.0034353529
372158,372943,372958,785,15,1,600,53.3333333333
372160,372957,373078,797,121,1,600,7.5867768595
372161,372963,372974,802,11,1,600,73.9090909091
372162,372969,372970,807,1,1,600,80.8
372194,372210,375223,16,3013,2,7200,1.00531032194
372224,372988,372995,764,7,1,600,77.1
372225,372994,373002,769,8,1,600,77.7
372226,373006,373012,780,6,1,600,78.6
372228,373013,373014,785,1,1,600,78.6
372229,373023,373029,794,6,1,600,80.0
372230,373030,373039,800,9,1,600,80.9
372266,372274,375145,8,2871,2,7200,1.00278648555
372292,373046,373078,754,32,1,600,24.5625
372293,373053,373088,760,35,1,600,22.7142857143
372294,373089,373096,795,7,1,600,80.2
372296,373095,373103,799,8,1,600,80.7
372297,373101,373102,804,1,1,600,80.5
372298,373114,373116,816,2,1,600,81.8
372300,373120,373121,820,1,1,600,82.1
372301,373126,373132,825,6,1,600,83.1
372302,373133,373134,831,1,1,600,83.2
372304,373139,373145,835,6,1,600,84.1
372305,373145,373160,840,15,1,600,57.0
372368,373158,373166,790,8,1,600,79.8
372369,373165,373205,796,40,1,600,20.9
372370,373172,373177,802,5,1,600,80.7
372371,373179,373180,808,1,1,600,80.9
372373,373188,373195,815,7,1,600,82.2
372374,373195,373196,821,1,1,600,82.2
372375,373206,373216,831,10,1,600,84.1
372377,373213,373222,836,9,1,600,84.5
372378,373220,373233,842,13,1,600,65.7692307692
372392,394003,394004,21611,1,1,3600,2161.2
372439,373227,373252,788,25,1,600,32.52
372441,373234,373241,793,7,1,600,80.0
372442,373244,373250,802,6,1,600,80.8
372443,373252,373253,809,1,1,600,81.0
372444,373261,373265,817,4,1,600,82.1
372446,373268,373269,822,1,1,600,82.3
372448,373280,373285,832,5,1,600,83.7
372449,373286,373302,837,16,1,600,53.3125
372461,373292,373299,831,7,1,600,83.8
372483,373310,373311,827,1,1,600,82.8
372484,373316,373322,832,6,1,600,83.8
372538,372545,375696,7,3151,2,7200,1.00222151698
372547,373328,373336,781,8,1,600,78.9
372548,373341,373352,793,11,1,600,73.0909090909
372549,373346,373385,797,39,1,600,21.4358974359
372551,373352,373360,801,8,1,600,80.9
372552,373357,373363,805,6,1,600,81.1
372553,373363,373364,810,1,1,600,81.1
372555,373368,373376,813,8,1,600,82.1
372556,373374,373423,818,49,1,600,17.693877551
372565,372572,375520,7,2948,2,7200,1.00237449118
372617,373379,373380,762,1,1,600,76.3
372619,373384,373385,765,1,1,600,76.6
372620,373392,373421,772,29,1,600,27.6206896552
372621,373397,373403,776,6,1,600,78.2
372623,373402,373410,779,8,1,600,78.7
372624,373408,373416,784,8,1,600,79.2
372628,372638,375597,10,2959,2,7200,1.00337952011
372685,373413,373418,728,5,1,600,73.3
372687,373418,373423,731,5,1,600,73.6
372689,373431,373436,742,5,1,600,74.7
372694,373436,373460,742,24,1,600,31.9166666667
372695,373441,373451,746,10,1,600,75.6
372696,373447,373453,751,6,1,600,75.7
372698,372709,375838,11,3129,2,7200,1.00351550016
372758,373452,373477,694,25,1,600,28.76
372759,373457,373458,698,1,1,600,69.9
372760,373470,373533,710,63,1,600,12.2698412698
372762,373475,373482,713,7,1,600,72.0
372763,373481,373506,718,25,1,600,29.72
372764,373486,373492,722,6,1,600,72.8
372766,373491,373501,725,10,1,600,73.5
372768,373504,373510,736,6,1,600,74.2
372770,373509,373510,739,1,1,600,74.0
372771,373514,373515,743,1,1,600,74.4
372833,373520,373525,687,5,1,600,69.2
372834,373525,373542,691,17,1,600,41.6470588235
372835,373532,373533,697,1,1,600,69.8
372836,373537,373543,701,6,1,600,70.7
372838,373542,373543,704,1,1,600,70.5
372839,373548,373555,709,7,1,600,71.6
372841,373553,373554,712,1,1,600,71.3
372842,373558,373559,716,1,1,600,71.7
372843,373566,373577,723,11,1,600,66.7272727273
372845,373571,373576,726,5,1,600,73.1
372849,372857,375826,8,2969,2,7200,1.00269450994
372906,373576,373587,670,11,1,600,61.9090909091
372907,373582,373586,675,4,1,600,67.9
372909,373587,373591,678,4,1,600,68.2
372910,373592,373600,682,8,1,600,69.0
372913,373606,373611,693,5,1,600,69.8
372914,373611,373618,697,7,1,600,70.4
372916,373616,373620,700,4,1,600,70.4
372917,373622,373696,705,74,1,600,10.527027027
372978,373627,373677,649,50,1,600,13.98
372980,373632,373643,652,11,1,600,60.2727272727
372982,373645,373677,663,32,1,600,21.71875
372984,373650,373677,666,27,1,600,25.6666666667
372985,373656,373677,671,21,1,600,32.9523809524
372986,373670,373681,684,11,1,600,63.1818181818
372988,373676,373677,688,1,1,600,68.9
373033,373039,376107,6,3068,2,7200,1.00195567145
373049,373683,373691,634,8,1,600,64.2
373050,373689,373703,639,14,1,600,46.6428571429
373078,373701,373707,623,6,1,600,62.9
373081,373712,373719,631,7,1,600,63.8
373082,373718,373719,636,1,1,600,63.7
373085,373729,373730,644,1,1,600,64.5
373147,373737,373747,590,10,1,600,60.0
373148,373742,373749,594,7,1,600,60.1
373149,373747,373753,598,6,1,600,60.4
373151,373753,373803,602,50,1,600,13.04
373152,373758,373766,606,8,1,600,61.4
373153,373764,373776,611,12,1,600,51.9166666667
373155,373769,373784,614,15,1,600,41.9333333333
373156,373774,373776,618,2,1,600,62.0
373157,373782,373809,625,27,1,600,24.1481481481
373159,373787,373795,628,8,1,600,63.6
373220,373793,373797,573,4,1,600,57.7
373221,373798,373815,577,17,1,600,34.9411764706
373223,373804,373816,581,12,1,600,49.4166666667
373224,373810,373834,586,24,1,600,25.4166666667
373225,373816,373825,591,9,1,600,60.0
373227,373821,373828,594,7,1,600,60.1
373228,373826,373835,598,9,1,600,60.7
373229,373833,373835,604,2,1,600,60.6
373232,373841,373846,609,5,1,600,61.4
373293,373846,373847,553,1,1,600,55.4
373294,373851,373861,557,10,1,600,56.7
373297,373862,373863,565,1,1,600,56.6
373298,373867,373876,569,9,1,600,57.8
373300,373874,373875,574,1,1,600,57.5
373301,373880,373885,579,5,1,600,58.4
373302,373885,373890,583,5,1,600,58.8
373304,373890,373897,586,7,1,600,59.3
373305,373896,373920,591,24,1,600,25.625
373306,373901,373910,595,9,1,600,60.4
373308,373906,373914,598,8,1,600,60.6
373325,373336,376425,11,3089,2,7200,1.00356102298
373369,373912,373946,543,34,1,600,16.9705882353
373370,373919,373927,549,8,1,600,55.7
373372,373924,373925,552,1,1,600,55.3
373373,373929,373930,556,1,1,600,55.7
373376,373940,373946,564,6,1,600,57.0
373377,373952,373953,575,1,1,600,57.6
373378,373957,373965,579,8,1,600,58.7
373440,373464,376294,24,2830,2,7200,1.00848056537
373441,373968,373975,527,7,1,600,53.4
373443,373973,373978,530,5,1,600,53.5
373445,373984,373994,539,10,1,600,54.9
373447,373992,373998,545,6,1,600,55.1
373448,373997,374003,549,6,1,600,55.5
373451,374008,374024,557,16,1,600,35.8125
373452,374013,374014,561,1,1,600,56.2
373453,374019,374033,566,14,1,600,41.4285714286
373455,374024,374060,569,36,1,600,16.8055555556
373456,374029,374052,573,23,1,600,25.9130434783
373457,374037,374045,580,8,1,600,58.8
373459,374042,374073,583,31,1,600,19.8064516129
373520,374047,374050,527,3,1,600,53.0
373521,374053,374062,532,9,1,600,54.1
373523,374058,374059,535,1,1,600,53.6
373524,374063,374064,539,1,1,600,54.0
373525,374071,374072,546,1,1,600,54.7
373527,374076,374084,549,8,1,600,55.7
373528,374081,374085,553,4,1,600,55.7
373530,374087,374094,557,7,1,600,56.4
373533,374092,374098,559,6,1,600,56.5
373534,374100,374105,566,5,1,600,57.1
373536,374105,374112,569,7,1,600,57.6
373537,374110,374122,573,12,1,600,48.75
373538,374116,374121,578,5,1,600,58.3
373540,374121,374129,581,8,1,600,58.9
373601,374126,374154,525,28,1,600,19.75
373603,374132,374137,529,5,1,600,53.4
373604,374139,374145,535,6,1,600,54.1
373605,374144,374149,539,5,1,600,54.4
373607,374149,374158,542,9,1,600,55.1
373609,374160,374184,551,24,1,600,23.9583333333
373611,374165,374219,554,54,1,600,11.2592592593
373612,374178,374179,566,1,1,600,56.7
373613,374184,374211,571,27,1,600,22.1481481481
373616,374194,374199,578,5,1,600,58.3
373617,374200,374212,583,12,1,600,49.5833333333
373619,374205,374279,586,74,1,600,8.91891891892
373680,374210,374224,530,14,1,600,38.8571428571
373682,374218,374280,536,62,1,600,9.64516129032
373683,374223,374229,540,6,1,600,54.6
373684,374228,374234,544,6,1,600,55.0
373687,373696,376967,9,3271,2,7200,1.00275145216
373687,374241,374279,554,38,1,600,15.5789473684
373688,374246,374281,558,35,1,600,16.9428571429
373689,374252,374255,563,3,1,600,56.6
373691,374258,374279,567,21,1,600,28.0
373692,374266,374279,574,13,1,600,45.1538461538
373754,374286,374287,532,1,1,600,53.3
373755,374291,374299,536,8,1,600,54.4
373758,374304,374309,546,5,1,600,55.1
373759,374309,374417,550,108,1,600,6.09259259259
373761,374314,374318,553,4,1,600,55.7
373763,374325,374326,562,1,1,600,56.3
373765,374330,374337,565,7,1,600,57.2
373767,374343,374424,576,81,1,600,8.11111111111
373769,374348,374358,579,10,1,600,58.9
373830,374353,374361,523,8,1,600,53.1
373832,374359,374364,527,5,1,600,53.2
373834,374364,374374,530,10,1,600,54.0
373836,374369,374402,533,33,1,600,17.1515151515
373837,374383,374405,546,22,1,600,25.8181818182
373838,374388,374410,550,22,1,600,26.0
373840,374394,374400,554,6,1,600,56.0
373841,374399,374400,558,1,1,600,55.9
373843,374404,374409,561,5,1,600,56.6
373844,374411,374412,567,1,1,600,56.8
373847,374422,374423,575,1,1,600,57.6
373848,374430,374766,582,336,1,600,2.73214285714
373849,374435,374436,586,1,1,600,58.7
373850,374441,374447,591,6,1,600,59.7
373852,374446,374452,594,6,1,600,60.0
373853,374451,374452,598,1,1,600,59.9
373915,374457,374470,542,13,1,600,42.6923076923
373916,374462,374463,546,1,1,600,54.7
373917,374475,374481,558,6,1,600,56.4
373920,374486,374487,566,1,1,600,56.7
373921,374491,374492,570,1,1,600,57.1
373923,374497,374505,574,8,1,600,58.2
373923,373947,376919,24,2972,2,7200,1.00807537012
373924,374502,374508,578,6,1,600,58.4
373925,374510,374515,585,5,1,600,59.0
373927,374515,374516,588,1,1,600,58.9
373928,374521,374528,593,7,1,600,60.0
373989,374526,374531,537,5,1,600,54.2
373991,374531,374587,540,56,1,600,10.6428571429
373992,374537,374541,545,4,1,600,54.9
373994,374544,374589,550,45,1,600,13.2222222222
373995,374549,374556,554,7,1,600,56.1
373996,374554,374561,558,7,1,600,56.5
373998,374560,374571,562,11,1,600,52.0909090909
373999,374565,374575,566,10,1,600,57.6
374000,374571,374576,571,5,1,600,57.6
374002,374583,374602,581,19,1,600,31.5789473684
374003,374588,374589,585,1,1,600,58.6
374007,374606,374616,599,10,1,600,60.9
374068,374612,374618,544,6,1,600,55.0
374070,374617,374618,547,1,1,600,54.8
374073,374622,374629,549,7,1,600,55.6
374074,374628,374634,554,6,1,600,56.0
374076,374635,374654,559,19,1,600,30.4210526316
374077,374640,374641,563,1,1,600,56.4
374078,374646,374650,568,4,1,600,57.2
374081,374656,374662,575,6,1,600,58.1
374082,374661,374667,579,6,1,600,58.5
374084,374669,374675,585,6,1,600,59.1
374085,374674,374684,589,10,1,600,59.9
374086,374679,374711,593,32,1,600,19.53125
374088,374685,374693,597,8,1,600,60.5
374089,374690,374696,601,6,1,600,60.7
374143,374173,377173,30,3000,2,7200,1.01
374150,374696,374704,546,8,1,600,55.4
374153,374708,374723,555,15,1,600,38.0
374154,374713,374722,559,9,1,600,56.8
374157,374726,374731,569,5,1,600,57.4
374159,374731,374747,572,16,1,600,36.75
374160,374736,374743,576,7,1,600,58.3
374161,374742,374746,581,4,1,600,58.5
374163,374747,374751,584,4,1,600,58.8
374164,374760,374766,596,6,1,600,60.2
374165,374765,374775,600,10,1,600,61.0
374167,374771,374776,604,5,1,600,60.9
374168,374776,374780,608,4,1,600,61.2
374229,374781,374789,552,8,1,600,56.0
374231,374788,374794,557,6,1,600,56.3
374233,374799,374805,566,6,1,600,57.2
374235,374804,374815,569,11,1,600,52.7272727273
374236,374810,374815,574,5,1,600,57.9
374239,374820,374830,581,10,1,600,59.1
374240,374833,374839,593,6,1,600,59.9
374240,374281,377170,41,2889,2,7200,1.01419176186
374243,374844,374854,601,10,1,600,61.1
374304,374849,374889,545,40,1,600,14.625
374306,374856,374883,550,27,1,600,21.3703703704
374307,374868,374883,561,15,1,600,38.4
374308,374877,374883,569,6,1,600,57.5
374310,374886,374887,576,1,1,600,57.7
374320,374899,374904,579,5,1,600,58.4
374321,374904,374910,583,6,1,600,58.9
374322,374910,374920,588,10,1,600,59.8
374325,374929,374934,604,5,1,600,60.9
374326,374934,374935,608,1,1,600,60.9
374328,374940,375217,612,277,1,600,3.20938628159
374339,374378,377665,39,3287,2,7200,1.01186492242
374389,374945,375030,556,85,1,600,7.54117647059
374390,374950,374962,560,12,1,600,47.6666666667
374392,374958,374965,566,7,1,600,57.3
374393,374963,375178,570,215,1,600,3.6511627907
374394,374968,374975,574,7,1,600,58.1
374397,374979,374984,582,5,1,600,58.7
374451,374470,377336,19,2866,2,7200,1.00662944871
374459,374985,375018,526,33,1,600,16.9393939394
374461,374997,375005,536,8,1,600,54.4
374463,375002,375003,539,1,1,600,54.0
374465,375015,375029,550,14,1,600,40.2857142857
374467,375020,375024,553,4,1,600,55.7
374468,375025,375032,557,7,1,600,56.4
374470,375032,375040,562,8,1,600,57.0
374473,375043,375044,570,1,1,600,57.1
374477,375061,375078,584,17,1,600,35.3529411765
374478,375067,375077,589,10,1,600,59.9
374479,375072,375080,593,8,1,600,60.1
374481,375079,375095,598,16,1,600,38.375
374542,375084,375093,542,9,1,600,55.1
374543,375089,375090,546,1,1,600,54.7
374545,375095,375103,550,8,1,600,55.8
374546,375102,375107,556,5,1,600,56.1
374548,375107,375114,559,7,1,600,56.6
374549,375112,375120,563,8,1,600,57.1
374550,375118,375123,568,5,1,600,57.3
374552,375125,375148,573,23,1,600,25.9130434783
374553,375130,375144,577,14,1,600,42.2142857143
374555,375135,375162,580,27,1,600,22.4814814815
374557,374578,377799,21,3221,2,7200,1.00651971437
374617,375148,375156,531,8,1,600,53.9
374619,375154,375214,535,60,1,600,9.91666666667
374620,375159,375198,539,39,1,600,14.8205128205
374622,375172,375178,550,6,1,600,55.6
374623,375177,375188,554,11,1,600,51.3636363636
374624,375183,375425,559,242,1,600,3.30991735537
374626,375190,375196,564,6,1,600,57.0
374627,375195,375196,568,1,1,600,56.9
374628,375201,375207,573,6,1,600,57.9
374630,375206,375219,576,13,1,600,45.3076923077
374631,375218,375232,587,14,1,600,42.9285714286
374633,375223,375224,590,1,1,600,59.1
374634,375229,375234,595,5,1,600,60.0
374635,375234,375265,599,31,1,600,20.3225806452
374637,375247,375248,610,1,1,600,61.1
374698,375252,375253,554,1,1,600,55.5
374701,375263,375273,562,10,1,600,57.2
374702,375269,375306,567,37,1,600,16.3243243243
374705,375281,375284,576,3,1,600,57.9
374706,375287,375293,581,6,1,600,58.7
374707,375292,375297,585,5,1,600,59.0
374709,375298,375301,589,3,1,600,59.2
374710,375304,375305,594,1,1,600,59.5
374711,375310,375316,599,6,1,600,60.5
374713,375315,375316,602,1,1,600,60.3
374714,375321,375337,607,16,1,600,38.9375
374723,374755,377940,32,3185,2,7200,1.01004709576
374775,375326,375341,551,15,1,600,37.7333333333
374777,375436,375480,659,44,1,600,15.9772727273
374778,375492,375499,714,7,1,600,72.1
374779,375510,375520,731,10,1,600,74.1
374781,375531,375537,750,6,1,600,75.6
374782,375549,375555,767,6,1,600,77.3
374783,375566,375647,783,81,1,600,10.6666666667
374785,375612,375629,827,17,1,600,49.6470588235
374786,375640,375641,854,1,1,600,85.5
374787,375652,375729,865,77,1,600,12.2337662338
374789,375659,375660,870,1,1,600,87.1
374790,375671,375676,881,5,1,600,88.6
374792,375688,375744,896,56,1,600,17.0
374793,375711,375718,918,7,1,600,92.5
374807,374828,378104,21,3276,2,7200,1.00641025641
374883,375717,375722,834,5,1,600,83.9
374885,375729,375730,844,1,1,600,84.5
374886,375736,375757,850,21,1,600,41.4761904762
374887,375744,375759,857,15,1,600,58.1333333333
374889,375749,375750,860,1,1,600,86.1
374890,375756,375762,866,6,1,600,87.2
374892,375762,375771,870,9,1,600,87.9
374893,375770,375774,877,4,1,600,88.1
374894,375776,375783,882,7,1,600,88.9
374896,375782,375801,886,19,1,600,47.6315789474
374900,375800,375847,900,47,1,600,20.1489361702
374902,375813,375818,911,5,1,600,91.6
374905,375824,375895,919,71,1,600,13.9436619718
374966,375831,375839,865,8,1,600,87.3
374968,375837,375853,869,16,1,600,55.3125
374975,375868,375892,893,24,1,600,38.2083333333
374976,375873,375874,897,1,1,600,89.8
374978,375878,375884,900,6,1,600,90.6
374979,375886,375897,907,11,1,600,83.4545454545
374980,375891,375903,911,12,1,600,76.9166666667
374982,375897,375898,915,1,1,600,91.6
375043,375905,375913,862,8,1,600,87.0
375044,375911,375912,867,1,1,600,86.8
375046,375917,375924,871,7,1,600,87.8
375047,375922,375923,875,1,1,600,87.6
375048,375930,375938,882,8,1,600,89.0
375050,375935,375940,885,5,1,600,89.0
375051,375940,375948,889,8,1,600,89.7
375052,375947,375954,895,7,1,600,90.2
375054,375953,375971,899,18,1,600,50.9444444444
375055,375960,375968,905,8,1,600,91.3
375056,375965,375970,909,5,1,600,91.4
375058,375970,375977,912,7,1,600,91.9
375059,375983,375990,924,7,1,600,93.1
375060,375988,375995,928,7,1,600,93.5
375062,375994,376005,932,11,1,600,85.7272727273
375123,375999,376008,876,9,1,600,88.5
375125,376005,376011,880,6,1,600,88.6
375126,376010,376015,884,5,1,600,88.9
375127,376016,376021,889,5,1,600,89.4
375129,376021,376046,892,25,1,600,36.68
375130,376026,376027,896,1,1,600,89.7
375131,376034,376057,903,23,1,600,40.2608695652
375133,376039,376071,906,32,1,600,29.3125
375135,376050,376056,915,6,1,600,92.1
375137,376056,376076,919,20,1,600,46.95
375148,375167,377877,19,2710,2,7200,1.00701107011
375193,375213,378402,20,3189,2,7200,1.00627155848
375198,376062,376087,864,25,1,600,35.56
375200,376076,376087,876,11,1,600,80.6363636364
375201,376082,376088,881,6,1,600,88.7
375202,376089,376090,887,1,1,600,88.8
375204,376094,376100,890,6,1,600,89.6
375205,376099,376105,894,6,1,600,90.0
375206,376107,376202,901,95,1,600,10.4842105263
375208,376113,376139,905,26,1,600,35.8076923077
375209,376119,376131,910,12,1,600,76.8333333333
375211,376125,376131,914,6,1,600,92.0
375213,376131,376139,918,8,1,600,92.6
375214,376136,376144,922,8,1,600,93.0
375226,375242,378193,16,2951,2,7200,1.00542189088
375276,376142,376149,866,7,1,600,87.3
375277,376147,376172,870,25,1,600,35.8
375280,376158,376164,878,6,1,600,88.4
375281,376163,376164,882,1,1,600,88.3
375283,376176,376181,893,5,1,600,89.8
375284,376182,376187,898,5,1,600,90.3
375287,376192,376198,905,6,1,600,91.1
375288,376198,376206,910,8,1,600,91.8
375290,376203,376204,913,1,1,600,91.4
375291,376208,376230,917,22,1,600,42.6818181818
375292,376214,376219,922,5,1,600,92.7
375335,375341,378446,6,3105,2,7200,1.00193236715
375354,376221,376222,867,1,1,600,86.8
375355,376226,376227,871,1,1,600,87.2
375356,376232,376239,876,7,1,600,88.3
375358,376237,376238,879,1,1,600,88.0
375359,376243,376248,884,5,1,600,88.9
375361,376248,376254,887,6,1,600,89.3
375362,376254,376259,892,5,1,600,89.7
375363,376259,376260,896,1,1,600,89.7
375365,376264,376265,899,1,1,600,90.0
375486,376270,376277,784,7,1,600,79.1
375488,376277,376294,789,17,1,600,47.4117647059
375549,376282,376283,733,1,1,600,73.4
375551,376288,376296,737,8,1,600,74.5
375552,376293,376429,741,136,1,600,6.44852941176
375598,375605,378633,7,3028,2,7200,1.00231175694
375614,376298,376299,684,1,1,600,68.5
375675,376304,376311,629,7,1,600,63.6
375676,376309,376342,633,33,1,600,20.1818181818
375678,376315,376321,637,6,1,600,64.3
375679,378770,382417,3091,3647,16,3600,1.84754592816
375679,376320,376335,641,15,1,600,43.7333333333
375698,375704,378841,6,3137,2,7200,1.0019126554
375742,376331,376343,589,12,1,600,50.0833333333
375743,376345,376389,602,44,1,600,14.6818181818
375745,376350,376357,605,7,1,600,61.2
375746,376355,376362,609,7,1,600,61.6
375808,376361,376369,553,8,1,600,56.1
375809,376366,376505,557,139,1,600,5.0071942446
375810,376372,376394,562,22,1,600,26.5454545455
375813,376377,376386,564,9,1,600,57.3
375814,376384,376393,570,9,1,600,57.9
375816,376390,376395,574,5,1,600,57.9
375817,376395,376402,578,7,1,600,58.5
375818,376400,376408,582,8,1,600,59.0
375820,376406,376407,586,1,1,600,58.7
375821,376411,376420,590,9,1,600,59.9
375822,376418,376427,596,9,1,600,60.5
375824,376424,376457,600,33,1,600,19.1818181818
375825,376429,376449,604,20,1,600,31.2
375828,375843,378580,15,2737,2,7200,1.00548045305
375843,375856,378777,13,2921,2,7200,1.00445053064
375888,376440,376441,552,1,1,600,55.3
375889,376445,376463,556,18,1,600,31.8888888889
375891,376451,376473,560,22,1,600,26.4545454545
375892,376463,376472,571,9,1,600,58.0
375893,376469,376491,576,22,1,600,27.1818181818
375895,376474,376487,579,13,1,600,45.5384615385
375896,376479,376489,583,10,1,600,59.3
375958,376485,376492,527,7,1,600,53.4
375959,376490,376524,531,34,1,600,16.6176470588
375960,376495,376556,535,61,1,600,9.77049180328
375962,376503,376504,541,1,1,600,54.2
375963,376508,376509,545,1,1,600,54.6
375965,376514,376521,549,7,1,600,55.6
375966,376519,376526,553,7,1,600,56.0
375967,376524,376531,557,7,1,600,56.4
375969,376530,376536,561,6,1,600,56.7
375970,376535,376540,565,5,1,600,57.0
375971,376541,376563,570,22,1,600,26.9090909091
375974,376553,376561,579,8,1,600,58.7
375975,376558,376568,583,10,1,600,59.3
375977,376564,376591,587,27,1,600,22.7407407407
375978,376569,376581,591,12,1,600,50.25
376040,376575,376599,535,24,1,600,23.2916666667
376041,376580,376581,539,1,1,600,54.0
376043,376585,376599,542,14,1,600,39.7142857143
376044,376591,376615,547,24,1,600,23.7916666667
376045,376598,376607,553,9,1,600,56.2
376047,376603,376607,556,4,1,600,56.0
376048,376609,376621,561,12,1,600,47.75
376050,376614,376632,564,18,1,600,32.3333333333
376095,379187,379250,3092,63,16,7200,50.0793650794
376108,376171,379103,63,2932,2,7200,1.02148703956
376131,376620,376644,489,24,1,600,21.375
376132,376625,376632,493,7,1,600,50.0
376134,376630,376682,496,52,1,600,10.5384615385
376135,376636,376643,501,7,1,600,50.8
376137,376644,376650,507,6,1,600,51.3
376138,376649,376681,511,32,1,600,16.96875
376139,376655,376681,516,26,1,600,20.8461538462
376141,376662,376692,521,30,1,600,18.3666666667
376142,376670,376686,528,16,1,600,34.0
376143,376681,376683,538,2,1,600,54.0
376145,376686,376695,541,9,1,600,55.0
376146,376692,376703,546,11,1,600,50.6363636364
376147,376697,376710,550,13,1,600,43.3076923077
376149,376710,376722,561,12,1,600,47.75
376150,376715,376722,565,7,1,600,57.2
376151,376722,376728,571,6,1,600,57.7
376154,376733,376743,579,10,1,600,58.9
376155,376738,376768,583,30,1,600,20.4333333333
376217,376749,376827,532,78,1,600,7.82051282051
376218,376757,376812,539,55,1,600,10.8
376220,376762,376763,542,1,1,600,54.3
376221,376768,376784,547,16,1,600,35.1875
376222,376773,376774,551,1,1,600,55.2
376225,376784,376808,559,24,1,600,24.2916666667
376226,376790,377177,564,387,1,600,2.45736434109
376228,376795,376796,567,1,1,600,56.8
376229,376800,376806,571,6,1,600,57.7
376233,376813,376818,580,5,1,600,58.5
376234,376818,376827,584,9,1,600,59.3
376235,376823,376834,588,11,1,600,54.4545454545
376295,376339,379488,44,3149,2,7200,1.01397268974
376298,376834,376851,536,17,1,600,32.5294117647
376300,376839,376856,539,17,1,600,32.7058823529
376301,376847,376862,546,15,1,600,37.4
376303,376852,376909,549,57,1,600,10.6315789474
376304,376858,376912,554,54,1,600,11.2592592593
376305,376863,376869,558,6,1,600,56.4
376307,376868,376872,561,4,1,600,56.5
376308,376874,376876,566,2,1,600,56.8
376309,376879,376880,570,1,1,600,57.1
376311,376884,376885,573,1,1,600,57.4
376312,376890,376903,578,13,1,600,45.4615384615
376314,376898,376903,584,5,1,600,58.9
376375,376903,376910,528,7,1,600,53.5
376376,376909,376914,533,5,1,600,53.8
376378,376914,376920,536,6,1,600,54.2
376379,376920,376925,541,5,1,600,54.6
376381,376925,376934,544,9,1,600,55.3
376382,376930,376942,548,12,1,600,46.6666666667
376383,376936,376946,553,10,1,600,56.3
376385,376949,376957,564,8,1,600,57.2
376386,376955,376974,569,19,1,600,30.9473684211
376425,376458,379427,33,2969,2,7200,1.01111485349
376448,376960,376965,512,5,1,600,51.7
376449,376966,376973,517,7,1,600,52.4
376450,376971,377012,521,41,1,600,13.7073170732
376452,376977,376984,525,7,1,600,53.2
376455,376987,376993,532,6,1,600,53.8
376456,377000,377006,544,6,1,600,55.0
376457,377006,377013,549,7,1,600,55.6
376459,377011,377019,552,8,1,600,56.0
376460,377017,377023,557,6,1,600,56.3
376462,377022,377027,560,5,1,600,56.5
376463,377027,377058,564,31,1,600,19.1935483871
376464,377033,377108,569,75,1,600,8.58666666667
376466,377041,377073,575,32,1,600,18.96875
376467,377046,377052,579,6,1,600,58.5
376468,377052,377063,584,11,1,600,54.0909090909
376530,377057,377058,527,1,1,600,52.8
376531,377063,377070,532,7,1,600,53.9
376533,377068,377090,535,22,1,600,25.3181818182
376534,377073,377080,539,7,1,600,54.6
376536,377079,377085,543,6,1,600,54.9
376537,377087,377091,550,4,1,600,55.4
376539,377092,377093,553,1,1,600,55.4
376541,377103,377117,562,14,1,600,41.1428571429
376543,377108,377116,565,8,1,600,57.3
376544,377114,377128,570,14,1,600,41.7142857143
376546,377121,377129,575,8,1,600,58.3
376547,377126,377151,579,25,1,600,24.16
376548,377131,377137,583,6,1,600,58.9
376550,377137,377157,587,20,1,600,30.35
376611,377142,377143,531,1,1,600,53.2
376613,377148,377156,535,8,1,600,54.3
376614,377153,377171,539,18,1,600,30.9444444444
376617,377166,377167,549,1,1,600,55.0
376618,377172,377181,554,9,1,600,56.3
376620,377177,377189,557,12,1,600,47.4166666667
376621,377182,377207,561,25,1,600,23.44
376622,377188,377198,566,10,1,600,57.6
376625,377211,377237,586,26,1,600,23.5384615385
376626,377217,377224,591,7,1,600,59.8
376628,377222,377223,594,1,1,600,59.5
376629,377227,377228,598,1,1,600,59.9
376691,377233,377245,542,12,1,600,46.1666666667
376692,377238,377244,546,6,1,600,55.2
376694,377244,377284,550,40,1,600,14.75
376695,377251,377278,556,27,1,600,21.5925925926
376696,377257,377278,561,21,1,600,27.7142857143
376698,377264,377385,566,121,1,600,5.67768595041
376699,377273,377278,574,5,1,600,57.9
376701,377280,377640,579,360,1,600,2.60833333333
376702,377285,377292,583,7,1,600,59.0
376703,377290,377291,587,1,1,600,58.8
376705,377296,377303,591,7,1,600,59.8
376706,377303,377312,597,9,1,600,60.6
376768,377309,377345,541,36,1,600,16.0277777778
376769,377314,377324,545,10,1,600,55.5
376770,377320,377327,550,7,1,600,55.7
376773,377325,377326,552,1,1,600,55.3
376775,377331,377338,556,7,1,600,56.3
376776,377336,377346,560,10,1,600,57.0
376778,377342,377348,564,6,1,600,57.0
376779,377354,377355,575,1,1,600,57.6
376780,377360,377365,580,5,1,600,58.5
376782,377365,377370,583,5,1,600,58.8
376843,377370,377378,527,8,1,600,53.5
376846,377383,377488,537,105,1,600,6.11428571429
376847,377388,377411,541,23,1,600,24.5217391304
376849,377394,377398,545,4,1,600,54.9
376850,377399,377423,549,24,1,600,23.875
376851,377405,377422,554,17,1,600,33.5882352941
376853,377410,377417,557,7,1,600,56.4
376854,377415,377420,561,5,1,600,56.6
376856,377423,377437,567,14,1,600,41.5
376857,377428,377429,571,1,1,600,57.2
376858,377437,377438,579,1,1,600,58.0
376860,377442,377448,582,6,1,600,58.8
376920,376944,380000,24,3056,2,7200,1.00785340314
376921,377448,377455,527,7,1,600,53.4
376923,377455,377460,532,5,1,600,53.7
376924,377460,377461,536,1,1,600,53.7
376926,377466,377481,540,15,1,600,37.0
376927,377471,377472,544,1,1,600,54.5
376928,377476,377484,548,8,1,600,55.6
376931,377487,377498,556,11,1,600,51.5454545455
376932,377495,377501,563,6,1,600,56.9
376934,377500,377508,566,8,1,600,57.4
376935,377506,377512,571,6,1,600,57.7
376936,377511,377512,575,1,1,600,57.6
376938,377517,377531,579,14,1,600,42.3571428571
376939,377522,377529,583,7,1,600,59.0
376941,377528,377539,587,11,1,600,54.3636363636
376942,377535,377543,593,8,1,600,60.1
376969,376995,380206,26,3211,2,7200,1.00809716599
377004,377540,377546,536,6,1,600,54.2
377005,377546,377550,541,4,1,600,54.5
377006,377551,377557,545,6,1,600,55.1
377008,377556,377575,548,19,1,600,29.8421052632
377010,377567,377573,557,6,1,600,56.3
377012,377575,377634,563,59,1,600,10.5423728814
377014,377580,377584,566,4,1,600,57.0
377015,377585,377593,570,8,1,600,57.8
377018,377596,377597,578,1,1,600,57.9
377019,377602,377615,583,13,1,600,45.8461538462
377080,377607,377672,527,65,1,600,9.10769230769
377082,377612,377616,530,4,1,600,53.4
377083,377620,377628,537,8,1,600,54.5
377085,377625,377626,540,1,1,600,54.1
377086,377631,377645,545,14,1,600,39.9285714286
377087,377636,377642,549,6,1,600,55.5
377089,377641,377642,552,1,1,600,55.3
377090,377647,377653,557,6,1,600,56.3
377091,377681,377688,590,7,1,600,59.7
377093,377687,377694,594,7,1,600,60.1
377094,377692,377703,598,11,1,600,55.3636363636
377096,377697,377698,601,1,1,600,60.2
377097,377703,377710,606,7,1,600,61.3
377098,377708,377718,610,10,1,600,62.0
377160,377714,377720,554,6,1,600,56.0
377161,377719,377814,558,95,1,600,6.87368421053
377163,377732,377739,569,7,1,600,57.6
377164,377737,377741,573,4,1,600,57.7
377165,377742,377762,577,20,1,600,29.85
377167,377748,377752,581,4,1,600,58.5
377168,377753,377758,585,5,1,600,59.0
377170,377758,377759,588,1,1,600,58.9
377171,377764,377797,593,33,1,600,18.9696969697
377172,377769,377778,597,9,1,600,60.6
377174,377195,380016,21,2821,2,7200,1.00744416873
377174,377777,377787,603,10,1,600,61.3
377175,377782,377791,607,9,1,600,61.6
377175,377200,380294,25,3094,2,7200,1.00808015514
377178,377793,377798,615,5,1,600,62.0
377239,377798,377803,559,5,1,600,56.4
377241,377804,377808,563,4,1,600,56.7
377242,377809,377810,567,1,1,600,56.8
377243,377814,377821,571,7,1,600,57.8
377245,377827,377853,582,26,1,600,23.3846153846
377246,377833,377843,587,10,1,600,59.7
377248,377838,377842,590,4,1,600,59.4
377249,377843,377850,594,7,1,600,60.1
377250,377849,377876,599,27,1,600,23.1851851852
377279,377854,377883,575,29,1,600,20.8275862069
377280,377860,377864,580,4,1,600,58.4
377338,377349,380255,11,2906,2,7200,1.00378527185
377343,377870,377871,527,1,1,600,52.8
377345,377878,377886,533,8,1,600,54.1
377346,377883,377889,537,6,1,600,54.3
377347,377889,377918,542,29,1,600,19.6896551724
377349,377894,377904,545,10,1,600,55.5
377350,377900,377913,550,13,1,600,43.3076923077
377351,377905,377917,554,12,1,600,47.1666666667
377353,377911,377965,558,54,1,600,11.3333333333
377354,377916,377921,562,5,1,600,56.7
377356,377929,377930,573,1,1,600,57.4
377358,377940,377979,582,39,1,600,15.9230769231
377361,377951,377952,590,1,1,600,59.1
377362,377957,377963,595,6,1,600,60.1
377364,377969,377983,605,14,1,600,44.2142857143
377425,377975,377985,550,10,1,600,56.0
377427,377980,377981,553,1,1,600,55.4
377429,377991,377997,562,6,1,600,56.8
377431,377996,378012,565,16,1,600,36.3125
377432,378002,378009,570,7,1,600,57.7
377437,378007,378013,570,6,1,600,57.6
377439,378015,378054,576,39,1,600,15.7692307692
377440,378021,378031,581,10,1,600,59.1
377441,378026,378053,585,27,1,600,22.6666666667
377443,378031,378038,588,7,1,600,59.5
377444,378037,378068,593,31,1,600,20.1290322581
377446,378042,378064,596,22,1,600,28.0909090909
377508,378053,378061,545,8,1,600,55.3
377510,378061,378066,551,5,1,600,55.6
377511,378066,378067,555,1,1,600,55.6
377513,378072,378078,559,6,1,600,56.5
377514,378077,378084,563,7,1,600,57.0
377515,378083,378089,568,6,1,600,57.4
377517,378088,378095,571,7,1,600,57.8
377518,378095,378100,577,5,1,600,58.2
377519,378100,378106,581,6,1,600,58.7
377521,378106,378124,585,18,1,600,33.5
377522,378111,378116,589,5,1,600,59.4
377524,378117,378139,593,22,1,600,27.9545454545
377525,378122,378123,597,1,1,600,59.8
377526,378127,378128,601,1,1,600,60.2
377588,378133,378161,545,28,1,600,20.4642857143
377589,378145,378153,556,8,1,600,56.4
377592,378156,378168,564,12,1,600,48.0
377593,378162,378169,569,7,1,600,57.6
377594,378167,378187,573,20,1,600,29.65
377596,378173,378181,577,8,1,600,58.5
377597,378178,378218,581,40,1,600,15.525
377598,378183,378192,585,9,1,600,59.4
377600,378189,378198,589,9,1,600,59.8
377601,378196,378217,595,21,1,600,29.3333333333
377602,378201,378202,599,1,1,600,60.0
377604,378206,378324,602,118,1,600,6.10169491525
377605,378212,378218,607,6,1,600,61.3
377667,378219,378224,552,5,1,600,55.7
377668,378224,378230,556,6,1,600,56.2
377668,377726,380640,58,2914,2,7200,1.01990391215
377669,378230,378247,561,17,1,600,34.0
377672,378242,378243,570,1,1,600,57.1
377673,378248,378289,575,41,1,600,15.0243902439
377674,378253,378254,579,1,1,600,58.0
377676,378259,378270,583,11,1,600,54.0
377677,378264,378265,587,1,1,600,58.8
377680,378275,378294,595,19,1,600,32.3157894737
377681,378280,378287,599,7,1,600,60.6
377743,378288,378297,545,9,1,600,55.4
377744,378293,378294,549,1,1,600,55.0
377746,378299,378313,553,14,1,600,40.5
377747,378304,378305,557,1,1,600,55.8
377748,378310,378317,562,7,1,600,56.9
377750,378315,378323,565,8,1,600,57.3
377752,378328,378334,576,6,1,600,58.2
377800,377822,380955,22,3133,2,7200,1.00702202362
377815,378339,378373,524,34,1,600,16.4117647059
377817,378344,378350,527,6,1,600,53.3
377818,378350,378357,532,7,1,600,53.9
377819,378355,378362,536,7,1,600,54.3
377821,378361,378409,540,48,1,600,12.25
377822,378368,378374,546,6,1,600,55.2
377823,378373,378386,550,13,1,600,43.3076923077
377825,378379,378385,554,6,1,600,56.0
377826,378384,378385,558,1,1,600,55.9
377827,378390,378396,563,6,1,600,56.9
377829,378395,378400,566,5,1,600,57.1
377830,378401,378412,571,11,1,600,52.9090909091
377831,378408,378414,577,6,1,600,58.3
377834,378419,378424,585,5,1,600,59.0
377879,377924,381224,45,3300,2,7200,1.01363636364
377895,378424,378429,529,5,1,600,53.4
377897,378430,378435,533,5,1,600,53.8
377898,378435,378446,537,11,1,600,49.8181818182
377900,378441,378446,541,5,1,600,54.6
377901,378446,378452,545,6,1,600,55.1
377902,378464,378469,562,5,1,600,56.7
377905,378475,378485,570,10,1,600,58.0
377907,378481,378490,574,9,1,600,58.3
377908,378486,378493,578,7,1,600,58.5
377909,378491,378534,582,43,1,600,14.5348837209
377942,377964,381281,22,3317,2,7200,1.00663249925
377973,378502,378503,529,1,1,600,53.0
377974,378515,378530,541,15,1,600,37.0666666667
377976,378541,378546,565,5,1,600,57.0
377977,378558,378582,581,24,1,600,25.2083333333
377978,378792,378797,814,5,1,600,81.9
377980,378797,378798,817,1,1,600,81.8
377981,378809,378829,828,20,1,600,42.4
377983,378823,378875,840,52,1,600,17.1538461538
377984,378841,378848,857,7,1,600,86.4
377985,378859,378860,874,1,1,600,87.5
377987,378874,378904,887,30,1,600,30.5666666667
377988,378887,378894,899,7,1,600,90.6
377989,378905,378913,916,8,1,600,92.4
377991,378916,378917,925,1,1,600,92.6
377992,378926,378933,934,7,1,600,94.1
378054,378932,378944,878,12,1,600,74.1666666667
378055,378944,378945,889,1,1,600,89.0
378056,378956,378957,900,1,1,600,90.1
378058,378962,378968,904,6,1,600,91.0
378062,378986,378999,924,13,1,600,72.0769230769
378063,378994,379009,931,15,1,600,63.0666666667
378065,379010,379011,945,1,1,600,94.6
378105,378140,381393,35,3253,2,7200,1.01075929911
378126,379021,379027,895,6,1,600,90.1
378127,379028,379045,901,17,1,600,54.0
378129,379038,379046,909,8,1,600,91.7
378130,379056,379063,926,7,1,600,93.3
378134,379081,379096,947,15,1,600,64.1333333333
378136,379089,379104,953,15,1,600,64.5333333333
378137,379108,379115,971,7,1,600,97.8
378138,379121,379122,983,1,1,600,98.4
378140,379128,379129,988,1,1,600,98.9
378141,379135,379136,994,1,1,600,99.5
378142,379143,379153,1001,10,1,600,101.1
378144,379149,379150,1005,1,1,600,100.6
378145,379162,379169,1017,7,1,600,102.4
378147,379168,379194,1021,26,1,600,40.2692307692
378196,378237,381236,41,2999,2,7200,1.01367122374
378208,379180,379181,972,1,1,600,97.3
378209,379194,379234,985,40,1,600,25.625
378212,379205,379211,993,6,1,600,99.9
378214,378596,385389,382,6793,2,14400,1.0562343589
378214,379222,379223,1008,1,1,600,100.9
378216,379234,379241,1018,7,1,600,102.5
378217,379245,379259,1028,14,1,600,74.4285714286
378218,379252,379306,1034,54,1,600,20.1481481481
378220,379261,379269,1041,8,1,600,104.9
378221,379267,379300,1046,33,1,600,32.696969697
378222,379272,379274,1050,2,1,600,105.2
378224,379278,379287,1054,9,1,600,106.3
378225,379283,379300,1058,17,1,600,63.2352941176
378227,379289,379310,1062,21,1,600,51.5714285714
378288,379298,379586,1010,288,1,600,4.50694444444
378289,379303,379322,1014,19,1,600,54.3684210526
378291,379309,379333,1018,24,1,600,43.4166666667
378292,379314,379315,1022,1,1,600,102.3
378294,379319,379329,1025,10,1,600,103.5
378295,379325,379332,1030,7,1,600,103.7
378297,379330,379342,1033,12,1,600,87.0833333333
378298,379336,379345,1038,9,1,600,104.7
378299,379341,379353,1042,12,1,600,87.8333333333
378301,379347,379360,1046,13,1,600,81.4615384615
378302,379354,379361,1052,7,1,600,105.9
378303,379359,379366,1056,7,1,600,106.3
378305,379365,379378,1060,13,1,600,82.5384615385
378366,379370,379376,1004,6,1,600,101.0
378368,379376,379384,1008,8,1,600,101.6
378369,379381,379425,1012,44,1,600,24.0
378370,379386,379387,1016,1,1,600,101.7
378373,379397,379406,1024,9,1,600,103.3
378375,379403,379419,1028,16,1,600,65.25
378376,379408,379430,1032,22,1,600,47.9090909091
378377,379414,379432,1037,18,1,600,58.6111111111
378379,379419,379420,1040,1,1,600,104.1
378380,379424,379430,1044,6,1,600,105.0
378381,379432,379433,1051,1,1,600,105.2
378383,379437,379453,1054,16,1,600,66.875
378404,378453,381240,49,2787,2,7200,1.01758162899
378444,379443,379568,999,125,1,600,8.992
378446,379448,379454,1002,6,1,600,100.8
378446,378459,381475,13,3016,2,7200,1.00431034483
378447,379454,379463,1007,9,1,600,101.6
378448,379459,379468,1011,9,1,600,102.0
378450,379464,379473,1014,9,1,600,102.3
378452,379470,379478,1018,8,1,600,102.6
378454,379475,379501,1021,26,1,600,40.2692307692
378455,379481,379486,1026,5,1,600,103.1
378457,379486,379492,1029,6,1,600,103.5
378458,379492,379498,1034,6,1,600,104.0
378459,379497,379503,1038,6,1,600,104.4
378461,379516,379522,1055,6,1,600,106.1
378462,379521,379528,1059,7,1,600,106.6
378465,379532,379546,1067,14,1,600,77.2142857143
378527,379538,379545,1011,7,1,600,101.8
378528,379543,379556,1015,13,1,600,79.0769230769
378529,379549,379553,1020,4,1,600,102.4
378531,379554,379555,1023,1,1,600,102.4
378532,379559,379567,1027,8,1,600,103.5
378535,379570,379579,1035,9,1,600,104.4
378536,379578,379595,1042,17,1,600,62.2941176471
378582,378588,381615,6,3027,2,7200,1.00198216056
378598,379583,379588,985,5,1,600,99.0
378599,379589,379594,990,5,1,600,99.5
378600,379594,379595,994,1,1,600,99.5
378633,378640,381664,7,3024,2,7200,1.00231481481
378778,378784,381804,6,3020,2,7200,1.00198675497
378843,379605,379606,762,1,1,600,76.3
378844,378850,381927,6,3077,2,7200,1.00194995125
378845,379611,379620,766,9,1,600,77.5
378906,379616,379617,710,1,1,600,71.1
378908,379622,379629,714,7,1,600,72.1
378909,379627,379628,718,1,1,600,71.9
378910,379632,379640,722,8,1,600,73.0
378912,379638,379643,726,5,1,600,73.1
378973,379645,379646,672,1,1,600,67.3
378975,379651,379653,676,2,1,600,67.8
378976,379658,379664,682,6,1,600,68.8
378977,379663,379672,686,9,1,600,69.5
378979,379668,379669,689,1,1,600,69.0
378982,379679,379705,697,26,1,600,27.8076923077
378983,379684,379711,701,27,1,600,26.962962963
379046,379695,379696,649,1,1,600,65.0
379049,379706,379723,657,17,1,600,39.6470588235
379050,379712,379736,662,24,1,600,28.5833333333
379053,379717,379718,664,1,1,600,66.5
379054,379722,379758,668,36,1,600,19.5555555556
379104,379114,382120,10,3006,2,7200,1.00332667997
379115,379728,379732,613,4,1,600,61.7
379117,379734,379740,617,6,1,600,62.3
379118,379739,379747,621,8,1,600,62.9
379120,379744,379745,624,1,1,600,62.5
379121,379750,379759,629,9,1,600,63.8
379122,379755,379756,633,1,1,600,63.4
379184,379761,379767,577,6,1,600,58.3
379185,379766,379777,581,11,1,600,53.8181818182
379187,379772,379777,585,5,1,600,59.0
379188,379777,379786,589,9,1,600,59.8
379189,379782,379787,593,5,1,600,59.8
379192,379793,379794,601,1,1,600,60.2
379255,379804,379808,549,4,1,600,55.3
379258,379818,379819,560,1,1,600,56.1
379321,379834,379835,513,1,1,600,51.4
379322,379840,379846,518,6,1,600,52.4
379324,379845,379873,521,28,1,600,19.6071428571
379325,379851,379869,526,18,1,600,30.2222222222
379326,379856,379889,530,33,1,600,17.0606060606
379328,379862,379871,534,9,1,600,54.3
379329,379867,379884,538,17,1,600,32.6470588235
379331,379872,379878,541,6,1,600,54.7
379332,379878,379908,546,30,1,600,19.2
379334,379883,379884,549,1,1,600,55.0
379398,379908,379909,510,1,1,600,51.1
379399,379913,379919,514,6,1,600,52.0
379401,379919,379927,518,8,1,600,52.6
379402,379924,379929,522,5,1,600,52.7
379404,379930,379935,526,5,1,600,53.1
379405,379935,379938,530,3,1,600,53.3
379408,379946,379982,538,36,1,600,15.9444444444
379411,379963,379974,552,11,1,600,51.1818181818
379412,379979,379980,567,1,1,600,56.8
379413,379985,379989,572,4,1,600,57.6
379415,379990,379991,575,1,1,600,57.6
379430,379505,382712,75,3207,2,7200,1.02338634238
379476,379996,380005,520,9,1,600,52.9
379478,380001,380038,523,37,1,600,15.1351351351
379479,380014,380025,535,11,1,600,49.6363636364
379481,380020,380021,539,1,1,600,54.0
379482,380025,380030,543,5,1,600,54.8
379483,380031,380110,548,79,1,600,7.93670886076
379485,380036,380044,551,8,1,600,55.9
379486,380042,380117,556,75,1,600,8.41333333333
379487,380047,380081,560,34,1,600,17.4705882353
379489,380052,380053,563,1,1,600,56.4
379490,379511,382558,21,3047,2,7200,1.00689202494
379492,380063,380064,571,1,1,600,57.2
379494,380074,380080,580,6,1,600,58.6
379556,380080,380087,524,7,1,600,53.1
379557,380085,380091,528,6,1,600,53.4
379560,380096,380103,536,7,1,600,54.3
379563,380107,380124,544,17,1,600,33.0
379564,380113,380120,549,7,1,600,55.6
379566,380118,380125,552,7,1,600,55.9
379567,380123,380130,556,7,1,600,56.3
379570,380134,380139,564,5,1,600,56.9
379571,380139,380140,568,1,1,600,56.9
379573,380145,380148,572,3,1,600,57.5
379574,380150,380223,576,73,1,600,8.8904109589
379575,380156,380190,581,34,1,600,18.0882352941
379637,380161,380162,524,1,1,600,52.5
379638,380175,380191,537,16,1,600,34.5625
379640,380181,380186,541,5,1,600,54.6
379641,380186,380204,545,18,1,600,31.2777777778
379642,380192,380207,550,15,1,600,37.6666666667
379644,380201,380205,557,4,1,600,56.1
379645,380209,380223,564,14,1,600,41.2857142857
379646,380215,380236,569,21,1,600,28.0952380952
379648,380220,380230,572,10,1,600,58.2
379649,380226,380267,577,41,1,600,15.0731707317
379651,380231,380237,580,6,1,600,58.6
379653,380236,380244,583,8,1,600,59.1
379655,380242,380248,587,6,1,600,59.3
379656,380247,380254,591,7,1,600,59.8
379657,380253,380260,596,7,1,600,60.3
379659,380259,380274,600,15,1,600,41.0
379720,380265,380266,545,1,1,600,54.6
379722,380270,380379,548,109,1,600,6.02752293578
379725,380281,380282,556,1,1,600,55.7
379726,380287,380291,561,4,1,600,56.5
379727,380292,380295,565,3,1,600,56.8
379729,380298,380304,569,6,1,600,57.5
379730,380303,380304,573,1,1,600,57.4
379731,380309,380324,578,15,1,600,39.5333333333
379733,380322,380324,589,2,1,600,59.1
379734,380352,380359,618,7,1,600,62.5
379797,380363,380375,566,12,1,600,48.1666666667
379800,380374,380377,574,3,1,600,57.7
379801,380379,380386,578,7,1,600,58.5
379804,380390,380400,586,10,1,600,59.6
379805,380396,380418,591,22,1,600,27.8636363636
379807,380401,380411,594,10,1,600,60.4
379809,380407,380412,598,5,1,600,60.3
379810,380412,380432,602,20,1,600,31.1
379811,380417,380432,606,15,1,600,41.4
379813,380423,380428,610,5,1,600,61.5
379814,380428,380434,614,6,1,600,62.0
379815,380434,380487,619,53,1,600,12.679245283
379817,380439,380444,622,5,1,600,62.7
379818,380445,380451,627,6,1,600,63.3
379820,380452,380453,632,1,1,600,63.3
379881,380458,380468,577,10,1,600,58.7
379882,380463,380482,581,19,1,600,31.5789473684
379884,380469,380481,585,12,1,600,49.75
379885,380475,380491,590,16,1,600,37.875
379887,380480,380497,593,17,1,600,35.8823529412
379888,380486,380493,598,7,1,600,60.5
379889,380491,380532,602,41,1,600,15.6829268293
379892,380497,380501,605,4,1,600,60.9
379903,380502,380503,599,1,1,600,60.0
379904,380508,380525,604,17,1,600,36.5294117647
379906,380513,380514,607,1,1,600,60.8
379907,380518,380521,611,3,1,600,61.4
379980,380524,380532,544,8,1,600,55.2
379981,380529,380530,548,1,1,600,54.9
379983,380535,380566,552,31,1,600,18.8064516129
379985,380546,380547,561,1,1,600,56.2
379987,380555,380558,568,3,1,600,57.1
379988,380560,380570,572,10,1,600,58.2
379990,380566,380572,576,6,1,600,58.2
379991,380571,380580,580,9,1,600,58.9
379992,380577,380584,585,7,1,600,59.2
379994,380582,380605,588,23,1,600,26.5652173913
379996,380593,380599,597,6,1,600,60.3
379999,380604,380611,605,7,1,600,61.2
380001,380009,382832,8,2823,2,7200,1.00283386468
380019,380170,383241,151,3071,2,7200,1.04916965158
380060,380610,380619,550,9,1,600,55.9
380062,380615,380634,553,19,1,600,30.1052631579
380063,380621,380635,558,14,1,600,40.8571428571
380065,380626,380635,561,9,1,600,57.0
380066,380632,380983,566,351,1,600,2.61253561254
380067,380637,380659,570,22,1,600,26.9090909091
380069,380643,380652,574,9,1,600,58.3
380070,380649,380680,579,31,1,600,19.6774193548
380072,380654,380660,582,6,1,600,58.8
380133,380668,380676,535,8,1,600,54.3
380134,380674,380743,540,69,1,600,8.82608695652
380136,380679,380816,543,137,1,600,4.96350364964
380137,380685,380691,548,6,1,600,55.4
380139,380690,380691,551,1,1,600,55.2
380141,380701,380709,560,8,1,600,56.8
380143,380707,380731,564,24,1,600,24.5
380144,380712,380713,568,1,1,600,56.9
380146,380718,380724,572,6,1,600,57.8
380147,380723,380728,576,5,1,600,58.1
380148,380729,380741,581,12,1,600,49.4166666667
380150,380734,380740,584,6,1,600,59.0
380151,380740,380741,589,1,1,600,59.0
380153,380747,380752,594,5,1,600,59.9
380154,380753,380761,599,8,1,600,60.7
380155,380758,380763,603,5,1,600,60.8
380157,380764,380794,607,30,1,600,21.2333333333
380206,380331,383339,125,3008,2,7200,1.04155585106
380218,380769,380776,551,7,1,600,55.8
380220,380774,380799,554,25,1,600,23.16
380221,380780,380992,559,212,1,600,3.63679245283
380222,380785,380804,563,19,1,600,30.6315789474
380224,380790,380799,566,9,1,600,57.5
380225,380796,380800,571,4,1,600,57.5
380227,380801,380808,574,7,1,600,58.1
380229,380347,385001,118,4654,2,14400,1.02535453373
380257,380336,383166,79,2830,2,7200,1.02791519435
380288,380807,380814,519,7,1,600,52.6
380290,380812,380816,522,4,1,600,52.6
380291,380820,380825,529,5,1,600,53.4
380292,380825,380846,533,21,1,600,26.380952381
380294,380831,380845,537,14,1,600,39.3571428571
380295,380836,380844,541,8,1,600,54.9
380296,380342,383580,46,3238,2,7200,1.01420630019
380297,380841,380954,544,113,1,600,5.81415929204
380298,380847,380857,549,10,1,600,55.9
380299,380852,380865,553,13,1,600,43.5384615385
380301,380858,380871,557,13,1,600,43.8461538462
380302,380863,380864,561,1,1,600,56.2
380304,380869,380874,565,5,1,600,57.0
380305,380874,380875,569,1,1,600,57.0
380308,380885,380894,577,9,1,600,58.6
380309,380891,380896,582,5,1,600,58.7
380311,380898,380905,587,7,1,600,59.4
380312,380904,380907,592,3,1,600,59.5
380382,380909,380922,527,13,1,600,41.5384615385
380384,380915,380927,531,12,1,600,45.25
380386,380920,380921,534,1,1,600,53.5
380387,380925,380931,538,6,1,600,54.4
380388,380931,380941,543,10,1,600,55.3
380390,380936,380961,546,25,1,600,22.84
380391,380942,380948,551,6,1,600,55.7
380392,380947,380955,555,8,1,600,56.3
380394,380952,380953,558,1,1,600,55.9
380395,380958,380959,563,1,1,600,56.4
380457,380963,380964,506,1,1,600,50.7
380461,380987,380988,526,1,1,600,52.7
380462,380993,381021,531,28,1,600,19.9642857143
380464,380998,381005,534,7,1,600,54.1
380465,381003,381021,538,18,1,600,30.8888888889
380466,381009,381015,543,6,1,600,54.9
380468,381014,381020,546,6,1,600,55.2
380471,381025,381065,554,40,1,600,14.85
380534,381036,381041,502,5,1,600,50.7
380535,381042,381049,507,7,1,600,51.4
380537,381047,381048,510,1,1,600,51.1
380538,381053,381097,515,44,1,600,12.7045454545
380539,381060,381066,521,6,1,600,52.7
380541,381066,381073,525,7,1,600,53.2
380542,381071,381081,529,10,1,600,53.9
380544,381076,381100,532,24,1,600,23.1666666667
380545,381082,381090,537,8,1,600,54.5
380546,381087,381088,541,1,1,600,54.2
380548,381093,381111,545,18,1,600,31.2777777778
380549,381098,381104,549,6,1,600,55.5
380551,381104,381141,553,37,1,600,15.9459459459
380552,381109,381116,557,7,1,600,56.4
380555,381120,381132,565,12,1,600,48.0833333333
380617,381126,381129,509,3,1,600,51.2
380618,381131,381138,513,7,1,600,52.0
380620,381138,381146,518,8,1,600,52.6
380622,381144,381148,522,4,1,600,52.6
380623,381149,381441,526,292,1,600,2.80136986301
380626,381160,381171,534,11,1,600,49.5454545455
380627,381166,381328,539,162,1,600,4.32716049383
380629,381171,381183,542,12,1,600,46.1666666667
380632,381182,381183,550,1,1,600,55.1
380633,381187,381188,554,1,1,600,55.5
380644,380663,383798,19,3135,2,7200,1.00606060606
380695,381193,381235,498,42,1,600,12.8571428571
380697,381198,381199,501,1,1,600,50.2
380699,381204,381214,505,10,1,600,51.5
380700,381211,381220,511,9,1,600,52.0
380703,381222,381229,519,7,1,600,52.6
380704,381227,381236,523,9,1,600,53.2
380708,381238,381243,530,5,1,600,53.5
380709,381243,381250,534,7,1,600,54.1
380710,381249,381259,539,10,1,600,54.9
380772,381254,381282,482,28,1,600,18.2142857143
380775,381265,381271,490,6,1,600,49.6
380776,381270,381275,494,5,1,600,49.9
380778,381276,381282,498,6,1,600,50.4
380779,381300,381379,521,79,1,600,7.59493670886
380780,381305,381306,525,1,1,600,52.6
380782,381310,381329,528,19,1,600,28.7894736842
380785,381321,381322,536,1,1,600,53.7
380786,381327,381335,541,8,1,600,54.9
380788,381344,381355,556,11,1,600,51.5454545455
380789,381350,381361,561,11,1,600,52.0
380851,381358,381453,507,95,1,600,6.33684210526
380853,381363,381370,510,7,1,600,51.7
380856,381368,381376,512,8,1,600,52.0
380857,381381,381385,524,4,1,600,52.8
380860,381393,381394,533,1,1,600,53.4
380861,381401,381533,540,132,1,600,5.09090909091
380863,381406,381455,543,49,1,600,12.0816326531
380864,381411,381437,547,26,1,600,22.0384615385
380866,381448,381481,582,33,1,600,18.6363636364
380867,381455,381462,588,7,1,600,59.5
380868,381464,381469,596,5,1,600,60.1
380870,381471,381480,601,9,1,600,61.0
380871,381478,381479,607,1,1,600,60.8
380872,381492,381528,620,36,1,600,18.2222222222
380874,381498,381502,624,4,1,600,62.8
380936,381503,381517,567,14,1,600,41.5
380937,381515,381551,578,36,1,600,17.0555555556
380938,381529,381536,591,7,1,600,59.8
380940,381539,381558,599,19,1,600,32.5263157895
380941,381546,381547,605,1,1,600,60.6
380943,381553,381561,610,8,1,600,61.8
380944,381560,381566,616,6,1,600,62.2
380945,381567,381575,622,8,1,600,63.0
380947,381574,381579,627,5,1,600,63.2
380948,381580,381590,632,10,1,600,64.2
380949,381588,381592,639,4,1,600,64.3
380951,381593,381621,642,28,1,600,23.9285714286
380952,381599,381672,647,73,1,600,9.86301369863
380954,394239,394251,13285,12,2,600,1108.08333333
380954,381607,381615,653,8,1,600,66.1
380956,380976,383922,20,2946,2,7200,1.00678886626
381015,381612,381613,597,1,1,600,59.8
381017,381629,381636,612,7,1,600,61.9
381018,381636,381644,618,8,1,600,62.6
381019,381642,381643,623,1,1,600,62.4
381021,381649,381654,628,5,1,600,63.3
381022,381656,381663,634,7,1,600,64.1
381024,381662,381667,638,5,1,600,64.3
381025,381668,381678,643,10,1,600,65.3
381026,381682,381835,656,153,1,600,5.28758169935
381028,381689,381690,661,1,1,600,66.2
381029,381694,381703,665,9,1,600,67.4
381031,381701,381702,670,1,1,600,67.1
381032,381707,381708,675,1,1,600,67.6
381033,381713,381714,680,1,1,600,68.1
381035,381721,381729,686,8,1,600,69.4
381036,381726,381747,690,21,1,600,33.8571428571
381037,381733,381761,696,28,1,600,25.8571428571
381039,381740,381746,701,6,1,600,70.7
381100,381758,381762,658,4,1,600,66.2
381102,381764,381765,662,1,1,600,66.3
381103,381772,381773,669,1,1,600,67.0
381105,381779,381785,674,6,1,600,68.0
381106,381785,381830,679,45,1,600,16.0888888889
381107,381791,381802,684,11,1,600,63.1818181818
381109,381798,381946,689,148,1,600,5.65540540541
381110,381842,381984,732,142,1,600,6.15492957746
381112,381848,381983,736,135,1,600,6.45185185185
381113,381957,381958,844,1,1,600,84.5
381115,381969,381979,854,10,1,600,86.4
381116,381990,382032,874,42,1,600,21.8095238095
381179,382006,382038,827,32,1,600,26.84375
381180,382013,382021,833,8,1,600,84.1
381182,382033,382098,851,65,1,600,14.0923076923
381183,382043,382044,860,1,1,600,86.1
381185,382051,382058,866,7,1,600,87.3
381186,382058,382075,872,17,1,600,52.2941176471
381187,382069,382078,882,9,1,600,89.1
381189,382086,382100,897,14,1,600,65.0714285714
381190,382093,382113,903,20,1,600,46.15
381192,382109,382115,917,6,1,600,92.3
381193,382116,382117,923,1,1,600,92.4
381195,382124,382138,929,14,1,600,67.3571428571
381196,382137,382155,941,18,1,600,53.2777777778
381197,382149,382159,952,10,1,600,96.2
381225,381283,384353,58,3070,2,7200,1.01889250814
381240,381289,384299,49,3010,2,7200,1.01627906977
381242,381294,384320,52,3026,2,7200,1.01718440185
381259,382166,382172,907,6,1,600,91.3
381260,382174,382175,914,1,1,600,91.5
381262,382183,382188,921,5,1,600,92.6
381263,382189,382205,926,16,1,600,58.875
381265,382200,382244,935,44,1,600,22.25
381266,382216,382227,950,11,1,600,87.3636363636
381267,382241,382515,974,274,1,600,4.55474452555
381270,382268,382281,998,13,1,600,77.7692307692
381272,382292,382293,1020,1,1,600,102.1
381273,382305,382313,1032,8,1,600,104.0
381274,382325,382334,1051,9,1,600,106.0
381284,381334,384567,50,3233,2,7200,1.01546551191
381307,381339,383926,32,2587,2,14400,1.01236954001
381336,382346,382354,1010,8,1,600,101.8
381337,382366,382374,1029,8,1,600,103.7
381339,382385,382392,1046,7,1,600,105.3
381340,382404,382409,1064,5,1,600,106.9
381341,382432,382455,1091,23,1,600,48.4347826087
381343,382438,382476,1095,38,1,600,29.8157894737
381344,382443,382460,1099,17,1,600,65.6470588235
381346,382449,382467,1103,18,1,600,62.2777777778
381347,382454,382465,1107,11,1,600,101.636363636
381348,382460,382466,1112,6,1,600,111.8
381367,381376,381682,9,306,1,300,1.02941176471
381396,381419,384442,23,3023,2,7200,1.00760833609
381410,382465,382472,1055,7,1,600,106.2
381411,382471,382480,1060,9,1,600,106.9
381413,382477,382484,1064,7,1,600,107.1
381414,382482,382495,1068,13,1,600,83.1538461538
381415,382488,382489,1073,1,1,600,107.4
381417,382493,382499,1076,6,1,600,108.2
381418,382499,382503,1081,4,1,600,108.5
381419,382504,382510,1085,6,1,600,109.1
381477,381485,384366,8,2881,2,7200,1.00277681361
381481,382510,382533,1029,23,1,600,45.7391304348
381482,382574,382637,1092,63,1,600,18.3333333333
381484,382580,382581,1096,1,1,600,109.7
381485,382604,382607,1119,3,1,600,112.2
381486,382619,382625,1133,6,1,600,113.9
381488,382636,382641,1148,5,1,600,115.3
381489,382649,382658,1160,9,1,600,116.9
381490,382657,382662,1167,5,1,600,117.2
381492,382670,382684,1178,14,1,600,85.1428571429
381553,382677,382690,1124,13,1,600,87.4615384615
381555,382696,382704,1141,8,1,600,114.9
381556,382702,382703,1146,1,1,600,114.7
381557,382714,382733,1157,19,1,600,61.8947368421
381559,382727,382737,1168,10,1,600,117.8
381560,382733,382741,1173,8,1,600,118.1
381561,382739,382750,1178,11,1,600,108.090909091
381616,381622,384572,6,2950,2,7200,1.00203389831
381623,382746,382765,1123,19,1,600,60.1052631579
381625,382752,382898,1127,146,1,600,8.71917808219
381626,382758,382759,1132,1,1,600,113.3
381627,382766,382772,1139,6,1,600,114.5
381629,382772,382779,1143,7,1,600,115.0
381630,382780,382786,1150,6,1,600,115.6
381633,382787,382793,1154,6,1,600,116.0
381637,382793,382794,1156,1,1,600,115.7
381639,382801,382805,1162,4,1,600,116.6
381640,382808,382814,1168,6,1,600,117.4
381642,382813,382831,1171,18,1,600,66.0555555556
381668,381675,384595,7,2920,2,7200,1.00239726027
381703,382819,382845,1116,26,1,600,43.9230769231
381706,382844,382860,1138,16,1,600,72.125
381707,382851,382859,1144,8,1,600,115.2
381709,382857,382897,1148,40,1,600,29.7
381710,382862,382867,1152,5,1,600,115.7
381713,382875,382882,1162,7,1,600,116.9
381714,382881,382898,1167,17,1,600,69.6470588235
381716,382887,382905,1171,18,1,600,66.0555555556
381779,382900,382907,1121,7,1,600,112.8
381780,382907,382921,1127,14,1,600,81.5
381781,382914,382922,1133,8,1,600,114.1
381783,382919,382937,1136,18,1,600,64.1111111111
381784,382924,382932,1140,8,1,600,114.8
381785,382931,382953,1146,22,1,600,53.0909090909
381788,382944,382957,1156,13,1,600,89.9230769231
381807,381814,384901,7,3087,2,7200,1.0022675737
381850,382949,382959,1099,10,1,600,110.9
381851,382954,382974,1103,20,1,600,56.15
381852,382961,382969,1109,8,1,600,111.7
381854,382967,382968,1113,1,1,600,111.4
381930,381936,384676,6,2740,2,7200,1.00218978102
381975,382974,383005,999,31,1,600,33.2258064516
381977,382979,382987,1002,8,1,600,101.0
382038,382985,382990,947,5,1,600,95.2
382039,382992,383001,953,9,1,600,96.2
382041,382997,383003,956,6,1,600,96.2
382042,383002,383011,960,9,1,600,96.9
382045,383015,383021,970,6,1,600,97.6
382047,383023,383034,976,11,1,600,89.7272727273
382108,383028,383037,920,9,1,600,92.9
382111,383039,383040,928,1,1,600,92.9
382112,383045,383050,933,5,1,600,93.8
382114,383052,383063,938,11,1,600,86.2727272727
382115,383057,383066,942,9,1,600,95.1
382123,382132,385313,9,3181,2,7200,1.00282929896
382167,382427,383551,260,1124,2,14400,1.23131672598
382176,383062,383063,886,1,1,600,88.7
382178,383068,383098,890,30,1,600,30.6666666667
382180,383098,383128,918,30,1,600,31.6
382181,383105,383106,924,1,1,600,92.5
382182,383110,383111,928,1,1,600,92.9
382184,383116,383178,932,62,1,600,16.0322580645
382185,383121,383178,936,57,1,600,17.4210526316
382187,383127,383132,940,5,1,600,94.5
382250,383138,383144,888,6,1,600,89.4
382251,383146,383158,895,12,1,600,75.5833333333
382253,383151,383155,898,4,1,600,90.2
382314,383156,383174,842,18,1,600,47.7777777778
382316,383164,383175,848,11,1,600,78.0909090909
382317,383171,383189,854,18,1,600,48.4444444444
382378,383176,383205,798,29,1,600,28.5172413793
382380,383188,383189,808,1,1,600,80.9
382381,383196,383199,815,3,1,600,81.8
382383,383203,383210,820,7,1,600,82.7
382419,382545,389808,126,7263,16,7200,1.01734820322
382444,383208,383517,764,309,1,600,3.47249190939
382446,383214,383225,768,11,1,600,70.8181818182
382507,383219,383225,712,6,1,600,71.8
382509,383224,383243,715,19,1,600,38.6315789474
382510,383230,383231,720,1,1,600,72.1
382511,383237,383254,726,17,1,600,43.7058823529
382513,383242,383560,729,318,1,600,3.29245283019
382514,383247,383261,733,14,1,600,53.3571428571
382516,383253,383254,737,1,1,600,73.8
382517,383258,383263,741,5,1,600,74.6
382519,383270,383276,751,6,1,600,75.7
382520,383276,383298,756,22,1,600,35.3636363636
382522,383281,383337,759,56,1,600,14.5535714286
382523,383286,383292,763,6,1,600,76.9
382524,383292,383432,768,140,1,600,6.48571428571
382526,383299,383324,773,25,1,600,31.92
382527,383304,383305,777,1,1,600,77.8
382544,383623,390499,1079,6876,16,14400,1.15692262944
382561,382567,385501,6,2934,2,7200,1.00204498978
382590,383310,383317,720,7,1,600,72.7
382592,383316,383325,724,9,1,600,73.3
382665,383324,383331,659,7,1,600,66.6
382667,383329,383337,662,8,1,600,67.0
382668,383335,383342,667,7,1,600,67.4
382670,383342,383348,672,6,1,600,67.8
382671,383347,383369,676,22,1,600,31.7272727273
382672,383353,383364,681,11,1,600,62.9090909091
382715,382721,385828,6,3107,2,7200,1.00193112327
382735,383365,383366,630,1,1,600,63.1
382737,383371,383378,634,7,1,600,64.1
382738,383376,383401,638,25,1,600,26.52
382739,383382,383385,643,3,1,600,64.6
382741,383387,383392,646,5,1,600,65.1
382804,383392,383400,588,8,1,600,59.6
382806,383398,383435,592,37,1,600,17.0
382807,383405,383417,598,12,1,600,50.8333333333
382808,383411,383419,603,8,1,600,61.1
382810,383416,383421,606,5,1,600,61.1
382811,383422,383432,611,10,1,600,62.1
382813,383427,383428,614,1,1,600,61.5
382814,383433,383434,619,1,1,600,62.0
382815,383440,383445,625,5,1,600,63.0
382817,383445,383450,628,5,1,600,63.3
382818,383451,383462,633,11,1,600,58.5454545455
382820,383456,383472,636,16,1,600,40.75
382832,382838,386106,6,3268,2,7200,1.00183598531
382883,383462,383470,579,8,1,600,58.7
382884,383467,383527,583,60,1,600,10.7166666667
382886,383475,383481,589,6,1,600,59.5
382888,383486,383496,598,10,1,600,60.8
382890,383492,383505,602,13,1,600,47.3076923077
382892,383497,383503,605,6,1,600,61.1
382894,383503,383510,609,7,1,600,61.6
382946,383814,390740,868,6926,2,21600,1.12532486284
382957,383508,383515,551,7,1,600,55.8
382959,383515,383528,556,13,1,600,43.7692307692
382960,383520,383527,560,7,1,600,56.7
382961,383526,383527,565,1,1,600,56.6
382963,383531,383543,568,12,1,600,48.3333333333
382964,383537,383541,573,4,1,600,57.7
382966,383542,383543,576,1,1,600,57.7
382967,383550,383560,583,10,1,600,59.3
382968,383555,383564,587,9,1,600,59.6
382970,383561,383611,591,50,1,600,12.82
382971,383566,383572,595,6,1,600,60.1
382973,383572,383578,599,6,1,600,60.5
382974,383577,383583,603,6,1,600,60.9
382976,383583,383584,607,1,1,600,60.8
382977,383588,383589,611,1,1,600,61.2
382979,384336,384337,1357,1,1,600,135.8
382980,384342,384346,1362,4,1,600,136.6
383041,384349,384354,1308,5,1,600,131.3
383043,384358,384359,1315,1,1,600,131.6
383044,384371,384389,1327,18,1,600,74.7222222222
383045,384406,384413,1361,7,1,600,136.8
383047,384426,384432,1379,6,1,600,138.5
383048,384443,384448,1395,5,1,600,140.0
383050,384579,384592,1529,13,1,600,118.615384615
383051,384585,384586,1534,1,1,600,153.5
383053,384598,384638,1545,40,1,600,39.625
383055,384662,384694,1607,32,1,600,51.21875
383057,384705,384717,1648,12,1,600,138.333333333
383120,384741,384749,1621,8,1,600,162.9
383123,384776,384784,1653,8,1,600,166.1
383124,384796,384807,1672,11,1,600,153.0
383126,384818,384830,1692,12,1,600,142.0
383127,384841,384858,1714,17,1,600,101.823529412
383168,383182,386197,14,3015,2,7200,1.00464344942
383189,384869,384879,1680,10,1,600,169.0
383190,384890,384912,1700,22,1,600,78.2727272727
383192,384925,384943,1733,18,1,600,97.2777777778
383196,384954,384955,1758,1,1,600,175.9
383198,384966,384971,1768,5,1,600,177.3
383201,384984,384985,1783,1,1,600,178.4
383203,384996,385018,1793,22,1,600,82.5
383204,385013,385049,1809,36,1,600,51.25
383205,385019,385025,1814,6,1,600,182.0
383209,385036,385072,1827,36,1,600,51.75
383210,385043,385050,1833,7,1,600,184.0
383212,385075,385084,1863,9,1,600,187.2
383213,385082,385089,1869,7,1,600,187.6
383244,383265,386244,21,2979,2,7200,1.00704934542
383277,385096,385105,1819,9,1,600,182.8
383278,385104,385110,1826,6,1,600,183.2
383280,385109,385125,1829,16,1,600,115.3125
383281,385121,385130,1840,9,1,600,184.9
383284,385128,385131,1844,3,1,600,184.7
383285,385137,385144,1852,7,1,600,185.9
383287,385144,385149,1857,5,1,600,186.2
383288,385149,385170,1861,21,1,600,89.619047619
383290,385156,385157,1866,1,1,600,186.7
383340,394021,394675,10681,654,1,3600,17.3318042813
383341,383360,386590,19,3230,2,7200,1.00588235294
383352,385163,385164,1811,1,1,600,181.2
383354,385182,385183,1828,1,1,600,182.9
383355,385194,385195,1839,1,1,600,184.0
383357,385207,385222,1850,15,1,600,124.333333333
383358,385234,385318,1876,84,1,600,23.3333333333
383360,385332,385344,1972,12,1,600,165.333333333
383361,385355,385364,1994,9,1,600,200.3
383365,385399,385428,2034,29,1,600,71.1379310345
383367,385407,385421,2040,14,1,600,146.714285714
383428,385412,385443,1984,31,1,600,65.0
383430,385433,385440,2003,7,1,600,201.0
383433,385451,385455,2018,4,1,600,202.2
383434,385458,385479,2024,21,1,600,97.380952381
383436,385464,385481,2028,17,1,600,120.294117647
383437,385470,385486,2033,16,1,600,128.0625
383439,385490,385491,2051,1,1,600,205.2
383441,385497,385501,2056,4,1,600,206.0
383442,385502,385503,2060,1,1,600,206.1
383443,385515,385516,2072,1,1,600,207.3
383445,385520,385521,2075,1,1,600,207.6
383446,385527,385538,2081,11,1,600,190.181818182
383448,385534,385535,2086,1,1,600,208.7
383449,385546,385557,2097,11,1,600,191.636363636
383451,385553,385560,2102,7,1,600,210.9
383453,385568,385581,2115,13,1,600,163.692307692
383514,385592,385593,2078,1,1,600,207.9
383516,385604,385605,2088,1,1,600,208.9
383517,385616,385672,2099,56,1,600,38.4821428571
383519,385682,385694,2163,12,1,600,181.25
383520,385689,385695,2169,6,1,600,217.5
383522,385705,385706,2183,1,1,600,218.4
383523,385712,385717,2189,5,1,600,219.4
383524,385720,385728,2196,8,1,600,220.4
383526,389997,390006,6471,9,1,600,648.0
383527,390002,390009,6475,7,1,600,648.2
383529,390018,390035,6489,17,1,600,382.705882353
383530,390024,390057,6494,33,1,600,197.787878788
383582,383596,386554,14,2958,2,7200,1.00473292765
383592,390047,390067,6455,20,1,600,323.75
383593,390069,390081,6476,12,1,600,540.666666667
383595,390085,390156,6490,71,1,600,92.4084507042
383596,390099,390251,6503,152,1,600,43.7828947368
383598,390168,390169,6570,1,1,600,657.1
383601,390199,390205,6598,6,1,600,660.4
383602,390217,390218,6615,1,1,600,661.6
383604,390230,390302,6626,72,1,600,93.0277777778
383605,390263,390269,6658,6,1,600,666.4
383607,390282,390295,6675,13,1,600,514.461538462
383608,390307,390317,6699,10,1,600,670.9
383610,390314,390323,6704,9,1,600,671.3
383612,390329,390339,6717,10,1,600,672.7
383613,390336,390342,6723,6,1,600,672.9
383675,384028,396668,353,12640,2,21600,1.02792721519
383799,383806,386698,7,2892,2,7200,1.00242047026
383872,383878,386938,6,3060,2,7200,1.00196078431
383873,383885,386894,12,3009,2,7200,1.00398803589
383875,383891,386786,16,2895,2,7200,1.00552677029
383876,383897,386821,21,2924,2,7200,1.00718194254
383878,383902,386809,24,2907,2,7200,1.00825593395
383879,383908,387227,29,3319,2,7200,1.00873757156
383881,383914,386947,33,3033,2,7200,1.01088031652
383883,383920,386908,37,2988,2,7200,1.01238286479
383884,383925,386801,41,2876,2,7200,1.01425591099
383886,383931,387034,45,3103,2,7200,1.01450209475
383887,383936,386986,49,3050,2,7200,1.01606557377
383889,383942,386875,53,2933,2,7200,1.01807023525
383890,383947,386787,57,2840,2,7200,1.02007042254
383892,383952,387124,60,3172,2,7200,1.01891551072
383893,383958,386892,65,2934,2,7200,1.0221540559
383895,383963,386885,68,2922,2,7200,1.02327173169
383896,383969,386935,73,2966,2,7200,1.02461227242
383898,383977,387053,79,3076,2,7200,1.02568270481
383899,383983,387244,84,3261,2,7200,1.02575896964
383901,383988,387042,87,3054,2,7200,1.02848722986
383902,383993,386896,91,2903,2,7200,1.03134688254
383904,383999,386880,95,2881,2,7200,1.03297466158
383905,384004,386991,99,2987,2,7200,1.03314362236
383906,384010,387237,104,3227,2,7200,1.03222807561
383908,384015,387053,107,3038,2,7200,1.03522053983
383923,384022,387048,99,3026,2,7200,1.03271645737
384111,384315,418633,204,34318,1,604800,1.00594440235
384234,384320,418992,86,34672,1,604800,1.00248038763
384301,384307,387307,6,3000,2,7200,1.002
384322,384330,387260,8,2930,2,7200,1.00273037543
384356,384366,387520,10,3154,2,7200,1.00317057705
384371,384378,387271,7,2893,2,7200,1.0024196336
384401,390362,390398,5961,36,1,600,166.583333333
384402,390368,390386,5966,18,1,600,332.444444444
384403,390398,390399,5995,1,1,600,599.6
384405,390411,390418,6006,7,1,600,601.3
384406,390416,390430,6010,14,1,600,430.285714286
384443,384450,387445,7,2995,2,7200,1.00233722871
384450,384461,387927,11,3466,2,14400,1.00317368725
384468,390430,390437,5962,7,1,600,596.9
384469,390442,390450,5973,8,1,600,598.1
384567,384573,387624,6,3051,2,7200,1.00196656834
384582,384592,387583,10,2991,2,7200,1.00334336342
384592,390478,390568,5886,90,1,600,66.4
384597,384607,387651,10,3044,2,7200,1.00328515112
384654,390484,390485,5830,1,1,600,583.1
384656,390497,390502,5841,5,1,600,584.6
384657,390510,390529,5853,19,1,600,309.052631579
384679,384689,387661,10,2972,2,7200,1.00336473755
384719,390515,390520,5796,5,1,600,580.1
384780,390523,390532,5743,9,1,600,575.2
384782,390528,390547,5746,19,1,600,303.421052632
384783,390534,390557,5751,23,1,600,251.043478261
384784,390540,390556,5756,16,1,600,360.75
384846,390545,390552,5699,7,1,600,570.6
384847,390558,390564,5711,6,1,600,571.7
384902,384912,387934,10,3022,2,7200,1.00330906684
384910,390570,390607,5660,37,1,600,153.972972973
384912,390577,390583,5665,6,1,600,567.1
384973,390582,390605,5609,23,1,600,244.869565217
384974,390587,390592,5613,5,1,600,561.8
384976,390592,390599,5616,7,1,600,562.3
385039,390605,390610,5566,5,1,600,557.1
385041,390612,390621,5571,9,1,600,558.0
385042,390617,390625,5575,8,1,600,558.3
385043,390623,390637,5580,14,1,600,399.571428571
385105,390630,390717,5525,87,1,600,64.5057471264
385106,390635,390642,5529,7,1,600,553.6
385118,390653,390657,5535,4,1,600,553.9
385119,390660,390667,5541,7,1,600,554.8
385121,390665,390674,5544,9,1,600,555.3
385122,390671,390686,5549,15,1,600,370.933333333
385162,385175,397868,13,12693,2,21600,1.00102418656
385184,390676,390693,5492,17,1,600,324.058823529
385185,390681,390695,5496,14,1,600,393.571428571
385187,390687,390700,5500,13,1,600,424.076923077
385188,390694,390701,5506,7,1,600,551.3
385190,390699,390718,5509,19,1,600,290.947368421
385193,390717,390724,5524,7,1,600,553.1
385194,390722,390735,5528,13,1,600,426.230769231
385196,390727,390736,5531,9,1,600,554.0
385257,390733,390741,5476,8,1,600,548.4
385259,390738,390744,5479,6,1,600,548.5
385316,385325,388366,9,3041,2,7200,1.00295955278
385381,390743,390744,5362,1,1,600,536.3
385382,390751,390754,5369,3,1,600,537.2
385384,390757,390758,5373,1,1,600,537.4
385385,390762,390985,5377,223,1,600,25.1121076233
385448,390773,390786,5325,13,1,600,410.615384615
385449,390780,390787,5331,7,1,600,533.8
385450,390786,390795,5336,9,1,600,534.5
385452,390791,390805,5339,14,1,600,382.357142857
385453,390797,390830,5344,33,1,600,162.939393939
385502,385508,388852,6,3344,2,7200,1.00179425837
385514,390803,390810,5289,7,1,600,529.6
385516,390808,390815,5292,7,1,600,529.9
385517,390813,390821,5296,8,1,600,530.4
385519,390826,390835,5307,9,1,600,531.6
385521,390832,390839,5311,7,1,600,531.8
385522,390837,390848,5315,11,1,600,484.181818182
385524,390842,390850,5318,8,1,600,532.6
385585,390848,390856,5263,8,1,600,527.1
385586,390853,390854,5267,1,1,600,526.8
385588,390859,390864,5271,5,1,600,527.6
385589,390872,390874,5283,2,1,600,528.5
385590,390877,390883,5287,6,1,600,529.3
385592,390882,390945,5290,63,1,600,84.9682539683
385672,390888,390902,5216,14,1,600,373.571428571
385674,390893,390898,5219,5,1,600,522.4
385719,385727,388726,8,2999,2,7200,1.00266755585
385720,385739,388546,19,2807,2,7200,1.0067687923
385722,385839,388739,117,2900,2,7200,1.04034482759
385723,386117,389068,394,2951,2,7200,1.13351406303
385724,386208,389314,484,3106,2,7200,1.15582743078
385726,386256,389172,530,2916,2,7200,1.1817558299
385727,386566,389461,839,2895,2,7200,1.28981001727
385728,386601,389558,873,2957,2,7200,1.2952316537
385730,386710,389712,980,3002,2,7200,1.32644903398
385731,386799,389827,1068,3028,2,7200,1.35270805812
385732,386805,389592,1073,2787,2,7200,1.38500179404
385734,386812,389913,1078,3101,2,7200,1.34762979684
385735,390898,390899,5163,1,1,600,516.4
385735,386820,389931,1085,3111,2,7200,1.3487624558
385736,390904,390912,5168,8,1,600,517.6
385736,386832,389918,1096,3086,2,7200,1.35515230071
385738,386886,390125,1148,3239,2,7200,1.35443037975
385738,390909,390916,5171,7,1,600,517.8
385739,386893,389973,1154,3080,2,7200,1.37467532468
385739,390915,390920,5176,5,1,600,518.1
385740,390920,390956,5180,36,1,600,144.888888889
385740,386900,389875,1160,2975,2,7200,1.38991596639
385742,386907,389817,1165,2910,2,7200,1.40034364261
385743,386913,390086,1170,3173,2,7200,1.36873621179
385745,386918,390074,1173,3156,2,7200,1.3716730038
385829,386924,390041,1095,3117,2,7200,1.35129932628
385949,394028,394127,8079,99,1,1800,82.6060606061
386109,386946,389808,837,2862,2,7200,1.29245283019
386199,386953,389913,754,2960,2,7200,1.25472972973
386244,386960,389913,716,2953,2,7200,1.24246528954
386347,400363,414203,14016,13840,2,21600,2.01271676301
386556,386998,390158,442,3160,2,7200,1.13987341772
386592,387005,389973,413,2968,2,7200,1.1391509434
386700,387046,390225,346,3179,2,7200,1.10883925763
386788,387053,389948,265,2895,2,7200,1.09153713299
386789,387060,389973,271,2913,2,7200,1.09303123927
386805,387067,390016,262,2949,2,7200,1.08884367582
386820,387073,390139,253,3066,2,7200,1.08251793868
386834,387135,390179,301,3044,2,7200,1.09888304862
386888,387238,390222,350,2984,2,7200,1.1172922252
386890,387248,390066,358,2818,2,7200,1.12704045422
386905,387255,390220,350,2965,2,7200,1.11804384486
386906,387271,390329,365,3058,2,7200,1.11935905821
386908,387282,390497,374,3215,2,7200,1.11632970451
386923,387318,390349,395,3031,2,7200,1.13032002639
386938,387463,390333,525,2870,2,7200,1.18292682927
386952,394033,394340,7081,307,1,3600,24.0651465798
386953,387531,390500,578,2969,2,7200,1.19467834288
386954,387595,390527,641,2932,2,7200,1.21862210095
386987,387636,390800,649,3164,2,7200,1.20512010114
387002,387662,390925,660,3263,2,7200,1.20226785167
387035,387672,390677,637,3005,2,7200,1.21198003328
387053,387938,390775,885,2837,2,7200,1.31194924216
387054,387945,390889,891,2944,2,7200,1.30264945652
387070,388377,391474,1307,3097,2,7200,1.42202131095
387071,388557,391731,1486,3174,2,7200,1.468178954
387119,388737,391668,1618,2931,2,7200,1.55203002388
387159,401208,413705,14049,12497,2,21600,2.12418980555
387228,388750,391773,1522,3023,2,7200,1.50347337082
387244,388864,392021,1620,3157,2,7200,1.51314539119
387259,389091,392307,1832,3216,2,7200,1.56965174129
387274,389183,392151,1909,2968,2,7200,1.64319407008
387275,389325,392273,2050,2948,2,7200,1.69538670285
387309,389472,392568,2163,3096,2,7200,1.69864341085
387447,389569,392495,2122,2926,2,7200,1.72522214627
387520,389603,392726,2083,3123,2,7200,1.6669868716
387586,389723,392589,2137,2866,2,7200,1.74563852059
387625,389825,392935,2200,3110,2,7200,1.70739549839
387653,389832,392934,2179,3102,2,7200,1.70245003224
387668,389839,392931,2171,3092,2,7200,1.70213454075
387790,404530,412280,16740,7750,2,21600,3.16
387937,389886,392722,1949,2836,2,7200,1.68723554302
388368,389925,392996,1557,3071,2,7200,1.50700097688
388549,389930,392970,1381,3040,2,7200,1.45427631579
388676,400447,400452,11771,5,3,360000,1177.6
388727,389935,392933,1208,2998,2,7200,1.40293529019
388742,389942,392742,1200,2800,2,7200,1.42857142857
388854,389947,392934,1093,2987,2,7200,1.36591898226
388956,404540,411586,15584,7046,2,14400,3.21175134828
389027,400852,404513,11825,3661,4,36000,4.22999180552
389071,389959,393183,888,3224,2,7200,1.27543424318
389173,389986,392934,813,2948,2,7200,1.27578018996
389315,389991,393131,676,3140,2,7200,1.2152866242
389463,390032,393189,569,3157,2,7200,1.18023439975
389559,390053,392953,494,2900,2,7200,1.17034482759
389592,390077,392766,485,2689,2,7200,1.18036444775
389713,390091,393342,378,3251,2,7200,1.11627191633
389764,389818,425823,54,36005,16,36000,1.0014997917
389809,391422,391814,1613,392,16,7200,5.11479591837
389810,390104,393238,294,3134,2,7200,1.0938098277
389825,390137,393027,312,2890,2,7200,1.10795847751
389839,390152,393247,313,3095,2,7200,1.10113085622
389914,390176,393221,262,3045,2,7200,1.08604269294
389916,390192,393216,276,3024,2,7200,1.09126984127
389917,390237,393155,320,2918,2,7200,1.10966415353
389932,390242,393241,310,2999,2,7200,1.10336778926
389934,390247,393412,313,3165,2,7200,1.09889415482
389949,390343,393241,394,2898,2,7200,1.13595583161
389973,390350,393442,377,3092,2,7200,1.12192755498
389975,390374,393736,399,3362,2,7200,1.11867935753
389976,390551,393533,575,2982,2,7200,1.19282360832
390012,390932,390957,920,25,1,600,37.8
390018,390710,393772,692,3062,2,7200,1.22599608099
390042,390864,394214,822,3350,2,7200,1.24537313433
390066,391489,394461,1423,2972,2,7200,1.47880215343
390073,390938,390952,865,14,1,600,62.7857142857
390075,390943,390953,868,10,1,600,87.8
390076,390948,390964,872,16,1,600,55.5
390081,391650,394675,1569,3025,2,7200,1.51867768595
390085,391564,391565,1479,1,16,3600,148.0
390086,391601,391602,1515,1,16,3600,151.6
390086,391589,391590,1503,1,16,3600,150.4
390086,391577,391578,1491,1,16,3600,149.2
390087,391638,391639,1551,1,16,3600,155.2
390087,391626,391627,1539,1,16,3600,154.0
390087,391614,391615,1527,1,16,3600,152.8
390096,391656,394722,1560,3066,2,7200,1.50880626223
390126,391662,394326,1536,2664,2,7200,1.57657657658
390139,390959,390967,820,8,1,600,82.8
390141,391668,394700,1527,3032,2,7200,1.50362796834
390159,391673,394645,1514,2972,2,7200,1.50942126514
390180,391679,395081,1499,3402,2,7200,1.44062316285
390200,390964,390965,764,1,1,600,76.5
390202,390971,390981,769,10,1,600,77.9
390203,390977,390985,774,8,1,600,78.2
390223,391684,394805,1461,3121,2,7200,1.46811919257
390224,391689,394796,1465,3107,2,7200,1.47151593177
390239,391696,394891,1457,3195,2,7200,1.45602503912
390265,390982,390983,717,1,1,600,71.8
390266,390987,390994,721,7,1,600,72.8
390267,390993,391003,726,10,1,600,73.6
390329,390998,391006,669,8,1,600,67.7
390330,391004,391008,674,4,1,600,67.8
390330,391742,394747,1412,3005,2,7200,1.46988352745
390334,391009,391015,675,6,1,600,68.1
390335,391014,391032,679,18,1,600,38.7222222222
390336,391020,391028,684,8,1,600,69.2
390345,391784,394675,1439,2891,2,7200,1.49775164303
390360,391824,394780,1464,2956,2,7200,1.49526387009
390398,391025,391030,627,5,1,600,63.2
390399,391033,391047,634,14,1,600,46.2857142857
390400,391038,391044,638,6,1,600,64.4
390401,391043,391044,642,1,1,600,64.3
390476,391049,391069,573,20,1,600,29.65
390477,391054,391069,577,15,1,600,39.4666666667
390479,391060,391069,581,9,1,600,59.0
390480,391069,391070,589,1,1,600,59.0
390481,391074,391082,593,8,1,600,60.1
390482,391080,391101,598,21,1,600,29.4761904762
390484,391085,391093,601,8,1,600,60.9
390499,391829,394784,1330,2955,2,7200,1.45008460237
390517,391834,395073,1317,3239,2,7200,1.40660697746
390517,396777,397990,6260,1213,1,36000,6.16075845012
390532,391840,395122,1308,3282,2,7200,1.39853747715
390545,391090,391096,545,6,1,600,55.1
390546,391096,391103,550,7,1,600,55.7
390548,391103,391120,555,17,1,600,33.6470588235
390550,391115,391205,565,90,1,600,7.27777777778
390612,391120,391127,508,7,1,600,51.5
390613,391126,391130,513,4,1,600,51.7
390615,391131,391163,516,32,1,600,17.125
390616,391136,391170,520,34,1,600,16.2941176471
390619,391147,391179,528,32,1,600,17.5
390620,391152,391165,532,13,1,600,41.9230769231
390621,391158,391164,537,6,1,600,54.3
390623,391165,391166,542,1,1,600,54.3
390624,391171,391192,547,21,1,600,27.0476190476
390625,391177,391192,552,15,1,600,37.8
390627,391182,391187,555,5,1,600,56.0
390628,391187,391212,559,25,1,600,23.36
390631,391198,391205,567,7,1,600,57.4
390633,391203,391223,570,20,1,600,29.5
390680,391845,394857,1165,3012,2,7200,1.38678618858
390695,391209,391210,514,1,1,600,51.5
390696,391222,391236,526,14,1,600,38.5714285714
390697,391227,391228,530,1,1,600,53.1
390699,391232,391240,533,8,1,600,54.1
390701,391243,391277,542,34,1,600,16.9411764706
390703,391248,391255,545,7,1,600,55.2
390705,391259,391260,554,1,1,600,55.5
390707,391264,391273,557,9,1,600,56.6
390708,391270,391287,562,17,1,600,34.0588235294
390709,391283,391284,574,1,1,600,57.5
390711,391289,391295,578,6,1,600,58.4
390772,391294,391299,522,5,1,600,52.7
390776,391310,391319,534,9,1,600,54.3
390777,391850,394857,1073,3007,2,7200,1.35683405387
390778,391316,391321,538,5,1,600,54.3
390779,391321,391326,542,5,1,600,54.7
390780,391326,391334,546,8,1,600,55.4
390782,391332,391340,550,8,1,600,55.8
390783,391337,391345,554,8,1,600,56.2
390784,391342,391526,558,184,1,600,4.03260869565
390786,391356,391363,570,7,1,600,57.7
390801,391856,394766,1055,2910,2,7200,1.36254295533
390847,391361,391362,514,1,1,600,51.5
390849,391366,391377,517,11,1,600,48.0
390850,391372,391378,522,6,1,600,52.8
390851,391377,391384,526,7,1,600,53.3
390854,391388,391393,534,5,1,600,53.9
390855,391393,391499,538,106,1,600,6.07547169811
390858,391404,391405,546,1,1,600,54.7
390859,391409,391417,550,8,1,600,55.8
390862,391428,391437,566,9,1,600,57.5
390863,391433,391434,570,1,1,600,57.1
390865,391438,391439,573,1,1,600,57.4
390866,391444,391449,578,5,1,600,58.3
390891,391861,394985,970,3124,2,7200,1.3104993598
390927,392164,395308,1237,3144,2,7200,1.39344783715
390928,391449,391478,521,29,1,600,18.9655172414
390929,391454,391463,525,9,1,600,53.4
390933,391465,391470,532,5,1,600,53.7
390934,391470,391474,536,4,1,600,54.0
390936,391476,391485,540,9,1,600,54.9
390937,391481,391551,544,70,1,600,8.77142857143
390938,392033,392043,1095,10,1,600,110.5
390940,392055,392067,1115,12,1,600,93.9166666667
390941,392081,392087,1140,6,1,600,114.6
391002,392100,392103,1098,3,1,600,110.1
391004,392116,392164,1112,48,1,600,24.1666666667
391005,392175,392182,1170,7,1,600,117.7
391008,392208,392215,1200,7,1,600,120.7
391009,392228,392238,1219,10,1,600,122.9
391011,392250,392273,1239,23,1,600,54.8695652174
391012,392285,392321,1273,36,1,600,36.3611111111
391014,392333,392346,1319,13,1,600,102.461538462
391015,392358,392409,1343,51,1,600,27.3333333333
391016,392421,392428,1405,7,1,600,141.2
391018,392441,392446,1423,5,1,600,142.8
391019,392458,392475,1439,17,1,600,85.6470588235
391020,392487,392495,1467,8,1,600,147.5
391022,392507,392514,1485,7,1,600,149.2
391023,392526,392530,1503,4,1,600,150.7
391024,392542,392645,1518,103,1,600,15.7378640777
391026,392658,392666,1632,8,1,600,164.0
391087,392678,392726,1591,48,1,600,34.1458333333
391089,392741,392748,1652,7,1,600,165.9
391090,392762,392780,1672,18,1,600,93.8888888889
391091,392792,392793,1701,1,1,600,170.2
391093,392810,392931,1717,121,1,600,15.1900826446
391094,392942,392948,1848,6,1,600,185.4
391095,392984,393006,1889,22,1,600,86.8636363636
391097,393018,393035,1921,17,1,600,114.0
391098,393047,393056,1949,9,1,600,195.8
391099,393068,393081,1969,13,1,600,152.461538462
391101,393093,393094,1992,1,1,600,199.3
391102,393106,393130,2004,24,1,600,84.5
391104,393142,393170,2038,28,1,600,73.7857142857
391165,393182,393189,2017,7,1,600,202.4
391167,393202,393208,2035,6,1,600,204.1
391168,393220,393257,2052,37,1,600,56.4594594595
391169,393270,393284,2101,14,1,600,151.071428571
391173,393296,393308,2123,12,1,600,177.916666667
391177,393320,393326,2143,6,1,600,214.9
391178,393339,393346,2161,7,1,600,216.8
391180,393360,393367,2180,7,1,600,218.7
391181,393379,393385,2198,6,1,600,220.4
391183,393397,393403,2214,6,1,600,222.0
391185,393431,393475,2246,44,1,600,52.0454545455
391187,393487,393504,2300,17,1,600,136.294117647
391248,393516,393531,2268,15,1,600,152.2
391249,393543,393564,2294,21,1,600,110.238095238
391251,393569,393580,2318,11,1,600,211.727272727
391252,393574,393582,2322,8,1,600,233.0
391254,393580,393617,2326,37,1,600,63.8648648649
391255,393585,393595,2330,10,1,600,234.0
391256,393592,393613,2336,21,1,600,112.238095238
391258,393597,393598,2339,1,1,600,234.0
391259,393605,393640,2346,35,1,600,68.0285714286
391261,393612,393617,2351,5,1,600,235.6
391262,393617,393618,2355,1,1,600,235.6
391263,393624,393676,2361,52,1,600,46.4038461538
391265,393632,393644,2367,12,1,600,198.25
391266,393637,393655,2371,18,1,600,132.722222222
391267,393642,393657,2375,15,1,600,159.333333333
391330,393659,393685,2329,26,1,600,90.5769230769
391331,393666,393674,2335,8,1,600,234.3
391335,393684,393685,2349,1,1,600,235.0
391337,393692,393695,2355,3,1,600,235.8
391338,393697,393703,2359,6,1,600,236.5
391340,393702,393703,2362,1,1,600,236.3
391341,393709,393717,2368,8,1,600,237.6
391346,393732,393747,2386,15,1,600,160.066666667
391408,393737,393738,2329,1,1,600,233.0
391409,393744,393753,2335,9,1,600,234.4
391411,393749,393757,2338,8,1,600,234.6
391413,393754,393761,2341,7,1,600,234.8
391414,393762,393777,2348,15,1,600,157.533333333
391415,393767,393839,2352,72,1,600,33.6666666667
391417,393780,393807,2363,27,1,600,88.5185185185
391418,393785,393793,2367,8,1,600,237.5
391420,393790,393800,2370,10,1,600,238.0
391421,393797,393803,2376,6,1,600,238.2
391422,393809,393815,2387,6,1,600,239.3
391476,392290,395156,814,2866,2,7200,1.28401953943
391485,393821,393828,2336,7,1,600,234.3
391487,393828,393846,2341,18,1,600,131.055555556
391488,393833,394015,2345,182,1,600,13.8846153846
391489,393838,393844,2349,6,1,600,235.5
391491,393845,393854,2354,9,1,600,236.3
391492,393852,393868,2360,16,1,600,148.5
391493,393859,393864,2366,5,1,600,237.1
391495,393864,393875,2369,11,1,600,216.363636364
391496,393871,393917,2375,46,1,600,52.6304347826
391497,393878,393883,2381,5,1,600,238.6
391559,393885,393889,2326,4,1,600,233.0
391560,393892,393899,2332,7,1,600,233.9
391561,393899,393905,2338,6,1,600,234.4
391668,392325,395363,657,3038,2,7200,1.21626069783
391717,421093,426878,29376,5785,4,36000,6.07796024201
391731,392512,395534,781,3022,2,7200,1.25843812045
391774,392581,395761,807,3180,2,7200,1.25377358491
391910,396642,400287,4732,3645,16,3600,2.29821673525
391910,394759,396631,2849,1872,16,3600,2.5219017094
391911,400299,400345,8388,46,16,3600,183.347826087
391911,400433,400470,8522,37,16,3600,231.324324324
391911,400527,400566,8616,39,16,3600,221.923076923
391911,400357,400422,8446,65,16,3600,130.938461538
391911,400481,400516,8570,35,16,3600,245.857142857
392023,392601,395537,578,2936,2,7200,1.19686648501
392104,393906,393913,1802,7,1,600,180.9
392105,393913,393921,1808,8,1,600,181.6
392106,393920,394188,1814,268,1,600,7.76865671642
392152,392734,395657,582,2923,2,7200,1.19911050291
392168,393927,393951,1759,24,1,600,74.2916666667
392168,425841,439538,33673,13697,2,21600,3.45842155216
392169,393934,393948,1765,14,1,600,127.071428571
392231,393939,393944,1708,5,1,600,171.3
392232,393956,393961,1724,5,1,600,172.9
392233,393963,393964,1730,1,1,600,173.1
392295,393968,393974,1673,6,1,600,167.9
392296,393974,393979,1678,5,1,600,168.3
392310,392746,395698,436,2952,2,7200,1.14769647696
392358,393980,394226,1622,246,1,600,7.59349593496
392497,392755,395876,258,3121,2,7200,1.08266581224
392569,392778,395718,209,2940,2,7200,1.07108843537
392590,392948,395884,358,2936,2,7200,1.1219346049
392723,392955,395970,232,3015,2,7200,1.07694859038
392738,392960,395886,222,2926,2,7200,1.07587149692
392753,392966,396052,213,3086,2,7200,1.06902138691
392768,392971,396119,203,3148,2,7200,1.06448538755
392936,392977,396076,41,3099,2,7200,1.01323007422
392937,392989,396116,52,3127,2,7200,1.01662935721
392938,392994,395928,56,2934,2,7200,1.01908657123
392940,393008,396018,68,3010,2,7200,1.02259136213
392941,393040,396014,99,2974,2,7200,1.03328850034
392942,393149,396173,207,3024,2,7200,1.06845238095
392957,393166,396396,209,3230,2,7200,1.06470588235
392976,393195,396307,219,3112,2,7200,1.07037275064
392982,394137,394517,1155,380,1,1800,4.03947368421
392997,393207,396306,210,3099,2,7200,1.06776379477
393027,393229,396492,202,3263,2,7200,1.06190622127
393133,393236,396378,103,3142,2,7200,1.03278166773
393157,393251,396289,94,3038,2,7200,1.03094140882
393184,393258,396317,74,3059,2,7200,1.02419091206
393199,393263,396273,64,3010,2,7200,1.02126245847
393217,393275,396237,58,2962,2,7200,1.01958136394
393232,393354,396382,122,3028,2,7200,1.04029062087
393233,395226,503271,1993,108045,24,108000,1.01844601786
393247,393424,396367,177,2943,2,7200,1.06014271152
393249,393454,396433,205,2979,2,7200,1.0688150386
393250,393550,396713,300,3163,2,7200,1.09484666456
393252,393772,397085,520,3313,2,7200,1.15695744039
393345,393802,396624,457,2822,2,7200,1.16194188519
393415,394226,397221,811,2995,2,7200,1.27078464107
393445,394472,397399,1027,2927,2,7200,1.35087119918
393535,394688,397470,1153,2782,2,7200,1.41445003595
393738,394903,397992,1165,3089,2,7200,1.37714470702
393774,395174,398186,1400,3012,2,7200,1.46480743692
394210,400577,404298,6367,3721,16,3600,2.71109916689
394216,395327,398360,1111,3033,2,7200,1.36630398945
394328,395375,398480,1047,3105,2,7200,1.33719806763
394465,395545,398444,1080,2899,2,7200,1.37254225595
394574,394581,395220,7,639,1,3600,1.01095461659
394648,395553,398564,905,3011,2,7200,1.30056459648
394678,395670,398690,992,3020,2,7200,1.32847682119
394694,395710,398759,1016,3049,2,7200,1.33322400787
394709,395730,398566,1021,2836,2,7200,1.36001410437
394725,395773,398767,1048,2994,2,7200,1.35003340013
394749,395888,399044,1139,3156,2,7200,1.36089987326
394767,395896,399031,1129,3135,2,7200,1.36012759171
394782,395903,398772,1121,2869,2,7200,1.39072847682
394797,395940,399107,1143,3167,2,7200,1.36090937796
394799,395983,398976,1184,2993,2,7200,1.39558970932
394813,396026,399161,1213,3135,2,7200,1.38692185008
394823,413758,449773,18935,36015,4,36000,1.52575315841
394859,396039,399190,1180,3151,2,7200,1.3744842907
394860,396064,399160,1204,3096,2,7200,1.38888888889
394893,396089,398936,1196,2847,2,7200,1.4200913242
394987,396128,399202,1141,3074,2,7200,1.37117761874
395074,396135,399325,1061,3190,2,7200,1.33260188088
395089,396184,399227,1095,3043,2,7200,1.35984226093
395122,396249,399471,1127,3222,2,7200,1.34978274364
395159,396285,399318,1126,3033,2,7200,1.37124958787
395160,395167,395174,7,7,1,1800,1.4
395326,396302,399488,976,3186,2,7200,1.30634023854
395334,396680,396723,1346,43,1,1800,32.3023255814
395365,396319,399392,954,3073,2,7200,1.31044581842
395480,397880,397977,2400,97,1,3600,25.7422680412
395537,396324,399195,787,2871,2,7200,1.2741205155
395538,396331,399433,793,3102,2,7200,1.2556415216
395661,396380,399198,719,2818,2,7200,1.25514549326
395700,396390,399062,690,2672,2,7200,1.25823353293
395721,396397,399302,676,2905,2,7200,1.23270223752
395763,396408,399380,645,2972,2,7200,1.21702557201
395896,396445,399396,549,2951,2,7200,1.18603863097
395897,396504,399652,607,3148,2,7200,1.19282083863
395930,396636,399706,706,3070,2,7200,1.22996742671
395975,396726,399402,751,2676,2,7200,1.28064275037
396018,397097,399972,1079,2875,2,7200,1.37530434783
396033,397233,400186,1200,2953,2,7200,1.40636640704
396041,439551,511594,43510,72043,2,72000,1.60394486626
396051,397411,400320,1360,2909,2,7200,1.46751460983
396079,397482,400810,1403,3328,2,7200,1.42157451923
396113,397965,398063,1852,98,1,3600,19.8979591837
396118,398002,401197,1884,3195,2,7200,1.5896713615
396133,398009,401197,1876,3188,2,7200,1.58845671267
396150,396685,396767,535,82,1,1800,7.5243902439
396172,398199,400989,2027,2790,2,7200,1.72652329749
396177,456005,494257,59828,38252,2,72000,2.56404893862
396231,456276,528327,60045,72051,2,72000,1.83336803098
396239,398372,401441,2133,3069,2,7200,1.69501466276
396275,398456,401362,2181,2906,2,7200,1.75051617343
396290,398493,401503,2203,3010,2,7200,1.73189368771
396308,398576,401715,2268,3139,2,7200,1.72252309653
396310,398582,401697,2272,3115,2,7200,1.72937399679
396325,398702,401771,2377,3069,2,7200,1.77451938742
396370,398771,401894,2401,3123,2,7200,1.76881203971
396385,398779,401964,2394,3185,2,7200,1.75164835165
396386,398786,401781,2400,2995,2,7200,1.80133555927
396401,398949,401864,2548,2915,2,7200,1.87409948542
396435,398988,401865,2553,2877,2,7200,1.8873826903
396495,399044,402011,2549,2967,2,7200,1.85911695315
396625,399058,402111,2433,3053,2,7200,1.79692106125
396715,399074,402025,2359,2951,2,7200,1.79939003728
396969,396975,397075,6,100,1,1800,1.06
397089,399119,402050,2030,2931,2,7200,1.69259638349
397222,399172,402367,1950,3195,2,7200,1.6103286385
397400,399179,402061,1779,2882,2,7200,1.6172796669
397424,397430,397685,6,255,1,1800,1.02352941176
397473,399203,402194,1730,2991,2,7200,1.57840187228
397685,397695,397955,10,260,1,1800,1.03846153846
397987,426889,429978,28902,3089,2,14400,10.3564260278
397995,399210,402291,1215,3081,2,7200,1.39435248296
398104,398110,398402,6,292,1,3600,1.02054794521
398190,399215,402311,1025,3096,2,7200,1.33107235142
398194,399246,399540,1052,294,1,3600,4.57823129252
398257,398412,399230,155,818,1,36000,1.18948655257
398361,456271,458654,57910,2383,4,36000,25.3013008812
398362,399222,402301,860,3079,2,7200,1.27931146476
398449,399239,402164,790,2925,2,7200,1.27008547009
398483,399315,402325,832,3010,2,7200,1.27641196013
398566,399329,402363,763,3034,2,7200,1.25148319051
398581,399337,402324,756,2987,2,7200,1.25309675259
398687,399550,400077,863,527,1,3600,2.6375711575
398690,399392,402387,702,2995,2,7200,1.23439065109
398762,399405,402677,643,3272,2,7200,1.19651589242
398777,399412,402340,635,2928,2,7200,1.2168715847
398778,399419,402414,641,2995,2,7200,1.21402337229
398940,399445,402453,505,3008,2,7200,1.1678856383
398978,399482,402804,504,3322,2,7200,1.15171583384
399034,399501,402604,467,3103,2,7200,1.1504995166
399052,399664,402498,612,2834,2,7200,1.21594918843
399067,399718,402801,651,3083,2,7200,1.21115796302
399109,399984,403056,875,3072,2,7200,1.28483072917
399162,400198,403351,1036,3153,2,7200,1.3285759594
399163,400336,403295,1173,2959,2,7200,1.39641770869
399194,400823,403814,1629,2991,2,7200,1.54463390171
399209,401001,404325,1792,3324,2,7200,1.53910950662
399210,401213,404245,2003,3032,2,7200,1.66062005277
399212,401374,404549,2162,3175,2,7200,1.68094488189
399230,401452,404652,2222,3200,2,7200,1.694375
399306,401514,404376,2208,2862,2,7200,1.7714884696
399321,401708,404824,2387,3116,2,7200,1.76604621309
399336,401726,404798,2390,3072,2,7200,1.77799479167
399383,401783,404912,2400,3129,2,7200,1.76701821668
399398,401793,404913,2395,3120,2,7200,1.76762820513
399400,401876,404803,2476,2927,2,7200,1.84591732149
399415,401882,404961,2467,3079,2,7200,1.80123416694
399433,401905,405063,2472,3158,2,7200,1.78277390754
399472,401977,404895,2505,2918,2,7200,1.85846470185
399492,402023,405087,2531,3064,2,7200,1.82604438642
399602,400087,426940,485,26853,1,36000,1.01806129669
399626,399633,399634,7,1,1,60,1.0
399657,402036,405160,2379,3124,2,7200,1.76152368758
399689,426895,430094,27206,3199,2,14400,9.50453266646
399709,402061,404884,2352,2823,2,7200,1.83315621679
399720,399727,399728,7,1,1,60,1.0
399834,400310,400846,476,536,1,3600,1.88805970149
399974,402072,404982,2098,2910,2,7200,1.72096219931
400191,402123,405264,1932,3141,2,7200,1.61509073543
400245,400305,400436,60,131,1,300,1.45801526718
400322,402176,404940,1854,2764,2,7200,1.67076700434
400514,454866,1059684,54352,604818,3,604800,1.08986505031
400812,402206,405139,1394,2933,2,7200,1.47528128196
400992,402303,405387,1311,3084,2,7200,1.42509727626
401199,402312,405208,1113,2896,2,7200,1.38432320442
401201,402323,405553,1122,3230,2,7200,1.34736842105
401366,402336,405250,970,2914,2,7200,1.33287577213
401445,402343,405345,898,3002,2,7200,1.29913391073
401507,402352,405464,845,3112,2,7200,1.27152956298
401669,412293,412310,10624,17,1,600,625.941176471
401671,412298,412309,10627,11,1,600,967.090909091
401674,412321,412336,10647,15,1,600,710.8
401678,412327,412328,10649,1,1,600,1065.0
401681,412347,412353,10666,6,1,600,1067.2
401688,412368,412375,10680,7,1,600,1068.7
401691,412373,412374,10682,1,1,600,1068.3
401693,412385,412391,10692,6,1,600,1069.8
401699,402374,405373,675,2999,2,7200,1.22507502501
401700,412405,412412,10705,7,1,600,1071.2
401701,412410,412446,10709,36,1,600,298.472222222
401702,412430,412438,10728,8,1,600,1073.6
401704,412450,412461,10746,11,1,600,977.909090909
401705,412458,412466,10753,8,1,600,1076.1
401706,412473,412478,10767,5,1,600,1077.2
401707,412480,412490,10773,10,1,600,1078.3
401710,412502,412509,10792,7,1,600,1079.9
401711,412509,412514,10798,5,1,600,1080.3
401712,412521,412522,10809,1,1,600,1081.0
401713,412533,412557,10820,24,1,600,451.833333333
401715,412540,412550,10825,10,1,600,1083.5
401716,412562,412567,10846,5,1,600,1085.1
401717,412570,412578,10853,8,1,600,1086.1
401718,402382,405369,664,2987,2,7200,1.22229661868
401719,404308,934885,2589,530577,16,604800,1.00487959335
401720,412590,412599,10870,9,1,600,1087.9
401721,412596,412604,10875,8,1,600,1088.3
401722,412611,412617,10889,6,1,600,1089.5
401723,412618,412628,10895,10,1,600,1090.5
401727,412647,412652,10920,5,1,600,1092.5
401728,412654,412662,10926,8,1,600,1093.4
401730,412664,412702,10934,38,1,600,288.736842105
401731,412674,412715,10943,41,1,600,267.902439024
401732,412715,412738,10983,23,1,600,478.52173913
401734,412744,412745,11010,1,1,600,1101.1
401736,412752,412767,11016,15,1,600,735.4
401737,412759,412765,11022,6,1,600,1102.8
401738,412777,412789,11039,12,1,600,920.916666667
401739,412784,412789,11045,5,1,600,1105.0
401741,412801,412814,11060,13,1,600,851.769230769
401742,412806,412815,11064,9,1,600,1107.3
401744,412832,412847,11088,15,1,600,740.2
401747,412851,412857,11104,6,1,600,1111.0
401748,412860,412901,11112,41,1,600,272.024390244
401749,412869,412875,11120,6,1,600,1112.6
401750,412887,412892,11137,5,1,600,1114.2
401752,412904,412910,11152,6,1,600,1115.8
401754,412922,412948,11168,26,1,600,430.538461538
401755,412929,412935,11174,6,1,600,1118.0
401757,412947,412960,11190,13,1,600,861.769230769
401758,412960,412966,11202,6,1,600,1120.8
401760,412979,412993,11219,14,1,600,802.357142857
401762,412986,412990,11224,4,1,600,1122.8
401763,413003,413012,11240,9,1,600,1124.9
401765,413021,413029,11256,8,1,600,1126.4
401767,413028,413053,11261,25,1,600,451.44
401768,413042,413056,11274,14,1,600,806.285714286
401769,413065,413084,11296,19,1,600,595.526315789
401770,413072,413075,11302,3,1,600,1130.5
401773,402399,405390,626,2991,2,7200,1.20929455032
401774,413103,413108,11329,5,1,600,1133.4
401775,413110,413173,11335,63,1,600,180.920634921
401778,413133,413146,11355,13,1,600,874.461538462
401779,413158,413168,11379,10,1,600,1138.9
401780,413180,413205,11400,25,1,600,457.0
401783,413200,413207,11417,7,1,600,1142.4
401785,413224,413225,11439,1,1,600,1144.0
401786,413232,413237,11446,5,1,600,1145.1
401788,402426,405276,638,2850,2,7200,1.22385964912
401789,413250,413271,11461,21,1,600,546.761904762
401790,413257,413277,11467,20,1,600,574.35
401793,413290,413319,11497,29,1,600,397.448275862
401794,413297,413308,11503,11,1,600,1046.72727273
401795,413320,413352,11525,32,1,600,361.15625
401798,413343,413358,11545,15,1,600,770.666666667
401799,413365,413380,11566,15,1,600,772.066666667
401800,413377,413387,11577,10,1,600,1158.7
401801,413393,413405,11592,12,1,600,967.0
401803,413400,413413,11597,13,1,600,893.076923077
401804,413416,413422,11612,6,1,600,1161.8
401805,413425,413429,11620,4,1,600,1162.4
401806,413435,413444,11629,9,1,600,1163.8
401808,413442,413446,11634,4,1,600,1163.8
401809,413457,413464,11648,7,1,600,1165.5
401810,413464,413471,11654,7,1,600,1166.1
401811,413476,413485,11665,9,1,600,1167.4
401865,402464,405398,599,2934,2,7200,1.20415814588
401867,402509,405635,642,3126,2,7200,1.20537428023
401897,402617,405671,720,3054,2,7200,1.23575638507
401968,402689,405656,721,2967,2,7200,1.24300640377
402013,402813,405848,800,3035,2,7200,1.26359143328
402030,402820,405746,790,2926,2,7200,1.26999316473
402051,403068,406094,1017,3026,2,7200,1.33608724389
402066,403307,406228,1241,2921,2,7200,1.42485450188
402116,403363,406436,1247,3073,2,7200,1.40579238529
402164,403826,406903,1662,3077,2,7200,1.54013649659
402194,404257,407238,2063,2981,2,7200,1.69204964777
402295,404337,407232,2042,2895,2,7200,1.70535405872
402310,404388,407461,2078,3073,2,7200,1.67621217052
402325,404560,407463,2235,2903,2,7200,1.76989321392
402326,404663,407850,2337,3187,2,7200,1.73329149671
402328,404809,407989,2481,3180,2,7200,1.78018867925
402343,404817,407735,2474,2918,2,7200,1.84784098698
402364,404836,407881,2472,3045,2,7200,1.8118226601
402379,404895,407909,2516,3014,2,7200,1.83477106835
402394,404908,407944,2514,3036,2,7200,1.82806324111
402416,404923,408007,2507,3084,2,7200,1.81290531777
402455,404930,408130,2475,3200,2,7200,1.7734375
402500,404951,408216,2451,3265,2,7200,1.75068912711
402607,404972,407968,2365,2996,2,7200,1.7893858478
402681,404995,407925,2314,2930,2,7200,1.78976109215
402778,404524,404529,1746,5,2,900,175.1
402804,405158,408126,2354,2968,2,7200,1.79312668464
402819,405164,408126,2345,2962,2,7200,1.79169480081
403059,405169,408128,2110,2959,2,7200,1.71307874282
403099,429990,433539,26891,3549,2,14400,8.57706396168
403300,405240,408381,1940,3141,2,7200,1.617637695
403352,405246,408089,1894,2843,2,7200,1.66619767851
403819,405296,408158,1477,2862,2,7200,1.51607267645
404247,405302,408242,1055,2940,2,7200,1.35884353741
404327,405307,408296,980,2989,2,7200,1.32786885246
404380,405357,408368,977,3011,2,7200,1.32447691797
404554,405381,408357,827,2976,2,7200,1.27788978495
404655,405388,408461,733,3073,2,7200,1.23852912463
404801,405400,408488,599,3088,2,7200,1.19397668394
404817,405407,408466,590,3059,2,7200,1.19287348807
404832,405413,408581,581,3168,2,7200,1.18339646465
404886,405477,408446,591,2969,2,7200,1.19905692152
404903,405566,408625,663,3059,2,7200,1.21673749591
404918,405648,408607,730,2959,2,7200,1.24670496789
404919,405668,408639,749,2971,2,7200,1.2521036688
404940,405682,408668,742,2986,2,7200,1.24849296718
404961,405758,408900,797,3142,2,7200,1.25366008912
404983,405860,408857,877,2997,2,7200,1.29262595929
405065,406105,409049,1040,2944,2,7200,1.35326086957
405089,406240,409307,1151,3067,2,7200,1.37528529508
405141,406448,409468,1307,3020,2,7200,1.43278145695
405162,406914,409891,1752,2977,2,7200,1.58851192476
405210,407244,410426,2034,3182,2,7200,1.63922061596
405254,407251,410239,1997,2988,2,7200,1.66834002677
405269,407473,410367,2204,2894,2,7200,1.76157567381
405284,407480,410713,2196,3233,2,7200,1.67924528302
405348,407747,410913,2399,3166,2,7200,1.75773847126
405373,407861,411055,2488,3194,2,7200,1.77896055103
405389,407893,410777,2504,2884,2,7200,1.86823855756
405390,407920,410813,2530,2893,2,7200,1.87452471483
405405,407938,411152,2533,3214,2,7200,1.78811449907
405407,407956,411282,2549,3326,2,7200,1.76638604931
405467,407980,411069,2513,3089,2,7200,1.81353188734
405518,430106,436541,24588,6435,2,14400,4.82097902098
405555,408001,411106,2446,3105,2,7200,1.78776167472
405638,408020,411303,2382,3283,2,7200,1.725555894
405660,408101,411243,2441,3142,2,7200,1.77689369828
405676,408138,411221,2462,3083,2,7200,1.79857281868
405749,408143,411195,2394,3052,2,7200,1.78440366972
405852,408149,410995,2297,2846,2,7200,1.80709768096
406098,408155,411244,2057,3089,2,7200,1.66591129815
406230,408170,411044,1940,2874,2,7200,1.67501739736
406440,408228,411763,1788,3535,2,7200,1.50579915134
406839,458319,533947,51480,75628,2,75600,1.68070026974
406906,408254,411170,1348,2916,2,7200,1.46227709191
407236,408308,411313,1072,3005,2,7200,1.35673876872
407251,408368,411266,1117,2898,2,7200,1.38543823326
407464,408380,411421,916,3041,2,7200,1.30121670503
407465,408393,411388,928,2995,2,7200,1.30984974958
407739,408459,411490,720,3031,2,7200,1.23754536457
407852,408472,411394,620,2922,2,7200,1.212183436
407882,408480,411515,598,3035,2,7200,1.19703459638
407909,408499,411567,590,3068,2,7200,1.19230769231
407927,408594,411470,667,2876,2,7200,1.23191933241
407945,408620,411539,675,2919,2,7200,1.23124357657
407971,408637,411857,666,3220,2,7200,1.20683229814
407989,408651,411766,662,3115,2,7200,1.21252006421
408010,408681,411698,671,3017,2,7200,1.22240636394
408091,408869,411941,778,3072,2,7200,1.25325520833
408125,408912,411785,787,2873,2,7200,1.27392969022
408127,409091,411994,964,2903,2,7200,1.33207027213
408142,409320,412165,1178,2845,2,7200,1.41405975395
408143,409481,412384,1338,2903,2,7200,1.46090251464
408158,409903,412725,1745,2822,2,7200,1.61835577605
408218,410251,413253,2033,3002,2,7200,1.67721518987
408244,410379,413352,2135,2973,2,7200,1.71812983518
408298,410439,413357,2141,2918,2,7200,1.73372172721
408360,410726,413752,2366,3026,2,7200,1.7818902842
408375,410789,414222,2414,3433,2,7200,1.70317506554
408390,410825,413813,2435,2988,2,7200,1.81492637216
408447,410926,414015,2479,3089,2,7200,1.80252508903
408462,411007,413778,2545,2771,2,7200,1.91844099603
408478,411056,414175,2578,3119,2,7200,1.82654697018
408493,411066,414120,2573,3054,2,7200,1.8425016372
408585,411082,414311,2497,3229,2,7200,1.77330442862
408609,411118,414005,2509,2887,2,7200,1.86906823692
408627,411164,414239,2537,3075,2,7200,1.82504065041
408642,411182,414059,2540,2877,2,7200,1.88286409454
408669,411208,414445,2539,3237,2,7200,1.7843682422
408861,411232,414409,2371,3177,2,7200,1.74630154234
408900,411255,414584,2355,3329,2,7200,1.70741964554
409053,411262,414404,2209,3142,2,7200,1.70305537874
409311,411278,414482,1967,3204,2,7200,1.61392009988
409472,411294,414445,1822,3151,2,7200,1.57822913361
409705,425835,433068,16130,7233,16,7200,3.23005668464
409893,411316,414466,1423,3150,2,7200,1.45174603175
410241,411325,414093,1084,2768,2,7200,1.39161849711
410369,411400,414559,1031,3159,2,7200,1.32636910415
410428,411406,414551,978,3145,2,7200,1.31096979332
410717,411433,414540,716,3107,2,7200,1.23044737689
410780,411483,414661,703,3178,2,7200,1.22120830711
410814,411502,414455,688,2953,2,7200,1.23298340671
410914,411527,414650,613,3123,2,7200,1.1962856228
410997,411551,414819,554,3268,2,7200,1.16952264382
411045,411579,414568,534,2989,2,7200,1.17865506858
411060,411598,414542,538,2944,2,7200,1.18274456522
411077,411710,414654,633,2944,2,7200,1.21501358696
411107,411776,414839,669,3063,2,7200,1.21841332027
411152,411783,415093,631,3310,2,7200,1.19063444109
411170,411797,415031,627,3234,2,7200,1.19387755102
411199,411869,414986,670,3117,2,7200,1.2149502727
411223,411953,415200,730,3247,2,7200,1.22482291346
411244,412007,415005,763,2998,2,7200,1.254503002
411246,412177,415248,931,3071,2,7200,1.30315858027
411267,412398,415471,1131,3073,2,7200,1.36804425643
411282,412738,415557,1456,2819,2,7200,1.51649521107
411307,413264,416294,1957,3030,2,7200,1.64587458746
411322,413370,416269,2048,2899,2,7200,1.70645050017
411388,413382,416332,1994,2950,2,7200,1.67593220339
411404,413766,416869,2362,3103,2,7200,1.76119883983
411422,413791,416900,2369,3109,2,7200,1.76198134448
411473,413825,417041,2352,3216,2,7200,1.73134328358
411491,414018,416918,2527,2900,2,7200,1.87137931034
411517,414027,416863,2510,2836,2,7200,1.8850493653
411541,414071,417007,2530,2936,2,7200,1.86171662125
411568,414105,417305,2537,3200,2,7200,1.7928125
411699,414132,417114,2433,2982,2,7200,1.81589537223
411757,414188,417235,2431,3047,2,7200,1.79783393502
411772,414215,417419,2443,3204,2,7200,1.76248439451
411787,414234,417238,2447,3004,2,7200,1.81458055925
411860,414251,417323,2391,3072,2,7200,1.7783203125
411943,414323,417311,2380,2988,2,7200,1.79651941098
411998,414416,417328,2418,2912,2,7200,1.83035714286
412169,414423,417533,2254,3110,2,7200,1.72475884244
412330,413495,413510,1165,15,1,600,78.6666666667
412388,414458,417650,2070,3192,2,7200,1.6484962406
412393,413514,413523,1121,9,1,600,113.0
412396,413534,413540,1138,6,1,600,114.4
412399,413551,413578,1152,27,1,600,43.6666666667
412400,413557,413572,1157,15,1,600,78.1333333333
412402,413585,413589,1183,4,1,600,118.7
412463,413592,413607,1129,15,1,600,76.2666666667
412464,413601,413614,1137,13,1,600,88.4615384615
412466,413619,413628,1153,9,1,600,116.2
412467,413625,413631,1158,6,1,600,116.4
412529,413640,413644,1111,4,1,600,111.5
412533,413663,413671,1130,8,1,600,113.8
412534,413670,413677,1136,7,1,600,114.3
412537,413690,413697,1153,7,1,600,116.0
412598,413697,413704,1099,7,1,600,110.6
412599,413709,413716,1110,7,1,600,111.7
412601,413716,413747,1115,31,1,600,36.9677419355
412602,418645,418646,6043,1,1,600,604.4
412605,418676,418684,6071,8,1,600,607.9
412666,418695,418701,6029,6,1,600,603.5
412667,418713,418734,6046,21,1,600,288.904761905
412669,418746,418760,6077,14,1,600,435.071428571
412670,418778,418826,6108,48,1,600,128.25
412671,418841,418923,6170,82,1,600,76.243902439
412673,418935,418942,6262,7,1,600,626.9
412674,418954,418960,6280,6,1,600,628.6
412727,414463,417563,1736,3100,2,7200,1.56
412735,418972,418981,6237,9,1,600,624.6
412737,418994,419003,6257,9,1,600,626.6
412738,419004,419005,6266,1,1,600,626.7
412801,419022,419029,6221,7,1,600,622.8
412802,419028,419029,6226,1,1,600,622.7
412803,419040,419041,6237,1,1,600,623.8
412804,419046,419054,6242,8,1,600,625.0
412806,419052,419083,6246,31,1,600,202.483870968
412867,419065,419069,6198,4,1,600,620.2
412868,419080,419129,6212,49,1,600,127.775510204
412871,419108,419116,6237,8,1,600,624.5
412872,419132,419138,6260,6,1,600,626.6
412874,419141,419154,6267,13,1,600,483.076923077
412935,419149,419150,6214,1,1,600,621.5
412936,419162,419212,6226,50,1,600,125.52
412937,419168,419184,6231,16,1,600,390.4375
412939,419196,419202,6257,6,1,600,626.3
412940,419217,419222,6277,5,1,600,628.2
412941,419225,419229,6284,4,1,600,628.8
413003,419234,419240,6231,6,1,600,623.7
413005,419252,419356,6247,104,1,600,61.0673076923
413006,419259,419265,6253,6,1,600,625.9
413009,419294,419309,6285,15,1,600,420.0
413072,419333,419343,6261,10,1,600,627.1
413074,419367,419375,6293,8,1,600,630.1
413076,419373,419380,6297,7,1,600,630.4
413137,419387,419394,6250,7,1,600,625.7
413138,419393,419394,6255,1,1,600,625.6
413140,419405,419416,6265,11,1,600,570.545454545
413141,419411,419420,6270,9,1,600,627.9
413144,419436,419442,6292,6,1,600,629.8
413205,419443,419450,6238,7,1,600,624.5
413206,419454,419460,6248,6,1,600,625.4
413208,419462,419504,6254,42,1,600,149.904761905
413210,419485,419488,6275,3,1,600,627.8
413258,414470,417516,1212,3046,2,7200,1.39789888378
413273,419511,419520,6238,9,1,600,624.7
413276,419531,419532,6255,1,1,600,625.6
413277,419537,419547,6260,10,1,600,627.0
413278,419543,419548,6265,5,1,600,627.0
413340,419559,419566,6219,7,1,600,622.6
413341,419566,419571,6225,5,1,600,623.0
413342,419579,419586,6237,7,1,600,624.4
413343,419585,419738,6242,153,1,600,41.7973856209
413345,419598,419605,6253,7,1,600,626.0
413356,414479,417384,1123,2905,2,7200,1.38657487091
413371,414494,417573,1123,3079,2,7200,1.36472880805
413406,419617,419625,6211,8,1,600,621.9
413407,419637,419655,6230,18,1,600,347.111111111
413409,419667,419697,6258,30,1,600,209.6
413410,419709,419712,6299,3,1,600,630.2
413473,419735,419742,6262,7,1,600,626.9
413474,419751,419759,6277,8,1,600,628.5
413477,419771,419779,6294,8,1,600,630.2
413478,419776,419817,6298,41,1,600,154.609756098
413479,419792,419798,6313,6,1,600,631.9
413481,419811,419817,6330,6,1,600,633.6
413542,419829,419836,6287,7,1,600,629.4
413543,419834,419855,6291,21,1,600,300.571428571
413545,419848,419857,6303,9,1,600,631.2
413547,419874,419881,6327,7,1,600,633.4
413550,419893,419901,6343,8,1,600,635.1
413551,419898,419947,6347,49,1,600,130.530612245
413612,419914,419921,6302,7,1,600,630.9
413614,419933,419942,6319,9,1,600,632.8
413615,419954,419973,6339,19,1,600,334.631578947
413616,419962,419968,6346,6,1,600,635.2
413678,419980,419998,6302,18,1,600,351.111111111
413679,419986,420005,6307,19,1,600,332.947368421
413680,420014,420025,6334,11,1,600,576.818181818
413681,420021,420026,6340,5,1,600,634.5
413684,420044,420060,6360,16,1,600,398.5
413685,420051,420057,6366,6,1,600,637.2
413687,420075,420131,6388,56,1,600,115.071428571
413748,420080,420232,6332,152,1,600,42.6578947368
413749,420153,420166,6404,13,1,600,493.615384615
413750,420177,420188,6427,11,1,600,585.272727273
413752,420200,420237,6448,37,1,600,175.27027027
413753,420244,420250,6491,6,1,600,649.7
413756,414552,417334,796,2782,2,7200,1.28612508986
413780,414559,417713,779,3154,2,7200,1.24698795181
413815,414566,417706,751,3140,2,7200,1.23917197452
414009,414573,417773,564,3200,2,7200,1.17625
414024,414580,417538,556,2958,2,7200,1.18796484111
414061,414596,417522,535,2926,2,7200,1.18284347232
414094,414661,417932,567,3271,2,7200,1.17334148578
414121,414668,417670,547,3002,2,7200,1.18221185876
414176,414675,417674,499,2999,2,7200,1.16638879627
414224,414832,417938,608,3106,2,7200,1.19575016098
414239,414850,417756,611,2906,2,7200,1.21025464556
414311,414999,418389,688,3390,2,7200,1.20294985251
414405,415017,418159,612,3142,2,7200,1.19478039465
414420,415043,418105,623,3062,2,7200,1.20346178968
414447,415105,418001,658,2896,2,7200,1.22720994475
414449,415212,418156,763,2944,2,7200,1.25917119565
414464,415259,418181,795,2922,2,7200,1.27207392197
414479,415484,418436,1005,2952,2,7200,1.34044715447
414494,415570,418584,1076,3014,2,7200,1.35700066357
414542,416281,419343,1739,3062,2,7200,1.56792945787
414544,416306,419263,1762,2957,2,7200,1.59587419682
414559,416345,419627,1786,3282,2,7200,1.54418037782
414561,416876,419837,2315,2961,2,7200,1.78183046268
414576,416883,419991,2307,3108,2,7200,1.74227799228
414591,416912,420056,2321,3144,2,7200,1.73823155216
414652,416930,420010,2278,3080,2,7200,1.73961038961
414667,417020,420121,2353,3101,2,7200,1.75878748791
414668,417053,419988,2385,2935,2,7200,1.81260647359
414822,417126,420129,2304,3003,2,7200,1.76723276723
414840,417247,420130,2407,2883,2,7200,1.83489420742
414990,417254,420411,2264,3157,2,7200,1.71713652201
415008,417317,420461,2309,3144,2,7200,1.73441475827
415032,417324,420258,2292,2934,2,7200,1.78118609407
415096,417335,420284,2239,2949,2,7200,1.75924042048
415201,417342,420274,2141,2932,2,7200,1.73021828104
415249,417349,420382,2100,3033,2,7200,1.69238377844
415472,417396,420269,1924,2873,2,7200,1.66968325792
415560,417431,420533,1871,3102,2,7200,1.6031592521
416269,417528,420601,1259,3073,2,7200,1.40969736414
416297,417535,420679,1238,3144,2,7200,1.39376590331
416333,417546,420703,1213,3157,2,7200,1.38422553057
416864,417553,420636,689,3083,2,7200,1.22348361985
416880,417575,420397,695,2822,2,7200,1.24627923459
416901,417585,420680,684,3095,2,7200,1.22100161551
416919,417662,420449,743,2787,2,7200,1.26659490492
417010,417682,420732,672,3050,2,7200,1.22032786885
417043,417689,420651,646,2962,2,7200,1.21809588116
417115,417718,420663,603,2945,2,7200,1.20475382003
417236,417726,421071,490,3345,2,7200,1.14648729447
417251,417768,420609,517,2841,2,7200,1.1819781767
417305,417784,420985,479,3201,2,7200,1.14964073727
417320,417944,420781,624,2837,2,7200,1.2199506521
417337,417951,420966,614,3015,2,7200,1.20364842454
417338,418013,421093,675,3080,2,7200,1.21915584416
417340,418118,421125,778,3007,2,7200,1.25872963086
417386,418168,421358,782,3190,2,7200,1.24514106583
417420,418175,421213,755,3038,2,7200,1.24851876234
417516,418194,421229,678,3035,2,7200,1.2233937397
417531,418402,421464,871,3062,2,7200,1.28445460483
417546,418448,421406,902,2958,2,7200,1.30493576741
417548,418597,421633,1049,3036,2,7200,1.34552042161
417566,419275,422454,1709,3179,2,7200,1.53759043724
417581,419360,422398,1779,3038,2,7200,1.58558262014
417650,419644,422406,1994,2762,2,7200,1.72194062274
417671,419855,422834,2184,2979,2,7200,1.73313192346
417686,419999,422982,2313,2983,2,7200,1.77539389876
417707,420007,423063,2300,3056,2,7200,1.75261780105
417722,420028,423002,2306,2974,2,7200,1.7753866846
417759,420068,423164,2309,3096,2,7200,1.74580103359
417774,420133,422946,2359,2813,2,7200,1.83860646996
417934,420141,423236,2207,3095,2,7200,1.71308562197
417949,420146,423129,2197,2983,2,7200,1.73650687228
418003,420270,423371,2267,3101,2,7200,1.73105449855
418106,420289,423168,2183,2879,2,7200,1.75824939215
418157,420301,423333,2144,3032,2,7200,1.70712401055
418172,420306,423192,2134,2886,2,7200,1.73943173943
418188,420398,423442,2210,3044,2,7200,1.72601839685
418390,420412,423338,2022,2926,2,7200,1.69104579631
418438,420423,423514,1985,3091,2,7200,1.6421869945
418586,420461,423711,1875,3250,2,7200,1.57692307692
418682,420251,420269,1569,18,1,600,88.1666666667
418683,420261,420262,1578,1,1,600,157.9
418746,420284,420290,1538,6,1,600,154.4
418808,420314,420452,1506,138,1,600,11.9130434783
418931,420332,420342,1401,10,1,600,141.1
418993,420354,420362,1361,8,1,600,136.9
418994,420374,420379,1380,5,1,600,138.5
418995,420390,420391,1395,1,1,600,139.6
419057,420405,420423,1348,18,1,600,75.8888888889
419058,420436,420441,1378,5,1,600,138.3
419059,420454,420464,1395,10,1,600,140.5
419060,420468,420472,1408,4,1,600,141.2
419062,420482,420486,1420,4,1,600,142.4
419063,420488,420489,1425,1,1,600,142.6
419064,420499,420537,1435,38,1,600,38.7631578947
419126,420506,420512,1380,6,1,600,138.6
419128,420536,420543,1408,7,1,600,141.5
419130,420545,420556,1415,11,1,600,129.636363636
419191,420550,420559,1359,9,1,600,136.8
419192,420557,420566,1365,9,1,600,137.4
419194,420562,420568,1368,6,1,600,137.4
419195,420568,420577,1373,9,1,600,138.2
419196,420576,420583,1380,7,1,600,138.7
419258,420583,420599,1325,16,1,600,83.8125
419259,420588,420594,1329,6,1,600,133.5
419260,420594,420608,1334,14,1,600,96.2857142857
419263,420607,420615,1344,8,1,600,135.2
419264,420614,420621,1350,7,1,600,135.7
419268,420475,423677,1207,3202,2,7200,1.37695190506
419325,420619,420632,1294,13,1,600,100.538461538
419327,420632,420661,1305,29,1,600,46.0
419328,420637,420646,1309,9,1,600,131.8
419346,420624,423710,1278,3086,2,7200,1.41412832145
419391,420655,420665,1264,10,1,600,127.4
419392,420667,420675,1275,8,1,600,128.3
419393,420672,420679,1279,7,1,600,128.6
419395,420685,420692,1290,7,1,600,129.7
419396,420690,420691,1294,1,1,600,129.5
419457,420702,420703,1245,1,1,600,124.6
419459,420707,420714,1248,7,1,600,125.5
419460,420713,420747,1253,34,1,600,37.8529411765
419462,420735,420740,1273,5,1,600,127.8
419464,420740,420760,1276,20,1,600,64.8
419465,420753,420758,1288,5,1,600,129.3
419466,420758,420796,1292,38,1,600,35.0
419528,420770,420786,1242,16,1,600,78.625
419529,420775,420782,1246,7,1,600,125.3
419531,420781,420787,1250,6,1,600,125.6
419532,420800,420809,1268,9,1,600,127.7
419534,420810,420825,1276,15,1,600,86.0666666667
419599,420829,420832,1230,3,1,600,123.3
419601,420841,420847,1240,6,1,600,124.6
419602,420846,420851,1244,5,1,600,124.9
419630,420642,423615,1012,2973,2,7200,1.34039690548
419664,420853,420873,1189,20,1,600,60.45
419665,420858,420898,1193,40,1,600,30.825
419667,420865,420870,1198,5,1,600,120.3
419728,420870,420886,1142,16,1,600,72.375
419729,420882,420888,1153,6,1,600,115.9
419731,420888,420900,1157,12,1,600,97.4166666667
419792,420899,420910,1107,11,1,600,101.636363636
419793,420906,420909,1113,3,1,600,111.6
419795,420913,420916,1118,3,1,600,112.1
419796,420918,420923,1122,5,1,600,112.7
419798,420925,420939,1127,14,1,600,81.5
419839,420660,423469,821,2809,2,7200,1.2922748309
419859,420930,420938,1071,8,1,600,107.9
419860,420937,421055,1077,118,1,600,10.1271186441
419862,420942,420970,1080,28,1,600,39.5714285714
419863,420950,420963,1087,13,1,600,84.6153846154
419864,420956,420957,1092,1,1,600,109.3
419927,420976,420979,1049,3,1,600,105.2
419928,420983,421007,1055,24,1,600,44.9583333333
419930,420988,420994,1058,6,1,600,106.4
419931,421000,421005,1069,5,1,600,107.4
419932,421012,421024,1080,12,1,600,91.0
419990,420678,423738,688,3060,2,7200,1.22483660131
419994,421019,421033,1025,14,1,600,74.2142857143
419995,421024,421025,1029,1,1,600,103.0
419998,421043,421048,1045,5,1,600,105.0
420005,420695,423781,690,3086,2,7200,1.2235904083
420020,420718,423633,698,2915,2,7200,1.23945111492
420057,420723,423867,666,3144,2,7200,1.21183206107
420059,421049,421095,990,46,1,600,22.5217391304
420060,421055,421061,995,6,1,600,100.1
420062,421061,421067,999,6,1,600,100.5
420063,421069,421081,1006,12,1,600,84.8333333333
420064,421076,421082,1012,6,1,600,101.8
420066,421099,421108,1033,9,1,600,104.2
420067,421113,421130,1046,17,1,600,62.5294117647
420123,420746,424060,623,3314,2,7200,1.187990344
420139,420763,423719,624,2956,2,7200,1.21109607578
420140,420793,423777,653,2984,2,7200,1.21883378016
420188,421120,421129,932,9,1,600,94.1
420190,421143,421144,953,1,1,600,95.4
420254,421163,421172,909,9,1,600,91.8
420261,420993,424003,732,3010,2,7200,1.24318936877
420276,421005,423824,729,2819,2,7200,1.25860234126
420277,421106,424081,829,2975,2,7200,1.27865546218
420292,421137,424018,845,2881,2,7200,1.29330093717
420315,421169,421287,854,118,1,600,8.23728813559
420316,421184,421190,868,6,1,600,87.4
420318,421202,421214,884,12,1,600,74.6666666667
420319,421232,421238,913,6,1,600,91.9
420320,421250,421258,930,8,1,600,93.8
420322,421269,421276,947,7,1,600,95.4
420383,421288,421329,905,41,1,600,23.0731707317
420384,421298,421307,914,9,1,600,92.3
420385,421224,423937,839,2713,2,7200,1.30925175083
420385,421319,421328,934,9,1,600,94.3
420387,421340,421345,953,5,1,600,95.8
420399,421241,424254,842,3013,2,7200,1.279455692
420415,421374,424499,959,3125,2,7200,1.30688
420445,421429,424586,984,3157,2,7200,1.31168831169
420448,421347,421355,899,8,1,600,90.7
420449,421357,421365,908,8,1,600,91.6
420451,421367,421373,916,6,1,600,92.2
420463,421481,424595,1018,3114,2,7200,1.32691072575
420512,421381,421386,869,5,1,600,87.4
420513,421388,421394,875,6,1,600,88.1
420515,421398,421405,883,7,1,600,89.0
420517,421417,421438,900,21,1,600,43.8571428571
420519,421424,421484,905,60,1,600,16.0833333333
420536,421663,424666,1127,3003,2,7200,1.37529137529
420580,421449,421450,869,1,1,600,87.0
420581,421462,421494,881,32,1,600,28.53125
420584,421506,421511,922,5,1,600,92.7
420585,421513,421519,928,6,1,600,93.4
420588,421531,421546,943,15,1,600,63.8666666667
420589,421538,421543,949,5,1,600,95.4
420602,422412,425470,1810,3058,2,7200,1.59189012426
420617,422436,425582,1819,3146,2,7200,1.57819453274
420638,422466,425737,1828,3271,2,7200,1.55885050443
420652,421562,421571,910,9,1,600,91.9
420653,422851,426074,2198,3223,2,7200,1.68197331679
420653,421574,421579,921,5,1,600,92.6
420654,421584,421587,930,3,1,600,93.3
420655,421591,421598,936,7,1,600,94.3
420658,421614,421626,956,12,1,600,80.6666666667
420659,421619,421625,960,6,1,600,96.6
420662,421645,421652,983,7,1,600,99.0
420668,422963,426031,2295,3068,2,7200,1.74804432855
420683,422995,426057,2312,3062,2,7200,1.75506205095
420685,423015,425852,2330,2837,2,7200,1.82129009517
420706,423075,426075,2369,3000,2,7200,1.78966666667
420723,421658,421671,935,13,1,600,72.9230769231
420726,421682,421695,956,13,1,600,74.5384615385
420729,421701,421716,972,15,1,600,65.8
420730,421707,421708,977,1,1,600,97.8
420731,421720,421785,989,65,1,600,16.2153846154
420733,423141,426045,2408,2904,2,7200,1.82920110193
420782,423179,426322,2397,3143,2,7200,1.7626471524
420794,421740,421770,946,30,1,600,32.5333333333
420795,421783,421801,988,18,1,600,55.8888888889
420798,421813,421820,1015,7,1,600,102.2
420799,421818,421839,1019,21,1,600,49.5238095238
420802,421846,421855,1044,9,1,600,105.3
420804,421865,421870,1061,5,1,600,106.6
420866,421872,421888,1006,16,1,600,63.875
420867,421886,421891,1019,5,1,600,102.4
420868,421901,422033,1033,132,1,600,8.82575757576
420870,421908,421915,1038,7,1,600,104.5
420871,421927,421934,1056,7,1,600,106.3
420872,421947,421952,1075,5,1,600,108.0
420873,421964,421971,1091,7,1,600,109.8
420875,421983,421988,1108,5,1,600,111.3
420876,422000,422005,1124,5,1,600,112.9
420877,422017,422038,1140,21,1,600,55.2857142857
420940,422061,422074,1121,13,1,600,87.2307692308
420941,422066,422075,1125,9,1,600,113.4
420944,422092,422101,1148,9,1,600,115.7
420945,422099,422104,1154,5,1,600,115.9
420947,422120,422127,1173,7,1,600,118.0
420949,422127,422137,1178,10,1,600,118.8
420950,422139,422145,1189,6,1,600,119.5
420952,422149,422161,1197,12,1,600,100.75
420966,423186,426346,2220,3160,2,7200,1.70253164557
420987,423210,425966,2223,2756,2,7200,1.80660377358
421013,422157,422183,1144,26,1,600,45.0
421014,422173,422291,1159,118,1,600,10.8220338983
421015,422195,422204,1180,9,1,600,118.9
421017,422219,422220,1202,1,1,600,120.3
421018,422232,422238,1214,6,1,600,122.0
421019,422249,422256,1230,7,1,600,123.7
421021,422268,422277,1247,9,1,600,125.6
421022,422289,422293,1267,4,1,600,127.1
421072,423253,426311,2181,3058,2,7200,1.71321124918
421083,422304,422310,1221,6,1,600,122.7
421085,422311,422325,1226,14,1,600,88.5714285714
421086,422322,422392,1236,70,1,600,18.6571428571
421087,422337,422369,1250,32,1,600,40.0625
421089,422381,422386,1292,5,1,600,129.7
421090,422398,422404,1308,6,1,600,131.4
421092,422425,422442,1333,17,1,600,79.4117647059
421094,422430,422517,1336,87,1,600,16.3563218391
421095,422454,422462,1359,8,1,600,136.7
421096,423356,426293,2260,2937,2,7200,1.76949267961
421126,423361,426493,2235,3132,2,7200,1.71360153257
421157,422474,422485,1317,11,1,600,120.727272727
421158,422501,422510,1343,9,1,600,135.2
421159,422522,422576,1363,54,1,600,26.2407407407
421162,422542,422547,1380,5,1,600,138.5
421163,422559,422560,1396,1,1,600,139.7
421165,422572,422623,1407,51,1,600,28.5882352941
421214,423394,426287,2180,2893,2,7200,1.75354303491
421226,422588,422610,1362,22,1,600,62.9090909091
421227,422621,422636,1394,15,1,600,93.9333333333
421229,422636,422665,1407,29,1,600,49.5172413793
421229,423458,426635,2229,3177,2,7200,1.70160528801
421290,422648,422653,1358,5,1,600,136.3
421291,422666,422676,1375,10,1,600,138.5
421294,422688,422695,1394,7,1,600,140.1
421356,422695,422701,1339,6,1,600,134.5
421357,422708,422729,1351,21,1,600,65.3333333333
421358,422715,422734,1357,19,1,600,72.4210526316
421359,423481,426525,2122,3044,2,7200,1.69710906702
421360,422740,422776,1380,36,1,600,39.3333333333
421361,422748,422772,1387,24,1,600,58.7916666667
421407,423532,426252,2125,2720,2,7200,1.78125
421422,422784,422793,1362,9,1,600,137.1
421424,422791,422807,1367,16,1,600,86.4375
421425,422805,422810,1380,5,1,600,138.5
421426,422819,422820,1393,1,1,600,139.4
421428,422825,422834,1397,9,1,600,140.6
421429,422831,422837,1402,6,1,600,140.8
421465,423627,426411,2162,2784,2,7200,1.77658045977
421490,422846,422852,1356,6,1,600,136.2
421493,422865,422873,1372,8,1,600,138.0
421532,433080,434629,11548,1549,16,14400,8.45513234345
421554,422872,422937,1318,65,1,600,21.2769230769
421556,422886,422905,1330,19,1,600,71.0
421557,422917,422942,1360,25,1,600,55.4
421558,422949,422956,1391,7,1,600,139.8
421561,422970,423045,1409,75,1,600,19.7866666667
421562,422975,422976,1413,1,1,600,141.4
421563,422988,422995,1425,7,1,600,143.2
421625,423008,423009,1383,1,1,600,138.4
421626,423022,423033,1396,11,1,600,127.909090909
421629,423057,423069,1428,12,1,600,120.0
421630,423062,423109,1432,47,1,600,31.4680851064
421631,423082,423104,1451,22,1,600,66.9545454545
421634,423646,426781,2012,3135,2,7200,1.64178628389
421694,423123,423141,1429,18,1,600,80.3888888889
421696,423130,423191,1434,61,1,600,24.5081967213
421697,423152,423160,1455,8,1,600,146.3
421698,423172,423202,1474,30,1,600,50.1333333333
421701,423217,423230,1516,13,1,600,117.615384615
421762,423222,423226,1460,4,1,600,146.4
421764,423239,423246,1475,7,1,600,148.2
421765,423246,423256,1481,10,1,600,149.1
421826,423260,423267,1434,7,1,600,144.1
421828,423268,423274,1440,6,1,600,144.6
421830,423287,423292,1457,5,1,600,146.2
421832,423294,423295,1462,1,1,600,146.3
421890,434640,456251,12750,21611,16,21600,1.58997732636
421890,453293,457396,31403,4103,16,21600,8.65366804777
421891,456265,457396,34374,1131,16,21600,31.3925729443
421891,455569,457396,33678,1827,16,21600,19.4334975369
421891,455658,457396,33767,1738,16,21600,20.4286536249
421893,423304,423326,1411,22,1,600,65.1363636364
421894,423311,423312,1417,1,1,600,141.8
421900,423351,423376,1451,25,1,600,59.04
421962,423382,423387,1420,5,1,600,142.5
421965,423401,423408,1436,7,1,600,144.3
422026,423406,423426,1380,20,1,600,70.0
422028,423419,423430,1391,11,1,600,127.454545455
422090,423445,423450,1355,5,1,600,136.0
422092,423451,423474,1359,23,1,600,60.0869565217
422093,423465,423548,1372,83,1,600,17.5301204819
422094,423488,423515,1394,27,1,600,52.6296296296
422097,423539,423562,1442,23,1,600,63.6956521739
422160,423573,423574,1413,1,1,600,141.4
422161,423579,423584,1418,5,1,600,142.3
422163,423586,423595,1423,9,1,600,143.2
422164,423597,423603,1433,6,1,600,143.9
422165,423607,423617,1442,10,1,600,145.2
422167,423615,423621,1448,6,1,600,145.4
422228,423634,423889,1406,255,1,600,6.5137254902
422229,423639,423648,1410,9,1,600,141.9
422231,423660,423666,1429,6,1,600,143.5
422292,423678,423684,1386,6,1,600,139.2
422295,423707,423884,1412,177,1,600,8.97740112994
422358,423904,423914,1546,10,1,600,155.6
422359,423911,423924,1552,13,1,600,120.384615385
422360,423926,423934,1566,8,1,600,157.4
422399,423688,426811,1289,3123,2,7200,1.41274415626
422414,423722,426641,1308,2919,2,7200,1.44809866393
422422,423936,423937,1514,1,1,600,151.5
422423,423945,423956,1522,11,1,600,139.363636364
422425,423953,423954,1528,1,1,600,152.9
422456,423728,426668,1272,2940,2,7200,1.43265306122
422489,423980,423987,1491,7,1,600,149.8
422490,423987,424025,1497,38,1,600,40.3947368421
422491,423999,424005,1508,6,1,600,151.4
422553,424022,424029,1469,7,1,600,147.6
422554,424038,424048,1484,10,1,600,149.4
422555,424045,424066,1490,21,1,600,71.9523809524
422557,424060,424076,1503,16,1,600,94.9375
422618,424079,424100,1461,21,1,600,70.5714285714
422619,424088,424096,1469,8,1,600,147.7
422683,424122,424142,1439,20,1,600,72.95
422685,424128,424144,1443,16,1,600,91.1875
422686,424246,424281,1560,35,1,600,45.5714285714
422687,424251,424276,1564,25,1,600,63.56
422689,424288,424304,1599,16,1,600,100.9375
422753,424316,424337,1563,21,1,600,75.4285714286
422754,424323,424342,1569,19,1,600,83.5789473684
422817,424359,424367,1542,8,1,600,155.0
422818,424365,424371,1547,6,1,600,155.3
422819,424379,424388,1560,9,1,600,156.9
422820,424386,424393,1566,7,1,600,157.3
422837,423735,426723,898,2988,2,7200,1.30053547523
422884,424414,424419,1530,5,1,600,153.5
422886,424421,424442,1535,21,1,600,74.0952380952
422887,424432,424460,1545,28,1,600,56.1785714286
422949,423749,426829,800,3080,2,7200,1.25974025974
422950,424467,424486,1517,19,1,600,80.8421052632
422951,424474,424480,1523,6,1,600,152.9
422952,424492,424498,1540,6,1,600,154.6
422982,423789,426910,807,3121,2,7200,1.25857097084
423003,423796,426795,793,2999,2,7200,1.26442147382
423014,424499,424505,1485,6,1,600,149.1
423015,424509,424516,1494,7,1,600,150.1
423016,424517,424522,1501,5,1,600,150.6
423018,424529,424534,1511,5,1,600,151.6
423019,424536,424541,1517,5,1,600,152.2
423064,423836,426860,772,3024,2,7200,1.25529100529
423080,424546,424561,1466,15,1,600,98.7333333333
423083,424565,424574,1482,9,1,600,149.1
423084,424573,424580,1489,7,1,600,149.6
423130,423879,426810,749,2931,2,7200,1.25554418287
423146,424586,424612,1440,26,1,600,56.3846153846
423147,424593,424598,1446,5,1,600,145.1
423148,424614,424615,1466,1,1,600,146.7
423167,423958,426929,791,2971,2,7200,1.26624032312
423182,424015,427123,833,3108,2,7200,1.26801801802
423197,424030,426978,833,2948,2,7200,1.28256445047
423211,424631,424632,1420,1,1,600,142.1
423213,424638,424647,1425,9,1,600,143.4
423214,424645,424655,1431,10,1,600,144.1
423239,424073,427043,834,2970,2,7200,1.28080808081
423277,424667,424677,1390,10,1,600,140.0
423278,424673,424680,1395,7,1,600,140.2
423279,424689,424720,1410,31,1,600,46.4838709677
423281,424696,424712,1415,16,1,600,89.4375
423282,424724,424972,1442,248,1,600,6.81451612903
423283,424732,424737,1449,5,1,600,145.4
423333,424095,426924,762,2829,2,7200,1.26935312831
423348,424266,427293,918,3027,2,7200,1.30327056492
423348,424773,424781,1425,8,1,600,143.3
423349,424793,424798,1444,5,1,600,144.9
423350,424810,424816,1460,6,1,600,146.6
423353,424841,424848,1488,7,1,600,149.5
423354,424859,424860,1505,1,1,600,150.6
423372,424522,427635,1150,3113,2,7200,1.3694185673
423416,424872,424876,1456,4,1,600,146.0
423418,424901,424918,1483,17,1,600,88.2352941176
423420,424930,424946,1510,16,1,600,95.375
423421,424958,424992,1537,34,1,600,46.2058823529
423445,424599,427693,1154,3094,2,7200,1.37297996122
423469,424607,427537,1138,2930,2,7200,1.38839590444
423482,424984,425002,1502,18,1,600,84.4444444444
423485,425015,425019,1530,4,1,600,153.4
423486,425022,425029,1536,7,1,600,154.3
423487,425031,425041,1544,10,1,600,155.4
423517,424680,427584,1163,2904,2,7200,1.40048209366
423549,425041,425050,1492,9,1,600,150.1
423611,425061,425068,1450,7,1,600,145.7
423613,425068,425085,1455,17,1,600,86.5882352941
423614,425080,425084,1466,4,1,600,147.0
423615,425096,425109,1481,13,1,600,114.923076923
423616,425103,425111,1487,8,1,600,149.5
423617,425482,428607,1865,3125,2,7200,1.5968
423618,425122,425127,1504,5,1,600,150.9
423619,425129,425138,1510,9,1,600,151.9
423635,425594,428889,1959,3295,2,7200,1.59453717754
423677,425754,428833,2077,3079,2,7200,1.67456966548
423680,425139,425147,1459,8,1,600,146.7
423684,425166,425180,1482,14,1,600,106.857142857
423711,425864,428863,2153,2999,2,7200,1.71790596866
423712,425978,428782,2266,2804,2,7200,1.80813124108
423727,426043,429169,2316,3126,2,7200,1.74088291747
423742,426057,429007,2315,2950,2,7200,1.78474576271
423747,425185,425200,1438,15,1,600,96.8666666667
423779,426074,429183,2295,3109,2,7200,1.73817947893
423794,426087,429169,2293,3082,2,7200,1.74399740428
423827,426092,429055,2265,2963,2,7200,1.76442794465
423869,426268,429381,2399,3113,2,7200,1.77063925474
423928,425192,425211,1264,19,1,600,67.5263157895
423929,425212,425215,1283,3,1,600,128.6
423931,426952,427013,3021,61,1,600,50.5245901639
423932,427024,427032,3092,8,1,600,310.0
423933,427044,427049,3111,5,1,600,311.6
423939,426300,429353,2361,3053,2,7200,1.77333770062
423995,427062,427068,3067,6,1,600,307.3
423996,427085,427091,3089,6,1,600,309.5
423997,427103,427116,3106,13,1,600,239.923076923
423998,427128,427136,3130,8,1,600,313.8
424001,427168,427176,3167,8,1,600,317.5
424002,427188,427209,3186,21,1,600,152.714285714
424005,426307,429288,2302,2981,2,7200,1.77222408588
424020,426332,429315,2312,2983,2,7200,1.77505866577
424063,426339,429515,2276,3176,2,7200,1.71662468514
424063,427222,427244,3159,22,1,600,144.590909091
424065,427261,427267,3196,6,1,600,320.2
424066,427279,427285,3213,6,1,600,321.9
424067,427312,427337,3245,25,1,600,130.8
424084,426358,429291,2274,2933,2,7200,1.77531537675
424130,427368,427369,3238,1,1,600,323.9
424131,427385,427388,3254,3,1,600,325.7
424133,427401,427406,3268,5,1,600,327.3
424134,427418,427425,3284,7,1,600,329.1
424135,427451,427457,3316,6,1,600,332.2
424196,427469,427475,3273,6,1,600,327.9
424198,427488,427497,3290,9,1,600,329.9
424256,426423,429540,2167,3117,2,7200,1.69521976259
424319,427520,427533,3201,13,1,600,247.230769231
424320,427544,427550,3224,6,1,600,323.0
424322,427562,427571,3240,9,1,600,324.9
424323,427588,427601,3265,13,1,600,252.153846154
424324,427613,427633,3289,20,1,600,165.45
424386,427644,427651,3258,7,1,600,326.5
424387,427663,427669,3276,6,1,600,328.2
424388,427681,427703,3293,22,1,600,150.681818182
424389,427715,427720,3326,5,1,600,333.1
424391,427732,427765,3341,33,1,600,102.242424242
424452,427777,427781,3325,4,1,600,332.9
424453,427793,427798,3340,5,1,600,334.5
424455,427809,427831,3354,22,1,600,153.454545455
424456,427843,427859,3387,16,1,600,212.6875
424458,427884,427890,3426,6,1,600,343.2
424460,427902,427936,3442,34,1,600,102.235294118
424501,426506,429435,2005,2929,2,7200,1.68453397064
424521,427948,427954,3427,6,1,600,343.3
424522,427966,427990,3444,24,1,600,144.5
424524,428002,428018,3478,16,1,600,218.375
424525,428029,428039,3504,10,1,600,351.4
424526,428051,428064,3525,13,1,600,272.153846154
424528,428076,428087,3548,11,1,600,323.545454545
424529,428099,428107,3570,8,1,600,357.8
424589,426538,429685,1949,3147,2,7200,1.61931998729
424590,428119,428168,3529,49,1,600,73.0204081633
424592,428180,428185,3588,5,1,600,359.3
424593,428197,428207,3604,10,1,600,361.4
424594,428219,428265,3625,46,1,600,79.8043478261
424597,428289,428296,3692,7,1,600,369.9
424604,426655,429695,2051,3040,2,7200,1.67467105263
424658,428308,428373,3650,65,1,600,57.1538461538
424662,428409,428416,3747,7,1,600,375.4
424663,428428,428434,3765,6,1,600,377.1
424666,428459,428465,3793,6,1,600,379.9
424667,428477,428486,3810,9,1,600,381.9
424667,426660,429837,1993,3177,2,7200,1.62732137236
424728,428499,428505,3771,6,1,600,377.7
424730,428517,428523,3787,6,1,600,379.3
424731,428536,428552,3805,16,1,600,238.8125
424732,428565,428587,3833,22,1,600,175.227272727
424794,428599,428611,3805,12,1,600,318.083333333
424795,428626,428632,3831,6,1,600,383.7
424796,428644,428649,3848,5,1,600,385.3
424924,428726,428734,3802,8,1,600,381.0
424927,428759,428764,3832,5,1,600,383.7
424928,428776,428786,3848,10,1,600,385.8
424991,428814,428829,3823,15,1,600,255.866666667
425052,428841,428846,3789,5,1,600,379.4
425054,428859,428863,3805,4,1,600,380.9
425055,449162,449170,24107,8,1,600,2411.5
425056,449167,449183,24111,16,1,600,1507.9375
425060,449200,449347,24140,147,1,600,165.217687075
425123,449225,449226,24102,1,1,600,2410.3
425125,449237,449242,24112,5,1,600,2411.7
425126,449255,449328,24129,73,1,600,331.534246575
425127,449340,449344,24213,4,1,600,2421.7
425128,449360,449366,24232,6,1,600,2423.8
425190,449365,449366,24175,1,1,600,2417.6
425191,449377,449378,24186,1,1,600,2418.7
425193,449383,449401,24190,18,1,600,1344.88888889
425194,449389,449406,24195,17,1,600,1424.23529412
425195,449395,449401,24200,6,1,600,2420.6
425197,449400,449429,24203,29,1,600,835.586206897
425198,449412,449418,24214,6,1,600,2422.0
425260,449424,449429,24164,5,1,600,2416.9
425262,449431,449439,24169,8,1,600,2417.7
425471,426680,429719,1209,3039,2,7200,1.39782823297
425583,426735,429704,1152,2969,2,7200,1.38800943078
425737,426794,429714,1057,2920,2,7200,1.36198630137
425852,426808,429857,956,3049,2,7200,1.31354542473
425966,426822,429911,856,3089,2,7200,1.27711233409
426033,426829,429729,796,2900,2,7200,1.27448275862
426048,426846,429839,798,2993,2,7200,1.26662211828
426063,426872,429804,809,2932,2,7200,1.27592087312
426078,426922,429773,844,2851,2,7200,1.29603647843
426079,426936,430005,857,3069,2,7200,1.27924405344
426255,426943,429808,688,2865,2,7200,1.24013961606
426288,426989,429826,701,2837,2,7200,1.24709199859
426303,427055,429979,752,2924,2,7200,1.25718194254
426318,427140,430058,822,2918,2,7200,1.28169979438
426333,427319,430221,986,2902,2,7200,1.33976567884
426348,427552,430770,1204,3218,2,7200,1.37414543195
426411,427597,430626,1186,3029,2,7200,1.3915483658
426496,427651,430912,1155,3261,2,7200,1.35418583257
426526,427706,430648,1180,2942,2,7200,1.40108769545
426638,428619,431718,1981,3099,2,7200,1.63923846402
426653,428794,431701,2141,2907,2,7200,1.73649810802
426671,428848,431987,2177,3139,2,7200,1.69353297228
426723,428875,431880,2152,3005,2,7200,1.71613976705
426784,428901,432072,2117,3171,2,7200,1.66761274046
426799,429019,431981,2220,2962,2,7200,1.74949358542
426814,429067,432093,2253,3026,2,7200,1.74454725711
426816,429181,432154,2365,2973,2,7200,1.79549276825
426831,429186,431989,2355,2803,2,7200,1.84017124509
426861,429196,432250,2335,3054,2,7200,1.76457105435
426912,429301,432538,2389,3237,2,7200,1.73802903923
426927,429308,432188,2381,2880,2,7200,1.82673611111
426942,429329,432330,2387,3001,2,7200,1.79540153282
426979,429366,432236,2387,2870,2,7200,1.83170731707
427045,429393,432341,2348,2948,2,7200,1.79647218453
427065,449436,449437,22371,1,1,600,2237.2
427066,449443,449450,22377,7,1,600,2238.4
427068,449448,449453,22380,5,1,600,2238.5
427124,429447,432372,2323,2925,2,7200,1.79418803419
427129,449455,449456,22326,1,1,600,2232.7
427130,449460,449461,22330,1,1,600,2233.1
427132,449473,449486,22341,13,1,600,1719.53846154
427194,449483,449525,22289,42,1,600,531.69047619
427196,449488,449498,22292,10,1,600,2230.2
427293,429527,432662,2234,3135,2,7200,1.71259968102
427320,449513,449518,22193,5,1,600,2219.8
427321,449518,449524,22197,6,1,600,2220.3
427383,449530,449535,22147,5,1,600,2215.2
427384,449535,449662,22151,127,1,600,175.417322835
427385,449542,449564,22157,22,1,600,1008.13636364
427447,449547,449559,22100,12,1,600,1842.66666667
427448,449554,449562,22106,8,1,600,2211.4
427510,449577,449582,22067,5,1,600,2207.2
427512,449583,449591,22071,8,1,600,2207.9
427513,449589,449590,22076,1,1,600,2207.7
427538,429552,432599,2014,3047,2,7200,1.66097801116
427574,449597,449618,22023,21,1,600,1049.71428571
427576,449604,449614,22028,10,1,600,2203.8
427577,449609,449658,22032,49,1,600,450.632653061
427586,429698,433022,2112,3324,2,7200,1.63537906137
427638,449630,449642,21992,12,1,600,1833.66666667
427638,429708,432595,2070,2887,2,7200,1.71700727399
427640,449635,449642,21995,7,1,600,2200.2
427695,429716,433014,2021,3298,2,7200,1.61279563372
427701,449653,449659,21952,6,1,600,2195.8
427702,449658,449659,21956,1,1,600,2195.7
427765,449675,449690,21910,15,1,600,1461.66666667
427826,449682,449688,21856,6,1,600,2186.2
427828,449687,449695,21859,8,1,600,2186.7
427829,449692,449693,21863,1,1,600,2186.4
427844,458445,463398,30601,4953,1,36000,7.17827579245
427890,449710,449716,21820,6,1,600,2182.6
427893,449720,449760,21827,40,1,600,546.675
427954,449727,449733,21773,6,1,600,2177.9
427956,449732,449740,21776,8,1,600,2178.4
428018,449746,450024,21728,278,1,600,79.1582733813
428080,449753,449757,21673,4,1,600,2167.7
428081,449758,449774,21677,16,1,600,1355.8125
428082,449771,449784,21689,13,1,600,1669.38461538
428144,449776,449777,21632,1,1,600,2163.3
428145,449791,449798,21646,7,1,600,2165.3
428206,449796,449803,21590,7,1,600,2159.7
428208,449801,449802,21593,1,1,600,2159.4
428269,449807,449818,21538,11,1,600,1959.0
428330,449812,449830,21482,18,1,600,1194.44444444
428333,449830,449844,21497,14,1,600,1536.5
428396,449840,449841,21444,1,1,600,2144.5
428457,449845,449846,21388,1,1,600,2138.9
428458,449851,449859,21393,8,1,600,2140.1
428460,449856,449861,21396,5,1,600,2140.1
428461,449863,449915,21402,52,1,600,412.576923077
428523,449868,449896,21345,28,1,600,763.321428571
428524,449873,449874,21349,1,1,600,2135.0
428525,449879,449883,21354,4,1,600,2135.8
428587,449884,449889,21297,5,1,600,2130.2
428588,449896,449902,21308,6,1,600,2131.4
428608,429726,432802,1118,3076,2,7200,1.36345903771
428649,449901,449928,21252,27,1,600,788.111111111
428651,449906,449907,21255,1,1,600,2125.6
428652,449913,449922,21261,9,1,600,2127.0
428713,449918,449939,21205,21,1,600,1010.76190476
428715,449923,449954,21208,31,1,600,685.129032258
428716,449941,449947,21225,6,1,600,2123.1
428717,449946,449950,21229,4,1,600,2123.3
428719,449951,449957,21232,6,1,600,2123.8
428720,449957,449964,21237,7,1,600,2124.4
428782,449962,449966,21180,4,1,600,2118.4
428783,449974,449975,21191,1,1,600,2119.2
428783,429733,432616,950,2883,2,7200,1.32951786334
428784,449979,449985,21195,6,1,600,2120.1
428835,429742,432720,907,2978,2,7200,1.30456682337
428847,449990,449997,21143,7,1,600,2115.0
428848,449995,450048,21147,53,1,600,400.0
428865,429786,433160,921,3374,2,7200,1.27296976882
428889,429816,432561,927,2745,2,7200,1.33770491803
428910,450002,450008,21092,6,1,600,2109.8
428911,450007,450014,21096,7,1,600,2110.3
429007,429823,432774,816,2951,2,7200,1.27651643511
429056,429838,432866,782,3028,2,7200,1.25825627477
429170,429849,432926,679,3077,2,7200,1.22066948326
429172,429856,432758,684,2902,2,7200,1.23569951757
429187,429869,433138,682,3269,2,7200,1.20862649128
429290,429923,433083,633,3160,2,7200,1.2003164557
429305,429997,433168,692,3171,2,7200,1.21822768843
429320,430017,432973,697,2956,2,7200,1.23579161028
429356,430070,433094,714,3024,2,7200,1.23611111111
429383,430233,433221,850,2988,2,7200,1.28447121821
429437,430638,433624,1201,2986,2,7200,1.4022103148
429516,430660,433810,1144,3150,2,7200,1.36317460317
429540,430782,433753,1242,2971,2,7200,1.41804106361
429685,430924,433773,1239,2849,2,7200,1.43488943489
429700,431714,434954,2014,3240,2,7200,1.62160493827
429716,431731,434979,2015,3248,2,7200,1.6203817734
429717,431892,435035,2175,3143,2,7200,1.69201399936
429732,431993,435098,2261,3105,2,7200,1.72818035427
429733,432000,435473,2267,3473,2,7200,1.65274978405
429776,432007,434760,2231,2753,2,7200,1.81038866691
429806,432084,435203,2278,3119,2,7200,1.73036229561
429821,432106,435385,2285,3279,2,7200,1.69685879841
429836,432166,435144,2330,2978,2,7200,1.78240429819
429852,432201,435296,2349,3095,2,7200,1.75896607431
429853,432248,435168,2395,2920,2,7200,1.82020547945
429868,432262,435483,2394,3221,2,7200,1.74324743868
429913,432342,435169,2429,2827,2,7200,1.85921471525
429980,432353,435367,2373,3014,2,7200,1.78732581287
430007,432384,435352,2377,2968,2,7200,1.80087601078
430058,432549,435507,2491,2958,2,7200,1.84212305612
430221,432573,435621,2352,3048,2,7200,1.77165354331
430626,432607,435493,1981,2886,2,7200,1.68641718642
430650,432614,435629,1964,3015,2,7200,1.65140961857
430771,432628,435875,1857,3247,2,7200,1.57191253465
430913,432673,435479,1760,2806,2,7200,1.62722736992
431702,432732,435944,1030,3212,2,7200,1.32067247821
431720,432769,435698,1049,2929,2,7200,1.35814271082
431883,432786,435728,903,2942,2,7200,1.30693405846
431983,432814,435936,831,3122,2,7200,1.26617552851
431998,432878,435942,880,3064,2,7200,1.28720626632
431999,432938,436001,939,3063,2,7200,1.30656219393
432075,432985,436142,910,3157,2,7200,1.28824833703
432096,433027,436099,931,3072,2,7200,1.30305989583
432157,433034,435986,877,2952,2,7200,1.29708672087
432190,433095,436027,905,2932,2,7200,1.30866302865
432238,433106,435878,868,2772,2,7200,1.31313131313
432253,433150,436253,897,3103,2,7200,1.28907508862
432332,433172,436486,840,3314,2,7200,1.25347012674
432347,433180,436244,833,3064,2,7200,1.27186684073
432374,433233,436476,859,3243,2,7200,1.2648781992
432541,433552,436530,1011,2978,2,7200,1.33948959033
432562,433636,436776,1074,3140,2,7200,1.34203821656
432595,433765,436851,1170,3086,2,7200,1.37913156189
432610,433787,436745,1177,2958,2,7200,1.39790398918
432625,433823,437062,1198,3239,2,7200,1.36986724298
432664,434773,437779,2109,3006,2,7200,1.70159680639
432722,434967,438085,2245,3118,2,7200,1.72001282874
432761,434992,438079,2231,3087,2,7200,1.72270813087
432776,435047,438005,2271,2958,2,7200,1.7677484787
432803,435110,438301,2307,3191,2,7200,1.72297085553
432867,435157,438308,2290,3151,2,7200,1.72675341162
432927,435181,438216,2254,3035,2,7200,1.74266886326
432976,435186,438303,2210,3117,2,7200,1.7090150786
433015,435215,438460,2200,3245,2,7200,1.67796610169
433030,435308,438563,2278,3255,2,7200,1.69984639017
433084,435364,438329,2280,2965,2,7200,1.76897133221
433099,435379,438349,2280,2970,2,7200,1.76767676768
433139,435397,438282,2258,2885,2,7200,1.78266897747
433163,435485,438565,2322,3080,2,7200,1.7538961039
433178,435492,438364,2314,2872,2,7200,1.80571030641
433220,435499,438762,2279,3263,2,7200,1.69843702115
433625,435506,438599,1881,3093,2,7200,1.60814742968
433755,435519,438600,1764,3081,2,7200,1.57254138267
433774,435633,438626,1859,2993,2,7200,1.62111593719
433813,435641,438571,1828,2930,2,7200,1.62389078498
434679,458309,998340,23630,540031,6,540000,1.0437567473
434762,435710,438798,948,3088,2,7200,1.30699481865
434944,458314,514698,23370,56384,6,180000,1.4144792849
434955,435740,438734,785,2994,2,7200,1.26219104876
434980,435886,438671,906,2785,2,7200,1.32531418312
435037,435898,439062,861,3164,2,7200,1.27212389381
435101,435949,438828,848,2879,2,7200,1.29454671761
435146,435956,438962,810,3006,2,7200,1.26946107784
435170,435961,439248,791,3287,2,7200,1.24064496501
435172,435999,439100,827,3101,2,7200,1.26668816511
435205,436013,439026,808,3013,2,7200,1.26817125788
435299,436039,438980,740,2941,2,7200,1.25161509691
435353,436111,438974,758,2863,2,7200,1.26475724764
435368,436154,439132,786,2978,2,7200,1.2639355272
435386,436256,439317,870,3061,2,7200,1.28422084286
435474,436265,439455,791,3190,2,7200,1.24796238245
435490,436488,439466,998,2978,2,7200,1.33512424446
435491,436498,439268,1007,2770,2,7200,1.36353790614
435506,436543,439923,1037,3380,2,7200,1.30680473373
435521,436557,439618,1036,3061,2,7200,1.33845148644
435621,436757,439918,1136,3161,2,7200,1.35937994306
435637,436788,439752,1151,2964,2,7200,1.3883265857
435700,436864,440009,1164,3145,2,7200,1.37011128776
435730,437075,440026,1345,2951,2,7200,1.45577770247
435876,437790,440695,1914,2905,2,7200,1.65886402754
435890,438017,440947,2127,2930,2,7200,1.72593856655
435939,438090,441066,2151,2976,2,7200,1.72278225806
435954,438097,441173,2143,3076,2,7200,1.6966840052
435956,438228,441443,2272,3215,2,7200,1.7066874028
435989,438294,441543,2305,3249,2,7200,1.70944906125
436004,438313,441344,2309,3031,2,7200,1.7617947872
436028,438319,441424,2291,3105,2,7200,1.73784219002
436101,438325,441467,2224,3142,2,7200,1.70782940802
436144,438342,441357,2198,3015,2,7200,1.72902155887
436246,438360,441509,2114,3149,2,7200,1.67132422991
436261,438376,441346,2115,2970,2,7200,1.71212121212
436476,438473,441167,1997,2694,2,7200,1.74127691166
436491,438575,441846,2084,3271,2,7200,1.63711403241
436531,438582,441360,2051,2778,2,7200,1.73830093593
436745,438589,441515,1844,2926,2,7200,1.63021189337
436776,438611,441801,1835,3190,2,7200,1.57523510972
436851,438618,441659,1767,3041,2,7200,1.58105886222
437063,438638,441856,1575,3218,2,7200,1.48943443132
437782,438683,441656,901,2973,2,7200,1.30306088126
438006,438746,441867,740,3121,2,7200,1.23710349247
438081,438775,441765,694,2990,2,7200,1.23210702341
438096,438810,441804,714,2994,2,7200,1.23847695391
438217,438840,441983,623,3143,2,7200,1.19821826281
438284,438974,441972,690,2998,2,7200,1.23015343562
438302,438986,442176,684,3190,2,7200,1.2144200627
438317,438993,442090,676,3097,2,7200,1.21827575073
438318,439038,442109,720,3071,2,7200,1.23445131879
438333,439074,442313,741,3239,2,7200,1.22877431306
438351,439112,442092,761,2980,2,7200,1.25536912752
438366,439144,442370,778,3226,2,7200,1.24116553007
438463,439260,442191,797,2931,2,7200,1.27192084613
438563,439280,442256,717,2976,2,7200,1.24092741935
438578,439329,442328,751,2999,2,7200,1.2504168056
438580,439468,442564,888,3096,2,7200,1.28682170543
438601,439478,442454,877,2976,2,7200,1.29469086022
438602,439630,442750,1028,3120,2,7200,1.32948717949
438626,439763,442906,1137,3143,2,7200,1.36175628381
438672,439930,442915,1258,2985,2,7200,1.42144053601
438735,439937,443019,1202,3082,2,7200,1.39000648929
438766,440022,442993,1256,2971,2,7200,1.42275328172
438799,440038,443055,1239,3017,2,7200,1.41067285383
438829,440708,443755,1879,3047,2,7200,1.61667213653
438962,440959,444170,1997,3211,2,7200,1.62192463407
438977,441078,444119,2101,3041,2,7200,1.69089115423
438992,441179,444302,2187,3123,2,7200,1.70028818444
439029,441186,444468,2157,3282,2,7200,1.65722120658
439062,441356,444046,2294,2690,2,7200,1.85278810409
439101,441363,444320,2262,2957,2,7200,1.76496449104
439134,441370,444645,2236,3275,2,7200,1.6827480916
439249,441377,444362,2128,2985,2,7200,1.71289782245
439270,441436,444543,2166,3107,2,7200,1.69713550048
439319,441456,444327,2137,2871,2,7200,1.74433995124
439458,441480,444479,2022,2999,2,7200,1.67422474158
439473,441522,444674,2049,3152,2,7200,1.65006345178
439618,441529,444336,1911,2807,2,7200,1.68079800499
439754,441555,444413,1801,2858,2,7200,1.63016095171
439919,441668,444744,1749,3076,2,7200,1.56859557867
439934,441675,444703,1741,3028,2,7200,1.5749669749
440009,441777,444816,1768,3039,2,7200,1.58177031918
440028,441813,445063,1785,3250,2,7200,1.54923076923
440698,441820,444974,1122,3154,2,7200,1.35573874445
440949,441858,444817,909,2959,2,7200,1.30719837783
441067,441868,444976,801,3108,2,7200,1.25772200772
441170,441879,444808,709,2929,2,7200,1.24206213725
441185,441984,445070,799,3086,2,7200,1.25891121192
441345,441995,445104,650,3109,2,7200,1.20907044066
441361,442103,445206,742,3103,2,7200,1.23912342894
441362,442110,445208,748,3098,2,7200,1.24144609425
441363,442121,445069,758,2948,2,7200,1.25712347354
441427,442189,445380,762,3191,2,7200,1.23879661548
441445,442203,445359,758,3156,2,7200,1.2401774398
441469,442268,445167,799,2899,2,7200,1.2756122801
441512,442325,445259,813,2934,2,7200,1.27709611452
441526,442341,445473,815,3132,2,7200,1.26021711367
441545,442382,445356,837,2974,2,7200,1.28143913921
441657,442466,445525,809,3059,2,7200,1.26446551161
441672,442577,445530,905,2953,2,7200,1.30646799865
441766,442762,445879,996,3117,2,7200,1.31953801732
441802,442918,446181,1116,3263,2,7200,1.34201654919
441817,442928,445706,1111,2778,2,7200,1.39992800576
441847,443007,445870,1160,2863,2,7200,1.40516940272
441862,443031,446176,1169,3145,2,7200,1.37170111288
441877,443067,446057,1190,2990,2,7200,1.39799331104
441974,443767,446680,1793,2913,2,7200,1.6155166495
441989,444057,447006,2068,2949,2,7200,1.7012546626
442092,444131,447294,2039,3163,2,7200,1.64464116345
442093,444183,447450,2090,3267,2,7200,1.63973063973
442112,444314,447601,2202,3287,2,7200,1.66991177365
442178,444332,447190,2154,2858,2,7200,1.75367389783
442193,444338,447441,2145,3103,2,7200,1.69126651627
442257,444348,447265,2091,2917,2,7200,1.71683236202
442314,444375,447355,2061,2980,2,7200,1.69161073826
442329,444425,447446,2096,3021,2,7200,1.69380999669
442372,444480,447629,2108,3149,2,7200,1.66941886313
442457,444490,447345,2033,2855,2,7200,1.71208406305
442566,444555,447495,1989,2940,2,7200,1.67653061224
442750,444657,447742,1907,3085,2,7200,1.61815235008
442908,444687,447889,1779,3202,2,7200,1.55559025609
442923,444715,447718,1792,3003,2,7200,1.59673659674
442995,444756,447837,1761,3081,2,7200,1.57156767283
443020,444820,447690,1800,2870,2,7200,1.62717770035
443056,444828,447739,1772,2911,2,7200,1.60872552387
443760,444834,448048,1074,3214,2,7200,1.33416303671
444051,444986,448054,935,3068,2,7200,1.30475880052
444120,444993,448111,873,3118,2,7200,1.27998717126
444171,445075,448211,904,3136,2,7200,1.28826530612
444306,445082,448115,776,3033,2,7200,1.25585229146
444321,445087,448266,766,3179,2,7200,1.24095627556
444336,445116,448414,780,3298,2,7200,1.23650697392
444337,445179,448226,842,3047,2,7200,1.27633738103
444365,445219,448122,854,2903,2,7200,1.2941784361
444414,445226,448194,812,2968,2,7200,1.27358490566
444471,445270,448236,799,2966,2,7200,1.26938637896
444486,445369,448352,883,2983,2,7200,1.29601072746
444543,445376,448563,833,3187,2,7200,1.26137433323
444646,445392,448314,746,2922,2,7200,1.2553045859
444677,445485,448590,808,3105,2,7200,1.26022544283
444704,445537,448619,833,3082,2,7200,1.27027903958
444746,445544,448485,798,2941,2,7200,1.27133628018
444810,445718,449028,908,3310,2,7200,1.27432024169
444825,445883,448957,1058,3074,2,7200,1.34417696812
444827,445890,449150,1063,3260,2,7200,1.32607361963
444975,446069,448856,1094,2787,2,7200,1.3925367779
444990,446189,449375,1199,3186,2,7200,1.37633396108
445066,446196,448780,1130,2584,2,7200,1.43730650155
445081,446692,449760,1611,3068,2,7200,1.52509778357
445082,447018,449891,1936,2873,2,7200,1.67386007658
445106,447203,449974,2097,2771,2,7200,1.75676651029
445167,447277,450271,2110,2994,2,7200,1.70474281897
445206,447306,450416,2100,3110,2,7200,1.67524115756
445222,447357,450373,2135,3016,2,7200,1.70789124668
445261,447367,450439,2106,3072,2,7200,1.685546875
445355,447452,450457,2097,3005,2,7200,1.69783693844
445370,447460,450539,2090,3079,2,7200,1.67879181552
445385,447467,450456,2082,2989,2,7200,1.69655403145
445476,447508,450394,2032,2886,2,7200,1.70408870409
445527,447613,450543,2086,2930,2,7200,1.71194539249
445542,447642,450549,2100,2907,2,7200,1.72239422085
445709,447702,450696,1993,2994,2,7200,1.66566466266
445872,447731,450808,1859,3077,2,7200,1.604159896
445887,447751,450930,1864,3179,2,7200,1.58634790815
446061,447758,450814,1697,3056,2,7200,1.55530104712
446179,447850,450880,1671,3030,2,7200,1.55148514851
446194,447900,451111,1706,3211,2,7200,1.53129866085
446681,448060,451031,1379,2971,2,7200,1.46415348368
447007,448067,451276,1060,3209,2,7200,1.33032097227
447191,448123,451125,932,3002,2,7200,1.31045969354
447267,448130,451246,863,3116,2,7200,1.276957638
447294,448136,451090,842,2954,2,7200,1.28503723764
447346,448206,451414,860,3208,2,7200,1.2680798005
447361,448223,451238,862,3015,2,7200,1.28590381426
447442,448239,451138,797,2899,2,7200,1.27492238703
447458,448248,451416,790,3168,2,7200,1.24936868687
447459,448280,451152,821,2872,2,7200,1.28586350975
447499,448326,451414,827,3088,2,7200,1.26781088083
447601,448364,451545,763,3181,2,7200,1.23986167872
447632,448427,451148,795,2721,2,7200,1.29217199559
447689,448497,451335,808,2838,2,7200,1.28470754052
447720,448575,451595,855,3020,2,7200,1.28311258278
447741,448602,451591,861,2989,2,7200,1.28805620609
447756,448631,451516,875,2885,2,7200,1.30329289428
447838,448792,451939,954,3147,2,7200,1.30314585319
447889,448868,451803,979,2935,2,7200,1.333560477
448050,448970,452059,920,3089,2,7200,1.29783101327
448065,449040,452031,975,2991,2,7200,1.3259779338
448113,449784,452737,1671,2953,2,7200,1.56586522181
448129,449928,453030,1799,3102,2,7200,1.57994842037
448130,450029,453012,1899,2983,2,7200,1.63660744217
448197,450317,453401,2120,3084,2,7200,1.68741893645
448212,450423,453679,2211,3256,2,7200,1.67905405405
448227,450462,453665,2235,3203,2,7200,1.69778332813
448242,450467,453644,2225,3177,2,7200,1.70034623859
448267,450512,453705,2245,3193,2,7200,1.70310053241
448315,450517,453665,2202,3148,2,7200,1.69949174079
448352,450522,453582,2170,3060,2,7200,1.7091503268
448415,450612,453501,2197,2889,2,7200,1.76047075112
448488,450617,453494,2129,2877,2,7200,1.74000695169
448564,450623,453658,2059,3035,2,7200,1.6784184514
448591,450737,453487,2146,2750,2,7200,1.78036363636
448621,450862,453876,2241,3014,2,7200,1.74353019244
448782,450867,453955,2085,3088,2,7200,1.67519430052
448857,450957,454032,2100,3075,2,7200,1.68292682927
448960,451007,454034,2047,3027,2,7200,1.67624710935
449030,451080,454239,2050,3159,2,7200,1.64893953783
449151,451147,454350,1996,3203,2,7200,1.62316578208
449222,450013,450018,791,5,1,600,79.6
449224,450018,450026,794,8,1,600,80.2
449225,450024,450034,799,10,1,600,80.9
449227,450042,450049,815,7,1,600,82.2
449228,450047,450048,819,1,1,600,82.0
449290,450053,450062,763,9,1,600,77.2
449291,450058,450059,767,1,1,600,76.8
449352,450063,450075,711,12,1,600,60.25
449354,450069,450073,715,4,1,600,71.9
449355,450076,450083,721,7,1,600,72.8
449378,451153,454101,1775,2948,2,7200,1.60210312076
449416,450081,450082,665,1,1,600,66.6
449418,450087,450093,669,6,1,600,67.5
449419,450092,450093,673,1,1,600,67.4
449420,450097,450098,677,1,1,600,67.8
449425,450115,450131,690,16,1,600,44.125
449426,450120,450124,694,4,1,600,69.8
449489,450131,450148,642,17,1,600,38.7647058824
449490,450136,450207,646,71,1,600,10.0985915493
449491,450142,450164,651,22,1,600,30.5909090909
449493,450149,450160,656,11,1,600,60.6363636364
449494,450154,450166,660,12,1,600,56.0
449495,450160,450165,665,5,1,600,67.0
449497,450165,450166,668,1,1,600,66.9
449498,450170,450176,672,6,1,600,67.8
449561,450188,450189,627,1,1,600,62.8
449562,450194,450199,632,5,1,600,63.7
449563,450199,450216,636,17,1,600,38.4117647059
449565,450204,450210,639,6,1,600,64.5
449567,450222,450223,655,1,1,600,65.6
449568,450227,450233,659,6,1,600,66.5
449571,450238,450243,667,5,1,600,67.2
449572,450243,450244,671,1,1,600,67.2
449635,450256,450262,621,6,1,600,62.7
449636,450261,450285,625,24,1,600,27.0416666667
449638,450266,450267,628,1,1,600,62.9
449640,450277,450286,637,9,1,600,64.6
449702,450282,450299,580,17,1,600,35.1176470588
449704,450295,450301,591,6,1,600,59.7
449706,450300,450301,594,1,1,600,59.5
449708,450311,450312,603,1,1,600,60.4
449709,450324,450331,615,7,1,600,62.2
449712,450334,450335,622,1,1,600,62.3
449713,450340,450355,627,15,1,600,42.8
449762,451198,454396,1436,3198,2,7200,1.44903064415
449776,450350,450354,574,4,1,600,57.8
449777,450356,450361,579,5,1,600,58.4
449780,450368,450374,588,6,1,600,59.4
449781,450373,450408,592,35,1,600,17.9142857143
449782,450379,450416,597,37,1,600,17.1351351351
449784,450384,450392,600,8,1,600,60.8
449785,450389,450390,604,1,1,600,60.5
449848,450402,450410,554,8,1,600,56.2
449849,450407,450415,558,8,1,600,56.6
449850,450412,450422,562,10,1,600,57.2
449851,450417,450433,566,16,1,600,36.375
449853,450430,450437,577,7,1,600,58.4
449854,450435,450443,581,8,1,600,58.9
449855,450441,450463,586,22,1,600,27.6363636364
449857,450446,450447,589,1,1,600,59.0
449858,450451,450456,593,5,1,600,59.8
449859,450457,450551,598,94,1,600,7.36170212766
449861,450474,450487,613,13,1,600,48.1538461538
449892,451203,454360,1311,3157,2,7200,1.41526765917
449924,450485,450490,561,5,1,600,56.6
449925,450490,450532,565,42,1,600,14.4523809524
449926,450496,450498,570,2,1,600,57.2
449928,450501,450502,573,1,1,600,57.4
449929,450506,450507,577,1,1,600,57.8
449930,450530,450536,600,6,1,600,60.6
449932,450535,450536,603,1,1,600,60.4
449933,450541,450553,608,12,1,600,51.6666666667
449934,450546,450568,612,22,1,600,28.8181818182
449936,450551,450557,615,6,1,600,62.1
449976,451208,454265,1232,3057,2,7200,1.40300948642
449997,450557,450705,560,148,1,600,4.78378378378
449998,450562,450563,564,1,1,600,56.5
450000,450575,450580,575,5,1,600,58.0
450001,450580,450596,579,16,1,600,37.1875
450003,450585,450592,582,7,1,600,58.9
450004,450591,450810,587,219,1,600,3.6803652968
450005,450596,450597,591,1,1,600,59.2
450007,450601,450610,594,9,1,600,60.3
450008,450607,450618,599,11,1,600,55.4545454545
450011,450635,450666,624,31,1,600,21.1290322581
450072,450640,450647,568,7,1,600,57.5
450075,450651,450669,576,18,1,600,33.0
450077,450656,450662,579,6,1,600,58.5
450078,450662,450692,584,30,1,600,20.4666666667
450079,450669,450699,590,30,1,600,20.6666666667
450081,450674,450680,593,6,1,600,59.9
450082,450679,450699,597,20,1,600,30.85
450083,450687,450700,604,13,1,600,47.4615384615
450085,450692,450708,607,16,1,600,38.9375
450086,450697,450698,611,1,1,600,61.2
450087,450704,450713,617,9,1,600,62.6
450089,450709,450735,620,26,1,600,24.8461538462
450090,450716,450724,626,8,1,600,63.4
450091,450721,450727,630,6,1,600,63.6
450153,450727,450736,574,9,1,600,58.3
450154,450732,450740,578,8,1,600,58.6
450156,450745,450752,589,7,1,600,59.6
450157,450750,450755,593,5,1,600,59.8
450159,450756,450762,597,6,1,600,60.3
450160,450761,450770,601,9,1,600,61.0
450162,450766,450767,604,1,1,600,60.5
450163,450773,450788,610,15,1,600,41.6666666667
450164,450778,450779,614,1,1,600,61.5
450166,450784,450860,618,76,1,600,9.13157894737
450227,450789,450790,562,1,1,600,56.3
450229,450794,450826,565,32,1,600,18.65625
450230,450801,450812,571,11,1,600,52.9090909091
450231,450807,450815,576,8,1,600,58.4
450233,450812,450813,579,1,1,600,58.0
450234,450817,450823,583,6,1,600,58.9
450235,450823,450838,588,15,1,600,40.2
450237,450828,450847,591,19,1,600,32.1052631579
450238,450835,450845,597,10,1,600,60.7
450239,450841,450856,602,15,1,600,41.1333333333
450241,450846,450855,605,9,1,600,61.4
450242,450851,450852,609,1,1,600,61.0
450243,450857,450863,614,6,1,600,62.0
450245,450875,450885,630,10,1,600,64.0
450246,450880,450881,634,1,1,600,63.5
450273,451248,454095,975,2847,2,7200,1.34246575342
450307,450886,450895,579,9,1,600,58.8
450309,450891,450895,582,4,1,600,58.6
450310,450896,450897,586,1,1,600,58.7
450312,450902,450913,590,11,1,600,54.6363636364
450313,450907,450936,594,29,1,600,21.4827586207
450315,450912,450921,597,9,1,600,60.6
450317,450925,450926,608,1,1,600,60.9
450319,450931,450942,612,11,1,600,56.6363636364
450320,450936,450941,616,5,1,600,62.1
450321,450941,450942,620,1,1,600,62.1
450324,450952,450953,628,1,1,600,62.9
450325,450964,450973,639,9,1,600,64.8
450376,451271,454182,895,2911,2,7200,1.307454483
450388,450975,450976,587,1,1,600,58.8
450390,450980,450989,590,9,1,600,59.9
450392,450991,450992,599,1,1,600,60.0
450393,450996,451013,603,17,1,600,36.4705882353
450394,451299,454172,905,2873,2,7200,1.31500174034
450395,451002,451029,607,27,1,600,23.4814814815
450396,451014,451039,618,25,1,600,25.72
450399,451025,451042,626,17,1,600,37.8235294118
450400,451030,451063,630,33,1,600,20.0909090909
450402,451036,451041,634,5,1,600,63.9
450418,451322,454488,904,3166,2,7200,1.28553379659
450440,451402,454601,962,3199,2,7200,1.30071897468
450458,451464,454463,1006,2999,2,7200,1.33544514838
450459,451469,454451,1010,2982,2,7200,1.33869885983
450463,451041,451047,578,6,1,600,58.4
450464,451046,451047,582,1,1,600,58.3
450466,451053,451062,587,9,1,600,59.6
450467,451059,451071,592,12,1,600,50.3333333333
450468,451064,451075,596,11,1,600,55.1818181818
450470,451069,451078,599,9,1,600,60.8
450471,451075,451119,604,44,1,600,14.7272727273
450473,451087,451088,614,1,1,600,61.5
450474,451092,451099,618,7,1,600,62.5
450475,451098,451189,623,91,1,600,7.84615384615
450477,451103,451327,626,224,1,600,3.79464285714
450538,451108,451119,570,11,1,600,52.8181818182
450541,451474,454600,933,3126,2,7200,1.29846449136
450541,451119,451125,578,6,1,600,58.4
450542,451126,451127,584,1,1,600,58.5
450544,451131,451132,587,1,1,600,58.8
450545,451137,451144,592,7,1,600,59.9
450546,451142,451148,596,6,1,600,60.2
450547,451160,451181,613,21,1,600,30.1904761905
450549,451166,451217,617,51,1,600,13.0980392157
450557,451571,454748,1014,3177,2,7200,1.31916902738
450558,451615,454615,1057,3000,2,7200,1.35233333333
450610,451171,451178,561,7,1,600,56.8
450612,451176,451354,564,178,1,600,4.16853932584
450613,451182,451255,569,73,1,600,8.79452054795
450614,451187,451195,573,8,1,600,58.1
450616,451192,451199,576,7,1,600,58.3
450617,451216,451223,599,7,1,600,60.6
450618,451221,451250,603,29,1,600,21.7931034483
450620,451227,451235,607,8,1,600,61.5
450621,451232,451366,611,134,1,600,5.55970149254
450622,451237,451244,615,7,1,600,62.2
450624,451255,451261,631,6,1,600,63.7
450685,451260,451268,575,8,1,600,58.3
450686,451266,451270,580,4,1,600,58.4
450689,451283,451323,594,40,1,600,15.85
450690,451289,451297,599,8,1,600,60.7
450692,451294,451314,602,20,1,600,31.1
450697,451649,454617,952,2968,2,7200,1.32075471698
450755,451311,451319,556,8,1,600,56.4
450756,451316,451361,560,45,1,600,13.4444444444
450757,451329,451330,572,1,1,600,57.3
450759,451334,451335,575,1,1,600,57.6
450760,451340,451341,580,1,1,600,58.1
450761,451346,451373,585,27,1,600,22.6666666667
450763,451352,451357,589,5,1,600,59.4
450764,451357,451366,593,9,1,600,60.2
450765,451362,451363,597,1,1,600,59.8
450767,451368,451381,601,13,1,600,47.2307692308
450768,451375,451383,607,8,1,600,61.5
450769,451380,451397,611,17,1,600,36.9411764706
450770,451386,451414,616,28,1,600,23.0
450772,451391,451392,619,1,1,600,62.0
450773,451396,451516,623,120,1,600,6.19166666667
450774,451414,451421,640,7,1,600,64.7
450776,451420,451446,644,26,1,600,25.7692307692
450777,451425,451445,648,20,1,600,33.4
450809,451654,454772,845,3118,2,7200,1.27100705581
450824,451847,455013,1023,3166,2,7200,1.32312065698
450839,451430,451658,591,228,1,600,3.59210526316
450840,451436,451468,596,32,1,600,19.625
450841,451441,451457,600,16,1,600,38.5
450843,451446,451447,603,1,1,600,60.4
450844,451453,451466,609,13,1,600,47.8461538462
450845,451458,451459,613,1,1,600,61.4
450846,451482,451491,636,9,1,600,64.5
450848,451488,451506,640,18,1,600,36.5555555556
450849,451493,451502,644,9,1,600,65.3
450851,451498,451544,647,46,1,600,15.0652173913
450852,451504,451516,652,12,1,600,55.3333333333
450853,451509,451516,656,7,1,600,66.3
450882,451988,455104,1106,3116,2,7200,1.35494223363
450915,451514,451520,599,6,1,600,60.5
450916,451521,451522,605,1,1,600,60.6
450917,451526,451540,609,14,1,600,44.5
450919,451532,451537,613,5,1,600,61.8
450920,451544,451550,624,6,1,600,63.0
450923,451555,451564,632,9,1,600,64.1
450924,451560,451590,636,30,1,600,22.2
450927,451578,451585,651,7,1,600,65.8
450929,451583,451588,654,5,1,600,65.9
450930,451588,451596,658,8,1,600,66.6
450931,451594,451625,663,31,1,600,22.3870967742
450933,451599,451608,666,9,1,600,67.5
450934,452106,455170,1172,3064,2,7200,1.38250652742
450994,451604,451629,610,25,1,600,25.4
450995,451610,451616,615,6,1,600,62.1
450997,451622,451630,625,8,1,600,63.3
450998,451628,451635,630,7,1,600,63.7
451000,451633,451686,633,53,1,600,12.9433962264
451001,451638,451646,637,8,1,600,64.5
451004,451661,451672,657,11,1,600,60.7272727273
451005,451667,451705,662,38,1,600,18.4210526316
451006,451672,451681,666,9,1,600,67.5
451008,451677,451681,669,4,1,600,67.3
451009,451683,451690,674,7,1,600,68.1
451034,452112,455151,1078,3039,2,7200,1.35472194801
451070,451688,451698,618,10,1,600,62.8
451072,451693,451701,621,8,1,600,62.9
451073,451701,451702,628,1,1,600,62.9
451074,451706,451731,632,25,1,600,26.28
451076,451712,451727,636,15,1,600,43.4
451077,451717,451727,640,10,1,600,65.0
451078,451722,451723,644,1,1,600,64.5
451080,451729,451733,649,4,1,600,65.3
451081,451734,451769,653,35,1,600,19.6571428571
451083,451740,451763,657,23,1,600,29.5652173913
451084,451745,451762,661,17,1,600,39.8823529412
451085,451750,451780,665,30,1,600,23.1666666667
451092,452794,455942,1702,3148,2,7200,1.54066073698
451113,453060,456259,1947,3199,2,7200,1.60862769616
451128,453110,456247,1982,3137,2,7200,1.63181383487
451143,453459,456468,2316,3009,2,7200,1.76969092722
451148,451763,451770,615,7,1,600,62.2
451150,451769,451774,619,5,1,600,62.4
451151,451774,451784,623,10,1,600,63.3
451152,451779,451802,627,23,1,600,28.2608695652
451154,451786,451805,632,19,1,600,34.2631578947
451155,451792,451798,637,6,1,600,64.3
451156,451797,451844,641,47,1,600,14.6382978723
451158,451802,451810,644,8,1,600,65.2
451159,451808,451819,649,11,1,600,60.0
451159,453554,456599,2395,3045,2,7200,1.78653530378
451160,451813,451819,653,6,1,600,65.9
451160,453605,456736,2445,3131,2,7200,1.78090067071
451222,451820,451832,598,12,1,600,50.8333333333
451223,451825,451826,602,1,1,600,60.3
451224,451831,451862,607,31,1,600,20.5806451613
451227,451841,451842,614,1,1,600,61.5
451229,451854,451957,625,103,1,600,7.06796116505
451230,451859,451868,629,9,1,600,63.8
451239,453610,456805,2371,3195,2,7200,1.7420970266
451254,453671,456412,2417,2741,2,7200,1.88179496534
451278,453722,456659,2444,2937,2,7200,1.83214164113
451291,451864,451871,573,7,1,600,58.0
451293,451870,451876,577,6,1,600,58.3
451294,451875,451883,581,8,1,600,58.9
451295,451880,451892,585,12,1,600,49.75
451297,451886,451894,589,8,1,600,59.7
451298,451893,451919,595,26,1,600,23.8846153846
451299,451898,451905,599,7,1,600,60.6
451336,453727,456732,2391,3005,2,7200,1.79567387687
451363,451909,451915,546,6,1,600,55.2
451364,451914,451922,550,8,1,600,55.8
451365,451927,451933,562,6,1,600,56.8
451368,451938,451942,570,4,1,600,57.4
451370,451943,451970,573,27,1,600,22.2222222222
451371,451949,451954,578,5,1,600,58.3
451372,451954,451962,582,8,1,600,59.0
451374,451961,451962,587,1,1,600,58.8
451376,451972,451976,596,4,1,600,60.0
451378,451977,451987,599,10,1,600,60.9
451379,451983,451991,604,8,1,600,61.2
451380,451995,452013,615,18,1,600,35.1666666667
451382,452000,452009,618,9,1,600,62.7
451415,453733,456868,2318,3135,2,7200,1.73939393939
451416,453738,456738,2322,3000,2,7200,1.774
451431,453805,456699,2374,2894,2,7200,1.8203178991
451444,452011,452028,567,17,1,600,34.3529411765
451446,452016,452022,570,6,1,600,57.6
451448,452027,452028,579,1,1,600,58.0
451450,452034,452049,584,15,1,600,39.9333333333
451452,452045,452046,593,1,1,600,59.4
451454,452050,452076,596,26,1,600,23.9230769231
451455,452056,452061,601,5,1,600,60.6
451517,452061,452084,544,23,1,600,24.652173913
451518,452066,452088,548,22,1,600,25.9090909091
451519,453811,456938,2292,3127,2,7200,1.73297089862
451519,452074,452078,555,4,1,600,55.9
451522,452085,452239,563,154,1,600,4.65584415584
451523,452090,452207,567,117,1,600,5.84615384615
451526,452101,452106,575,5,1,600,58.0
451527,452119,452125,592,6,1,600,59.8
451529,452125,452144,596,19,1,600,32.3684210526
451530,452130,452140,600,10,1,600,61.0
451547,453929,456893,2382,2964,2,7200,1.8036437247
451592,454008,457034,2416,3026,2,7200,1.79841374752
451593,452141,452156,548,15,1,600,37.5333333333
451594,452146,452147,552,1,1,600,55.3
451596,452152,452159,556,7,1,600,56.3
451597,452164,452170,567,6,1,600,57.3
451598,452170,452179,572,9,1,600,58.1
451600,452175,452246,575,71,1,600,9.0985915493
451601,452180,452187,579,7,1,600,58.6
451602,452186,452193,584,7,1,600,59.1
451604,452198,452199,594,1,1,600,59.5
451605,452203,452211,598,8,1,600,60.6
451607,452209,452439,602,230,1,600,3.61739130435
451608,454104,457214,2496,3110,2,7200,1.80257234727
451668,452214,452236,546,22,1,600,25.8181818182
451669,452226,452227,557,1,1,600,55.8
451672,452237,452244,565,7,1,600,57.2
451673,452242,452243,569,1,1,600,57.0
451675,452248,452264,573,16,1,600,36.8125
451676,452260,452288,584,28,1,600,21.8571428571
451677,452266,452285,589,19,1,600,32.0
451679,452271,452278,592,7,1,600,59.9
451680,452276,452294,596,18,1,600,34.1111111111
451743,452287,452297,544,10,1,600,55.4
451744,452292,452293,548,1,1,600,54.9
451746,452300,452307,554,7,1,600,56.1
451747,452305,452314,558,9,1,600,56.7
451748,452310,452338,562,28,1,600,21.0714285714
451750,452316,452321,566,5,1,600,57.1
451751,452321,452329,570,8,1,600,57.8
451752,452328,452335,576,7,1,600,58.3
451754,452333,452334,579,1,1,600,58.0
451755,452339,452351,584,12,1,600,49.6666666667
451757,452344,452353,587,9,1,600,59.6
451758,452349,452355,591,6,1,600,59.7
451805,454109,456986,2304,2877,2,7200,1.80083420229
451819,452356,452384,537,28,1,600,20.1785714286
451821,452362,452369,541,7,1,600,54.8
451822,452367,452391,545,24,1,600,23.7083333333
451824,452372,452390,548,18,1,600,31.4444444444
451828,452395,452417,567,22,1,600,26.7727272727
451829,452401,452442,572,41,1,600,14.9512195122
451830,452406,452412,576,6,1,600,58.2
451832,452411,452460,579,49,1,600,12.8163265306
451833,452419,452426,586,7,1,600,59.3
451834,452424,452430,590,6,1,600,59.6
451836,452430,452450,594,20,1,600,30.7
451837,452435,452452,598,17,1,600,36.1764705882
451839,452442,452448,603,6,1,600,60.9
451840,452447,452459,607,12,1,600,51.5833333333
451901,452452,452461,551,9,1,600,56.0
451903,452458,452463,555,5,1,600,56.0
451904,452465,452501,561,36,1,600,16.5833333333
451906,452470,452640,564,170,1,600,4.31764705882
451907,452475,452490,568,15,1,600,38.8666666667
451908,452481,452496,573,15,1,600,39.2
451910,452486,452491,576,5,1,600,58.1
451911,452493,452500,582,7,1,600,58.9
451912,452499,452505,587,6,1,600,59.3
451914,452504,452507,590,3,1,600,59.3
451915,452509,452548,594,39,1,600,16.2307692308
451941,454165,457386,2224,3221,2,7200,1.69046879851
451978,452533,452539,555,6,1,600,56.1
451979,452538,452539,559,1,1,600,56.0
451980,452544,452552,564,8,1,600,57.2
451982,452549,452556,567,7,1,600,57.4
451985,452560,452564,575,4,1,600,57.9
451986,452572,452573,586,1,1,600,58.7
451987,452578,452590,591,12,1,600,50.25
451989,452583,452592,594,9,1,600,60.3
451990,452588,452595,598,7,1,600,60.5
451992,452594,452600,602,6,1,600,60.8
451993,452599,452606,606,7,1,600,61.3
451994,452604,452612,610,8,1,600,61.8
451996,452622,452628,626,6,1,600,63.2
451997,452627,452648,630,21,1,600,31.0
452032,454170,457149,2138,2979,2,7200,1.71769050017
452059,452633,452640,574,7,1,600,58.1
452060,452638,452639,578,1,1,600,57.9
452062,454277,457252,2215,2975,2,7200,1.74453781513
452062,452644,452649,582,5,1,600,58.7
452063,452649,452657,586,8,1,600,59.4
452065,452654,452655,589,1,1,600,59.0
452066,452667,452705,601,38,1,600,16.8157894737
452067,452672,452683,605,11,1,600,56.0
452069,452677,452678,608,1,1,600,60.9
452070,452683,452699,613,16,1,600,39.3125
452071,452688,452705,617,17,1,600,37.2941176471
452073,452693,452738,620,45,1,600,14.7777777778
452136,452704,452705,568,1,1,600,56.9
452137,452711,452717,574,6,1,600,58.0
452141,452727,452743,586,16,1,600,37.625
452144,452751,452757,607,6,1,600,61.3
452147,452762,452768,615,6,1,600,62.1
452209,452767,452821,558,54,1,600,11.3333333333
452211,452778,452799,567,21,1,600,28.0
452215,452801,452802,586,1,1,600,58.7
452218,452812,452819,594,7,1,600,60.1
452220,452817,452823,597,6,1,600,60.3
452221,452823,452828,602,5,1,600,60.7
452222,452828,452829,606,1,1,600,60.7
452285,452841,452846,556,5,1,600,56.1
452286,452846,452847,560,1,1,600,56.1
452288,452851,452857,563,6,1,600,56.9
452289,452857,452862,568,5,1,600,57.3
452291,452862,452863,571,1,1,600,57.2
452292,452868,452875,576,7,1,600,58.3
452293,452873,452881,580,8,1,600,58.8
452295,452878,452913,583,35,1,600,17.6571428571
452296,452891,452904,595,13,1,600,46.7692307692
452298,452896,452897,598,1,1,600,59.9
452299,452902,452907,603,5,1,600,60.8
452300,452907,452908,607,1,1,600,60.8
452302,452913,452919,611,6,1,600,61.7
452303,452918,452925,615,7,1,600,62.2
452365,452923,453157,558,234,1,600,3.38461538462
452366,452930,452931,564,1,1,600,56.5
452367,452935,452940,568,5,1,600,57.3
452369,452941,452944,572,3,1,600,57.5
452370,452946,452961,576,15,1,600,39.4
452374,452969,452999,595,30,1,600,20.8333333333
452376,452975,452980,599,5,1,600,60.4
452377,452980,452987,603,7,1,600,61.0
452378,452985,452986,607,1,1,600,60.8
452440,452991,452998,551,7,1,600,55.8
452441,452996,453005,555,9,1,600,56.4
452443,453002,453027,559,25,1,600,23.36
452444,453009,453010,565,1,1,600,56.6
452445,453015,453048,570,33,1,600,18.2727272727
452447,453020,453027,573,7,1,600,58.0
452448,453025,453039,577,14,1,600,42.2142857143
452450,453038,453043,588,5,1,600,59.3
452451,453044,453048,593,4,1,600,59.7
452452,453049,453059,597,10,1,600,60.7
452454,453054,453091,600,37,1,600,17.2162162162
452455,453072,453096,617,24,1,600,26.7083333333
452457,453078,453107,621,29,1,600,22.4137931034
452458,453083,453106,625,23,1,600,28.1739130435
452519,453088,453089,569,1,1,600,57.0
452521,453094,453098,573,4,1,600,57.7
452522,453099,453271,577,172,1,600,4.35465116279
452524,453104,453105,580,1,1,600,58.1
452525,453122,453123,597,1,1,600,59.8
452526,453127,453171,601,44,1,600,14.6590909091
452528,453133,453139,605,6,1,600,61.1
452529,453138,453139,609,1,1,600,61.0
452532,453149,453156,617,7,1,600,62.4
452533,453154,453159,621,5,1,600,62.6
452535,453162,453170,627,8,1,600,63.5
452596,453167,453174,571,7,1,600,57.8
452599,453178,453187,579,9,1,600,58.8
452600,453185,453199,585,14,1,600,42.7857142857
452601,453190,453196,589,6,1,600,59.5
452603,453195,453196,592,1,1,600,59.3
452604,453201,453223,597,22,1,600,28.1363636364
452606,453206,453215,600,9,1,600,60.9
452607,453212,453218,605,6,1,600,61.1
452609,453219,453227,610,8,1,600,61.8
452610,453224,453247,614,23,1,600,27.6956521739
452611,453229,453249,618,20,1,600,31.9
452613,453235,453241,622,6,1,600,62.8
452674,453240,453286,566,46,1,600,13.3043478261
452676,453247,453252,571,5,1,600,57.6
452677,453252,453267,575,15,1,600,39.3333333333
452678,453258,453588,580,330,1,600,2.75757575758
452680,453263,453271,583,8,1,600,59.1
452681,453270,453283,589,13,1,600,46.3076923077
452682,453275,453280,593,5,1,600,59.8
452684,453281,453286,597,5,1,600,60.2
452687,453299,453309,612,10,1,600,62.2
452740,454282,457303,1542,3021,2,7200,1.51042701092
452748,453304,453310,556,6,1,600,56.2
452749,453309,453310,560,1,1,600,56.1
452751,453315,453321,564,6,1,600,57.0
452752,453320,453321,568,1,1,600,56.9
452754,453325,453336,571,11,1,600,52.9090909091
452757,453338,453351,581,13,1,600,45.6923076923
452758,453343,453359,585,16,1,600,37.5625
452760,453349,453355,589,6,1,600,59.5
452761,453354,453372,593,18,1,600,33.9444444444
452762,453360,453379,598,19,1,600,32.4736842105
452764,453365,453366,601,1,1,600,60.2
452765,453370,453375,605,5,1,600,61.0
452767,453377,453399,610,22,1,600,28.7272727273
452828,453383,453389,555,6,1,600,56.1
452829,453388,453410,559,22,1,600,26.4090909091
452831,453393,453480,562,87,1,600,7.45977011494
452832,453399,453451,567,52,1,600,11.9038461538
452834,453404,453410,570,6,1,600,57.6
452835,453409,453410,574,1,1,600,57.5
452837,453421,453435,584,14,1,600,42.7142857143
452838,453427,453436,589,9,1,600,59.8
452839,453432,453438,593,6,1,600,59.9
452841,453438,453443,597,5,1,600,60.2
452842,453443,453444,601,1,1,600,60.2
452844,453448,453462,604,14,1,600,44.1428571429
452845,453454,453459,609,5,1,600,61.4
452906,453466,453467,560,1,1,600,56.1
452908,453471,453478,563,7,1,600,57.0
452909,453477,453483,568,6,1,600,57.4
452911,453482,453486,571,4,1,600,57.5
452912,453487,453488,575,1,1,600,57.6
452915,453498,453499,583,1,1,600,58.4
452917,453505,453506,588,1,1,600,58.9
452918,453511,453517,593,6,1,600,59.9
452919,453516,453584,597,68,1,600,9.77941176471
452921,453521,453522,600,1,1,600,60.1
452983,453532,453533,549,1,1,600,55.0
452985,453537,453544,552,7,1,600,55.9
452986,453543,453549,557,6,1,600,56.3
452988,453548,453568,560,20,1,600,29.0
452989,453561,453567,572,6,1,600,57.8
452991,453567,453575,576,8,1,600,58.4
452992,453572,453600,580,28,1,600,21.7142857143
452995,453583,453584,588,1,1,600,58.9
452996,453588,453596,592,8,1,600,60.0
452997,453594,454020,597,426,1,600,2.4014084507
453015,454338,457502,1323,3164,2,7200,1.41814159292
453033,454343,457526,1310,3183,2,7200,1.41156142004
453059,453599,453604,540,5,1,600,54.5
453060,453617,453650,557,33,1,600,17.8787878788
453062,453622,453629,560,7,1,600,56.7
453063,453628,453635,565,7,1,600,57.2
453065,453633,453639,568,6,1,600,57.4
453066,453639,453682,573,43,1,600,14.3255813953
453067,453644,453645,577,1,1,600,57.8
453069,453649,453655,580,6,1,600,58.6
453070,453655,453659,585,4,1,600,58.9
453072,453660,453661,588,1,1,600,58.9
453073,453666,453676,593,10,1,600,60.3
453135,453679,453683,544,4,1,600,54.8
453136,453684,453699,548,15,1,600,37.5333333333
453137,453690,453693,553,3,1,600,55.6
453140,453700,453706,560,6,1,600,56.6
453142,453706,453711,564,5,1,600,56.9
453143,453711,453712,568,1,1,600,56.9
453144,453716,453717,572,1,1,600,57.3
453146,453751,453827,605,76,1,600,8.96052631579
453147,453757,453765,610,8,1,600,61.8
453208,453762,453778,554,16,1,600,35.625
453211,453773,453779,562,6,1,600,56.8
453213,453778,453784,565,6,1,600,57.1
453215,453789,453790,574,1,1,600,57.5
453217,453794,453795,577,1,1,600,57.8
453218,453800,453843,582,43,1,600,14.5348837209
453220,453818,453842,598,24,1,600,25.9166666667
453221,453823,453977,602,154,1,600,4.90909090909
453222,453829,453843,607,14,1,600,44.3571428571
453224,453834,453863,610,29,1,600,22.0344827586
453225,453840,453857,615,17,1,600,37.1764705882
453227,453845,453853,618,8,1,600,62.6
453288,453850,453851,562,1,1,600,56.3
453292,453868,453869,576,1,1,600,57.7
453294,453873,453874,579,1,1,600,58.0
453295,453879,453936,584,57,1,600,11.2456140351
453296,453884,453909,588,25,1,600,24.52
453298,453891,453919,593,28,1,600,22.1785714286
453299,453896,453901,597,5,1,600,60.2
453300,453902,453908,602,6,1,600,60.8
453302,453907,453915,605,8,1,600,61.3
453303,453913,453943,610,30,1,600,21.3333333333
453305,453918,453924,613,6,1,600,61.9
453306,453923,453929,617,6,1,600,62.3
453368,453936,453944,568,8,1,600,57.6
453369,453942,453952,573,10,1,600,58.3
453370,453947,453956,577,9,1,600,58.6
453372,453952,453958,580,6,1,600,58.6
453373,453958,453963,585,5,1,600,59.0
453375,453963,453971,588,8,1,600,59.6
453376,453970,453975,594,5,1,600,59.9
453378,453976,454017,598,41,1,600,15.5853658537
453379,453981,453989,602,8,1,600,61.0
453380,453986,453993,606,7,1,600,61.3
453382,453992,454000,610,8,1,600,61.8
453383,453997,454003,614,6,1,600,62.0
453385,454002,454007,617,5,1,600,62.2
453386,454015,454022,629,7,1,600,63.6
453402,454446,457244,1044,2798,2,7200,1.37312365976
453449,454026,454031,577,5,1,600,58.2
453450,454031,454048,581,17,1,600,35.1764705882
453451,454037,454044,586,7,1,600,59.3
453453,454042,454050,589,8,1,600,59.7
453454,454048,454108,594,60,1,600,10.9
453456,454053,454054,597,1,1,600,59.8
453458,454066,454089,608,23,1,600,27.4347826087
453460,454071,454088,611,17,1,600,36.9411764706
453461,454077,454082,616,5,1,600,62.1
453487,454451,457549,964,3098,2,7200,1.3111684958
453503,454502,457806,999,3304,2,7200,1.30236077482
453504,454546,457418,1042,2872,2,7200,1.36281337047
453523,454082,454132,559,50,1,600,12.18
453525,454093,454100,568,7,1,600,57.5
453527,454098,454099,571,1,1,600,57.2
453528,454116,454127,588,11,1,600,54.4545454545
453531,454127,454128,596,1,1,600,59.7
453532,454132,454133,600,1,1,600,60.1
453533,454138,454144,605,6,1,600,61.1
453535,454143,454198,608,55,1,600,12.0545454545
453536,454149,454153,613,4,1,600,61.7
453537,454154,454155,617,1,1,600,61.8
453539,454159,454166,620,7,1,600,62.7
453540,454177,454183,637,6,1,600,64.3
453542,454183,454192,641,9,1,600,65.0
453583,454552,457595,969,3043,2,7200,1.31843575419
453603,454188,454189,585,1,1,600,58.6
453605,454193,454199,588,6,1,600,59.4
453606,454199,454204,593,5,1,600,59.8
453607,454204,454211,597,7,1,600,60.4
453609,454210,454214,601,4,1,600,60.5
453610,454215,454222,605,7,1,600,61.2
453611,454220,454221,609,1,1,600,61.0
453613,454228,454232,615,4,1,600,61.9
453614,454234,454238,620,4,1,600,62.4
453616,454239,454243,623,4,1,600,62.7
453617,454244,454255,627,11,1,600,58.0
453618,454250,454353,632,103,1,600,7.1359223301
453647,454557,457684,910,3127,2,7200,1.2910137512
453662,454663,457736,1001,3073,2,7200,1.32574031891
453677,454669,457745,992,3076,2,7200,1.32249674902
453678,454725,457372,1047,2647,2,7200,1.39554212316
453680,454255,454262,575,7,1,600,58.2
453681,454260,454307,579,47,1,600,13.3191489362
453684,454271,454276,587,5,1,600,59.2
453685,454289,454298,604,9,1,600,61.3
453688,454300,454318,612,18,1,600,35.0
453689,454305,454328,616,23,1,600,27.7826086957
453691,454311,454312,620,1,1,600,62.1
453692,454316,454333,624,17,1,600,37.7058823529
453694,454322,454329,628,7,1,600,63.5
453694,454731,457613,1037,2882,2,7200,1.35981956974
453709,454853,458094,1144,3241,2,7200,1.35297747609
453755,454327,454333,572,6,1,600,57.8
453757,454333,454340,576,7,1,600,58.3
453758,454351,454352,593,1,1,600,59.4
453760,454357,454378,597,21,1,600,29.4285714286
453761,454362,454371,601,9,1,600,61.0
453763,454367,454377,604,10,1,600,61.4
453764,454373,454379,609,6,1,600,61.5
453826,454378,454645,552,267,1,600,3.06741573034
453827,454384,454389,557,5,1,600,56.2
453828,454389,454395,561,6,1,600,56.7
453830,454394,454400,564,6,1,600,57.0
453831,454402,454410,571,8,1,600,57.9
453833,454408,454421,575,13,1,600,45.2307692308
453834,454413,454417,579,4,1,600,58.3
453835,454419,454542,584,123,1,600,5.74796747967
453837,454424,454428,587,4,1,600,59.1
453879,454859,458161,980,3302,2,7200,1.29678982435
453898,454429,454435,531,6,1,600,53.7
453900,454435,454443,535,8,1,600,54.3
453901,454440,454449,539,9,1,600,54.8
453902,454458,454467,556,9,1,600,56.5
453904,454464,454474,560,10,1,600,57.0
453905,454469,454477,564,8,1,600,57.2
453908,454480,454495,572,15,1,600,39.1333333333
453909,454485,454497,576,12,1,600,49.0
453911,454491,454528,580,37,1,600,16.6756756757
453912,454496,454504,584,8,1,600,59.2
453915,454514,454519,599,5,1,600,60.4
453916,454519,454523,603,4,1,600,60.7
453957,455026,457925,1069,2899,2,7200,1.36874784408
453978,454525,454530,547,5,1,600,55.2
453979,454530,454537,551,7,1,600,55.8
453980,454536,454541,556,5,1,600,56.1
453982,454541,454542,559,1,1,600,56.0
453983,454564,454569,581,5,1,600,58.6
453984,454570,454579,586,9,1,600,59.5
453986,454575,454576,589,1,1,600,59.0
453987,454580,454586,593,6,1,600,59.9
453989,454586,454592,597,6,1,600,60.3
453990,454591,454604,601,13,1,600,47.2307692308
453991,454597,454622,606,25,1,600,25.24
453993,454602,454608,609,6,1,600,61.5
453994,454607,454614,613,7,1,600,62.0
453996,454613,454618,617,5,1,600,62.2
453997,454626,454632,629,6,1,600,63.5
454033,455116,458100,1083,2984,2,7200,1.36293565684
454035,455163,458203,1128,3040,2,7200,1.37105263158
454058,454631,454639,573,8,1,600,58.1
454060,454636,454669,576,33,1,600,18.4545454545
454061,454642,454650,581,8,1,600,58.9
454063,454647,454648,584,1,1,600,58.5
454064,454653,454661,589,8,1,600,59.7
454065,454658,454674,593,16,1,600,38.0625
454067,454677,454710,610,33,1,600,19.4848484848
454068,454682,454689,614,7,1,600,62.1
454069,454687,454693,618,6,1,600,62.4
454071,454693,454714,622,21,1,600,30.619047619
454072,454698,454699,626,1,1,600,62.7
454076,454714,454731,638,17,1,600,38.5294117647
454096,455182,458112,1086,2930,2,7200,1.37064846416
454111,455954,459129,1843,3175,2,7200,1.58047244094
454139,454738,454759,599,21,1,600,29.5238095238
454141,454743,454768,602,25,1,600,25.08
454142,454749,454758,607,9,1,600,61.6
454144,454754,454755,610,1,1,600,61.1
454145,454760,454765,615,5,1,600,62.0
454146,454765,454774,619,9,1,600,62.8
454148,454770,454775,622,5,1,600,62.7
454151,454781,454782,630,1,1,600,63.1
454152,454787,454800,635,13,1,600,49.8461538462
454154,454794,454823,640,29,1,600,23.0689655172
454155,454799,454803,644,4,1,600,64.8
454175,456259,459110,2084,2851,2,7200,1.73097158892
454190,456288,459545,2098,3257,2,7200,1.64415105926
454217,454805,454811,588,6,1,600,59.4
454218,454810,454811,592,1,1,600,59.3
454219,454816,454821,597,5,1,600,60.2
454221,454821,454834,600,13,1,600,47.1538461538
454223,454826,454827,603,1,1,600,60.4
454224,454832,454838,608,6,1,600,61.4
454226,454837,454844,611,7,1,600,61.8
454227,454842,454852,615,10,1,600,62.5
454229,458450,458456,4221,6,1,600,422.7
454230,458456,458472,4226,16,1,600,265.125
454232,458461,458463,4229,2,1,600,423.1
454233,458466,458476,4233,10,1,600,424.3
454234,458472,458473,4238,1,1,600,423.9
454241,456423,459251,2182,2828,2,7200,1.77157001414
454266,456480,459460,2214,2980,2,7200,1.74295302013
454296,458477,458479,4181,2,1,600,418.3
454297,458483,458716,4186,233,1,600,18.9656652361
454299,458495,458496,4196,1,1,600,419.7
454300,458501,458508,4201,7,1,600,420.8
454302,458506,458514,4204,8,1,600,421.2
454303,458511,458518,4208,7,1,600,421.5
454304,458516,458540,4212,24,1,600,176.5
454306,458528,458529,4222,1,1,600,422.3
454307,458533,458539,4226,6,1,600,423.2
454351,456610,459592,2259,2982,2,7200,1.75754527163
454366,456670,459672,2304,3002,2,7200,1.76748834111
454369,458539,458606,4170,67,1,600,63.2388059701
454370,458546,458578,4176,32,1,600,131.5
454371,458551,458552,4180,1,1,600,418.1
454373,458556,458562,4183,6,1,600,418.9
454374,458562,458563,4188,1,1,600,418.9
454377,458574,458581,4197,7,1,600,420.4
454378,458580,458596,4202,16,1,600,263.625
454381,458591,458595,4210,4,1,600,421.4
454382,458597,458606,4215,9,1,600,422.4
454384,458604,458610,4220,6,1,600,422.6
454386,458616,458623,4230,7,1,600,423.7
454396,456710,459753,2314,3043,2,7200,1.76043378245
454448,458621,458627,4173,6,1,600,417.9
454451,458633,458643,4182,10,1,600,419.2
454452,458638,458639,4186,1,1,600,418.7
454454,456744,459802,2290,3058,2,7200,1.74885546109
454455,458650,458656,4195,6,1,600,420.1
454457,458655,458660,4198,5,1,600,420.3
454459,458666,458670,4207,4,1,600,421.1
454461,458672,458699,4211,27,1,600,156.962962963
454469,456750,459699,2281,2949,2,7200,1.77348253645
454490,456756,459639,2266,2883,2,7200,1.78598681929
454522,458678,458683,4156,5,1,600,416.1
454524,458683,458690,4159,7,1,600,416.6
454525,458688,458695,4163,7,1,600,417.0
454527,458694,458700,4167,6,1,600,417.3
454528,458699,458941,4171,242,1,600,18.2355371901
454529,458704,458707,4175,3,1,600,417.8
454531,458709,458715,4178,6,1,600,418.4
454532,458715,458724,4183,9,1,600,419.2
454535,458727,458733,4192,6,1,600,419.8
454536,458732,458739,4196,7,1,600,420.3
454538,458738,458754,4200,16,1,600,263.5
454599,458743,458753,4144,10,1,600,415.4
454601,458748,458767,4147,19,1,600,219.263157895
454602,458754,458761,4152,7,1,600,415.9
454603,458760,458781,4157,21,1,600,198.952380952
454603,456816,459981,2213,3165,2,7200,1.69921011058
454604,456880,460020,2276,3140,2,7200,1.72484076433
454605,458766,458927,4161,161,1,600,26.8447204969
454608,458776,458782,4168,6,1,600,417.4
454609,458781,458786,4172,5,1,600,417.7
454611,458787,458809,4176,22,1,600,190.818181818
454612,458798,458799,4186,1,1,600,418.7
454614,458804,458809,4190,5,1,600,419.5
454620,456905,459953,2285,3048,2,7200,1.74967191601
454621,456950,459884,2329,2934,2,7200,1.79379686435
454675,458809,458822,4134,13,1,600,319.0
454678,458822,458831,4144,9,1,600,415.3
454679,458827,458840,4148,13,1,600,320.076923077
454681,458833,458855,4152,22,1,600,189.727272727
454682,458844,458916,4162,72,1,600,58.8055555556
454683,458850,458867,4167,17,1,600,246.117647059
454685,458855,458862,4170,7,1,600,417.7
454686,458860,459016,4174,156,1,600,27.7564102564
454688,458866,458872,4178,6,1,600,418.4
454748,456997,459929,2249,2932,2,7200,1.767053206
454752,458888,458900,4136,12,1,600,345.666666667
454754,458893,458901,4139,8,1,600,414.7
454757,458906,458912,4149,6,1,600,415.5
454758,458911,458936,4153,25,1,600,167.12
454759,458916,458944,4157,28,1,600,149.464285714
454761,458921,458922,4160,1,1,600,416.1
454762,458928,459144,4166,216,1,600,20.287037037
454764,458933,458957,4169,24,1,600,174.708333333
454765,458938,458957,4173,19,1,600,220.631578947
454766,458944,458959,4178,15,1,600,279.533333333
454767,457046,460059,2279,3013,2,7200,1.75638898108
454828,458949,458955,4121,6,1,600,412.7
454829,458956,458962,4127,6,1,600,413.3
454831,458961,458968,4130,7,1,600,413.7
454832,458966,458971,4134,5,1,600,413.9
454834,458971,458972,4137,1,1,600,413.8
454835,458977,458981,4142,4,1,600,414.6
454836,458988,458989,4152,1,1,600,415.3
454839,458999,459006,4160,7,1,600,416.7
454841,459004,459005,4163,1,1,600,416.4
454842,459010,459016,4168,6,1,600,417.4
454844,459015,459016,4171,1,1,600,417.2
454845,459020,459026,4175,6,1,600,418.1
454848,459044,459050,4196,6,1,600,420.2
454909,459049,459050,4140,1,1,600,414.1
454910,459054,459059,4144,5,1,600,414.9
455015,457161,460093,2146,2932,2,7200,1.73192360164
455106,457226,460305,2120,3079,2,7200,1.68853523871
455151,457255,460128,2104,2873,2,7200,1.73233553777
455172,457264,460115,2092,2851,2,7200,1.73377762189
455943,457316,460187,1373,2871,2,7200,1.47823058168
456248,457384,460293,1136,2909,2,7200,1.39051220351
456263,457397,460338,1134,2941,2,7200,1.38558313499
456415,457429,460433,1014,3004,2,7200,1.33754993342
456469,457513,460560,1044,3047,2,7200,1.34263209714
456599,457538,460181,939,2643,2,7200,1.35527809308
456660,457560,460877,900,3317,2,7200,1.27132951462
456699,457607,460935,908,3328,2,7200,1.27283653846
456732,457624,460608,892,2984,2,7200,1.29892761394
456748,457697,460534,949,2837,2,7200,1.3345082834
456749,457747,460702,998,2955,2,7200,1.33773265651
456806,457757,460680,951,2923,2,7200,1.32535066712
456870,457818,460812,948,2994,2,7200,1.31663326653
456894,457936,461272,1042,3336,2,7200,1.3123501199
456940,458106,461398,1166,3292,2,7200,1.35419198056
456988,458113,460903,1125,2790,2,7200,1.40322580645
457037,458124,461093,1087,2969,2,7200,1.36611653755
457152,458172,461133,1020,2961,2,7200,1.34447821682
457216,458215,461312,999,3097,2,7200,1.32257022925
457246,458324,461372,1078,3048,2,7200,1.35367454068
457261,458330,461454,1069,3124,2,7200,1.34218950064
457306,458335,461462,1029,3127,2,7200,1.32906939559
457373,458340,461273,967,2933,2,7200,1.32969655643
457388,458345,461082,957,2737,2,7200,1.34965290464
457419,458351,461522,932,3171,2,7200,1.29391359193
457503,458356,461631,853,3275,2,7200,1.26045801527
457528,458361,461305,833,2944,2,7200,1.28294836957
457552,458367,461416,815,3049,2,7200,1.26730075435
457598,458372,461335,774,2963,2,7200,1.26122173473
457616,458377,461382,761,3005,2,7200,1.25324459235
457685,458382,461473,697,3091,2,7200,1.22549336784
457737,458388,461314,651,2926,2,7200,1.22248803828
457752,458393,461426,641,3033,2,7200,1.2113419057
457806,458398,461450,592,3052,2,7200,1.19397116645
457927,458406,461700,479,3294,2,7200,1.14541590771
458097,458411,461341,314,2930,2,7200,1.10716723549
458112,458424,461435,312,3011,2,7200,1.10362005978
458113,458429,461623,316,3194,2,7200,1.09893550407
458162,458434,461631,272,3197,2,7200,1.08507976228
458205,458440,461435,235,2995,2,7200,1.07846410684
458517,459060,459068,543,8,1,600,55.1
458519,459065,459078,546,13,1,600,43.0
458521,459076,459077,555,1,1,600,55.6
458523,459081,459089,558,8,1,600,56.6
458524,459088,459098,564,10,1,600,57.4
458525,459093,459094,568,1,1,600,56.9
458527,459099,459108,572,9,1,600,58.1
458528,459104,459207,576,103,1,600,6.59223300971
458529,459109,459148,580,39,1,600,15.8717948718
458591,459115,459120,524,5,1,600,52.9
458592,459120,459128,528,8,1,600,53.6
458593,459126,459132,533,6,1,600,53.9
458595,459138,459159,543,21,1,600,26.8571428571
458596,459144,459148,548,4,1,600,55.2
458597,459149,459166,552,17,1,600,33.4705882353
458599,459154,459169,555,15,1,600,38.0
458600,459167,459168,567,1,1,600,56.8
458601,459173,459180,572,7,1,600,57.9
458603,459178,459199,575,21,1,600,28.380952381
458605,459190,459197,585,7,1,600,59.2
458667,459195,459214,528,19,1,600,28.7894736842
458668,459201,459237,533,36,1,600,15.8055555556
458669,459213,459265,544,52,1,600,11.4615384615
458671,459218,459225,547,7,1,600,55.4
458673,459230,459236,557,6,1,600,56.3
458674,459235,459243,561,8,1,600,56.9
458676,459247,459276,571,29,1,600,20.6896551724
458677,459253,459258,576,5,1,600,58.1
458678,459258,459259,580,1,1,600,58.1
458680,459276,459383,596,107,1,600,6.57009345794
458682,459288,459289,606,1,1,600,60.7
458683,459294,459323,611,29,1,600,22.0689655172
458745,459305,459306,560,1,1,600,56.1
458746,459311,459332,565,21,1,600,27.9047619048
458747,459317,459323,570,6,1,600,57.6
458749,459322,459323,573,1,1,600,57.4
458750,459334,459343,584,9,1,600,59.3
458751,459340,459354,589,14,1,600,43.0714285714
458753,459346,459363,593,17,1,600,35.8823529412
458754,459352,459360,598,8,1,600,60.6
458757,459370,459371,613,1,1,600,61.4
458758,459377,459401,619,24,1,600,26.7916666667
458759,459382,459386,623,4,1,600,62.7
458761,459387,459388,626,1,1,600,62.7
458762,459395,459400,633,5,1,600,63.8
458823,459400,459409,577,9,1,600,58.6
458825,459406,459512,581,106,1,600,6.48113207547
458826,459412,459422,586,10,1,600,59.6
458827,459419,459434,592,15,1,600,40.4666666667
458829,459424,459435,595,11,1,600,55.0909090909
458830,459431,459436,601,5,1,600,60.6
458832,459443,459448,611,5,1,600,61.6
458833,459450,459483,617,33,1,600,19.696969697
458834,459455,459497,621,42,1,600,15.7857142857
458836,459460,459461,624,1,1,600,62.5
458837,459480,459488,643,8,1,600,65.1
458838,459495,459501,657,6,1,600,66.3
458900,459502,459510,602,8,1,600,61.0
458901,459508,459525,607,17,1,600,36.7058823529
458902,459515,459524,613,9,1,600,62.2
458904,459521,459522,617,1,1,600,61.8
458905,459527,459532,622,5,1,600,62.7
458906,459535,459553,629,18,1,600,35.9444444444
458907,459541,459551,634,10,1,600,64.4
458909,459547,459550,638,3,1,600,64.1
458911,459569,459574,658,5,1,600,66.3
458973,459574,459581,601,7,1,600,60.8
458974,459580,459587,606,7,1,600,61.3
458976,459587,459588,611,1,1,600,61.2
458977,459594,459604,617,10,1,600,62.7
458978,459616,459620,638,4,1,600,64.2
458980,459631,459638,651,7,1,600,65.8
458981,459655,459665,674,10,1,600,68.4
458982,459677,459680,695,3,1,600,69.8
458984,459692,459698,708,6,1,600,71.4
458985,459713,459742,728,29,1,600,26.1034482759
458986,459754,459759,768,5,1,600,77.3
458987,459770,459781,783,11,1,600,72.1818181818
458989,459793,459802,804,9,1,600,81.3
458990,459817,459827,827,10,1,600,83.7
458991,459839,459846,848,7,1,600,85.5
458993,459858,459863,865,5,1,600,87.0
459054,459875,459890,821,15,1,600,55.7333333333
459059,459926,459950,867,24,1,600,37.125
459060,459968,459976,908,8,1,600,91.6
459061,461098,461418,2037,320,1,600,7.365625
459063,461104,461134,2041,30,1,600,69.0333333333
459064,461147,461153,2083,6,1,600,208.9
459067,461176,461182,2109,6,1,600,211.5
459068,461193,461200,2125,7,1,600,213.2
459070,461210,461218,2140,8,1,600,214.8
459112,459133,462031,21,2898,2,7200,1.00724637681
459130,459162,462231,32,3069,2,7200,1.01042684914
459131,461230,461236,2099,6,1,600,210.5
459133,461248,461254,2115,6,1,600,212.1
459134,461266,461281,2132,15,1,600,143.133333333
459135,461293,461294,2158,1,1,600,215.9
459137,461305,461306,2168,1,1,600,216.9
459138,461320,461327,2182,7,1,600,218.9
459140,461326,461330,2186,4,1,600,219.0
459141,461331,461343,2190,12,1,600,183.5
459142,461355,461364,2213,9,1,600,222.2
459144,461360,461362,2216,2,1,600,221.8
459145,461373,461381,2228,8,1,600,223.6
459207,461385,461394,2178,9,1,600,218.7
459208,461391,461399,2183,8,1,600,219.1
459209,461403,461410,2194,7,1,600,220.1
459212,461427,461432,2215,5,1,600,222.0
459213,461439,461454,2226,15,1,600,149.4
459215,461444,461450,2229,6,1,600,223.5
459216,461456,461462,2240,6,1,600,224.6
459218,461461,461467,2243,6,1,600,224.9
459219,461467,461476,2248,9,1,600,225.7
459220,461472,461512,2252,40,1,600,57.3
459222,461477,461478,2255,1,1,600,225.6
459223,461523,461524,2300,1,1,600,230.1
459254,459270,462351,16,3081,2,7200,1.00519311912
459286,461540,461541,2254,1,1,600,225.5
459287,461546,461550,2259,4,1,600,226.3
459289,461558,461563,2269,5,1,600,227.4
459290,461563,461600,2273,37,1,600,62.4324324324
459291,461570,461586,2279,16,1,600,143.4375
459293,461576,461604,2283,28,1,600,82.5357142857
459294,461598,461683,2304,85,1,600,28.1058823529
459296,461612,461613,2316,1,1,600,231.7
459297,461620,461628,2323,8,1,600,233.1
459298,461627,461636,2329,9,1,600,233.8
459360,461642,461662,2282,20,1,600,115.1
459360,602972,607771,143612,4799,2,86400,30.9254011252
459361,461648,461650,2287,2,1,600,228.9
459362,461653,461661,2291,8,1,600,229.9
459364,461665,461666,2301,1,1,600,230.2
459365,461671,461834,2306,163,1,600,15.1472392638
459366,461683,461688,2317,5,1,600,232.2
459368,461694,461695,2326,1,1,600,232.7
459370,461707,461719,2337,12,1,600,195.75
459372,461719,461726,2347,7,1,600,235.4
459433,461731,461736,2298,5,1,600,230.3
459435,461743,461834,2308,91,1,600,26.3626373626
459436,461749,462073,2313,324,1,600,8.13888888889
459437,461846,461853,2409,7,1,600,241.6
459439,461851,461858,2412,7,1,600,241.9
459441,461870,461871,2429,1,1,600,243.0
459443,461877,461883,2434,6,1,600,244.0
459444,461884,461888,2440,4,1,600,244.4
459445,461894,461901,2449,7,1,600,245.6
459447,461902,461907,2455,5,1,600,246.0
459460,459473,462349,13,2876,2,7200,1.0045201669
459508,461913,461942,2405,29,1,600,83.9310344828
459509,461919,461924,2410,5,1,600,241.5
459512,461948,461957,2436,9,1,600,244.5
459514,461955,461962,2441,7,1,600,244.8
459515,461969,461972,2454,3,1,600,245.7
459516,461976,461989,2460,13,1,600,190.230769231
459518,461981,461983,2463,2,1,600,246.5
459548,459554,462604,6,3050,2,7200,1.00196721311
459579,461986,462083,2407,97,1,600,25.8144329897
459580,461992,462001,2412,9,1,600,242.1
459582,461997,461999,2415,2,1,600,241.7
459583,462003,462008,2420,5,1,600,242.5
459584,462008,462013,2424,5,1,600,242.9
459586,462013,462049,2427,36,1,600,68.4166666667
459587,462019,462045,2432,26,1,600,94.5384615385
459588,462024,462031,2436,7,1,600,244.3
459590,462031,462049,2441,18,1,600,136.611111111
459591,462036,462045,2445,9,1,600,245.4
459592,462042,462044,2450,2,1,600,245.2
459593,459601,462641,8,3040,2,7200,1.00263157895
459594,462047,462061,2453,14,1,600,176.214285714
459642,459648,462893,6,3245,2,7200,1.00184899846
459655,462052,462060,2397,8,1,600,240.5
459657,462058,462060,2401,2,1,600,240.3
459658,462063,462068,2405,5,1,600,241.0
459675,459684,462844,9,3160,2,7200,1.00284810127
459700,459707,462816,7,3109,2,7200,1.00225152782
459719,462069,462093,2350,24,1,600,98.9166666667
459721,462074,462082,2353,8,1,600,236.1
459722,462098,462104,2376,6,1,600,238.2
459754,459761,462822,7,3061,2,7200,1.00228683437
459784,462103,462104,2319,1,1,600,232.0
459785,462108,462109,2323,1,1,600,232.4
459786,462114,462122,2328,8,1,600,233.6
459802,459810,462800,8,2990,2,7200,1.00267558528
459848,462119,462125,2271,6,1,600,227.7
459849,462124,462130,2275,6,1,600,228.1
459887,459894,462922,7,3028,2,7200,1.00231175694
459910,462130,462137,2220,7,1,600,222.7
459912,462135,462170,2223,35,1,600,64.5142857143
459913,462140,462148,2227,8,1,600,223.5
459914,462146,462147,2232,1,1,600,223.3
459930,459936,462626,6,2690,2,7200,1.00223048327
459954,459960,463217,6,3257,2,7200,1.00184218606
459976,462151,462157,2175,6,1,600,218.1
459977,462156,462164,2179,8,1,600,218.7
459981,459988,462936,7,2948,2,7200,1.00237449118
460021,460028,462912,7,2884,2,7200,1.00242718447
460039,462162,462168,2123,6,1,600,212.9
460060,460068,463171,8,3103,2,7200,1.00257815018
460094,460101,463244,7,3143,2,7200,1.00222717149
460115,460121,463212,6,3091,2,7200,1.00194111938
460130,460137,463154,7,3017,2,7200,1.00232018561
460182,460189,463192,7,3003,2,7200,1.00233100233
460197,460204,463292,7,3088,2,7200,1.00226683938
460294,460300,463507,6,3207,2,7200,1.00187090739
460309,460315,463401,6,3086,2,7200,1.00194426442
460339,460346,463406,7,3060,2,7200,1.0022875817
460436,460442,463440,6,2998,2,7200,1.00200133422
460536,460542,463593,6,3051,2,7200,1.00196656834
460563,460569,463520,6,2951,2,7200,1.00203320908
460609,460615,463498,6,2883,2,7200,1.00208116545
460681,460687,463752,6,3065,2,7200,1.00195758564
460702,460710,463563,8,2853,2,7200,1.0028040659
460815,460821,463840,6,3019,2,7200,1.00198741305
460878,460884,463894,6,3010,2,7200,1.00199335548
460891,461484,476014,593,14530,8,14400,1.04081211287
460905,460912,464274,7,3362,2,7200,1.00208209399
460936,460942,463985,6,3043,2,7200,1.00197173842
461084,461091,464080,7,2989,2,7200,1.00234192037
461099,461110,464269,11,3159,2,7200,1.00348211459
461133,461139,464063,6,2924,2,7200,1.00205198358
461182,462167,462168,985,1,1,600,98.6
461183,462172,462195,989,23,1,600,44.0
461246,462183,462195,937,12,1,600,79.0833333333
461247,462196,462204,949,8,1,600,95.7
461248,462201,462208,953,7,1,600,96.0
461250,462207,462213,957,6,1,600,96.3
461272,461279,464215,7,2936,2,7200,1.00238419619
461274,461285,464159,11,2874,2,7200,1.00382741823
461307,461314,464466,7,3152,2,7200,1.00222081218
461311,462212,462394,901,182,1,600,5.95054945055
461313,462217,462231,904,14,1,600,65.5714285714
461314,462223,462230,909,7,1,600,91.6
461315,462228,462235,913,7,1,600,92.0
461323,461337,464377,14,3040,2,7200,1.00460526316
461324,461343,464058,19,2715,2,7200,1.00699815838
461339,461350,464247,11,2897,2,7200,1.00379703141
461354,461368,464249,14,2881,2,7200,1.00485942381
461373,461379,464363,6,2984,2,7200,1.00201072386
461377,462233,462234,856,1,1,600,85.7
461378,462239,462260,861,21,1,600,42.0
461380,462244,462245,864,1,1,600,86.5
461381,462249,462255,868,6,1,600,87.4
461383,462255,462260,872,5,1,600,87.7
461388,461398,464400,10,3002,2,7200,1.00333111259
461403,461415,464478,12,3063,2,7200,1.00391772772
461418,461433,464378,15,2945,2,7200,1.00509337861
461433,461451,464291,18,2840,2,7200,1.00633802817
461444,462260,462264,816,4,1,600,82.0
461446,462265,462266,819,1,1,600,82.0
461448,462276,462277,828,1,1,600,82.9
461449,461489,464355,40,2866,2,7200,1.01395673412
461450,461495,464385,45,2890,2,7200,1.01557093426
461450,462281,462309,831,28,1,600,30.6785714286
461451,462287,462292,836,5,1,600,84.1
461453,462292,462293,839,1,1,600,84.0
461465,461500,464492,35,2992,2,7200,1.01169786096
461467,461505,464791,38,3286,2,7200,1.01156421181
461468,461511,464753,43,3242,2,7200,1.01326341764
461483,461518,464607,35,3089,2,7200,1.01133052768
461514,462321,462327,807,6,1,600,81.3
461515,462326,462342,811,16,1,600,51.6875
461518,462337,462345,819,8,1,600,82.7
461520,462342,462375,822,33,1,600,25.9090909091
461521,462348,462354,827,6,1,600,83.3
461523,462353,462361,830,8,1,600,83.8
461523,461535,464566,12,3031,2,7200,1.00395908941
461584,462358,462365,774,7,1,600,78.1
461585,462364,462370,779,6,1,600,78.5
461587,462369,462370,782,1,1,600,78.3
461588,462374,462382,786,8,1,600,79.4
461626,461636,464778,10,3142,2,7200,1.00318268619
461642,461659,464946,17,3287,2,7200,1.00517188926
461643,461678,464668,35,2990,2,7200,1.01170568562
461651,462385,462390,734,5,1,600,73.9
461652,462390,462395,738,5,1,600,74.3
461654,462395,462403,741,8,1,600,74.9
461655,462401,462425,746,24,1,600,32.0833333333
461656,462406,462412,750,6,1,600,75.6
461658,462429,462430,771,1,1,600,77.2
461659,462435,462458,776,23,1,600,34.7391304348
461701,461714,464889,13,3175,2,7200,1.00409448819
461721,462440,462445,719,5,1,600,72.4
461722,462445,462451,723,6,1,600,72.9
461725,462456,462466,731,10,1,600,74.1
461726,462461,462473,735,12,1,600,62.25
461727,462467,462472,740,5,1,600,74.5
461729,462472,462478,743,6,1,600,74.9
461730,462477,462485,747,8,1,600,75.5
461793,462488,462495,695,7,1,600,70.2
461854,462493,462494,639,1,1,600,64.0
461917,462504,462510,587,6,1,600,59.3
461918,462510,462541,592,31,1,600,20.0967741935
461919,462515,462516,596,1,1,600,59.7
461921,462533,462534,612,1,1,600,61.3
461922,462538,462559,616,21,1,600,30.3333333333
461923,462544,462550,621,6,1,600,62.7
461925,462549,462560,624,11,1,600,57.7272727273
461926,462554,462714,628,160,1,600,4.925
461988,462560,462594,572,34,1,600,17.8235294118
461989,462565,462566,576,1,1,600,57.7
461990,462570,462571,580,1,1,600,58.1
461992,462576,462581,584,5,1,600,58.9
461993,462581,462590,588,9,1,600,59.7
461994,462586,462637,592,51,1,600,12.6078431373
461996,462592,462598,596,6,1,600,60.2
461997,462597,462598,600,1,1,600,60.1
462035,462092,465042,57,2950,2,7200,1.0193220339
462059,462602,462603,543,1,1,600,54.4
462060,462608,462609,548,1,1,600,54.9
462061,462613,462678,552,65,1,600,9.49230769231
462063,462619,462627,556,8,1,600,56.4
462064,462624,462632,560,8,1,600,56.8
462066,462642,462648,576,6,1,600,58.2
462068,462653,462658,585,5,1,600,59.0
462070,462658,462659,588,1,1,600,58.9
462071,462664,462672,593,8,1,600,60.1
462072,462669,462670,597,1,1,600,59.8
462074,462674,462679,600,5,1,600,60.5
462075,462680,462685,605,5,1,600,61.0
462076,462685,462690,609,5,1,600,61.4
462139,462696,462704,557,8,1,600,56.5
462141,462701,462707,560,6,1,600,56.6
462142,462707,462734,565,27,1,600,21.9259259259
462144,462712,462720,568,8,1,600,57.6
462145,462736,462744,591,8,1,600,59.9
462146,462741,462746,595,5,1,600,60.0
462148,462746,462774,598,28,1,600,22.3571428571
462149,462752,462756,603,4,1,600,60.7
462150,462757,462758,607,1,1,600,60.8
462152,462763,462777,611,14,1,600,44.6428571429
462153,462768,462786,615,18,1,600,35.1666666667
462155,462773,462774,618,1,1,600,61.9
462216,462779,462796,563,17,1,600,34.1176470588
462217,462784,462799,567,15,1,600,38.8
462219,462790,462796,571,6,1,600,57.7
462220,462795,462803,575,8,1,600,58.3
462221,462800,462808,579,8,1,600,58.7
462223,462806,462813,583,7,1,600,59.0
462224,462824,462825,600,1,1,600,60.1
462225,462830,462876,605,46,1,600,14.152173913
462227,462835,462885,608,50,1,600,13.16
462228,462840,462850,612,10,1,600,62.2
462229,462846,462851,617,5,1,600,62.2
462234,462316,465368,82,3052,2,7200,1.02686762779
462291,462851,462857,560,6,1,600,56.6
462292,462857,462869,565,12,1,600,48.0833333333
462294,462862,462867,568,5,1,600,57.3
462295,462867,462868,572,1,1,600,57.3
462297,462873,462933,576,60,1,600,10.6
462298,462878,462893,580,15,1,600,39.6666666667
462300,462883,462889,583,6,1,600,58.9
462301,462913,462914,612,1,1,600,61.3
462302,462918,462932,616,14,1,600,45.0
462304,462924,462925,620,1,1,600,62.1
462305,462929,462974,624,45,1,600,14.8666666667
462306,462935,462984,629,49,1,600,13.8367346939
462308,462965,462971,657,6,1,600,66.3
462309,462982,462995,673,13,1,600,52.7692307692
462350,462419,465400,69,2981,2,7200,1.0231465951
462365,462424,465330,59,2906,2,7200,1.02030282175
462370,462990,462997,620,7,1,600,62.7
462372,462997,463050,625,53,1,600,12.7924528302
462373,463008,463036,635,28,1,600,23.6785714286
462375,463015,463023,640,8,1,600,64.8
462377,463047,463056,670,9,1,600,67.9
462379,463053,463063,674,10,1,600,68.4
462380,463062,463144,682,82,1,600,9.31707317073
462381,463069,463074,688,5,1,600,69.3
462385,463093,463099,708,6,1,600,71.4
462447,463100,463106,653,6,1,600,65.9
462448,463110,463140,662,30,1,600,23.0666666667
462450,463151,463157,701,6,1,600,70.7
462451,463159,463163,708,4,1,600,71.2
462453,463173,463178,720,5,1,600,72.5
462454,463190,463196,736,6,1,600,74.2
462455,463208,463214,753,6,1,600,75.9
462457,463226,463227,769,1,1,600,77.0
462458,463242,463250,784,8,1,600,79.2
462459,463261,463271,802,10,1,600,81.2
462461,463283,463289,822,6,1,600,82.8
462524,463318,463324,794,6,1,600,80.0
462525,463336,463343,811,7,1,600,81.8
462526,463355,463375,829,20,1,600,42.45
462528,463387,463392,859,5,1,600,86.4
462529,463404,463415,875,11,1,600,80.5454545455
462530,463430,463437,900,7,1,600,90.7
462532,463455,463461,923,6,1,600,92.9
462533,463472,463478,939,6,1,600,94.5
462535,463490,463519,955,29,1,600,33.9310344828
462536,463530,463537,994,7,1,600,100.1
462537,463550,463566,1013,16,1,600,64.3125
462599,463579,463586,980,7,1,600,98.7
462600,463598,463604,998,6,1,600,100.4
462603,463627,463642,1024,15,1,600,69.2666666667
462605,463653,463661,1048,8,1,600,105.6
462606,463673,463677,1067,4,1,600,107.1
462607,463689,463695,1082,6,1,600,108.8
462607,462637,465961,30,3324,2,7200,1.00902527076
462609,463706,463712,1097,6,1,600,110.3
462610,463724,463736,1114,12,1,600,93.8333333333
462612,463748,463757,1136,9,1,600,114.5
462613,463768,463769,1155,1,1,600,115.6
462614,463780,463781,1166,1,1,600,116.7
462616,463793,463799,1177,6,1,600,118.3
462617,463811,463929,1194,118,1,600,11.1186440678
462628,462725,465701,97,2976,2,7200,1.03259408602
462643,462730,465767,87,3037,2,7200,1.02864669081
462679,463941,464069,1262,128,1,600,10.859375
462683,464108,464112,1425,4,1,600,142.9
462684,464124,464130,1440,6,1,600,144.6
462686,464142,464277,1456,135,1,600,11.7851851852
462687,464372,464390,1685,18,1,600,94.6111111111
462689,464377,464403,1688,26,1,600,65.9230769231
462691,464396,464403,1705,7,1,600,171.2
462693,464401,464407,1708,6,1,600,171.4
462694,464407,464445,1713,38,1,600,46.0789473684
462696,464438,464459,1742,21,1,600,83.9523809524
462697,464443,464452,1746,9,1,600,175.5
462759,464457,464465,1698,8,1,600,170.6
462760,464463,464524,1703,61,1,600,28.9180327869
462761,464471,464516,1710,45,1,600,39.0
462763,464495,464501,1732,6,1,600,173.8
462764,464513,464522,1749,9,1,600,175.8
462765,464538,464562,1773,24,1,600,74.875
462767,464543,464551,1776,8,1,600,178.4
462769,464549,464569,1780,20,1,600,90.0
462770,464563,464569,1793,6,1,600,179.9
462801,462819,465880,18,3061,2,7200,1.00588043123
462816,462897,466120,81,3223,2,7200,1.02513186472
462831,462902,466083,71,3181,2,7200,1.02232002515
462831,464584,464591,1753,7,1,600,176.0
462833,464589,464594,1756,5,1,600,176.1
462834,464595,464603,1761,8,1,600,176.9
462836,464600,464606,1764,6,1,600,177.0
462838,464612,464619,1774,7,1,600,178.1
462840,464624,464976,1784,352,1,600,6.06818181818
462841,464629,464643,1788,14,1,600,128.714285714
462843,464637,464647,1794,10,1,600,180.4
462844,464642,464652,1798,10,1,600,180.8
462845,464655,464659,1810,4,1,600,181.4
462846,462908,465807,62,2899,2,7200,1.02138668506
462895,462942,465777,47,2835,2,7200,1.01657848325
462907,464662,464748,1755,86,1,600,21.4069767442
462908,464669,464693,1761,24,1,600,74.375
462911,464689,464695,1778,6,1,600,178.4
462912,464706,464713,1794,7,1,600,180.1
462913,462947,466207,34,3260,2,7200,1.01042944785
462914,464713,464746,1799,33,1,600,55.5151515152
462915,464724,464924,1809,200,1,600,10.045
462916,464758,464766,1842,8,1,600,185.0
462918,464781,464802,1863,21,1,600,89.7142857143
462919,464800,464809,1881,9,1,600,189.0
462921,464806,464824,1885,18,1,600,105.722222222
462928,462953,466023,25,3070,2,7200,1.00814332248
462943,462960,466040,17,3080,2,7200,1.00551948052
462982,464830,464835,1848,5,1,600,185.3
462983,464835,464836,1852,1,1,600,185.3
462986,464849,465074,1863,225,1,600,9.28
462988,464855,464861,1867,6,1,600,187.3
462989,464862,464865,1873,3,1,600,187.6
463051,464874,464882,1823,8,1,600,183.1
463052,464881,464885,1829,4,1,600,183.3
463053,464893,464932,1840,39,1,600,48.1794871795
463055,464906,464911,1851,5,1,600,185.6
463058,464944,464952,1886,8,1,600,189.4
463105,463117,493139,12,30022,1,604800,1.00039970688
463119,464961,464967,1842,6,1,600,184.8
463120,464966,464979,1846,13,1,600,143.0
463122,464973,464987,1851,14,1,600,133.214285714
463123,464979,464980,1856,1,1,600,185.7
463124,464988,464999,1864,11,1,600,170.454545455
463126,464995,465001,1869,6,1,600,187.5
463127,465000,465001,1873,1,1,600,187.4
463155,463166,466337,11,3171,2,7200,1.00346893724
463174,463180,466126,6,2946,2,7200,1.00203665988
463190,465019,465024,1829,5,1,600,183.4
463191,465024,465030,1833,6,1,600,183.9
463192,465029,465035,1837,6,1,600,184.3
463194,465036,465044,1842,8,1,600,185.0
463195,463201,466347,6,3146,2,7200,1.00190718373
463213,463220,466092,7,2872,2,7200,1.00243732591
463228,463235,466255,7,3020,2,7200,1.00231788079
463246,463254,466498,8,3244,2,7200,1.00246609125
463255,465042,465049,1787,7,1,600,179.4
463258,465054,465060,1796,6,1,600,180.2
463259,465066,465072,1807,6,1,600,181.3
463292,463299,466217,7,2918,2,7200,1.00239890336
463321,465072,465087,1751,15,1,600,117.733333333
463322,465077,465083,1755,6,1,600,176.1
463385,465089,465090,1704,1,1,600,170.5
463386,465096,465106,1710,10,1,600,172.0
463387,465101,465102,1714,1,1,600,171.5
463401,463411,466332,10,2921,2,7200,1.00342348511
463416,463424,466561,8,3137,2,7200,1.0025502072
463441,463448,466378,7,2930,2,7200,1.0023890785
463449,465106,465141,1657,35,1,600,48.3428571429
463450,465113,465119,1663,6,1,600,166.9
463452,465118,465119,1666,1,1,600,166.7
463501,463507,466456,6,2949,2,7200,1.002034588
463513,465124,465130,1611,6,1,600,161.7
463514,465147,465161,1633,14,1,600,117.642857143
463516,463524,466521,8,2997,2,7200,1.002669336
463531,463538,466618,7,3080,2,7200,1.00227272727
463565,463571,466649,6,3078,2,7200,1.00194931774
463576,465152,465167,1576,15,1,600,106.066666667
463577,465157,465162,1580,5,1,600,158.5
463578,465165,465175,1587,10,1,600,159.7
463595,463604,466770,9,3166,2,7200,1.00284270373
463640,465170,465186,1530,16,1,600,96.625
463643,465182,465188,1539,6,1,600,154.5
463705,465194,465201,1489,7,1,600,149.6
463707,465200,465206,1493,6,1,600,149.9
463750,503289,644198,39539,140909,8,144000,1.28059953587
463753,463759,466801,6,3042,2,7200,1.00197238659
463769,465212,465220,1443,8,1,600,145.1
463771,465217,465223,1446,6,1,600,145.2
463772,465225,465231,1453,6,1,600,145.9
463796,509506,644226,45710,134720,8,144000,1.33929631829
463834,465230,465236,1396,6,1,600,140.2
463835,465235,465236,1400,1,1,600,140.1
463836,465242,465243,1406,1,1,600,140.7
463841,516551,644332,52710,127781,8,144000,1.41250264124
463841,463848,467000,7,3152,2,7200,1.00222081218
463895,463902,467189,7,3287,2,7200,1.00212960146
463958,465247,465248,1289,1,1,600,129.0
463986,463993,467023,7,3030,2,7200,1.00231023102
464059,464065,467178,6,3113,2,7200,1.00192740122
464076,464088,467166,12,3078,2,7200,1.00389863548
464091,464101,467108,10,3007,2,7200,1.00332557366
464107,465816,466759,1709,943,1,36000,2.81230116649
464133,465840,492897,1707,27057,1,36000,1.06308903426
464142,465281,465291,1139,10,1,600,114.9
464143,465302,465322,1159,20,1,600,58.95
464145,465334,465349,1189,15,1,600,80.2666666667
464161,464288,467258,127,2970,2,7200,1.04276094276
464173,465864,466759,1691,895,1,36000,2.88938547486
464215,464293,467118,78,2825,2,7200,1.02761061947
464249,464299,467214,50,2915,2,7200,1.01715265866
464250,464304,467253,54,2949,2,7200,1.01831129196
464272,464309,467425,37,3116,2,7200,1.01187419769
464287,464317,467479,30,3162,2,7200,1.00948766603
464303,464322,467220,19,2898,2,7200,1.00655624569
464326,465361,465369,1035,8,1,600,104.3
464357,464365,467265,8,2900,2,7200,1.00275862069
464372,464384,467353,12,2969,2,7200,1.0040417649
464388,464414,467547,26,3133,2,7200,1.00829875519
464390,464420,467411,30,2991,2,7200,1.01003009027
464391,464425,467420,34,2995,2,7200,1.01135225376
464406,464430,467223,24,2793,2,7200,1.00859291085
464451,465389,465395,938,6,1,600,94.4
464452,465394,465405,942,11,1,600,86.6363636364
464453,465401,465456,948,55,1,600,18.2363636364
464456,465421,465427,965,6,1,600,97.1
464458,465427,465428,969,1,1,600,97.0
464467,464477,467613,10,3136,2,7200,1.00318877551
464482,464488,467551,6,3063,2,7200,1.00195886386
464497,464504,467654,7,3150,2,7200,1.00222222222
464521,465439,465460,918,21,1,600,44.7142857143
464523,465452,465463,929,11,1,600,85.4545454545
464567,464577,467723,10,3146,2,7200,1.00317863954
464586,465474,465537,888,63,1,600,15.0952380952
464588,465479,465480,891,1,1,600,89.2
464589,465485,465509,896,24,1,600,38.3333333333
464590,465491,465501,901,10,1,600,91.1
464592,465496,465506,904,10,1,600,91.4
464610,464619,467997,9,3378,2,7200,1.0026642984
464653,465513,465526,860,13,1,600,67.1538461538
464655,465524,465535,869,11,1,600,80.0
464656,465531,465538,875,7,1,600,88.2
464657,465539,465563,882,24,1,600,37.75
464660,465554,465560,894,6,1,600,90.0
464662,465559,465566,897,7,1,600,90.4
464663,465566,465573,903,7,1,600,91.0
464664,465573,465585,909,12,1,600,76.75
464666,465580,465589,914,9,1,600,92.3
464670,464683,467843,13,3160,2,7200,1.00411392405
464727,465585,465590,858,5,1,600,86.3
464729,465592,465620,863,28,1,600,31.8214285714
464730,465599,465600,869,1,1,600,87.0
464731,465606,465611,875,5,1,600,88.0
464755,464765,467724,10,2959,2,7200,1.00337952011
464780,464788,467755,8,2967,2,7200,1.00269632626
464793,465611,465617,818,6,1,600,82.4
464794,465618,465627,824,9,1,600,83.3
464795,464813,468009,18,3196,2,7200,1.00563204005
464796,465625,465631,829,6,1,600,83.5
464858,465636,465642,778,6,1,600,78.4
464860,465643,465648,783,5,1,600,78.8
464861,465648,465655,787,7,1,600,79.4
464862,465653,465654,791,1,1,600,79.2
464864,465660,465667,796,7,1,600,80.3
464889,464900,467984,11,3084,2,7200,1.00356679637
464891,464936,470830,45,5894,2,14400,1.00763488293
464925,465666,465671,741,5,1,600,74.6
464927,465684,465698,757,14,1,600,55.0714285714
464928,465689,465711,761,22,1,600,35.5909090909
464929,465696,465700,767,4,1,600,77.1
464931,465701,465707,770,6,1,600,77.6
464934,465722,465727,788,5,1,600,79.3
464947,464953,467984,6,3031,2,7200,1.0019795447
464995,465729,465741,734,12,1,600,62.1666666667
464997,465734,465739,737,5,1,600,74.2
464998,465739,465753,741,14,1,600,53.9285714286
464999,465746,465795,747,49,1,600,16.2448979592
465001,465753,465758,752,5,1,600,75.7
465002,465758,465764,756,6,1,600,76.2
465003,465766,465802,763,36,1,600,22.1944444444
465005,465772,465796,767,24,1,600,32.9583333333
465006,465785,465792,779,7,1,600,78.6
465007,465803,465804,796,1,1,600,79.7
465044,465061,467980,17,2919,2,7200,1.0058239123
465069,465821,465832,752,11,1,600,69.3636363636
465070,465845,465846,775,1,1,600,77.6
465072,465851,465866,779,15,1,600,52.9333333333
465073,465878,465896,805,18,1,600,45.7222222222
465074,465895,465902,821,7,1,600,82.8
465076,465901,465902,825,1,1,600,82.6
465077,465908,465932,831,24,1,600,35.625
465079,465915,465919,836,4,1,600,84.0
465080,465920,465921,840,1,1,600,84.1
465143,465939,465945,796,6,1,600,80.2
465144,465946,465951,802,5,1,600,80.7
465146,465951,465952,805,1,1,600,80.6
465147,465957,465958,810,1,1,600,81.1
465149,465964,465971,815,7,1,600,82.2
465150,465970,465975,820,5,1,600,82.5
465151,465982,465988,831,6,1,600,83.7
465153,465994,466154,841,160,1,600,6.25625
465154,466000,466007,846,7,1,600,85.3
465156,466012,466018,856,6,1,600,86.2
465178,465260,519306,82,54046,4,54000,1.00151722607
465217,466019,466024,802,5,1,600,80.7
465219,466029,466030,810,1,1,600,81.1
465220,466044,466053,824,9,1,600,83.3
465221,466057,466075,836,18,1,600,47.4444444444
465223,466062,466068,839,6,1,600,84.5
465224,466069,466081,845,12,1,600,71.4166666667
465227,466098,466105,871,7,1,600,87.8
465228,466105,466111,877,6,1,600,88.3
465229,466110,466115,881,5,1,600,88.6
465231,466123,466124,892,1,1,600,89.3
465232,466143,466165,911,22,1,600,42.4090909091
465234,466148,466182,914,34,1,600,27.8823529412
465295,466166,466179,871,13,1,600,68.0
465297,466176,466177,879,1,1,600,88.0
465298,466188,466196,890,8,1,600,89.8
465300,466201,466202,901,1,1,600,90.2
465301,466207,466213,906,6,1,600,91.2
465303,466213,466214,910,1,1,600,91.1
465304,466218,466236,914,18,1,600,51.7777777778
465305,466230,466239,925,9,1,600,93.4
465331,465341,468511,10,3170,2,7200,1.00315457413
465367,466236,466240,869,4,1,600,87.3
465368,466250,466266,882,16,1,600,56.125
465368,465376,468505,8,3129,2,7200,1.00255672739
465401,465409,468280,8,2871,2,7200,1.00278648555
465430,466256,466262,826,6,1,600,83.2
465431,466262,466396,831,134,1,600,7.20149253731
465432,466276,466281,844,5,1,600,84.9
465434,466282,466294,848,12,1,600,71.6666666667
465435,466295,466301,860,6,1,600,86.6
465437,466306,466323,869,17,1,600,52.1176470588
465438,466313,466319,875,6,1,600,88.1
465439,466330,466356,891,26,1,600,35.2692307692
465501,466345,466347,844,2,1,600,84.6
465502,466368,466378,866,10,1,600,87.6
465504,466392,466395,888,3,1,600,89.1
465505,466406,466410,901,4,1,600,90.5
465506,466413,466419,907,6,1,600,91.3
465508,466421,466432,913,11,1,600,84.0
465509,466431,466447,922,16,1,600,58.625
465571,466445,466451,874,6,1,600,88.0
465572,466459,466464,887,5,1,600,89.2
465573,466476,466482,903,6,1,600,90.9
465575,466493,466511,918,18,1,600,52.0
465576,466523,466532,947,9,1,600,95.6
465578,466544,466545,966,1,1,600,96.7
465579,466557,466564,978,7,1,600,98.5
465580,466577,466591,997,14,1,600,72.2142857143
465582,466603,466607,1021,4,1,600,102.5
465583,466618,466622,1035,4,1,600,103.9
465585,466633,466663,1048,30,1,600,35.9333333333
465646,466675,466680,1029,5,1,600,103.4
465648,466691,466698,1043,7,1,600,105.0
465650,466723,466728,1073,5,1,600,107.8
465653,466751,466762,1098,11,1,600,100.818181818
465654,466770,466780,1116,10,1,600,112.6
465657,466789,466790,1132,1,1,600,113.3
465659,466797,466806,1138,9,1,600,114.7
465660,466804,466813,1144,9,1,600,115.3
465661,466818,466850,1157,32,1,600,37.15625
465663,466824,466825,1161,1,1,600,116.2
465664,466836,466842,1172,6,1,600,117.8
465704,465717,468888,13,3171,2,7200,1.00409965311
465726,466853,466862,1127,9,1,600,113.6
465727,466863,466868,1136,5,1,600,114.1
465728,466875,466886,1147,11,1,600,105.272727273
465730,466881,466889,1151,8,1,600,115.9
465731,466898,466906,1167,8,1,600,117.5
465732,466904,466912,1172,8,1,600,118.0
465734,466917,466929,1183,12,1,600,99.5833333333
465735,466925,466932,1190,7,1,600,119.7
465768,465780,468776,12,2996,2,7200,1.00400534045
465783,465792,469006,9,3214,2,7200,1.00280024891
465797,466942,466948,1145,6,1,600,115.1
465798,466949,466954,1151,5,1,600,115.6
465799,466960,466966,1161,6,1,600,116.7
465801,466968,466983,1167,15,1,600,78.8
465802,466977,466978,1175,1,1,600,117.6
465803,466989,466990,1186,1,1,600,118.7
465805,466997,467008,1192,11,1,600,109.363636364
465806,467004,467014,1198,10,1,600,120.8
465807,465834,468786,27,2952,2,7200,1.00914634146
465807,467020,467077,1213,57,1,600,22.2807017544
465870,467040,467051,1170,11,1,600,107.363636364
465872,467063,467078,1191,15,1,600,80.4
465873,467089,467096,1216,7,1,600,122.3
465883,465889,469063,6,3174,2,7200,1.00189035917
465934,467095,467102,1161,7,1,600,116.8
465936,467107,467122,1171,15,1,600,79.0666666667
465939,467129,467135,1190,6,1,600,119.6
465940,467141,467152,1201,11,1,600,110.181818182
465941,467148,467154,1207,6,1,600,121.3
465943,467164,467171,1221,7,1,600,122.8
465961,465977,469136,16,3159,2,7200,1.00506489395
466004,467171,467180,1167,9,1,600,117.6
466006,467185,467195,1179,10,1,600,118.9
466007,467211,467212,1204,1,1,600,120.5
466008,467233,467243,1225,10,1,600,123.5
466010,467255,467261,1245,6,1,600,125.1
466011,467267,467278,1256,11,1,600,115.181818182
466012,467274,467284,1262,10,1,600,127.2
466014,467280,467281,1266,1,1,600,126.7
466025,466037,468836,12,2799,2,7200,1.00428724544
466040,466050,469000,10,2950,2,7200,1.00338983051
466075,467285,467289,1210,4,1,600,121.4
466077,467304,467316,1227,12,1,600,103.25
466080,467314,467322,1234,8,1,600,124.2
466081,467322,467337,1241,15,1,600,83.7333333333
466082,467329,467339,1247,10,1,600,125.7
466086,466092,469176,6,3084,2,7200,1.00194552529
466101,466117,469178,16,3061,2,7200,1.00522704998
466102,466137,472176,35,6039,2,14400,1.00579566153
466122,466131,469197,9,3066,2,7200,1.00293542074
466137,466154,469013,17,2859,2,7200,1.00594613501
466144,467335,467341,1191,6,1,600,119.7
466145,467348,467358,1203,10,1,600,121.3
466147,467355,467359,1208,4,1,600,121.2
466148,467361,467366,1213,5,1,600,121.8
466150,467382,467403,1232,21,1,600,59.6666666667
466210,466225,469195,15,2970,2,7200,1.00505050505
466212,467428,467447,1216,19,1,600,65.0
466214,467435,467440,1221,5,1,600,122.6
466215,467453,467458,1238,5,1,600,124.3
466217,467460,467467,1243,7,1,600,125.0
466218,467469,467470,1251,1,1,600,125.2
466219,467478,467479,1259,1,1,600,126.0
466221,467485,467486,1264,1,1,600,126.5
466223,467505,467509,1282,4,1,600,128.6
466225,466243,469154,18,2911,2,7200,1.00618344212
466256,466268,469155,12,2887,2,7200,1.00415656391
466285,467511,467512,1226,1,1,600,122.7
466286,467521,467609,1235,88,1,600,15.0340909091
466288,467528,467534,1240,6,1,600,124.6
466290,467562,467576,1272,14,1,600,91.8571428571
466292,467568,467598,1276,30,1,600,43.5333333333
466332,466337,469249,5,2912,2,7200,1.00171703297
466347,466354,469412,7,3058,2,7200,1.00228907783
466348,466361,469255,13,2894,2,7200,1.00449205252
466353,467573,467577,1220,4,1,600,122.4
466355,467588,467606,1233,18,1,600,69.5
466356,467594,467599,1238,5,1,600,124.3
466357,467610,467621,1253,11,1,600,114.909090909
466358,467617,467634,1259,17,1,600,75.0588235294
466379,466385,469469,6,3084,2,7200,1.00194552529
466420,467631,467639,1211,8,1,600,121.9
466421,467637,467653,1216,16,1,600,77.0
466423,467645,467646,1222,1,1,600,122.3
466424,467658,467680,1234,22,1,600,57.0909090909
466425,467691,467699,1266,8,1,600,127.4
466427,467710,467711,1283,1,1,600,128.4
466457,466466,469417,9,2951,2,7200,1.00304981362
466488,467724,467732,1236,8,1,600,124.4
466491,467758,468103,1267,345,1,600,4.67246376812
466492,467858,467863,1366,5,1,600,137.1
466493,467863,467879,1370,16,1,600,86.625
466500,466506,469620,6,3114,2,7200,1.00192678227
466521,466530,469539,9,3009,2,7200,1.00299102692
466555,467875,467880,1320,5,1,600,132.5
466556,467890,467891,1334,1,1,600,133.5
466557,467903,467912,1346,9,1,600,135.5
466563,466570,469562,7,2992,2,7200,1.00233957219
466619,467910,467915,1291,5,1,600,129.6
466620,467924,467931,1304,7,1,600,131.1
466621,466627,469504,6,2877,2,7200,1.00208550574
466651,466659,469695,8,3036,2,7200,1.00263504611
466683,472868,472887,6185,19,1,600,326.526315789
466684,472899,472908,6215,9,1,600,622.4
466685,472920,472924,6235,4,1,600,623.9
466747,472935,472936,6188,1,1,600,618.9
466748,472948,472956,6200,8,1,600,620.8
466749,472968,472975,6219,7,1,600,622.6
466751,472987,473072,6236,85,1,600,74.3647058824
466772,466783,469832,11,3049,2,7200,1.00360774024
466803,466810,469731,7,2921,2,7200,1.00239643958
466812,473084,473092,6272,8,1,600,628.0
466814,473103,473104,6289,1,1,600,629.0
466815,473116,473125,6301,9,1,600,631.0
466816,473137,473151,6321,14,1,600,452.5
466818,473162,473177,6344,15,1,600,423.933333333
466819,474839,503017,8020,28178,1,36000,1.28461920647
466820,473188,473189,6368,1,1,600,636.9
466835,467228,475040,393,7812,2,14400,1.05030721966
466874,475497,503610,8623,28113,1,36000,1.3067264255
466881,473203,473382,6322,179,1,600,36.3184357542
466882,473393,473394,6511,1,1,600,651.2
466884,473405,473406,6521,1,1,600,652.2
466885,473420,473421,6535,1,1,600,653.6
466886,473433,473439,6547,6,1,600,655.3
466948,473450,473462,6502,12,1,600,542.833333333
466949,473473,473481,6524,8,1,600,653.2
466951,473492,473497,6541,5,1,600,654.6
466953,473521,473527,6568,6,1,600,657.4
466954,473539,473544,6585,5,1,600,659.0
466956,473556,473586,6600,30,1,600,221.0
467002,467010,470096,8,3086,2,7200,1.00259235256
467017,473598,473603,6581,5,1,600,658.6
467018,473616,473620,6598,4,1,600,660.2
467020,473631,473637,6611,6,1,600,661.7
467021,473648,473649,6627,1,1,600,662.8
467022,473665,473666,6643,1,1,600,664.4
467024,467032,469814,8,2782,2,7200,1.00287562904
467024,473678,473688,6654,10,1,600,666.4
467025,473701,473711,6676,10,1,600,668.6
467087,473723,473998,6636,275,1,600,25.1309090909
467088,474010,474022,6922,12,1,600,577.833333333
467089,474034,474066,6945,32,1,600,218.03125
467090,474078,474079,6988,1,1,600,698.9
467112,467122,470207,10,3085,2,7200,1.00324149109
467127,467136,470570,9,3434,2,7200,1.00262085032
467152,474090,474091,6938,1,1,600,693.9
467153,474103,474107,6950,4,1,600,695.4
467154,474119,474126,6965,7,1,600,697.2
467156,474138,474150,6982,12,1,600,582.833333333
467160,474186,474191,7026,5,1,600,703.1
467169,467178,470068,9,2890,2,7200,1.00311418685
467184,467191,470481,7,3290,2,7200,1.00212765957
467199,467205,470199,6,2994,2,7200,1.00200400802
467214,467221,470455,7,3234,2,7200,1.00216450216
467221,474203,474433,6982,230,1,600,31.3565217391
467222,474363,474370,7141,7,1,600,714.8
467223,474369,474384,7146,15,1,600,477.4
467225,474382,474397,7157,15,1,600,478.133333333
467230,467239,470102,9,2863,2,7200,1.00314355571
467231,467245,470349,14,3104,2,7200,1.00451030928
467255,467261,470100,6,2839,2,7200,1.00211342022
467270,467291,470453,21,3162,2,7200,1.00664136622
467272,467297,470183,25,2886,2,7200,1.00866250866
467287,474407,474414,7120,7,1,600,712.7
467289,474414,474419,7125,5,1,600,713.0
467290,474425,474435,7135,10,1,600,714.5
467291,474433,474439,7142,6,1,600,714.8
467353,474445,474472,7092,27,1,600,263.666666667
467353,467368,470414,15,3046,2,7200,1.00492449114
467355,474458,474477,7103,19,1,600,374.842105263
467356,467375,469782,19,2407,2,14400,1.00789364354
467357,474465,474486,7108,21,1,600,339.476190476
467359,474483,474492,7124,9,1,600,713.3
467361,474491,474497,7130,6,1,600,713.6
467414,467422,470572,8,3150,2,7200,1.00253968254
467422,474496,474503,7074,7,1,600,708.1
467423,474502,474551,7079,49,1,600,145.469387755
467426,474515,474528,7089,13,1,600,546.307692308
467427,474522,474526,7095,4,1,600,709.9
467429,467442,470321,13,2879,2,7200,1.00451545676
467431,467447,470382,16,2935,2,7200,1.00545144804
467482,467493,470628,11,3135,2,7200,1.00350877193
467489,474527,474542,7038,15,1,600,470.2
467490,474534,474549,7044,15,1,600,470.6
467491,474539,474545,7048,6,1,600,705.4
467492,474551,474552,7059,1,1,600,706.0
467494,474557,474566,7063,9,1,600,707.2
467495,474563,474579,7068,16,1,600,442.75
467496,474568,474730,7072,162,1,600,44.6543209877
467549,467556,470581,7,3025,2,7200,1.00231404959
467558,474574,474580,7016,6,1,600,702.2
467559,474579,474587,7020,8,1,600,702.8
467560,474584,474590,7024,6,1,600,703.0
467562,474591,474598,7029,7,1,600,703.6
467563,474596,474602,7033,6,1,600,703.9
467564,467580,470719,16,3139,2,7200,1.0050971647
467616,467624,470755,8,3131,2,7200,1.00255509422
467624,474601,474606,6977,5,1,600,698.2
467626,474607,474612,6981,5,1,600,698.6
467627,474612,474624,6985,12,1,600,583.083333333
467628,474617,474625,6989,8,1,600,699.7
467629,474624,474632,6995,8,1,600,700.3
467631,474629,474680,6998,51,1,600,138.215686275
467655,467669,470827,14,3158,2,7200,1.00443318556
467693,474640,474687,6947,47,1,600,148.808510638
467695,474645,474646,6950,1,1,600,695.1
467696,474650,474651,6954,1,1,600,695.5
467699,474662,474669,6963,7,1,600,697.0
467725,467731,470514,6,2783,2,7200,1.00215594682
467727,467738,470919,11,3181,2,7200,1.00345803207
467757,467765,470656,8,2891,2,7200,1.00276720858
467761,474673,474681,6912,8,1,600,692.0
467762,474678,474692,6916,14,1,600,495.0
467764,474683,474684,6919,1,1,600,692.0
467845,467851,470774,6,2923,2,7200,1.0020526856
467886,474689,474699,6803,10,1,600,681.3
467887,474696,474703,6809,7,1,600,681.6
467888,474701,474709,6813,8,1,600,682.1
467932,467940,470712,8,2772,2,7200,1.00288600289
467934,467945,470894,11,2949,2,7200,1.00373007799
467935,467951,471079,16,3128,2,7200,1.00511508951
467936,467991,471043,55,3052,2,7200,1.01802096986
467938,467999,470955,61,2956,2,7200,1.02063599459
467939,468004,471073,65,3069,2,7200,1.02117953731
467940,468010,471006,70,2996,2,7200,1.02336448598
467942,468021,471106,79,3085,2,7200,1.02560777958
467943,468115,471161,172,3046,2,7200,1.05646749836
467944,468293,471449,349,3156,2,7200,1.11058301648
467950,474706,474713,6756,7,1,600,676.3
467951,474712,474719,6761,7,1,600,676.8
467952,474717,474723,6765,6,1,600,677.1
467954,474722,474728,6768,6,1,600,677.4
467955,474729,474739,6774,10,1,600,678.4
467981,468517,471507,536,2990,2,7200,1.17926421405
467996,468524,471512,528,2988,2,7200,1.17670682731
467998,468787,471722,789,2935,2,7200,1.26882453152
467999,468798,471708,799,2910,2,7200,1.27457044674
468014,468847,472084,833,3237,2,7200,1.25733704047
468137,474734,474742,6597,8,1,600,660.5
468282,468900,471890,618,2990,2,7200,1.20668896321
468506,469016,472098,510,3082,2,7200,1.16547696301
468521,469022,472160,501,3138,2,7200,1.15965583174
468778,469029,472228,251,3199,2,7200,1.07846201938
468794,469080,472141,286,3061,2,7200,1.09343351846
468839,469147,471879,308,2732,2,7200,1.11273792094
468891,469166,472322,275,3156,2,7200,1.0871356147
469003,469173,472129,170,2956,2,7200,1.05751014885
469018,469187,472332,169,3145,2,7200,1.05373608903
469020,469193,472398,173,3205,2,7200,1.05397815913
469065,469206,472280,141,3074,2,7200,1.04586857515
469138,469214,471996,76,2782,2,7200,1.02731847592
469156,469260,472649,104,3389,2,7200,1.03068751844
469158,469268,472154,110,2886,2,7200,1.03811503812
469173,469424,472780,251,3356,2,7200,1.07479141836
469189,469431,472300,242,2869,2,7200,1.08434994772
469204,469481,472406,277,2925,2,7200,1.0947008547
469206,469516,472581,310,3065,2,7200,1.10114192496
469252,469550,472384,298,2834,2,7200,1.105151729
469267,469574,472698,307,3124,2,7200,1.09827144686
469412,469631,472629,219,2998,2,7200,1.07304869913
469427,469707,472739,280,3032,2,7200,1.09234828496
469470,469743,472809,273,3066,2,7200,1.08904109589
469506,469798,472962,292,3164,2,7200,1.09228824273
469540,469826,473165,286,3339,2,7200,1.08565438754
469564,469843,473002,279,3159,2,7200,1.08831908832
469622,470080,473348,458,3268,2,7200,1.14014687882
469697,470108,473047,411,2939,2,7200,1.13984348418
469734,470114,472969,380,2855,2,7200,1.13309982487
469816,470120,473230,304,3110,2,7200,1.09774919614
469834,470194,473037,360,2843,2,7200,1.12662680267
469847,478998,482148,9151,3150,2,14400,3.90507936508
470072,470211,473229,139,3018,2,7200,1.04605699139
470099,470219,473006,120,2787,2,7200,1.04305705059
470115,470333,473468,218,3135,2,7200,1.06953748006
470116,470362,473184,246,2822,2,7200,1.08717221828
470183,470393,473402,210,3009,2,7200,1.06979062812
470201,470426,473357,225,2931,2,7200,1.07676560901
470216,470465,473452,249,2987,2,7200,1.08336123201
470324,470471,473562,147,3091,2,7200,1.04755742478
470352,470493,473698,141,3205,2,7200,1.04399375975
470369,479607,482705,9238,3098,2,14400,3.98192382182
470385,470526,473625,141,3099,2,7200,1.04549854792
470415,470581,473515,166,2934,2,7200,1.05657805044
470457,470589,473838,132,3249,2,7200,1.0406278855
470458,470596,473589,138,2993,2,7200,1.04610758436
470483,470640,473903,157,3263,2,7200,1.04811523138
470518,470667,473762,149,3095,2,7200,1.04814216478
470574,470724,473646,150,2922,2,7200,1.05133470226
470576,470731,473773,155,3042,2,7200,1.05095332018
470591,470767,473851,176,3084,2,7200,1.05706874189
470630,470786,473808,156,3022,2,7200,1.05162144275
470658,470840,474031,182,3191,2,7200,1.0570354121
470712,470847,473828,135,2981,2,7200,1.0452868165
470727,470906,473937,179,3031,2,7200,1.05905641702
470758,470931,473755,173,2824,2,7200,1.06126062323
470776,470968,474114,192,3146,2,7200,1.06102987921
470830,471019,473959,189,2940,2,7200,1.06428571429
470897,471054,473976,157,2922,2,7200,1.0537303217
470921,471084,474052,163,2968,2,7200,1.05491913747
470958,471090,474352,132,3262,2,7200,1.0404659718
471009,471117,474151,108,3034,2,7200,1.03559657218
471026,480224,487435,9198,7211,2,14400,2.27555124116
471046,471172,474227,126,3055,2,7200,1.04124386252
471073,471460,474459,387,2999,2,7200,1.12904301434
471088,471518,474522,430,3004,2,7200,1.1431424767
471106,471524,474557,418,3033,2,7200,1.13781734257
471164,471720,474561,556,2841,2,7200,1.19570573742
471452,471733,474521,281,2788,2,7200,1.10078909613
471509,471890,474923,381,3033,2,7200,1.1256181998
471524,471901,474980,377,3079,2,7200,1.12244235141
471530,476062,648904,4532,172842,16,172800,1.02622047882
471711,472014,475063,303,3049,2,7200,1.09937684487
471721,516969,804981,45248,288012,8,288000,1.15710456509
471726,472095,475130,369,3035,2,7200,1.1215815486
471730,481975,487877,10245,5902,2,14400,2.73585225347
471880,472109,475183,229,3074,2,7200,1.07449577098
471895,472140,475236,245,3096,2,7200,1.07913436693
471936,494919,556186,22983,61267,8,604800,1.37512853575
471998,472153,474995,155,2842,2,7200,1.054539057
472086,472166,475143,80,2977,2,7200,1.02687269063
472101,472174,475260,73,3086,2,7200,1.02365521711
472131,472188,475427,57,3239,2,7200,1.01759802408
472146,472240,475129,94,2889,2,7200,1.03253721011
472162,472292,475485,130,3193,2,7200,1.04071406201
472163,472311,475563,148,3252,2,7200,1.0455104551
472230,472333,475426,103,3093,2,7200,1.03330100226
472281,472344,475269,63,2925,2,7200,1.02153846154
472302,472396,475398,94,3002,2,7200,1.03131245836
472324,472411,475634,87,3223,2,7200,1.02699348433
472339,472418,475505,79,3087,2,7200,1.02559118886
472351,476057,622193,3706,146136,18,198000,1.02535993869
472387,472592,475834,205,3242,2,7200,1.06323257249
472402,472642,475668,240,3026,2,7200,1.07931262393
472417,472660,475555,243,2895,2,7200,1.08393782383
472584,472710,475857,126,3147,2,7200,1.04003813155
472629,472750,475690,121,2940,2,7200,1.04115646259
472651,472791,475793,140,3002,2,7200,1.04663557628
472699,472820,475706,121,2886,2,7200,1.04192654193
472741,472862,475808,121,2946,2,7200,1.04107264087
472781,472975,475903,194,2928,2,7200,1.0662568306
472811,472981,475892,170,2911,2,7200,1.05839917554
472856,482160,488021,9304,5861,2,14400,2.58744241597
472946,474739,474740,1793,1,1,600,179.4
472947,474745,474755,1798,10,1,600,180.8
472949,474750,474760,1801,10,1,600,181.1
472950,474755,474763,1805,8,1,600,181.3
472963,473018,475894,55,2876,2,7200,1.01912378303
472978,473025,475859,47,2834,2,7200,1.0165843331
473002,473049,475877,47,2828,2,7200,1.01661951909
473012,474762,474828,1750,66,1,600,27.5151515152
473013,474767,474775,1754,8,1,600,176.2
473017,473059,475993,42,2934,2,7200,1.01431492843
473038,473176,476109,138,2933,2,7200,1.04705080123
473053,473197,476339,144,3142,2,7200,1.04583068109
473136,474778,474796,1642,18,1,600,92.2222222222
473137,474783,474788,1646,5,1,600,165.1
473138,474788,474793,1650,5,1,600,165.5
473165,473241,476369,76,3128,2,7200,1.02429667519
473187,473247,476334,60,3087,2,7200,1.01943634597
473200,474794,474803,1594,9,1,600,160.3
473201,474934,474940,1733,6,1,600,173.9
473211,516975,805002,43764,288027,8,288000,1.15194408858
473232,473359,476575,127,3216,2,7200,1.03949004975
473234,473369,476466,135,3097,2,7200,1.04359057152
473349,473414,476516,65,3102,2,7200,1.02095422308
473364,473464,476344,100,2880,2,7200,1.03472222222
473404,473481,476625,77,3144,2,7200,1.02449109415
473444,474951,474957,1507,6,1,600,151.3
473446,474957,474958,1511,1,1,600,151.2
473447,474970,475061,1523,91,1,600,17.7362637363
473448,474975,474980,1527,5,1,600,153.2
473450,474991,474997,1541,6,1,600,154.7
473452,473528,476414,76,2886,2,7200,1.02633402633
473471,473574,476740,103,3166,2,7200,1.03253316488
473513,475002,475041,1489,39,1,600,39.1794871795
473514,475009,475014,1495,5,1,600,150.0
473515,475014,475058,1499,44,1,600,35.0681818182
473516,473605,476856,89,3251,2,7200,1.02737619194
473565,473638,476806,73,3168,2,7200,1.02304292929
473577,475026,475031,1449,5,1,600,145.4
473578,475044,475045,1466,1,1,600,146.7
473589,473659,476687,70,3028,2,7200,1.02311756935
473626,473709,476589,83,2880,2,7200,1.02881944444
473639,475052,475061,1413,9,1,600,142.2
473641,475057,475071,1416,14,1,600,102.142857143
473647,473767,476903,120,3136,2,7200,1.03826530612
473699,473774,476689,75,2915,2,7200,1.02572898799
473705,475075,475094,1370,19,1,600,73.1052631579
473708,475086,475087,1378,1,1,600,137.9
473756,473786,476990,30,3204,2,7200,1.00936329588
473769,475091,475092,1322,1,1,600,132.3
473771,473820,476936,49,3116,2,7200,1.01572528883
473787,473840,476809,53,2969,2,7200,1.01785112833
473808,473854,477082,46,3228,2,7200,1.01425030979
473829,473862,476853,33,2991,2,7200,1.0110330993
473846,473914,477125,68,3211,2,7200,1.02117720336
473861,473949,477084,88,3135,2,7200,1.02807017544
473904,473971,477042,67,3071,2,7200,1.02181699772
473937,473988,476985,51,2997,2,7200,1.01701701702
473961,474043,477146,82,3103,2,7200,1.02642603932
473976,474064,477140,88,3076,2,7200,1.02860858257
474011,475097,475103,1086,6,1,600,109.2
474031,474125,477236,94,3111,2,7200,1.03021536483
474052,474168,477013,116,2845,2,7200,1.04077328647
474072,475103,475109,1031,6,1,600,103.7
474073,475108,475109,1035,1,1,600,103.6
474116,474239,477192,123,2953,2,7200,1.04165255672
474135,475114,475263,979,149,1,600,7.57046979866
474136,475119,475120,983,1,1,600,98.4
474137,475124,475131,987,7,1,600,99.4
474139,475131,475136,992,5,1,600,99.7
474152,474545,477557,393,3012,2,7200,1.13047808765
474200,475136,475142,936,6,1,600,94.2
474201,475141,475149,940,8,1,600,94.8
474203,475147,475154,944,7,1,600,95.1
474204,475153,475154,949,1,1,600,95.0
474228,474801,477742,573,2941,2,7200,1.1948316899
474352,474806,477990,454,3184,2,7200,1.1425879397
474385,475159,475186,774,27,1,600,29.6666666667
474448,475169,475174,721,5,1,600,72.6
474449,475174,475196,725,22,1,600,33.9545454545
474451,475180,475184,729,4,1,600,73.3
474452,475192,475213,740,21,1,600,36.2380952381
474453,475197,475256,744,59,1,600,13.6101694915
474455,475202,475203,747,1,1,600,74.8
474462,474811,477678,349,2867,2,7200,1.12173003139
474517,475213,475235,696,22,1,600,32.6363636364
474519,475218,475224,699,6,1,600,70.5
474520,475236,475240,716,4,1,600,72.0
474522,475247,475254,725,7,1,600,73.2
474522,474819,477956,297,3137,2,7200,1.09467644246
474524,474824,478012,300,3188,2,7200,1.09410288582
474524,475252,475259,728,7,1,600,73.5
474526,475263,475272,737,9,1,600,74.6
474528,475268,475273,740,5,1,600,74.5
474560,475019,478142,459,3123,2,7200,1.1469740634
474575,475185,478041,610,2856,2,7200,1.21358543417
474589,475286,475287,697,1,1,600,69.8
474590,475292,475322,702,30,1,600,24.4
474592,475297,475304,705,7,1,600,71.2
474593,475302,475331,709,29,1,600,25.4482758621
474594,475308,475316,714,8,1,600,72.2
474596,475313,475394,717,81,1,600,9.85185185185
474597,475318,475336,721,18,1,600,41.0555555556
474598,475324,475331,726,7,1,600,73.3
474600,475329,475330,729,1,1,600,73.0
474602,475340,475356,738,16,1,600,47.125
474604,475345,475353,741,8,1,600,74.9
474605,475351,475356,746,5,1,600,75.1
474667,475356,475505,689,149,1,600,5.62416107383
474668,475374,475380,706,6,1,600,71.2
474669,475380,475471,711,91,1,600,8.81318681319
474671,475385,475393,714,8,1,600,72.2
474672,475390,475397,718,7,1,600,72.5
474673,475396,475404,723,8,1,600,73.1
474675,475401,475411,726,10,1,600,73.6
474676,475406,475421,730,15,1,600,49.6666666667
474677,475412,475416,735,4,1,600,73.9
474679,475417,475426,738,9,1,600,74.7
474680,475422,475429,742,7,1,600,74.9
474743,475433,475439,690,6,1,600,69.6
474744,476026,476035,1282,9,1,600,129.1
474745,476050,476072,1305,22,1,600,60.3181818182
474747,476084,476092,1337,8,1,600,134.5
474748,476105,476122,1357,17,1,600,80.8235294118
474749,476134,476140,1385,6,1,600,139.1
474751,476151,476152,1400,1,1,600,140.1
474752,476164,476165,1412,1,1,600,141.3
474755,476189,476192,1434,3,1,600,143.7
474756,476204,476212,1448,8,1,600,145.6
474757,476224,476229,1467,5,1,600,147.2
474759,476241,476247,1482,6,1,600,148.8
474760,476259,476266,1499,7,1,600,150.6
474761,476278,476284,1517,6,1,600,152.3
474763,476296,476301,1533,5,1,600,153.8
474764,476313,476328,1549,15,1,600,104.266666667
474765,476339,476345,1574,6,1,600,158.0
474827,491477,491484,16650,7,1,600,1665.7
474828,491482,491493,16654,11,1,600,1515.0
474829,491506,491527,16677,21,1,600,795.142857143
474831,491512,491635,16681,123,1,600,136.617886179
474832,491552,491620,16720,68,1,600,246.882352941
474833,491632,491640,16799,8,1,600,1680.7
474836,491662,491667,16826,5,1,600,1683.1
474859,476021,476031,1162,10,40,36000,117.2
474924,475229,478428,305,3199,2,7200,1.09534229447
474957,491685,491690,16728,5,1,600,1673.3
474959,491690,491698,16731,8,1,600,1673.9
474981,475279,478381,298,3102,2,7200,1.09606705351
474996,475367,478366,371,2999,2,7200,1.12370790263
475020,491714,491780,16694,66,1,600,253.939393939
475022,491719,491720,16697,1,1,600,1669.8
475024,491744,491753,16720,9,1,600,1672.9
475025,491765,491783,16740,18,1,600,931.0
475027,491792,491807,16765,15,1,600,1118.66666667
475066,475452,478658,386,3206,2,7200,1.1203992514
475088,491799,491804,16711,5,1,600,1671.6
475090,491806,491812,16716,6,1,600,1672.2
475091,491818,491832,16727,14,1,600,1195.78571429
475093,491830,491831,16737,1,1,600,1673.8
475095,491837,491848,16742,11,1,600,1523.0
475096,491844,491857,16748,13,1,600,1289.30769231
475097,491849,491859,16752,10,1,600,1676.2
475099,491858,491864,16759,6,1,600,1676.5
475100,491863,491870,16763,7,1,600,1677.0
475101,491870,491876,16769,6,1,600,1677.5
475103,491875,491880,16772,5,1,600,1677.7
475104,491888,491892,16784,4,1,600,1678.8
475130,475457,478432,327,2975,2,7200,1.10991596639
475145,475517,478606,372,3089,2,7200,1.12042732276
475146,475567,478682,421,3115,2,7200,1.13515248796
475165,491893,491894,16728,1,1,600,1672.9
475167,491899,491906,16732,7,1,600,1673.9
475168,491904,491939,16736,35,1,600,479.171428571
475171,491921,491932,16750,11,1,600,1523.72727273
475172,491926,491931,16754,5,1,600,1675.9
475173,491934,491937,16761,3,1,600,1676.4
475175,491939,491963,16764,24,1,600,699.5
475176,491946,491953,16770,7,1,600,1677.7
475178,491951,491972,16773,21,1,600,799.714285714
475179,491958,491963,16779,5,1,600,1678.4
475180,491963,491979,16783,16,1,600,1049.9375
475186,475575,478455,389,2880,2,7200,1.13506944444
475238,475647,478540,409,2893,2,7200,1.14137573453
475242,491969,491970,16727,1,1,600,1672.8
475243,491976,492075,16733,99,1,600,170.02020202
475245,491982,491988,16737,6,1,600,1674.3
475246,491989,491994,16743,5,1,600,1674.8
475248,491994,492013,16746,19,1,600,882.368421053
475250,492006,492039,16756,33,1,600,508.757575758
475252,492018,492040,16766,22,1,600,763.090909091
475253,492023,492051,16770,28,1,600,599.928571429
475255,492030,492036,16775,6,1,600,1678.1
475262,475681,478668,419,2987,2,7200,1.14027452293
475277,475702,478948,425,3246,2,7200,1.13093037585
475316,492048,492058,16732,10,1,600,1674.2
475319,492059,492068,16740,9,1,600,1674.9
475321,492071,492072,16750,1,1,600,1675.1
475324,492083,492084,16759,1,1,600,1676.0
475326,492090,492106,16764,16,1,600,1048.75
475327,492095,492131,16768,36,1,600,466.777777778
475329,492101,492120,16772,19,1,600,883.736842105
475330,492106,492114,16776,8,1,600,1678.4
475391,492112,492128,16721,16,1,600,1046.0625
475393,492130,492239,16737,109,1,600,154.550458716
475394,492135,492156,16741,21,1,600,798.19047619
475396,492147,492156,16751,9,1,600,1676.0
475397,492153,492158,16756,5,1,600,1676.1
475398,492158,492163,16760,5,1,600,1676.5
475398,475718,478613,320,2895,2,7200,1.11053540587
475400,492171,492195,16771,24,1,600,699.791666667
475401,492176,492177,16775,1,1,600,1677.6
475402,492181,492270,16779,89,1,600,189.528089888
475404,492194,492302,16790,108,1,600,156.462962963
475405,492199,492200,16794,1,1,600,1679.5
475407,492212,492219,16805,7,1,600,1681.2
475429,475805,478948,376,3143,2,7200,1.11963092587
475430,475820,478795,390,2975,2,7200,1.13109243697
475469,492229,492234,16760,5,1,600,1676.5
475471,492237,492261,16766,24,1,600,699.583333333
475472,492247,492258,16775,11,1,600,1526.0
475473,492254,492257,16781,3,1,600,1678.4
475475,492269,492270,16794,1,1,600,1679.5
475476,492274,492281,16798,7,1,600,1680.5
475478,492281,492304,16803,23,1,600,731.565217391
475479,492286,492294,16807,8,1,600,1681.5
475485,475846,478947,361,3101,2,7200,1.11641405998
475506,475869,478979,363,3110,2,7200,1.11672025723
475540,492292,492300,16752,8,1,600,1676.0
475558,475876,479231,318,3355,2,7200,1.09478390462
475573,475890,478949,317,3059,2,7200,1.10362863681
475636,475903,478960,267,3057,2,7200,1.08734052993
475670,475911,478951,241,3040,2,7200,1.07927631579
475691,475923,478987,232,3064,2,7200,1.07571801567
475707,476005,479186,298,3181,2,7200,1.09368123232
475794,476067,478966,273,2899,2,7200,1.09417040359
475810,476073,479304,263,3231,2,7200,1.08139894769
475834,476078,478949,244,2871,2,7200,1.08498780913
475858,476121,479058,263,2937,2,7200,1.08954715696
475874,476346,479207,472,2861,2,7200,1.16497728067
475889,476353,479574,464,3221,2,7200,1.14405464142
475904,476360,479594,456,3234,2,7200,1.14100185529
475906,476381,479398,475,3017,2,7200,1.15744116672
475907,476426,479612,519,3186,2,7200,1.16290018832
475994,602730,1207575,126736,604845,1,604800,1.20953467417
475995,476477,479622,482,3145,2,7200,1.15325914149
475997,494914,516522,18917,21608,16,21600,1.87546279156
475997,503284,503615,27287,331,16,21600,83.4380664653
475997,494909,516540,18912,21631,16,21600,1.87430077204
475998,503980,504311,27982,331,16,21600,85.5377643505
475998,504323,504643,28325,320,16,21600,89.515625
475998,503629,503968,27631,339,16,21600,82.5073746313
475998,504660,504982,28662,322,16,21600,90.0124223602
475999,504993,505309,28994,316,16,21600,92.753164557
476000,505321,505637,29321,316,16,21600,93.7879746835
476082,492297,492320,16215,23,1,600,706.0
476084,492303,492310,16219,7,1,600,1622.6
476112,476528,479724,416,3196,2,7200,1.13016270338
476145,492308,492310,16163,2,1,600,1616.5
476147,492315,492318,16168,3,1,600,1617.1
476148,492320,492332,16172,12,1,600,1348.66666667
476209,492326,492334,16117,8,1,600,1612.5
476211,492331,492371,16120,40,1,600,404.0
476212,492336,492337,16124,1,1,600,1612.5
476246,602867,1207712,126621,604845,1,604800,1.20934454282
476275,492347,492348,16072,1,1,600,1607.3
476277,492358,492359,16081,1,1,600,1608.2
476279,492365,492371,16086,6,1,600,1609.2
476339,476587,479679,248,3092,2,7200,1.08020698577
476340,492370,492378,16030,8,1,600,1603.8
476341,492375,492376,16034,1,1,600,1603.5
476343,492381,492387,16038,6,1,600,1604.4
476354,476601,479507,247,2906,2,7200,1.08499655884
476356,476637,479482,281,2845,2,7200,1.09876977153
476371,476698,479707,327,3009,2,7200,1.10867397807
476404,492386,492387,15982,1,1,600,1598.3
476416,476705,479714,289,3009,2,7200,1.09604519774
476468,476751,479778,283,3027,2,7200,1.09349190618
476517,476818,479692,301,2874,2,7200,1.10473208072
476577,476825,479801,248,2976,2,7200,1.08333333333
476593,476865,479743,272,2878,2,7200,1.09451007644
476626,476871,479739,245,2868,2,7200,1.08542538354
476690,476914,479897,224,2983,2,7200,1.07509218907
476691,476947,479841,256,2894,2,7200,1.08845888044
476741,476997,479943,256,2946,2,7200,1.08689748812
476808,477004,480014,196,3010,2,7200,1.06511627907
476823,477024,480134,201,3110,2,7200,1.06463022508
476854,477053,480004,199,2951,2,7200,1.06743476788
476869,477095,480444,226,3349,2,7200,1.0674828307
476905,477102,480034,197,2932,2,7200,1.06718963165
476939,477137,480260,198,3123,2,7200,1.06340057637
476987,477151,479975,164,2824,2,7200,1.05807365439
477002,477158,480212,156,3054,2,7200,1.0510805501
477017,477203,480140,186,2937,2,7200,1.0633299285
477045,477248,480089,203,2841,2,7200,1.07145371348
477084,477568,480570,484,3002,2,7200,1.16122584943
477085,477690,480532,605,2842,2,7200,1.21287825475
477125,477753,480727,628,2974,2,7200,1.21116341627
477140,477968,480996,828,3028,2,7200,1.27344782034
477155,478003,481048,848,3045,2,7200,1.27848932677
477195,478023,480915,828,2892,2,7200,1.28630705394
477237,478052,481301,815,3249,2,7200,1.25084641428
477558,478153,481318,595,3165,2,7200,1.18799368088
477679,478378,481399,699,3021,2,7200,1.23138033764
477744,478393,481346,649,2953,2,7200,1.21977649848
477958,478441,481354,483,2913,2,7200,1.1658084449
477991,478447,481744,456,3297,2,7200,1.13830755232
478012,478466,481469,454,3003,2,7200,1.15118215118
478043,478552,481664,509,3112,2,7200,1.16356041131
478144,478619,481803,475,3184,2,7200,1.14918341709
478372,478626,481608,254,2982,2,7200,1.08517773307
478387,478669,481703,282,3034,2,7200,1.09294660514
478429,478684,481841,255,3157,2,7200,1.08077288565
478444,478695,481846,251,3151,2,7200,1.07965725167
478460,478807,482158,347,3351,2,7200,1.10355117875
478541,478964,481963,423,2999,2,7200,1.14104701567
478608,478969,482112,361,3143,2,7200,1.11485841553
478623,478975,482162,352,3187,2,7200,1.11044869783
478660,478980,481829,320,2849,2,7200,1.11232011232
478675,478985,481909,310,2924,2,7200,1.10601915185
478690,478991,481888,301,2897,2,7200,1.10390058681
478796,479003,481944,207,2941,2,7200,1.07038422305
478949,479008,482166,59,3158,2,7200,1.01868271058
478951,479015,482197,64,3182,2,7200,1.02011313639
478952,479069,482212,117,3143,2,7200,1.03722558066
478953,479198,482402,245,3204,2,7200,1.07646691635
478955,479220,482340,265,3120,2,7200,1.08493589744
478971,479243,482089,272,2846,2,7200,1.09557273366
478972,479315,482472,343,3157,2,7200,1.10864745011
478974,479410,482636,436,3226,2,7200,1.13515189089
478989,479493,482457,504,2964,2,7200,1.17004048583
478991,479519,482512,528,2993,2,7200,1.17641162713
479061,479585,482567,524,2982,2,7200,1.17572099262
479188,479624,482942,436,3318,2,7200,1.13140446052
479209,479634,482485,425,2851,2,7200,1.14907050158
479234,479691,482886,457,3195,2,7200,1.14303599374
479306,479703,482639,397,2936,2,7200,1.13521798365
479400,479719,482760,319,3041,2,7200,1.10489970404
479482,479725,482642,243,2917,2,7200,1.08330476517
479509,479737,482983,228,3246,2,7200,1.07024029575
479576,479750,482627,174,2877,2,7200,1.06047966632
479597,479757,482792,160,3035,2,7200,1.05271828666
479613,479789,482666,176,2877,2,7200,1.0611748349
479628,479812,482559,184,2747,2,7200,1.06698216236
479679,479854,482806,175,2952,2,7200,1.05928184282
479694,479909,482919,215,3010,2,7200,1.07142857143
479709,479955,482984,246,3029,2,7200,1.08121492242
479725,479986,483286,261,3300,2,7200,1.07909090909
479726,480016,483052,290,3036,2,7200,1.09552042161
479741,480026,483031,285,3005,2,7200,1.09484193012
479751,514709,1119553,34958,604844,6,604800,1.05779672114
479756,480046,483163,290,3117,2,7200,1.09303817774
479781,480101,483068,320,2967,2,7200,1.10785305022
479802,480146,483186,344,3040,2,7200,1.11315789474
479844,480152,483130,308,2978,2,7200,1.10342511753
479899,480272,483450,373,3178,2,7200,1.11736941473
479944,480456,483426,512,2970,2,7200,1.17239057239
479978,480545,483503,567,2958,2,7200,1.19168356998
480005,480582,483448,577,2866,2,7200,1.20132588974
480020,480906,483989,886,3083,2,7200,1.28738241972
480035,480926,483960,891,3034,2,7200,1.2936717205
480090,481007,484161,917,3154,2,7200,1.29074191503
480136,481059,483915,923,2856,2,7200,1.32317927171
480151,481312,484419,1161,3107,2,7200,1.37367235275
480163,516982,937144,36819,420162,8,604800,1.08763048538
480208,481330,484260,1122,2930,2,7200,1.38293515358
480263,481357,484546,1094,3189,2,7200,1.34305424898
480444,481366,484281,922,2915,2,7200,1.31629502573
480535,481411,484581,876,3170,2,7200,1.27634069401
480572,481482,484536,910,3054,2,7200,1.29796987557
480686,480739,480895,53,156,2,900,1.33974358974
480730,481619,484450,889,2831,2,7200,1.31402331332
480917,481675,484662,758,2987,2,7200,1.25376632072
480996,481715,484757,719,3042,2,7200,1.23635765943
481051,481756,484773,705,3017,2,7200,1.23367583692
481302,481815,484633,513,2818,2,7200,1.18204400284
481321,481840,485071,519,3231,2,7200,1.16063138347
481348,481852,485010,504,3158,2,7200,1.15959468018
481363,481865,484963,502,3098,2,7200,1.16204002582
481399,481900,485166,501,3266,2,7200,1.15339865279
481472,481920,484715,448,2795,2,7200,1.1602862254
481609,481955,484767,346,2812,2,7200,1.12304409673
481666,482100,485230,434,3130,2,7200,1.13865814696
481707,482124,485233,417,3109,2,7200,1.13412672885
481746,482169,485368,423,3199,2,7200,1.13222882151
481804,482176,485460,372,3284,2,7200,1.11327649208
481831,482182,485070,351,2888,2,7200,1.12153739612
481847,482208,485223,361,3015,2,7200,1.11973466003
481848,482223,484900,375,2677,2,7200,1.14008218155
481887,482352,485442,465,3090,2,7200,1.15048543689
481912,482414,485493,502,3079,2,7200,1.16303994804
481945,482469,485646,524,3177,2,7200,1.16493547372
481963,482484,485414,521,2930,2,7200,1.17781569966
482091,482497,485273,406,2776,2,7200,1.14625360231
482095,493538,597248,11443,103710,3,360000,1.11033651528
482112,482524,485653,412,3129,2,7200,1.13167146053
482159,491165,497900,9006,6735,2,14400,2.33719376392
482161,482571,485549,410,2978,2,7200,1.13767629281
482176,482578,485758,402,3180,2,7200,1.12641509434
482178,482639,485709,461,3070,2,7200,1.15016286645
482199,482648,485582,449,2934,2,7200,1.1530334015
482214,482655,485740,441,3085,2,7200,1.14294975689
482341,482660,485689,319,3029,2,7200,1.10531528557
482405,482678,485934,273,3256,2,7200,1.08384520885
482460,482717,485837,257,3120,2,7200,1.08237179487
482475,482771,485868,296,3097,2,7200,1.09557636422
482490,482804,485833,314,3029,2,7200,1.10366457577
482514,482818,485978,304,3160,2,7200,1.09620253165
482560,482898,485923,338,3025,2,7200,1.11173553719
482575,482931,486110,356,3179,2,7200,1.11198490091
482630,482954,485959,324,3005,2,7200,1.1078202995
482647,482994,486251,347,3257,2,7200,1.10653976052
482649,483001,486187,352,3186,2,7200,1.11048336472
482650,483042,486024,392,2982,2,7200,1.13145539906
482668,483063,486121,395,3058,2,7200,1.12916939176
482762,483080,485812,318,2732,2,7200,1.11639824305
482792,483141,486427,349,3286,2,7200,1.10620815581
482808,483174,486194,366,3020,2,7200,1.12119205298
482890,483198,486129,308,2931,2,7200,1.10508358922
482920,483298,486476,378,3178,2,7200,1.11894273128
482944,483438,486535,494,3097,2,7200,1.15950920245
482984,483460,486596,476,3136,2,7200,1.15178571429
482985,483466,486399,481,2933,2,7200,1.16399590863
483034,483515,486833,481,3318,2,7200,1.1449668475
483052,483928,486926,876,2998,2,7200,1.29219479653
483070,483971,487103,901,3132,2,7200,1.28767560664
483131,484002,486977,871,2975,2,7200,1.29277310924
483164,484172,487210,1008,3038,2,7200,1.33179723502
483189,484272,487636,1083,3364,2,7200,1.32193816885
483289,484293,487256,1004,2963,2,7200,1.33884576443
483428,484431,487476,1003,3045,2,7200,1.32939244663
483449,484461,487319,1012,2858,2,7200,1.35409377187
483451,484548,487620,1097,3072,2,7200,1.35709635417
483506,484557,487450,1051,2893,2,7200,1.36329070169
483917,484592,487437,675,2845,2,7200,1.23725834798
483963,484644,487373,681,2729,2,7200,1.24954195676
483990,484674,487859,684,3185,2,7200,1.2147566719
484163,484726,487877,563,3151,2,7200,1.178673437
484262,484769,487670,507,2901,2,7200,1.17476732161
484284,484779,488037,495,3258,2,7200,1.15193370166
484421,484786,487837,365,3051,2,7200,1.11963290724
484451,484912,488140,461,3228,2,7200,1.14281288724
484493,494491,501730,9998,7239,2,7200,2.38112999033
484536,484974,488101,438,3127,2,7200,1.14007035497
484551,485022,487940,471,2918,2,7200,1.16141192598
484563,496693,498869,12130,2176,2,14400,6.57444852941
484581,485088,487930,507,2842,2,7200,1.17839549613
484633,485093,488123,460,3030,2,7200,1.15181518152
484663,485177,488291,514,3114,2,7200,1.16506101477
484718,485236,488231,518,2995,2,7200,1.17295492487
484754,485242,488265,488,3023,2,7200,1.161429044
484769,485255,488220,486,2965,2,7200,1.16391231029
484784,485285,488129,501,2844,2,7200,1.17616033755
484903,485380,488496,477,3116,2,7200,1.15308087291
484963,485426,488659,463,3233,2,7200,1.14321064027
485012,485453,488280,441,2827,2,7200,1.15599575522
485050,492431,492435,7381,4,12,3600,738.5
485073,485472,488648,399,3176,2,7200,1.12562972292
485074,485505,488732,431,3227,2,7200,1.13356058258
485168,485562,488477,394,2915,2,7200,1.13516295026
485226,485593,488718,367,3125,2,7200,1.11744
485242,485658,488534,416,2876,2,7200,1.14464534075
485243,485665,488744,422,3079,2,7200,1.1370574862
485274,485701,488667,427,2966,2,7200,1.14396493594
485337,496794,499062,11457,2268,2,14400,6.05158730159
485370,485721,488867,351,3146,2,7200,1.11157024793
485416,485751,488860,335,3109,2,7200,1.10775168865
485443,485770,488691,327,2921,2,7200,1.11194796303
485462,485824,488808,362,2984,2,7200,1.12131367292
485495,485845,488875,350,3030,2,7200,1.11551155116
485550,485851,488864,301,3013,2,7200,1.09990043146
485583,485880,488951,297,3071,2,7200,1.096711169
485647,485934,488962,287,3028,2,7200,1.09478203435
485662,485945,488905,283,2960,2,7200,1.09560810811
485670,494312,506318,8642,12006,1,36000,1.71980676329
485689,485970,488772,281,2802,2,7200,1.10028551035
485710,485989,488904,279,2915,2,7200,1.09571183533
485741,486037,489021,296,2984,2,7200,1.09919571046
485743,494319,506317,8576,11998,1,36000,1.71478579763
485759,486121,489189,362,3068,2,7200,1.11799217731
485778,497384,506317,11606,8933,1,36000,2.29922758312
485807,503034,506317,17227,3283,1,36000,6.2473347548
485813,486135,489281,322,3146,2,7200,1.10235219326
485835,486142,489179,307,3037,2,7200,1.10108659862
485850,486199,488896,349,2697,2,7200,1.12940304042
485871,486205,489137,334,2932,2,7200,1.1139154161
485926,486263,489341,337,3078,2,7200,1.10948667966
485941,486412,489525,471,3113,2,7200,1.15130099582
485962,486439,489449,477,3010,2,7200,1.1584717608
485980,486488,489790,508,3302,2,7200,1.15384615385
486026,486546,489559,520,3013,2,7200,1.17258546299
486111,486609,489727,498,3118,2,7200,1.1597177678
486126,486844,489628,718,2784,2,7200,1.25790229885
486142,486937,489965,795,3028,2,7200,1.26254953765
486187,486989,490068,802,3079,2,7200,1.26047417993
486202,487115,490236,913,3121,2,7200,1.29253444409
486251,487221,490322,970,3101,2,7200,1.31280232183
486399,487268,490288,869,3020,2,7200,1.28774834437
486430,487331,490105,901,2774,2,7200,1.32480173035
486478,487384,490321,906,2937,2,7200,1.30847803882
486536,487447,490375,911,2928,2,7200,1.31113387978
486597,487454,490502,857,3048,2,7200,1.281167979
486836,487461,490425,625,2964,2,7200,1.21086369771
486927,487488,490483,561,2995,2,7200,1.18731218698
486976,487632,490594,656,2962,2,7200,1.22147197839
487028,505649,541660,18621,36011,16,36000,1.51709199967
487103,487647,490642,544,2995,2,7200,1.1816360601
487212,487681,490774,469,3093,2,7200,1.15163271904
487257,487849,490989,592,3140,2,7200,1.18853503185
487321,487872,491071,551,3199,2,7200,1.17224132541
487373,488891,492354,1518,3463,4,36000,1.43834825296
487376,487889,490931,513,3042,2,7200,1.16863905325
487439,487894,490957,455,3063,2,7200,1.14854717597
487454,487943,491053,489,3110,2,7200,1.15723472669
487479,487951,490794,472,2843,2,7200,1.16602180795
487621,488033,490810,412,2777,2,7200,1.14836154123
487639,488049,491094,410,3045,2,7200,1.13464696223
487672,488113,491039,441,2926,2,7200,1.15071770335
487840,488134,491286,294,3152,2,7200,1.09327411168
487861,488142,491153,281,3011,2,7200,1.09332447692
487880,488152,491310,272,3158,2,7200,1.08613046232
487931,488232,491403,301,3171,2,7200,1.09492273731
487946,488242,491220,296,2978,2,7200,1.09939556749
488040,488278,491035,238,2757,2,7200,1.08632571636
488104,488292,491484,188,3192,2,7200,1.05889724311
488125,488303,491562,178,3259,2,7200,1.05461798098
488140,488490,491462,350,2972,2,7200,1.11776581427
488142,488508,491391,366,2883,2,7200,1.12695109261
488221,488546,491629,325,3083,2,7200,1.10541680182
488236,488661,491630,425,2969,2,7200,1.14314584035
488267,488671,491845,404,3174,2,7200,1.12728418399
488282,488678,491640,396,2962,2,7200,1.13369345037
488297,488703,491859,406,3156,2,7200,1.12864385298
488479,488731,491509,252,2778,2,7200,1.09071274298
488497,488744,491471,247,2727,2,7200,1.09057572424
488537,488755,491791,218,3036,2,7200,1.07180500659
488649,488871,492100,222,3229,2,7200,1.06875193558
488664,488884,492023,220,3139,2,7200,1.07008601465
488673,488783,488835,110,52,2,1800,3.11538461538
488674,488879,488934,205,55,2,1800,4.72727272727
488674,488847,488898,173,51,2,1800,4.39215686275
488674,488907,488959,233,52,2,1800,5.48076923077
488674,488915,488966,241,51,2,1800,5.72549019608
488674,488819,488871,145,52,2,1800,3.78846153846
488675,488946,488997,271,51,2,1800,6.3137254902
488675,488971,489022,296,51,2,1800,6.80392156863
488675,488977,489028,302,51,2,1800,6.92156862745
488675,489008,489060,333,52,2,1800,7.40384615385
488676,489110,489161,434,51,2,1800,9.50980392157
488676,489039,489091,363,52,2,1800,7.98076923077
488676,489045,489096,369,51,2,1800,8.23529411765
488676,489072,489123,396,51,2,1800,8.76470588235
488676,489102,489155,426,53,2,1800,9.03773584906
488677,489173,489224,496,51,2,1800,10.7254901961
488677,489197,489249,520,52,2,1800,11.0
488677,489167,489218,490,51,2,1800,10.6078431373
488677,489135,489186,458,51,2,1800,9.98039215686
488678,489204,489255,526,51,2,1800,11.3137254902
488679,488922,491856,243,2934,2,7200,1.08282208589
488694,488927,492136,233,3209,2,7200,1.07260828919
488718,488962,492084,244,3122,2,7200,1.07815502883
488734,488982,491982,248,3000,2,7200,1.08266666667
488749,489032,492141,283,3109,2,7200,1.09102605339
488773,489149,492117,376,2968,2,7200,1.12668463612
488810,489191,492192,381,3001,2,7200,1.12695768077
488861,489230,492289,369,3059,2,7200,1.1206276561
488877,489237,492268,360,3031,2,7200,1.11877268228
488878,489260,492258,382,2998,2,7200,1.12741827885
488880,489267,492290,387,3023,2,7200,1.12801852464
488898,489292,492369,394,3077,2,7200,1.12804679883
488913,489352,492362,439,3010,2,7200,1.14584717608
488914,489461,492402,547,2941,2,7200,1.18599115947
488954,489536,492326,582,2790,2,7200,1.20860215054
488969,489570,492507,601,2937,2,7200,1.20463057542
489023,489640,492943,617,3303,2,7200,1.1867998789
489139,489738,492832,599,3094,2,7200,1.19360051713
489181,489802,492750,621,2948,2,7200,1.21065128901
489196,489977,493087,781,3110,2,7200,1.25112540193
489281,490080,493277,799,3197,2,7200,1.24992180169
489342,490118,493135,776,3017,2,7200,1.25720914816
489451,490247,493298,796,3051,2,7200,1.26089806621
489527,490301,493441,774,3140,2,7200,1.24649681529
489560,490332,493556,772,3224,2,7200,1.23945409429
489630,490340,493375,710,3035,2,7200,1.23393739703
489727,490387,493524,660,3137,2,7200,1.21039209436
489791,490438,493532,647,3094,2,7200,1.209114415
489846,498880,505363,9034,6483,2,14400,2.3934906679
489967,490494,493149,527,2655,2,7200,1.19849340866
490070,490514,493594,444,3080,2,7200,1.14415584416
490106,490605,493687,499,3082,2,7200,1.16190785204
490236,490654,493567,418,2913,2,7200,1.14349467903
490291,490786,493806,495,3020,2,7200,1.16390728477
490322,490807,493768,485,2961,2,7200,1.16379601486
490323,490823,493903,500,3080,2,7200,1.16233766234
490377,490942,493857,565,2915,2,7200,1.19382504288
490394,499073,503773,8679,4700,2,14400,2.84659574468
490426,490969,494006,543,3037,2,7200,1.17879486335
490486,491000,494144,514,3144,2,7200,1.16348600509
490504,491046,494104,542,3058,2,7200,1.17724002616
490596,491053,493887,457,2834,2,7200,1.16125617502
490645,491065,494014,420,2949,2,7200,1.14242115972
490776,491082,494135,306,3053,2,7200,1.10022928267
490797,491106,494226,309,3120,2,7200,1.09903846154
490812,491244,494366,432,3122,2,7200,1.13837283792
490935,491298,494378,363,3080,2,7200,1.11785714286
490959,491331,494377,372,3046,2,7200,1.12212738017
490989,491413,494480,424,3067,2,7200,1.13824584284
491038,491431,494423,393,2992,2,7200,1.13135026738
491053,491500,494558,447,3058,2,7200,1.14617396991
491054,491528,494613,474,3085,2,7200,1.15364667747
491073,491545,494422,472,2877,2,7200,1.1640597845
491097,491584,494554,487,2970,2,7200,1.16397306397
491155,491644,494703,489,3059,2,7200,1.15985616214
491221,491650,494685,429,3035,2,7200,1.1413509061
491288,491678,494618,390,2940,2,7200,1.13265306122
491296,541677,541699,50381,22,6,604800,2291.04545455
491312,491811,494697,499,2886,2,7200,1.1729036729
491391,491881,494940,490,3059,2,7200,1.16018306636
491405,541682,541702,50277,20,6,604800,2514.85
491407,491909,494963,502,3054,2,7200,1.1643745907
491457,494285,494348,2828,63,40,36000,45.8888888889
491464,492011,495187,547,3176,2,7200,1.17222921914
491479,492037,494876,558,2839,2,7200,1.19654808031
491486,541710,541729,50224,19,6,604800,2644.36842105
491494,492118,495282,624,3164,2,7200,1.19721871049
491504,492397,492430,893,33,1,600,28.0606060606
491513,492123,495334,610,3211,2,7200,1.18997197135
491541,494360,494897,2819,537,40,36000,6.24953445065
491565,492141,495422,576,3281,2,7200,1.17555623286
491566,492402,492408,836,6,1,600,84.2
491632,492164,495137,532,2973,2,7200,1.17894382778
491633,492187,495357,554,3170,2,7200,1.17476340694
491649,492206,495224,557,3018,2,7200,1.1845593108
491691,492413,492417,722,4,1,600,72.6
491693,492418,492425,725,7,1,600,73.2
491694,492437,492447,743,10,1,600,75.3
491695,492442,492447,747,5,1,600,75.2
491697,492447,492449,750,2,1,600,75.2
491758,492453,492455,695,2,1,600,69.7
491760,492458,492528,698,70,1,600,10.9714285714
491761,492464,492470,703,6,1,600,70.9
491763,492476,492486,713,10,1,600,72.3
491791,492424,495604,633,3180,2,7200,1.19905660377
491824,492481,492499,657,18,1,600,37.5
491825,492487,492533,662,46,1,600,15.3913043478
491827,492492,492499,665,7,1,600,67.2
491828,492497,492498,669,1,1,600,67.0
491830,492503,492510,673,7,1,600,68.0
491831,492508,492746,677,238,1,600,3.84453781513
491846,492469,495675,623,3206,2,7200,1.1943231441
491861,492946,496003,1085,3057,2,7200,1.35492312725
491862,493337,496203,1475,2866,2,7200,1.51465457083
491894,492519,492526,625,7,1,600,63.2
491895,492524,492526,629,2,1,600,63.1
491896,492530,492548,634,18,1,600,36.2222222222
491898,492535,492541,637,6,1,600,64.3
491899,492540,492546,641,6,1,600,64.7
491900,492546,492699,646,153,1,600,5.22222222222
491902,492551,492556,649,5,1,600,65.4
491903,492556,492565,653,9,1,600,66.2
491904,492562,492646,658,84,1,600,8.83333333333
491906,492567,492575,661,8,1,600,66.9
491967,492574,492581,607,7,1,600,61.4
491970,492585,492586,615,1,1,600,61.6
491971,492590,492594,619,4,1,600,62.3
491973,492596,492608,623,12,1,600,52.9166666667
491974,492601,492602,627,1,1,600,62.8
491975,492607,492612,632,5,1,600,63.7
491977,492612,492613,635,1,1,600,63.6
491978,492617,492626,639,9,1,600,64.8
491979,492622,492623,643,1,1,600,64.4
491981,492628,492649,647,21,1,600,31.8095238095
491984,493342,496612,1358,3270,2,7200,1.41529051988
492023,493518,496524,1495,3006,2,7200,1.49733865602
492042,492633,492640,591,7,1,600,59.8
492044,492638,492650,594,12,1,600,50.5
492045,492644,492661,599,17,1,600,36.2352941176
492046,492649,492659,603,10,1,600,61.3
492048,492655,492662,607,7,1,600,61.4
492049,492660,492661,611,1,1,600,61.2
492050,492667,492677,617,10,1,600,62.7
492052,492673,492678,621,5,1,600,62.6
492084,493526,496682,1442,3156,2,7200,1.45690747782
492102,493531,496363,1429,2832,2,7200,1.50459039548
492113,492678,492685,565,7,1,600,57.2
492115,492683,492693,568,10,1,600,57.8
492116,492689,492719,573,30,1,600,20.1
492117,492694,492896,577,202,1,600,3.85643564356
492118,493545,496956,1427,3411,2,7200,1.41835238933
492119,492700,492704,581,4,1,600,58.5
492120,492705,492726,585,21,1,600,28.8571428571
492121,492710,492723,589,13,1,600,46.3076923077
492123,492716,492722,593,6,1,600,59.9
492124,492721,492722,597,1,1,600,59.8
492125,492726,492732,601,6,1,600,60.7
492127,492732,492736,605,4,1,600,60.9
492128,492737,492744,609,7,1,600,61.6
492136,493568,496607,1432,3039,2,7200,1.47120763409
492151,493579,496562,1428,2983,2,7200,1.47871270533
492189,492742,492748,553,6,1,600,55.9
492191,492748,492794,557,46,1,600,13.1086956522
492192,492756,492766,564,10,1,600,57.4
492193,493606,496565,1413,2959,2,7200,1.47752619128
492194,492761,492783,567,22,1,600,26.7727272727
492195,492766,492767,571,1,1,600,57.2
492196,492772,492781,576,9,1,600,58.5
492198,492777,492778,579,1,1,600,58.0
492259,492783,492787,524,4,1,600,52.8
492260,493699,496901,1439,3202,2,7200,1.44940662086
492261,492788,492796,527,8,1,600,53.5
492262,492793,492802,531,9,1,600,54.0
492263,492799,492840,536,41,1,600,14.0731707317
492265,492804,492812,539,8,1,600,54.7
492266,492809,493103,543,294,1,600,2.84693877551
492267,492815,492825,548,10,1,600,55.8
492269,492820,492837,551,17,1,600,33.4117647059
492270,492825,492831,555,6,1,600,56.1
492275,493780,496820,1505,3040,2,7200,1.49506578947
492291,493819,496898,1528,3079,2,7200,1.49626502111
492292,493869,497138,1577,3269,2,7200,1.4824105231
492329,493899,496875,1570,2976,2,7200,1.52755376344
492332,492831,492837,499,6,1,600,50.5
492333,492836,492841,503,5,1,600,50.8
492334,492842,492849,508,7,1,600,51.5
492336,492849,492854,513,5,1,600,51.8
492337,492855,492874,518,19,1,600,28.2631578947
492338,492860,492866,522,6,1,600,52.8
492340,492865,492871,525,6,1,600,53.1
492341,492871,492887,530,16,1,600,34.125
492342,492876,492877,534,1,1,600,53.5
492344,492882,492888,538,6,1,600,54.4
492345,492887,492893,542,6,1,600,54.8
492347,492892,492906,545,14,1,600,39.9285714286
492348,492898,492905,550,7,1,600,55.7
492351,492903,492935,552,32,1,600,18.25
492352,492908,492932,556,24,1,600,24.1666666667
492354,500926,505844,8572,4918,2,14400,2.74298495323
492365,493914,496782,1549,2868,2,7200,1.54009762901
492380,494017,497239,1637,3222,2,7200,1.50806952204
492405,494027,496987,1622,2960,2,7200,1.54797297297
492415,492919,492926,504,7,1,600,51.1
492416,492924,492929,508,5,1,600,51.3
492417,516603,516605,24186,2,8,86400,2418.8
492417,516584,516591,24167,7,8,86400,2417.4
492417,516557,516560,24140,3,8,86400,2414.3
492417,516571,516573,24154,2,8,86400,2415.6
492418,516617,516623,24199,6,8,86400,2420.5
492418,516635,516643,24217,8,8,86400,2422.5
492418,516655,516656,24237,1,8,86400,2423.8
492418,492930,492942,512,12,1,600,43.6666666667
492419,516693,516694,24274,1,8,86400,2427.5
492419,516668,516669,24249,1,8,86400,2425.0
492419,492935,492943,516,8,1,600,52.4
492419,516680,516682,24261,2,8,86400,2426.3
492420,516723,516725,24303,2,8,86400,2430.5
492420,516736,516738,24316,2,8,86400,2431.8
492420,516707,516708,24287,1,8,86400,2428.8
492421,516750,516751,24329,1,8,86400,2433.0
492421,516768,516769,24347,1,8,86400,2434.8
492422,492954,492959,532,5,1,600,53.7
492424,492959,492992,535,33,1,600,17.2121212121
492425,492964,492975,539,11,1,600,50.0
492427,492970,492994,543,24,1,600,23.625
492428,492975,492982,547,7,1,600,55.4
492429,492980,492998,551,18,1,600,31.6111111111
492432,492991,493047,559,56,1,600,10.9821428571
492495,493002,493009,507,7,1,600,51.4
492496,493007,493135,511,128,1,600,4.9921875
492498,493013,493020,515,7,1,600,52.2
492499,493018,493030,519,12,1,600,44.25
492500,493023,493029,523,6,1,600,52.9
492502,493029,493037,527,8,1,600,53.5
492508,494267,497218,1759,2951,2,7200,1.59606912911
492563,493034,493035,471,1,1,600,47.2
492565,493040,493048,475,8,1,600,48.3
492566,493045,493053,479,8,1,600,48.7
492567,493050,493051,483,1,1,600,48.4
492569,493056,493074,487,18,1,600,28.0555555556
492570,493061,493067,491,6,1,600,49.7
492571,493066,493078,495,12,1,600,42.25
492573,493075,493081,502,6,1,600,50.8
492574,493080,493081,506,1,1,600,50.7
492575,493085,493164,510,79,1,600,7.45569620253
492577,493091,493100,514,9,1,600,52.3
492578,493096,493101,518,5,1,600,52.3
492579,493101,493102,522,1,1,600,52.3
492581,493107,493115,526,8,1,600,53.4
492582,493112,493136,530,24,1,600,23.0833333333
492643,493117,493394,474,277,1,600,2.71119133574
492645,493123,493138,478,15,1,600,32.8666666667
492646,493128,493142,482,14,1,600,35.4285714286
492647,493133,493172,486,39,1,600,13.4615384615
492649,493139,493156,490,17,1,600,29.8235294118
492650,493144,493145,494,1,1,600,49.5
492653,493155,493164,502,9,1,600,51.1
492656,493166,493173,510,7,1,600,51.7
492657,493171,493177,514,6,1,600,52.0
492658,493177,493185,519,8,1,600,52.7
492660,493182,493187,522,5,1,600,52.7
492661,493187,493205,526,18,1,600,30.2222222222
492722,493196,493205,474,9,1,600,48.3
492724,493201,493202,477,1,1,600,47.8
492725,493207,493232,482,25,1,600,20.28
492727,493212,493218,485,6,1,600,49.1
492728,493218,493241,490,23,1,600,22.3043478261
492729,493223,493241,494,18,1,600,28.4444444444
492732,493234,493235,502,1,1,600,50.3
492734,493239,493246,505,7,1,600,51.2
492735,493245,493246,510,1,1,600,51.1
492736,493250,493251,514,1,1,600,51.5
492738,493256,493277,518,21,1,600,25.6666666667
492739,493261,493269,522,8,1,600,53.0
492740,493266,493277,526,11,1,600,48.8181818182
492742,493272,493283,530,11,1,600,49.1818181818
492743,493277,493299,534,22,1,600,25.2727272727
492750,494273,497527,1523,3254,2,7200,1.4680393362
492806,493288,493296,482,8,1,600,49.0
492808,493299,493305,491,6,1,600,49.7
492810,493304,493313,494,9,1,600,50.3
492811,493310,493320,499,10,1,600,50.9
492813,493315,493326,502,11,1,600,46.6363636364
492814,493321,493341,507,20,1,600,26.35
492815,493326,493331,511,5,1,600,51.6
492817,493331,493337,514,6,1,600,52.0
492818,493351,493359,533,8,1,600,54.1
492819,493356,493361,537,5,1,600,54.2
492821,493361,493406,540,45,1,600,13.0
492833,494278,497289,1445,3011,2,7200,1.47990700764
492884,493372,493373,488,1,1,600,48.9
492885,493377,493524,492,147,1,600,4.34693877551
492886,493383,493384,497,1,1,600,49.8
492888,493388,493395,500,7,1,600,50.7
492889,493394,493403,505,9,1,600,51.4
492890,493399,493406,509,7,1,600,51.6
492892,493404,493411,512,7,1,600,51.9
492893,493410,493411,517,1,1,600,51.8
492894,493415,493423,521,8,1,600,52.9
492897,493426,493427,529,1,1,600,53.0
492898,493431,493432,533,1,1,600,53.4
492900,493437,493448,537,11,1,600,49.8181818182
492901,493442,493448,541,6,1,600,54.7
492903,493448,493453,545,5,1,600,55.0
492904,493453,493471,549,18,1,600,31.5
492945,494290,497494,1345,3204,2,7200,1.41978776529
492965,493458,493459,493,1,1,600,49.4
492967,493464,493479,497,15,1,600,34.1333333333
492968,493469,493492,501,23,1,600,22.7826086957
492971,493480,493487,509,7,1,600,51.6
492972,493485,493492,513,7,1,600,52.0
492974,493491,493502,517,11,1,600,48.0
492975,493496,493497,521,1,1,600,52.2
492976,493501,493502,525,1,1,600,52.6
492978,493507,493527,529,20,1,600,27.45
492979,493512,493513,533,1,1,600,53.4
493040,494094,494102,1054,8,1,600,106.2
493042,494100,494246,1058,146,1,600,8.24657534247
493043,494105,494106,1062,1,1,600,106.3
493044,494110,494118,1066,8,1,600,107.4
493046,494115,494124,1069,9,1,600,107.8
493047,494121,494127,1074,6,1,600,108.0
493049,494126,494135,1077,9,1,600,108.6
493050,494131,494132,1081,1,1,600,108.2
493051,494137,494138,1086,1,1,600,108.7
493053,494142,494157,1089,15,1,600,73.6
493054,494147,494148,1093,1,1,600,109.4
493055,494152,494153,1097,1,1,600,109.8
493057,494158,494258,1101,100,1,600,12.01
493058,494163,494169,1105,6,1,600,111.1
493059,494168,494169,1109,1,1,600,111.0
493061,494174,494178,1113,4,1,600,111.7
493062,494179,494180,1117,1,1,600,111.8
493087,494379,497535,1292,3156,2,7200,1.40937896071
493125,494190,494301,1065,111,1,600,10.5945945946
493126,494195,494205,1069,10,1,600,107.9
493127,494201,494214,1074,13,1,600,83.6153846154
493129,494206,494225,1077,19,1,600,57.6842105263
493130,494211,494220,1081,9,1,600,109.0
493132,494217,494225,1085,8,1,600,109.3
493133,494222,494229,1089,7,1,600,109.6
493134,494227,494236,1093,9,1,600,110.2
493135,494389,497294,1254,2905,2,7200,1.43166953528
493136,494232,494242,1096,10,1,600,110.6
493151,494395,497334,1244,2939,2,7200,1.42327322218
493197,494238,494300,1041,62,1,600,17.7903225806
493199,494243,494245,1044,2,1,600,104.6
493200,494248,494255,1048,7,1,600,105.5
493201,494254,494271,1053,17,1,600,62.9411764706
493203,494259,494260,1056,1,1,600,105.7
493204,503622,503629,10418,7,1,600,1042.5
493206,503640,503655,10434,15,1,600,696.6
493207,503666,503667,10459,1,1,600,1046.0
493210,503696,503697,10486,1,1,600,1048.7
493212,503708,504083,10496,375,1,600,28.9893333333
493213,504095,504100,10882,5,1,600,1088.7
493214,504112,504144,10898,32,1,600,341.5625
493217,504169,504175,10952,6,1,600,1095.8
493218,504192,504201,10974,9,1,600,1098.3
493220,504213,504243,10993,30,1,600,367.433333333
493221,504255,504271,11034,16,1,600,690.625
493278,494433,497525,1155,3092,2,7200,1.37354463131
493283,504282,504289,10999,7,1,600,1100.6
493284,504300,504319,11016,19,1,600,580.789473684
493285,504331,504332,11046,1,1,600,1104.7
493288,504355,504361,11067,6,1,600,1107.3
493290,504372,504380,11082,8,1,600,1109.0
493291,504393,504402,11102,9,1,600,1111.1
493292,504413,504414,11121,1,1,600,1112.2
493294,504431,504455,11137,24,1,600,465.041666667
493295,504466,504473,11171,7,1,600,1117.8
493298,504497,504581,11199,84,1,600,134.321428571
493299,494440,497825,1141,3385,2,7200,1.33707533235
493300,504592,504593,11292,1,1,600,1129.3
493301,504604,504605,11303,1,1,600,1130.4
493302,504616,504642,11314,26,1,600,436.153846154
493304,504653,504666,11349,13,1,600,874.0
493305,504677,504705,11372,28,1,600,407.142857143
493367,504717,504724,11350,7,1,600,1135.7
493369,504747,504770,11378,23,1,600,495.695652174
493371,504781,504788,11410,7,1,600,1141.7
493372,504799,504800,11427,1,1,600,1142.8
493373,504811,504820,11438,9,1,600,1144.7
493375,504832,504848,11457,16,1,600,717.0625
493375,494566,497723,1191,3157,2,7200,1.37725688945
493376,504859,504902,11483,43,1,600,268.046511628
493378,504914,504920,11536,6,1,600,1154.2
493379,504932,504966,11553,34,1,600,340.794117647
493380,602162,602174,108782,12,1,600,9066.16666667
493442,494572,497654,1130,3082,2,7200,1.36664503569
493443,602201,602205,108758,4,1,600,10876.2
493445,602216,602311,108771,95,1,600,1145.95789474
493446,602327,602348,108881,21,1,600,5185.80952381
493447,602362,602379,108915,17,1,600,6407.76470588
493449,602390,602401,108941,11,1,600,9904.72727273
493450,602412,602419,108962,7,1,600,10896.9
493451,602432,602437,108981,5,1,600,10898.6
493453,602448,602452,108995,4,1,600,10899.9
493454,602469,602493,109015,24,1,600,4543.29166667
493456,602509,602515,109053,6,1,600,10905.9
493457,602528,602534,109071,6,1,600,10907.7
493458,602546,602633,109088,87,1,600,1254.88505747
493460,602646,602647,109186,1,1,600,10918.7
493522,602671,602675,109149,4,1,600,10915.3
493524,494625,497619,1101,2994,2,7200,1.36773547094
493524,602691,602697,109167,6,1,600,10917.3
493525,602709,602715,109184,6,1,600,10919.0
493527,602882,602885,109355,3,1,600,10935.8
493528,602898,602904,109370,6,1,600,10937.6
493531,602934,602941,109403,7,1,600,10941.0
493535,602989,603006,109454,17,1,600,6439.47058824
493536,602996,603006,109460,10,1,600,10947.0
493537,603001,603010,109464,9,1,600,10947.3
493539,603006,603008,109467,2,1,600,10946.9
493539,494632,497595,1093,2963,2,7200,1.36888288896
493557,494698,497529,1141,2831,2,7200,1.40303779583
493572,494708,498014,1136,3306,2,7200,1.34361766485
493597,494715,497772,1118,3057,2,7200,1.36571802421
493688,494887,497963,1199,3076,2,7200,1.38979193758
493769,494951,498067,1182,3116,2,7200,1.37933247754
493809,494974,498034,1165,3060,2,7200,1.38071895425
493854,495149,498469,1295,3320,2,7200,1.39006024096
493888,495199,498036,1311,2837,2,7200,1.46210786042
493903,495236,498270,1333,3034,2,7200,1.43935398813
494006,495294,498165,1288,2871,2,7200,1.44862417276
494021,495346,498280,1325,2934,2,7200,1.45160190866
494106,495368,498518,1262,3150,2,7200,1.40063492063
494137,495434,498455,1297,3021,2,7200,1.42932803707
494141,603012,603013,108871,1,1,600,10887.2
494142,603019,603023,108877,4,1,600,10888.1
494144,603024,603025,108880,1,1,600,10888.1
494146,603036,603043,108890,7,1,600,10889.7
494148,603041,603047,108893,6,1,600,10889.9
494149,603049,603054,108900,5,1,600,10890.5
494150,603054,603060,108904,6,1,600,10891.0
494152,495617,498723,1465,3106,2,7200,1.47166773986
494212,603059,603065,108847,6,1,600,10885.3
494215,603072,603073,108857,1,1,600,10885.8
494217,603077,603078,108860,1,1,600,10886.1
494219,603095,603102,108876,7,1,600,10888.3
494220,603100,603109,108880,9,1,600,10888.9
494222,603106,603113,108884,7,1,600,10889.1
494223,603111,603112,108888,1,1,600,10888.9
494224,603118,603123,108894,5,1,600,10889.9
494226,603123,603124,108897,1,1,600,10889.8
494228,495687,498718,1459,3031,2,7200,1.48135928736
494249,503360,512775,9111,9415,2,129600,1.96771109931
494287,603146,603152,108859,6,1,600,10886.5
494288,603151,603198,108863,47,1,600,2317.23404255
494290,603157,603163,108867,6,1,600,10887.3
494291,603162,603169,108871,7,1,600,10887.8
494292,603167,603174,108875,7,1,600,10888.2
494294,603174,603193,108880,19,1,600,5731.52631579
494295,603180,603194,108885,14,1,600,7778.5
494296,603192,603200,108896,8,1,600,10890.4
494297,603197,603203,108900,6,1,600,10890.6
494299,603211,603223,108912,12,1,600,9077.0
494300,603216,603222,108916,6,1,600,10892.2
494363,603228,603236,108865,8,1,600,10887.3
494367,496016,498858,1649,2842,2,7200,1.58022519353
494383,496214,499075,1831,2861,2,7200,1.63998601887
494384,496376,499386,1992,3010,2,7200,1.66179401993
494424,496536,499369,2112,2833,2,7200,1.74549947053
494425,496574,499517,2149,2943,2,7200,1.73020727149
494474,526262,670471,31788,144209,8,144000,1.22043007025
494480,496581,499465,2101,2884,2,7200,1.72850208044
494485,516780,516782,22295,2,8,172800,2229.7
494486,516819,516821,22333,2,8,172800,2233.5
494486,516807,516808,22321,1,8,172800,2232.2
494486,516793,516795,22307,2,8,172800,2230.9
494487,516832,516834,22345,2,8,172800,2234.7
494487,516846,516847,22359,1,8,172800,2236.0
494487,516859,516860,22372,1,8,172800,2237.3
494487,516872,516873,22385,1,8,172800,2238.6
494488,516885,516886,22397,1,8,172800,2239.8
494488,516897,516898,22409,1,8,172800,2241.0
494488,516910,516911,22422,1,8,172800,2242.3
494488,516923,516924,22435,1,8,172800,2243.6
494489,516962,516964,22473,2,8,172800,2247.5
494489,516949,516950,22460,1,8,172800,2246.1
494489,516936,516937,22447,1,8,172800,2244.8
494552,496618,499623,2066,3005,2,7200,1.68752079867
494568,496625,499537,2057,2912,2,7200,1.70638736264
494616,496831,499844,2215,3013,2,7200,1.73514769333
494631,496887,499810,2256,2923,2,7200,1.77180978447
494689,496909,499754,2220,2845,2,7200,1.78031634446
494704,496917,499865,2213,2948,2,7200,1.75067842605
494705,496967,499987,2262,3020,2,7200,1.74900662252
494878,496999,500156,2121,3157,2,7200,1.67184035477
494942,497149,500158,2207,3009,2,7200,1.73346626786
494966,497230,500025,2264,2795,2,7200,1.81001788909
495139,497251,500197,2112,2946,2,7200,1.71690427699
495188,497300,500396,2112,3096,2,7200,1.68217054264
495224,497307,500466,2083,3159,2,7200,1.65938588161
495282,497345,500422,2063,3077,2,7200,1.67045823854
495336,497505,500335,2169,2830,2,7200,1.76643109541
495358,497536,500450,2178,2914,2,7200,1.74742621826
495424,497544,500545,2120,3001,2,7200,1.7064311896
495606,497549,500758,1943,3209,2,7200,1.60548457463
495675,497555,500555,1880,3000,2,7200,1.62666666667
496005,497606,500454,1601,2848,2,7200,1.5621488764
496205,497631,500767,1426,3136,2,7200,1.45471938776
496367,497665,500653,1298,2988,2,7200,1.4344042838
496524,497734,500921,1210,3187,2,7200,1.37966739881
496564,497785,500883,1221,3098,2,7200,1.39412524209
496579,497837,500718,1258,2881,2,7200,1.4366539396
496609,497912,500914,1303,3002,2,7200,1.43404397069
496625,497975,501022,1350,3047,2,7200,1.44305874631
496683,498026,500977,1343,2951,2,7200,1.45509996611
496783,498046,501290,1263,3244,2,7200,1.38933415536
496822,498054,501168,1232,3114,2,7200,1.39563262685
496833,506329,533806,9496,27477,2,39540,1.34559813662
496877,498079,500946,1202,2867,2,7200,1.41925357517
496898,498176,501082,1278,2906,2,7200,1.439779766
496913,498281,501032,1368,2751,2,7200,1.49727371865
496956,498292,501272,1336,2980,2,7200,1.44832214765
496989,498467,501801,1478,3334,2,7200,1.44331133773
497001,522370,522780,25369,410,2,600,62.8756097561
497140,498480,501460,1340,2980,2,7200,1.44966442953
497219,498529,501722,1310,3193,2,7200,1.41027247103
497240,498731,501661,1491,2930,2,7200,1.50887372014
497292,498738,502037,1446,3299,2,7200,1.4383146408
497307,498870,501900,1563,3030,2,7200,1.51584158416
497334,499087,502150,1753,3063,2,7200,1.57231472413
497488,606754,1182789,109266,576035,1,576000,1.18968639058
497495,499381,502258,1886,2877,2,7200,1.65554396941
497525,499399,502282,1874,2883,2,7200,1.65001734305
497527,499477,502428,1950,2951,2,7200,1.66079295154
497542,499528,502749,1986,3221,2,7200,1.61657870227
497543,499549,502927,2006,3378,2,7200,1.59384251036
497595,499635,502655,2040,3020,2,7200,1.67549668874
497619,499766,502816,2147,3050,2,7200,1.70393442623
497656,499821,502908,2165,3087,2,7200,1.70132815031
497700,523384,523794,25684,410,2,900,63.643902439
497725,499856,502843,2131,2987,2,7200,1.71342484098
497773,523805,524215,26032,410,2,900,64.4926829268
497774,499876,503052,2102,3176,2,7200,1.66183879093
497822,499998,503010,2176,3012,2,7200,1.7224435591
497838,523993,524404,26155,411,2,900,64.6374695864
497965,500036,503126,2071,3090,2,7200,1.67022653722
498016,500168,503011,2152,2843,2,7200,1.75694688709
498034,500174,503349,2140,3175,2,7200,1.67401574803
498049,500208,503447,2159,3239,2,7200,1.66656375425
498067,500347,503433,2280,3086,2,7200,1.73882047959
498167,500409,503329,2242,2920,2,7200,1.76780821918
498270,500434,503340,2164,2906,2,7200,1.74466620785
498286,500463,503592,2177,3129,2,7200,1.69574944072
498455,500470,503593,2015,3123,2,7200,1.64521293628
498470,500477,503435,2007,2958,2,7200,1.6784989858
498518,500557,503646,2039,3089,2,7200,1.66008416963
498722,500567,503611,1845,3044,2,7200,1.60611038108
498737,500665,503860,1928,3195,2,7200,1.6034428795
498861,500729,504016,1868,3287,2,7200,1.56829936112
499076,500770,503848,1694,3078,2,7200,1.55035737492
499372,500779,503666,1407,2887,2,7200,1.48735711812
499387,500895,504172,1508,3277,2,7200,1.46017699115
499466,500932,504025,1466,3093,2,7200,1.47397348852
499518,500958,503822,1440,2864,2,7200,1.50279329609
499539,500988,503832,1449,2844,2,7200,1.50949367089
499624,501033,503812,1409,2779,2,7200,1.50701691256
499754,501043,504040,1289,2997,2,7200,1.43009676343
499811,501094,504058,1283,2964,2,7200,1.43286099865
499845,501179,504282,1334,3103,2,7200,1.42990654206
499866,501283,504146,1417,2863,2,7200,1.49493538247
499990,501301,504298,1311,2997,2,7200,1.43743743744
500026,501472,504413,1446,2941,2,7200,1.49166950017
500156,501673,504680,1517,3007,2,7200,1.50448952444
500171,501734,504658,1563,2924,2,7200,1.53454172367
500198,501742,504779,1544,3037,2,7200,1.50839644386
500338,501814,504762,1476,2948,2,7200,1.50067842605
500398,501912,504966,1514,3054,2,7200,1.49574328749
500422,502049,505259,1627,3210,2,7200,1.50685358255
500453,502161,505391,1708,3230,2,7200,1.52879256966
500468,502269,505217,1801,2948,2,7200,1.61092265943
500470,502294,505331,1824,3037,2,7200,1.60059269015
500545,502440,505448,1895,3008,2,7200,1.62998670213
500560,502705,505700,2145,2995,2,7200,1.71619365609
500654,502760,505767,2106,3007,2,7200,1.7003658131
500718,502828,505797,2110,2969,2,7200,1.71067699562
500758,502854,505701,2096,2847,2,7200,1.73621355813
500773,502920,506137,2147,3217,2,7200,1.66739198011
500885,502938,505996,2053,3058,2,7200,1.67135382603
500915,503023,506303,2108,3280,2,7200,1.64268292683
500930,503028,506034,2098,3006,2,7200,1.69793745842
500949,503064,506258,2115,3194,2,7200,1.66217908579
500979,503138,506348,2159,3210,2,7200,1.67258566978
501024,503341,506412,2317,3071,2,7200,1.75447736894
501041,503352,506379,2311,3027,2,7200,1.76346217377
501084,503445,506416,2361,2971,2,7200,1.79468192528
501169,503451,506166,2282,2715,2,7200,1.84051565378
501275,503458,506565,2183,3107,2,7200,1.70260701641
501290,503603,506578,2313,2975,2,7200,1.7774789916
501463,503611,506360,2148,2749,2,7200,1.78137504547
501662,503634,506589,1972,2955,2,7200,1.66734348562
501723,503659,506712,1936,3053,2,7200,1.63413036358
501802,503678,506817,1876,3139,2,7200,1.59764256133
501902,503785,506787,1883,3002,2,7200,1.627248501
502038,503823,506744,1785,2921,2,7200,1.61109209175
502150,503833,506847,1683,3014,2,7200,1.55839416058
502259,503844,506814,1585,2970,2,7200,1.53367003367
502283,503860,506447,1577,2587,2,7200,1.60958639351
502430,503872,507109,1442,3237,2,7200,1.44547420451
502657,504027,507011,1370,2984,2,7200,1.4591152815
502751,504037,507016,1286,2979,2,7200,1.43168848607
502818,504051,507226,1233,3175,2,7200,1.38834645669
502845,504070,507088,1225,3018,2,7200,1.40589794566
502909,504163,507034,1254,2871,2,7200,1.4367816092
502930,504185,507096,1255,2911,2,7200,1.43112332532
503012,504293,507308,1281,3015,2,7200,1.42487562189
503014,504310,507390,1296,3080,2,7200,1.42077922078
503053,504424,507613,1371,3189,2,7200,1.42991533396
503126,504669,507761,1543,3092,2,7200,1.4990297542
503329,504692,507832,1363,3140,2,7200,1.43407643312
503344,504774,507960,1430,3186,2,7200,1.44883866918
503359,504792,507956,1433,3164,2,7200,1.45290771176
503435,504977,507894,1542,2917,2,7200,1.52862529997
503437,505230,508240,1793,3010,2,7200,1.59568106312
503452,505270,508477,1818,3207,2,7200,1.5668849392
503594,505344,508248,1750,2904,2,7200,1.60261707989
503596,505375,508247,1779,2872,2,7200,1.61942896936
503614,505404,508336,1790,2932,2,7200,1.6105047749
503647,505459,508551,1812,3092,2,7200,1.58602846054
503669,505713,508663,2044,2950,2,7200,1.69288135593
503679,603234,603241,99555,7,1,600,9956.2
503681,603240,603241,99559,1,1,600,9956.0
503744,603251,603325,99507,74,1,600,1345.68918919
503814,505718,508666,1904,2948,2,7200,1.64586160109
503829,505779,509021,1950,3242,2,7200,1.60148056755
503845,505809,508752,1964,2943,2,7200,1.66734624533
503860,505862,509010,2002,3148,2,7200,1.63595933926
503861,506019,509212,2158,3193,2,7200,1.67585342938
504019,506046,509230,2027,3184,2,7200,1.63662060302
504034,506150,509317,2116,3167,2,7200,1.66814019577
504049,506178,509153,2129,2975,2,7200,1.7156302521
504064,506269,509204,2205,2935,2,7200,1.75127768313
504107,603263,603270,99156,7,1,600,9916.3
504108,603269,603279,99161,10,1,600,9917.1
504149,506315,509121,2166,2806,2,7200,1.77191732003
504170,603274,603280,99104,6,1,600,9911.0
504173,506334,509487,2161,3153,2,7200,1.68537900412
504232,603288,603363,99056,75,1,600,1321.74666667
504234,603295,603350,99061,55,1,600,1802.10909091
504282,506360,509242,2078,2882,2,7200,1.72102706454
504295,603300,603323,99005,23,1,600,4305.56521739
504296,603306,603314,99010,8,1,600,9901.8
504298,506371,509310,2073,2939,2,7200,1.70534195305
504298,603326,603337,99028,11,1,600,9003.54545455
504359,603336,603345,98977,9,1,600,9898.6
504360,603343,603349,98983,6,1,600,9898.9
504362,603349,603356,98987,7,1,600,9899.4
504413,506391,509431,1978,3040,2,7200,1.65065789474
504423,603356,603384,98933,28,1,600,3534.32142857
504424,603362,603395,98938,33,1,600,2999.12121212
504426,603367,603374,98941,7,1,600,9894.8
504427,603374,603384,98947,10,1,600,9895.7
504488,603379,603380,98891,1,1,600,9889.2
504490,603384,603398,98894,14,1,600,7064.85714286
504491,603397,603403,98906,6,1,600,9891.2
504612,603402,603408,98790,6,1,600,9879.6
504614,603407,603408,98793,1,1,600,9879.4
504661,506423,509276,1762,2853,2,7200,1.61759551349
504676,603418,603427,98742,9,1,600,9875.1
504678,603431,603441,98753,10,1,600,9876.3
504682,506431,509382,1749,2951,2,7200,1.59268044731
504739,603436,603437,98697,1,1,600,9869.8
504740,603442,603447,98702,5,1,600,9870.7
504742,603447,603612,98705,165,1,600,599.212121212
504764,506459,509381,1695,2922,2,7200,1.58008213552
504782,506577,509537,1795,2960,2,7200,1.60641891892
504803,603452,603457,98649,5,1,600,9865.4
504806,603476,603484,98670,8,1,600,9867.8
504867,603481,603487,98614,6,1,600,9862.0
504930,603492,603499,98562,7,1,600,9856.9
504931,603497,603498,98566,1,1,600,9856.7
504967,506590,509338,1623,2748,2,7200,1.59061135371
504992,603503,603510,98511,7,1,600,9851.8
505218,506601,509675,1383,3074,2,7200,1.44990240729
505260,506725,509641,1465,2916,2,7200,1.5024005487
505333,506756,509780,1423,3024,2,7200,1.47056878307
505394,506800,509744,1406,2944,2,7200,1.47758152174
505448,506826,509870,1378,3044,2,7200,1.45269382392
505702,506833,509893,1131,3060,2,7200,1.36960784314
505704,506858,509881,1154,3023,2,7200,1.38173999338
505767,507022,510144,1255,3122,2,7200,1.40198590647
505798,507029,509844,1231,2815,2,7200,1.43730017762
505998,507046,510243,1048,3197,2,7200,1.32780731936
506034,507100,510136,1066,3036,2,7200,1.3511198946
506140,507108,510119,968,3011,2,7200,1.32148787778
506168,507120,510112,952,2992,2,7200,1.31818181818
506259,507239,510457,980,3218,2,7200,1.30453697949
506304,507319,510372,1015,3053,2,7200,1.33245987553
506350,507402,510430,1052,3028,2,7200,1.34742404227
506365,507625,510698,1260,3073,2,7200,1.41002277904
506380,507773,510785,1393,3012,2,7200,1.46248339973
506414,507843,510860,1429,3017,2,7200,1.47364932052
506415,507906,510805,1491,2899,2,7200,1.51431528113
506449,507968,510919,1519,2951,2,7200,1.51474076584
506567,507974,510766,1407,2792,2,7200,1.50393982808
506582,508252,511191,1670,2939,2,7200,1.56822048316
506589,609832,636526,103243,26694,1,36000,4.86764816064
506597,508259,511343,1662,3084,2,7200,1.53891050584
506637,609849,637173,103212,27324,1,36000,4.77733860343
506672,610797,637488,104125,26691,1,36000,4.90112772095
506704,610803,636950,104099,26147,1,36000,4.98129804566
506715,508265,511166,1550,2901,2,7200,1.53429851775
506743,610951,637053,104208,26102,1,36000,4.9923377519
506745,508348,511356,1603,3008,2,7200,1.53291223404
506770,610957,637511,104187,26554,1,36000,4.92358966634
506788,508488,511615,1700,3127,2,7200,1.54365206268
506815,508564,511361,1749,2797,2,7200,1.62531283518
506830,508675,511831,1845,3156,2,7200,1.58460076046
506849,508681,511845,1832,3164,2,7200,1.57901390645
506855,610963,638876,104108,27913,1,36000,4.72973166625
507012,508764,512033,1752,3269,2,7200,1.53594371367
507027,509021,511899,1994,2878,2,7200,1.69284225156
507042,509033,511812,1991,2779,2,7200,1.7164447643
507088,509132,512181,2044,3049,2,7200,1.67038373237
507103,509165,512060,2062,2895,2,7200,1.71226252159
507118,509216,512365,2098,3149,2,7200,1.66624325183
507227,509224,512362,1997,3138,2,7200,1.63639260676
507309,509243,512454,1934,3211,2,7200,1.60230457801
507391,509253,512380,1862,3127,2,7200,1.5954589063
507615,509288,512276,1673,2988,2,7200,1.55990629183
507763,509321,512352,1558,3031,2,7200,1.51402177499
507833,509329,512309,1496,2980,2,7200,1.50201342282
507894,509349,512473,1455,3124,2,7200,1.46574903969
507957,509392,512541,1435,3149,2,7200,1.45570022229
507973,509399,512458,1426,3059,2,7200,1.46616541353
508242,509444,512601,1202,3157,2,7200,1.38074121001
508257,509498,512395,1241,2897,2,7200,1.42837418019
508258,509549,512735,1291,3186,2,7200,1.40521029504
508338,509653,512771,1315,3118,2,7200,1.42174470815
508477,509687,512686,1210,2999,2,7200,1.40346782261
508553,509755,512960,1202,3205,2,7200,1.37503900156
508665,509793,512699,1128,2906,2,7200,1.38816242257
508680,509856,512751,1176,2895,2,7200,1.40621761658
508753,509882,512867,1129,2985,2,7200,1.37822445561
509010,509892,512532,882,2640,2,7200,1.33409090909
509025,509905,513002,880,3097,2,7200,1.28414594769
509122,510124,513196,1002,3072,2,7200,1.326171875
509155,510131,513040,976,2909,2,7200,1.3355104847
509204,510149,513166,945,3017,2,7200,1.313225058
509219,510155,513311,936,3156,2,7200,1.29657794677
509234,510254,513356,1020,3102,2,7200,1.32882011605
509249,510384,513668,1135,3284,2,7200,1.34561510353
509277,510441,513451,1164,3010,2,7200,1.38671096346
509313,510470,513433,1157,2963,2,7200,1.39048261897
509328,510711,513869,1383,3158,2,7200,1.43793540215
509343,510777,513954,1434,3177,2,7200,1.45136921624
509383,510796,513706,1413,2910,2,7200,1.48556701031
509384,510817,513759,1433,2942,2,7200,1.48708361659
509433,510873,514027,1440,3154,2,7200,1.45656309448
509487,510931,514163,1444,3232,2,7200,1.44678217822
509539,511177,514093,1638,2916,2,7200,1.56172839506
509642,511202,514296,1560,3094,2,7200,1.50420168067
509683,511355,514339,1672,2984,2,7200,1.56032171582
509747,511369,514697,1622,3328,2,7200,1.48737980769
509783,511376,514351,1593,2975,2,7200,1.53546218487
509844,511606,514804,1762,3198,2,7200,1.55096935585
509871,511628,514829,1757,3201,2,7200,1.54889097157
509886,511824,514670,1938,2846,2,7200,1.68095572734
509901,511842,514813,1941,2971,2,7200,1.65331538203
510113,511861,514854,1748,2993,2,7200,1.58402940194
510128,511910,515120,1782,3210,2,7200,1.55514018692
510143,512046,514985,1903,2939,2,7200,1.64749914937
510144,512071,515214,1927,3143,2,7200,1.61310849507
510245,512193,515262,1948,3069,2,7200,1.63473444119
510372,512288,515089,1916,2801,2,7200,1.68404141378
510433,512320,515368,1887,3048,2,7200,1.61909448819
510460,512365,515394,1905,3029,2,7200,1.62892043579
510699,512375,515548,1676,3173,2,7200,1.52820674441
510769,512382,515527,1613,3145,2,7200,1.51287758347
510787,512391,515312,1604,2921,2,7200,1.5491270113
510805,512406,515383,1601,2977,2,7200,1.5377897212
510863,512466,515479,1603,3013,2,7200,1.53202787919
510920,512472,515415,1552,2943,2,7200,1.52735304111
511165,512485,515465,1320,2980,2,7200,1.44295302013
511190,512543,515508,1353,2965,2,7200,1.4563237774
511344,512553,515705,1209,3152,2,7200,1.38356598985
511360,512612,515929,1252,3317,2,7200,1.37744950256
511375,512699,515616,1324,2917,2,7200,1.45389098389
511617,512710,515683,1093,2973,2,7200,1.36764211234
511813,512747,516082,934,3335,2,7200,1.28005997001
511832,512763,515777,931,3014,2,7200,1.30889183809
511847,512782,515972,935,3190,2,7200,1.29310344828
511901,512789,516012,888,3223,2,7200,1.27551970214
512035,512879,515775,844,2896,2,7200,1.29143646409
512062,512971,515905,909,2934,2,7200,1.30981595092
512084,516533,516955,4449,422,16,21600,11.5426540284
512183,513013,516013,830,3000,2,7200,1.27666666667
512187,604357,607978,92170,3621,12,3600,26.4542943938
512277,513052,516140,775,3088,2,7200,1.25097150259
512310,513178,516063,868,2885,2,7200,1.30086655113
512353,513209,516205,856,2996,2,7200,1.28571428571
512369,513323,516331,954,3008,2,7200,1.31715425532
512370,513367,516669,997,3302,2,7200,1.30193821926
512385,513444,516685,1059,3241,2,7200,1.32675100278
512400,513463,516749,1063,3286,2,7200,1.32349360925
512455,513679,516753,1224,3074,2,7200,1.39817826936
512470,513717,516468,1247,2751,2,7200,1.45328971283
512485,513770,516704,1285,2934,2,7200,1.43796864349
512534,513880,517077,1346,3197,2,7200,1.42101970597
512549,513967,516885,1418,2918,2,7200,1.48594928033
512603,514038,517000,1435,2962,2,7200,1.48446995273
512688,514105,517130,1417,3025,2,7200,1.46842975207
512703,514174,516941,1471,2767,2,7200,1.53162269606
512737,514308,517363,1571,3055,2,7200,1.51423895254
512752,514350,517241,1598,2891,2,7200,1.55274991352
512773,514362,517503,1589,3141,2,7200,1.505889844
512867,514682,517596,1815,2914,2,7200,1.62285518188
512961,514721,517670,1760,2949,2,7200,1.59681247881
513004,514816,517941,1812,3125,2,7200,1.57984
513041,514825,517708,1784,2883,2,7200,1.61879986126
513168,514840,517823,1672,2983,2,7200,1.56050955414
513198,514865,517758,1667,2893,2,7200,1.57621845835
513313,514996,517975,1683,2979,2,7200,1.56495468278
513356,515100,518079,1744,2979,2,7200,1.5854313528
513435,515131,518188,1696,3057,2,7200,1.55479228001
513453,515225,518143,1772,2918,2,7200,1.60726525017
513668,515273,518319,1605,3046,2,7200,1.52692055154
513707,515324,518471,1617,3147,2,7200,1.51382268827
513759,515380,518222,1621,2842,2,7200,1.57037297678
513871,515395,518441,1524,3046,2,7200,1.50032829941
513956,515405,518515,1449,3110,2,7200,1.46591639871
514029,515427,518579,1398,3152,2,7200,1.44352791878
514095,515477,518479,1382,3002,2,7200,1.46035976016
514165,515491,518501,1326,3010,2,7200,1.44053156146
514295,515519,518415,1224,2896,2,7200,1.4226519337
514341,515538,518612,1197,3074,2,7200,1.38939492518
514356,515560,518638,1204,3078,2,7200,1.39116309292
514670,515627,518845,957,3218,2,7200,1.29738968303
514698,515695,518793,997,3098,2,7200,1.32182052937
514804,515717,518723,913,3006,2,7200,1.30372588157
514819,515787,518705,968,2918,2,7200,1.33173406443
514834,515793,518726,959,2933,2,7200,1.32696897375
514856,515918,518847,1062,2929,2,7200,1.36258108569
514986,515940,518765,954,2825,2,7200,1.33769911504
515089,515983,518806,894,2823,2,7200,1.31668437832
515123,516024,519311,901,3287,2,7200,1.27411013082
515216,516031,518875,815,2844,2,7200,1.28656821378
515262,516074,519280,812,3206,2,7200,1.25327510917
515314,516093,519170,779,3077,2,7200,1.25316867078
515368,516152,519208,784,3056,2,7200,1.25654450262
515384,516217,519281,833,3064,2,7200,1.27186684073
515399,516343,519461,944,3118,2,7200,1.30275817832
515417,516479,519449,1062,2970,2,7200,1.35757575758
515462,522793,523092,7331,299,2,129600,25.5183946488
515465,516686,519721,1221,3035,2,7200,1.40230642504
515481,516700,519594,1219,2894,2,7200,1.42121630961
515508,516717,519733,1209,3016,2,7200,1.40086206897
515529,516760,520073,1231,3313,2,7200,1.37156655599
515551,516773,519802,1222,3029,2,7200,1.40343347639
515617,516902,520006,1285,3104,2,7200,1.41398195876
515684,516956,519904,1272,2948,2,7200,1.43147896879
515705,517012,520245,1307,3233,2,7200,1.40426848129
515775,517089,520223,1314,3134,2,7200,1.41927249521
515790,517142,520277,1352,3135,2,7200,1.4312599681
515905,517252,520202,1347,2950,2,7200,1.45661016949
515930,517374,520475,1444,3101,2,7200,1.46565623992
515972,517514,520539,1542,3025,2,7200,1.50975206612
516012,517607,520641,1595,3034,2,7200,1.52570863546
516013,517681,520672,1668,2991,2,7200,1.55767301906
516065,517720,520453,1655,2733,2,7200,1.60556165386
516084,517769,520718,1685,2949,2,7200,1.57138012886
516141,517835,520832,1694,2997,2,7200,1.56523189857
516205,517953,520900,1748,2947,2,7200,1.59314557177
516332,517986,520936,1654,2950,2,7200,1.5606779661
516468,518091,521291,1623,3200,2,7200,1.5071875
516668,518155,521271,1487,3116,2,7200,1.47721437741
516686,518201,521307,1515,3106,2,7200,1.48776561494
516705,518237,521166,1532,2929,2,7200,1.52304540799
516750,518331,521185,1581,2854,2,7200,1.55395935529
516765,518426,521544,1661,3118,2,7200,1.53271327774
516887,518453,521470,1566,3017,2,7200,1.51905866755
516941,518484,521632,1543,3148,2,7200,1.49015247776
517002,518490,521545,1488,3055,2,7200,1.48707037643
517078,518513,521378,1435,2865,2,7200,1.50087260035
517133,518528,521780,1395,3252,2,7200,1.42896678967
517242,518591,521685,1349,3094,2,7200,1.4360051713
517363,518624,521712,1261,3088,2,7200,1.40835492228
517502,518650,521680,1148,3030,2,7200,1.37887788779
517596,518716,521853,1120,3137,2,7200,1.35702900861
517672,518734,521839,1062,3105,2,7200,1.34202898551
517708,518741,521648,1033,2907,2,7200,1.35534915721
517760,518777,521748,1017,2971,2,7200,1.34230898687
517823,518806,521913,983,3107,2,7200,1.31638236241
517941,518819,521800,878,2981,2,7200,1.29453203623
517975,518858,521880,883,3022,2,7200,1.29219060225
518081,518864,521809,783,2945,2,7200,1.26587436333
518145,518887,521874,742,2987,2,7200,1.24840977569
518190,519181,522329,991,3148,2,7200,1.31480304956
518221,519220,522338,999,3118,2,7200,1.32039769083
518321,519293,522412,972,3119,2,7200,1.31163834562
518415,519298,522138,883,2840,2,7200,1.31091549296
518442,519318,522436,876,3118,2,7200,1.28094932649
518473,519323,522359,850,3036,2,7200,1.27997364954
518488,519330,522637,842,3307,2,7200,1.2546114303
518503,519461,522534,958,3073,2,7200,1.31174747803
518518,519473,522377,955,2904,2,7200,1.32885674931
518581,519606,522589,1025,2983,2,7200,1.3436138116
518615,519733,522956,1118,3223,2,7200,1.34688178715
518639,519744,522823,1105,3079,2,7200,1.35888275414
518706,519814,522610,1108,2796,2,7200,1.39628040057
518724,519917,522978,1193,3061,2,7200,1.38974191441
518739,520018,523122,1279,3104,2,7200,1.41204896907
518767,520086,523070,1319,2984,2,7200,1.44202412869
518794,520213,523366,1419,3153,2,7200,1.45004757374
518809,520235,523365,1426,3130,2,7200,1.45559105431
518846,520258,523028,1412,2770,2,7200,1.50974729242
518861,520289,523313,1428,3024,2,7200,1.47222222222
518876,520465,523647,1589,3182,2,7200,1.49937146449
519170,520487,523472,1317,2985,2,7200,1.44120603015
519207,520552,523534,1345,2982,2,7200,1.45103957076
519283,520653,523696,1370,3043,2,7200,1.450213605
519284,520683,523864,1399,3181,2,7200,1.43979880541
519312,520731,523736,1419,3005,2,7200,1.47221297837
519451,520845,523823,1394,2978,2,7200,1.46809939557
519466,520912,523982,1446,3070,2,7200,1.47100977199
519596,520948,524339,1352,3391,2,7200,1.39870244766
519723,521179,524460,1456,3281,2,7200,1.44376714416
519738,521197,524202,1459,3005,2,7200,1.48552412646
519805,521284,524151,1479,2867,2,7200,1.51587024765
519905,521304,524674,1399,3370,2,7200,1.41513353116
520008,521319,524321,1311,3002,2,7200,1.43670886076
520075,521391,524391,1316,3000,2,7200,1.43866666667
520202,521482,524439,1280,2957,2,7200,1.4328711532
520223,521556,524698,1333,3142,2,7200,1.42425206875
520248,521563,524554,1315,2991,2,7200,1.4396522902
520278,521644,524695,1366,3051,2,7200,1.44772205834
520454,521659,524774,1205,3115,2,7200,1.38683788122
520478,521691,524443,1213,2752,2,7200,1.44077034884
520542,521699,524825,1157,3126,2,7200,1.3701215611
520642,521724,524759,1082,3035,2,7200,1.35650741351
520672,521760,524709,1088,2949,2,7200,1.36893862326
520721,521791,524918,1070,3127,2,7200,1.34218100416
520833,521811,524860,978,3049,2,7200,1.32076090521
520903,521821,524749,918,2928,2,7200,1.31352459016
520936,521851,524789,915,2938,2,7200,1.31143635126
521167,521864,524830,697,2966,2,7200,1.23499662846
521185,521885,525263,700,3378,2,7200,1.207223209
521273,521892,524756,619,2864,2,7200,1.21613128492
521294,521925,525008,631,3083,2,7200,1.20467077522
521309,522149,525131,840,2982,2,7200,1.28169014085
521379,522341,525296,962,2955,2,7200,1.3255499154
521473,522350,525323,877,2973,2,7200,1.29498822738
521546,522389,525331,843,2942,2,7200,1.28653976886
521547,522424,525677,877,3253,2,7200,1.2695972948
521632,522447,525455,815,3008,2,7200,1.27094414894
521647,522546,525610,899,3064,2,7200,1.2934073107
521681,522601,525915,920,3314,2,7200,1.27761013881
521696,522622,525585,926,2963,2,7200,1.31252109349
521715,522648,525747,933,3099,2,7200,1.30106485963
521751,522834,525850,1083,3016,2,7200,1.35908488064
521782,522968,526075,1186,3107,2,7200,1.38171869971
521800,522990,526214,1190,3224,2,7200,1.36910669975
521815,523040,526197,1225,3157,2,7200,1.38802660754
521839,523081,526204,1242,3123,2,7200,1.3976945245
521855,523104,526096,1249,2992,2,7200,1.41744652406
521876,523133,526198,1257,3065,2,7200,1.4101141925
521891,523325,526294,1434,2969,2,7200,1.48299090603
521915,523377,526317,1462,2940,2,7200,1.49727891156
522140,523484,526492,1344,3008,2,7200,1.44680851064
522331,523546,526384,1215,2838,2,7200,1.42811839323
522346,523660,526733,1314,3073,2,7200,1.42759518386
522361,523708,526835,1347,3127,2,7200,1.43076431084
522379,523747,526696,1368,2949,2,7200,1.46388606307
522412,523835,527045,1423,3210,2,7200,1.44330218069
522437,523877,526820,1440,2943,2,7200,1.48929663609
522537,524162,527267,1625,3105,2,7200,1.52334943639
522591,524213,527192,1622,2979,2,7200,1.54447801276
522613,524227,527392,1614,3165,2,7200,1.50995260664
522640,524333,527154,1693,2821,2,7200,1.60014179369
522825,524350,527450,1525,3100,2,7200,1.49193548387
522959,524403,527478,1444,3075,2,7200,1.46959349593
522980,524416,527551,1436,3135,2,7200,1.45805422648
523031,524451,527510,1420,3059,2,7200,1.46420398823
523071,524457,527638,1386,3181,2,7200,1.43571204024
523122,524472,527348,1350,2876,2,7200,1.46940194715
523313,524566,527552,1253,2986,2,7200,1.41962491628
523365,524686,527585,1321,2899,2,7200,1.45567437047
523380,524707,527524,1327,2817,2,7200,1.4710685126
523474,524714,527886,1240,3172,2,7200,1.39092055485
523535,524720,527495,1185,2775,2,7200,1.42702702703
523647,524761,527909,1114,3148,2,7200,1.35387547649
523698,524772,527812,1074,3040,2,7200,1.35328947368
523738,524779,527672,1041,2893,2,7200,1.35983408227
523826,524790,528004,964,3214,2,7200,1.29993777225
523865,524801,527871,936,3070,2,7200,1.30488599349
523983,524836,527860,853,3024,2,7200,1.28207671958
524153,524843,527934,690,3091,2,7200,1.22322872857
524204,524871,527760,667,2889,2,7200,1.23087573555
524323,524930,527789,607,2859,2,7200,1.2123119972
524341,525021,528147,680,3126,2,7200,1.21753039028
524392,525143,528380,751,3237,2,7200,1.23200494285
524441,525275,528361,834,3086,2,7200,1.27025275437
524456,525308,528151,852,2843,2,7200,1.29968343299
524471,525335,528278,864,2943,2,7200,1.29357798165
524556,525342,528168,786,2826,2,7200,1.27813163482
524675,525466,528303,791,2837,2,7200,1.27881565033
524696,525597,528634,901,3037,2,7200,1.29667434969
524712,525623,528869,911,3246,2,7200,1.28065311152
524713,525689,528843,976,3154,2,7200,1.30944831959
524750,525759,529052,1009,3293,2,7200,1.30640753113
524765,525862,528919,1097,3057,2,7200,1.35884854432
524766,525928,529077,1162,3149,2,7200,1.36900603366
524782,526088,529017,1306,2929,2,7200,1.44588596791
524797,526107,529130,1310,3023,2,7200,1.43334435991
524827,526208,529239,1381,3031,2,7200,1.4556252062
524842,526216,529406,1374,3190,2,7200,1.43072100313
524861,526221,529312,1360,3091,2,7200,1.4399870592
524915,526227,529335,1312,3108,2,7200,1.42213642214
525009,526305,529523,1296,3218,2,7200,1.40273461778
525131,526328,529314,1197,2986,2,7200,1.40087073007
525267,526395,529439,1128,3044,2,7200,1.37056504599
525298,526504,529511,1206,3007,2,7200,1.40106418357
525326,526707,529907,1381,3200,2,7200,1.4315625
525341,526744,529664,1403,2920,2,7200,1.48047945205
525456,526831,529664,1375,2833,2,7200,1.48535121779
525586,526847,529914,1261,3067,2,7200,1.41115096185
525613,527056,530136,1443,3080,2,7200,1.46850649351
525680,527166,530101,1486,2935,2,7200,1.5063032368
525750,527205,530115,1455,2910,2,7200,1.5
525850,527280,530218,1430,2938,2,7200,1.48672566372
525917,527359,530415,1442,3056,2,7200,1.47185863874
526077,527405,530619,1328,3214,2,7200,1.41319228376
526099,527462,530349,1363,2887,2,7200,1.47211638379
526199,527490,530457,1291,2967,2,7200,1.43511964948
526200,527507,530443,1307,2936,2,7200,1.44516348774
526216,527521,530764,1305,3243,2,7200,1.40240518039
526217,527536,530652,1319,3116,2,7200,1.42329910141
526296,527562,530537,1266,2975,2,7200,1.42554621849
526317,527569,530627,1252,3058,2,7200,1.40941792021
526384,527597,530594,1213,2997,2,7200,1.4047380714
526493,527651,530568,1158,2917,2,7200,1.39698320192
526698,527684,530862,986,3178,2,7200,1.31025802391
526735,527771,530841,1036,3070,2,7200,1.33745928339
526823,527802,530775,979,2973,2,7200,1.32929700639
526838,527823,530793,985,2970,2,7200,1.33164983165
526896,610986,614594,84090,3608,1,3600,24.30654102
527047,527871,530951,824,3080,2,7200,1.26753246753
527156,527882,530949,726,3067,2,7200,1.23671340072
527195,527898,531091,703,3193,2,7200,1.22016911995
527268,527922,531049,654,3127,2,7200,1.20914614647
527350,527945,531028,595,3083,2,7200,1.19299383717
527396,528015,530941,619,2926,2,7200,1.21155160629
527451,528160,531130,709,2970,2,7200,1.23872053872
527478,528167,531170,689,3003,2,7200,1.22943722944
527496,528180,531230,684,3050,2,7200,1.22426229508
527512,528290,531251,778,2961,2,7200,1.26274907126
527527,528314,531232,787,2918,2,7200,1.26970527759
527551,528340,531635,789,3295,2,7200,1.23945371775
527566,528373,531427,807,3054,2,7200,1.26424361493
527585,528392,531275,807,2883,2,7200,1.27991675338
527640,528646,531540,1006,2894,2,7200,1.34761575674
527673,528856,531821,1183,2965,2,7200,1.39898819562
527761,528882,531606,1121,2724,2,7200,1.41152716593
527791,528930,531968,1139,3038,2,7200,1.37491770902
527813,529029,532196,1216,3167,2,7200,1.3839595832
527861,529064,532218,1203,3154,2,7200,1.38142041852
527876,529089,532570,1213,3481,2,7200,1.34846308532
527892,529142,532163,1250,3021,2,7200,1.41377027474
527910,529251,532415,1341,3164,2,7200,1.42383059418
527934,529325,532338,1391,3013,2,7200,1.46166611351
528004,529332,532255,1328,2923,2,7200,1.45432774547
528150,529347,532204,1197,2857,2,7200,1.41897094855
528165,529417,532707,1252,3290,2,7200,1.38054711246
528180,529451,532512,1271,3061,2,7200,1.41522378308
528280,529523,532344,1243,2821,2,7200,1.44062389224
528304,529534,532711,1230,3177,2,7200,1.38715769594
528362,529675,532687,1313,3012,2,7200,1.43592297477
528380,529681,532589,1301,2908,2,7200,1.44738651994
528635,529919,533142,1284,3223,2,7200,1.39838659634
528794,610996,614608,82202,3612,1,3600,23.7580287929
528794,611018,611571,82224,553,1,3600,149.68716094
528794,611024,611809,82230,785,1,3600,105.751592357
528794,611002,611982,82208,980,1,3600,84.8857142857
528795,611091,611641,82296,550,1,3600,150.629090909
528795,611131,614775,82336,3644,1,3600,23.5949506037
528795,611136,614741,82341,3605,1,3600,23.840776699
528795,611086,614695,82291,3609,1,3600,23.8016070934
528795,611143,611245,82348,102,1,3600,808.333333333
528795,611148,612318,82353,1170,1,3600,71.3871794872
528796,611208,614847,82412,3639,1,3600,23.6468810113
528844,529925,533073,1081,3148,2,7200,1.34339263024
528871,530114,532877,1243,2763,2,7200,1.44987332609
528919,530127,533060,1208,2933,2,7200,1.41186498466
529019,530149,533132,1130,2983,2,7200,1.37881327523
529053,530230,533387,1177,3157,2,7200,1.37282229965
529077,530362,533216,1285,2854,2,7200,1.4502452698
529132,530426,533628,1294,3202,2,7200,1.40412242349
529241,530454,533495,1213,3041,2,7200,1.39888194673
529314,530468,533376,1154,2908,2,7200,1.39683631362
529316,530549,533692,1233,3143,2,7200,1.39230034998
529337,530580,533557,1243,2977,2,7200,1.41753443063
529407,530608,533708,1201,3100,2,7200,1.38741935484
529440,530630,533581,1190,2951,2,7200,1.40325313453
529513,530644,534077,1131,3433,2,7200,1.32944946111
529528,530664,534002,1136,3338,2,7200,1.34032354703
529665,530775,533793,1110,3018,2,7200,1.36779324056
529666,530786,533821,1120,3035,2,7200,1.36902800659
529908,530804,533742,896,2938,2,7200,1.30496936692
529923,530852,533581,929,2729,2,7200,1.34041773543
530102,530874,534157,772,3283,2,7200,1.23515077673
530119,530953,533945,834,2992,2,7200,1.27874331551
530138,530961,533956,823,2995,2,7200,1.27479131886
530220,530968,534098,748,3130,2,7200,1.23897763578
530351,531043,533905,692,2862,2,7200,1.24178895877
530417,531061,533846,644,2785,2,7200,1.23123877917
530444,531107,534283,663,3176,2,7200,1.20875314861
530459,531143,534099,684,2956,2,7200,1.23139377537
530538,531182,534226,644,3044,2,7200,1.21156373193
530569,531243,534356,674,3113,2,7200,1.21651140379
530596,531249,534372,653,3123,2,7200,1.20909382004
530620,531263,534183,643,2920,2,7200,1.22020547945
530635,531288,534035,653,2747,2,7200,1.23771386968
530653,531439,534778,786,3339,2,7200,1.23539982031
530767,531552,534394,785,2842,2,7200,1.27621393385
530783,531617,534630,834,3013,2,7200,1.27680053103
530798,531646,534780,848,3134,2,7200,1.2705807275
530843,531834,535092,991,3258,2,7200,1.30417434009
530865,531981,534909,1116,2928,2,7200,1.38114754098
530938,532174,535326,1236,3152,2,7200,1.3921319797
530953,532208,535515,1255,3307,2,7200,1.37949803447
530954,532217,535185,1263,2968,2,7200,1.42553908356
531030,532230,535189,1200,2959,2,7200,1.40554241298
531052,532266,535186,1214,2920,2,7200,1.41575342466
531091,532350,535596,1259,3246,2,7200,1.38786198398
531131,532357,535408,1226,3051,2,7200,1.40183546378
531171,532426,535234,1255,2808,2,7200,1.44693732194
531232,532524,535645,1292,3121,2,7200,1.41396988145
531233,532582,535823,1349,3241,2,7200,1.41622955878
531252,532601,535643,1349,3042,2,7200,1.44345825115
531276,532698,535795,1422,3097,2,7200,1.45915402002
531427,532719,535752,1292,3033,2,7200,1.42598087702
531543,532725,535773,1182,3048,2,7200,1.38779527559
531607,532889,535951,1282,3062,2,7200,1.41868060091
531637,533072,535801,1435,2729,2,7200,1.5258336387
531822,533085,535994,1263,2909,2,7200,1.43416981781
531970,533143,536338,1173,3195,2,7200,1.36713615023
532164,533154,536102,990,2948,2,7200,1.33582089552
532197,533227,536127,1030,2900,2,7200,1.35517241379
532212,533389,536534,1177,3145,2,7200,1.37424483307
532228,533398,536349,1170,2951,2,7200,1.39647577093
532255,533507,536732,1252,3225,2,7200,1.38821705426
532340,533569,536590,1229,3021,2,7200,1.40681893413
532355,533592,536722,1237,3130,2,7200,1.39520766773
532416,533598,536730,1182,3132,2,7200,1.37739463602
532513,533640,536711,1127,3071,2,7200,1.36698143927
532570,533706,536850,1136,3144,2,7200,1.36132315522
532588,533719,536566,1131,2847,2,7200,1.39726027397
532689,533754,536602,1065,2848,2,7200,1.37394662921
532707,533805,536925,1098,3120,2,7200,1.35192307692
532722,533818,536757,1096,2939,2,7200,1.37291595781
532880,533834,536910,954,3076,2,7200,1.31014304291
533061,533858,536761,797,2903,2,7200,1.27454357561
533077,533916,536558,839,2642,2,7200,1.31756245269
533134,533957,537044,823,3087,2,7200,1.26660187885
533149,533964,537030,815,3066,2,7200,1.26581865623
533216,533971,536956,755,2985,2,7200,1.25293132328
533376,534014,537180,638,3166,2,7200,1.20151610865
533392,534048,536948,656,2900,2,7200,1.22620689655
533495,534088,537078,593,2990,2,7200,1.1983277592
533559,534109,537302,550,3193,2,7200,1.17225180081
533583,534117,536945,534,2828,2,7200,1.18882602546
533584,534168,537178,584,3010,2,7200,1.19401993355
533627,534194,537077,567,2883,2,7200,1.19667013528
533694,534238,537448,544,3210,2,7200,1.16947040498
533709,534294,537352,585,3058,2,7200,1.19130150425
533742,534367,537597,625,3230,2,7200,1.19349845201
533794,534384,537493,590,3109,2,7200,1.18977163075
533824,534406,537306,582,2900,2,7200,1.20068965517
533849,534646,537572,797,2926,2,7200,1.27238550923
533906,534790,537808,884,3018,2,7200,1.2929092114
533946,534797,537814,851,3017,2,7200,1.28206827975
533961,534921,537771,960,2850,2,7200,1.33684210526
534004,535104,538289,1100,3185,2,7200,1.3453689168
534037,535197,538252,1160,3055,2,7200,1.37970540098
534080,535203,538249,1123,3046,2,7200,1.36868023638
534098,535210,538194,1112,2984,2,7200,1.3726541555
534114,535246,538540,1132,3294,2,7200,1.34365513054
534159,535338,538346,1179,3008,2,7200,1.39195478723
534184,535420,538599,1236,3179,2,7200,1.38880150991
534226,535527,538500,1301,2973,2,7200,1.43760511268
534284,535607,538909,1323,3302,2,7200,1.40066626287
534357,535655,538743,1298,3088,2,7200,1.42033678756
534375,535663,538829,1288,3166,2,7200,1.40682248895
534396,535764,539069,1368,3305,2,7200,1.4139183056
534633,535785,538779,1152,2994,2,7200,1.38476953908
534781,535806,538786,1025,2980,2,7200,1.34395973154
534783,535814,539183,1031,3369,2,7200,1.30602552686
534910,535835,538890,925,3055,2,7200,1.30278232406
535095,535963,538835,868,2872,2,7200,1.30222841226
535186,536006,539219,820,3213,2,7200,1.25521319639
535187,536113,539163,926,3050,2,7200,1.30360655738
535202,536138,539019,936,2881,2,7200,1.32488719195
535236,536355,539591,1119,3236,2,7200,1.34579728059
535327,536361,539611,1034,3250,2,7200,1.31815384615
535406,536546,539451,1140,2905,2,7200,1.39242685026
535515,536570,539618,1055,3048,2,7200,1.34612860892
535597,536578,539656,981,3078,2,7200,1.31871345029
535646,536603,539549,957,2946,2,7200,1.32484725051
535647,536614,539709,967,3095,2,7200,1.31243941842
535753,536723,539689,970,2966,2,7200,1.32703978422
535775,536733,539915,958,3182,2,7200,1.30106851037
535796,536742,539764,946,3022,2,7200,1.31303772336
535811,536748,539709,937,2961,2,7200,1.31644714623
535826,536768,539742,942,2974,2,7200,1.31674512441
535951,536775,539894,824,3119,2,7200,1.2641872395
535996,536863,539933,867,3070,2,7200,1.28241042345
536102,536921,539952,819,3031,2,7200,1.27020785219
536130,536937,540072,807,3135,2,7200,1.25741626794
536339,536956,539991,617,3035,2,7200,1.20329489292
536354,536963,540118,609,3155,2,7200,1.19302694136
536536,536970,540003,434,3033,2,7200,1.14309264754
536560,537042,540198,482,3156,2,7200,1.15272496831
536575,537055,540217,480,3162,2,7200,1.15180265655
536594,537089,540034,495,2945,2,7200,1.16808149406
536609,537096,540341,487,3245,2,7200,1.1500770416
536711,537191,539958,480,2767,2,7200,1.17347307553
536727,537198,540095,471,2897,2,7200,1.16258198136
536742,537314,540291,572,2977,2,7200,1.19213973799
536743,537322,540220,579,2898,2,7200,1.19979296066
536758,537364,540037,606,2673,2,7200,1.22671156004
536773,537461,540581,688,3120,2,7200,1.22051282051
536852,537504,540642,652,3138,2,7200,1.20777565328
536913,537584,540577,671,2993,2,7200,1.22418977614
536928,537609,540848,681,3239,2,7200,1.21025007718
536947,537782,540752,835,2970,2,7200,1.28114478114
536962,537819,540925,857,3106,2,7200,1.27591757888
536963,537827,541011,864,3184,2,7200,1.27135678392
537031,538206,541088,1175,2882,2,7200,1.40770298404
537046,538261,541189,1215,2928,2,7200,1.41495901639
537079,538268,541156,1189,2888,2,7200,1.41170360111
537081,538301,541374,1220,3073,2,7200,1.39700618288
537181,538357,541250,1176,2893,2,7200,1.40649844452
537183,538511,541656,1328,3145,2,7200,1.42225755167
537304,538552,541386,1248,2834,2,7200,1.44036697248
537319,538612,541847,1293,3235,2,7200,1.39969088099
537352,538754,541651,1402,2897,2,7200,1.48394891267
537450,538791,541924,1341,3133,2,7200,1.4280242579
537495,538798,542063,1303,3265,2,7200,1.39908116386
537574,538842,542184,1268,3342,2,7200,1.37941352484
537599,538849,541766,1250,2917,2,7200,1.42852245458
537772,538902,541739,1130,2837,2,7200,1.39830807191
537809,538922,541955,1113,3033,2,7200,1.36696340257
537824,539032,542121,1208,3089,2,7200,1.3910650696
538197,539081,542079,884,2998,2,7200,1.29486324216
538251,539174,542028,923,2854,2,7200,1.32340574632
538253,539195,542147,942,2952,2,7200,1.31910569106
538289,539230,542413,941,3183,2,7200,1.29563305058
538347,539462,542461,1115,2999,2,7200,1.37179059687
538501,539560,542499,1059,2939,2,7200,1.36032664171
538541,539604,542547,1063,2943,2,7200,1.36119605844
538601,539622,542788,1021,3166,2,7200,1.32248894504
538744,539631,542432,887,2801,2,7200,1.31667261692
538782,539667,542770,885,3103,2,7200,1.28520786336
538797,539700,542640,903,2940,2,7200,1.30714285714
538830,539720,542940,890,3220,2,7200,1.27639751553
538845,539729,543130,884,3401,2,7200,1.2599235519
538890,539753,542735,863,2982,2,7200,1.28940308518
538912,539775,542818,863,3043,2,7200,1.28360170884
539021,539905,543011,884,3106,2,7200,1.28461043142
539069,539926,543154,857,3228,2,7200,1.26548946716
539163,539944,543068,781,3124,2,7200,1.25
539185,539964,542822,779,2858,2,7200,1.27256822953
539222,539971,543183,749,3212,2,7200,1.23318804483
539452,540007,543267,555,3260,2,7200,1.17024539877
539549,540014,543195,465,3181,2,7200,1.1461804464
539592,540046,543053,454,3007,2,7200,1.15098104423
539613,540053,543055,440,3002,2,7200,1.14656895403
539628,540084,543184,456,3100,2,7200,1.14709677419
539659,540107,543000,448,2893,2,7200,1.15485655029
539693,540130,543152,437,3022,2,7200,1.14460622105
539709,540210,543197,501,2987,2,7200,1.1677268162
539710,540229,543290,519,3061,2,7200,1.16955243385
539744,540236,543269,492,3033,2,7200,1.16221562809
539765,540303,543270,538,2967,2,7200,1.18132794068
539895,540353,543445,458,3092,2,7200,1.14812419146
539916,540590,543495,674,2905,2,7200,1.23201376936
539935,540597,543733,662,3136,2,7200,1.21109693878
539953,540654,543576,701,2922,2,7200,1.23990417522
539968,540764,543887,796,3123,2,7200,1.2548831252
539993,540859,543845,866,2986,2,7200,1.29002009377
540008,540936,543968,928,3032,2,7200,1.30606860158
540036,541023,543971,987,2948,2,7200,1.33480325645
540051,541100,544144,1049,3044,2,7200,1.34461235217
540075,541167,544272,1092,3105,2,7200,1.35169082126
540097,541201,544252,1104,3051,2,7200,1.36184857424
540121,541262,544213,1141,2951,2,7200,1.3866485937
540200,541385,544249,1185,2864,2,7200,1.41375698324
540219,541397,544475,1178,3078,2,7200,1.38271604938
540234,541663,544646,1429,2983,2,7200,1.47904793832
540291,541669,544657,1378,2988,2,7200,1.46117804552
540343,541687,544742,1344,3055,2,7200,1.43993453355
540580,541692,544764,1112,3072,2,7200,1.36197916667
540595,541717,544703,1122,2986,2,7200,1.37575351641
540644,541723,544990,1079,3267,2,7200,1.33027242118
540753,541728,544772,975,3044,2,7200,1.3203022339
540850,541740,544755,890,3015,2,7200,1.2951907131
540926,541746,544710,820,2964,2,7200,1.27665317139
541013,541751,544706,738,2955,2,7200,1.24974619289
541089,541757,544775,668,3018,2,7200,1.22133863486
541159,541778,544816,619,3038,2,7200,1.20375246873
541189,541859,544985,670,3126,2,7200,1.21433141395
541253,541936,545147,683,3211,2,7200,1.21270632202
541374,541967,544932,593,2965,2,7200,1.2
541389,542040,545037,651,2997,2,7200,1.21721721722
541653,542075,545362,422,3287,2,7200,1.12838454518
541668,542090,545025,422,2935,2,7200,1.14378194208
541741,542132,545355,391,3223,2,7200,1.12131554452
541769,542159,545283,390,3124,2,7200,1.12483994878
541848,542196,545264,348,3068,2,7200,1.11342894394
541927,542426,545796,499,3370,2,7200,1.14807121662
541958,542444,545512,486,3068,2,7200,1.15840938722
542030,542474,545681,444,3207,2,7200,1.13844714687
542064,542512,545660,448,3148,2,7200,1.14231257942
542082,542559,545617,477,3058,2,7200,1.15598430347
542121,542651,545667,530,3016,2,7200,1.17572944297
542149,542747,545982,598,3235,2,7200,1.18485316847
542185,542782,545626,597,2844,2,7200,1.20991561181
542415,542801,545739,386,2938,2,7200,1.13138189244
542434,542830,545544,396,2714,2,7200,1.1459100958
542464,542837,546096,373,3259,2,7200,1.11445228598
542501,542952,545853,451,2901,2,7200,1.15546363323
542549,543012,546001,463,2989,2,7200,1.15490130478
542640,543022,545825,382,2803,2,7200,1.13628255441
542734,543064,545873,330,2809,2,7200,1.11747953008
542771,543072,546228,301,3156,2,7200,1.095373891
542789,543080,546089,291,3009,2,7200,1.09670987039
542819,543142,546100,323,2958,2,7200,1.1091954023
542835,543163,546308,328,3145,2,7200,1.10429252782
542941,543170,546128,229,2958,2,7200,1.07741717377
543001,543194,546217,193,3023,2,7200,1.06384386371
543017,543201,546069,184,2868,2,7200,1.06415620642
543053,543208,546246,155,3038,2,7200,1.05102040816
543069,543214,546260,145,3046,2,7200,1.04760341431
543070,543279,546414,209,3135,2,7200,1.06666666667
543131,543286,546538,155,3252,2,7200,1.04766297663
543152,543291,546535,139,3244,2,7200,1.04284833539
543167,543301,546223,134,2922,2,7200,1.04585900068
543183,543457,546625,274,3168,2,7200,1.08648989899
543184,543507,546553,323,3046,2,7200,1.10604070913
543200,543587,546468,387,2881,2,7200,1.13432835821
543201,543746,546697,545,2951,2,7200,1.18468315825
543268,543857,547104,589,3247,2,7200,1.18139821374
543270,543898,546731,628,2833,2,7200,1.22167313802
543285,543980,547160,695,3180,2,7200,1.21855345912
543300,543987,546846,687,2859,2,7200,1.24029380902
543446,544155,547010,709,2855,2,7200,1.24833625219
543497,544225,547272,728,3047,2,7200,1.23892353134
543576,544261,547550,685,3289,2,7200,1.20826999088
543731,544269,547315,538,3046,2,7200,1.17662508207
543846,544284,547456,438,3172,2,7200,1.13808322825
543889,544487,547625,598,3138,2,7200,1.19056724028
543968,544657,547660,689,3003,2,7200,1.22943722944
543983,544669,547555,686,2886,2,7200,1.2376992377
544146,544714,547487,568,2773,2,7200,1.20483231158
544213,544721,547757,508,3036,2,7200,1.16732542819
544250,544727,547699,477,2972,2,7200,1.16049798116
544265,544754,548116,489,3362,2,7200,1.14544913742
544280,544766,547647,486,2881,2,7200,1.16869142659
544477,544775,547901,298,3126,2,7200,1.09532949456
544647,544784,547822,137,3038,2,7200,1.04509545754
544662,544790,547769,128,2979,2,7200,1.04296743874
544705,544828,547899,123,3071,2,7200,1.04005210029
544720,544943,548083,223,3140,2,7200,1.07101910828
544721,544997,547836,276,2839,2,7200,1.09721733005
544743,545004,548139,261,3135,2,7200,1.08325358852
544758,545037,548230,279,3193,2,7200,1.08737864078
544774,545048,548240,274,3192,2,7200,1.085839599
544775,545159,548173,384,3014,2,7200,1.12740544127
544790,545276,547963,486,2687,2,7200,1.18087085969
544817,545294,548284,477,2990,2,7200,1.15953177258
544933,545366,548587,433,3221,2,7200,1.13443030115
544987,545374,548576,387,3202,2,7200,1.12086196127
545002,545523,548522,521,2999,2,7200,1.17372457486
545027,545555,548536,528,2981,2,7200,1.17712177122
545042,545629,548538,587,2909,2,7200,1.20178755586
545148,545637,548707,489,3070,2,7200,1.15928338762
545264,545676,548918,412,3242,2,7200,1.12708204812
545285,545683,548642,398,2959,2,7200,1.1345049003
545358,545693,548758,335,3065,2,7200,1.10929853181
545373,545751,548720,378,2969,2,7200,1.12731559448
545517,545808,548950,291,3142,2,7200,1.09261616805
545547,545838,548733,291,2895,2,7200,1.10051813472
545620,545865,548850,245,2985,2,7200,1.08207705193
545635,545885,548881,250,2996,2,7200,1.08344459279
545663,545994,548910,331,2916,2,7200,1.11351165981
545664,546013,549188,349,3175,2,7200,1.10992125984
545682,546080,549262,398,3182,2,7200,1.12507856694
545740,546100,549220,360,3120,2,7200,1.11538461538
545798,546108,549141,310,3033,2,7200,1.10220903396
545828,546121,549149,293,3028,2,7200,1.09676354029
545856,546140,549248,284,3108,2,7200,1.09137709138
545874,546229,549386,355,3157,2,7200,1.11244852708
545983,546235,549381,252,3146,2,7200,1.08010171647
546001,546242,549331,241,3089,2,7200,1.0780187763
546071,546257,549285,186,3028,2,7200,1.06142668428
546089,546271,549242,182,2971,2,7200,1.06125883541
546105,546319,549298,214,2979,2,7200,1.07183618664
546106,546425,549303,319,2878,2,7200,1.11084086171
546131,546480,549118,349,2638,2,7200,1.13229719484
546219,546547,549511,328,2964,2,7200,1.11066126856
546234,546553,549752,319,3199,2,7200,1.09971866208
546235,546565,549606,330,3041,2,7200,1.10851693522
546250,546636,549540,386,2904,2,7200,1.13292011019
546266,546709,549796,443,3087,2,7200,1.14350502106
546308,546744,549649,436,2905,2,7200,1.15008605852
546417,546857,549616,440,2759,2,7200,1.15947807177
546469,547022,549934,553,2912,2,7200,1.18990384615
546536,547115,550128,579,3013,2,7200,1.19216727514
546552,547172,550271,620,3099,2,7200,1.20006453695
546567,547283,550236,716,2953,2,7200,1.24246528954
546628,547328,550449,700,3121,2,7200,1.22428708747
546698,547468,550465,770,2997,2,7200,1.25692359026
546734,547498,550800,764,3302,2,7200,1.23137492429
546846,547561,550623,715,3062,2,7200,1.23350751143
547013,547569,550428,556,2859,2,7200,1.19447359217
547107,547637,550868,530,3231,2,7200,1.1640359022
547162,547659,550874,497,3215,2,7200,1.15458786936
547274,547672,550611,398,2939,2,7200,1.13542021096
547317,547711,550721,394,3010,2,7200,1.13089700997
547456,547770,550800,314,3030,2,7200,1.10363036304
547489,547781,550752,292,2971,2,7200,1.09828340626
547550,547834,551139,284,3305,2,7200,1.08593040847
547565,547848,550880,283,3032,2,7200,1.09333773087
547626,547911,550905,285,2994,2,7200,1.09519038076
547647,547918,551032,271,3114,2,7200,1.08702633269
547663,547975,551019,312,3044,2,7200,1.10249671485
547702,548095,550988,393,2893,2,7200,1.13584514345
547757,548127,551169,370,3042,2,7200,1.12163050625
547772,548150,551199,378,3049,2,7200,1.12397507379
547824,548185,551229,361,3044,2,7200,1.11859395532
547839,548242,551441,403,3199,2,7200,1.12597686777
547900,548252,551382,352,3130,2,7200,1.1124600639
547915,548295,551526,380,3231,2,7200,1.11761064686
547964,548534,551598,570,3064,2,7200,1.18603133159
548085,548547,551445,462,2898,2,7200,1.15942028986
548119,548554,551695,435,3141,2,7200,1.13849092646
548140,548588,551672,448,3084,2,7200,1.14526588846
548174,548598,551642,424,3044,2,7200,1.13929040736
548231,548654,551566,423,2912,2,7200,1.14526098901
548247,548718,551757,471,3039,2,7200,1.1549851925
548287,548732,551851,445,3119,2,7200,1.14267393395
548523,548745,551813,222,3068,2,7200,1.07235984355
548539,548772,551625,233,2853,2,7200,1.08166841921
548540,548862,551766,322,2904,2,7200,1.1108815427
548577,548894,551918,317,3024,2,7200,1.10482804233
548592,548922,551700,330,2778,2,7200,1.11879049676
548644,548930,551950,286,3020,2,7200,1.09470198675
548708,548961,551854,253,2893,2,7200,1.08745247148
548723,549129,552080,406,2951,2,7200,1.13758048119
548738,549153,552375,415,3222,2,7200,1.12880198634
548759,549161,552140,402,2979,2,7200,1.13494461229
548850,549200,552491,350,3291,2,7200,1.1063506533
548884,549231,552117,347,2886,2,7200,1.12023562024
548911,549254,552424,343,3170,2,7200,1.10820189274
548926,549261,552289,335,3028,2,7200,1.1106340819
548951,549273,552371,322,3098,2,7200,1.10393802453
549121,549297,552245,176,2948,2,7200,1.05970149254
549142,549310,552147,168,2837,2,7200,1.05921748326
549157,549317,552321,160,3004,2,7200,1.05326231691
549188,549342,552251,154,2909,2,7200,1.05293915435
549221,549392,552374,171,2982,2,7200,1.05734406439
549243,549400,552568,157,3168,2,7200,1.04955808081
549258,549522,552691,264,3169,2,7200,1.08330703692
549273,549552,552569,279,3017,2,7200,1.09247596951
549288,549619,552484,331,2865,2,7200,1.11553228621
549304,549628,552620,324,2992,2,7200,1.10828877005
549305,549661,552797,356,3136,2,7200,1.11352040816
549332,549764,552764,432,3000,2,7200,1.144
549381,549809,552880,428,3071,2,7200,1.13936828395
549396,549947,552949,551,3002,2,7200,1.1835443038
549512,550139,553059,627,2920,2,7200,1.2147260274
549542,550248,553049,706,2801,2,7200,1.25205283827
549609,550283,553181,674,2898,2,7200,1.2325741891
549624,550440,553424,816,2984,2,7200,1.27345844504
549651,550460,553636,809,3176,2,7200,1.25472292191
549752,550476,553597,724,3121,2,7200,1.23197693047
549798,550622,553828,824,3206,2,7200,1.25701809108
549934,550635,553476,701,2841,2,7200,1.24674410419
550131,550734,553964,603,3230,2,7200,1.1866873065
550237,550765,553753,528,2988,2,7200,1.17670682731
550274,550812,553839,538,3027,2,7200,1.17773372977
550428,550817,553851,389,3034,2,7200,1.12821357943
550449,550880,554105,431,3225,2,7200,1.13364341085
550468,550886,553698,418,2812,2,7200,1.14864864865
550613,550893,553901,280,3008,2,7200,1.09308510638
550628,550917,553840,289,2923,2,7200,1.09887102292
550722,551000,554268,278,3268,2,7200,1.08506731946
550753,551031,554008,278,2977,2,7200,1.09338259993
550802,551047,553950,245,2903,2,7200,1.08439545298
550803,551151,554136,348,2985,2,7200,1.11658291457
550870,551180,554159,310,2979,2,7200,1.10406176569
550885,551211,554069,326,2858,2,7200,1.11406578027
550887,551242,554138,355,2896,2,7200,1.12258287293
550905,551394,554434,489,3040,2,7200,1.16085526316
550991,551453,554933,462,3480,2,7200,1.13275862069
551021,551460,554526,439,3066,2,7200,1.14318330072
551036,551538,554473,502,2935,2,7200,1.17103918228
551143,551578,554447,435,2869,2,7200,1.15162077379
551170,551611,554597,441,2986,2,7200,1.14768921634
551200,551637,554730,437,3093,2,7200,1.14128677659
551231,551653,554672,422,3019,2,7200,1.13978138456
551382,551684,554686,302,3002,2,7200,1.10059960027
551443,551707,554555,264,2848,2,7200,1.09269662921
551458,551714,554632,256,2918,2,7200,1.08773132282
551528,551769,554644,241,2875,2,7200,1.08382608696
551568,551778,554947,210,3169,2,7200,1.06626696119
551601,551824,554919,223,3095,2,7200,1.07205169628
551626,551863,554829,237,2966,2,7200,1.07990559676
551644,551869,554915,225,3046,2,7200,1.07386736704
551674,551929,555135,255,3206,2,7200,1.07953836556
551696,551962,555145,266,3183,2,7200,1.0835689601
551711,552092,555090,381,2998,2,7200,1.12708472315
551760,552129,555172,369,3043,2,7200,1.12126191259
551775,552152,555089,377,2937,2,7200,1.12836227443
551814,552159,555131,345,2972,2,7200,1.11608344549
551854,552257,555394,403,3137,2,7200,1.12846668792
551856,552263,555473,407,3210,2,7200,1.12679127726
551919,552301,555385,382,3084,2,7200,1.12386511025
551950,552332,555268,382,2936,2,7200,1.13010899183
552080,552382,555358,302,2976,2,7200,1.10147849462
552117,552390,555469,273,3079,2,7200,1.08866515102
552141,552395,555570,254,3175,2,7200,1.08
552157,552435,555628,278,3193,2,7200,1.08706545568
552248,552496,555503,248,3007,2,7200,1.0824742268
552263,552504,555441,241,2937,2,7200,1.08205652026
552290,552580,555498,290,2918,2,7200,1.09938313914
552324,552587,555815,263,3228,2,7200,1.08147459727
552373,552632,555767,259,3135,2,7200,1.08261562998
552388,552702,555494,314,2792,2,7200,1.11246418338
552389,552775,555726,386,2951,2,7200,1.13080311759
552426,552808,555696,382,2888,2,7200,1.13227146814
552486,552892,556073,406,3181,2,7200,1.12763281987
552502,552961,556094,459,3133,2,7200,1.14650494733
552569,553063,556044,494,2981,2,7200,1.16571620262
552570,553071,556018,501,2947,2,7200,1.17000339328
552622,553193,556060,571,2867,2,7200,1.19916288804
552692,553436,556311,744,2875,2,7200,1.2587826087
552765,553488,556321,723,2833,2,7200,1.25520649488
552798,553613,556566,815,2953,2,7200,1.27599051812
552880,553648,556725,768,3077,2,7200,1.24959376016
552950,553710,557163,760,3453,2,7200,1.2200984651
553050,553764,556688,714,2924,2,7200,1.24418604651
553066,553840,556867,774,3027,2,7200,1.2556987116
553184,553851,556955,667,3104,2,7200,1.21488402062
553426,553857,556858,431,3001,2,7200,1.14361879374
553478,553863,557078,385,3215,2,7200,1.11975116641
553599,553913,556936,314,3023,2,7200,1.10387032749
553639,553961,557102,322,3141,2,7200,1.10251512257
553700,553976,557057,276,3081,2,7200,1.08958130477
553754,554020,556997,266,2977,2,7200,1.08935169634
553830,554082,557100,252,3018,2,7200,1.08349900596
553846,554117,557357,271,3240,2,7200,1.08364197531
553847,554147,556907,300,2760,2,7200,1.10869565217
553862,554155,557299,293,3144,2,7200,1.09319338422
553902,554172,557275,270,3103,2,7200,1.08701256848
553950,554280,557106,330,2826,2,7200,1.11677282378
553965,554446,557412,481,2966,2,7200,1.16217127444
554008,554458,557628,450,3170,2,7200,1.14195583596
554072,554486,557623,414,3137,2,7200,1.13197322282
554105,554538,557408,433,2870,2,7200,1.15087108014
554136,554566,557351,430,2785,2,7200,1.15439856373
554151,554608,557646,457,3038,2,7200,1.1504279131
554166,554643,557596,477,2953,2,7200,1.1615306468
554269,554655,557926,386,3271,2,7200,1.11800672577
554436,554683,557678,247,2995,2,7200,1.08247078464
554451,554698,557643,247,2945,2,7200,1.08387096774
554476,554741,557785,265,3044,2,7200,1.0870565046
554528,554841,557847,313,3006,2,7200,1.10412508317
554558,554927,557917,369,2990,2,7200,1.12341137124
554598,554934,557955,336,3021,2,7200,1.11122144985
554634,554945,557791,311,2846,2,7200,1.10927617709
554649,554958,557790,309,2832,2,7200,1.10911016949
554674,555100,558030,426,2930,2,7200,1.14539249147
554689,555107,557967,418,2860,2,7200,1.14615384615
554731,555143,558273,412,3130,2,7200,1.13162939297
554831,555150,558199,319,3049,2,7200,1.10462446704
554917,555156,558101,239,2945,2,7200,1.08115449915
554932,555183,558233,251,3050,2,7200,1.08229508197
554947,555279,558440,332,3161,2,7200,1.10503005378
554949,555370,558518,421,3148,2,7200,1.13373570521
555091,555396,558450,305,3054,2,7200,1.09986902423
555093,555405,558380,312,2975,2,7200,1.10487394958
555133,555453,558460,320,3007,2,7200,1.10641835717
555148,555481,558331,333,2850,2,7200,1.11684210526
555149,555487,558449,338,2962,2,7200,1.11411208643
555171,555506,558590,335,3084,2,7200,1.10862516213
555268,555514,558364,246,2850,2,7200,1.08631578947
555359,555521,558505,162,2984,2,7200,1.05428954424
555386,555582,558525,196,2943,2,7200,1.0665987088
555401,555640,558605,239,2965,2,7200,1.08060708263
555441,555708,558651,267,2943,2,7200,1.09072375127
555472,555738,558798,266,3060,2,7200,1.08692810458
555487,555779,558641,292,2862,2,7200,1.10202655486
555503,555827,558780,324,2953,2,7200,1.1097189299
555504,556030,559057,526,3027,2,7200,1.17376940866
555505,556056,559111,551,3055,2,7200,1.18036006547
555572,556072,559025,500,2953,2,7200,1.16931933627
555630,556085,559105,455,3020,2,7200,1.15066225166
555697,556105,559050,408,2945,2,7200,1.13853989813
555727,556197,559229,470,3032,2,7200,1.15501319261
555767,556203,559253,436,3050,2,7200,1.14295081967
555815,556208,559119,393,2911,2,7200,1.13500515287
556019,556214,559217,195,3003,2,7200,1.06493506494
556046,556322,559430,276,3108,2,7200,1.0888030888
556061,556332,559315,271,2983,2,7200,1.09084813946
556076,556577,559673,501,3096,2,7200,1.16182170543
556095,556701,560008,606,3307,2,7200,1.18324765649
556310,556737,559986,427,3249,2,7200,1.13142505386
556326,556870,560020,544,3150,2,7200,1.1726984127
556568,556878,559900,310,3022,2,7200,1.10258107214
556690,556919,559904,229,2985,2,7200,1.07671691792
556726,556949,559941,223,2992,2,7200,1.07453208556
556860,556967,560007,107,3040,2,7200,1.03519736842
556875,557008,560164,133,3156,2,7200,1.04214195184
556908,557068,560006,160,2938,2,7200,1.05445881552
556939,557090,560077,151,2987,2,7200,1.05055239371
556957,557111,560065,154,2954,2,7200,1.05213270142
557000,557118,560074,118,2956,2,7200,1.0399188092
557057,557123,560180,66,3057,2,7200,1.02158979392
557079,557175,560016,96,2841,2,7200,1.03379091869
557100,557287,560328,187,3041,2,7200,1.06149292996
557116,557311,560328,195,3017,2,7200,1.06463374213
557117,557364,560233,247,2869,2,7200,1.08609271523
557166,557370,560337,204,2967,2,7200,1.06875631951
557278,557420,560260,142,2840,2,7200,1.05
557299,557428,560523,129,3095,2,7200,1.04168012924
557354,557609,560932,255,3323,2,7200,1.07673788745
557369,557634,560583,265,2949,2,7200,1.08986096982
557408,557641,560752,233,3111,2,7200,1.07489553198
557424,557654,560831,230,3177,2,7200,1.07239534152
557433,607398,671167,49965,63769,8,288000,1.78353118286
557445,607403,671526,49958,64123,8,288000,1.77909642406
557597,557661,560597,64,2936,2,7200,1.02179836512
557624,557690,560669,66,2979,2,7200,1.0221550856
557639,557798,560658,159,2860,2,7200,1.05559440559
557655,557810,560638,155,2828,2,7200,1.05480905233
557656,557815,560675,159,2860,2,7200,1.05559440559
557679,557859,560975,180,3116,2,7200,1.05776636714
557786,557928,561078,142,3150,2,7200,1.04507936508
557801,557938,560967,137,3029,2,7200,1.04522944866
557803,557968,560894,165,2926,2,7200,1.05639097744
557848,557979,560685,131,2706,2,7200,1.04841093865
557918,558041,561281,123,3240,2,7200,1.03796296296
557933,558113,560934,180,2821,2,7200,1.06380716058
557958,558211,561294,253,3083,2,7200,1.08206292572
557973,558244,561295,271,3051,2,7200,1.08882333661
558030,558284,561334,254,3050,2,7200,1.08327868852
558104,558343,561498,239,3155,2,7200,1.07575277338
558201,558375,561353,174,2978,2,7200,1.05842847549
558234,558391,561399,157,3008,2,7200,1.05219414894
558274,558451,561511,177,3060,2,7200,1.05784313725
558331,558461,561361,130,2900,2,7200,1.04482758621
558365,558468,561344,103,2876,2,7200,1.03581363004
558383,558474,561477,91,3003,2,7200,1.0303030303
558441,558518,561668,77,3150,2,7200,1.02444444444
558456,558530,561517,74,2987,2,7200,1.02477402076
558458,558537,561582,79,3045,2,7200,1.02594417077
558473,558602,561802,129,3200,2,7200,1.0403125
558506,558617,561633,111,3016,2,7200,1.03680371353
558521,558653,561748,132,3095,2,7200,1.04264943457
558536,558662,561861,126,3199,2,7200,1.03938730853
558591,558791,562049,200,3258,2,7200,1.06138735421
558606,558810,561997,204,3187,2,7200,1.06401004079
558643,559036,562189,393,3153,2,7200,1.12464319696
558658,559062,562117,404,3055,2,7200,1.13224222586
558782,559068,562115,286,3047,2,7200,1.09386281588
558801,559118,561940,317,2822,2,7200,1.11233167966
559023,559124,562182,101,3058,2,7200,1.03302812296
559050,559131,562317,81,3186,2,7200,1.02542372881
559065,559228,562366,163,3138,2,7200,1.05194391332
559108,559240,562239,132,2999,2,7200,1.04401467156
559123,559264,562501,141,3237,2,7200,1.04355885079
559125,559327,562419,202,3092,2,7200,1.06532988357
559219,559442,562497,223,3055,2,7200,1.07299509002
559234,559685,562678,451,2993,2,7200,1.15068493151
559255,559911,562785,656,2874,2,7200,1.2282533055
559316,559918,563001,602,3083,2,7200,1.1952643529
559431,559953,563088,522,3135,2,7200,1.16650717703
559674,559998,563143,324,3145,2,7200,1.10302066773
559902,560017,563121,115,3104,2,7200,1.03704896907
559917,560025,563003,108,2978,2,7200,1.0362659503
559942,560030,563280,88,3250,2,7200,1.02707692308
559987,560037,563011,50,2974,2,7200,1.01681237391
560006,560042,563058,36,3016,2,7200,1.01193633952
560022,560077,563273,55,3196,2,7200,1.01720901126
560023,560085,563001,62,2916,2,7200,1.02126200274
560025,560093,563079,68,2986,2,7200,1.02277294039
560026,560175,563135,149,2960,2,7200,1.05033783784
560066,560191,563378,125,3187,2,7200,1.03922183872
560081,560245,563297,164,3052,2,7200,1.05373525557
560082,560272,563422,190,3150,2,7200,1.06031746032
560164,560340,563442,176,3102,2,7200,1.05673758865
560183,560345,563284,162,2939,2,7200,1.05512078938
560234,560352,563211,118,2859,2,7200,1.04127317244
560262,560535,563659,273,3124,2,7200,1.08738796415
560329,560594,563639,265,3045,2,7200,1.08702791461
560330,560608,563587,278,2979,2,7200,1.09331990601
560345,560650,563892,305,3242,2,7200,1.0940777298
560524,560670,563654,146,2984,2,7200,1.04892761394
560585,560681,563751,96,3070,2,7200,1.03127035831
560600,560688,564017,88,3329,2,7200,1.02643436467
560640,560698,563603,58,2905,2,7200,1.01996557659
560658,560764,563995,106,3231,2,7200,1.03280718044
560674,560843,563985,169,3142,2,7200,1.05378739656
560689,560905,563686,216,2781,2,7200,1.07766990291
560691,560943,563644,252,2701,2,7200,1.09329877823
560754,560949,564241,195,3292,2,7200,1.0592345079
560833,560978,564044,145,3066,2,7200,1.04729288976
560897,560987,563924,90,2937,2,7200,1.03064351379
560933,561090,563983,157,2893,2,7200,1.05426892499
560949,561293,564193,344,2900,2,7200,1.11862068966
560970,561305,564179,335,2874,2,7200,1.11656228253
560985,561312,564403,327,3091,2,7200,1.10579100615
561079,561346,564315,267,2969,2,7200,1.08992926911
561282,561355,564326,73,2971,2,7200,1.02457085157
561298,561364,564415,66,3051,2,7200,1.02163225172
561299,561373,564707,74,3334,2,7200,1.02219556089
561336,561410,564527,74,3117,2,7200,1.02374077639
561351,561489,564509,138,3020,2,7200,1.04569536424
561367,561515,564687,148,3172,2,7200,1.04665825977
561368,561522,564515,154,2993,2,7200,1.05145339125
561402,561530,564371,128,2841,2,7200,1.04505455825
561478,561594,564651,116,3057,2,7200,1.0379456984
561499,561645,564797,146,3152,2,7200,1.04631979695
561514,561680,564656,166,2976,2,7200,1.05577956989
561529,561759,564660,230,2901,2,7200,1.07928300586
561584,561813,564876,229,3063,2,7200,1.07476330395
561633,561874,564849,241,2975,2,7200,1.08100840336
561669,561952,564946,283,2994,2,7200,1.09452237809
561748,562008,565183,260,3175,2,7200,1.08188976378
561803,562060,565009,257,2949,2,7200,1.08714818583
561864,562128,565247,264,3119,2,7200,1.08464251363
561940,562134,565248,194,3114,2,7200,1.06229929351
561998,562194,565224,196,3030,2,7200,1.06468646865
562050,562201,565236,151,3035,2,7200,1.04975288303
562116,562252,565373,136,3121,2,7200,1.04357577699
562118,562329,565368,211,3039,2,7200,1.06943073379
562182,562379,565599,197,3220,2,7200,1.06118012422
562197,562431,565618,234,3187,2,7200,1.07342328208
562240,562509,565597,269,3088,2,7200,1.08711139896
562318,562515,565366,197,2851,2,7200,1.06909856191
562367,562689,565598,322,2909,2,7200,1.11069095909
562421,562796,565901,375,3105,2,7200,1.12077294686
562500,563012,566034,512,3022,2,7200,1.16942422237
562501,563018,566127,517,3109,2,7200,1.16629141203
562680,563030,565878,350,2848,2,7200,1.12289325843
562786,563035,566246,249,3211,2,7200,1.07754593585
563002,563070,566058,68,2988,2,7200,1.02275769746
563003,563091,565958,88,2867,2,7200,1.03069410534
563018,563099,566161,81,3062,2,7200,1.0264532985
563020,563132,566625,112,3493,2,7200,1.03206412826
563059,563146,566094,87,2948,2,7200,1.02951153324
563080,563154,566063,74,2909,2,7200,1.02543829495
563095,563223,566428,128,3205,2,7200,1.0399375975
563123,563284,566350,161,3066,2,7200,1.05251141553
563138,563292,566355,154,3063,2,7200,1.05027750571
563153,563305,566258,152,2953,2,7200,1.05147307823
563213,563311,566199,98,2888,2,7200,1.03393351801
563274,563389,566457,115,3068,2,7200,1.03748370274
563289,563434,566518,145,3084,2,7200,1.04701686122
563291,563454,566610,163,3156,2,7200,1.05164765526
563306,563598,566510,292,2912,2,7200,1.10027472527
563379,563615,566703,236,3088,2,7200,1.07642487047
563421,563651,566825,230,3174,2,7200,1.07246376812
563443,563663,566700,220,3037,2,7200,1.0724399078
563589,563670,566638,81,2968,2,7200,1.02729110512
563604,563676,566806,72,3130,2,7200,1.02300319489
563641,563699,566653,58,2954,2,7200,1.01963439404
563656,563762,566830,106,3068,2,7200,1.03455019557
563657,563904,567112,247,3208,2,7200,1.07699501247
563673,563935,567099,262,3164,2,7200,1.08280657396
563677,607393,752000,43716,144607,18,198000,1.30230901685
563688,563994,566913,306,2919,2,7200,1.10483042138
563752,564000,566764,248,2764,2,7200,1.08972503618
563895,564007,566906,112,2899,2,7200,1.03863401173
563925,564029,567086,104,3057,2,7200,1.03402028132
563986,564056,567092,70,3036,2,7200,1.02305665349
563987,564190,567058,203,2868,2,7200,1.07078103208
564003,564205,567238,202,3033,2,7200,1.06660072535
564018,564252,567185,234,2933,2,7200,1.07978179339
564045,564327,567237,282,2910,2,7200,1.09690721649
564179,564337,567239,158,2902,2,7200,1.0544452102
564194,564383,567549,189,3166,2,7200,1.05969677827
564243,564415,567516,172,3101,2,7200,1.05546597872
564316,564427,567480,111,3053,2,7200,1.03635768097
564331,564521,567479,190,2958,2,7200,1.06423258959
564370,564528,567621,158,3093,2,7200,1.05108309085
564404,564538,567649,134,3111,2,7200,1.04307296689
564419,564663,567700,244,3037,2,7200,1.0803424432
564510,564671,567510,161,2839,2,7200,1.05671010919
564526,564677,567701,151,3024,2,7200,1.04993386243
564541,564699,568005,158,3306,2,7200,1.04779189353
564653,564719,567572,66,2853,2,7200,1.02313354364
564669,564809,567857,140,3048,2,7200,1.04593175853
564670,564861,567973,191,3112,2,7200,1.06137532134
564688,564889,567806,201,2917,2,7200,1.0689064107
564710,564959,568099,249,3140,2,7200,1.07929936306
564798,565020,568126,222,3106,2,7200,1.07147456536
564850,565195,568287,345,3092,2,7200,1.11157826649
564877,565236,568236,359,3000,2,7200,1.11966666667
564947,565247,568414,300,3167,2,7200,1.09472687086
565011,565258,568348,247,3090,2,7200,1.07993527508
565184,565266,568292,82,3026,2,7200,1.02709847984
565227,565378,568478,151,3100,2,7200,1.04870967742
565242,565384,568280,142,2896,2,7200,1.04903314917
565257,565390,568331,133,2941,2,7200,1.04522271336
565259,565608,568856,349,3248,2,7200,1.10745073892
565368,565615,568785,247,3170,2,7200,1.07791798107
565370,565621,568721,251,3100,2,7200,1.08096774194
565385,565630,568872,245,3242,2,7200,1.07557063541
565602,565890,568987,288,3097,2,7200,1.09299321924
565603,565913,568786,310,2873,2,7200,1.10790114863
565604,565971,568852,367,2881,2,7200,1.12738632419
565620,566046,569140,426,3094,2,7200,1.13768584357
565881,566069,568879,188,2810,2,7200,1.06690391459
565902,566076,569088,174,3012,2,7200,1.0577689243
565960,566106,569110,146,3004,2,7200,1.04860186418
566036,566139,569304,103,3165,2,7200,1.03254344392
566060,566174,569425,114,3251,2,7200,1.0350661335
566075,566211,569271,136,3060,2,7200,1.04444444444
566097,566257,569410,160,3153,2,7200,1.05074532192
566127,566270,569082,143,2812,2,7200,1.05085348506
566164,566361,569303,197,2942,2,7200,1.06696125085
566200,566369,569257,169,2888,2,7200,1.05851800554
566249,566440,569443,191,3003,2,7200,1.0636030636
566264,566468,569091,204,2623,2,7200,1.07777354175
566352,566522,569777,170,3255,2,7200,1.05222734255
566367,566530,569737,163,3207,2,7200,1.05082631743
566428,566622,569705,194,3083,2,7200,1.0629257217
566459,566637,569561,178,2924,2,7200,1.060875513
566511,566649,569606,138,2957,2,7200,1.0466689212
566526,566665,569586,139,2921,2,7200,1.047586443
566611,566712,570006,101,3294,2,7200,1.03066180935
566626,566718,569615,92,2897,2,7200,1.03175698999
566641,566775,570141,134,3366,2,7200,1.03980986334
566656,566818,569720,162,2902,2,7200,1.05582356995
566702,566836,569622,134,2786,2,7200,1.04809763101
566718,566843,570117,125,3274,2,7200,1.03817959682
566766,566918,570183,152,3265,2,7200,1.04655436447
566809,566925,570031,116,3106,2,7200,1.03734707019
566827,567070,570217,243,3147,2,7200,1.07721639657
566843,567098,570030,255,2932,2,7200,1.08697135061
566910,567105,570166,195,3061,2,7200,1.06370467168
566925,567112,570069,187,2957,2,7200,1.06323977004
567061,567125,569971,64,2846,2,7200,1.02248770204
567089,567197,570198,108,3001,2,7200,1.035988004
567105,567249,570521,144,3272,2,7200,1.04400977995
567106,567255,570410,149,3155,2,7200,1.04722662441
567121,567261,570218,140,2957,2,7200,1.04734528238
567185,567491,570703,306,3212,2,7200,1.09526774595
567237,567497,570599,260,3102,2,7200,1.08381689233
567238,567521,570690,283,3169,2,7200,1.08930261912
567254,567528,570635,274,3107,2,7200,1.08818796266
567482,567561,570673,79,3112,2,7200,1.02538560411
567483,567584,570699,101,3115,2,7200,1.03242375602
567511,567638,570847,127,3209,2,7200,1.03957619196
567526,567661,570516,135,2855,2,7200,1.0472854641
567551,567711,570782,160,3071,2,7200,1.05210029306
567575,567719,570819,144,3100,2,7200,1.0464516129
567624,567817,570873,193,3056,2,7200,1.06315445026
567651,567869,571015,218,3146,2,7200,1.06929434202
567700,567985,570943,285,2958,2,7200,1.09634888438
567702,568017,571345,315,3328,2,7200,1.09465144231
567808,568111,571217,303,3106,2,7200,1.09755312299
567857,568138,571150,281,3012,2,7200,1.0932934927
567976,568247,571207,271,2960,2,7200,1.09155405405
568006,568292,571296,286,3004,2,7200,1.09520639148
568100,568300,571479,200,3179,2,7200,1.06291286568
568128,568306,571320,178,3014,2,7200,1.05905773059
568237,568342,571418,105,3076,2,7200,1.03413524057
568283,568359,571542,76,3183,2,7200,1.02387684574
568298,568425,571549,127,3124,2,7200,1.04065300896
568299,568489,571490,190,3001,2,7200,1.06331222926
568333,568733,571648,400,2915,2,7200,1.1372212693
568351,568797,571653,446,2856,2,7200,1.15616246499
568415,568804,571925,389,3121,2,7200,1.12463953861
568479,568864,571959,385,3095,2,7200,1.12439418417
568724,568871,571749,147,2878,2,7200,1.0510771369
568785,568884,571887,99,3003,2,7200,1.03296703297
568786,568890,571991,104,3101,2,7200,1.03353756853
568854,568999,572013,145,3014,2,7200,1.04810882548
568869,569095,572037,226,2942,2,7200,1.07681849082
568885,569101,572223,216,3122,2,7200,1.06918641896
568886,569113,572074,227,2961,2,7200,1.07666328943
568989,569122,572252,133,3130,2,7200,1.04249201278
569083,569151,572162,68,3011,2,7200,1.02258385918
569099,569269,572342,170,3073,2,7200,1.05532053368
569100,569282,572252,182,2970,2,7200,1.06127946128
569115,569314,572372,199,3058,2,7200,1.06507521256
569143,569322,572383,179,3061,2,7200,1.05847762169
569258,569422,572792,164,3370,2,7200,1.04866468843
569273,569437,572364,164,2927,2,7200,1.05603006491
569304,569455,572625,151,3170,2,7200,1.0476340694
569306,569572,572518,266,2946,2,7200,1.09029192125
569412,569597,572649,185,3052,2,7200,1.06061598952
569427,569618,572737,191,3119,2,7200,1.06123757615
569445,569626,572691,181,3065,2,7200,1.05905383361
569564,569633,572666,69,3033,2,7200,1.02274975272
569588,569718,572816,130,3098,2,7200,1.04196255649
569606,569732,572735,126,3003,2,7200,1.04195804196
569622,569748,572924,126,3176,2,7200,1.03967254408
569623,569790,572847,167,3057,2,7200,1.05462872097
569709,569983,572970,274,2987,2,7200,1.09173083361
569724,570020,573177,296,3157,2,7200,1.09375989864
569739,570042,572857,303,2815,2,7200,1.10763765542
569779,570049,573001,270,2952,2,7200,1.09146341463
569973,570082,573186,109,3104,2,7200,1.03511597938
570006,570129,573100,123,2971,2,7200,1.04140020195
570031,570153,573141,122,2988,2,7200,1.04082998661
570032,570179,573438,147,3259,2,7200,1.04510586069
570072,570195,573109,123,2914,2,7200,1.04221002059
570117,570210,573376,93,3166,2,7200,1.02937460518
570142,570229,573222,87,2993,2,7200,1.02906782492
570169,570236,573282,67,3046,2,7200,1.02199606041
570184,570422,573532,238,3110,2,7200,1.07652733119
570200,570527,573718,327,3191,2,7200,1.10247571294
570218,570535,573621,317,3086,2,7200,1.10272197019
570219,570611,573633,392,3022,2,7200,1.12971542025
570411,570647,573562,236,2915,2,7200,1.08096054889
570517,570684,573619,167,2935,2,7200,1.05689948893
570532,570703,573799,171,3096,2,7200,1.05523255814
570599,570711,573654,112,2943,2,7200,1.03805640503
570636,570718,574074,82,3356,2,7200,1.02443384982
570673,570794,573663,121,2869,2,7200,1.04217497386
570691,570830,574264,139,3434,2,7200,1.04047757717
570706,570858,573984,152,3126,2,7200,1.04862444018
570708,570885,574069,177,3184,2,7200,1.05559045226
570784,570954,574021,170,3067,2,7200,1.05542875774
570820,571026,573959,206,2933,2,7200,1.07023525401
570848,571162,574321,314,3159,2,7200,1.09939854384
570875,571219,574372,344,3153,2,7200,1.10910244212
570945,571228,574451,283,3223,2,7200,1.08780639156
571015,571308,574583,293,3275,2,7200,1.08946564885
571149,571331,574464,182,3133,2,7200,1.05809128631
571210,571356,574315,146,2959,2,7200,1.04934099358
571225,571430,574328,205,2898,2,7200,1.0707384403
571298,571491,574774,193,3283,2,7200,1.05878769418
571322,571502,574390,180,2888,2,7200,1.06232686981
571347,571558,574679,211,3121,2,7200,1.06760653637
571420,571565,574980,145,3415,2,7200,1.04245973646
571480,571659,574564,179,2905,2,7200,1.06161790017
571496,571666,574522,170,2856,2,7200,1.05952380952
571541,571761,574508,220,2747,2,7200,1.08008736804
571557,571899,574993,342,3094,2,7200,1.1105365223
571648,571938,574937,290,2999,2,7200,1.09669889963
571663,571971,575158,308,3187,2,7200,1.09664261061
571751,572002,575001,251,2999,2,7200,1.08369456485
571888,572024,574926,136,2902,2,7200,1.04686423156
571927,572050,575126,123,3076,2,7200,1.0399869961
571961,572085,575102,124,3017,2,7200,1.04110043089
571991,572174,575301,183,3127,2,7200,1.05852254557
572016,572235,575200,219,2965,2,7200,1.07386172007
572040,572264,575108,224,2844,2,7200,1.07876230661
572077,572269,575255,192,2986,2,7200,1.06430006698
572165,572354,575228,189,2874,2,7200,1.06576200418
572226,572375,575492,149,3117,2,7200,1.04780237408
572254,572384,575315,130,2931,2,7200,1.04435346298
572255,572395,575445,140,3050,2,7200,1.04590163934
572343,572533,575479,190,2946,2,7200,1.06449422946
572365,572636,575530,271,2894,2,7200,1.09364201797
572380,572662,575562,282,2900,2,7200,1.09724137931
572395,572679,575580,284,2901,2,7200,1.0978972768
572516,572706,575699,190,2993,2,7200,1.06348145673
572626,572747,575834,121,3087,2,7200,1.03919663103
572650,572753,575628,103,2875,2,7200,1.03582608696
572668,572804,576050,136,3246,2,7200,1.04189772027
572693,572827,575735,134,2908,2,7200,1.04607977992
572735,572858,575972,123,3114,2,7200,1.03949903661
572751,572868,575830,117,2962,2,7200,1.03950033761
572793,572935,575962,142,3027,2,7200,1.04691113314
572818,572981,575791,163,2810,2,7200,1.05800711744
572848,573016,575943,168,2927,2,7200,1.05739665186
572863,573113,576304,250,3191,2,7200,1.07834534629
572924,573121,576035,197,2914,2,7200,1.06760466712
572973,573153,576247,180,3094,2,7200,1.058177117
573003,573188,576163,185,2975,2,7200,1.06218487395
573104,573198,576268,94,3070,2,7200,1.03061889251
573119,573233,576481,114,3248,2,7200,1.03509852217
573143,573294,576411,151,3117,2,7200,1.04844401668
573180,573388,576395,208,3007,2,7200,1.06917193216
573195,573450,576328,255,2878,2,7200,1.08860319666
573222,573545,576481,323,2936,2,7200,1.11001362398
573283,573574,576537,291,2963,2,7200,1.09821127236
573377,573631,576970,254,3339,2,7200,1.07607067984
573441,573638,576794,197,3156,2,7200,1.0624207858
573535,573644,576757,109,3113,2,7200,1.03501445551
573563,573665,576705,102,3040,2,7200,1.03355263158
573621,573675,576818,54,3143,2,7200,1.01718103723
573622,573730,576896,108,3166,2,7200,1.03411244473
573637,573810,577027,173,3217,2,7200,1.05377681069
573655,573971,576987,316,3016,2,7200,1.10477453581
573671,573996,576990,325,2994,2,7200,1.1085504342
573719,574032,577007,313,2975,2,7200,1.10521008403
573801,574081,577104,280,3023,2,7200,1.09262322196
573959,574088,577111,129,3023,2,7200,1.04267284155
573986,574276,577417,290,3141,2,7200,1.0923272843
574023,574327,577341,304,3014,2,7200,1.10086264101
574071,574334,577361,263,3027,2,7200,1.08688470433
574087,574340,577596,253,3256,2,7200,1.0777027027
574266,574383,577510,117,3127,2,7200,1.03741605373
574318,574402,577577,84,3175,2,7200,1.02645669291
574334,574463,577621,129,3158,2,7200,1.04084863838
574335,574480,577476,145,2996,2,7200,1.04839786382
574375,574520,577573,145,3053,2,7200,1.04749426793
574390,574533,577470,143,2937,2,7200,1.04868913858
574451,574575,577699,124,3124,2,7200,1.03969270166
574467,574595,577773,128,3178,2,7200,1.04027690371
574509,574692,577755,183,3063,2,7200,1.0597453477
574524,574785,577605,261,2820,2,7200,1.09255319149
574567,574938,578105,371,3167,2,7200,1.11714556362
574586,574949,578262,363,3313,2,7200,1.10956836704
574680,574991,578249,311,3258,2,7200,1.09545733579
574774,575005,578394,231,3389,2,7200,1.06816169962
574926,575012,577882,86,2870,2,7200,1.02996515679
574941,575114,578266,173,3152,2,7200,1.0548857868
574981,575120,578027,139,2907,2,7200,1.04781561748
574996,575138,578137,142,2999,2,7200,1.04734911637
575011,575170,578210,159,3040,2,7200,1.05230263158
575102,575211,578070,109,2859,2,7200,1.03812521861
575117,575240,578245,123,3005,2,7200,1.04093178037
575133,575267,578446,134,3179,2,7200,1.04215162001
575160,575313,578675,153,3362,2,7200,1.04550862582
575203,575327,578377,124,3050,2,7200,1.0406557377
575230,575457,578679,227,3222,2,7200,1.0704531347
575258,575490,578570,232,3080,2,7200,1.07532467532
575304,575503,578561,199,3058,2,7200,1.06507521256
575319,575542,578480,223,2938,2,7200,1.07590197413
575446,575573,578508,127,2935,2,7200,1.04327086882
575480,575591,578856,111,3265,2,7200,1.03399693721
575495,575640,578663,145,3023,2,7200,1.04796559709
575531,575710,578892,179,3182,2,7200,1.05625392835
575562,575747,578607,185,2860,2,7200,1.06468531469
575580,575802,578783,222,2981,2,7200,1.07447165381
575629,575841,578992,212,3151,2,7200,1.0672802285
575699,575849,578860,150,3011,2,7200,1.04981733643
575737,575955,578853,218,2898,2,7200,1.07522429262
575792,575973,579228,181,3255,2,7200,1.05560675883
575831,575984,579055,153,3071,2,7200,1.04982090524
575846,576046,579079,200,3033,2,7200,1.06594131223
575947,576061,578750,114,2689,2,7200,1.04239494236
575965,576174,579108,209,2934,2,7200,1.0712338105
575976,607376,607381,31400,5,40,129600,3140.5
575980,576259,579498,279,3239,2,7200,1.08613769682
576035,576279,579144,244,2865,2,7200,1.08516579407
576050,576316,579128,266,2812,2,7200,1.09459459459
576166,576340,579394,174,3054,2,7200,1.05697445972
576248,576408,579345,160,2937,2,7200,1.05447735785
576269,576422,579525,153,3103,2,7200,1.04930712214
576305,576492,579478,187,2986,2,7200,1.06262558607
576330,576498,579443,168,2945,2,7200,1.05704584041
576397,576548,579475,151,2927,2,7200,1.05158865733
576412,576716,579782,304,3066,2,7200,1.09915198956
576482,576769,579728,287,2959,2,7200,1.0969922271
576484,576805,579767,321,2962,2,7200,1.10837272113
576538,576830,579900,292,3070,2,7200,1.09511400651
576705,576909,580024,204,3115,2,7200,1.06548956661
576760,576983,580019,223,3036,2,7200,1.07345191041
576796,576999,580089,203,3090,2,7200,1.06569579288
576821,577006,580096,185,3090,2,7200,1.05987055016
576897,577019,579844,122,2825,2,7200,1.04318584071
576970,577040,580231,70,3191,2,7200,1.02193669696
576988,577115,580273,127,3158,2,7200,1.04021532616
577003,577123,580204,120,3081,2,7200,1.03894839338
577018,577352,580311,334,2959,2,7200,1.11287597161
577034,577372,580390,338,3018,2,7200,1.11199469848
577107,577429,580475,322,3046,2,7200,1.10571240972
577122,577481,580567,359,3086,2,7200,1.11633182113
577345,577488,580324,143,2836,2,7200,1.05042313117
577364,577521,580584,157,3063,2,7200,1.05125693764
577421,577585,580653,164,3068,2,7200,1.05345501956
577474,577591,580548,117,2957,2,7200,1.03956712885
577489,577610,580594,121,2984,2,7200,1.04054959786
577512,577617,580779,105,3162,2,7200,1.03320683112
577574,577633,581005,59,3372,2,7200,1.0174970344
577590,577711,580645,121,2934,2,7200,1.04124062713
577605,577767,580798,162,3031,2,7200,1.05344770703
577607,577784,581003,177,3219,2,7200,1.0549860205
577622,577893,581061,271,3168,2,7200,1.08554292929
577701,578039,581097,338,3058,2,7200,1.11052975801
577756,578082,581104,326,3022,2,7200,1.10787557909
577774,578116,580975,342,2859,2,7200,1.11962224554
577884,578149,581230,265,3081,2,7200,1.08601103538
578030,578222,581522,192,3300,2,7200,1.05818181818
578069,578256,581339,187,3083,2,7200,1.06065520597
578106,578264,581397,158,3133,2,7200,1.0504308969
578139,578275,581542,136,3267,2,7200,1.04162840526
578212,578281,581080,69,2799,2,7200,1.02465166131
578245,578388,581420,143,3032,2,7200,1.04716358839
578261,578405,581490,144,3085,2,7200,1.04667747164
578276,578457,581657,181,3200,2,7200,1.0565625
578278,578493,581264,215,2771,2,7200,1.07758931794
578378,578519,581589,141,3070,2,7200,1.04592833876
578396,578573,581680,177,3107,2,7200,1.05696813647
578448,578582,581764,134,3182,2,7200,1.04211187932
578482,578619,581675,137,3056,2,7200,1.04482984293
578509,578676,581865,167,3189,2,7200,1.05236751333
578561,578687,581321,126,2634,2,7200,1.04783599089
578576,578695,581807,119,3112,2,7200,1.03823907455
578610,578763,581940,153,3177,2,7200,1.04815864023
578665,578795,581887,130,3092,2,7200,1.04204398448
578680,578865,581813,185,2948,2,7200,1.06275440977
578682,578872,581820,190,2948,2,7200,1.0644504749
578752,578877,581806,125,2929,2,7200,1.04267668146
578785,578904,581710,119,2806,2,7200,1.04240912331
578856,579005,581955,149,2950,2,7200,1.05050847458
578871,579067,582256,196,3189,2,7200,1.06146127313
578872,579091,582227,219,3136,2,7200,1.06983418367
578894,579119,582318,225,3199,2,7200,1.07033447952
578994,579140,582264,146,3124,2,7200,1.04673495519
579057,579156,582108,99,2952,2,7200,1.03353658537
579079,579239,582330,160,3091,2,7200,1.05176318344
579109,579357,582513,248,3156,2,7200,1.07858048162
579131,579406,582319,275,2913,2,7200,1.0944043941
579146,579454,582528,308,3074,2,7200,1.10019518543
579231,579487,582569,256,3082,2,7200,1.08306294614
579347,579493,582479,146,2986,2,7200,1.0488948426
579395,579510,582584,115,3074,2,7200,1.03741054001
579444,579537,582503,93,2966,2,7200,1.03135536076
579475,579739,582706,264,2967,2,7200,1.08897876643
579490,579779,582688,289,2909,2,7200,1.09934685459
579505,579794,582828,289,3034,2,7200,1.09525379038
579527,579856,582918,329,3062,2,7200,1.10744611365
579579,607409,607495,27830,86,6,604800,324.604651163
579597,607507,607601,27910,94,6,604800,297.914893617
579623,607613,607701,27990,88,6,604800,319.068181818
579730,579913,583106,183,3193,2,7200,1.05731287191
579770,580030,582951,260,2921,2,7200,1.0890106128
579785,580037,583040,252,3003,2,7200,1.08391608392
579845,580102,583327,257,3225,2,7200,1.07968992248
579903,580108,583307,205,3199,2,7200,1.06408252579
580019,580216,583050,197,2834,2,7200,1.06951305575
580034,580242,583244,208,3002,2,7200,1.06928714191
580091,580287,583430,196,3143,2,7200,1.06236080178
580107,580323,583724,216,3401,2,7200,1.06351073214
580207,580335,583480,128,3145,2,7200,1.04069952305
580231,580401,583193,170,2792,2,7200,1.06088825215
580274,580489,583373,215,2884,2,7200,1.07454923717
580314,580559,583331,245,2772,2,7200,1.08838383838
580329,580579,583721,250,3142,2,7200,1.07956715468
580393,580596,583615,203,3019,2,7200,1.06724080821
580478,580606,583842,128,3236,2,7200,1.03955500618
580548,580656,583725,108,3069,2,7200,1.03519061584
580569,580665,583752,96,3087,2,7200,1.03109815355
580584,580791,584031,207,3240,2,7200,1.06388888889
580600,580809,584033,209,3224,2,7200,1.06482630273
580645,580987,584238,342,3251,2,7200,1.10519840049
580660,581015,583970,355,2955,2,7200,1.12013536379
580782,581021,584095,239,3074,2,7200,1.07774886142
580800,581072,583939,272,2867,2,7200,1.09487268922
580976,581092,584294,116,3202,2,7200,1.0362273579
581004,581109,584351,105,3242,2,7200,1.03238741518
581019,581116,584062,97,2946,2,7200,1.03292600136
581062,581242,584231,180,2989,2,7200,1.06022080964
581080,581277,584232,197,2955,2,7200,1.06666666667
581099,581333,584105,234,2772,2,7200,1.08441558442
581114,581351,584529,237,3178,2,7200,1.07457520453
581232,581409,584651,177,3242,2,7200,1.05459592844
581266,581432,584403,166,2971,2,7200,1.05587344329
581323,581502,584679,179,3177,2,7200,1.05634246144
581342,581533,584710,191,3177,2,7200,1.06011960969
581399,581553,584620,154,3067,2,7200,1.05021193349
581421,581600,584692,179,3092,2,7200,1.05789133247
581491,581669,584749,178,3080,2,7200,1.05779220779
581525,581687,585005,162,3318,2,7200,1.04882459313
581543,581694,584645,151,2951,2,7200,1.05116909522
581592,581722,584435,130,2713,2,7200,1.04791743457
581659,581776,584978,117,3202,2,7200,1.03653966271
581677,581817,584590,140,2773,2,7200,1.05048683736
581692,581824,584680,132,2856,2,7200,1.04621848739
581710,581829,585057,119,3228,2,7200,1.03686493185
581765,581836,585124,71,3288,2,7200,1.02159367397
581787,623907,625787,42120,1880,1,7200,23.4042553191
581808,581877,585154,69,3277,2,7200,1.02105584376
581809,581899,584915,90,3016,2,7200,1.02984084881
581825,581951,584991,126,3040,2,7200,1.04144736842
581826,581968,584855,142,2887,2,7200,1.04918600623
581866,582119,584983,253,2864,2,7200,1.08833798883
581890,582239,585531,349,3292,2,7200,1.1060145808
581942,582268,585429,326,3161,2,7200,1.10313192028
581957,582276,585216,319,2940,2,7200,1.10850340136
582109,582330,585695,221,3365,2,7200,1.06567607727
582227,582336,585130,109,2794,2,7200,1.03901216893
582258,582343,585376,85,3033,2,7200,1.0280250577
582273,582490,585494,217,3004,2,7200,1.07223701731
582319,582516,585466,197,2950,2,7200,1.06677966102
582321,582526,585704,205,3178,2,7200,1.0645059786
582336,582541,585699,205,3158,2,7200,1.06491450285
582481,582580,585717,99,3137,2,7200,1.03155881415
582508,582596,585646,88,3050,2,7200,1.02885245902
582523,582701,585848,178,3147,2,7200,1.05656180489
582538,582718,585761,180,3043,2,7200,1.05915215248
582572,582840,586050,268,3210,2,7200,1.08348909657
582587,582930,586134,343,3204,2,7200,1.1070536829
582690,582963,586064,273,3101,2,7200,1.08803611738
582706,583053,586034,347,2981,2,7200,1.11640389131
582830,583061,585985,231,2924,2,7200,1.07900136799
582918,583117,586455,199,3338,2,7200,1.05961653685
582952,583204,586442,252,3238,2,7200,1.07782581841
583043,583260,586419,217,3159,2,7200,1.06869262425
583058,583319,586302,261,2983,2,7200,1.08749580959
583107,583339,586339,232,3000,2,7200,1.07733333333
583195,583347,586602,152,3255,2,7200,1.04669738863
583247,583384,586530,137,3146,2,7200,1.04354736173
583308,583442,586556,134,3114,2,7200,1.04303147078
583329,583492,586527,163,3035,2,7200,1.05370675453
583344,583626,586569,282,2943,2,7200,1.09582059123
583375,583732,586897,357,3165,2,7200,1.11279620853
583433,583739,586685,306,2946,2,7200,1.10386965377
583481,583745,586691,264,2946,2,7200,1.08961303462
583615,583765,586869,150,3104,2,7200,1.04832474227
583721,583855,587094,134,3239,2,7200,1.04137079345
583736,583951,587039,215,3088,2,7200,1.06962435233
583738,583982,587149,244,3167,2,7200,1.07704452163
583753,584044,587249,291,3205,2,7200,1.09079563183
583844,584051,587269,207,3218,2,7200,1.06432566812
583941,584073,587209,132,3136,2,7200,1.04209183673
583972,584107,587186,135,3079,2,7200,1.04384540435
584033,584116,587097,83,2981,2,7200,1.0278430057
584034,584243,587071,209,2828,2,7200,1.07390381895
584062,584249,587486,187,3237,2,7200,1.0577695397
584095,584255,587323,160,3068,2,7200,1.05215123859
584111,584307,587311,196,3004,2,7200,1.06524633822
584233,584363,587205,130,2842,2,7200,1.0457424349
584234,584414,587286,180,2872,2,7200,1.06267409471
584249,584447,587263,198,2816,2,7200,1.0703125
584295,584541,587566,246,3025,2,7200,1.08132231405
584353,584601,587447,248,2846,2,7200,1.0871398454
584404,584632,587772,228,3140,2,7200,1.07261146497
584435,584656,587593,221,2937,2,7200,1.07524685053
584532,584664,587806,132,3142,2,7200,1.04201145767
584593,584691,587783,98,3092,2,7200,1.03169469599
584621,584697,587731,76,3034,2,7200,1.02504943968
584648,584705,587525,57,2820,2,7200,1.02021276596
584663,584721,587653,58,2932,2,7200,1.01978171896
584679,584760,587892,81,3132,2,7200,1.02586206897
584694,584867,587942,173,3075,2,7200,1.0562601626
584696,584927,588132,231,3205,2,7200,1.072074883
584711,584989,587964,278,2975,2,7200,1.09344537815
584750,584997,588047,247,3050,2,7200,1.08098360656
584857,585004,588103,147,3099,2,7200,1.04743465634
584918,585017,588094,99,3077,2,7200,1.03217419565
584978,585069,587952,91,2883,2,7200,1.0315643427
584994,585136,588224,142,3088,2,7200,1.04598445596
584995,585143,587947,148,2804,2,7200,1.05278174037
585010,585166,588285,156,3119,2,7200,1.05001603078
585059,585228,588085,169,2857,2,7200,1.05915295765
585126,585388,588357,262,2969,2,7200,1.0882452004
585141,585441,588658,300,3217,2,7200,1.09325458502
585156,585478,588650,322,3172,2,7200,1.10151324086
585217,585506,588536,289,3030,2,7200,1.09537953795
585378,585542,588694,164,3152,2,7200,1.05203045685
585430,585658,588580,228,2922,2,7200,1.07802874743
585466,585706,588688,240,2982,2,7200,1.08048289738
585497,585713,588781,216,3068,2,7200,1.0704041721
585533,585720,588842,187,3122,2,7200,1.0598975016
585649,585730,588912,81,3182,2,7200,1.02545568825
585698,585774,588937,76,3163,2,7200,1.02402782169
585713,585861,588777,148,2916,2,7200,1.05075445816
585715,585996,589068,281,3072,2,7200,1.09147135417
585730,586045,589014,315,2969,2,7200,1.10609632873
585763,586061,588962,298,2901,2,7200,1.1027231989
585851,586076,589453,225,3377,2,7200,1.06662718389
585985,586147,589088,162,2941,2,7200,1.055083305
586037,586314,589446,277,3132,2,7200,1.08844189017
586052,586351,589393,299,3042,2,7200,1.09829059829
586067,586431,589323,364,2892,2,7200,1.12586445367
586137,586454,589666,317,3212,2,7200,1.09869240349
586304,586467,589633,163,3166,2,7200,1.05148452306
586340,586538,589755,198,3217,2,7200,1.06154802611
586419,586545,589674,126,3129,2,7200,1.04026845638
586444,586567,589359,123,2792,2,7200,1.04405444126
586459,586581,589451,122,2870,2,7200,1.0425087108
586529,586613,589815,84,3202,2,7200,1.026233604
586531,586701,590033,170,3332,2,7200,1.05102040816
586558,586708,589781,150,3073,2,7200,1.0488122356
586574,586881,589973,307,3092,2,7200,1.09928848642
586604,586909,590027,305,3118,2,7200,1.09781911482
586686,587050,590046,364,2996,2,7200,1.1214953271
586701,587082,590259,381,3177,2,7200,1.11992445703
586872,587106,590261,234,3155,2,7200,1.07416798732
586899,587113,590088,214,2975,2,7200,1.07193277311
587039,587162,590266,123,3104,2,7200,1.03962628866
587073,587198,590440,125,3242,2,7200,1.03855644664
587098,587216,590234,118,3018,2,7200,1.03909874089
587099,587223,590258,124,3035,2,7200,1.04085667216
587151,587261,590303,110,3042,2,7200,1.03616042078
587187,587274,590052,87,2778,2,7200,1.0313174946
587205,587282,590025,77,2743,2,7200,1.02807145461
587221,587297,590519,76,3222,2,7200,1.02358783364
587251,587323,590596,72,3273,2,7200,1.02199816682
587266,587334,590611,68,3277,2,7200,1.0207506866
587281,587458,590635,177,3177,2,7200,1.05571293673
587297,587497,590650,200,3153,2,7200,1.06343165239
587312,587536,590200,224,2664,2,7200,1.08408408408
587327,587577,590701,250,3124,2,7200,1.08002560819
587448,587605,590581,157,2976,2,7200,1.05275537634
587488,587664,590724,176,3060,2,7200,1.05751633987
587527,587743,590706,216,2963,2,7200,1.07289908876
587567,587783,590865,216,3082,2,7200,1.0700843608
587595,587795,590676,200,2881,2,7200,1.06942034016
587656,587818,590896,162,3078,2,7200,1.05263157895
587732,587904,591239,172,3335,2,7200,1.05157421289
587775,587954,590853,179,2899,2,7200,1.06174542946
587790,587961,591026,171,3065,2,7200,1.05579119086
587808,587967,591505,159,3538,2,7200,1.04494064443
587894,587976,591026,82,3050,2,7200,1.0268852459
587942,588060,591025,118,2965,2,7200,1.03979763912
587958,588096,591066,138,2970,2,7200,1.04646464646
587959,588105,591284,146,3179,2,7200,1.04592639195
587974,588114,590980,140,2866,2,7200,1.04884856943
588047,588144,591414,97,3270,2,7200,1.02966360856
588087,588235,591411,148,3176,2,7200,1.04659949622
588103,588297,591198,194,2901,2,7200,1.0668734919
588104,588369,591392,265,3023,2,7200,1.08766126365
588135,588547,591607,412,3060,2,7200,1.13464052288
588226,588592,591684,366,3092,2,7200,1.11836998706
588287,588662,591808,375,3146,2,7200,1.11919898284
588357,588670,591791,313,3121,2,7200,1.10028836911
588537,588700,591938,163,3238,2,7200,1.05033971587
588582,588707,591853,125,3146,2,7200,1.03973299428
588652,588788,591740,136,2952,2,7200,1.0460704607
588668,588795,592050,127,3255,2,7200,1.03901689708
588689,588854,591879,165,3025,2,7200,1.05454545455
588707,588923,591953,216,3030,2,7200,1.07128712871
588781,588949,592045,168,3096,2,7200,1.05426356589
588797,588973,591968,176,2995,2,7200,1.05876460768
588842,589025,592026,183,3001,2,7200,1.06097967344
588912,589079,592267,167,3188,2,7200,1.05238393977
588940,589100,592179,160,3079,2,7200,1.05196492368
588964,589334,592560,370,3226,2,7200,1.11469311841
589016,589370,592551,354,3181,2,7200,1.1112857592
589071,589404,592465,333,3061,2,7200,1.10878797779
589089,589457,592526,368,3069,2,7200,1.11990876507
589326,589470,592645,144,3175,2,7200,1.04535433071
589359,589476,592524,117,3048,2,7200,1.03838582677
589396,589646,592629,250,2983,2,7200,1.08380824673
589449,589678,592664,229,2986,2,7200,1.07669122572
589464,589685,592897,221,3212,2,7200,1.06880448319
589465,589767,592815,302,3048,2,7200,1.09908136483
589635,589793,592655,158,2862,2,7200,1.05520614955
589669,589826,593102,157,3276,2,7200,1.04792429792
589684,589984,593008,300,3024,2,7200,1.09920634921
589757,590039,592992,282,2953,2,7200,1.09549610566
589781,590044,593165,263,3121,2,7200,1.08426786286
589815,590050,593188,235,3138,2,7200,1.07488846399
589973,590057,593193,84,3136,2,7200,1.02678571429
590028,590064,593104,36,3040,2,7200,1.01184210526
590030,590099,593054,69,2955,2,7200,1.02335025381
590046,590212,593370,166,3158,2,7200,1.0525649145
590061,590245,593127,184,2882,2,7200,1.06384455239
590063,590270,593421,207,3151,2,7200,1.06569343066
590090,590276,593437,186,3161,2,7200,1.05884213856
590200,590282,593339,82,3057,2,7200,1.02682368335
590236,590288,593161,52,2873,2,7200,1.01809954751
590261,590315,593304,54,2989,2,7200,1.01806624289
590263,590451,593674,188,3223,2,7200,1.05833074775
590264,590530,593733,266,3203,2,7200,1.0830471433
590279,590593,593680,314,3087,2,7200,1.10171687723
590304,590613,593847,309,3234,2,7200,1.09554730983
590440,590624,593694,184,3070,2,7200,1.05993485342
590517,590646,593847,129,3201,2,7200,1.04029990628
590584,590662,593839,78,3177,2,7200,1.02455146364
590599,590688,593745,89,3057,2,7200,1.02911350998
590615,590713,593815,98,3102,2,7200,1.03159252095
590636,590719,593727,83,3008,2,7200,1.02759308511
590652,590736,593843,84,3107,2,7200,1.02703572578
590679,590864,594128,185,3264,2,7200,1.05667892157
590704,590877,593869,173,2992,2,7200,1.05782085561
590719,590908,593959,189,3051,2,7200,1.06194690265
590734,590992,593962,258,2970,2,7200,1.08686868687
590856,591036,594198,180,3162,2,7200,1.0569259962
590871,591043,594434,172,3391,2,7200,1.05072250074
590898,591048,594522,150,3474,2,7200,1.04317789292
590980,591077,594212,97,3135,2,7200,1.03094098884
591026,591209,594445,183,3236,2,7200,1.0565512979
591028,591251,594409,223,3158,2,7200,1.07061431286
591029,591297,594632,268,3335,2,7200,1.08035982009
591069,591404,594572,335,3168,2,7200,1.10574494949
591199,591423,594581,224,3158,2,7200,1.07093096897
591242,591430,594498,188,3068,2,7200,1.06127770535
591285,591518,594387,233,2869,2,7200,1.08121296619
591394,591620,594807,226,3187,2,7200,1.07091308441
591413,591695,595011,282,3316,2,7200,1.08504221954
591428,591751,594789,323,3038,2,7200,1.10631994733
591507,591802,595232,295,3430,2,7200,1.0860058309
591610,591820,594850,210,3030,2,7200,1.06930693069
591686,591865,595261,179,3396,2,7200,1.05270906949
591741,591891,594876,150,2985,2,7200,1.05025125628
591793,591950,594887,157,2937,2,7200,1.05345590739
591811,591967,595070,156,3103,2,7200,1.05027392846
591854,591979,595241,125,3262,2,7200,1.03832004905
591882,592037,595293,155,3256,2,7200,1.0476044226
591939,592056,595019,117,2963,2,7200,1.03948700641
591954,592063,595129,109,3066,2,7200,1.03555120678
591970,592190,595066,220,2876,2,7200,1.07649513213
592028,592279,595324,251,3045,2,7200,1.08243021346
592046,592476,595680,430,3204,2,7200,1.13420724095
592061,592535,595410,474,2875,2,7200,1.16486956522
592179,592542,595311,363,2769,2,7200,1.13109425785
592268,592563,596019,295,3456,2,7200,1.0853587963
592465,592572,595592,107,3020,2,7200,1.03543046358
592523,592641,595487,118,2846,2,7200,1.04146170063
592538,592656,595570,118,2914,2,7200,1.04049416609
592554,592667,595741,113,3074,2,7200,1.03675992193
592569,592676,595883,107,3207,2,7200,1.03336451512
592629,592827,596038,198,3211,2,7200,1.06166303332
592648,592908,595958,260,3050,2,7200,1.08524590164
592663,593003,595994,340,2991,2,7200,1.1136743564
592678,593020,596080,342,3060,2,7200,1.11176470588
592818,593065,596110,247,3045,2,7200,1.08111658456
592900,593114,596350,214,3236,2,7200,1.06613102596
592991,593121,595971,130,2850,2,7200,1.04561403509
593009,593138,596357,129,3219,2,7200,1.04007455732
593055,593174,596018,119,2844,2,7200,1.04184247539
593104,593180,596362,76,3182,2,7200,1.02388434947
593105,593199,596066,94,2867,2,7200,1.03278688525
593127,593207,596312,80,3105,2,7200,1.02576489533
593164,593315,596280,151,2965,2,7200,1.05092748735
593179,593350,596667,171,3317,2,7200,1.05155260778
593194,593382,596511,188,3129,2,7200,1.06008309364
593196,593434,596384,238,2950,2,7200,1.0806779661
593305,593448,596361,143,2913,2,7200,1.04909028493
593339,593686,596964,347,3278,2,7200,1.10585723002
593372,593693,596726,321,3033,2,7200,1.10583580613
593421,593706,596902,285,3196,2,7200,1.08917396746
593439,593738,596855,299,3117,2,7200,1.09592556946
593677,593746,596767,69,3021,2,7200,1.02284011917
593692,593757,596772,65,3015,2,7200,1.02155887231
593707,593826,596710,119,2884,2,7200,1.04126213592
593729,593851,596895,122,3044,2,7200,1.04007884363
593746,593857,596811,111,2954,2,7200,1.03757616791
593747,593864,596903,117,3039,2,7200,1.03849950642
593818,593869,597080,51,3211,2,7200,1.01588290252
593839,593882,596974,43,3092,2,7200,1.0139068564
593855,593973,597210,118,3237,2,7200,1.03645350633
593856,593979,597146,123,3167,2,7200,1.03883801705
593858,594140,597134,282,2994,2,7200,1.09418837675
593873,594211,597286,338,3075,2,7200,1.10991869919
593961,594224,597173,263,2949,2,7200,1.08918277382
593962,594399,597511,437,3112,2,7200,1.14042416452
594130,594421,597437,291,3016,2,7200,1.09648541114
594200,594450,597561,250,3111,2,7200,1.08036001286
594215,594456,597630,241,3174,2,7200,1.07592942659
594389,594509,597610,120,3101,2,7200,1.03869719445
594410,594533,597531,123,2998,2,7200,1.04102735157
594435,594584,597655,149,3071,2,7200,1.04851839792
594450,594593,597790,143,3197,2,7200,1.04472943384
594499,594644,597583,145,2939,2,7200,1.04933650902
594523,594801,598185,278,3384,2,7200,1.08215130024
594572,594819,597798,247,2979,2,7200,1.08291372944
594587,594862,597859,275,2997,2,7200,1.09175842509
594633,594888,597772,255,2884,2,7200,1.08841886269
594791,594898,597851,107,2953,2,7200,1.03623433796
594809,595022,598263,213,3241,2,7200,1.06572045665
594852,595035,598049,183,3014,2,7200,1.06071665561
594877,595077,598042,200,2965,2,7200,1.06745362563
594892,595085,598129,193,3044,2,7200,1.06340341656
595014,595141,598151,127,3010,2,7200,1.04219269103
595029,595243,598497,214,3254,2,7200,1.06576521205
595069,595252,598076,183,2824,2,7200,1.06480169972
595084,595272,598506,188,3234,2,7200,1.05813234385
595126,595305,598676,179,3371,2,7200,1.05309997034
595233,595323,598390,90,3067,2,7200,1.02934463645
595248,595336,598472,88,3136,2,7200,1.02806122449
595263,595421,598583,158,3162,2,7200,1.04996837445
595294,595499,598607,205,3108,2,7200,1.06595881596
595312,595581,598370,269,2789,2,7200,1.09645034062
595328,595604,598750,276,3146,2,7200,1.08773045137
595413,595692,598705,279,3013,2,7200,1.0925987388
595489,595752,598903,263,3151,2,7200,1.08346556649
595571,595894,599145,323,3251,2,7200,1.09935404491
595592,595971,598950,379,2979,2,7200,1.12722390064
595681,595982,599031,301,3049,2,7200,1.0987208921
595738,596005,599227,267,3222,2,7200,1.08286778399
595884,596034,599097,150,3063,2,7200,1.04897159647
595960,596041,599157,81,3116,2,7200,1.02599486521
595976,596051,599033,75,2982,2,7200,1.02515090543
595997,596079,599154,82,3075,2,7200,1.02666666667
596019,596092,599256,73,3164,2,7200,1.02307206068
596020,596121,598949,101,2828,2,7200,1.03571428571
596039,596293,599308,254,3015,2,7200,1.08424543947
596067,596324,599502,257,3178,2,7200,1.08086847074
596082,596361,599486,279,3125,2,7200,1.08928
596113,596368,599628,255,3260,2,7200,1.0782208589
596283,596375,599225,92,2850,2,7200,1.03228070175
596314,596380,599200,66,2820,2,7200,1.02340425532
596350,596395,599622,45,3227,2,7200,1.01394484041
596366,596523,599732,157,3209,2,7200,1.04892489872
596368,596679,599747,311,3068,2,7200,1.10136897001
596369,596723,599799,354,3076,2,7200,1.11508452536
596385,596737,599708,352,2971,2,7200,1.11847862673
596512,596778,599632,266,2854,2,7200,1.09320252278
596597,627562,629562,30965,2000,12,21600,16.4825
596667,596785,599761,118,2976,2,7200,1.03965053763
596713,596823,599901,110,3078,2,7200,1.03573749188
596728,596867,599889,139,3022,2,7200,1.04599602912
596768,596907,599817,139,2910,2,7200,1.04776632302
596783,596914,600141,131,3227,2,7200,1.04059497986
596814,596921,600090,107,3169,2,7200,1.03376459451
596857,596976,600353,119,3377,2,7200,1.03523837726
596897,596987,599944,90,2957,2,7200,1.03043625296
596912,597093,600212,181,3119,2,7200,1.05803142033
596913,597145,600246,232,3101,2,7200,1.07481457594
596965,597157,600242,192,3085,2,7200,1.06223662885
596981,597185,600215,204,3030,2,7200,1.06732673267
597081,597221,600357,140,3136,2,7200,1.04464285714
597136,597261,600264,125,3003,2,7200,1.04162504163
597151,597266,600276,115,3010,2,7200,1.03820598007
597176,597297,600551,121,3254,2,7200,1.03718500307
597212,597448,600871,236,3423,2,7200,1.06894536956
597289,597522,600714,233,3192,2,7200,1.07299498747
597438,597543,600468,105,2925,2,7200,1.0358974359
597514,597572,600535,58,2963,2,7200,1.01957475532
597532,597595,600683,63,3088,2,7200,1.0204015544
597563,597622,600728,59,3106,2,7200,1.01899549259
597584,597642,600950,58,3308,2,7200,1.01753325272
597612,597667,600580,55,2913,2,7200,1.01888087882
597630,597784,601001,154,3217,2,7200,1.04787068698
597655,597803,601006,148,3203,2,7200,1.04620668124
597774,597809,601187,35,3378,2,7200,1.01036116045
597792,597863,601085,71,3222,2,7200,1.02203600248
597807,597871,601020,64,3149,2,7200,1.02032391235
597850,598053,601124,203,3071,2,7200,1.06610224683
597865,598061,601134,196,3073,2,7200,1.06378132118
598044,598087,601289,43,3202,2,7200,1.01342910681
598059,598142,601090,83,2948,2,7200,1.02815468114
598078,598163,601318,85,3155,2,7200,1.02694136292
598130,598196,601335,66,3139,2,7200,1.0210258044
598151,598275,601358,124,3083,2,7200,1.04022056439
598188,598381,601469,193,3088,2,7200,1.0625
598264,598402,601554,138,3152,2,7200,1.04378172589
598370,598484,601553,114,3069,2,7200,1.03714565005
598392,598508,601729,116,3221,2,7200,1.03601366035
598474,598518,601467,44,2949,2,7200,1.01492031197
598498,598595,601619,97,3024,2,7200,1.03207671958
598514,598618,601689,104,3071,2,7200,1.03386519049
598581,598689,601911,108,3222,2,7200,1.03351955307
598608,598719,601704,111,2985,2,7200,1.03718592965
598678,598765,601821,87,3056,2,7200,1.02846858639
598706,598914,601971,208,3057,2,7200,1.06804056264
598752,598960,601978,208,3018,2,7200,1.06891981445
598904,598968,601957,64,2989,2,7200,1.02141184343
598950,599043,602294,93,3251,2,7200,1.02860658259
598951,599049,602245,98,3196,2,7200,1.03066332916
599031,599109,602331,78,3222,2,7200,1.02420856611
599046,599156,602441,110,3285,2,7200,1.03348554033
599098,599167,602342,69,3175,2,7200,1.02173228346
599147,599179,602318,32,3139,2,7200,1.0101943294
599162,599212,602330,50,3118,2,7200,1.01603592046
599164,599236,602452,72,3216,2,7200,1.0223880597
599200,599243,602605,43,3362,2,7200,1.01279000595
599228,599269,602563,41,3294,2,7200,1.0124468731
599229,599320,602270,91,2950,2,7200,1.03084745763
599257,599499,602628,242,3129,2,7200,1.07734100352
599309,599513,602689,204,3176,2,7200,1.06423173804
599490,599633,602464,143,2831,2,7200,1.05051218651
599505,599641,602888,136,3247,2,7200,1.04188481675
599624,599648,602673,24,3025,2,7200,1.0079338843
599639,599720,602903,81,3183,2,7200,1.02544769086
599641,599743,602965,102,3222,2,7200,1.03165735568
599708,599758,602842,50,3084,2,7200,1.01621271077
599732,599773,602726,41,2953,2,7200,1.01388418557
599748,599811,603091,63,3280,2,7200,1.01920731707
599763,599828,602849,65,3021,2,7200,1.02151605429
599800,599901,602969,101,3068,2,7200,1.03292046936
599818,599912,602956,94,3044,2,7200,1.0308804205
599891,599956,603150,65,3194,2,7200,1.02035065748
599906,600103,603182,197,3079,2,7200,1.06398181228
599945,600154,603046,209,2892,2,7200,1.07226832642
600091,600224,603105,133,2881,2,7200,1.04616452621
600143,600230,603400,87,3170,2,7200,1.02744479495
600214,600254,603407,40,3153,2,7200,1.01268633048
600229,600260,603371,31,3111,2,7200,1.00996464159
600244,600275,603342,31,3067,2,7200,1.010107597
600259,600289,603455,30,3166,2,7200,1.00947567909
600275,600365,603291,90,2926,2,7200,1.03075871497
600290,600372,603514,82,3142,2,7200,1.02609802673
600355,600480,603676,125,3196,2,7200,1.03911138924
600370,600547,603770,177,3223,2,7200,1.05491777847
600470,600564,603771,94,3207,2,7200,1.02931088244
600537,600592,603853,55,3261,2,7200,1.01686599203
600552,600694,603819,142,3125,2,7200,1.04544
600583,600726,603952,143,3226,2,7200,1.04432734036
600684,600739,603934,55,3195,2,7200,1.0172143975
600714,600884,603775,170,2891,2,7200,1.05880318229
600730,600961,604181,231,3220,2,7200,1.07173913043
600873,601013,604119,140,3106,2,7200,1.04507405023
600952,601020,604056,68,3036,2,7200,1.02239789196
601004,601033,604124,29,3091,2,7200,1.009382077
601020,601097,603822,77,2725,2,7200,1.02825688073
601022,601103,603820,81,2717,2,7200,1.02981229297
601086,601135,604180,49,3045,2,7200,1.01609195402
601101,601145,604199,44,3054,2,7200,1.01440733464
601122,601199,604341,77,3142,2,7200,1.02450668364
601138,601300,604272,162,2972,2,7200,1.05450874832
601190,601329,604294,139,2965,2,7200,1.04688026981
601290,601347,604366,57,3019,2,7200,1.01888042398
601321,601369,604677,48,3308,2,7200,1.01451027811
601336,601478,604405,142,2927,2,7200,1.04851383669
601360,601486,604667,126,3181,2,7200,1.03961018548
601464,601565,604735,101,3170,2,7200,1.03186119874
601480,601572,604696,92,3124,2,7200,1.02944942382
601556,601630,604568,74,2938,2,7200,1.02518720218
601558,601701,604923,143,3222,2,7200,1.0443823712
601619,601716,605001,97,3285,2,7200,1.0295281583
601689,601742,604766,53,3024,2,7200,1.01752645503
601704,601833,605134,129,3301,2,7200,1.03907906695
601732,601923,604709,191,2786,2,7200,1.06855707107
601823,601970,605113,147,3143,2,7200,1.04677060134
601911,601982,605106,71,3124,2,7200,1.02272727273
601960,601989,605048,29,3059,2,7200,1.00948022229
601976,602256,605443,280,3187,2,7200,1.08785691873
601991,602281,605353,290,3072,2,7200,1.09440104167
602189,603508,603515,1319,7,1,600,132.6
602246,602306,605670,60,3364,2,7200,1.01783590963
602252,603520,603527,1268,7,1,600,127.5
602271,602334,605308,63,2974,2,7200,1.02118359112
602295,602341,605376,46,3035,2,7200,1.01515650741
602320,602349,605367,29,3018,2,7200,1.00960901259
602336,602355,605354,19,2999,2,7200,1.00633544515
602337,602455,605519,118,3064,2,7200,1.03851174935
602352,602463,605535,111,3072,2,7200,1.0361328125
602373,603525,603533,1152,8,1,600,116.0
602422,603665,607368,1243,3703,8,3600,1.33567377802
602436,603536,603537,1100,1,1,600,110.1
602439,603548,603572,1109,24,1,600,47.2083333333
602444,602475,605388,31,2913,2,7200,1.01064194988
602459,602574,605585,115,3011,2,7200,1.03819329127
602474,602616,605676,142,3060,2,7200,1.04640522876
602500,603554,603566,1054,12,1,600,88.8333333333
602502,603559,603560,1057,1,1,600,105.8
602503,603564,603586,1061,22,1,600,49.2272727273
602562,602639,605704,77,3065,2,7200,1.0251223491
602566,603575,603583,1009,8,1,600,101.7
602608,602685,605803,77,3118,2,7200,1.02469531751
602630,602700,605708,70,3008,2,7200,1.0232712766
602676,602738,605768,62,3030,2,7200,1.0204620462
602688,603582,603589,894,7,1,600,90.1
602689,603587,603588,898,1,1,600,89.9
602690,603592,603593,902,1,1,600,90.3
602691,602860,605843,169,2983,2,7200,1.05665437479
602692,603598,603625,906,27,1,600,34.5555555556
602728,602905,605833,177,2928,2,7200,1.06045081967
602753,603603,603604,850,1,1,600,85.1
602754,603608,603621,854,13,1,600,66.6923076923
602843,602915,605889,72,2974,2,7200,1.02420981843
602858,603083,606176,225,3093,2,7200,1.07274490786
602889,603134,606369,245,3235,2,7200,1.07573415765
602904,603139,606283,235,3144,2,7200,1.07474554707
602936,603621,603627,685,6,1,600,69.1
602937,603626,603632,689,6,1,600,69.5
602939,603632,603660,693,28,1,600,25.75
602959,603185,606303,226,3118,2,7200,1.07248236049
602975,603204,606334,229,3130,2,7200,1.0731629393
602976,603313,606399,337,3086,2,7200,1.10920285159
603000,603637,603645,637,8,1,600,64.5
603002,603642,603646,640,4,1,600,64.4
603050,603423,606308,373,2885,2,7200,1.12928942808
603064,603653,603654,589,1,1,600,59.0
603066,603671,603677,605,6,1,600,61.1
603067,603677,603693,610,16,1,600,39.125
603070,603705,603719,635,14,1,600,46.3571428571
603071,603712,603717,641,5,1,600,64.6
603073,603730,603734,657,4,1,600,66.1
603074,603737,603758,663,21,1,600,32.5714285714
603075,603747,603779,672,32,1,600,22.0
603077,603770,603780,693,10,1,600,70.3
603078,603783,603794,705,11,1,600,65.0909090909
603079,603788,603795,709,7,1,600,71.6
603081,603801,603808,720,7,1,600,72.7
603082,603806,603807,724,1,1,600,72.5
603083,603818,603825,735,7,1,600,74.2
603085,603824,603830,739,6,1,600,74.5
603092,603463,606563,371,3100,2,7200,1.11967741935
603108,603469,606602,361,3133,2,7200,1.11522502394
603146,603829,603836,683,7,1,600,69.0
603148,603836,603852,688,16,1,600,44.0
603149,603841,603848,692,7,1,600,69.9
603151,603847,603848,696,1,1,600,69.7
603151,603688,606618,537,2930,2,7200,1.18327645051
603152,603852,603873,700,21,1,600,34.3333333333
603153,603857,603882,704,25,1,600,29.16
603155,603863,603894,708,31,1,600,23.8387096774
603184,603793,606992,609,3199,2,7200,1.19037199125
603216,603868,603878,652,10,1,600,66.2
603217,603875,603876,658,1,1,600,65.9
603219,603880,603915,661,35,1,600,19.8857142857
603220,603886,603909,666,23,1,600,29.9565217391
603221,603891,603900,670,9,1,600,67.9
603223,603896,603897,673,1,1,600,67.4
603224,603902,603909,678,7,1,600,68.5
603225,603914,603920,689,6,1,600,69.5
603227,603919,603920,692,1,1,600,69.3
603228,603925,603931,697,6,1,600,70.3
603229,603930,603938,701,8,1,600,70.9
603231,603936,603949,705,13,1,600,55.2307692308
603292,603941,603948,649,7,1,600,65.6
603293,603946,603953,653,7,1,600,66.0
603294,603812,606975,518,3163,2,7200,1.16376857414
603295,603953,603958,658,5,1,600,66.3
603296,603958,604010,662,52,1,600,13.7307692308
603297,603964,603970,667,6,1,600,67.3
603299,603969,603970,670,1,1,600,67.1
603300,603974,604003,674,29,1,600,24.2413793103
603303,603985,603994,682,9,1,600,69.1
603343,603907,606868,564,2961,2,7200,1.19047619048
603364,603990,603991,626,1,1,600,62.7
603366,604003,604007,637,4,1,600,64.1
603367,604008,604009,641,1,1,600,64.2
603368,604013,604023,645,10,1,600,65.5
603370,604019,604025,649,6,1,600,65.5
603371,604024,604029,653,5,1,600,65.8
603373,604029,604036,656,7,1,600,66.3
603374,604035,604043,661,8,1,600,66.9
603374,603996,607268,622,3272,2,7200,1.19009779951
603375,604040,604067,665,27,1,600,25.6296296296
603402,604051,606883,649,2832,2,7200,1.22916666667
603417,604156,607066,739,2910,2,7200,1.25395189003
603437,604058,604059,621,1,1,600,62.2
603438,604063,604068,625,5,1,600,63.0
603440,604069,604076,629,7,1,600,63.6
603441,604074,604081,633,7,1,600,64.0
603442,604079,604086,637,7,1,600,64.4
603444,604085,604092,641,7,1,600,64.8
603445,604090,604113,645,23,1,600,29.0434782609
603446,604095,604107,649,12,1,600,55.0833333333
603449,604106,604111,657,5,1,600,66.2
603450,604113,604121,663,8,1,600,67.1
603452,604118,604152,666,34,1,600,20.5882352941
603453,604124,604145,671,21,1,600,32.9523809524
603454,604129,604134,675,5,1,600,68.0
603457,604211,607468,754,3257,2,7200,1.23150138164
603516,604134,604135,618,1,1,600,61.9
603518,604217,607469,699,3252,2,7200,1.21494464945
603519,604145,604535,626,390,1,600,2.60512820513
603521,604163,604175,642,12,1,600,54.5
603523,604168,604184,645,16,1,600,41.3125
603524,604174,604179,650,5,1,600,65.5
603526,604179,604184,653,5,1,600,65.8
603527,604184,604189,657,5,1,600,66.2
603590,604195,604211,605,16,1,600,38.8125
603592,604200,604201,608,1,1,600,60.9
603593,604206,604210,613,4,1,600,61.7
603596,604235,604260,639,25,1,600,26.56
603597,604240,604250,643,10,1,600,65.3
603599,604246,604249,647,3,1,600,65.0
603600,604251,604256,651,5,1,600,65.6
603601,604256,604257,655,1,1,600,65.6
603603,604262,604292,659,30,1,600,22.9666666667
603604,604267,604274,663,7,1,600,67.0
603605,604272,604280,667,8,1,600,67.5
603607,604278,604329,671,51,1,600,14.1568627451
603608,604283,604298,675,15,1,600,46.0
603610,604301,604302,691,1,1,600,69.2
603674,604317,604322,643,5,1,600,64.8
603675,604323,604329,648,6,1,600,65.4
603677,604328,604334,651,6,1,600,65.7
603678,604333,604334,655,1,1,600,65.6
603679,604289,607659,610,3370,2,7200,1.18100890208
603679,604339,604345,660,6,1,600,66.6
603681,604362,604677,681,315,1,600,3.1619047619
603682,604417,604424,735,7,1,600,74.2
603683,604436,604448,753,12,1,600,63.75
603685,604459,604477,774,18,1,600,44.0
603746,604488,604526,742,38,1,600,20.5263157895
603747,604537,604632,790,95,1,600,9.31578947368
603749,604546,604547,797,1,1,600,79.8
603750,604558,604569,808,11,1,600,74.4545454545
603751,604580,604587,829,7,1,600,83.6
603771,604294,607533,523,3239,2,7200,1.16146958938
603772,604350,607449,578,3099,2,7200,1.18651177799
603787,604368,607488,581,3120,2,7200,1.18621794872
603813,604585,604587,772,2,1,600,77.4
603814,604592,604597,778,5,1,600,78.3
603816,604598,604606,782,8,1,600,79.0
603817,604604,604611,787,7,1,600,79.4
603818,604610,604628,792,18,1,600,45.0
603821,604624,604661,803,37,1,600,22.7027027027
603822,604377,607526,555,3149,2,7200,1.17624642744
603823,604422,607335,599,2913,2,7200,1.20562993478
603838,604766,607728,928,2962,2,7200,1.31330182309
603853,604772,607900,919,3128,2,7200,1.29379795396
603882,604631,604640,749,9,1,600,75.8
603884,604641,604646,757,5,1,600,76.2
603885,604648,604653,763,5,1,600,76.8
603886,604655,604660,769,5,1,600,77.4
603888,604662,605055,774,393,1,600,2.96946564885
603889,604668,604669,779,1,1,600,78.0
603890,604676,604686,786,10,1,600,79.6
603892,604681,604687,789,6,1,600,79.5
603893,604688,604689,795,1,1,600,79.6
603894,604693,604758,799,65,1,600,13.2923076923
603936,604822,607952,886,3130,2,7200,1.28306709265
603954,604828,608158,874,3330,2,7200,1.26246246246
603957,604706,604724,749,18,1,600,42.6111111111
603958,604711,604716,753,5,1,600,75.8
603961,604722,604731,761,9,1,600,77.0
603962,604727,604728,765,1,1,600,76.6
603964,604734,604739,770,5,1,600,77.5
603965,604739,604760,774,21,1,600,37.8571428571
603966,604745,604750,779,5,1,600,78.4
603968,604779,604807,811,28,1,600,29.9642857143
603969,604785,604788,816,3,1,600,81.9
603971,604790,604809,819,19,1,600,44.1052631579
603972,604795,604848,823,53,1,600,16.5283018868
603973,604801,604806,828,5,1,600,83.3
604035,604806,604829,771,23,1,600,34.5217391304
604036,604811,604827,775,16,1,600,49.4375
604037,604817,604838,780,21,1,600,38.1428571429
604039,604835,604848,796,13,1,600,62.2307692308
604040,604840,604847,800,7,1,600,80.7
604042,604846,604851,804,5,1,600,80.9
604043,604851,604857,808,6,1,600,81.4
604044,604858,604866,814,8,1,600,82.2
604046,604863,604864,817,1,1,600,81.8
604047,604868,604869,821,1,1,600,82.2
604048,604880,604881,832,1,1,600,83.3
604051,604891,604904,840,13,1,600,65.6153846154
604052,604896,604903,844,7,1,600,85.1
604058,604989,608156,931,3167,2,7200,1.29396905589
604114,604901,604902,787,1,1,600,78.8
604116,604912,604913,796,1,1,600,79.7
604118,604917,604918,799,1,1,600,80.0
604119,604924,604931,805,7,1,600,81.2
604121,604929,604942,808,13,1,600,63.1538461538
604122,605176,608048,1054,2872,2,7200,1.36699164345
604123,604940,604946,817,6,1,600,82.3
604125,604945,604952,820,7,1,600,82.7
604126,604950,604957,824,7,1,600,83.1
604127,604956,604961,829,5,1,600,83.4
604137,605262,608256,1125,2994,2,7200,1.37575150301
604184,605408,608325,1224,2917,2,7200,1.41960918752
604185,605517,608813,1332,3296,2,7200,1.40412621359
604190,604968,604976,778,8,1,600,78.6
604192,604973,604974,781,1,1,600,78.2
604193,604979,604983,786,4,1,600,79.0
604194,604984,604994,790,10,1,600,80.0
604196,604996,605001,800,5,1,600,80.5
604197,605001,605002,804,1,1,600,80.5
604199,605006,605007,807,1,1,600,80.8
604200,605522,608645,1322,3123,2,7200,1.42331091899
604200,605011,605012,811,1,1,600,81.2
604202,605017,605018,815,1,1,600,81.6
604203,605022,605041,819,19,1,600,44.1052631579
604204,605027,605041,823,14,1,600,59.7857142857
604206,605035,605041,829,6,1,600,83.5
604207,605040,605052,833,12,1,600,70.4166666667
604268,605046,605053,778,7,1,600,78.5
604270,605051,605069,781,18,1,600,44.3888888889
604271,605056,605077,785,21,1,600,38.380952381
604272,605061,605068,789,7,1,600,79.6
604273,605765,608769,1492,3004,2,7200,1.49667110519
604274,605067,605076,793,9,1,600,80.2
604278,605084,605092,806,8,1,600,81.4
604279,605090,605101,811,11,1,600,74.7272727273
604295,605770,608817,1475,3047,2,7200,1.4840827043
604341,605095,605099,754,4,1,600,75.8
604342,605100,605103,758,3,1,600,76.1
604343,605105,605112,762,7,1,600,76.9
604344,606113,609193,1769,3080,2,7200,1.57435064935
604345,605111,605121,766,10,1,600,77.6
604346,605116,605123,770,7,1,600,77.7
604347,605123,605130,776,7,1,600,78.3
604349,605128,605129,779,1,1,600,78.0
604350,605134,605139,784,5,1,600,78.9
604351,605139,605147,788,8,1,600,79.6
604353,605144,605153,791,9,1,600,80.0
604354,605149,605159,795,10,1,600,80.5
604355,605155,605167,800,12,1,600,67.6666666667
604368,606118,609398,1750,3280,2,7200,1.53353658537
604408,606123,609101,1715,2978,2,7200,1.57588985897
604477,605160,605164,683,4,1,600,68.7
604478,605165,605170,687,5,1,600,69.2
604541,605183,605251,642,68,1,600,10.4411764706
604543,605188,605189,645,1,1,600,64.6
604569,606129,609222,1560,3093,2,7200,1.50436469447
604605,605199,605205,594,6,1,600,60.0
604607,605204,605212,597,8,1,600,60.5
604608,605209,605215,601,6,1,600,60.7
604609,605215,605220,606,5,1,600,61.1
604670,606489,609812,1819,3323,2,7200,1.54739693048
604671,605220,605239,549,19,1,600,29.8947368421
604672,605225,605241,553,16,1,600,35.5625
604673,605231,605243,558,12,1,600,47.5
604675,605236,605245,561,9,1,600,57.0
604676,605241,605247,565,6,1,600,57.1
604677,605247,605248,570,1,1,600,57.1
604679,605252,605260,573,8,1,600,58.1
604680,605257,605258,577,1,1,600,57.8
604681,605269,605270,588,1,1,600,58.9
604683,605275,605284,592,9,1,600,60.1
604684,605280,605284,596,4,1,600,60.0
604685,606495,609665,1810,3170,2,7200,1.57097791798
604686,605285,605290,599,5,1,600,60.4
604700,606500,609617,1800,3117,2,7200,1.57747834456
604716,606505,609463,1789,2958,2,7200,1.60480054091
604737,606706,609736,1969,3030,2,7200,1.6498349835
604747,605290,605306,543,16,1,600,34.9375
604748,605296,605356,548,60,1,600,10.1333333333
604750,605301,605326,551,25,1,600,23.04
604751,605306,605315,555,9,1,600,56.4
604752,605312,605316,560,4,1,600,56.4
604754,605317,605341,563,24,1,600,24.4583333333
604755,605322,605328,567,6,1,600,57.3
604756,605327,605334,571,7,1,600,57.8
604759,605338,605345,579,7,1,600,58.6
604760,605345,605352,585,7,1,600,59.2
604768,606712,609974,1944,3262,2,7200,1.59595340282
